Raster_benchmarking/Raster/continuous/raster-7.asc
NCOLS 100
NROWS 100
XLLCORNER 1743165.0832194244
YLLCORNER 5469289.560913433
CELLSIZE 10
NODATA_VALUE -9999
[rows 76 to 94 of 100, columns 43 to 85 of 100]
0.43317855016353946 0.4403229732209594 0.4480343264226504 0.43896550418713276 0.44525483396483434 0.43338220911082026 0.42436046520264986 0.42539994042560364 0.471111372303633 0.49325053063668695 0.5063547911055846 0.5365051462094906 0.539959776106311 0.5734157044475557 0.5568022281091413 0.5219706828308978 0.5277218558067582 0.5443684759318195 0.533935375206293 0.543703691783185 0.5239320042565646 0.536124331299481 0.517774338107815 0.5387262381448203 0.5549128855457259 0.5545662032953913 0.5762894215706823 0.586193552300223 0.5973833309665502 0.5753941317683388 0.5953601159624167 0.631087593790768 0.6319068881301901 0.634564875035711 0.6251508726576085 0.6459984504685297 0.6444001543326439 0.6488044592519618 0.6346983345205406 0.6286181435288588 0.6403519019113056 0.6547695815274814 0.6726655153152598
0.37287544060522354 0.4206987298251152 0.44055437392241253 0.4434454036027453 0.43280170414831737 0.4607467897752587 0.4510458332092272 0.4389035824224733 0.47259466384529664 0.49638202198138753 0.5174946128544605 0.5516306901144937 0.5524898961623779 0.5471709709019589 0.5202690162525238 0.5168564087708912 0.5266289343907609 0.5092695200788837 0.5347974752806814 0.524690341516008 0.5074466695936328 0.5183930523550359 0.5145090741781204 0.5514435958159805 0.5600112681795131 0.5797379769769178 0.5771762146431081 0.5498812119935381 0.5618752059948922 0.5677301690153318 0.5920597039124057 0.5922611889020627 0.6224099490491725 0.6145115921107625 0.6311800344917072 0.6187214047355702 0.64166990692217 0.627020820740527 0.6362878878258522 0.6096457370626678 0.643404333500265 0.6656619763312072 0.6577537383716477
0.3446821689878967 0.3669663167464063 0.41552108943880967 0.4124996781661027 0.4387446907132692 0.44491202415705045 0.44957467828944786 0.48070736321474905 0.4889247762325966 0.49456039489906195 0.5129040106081549 0.536442250702027 0.550585955670969 0.5548134399600482 0.513774311488643 0.5231315840428536 0.5081428513988101 0.507654314255419 0.5299954500846433 0.5265599921145521 0.5207930586444377 0.5106399559714495 0.5028488218734817 0.513891911508833 0.5224518151576985 0.56167060211893 0.5593342576930386 0.5735467661313601 0.5658867565055244 0.5571739868788455 0.5822411141067079 0.5919122980827964 0.5986186364280677 0.5840502777112345 0.6258211929559586 0.6170344968662719 0.6037007311645172 0.5992695675181327 0.6125256278861851 0.6277706609715795 0.6250654892082391 0.651341532844404 0.678050754675331
0.31300807108276446 0.3501212897880979 0.4039992455259101 0.38334211038195426 0.42009171817484336 0.43914802730144625 0.4759533814098276 0.47978094697735485 0.48797109709075254 0.5218125718041609 0.5268759801604375 0.5102803342344582 0.5210449482685129 0.5297037730821582 0.5257972068390045 0.5190921886767862 0.5384055335420964 0.5214160468684136 0.5239237581256846 0.5050045194635792 0.5222064993775766 0.49923174403514536 0.514899240648729 0.4846082478664501 0.497512788683615 0.5188672877582924 0.528369440748051 0.5596987209437364 0.5499409860425769 0.5458105788721114 0.5792812749771986 0.5804528151463638 0.5667095584253729 0.5606296587093937 0.5970313987031194 0.6313597438962888 0.6236479478364546 0.608046106416473 0.6129853772738075 0.5918126864368494 0.6273843274128863 0.6140720598292814 0.678571175951305
0.3194747362115704 0.37127413651834185 0.39943054953113816 0.42255379999413517 0.4249400344375875 0.42929124798258456 0.4688820684844588 0.46582540324126137 0.5044862065301453 0.5066018635283465 0.5053882360911468 0.4939664722053381 0.5207862849326088 0.5413889599983506 0.5215894276114373 0.5420729104710232 0.5514941328503675 0.5255129237022799 0.5043734573151758 0.48592160994644523 0.4880496913695211 0.524973761935082 0.5112248272839546 0.48818737271865076 0.516754117338903 0.5181767604119868 0.5442759104876047 0.5603819415302309 0.5375980262232769 0.5521555975769521 0.5743211039896077 0.5854976961246939 0.581035410530394 0.5764115876024738 0.5919657759548046 0.6227430578636229 0.6263347192952899 0.617372660693576 0.6100654364000998 0.6146730206940311 0.6098084621233485 0.637056775851038 0.6587177211564794
0.35294952796119455 0.3727928500082156 0.3913827239698975 0.42524742924858255 0.43754076081077203 0.452632396456798 0.46303102791361195 0.4636548902836361 0.4759246878043444 0.48210812774709605 0.48309080096538537 0.49663459353989226 0.49102451043490986 0.5138764316713565 0.5045861905200955 0.5267381899862192 0.5522929898197448 0.5607247746349144 0.5363822284902825 0.49407404490642093 0.5249381825025917 0.5272700995797234 0.5127939502703023 0.48702296466375083 0.5065575780213619 0.5449669791153863 0.5466044181292383 0.5495758159192822 0.545566174638005 0.559197070266242 0.5591182871181357 0.5469763158095197 0.5798574977655157 0.5906268764404409 0.5880746238496067 0.6060722802284934 0.6058067347134386 0.6446590140951378 0.6156724949725134 0.6471422799668687 0.6167009614163181 0.6059246617165656 0.6607637407527016
0.3395119448853518 0.34860082322036023 0.3713586197919022 0.40785993422654365 0.4232723374539912 0.43598409063061344 0.48113331777661295 0.48239403466768455 0.45800569008835773 0.48732971064479486 0.5019487479922692 0.5152022153483 0.49592687167039134 0.5205047471583375 0.5117635657007363 0.5316524858146785 0.5643188638261858 0.5366872503430289 0.533216086190203 0.5415787312327723 0.5324242001555968 0.5086658227106586 0.5199222977989314 0.5286197476886104 0.5153165812397685 0.5354142146320332 0.5367640275413865 0.5581049454239533 0.5594002812247063 0.560666107922827 0.5421447624783102 0.5725244742380531 0.5562818047197698 0.5752081275854702 0.5856106725490144 0.5896599796838379 0.6190021564580723 0.6138679518042267 0.6275233680973699 0.6217641912557764 0.6219261879506839 0.6368655180557358 0.6712210144407676
0.30985240213485193 0.3298983492536852 0.3730016456230835 0.41649106705010547 0.43302090379623615 0.46057415480592184 0.49051676021352836 0.49487678299204846 0.48792191319531636 0.4500471085250492 0.4829269766182765 0.5024731675483517 0.49256094813658347 0.5186082088788821 0.5284587717782612 0.5512933027322438 0.570217590560158 0.5672798973060262 0.5678739782018891 0.5496086798283107 0.5308191816432267 0.5029206942688154 0.5116325831479303 0.5314922444285027 0.5210392803183909 0.49972595691886423 0.533663567066057 0.560550671394964 0.5717214054960053 0.5715583166966512 0.5918347431123546 0.5647657544739969 0.5633882523905468 0.5695219605355587 0.5853702990622891 0.6187623515642491 0.6164183825995797 0.5972172240650255 0.6374468886781258 0.6511209956146925 0.6624206108765325 0.639662879575891 0.6733655727006733
0.3430992069182705 0.36167588852282645 0.3760198788761202 0.4226236629113172 0.4245754980914012 0.4576027598288897 0.47454771676295787 0.48975465266178303 0.49403290054579085 0.4931293740382191 0.4816345875616366 0.503917641222342 0.5221274976715184 0.5142256156953805 0.5497491938730071 0.5640266037706564 0.5455256782838015 0.5515094842798366 0.5538888992152484 0.5429060389469461 0.5139946885740456 0.5267153426968194 0.5070933478792831 0.5513112545189144 0.5528486176161743 0.5471668047099586 0.5393460016737236 0.5720016021905743 0.6001277592419682 0.5974169099506329 0.6143081723409051 0.6109498323758628 0.5897139994281273 0.5992805400912046 0.6129341482767307 0.6303895334154991 0.6144952149379554 0.6118349000441586 0.6257391022139056 0.6549741628586223 0.6863824178636508 0.6669626381172775 0.6947990602383013
0.3628675510942666 0.4014037229102076 0.41675775101084744 0.41318936585568694 0.43522750232608953 0.4624975261764489 0.45370372394144604 0.48407397477082875 0.48932402875577086 0.5122575996948953 0.48731675126243956 0.48487797869639276 0.4905828198974938 0.5180103185176852 0.5478293355037528 0.5534686128414391 0.568661602114099 0.5464824999306113 0.5610500087833692 0.5473108847746272 0.5217645642524926 0.5216798858515174 0.5147383538408492 0.5383750367065263 0.5608913230962616 0.5764573697891355 0.5842526197597232 0.6005731633507458 0.6073199290267095 0.6395016956005088 0.6300835430603777 0.6368282282844453 0.6058317781606395 0.6088335039720616 0.621891706411696 0.6067749581949158 0.6416207030129469 0.6285551171653724 0.6416033760852422 0.6768743149746681 0.6991870184863498 0.7103867665816733 0.710833139667901
0.3819689990734662 0.39346984605311136 0.4165590389718379 0.40377008521141305 0.41753456959478835 0.4324911919000852 0.46415867772468355 0.5126144149538207 0.5234038926550999 0.5050644943714692 0.4885285421711076 0.48922765436187576 0.5026850226861548 0.5176842617757561 0.5338089964425927 0.5289366874973673 0.556562957362404 0.5644381272090113 0.5768421701031988 0.5618009825570273 0.5477443589150766 0.5288135322398164 0.5337084660394537 0.5530813930594676 0.5438213054888372 0.5663662562225279 0.6047926214528833 0.6151503421279388 0.6346752626876339 0.6532032159208323 0.6694455229279074 0.6739957086526509 0.6591282372407012 0.659895995931345 0.6154229159150206 0.6057749708746577 0.6401608693047884 0.6674167847532237 0.6827041547737795 0.6844751699674299 0.7238151175369353 0.7330939650661548 0.7402976819336708
0.39208092338427974 0.4044186882616724 0.4327934407466302 0.4281480048134323 0.4190404247031775 0.4466491244640148 0.48222163959571424 0.516722009394472 0.525831000714778 0.5235255801061128 0.49805782721746733 0.5029084603361061 0.50145001352869 0.4904236490398763 0.5376954994230614 0.5378849554818197 0.567480357220638 0.5988571103809411 0.6006212448921421 0.6025464815528571 0.5896471055620652 0.5728930306019081 0.5437151182210421 0.5583997313886342 0.5728359032535161 0.5771101462076248 0.6188959890919697 0.6196810066896835 0.638270924338249 0.6704618078125756 0.6674224963426028 0.6873658251086795 0.6820005123275511 0.6881932286093901 0.6580226917988421 0.6345237233734273 0.6507460553850752 0.7036143627268497 0.7315338065586399 0.7227581254741674 0.7173946629514243 0.7515997456453959 0.7627486971481274
0.4109449112630406 0.4128736038187039 0.4414847065511995 0.4520451787204537 0.4341603067615592 0.4659507275406136 0.4897981590772129 0.4985881688524368 0.5214011033239687 0.5099993511232919 0.50731809235796 0.49245962792722614 0.518551707573538 0.5323378604108143 0.5365617855121353 0.5456905283100846 0.5816556924757768 0.583434566953464 0.6139012331781896 0.6073853618605524 0.5805108065452489 0.5796856474322692 0.5668243988921976 0.5791504231117626 0.5816124156198939 0.5998696714907322 0.6025050824126142 0.6383263862480689 0.6866267288217601 0.6919852973798075 0.6990946548656903 0.6953559555626664 0.6934606942824756 0.7020105921688716 0.6768788903052326 0.646215014946748 0.674720400234052 0.7153086553159773 0.736663490065612 0.7283301415616125 0.7413536444088851 0.758935458408741 0.7581730881650924
0.4164145740629597 0.41931562382446796 0.4296209912221065 0.4592381946131691 0.44808281291046426 0.48214853029733123 0.5000367619096037 0.4813385884913268 0.5073009388884392 0.5432002083970101 0.52171364535223 0.5216648904089382 0.5374473074729088 0.5175380201235316 0.5422738513032876 0.5304185481789628 0.5731470351212432 0.5982680644393958 0.6030869643759854 0.5938954997457885 0.5641362413839952 0.5568375812435199 0.5527590098370972 0.5876741828208751 0.5944769825659288 0.601432751464717 0.6408272565218732 0.6795437640524693 0.6810759462095594 0.7158982509858509 0.7076471941044897 0.7082105878589474 0.7201117891361126 0.6823763634692233 0.6841853223013071 0.6734612715746794 0.694684413270736 0.7163903229384045 0.732758461321395 0.7369478885274724 0.76264704141943 0.7746114493211659 0.755683574591448
0.44806179136597135 0.4360821219570002 0.4549774825778777 0.46247248333370417 0.4887649791030555 0.49049806685267655 0.4894579744499718 0.5124313696701936 0.5092302245979627 0.5219201223036086 0.5282003316615185 0.5186219359886575 0.5261112526305887 0.5227428542332258 0.5560414206448929 0.5571058482398195 0.5447835529504655 0.5611081041396272 0.5886393031597055 0.591516409752622 0.574250823738639 0.560559686351828 0.5666575799138932 0.5977695364507093 0.5988716231709674 0.610578658143101 0.6615848191636666 0.6821243444062707 0.7082662305538092 0.7388934869701513 0.7298884347231429 0.7088502144160698 0.7201880909122725 0.69898190358391 0.7137831577370651 0.6941563867830088 0.6950646761548033 0.7116931865155698 0.7190606588333471 0.7351713536628387 0.7639727578435204 0.7512542730412421 0.7441437591168165
0.4347398927625095 0.46991230180385984 0.4670466087019892 0.48855320026708315 0.4818498726927944 0.4523086291876025 0.45868491750864354 0.5117331924773822 0.502301155624785 0.5194430063091011 0.5294797932415947 0.5062264438350835 0.5391533515358127 0.5431667688872702 0.5660984618630844 0.5645606066553434 0.5305435942621025 0.5364363092453428 0.5543055354831398 0.5772523038591937 0.5686078523798291 0.5362059114948845 0.560345982331052 0.609048647870205 0.6411099729674047 0.645457494201339 0.6755462554375355 0.6958024332967969 0.7105855588520099 0.7323262315196896 0.7411630536837097 0.7372146242568592 0.7269325670396389 0.7063507622177223 0.7137898466712831 0.7362143484299813 0.7350770749768858 0.7238741325645038 0.7384946527174575 0.7645842309854746 0.7557321737047616 0.7777293788931258 0.748653915712864
0.4410520241834333 0.4374623716233192 0.443819526595999 0.45509425636364387 0.4733779496935499 0.43234615307957347 0.4501498935301006 0.4982435447103105 0.4859410659812484 0.5045333635471749 0.5173746315766538 0.4891631352728687 0.5063509505460269 0.5248863979608929 0.558240039747451 0.5728480235558049 0.5506807938890272 0.5458098503896326 0.5331762419072986 0.5504037967482142 0.5457658313968096 0.5509080352730533 0.6009065480517556 0.6075428141829804 0.6465691217348296 0.6834039429782576 0.7030738807641579 0.6796355826175046 0.708044327229846 0.715372313492032 0.7366485859846993 0.743455881684671 0.7211892801968708 0.7103148049501168 0.7170800037812116 0.7645088241896021 0.7760680869387359 0.7747654688332083 0.7748370741797527 0.7556716278209041 0.7657466420894533 0.7863471719423408 0.7669682387437189
0.4206366325894096 0.4166413667191975 0.4162663795051583 0.44078626752181904 0.45204193964804745 0.43321556181833526 0.4644228555828964 0.47582662310042756 0.48726415921131955 0.504623866337396 0.49734712105955603 0.4930277827504228 0.5165219512532231 0.5306951816908283 0.5551427119656784 0.5396110828525919 0.5413380024231619 0.5416826395511479 0.5311147117737403 0.5513225134158599 0.537003464353304 0.5439404838609491 0.605449531339524 0.6397784179453214 0.659047513604955 0.6990912918936275 0.6879811330419631 0.6916580576588144 0.7071147137575194 0.7229048067258532 0.7212475410122532 0.7313275724403976 0.7345933932137095 0.7270972414581767 0.7245889993748348 0.761480865711959 0.7596572822551491 0.8025243941732851 0.8042866186556928 0.7909462517363398 0.7850973846848679 0.760690883251373 0.7735884771402395
0.4213548008371575 0.4147936197894448 0.4397269926264553 0.4478471881955763 0.42437964306890424 0.40518368750604683 0.4384081035670873 0.45332404415380073 0.47330582473682176 0.4589441613807158 0.45858148360632317 0.48510969110608704 0.5194966188597807 0.5328641596083331 0.5158159160966227 0.5206389648029157 0.5070034862833218 0.5014367216240039 0.5383433697904492 0.5281012283960458 0.552744110079646 0.5677097747752888 0.6088346526677278 0.6359381340498909 0.6839484015930375 0.680308037973021 0.6795850248018116 0.6797148745222958 0.7067698815938716 0.729471700339577 0.7265941148740312 0.7123459044587718 0.7361024339165904 0.7465801686582713 0.7576769036909035 0.7841255271959018 0.7741476111696071 0.7998632408505804 0.7854454499932553 0.7924783144731434 0.7559501245253071 0.7746016771301736 0.7738668097590528
