Raster_benchmarking/Raster/continuous/raster-478.asc
NCOLS 100
NROWS 100
XLLCORNER 1743164.7020567164
YLLCORNER 5469287.586316225
CELLSIZE 10
NODATA_VALUE -9999
[rows 76 to 94 of 100, columns 43 to 85 of 100]
0.5048287359826364 0.5151498853345359 0.5498616161062911 0.5590757243855125 0.5553021437779276 0.5873357271995163 0.6186800835219487 0.6294031954816011 0.6828827005737491 0.7229208003396198 0.7494398074176898 0.76257268384372 0.7903381425338711 0.8307192737757535 0.8011198888282143 0.8099302081026446 0.8024985282689074 0.7925941304148492 0.8007436777721555 0.8165619628792993 0.8202242681324831 0.8427316823229333 0.8318280961472341 0.8261085450633227 0.7913888618691634 0.803910214251314 0.8318351600901226 0.8270606415079794 0.821835559489572 0.8076498556852303 0.8087795881867536 0.799587968260859 0.7956193780700661 0.8093664583292522 0.7876724263328271 0.8009465594589652 0.7634657731817509 0.7802016191598732 0.8097319990594527 0.8035175144638814 0.779124292885679 0.7792897322232636 0.7850328379360492
0.5228779132322321 0.5402584350567872 0.5393428245796235 0.5581469773492637 0.5981987289107693 0.6154236103780786 0.6284444549425745 0.6495354706424534 0.7015852185176952 0.7274603827110848 0.784268813585096 0.8060811040778321 0.8284623752655286 0.8373681480881697 0.8399031813597306 0.8183663785295001 0.8009057267828756 0.8095510203668804 0.8072618895591448 0.8023897222252957 0.8412706139219887 0.8498218318064958 0.8065912295363424 0.8182518464384808 0.8114875909699141 0.818117435786835 0.8340480469136099 0.8188849906038915 0.8006917886674292 0.7767256449876568 0.7765558218178175 0.7965945888387882 0.7754569274898865 0.771392026107047 0.7727835302768578 0.7939299176933146 0.773152695808974 0.8040319099349157 0.8178420102453401 0.8135579419399366 0.7670300357482605 0.7817250442186588 0.7672680805353974
0.5245893198992203 0.5415510094353113 0.5427824123071369 0.5975054348465204 0.6025699131492593 0.620727172014983 0.668190161769332 0.6996852074072858 0.710640000089472 0.7657516273613142 0.7959511359369029 0.7981520820850891 0.8167357908759133 0.8252751972723138 0.8043437927577307 0.8028493439246874 0.8207420295270278 0.8268113557617237 0.8285785820227151 0.8102103906643736 0.8123233075497499 0.8348990464078649 0.8047480800749067 0.7871695302125901 0.7848948726347565 0.8158381477059198 0.8107740965193518 0.7758580120381909 0.7707590561177526 0.7777614229711919 0.797726051460949 0.783379084429953 0.7949243063935786 0.79884811581259 0.762154832138529 0.7846608159213531 0.7754569300010632 0.7863248157879142 0.825375978339821 0.8018092019913908 0.8022208571786528 0.761014193733372 0.77793026576591
0.5069856201476137 0.5280338106075618 0.5632510195367662 0.5920259654510934 0.6338011513998686 0.6634580825471804 0.6874547885084813 0.7200589681526192 0.7221093533354704 0.7614760303496647 0.7998949019295696 0.7890787146117306 0.8075443016839257 0.8413586757264788 0.8290739953350292 0.8428059755808778 0.8063675928728887 0.813040658550536 0.8278412031479518 0.8398755410283538 0.8323816216933507 0.828096407592993 0.7868999928639344 0.7748161786707556 0.7709722643367916 0.7776040950848988 0.7732161463497779 0.7727917522808319 0.7607061033605481 0.763302919398732 0.8049052737874477 0.7940188107998348 0.8254716314799111 0.8064163067270106 0.7725531089932965 0.7693671719285424 0.7973495906335941 0.8116727861605479 0.83215806045624 0.8295893312278335 0.7973854455205917 0.7642536425833141 0.7823734583357093
0.49964210968629236 0.5648817302557171 0.6006955635129766 0.6122982070171916 0.6516397815588051 0.6633117931416689 0.6796918839011169 0.6955517441456799 0.7133729572800839 0.7639552024343582 0.7896621370164172 0.8193407183822575 0.8249862208913478 0.8458270678074663 0.8454259187621167 0.8595139858379934 0.8321170960935605 0.8378192620293833 0.8313234714198074 0.8370640116129668 0.824804980335044 0.8226447514208165 0.8103071573161484 0.7978358250138465 0.773719693039725 0.7637847588249961 0.7635029021174171 0.7771821299307009 0.7818294280913571 0.7874693619437726 0.7924214139495361 0.7889934342485139 0.8051424070333814 0.801402996815372 0.7890940617324057 0.7956048152255462 0.7957452892781844 0.8267375303013483 0.8312301348691722 0.855263345736567 0.8385843055801624 0.787759827815811 0.768213180188528
0.5128607555373614 0.5775956046950309 0.6429707313189 0.636817394924831 0.676845969000522 0.6923614189982688 0.682914410494386 0.6885902615908253 0.7338812378596147 0.7759863291512957 0.8061626050254064 0.8137624490651256 0.8345056344950437 0.8388306740687093 0.873455665072767 0.8551560569256303 0.8631523305571696 0.8461054552699135 0.8323657231748061 0.8380647220637724 0.8291784411344802 0.8087515877481283 0.7663459822028423 0.7867995442060308 0.7875541853293588 0.7723004947036494 0.7761849603589548 0.7836950974928515 0.7739299374023385 0.778325495287923 0.7922796686115666 0.7774065757353035 0.7887337509702499 0.8286788253740982 0.8318896621007417 0.8247356999040956 0.826520151993466 0.8342258797762296 0.880646155614208 0.855853835023131 0.8460291610316094 0.8076569566375456 0.7671451543504731
0.5395799603558641 0.5701806795180141 0.6374018300651197 0.649505569562218 0.6732437979427691 0.6993055850469685 0.7022389560139166 0.7233553508361138 0.7672618584866215 0.7932153151385847 0.8019014224214707 0.8304856942147301 0.8287559046517031 0.8369531197221544 0.8472007404761471 0.8454450157867957 0.8434606845006453 0.8420691172555206 0.8475511573175617 0.8582709742111534 0.8439062109619125 0.8089505475339938 0.7839531578386694 0.7800834344538824 0.7594141841927691 0.7892399785987795 0.7654232692481832 0.781463067427682 0.796907430294148 0.8126456225969361 0.7893050488865262 0.8092629590552428 0.7979528626839116 0.8404753377938528 0.8279833105266602 0.8404956388737423 0.8634047383442339 0.8618368942386233 0.881506121373034 0.8575291743687791 0.8425013216233576 0.8404199712588871 0.8255846403948216
0.5548389128548021 0.5800078947124285 0.6474659702346602 0.6507895289023273 0.6764260648189714 0.6995861028000591 0.724767510003763 0.765062019557567 0.8015366096575338 0.8094908412547275 0.800042398533311 0.8277353256062825 0.8115323987471489 0.8308606323702046 0.8306261865623543 0.8443652551132101 0.8302940818775666 0.8257305055170684 0.8623165768381975 0.8623631054227676 0.834528913438607 0.8235887812702188 0.7886530969878212 0.7758376475509029 0.7571824754297832 0.7979565364507069 0.7930290643201684 0.7918064953515592 0.8291442048812199 0.8293022006232144 0.786389729847399 0.806906010505095 0.833616180798151 0.8450698187254835 0.8471373147143748 0.8684966298432985 0.8965557846834781 0.8999057182446076 0.862088624448372 0.8664489116698334 0.8299009835273542 0.8534058310496218 0.8371592002638443
0.5902952521583282 0.6140858997389512 0.6501987347514038 0.6803487460726859 0.6874242770401952 0.7329553255331637 0.7748210997069184 0.7861097465757617 0.8199646063849864 0.8113611742631615 0.8017662649369375 0.80744689244033 0.8343321685377099 0.8183960102851686 0.8304713171103871 0.8298675846247215 0.8297477676942464 0.8369398219954559 0.8355564523155716 0.8301694617555675 0.8225230617971881 0.8076575456397346 0.7992409503044337 0.7821829299548184 0.807734401852767 0.8131573162406808 0.7914591549373887 0.8233034363712489 0.8189174486707955 0.8184236598747742 0.8118513841378482 0.8432957735259656 0.8508274678712917 0.8510763196811677 0.8670849267803202 0.8547386678685108 0.8971737907206939 0.898133266255897 0.8984335207121147 0.8564585038832998 0.8421061708593687 0.8309281157807857 0.8278846847870144
0.5829398413144139 0.6374458260812074 0.6423830731103759 0.6844838703100541 0.6988804208340338 0.7589385704625019 0.8084830868036497 0.7934205325312913 0.8229015650214594 0.7898474937149916 0.7921404629127146 0.7872878674382379 0.8340057870576656 0.8521836037413444 0.8524591728698285 0.8385951239809688 0.8550027905005365 0.8243334356706196 0.838936639448954 0.8146825898900221 0.8428199964811169 0.8149673457800691 0.766221160720214 0.790731495296116 0.8233603324242953 0.8140677965409643 0.8112751314158284 0.8243834586737339 0.8292506638128619 0.8350392637680594 0.8032501652332961 0.8392196926583971 0.8743377500808505 0.8718114410413668 0.870109832750393 0.8687648014332467 0.8820018627292154 0.9076769332228617 0.8977328782357552 0.8763794753057929 0.8632809472223171 0.8479963550595168 0.8604126559372395
0.6180255569907166 0.6447814150699013 0.6763029421522714 0.7023694603716903 0.7323868659567663 0.7843036291300214 0.8218127708197652 0.8125189058853385 0.7904337259930034 0.8067985108709126 0.8041385965601082 0.7842041569918321 0.8197801505329331 0.8345170942619787 0.8248041629771797 0.8304707065703042 0.8340908968832054 0.825919855536862 0.8282586314466825 0.8017039621463264 0.83177442682347 0.8106001860550327 0.8213456067936303 0.8046945725177995 0.8068737593817001 0.8188149991926187 0.8286768698015401 0.8340106552477973 0.8220036610023882 0.8121016328943197 0.826694202573164 0.8768528273413765 0.880222798429404 0.8895636134861369 0.877067583313652 0.8797247096637454 0.9022867371156648 0.8827679737124086 0.9026370379645386 0.9056071654959774 0.8928985172767696 0.8609818295097451 0.8732537788738912
0.6335078861667401 0.6700716793142018 0.7270052504577921 0.7519759352974443 0.7580111599523943 0.7853893669384263 0.8162562559501196 0.815159778727466 0.7785375463340417 0.7840682018115264 0.7864430978734722 0.7945493993208237 0.8014055578968792 0.8096475529043156 0.7969037463311064 0.8268787366212584 0.8234507460632547 0.8161467200344351 0.8103153475840069 0.8218825847226314 0.7958498939383761 0.8075442980656781 0.8333588067556784 0.8513029259608561 0.8565334893192292 0.8531742821497198 0.8308563741439554 0.8330074826622261 0.8324191232588356 0.8369736362524027 0.8590964390607825 0.8714306422904847 0.9009297004993191 0.9042711451955141 0.9089299542324505 0.9253975957018533 0.9133334484162824 0.8910613337842307 0.8758817390805202 0.8950610368766071 0.9110276975020581 0.903981778896287 0.8786546067411279
0.6548107358445636 0.686728310770764 0.7140641787395798 0.7679757897341448 0.7891692040516609 0.810503003645737 0.8205382720151432 0.8083078275191963 0.8001788631753277 0.8088532227147424 0.7723857561222622 0.7916516047794225 0.7904422730246227 0.8058996071425687 0.8010983636121227 0.8104112323536469 0.8235489401690405 0.8019109933454851 0.7960488882206408 0.8319516476505469 0.8227468084141594 0.8312786443069338 0.8681402696477228 0.8619601311067284 0.868890841517994 0.8563078803436419 0.8321300709506123 0.8422267743166568 0.8556906054903582 0.8678841656418567 0.892201292468046 0.8992926509397728 0.9222779488981822 0.9053620260620123 0.9306315105198044 0.9277972866153665 0.9287872827227754 0.8851273704656378 0.8829616367175691 0.8901756809569648 0.9237311483250299 0.9314383880434509 0.9234648846079313
0.6440020940498141 0.6966641956185221 0.7451235691701227 0.7811769562501433 0.7796112323388765 0.7889661640954004 0.8180173466129933 0.825015270092368 0.8275822821995186 0.7973650963990354 0.7796894013641342 0.8099999563170877 0.7872407735851927 0.7964570876441615 0.7607289444879818 0.7986040154358285 0.7905605579632816 0.8327049873211034 0.8168661837267428 0.8535414730688874 0.8661502114844171 0.8514448173121361 0.8781450523425463 0.8665403656372623 0.8725684430611436 0.8703117999852815 0.8409673046917969 0.8834927706319163 0.8917185256153836 0.9087412539459442 0.90644323309514 0.8891107581269312 0.922449576953825 0.8931451031037005 0.9057433209927529 0.9232392157688671 0.929732866437549 0.8975196530992325 0.8900008952882013 0.9157678974526989 0.9477356920915672 0.9419045467176063 0.939650351552581
0.6413518858562998 0.6807273592891816 0.7022718385280756 0.7606075358300655 0.7786201946954932 0.7920608624666121 0.7978558402956606 0.839625632839247 0.8169921599365578 0.8214708217807715 0.7990876326957133 0.8095981891516308 0.798896487024485 0.808470291735492 0.7778568267863404 0.7975550426710306 0.8123515902727932 0.8485643028678141 0.8541672099322511 0.8667996920139232 0.8822756213348091 0.8862056495404615 0.8753284337993802 0.8628297344672009 0.8761320864706429 0.8894065177102066 0.8953890534009502 0.8967071265455694 0.9255689474106243 0.915707933202761 0.9298252095667113 0.9079351729446797 0.9318658391870996 0.9020983742456019 0.9233953960242055 0.9245478323374423 0.9047508688454059 0.8905984251994381 0.8891530774620652 0.9364513058442474 0.9614526762162972 0.9345856301953342 0.9321390089960194
0.663667355993898 0.6920153206074212 0.6916700543928249 0.7581776199599163 0.7614445291014451 0.7722054571184693 0.8039734919027198 0.8386895695869353 0.8306263752817161 0.8316624823495227 0.8477289068170946 0.8334511867108598 0.8251564045643011 0.8037542331595906 0.8167152743841501 0.8102303527048863 0.8321741802133553 0.8591380044008228 0.8807277032927822 0.8716541443340856 0.8642923244159515 0.8832902113396456 0.8675567057687211 0.8821238736275306 0.8562971228000751 0.881671018247598 0.9147986792035889 0.9235412282847548 0.9311902189328796 0.9068601967772923 0.9117160608872538 0.9301545759020625 0.9381406144700437 0.9405212118069343 0.9209036000012811 0.9221953255579408 0.87605517358505 0.8933278989344922 0.8946899162077422 0.939238355333319 0.9584827061283051 0.9258345772880863 0.9093717685336463
0.6758898554162616 0.6694998220863965 0.710702414838703 0.754202396245059 0.7718054395604701 0.8061447577207567 0.8370393410640582 0.8324702876499248 0.8354296327529128 0.8562299352160085 0.8659949595067492 0.8377162522395497 0.8180723342451602 0.8000348306896821 0.8285079167771376 0.8237841624710498 0.8306814331704716 0.8595358952470045 0.873397720022498 0.8728469311200712 0.8748464453809471 0.8613249257934248 0.8668901936484841 0.8666894685587843 0.8787761659551128 0.8983037243933938 0.9291948984969924 0.9202488412435849 0.9141955144855642 0.9372977569499651 0.9383120238892326 0.9433441718119336 0.9536165909957033 0.932178258398385 0.9092963237722094 0.9027871023812304 0.9168766518348508 0.9130697586041813 0.9046406782600097 0.9174815492362772 0.94951666682214 0.9318189782387465 0.9130380122705429
0.6934070378100802 0.7088828843821726 0.7068949628536685 0.762750765565647 0.792167903080724 0.8140086528438973 0.8608678336947928 0.8703031548646961 0.8544511773176138 0.8561096348212293 0.8610042677983729 0.8386631189440493 0.8276306159745813 0.7971501861261355 0.7997994716630668 0.7994544563949764 0.8252525792862297 0.8662220528441734 0.9030904324962817 0.888544748158677 0.8926112176786815 0.8986349080235365 0.885669220056324 0.8971533122308344 0.8971746932776535 0.9201665858137728 0.9173526428866766 0.9071501960121707 0.9450783370567262 0.9189172730474896 0.9290558265524888 0.9226046596370456 0.9224721170264537 0.906107871568737 0.8760029094139332 0.9066811106627878 0.9306455102219137 0.9487979006600116 0.9388531573706667 0.9396461710476964 0.9405824600750741 0.9584014799876265 0.9639888989580374
0.7201765174256346 0.7261270781011648 0.7676657448241776 0.7879079899049534 0.8219484820346468 0.8142390422962024 0.8582579884360435 0.8646682821800501 0.8527966108332701 0.8542212736050755 0.830091029349563 0.8185654476012206 0.8064577344476627 0.8286875108982239 0.8438137657922965 0.8277481204283862 0.8433041803020271 0.8701002181534158 0.8992403431470275 0.9000767130892706 0.9216712000142079 0.9169063494937847 0.8815695106961043 0.8813609602167128 0.9196997486590585 0.9111666636170056 0.9001124808090479 0.9157681738089108 0.9433607223311679 0.9428189628712678 0.9311756279517053 0.9211123101109276 0.9077629123425757 0.9181785394219327 0.8951310121020006 0.9227464732698776 0.9271242990606219 0.9511128682396163 0.9710539204997751 0.9512636228935036 0.9436910506484788 0.93624337658579 0.9401279521491863
