Raster_benchmarking/Raster/continuous/raster-467.asc
NCOLS 100
NROWS 100
XLLCORNER 1743158.620540181
YLLCORNER 5469286.267447871
CELLSIZE 10
NODATA_VALUE -9999
[rows 57 to 75 of 100, columns 43 to 85 of 100]
0.40045590259988745 0.4081496636660722 0.3624560566051502 0.37519418873605853 0.36721004083840597 0.32514020431925533 0.2935838709038625 0.28636653630769954 0.2842751318385877 0.2760604997342737 0.28737387388483215 0.23872642473146757 0.22554181192167355 0.21663234729531583 0.2590812501809298 0.26028033552285385 0.24768001619503247 0.25571324531356326 0.27008655605185017 0.291356250912689 0.3033854389190775 0.2923649415586617 0.3030827666221514 0.3758973119690713 0.4060747172295593 0.4436030985327246 0.44017584593128156 0.48819676416993035 0.47324042305254654 0.49107459014153626 0.4895083323690492 0.4520296380118258 0.45184342583764714 0.45230184107974475 0.4485375646547959 0.4294093992160558 0.4066565699800979 0.3921154524563682 0.3990163532993318 0.3863201559566656 0.4348275358018499 0.4339356070632677 0.4748726697714346
0.4216747688067473 0.3704166279853558 0.36376030550197125 0.3916559672441827 0.3625472510029667 0.33219063760532636 0.3099878649111 0.27532945594462854 0.25264082901676915 0.29391861164401145 0.279425044962964 0.26420217675430097 0.2730251070225488 0.26162151169269326 0.26359501602657315 0.23291477670416924 0.2473551205909376 0.24272135112545445 0.24753574469161543 0.2904093809716935 0.3188341347290634 0.3074480835621619 0.3306277110816968 0.37188944570521165 0.3987888654878804 0.4619404679158616 0.48081235080417417 0.4437171626842926 0.451591116711141 0.4618510394421262 0.4368165987692001 0.42254172803925955 0.44205644242201897 0.445875465011275 0.4383570922462518 0.4400549282925943 0.43905766174143945 0.38174548569531197 0.3958041767936518 0.37863440446820795 0.42449070784229054 0.41586239408284925 0.4572131666690045
0.3850086729420321 0.3719087725615157 0.37840063396835116 0.3627764874585343 0.3720759217837382 0.34915718263140844 0.3164945851702928 0.3136675999727059 0.2790727085246278 0.27019188192257776 0.291100687594752 0.2853142353184856 0.30173948965450537 0.29012390278639594 0.29954939511229206 0.2526620538311882 0.22176278293589716 0.26810774995210507 0.26235849584490906 0.2772136086484038 0.3198319714321415 0.338822974942682 0.326516759370219 0.3699343660876719 0.4003282242435311 0.4256961271232676 0.4369929490007305 0.4496285673571041 0.4408485853800105 0.43977845308418706 0.4408654314259106 0.44928867248349547 0.47276170772291987 0.45694664701131876 0.4628202295285714 0.41772465144322013 0.43366440675043 0.37937897141318383 0.39875744970490173 0.41475404027246476 0.4207313321252898 0.39960791003200874 0.43050119268790005
0.41637251745162435 0.3792705555359312 0.3858786193557603 0.3646426381394085 0.37082904374315884 0.37729079627685813 0.3696368991107344 0.357118217049717 0.36415429908999125 0.2946803449303664 0.28335546149706425 0.29985242473975526 0.2789778310594776 0.313618353420047 0.2945785315966416 0.25712020496655663 0.2236891195468368 0.2602486184597143 0.2770003749935878 0.29242848852754294 0.34366043027526677 0.3183252465759935 0.34228707280495807 0.37046034822453067 0.3964174860904926 0.39982094025689713 0.4063834644170645 0.4324935939512547 0.42953117512687095 0.44634826500863123 0.4307612183009984 0.4394175048830289 0.4708755849996816 0.4321298526943814 0.4392550275569422 0.40677396498449 0.4021520313634284 0.39288270673645576 0.38107462012109783 0.38082126139635486 0.4119615869671236 0.4091346006775699 0.4027343237574435
0.40230544062871015 0.38341182393703405 0.38901994685899105 0.3797632810596605 0.37384052905591864 0.3391994809243995 0.38202151979965904 0.36087914201828913 0.3212227247234615 0.3240688691947952 0.327460176027676 0.2952313948854919 0.29343577031334855 0.29590473274545936 0.29044435122091833 0.2880384411066084 0.24466967952122703 0.2617536133425997 0.308508821144263 0.3341396631448044 0.337502741489689 0.3432628138648783 0.3593362526322335 0.34520263710953236 0.36759058798016037 0.35215493064954423 0.36582537372996415 0.3877808018968285 0.43758369155433585 0.4314974521945183 0.44093771903416984 0.43099425675130687 0.41460981748589837 0.4052559633656883 0.4467047459481399 0.43983230185584515 0.42799388478187894 0.39022948173528893 0.3685437726614241 0.3835182886793487 0.4213834654743659 0.3956642373381564 0.3985550054998486
0.3762353011123071 0.4039247921137075 0.4136403491118641 0.39946542710717015 0.36170037177672043 0.34199289252869947 0.3544780523700529 0.35409230282919174 0.3344059390866595 0.36190248662193136 0.3241614905956238 0.3349114166175317 0.3169603073252167 0.33990018215237927 0.3074280059735784 0.27524615804156344 0.26409680671899693 0.27732256197441424 0.31602627849638937 0.31275414905496307 0.3266285106198871 0.3527307733309761 0.3695225744064787 0.38025152798293876 0.3683883539410677 0.36584004922171215 0.31734476680341756 0.3593842320593637 0.3968423936616906 0.404834944847844 0.39514037126952023 0.3872676803818276 0.3986271119081064 0.37288998543084034 0.4167341097120897 0.38681184550571973 0.40579674790062653 0.3703862343148012 0.3843065529875903 0.39149880278368154 0.39199878915604186 0.3585133072771498 0.3880442701213834
0.342699851939446 0.3517180441720538 0.39109396732663676 0.3993981055377423 0.3750897083391834 0.40977790907735606 0.39500694325260494 0.35449799711286206 0.3700834212035942 0.36623472379471383 0.3574206953147783 0.3598353403601932 0.3639011748528069 0.34087458968290824 0.2954733494395433 0.2882872079157472 0.28913678275600646 0.32157975530649013 0.321101726949585 0.34221173209452194 0.3022629033256835 0.3266969722217806 0.34390280709493865 0.3565713878034321 0.31122876381559217 0.32597458250935285 0.3388673874674615 0.33589130627981467 0.3829092593930159 0.38296359482542836 0.36979949509300425 0.39003081274433254 0.368024477682312 0.3654218630797247 0.4185733322483461 0.3898824540064433 0.3849072315707192 0.40425310100353634 0.38233565655075064 0.3926487009623335 0.39947749141706884 0.35508011920446775 0.3449498691266177
0.3046267187649068 0.3618449119426326 0.3754891849220098 0.3705974307802445 0.4118197474346915 0.4139157840710725 0.4073388175924868 0.3707148756394256 0.39643430000440105 0.3996002661592561 0.42975326232909605 0.42828081969521264 0.4334349954222876 0.4081263937245519 0.33844841242288026 0.3005655078184986 0.3354239004000021 0.3149877720800486 0.342825794446964 0.3007936859252525 0.30476884945943755 0.3037500470775923 0.3041350115511026 0.32614886600443826 0.29387124436078066 0.32067014136709154 0.3620382317097438 0.3208262318341533 0.32858664797907844 0.33068742045991345 0.3460734656086894 0.33318609051250614 0.32066524588953843 0.35244795518044486 0.4146770226430893 0.4094590951552299 0.394322753884464 0.38935273140654447 0.41277785084379315 0.39573949749724985 0.3549242671225301 0.37568617632225976 0.3380560359033766
0.3253406968574865 0.3339805872751875 0.37979633469033014 0.38942410792518345 0.4004592094848487 0.38229728845986016 0.38677367077175107 0.410762559273548 0.41017052250962116 0.4371911226959525 0.43802566052600955 0.4107272274210386 0.4248234087601687 0.413369954811302 0.38073915770678624 0.3274825931532997 0.31432446797251407 0.32451445575962223 0.3040237636827175 0.3072040623593502 0.2985562446907394 0.312311113273413 0.32452088448147404 0.3240674219348067 0.343706698883051 0.3688061374236961 0.3487707244735297 0.3503979377306381 0.3199801310282794 0.3127578664965548 0.32239545982221457 0.36584782122442394 0.35174721644524215 0.3556355311039381 0.3794714728670685 0.42780933102463803 0.39778611490518195 0.40384609660145787 0.3883201936535257 0.38807481775198344 0.40651284501458973 0.3820790891035812 0.3855589240231731
0.3077404601387801 0.33147086977501455 0.3347550383034945 0.3657303634994908 0.3680907849107157 0.3572631046720617 0.3966362982354269 0.42559519032011456 0.38894305148076846 0.4017519322624824 0.43090312483269594 0.4370198337005639 0.454568533308795 0.4419961009729092 0.39728026437159897 0.3403906105571293 0.31844986443461887 0.3227551245514398 0.28406750007563625 0.32245148398347284 0.35577292933661575 0.3255777275143979 0.3699773220214814 0.3623676141381396 0.40686142234408196 0.36323324439133714 0.36025991409180014 0.3537098463917214 0.3184605237240582 0.31808207137299804 0.36331523052943543 0.36323458769664013 0.34362567401963406 0.3658432365432733 0.4253589170890409 0.4596004194427346 0.4463460370834261 0.38137145750694385 0.37406765168794626 0.3922511826465056 0.3952997183168642 0.3587283087232847 0.36447339943735296
0.2902732369181232 0.29610823170457323 0.2859520677353596 0.34550236900105746 0.3312898516676261 0.3843859694801468 0.39086709999931213 0.40082690556726236 0.4088380096543252 0.4255126869388977 0.4294762594605954 0.4070593721044807 0.44520764443262745 0.4089316735881543 0.36992574726300004 0.3324284152751014 0.3064939080669057 0.2859724427378885 0.30784754220824184 0.31070756193301746 0.3499758009609689 0.35179187330823186 0.3837409111383359 0.41591219650424227 0.39541966269380696 0.40283116265058666 0.35090713471748575 0.3523846117443426 0.3243582840623336 0.34215005929047226 0.3438343305630428 0.37610164691307935 0.3590909214929009 0.3849051705932239 0.4440431428290428 0.4439914634566261 0.4326758037700781 0.39868141735807705 0.4067003986457238 0.41327011814352266 0.407429136518408 0.38481673672915434 0.36838663386515025
0.23531701711301742 0.2440853765919887 0.2591797523774107 0.32276195745831987 0.3149940652036194 0.3820556294994209 0.4177768885597719 0.4197784207745605 0.45299636964582396 0.4279068231565627 0.4203738273523484 0.4253951071520686 0.4268361525773462 0.42336181690008057 0.40200911352107 0.3699486149954932 0.2951167540700295 0.2780881599405697 0.29148758561530563 0.2979693849339846 0.2948811927343818 0.3596459790226722 0.3557510762985984 0.41523032714254665 0.42504439960893536 0.43090403006919736 0.3764871706918888 0.3930470682669573 0.3570091803473439 0.34541793118389263 0.38942731283257137 0.3757698706156355 0.4246606103189546 0.42328686021239953 0.42790950699455016 0.46277096002513696 0.4615215770259479 0.4419851898713427 0.38461829629706973 0.4081804303111109 0.39449027328073816 0.4108933911090989 0.37245514405749197
0.23664410707787015 0.25194322556939003 0.24914739206661815 0.26774109682485336 0.31690634067262025 0.3532933591665659 0.41150459509574855 0.44972099774230656 0.45985766713078635 0.4484629128280012 0.4482638678545162 0.4406280015743814 0.43553732976708703 0.38779326315199775 0.36930432226097676 0.35098158640028965 0.324588595174765 0.3277267578593158 0.31538314022757935 0.300884570730725 0.3201027841660959 0.36334851508701954 0.3838835875818901 0.42195117827437273 0.46037048531237046 0.4413702654239116 0.3935120446733034 0.40775066354577305 0.3931610998727 0.38693452718745247 0.369561429741346 0.4054686355826685 0.4307510617972215 0.423667197810119 0.4487503846196877 0.45227344432654387 0.4587833932951851 0.42171245434322513 0.4213370589831335 0.43165320240949245 0.42338128238684863 0.4209689795593746 0.3964550779071227
0.2377420947777156 0.23939409403780304 0.2769231249174672 0.2623551326514294 0.30077242306382895 0.35857632586571386 0.3973423914416425 0.44546179638188504 0.4588749725534603 0.4440118900809007 0.43929600984078926 0.4629099399538189 0.43376830093900937 0.3954167393530764 0.31807177569199563 0.3101485610484212 0.3086942879808512 0.306798394546609 0.3243807119449891 0.3521993126557376 0.3566208287884812 0.4056022059968056 0.4189353750172401 0.4511429455045489 0.4793108289681118 0.4431294397434529 0.42449610359857143 0.3863865898975973 0.3792996423404586 0.35471840820447814 0.34209428859703384 0.39828356434896783 0.3795334239042929 0.38199503460212664 0.40356715975617996 0.45953266041332513 0.4530189009760588 0.46911709990105505 0.4216405665666652 0.43342576622692597 0.42789388294343544 0.407086076095484 0.39897155567150666
0.26253344363739023 0.28885619287033687 0.2555503685892957 0.2595800496753659 0.287233229408506 0.30200063102915176 0.3776690526994966 0.4083023322828771 0.4259571187413932 0.4265321140572205 0.4133182428414422 0.4489072592058937 0.4355906856573374 0.3846473931563526 0.32752934090694263 0.3357949262099169 0.29969578306757116 0.29458004007740646 0.3325931435122055 0.3663247482904927 0.37871788903343867 0.4045433197015743 0.40937018289027777 0.45056538793887474 0.44657895449576823 0.4427065135204917 0.43578598248275235 0.38283408740680835 0.37916642153713465 0.3323953502180172 0.34852647828469646 0.3799688092888354 0.41107480541612523 0.390684106960514 0.4282803429496358 0.43305885875718164 0.4591183663239295 0.4792102039345566 0.4846510214419601 0.47806094141531896 0.45611346066230074 0.41484267810714476 0.3946145994374807
0.28570025014383776 0.29961474713068525 0.26043327590913684 0.25602455137997676 0.29834514756371394 0.31082345780118215 0.31080041203727254 0.3499282863942218 0.39113709372892486 0.417861488121375 0.4440503854540126 0.4383676512628693 0.409220596778433 0.3557953593405857 0.3709120853517189 0.3317349566265829 0.299182499458065 0.2912908464785667 0.34712923021920383 0.3977580277471965 0.41314666558192364 0.4129829195666262 0.4418769381509337 0.4538298505901461 0.4711829920620803 0.44805179029585807 0.4547270361487846 0.4189868552734648 0.3603912351918925 0.3278579058063189 0.32541026438475934 0.34270549706209574 0.3940140118772338 0.39956917794273156 0.3863819111341676 0.4539532857878737 0.4810882205695767 0.4818794146515848 0.47527566651020114 0.48063855021978164 0.4906128745300368 0.43288391781604096 0.4333720569206404
0.2470530009513382 0.2610452688397598 0.22849421419853566 0.2559919170578805 0.2677246287312287 0.3195848709046578 0.33929777528491495 0.34361392173477867 0.3823571411541739 0.3696497551312674 0.3662730534992759 0.36507700373474467 0.36875659763204643 0.3368687558029003 0.3431608633466313 0.2905673230151024 0.28358148038495434 0.3173474155132941 0.36246314299679483 0.37718233678599744 0.4053722278654545 0.42243871233093894 0.43143197141847067 0.43589145243446586 0.4421965353944457 0.4449167797835099 0.45346096481835857 0.42527976735638917 0.3599710157593892 0.3642163117672946 0.35517367971691755 0.35269560160842883 0.3829658260828146 0.3892107257576477 0.4243376141706026 0.4157582573756542 0.433830270231318 0.4616524571069097 0.4742763708950393 0.48359260145360017 0.48223211600762145 0.45592012786242625 0.42342536833264943
0.23746628402731998 0.22099053512391667 0.2385335050738009 0.23131903895744307 0.28897139504567804 0.2649394725695921 0.2769312618228489 0.3024556118209971 0.36570265456026624 0.3433893596272721 0.3672533594042319 0.3533977644984446 0.3289659940620889 0.33847510547962306 0.32840728458615265 0.27481909715809844 0.25944022706861547 0.33702183134519553 0.34974521630118033 0.38360141014965154 0.40300646428801895 0.44292439479794804 0.45940311435513953 0.4192119537014619 0.4129579467610517 0.43177541802211755 0.421011592890951 0.4329525833374442 0.3821821625009095 0.3853818983416515 0.35643038458191656 0.382661566622072 0.42510705543255234 0.42475471251328206 0.44071993997767944 0.4426683290849395 0.4406486595700177 0.4279968659744428 0.421093587087968 0.46710212154264275 0.4420619776459269 0.4225544170563769 0.4267296485824408
0.23642515385158527 0.23819260358127478 0.2265635116697672 0.24517666663889692 0.249837742949596 0.26913215463126133 0.24737452197041104 0.28297566382910094 0.3137579498799679 0.34999986694015 0.3055078885979451 0.2903932537090776 0.30259452704371953 0.3034908993902191 0.3102951179854704 0.2846074826737397 0.25116318527419756 0.31682360061800274 0.3387134345170031 0.36938319607537506 0.37479418170199424 0.4099864732471926 0.4325650122931496 0.42524775956169764 0.42910759068919174 0.3969758381087288 0.39076406208491027 0.4043202503178474 0.39214535251478966 0.377640145508905 0.41459539406678825 0.42720387351179623 0.44566783625634154 0.4371392014319299 0.4423119956721749 0.44219048001664923 0.41267420436379304 0.4083807750978488 0.4212416187273534 0.4501792722489919 0.4226342432840195 0.4178416231050116 0.43329301687937466
