Raster_benchmarking/Raster/continuous/raster-29.asc
NCOLS 100
NROWS 100
XLLCORNER 1743158.14308143
YLLCORNER 5469287.6379804965
CELLSIZE 10
NODATA_VALUE -9999
[rows 57 to 75 of 100, columns 43 to 85 of 100]
0.4203710054203952 0.4200866261017796 0.4077176160496769 0.3926870595543137 0.33121673835623217 0.3057214722662681 0.24214995143558385 0.19757450536847923 0.18392491508503114 0.17869066959565144 0.20510615498017715 0.24078479330378164 0.24608933767032828 0.2024260324707744 0.20867756872823578 0.20898173328568745 0.2645226935917499 0.260505168645252 0.2423355282743877 0.24276363650683702 0.2205874378189836 0.20776349928570229 0.16988684031421256 0.17963461356636368 0.20427944762409267 0.18970526093910045 0.1338111956382321 0.14305418136395087 0.11649648257673471 0.11743082205854447 0.13988579230372772 0.1665905034588427 0.21838998051768424 0.2816293355536678 0.2904182582886074 0.29106341698056154 0.29308513164673866 0.33600162566206854 0.3611849944219015 0.422633975267499 0.4391286086605827 0.46225839894572923 0.43024925694721455
0.409215782805391 0.41218673091617003 0.4283231321811267 0.36639855468693466 0.32117830663925684 0.29638576393068766 0.2956401104254152 0.25621860606379976 0.22814776599136 0.21558920906575033 0.22557457594963537 0.23691227454992445 0.2757814583688728 0.25342812397392195 0.2762667930771505 0.2395857023492195 0.2872721708989333 0.25060913233189447 0.250100554868452 0.22974088302484494 0.22676673008022005 0.216875989279245 0.20990295319083035 0.23484556324743944 0.25544110489233907 0.19815752899342226 0.18796218382275362 0.2039638155209003 0.1986331303009575 0.15281960889518625 0.19719743633549563 0.20365142051542645 0.2608564090619586 0.30529004540404964 0.3178284636744733 0.3124170091247143 0.34835374529068835 0.3698581002153186 0.3825419954969234 0.3939275321065481 0.429772995656235 0.452311580901696 0.48436437317051356
0.4109958768784273 0.4397448900593264 0.42906317314280407 0.3969198595838817 0.38896895822094546 0.33965803899768293 0.29659515147337423 0.2652950431697009 0.21365439747553533 0.2159022042855936 0.19989550090936817 0.24498647967370796 0.26090619128927656 0.24815798669446387 0.3074035652189208 0.3066903141316461 0.2920444839007583 0.22395934295940306 0.2203722331385891 0.26828766323270725 0.27576005568278616 0.2821119922732392 0.29420695789183987 0.31100388990061895 0.3008900402336343 0.2198405204347479 0.21571116011109243 0.23927950004591975 0.25275054037417205 0.20248380800032909 0.19392433201549567 0.25221811214603995 0.28254652106828837 0.3481246872061836 0.35552710808832755 0.36567034143502386 0.4072732908444292 0.4352489396472582 0.4329889835736325 0.42959116186135593 0.4211952170600288 0.48423419887946967 0.4912005122930042
0.3700780198673961 0.41791208982832134 0.4133388015507628 0.43139524792762296 0.37586944470418304 0.3665051612665628 0.33862150957709386 0.2850126823960729 0.23601923917990777 0.2686674512330545 0.2293922538775904 0.25705332150249033 0.23466765705381287 0.27188427563514433 0.2716030856556267 0.3259233242756097 0.2844724857299987 0.251519431790473 0.23719795111363096 0.26593949287761287 0.28323182193321633 0.2971300136875187 0.2926689830186095 0.34462625116919815 0.3431166890330044 0.2651485412001078 0.2347996038932971 0.28592696365230813 0.2674025463192504 0.2576510642731849 0.269400745465134 0.25503408311392955 0.26822563451830916 0.3514890626499278 0.40196135310461073 0.39816270841226226 0.38782078423211835 0.4243233842483762 0.4463509966390677 0.44436153078731155 0.43901435747243067 0.4537734939729622 0.4513619331079474
0.3729736717791792 0.4252724666328033 0.4341005012423281 0.4025881294897187 0.389232085414803 0.3903750429485766 0.3146422419016225 0.3160593710681987 0.2877569434240064 0.25766582384304687 0.27227345223526406 0.2668539222195961 0.25848465419809746 0.28779375148763936 0.2554108492111968 0.29072855059109104 0.33536439643859456 0.3366777715309751 0.27562320293357967 0.30390769347585783 0.3274462215482762 0.3338873681857848 0.34583317828082266 0.3431545025353257 0.35264479607665933 0.3240420486176641 0.27156952370348836 0.305717457332852 0.3181295566642037 0.26317882873462356 0.2800235474760584 0.3027930212379349 0.2923887310168437 0.3636289882706377 0.3891005803486946 0.4113991533521338 0.40485132554762593 0.4173818577902404 0.49741052340305775 0.4833541434299131 0.4963035186865389 0.47202500225862415 0.4962867721169135
0.3957877256696798 0.4219552471935551 0.4135983810671706 0.4115393695774487 0.40888723173319996 0.3762172550962961 0.37717422178484644 0.3366111628064017 0.2725586773355066 0.3080254505712673 0.27980465457615405 0.2582756084864444 0.24699921177201037 0.28499967404854876 0.2592667127709201 0.32055049576856587 0.36128233100621904 0.3718610389431831 0.3317453509715415 0.3497585851008239 0.38988142052160046 0.3946474384493712 0.41134401741586285 0.4003490444746755 0.4139220877139615 0.37074834740047197 0.2980973552312692 0.3058902141423493 0.30578502973934346 0.3172841658684488 0.2901215620367803 0.31081085303917766 0.2953612688949228 0.3367049080434299 0.3673434414838502 0.413108516588566 0.4431216313126845 0.44743811558772023 0.456210657798968 0.48594745192774325 0.5111881642128586 0.4916412702237311 0.4902004119016613
0.4032958195604571 0.41187221651348216 0.38650964471792487 0.3817128734390177 0.38600828600656634 0.37462099596603465 0.36597641211304355 0.33550758139353115 0.2675047889464894 0.2690645141295182 0.2934348022481309 0.24552052990969248 0.23697647742191696 0.29395093571183506 0.28151812073213645 0.3251552352432903 0.376615748422024 0.38245809878088843 0.37997979740622856 0.3858987143869386 0.3945345667199614 0.38696222679951175 0.42814140841863896 0.3893737415436545 0.4229363339721465 0.4088594727002728 0.36299895579249275 0.298830678806199 0.29538653261641246 0.3047564858533732 0.31493821473087474 0.3151609214219633 0.32516219933253016 0.3738347251114961 0.4115842374788257 0.4206452048332629 0.4858665442240869 0.47431226788481956 0.5012824573989662 0.5092347539804438 0.4674957441870203 0.42799591831890005 0.41715763887916774
0.4526383618791685 0.4015813484125444 0.388229935531251 0.38732525328777617 0.3846722452667716 0.41986993059397376 0.3683528383484603 0.3420627094155541 0.32426757262731054 0.30475078186106963 0.2967848174461942 0.2613977308111085 0.22915059674393146 0.25705188581743227 0.28751209044203846 0.3174733302298476 0.3589394093745761 0.38092999309979064 0.34418669803318913 0.3823689910991049 0.3680443863607307 0.37674889702480374 0.3909989887554232 0.4260683162791942 0.41694694149282774 0.3798143539383528 0.38041693249255254 0.34788317148548537 0.34733972518285583 0.3499816501373409 0.3564071786875427 0.36908415260017885 0.3661718878017228 0.4374146308622018 0.4758885406236633 0.4625766608059402 0.46386348021070795 0.4996019007655787 0.5216585503206048 0.4679162604809739 0.47063276764755546 0.43811050421597975 0.46089255233410176
0.48434456318193725 0.43180663323690466 0.452140367813702 0.4068609055981777 0.40822943471551565 0.41945114327021793 0.40349798504644163 0.3594690308742173 0.30063677948665457 0.28964541869177013 0.3020767510349943 0.28937625181030163 0.23990612613343515 0.2744524460744511 0.3122262401730767 0.3365100519922778 0.3512896963728811 0.34830300055672453 0.3329597776354658 0.3935048957830837 0.39109656245749397 0.3901249165084983 0.363513272586913 0.3600943082541065 0.3818234644238555 0.38652924847064996 0.33671360147563495 0.3850061673119525 0.34913261770205006 0.3840804302751549 0.36807501105018675 0.417837240030609 0.4169323979447738 0.43548252434503926 0.4990576792041591 0.47826960404619107 0.4982744145372958 0.5060969664018815 0.5096474054346378 0.4695655217395388 0.4371271904118215 0.45260417597849856 0.4495680112753002
0.47812109850434886 0.46151869588242356 0.4088873451350677 0.3908283554553253 0.3746278428945261 0.38384853085520404 0.36934486737722855 0.32713729163294236 0.3112098093669918 0.27312404063527534 0.24149857651028064 0.27198137015401896 0.2456407806660518 0.28871262953661775 0.29912665192144694 0.3408217948394147 0.3539565110266742 0.3564989822432925 0.3855556820173818 0.3890857626731328 0.3732489992793523 0.40353454264352945 0.41095155093592817 0.3860574245392812 0.39663158070921706 0.3982158905032517 0.3903337908001068 0.3972715242743646 0.4069108764765221 0.42501017820742315 0.4260857562947119 0.4256254586798263 0.44805381068411737 0.4611457031347123 0.4959391212081841 0.4791736368391094 0.4738445782084974 0.498854324027567 0.46397604097862516 0.41857693684490743 0.4202178928267211 0.4621269708078205 0.4370444092813555
0.4838322156398852 0.4651384657541353 0.3966391499515894 0.40699790175525447 0.39838246000491423 0.4115830790141854 0.38398268340301583 0.3299898561401215 0.28135924492288655 0.26569359940234655 0.22855636532319515 0.26272610336876207 0.2828582975111294 0.2949417336608992 0.3402182220867999 0.3300221705411332 0.3762879109756185 0.3583995914924186 0.37196286090195824 0.3690891380535224 0.37406538132499423 0.4028755520767478 0.407875065201288 0.4406779801462166 0.45512094954545607 0.40706667936210605 0.4340814054618323 0.427509785825062 0.42578473862164007 0.43297715804302717 0.4401425790887914 0.41607139172519303 0.4241170991093333 0.4945444809689938 0.5334937936107802 0.538981806662049 0.481331562064463 0.45712966026339397 0.42827501425947956 0.45140834390305934 0.4084280667545546 0.4667386331961792 0.43417023973738855
0.44839877714653675 0.47492466465776534 0.4306930374258743 0.411981789016546 0.4324507868318519 0.42438787947778234 0.35939647806046643 0.3255090185707837 0.31115821437107893 0.3079906814296965 0.25519142106411585 0.2583598933358123 0.2834523659873591 0.28194630142135735 0.345027138597061 0.34024781452729386 0.3248189678047987 0.32925494144059364 0.3590117265513477 0.36976608544307193 0.38957244900955257 0.3681658507680986 0.39566307355401725 0.4290596327695039 0.44800281162511574 0.4047534700356207 0.4440494684906975 0.44232057037829076 0.4466552503935504 0.4318306084274615 0.4260315701050237 0.4453740239273527 0.4713939990550893 0.47358989593607076 0.5366930361879011 0.5521725377257907 0.551589759997797 0.5013168783538361 0.4736351218290513 0.47545159443605456 0.46235316350958455 0.45870697863410614 0.47424838534850794
0.4519228556314236 0.49294942241579043 0.482661527399373 0.4657586179714149 0.4373384468877558 0.4074457206242716 0.40051898682402565 0.3482143588924097 0.34882328493722786 0.3213981861491543 0.25916506486730684 0.23808619443259066 0.22948477746162596 0.28338999039828483 0.30278868216992927 0.2876436328613219 0.28378710682288405 0.30729539113609855 0.3745190018525615 0.37924098912781273 0.36709627623411845 0.3909011311879143 0.3934239382720916 0.41225809410328795 0.4124399093255767 0.4130826026427011 0.39303859056936663 0.4156008655451218 0.4390933272487035 0.4292573845968755 0.4384994868826159 0.45212602337100255 0.5010905990064701 0.49695020022433245 0.5109373212358223 0.5127329637686062 0.5620219425749654 0.5188786125037772 0.5159887797389223 0.5271504760351681 0.5267873298237207 0.506026407034402 0.4661479368928176
0.5255510808513668 0.515724712559436 0.5237294954273319 0.4968365191363584 0.4562483692301352 0.45459901890204046 0.39242013985364227 0.35916088806650925 0.2939787769186235 0.27167509258793976 0.2734172681519373 0.2621495986354726 0.25017867035705205 0.2628551324727553 0.26580646689157855 0.2948136244379369 0.2749634938115236 0.30453140323787137 0.3498868277003387 0.3847624066518665 0.3965377426857353 0.4086565026777616 0.4185595431408268 0.4118976269166035 0.40972135319787817 0.35559158422101067 0.37336615859770866 0.4044097307820054 0.4407276201861177 0.4446159717971345 0.45248090971960025 0.45060279150098004 0.47906616486602954 0.5539705176668964 0.5761615820983529 0.5436100923112756 0.5473338547348574 0.5658340230869433 0.5738141563938798 0.5235074482117955 0.5345486692156113 0.5115526070178001 0.5299966777926565
0.527430922050129 0.5297849696583836 0.560089230075071 0.49421756854706966 0.4910649364920994 0.4787465000781942 0.43378053675589034 0.37041880679020756 0.2886847717391114 0.2818447635921168 0.2104601877417144 0.25456496630197906 0.28167492212247136 0.2850111320996448 0.2631980684615229 0.2766534424880121 0.31533716846322296 0.31492998882257317 0.28497667375789554 0.34671802220351877 0.41337736448513246 0.4418914516083098 0.42259264395986745 0.4116887195215831 0.36460912423342734 0.33711700373077363 0.2851800947676708 0.3495084792146083 0.4034844462808627 0.45582618851567897 0.42931767796009956 0.4626354145619095 0.5282830439325082 0.5358255023507875 0.612313121546017 0.5987303331170116 0.6095916514988547 0.5956658276266729 0.5915452029198368 0.5880611800756661 0.570909963457421 0.5221190135093001 0.5244843735871186
0.5083017854626855 0.5471221276905754 0.5184111371454362 0.49361829356657755 0.45905701705703766 0.4698603010482993 0.4517290715721344 0.38829870965680996 0.29822298567589745 0.28910681762132073 0.2591620568902953 0.256072263087019 0.24315422345529783 0.2783619340277854 0.3095014431189291 0.32845859710469677 0.3178254806218446 0.3417219371432603 0.3305449079813068 0.3914255880900606 0.4059295394291487 0.43216032741479526 0.39011251359121374 0.42290113801635426 0.3987992247725468 0.3832611646995656 0.36521992624690497 0.354158373344185 0.4036475863532722 0.4655722438575963 0.449964095847673 0.4805042415009155 0.5088754402857091 0.545467244040849 0.5959204604960742 0.6167492323272412 0.5785487653724128 0.5814171539533013 0.5689899321903051 0.5831952681815703 0.6082135794498865 0.5945309541290044 0.5783135096106196
0.5150285335263619 0.5236799600013342 0.5439963314044746 0.464448809200046 0.43249983123320246 0.46539248417522355 0.4198395822643251 0.3800066986873465 0.3252526147453021 0.29123312032849985 0.3049529331908961 0.24888181820239677 0.25160396671438445 0.27956529868119395 0.32248231098800756 0.3566119671479304 0.34744771394960394 0.39010890258367953 0.4001463578105613 0.4072511813562704 0.4113719488918399 0.4218233064262978 0.39964425216009125 0.4120023055210342 0.42272622239423946 0.417501390797809 0.3947316738551897 0.4125124536042174 0.4510230877968507 0.4312611134385906 0.4608521245609054 0.4646635567413494 0.5254796682516907 0.5525021155178648 0.5572256668094161 0.6024958667567821 0.6260050649932873 0.6312741808307155 0.5793731692293362 0.619614913864933 0.6097215840837837 0.6012431644433059 0.5804230686842016
0.498756650285765 0.523119681283657 0.5144288338765953 0.4426636621740622 0.4539420378620519 0.42424823849704824 0.37243176179639725 0.3523953280429946 0.32232218892965064 0.31098032373090867 0.3229399845523425 0.29280468372589463 0.25723352792070087 0.2869864233264247 0.3398868251112559 0.3197446128803729 0.3388029228848713 0.36063988537444797 0.42037932201842476 0.4319598644770997 0.4472854306508514 0.4416316922313083 0.43428920776814045 0.4364553005870395 0.4239489063467488 0.42117655644783364 0.4356884784496355 0.4509823733163484 0.4782798382749566 0.4435752293198051 0.43812148152697156 0.4848948703417034 0.5003113068715257 0.5261892576415665 0.5999181602862418 0.6071542918581133 0.6068706979509387 0.6177947551750324 0.6105842226434852 0.6276290476209899 0.6252586553031494 0.6487307687647506 0.6405496113112147
0.5191575469301729 0.5368638269968751 0.48121313620270384 0.4215442763891663 0.4133583522070314 0.38195124131571984 0.38056232058526596 0.3385023735504132 0.33492837200041964 0.2977286206973231 0.2636418478189638 0.26271183041985247 0.2799126889194851 0.3128307403933141 0.3864039018708288 0.34950072892252476 0.32616306940336554 0.3436709327421068 0.3724607109476734 0.4178520907540847 0.4514149777016696 0.4385430045112258 0.4246013477899744 0.46033543635405144 0.47559611654461603 0.4557322552529074 0.4842828013798903 0.4556532202936181 0.49871998966119685 0.4956099606455678 0.482076610675945 0.49693552291079973 0.4956681096550722 0.5882747578155578 0.6335038817636487 0.5837097708390294 0.5926870434910242 0.6172187093306734 0.650037208031061 0.6373990959793788 0.6327993095171551 0.6794166677052453 0.6964841457792501
