Raster_benchmarking/Raster/continuous/raster-366.asc
NCOLS 100
NROWS 100
XLLCORNER 1743157.834982897
YLLCORNER 5469290.748276782
CELLSIZE 10
NODATA_VALUE -9999
[rows 19 to 37 of 100, columns 43 to 85 of 100]
0.6999559313957139 0.6933234234209287 0.6877825631771444 0.7229934655469924 0.7107614526255007 0.7050658778155201 0.7095946699758583 0.7134180264915432 0.7016975289914671 0.7346101031947793 0.7490894998860047 0.7450955952383027 0.7261420475514387 0.7504556337449514 0.8035364829725978 0.7798231022915231 0.8096587393415094 0.775719917484724 0.7741231729456328 0.8098261450884378 0.7996371907587957 0.7384813140018073 0.7225154735183357 0.7269909482528736 0.7500742303781978 0.7393182502140304 0.7528310324112484 0.7749592110158428 0.7535120873754233 0.7796000330016598 0.8330569349925835 0.8084024009135912 0.859505196280726 0.8843650132197172 0.8774009617818738 0.8778346012460223 0.8727053039150954 0.8677549361201962 0.9010813066651644 0.8639855261263385 0.8682950729394449 0.8759624855830969 0.8502687771442387
0.7093064996948888 0.7028646023048722 0.6763438895861172 0.6847640532051722 0.7173351077413838 0.7361407782125667 0.7029428083010114 0.6859809429561259 0.7013951836346006 0.7622595920066666 0.7865501335807693 0.7673982526532501 0.7801651692904271 0.7856402561035931 0.8200310260436788 0.8212960846342808 0.7958114519469666 0.8078494286387091 0.8129823828967443 0.7851332511197331 0.7827514887761438 0.758287549231883 0.7611916397148527 0.7589814226853546 0.7511637460813053 0.7514914939860785 0.7826410393817833 0.774058530051589 0.7802194385710881 0.7756765833509311 0.7847924715029709 0.8022793846881403 0.8448660003471159 0.8738011970985013 0.868735483673443 0.8599949991866023 0.8468188634680202 0.8920370515346694 0.8625625477168102 0.8382158222380613 0.870621529489748 0.8653316196219009 0.8594720986381457
0.6916440306296133 0.6980417270852634 0.6457790122311274 0.7042357486571643 0.7327791967004011 0.7198308368630516 0.7176048386969156 0.7254651480343554 0.7182123186693186 0.7523571098384971 0.7824450865808394 0.7560077986180016 0.8081630568000401 0.8112427559028471 0.8040266764996902 0.7989379375887806 0.7700161891573717 0.7972813998981739 0.8349745213382989 0.7796009024920698 0.7664724497304192 0.755921051168876 0.7117561778940836 0.7399214228184234 0.7726273575343283 0.791280275700566 0.7991003132488295 0.7625610894423152 0.774963021585458 0.7675999883392004 0.7685347588443819 0.786692539041649 0.8196115893977701 0.8496306619312457 0.8457162331370957 0.8445519919959951 0.8366905060374117 0.8636206765292486 0.8660465614197851 0.8171792079148577 0.8093057660946676 0.8310381674854754 0.8377676046960508
0.6854049585202382 0.6708832978199961 0.6284336745230596 0.662942261457056 0.7124662273133551 0.7254941811076279 0.6740755206201411 0.6781376157914303 0.7197647571918251 0.6984595320845995 0.7348704776420815 0.7595091256824991 0.7875408038995179 0.7944080866122875 0.79693912136596 0.7916629930389236 0.7754243334148125 0.7941603036840374 0.7766463727055056 0.7857006249329939 0.7612845974836955 0.7190006514194514 0.733259386792984 0.7202231023227703 0.7481249219389594 0.7478287428368466 0.7799369112975232 0.7734970609833844 0.756647379722393 0.7517040688863593 0.7500582801830475 0.7642653247629076 0.8047734828531509 0.8047238196440308 0.8110891051092036 0.8338133183795301 0.7956062672254717 0.8149682700112216 0.8246548225474207 0.8508232550710703 0.8450112676571415 0.8242440928158346 0.8251217448391502
0.6646427961107333 0.6540852297486601 0.6265776191678851 0.6369291696799703 0.6933983445890296 0.6783949085189862 0.666347980325787 0.6599157783231109 0.6960062093580521 0.6789695969826145 0.6986917693830728 0.7295678691234458 0.7580799133904629 0.7841552428790772 0.8112505108318561 0.80781117377131 0.7949060587405101 0.8123415210040147 0.7850508024313557 0.7962943685921926 0.7983275368937156 0.7176527010312425 0.6954719676388449 0.6870728078246451 0.7192467990199856 0.7131395157717608 0.7019615675459706 0.7522706489718893 0.7570431760783307 0.7461130610866387 0.7341607474223573 0.7424164105916351 0.770884920448208 0.7705576530562543 0.7886615189140688 0.8204283025738857 0.7959640525763514 0.8131977371019962 0.8551582706496125 0.8429698988697999 0.8124631858076002 0.8204737916079674 0.8524492285662559
0.6370868596977552 0.5963546283236327 0.6115636493901724 0.6343663428167475 0.6625547282406199 0.6884912007789077 0.6973850386057813 0.6633001704069704 0.6931699573195216 0.7208431035582119 0.737383416212569 0.7551137042422525 0.7736989988503723 0.7642832052741647 0.7683497767292367 0.8125380348369831 0.8239712955389484 0.8159366197866549 0.8320261275495189 0.8016369739535553 0.7743255022223557 0.7165009225822446 0.6760941901453182 0.689294303961703 0.6789510674574483 0.6944430503700667 0.7164895487954767 0.7012704553747398 0.7076182936943218 0.7214149452741596 0.7214433408238007 0.7112803351943299 0.7467393128570482 0.7814106139444279 0.7812176378254139 0.7829137513192973 0.7730809428637612 0.787998315053023 0.7863441118431553 0.788325928335471 0.8129367207467627 0.8293834516838385 0.8484577867035016
0.6021143428312409 0.5724023884993661 0.576190086147504 0.6132507047147987 0.6959825187960587 0.6627364495771931 0.6771650321296 0.6654312014879782 0.694041706968533 0.7145245602921724 0.6965690200812152 0.7336812611807729 0.7892072398829848 0.7881171067409564 0.7659410116390679 0.7983554903526257 0.8290101640621872 0.8047414672624553 0.8418739990764283 0.7831476926876325 0.7955430859825579 0.7316029959647149 0.6782604550364543 0.6677845200550836 0.6491488773370421 0.686452087572428 0.6698067588996142 0.6970642641368421 0.6701802793241309 0.6947772901492321 0.668160592961187 0.7220961311448127 0.7438798657325746 0.7623165101183825 0.8311514389436945 0.7917262119827996 0.764920878113647 0.7791894554812138 0.7765929734383884 0.7882723466419037 0.8131434243902252 0.8207902716868238 0.8622343146784607
0.5988599076923744 0.5949742303934501 0.6277993251275293 0.6294760211596112 0.6587619651735793 0.6811830019750446 0.663470627206057 0.6856309159904328 0.708722792203787 0.7563261749264976 0.7303995996481836 0.7660620417331905 0.768165406415075 0.8029704910831289 0.7958967638500266 0.7776019838165242 0.8097477979829132 0.8068136228584478 0.80851066765222 0.7633470735622828 0.7292382220792518 0.7061339639065033 0.6962601118610162 0.692122193203684 0.6504865966263514 0.6560300469530909 0.6501194191322861 0.6481470345598087 0.6493141376091052 0.6681367898787285 0.6817004673295732 0.6859350813040326 0.716913529643766 0.7372382007640662 0.7503127333271766 0.7807578218977959 0.7734792647655621 0.7737567301602765 0.784702054569344 0.7677279761427571 0.8133550104892364 0.8289430062127955 0.8474641001395619
0.6080690403710701 0.5903108315734503 0.6199800834961293 0.6647169800960869 0.690466420712473 0.6700477634106516 0.6824634156218669 0.7001522042617099 0.7476464481977653 0.7774896420144305 0.8034118269601278 0.7777238535964472 0.8086675407599755 0.8209812626011512 0.8015068979276276 0.7546996627784184 0.7480484825130153 0.7988483950360219 0.7931561728722704 0.7453527115468461 0.7013263505928802 0.71961735630884 0.7141971304756152 0.7015154196359923 0.6538369359107868 0.6670190655527403 0.6798117989360709 0.6826823071151865 0.6294149061206424 0.6424904101654423 0.6647351334085838 0.6946954722798421 0.6944814376045597 0.708675816968095 0.7249512181026783 0.7676171486159278 0.794984632290669 0.7665313849176408 0.7287918784327567 0.7684334249455087 0.761633605187408 0.7682476524017525 0.8068818101867713
0.6320166202651704 0.6304583355892852 0.6514169298544275 0.6523671486665638 0.6751776460128017 0.6877028025313309 0.6973154234271876 0.7383849741172712 0.7541101093312135 0.772120958042137 0.8247205004137459 0.8267281269763095 0.8115182276148425 0.8086938915689155 0.7784321563348843 0.7658856038427667 0.7659501074859625 0.7531930288388524 0.7508503952917589 0.7560876907705475 0.7254955831029187 0.7315651223575868 0.6898907475441698 0.6752203023527347 0.6504954952318516 0.67059168998323 0.6935786610887477 0.689913835328309 0.6553849777069264 0.6426540150926101 0.6545736637291767 0.6588542973567997 0.6791087235103843 0.6970114627199614 0.7098355605358387 0.7440135809203959 0.7607456454725682 0.7424378944458603 0.7157910581115456 0.7397399636300798 0.7507155602742387 0.754507903513208 0.7294337704503407
0.6085914527362244 0.6077883305863696 0.643807091259252 0.6588749110990842 0.7165348617303062 0.7530054169308411 0.759326455357111 0.7735119822927659 0.7575428469047751 0.7938783397441199 0.8455558769360509 0.8312944941577276 0.7899550246873057 0.8052040290933865 0.7667680465478512 0.7559260771175533 0.7774370341689044 0.7740658653636112 0.767102580752263 0.7606988131897034 0.7535487700574637 0.730939232542985 0.6799400187683003 0.6611201355378126 0.6679386068189783 0.6919883292648814 0.7066286912357688 0.6965235159883502 0.6435356556231471 0.6294629467782423 0.6342002013371062 0.6676961141776152 0.6937171096224976 0.7043651658390433 0.6894061958490213 0.6774282610225227 0.6939476583506393 0.6953712644716963 0.7386293853497442 0.7311099598636638 0.7408851215333873 0.720120812103503 0.6871762376188756
0.6274323170833809 0.6115316243200518 0.6433803325726354 0.7058228091422708 0.7205606036997041 0.7850351148232695 0.7733591859861801 0.7655343937164729 0.7989666087423467 0.8107787529410732 0.8423174288494119 0.8540155070074495 0.847576844459134 0.8038842342084977 0.7900215275343283 0.7797676641687749 0.749789279509626 0.7419724131070965 0.7431242938274795 0.7708872874164385 0.7396281693461019 0.7080974841288573 0.7067364570109919 0.6989791042731401 0.7078155630347656 0.7013006572830317 0.7026463629345732 0.6543612479940206 0.6713326179519417 0.6657932751601969 0.6515501430396977 0.6703440292960524 0.673296517356202 0.6435351650261484 0.6305963128389985 0.6518604411819539 0.6902979350704411 0.6846524279199909 0.7205417473619813 0.7386129445024857 0.7340253983990126 0.6989041378825419 0.6986134942891352
0.6129685795631046 0.6197221132634976 0.6719643730354377 0.7071768599846104 0.7546251389844215 0.8100747496807336 0.8215399240132177 0.7887863837488135 0.7918187197258565 0.8010831205553224 0.8401462596542157 0.8677793290496447 0.8481447244141342 0.8468530056583758 0.809681426646476 0.822207856247621 0.7787241622874719 0.788891593767153 0.7459923320865709 0.7464298494832645 0.7167797616244329 0.722154267022131 0.677087394974009 0.6966986342752969 0.6752298245228817 0.6673013541380625 0.6829495920760195 0.6489452184973907 0.6303721189227152 0.6419202818185978 0.6600548767429493 0.6447360080494577 0.6383350991853549 0.6427000751605019 0.613272101963851 0.6185277215780496 0.6375174093651259 0.6820515598267913 0.6955160937069056 0.7131362539897698 0.7105226648000587 0.714569085844221 0.6654394536274465
0.6442786068060525 0.669235166261443 0.6793295896888571 0.7266396073130424 0.7637268072715384 0.7925751673457572 0.8139517488041602 0.8378501893745723 0.8440838851427358 0.8508739023818571 0.8408877253296724 0.8658361696502914 0.8649564841032903 0.8294906156978561 0.8046157798702938 0.8204655614876493 0.7938226626744485 0.8057635203246133 0.7766250360231782 0.7603433666916425 0.7370241579872365 0.7031122695950491 0.6611127128571217 0.6584281092416834 0.6809368509847461 0.6756300491553271 0.653096003594531 0.6417599435350373 0.6180280834491827 0.6112934173968595 0.6299103459406626 0.6370150441090286 0.6477324965387475 0.6053435453927166 0.5914352478153364 0.6090190278308386 0.5989923659933424 0.6496404444119108 0.6541269818310286 0.685868650770255 0.703523709022496 0.7079300288844382 0.6832054633016313
0.6810090004754858 0.662613352779773 0.6598443680381529 0.7017633516052993 0.760577910033418 0.7975877444695332 0.8146321872093804 0.8455880933213944 0.8574993331269397 0.882163714131829 0.8882115932253748 0.8509316062892504 0.8662444641310056 0.8561475354706292 0.7917435833506018 0.7894437105887281 0.8340237446050636 0.8302989138835285 0.8129852343563565 0.7406112735562034 0.7140158218026968 0.6805629378561302 0.6838690866361166 0.6640509446354661 0.6602676825478057 0.66076779085109 0.6190297401759711 0.6352611900976423 0.6284581901747415 0.6420152537425584 0.593630962918445 0.6077402808589519 0.6384201344411483 0.6173882156554625 0.5936933155671702 0.619996055078266 0.5815973468626195 0.6354711267170974 0.6332371226661146 0.6450158766960756 0.6399012880056991 0.7031035127749802 0.7254035292186147
0.6693939896029506 0.6940139172289511 0.6777284718028606 0.7020236417862297 0.7311826277148756 0.7734995155902861 0.8143376517786319 0.8564865869175867 0.8484365740379876 0.8785955868497831 0.8674425678800837 0.8706372863795955 0.8663090007511082 0.8597952365829212 0.8455799938824428 0.8074897496103602 0.8415366524433608 0.8159168242407637 0.797619188187161 0.7740814074255307 0.7054022399084959 0.689017108844882 0.6839792986849609 0.6566759232159943 0.681856615494005 0.6742155928641989 0.6564641657604997 0.6257162083979154 0.6329622653857889 0.6313832983685631 0.6298948544153921 0.6001966723809111 0.6291760177632515 0.6222697811287912 0.6018622996397965 0.599535296149522 0.5989975004778504 0.6277170799206749 0.6561953425601555 0.6480485164275299 0.6628312682392234 0.6857069724074328 0.6709441366014515
0.6664624944674877 0.7003244168565596 0.7082295886525571 0.6930250648022815 0.7280185669172834 0.7769897130229698 0.8207346087218336 0.8537224023903884 0.837669979354732 0.88033266408375 0.8464454815204991 0.8745994592510845 0.9006100220100249 0.8540268486828202 0.8431128506734964 0.8657972725017364 0.8532076100734755 0.8081388868881818 0.7752423103405466 0.7798473044007463 0.742181066639238 0.7404226672202137 0.6995554076097447 0.685865264416663 0.6574574341518825 0.6629764798841414 0.6579804332133992 0.6473993296310064 0.6373070103433355 0.615714622362853 0.6420328113526631 0.5970563921867614 0.5542981978245838 0.614249483376911 0.5993752367524697 0.574421683655388 0.5684872584976006 0.6116303662325389 0.6328944568464918 0.656926523914581 0.6160039901149931 0.6339552486377324 0.678814010967724
0.7082434509032205 0.7350662935111806 0.727072778163669 0.715436786048483 0.7594806784335111 0.7931051046857073 0.8115513052594004 0.7965802582613489 0.8214034892458861 0.8611514713556435 0.8680349431559636 0.8859775887950391 0.8964060139921671 0.870877048450575 0.8638442007922734 0.8731088407842572 0.8402151374429286 0.824432035925249 0.8328015413949961 0.7926425831860563 0.7745817117683227 0.727359533983117 0.6893529605221677 0.71022916818284 0.7017785954106277 0.7085881873259192 0.7065018228803942 0.7010970811068635 0.6709861884465003 0.6395050765393092 0.6679530368022409 0.6152504190213278 0.5620851180567746 0.5830575468170681 0.5548094097757923 0.5377016608858622 0.5763813769747232 0.6015738664102572 0.5952571275756776 0.6319110231197561 0.6583639407072316 0.6560258020274001 0.6348068535614311
0.7720134634678195 0.7485802666647334 0.7283065451420238 0.7228677497289493 0.7789113409360877 0.7810918047113973 0.7491421149472358 0.7709862632425455 0.8426177125650537 0.8835976339224435 0.8593618093560795 0.9097569947416042 0.9274966108090508 0.9028603967666718 0.9001547133149802 0.8873547059074295 0.9001156110767791 0.8731100164883909 0.8514533137247566 0.8443292462537652 0.8152422776563146 0.753227948262138 0.7130671954817437 0.7026271964541111 0.6867453345987513 0.7218394065827073 0.7464239014050482 0.7290140951603791 0.6788776757966627 0.6635680574106335 0.6715700807955298 0.6337548425301307 0.584116986823125 0.5452882669044531 0.5306231656997499 0.5413591987392817 0.5418882979725749 0.5628247544671674 0.6014265123499142 0.6297523069921506 0.6319953016346056 0.6202984735171049 0.646609078874361
