Raster_benchmarking/Raster/continuous/raster-413.asc
NCOLS 100
NROWS 100
XLLCORNER 1743151.9503682582
YLLCORNER 5469289.40299207
CELLSIZE 10
NODATA_VALUE -9999
[rows 57 to 75 of 100, columns 43 to 85 of 100]
0.766659722160049 0.7930599920382794 0.8510249839094671 0.8452045363803 0.8449583353634513 0.8178647394179863 0.8410296246343086 0.8647564187614739 0.9076800886918707 0.8539534569584196 0.887891202877315 0.845970057228813 0.8695241718728299 0.8331548106195436 0.7945945510920841 0.7729088864285484 0.8231359361559273 0.8417020784633916 0.823009380945449 0.7720658816124059 0.7304622080060184 0.7242846336766177 0.7356907716111263 0.7290770478857385 0.7153699533811376 0.7326136181273337 0.664669951409407 0.6028919310865627 0.6133421539498052 0.6372688683403716 0.6122776428446614 0.6487334547892093 0.58054523873747 0.5603195727716923 0.5973446963504329 0.5929614544696084 0.5671176408644372 0.5060387398087373 0.4878061682683107 0.5435684155405277 0.5608503538530475 0.5136435983427924 0.550530853245833
0.7644414056772831 0.8179411654359509 0.8645682728910733 0.8984911294560342 0.8871536792686411 0.8799774146846243 0.8507724576153182 0.8718158595089699 0.8846434650823418 0.8764692827465647 0.8765116028240033 0.8547367944319829 0.877824358361283 0.8460727300050864 0.7919639319061754 0.7725119848464431 0.7841560512894664 0.8472759746942169 0.8356219073174093 0.8047714053166806 0.7536747199616004 0.7370547972084182 0.742529071380498 0.6969163979761651 0.7162568682898308 0.7129273162159897 0.6516482029228976 0.6357308092393363 0.6056393810479667 0.6184132575824589 0.5844336478963771 0.62491109771582 0.6136915423712229 0.5521938663846655 0.5883533327645183 0.5602004801278236 0.5473761719271559 0.48091107980670383 0.48085010538184964 0.5299444052189682 0.5670040233184181 0.5234502758378855 0.49204270854190296
0.7777624340159177 0.8416441864783839 0.8992754474297795 0.8911162974529687 0.9212193788111134 0.9312710283839691 0.9073577635604438 0.9112117920531814 0.8831237034291799 0.8247090191033529 0.8068512943670154 0.8626897212676861 0.8764728503158921 0.8219845708615144 0.7706803394454241 0.7690552449216381 0.7903713861112203 0.8057309670036975 0.8548746094255346 0.8102752920763358 0.7553319880545744 0.6906022244726518 0.6732125287719422 0.6710658278569691 0.7001739522208285 0.7034411938981232 0.6422362020740994 0.5792547930639917 0.5704638275590161 0.5609370651649375 0.6193620516576789 0.6029367405298386 0.5732838823321956 0.5500153722666824 0.5307087066827318 0.5026242009062427 0.5220112144289272 0.5346451412829463 0.4719760060484138 0.536622004753403 0.5582117265114923 0.5390508980104257 0.4782213700509419
0.7587740017101853 0.7944423436430533 0.901224710271701 0.8842617773725461 0.8943714282194799 0.9304323717113113 0.9219246960388956 0.9035090907171319 0.8904300542399044 0.8580235811703906 0.820162299510606 0.8001770015395293 0.842251424305426 0.7910818047501903 0.8196506651279443 0.7688800132758876 0.7794218817368965 0.7845125412998277 0.7749789654328082 0.7665135124245512 0.71108815538124 0.7257373054789608 0.7099816052310062 0.6879801883870507 0.66437926486504 0.6286970829849884 0.6197210540637023 0.5597027051245992 0.5177613391882276 0.5492459403319175 0.5743438799432181 0.5348778766249928 0.5230522557433042 0.5380395794870868 0.5156244074476076 0.5163330014387248 0.5202605888461037 0.5222410974863011 0.5269827937744244 0.4982424834827563 0.5126863156921824 0.482886591231904 0.4942531209214014
0.7625088106932842 0.8351102270149432 0.8838752922388072 0.9036468398863767 0.8914161042551759 0.8644185782531907 0.8922276164342171 0.8488142448888081 0.8496782925800777 0.8583267671338516 0.8288866205184552 0.8114279578173342 0.801150209990906 0.8522644617070178 0.85493546137071 0.8138210896997071 0.7767932845569735 0.8147972727336493 0.8285771894934845 0.7757998876249961 0.7183121571930653 0.6935545774193651 0.6857161730035151 0.6524176054723929 0.6687652785961143 0.5972017904842809 0.5152275194813623 0.5488824891052488 0.4972099618148067 0.5235318069786847 0.5556857952839459 0.5763723639649928 0.5288717521589231 0.5444690298043618 0.4673940980112998 0.5227138750961531 0.5505132923890865 0.5702096738604926 0.5089759488233018 0.5220210291441038 0.5705569239608562 0.5140876670878054 0.47190934188132905
0.7649134220756381 0.7748701011362458 0.8110857799123347 0.8631298927129122 0.8524402166851847 0.8565645922603544 0.8713453723407012 0.8469524637810508 0.8414599898526013 0.8492748620868739 0.8437989434404037 0.8326979818316378 0.8440167877315984 0.8519576700314451 0.831150553195655 0.8067380514520156 0.7950567947791655 0.7997198659825508 0.7630340454357257 0.7515583571509041 0.6778034456125156 0.6542524857746229 0.6754212569606638 0.6697568639920553 0.6784993518078164 0.6099818731320216 0.584247259696177 0.5405854166786312 0.5228263679748948 0.5039880477885512 0.5629538189118289 0.5598893399868564 0.5653823519990757 0.5385513891782663 0.5011203956952043 0.5593538660057955 0.5741966906613076 0.5624333256948348 0.5203869017092397 0.5388827396118657 0.5227894539411898 0.5488471734693058 0.47448802772526116
0.727390769093055 0.7479463816990006 0.7281927077453846 0.7837905825286504 0.8445207310730529 0.8158250548164224 0.7987478424799122 0.8173305323062253 0.7987450022690382 0.8076139915819416 0.8522776517375978 0.8613079335254965 0.8060040164501299 0.8431138043734326 0.832423439625621 0.8177071182810777 0.8624217262116672 0.7888662844644828 0.7515529452853483 0.718837450856424 0.6945211443066516 0.6475919394598434 0.6097758591727183 0.5822657837217691 0.6163106597131872 0.5590245679299688 0.5319879200123092 0.500789447122894 0.4880891577537833 0.5011449612619557 0.5047196280256576 0.5716571604334433 0.5327926732479823 0.5243845198861992 0.5529489395791646 0.5837365111573184 0.5596249109203768 0.56819131901172 0.6067524263737689 0.6025822110508238 0.5650136726907757 0.5627123344243286 0.4886330980557008
0.679878976762194 0.7050095648697448 0.7169151816427343 0.7730253717140796 0.826689232479776 0.8120944424484754 0.8233972261995793 0.8085190513863364 0.8038215245147518 0.8248742829860909 0.8276882422773871 0.8267743737053723 0.7891755228212745 0.7992681024002667 0.7760618689229513 0.8400241269100277 0.8655979786689513 0.838337352140093 0.7961422979094587 0.7581561192163094 0.6857980621740563 0.6182113472473735 0.5820684066367078 0.5636752377050346 0.6138616472516562 0.5652127325650892 0.5322231742266339 0.499895974119374 0.48799295248896807 0.5434454718775636 0.5500663326970411 0.5627390669272857 0.5429259174655345 0.5446645982065116 0.5723294215111983 0.5655142707221156 0.560717425311748 0.6104436928568379 0.6091627772775897 0.5932903572256853 0.5501734597397323 0.5440797053013441 0.5447423582406098
0.6862989775770905 0.7436457126951209 0.7083405463746462 0.7665940982140554 0.7931513345282768 0.7719262651577133 0.774585555638397 0.8319109785455352 0.8266893059464784 0.8533676577167074 0.8248393580945399 0.7925035629823702 0.7831118045357025 0.7481986220665608 0.7472972499010404 0.8184143560992485 0.8358835544530153 0.8131072202826226 0.8347329223780656 0.7560898064311881 0.7268622729939864 0.6271850140874605 0.5770918815443287 0.57363698113892 0.5886177987682318 0.5146622728728193 0.4863081750153316 0.5182831802676742 0.46814196565753824 0.5709331071553759 0.6035409116974918 0.546975117722299 0.5719164900381767 0.6039825504840655 0.598278849048513 0.5560683824925899 0.5770693751483951 0.625491060904342 0.611612805650832 0.5484069974788177 0.5822099010491069 0.5814433038491336 0.6074164790251214
0.7441805588192496 0.7607606733675262 0.7387985812926506 0.7910732950719648 0.8059186724410082 0.7842515716548863 0.7774566035046714 0.7858917765431352 0.780534675146959 0.7888916441487149 0.7390218169652059 0.7701480075383259 0.7439438179865746 0.7771173763269486 0.7719162623899583 0.7961027514553656 0.7995059070159956 0.7889214999349172 0.7791998794360262 0.7218432960834497 0.7194512319450482 0.6197267508765187 0.5501797780664137 0.5585402868189925 0.5727670275248224 0.5026080786230395 0.5056191988277989 0.5129381039538525 0.4742610347623493 0.5196830274971898 0.5426688418538381 0.551532801850187 0.5295504376154777 0.5867432926739544 0.5711031980545438 0.5608872350593934 0.5513952273820023 0.6014903299815327 0.5614855563278371 0.5497414213200911 0.5734552202019164 0.5788637637084825 0.5576195453522843
0.7410695499681634 0.8009227561688421 0.8345848870182894 0.8062862285786014 0.8400651445179165 0.8178947503029347 0.7968412183336315 0.7999637270572281 0.7833258810347177 0.7490932904161038 0.717948211330755 0.7036436308546877 0.740337570150366 0.7355737684056501 0.704503834176949 0.722389481723484 0.7730087333839493 0.7394212041439154 0.7646996728503341 0.718924923181232 0.6894979199512061 0.6226312174669865 0.5753808304329058 0.5166086415542743 0.5367761460103218 0.5247916272198031 0.5051969032863901 0.5171046086580567 0.48539394831508315 0.4504111541117305 0.4767749761672269 0.4994966936425839 0.5300339271984188 0.5635883829833384 0.5979593374998681 0.6070464057085828 0.6032746298121998 0.5629849020169044 0.550773956358696 0.5366288331912661 0.5899371960391729 0.5506105138987815 0.5550267130371503
0.8213632203261851 0.8469479545305466 0.829395624820955 0.853984954856372 0.8483924476371643 0.8226607421661991 0.793857203502173 0.7579005707011881 0.7365592602213692 0.6910650830079219 0.6553151299496937 0.67742114072627 0.7036993007701571 0.7416726823881463 0.7616737518132392 0.7545046510593587 0.7697794648707208 0.7048354720953023 0.6902175536572901 0.7032658783375297 0.6728057669719837 0.5754459332161664 0.5686847731597521 0.5154051710582392 0.49071456640813726 0.4824447510078621 0.49962466216582174 0.5080839704656435 0.4508175143777621 0.4596715392651867 0.46901166348695045 0.544746597502913 0.5477193483120938 0.5514568894751105 0.5568501509098539 0.5670931807588283 0.5518448915944618 0.5131863458331637 0.5015879028160491 0.5517624099254042 0.5416571860830476 0.5570774721949023 0.5254015303376378
0.7836342532011975 0.8277556125051341 0.8902667253654721 0.8459702087635845 0.8605481961437534 0.8708081620557946 0.8165102493324627 0.7564160698440555 0.7149231050256482 0.6717651608879375 0.6794556707158999 0.6633005013781006 0.6656978997232169 0.7140256884651693 0.717742445230787 0.7396577391147252 0.7007990060672168 0.6686418995248633 0.6550017785141005 0.6878461315925276 0.6228483986688614 0.5900032099549883 0.5349275691064479 0.5484719996071629 0.4938313837818355 0.527467594553722 0.5011544989087348 0.5482556384824937 0.4757824725243104 0.4604362173025675 0.5099395117938474 0.5680935766006235 0.5823221331262824 0.5369072565838798 0.5425219822860858 0.5343139271241294 0.5306869316883035 0.5059014207644724 0.49825470334048033 0.551244807687014 0.5433346675508586 0.5108987286951091 0.5021480387978581
0.7757164978180136 0.7892946488909933 0.8192818451330703 0.8631901368791653 0.8494774192518627 0.8583308835049979 0.7930303969309918 0.7345134947133237 0.7152204026241339 0.6974517006510632 0.7292457162595293 0.7161355423316731 0.6872420646648664 0.7169040789680652 0.7069658813167585 0.7380808589969937 0.6987242178086551 0.6870197001786558 0.6589446684645748 0.6527974627812576 0.5763505354298102 0.5464405865272493 0.5705430751477518 0.524254730820586 0.5000110836749294 0.5249381207280004 0.5365973922239532 0.5720566737588856 0.5656542164043102 0.5231782026836301 0.4895924800366181 0.5028288328962949 0.5413567529080751 0.5424577334114502 0.49129433555115604 0.50895650042734 0.5548743810276213 0.5472926026123897 0.5417918562489307 0.5708040853087665 0.5365073919064357 0.5665474695933815 0.5776978376311728
0.7931793222573652 0.8354185464774789 0.8140816953762207 0.8833417124238182 0.8939191948932247 0.8286054625362942 0.8234368928103376 0.7894341418782006 0.719704682529503 0.7502507630664346 0.7824729707778897 0.7502473017203889 0.7468836549337718 0.7122811233236103 0.7417249112005994 0.681270682239397 0.7004471300333214 0.6679373876096517 0.6185815470605819 0.6168144180929042 0.5948478876398956 0.545041457863888 0.5587181940142499 0.5357217582843274 0.60445253394501 0.564501359845407 0.6116718421408736 0.6137973590761492 0.5671740620133544 0.5527803853797804 0.5288822270660687 0.5463410686854503 0.4999113003945221 0.515510292158641 0.5092555382909326 0.5253065031935349 0.5771651503728351 0.5254131069417328 0.584874477533636 0.6055778552300037 0.5666761865498042 0.5972672613111542 0.612925342618172
0.789139829440035 0.8158068752305706 0.8345528526617989 0.8271763266030735 0.805484850483379 0.8280099348533659 0.8154815395113407 0.7647035808569763 0.7271809754616158 0.7504077771348927 0.7775912511850978 0.7648433708620183 0.7505457471610227 0.685781698479461 0.6650914412218333 0.6495698569929301 0.6377317565525452 0.6401497933635442 0.6440678620102773 0.5865293631555962 0.5432345321237897 0.5459392451516607 0.5233629561424837 0.5782539869704877 0.6004722137473768 0.603115316494999 0.5910178659957487 0.580061374065001 0.5515505025684886 0.5165235298179232 0.49460235695553356 0.5537709906300261 0.5136260731915041 0.4884410590930947 0.5259873753225429 0.5074056505748782 0.5064360892397142 0.5254099500808654 0.5121845103118012 0.556020873500528 0.6029861454641581 0.6124513761502126 0.6208852944078045
0.7628377628182897 0.7795763445298112 0.8686289843848879 0.8361927903371634 0.8214514168103633 0.8109930149298006 0.7956456226438738 0.7630225904731331 0.7557256710787158 0.754795023627845 0.7344696697877714 0.7548959202990676 0.7370854279204089 0.6483962458273387 0.6073208215051717 0.6001154519890737 0.5935111519503692 0.6320028962484379 0.597731947147497 0.6192575730668567 0.5799334735834362 0.5828022730987436 0.5415928633172334 0.5728720199475283 0.5905762144864998 0.5951184778845328 0.5898743305582255 0.554535980491717 0.5648310031054377 0.5749233573167254 0.51498176349898 0.5521138651968567 0.5509945688059369 0.4934448595286572 0.5401929677176371 0.5242018567855824 0.4522963074671974 0.47437756695628036 0.5038767288033283 0.5223480174405997 0.5722285269862698 0.6048178695969976 0.5665774186823985
0.7512473776858681 0.7711914534702857 0.8168980156938103 0.7913106113326053 0.7675638955114148 0.7459018081573515 0.7610550017598215 0.7959753611869 0.7704829857338256 0.7689416782929575 0.7438315226168078 0.7404939806196521 0.6805080697960394 0.6400542906452953 0.589284497945458 0.6383087261491649 0.6128504474887522 0.5782595340667969 0.5758012603727357 0.5882412859362296 0.5852375570144343 0.5680062972425007 0.529850083296721 0.5726073381574107 0.5347605727047662 0.5632979515190603 0.6016100142074228 0.5723840696201443 0.6029791040528871 0.5966031986435232 0.547612167676119 0.5514780943434057 0.5435920921197712 0.5088270761176172 0.5509368351608692 0.4852798667301092 0.4875120076845082 0.4857026351255452 0.4709422605942109 0.4843180454969503 0.5494286573628668 0.5402504564855726 0.5212483038526158
0.7068513298019738 0.7178110800987092 0.7366079674162672 0.7925131158964317 0.7575241528077694 0.7354563699126322 0.7327416245224879 0.7369932023732818 0.781690390350413 0.768305965605989 0.6773763556917951 0.7324066964335891 0.7213882101574206 0.6816995856837131 0.6076741875971796 0.6635699980148778 0.6321274018572987 0.602653366639754 0.5632947240188879 0.584082493558187 0.5625305121583201 0.5547452662364311 0.5607614980544375 0.5586258760882 0.5477276002230037 0.6062026151448586 0.5808715152270824 0.6097205305415924 0.633072841892226 0.6624042548128849 0.6403296081569722 0.5715707795069368 0.5114762737254062 0.5279004185340977 0.5512854253886682 0.4638758108175681 0.4330635044572212 0.43676040691848167 0.42480815495780005 0.4810587387854466 0.47582135475443976 0.48659731813923035 0.5461380035882764
