Raster_benchmarking/Raster/continuous/raster-207.asc
NCOLS 100
NROWS 100
XLLCORNER 1743161.3150848777
YLLCORNER 5469281.621664909
CELLSIZE 10
NODATA_VALUE -9999
[rows 19 to 37 of 100, columns 43 to 85 of 100]
0.5639457417790736 0.5606733656878866 0.5565497367769537 0.5224896178917757 0.5301230750866048 0.5675154684539532 0.5801136068926739 0.6002411525467839 0.639361805760034 0.6313043671785162 0.6547841392793164 0.6659890628981735 0.6726800859799811 0.6520651467750155 0.6358477362959223 0.6543261999731849 0.6203391407431528 0.579085539167281 0.5687665556759521 0.574026937703377 0.5834989991607552 0.618765497055546 0.5823316773428437 0.5926451841622404 0.5926624573395166 0.5885150878616341 0.5517166109765472 0.5495674636679377 0.5219926586386684 0.5233094593686324 0.5281623763121448 0.5238735958735834 0.5028789962929283 0.49711200499432245 0.4838012449982709 0.4918138510657426 0.4918645595459566 0.4703605191214639 0.47781872317395124 0.5003011653806853 0.5035013338381246 0.4672021320656069 0.4981214737274995
0.5547093979916471 0.5756577778733054 0.5579049779214683 0.5394580388854834 0.5787863778167874 0.6082481702465239 0.6015191593903478 0.6308105979089107 0.6402230072368374 0.6181848747548799 0.6504842509041016 0.6329715896749734 0.6399512004103418 0.6668346187444563 0.6489443888127945 0.6461910625571855 0.6154448954669666 0.5949108409303734 0.5755488520251388 0.574630347030768 0.5634809738045221 0.5762797705869446 0.5843298951545205 0.5846642652621696 0.5875890799862739 0.5852773991484151 0.5749323819772652 0.546066379573915 0.5398463499263267 0.5559609332983886 0.5617707763236032 0.5116422637596216 0.5091231542386314 0.4988748965642371 0.49748617040922527 0.4605587625769382 0.43452848879093736 0.45141402505752326 0.4537477154305778 0.4337685505014502 0.4606120736894381 0.44693238488224424 0.46660727196256063
0.5759144971588978 0.5421779044959648 0.5655349445651179 0.5420171539765979 0.5828420816429629 0.6280593787591179 0.6367900012625441 0.6625212011214341 0.6366076105758148 0.6271162565116031 0.6531394923174734 0.6304985965351324 0.6433092467825303 0.6487964155066284 0.6676153779037993 0.6650563148744978 0.6244294772135117 0.608101517940024 0.5873519299656942 0.5208017909369203 0.5455700503832918 0.5282656013899878 0.5507235891186536 0.5783588746328941 0.576672259746896 0.5757729226818135 0.5810135717801218 0.5750102528308508 0.5524759867591866 0.5851017997004683 0.5675537529957623 0.5435041410795209 0.5393479115044869 0.5264613558230541 0.48382402010345615 0.44458133978327974 0.43791538334125635 0.4115639677281231 0.40400905444903434 0.3998213232135668 0.4118350478631381 0.4120124059939058 0.4549881074872187
0.57174803458434 0.5574900544039687 0.574332555065497 0.549672340005359 0.5778786991120702 0.586098232626072 0.6126835513993292 0.6685591151430509 0.6625792593236606 0.6325700306852277 0.6267140953487217 0.6380441427865696 0.6218260802668207 0.6215963234177665 0.6391430420680083 0.651300230856718 0.644278066465768 0.6064793049926508 0.553862865177446 0.5285831672293683 0.4994784651681322 0.508975914434356 0.5264918595982815 0.5369138261938664 0.5515561691409676 0.561886183932035 0.5933529634620729 0.5637527080346804 0.5690655403545881 0.5549065155249819 0.5277579347936573 0.557171260065052 0.5280275479813586 0.5012328689757848 0.4657166611798796 0.4274018598192298 0.38757060321014225 0.41142788084208837 0.41873300567652905 0.42731051295801326 0.41389725169549335 0.3828892263112822 0.41461861555003576
0.5638461822338693 0.5909259097155298 0.5932575543488074 0.5613254314369109 0.5745620730869496 0.6014387878028259 0.6236428847017705 0.6505184994393772 0.622218827491385 0.6237707562326326 0.6202927355939146 0.6394554156569926 0.6131821536213989 0.6277959465902267 0.6438628088786245 0.6416259953381314 0.6185874278372 0.588431881430683 0.5694493805920796 0.5276547091974366 0.4971706006240085 0.4782193496049715 0.5041253215213978 0.5371693456138803 0.5563131820534122 0.5752583534522546 0.5756486604972647 0.5553561930365377 0.5254297914006191 0.5256881068515491 0.5017030044638784 0.5392761153987641 0.4976042066484786 0.4323075414831107 0.43341232090954995 0.39443614888501205 0.38323561207343243 0.3747747006201152 0.38651940349330655 0.4248435351494217 0.3893784656450893 0.3790365570833296 0.422872725118981
0.590795415828137 0.5908552980769632 0.5845201940858086 0.5964771043644274 0.6081046037977236 0.6193965432860109 0.6224684979612908 0.629839155204481 0.6136639575826579 0.5934235194679209 0.6186904748777983 0.620996768495889 0.6118140284614558 0.6369543761807569 0.6197330220616778 0.6243452226330982 0.58119197433471 0.5493920799463364 0.5550395580031079 0.5226059594782247 0.493042639324984 0.4947701989609563 0.4974406282649851 0.5075319642952366 0.5173828761543892 0.5103793446088265 0.521288782119824 0.5107717609328746 0.5136819582392623 0.512058463600029 0.49278488720189256 0.4766585929763823 0.4668008439898258 0.4019563175881239 0.3859623750206607 0.3674207189208402 0.35367832833162277 0.39271113427789117 0.41136691058150415 0.4333899148501015 0.41970884924317003 0.37281461865349086 0.39641248217695385
0.5707488406986493 0.5853491325969103 0.5860426542829624 0.5910157365599856 0.6005339320420786 0.6235341699357467 0.6498085330181687 0.6535148246809614 0.6221929748673299 0.592562403479972 0.6130400781000118 0.5801225194509966 0.6272687152104106 0.6227652097418706 0.5946349968267065 0.5939426027631763 0.5908875565466981 0.543671850952972 0.5372832010334132 0.5379513304230348 0.5150987811061963 0.4518790590211342 0.4739242750264216 0.5141557165758609 0.489464008418448 0.48582278138323376 0.5047609096661444 0.4864588121829247 0.5179850366299487 0.5239836655894261 0.44754770170750263 0.42626718751225107 0.4305770133702797 0.391593497239107 0.36505043375788054 0.3534064041750703 0.3553821104066501 0.3842139462849751 0.4009271517250696 0.4261176697033295 0.4263093519648325 0.3843726614233655 0.3936211646130799
0.573051537951316 0.6023396952044391 0.6123788262582572 0.6188900409519069 0.6118649234521144 0.6180896565847609 0.6363999199330982 0.6534033449716864 0.6174948162768584 0.5835523907726547 0.611763359681974 0.611667752941991 0.6029369541406417 0.5975124543043698 0.5842005263643605 0.5798517786636153 0.5579849426671649 0.5146846303054461 0.5231102962903439 0.5236891205447468 0.48565013096895054 0.4835035458240269 0.49544955250620076 0.48367145981403054 0.5028476962115813 0.458125984322425 0.47963441240864646 0.47929226494927357 0.4693920749598531 0.4706926157590906 0.42068993147427336 0.41598560218943326 0.39494668617168077 0.37729319696809915 0.360416704074143 0.38558252660981057 0.3723867115983309 0.4109872548544841 0.4174388245230109 0.4366014642151178 0.42029556105106936 0.3832644178851858 0.40360304351243514
0.5504268030790602 0.5665081340753204 0.6099726274695729 0.6306136205114242 0.610330863536727 0.6259221924917365 0.6296660639919709 0.6517205604312691 0.6365026504052252 0.5908649782925357 0.6163883946466636 0.6006239612625187 0.5773782108636841 0.5668223558796033 0.55468503515603 0.5703830890679881 0.553116485004119 0.50607004831276 0.4986689800365616 0.4969015091676909 0.4818948880566291 0.4662501186112595 0.5101962443289949 0.4938225317094588 0.4888863939517848 0.455538307119797 0.4576224786553329 0.505276098217559 0.47042421265402334 0.4214033574465781 0.39227599930659934 0.3951703830859347 0.3586401820120133 0.3603913299566286 0.35927366630118013 0.37089288045871255 0.4034560542528121 0.41592040145709425 0.4223113184785234 0.4231906041016646 0.392666501385543 0.37976833941932375 0.39320403207468324
0.5935531137737683 0.5864204124718974 0.6173952472533288 0.6398548472057506 0.6434246055389627 0.6414175202313882 0.6634032886098129 0.6765595738741155 0.6354102913079033 0.6135551289143485 0.595582799108968 0.578099360829119 0.5683344882588642 0.5780675061208772 0.570750128743916 0.5652093739413527 0.5202071768440575 0.5188629006664904 0.4833528388215725 0.4681385617350767 0.4549234843451453 0.4637856693832615 0.49909244770224465 0.49031493122887687 0.4666368328520232 0.4514558997392653 0.48005744271920014 0.48363457767311635 0.448402279504437 0.4306271712608994 0.4068168931407761 0.40690859122193085 0.37030222966385606 0.3867646870670605 0.3842149806349194 0.35485813644859954 0.3956273344956848 0.3978865276278768 0.4253759538646489 0.4349272172686573 0.42724920908233355 0.4159296149881189 0.4166955708394048
0.5834950495512529 0.6253971284399192 0.6217994695228516 0.6679456547964976 0.6779037399634046 0.6838593925413158 0.6804285637751092 0.6659776809682622 0.6271212187151525 0.6117971575298978 0.5661453074295814 0.556182978720352 0.5206037577301268 0.5159340166032952 0.5512516481365466 0.5606401190870193 0.5259031337600464 0.5183770210589271 0.4969885317961897 0.4735730890206818 0.4811291814591734 0.46682619813109455 0.513570170706345 0.5086254697879456 0.49512921511636254 0.47896440157622727 0.44415639257662787 0.4164482392380598 0.4105443790561221 0.3935816936835499 0.3843643638072832 0.39898374730554326 0.36142720545389956 0.3744964634596393 0.3659644610423613 0.353631130633639 0.40681205959248473 0.4162520177466562 0.42561034022522254 0.42196783895107787 0.4306868069408591 0.41933708577974815 0.4118570913748256
0.6201190308748273 0.6169407306821731 0.6600318593522381 0.6629937293553873 0.6537729222122067 0.6656357412523721 0.6880372433472515 0.6816594070175973 0.6507479944248371 0.627846231912784 0.5877564316676439 0.5756636340409702 0.5219614749238062 0.5317105775011794 0.5208015393836629 0.5369112176466735 0.5157609274886222 0.5320305734641889 0.5143502771320495 0.49114456725060773 0.5068590339722583 0.4683361566302032 0.4905194884270705 0.501739847989662 0.498167506359037 0.47478148692221867 0.423066824876529 0.4193868420211382 0.400155618537893 0.4022992277871448 0.38241497468028035 0.39243759032587444 0.3927042633056121 0.389503075139058 0.38092593979659867 0.3778542980324335 0.3807290167609736 0.39326868512460156 0.42624549803577577 0.4395566487844125 0.42113750059661437 0.40588914189546377 0.4291619509988595
0.5916958128571452 0.6131154293126237 0.6075160145289307 0.6561718597269559 0.6471061400338819 0.6570522201817661 0.6792130156073248 0.6680667818959524 0.6511471237984587 0.6403865172721748 0.5817809506178437 0.5862233331680453 0.5487827879363878 0.5215017735867681 0.5301718891747023 0.5073758228109673 0.521682293715115 0.49631296443582007 0.526636792562049 0.5158360441694281 0.5149884408768564 0.4976590011758599 0.5141536165917132 0.4871493356551948 0.4520027556741615 0.4269774054480556 0.4004855675847908 0.39265839359130056 0.41886060052932755 0.4151037758316864 0.37746174118523007 0.40419680839896066 0.4114680804354701 0.39976174977776957 0.3952111864086526 0.3848650899003128 0.40555252112946927 0.42239214647525286 0.42669421915968886 0.3979205276293817 0.40761206020346 0.4277061298650977 0.39177560547786816
0.574941993674805 0.5956267086258269 0.5897001545000069 0.6342266046221351 0.6575495634676611 0.6484849703461265 0.6542704535027513 0.6487545233146336 0.6115642330964848 0.6140237361771286 0.5642953809291166 0.5513443842256963 0.5347578450258655 0.5358383546693636 0.5336374810114449 0.5218741271471621 0.48880346986050777 0.47404036937414246 0.4939838458050024 0.5070636066184363 0.504561463066044 0.48563735768374394 0.49221049265358485 0.5060005595318827 0.46753628379099516 0.42943545547597883 0.4297207012088829 0.4365880154350549 0.41358591823658986 0.3777430976691849 0.3725276062727614 0.39039015520654785 0.37095672252414646 0.3581385358780651 0.3594235562796777 0.3544596239304244 0.3713818713902474 0.39622808000938464 0.37969218886870393 0.4028737576022834 0.4157449913283834 0.40817678141234526 0.37962816987779346
0.5773731422755013 0.5429646339715247 0.608189203392309 0.6094594545924279 0.6335420842896153 0.6632967748402346 0.616317931858875 0.6081941443053769 0.6132803133704225 0.5801664025336226 0.5632531020280366 0.5244365885740091 0.5089980840839231 0.5092922699439382 0.5372400599613035 0.5039771546330684 0.49163303231549527 0.5024804978314873 0.5027755023358241 0.5050064040213811 0.5349075942949305 0.5214162641886163 0.4963547511256184 0.5238755598956074 0.49192589478228566 0.43632803447009444 0.4390222861853111 0.4298712849783653 0.4009607443235444 0.38982168025037134 0.3900303464437324 0.3436382720096916 0.3360306516718153 0.3129667056393242 0.3370562519797043 0.3407718844709266 0.34604631320398993 0.33980783562986194 0.3701363076029373 0.3776516493666486 0.39667486762456516 0.40483274535654495 0.39124979805978555
0.5765685991448207 0.5857168485469175 0.6124915319273634 0.616625617132493 0.6197892201009494 0.6368494002428726 0.6031903819512942 0.5873498101205787 0.5837402753887231 0.5817204449599417 0.5445652553367971 0.5178010241682653 0.520041668427171 0.5148036061497876 0.5142990579020037 0.522649108320678 0.5446659925645712 0.509083742032749 0.5177280119805922 0.5173540765405334 0.5242691448065547 0.503579512511897 0.5089335649877645 0.491496627006428 0.4713902369609154 0.47978731635358307 0.4514347744486733 0.4607301444817827 0.4260051739836583 0.4119359326068611 0.3645643736822314 0.3445863455794956 0.3150841199148503 0.3195536051109661 0.35421657399164536 0.34981469603809945 0.34609965001649645 0.3279000890360027 0.3657968208570715 0.37123687047074594 0.3647841177497473 0.38299957632314513 0.37404030674427935
0.5691288406955244 0.6024001556804324 0.6093474835975785 0.614428859582432 0.5985544458059182 0.6056577043626149 0.60966254488201 0.5958905703021445 0.5679165213260523 0.5905674623181291 0.5397305839741944 0.5349267688084408 0.5161417019842189 0.5254717108500174 0.5202072547887728 0.5491398981408306 0.5496769898430819 0.5506854352777671 0.5428871391676366 0.5251479758425672 0.5489420593377519 0.5462483914423114 0.5456408861686222 0.5125849385064504 0.48276967679743105 0.5002737908565589 0.4555947212309299 0.4570700155158453 0.41572365557952606 0.3782775470198078 0.37933698381857944 0.3232391959542495 0.3155076672552304 0.33841558720318987 0.3502437162970421 0.37267288220594924 0.3558039147139219 0.3495069636478663 0.35315654241889116 0.39312491135134664 0.36103803523674216 0.3671884126104782 0.3669678281569562
0.5894093616253658 0.5991551066284831 0.6202616253920337 0.6349884021828072 0.6188244012104348 0.6239562894455298 0.6122377837783751 0.5960457451782761 0.578831692754043 0.5464851714925139 0.5267015356852122 0.5246004228732384 0.5307792750859817 0.5514320682087406 0.5409809293645713 0.5357350623277428 0.5187712758258115 0.5287535076197029 0.5164497910713698 0.5295431196282352 0.5528881933071709 0.5419939240520224 0.5245633057340602 0.5189396686084169 0.4912418118592187 0.46169976904308696 0.44951471880762167 0.44255552788337116 0.3883276766580886 0.37060371778949575 0.3759681862954512 0.3496518940730282 0.32702422126674313 0.3606436930591822 0.34808454256419025 0.36260438175547566 0.3600691754210249 0.3755672587086966 0.3607746636390295 0.3555163376903696 0.36478799903465975 0.36457889400763865 0.3878010775692626
0.5793935320148281 0.5900819173427923 0.5918857949554167 0.6174236543185725 0.6220640580621695 0.6640965108635057 0.6212802670298974 0.6184530359612765 0.5810487378596503 0.5250465747023955 0.5139314231167463 0.5225483218138044 0.5215357783328007 0.5378820955381594 0.5013951943817478 0.49034992815595485 0.5139307733193562 0.5112365216768915 0.5121992808245974 0.5462751135197557 0.5562727891729271 0.5385990902401978 0.5273270556104872 0.5006915246072786 0.46628295867586134 0.4883444099515591 0.4516054607194013 0.3871385455577387 0.3914043629235662 0.35862686350024503 0.33602181690055893 0.35606859013360614 0.3484124393617726 0.3558694352444461 0.36180731210951717 0.379776674751613 0.37671469718178124 0.376725371839546 0.3727167818863776 0.3839363956143354 0.3743395789767439 0.3931840869039713 0.4156245988161602
