Raster_benchmarking/Raster/continuous/raster-201.asc
NCOLS 100
NROWS 100
XLLCORNER 1743164.664575277
YLLCORNER 5469295.914635912
CELLSIZE 10
NODATA_VALUE -9999
[rows 19 to 37 of 100, columns 0 to 42 of 100]
0.35461122758497177 0.3347804794540563 0.35060943052417165 0.30567832130242606 0.28049020490294324 0.31771531661341385 0.33152032438049966 0.296626175761006 0.30995994367919577 0.3579915633496042 0.34987051989773577 0.3916958763369175 0.4025754072226777 0.5047413558690977 0.5533296080518293 0.5662319244800407 0.611592471168671 0.6020225119529474 0.6226026144180402 0.5952111588050599 0.6014375527637471 0.5870216166327065 0.6281107229125962 0.6276019221711193 0.6701887302289185 0.6308873175245846 0.655159335569098 0.6627540777746006 0.6910313805616894 0.6500091557500088 0.6548583929247115 0.620096532071391 0.6033431181060401 0.59045093856181 0.6400428476576949 0.6584028234369862 0.7170034252257986 0.6733976983010451 0.6773224586154796 0.6559448935831929 0.6920513943972157 0.7197955042112535 0.7056509434483084
0.2990812772060318 0.2915570896921654 0.2836112768990192 0.23604381138407945 0.2678976505569455 0.24171728600907488 0.24402102565035536 0.2907127577527641 0.3142914966813356 0.3413081627701617 0.3684678099521311 0.3918009555677363 0.45083487470221134 0.4587265785441668 0.489046189341013 0.5407418509404311 0.5981697115821238 0.6083621286442091 0.589077670959714 0.5558611914295232 0.566486363383255 0.5909706076182923 0.6053912204438023 0.6053593861387042 0.6452136447844162 0.6265418905684642 0.6068650511638789 0.6420332882414278 0.6453543515614504 0.6301876593864725 0.6288579821577316 0.5713917336394253 0.6105813902161261 0.5839160981511811 0.6237810534701937 0.6476505106478816 0.6765229625804934 0.7249853611647799 0.7130486304090269 0.6833987522196783 0.715791959593819 0.7209166221356487 0.67296278576773
0.19469318029561192 0.23263308736542607 0.22662760712625502 0.24772535975427704 0.19248582947812204 0.2406726824605362 0.22820459063690096 0.28051846030584426 0.3341413755276408 0.36856323134317104 0.3810826491904165 0.4255191426691066 0.44221495432569063 0.42736414842286075 0.48842973266646755 0.5311300443357599 0.5737080341238513 0.5938368421692107 0.5501848952082826 0.5671795944137236 0.5609358904361869 0.596363342110013 0.5884016170249997 0.5744544591781676 0.6008188874239782 0.6306814460615434 0.6062604584896684 0.6039126625742496 0.5542710595485602 0.5558125310712715 0.5492851542351866 0.5346089759816377 0.5696098300876805 0.5892394859257141 0.5958262119542611 0.6582302337095064 0.7306455777175842 0.6866511591011653 0.6935396069402857 0.6873401290692666 0.7435851030384463 0.6977382159480513 0.6814403007637372
0.20162342599325359 0.22388471084245737 0.23496469007897536 0.2237384271559875 0.2020123378978686 0.2275298174815706 0.27189420787234136 0.27829068003218144 0.3440161323310559 0.3573370678682984 0.3604314784914435 0.4000100711756624 0.3834152965500744 0.426237770728919 0.4924644688850821 0.5047222953310959 0.5134377068858514 0.53130224274763 0.4944383433965903 0.5211636037237464 0.5522588932168878 0.5430053444953489 0.5902046610729963 0.576821191167322 0.5702020979093768 0.5913994506381023 0.5695358199992486 0.5724677271422545 0.5354603996397987 0.5628018229501993 0.5599074636953079 0.5698320320309697 0.5857554208496859 0.6058500897655431 0.6358985703034464 0.6513793897285597 0.6730798218884103 0.7051437240724577 0.7130987966000654 0.7139506598351286 0.680103579824701 0.696092658316298 0.6392925550020354
0.19400890102788548 0.1695712564746474 0.16120198503851293 0.1621671757856082 0.21641423520658543 0.2507008785164117 0.2618359253031847 0.2881664998992666 0.3649954379449919 0.33461083774396067 0.3325073688427828 0.3843655876633673 0.3934118978842775 0.43762014905044766 0.46102737742772626 0.5140127859936624 0.5318003651453881 0.49910933156586834 0.46208035399615943 0.4988786810856277 0.5322619808075559 0.5056374257990971 0.5286466388896601 0.5553082449958623 0.5639347199469968 0.5988281338120508 0.5632276974110129 0.5366558644223243 0.5130375433777559 0.5543423655440741 0.5849095310576358 0.5763090563946667 0.6233120240192098 0.5880411654949083 0.6183397210513474 0.619251364599318 0.6859885982068448 0.6594148955250414 0.6220406965099112 0.6595211553991323 0.6872052767602941 0.6758229027998732 0.6361406913887212
0.12277493900322548 0.13542980480189803 0.1605924666236574 0.16675092487496398 0.18680740351230007 0.23915971989226392 0.2908921137018971 0.32149017226801535 0.34662075807853127 0.36593276189848606 0.3571932859692893 0.3560577657579601 0.3796103688046465 0.4096242380937369 0.4667983833075941 0.4533316344672501 0.49435162222754 0.47190153453158634 0.4637857966498354 0.4758840655792599 0.4776380421121042 0.4695205477230076 0.5243951074646935 0.5282753090683411 0.5535555023565623 0.5473898451797632 0.5310148707353534 0.5477938470785879 0.5416538588403023 0.5467721873692021 0.5884543362743894 0.5783295041042986 0.5830639157110361 0.574052293722996 0.6264865643377141 0.6120791950365414 0.6118451771638657 0.5937167637868016 0.6270191995673462 0.639807814139831 0.6563888006339728 0.6210813563004973 0.5728543346495342
0.11701642558809497 0.10115631694840249 0.10912062597136803 0.12439500231511805 0.17009507809084706 0.23075809657512106 0.2213415938037468 0.2952490707743371 0.34243688547468937 0.3315538374632602 0.32554912917192286 0.33669212291661 0.39780291683527413 0.40315425010647266 0.4471731611840429 0.4619480198986005 0.4450209734936976 0.4261295100281834 0.4618242570400465 0.41560538066256975 0.41581434322696487 0.45641078151722597 0.4984991087920145 0.5238718071084408 0.5900708867508058 0.5937313067568104 0.5823584793301971 0.544401504040299 0.5393023550239737 0.5063895449666425 0.526860239805064 0.5792157285746559 0.5622251366172791 0.5475533534512312 0.6101931269037221 0.5719606311660718 0.5917352457126824 0.5863786082280629 0.5902979891675036 0.5875290055005082 0.6226854758052002 0.5759347236742385 0.5686711052940846
0.09675002418862147 0.09936626282913 0.14378168915407838 0.148956909097335 0.22564107133510763 0.20080816698728696 0.21355840198767487 0.26838272118244616 0.33993235512359804 0.3604223789739446 0.33158786201674634 0.32840622887305043 0.38141455150254006 0.40394965796240734 0.41630016294234934 0.41117458519895744 0.43279430528328416 0.40679637961736703 0.40616930703706905 0.40740796780451327 0.3789708612120938 0.41366578783390145 0.4667200871562226 0.5151327165273331 0.5408342299564342 0.5494320720039109 0.5180644189577631 0.5297563300398933 0.5439650705349218 0.5395181190699457 0.5547287541587145 0.520624813664766 0.5355937724784432 0.5411397709554993 0.6070055822422993 0.5944027476510078 0.5969584852002664 0.6289089100058431 0.6493132030581774 0.6076733747597662 0.598550645934656 0.5669520514579334 0.5290982511909822
0.11851538940090713 0.15082975151026023 0.17752719649608026 0.2207260377524317 0.2576361125614736 0.24791598271798132 0.2361186582017261 0.2708226080934291 0.34170042359124997 0.32762230752925897 0.3423195776385921 0.29996936578139616 0.3126349975961277 0.332199026180525 0.40907411464983434 0.377655582727779 0.4175299647969381 0.42949305868947263 0.42859303388120285 0.3803868914459788 0.3955544489621366 0.40389930043603794 0.4664446634648669 0.48007048975447875 0.5376838717494768 0.5169981413650171 0.4833510397115051 0.5488183518380831 0.5282259614490417 0.5476854410433597 0.5058310167706189 0.5141151169212725 0.4828467596856338 0.505510397875615 0.5695323096657866 0.5939958048997213 0.5749539422879274 0.6059961787464748 0.6495949286931688 0.6048436202127122 0.6296446134907203 0.5858434442770372 0.5476444818386021
0.13588310448106602 0.1485377953863433 0.16015527309107278 0.22011788910354077 0.23635893493978474 0.27728511105003245 0.3088362630495709 0.2763845020559499 0.30644111007563535 0.3691291437411243 0.3503768855744306 0.29917369303321695 0.304109855802231 0.3277262077845306 0.33535004396263285 0.396808404552862 0.37690739069641155 0.3635152159542694 0.41527920466447005 0.3988695940960314 0.37769419628129236 0.4290657912825898 0.5012323601245122 0.50643564337937 0.5177382070341805 0.46594574467965244 0.4828996700495252 0.5331848424552134 0.5092075480472039 0.5354858959767529 0.4833497158549788 0.49345766241630823 0.5047860654482458 0.521447746473998 0.5466366238646042 0.5625787184356283 0.5646105305834777 0.6068587211973162 0.5874940490520123 0.6194912044548627 0.5957181021976855 0.5886994929067783 0.5291399336943091
0.15690954479189737 0.1691642139310576 0.12379228888154964 0.1586977990494881 0.23519402509493711 0.2768619741559239 0.3154467522831293 0.32002757493842726 0.34278405637632114 0.3418017458697369 0.3524496606296893 0.3330638801098398 0.3004347557017383 0.29117201912938656 0.3206566289175567 0.3709343150582912 0.3376753830401852 0.3490875968345563 0.3930262464879366 0.41837993492290465 0.39755969694142795 0.4047587147859822 0.4903029692534321 0.4820658191610805 0.46597526292366204 0.47191729499666907 0.4872550416802567 0.5241688371590539 0.5159190605202663 0.518595267238469 0.5085755913690663 0.522428414436015 0.5127881678733117 0.5697172171517941 0.6027227093703844 0.5922128066939684 0.6103021690845959 0.5817129754794063 0.5477640632239537 0.5669401766557836 0.6026654352868968 0.5772370644451001 0.48153344321393327
0.1044317465968871 0.15213521132166677 0.17234095828829468 0.17993906624758127 0.21898275072067797 0.2677988561601302 0.30797732603223754 0.2901613347799955 0.3169539902546655 0.35789790977336416 0.3369534308740428 0.30748806839941817 0.3410925898862841 0.3291798582079015 0.2950720038690267 0.33611681739640153 0.3286020559497073 0.33929672172798125 0.3936157453896583 0.395777284451684 0.3670370548065592 0.42466250548101375 0.5001157619924376 0.4642662270490101 0.4489660631705622 0.46457961905058204 0.48586369230875415 0.507822531442211 0.5157447250706165 0.5091452672268931 0.5222116463554128 0.4743728098029418 0.5020426404266394 0.5198927267950834 0.5313351567440346 0.586925701374817 0.5765701144146285 0.5734433528993717 0.5656237509569687 0.5860718869883538 0.6026940784013702 0.5492888184285604 0.4877892289234845
0.08596749092936626 0.14633918682439684 0.13306088911958416 0.19859583897064775 0.1790733534882536 0.25620782735087827 0.24076946244948302 0.28539378476136246 0.3230504701685262 0.29934849653187284 0.34489317884856974 0.3300330922886657 0.31960169852625153 0.3424647503258585 0.320091890623905 0.36837355668672905 0.37200002555186695 0.33329435034162114 0.32893125018628294 0.35374946253651696 0.3790866301389362 0.4572644739352247 0.49232646152520754 0.49543740629278804 0.5098623799513421 0.4868726959324173 0.4794324591323853 0.5020221158431395 0.5620266521083299 0.5265665866107476 0.4976117504086408 0.5146843445075403 0.5066972792422686 0.5169624984743406 0.5317292905207913 0.5493118177746948 0.5928668077433997 0.5900800724702663 0.5419621186769309 0.5806637628509057 0.557306186457158 0.5253947919549162 0.5416360796590727
0.0936744530758892 0.1276505553625583 0.1581483812665225 0.19417170843370446 0.16545945492723527 0.22144997990728213 0.23360702558730742 0.2655613722478654 0.27746709626947375 0.28764606250590974 0.30584526866498785 0.3552915853684478 0.3647973187327098 0.30506714150086406 0.2884127150830246 0.32262235632238456 0.3185594114461495 0.35238770629918525 0.37914009878502747 0.3671815564733741 0.3844743715905553 0.4652533135410712 0.5006050474234499 0.4993455797261906 0.5294252177576018 0.5016229354638829 0.5183008300007028 0.5110148357793969 0.509113992454742 0.5357733274177973 0.530407361726951 0.5369526422489971 0.49834764366035633 0.48482430413685956 0.557736834122851 0.562382389747477 0.5576118564382166 0.5489228661421646 0.5344292663979453 0.5683490459654181 0.5639197525003445 0.5437193120799617 0.5473180032624202
0.0792267685901268 0.0874235572701101 0.16239358917389773 0.20819970165920182 0.1844450773257637 0.21031575122847065 0.1910020091742375 0.23710506267182815 0.22720825251031743 0.2998153585392739 0.36110649309959597 0.3389128964767868 0.37626487144650994 0.35157348804419924 0.31447275111064443 0.33088231896647535 0.329402622549499 0.3926091900281822 0.39411033732100226 0.37986868418772995 0.42726006970655594 0.4920198826856346 0.5329083263415533 0.5191168114139766 0.5368665173738841 0.5570637581408298 0.5515694022612434 0.5668923490075055 0.5466585943730446 0.5652689715282324 0.537880048545518 0.549374926827795 0.48769828656833436 0.4774261107201194 0.5228259082355737 0.5569286479594245 0.4999369729223134 0.5427445921520708 0.6026296125063739 0.5783334952796401 0.5707914173422558 0.5096662117172135 0.50013714557241
0.06944944821255246 0.0839143200485759 0.16125857331161964 0.18213861958044467 0.20904041326236905 0.18301042114273955 0.1618849843949202 0.20075342723323894 0.2548760079498472 0.2636748261395677 0.3281295571208341 0.3752330074165186 0.36577513008313783 0.3305360773646096 0.384865948006698 0.3849914387418885 0.3425110240692572 0.39298261333666124 0.4363329795668395 0.4367733630278026 0.4552371020065928 0.4963304434924276 0.5671406298032703 0.5468783631697094 0.5519508764740902 0.5319501822351919 0.5952659566388043 0.5802641554096215 0.5712549123192531 0.5809344048929834 0.5655477720168202 0.5066641997807552 0.512753023496723 0.5000205847280712 0.5342123080840626 0.5486909650818154 0.5213343848356158 0.5252872205053861 0.60544281119155 0.5895141288021325 0.542215620228096 0.534148789961777 0.4978629995237274
0.08371746692786915 0.11156577700487554 0.13598381395940928 0.20747733675211544 0.20355254325169278 0.1751503003314917 0.1533665877831442 0.180132821804818 0.22892767365632039 0.26334249143152527 0.31093241411796807 0.3240712084278785 0.3306636097159978 0.3605651189191249 0.4026760483572377 0.40255323222572315 0.3797605940546253 0.44050962293547996 0.4619749023730387 0.45422744380610475 0.5400435484326902 0.5661534770011463 0.5698607226208774 0.5806709120462261 0.5452214353421244 0.5371224130244155 0.5903490406975844 0.5524883187993868 0.5462728569634805 0.5788711310479415 0.5657078758579239 0.5097763830953417 0.5233937771775473 0.5119851892237894 0.5750733630775423 0.5428277193867225 0.5454879712429338 0.5682739036256954 0.578956237975585 0.595633400732125 0.5826931826128882 0.547556340986067 0.48257666155623663
0.12456450186793452 0.1193696255685753 0.144849229565482 0.18414660723327075 0.20637931307226354 0.19694913767582753 0.19715602685792644 0.1826312572307693 0.22860283762441252 0.2616385281977312 0.31929306508255134 0.3042791849225951 0.3242379083021147 0.3845034670220107 0.39362511279812545 0.4201861971108673 0.41435258189138907 0.41286826373843644 0.41636910573554325 0.4768859145074225 0.5386570196514793 0.5296476150310817 0.5801333048854422 0.6121040701002044 0.5728815069177805 0.5789225449944784 0.6171950350838692 0.5606111034489617 0.5767911222498083 0.5573691162638565 0.5293253306519027 0.5149369043388875 0.5213768033768091 0.504318091298153 0.52151931708445 0.5390381643849886 0.5701706073838919 0.5638596938451016 0.5772309639839767 0.5709154116632467 0.5601640763912642 0.5440980739340787 0.5115118986175673
0.13004587095601686 0.1516249764569845 0.17778036698410968 0.1533900314331791 0.16283267882345068 0.17464530178705445 0.17454642277089522 0.18370773324783413 0.22240767740571452 0.27494873599445485 0.3008695489396008 0.3178870301420418 0.33145929556794385 0.37554126997144466 0.35724384658526537 0.38108712838916503 0.4548410324376484 0.4043212883059761 0.4235753941567537 0.44584829595156406 0.5433359167666549 0.5463043665195936 0.56781989618944 0.590818105996934 0.6758026058611354 0.6017005691429815 0.6176974375109305 0.6006588396431817 0.5653130522305472 0.5642670421072171 0.5560140917627219 0.5030823403413367 0.5160626202016102 0.4901588546976551 0.5279482902508412 0.5393157299698897 0.5927885488139282 0.5739954432407988 0.5974095103146824 0.5603533111479249 0.5364397330219708 0.5387147829390075 0.4672045584827326
