Raster_benchmarking/Raster/continuous/raster-324.asc
NCOLS 100
NROWS 100
XLLCORNER 1743167.2490033752
YLLCORNER 5469294.330516288
CELLSIZE 10
NODATA_VALUE -9999
[rows 76 to 94 of 100, columns 43 to 85 of 100]
0.5214049381615573 0.4648824873951846 0.4802867596043346 0.5113576712683905 0.4461199914748782 0.4631121156478529 0.49606615370475937 0.5324330849821614 0.5235706775727269 0.4601422964950446 0.49922440551482017 0.5204820736072455 0.48771476115229223 0.49440050396085494 0.47620576978920404 0.4009217025418746 0.3345416961256395 0.28494663540835236 0.27970465087134655 0.2822208335231696 0.32192965720338895 0.3389879592571803 0.377622401927137 0.4125153130773591 0.39987477754731204 0.4588950687368846 0.4266122006926175 0.3990856967049486 0.40270736859181094 0.35624394099114964 0.3443486795366312 0.3223167630536898 0.24685529069755965 0.2715584587915096 0.22578774711337074 0.2581779302333143 0.23264115990403178 0.297093919531964 0.33216973779179754 0.38406662502071925 0.4161200666918807 0.4546428073733697 0.45259458133222324
0.5406594883055814 0.48315227664350774 0.5208895786962354 0.5145887478974992 0.48533535044989007 0.41811710662994944 0.5051795437810707 0.49018192651413783 0.45520280961156906 0.45411495994543083 0.4571728800530682 0.509769749125253 0.4703336494474442 0.4394365941792521 0.4275733223201632 0.4075625716608286 0.3456195127616684 0.2246212146979558 0.20740204523290487 0.2602133592126104 0.30728983395029824 0.27769485466100197 0.33525021961532847 0.38704029354628033 0.38102775435287717 0.4578952287591172 0.41125807923033825 0.3945902290614505 0.3651780108186674 0.34974551850384666 0.3257428165312541 0.3011729130136391 0.2641879563715266 0.23356961166923706 0.19217121170902168 0.21406469863125116 0.28245086758849824 0.2767920235534442 0.3136252885821267 0.3882467754498277 0.4176083091381321 0.4587679925925739 0.47879776153467485
0.5016108797690509 0.4896769583760141 0.48800991835981294 0.49326211970711337 0.4746352490331396 0.4486721400699409 0.48980050657199387 0.5029787190953231 0.4668822760002459 0.4407507593238691 0.5077578820170466 0.49243518828247884 0.42317256760222005 0.4453601718344947 0.42140353580000806 0.3489704029231301 0.305554243934831 0.22160995347454548 0.21624289903459404 0.24476974487916062 0.2374790722234067 0.24477624327046923 0.33716229320544777 0.3776762931752705 0.38653983234916106 0.34732704905728967 0.348129744568298 0.33025932062973934 0.31225443751172016 0.3407121762455056 0.3107528551966746 0.2815419288760046 0.2665599420762053 0.25767508277780865 0.19060863526529492 0.19674061339701987 0.25914241337821625 0.28771173491356244 0.34538817875001915 0.33777696325845563 0.36771984041810113 0.42567008791204297 0.43566416341407066
0.508292365546506 0.5580574543544361 0.49971829900542536 0.4649056931182342 0.515570010128412 0.5173933667515765 0.5416158482049777 0.5171434390324046 0.5261987311573769 0.487486591058308 0.45496419270664945 0.4747997114393674 0.4345261372491647 0.41211709674794933 0.3606887239558032 0.27402631113800224 0.27648579454902894 0.23669601638435828 0.1927668656665 0.23260277084095424 0.2648575960352008 0.2794798723750826 0.3102604202328141 0.29476349840725435 0.2918704670314515 0.2727223744416736 0.24926453307317595 0.27353419763698256 0.3051743185483284 0.2941387955617091 0.30752747080594534 0.26647415759280185 0.23076215701252134 0.18864761180644635 0.2004093133678506 0.2119264214210894 0.24790233748980078 0.2990845476810636 0.30772283985186577 0.31373878491475415 0.35653520210026635 0.39191364270784673 0.400328231028678
0.5197982207360958 0.5630228281123201 0.5483541513515444 0.503306159405695 0.4961854674660054 0.5371946236986835 0.549716852707955 0.563339734727851 0.5157325160935382 0.5260588907535487 0.4935844770742794 0.44295366317994417 0.45538814319857174 0.40912273659847176 0.3958086215309688 0.27475366869984463 0.27560056851131437 0.24011360972773954 0.21162222481822815 0.27216982316959915 0.2876542302129129 0.3163556281720911 0.2581314803506992 0.2427056034998003 0.28688057054305716 0.25425893891496 0.20667593503891526 0.22734515131092278 0.24765005029580123 0.25323034558171653 0.29444952243068245 0.30990316208526375 0.29095207230136877 0.24647524345511462 0.19967167271553643 0.2243799430267539 0.26387089561148325 0.264430456002504 0.31549836752490545 0.29330675060275785 0.32224734320654114 0.30237254483991755 0.3291709750480244
0.5284535978541425 0.5402702158698607 0.515077625722847 0.5526119997740243 0.5079049453879054 0.5935533782340647 0.5499523714654565 0.6067682265129974 0.5871084867834191 0.5560402923288491 0.46158222568639107 0.46746117988410113 0.4780668985598139 0.45970448620789073 0.4054594538410688 0.3018261759420051 0.2540110076840127 0.23026105864262342 0.20033916805709387 0.2578660182362628 0.2930867456344982 0.30630742181057585 0.27242111119710094 0.2798681108924645 0.24318437947202404 0.2308940917947673 0.1804801546250904 0.2027209815897935 0.25220332547643426 0.23476797910946692 0.23002659844495593 0.28647913525732754 0.2835732460593322 0.2688068933792882 0.23110822753657623 0.2691512692508319 0.3052101000136961 0.2792541985499082 0.27069460367511244 0.2797289228921702 0.3215366467817473 0.31112656671207695 0.3458929397275035
0.5200455965045878 0.522976403296142 0.5563990213208354 0.5610102909255605 0.5360695283722505 0.5239263149109779 0.5944813661135546 0.5937966104978335 0.5558263700731074 0.5419157343658603 0.46064765574036237 0.47512785093296633 0.41752489209421356 0.3953516752219302 0.34064949481291423 0.3180311205131365 0.2901813100850245 0.3105014253070295 0.241912461614737 0.2928687809520194 0.24951294264445928 0.2779462255978077 0.2615042954799701 0.2928578874283839 0.3055763769760308 0.3004086203356617 0.21152076016185192 0.20542175972558321 0.19957943310123294 0.24459800842487428 0.24251329279866926 0.22226164094686116 0.24664337896160396 0.2726977560095538 0.2886204635102383 0.296064475727094 0.27319614911074136 0.2968109436484219 0.24517614568459953 0.2333924751887456 0.2889424562573165 0.3396691217027677 0.3456268388212705
0.47910713525401566 0.4994424998499687 0.5453770198329625 0.6124027446825356 0.5461903584610123 0.5091118250026474 0.5634024566564046 0.5290909715346123 0.4798398913284672 0.4642695185373195 0.4755474890393864 0.48632693009373246 0.4175020937820769 0.37675276902612687 0.37747727306073836 0.3213382304676184 0.3493945897710677 0.3355463317485093 0.31602658771972525 0.2715456157386836 0.30218869010353605 0.29326305233864586 0.26410966945366915 0.29067294821783723 0.328302581898719 0.31501334231633055 0.2748468828710595 0.20760687574089254 0.23692931967148564 0.21068760774834697 0.24641739709600424 0.24097668908654882 0.303642959242681 0.33176823725687915 0.29840088150504746 0.3251815908940532 0.29886042094651644 0.2557952509349952 0.22681380701162904 0.2440625840771079 0.23437574146752657 0.27453482551799535 0.3159353249791817
0.5174277532048854 0.5229256770747641 0.560211689505386 0.5580920503162654 0.527977700830692 0.534769118822407 0.4742521931620256 0.525800968097688 0.4983204050777812 0.47673074106493596 0.46314900855009855 0.44847506291582717 0.4803452791063085 0.4574746959238486 0.41528204960439846 0.3467843978393719 0.39067416821152395 0.39296976468396133 0.3498742653299117 0.34200643803680497 0.35176521230667007 0.33259964995723645 0.31561804225791035 0.31560994196377223 0.26142067150349074 0.31860613049224035 0.2553165007665081 0.24618709241254982 0.21230156821173699 0.2374098521089595 0.19234906027365986 0.24433261901742662 0.24546908627999237 0.32393150227211626 0.3226833345795627 0.25184187821425835 0.24784432211196158 0.21309524800101964 0.2347898054472901 0.24247700615315523 0.26879010775462975 0.2817076398812153 0.3113029320192509
0.5701576100661103 0.6067956474323479 0.588233282082364 0.6041432003678906 0.5407578507895088 0.48952283536200136 0.5136823795370691 0.4895561394661746 0.46520649845057516 0.5069562387618824 0.4850104971500156 0.5119166643994332 0.5091319658103944 0.46974565677485747 0.3883067239699086 0.41306731982194655 0.3690588735076836 0.34753315294167036 0.3393960942078155 0.37629108015252155 0.3345208971585888 0.3330149919993168 0.2800612084232708 0.26748097568656615 0.30926652381692277 0.3101711232127258 0.2353989562246188 0.22402763495189482 0.2323293779031245 0.24366987351626002 0.22958089219761882 0.22051048001091364 0.24911356327231812 0.26331571032256834 0.2979673098186276 0.24114171391354305 0.28884319178369866 0.2658234655530341 0.24506972231357071 0.316023047342489 0.33037952082972305 0.33960549435525766 0.34467421588344
0.5367311001671764 0.5448537459730107 0.5190207475013108 0.527687369140107 0.4908753262948275 0.4988350869997963 0.4507443098737742 0.47012809472520245 0.475355666484262 0.49178732309722184 0.44972797022731226 0.42599351100242755 0.45186337966006296 0.43727367316221166 0.3942404699065382 0.38790012182476724 0.3555621282741824 0.37651179873005297 0.3641743389310211 0.32759333977408933 0.33109132005475056 0.3145539489576373 0.2954838616501708 0.29534029800583006 0.2500382461099591 0.28945921020356247 0.27956053520339824 0.24685816102095537 0.26927767234088634 0.2600839218820132 0.23165701507181005 0.29142169113047967 0.3048664818829923 0.2707382651505925 0.27629236991070905 0.2622407096078592 0.25977238421481585 0.2537326158023051 0.30592184875988687 0.27549535400712666 0.32254652119936006 0.29945822637940767 0.3372760593231826
0.5455258605136105 0.48170520956795065 0.4970644469799249 0.48559665690280684 0.46190603662452484 0.5164099443026228 0.41868101230397126 0.4236175570897773 0.44866775920731533 0.4081185232123719 0.3851482009330349 0.38014723152737995 0.37489228096393606 0.3528502152861027 0.36013405459625203 0.35653779058785134 0.3130083924776628 0.34014252998759714 0.37172823403927885 0.3134144897413632 0.3047870243317107 0.23332302501396474 0.22317931615979536 0.22855502811020326 0.19553484517273298 0.19079008319852406 0.22127129644920374 0.24191970165302862 0.28260021388502554 0.29167086632437444 0.3113373103234371 0.3182761074296981 0.34004318584949256 0.3215320512604193 0.28639166905777363 0.28605126143150306 0.27343304232075866 0.2674914976185415 0.2592691795143697 0.305102859875008 0.3038800502246548 0.29820331798960514 0.3622023525604099
0.5448169692570305 0.4502615811315262 0.4423580945489831 0.4889342550442655 0.47063379649211035 0.47976878489105945 0.43357253608829827 0.40798489790104364 0.4205984668449832 0.4101939462329862 0.379250608884734 0.37523246546050815 0.3469114133677512 0.3781545282076487 0.3077479208187894 0.2899647443202736 0.29989411892783463 0.27679725827599344 0.3166382006752816 0.30133628267066614 0.2746108008079025 0.23950417556233056 0.26039153901033 0.26875785345346936 0.24717002327277413 0.19521484085473445 0.18667071629613724 0.22208386712570918 0.2270174104458168 0.2887090881657226 0.31481580904302753 0.2941079404970852 0.3417966096469168 0.3337502914181232 0.2968575740769842 0.2727117592962864 0.2865619607627543 0.2763586861652732 0.3108566011169616 0.36368572140846267 0.3321762042980205 0.33252400087129924 0.36388456348670817
0.522711043899099 0.47124352724001545 0.46314160966324397 0.4268773436185265 0.4658509963835277 0.4251211053286372 0.40257468920082423 0.40760162059849875 0.41627359188454754 0.37715516938476756 0.3664639293233834 0.38039253770553977 0.3795695807949259 0.35800230198987576 0.3698193442413895 0.29409946029033157 0.26281525862526767 0.2169880951267442 0.30677067711354694 0.2957845276710233 0.28337451079852843 0.23852289302534924 0.26797113182227195 0.20587644832526916 0.22151261695993138 0.22931268547057873 0.2482378448414984 0.23631362203390607 0.22579445706794155 0.2789972491700217 0.31113321196784605 0.301042807521083 0.2730029736430631 0.29893700490771963 0.3071923075165014 0.3602219668109948 0.35343468017726226 0.34773270368860115 0.36143019526913794 0.3712758621488709 0.3237157632316084 0.3998190425103212 0.3710712273257231
0.4902402672646916 0.45205336002942326 0.45371602660449306 0.4168255980691603 0.4316485344400947 0.4244388860180869 0.40649812670404084 0.38895190654500766 0.4181648496434014 0.43790907854992345 0.407780722893672 0.40605559204994746 0.3990542840929734 0.40612759064172665 0.3720417837722023 0.3074760204009339 0.309945981748743 0.2519016844468856 0.308065155445912 0.31943327786332026 0.2740577331547847 0.3021565784372468 0.27884773531776313 0.28680282813207303 0.25342576880653384 0.2292760286442538 0.2906694358574979 0.3038802249777083 0.2953385306749243 0.31450580071270823 0.3176753590784765 0.2869206400818059 0.2476199268799024 0.28619663950779994 0.31616942960790123 0.32797614802125685 0.29366216453389415 0.3227715608583111 0.3547090607242335 0.32716971374626325 0.3249723253807376 0.3168963405420029 0.3172665448283254
0.5464289962844139 0.4817539803240827 0.42037066346546326 0.3857706235143746 0.45283180678841023 0.4670760644563355 0.44369705930588177 0.41652674276917495 0.43210869230221416 0.4182057098744743 0.39166312551933774 0.3546107102975936 0.4011431530358222 0.40689146691749145 0.398462903009225 0.3634800931292296 0.3364420246232406 0.32581095948257244 0.3219603688866347 0.2764464910166458 0.2462697333961512 0.32472716076280284 0.3001499762082228 0.31428790905632603 0.28345419858929927 0.2740744677172966 0.35333127565497985 0.33792223677372557 0.283376748478949 0.2824130520387665 0.2684952884159742 0.26193022053129505 0.24221124592586846 0.20486258503005184 0.2394055978719985 0.25096427093765444 0.2913556749746079 0.25815045187082575 0.3104368982766303 0.2941551169919176 0.3068980705698968 0.3476562434542912 0.29023812277951944
0.522887399755185 0.4675485438439658 0.42901715813599633 0.4696888300032911 0.4736539579185812 0.4575890491556287 0.4024597895452248 0.41612119290508554 0.3760432282148156 0.3786623814975453 0.3447382174492862 0.3691999092704749 0.3400005215476271 0.40276771008893414 0.3747358830933593 0.3715988285008452 0.32938150365872076 0.300722387550814 0.2992786594655528 0.23624775677870907 0.24933422613932038 0.2508767128218526 0.2881929567944977 0.2807298089345486 0.33634929458709867 0.3574590131508275 0.37548615828248166 0.34469889128947045 0.3201631399974462 0.3015954210806922 0.2324563062451334 0.23918927135626766 0.2187424930274348 0.1794248175860329 0.2441613135467035 0.2486118330899776 0.21269629852467115 0.24376886731368128 0.28900794694937826 0.2521398504338099 0.2681429222324946 0.2703548925912704 0.31028926571739074
0.45987624827969087 0.4399338052348736 0.4670380948519169 0.4647279563611253 0.48513365637142 0.43423294937324264 0.3675251565733754 0.3465926455734634 0.3928670525581413 0.39176977882620334 0.3592718811256663 0.3165305988788982 0.3678843851082115 0.36716504271310024 0.4004811994974822 0.3601523048297321 0.3248801490150707 0.26531992020212336 0.3373919816664022 0.27243361440457176 0.2849138960254245 0.2684555862410957 0.33380629521564137 0.3045680173194276 0.38567450935296477 0.4209108767998551 0.387096313958892 0.33239734350761085 0.3136763740535135 0.2802547256109216 0.25368571285383695 0.23802943382247996 0.22375308743626887 0.1899089866897279 0.18448162712811414 0.25158468070519263 0.19879765451043177 0.19995516405617972 0.22894518728561483 0.257833355658177 0.22154765913557048 0.21144950473702046 0.3022215056038775
0.4705168565038743 0.45474650572880304 0.48191971985290283 0.4312011874182056 0.42859017198127586 0.4278652598065331 0.39799782520044213 0.40896869313327194 0.38791488770346877 0.41344614921633077 0.36115473526941655 0.3795500255077021 0.37859900359267845 0.36111122899344167 0.3828487515028396 0.3821322608299151 0.34509879817244515 0.31282589258281013 0.36139522306788313 0.31659226227936615 0.2780853040170843 0.27372271293104644 0.34893991426478643 0.3500608436657151 0.3628641927653742 0.4269978847508657 0.40887237235035745 0.3600631860322557 0.2855261429697467 0.3027743415674199 0.22480287502501992 0.21151045392746437 0.1965983291249477 0.1706428679419033 0.2042428658148507 0.20420840708466195 0.19220654281610866 0.18071928354435118 0.24751001459742786 0.24812515906164118 0.2245106808135351 0.2045446657251282 0.2601109876607139
