Raster_benchmarking/Raster/continuous/raster-192.asc
NCOLS 100
NROWS 100
XLLCORNER 1743162.0971194294
YLLCORNER 5469281.558402499
CELLSIZE 10
NODATA_VALUE -9999
[rows 38 to 56 of 100, columns 43 to 85 of 100]
0.5322047927810959 0.5472586504342948 0.5557002972698687 0.5518005316271375 0.5630410536660542 0.5428461059033644 0.5904859324872498 0.5768034474427443 0.5407452523596237 0.542875827685086 0.5900841186965783 0.5738521885076387 0.5206343039209729 0.5332866659751511 0.5028568725530342 0.5280922072037916 0.6139344910825607 0.6088368486410466 0.6134181575369553 0.599640563555546 0.6146157060097454 0.5781053856681277 0.6161184026847781 0.642421163510777 0.6380645242270413 0.582198963362674 0.6012124558751476 0.5558419664726116 0.5771915091869011 0.5773690614605426 0.6060079331461397 0.6198085545689855 0.6493242873437767 0.6876426117113281 0.6987113823798674 0.6741999224612086 0.700330215870677 0.6950156710869982 0.7024379548688958 0.7434797374275302 0.7218664533713932 0.6790311592525041 0.6856187265893775
0.49745391822121476 0.5582448195173978 0.577559536145316 0.5688036430104522 0.5520831231096828 0.5491463827557728 0.601029695997322 0.5866015787656009 0.5411380404027311 0.5765796677836571 0.6049882030179133 0.5742405699701525 0.5278759296243664 0.4968308864070733 0.4993377444342348 0.5261125483845565 0.5874080566535894 0.5801690436125602 0.6233750741691227 0.6181238912806166 0.5846339164787742 0.5777062338141445 0.5949253782637176 0.5941141811658843 0.5978504359135458 0.5817235749344624 0.5889247457266105 0.5686984013587302 0.6037233538437545 0.6178066115514788 0.5901691050273741 0.5905234751341232 0.6106515250311804 0.6100074739260166 0.6467245088613814 0.6320878624999486 0.6668324202013811 0.6431228572467602 0.6999550193636294 0.7113700564727796 0.6787835330443416 0.7011488384290773 0.7121151645936871
0.5380530589830055 0.5602878480909588 0.6157694510611166 0.5790487633744968 0.5379560597282157 0.5416311714572297 0.6106954367787581 0.6068564816187977 0.5714069894520123 0.5767167857213855 0.5985160724492992 0.6011963977820196 0.556873949036736 0.5163505965631655 0.4707195025632752 0.5335794357032403 0.5713165832686707 0.5653608999918165 0.5961939028982824 0.5976939988111671 0.6193956607020228 0.6128582496289997 0.5846746840586529 0.6020774304016603 0.5795032630804237 0.6015758463873235 0.5422960140055844 0.5455429786060513 0.6069323387868517 0.5861905668962143 0.6059703913585551 0.6331645156815369 0.6210556841294743 0.6149226843277347 0.5990246123679639 0.6061687995831128 0.6325977239856957 0.5977642714597913 0.6358157918308532 0.6692072066895421 0.6860742090236515 0.7500170585857584 0.7454981107862882
0.5018258043502789 0.5687580543933672 0.5596924695803465 0.5747801578728903 0.5576830258936958 0.5724923428833381 0.5683512716447136 0.5812461758399163 0.5723150797608723 0.5993856061310279 0.602319440256584 0.5506376820772413 0.5666942533987378 0.5054651012089412 0.5280832711164296 0.5361405709859445 0.512019404065826 0.5252745787143256 0.545988749101733 0.6024076546200161 0.6375619879547937 0.5922928740974434 0.6113938747072246 0.6039971507529855 0.5634588343710393 0.6007880397798545 0.6037533422217632 0.5761487771549411 0.6196301327115102 0.5883175324709059 0.6313972087636693 0.6158938939602148 0.5773591981306893 0.5788438243340448 0.6094033641203982 0.6080551737701776 0.5948128327977265 0.595251731349716 0.6204351850083167 0.6518257947309989 0.6869672722651781 0.7402349313512591 0.7133002110865992
0.5198641705911491 0.5348867325285516 0.5559334244423508 0.5127388242477253 0.5461917651790124 0.5307417730559286 0.5665641816503839 0.550307925457004 0.5669671015329846 0.5743558996526775 0.5983542704428451 0.5221212090692919 0.5424869366336195 0.5527724266848766 0.5336732057509981 0.5199669337019673 0.49857514872610564 0.5314908599510502 0.561717968296662 0.5670199430369136 0.6475225296662881 0.6074467733889017 0.6386301015013915 0.6152825241761283 0.5765403209036238 0.6150458070224658 0.5751583962969515 0.6183105759851436 0.6518056500340926 0.591545659916742 0.5933002362752792 0.6321419493713153 0.5909602359720599 0.5620082940375564 0.5723164331802351 0.6037461914260978 0.6099626594704167 0.6142899190269422 0.6191713029619171 0.695981157704722 0.7272524943471111 0.6926431485792078 0.6902299728380048
0.5207636263905443 0.5178760551311412 0.5018049634222557 0.4992560566265592 0.5224488924641706 0.5168099088748123 0.47990898482749944 0.47139504887056205 0.4944939585240129 0.5339942705873012 0.5102317702849039 0.5124735339965029 0.5389591430583566 0.5227240862915917 0.5054613384576347 0.534912343361514 0.5470669157477882 0.5613183059575939 0.5934123438267538 0.5829376555063787 0.618693875499923 0.6054996466090722 0.5948780626250599 0.6091172320891759 0.6256335683133344 0.6156158349998992 0.631809485711722 0.649737593949333 0.633806558910252 0.6110356568046693 0.6235588988824426 0.6319297719510812 0.6015633850319052 0.5932606061775716 0.6320807618638197 0.6087013889343956 0.6017858018157777 0.6263502790439889 0.653186499204598 0.6574796060825412 0.7034955588438493 0.6906024787757403 0.7431212049362627
0.46937446317648407 0.47882197638598034 0.5111743380017583 0.49242965553199314 0.4573055163181237 0.4520836887136509 0.43404129140276815 0.4288532396214335 0.44258166035082896 0.4597089813324535 0.4806490962118881 0.4953626608029082 0.47016076717626276 0.5238468864525121 0.5099032648699947 0.5201201170022918 0.5375781187196835 0.5404359314412064 0.5669146865446568 0.602227434597608 0.6020193665405273 0.651782835676189 0.6428221552050282 0.5981155689829754 0.6061623339686476 0.6275100961048541 0.7302539673876741 0.706406221913999 0.6289500256065851 0.6695803317660651 0.6623011674162188 0.6261941930681756 0.6412370007077421 0.6492047792132672 0.6488169887257184 0.6489259909998157 0.5891917974489764 0.5896402260876646 0.6198223153883506 0.6738467770504653 0.7112600504749208 0.7464851303995628 0.749190435578619
0.48210572419574477 0.4874124434505214 0.4741886380185592 0.4607468469509803 0.460212608882049 0.4508640785207786 0.4339157308719577 0.4594806872418409 0.45653536749615703 0.4964351296308522 0.49984214940460064 0.46101703233431424 0.4540421009292051 0.46505335472396686 0.4692811348458537 0.48741161699825025 0.5354834323186335 0.5066293697225919 0.5446256218930896 0.5709081837722391 0.6072643174076029 0.6477717272045433 0.6252285448095188 0.631443081107037 0.6365750934014531 0.6630705183847135 0.6993773029652427 0.6962002066860522 0.6827474902007759 0.6842620015546018 0.673958909604714 0.6535544370902207 0.6350766561502722 0.6913875091297074 0.6841318997544867 0.6600750508885188 0.611306039769158 0.6344749031052095 0.633054521142151 0.6648243078874049 0.7271172708982516 0.7400839304366176 0.7306784866952085
0.5033512450186213 0.5154457035169463 0.5360510102481512 0.4860497393171461 0.45322909875714 0.46167863801364606 0.49520365281407897 0.48885103658392853 0.4608639273510696 0.5077234038115206 0.4944690268975341 0.46966089649961085 0.5185455850314713 0.49694920588424 0.4641285800811007 0.4950346503429813 0.4855939153685277 0.503157858089061 0.5374318219214226 0.5925486056916399 0.6163905584198077 0.6300142840312162 0.6501683690667445 0.6314833078566413 0.6682860164506048 0.6640451595667458 0.7253351434661387 0.7199768855713589 0.6793615689366799 0.6821423374529019 0.6613976858935289 0.6701212146660666 0.6757822053302961 0.7409353827505339 0.7404577876773791 0.713902000619781 0.6821989534667605 0.6334595259524253 0.622378696101355 0.6713438233860899 0.7055596213935924 0.750769286114001 0.7573021266265905
0.5078045804900699 0.4701166278995544 0.47262810385440396 0.4446454737398275 0.4660821940053844 0.4534630737811866 0.4470291881189486 0.4634139396405441 0.5008962335971217 0.4583481145165485 0.4611213365509775 0.47218853915807174 0.4626151301759795 0.481280648937558 0.47555764878411383 0.5141092955635086 0.4914448958734237 0.49044508398959313 0.5404625322742382 0.5793978687630253 0.5624323869770154 0.6161650608461126 0.6286681348658174 0.6401453095709949 0.6925147779215238 0.6973010428423214 0.7134893657376618 0.7634841156465297 0.7000258510469102 0.7007346067624063 0.6780097461314201 0.6782495915755873 0.6764720733712353 0.7325025285541933 0.7333349951706044 0.7193095404275858 0.6918837661587844 0.6859609778534193 0.6812442935931959 0.6933370862542263 0.7379532073142051 0.7305215731869059 0.7677195375516923
0.46409574725453434 0.474952347715079 0.4613774269104218 0.40789802254476326 0.4116744345222182 0.40935799030045233 0.4290934966098765 0.4508980590296533 0.4920876935647294 0.49995814174637 0.5018565886811289 0.4980889331495298 0.4996205474177792 0.4935487338183455 0.4925657459528807 0.4954238890901122 0.5199281282195722 0.5193690178928482 0.5271863887318985 0.5475354878741869 0.5371967553834655 0.5898285697243624 0.6368124091856695 0.6757223992619839 0.7216368829015084 0.7428819715275929 0.7524262258074472 0.7357939417021457 0.774399046105199 0.7656341792905472 0.7641806031273611 0.6978437000435599 0.6861498246929728 0.7286415486834149 0.7404196475385517 0.6952263307265336 0.7037464318008422 0.7022329225900158 0.679697378533909 0.6850230316780087 0.7483522804654104 0.7527223225509135 0.781431178280774
0.440912536504283 0.4305639241929474 0.39522942308316067 0.4391744103792683 0.44351492145922616 0.41347326437421006 0.4503613411126537 0.43255720611394755 0.458052582577997 0.4748093659313683 0.48023236509965056 0.46978748957014954 0.4857462974161113 0.503031108324769 0.5027598329895664 0.5149404796919268 0.5508800019815151 0.5150969783512767 0.5143157626426355 0.5221213782650644 0.5451097629600398 0.5544014383345266 0.6019683159854187 0.6603634493631518 0.7048879402726006 0.736851613399871 0.7640354437780904 0.7535195051985368 0.7426941597612511 0.7466427743312706 0.7236452230982467 0.7576297069937166 0.7510876395118438 0.7440292844083438 0.7073533897640555 0.7205829199886175 0.7106480749535093 0.6516283443874689 0.6892067832560911 0.7269662424884844 0.7302964478977554 0.7441665952399535 0.7771564168900551
0.4141912176196517 0.4256798846905946 0.3787585793953153 0.43112744942694736 0.42581381757468667 0.41998902804250565 0.4195628026426732 0.4492393699343588 0.4419759766186022 0.495212326800316 0.4624786415078077 0.502611945110585 0.5167268187781698 0.493441787330307 0.4993639585226087 0.5237599480209519 0.559858601207981 0.5279488887461976 0.5658412182847293 0.5736709595089196 0.5426378426321617 0.5527512355296683 0.5890804024390008 0.6796705348295375 0.7308993724733538 0.7525284791170607 0.7797882766787669 0.720919280833148 0.7042580489920834 0.7090070440676253 0.7310787018147652 0.7385998862025555 0.7505294725437375 0.6996397778129163 0.6906838541278513 0.7053390258774435 0.6461624079671031 0.6623616487075006 0.6835966926137634 0.6869907513965671 0.7547525726996562 0.7261666150577887 0.7738770706713757
0.429664422601649 0.36963298904426706 0.4063853082587349 0.4042931094618392 0.39398950232226404 0.4040301238547697 0.41416815912238225 0.43033147135132177 0.4265323290174224 0.4913007470804322 0.48426047369710695 0.5066230715904296 0.4937375565837827 0.5118185758738049 0.5239934617391857 0.5372621896431772 0.5237343767591948 0.5674063923055075 0.5668606962362029 0.5800445986702113 0.5685529376251532 0.5851811021803484 0.6228544039906018 0.6798128962249991 0.7504929530328192 0.7633646081835486 0.718599209017379 0.6901323013696836 0.6860671348082505 0.7246207957797838 0.7287270674135099 0.7122978888014444 0.7415237583783256 0.6897672317722569 0.7192113151637896 0.6901220024433619 0.6724447778701848 0.7028508368793488 0.6897490704090999 0.7075923545603202 0.7430697403939507 0.738539683484785 0.7835335459000395
0.45978841831058903 0.43187792803161473 0.3493517794409584 0.3520169326337904 0.38111180227102703 0.41599886854936047 0.38349316022979574 0.43224468316242154 0.4247439483588747 0.4822684522989972 0.5937712876224065 0.5378544198699106 0.5419819631135379 0.5194242688030744 0.5319873382322979 0.535843119019222 0.4799879095016782 0.516336587827186 0.5364046944300538 0.5388441514440839 0.6266315675671419 0.6118761246372175 0.6477818417557218 0.6721905281246926 0.7406232456310848 0.7333069057316155 0.7156062268541762 0.7038103795811161 0.6567712371097896 0.6902782150826745 0.6813550393605435 0.6841094282646583 0.7155527776088403 0.6780616827764958 0.6879575709228315 0.6816564869670513 0.7138771086899631 0.7111975107393935 0.6447832547782282 0.6756163312752761 0.748167559363143 0.7096759108959375 0.7247315484100151
0.4744914590187043 0.4400825549762834 0.341016819529016 0.34119918020003576 0.37524883294074074 0.3756380235438775 0.40758661129484364 0.3861030161949653 0.4884941670751184 0.5445618209018933 0.5957843831846104 0.5747693837105864 0.5080108470585458 0.5081238967104014 0.477088307668591 0.5049376973304014 0.4770920958356745 0.5165899405915124 0.5149408905106917 0.5417798621805374 0.5876788413378662 0.628314958038138 0.6193099736404184 0.677728916808548 0.7278599882498442 0.7042193958480966 0.7291568178205363 0.7090246186000058 0.6578810594447906 0.6429519010984196 0.6941493141756998 0.7249291109283372 0.6991130534402507 0.6824289197437182 0.6759045225616142 0.7139071401995362 0.7131700272110335 0.6685043005078192 0.6416590056427579 0.6773922505805603 0.6935136430654337 0.7171515455856411 0.730777959820107
0.4866610952997856 0.4148085096723225 0.34098995453717446 0.3280873509805961 0.34417751406426317 0.34404158908451393 0.36054960426251964 0.40950596057953087 0.47773910772001366 0.557001918640324 0.5816686629819268 0.5467468372110783 0.4870861273941059 0.4983537787496586 0.4873235391493326 0.5297949992053617 0.4992986696501514 0.48192565713525964 0.5134593173177783 0.5506123821387224 0.5811027229435709 0.5957538986396261 0.6134114856019297 0.7023885064139258 0.6852786028997601 0.7147154087035756 0.733457840363417 0.7179557398379285 0.6590709346002818 0.6501666911971454 0.6653586209367427 0.69020014606326 0.7212834233802152 0.723571893503442 0.6924136458878608 0.6864748316579873 0.7105898718748642 0.7043450989475134 0.7038234276060836 0.7070597205924092 0.6955462911573754 0.725619836984297 0.711577111153615
0.43648754099473924 0.39404483353046565 0.3434991125132134 0.3338694167139621 0.38561800697116455 0.3907216861693742 0.40852173344690756 0.4356953564525392 0.4502078981933603 0.495529534407976 0.5455069181978388 0.5593079721741784 0.5092122620744922 0.5112767017479344 0.5196314795264106 0.5108163565898248 0.5445692314423484 0.524530085588961 0.5676484399152528 0.5669547040888709 0.6159551732891463 0.645885824655923 0.6512736826693651 0.7036420673174038 0.6964245674314951 0.7281284341959752 0.6943014118931959 0.6685380116521117 0.6753117559983683 0.6880649898859706 0.7207268829109202 0.6906142679483573 0.7416431828983014 0.7539268566635968 0.7582556384373125 0.7403693001252649 0.7036345657978943 0.7409304257227298 0.7253669802652694 0.7276536238678987 0.7002880275172532 0.7448395443816619 0.7693732979206478
0.4510421105432155 0.41758948158806 0.3799891370658892 0.3387890705872799 0.382050552095949 0.42465680182133875 0.4235737345036834 0.40155579755384085 0.43419747193048736 0.4705931054593089 0.5511932753159328 0.5279322201115861 0.51152321828384 0.4757298927504934 0.47219936271909596 0.529388307052491 0.5299898295537894 0.5487275537325512 0.587499656963721 0.6181426727560194 0.6453662553276701 0.6377117725688018 0.6910378241716076 0.7271712621990454 0.7099479340616293 0.7272796512952737 0.7149516595546506 0.6672554254427927 0.6539749242833259 0.6823428396777584 0.7135965215321168 0.7311561063567831 0.7515557052679447 0.7769313514107927 0.76280025328353 0.756544311532176 0.72068765332274 0.7690384058242195 0.7293685715972898 0.7171585707387278 0.731378609920957 0.7583559282329347 0.8442620498246949
