Raster_benchmarking/Raster/continuous/raster-7.asc
NCOLS 100
NROWS 100
XLLCORNER 1743165.0832194244
YLLCORNER 5469289.560913433
CELLSIZE 10
NODATA_VALUE -9999
[rows 57 to 75 of 100, columns 0 to 42 of 100]
0.20575306865184462 0.20998409019223208 0.2314161173615645 0.24676249305348502 0.27772088337137885 0.24923209793850185 0.2610159848565316 0.26759341520502933 0.2840298760179459 0.29531537185987033 0.2936069592321634 0.32045680540440996 0.31218175887986915 0.346953821838252 0.37702458559921037 0.3560284706744278 0.34427243886216774 0.36336602751053293 0.376081707571537 0.37838029190924993 0.38145138550220303 0.3661142535398427 0.3718953877616768 0.37877644108308195 0.4118873025957359 0.3840566446354764 0.372873528944701 0.41121766749009864 0.41532411180591833 0.4575560348703039 0.4858200060336273 0.4740119298533527 0.49990155036130995 0.5393899031784313 0.5558786212028072 0.5838855559429139 0.5838748444405188 0.6065419076835299 0.6176322158387053 0.6348285841453755 0.6030777525239739 0.6063950887755669 0.6094016737099086
0.2346546003766781 0.2345808646836447 0.24901771116716184 0.24995139339571315 0.26712567933564846 0.2773305442230406 0.26344876228081693 0.26894241383260264 0.26564211155522577 0.2860277772948159 0.31988356984426697 0.30740478470548427 0.34635221644533143 0.34724061461251265 0.34923936163187974 0.343131607515788 0.32806852410559617 0.3421807263980459 0.3439335641459474 0.3764594840755107 0.37053631378082635 0.3656010936196417 0.34996452310559967 0.3819824381801036 0.3764086898613059 0.3873843545487455 0.3862522876930723 0.3743259899999574 0.4079496672072291 0.408846108520648 0.4491465484395934 0.46782980103487354 0.49751313261751273 0.5134168901581492 0.560886514471486 0.5682028996003196 0.5723658527452118 0.5862363361450119 0.5817350124373819 0.6176918906687856 0.6097789473692956 0.6212266718949304 0.6209260376092953
0.22645338339943716 0.24558491140226285 0.20775915012256774 0.22477081679929828 0.25496015386784304 0.25693918018301654 0.2578462203296541 0.2560191156230202 0.3024217414568311 0.27770017410141223 0.3168182381526042 0.3187295753241771 0.34152909030975986 0.3268468930300233 0.30800099087488614 0.3002560642750327 0.29917320761377225 0.3070031088833652 0.3305331795050162 0.34319954895033383 0.3639235476292561 0.35900639144573876 0.35845220216401646 0.3849301625682949 0.39691380206007865 0.3822517397076385 0.37383851680599517 0.3572965992940779 0.37195661203020164 0.4179304200114603 0.43864563545223867 0.47811084541258914 0.4866175265428373 0.5071243549130627 0.550240182568108 0.5828930837844123 0.5692113616920892 0.556704730273617 0.5735699131685319 0.6066012766202548 0.6195077646512595 0.6351844271646154 0.6283491715407657
0.24242482970216317 0.2331695644551271 0.22408152854230545 0.22160130527952115 0.23402234550095427 0.22921264533925467 0.23023968291082195 0.2700431083793153 0.2761220940062269 0.2681888225113597 0.2769773383635123 0.3178363423665543 0.32849282107215355 0.3130998173997356 0.31923964243069486 0.31976420092885305 0.3218290868392726 0.31394994539431775 0.3317902634435911 0.3499233655139639 0.3561591157552211 0.36376593459103135 0.3641197022957907 0.37914592388471424 0.39623125116367697 0.39558778962237656 0.3943552588548395 0.38381634821789473 0.40454636320483134 0.4295198060866499 0.4179582010209537 0.44099962147091043 0.46715348084174224 0.48855822677653515 0.5213960484525906 0.5637520495101874 0.5596167838586809 0.5726416907491206 0.5668948090879684 0.5907488765001995 0.6132055626096384 0.6241605402246235 0.6342840156226561
0.2207116192017001 0.20285119087207065 0.2115896562720315 0.19988002337795066 0.19594088653415934 0.19489264535396184 0.21140896813142965 0.21704222712082316 0.2370364766741283 0.24686379773498632 0.2599588332039804 0.29837150474534335 0.27251371321245593 0.2856891386226189 0.3241815531024691 0.29496773663872794 0.2850397739771943 0.3229493079248425 0.3194854976706123 0.3357603005423368 0.3320987757332346 0.37020570904468636 0.3566135388199006 0.38042948930606424 0.3676756357075936 0.3772085771152268 0.4065943661207517 0.38995958551734783 0.42233990910161906 0.43288004642021755 0.4174518372792735 0.4139769067581406 0.4210345232440168 0.4521148398098125 0.5149585452278561 0.5579278492615267 0.5753964307178793 0.5894793024638458 0.598317528598446 0.5940241119205253 0.582927417475921 0.602612448326017 0.6336013284866401
0.18987005417443859 0.1986325854569489 0.19074930980736413 0.1897780627013658 0.170045428387518 0.17173942274975573 0.19542504712933548 0.19325697686998078 0.21917271686916173 0.23268948763444627 0.26969891978674027 0.2819711381628207 0.29025544689569116 0.3077424970401862 0.31376316416388006 0.291239225795986 0.2990032630967545 0.2933493722385097 0.32869394197906554 0.3341046956988614 0.3410544874907753 0.35370593625416513 0.3450446089151157 0.35242478336944216 0.37764805839726173 0.38951866669877183 0.3885947019758571 0.38297738549692245 0.37587665490857847 0.39605774069877575 0.37885485396391044 0.38466031199399026 0.39074384804762013 0.43208244347858527 0.4877354933694726 0.5126575669541841 0.5644763499639276 0.5522319581472602 0.564201457551827 0.5574557135436802 0.5828916439969466 0.6089220842543481 0.6155356982305525
0.20888158738001972 0.18822497532302074 0.1683229194522995 0.17887103038782814 0.14278942285111712 0.17444855967466036 0.158277768556632 0.19711815055627016 0.23796501583652532 0.23214402934660625 0.26834109333513534 0.250910902955892 0.27248531424395395 0.28045983599280855 0.2891843811553426 0.2684072098599641 0.30303740343359997 0.28339066097275667 0.299486448608669 0.3157690617176703 0.3339239769498426 0.34449584077845125 0.3502434227243386 0.362404482845756 0.3602964871452723 0.3684742883160665 0.35477205805573914 0.3575511740269445 0.3645522171405393 0.35459876596697953 0.37670443124972763 0.36966236261980745 0.38177094873808504 0.4352286927690768 0.47381925265974406 0.4876166158068521 0.544596515840315 0.5477996059972304 0.5305604919114977 0.5452846513616049 0.5756509942895488 0.5869324317317599 0.5938696754041172
0.19784155201344553 0.14938800185817375 0.1642447163171228 0.14490871049489762 0.141497194931802 0.16097458623500727 0.19098190008917068 0.20784121549017762 0.2231267455115635 0.2259227127127116 0.22996641944424515 0.26077276662612536 0.26018536992313224 0.2745866674392683 0.25932301184787104 0.26344984770871027 0.29781914986303204 0.30889218176405886 0.2963512658435563 0.29406618757653064 0.2993246101956316 0.3309620473649462 0.3175044655774179 0.3224051479682692 0.34998083959081744 0.3466377750034314 0.33191509757670934 0.33335342501660453 0.3127612319901821 0.3340863744552517 0.3511280001326597 0.3519857524651456 0.4014666964282742 0.4319349783612817 0.43080349417393543 0.4771378037313355 0.5129785754118246 0.531559334775919 0.5335324047391176 0.5563551420970635 0.5825032268310397 0.5941938567804065 0.5942516484977811
0.1642627194367535 0.14591299707898644 0.13003797949687 0.15796638840874758 0.171824423023585 0.1645814096570143 0.1669891757471256 0.18248150563382268 0.21487958695611556 0.22685704730680578 0.24257103861508642 0.2530818828882395 0.2759654711662187 0.27328858033481934 0.2597553176227758 0.26022087538884137 0.2590952461734131 0.30519572700689596 0.30705605195381575 0.3123963889465206 0.3044448704397125 0.3105119766816973 0.3399106462163604 0.3205178571485281 0.30909816752014124 0.3399993739378187 0.32557342875735645 0.3296972209428993 0.2950990351047673 0.3240633358136613 0.31862752078033657 0.3529996599031564 0.39145216308689335 0.4044396466634524 0.41518378041774284 0.4745976794162431 0.5039236628254943 0.5086981596548525 0.49109619654842096 0.5227853044194415 0.5553339086330196 0.5558243029056202 0.6009528872870298
0.13285775957892917 0.12134263570363206 0.14462751877146654 0.16236587484307316 0.15317637504997056 0.17226142452019302 0.19487914934155148 0.21250474501892339 0.21011139173829704 0.22712461094373512 0.24735665546340374 0.2790625069545398 0.29363811413696983 0.2849893382895903 0.2545004289756545 0.2654313719492258 0.26688322357554 0.27922007335653537 0.31401119259258437 0.3169195072012423 0.32703090775430027 0.3367067584829474 0.3171617730174446 0.3096579864376426 0.32750377851317153 0.3053449657457639 0.32674945957429674 0.30187103382749053 0.2757897797412525 0.27993530557064494 0.31902409316187874 0.33050888579206933 0.3767066002772124 0.38479209099435757 0.38749118583847436 0.42282001452951046 0.43866200130480154 0.46197357689404145 0.4734067837228908 0.500280474465585 0.5001189555486575 0.5336474411454124 0.5759578542582221
0.11708200890744455 0.14317825024942374 0.14804664266725634 0.1723839801756337 0.17622308565895745 0.1885570307124032 0.18492265583936654 0.22024806110108328 0.20436434331499775 0.2504233639348767 0.23601367509716395 0.2867391479169009 0.3016475518982534 0.28573894329234917 0.28315846515981674 0.2727196566072712 0.2905049077295138 0.3054702613453612 0.27751483466830046 0.32748748789077925 0.3308802401508452 0.3114471274895193 0.29431561300712566 0.3172315805050264 0.33655072603230946 0.29823529003021243 0.2937485414286964 0.27821387682555276 0.2838299810181553 0.2766354723748098 0.28133771385375694 0.3066988672882476 0.33895425969445436 0.3486995752512025 0.35255484624549416 0.4124198221779042 0.42976064700708055 0.461914934424846 0.4855143999977128 0.4909053441695232 0.4705230124431956 0.5129102208570641 0.5580633407677221
0.15360737678201272 0.1657015878540521 0.17798495877985232 0.17548004087960903 0.18991926910282014 0.17501401016005494 0.2156766797056912 0.23325802655123806 0.23535591090949487 0.2641546958189158 0.2741518990315488 0.27017856482808544 0.31095679750545485 0.2983199324765703 0.2996326969645918 0.2857469412120885 0.2945666610651143 0.2985434662848041 0.29323850070547736 0.31781274540905236 0.2955253353903469 0.3136497932924537 0.29431703003590576 0.31706078829190665 0.31136399804843334 0.3073782255397179 0.3037266816966351 0.2774969001975949 0.2827524005729234 0.27224745974155795 0.2829602529357464 0.2910773204260586 0.2974917831934182 0.3103424195028492 0.32917166632086126 0.3664718789446925 0.4204647674316538 0.42646841323963325 0.45076003445452345 0.4578578288263559 0.47671126445083195 0.5172176244082747 0.5495657843305932
0.1782686572823273 0.18497509612157892 0.17334350163696924 0.1947315190590948 0.19342157831583462 0.18127356263240846 0.2160238785435087 0.25683423278020184 0.2737648377269256 0.264897893634518 0.2877131438970614 0.2935992435624563 0.33383071545934884 0.33484074664047875 0.34067021408851345 0.30237151357934733 0.28966125596824266 0.30655811788557646 0.3012347374362247 0.2930014849802433 0.29582092018986733 0.311246932883072 0.2707879233081736 0.2899667922123669 0.2963174505258114 0.2780677241486357 0.2960091417004923 0.28028866249183704 0.2722045868383445 0.2788890335920193 0.2546190308559018 0.26834936633413997 0.2703050316500777 0.3107238276016933 0.312776520412597 0.337745891994439 0.37998447908278105 0.4288570490503833 0.4365569758705448 0.4737603738686141 0.4868515172284458 0.48056393100708245 0.4934749775947313
0.1439480185141855 0.17962148283626878 0.18181800836172 0.17629627121275152 0.16791343619895496 0.19236847613889238 0.23246530253579106 0.2592491007480812 0.2829332570847476 0.281967189003775 0.29928617547355785 0.31854423769123863 0.31503022131757713 0.3182861311111655 0.33211935606309767 0.33148325659041566 0.3215794978215311 0.2938183577017218 0.2808079586415039 0.3090126096617413 0.27801791556954936 0.2949018864485981 0.28656755187640803 0.26726134922679695 0.27550677583842464 0.25996750437126026 0.2792832204484065 0.2557859484109037 0.2578335050368459 0.26158462562403406 0.2384585333737942 0.25829278384859544 0.26117235786481074 0.2860747118456479 0.29980779592557527 0.29634824794201114 0.36259782703897214 0.4057391059733541 0.41869983058580096 0.43929827947673405 0.4516308425276493 0.47996974591321595 0.5012612162961548
0.14600561251963165 0.17382726682461422 0.19820038469215098 0.17981090228566599 0.134916090387398 0.20829832654609265 0.20320370665623766 0.24553508158483459 0.2644762464852599 0.2989202268315816 0.2991099124923462 0.30899729054677627 0.3018889854400917 0.2937182867900629 0.3176915328771896 0.3058699952985337 0.33487628019305105 0.32091284094928896 0.28499344460315285 0.29476150378583726 0.286013381748063 0.2658517535626246 0.25377865254628024 0.26749043986564086 0.24704791653069802 0.26893779638392595 0.26685357278796357 0.26854324320965933 0.25811686269070977 0.26089062801394286 0.24983696585750934 0.24277674357816598 0.2572638927688361 0.2677855944751843 0.2622819697259974 0.2826017562858554 0.3089555146093823 0.3905497080788274 0.4209046282048935 0.43947212411421804 0.4589435821996725 0.46247660831982507 0.5156027781459817
0.15667938871095302 0.1630295970406584 0.20360857452500478 0.19355686405907943 0.17918641672687613 0.22267218381518492 0.24305243547623562 0.2525826625156274 0.2902480664459463 0.29454007063956256 0.2824549907064681 0.2985530919053496 0.30533208568544373 0.29512637895911226 0.3272168262901323 0.31772237400536896 0.3379049910767611 0.32016782349967077 0.3191287560159192 0.30839278556612415 0.3128015492914334 0.29772272493542074 0.27315060535809205 0.257425849548931 0.27751451119719955 0.243393680090133 0.24237330195925316 0.24505018306558138 0.2654095469629518 0.25844714493834486 0.2519833592460441 0.2466661735732244 0.26287222138357785 0.2586054068141994 0.2573335398382368 0.2947124196857875 0.33389561012685326 0.362600817056729 0.39977079629767437 0.42707424273007855 0.45807584743051755 0.4602821584503975 0.4852520361876628
0.1432798838173594 0.1616113290058583 0.20550632966232527 0.20663027541312556 0.24229215899167178 0.24479516481809105 0.2527757122275181 0.26239293221169907 0.28465378912021205 0.31665778631678915 0.3085023219769824 0.30909786378988374 0.3138793634502634 0.29769526296028503 0.29944903115194615 0.32573925200027926 0.32290816604247446 0.32834567484283433 0.33344037222825273 0.30352524809663706 0.28121751136512474 0.2916988932110214 0.2998861576675602 0.29345865624197415 0.2860721259249067 0.2611945515990149 0.22254720909992864 0.22957814989657077 0.2701706280316438 0.27369577754016416 0.2463587740626424 0.22117309814529965 0.23893204687125968 0.22752490859389565 0.23467028773799592 0.28623318392944536 0.32121740212974104 0.3325829054127924 0.36165754739313255 0.41743490094876506 0.43026862559125906 0.45737090053086954 0.4523820285194383
0.17707542936739692 0.1783553872692372 0.2234915343078183 0.21892048236695813 0.22910861287060236 0.2576848785741845 0.26915594146225047 0.28491064218019263 0.29748597053972975 0.31564922346871044 0.30503688481820845 0.3218625064257421 0.30511968894036084 0.29659667532204326 0.2988382037411835 0.31659121351600505 0.29813081270759306 0.3273710352357815 0.33088895744613755 0.30787745271038586 0.3128921846265609 0.3112127571630658 0.28617266443552664 0.2809643863270884 0.2681219558970361 0.23038092594565854 0.22023230395140844 0.24764554537923394 0.24421301728623 0.2552075887236853 0.2432847902155745 0.2175053415955249 0.22948857189337227 0.2285948048167708 0.2253377151954221 0.26135477131897084 0.2806885907584682 0.31354079639503446 0.32656787168657614 0.3812748353360856 0.3912664811580769 0.4085717549546208 0.4098475320139707
0.19181733903032364 0.19447365743268752 0.23269340523548118 0.2351471469000808 0.2672723820710571 0.2516974066972679 0.2757024167105341 0.2611063416682573 0.2795128664686637 0.2859546629953369 0.3173735373217537 0.3273265034679895 0.321412762862168 0.30602295157493925 0.27753069184888757 0.3157942027349312 0.30091549535384987 0.2993130823850112 0.30034314646906535 0.3001948999688051 0.3103593949411541 0.31053561268316565 0.3209832336518262 0.3028513749861896 0.26086704551298795 0.24530495027283536 0.23244140589636342 0.23896455753926973 0.23483683147596207 0.24027647314851963 0.22353198125129747 0.20747792936456824 0.21810132405485122 0.21144762245311124 0.2099874695141767 0.25407902688239076 0.28359811844203486 0.279612981837327 0.3165133178149644 0.3745632873969935 0.40310321209517963 0.3948708519736529 0.39827294061570184
