Raster_benchmarking/Raster/continuous/raster-215.asc
NCOLS 100
NROWS 100
XLLCORNER 1743158.7488654524
YLLCORNER 5469279.496116163
CELLSIZE 10
NODATA_VALUE -9999
[rows 0 to 18 of 100, columns 0 to 42 of 100]
0.7083497828239304 0.7047606101017647 0.6887782696844846 0.7193850155839893 0.6667396457592686 0.6777228301258011 0.6763519780306025 0.6708878572221386 0.6270428411550764 0.537768200770114 0.5020189470570012 0.47594655259668905 0.46153148633097346 0.5053421590066226 0.4464770302849985 0.4335395863544113 0.4252408302278807 0.4585491275436184 0.4797201987700699 0.41594515885643674 0.4406378191777559 0.4153212001931235 0.36903686812084885 0.36268223511235 0.34685104417317253 0.3343748780385461 0.33153094009214434 0.350829291170997 0.35951253335804295 0.3514798213527307 0.39405616722936443 0.37153516272308734 0.3768611186852024 0.379938240012819 0.40288340025938124 0.3661705438399531 0.39367344135820975 0.37578557167073084 0.3880613325543696 0.399756315385899 0.3325610874350622 0.3434555912004129 0.38529015626901614
0.7064123139191091 0.7023151511286453 0.6121922518526802 0.6815927167418383 0.66935327230944 0.6948853174485294 0.6908897577345459 0.6563385428528239 0.6445110813173863 0.5455494157501849 0.5271730136001576 0.4887908866531113 0.44944362273544086 0.48104113988914216 0.44495587254795116 0.4588801815670967 0.4308189195493182 0.4345346166905379 0.4862985150477898 0.4486837705338674 0.44232175471939666 0.38707983909401983 0.3390453089114292 0.3288801139790643 0.3260852339404255 0.3741215325373095 0.3877638535767239 0.37722900719814517 0.4103067146944162 0.3558881682791135 0.33920656896201967 0.38159690512128674 0.37648370573647866 0.3724243677154781 0.3081273562851599 0.33524998534932676 0.3233689745445484 0.38377989719096217 0.36859522100851827 0.3913577163158176 0.3434786017601835 0.3652983382927251 0.363721948264771
0.6415583722378405 0.6558007176048687 0.6109719741970245 0.6059885475865966 0.6284705778550422 0.6719315702774988 0.6899435572747062 0.6348484783452034 0.6155835216133303 0.5389498699047741 0.4866163519599092 0.47732528883896036 0.42131994991310145 0.40028338731082314 0.4536738262678325 0.45556205725955873 0.45144205159845574 0.45125977506326 0.48312990961028024 0.44627789710190324 0.44948111682910974 0.3874016443371273 0.38641040853459113 0.3554158495764382 0.35504467657409167 0.37802485053067747 0.349832090600925 0.3985354593606573 0.41757949165957103 0.3790610053816511 0.3904876590621614 0.355125667886575 0.3134329313853721 0.3277748080073869 0.30253473269854003 0.31832281080316915 0.3731387927662539 0.3464320814104637 0.36579481605990727 0.33064165864402445 0.29434684381738285 0.3289745172488365 0.2977101681492485
0.6554102930161326 0.6620840358712159 0.5901635122026427 0.631682978428656 0.6340260876363789 0.6455205827189212 0.655194274438031 0.6113873312470663 0.5654153572083002 0.5382436180826975 0.46952976454449435 0.4326290641395322 0.37341869415679707 0.4031697825775505 0.4363757376088357 0.3706341368041151 0.36428828142377456 0.3849729020119912 0.44832781896776736 0.41189071615114914 0.3759655009414144 0.41022171666755286 0.39793391672036843 0.3261156757103728 0.33409226679782783 0.3576871429936993 0.34321783017341234 0.3943949427572311 0.3417664002783055 0.3424908218778843 0.3525601654687073 0.3729281605938148 0.3337741007338094 0.3301640553302488 0.3107323829513789 0.2930200693516804 0.3661206119612665 0.36434558296239483 0.33399627610494587 0.30132737012358546 0.2887967671776474 0.29055014061859435 0.2900043944843249
0.5740229586795857 0.6203366674490977 0.568204845649599 0.5795675033844732 0.6331608435270164 0.6113090094303651 0.5884281312080833 0.5903139435247883 0.5861381216480331 0.5383743565963017 0.48145044923792846 0.45355733126727354 0.3975673039088815 0.4224681334038878 0.3696902030731638 0.3701557153623018 0.3677569292080127 0.3918243383580757 0.33771028767358713 0.3189729328268057 0.36654628113930154 0.36891703304507717 0.3429105511117074 0.3434197651337943 0.35347445683705175 0.37559072903931867 0.3662607629460449 0.37676285920163133 0.3603028616419299 0.37358610197506104 0.3342216955709672 0.34329221697227896 0.3694459697208166 0.34154081020319405 0.3412133738101736 0.29950818983687283 0.31156714012689635 0.3142477883735058 0.33787597351032245 0.37175386551469675 0.3341661198479062 0.3552007851506106 0.33686787393550705
0.5926016066722584 0.53339840018451 0.5215319064124141 0.5630254434052037 0.5655821298353675 0.568482528329589 0.5899019576942928 0.5404982317953445 0.5256058097028286 0.4817132588196917 0.4802606685086605 0.43558755364518387 0.367238585349335 0.40275628794802587 0.364391381462347 0.3736635198601046 0.3903979738203125 0.3715506535083542 0.303404463922201 0.2941883743447182 0.29652298351210976 0.3006854513608463 0.3816667091569546 0.3407891834368379 0.34884243099944706 0.33905159307535027 0.38223888955016566 0.3327713313206903 0.30550256861089603 0.3737118479442864 0.3472895242374251 0.38624251727709286 0.38986110570100574 0.39781099509544693 0.3415826476649164 0.29096236517986157 0.28180688594744613 0.36234078685072846 0.3745208094451928 0.33620193692934564 0.3552153985608479 0.33868013649074924 0.3797961669144136
0.5093015401519774 0.5413294032218774 0.5201384997511255 0.5360991628961758 0.49854871900407316 0.5478489822588729 0.5210919505836755 0.49913012771914533 0.4815956631287741 0.5058555867353517 0.4725173228275125 0.45808512840002497 0.4199769925531385 0.37309900935492835 0.3201088489736686 0.33948115521849764 0.36651778140263813 0.31709653317126113 0.28431026924067343 0.2800481381957127 0.31705774488316235 0.3042268791921369 0.3570702694677693 0.3441549222513711 0.32994247579470654 0.3877215750325228 0.36539017192996787 0.3831654732106331 0.37197398223314815 0.3609056797571955 0.3564909334342228 0.36301064724916143 0.3514879177237043 0.37820187610572364 0.34627360937901924 0.325096799565645 0.3360282582493346 0.3518297418972469 0.37053076472655994 0.33468469839988346 0.33853795943467924 0.37566068544174847 0.3263964728482355
0.5199235746433614 0.5301957652263519 0.5674409017734171 0.526405982991391 0.49319782569314113 0.509017181010739 0.5454214279308287 0.5291531150092939 0.4552176669184254 0.4537270463881963 0.4576067141816195 0.4650094113430809 0.4178327976491505 0.33017933712064357 0.3252772041376027 0.37236508331438367 0.35653565817092786 0.274162666673323 0.26962475272802194 0.279349496138679 0.29392628083305855 0.3254834658253389 0.2660229663099406 0.3359509780149655 0.2871099322502652 0.3828606564983861 0.39800057255933624 0.3609047539806124 0.41709532184762765 0.42219330380455755 0.4440877745485399 0.40469094873951966 0.40126408709571837 0.3897447040976669 0.3964186449380438 0.3092601227783906 0.2930142344234201 0.28736810482587477 0.35982931190426365 0.3105427341495604 0.34650582290436893 0.3397733871424217 0.32498187844358783
0.46535471018978286 0.5081390639773322 0.5013822430215115 0.48273609937828654 0.4728066124738002 0.48393823767298805 0.5560901597283507 0.5298045990178175 0.4921703321375988 0.4232995722166584 0.4758471756105683 0.45916376963144256 0.3562890036537776 0.32147091958129537 0.33053360850430563 0.3332661900622608 0.34916675048879975 0.27947555965950466 0.271345158314862 0.31655072689958424 0.31058249859565357 0.3160038122436098 0.3059774554080693 0.32583604773052965 0.33314824735163057 0.359561643948985 0.41128086878694314 0.3859002634056687 0.41235006264411167 0.41347002423382573 0.40306975047003096 0.4600846547892618 0.4469231336126215 0.3670822115776952 0.3552327906008196 0.33864506453766874 0.31177673411189866 0.2626052000745928 0.3020353444147033 0.2891526906538983 0.3394299448686261 0.29614952887835216 0.27734703767954966
0.4719891349057836 0.5190610094379631 0.5147859299145692 0.47729547232311986 0.44603297067770065 0.4940623732105213 0.5394879756594414 0.5101873701512624 0.4696765873111136 0.4867486304891875 0.45331517173934777 0.4409831275910223 0.361006527649725 0.2997446894333989 0.32786924321852495 0.30878945632827526 0.2936518779751875 0.2929865750003823 0.34413562948535914 0.3189931622874949 0.3328587098438809 0.3648176648383559 0.3438786826391646 0.3333788495901219 0.3124949430131808 0.37815472183159493 0.4136462752160235 0.46493935418473775 0.458016590554451 0.44484906297092186 0.44418479402124433 0.4367651685391231 0.4218812604590721 0.3983967071236424 0.3934537873149647 0.333535798760438 0.2620504048182242 0.28342204818350536 0.25162054156064007 0.3175339104822257 0.2893199867241092 0.27936984386194064 0.28545171763278654
0.5064560819760812 0.5454629777466087 0.5287485530312322 0.48937859422434105 0.4767849243521675 0.5189628194718526 0.5227010457199881 0.4540078564638655 0.42427786819705027 0.47735707304030034 0.4497383509445539 0.3980828323057116 0.3842503208578027 0.3302250711114594 0.3141252444974219 0.3054001879555612 0.342242207119712 0.3355091003275982 0.34367617766716785 0.3273731389548804 0.32675508265067965 0.3241398961217627 0.3295687999667934 0.3917975469256982 0.4287313626400368 0.4236902512048372 0.4438313225465133 0.4654529280601915 0.467200611404595 0.4498801349819722 0.4624529346877925 0.4556616087298388 0.38885490955305857 0.37806605432596996 0.3662801492592982 0.348919147457266 0.33867861859827375 0.2958434335218187 0.3038581567884835 0.3004405841501297 0.2710979359947853 0.34150993004723146 0.3450515133834369
0.593241538993699 0.5467306817160812 0.48414650759197553 0.5177535331169624 0.4867468501133024 0.4532211441613267 0.4658820226341517 0.43812683788953033 0.43760585772253024 0.4816188139269031 0.4553276895307352 0.42678336051704074 0.3930616198603645 0.30765548693933176 0.3136711206017524 0.2872481831573002 0.34584103829325813 0.35358544059421754 0.3111662243212363 0.30517930727449843 0.337126644770809 0.32281818016758357 0.3820923010987718 0.4308670861618397 0.4520065743695113 0.4447209142835796 0.4709398170772535 0.4463331873705205 0.4983859863907389 0.46559558114446836 0.41609079411774164 0.4516001062459777 0.4213524323814598 0.36351847799497244 0.3340754327819055 0.33996110863672013 0.3005573299600243 0.3352725619315515 0.31405546299921183 0.32921684546088986 0.2759216631754831 0.2904700765666783 0.36686213707153287
0.5925061791705015 0.5887088425092188 0.5525557508803881 0.4978854864452214 0.48715767347529965 0.46820143476484644 0.5279322582896052 0.5305119411065393 0.468311192097573 0.4946816512671678 0.48656579768582303 0.40495279841003684 0.35281583897022056 0.329304567532923 0.27940679951387404 0.2846172706222408 0.32353830819692764 0.32923758107277634 0.3212168794379366 0.3148779262511127 0.3146374421439067 0.36266162641295296 0.37848877784339374 0.4173415851795834 0.47227161532514494 0.4665346009950897 0.44954505461209304 0.4610717892106432 0.47772533256113037 0.46105771938778023 0.38853350533414927 0.3851712846271262 0.39198283841983805 0.38602860444226156 0.3115670480910452 0.29425996626208173 0.3362253305010983 0.3088728125441764 0.3531097732698621 0.2901921712911731 0.3171776038763323 0.31451119891294316 0.40460811432750415
0.6072647021361294 0.581460646227787 0.5430581272384989 0.5242794553880107 0.5107725036825637 0.5281718361099547 0.5475958615500289 0.5113227969888342 0.5590019995816063 0.5074959548243779 0.4430086155215091 0.40879391118406755 0.3639341522417132 0.3136502187439531 0.28598958920485923 0.2597232730320479 0.29514536766411126 0.3275631347172651 0.25556202259753685 0.2812880008229492 0.34419214246203217 0.3393249792301857 0.3713302757486575 0.41356794146720005 0.4439207011201052 0.43021046202832486 0.4042910758626567 0.46269455298167517 0.4828561688828601 0.4772618774923638 0.42998395602368766 0.377409774049314 0.3818041530167801 0.366001419221921 0.34144570656237216 0.3521364050306758 0.34813316415615014 0.3549635441329805 0.38576196243418476 0.31356731331364057 0.31962154058172837 0.36813324000441194 0.4280317942552066
0.6476501904979575 0.6140424762676139 0.5862845246505264 0.5561265624472128 0.5465805760142419 0.562283824227165 0.5748083044479138 0.5289501803048721 0.5814007196125534 0.5394086819593329 0.4991510746090764 0.41087109206477257 0.392101422182888 0.349945318344895 0.2898854840390153 0.2972552223157706 0.30340190058007044 0.3036642452300607 0.30620635383658756 0.27958598773103904 0.3619616537630725 0.35989275868601284 0.35801531627493166 0.4406466176907965 0.4410271796796877 0.4041086309136713 0.36949097892935223 0.40819690360069527 0.40813935966241666 0.44455361412112365 0.4669285380930084 0.42178498210228943 0.41718600352962915 0.39165295804660405 0.37238062269566125 0.37505409321742533 0.3533284795051701 0.34625991367655384 0.3363511377301632 0.3480459213812126 0.37107122210648963 0.40278498318187156 0.4141559981832885
0.7023953946065401 0.6532629308837132 0.6275170797139501 0.5606480826967734 0.5599463088753355 0.5691951865578979 0.519086666848106 0.5477361310176615 0.5627605885831659 0.5645263284891028 0.4951786731051312 0.4431220503831865 0.3429968356902979 0.3575397938146686 0.3160076562231854 0.3077076560182157 0.2697131272832964 0.28784476784962937 0.2849310627687794 0.32250720866545884 0.3630083264716865 0.3607656072618736 0.3932452383801962 0.36394575422011705 0.40782760135689655 0.38449656201678994 0.3602978684972645 0.3533625420777957 0.338642844805374 0.41925634333179873 0.44174581927097695 0.45115727597204996 0.38411063514627974 0.36210993740613245 0.36150305315944914 0.3895758598229634 0.39103605646483264 0.4008205596942584 0.4068207015738739 0.3843656255823083 0.34928890995233053 0.35087205814640604 0.3692827698413682
0.7579796043377222 0.7290763423098209 0.6603163348363327 0.6153579199337843 0.6279416876961054 0.5845473314715645 0.5940395077032241 0.5860653130377115 0.5756178515558292 0.5181385961236806 0.43251073663855166 0.3904636652028304 0.3487868366648011 0.36087207249235553 0.369884558137091 0.30928976818515497 0.2553061924687441 0.27412698741309527 0.30598646010709485 0.33972339051869227 0.389677564637419 0.3635416875627713 0.3719978029887939 0.34507461369413456 0.3751236391821338 0.3808671849384545 0.31654040528808264 0.3360286190157409 0.28392640433031713 0.329754292191939 0.41040929759339423 0.4102343600771845 0.3948066078857294 0.39905049943728826 0.42469924572643575 0.4220319390334345 0.4368018977843829 0.3966888643352537 0.4512329957061161 0.4354025620287958 0.3934959610057402 0.3937953138194294 0.4367203870039422
0.8315498672891685 0.7878510211703099 0.7158847868499126 0.6814309805882337 0.6308205764359867 0.6402943277923481 0.5899058541444269 0.5843849650964285 0.5848797939658145 0.4836556582968778 0.4425229591969043 0.4615401227372409 0.4169827034245041 0.38750669894565054 0.39110694211675706 0.34192974265236736 0.30682032756242583 0.3192896557742756 0.3189548385704483 0.3803374130073969 0.39370528667368293 0.35883456579455114 0.30576323195847416 0.34660808648441255 0.3779459631352389 0.36664577716554847 0.2629496494710946 0.2473420389450932 0.23718202669577731 0.3123557868331889 0.4155815555924279 0.4151300885890735 0.4497055152420332 0.45958129737600373 0.48008245089231966 0.42720936769159484 0.46572210251789165 0.4373024086565344 0.4485373889356605 0.45541581644452084 0.42745197904574334 0.4266114311169209 0.42647979912518247
0.8268426768295427 0.7908847840341857 0.717902720627458 0.6445666501272733 0.6193965182767882 0.65428105449198 0.6510963313813966 0.6342578683048455 0.5955663181816925 0.5282052106273173 0.4862573388230377 0.45814145178163207 0.42464122740844795 0.3493083181843757 0.38709776849425254 0.343094745228041 0.3232881139676475 0.3619695399201695 0.31629267521373566 0.34074366322645494 0.3769216241850307 0.314190528264558 0.3210528130975635 0.3141284522776757 0.33730018354149305 0.30970414093066684 0.23421880478198934 0.2523191434185873 0.22581251196538 0.2750811649508849 0.378594796286075 0.39611094147380427 0.40342468977062435 0.43710148587580705 0.4314124843846905 0.45855816130227983 0.4663453435153531 0.4360046200580433 0.44863435607062846 0.46243809256197593 0.43935880533610944 0.4357404081754658 0.4438243596095427
