Raster_benchmarking/Raster/continuous/raster-462.asc
NCOLS 100
NROWS 100
XLLCORNER 1743156.4905161245
YLLCORNER 5469296.733707911
CELLSIZE 10
NODATA_VALUE -9999
[rows 38 to 56 of 100, columns 0 to 42 of 100]
0.7659595040874022 0.7627139762492491 0.7499402858779736 0.7169979608529496 0.7125523179335431 0.6699796307573224 0.6794495931538285 0.6671166897659815 0.6812235075006698 0.7040851236980085 0.7034709323364425 0.6932426868707348 0.707467309579665 0.700096172461242 0.691834791243273 0.7089971292642641 0.7008730195075834 0.7045925160610308 0.7078376415477281 0.7100673048375947 0.7097259316594092 0.6884180638054254 0.6733646292956045 0.6718045292530135 0.6787277032501737 0.6656056137035354 0.6582349660403052 0.644310652552248 0.6203850764110747 0.5836752734882311 0.5890869856550901 0.5972227534480263 0.5670491401341207 0.54113520635806 0.5430352123290855 0.5183748347855236 0.5199422565811501 0.4961566180812536 0.4448619939212037 0.4393205922226154 0.44725796281335606 0.45032357479844964 0.42547965344579664
0.7690878322214296 0.7609394741916229 0.7466610260723141 0.7344815058117379 0.7148810007279399 0.666830966748503 0.6923156860981543 0.6994631619732492 0.6839499544314493 0.6810948467739705 0.7198887771527412 0.7056487451159755 0.706019758322796 0.6716063027219232 0.6785578102570875 0.6797137940868909 0.690561295955025 0.7089268238097222 0.7228279661443925 0.7104629246913786 0.6720137239755405 0.6541133147622963 0.6465251951939598 0.6509192183443787 0.6713881967297084 0.6528154738551037 0.6265455016894454 0.5968501314447933 0.5935223352877091 0.5929075851337355 0.582544206535235 0.5790120327977717 0.5437498851046562 0.5396568602680417 0.526179773435184 0.5457457755838049 0.5269002327442133 0.4770058955092002 0.44523053948208546 0.42386651059392944 0.43099919837233724 0.4540801145176217 0.4449486826055192
0.7806793624707798 0.7781142221134738 0.7426606773057158 0.7234457055387087 0.7143064489829485 0.6918652934180285 0.6898320120123206 0.6883780788373091 0.6837845990313244 0.6986982391916939 0.7168343101123225 0.7169692866355505 0.6852132989110239 0.6833228490799679 0.6460884974579499 0.674239690744494 0.6535708025197294 0.6551551630009127 0.6927666008859402 0.6878815467173957 0.6567544261863515 0.6466842213376177 0.6691479814860914 0.67866389998411 0.6523608124626733 0.6234233176666578 0.6111055365729029 0.5905908921711419 0.5891103139470595 0.5796687168393806 0.5658526092121464 0.5674221082533532 0.5369540241987308 0.551062151020799 0.5321584022891596 0.5369532826296386 0.510583553138641 0.4959128870734102 0.46159748941940154 0.460786081402149 0.4465165198941575 0.4431512153632279 0.452397604417951
0.7856851424537042 0.7526602499590318 0.7388949215010159 0.7334775245603851 0.7340964644905635 0.6918160580532104 0.7041016228747478 0.6850941555108983 0.709795766809791 0.6967672615948429 0.7137187307612086 0.7223415786730558 0.676090979525154 0.6548715279107533 0.6373989190590752 0.6510854936962307 0.6339300781457183 0.6412932933497772 0.6430769677151518 0.642895980832296 0.6466722606428787 0.6754754418890877 0.6756427229206307 0.6796407371749168 0.650536288151747 0.6400444230355044 0.60580269906441 0.587756651798361 0.6037069445612355 0.6022315188003365 0.5776322665066418 0.5650899529842367 0.5518595399090281 0.5220853534433764 0.5329942801348785 0.5152986319621224 0.5018568278744706 0.45837263813078244 0.45227839194244474 0.4541464737553931 0.45790840706563884 0.46731762631990004 0.4744988527848344
0.7667489339848609 0.7443781762116195 0.7316619306925385 0.7120607382794717 0.7253102416952097 0.7056192417264535 0.7112900750728339 0.6878801853316752 0.7007000318041049 0.7011595437817418 0.7029458933898522 0.7182740388846398 0.7053928651236 0.696262308159538 0.6723091581947708 0.6684883398475273 0.6479431291784048 0.6457244101569264 0.6549377136753914 0.6525821145619969 0.6702456135603417 0.6848281312525664 0.6651092696453025 0.6613688929472407 0.6505790809963639 0.6399543319649262 0.6123032221856667 0.6034821305825884 0.5988025064612819 0.5574777369403554 0.5405665052456051 0.5391196664306485 0.5396586136480497 0.5254205226213806 0.5106008899705173 0.49532767413623585 0.48824028959600974 0.44781796243929706 0.4347385834448725 0.432289233537474 0.47015116858204287 0.4504235770755131 0.44918414468127593
0.7610742415557928 0.7740231435356111 0.7329144290028465 0.7257677857920308 0.7434076864832563 0.7379062229377746 0.7251694710201296 0.7181802990128281 0.6959805579444077 0.7029090138776513 0.7200201740519563 0.7432915931066264 0.7224969446352094 0.687772501227456 0.6837710504981341 0.6826386946361561 0.6753071080506938 0.6817553873804703 0.6946918789476324 0.6842887237989257 0.665307553276459 0.6989691126459152 0.6822061390181458 0.6491154334288622 0.6464358968786248 0.6575578039418373 0.6154217131260145 0.6152464120064404 0.5916505652212721 0.5404663089672738 0.5310707402387365 0.5298945861783813 0.5143384291008968 0.49937998152323654 0.49230661055235764 0.5037247782054808 0.4942892643224891 0.4501186473501899 0.4539250705095496 0.4280188082709844 0.46607260422517677 0.46419187029122 0.4384760760453476
0.7768965825130371 0.7714993996551739 0.7562038564916879 0.7390665241830099 0.7104847656829936 0.7385846086741589 0.7191789236767728 0.7256499860801201 0.7071797810053264 0.7162914250601589 0.7432417032845559 0.7562094748395034 0.7527800962222201 0.7071058528344413 0.7102921745123884 0.693524441638204 0.6957652507172828 0.7037112599064 0.7109346573805109 0.6983864039981766 0.673797269671879 0.6659005478608079 0.6803019856062242 0.6750910579090764 0.6432108198968453 0.6632909712561769 0.6268249605747646 0.5918155178209149 0.5901599446198842 0.5520251617920554 0.527314043659451 0.5140531380890054 0.5126538944330132 0.49847130895727615 0.5008255386454026 0.5023266412839075 0.46484458230205444 0.4635822623279029 0.44577539454823467 0.4577108220604965 0.44211400120209765 0.46360174622747735 0.4711174147119626
0.7503437484920763 0.7727376600409832 0.7410605830686547 0.7293496823169348 0.7396392192561845 0.712112971183911 0.7317170248772275 0.7119775299285288 0.7095850726222233 0.704082253275225 0.7616738768733722 0.7739721356988354 0.7497311805736142 0.7477496760453446 0.723028603324829 0.7050825091909997 0.6850094026578524 0.6907732470319313 0.6996244212072796 0.7205879060801166 0.692538670408749 0.661595030286805 0.6503480079410052 0.6586185297743976 0.6705557164436737 0.657859611366862 0.6440612497187488 0.6074253986795266 0.5649694420920784 0.5423387474554067 0.5614891076848896 0.5289621364001208 0.5281969624680647 0.47886436566388296 0.4994108844572213 0.4970621846446027 0.4910984131694934 0.47478479353786607 0.469891369340103 0.4500985389634916 0.4397482903935062 0.46845716839751006 0.4680399933498872
0.739991097442678 0.7398538998450381 0.7469650392860967 0.7398854732284784 0.7326643633994923 0.7095435853163174 0.7157866306993566 0.728687952840366 0.7036371472912527 0.7299852268547293 0.7567254843754768 0.7558576323010191 0.7592169310680794 0.7242869298948873 0.722173012273535 0.7371086208662476 0.7149206467252441 0.6876295371377428 0.6979917626871451 0.7127769102663719 0.6852227821040698 0.6569852264383815 0.6593066867215122 0.6665081342949586 0.6614737456629458 0.6594963988876609 0.642797726188275 0.6234913658901788 0.595697834647261 0.5648190100322046 0.5750808104566006 0.5337867890735329 0.5235588030673353 0.49145810442828386 0.5210865036980372 0.5227960415954033 0.4842053046269514 0.46606257370493764 0.4786434262037485 0.48435660304003975 0.46208982548297217 0.46408141043955525 0.46347978964102865
0.7709062778887983 0.7457172226627058 0.7400371679946559 0.7441136046172732 0.7252880182121131 0.7229580360986879 0.7208001331297743 0.7277808095035626 0.7258341806446025 0.7363571552840846 0.7661578382791232 0.7500839762756091 0.7295585827221048 0.7251586718925048 0.7173956509866192 0.7475531647157239 0.703511026356245 0.6933589972658598 0.7233096317770836 0.7214612261602092 0.6705795800716501 0.6562249250574154 0.6764668398600187 0.656639987722024 0.6335663310403212 0.6427737715040908 0.6430984684164207 0.642671783238913 0.5972866017112485 0.6029896108436432 0.567842313725987 0.5563178464959262 0.5152483258248179 0.5096591933943211 0.5359570219454689 0.5293383920813609 0.5103699226421781 0.4761734262798382 0.5037743025968534 0.5099935079860223 0.48290233321950166 0.4592352936350521 0.49689595113829876
0.7854224591649845 0.7577757300298831 0.776430184402531 0.7582640948675221 0.7359475931668901 0.7600239595041651 0.7319281059904762 0.740067769831093 0.7601526549435891 0.7742326566246687 0.7748678110768882 0.7647769103995338 0.7410725608643653 0.7427424433753291 0.7378904250591619 0.7334409900443731 0.7307413796979403 0.717428199617678 0.7082225778270109 0.706467885588796 0.6885809488405086 0.6560841382193306 0.6608054412021143 0.631394592988676 0.6261372929306459 0.620796632211733 0.6426814562471297 0.640306832908845 0.621631147946599 0.5992254078557961 0.5861883571365295 0.5555031499863734 0.535727243849075 0.5321930187911093 0.52920846303625 0.5293584027946385 0.5088811246929031 0.493264590478258 0.5206571394829672 0.5133530951683671 0.49079244992573545 0.4753626737112852 0.49522147113057663
0.7790788331123278 0.7960319950361937 0.790125009667751 0.7657649698199113 0.7509305422640297 0.7818408198622367 0.7628106411681115 0.768886401029889 0.7537578110427647 0.7757256383844885 0.7753018045214278 0.785318874341806 0.7646187446072443 0.7701142272107496 0.7700845962443773 0.7570640560443321 0.7221485831501098 0.7400563805192016 0.7217525071665393 0.6987634388918144 0.6736350087449691 0.668094327436546 0.6510718106221128 0.6100466563140199 0.6378658996187555 0.6378335799311254 0.6349987564644001 0.6178284188437172 0.5904878859920474 0.5818556433688751 0.5719953747806172 0.557590047803984 0.542045727258644 0.5299068973281685 0.5217637793749158 0.5129770601158178 0.5203157890583922 0.5247750192178969 0.5337252316822195 0.5363154056519618 0.5112482478089424 0.49940315029884247 0.5301657616620788
0.8005764839852688 0.7891795523082723 0.7977522907955327 0.7739624753113276 0.770068599018321 0.7882554902715496 0.7689151208652936 0.7931882559280343 0.7824828167245854 0.7716665793619261 0.7822497948017065 0.7817911169014718 0.7909388952323333 0.778889982536053 0.7568458556351936 0.7585843390381173 0.7325743275206338 0.7260491962348595 0.7143991622772202 0.6969340303516971 0.6863999248682715 0.6755571393698242 0.6478162844050533 0.6248261387234045 0.6166595751573484 0.6347665684932596 0.6121028081736226 0.6023580965272365 0.6043903887896878 0.575699499155124 0.5673261697153441 0.5644600832054142 0.5539760835643769 0.5606927290063306 0.5578612439210908 0.55490410452428 0.537328020778674 0.5472585128858243 0.5577212584695714 0.5430487626115134 0.5243695977788804 0.5124371687417911 0.5337200742814998
0.7854012481826291 0.7684330270447163 0.8067785844049014 0.7982949645276267 0.8101317635710501 0.7985681939712338 0.7700240445349015 0.7781379073326186 0.7846837768758015 0.8029385262037272 0.7711058663187211 0.7720776489531204 0.7979062949423471 0.8032554799614566 0.759137607895556 0.7237178183288242 0.7242973431155014 0.6968297772406784 0.7053329790988487 0.7021223698625921 0.6944965971961815 0.6895759103038659 0.6315991770375012 0.6116640967227951 0.639835178615391 0.6269774275138054 0.6273779483905848 0.6213868444470196 0.5820428604738579 0.5749816205911163 0.56784236186064 0.5743223106136198 0.5882293594926448 0.5981654726982476 0.5721031297433877 0.5636981131493277 0.5526656625297258 0.5858999097537049 0.5755459896584788 0.567165455947057 0.5571491280754939 0.5307566611682415 0.5502881697545493
0.769224280498339 0.7952514493128378 0.7910299726568767 0.8005692117376272 0.8053945246467022 0.8089880401553442 0.8088674810537153 0.778949514361105 0.8042473034805719 0.8097456815840886 0.7815235901537787 0.8071795446475916 0.8086089835360676 0.8020621224728757 0.7558768898038275 0.756881372546662 0.7424542098310156 0.7335529824460554 0.6924893743019251 0.6811572088088647 0.688138824338702 0.6845193758286592 0.6513033963388424 0.6549464841244086 0.6538966065540436 0.6577529828930478 0.6384609944273689 0.6054593846279708 0.6012128345741116 0.5929341943433997 0.5786671164074038 0.5899802398145333 0.5983639661467794 0.6196309031007354 0.6131127013572306 0.5915826554134488 0.597270656653473 0.5910721789054345 0.5766876664461962 0.5629884216728916 0.5636701228344563 0.5463106668611142 0.5338971863503947
0.7971814616994543 0.7880048893674829 0.8047655116733949 0.7903462556087107 0.7805104294937821 0.799994917735167 0.8079825214772 0.8000001230992168 0.7769307162659155 0.7768712797466428 0.806936481117399 0.7993352272162082 0.7998218979246882 0.8049805921228601 0.7614621816262875 0.756766450472496 0.7261026279233685 0.7366332516305221 0.7277469758138728 0.6945281301945213 0.6960178304864832 0.7077756858240666 0.6606336568166976 0.6305002071046695 0.6371591978707355 0.6722286147160024 0.6472715931717213 0.6333608768690919 0.6112255314542226 0.6079932581530504 0.6042821203451225 0.5965163645094694 0.6135104252245347 0.5949293133516395 0.5960190997415783 0.6204509924186453 0.6010621284293619 0.6120893571401397 0.6137084271072505 0.6011679291896191 0.5575263621452199 0.5453799946334285 0.526705795607553
0.8052947120305806 0.7847991927726734 0.7988708444546817 0.7942357582686959 0.7883681956774271 0.7953331250861608 0.8017297530232929 0.7864739865564695 0.7759334444025239 0.7918627732341434 0.7952281967066046 0.7895057288958723 0.809121613735089 0.7873563438207409 0.7942354579587806 0.7456418128390162 0.7271883972508052 0.7219132988039062 0.7302342826648257 0.7322949431442567 0.7309163950037849 0.7252830442965619 0.6860880955158705 0.6586521445213587 0.6663304056469214 0.6700000443438977 0.6825069966544262 0.6692527035085096 0.6714980490065834 0.6634057422000735 0.6206371996604542 0.6142019993011906 0.6143863273593556 0.6230352242808975 0.6104703565636228 0.6135216629053918 0.5878990687028961 0.6093513849664144 0.5929983564455061 0.6067744169157555 0.5819680256688191 0.5465348276458241 0.5136218573969418
0.8003355443895493 0.8040689454450471 0.7812000547750971 0.7505275464867556 0.7869790457125877 0.7656405649150245 0.7968969214501497 0.8049078710898646 0.7904703058096222 0.7912756362142944 0.7992836935773593 0.7733633606334411 0.7875509297060831 0.8028011613797936 0.7828876891828082 0.7611762350328055 0.7365047120671172 0.7236813579822886 0.724826907248553 0.7268708761145958 0.745385327522193 0.7212732764329691 0.7354499866622081 0.7121501293060579 0.6846018651543224 0.6874738505491613 0.711257397562877 0.7071956769560015 0.7011183691948863 0.6832447573382022 0.6584131371656405 0.6625250697103209 0.6432456269673157 0.6039467782523739 0.588851686082146 0.5729644128630541 0.5930360607070538 0.5775148056594247 0.5821773758480023 0.6060397501524494 0.5834591503762434 0.5713148585792165 0.530767903357106
0.7996488727900678 0.806241828346783 0.7760558368790309 0.7442919441103526 0.7737835978022564 0.7788302084510298 0.7694617559408953 0.7834008096723996 0.8065543772339018 0.7902393025348242 0.7916144073259175 0.8017467565459434 0.8152852443992114 0.7944029207536296 0.7993531188116331 0.756110490344728 0.7572223226215691 0.7342125899304551 0.7517171855422465 0.763514550235624 0.7611177134992804 0.756629634923578 0.7562498790213118 0.7356345799456957 0.6991498041715052 0.6845061251085645 0.7030916528658434 0.697037660015419 0.714571423137946 0.6922816004806502 0.7054860622006712 0.6617786059789614 0.6466674770785259 0.6128742219526264 0.6173868395677083 0.5925078579173332 0.5816441134754682 0.5976462550547559 0.5735932364284165 0.5896451983964365 0.5835270461552597 0.5864651200058196 0.5554241085952742
