Raster_benchmarking/Raster/continuous/raster-392.asc
NCOLS 100
NROWS 100
XLLCORNER 1743165.7143844476
YLLCORNER 5469297.132542532
CELLSIZE 10
NODATA_VALUE -9999
[rows 57 to 75 of 100, columns 0 to 42 of 100]
0.6770068790843607 0.6609180290439957 0.5664970736873518 0.5639993315464991 0.5485811894153001 0.5607751217897671 0.525577965722901 0.5062565395843645 0.48837121531945804 0.4501750267940297 0.43437358232824325 0.42013499538250715 0.46527107644358073 0.45989577817898164 0.48362786450731665 0.4363078929528142 0.4263636961158551 0.4573605248335294 0.4264808957852742 0.4095260848348222 0.37836663783518193 0.3711610647107056 0.346442391371208 0.32592263340128497 0.35118877212970784 0.35871522308520726 0.3739108783461935 0.3455487853002036 0.2611809791491525 0.23617932135228473 0.2283831632358802 0.2357514071914993 0.26120608134303064 0.28228488541387775 0.23090737625788949 0.2643067002987961 0.30889592761550533 0.3353362603130622 0.38279525530027353 0.42026846239751225 0.4510075779486061 0.4680471671849934 0.48279495278417833
0.6882823957291044 0.6576938663475157 0.5917858393203914 0.5612923196560159 0.5642512384076059 0.5540837806962582 0.570212250292689 0.5055056354996139 0.5223965339424679 0.46642846242444946 0.42009412630372195 0.4446438438033464 0.48101687578522084 0.4544656662345659 0.4531746411767991 0.40101987656976756 0.4224252280562374 0.3894300770072316 0.40950414934339385 0.3503329328404626 0.33756868526259837 0.3289651882197116 0.3505770635469657 0.373320880450701 0.34653067480807437 0.3434334975463362 0.3542511549047641 0.3282600019305352 0.25584845163661424 0.21930039204581916 0.23627846028727698 0.2737043567502128 0.2891900172256926 0.29986821436167077 0.2538157078088444 0.2911062096099996 0.3076884724038776 0.3142262549566749 0.34323668852865197 0.3825556696239952 0.457369594771898 0.4524070060623112 0.46485642101078534
0.6674679344963476 0.6223264560923585 0.5787734991882039 0.5984146423220329 0.6031588251625879 0.5914823266044255 0.5437281260120906 0.5348560015606574 0.5034068017718496 0.48872844155541967 0.4192871011411883 0.45063762888919057 0.4178673784558644 0.4392001013359883 0.4428902464140466 0.4092103433452587 0.35905494659806075 0.3560513402401559 0.37383677185348535 0.31955279338649084 0.2925304475385044 0.33331316675693684 0.31573300974559954 0.3423178015926617 0.3804028858481967 0.34118251699848134 0.37141207017547223 0.3240773764389658 0.2986821892658293 0.25459934819019353 0.27023945778723313 0.2862838382961056 0.27367673605486936 0.2929246194980775 0.30740924177716356 0.2794323266177177 0.3232609360035532 0.30537214606434093 0.31688465625559636 0.40229859464499745 0.422716798071044 0.40001577460808635 0.4491718738888539
0.6959875877409283 0.6146814231737777 0.5702097714321464 0.5660403708280088 0.5700396781392089 0.5734627658294064 0.6055637636262957 0.5414119083283091 0.4926071826925156 0.4700268704007634 0.43827346916613935 0.4657900544777148 0.4003823344456631 0.38912646119180894 0.4158171705347705 0.3514533963313606 0.3321635910920257 0.3392204139915813 0.33466770522625516 0.2997312931442758 0.2829885795620861 0.29860145419271605 0.36343913685896784 0.35041253973040215 0.42443403710020594 0.36466982949344057 0.3443680452473064 0.32688669476850746 0.27137460967054383 0.2811700592225846 0.3234235277511443 0.2956067012119782 0.3027442505778549 0.3003229857038343 0.3411233305607099 0.294179546451779 0.33508876355753425 0.3071871009019789 0.33787078479059895 0.3543262148238723 0.35986375061179315 0.39402517531926035 0.4065640002392994
0.6469500775117409 0.6475200462870233 0.5708294790904848 0.5877182704324352 0.6024701999899716 0.6102967461821598 0.5859459012690328 0.5369593679621059 0.528149593698115 0.5163369385624964 0.44969147564287393 0.4434253858215209 0.39915532404117665 0.40103516254217586 0.3793404077991216 0.3586137574620708 0.29982681740220124 0.32534772525771943 0.33954358525184986 0.288871870498694 0.30742094396740544 0.3053244532711946 0.3311136763359413 0.37865560890363087 0.40638431481001047 0.3629548767114383 0.3129879928123117 0.3420446800759487 0.30327170395121356 0.29017371213922283 0.32692832200630656 0.3147586997963768 0.3174932090076804 0.32619967932398714 0.3531458994656953 0.3465804294809424 0.34886859019009886 0.31345207820748205 0.31148115739827664 0.3444442917118268 0.3186037200541574 0.30464312285717 0.31842912941243556
0.6314471423736788 0.657521912077943 0.6059621137572715 0.561030262689629 0.5620874457419018 0.5716051536899905 0.5773194785009947 0.5565559256871412 0.5450884715653321 0.5335219676507128 0.5282679997143688 0.4591349140817911 0.40700602609370495 0.4272968333621352 0.415244694228134 0.3645302275627298 0.30925334902416346 0.3416190415206253 0.3139307793622169 0.3173171872469451 0.3029477977411047 0.3040329271585984 0.35328674140771305 0.35301856471493004 0.41818181295999557 0.3310120666775534 0.31294909038302626 0.32333909412701256 0.31717369577708454 0.3587803626318986 0.35943493471191784 0.3589115289132171 0.33692582287334855 0.34594260189546344 0.31488388683217067 0.35029962361052946 0.3410769705599173 0.3399431232483464 0.2888504239456104 0.3288277756860847 0.26019988850431025 0.2975802788820789 0.2822044174345178
0.6450420669593211 0.6210720737880983 0.5914660707712084 0.5922524703558972 0.5975459831571033 0.611051950574211 0.6035783227422781 0.5669698987621264 0.5481423981370457 0.5257317147876813 0.5197432791781901 0.48815483070123383 0.4214074399622794 0.4436118527718122 0.4620759297483268 0.4184844660055195 0.37159080516592585 0.3322581818488998 0.3023439667378733 0.29427343184727567 0.2890720263823746 0.2854227467047245 0.35744373464334556 0.3841864374566691 0.3760043376857262 0.356672488766387 0.35388121766732905 0.3587529317185718 0.34397118902282087 0.35896188382182753 0.34738613160027376 0.37744338943001793 0.38759614711282586 0.3847368510362449 0.376126027083224 0.32573704519266355 0.3579673253943089 0.3351078687804803 0.29704039114896297 0.2959714329751709 0.31340807099190415 0.301787128399569 0.3571556623524415
0.6356639334050058 0.6451220561117502 0.6059697356765389 0.60385792076716 0.6239533193880774 0.5978558022872641 0.5613792349557319 0.5502279770829356 0.5609044604706124 0.5480929366211086 0.5226645529685701 0.49450618774968125 0.4758433223442738 0.4882448849191847 0.4643069840420065 0.4178895034794236 0.3617037355153558 0.3495543990259549 0.36157295135618955 0.31821807473248664 0.3129352900756016 0.32626738017469853 0.3006025407914586 0.3271914300149855 0.3687470885174988 0.3668809552745681 0.42004981178066403 0.3609020310999494 0.3666319403279498 0.3861441523465663 0.3541700829815402 0.38119693924523096 0.44189043253521526 0.36669489867085847 0.3513568543073552 0.3715450008096297 0.36230308284227175 0.3753532507330133 0.33163256391468154 0.30257224830406815 0.2915380306732203 0.29826785599635863 0.3700224668632213
0.6505001386360979 0.6413153745454439 0.6303804433690848 0.5616698238330001 0.5532427947933694 0.5435765086532054 0.5019265996279089 0.5138426099867729 0.5281588931406295 0.4736855023363232 0.48106983760374344 0.45985689828811976 0.46719136572437336 0.4507377660065344 0.43475976408656447 0.4147600728002854 0.4351006023621958 0.3941749243957714 0.4077005374273064 0.374971066701236 0.3579562965986464 0.3564937882510401 0.31608671672478095 0.3547739707585819 0.3424339697810111 0.3709214497653656 0.4086262730022824 0.3961270396143664 0.38348389044730197 0.3941493651563696 0.3824760385613981 0.38140968481412685 0.37677509642920837 0.3853169360981459 0.4069018895336846 0.39624559811655014 0.41489169605305437 0.37541925585786523 0.3563640896649548 0.36992544143727135 0.3689812869024682 0.34636590264376993 0.3622923281644776
0.613877307802141 0.6058429835900736 0.5854646540579768 0.5995383142577702 0.5361860714781798 0.5072301157383927 0.505423590867225 0.4940177201134794 0.4331654972591054 0.4021476929249631 0.4295314409379507 0.46573436783097566 0.43528977408988145 0.4208041313705471 0.4401308290583815 0.4476125197148897 0.44007362627888047 0.4028415005299785 0.3903850001745368 0.3844177215795352 0.38859852951641216 0.3705589954383489 0.32622498219326335 0.32761946111162094 0.3403587202791781 0.34255670909082364 0.4368282536491815 0.43238738585448305 0.4194036278563998 0.43683635797795933 0.42973229258728396 0.4509148685789732 0.4090940694527668 0.39166500549179584 0.42464117439930216 0.4592097745085808 0.4489603768567676 0.4055579844122272 0.38228102096764505 0.38959045153313987 0.4308344862580025 0.3695490650209386 0.40583021794996627
0.5927659162476323 0.6139533693517513 0.6204304384582896 0.5900899825526408 0.5544655556192476 0.4873308396634943 0.44568873989518276 0.47782663653852214 0.43067264376077 0.39897598792376554 0.411035823542137 0.41034009309452946 0.4161455520167311 0.42511359384879144 0.44743422599722843 0.4371779948775447 0.4218876965158189 0.4035958374532058 0.3523224109624263 0.32948707117069964 0.3325460117237725 0.33959034553735773 0.351601853025794 0.3407173251325903 0.32932452034976023 0.3523246556977004 0.42311143443737337 0.4594524258565865 0.4510877708548329 0.42965084864919234 0.4824176603146019 0.4565358757757462 0.42041505461824946 0.4644436476747512 0.4768310188281633 0.5034648989704305 0.4907451186827135 0.4336538228080776 0.42504560046166123 0.4521975532726419 0.44622465420491575 0.41854862363731005 0.45249585516261953
0.5993785366517602 0.551671993248799 0.5802957528180053 0.533257803806591 0.5325969678806742 0.5105982428670024 0.4405136660040322 0.4334586655979278 0.42293680712716875 0.37136168509202205 0.37631605821838104 0.3890492289700912 0.4393218048142131 0.47722575893205993 0.4800795478442462 0.4767348892716609 0.4641099704112276 0.4317598203042384 0.3595177271158023 0.35079803938926 0.3062511700668086 0.3642360207187257 0.3412927461945553 0.37314306053486224 0.30956056080433336 0.3782904759867845 0.44894729869615113 0.44931958407616296 0.4865567341427742 0.4505169478111759 0.5025804243290832 0.5143794604940628 0.47863996314554436 0.513120375811423 0.5135150801694021 0.5064997219280131 0.532180384434251 0.507508148042268 0.44939311145767225 0.49271165312096776 0.4770396762602676 0.4995594568470614 0.4792103307770995
0.48366261998892945 0.48886708633894443 0.4955147130020788 0.5004284648345988 0.502879862759827 0.49685322513630104 0.45885182348634457 0.45078098986638776 0.45255972500898134 0.3925978608175666 0.3925814692624713 0.3806817267534387 0.4549399261317513 0.4425991721082326 0.41024884930504374 0.4284250258061429 0.467207090504845 0.4304862822429085 0.4225160760199771 0.3871424849052641 0.35325010949423946 0.3859480943878882 0.36210658185317474 0.3846785409126603 0.38719200814867155 0.4112036498949303 0.3998362425033697 0.4631446710970605 0.45858098157629434 0.46461456019644304 0.5062504566531892 0.4974441592350138 0.5226324761222999 0.5293118538020203 0.5343414976176364 0.5100205428441786 0.5335186800562381 0.485651333604572 0.4742816733424647 0.5049897329570694 0.5158013545883401 0.5303850616173372 0.4890610976635378
0.4309472252552674 0.4781375870452603 0.4414701533448447 0.42343537301502526 0.46627011484554903 0.4821056376282072 0.5051021294867873 0.4612816927181992 0.49814285833275196 0.4105956960999391 0.3860565709589843 0.4372974597820845 0.44324652958585326 0.46975722635774286 0.412746627790969 0.4432239888770176 0.43909994956443366 0.43072324946483087 0.47006054172464595 0.45302109663774165 0.4513407268580211 0.3847407232981462 0.3644970657442955 0.3497791383271761 0.39927809505700007 0.4392866282153659 0.3947792132996529 0.46434579092485395 0.49250781357526857 0.489685774837769 0.4924685801994957 0.4809155003554433 0.49762928945566687 0.48236604750858597 0.5048251015365935 0.5148588508704806 0.5194646153453656 0.5358151751134046 0.5279051400856645 0.4971421529586642 0.5357547468314228 0.5798492096450955 0.564146845816176
0.3946307727875059 0.4263383973957514 0.3978710956073236 0.41572983362574945 0.4145879861561598 0.42995306132814376 0.43010771434409456 0.4568462705986912 0.476428396201752 0.46820433274311984 0.40576555424419813 0.45402405073659413 0.4700735569379146 0.4625663563768653 0.45652767955386564 0.4655740237877447 0.46149777039031653 0.4758218346419319 0.44033288686263017 0.46063283056331605 0.4372428049422876 0.4101442714715818 0.3646826622953591 0.373220343790328 0.40102227454447703 0.4314825221013299 0.4616264857761944 0.4870082232172946 0.5532067440646607 0.5476380160382477 0.5205975428939528 0.5377482689057418 0.5283517282845339 0.5265136994960646 0.5551742128400707 0.5275012991252299 0.516524340798056 0.5756515449657734 0.5783337592732507 0.5414138201637275 0.5251502558573342 0.5727207810918887 0.5571525439232922
0.359473833789363 0.3748838245919229 0.37022837917882623 0.4043791319800738 0.3951977417692947 0.3766449839885002 0.4135908188290236 0.4215227347762274 0.47992463306871574 0.4424356204898308 0.44275830903139496 0.4414722737169011 0.4176053324892645 0.46349015550330347 0.4573236610114987 0.45799197459422875 0.46034243811019204 0.47880497109585657 0.4622837026902559 0.46227682896470657 0.4994571554671876 0.460568450061706 0.3981284392592849 0.4339954918137785 0.4289460266471783 0.44450514271257097 0.49857098112023285 0.5516760073033413 0.5695730492569773 0.5566958909089023 0.5701852963837006 0.5493894301758414 0.6134881618695903 0.5821589924268205 0.5784197719318261 0.5928701591968425 0.5601850875368488 0.57908038893671 0.5884563897891391 0.5725064247606214 0.566729749887297 0.5763716570989764 0.6294416037235206
0.3465617225633615 0.34249567318202706 0.34460485818441805 0.3581439828702098 0.3711880320782339 0.37090089227662176 0.4221884492432144 0.4015663455815538 0.3960028955918445 0.43475620641007773 0.3957520251173299 0.3909566260875081 0.4199878337679778 0.41743545088725403 0.4760047716191946 0.45039572777377473 0.4646865709882501 0.49903464921711177 0.49256997386320306 0.4565593979057852 0.5046203388805255 0.4755498646662976 0.46561056155145364 0.4780264478571652 0.5008178606157567 0.4797249075921981 0.5277333718268712 0.543360439073912 0.5966978711667636 0.6305192871254609 0.5991439890662715 0.601772145449669 0.5937240101300446 0.6181688589743811 0.6046574321488162 0.6280197544100651 0.6250305308180636 0.6175578022119967 0.6318824527968265 0.6062083685682566 0.6047291937666112 0.600794821513104 0.6303424767925472
0.28796035704279216 0.3100379339557214 0.3108487177382227 0.33194557852752804 0.34164850257711366 0.3688109174163356 0.41127176513591346 0.3741245562172277 0.3872996303767808 0.38242779538575483 0.35589553456756784 0.38426839862134843 0.4087884986861619 0.4472336815839145 0.4495109553794823 0.44609749168646484 0.4991265904198225 0.506079979617312 0.4736290214467887 0.48971132749907026 0.5006239741511785 0.4928622594091602 0.5176970740053731 0.508702078912188 0.5523706083143644 0.5232291141169954 0.5174525439265661 0.5490146753997622 0.6109821344728975 0.6262287658323522 0.6739273482187574 0.6687996573679443 0.6454812002077909 0.6911012193531532 0.7093366234775704 0.685418948702797 0.6938667482336075 0.6671349626492082 0.691135014826339 0.7004810453356805 0.6777680179125918 0.691387307620658 0.6349762837377801
0.3430478793234308 0.30735867870506917 0.33167856543308655 0.3169880698542603 0.3245735886172061 0.3750632159626453 0.40862449581719584 0.4076393410785631 0.3595258900004996 0.3667827658295473 0.35315152376207043 0.39455409774232475 0.41752368436706605 0.3908751994645057 0.4154774877776943 0.4148339499365418 0.47288775126795973 0.45737037295035854 0.4661754274245541 0.45168279168389375 0.4811350777014447 0.5037827794575216 0.5181735675546913 0.5657125311284085 0.5568278575257919 0.5482103810118912 0.600928806275999 0.6133859442982458 0.5949575529306806 0.6215460300917558 0.6586235913672985 0.6970133433394039 0.7225556409614448 0.7042952884790523 0.7436534895348454 0.7105157137326766 0.6856001899795229 0.7393164886086 0.7132776514316975 0.7310032951470717 0.7433188226398265 0.7450253855991495 0.6861473349945607
