Raster_benchmarking/Raster/continuous/raster-3.asc
NCOLS 100
NROWS 100
XLLCORNER 1743157.627584612
YLLCORNER 5469296.455760952
CELLSIZE 10
NODATA_VALUE -9999
[rows 76 to 94 of 100, columns 43 to 85 of 100]
0.9210198551498076 0.8900026515076429 0.8388306540623249 0.833150820188632 0.819895963118801 0.7499964456781546 0.7603330270508183 0.7447133050426935 0.7066311754353944 0.6749228792605714 0.6699825281927387 0.6491234416388123 0.658337727661279 0.6038820092159862 0.629929477586057 0.625124089091367 0.6203541484971553 0.5774526381220333 0.5571091443845297 0.49692525367847323 0.5069970436040744 0.5433270004710515 0.5370516806791252 0.5196302537137414 0.492677556904319 0.5038113180520718 0.47605476363585425 0.43712829893473354 0.4267882965444022 0.3655428347988279 0.3737931759760293 0.3710999236273505 0.36817720843253 0.36908047715159087 0.39865562558381695 0.4244839714584543 0.4403144503287633 0.47183122975252495 0.49656936735964885 0.5142696509051261 0.5215656242666787 0.5020298524560132 0.5203545303688727
0.8746542364343898 0.8582237728924473 0.8424585068393096 0.8039156313032024 0.8029023462328339 0.7521159953937802 0.7635455930654447 0.7516255821699 0.7130381570418572 0.7201456679579709 0.7008274757425726 0.6711286977503136 0.6419817047938469 0.6406222811616861 0.6433394310171666 0.6516637113586651 0.6196660374752052 0.5697894862238343 0.5545666160297901 0.5417605281598876 0.5200228985772445 0.5520802376838949 0.5196566482119122 0.47959597367193524 0.49842599458702913 0.4600502180871175 0.4589383483673285 0.41580971189336685 0.41540356479612733 0.36685841039012956 0.3751407361353692 0.39198996964744914 0.3793636901685645 0.4023263603354769 0.4003109045066477 0.45555872110790063 0.45202941636701927 0.48252028156190285 0.4907184070720487 0.48316227718993177 0.49996894199026837 0.5073806354389664 0.4968961754981425
0.8721488545569694 0.8687440224755859 0.8484874041588091 0.7823288304447432 0.8020556629734036 0.7706534896340896 0.765598217348922 0.7572670080712475 0.7856292706198822 0.7705232951650943 0.7304939623149342 0.6521889455604548 0.6351833009627811 0.6317414965108705 0.6508263001143716 0.6695814027583663 0.6513275118047055 0.6277963824465607 0.6022790505238413 0.5463625541396598 0.5258718876269928 0.5615812133763557 0.5030830782307986 0.4643004795384067 0.47438672507964325 0.4443240863450507 0.4142206376107013 0.39135752052849654 0.42623982801066096 0.39096894155796175 0.39347410131148924 0.3666376200362694 0.3766172628926174 0.41510368888677807 0.430329269349244 0.4481698722479635 0.4733434590955626 0.46838957823303284 0.4992618621496095 0.477754954958015 0.4661754935779589 0.47643196014085226 0.46794076109183114
0.8473392447368514 0.8494616735323759 0.8328868831421335 0.8041500024269993 0.7701471306901073 0.7761742905463628 0.7964779886064399 0.8179129609527757 0.8016194406367825 0.7492344435445445 0.7194036240586654 0.6553390985024864 0.6510687826769843 0.6459206380318163 0.6783830077232731 0.6325074867745076 0.6139702717666952 0.6073140305458059 0.5844804515451435 0.576788652680312 0.566842018736896 0.54051788424777 0.5194983420400268 0.4641241688998368 0.45399291736499775 0.46285142101825333 0.42294079561266334 0.4294718828388381 0.4277880767598057 0.4330824671287563 0.43160816228661414 0.3947697418742463 0.41284445765504363 0.45222827957652445 0.444822508622296 0.48645494534717204 0.4857574936910431 0.47695337075424193 0.49051752251992636 0.477077971419452 0.4890920140951499 0.4926396247949795 0.46351308120403056
0.8292732708889172 0.7948409346843722 0.8407668949027527 0.8120655440529654 0.8147952818915347 0.8005320518650179 0.8171254306270646 0.8615709597946156 0.8330273405080236 0.8070658051230084 0.7384652160291797 0.6779922499187122 0.716827095840326 0.7113133626210966 0.699444769442118 0.6439541505317378 0.6391457185111572 0.6136031669226009 0.6028353309645442 0.648916876112074 0.583614195821449 0.5349270418171357 0.4912093039476608 0.4827206061204725 0.48345011430633533 0.47612133748161883 0.45734977843103625 0.4470964160327522 0.463989557383956 0.45284134083346544 0.43178736301763443 0.42509090952736434 0.4417458890812887 0.4496187371930493 0.43880592439077604 0.47183771380192974 0.47730498994676396 0.5294877458690049 0.5063959243648758 0.5352553257434318 0.5042279376849005 0.45598683028771136 0.46189134446188523
0.8255006702365312 0.8364313599800789 0.8290009276871428 0.80616356034576 0.787879176176941 0.8141374626591635 0.8268911386404759 0.8363385061858197 0.8130746724612925 0.7588223479408823 0.7524878111855678 0.7529693874974818 0.7419228672079389 0.7274359783050008 0.685027366265534 0.6575936336062986 0.6614855052860247 0.6466808205605401 0.6474989223965413 0.6322384496061759 0.5923048968498473 0.5697321043724398 0.5073630418706245 0.4838062886902982 0.5090578467753035 0.519121045015667 0.4965095058996065 0.46757257479995096 0.4448213436367941 0.458677625258323 0.43265923163833947 0.43706154606131065 0.42812188231449355 0.461402492081728 0.475761515571951 0.494205691775449 0.4888795944044684 0.5432080054689864 0.5384969312495181 0.5319912046496793 0.5195531948609421 0.4926714011356172 0.45748149035185454
0.8050541102802885 0.8092892485016542 0.806732385081323 0.8131064756885921 0.7797763773288418 0.8170066589690346 0.8192062845016911 0.849982567801447 0.7724415680328748 0.7457385845574745 0.7657639146198889 0.7548797447368185 0.7330958690830865 0.7281798691439022 0.7061067518977902 0.7403756348484426 0.7120368113882274 0.69933859500158 0.6550525671412916 0.6261635583935246 0.6069920114245587 0.5676203921006445 0.5395641589028924 0.535927561504315 0.5422665575641463 0.5376237380203873 0.4976600497599523 0.5124511388131984 0.46473421699005574 0.45634468132392697 0.45664467936781816 0.409771509472049 0.43348481055454485 0.4450959007762088 0.4701603687760237 0.4683589472125114 0.49949355260479295 0.5561001023968707 0.5645279001840847 0.5321942537529712 0.5247554893178633 0.46957752019295096 0.4700419326560463
0.7666217132460895 0.7623055335155101 0.7639098513532423 0.743531596137539 0.7599866409633297 0.802086603416027 0.8307420540165348 0.8159943802185354 0.7746548999216153 0.7453195472837093 0.7368737701712578 0.7105584715509753 0.734203354062811 0.7628667184867827 0.7647381877889984 0.7426976010196438 0.7459715437611687 0.6965011456349046 0.7034107893982943 0.6477870958062266 0.645148067586783 0.6228040603128954 0.5826732745158306 0.5562592119377093 0.5784949394855763 0.5445432452562189 0.5378626721970562 0.5057609879262334 0.467462174390002 0.451799182896581 0.45507550203049235 0.41299321182299514 0.451168907271719 0.46054124243434696 0.4930725588635346 0.4829576958992256 0.5034725482079806 0.5183125525049418 0.5483731422496819 0.5383113758028994 0.502028255362128 0.48985419781866113 0.45689351226795155
0.7515674539918078 0.7364240739206988 0.7618134517727626 0.730744903412179 0.7654774499722742 0.7483235204672275 0.8057587222689196 0.8152070307828074 0.7613009441066196 0.7493904571507383 0.711688016579856 0.7094064845340763 0.7163764605089509 0.7745807756096228 0.7823382072240795 0.7639779282070758 0.7330087618184469 0.6931498626339001 0.6918377300114925 0.7020825357507069 0.6538512022086285 0.6152655884793105 0.5969373199452144 0.5710957548695356 0.6139505211597724 0.5809060824645641 0.5406544174536372 0.5028011315320987 0.5082164476231747 0.4941918947327209 0.47215976520889075 0.43400484479260176 0.48092993545163115 0.46493199268594854 0.5002564713614777 0.5513661802688037 0.5128278886296798 0.49502215029063834 0.5217865101803016 0.5603481064664435 0.4991066848221079 0.4885947545798446 0.46151042610112913
0.6983554027483103 0.7005240848443387 0.7376181513878077 0.7477255975066593 0.7659660387162583 0.7822097761728123 0.8034084092369866 0.7821262382283686 0.7650423597583252 0.7328965634659271 0.7252393652048712 0.7066255016812802 0.7131941653248706 0.7559378485128332 0.7464851968871793 0.7528916899891667 0.7259905119703892 0.7237332777598546 0.6860896620408503 0.6917535894699204 0.6738341073251096 0.6401317042221709 0.6105908206345182 0.591186856249648 0.6235486262934028 0.5665298898381234 0.5458682925763085 0.501127714531956 0.5095689910804656 0.4903374636517251 0.46536879056945796 0.4717828181693426 0.4860994040233912 0.4999589211503087 0.48773078569737044 0.5309178925352943 0.5171001617805515 0.48938803493711214 0.52476260678018 0.5240136461145464 0.5382078494337982 0.5395018803270771 0.5077110504026138
0.6889708762900428 0.7108155961898239 0.703723177003999 0.7476071290994185 0.7548906466192491 0.7762210987969272 0.7781146745179287 0.8128061112367339 0.7521653271139581 0.7594385807660291 0.7177424986340224 0.6945227500448876 0.7168894083002529 0.7441432809913742 0.7594078112662923 0.7170337813007164 0.7251696025409098 0.7398170136238156 0.7164489463180306 0.6966667040053733 0.7034502458366276 0.6597891792628869 0.6536162150108931 0.6461275306800672 0.6535335328065028 0.597345041314506 0.5727983242970257 0.5383098103669209 0.5179273761691757 0.49901389463553025 0.47550584416453057 0.47495479123180856 0.46453359644498937 0.4876446536351189 0.4661862133889922 0.4959952733961026 0.4775664574184114 0.4772395789375172 0.502322384625159 0.53514330812817 0.5419238686811655 0.5349937711678392 0.5482043906796418
0.6564514297252133 0.6678286578488625 0.7069756898636013 0.7361348222891952 0.7705757087079249 0.7962613088953462 0.7826425468753725 0.7983555316847153 0.7602145818953218 0.7437043458072415 0.6926404354411481 0.705446194451806 0.7351017574932287 0.7639297221521285 0.7557551331258081 0.7531139775444968 0.7627897681526319 0.7462053827246713 0.7294396562059027 0.7189122290219628 0.7232607796034062 0.7047200879883766 0.6863342010124205 0.6479178587290161 0.6456275219797193 0.6046989246614431 0.5575172977745769 0.5648986204649491 0.5229448162073699 0.5216627508079478 0.5137757710828225 0.509226060310115 0.489786942188778 0.48353459890525574 0.4758273850650871 0.5012603626343243 0.49712371108610065 0.49447165852135644 0.4884598763977736 0.4779749810993982 0.5098751454955995 0.5214202353572819 0.5373646092868376
0.6305984004488316 0.6295652396932057 0.6746072719912553 0.7243160335349408 0.7600819168299353 0.7626008573004105 0.7948041226474217 0.8068431462273438 0.7552330987882434 0.7103601743827026 0.7164400766582679 0.7077395675579741 0.7124271891321763 0.723507795763559 0.7844647524428977 0.7928236797821214 0.7954758705053895 0.777888616644379 0.7782109830698216 0.7536852093918521 0.741531312011496 0.6993069640160872 0.6813722840176576 0.7023833576097358 0.6264697299513882 0.6272322323213987 0.5594067619388535 0.5476157813893883 0.5750320021278467 0.5854666200713451 0.5308877734468279 0.5447634585075999 0.5301981118020861 0.5297633044891132 0.4905289171857315 0.4885691965723099 0.4925792004963049 0.4467274357584561 0.4948878490525552 0.48073868071313725 0.5076273837050447 0.504692659144351 0.4894550219486174
0.6272949385682766 0.6295659794333246 0.6664467099447395 0.7303211811707457 0.745493107056777 0.7558038607818177 0.7597451505267109 0.7341237797546525 0.724093404122228 0.7372006004440232 0.7321083692029369 0.7050246693692963 0.7497124039933817 0.7359950008180624 0.7709923432642262 0.7820389805793742 0.8245724426734449 0.7728294698375225 0.7755557659249401 0.7332754369385687 0.7451131315075721 0.7142801848100785 0.7020680980696372 0.6681960898010966 0.6289485496515062 0.6282251477952047 0.5911532492642455 0.5967007841504223 0.5815271966700721 0.5596583112749569 0.5768642142949025 0.5672184199793918 0.5084573709487719 0.4930550329947706 0.4951893829427073 0.4848895263967942 0.49254559565696093 0.4658544846131165 0.5123817542934308 0.4961521694682071 0.5223126750784695 0.5239451845626071 0.4837301682050543
0.6162196771838319 0.6199974704220732 0.682278998500855 0.7180610841444813 0.7232054607080768 0.6955705726640722 0.7082923271227686 0.7045318971681147 0.7288951048295684 0.7246820218448872 0.717202913508862 0.7299535738416059 0.7442049909754187 0.7959121003337017 0.8135499061839235 0.8227045666600108 0.8190835124114005 0.8063639643004684 0.7923929158631727 0.760768921170858 0.7676431213016893 0.7357557615122924 0.6910037347190037 0.661612289015849 0.6502329105132514 0.6116593678140911 0.5836875775365673 0.575458678369316 0.5771876404728011 0.579838030015144 0.5599910472989958 0.5564231553335554 0.5421716235184803 0.4934434600049788 0.5123041110714807 0.5200286694927561 0.5179442706476844 0.5042173642089743 0.5327123435214604 0.5245233617622919 0.48318034497793766 0.48735907419019964 0.4705092544414554
0.6191404315449643 0.6599540204551018 0.6558943252737384 0.6943917020753679 0.6894778371390626 0.6604237043207736 0.6673598113323849 0.6911025133071047 0.7002317848334892 0.685212906131291 0.6909586755805028 0.7379556037884687 0.7587485629976496 0.7708618036542216 0.8214174585103142 0.8406332881833839 0.8161336693649323 0.8101177374036068 0.8041386431005825 0.7722992161716562 0.7719018127347472 0.7552904067010153 0.7350428830104724 0.7205631900757048 0.6640349639005728 0.628710095608712 0.6290648445540534 0.6271432562152225 0.5941251023793218 0.5974607795233567 0.580500688756051 0.5563311774548639 0.5313037087422987 0.5361865351015667 0.506615247998735 0.49145016051986146 0.525841463119685 0.4995491067548532 0.5161889924994063 0.519158920317858 0.48455329358560667 0.49215595989884037 0.4973142784132465
0.6006868323670547 0.6431429210145106 0.6915424768328521 0.6941407984785526 0.6659132856301949 0.6880343991997455 0.6890302947706023 0.6769489370579758 0.6851638447997139 0.6674640809649804 0.6826008455092238 0.7234473956479333 0.7426318193171291 0.8056267356980017 0.8370483698070964 0.8300545994725932 0.8110869374649403 0.7803200540708592 0.7690334770095845 0.7829160994367247 0.7884752118189371 0.772423953474386 0.7539233715148802 0.7227716307286088 0.6725106382317679 0.6626714368809736 0.60717263817402 0.6136134729895749 0.570716426545171 0.5878625166425625 0.5708270932277191 0.5555618679595995 0.5473489313306368 0.544125890571549 0.5363364601362846 0.49742551129157286 0.5399243646034437 0.5191288969707987 0.4903920866414474 0.4721765391287913 0.4916769022357616 0.4875244217925627 0.5150757451992607
0.6311724074598851 0.6316094738939237 0.6872242964234514 0.6897990369658087 0.6761832867738052 0.661666306602089 0.672184954167217 0.6819137710378452 0.6757435564805229 0.6718739158554785 0.7096751645826116 0.7413187796194282 0.7592106402438303 0.7940716050433922 0.8083569390017638 0.8092626930148862 0.8190672485264997 0.8096019734267829 0.7953329248931613 0.7785425050880188 0.7631111360751357 0.7160148225597692 0.71147768130684 0.7152496788679085 0.701164220015319 0.661309820016638 0.614649807978339 0.5902197509824603 0.5757668192555286 0.5619935151793892 0.5984245568100584 0.5879205172410182 0.5932867338877283 0.5665281036377812 0.5307832019939427 0.5137284131345021 0.5339363885093322 0.49434194390909647 0.4917189707547021 0.4645709411733512 0.48878387478142643 0.4823827912701999 0.5067888697261262
0.6458738277717563 0.6601969687969577 0.6606675935300157 0.7172102304468874 0.7128140208851326 0.7021011397070535 0.6941057489724887 0.6895078115750214 0.6527024170036887 0.6661756940378939 0.695974805208144 0.6923231558332088 0.7361523426252868 0.7739830002487543 0.7724319448051324 0.8024695659447841 0.770198390918117 0.7769775318461091 0.798849599889567 0.7548503583381021 0.7136920495509901 0.709308345274571 0.724584452624961 0.7126536904442411 0.6859662038245404 0.6917203598053754 0.6431015346095947 0.5851113879045766 0.6111142875667798 0.5851398022709756 0.6038478517388878 0.5759580703461734 0.6053300152932067 0.6088415640029887 0.5615778005848903 0.5553451443816169 0.5639289832126324 0.5353045554582468 0.5074206773998583 0.5072198498925762 0.519745937233884 0.48418782556616685 0.5045336064469039
