Raster_benchmarking/Raster/continuous/raster-316.asc
NCOLS 100
NROWS 100
XLLCORNER 1743166.9033425031
YLLCORNER 5469291.101690736
CELLSIZE 10
NODATA_VALUE -9999
[rows 38 to 56 of 100, columns 0 to 42 of 100]
0.13344880422423588 0.13951615295157363 0.14772729847536273 0.1919599860311912 0.1640231324373758 0.14659496295355373 0.1854653280195191 0.21398383354616626 0.20394329895584992 0.2055769279872056 0.2066819658373456 0.23928068870509692 0.23221785900234837 0.18439502884076384 0.18867463671963064 0.22558814924602305 0.2424246521095131 0.2754182860144039 0.26084101818940914 0.2577528548780522 0.2668141769544828 0.29764630865489383 0.27022795983356357 0.29697776576299845 0.27888321287950685 0.3003716799494813 0.3087558350243815 0.31729407309577057 0.30789887427530654 0.3137289373323473 0.3269452687841681 0.3429687795698022 0.32904484296089054 0.3569798344932224 0.31650214885923045 0.2919220087022476 0.3198905781155626 0.35055028507680336 0.3364797958210763 0.3110546938079501 0.3117025422013128 0.33217588401147424 0.3770454934353061
0.13062062169525432 0.12405583077068166 0.17835379031950124 0.20569963651200707 0.1742762348775393 0.15500447778662121 0.21558829262112864 0.2178055858197357 0.22754399518528887 0.21150498187712774 0.23992522544241518 0.2404859134694269 0.22187854134348187 0.23095871216567965 0.20324700599010964 0.21425894115817248 0.24888380525741705 0.22817500307043515 0.2346258955953716 0.2633212847587085 0.25192482746796674 0.27957588584839566 0.29612790172263104 0.2645794250771069 0.2933894763221787 0.2805444590239657 0.31550466969782454 0.31689612527287586 0.32697136206521454 0.3664277132054535 0.387207746504736 0.37509887313814777 0.33508129096635736 0.31361794300498164 0.2860233256256522 0.28091776801813284 0.32888300593905856 0.31469554880302486 0.3392199641413441 0.33170294110574094 0.328705115564564 0.33034313920565533 0.381846332261204
0.1194340089255896 0.13221280497108454 0.188824391564256 0.24115449494227498 0.23332557984753294 0.24561211316206405 0.24581644388737667 0.23481673258876293 0.23424687663566857 0.23238393906797467 0.2442848611017616 0.26353499986454826 0.24792078520638974 0.24688555428942321 0.27729471094381397 0.2667038310677891 0.2235046417236645 0.25773441422269994 0.27621731295894747 0.25392904997355686 0.2648400944621694 0.2616588952312394 0.26490073210398335 0.2649087551913269 0.26274135633210144 0.29128684116892267 0.3191072850674089 0.3262015960971 0.34266697655051104 0.34873089618496145 0.40097491998031015 0.3950285200778823 0.34595464402365506 0.3267111306306194 0.2974342453088438 0.3132055695087234 0.300718829929889 0.35012335473047845 0.3338307667337066 0.31738678111416413 0.35660211883662146 0.32313376200387445 0.36065203924802014
0.14723162082007774 0.1236912018916719 0.1717814910492964 0.23303976980105165 0.2521347057619415 0.24009129334735943 0.265384661881341 0.3123053449543583 0.28666867268599766 0.2900832156297107 0.26312817599727545 0.24985925979237164 0.2718841185357632 0.31748293230311464 0.3120405159283452 0.26329496106160843 0.27917330426970144 0.2739069663358503 0.2915784699730952 0.2871831936685666 0.3059621016861056 0.32954259729773544 0.2551306499660479 0.27762474060569503 0.2616141675631714 0.2858040300718549 0.2929091352687414 0.33430060162303343 0.36457133633533334 0.3927555343939821 0.3775940560103458 0.41321524181899677 0.35873432103732517 0.3492943855403746 0.36747126193722407 0.3408415690575185 0.31772333261276897 0.3576945031734407 0.3790338398586476 0.3256635621013496 0.36170352209976203 0.33248148146889156 0.32988056285214507
0.13837598031240336 0.15315199183364608 0.2045340929067493 0.26577440862324997 0.2745182891748804 0.27006962572524074 0.31306211235609327 0.30757312508313733 0.29481391165183496 0.29604574276309953 0.31523591646192645 0.27769305327254057 0.2806588213970669 0.31702696718201867 0.2947514253087221 0.28755889752143604 0.2950506506101582 0.29049635501147436 0.294094251990371 0.29949262201541516 0.2884546078399204 0.30065528142245357 0.2542742539502698 0.2572854468953978 0.2731834729522114 0.30143342403630036 0.2881685180498993 0.34942033634494185 0.3575281038921016 0.39358066383512325 0.4017572839352798 0.4145441533186735 0.41000480048173465 0.4113537544729073 0.39287072905396214 0.3970646022959519 0.36483414430685895 0.3474245495400811 0.3897462527493044 0.37068641037736066 0.38585183433587644 0.34047646627274664 0.35145449759431346
0.17718982734126143 0.17719033717468138 0.24097230644135934 0.25293980627631096 0.30061192683695537 0.32352870241994325 0.31402646434292586 0.2900392714365021 0.35248725581561496 0.385243123947278 0.3495572191213591 0.28855931728118145 0.32726973279891325 0.3604385971120857 0.3322026773429296 0.30517529434557333 0.2884032657438983 0.28318621938177396 0.253045218272908 0.2421176923001173 0.25282859627226356 0.2843743822119974 0.27218504659881126 0.23409698145314786 0.23808311742941202 0.251595678336339 0.3000905377191261 0.35387660806914273 0.3728955946462079 0.35923385897695803 0.3489619966223956 0.3646340345261322 0.3981040083864348 0.4310806658576326 0.41058429639810834 0.4011738833523741 0.4106191472834805 0.3866984578624936 0.38047098616380265 0.4035651693451902 0.4045202214261298 0.38929413742780694 0.40803686887982377
0.16660804979645624 0.2067248798864298 0.2227218741515099 0.26466813148933604 0.2433918205014166 0.2692567566267996 0.2850568322932616 0.3211078718988616 0.3348363116644695 0.34237990145159286 0.31820029435139247 0.3201915981490031 0.3555428552553882 0.34706957032326435 0.354770190815408 0.33169934271137896 0.3210997174097818 0.2727796410602884 0.2550664451071694 0.25771455230762613 0.27439225351815577 0.29371288326606393 0.2465454462665292 0.2755520308128581 0.2432396867880945 0.29553514330100406 0.2994921090401347 0.3165758014729333 0.3211742286265541 0.35180018666060514 0.37125887125677176 0.3735149096050475 0.3927704458924741 0.3742629249978341 0.38424621757622235 0.37004877519739515 0.38656085858090583 0.4016636401054314 0.4138780127306934 0.4276006491860242 0.4266914309389833 0.38977589589268763 0.40574105950876427
0.16982200160835895 0.1946657855139774 0.23605866134591308 0.2392992873031824 0.23314078240086367 0.26141387840383107 0.30172606128361135 0.31060631473613726 0.29679033324367404 0.35082793728241385 0.33701234041648565 0.3224217406253158 0.35839216601165225 0.33878077041838667 0.3465922899489397 0.3356076083516827 0.31885344117326075 0.252795619650263 0.25816485692479907 0.25593760852041547 0.26388453339786694 0.2739737729988935 0.27876101559155475 0.2819607688416863 0.26856304996471914 0.3100917978848589 0.2805588689094086 0.29579494925925237 0.32987600391526545 0.3610523381803167 0.355801246922938 0.3651526242564961 0.3863267254942021 0.3626229488750576 0.36019834381029703 0.4004129470453977 0.39168431772682816 0.3871626487487322 0.40010011599396106 0.432575105919686 0.45323575583989645 0.41889239269405437 0.415107991878881
0.10706490323909715 0.1506409151780927 0.22760909915533595 0.216109051910238 0.23559213727703388 0.24738176945348037 0.2487666356092772 0.2968117919690846 0.2847899210882965 0.3230856082110917 0.32947843451746917 0.3153956201827142 0.3087567992787975 0.354102972593516 0.34324877183121605 0.287317556495364 0.2644756118647907 0.2558121573191155 0.2664005236854019 0.24184182770790474 0.289873159324819 0.27641181223433237 0.28286832144248275 0.291268223503077 0.33800859684185103 0.33350455627321407 0.326754785537766 0.2849813838662893 0.30820237383604937 0.3436868420005165 0.3637656113533917 0.33684681359090946 0.38030382333764073 0.386159816193111 0.3715552545546006 0.4261094491243907 0.4511545721429711 0.4357931691036416 0.4237611235495321 0.45676236994985353 0.44969055075037434 0.4105559545599279 0.45448606693253524
0.10314039620935447 0.15668954972298105 0.18925103304379504 0.21643351285567985 0.22137998725909314 0.22679648682052633 0.22322026339471907 0.2461681627569281 0.28005023453215744 0.33790166973590674 0.3170208407584403 0.32646769725657027 0.3344698615890556 0.3447291871229235 0.3458319785846836 0.2992561569793569 0.25830391063517333 0.23206905879247308 0.24605629254794922 0.25137345794380417 0.30006828172728406 0.30354919904305133 0.3295245056138142 0.34720350478308537 0.33285584597384366 0.31350536086421804 0.30932825210121917 0.32128794284829226 0.3411715603653134 0.306194268377423 0.3661667159092379 0.34063347862600457 0.33684998370145713 0.3707021599435767 0.4364175049402194 0.4483560793374641 0.46687944519270724 0.4563283136256953 0.45329546883712774 0.4421008588639309 0.4333422881347915 0.4208479198889279 0.47062266173600004
0.15524690940775707 0.1552885590377825 0.13827185071552842 0.17203434928810396 0.19652852164202586 0.2367219832350998 0.26832955123400654 0.2594363446268563 0.2518037075066282 0.27950568581665014 0.2615656795280811 0.2998194970033531 0.2766278158088608 0.3173786655637665 0.30050205703304683 0.2922506032409287 0.2610252382212564 0.2350367182688037 0.2311039041094995 0.26136012283129684 0.31115739091474626 0.30110932432752424 0.3351332932250877 0.3258679083604819 0.3717481213399156 0.3142115377655475 0.32820806376633704 0.31910003692292005 0.3241256949890137 0.32141117487531984 0.3611566375664947 0.3296682039910662 0.3550870826823355 0.4137833716070922 0.44559144267118383 0.45466266813239414 0.4288499013510939 0.42757304131262974 0.4555770392885077 0.47249946874604837 0.42973313707476607 0.4327097824057659 0.45215758472485446
0.11630330394519503 0.1358507292999235 0.1600222026059397 0.15437500736914175 0.1603530844564924 0.2196501649019204 0.23936245540791695 0.2754702505503267 0.27708761778716284 0.23481116406261307 0.2624979404522536 0.2489375286692893 0.2737347848703202 0.2744131366386585 0.2578871515002047 0.2619644027746056 0.24309894848402805 0.2810701181104746 0.22942514605482933 0.2514013912568732 0.32023952511733184 0.3324406969958521 0.3681665038474399 0.3572989943752711 0.3683017118152327 0.3559967605638333 0.3175015717903985 0.35281004744253713 0.36862658675280074 0.38308991495182954 0.3629473803216051 0.34775566683855696 0.3714112735930749 0.4158287755410588 0.4100922060902479 0.4374624342929297 0.44345026036940055 0.46533870498047486 0.463880454347109 0.47665928558676096 0.47600939385953706 0.4502541837979824 0.46460791950193414
0.1332687472483501 0.14512995915368868 0.18629576113593196 0.18112874308790958 0.183891118240126 0.20906117571440846 0.23873115753514 0.26727770419935043 0.23714897425051465 0.2605312916785189 0.24709567063644394 0.27347320876200654 0.26709431062179034 0.29936895089875326 0.2896962173472213 0.26998364574345024 0.2458947784430664 0.2421161256000855 0.26573119545298535 0.2451983997415516 0.30351966563234883 0.29843109816573193 0.35204111691803264 0.3563551452632972 0.3492708635598142 0.3677382347006759 0.33115432437732956 0.3567180780827549 0.3891915018655439 0.37169118493638176 0.3814357891662278 0.39031254561159096 0.37883628798744656 0.42339375205197277 0.4438514054926066 0.4093958823294312 0.4201788282230646 0.4265187606448816 0.40348613034137304 0.46018438261051636 0.4676799848501272 0.4662005792452599 0.519431876760712
0.14403914272754031 0.18554620792927076 0.19614610728385387 0.16909323866260317 0.20105486235829284 0.22614973865533472 0.27096678242762245 0.2751040984996427 0.22150897556328933 0.21187142937227987 0.2755510326389702 0.27553619874433694 0.26887467564194956 0.2675356262225277 0.3084572407514398 0.27654984745017686 0.27080718513565966 0.23828147637164088 0.23319379636473161 0.24635353982442573 0.2631017521308792 0.31555903390667184 0.3544917972102183 0.34156048689895646 0.3228681837656726 0.33901200613032473 0.3164196209213842 0.3622335895148353 0.38913031774561047 0.37104845866026437 0.37407771917785815 0.39380130289417037 0.40269291792960177 0.4460364786648429 0.43263459955246764 0.3746100176263366 0.4191127822495041 0.3637279128261954 0.41045852393522025 0.417295806155959 0.46006524181592856 0.49233240476725787 0.5407937538213475
0.18845256533919094 0.1894468032928427 0.24257505174980082 0.23590017521517806 0.25207074146721203 0.2403098098090187 0.2339870984739845 0.24835972178020188 0.24975905675608748 0.2718660146612698 0.27930016579851213 0.2979909191089444 0.267338223174902 0.29794852815433376 0.2948031435857576 0.29841671098503403 0.25527987041289346 0.24269570624973172 0.2878551087291167 0.3016629365792049 0.2684877330620329 0.30670890473543555 0.3100618989615876 0.35139290047341487 0.35283711187180405 0.35582031050984564 0.34114109303889895 0.33809401097510156 0.3507727779547702 0.3482431228401547 0.40069239433553056 0.4021527043447903 0.43176397205193157 0.4077681558182987 0.3883589253723778 0.38277301942827635 0.41819577943524733 0.39375264507746344 0.441957695907545 0.42847620771923683 0.45297397784587007 0.4817936500372785 0.49959265147462656
0.24570629124138618 0.2383434868132263 0.23792834462613072 0.27554781964608005 0.2741230145312231 0.2474793032593408 0.27246810267897853 0.25384510834407165 0.28385206178659395 0.2437103567128967 0.27901051815767997 0.27320001645698216 0.28163536848086984 0.3182980065388767 0.29595876315687486 0.2984394114469223 0.2834085858692707 0.2780557698314304 0.33513457948237135 0.30873890588108827 0.3181491665613303 0.2922571138152198 0.3438160297132709 0.34735698280256894 0.31757291460626036 0.3220557704816897 0.3780366942455316 0.3659857740190179 0.3836419248166105 0.36899654879990357 0.41131716645924804 0.40735796818199993 0.41054039539409903 0.37678790476873125 0.39001313719714914 0.3846502865291405 0.4052147357634613 0.4483333010028487 0.4443787714539073 0.48069466897002505 0.46312203183100403 0.5122093683591046 0.5244450043974361
0.2640066283868595 0.2738702876519143 0.2695607569692114 0.3090285849730461 0.2811544886143299 0.32663321772580317 0.3308572121360362 0.31526258910439625 0.2838062923445423 0.3165041923713735 0.2988222696856854 0.275044931929614 0.2949488996778398 0.3088526008966009 0.34574192622252636 0.35212876353387595 0.3476044315585953 0.3306447702784238 0.35646815034657775 0.33632797481135296 0.3676995713346136 0.3641410352864397 0.35612461971844783 0.37650476752091067 0.34552622817529505 0.3726125103432833 0.3766848290114527 0.35477976461542216 0.38924067542198854 0.44733521179161756 0.43552185303465063 0.4078722382811632 0.3864259893751123 0.3916832582021371 0.41314710174653235 0.4218137295145254 0.3901670983365442 0.4073425983443612 0.4449976943338778 0.5055495504036245 0.5115844664109085 0.5618244505053923 0.5657198625788178
0.2778653365479289 0.30423494903963033 0.2763475436793131 0.3061241873977149 0.3292807335598897 0.3889672115224138 0.3395619394357592 0.3392946270727446 0.33668286218327936 0.33061195945029254 0.3131400575298014 0.3448642333168526 0.3027944354270195 0.3159017569359893 0.35937393967430864 0.35315523034904706 0.3794436376872929 0.39259259112983724 0.4006471604537786 0.4033501759020038 0.41413237659730917 0.3668733068149065 0.38092626004616204 0.4013914459774406 0.3813112519364186 0.3841809230399159 0.39428289779261294 0.3876622019404828 0.41547364206618526 0.49156453301379466 0.4520922947223435 0.4132408155475442 0.4266492893363377 0.4167088328969038 0.4428379390404756 0.3948488482549417 0.4003940123406125 0.42582813629676364 0.4829905642284703 0.49832758156050255 0.5426915779811167 0.6000391199133662 0.5983765697553836
0.34193851774685463 0.34321766989306274 0.32147750953996235 0.38176922311716555 0.39850099391308114 0.41279125436875747 0.37937665588574165 0.35655414564398186 0.3264491546284951 0.344201312350775 0.340539165225553 0.3526290876752483 0.3653251254922008 0.3095770961100876 0.32174765643107917 0.3340894081867402 0.3656943487243332 0.39915900648957536 0.408728622348713 0.40074838069794494 0.41582976040174974 0.4330689850558284 0.420386977681044 0.4322324928228126 0.42745486385823367 0.42833109825179133 0.4102877847805316 0.4242364317268542 0.43600409507551546 0.4510140223470511 0.457800202222405 0.44993852267979817 0.42489484469005034 0.46453204422461464 0.46113192980925993 0.47698125847332434 0.4537596394028471 0.47590318348454974 0.5336699304238081 0.5397155646636044 0.559055810576934 0.5860103430230641 0.6071744428989544
