Raster_benchmarking/Raster/continuous/raster-112.asc
NCOLS 100
NROWS 100
XLLCORNER 1743156.6837279345
YLLCORNER 5469280.597211195
CELLSIZE 10
NODATA_VALUE -9999
[rows 38 to 56 of 100, columns 43 to 85 of 100]
0.7062137532340876 0.7237110453412737 0.7110423558381704 0.7158669585175556 0.757789338430058 0.7758270349559323 0.7325044304959878 0.7355431064346832 0.75549962247557 0.753214492007291 0.7849055126100253 0.8044082260576566 0.799604478251798 0.7993327281103393 0.7794769325545884 0.7475554089484306 0.7191457993308316 0.692430325327727 0.6998936111740902 0.7194769451579099 0.7175037764248415 0.7152794611544753 0.7134128331574655 0.7189599043453464 0.7372026078283827 0.7463931166589475 0.7503519858411103 0.7609800982370553 0.7500618869233459 0.7735830107594821 0.7714206597943416 0.7524383439714296 0.7553882506472283 0.7021604574971874 0.7352315150046881 0.7086783665192045 0.7410699216599443 0.7293255756570073 0.7273236158293762 0.7366562947872005 0.7374928514270113 0.7431110117949776 0.7395969541688586
0.6756661294178967 0.6970544448577697 0.7130966225819046 0.7200117145219395 0.7314181741016793 0.7185476526968192 0.7255654077620953 0.7125028827310566 0.7396298748681596 0.7457241682223457 0.7389454923606154 0.7592267382845482 0.765022731908583 0.7733103769515688 0.735110868095368 0.7248971505472831 0.6918790158384879 0.7075829202935601 0.6971026196592529 0.7128560799989183 0.7321325317665629 0.7207333650963607 0.7237686799154901 0.7270533277551876 0.7487046585139965 0.7338179573470966 0.7249116183573194 0.7601809275104601 0.7578767717333421 0.7521264667717465 0.7560420820193517 0.7636253408326971 0.7400363356737091 0.7284260946164876 0.7208508805796963 0.7088349302685337 0.734145255649733 0.7196092228007895 0.7219557192490025 0.7237896618536361 0.7366804985749795 0.7611648926898218 0.7538140440780565
0.6688916068547178 0.6792786047235436 0.7086807389731706 0.7215794176787319 0.6948308410635823 0.7047881821722727 0.7162412006589637 0.7173738640156945 0.724159564536843 0.7081479954379017 0.7115574342744945 0.7210505092460353 0.7426559929830258 0.7409908506769561 0.7220830590174625 0.7003056405910253 0.6921662242179403 0.6953692636037245 0.7030886859764783 0.7181216592754333 0.7057677238258865 0.7156472935071326 0.7277323535567282 0.7458886522483759 0.7212639602550499 0.7067264477968982 0.7349620569954637 0.7380648530230883 0.7670243685982441 0.7779306396393615 0.7535933766642606 0.7489018231911729 0.7193499945719908 0.6915703378457881 0.7187844311644696 0.729858968115831 0.7132442095999275 0.7115100533327333 0.7302020455682161 0.7718482395228753 0.751570851645301 0.7390815122791636 0.7734823046907146
0.6845409194212014 0.6991864599124975 0.7086635905843394 0.7216326905267222 0.6964076195645773 0.7011540128243035 0.6973541167109468 0.687018532690207 0.7040091296853129 0.717083166757177 0.7309300121755349 0.7293911058500813 0.7269158705077086 0.7454951475119318 0.7100588021995858 0.6897047911926902 0.701808543551923 0.6835525674675098 0.7064468878356369 0.7146975408869658 0.7008910141639606 0.6880612161102718 0.7139448221532008 0.7348676766602539 0.7147020296953767 0.7072374921824001 0.7256167507902996 0.7067447052616816 0.745753281242606 0.7621654057850578 0.7492093592449846 0.7429158804264955 0.7251092190820646 0.7208541675326903 0.7118528568055591 0.7143196136671347 0.7097408466584071 0.7514433997675869 0.7658290274987174 0.7624469653344605 0.7747949703326806 0.7838040611839342 0.7999630460956213
0.6749158317877599 0.6735730321377345 0.6851078770237707 0.7148249367366026 0.7089886817946041 0.6761894909906463 0.7018419457491988 0.6998791314187727 0.7004867161104933 0.7264954656422835 0.7166395361098378 0.7078540919876748 0.7096527142845173 0.7300572041678466 0.7059321282850327 0.7181206093306277 0.7140897848458265 0.7026091895382703 0.7056097342862813 0.71984202822916 0.6821538782823363 0.6849431783850631 0.6948315633254627 0.698021298190822 0.7021116870503632 0.72514610993757 0.7083285599893827 0.6958072036983919 0.714641614039791 0.721150663727691 0.7051268938621583 0.7057018358956832 0.6885408495026671 0.6890275857644215 0.7004236297561586 0.7145990316946197 0.7262045138986296 0.741141985970889 0.7485973217887327 0.7870703305095441 0.7918927987010589 0.7780131416127974 0.789326612421184
0.6606810664529773 0.664752769029395 0.6495990292848274 0.6845073939042766 0.6847163609632416 0.6898466519964439 0.7019648006336341 0.7087291994952933 0.6941443854462583 0.6969715342339742 0.682981763968963 0.6832991749284825 0.7079182647306601 0.7295364360951652 0.7117990470713309 0.687689908747248 0.6837504005178535 0.6873815874381605 0.7083380621754405 0.6817145548373473 0.6805702788786988 0.6945114239130449 0.6940276589334989 0.6668667745945867 0.6822445887655709 0.6925602948769916 0.6788196036515717 0.6952184469801193 0.7168346987579433 0.6957299379946726 0.6983174969762782 0.6914254972131928 0.7061543069192951 0.7093090283017384 0.7085533367958219 0.7367809567595912 0.7599455350538672 0.7489087578077472 0.764911337354908 0.790149201752144 0.7955171631179858 0.7973318081299837 0.8164175613070112
0.6505293006585428 0.6282528423463232 0.6458691857727936 0.6554174274766502 0.6721693887697026 0.6801205942811172 0.6937629531351873 0.6912213577566954 0.669184475427897 0.6871677665510886 0.6669243486100789 0.6672128562904132 0.6869143144087161 0.7177945409306664 0.7070079356812151 0.6999913639128758 0.6947027257563191 0.6927058687772946 0.7069919492819309 0.6827945745497207 0.6910195912039854 0.6906220232689277 0.6683727071969501 0.6403943448116317 0.6475111309631058 0.6507978476885983 0.6601977861118413 0.6745277232317839 0.6935837853462782 0.7080430503081192 0.6828423301830785 0.6951920701941046 0.6985485213100147 0.7189365414475871 0.7372569602806275 0.7459317564540332 0.7539611781381627 0.7802073413134089 0.7716235931365341 0.7721540109645539 0.7799658842552635 0.7986888008895695 0.8239394119182794
0.6415298724062669 0.6302135289598247 0.6298602461617682 0.6409036813597885 0.6598384260636583 0.637541286754733 0.6670378677767538 0.6529539421663862 0.6547127474960763 0.65164243523382 0.6525912747759696 0.655724056794911 0.700077031789623 0.7179578457945021 0.7080707233735358 0.7010705451087162 0.6852449952353769 0.6825497910260153 0.6814737189047478 0.6802685851910619 0.6832465843418941 0.6590901432883838 0.6637300100282273 0.642876915493778 0.660667281071333 0.6551949250125272 0.6520294704925891 0.6693068691412395 0.6688670960133181 0.6840510286349026 0.6763212488461514 0.7026845408639484 0.6919379193018186 0.7244531207021353 0.7532452997363576 0.7472564720643823 0.7698267165306215 0.7843291716060731 0.8152874180424184 0.8073569145199168 0.8005426505282509 0.8110061802160962 0.8026982702025547
0.6465092851655023 0.6471752399594266 0.6401930623724672 0.6219928984885905 0.6151728270191715 0.6209172966160612 0.6221707028492219 0.6359050399975019 0.637917506134687 0.6084048461895785 0.6417871521356046 0.6720245161640537 0.6651770179281775 0.691899285710035 0.6984613627699154 0.7245837131361874 0.6866652320766529 0.6739972111119713 0.68042714328068 0.674900149872041 0.6600306116722103 0.6479898231927559 0.6392698840735993 0.6440769934465093 0.6405000453128415 0.6364413556532175 0.6529307839766106 0.6284055604632663 0.6666268355149998 0.6476582221648679 0.6694298620339113 0.7030379004107429 0.6924884906016663 0.7145289648343884 0.7494335801846711 0.7713208416341589 0.7632476809750143 0.8029440183944815 0.7953121437785409 0.8295367852501642 0.813057570108749 0.8226899314594911 0.8287186641813199
0.6103744250581421 0.6303459812851381 0.6298921893874132 0.5980200342638744 0.582940835932779 0.599516847742825 0.6213882488347476 0.6198298156199771 0.5912149069507023 0.6140710881886257 0.6216275368222299 0.6723100673065984 0.6740805821378711 0.6991904837387104 0.7080166056847833 0.704032843806325 0.7090289934992301 0.6947147814958338 0.6916403489293194 0.6767174749233948 0.6731552312651629 0.6800891462072407 0.6591277081809284 0.6485907164319781 0.6275552576405493 0.6200461360194368 0.6446372488277409 0.6591756273539474 0.6665723275962939 0.6839715864550718 0.7146526608498838 0.7247898187997236 0.730809951355184 0.7441394044480815 0.7395117389463748 0.7635112730063062 0.7811614768986657 0.774437654513285 0.8079298520964665 0.8137104121390187 0.8198292189784123 0.8207527569836826 0.8426303444159784
0.5900975901583008 0.6055709696700039 0.593131255836254 0.5836354083697634 0.5863090792027777 0.57037572467251 0.5781991683090361 0.5803430605670906 0.5776236620341046 0.5837758651698796 0.6388111883437079 0.6699267576419556 0.6755245046642931 0.7170113760344878 0.7275517754498226 0.718841779488118 0.7120415501944735 0.6718436288421581 0.6864488989421684 0.6808103330420348 0.6569071747814628 0.6750607353718581 0.6522608261923803 0.6598088833959928 0.619532645310675 0.6352012411940806 0.610008003819484 0.6248423277226892 0.6480589485098308 0.7010167287687398 0.6978358071418855 0.7296544786487802 0.7487660973310852 0.7367020532585996 0.7379124316067909 0.7413111045790094 0.7690697207422922 0.7425913478967493 0.78802316382667 0.7997535915225189 0.790705989461396 0.8143651497201826 0.8211132164498327
0.598593254172782 0.6051111433096424 0.5961202648906947 0.5626231306764187 0.5551391771537866 0.5384639086356003 0.5540867931485574 0.5587666213079397 0.562444518871598 0.5690427992884213 0.6194748931836613 0.6495681418765276 0.7013982094463698 0.7211352695537162 0.7370492761321847 0.7211403395958557 0.695153562029246 0.6838287069852648 0.7068444008712241 0.7092075997508882 0.6751410947813318 0.6599070563233495 0.6565026926650899 0.6695018705429928 0.6305877199772971 0.5921915249825555 0.6059264512821149 0.6136708883250451 0.6556252013260195 0.692360085411753 0.7093473813439908 0.705182516851698 0.7288295989453627 0.7539566894526284 0.7452813173887697 0.74295174284126 0.7325714919747724 0.7333929358491104 0.7722819504552809 0.7979551315697087 0.804042038962104 0.7985902039143593 0.8210331740154975
0.5884046263203535 0.6134110262589979 0.5681743719169767 0.5605066377108285 0.5324164050402572 0.5514715706739953 0.5390151495460485 0.5683070116809658 0.5777364131134608 0.5861066253854235 0.6357961675839805 0.6763027766736405 0.6997805143746413 0.7138108633934207 0.7380479064943442 0.7293518744501952 0.6904009387810787 0.7170650972470661 0.6944582548940998 0.7215503913837283 0.7060549211224125 0.678493461384678 0.6481254303073407 0.662546191264299 0.629922985493672 0.5656941495979488 0.5943257140684894 0.6374254526973633 0.6733109184388094 0.6882694831761083 0.6845010224090647 0.6895556569119422 0.7289611781496957 0.7442647258581243 0.7236584163859723 0.7343610717265507 0.7505558991179123 0.759676641088716 0.7801182293810933 0.778351609076147 0.7851930516702621 0.7933479075742658 0.8068447342541138
0.5872462973361657 0.5761683289273057 0.5427003557848837 0.5372241278762807 0.5167351608557957 0.5514345361829733 0.5529863636941119 0.5593139094628791 0.5633002795987183 0.6004518037454543 0.6171514907845579 0.6517637229257784 0.6517098033409615 0.6668248557216588 0.7034723857538399 0.7049505088558059 0.6788164911000216 0.6711036637343264 0.6895009550634296 0.7089069326057723 0.6966774822990804 0.6731326649775213 0.6479092508670243 0.6318105402873915 0.6360159652184677 0.6284453922128762 0.6136807385162965 0.638368531118022 0.6713340449045163 0.6912275396080689 0.6854087122456562 0.6898945936740672 0.7328488381544631 0.7449404109222062 0.7474311152480114 0.7426083462520273 0.7577357054813058 0.7324030959100251 0.7602944692106549 0.7905267030843285 0.8012753403483301 0.7908233318245358 0.8169146211563232
0.5253303669225085 0.5355334868625018 0.5338590806363324 0.5121101968120815 0.4993329099582741 0.516466638413045 0.5114631760427159 0.52384394431249 0.5672072525389844 0.5774420067371439 0.5943262140824203 0.6177678619139295 0.6310113914378758 0.6754583077328886 0.6887903421800422 0.6558872702560974 0.6627031963218678 0.6703395235261819 0.7012196781460478 0.7012899306075124 0.7061572570000887 0.7012368782835504 0.6823034069455137 0.6288858900682962 0.643398596592297 0.6189638056638375 0.6320130786833403 0.6268242462369484 0.6861270385080044 0.6850725472081322 0.6893392484416908 0.7216778233249583 0.7216532552167936 0.7547696036472301 0.7319448260516088 0.7471538693709271 0.7471669687221965 0.713765826549252 0.735217156141657 0.7679782562330905 0.7891415140028135 0.8065717756693591 0.8301777595596816
0.49779402150025404 0.5079117060150826 0.5180711893111647 0.5173904991314824 0.5016890160105634 0.4850179187717854 0.4876015683653265 0.4918458309868929 0.5363085319040913 0.5542924974027815 0.5864557471721186 0.6087780890535602 0.6147994535109583 0.6573736146560306 0.6847728743321608 0.6843265337429365 0.6648021988958338 0.6528819319970927 0.6969037524294688 0.6812868619987669 0.6925018265781607 0.7122059689077818 0.7000959654645427 0.6655223853919991 0.6499004304929397 0.6452749768521633 0.6674082184693194 0.6763189180666959 0.6833343565293568 0.6761676054220896 0.7013970965497308 0.6982225826846515 0.724798466859051 0.7235547889618764 0.7139215510159327 0.7157235821809197 0.7162870363095162 0.73126440848281 0.7271167989169206 0.7776592646082993 0.8018219288139459 0.8159154046874625 0.8258272965932799
0.49842213912279715 0.4891546975193818 0.4959920073308985 0.5161949180843435 0.4903989714473116 0.4788574744787768 0.4959871228608586 0.49094748409817585 0.5113805227732822 0.5821608567701964 0.5728776203694744 0.5782657567836813 0.615768877181676 0.6549489051602263 0.6786693340761155 0.6810825055225127 0.6674132889946495 0.6466989428523252 0.691691181935081 0.6960964348346715 0.7099784567057807 0.6980166494422325 0.7010483215182518 0.7040043887262816 0.6739017732940769 0.684686983968481 0.6706013700212403 0.6756416856990837 0.6932347883172839 0.6950897970673626 0.704060816685939 0.6987102299563966 0.7226719456311641 0.7205471857769349 0.7022661248977542 0.6805568230603444 0.6993279217210738 0.7006594085450694 0.7317608799680421 0.7668002278403255 0.7707628852230582 0.798913543607817 0.7976294111378517
0.4667966658137759 0.4765493920268624 0.4954992618105157 0.477822523437225 0.4748313612598067 0.4696527977913918 0.4810822966238846 0.500513003735463 0.5094116311589904 0.5346926779504295 0.5502741853739984 0.5726425070307798 0.5867569187200674 0.6334843288549467 0.6506985438781344 0.6675428517759057 0.6427319134400789 0.6611750392223384 0.657243474675824 0.6689246931161629 0.6798351303645664 0.6881887313894295 0.7139178290711657 0.7098058352005344 0.6864517969096744 0.6860892479795946 0.7038918693709577 0.6966935991392794 0.683533703907256 0.7083131201493532 0.693681513663312 0.6844014378171093 0.6788489589800983 0.6677941501238267 0.6822754277791193 0.6765106702494086 0.7013552338745269 0.708963613156352 0.7258385590274159 0.7300507365672828 0.7596414090382495 0.7939235581800449 0.7853857852116461
0.4403768005817874 0.437004098785273 0.4403747786075208 0.48300050985937837 0.4926570516512829 0.48624002316658643 0.46326919363334257 0.4760189514559979 0.5093077550672973 0.5503982694332307 0.5245524143915584 0.5527534267432823 0.6010642763031359 0.623083664040552 0.6372258242550022 0.6438298469186767 0.6410140715785633 0.6550740930261817 0.6763811306787215 0.6893731823034919 0.6865799111613806 0.6941194703875092 0.7045600123172214 0.7127772531503199 0.6817585205676417 0.701336159890362 0.6992900937190202 0.6987308750915597 0.707818952076061 0.7249435201068136 0.6918101589383528 0.7025817464219546 0.6792839480316168 0.6628306373535817 0.6609550655233887 0.6509892301895104 0.6906757730769179 0.7306208947384673 0.7418373280147716 0.7461489475962066 0.7767729039233148 0.7728827866666711 0.7845874641384257
