Raster_benchmarking/Raster/continuous/raster-138.asc
NCOLS 100
NROWS 100
XLLCORNER 1743168.4710137034
YLLCORNER 5469286.090822434
CELLSIZE 10
NODATA_VALUE -9999
[rows 76 to 94 of 100, columns 43 to 85 of 100]
0.31314782662651525 0.35381114955517484 0.34962486082386945 0.41676073690431253 0.4391791110790569 0.46044771920992833 0.4507265514390843 0.4183830267516693 0.4240338499679169 0.401791496965714 0.41178735895793944 0.4348045410325063 0.40601089291752707 0.44744929764780006 0.42672482444248133 0.3884317040784062 0.38992085076478183 0.421857857205553 0.405856182133978 0.3557909823577852 0.3422614505466535 0.38381189482417205 0.37705978776088717 0.4067738568112758 0.3831722281282283 0.41925095509871 0.4185092507340787 0.4618360740175704 0.5178916503208307 0.5173090155515119 0.5697867004152593 0.5905055285008624 0.559390238368718 0.5906499399411247 0.5775568842178337 0.6257032501364751 0.6406361030467401 0.6828845479297864 0.6704423087637856 0.690298313988625 0.7239089255128944 0.7249614480573572 0.7108448473603017
0.3049922938273376 0.30564757514996865 0.34236412231951013 0.3890489629876621 0.41579476925411224 0.4355474762957658 0.43594023021717115 0.45182286003354255 0.4218926994424009 0.41511145316965326 0.40323121229790637 0.38360335837240883 0.3633654070320027 0.4028071700292073 0.379880835353707 0.37748495759015344 0.3719905330404443 0.42120519876674545 0.4190898480325739 0.36426173739429246 0.36849015620257175 0.3598590480175878 0.36385116333592804 0.3583133158884924 0.41665902726794657 0.4493626889019348 0.49487750848298784 0.489574463648821 0.5136968555289332 0.5107660537457097 0.5316099995176999 0.5934158423045617 0.5908146974043887 0.6048590522956634 0.5826850681978859 0.6277532872040226 0.6290822907863293 0.6527178822987821 0.659359096058646 0.6601060784098782 0.6852291021946281 0.6996686458435699 0.7032934895685254
0.274775051617467 0.30724224274629475 0.3159017214476391 0.3609297641115203 0.4001243040502786 0.4396606891165469 0.42873826679099514 0.43844633717674586 0.4523931630207954 0.4246162431089987 0.4084456481656724 0.40431738749658624 0.3669094860371295 0.35087313058045627 0.3467113363898821 0.341655685331147 0.38329949212622844 0.41028536709126595 0.4285803262770126 0.40853257504741886 0.37911827443881807 0.3988614130069133 0.40222231930345265 0.40333716403084957 0.4342403396533263 0.4453014970014763 0.51983699110899 0.5307733725604358 0.5413297391410555 0.5437211900554241 0.5221167375678305 0.5809379151297482 0.5966238904146133 0.6335287630017629 0.6194034006663575 0.6451934298254287 0.6560523339511886 0.6516285962248061 0.646065516584441 0.685329614621429 0.6642004446607771 0.706125515650355 0.718758054451305
0.2506867122923519 0.2918333651114996 0.30039517735423815 0.34017756677750177 0.390266650064669 0.42116306988774344 0.4490976814873476 0.48016059214735607 0.42576080719016907 0.4146400998939777 0.40239241695978595 0.37005361159815897 0.36260102497124197 0.389780771347377 0.3699937546621955 0.32092140930574947 0.3696797026975348 0.434054031512481 0.41703412849445826 0.41976346959851524 0.39853216911095957 0.40646395586853484 0.4055050954809644 0.37626170841796047 0.4356128769435088 0.4915354249234233 0.5363485452736021 0.5516021642612406 0.5480445347102025 0.5471964748482105 0.5400167664738672 0.5166370925478517 0.5841417869009448 0.620615196370459 0.6526476005740087 0.6520691982779686 0.6406549650067185 0.6877588766824075 0.6913705540924665 0.6911662909408102 0.6954962162409001 0.6968118287544475 0.7071892180027564
0.25704265747790167 0.3026300339372771 0.2989290196229867 0.34566788605150545 0.36436864779360967 0.3965517055702726 0.4605857696822815 0.44216090392690316 0.45118412372122907 0.4037668917110985 0.425680821193919 0.3904075624719463 0.35346083557859204 0.37477634828491724 0.329060083651213 0.3715635215556231 0.3737076896865704 0.42983663273833395 0.4080081035689962 0.4328617382604486 0.42760555339223144 0.37962378965826254 0.3792393876514704 0.41149441460747954 0.4339386844314547 0.47325901057559916 0.5024318299379466 0.5493922172681378 0.5284959703473846 0.5368758363651046 0.5030723248585361 0.5139073124093414 0.564213936726281 0.5700274678593733 0.6147860418076269 0.6723064122469516 0.6651382669286401 0.6717000706467224 0.6654218236177488 0.6946449278400822 0.7102194621832828 0.7010845058797994 0.6895023710655859
0.30980083458258434 0.29520498269936996 0.3244853486249414 0.3232104389560498 0.356959349641465 0.44550414329990734 0.4025986711227511 0.42183797922044847 0.41725789459166046 0.42004366100283597 0.40169941214770977 0.38523255986411414 0.3905170933142725 0.35603100568744256 0.3217480793442484 0.3611076096775694 0.40474313137419177 0.3912769386880336 0.426002480218427 0.3918177564066359 0.38819311522162675 0.41656073505440994 0.42034136806688177 0.39429076454221 0.4460529423409442 0.4915775677279598 0.48430851651434104 0.5246857694455975 0.5332180490736493 0.5339925341856786 0.4904921705175908 0.49816454199343524 0.5281681657428385 0.557329853565445 0.6263791242637258 0.6698686241365733 0.6345276627507818 0.6592785685591925 0.6650787784604038 0.7186885749371618 0.7157877813458116 0.7422006274793228 0.6874612132994987
0.2984153922118182 0.3331443735713607 0.34828279187751815 0.3567584001387669 0.3895128899619983 0.36922087504595674 0.3814876800784337 0.4255320121363693 0.41742245054018373 0.3844217294117642 0.3589406505757501 0.33379919277294245 0.3701197406991499 0.35054256959578506 0.34771361136578754 0.37443472851921034 0.417806637040532 0.4366378288853784 0.41918351364601236 0.3974225257402561 0.4010162330309959 0.4114591606007014 0.4658750424445747 0.461635522645113 0.4815035935328363 0.5043375876049802 0.5160816470127416 0.5475175719510152 0.5195452486057079 0.5096031526762287 0.509199746128507 0.5044086046220689 0.505784466444376 0.5429006872754748 0.61147789171283 0.6344320387776913 0.6348250550706781 0.6686068929281043 0.6657189271585956 0.7154775020790876 0.7055839258902544 0.7606352613692273 0.7295582306064763
0.32367016057643144 0.32792296484218836 0.33527626118658205 0.4041989920012717 0.40046883459410915 0.3541184935080412 0.39045696363364074 0.40835817185255746 0.4062505073360254 0.3809245744214588 0.3575938899487948 0.31070307174890127 0.34590181174732304 0.36378641495661296 0.36224793000721583 0.41591297116665593 0.40325090129286334 0.41392223649775123 0.38063615133981527 0.3767572337514466 0.42733654890654665 0.4755991260317658 0.44300991102398857 0.47452594946713533 0.504976511873531 0.5157590564075456 0.5311398276676552 0.5516324698865752 0.5259348041967618 0.5272210123759415 0.491838525169137 0.49042247404343464 0.5256621374265779 0.5867029669118002 0.6038115704517938 0.6794978520112892 0.6543879544214432 0.6397351428417828 0.6915341892349559 0.7101428230524799 0.7585742706310298 0.7597508967029527 0.7310307185068947
0.35021554036233465 0.3152890733151644 0.3463800657166172 0.3468307886192059 0.3446570767090819 0.3330848159834101 0.3687431212217362 0.3906613370825367 0.36457079326113956 0.3626034101956093 0.321520920064688 0.299763559418158 0.3376660209128377 0.3576292722457193 0.38364713952403257 0.4214691876196886 0.4215363798041577 0.41287978175133244 0.4262266467862026 0.4039819766941965 0.45325066749471854 0.4632640738991965 0.46062354529736316 0.47239848211459934 0.4986590566181557 0.5419495989347162 0.5413344721636228 0.5726475992763836 0.5436070482393964 0.5486277868113838 0.5494884943411076 0.4996409468896538 0.504525051234234 0.5529134103465165 0.5874985269915967 0.6242457560728023 0.6699226093413984 0.6601790700798263 0.6880367992307815 0.7167787324458696 0.7507416416346427 0.766709524618164 0.7382397507200206
0.32122901235204104 0.34073804413707315 0.35020670689368366 0.33166994198140276 0.3147046907868821 0.34302272127735833 0.3327049299438932 0.36617720129296505 0.3567099021096716 0.3242842952668207 0.3094254007763717 0.3362678084951587 0.3102881448746806 0.29691599398456175 0.3469880886620638 0.4157601894268558 0.4162065522275411 0.43476804580527356 0.45261241050835993 0.42878043137036254 0.44453846982491385 0.4670273168193354 0.4542306688318037 0.5063881956074786 0.5275698846550047 0.5371438490294707 0.5960191941951821 0.616456208850639 0.5682213816442058 0.5723534588870631 0.5300935427882504 0.5226446908619224 0.5172621694461831 0.5233608630605907 0.5533365987755382 0.6371518153896115 0.6333454459745396 0.6791868496490753 0.7080272509873344 0.7424422643406278 0.7389563977575405 0.7157319215437737 0.7528369465421831
0.34013317013137645 0.31007155494324207 0.33406131734083233 0.33166490300989926 0.31657524277255866 0.2883565374759566 0.2689048803879398 0.26060339347087114 0.2660580488794724 0.2627503837368722 0.3005234417497604 0.30179165970392574 0.28559498084682905 0.31603630806380745 0.350621857453986 0.3636887129442842 0.4213223429657061 0.41165156578089135 0.4246276367372125 0.4478962260156669 0.43615567669506644 0.4476705273266172 0.4795530128182942 0.49040483372067417 0.5231049289777543 0.5556547465209002 0.5894626820239542 0.6254284522813401 0.5873231710760901 0.5653724371940801 0.5741761171390514 0.5254379760690427 0.4938274477456586 0.48857303450610645 0.5413244923580003 0.5811665863480846 0.6278174960077463 0.6500100688603254 0.6751703615836976 0.7312985918791102 0.709445085041046 0.6960724536829626 0.7342993782533604
0.325213401314 0.2969469602502139 0.290404050485543 0.3251644596305208 0.2897388789355274 0.25301926954721066 0.24172910945733284 0.22187318228810118 0.21376300926909547 0.22166624499926854 0.22667070465728986 0.24024459340384188 0.25517975589338315 0.251084300310139 0.33188084114195426 0.35079733709851507 0.3954881008130514 0.39367569133937735 0.40995388440260894 0.444000930423655 0.4451794076042087 0.4146536472277146 0.44274856744743235 0.4653670406767035 0.5278045711388714 0.5326973342992481 0.5877681812237329 0.6164473150995615 0.5758097185750386 0.5867735044534242 0.5323961921926451 0.5331626815517756 0.545557826770699 0.5097251822125257 0.544910890788945 0.5829608630977592 0.602986174684018 0.6802091948442753 0.6950300759145951 0.6966935970635832 0.7168160045974458 0.6954560216104574 0.7141163807214611
0.3136152763492377 0.32910090910380985 0.312794995069088 0.32158143027942615 0.28387688517752696 0.28913719614697264 0.26601621679594806 0.23527405272884136 0.2444281451992568 0.234416673602815 0.2398858966859483 0.2558790107134327 0.2643035639504653 0.2921680723092806 0.31628421428251613 0.3505390620559887 0.39289325282696747 0.3943999820173504 0.44778311922465525 0.44509898302212414 0.421856861887625 0.427776942248803 0.4686892976362381 0.47305522293324587 0.48923974392017594 0.5583272308482832 0.5800835649222339 0.6328594564295821 0.6234871678879468 0.6001059089335877 0.5482796655384632 0.5194118734107707 0.5538912356566671 0.5598006103782881 0.5433326213285993 0.5717592413889313 0.6281150097221263 0.6260393674389164 0.6640015064561385 0.6637245746595148 0.6936474910795232 0.6731949555020785 0.7110719287477544
0.3220382102607538 0.3026028311871199 0.3374981704596808 0.33365874840475795 0.3072427278203616 0.2956444579837861 0.26423649955802453 0.22313006391529447 0.21419741136098663 0.2306082269409979 0.24720686151429466 0.24410930966797856 0.30629224067433597 0.30587715943937277 0.3519932051053502 0.3343769124520563 0.372776004992774 0.38531275260168696 0.4554656258507488 0.4603739771288172 0.43191759032444366 0.4571000516295274 0.4719663351227068 0.4593307730688407 0.5194619532491178 0.591239974517713 0.6208572136781039 0.6234857292593555 0.5941420084105739 0.6120382386016043 0.5920514375574925 0.5328913890831118 0.5857330036481556 0.5739444349223395 0.5590288019843503 0.5928337640980087 0.6110663076885396 0.5987989088776013 0.6460295642284544 0.6416578376341382 0.6697375408499687 0.6578458888652671 0.6630956671151702
0.32044448591162755 0.3289729740812802 0.2885963211220381 0.2609720285402876 0.2930814892854312 0.286479449598774 0.2680561927164926 0.22915235572156298 0.27244454761972514 0.27690006419886876 0.2727457818448902 0.29391851813428393 0.3556975511563656 0.38330142943363876 0.37585415976268827 0.37005100469695285 0.39049633517540155 0.3821023448606294 0.43902714350935135 0.4550134510021452 0.44068576266436255 0.4588957202289679 0.4968349007101124 0.5115721012799787 0.5603925607833383 0.6100429215299753 0.6302941823435441 0.5876087237288351 0.6004190004492254 0.5791914352532007 0.560485085030225 0.5669017118691331 0.572145249786544 0.5651711809235865 0.5446026401448167 0.5541879935084026 0.5455439003475645 0.5472793251922652 0.5941706536021171 0.6151882215129708 0.6282693175493225 0.6512368446942916 0.6581446905225525
0.318871546534127 0.31299758948614026 0.2881355586415458 0.2302629505200249 0.24398703535313715 0.22342301850153057 0.2589751671123831 0.24176902954416885 0.2534758460960078 0.3040462794722753 0.35512676771917795 0.3655392942805203 0.3670463009774273 0.43228640458246603 0.45011537174181887 0.43640404521958615 0.42622085274636035 0.42459331887354446 0.4546865535552356 0.4045704898801867 0.42705013007122794 0.44546478978443566 0.4694244069669328 0.51627599606431 0.554259532985583 0.6042711272003327 0.6324382676320364 0.603092595951591 0.6079881656018514 0.5945315773871401 0.5791304511587306 0.5230627392400979 0.5455652491318864 0.5664141564920873 0.5627580360711428 0.5342551976020109 0.5234321864113494 0.5259460286429405 0.5764987748753058 0.6196131724918811 0.6380865914830441 0.6324753125227116 0.6007400242497976
0.3166875404048134 0.26802389450179537 0.2713641762879912 0.24722343112522946 0.1933022626173222 0.2237828454112558 0.2399503150019885 0.269955130977114 0.2698717207966474 0.3061532938642041 0.3680344495154292 0.3982173612485274 0.38607415785228627 0.40883909541069335 0.44784602732050915 0.41420540707169734 0.4255957917383144 0.43746696931785817 0.46312670168197617 0.42026278320401567 0.4730178531816208 0.46419168162124685 0.5088574381770791 0.5300679252849274 0.583901381593032 0.5724447461215337 0.6089968738978462 0.5891202206620997 0.5757582212293642 0.6153995434468691 0.575646588527893 0.5160989212083672 0.5217941471456345 0.5500684120316097 0.5633471140515645 0.5157566661743735 0.5291178640799296 0.5159793548011556 0.5495322451565288 0.56128370995943 0.5800118465507849 0.5718613764096238 0.5696567975547993
0.3325692152563838 0.2710836114314885 0.2755472187044179 0.20822174014354675 0.2009278411815794 0.1945956688315468 0.2146594108922219 0.24576913553688892 0.2887396604435915 0.33279926279361843 0.3643922192718375 0.38052818093190993 0.3889429593885279 0.44396934948021044 0.4575857936585447 0.44152208494516193 0.44718271480053207 0.47488227984950515 0.46395641260232295 0.4389226658618295 0.437924618821286 0.48934741869888854 0.5273107486447459 0.5362909192176175 0.5668437768958603 0.5717677617413089 0.5722991523731779 0.5700439413966448 0.5649110795309159 0.6022663195760445 0.5459817898035848 0.5292681576670717 0.557791616943579 0.5296153393153609 0.5463860091647754 0.5316410461471848 0.5081439592568033 0.5257516364712179 0.5098038033262058 0.5235858258833569 0.5515781773912192 0.5215179276013702 0.5329999805716478
0.3304025757505328 0.26515006952764547 0.2677693914410209 0.2354373157317576 0.17866467644338882 0.20989209416835622 0.20626299277856172 0.258184128667856 0.29712820219503683 0.3496378026545793 0.33894282982898755 0.3961166513176385 0.3800899873516308 0.44782056540771037 0.4708070427579557 0.4505028402071614 0.4603479361119807 0.46484282901396473 0.46120453570955877 0.4658479621818742 0.46106223026006365 0.5000975071747604 0.515482006658603 0.5560304265538755 0.592812828790737 0.5891224366800584 0.5889622336593098 0.5910852384421628 0.6181577174285864 0.5921007279916166 0.5913680348345135 0.5658383193613155 0.5814015145794968 0.5623891832199805 0.5192383397094813 0.4968594375219722 0.5234836816712921 0.5172212241163704 0.5249769856821356 0.4776391837943681 0.48257758421109664 0.5134777750835233 0.5396649432975882
