Raster_benchmarking/Raster/continuous/raster-12.asc
NCOLS 100
NROWS 100
XLLCORNER 1743160.2411970312
YLLCORNER 5469297.26180671
CELLSIZE 10
NODATA_VALUE -9999
[rows 57 to 75 of 100, columns 0 to 42 of 100]
0.5812694507362302 0.5786595337922519 0.5560763594442231 0.5237989331768447 0.538345312905437 0.5690157671672558 0.5776349330247822 0.5443243677984042 0.566882736726882 0.6200355704649735 0.6098464678701209 0.6283574889281854 0.629576362834506 0.6318591982670269 0.6179565657507992 0.5903784809276373 0.5971951772263199 0.6244507173169167 0.6480134743960086 0.6433173405750592 0.6041559702889948 0.6441384431186759 0.6154206349558642 0.6145264792707458 0.6247612862074343 0.6190106525219728 0.655271436721349 0.6197518425610976 0.6339441367916231 0.6284909430443638 0.5903692009824418 0.5854944708423089 0.5782034096541204 0.5270746236659816 0.532075908393382 0.5184445454945247 0.5053847068652838 0.49368367181650274 0.46540756006590084 0.4445405664175108 0.47824054375863784 0.5087214159013201 0.5547621863581452
0.6078142104962345 0.5673493793725676 0.5592038734509567 0.5673719399902388 0.5599372440185002 0.5769785708253204 0.5422714770666267 0.5656775408135498 0.5575638755569575 0.5842536468977176 0.6433253401970876 0.6449125918120263 0.6481413091047807 0.6342647573768915 0.6282224919215155 0.6052289924212713 0.6441909402037088 0.6652903004021957 0.6840149754552919 0.6609119364998861 0.6684210690026637 0.6679899808376545 0.6718866467258223 0.6681498283161091 0.6633581574593668 0.6411429850500622 0.6728840585704162 0.6463682167868238 0.6156997781690565 0.6068921315946408 0.6061283201018673 0.5940613300467854 0.5792743936688679 0.5680459661967163 0.5345843645651902 0.5555898174880037 0.5310246029504584 0.5232927250055315 0.478168231680852 0.4656744045790093 0.47297804096167717 0.5282093894638803 0.5450208676092515
0.6130179321873404 0.5594722083800624 0.5540467371697663 0.5476592333030688 0.5771142024415377 0.5696381220191098 0.5507189502695614 0.5768052736558152 0.5814229142908106 0.5673165156409624 0.6239625835174912 0.6190226420271309 0.6400088507569702 0.6079759214970106 0.6195287287258401 0.6205660925157825 0.6319095989653877 0.6662297345347046 0.6738547434472186 0.6808679976083089 0.6703789705472741 0.6751574195532508 0.6636959676782815 0.6671779073423872 0.6725572922015224 0.6807195087063653 0.7077093630659279 0.6858487160370755 0.6253771700046797 0.6300178428029297 0.6282746620750753 0.5906624427817955 0.5969559630796135 0.5851775301522618 0.552191165178353 0.5538742154247255 0.534944279460765 0.5105549757998744 0.508275057658325 0.5117422885213052 0.48052041824685066 0.5139774836721944 0.5406202666959995
0.615684436541386 0.5810569927537866 0.5500065796641154 0.5844205523138531 0.5534572339093785 0.5805377617751025 0.5635100240274257 0.5660552275622728 0.5698092236453787 0.5553114062634985 0.5822049124271077 0.5873105141555176 0.6253624367401637 0.6210380326830116 0.5887557203279893 0.6244723673440562 0.6287624231035143 0.6627537367760834 0.7241065596262755 0.7094829157258952 0.7202151079008192 0.711478454853578 0.6824194888396299 0.7052477024248143 0.6836679990504168 0.7085910719006386 0.717510256829997 0.6826878263172946 0.6541893700431889 0.6446322489781067 0.5986568905307703 0.6081680324657402 0.6076532676924966 0.6121573825198598 0.5989732539349817 0.5445802834337459 0.5266735878901976 0.5221904644006956 0.5086062157417024 0.48953736475169335 0.4982939085707807 0.4995457173178788 0.5192752055728369
0.6108767025753535 0.5848086438933656 0.5812115073823626 0.5978967467641109 0.5748189172305743 0.5630854220353813 0.5698151935168506 0.5933698925089569 0.5746472664012612 0.5861758259786181 0.6113472775293295 0.6054454650587268 0.6368585542586523 0.6383797473455363 0.6186241435675416 0.6440634360637302 0.6784163490253976 0.6992484247710493 0.7039563282746896 0.6962517554679355 0.6909334831866307 0.6948063292863378 0.6645471079015108 0.7047756704497 0.721939572835915 0.7219939684261995 0.6912474123436454 0.6996222600104762 0.6735640349835467 0.6315988197061086 0.6210318601536116 0.6384180388636544 0.6125966197398773 0.5966392518028525 0.5978538204494755 0.5524025340057852 0.5659680739177088 0.5595335047885819 0.564837511703716 0.5323785307411898 0.5418955089227564 0.5185090565771814 0.5095202952063643
0.6199227891197732 0.617567017465099 0.6141720041637994 0.6210541925238944 0.6086076852099156 0.597796065478169 0.5816921908059917 0.6090884001350872 0.6279116306679827 0.6304408776691465 0.6178149049862225 0.6028112078498928 0.6222859562241806 0.6372491934920643 0.6281430361599956 0.6380823078030379 0.6490588291238337 0.6771256463733752 0.716595379925262 0.688140324670148 0.6710325105452192 0.6536286252474776 0.6513191653030561 0.6866555590801677 0.7242175877738877 0.7221232601182187 0.7115603012077694 0.7107159015684934 0.6598116023104591 0.65616670761004 0.6402129925329186 0.6510357868528331 0.6534698140319679 0.631464866837336 0.6108075234708678 0.5981982791802399 0.5630541306183477 0.5678237019958062 0.586738749538491 0.5339455663809157 0.5220922865003018 0.4947029933551965 0.5006360267806509
0.632631735351755 0.646119848843507 0.6470513218528158 0.6437135014978739 0.6349150316902511 0.6295300268494141 0.6044071476689791 0.6106552739751773 0.6082179256962443 0.6257698397491812 0.6661272421515512 0.6415043536716732 0.6690090919824924 0.6800255542095393 0.6613557666950867 0.6465001230983571 0.6920851175525209 0.7163394614534726 0.6920406926071795 0.6805044295043315 0.6639063653038777 0.6817797519627736 0.6858894668120027 0.7228915013843035 0.737917116966251 0.6910488307596119 0.7195570842136245 0.7083033967224232 0.7131870355209547 0.6871089393001262 0.6569076733237658 0.6626137029288917 0.652694895690919 0.6648152677622094 0.6458102250788189 0.6413397088764677 0.6052159733045449 0.5953926317818674 0.5726489351307037 0.5569730676098068 0.5075128951322122 0.5058730626224066 0.48920953066459466
0.6910192055886232 0.6787157885416868 0.7289847046354199 0.6828679741693182 0.6794044614775238 0.65666272758466 0.649267170177548 0.6368683583234099 0.6613062283227467 0.6795104084480825 0.6924917684182398 0.7219549751774527 0.7276432746481548 0.7003881757989417 0.6754637313012317 0.6810349365996382 0.7279454358393563 0.6888768604030842 0.6882365988664488 0.6539651986086933 0.672076786251629 0.7130139090990241 0.7461834465034953 0.747541975125667 0.7322495020705337 0.7104656952065432 0.6907041123161294 0.7137468008350615 0.7071036111675298 0.7018871659658622 0.6941442484630697 0.6590753094318087 0.6689439377037742 0.6702258647735533 0.667222616047313 0.6370100202177162 0.6376639169507679 0.6110030869447484 0.575998827431569 0.5217691123127582 0.5133506335386869 0.4821410981689274 0.5005514623734302
0.6794708634931309 0.7306862479033788 0.73740842510895 0.7073007693432452 0.7110749480886404 0.7200056741813208 0.7017178276508946 0.7200187569035713 0.7117110053661896 0.7009152704926381 0.7185276580975443 0.7405637926686697 0.7234278311121726 0.7387102855586313 0.7381969449267363 0.7254947452714402 0.7317958589773185 0.6922358761570805 0.6802105212852113 0.6712433885808712 0.6724964071436373 0.7334016294036039 0.7224919370640415 0.7232262493541598 0.7112607600813069 0.7305531047307591 0.6839564910950361 0.6900414290969866 0.7204010787882513 0.6793976920711663 0.6655324716870811 0.6948910710813917 0.6475486700680155 0.64322968011952 0.6643710113519841 0.6388172145003952 0.6137266643576499 0.616827134658367 0.5796512804999582 0.5371373103829792 0.4996356052523511 0.49643955118930355 0.5017159062936476
0.7378435430145611 0.7432508693215395 0.7753296998757725 0.7424255938121782 0.7347826971715533 0.7550954393901324 0.7687632653456757 0.7161269268871223 0.7027683204297828 0.7499702347512831 0.7677392402467811 0.7557774384191817 0.7832265490726917 0.7556140482474212 0.7468859924085394 0.7430107687114449 0.7471197314740998 0.7030474861436262 0.7033126710338138 0.7125859321675119 0.7064575440905648 0.743327729922569 0.7666196630697846 0.7386619155121846 0.7295649703003838 0.7460998601472246 0.7051591467622824 0.7292341009240016 0.7211115459438032 0.6935857373163578 0.6703909480463466 0.6645892943878494 0.6520987642051045 0.6730898704817296 0.64836386410138 0.6261384116537986 0.6182491850587258 0.6230800704605046 0.5824523289371762 0.5584714010616182 0.5391626248704992 0.5014045985400887 0.5136212424529242
0.7154244439535452 0.7473345672902714 0.7722250143120382 0.7667628255233052 0.7691072015754941 0.755222892323048 0.7490875114386061 0.7466796074485768 0.7474813958782934 0.7319764352152011 0.7441752244507076 0.7871079226032942 0.7713687608169472 0.7350273451519139 0.7581895956997012 0.7373796407212941 0.7728809019828414 0.7466146485020032 0.7160754171040404 0.7212123191958361 0.7485233328200265 0.7453742955520744 0.7690473466836697 0.7731817039856979 0.7434191377540325 0.7363027669069346 0.7152998293992835 0.7251034955200101 0.7221156608350476 0.7319023622139061 0.6957575646243743 0.6889313873250823 0.6658938785230232 0.6763510457829452 0.6810553349568028 0.6656007656468241 0.629677664073161 0.6354259718560246 0.6338653744492398 0.5896729217822081 0.5941681350423701 0.5391527358351673 0.5608115771520019
0.7693099391030999 0.764296283888346 0.7346862445288913 0.7405365172040264 0.7388385622250263 0.7420077333149344 0.7409949157106452 0.7407832081941942 0.7417203539925209 0.741990484410703 0.784084499774336 0.7939107559354749 0.7574577602289619 0.7570525258511821 0.742073416378652 0.7887434395624788 0.7929994779429739 0.7754248170839703 0.7731997367696655 0.7600804459338288 0.7824505158961554 0.7572967100276274 0.7674933243966718 0.7897275112976625 0.7960029895574635 0.7629269457432589 0.7803420643693232 0.7679827156680635 0.7666639565216213 0.7572002990001834 0.7610893745296222 0.7144177106299288 0.7298826178536045 0.6909643548819595 0.7083198417891398 0.6935525989505628 0.6837910516885579 0.6649626109876536 0.6823263240847608 0.6378138390987176 0.6135429275182934 0.5890998871390233 0.5625785632958478
0.7676469440237002 0.7648056045168008 0.747562746862732 0.7359529574969399 0.7321788609898046 0.763971556520878 0.7302318060561924 0.7296996357556281 0.769561838313982 0.7860245176846126 0.80485965092013 0.8016429256650516 0.8007596957507086 0.7713508728777193 0.754652208380098 0.7871697592479063 0.7737810775422462 0.7738854343871786 0.7748359392763765 0.7733734270490988 0.7838090887383086 0.8146054087538519 0.7898921376043885 0.772968257853592 0.773869780485544 0.7997533093312857 0.7941735234070839 0.795251315154784 0.7512136173003994 0.7300122249822346 0.7359507439593094 0.7212531605395026 0.7098692674345591 0.7209479675206628 0.7380798832151841 0.7042345424125959 0.665791395708721 0.6799298165215121 0.6932666791936403 0.6637041547141881 0.6421142388155219 0.6298481431399606 0.6112369438191644
0.7419876646250523 0.7692029284120765 0.7948494694048857 0.7822954712666911 0.7643089095852394 0.77397407871314 0.7489735679523962 0.7430900465830899 0.7613781658495338 0.7959230685440718 0.8284714122911484 0.8320152700623176 0.7988168249057375 0.7948319825759965 0.8006337910873206 0.7886162536839931 0.7843517361277034 0.773766988777884 0.7907580116577473 0.8128925237422379 0.8149752880319282 0.8199890138317558 0.8049188439339593 0.7856655277342239 0.8140533720412247 0.8294364897939629 0.8214852054361609 0.7965047386493022 0.7294382464133883 0.7494968516127762 0.7415996552894519 0.7076579000157783 0.7112762561770198 0.7270247510232574 0.7332978047247789 0.6986969190288136 0.6824723455165497 0.7103252360997009 0.7242315238526442 0.6660912978466339 0.6525157379400489 0.6675803592670082 0.6031762008985166
0.7571732057139225 0.7892283876443628 0.785859002882242 0.7989359972616032 0.7847473983251881 0.7810004759273474 0.7662218778286287 0.7702529425985681 0.7679825864978024 0.8018150108340504 0.7906509290960207 0.8056619589370709 0.795845651330543 0.7659135924807017 0.756984079172898 0.8011508318234067 0.7664831159135754 0.7758558352581324 0.7574600869927411 0.7850377159865177 0.7872637726539871 0.8074515737834649 0.803663044543758 0.7915258046934771 0.8200134340681441 0.8104216617694643 0.811361381016458 0.7669242790000138 0.7230394583393002 0.7399949803443104 0.7364610568758524 0.7260144392832297 0.717425762706172 0.7504020378768786 0.7496867489276514 0.7380800699091333 0.6965915538426573 0.7263528782659691 0.7411129794640726 0.7104720906977919 0.7145889835346678 0.688505970561327 0.6764776901978844
0.7908215077669078 0.8073790692786402 0.7977481877052841 0.7896913379078095 0.8198575000717057 0.8143586976853874 0.7911276415830382 0.7981071455232159 0.8324512414684221 0.7997235359750764 0.7650244928654354 0.7668486137464403 0.7660544593855909 0.7513931920721628 0.7465113119984672 0.7590915015804381 0.7782172801978556 0.7770985736769532 0.733703084718299 0.750171836134455 0.7624186037093127 0.778189225307253 0.8035408985511692 0.8134375077345788 0.8001275382163293 0.7814070548172688 0.7780066170367358 0.7227620461789391 0.712058880708172 0.694593902679795 0.6991727046246771 0.6990942789033965 0.7375199843226025 0.7538558562650644 0.732951133764346 0.7329906769995224 0.7144444766559189 0.7265444337996164 0.7070751543356075 0.7174001337187277 0.7349826855147157 0.721604880939849 0.6928733412696795
0.7789967465501088 0.8066575541410649 0.7871090768408098 0.7872714551322774 0.7803109717432591 0.7789546537142106 0.7876470125647234 0.8227718361623204 0.8312129371234743 0.8043533188195793 0.7678543239647072 0.7841018482559112 0.8012842774361717 0.7583968797952509 0.7710663137315579 0.7523667487886315 0.7574431717599929 0.7289574531331443 0.7197361976514285 0.7299513389955253 0.7186854530322409 0.7314942612780088 0.7530262608282394 0.7630876557955969 0.7326581149125728 0.7511597434043277 0.7322067601100748 0.7286145073894508 0.7043041217171971 0.7210379476006631 0.7355895368896908 0.7286805433626362 0.7075956522964273 0.6987311868776499 0.7139234434324745 0.7191197471089424 0.7406069469400763 0.7156918753550272 0.7263840628386663 0.7366771587335662 0.7263547443502797 0.7230393677298831 0.703831117449086
0.7975715199359408 0.7772631860792842 0.7908616942357327 0.7773967882915769 0.7649706622995933 0.8185351582947794 0.8267591325234629 0.8249221756017792 0.7947124304702079 0.7795380381051117 0.796048317823794 0.8182764061498485 0.8160225509552835 0.791538996892094 0.7476311966756893 0.7334267254136134 0.7030414297970484 0.6846408660580605 0.6787353981048081 0.6748262804951131 0.6934524387538028 0.7305529658271668 0.7488685606675118 0.717320428414768 0.7105232192971964 0.7054799060729388 0.7167252408951218 0.6900680696499237 0.7154178915602628 0.7466181014783132 0.727275659392079 0.7309729580203708 0.6907209584198047 0.6898200289883901 0.6852102320674677 0.7145905107449874 0.7245043851445603 0.7233782808976099 0.7480781633472041 0.7402773058109784 0.7726605376189374 0.7282619623219679 0.7214453529265785
0.7693417983286226 0.7726940595097824 0.7830178640524084 0.7826211473441729 0.7782015614727578 0.8093615476202144 0.8145824872467162 0.8150632700386813 0.82751784878876 0.7919878689001388 0.8056192350420059 0.787821955445829 0.8133125937887887 0.7941972989839092 0.7630097027205979 0.7357351831617219 0.7105663918067647 0.7016659222018448 0.6995350937015237 0.6684722081272434 0.7044109197303117 0.7101393253885717 0.7142384051448838 0.7174277247290719 0.7375850644901609 0.7154120599565563 0.7344090602375756 0.6948197318534716 0.7051343962653924 0.7467363895813399 0.7277837973901875 0.7113081683938808 0.7097040536336121 0.7298492189882244 0.7307887509419284 0.7035926314138651 0.7132274472553836 0.7588049291734269 0.7382015575786702 0.7434748777512951 0.7486829940080293 0.7492826465893926 0.721411490955357
