Raster_benchmarking/Raster/continuous/raster-70.asc
NCOLS 100
NROWS 100
XLLCORNER 1743160.8600543046
YLLCORNER 5469290.290993013
CELLSIZE 10
NODATA_VALUE -9999
[rows 57 to 75 of 100, columns 0 to 42 of 100]
0.9585331450341071 0.9716694783694036 0.9615078098581052 0.9344648607850201 0.9347251987551813 0.9033857883492309 0.8885156127238117 0.8544947272503322 0.813937383752588 0.7625780160845614 0.708004430774587 0.6870354442149625 0.653284011445723 0.6376329612057143 0.6061701721528693 0.5730432120424543 0.5775724738070526 0.543311067779248 0.5223606414837122 0.5272482352291085 0.5473226839183147 0.5582545290604108 0.5218775020283507 0.5283276291116729 0.5171590592031519 0.5396635001083843 0.5072325534495797 0.484167996621133 0.47186056892532946 0.4955635559211718 0.47584389416300626 0.42084756738509727 0.43335384128550974 0.43150036394950647 0.3812309721356094 0.3661432236964399 0.33737815967577034 0.2970133577676115 0.2678138712608907 0.2354338590894807 0.23184231767431637 0.25436283503176177 0.2482778264333912
0.9755899587606437 0.9699143517970749 0.9595588553278136 0.950110898167909 0.9289599056498288 0.9061808934248868 0.9053271840929372 0.8855988580269624 0.7974833548045016 0.7678209885748885 0.7739890466806666 0.7269750445761244 0.6869432691225353 0.6385940074017837 0.6311330924616761 0.588690510735451 0.5671787532600666 0.5398877833040435 0.5392705561415054 0.5738174168844359 0.5588851544709313 0.5618960539045453 0.5520914136513354 0.5395449149967017 0.5005802515181911 0.4859086431862762 0.49785781820110026 0.46619667497281897 0.4358037911231816 0.4185953771297618 0.43135954640725876 0.41226645472788864 0.38361000172348236 0.4081189415632321 0.41461407845335096 0.38792488481914134 0.37161971890870393 0.3176152805251603 0.26460271263036866 0.24789880162943503 0.24851743907719429 0.24944829295458243 0.26054142503778194
0.9494978371029056 0.9233946362687322 0.9781007910460416 0.9794993530587678 0.9598113098746256 0.9450164347991388 0.9105087564826749 0.889520344002909 0.8245013651948482 0.782739186720859 0.7781467088823457 0.7573012003285676 0.739279612194025 0.7051108025002376 0.6610596509504494 0.6414254464491015 0.6135158427929759 0.5865043314926756 0.577042325373572 0.5990196774031306 0.5351945502414241 0.5076956812559 0.5459309322420317 0.5235777748460296 0.468280120122267 0.45077256784362807 0.46081414000060633 0.44508754672392253 0.41591898621603457 0.41726859086479157 0.3939006754135298 0.3661363373275084 0.3692318461806114 0.37125298718425825 0.3945364080116698 0.4083279938836061 0.37069507006474295 0.330100496233016 0.29642320677023576 0.2901214847185011 0.2271733065240201 0.23320443930757784 0.2693030477476532
0.9162483405977649 0.9400745786718352 0.9475793002778989 0.9541577252784091 0.9370215872114388 0.957184597517959 0.9024967795100249 0.9145770830690871 0.855698358829396 0.8163031151088033 0.8230491362530947 0.7955747149923403 0.7534117300275273 0.7463503528038931 0.7006953060967345 0.6410393024245632 0.6123596881849638 0.6218110187091971 0.5954994981282156 0.5962939828552722 0.580783536007356 0.5016166375931583 0.511286116528552 0.4607658594913091 0.445518848574526 0.4613170041750096 0.4427072707613815 0.41834103570032644 0.4182603763193518 0.3818019343668773 0.3595016076732841 0.33679922558538816 0.3811409487899529 0.40622739558627685 0.38065094158283147 0.3796379223061381 0.38577063473165435 0.35973621787430676 0.3031535866724766 0.2902514297228427 0.2406026950254484 0.22829995001710202 0.23845510522217933
0.9387631284605183 0.9372096046665748 0.9375841730846091 0.9446796452179856 0.9390082553587473 0.9545231548588231 0.9065692508468426 0.9078888981419578 0.8687155073096835 0.8238996330491417 0.835654432769922 0.8438523380168745 0.7869313233676002 0.7500250041344483 0.7213946355686359 0.6804516741781961 0.6627514277365052 0.6166100727260984 0.6191558096431155 0.6061496961965575 0.5397484247214426 0.5114511986281666 0.5092535194323355 0.45024286003099545 0.4342441571887559 0.4232457365954046 0.4509333535368603 0.42330225684994854 0.3993577211523643 0.35793073899464994 0.3287563430902763 0.3361297516865805 0.37224403902684655 0.3931433368775388 0.4202484081259374 0.41874967937670515 0.4030001283419296 0.34995676776590573 0.29890406869953134 0.28096342150660736 0.24069078892901385 0.2541612117239725 0.23632778400616694
0.9261742475292748 0.9162585553015189 0.9325331408751076 0.9688150299061269 0.9701153266018656 0.9497507538708306 0.895136633659833 0.9008744947158007 0.8649849427920616 0.8559363612628462 0.8412522332113417 0.8743066378104393 0.8367103896853153 0.7801453662389107 0.7651589641539555 0.7053287910867398 0.6761825668497091 0.6192620611214199 0.6263418784989142 0.5925044974025191 0.5592749686251082 0.49581574499060116 0.49260704918811155 0.44342444778433004 0.46627541332880545 0.46798110535350695 0.4482611022151553 0.40779913178744526 0.4053801949737663 0.34705045148525215 0.3518276210210809 0.3486463867234043 0.3587569173301618 0.376649953131449 0.40681627685125393 0.3701191770664226 0.3627100207355608 0.3380348889931418 0.29779149685445944 0.22750287128508723 0.22443705076383558 0.2225022411261363 0.21402453773737015
0.9143729805009247 0.8920104184890614 0.91512776258899 1.0 0.9771852331967877 0.9275872183711843 0.8972340753455412 0.893558823014266 0.8702076153345875 0.9093582705500792 0.8696865962970839 0.8777695677504489 0.8072976214460954 0.79833267707989 0.7813652990657098 0.745473123729314 0.6821526637047138 0.6488216890022771 0.6202682555740984 0.5269569720986003 0.5079666673314981 0.5154148208574303 0.5009548048022042 0.456907570843514 0.4681755880243315 0.45220455551017585 0.41265954146062445 0.40914351367032786 0.3944282453204399 0.32767460097968376 0.29993370749089626 0.2887085066460674 0.3405664271578377 0.3715830899867504 0.38093245555399696 0.3491099160534725 0.3723411253486014 0.33327154014573845 0.2808394744292839 0.20744738919382713 0.22706797551209126 0.2514105113125771 0.22560801606784733
0.9139549678861663 0.8699400953180955 0.8907330749479789 0.9307905219433658 0.9079209930209979 0.9083456072935228 0.8967510646875155 0.903618662738739 0.8703836549708888 0.8577771189855534 0.8808503722451247 0.8597654743140952 0.8218244624259969 0.797780114093658 0.7671321885015701 0.7095549881688004 0.7007169119910034 0.6522567841633405 0.5728589380634211 0.5280674526719625 0.5385307671456623 0.520069674109192 0.5054963315903503 0.49168096096822095 0.4448814015485026 0.4209646529746698 0.44425139249034024 0.39301222495292487 0.39349456467576954 0.3237646907140929 0.31768733436032937 0.3146721255229611 0.30792385607340383 0.3305047257374852 0.3291360921365601 0.32302633562761107 0.3511462998719683 0.3268723076981242 0.29313636942600274 0.23941097456501742 0.25311951086545453 0.27236489282184745 0.25290070964430444
0.8977953938963449 0.8876671046223904 0.9004208776453826 0.8811312560525065 0.928991800199413 0.9279022817672211 0.9234166379887396 0.8798600558130107 0.8640235072899819 0.865625113572245 0.8649609889396909 0.8151545539680555 0.7880009786244478 0.7787623531566887 0.7665425708719319 0.732442216806707 0.6659612056324608 0.6575635303306895 0.5676087697312172 0.5483878621329984 0.5244041104611106 0.46749787193564546 0.5045839651846773 0.48977852879072636 0.44693002424310674 0.4290286753729035 0.4362706497560364 0.4100921045478236 0.36295036144105786 0.35070572075534096 0.3297695449799258 0.3321119820432206 0.34781989614210196 0.3415563938199037 0.3415207792847743 0.32666152111461605 0.34859408861655017 0.29033081031365554 0.267698290066632 0.2382123108344854 0.25738498447557395 0.23311880417707737 0.22552450430829116
0.8551597066312349 0.8800042228533398 0.8670505804860943 0.8945550520920088 0.8921676181686906 0.8833085737058519 0.8949546914076775 0.9054032029114008 0.8933022430866726 0.8492296559074356 0.8047137251062485 0.7710193820071748 0.7721525314010532 0.7244080706411168 0.6920923983609597 0.6984500899753394 0.6569737665735881 0.628198241935031 0.5942455000785294 0.5748797520535599 0.550549858728039 0.5212918645759118 0.4739734291575423 0.4487880889436719 0.4556048695707844 0.40274067424501536 0.3904702193347394 0.4104168498128538 0.37336408955675304 0.339978499562229 0.34608070539136115 0.3511634964156366 0.34284218584755416 0.34054666407859524 0.33759656874252253 0.3576957493295128 0.32940387050872405 0.29884326168883113 0.2763118399978132 0.27717786492938673 0.2515697547352377 0.264244303839208 0.23830616449678932
0.884751914649405 0.8423192662960978 0.8549026753124357 0.8729162935055841 0.8789858867798601 0.8945623624892736 0.8757990298071783 0.8890366109063976 0.8491075294085618 0.8323937053763356 0.7721322914094728 0.7819675154243794 0.7729030633945686 0.7178974369957398 0.6699011168337051 0.6390570043713077 0.64709509276495 0.6029232548957996 0.578954215378707 0.5991753745970722 0.5305730732905488 0.5053102926864765 0.45468249225331425 0.4307157351654654 0.41663483884022073 0.4061652907790617 0.3901719147343492 0.3889803772440996 0.3458639409602736 0.3571646641030156 0.3382922133095543 0.32990699776315907 0.35781700332094796 0.3303697363855529 0.34225221979371134 0.38277497647855446 0.35557178243574566 0.3001288329774843 0.29206163006861235 0.3229173759060849 0.29472257597007956 0.26404681382951006 0.25734050950996273
0.9158183133724042 0.8495475216415745 0.8442153008013029 0.8677861312268601 0.8510066310848013 0.8510527789172511 0.8801982735286209 0.8476478417670076 0.8517663103714533 0.804725599880608 0.7778017721525032 0.7663406148720726 0.7427739367817842 0.704205625124449 0.666909585674608 0.6556099427250872 0.627747677465765 0.651531105124553 0.6273025109544867 0.5796582115428152 0.5251468408392599 0.46371502737144044 0.4600679212136228 0.39162665419436976 0.3786545703948347 0.39719167674895633 0.3925218681843138 0.3857000091108458 0.3552125123078748 0.36194724106191456 0.37035929766911496 0.3451354829724388 0.3720327129191499 0.3346698132852485 0.3679996330300145 0.35734514872935275 0.32013488492329883 0.3277827873916889 0.32757654225936916 0.3212512147698607 0.32138057855852326 0.28505768829711087 0.25247365713612485
0.9346423628425164 0.8767590732976387 0.8624243555782903 0.8925424898558288 0.845144305349199 0.8363048806680207 0.8410736822042509 0.8701188215730151 0.8494856264462214 0.8437083247663433 0.7906240788518892 0.7623507938408086 0.7664974922353239 0.7105982400247317 0.6712774698744327 0.6578783806287897 0.632778203053156 0.6425826744715302 0.6111233750494816 0.5843924200771496 0.5334923084679314 0.47252104075598245 0.44469537233284145 0.38711573899468577 0.37112522104703854 0.38713097187218626 0.3705454995483652 0.3358798950222088 0.36997997598198995 0.34018420993882637 0.39020226464783314 0.3870877835655586 0.3866050327030071 0.3437316677013207 0.333539627229426 0.30897156687520777 0.30176939871075786 0.31406756077003994 0.3107245846618198 0.3364006296415476 0.28322675780351925 0.2648109976523766 0.29451950678057204
0.9310709504643084 0.9183991394006178 0.8941606809347828 0.8426160217276747 0.8535440732029888 0.844078067369563 0.8699165308516406 0.8581603292244175 0.8817719598437596 0.8273102013174483 0.8134152449303071 0.8102502108197736 0.7722761994112308 0.7431729746215316 0.7185760764478177 0.6720007351822737 0.6774245652628834 0.651545874498088 0.6267452952573803 0.5710796214773469 0.5506940762418209 0.5108926110818103 0.4523581520335904 0.4397231745686367 0.37763797560609924 0.384989743787881 0.3436171073864544 0.35505732440445276 0.38346288776051934 0.3808536100414173 0.3767758760299257 0.37336768448620467 0.354603366022286 0.31735203431926573 0.3176421871860541 0.3261471925388754 0.33956875802962083 0.34128462115437846 0.3315098841434959 0.29200904907051944 0.2805284657380185 0.3008714031038375 0.3059485583696117
0.9537148845328414 0.9252011768121975 0.8783570273643291 0.8064981704358044 0.7998394444179218 0.8109749918566604 0.846476971566408 0.8629726279945369 0.8672825384262091 0.8534178245639389 0.8653933136593664 0.841059308586598 0.77931040813862 0.7343730509575879 0.7163245967107869 0.668885954210107 0.6932799098462652 0.6722880900190494 0.6219847482902655 0.6025839591034623 0.5505540196500908 0.5168700031747371 0.4756788007635637 0.43396485344114677 0.417913917882713 0.3813728220328208 0.38268962471023665 0.35819792491673685 0.41551552591206253 0.3939522460776101 0.4040572851557098 0.39497642307728004 0.39836332774482675 0.3443702010425263 0.345951691624744 0.3381590000745363 0.31437724497424324 0.309603867014447 0.290372590678892 0.2985062163121619 0.27004286403278593 0.306226177572678 0.3123326615868642
0.9243005389492807 0.9008172724694159 0.8634534101459437 0.8489964556011198 0.8222803277751628 0.8238655288363326 0.8492458056039371 0.8691302807126731 0.8578885141379221 0.8366874489853977 0.8664876107791848 0.8505605784445135 0.807161956071974 0.7369564323850185 0.705759336578589 0.6762297111180487 0.7078522307793579 0.660430737514016 0.6279848749729797 0.5949026998870005 0.5813951756945983 0.5291886585187291 0.46672645923869777 0.4429558480960595 0.4395980867467596 0.3934626219032942 0.42303109298929714 0.4312273481209829 0.4247662817337735 0.4307595246170886 0.4025051205642191 0.3968418313329197 0.421205161200769 0.39615399228053466 0.3596937766758651 0.36182814788439893 0.3342083886387111 0.2789686140099147 0.29799605400561435 0.290545505376903 0.28997557258857104 0.3059370263047307 0.30481347376320145
0.9286142956442064 0.9489830014905604 0.910425168328768 0.8788791918763159 0.8476484201426734 0.8506873061642064 0.8561270468538205 0.8361604883451592 0.8731357063767624 0.8625808299663754 0.8648887407320829 0.8417499488232 0.8217979965316322 0.7745662361596884 0.7283362560091625 0.7108097749115021 0.7105720423694849 0.6850356031290805 0.6414042186062282 0.6431846204229246 0.5753116478703316 0.5357983530393892 0.511936895253174 0.45208068178996863 0.43609995136590557 0.419336361746494 0.435869555502823 0.42777845135626735 0.4519949312888769 0.4550319492291612 0.44446999104240703 0.4457871387790811 0.43604015457351775 0.4129425840428015 0.3789003668330989 0.35853369623667153 0.30890711202405824 0.2796698203709162 0.2926584388651043 0.265160272083983 0.25750530879683536 0.23525758894545862 0.2893675996919732
0.9187172145571868 0.9201281445443363 0.9124077765277421 0.919486026601141 0.8981959404732827 0.8755986150768594 0.8816517537032641 0.8516609417148581 0.8410298147133672 0.8481013327546646 0.827443764646562 0.8371679079155504 0.813879928330279 0.7774427221539686 0.7191764462265459 0.6884491969375869 0.6709409843500349 0.6690081702183777 0.6519843955844926 0.6619419769961823 0.621759970105281 0.5398596487203732 0.5396527439888097 0.5234457669083213 0.49152083572973465 0.4721039121949424 0.44425347090742684 0.4379472277496348 0.4779820902827878 0.47130432208806294 0.42991493223981464 0.45831577492419157 0.43111657684626215 0.421945073408323 0.3784652220840147 0.33031909868841763 0.3035908622618359 0.30716833404628396 0.27127567125432667 0.24481555277339528 0.24977802902212062 0.24710537318063985 0.27339658188095967
0.9355162044518517 0.9439691101104327 0.9266808378463447 0.9255887462155462 0.9320259515305498 0.8851106813237763 0.8855085756416259 0.8699814161577446 0.8446306655877799 0.8495598581506577 0.8246003642582407 0.8378654475379294 0.8155314039771805 0.7784402042469933 0.7272956781565226 0.669441495198841 0.6849210250479917 0.6303974164063846 0.617426900679818 0.6306489549794181 0.6280695315167696 0.5700050903161105 0.5328964928842039 0.5425055829089731 0.5412564894318939 0.5223291380821918 0.47831609984692086 0.509826768948853 0.4949663197407121 0.47596004802049185 0.44854752482837884 0.4367630335033041 0.4251107940157736 0.40377545605747 0.36529329765988156 0.3537674424713174 0.32096079722775295 0.3131254263955449 0.2511911884339195 0.2419267814206261 0.2885469127622976 0.29100393563627097 0.25892620892724294
