Raster_benchmarking/Raster/continuous/raster-435.asc
NCOLS 100
NROWS 100
XLLCORNER 1743166.820725093
YLLCORNER 5469296.332312629
CELLSIZE 10
NODATA_VALUE -9999
[rows 57 to 75 of 100, columns 43 to 85 of 100]
0.49390158359597003 0.4567005891905339 0.45402637360583004 0.4474360413343586 0.4742378340096673 0.4460086890845332 0.44918300535783345 0.42613571490028196 0.3901697125725562 0.37657911426027196 0.3792834910053083 0.3699648697532367 0.35173432780915054 0.33127402268949835 0.33515381386883625 0.3324780196367213 0.2910228603281186 0.2690388338892159 0.25728127430081954 0.28001914499834313 0.26077473780263805 0.28053657946784905 0.28279874751132356 0.2870361512998928 0.29079370601271853 0.32216291779822676 0.3148543111108722 0.3104837372850859 0.28804216237486163 0.2650504708555068 0.27133759277524366 0.281916150838271 0.2610229125920021 0.2502876241214078 0.23040227755555492 0.22139077082250727 0.21558855701972326 0.201001874529345 0.23558289669549576 0.2518625145150422 0.23227061044920672 0.2557155877776179 0.29216882238499314
0.45535216246489074 0.4085025317558856 0.4039313239210096 0.40416837150346996 0.4323695339060122 0.42250054345039817 0.4015130554447225 0.3960029334435375 0.37125119658308775 0.34514623546558876 0.3287712433712782 0.31461349934443555 0.3181652641958 0.3364664926786445 0.30737877923827395 0.320556544126443 0.2821273696561318 0.263440418116447 0.26079455243775584 0.263932575395139 0.2590995965356045 0.26855871326439795 0.25457517059300816 0.2566566105572042 0.27368126493814315 0.278559695023341 0.28395850172999043 0.2725484936514085 0.2732143583114988 0.234543223240169 0.2278467522092005 0.24984226835702422 0.22856384031690083 0.22354018363711556 0.2117528368142853 0.1909701413655192 0.19539430896334026 0.19357955630831386 0.1783886134146679 0.1998471446742152 0.2348012840125471 0.2398229082623228 0.2651810095102901
0.41912404636469824 0.3694353934214554 0.3884025236967062 0.3838437880479777 0.4042280141787212 0.39711545937715304 0.3542476868032148 0.33317340050904215 0.3364538539764329 0.3558658322005423 0.34113934894412135 0.2929045576175757 0.31497384303980275 0.30807701680160887 0.30810100982481836 0.3117761962238066 0.27973891208356455 0.25401174414742506 0.26679700333764506 0.27234400314392093 0.26668666029378413 0.2548171486057292 0.26029859761278684 0.25544553933029457 0.26520777710035714 0.2546574878844335 0.2686297875623164 0.2834079436547792 0.2398456980394957 0.2132460738651725 0.19642826783020656 0.18266194585903892 0.17910069071615722 0.1991862868335064 0.1825717878829564 0.1811583940497938 0.13864252218462902 0.12354119810937407 0.15994849399774494 0.18536588002972781 0.21058514494473102 0.2195500608901927 0.20756861260680531
0.3636304240970197 0.34504951562546565 0.3701588091844723 0.360835209547439 0.35202963431421486 0.3674596980386164 0.33188109346679306 0.308700626599292 0.3274481309130344 0.313912378580679 0.32189648598566073 0.2833938600746297 0.2934301020517276 0.26398201154100975 0.2858525737077537 0.28546900143567233 0.27598522362516487 0.2607883817587843 0.25136005546599216 0.2493874037204737 0.26384326362693217 0.26603578997954314 0.24789819238636396 0.23132421355001923 0.23724515841801969 0.26502153668385736 0.2696736189502958 0.25588705686721686 0.25408857555629943 0.20644105093521914 0.19448185086423941 0.15931706555025177 0.1512111266039025 0.16948390893488077 0.14488555381358156 0.12759395968442025 0.1336494772138849 0.09871656838816179 0.09427252052138037 0.12157211917689958 0.17549976298884482 0.16808036137813373 0.18213670562550102
0.3361966489970922 0.3290911631978938 0.3279829978997041 0.3544948635938648 0.33675521695254423 0.30825132071486905 0.29811855818577104 0.28949159794072105 0.3010521594448065 0.31349005340958036 0.2777918170654915 0.25433850747720094 0.2566437351576009 0.2498714930750952 0.27039076348923585 0.258241422125937 0.27958925098327825 0.26861681785024993 0.2661946907303687 0.2542904327798873 0.2463995483918078 0.24844369352563195 0.2296474541355877 0.2359677636788762 0.2388371951140528 0.27530403125343933 0.25497251560908724 0.2637088403291095 0.21311859134150551 0.17898368001825077 0.18313716317198997 0.15700133215186024 0.1259111654333759 0.13263692826780643 0.1045902280777789 0.11588533114241663 0.07633928510977218 0.05199175993283535 0.09379650887731918 0.09182127837856689 0.1050570334378723 0.12449197781139919 0.17825441267767064
0.3254620156321409 0.3409017566810047 0.33146028731104193 0.3533012291731269 0.33265377035873717 0.29897713546408217 0.2909041434080161 0.2993513942749951 0.2801800965896862 0.29560194366330106 0.2826118596284904 0.24969512378777486 0.2706888692873347 0.25327794749506416 0.24219574304595073 0.25592475689182365 0.2442782430669012 0.2437428407732211 0.26807434111676753 0.2692473487324246 0.25738867808093085 0.2606432467542156 0.22771171162269666 0.2273708747788357 0.25309820357375395 0.23280816261511342 0.22675463845991303 0.2285582849491799 0.1973554339197539 0.1555548292725137 0.14358484437203808 0.132935785462226 0.10294003850667785 0.07423369828887401 0.06601384475803664 0.044313525404272316 0.038783933188577646 0.06114982225907807 0.07715168820740363 0.0831227775082569 0.10511892697185518 0.13631683898604846 0.1631298409911544
0.33540056935326457 0.3156306263184404 0.3094589130673788 0.3113523476761426 0.3368411715699023 0.33109580072041417 0.3180044893583969 0.3060239577992628 0.2639657846150422 0.26786200570883034 0.26589933269472565 0.25098020411811267 0.2638972975611954 0.24839598199586485 0.24461977473973137 0.25026462388444126 0.2599062390523345 0.2650088249372681 0.25060488816786547 0.246969295870283 0.2616342131899038 0.24151091835622834 0.25352681366924745 0.25939001945390333 0.2233854784321959 0.22541091849523875 0.20083622887237604 0.18151442045412705 0.1676626164626613 0.1391282800714722 0.1407524693614265 0.08258471527715176 0.05412745741899763 0.040638930566359976 0.06316505048877323 0.0321443262859353 0.05695209152624535 0.026259043218492702 0.07132561002125572 0.1157417976060645 0.14036355048201127 0.15647109905781315 0.1643717581681191
0.32104345254654015 0.3197432289397536 0.30055410897219204 0.281722000443389 0.31555029373695853 0.29870608492508444 0.28304423298533427 0.2843543190306715 0.2502982520732974 0.2674748502893091 0.2775755601490822 0.27540161932624196 0.27586705513881543 0.274260193636226 0.26905786639985513 0.28467937954479733 0.2808086106674132 0.2517747423426731 0.25263531218095675 0.2679684344302375 0.26133120718410463 0.24271119546276965 0.24605427582852926 0.23225952892975937 0.23185100518117663 0.22014731552146516 0.19148874893669018 0.13543055136851684 0.1258340861106122 0.11284843239823575 0.11425488418183477 0.08263019507584154 0.07401518145679058 0.0318825856585216 0.04121778790475188 0.013534581884647885 0.04787307218189015 0.030016001359581813 0.06913336669378488 0.12071744619000996 0.13816391428363495 0.142525889583456 0.1328462475358807
0.34505486003406527 0.32439922483185235 0.2920160333666179 0.2790667399961468 0.28205734757787937 0.28746316517687415 0.2703189364125728 0.2518586868742716 0.26456332492700574 0.25411560093661756 0.2617505065187121 0.2775082266918313 0.2915302475097317 0.2789613865653924 0.29014453926372097 0.2804338896510868 0.2831633553426486 0.2865646129110726 0.2588297461090214 0.25786453706455226 0.24406727875531667 0.27727072304198275 0.26224628615691986 0.2310592853105898 0.2397279690225418 0.2240679371044804 0.1855524088661979 0.1231356432943011 0.10958530257928432 0.1042380297331677 0.09477227432808864 0.10349993740476204 0.04875823361112143 0.027632849106553954 0.04304719925357435 0.01176851521943815 0.04423616839201081 0.043883590660083516 0.07256084413077596 0.12803818537279718 0.14641641358979066 0.1426736002135254 0.1420588482648946
0.3795468994367365 0.3554919967199699 0.30449399464532667 0.29796090399766817 0.30304212410603804 0.2832873252749442 0.2794813712160077 0.285889383218676 0.2810212890846117 0.2933959718337062 0.2760871613053292 0.3133720085609688 0.3126973719708786 0.2929493039229678 0.27184137757443916 0.28764210364619613 0.2863367869804647 0.2624296916138608 0.2626441147906696 0.24270572045496144 0.24620452175864385 0.2449121201061358 0.2505038194966024 0.22658519754473913 0.197033292382244 0.18720050100606359 0.17076227484819181 0.12301485056418306 0.11589090796819337 0.1000937822518421 0.06762422631507273 0.09400618094530679 0.05762761944651261 0.03400788364641041 0.0371987479116116 0.04262405149677349 0.05788435398689503 0.07149644552671258 0.10151350060368641 0.09549571476515047 0.09692399909241753 0.10745142680508359 0.08462034057643175
0.3811380698063572 0.3823298106788785 0.3585415705966353 0.30771686581714536 0.2715356831297309 0.2628871593604562 0.283217980173549 0.2665689345329077 0.25890209484013915 0.28106729957077564 0.3113235840129726 0.32355313296260213 0.3070927014782501 0.2952301318538687 0.2831159769234896 0.29321609413821403 0.2712872316024587 0.24102542578640507 0.2562854844036016 0.24170979312286103 0.25639428688141946 0.24384473501207998 0.21860010410173453 0.22161696843096962 0.18312373352676167 0.17778253136528244 0.14283096694144268 0.09684168852452038 0.09988439993930344 0.059088328446143944 0.0764423455573848 0.07434898142377508 0.06702323331093356 0.03274244675644127 0.04547789711787272 0.047624588490529765 0.04406276533654634 0.06632222961847777 0.06223654185028416 0.10104098094941377 0.07849324628512237 0.05846955235320003 0.05557396694970447
0.38916931198210936 0.38207631036508233 0.36656481301128985 0.33160351334419635 0.2898305209777962 0.2778420954740226 0.27665244444363574 0.2692521195656831 0.2601157974132591 0.29400301780906785 0.3152643784389328 0.313109529237619 0.32698794582952345 0.30697091761339185 0.3141883313318451 0.26845792401619356 0.246310099498261 0.23441838887615427 0.234507077369311 0.23956840360031004 0.24852133982069052 0.22217467841160665 0.23078411900065263 0.2027969110292254 0.19952327052938437 0.13193431125907087 0.1114778747402955 0.08671045944514323 0.0863147485838301 0.07795323074817706 0.0660971693750637 0.050697914050827866 0.031131966855789468 0.0360795177915452 0.03356947764461286 0.023469105297304088 0.05669949196022765 0.041385887936610244 0.05012223471651874 0.062342826637036615 0.061473917134420374 0.05624066880365019 0.0787987087142697
0.3976834019308871 0.4009593822463969 0.3625541378577872 0.34849387124452985 0.32733886275496543 0.2844170956350106 0.29179648495334953 0.2628262166132847 0.2760504186256372 0.3124051210689406 0.3141693880210716 0.29351093073968887 0.31478351341929167 0.32454976033185545 0.3075167007683604 0.2906837001993185 0.25557293158659455 0.2391188167528514 0.23908483477334472 0.25522218757661613 0.23239279598269638 0.22234593681519596 0.20808789819642823 0.210315244631914 0.1858991051273973 0.11980238960847928 0.11512171290826917 0.11747996473413842 0.06500287311538509 0.03021611651775488 0.019159138665326012 0.018520054617921666 0.02147643305287571 0.02100194863070161 0.006281030440537253 0.004129703798976933 0.04555940592463884 0.04558538311697684 0.03744703260904965 0.05016117505308026 0.0561938643753454 0.05031050010456984 0.0625475089529134
0.4299765038113136 0.40627664835957783 0.3977147786089807 0.3675920357063346 0.30764629531954213 0.2949954585766952 0.3083374515391988 0.28960238322954296 0.2756598357824034 0.28538017719551906 0.311943739007279 0.2962799164835551 0.3239275865406698 0.31327955099070753 0.3171362328969123 0.27650627610871026 0.26037811619621104 0.26021559172022746 0.22414652998757723 0.22234759797168457 0.21210421236074162 0.21522042103649522 0.21121334606420789 0.19069389547733728 0.1495795675610736 0.13080661017804307 0.11425766119191995 0.10027824181891436 0.10321103221595704 0.04583270928685134 0.029762561419467395 0.015297158196685994 0.033549726386659436 0.0009286638847479646 0.0 0.02087216397455119 0.01677391110704544 0.022970944538926903 0.030584746505032567 0.058183602466408406 0.04580914048338501 0.05569952103729101 0.07280809081735995
0.44199112804857243 0.4514639603361223 0.39950964439813297 0.3800368134790498 0.33539611696885063 0.29190682194960055 0.29490872494723935 0.3173507605597791 0.31721311985529194 0.2917005533723089 0.31147244619853404 0.33122286415507163 0.33427888176760384 0.3206763603101249 0.3076214448105234 0.27656215378710924 0.240027375521041 0.2409886801635057 0.22452210955048305 0.23462792078811823 0.2047700648086677 0.19227146546391966 0.20471957397969065 0.189320974943069 0.1670410476039882 0.139734908175847 0.1322181352840079 0.10691694545221428 0.11622318921193073 0.08232262754548965 0.025604262743463377 0.02445014543407013 0.01373438265993587 0.01817919131880594 0.022285194611702745 0.023530208596141265 0.03811959936863 0.041081842465600045 0.041969304159235825 0.05392485223840963 0.04702663395606937 0.058430704893559185 0.08309012935825834
0.4717200330217069 0.4316511901166459 0.40063328618395183 0.3753864806195699 0.32179987782277 0.30087045266488405 0.2981936408546344 0.30685602948404295 0.31570800518583914 0.31893860133647034 0.30831037289598634 0.33625151462035785 0.33215653402520323 0.3087143188646044 0.2821935881548903 0.26149509632524454 0.25592801135081233 0.24561159382721717 0.24079375930916944 0.21508909678067867 0.2028363398491083 0.15848153372423243 0.15304373571054655 0.1656965132218921 0.16403800353521686 0.14640866874383288 0.1279436240082943 0.12653981568832653 0.09902656723121318 0.07721230929191839 0.04077141535051816 0.0405045823457066 0.02771595250115508 0.010762507452548377 0.011511724553196592 0.04960484688374547 0.055112422127680714 0.08566923774422182 0.07084189313489943 0.0918260345194126 0.074990073737646 0.10368805554075906 0.12574060784987937
0.46063411752280325 0.44876926785846855 0.3938757036919179 0.3844439247794734 0.33619632987500053 0.3065180565151079 0.33390402668803837 0.3475314261040485 0.30709963848994315 0.3088788105444474 0.3063815180575215 0.30871931217095405 0.3258848941855139 0.3412591846061589 0.30542448542202244 0.2473035576514723 0.25420445297530686 0.25251275551106156 0.21297029686635033 0.19085622265356175 0.19255750525544665 0.16287287365788908 0.1539207112040817 0.13206841695108687 0.15676623945436102 0.14387455001022398 0.14968406834230766 0.12902585754935625 0.08007268970942472 0.038649811367464815 0.046780212067032624 0.054722205621335784 0.030508336761111098 0.043107726348761 0.05629715956390048 0.041651825095322066 0.08203411721803427 0.11660010475620708 0.10750875284741811 0.1349687196534745 0.12326489798513407 0.13330758923983685 0.1534579742222268
0.4684004000662024 0.4368997705973822 0.38931811472679156 0.35282904473731563 0.3493337812332319 0.3220830217957741 0.3455360173328702 0.331118459300091 0.3105273595291105 0.33382614315350523 0.3343407295937584 0.3276792657996324 0.34475627360559513 0.32885019131973364 0.26920546981623095 0.271016134625668 0.22919142343617782 0.24030705030001448 0.22289509099002716 0.18954614986086862 0.17262134076381064 0.12801290336343943 0.13179150945586537 0.12975515157415826 0.15726706285703498 0.1440536475505741 0.12879222031233342 0.10278269665131619 0.07593053288602263 0.04867953865362393 0.04877027655324958 0.06266824055544772 0.04352143607450305 0.056069678205664025 0.05597748049491869 0.06055140849420482 0.07332865098362322 0.05865775661770136 0.07854095497979405 0.12646900950316295 0.13280072778776533 0.12329202869738398 0.1187007011059874
0.4730457504597664 0.42717414510423013 0.4111335240435126 0.3653600195760495 0.3482006009433984 0.3194419071595465 0.3495969512979557 0.34675460096835337 0.3112503968313682 0.32068622463262614 0.333921508607881 0.35171472203683246 0.31401820345324316 0.3039621780126948 0.26954924319609447 0.2559305593919331 0.23879798566030247 0.24451752576772187 0.19724195390285276 0.17568844826739055 0.14048278552686505 0.12160208414441098 0.15710379544733358 0.17061492320036198 0.15548451125639254 0.10770203012563612 0.12699225677209094 0.108829067031884 0.10661853786285323 0.08356322189419096 0.06333451172945352 0.05311591209643414 0.07146418315282141 0.07405943814406865 0.04230543960351851 0.07639012860865864 0.04825356420998134 0.04552376596346703 0.08853713302512416 0.09832238118966878 0.1021089484464258 0.10726614154214872 0.11654634002643438
