Raster_benchmarking/Raster/continuous/raster-366.asc
NCOLS 100
NROWS 100
XLLCORNER 1743157.834982897
YLLCORNER 5469290.748276782
CELLSIZE 10
NODATA_VALUE -9999
[rows 19 to 37 of 100, columns 0 to 42 of 100]
0.5267073048817065 0.5435497750848183 0.5304414905799558 0.5545203052038847 0.5197960942636134 0.5463238946436172 0.5315250916958779 0.52350296838435 0.5421240714331124 0.5089918626531469 0.515688864252845 0.4862583147831934 0.53610463713386 0.5470687819231594 0.5798185595419434 0.5694413898150043 0.6130364898842855 0.6704708720861702 0.677978932834949 0.6549185231468438 0.670120013302796 0.6594993220472897 0.6615796088439656 0.6649454992207915 0.688368155185004 0.6770724774192219 0.6665786874744932 0.7156034619901396 0.735405249212355 0.7191211065052009 0.7395024219610944 0.7465657878127067 0.7506228862189589 0.7378930669135025 0.7669530347537316 0.8085811662261653 0.7639744254878036 0.7763707330765642 0.8014362489029678 0.798116511763725 0.7772591443381583 0.7693698671346729 0.7257300593628099
0.5252752760717644 0.5059056998125048 0.5489840629096915 0.5511776264876395 0.5180962076482138 0.5004103954569655 0.5381615300470708 0.5073343062679766 0.5432655741089772 0.5389004731853925 0.5070441432752169 0.4898079117038747 0.5024670214892694 0.5026222284568721 0.5322458992371972 0.551954447160881 0.5893845884612816 0.6167004053510754 0.658039851755243 0.6314551418677948 0.6700493894086842 0.6222917595284663 0.6195487533481814 0.6607576681407695 0.6754203851506067 0.6913002962973739 0.668768458650513 0.7195752725881222 0.7118271282107895 0.7302996929702912 0.7261026422906608 0.6940669790215173 0.7310350674122852 0.7502955636785822 0.7221696197278572 0.7476908860658203 0.7556341841760599 0.7441705385245238 0.7790836389562936 0.7615725795058313 0.7953961226986306 0.7572988146857952 0.7471698611023327
0.5014564613187464 0.5074896144008172 0.5012964715463105 0.5233464712398551 0.4747421263000793 0.4694849631467 0.5148060495460869 0.5246011069591892 0.5659893874491788 0.5487770139874274 0.5475748105675521 0.5168221885798961 0.48900545298962217 0.5016417325210657 0.5435145490618953 0.5395299028070503 0.6038793933788891 0.6305509274029322 0.6345280971007549 0.6388401417951399 0.6675923976482674 0.6317917214558847 0.6127372305264717 0.6253628047041264 0.6588374661567937 0.6480265693851724 0.6693882994297048 0.7169736770378731 0.717952681575558 0.7311227617685169 0.6779179933714373 0.6716746317996241 0.702124313351872 0.71490981088182 0.6922648418546332 0.7129755497619688 0.7372056457689196 0.7333592569787467 0.7657975831821129 0.7574672916019026 0.7729189134465391 0.7734068529313344 0.725496770178266
0.47877508229988497 0.48322570760915434 0.49016373077949177 0.48549886010325227 0.4845771307128045 0.4871653883897556 0.536504343127225 0.546455087254106 0.5513253013759586 0.5752973644575753 0.5341508157386174 0.5468204834222652 0.5069256069031004 0.5066223682351535 0.5212687997426924 0.5363796402871109 0.5856441790918163 0.6004814367385972 0.6221445468598776 0.6247362712837408 0.6302169952417678 0.6337677611139891 0.5997457133797897 0.6157673667707527 0.6248508168189424 0.6687603392849879 0.6929130558075478 0.6983614751302386 0.69825092511155 0.6649144129424223 0.6852543491607614 0.6614401098948192 0.68522300322773 0.6964061293640382 0.688794916717136 0.6854402995755522 0.7228391459991025 0.7108034186953398 0.7137612670906659 0.7166531250256809 0.716060322504582 0.7317589420563828 0.6933221950107251
0.4870195492640802 0.4696508390434794 0.49743920933137636 0.4874534495847455 0.513670915017806 0.5392020108734289 0.5409349648307142 0.57241957073963 0.5608116072991519 0.5749431370874684 0.5823882038371219 0.5606663831988535 0.5725406227882754 0.5458025116782373 0.5613635794990666 0.57999140882012 0.6128487342428681 0.6037798609405917 0.5961298253653445 0.5631994912556916 0.6022319654164565 0.6011783780663722 0.5956660435717216 0.6166157580396538 0.6263889414830417 0.6723631440507538 0.678026347271674 0.6746433271395186 0.6500567429310469 0.6083133035208472 0.6491666544202322 0.6511273043305583 0.6620744628594962 0.6578052763682791 0.6454382290471883 0.6389173907039218 0.6968133792286407 0.714690174137509 0.711075757729327 0.6954695022911832 0.7266754865893458 0.733032454187942 0.7042421007597257
0.49197541326983235 0.4688349926937257 0.4838763210247775 0.523607406243031 0.5525922695233618 0.5836175408250742 0.5852198240082986 0.5708419579876198 0.5695620015263266 0.5961869487008986 0.5788748867928718 0.6002339495422404 0.5851730378612732 0.5627517723469302 0.5706800494947349 0.5734739096644985 0.599116514662663 0.5832975253030126 0.5576405161497912 0.5749400021058635 0.5523657805739145 0.580286703583987 0.5664215678747183 0.5805625383924657 0.6319898668996332 0.6322324976108408 0.6268125979653686 0.6264326013816864 0.6189672483952947 0.5865993619284624 0.5929355125957727 0.5960541865335103 0.5936997104500662 0.6008987214408364 0.6111216418688594 0.6431082760363412 0.6731643088406192 0.7002446556233262 0.6655957493920769 0.650779792320945 0.6847111062417554 0.678139517400436 0.6833398144547246
0.4716765633994899 0.4665250855588866 0.48822317889859157 0.5259147464576602 0.5542765725851705 0.5616251966823436 0.580508969722811 0.6155242364939035 0.5996320184544921 0.6125031326843676 0.5854632508073438 0.5774094167344905 0.5779300476386721 0.5803768223054531 0.6123649998844843 0.6165048390387627 0.6265038868947478 0.6195661810347397 0.5692165743263928 0.5275501575885367 0.5567385332729884 0.5313636510653764 0.5489627609876478 0.5775309816011762 0.6195012154299743 0.610318065864095 0.5749263818598737 0.5648257411154411 0.5645028740448658 0.5499057599959905 0.5804463033756713 0.5588592151391142 0.5818565949138517 0.5847389557119402 0.6208436177266797 0.6172734053640965 0.6740310760180757 0.665823402558745 0.6437313005945358 0.657089686231106 0.6665523172106622 0.6485090600313522 0.6376696662246344
0.46708609331036477 0.4685536340999832 0.49170165697251644 0.5266698337544329 0.5401668221025623 0.5356224687211315 0.5812599020366673 0.5708214628457733 0.5865309276909725 0.6092174719597571 0.5743793297729956 0.5576710684030234 0.5764471839186405 0.5715865979749697 0.6085602499648304 0.5864019619977227 0.6185619547046162 0.593424998087656 0.5563543549005722 0.5503744624355424 0.5500207628157443 0.5541564758755153 0.5783266747564797 0.5568439573053469 0.5676450799569085 0.6042053659184845 0.590426400916035 0.5845795796815859 0.5534938816548598 0.5586567240423279 0.5612027219390691 0.5819749758412106 0.5510189955791809 0.5922726777275233 0.6228454431956598 0.6403313954971491 0.644573154609069 0.6418689304971169 0.6322915257070514 0.6362654793832926 0.6719181984981709 0.6573842385906598 0.6171793248767943
0.4633610431519904 0.4668526914825726 0.47251261584930976 0.49868389723155093 0.5082901718070003 0.5559740754285608 0.54254916114159 0.5688847267067587 0.5645966026537053 0.5715731002175048 0.549691495325146 0.5593201567059339 0.5895595827404542 0.5952951178342782 0.5945266094405043 0.5883729750676902 0.5724642352236864 0.5590542787022587 0.5859164716591143 0.5659464439401378 0.5491649869487295 0.5967428858110743 0.6049261078560697 0.5832940752952802 0.5512762460938507 0.6017301279359631 0.5945516952460007 0.5529682520316364 0.4988099865946275 0.5017962331213579 0.5466099854051613 0.5710257150146516 0.5549807118059479 0.5704066846529372 0.5923468660333213 0.6226441918379088 0.6343700204081139 0.6130540258247383 0.6400054446404829 0.6635060855054694 0.6606930160342365 0.6204779333907153 0.6038334753117924
0.4977302518505902 0.45303868882042353 0.4539330580852258 0.4516867796297567 0.476808779330979 0.5184538952947918 0.5258424990941907 0.5448003294832342 0.5874640747350247 0.5713360585039865 0.5842098332260486 0.5523625225060983 0.5590702896818238 0.5449797399743909 0.5713353875946334 0.6068272360123109 0.6137294718932934 0.5975119617131517 0.5759047234739488 0.5982150249159054 0.5707648302300056 0.5836021013143174 0.6001400656580548 0.5986601255265587 0.5524814107387565 0.5355169414865295 0.5499049159164308 0.5143826161937675 0.4823864700258758 0.5029759103765943 0.4990893072094689 0.52133298755922 0.567515665283872 0.56297441886685 0.5686000242945286 0.6036775471553576 0.5965465683110808 0.6073090486936941 0.6496566391724292 0.6249950440843768 0.6577770293922893 0.6407877441220717 0.6070351209983654
0.47707797573966226 0.47267214525642975 0.457412618568838 0.4421731768368339 0.43239089546897125 0.4560627073050027 0.5037888200926965 0.5715188803229251 0.6177513288273103 0.6167027590462176 0.567803469717283 0.5371615746973434 0.5307138004568676 0.5516963288681966 0.5755735699300141 0.6146333898637989 0.6094496452804709 0.6358206970364659 0.6123970678444265 0.6046533452124419 0.5880743124723841 0.5646569613474602 0.5630256432136304 0.5598242814934191 0.5315713818664564 0.5122204715471446 0.5375165212201071 0.4863903340737512 0.4888308468797764 0.47473335712106424 0.48871981493478434 0.49661041286091473 0.556429109601433 0.5504063027571642 0.56453850081624 0.587271027604137 0.5976433038058998 0.6350674044285692 0.6345593201601992 0.6303861729311894 0.6413021026264285 0.6451746191467875 0.6146432748067732
0.4203303129086629 0.4228776876869379 0.4222045006494189 0.42092595280188283 0.45692732825304144 0.43988116779059444 0.5005389312651599 0.5250946038328898 0.5913341701617678 0.6096246112993449 0.578709427204758 0.5394751917238259 0.5648620130810466 0.5715233278068075 0.5513432639137075 0.5694887513421611 0.6051632202540379 0.6431391334012226 0.6279500391953212 0.5933627214821513 0.5811914012999656 0.5766303312316305 0.595586812675405 0.5306668865530602 0.5141400486972936 0.5133975876717023 0.5142977586398505 0.4655058278173844 0.46416155101840273 0.44949916461517414 0.4787285585066869 0.5200156790015239 0.5213809412596441 0.5554194960848486 0.5540018234836331 0.6045195502162293 0.584460784014886 0.6279293072088525 0.6408939583607111 0.6544928345926451 0.6096860900721668 0.6018934460779694 0.6058685919864718
0.41741904543585756 0.39899511449796876 0.42967562978454127 0.4041369755860595 0.4011609960731026 0.429495470166703 0.5044787908271314 0.5398578842900583 0.5462812920091701 0.5879422986985142 0.5701902476124909 0.5583095832576269 0.5548876443537404 0.5478172713646215 0.5917356745033844 0.5940915601741812 0.5953252603128918 0.6047999034410917 0.6116842895017118 0.6039447513634731 0.6316932647311403 0.6310276587728123 0.581419739276454 0.5430534186994743 0.5051922197678902 0.5100120463012364 0.47930082875745744 0.48200337774683366 0.48297493251520823 0.4514504153749906 0.47035066907432976 0.5226982502131506 0.5200179318333266 0.5478340538366241 0.5722385670301856 0.615196217166077 0.615713889862589 0.6001097982087163 0.6119496750475723 0.6518397645942033 0.6048036841363255 0.5994249211938546 0.6212974869293423
0.41160454081567693 0.3826573428729111 0.39009008133356254 0.40132686879257773 0.4118645400146582 0.4258180015210096 0.479897822739811 0.5461840543079394 0.5697801474882589 0.6005252658763937 0.5855275661227625 0.5854833192529104 0.596748986982513 0.602350513661542 0.6167601097690846 0.6237153556123987 0.5906533859086878 0.6261676791501696 0.5958942691248481 0.627268935277519 0.6128118944906962 0.6483647173892373 0.5932730806800947 0.5526630091204927 0.5340082065174699 0.518877410605244 0.4812652041547604 0.4955253729870113 0.49563923756610445 0.5153819030843966 0.51199883131449 0.5326618364709282 0.5378817543922907 0.5621316573481915 0.5730467694051746 0.5808882196827805 0.602337607903107 0.619606162917252 0.6451452842629184 0.6467530812860309 0.6553126984781225 0.6262704294306122 0.6427807081233715
0.421201367065128 0.38618240113992985 0.3850600206732859 0.41803076924965055 0.41433861930986654 0.44032903049734906 0.46750684472819526 0.5067143091720911 0.5195040827432922 0.5740840544593271 0.5738055460259269 0.5666473668865615 0.6163585272483237 0.620178115209645 0.595444259112837 0.6199430847329699 0.6224194119290807 0.6358885335868029 0.6122705358357747 0.5943107679289314 0.6357497630175751 0.6679183017357254 0.5868804304120868 0.5355378972750526 0.5236294443441716 0.4962821805930504 0.5001450428666199 0.49353497144680025 0.47866030649014607 0.49933207467026197 0.5004847193459413 0.54676549104309 0.5422762595460099 0.5961603749931713 0.5784161396002481 0.565766848433656 0.6297877495857339 0.6479104761506082 0.6286964266724693 0.6569510777053035 0.6327444959970036 0.660783771027026 0.6534977671254141
0.3862405350343997 0.4253012806759355 0.4128205222076782 0.41778139480295406 0.4169579934967888 0.4610938620686797 0.4547441584250024 0.48149508777903655 0.5173006961583069 0.5544218621283562 0.5793788161697315 0.5758150160905061 0.5790420007996128 0.5675484195891175 0.5930659895598274 0.6026719668936982 0.6020388684147912 0.6427402453207772 0.6181973347445843 0.6199681729807527 0.6163285030005061 0.6359971811122379 0.5906100989546818 0.5355606691839098 0.5175893457023544 0.5027118442756499 0.47675823900398795 0.4782224530464964 0.4968047371973179 0.502319735554898 0.5327359638246535 0.5180866954689392 0.5478305284074759 0.5829556674825649 0.5857335941026235 0.5610944011348251 0.6191770709649166 0.6308805288070489 0.6660710858230342 0.6665791211094239 0.6423739143300803 0.6586478136063112 0.6945233739378313
0.4376986708761631 0.42897129678300616 0.42517860821317227 0.394736934180515 0.42767470455989465 0.4546282929193531 0.4395562867458361 0.46077854787428124 0.47162331364668447 0.5467837143333091 0.5278923872922436 0.5433404953908302 0.514781296772539 0.5174260472989572 0.5653125844820067 0.600058710104879 0.6303511372206991 0.6282015118555195 0.5734994547897495 0.577024872049397 0.5729462420028423 0.6098982199336239 0.5562848647890745 0.5628633099224469 0.5241529138503408 0.48125809290512456 0.49828422587128596 0.49515101802472744 0.5189812583547775 0.5320624729501193 0.5275738055346464 0.5338101815769228 0.5248123398849133 0.5778775506337784 0.5362708365885678 0.557420143771244 0.5765795261813339 0.6379878074960769 0.6635405149217142 0.6282217075018223 0.6387502602045834 0.6726881043182098 0.6945576477786289
0.43240303528225765 0.44543083580242115 0.4244553714118996 0.38860665399245864 0.38628178070751396 0.4266060891835189 0.40254392762755276 0.4138985449563534 0.46532705215117187 0.490546129154247 0.4871101964920593 0.5220033833396833 0.4970137069867549 0.5221941980229216 0.5470677245980647 0.5900421198124759 0.6040419303548625 0.6139542435239951 0.5593169335428563 0.5585602550037455 0.5681089156877448 0.5694677052196193 0.5509470004024086 0.5167244223858831 0.5249912995593905 0.520633200535454 0.526969382246291 0.5243466461949736 0.5504258408119933 0.5175453584764751 0.5374923103690705 0.5309571663517842 0.5099217370452681 0.5412721376061532 0.5102504103558926 0.5670040096752975 0.5919141909576725 0.5989024985397295 0.6397408290992669 0.6528381259453557 0.6859343403466538 0.7220410248910917 0.7157165682439669
0.4754535147549329 0.43189723537121166 0.42683886427851275 0.3899240684919244 0.40623020397337606 0.3910433195465595 0.4085369501978582 0.4069681860239265 0.43309706078641896 0.45372892154485095 0.48831629315587705 0.4980176932731468 0.4836875885620527 0.450900202097349 0.5055069893415532 0.5233562780497918 0.5447427663513208 0.5802899144470618 0.5571407731527885 0.552119521191693 0.5666650607853408 0.5405848577004663 0.5523878832730081 0.5233103659844379 0.519924581232995 0.5069176324234216 0.5618680398054134 0.5705363224100187 0.571514593686327 0.551818352858564 0.5088196943443654 0.48557371284097656 0.48155344347922646 0.48986910628990304 0.4771391397972408 0.5166359736939081 0.5491795331153124 0.5962238023733394 0.625536083973778 0.6674281049755286 0.7273509592107037 0.7410493344478332 0.7503056889301282
