Raster_benchmarking/Raster/continuous/raster-183.asc
NCOLS 100
NROWS 100
XLLCORNER 1743164.0255814963
YLLCORNER 5469283.564847079
CELLSIZE 10
NODATA_VALUE -9999
[rows 76 to 94 of 100, columns 0 to 42 of 100]
0.34194090160617935 0.4001163873280263 0.4158835746487057 0.4014669159465129 0.414046475420669 0.3931493259271404 0.3937820746678084 0.43027799720419313 0.4081865959935258 0.4211958284898414 0.42800133345762387 0.42429732273078674 0.4269944115292049 0.4151303393426564 0.4180403008859277 0.4067190071335118 0.45104755762649257 0.43111941098896417 0.46730136162459446 0.471880655105195 0.47210325079875687 0.4274006720704038 0.4082513289101981 0.38323928368766264 0.3680244649924165 0.3932728266603192 0.3797479220275941 0.36810198872779526 0.3592072814605952 0.33640612471736525 0.3438383435359852 0.3278761975969072 0.32649320618604805 0.33721930440635245 0.35962789399753126 0.3341532933314926 0.3263553391392515 0.3494185083434322 0.30770660585546283 0.3348082183809664 0.3446783686550912 0.31596554330835686 0.3079252251646982
0.3462873834704575 0.3888320537869612 0.42295749913989583 0.3912451376447356 0.40655681433927326 0.4069389945322005 0.4164476865200266 0.4212571239105348 0.4214529371079303 0.41831260255084285 0.41493741734423295 0.4243752807308165 0.3734248197014977 0.3843620460893699 0.3762652528976198 0.42538038424622043 0.45204111239074424 0.46153979132832473 0.46205343686237965 0.4423766340005735 0.44670318917099133 0.44614520212102315 0.41004214156790014 0.41063148279485745 0.38321922590553886 0.38817451158649124 0.39440280814066664 0.38404110182445717 0.38281023033481937 0.3747418978426863 0.3432020631610605 0.3424394339561606 0.32079660187353287 0.347590908917591 0.33509679685647437 0.3383572028278417 0.30853188460578806 0.32546837575789156 0.29736946076497633 0.3418168400127606 0.31564183440270427 0.3037331600155076 0.2713806743492488
0.3731328679092821 0.4040434928093063 0.3965367709249715 0.41815874270702097 0.3987098321312774 0.38735077296188264 0.3870526861884977 0.4245372939668515 0.42638714298284436 0.42528996459710144 0.40852537136923217 0.4194770641391296 0.40000824805253915 0.4027614336500607 0.4047684343801648 0.43307281592754443 0.4615326577863065 0.4605563884737879 0.4191348782188203 0.4167271615924742 0.40268920581659057 0.4223971129905809 0.41957975539491904 0.3923359032533041 0.42625773627379865 0.4102298802290113 0.41278260511089576 0.4036593283398731 0.36926254814990217 0.35450578910773195 0.34760769161480976 0.33140750955194015 0.3388107654385553 0.33221001143575957 0.32710664070966294 0.334099232159494 0.331583184618063 0.34030699382781493 0.34576197720962454 0.3397758312587176 0.34128096046657985 0.3262711002820522 0.3247828360672188
0.3931339128304021 0.4097444695179203 0.4237473458092091 0.3890665762795036 0.3863274033370789 0.3994639404474501 0.3983822175242489 0.4330000692899813 0.4344585314119435 0.42176292016878253 0.4327954211404588 0.4216279172910506 0.3917856368709969 0.42091510053305464 0.43454689657693596 0.4451286318431134 0.43598036902835435 0.45543087869745685 0.4152370035507457 0.42306371026916695 0.3949629262929945 0.43322035265527836 0.4081645820713031 0.4320824588145973 0.44304022410531774 0.42955913305813753 0.4003287992503678 0.40630402443629116 0.36985737270342217 0.38010589655138577 0.34801810942770045 0.3418369737410265 0.33744033296575904 0.34945771789387353 0.36566540909815715 0.37928137304956966 0.3465715105774654 0.34846116842515223 0.3273089249493199 0.3557726801241656 0.36049353322009564 0.3477726927931608 0.35448628957150674
0.39103808457572153 0.3983560575849287 0.4260199833887709 0.39551251031235984 0.38176736303407455 0.39196185636632186 0.40608121649191514 0.4353641412475823 0.44079156269643477 0.4451878521031315 0.4389483447290114 0.4474477267701131 0.4367573628417194 0.41285426803354547 0.4609886120027429 0.4529317190122719 0.44422165252900664 0.43224311989557984 0.3903672098474541 0.39507173059284706 0.43577221107866987 0.4316444336390895 0.4181599293676101 0.4216679565234405 0.43456298020043177 0.4208772991889893 0.42143529474146707 0.41237033452030064 0.4071495522382451 0.41446568284481783 0.3904344540962378 0.378962558279095 0.35649544603326744 0.35711464386617475 0.35732564388131755 0.3875949973282033 0.3768160502864348 0.34402014567706296 0.3472951860348331 0.3514911589989431 0.39641311445744837 0.3809773911824738 0.3589998160749711
0.3467855075929369 0.3820609604420617 0.40399230074193365 0.37349480391417894 0.3757489405888443 0.39993520820565714 0.4246219108684064 0.42811215035696754 0.45043217926444656 0.42838232785538477 0.4393434625909236 0.42480716997325807 0.444125776625946 0.4389803086627127 0.46401528281332466 0.4351021151551895 0.4088880952511738 0.4331696077811875 0.3951126745884967 0.3972844120760412 0.43581446921395595 0.4117788878749387 0.405831906184675 0.4110647779885113 0.4455906333048576 0.4534245430289857 0.42530918583177507 0.39977022066444673 0.41395797272366514 0.45587897762328183 0.45722199638394034 0.4470745727684338 0.41798053383139167 0.38146590251582085 0.3591725218592743 0.368862784174906 0.40137420453832284 0.368546961792198 0.37354569716905506 0.40953813861340793 0.42016861222705826 0.41280040900025405 0.38723923955713463
0.39202497509973033 0.39143495683091756 0.3846093529188913 0.39753022411940586 0.4162335292839041 0.44031706228841966 0.4562654787816059 0.43821636511237144 0.4477199080897837 0.45130236752831565 0.41036831834197846 0.42264505911849676 0.4585565472507816 0.465869783441425 0.4441068336823296 0.4501902249638568 0.42780063452408934 0.4401455515250733 0.40672264996023405 0.41273680974797744 0.43821980522401927 0.42021589852010227 0.3999220858395401 0.4282259451193061 0.4244452183685396 0.461247499575919 0.4661247467780966 0.4339144674980514 0.42861298482947024 0.457096478249283 0.43820939464301356 0.4490662011503256 0.44860146194555167 0.41608889944100447 0.40236036012772985 0.365865109286851 0.3811891952330356 0.3753861111483411 0.3949163830685213 0.4143438383728494 0.42293190655918367 0.39896631260661247 0.36321240181767256
0.36207447639126117 0.3830243386614387 0.42808309528957866 0.4299065339056958 0.43501174989871344 0.4338252096880502 0.46587416094431094 0.4296771917679759 0.4140511210173237 0.44028134531169255 0.414106012788497 0.4216417633704316 0.450170488547861 0.45280478492987514 0.4421013150083916 0.43201259549508125 0.4262011967277748 0.43795767345072556 0.4510120642997616 0.4503848731136792 0.42373737453388743 0.4033185602539904 0.4083820120743313 0.4222836344690368 0.43142774902123604 0.4454867695613655 0.46265898408689793 0.4522644723444666 0.4642505408879162 0.44556582446639503 0.47159195280596466 0.4637453190571094 0.43514978089933504 0.4144405290046351 0.3824457702534193 0.39059035563527134 0.3968602100017089 0.4163092076109009 0.4135230337680393 0.43427697856567055 0.4238358182483578 0.3815375089834963 0.3700569319140456
0.3963586059784437 0.39603817950040343 0.4050984469516025 0.42748444693778387 0.42107077286430933 0.4591533697780598 0.4618539747256696 0.44566362146049315 0.4386886889811648 0.4129064120929219 0.41125906133411105 0.41690439188550354 0.4182097684551484 0.42114264407215324 0.42689286777260316 0.4151768582631288 0.45128567548115417 0.46040298186459233 0.4495686898225441 0.4486901422057381 0.4346552158984314 0.43338624796965325 0.43308023305395243 0.4198756466951478 0.4363735802995427 0.45958142651254835 0.448961753825983 0.4715253807718545 0.45883348259756235 0.47628412693202976 0.48132519988575917 0.4567614301832029 0.4430912459672383 0.434035005701455 0.43488269954438363 0.3923352244857766 0.4188111713199251 0.40303932513846846 0.42381549749942266 0.4016189661522052 0.40120189270677376 0.4031609330754309 0.3992324218065359
0.36834671320423995 0.39961199876125403 0.4528469306873118 0.44092847427855675 0.4472515128159436 0.4387579986251056 0.4549955215225347 0.4314019890421936 0.4127100864219993 0.43406261373270605 0.4414118727798132 0.4401813501242961 0.4414810655579922 0.44318000841083527 0.40788998260419446 0.40593117378731425 0.4186363103030781 0.4286158226873949 0.4771234591341352 0.45501903845348973 0.42675903289480643 0.430585197759816 0.41476760496835635 0.4273503641557223 0.41353654078199664 0.4494959631040598 0.45040143674636846 0.4578093147347478 0.48035388049047345 0.4452490109444772 0.4597243168301621 0.4438384366917921 0.47684195674260604 0.4864735629333427 0.46521701348197736 0.4221525052470918 0.3969476547938176 0.4399610833610411 0.44223732632588153 0.4213193198461377 0.4082557296883923 0.42297619393082897 0.39382446532763493
0.40305091720113045 0.392254238847197 0.44832591278755646 0.4597418609701822 0.45051461646147256 0.4762486406498414 0.46683148835745375 0.45134099119625054 0.4321541051680757 0.45360047464388664 0.46239282742947924 0.45933295237936417 0.47346835517797803 0.4438399266080856 0.45579244390255214 0.442157601161559 0.4480414044078985 0.44172349876207717 0.4655875087929897 0.4539194707688936 0.44478563703160673 0.41291644712281805 0.4155393826259691 0.4060870354734288 0.4025955351899113 0.42859931220078706 0.4532493228351055 0.4641885573619385 0.4699619709603524 0.4522174418664773 0.4512666190035944 0.4596305606136214 0.47414145891975246 0.48594910464836955 0.4455641546682471 0.4206774053153798 0.4111916368688448 0.44791604661664997 0.4484800515580772 0.42209555657071796 0.402982856544058 0.43838576449731215 0.4331104961901848
0.3966711508671235 0.41671539067258256 0.41694904891828255 0.43246033611229456 0.4487082310586755 0.47688411307787687 0.47436500652720287 0.44253272465218096 0.4422177467398491 0.4793447517269843 0.45936364752184994 0.4897843304952271 0.48279888167156765 0.4988843654424511 0.5050458806666137 0.47909065864513606 0.4761542424317202 0.4614555544165001 0.46393789834150256 0.4500095160476479 0.44497982723647933 0.4445412306569491 0.433654939254641 0.4090788078789912 0.41311042169592105 0.4276379862475215 0.4210620384506145 0.44204593874429915 0.4245596132154026 0.43075998145322575 0.45069334598588795 0.4613672752789446 0.4775420135443203 0.45075484384525816 0.4385262531759185 0.4127106758070021 0.4272723173095829 0.4348730396868112 0.44724595213873886 0.4547872830819526 0.4197523765657571 0.4229059840308145 0.46149965815854405
0.41026825215990903 0.4114861363112772 0.41118096517313474 0.44366464709158476 0.47810852953958133 0.4688555645772084 0.5028606148369952 0.4762921807910382 0.5004845515285168 0.4838752947299164 0.46899926112027346 0.4827538218558287 0.48283563691116127 0.5054147750831197 0.506046381885731 0.5177319779379261 0.5154792631295144 0.4792678600742001 0.4829624599248892 0.44439365027270183 0.4438428906217501 0.41218521490327076 0.41341560181019615 0.43479385371684515 0.44494966535910424 0.4529124171926615 0.4375210915335186 0.4284429470425732 0.43586486139061204 0.4427384512136702 0.439302651859469 0.43906420609979296 0.44279445927832767 0.4620930087651959 0.45727524917380297 0.4320016718626199 0.4273394954730487 0.46271378513600375 0.4675903131378967 0.4662053637775902 0.4525506209582134 0.4383532987338161 0.45015404798185227
0.37755239663391665 0.40198881715890794 0.42666385034524995 0.4616431912551138 0.5016727414437291 0.5155664456077309 0.517985930812601 0.4874899544277493 0.5164451712405218 0.5153268646382215 0.4517054430683683 0.4820036178002201 0.5009383206886405 0.5383186828564801 0.5369006267761781 0.5292976294064238 0.5099547999378289 0.48830479591395687 0.4681238785502086 0.4485778117585784 0.456926704586636 0.42572392782564356 0.40125920628011374 0.4504444065212673 0.45540737108944523 0.4796616495663185 0.4941213664694409 0.45304444774554264 0.44187133215797275 0.4257231823480823 0.4287630239390776 0.4651634949792935 0.4800981916936866 0.4442342554436274 0.4308717909190763 0.42338021994278435 0.43284728192845773 0.46075953737448583 0.4866692752688123 0.4716125438258757 0.46368303439668984 0.4826358979276626 0.49439136050969734
0.41660059711367614 0.44117534656053736 0.46916584335911615 0.4713709845594252 0.49596765865797476 0.5131100722476831 0.5087183637780338 0.5063469446888268 0.5157320765097746 0.5210747142159571 0.500983258641147 0.49311736707214476 0.49912835388839355 0.5218905963929114 0.5107137347479275 0.5410636818929534 0.5070252450616163 0.5013838443710438 0.4702951861012854 0.4642037468936927 0.46426146849360284 0.4322401318051637 0.42727377467720334 0.45444208083730225 0.450105877347198 0.4897925110359647 0.5077167032640963 0.4732594227902737 0.45918552750297653 0.4665905719310616 0.4469070042330456 0.4776805325501485 0.4768436708706451 0.4647936068422882 0.4521461711724286 0.4399146205145742 0.4660439549556229 0.4584986954060724 0.463495860852328 0.46075264307009267 0.4878470852338478 0.4965350898863334 0.4916987757881722
0.42726722818826757 0.43687198209278133 0.4728199076452438 0.4898676560523594 0.5258033892286971 0.5459414312888862 0.5420919518585972 0.5200238902242765 0.5096578042005515 0.5212784274015888 0.5181282267308618 0.5138734127454695 0.5078686208913061 0.5068641728119194 0.5252884449198938 0.5098963195145959 0.51579430681651 0.4935800165639315 0.46851940623302574 0.4375153013503962 0.4221891269102903 0.42509099130725975 0.4345163001336378 0.45344219408152575 0.46946197959009656 0.48477767978646685 0.5072836599985343 0.5074797922857452 0.48653674951070647 0.4676483493244301 0.4646832079939147 0.4692594135350611 0.4537740157862919 0.45522206541755134 0.45026202491595124 0.4546448734032614 0.4553858814436742 0.45252927407856963 0.4560761364687346 0.4670406579407859 0.486814465450372 0.48438189090377176 0.4613004892506992
0.48227183548167163 0.46094248724508463 0.502369831244921 0.484038410172433 0.4909652838499281 0.5239542623162349 0.5429747323895391 0.5547501001359575 0.5235926932650045 0.5240661408230541 0.5686443703433365 0.5671659312642325 0.5283878889675255 0.5512493061497744 0.5336686328600961 0.5359349564897358 0.495861378785437 0.4917544096489529 0.4702004275222123 0.4500824673673774 0.43891642650463486 0.46213640400583966 0.45106945068757565 0.4442497508480284 0.4894760897322803 0.4818203356837663 0.4990846557813395 0.4937488065382039 0.5132241925612895 0.5074635151845305 0.47185513008397284 0.48091418238211664 0.46324153731121664 0.4658008996215745 0.46599669991849396 0.45725817635517074 0.45676590508559334 0.4649055985682197 0.46486630911436794 0.4726752359249903 0.48565630053200626 0.4830392905603183 0.47763746097462284
0.5095932527384158 0.48275178912169425 0.5085259748777511 0.4847715259497988 0.502670365197654 0.5595387144792423 0.5811675723066599 0.5806269646194703 0.5425373347683351 0.5845626424602252 0.5937762393752218 0.5874099146795239 0.5736293022395693 0.555002278163791 0.5924483307635167 0.5578050863384453 0.5200200900762194 0.4819659118437466 0.4795769305412111 0.45859750062834903 0.466064566354645 0.4564062618654914 0.4650535814566223 0.46714265490386236 0.4880212671041779 0.49977326089683377 0.4831425391029014 0.49250336218661234 0.4885482193701405 0.5027769095862828 0.5194484419157903 0.5130935612551673 0.5326168504638922 0.49416106530672377 0.47566787425064216 0.4990799934773031 0.5109559890077805 0.5171572862557675 0.5216472643785615 0.4949482434299635 0.48948357128104975 0.45536887145785176 0.42575378106847456
0.5334386633438993 0.5191395077710566 0.5193954360758425 0.4940150311436482 0.5314540576671654 0.5622410663774436 0.568826615295657 0.5849823841502405 0.5905211221920206 0.6017705293676385 0.5899599186247587 0.5822689897514945 0.5979593745334693 0.5858540749708392 0.5971289743907393 0.5848023242886237 0.5374665878646143 0.5144114510001645 0.52799617296207 0.520596258987342 0.5279607402036823 0.49138423158777356 0.5037305742191146 0.49325988558055606 0.49356790599359623 0.5319745620946904 0.5174980707598826 0.5326747751625204 0.5438683202200151 0.5500511471958643 0.5287168538671013 0.515007516911872 0.5182778440384148 0.494040748449439 0.46434288602758456 0.4754696956830732 0.4855569932742373 0.5073756391611057 0.49289515854728216 0.48944640165170245 0.4514854002000583 0.41167749852748503 0.426091364730399
