Raster_benchmarking/Raster/continuous/raster-163.asc
NCOLS 100
NROWS 100
XLLCORNER 1743161.8384605052
YLLCORNER 5469283.282208308
CELLSIZE 10
NODATA_VALUE -9999
[rows 57 to 75 of 100, columns 0 to 42 of 100]
0.7696123796229234 0.7506663246215404 0.7572905738465551 0.765483727430542 0.7463866759097236 0.7424263259122381 0.7548824761602478 0.8139911539212604 0.840543448528603 0.8485927327053181 0.8666858101909382 0.8625574761132258 0.831762429423168 0.840738084592365 0.8600721522114628 0.8886784540631791 0.8898324298091441 0.8938702663906247 0.9029040357704221 0.8807751473906444 0.889350842049592 0.8794350883891187 0.9022217606136698 0.8959481373335274 0.8600403037003476 0.8451249761554174 0.8456830930781678 0.8308986728634719 0.8453887012707537 0.8661600275725672 0.8593455376867936 0.8372100205646391 0.8187748574568912 0.8088580512184695 0.7673309850147665 0.7233954560049805 0.7031151373549734 0.7077834883531655 0.6744881322836221 0.5969199882068299 0.5926903872273646 0.582396604377631 0.5958211640361801
0.7950803379701263 0.7641888686907855 0.7628715179030525 0.7457770979244044 0.7508002571859456 0.7384565444436368 0.7497855986654731 0.7682634320521567 0.8256346113981992 0.824630905750123 0.8437421603839087 0.831603577568688 0.8212420579278582 0.8461304134426585 0.8502842259548491 0.8558214697504979 0.8678817890790562 0.8839386465143535 0.8674640984816979 0.8982009875575616 0.8986811480224655 0.878148121499478 0.8867493808811362 0.8856491832332359 0.8584468530218023 0.841517240194898 0.8574927071824622 0.8640589116676218 0.8667610408482312 0.8528963673291426 0.8466032144835334 0.8495879445204648 0.8107635814530781 0.8092759435003252 0.7666953604093464 0.7197273902582817 0.7137036025615862 0.6877385135426737 0.6640898786007693 0.6254227803768971 0.6265343497897468 0.6284927844780346 0.6146718814510849
0.7985216433450635 0.7805136103023906 0.7424238924303694 0.7489185657708657 0.7241493600530737 0.7222608072556512 0.7340509277474278 0.7514271911629046 0.7873684267018048 0.8188723667683778 0.8307103810782649 0.8030768863170974 0.8044143347568187 0.8441591076691143 0.8374396327721465 0.8131075924792114 0.8286307823629598 0.8524232296179859 0.8853700971725795 0.8910481959278119 0.8712532058835963 0.8769763095846477 0.8706676885886285 0.8529550654539277 0.8703302064882042 0.8567140499196452 0.8607246642117711 0.841995276566384 0.8555746512655127 0.8726871523179207 0.8543386857649262 0.8352587376516776 0.7990925157119114 0.8085225212920003 0.7648779400535403 0.7466908457973992 0.7088605599168546 0.6822503999031643 0.660622334122838 0.6345428516760817 0.636951122810792 0.6310030736512396 0.6344400028647635
0.7703691798666348 0.7585511609257998 0.7429939438161955 0.7301650391053497 0.7449188185136695 0.7275125816625151 0.7530653669507278 0.7791935013877352 0.7862405213338731 0.811204607397666 0.8041150042586134 0.8317127287138432 0.8257713301049294 0.8355000428166168 0.8289466787062759 0.8191018647898451 0.8180133948380321 0.829594846357822 0.8559573154337462 0.8833483991860696 0.8713312549295938 0.8986162521331154 0.8876747204216747 0.873313825398778 0.855398782283313 0.8542506215587607 0.8542249266954096 0.8702895903128064 0.8624981587800506 0.8589155416958915 0.8191739962196546 0.7891921959454548 0.7809378692088138 0.7936002076931431 0.764742461619523 0.7437272835332692 0.7175039832085629 0.6956725182053515 0.672959839485017 0.6324151134730942 0.637583283938537 0.6399276508717555 0.6486879506956179
0.7503446617122459 0.7671413954031854 0.7295513437970057 0.7308706300447493 0.7536891458630749 0.7514604649385977 0.7559637809033003 0.7927051154458159 0.7839193699870267 0.8246477725958788 0.8195314680158237 0.828317594147294 0.8304829144560657 0.8223878701755885 0.8239439365395228 0.8039529821986685 0.8145725384814656 0.8517752604418312 0.8434877422489512 0.8809909249438072 0.888308610886101 0.8867383113942051 0.9019584107009633 0.8817871298871688 0.8640229429868874 0.8620732002300193 0.8566148866581302 0.8507709429293105 0.8504183729392039 0.8377249934325269 0.8002548448876609 0.7713375076309436 0.7551591057273517 0.7723003213615759 0.7651755431584177 0.7452984798619537 0.7170362805516212 0.7149413176759835 0.6838607484379488 0.6233582363671585 0.6435858355292592 0.6225004827039804 0.6376884816938914
0.7525557567594353 0.7608607466219165 0.7344641516397689 0.7138604749974271 0.7219121576850964 0.7657081155243018 0.7666374776854158 0.8038915793515014 0.7993575143230606 0.8069584103350673 0.8042027136644074 0.8374989794328486 0.8268070194388173 0.8170878486821288 0.8131772360584777 0.802334742862069 0.8078886642675137 0.8327140955884693 0.8615661938157592 0.8726917702403016 0.8533041723579713 0.8628086664994081 0.8748172872715686 0.8646659883652514 0.8763864370712336 0.8720090034090816 0.8353594840761791 0.8444949037585069 0.8134870302735373 0.8228027803738516 0.7770774612222986 0.7592619166587393 0.7469757838263236 0.752121389494092 0.7582199115933259 0.7670127406744661 0.7449728059858833 0.708568604200255 0.6616052544234279 0.6255336674382957 0.6491178139384102 0.6387593128449783 0.6452821309796509
0.7566792853514751 0.7754001796238168 0.7458386630920478 0.7286475714475679 0.7363767362327358 0.7473246138758564 0.7871578595491061 0.7874162301539004 0.7846993883704102 0.8035724554282095 0.8123556126995862 0.8314849177648966 0.8370162809154368 0.8392061074934601 0.8177352480893725 0.8082395910672038 0.7896125451195389 0.8188329176638992 0.8182381469154895 0.8420280577401918 0.8480946514519222 0.837254790920356 0.8561822068343511 0.8745847897082789 0.875864245904629 0.8641550936604577 0.8485441138373494 0.8255337456194736 0.8139640406552816 0.8063768951376707 0.7848395843624106 0.7332128546161446 0.7387642536764246 0.7148480431104822 0.7213031400941374 0.7549382832055415 0.7252885202996537 0.7186289567740947 0.6926256101639461 0.6350061174231851 0.6634909115762418 0.6693159958996615 0.6767430764672914
0.7698333276490478 0.768167509768302 0.7480345387676395 0.7234730538745106 0.7514049876489646 0.7675514049465891 0.7793078189619708 0.7629056036927329 0.7715747737221331 0.7812519205257288 0.7972431569168564 0.7893197622026482 0.8170206764419444 0.7964338995409257 0.7917601619847396 0.801194716596397 0.780188099627666 0.7841862043844248 0.7965769711640308 0.8153679164994845 0.8233120651182884 0.8088160894875471 0.836429568412337 0.8498065403178827 0.8360715113011018 0.8342282945956109 0.8444511499317837 0.812184757935126 0.7765968169722394 0.7806773291790111 0.7499031150053281 0.7468222346276662 0.7413420282588491 0.7231033567537868 0.7157967666865657 0.7153268876684087 0.706528821355165 0.7033981991827855 0.7026212189585209 0.671427472658157 0.6621160434236184 0.6755301917159096 0.6687629699517758
0.771600418518103 0.7516392144782754 0.7402553812925462 0.7398239272513741 0.771069824042586 0.7877686132359525 0.7855136938380506 0.7658332208258719 0.7703736875909125 0.7960413400092835 0.7937719067864808 0.7617876413335786 0.7607816148824569 0.765928724580236 0.7795902355298203 0.7820776636097092 0.7860939875960211 0.7798672803162368 0.7779227967287418 0.7953668514714737 0.8052286893139421 0.8139426008161535 0.8059766198465499 0.8279599753579587 0.85126465415176 0.8431910616658583 0.8173818378403284 0.7839690573431168 0.7661163047185133 0.7479959714333522 0.7438101004900234 0.7444711282150893 0.7250225910514339 0.7137546839065975 0.6937637019169332 0.7004503405226191 0.6975298048887696 0.6723892408331437 0.7186430665307785 0.7097927547063305 0.6956684762767885 0.6958197024261806 0.6969688298899552
0.7843388254969298 0.7788744806249386 0.753090150386203 0.7769905148568336 0.7591837655450471 0.792075916450467 0.7950380438904024 0.8078988907266836 0.8057528420525693 0.801299205308572 0.7715118973000622 0.7491640155907158 0.7712284796378732 0.7853017395920422 0.7780120544391705 0.7954313106598208 0.8001975283617264 0.7888678884090649 0.7752474422297696 0.7925806921579538 0.7940632856404782 0.8000372471316026 0.8176315642242777 0.8280506400572339 0.8401241944546916 0.8479499343569025 0.8137688003309567 0.7798789835940567 0.789766776434173 0.7861046917964543 0.7636307312896552 0.7383742280595076 0.7265414768736548 0.7080060827827759 0.7201977529183047 0.6899198207327099 0.6779263503580724 0.7031738671303257 0.7179076572933925 0.7299932590557233 0.7066170319061527 0.6934970979497224 0.7127964074972389
0.7719974106570013 0.798269249174347 0.7996129190803591 0.784477547969308 0.7986903521775313 0.7964284716994128 0.8167703106416616 0.8208401270393826 0.81813156638648 0.8168660311564597 0.8020703146709601 0.7663215652915775 0.7907379920906134 0.7672070643463099 0.7906050011513726 0.7858602812215356 0.7851007067893648 0.7789902354641168 0.7798029429260156 0.7781614544218998 0.7616808280343135 0.759220810771732 0.7736337771771132 0.7988110038996808 0.8223120036342584 0.8194784261473177 0.7900634159046508 0.7916274235063133 0.78961666911362 0.7690825284341052 0.7416114844762438 0.7418372555147585 0.7261260972641573 0.7188828833042477 0.6876887867494493 0.6921910424612657 0.6804289984331333 0.699435353895084 0.7013560682819562 0.7285649501976004 0.7178421537284078 0.6919870986644743 0.699166411597495
0.7885536892413042 0.8268450091208716 0.8323278874310049 0.8312500268668032 0.8111135608236663 0.8401064994365417 0.8468387520922885 0.8236368764065898 0.8359988968581492 0.811670467286717 0.816639062158482 0.7871976014864661 0.7823772449310016 0.7847685795576292 0.7941110728367164 0.7951718485110356 0.778049452159821 0.7733525787099086 0.755644408051155 0.7695125289744814 0.7839885971827603 0.7793510327807992 0.7542732951291901 0.7839780438804062 0.7725197099174174 0.7766829832030164 0.7802247139446945 0.7868274984385585 0.7667141236173471 0.7702986898916944 0.7417909264660636 0.6970779649615563 0.6955034233361955 0.6756329296822725 0.6753540351259404 0.6619718740440126 0.6831213838687686 0.6894988269821818 0.7009110813679574 0.72535427565548 0.7067179347376079 0.6983544468995655 0.7232748713552859
0.8211999806634894 0.8214146584721206 0.8228832097495627 0.8546227098731098 0.8583628915019469 0.8362504534024087 0.8498287264488471 0.8623919080011963 0.8375963367062944 0.8445662227559377 0.8051825095575983 0.8028607322144589 0.8131139563871765 0.7924466331590432 0.8140316191474466 0.790824135240891 0.7909593319829069 0.7693485581593207 0.7882652463926527 0.7674422245290086 0.772075707666973 0.7647423064524664 0.7368939915932001 0.7506151243160286 0.7607919944665811 0.7391382403949827 0.7451730273050714 0.7334216737687602 0.765227012133073 0.756724425847123 0.7193784441074718 0.6858155726543013 0.6993074921073166 0.6607080539258556 0.6781572840063493 0.6546717267235892 0.6768651170213247 0.7299582958798896 0.7012335688631145 0.7067473691992358 0.7358578417661619 0.7370569518912214 0.7149406403981888
0.8601430392296626 0.856117689353078 0.8388509646256369 0.8740351160990282 0.8748450399060341 0.8556831218598949 0.8406856767277506 0.8460652159010581 0.8361196181924742 0.8333691923560939 0.8278918142730158 0.8291331934204382 0.8037291306021512 0.8284287623429367 0.821329968536208 0.8017971128470424 0.8065201791533514 0.7795640152326799 0.795388159983743 0.7860391556450934 0.7679787347482575 0.7614247823641157 0.7410476306092354 0.7328557511219603 0.7273052084925519 0.7489059907308634 0.7301524809420123 0.7323688786939229 0.7310184008302667 0.7428206218598877 0.7093675159399195 0.6856984468674122 0.6920418767227074 0.6800565094709695 0.6745277143780382 0.6816877820373124 0.6978672550092017 0.7062237083572804 0.7180314716578279 0.7057199630639437 0.7296404626337247 0.7344613843558406 0.7289308593768776
0.8565561151081273 0.8680144368538285 0.8447370688494349 0.8694974186059757 0.8618241746554894 0.8663037171524234 0.830379708732575 0.848855501705029 0.833124866143599 0.8335480226592508 0.8501084662760674 0.8353068443793217 0.8228740718633648 0.8200751732870183 0.8227656693897789 0.8318933304365639 0.8121778353428982 0.8064441326717907 0.7911186122149226 0.8095064298686214 0.7683191643848193 0.7707394007893756 0.7580169350730518 0.7109304175814958 0.7239430708060783 0.7561398859738268 0.7300960904473748 0.7645863504917931 0.752618786059425 0.735487917581797 0.7121052160767873 0.6764364960520808 0.7001085993688505 0.6808215756030666 0.6745256817976664 0.6551809456293757 0.6847240095725076 0.7243755729981445 0.7225068558906937 0.7158583244748574 0.710651221287178 0.7423478438563867 0.7520955468913981
0.865498103785339 0.8419490300596546 0.8661995159348239 0.8498412504875145 0.8580478546039422 0.8536567972482535 0.839321806745715 0.8316198075406335 0.8313089282914484 0.8227676135987095 0.843445029942372 0.8456355839037439 0.840730975260121 0.8421106993065076 0.847888798695107 0.8374887439739384 0.8337292750591172 0.7980167314833245 0.8006606817811812 0.7717588522997245 0.758135547380357 0.7671566870795226 0.7546200136306641 0.7462605625693125 0.7221884380190943 0.7197391628880679 0.7418772100316625 0.7248644866165294 0.7243273114783023 0.7075134235730602 0.6795550739335633 0.6919249294681279 0.6928394784748646 0.6720716523587236 0.6718485344390398 0.6723076495208777 0.6829479900410009 0.7164306435447616 0.7285168847635136 0.7262522804478833 0.7122042537716703 0.7466225160416717 0.7527411670185907
0.8500501997179389 0.813513328685081 0.8262628903462209 0.8421573300843955 0.8481403358780534 0.803146132936947 0.8141355528029961 0.8076570551224533 0.8247728637746056 0.8335282830806158 0.8179024462144777 0.8311525616918078 0.8608382293138349 0.8467970330977509 0.846057782097328 0.8343457532012719 0.819903372831981 0.7953044555131756 0.7860877586158661 0.7758493905750378 0.783042902396966 0.7516121334301274 0.7441694982014181 0.7596441911442101 0.7450737775109384 0.7336405138420199 0.7106858514663371 0.6994716115840051 0.6865394096782986 0.6844704027817616 0.6916516569147083 0.6620530561325366 0.6847929864138248 0.6857552110276692 0.7110573600619502 0.7023399892173171 0.6883584865908251 0.7071279585347013 0.7007451908272198 0.6997646214745472 0.698009556330276 0.7310561675855493 0.723046789468532
0.8279552377338747 0.8251608157841663 0.8218592943613131 0.8043760161381248 0.8166027001446882 0.8011666311206015 0.7948834833929855 0.8103352840350514 0.7997927664102504 0.7944763966010145 0.8146524724506864 0.8448217321658555 0.8532774288282441 0.8501184111084494 0.8383971322193597 0.8522708379953817 0.8247054569556557 0.8125893101602693 0.7873445171099956 0.782441474782113 0.7715092761190468 0.7502498353282598 0.7644226537339067 0.7832098991929121 0.7614246962312833 0.7613650089428825 0.7358906434119026 0.6909746406977727 0.6962598163931479 0.6963671898178143 0.6865287745449893 0.6718053242108305 0.6914852292751387 0.7172702813541963 0.7269309809073567 0.7318920553441542 0.6995679763817829 0.6816241054110173 0.6860894507322198 0.6791220182137574 0.7020346212675128 0.709488372229525 0.7258825079892001
0.8324506446108236 0.8025847857437365 0.826894141569533 0.7903505314873942 0.7958092512116556 0.8089770512435348 0.7876737681623932 0.7835978321253417 0.7841735235425277 0.8003893007078902 0.8174926766077879 0.8078057141638194 0.8361713600758826 0.8507335925183226 0.8382001934456328 0.8486975620123166 0.8240759578766388 0.7986117895846433 0.8164467350596637 0.8143754530128015 0.7933876568581806 0.772217149549661 0.7815047207566443 0.7985465158492471 0.7813965832109956 0.7702808854235623 0.7497989823565389 0.6965303913749664 0.7244203943647379 0.7262678564062068 0.6959992468654463 0.6736566011389036 0.7060324622935529 0.7091820029721515 0.7304878474527741 0.7411096040321457 0.7152474914548242 0.6707345008251482 0.6755024435228248 0.6596626573310491 0.6584366538692238 0.6896284249928971 0.7066948002944411
