Raster_benchmarking/Raster/continuous/raster-7.asc
NCOLS 100
NROWS 100
XLLCORNER 1743165.0832194244
YLLCORNER 5469289.560913433
CELLSIZE 10
NODATA_VALUE -9999
[rows 19 to 37 of 100, columns 0 to 42 of 100]
0.41235175086797915 0.4309592522562807 0.44111016630543676 0.45900778882778476 0.5161013391117336 0.4972933734026149 0.46834015753781294 0.46875782101864516 0.48548645625714 0.47174657644995993 0.510278592961516 0.513337071929728 0.48181057456451565 0.4814113877877925 0.5086805461200019 0.5095087247780865 0.5195599467686793 0.5428506309577668 0.563040065311861 0.5729022935766617 0.5581877082866047 0.5541145862213724 0.5247529382425095 0.5149364991133595 0.5367097277999904 0.5600225335381297 0.5679620028111867 0.5501975254800289 0.5324801071729791 0.5749647036796188 0.5688131913927 0.588353303899937 0.6076181624146494 0.6199258271942292 0.6425748080505205 0.6614694681673179 0.6753827368970768 0.705643049862305 0.723143822010981 0.7158310813989284 0.7436998884075013 0.7482328138886551 0.7532254547288624
0.41188758481643173 0.4073261791103174 0.42632751649288403 0.46747073134435635 0.49956476341687195 0.4961533517549862 0.5004800784374794 0.4845155042106262 0.4798162091196862 0.47253512121864155 0.4750400160628045 0.4911890581662477 0.47215571421382835 0.47145169911711693 0.5072962856181136 0.5186507246719142 0.503551808603837 0.5137953837218102 0.5232728037808603 0.5283515411243737 0.5309060093858066 0.537582349661762 0.5090246411062238 0.5098891803053286 0.5196279412739176 0.5385418880567637 0.5462602455915532 0.5508324476427356 0.5734134292980301 0.5677860493670062 0.5677569818243279 0.603731860381304 0.6177460169289157 0.6242975661569266 0.6691423837294452 0.6845472963285055 0.717443589469897 0.7131238219093258 0.7252756495659749 0.7454465355221824 0.7529304934681429 0.766713035601069 0.749732431026383
0.3917012548141612 0.433907017667372 0.44834829760722644 0.5036334966548759 0.5335415159411695 0.5169212185210912 0.5257079807347185 0.5184297326705725 0.4994495543188942 0.47229304613050677 0.46143010187994277 0.48441490208463944 0.45620697579762065 0.45702415230731414 0.48172656104344697 0.47553606459768066 0.49550041174704884 0.5044079649203665 0.5020703296587758 0.5112698416339178 0.5577716872606918 0.5249986169366907 0.5346977060310665 0.5206794484971337 0.5239671899207213 0.572862084963455 0.5830475233753143 0.5876200737940562 0.5690632446819592 0.5904179863866931 0.5762293433739644 0.5979206560423929 0.616076749132196 0.6563658259895203 0.6549403223827015 0.694873876458972 0.7213744875312446 0.7356533831407337 0.7599106824844003 0.7690616011575839 0.7626945626928402 0.7433075160558579 0.7316112710447948
0.4393471145836544 0.43261546607279355 0.4855805389144503 0.5101338418630049 0.5055604270772637 0.5291675918212565 0.4948124829216993 0.4970436008179158 0.46884951254824386 0.4773712705326823 0.4815439985269463 0.45167443825585424 0.47664848150531736 0.45652243559839323 0.46262102844319514 0.46880914256506107 0.4996386395793646 0.48437502258204007 0.4906227415480989 0.4971143761192477 0.5257575752469179 0.538985957434058 0.5123117852771933 0.5139378144054677 0.5283364086362811 0.5676900258688236 0.5857120894259944 0.580637983082186 0.5845933124119959 0.573208902542488 0.6031539139454892 0.6129356134131674 0.6510197305775837 0.6677158094917733 0.6785950041568827 0.7146993407063217 0.7116339946605095 0.7323106391604751 0.7443483082311672 0.7553440522299983 0.7387066139038166 0.7325200019067112 0.747219460018941
0.4254680823996917 0.4257848572177858 0.4772625521288063 0.4914124189134988 0.5159323033134013 0.5119457407082364 0.49401614696186463 0.47457495505438474 0.4498738230835107 0.4664945428632749 0.4695594954515024 0.48161918366746653 0.47378282618926754 0.45129784699235903 0.45175370597569936 0.48958482465593234 0.5104323962532156 0.47858824575852965 0.4829554196151453 0.4782491194668272 0.5084946560294298 0.5264952181075129 0.48753424395164435 0.49866190733344623 0.5572766687335227 0.537443150312917 0.5557370533087125 0.5846272271037596 0.5709597092436064 0.6012368873587898 0.6209146987006243 0.6435129083751335 0.6641390223754438 0.6604653424900947 0.6826795761013434 0.6991147356254865 0.7475502250192549 0.7345683325308572 0.738222411735631 0.7452944746273719 0.7776604459282702 0.7618835856740185 0.73370643379939
0.42031850633750806 0.4344483225673825 0.45138214263111576 0.4573038465173387 0.46618645967917854 0.47942419172209105 0.4795312149206802 0.47110731054338284 0.47101615144629927 0.4441576569209693 0.4582807170494585 0.45483740001081274 0.45968425797656154 0.4505284584762559 0.4604776110038965 0.46937427874942983 0.5058522101449886 0.5072397967968625 0.4796069477915524 0.48473023898951767 0.48135219047963046 0.4951642478991926 0.48803586500779433 0.4894782451986436 0.5198791029225126 0.5170981573662942 0.5318865970378894 0.5522838820185697 0.566161669772608 0.5883390630499858 0.6095820876228781 0.6378404028244078 0.6621703690553155 0.6878345436758245 0.7056110919781329 0.7214481540372644 0.7324739307700112 0.7543483611210792 0.7495655376533052 0.7437650463492491 0.7507380473642266 0.7432626129972583 0.764275926956355
0.4233208734932603 0.4365814826989697 0.4553602979918083 0.42395888869809223 0.41693205913522774 0.45087832673511435 0.43566222469754995 0.4396658921110357 0.4782890482334254 0.4497207884836303 0.45636339711871593 0.44937279941883435 0.44628760385547944 0.44391726804788406 0.4488410561091409 0.45592888636756745 0.47194297303919336 0.4852819610603149 0.5226670909916011 0.4818321541904725 0.47127032085962917 0.4745345029899142 0.47836461330344293 0.48076371909956717 0.4694318955893574 0.5090889230125726 0.49315492103467945 0.507301414971764 0.5134406999277228 0.5701321474526063 0.5829317191311405 0.5991326621813613 0.6172296001044556 0.6786935147518507 0.7075953096250873 0.704040108670965 0.7230416571574098 0.7343908813352825 0.7405110367682928 0.7397075548437833 0.7632441713056127 0.7482250108678151 0.7788740463739602
0.4105239136466239 0.4359929518907861 0.4260489814672972 0.4025164840011272 0.39260470597808456 0.4275222721278657 0.4351114169367665 0.45043206182093753 0.4872703639555405 0.4763618546330033 0.46723340190966456 0.4431090741580036 0.4194644860342566 0.43278073841374326 0.43742255746073444 0.4656531907671974 0.47387749401352947 0.5144069001030845 0.4979662944822509 0.4953128807259534 0.46333966543138533 0.4859664553029556 0.47772732202100093 0.46926706161704884 0.463604021535619 0.48058333431566824 0.49276815181848493 0.5160210139073164 0.5351536369028076 0.5300633586217627 0.5778048879405475 0.5892796842798982 0.6058874114300161 0.667440139930095 0.6657985086754818 0.6856904727799105 0.7183101526815321 0.7115884698853897 0.7527659994583074 0.7659673508162984 0.7741536141162149 0.7603597697924405 0.7722262514121339
0.40919317679729694 0.41895555455808153 0.4238748132743266 0.3959932227089296 0.37492260112701686 0.39183648021662787 0.4363297865126383 0.45327163943756804 0.476576936413077 0.44096585156937496 0.45074562448206196 0.4429975758247831 0.41762403833826556 0.4530801724320756 0.458959549354204 0.489299453325737 0.5218802490533674 0.49533091669703844 0.5032488212571565 0.4772082462636533 0.48140438461782403 0.4870683381223413 0.4878252776529233 0.46456520935384704 0.4685352598700091 0.472460828151106 0.5091864137740136 0.4891869846309034 0.5078027547384507 0.5559212098657752 0.5850905966017662 0.6079772356429372 0.622820755474594 0.6345282624428301 0.6474222237985803 0.6687454772253676 0.7086866663772468 0.7221498237935798 0.7380943390817858 0.779276379564245 0.7971296838574824 0.7918248091390322 0.7752641663266834
0.3675669846270605 0.38593163493362914 0.396886657080712 0.38616407818240656 0.3707099288845699 0.3780760385989406 0.42605928026889295 0.430027410698952 0.45787243837586694 0.4327466215821478 0.41982995034603365 0.4329534417324537 0.42719692854826197 0.45800992671814506 0.4614945157039437 0.49589139881180355 0.496611720773745 0.5201717854839357 0.5120621780359969 0.5084270710690257 0.4888786141044505 0.46985776738807494 0.4624682413694784 0.47862575291181186 0.44313529301714655 0.44562971081879066 0.4850714834740192 0.50356911916724 0.5208127501521637 0.536210906403196 0.5541388272223798 0.5961592447141075 0.6326699906611016 0.6514981185953121 0.6836038354353607 0.6897486859272807 0.7015200261908664 0.6892488104999014 0.7169638649095078 0.7550063782532995 0.7730749306227983 0.7828718249422049 0.7852775108053269
0.3382966231047424 0.37552808658091913 0.3613407540433706 0.3652920968450426 0.3743429270010136 0.3662246457955722 0.3835779140930104 0.4164847711197423 0.42181598886875726 0.4308713453116958 0.41403924828923855 0.4346841540122245 0.41064211912066667 0.46338405630199125 0.4770076783409642 0.4896815462906818 0.5078795219715011 0.5274234518857752 0.5053823346941804 0.5222724764639769 0.5142495674627097 0.4753036692529748 0.47265454060221923 0.46274314706475195 0.43494264954924966 0.44447672352967416 0.44904996145256315 0.46844699887888736 0.4968416589638996 0.5250289179307731 0.5149734163339346 0.5758288207205623 0.5951379017610607 0.6483799943887549 0.6708935249261757 0.6864731516591828 0.6770217452194203 0.6913476758215796 0.6988754528781236 0.7272877534942042 0.7744367942465916 0.7642883967126618 0.7751425324675054
0.3328789588554926 0.35509380713678373 0.36171587967930036 0.35843021301824035 0.37168039456733615 0.35825417904121426 0.38545543757788014 0.41119592594487564 0.42782554835282655 0.42176707774552746 0.39270097870389065 0.4057121001021019 0.40661331784902044 0.43755852066281203 0.448688456720838 0.4656738425468487 0.4835993120205485 0.5091509401996351 0.5112059933351814 0.4863744016923648 0.5114016417060651 0.4824225576988834 0.4824621682979239 0.43803333647286957 0.4404722247442954 0.4409369529211669 0.4547880727525192 0.46201686882164616 0.4838472673145349 0.5231668137317439 0.5331363882832793 0.5481359915895945 0.5891563456604331 0.6224803143809041 0.6351734713088191 0.6664194366035014 0.6623367780079368 0.697996806249885 0.6932431131538559 0.7358162203020064 0.764623573926041 0.7863394277648309 0.7912705279043271
0.3202294624621452 0.32421049632697196 0.35190472482946156 0.351376337313732 0.3213188243922903 0.37381411754583926 0.3719373784385977 0.4056802760221615 0.4255284850459604 0.4051464065796275 0.40661198399972176 0.3931057737680801 0.4129500607987987 0.44740156324556013 0.44054003029316924 0.4657288002816001 0.5033731177134403 0.4993737402995168 0.4735404836657195 0.4623606591837003 0.4949854873285159 0.4757455566133316 0.48048133535948867 0.465122977976546 0.43061331840497025 0.45380255197005237 0.4866960284668057 0.47680220640924104 0.48272704920747456 0.5024213534993575 0.5505231334214652 0.5786567270566969 0.5781010576624318 0.6028882362665325 0.6586249680613719 0.6638783878683322 0.6411190528153161 0.6913280271560915 0.7080257388559269 0.7507938236985828 0.7670767900845589 0.8001490571469019 0.80063252757045
0.3030062927750585 0.32536581359897176 0.3314350158464087 0.3330895236759299 0.3485839688148613 0.36460816311895894 0.3862810192942357 0.3862575652197546 0.4031325244140572 0.4009792749051125 0.3958573982902056 0.4092461389929115 0.3978175661926507 0.4304168614518528 0.42185935476546677 0.42887979898333684 0.4739399494976059 0.45978170696147125 0.47576119956244384 0.46723658761703096 0.4772661686134048 0.4574150398733558 0.4529410601043465 0.44107327090882614 0.4289030572319677 0.4440124280283011 0.48509633665080004 0.4959876289991077 0.4907781680703023 0.5232602492274272 0.532021564478155 0.5729563527791119 0.5833867975259405 0.6203415014602919 0.6457589680320696 0.6725991230579214 0.6568573725945683 0.6878339323598456 0.7085704401688269 0.7390404761153793 0.777854553514275 0.7969687730752447 0.8041307594409466
0.31046564339506755 0.30104821726483394 0.28021690093154283 0.29812725555222613 0.34078077760431874 0.3336419189312889 0.36083736404915157 0.36962200394393563 0.3466113160893681 0.3785170857945209 0.3825919188763607 0.39297167681679224 0.41191759398950356 0.41486352571604235 0.40803057053854025 0.4249408630757606 0.42399737270739307 0.4277023046271066 0.4242805907395809 0.42785185382866553 0.4478041020809568 0.4381981040279081 0.4220104827884611 0.4274040496765074 0.42130059946239606 0.4618396826745042 0.4995866696413748 0.4883437431639551 0.4950410656895912 0.5153090206734036 0.523094168102193 0.5618936669073546 0.5745493416982522 0.6395053742165665 0.6617694273063243 0.6957412109937271 0.6919180597628088 0.7087794995643908 0.729577805021998 0.7457165421993136 0.7665039284948755 0.8203654333837481 0.8447509774292589
0.29289607778494103 0.27225392451962616 0.2784188957666042 0.2930934488136693 0.28838358627527233 0.30171069839735265 0.3343508795441513 0.32214565375465964 0.3188234435354548 0.3327023632460433 0.3441131548477199 0.35791359547248575 0.36262700459821434 0.38688349328029586 0.37183449336884605 0.4101787213236933 0.41599603787239464 0.41333978593562676 0.4140363607984901 0.43423453184655764 0.41413217099388533 0.4376989607860762 0.4307724271082398 0.43094115923185505 0.4610363551389995 0.4539416422068684 0.45738034931879573 0.48100732646623173 0.5079797756725488 0.5118657521044415 0.5360964924544486 0.5636578174733625 0.5960971567757734 0.6273854999090422 0.6501788579085984 0.6946198321610075 0.6968457497334736 0.7279943094383172 0.7596094149253995 0.7586389510610018 0.7794490445650301 0.8196310918989632 0.8117473230238542
0.29237224387916433 0.26430401257210734 0.24250754345039005 0.2551627069683822 0.2717396273680863 0.2644804888680922 0.2871398352234999 0.29247742748256333 0.29891419773699635 0.32706672270611326 0.36280905512295614 0.37090220959281583 0.35195673692271484 0.371473251561336 0.36271151172375793 0.37837101767141634 0.3981514991002677 0.429401036428442 0.41796714971742255 0.43541787326589054 0.39577798258732444 0.42193411685052085 0.43258157186117996 0.44619162923060846 0.4630054626950506 0.4430938836218903 0.4597072291328819 0.4979872182434742 0.49441748811613767 0.5304030822361001 0.5490099952214187 0.5749543880466639 0.6223964198866639 0.650255061553867 0.6873942023143281 0.7070746767809643 0.7395280734228427 0.7338115469031345 0.7671670237602636 0.7877601476548682 0.8063688650598462 0.8194414390239312 0.8281505956063915
0.2600993453006999 0.25289400622055735 0.25559598901370956 0.24779811073411778 0.24218929933130193 0.2721766395301742 0.2855803595302729 0.286399852692491 0.3142685178996608 0.3363452640767278 0.36587362328023665 0.36585788158544413 0.38099284158579244 0.35519604419905626 0.3717148960688281 0.3770159990921656 0.4024238722631129 0.4199816312858122 0.4414404982945154 0.41725713074035464 0.42947746883866084 0.42560622912189905 0.4607491264772423 0.4651422825975905 0.48264276456505734 0.4708700270862886 0.5004161980634266 0.49312413684898226 0.5191523639465789 0.5744600894982109 0.578944734317439 0.623040569881281 0.6576841093872762 0.6751162863691508 0.7168161839481223 0.7344699364818253 0.746837049920708 0.7525956766325151 0.7657132056181944 0.7787920005987813 0.7826195348312497 0.7728815804050816 0.8084360484590358
0.2782605737919863 0.27847515188696087 0.26030260652511034 0.2487463447859595 0.24753217741250813 0.2700059796396738 0.2602681882985682 0.3040706568523708 0.3269943856863283 0.3532834490543005 0.3435480148409297 0.37454173080115827 0.37441231294167443 0.3756579675204411 0.37019360226834713 0.39468228738593497 0.3996916418203507 0.4156386368823325 0.4369668895505066 0.42932925700747565 0.4579913644648015 0.46161257051857163 0.4706938665684775 0.46134067989808186 0.4585739288560065 0.4673126138973512 0.4988812822638231 0.5399966595987269 0.5764540367983743 0.5727553509937361 0.601278313844898 0.6311171690038831 0.6390967466555115 0.6845512106104904 0.700469356901742 0.7068929093210469 0.7394027355946627 0.7446187830394296 0.7345606627934624 0.7402045450368294 0.7489996366317544 0.7522028354046724 0.7869137899151445
