Raster_benchmarking/Raster/continuous/raster-14.asc
NCOLS 100
NROWS 100
XLLCORNER 1743164.9802764805
YLLCORNER 5469294.354832552
CELLSIZE 10
NODATA_VALUE -9999
[rows 19 to 37 of 100, columns 0 to 42 of 100]
0.520672289408491 0.49199005020638775 0.48422881466883666 0.5100212712157127 0.5089703992539727 0.5245747020564933 0.5218049992295202 0.5275961621270868 0.49509217678102085 0.4451745721358386 0.40151879576022326 0.4506832149678002 0.4256845214538611 0.437107839169943 0.41901722524462465 0.46808384635783895 0.4255053765713932 0.4196187949458504 0.3757200858065528 0.4090251151312201 0.3820500207172795 0.4066292166444413 0.4132985736743668 0.3797427779399761 0.41950218060993494 0.41357846436076107 0.42329664317856636 0.4031758263009714 0.36509814446955097 0.39533037383338687 0.4167514981351756 0.4199345077053714 0.4398483560711335 0.42257100733366953 0.4490154515431524 0.46922275702002053 0.5252524821638741 0.5095448637595904 0.48228313539318074 0.5516137226522122 0.541426407324322 0.6306997423818496 0.6192608815378421
0.4837776320442179 0.4588205093131824 0.4944755605412111 0.4453182196443021 0.4569018275777904 0.5049241637137426 0.5382468675161847 0.49105965600204027 0.5049255220940374 0.43331179079291526 0.45279000297650307 0.44191364643922015 0.452535621580621 0.3955170477799752 0.391256075549148 0.434381962676593 0.386018362500128 0.35977899519956846 0.36200306280475475 0.42486004934949056 0.4441836716003734 0.4183926986710235 0.3809151191807434 0.4209931829129349 0.4026953230696808 0.40211064709867433 0.3665934179429393 0.3899793932933592 0.3892227960092401 0.4071876150327324 0.43612296837459624 0.4593268494204279 0.41806738084155604 0.4667670911470999 0.4609574288694168 0.49491986587381825 0.5763994569184195 0.5269007684312589 0.49137871690505996 0.5678206813776214 0.5637217119937371 0.6156195507846912 0.6823966669018275
0.4295016206982154 0.442293307848428 0.47433756693989165 0.45450232871564206 0.47149358437313454 0.4918953510534621 0.5287412214699118 0.462826856937832 0.47682247126410116 0.4307184545630018 0.43729110798828175 0.4703827891410852 0.43612525956069426 0.410895808549 0.4202725347607557 0.37350486733670724 0.37605993295905243 0.4007011659595615 0.42889981144712924 0.4334935330215095 0.47360107889567976 0.45466605694650025 0.39029954096880476 0.4100220110674891 0.3985260174284872 0.40516526913281053 0.41637104247710915 0.4201879844558332 0.3921322590263303 0.4154053176876363 0.429845621260513 0.44264032883045706 0.4097206227047969 0.4648690602229005 0.5403191413527055 0.5138414668073066 0.5734654247148546 0.5653404228457773 0.5355928732691785 0.5567854807135688 0.5943285424030016 0.6425967329428083 0.6812697329149018
0.4193484530728431 0.42660773537762053 0.42134998549449615 0.48953001963406767 0.5338065619784718 0.5020957993671302 0.5038581585775628 0.4630570241305534 0.427001924983877 0.4743871145592457 0.427393471313795 0.4865764406346994 0.4215114681767444 0.38668987957955575 0.40147353645611566 0.36306159942162186 0.3838182928305986 0.38902502694584834 0.40561896352007915 0.4418282057810881 0.42598580692078164 0.441005250641735 0.4466972369101046 0.4498726172324988 0.4026798109177416 0.4546788225650117 0.44289290740825293 0.43866820873228407 0.3811954224534945 0.40233862270327314 0.4229858628026619 0.40546094626610285 0.4302252297709657 0.49200727456813936 0.5907995581414852 0.5739829116823072 0.5342452955533661 0.5963465585391919 0.5745292531907925 0.5876077654475145 0.6684397494543626 0.6313035011555881 0.6747658801191994
0.4617471176429534 0.4550325637324581 0.43234524781478617 0.4899401699452879 0.5175924142072775 0.5137218349809657 0.5069733379533895 0.4634313512523498 0.434085445086215 0.49386892466700105 0.44763879028377196 0.4860823822204276 0.4621319475445848 0.4397120361226139 0.4373222023715993 0.40601605934989166 0.43009781214795184 0.4186513330261526 0.4546207580693382 0.45416186206615217 0.48257025284323857 0.4451559123664949 0.45642939917409187 0.4315422701700069 0.4674909498766073 0.47280417150088355 0.4847291080467572 0.4296461839454133 0.43899679998432595 0.4350918551088796 0.4461440934027666 0.4231274251754063 0.44879443906063266 0.5066962934891133 0.5453714829535001 0.5926420895271151 0.5868609020626225 0.571413434461326 0.5888578279480293 0.6507253867669964 0.6966594374001372 0.67183756014394 0.6728688526102702
0.5034992506133104 0.5055304942100254 0.478847907992843 0.5164870999676592 0.5301441977163295 0.5254246492666312 0.5697564721982793 0.5007930742780937 0.47388510780697546 0.48091645393272675 0.5083446359318 0.49698420233852264 0.46188330807293837 0.4571049732777462 0.4072634844966924 0.4317208582134935 0.4472155948964011 0.48008386983022694 0.48873374047878976 0.512342214062805 0.49754014314876355 0.4648059679386589 0.49910339161866457 0.43522528793305226 0.4665046086438978 0.4819832783719907 0.49549606518918493 0.4358937234499896 0.40973411508235175 0.43161573605286674 0.4859856829626967 0.46049186015565663 0.48808770076663016 0.4987186842283481 0.5365485518701695 0.5571178551951834 0.6118911380147691 0.6624664383904189 0.6449644950586756 0.6851079243490049 0.7320523623334895 0.7127757253145399 0.7124751289098121
0.514218358199393 0.5327283665017912 0.5558756507054857 0.5609624382684265 0.5461436783776892 0.5404035267721841 0.5690448495261683 0.5674180433520862 0.511539230085481 0.5199371424541624 0.4879478008178528 0.46705030248097834 0.4715539064127363 0.44911693648639556 0.47661997486882374 0.47026360045676685 0.4790040514036413 0.5214094326785262 0.49529256229010665 0.5006159747558635 0.458607940108073 0.4295499422581186 0.42251160496445134 0.43629883852353907 0.45518303255924436 0.4818758113983492 0.4504391566187663 0.4476687490243507 0.440346950405222 0.4385422442038412 0.49448567681894257 0.4756948242470694 0.4842368171696677 0.5065262860896431 0.5380102745015813 0.625617920189511 0.6467529929403489 0.6885195204689427 0.6609790157495204 0.6991665911924736 0.7029205495056222 0.7055130838449403 0.7488308207206593
0.5218994517040965 0.54131806399748 0.5802487977914091 0.5701992067321484 0.5902854986588717 0.5736763417996924 0.5890690517861793 0.6004625093295991 0.5895786767393884 0.5589272351809298 0.5216155867409406 0.481265389063269 0.49224612609342655 0.4942177935203352 0.5005291878687647 0.4728384070634383 0.5327541973186246 0.4968776164385477 0.5398676772756925 0.49304409248880415 0.42234703291375575 0.45375708947541915 0.39701779156365874 0.45463738776257495 0.46466928805042207 0.452075661983943 0.4376006569311319 0.4125878220724793 0.4141879066064599 0.4211279457669966 0.46454743322453107 0.5044836271260668 0.508009051610534 0.48828783112468616 0.5830519178474489 0.61846625984701 0.68468058021701 0.6918800168920243 0.7182922080748952 0.7211480872378543 0.721755510831933 0.7181723467796148 0.7371371972414207
0.6006124027227955 0.5934113474156204 0.5868837804925617 0.5967085245070204 0.6171393313505373 0.6160572179291657 0.5929363614686327 0.6271429335587327 0.5821851372100167 0.5958593577690132 0.5547193639215258 0.510596639000595 0.5226535697054315 0.513316550907278 0.49563188203612973 0.5232424728353416 0.5582436556296574 0.49736187133749743 0.4878165408656248 0.47784004553824827 0.4886409896484841 0.47556198357735013 0.4785987863557334 0.44739836519081133 0.4459008345718077 0.42140469839016936 0.3883767130461048 0.38858556074391426 0.41466606322332583 0.4660359548410064 0.4902469268560168 0.46084930068492475 0.4644026271196621 0.49299317154523664 0.5868711388655448 0.6162601846899279 0.6540209724170843 0.7146661220482102 0.7428602299239937 0.7261469751786699 0.732993758588911 0.6840440913444411 0.6819009632153943
0.6167772492119178 0.590529824324311 0.5697665621401639 0.5830250475808727 0.575704902407538 0.6164728221441731 0.6126514225856665 0.5947918469352048 0.5760772505215833 0.6140309643627069 0.6249805974317475 0.561846837294649 0.5201904017178771 0.5382804460603446 0.5637048067942361 0.5550812413081362 0.5435969391305294 0.4948992910388491 0.46787919408032064 0.4931877075811748 0.4714014718120812 0.5216527287440452 0.5015462545045505 0.48573114157496544 0.4674585077023938 0.42434017715765915 0.40134675902492767 0.4441920907334236 0.42901563962704486 0.40982840058965997 0.43654656811593334 0.40943582192758715 0.4412915886546361 0.476477284109009 0.5143206866380715 0.5959760249819381 0.6333116055309931 0.6396007068387495 0.6985345473750627 0.678116059574464 0.7298407735773531 0.6605548559058192 0.6665411404842181
0.5521695064938367 0.5664806366155976 0.5906384115583736 0.596268120427467 0.5877534105322734 0.6272762394389556 0.6668958716729811 0.6104061318981858 0.6168967843254544 0.5940321147574837 0.6448375678800922 0.5832590059955891 0.5580800886462985 0.5545034831606083 0.5973550038482685 0.5886560908375407 0.5561238676589111 0.5199703934036976 0.5143908190028543 0.4554995904359342 0.510272098255207 0.526343237553622 0.5371224610721796 0.5086037970093804 0.48017516756584927 0.47417160959700166 0.46322176938998827 0.424309813462127 0.4247055176781086 0.4179215315612455 0.42640278535776294 0.4228681588113285 0.44618628144980543 0.49018743221519406 0.49099110736846885 0.5460481716454025 0.5890060965030296 0.5945091645292545 0.6344469478826553 0.6598582332783991 0.7132400622499566 0.6971995803878701 0.6763639672160379
0.5709759232357 0.5547898434363063 0.5857615213672622 0.5713553403378474 0.5687320959067798 0.6437931727514494 0.6996271852814008 0.6770393496379398 0.6487820984940775 0.6603964619465158 0.6586455905459665 0.5880690763006947 0.5638819784086345 0.5649442045958397 0.5665787005789507 0.5613871628101991 0.6041023137141888 0.6010416157400872 0.5464851069999462 0.4608587078117579 0.46077315228536503 0.49859955809360884 0.5334958111389768 0.5266859476703467 0.5284395356096443 0.5056604692247946 0.45795739580284656 0.39502470320398086 0.387208420438382 0.3931620733282235 0.3760097085388491 0.4242753578660224 0.4425621098673122 0.46764931585066055 0.4351802605992634 0.4949961105646467 0.563312928682406 0.5753930251465985 0.59596712345244 0.6720402330082967 0.7100713527511395 0.6553864374009672 0.645048878303131
0.6104502757490181 0.5832936524154009 0.627991866610551 0.5803662994138694 0.6281403178167437 0.6628666673781589 0.6550396530856758 0.6599620221686917 0.6787819599435727 0.6468482220300857 0.6519896966075529 0.607021036771747 0.6009833693267753 0.6122408038479472 0.5754616746053538 0.62451151421031 0.6008178634068342 0.593663764158821 0.5235226929466208 0.5172207791314112 0.48044239072115497 0.48610133719958737 0.5344382580516857 0.5198501411006432 0.5118812181600018 0.4576903860004146 0.4159494307217853 0.4301081572324788 0.4547243119899507 0.44831986941120733 0.42375428107897806 0.4215009910997673 0.41811506625237144 0.455353596878679 0.5133724086198564 0.5423000591994396 0.6017949974826942 0.5689622165118685 0.5855271695112135 0.6534506574998127 0.6767874030392893 0.6941901510748236 0.6832958979562301
0.6464436964210021 0.6334836631695598 0.6549180102874518 0.610617292101167 0.6161783939420015 0.6133971656530347 0.6321855777126578 0.6093409642162662 0.638911375361053 0.6750513742091943 0.6989740626370679 0.6207926522168212 0.6358867978204319 0.643131627201977 0.6161256332698598 0.6584841253681547 0.5984630511278473 0.6157810067970788 0.5359181203580273 0.5400137299868634 0.49738244418030153 0.5185281755721681 0.5498685179401452 0.5706985961102977 0.5299178061770543 0.49751097120828197 0.44632677691125866 0.43584677415281925 0.4307549987388418 0.415340066555072 0.45980084236819707 0.4581580487683341 0.4596288559405118 0.4422859716110275 0.48493857726628387 0.5824536683301761 0.6075123812982707 0.5988526954504831 0.604838807670469 0.6512425521313573 0.6635826645696525 0.6886298245871306 0.7148948551769115
0.5910710663589016 0.6569557881660701 0.6397345493544383 0.6235053837064077 0.6135079561499465 0.6318630885328724 0.6689427233563427 0.6438141352045028 0.660528786072629 0.6784500096436643 0.6900198650254817 0.631042870067978 0.6543877234092426 0.6491214207248712 0.683621234857795 0.6664437644210256 0.6424671021772346 0.609305679365387 0.5464643589675214 0.5364708061425705 0.5430206994735616 0.49902484198316116 0.5230524347563151 0.5417533654796883 0.5290933154227342 0.47588503609142596 0.4467365657071299 0.44154356253809113 0.4351524095129574 0.4405125263369541 0.46703301976673794 0.43548495251392716 0.50321217975777 0.5008117898825879 0.5442895499045329 0.5956109060921083 0.6054996640595431 0.6004459749742246 0.636749405069244 0.622551300305838 0.6615765664910691 0.6718670580500213 0.7114147519715113
0.5752216891181705 0.6144868931712637 0.6437483743242526 0.6388975774868565 0.6768545236405467 0.6811399740021155 0.7396611073122296 0.6573577780357107 0.6875027787989172 0.658899757975211 0.6830217310433898 0.6549872626000878 0.6314591051206644 0.6675470925408538 0.7138512869895411 0.7013426377164681 0.6580263938260931 0.5829923541366346 0.601614825505671 0.5332716127899092 0.5846187428418977 0.5567807760652177 0.5045422055660598 0.5243103751763059 0.5208645322018197 0.5171359072206914 0.48412439945313496 0.41788153394834215 0.3796324266585746 0.43427209748059004 0.39941104714337167 0.4539134225134961 0.5346274008461229 0.5098276091368777 0.5757570143852038 0.5932451146220654 0.6066263329299013 0.6281531715035349 0.6085816240249082 0.6266852667326278 0.6056517594506301 0.6059335566634226 0.663943698687016
0.5994627348340681 0.5963882806726966 0.61133044883819 0.6548606352264523 0.6716060652587877 0.7018216529633458 0.6807497449528619 0.6504677899579034 0.6316398501139813 0.6885397520036076 0.6439806379392813 0.6855563302686853 0.7094959575165213 0.7062591453070333 0.7190278889646592 0.7086216568216385 0.6452641170345675 0.6024503378851349 0.5954572907705521 0.5314663051975743 0.5143252573234122 0.55478721764851 0.528494103683834 0.5219408403516643 0.5370348047120949 0.5196693418287877 0.5040804423534991 0.44640106603463947 0.437780001550501 0.4117536064653948 0.444777628831064 0.5052040408096687 0.5146267037553709 0.5264096058934721 0.552626512297168 0.5649771468935587 0.5558689911173605 0.608316794060056 0.5815918670633116 0.5565063357013157 0.6150677213074675 0.61349285264337 0.5972574701189068
0.5641394764094699 0.5287315704257709 0.5377667337334675 0.5833777189737874 0.6766156082372679 0.6362408103733236 0.6755117936765043 0.6016687516896219 0.6121766014209536 0.624137454112303 0.6477645386954342 0.6943181045268145 0.728823239251698 0.7318120683466233 0.7182427232755713 0.721126356934393 0.6609107878481701 0.5730596861227165 0.5498362845000967 0.5497920171825496 0.5163726157091886 0.5572151035117051 0.49268507357740854 0.4995731121518508 0.4809935616886175 0.4730915931388832 0.45898886541848805 0.4467443568124194 0.42309754155009327 0.4347154058418807 0.4855095035840353 0.5040313051942636 0.47749939421264265 0.49543185275586354 0.5094321669449589 0.5584423018858802 0.5727119171092572 0.5635328034678267 0.5605460163980945 0.5648055501656329 0.5493264819358558 0.5467319362588827 0.5372741928605429
0.5252034692705618 0.509315973496239 0.5308067232619275 0.6043333052401608 0.6054573412865659 0.6184798558934712 0.611730636295718 0.6052290351822762 0.6205552908606267 0.6001751901647047 0.6045991447472722 0.642133267559702 0.6574170775022764 0.703009109820096 0.7201837150860951 0.7128200867504265 0.6565413242057196 0.6199248648765197 0.5772612311532705 0.5306693822573062 0.5443917438992206 0.5593486922231867 0.56756061736474 0.5571751536974212 0.4951519493187376 0.48146284233754105 0.48367292136521944 0.49098891824792595 0.4294936523323555 0.42548014640745807 0.4114393414569112 0.4390392262427344 0.46016210567804405 0.45259997843526756 0.49794219140305807 0.48724549470174955 0.5246640419799872 0.5720612149467266 0.5360832800976135 0.55673312373248 0.5865717993596974 0.5349443323164496 0.5163041984052916
