Raster_benchmarking/Raster/continuous/raster-271.asc
NCOLS 100
NROWS 100
XLLCORNER 1743149.24013461
YLLCORNER 5469279.78982901
CELLSIZE 10
NODATA_VALUE -9999
[rows 0 to 18 of 100, columns 0 to 42 of 100]
0.8582718416443871 0.894186836507035 0.86719776882488 0.8768739872763215 0.8615935000127519 0.8852114581770928 0.876413897528017 0.8907067745094658 0.8811157832195999 0.8725477536538346 0.8515261555958868 0.8752871514174958 0.8739832123508356 0.872155756860537 0.9296566648561242 1.0 0.9962472544149377 0.9343487198240535 0.9419541769016397 0.9417278995146572 0.8789362846485647 0.8173131114176763 0.8209662012560086 0.77727808070634 0.7420451148238446 0.7214864946373428 0.7243896746495014 0.7156114374250439 0.7549053534386114 0.7116242380673782 0.7504614837703883 0.6881224132232999 0.6898514496323834 0.63846848263822 0.6259941876635667 0.6256604884039315 0.6025162348852583 0.6493916465665874 0.6095483869305464 0.5495915166382844 0.551737291202575 0.532981628892222 0.5465840934128816
0.8645500650206127 0.843674349773697 0.8864392001996904 0.8856490563552611 0.861518838046697 0.8672363328340366 0.8692238109826412 0.8994356852344536 0.8561215901993569 0.8299250288865625 0.8003365116855725 0.8146350525998558 0.8392342198617009 0.8568873262871028 0.9286115357458071 0.9929420359523762 0.9369993702081356 0.9811860581703258 0.9334852350169967 0.9374922540181909 0.9066186610991606 0.7867076663420435 0.8188694831354991 0.7699645158454503 0.8029850816664779 0.7512610848035546 0.7734364681975291 0.7402501330791945 0.7271843726938574 0.7543254937075545 0.7768043935323498 0.716963755977394 0.633984304243034 0.5858464589853091 0.5926832943929115 0.649241919870433 0.6349265740341227 0.638820826562924 0.5803242670511644 0.5529987215771993 0.522415217266396 0.5499881061470018 0.5787156677067836
0.8665830568648744 0.8849662914920239 0.8535124962203213 0.8772072640762429 0.8667497871251216 0.8445475111180326 0.9205173993978917 0.8904768539426958 0.8692124034982797 0.8512287512434489 0.8350544566381874 0.869401210826637 0.8695729763303949 0.8793756892460625 0.9517539993863597 0.9594358180880898 0.9261477901256105 0.9693716334828186 0.9594940253548554 0.9086895165438488 0.8844765066485282 0.7861503169652525 0.7693623876160073 0.8095145941612054 0.8051959841656743 0.801255154754139 0.7600327557962019 0.7976330939111015 0.7967570698601444 0.7494175873836727 0.7371456225405926 0.6420893274564686 0.6035462966695881 0.5839073052605096 0.5856647275407744 0.6156332958913262 0.6462976226558605 0.6476769383664782 0.5604383842762821 0.5659419879014602 0.5366008247006436 0.5537602156044036 0.592518918089519
0.8966017839145344 0.8550673667657925 0.8496043855189366 0.8278022908403695 0.888513150560631 0.8581002355732478 0.9155658384770294 0.9237496760290628 0.9095657532473214 0.8691707872438248 0.9129835632245534 0.8941957030783282 0.9261299889736228 0.8675831612196347 0.9192852608723682 0.9431747306132721 0.9465211429189543 0.933933573531405 0.9119117479039185 0.9022350577464794 0.8230308464762813 0.76203503822728 0.762605828055366 0.763495046651042 0.8103002678824377 0.8061146513191295 0.7638138353285773 0.8211724574914102 0.816109264739497 0.737044149339055 0.6809344885931525 0.640836422724688 0.5744729939731765 0.5698248406969949 0.5422426908196243 0.6006194514334637 0.6198690279828192 0.600827812261505 0.5764178109753031 0.5206775776111893 0.5589481221117515 0.5739830808833704 0.5796663992819665
0.8959874500548416 0.8608878873848353 0.8240487480751021 0.8338726048738271 0.8951691805840463 0.9205822088181188 0.932502534839601 0.9229126956555878 0.9124831404149012 0.949399159772167 0.9494128768830066 0.9447056466249152 0.940711399441076 0.9531582875416618 0.897418238137803 0.9408042410728185 0.9487454887522924 0.9202521107344083 0.8833885739450837 0.8384297812278628 0.8220497508965545 0.8113971216413863 0.7955055829569267 0.7714905120978172 0.8221194186219041 0.7887380171349121 0.8189747770974437 0.8381887297748837 0.7995570782728334 0.7128572608676469 0.702402236483346 0.6858148230740087 0.6283566190293566 0.5372884953195572 0.5449683973969832 0.5331029120537545 0.5227873007574931 0.5760447121235186 0.519711942654216 0.503849831610843 0.5175419922601024 0.5269690085186199 0.5580222005912017
0.8921360158558377 0.8680696921006823 0.8752538303490216 0.8575412934317149 0.9044281715331477 0.9215844649375771 0.9165995237239255 0.9167015649829169 0.9436375690169818 0.9854328434168387 0.9682331531148419 0.9085138026736557 0.9201929908165677 0.9722171985424914 0.949041637393565 0.9278704638790738 0.9415414287120313 0.8863164544318223 0.857513186304899 0.8663636148020235 0.8387213640965234 0.7869287552831791 0.8023272004115336 0.8017878489169383 0.7780197390246611 0.8477476644061264 0.8291839489039506 0.7865333304241321 0.7719886841959186 0.7123539552929977 0.6616914634538709 0.6489741137446794 0.5579656580575503 0.5081154174641909 0.5091448567094623 0.47481089291439005 0.5256983612528574 0.5283139658976963 0.5265599687540778 0.4685982037639653 0.5343833997475957 0.5377826765349831 0.5205031139868824
0.832082880293068 0.8675751265264994 0.8157369031374146 0.8697057388829361 0.8717925354397449 0.8303032402775672 0.8527678062852959 0.9051160159316692 0.9031251843322294 0.9678587099424346 0.9168082332032439 0.863253093377683 0.9000143663485893 0.9535657560475477 0.9467931887803707 0.9574117296517134 0.9365139438642403 0.8754000283604693 0.8910499779272375 0.8531341171637145 0.8324395406552161 0.8132194964274136 0.8305927675321987 0.8009582490416234 0.7679757322722516 0.7896550888042252 0.7944312935020654 0.7751832097463873 0.7300721469570043 0.6939438059737183 0.6348660414773515 0.5955465830375288 0.5569127162643875 0.5608324366299525 0.4813519078567075 0.5142260663524695 0.4975060207250758 0.5083327604643564 0.5494159011083529 0.5089588308208532 0.5179967141851309 0.522164060321201 0.5144592509444721
0.8040794747027 0.82075040902288 0.8629535104483398 0.8584124872609373 0.8087656551376475 0.799870143886987 0.8623258776487444 0.873726822427683 0.9175177129995769 0.95438020224721 0.9340706550741014 0.878552381782066 0.9139177788241116 0.9066572968894253 0.9079818265014916 0.9164427536464882 0.9369210207086375 0.9098355596653974 0.9251195604195728 0.9142528056735276 0.8748428155016714 0.8667899838225624 0.8266824049586915 0.805416692065495 0.7588427716440914 0.714220890739444 0.7643054170276666 0.7131247310179791 0.7232598462970857 0.6773880949267649 0.5995065722455197 0.5376253232586392 0.5715455464989873 0.5569361672909361 0.5177707208313548 0.49843582458868724 0.5659362760945376 0.5664101065302691 0.5579007257925217 0.496999036820726 0.4864792690595252 0.5105841098785984 0.5548038575456672
0.8329197519011 0.813189565338996 0.8133901000317664 0.823005779162063 0.809388984572507 0.7763260514019379 0.7892563175455943 0.8568773556198639 0.861853752840448 0.9257090285428018 0.8884326817287633 0.8301656864160555 0.8597643545456163 0.8558568345818149 0.874890489697177 0.9178371218144493 0.9344312517107302 0.88363805792782 0.8911867559643241 0.9254201037104428 0.893814648440195 0.83783099419327 0.8432086037163623 0.8124776626326407 0.7603941187223071 0.7657334125098504 0.7099257701031397 0.7105106369889289 0.6704458893980885 0.5976327781818687 0.5888235294115254 0.5468056205143899 0.5519406759285727 0.5296711491994808 0.5647972626953033 0.6063060893412185 0.5950860540749723 0.555004001063456 0.5359915537566782 0.5526689539181009 0.5716971049612987 0.5686859494483348 0.5825662747132132
0.8735974698758213 0.8899439612298242 0.8439415096053879 0.7872875419723154 0.7851055042221317 0.7405183136793264 0.788926306937945 0.7550350841217236 0.8528748387462846 0.9133445163736714 0.8789345770069282 0.8352769409491081 0.8313633926249867 0.8328209591345954 0.8704609816781294 0.863242498715635 0.8791632042444715 0.9153356171872749 0.9237898705668118 0.8703747883392406 0.8429538784741294 0.8440049400728045 0.8309672703134953 0.7505340873734501 0.7817502646523451 0.7422219306114551 0.7046045490423023 0.6438972025874866 0.6490955028640795 0.5702783393092555 0.5599430965667608 0.5387278544718908 0.5315145603336222 0.579474999323334 0.5845378145883884 0.6273481660896353 0.5858946121946691 0.5546405300966725 0.5798895432925806 0.6350880092254815 0.5901141289814974 0.6162446594532154 0.6036898917437493
0.8350871994863428 0.814952102881323 0.8451027742942792 0.7927364522196413 0.7936631814453523 0.7890871901266238 0.7560832366053337 0.7079873862544226 0.789166411310423 0.8493903741340283 0.8247974041456408 0.8085991316861975 0.8146934177243197 0.8567139309750714 0.8523850881053952 0.900634463619205 0.9157764226118434 0.8891890240104198 0.8916579962058656 0.8190799088773486 0.8295003236967071 0.8061829219341946 0.7921568685060232 0.733932538658831 0.7222552588982132 0.6989183728820639 0.695694734245003 0.6668146098811215 0.6520341504294667 0.5918252651845888 0.5643238438074383 0.5712075318794154 0.5620435950533154 0.5856166702404862 0.6438491980408662 0.6674127027226548 0.6311793798127247 0.6260636092643218 0.6043094901141912 0.6170566165585959 0.6158067430214748 0.5999747224927814 0.5712492792843992
0.8104280340066263 0.8156563657480747 0.816696983412748 0.7819798734830725 0.7873620341496088 0.720828923911909 0.7277120805079178 0.6795267258454891 0.6998694147309569 0.7699000459641843 0.7725662866222791 0.795216739268383 0.8131565893806538 0.8027405040841897 0.8172760688195235 0.8986486830516897 0.8756671839340378 0.893432799091116 0.832282280282901 0.813695066565918 0.8054456010933861 0.8216793372760415 0.7433913790763997 0.705982503578142 0.6767071300083133 0.6612271120452561 0.6582601891437084 0.6990130171173256 0.6231277722475671 0.5998718171653332 0.6201693735649803 0.6390749271990833 0.6377535579260368 0.6400680536359911 0.6119397133996087 0.654521424756761 0.6610192574138675 0.6707156256327813 0.6669872191756062 0.6676229393655553 0.6127018977257096 0.5845366865625539 0.49758507960781007
0.7958233645931865 0.8003009772140953 0.7324259632008434 0.7561317004257563 0.7078433311255031 0.6490352988349343 0.6743342130130046 0.6830554001052195 0.6794236670171285 0.7026414177025979 0.7737717911139192 0.8198582676523313 0.8093046662870343 0.8164071608212775 0.8574674818189526 0.8580599394513638 0.8329590265291984 0.8487641760577663 0.8257451163843446 0.776987686529185 0.7437102439058192 0.7609047303247182 0.7029275780403217 0.67492236256133 0.6518073373267061 0.6538761416654373 0.6315601976252394 0.6247275374303044 0.6296678544893433 0.5733034346195577 0.5876030843416357 0.5929362395058664 0.577687192931277 0.6050402485273887 0.6065954938103937 0.5921271880333782 0.6321580028141421 0.701736368766606 0.6704860595884634 0.7017438294009256 0.644737858225241 0.5964389210427105 0.49628867408985017
0.7731440054673361 0.7288431437544275 0.677531070659378 0.6934161051635102 0.6296558107134734 0.5863765335277478 0.5893953642642389 0.5962630384650617 0.6351072354913381 0.6279551385122366 0.7047862334768615 0.7520585819198359 0.8049770961863223 0.8279481548962477 0.8044620402537653 0.8389440834536587 0.8244858297799895 0.8466922567726708 0.7701993498082501 0.7588727634135264 0.7255247496939594 0.6759607631023594 0.6741738287177808 0.6535672883789511 0.647640629194872 0.6656619048931535 0.616088738245163 0.5943878111058062 0.5910298097398147 0.6103228762438455 0.5972196599304397 0.6034779868954476 0.5965919688905787 0.5595497887166925 0.5788553655267142 0.6141690524650705 0.6128838208110404 0.7311174796161194 0.703755447617827 0.6917891269397222 0.6369053154266043 0.5490311097735464 0.49050456639421575
0.7297812342255591 0.6680286115537636 0.6639338296662239 0.6654116495576828 0.6193238438805844 0.601489031188758 0.6324564266254988 0.5872476531423877 0.6285524064269642 0.6568216581687963 0.6679671455986562 0.6896727955385121 0.716543795982594 0.7134754179887391 0.7388148955139635 0.7772582548482898 0.8088496838534531 0.7853636848545579 0.7660780685759255 0.7577519790986574 0.6842950943258819 0.6202746149829997 0.6057021143496463 0.586236904192242 0.5990773699885131 0.5922467821843909 0.6274979432159468 0.5658958529897865 0.5912144376178321 0.5676610522220329 0.6109862769174449 0.6272997528664065 0.5524903545909969 0.554753135934509 0.555388871265138 0.5896775054138486 0.6213091596481053 0.6333158187551635 0.6460963070135499 0.6153075624811962 0.570179251669442 0.5239250384631218 0.5133609359937749
0.6832026992631641 0.6725719860992868 0.6633745260052072 0.5996899392531373 0.6074057557856579 0.6350242872847895 0.647896784896721 0.5873687522456368 0.5794133224375397 0.5617615832163356 0.6090580036113213 0.5787089301043837 0.5906215396937686 0.643633741600227 0.6445927035101964 0.7076680723776705 0.7530225143673115 0.7429882159602503 0.7151657768569712 0.6915338893042177 0.6855032249585766 0.6070460815218351 0.615068787498537 0.5582702456992483 0.5403193755422591 0.5526671717476901 0.5889001495350736 0.5884939136667152 0.5489008935526187 0.6016820877155611 0.5948105358066479 0.6096452171394849 0.549329005403208 0.557401329865507 0.5296652957624377 0.5443380034765801 0.5512911106983847 0.5757766443133427 0.5867579021102172 0.6374548712790851 0.6102785729104974 0.5444610141017123 0.49444635555886607
0.6386352636320101 0.6612713111485019 0.5917764345779921 0.5956460060413447 0.5891297574813331 0.5833785980491621 0.5990401711300393 0.5816474642971297 0.5265871469144674 0.544130240557815 0.5737812784815722 0.5644062621469996 0.535154192866836 0.5681385796145877 0.5817805920965159 0.6219722986352788 0.644195712791268 0.6767593651094201 0.649479923042674 0.6327338325098977 0.6168087994163165 0.5699827223358506 0.5639368127653449 0.5596219961675226 0.585605580542364 0.550595343901192 0.5541093755065841 0.5188084958603891 0.5496379117584232 0.5393227865488788 0.5403601330402864 0.534882289681472 0.5739901615674572 0.5351724068322246 0.5395379954607601 0.580015850853635 0.5779166170818882 0.591983407842383 0.6126357960706127 0.5921254645676851 0.60603004013574 0.5614910523646228 0.5460459139433007
0.675654212543927 0.6202884682090684 0.6184436009740185 0.6231963459200252 0.6036518742874534 0.6362917505918328 0.5961223007389547 0.523129168739914 0.5413230887701219 0.5220453153272854 0.5599441510603193 0.5190258633042656 0.49434932123214775 0.49597394645147436 0.5314292532397616 0.5817185696752427 0.6195828298035376 0.5834137531934815 0.6167599724533283 0.5837778885802031 0.6017948166062413 0.5440744915529226 0.5431312797575518 0.600147470840638 0.5467539991995666 0.5340401417050149 0.5142866731112176 0.5222272836571206 0.5587665004854533 0.5123660994644369 0.5193711687704715 0.554081813527521 0.5778924393991911 0.5295433007835887 0.5100441758008499 0.5240071940619356 0.5714074364307529 0.5257632819750511 0.5725732266832007 0.6347955031900344 0.6077604570930611 0.6249386072868278 0.5476057551787475
0.6965249250363765 0.6737146374311782 0.6243665955732025 0.6620061489280376 0.6466318819551041 0.6041803722868747 0.5755318878888754 0.5486618555564827 0.509300057057782 0.49833180041215946 0.5326409370154309 0.5123968828121185 0.4750140569124897 0.47150057592414 0.5296509136752328 0.5495495734669719 0.5442875337890691 0.515665266068775 0.5601915373196709 0.5383877750163855 0.554010145979355 0.5220087917154258 0.5585349820880435 0.5309580870750631 0.5275101163722864 0.4863746484112459 0.47806272198142813 0.4997357682662799 0.5081176777202373 0.5116798552702345 0.5543818059698596 0.5988059725899746 0.5603174669250973 0.5210405116786362 0.5172719288403604 0.5404153503223524 0.5545456943250111 0.5136680705013256 0.5892446449974329 0.6307735242482431 0.5897494097475559 0.579611580255107 0.589070865024416
