Raster_benchmarking/Raster/continuous/raster-129.asc
NCOLS 100
NROWS 100
XLLCORNER 1743149.9136404106
YLLCORNER 5469293.002385418
CELLSIZE 10
NODATA_VALUE -9999
[rows 38 to 56 of 100, columns 0 to 42 of 100]
0.4945831967775425 0.5013681126579589 0.5558932520790969 0.5769508421851188 0.5370833835711336 0.571143668664577 0.5805864093090572 0.5516678105079512 0.5099061806854339 0.5136171004785484 0.5193832524190893 0.5651169611550807 0.6005733037434692 0.6037247187538597 0.5776543794454548 0.6202834854431638 0.6652983352403999 0.695250103507453 0.6846563736631603 0.6626892111983042 0.6727186731973627 0.6591366484247745 0.6336031470355489 0.6068197083181045 0.6436323374635473 0.619155467575459 0.6298167497873077 0.5887941853077272 0.5694063907743052 0.5824198821017106 0.6371931406758073 0.6303588086520414 0.6247775830580128 0.6472692032023402 0.6274187851495103 0.5575254350426642 0.5236522181594317 0.5435006836076537 0.5072874079274509 0.5099870999332694 0.49452172967688335 0.5152534145736881 0.4558397220020289
0.48884668633126066 0.5442784305462393 0.5447938213571555 0.5659900348184825 0.5565229872299564 0.5913950335752647 0.5773467623676097 0.5514916989498608 0.5677014754495364 0.5311401233672773 0.5246041701882285 0.5611902976692852 0.5913117553683528 0.6082120758533022 0.5826502663115118 0.5974844126497117 0.6487478357124061 0.69313417854846 0.6900924381698653 0.7011405486310441 0.6901519124113078 0.6515430202937108 0.649158554928495 0.6075108393009817 0.6367117627974803 0.6271960367539031 0.6393544122418144 0.6159680491904417 0.5841275073221952 0.5729235032533809 0.615998065820977 0.675936427707635 0.6676978871241425 0.6195620882639421 0.5954847020032459 0.5807402872087061 0.5090729478856689 0.4976913903155901 0.4994227507255962 0.47134342021294984 0.4626431181008344 0.47153425934673915 0.4591818435872147
0.4563333516827789 0.5274344633047997 0.5717495706789779 0.5483551272097414 0.5819589512377739 0.5812322217374755 0.5817077995429328 0.5477058395457411 0.5400881606323689 0.5365882231627139 0.5587709828357883 0.5476747567420774 0.5865705542867713 0.5823486206965375 0.6077726867539037 0.6311406682509108 0.6661868261821369 0.7440663499906814 0.7327038585934676 0.7345325842148005 0.6899489845483628 0.7211479653755833 0.6391120350788119 0.6371570543460733 0.649951665057549 0.6460456924644601 0.672740751456112 0.6579171481626732 0.6184347318995174 0.627328363660175 0.6462350532515183 0.6733799756725711 0.6415010904919917 0.6455764140017966 0.6209201380655293 0.5415084262457945 0.495315627162084 0.5043393453674192 0.4879950523892816 0.47260248296762547 0.43028694016776803 0.39142601905696695 0.4116980422862885
0.4940890990293075 0.5285773494621333 0.5516825083369659 0.582292385677531 0.6095251233316612 0.5972550381276974 0.613147020180204 0.5954401059377974 0.568827036313774 0.5713237360852399 0.6053729875332875 0.5529247401359758 0.5550371613958368 0.566725950915426 0.5837709134499229 0.6099075763213533 0.7067284056543766 0.7174535146549806 0.729137204894114 0.7323985369141505 0.7095746102889551 0.6804326150261701 0.6594802417989454 0.6599264548250773 0.6590653386277668 0.6160590309900449 0.6393554034845523 0.6559812860059394 0.6136169447113428 0.6387967371924187 0.630484057729496 0.6345742642975079 0.6299036256752651 0.6632347095508673 0.6260739955171079 0.5306026931911086 0.5208706633674599 0.503323324443709 0.4971728124572775 0.4339956386729363 0.4262628024950876 0.4009825311057521 0.3573548704367383
0.4825551020558624 0.4808475584826516 0.5636212843359096 0.5946204480120635 0.5943111348684322 0.6436879781377659 0.6236177877131812 0.62079105525085 0.5919844178660956 0.6609145187923452 0.6147145653194162 0.5842528014778489 0.6115480429977601 0.5975732201184969 0.6252361322045211 0.6207901477463738 0.6781783554642291 0.7454084522326352 0.7581700918119025 0.7441429595938357 0.7159763046003836 0.7400947223815567 0.6968515885288624 0.6201676081062044 0.6572606100904435 0.6355047012883726 0.6372614032772067 0.6360080993760098 0.6331135233776168 0.6484430683635095 0.6371875946271908 0.6095483172157595 0.65521942523648 0.667689017657136 0.6090338951391077 0.5392587135616543 0.5087018286378898 0.48011372119660073 0.4720926945000565 0.43583312064413215 0.38884805518620663 0.3063568806633915 0.3234491794205157
0.4987461775190863 0.49548148307495676 0.5344955056240618 0.5639466971368093 0.5735592779936807 0.60933017957249 0.5916757087554241 0.6304844087651497 0.6059609376812363 0.6410416298966901 0.6215743830025116 0.6052444426966151 0.6161100255580992 0.6003738471059408 0.6144024754068271 0.6158605300499136 0.6615870473787858 0.6742763464856297 0.6934565599896 0.711804693232079 0.6911651205656273 0.6718218147904554 0.6551353920579042 0.6435810134309943 0.637382828046701 0.6208465606714481 0.6357159407889622 0.6342429123427517 0.6440162093478278 0.6554690070205862 0.6385667668049337 0.6152170441896394 0.6181688811140255 0.5913708440017832 0.5910176003627934 0.5059034389237886 0.4913945880047633 0.48278803639801976 0.4336601777773025 0.4047826173080918 0.3580143296386131 0.3316945072553084 0.35219471297693444
0.5005249402610539 0.5431363861551599 0.5531635418477608 0.5375713959915859 0.5619166281586421 0.5464802934268865 0.607337439119059 0.5864689822251142 0.6162922496819332 0.6571226562292913 0.6745135358231154 0.7037023288921449 0.6977651194765304 0.6706055589176421 0.6678490891236463 0.6420971629761174 0.6515230469067714 0.7014116837842445 0.6776109776269242 0.7048130559323019 0.6665817530727169 0.6762680988150149 0.6319384603512509 0.5713821450206925 0.5691417791657961 0.6236929741481438 0.6050626441125406 0.5839213673484333 0.6294004215398639 0.6432070942917393 0.5922219208650992 0.5918704611716307 0.6234564297856523 0.6026107114431769 0.578054554683946 0.48437338497160143 0.47618041376128467 0.44873444477297963 0.3769076565915025 0.3245591269150457 0.35309173126583343 0.3324895600239354 0.33085341518029404
0.5505411509169351 0.599284515178311 0.5908203340954244 0.5331303084411632 0.5256744626938813 0.5355950315986133 0.5890869488852449 0.5741641255386581 0.6004917321667699 0.6466868740739883 0.6962498996896649 0.6674795395592665 0.681823817547253 0.6986838343094716 0.6810537197305832 0.6403156875326989 0.6539490076612242 0.6558339769213486 0.6159815348415221 0.6196915286871906 0.6686886684814893 0.6312039777985688 0.5849975262724573 0.5691067558380353 0.5481007170906493 0.5762933344193821 0.5474949060554145 0.5352973893720497 0.5575982769216453 0.5778475801192673 0.5666844203571981 0.5802380396013903 0.5812210645030728 0.5287892075157865 0.518521443524673 0.48906315775965076 0.45256908757501174 0.44024036048684245 0.37615805220605636 0.3277508737163039 0.3260550229153376 0.3320660794410764 0.32175348972418505
0.5433646282611261 0.6199931090927719 0.6216522996009185 0.5807477608105627 0.5537512515374715 0.5197748271029498 0.593735675454745 0.6045186767227653 0.6276032629558251 0.6712363492220257 0.6872466747334769 0.699061663914506 0.7160346942363467 0.6957322458942348 0.6962915711715812 0.668557700470232 0.6273568558797024 0.5723606211185451 0.5608209195238563 0.5873277999649027 0.6141003177653327 0.5846696193134663 0.5530775817838023 0.5594225539312621 0.5367638605624908 0.5177371016239202 0.5396187250676893 0.5091072092959574 0.5181234648959823 0.5493798651460955 0.556694666519406 0.5304681522344858 0.5382405382949309 0.5295045076554594 0.5093929348112903 0.4931735062033067 0.4917243343925916 0.43553269372876774 0.38171074799438776 0.35876508277711894 0.28741929227472623 0.25170496529181957 0.269429172566303
0.5707439545908534 0.5914789563916365 0.643164870659903 0.6091803321163755 0.5704796766091891 0.5377265085156684 0.5643807453188492 0.59597750572584 0.6552318385508671 0.6380081170561315 0.6703117864815245 0.6718814925602922 0.6997606163110038 0.7096674899965698 0.6728388713573707 0.6223107614353599 0.6069165573541786 0.6166830980111492 0.5898630063617049 0.5559361857826551 0.5665754438197693 0.579310785351423 0.5494177677299515 0.5374707653303921 0.5487195741163111 0.54047895726905 0.49809062378214924 0.47151499426913657 0.49784136439253873 0.5267764170249704 0.5638893520496687 0.5500343235122837 0.5594330438060756 0.5333032452975047 0.5055596358841076 0.5046411739193511 0.4722403717312454 0.44656155683078397 0.3877300486112302 0.32885775904465875 0.3060272598839203 0.26398211021965756 0.26015621359877616
0.6233511577605502 0.6264669586420698 0.6416006190770489 0.6243925365221253 0.5546931030863267 0.5433833809982486 0.6002443090817163 0.6076994059843542 0.6125740799357273 0.6279797196786931 0.6200057052067853 0.6442725943963395 0.696596011641987 0.6902012971456404 0.6350884605534584 0.6130908240913172 0.5834367891169016 0.596520816263353 0.5977131516050719 0.5311119684709265 0.5348482243030213 0.5726812820641181 0.554450010746317 0.5102360320544513 0.5372815662327085 0.5222361523177388 0.5320924722561147 0.49270795392723105 0.5417874597218346 0.5425846041099132 0.5505426976994068 0.5645764307893807 0.5520932166222247 0.5728573863476617 0.5379773280731479 0.5379320799693752 0.45328037048261294 0.45909023597528464 0.36553656919847144 0.33071081356537874 0.27134996496471797 0.2489510837795495 0.2135260595333575
0.6127568659490042 0.5982510141426943 0.5995824354932904 0.6211921624135345 0.5863014127055166 0.5491802613525586 0.5724102491910319 0.5577847937403246 0.5852158363070143 0.5882482352459697 0.5794668201618483 0.648660004322575 0.6446349765708002 0.6542392363009222 0.6322570046548704 0.6294225632722802 0.5684338136725087 0.5654165024534673 0.5759757344307972 0.5821992847567916 0.5764916767891602 0.5387292975789333 0.4976340563659084 0.5031216943951633 0.508127565517133 0.5111712033604308 0.5113422537966305 0.5229264015226798 0.5323917141645707 0.5656381810299471 0.5776065361349815 0.6072369955678343 0.5933566227069381 0.5966468311464279 0.5350044554320639 0.4737327141102085 0.44643793114136976 0.4210358096559785 0.3774494137372757 0.31630782320863465 0.30240765822437815 0.25679564707294406 0.2375130744959213
0.6205280455191561 0.6420589994123492 0.6154390964432986 0.5843101028359511 0.6094351077971821 0.5731855681878116 0.5438361054176067 0.5306637775913984 0.5327735879957467 0.5369067780986765 0.5494070320383198 0.6305235474018756 0.6176793141611143 0.6156821911697525 0.642402967686199 0.6125741690026959 0.5629678190060546 0.5449191653326941 0.5252663249296001 0.5438187897335377 0.5470782543952296 0.5412748272764284 0.48098640306336427 0.4619925923487544 0.489702901033415 0.4639098131142647 0.5260598656341586 0.5566620880879838 0.5696731504881238 0.5774034037562177 0.5469885628434507 0.590903976772506 0.5973517934198809 0.6368993649117605 0.5396846181099664 0.48355199503670854 0.4285431328796391 0.40170328075529055 0.35113864589023863 0.34488529186689426 0.2947562247591842 0.20955865625819206 0.20246771099730945
0.5788278029317684 0.5710527292829858 0.5793256195762023 0.6026337254364398 0.5825503316034258 0.5419825048978199 0.5254638559385345 0.5527124094648442 0.5319023989511449 0.5626011348484635 0.5648448586772846 0.5883334698280959 0.5909144251547024 0.6246409808538439 0.6255522098593692 0.5669662210576848 0.5575422230855174 0.5821823605993129 0.558949242898706 0.5462503544974819 0.5244794957439398 0.49726883715073245 0.4704064234365973 0.4197262442746411 0.4317071605868451 0.4154489369124095 0.4865348798249977 0.5140397612102865 0.5609073446831421 0.5508170120920041 0.5564584755835196 0.5843549615668334 0.595949320878677 0.5741065681370315 0.5298176254388071 0.48473774523842444 0.42079967973266674 0.40627029268241927 0.36632990717464675 0.29342831233778593 0.2928818517268451 0.2774554902722132 0.254148612281545
0.550353156144742 0.5774385900031199 0.5902748641703831 0.6011478182079276 0.6015953082847375 0.5837422961036599 0.5224004521374089 0.5227809582785989 0.4942555225580627 0.5215638353510244 0.5252994470933496 0.5831387540902171 0.6253415363130875 0.6153233031420132 0.604042255642787 0.5409701674691832 0.5597637502225179 0.6095738962948999 0.6029645855309246 0.5671343086841178 0.4936859696661575 0.4829179029008865 0.4688163615674274 0.39670127146250117 0.42354317480688025 0.39456604819488217 0.42734052314869747 0.5037511011283877 0.5363152411189807 0.5566138374118036 0.5610538750719545 0.568029477670541 0.5702945744217085 0.5464102997649654 0.551850641051329 0.5006346396466492 0.4413536945596316 0.36904489763380544 0.3429805580977584 0.2899127751039701 0.29540686731643373 0.27106850415920575 0.23812101884645384
0.5374554417719776 0.5655700520787719 0.5467242937830875 0.5461438038116332 0.536259432218792 0.5499799236236309 0.5463830965114428 0.5200285982815123 0.5070403868248252 0.5153916545524692 0.5404852339741644 0.6038201528227086 0.6115001247951716 0.5936672416688444 0.6192836323710849 0.597562323433587 0.6045609243053255 0.5763715010029254 0.564026256581181 0.5288679095513797 0.4800588400269577 0.4195067147056554 0.4168966054851883 0.38596271107918706 0.3895778417992347 0.36959848482624064 0.42036937096040733 0.48820940310464417 0.5245075740337989 0.5125667338236697 0.5279581737734222 0.5144364259573178 0.5100561176873455 0.5488488827235809 0.5205108860738025 0.4773732049763629 0.46915945765112177 0.42696451108667444 0.3362236021563975 0.3297139100310987 0.2774643813584563 0.2697072324061316 0.23820151107175483
0.5177382514629428 0.5061561216330556 0.5075571113939268 0.4781631583618731 0.48328226250269657 0.5130167211090737 0.4804581769161469 0.4862492171719644 0.5386738979171957 0.5512539762818212 0.5857632037085291 0.6112466254917586 0.5807962230830922 0.6183164968781236 0.6175675442105322 0.5796365317974139 0.5603840110004968 0.5844492002821523 0.5768211465476747 0.5197619032170568 0.48936705558997257 0.40390361901857635 0.3991537835665293 0.4029757976709805 0.37302819972421014 0.3501049519178382 0.4115138045448365 0.42818098258993026 0.46256253270727105 0.5096259381959765 0.5274247234054518 0.4790221228885532 0.4905527429120044 0.5390915297344626 0.5266370452405912 0.5115003262905784 0.435699626817089 0.4278409748938431 0.35351108464854736 0.3228183165741826 0.29392207427281064 0.20767329380232716 0.21250776911912117
0.5050764967647742 0.4882338448112661 0.5124963118572866 0.4925709870847064 0.48114887753131086 0.47674711394690605 0.48184783016673033 0.5064277062171829 0.5177000467116658 0.5538106995024441 0.5638783690142637 0.6099191283771014 0.6038663626770343 0.6157866440934373 0.606376456062696 0.5624203565307018 0.534175325852534 0.5427121104153281 0.5444234242012522 0.4872704488383721 0.4777374132008702 0.3910049359307853 0.38209237555633385 0.39241137647189195 0.3694010525060219 0.3766325815875786 0.4149743841957399 0.4235465607496941 0.4875952836239978 0.48218610532254674 0.502284323456779 0.4645410509372265 0.5029986864805545 0.4942421971985029 0.47118366845650805 0.4816509531434018 0.41188841326851555 0.3963637387395653 0.316843560352753 0.2657374244278255 0.2738613608270779 0.23337920899465114 0.21391165500066278
0.5123196994036233 0.5275388192429985 0.4842234376565861 0.474318733149375 0.47536169068241724 0.4915586230852679 0.48416946584115395 0.49573161812257566 0.5311963035303574 0.5745183633648602 0.5593683543268947 0.5821848937612655 0.5792674379408693 0.5791508716103332 0.583203837858236 0.5426443752285103 0.5297909354691208 0.4777011407376464 0.4915498731547483 0.4901457721399452 0.44425108234659244 0.4050914493021676 0.37576232806032883 0.4021773002792392 0.4015144128273669 0.41318744408265984 0.41935085561319935 0.45403539964568185 0.4627490608904553 0.44561222706951825 0.4594023372846233 0.4753202297399826 0.5081899253526255 0.4888158982512758 0.46193138555045926 0.4382742350937847 0.40117857830860154 0.3811540694350393 0.2889204099084605 0.25088102921998423 0.2474245254002435 0.2129178183861285 0.23599730179267056
