Raster_benchmarking/Raster/continuous/raster-401.asc
NCOLS 100
NROWS 100
XLLCORNER 1743158.131791897
YLLCORNER 5469285.752357698
CELLSIZE 10
NODATA_VALUE -9999
[rows 76 to 94 of 100, columns 0 to 42 of 100]
0.48278455922933133 0.5085299011133819 0.5203714933659065 0.5143302282641735 0.5467177847652082 0.5438888249826583 0.584545830578958 0.586577720479976 0.5844631172123057 0.5784014296468589 0.579556149239425 0.5316237923298782 0.535351009956747 0.5556767541732293 0.5520360346529191 0.5444432556543475 0.5118646488596602 0.5665246960116105 0.5849550928251646 0.603918054109705 0.6143742476857724 0.6154261399971995 0.6193594278944566 0.6217806318830787 0.6213054800402721 0.6216042756498255 0.607205479308781 0.6076582367884055 0.5543644342082854 0.5646314282973449 0.522793237328216 0.4965826507471282 0.4356645238209959 0.41478404732457436 0.383670845473646 0.3740360694394284 0.40764238694203386 0.38639200148447544 0.37741755726267334 0.3695462761888649 0.3469180457543959 0.3260025771636756 0.3704357645388928
0.44270223041154433 0.448173629983627 0.49442904935996557 0.5425216891246619 0.5561278607583984 0.5423039858705162 0.5945193927815526 0.5894928804554541 0.6158357133436748 0.6083644679160859 0.5984979035537847 0.5529920946538257 0.5849046068041439 0.5605244113777598 0.5715876471219851 0.545657459976415 0.5600323190820814 0.5821814566196271 0.5424690039296209 0.5366428283322443 0.5995797214839739 0.5862035532499621 0.5710821553364216 0.5889191173238086 0.6044455321286171 0.6518966655511303 0.637860165758096 0.6064794914886005 0.5475290049733091 0.5227719776793246 0.5220463983933034 0.456565219059872 0.43151512765801747 0.38775983859269963 0.4180353508689556 0.4169621192374547 0.3782604478576868 0.3962152719774841 0.38518402067586693 0.34200825896730513 0.3609116795142828 0.34451844246989993 0.3580639662378088
0.41397973881395367 0.40474747807176414 0.4665488560688557 0.5328354944143542 0.5354724674387915 0.5577340389844605 0.5760367916837067 0.5833439530906634 0.5895147770049121 0.6220131256566758 0.6181259626428933 0.5738961055298997 0.5987672955101955 0.5556079383838716 0.5814800173879301 0.5690931540834104 0.5459433265722723 0.5349167784561442 0.5503366389873612 0.554586853871215 0.5881491324708972 0.5827742491320502 0.5958548218223795 0.5884914255696744 0.632437454619865 0.6578514077089141 0.6517815136561131 0.5831995918637976 0.5495296701441951 0.5100022521936497 0.47978125169138003 0.47117692728251115 0.4632812418000033 0.4585180105514768 0.42476186801503596 0.3887565246515367 0.35815140013917685 0.3424322205131489 0.37146384805944177 0.32845969783542267 0.3456723890552678 0.3825902189765262 0.3590582231215496
0.367362827010241 0.3614915708802484 0.4486466531865838 0.5229763645935237 0.5198920761283246 0.5630666294555463 0.582687263617095 0.5434380478160864 0.605655658316236 0.6310579491721197 0.6452412180490685 0.6207333030240425 0.5749586919596653 0.5824105800264244 0.5613706682337208 0.5574860247991021 0.5823838278246535 0.5724150542133973 0.5693944962177034 0.5701050467827992 0.5896568523327083 0.6064707468465437 0.6118411961664783 0.6449350411731216 0.673691883436802 0.6591537541864928 0.6530568845329399 0.6287530132580234 0.59155261306402 0.5297051997781519 0.5391812366259364 0.4908402349994161 0.4466246951136066 0.4510888376796499 0.38280389919355967 0.34188912966139123 0.3534427948537966 0.3328246574992099 0.372407644263857 0.35587102321750147 0.38732897106861336 0.37140107721070564 0.39431698636323387
0.36174428681649695 0.3680695753800938 0.4336436184412826 0.45058648853974054 0.4843071052613764 0.528455455385233 0.5417549228731476 0.5501502804336967 0.577580450871193 0.6123439460186256 0.6351823842948999 0.6199730114352129 0.585341022370446 0.5644238746612612 0.5847646576731188 0.5998381103800114 0.5922573408312374 0.5758780257098275 0.6060987712012288 0.6035802728170747 0.6053526155007671 0.5864882918383042 0.586794882758501 0.6423532805430292 0.6513338252352335 0.6392078700028624 0.6252994427570607 0.6248073837201155 0.5863242926279167 0.5659406055280521 0.5540140493342707 0.5242729424989045 0.47208352536867965 0.40181498659308534 0.3602593339301125 0.3299364084017339 0.33216337304457777 0.32920067612965676 0.3440697699738277 0.3823642578991025 0.4041056095651979 0.3809482835385384 0.3909346659955491
0.3581680048277135 0.39106926041975787 0.4408145106258005 0.4526580938814558 0.4619696476306626 0.4897117350660038 0.5451358352929478 0.5529832219455728 0.5593065940714224 0.6160170602352409 0.5813246514068885 0.5775030827805274 0.5988993325619227 0.6018911945701243 0.6166626691076632 0.6463775770414545 0.6107245294475826 0.6127150059476374 0.6076683675135801 0.6158426838100295 0.5775111579842508 0.5862134357538444 0.620375621516442 0.6181106486946415 0.608333375276688 0.5885632843397054 0.5654509291474139 0.5494254701646779 0.5702852404202998 0.5776197038437693 0.5704832394091587 0.5195654781852359 0.47890960783657194 0.3826884763338931 0.3841073775183366 0.33710397309303897 0.3578173193127299 0.35707575635178135 0.38263215739569206 0.42209479294529745 0.40296746937646705 0.385740823043583 0.3781358311961887
0.3339657993601329 0.3733055490180849 0.4151920530921625 0.44904676603596727 0.48258998844879714 0.4760764705861183 0.523754164975737 0.538454068786218 0.5969894761138334 0.5768659649690827 0.5601000161361597 0.5829104008551809 0.6158947793527275 0.6388774600337404 0.6191504784817495 0.6183967487092413 0.6413861759685934 0.6391782144642637 0.6397553880913848 0.6442197976586098 0.6111702340213271 0.6284495411534862 0.6325715536417806 0.5905233081324168 0.5782763089560947 0.5678109082851277 0.5800298706017759 0.5851665127052742 0.5742665038278897 0.5909932003913912 0.5853105970515743 0.5493432048433153 0.45369555669668327 0.3866883188838516 0.37868151198566863 0.3551450021909999 0.34731834615202495 0.3396158050223945 0.3964974596584683 0.4283384639647296 0.42988253351049704 0.4244859760157116 0.41562512139617697
0.3412971329040031 0.3718395175208673 0.36870204343262863 0.38682236364960587 0.4466586354039736 0.4928096127965997 0.5089410361505596 0.5293875801705837 0.5469309007183742 0.5804119665593106 0.5552308856691986 0.5464669343152803 0.5840728854757602 0.668791161752571 0.6645046289241726 0.6255821382162478 0.6067390757910939 0.6268066796799565 0.652510791697776 0.6403767145051619 0.6386729063423288 0.6010042741613081 0.6398859679168235 0.6373942787746345 0.5728342950905106 0.5749116489738759 0.5679229020987944 0.6053868786214701 0.6064232735748692 0.6096374155483527 0.5991707604782982 0.5415169434305875 0.4607732840323842 0.39205854173945653 0.4065873353379216 0.3652328036542081 0.34764557020238185 0.3437311441222261 0.39616564814230715 0.41165099373317876 0.4243156228999692 0.48226934607506206 0.45800834409043606
0.3266238356904847 0.3524214138937003 0.3879542141532431 0.41366651803582494 0.437174172811747 0.448187877304156 0.49541955645531893 0.5308383693597217 0.5510238579904961 0.5718415629276709 0.5662876209812947 0.5488207711961295 0.5773276679290835 0.6267062641992014 0.6406235588435483 0.623515925627187 0.6123365488617686 0.6504685880984097 0.6477238924009158 0.6441329744555059 0.6270346123331713 0.6183234923187143 0.65839159664843 0.6287509950673845 0.585751312482922 0.5559099406617394 0.5679807587504622 0.6035418418946508 0.5755024841041481 0.6120435402433929 0.5798751086787117 0.5535452405852693 0.4845397455478698 0.4417731351835786 0.4027037534758187 0.3677000504988035 0.38798364609099273 0.3836375768683452 0.4174182930730011 0.42070356186672353 0.4530109996739073 0.4657735551898841 0.4933369488950748
0.2882052327907433 0.316205566812983 0.3511525902928582 0.40383563862309596 0.4158806540965431 0.47050653634669687 0.5001917456932974 0.4752526179373822 0.5082539698325018 0.5566882695593723 0.5100708816841909 0.5206227853842037 0.5611329248880458 0.6084753370951986 0.6326164890971294 0.6138643627293879 0.5992361134680001 0.6204327625898824 0.6752134138061046 0.6622656813846644 0.6821166872452497 0.6816426933573534 0.6598258936078888 0.6416043890334849 0.5779600447071644 0.5936824212113799 0.5935030882489848 0.5658375759451918 0.5564908225342078 0.5908114615124916 0.5440972632067592 0.5053436324551316 0.47584743591308915 0.43837709885895604 0.3977247065537725 0.37663769081849396 0.3765328758618821 0.4213092835849782 0.4666790495595598 0.46910187876622894 0.48873844636073893 0.44307621746535447 0.47427428869131605
0.26301043539243846 0.30791029795601055 0.3491656630782236 0.3733014757957977 0.4381121991338868 0.457718345548359 0.4822187762437012 0.4879327428541824 0.5231435704141113 0.5250955567215411 0.5078222343471681 0.48140330986981306 0.5250106841938458 0.5718182474366396 0.593567439525747 0.621363408874006 0.6038724129919507 0.6211388340085532 0.6616701226693383 0.6791812153857995 0.6612080966458798 0.6804423913743473 0.6695201498285482 0.6126849014594432 0.5886980369894975 0.6167066767169932 0.6129899635756565 0.5989178693900368 0.5889842934189472 0.5775930648809595 0.5656497934486348 0.5426775986328964 0.5043327329836323 0.4715241595937924 0.4129727487845975 0.44403832203048915 0.42625746066439085 0.449409449351281 0.46656829363468394 0.4541205976457326 0.4799952890818776 0.48176225384000465 0.4742016181956704
0.27075719516844743 0.26858622578223085 0.30427543766128795 0.34392394877812926 0.4107368528116312 0.43567543110305446 0.44733312891497495 0.45848482523363043 0.465152787207569 0.49166157077424866 0.5011350722012008 0.47385804116592445 0.5079770417879856 0.5171239056443397 0.5756724545495471 0.5945558967033835 0.6133173452994491 0.6422424724149153 0.630008779978402 0.6479585419291578 0.6638463357343194 0.6667591877819034 0.6565401774262063 0.6322525505880773 0.6299780157862495 0.5936143882408501 0.6293782897371458 0.6075953621862763 0.5770998369075878 0.5871622194063689 0.5449280415995333 0.5413775874515596 0.481960722040478 0.45698532362138466 0.45735654386914826 0.4548816355128985 0.4643974879727011 0.427548727981916 0.4563126939879006 0.48658209470304375 0.4575535382389112 0.48227391878863735 0.4819449942194102
0.22854484791547777 0.24557296561240693 0.28397085806391975 0.3584363417912745 0.4011039967585862 0.38598240195031697 0.39811435978855936 0.4312375526346002 0.4464800560946662 0.44363879441232557 0.4991135226618042 0.4926667480465547 0.5233249980369861 0.5199791089028665 0.530045790492592 0.5822706281143732 0.6012770723638607 0.6322573425131067 0.6592129146879145 0.6715034058412133 0.6213460309536093 0.6107072165863607 0.6003245680425131 0.6315508881236856 0.6012064898354813 0.6070372579366399 0.591842881758796 0.6023824610298504 0.5934698086213034 0.5684130430451033 0.5309068290247064 0.5056779745410176 0.5000816288427489 0.44993176157865566 0.4243266825124488 0.44736381652982354 0.43883394722828495 0.42859869072802254 0.462332912206574 0.48636959921240047 0.4470604994989909 0.4818087135542675 0.5013230744296606
0.2244826845000253 0.2653827598955294 0.2681670838410238 0.3370708647898529 0.36317548246806564 0.3867378872987495 0.3713567734760267 0.37611194862952924 0.39194555117465324 0.4171249421467745 0.4943899534682947 0.5065697067744808 0.49289602743636607 0.49428198816897345 0.5602377632542119 0.5548726303583086 0.603987693535982 0.6139107473086999 0.6440408582624829 0.6472272284422306 0.6225960868765952 0.6183500780712236 0.6135197340404038 0.583921066833816 0.5600779501979343 0.5875644147344343 0.5687721396256767 0.5363128784674345 0.5652968117943267 0.5415203522114405 0.5117357995764504 0.5436066883500078 0.48910196013317975 0.4475385251160105 0.4688150438595898 0.4359156817734211 0.41823029499602415 0.4150881717154024 0.44561081958040627 0.4454337004505625 0.42474618761278266 0.46958112440760036 0.4774811804557137
0.24477385330347592 0.2598979905493556 0.2561103507619408 0.2664017602334755 0.30344546441290215 0.32833755718228413 0.33961822327219626 0.3493151546524532 0.3795714772049807 0.4170421725334143 0.4490054771861256 0.5022480975754079 0.5066472531257639 0.509104925855043 0.5660127795964054 0.5752242264105869 0.5739801731828681 0.5631857685853205 0.5698676705343538 0.5829659537002883 0.584959419350135 0.5658725671342081 0.5641716169494801 0.5564576470134688 0.5427849548738788 0.5411590603491381 0.5461663936055302 0.5364729947010285 0.5117510664773736 0.5240710581450576 0.5222276134756897 0.5407762110874523 0.5062933606256217 0.4777584949564538 0.47246336840120856 0.4639484306605922 0.43433868235950074 0.43085354381227225 0.4419801259145679 0.4430320792545572 0.4442799736078225 0.427221040114709 0.4556850646165755
0.21663027239378133 0.24490935600592248 0.2087916533247167 0.2203694296210386 0.2504455219281005 0.25476796821668496 0.28629991750619077 0.3358373835726404 0.3697445998806011 0.3814732721789068 0.4278393915809525 0.4501632129427902 0.4955936337519151 0.5497484446849306 0.537357648534541 0.58192906151317 0.5847118873991612 0.5509784517122022 0.5580836994791923 0.5669541847179872 0.5465885083581565 0.5415597540600046 0.5459064762317245 0.5645308119178685 0.506555491892173 0.49764568521674896 0.4880171179336963 0.5132087790531089 0.49153941247667654 0.45012158990744316 0.49968248261490256 0.525593331939635 0.5066221830035694 0.5179283548472351 0.4795733075115942 0.43205897741886784 0.4562611529082007 0.4386389846888304 0.4518240254777732 0.45052133984639386 0.45525659843063504 0.44025607558305235 0.45175371017612637
0.18307448563136025 0.21586036999323358 0.20088315797119308 0.21348814668463897 0.19783615542167785 0.22242525704366456 0.25380222399575864 0.29733451857252496 0.3637298364183779 0.35439280665781125 0.41027701037419073 0.42807051218343284 0.4531879561159518 0.5001987346697017 0.5020419699957089 0.5222652696189554 0.541623207720883 0.5082595214597668 0.5096710104814526 0.5332421484382115 0.5256342063760204 0.5241567271521264 0.5341078166361655 0.512627827801607 0.5307526066931568 0.5317495490883031 0.501685397947901 0.49722510259989117 0.4888781541988567 0.4805566923312994 0.4795879726291928 0.4986107009594182 0.46438224586452365 0.49789484273311213 0.4896690856918106 0.4750500278128313 0.42307424843843466 0.46919080500839094 0.45719249430941306 0.47195803448332935 0.48614642952188314 0.4571073555195593 0.4818169861571825
0.1425462885428509 0.13515558282509688 0.186585967433691 0.2242611158388349 0.1784535986023358 0.1961495616288873 0.23509809130272133 0.2584069430403407 0.323090523796641 0.36831596013388934 0.37496880306767116 0.40802411826207985 0.39503355345106783 0.4376914870597901 0.4794622982580457 0.489054543313111 0.516400968237498 0.4718402455645033 0.46537666684355755 0.4637302066468119 0.4636924624984605 0.45842497509843516 0.5134242783144843 0.5179298985086329 0.4854953971725248 0.5104154233207091 0.49131149327503915 0.47424097228680584 0.45958722820268855 0.4592825330558808 0.44458021436259104 0.46414187301624016 0.46412925597210347 0.46020140558491723 0.47616722788346205 0.4561382929004671 0.43135171093423763 0.4665535295620894 0.48237479912050735 0.4956150282644008 0.4953091744291259 0.5096092240994601 0.5254700824944947
0.11071167136217058 0.10431090111711955 0.16275923605496284 0.19109752176618233 0.17173990375726003 0.1777893849861615 0.1981972057731937 0.22375114207124233 0.3118330616129749 0.31278833470163153 0.3618652880136668 0.3843523897628946 0.3784120439415868 0.42196439238156447 0.4355060668002614 0.4342000846562987 0.48291175574761014 0.4637388816224204 0.4981089958027026 0.44273642188021983 0.4377858326052371 0.4433001541634502 0.48748903108382685 0.47514727695025905 0.48266168866432324 0.4956647275118427 0.47098724664979386 0.47162565298601583 0.42070700849196224 0.4501408997590286 0.41315601208536484 0.4595043837701967 0.4638356203600162 0.4340905705811532 0.4764596004377107 0.470558834265719 0.430011255815574 0.4668770976772684 0.48391421459587564 0.5141970338304629 0.5086185176260207 0.5347230100306699 0.5349768522260298
