Raster_benchmarking/Raster/continuous/raster-334.asc
NCOLS 100
NROWS 100
XLLCORNER 1743156.280679297
YLLCORNER 5469286.222926369
CELLSIZE 10
NODATA_VALUE -9999
[rows 76 to 94 of 100, columns 0 to 42 of 100]
0.7318318656810796 0.7623078053518293 0.747060661390451 0.7772398369379008 0.803615758688413 0.8509746430951936 0.8674259425174399 0.8741847456475429 0.9014552269222625 0.8995854151117938 0.905562785386435 0.8846890416809615 0.8731782660377145 0.8935972807554361 0.8966739537547179 0.9145647393066558 0.9089441285296264 0.8995880380016992 0.9235195307136401 0.9125131923221343 0.9181114505539318 0.8798526039952648 0.8656935464132959 0.836041023032124 0.804246912620163 0.8037738281375769 0.8099800512413405 0.8082132772424031 0.7867029238751153 0.7851261196170863 0.748627002119527 0.7245359653025549 0.7352533708356879 0.7238770614850357 0.7268960602509026 0.7343599544796748 0.7354747613574207 0.7308350306979255 0.7027631923722935 0.7020913168506483 0.7130412420513258 0.704846364535988 0.716446252573521
0.7144216880965906 0.7254720806217453 0.7554015836179225 0.7804985856837927 0.8005426604584074 0.8102330900725395 0.8537074895646274 0.8558065994233036 0.8978372678541383 0.8966825555727804 0.9072971393681154 0.9013086507684939 0.8897121093691661 0.9025851005636504 0.912702095761023 0.8904060815873017 0.88192609975619 0.865515256584681 0.8775611234009333 0.8736682341968394 0.8902358275703492 0.8516951650118517 0.830942873793037 0.8087452171044263 0.8152277333724433 0.8213055403527655 0.8394631941271267 0.8315365832163106 0.7989319516316395 0.7693693725135182 0.7380100361685658 0.7336484218645226 0.694887617356119 0.6995660112520075 0.6934043991356803 0.7175574842593037 0.7230674666762225 0.7361934914521069 0.7199036356349995 0.7007770653754196 0.6969723386673518 0.710709453529359 0.7060059895961186
0.6845087796483739 0.7125081191624009 0.7231327153436778 0.7562352896080581 0.8014442213997378 0.7996666151808964 0.8203010109823364 0.8559457290644852 0.8818023133137017 0.8758312486100449 0.8940052274405548 0.9082939508672191 0.8735839399721848 0.8862859520229913 0.9230171173942044 0.9113997543998703 0.899584348123847 0.8510305772519243 0.866437305044173 0.863852987514942 0.8592279187189156 0.8273471763484889 0.8263565221904213 0.8392697687634392 0.84783696095667 0.8327328227632493 0.8156855057238688 0.8231573038802903 0.8172343513564635 0.7757090418692844 0.7197425508033807 0.7192239630454554 0.687841751876017 0.6822861135363006 0.6985096777754309 0.7253480880544112 0.724974929418828 0.7106919799583354 0.6998142380958646 0.6956202288759314 0.682638535913524 0.6958958855251595 0.6913249925215172
0.7045909393211428 0.7042483703218164 0.717428398372428 0.7411772351472227 0.8082098338667275 0.8216262223032046 0.8144405701117409 0.829551636987369 0.863212264356464 0.8753942801470447 0.8666322297835011 0.8597998056221422 0.8855677415557333 0.8923217260480506 0.9058145904847307 0.8890325456587459 0.8713987368567773 0.8763466348399013 0.8560573898941967 0.8476707484803486 0.8548262174173816 0.8276824699770472 0.8021386959707133 0.8085383589940279 0.8332321076641265 0.8160762858304287 0.8009781843451609 0.823685614805086 0.7907033734672778 0.7502441982219189 0.689705971445454 0.7044802901348489 0.6815492301290537 0.6856729407783696 0.7101670817900689 0.6984338286292581 0.6949245040783943 0.7076059264553668 0.6988275689726663 0.6837451975498106 0.7142611747121903 0.7155057245696431 0.6778224031883425
0.7126986961931568 0.7082621567770592 0.7412344749610105 0.7496293531391395 0.7624137541768425 0.7805080766200008 0.8010304812141689 0.8116010360237871 0.801249507525201 0.8489827067210104 0.8480498885582025 0.8415392612630649 0.8445490534377073 0.8559512426270346 0.8763138372699945 0.8660917176860913 0.8637866773727442 0.8443742454522503 0.8669402761642022 0.8456845083760941 0.8403613018906964 0.8041694896700203 0.8163526559857847 0.8006123346019285 0.7928558758885194 0.7912569756153909 0.7709110763414818 0.7952870288359838 0.7904580723285115 0.758584008344813 0.7107905262221772 0.6796914290704981 0.6831371889900114 0.6799444980343985 0.6735474792360827 0.6788768681327066 0.6832227612663792 0.7104335383977144 0.6926429267264836 0.6818689623918913 0.6729985368149619 0.6904722443060489 0.6581840428324689
0.7307788051581318 0.757036162992618 0.7514531452253639 0.776862373711501 0.7840666668602372 0.7957524905371454 0.7925272043644986 0.771081053465166 0.7652077232829175 0.7946763205747742 0.840678187898615 0.8413672438908274 0.8479830790296302 0.850790180480984 0.8512687548943154 0.8349880233594141 0.8505934577566167 0.8684364648982816 0.8656381419223138 0.8427541077158809 0.8143446290168187 0.8201624220499146 0.8217144247949575 0.7897537422726492 0.790118981367059 0.7761190537776389 0.7439884243482588 0.7659354398975102 0.7607949482670475 0.7297621334736633 0.7066058136774988 0.6901225451497783 0.7272472120770141 0.7129993434376454 0.6859374121572933 0.6690780399340552 0.6907564704470958 0.6862681527239786 0.6989456155369799 0.6700835173306333 0.6725671666114142 0.6882794571740957 0.6511131549312722
0.7513500032272669 0.7782564944436036 0.7539625808635921 0.770334169101678 0.7905010746134321 0.746775112945507 0.7619933894354143 0.760849862517022 0.7812425234590912 0.7768093063322552 0.779871251506138 0.8228237572313257 0.8091745583998632 0.8325761532547371 0.810017037948977 0.8378818933172323 0.8335080645465724 0.867007300165646 0.8497984944562114 0.8683769455429072 0.835455171410124 0.8453414340848363 0.8374090472750868 0.8223322341306227 0.7944220490285793 0.7533188001179912 0.7677363718204462 0.736133908386522 0.7507664362923753 0.7382397569278378 0.7078560755044517 0.7073955010120458 0.7116577091446794 0.704213074648112 0.7261112157551408 0.702357817347736 0.7167014498496163 0.6908217137836116 0.6861684269186809 0.7069742055403189 0.69664214957327 0.6765252761884443 0.6571898181714859
0.771827584941426 0.7790095742755245 0.7736585120430725 0.7849919019053198 0.7795750750945631 0.7682862856284856 0.7100381352752875 0.7379829996827788 0.7638153047066111 0.7716169827670132 0.7662054066198342 0.7948688203819969 0.8033882471682922 0.81850282107166 0.7702585805283159 0.8246836212263673 0.8308529475130024 0.8595219094278062 0.8787849805534755 0.8807476032076982 0.8312839288594297 0.8586415158697996 0.8527376702216677 0.8347558003923258 0.7873638560980606 0.7819889342123482 0.7661592459919796 0.7522233999367482 0.7254504115658527 0.7129366604579419 0.7065675330595662 0.7230726694932487 0.7363796090050367 0.7361901280618446 0.7530499728382924 0.7328665168328059 0.701086496277688 0.718931910114093 0.7250180413704878 0.723466562102701 0.6969160347913012 0.6597380944897948 0.6332483479283182
0.761439475964136 0.7442795953815713 0.761764099487891 0.7308826992206531 0.7337752374591274 0.7582208613638584 0.7357034395516606 0.7419750814371483 0.7709093847355962 0.7560880741551949 0.7884906726390507 0.8062545511018534 0.7898616537447191 0.8200317119604531 0.8202333061006654 0.801729275236296 0.8283008544754474 0.8746422270552032 0.8788691078889779 0.8676829213721838 0.8398954041807746 0.864851502165187 0.8617479118748301 0.8268363748875249 0.814998631436488 0.7957476927185165 0.7770458265075106 0.7684753903713076 0.7622942572065959 0.7608282650671417 0.7361392695852835 0.7436534764142746 0.736370584685301 0.7316623342225286 0.7391605428390098 0.7558238895185311 0.7353273657126703 0.7134797631033516 0.7345561704674258 0.7129422162221538 0.6785536866894082 0.6647749912620262 0.6699174847415506
0.7521707340823874 0.7643169606133385 0.7326453874878605 0.7249845522508043 0.7243876695779948 0.7675403510408685 0.7588448746992719 0.743536947756124 0.761928553454141 0.7678957486787041 0.7666158847651765 0.7883872787482097 0.8049730544651283 0.8343693813914623 0.8371947227409788 0.8085452906461958 0.8420301650846802 0.8667095444662563 0.8853914098983781 0.8742220396965769 0.8795343443252509 0.8504136104296481 0.8368641947078435 0.8285048607950166 0.78292600495532 0.7733149130751708 0.7749325918256988 0.7815834441651175 0.8022909389236111 0.7914082348709821 0.761647989767882 0.7607964672815759 0.7800525495702739 0.7427976591001363 0.7438526370968287 0.7792891023320406 0.7739159237015771 0.7464182350729315 0.7113859367100395 0.6890549077922673 0.6876599001502912 0.6824477191696079 0.707341127473029
0.7319614617719364 0.7505087523161299 0.7606458972218079 0.7589318881683942 0.7533963720908681 0.7573367796726839 0.7771125551353477 0.7699029790768614 0.7824031332060956 0.7870286301357577 0.7987685290124193 0.8063117272369401 0.8120654521079762 0.8323880311415478 0.8532800449472411 0.8334121110500455 0.8241369799469042 0.847059150164595 0.8702089380108196 0.9023317130057305 0.86829622441563 0.8523129209937405 0.8446666300056067 0.8266174835205187 0.821694868951869 0.7981591960211702 0.7807256021966218 0.7894788707098251 0.7934662689476752 0.814623476206899 0.8003397931836782 0.7766270431742748 0.790626602933136 0.7867545467619358 0.7474796148518016 0.7596583673620121 0.7395333627483992 0.7388826154444009 0.696872014122412 0.7048704584566553 0.6795449436011546 0.6931549069329896 0.6974135794946058
0.7116847232131356 0.7427851928141637 0.738775823365902 0.7706523233899547 0.7541596950072431 0.7374145106717975 0.7582964247815557 0.7975753606374337 0.7976886850110306 0.7964387688425347 0.8046891580941872 0.8160342999695067 0.8461397383513989 0.8228528788877948 0.8405194009790935 0.8597566218164099 0.8608455882349042 0.8455874639984633 0.8668886496401618 0.8676050121170177 0.893363001454927 0.8527316697960757 0.8437902107255474 0.8442394904521038 0.8274976244595865 0.7928753095830869 0.7940569152885948 0.7941167264205765 0.8357304759629063 0.834482099583094 0.8155558085350808 0.7923547222153295 0.7921994112273968 0.7773407794477323 0.7653146092533015 0.7405394193585255 0.7096723530069985 0.6971854492234884 0.7161648456684931 0.7200895956415901 0.7027416586094437 0.7181537169827646 0.7279872960687301
0.7172428192423286 0.737610814279196 0.7417058227607036 0.7584065489518035 0.7444927159997099 0.7637028581494313 0.7841217070801477 0.7831210537872473 0.800113445995094 0.7745607465236605 0.8077153564716042 0.8276557205804376 0.8406080579189231 0.8155871313070505 0.8200938355157169 0.8278274440033445 0.8425598881244296 0.8420350732796237 0.8483679605887974 0.8599004125878078 0.902821757514544 0.8973954644164944 0.8706835902238689 0.8468591828995277 0.8457480757597142 0.8358427377596341 0.8434546440158676 0.8384749552513899 0.8108899315602819 0.8001513193912642 0.815068881562597 0.8049418973256623 0.813124579318497 0.771118131892876 0.7309376967909726 0.7358043779193041 0.7249543856686945 0.6959659629026905 0.6765178815142894 0.7067471108140825 0.7026329838838608 0.700266352939396 0.7073928221932679
0.7452522812573771 0.7255551847501636 0.7419619817929015 0.7604416512493948 0.7434086828399781 0.7738921526735852 0.7878766609205987 0.7927612851540493 0.7811660472288208 0.7566577937217907 0.7930173512553547 0.7994160607775037 0.7968185270184909 0.7949021415609011 0.8275347572730393 0.8370921268625051 0.8231854362421448 0.826225845214108 0.8396084772012624 0.8576253264592899 0.8804046071579091 0.8869576765570318 0.9121542182365043 0.9063659167774835 0.8897776355399218 0.8547959124783984 0.8530305662929445 0.8569875708886003 0.8223573845449818 0.7997694165613544 0.8007789272643802 0.8342917348639127 0.8200708530905223 0.7835378558065934 0.7362989320449516 0.7021741833861032 0.7197535907517538 0.7106645329478171 0.6674976052141068 0.6580783419746576 0.6788396644452775 0.6885732884855787 0.7369952016956798
0.7389138978149544 0.7373404690238652 0.7429564152455035 0.7348323598079798 0.7412820152361856 0.788172544746736 0.7845737139117789 0.7958927492052115 0.7738976785550751 0.7633724314958832 0.7859401069469111 0.7598820269419407 0.7764576154080983 0.810495224523922 0.837659456513716 0.8297678815425619 0.8159969868689647 0.8132063421761291 0.82234402225558 0.8622556252449982 0.8886113953574986 0.8953402813654786 0.8909183828023631 0.9028506043110871 0.9008241494093894 0.8855774325255579 0.8666237264267294 0.8713160757946244 0.8404328551726387 0.8300497752774825 0.8468821606546664 0.8280546332999408 0.8157325620446494 0.7719531384136862 0.7225507646147457 0.7001997458477593 0.7226395809013421 0.7053636196193406 0.6966976351363103 0.6596936637866618 0.6921154028305123 0.6855331047859374 0.7209921642686752
0.7835755962043872 0.7725067180646519 0.7516954185305535 0.7327412397785841 0.7524431511469377 0.7780377264181608 0.7913492177171073 0.7811359639610782 0.7723418570920378 0.751749359465613 0.7580071945025733 0.7668278153980467 0.774174979299685 0.8270778517671594 0.8089753559980696 0.809439974144517 0.8116496293353859 0.8444752190001177 0.8404538888649724 0.8657963728919841 0.9295395319637066 0.9271804024385768 0.9262720296485571 0.9015018908255801 0.8934846939876142 0.9073355988892514 0.9118608433381726 0.8671560888493973 0.8673700373035169 0.8454277035523927 0.858834704250274 0.8067262671763492 0.768895603162137 0.7541380890549054 0.7097328346505427 0.7278152972209664 0.697413127223106 0.6907925814488568 0.684499521648989 0.6784878838041524 0.6799765886093562 0.6791641901904941 0.6999124916263229
0.7714658432362936 0.7920777259410059 0.796791263517474 0.7691664535389203 0.7750678370511713 0.8039484665510774 0.7916094871875068 0.786466899755632 0.7668884097545633 0.7588639653929247 0.7548482111241076 0.7919759265223779 0.8005376534960739 0.8365421613431052 0.8420042797378473 0.8690431377530142 0.866440475064648 0.8752669936845522 0.8661124907491684 0.8857551774526872 0.9130470629955324 0.9070739602574901 0.9294201608267747 0.9132809134945892 0.9076345450084355 0.8933758105683198 0.882907605484108 0.8836845320343909 0.8435367991626562 0.8290006166507676 0.8451064692153699 0.8226814964787923 0.7615808210097764 0.7591137362400225 0.7543765120904908 0.729812543169186 0.6959794188018975 0.709476238299001 0.7063838279180256 0.7085480623275066 0.6804357103819876 0.6782663943335673 0.6642580257501358
0.7703481399006122 0.7772545995682139 0.8100451072283716 0.7840717441216022 0.7794774240067573 0.8151556713320462 0.8165157559532378 0.789147373202846 0.7786493073673145 0.7944064592248283 0.7770445146343282 0.816886143799675 0.8265114255127927 0.8639540582754935 0.8894568851720446 0.8638688142310675 0.8916559425640689 0.8909919128937726 0.9022824139182591 0.9169323449946156 0.942281302900226 0.9291877035182776 0.91593710847907 0.9148740560738913 0.9275330639410694 0.9199335102681195 0.9045268884064822 0.868871344921608 0.8528903955386764 0.8367405879739815 0.8138859231684279 0.8024526619677755 0.7655494963860673 0.7562534469366562 0.7436830965827411 0.7430117480780992 0.6851091258568399 0.7144488993294029 0.6960809728383827 0.7104539470777478 0.7133612376981912 0.6655544321324036 0.6504564230070261
0.8374785106308617 0.8224094455114765 0.8353220407976066 0.813647203716565 0.787207327182043 0.7905623177922837 0.7892834038025356 0.7790102642457548 0.8107311720773936 0.8078027996925603 0.7912137135189102 0.8338671410019713 0.8564815857713214 0.8735562564796906 0.8922387744024637 0.8846287653737405 0.8780621568698206 0.8925559880239189 0.8886007370080333 0.9350616590549241 0.9434854339483276 0.9346937016280608 0.9300772058644298 0.9542900895855752 0.9558465206125334 0.9340527467203614 0.8969643372459561 0.8782033149419829 0.8406082915758373 0.8212529562330615 0.816047893732272 0.8120836497184386 0.7596384173913391 0.7409063758910254 0.7274462071525626 0.7384875185877599 0.7064292123187647 0.7012184119512084 0.7057417750080486 0.664950749414449 0.6688326679047967 0.6675892534962468 0.66015258517945
