Raster_benchmarking/Raster/continuous/raster-495.asc
NCOLS 100
NROWS 100
XLLCORNER 1743159.1461283413
YLLCORNER 5469284.7255600095
CELLSIZE 10
NODATA_VALUE -9999
[rows 38 to 56 of 100, columns 43 to 85 of 100]
0.2705706681338865 0.22728242195869802 0.23800736111572157 0.18396873738727312 0.20136652855263035 0.22651665004320862 0.22702603232400329 0.23134861001412294 0.19901347795385071 0.19541904968405255 0.1528195358863585 0.12755830880321148 0.0673444062386887 0.025427935620958842 0.0417035613391063 0.04629384516765085 0.09634884556520172 0.09261011843111773 0.1440024937783815 0.1507559790040259 0.1685695168435766 0.19484265130155626 0.18399492214794178 0.2013676680881176 0.2125560844091458 0.250040258206822 0.2454938927150299 0.25380290369982095 0.2831859473267557 0.27671101846578566 0.309215687551031 0.2958297905742411 0.3173038931006506 0.34811792961626886 0.3228714043135132 0.30994263303691677 0.32799866222589846 0.33848175890664833 0.3212136393316757 0.26542094985760545 0.2545127750604253 0.22370728804588225 0.21133803159450223
0.2502536027709813 0.22282151923008364 0.18569129865939552 0.16433472746326594 0.19446492349611497 0.19813945631348728 0.21202422403591706 0.20660682877611797 0.19837950959582717 0.1745241136973005 0.16842452916547423 0.10901709520282592 0.05001824031405528 0.01983697052971667 0.031838594401519205 0.08305928402231585 0.0823807030251585 0.12016227932870005 0.15177240743982906 0.17323098420698124 0.1983660500251578 0.21582511528795242 0.20896601485557414 0.23190122591512624 0.22698454978949095 0.2206673512520718 0.24323235046869845 0.22960977043073436 0.2957718935294672 0.30259080506567665 0.2860764336000196 0.2702752379698905 0.2802839720917509 0.31707136502563943 0.32854804268521254 0.3370690917536778 0.30188799808446565 0.33626924404419745 0.28871082573105056 0.2772665326118275 0.25381000362341033 0.19409144181958812 0.18771595760802656
0.23339856225502267 0.2474130515192701 0.20306414867057518 0.1814671216481435 0.14398537209244053 0.15940635557400787 0.15493380321972358 0.1609477832878881 0.14494860106953134 0.15358815063279488 0.13867494599136507 0.13038852868867237 0.08322814248970256 0.04406912564666388 0.013712274749666457 0.0554327603907389 0.09085025387212972 0.14221859971927045 0.15064810374231105 0.1395030592000065 0.1828879022615066 0.20054962844972818 0.21174726172316802 0.2346389841651524 0.24163534129806272 0.26503730140304615 0.23711320170906378 0.23092296418361696 0.27284969729199926 0.2544527385981054 0.2513779214345995 0.23496252042793517 0.26861079581055713 0.32243085196003773 0.32128535040884076 0.2956378928042976 0.28532754386242 0.28744485329010355 0.2467511872416383 0.23189880658829737 0.22103512743830436 0.22340873088590404 0.20438833220348598
0.22186483629221856 0.23696759577769944 0.17214174906673546 0.15251694146426528 0.12091648071446592 0.15294705992200583 0.13417911683707567 0.13000242121665323 0.11248142792678674 0.1442626127869992 0.12594451871547735 0.1117886469683098 0.04687777731683861 0.02953875786697829 0.04053904075366936 0.02294524327442572 0.058739932493066804 0.10509713356517116 0.1250940054446614 0.13881599295862265 0.15875185365253303 0.19822258627965483 0.1944562193186882 0.20344444356183483 0.2235806712619828 0.27275434373554613 0.27794825395032563 0.2643072874783588 0.2806227345430094 0.27500084349713083 0.23852631384172865 0.23715090452104984 0.261250463141122 0.3012315067669857 0.2858198047131116 0.3012918931145683 0.25819855687404897 0.25606028854199925 0.23784574372039466 0.21250704273486784 0.23264891851770886 0.21397354202869184 0.20709549968883317
0.24453987562178517 0.23153296522469205 0.19856359429122364 0.176798310121812 0.1291978334782239 0.1457528050817094 0.12863213602879506 0.09936551579001249 0.0907608425233498 0.11649576114718173 0.09798251321909965 0.07816126628560867 0.052908927204892695 0.028771629973430034 0.026754983679308605 0.04519708883405608 0.046025571877566104 0.05393503334308135 0.11047224737941332 0.11780161541426461 0.16684426894295742 0.20318403802562407 0.19459267862693536 0.2120410868742564 0.23728549238434596 0.25761172009048217 0.2547066318113466 0.25566241735345363 0.2433581118605821 0.2641381768269687 0.2323168949620747 0.24052719668441078 0.26402274546855564 0.24284469510601048 0.2702488196637004 0.275068202893216 0.22265768992382334 0.24430798821105315 0.22474528900104027 0.1803746766326265 0.19559358279429367 0.19542307207753692 0.168871951980475
0.21985183939148653 0.19383686671334324 0.190235955433946 0.15166444641566915 0.12290421403809132 0.14023045945472334 0.1488282231770338 0.12412636270101252 0.09302063821706118 0.06272493111676611 0.1202837311821397 0.12501459069666795 0.09476966700157659 0.04149169249669775 0.028473116421920346 0.04196549775518637 0.06302384941237797 0.03673577276140032 0.05389696390340765 0.07386791418104688 0.16281493141237002 0.1978770022375319 0.1850053061310285 0.24482726902382337 0.25038497178960234 0.2863796134276238 0.29148003611147755 0.2689064990507041 0.23862699454412656 0.20293901375448536 0.19160140663840378 0.23369896218492972 0.22200745263200067 0.21385112117968724 0.19193121895859527 0.21826529838577385 0.19478088895438575 0.1857465719915645 0.16661602657271127 0.158623096452817 0.18458005445783593 0.19064922555797095 0.1825600038349211
0.2088260017406864 0.2072295727857757 0.18033893534457907 0.15182093398378163 0.13642627190976636 0.15644239219796885 0.12301918852715137 0.1415548376978637 0.09321364719848776 0.0632852724038526 0.10104211057644819 0.11580512239058964 0.08139319467302701 0.08688314669626068 0.1001627762036316 0.10059691236873258 0.06877482033259305 0.07674357957388644 0.08041570864684623 0.08554304966800223 0.14915352793712638 0.18666975503759237 0.18460220423879142 0.23852023355296034 0.24253284167029926 0.252088179873577 0.2584168462363456 0.2266786491202119 0.18838663615996512 0.18646389442815572 0.18703339773590552 0.17962152955081306 0.16931520382960152 0.16962184587543588 0.16120653873628496 0.1789999486928792 0.16883815282829764 0.1933282108365856 0.18744910575166904 0.18231799833451628 0.1699527395064068 0.15890537456759454 0.17771123179022966
0.19850622575230772 0.1434569017125724 0.152109122503641 0.17042379720085768 0.15855424178510344 0.15931131630251086 0.1550297059596595 0.1463241410302324 0.13044637180058863 0.08752622516324321 0.08939029665515724 0.12136175625235703 0.08834349872297813 0.12506204785970992 0.10918697370414668 0.11307765726015838 0.10685400364738672 0.07526367045449926 0.07311996236286886 0.08243068953294434 0.1297636654444442 0.18617319666039403 0.20763299208203537 0.2086863680936748 0.18667778110533795 0.21165981565400585 0.2395101245248346 0.19548200557433462 0.16167602629524436 0.1649875429043479 0.1733199649026361 0.16592605510497302 0.15846856525780717 0.1411457261131111 0.16357172456852695 0.15368067354537743 0.1618187640701501 0.19448157021100654 0.17254410247055374 0.16089503339534378 0.16549227888395912 0.1221903269415569 0.15244628526842338
0.20475821380632445 0.14366784077082745 0.1493635288909262 0.14829944283249336 0.1784430162832602 0.1454419455555948 0.1232515860076872 0.11488870988230353 0.14631538405000077 0.10279571242979904 0.11603879301144149 0.11426145930712181 0.11592465879906516 0.14516571970533163 0.1288683745343455 0.1187509991642528 0.08287461148138352 0.09085418770671744 0.08250244652774025 0.098107569829103 0.1337400282224222 0.14670806244998102 0.161316199759263 0.16215674557296603 0.16995978216706292 0.20829078510314353 0.21228484344808365 0.19783432936818507 0.19317710730904153 0.19561978242629274 0.18710432784491998 0.1776643774121267 0.12545060149627826 0.11417587955865692 0.15707349374150434 0.15929773635852615 0.14584350437288587 0.18547428934729457 0.1730748031699882 0.1858406713774151 0.16092155403686004 0.14163222593828884 0.10806899545035666
0.1703292608119135 0.14424420773808722 0.1891920987357032 0.1909407370804845 0.16530697423183568 0.14253032433147642 0.12445841877777007 0.1317053125298922 0.13471939694188778 0.11771038219592637 0.15664893971619673 0.15179195635693069 0.1495825319780155 0.1652594355298839 0.1586795981358685 0.12322220812488148 0.12377463589623276 0.08403522763199582 0.10495728774909475 0.1453559319366524 0.13936344207191312 0.17935058329297998 0.1772056592660062 0.15657551013948504 0.15380635139721247 0.20193002415993677 0.17440145207945887 0.15207610560096294 0.15028691019811904 0.1960393639584913 0.19832391208510006 0.15475115389751692 0.1619089079959047 0.12923687761797126 0.12023645992265151 0.1313119817643191 0.14119648804517962 0.1597192009255138 0.15741541014829769 0.17347972920633828 0.14104858369287432 0.08728123404094801 0.1035576390750774
0.20229524850715142 0.16118934908065657 0.18103303057259704 0.19785747356344588 0.1824544118414199 0.13944392249485354 0.13825264047079744 0.17780335995633798 0.15168209540545094 0.11557243535660545 0.13911118577167592 0.1624143296701343 0.1452975526125845 0.17941709718753568 0.18376791043637583 0.1304718228359536 0.13806342265424937 0.12354108716934976 0.10995748729067575 0.1428343856366267 0.1672021080825625 0.19785872278392316 0.1492040938458858 0.1810272154494196 0.17760008329987262 0.1651247448507175 0.18008380341500385 0.16363257914177995 0.14139169170604549 0.13703209426936694 0.15555150356905253 0.12458521202030813 0.14351058528154872 0.16130451164092743 0.1380968289385846 0.15194447530352537 0.13840458489649354 0.17711354849807218 0.14868313597606245 0.16263312483520662 0.13540926091773442 0.09826157745194539 0.1159865660960711
0.2015084077758206 0.17457982579557554 0.15615338741499735 0.17156681070564717 0.14836753217327378 0.131939940539139 0.15427331409983033 0.1958233937163409 0.18910281534771903 0.14944125597494046 0.14646660159361036 0.17650844399806284 0.21372593959292777 0.19029370982528296 0.21579091642334094 0.16535344353194206 0.1831046538298561 0.155328347509358 0.14054755958792894 0.13409564920128683 0.17183095533702553 0.19511024260174573 0.14687960243733186 0.14764773343922868 0.13778440126944005 0.16970109136527212 0.1498166968656624 0.14424931578073794 0.14714777233912024 0.11877265103240528 0.1457970842179594 0.12137896120837519 0.11005330356515433 0.15220809196661572 0.14503833937908886 0.14000881431686832 0.17352904978519598 0.18059851349903228 0.16052475869512223 0.1248121744151259 0.14096199911822851 0.10330447188082513 0.1148975882890959
0.20161570267860274 0.1852443515543497 0.14579653940113912 0.18435542776096422 0.16364101048671192 0.18610955948285976 0.19113318679998914 0.21356483901195236 0.2225672418736398 0.19461930496248692 0.21369471678314583 0.245941286463896 0.24108369896591228 0.23204795517534504 0.2231804301294857 0.18817256090725773 0.18772286633228147 0.1810331001820671 0.15455127305163108 0.1596284079811127 0.16471003604188514 0.1464419563221646 0.15887517628777667 0.1483459553164543 0.15382467721248005 0.17599920173248704 0.15575337595718322 0.15374789665109456 0.11205839470007065 0.10952262273010191 0.13164389882782251 0.0959721269885748 0.11277950060512283 0.13156114739813696 0.15817689059176573 0.17395116342607683 0.14508824662629932 0.18265470720714358 0.17675184578706873 0.15839865663202296 0.15315064789295796 0.1144354358720566 0.15805090792976376
0.19830895447434863 0.1548082388821172 0.17023276423445177 0.16695021271856392 0.1683230634206666 0.1890840890413029 0.22922250205029376 0.24092038945951527 0.24755147820783152 0.25055900036352013 0.2384376334755902 0.2685861073046073 0.24646595242771094 0.2564126579258676 0.25545646717590914 0.24416428887193387 0.20925374786847334 0.19784363604942581 0.17105907449468483 0.15446137332464607 0.14305364841721813 0.15445577150989379 0.1854456729653124 0.17685280411798845 0.16318433931856088 0.1940474179617798 0.15118348374719562 0.1352034310452079 0.15101184222176453 0.11854447139047825 0.10321679360213026 0.08338471667953776 0.09221354473424254 0.1016047638380466 0.1358441846891781 0.15196229189189492 0.1740773167889157 0.16365985688911278 0.19337762281854076 0.17077799470577024 0.18646208205736467 0.14090196236604974 0.17969167803999825
0.18072569172315145 0.2000009153852371 0.17255304468830224 0.1917627951855429 0.19392115164605742 0.22304735615846139 0.2026396655220143 0.1901344597101995 0.21850174058704763 0.20236603149165847 0.23746678089059647 0.27375669759673904 0.28084855797200026 0.2505555553396981 0.24186140725416286 0.25117200200915035 0.2333481690733068 0.22838076096633164 0.17880811145333705 0.1975851224998391 0.19096234334759182 0.17725570602078106 0.1965283757799537 0.19289823678202106 0.18325059355109508 0.2005796526353728 0.16806404818053292 0.14928977108607328 0.14779649443530332 0.13574755657999102 0.1493591001617326 0.12268415759094964 0.11728126116618567 0.12135270326903733 0.10397973195725337 0.13918861527964121 0.15806662385413345 0.13874422876851594 0.16878020542043223 0.16471256210023694 0.20277621768877907 0.21156176540302551 0.19543017533930077
0.24552762142782247 0.2402974290792402 0.2367291131886514 0.18402450664233083 0.17169293832299615 0.20853486972366578 0.20204781502066244 0.18903737273324733 0.22975145149360035 0.20082796153712185 0.25598685007052163 0.24120860893562637 0.27650929846297007 0.2740393516193177 0.2791535568152505 0.21894133324148926 0.22340985353933418 0.21121037106289314 0.21387983358508864 0.20944918221810377 0.21664815448365385 0.24940569814012248 0.25953977394965666 0.24963529404768217 0.21539839290496698 0.19787744265135931 0.18367034023878137 0.173550837433091 0.1414675644374367 0.16295790749634903 0.12422978010293058 0.13046018802455042 0.11942368573770434 0.07757486313715811 0.08714016106524212 0.1139638253423781 0.15390857331291322 0.13186634913837966 0.18054278389588255 0.17889956073196842 0.21373500107217183 0.22556269552856872 0.1923314886750685
0.275696829441226 0.26460327085373064 0.2533127074757847 0.19489002444600007 0.18153920390308312 0.18994134814478603 0.22186609452221037 0.20319151430754748 0.22666158326968522 0.24283928167668883 0.2642335307469907 0.2716436529431488 0.25438197980405863 0.25792018191008986 0.2853163585838051 0.2731617411815826 0.23645456516029337 0.23700174386645084 0.234084074725042 0.25196836855178495 0.27570913528571617 0.26557318972810323 0.26232219187326233 0.28162793235413897 0.2785745472718645 0.25078638804558073 0.2387137139296146 0.21309854128478847 0.16726583132173253 0.1510940795312371 0.1319650050725095 0.09631302454492795 0.0961264109798326 0.10737195394441365 0.10003107750122602 0.10278931345845084 0.11007921332387362 0.1188276596945889 0.16873348624519668 0.203084430110717 0.2113014108872308 0.2248444548628524 0.228079515085081
0.30348956134296917 0.27376976248207063 0.23580383486196796 0.21768282701335767 0.21521504652632764 0.20660450628451585 0.25286328246165257 0.25449122324499346 0.23147562396942292 0.27358928268376603 0.26700475258210793 0.2533694655586453 0.2639134689182915 0.291551655537472 0.2699388658561203 0.29433417696235586 0.2587990400905171 0.23557108290777723 0.28367129926234336 0.2878334801755918 0.3100272628669429 0.3084573805054953 0.27875230621671804 0.2633592351350944 0.31422556650120725 0.30398849332854816 0.2508430642073492 0.24328630266806664 0.20089008924691437 0.19211636870551654 0.13607469294601715 0.097655322184788 0.10438061027904907 0.08864846760315516 0.14396856451038417 0.14537518741125033 0.1022716511239962 0.09974876724379556 0.1464577890950471 0.1939532195050885 0.2063288149208668 0.23122845421804808 0.24852235960370447
0.30970281478073275 0.2640519230055368 0.23163436329718684 0.24113020887421382 0.20938422547821345 0.1857607456716235 0.22882554851522702 0.2290153507849081 0.24119918280800137 0.29283168797280407 0.28620039786890134 0.2507702900944226 0.28111279133126327 0.25785059835660895 0.3011969098932023 0.30446908585123444 0.3222804220463839 0.2797134689331655 0.27625174818905657 0.2707947732677105 0.2808453715469174 0.32327884712754834 0.29012103234178377 0.3266738887076614 0.3146332920090953 0.32809254846523367 0.30788396930531836 0.24522290050754633 0.24446943919886488 0.17849537032492518 0.16922425242822123 0.10944551269664937 0.13820003600006786 0.13432536471408424 0.15100659472014646 0.17242124854204685 0.12758120558241487 0.13518363124148625 0.12937285789546152 0.17936578281848628 0.22204788371047815 0.21203141505918136 0.2526464115750352
