Raster_benchmarking/Raster/continuous/raster-418.asc
NCOLS 100
NROWS 100
XLLCORNER 1743151.607676742
YLLCORNER 5469284.9494179655
CELLSIZE 10
NODATA_VALUE -9999
[rows 57 to 75 of 100, columns 0 to 42 of 100]
0.4705376378925914 0.4780144969240475 0.43914954197298844 0.4286445675523473 0.41458058766069594 0.37618517987539857 0.283132365219851 0.3154148732249185 0.3053487452082207 0.3195884303834302 0.31864771177005774 0.2744702246187884 0.24920244929212307 0.2218938137445126 0.24847387071305338 0.29360374417442275 0.2925705650395086 0.31506310905231566 0.255807392290936 0.27484772407213276 0.2903255570742726 0.25185824093144044 0.21996810281446902 0.28832665574997 0.2798149788194233 0.28434553585192507 0.3212759050638844 0.3591298440331282 0.38708940803083774 0.39380194425289494 0.36200228484659064 0.4144403219486578 0.4650147566634448 0.5073513339463901 0.5545220169235999 0.5246869295093952 0.5332120075454874 0.5430973849275336 0.5729639488830582 0.5145864225699929 0.5178461584584931 0.4664474656785974 0.4922967110174043
0.45854635064656274 0.44907476493221365 0.4427603857277339 0.4341168833755856 0.3801881865582719 0.32956123453406105 0.3141125983901593 0.31287947933633725 0.32434160128260686 0.34330391769635415 0.3376934774024467 0.2681414588018444 0.2837958650535643 0.24465437105296384 0.2900243196022106 0.25494096052841114 0.2684491797049835 0.29945588951309915 0.3085745653517996 0.2952452737327563 0.27774993151019195 0.2349758915862461 0.21498880556294747 0.27594433337296104 0.299349074145855 0.3136212436610318 0.33190532179072063 0.39733759190409956 0.39651139744797587 0.41776347161871924 0.43937018830476593 0.4588061891370318 0.4608801374297913 0.5087894780446094 0.5209204832384804 0.540093548438548 0.5338273523131416 0.5086863279329189 0.5040616469005073 0.5031566624829339 0.526706495928972 0.4978690517618621 0.488745181329215
0.444837884433214 0.4200773668730452 0.3992300287941357 0.4163116679847083 0.36616753629675935 0.36469583308437975 0.3549270921178299 0.3327030121891591 0.3471985089371223 0.35735499599032816 0.3023178702384803 0.29315260701393425 0.27025873002722206 0.3094512954019728 0.2986117776081338 0.2784390169907405 0.2965114658960427 0.31839098532423693 0.2947366995263568 0.279871288236384 0.25060217605105134 0.274215536196117 0.24790473942088542 0.2912574902203478 0.2834903853804553 0.3543977639836195 0.367654959188347 0.4265020700012969 0.41386864484224195 0.39903532791755614 0.43368740366425523 0.45445445654047545 0.4690855816925093 0.5030012635550389 0.4989603401560911 0.5471302336615849 0.5205851760493451 0.5189188345768501 0.507106567548167 0.5276668365505431 0.5012752167219349 0.505686737508229 0.5119754453603816
0.38583708036818176 0.4378902549039887 0.4254729165304644 0.3837513006114977 0.4009607550857229 0.3802408391935834 0.311701907222086 0.3251241252046934 0.3368709460348776 0.32313890435200604 0.26787892232091576 0.2592158084810371 0.3115236415529449 0.3153660221900996 0.3023998170550204 0.29710686563157795 0.318365553666754 0.33829074801247005 0.34924837803512687 0.31767201455877125 0.2796281075156892 0.2731574144366378 0.32896222478576764 0.33016637263219306 0.2944051281147503 0.333147970805542 0.3871208207403799 0.4347069420200533 0.4456510587941052 0.4496342287162066 0.46311375918685554 0.4668282967476521 0.4846712658899406 0.48872149704714474 0.49000884416048296 0.5174692762274943 0.47871526018345323 0.5057618600614212 0.5245376453126851 0.48321320352869407 0.4886964199636461 0.4901827405175277 0.47357037415885966
0.3705610495126416 0.4445204413890968 0.45044423995853344 0.4178091104977341 0.4070616721007187 0.3516562785101081 0.29048830312223484 0.34655403317671857 0.35474266929736264 0.35453976479408206 0.29942114098481626 0.31176062546158184 0.28105806315859005 0.32957855995722624 0.3394107521011098 0.36059472544583354 0.32905880260113163 0.3649171454410292 0.3747594055777308 0.3726275945032813 0.32480224075237624 0.344197698107393 0.3445821536888062 0.353901259431097 0.3359805515931651 0.3717756174004322 0.42396291516930257 0.4142796621109667 0.4196658507488877 0.4650679258827314 0.5188041491661058 0.5196561928242983 0.4847382527716643 0.48670514629816986 0.5634867995281341 0.4998934627639009 0.46330228908648635 0.496565587413605 0.4827516813144755 0.48036262822281506 0.4987579945781713 0.4556820450708088 0.4842857211468021
0.4017858769155876 0.41718069241605876 0.447120103002706 0.44439787909248774 0.4018549447480618 0.34740779879417366 0.32921488699851104 0.3134188226269691 0.35006091646249793 0.3282174214942103 0.31386198343970206 0.30712792254616 0.32497629586683097 0.3490730810900229 0.38105059333955466 0.36384675457633525 0.36983729973880164 0.39330480719033706 0.40023984017966524 0.4034081053849753 0.3837965116951502 0.3652805687306482 0.37453425493688774 0.3815575801134054 0.3793339474776407 0.3887905303611036 0.40659668803328947 0.408310051284471 0.4589619870484025 0.4873999584605499 0.5468867055144626 0.5548030851023 0.5199493779094896 0.5310325189922472 0.5518050604248244 0.531833467667397 0.5101202833809494 0.4549167649497183 0.47179120324956275 0.4801137780526585 0.47202383593840697 0.44842874465140486 0.45603412780563546
0.43642752769243237 0.457947518474328 0.4525128065845879 0.39794642186656004 0.3902542249835704 0.3353377161648138 0.3506986709655141 0.3372692675314762 0.33787313150495896 0.3524467302101271 0.3301882491341476 0.343273245606711 0.39633142784410874 0.36962648329722353 0.3547664251563776 0.36464035692178715 0.40775530014208455 0.41016774138914713 0.4118428353992948 0.39722293772630357 0.42032812290602917 0.4267212277158351 0.3611476696437081 0.3851320669185004 0.4470845976061708 0.4396735371451448 0.4099346277496181 0.4513920067123984 0.4824137974050109 0.5136742922835865 0.5430598545557399 0.5278463169526527 0.5582624039865682 0.5109515928654002 0.5055141692096538 0.5111693599930693 0.4836907193710489 0.4808146161523501 0.49466172903121364 0.48260171060244544 0.44261757787573075 0.47484189013367384 0.4500504665437338
0.40055778935467884 0.40549886885378444 0.41351735597440376 0.3859432944394801 0.37421611136643856 0.35244964798251355 0.3611355241989762 0.35124957391287115 0.33535919677045795 0.36753970873750014 0.3607866211605579 0.3593238427321369 0.36433408029774733 0.40880227473763103 0.3941276290554316 0.3902198872719434 0.394266212916197 0.4042227815380124 0.42011361924990925 0.41229986057287227 0.4360036419820376 0.43918198236255523 0.4152479410831198 0.3900816654157654 0.4263416181284969 0.39682265539471856 0.4041347029598776 0.46473918918844137 0.46129304315173797 0.49495185968885935 0.534229750898633 0.5696202029092134 0.5152176196972262 0.5042788958551276 0.5470890517876639 0.5081533703031795 0.5079257344227462 0.5237369445425009 0.486986962140285 0.4457078922645386 0.4725779322375688 0.44604107488851497 0.4664528900297887
0.4045605492228248 0.39228535492957656 0.41898608148501315 0.38534172890949925 0.3520957133650907 0.35577492513577086 0.32464903842367976 0.34863540531024245 0.36227453190731085 0.38108316879795673 0.41781401238390337 0.35924413790899756 0.372209360028774 0.3881097206092968 0.41783666754460874 0.4458256559372432 0.4604649163682893 0.4338638185570303 0.4280568096403748 0.40503998447413087 0.43846486764489107 0.44729892107420316 0.41941064006904016 0.3870415120606634 0.40002058070158153 0.3961034171112295 0.43073517710115206 0.4944919409998494 0.48763613598393435 0.48329363359313116 0.5500542069351434 0.5306315635141952 0.5079424567981459 0.5060452776228451 0.5537865815083135 0.5260949451521949 0.5070142171590127 0.4970320411405566 0.5023930912219283 0.450594064624194 0.457108527758183 0.46172268211256245 0.4399179634210049
0.38966916287412795 0.4132150389936377 0.3902834985253124 0.40177511656745957 0.3872298432925105 0.3384347003399893 0.37428651534890256 0.40721272110321954 0.3714113952304418 0.3961145336365138 0.3944443172258267 0.4038636310961127 0.42315410837134587 0.39816353252008757 0.4396857397389611 0.4148183172454643 0.4079905129817639 0.42686905624954585 0.43047690198514826 0.4169944007516706 0.39069186461764377 0.4326658589080111 0.4314293186687292 0.4157354306073599 0.43335256402603073 0.4158404353399489 0.4460543933167834 0.49218860044790713 0.5237578069938624 0.5106721340072936 0.5398613905810603 0.5170909377791763 0.5073419942144658 0.524738310108317 0.5325151785143813 0.5440325285940572 0.5569341380415957 0.5140208260229101 0.498493922416133 0.4587713927687305 0.46606352000536455 0.4222016949892459 0.4095608620016742
0.41765239371310287 0.4157181118443222 0.386612155206992 0.3851996523868191 0.35313410196257605 0.399807154751034 0.42267569074728184 0.40153407887706405 0.41088955701123925 0.44504641081261065 0.4510878773415603 0.43184108926387005 0.4206771400189213 0.4155161331348151 0.4547005734748148 0.4445724349663744 0.404414810186262 0.3860390185929083 0.37225609880479055 0.41333046930136885 0.3581252265965588 0.4121758075177942 0.4074171092639669 0.41089257486559233 0.42523080968216836 0.4202537714724339 0.49452740539963796 0.4667681621338057 0.49014169183299855 0.5016838557050808 0.4908534355100926 0.5195114671285291 0.5106565666325437 0.5129443964860365 0.49111794097946254 0.5158603573289938 0.5448824356914916 0.5153644990111759 0.4709494768715271 0.42463722189846803 0.4177667085772284 0.42430067365776475 0.3782022005740973
0.3922298134453641 0.3979296771272603 0.3746253944679873 0.38917761816184165 0.3975223841940809 0.4311004860350851 0.422203108094526 0.41870303045196783 0.3982195571618172 0.43169124918204815 0.4427866494236841 0.4612313041210676 0.44764178785917724 0.4836728238279343 0.48212233320700554 0.44039291201046893 0.4232244643776707 0.39118309411367697 0.3900547568725804 0.3924913493190241 0.38961939476431806 0.4020057416823267 0.40512225485643677 0.38257585229814456 0.39804737051799793 0.4501760999696833 0.47178639939763023 0.5082135201104696 0.47013135239810466 0.5102213229221453 0.5152182773390589 0.4915229928535471 0.5333431078841667 0.4924147060595161 0.46054283897103726 0.5107828754980763 0.4752802982817389 0.46356743956078783 0.4495859431923292 0.44835675327882896 0.38597223238480893 0.4110038318785913 0.38310299094970146
0.4094723296814195 0.40370283694298353 0.35090168163611846 0.3567325110184929 0.38145948850378936 0.4341255573246745 0.4711242991023273 0.4280720083930396 0.44598240332595357 0.45074804956985476 0.4823827266869896 0.44485111414876255 0.43263549145609775 0.472631266419024 0.5358500225955188 0.45090566587658365 0.395981888347108 0.4215062464149232 0.3830828122745628 0.3622862584106537 0.35244941311797123 0.38929144184284326 0.3959890435009945 0.4080081287988298 0.4156321186322828 0.4498615433403169 0.49886524316035574 0.5042936639636917 0.4733075876501291 0.5110680610886971 0.5077107544043906 0.5034443846327705 0.5228818645533382 0.47236730207094113 0.4675056129129194 0.4582227836830684 0.4880850189883853 0.4516582550043557 0.4561641926086748 0.41788613070165664 0.3764466691758785 0.3786504668396342 0.43131139714085803
0.3627405059916789 0.3603055536079465 0.39214903003337476 0.39125186791124905 0.39706330151992936 0.4150753211257709 0.41412626014172715 0.43976555221101293 0.4378163269294906 0.40472235673785517 0.44079448938576166 0.44369886189488017 0.4769783013471276 0.5031852154187708 0.510923123055957 0.46163206755769837 0.4414209083837628 0.41609106171408855 0.38649510907567 0.3808113999710795 0.3680099601893341 0.411366880787349 0.3839447949415416 0.403337912287415 0.3878720336709061 0.4305656933822284 0.4574814803165025 0.42530208163928845 0.48264886758794917 0.4725069246435163 0.4984630327392173 0.4992027835098488 0.4977278398169771 0.4993175562454012 0.45776655155277896 0.4794789540186436 0.47134587519638216 0.414224581077196 0.4194758988644064 0.41714140179450265 0.40178241004294457 0.37997067808662227 0.3793480707262753
0.32613850465107985 0.3382317443704162 0.3467444477250908 0.34137601238951826 0.37385504831899957 0.3778073188870551 0.38345312435663753 0.3911463772919909 0.3591027426949775 0.37662055022119284 0.41631726553745374 0.4246767004230367 0.4656616540058701 0.4778581924387283 0.5137768338502888 0.4555445513866918 0.42892501309088593 0.40754850198294407 0.44863040189694364 0.40314632973545256 0.4307992344176425 0.4226369963878692 0.42126925820353955 0.41093105810485897 0.38942083027771895 0.374754609662971 0.3782279201096306 0.4363805608812312 0.4604901312336271 0.46961805412551627 0.4811163568327565 0.46335031319965697 0.45271539423432344 0.43234388162755144 0.4368702918150716 0.4534141268521111 0.4063598783886003 0.41044040186855885 0.4040286132498096 0.42887681090855095 0.3979251936845497 0.41459776183572766 0.4282157013737883
0.249641228981516 0.2904274300745402 0.3244818425287528 0.3645748903817611 0.3952644394566795 0.37745308300916525 0.35704347389985025 0.3645781298198637 0.35473936240503456 0.3274840404881147 0.39907559372961965 0.42290849995093527 0.42157433403760125 0.4333834869633807 0.4486044104207774 0.4244948101445191 0.4409937837733401 0.43808513883668737 0.4570847591015132 0.4556153674178599 0.4360479324187223 0.39649029155382776 0.3810249303938711 0.40723525926902643 0.4308301802425055 0.390640166656285 0.3672161681848187 0.36566133962952274 0.3781813039088623 0.436565087851255 0.4350416562006919 0.421732835038281 0.43094011550778466 0.42491327415954955 0.39403108115602425 0.41895389194208754 0.37407028597235314 0.4021595557898616 0.37906173751614847 0.38372427242758556 0.3937399598103323 0.3627164196291402 0.37543612185860276
0.2396446262498964 0.28159200077699303 0.28607212182100866 0.3175556118061703 0.3474621906100143 0.3570289272823669 0.31812009383520184 0.32394085810301754 0.3041408073464907 0.33139351436880876 0.31491265864563145 0.3777910490178755 0.41900940874964 0.4356513299847152 0.43756463142870805 0.42991031490635995 0.4122360827209008 0.4384797984956497 0.41764876604122886 0.42848484939341647 0.4079314789425328 0.3879253654242477 0.3790683028802934 0.4047201400080648 0.4174511991688916 0.3757381404165073 0.33586229946817087 0.3544216931370803 0.3523492401895402 0.3735849497974946 0.37877544896219073 0.3807144080812226 0.3518818780167493 0.37930392788410106 0.3866205834623683 0.35355625211614194 0.35704313515945907 0.3534867636358846 0.35138734824614365 0.353001460084214 0.34420293131341023 0.37355440560958614 0.3926047604770429
0.21046973208312508 0.24333948919028106 0.2669961419882997 0.31363110238254627 0.33190020724379093 0.306193479332502 0.26020030420446394 0.27263176918638804 0.279685121795961 0.3041085726838011 0.31296811967085203 0.3180649943330828 0.3657072443316045 0.3955224092318716 0.448768729817099 0.43966341460719865 0.40387929075977713 0.3907508597715924 0.4140479200533978 0.4122509415334104 0.3890362849112352 0.352540722628069 0.3428866715056302 0.3527231186025791 0.388762112386994 0.3939671218284996 0.39613635845205236 0.3647870744013209 0.3610249600834461 0.31589667224405715 0.3240025288226756 0.3465509035452803 0.32338578959228037 0.3429530320329916 0.3819938572715028 0.34626062828877646 0.33661642424442306 0.3333843982932608 0.3587208431620011 0.327477452436263 0.3433971723242717 0.3476606191944415 0.38275377656252113
0.18171203753978768 0.22629831644791987 0.2655311139414329 0.2833077520789341 0.2675676715952011 0.2505993800921591 0.2133848202967013 0.240741063889152 0.2500060080002004 0.30608219508928214 0.3141362636992343 0.2956820275138652 0.3206251880809365 0.33795423543899 0.4129054550536721 0.40381924543954695 0.3993830362282014 0.38176525208902906 0.41345351987741097 0.3783963872579616 0.3447585560911083 0.3570381183318829 0.36186104368637484 0.36847742329293165 0.3731146393207803 0.37287896608828774 0.3758326422674971 0.3238511705933091 0.29673057726599683 0.34147669113168516 0.3314548130161012 0.318399972860092 0.3362975878959271 0.3852854783857057 0.3617326500698333 0.34684779437089724 0.36733382340755877 0.37365153749728297 0.35127018418685585 0.3401343190154119 0.3037236582832091 0.3298550323803558 0.376934260262788
