Raster_benchmarking/Raster/continuous/raster-372.asc
NCOLS 100
NROWS 100
XLLCORNER 1743165.2116000946
YLLCORNER 5469281.250872655
CELLSIZE 10
NODATA_VALUE -9999
[rows 57 to 75 of 100, columns 43 to 85 of 100]
0.3944553359896511 0.4281034861923606 0.45701720162287207 0.4545300321797511 0.5095027761650041 0.5295612183414343 0.5655074048367196 0.5743036778708746 0.5917312775315337 0.6094429212607927 0.6316330556853481 0.6217252076885582 0.632305413598265 0.63438386382082 0.6459128274632525 0.6572115450297459 0.6208973258359695 0.5969247774193605 0.6104090004612202 0.6048448920987138 0.6135837687235957 0.6114144185607694 0.5756971073565631 0.5872509763983711 0.571111757401334 0.5318765163054906 0.5045318287585447 0.5013621372893527 0.48284808198483453 0.46206674050155244 0.4432587812780652 0.45789961892610315 0.42204944129667404 0.45210425684712546 0.45640673760841993 0.4401557910923568 0.41754842577445866 0.4288919680497737 0.4313103329218951 0.4404973552161343 0.3967114175009039 0.3631763662924283 0.3422860009036148
0.382775475819562 0.43610473118993215 0.4333129730548811 0.44810861846198163 0.4764544619113578 0.5310708335148303 0.5582879040378149 0.5875665723660882 0.5862611927942425 0.5886756725697468 0.580043821747174 0.5856975797176991 0.6170474802726165 0.6496494423602813 0.6829786492248199 0.6827643991518446 0.6333548906975544 0.625521339975309 0.6296046183945884 0.5986380967457825 0.5770134739242837 0.5896618512151179 0.5584396444431865 0.5556347472460835 0.5687675245764691 0.5725749975029941 0.5290684563246075 0.49418192255526483 0.5013024312821193 0.47227290848193265 0.45728328418672953 0.4448828560972986 0.44970764816904807 0.4766093130703679 0.4604466218721223 0.4223867119731717 0.4402097715879046 0.44163295453648527 0.40954631525461077 0.40855439669479443 0.39815548107165255 0.3726301933887295 0.32854984536598875
0.4160359584967859 0.4404381428882899 0.4166032209302602 0.41151306009763444 0.45529533378074516 0.4922328433513165 0.5306820880254669 0.5538115634756201 0.5734629895320396 0.5696953973873181 0.568514674353706 0.6001676817106608 0.6059933312734439 0.6388836022793448 0.6833461082087853 0.6902415154816023 0.6522742707803467 0.6308945449078571 0.6267258941604369 0.6117959986968653 0.5735355631220422 0.5927870574271672 0.5663862092184145 0.5601607511136064 0.5756909883498684 0.5765292162372605 0.532237216282703 0.5196320638030901 0.4957407585138436 0.5061451521871738 0.4904397590762366 0.4970395182345019 0.4937181491149003 0.46138401492941056 0.4378919371137727 0.41078877270202385 0.43185180421350267 0.4192064259708122 0.41775401198095646 0.3813429898064225 0.37133829122339895 0.3834015330683879 0.3356386089891417
0.4109895011667662 0.4074830681345709 0.39635062710220775 0.3891659126307227 0.4314998916930636 0.5046640998554759 0.5070800668820891 0.5678695011877636 0.5603776403100518 0.5680301670346707 0.5725533047121818 0.589340496751857 0.6418644816713869 0.6550936230223802 0.6404597242797243 0.6682324638563616 0.6442094197209249 0.6326767010868707 0.6121173623959618 0.6044708111049044 0.6015341129077767 0.585192520203565 0.5949532729988953 0.5755778480814228 0.5698336425622137 0.5597698210522954 0.5090940531259373 0.497919506321269 0.47668788383882316 0.5153251624444861 0.48492660442499846 0.5079892674757991 0.47323061938280936 0.46781478597014703 0.4209250015143919 0.39931760295314095 0.4235840882733301 0.4147499497274587 0.41444092164301977 0.37889116078950913 0.3507754158609622 0.372589321683766 0.3650207359082605
0.39857307497649186 0.3901515485805054 0.41210408014128747 0.4294012307660242 0.44997551959108784 0.4661431049704565 0.49250772579436963 0.5492993110920704 0.5657253148420801 0.5663672568647615 0.5946372693476469 0.611869532703986 0.6276640098386603 0.651319675300718 0.6321695654856089 0.630432992221342 0.6602927509484695 0.6548555887860493 0.6203747223287157 0.623146159910752 0.5803411214638414 0.5714325822847557 0.562030059262603 0.5453512905837883 0.5281892391050014 0.5134512990944602 0.5314497323497899 0.5238452422766691 0.48027526356236433 0.47720596112034586 0.4915466048751991 0.5077464885630298 0.4765517179487228 0.4651305005505854 0.4308969596374582 0.39498537390364885 0.3789783880723245 0.36696520383982 0.37064035853006455 0.376815774233699 0.363538086117127 0.3371935290565834 0.3359596003571915
0.3994440243634114 0.39515581971322417 0.40168501190982714 0.43015925711160996 0.4119866294618535 0.44363000110672324 0.46259967659818346 0.4840441150397403 0.5460517165928714 0.5815933192333205 0.6194424935573469 0.6385190833017064 0.5998141668606368 0.6172084807485638 0.6422497029920243 0.6181677432453969 0.6182444108307247 0.6500666032281799 0.6396180635709615 0.6103358485120182 0.5538100633713956 0.5395671507440872 0.52722563145156 0.5358520836012828 0.5216665566016571 0.502207724847647 0.524990095106778 0.5114427992302695 0.5031167650667265 0.4756183730433622 0.46845683719011016 0.4770376828213457 0.4841018071445867 0.46577875399727797 0.447216736171892 0.41883799165818636 0.3922604025722361 0.3677327832788081 0.38239294296816434 0.356622979673468 0.31805216562403993 0.2839057104767222 0.29157020127872596
0.35526900040877885 0.4058638281636794 0.41266084657645496 0.405368618597353 0.3972802203447408 0.4181040582594198 0.43713269480359096 0.4515442629940545 0.49048841031186396 0.5710611441495022 0.5858510097757966 0.626395540462274 0.5973932874647794 0.6044856140261919 0.6111175136790158 0.6301638610192996 0.605307358570594 0.6194804879970074 0.5888504074083271 0.6032230146830017 0.5639320111803385 0.5481369774711009 0.513035542442411 0.5235262633086303 0.5187691469135164 0.49361073544064094 0.5159773319424367 0.4850421321528892 0.4799358432309928 0.47841326221301833 0.4700228696155033 0.4942673220294984 0.47139530350963654 0.4559721590496054 0.42274788674468855 0.44555834765871755 0.4228004496788396 0.3997272389531509 0.359539853381488 0.34132118867750366 0.3144239418034743 0.29097169666937506 0.2716644698904941
0.3382084654548833 0.3726856390233238 0.40035409801878474 0.3916186999447268 0.3944715731338001 0.38030136406246373 0.4231551729883331 0.4135227232178894 0.4956426741484801 0.5411560693722288 0.6031906378344756 0.6142697009532471 0.6101282351423462 0.5909390938302126 0.6160181622584471 0.632136402883074 0.6036106251053239 0.5610434768240512 0.5444233834064598 0.5621226382985307 0.5652933065727143 0.5082657590573368 0.499748988609948 0.5023342503030178 0.4827390804055148 0.5216815868795316 0.5071332625458976 0.5117032661874147 0.48824719250873816 0.4822561612283266 0.49185892706073187 0.4699016935276484 0.4465816744632292 0.4371298762028352 0.44988856656215986 0.4315480673834367 0.40304632998699064 0.3937946297000789 0.36109317507000654 0.29975662942882897 0.2876295101230132 0.3098057804091943 0.3021888447481281
0.3794229240369898 0.3605504772251033 0.3693707375614912 0.39951139419227183 0.41851314067527734 0.3971609925306639 0.4260926936361292 0.4371301338407592 0.4810315101867039 0.5278523970901189 0.6000593325481348 0.6086589732332904 0.6123406193176413 0.5863362991341617 0.6100071922355176 0.5884835742866649 0.5664171420028505 0.5466031373066488 0.5414091038422644 0.5526270741293118 0.553812830991338 0.5212773113999437 0.5077092367980061 0.49602529492532693 0.472585672313921 0.5104000984063631 0.5131210535730485 0.5277700189338723 0.5196661635158044 0.4755444343782789 0.469821626285901 0.47245224564966626 0.4539205701287676 0.4319993516081424 0.43688972445417645 0.41911659879326896 0.4284315254227924 0.38042116578343194 0.36548620561823075 0.32626778758161407 0.31033734720709677 0.3157683775071508 0.302206715626992
0.37931872820387663 0.3870950494717608 0.38821948506577486 0.4109197406957825 0.40861650258477367 0.42101655785929276 0.47213629897933324 0.4976287790013543 0.5142014329782253 0.546484836464528 0.5733581441148585 0.6075732862875798 0.6006870709350783 0.6024049418488885 0.58515496808429 0.5507842418323754 0.5425570395226618 0.544925637058035 0.5218880402560574 0.5378453779620076 0.5210042112358195 0.519833586250002 0.4839281523745187 0.4593713380840807 0.4570431423325289 0.49334256090949064 0.5188023607822076 0.5085573488699032 0.4882121843497193 0.488764910163272 0.49767652229647147 0.486010398694743 0.4890374460290231 0.45465773599049303 0.4403844491972731 0.40912955961400377 0.4346677278512439 0.3971758217661492 0.3526216117466477 0.32512974795172594 0.324913632152865 0.3030702340689807 0.31199196680847296
0.40559965881169263 0.42548982046885886 0.426204467081626 0.4202056911622654 0.4214345484536669 0.42327131346631125 0.4885258373003631 0.48774126175808796 0.5169826823175054 0.5560510259293389 0.5574334872451018 0.5655703272360574 0.5670100156235999 0.582204042281324 0.5704210820390784 0.5410748121965522 0.548522694280633 0.5439544391587225 0.5118607968175928 0.4948461330546604 0.49837865783583474 0.5076821884899367 0.46242589157048214 0.4700243478573491 0.467264998361502 0.4717561316305283 0.480781675603481 0.4595684432296227 0.45932907348949237 0.4983302739070979 0.5030152718906715 0.5067475598346128 0.47957186141001507 0.481247199848226 0.43400837345817467 0.4273229597589381 0.4183550728850351 0.3676617618912384 0.3569865365967197 0.3357091511538741 0.3346281449907818 0.29652475942829454 0.2954793486947697
0.38497899060399754 0.40188828531138554 0.4002453882188489 0.4345807756246938 0.4577498835561314 0.4433354398763926 0.49179124309682476 0.506040900973829 0.5211940843669403 0.5192956243937024 0.5493804961710973 0.5671041820543292 0.5560898355669651 0.5604142763418273 0.5462562594575293 0.5179015232890682 0.5293930126201897 0.540047326088925 0.5221563426523472 0.513781280863994 0.5048500695536282 0.47816624537083297 0.45094391369225606 0.46849499352845164 0.45397094927542864 0.4402337099000181 0.4532786911293684 0.4014661589745799 0.4332035943795977 0.46272497703825155 0.4740402367940323 0.49008899341425216 0.49264218897066037 0.47728941665169167 0.44819235672423346 0.42611343982998967 0.382662298974504 0.37614663616981503 0.3735773616595952 0.3626591284877836 0.3277467103918245 0.32452937470930476 0.27362529713505523
0.37463725371618695 0.4119089412521546 0.40619182720698727 0.4606022267415084 0.45653638141410774 0.4963524594899343 0.508246617061254 0.4964131965854092 0.5316539075261443 0.5522647207121547 0.5329015485408602 0.5273032955883851 0.5392821217659881 0.5443356707419563 0.5151957432697486 0.5195841735964231 0.5217983316561087 0.5021239283503072 0.5262496848626966 0.5144320502227561 0.49259485048791846 0.47172999204715355 0.4765311221634088 0.4357720717467061 0.4181205318393903 0.42164980732304574 0.41216492400891286 0.40098657573349344 0.4538558707234811 0.4880024148485205 0.4750799042840313 0.47612114332612043 0.46068036676630364 0.43630184939140193 0.4404960487040154 0.40452810706679193 0.3765256451177662 0.35363802534521044 0.3751197618985432 0.3317464791087849 0.30996061629222565 0.2745588585452271 0.2772021489601792
0.35033969487929734 0.3774556160669834 0.43050972815924066 0.46823395096104004 0.4811843243788445 0.5143987737350745 0.4843188529764835 0.5166787455433314 0.5550542084114211 0.5676645541708759 0.524464249778371 0.5326086930765186 0.5265137354338923 0.50566422775707 0.5111972398216856 0.5486354252666512 0.5048029786588282 0.5065519529404703 0.4942658983076221 0.4825030599496557 0.4947353571346698 0.48051876997442017 0.45993436473489774 0.4269902021168908 0.4097339884935384 0.4065968589009734 0.3843536405205275 0.4035841843393992 0.42266467469749963 0.47291899109633395 0.48752450050422036 0.4677075492524408 0.4629924927441737 0.45030111813335505 0.42134988095157494 0.400462739001194 0.37804310122306206 0.36297009631552785 0.3505917383744818 0.31866789373997473 0.29171706698982014 0.23691199224727208 0.2361291636203191
0.36648812477916953 0.411340782148651 0.42093024100427834 0.45223779882491966 0.49946330346189927 0.5152785855081801 0.4847666906133425 0.5118453945791475 0.5445593386722893 0.5593617521472033 0.5273278370158914 0.5607060273791573 0.5412599045033311 0.5577974223137475 0.5256023830239307 0.5387723881980108 0.520510798368358 0.5109229072908449 0.4839507977708274 0.45550072676734743 0.4650854934826825 0.45781774846883666 0.4161977595842052 0.42247520081850265 0.3974062017155013 0.41421455314120376 0.37460164915241523 0.40788263938339436 0.43950087271783506 0.4824586995820624 0.49504286536545355 0.47285393551854066 0.4562000978828507 0.4559819897600687 0.42201969501002967 0.41639311740618723 0.38418437171384817 0.33674032701891365 0.32842703412286983 0.28746809811538504 0.24971128475643856 0.22260423433371773 0.23806539426881032
0.37510691410669583 0.43799076920009805 0.4404975579284493 0.4786251594801719 0.4923242208222571 0.494634538671818 0.5019194785316679 0.5018640776542779 0.535624204380625 0.5240467865456803 0.5270211717098842 0.555420437574844 0.5491461249174511 0.5690884544899308 0.552146124654463 0.5344503919471211 0.5262191592941606 0.4572186320311431 0.4477397003490818 0.46168707970745265 0.4346944315130554 0.4445361614358852 0.3907947496789219 0.37317526116860256 0.4025533287853303 0.4141164941068162 0.3662770151140486 0.3619942102076656 0.4267267964524811 0.45898448136529185 0.4589707437686481 0.4910062096703213 0.4474310395972513 0.48181825639975356 0.4384520200640572 0.41715616321199617 0.3453172098664495 0.3036104082793336 0.30598630694712736 0.25188094313350196 0.26227596874398895 0.24836315849516832 0.24504244374559428
0.41706507697941103 0.405776870960527 0.4497563067986997 0.4755461225994601 0.49204914363723967 0.4698461076790676 0.4862246664031592 0.513775800035743 0.517393210519605 0.5306533363605895 0.5545448269820109 0.5500213610744412 0.5719187021506548 0.5548477441646239 0.546224609823772 0.5205793804533578 0.5105822927894185 0.4685660549122223 0.4449503773696446 0.4429799148439387 0.4388818258712132 0.4280195153922966 0.4059196730656426 0.37419298025701586 0.3653812536158482 0.38520212750462185 0.372410530685194 0.3491393077696794 0.3761208615873719 0.43610111160135134 0.4160719632992757 0.4367463060924749 0.44751530864772426 0.4283222115907384 0.4315394940859735 0.394357300093753 0.3661688001185347 0.3022716609761668 0.28243917122310974 0.2636120041580672 0.2895685601068621 0.27085842901368057 0.22360880986641743
0.4059932152722531 0.4085520741840234 0.455193474365763 0.45791770676418764 0.4898378634691854 0.47119221682317375 0.49968625683881385 0.4814319189655124 0.4798689678875097 0.526543219922952 0.5192337614245184 0.5539800594814561 0.5547429878102574 0.5415220609607532 0.538885616960343 0.5321444433665955 0.48269196866586994 0.46059274932834743 0.40615093377962774 0.38919339163319233 0.39204507796074 0.389941492323436 0.39687654813463014 0.369743865464247 0.3618568051838029 0.37401316221656056 0.3452241549869209 0.35450845649228163 0.38979618532550336 0.404763340108475 0.397846053277578 0.3989135433101963 0.3939833417511849 0.4220485815790503 0.40528482464045207 0.38438914357459975 0.37107471829628325 0.3178837576074647 0.3072799778061959 0.3121773305525978 0.29284986611735697 0.2693084523527503 0.22676271499254036
0.44130028530970233 0.4220755940178657 0.45078421518595013 0.4813845054602571 0.4950418971960414 0.5038257687494867 0.48126407980169866 0.4474873470838034 0.4680189217409727 0.5035673058243658 0.4928028085133844 0.5171798790079711 0.5176651594956048 0.5348633612858243 0.49745119381047426 0.5099996350803444 0.46020480037777184 0.4663489044343887 0.41711789726771337 0.39773074787578777 0.3992373836252909 0.40620911177948354 0.38731991776139585 0.3790373581997128 0.4017865298853308 0.376547985928896 0.34362201063152764 0.34992222226254455 0.33874602636157625 0.3758599224763767 0.38320108545171216 0.38277362296449957 0.3892471440857878 0.38100257748434935 0.3795916401068986 0.35605827839122584 0.3557079970587654 0.3209851955108842 0.3169985037806704 0.31816237186125035 0.30063497990201216 0.2676804594389446 0.24373371405646901
