Raster_benchmarking/Raster/continuous/raster-13.asc
NCOLS 100
NROWS 100
XLLCORNER 1743152.9497655132
YLLCORNER 5469293.111808743
CELLSIZE 10
NODATA_VALUE -9999
[rows 19 to 37 of 100, columns 0 to 42 of 100]
0.6247860618894756 0.6678593932445146 0.6977864748608932 0.6934651916171078 0.7447647236971296 0.7836312432739767 0.8049364611726584 0.7826496774019538 0.7338328055912303 0.7529538795513234 0.7270060310812569 0.6859047466084254 0.7022776556508005 0.7011121457253269 0.7247802553503315 0.7532623025507242 0.7260864544924841 0.7492520785130027 0.767840667294087 0.7745359086693049 0.7411805134492374 0.7193843650782179 0.7310569139152159 0.7039432312435351 0.7192287724068142 0.7482717848538228 0.7236486797165226 0.7313206336943587 0.7311638579553422 0.7241317873169982 0.7564751352737467 0.7314016424782555 0.7121924918056286 0.7227829474297814 0.6669867844498834 0.6347733507465402 0.5935532551105388 0.5449093931114182 0.5912285079425661 0.5759559577931578 0.5407942948280287 0.5255446109766962 0.5265673001409907
0.5865039383546551 0.6373840741453307 0.7016127051896639 0.7113159012590436 0.6908129208072656 0.7265408327904928 0.7552343664911892 0.7454600954304532 0.7220017436862298 0.7387225998367034 0.7084579573616161 0.6944848984912338 0.6644731376892301 0.6810306776360863 0.7374525636680686 0.7764865479826761 0.7712833981738427 0.752183298526595 0.7506509045929524 0.7209008369985942 0.7557816162062139 0.7506520909887943 0.723088612560474 0.7008726674316449 0.7264445091149522 0.7100019418950794 0.7260680354646379 0.7554472459248008 0.7169259952186681 0.7563687372853876 0.7610096699452167 0.7257273001490845 0.7423584605425242 0.706602560988885 0.712039273488405 0.6412821553595368 0.5765096960393428 0.5870149131500391 0.5880295261376777 0.5689645153085116 0.5638355529266111 0.538581258696181 0.4735322101961099
0.5937062283222706 0.6278008230897408 0.6949706994035925 0.7029200519433787 0.7084037488252448 0.7047302537692715 0.7119516911712178 0.6919435421292638 0.664850229594892 0.6805458223111904 0.6934830534052507 0.6745430790618488 0.6849376312664962 0.6988296851650997 0.7372730575677885 0.7292183441654647 0.7524867372823271 0.7276895668528967 0.7179289519501698 0.7088112801440846 0.7368850375646946 0.6938955022825242 0.7114844996337967 0.7340272604461233 0.7219763339320222 0.7190094225167595 0.7137136932467756 0.7397042537691035 0.7021770986970659 0.7342234229495183 0.7300484340318178 0.693768194644587 0.6908535277334897 0.6753107982502404 0.6705522892176089 0.6312639786084027 0.5936679643584832 0.5725486576549456 0.559740175736158 0.5521248019241249 0.5194087865523942 0.5063731046173805 0.4772911740516908
0.579088146996815 0.6178808003093493 0.64379054698241 0.6760002007401514 0.6871150770380611 0.6562373919436955 0.6245182172677818 0.6529408695488989 0.6456126975360499 0.6802958221461888 0.6768570729025855 0.7021689748108603 0.6901799510911715 0.7181630045027003 0.6903563598610198 0.6973080297941228 0.6989696748747988 0.6977892207769523 0.6995717555316923 0.6900737504509243 0.7048095235532649 0.6716191485124161 0.6875806669481099 0.6760004498220945 0.6966051844611441 0.6885081283744323 0.7225476942191023 0.7325523452061575 0.7272385088925023 0.7094087896640755 0.6926935329538048 0.6952205795876859 0.6607558617380717 0.6710261384100823 0.6738276294799918 0.6429409966166805 0.5569763439433791 0.5196667539411128 0.4869520681843333 0.4824627963949122 0.4879766938176904 0.460054770924961 0.4114837952357852
0.5775885716338992 0.5938275748690865 0.5973140731999002 0.6028010779612359 0.6599497288819722 0.6547425204694878 0.5991436304990371 0.6148496333698444 0.6351889447146934 0.6569083060536344 0.6907826986350312 0.7250483372716123 0.7282199645585652 0.7170791841072959 0.7336254921919936 0.740035315314779 0.7085019860440489 0.690824308427959 0.7078035612461729 0.695926432894312 0.6739963173533589 0.6954679504602078 0.7127788458608905 0.6908977969009251 0.6990906137369552 0.7230340102626909 0.7189604402489084 0.7592986744428789 0.7297433534211644 0.7235126676152033 0.7002753397827255 0.642888484325793 0.6458070624545635 0.6748517773626219 0.6471266823744769 0.6192607542640479 0.6054714927314755 0.5589622917369225 0.4902941540736891 0.44450100880415544 0.4411355185090198 0.3936996588568169 0.3794661009050836
0.5072620561646574 0.5233514678095362 0.5443401713023412 0.5817251827801049 0.6265125669666214 0.6050127342446161 0.5997269783132152 0.6311452462205401 0.6418466796642953 0.6753837382172825 0.7162310877875124 0.7417703643747744 0.7421784618658783 0.6951308663976863 0.7156727729123953 0.7533934287094549 0.7622342333413445 0.6903633064273164 0.6814489558134742 0.6803774308824421 0.6370400107322953 0.7069670028127004 0.7233664163939268 0.7036869624766142 0.7532244963911103 0.6869907470149124 0.70695666785141 0.7507821971944474 0.7662347987628747 0.6936227574460014 0.6711682904787687 0.6566707093788365 0.6605401690333281 0.649789184530945 0.6354257361397526 0.6208763706685585 0.5787296524092203 0.5284151513406476 0.5147117025790922 0.456288554523742 0.40128982404784 0.40225025696379935 0.3572594993122944
0.5332338164255023 0.5215681652493358 0.5711902432099326 0.5801306281800398 0.5553057888695239 0.5762755106693129 0.6250784343062964 0.6244019479937153 0.6385543463332302 0.6690242608245894 0.7108390494578258 0.7319452994532181 0.7190119626924681 0.7150426296481681 0.7020516572865015 0.7080636406788523 0.7285944301709674 0.6953222205167694 0.6935665972164909 0.6463850153357121 0.6471013709581793 0.6893664121008634 0.6664315479490424 0.6750840724882963 0.6923981712739248 0.6730523146612972 0.6701462256889541 0.7082656079274647 0.7173487867188408 0.7154120267037636 0.6494257112858282 0.635037268021785 0.6295836652925569 0.5899300869239942 0.5954380524125704 0.5640448387258904 0.5229940444467571 0.5045500624694734 0.48680318926193045 0.43546144765771866 0.38223941498468494 0.40001054487889304 0.39198050345099417
0.5696583308448224 0.5215866388446417 0.5486028851472815 0.5765785991632891 0.5396498114234225 0.5981573872032734 0.6200942621363552 0.6293587848013642 0.615600634162342 0.6706562548122971 0.6791719035100173 0.6781248081103409 0.7119470466113695 0.6841991461586872 0.6991447015615118 0.6765687439948733 0.6751625022881794 0.6988254229624563 0.7060341562796595 0.6371808684704144 0.6174629918745704 0.6514741942175287 0.6913581149201188 0.6827965163986401 0.6481757905245438 0.6377514484900757 0.6793934374733087 0.6613868179319975 0.7053131093179068 0.6934176317292714 0.6488723647218938 0.6045974394140675 0.5948334962373996 0.5808131645662192 0.5642967309047111 0.5477319374709326 0.5163801022014991 0.4699714054468526 0.5134016947963149 0.44952002259309976 0.39377578026709203 0.3920218133650966 0.3953711311664948
0.5829884364686526 0.5581440305604093 0.539009134967899 0.5480255965671206 0.5355686139535096 0.6104211940476749 0.6427043584642718 0.594876124527224 0.5958090749150081 0.6477316283978505 0.6548053646315516 0.6479246891640413 0.6759326492877938 0.6834554062285839 0.6954782169183393 0.6967112586438493 0.6895702147614989 0.6972393481927652 0.6693330409803216 0.6476147490988715 0.623049458144684 0.6199690890570145 0.6781912751009131 0.6851605494123569 0.6773412237095277 0.6398987448806325 0.6459967888723133 0.6453924432313 0.6661190506773967 0.6688495019198107 0.6666877741124814 0.6501227666811578 0.5907818660722383 0.5778769238577578 0.5302206452016461 0.49717218965531135 0.45351631333770465 0.45548738792981386 0.471359290898119 0.4599174532415308 0.42103727555900267 0.3921919371862155 0.3829729058035091
0.564865471119919 0.5476405390968498 0.5052888529260801 0.5320555935979208 0.5280700438606105 0.6093036724509134 0.6446509583921136 0.6304616076198116 0.599687915201041 0.625964505417112 0.621799803032306 0.6177025774992909 0.6247959420400719 0.6696214911039106 0.6726503776235883 0.6802408421123588 0.6913730951695426 0.6574767488875908 0.6527982378997996 0.6179703454319143 0.5973581669986109 0.6187907981191213 0.6377246605644633 0.6339215557071164 0.6552053620083156 0.6416621088717169 0.631820557509487 0.6064153241941771 0.6367209839443326 0.6321828840635662 0.6248821206932915 0.610711326734772 0.6404885643040188 0.580822796108716 0.5338355101810929 0.48799167688644435 0.45726383727008024 0.4698890933113525 0.4233189923000524 0.42827455459360025 0.4548447539545175 0.40833678839759946 0.3950664554486619
0.5442182899304024 0.5381123030359486 0.5409383198594032 0.5724171013597253 0.603473199314381 0.5846469822445552 0.6164373288705737 0.6031994787571685 0.6066755983837405 0.6253608535994195 0.6536131630133287 0.6595383113970835 0.6380348220354826 0.6418330735610392 0.6761637516417867 0.684392626033372 0.6968428952255578 0.6708453779958587 0.6265389826846482 0.6192677311605547 0.6017431453011589 0.6122027476131099 0.6276661340422367 0.6204455357335991 0.6356988389465349 0.6386915841653464 0.6120883876768968 0.5912863532865472 0.6256810714861446 0.6280778810683678 0.5955440431307241 0.5984513382240308 0.5889086988545612 0.5768936391080873 0.5140491404037477 0.491132897946515 0.4617590072242929 0.4383910622536689 0.44374757035539314 0.41515724429853135 0.4500185059735257 0.4104272572383166 0.4009969220858019
0.507743001113014 0.5589498803794817 0.5431293328058916 0.5876439771217696 0.627528828441827 0.6251553284651005 0.6430408819051513 0.6017568988072269 0.6227164148739115 0.6636318950589626 0.6814700976440619 0.6516512957034191 0.6473129345852183 0.6429231334848206 0.6620706282161324 0.6899567556018704 0.670634941854137 0.63881848966333 0.5824650744407327 0.6055543042149278 0.6353784882796727 0.6321082940037198 0.6025004813132041 0.6047793739810327 0.5992045407481253 0.6327071262029729 0.6043410058241472 0.5901480245800779 0.5498582994172978 0.5898366542677007 0.5951526385618453 0.5527243474114659 0.5630268841459584 0.5310227233599907 0.45933264467761864 0.45461888922672145 0.4057112371304992 0.4137047706785992 0.3933608317218857 0.391917838563479 0.4042379718231389 0.4020437829509962 0.36893144159885305
0.544402701900436 0.5566151276539151 0.5517835513506899 0.5710108060945079 0.6005264068751444 0.641780193657034 0.6713930841007234 0.6372338305288916 0.6246637188426124 0.6548468453943359 0.684480415830796 0.6689331562775788 0.6357249281613364 0.6424472584569785 0.6524639772931415 0.6625104984903133 0.6304624064245742 0.625852651105517 0.6130162453200153 0.5919969735811353 0.6119973615568945 0.600058593704098 0.5993589197400939 0.6285819218156442 0.6226506012844956 0.63850041659612 0.631541872444458 0.5835723432352145 0.5824082248705772 0.538481083985665 0.5141429471208125 0.5221026303272983 0.5266299013092041 0.4716454040049819 0.46466787816266103 0.4394740203709476 0.3955031300454389 0.40896331674003916 0.4215391819670665 0.41149474350698173 0.3839734978168659 0.39356506764656 0.38934582014927166
0.6048731039582975 0.5622309528846597 0.5533924635281652 0.5819875463157487 0.6163975963342223 0.6488207377460282 0.6927897133503238 0.675558283055108 0.694430036203521 0.6466326238540833 0.6864409825232565 0.6648888065158285 0.6367355465632824 0.628590592180892 0.6510540323202614 0.6519573039520945 0.6457752279572583 0.6063726098014771 0.543385604522625 0.5624176534986461 0.5792351683160015 0.5916972595881602 0.5941255009860745 0.5884973202201977 0.6251253027493913 0.6130252656786622 0.6148705696594415 0.5882285702506509 0.5524198258869353 0.559155803279925 0.4940517096002753 0.5055393005950718 0.4857031750007199 0.4746241987350305 0.42622554683411523 0.4444483649083545 0.3744694250888524 0.3843115717927142 0.392722640456666 0.39901870184015104 0.42649631995324344 0.42008216448825736 0.43875743645345655
0.5989706297250041 0.6229134366493114 0.5837988439188131 0.6138588999860632 0.6311021947079173 0.6945654922577584 0.6956746182422789 0.6875542532956442 0.6478181724535833 0.6487896455833368 0.6611375562972327 0.6486802518891979 0.6506982597739863 0.6264814990779746 0.6262756960509227 0.6120469043540732 0.6482724308236584 0.5983511935749831 0.58902818431354 0.5897347508976566 0.6057256999746436 0.6070785600008793 0.5864766305826449 0.5697460003249689 0.5998085709664555 0.5776881230294545 0.5412462542999894 0.5142958237290548 0.5226670890686813 0.5426642612986818 0.4747113862323286 0.4717551913444145 0.47613475905153396 0.4616804933436231 0.44206770828538067 0.4265811376707481 0.3794697705917699 0.3713624746180154 0.39233582660693544 0.38983431868435187 0.4442599902537027 0.41722516657109704 0.40621338717379024
0.6666038651347314 0.6207257841571909 0.6407753726122202 0.6391886658725779 0.6939366054672601 0.6833267714406371 0.70868370733883 0.6894769498516857 0.6444477228352605 0.6527013915657041 0.6646596837675556 0.6782861508552706 0.6633322124585836 0.6230158726476309 0.6130845267833799 0.6094961785163452 0.6450497912231882 0.588074760832208 0.5509569512301712 0.5614510985931412 0.5712421447906837 0.5744243606062469 0.5711914320346856 0.5802735692352553 0.5471589428477722 0.5288425305085355 0.4874094191484045 0.4714195900994717 0.5108124692809473 0.47265573444456205 0.5035959966244163 0.5107223435851381 0.5070144064907689 0.4562842394717927 0.4244913132462121 0.42894659161257137 0.4229770164445389 0.3978968250617773 0.40896759862630216 0.38968332876076184 0.4313549243215702 0.4144698303290461 0.3745207228035928
0.6651948544731134 0.6217477724047736 0.6320394759146447 0.6348143398819565 0.7013278962009015 0.7012127991237965 0.7152146817175815 0.6703077375977068 0.6592746894620327 0.6518475569667842 0.6433039203537978 0.6893088852627867 0.6757558569354963 0.6405448255329451 0.6601191857540245 0.6681274195414302 0.629582960216398 0.5734319717997396 0.5106843988885658 0.5051222828372894 0.5252406062568103 0.5248293452143268 0.5551322944157713 0.5296900832821172 0.5440589615369399 0.5102441949124734 0.4816049536788351 0.47266039397039744 0.4818773782994975 0.43637511407628377 0.44302614347850866 0.45221366691655507 0.49115055550971265 0.44739237743230453 0.46050813856541367 0.42315363706989234 0.4119024127627883 0.45260520792472403 0.429160291330504 0.4361736980248018 0.3835143005296978 0.40003508846939595 0.39891570162438317
0.6743734829874211 0.6547977578847332 0.6198073507625932 0.6748312463182676 0.6977056397709902 0.7380388768249325 0.7399190978532674 0.6768760608458625 0.6554891307342126 0.6492073352583397 0.6680647853606203 0.6673916973340143 0.6525070132547214 0.6486276582829908 0.6474365923608166 0.6477666788153524 0.6542151626762077 0.6084368640042831 0.5189987178991955 0.48352691339754905 0.46465044531536415 0.5163890181833467 0.48669455310811766 0.48575526455439694 0.47948055261979344 0.43581346076131927 0.44124009888054083 0.42671786939132184 0.4067930665828627 0.43492849896856484 0.42418433739321726 0.404149965719428 0.4470044730967512 0.4592040777801418 0.45800271325359937 0.41852450178867157 0.4274517979628847 0.4369596002703133 0.43620245101284977 0.4249529496327837 0.3713239038884208 0.36936455726128375 0.42569354302615064
0.6685345392743276 0.6542339864708978 0.6424625973329502 0.6605908598611843 0.6973226608674822 0.7435898244267622 0.7173894961009021 0.7164654382877998 0.7065271009890305 0.6570554800748698 0.6525181620379316 0.6552743685321131 0.6424932152447457 0.6150925917787244 0.6377931933740985 0.6533350494040674 0.6269341962757041 0.5988654295609876 0.5462534433640501 0.5083592858149847 0.5128262972233509 0.4909915282304327 0.5016610700144473 0.475832752514104 0.44150295325350075 0.410334325929082 0.3952000310366021 0.4045252968571946 0.40960971514162686 0.4073927795310737 0.41716404674712154 0.3869363234149537 0.39542016564318755 0.4300404102842236 0.4193167260978775 0.42536770741611457 0.43987886628184486 0.41040892092868686 0.42455508954299626 0.43267458174738677 0.3940510476319727 0.3777430980637942 0.38371979899531566
