Raster_benchmarking/Raster/continuous/raster-429.asc
NCOLS 100
NROWS 100
XLLCORNER 1743166.2321218974
YLLCORNER 5469284.605998359
CELLSIZE 10
NODATA_VALUE -9999
[rows 57 to 75 of 100, columns 0 to 42 of 100]
0.5149438596144189 0.44966217854952467 0.4192732078048689 0.41058300946910015 0.3614293970129403 0.35314085606051854 0.31340774833224333 0.29656182357634076 0.2759051350707461 0.28517623089888067 0.32829800940766674 0.3181498164424057 0.34335444930118725 0.4060077756436938 0.3618220938112576 0.3256805429288198 0.35496828676005476 0.3815033848524832 0.41542570443398 0.4586828792983812 0.4458056561871646 0.48768740749099015 0.5377477162850361 0.5352666743878776 0.47910244631840443 0.5381271737944653 0.5348334167145725 0.533825929463737 0.5391176289501254 0.5560878534310121 0.5287522593799373 0.5039377419476524 0.494046188784352 0.46328510718322813 0.46439052557361793 0.5001507913774437 0.4867094174594985 0.5154178400318346 0.49814219489765094 0.428732565674537 0.42987105217586924 0.374260934239925 0.3330951302105722
0.5341724041374281 0.5297259281852104 0.46377231340050806 0.44615545207364626 0.3905673277834442 0.35635035066826276 0.31854578959801844 0.30196840445312706 0.2908218097117022 0.36232777420036677 0.3793500526226551 0.37568050911389733 0.39438490471958737 0.41826273730502317 0.41529138644318453 0.40770161373332586 0.4106764982331716 0.37194866853822656 0.42159851078243515 0.4064751618585852 0.45865916369331045 0.5160457365219157 0.5197872388389053 0.5671119943842481 0.5009013480140297 0.5292862842042191 0.5725322342841728 0.5605556708495595 0.5534414483279737 0.5806446330619889 0.5560067519567923 0.5978401455021409 0.5601046689390176 0.49797654572263494 0.4748704330051423 0.4662156084420412 0.4763931756319957 0.4214752146995565 0.4763161578719195 0.47162689465748014 0.4123270848904021 0.362031917304101 0.32054977544904467
0.5530031701999297 0.508089211499167 0.48762003160324685 0.48247396368255285 0.4253837650487172 0.3733462374157837 0.35011999518937825 0.30837544772118747 0.3657738831603092 0.39858052522831927 0.3887136348297688 0.35083764216671176 0.37180126552798154 0.37142464337494613 0.37983945985566364 0.40966054212197806 0.410084780997397 0.3632729733522169 0.4192489749703442 0.44991850111265747 0.5136350341590554 0.5153889785308932 0.5690650625783644 0.5702519539368629 0.5722578142090665 0.5334869663956603 0.5462790571361753 0.5658871695892465 0.5659806821464382 0.5742490221151085 0.6069982492459536 0.5707007242543253 0.5939160001140075 0.5675291864091963 0.4918540902066449 0.48663462722362044 0.4094998246704161 0.4138586526733815 0.47168774655147194 0.46591998392425077 0.4417058427305355 0.4159553640845332 0.36780668803363814
0.6019400993622296 0.5235770478839488 0.47206147599471726 0.4495249171057398 0.38555512337362713 0.32695174378836295 0.31919660571271036 0.32563063661554925 0.38570330862805774 0.395089127388208 0.400696709635735 0.33697051542213846 0.3339781996093827 0.3505381569372821 0.3541459057048587 0.4294865170530122 0.4053267581240179 0.35548046258357185 0.4201124635071812 0.4204371372729441 0.5156115400301102 0.6068067560614288 0.5660017597885797 0.5712098349920436 0.5593837290379724 0.475642467251557 0.5249773701513459 0.5468740667724105 0.5730606865839695 0.6402338027464755 0.6240219969052395 0.5483387101197683 0.5890472563482216 0.5879310428291749 0.5520040425378706 0.48560327205893816 0.4254002100098989 0.39742525718406796 0.40931843930315265 0.46597115314387166 0.40624036189076923 0.40884426622345504 0.38374451479160704
0.5960375473991424 0.5287946594728931 0.5095581183440676 0.45207345328926773 0.4216106059419178 0.3923455157629082 0.38491886134624276 0.37509157155062245 0.4301870533107244 0.4407470639318839 0.3921593345503317 0.38249079115902357 0.3756839985022339 0.3839712821921248 0.402815022014843 0.37773138541681306 0.43700749141935863 0.394871437365519 0.4226382020649687 0.5151586102274522 0.5352255676371789 0.5588251884202975 0.5967163301080481 0.5720488427920477 0.5569719823129258 0.5521576629662011 0.5446186371179679 0.5963912245126523 0.6281361537165917 0.6256782171581714 0.586118513214802 0.5643918314070495 0.5905940248177064 0.5300267486318444 0.5182206952186598 0.4610020224957213 0.4353639780766654 0.38525962399717006 0.39072684385365464 0.44361167200149515 0.38129240851625784 0.3621905020627802 0.41245538812120025
0.5619352475905127 0.5642381135761692 0.5359424000361238 0.5283564175618486 0.4296556051501028 0.40272931960946706 0.4404649155766571 0.46239427040968034 0.4940794274947591 0.4870036583973059 0.4254185701454491 0.38203361734977426 0.39721239143534515 0.41318342225439986 0.4304316502291091 0.38336675216526894 0.41282894237827783 0.47087898953737134 0.520165901376688 0.5570681991588056 0.5648477254621475 0.594200936634686 0.622726615070005 0.5367082748626935 0.5940071137901407 0.5790098801567061 0.5988048670967083 0.5759075125191541 0.5785951259067281 0.6451151978586414 0.6460863508609804 0.614532736870959 0.540944214923424 0.49497492718946584 0.501212082442681 0.46105531463405564 0.4098425395743253 0.4192238271467691 0.3980440129517825 0.419444256215141 0.3644160696689078 0.35371398152252803 0.3632502677034002
0.5597064019165823 0.5598946422830473 0.5471777185051283 0.5449885704093143 0.4662458503413917 0.4583252534070288 0.4656831806172422 0.4501333438364318 0.5142349939481187 0.4759055443593999 0.4323507603055569 0.4046188148068813 0.43515022721822083 0.45041683550189815 0.4242361293225858 0.4034505861095669 0.4630561601591356 0.5216185815512512 0.5094857461428953 0.5689121895284921 0.5951706421391044 0.6278176962526291 0.6373744399095767 0.5629350735577842 0.5786951357216676 0.5919718636133928 0.6076060949256644 0.5895806083556379 0.6020638752644689 0.5967185084220977 0.5998111285809096 0.6028249404485108 0.5730477223045928 0.5179395984216901 0.492476934818321 0.4590979192657569 0.4667362648400494 0.46226928239765597 0.434396618488284 0.41616572184782136 0.43386580740109254 0.40992556713467865 0.3689580991155695
0.47962753674635816 0.5587087615000107 0.5197795311456739 0.49961293930294615 0.49672123218176195 0.5010136233038573 0.4677687638930675 0.45436805437431665 0.4615222918919808 0.5114543334561344 0.5056563263447948 0.4813737566244436 0.4283028235133814 0.48306737999747545 0.483389660452709 0.44523926835998 0.48040452512745935 0.5224509168485416 0.5846980217122347 0.5689347220522656 0.6103392133345718 0.6771578506082808 0.6534517890955088 0.5992628155648507 0.5410896761332186 0.5465407028727266 0.576366636441843 0.634407123091552 0.6445509349988978 0.633785794758585 0.6162564837465441 0.5970957196842419 0.5743522142481439 0.5201304192429002 0.5166745898205088 0.5451552413822665 0.5404636645574089 0.5533565768713915 0.5302618351773896 0.4882070976788941 0.4191421708587002 0.37991888819826314 0.4011597852137588
0.4602908159846887 0.5360567093759724 0.5125321255269304 0.5030756018205793 0.49874019410085024 0.478913631784656 0.5182632338279779 0.49607190929411565 0.4868444470089035 0.5224463270975334 0.5000673216695782 0.45936379263402377 0.4595655219642325 0.454746230004128 0.48085706919862425 0.4900486968343166 0.49568262742077557 0.5775043003761693 0.6010208605511463 0.5862332250620832 0.6181595817817587 0.6131226631827026 0.6044012996782242 0.6193512374020775 0.5510659004163507 0.5485844370199406 0.5381238568625748 0.5728399634510062 0.6405176183070339 0.6372974600602591 0.615601630332231 0.5902084138057495 0.5450806317256192 0.5657301155095216 0.5343292825439616 0.5780154820195567 0.5659390372702031 0.5653276795620833 0.566931464306243 0.514103221832562 0.4955134443080038 0.45208035402963814 0.43749589202502515
0.48664108004631973 0.4739926720405918 0.4708181093321403 0.4954025318097367 0.48620099007203804 0.49412949704535597 0.5401724720507435 0.5094858180640497 0.5078941968910631 0.4781744297276217 0.4898507141809777 0.5060982160179114 0.5304983480174027 0.48258428910563134 0.5222099898515992 0.4788536190808348 0.5075404536163585 0.6013308388432385 0.6275455874364103 0.6591534042595574 0.6126756311995221 0.6362110238118535 0.6136621918255835 0.650884052509383 0.558537152344213 0.5531848410518029 0.5443707420244296 0.5607385574880095 0.6482394690698037 0.6588579508288063 0.5867450317167939 0.5483084240105752 0.5586252544911315 0.5749824745090841 0.6075405801346612 0.5529775364792564 0.5925209543370819 0.61593702495005 0.5455743113575944 0.5122709830714146 0.49436283108028406 0.5443265168045174 0.5276758396746402
0.4750932089554556 0.4376716189132513 0.46662000339449167 0.4730774041912387 0.4575373447344059 0.5198082214976828 0.501444585355804 0.4813200791938976 0.5020785540858657 0.49201692771607214 0.5071191061755297 0.5084088166775795 0.5342448074750675 0.4893513731477263 0.5374060409092664 0.4984179352970685 0.5875934049202093 0.5651236686750224 0.5862939799215852 0.5792991166653058 0.5965532810068991 0.6186004882394014 0.6308888150919724 0.6251535563000438 0.568704695391024 0.5397547673937525 0.5731659028874299 0.6331121281590744 0.6636064629541879 0.6373890975508766 0.6002882674279172 0.584403440359161 0.5728421182826746 0.5897546948123963 0.6225713678005806 0.5871350337459785 0.5804342135701152 0.6134138816903807 0.5822660138480356 0.5757024601242806 0.5417465048345564 0.5236635787897173 0.5777774404691668
0.4751087198941866 0.46704284695106607 0.4951932151569966 0.49849693973250975 0.47935243430458624 0.48168357554379054 0.5292522434219424 0.529587064836902 0.5445763898797997 0.4886645634104305 0.5128455838331013 0.5630054388582636 0.5416184474971372 0.5362096994325805 0.5058953766269787 0.5362998091706626 0.5603117932989216 0.6080655705734914 0.6415526830561128 0.5987371734555476 0.6063161842560302 0.6169582499997546 0.6433203976394386 0.5797121026711497 0.561279159782939 0.5832306283773468 0.6187911220313744 0.6343251839447294 0.6381856959495444 0.6775090604002162 0.6261521121799702 0.6068705681415301 0.6354806893378621 0.6093671011514319 0.6412883272117672 0.6334313827026143 0.6074298330156439 0.6135731414613063 0.5940556625088795 0.6400865446882051 0.6000791365998626 0.5661746229000948 0.54172042544766
0.43064839248104814 0.4401036078143509 0.4938758360172049 0.5380835851906245 0.5362431162502734 0.5084093164587484 0.5210480066065554 0.5704307771668315 0.5282108983774109 0.49195616418155663 0.5545780778544447 0.6093294542751566 0.5564256807485133 0.5675084805307448 0.5596049665103331 0.6299813572135136 0.6383219467601339 0.6334983816626686 0.6606565005876742 0.6211294864352003 0.5937790675506451 0.6333858271944813 0.6009905448796892 0.6240763498690234 0.5892641415541069 0.6361873004143156 0.6461742726841624 0.6336779199364168 0.6472801990845384 0.6678494125442032 0.6817996352347787 0.628747842013359 0.6340510157836686 0.6209678981222193 0.6221302761333305 0.6603275323728729 0.6566429134606526 0.6655712847495449 0.674793557795888 0.6109051720298687 0.574070050123154 0.5408369198543875 0.5796606052990275
0.4474436605443654 0.4403179607996335 0.5257602286248493 0.5346319386882901 0.5317773489685331 0.5442044142891443 0.5629881552000626 0.5634194560413275 0.5635026980421519 0.5359619778728684 0.6091828479986058 0.6237117831223312 0.5930347356816325 0.5765025470635063 0.6417670350905728 0.7028580392947434 0.7034035642533801 0.661422027827697 0.6750672550631631 0.6496634633138678 0.6067343228011176 0.5793505838452003 0.6128414766866237 0.6010593549427734 0.5968076149181218 0.5920320647942994 0.6257613961548109 0.6839369813904016 0.6865927731664963 0.6510353286170549 0.7101277414740881 0.6565504455080181 0.6756354981678107 0.6699114500714889 0.6886038981781785 0.668767091738904 0.6616665324154246 0.6956704526426479 0.6891424883887933 0.6584329549187632 0.6112220260558592 0.5692549638862149 0.5691047112996737
0.4846937640726242 0.45526219349702385 0.5148398008228292 0.5553341795971019 0.5521773529971306 0.572507818688674 0.6195377719871737 0.5957700688078518 0.5521152660864235 0.5461835624118081 0.6144700176957271 0.5945426165359649 0.6046206423928105 0.6400388096553975 0.6704565629393777 0.7138621391690722 0.7635094877875898 0.6877564633530905 0.6594729783388507 0.6500053475871636 0.6662015041251825 0.6392671354191708 0.6634953596057441 0.6628951867816589 0.6596476240327652 0.692406465296176 0.6877738069662178 0.7023400809488914 0.710713688552456 0.7481183865439534 0.7265808288516004 0.6939660768165917 0.6950798236378926 0.6851750387537823 0.6639190873184455 0.6442346629626674 0.6910174750743845 0.693146238650708 0.6482232126067539 0.6672674842488798 0.6111092349246173 0.5549775887107279 0.57089823245961
0.45242841857738103 0.4810119992829849 0.5568688881166293 0.5588027739155271 0.5879044803123451 0.6028397290086565 0.6068430371461896 0.6528937556477212 0.6078429326374728 0.5885604163071049 0.6073364638414267 0.660657547702237 0.6931087724655395 0.6907936392492058 0.7257194267166093 0.7694857450656941 0.7787387920684209 0.7750473674007402 0.6874296762285846 0.6802917008296224 0.6883958819243939 0.6589934372997547 0.6641296732563342 0.6889957133971736 0.7275457001222841 0.7173183039556985 0.7522640006353202 0.8017415976648369 0.7966906833324044 0.8090315420193506 0.7900369158432515 0.77777013759415 0.7587601418329399 0.685271352600215 0.7063116161466292 0.6820912819363333 0.632438080888654 0.6399751113614457 0.625931547112952 0.673120305933816 0.6456517528984052 0.5796829811734209 0.5687943693563435
0.5216595619971414 0.5386557680100204 0.5429677605002223 0.5620645412671953 0.6177443016058203 0.6241096205597015 0.6490027877315863 0.6324441174385519 0.6552697192215036 0.6030479452180343 0.6693870957985528 0.6927591630059261 0.6831376174965996 0.6779188442060172 0.7384200010595097 0.7865839913604988 0.7388807623134159 0.7180706675489621 0.7614360863046996 0.7255776762628184 0.6960207962556922 0.7657830338167303 0.7566308456589883 0.7562662312429079 0.7679699761801655 0.7704036871388802 0.7566413323088453 0.7711355172244223 0.7865241526936619 0.7932043710749892 0.7608181610642107 0.7423217891845123 0.7546091546413217 0.7258028383674615 0.6599602992668966 0.6842229779302412 0.6436752735640365 0.6796835442319454 0.6702775699234893 0.6331821647935968 0.5793511644389959 0.565051029178159 0.567419842226666
0.5459013690795014 0.5359731593739855 0.543921754329305 0.6018094734359638 0.6063217130233935 0.6552282628404792 0.6860111621028692 0.6550290066355815 0.6186841040450829 0.6322573204534957 0.6915101873157649 0.6566654313565075 0.7061542642070416 0.68136875208868 0.7534369487769121 0.7941840243781809 0.7003950767054293 0.717588605279818 0.6994420554525007 0.7539793574893703 0.7471438391808856 0.8065546111193105 0.7934293562207987 0.7896393746457199 0.8150993310553529 0.8142339993631608 0.7919360082837681 0.7936222981285019 0.7884168819336671 0.7732590660752512 0.7807722643087259 0.7523890256722898 0.7337956850302396 0.6646731795661089 0.6716017524736936 0.6757193911105491 0.7265367668023837 0.705165876823303 0.6429510798370308 0.6004416070486707 0.6262522077862394 0.5805168011011084 0.595028475793187
0.5359219526961146 0.5685078473135796 0.5768298526051627 0.6436358410858797 0.6296846068656708 0.6439953398861907 0.6457075346775389 0.688442605121051 0.6484443351484384 0.6688628634713729 0.6821829510337769 0.6696936918444796 0.6759831662705184 0.7273148248485326 0.7386504542699899 0.6992171091215696 0.6952363461973525 0.7020035724298856 0.6822559254457472 0.7399664638292235 0.765144442015536 0.7958205924746924 0.8357166979581615 0.800484706655726 0.7733650054781608 0.7979942423768099 0.7963493811780816 0.7608612343169777 0.77347393850842 0.737065674514763 0.7520150585675057 0.7140405366023654 0.7136663666893708 0.7460820915278884 0.7254743823499129 0.6993103569395022 0.7600563436560066 0.7576431076863691 0.7089167475006706 0.6204116690302353 0.6180183222082388 0.569423304396907 0.5900999047140849
