Raster_benchmarking/Raster/continuous/raster-401.asc
NCOLS 100
NROWS 100
XLLCORNER 1743158.131791897
YLLCORNER 5469285.752357698
CELLSIZE 10
NODATA_VALUE -9999
[rows 19 to 37 of 100, columns 43 to 85 of 100]
0.11783203463491716 0.10327730208357484 0.11618447204089374 0.16305366552505898 0.20532143726694843 0.2252225193447684 0.2331013968298191 0.20615673192630438 0.13504600555216179 0.1100926922287771 0.11862862282147696 0.16591802713610798 0.16943462059308145 0.22074499360513683 0.24581149892076798 0.2699979621986658 0.25825770010698496 0.30201271181441575 0.37483878733691733 0.3755242221286098 0.340192611798157 0.3789826886648318 0.39926270216995147 0.40113436032140437 0.42783627267071084 0.4069227555204679 0.4319297598664898 0.46384280514052273 0.5085641576355139 0.5374301594218368 0.5347079353377454 0.5318261092990796 0.5294308549910023 0.5471605290027771 0.5865647676733875 0.5459950392268433 0.5734897110080291 0.5823160999409358 0.5782022471461336 0.5155887658703984 0.4797426457215927 0.48285014012053323 0.4492418378174319
0.1385521909085332 0.14970796871945327 0.16127854751569567 0.14380743793106945 0.17292805097276898 0.16270281954659696 0.16457963864893815 0.18045762774913454 0.12763213122327474 0.1292295315723837 0.13768074062777538 0.14607595253773598 0.18556956130682206 0.22270503924714544 0.24711445881174324 0.26820364373977496 0.270541771464258 0.34569263712483644 0.3607376241970377 0.34782993043188926 0.3659169482889498 0.36358152021756895 0.393947151719667 0.42407708168435354 0.42495372831967126 0.4565359243655918 0.4774588625028805 0.48589106708675733 0.4807188490506775 0.5178032027394989 0.5198987052610926 0.4960134447722505 0.4879351715486758 0.5377757380178668 0.5730891383766922 0.5569930472065195 0.5709335078178871 0.5517308754320379 0.5129624226829623 0.4900302863701468 0.4994955520323191 0.4826925186085701 0.4551934414281181
0.09122731998618337 0.11508208098053167 0.167881863427069 0.149205981972816 0.16403470043501783 0.17160608168091354 0.1492415759655143 0.12453070552210001 0.1448053245386198 0.16876544118443051 0.1703515719511669 0.14781570748877784 0.17069503600748212 0.19577536760374986 0.26841416260326595 0.3093858496296457 0.31120891291472097 0.36031685180780576 0.38290818300123486 0.39156875486197407 0.3830019803678216 0.39247286489026023 0.4158029242908519 0.44833931742919403 0.4609165743220355 0.4446015505628029 0.47729353136953967 0.5165870076322555 0.5202139447924407 0.5182599517567464 0.4697609290888451 0.46656532478030643 0.49039911821705934 0.5155835432336664 0.527360480586558 0.5190700566649847 0.5635490267637239 0.542080681840618 0.506901247194117 0.522301551977681 0.5051672335645121 0.49148378449140023 0.4284706614214461
0.08914174861103125 0.12871887575832958 0.17487792912291245 0.18673367824964326 0.1384889813392163 0.13731607354475758 0.16655734287640506 0.133767159157346 0.12649851712954602 0.1381985158756425 0.17240458506426384 0.15783852522616176 0.17968269991452337 0.1909277340734049 0.2440803388446139 0.2901280518416955 0.32864267791087376 0.3391748637910881 0.40417805071531077 0.3938890615816609 0.4262931626791036 0.42792845148566006 0.42498963452977734 0.46859500759277006 0.45269514412525164 0.47147342434314327 0.45833307445674354 0.5056758961283385 0.5155122985682147 0.49527875025739937 0.48875386689973127 0.4584636550367974 0.4439260996400786 0.4628796348235925 0.477355592600054 0.5032681192341103 0.4912804558320859 0.4979929629787609 0.5047143144865266 0.5267934585616758 0.5260008916748409 0.505114193709472 0.44165584511758804
0.11806990360064225 0.1308214890115679 0.1642976396002294 0.17268483255754802 0.14588580603236598 0.16612003750348137 0.1695862270142776 0.13909377418529636 0.16699467431648782 0.14787129483180486 0.16513110412810753 0.17307949541640477 0.14759064914761671 0.16957402328702575 0.2011784269595058 0.25487007325882005 0.27218256595385787 0.31380642361023864 0.40397594672064085 0.36958864955003745 0.4026594208066768 0.4213139887263732 0.47265674747859987 0.4519924964015509 0.5016842246562002 0.47676220079824555 0.4529710669302422 0.4981047571179185 0.4768277784959439 0.5143665889165169 0.5003288809270685 0.4782675400987089 0.4507795453852758 0.48345931132760794 0.47939415716784195 0.501137081999801 0.47874247147483984 0.49142415252083393 0.48286114366743715 0.5170009395717079 0.5167004959059291 0.4911265141172231 0.47912105996261356
0.1681073129433018 0.16389753372348323 0.17081654087280757 0.17635632033822807 0.18750102931753854 0.16666331785227645 0.18654982475609164 0.16934180408733698 0.182071559761271 0.15949393089935793 0.18739296518685222 0.2113726065674651 0.21015810738185398 0.21005467108153972 0.25199147325366084 0.27278993905692944 0.27077230139234126 0.332908265082216 0.3692156626127246 0.3806565873886897 0.4325334076969552 0.42852510637513497 0.4700887776888025 0.4763395411903573 0.48758339521880106 0.46148378273416457 0.42601617613974985 0.4646225992518463 0.4615354575424746 0.49495932448665336 0.4928769546010201 0.4633793155204119 0.48130501006329496 0.4489502948487654 0.482318483879834 0.4879952547508003 0.4617958568714735 0.4421607951567264 0.4642925895077835 0.4692767291907276 0.46016464093318926 0.4590317029077825 0.44008032497078553
0.20174241304530846 0.20282716238529588 0.1666234377369392 0.18190947015912146 0.1728873119605521 0.13716685658193659 0.16650267225775683 0.15293217492035865 0.1396683070698037 0.140022087694956 0.21149229760077884 0.20327474443043075 0.22933535338573866 0.22829170780150215 0.277628154846988 0.3081837967505954 0.31231435125312845 0.3321886553522433 0.33239550132614515 0.3986986145132482 0.4255243775060522 0.44379892263903076 0.4775778040485192 0.4574176512857392 0.4425717882889334 0.4472020898432274 0.42676940658109996 0.4615027373573961 0.45019816472641316 0.48778399195781597 0.4983602177282013 0.4767535733352667 0.5042087064680792 0.45965565955619075 0.4665883592015308 0.4551769865284487 0.4388413376318004 0.46490876291240424 0.4538110799089902 0.4860391023647887 0.4603275889586819 0.4385002514230551 0.41930543105454454
0.2094871270218036 0.19195373077118713 0.19117292578639872 0.149965302744057 0.1542758895056184 0.14227613494788427 0.13829283034652443 0.17068233166240623 0.15614546750128536 0.1608577935413712 0.17278315783415116 0.22417009151776177 0.2471097357573577 0.24914915617919745 0.27699159672717816 0.31247489553139146 0.34988600675343295 0.33433236388047244 0.33406031139591874 0.382165485520434 0.4087023192692488 0.41733476780711054 0.45652767143755135 0.46183847851549603 0.4701968098074411 0.4543508700925958 0.44419791628405736 0.47027384562173 0.4487393682917825 0.45625379984265624 0.4610721910444818 0.4902643807182261 0.46390235747229064 0.4750702065987885 0.463839846793583 0.4657406537929155 0.44340461844535295 0.4539073348096075 0.4536271083481606 0.4799016699547973 0.4598799966492848 0.4171092193404539 0.4088313346603894
0.20028899107924958 0.1718558435795191 0.18177378827365195 0.14655134771269507 0.13711041476231042 0.13759206441309735 0.16110921065294423 0.16711513698966574 0.14794114107200568 0.149813536223097 0.19099190495514526 0.22532881945469743 0.2125739572317896 0.2515855411230812 0.3116101533583324 0.3088238711075095 0.35204297701168785 0.3465656262038789 0.37478162297838186 0.3939265780807277 0.4162736025995871 0.4490403482651924 0.4453637437586532 0.43100969206362255 0.47198987272436 0.46465189287764547 0.5140445647069987 0.49783318535884546 0.46074148001083753 0.4772221681180847 0.49148925878980815 0.4629105777805892 0.45076888749673194 0.47844235272178687 0.47298127504087806 0.4735297332269254 0.4605371031192906 0.46127333970664997 0.47559530113211 0.4429131491868335 0.419205298824714 0.46097535412921825 0.44856336886830217
0.19550690058410228 0.17692440811024965 0.19127042725169024 0.1613491538975972 0.17477441612072242 0.1842651567331735 0.1558132429095881 0.20166300485688365 0.16593970055262947 0.19743593303468174 0.17471013447549683 0.21474356702534542 0.2161500380894225 0.26136973570391825 0.26642197950303254 0.3124274643996562 0.3518868554422777 0.3763593505533835 0.4131850210841574 0.4134766358041529 0.4432987309715129 0.44701712490103307 0.4430597252139366 0.4286500707547737 0.45861232883100633 0.4979587003953946 0.47785016675272346 0.48534480029802496 0.4873795920760096 0.45695720530840356 0.4828586468769455 0.4819022491888525 0.4646719130520061 0.433446202099032 0.4103615178417418 0.42083338739554244 0.4372332050614002 0.44778765541257365 0.42950235247369434 0.4132214228312699 0.4560305501518389 0.44907936785182717 0.4495249869319221
0.15590312878433743 0.1398860424902376 0.15541327299970467 0.17423861083694261 0.17739834479484762 0.18604419359942503 0.18410730323556634 0.17796863215267938 0.2065515914778729 0.19755118414992387 0.17391252633500076 0.1835845302797506 0.23967208568434498 0.2551961234106762 0.2554250728707615 0.303590207968363 0.30716806269591956 0.36538541969558297 0.3784343420661007 0.3808883102150278 0.42684374951439785 0.44445884340571173 0.4164634032156268 0.4068856188987308 0.41981402444934546 0.45885913144311385 0.5068466142070945 0.5027991666843262 0.4423801261278678 0.4424106928901826 0.4071732923533968 0.46323917386676816 0.4680300947025535 0.44744429079933606 0.40264015717276835 0.42914574831219615 0.4139119207999704 0.40145773668609974 0.37842164729164546 0.4350950254111623 0.4446152828245384 0.4222173258195825 0.43122348395823495
0.15130193952166923 0.1635209909589422 0.17083155410275297 0.18819233981743513 0.2159389576812021 0.21602318457951145 0.21299145875105163 0.19382124137531956 0.19375560893742583 0.1904313972254609 0.19059672680360176 0.21639110513497842 0.24947935306498972 0.27840378220651346 0.25933703195146063 0.26497075426289285 0.2843791656458631 0.3170764251718887 0.34137365129776887 0.40792452870714546 0.43447767190657877 0.4173699338292236 0.42195743478121356 0.4452381683467414 0.43645860666527103 0.4864975533602394 0.49654096397717556 0.47461041620643174 0.414870549879917 0.3871351968004383 0.41188312762877477 0.4277980435369295 0.4393490432866632 0.39973394436774895 0.3911454344798528 0.4162166546128151 0.388905470965747 0.3901702541787641 0.37900290207608517 0.4085929089655645 0.4281930042382978 0.39338274913166654 0.40681696687971336
0.13023999710339787 0.14057766139256378 0.14527158355661496 0.19318939853358866 0.2176601745593793 0.231049661842502 0.22811033292733743 0.19106509782469197 0.1835197502870559 0.1959323334728966 0.19934937918023746 0.2632203234938334 0.27577057069409744 0.29493434900530796 0.29265838320957294 0.2920310462996476 0.2923640273989654 0.3055368671729141 0.3510347995635362 0.3833673614724676 0.38362591309718996 0.38341948398345005 0.3923165837214831 0.4297671893491161 0.45644780059567824 0.4529176785163332 0.47292733847634333 0.45850512812760913 0.38099987210073716 0.39256714456585334 0.3786081116474255 0.4112753431391778 0.4093385246886966 0.39306277599283995 0.3613086308691434 0.3903157209567163 0.39572548439499877 0.38185942870457124 0.3606452245785089 0.39257187541035904 0.36127890173308397 0.40618664581770747 0.3954179475674967
0.1312717736684472 0.1506943168389188 0.18495628144117496 0.17106817154558165 0.19489318662692026 0.20274762300425642 0.2134573611839869 0.22812228644482935 0.22712730999328432 0.18848050469127828 0.19667290773628054 0.27264503950552343 0.2891444277512692 0.31667859481216426 0.29317183076562453 0.29951667627665224 0.31771249067628116 0.36167108307951384 0.3476296607032944 0.39704406441049517 0.40043457849161196 0.4242034346295546 0.4337219486354466 0.4340813478825808 0.4532867726690281 0.4331006847145762 0.4335939470937877 0.4314070435542191 0.41410528089182974 0.4125402038298984 0.3866062499758733 0.3828572891193169 0.3679690352602834 0.3469145105238371 0.3284138092511586 0.3598312624673163 0.3316725153841459 0.341432508026774 0.3296583952205405 0.3787839866441239 0.37853287837617466 0.4101047347251005 0.4089724067937298
0.15196344241275464 0.16577823020039065 0.22847012457287058 0.20987565012190876 0.2023836960587998 0.1976663851959337 0.2048227504562219 0.23127762341509578 0.23787733672843933 0.2329475943844574 0.2209095863597971 0.25687732324830576 0.3143245905532983 0.3326262953832069 0.32373236369487074 0.3073923287780067 0.35115097661950184 0.3602495843522837 0.3851903128076287 0.3791206478653298 0.39927486920625516 0.3850795805598117 0.4236836882114319 0.4159775767883565 0.3845604380440769 0.3985785645516302 0.3811291371552727 0.38481844074157795 0.4054488506368372 0.4213406239731018 0.4009766435120273 0.3601004581512035 0.36890316354897446 0.34308191239426156 0.3530632654626944 0.3785111987803756 0.32894113355537175 0.338037504563377 0.34890054095882456 0.38021368455903015 0.4174356781841249 0.43107881883325827 0.4745992067800297
0.2313416306327281 0.24158241151022058 0.23753624534185 0.25267468874646754 0.24707032087981093 0.24666523048310462 0.2485995448706208 0.2495257189089703 0.23772892978166063 0.2467418221502396 0.2200191260455188 0.2785639392494943 0.29335554544409703 0.33897581288183676 0.34901280699437415 0.3504769361707905 0.38312126075224606 0.4188804516357339 0.44793073752560325 0.4129127537221816 0.4018672313241297 0.3701001161136483 0.4094146171374081 0.40595382291428783 0.37712902225676664 0.38870386159968273 0.3637819255470059 0.3781796557140434 0.40180276976710827 0.40176020786831357 0.39146959321626684 0.3979023355286223 0.3996533790682735 0.3826009964340554 0.36116069109930643 0.36402144196302105 0.36714810675150017 0.34245014731088363 0.35061601853919316 0.3843901377762469 0.3887006973059396 0.45786426700728244 0.4613626043981989
0.2526294541614756 0.25199179174562475 0.25066551788628716 0.24731981105208808 0.25073579316487316 0.24488110587465112 0.29399883236636065 0.3117157449080391 0.3144378636946244 0.2542541942419067 0.22801640414353855 0.2763299626858578 0.2691982245524967 0.3000121857184407 0.35651327913247455 0.38175743652441857 0.38435906343787174 0.4327552221430709 0.48847906979393657 0.4371065314430378 0.372761833062322 0.3722932956214251 0.3525357127014978 0.36538638721955474 0.4074418470895824 0.3475474032714984 0.33462635506521493 0.35283251164713064 0.3397918289314673 0.3462292588446107 0.35544192820827586 0.3681899928464159 0.3970798101160004 0.3595724179451532 0.35933631134319177 0.37380044717403893 0.40132578779770917 0.35407385674055136 0.3407702367994789 0.3715757594020908 0.3871638402698395 0.4176404277434331 0.47040796053386547
0.27943661017743054 0.2707825451552889 0.28071976470686705 0.24486983942558305 0.27880389733565725 0.266868051044458 0.3065858286440143 0.30324601852027727 0.31845398022773114 0.2652153465000456 0.2849525405650054 0.28137599946060043 0.28415445284490837 0.34187571267768013 0.3441733440308346 0.38720315801054267 0.3768203495004743 0.4013484375965964 0.44041283307222406 0.41500917109762026 0.3775475537883618 0.3991537765326866 0.3566314953054549 0.37371922806605984 0.351360520639061 0.34010865415221336 0.3457434053625336 0.3280696691420391 0.32022140237850444 0.324890942231829 0.32896463766075074 0.3743582573332668 0.38423721080932616 0.4086357896877436 0.413619743283609 0.42654757131628407 0.408954327495353 0.414557070194908 0.4135575852134918 0.38632635841274593 0.41231156327248575 0.4458698822292037 0.46764260484388465
0.29829991966378205 0.27656154044574316 0.25279645074109375 0.27309441034775145 0.26425443451099395 0.25654317809049343 0.32169003896693016 0.3031993006400511 0.31258078443174364 0.2774104400446674 0.2875882273197343 0.32524405957884944 0.34291644022149953 0.3309689921313358 0.3713734003348825 0.35228022568371 0.36874951716206583 0.3805861226727633 0.4359528009327471 0.40552883008599205 0.38635991926780655 0.3921566330913011 0.3932187129934438 0.3705817111639991 0.38167220280242387 0.3250392756393771 0.31038380698016893 0.34674016831158033 0.34862130848527095 0.36874622571199017 0.3472064712133663 0.3520896322657801 0.37661799305899135 0.424993701595005 0.4136932095983717 0.4160964705118962 0.42265558207707615 0.4203645177162686 0.4348641815765622 0.4029721040178178 0.4260515594813886 0.44377164870539865 0.4093676180336187
