Raster_benchmarking/Raster/continuous/raster-342.asc
NCOLS 100
NROWS 100
XLLCORNER 1743153.2964537512
YLLCORNER 5469294.537896954
CELLSIZE 10
NODATA_VALUE -9999
[rows 19 to 37 of 100, columns 43 to 85 of 100]
0.7689113714922198 0.7553090744413167 0.7957638536263176 0.7593276573486739 0.7637164640748868 0.735970215332106 0.7059200405653021 0.7187532157584501 0.7195429122820959 0.7241351417891051 0.7073505483001821 0.6836780860662489 0.657991664613537 0.6816800389884925 0.6884905036416734 0.6807788754038194 0.678354993092815 0.6838689196971617 0.7095633970217229 0.6923011137014067 0.6923563050129764 0.685268590824484 0.6911398136419828 0.6812494153066504 0.7044576996732934 0.6830694537440726 0.6833796094853766 0.685729388500359 0.7424458593508428 0.7688241085388856 0.7971845364323488 0.7887689996959809 0.8032877683273998 0.7569925176160905 0.7745684510412838 0.7835811859413617 0.7669161322965126 0.7748497871109512 0.7523431224820633 0.7650626978457301 0.7326805708347744 0.7051916509319154 0.6544132056007785
0.7633200097142501 0.7590007961498856 0.7678975059853735 0.7322014705838306 0.7520213238645609 0.7438942035816982 0.7175929774995519 0.698407271783245 0.6954235635535579 0.7254781696902307 0.6852935325335153 0.6667513420739448 0.6611825172718144 0.6799864092011789 0.6901863324239761 0.6715505684791944 0.7068689724746638 0.6965437583814773 0.7179217771136301 0.7007332560557503 0.6850061241672806 0.6970484105813449 0.677657920532086 0.7037251873011205 0.6789760647444748 0.6991711512095073 0.7047478915608973 0.6998415127851145 0.7190795513958976 0.7466726024930955 0.7640019245376082 0.7750725573856925 0.7704286163488263 0.768741078057093 0.7565439045699209 0.764752780573421 0.7805539340510679 0.7803289015949122 0.7656269685972034 0.7862594689841785 0.733806451155961 0.7172515477013933 0.7014578121517905
0.7604749238632996 0.7311998722297217 0.7112496700423726 0.7092516440259776 0.7018325410443185 0.70015720783367 0.7348348016721342 0.722201957021931 0.6941582910966457 0.724285357158884 0.6895379572891842 0.692112146952418 0.686499804815817 0.6536042446943078 0.64057300964138 0.676367041749138 0.6945812979419804 0.6949245386864393 0.67353616670291 0.6715789331702037 0.6861992971703555 0.683883491623187 0.6858330850001508 0.7188104984202315 0.685041711800388 0.723628384580433 0.7034293741180468 0.7117518630505072 0.7076696946135024 0.7378446971280328 0.7833649183074918 0.7919551689372282 0.7625152614910083 0.7888668594265277 0.8041314351981259 0.7543223099799516 0.7574961251506263 0.7969982083632485 0.7948136940687385 0.7747722303607557 0.7739927303418662 0.7642424025551096 0.7091435757813439
0.7625360842969996 0.7548090400457158 0.7128752889621809 0.6885742936753045 0.7044189307078368 0.693202974808193 0.7152783986371861 0.7180251996908238 0.7161583544548081 0.6980727605818715 0.6691685692471987 0.6721471473289525 0.6728456177611931 0.6394747652413352 0.6292288291927208 0.6462419919471966 0.6781502192687128 0.6659000255098443 0.67094114217552 0.6807505833625614 0.6839700369499626 0.701484861823056 0.7313840105002686 0.7280657982743746 0.7269759694133419 0.7293242511930107 0.7136037210529454 0.7236850014358188 0.7365443713871519 0.7372668078433059 0.7690044380402232 0.7701973630732148 0.7994278326582916 0.8006657057251 0.7800665417549437 0.7551607155850647 0.7808513527359974 0.7960864815860668 0.8194812553710792 0.8130173011030546 0.7983730564756402 0.7659577334626614 0.7312833635694638
0.7329478786970378 0.7423152194781133 0.7268025631035665 0.7083694350360681 0.7028438058674426 0.7203463580779341 0.709724868786685 0.6922172072109803 0.6981329585133613 0.684420422938445 0.6426151985169297 0.6772562146778596 0.6290974546602228 0.6396994948101825 0.6421596067068116 0.6245979336712136 0.6296769520170163 0.6388794626839986 0.6483597327283198 0.6974130504580772 0.72275164047552 0.7391002590696345 0.7502566288264897 0.7191733793420513 0.7487886867123373 0.7556040455704616 0.7356893997338385 0.7203878598666331 0.7055363219547465 0.7350548038122474 0.7206002152596938 0.7394066202472497 0.7775973674998253 0.7755074310770848 0.7890290787596731 0.7461426379456868 0.758766447003363 0.796353399842986 0.8255787846682118 0.7974301019666657 0.8119763343007901 0.796032500069836 0.7643102345843611
0.7534174572760544 0.7605878404164612 0.7622918443064085 0.752312533872566 0.7321251030663767 0.7333786742518017 0.7252191059455038 0.6901857454990298 0.6813472579945083 0.6960116930044833 0.6962118180080601 0.6846239738931097 0.6458347485821471 0.6474916410671587 0.6522184377433313 0.6440705027877355 0.6176489050142986 0.6402519733163542 0.6503507684416039 0.6633197352597677 0.7036966750162145 0.7405456973048836 0.7251352082004198 0.7328613249220395 0.7512907977907602 0.7376446394135971 0.7500352074826862 0.7466918101886779 0.7372661318410062 0.7611473360851366 0.7620243177017848 0.7536594899268909 0.7668692757918107 0.7935731518794642 0.7730819703761184 0.7650761140270763 0.7640767540308686 0.7678431808858246 0.7946742551197161 0.7901977079579934 0.797803044697477 0.8048936919010866 0.813343302717648
0.7975156064048964 0.7920781055668054 0.7791260207939914 0.7840094094103809 0.7434460329063005 0.7257871902289809 0.6911266926409787 0.6863711335202253 0.6709280812381566 0.6970567109959628 0.6908110148655184 0.7054536623638252 0.6892332617998171 0.6598361335734064 0.6075541087306622 0.6318759275112636 0.6211309280499372 0.6309182792861336 0.6603307321644881 0.671950170260098 0.684984868731856 0.72652479721558 0.7142217093729513 0.7305925567727916 0.744318634913954 0.7656925015219328 0.7714241355171699 0.7674980490684928 0.770235197072483 0.7540533935106836 0.7788935161489843 0.7813455133889241 0.7695829734376461 0.7934263758064172 0.7511710752759221 0.7635612239070823 0.753355935506106 0.7814016890617147 0.8113090202172161 0.8006549096884861 0.7891395919154088 0.8006146294869312 0.8150941176210116
0.7934415943846418 0.7798532988582819 0.7930694735623506 0.7739114052503457 0.7292739950240373 0.7288273340337184 0.6717949382454406 0.6727347439817413 0.673519421455381 0.6736210133044266 0.7012355796505642 0.6964992617898962 0.6512747914856564 0.6343300775746745 0.6349924888119355 0.6445024348572477 0.6206164245068285 0.6421493746212394 0.6846726809799913 0.6973413115870605 0.7049678588007813 0.6965682902438683 0.7504896857529949 0.7581520643214986 0.7269269113880441 0.7405960597681592 0.7688576396994976 0.7368441933772194 0.7674186664526206 0.7393446234791239 0.750722378466274 0.7729638451047159 0.7874342351655432 0.7721601019290293 0.745963975519504 0.7433459352051603 0.7401492528573418 0.7752530891319579 0.804620754081215 0.8099665801331896 0.8201266899613311 0.8134365840899146 0.7912834173581405
0.8215727386951118 0.78908374028312 0.7729958072948565 0.73682633652668 0.7212362562358438 0.7204623054128799 0.6705109088874108 0.7053864122013352 0.6844682616637644 0.7038931280470138 0.7116770067831413 0.6753342060185509 0.6596143965903426 0.6585783152765766 0.6233784746931962 0.6244629745888786 0.6421254481380139 0.6346690466735102 0.657823323635453 0.6748668873007232 0.6988839674960983 0.7174846400630126 0.7546108750444671 0.7540863178463847 0.7450336755244297 0.732746206405066 0.7551368691481568 0.7204023276035775 0.7360414810204831 0.7093761761846042 0.7283908788726328 0.744094765944592 0.7496201046406358 0.7646125481785523 0.7446085983662073 0.7695289684643658 0.7581161175043016 0.788953003605148 0.7845160069549869 0.818919907738406 0.836780603009982 0.8111336441084839 0.8310109776252174
0.8155786381176592 0.7902087615327148 0.7471399343835435 0.7277457328616129 0.7250685709185999 0.7380276407046288 0.7261774621636098 0.7061437544867651 0.7326923666672103 0.702367290064847 0.6795007777080095 0.69594229409744 0.6875358830210182 0.6737120221429186 0.6648029118174918 0.6779406946553198 0.6938760526203762 0.6788913712515662 0.6904627590209781 0.7222333799239676 0.7439720319196655 0.7257750943548579 0.7249289612045645 0.7248432355878517 0.7183152332276501 0.730094004422918 0.7295520322780397 0.7330103838534047 0.7194521951164827 0.720959859061719 0.7476348952008639 0.7351076356981475 0.761861397229706 0.7501237864051993 0.7859647531411822 0.7908253506884558 0.7604113210136331 0.7620672343826091 0.7896170920747065 0.7878681070153138 0.8227702024256756 0.8311841893547299 0.8374614995473016
0.8030568118257243 0.7755895957857272 0.7819007484345503 0.731578076563714 0.7189237527447416 0.7684789704512268 0.7673037410548135 0.7619584340682838 0.7460602314439295 0.7127484930120537 0.6844020198896109 0.6903939908409654 0.6890756701433258 0.6655100727165959 0.6683022997270295 0.697881069489732 0.7237931953831889 0.7030035380529419 0.6918512687571897 0.7457668047821848 0.7614829326785252 0.7674084495097021 0.7639757164813663 0.7458618003409827 0.7215649286620749 0.7160475112942402 0.7187512121399973 0.7537060359963921 0.7781351468985538 0.7355896747378434 0.7300870847640447 0.7727728059265943 0.7644078770196525 0.7598581391911343 0.7855055610475493 0.8161862659649004 0.8027884023223817 0.7709549954546879 0.7686166098750199 0.7732776870943414 0.7918713580018054 0.8297552129627767 0.8487711522575535
0.7711117345784527 0.7868339511492289 0.7625417747721198 0.7624950581345833 0.7367701622022619 0.7583565616566745 0.7599062019372043 0.7415167614834781 0.7366289806517127 0.7434933981683147 0.7148176251088956 0.7301420789461026 0.7093113224615034 0.69375695298914 0.7259687997609554 0.7272555316891617 0.7150850087945914 0.7378582995244785 0.736513890153212 0.7565462602010319 0.7576684837672755 0.7961783523960467 0.78370873962547 0.7777082644829023 0.7528053185503047 0.7193882682917574 0.7156957844221774 0.7563429856241377 0.7606021212387356 0.7717949927565619 0.7664461120041731 0.7729004912234665 0.7515386938221934 0.7699980244081491 0.8134559408710581 0.7973150439535617 0.7986007548940078 0.8149317456893207 0.7923395168489671 0.7839336871757645 0.8182282174442399 0.8401614146045995 0.8447428488586252
0.7469686176776005 0.7680127324187974 0.75314561788019 0.7663393347737728 0.7643032035628363 0.7638761251262236 0.7818364995095476 0.7485895391821669 0.7276861832085288 0.7491740673550387 0.7308568996943579 0.7340109039932446 0.7576421953602736 0.7544337776130947 0.7276302304315719 0.7317109698547521 0.7235294002543675 0.7323883751861298 0.7673205633554216 0.7695297647661149 0.7719216656211243 0.770534705022838 0.8004703502053999 0.7847644037088103 0.797177985065543 0.7617419529060294 0.7301985906150381 0.776532277584789 0.8136958443235731 0.8035507560553693 0.8004122689234434 0.8077254104947764 0.7815525719157965 0.8177351878177358 0.8196331994034994 0.837734587210398 0.8528171431098299 0.8519944385853684 0.8489752900908767 0.7965684043123862 0.8029029303249308 0.8601508752481929 0.8564675280741517
0.7780773880249191 0.7489119755021333 0.7731312531586741 0.7604373821942871 0.7957956993979144 0.777354554947941 0.7769125265328456 0.751732444806844 0.7283210824029536 0.7581729741215913 0.7512173950334816 0.7575600910789263 0.7771958818431917 0.7747800910754385 0.7467695727910237 0.748059814316382 0.7296446237487868 0.7276598505127245 0.7411648956935952 0.7650178519790448 0.7902248304244903 0.7920642226651687 0.7947111636137825 0.7841867106643433 0.7773953859029872 0.7802785570946994 0.7710942271355155 0.7838267906209953 0.8185344183450054 0.806028838831356 0.8156069698120907 0.8186234343160791 0.7946285394302226 0.8156342396729614 0.8107632087404945 0.8290285580223259 0.8221796048756164 0.8518226375339456 0.8220532537887467 0.8272767227946803 0.8193709490828615 0.8559032142357408 0.8622295283562782
0.7839909338853274 0.8022348333290817 0.7726700692610218 0.775184436239393 0.794769632155978 0.7907802340909822 0.7644510974357831 0.7885183011875454 0.7602635008561545 0.754359700014769 0.7487205252147641 0.7621720025781252 0.759090680829 0.7836600351165366 0.7661490123050816 0.7536892982606144 0.7220209143669069 0.7384159677222301 0.7431248078321737 0.7847626526389407 0.7824364487213292 0.8303837463080446 0.8328845072018911 0.7859357062117482 0.7822913089063651 0.7642016581739144 0.7578663806268808 0.7819695694740156 0.8254471218874615 0.8442159090404368 0.833620381235612 0.8270573568915094 0.8425453944926583 0.8554130237518327 0.8394592482479778 0.8024938340619278 0.8074568882107906 0.8335754708573533 0.8360279010013288 0.8429854109580706 0.858820138426111 0.8803377597635234 0.9108400453616438
0.8352378474795384 0.8201013745313102 0.7900591879018783 0.8021292846397912 0.7781600579788589 0.7767167392544739 0.7796379014777217 0.8159401197622846 0.799244647646026 0.7969972206945055 0.7945851508280655 0.7586654163293375 0.749901413974593 0.7595286210595132 0.7290884780841885 0.7499595841047456 0.7561507259654818 0.7514789857808614 0.7647955402242785 0.7659482402699314 0.8061372612777132 0.8273189081202054 0.8524418330437415 0.8189106034893712 0.7864618354079973 0.7884762235115885 0.7597135691536075 0.788732430085785 0.8217295696857203 0.844993075648426 0.8622266851324161 0.8506026913492475 0.8432730446248085 0.843609120969961 0.8428276985693299 0.8202568907330231 0.8347516504967323 0.7987319228879873 0.8089185272753652 0.8364810807466835 0.8711678172606703 0.8644258014690372 0.8806392795437941
0.8233781677782351 0.8505947376534257 0.8367839852594067 0.8030252947007867 0.7830715585593735 0.8121132082646103 0.8304157551018546 0.8098190269308264 0.8214305211601028 0.7859144868557992 0.7901373799252324 0.7984709892233418 0.7746205886974737 0.7743945078342169 0.7318938950025459 0.7498136192907158 0.7630531907198523 0.7692742337727999 0.7950700035366032 0.8178880762136239 0.8145748981369034 0.8516435796689876 0.8448184352495562 0.8358381609985076 0.7757593322623593 0.781608920230147 0.7755226768902536 0.7865549806340233 0.7973968421572001 0.8295740823168681 0.8476116359009529 0.8451538077932742 0.7971822696224027 0.7977984276593146 0.8122969707817658 0.8255054428873392 0.8342674138621603 0.816869730313589 0.8076162474683678 0.8042346855902591 0.8364833765108918 0.8475555041458501 0.8944752999636723
0.8392269082371147 0.8331394852335292 0.8006370986522107 0.8031558821537711 0.7609893196773072 0.7733400184052609 0.7614622737897869 0.7724369267015786 0.77505623300523 0.7852702167948202 0.7659141253596236 0.7901115489243591 0.7770131717426675 0.7877560046304021 0.7768513055696532 0.7742456961355579 0.7640178789413766 0.7794943730951602 0.7928705011525259 0.8053243019284292 0.8249213042200884 0.8486785967104267 0.8461749374174666 0.8264990827200092 0.8014814321870142 0.7977753311691587 0.817027138038054 0.812363565865893 0.8402667219237147 0.8131459906793652 0.8127778296735763 0.8068963550189321 0.7984024129465954 0.7875151591288625 0.7810664191836142 0.8064022017022274 0.8033544791606058 0.7958695645980011 0.7830520818703262 0.7972418178316729 0.8071612588342348 0.8378801402429036 0.860596195624479
0.8364960005993868 0.8430419086479841 0.8118765240933966 0.7961997473228365 0.7710748409551788 0.7553478676938817 0.7453578539294337 0.7360451438237544 0.7742732062319071 0.7742153011392132 0.7438268367537744 0.7640611655303721 0.7778854180881533 0.7687253125409215 0.7805935767439742 0.8006615179914524 0.8040295845253622 0.7826277233986539 0.7897700964205616 0.7823529239462321 0.8117074092273915 0.8418173142297615 0.8445592199573876 0.8374251540493736 0.8252722272922696 0.8400771451926806 0.7989759907853401 0.826672448963857 0.8501932476006865 0.8259386853900923 0.8366667305340172 0.810344783824642 0.8032617655808354 0.7991744220231501 0.7690013195318444 0.7790534187623609 0.8216538252233077 0.8088484958359785 0.802692012468922 0.796162493658336 0.8122417897296262 0.8128629704361408 0.8547305209763275
