Raster_benchmarking/Raster/continuous/raster-14.asc
NCOLS 100
NROWS 100
XLLCORNER 1743164.9802764805
YLLCORNER 5469294.354832552
CELLSIZE 10
NODATA_VALUE -9999
[rows 57 to 75 of 100, columns 43 to 85 of 100]
0.49796055252229116 0.4775923594226243 0.509386300300388 0.5461951717070128 0.5523778834678905 0.5697547181166838 0.67154374767453 0.6846078936552176 0.7243375322131808 0.7596322552911431 0.7289702785828422 0.7910550959600685 0.7551565142543647 0.7353651230549402 0.7208109730656489 0.694349505389109 0.7417278755946233 0.74044752548244 0.7801327638289602 0.755558383234982 0.7418710872094477 0.776304438016706 0.7339751807608554 0.7143233201285082 0.7228003409155846 0.7496640598885377 0.7681926743425355 0.7790078923096738 0.7960510467456776 0.8312963353862122 0.8355340141067116 0.8776919403281289 0.8670245623288719 0.8372068829831165 0.835263966284841 0.8222594075573089 0.7989382031258535 0.8187533510220557 0.7912828056143223 0.8082335198711836 0.8254039108241145 0.8782505080441505 0.8718882934841963
0.49594503255465766 0.4629201416767457 0.4548954331909726 0.500807919990321 0.546862876368068 0.5625348644252952 0.6693100811733774 0.7182013689929347 0.7405462763982374 0.7341634367704896 0.7539741572973668 0.7873092373010101 0.7356625965678506 0.7780406980421674 0.7485635251099065 0.6589584909013104 0.7079061326670281 0.6859721152273559 0.7226696110430028 0.7568361384868297 0.7525577371837032 0.7302355384365451 0.7446417762464759 0.693256822061517 0.690043505054599 0.6715352458952134 0.724491040315126 0.7170227604016146 0.7384917438127718 0.7691140413939489 0.7793611605315243 0.8795092754975566 0.8564451238986378 0.8337923581460268 0.8546171852155012 0.8444198481123788 0.8136282103361913 0.7768510909308468 0.7664106793779712 0.8011204500928011 0.8253984185913765 0.8398053835457067 0.8595463571089509
0.48318931739721077 0.492809544830179 0.4761187092056683 0.503023733453708 0.53392488710286 0.542279402200244 0.6353124581280651 0.6509251462115291 0.7032443772169787 0.7609801496114033 0.7287487068829676 0.7364380222485226 0.7487620946390844 0.7028524324803712 0.717403044519862 0.6700548807350466 0.6823518949971141 0.7024657720320447 0.6993994278079739 0.6879556030274705 0.7004510998027974 0.6869126135717868 0.739515628786376 0.69117978602062 0.7275500594983919 0.6709308589412795 0.7120700761088656 0.712718590753338 0.7349198131148048 0.7595078094322572 0.7742329055424301 0.7938761862949743 0.8159698576959168 0.804625065847409 0.7724819290191051 0.8184513832667996 0.8108100606464645 0.7532060764593349 0.7894424771912032 0.7812011599612985 0.8170832172049717 0.784026006771626 0.801299562786462
0.4426203704271092 0.4331486283267852 0.45256815793680377 0.5057809512044331 0.5614242088463166 0.5308642312905006 0.5682020955644295 0.5905323295087554 0.6859436857275141 0.7701360710316871 0.7602354307063912 0.7382466784628499 0.7418913988633276 0.69662695047068 0.6507189266184285 0.6689967674267324 0.6372502714052061 0.6701023090865524 0.6897021181545708 0.6683814261960974 0.650459797514851 0.6994225974557177 0.6919949217828623 0.7272300253955757 0.7007659156295456 0.6826066604217254 0.6855970977903441 0.7048156727000112 0.756446400975116 0.79471071493641 0.7494644061617514 0.7819072041044466 0.7697572060973618 0.7191393757079995 0.756250739040726 0.7753409379419223 0.7419657177618418 0.727003152494783 0.7543366519609889 0.8038916237063912 0.7857860031463855 0.7906305275032918 0.821509014183225
0.4182526614268971 0.4599103618365122 0.46452416162212284 0.46067730664501183 0.544948597391912 0.5834667593131643 0.5810242543198705 0.6236741851031002 0.6251840443130511 0.7002092513465534 0.7424195096391077 0.7588058181465287 0.7332039669468935 0.689971018895848 0.6418027114375765 0.6275872715206304 0.6435729253073823 0.6110477801869585 0.5991206744923939 0.6590618444562167 0.6673592870036498 0.6873744159656332 0.6969639558228604 0.7259345857745172 0.7123704718405883 0.6792529241682267 0.7334098368238531 0.7282651522933786 0.7839493390668034 0.7702721113711576 0.7396251611306766 0.7276332260480392 0.7296288231370293 0.7015719922744063 0.7276970501117095 0.6822941239188448 0.7081659305157851 0.7214913507549382 0.7091364193943621 0.7489269601980122 0.7737541789750343 0.7949606729602513 0.8375375925940758
0.4233746589415491 0.47742611628815323 0.48528035650703205 0.45615424755705536 0.48583362590555595 0.5477896382845572 0.5813528167868436 0.55840883027211 0.5939653482213322 0.6198931664391809 0.689876775773956 0.7822093675309573 0.6938671970941993 0.6456104945285486 0.635629041601456 0.5770492827729332 0.5982774832577722 0.5949486381531184 0.5484165845153791 0.5741582648537117 0.6228201119678128 0.6761429939241747 0.6892344585573249 0.7339210902136297 0.6916520026032361 0.7203078060799568 0.7552574412155945 0.802083494696441 0.7610644650516933 0.7633947431369736 0.7042096398734371 0.751833197025801 0.7515526329331784 0.7230081048763605 0.6753415586244059 0.6152640487082541 0.6487673117972161 0.6126892207410761 0.7050766525689869 0.6868623972600517 0.7706561363791069 0.7846717825620168 0.8478684508601538
0.41910134962414863 0.42703874601559627 0.4386991470101814 0.460761423153775 0.49694403262661924 0.5172759091503754 0.5316649861635675 0.5251454854102667 0.5429848762230115 0.5951752196976453 0.6063919689435971 0.6632238518799806 0.6832857764379991 0.6182740361175105 0.5796749119711193 0.5926232362838647 0.5727784000658199 0.5306861683559226 0.5255423590289146 0.5224270353726755 0.6132684425136391 0.6440221578078725 0.6916141908154018 0.719431779512746 0.7294293507822746 0.6804627393322058 0.7170682737643141 0.74747283078912 0.7086220721461941 0.6665412929931418 0.6746498966208642 0.705237456277467 0.6696016437034903 0.6326344854620183 0.6362175241878133 0.6183123621468007 0.6092130140696072 0.6515045315585816 0.6929917258670281 0.7244732670679982 0.7164670855380159 0.7318192196804566 0.7828503785126874
0.38813182820617576 0.35376086562805764 0.3650870283884314 0.3748332412930089 0.4409449756765036 0.5017649401385825 0.48028663169572244 0.4876935800581616 0.5243134546977514 0.5272193966183027 0.5718259816693904 0.6246911559316083 0.5964623102512165 0.5800345901946009 0.5341895691614337 0.5165112537806119 0.5392835289887495 0.5196757895980566 0.5361405995167337 0.510674675467657 0.5781926571863335 0.5635059770988439 0.6776725330803665 0.7127161811729951 0.7239901703656486 0.6600416308367986 0.6866659076736736 0.656858974066039 0.620162055012175 0.6164401331208307 0.6176629594916444 0.6136922012097544 0.5914731821687058 0.5680045361419185 0.571474568326758 0.596340058362703 0.5874758405728363 0.6525988633930071 0.6568170156491819 0.7462261323794673 0.7701719195170408 0.741437173661397 0.801447208873658
0.3363210372034443 0.3585452932505398 0.3366655299845199 0.3658956435923362 0.4131178105250475 0.43882218530280426 0.4444101866422911 0.46757031734317034 0.5256251620484302 0.5650080751565923 0.5601885282909113 0.5656115527230626 0.5662402175875049 0.5355701935683584 0.5542321217542764 0.5458600700289034 0.5167413020191552 0.4961165043143794 0.47765216861637777 0.5027402517611806 0.5099725758852912 0.583649629907787 0.632135657817675 0.6406905283504342 0.6808939123340855 0.6579945711978175 0.6416894186527293 0.6119843958677367 0.621711937253389 0.6318190972485654 0.5864743367161552 0.5820808538613144 0.568567240732576 0.573700174586681 0.5674444390578526 0.5506119532044476 0.5886612219769914 0.6582701503109302 0.6621517208670857 0.7047127459282753 0.7390803979355904 0.7514076186552098 0.7955648480837472
0.3335770593766021 0.29779798268491564 0.3399547506846645 0.3229641266143631 0.35568842890573393 0.3720336464727358 0.4423272200541065 0.48649907368015854 0.5239314754885107 0.5112316793357183 0.4826165778608827 0.48800987503531545 0.4843351105174745 0.4839412031823884 0.5220851468221888 0.5392098191569702 0.49234493816932495 0.44072633166390435 0.43536986581076054 0.4669852632714177 0.5591411923094634 0.5787283172714065 0.6318054509869164 0.6580083238534429 0.6552936299404408 0.5810445445801479 0.5880206836466682 0.562561287818409 0.5752358933616218 0.5952679823736308 0.5642653965822306 0.5477694246651853 0.5654840358382692 0.5332807398603949 0.5290790652040959 0.5786770058167054 0.5825064046509216 0.6180336873184447 0.6959242626291964 0.7695560460075569 0.7810032374348264 0.7755107833179283 0.7909253639937093
0.31415579547443584 0.34519987697942545 0.3552700542594121 0.3694576203222478 0.33209760845169417 0.35267656764250904 0.446250471375126 0.49132848187077766 0.4541276644950467 0.47921975518801446 0.47582115067212105 0.46295580048856916 0.48761856332573433 0.5068417928881607 0.5237297917623819 0.5029057771895786 0.4699605316800336 0.48317643163910795 0.4477095556306936 0.510947813781312 0.5582350913755096 0.6100544489723024 0.6324674620504742 0.6348730170670586 0.6241652364921608 0.575294097231508 0.5561563302685097 0.6036984010967184 0.6100283062511773 0.5668302092214415 0.5367661209592257 0.52930761804229 0.5328475875058222 0.572982686411164 0.5657203578439451 0.5849123425176592 0.6396161166858937 0.637559298132289 0.674384789450145 0.7395046245572322 0.7311926183499601 0.7686384949531614 0.7617046251613044
0.35634380497977214 0.4080077512894602 0.39633706713413674 0.3442911622614214 0.3490672160839568 0.3903932233158069 0.40014770982131964 0.4404405701690608 0.47507426549845655 0.4786442145458499 0.491955088185315 0.4373738563507195 0.5126961895453671 0.5093060055532311 0.5162545947879239 0.46544677479038127 0.43099857124583546 0.4489549007252789 0.5047210113111751 0.5265389260247563 0.5679465571509322 0.5737741006015419 0.598420028666469 0.6299629388978323 0.6106796479303195 0.571840398465762 0.5653804820971552 0.6039305912356289 0.616125617052726 0.544708666552251 0.5025081335811654 0.5212612148486517 0.5262886437222565 0.5578105845553182 0.5562216244308743 0.6004886575159156 0.6430056683774849 0.6397847773875234 0.6548319374710478 0.6918766806550302 0.6737954276265092 0.6773763314620531 0.6854603439298177
0.3459903162687728 0.35634329512945156 0.4160036265098176 0.4147741019200116 0.38980191345588794 0.42361825762469074 0.4277000515513932 0.47279908212506133 0.4759996409320578 0.4636312644901779 0.4436477193122323 0.47690193272262843 0.5081551637829975 0.505684654133841 0.5165530593631426 0.4911290241881864 0.45973661798396626 0.48953411023591753 0.5081467367657504 0.5278430256725309 0.49432763489084497 0.5061643535663031 0.5572893275986911 0.5674491617989122 0.5728277352871871 0.5391097561018627 0.5527668345130993 0.6136854747632579 0.5988287865892439 0.5927638598746185 0.5481093470432381 0.5366830570038892 0.5641381894171547 0.5044895735814815 0.5391882890556186 0.5667674377527002 0.6051489422215695 0.5812468003558444 0.5940760782940218 0.6358167468182903 0.5982078594608721 0.6203140326583391 0.649591525278302
0.40811655685995224 0.3669886939652994 0.4389617002671787 0.4119252419881591 0.45316051000386137 0.4717886758794674 0.4449737632282652 0.41198629675780857 0.4457273385261572 0.47704196063218196 0.4945592974501396 0.4964681565657599 0.5031820351265662 0.4934159328607627 0.5094595963212778 0.5183390054974507 0.4950430915174662 0.5422842999710149 0.4938542052749364 0.48700709263669484 0.46653612945607165 0.47367954105438936 0.5115688182239448 0.5254362240129206 0.5300609469170612 0.4908784647644163 0.5081240455083579 0.6213332613223702 0.5828237521457026 0.6003709711695226 0.5634295829929109 0.5707104208790527 0.525734644992758 0.49123984171853813 0.5242939061439191 0.5230722518163415 0.5605495052086078 0.5821597311809302 0.5774817438529256 0.5734073987089683 0.5373890024729769 0.5683022441276071 0.6516386008130729
0.4292299112608741 0.42239267661758845 0.44120053557277855 0.4332642950545117 0.4497625968335255 0.4782325166697174 0.4079877810008683 0.4058550465418287 0.4574373565728471 0.4754336672462949 0.4862661684973545 0.4942233470692226 0.5448908617839002 0.523322619286109 0.506270717669817 0.48920144612823313 0.4930208016570738 0.5016934493757635 0.5126917284608334 0.5199012819270441 0.48909998106882874 0.5001169603443096 0.5073562144257466 0.483914182138843 0.45025603126983604 0.46251094918808233 0.44954925064345036 0.5187927508682939 0.527904799306696 0.52834822675657 0.5260665573040597 0.5349277994262615 0.5470048765117483 0.4901049998833176 0.49410599411270717 0.5075704801365754 0.5269863252361291 0.5835738390609795 0.52633073863517 0.5070888952144438 0.5252794263896716 0.5689432533124725 0.5942630480222991
0.39946066316271195 0.41537257387622967 0.41750501004188645 0.46428271381395336 0.45824582546996023 0.44815910555876093 0.4585271113767864 0.3899253195581872 0.4527425867670776 0.4278696863512574 0.47747209638943444 0.5459834115926754 0.5474162432499039 0.5036497088777835 0.5112831035827774 0.49228967923381106 0.48654836689391756 0.5270125526381815 0.47862986976766553 0.48558460376371737 0.49730482388425706 0.47645548548971994 0.47485392500824825 0.4608607952498423 0.44844494371198107 0.41060052433249505 0.4023231770727189 0.41364658905463964 0.48228179473441984 0.49015042784547785 0.49901904043519724 0.4856913341915083 0.4948370007829949 0.5271498977503 0.4847293415387881 0.5316602987558526 0.5101570979435345 0.5739157246543712 0.5097248180621154 0.48184544017994574 0.5132838730145916 0.51482863775415 0.5624409008492289
0.46504448819804073 0.4639184462186958 0.44339831182076134 0.4636145741571699 0.4926742233771969 0.4760006784431588 0.48454118275716784 0.4408665047141059 0.44350697007881906 0.45937764546540977 0.5080141219639034 0.552092784506163 0.536844263331651 0.5568253847332059 0.5307743698856395 0.5471517654346804 0.530300706848951 0.5167470965993571 0.5119539751165534 0.5430191067158578 0.48694668684859493 0.4339604137039186 0.4609849383170992 0.42214269926526776 0.4021490436184563 0.39642081207474406 0.4086130011682505 0.4239179989234614 0.4163374149006178 0.468724817266915 0.43114941490995146 0.43868674045600636 0.4297286217360915 0.4909535349581689 0.4883251864859352 0.5081686993772356 0.49782676852884267 0.5444194846231278 0.526835238541637 0.47831256615088963 0.5250070326341767 0.5369199238376389 0.5559298835996572
0.4552606921404549 0.46849810262254926 0.4688285958961123 0.5016623199768413 0.4949385548572711 0.5092209451241536 0.5121962614575042 0.48002794603631 0.5080778114665111 0.49823347462381334 0.47098737068374197 0.527229415229653 0.5713465762225414 0.5386494313338965 0.5201799837430702 0.5524315427829841 0.5273202225348422 0.48674463808222707 0.5033094095397971 0.5553552607019605 0.49086872473572346 0.44026598455228666 0.4320936021479239 0.3844922440431217 0.3867080723996772 0.33371939680960694 0.3734109685637911 0.34105729623420783 0.3884557489324645 0.4003894006337619 0.36414292231077783 0.3594123141714086 0.41311429436374836 0.4733859666382749 0.4606808885023874 0.476962738878432 0.5199240550717423 0.5184745363882497 0.5126910593708346 0.4976134215777529 0.47653492811838366 0.4979736748068194 0.5583240880333044
0.4228577938698875 0.4393538553571579 0.40607136393402765 0.41239474217668964 0.42709281561142515 0.45754461161209176 0.468973629084756 0.5092964470561012 0.482004934899524 0.4820470067621242 0.4887757326566723 0.5046030561686823 0.5483006455643638 0.5271714508992209 0.5189150731057853 0.5215928163254234 0.46929486409089227 0.47402880541550785 0.47853099360779816 0.5122698180424007 0.4646230609013861 0.4118877929890615 0.4039944586633627 0.42295449022442916 0.3546147651397351 0.3304151635214195 0.3576863923006164 0.3097855812462241 0.35238132871716643 0.39731576069894764 0.3750578842441141 0.35323395808679475 0.35434238542679075 0.39866499856538185 0.41356309686788795 0.4629020991164489 0.45944892759809325 0.44136258148126184 0.5026321998510469 0.47034822180897523 0.47035221367370866 0.4942064457329629 0.522747007584916
