Raster_benchmarking/Raster/continuous/raster-185.asc
NCOLS 100
NROWS 100
XLLCORNER 1743156.0805232748
YLLCORNER 5469296.434247049
CELLSIZE 10
NODATA_VALUE -9999
[rows 38 to 56 of 100, columns 0 to 42 of 100]
0.5493576800631031 0.528641801505156 0.5477762933308629 0.5515466702377795 0.5415840945493778 0.5041084437180176 0.4831703481725994 0.4612024093359898 0.424265622541548 0.42566648969617077 0.4095415108917211 0.4133605570864542 0.3952419800639937 0.4076655650995626 0.39316541388429166 0.43200342803614367 0.41517283214160006 0.4293929328286398 0.44200987061180746 0.4623131935570317 0.45733584472712757 0.4219865655611177 0.4297275232148755 0.4584117947523768 0.4758578761621492 0.4701365626960346 0.48937424679414343 0.4793050236546312 0.4807224334826932 0.5071831838774981 0.535070245907392 0.5438014017118459 0.5231664149903136 0.5349595834930174 0.563893615181612 0.5606471290050836 0.5797428983617705 0.5649722701159956 0.5313648984091078 0.5091598742062771 0.4881128779025757 0.48315339334315266 0.4767252389861926
0.5593895361508215 0.5572441146219962 0.5472638329512163 0.5331075377272595 0.5441461630986139 0.5214291542118842 0.4702680563683594 0.467730283021578 0.4381835227719501 0.4298087845267466 0.4039721974087106 0.3836586032362396 0.3805576648812415 0.41005460970337365 0.41464562419144885 0.42614606981535236 0.43902918434404115 0.42507530192337056 0.4636988763750817 0.45727776993479485 0.43888913550725644 0.4405046649982558 0.43121725389454163 0.4777641485995482 0.47845171504777434 0.5051655641832075 0.523469413410438 0.5053893069305498 0.5039908493648613 0.5375960141330769 0.5491009735341692 0.5396642181768945 0.5159244579301594 0.5423040789060548 0.536165580104139 0.5349875470390545 0.5715512066779247 0.5409428956435328 0.5442269947927391 0.49906752387009634 0.4610719297120117 0.4678196843134995 0.44224023430078885
0.5635469013592805 0.5630551996676342 0.5415525792797985 0.5285622587986821 0.5566318540872627 0.5364397510693574 0.4920590581173334 0.4860215546998031 0.477592139337163 0.42913125583910483 0.4316842179289742 0.40480965188548407 0.4122487122060497 0.41389115310142144 0.4153384159779269 0.42812263184482957 0.4234510368837988 0.44499779194061834 0.4528134718524971 0.4597866450530997 0.43400818811892183 0.4417875130745612 0.48272681304867404 0.4686657302179284 0.47720038798172837 0.510202718447126 0.5243120308571935 0.5228186112627625 0.51549604370557 0.5595827618245195 0.576042663914474 0.5416141765563318 0.5266871956199239 0.5385331787570793 0.5444631766642254 0.5280668589483353 0.5436525683065524 0.5686758850349215 0.536901831473247 0.5194596498091374 0.4844071413669408 0.4650905730350174 0.44951367064559594
0.5684861291406923 0.5336709178398653 0.5269986877557491 0.5180637358033339 0.548907264679248 0.5233862143843981 0.5153883221094162 0.5101017076943555 0.502100147999699 0.45096566899813917 0.451019662236975 0.4484160257602067 0.42642177130505987 0.4376635422405652 0.4120801447224122 0.43248914579837094 0.42025119594195365 0.4556923162641915 0.46270639103972827 0.47906203901915473 0.4612598520274836 0.4940345264224622 0.5139742928361551 0.4995228820469823 0.504525505884396 0.5386536219855541 0.5239967522510697 0.5247065971401809 0.5506240414464173 0.5487482076232734 0.569366964643756 0.5613826507673394 0.5070567587447198 0.5147246607968148 0.5113538751094772 0.5197972726203385 0.5545002935633889 0.5470787089320711 0.5524183698614857 0.5316160682734555 0.4954029454207747 0.4553335337328567 0.4239720717150849
0.5524600631189038 0.5290896744409723 0.5081526705356713 0.5325650262755727 0.5390231556672047 0.527829742839227 0.5210401811971863 0.5156234084452669 0.5086255704648537 0.506144032664674 0.5023088933239811 0.4745034957132553 0.44493892060950746 0.4569536568955613 0.4265816103909103 0.41828719785174334 0.4692007938502153 0.4835443158139563 0.48664285992343914 0.49763000137405805 0.49989414988730246 0.49672913670909574 0.5112662565088331 0.5424487133414793 0.5437103545332379 0.5314811218349311 0.5717877741270356 0.5708571971473633 0.5748505087665601 0.5864446869836921 0.5573104231144186 0.5470543662447026 0.522444108355168 0.5281818630149567 0.503495161375396 0.5170277092252886 0.5599757089337661 0.5536345062376657 0.5452855821064962 0.5241662814147936 0.4870505784032187 0.49374557095848864 0.4670285870647819
0.5004818315641718 0.5245631898204574 0.5223304070986088 0.521771264419804 0.528926314186135 0.5252774171644036 0.5103997980554866 0.5274013842476072 0.5348856378010359 0.5048941014005723 0.49181999354845574 0.48304066480795216 0.5020389920454226 0.4919857960668525 0.4559585360341742 0.4412043551877557 0.4701072544822494 0.49244004252194484 0.5042005815106795 0.5093958044118664 0.50149010238565 0.5277501255166835 0.5292738132973908 0.5433571290478414 0.5893428971630713 0.5805147672792134 0.5767829019320969 0.5549658370870416 0.589793759235366 0.5925775844721299 0.5585083302600319 0.5522503818537515 0.5488077161106479 0.5462362423086564 0.5307389074660669 0.5251495202788797 0.5469116152510005 0.5531288476955448 0.530102167052895 0.5333783185262222 0.5084901209071317 0.5093593968514141 0.48093900702954984
0.5064234693441789 0.5215211071856507 0.49998790365358076 0.5144295712095628 0.5149082425313227 0.5124767687133182 0.5268185307538219 0.5074954507197958 0.525062145148952 0.5557612749676766 0.5598958361402866 0.5372000474872941 0.5421919895984038 0.4922987308480347 0.5042573745927013 0.4741121698964405 0.4962486070637357 0.5282704403525771 0.5341156321887381 0.5632104287875541 0.5712368230949838 0.535002657588476 0.550258301314988 0.5608611112503001 0.5925924626913021 0.5807396902482161 0.5832834474192512 0.5686112027182773 0.5863889204540716 0.5659201211493154 0.5693395291534303 0.5831331678651541 0.585630492272999 0.5670335256747272 0.5732425686663339 0.5455064140033589 0.5567449606898964 0.5566450180320843 0.5488645101238216 0.5559358355101214 0.516821947703415 0.5076243162177331 0.5000532603844845
0.5346020933816303 0.5268222684029837 0.5164235044722206 0.491859302427149 0.48447069420696004 0.4970669930973921 0.49223680013668186 0.49872560699940616 0.5483231443729244 0.5566502814222017 0.5879251527353342 0.5852706464177252 0.5746161185111144 0.5321737894826344 0.5136099560803339 0.5317317794732828 0.5405152245691124 0.5450953105319797 0.5731527134069183 0.5910759560186623 0.6110701054377009 0.5533772770049463 0.5648135513524104 0.5993780660846315 0.6032577165963674 0.6060698516587053 0.5655123076608712 0.5616551358597909 0.5489544736719635 0.6001746790949763 0.5985055555445448 0.598059477091534 0.5867356487455524 0.6024706588781197 0.5720547439649929 0.5590076455806495 0.5630170510189015 0.5929026256322864 0.5731179832338922 0.5933982315305087 0.5782935229623283 0.5691137604319997 0.5430953988371524
0.5233411384370243 0.5066077434934612 0.514119893103966 0.5231373681570766 0.49617739954939294 0.48665059778185465 0.507355591589933 0.5236900882548651 0.544670554428467 0.5569740736281389 0.5626381009922207 0.5828970922450922 0.5742579082764928 0.563133069236588 0.5835634829531137 0.5577312064672663 0.5482213466036066 0.5549909819988841 0.6009169225504863 0.6141425209456837 0.6258460783341652 0.5865364685367469 0.5924183721498009 0.6078510270625592 0.6285462084891765 0.613015587646259 0.5875999794538826 0.5866265634132786 0.6008239752713914 0.60460437604625 0.5946502563621802 0.595157309727461 0.5856208196831604 0.6031648741507133 0.6030865983507185 0.6079516777768655 0.5976161101001702 0.602272343038026 0.5940601622476673 0.6010485629792831 0.596598938453126 0.562106979052356 0.5535788677215115
0.47358842947241997 0.4823219746857506 0.5066764719349087 0.512430728634336 0.5057294866468901 0.5205499543675772 0.5452566283430196 0.529861323628335 0.5481341604244194 0.5737157593760306 0.6054624047039293 0.5825844638670847 0.6023777421949993 0.582921953392219 0.620342771524704 0.592514155858829 0.5690746717759145 0.5748563873569863 0.5946364494452728 0.6090519943150544 0.6205668709280212 0.6295190840287315 0.6161913761737216 0.603346975507608 0.6325857180561963 0.6085822233501307 0.6361440993302231 0.6298571173182429 0.6281553373554484 0.6291144178151419 0.6326697939626961 0.6168614667631881 0.6356781421035081 0.6171665588863123 0.6485417640759501 0.6234537090496027 0.6407563784415616 0.6100661079640061 0.6065535433991954 0.5914009462233031 0.5951856235031415 0.5799807131861366 0.5840628561408033
0.46231027106082434 0.49087135482628863 0.4935322792974561 0.49390409927317547 0.5089734500293689 0.5542568406889169 0.5559801952279121 0.5583824039883488 0.5776423706885349 0.5846920430012662 0.606592720427865 0.6183809914094354 0.6397656303566449 0.6120525155520692 0.6258400473203678 0.6147816031520981 0.6066723197556732 0.5877690832406226 0.6134217838759413 0.6422805350195939 0.6323321803609161 0.6502086329815051 0.6407271518492618 0.6328061681195496 0.638869308171262 0.6362001891357971 0.6530906480100582 0.6501574936323031 0.6357239269715107 0.6528486989663755 0.6314448927248371 0.6225840555184543 0.654186936626462 0.6429808448907187 0.6295704220165432 0.6573792424324305 0.661419577013498 0.6601609943181774 0.6049519934488713 0.5966235508997935 0.5733891446677482 0.5762343013023568 0.5879125245896942
0.46148822044255394 0.48295185154473724 0.4849026997593937 0.5163127425968675 0.5177667301266857 0.5691977290932362 0.5736964140341768 0.5621637002472784 0.5549688105829717 0.5550808972036974 0.5803437475399247 0.6201049637755134 0.6436694542212148 0.6367475523898372 0.6311228742898778 0.6132652277913594 0.6105663355864411 0.6020995948871211 0.6513984986275705 0.66582653139562 0.6857165458496852 0.6388077139088958 0.6280651185551215 0.6428330743518292 0.6006917152348017 0.6236394127204855 0.6633216934089793 0.6636774944295023 0.660671870739065 0.6585312392982835 0.6572861128522725 0.6684631456681759 0.6464207161460924 0.6707661855840783 0.639482859663048 0.644028430604651 0.6921708911682334 0.6783766346584744 0.6249223391329954 0.5940261912866412 0.603464865110976 0.5660390917928123 0.551004760674928
0.4903370471180251 0.4981676328111405 0.5016019153615618 0.5225387696394175 0.5319721282595342 0.5445405464383585 0.5611138195597326 0.555469128536292 0.5559948232225222 0.5694845288720944 0.5766590873087397 0.5880456077654858 0.6178369973477642 0.6467795714241329 0.6622642334368531 0.6578270723692107 0.6260446773725351 0.643216337325378 0.6489160771412416 0.660644882266637 0.6981382023772993 0.660538982161448 0.6399168696478523 0.6360720540798258 0.6403825582377675 0.6219247626924975 0.6366868776485899 0.65029477198448 0.622910424647641 0.6427649838006007 0.6517516138795351 0.6724453410089197 0.6913750445355963 0.6811218790295305 0.6602732797044022 0.6431332315137075 0.6547667707039377 0.6592497388838067 0.6513378290721629 0.6253560034323006 0.5998331176152897 0.5547065993504016 0.5654702611601533
0.5029977382044432 0.5217132099292732 0.5064305560861779 0.5140605518665237 0.5544408629594416 0.558751481897935 0.5417895320767186 0.5540793447335304 0.5475453247952068 0.5779644870217407 0.5880393209318132 0.5794660441335359 0.6205162052532377 0.6225450371065804 0.6529868577969264 0.6498987211315965 0.6636517774660776 0.6389023158931432 0.6442619266975236 0.6743708633460788 0.7037864331842986 0.6659822631618882 0.6771435700462202 0.6505891644030978 0.6693585546246762 0.6287822947021733 0.6320229578877021 0.6540563564591254 0.6183141106329606 0.646943006932331 0.6428394684906328 0.655337593221081 0.6911179982375081 0.6977905597129449 0.6697401429687984 0.652411507804847 0.6220734040811355 0.6226883769843444 0.6299459418129817 0.5855140948849491 0.5575024521340449 0.5514682514892357 0.5492049593247322
0.5244933647856153 0.5541638811515072 0.5615180687589908 0.5557277834053109 0.5675445985459157 0.5787386210765578 0.5603893347173466 0.5852375356496862 0.562734827512476 0.5820396819458089 0.5870112493369212 0.5884760319511899 0.6009398700558116 0.6418685646675931 0.6692058847271067 0.660550281236508 0.6814187200321754 0.6753492863109946 0.6503982075009437 0.6645674425833716 0.6784291585929327 0.6741502735359655 0.688297657329417 0.6770383814274066 0.6701753184624067 0.6549513638531309 0.6641736503179438 0.6374793896409485 0.6266597810003123 0.6306076815741424 0.6273875547193138 0.6705101103018929 0.6914156951080409 0.683519771328464 0.6651249259221217 0.6132213697127797 0.5916788926860119 0.6087710132216719 0.6206941737198699 0.5978829958760102 0.5566400888253951 0.5526537953954851 0.5236261460161025
0.5433360303660476 0.5752719578081457 0.5797689462025719 0.6010408979105553 0.6020400727363825 0.5818778086873072 0.6030146963077847 0.6206236687172051 0.607808207527954 0.6123585808299463 0.594980101653419 0.6015119118643982 0.6296958776602553 0.669802045198394 0.6760818489119316 0.6826229134083224 0.6774175051575949 0.6713393573026484 0.66185861811032 0.6503480685123859 0.6914777058675011 0.6627034575701092 0.6708445950956745 0.6543246240441094 0.6422248825592304 0.6735153938925673 0.6623553712284092 0.6465987140945157 0.619452356894636 0.6391315890346804 0.640467322293206 0.6616684682807995 0.7001012117907395 0.6561534574657215 0.6287269599179283 0.6336115968334917 0.6070060578782897 0.6085366766405065 0.6014377906413253 0.5856576698685151 0.5661307372119021 0.5378682771003506 0.5443008419317004
0.5635454408993479 0.5600341728511883 0.572043108350591 0.5808662474786874 0.5973341361430258 0.5907324049270687 0.6083911928498031 0.608906266775449 0.6245854421797036 0.58671718275018 0.5795904245020542 0.6017046648470835 0.6184160188538929 0.6498130408747053 0.684945222993948 0.6628922768459106 0.6885642503568821 0.6891371981724176 0.6897013797213443 0.6695617550370574 0.6854494863313019 0.6937859477641649 0.6682358309577807 0.6788574769275331 0.6424004691061831 0.6509682591508905 0.6696650585414423 0.6542348059805915 0.6423476540237181 0.6523430759965003 0.6356814611339582 0.6542690038947058 0.6600671990323308 0.6365736886907949 0.6165957423688786 0.6323096746722943 0.6065308065107726 0.6232904805745658 0.6190439194178722 0.6098911219194245 0.5886456735506241 0.5494188062865786 0.5240131545562651
0.5573119530456444 0.5577423175045948 0.5697582177660664 0.5936907029839968 0.6056210332198112 0.5761661521799062 0.5677883842071231 0.6136006702638008 0.6099537327659648 0.5827800750530251 0.5720751969128907 0.5830214163170896 0.574731551284745 0.6026600832507357 0.6645301920954675 0.648600580253228 0.6644361698266793 0.688838484739284 0.6724212262083259 0.6770605976327031 0.6905322846991396 0.6927748299862926 0.6638303428781922 0.6726160856196685 0.6632681481853709 0.6752966219585292 0.6670845956554629 0.6471262341651031 0.6306030082955666 0.6390527040547163 0.6640032040129822 0.6279508487553851 0.6153136080180773 0.6117162146275381 0.6283831994138851 0.6392654359438612 0.6169511243122479 0.6131506928883896 0.6115925331091577 0.5919586916025787 0.5977289119059813 0.5801004145163179 0.5167517746381026
0.5820231307060098 0.5964040521144364 0.5743874716257973 0.572788706700241 0.564956077697035 0.5913345480290806 0.5988166707156088 0.5962546774853151 0.5923900009050981 0.6168894693407995 0.5861534153119039 0.5885002957208773 0.5683139764586107 0.5900974444152991 0.6071795449794534 0.6497101951010725 0.6676289852215388 0.6444404249848195 0.6666759457456677 0.6455625750027856 0.6330604222296471 0.6589120888198524 0.6468410516163592 0.6628615632262213 0.65635261672072 0.691616648780125 0.6547170056347765 0.6601139813691989 0.6471333718388254 0.6595504837927864 0.6276716646539072 0.643548299183233 0.616807092587955 0.6283107562437804 0.6109533888793938 0.6321532765078933 0.6340012123137088 0.6069844577958455 0.6177289396609282 0.6087074683819538 0.6019168848881082 0.5877661617915463 0.5629970639693472
