Raster_benchmarking/Raster/continuous/raster-448.asc
NCOLS 100
NROWS 100
XLLCORNER 1743150.7848333672
YLLCORNER 5469296.691306575
CELLSIZE 10
NODATA_VALUE -9999
[rows 57 to 75 of 100, columns 0 to 42 of 100]
0.38657317809192526 0.3960052104686045 0.4131465817192564 0.40474807173935506 0.39900634704376853 0.364735179161323 0.3809987320749263 0.4078237442308985 0.3570104737178678 0.35405167270396126 0.28870548771421317 0.2827891031285161 0.2889265940175922 0.28201189195073484 0.3014751059382807 0.29216394180600924 0.306283823136212 0.32048536890353596 0.32792132588596085 0.3306746398720361 0.33758142817494524 0.27670193589755276 0.20883482932843286 0.20383032558468067 0.22818231530304317 0.26590814344080665 0.2734150576938272 0.2713279490620794 0.2614209634734957 0.30143096958003934 0.3038371674152361 0.26930172606065583 0.26310476339736033 0.32541416191450867 0.37029229366666794 0.3980541134406169 0.44004435375709144 0.5086740931371498 0.5132980515931425 0.5407639721828528 0.5527562528472256 0.5755891354907638 0.5861029977236757
0.44049895938285655 0.4543225813231011 0.4426144559837513 0.41353580757534314 0.4202085177742393 0.41220966789263097 0.4829227642373069 0.4701174360928713 0.3893101431803218 0.42263047203889353 0.3592220530312689 0.3695724348436764 0.3414431845814207 0.35342477388787114 0.32452427480713847 0.3270050215900403 0.3098365592428869 0.37120949319044133 0.37986875701608996 0.33598160122926873 0.3481685861257933 0.33460082964146004 0.28770757190594215 0.2963272941648402 0.2733998527800252 0.2788533723466432 0.26834054477684405 0.2959963642118443 0.2914917080926272 0.3350463686559881 0.34404656556443614 0.2851275538776973 0.26466716540145546 0.29767507526213766 0.3359975381438504 0.4049684246668026 0.48810242665854436 0.49753631329017506 0.537238269188312 0.5522677269330211 0.554033606622549 0.6324909826984119 0.6338585986070214
0.477651386330137 0.47177396795292703 0.4591978986017764 0.478837065155105 0.4842155777892054 0.5047106971498556 0.47457597748263886 0.47882797520011583 0.46981010428084613 0.45830615191753277 0.41796896694891933 0.40447493220427194 0.38035581347787323 0.3992431519349979 0.34196192854487584 0.33327765389268527 0.3328769904200965 0.3568692480463178 0.4218789267711379 0.382561416500479 0.3999369836969204 0.3700767018131221 0.3463542707940626 0.2894253127297845 0.26864204225317184 0.2914791215844847 0.29033296717466 0.3232421288643679 0.36196916249409467 0.3296145525604578 0.3579351729981176 0.30671707956179706 0.2832329561968898 0.36586087352341384 0.39111948252447665 0.39872933292595364 0.45954418996470064 0.5036989810592304 0.581873574329746 0.5689033441388303 0.6345241981689321 0.6364774926837656 0.6200272032283902
0.44189221678035073 0.4312435120232251 0.4466284306424015 0.48096053010523104 0.49948894130835114 0.5189669916909289 0.4876866468633255 0.5222406802446931 0.5332876667954257 0.5071144233827716 0.4695839770089674 0.44743124076706625 0.4486116878720755 0.37761686508461006 0.36794885603979266 0.3248339000325222 0.3640687762170777 0.408092615897841 0.45637453147499124 0.4253316218436652 0.44931597522104544 0.4155446697407873 0.34939507239045786 0.37173808563709637 0.33583380181670536 0.3025350003732873 0.3206162686617387 0.35913937040089045 0.3929973938125284 0.39054933068072606 0.39539146233584826 0.36004379210379184 0.31532456147264787 0.3865647329213869 0.42655015659493345 0.4498426673169079 0.474313998752623 0.5377391146564164 0.593718442712189 0.6394178659344653 0.6538324293464888 0.653900557743943 0.6265617136641839
0.4695053958334066 0.48553714795624703 0.49894608930340983 0.5070016100826689 0.5288106098246393 0.5230974016168948 0.5307428453494815 0.5298778940360046 0.48595272053296945 0.4748027381333836 0.49307512667914116 0.47490713132441265 0.4370537877827318 0.38828851036607953 0.38396649461745835 0.3635374461085266 0.3909769409692572 0.39855278768836455 0.45116260222506743 0.4742381570506903 0.41755775801377804 0.39944176026931805 0.4000073619120892 0.3896412667019468 0.35671954343888385 0.3873590944210065 0.38225348396838005 0.38638868585249725 0.4031599213004582 0.3949204969966131 0.40201953267421425 0.41628223460646935 0.41348982762374487 0.38511927807804963 0.4334163698653914 0.4453860232242837 0.46878211427449273 0.5142210222171866 0.549909858227574 0.6199402005443283 0.6252226155571482 0.6620451000139544 0.6275742164391963
0.4941984232938272 0.4589431012513576 0.475997694308178 0.5216788727768582 0.5533701585068338 0.5670077857817913 0.5256437565857851 0.5033935074276207 0.4884116168975335 0.5255750749360467 0.5111097628526838 0.4493104253434285 0.41478204462797535 0.418134773774035 0.4110855928812156 0.36940750263321015 0.3771650594653981 0.4250190746215865 0.4412368533635797 0.4797736234726217 0.4625468555231982 0.4506024458782774 0.4187022867896684 0.3974724564905405 0.3848159809189133 0.404614165290778 0.39009284777058806 0.413857321961007 0.4197169158205073 0.3949995322497716 0.39357509681375835 0.4460248350679707 0.4312993637669396 0.4638847469634285 0.4963497926698554 0.4538347425442574 0.49468730233278196 0.5160969361586446 0.566213580869114 0.6052164423893082 0.6508686020942505 0.6468641226499366 0.6122396163123038
0.44950279600979476 0.5037394554536405 0.5091710704189383 0.5328951233531727 0.5659523573012115 0.5559722836454696 0.5204610563149827 0.5296306780464597 0.527899792426453 0.5159604973843559 0.46261462535467424 0.43882553692095405 0.4298033488165782 0.4588524079360059 0.41797785719153363 0.44050582074301936 0.43043911369939764 0.4332991143735017 0.43564538844848577 0.4284716276673144 0.46891146549727286 0.47486030763949344 0.4216714440729845 0.4342594835756682 0.43382362206706715 0.4275080482134159 0.4605250622979845 0.4254858311843633 0.45065432619367574 0.4328545500652913 0.45095513443181096 0.45354354909991895 0.48573423825974 0.49492818191808274 0.4895305743211964 0.4954048681874806 0.5138153050438888 0.5179365068614696 0.5719385551808258 0.5888034296551592 0.6285422354829099 0.6210869135513744 0.6403828448831158
0.48117268363287663 0.45399938941811013 0.4550442871119932 0.5135276575071741 0.5238179093342725 0.5522145166188992 0.5940625094379018 0.5711322860005925 0.5720406274999296 0.5232396418848627 0.47958611272235224 0.4789428810984736 0.3975498184762308 0.4642232184367416 0.4822783512380812 0.49463679256166365 0.49688384977938527 0.4846533539057463 0.4418772166260173 0.43714084422943644 0.4268183075073552 0.4713514235398724 0.47650713193438177 0.4694001242266215 0.4748714086832838 0.5115923198464017 0.5210586431008289 0.4875080943675473 0.4611831883758425 0.4843264123336787 0.5383762024299132 0.5427719990821991 0.5715493705886853 0.5665842148378215 0.5492991144432753 0.5579493547245968 0.5571310195344911 0.5387044628036356 0.5628174434597149 0.6281689597519861 0.6236777594783669 0.6012612584218754 0.5804477278302612
0.46926040197937396 0.46899392101074 0.5170663736774647 0.5260317974336363 0.5498644588098783 0.5543580989816987 0.5378426622166553 0.5589403153751602 0.5195633638215509 0.5176335740912398 0.5028362912364258 0.47290198442344933 0.4381871925676449 0.45145835733019546 0.4595206763183351 0.48590965506157013 0.4772882349789876 0.5040302285414636 0.5015148180153051 0.4565330582377986 0.49245544209554776 0.46957004078831044 0.5102361297842941 0.4790603263098922 0.502272973305023 0.4988036824149253 0.5386281281203817 0.5230495205023316 0.5272443955956564 0.5506391010064282 0.5355833240032634 0.5526593544244587 0.5990806596149869 0.5996963451810817 0.5823141935913114 0.5336265312441114 0.5373050994715007 0.6002400417233033 0.5996838064654417 0.6154588269904047 0.6407080010234514 0.6011864745438968 0.619599288745433
0.529993325928781 0.5425169096690332 0.5348766800504815 0.5264840544024055 0.4938347700563743 0.5094045927586804 0.5394434623492308 0.5614485538297046 0.504974529712157 0.48897856259937195 0.5056065214843813 0.48238290585634236 0.5334479459364185 0.4822843330360991 0.457515650357442 0.45316602576326426 0.4683752141165746 0.4604686421684991 0.48069197928378227 0.5068834131498009 0.5101140977388641 0.5257068133067847 0.5420585971381064 0.4832782176806951 0.49106311359077687 0.5476616955594924 0.5713175201973738 0.5400387735144476 0.5768326861813362 0.6114231144477181 0.5823020371258459 0.5777681069991799 0.6405372396749665 0.5940576493516355 0.5698791758939877 0.5454549078116463 0.5349255838263752 0.6149686913194528 0.6200141150011729 0.6379337405870916 0.632024679878893 0.6466473198768985 0.5808438064214515
0.5417846087687254 0.5197955205975754 0.5239993489854462 0.526587340570143 0.5193748266423893 0.5192915055341523 0.550897830196983 0.5570363800594857 0.5233942562855443 0.5249989102777125 0.527249640995875 0.5386994586669893 0.5775598796154535 0.5587248293783857 0.5238696088698762 0.45833840590593805 0.48018928123137294 0.49420435467905116 0.48841121657366504 0.5164237351341374 0.5660671683525783 0.5511707369544057 0.5420000786232557 0.5053334010323537 0.5440025366612246 0.5825903848073349 0.563439721042907 0.588639316259332 0.5756500090458851 0.6099321852951104 0.6427983419528454 0.6357006296786096 0.6367458997364768 0.5828466743990519 0.5847125364146655 0.5530994616471706 0.5911427345870026 0.6230303349339753 0.6113143210546601 0.6339763944505331 0.6676000304722212 0.6534856386486081 0.6497480086277401
0.5496712798577862 0.5465529853282918 0.5933785655523435 0.5833648924428475 0.5754683670205618 0.5641369414694694 0.5794536038565207 0.5546573057330346 0.5655213647487138 0.5214799271157958 0.5417008649011101 0.5400325212489908 0.5884384033820586 0.591047950981741 0.5611896462466566 0.47757301496381577 0.459029985059788 0.48534046729577046 0.5147240997272207 0.5458625078434604 0.5565648085312024 0.5502124009279301 0.5144802219991499 0.5526124134586353 0.5208138595008827 0.5729024471164502 0.6276460620312504 0.6454210489506096 0.6371141441506611 0.6544564623388399 0.6532355376067405 0.6561811829666182 0.6181718725764517 0.6149178748434172 0.5712651479631428 0.5845447240818995 0.6109363965184067 0.6694366222450262 0.6796011252505311 0.660094116088447 0.7237574634254367 0.7134689284007363 0.6664659711993705
0.552027417355503 0.5478721887661914 0.5659275739066993 0.6013937106513605 0.5895919386716569 0.604644287466063 0.5840213535840705 0.5661047131147898 0.6068097342296983 0.5662990888057267 0.5531187795830698 0.5648344567649968 0.5990753158917209 0.6127417951771025 0.586807789512775 0.5478097456246808 0.4781360561356712 0.4931231080785582 0.5322264929377578 0.5492859226684588 0.575129336192557 0.5829735565608244 0.5523866232809612 0.5900695020013151 0.6171450882114345 0.6165697605746985 0.6275033364779901 0.6348989153804399 0.6323727764819512 0.6523394354919838 0.6186022569974188 0.6506918800351613 0.6189693866351277 0.6132151638519784 0.6057154851437525 0.6311517419542022 0.641227355790086 0.6518593992701677 0.6230657455867479 0.6505030676156781 0.6820410701396505 0.6997650171697963 0.6874292642327128
0.5869666034682613 0.5971745137466868 0.5726378098588735 0.5629089864492773 0.5777803489677493 0.6298088171609139 0.6428976383612817 0.6254775740756016 0.6054504297630373 0.5874317967221728 0.5910015026551912 0.5988843258106027 0.5980902077155008 0.5801997009493606 0.573119689483935 0.5231876100463783 0.512760650197629 0.5134832255066604 0.5802735331395178 0.5850359551344726 0.657913449792126 0.6107284525720637 0.6004645856100977 0.5895976511134554 0.6264105601948965 0.6208146469679456 0.5989186748702283 0.5840302592724994 0.6243074973986391 0.6564488267341053 0.6430928034883026 0.6672855314700991 0.6507266135388416 0.6201563779189351 0.6566014255190612 0.6588162802995599 0.6198082760960653 0.6306576829849246 0.610371961269569 0.6022642918400453 0.6267699095679048 0.6731432074966415 0.6517396260719829
0.5755835734220944 0.5543781746235754 0.5918530677236871 0.57494243129129 0.5662009731453014 0.6076552295302265 0.6428566094780926 0.6586277427574493 0.617476254174209 0.6096624039566831 0.6019204479234505 0.6064908359606739 0.6709708031803836 0.6405182896231115 0.6089281541784547 0.5505408867293395 0.5797907345238142 0.5946401364694587 0.6330397761976976 0.6800132181073937 0.6928554797172644 0.6529813477759567 0.6498832209664172 0.6282603063800208 0.6307384305143857 0.6020439523967684 0.5653695874059643 0.5901453051460485 0.5850425358697632 0.6250476457392435 0.6051106427490315 0.6389554866424431 0.5998913233428028 0.6434699318392313 0.6585721966172868 0.6783405004707229 0.6863699573670226 0.6311243008916217 0.6257865204731051 0.6109562797103252 0.5954023583171604 0.6367962680621194 0.59495315476932
0.5577458151058275 0.5435680851758004 0.6245060059441873 0.5928962944409596 0.5966296411558772 0.6296766138615604 0.6659007033771822 0.6689924641619709 0.6604799163517716 0.6387776690297945 0.6207912170823454 0.627590466459062 0.7163163974410915 0.6789669136085319 0.6158795288148599 0.6206517020154566 0.5807931096014881 0.6544051817863609 0.6731337459262613 0.723387621353127 0.7070187774473483 0.67786398593563 0.6656891872688324 0.6482369969532481 0.6140035741440175 0.6361558851429425 0.5948819963523913 0.5974034341023867 0.5808265716766787 0.6059111448020039 0.6217540235338068 0.6344004569523097 0.5721591531330975 0.6251323903797376 0.61261871646849 0.6960704796941749 0.7024630351348177 0.688680813568751 0.6744901677862433 0.6259082545413841 0.6021046143254838 0.6091132303153729 0.6034232995975424
0.5092419002057434 0.5302267128441255 0.5887048624739183 0.5975920395318084 0.641189877105459 0.6255338089572913 0.6439119747796259 0.6263528588169465 0.6634450540335041 0.6700501799369397 0.7072224452975899 0.6946714301489427 0.6753435431610787 0.7131033632442398 0.6968704442545747 0.6661987827274503 0.6832865488161378 0.6973167720497074 0.6896698722585192 0.7103434725479526 0.7224498969957543 0.7630112594380275 0.7021581281066508 0.6587597411411669 0.6615762052616979 0.6312065086951637 0.658642140723603 0.6564937209413488 0.6264243448777995 0.6398155045469406 0.6377056144767482 0.6376346421399532 0.6030499758850728 0.6060457452245782 0.6487512527094407 0.6785498145192389 0.6385667892535253 0.6475180333819105 0.660539744429658 0.6483609191094689 0.6239391057193472 0.6062189086380428 0.6265172220235516
0.5150790179847552 0.5286129430205015 0.5533503433921916 0.6141487362932052 0.6228775414176764 0.6171033868204304 0.6388175169543321 0.6060727023088077 0.6281201499305852 0.687022033469581 0.7356463197599898 0.7093859676461005 0.7032205767725037 0.7251746730574175 0.6951684987147696 0.6876555804784357 0.7090903948703022 0.6999720128344298 0.7601549356989977 0.758843644063844 0.7911514036037236 0.7795369750156151 0.7718558212984006 0.7206977478881893 0.7108359971121262 0.7026625378910771 0.6695719450014754 0.7026369242369922 0.6782260965371997 0.6426801458297837 0.6306214025799267 0.6439635719402425 0.644747923337697 0.688303894785521 0.6869647761053833 0.6628367840879001 0.6453645426235638 0.6203977909438483 0.6380838236784331 0.6770541720809559 0.6434274214452944 0.6593572724746309 0.631060599065632
0.6046860511773002 0.5799736479876543 0.6069461800271422 0.5847385462086855 0.5956843082865271 0.6400410207778485 0.6141289354573587 0.6313507499475397 0.6260230417583142 0.667600921636982 0.6841440294474339 0.6842955571961663 0.6674933767098306 0.7136929277782111 0.751441622485559 0.7513361587295891 0.7388433526624886 0.7492760507214876 0.7905844959410141 0.8026854694234102 0.8080571086814228 0.7863375124102701 0.7500115195567113 0.7566056233655155 0.7784273744321755 0.7455932628745464 0.716226167023346 0.687759034806688 0.6812813738516728 0.666497552500796 0.6869729088166995 0.6659393909485131 0.6761016768424641 0.7201760794455472 0.682175825693098 0.7075186592757491 0.6585547344124669 0.6363454497147781 0.6574921571508626 0.6526002333748027 0.6727033822742255 0.6885589581103283 0.6956979565406476
