Raster_benchmarking/Raster/continuous/raster-235.asc
NCOLS 100
NROWS 100
XLLCORNER 1743165.9217367386
YLLCORNER 5469283.689909252
CELLSIZE 10
NODATA_VALUE -9999
[rows 76 to 94 of 100, columns 42 to 83 of 100]
0.6447103846139516 0.6380454437364652 0.607540826790445 0.5871187161242877 0.5025443256477798 0.502240535724539 0.49693872268849953 0.4644203080692007 0.46781301451209883 0.48372465088343597 0.45155273335389784 0.4597694256401923 0.4298410890926205 0.3965394072163227 0.4454995256536234 0.41548121354624373 0.43297450960983447 0.42503778487488514 0.46349017492193006 0.44428661107804807 0.4878227832798814 0.5291143024086563 0.5018802906955838 0.4963359890278532 0.47932311850273807 0.501253185585773 0.4821010894244245 0.4958192221886688 0.5457198868637415 0.5740175116190753 0.5906199616928941 0.5584238001291202 0.5585916861280884 0.5428984243126493 0.5601572821562755 0.5827398092760075 0.5214631524800744 0.49002021014981745 0.4723021608406279 0.43669162492952257 0.3627548315355205 0.34514731787039077
0.6705268009051306 0.6465647834018817 0.6337548968092682 0.5884946933691175 0.592013860973952 0.5577703209790624 0.5022729544903258 0.5076987386293494 0.5221917092713579 0.47469120150120725 0.5069379011321732 0.4659239519927812 0.4679424948337589 0.4573303123985539 0.43492540996243184 0.4088644661124465 0.4147685624048384 0.41197992614282825 0.418474966393226 0.45968164612043505 0.5326047393484147 0.5467456153383152 0.5009948273265683 0.5217866924395559 0.5307927896352402 0.528795921881672 0.5320000692150143 0.5531940674788749 0.5308289651277032 0.5746999324709738 0.6076918528650649 0.5851119883757778 0.5746895980161655 0.5757214316654652 0.5967840265248536 0.5646728897385876 0.5296637787318246 0.48545125642979237 0.44797847157262943 0.47088729726499406 0.42205443433756334 0.36466305418983713
0.676978011801577 0.6231332536716221 0.6031687614719673 0.6455642327752422 0.6312783152935665 0.6044124698834122 0.5570493724320693 0.5112240503394266 0.5186204537190771 0.5034273961199931 0.5178066361632684 0.4919158049386643 0.4675458724339645 0.4892083139248429 0.5039715687505147 0.49121726321250103 0.47997340923793225 0.42879247576723434 0.4434227787825952 0.48423987491592047 0.5147917793784534 0.5726605789099782 0.5420954874236465 0.5080766009100846 0.5112913247992761 0.5438725310333037 0.5282884148585363 0.5758456617072857 0.5737592288335299 0.5560028790083303 0.5704721524980064 0.5506683448586539 0.5476142631992704 0.5501611073443385 0.5871457057749522 0.5973206110126479 0.5572350510090374 0.535879799905187 0.4858491128156062 0.47385555036039384 0.45093038350542425 0.404994125641729
0.6568888181980815 0.6573201719248656 0.6144599753616108 0.6345898270937522 0.6681695432402565 0.6498653485030439 0.6212258793699535 0.5853196582414266 0.5507452004058943 0.5694635952721755 0.5609791945149507 0.5038510532660241 0.5076457197320694 0.5282733701270662 0.5451543709234337 0.5193330843662172 0.4784795311833196 0.46514474206508427 0.45477371242267983 0.4883782979017465 0.5437642269063666 0.5632523304989968 0.5731782211853519 0.5487618991703339 0.4961717678289828 0.48952274857268213 0.514159340969809 0.5943827503659549 0.6098472353588312 0.6032906208046602 0.5432025059845866 0.538882366026856 0.5559110074625004 0.5451638395363689 0.5831852645624476 0.5827376786902523 0.5399299210012568 0.5459055588678156 0.4557600240677153 0.443717694562026 0.4593283080951514 0.4317584583612788
0.682629287715218 0.6989490577800339 0.6466187299977263 0.6551459571332928 0.6485753429745025 0.67345042519393 0.6392291542628873 0.5886727939485321 0.5687780392224598 0.5935279005675735 0.593910338238294 0.5472645094701062 0.5499054334323948 0.5613120291453604 0.5579991558936035 0.5226842382260424 0.4962653053955201 0.48920261494798917 0.4930488247549114 0.5390065702630833 0.5350438323628538 0.5571742218299174 0.5822197472755626 0.5617440002216924 0.512595504308716 0.49207140469442034 0.5546171472509847 0.5997302455282523 0.5521645310477878 0.5684678435042381 0.5448286772306095 0.5099946640131666 0.5030574443105027 0.5075938541852154 0.5639745169385616 0.555930018995769 0.5138633566737912 0.4911275889249867 0.47135027337654933 0.4946706889632811 0.4680861061349716 0.4614747041080429
0.7391292649082246 0.6889566117934952 0.6800186963231483 0.6877288619632733 0.6975774605031166 0.6545242728053939 0.6289718387308597 0.6268804769163855 0.6234767514674225 0.6116112415188172 0.5958854433462173 0.5884733551279446 0.5836774069288965 0.5943225650132619 0.5853928291805296 0.540659896566299 0.5141855927897453 0.535902044604181 0.5217285240692093 0.5488756231639118 0.5517072739271591 0.575362976092982 0.5902939950048626 0.571121290468468 0.5812720455526792 0.5342929571913764 0.5853375909985522 0.5750279859775974 0.5396024965713546 0.529851088581829 0.5503499507594235 0.5041416573327473 0.5061839981041368 0.5158958199409059 0.5138539474685234 0.5213142675426456 0.5037301758236933 0.4748496064028016 0.46825506431187125 0.5014692082428812 0.5058376512410077 0.46579745786544646
0.7022662162154145 0.700105078974122 0.6901472663845398 0.7190792064908452 0.7413301637500973 0.7054407177360921 0.715931239672376 0.6961303077734201 0.6775498631600924 0.6276985405522503 0.6453655125419173 0.6318263119275284 0.620429100063233 0.6325639327958097 0.5969346872522472 0.6067062807057957 0.5963928574649328 0.56643153050555 0.5693526022309459 0.6216624738809365 0.6174075252280864 0.6250369389159212 0.6462538738804386 0.6402920981107788 0.5993157864095704 0.5844085839036424 0.5921016415957516 0.5526188091200487 0.5194775324914597 0.5311065437024817 0.5323702106888046 0.5325327580824076 0.5510916819601872 0.5288270932664803 0.5206064657691413 0.4632627321409065 0.4613308602546245 0.45182536308377175 0.4783279815943822 0.4943574601130597 0.5108114754653195 0.4894939959057702
0.7386199153937808 0.7094367060819141 0.7761883385570052 0.7970092665663581 0.7945727546227146 0.8091025819828757 0.770712790979887 0.7681698493687926 0.6977402455168995 0.668975842824456 0.6667957912970275 0.6778135260044867 0.6265317265257362 0.6049986895328799 0.6143847263882454 0.6150585175013443 0.6343125729233672 0.5843946293929236 0.6239030343767864 0.6700354639263927 0.665602509870674 0.6815809713071245 0.6557755318034616 0.6725262223497773 0.627902942219818 0.5914240434949906 0.5642146007810978 0.5564188772597342 0.539115430204934 0.5132203884776227 0.5513833290864766 0.5517847866111164 0.5564941162034139 0.554582465819672 0.4972832783619005 0.45991789621737933 0.47038248324013 0.4612272209959039 0.5025878648187208 0.5068546980958895 0.465272069810577 0.45701905240940127
0.7460301269424334 0.7457366807412029 0.8111067268246983 0.7908022831824846 0.7886697567584954 0.7719057632803858 0.7885572590866315 0.7691263467093651 0.7685843756234404 0.6986493465413743 0.7005305894769941 0.7169172378578363 0.6638261943998871 0.6246501904333709 0.6398902478373751 0.6596797129159605 0.6388049113905875 0.6265286524576156 0.6468576584004646 0.7142283305698136 0.6843035002295185 0.6845019797339859 0.660352756511542 0.6186041083883442 0.6236285215931624 0.5972766784572789 0.5981064903707264 0.5854000154296757 0.5668384368994728 0.545324196897543 0.5709260303993563 0.5366440713598722 0.5807561965808224 0.5664293833113593 0.4928731738743674 0.4587242001130874 0.43949526727198573 0.4636105180215823 0.4592361837961613 0.47984079942264 0.44624657622979763 0.47306650909480247
0.7699381352800996 0.814662956950379 0.7936465957229404 0.825861420645575 0.8159437634826726 0.8061406261996403 0.8103919499786003 0.8051362578051272 0.7728111596545426 0.7220985343362343 0.7151417991936839 0.7365895840402572 0.6984568579741333 0.7098713284668656 0.729979630331281 0.7485397490419341 0.716505754642023 0.6938024398794634 0.6943993681673104 0.7320149131962622 0.7269444969984535 0.6986779620727863 0.6631957670510921 0.6423131604107463 0.6216347808055226 0.6055632984629169 0.6354132782337469 0.6197290674566442 0.5818470086906518 0.5701854571955215 0.5618411830750331 0.5283621845964718 0.5854059847725248 0.571961262172603 0.5354380538035424 0.4943415107160034 0.4417071974120903 0.4004068461719752 0.40364730151300365 0.41764302211368737 0.4096095217488022 0.4572788566608877
0.7843600668016598 0.7916029732086107 0.800447198176867 0.8261620956462575 0.8102099356410362 0.8253233189372171 0.7985395028249788 0.7950525582830189 0.8198074948490576 0.7966269162246308 0.7931933217384127 0.7534868599947018 0.749008223081849 0.7448961649582185 0.7458184669636617 0.7401415597598285 0.7761071692228141 0.757939545603325 0.7199650064514048 0.7101527011702958 0.6925575960907036 0.7307259408915934 0.7121319729800552 0.6702472474688302 0.6428853679720932 0.6278854568847719 0.6511194908070518 0.6213109732179853 0.6290463202329053 0.5880635928284077 0.5655302151194282 0.5587715696213593 0.5489769260705931 0.5901045282894337 0.557209346440537 0.48044031996047776 0.40359421358435227 0.41555838759254554 0.38802841686003714 0.37424950848902566 0.43210272358409607 0.4464638060350462
0.7911599213242767 0.775249769873607 0.8169977849122456 0.8258872094720244 0.8062838413256412 0.8125029687021363 0.8094906597640469 0.8336556787635723 0.840393893828396 0.8648962787298751 0.7933356362055525 0.7910319600109234 0.7832250571512855 0.7982643681934608 0.7645362044472621 0.8140162632669689 0.8159008283145218 0.8006801862360857 0.7891927746824648 0.7556998355368275 0.719153329304077 0.7045803542673245 0.6956493325296923 0.6858211091096663 0.7080176939263578 0.7212724156961692 0.6578380889669843 0.6160775396868738 0.590039594205085 0.6234402656668641 0.5671074974851196 0.5489884415990282 0.5791907871515504 0.5849196636497099 0.5318307663584122 0.4627883529895675 0.39241865002844 0.3797318103479126 0.36720939763980415 0.3639115272521218 0.37718493373693784 0.4260889125503983
0.8231909813262688 0.8360496727663878 0.848361612515588 0.8556584079672224 0.8543613540071296 0.8339628728284352 0.8247843154492046 0.8669154403634409 0.8601172463414342 0.9024582219957452 0.8417318503764367 0.8310504829322706 0.8394362775974882 0.7992519469025302 0.82284384625033 0.8261373717875556 0.8115866221701727 0.8121760804735969 0.8228958065064996 0.7784807975596981 0.7709995221356153 0.7351793027730336 0.7430696501995459 0.7506606156314867 0.7748679178397978 0.7442748225587466 0.6821549148797358 0.6732410201991558 0.6137550902515009 0.6043077037255249 0.6142515936837344 0.6183886307556619 0.5965890176431533 0.5388203431924216 0.5018892813626101 0.46500221528147667 0.4250362048471674 0.4296198636573978 0.4088966799815311 0.3786403984431354 0.3986297542476927 0.4476458965145275
0.7763537609729481 0.8164453946482189 0.8633615197153937 0.8544077398276375 0.8541103422799261 0.8275225646750026 0.8501980667779608 0.8920459227013222 0.9291722210729711 0.9317874945295865 0.9250673295911667 0.8777867574352815 0.859412262559032 0.842933425186811 0.8595808826712802 0.8269238164134306 0.8033036102651424 0.822053152022965 0.8609066869812816 0.8423284324715681 0.8146190572415126 0.7377854978855344 0.741821149234878 0.7797413272914488 0.8105132788020721 0.803282750560559 0.7403858649812743 0.7015176164400766 0.6543340029612565 0.6279672959798802 0.6104929149465842 0.6164156684470775 0.5819121038460977 0.5132334682682563 0.5247701133763615 0.4923428091191863 0.4156350604819558 0.4334568836109744 0.3986876862691037 0.4403675596127227 0.44919901182880906 0.46614142729254254
0.7912073778124302 0.854906050002564 0.8343544187262181 0.8657026890428696 0.888400051721639 0.891869281010766 0.8756415569090675 0.8871231720346107 0.9255040855975422 0.9126746492510955 0.9521521035456643 0.9206347013458438 0.8936815455246311 0.8671209845421878 0.8660295000316246 0.87716317120931 0.873224561910822 0.8561617430215479 0.8660891104696732 0.8228586824807963 0.8104282835269314 0.7931230684447255 0.7749022277129254 0.8059414310050546 0.7931628635318786 0.8232625143218808 0.7769618177905956 0.7248668967168023 0.7075523514977673 0.6498899778756972 0.6529024760726828 0.6246410665930614 0.5760887969589883 0.5028330511295512 0.4824307249701628 0.4700493925585106 0.4306303289676222 0.4249937478413279 0.4029875202021217 0.41284297635047373 0.4583497336482449 0.4635412854906647
0.8335551442573476 0.8571719657985325 0.8484452138311167 0.8979092035128869 0.8529168396296517 0.8861298727845396 0.9286190581105005 0.9448840233323156 0.9506640413861368 0.9417112315817474 0.9712576837741854 0.9371345298734437 0.9121576479947895 0.9558881827168131 0.8707283885328388 0.8559161408758155 0.9031499808886668 0.9144463125611327 0.9149938339398009 0.8902897983794326 0.8140643479410109 0.821589188901219 0.806477462278908 0.7617981186583936 0.8104452819314288 0.8272955024763945 0.7730137275530103 0.7627636541582747 0.7285017506372294 0.7160580663502117 0.6311921123357334 0.5743946377774249 0.5477096480866153 0.48158345630615285 0.4983645082767074 0.48729913842906714 0.41167249408161327 0.33744279640156066 0.4117810982775302 0.3926693368644061 0.44203694493387663 0.42197012797656436
0.818432299023765 0.8563663012977875 0.8447792702257725 0.8767243373071271 0.8439924666410151 0.8531031235488692 0.9133061862000781 0.9153644194688205 0.9126925545137335 0.9451996221124686 0.9594939910867709 0.926553140800959 0.9564772166776023 0.897800235173363 0.9075873133126315 0.906598533873171 0.8922877308958204 0.8865852308141853 0.9316531029356467 0.866870820011968 0.8387275606661906 0.8125631841300737 0.809981803666745 0.7840246899841862 0.7701367560248137 0.8196079522327844 0.7765178013960045 0.7575553098412485 0.7361299850659614 0.6726364423216061 0.6253548243614286 0.6070970151782413 0.5321147426922697 0.4809732352954868 0.5058008479948065 0.44573275277490176 0.410567642210293 0.4045551626178952 0.40490680514240407 0.3962474302282273 0.4140350552256742 0.47689979923075543
0.8229191102498005 0.8696124914115363 0.891204856247031 0.8442302583961467 0.8771720821879723 0.8647342446904395 0.8723605059269267 0.8652920917750294 0.94494492771919 0.9615882025779786 0.9604581110343281 0.9606770599868923 0.9229943955460751 0.8717524689283822 0.8933689358365698 0.8706317117542337 0.8753711567838645 0.9216590005941651 0.9140338492152801 0.8988148128318328 0.8448000971091162 0.8470082079380967 0.7825799542706157 0.7693358466342156 0.7935383149098423 0.8174850100569789 0.7862748355709699 0.7630989366364187 0.7380620980271381 0.6561910482786734 0.6533830334133401 0.5875030896850068 0.5230187394844135 0.4930401237581959 0.4798836189746696 0.46046262194989 0.4041450379558751 0.4079314158925487 0.4442899324245274 0.48295014587669205 0.4854691240874039 0.4812311000074447
0.8319544082315138 0.8639703260882514 0.8835429627112004 0.8732538708139302 0.8732771702793503 0.8618547834421311 0.8484140345428682 0.8855966005902474 0.9186790788668664 0.9292356034241019 0.9548653707651479 0.9132323563828403 0.9117192128935847 0.9003819618041217 0.9188213116915728 0.8977511208084946 0.8967722344071426 0.8791474440306506 0.8750703263042829 0.9109591013390532 0.8866234910232901 0.8324638979727395 0.8027751805833959 0.7563496952849295 0.7915105313534213 0.7442561733332707 0.7342492255129238 0.6903533375948532 0.6758369842923719 0.7027566471271501 0.6521022019761481 0.6143160476047702 0.5658503696520569 0.5179475801888819 0.4611307986344347 0.4439764147188254 0.4528374548658047 0.424695450930215 0.4617562862327829 0.4496416913143204 0.5032070555788846 0.49886113218944234
