Raster_benchmarking/Raster/continuous/raster-418.asc
NCOLS 100
NROWS 100
XLLCORNER 1743151.607676742
YLLCORNER 5469284.9494179655
CELLSIZE 10
NODATA_VALUE -9999
[rows 0 to 18 of 100, columns 43 to 85 of 100]
0.46139673026413974 0.3722072007593333 0.32778342848673964 0.2714439160548683 0.27907184602881524 0.28279900858437745 0.22624680582623835 0.2292523626313548 0.20367378037281345 0.16539631246670616 0.20344148956182526 0.2309765530089394 0.22301406708261323 0.23985947769184268 0.2960278721012089 0.3578736891585286 0.342136219503894 0.33296738560130656 0.31839458027599665 0.32499476821260737 0.3432037744375668 0.34708875168842457 0.3384603952806842 0.3369403290958322 0.36630071156172084 0.3912805740286666 0.37119958441172984 0.41688761081823467 0.39874670583356 0.4106946058779145 0.42623292176792893 0.41141168087557356 0.38082309542862003 0.3703965153640041 0.3647804288080371 0.37627932033899214 0.3873830750957449 0.42796822009069213 0.4206023317120331 0.4571547718546472 0.46178937922545593 0.44531971783268953 0.48347432113791516
0.40666325443886464 0.3469527096268055 0.31152038101202134 0.25003892684038687 0.28022197029641854 0.2550896539755202 0.19763969639263015 0.18183553361904317 0.20641535996607824 0.16979624863679182 0.18261255344981048 0.1831140679167247 0.19168975013899642 0.2454774411807113 0.2527688281745176 0.32195187477328513 0.33402947349863465 0.3038522261044153 0.2995589580956586 0.36680178822230014 0.3062802102802835 0.29906047468101304 0.3120916808447942 0.287241769325963 0.3252112237726276 0.33293334318125056 0.36241158574489346 0.38170055426197735 0.4047704406263815 0.4005641123649923 0.4412416004473226 0.42564282493176125 0.38483801306823884 0.37780534903659757 0.39133618972976786 0.3793019820957088 0.38421486683299305 0.38649759748064 0.4432104259263969 0.47823439715441307 0.45363970786678837 0.4397317870640607 0.47240915109339365
0.37535082843804635 0.3567865815814123 0.3054187363211051 0.23781562816615553 0.2664570942997846 0.2681327111757286 0.19807195564245111 0.1596686863586053 0.19983141503834045 0.1916383805322242 0.1905424484230081 0.15598036710590446 0.19588948676369106 0.23447069002452206 0.24593254030842204 0.245732067458514 0.25900461894528615 0.2916045992614484 0.292128257398874 0.324622927776762 0.3143886245424728 0.28682239073926913 0.22913007325343757 0.24347126611368725 0.25149442105493314 0.2739153789489156 0.34063301330639034 0.3913298792418192 0.38154524602449524 0.41869092528747354 0.398341982945382 0.38847922401790996 0.36887553314631 0.3855274940668236 0.4081022334201642 0.38320757961221386 0.4102801422760464 0.41620659515776287 0.4281062443424788 0.46023637584482435 0.4461268754910004 0.427525620129692 0.4127553115562934
0.34645710957648906 0.32808883350498863 0.25506602150269025 0.2367879603322012 0.2384320136066237 0.23486020274757338 0.1763048579699742 0.15750437092022634 0.1828606787561531 0.19362545430587214 0.20283164890192246 0.16202565111225878 0.18470014315091454 0.25011847877366694 0.2679000504758921 0.23123839945806726 0.2676446673031234 0.29235707257335036 0.24018854267215323 0.2413553890310154 0.27701827862772865 0.24741805026509228 0.19763111099974665 0.1877430551346179 0.2127552146513389 0.2537512554195245 0.3013760472280996 0.34919932830219264 0.38205960087900737 0.3734135559907237 0.338398449008514 0.37743839724779177 0.3580479391301371 0.3401409640528178 0.36791342076716516 0.42051188485878194 0.42551219198230394 0.4582400022803792 0.4542891837821538 0.47534069427817655 0.4322093145565492 0.3977870909552113 0.4353688977882341
0.3437301065833292 0.33217039489941763 0.24571880447245129 0.22055138058348034 0.21829797745675567 0.2516063674743079 0.23312818391888437 0.1738905375331357 0.16967990207487363 0.21003219661984723 0.17739778826478547 0.16859930725685923 0.20900669005750255 0.21350031119021282 0.2335344914576308 0.2025610691618062 0.19911887731766356 0.24684020625994915 0.23883510862038201 0.24384406555821128 0.1947087782505412 0.20289775985383077 0.16816582640385905 0.1414996373073831 0.16596640613860525 0.20677914761586738 0.2397733333137061 0.28060842187305146 0.3172219950224266 0.32782383995615766 0.3197585474985356 0.3665251475362475 0.3505738196516015 0.3702830253764002 0.38999774563887224 0.40850586850576737 0.41609972372056947 0.44995848643984754 0.4290286890665738 0.44720811121707665 0.46337005571795864 0.4043677069728573 0.41339159240369544
0.34922360122951274 0.31117677698634433 0.23225556301098954 0.1874888145304069 0.23359669850860032 0.26309850909173543 0.23908138778424387 0.22173427379147578 0.21242090267106006 0.2073112316706541 0.21181229221956252 0.1527101523553248 0.17922001854301442 0.18504807977828056 0.18764341151281827 0.18027018678229523 0.16310426318435442 0.1860200305048697 0.2184226942087037 0.19451586326671022 0.17416880625727074 0.1609384082840352 0.1681835245396189 0.15227803973677284 0.17757170109399964 0.15926454608499552 0.1858524427938283 0.208071179310158 0.23765761700076107 0.29870556441263496 0.32563085730974606 0.3023038957003147 0.35631014265869676 0.3835685178902249 0.4107845543719312 0.4110825367079568 0.4405465501860385 0.42747584031869795 0.4502546502483333 0.44953118393962693 0.438824474488727 0.45033242739501883 0.4467998903523054
0.33411756024588124 0.28336260365435717 0.24895024249719241 0.27886942586405 0.26948525378391797 0.2184234847009583 0.22129622377443176 0.24039869332555516 0.19440772303911788 0.19743078207637874 0.1982117376536523 0.22619813861755514 0.2123898280025183 0.1641657057866145 0.17254213784285313 0.16642933059980153 0.1605840273028405 0.1411769805747748 0.14482990713352023 0.16911058685178315 0.14995086228634863 0.16380809494190815 0.14965323044948503 0.1392126673924587 0.153815921702182 0.1759055537264525 0.2102530222444614 0.2399217866692087 0.244195891176014 0.28770878182087783 0.30962119536518046 0.32171683499743187 0.3634982575907432 0.3499373179204904 0.38829019769014206 0.4236702758883831 0.4328513202480773 0.4136029071976447 0.4405599527840374 0.413394204270317 0.44926709315741287 0.4100779502207367 0.42027380333126035
0.30890733814049504 0.2695471711761415 0.28231535321698553 0.29437345933626224 0.2813105779767488 0.23354777640352842 0.24819164414934505 0.22652060789636938 0.21932783010820495 0.23834848408720657 0.22752257264713216 0.24771905073169764 0.2097775356973215 0.17199589184617722 0.19206966419730848 0.1931620516734213 0.18703859082764496 0.12046502253939284 0.11244266688166912 0.10824370052700484 0.15380766414214533 0.1624083923871656 0.16269823260232455 0.19600100047292804 0.18475726841607096 0.15465916540686064 0.17087500879962814 0.20323189897945776 0.2790569771353334 0.2982457514811123 0.3113017680738913 0.3510782625893733 0.38470003328837293 0.37037778125103443 0.3756901126649898 0.40245338296008876 0.42185546383252054 0.41318601871620014 0.39693397493074095 0.427987056697552 0.42482725127893645 0.436962339463817 0.4595047877769875
0.3357704446915548 0.3246157060935065 0.32653332827179904 0.3174588242644924 0.294440680368808 0.24240414893676104 0.2471978560184755 0.21713217969785956 0.20544734695175937 0.20382372057269918 0.23996381584931747 0.25736620410176125 0.18252967752554414 0.16767666082035276 0.146417903576689 0.14593422279554794 0.15337278136794932 0.11719330247977756 0.13304314803391046 0.08826321248867282 0.11990841214565878 0.12821328432135984 0.19827820765418916 0.16193375306020374 0.1561132336734195 0.17871552317652184 0.17479453534161163 0.2585299034270818 0.27420271486293696 0.2729922766879372 0.269726412651692 0.31313214592243843 0.3484020336661451 0.3227693304691824 0.3423624076565321 0.3571145181273021 0.3573753180916249 0.38524540133576496 0.4240958269389703 0.441934576316181 0.44166626941782566 0.449070794703932 0.47732430935045644
0.360380095271983 0.3214588496565241 0.3063519240250691 0.3399976903542738 0.3115092111224504 0.29107798381940947 0.2376638831918755 0.2080431331320131 0.22786113591302629 0.23142247935618313 0.2439065025788269 0.24015419947253994 0.23794414376303344 0.16890062804095535 0.15535976157674147 0.15286944213816542 0.17184804997188885 0.1727935217747133 0.12399532556062835 0.10076826699413721 0.11241052425521648 0.14819850346903474 0.1693393729950824 0.18652015020048904 0.17553932489415422 0.17201155948079458 0.1861957702960021 0.2741143456541669 0.26908151539556285 0.24156606520841659 0.27506684375395446 0.28145110961526587 0.2837212068531604 0.3069766664687897 0.32255987523775037 0.28562898977481843 0.30629854214499097 0.36139004855209156 0.43819827697731206 0.4596199075951976 0.4667226605930294 0.4857841180510362 0.5173145298973039
0.31359085161777184 0.3349776133165414 0.34571928714861655 0.34496098699912653 0.2959333694839924 0.3157595363814978 0.2881393182890978 0.24061162324595245 0.22341142411332987 0.22882932329807298 0.24029077291680986 0.2508135734359019 0.24083552448929865 0.22828989136894745 0.18874582701033898 0.1415585889889785 0.15637321615057195 0.16110083610848894 0.16886888097921374 0.14900791318527054 0.14647485989539194 0.19206218394746213 0.22106628181596336 0.22230961753150952 0.18892475701108516 0.16752088324629166 0.22894105209781232 0.2647209691764147 0.2572530539790631 0.24658244868054574 0.23618407205878397 0.27180800484927536 0.2399509022225927 0.2723882531306003 0.28684895252743886 0.28437734957648353 0.3091295821129964 0.3395835681314478 0.4248354559912284 0.412068224478425 0.42764736042040713 0.4715340274895181 0.5253044975976761
0.282593701926608 0.2884470519520575 0.32441221961293487 0.3478426079967424 0.319989129561442 0.2836353394776582 0.2863755330109489 0.27031280714362427 0.2349800104522408 0.24748952006717972 0.255459124659088 0.19821486739928645 0.21037480306286313 0.23625272189604002 0.22391507651598613 0.1808689855806745 0.1572288997603993 0.21398055754064568 0.20751361449408087 0.21429027387654667 0.21330385768618118 0.2139221536068229 0.23565088431939016 0.22962857425535102 0.19099982006217964 0.16183258038474174 0.20383709814299236 0.2467501276837927 0.23982605096292653 0.264253095527304 0.27153437506817135 0.23843504692253636 0.21708909598356738 0.24461283673643353 0.251501279435565 0.3013434630362768 0.35270912646351454 0.3771172426733621 0.41927548915046164 0.3874869819922167 0.4255393804474747 0.4835049338102724 0.5132617709350565
0.3190400085717111 0.2988135965384625 0.2957608682693784 0.3424121522061621 0.33266509546350614 0.31615208172679576 0.27832161918994514 0.24081670975026223 0.24410230024897073 0.2556341158603058 0.22975012166117878 0.21885069095959642 0.17891958441058328 0.191042592852199 0.23192805826610846 0.22933428172819428 0.19090856019407682 0.1637259481932543 0.1725142946932656 0.215167468155911 0.21797399132286832 0.20444909717079526 0.21804415984148046 0.19811911355179002 0.19813534249532377 0.17765319524239526 0.17465028680592593 0.20083389655659914 0.2039092485469678 0.25240360586801797 0.2394726489229313 0.2641624466743195 0.22225179802497838 0.2780258922157446 0.29209946994125496 0.27642549185320137 0.3312340790235494 0.38292349807786286 0.38829780422340787 0.4186021693728666 0.4181086891236848 0.45023615660067573 0.5386131453082184
0.3060518532328401 0.32434166936817255 0.32390115427410454 0.289114057997846 0.3185481452195067 0.31331364497788644 0.26986003890958987 0.2619238532763198 0.25251305697717014 0.2608059711961426 0.18730121615906506 0.16270227751180105 0.18005607014250688 0.23750048501008808 0.2515854056554105 0.2521611450974397 0.22052667454011016 0.19043178007442535 0.20064449832223186 0.188120803200922 0.23884972960309514 0.2165646597022604 0.18731322343342408 0.1980936841902584 0.17809454892409396 0.15096345784010354 0.15771494701147026 0.08557766833137975 0.13149586732182755 0.19021848430037758 0.211426410417535 0.2495008489060051 0.23297372014366377 0.24741725497520523 0.269125908107606 0.27041354284754315 0.3194057581301045 0.38284335247391005 0.4011141636580429 0.40009647425218414 0.47188715509646567 0.4796306745428131 0.5009093321578791
0.30259557608976995 0.31677062247867155 0.31331665635325606 0.28351264533095427 0.29186407901022327 0.2677884508823035 0.28415539019425057 0.24388286988624305 0.2730696404784761 0.2564515816072521 0.1755281080446956 0.20194636504510322 0.19179071998084557 0.18766770393463603 0.18675605301914733 0.17060519394216153 0.17826499625713674 0.1708201120176419 0.2168748757034177 0.19062774860972606 0.23879237796473549 0.25315602065931836 0.2067866383496023 0.22792629683354454 0.21744682391562603 0.15089236499565387 0.14733816637135688 0.12567749653851584 0.15581381549112666 0.17823139716077524 0.2276105065027359 0.2584884849210459 0.2573145026067185 0.2468664398548242 0.2899520795773883 0.30492763145065965 0.31593692783783284 0.3553444142429727 0.3960278239798554 0.4423302535521737 0.47025833989339244 0.5196020654201546 0.49748898408436404
0.23511850875966162 0.25709870368664917 0.30201172975787816 0.2955000584302464 0.24305373628766228 0.2635496123268485 0.28476766895191946 0.24514709551634814 0.22801195215163955 0.2293982277874186 0.21393969175229247 0.1659110260972257 0.1883659994872867 0.15340789188378637 0.20604063636668213 0.1797554427398209 0.21986629647921618 0.20811708749449698 0.2067956193847815 0.2016906090907832 0.2142701112246234 0.25255702620842 0.23686436943025632 0.2622720493254687 0.25354839711380356 0.19264756242131267 0.1879892183829762 0.20301486114239162 0.18705054602461063 0.20165591473564606 0.19517647136459246 0.19532446712295706 0.26239566397631947 0.26511926553003706 0.2946261701957826 0.3331003178729966 0.3753531534659678 0.3968554573350413 0.436355574681139 0.44492593308100115 0.46433125061039265 0.5152387636922094 0.5298688145524597
0.22298930979626758 0.24546447745439592 0.2642188832880346 0.24366439917615842 0.24191157128792753 0.25400233024561947 0.2329052088030745 0.2391995538310268 0.19697780617532926 0.17275157111689018 0.1972137660594118 0.14911345703109402 0.13574752167452941 0.16421458537843564 0.20374015463588513 0.20409327320659984 0.2144359722586635 0.1881594674605499 0.21615595709524496 0.25009370498735417 0.23701439737977553 0.24514283791670474 0.25299235846354395 0.23786675154203432 0.23639868748079024 0.19944413553678733 0.1641819114248528 0.20658437519389938 0.21235349965647857 0.18366942593558316 0.18639467529617454 0.22665695758192017 0.24354736109437977 0.2680878938488469 0.34739316853661334 0.3713541810144193 0.36199882031312447 0.3835655098318602 0.4391443788509879 0.4466832121397545 0.5205044314600005 0.5502710514585454 0.5356689859126347
0.24705809299174944 0.2021393434913484 0.24655263315090659 0.2113341637215611 0.21602515741630587 0.19314476865017655 0.2217066680806039 0.2020177304044908 0.20057139303509097 0.1494682811494708 0.17997807861202367 0.14903821829316094 0.1336563116182016 0.15663840541764032 0.20935507856119545 0.22781730848839957 0.206165882713911 0.21446111328842768 0.21875558791873018 0.23901556811397812 0.23126901540696293 0.2299227542012029 0.23763801213237543 0.21241727163520177 0.19921042676460754 0.19651974515347037 0.1511785080885464 0.17052245029791324 0.20134061742517806 0.207841147409432 0.22967074516832264 0.2568468584157561 0.24732374163038987 0.33149328393073024 0.353466867255962 0.35630258078650023 0.3433042907295127 0.35166997232501723 0.39796098895191373 0.4727606035776397 0.5170646300350445 0.5531382463419268 0.5774076176171135
0.254635418732844 0.2555580417006356 0.188597331899613 0.21257169524469374 0.1632132455445295 0.16444322476711298 0.20258022361333278 0.19422633342318144 0.19790731684599275 0.1877819709047071 0.17598426717662521 0.14421845516505225 0.158746983285586 0.20087406003215538 0.1817177172568098 0.18413401231917173 0.20642385319013723 0.24573235650057856 0.21342889215112473 0.20845850399782398 0.20163299842967863 0.2218740039200878 0.22681249694812733 0.21221715508480096 0.21066209530161867 0.20793818136201098 0.17678053637428168 0.18300978122611358 0.17586493749843407 0.1899177372870457 0.26325953123749685 0.2802937763249959 0.2780175024303567 0.3168635997259599 0.32133352017914385 0.3505711391438412 0.3878640243029298 0.4060433874580546 0.42470879588047505 0.49138574464557494 0.5229909024377529 0.5613665849311078 0.5612302870910765
