Raster_benchmarking/Raster/continuous/raster-91.asc
NCOLS 100
NROWS 100
XLLCORNER 1743165.853851063
YLLCORNER 5469279.008436047
CELLSIZE 10
NODATA_VALUE -9999
[rows 38 to 56 of 100, columns 43 to 85 of 100]
0.21144539088265973 0.23257720121026282 0.22996986924950683 0.26132255129379567 0.2927731922653242 0.3232680585763258 0.3825676367559917 0.35642992623876063 0.3820612152807324 0.40823877383202056 0.4094207900701121 0.4228825690382355 0.43208680049886466 0.4467284018956378 0.42362475785962794 0.43369128544372143 0.40175703213505143 0.4277708504954247 0.4210130264887782 0.42976641405293786 0.45568882788634046 0.41622125595867143 0.41094564716689663 0.4348263573619974 0.4457181981820862 0.4647127844176443 0.45455362381450154 0.48685753260027037 0.5121243073325288 0.5125709241224077 0.49592690594864736 0.5205639120972005 0.5612883264549673 0.6105522761945992 0.6397099828016289 0.6425348418991358 0.6243464027518004 0.6562808528580673 0.6817694130243163 0.6888290321471527 0.7343095094511649 0.7375672203657212 0.7813446702509664
0.22368595805396066 0.22723139269944012 0.2614680126119159 0.26597310392386 0.29396073343849144 0.31756468417232364 0.3348620943577609 0.3670665481003044 0.3856296815619408 0.40264418160973026 0.4021665199009642 0.41155290794121646 0.43783987691495474 0.4203646080559584 0.40992569703176385 0.4280501790567528 0.4091955772740104 0.40974083518204923 0.4007333037113631 0.41859746722633684 0.43094555546888375 0.423372826195973 0.43432680945954805 0.4137680666022824 0.42652750231180314 0.42860953928257134 0.4522636564509947 0.49247081804777826 0.4872442716128157 0.5137804771623531 0.5163025987090671 0.5251055595469192 0.5650650316603819 0.5767158633965028 0.5996608537373475 0.5971334454902147 0.5838146611257087 0.6172355961990195 0.6458099975409631 0.6888000872574228 0.6975661751366646 0.7215978467144927 0.749634132739436
0.2017911136576257 0.24041295760790685 0.24520079949518583 0.2895060476616711 0.31971417616489134 0.3246946054836244 0.3502902666105591 0.37086101537147165 0.3916651749837694 0.40704708469782075 0.43861599230078047 0.4408824582397683 0.42953343043577463 0.41874212467171257 0.41475565238937534 0.4015099415810522 0.40038545107564605 0.42230147224320214 0.43655247165235367 0.4326734409916222 0.4298301136613755 0.42603737248279594 0.4276926132165981 0.44424190010957904 0.42091904248111306 0.45970431988795574 0.45875144965708164 0.4882104077133236 0.4816663807555353 0.49872988206433766 0.5401054619776093 0.5498834186796018 0.5341281483343949 0.5559305788047956 0.5764575422904331 0.5789653461827693 0.5687225762526462 0.5859360614076449 0.6248010400145206 0.6665337882438244 0.660478042050925 0.666660277739114 0.6933793937684891
0.20890976464118155 0.21231459320102516 0.21984076366600724 0.2750915460052721 0.3176289395944397 0.31080852505692846 0.31130445378946164 0.3659498010380056 0.4149437855147482 0.43378073407926176 0.4306883689284807 0.44735053670684766 0.42375227869975035 0.4366629981184752 0.43932982147717026 0.42633636314047063 0.40419017668108626 0.3935676811926458 0.41459335899899685 0.4178589673086037 0.4384887801911696 0.43799313801823236 0.4545682078138999 0.4342375955266247 0.43889091305873584 0.45315575947889997 0.4662823785906985 0.4738440690594111 0.49921161429303823 0.4960478311468129 0.5243496340705533 0.5191048165824665 0.5323066764345994 0.5422335326084222 0.5733914298655525 0.573315554381017 0.5957351852151019 0.6028482944514704 0.6393112358531817 0.6422398011385351 0.6620787087774391 0.6650292241796285 0.6732571281298918
0.1747562015459144 0.1849613731445355 0.20812600316738752 0.24432442824490433 0.2860905664652743 0.27628685238791556 0.2963094543595286 0.34196858810149394 0.39006104435493955 0.42026373664197253 0.4408301383332446 0.43758267194917483 0.41424138971938423 0.40828665366182726 0.4138913482639946 0.4182844313758014 0.43003919562755244 0.403416168949137 0.3916946727114709 0.4251002268047327 0.4038433583012238 0.43090037652490687 0.43610683568040515 0.458072182950067 0.4461413657597738 0.4508265830018084 0.43981522980521526 0.44934500872400407 0.4643647503473585 0.4645326719541588 0.466483505645899 0.48027649168932424 0.509410194648779 0.502397144127317 0.5442770575841172 0.5620671708221694 0.5807792296222947 0.5944626012231039 0.6219335382299421 0.6440494568408711 0.647002184723431 0.6585869957311029 0.6289218221805234
0.1968125978862717 0.2179553538286049 0.2631581731673751 0.28143719984922594 0.2767810920820249 0.27285491225296116 0.3059739932719049 0.35363088204328713 0.384331488518774 0.3898516933373579 0.4364436372103719 0.43617805446432734 0.43701953163167173 0.39645474709110246 0.4017846687334817 0.41084120266222435 0.41275399211474734 0.4247480237855125 0.4252567282507625 0.40845233193906655 0.4337523437571367 0.43303962052685374 0.4654792245653731 0.46496766876291395 0.44473540851125276 0.4692899445669674 0.4540576602159464 0.45592161364592754 0.4625005574704531 0.480297677739241 0.4672220261632986 0.47216513917296815 0.4808859395196651 0.500428557358281 0.527366491884316 0.5162858596895741 0.5549773290956769 0.5685809011875361 0.5648777398080541 0.6044553673791989 0.607166070039647 0.6172435510764966 0.6036638443572279
0.16750685122244807 0.2071910729033373 0.2676526851977391 0.29686209691828924 0.2873120991357782 0.28613351438731627 0.28498250800262714 0.3287100472444191 0.362400879620384 0.4066195142020716 0.4294865313777147 0.442903400969192 0.42365496508044154 0.4012790554436155 0.4204115142059002 0.4361691597166909 0.4082135842549174 0.415188376039213 0.40656846928782325 0.4256920868594019 0.46066581263123035 0.45297525165805747 0.49289064534489735 0.4858718271388184 0.4392728470994446 0.4766035051768903 0.474414009025727 0.4621458026784988 0.5043403309915441 0.49172090046532063 0.47530631936900436 0.4764163920818589 0.5074891350865417 0.47332362025634883 0.47486285279699303 0.4799604819951998 0.529516729012655 0.5314237900269361 0.5208756106277381 0.5653670016052855 0.5910383544801758 0.5645470812664962 0.6013870057439201
0.1684764885489252 0.19191370993736356 0.2173398363116794 0.2651981729101132 0.25681593707455885 0.27392078172548423 0.2774489606627991 0.31069938040922884 0.3449080183150742 0.35743041202978976 0.40303094945136886 0.411642301357162 0.4223846796198667 0.41787898084950076 0.42534719687077127 0.4354895484657462 0.427470637274584 0.403036752057901 0.4315781752099521 0.42726243383834406 0.4700703262151029 0.4829704889942751 0.4845388854682297 0.4762490141921096 0.46534127767649724 0.4731457536686066 0.49381213036812416 0.4810562709542317 0.48935372370395774 0.4897628317728671 0.46845111397575034 0.49288451995178156 0.4980643241255211 0.4836625637525833 0.4931873099733527 0.47046083291905355 0.5224032211249751 0.5141526937929116 0.5271716852670019 0.5217142683299782 0.5600722987006183 0.5337378892392258 0.5378868294469794
0.2017203731795726 0.2141740245128378 0.20363489904134535 0.24712208150299467 0.27771996465036886 0.3165717829498628 0.32767825451295524 0.30138375399248896 0.34168201561405814 0.34054186237374506 0.36510942797492896 0.37966240077255364 0.39964711422705607 0.414322240924294 0.41335474706073233 0.406717730627502 0.42021672933123855 0.39601836280246355 0.41758096968839237 0.44925130510774397 0.4756738115297478 0.4656746597165153 0.5020153408415745 0.5083347430738224 0.49165347077900007 0.5012255296128715 0.47582570197375984 0.4859067348184885 0.47561564980510973 0.4572825195676412 0.4708874499785979 0.49676863224606427 0.5001972964836483 0.47709110412222955 0.47374263284966767 0.48261662839786035 0.4880920768253922 0.511992081946964 0.5183857434637075 0.501084748666456 0.5214017772514065 0.5239285498113138 0.4945741774169771
0.19052193321069594 0.18732936703615263 0.21364179899242827 0.2268393845058841 0.27136244559359707 0.3178722346034528 0.30500930700120243 0.3103424411251462 0.3307907408382049 0.3570191309537263 0.36421332809468226 0.3740613966568968 0.4142453684746436 0.43696724991896824 0.4279337560030118 0.41003767898528476 0.4303393066083469 0.4270880080844691 0.4539373593344373 0.4855540450655836 0.4777260217243106 0.48368101028577454 0.49757610654932133 0.4927887970064386 0.4893324223343548 0.5162062326723664 0.49981530309126215 0.49662631504660093 0.4517958804999463 0.45738456646582515 0.4893508427510417 0.5050636404253914 0.511657312038594 0.5185836989836552 0.49459433556248555 0.5005987591211007 0.495315041861625 0.4894500969576852 0.5065164680053448 0.4940620511713515 0.4734605947295158 0.49715825752327264 0.4592017547922472
0.16544145368434318 0.17980797743067264 0.19662689192096008 0.24669824534715126 0.2741650732472112 0.3072736570998782 0.30652409684744625 0.30158617042558306 0.3054062750052363 0.32495506484400105 0.36499689883549147 0.3931590390534887 0.40498350048107884 0.40395156895878503 0.4533186255443928 0.44506809719329804 0.4327163430582227 0.47403082067812646 0.5130245950140385 0.5104150661971757 0.520933314182178 0.48673434969126245 0.516556356616271 0.5259639952614055 0.5279352369636328 0.5209331096529088 0.4834859952887452 0.49499027904517257 0.4655537831534699 0.47698628944974397 0.46882196634460466 0.5152350336509498 0.5404954082856338 0.5338827042284439 0.5314442066108599 0.5330293929132857 0.5221979245768841 0.4809759927209478 0.47143876180064714 0.4510831521887175 0.46007572141686076 0.449920977542824 0.42876138357705307
0.2214589435498015 0.21769670990278114 0.24466506911501332 0.26669764047379757 0.2786388651200383 0.2880478846375831 0.2991872709138329 0.3228756640443527 0.344743073867463 0.3378153095903949 0.3419477002475175 0.3837875162915937 0.393125145187516 0.39748302035090577 0.40697808291553456 0.43668294998915497 0.433300490405596 0.4656888535621759 0.46925477273849164 0.49675419886286337 0.4956441106154408 0.4866067192013064 0.47954027520135634 0.5008264127915395 0.5171029308497137 0.507695462767746 0.48990635958607714 0.45718639123936106 0.47535365518465666 0.4614893915357367 0.45629380411476894 0.4948476986520386 0.5193191305767215 0.5268310186746726 0.5276806208088305 0.5257840097918096 0.524797751285826 0.4957348266889914 0.4719105315261652 0.44322352259236447 0.4510899244400217 0.4538218285278502 0.45801822264470543
0.21822833398874392 0.22527372987425406 0.26849032036863923 0.2888150838079028 0.2498598740424881 0.29882822390082914 0.2973127262717398 0.29737326635937794 0.3294716342357724 0.3169392723901355 0.32997389982993575 0.37624386870017446 0.3871824760775123 0.38489076386693355 0.42653407466770554 0.4305222072182206 0.4853649656800945 0.47827501619847607 0.4580252497589061 0.44923523846928537 0.47021638951952915 0.4866385823622738 0.48902520591882376 0.4957569823830359 0.5003169306500558 0.4858707650566034 0.4691392648364757 0.4668173479856529 0.4965658811612295 0.48232693414601385 0.4702798164544093 0.4979826095724889 0.5130774408474217 0.5137796817708862 0.5100288111074279 0.4868461536930169 0.46716802738285224 0.45331385520138395 0.4596526011817807 0.45604102593228746 0.4667153368464362 0.4805775667111143 0.5202938556208487
0.23568870378720566 0.254278818952697 0.2912796519323784 0.30308273129607655 0.27228807963119545 0.3037674170737053 0.3207250324042637 0.30774681719113495 0.33037570446662473 0.34114968170007004 0.34151711039706645 0.3789147761860973 0.36781877453684797 0.4037514888912268 0.42617531705974476 0.4282143352444519 0.4711994816274199 0.4728989243774461 0.4741358518918249 0.44913935364293595 0.47277525469767767 0.4807310493462395 0.5037194061980127 0.5030021150588694 0.5060125369209585 0.48034755127440487 0.5054386378680775 0.5072502338029427 0.5052167805301121 0.515766379972196 0.485135286179631 0.5179786833196532 0.5306582208387761 0.4851379097770855 0.49425298042589666 0.49198498103568017 0.4690720538904103 0.45238616493495226 0.48438392721444773 0.4719282973586731 0.4937851088871418 0.4959444076114365 0.4941947541055185
0.2597571014393809 0.2830778424170241 0.316765167936479 0.3179547139497504 0.3095220543379479 0.3178633647776735 0.2918802121195297 0.3319955238281268 0.32703890668751046 0.32765777379860644 0.3635766902653036 0.3896162879474598 0.36840746188455076 0.3783139303694465 0.3682017042245571 0.4439521535440123 0.4715124487422247 0.486151667438419 0.47316479183251015 0.46895430291947837 0.44745488113038223 0.46569009414399015 0.5092133691893549 0.48281243396751405 0.490537163451718 0.48821199097544327 0.5258370609041235 0.5296531443964994 0.5026920273786794 0.5282458532201515 0.5223285400536687 0.4917307741602148 0.5213560834573234 0.4926920062814487 0.4803451999741344 0.47444855187392804 0.4789197547018589 0.4470879793054704 0.47337373008629235 0.48769290301182044 0.5164678551938291 0.5215877967454378 0.5290049640955393
0.29967131591154134 0.31502377553241595 0.3403604131684923 0.3143023816461606 0.3252124919283402 0.30256797191798385 0.313115987160149 0.3391023930045486 0.32203546577730896 0.3665778661989839 0.3837077424303117 0.3647511975302011 0.3789269096231123 0.38737240332030437 0.42193089638534104 0.4362274179356493 0.4648427088028046 0.44975423924267777 0.4831007384718508 0.4458956242602438 0.441128175826453 0.4690260537620505 0.49498538826510186 0.4786829478417882 0.4844208524226736 0.48606884893771035 0.48567847385017376 0.504433063436673 0.5066438060601021 0.5107328025542209 0.5144212655160154 0.491426150706304 0.5041837218642955 0.498343924535255 0.4918338899709063 0.4605369426351539 0.4378956341816468 0.46120104610887075 0.44981720975125444 0.4808649016143932 0.5198682499360401 0.5303741250309515 0.5316351034942214
0.3338018893668398 0.3618796877974134 0.3539913122565451 0.35102499469020365 0.30744819300682336 0.331330227862642 0.32658171510915673 0.32046174022698226 0.33273927872977294 0.3803951064380298 0.3846487526751797 0.3750991368214805 0.3951852260157496 0.3913288822672765 0.4379024963816287 0.4480591314954256 0.44517858201158833 0.4722915108016427 0.4882214679115287 0.4557898321871395 0.44383440954231823 0.45073753580995085 0.44045072945452357 0.48506411568187346 0.4945402648218475 0.5009757846182685 0.5115575769911312 0.4798091178925408 0.5056256702620053 0.47401885565724405 0.4464900106268854 0.4783695243319683 0.47048734808287834 0.4785304179813254 0.4602208815839646 0.4574471816688076 0.43797877903841653 0.4598314354033973 0.4717057445665088 0.4684186156016892 0.49625778878716076 0.5258878389950312 0.5288514861581687
0.33177686495120323 0.36233628791833833 0.35303227109821855 0.3532299455878345 0.3238923987348429 0.3194473109530401 0.3418800064167629 0.3564556017024944 0.3540589590815355 0.38483856917098896 0.3922428720287787 0.38759181305025026 0.38155065923722264 0.4205670112182372 0.44845032902662746 0.463311867413506 0.45789691828021334 0.4775495920545153 0.4698108780373837 0.438314779600883 0.4187606624295897 0.41902486011440854 0.4202493622201796 0.45405537021780856 0.46259845941047534 0.48589554722475714 0.4676740967360819 0.4855991297339327 0.45993642213532154 0.46392484975607323 0.45314059195673023 0.46553322791250623 0.480190661257859 0.445227440794074 0.4635318857441318 0.45524548435910495 0.4435931281861925 0.4830972143302935 0.4821950440021623 0.4990184978457108 0.5029336594217614 0.48035838571910233 0.4862732877363563
0.36179535833934223 0.33426605181240776 0.3129232855678245 0.31587417884846475 0.361105000222011 0.3613897085937367 0.3666237163112531 0.3739103709825869 0.3786852018376886 0.36357041153887293 0.372335261183921 0.37568551406357004 0.3954513566256218 0.4205488119675307 0.4513370620766318 0.4811126134026208 0.46901303306120257 0.4511062904167909 0.44323695270330526 0.43450799363969334 0.4449943272740524 0.44110290508946415 0.4094002668322308 0.433835621717142 0.4633875105569917 0.45819104629268825 0.41041230105863535 0.4706626821031993 0.46284389807776566 0.4383341603670328 0.4287612997666917 0.44340960987063666 0.4799862186592749 0.4462726582320988 0.4340592945135517 0.47660909046955063 0.4647494853408178 0.4841044987519639 0.4897978070256457 0.4784754350144028 0.49572887112082903 0.5042820921286172 0.4845480853110594
