Raster_benchmarking/Raster/continuous/raster-140.asc
NCOLS 100
NROWS 100
XLLCORNER 1743153.6506698243
YLLCORNER 5469285.35675284
CELLSIZE 10
NODATA_VALUE -9999
[rows 19 to 37 of 100, columns 43 to 85 of 100]
0.24852042259959023 0.2279339873649862 0.237806291517012 0.2510423799034616 0.2206650478478854 0.24535522938081678 0.2131805801694907 0.2153374100069308 0.2615076108106274 0.2370675067219532 0.1695148814258299 0.16988189242253657 0.19618703359319942 0.15817648246312976 0.1660083643615969 0.15992723482672552 0.16254019575365578 0.1662016092660813 0.1211131318092549 0.1425104841795453 0.11381295069549649 0.1624275663130906 0.16968843259806335 0.2183878866017285 0.25812059877838933 0.2781011982634743 0.2864779407777335 0.3241162404840027 0.3308751635328287 0.3243657146419248 0.28847096932959065 0.2881106161092852 0.28202013646525276 0.31711432265010525 0.29120447664608895 0.3029263168613671 0.2516986997934052 0.26090280818937966 0.32572427770186824 0.362635912037895 0.4032996525293935 0.403811626033425 0.4242029269240499
0.21866364613977443 0.22818038081619166 0.21400951736490978 0.22860174772680322 0.2263700974997606 0.21213147569549992 0.22195314939614755 0.2555788959613757 0.28440171718937185 0.21593895832571514 0.20880517989733802 0.20089143209314983 0.18187886311533702 0.17348462419491667 0.17366814619321141 0.17693706463242778 0.1878505316343539 0.1666327066546653 0.16000423137855976 0.15431498540728547 0.09327229503509082 0.1473079721424834 0.1729594016603695 0.21974052725392498 0.2516242131301122 0.2514737411505658 0.3275342833724507 0.29749733033845094 0.3308420159000899 0.3005288096573299 0.2751964053313683 0.30603139329452583 0.30107517814536333 0.31095125750940705 0.299305354681404 0.29401596305718253 0.2461309643448565 0.2954338714761692 0.3348572610253731 0.35950582635089745 0.40731615895797485 0.3759079173386405 0.4064739451822539
0.2531738397753065 0.2460620921726315 0.22345249599112385 0.21907467682085283 0.23209994624572886 0.2469313258579644 0.2263227410266127 0.2475945611621552 0.2286694598996106 0.21321416845620242 0.20979707059705402 0.20819378801358848 0.19102737140456097 0.20508331346137823 0.1926331790702358 0.17460588620898523 0.17889884327337904 0.1538355849569216 0.1747038653305267 0.18265453626860373 0.17647316740983324 0.1702667064672186 0.18378195640481307 0.1964740052170516 0.21907062769316826 0.24850551866573492 0.2715124269513429 0.29251478512492113 0.32262368398840713 0.29491829959339083 0.2956224084561255 0.30336850654820624 0.3026991403552623 0.28568031086007406 0.25042742825675346 0.25834609496524125 0.24656360246326972 0.2831965571615974 0.3121134020287447 0.3623573637200675 0.3985449785584379 0.38340147003579705 0.4402946688022969
0.25296718899123294 0.23847669621917023 0.20265169467755764 0.23783186489942945 0.22571800440930506 0.25480078516046645 0.23557369562114225 0.20207595871247488 0.2048573010828727 0.21465081633653085 0.1864299906673621 0.182239476382919 0.2177382582804046 0.18516951225490733 0.2117286681917057 0.20701806532134773 0.18062214517816313 0.20250978974319395 0.18045447918879606 0.2079310647269908 0.2231416539929053 0.22835968263268344 0.19913265907491698 0.19229816539700148 0.20104036618270327 0.2449622017474825 0.2702760898172767 0.2727785967056767 0.3134123243616186 0.31020224778496586 0.27987989499578136 0.2635296208642233 0.28665450481095067 0.28399703369091184 0.2316654103614557 0.268230389890596 0.24954616828439272 0.29103579480546976 0.30706350377661945 0.3087128143080453 0.3481121189516443 0.40681282518908407 0.43214240235798024
0.2885370368050355 0.2455431196963748 0.2563819860341849 0.24339562665886255 0.25383398805518576 0.22674313747089864 0.24901053225204986 0.2240970552241765 0.2517982847088276 0.22236993595508728 0.2292293640091022 0.20943358674448725 0.2033425152779742 0.1920044909165401 0.16986730653199372 0.1899201521273969 0.20114007227974356 0.2039425628568294 0.1899191398825319 0.2407942767760183 0.24246286879201454 0.2374004002446148 0.24120930602528712 0.2244434483916021 0.215947310653037 0.23546720591187095 0.2596168964805192 0.28802418622006853 0.29835861673895525 0.3066221621159489 0.2633789808505443 0.25714550403280334 0.2714682547440887 0.25848999095584413 0.2509867523453435 0.2598963856120366 0.2566142824425208 0.26993715453295847 0.2557710031153988 0.2824140997062188 0.3444993553915475 0.4175460960376017 0.45130299534961194
0.2729334447106504 0.23190529518429365 0.23628456323226424 0.23077819306013636 0.25968177419605015 0.24484452444369775 0.27527426226921187 0.24741391697105883 0.2524125607342408 0.2402869127077446 0.2378625132066623 0.22908586531981245 0.18099094087905276 0.21221784735310206 0.1787167936613363 0.2239553746378021 0.24307685316991345 0.2516118937266742 0.23105111101124692 0.24581299282714988 0.30713443637684523 0.27709841585449874 0.23028653589908393 0.20200699312837478 0.18653152110900995 0.21941057087632718 0.28297799692773273 0.27610066678261147 0.2524148490862354 0.2848412639684666 0.2911218843899763 0.29017128564154737 0.2701477355052505 0.2812471891861504 0.2620854029201655 0.2506115675415298 0.26265311772139854 0.2686307420312469 0.24835103903319314 0.26178765013533994 0.3304481575784226 0.36920022989745827 0.4516668791654115
0.2939942888587626 0.2775756791862885 0.2691357579976422 0.2466428844483529 0.268321600395534 0.2681438005422416 0.2459673218131756 0.2817918783935061 0.25185644207117297 0.2594192304887445 0.27794989652180857 0.25062440648681766 0.20694055419919824 0.19474432345257134 0.22157221723421203 0.2062064397542151 0.226095976508405 0.2307472791919719 0.2567026633250631 0.2963043219007678 0.29478030619312484 0.29607931477814114 0.290693806734303 0.2607734642407923 0.2519649430972757 0.23687438642464842 0.2706470833013027 0.2544977370374779 0.24953354791754176 0.24885815852769147 0.2732002354918582 0.2778525284042339 0.26284549369349375 0.24567750985256717 0.2715097040619635 0.26926137920194204 0.23952639999085504 0.2417604551884638 0.24354553648171093 0.26455317977675996 0.3310068685315729 0.3578463482641888 0.4144465609243113
0.34509197322826635 0.3129701279476327 0.30763294672199215 0.2731470996668366 0.22392747712075234 0.26487286523343073 0.24077347293203008 0.28608026717850926 0.30093131820535185 0.2871671150964728 0.29320007059712416 0.2902876606031288 0.26974876394910363 0.26550088066217403 0.24922203208346833 0.23218946296151122 0.2389922444669305 0.23372277245393758 0.2687368103569829 0.3230637385104254 0.2857259819318029 0.3163277430182107 0.3187133465669566 0.277212916695779 0.2931656434519357 0.2706504403090177 0.28067710757828906 0.27340536932682535 0.25734034946733786 0.2656658553663662 0.2528989587925155 0.2501316422025551 0.22867754020800649 0.270620511057514 0.29150132528028677 0.2397947118170384 0.22858444989330473 0.24864260132063964 0.25129867957538227 0.2939580814460393 0.30430825144636087 0.35950423931726644 0.41021547728596397
0.36274001882265944 0.35874452681991287 0.33820255107307784 0.2994726113732566 0.24786762787511793 0.26820676770671337 0.2801576748579573 0.27972649661380844 0.31429443391690853 0.3190318972708456 0.32125985936562407 0.30389513593129075 0.2759727043137116 0.24485876181993163 0.2585922345294711 0.2507140470519021 0.2604042800630257 0.27393192204346706 0.3031060564711645 0.34558512268452657 0.3303720572607602 0.3654687693800102 0.35311749593844377 0.31402968169920065 0.31787454688373135 0.2583898347736255 0.24372796383815193 0.24609399233462603 0.26191230014284866 0.24322770457667514 0.2444577473229216 0.23732083958959763 0.22944364777112514 0.24582179587902397 0.2770738917886955 0.22917877496845576 0.25745158201559126 0.2562511805560114 0.2503929635900825 0.3038356643191709 0.34728230363225415 0.38539502198682996 0.4344689558770813
0.3516944418503603 0.3556803049098789 0.32767083182376905 0.3059895454208248 0.25645494192547386 0.29387139321633493 0.2977240860164441 0.31420207251669646 0.34561548391850394 0.3255299702675527 0.2880769230753225 0.3140741024350366 0.3015367021018248 0.27748190778284126 0.24274953534609803 0.2946976452032146 0.27435377437819347 0.300861275371556 0.33319039790887134 0.34749653175517714 0.40196703438378206 0.36772894804472933 0.37682055670341547 0.34780220693067254 0.3062730453175115 0.2988585418656087 0.2522080835029318 0.23951829408477698 0.21033962209743115 0.27133431540844166 0.2789645506629401 0.2833876129893471 0.2592597276478777 0.26917697642285626 0.23992811943718542 0.2696420256504073 0.22741927261767766 0.228517564399166 0.2571930801824687 0.30645732396773023 0.3599103563855687 0.40816885621774146 0.45131734050730254
0.3561767937517005 0.3756716972654222 0.38276186980508087 0.34165315817802244 0.3039339108284426 0.3065154841225123 0.31200162739883835 0.32745221368843264 0.3176865453377005 0.34384904364738245 0.31717386240361023 0.31699461403847856 0.29188789925610376 0.2910348126454693 0.2726037252432273 0.3164970428059254 0.3512745989593455 0.32830905980482195 0.389639477440132 0.3908322152572021 0.3970041373993644 0.3893645685620297 0.3491469509130462 0.36638850254073124 0.34691971549273254 0.3258254910003111 0.29211567539263555 0.2911414502649343 0.2531539626958498 0.25177014236188705 0.25883331329229525 0.2903816584830784 0.2838959996873105 0.25967984035643277 0.2781265094273654 0.29178072255246534 0.28845920360357663 0.27368040796943227 0.27861803800649215 0.3617093295009626 0.40703491550366155 0.4111717144959045 0.4252509470605164
0.38280832868690995 0.39442492917490674 0.39768025198947626 0.3838413077527865 0.335485297682064 0.30602834688913877 0.30754956989166105 0.3010725387352629 0.3006780962560577 0.3434798415337177 0.3479787607484366 0.3532061379062713 0.3442570546410117 0.3384102951800413 0.3108017006629433 0.3344216667677522 0.3935017321045194 0.38603409276847006 0.4043564398267705 0.4202762112430507 0.4300341580868019 0.39473543088907903 0.36652526641069605 0.40778007293962526 0.4111370231362661 0.3821525531910892 0.35289544780270093 0.30438212401678316 0.26342746388297894 0.2971845823415146 0.2713391302843821 0.2896722406694096 0.25127174859922774 0.3131941939013285 0.30244392412287 0.28779577934125516 0.30985229449955876 0.29928737638355324 0.32317453742037733 0.3899949166397545 0.40443018390300434 0.4369384649246055 0.43610978991856864
0.44502055369802807 0.4299835943090652 0.42849096136033554 0.37652998670270116 0.3803258501211138 0.35905887171539747 0.3101454668351078 0.30423494583094246 0.31237795171190863 0.33313920575103884 0.33593308650958537 0.35148992509739035 0.36906532735751935 0.3727572976214877 0.3472816444315209 0.3606669451091547 0.3888876941301558 0.4045999893256457 0.3903678234373211 0.3943121211819065 0.4205473337618931 0.3897077588420726 0.3925987394474063 0.3928585599467337 0.41294264293178845 0.4077348291726824 0.412039070987647 0.36761000710205916 0.3305244265680772 0.303800525627694 0.3218405896032238 0.3019247720696017 0.2965062447226359 0.33895537789852137 0.3661706197074532 0.35306891708951615 0.35430595604575504 0.3263145500906637 0.3727262716838263 0.39818596871978934 0.40607262022617974 0.4408912256581655 0.49536992063554136
0.4612437944382164 0.43201728373622783 0.44254266829299305 0.37262570155495783 0.3486682720311115 0.35617558568741225 0.37641509668757367 0.35898516674910697 0.31578789670619123 0.33560369478764285 0.40984355780579007 0.4142621918471661 0.3975362706674775 0.3688542492312337 0.3840216821763603 0.3793599091999402 0.4103600546138788 0.4213756028720937 0.3963474343257228 0.4079112057595457 0.3709767226111858 0.36228831059111066 0.3704091524381725 0.3976936264125652 0.4388772385102605 0.3950819474234291 0.42927380340408483 0.4032861100605153 0.38261834210718143 0.33902262319457704 0.3268340293764085 0.31676931378504153 0.3496378054384777 0.37104681478843105 0.3735034626275518 0.339871058071176 0.3255280479016872 0.3427518996697855 0.39859726327142697 0.41597830446114964 0.43916006434679294 0.4680003645645303 0.5245440120972467
0.45295328582886574 0.4801285431199414 0.4580020233988909 0.40640611669205545 0.35716025838718657 0.3500008035367639 0.36644309864866265 0.3868288724482394 0.3738115946036372 0.3650224456103553 0.4189843928118869 0.41805374814514135 0.43019376208042015 0.4192260665413507 0.43317706362329295 0.44195265819901164 0.4338387098245773 0.40814341378144486 0.423740284296235 0.399205495888367 0.42021299193354006 0.4073437239224372 0.4390595801101203 0.41337017713789853 0.4107689903119027 0.41075650028038746 0.4399020115837427 0.424516238063777 0.39734274988926543 0.3755019649865772 0.3618916091215156 0.3860045545962467 0.4056827981326719 0.37968750429058123 0.37123272118291667 0.39462357510077534 0.3728527600455981 0.40777029345280186 0.39792511286431265 0.42751992822537854 0.4568918179147282 0.49456680303870887 0.5095508875194146
0.48135910329900344 0.45927244337926915 0.44761605977661395 0.4158858544664125 0.37449443950231126 0.35636277581952797 0.3656250451986368 0.36602668870613814 0.3986087051845678 0.3665379211916435 0.39841478817974846 0.431708037038505 0.41629130897021377 0.42850454236602664 0.45221889397434656 0.4412041082319025 0.42386279998856297 0.41013980155494745 0.4205589486214654 0.42463731567006263 0.3974121213290118 0.41168787962211145 0.46805383816918034 0.42516718216461735 0.41245797720484906 0.4141510792838898 0.4195686042938373 0.4350130307681845 0.3868969195073919 0.3903496927928263 0.4034881555756013 0.40746969177204 0.40389919313056094 0.4013345141131182 0.4025850954897455 0.3815620224813903 0.3731875859002537 0.4211989578692448 0.42946867824612706 0.44807727043679985 0.4568924075118981 0.5172187389568802 0.5360943911056958
0.4799917559226848 0.5185254255630593 0.4684100548003841 0.47601086087574385 0.42034034227913175 0.386589164467126 0.3911830977997287 0.41684860402798546 0.43108617691234763 0.40459870459147357 0.40892180270354506 0.4143376494912 0.4230542814638655 0.4372663071760792 0.4363960690940013 0.42617642829108343 0.4136766949353811 0.4028112666489298 0.4201539966035833 0.4107951320551826 0.43142255365364746 0.4664385896047076 0.4886211331479543 0.45697306519567854 0.43916096328825205 0.41309384892313505 0.41063394116181423 0.4201308652422895 0.3996739911531989 0.41309477077677087 0.42095122937472346 0.3775082623693568 0.369568916398778 0.3856189841246923 0.3930365387286515 0.4158356520263919 0.3891330479866797 0.42502217004927184 0.42079524673388125 0.44555008180065037 0.46078721088892294 0.5016416269642651 0.5517307507553917
0.5355256699340389 0.5446935606485866 0.5156840615639297 0.46858342856713975 0.4634989570754544 0.4594672433459492 0.42900327492886625 0.4473699898235325 0.43672550325395165 0.4474829078433053 0.4424624232527654 0.45727860250512314 0.4143030578887846 0.4415638690013986 0.40017963225055103 0.4026312721548981 0.4073940028024581 0.4396098982193893 0.4161725257172948 0.44909266153842414 0.505593935000517 0.48830120860822607 0.5227061206086161 0.48727486962980915 0.42859574083335183 0.4448951902632834 0.47474888376518026 0.4230503705899848 0.47549747666538084 0.43916697401368726 0.41925594276164896 0.3698707146673547 0.3902991747007929 0.36706751575120045 0.3630409651000777 0.397092943962026 0.4464690705260597 0.4292933545111966 0.44055973314550917 0.4422645727944703 0.4483425256837435 0.4943562855906516 0.5448326627243135
0.5481293135484259 0.5266633426889901 0.5305913551160729 0.5044070388935551 0.5006471590363292 0.497516015680058 0.48365769351264787 0.4784145691053366 0.46779793864283853 0.4916378629996186 0.48956409611438473 0.4541425988879058 0.4486332242347772 0.461755918074667 0.45520879694254984 0.4549641694776668 0.4723576837029846 0.44403017295993424 0.4701812386633842 0.49567211281736917 0.5344790631879472 0.5387088971597574 0.5340713614077276 0.47444910287623626 0.45938001300222414 0.4406251974228065 0.44651527563404314 0.41692712730656006 0.4578087424169015 0.43483240099548826 0.4078763854884091 0.3917068566776843 0.41590873743958906 0.4032074141334712 0.380577939033261 0.3811427075050245 0.4030403529789777 0.4337619664002241 0.43863967282295685 0.42520402644674504 0.46413328365630185 0.45625953314094025 0.4901509037246778
