Raster_benchmarking/Raster/continuous/raster-70.asc
NCOLS 100
NROWS 100
XLLCORNER 1743160.8600543046
YLLCORNER 5469290.290993013
CELLSIZE 10
NODATA_VALUE -9999
[rows 19 to 37 of 100, columns 0 to 42 of 100]
0.5634031603761845 0.612654900024092 0.6120166554652413 0.6074419189435526 0.6527900170184152 0.6746154526478689 0.6847405113929791 0.6701656755832232 0.6914687562969983 0.643340229060495 0.6595665511810019 0.6893421977217029 0.6872084356282272 0.6587964032698228 0.6168796116608273 0.6122042054512701 0.5815465998810019 0.6023563864395641 0.5558740219092204 0.5611785418003393 0.5915026511048672 0.5569727786987336 0.5528685945906062 0.5379403728316706 0.5058132933540234 0.4940485033091391 0.49836072413192584 0.5325986042373881 0.5504775603726588 0.5506997510390891 0.5646512317265131 0.5760506784357295 0.6115487494120425 0.6309435127955029 0.6620625710410584 0.6701573613266182 0.6751017719629164 0.6348827084606747 0.6596945340589045 0.6672086140613313 0.6210018592071831 0.6033637483606592 0.6258838373481707
0.5857150025367557 0.6219426454350279 0.6286231592965894 0.6204200961093052 0.6183329481242711 0.608323115357554 0.6361987124753271 0.6871114349495148 0.6792281541051111 0.6767366888091345 0.6620072253281455 0.6846517660054237 0.6722936986320486 0.6446687279496162 0.6218183055764643 0.5853841031307632 0.5927523603634426 0.5829171215217318 0.5712524003588711 0.5906329383713763 0.5658947555612931 0.5455432444532519 0.535461519906407 0.5524613064093223 0.5438349459023529 0.5503800926629643 0.5284947687086753 0.5255146712987478 0.5436036411322651 0.5547006765055439 0.5775508092964067 0.5979231813802118 0.6055872364691313 0.6264259706400106 0.6422401930365792 0.6758566502381089 0.6465810485323983 0.6194059989416841 0.6190764330389583 0.6173034415084004 0.5929464209431172 0.6203982663304817 0.6132670744598069
0.6108544451394854 0.5930547991876952 0.5875704283890336 0.601937852447819 0.6008813821081148 0.6008791801697353 0.6448488979115887 0.7077442544742146 0.696232505408285 0.7210229522768085 0.6966280961255086 0.6928338383033973 0.6769074455511842 0.6123178811202071 0.5924915859639747 0.5635272200442853 0.5746067974910215 0.5821043212064322 0.5652523678129907 0.5575521682000648 0.5741518437923804 0.5667533422126878 0.5630724887898946 0.5274792089221968 0.5617006047207662 0.5469426537236753 0.541256727284335 0.5545812951343199 0.5234631020591253 0.5356650958984616 0.580917535832821 0.573593008243689 0.5583895254509339 0.56130088255054 0.585268710104368 0.6417413783967494 0.6562666389560137 0.6583897005115495 0.6073553847374402 0.6108371375220573 0.5970451072291383 0.5972481775762625 0.5868847045511476
0.6205405290165664 0.6226204158452807 0.6097603455983867 0.6071674500033964 0.5897729863071582 0.6436006768225002 0.6664501486375523 0.6766671197946141 0.6804536935611545 0.6692067846026621 0.7027597840194136 0.6898109635231737 0.6838176032695813 0.6190587822097404 0.6225576175011208 0.6178173708803965 0.6027654945937203 0.5787619394094697 0.5834666568857326 0.6061914316804174 0.5785543555699838 0.5526806975036033 0.5176866246369835 0.5198140974526031 0.5311842892405939 0.5135128051580682 0.5343678331436342 0.5420256486850222 0.5399557757193443 0.5215484848227565 0.5476457191161997 0.5482465725696415 0.5396688087851503 0.5810319210200043 0.5723054527394589 0.5662444046540235 0.5857273089466795 0.6249763296157478 0.603430880393712 0.5928303165655194 0.6125885089934455 0.5904218711259784 0.579575623163233
0.5969884015020733 0.6363542149992426 0.608378836250039 0.565197875264656 0.6196241605684575 0.6412612053588244 0.6983699611643356 0.7202090545080718 0.7071056719350809 0.6779168027213542 0.6755277755933751 0.711396402005536 0.7087613679738851 0.6495553242069381 0.6531946812890586 0.610377999094555 0.630684902861223 0.6043454753720853 0.6288070449383406 0.6407592609770805 0.5916657218350841 0.5468216542913754 0.5504347542271076 0.5204379176655912 0.5339460137164244 0.5477250855407527 0.5056552946587338 0.4942033411288967 0.5419877059668033 0.5534370910403277 0.558479585950062 0.5611144170274495 0.5561613950296199 0.5417752585847404 0.5605673089245465 0.5410078706281143 0.582794087480458 0.5703409214746612 0.610506309974872 0.6150018292729271 0.6358451441520814 0.6018512591549671 0.6258911249640937
0.6143810394773506 0.627884822282108 0.6369886939698467 0.6369527453351727 0.6127088001287496 0.638859148593839 0.7052500587182816 0.7246568718271366 0.6968292892106218 0.6656849610877689 0.6830514270223217 0.7172824103947687 0.6954586293803089 0.6445840697293669 0.6518706953433052 0.6465231153498293 0.6650458240839114 0.663613805450284 0.6698891499546682 0.6159281879650552 0.6161737962942984 0.5614664704262542 0.5703566850739372 0.5421537119498674 0.5422088778804589 0.5421142500654346 0.5110547936936475 0.5208068585195262 0.547673790183102 0.5481474783419918 0.5654475078988348 0.5695390096122177 0.5870823555902334 0.5510284011111274 0.5429708243026312 0.536022954412252 0.5621563591878336 0.5456673857469497 0.5499237263021655 0.5693545959384925 0.6053650958760123 0.5837577769874981 0.6305633958637308
0.6527176391882348 0.6668643270779849 0.6804169941082777 0.6262916428181399 0.6454421957931766 0.6543017685616136 0.6749447491229505 0.7423211637598883 0.7132148889483513 0.7080186367417114 0.7096267786306862 0.6889293951891023 0.6726784237343072 0.6613935637436196 0.7109179774304282 0.7201903149837251 0.7236571065887148 0.7057002043533921 0.6618200065006261 0.6407770256992084 0.6097858253110584 0.5880139486480254 0.5507942971705737 0.5546344992184766 0.5242863700538198 0.5373620000634673 0.573560675578543 0.5714365537034491 0.5275237735704158 0.5439014199288755 0.568257618190165 0.6074349186441511 0.6036869242901133 0.5528598749001206 0.5606820539855473 0.5720915237642625 0.5961253175257738 0.5473055621177687 0.548450671545881 0.5451721761451392 0.5954059357083751 0.6040123065842181 0.581689340838541
0.6356828084990401 0.6828314251001771 0.6833966870903598 0.6801882156484609 0.6601347038924847 0.6528277177143644 0.6925637433447916 0.7139660488366625 0.7601821656438302 0.7511772476091834 0.7233651212751168 0.70017924802053 0.7131688739064141 0.7135861126277786 0.7143361661784158 0.6976630082412849 0.7088330000341888 0.6943911179415377 0.6753161362365352 0.6778802221755983 0.6546320772540115 0.6101969761712972 0.5873734433351859 0.5470151871119227 0.5189722757800255 0.5637037672673627 0.5728911962061234 0.593838011806552 0.5563727605581948 0.5837423596911419 0.5772634368116227 0.5963626625504985 0.5753057769058367 0.5847219882788548 0.5551723323160157 0.5866714811714411 0.5966472034512681 0.5731092744067567 0.5455592456626647 0.5516077358027265 0.5727685980255245 0.5655839420225237 0.5983167200084015
0.6589773443822413 0.6665435624015924 0.7244909427729773 0.7325444059134366 0.6988004882643783 0.6968653751527664 0.7281307993645643 0.7407188038003923 0.7326364548721074 0.749641958456959 0.737121317240989 0.6881361573907921 0.7164505971942642 0.7542182035454043 0.7567675674594544 0.7442046525712519 0.7074143115391354 0.7175707627500975 0.6783078083204281 0.7158383113395017 0.6543089798203094 0.648787219586349 0.5682908187208126 0.5222825514272386 0.501369368353212 0.5302374844263599 0.5453928499777777 0.6008808351773103 0.5940089847578409 0.5587193848780899 0.5689879736552269 0.611245107545332 0.5827336601251185 0.5482957680213705 0.5381648711306365 0.5829834939227364 0.5786978607457104 0.5971651798949246 0.5418425683047211 0.5529404180065408 0.5870086549280229 0.5878056124759812 0.5519555089256923
0.6978444416167146 0.7246856835048491 0.7474645769991002 0.7357566778157191 0.7405109083331727 0.7335404239893774 0.7219943186903364 0.7476778610913457 0.7455847054734948 0.730571248421846 0.7591661531811197 0.732703938370428 0.7530209813036693 0.766877259581381 0.7632715385152751 0.7339197726566568 0.7437189454160548 0.71125767438955 0.7021295285030797 0.6684813262273166 0.6372102264732025 0.6274935841638641 0.6025250841469333 0.5804949652327104 0.5323797845304812 0.5675138896796036 0.5801439690363929 0.5894917025816654 0.5697836980091883 0.5661293886131109 0.600515080051667 0.6066583502722905 0.5818682045555822 0.5614755968630682 0.5432505381603926 0.5715813985754726 0.5911097615435388 0.5790773728371422 0.5777803211575206 0.5566414711797067 0.5704567057898622 0.5854165187917847 0.5747390979642633
0.6764825122691691 0.7166789634065834 0.7205865762117343 0.766301468729934 0.7241041279415811 0.7450873713073306 0.7334677887868445 0.7887904936078656 0.7427036595171547 0.7654659596695758 0.7369462503193712 0.7359937747305126 0.7579356746096401 0.7448852237503963 0.774274337696119 0.7516748651370455 0.7077293650326617 0.7146281923881312 0.6858575669439446 0.6888443139444651 0.670379690475242 0.5986340379670496 0.5792865402453329 0.5875162067076886 0.5440272546463927 0.5538355357128487 0.605312768211365 0.5936557753015932 0.573302117493854 0.6006043279017484 0.5741325565635707 0.562584084134666 0.584311713063663 0.5460370247070726 0.5355718527124507 0.5679036266602521 0.6033722031128412 0.6194427517036624 0.5869623978131093 0.5822618946328535 0.6054297401802629 0.6011781866842625 0.5854594966879164
0.670377415796408 0.7204306483318452 0.7058556006297217 0.7415507613849182 0.7408013643335651 0.7619652409129203 0.7567856881251743 0.7614522640831225 0.7499915166633215 0.7503072546863748 0.7297118254414937 0.7527812479128189 0.767397921656821 0.7414061598057874 0.7397111400593808 0.7055514861410076 0.683045750320939 0.7051826744262626 0.696119400114477 0.6578239527345549 0.65392925644172 0.6025699929836226 0.6057742725700315 0.5799682504681432 0.538130062192759 0.5653031251016191 0.5855279960843455 0.5891833549832566 0.5980893066741064 0.5629353155144321 0.5914616234877607 0.5907730514940268 0.5559827417968725 0.5330643455295431 0.5775800842157959 0.5971936907455702 0.5812126886098672 0.6126505809129804 0.6070692933135395 0.6141431080932702 0.6022773599472192 0.6141785783192352 0.62949178208725
0.6718383468067327 0.6910975382430825 0.6774330443411978 0.7407482287950148 0.7280587874984491 0.7416644963441797 0.7678626538070581 0.7423550189213524 0.7588334749450695 0.7592582674891472 0.7467967672798895 0.7546219103567211 0.7532796241396885 0.7484643740594863 0.730944858871648 0.6737562461834391 0.6659857980258488 0.6557367867593865 0.6525073273466762 0.6858127584475289 0.663305165212189 0.6559208925204462 0.6101025085604669 0.532495852787821 0.5606929047453534 0.5447530727053547 0.5778914620527693 0.5549998979413931 0.5803978768647673 0.5515025997572642 0.549981404267592 0.5693604109975159 0.5423915821507335 0.5375216519788382 0.5754951969805514 0.5879493591017991 0.5990221040277567 0.6137346011954804 0.5794722129666975 0.5988250029750293 0.6055544686108303 0.613511232046198 0.6061011349404459
0.6919540278842921 0.6667370497505738 0.6745016604614671 0.70346643858748 0.7302924833276178 0.7468894025972592 0.7470651579285744 0.773822445124488 0.7402470147161122 0.7803197809839367 0.7761976503303863 0.7525248837288772 0.7642527275838905 0.7722086542696147 0.7265376790409857 0.6736375513206312 0.6528565319346474 0.6834032765687303 0.6674622740692477 0.678283810572313 0.6618536121511631 0.6482631233851761 0.6016148633451804 0.5575602802885246 0.5641383322681348 0.5464623734338345 0.5846033405176218 0.5686212025195209 0.5955469095122304 0.5666305919222047 0.550628800346833 0.5562347036197146 0.580682490564278 0.574576189090284 0.5738408976317432 0.5995148420055979 0.6006953033142974 0.6140542139464457 0.5707072862882059 0.5932687231860763 0.5957087568053678 0.5596473655539163 0.6009830710383866
0.6803917722653254 0.6507027861808632 0.6735762798969812 0.6635494160439502 0.6667294507299552 0.6960792667464916 0.735832827267791 0.7583404231379733 0.736638447316329 0.7409597389624427 0.7656933029438571 0.7681721349409106 0.7698755991673147 0.7476328453717381 0.7291306037201465 0.6775247613626143 0.6941151751970129 0.7032546852657674 0.7044138260510685 0.6789951604898988 0.6578569674338386 0.6827877713736186 0.6439186404881976 0.5905358782616503 0.579092443800411 0.5732303783953296 0.598590181579872 0.5910302289387572 0.6112128638205835 0.5968803413353967 0.5423805716368653 0.5649836358640183 0.579674665107093 0.573519270893006 0.5983771963401728 0.6060912208218141 0.6166482197189477 0.6308308287407763 0.595657680272714 0.5410993322324574 0.5598169219132549 0.5298007287954639 0.5710829179418511
0.6584333166897175 0.6734994773285132 0.648686910629908 0.6640843585320714 0.6653524059349282 0.6871623726181153 0.6758634003478909 0.7114130508370635 0.7390209687730361 0.7546507740850714 0.7541037026785992 0.7242295059303618 0.7109322416991757 0.7049466203592994 0.7103363388683354 0.6991937201224238 0.7188726506289234 0.7190406309807466 0.7241389636663559 0.7069750387764084 0.6831336925695567 0.676414687002227 0.6345459148286476 0.6246793179635255 0.6203052125278279 0.5789457153754985 0.5578309152074595 0.5631517307780314 0.5902153826454758 0.5627670580935262 0.5626040934515071 0.5825396963534966 0.5958487477839959 0.5885211096915183 0.5646581643367465 0.5729749693102341 0.5811094232875971 0.5803143500949476 0.5818552862076416 0.5486325235062482 0.5549309193621977 0.5609741179687888 0.5506176590346193
0.6913928775099014 0.6676592256117273 0.6555940446839044 0.638054638712192 0.6615257674668551 0.6713779484361969 0.6981891550679699 0.6854539160999464 0.6954295072568422 0.7190129254929034 0.719977349021054 0.6877753855763709 0.7098716274527554 0.7028627958432574 0.735347137558348 0.7178885797299548 0.6994841990035341 0.7329369205644992 0.7051203363438234 0.6751043005170281 0.6698172539654405 0.681177822928861 0.6593890368121434 0.6728491109879969 0.6221045577648028 0.5802534908269226 0.5755736667911234 0.5645156716875978 0.5559417911640067 0.5809574415536214 0.5816488972741308 0.580968362666889 0.5532067797283636 0.5664874828844105 0.593848019653003 0.6163105520475729 0.5465842683872408 0.5345057746784457 0.5225660478017902 0.5458310199161951 0.5526928232374354 0.547201095421444 0.5502832578262493
0.6786032107756886 0.679383970336 0.710701769699638 0.6919675497799118 0.7184784465880726 0.7197207125116918 0.6962873154565832 0.722943110996443 0.7259501909510768 0.6959491729547651 0.7232433901599301 0.7013550440854696 0.7211554559939163 0.7247409061604284 0.7188310147527411 0.7106689750030573 0.7107260543378077 0.7149469480940825 0.7200131616649986 0.7365982488038613 0.7160520755841452 0.7058518624934259 0.7292169715738387 0.702877548140322 0.6671128997500253 0.6420012128878563 0.6330341455975225 0.6189419767021012 0.564872828317596 0.5838696747939687 0.5983462718009386 0.558882042506347 0.5479395774647524 0.5791953453851536 0.5425025227634891 0.5829609215285195 0.5410539904258859 0.5178684874927247 0.5098815063634414 0.48983502935955153 0.5212240557286847 0.5350953255678511 0.5113407222528731
0.7166448052412073 0.698251774564287 0.746649725504791 0.7378957951410563 0.755494900842305 0.7302583166687884 0.7538411758033015 0.7610670105659049 0.7301347838895093 0.6810618405568787 0.6985883367141023 0.727497423510511 0.7112178496283003 0.7255841261529247 0.6956020905966197 0.6839973066439656 0.7159566079331996 0.732164698161552 0.7260279646648602 0.730637058682078 0.7295003148121809 0.7460175823792741 0.7216952030913398 0.7320149061924837 0.7007514804057073 0.6623734127471385 0.64189221513588 0.626334263067865 0.5848776562054192 0.5775709802572204 0.6149952786591314 0.5658957428172813 0.5498131545042593 0.5573325383168701 0.5342432310235228 0.5381860231790478 0.493550142564122 0.49844643800894795 0.49899950754370215 0.4856733455016344 0.5048467325288698 0.4969369248570129 0.4893072925302648
