Raster_benchmarking/Raster/continuous/raster-1.asc
NCOLS 100
NROWS 100
XLLCORNER 1743164.7223546829
YLLCORNER 5469292.405639016
CELLSIZE 10
NODATA_VALUE -9999
[rows 76 to 94 of 100, columns 0 to 42 of 100]
0.7285428537256308 0.7564206768381309 0.7314765773484373 0.7230895749120417 0.7236223293336839 0.7508539554540788 0.757789605747298 0.7944278648343601 0.805691225184534 0.8363334686282404 0.8257682941185991 0.8337785481945541 0.7996504749815353 0.7369520322357183 0.7088516127629702 0.6784923969198529 0.6299657838211355 0.6127988444454451 0.5883698368120892 0.5766603667089947 0.5994095608297121 0.5778918815628652 0.5725871905214381 0.5461596220214837 0.5184406421785293 0.47978489119955964 0.4649523902263902 0.45070884450828796 0.45664894975224096 0.43042657826976416 0.4111464801199734 0.3300786583755012 0.28152389756513757 0.24791788582052524 0.19285573842641135 0.160750013666605 0.15855534303762472 0.153840126443707 0.14477967562518268 0.13572903214745022 0.09452800970680199 0.08855630047569998 0.07950242087123854
0.7792786257066902 0.7350141431451879 0.7154713908149857 0.7442414083022827 0.735433406933878 0.7987257409541326 0.7688920234648615 0.7981627249476618 0.8151329828830762 0.7858317521629171 0.7618104287658674 0.7953151191769046 0.7873963322950961 0.7284196213238815 0.6883308230878917 0.6699262828309744 0.6611707461689055 0.611471220555585 0.6100449177556091 0.5764632494426789 0.596157557485907 0.55571241937945 0.5765603347219546 0.5350464787110563 0.49090275008729634 0.4762531831641264 0.45775719830683587 0.42809561641189475 0.45167555716908636 0.40296927542660077 0.38573583887183105 0.35834685659953663 0.30849235635958044 0.25275981321478713 0.21878824269177805 0.21630304033024875 0.15643255779783152 0.1453032305332842 0.18841511736889202 0.16004989000114592 0.14108730669326758 0.08453115676703907 0.09592525168337934
0.7911264654586123 0.7896818609896019 0.7466661888047087 0.7408026974393811 0.7818096068110507 0.8241760809808955 0.7989398124759117 0.8080015231452515 0.7722053938793775 0.7682828200754053 0.7405595886454186 0.7334287670937688 0.7199922212187604 0.7234210077461928 0.6641249779193558 0.6434078522915961 0.6544938349633834 0.5947421352000827 0.6088872980510616 0.5929375538086046 0.594937756093129 0.5743889244208398 0.5664622240688763 0.5270017700758061 0.5265112164354978 0.510272865852336 0.4619856369516405 0.4572090107444743 0.41564004957001693 0.4125278779494042 0.42564454457832057 0.37205410315409543 0.3085277405571281 0.27561682584036634 0.21355267002482223 0.21286878518014454 0.1916538653039468 0.18614356579635655 0.2072479001302113 0.21595283134559715 0.16144666117769738 0.11774920720066046 0.13447814089442184
0.8147548669491492 0.7973256820028619 0.750328883844578 0.7589791352314745 0.7981096921504831 0.8445255645797767 0.7762687054772056 0.7635453514952975 0.7480029695322452 0.7412816958610693 0.7316196320162024 0.7294690284226992 0.72847561912036 0.6912531888444978 0.6771946179040208 0.6330710330927366 0.607797253339041 0.5977614527462427 0.6252983107014394 0.6256428564429952 0.6220925800508603 0.5996500986898049 0.5879202371148325 0.5699379529909131 0.546907713220766 0.5058877287929934 0.4727183295498119 0.4825252995044165 0.4387026260979252 0.44193060122704153 0.4018244590697576 0.39582423901686953 0.34450844253598073 0.2505708463564224 0.2541973144995164 0.2265474766650852 0.24612331383448524 0.23530317221895217 0.23291924262424177 0.22880614042589642 0.21935884622184862 0.17072137346012853 0.19647107761460175
0.7717547642546044 0.7747867412171904 0.7828981704474574 0.764710062403248 0.7816744778538831 0.7935077449348065 0.800743924201999 0.7810877754272519 0.7500884670443879 0.7547117912473305 0.7632607412496135 0.7569548484065381 0.727613113555213 0.7163991770053788 0.6933942482247102 0.6395891628879694 0.5990524542757006 0.6122676782452662 0.6159780234720701 0.6334627011347517 0.6236876510535777 0.6069902337346231 0.5747599685978457 0.560658139284062 0.5189355529030433 0.5156356639811964 0.4796290598350965 0.459111052331167 0.43609961594130653 0.41682437089862956 0.4240409911230653 0.36376017056433635 0.34675013867174154 0.2816894545336421 0.2702454821448755 0.24080002730305347 0.25551001633903664 0.2825608681604531 0.26488702402404746 0.22892039220897553 0.22422058769546085 0.2151183055364846 0.22146387874392962
0.7460156687790614 0.7778878875655955 0.761298592759466 0.8250528307268324 0.7926572166691378 0.7814008627694392 0.7788231181887673 0.7721398933285005 0.7589148014443318 0.7835791898176495 0.7784077467555588 0.7247998124670706 0.7220928665944634 0.712281742459611 0.6908342393466268 0.6385823126199411 0.6292979798045585 0.6007789233815742 0.6025895842305744 0.5966898275427982 0.6049225300605784 0.6278861857850303 0.5645697152630541 0.5505447210940019 0.512075802834562 0.521800666204527 0.4856558087059018 0.46511987048281744 0.4689086559940669 0.4489352417597011 0.4368006530620021 0.3831134420316142 0.3554345695141266 0.3271761766898058 0.31768243477161856 0.25583164786740237 0.28273096590094055 0.2855448667243667 0.28451449099031223 0.23422928586006514 0.25138789231433367 0.26400215036858976 0.24260756828299732
0.7720138831912021 0.7575887706868928 0.7632103050900958 0.7964599044462839 0.8077839334015057 0.7685096554449449 0.7966207880694406 0.754439358492698 0.7705867351071263 0.7893849630536028 0.7627579443224711 0.744656704272654 0.7062459757880922 0.7088686596069125 0.6986531571564597 0.6778117614420569 0.6620539745159216 0.6291526453201801 0.6160988023664113 0.5881193797757489 0.6087471639343958 0.6100009851416675 0.5550179764287224 0.5265306017977258 0.5290175755781557 0.522001530713596 0.5129414271608652 0.4636394347027826 0.47620588950268544 0.4610122278013481 0.45936628078161346 0.4129722335559767 0.355653081146931 0.36328560898477213 0.3384976131147288 0.31235318486749347 0.28708840794613244 0.3160424259845216 0.31045510988577435 0.31717374324582404 0.2812788495902833 0.31184007600787755 0.25441460577452374
0.7812435290134144 0.7292558971424954 0.7839348894520809 0.8163241763709176 0.8285307159458208 0.7901920386780038 0.7506493053489018 0.7480321195928495 0.7657037011551572 0.7984229101343637 0.7634029015817481 0.7479633102087646 0.7073197601109782 0.6676115376817834 0.676680308669049 0.6870869271025571 0.6468165328069644 0.6660260442089767 0.6313809847512457 0.614361500912558 0.6001335021696509 0.5866718152577751 0.5654717694493228 0.53307960261683 0.5315274969914763 0.49837523380361626 0.49635524594113367 0.47982742453703003 0.47925459665112685 0.5026292321282515 0.4592542903180293 0.42118693389288253 0.36986472228238054 0.3575482037792847 0.37608163541150724 0.35729590564684155 0.30930432730491697 0.3083391241141337 0.3203221903220334 0.34913016572535693 0.32132182388822506 0.3483008690342879 0.30280296135540086
0.7933271600514613 0.7625099983522359 0.7911665873578084 0.7978569315718406 0.8117428804751341 0.8086494315313546 0.7694684594439901 0.7253456192958398 0.7592490134005483 0.7451134435615548 0.7451923340612586 0.7007990772181558 0.7095818298512359 0.6740640743900925 0.6623275451157392 0.657537621312083 0.6726563600474094 0.6827355348912147 0.6330014435788217 0.6435654644470645 0.6033324050357265 0.595148499958269 0.5625701267434721 0.5366140356329874 0.5462989470416658 0.49672057167744504 0.4811782813252456 0.5114202851903018 0.5034917737663951 0.5071413112206904 0.4780747849619304 0.44872108300691005 0.36979140603419164 0.384251130138385 0.3785332022007173 0.3707023359521899 0.3526401953515911 0.3425834870636768 0.37350589013701996 0.38074569400078906 0.3769178852772696 0.3445618960661938 0.30390470931916913
0.8381657391255216 0.8327094651643338 0.8390871157728487 0.8179669110334673 0.7965041153362021 0.8016088719724713 0.7586050712966137 0.723081596186623 0.7210346551126344 0.7127898214714596 0.7039042960530212 0.6991211953220523 0.69486081220003 0.6428221673541463 0.6884607262863223 0.6637894978057265 0.6702942351358583 0.6763566354928253 0.6740441624149006 0.6425257776933824 0.6053406825152844 0.6196509052328693 0.5826196622266314 0.6029633531505822 0.567422710998595 0.5261687041166032 0.5250557561070754 0.49916993352336225 0.5115134165644207 0.511951919561659 0.46817362715564803 0.43143747589985365 0.40159355109045225 0.3502177379489044 0.3387681103517235 0.34685831669293943 0.3680704362431159 0.3737462035345454 0.3695440351946389 0.36255838631451 0.36899297285628174 0.3780866475315109 0.32916300523251407
0.8356790687295578 0.8490238253455203 0.8376900712581935 0.7911515512150963 0.7926856301487908 0.7629372706025637 0.7441504524910804 0.7493853273662563 0.7100569873124586 0.7034890395556258 0.7052285773118776 0.7181573680145975 0.6822811611109226 0.6512261581935825 0.6977015331846225 0.6755056095647832 0.7072192188125094 0.6640819129942271 0.6643919357363933 0.6399695818908576 0.6517225603264697 0.6411949773253227 0.6138465980223241 0.6019977254191982 0.548252306837513 0.5479773914789999 0.5244238612827071 0.5056837887339551 0.4993632668919926 0.4965891177068959 0.45818512779044684 0.4223043460038045 0.4120637388594997 0.40896889622681853 0.3767448618585546 0.3648035450297831 0.3782202547094025 0.39190393389120587 0.38347292021244117 0.33928237062735234 0.34360570383072064 0.35582781314772793 0.3731424790366009
0.8658062226429696 0.861079278347824 0.8222998995013614 0.7946754649875571 0.7756268033972615 0.7303074757097832 0.720768225832115 0.7558215236158584 0.715319772099168 0.7248141919894214 0.7221125570834096 0.7395085225785833 0.6758084132602348 0.665071440756774 0.7087418966933404 0.7238665519951729 0.6829433314853223 0.6846173736363177 0.6858812492669722 0.6903578578774614 0.6729200137809428 0.6790051815978063 0.6667853198193339 0.6181684423394018 0.5703161384228334 0.527617011022363 0.50234869024715 0.4937075505769406 0.485505923589838 0.46049961136978573 0.4770372683892705 0.47515746806922227 0.42717655512691355 0.4297036950516166 0.4469036446323624 0.4552204965109396 0.454991343605363 0.42273191323022685 0.3713537331852254 0.34975465503004094 0.35010803596610535 0.34907151465034875 0.3383895430365959
0.8958817882508202 0.8872252397668245 0.8421436360948028 0.7730839684801029 0.7661882970622924 0.736467405613194 0.7408082757624465 0.7744491480391086 0.7565702436100811 0.7551705597792222 0.7084242379639537 0.7161787362501247 0.6813782647368657 0.7053718580079381 0.7120006703250822 0.6908309671153404 0.6892240340386812 0.6808168744272781 0.700591849301665 0.700199857256241 0.7015590101644275 0.7133578796791196 0.6483488358953592 0.6213095840610557 0.5980749154061941 0.5392313499525211 0.49174348571356213 0.4783818135609463 0.5004616261190143 0.4768995091070257 0.4770627047131709 0.4444020178215021 0.4718830266826824 0.44139045855711784 0.44400940096927377 0.45615978738893165 0.45972586720629444 0.44345044511280984 0.3917686348996504 0.4024100836691292 0.3911701011885422 0.3778564277711911 0.3653332536371403
0.8673064699102488 0.9014779071222139 0.8214233997212906 0.7896498442686033 0.7658915192904645 0.729050497093431 0.7322610851390841 0.7615504294357219 0.7563885398717287 0.7248104268138077 0.7141521129017928 0.6965389209205898 0.713464978414152 0.7244295378376068 0.7251519563410455 0.7143616992978866 0.6704610032820002 0.6867941421934622 0.7189534517791312 0.7136435217569649 0.7072063355810655 0.7244645883355622 0.6846845603888654 0.6325447634207428 0.5807101132426067 0.5346909342124624 0.5275711402967552 0.5064533126125006 0.4917101474886235 0.4491093467296732 0.4890421545514542 0.45372190398379203 0.43117336086905117 0.4592657263079054 0.4761393588726567 0.4530294181159726 0.41481526095696214 0.4034943612312164 0.43905596941215347 0.41512630597975636 0.41399007851116093 0.39381765382736666 0.37009773988541467
0.8776539124838099 0.8700088954738261 0.8348953293251192 0.8173382541495009 0.7530378390958108 0.7534634710817029 0.7413122927999881 0.7606865541221257 0.7285979628848117 0.7448328610819056 0.7429548415293588 0.7179396483745295 0.7378230565650724 0.7086888522996929 0.7133108370117416 0.7360293088626273 0.6981957757166058 0.7287506025781442 0.7072223600530732 0.7126669314026393 0.7373965522246877 0.7103662698202686 0.6947946247404814 0.6173169303647752 0.6082355149463673 0.5631210000796879 0.5358635792284475 0.5024120985225177 0.48643804841898264 0.48555189807020444 0.4702227640151371 0.45352822487183553 0.43588600830970103 0.44885573200231516 0.44542296303128054 0.42136528735869233 0.4365799959683269 0.44997122099054837 0.45534344476887173 0.43963845397299567 0.40394885047898105 0.4224908245697627 0.4015821197270553
0.885147734459494 0.9026898129364804 0.8551688572837676 0.8203571172951182 0.8008102223905313 0.7421655403681978 0.7375038319406954 0.7217352169536829 0.7481618171049061 0.7306229180441228 0.7657755276998687 0.7571172784025106 0.742482012189398 0.6919743979633973 0.7059856182831686 0.7412851126350872 0.7358525400467545 0.7196709384815984 0.7227042658441235 0.7033078750126487 0.7075680003436332 0.7034265556209544 0.6748078743039795 0.6315306161942292 0.5786137118535711 0.5774070923681208 0.5618088046640725 0.5168975666648833 0.4800755426111893 0.48113583106163016 0.4378424082598522 0.41764042042913097 0.4325431412140154 0.4143508784515709 0.4379495407754981 0.38553367623968454 0.4379462794571959 0.4454988477003552 0.46180226421930687 0.4498900203751552 0.40967124531880805 0.41559547955362064 0.3901511431830087
0.8872122675917203 0.8777266394711946 0.8410855736881433 0.8136730541955519 0.7886072555609271 0.7863500705422037 0.7358433271124388 0.7661485752225986 0.748785177942499 0.7835051927493527 0.7610930979644626 0.7859934435750012 0.7424813173951896 0.7313580608204175 0.7303635473427936 0.7281108360086579 0.6971465343519057 0.6859110317870267 0.7132182140175422 0.7096292427369608 0.6842558410083737 0.6947392830121447 0.6428545308950306 0.62787337304333 0.5780364471819676 0.5701454690953646 0.5424288596285491 0.5002952289241157 0.47269497214970096 0.5037607788748756 0.48009444695172243 0.45733843685347036 0.4119842210313538 0.36931148068527697 0.4068701052277123 0.4016279829685168 0.405889919677299 0.3914490464515889 0.4090699334394102 0.44102194639764747 0.4298487379839622 0.4128564622074853 0.4018172727778563
0.885240587759439 0.8666812329266103 0.8316547389945094 0.8016075410802201 0.7865415470343161 0.7715403593826367 0.7706913822789221 0.7818777541686034 0.757631271298604 0.7870317772749951 0.7763374813983555 0.7814142105605706 0.7748687590164292 0.7795144657007536 0.7389350977307293 0.7299747532060621 0.6868705926737411 0.6519588267736568 0.6759697558054557 0.6847041655376565 0.685196074061918 0.6426196510841429 0.6161104690012589 0.5914086456436223 0.5979988049201099 0.5589565606565965 0.505824228901969 0.4872531766210623 0.48038934999992644 0.4826490170791553 0.4655149731870331 0.4379272176718057 0.3762219855436032 0.347905969627691 0.36380619948846704 0.38448399919984444 0.36041746527973456 0.3652332314372294 0.3633012747685657 0.40286116606095995 0.3843018987656607 0.4151369012173115 0.3609820135034311
0.8954028013304812 0.898443251204319 0.8600379857432863 0.8113628515407044 0.7922579343295363 0.7844169917714228 0.7618491002112612 0.7738550544675837 0.7945291746996209 0.7861532128804869 0.793311981371835 0.7953558917181286 0.7639788697975002 0.7790787559170651 0.7309785602513846 0.7519803537034585 0.7151849135876659 0.6775205322996426 0.669593850063764 0.6871893528770378 0.6700550577434199 0.6262557854411845 0.6092435727729999 0.6204523537483075 0.6081006991424581 0.5379976328755295 0.5062752611424061 0.5008575658408022 0.5020711545439439 0.4453524018776862 0.4256652986145562 0.4145079652571286 0.3922064726282429 0.36890172954640876 0.3664797905732486 0.3618085203453928 0.36612574594200176 0.3681701187773289 0.3815080242370883 0.3973587550227573 0.3963702381123823 0.3714777711653495 0.35825538355988296
