Raster_benchmarking/Raster/continuous/raster-115.asc
NCOLS 100
NROWS 100
XLLCORNER 1743161.9524006902
YLLCORNER 5469282.3116282355
CELLSIZE 10
NODATA_VALUE -9999
[rows 57 to 75 of 100, columns 0 to 42 of 100]
0.7568150323699339 0.7079357067794032 0.6606084477451752 0.6803043962742735 0.6963831122069374 0.64582361115184 0.6068329571761457 0.6274105983933951 0.6298658385911696 0.5973961636972245 0.590281315754694 0.6225280863470172 0.6425665152268071 0.5982424428496431 0.5976382225688105 0.5094139505740953 0.4633215952251969 0.4308814203612357 0.40593415377067726 0.40651806397495216 0.40105415428734204 0.38750031360821774 0.3298801487916066 0.3509983224978094 0.32121809688714315 0.3391234835866935 0.3800827906127024 0.40222905472320053 0.42215465548914294 0.4465916708849886 0.4319828216552265 0.45201345101900325 0.45073292468963283 0.48232991859249835 0.4830928517813452 0.5287452835742369 0.5626482610279347 0.5677510745058462 0.5627567412763016 0.5677699990645277 0.5467793592098085 0.5469167303543985 0.6031795764713144
0.7300539987532261 0.7071110056711467 0.6981648567404507 0.671380119650137 0.7038207050339956 0.6851257191692539 0.6741597855205262 0.6704914830252404 0.6374790184460569 0.6501085058995253 0.6497853779991284 0.609596471600693 0.6533775418687078 0.6358938748499189 0.5693053081716892 0.5156703286069387 0.5046399100146572 0.42070800999489794 0.41238997393631016 0.3656607592520254 0.35889853813455347 0.36833596531284374 0.36136056942073097 0.3750279289179206 0.38146051321763386 0.367947981652931 0.4151572950131784 0.4306768574652622 0.4111884305032736 0.43763184384352055 0.4532621609880347 0.4817033263068996 0.4980245754488245 0.5075031046526809 0.5274153363863294 0.5287615722704152 0.5707958270539735 0.5717436929058389 0.5732922847370073 0.5700005112327101 0.5827589667656633 0.5992301950889504 0.5884829129343518
0.7435692405276935 0.7366350448717519 0.7038198519603918 0.7165555156120988 0.7127786757249449 0.7223586953269925 0.6985764950162006 0.6535521460465965 0.6433416891844317 0.6701565810766571 0.6634113291558125 0.6614330702550428 0.6538403716403011 0.6079276907308578 0.5690044375722029 0.5685845599471436 0.5128533441499356 0.44522444106990827 0.4033114323986869 0.4178352212712013 0.3645884931962627 0.3708894212713166 0.4297804293260307 0.3889573601362732 0.4068573124247123 0.41760992982728545 0.4418620282784177 0.4563124788329217 0.4534003377148718 0.4736378739950671 0.4865721903747096 0.4733215449907258 0.4883737321665297 0.49483700909150485 0.4975274661129676 0.5013017274344644 0.527815913817754 0.5465872774195566 0.6057786955209242 0.5951142359184592 0.5785765825134564 0.630224093584121 0.628614868296256
0.768916265374516 0.7366586765652612 0.7176185006898579 0.7309966002361431 0.7546788972029981 0.7536008045172573 0.7389348954285248 0.7008600977862111 0.6789955525424693 0.6539463033807695 0.6490589485751765 0.6845066639650161 0.6763463799919651 0.623720550618052 0.6092403369150444 0.5665620367471069 0.5488691176425622 0.47723217486492014 0.44582185165141147 0.4406618837074077 0.38230422707114287 0.42698609368071105 0.4598427782751111 0.4357429545496391 0.4274813015236136 0.43494436885071863 0.45078003258295324 0.42946954489023637 0.45020141158070615 0.47305653514512647 0.45073761672635104 0.4563165646009755 0.46180585658200896 0.5127929622644057 0.52962569860125 0.5376049888665586 0.5264096056501447 0.5743788656548922 0.6245727601934185 0.6137964413937665 0.6116107116937789 0.6335792102975103 0.6263235872748105
0.8108012600577571 0.8087388607035285 0.7941267953252106 0.7780206279454035 0.7877447230231509 0.74202381913444 0.7584109924618345 0.7458421177296157 0.7351898029768689 0.6870795088098706 0.667381080325196 0.672487129069297 0.699829071222531 0.6588650568326659 0.6250070518231529 0.60199604084449 0.5958127662688264 0.49198193309068755 0.4770958764219919 0.44840159138088304 0.40723826213556197 0.44664650880702444 0.4434186961744767 0.41077024531140705 0.3906194256854341 0.4194820121881349 0.4354619853559578 0.4607255093089801 0.4661647388026138 0.4605484486554967 0.4508967425926628 0.4946125297433338 0.5015476105690794 0.5319335093777843 0.5254042115213442 0.5044269110484675 0.5148212410052422 0.5763043074368294 0.6038979162224205 0.6217746268876501 0.612974915581813 0.6449945039599158 0.6446965536114122
0.801445987868828 0.8162045770466313 0.7810039701469956 0.7885826439897244 0.7678672672511506 0.7285048016585226 0.7436864564701714 0.7505717460020788 0.7565221858443547 0.7239220318097371 0.7211307115364284 0.7314705962567511 0.7079332278891415 0.6871038569607698 0.6485723470553074 0.6286150579177168 0.5737807606971814 0.5290539056836172 0.4935546775455169 0.48490483426536446 0.4700045226569429 0.45352492678658096 0.4149968320269674 0.4049810463328187 0.37088243717956604 0.41445081489635754 0.4032562484570653 0.42867854879195694 0.43885410473914194 0.4401492687086901 0.4508201386427089 0.4862087141059111 0.4811777746695297 0.4897880759523743 0.49796228417061444 0.5074606466413175 0.5244541329786664 0.5781601896357329 0.6021781467956108 0.6170070455416308 0.6183622734129668 0.638516433139579 0.6237754548659697
0.8275034556644337 0.8094225084997773 0.8006395841050354 0.7610750881737869 0.7065712418093717 0.739705037311326 0.7348919360727021 0.7596220124588267 0.8055373416124515 0.776345594915247 0.7144977175777328 0.741818143831679 0.75157674133478 0.6961578673163888 0.7167794348986769 0.6549890983737574 0.6164435389904455 0.5686868296421574 0.5376197112216864 0.5261525443248632 0.5133141636402456 0.44898190696739587 0.4201702366218884 0.41684119807531644 0.3574007376434177 0.4182148523096527 0.41062144512671694 0.38676880038429684 0.4019758610203013 0.43620170571491385 0.46368453637145685 0.46890440074634776 0.5279183588724004 0.47475270427019833 0.4661562890492608 0.47318245687285276 0.5030878884540421 0.5436325415741993 0.6137449064776231 0.6310060501126931 0.6281358358248205 0.6217279859609467 0.6740811944902562
0.8605502872156168 0.8080124296100971 0.7768932679055094 0.7924551283019208 0.7848404009925286 0.7454190351073213 0.7472059676874945 0.7937203775218729 0.8052391391479473 0.780299835271849 0.7389932697653746 0.7431473123950544 0.7323069281153246 0.7380565837412777 0.7065847545291378 0.6304409791929344 0.6155491669041969 0.5551813381821287 0.5785882868452015 0.5620986552176935 0.5439742273960078 0.49857573746114436 0.44633939298532466 0.4297359747414444 0.39558117467582454 0.39328407487656525 0.3911130688348564 0.40724669124604257 0.40074366490981317 0.3967645696334398 0.40585922450681156 0.4352942550732495 0.4641766380676373 0.4458227964869171 0.48428092307520454 0.4900990186933638 0.5374265975703614 0.5736878849972475 0.625381495627301 0.6146793867543254 0.6192570488284956 0.6558740728558705 0.6330682308435632
0.8847472363459458 0.8274624884666064 0.7947620369708491 0.7756454763047246 0.7881576328692163 0.7602217275986244 0.7687002456089479 0.7773599442295832 0.7942043894804498 0.7774035282833174 0.7740569760623709 0.7559684216647365 0.7088084063974192 0.7262822403962553 0.6875410805798132 0.6081049172385611 0.5682364165884849 0.5292178966193615 0.5547555303702824 0.5318811085264129 0.5620029987005262 0.5416210564149053 0.47319824824897394 0.44475245543926695 0.45229518982827926 0.410437567230584 0.37539350892314727 0.399514790549812 0.40760681449442104 0.41992536101239347 0.4192955067739221 0.40600408904875224 0.4160898949875238 0.446465581269153 0.46370083660447464 0.5288578825676524 0.5863651882630779 0.572573700227687 0.6164891664448989 0.6450265424911253 0.6300283466953461 0.65760321155296 0.6230054630420631
0.8650825043025229 0.7992220592969076 0.8162909358515418 0.7986489834496614 0.8030637648960868 0.7826258201690124 0.7451839365612014 0.7544025221079254 0.7693969743723396 0.8053614879219407 0.798919645811386 0.7705513531255209 0.732441296810326 0.7302575698097832 0.6782879272295532 0.6108249443780704 0.5515830185316698 0.5311154067938076 0.5513707960726333 0.5346353628253562 0.5762840137072162 0.5408263543650574 0.5180335772795237 0.4703476112869335 0.43379179140243324 0.4125425600646719 0.41668011134478367 0.4378876709036799 0.40752499734081865 0.4525109603334597 0.45524294610821386 0.4297409161931131 0.40879628598336404 0.46881440237910416 0.45706520508728116 0.5196393135744639 0.5803213103386888 0.5951007628003949 0.6187994752552857 0.6314809367365734 0.6317962971699723 0.6334423047705777 0.6037225590898517
0.8526102886010524 0.7831664891303568 0.7638608367301492 0.7793970510727518 0.7406006552517203 0.7784410290542969 0.7579148863916729 0.798297229353473 0.8066612847607763 0.782653998078048 0.8211902919742028 0.8050909968124809 0.7638201085036344 0.7219317681999317 0.6956288955493508 0.6229339092918995 0.5724954706986013 0.5698063356610364 0.5353372209798941 0.5740639400830225 0.5767065711072754 0.5437886493457162 0.5386559164958475 0.49099810005014477 0.47022807267414674 0.4377436581340689 0.42172456826562543 0.43226758872928883 0.4397625131372271 0.432685823720696 0.43338876787717656 0.4073140876530357 0.4267706784406882 0.4582893088568632 0.4658762918633776 0.5476153497180344 0.5843258645827255 0.5829211234444688 0.6269438021872664 0.622983910856566 0.6153450563376699 0.6250168964981067 0.6229341254700916
0.8341857846701463 0.8114744533693822 0.765663282019511 0.746208009419497 0.7198560497606472 0.7444044935294265 0.8016923579308638 0.7846151721508221 0.7758318445521667 0.7754298501247584 0.7626718016025734 0.7808479129282575 0.7400279317788471 0.6880812429701854 0.6405479518826328 0.5904998354341154 0.592156101093381 0.5795494934942309 0.5577620371655964 0.5564198777223073 0.5827283558143561 0.5332389819356396 0.5216155509029802 0.5343595427751728 0.5110943209974302 0.44067754054249525 0.4271990906910535 0.4240514972372791 0.42696201470985296 0.4166599239146492 0.4472545832503214 0.43840763984032316 0.4013305723277872 0.4272736738698584 0.45234310332827116 0.5083469924244858 0.5338815468539397 0.5605530053118701 0.5649434336087584 0.6170159498589994 0.5794831167736997 0.5879526086202251 0.613094100278157
0.8342001995380782 0.8063712887764571 0.8226300970609752 0.7478663173962034 0.7380382701728802 0.7525529146652008 0.816788649570717 0.787939736885442 0.7983887514608203 0.7856667854078995 0.7841282832286318 0.7601914259493288 0.7379845679987654 0.6707615497346219 0.6302471832057406 0.5899724634677601 0.5669924772171195 0.5752186158513842 0.5401013496617248 0.5700702820808824 0.5682797469489737 0.5290748910065026 0.5291257920690924 0.53811550103484 0.5148100674605274 0.46870145943423375 0.45368539182458045 0.4459228723658314 0.471876778353617 0.46061896637642624 0.4134069569625135 0.40030398694970964 0.42543473999411885 0.4347437672330536 0.4945043554706369 0.4958386003416088 0.49651308894183893 0.5175034901904982 0.5640700039071093 0.5799942594931466 0.5529789995377764 0.5915742087613358 0.5750966864179329
0.8400182806503855 0.8294227373158349 0.8207691674650398 0.7873035274293367 0.7937997560392124 0.8047181070226546 0.8369702547892867 0.8128027892106269 0.8101887785307079 0.7701839278018546 0.7523716411057446 0.7308294823299375 0.7089673953826614 0.6546798519247995 0.6685905780256739 0.6104854884511428 0.5862850032692238 0.5502332722399763 0.5696825873273325 0.5749936892934431 0.5649621726933696 0.5702094782911411 0.5144127993025019 0.4819569286120869 0.4749705053311949 0.48056069266723045 0.47900853132628646 0.4302294300119591 0.43367376323084106 0.4457727014916638 0.3940289880921416 0.4265742949502071 0.4121339704684862 0.4579378840077935 0.487372451218091 0.4610268684672625 0.47500545033168906 0.550273719390276 0.5766939679119241 0.5590653889494313 0.5840675661153314 0.5896840177646748 0.5555628013959814
0.7959170076490045 0.7925505363657439 0.7831059471617466 0.7765347344985561 0.7533463031198154 0.8000824914065575 0.8226588112359399 0.8060352355398317 0.8293095507635919 0.7740947784414954 0.7467131083617996 0.7204684168979714 0.6627051433374859 0.6722541076191391 0.6679701733394001 0.633663401707137 0.6134092370544209 0.5810563726545969 0.5583505596086386 0.5427971914323737 0.5866707642192672 0.5701024142060395 0.5276816840321898 0.4984549877174222 0.4583980282008216 0.4466258992364398 0.4435692812886709 0.4287188654452622 0.45596276934228713 0.4236967967642883 0.3961881537766 0.39966456178201465 0.3834421479056135 0.40546294901982854 0.4502859325985519 0.4670728515048174 0.4917576190758167 0.5235444567147599 0.5437343148087018 0.5670434688626473 0.6147773733224474 0.5569288716840574 0.5583119535061395
0.8365852538073314 0.8436106827045651 0.8247174643734518 0.8164688453502735 0.8219011435819059 0.7913687828851212 0.8358475732090156 0.8450185127030427 0.8559509435111756 0.8327741035073072 0.7771324646029103 0.7283286080509853 0.6698592847616311 0.6569767281702455 0.654037498104134 0.6469421329738833 0.5981434030150852 0.5882940738990731 0.5590703500932551 0.5424050361211438 0.491336333545952 0.48543538411845755 0.47010878031576064 0.45255490611075744 0.44133663871786744 0.4409967028082563 0.43156310472076737 0.4500547954246379 0.4365995267612172 0.4384786096583964 0.4701227743788711 0.4473728922808475 0.41990029382673877 0.43579682089271643 0.4679628839722413 0.48039454537747023 0.49271707470529874 0.5361957530251247 0.5723475295001911 0.5563508992279094 0.5477434384223288 0.5668693587614785 0.5113400354475777
0.8757419522533199 0.8452647366785226 0.8244321910430064 0.8221305092119031 0.8494543686869512 0.7949681273964937 0.815586236281097 0.8370483261546369 0.8531913426160156 0.8463650119288165 0.8134819271480598 0.7422832576630753 0.6938117999131377 0.6625429969115483 0.5971034740834585 0.592864112271007 0.6124655236248785 0.5467699565975943 0.5292175245564207 0.5279469976195805 0.4579327681619689 0.48313784737285564 0.4508591387253043 0.4610747269582345 0.4193186531002181 0.44908410105969165 0.48788875089627914 0.4547061270867912 0.4963169525807783 0.5031935192834465 0.4959739873211443 0.45952901799355084 0.4143675491346077 0.431615587246666 0.4268209993820611 0.49822677833522955 0.5153768189908943 0.5488727911476913 0.551762046231111 0.5345117430253902 0.5011695211194951 0.5269687680321853 0.494868010344278
0.8865495160487791 0.881773368915509 0.8465774070787169 0.8471002002443008 0.8419870605623985 0.8079988340562894 0.8100249353784453 0.8163271554323097 0.8553938015382987 0.8461434833683483 0.8230623489017344 0.7813608292330283 0.7121421370234108 0.6646184348669342 0.6264282029192993 0.5873004577247081 0.5754033348879914 0.5356602510906259 0.511627360508957 0.47564161075688505 0.4441370306442067 0.4538755165728366 0.4458323434560672 0.4324207908484469 0.42144081546669265 0.46778011796237035 0.4488364304684924 0.452040951711878 0.4692647814675004 0.4986222092936558 0.5068614467815596 0.4418107526729549 0.4583954713735255 0.4231985249614774 0.4432145984151047 0.4691265099050555 0.5267529387475959 0.5319239710893555 0.5195320301556156 0.5123412390632937 0.49954696325177184 0.49989594454450526 0.48040914842083277
0.8882188982960828 0.8873492919362774 0.874402383701819 0.8385753233558578 0.8404780313771608 0.8028844637191134 0.8126875144847568 0.835169298434 0.8521009119087043 0.8171582628628044 0.7913903618531107 0.7567038891947958 0.7373454882388943 0.6888988842518843 0.6588465928241037 0.6196653976171342 0.5481077325306078 0.5244488489221082 0.4508332427202242 0.4456624388580557 0.4363615971721293 0.4452852439830172 0.4203700838227357 0.42551895869448825 0.39537927253745475 0.4584483248223548 0.4606880568748278 0.4798411254581761 0.4758230184447496 0.513350514176188 0.4838304413629247 0.4934019086870916 0.48240796820000953 0.45548413396919757 0.4388570505948115 0.46518918525795494 0.5180641327218458 0.5179452250266429 0.5111514624796787 0.5141510884160936 0.5011598943204361 0.4759883568701215 0.4636896326906807
