Raster_benchmarking/Raster/continuous/raster-246.asc
NCOLS 100
NROWS 100
XLLCORNER 1743157.1738530567
YLLCORNER 5469287.465060564
CELLSIZE 10
NODATA_VALUE -9999
[rows 19 to 37 of 100, columns 0 to 42 of 100]
0.8240944864706821 0.8474437252014525 0.8184670607073812 0.8043326887210612 0.7414668921541133 0.7080504083782794 0.6778560879127579 0.6550327689695059 0.6344748206868287 0.59255980359913 0.54509551267362 0.5637129690174122 0.5592825928917559 0.5554249453552098 0.5143326841269077 0.5364410782263599 0.5225732680596407 0.520081987725561 0.529856247597929 0.564722355926507 0.5734436805696804 0.5682697065072555 0.5723770871076593 0.5512161608829246 0.5212323975208465 0.4830736205080963 0.49751180208597207 0.49590377455115636 0.5121589017112853 0.5108865833095434 0.4651078658770667 0.443020989061526 0.4319036662844941 0.40784519637155614 0.4227047173093092 0.42160102627479945 0.4284210686953227 0.4274418930959833 0.43314664805618647 0.3954489548041785 0.3690338382468736 0.37006666033856433 0.38808237679704616
0.8799160332496212 0.8732179428242383 0.81850911274832 0.8011990426703728 0.8085464717091854 0.7797111084967691 0.7053193310303216 0.6637415502962593 0.6361956943828201 0.5954190412300016 0.5859792949956117 0.5373099936753992 0.5221839489788771 0.5255685467588522 0.5461503436770934 0.5137546607604252 0.5408213914220789 0.5141555276219228 0.54613566434005 0.57838345349118 0.5997828387609451 0.5783518961073285 0.5694970812243416 0.5500190297310527 0.5162239893888314 0.45752541815331815 0.47087074329166495 0.5040175601351329 0.5184881864793354 0.5123530418144827 0.4628211206657766 0.47464092427806126 0.41693419489294825 0.4046756944333331 0.43025054902772625 0.4445475889757425 0.44757195219146073 0.4319100617557727 0.413713026583806 0.3955878029337954 0.38406407175952145 0.34479143591321143 0.35246515547949064
0.9103830680608362 0.8805594527172722 0.8394019346681634 0.8221970349653765 0.8202836913000693 0.7981634885530152 0.7477951108085311 0.6945279415684065 0.6619499183566581 0.6349221739253279 0.603968510980415 0.5545392777210737 0.534972974405149 0.5567012405391133 0.5586283265838362 0.5288700159842779 0.5381045095761025 0.5633102154959604 0.5510959427601055 0.5819451894237542 0.5896376463496961 0.5750140096036876 0.5424138207350685 0.541689613003311 0.5258440880820293 0.5112746689611379 0.5172015875742496 0.5410103020236915 0.5249939538952073 0.5290500878822356 0.4879951432449123 0.4764051256348207 0.4453031507493983 0.45663039876528666 0.44660989344267066 0.4620460400195053 0.46997389568314246 0.4314176472273555 0.42781344919625874 0.404025761564072 0.3862402700956041 0.3848045600717335 0.36564142510477293
0.9244432194708545 0.9019453058356216 0.8723409437638606 0.8557583235470523 0.8451535850889544 0.8197729652537001 0.7642753806921296 0.7403806855834326 0.686419209953704 0.6720264968201909 0.6428503813680492 0.6039018464682167 0.5722417347427289 0.536802250719205 0.5810289459728875 0.5788313235088721 0.5731504990432096 0.5928486654023578 0.5785732582386277 0.6040322039254259 0.5587412804490155 0.5353581432115492 0.5476062146430413 0.5411870941057831 0.544172248995067 0.5109883574300744 0.5046331971599155 0.5266492165151967 0.5379217444601119 0.512279750988663 0.5152342663580326 0.5005009732713274 0.46308733171394123 0.46303944051743495 0.4706298083608021 0.4720882629620563 0.4921352183954012 0.47790148910743224 0.42035533776455225 0.4219276973365993 0.39585101339291834 0.36812260042780265 0.3472758242342199
0.8943882237192746 0.9052015429522059 0.8885172673293673 0.8708456108785237 0.8420246822339796 0.7935744495940916 0.7895122102966966 0.7671812565507892 0.7086845681055974 0.6870136055276893 0.6751291907315213 0.6376282240813776 0.6003982790391874 0.558712841039476 0.56542168783816 0.5784810930570621 0.5887835807361348 0.608885816879403 0.5792973665695906 0.5690660770503312 0.5761265208478887 0.5413291043054963 0.5708382415907247 0.5785756078982378 0.5360000614801841 0.5176745104684465 0.506608311197715 0.4972180451353436 0.5262221037602333 0.4976670278819697 0.4822720920553244 0.496237902979664 0.4750619036854226 0.47251209468333216 0.4866592127339633 0.46346838364742143 0.4563937244375059 0.46778511186007043 0.42560555423125007 0.42117577999816364 0.37608802999786967 0.36309572755362424 0.356693306593271
0.8920985076325053 0.891330046533957 0.8765114064966656 0.819117061351885 0.808092014429801 0.8078204081807597 0.7776716505680072 0.7690794105599499 0.6978907893289673 0.700761790159718 0.6689284586093902 0.6559742718273035 0.6002059621907002 0.5773585524320471 0.55294292382357 0.5688288040804288 0.595219051507005 0.6113967307340545 0.5998019674650346 0.5573027706388495 0.5686748618246157 0.5617438304560117 0.5629192167255647 0.5802732586688714 0.5353691246672665 0.5350245192948778 0.5075067461388236 0.5087026961213379 0.5108049278999859 0.48483760848486657 0.4654170847703536 0.4797452531760212 0.485787702927511 0.5006158702959286 0.5014445725323106 0.4987899069763864 0.47617133410060086 0.46326954525058905 0.4221762376188221 0.39583312222475503 0.38866520310106745 0.39138816485564504 0.3897321095827357
0.9136261900679208 0.8637771996344092 0.8364047428795622 0.8337729119867122 0.8327251339967815 0.8053465702165148 0.7572637735048227 0.756349149971358 0.7013096842133122 0.6918139261665333 0.6897363368426979 0.6501720969729918 0.6087416726803071 0.5914440037039359 0.5871653603238437 0.5658169101604951 0.589429917323017 0.6180772885153739 0.6005917102333423 0.5939142611934929 0.5895104480696536 0.5898374021190066 0.5787998659511995 0.5792112822786007 0.5132340030628102 0.5122280063740097 0.4817449959978194 0.4968653921310091 0.48779793429794055 0.46308642066323624 0.47320310813341626 0.4844728103369713 0.49200057365939776 0.5020564752693704 0.48089164972671355 0.5046073875104059 0.47571918800621477 0.4418849927149963 0.4159998654026402 0.3846280281415569 0.3893172626181612 0.4269642352212529 0.4016733322359595
0.9477938655064728 0.8824655751667655 0.8730147279957009 0.8410223824790367 0.8318756662461686 0.7712172020080396 0.783159785518561 0.7276505625374826 0.7125593348909036 0.6631246477110188 0.6516619717382436 0.6608616107705538 0.6560938948315262 0.5998883364706242 0.5935498570641049 0.5904372912537506 0.6178791055842966 0.6028245723243063 0.623743991392904 0.6039975556462879 0.5906036797460301 0.5799839686446829 0.5712633215823986 0.5577801912899704 0.5248222168071554 0.47189750807954606 0.4906664548768866 0.4838456058293119 0.5060591417042435 0.4831079695301056 0.47610019184218366 0.4734504978106989 0.4683378589444261 0.46640765479469637 0.4759761142215309 0.48509133022672707 0.42604419774298713 0.4057023309443989 0.4260858017671058 0.4044842242878593 0.4302787757246231 0.4505259833507295 0.4400927103041309
0.9458222880861806 0.913573961741431 0.8667127380435664 0.8515504499428088 0.811409421527669 0.8101337205063904 0.7861782843944678 0.7401854571699509 0.6849025974761688 0.6762467577027618 0.6449387334572074 0.6409630056189007 0.6712518074287623 0.6550078565766526 0.6224331080931158 0.635856331852214 0.6280681871222413 0.6438087051037339 0.6211548337809467 0.634842820461174 0.5875077927880171 0.5875141706412619 0.5817922847373089 0.5406477383480938 0.49863144801130105 0.45611051424459464 0.4784843985225903 0.46431642347538815 0.4816354477933435 0.472090744116618 0.45264858477525693 0.4711419684122922 0.4583123746352476 0.4608524489040402 0.45088342312213325 0.44384616752575223 0.42827659357370396 0.39296341814139785 0.41636497960368274 0.40264925059193873 0.44848824160407996 0.4480629365676408 0.4153818277318908
0.9592711393523193 0.9072913655956177 0.875862259191925 0.8484566041061561 0.8169017193080781 0.8486403614787069 0.807707733157758 0.7347690244485158 0.6738548817004346 0.6468663707571423 0.6647676120320398 0.6625641842786189 0.6847460436083705 0.6790151459953084 0.6380657992574142 0.6130821913224679 0.6318617390341398 0.6380109719810441 0.6395549523422204 0.6415432274400464 0.5938438398333974 0.6120790550504936 0.5601310373566079 0.5228833795871854 0.4747676787269618 0.4596802948353719 0.4796973220362476 0.4655787831961808 0.4689657218885943 0.42866623086673056 0.4277331139978941 0.4167967322439717 0.46438260992651287 0.47997655063699085 0.45880032285539735 0.4510080518644318 0.4133242089121671 0.390136912086241 0.39028611482510595 0.4088101920491497 0.45053166879129747 0.44752470105001724 0.39847401927915843
0.9357279624349454 0.9239893830607562 0.8729771925702502 0.8720593304668119 0.8400340013718759 0.8188817937572295 0.7867124095165668 0.7533244901340681 0.7103200757538232 0.6898325919849226 0.6611936802724997 0.6289010321109042 0.6367284883174508 0.6399187549126603 0.6156230279620333 0.6165116713096079 0.6123482255791258 0.6389332133282186 0.6402044079831991 0.6395438459862068 0.6040476515372822 0.600259373024431 0.5849750346554525 0.5335647555792282 0.470640715972177 0.4715644927335757 0.43403408195907445 0.43118845830628094 0.42306099867673724 0.41470587954716115 0.40252824823426375 0.43299325674078504 0.4187969643644378 0.44457434766951964 0.45192084037827374 0.4317977824689107 0.4002890002945846 0.43215926835501994 0.42864729186630657 0.4250685357867888 0.4351135740970445 0.420689985030951 0.4167769991332934
0.9245838885904988 0.926627725113045 0.9059255056862768 0.8659753229275837 0.8528706035903068 0.828129557763508 0.798435862015152 0.770194112522278 0.7465226184266935 0.7048288455871901 0.6620304040510046 0.639169556528462 0.6467946288145737 0.6070273751961959 0.6033739360035172 0.5967033691358145 0.590730263079475 0.5935650218851682 0.6311675911520709 0.6132347918065885 0.6200748108781204 0.600380242346794 0.582189358683954 0.5261870283819968 0.45532370464664645 0.45652656781328455 0.43063326628692955 0.3624196315878508 0.37749489422598337 0.3538086473657327 0.40410547512421746 0.4215699842285694 0.43961586937860164 0.429603663766245 0.4200563158365869 0.38514301849810245 0.4141655033927202 0.42883419503486675 0.41964030766252103 0.4092782959592728 0.4205415328469726 0.44202218545798555 0.4241613310395777
0.9509631337093828 0.9474848920396677 0.8903119291182913 0.8686201274940909 0.8557284588396328 0.8565774707720191 0.8144589266877109 0.816723367855965 0.7686286548764906 0.7263578001359433 0.6893312426600512 0.6604112633009573 0.6385423842747794 0.6053187410521249 0.5799790423099389 0.6094398386204215 0.6206744753409686 0.5903329406596738 0.595274330476232 0.5866511685347776 0.5701778807169642 0.5689838041997362 0.5473366421971101 0.4880044103574031 0.443869840542205 0.42447267389548227 0.4037092051197686 0.35919720284743883 0.33612008640811986 0.35409651608410153 0.3703567082860498 0.3736618942444581 0.4023794384688923 0.42782688107282996 0.4293884887492281 0.41916419456793286 0.4224999016433386 0.4037700511227456 0.3962390039910098 0.38525230805930605 0.4016788671814779 0.41557901363222616 0.4335071503006374
0.9449293523485479 0.9303371682456001 0.9151163231191436 0.910336086531289 0.8916265513207912 0.851142956026485 0.8461798946145354 0.8308277977755519 0.766114791145292 0.7706064294268058 0.7312424594429153 0.7040821056184683 0.6450178060401043 0.5936761998469887 0.5811597513742126 0.5976863346287785 0.6311194981459549 0.609325242186268 0.5924583302167473 0.5664093071549141 0.5666830597130287 0.5650439304803403 0.5183175218025722 0.4901474003990403 0.44153977571856506 0.3922414430816228 0.3482125239417779 0.32989941486249147 0.34181690282500676 0.31328518975792524 0.3564360590051734 0.3916415715604873 0.4045131977620097 0.4253144378842999 0.4042749529175703 0.4055379141353947 0.38033889895150413 0.399871568759885 0.3966310905463997 0.3981436965286172 0.372417102904885 0.3757605478265196 0.39280109739749797
0.9606018638661161 0.9579561659216236 0.9059879668317161 0.8937399364844127 0.8662561344087611 0.8422610598306829 0.8470399416674244 0.8042253969856328 0.7773132191372509 0.7455968851579418 0.7361905869757542 0.6878525104633525 0.6450665985336972 0.6261925104066213 0.5921913086767603 0.5969696358792362 0.6137055860904004 0.5878794346620373 0.5842502026508923 0.5600920731183483 0.5598033083527384 0.540126470465496 0.5496641094841864 0.47010880800969557 0.42315886274440323 0.3873945011957174 0.3548340253428741 0.35039042695278466 0.341579149830086 0.3156796298400448 0.33156986877805733 0.34908913125671837 0.39786535742286494 0.43545069612162807 0.40770657356897777 0.40451798579296844 0.37700744952420856 0.40266216835321106 0.36904007878422396 0.38042590150279376 0.39455247862651954 0.38286542196329404 0.3603065858953455
0.986515401869006 0.9674725166382883 0.907222863745624 0.8791956933634689 0.8553253961830742 0.8333912430578171 0.802607881605657 0.7950003370316734 0.8110194824514363 0.7862155463354028 0.7178926583419728 0.6729964138464569 0.6293439350672995 0.5842382975333239 0.5758972490319484 0.5898170681636726 0.5834107981201099 0.6007138267857276 0.618608196564363 0.5749845227282107 0.5466997695167674 0.5674911793366627 0.5277415820453419 0.4900493902313189 0.43481032189256985 0.3959750314297098 0.39151690358575836 0.37528060600071395 0.3854360314341062 0.3522840820876282 0.34596241991059273 0.36068024867539283 0.4140556397816677 0.42625810400190633 0.39329723415919055 0.41523055742003284 0.3710896895268959 0.37246154734294606 0.3789000980572787 0.3911076597786774 0.39546920760116006 0.37089083341564427 0.36595511095297967
0.9621616962532771 0.9609626914570761 0.9539950891890946 0.8862915424481096 0.8546874596931974 0.8293289957419325 0.7982075352032098 0.8064286359929144 0.79966451160982 0.7536054296552318 0.7301818993262665 0.6884484479140219 0.6501852643970504 0.6169823447400685 0.6023385024324049 0.6239343654243018 0.6084754107884144 0.6304274241338412 0.6266828557064422 0.6099488717481812 0.5693306314290687 0.5647968313319182 0.5085341524564647 0.48399320097882015 0.47694172473115565 0.44465842264616007 0.4200320593057445 0.43670581659346325 0.42421935643007647 0.38897720488340537 0.38508151845765104 0.3833503574415308 0.39955964285172146 0.3854973859411015 0.40424398493609826 0.37125196728695453 0.3718548604095422 0.3669313716481168 0.36422101850361255 0.39785754198105766 0.3948704251482232 0.4118188541877516 0.41259587338398085
0.9757693217327622 0.9922066559861736 0.9493173649941636 0.9317279323277701 0.8773541606041284 0.8277543215086826 0.7991275740129623 0.7728703597662115 0.7699215621253495 0.7565079142912615 0.7406222195156617 0.6601033980388931 0.6726708308371312 0.6233800780388125 0.6440932549321629 0.6289065639879485 0.6378915831252746 0.6368672411959263 0.6287493290900933 0.6132546349972402 0.5754964391846857 0.520906514246212 0.5251297876877794 0.48593752476943436 0.47071191177188676 0.4687633407987772 0.47770548695931425 0.46046589383329434 0.4351380469968373 0.4216241636043119 0.40403481775053074 0.3696892735194741 0.38355240809157265 0.36482663011950156 0.3483722449652511 0.33097040592971483 0.31674973025567277 0.3310859101268702 0.335230571425299 0.3888954961750763 0.37321857069272524 0.3879886405860497 0.4315987199541018
0.9864586355430416 0.9729109593428263 0.939295096731784 0.9279867622198859 0.8700364306468347 0.8363162667026955 0.81833757834902 0.812905292053942 0.7868937188640549 0.7603739947326461 0.7231434521671847 0.673444225814803 0.6787940864337154 0.6706221629653676 0.6666308057011772 0.6388800634590872 0.6355296454284013 0.631247838620869 0.6132398491772055 0.603450372658676 0.5443883212241153 0.5527338675749689 0.530155634671195 0.47774789148469 0.4556681548499649 0.4486060746160145 0.4750109502432296 0.46642877008109657 0.44836908897440225 0.433273237403571 0.42226329055833317 0.3658028470401527 0.36390498169664226 0.35087374980548386 0.3304150081968578 0.3458093638918877 0.32361002905891734 0.3530581903693818 0.3464167745896931 0.35694103491633683 0.390203783461165 0.38162745909754453 0.4122156948351112
