Raster_benchmarking/Raster/continuous/raster-181.asc
NCOLS 100
NROWS 100
XLLCORNER 1743155.785796805
YLLCORNER 5469291.363150282
CELLSIZE 10
NODATA_VALUE -9999
[rows 0 to 18 of 100, columns 0 to 42 of 100]
0.49867059978016565 0.5103115670430617 0.4634700202285976 0.48181967461691744 0.5014101360413827 0.4548012176292212 0.4274386501569281 0.38420134760806884 0.39787152123139097 0.392898996418395 0.38405511765614647 0.3787828654356129 0.36896668773522445 0.3330850196883426 0.3402240862174787 0.3377521197987202 0.2705598848861998 0.27063175421503655 0.24536630345970686 0.24319477029958983 0.21286788812239837 0.18597809222690642 0.2183322795655448 0.2292167159691407 0.23205365565413824 0.24501179848534016 0.305240016336865 0.31079689467043686 0.2731977872014113 0.27568341221851606 0.31993745812222973 0.33144316896881015 0.4204805572742369 0.43743363512579125 0.4519700288408685 0.4719712510424968 0.4288794386463646 0.4418749774349341 0.4066066025435957 0.4178143859214688 0.4361291344818498 0.4459466537776947 0.40845923875309553
0.48772651613160073 0.4876447561505526 0.46568997908531834 0.4579563358374761 0.4520514938547857 0.4715012913062813 0.42926353323303507 0.42306810459435884 0.4430867400533148 0.3927801287256199 0.3578850485461251 0.3629244326717012 0.36946758679933034 0.3194137612448161 0.33127239002873643 0.32698581929578524 0.29028207618484003 0.2394782619745388 0.2739483295250001 0.2713796011607193 0.2121192468387521 0.20344656551589052 0.19676402423726197 0.2286591526356033 0.25192188089918516 0.31362623058572137 0.3219213759569775 0.2563966905280668 0.26749422004511636 0.30312267801494525 0.3338913184304474 0.35027680223372637 0.37416492942398943 0.45901915713569036 0.4592213603666922 0.4716640525039783 0.46302814976591317 0.4747963201436508 0.4275647163254687 0.38926051256582583 0.41072518868639785 0.41608873193748636 0.4127209473352676
0.5163310220300382 0.5149988267084927 0.47927864599704906 0.5024899037414917 0.49294483557806534 0.5088856324325083 0.46228269323131244 0.4724916177732223 0.4390761544127661 0.39970838142867615 0.34717026767405096 0.3486938095183357 0.3477826838536033 0.3169760383339342 0.3306115125317474 0.34907242091830776 0.32243633027820456 0.3003731769353866 0.2989485056225846 0.287008355932765 0.23496505112207397 0.23759383976106857 0.219643185320392 0.24303228040080005 0.26897404601047953 0.30667131272352816 0.30124983226005725 0.27939087375346505 0.26330101710060066 0.30741672420778665 0.3024920213140698 0.3015510312529356 0.33187377713517363 0.3949812150044008 0.42581389849623824 0.41313056040611806 0.4337889793612358 0.4450190816639856 0.4240418414119779 0.3727619611554465 0.3559929700228554 0.3997420238201467 0.3721266387879755
0.5948788353272376 0.5028866147607138 0.5036407285252951 0.4719883309719551 0.5072958595614507 0.4989385441256702 0.47777250939937516 0.48295228387757994 0.452601644947771 0.3809951999683283 0.38350007216752585 0.35141605649166296 0.3347934273353263 0.3457279685274749 0.3558686695452158 0.3082563187392991 0.3385393685245217 0.3093578435327705 0.2944857081941373 0.2711061066994121 0.287747886127899 0.2913684803138912 0.2436641282321461 0.26522754868332976 0.27732162413747996 0.2789822487603523 0.26860798118690293 0.2584556523904484 0.2615123480403223 0.33575850391840106 0.34173065255215623 0.31441893954078304 0.2956314541152237 0.3018449541456725 0.37346391510255894 0.3638421287040165 0.39924234002704606 0.38848790197376176 0.40826586217852323 0.35537284559031856 0.33217307438544635 0.3650510440909671 0.3999647773770739
0.5955939148096826 0.5594823822299333 0.545033145946765 0.548046564847826 0.5406004522430351 0.4883802323036467 0.47364337346260765 0.45197972603202013 0.4067674870415244 0.36525595887882645 0.37377264789959447 0.35600173682452385 0.3755463485148526 0.38962520527457656 0.35476878828855724 0.35653417840343854 0.31956817356486095 0.3465901061445342 0.34861308216786346 0.28076857425119484 0.29681536338415093 0.3005343766073114 0.28632606393432153 0.2649234624316291 0.26351910912271653 0.24593357159523166 0.26773411600651176 0.24535223877935491 0.2973252464082533 0.3092118733026199 0.34752004603965136 0.3204764846365129 0.30118513450875456 0.3195138715809677 0.304485438882658 0.3388886140915564 0.3547666385520959 0.33959841495670307 0.37350744008230474 0.3480408880408901 0.37129490116865294 0.39906953232037573 0.3705619029565239
0.6863780890487148 0.6044099920254966 0.5804730889523325 0.5988624304258088 0.5818600370922725 0.48198426920871507 0.47704310373136166 0.47539874719951497 0.4468108285035531 0.4028480423700557 0.43192638842410697 0.4069400399217014 0.36596145086704307 0.40940251568962166 0.39760754666826653 0.38348551899827243 0.3335107902147079 0.3974233351893883 0.350762395247028 0.3093692606345009 0.2929005698216546 0.28607474450693693 0.3216690044850929 0.3274497262893001 0.27757811527407933 0.2723003875481273 0.26455089460283976 0.26765351190250547 0.3182129489044523 0.34581085391575567 0.32585307018035115 0.3545697125790353 0.337767430624051 0.2661971391585422 0.2925135847429831 0.25768816658210086 0.2895664673870929 0.30265013999873985 0.357655306543632 0.37568556632626826 0.3828464421295179 0.3749787699537409 0.35174774439998385
0.7145261495718739 0.6494595264387591 0.6599332298855584 0.5951449437618842 0.5906906646003978 0.5496451017083541 0.5101034305020857 0.4935791728879392 0.4512900375975317 0.46125619436978926 0.4369143611685693 0.378149089889141 0.3840214189188307 0.3867960771668174 0.39586765135332336 0.4018067425602913 0.3560045701469779 0.36756314392643663 0.336050550295134 0.34710066695807595 0.28364772183971976 0.3118281073122224 0.3046082983168214 0.3318175617412738 0.3320707984085822 0.35789660227859327 0.32190487780026095 0.3363162761390468 0.30412712952571974 0.3650685287014621 0.3775434680176038 0.35875831343640585 0.33379338462053676 0.27348563514953084 0.2926232231611441 0.26264625417625387 0.2888963176056177 0.26069978569307706 0.2914411617650242 0.3257244602036593 0.3537848693587445 0.34668107414902755 0.38899764929994496
0.7484588217620954 0.6932797086374411 0.6722848686133386 0.6362122541258483 0.6064841301332534 0.5671375943807756 0.5685750985683434 0.5447825089214059 0.5166597633194245 0.4307177540308857 0.4331482818886354 0.38858899288394644 0.4278603214658843 0.4405138229288668 0.4282731495954703 0.375280144054547 0.3974068112684989 0.35740620478880514 0.34104141111364544 0.3369830173409984 0.30442670201541605 0.30292382419260105 0.30307832202098683 0.34499246560384983 0.3526227917704502 0.3985045560191616 0.34803232224490604 0.3610781287579631 0.3787078921026841 0.35923270779658106 0.370388531817714 0.35605763040949184 0.29611180404205945 0.2690322545926012 0.2947794311594589 0.2873053064869384 0.24776783196846283 0.2768457101550326 0.27991229163328274 0.3071388408183767 0.34748980304080335 0.3851985884717577 0.39482871605385417
0.7839605745949758 0.7737676477719603 0.7106096111792252 0.636766686715944 0.638472527913708 0.6196857297354442 0.5648519033038523 0.5366261226813445 0.52095279796655 0.4690801165809869 0.4684806906901976 0.46322684920622487 0.4435625801528548 0.4655364900102213 0.4321831163022842 0.3998529908323643 0.39838846964253893 0.38496499072118107 0.38759270152273456 0.35941771939141937 0.35519627707897705 0.36889351834388007 0.3385766534401599 0.36526707962331434 0.4143660106333383 0.42817439901101345 0.402627105825044 0.36403008179902274 0.3989039791001789 0.3876931101705894 0.32388938201437406 0.29526345016441785 0.31288400402669825 0.28072148959221843 0.26152135203825627 0.27899993643072585 0.25785364096616953 0.28279171949955423 0.26405391059497646 0.33269874834676666 0.3220430638492188 0.32957586664860106 0.340410193133971
0.7899111172998303 0.8572050899074565 0.762057998448601 0.6854580887251177 0.6428163760048446 0.6753157449910087 0.6306889148662232 0.5574642413634054 0.5237159247581007 0.47443296720182127 0.4569607187815397 0.48599541413346786 0.5099831357765534 0.45678163916318565 0.5127328957067141 0.49739079986812906 0.4512478559907592 0.44394338201824285 0.40872767035312574 0.42573800717315824 0.384708879648425 0.3700028286267853 0.41255188885826916 0.4037207215367527 0.4091438609264525 0.47358855580386056 0.445850659456842 0.4071266809297471 0.39711708089341197 0.40564870527111496 0.31454274931126397 0.2894773297824479 0.3056880960310054 0.2582824633430375 0.3007550606677277 0.31984931174870584 0.27565238545207843 0.2523327770121073 0.291833468957071 0.3292225266567944 0.31953911551856906 0.3705242701468222 0.3619166991020873
0.821667173936849 0.7926691880301923 0.7181602247093485 0.665259430690996 0.6495430816600701 0.6414321942294339 0.6014320183194749 0.5763629891407409 0.519500741544142 0.48997549585864664 0.4746180220328446 0.5238056828561836 0.5305602108824194 0.519129253662351 0.5443911394787547 0.49902943491383617 0.4825781609339534 0.46380133502750004 0.4298876458687645 0.4428629988508077 0.41638303605273536 0.39498020928720956 0.43258125455469365 0.4557803226529228 0.45642870935386076 0.4455856063243393 0.4575931507515304 0.4420393008464415 0.40235732809354513 0.3994251913468171 0.3181415372921961 0.2575403810696097 0.25930318789532253 0.2775354174054047 0.26162265826720593 0.2965407429631117 0.3143578024960131 0.32099602440174574 0.29104188493371086 0.3090423106605729 0.319610570219043 0.3151411731101525 0.3549252447484263
0.7825275733794878 0.7454037187351135 0.7033600516362863 0.6672270996729374 0.6269030837083087 0.626198102132602 0.648147018480331 0.6324722217027892 0.5595055646498617 0.5168781671890373 0.5414018684303967 0.5347870549207551 0.5844938034761343 0.5666349489921658 0.5767143211706853 0.5377540316575367 0.4716956306374608 0.43227207087567343 0.4225488166126948 0.47365712427879153 0.42657125814505636 0.44262082476868103 0.41209517935708706 0.41296000909126984 0.43490728399985845 0.4854491739649093 0.469924639877799 0.4588510756652853 0.41089427316427135 0.403247402411258 0.32633704780356443 0.2759240783161921 0.29717170758668304 0.27575336726799304 0.2718477687492103 0.30770760849931417 0.2907830456865454 0.3208907360201818 0.351428608324111 0.33257724120556303 0.31776248191661427 0.30623962659080634 0.32117552907774716
0.757833275672546 0.7265287169610931 0.7324411081491844 0.6839003647254919 0.6436444915605912 0.6145047214826715 0.6303767307520299 0.6083758896569035 0.5679635731078752 0.5849738667431892 0.6017703778979231 0.5896087989596983 0.6019057762338015 0.5751102737470728 0.5674436857946269 0.518999410309839 0.48236767021260635 0.4391025914607749 0.43096831915345124 0.46445221837846523 0.4658532078115267 0.4456480432877457 0.4437644469860597 0.4534020708256379 0.44526912741253194 0.4720255760862195 0.462921269867966 0.41224818280405157 0.40576539399583783 0.3236500473565869 0.27972765283921625 0.2929772746360975 0.26408967069614103 0.23465762824698816 0.2621617226169716 0.25879908744869357 0.3350592309019627 0.31220771953505816 0.34847237514452367 0.3523364822219699 0.35280145172646377 0.33885114237214 0.3459474686470119
0.7510778344197138 0.7247264076080663 0.7049523222585586 0.6803084242149591 0.6613490738571681 0.6191633659135339 0.6175550066250519 0.5943694074431692 0.5862384076156617 0.6230167992649186 0.6033605159262031 0.6376627735986078 0.5915660181765687 0.6045371813069461 0.5706703965770675 0.526105133769716 0.5176630626218254 0.4647275811585836 0.439113449227941 0.4449394380748902 0.44774269532658006 0.4556326093022293 0.43505267315912854 0.4660862734934455 0.42290777154301445 0.4716854882637843 0.4371633431620191 0.3669284734192971 0.36906891869846425 0.30533285034631424 0.3008374745611458 0.2373331858972462 0.2659714860158066 0.2163968972258776 0.2434616326238984 0.24797045710982743 0.32761504124426605 0.3476347435798232 0.3206285946117638 0.375664167349112 0.36631878182340605 0.3160472182653612 0.3358693143190584
0.7954498664934245 0.7564107622038032 0.7275950759565265 0.7051967467896175 0.6580565160113862 0.6129417498659492 0.6100816027643118 0.6096957236564471 0.6450026798041287 0.6661642369250101 0.6506523018466497 0.6061332429130919 0.6196635022082291 0.6184004349237702 0.553283641531891 0.5304752378618861 0.5461765748478856 0.5149594625068844 0.5213149814633554 0.5149686204776214 0.4626737273849008 0.4557494227078412 0.4597094703273483 0.42024564058139197 0.41873372424668515 0.43068745734010605 0.3686067538907459 0.3534339850059238 0.2999919158049444 0.2749405002720719 0.26255925934307256 0.2720012786525951 0.22362043128448447 0.236950471787743 0.25191527929654656 0.23464557581545833 0.26831739031959084 0.27229077492317993 0.29686037894807915 0.33239051437862466 0.30911631378450094 0.321590740018336 0.31102841458006014
0.756890085385591 0.764321023559436 0.7847271192197007 0.7489007323266722 0.7070525055411643 0.6695717986637432 0.6732671568439853 0.668496015702344 0.6654283214874536 0.6355232840787006 0.6000485077096944 0.6081237374312615 0.6245854315599467 0.6414659505922855 0.5703481262118447 0.5420860400292518 0.5735190984466336 0.571164321893286 0.5444315821049768 0.5121889569125886 0.5131387377392866 0.48535533572652384 0.44634391309623783 0.4480580319845195 0.4129932265909058 0.3604994285725732 0.35684768090796515 0.316094711230756 0.27086983629249295 0.26599099460170084 0.2884379032692137 0.27929857071142977 0.2552616172443621 0.2175456772491187 0.21890826524359266 0.28787287705523884 0.26007723937813354 0.2632983269066494 0.2679410783796393 0.30907873353721194 0.34301741825428417 0.3270015934797112 0.3006356066274987
0.788785491824377 0.7950517901567362 0.7838607736810504 0.7670218647524036 0.7589631720301115 0.7343589794789049 0.6790023284805825 0.6443375579540488 0.6296986961734433 0.6568044460750795 0.6283298492691661 0.6053901421677003 0.6253580232457998 0.6293022435309699 0.5866893643334132 0.5387572971583154 0.5860817348735776 0.5952579907888964 0.5771026930390927 0.5428323918185421 0.5159564728118793 0.4643808316907436 0.4876220255555641 0.4748783052652093 0.4003765885589819 0.33447339360484446 0.316110182123268 0.30101764817876503 0.28096793965705064 0.2772701843029375 0.23357388857380978 0.2264872988558709 0.2000825702838952 0.2125491907426973 0.2144369219330975 0.24995602802491126 0.27343140841277835 0.24460995084517384 0.24634130273870888 0.3018892605919375 0.3294980197953132 0.2974128007040028 0.3449228544137901
0.7542122290781846 0.7927492217348198 0.7967928530436248 0.7607103522615583 0.7598353056926975 0.7530153269293137 0.6888554779187337 0.6513843291392288 0.6674439315450693 0.6239737894743367 0.6140746298961175 0.5972085040804143 0.6235366023763271 0.6431554336862035 0.5919079624051005 0.5447887326952604 0.5818069558574869 0.5639856375641824 0.5556367985276732 0.5536849162826539 0.509893597834904 0.47999119072719926 0.48606778571333153 0.4437717542279383 0.38347505127564624 0.3605038454312444 0.3132140170654338 0.29618092074193886 0.2805376891713458 0.24553962069239785 0.22968129804178064 0.2615688074823021 0.23717672129020415 0.15509232286371818 0.1947420644411548 0.23139420707354702 0.23770717171699085 0.23379894272862672 0.23342414326482813 0.2775970606003473 0.3103448764057217 0.2921926221066789 0.32071591864649285
0.7816095471212692 0.8270549706339796 0.8203881137415785 0.7645311427462526 0.7700744639556116 0.7559270701025216 0.7042454626760241 0.694345215028211 0.6591269174987965 0.6623331236878774 0.6507186580628861 0.6383438798127784 0.5903785933727079 0.6024262208937393 0.5813834906710348 0.5227140802905759 0.542294251386808 0.5309919867495343 0.5669219645841339 0.5260619036536394 0.4860823023716611 0.4938317951348047 0.4730731025198523 0.4010236221902769 0.3794193321325083 0.3507048936514232 0.3447050509588578 0.2792961961633979 0.2843492394912392 0.20565606943415587 0.198926940765055 0.18939828665766453 0.22601381251246153 0.22435927418875878 0.19165924506252077 0.2382380251873219 0.19929413638145427 0.19936715264902727 0.24488862138615486 0.266063806825161 0.29337772974783644 0.31878652604569296 0.300306421779322
