Raster_benchmarking/Raster/continuous/raster-424.asc
NCOLS 100
NROWS 100
XLLCORNER 1743164.227882612
YLLCORNER 5469287.96968072
CELLSIZE 10
NODATA_VALUE -9999
[rows 38 to 56 of 100, columns 43 to 85 of 100]
0.5158973432438047 0.5266931876119495 0.5021543255631924 0.4991284371922057 0.475674859295075 0.43879601193613255 0.37802291988611747 0.36584749283072066 0.3735606753690711 0.3189480119338656 0.3014402349624075 0.28114625729987724 0.27048195061995073 0.24187234224386708 0.2668198695100831 0.27783789645052814 0.3138693344140498 0.267981526733373 0.29299031858226743 0.3009379492730342 0.289140906817091 0.29741514464618457 0.30317495482773055 0.29377166368354585 0.31810698468097187 0.33231137994441773 0.34201988672814204 0.3519984094936097 0.416014504935702 0.39724530470442143 0.42220337049396306 0.4189333059875684 0.49545052745418183 0.5078742104570764 0.49888133785190564 0.4570457050828241 0.4534903114518453 0.475137148636279 0.5562776246777281 0.5794107934668785 0.5442154103779303 0.5231267471847346 0.5468814962643413
0.4692761622477373 0.47917791681143557 0.4791435486900504 0.44896277305146076 0.4494950840412379 0.4480444977307493 0.37936452524638714 0.3840834998573638 0.37723753192774906 0.3056715124927766 0.3123312170042684 0.30575333286938466 0.28189192597298823 0.2915073493860519 0.2930150458834225 0.27721258762520945 0.30540503735659214 0.26277627131952164 0.25482196521402606 0.30349505763452855 0.30890254712501825 0.3091331762158778 0.31852955356913215 0.3432609530062495 0.3352270482881756 0.385867545014452 0.4074817521734564 0.3648095869884281 0.4176775511368088 0.4179808173855027 0.40722411353674576 0.43335628430388345 0.46321298659062216 0.5371469996036965 0.5160109486225215 0.4993848954606953 0.5347332694831857 0.5304040359964536 0.545332743713587 0.6018911664828664 0.5561302442843299 0.5351683202435463 0.5449349156309793
0.48887684321956143 0.43773347661885736 0.42304401903932165 0.4428686684352406 0.4635660144548688 0.449611287244847 0.43380105239069144 0.4186075810507362 0.36728080382417827 0.31934244860890715 0.28069076458726905 0.27034926875251014 0.26169189036330887 0.2810225127141379 0.3102024785144471 0.287184652100021 0.28278842358420386 0.30333546563130204 0.2729660259260659 0.26253208227962616 0.26396150235849075 0.31259611980360685 0.3631742066196997 0.35839513682538493 0.4098904378256121 0.4035771889900039 0.41397349690523916 0.368671560659151 0.35189502267688594 0.37559329675493247 0.415619877137159 0.46720921403058885 0.49954118057749547 0.5083178906693424 0.5671615738532374 0.5459955317758148 0.5650811201202286 0.5547869127037476 0.5882693770240005 0.6006671891584702 0.6033115345282309 0.5626086382741418 0.556773969172518
0.43392711011559976 0.41403065009789636 0.4022760791901435 0.41955093040986813 0.43282344194291994 0.4573105323722368 0.41703748926507006 0.4290852381982396 0.41598659758813405 0.3996966888411038 0.35557572257164266 0.31194997042039174 0.2947609069744363 0.3185704103239733 0.3329522954871665 0.2938199609186422 0.2670975138874488 0.28625291175973233 0.2661761486283713 0.251138158512269 0.22947052894403436 0.28643822265525776 0.29961573101338757 0.3632229620408096 0.41025519404994787 0.37719961014343045 0.4054610655782731 0.3756565983439941 0.39588396901721984 0.4369775042034597 0.46822607524103277 0.4866174168203369 0.5220638129245763 0.5332641901432507 0.5655831857390036 0.5786911574115902 0.5787824064377352 0.5616393916220258 0.5525528834848626 0.6066287519198059 0.6223055845551032 0.6004303193260535 0.6271459618892645
0.4375365740927182 0.44365108743172477 0.4292844430276791 0.4165099283151051 0.4387680545056534 0.41308057656584624 0.466338194205637 0.43146701214761224 0.4516304331567694 0.43942558179511887 0.3834489913951018 0.3513495860286085 0.3231635401183686 0.3368456309034502 0.34044443892531123 0.28426900624435897 0.2700651414727372 0.30350376130668516 0.2828499133170932 0.22827628025704894 0.23320178906974012 0.2867075703466699 0.30225094041995687 0.37611470508248535 0.37115842121912873 0.404887769934497 0.392433021054398 0.4320183772065016 0.46142559689820284 0.4321271924826033 0.44409858101400357 0.5302146942728403 0.5431819374039715 0.5289221254870888 0.5509342367108805 0.5659012328060403 0.5670533384692792 0.593489246884307 0.5767769995406953 0.5986744172378217 0.5953685070492167 0.5950087481457017 0.6303754876658058
0.40300176641610025 0.3847363699210853 0.41874299879056287 0.40525376589574863 0.3965302131623312 0.40777584147492846 0.42595404209663834 0.4645122254896934 0.45932235340187916 0.4283579794525458 0.39897990244674814 0.4070703044188658 0.3573857956352558 0.365775398956286 0.36944102342989465 0.3584937569996633 0.29371716692793903 0.2680432119819221 0.2953546488884293 0.2590245815159551 0.2588115018233376 0.3062111330147153 0.35064291513429247 0.34462587511175496 0.40323018296599894 0.38350686840063286 0.42371677178589945 0.4549884756637263 0.5039210787886664 0.5026519758470853 0.5128309505121659 0.532722077475139 0.5296309071618734 0.5615019227333173 0.5588043757747484 0.6177216462718023 0.586982688191157 0.5967793060222737 0.561947167784413 0.5562249186613879 0.5701956072855139 0.5813166415564369 0.5888394058934688
0.3528655238444743 0.3540714914270846 0.40849960585893835 0.42863707139130375 0.39563959663620973 0.43052274854242606 0.41239194081257646 0.4169234239206551 0.428577197326492 0.4053858310277798 0.4256503413006581 0.3869548454884152 0.37480399940448705 0.3462865202111337 0.39116872092524585 0.34854877280704644 0.31398685464785336 0.29929313383691913 0.2603876176275168 0.28388698829281844 0.23474271798952065 0.3043948560716965 0.332135214037433 0.3400155557935283 0.3919732393378537 0.38932742042396307 0.44785924675504146 0.4987523958335974 0.5133445620053682 0.48254163732628047 0.47006452347843847 0.5149963117536797 0.5835613435061546 0.5477934322160354 0.6183688555169846 0.6377475135599863 0.6652924973884456 0.5935802112507865 0.590450157967443 0.5598783010740287 0.5559254102462385 0.5605479826653389 0.5682350240567342
0.3810978708454628 0.3511707298073966 0.4090570118529019 0.4005952500834212 0.3895692041120575 0.3799439911309085 0.4037463776173635 0.36751842272433044 0.3992327610013399 0.4036855335698643 0.3986283977515251 0.35169023600170973 0.38286059992210575 0.362230928267605 0.37173586010978515 0.3124273687504774 0.3104803697217155 0.3100413937241365 0.2731315977788048 0.276094094159577 0.2785575615234397 0.29730976859359076 0.30919132554232115 0.30555150406982723 0.3382516635811503 0.3648126199101991 0.41908194179914315 0.4754051406001157 0.46608788557413533 0.48431416717290476 0.4590242781568935 0.49723449972502504 0.5174742073376257 0.5532952994781495 0.6006888240386274 0.5951722304638822 0.6268674729310223 0.5914765406794863 0.5879080842646637 0.5934471888947974 0.5544917872855211 0.5789663351781624 0.6152588279367452
0.384003364217445 0.3926364075802665 0.3822067799680508 0.36145473274680817 0.383013768743322 0.3695951477874513 0.37521340144788645 0.40604555575571727 0.3798220376146213 0.3507542829804276 0.3454718678479108 0.32992523054635625 0.3654600071186664 0.3574070635299534 0.3582705214676043 0.3542818494763461 0.2886052768314182 0.3205523781007828 0.26781764068601877 0.23794221781384362 0.27181712097878696 0.29140776490409087 0.25527884132666695 0.2650856148472655 0.312268625611724 0.35263946012033737 0.38534643420048603 0.4401509933494103 0.45570697415434774 0.47775272025106624 0.4875567826716967 0.5140101805164733 0.523631376722233 0.5616587854421352 0.5817323261930283 0.6068115737743937 0.6106611143431347 0.5808748716193061 0.5599516017348257 0.549589408924825 0.603079246384102 0.5901568341949438 0.5914942338341791
0.3784689055309875 0.3632488227043693 0.3798042959723411 0.3722188874448096 0.3370031904740639 0.37774901148486406 0.396652858202806 0.4017317682615819 0.38231582349359505 0.38686576936297223 0.3801157168547584 0.35621726338627174 0.3861640387785359 0.35560213777125754 0.3621690280342233 0.3415096241138903 0.3563386040322802 0.3097712265042993 0.3040739170033988 0.2594665192701738 0.2552455096478454 0.2796843535777455 0.24617220513755786 0.254410568534165 0.26928686649371 0.34377371196759293 0.38393134420487046 0.3960632775347565 0.4736600651129253 0.4670981397470221 0.4594771478598491 0.4949120623559432 0.5696960891951176 0.5787618381425033 0.6007278992981351 0.589332107332605 0.5526941746720788 0.5290740142120777 0.5521489957057962 0.5622390577224377 0.5986143320679569 0.6116356066128554 0.5893518707586083
0.4036054410420885 0.352145379023602 0.38558586334932626 0.3963496762352306 0.34147594202344966 0.3378048466440047 0.3449824291469792 0.3929362904894157 0.4181832056738885 0.38178592216378227 0.3821872663729606 0.3948739044807764 0.37053620896912953 0.3579815359888449 0.42456332263831364 0.3651318017163025 0.3645096402144724 0.29059096216071373 0.27380820897918945 0.2847755551211786 0.3328517933537777 0.32457803038591637 0.29340826323002167 0.24999248364467533 0.26250509839453184 0.29611400456431697 0.33864391086968454 0.41579777607681073 0.490965125896406 0.4802737006409787 0.4728910623667694 0.4777696791567881 0.575590050325908 0.5613905242405529 0.5278707247249679 0.5560452968489656 0.5118815001694741 0.5195937974202546 0.5266113454547545 0.5889914634670642 0.572147938650248 0.5797178534428965 0.5914872413401131
0.4273419585768458 0.3722794134538896 0.3630323527579944 0.372545528479192 0.3371644090442131 0.3024193252682922 0.33551127159107047 0.3629812823576163 0.37537725774754227 0.38810349938409233 0.36087004857941224 0.4102336693565247 0.4013496962518129 0.3870058009913063 0.423479432160287 0.41636478585025727 0.34789233505142614 0.30777179287443607 0.29296521279176246 0.3241159519762824 0.3083554323349126 0.3277341961033489 0.2670621974490386 0.2835906536102216 0.29948510474933265 0.3250559805750498 0.3339896938175499 0.377300556085969 0.42833896811287037 0.4413847141961292 0.4778891666008194 0.49536022071150726 0.5443588400283266 0.5319291515474026 0.5036995665130882 0.5161817249544545 0.5165303753638568 0.547065213654504 0.5826360232946557 0.5760465449711597 0.5435528406353058 0.5576805838828145 0.5439825869665733
0.41492640149142274 0.38187300482356956 0.3517533098211547 0.3395514345158453 0.3226801554708863 0.2883999475711826 0.3179964361772546 0.3372965910361304 0.4146111004980624 0.3834832568707657 0.37819919417410697 0.40377251103777906 0.38522746459451596 0.40530124423784153 0.416208577116302 0.42252753426046835 0.3508459895424013 0.3449685794587486 0.3392721571517566 0.34462862515220183 0.31521771540411 0.2614162948035139 0.25905946575314714 0.27882968806834796 0.2454065538040989 0.28970362849933184 0.3296704793604191 0.38014104448429753 0.4701578282176818 0.447350265213617 0.44330133387058623 0.4590128494081744 0.4754028391489713 0.48054552899890723 0.5304222809292908 0.5270158228841706 0.5407551249601465 0.5058242496392675 0.5539396017893609 0.5620210636789723 0.5525863313208735 0.508946125336964 0.508672613510212
0.3291283945820923 0.34873695450614445 0.32917720373810216 0.3012958093545197 0.33027362672680316 0.30521989862029664 0.339877979471569 0.33411517823697495 0.38369274613302373 0.36312435517842206 0.3464130105006793 0.3839084885549993 0.36765346711674185 0.35732274993728924 0.36960926767084007 0.38985754005557005 0.3680153405871307 0.34496022388130204 0.2868965065542234 0.2966945574474332 0.24631343316452267 0.2615369013605234 0.23411539612147608 0.24556997623984098 0.23369163493982226 0.2820055729227877 0.34131847177795116 0.37156990566198883 0.4332504500376749 0.41544975377133936 0.4335183407558708 0.4506418989451443 0.4399991048460452 0.45993099697315515 0.46085627104212573 0.49022080124412976 0.5215401085809765 0.4880579331101063 0.5178231257791308 0.5362325708075304 0.5433261701218682 0.49436205234416425 0.5244834082497754
0.2852482774966512 0.2906392855987748 0.2754684222108259 0.268045561696723 0.28227123436858775 0.27790955420116403 0.3084979896465798 0.30456184615320997 0.3357833198477229 0.3209822152950329 0.37306101517521484 0.3499643886495832 0.362004926810605 0.3661973181456124 0.35686291857754915 0.40769681337199126 0.3964997505185158 0.3462717880067353 0.2751954155667052 0.2957690154444921 0.2174823690045317 0.25391477385802663 0.22001568426717025 0.21440914352175955 0.26574245167752686 0.27538197613824805 0.29821838334133954 0.3687544646171735 0.40695991820429883 0.42709291619300693 0.3995973746565409 0.39418229981348185 0.4048214085385599 0.4085500967386542 0.4318370844375881 0.4837711068995624 0.4641627324386505 0.4595127951269122 0.4995203455810607 0.538621985526338 0.5508397491894048 0.4969869856921509 0.4905286213461873
0.3103972804863947 0.3287091592603548 0.29090459208089803 0.28675222763004843 0.3239691274306403 0.31520597321281396 0.27865262986002926 0.3295457002221999 0.34547735335071394 0.3254823908497088 0.3640757149196272 0.3698410385378983 0.37274617666936377 0.3844772067636617 0.3744046384196305 0.36748900750645125 0.34654411911768573 0.33356687124002005 0.30621048245376786 0.30596857539202627 0.269608588325791 0.26599912912934953 0.25892729504273104 0.24780951111811697 0.2837705600350041 0.3200588223334739 0.3005897499793104 0.35344626698722625 0.36542225257751043 0.4034774332667537 0.403938411068659 0.4231900729874732 0.3689294752457407 0.3891587255378379 0.4059210290405415 0.44599995688824545 0.49690762369480934 0.5010812080363946 0.48706777106131544 0.5106789140637652 0.5431226625850855 0.5134498130332539 0.49100920608895116
0.3686149021007772 0.3191666045077976 0.3402926569152703 0.3275704462843498 0.29018133837646537 0.32109486161721945 0.27969974423082505 0.2818526549004787 0.3316680109041718 0.35399206937521077 0.33173586559207796 0.3716806298580928 0.33005030286473247 0.32351543562014473 0.390878964330887 0.3945192351410886 0.38342842436921737 0.3404600567553016 0.3249747511252433 0.3063064411964242 0.321126084133642 0.2551142904342937 0.273664491386294 0.2745420332492888 0.27699774758792395 0.31782012124243514 0.32974015683900665 0.34997177124446965 0.36562575458910185 0.3716789830829024 0.4043419201563538 0.3718731839327417 0.37761396551725207 0.4194326086429067 0.3673529883787519 0.42856017379126066 0.4555029208027673 0.46066548177836636 0.46599406214713096 0.5110460397662129 0.5052470217777909 0.5408312613043855 0.5433029968330988
0.37495277107868946 0.32896912848885485 0.3587157091263139 0.3505668939603505 0.33730527318143877 0.31317612787735827 0.3392165814107978 0.2928194267654817 0.34732844350099373 0.34273365868389943 0.3469621291263485 0.3356902720627155 0.32667573745640993 0.3150924708343864 0.3582963481909729 0.3428996007013166 0.39812564288431984 0.38331368523330994 0.32725939536360854 0.29907700878440235 0.32303442479128097 0.2823544185612603 0.27213160302849204 0.3029895209939748 0.2527512108768828 0.2818973563935813 0.31054008319186216 0.3142763442745898 0.3930102318707911 0.4319659322944077 0.41526341399972505 0.38510253023026203 0.3989390348441666 0.4328869999460181 0.396428836742468 0.39761007898542083 0.42751116721246635 0.4478975187576574 0.46497440275711804 0.4817119183495453 0.4503497776451956 0.4790148418912722 0.5327344966317461
0.3678663346930795 0.37738348537327443 0.34608446258878284 0.37043491689005015 0.3997131510093507 0.35118758544526474 0.365740752522665 0.35091138249256965 0.31276952020445214 0.32617417656726194 0.3528852724269096 0.30460576720450455 0.3349185645935737 0.2984239934429008 0.3109068432499324 0.3488769339070042 0.40621775817947736 0.3547005003500845 0.36098373016362234 0.3252355904960343 0.3048514875357494 0.30875622534171177 0.3117235074819988 0.26667416227052626 0.2653427515962223 0.2533233164919965 0.2848035367737118 0.370651493585314 0.3943438948474721 0.44276945737820356 0.45000808444836465 0.4176785269647402 0.4271620046773083 0.43004048824714475 0.43846413402766454 0.3906966454473492 0.3740175555539162 0.4052478758009947 0.403723625459724 0.4026113425305363 0.42691840031922634 0.4786236834110294 0.45716536661189905
