Raster_benchmarking/Raster/continuous/raster-461.asc
NCOLS 100
NROWS 100
XLLCORNER 1743152.1047165857
YLLCORNER 5469290.796968475
CELLSIZE 10
NODATA_VALUE -9999
[rows 19 to 37 of 100, columns 43 to 85 of 100]
0.2167683402297345 0.23295112262061105 0.20709141196811665 0.199427491041021 0.22858717061052614 0.23358353640911617 0.2342638433209615 0.2068590864406887 0.21752897569920823 0.18874530683520707 0.2434873749595794 0.27025023156506933 0.2504345026203503 0.25895978392276664 0.2546179907277801 0.24167434933470733 0.26403187855706256 0.29988463798160475 0.315770800193486 0.33143826791237924 0.29698055979755367 0.3063344180071667 0.37084886522784793 0.3879123609498939 0.4166834814509741 0.4373583841089077 0.47022616243313475 0.46270451044398037 0.4827635926458015 0.4935717844962104 0.5057405918853388 0.4891084315275571 0.5279220569440054 0.5903957999068523 0.6287533700871614 0.6557812845246096 0.6801762581609615 0.6700209032033115 0.6492991721656898 0.6625281689485939 0.710001751727337 0.7157617153237528 0.6737499830524837
0.21466081809161494 0.23502267777168753 0.22728991798972484 0.20370888896871614 0.18440007296934896 0.20801315618439328 0.217911342432615 0.18648556021389256 0.19480896410676662 0.19044833115485665 0.2040065119646544 0.22235461688545108 0.26061738460143846 0.2511661190500586 0.24444935400699566 0.2446642787746136 0.22679587992680741 0.2752939451701574 0.2963950797161847 0.30424134555889826 0.309895200073155 0.33425680759261023 0.3569964075061578 0.37407226844064045 0.41492512255949765 0.4254428615596916 0.4706802638887146 0.45409883968357356 0.4601529424887196 0.5001097016885401 0.5038011003994058 0.5378290824321813 0.5510157692167031 0.59522115823437 0.6106554407674304 0.6617852194512127 0.6962162120534274 0.6721887185938121 0.6933156292228708 0.6885610684452713 0.6955656123755962 0.6860100500359999 0.683775899195194
0.2536276141573648 0.24998404841721217 0.2201880154336454 0.17178579464237964 0.20240669768603614 0.21565174551701616 0.17727888624611451 0.16887976622134973 0.1860804741111599 0.20338637981099678 0.20312913065887458 0.20696285068477008 0.20917644709910904 0.23581314545524482 0.2222606057535162 0.18114413205788127 0.222378394024749 0.24307248733563933 0.23669938179856514 0.2702630990056107 0.3013463621181341 0.341259873149418 0.3418286898769166 0.3880105848040042 0.4202875858395143 0.4308816998585658 0.475041541552805 0.4910936394754412 0.5010340017837974 0.4817530467420184 0.5127017715010264 0.530886242217162 0.5821965128695139 0.6037761836129781 0.6294281397986139 0.6707991728362841 0.6649173797261811 0.7050170124219971 0.6717747680761553 0.6831853038835282 0.6609863675290714 0.6912921372569903 0.7050982034733356
0.2487841962296002 0.21443785057647174 0.17994151747065745 0.14345744666177565 0.16602894131018248 0.19556920486222346 0.16677332132796677 0.1684564978509604 0.1619679912176909 0.19733979568281743 0.19229906932834728 0.20783041546802397 0.19756853506107896 0.23232625480676977 0.21622909222583597 0.19262518422773914 0.1908210333905724 0.21952791565593283 0.2231572176195813 0.28415924676643634 0.2992802668403264 0.3141749481061479 0.3409081124025133 0.3885869452246109 0.40474960191933823 0.4376348604075947 0.43288699487962434 0.461359935237568 0.5066650708045909 0.5252994009664137 0.5412955387611723 0.5813926238471369 0.5944085702443204 0.6349866492825404 0.6133703440711149 0.6411037988332778 0.6668385698318854 0.6577046012318102 0.6503235381810987 0.6685640249851847 0.6535940767468207 0.6621871634887538 0.6728793460307556
0.21014713752735376 0.2185461564396619 0.1601599484552375 0.14180177318703538 0.13799518423653648 0.153044402914955 0.18008220850067877 0.16910400686120583 0.1628956779739389 0.17103861193512362 0.18419866105523794 0.14969714444367177 0.18946916666920174 0.20418561246175781 0.2191145549591184 0.2149950412212583 0.19354369450620948 0.20691583309200465 0.20625679795886012 0.2600630061641874 0.3038966525458644 0.3250434218577089 0.33996243357183126 0.37893031897547147 0.41900720449446727 0.40692373624702316 0.44941243014265714 0.4800943774199901 0.514799189121705 0.528732523281254 0.560291709985466 0.5787877192121179 0.5979684299740493 0.6477158292637546 0.6491943219513301 0.6198414249885856 0.6280817065199832 0.652621591272945 0.6472171487471323 0.6380275074291769 0.6517699852155588 0.6562503362828933 0.6777201158944053
0.18964814460697907 0.16948141321744636 0.165606981209499 0.1440222148831715 0.16563506873114406 0.15491087262739467 0.17675365604027987 0.1632869591603707 0.17937804111710046 0.1422717431364506 0.14826047821973637 0.14027270574662784 0.16937036710674142 0.1624951201839986 0.18417535504915405 0.17571092868464047 0.18527877226378306 0.220734594766998 0.214313953031364 0.23837288851367858 0.25791263112409263 0.2971629556027737 0.35042532098698487 0.37261087461416714 0.39614432060925503 0.417289307311385 0.4715240416190595 0.4963016548419903 0.5309327436929531 0.5333144449815584 0.5421484366843506 0.5814473085054298 0.6352686370603942 0.6456409914179596 0.6480912918807796 0.6346966107129866 0.6582825206913755 0.6578004863469173 0.6746161663665078 0.6504982995194436 0.6515984827816869 0.692559676536424 0.6741970670210996
0.17849552168869354 0.17264054386481398 0.16297752680646 0.1522418923507515 0.16120738558654849 0.1875791922365862 0.1767112725428546 0.18692079794188884 0.16548718295504647 0.14742561319455566 0.13658361083495252 0.16662180070980373 0.18170691141920933 0.15318203588557303 0.15571987020682576 0.160960862138231 0.20632288575705088 0.2007407276002804 0.23211713242666976 0.21924338375655703 0.2468877298821081 0.2828371555793361 0.33337908283226153 0.365919886153356 0.4238798074910588 0.439708904162289 0.46688416029366087 0.5240077842218416 0.5342358550053499 0.5224738735399993 0.5745786172045755 0.624875446475886 0.6554732047239609 0.6519471599107359 0.6701546380415108 0.657622071185127 0.6594881986999651 0.7016225405851412 0.6658288536593069 0.6786728754149564 0.6511224065778057 0.6987193422129787 0.6989912436821399
0.176904422088884 0.18659103727711748 0.14779904138257322 0.15967613363057467 0.13924081662490792 0.14287816739036702 0.18823096007425372 0.18885018254537198 0.1656530144551577 0.14074240162341214 0.1483675191719264 0.16684286676191598 0.17978766697007245 0.15681685521757402 0.18234496415080778 0.16434421369785657 0.19011345847693803 0.2284420444035109 0.22763663338390444 0.22257201390933937 0.2622188282815287 0.27912845860711094 0.3369388526707748 0.3778117849947072 0.40817463319439184 0.42901284402511314 0.49079417982868084 0.5106763680068586 0.5426577666167048 0.5411329464209945 0.6031754062327729 0.6440180992315664 0.6647832192334033 0.6577777082645146 0.6568378896709167 0.6709457916684527 0.6784910329900027 0.66937935860511 0.6699188506885094 0.673769484102712 0.6652506320485966 0.7010989254332229 0.7020282286890934
0.19503050798154323 0.18825181743513444 0.1731919580373358 0.1670179007560662 0.12239451734315718 0.12752456226799838 0.13719792804725303 0.16443742891246255 0.153649375693977 0.12103365469659412 0.1282502783684349 0.18377664483244224 0.2008857701368972 0.20071393446365998 0.20964189541788383 0.1776924667162257 0.21910432560809942 0.20620391208199895 0.22380158687745755 0.2196566740230948 0.26244323690882376 0.26826218855858613 0.33994200073252107 0.3718492455616002 0.42573708676012373 0.4196699212507548 0.45545164297058105 0.49838538064541665 0.5467656310785469 0.5394219622681262 0.5791117003613627 0.6449275354498875 0.6709135367855051 0.6691330900453043 0.6638350669661429 0.70509172170072 0.7037084784491581 0.7039457992129209 0.6916730705113997 0.672569774663772 0.6642429763133822 0.7007037346698123 0.7060796650902282
0.1651344486470136 0.14562389014149452 0.14337612541247263 0.13069328944098507 0.1368172265186634 0.11373256288407449 0.12629341337029648 0.15221955535479145 0.1411582393634579 0.12838290141205166 0.1438309931010174 0.15984065370236608 0.15881591921887836 0.19311737322910352 0.21650843857607632 0.23548254093884832 0.22450542064312673 0.22702425776276014 0.2337639630467508 0.2502754362572306 0.27698826128700327 0.2898591887731887 0.35083415962385883 0.3960156986751521 0.42250580117786085 0.4117128538883187 0.4387291997166991 0.506391334351694 0.5323021948361266 0.533260777435589 0.5808813851942133 0.6003015619262748 0.6411231041913478 0.6568906293324394 0.6630565447549865 0.6845268824712571 0.6646690036764348 0.7071535577151336 0.7167776208264197 0.7032469172786112 0.697250392354233 0.7246591604798239 0.7179846975832057
0.14946121079329863 0.1251067165276606 0.12943992319985193 0.15061087530517028 0.13645518514062963 0.10727872962036092 0.12466157561670312 0.12894876527833812 0.168970197373528 0.17321572000497323 0.14500309475379594 0.148658908195943 0.18878210714421653 0.18838874233378317 0.21098900209410437 0.28233738203027453 0.2370217724427389 0.24153218925225592 0.22975756421373061 0.24922133753350764 0.26980907890337064 0.2919651308192793 0.33511351419351965 0.3899076405837083 0.40331780012776774 0.42492865923547357 0.4703351994054625 0.4785506148544055 0.5113055706588656 0.5684369067435825 0.5724538963089287 0.6161530524242987 0.6509604329636087 0.6629639840005599 0.6431511308690218 0.6625388521254754 0.6744311676060398 0.6659496174860088 0.7109257188547217 0.7563961369340139 0.69497963572014 0.7124195308614167 0.7388992240623578
0.11994268001220529 0.13969179506986198 0.13912759974180866 0.1519700535453366 0.14187962090705325 0.11034681437831803 0.11085458836159406 0.15443136411502692 0.15869877677312555 0.13478678607855477 0.14869743162326782 0.1569146075813618 0.17217963239552403 0.19036197444846562 0.2261864727586474 0.26214312029437736 0.26624114046999164 0.2558603401233886 0.2791221816018804 0.2941319289484807 0.2907799199386323 0.29061385772949117 0.3473576271425902 0.37934931100501057 0.38785006664226823 0.43632317991516106 0.4566887268718104 0.47374988540012186 0.5066355290861327 0.5326128895056362 0.5824910452022374 0.591151305398015 0.6169610646868087 0.6235213071914452 0.6321123944965252 0.6333993369487706 0.6678651339998809 0.6866004092918597 0.7061041585274054 0.7014520476080969 0.6936247578326281 0.7210228125953451 0.7215540930403831
0.14208717924561629 0.15950274298240083 0.15840932154845855 0.15257895781685002 0.12804478895964938 0.14570759310946016 0.14785627245111493 0.139317892362479 0.14817628445440578 0.1433139785501243 0.16395657706788833 0.13857769656503383 0.19575248039573864 0.2047208416883809 0.21459156264403156 0.2462739842146838 0.27362538387815816 0.2800086134425226 0.2615700761651405 0.287171524520981 0.28312593775337985 0.306922362320843 0.3319902953735115 0.3707411154904155 0.41417072384670117 0.4363355629024009 0.4477571116521736 0.49844927837021347 0.5089094764390716 0.5580465159506579 0.5984989272167314 0.620427990787368 0.6184658724825182 0.6056184711739313 0.6283446797722643 0.6377336234869233 0.6546792337933226 0.6572796817431792 0.683827763444989 0.6914149133014778 0.7105795853376633 0.7031101766408556 0.700815369837313
0.15351620732864613 0.13961988711246898 0.13267608439998724 0.155773076434844 0.1275290805130642 0.11232397679255043 0.1244766300657412 0.1513537970364222 0.13857263249732032 0.15182232350397273 0.16691221943636245 0.18668258273124821 0.20985881225710432 0.22719027937967745 0.26196916675364645 0.27904128867452394 0.29256213875248605 0.29756784358755606 0.27921545175474255 0.30713140460330374 0.2987884759178369 0.32841371247927503 0.33647135313874615 0.35704015086134183 0.42426915848575203 0.44766556191936063 0.4721235244771241 0.49288502929421013 0.5133090468771654 0.5327024914305595 0.5669406404471165 0.6044172302142816 0.6062748850619258 0.6018125030531472 0.6284454301173636 0.6256476176227215 0.6266210415320297 0.6699365257287142 0.6835728137502712 0.6636860322015662 0.672048047644896 0.7013061581843218 0.6705581906023886
0.12013521541588226 0.13260452146078042 0.13916469780195168 0.14909687223027987 0.13453883345768736 0.12928860987017043 0.13707128906305252 0.15012317190268706 0.14925798107462393 0.16469577571742397 0.1490206503763885 0.16646304692079827 0.20500477516561436 0.2666778161847019 0.2917674796033633 0.3183351751063242 0.3122052072743249 0.2644600012343859 0.2844787057272702 0.2803748254508553 0.2872826534507966 0.3228620967256858 0.34006514786352077 0.38574490168645026 0.443385322907197 0.4651103071472372 0.4610092880630678 0.4444768864591174 0.49020142346852436 0.5023925692811616 0.5523590830067566 0.5636007585610757 0.5601858004453074 0.5705880086944772 0.623633457930187 0.6309189353161967 0.6087596075868158 0.6326637179813014 0.6700443149510152 0.6677085672352089 0.6795381859010146 0.7040866682425013 0.663036524305494
0.13353108782685608 0.11412400023896417 0.11390730464551944 0.11550869569260484 0.14715110537752407 0.14401926413428442 0.13843459286477572 0.17633203304730224 0.18350768331515857 0.18258143120035597 0.16965350727773343 0.1915821165985388 0.23245465589087305 0.26700003787131815 0.27560349261306766 0.28409902540917903 0.3063794202604183 0.28981942861938076 0.2969446956041814 0.2865926805814036 0.3013967731139082 0.32949587211808806 0.3919903542360697 0.4057108721580956 0.44087782518846413 0.46985086073497256 0.46259949180356696 0.450691315548842 0.49730948538019815 0.5048499561115052 0.5405563665943248 0.5606524422544643 0.557447156081836 0.6041938116360975 0.6081234627693183 0.623424857087489 0.6221383135132761 0.6031324340249345 0.6241633013583149 0.6359675894347434 0.6520097930396074 0.6627373470126661 0.6649745085312302
0.13458516373275878 0.12446780077351932 0.11282856944786056 0.10460241767708357 0.12550768158897502 0.13455196640444764 0.16564035445167913 0.16356641913510853 0.2113493073070288 0.22800960661171502 0.22153573274327085 0.2045498014060342 0.2196914602170033 0.2474358712141526 0.28326489117054277 0.2875275100507668 0.2872851041877573 0.2723664261519845 0.29220121198248483 0.2979583333889124 0.30591136597484614 0.3668090250030443 0.4027120735732464 0.4192986211609256 0.4540704783765975 0.44918652566968287 0.46584225106954497 0.46911884815189137 0.5196693702989854 0.5359228846489644 0.5641247214036008 0.5653621304545329 0.5747514142557337 0.6187618191026405 0.5748103299186194 0.5772433361881635 0.5852317816579604 0.6114051271417122 0.6205251528197866 0.6301803954053669 0.6661580516449701 0.6567850496525389 0.6649196282795082
0.13764883552812032 0.14698463963347386 0.1298360488564538 0.1167414932969599 0.15423787819103504 0.16267800524938178 0.18570605098645013 0.18107430528467344 0.22125948936966103 0.2558596024394342 0.2576954908982868 0.2507351434084839 0.23743210266461523 0.27242088463013625 0.26384919590273687 0.30725454215221176 0.2988562449767408 0.3250017724370341 0.32515241372732256 0.3396384243475792 0.3219946978398741 0.3505642830738766 0.39294191441915993 0.43562028263689023 0.4422348887266569 0.4669194809379419 0.4654447557467395 0.5117913475388495 0.5132615316954915 0.5525361073484247 0.5744388914964941 0.577830145428285 0.6196686630082201 0.6243616946699181 0.569926559208199 0.5586567855583888 0.5617120001574183 0.6151650048918041 0.617816691106171 0.6417913076510702 0.6474689504543764 0.6585835436156329 0.6362097342290475
0.11226777198192726 0.10765516965979768 0.1148236933131274 0.1436441381585817 0.18078203729857897 0.1718286063732469 0.17498036084583307 0.23041777769623106 0.22853773457197987 0.24886123249214223 0.2441746181274746 0.28387883134302955 0.25213404901519976 0.2717028976247376 0.2862823422747085 0.2920833680167068 0.313059300379293 0.3333614367954977 0.3259312259589468 0.3402968433357853 0.324412316711941 0.34358279912818573 0.3813160808128535 0.4023511581208958 0.44940873013706484 0.44289843645577337 0.460224314995595 0.5140733883601983 0.4984214079811278 0.5586220834006849 0.582829239174008 0.6124603538715195 0.6295484469333167 0.6139714491511802 0.5841877490034105 0.5263261595649829 0.5643720450777993 0.5924695372416765 0.6242657917333084 0.6813655523122207 0.6402556585191475 0.643654621845611 0.6335613762966201
