Raster_benchmarking/Raster/continuous/raster-132.asc
NCOLS 100
NROWS 100
XLLCORNER 1743156.747486494
YLLCORNER 5469277.988832736
CELLSIZE 10
NODATA_VALUE -9999
[rows 76 to 94 of 100, columns 43 to 85 of 100]
0.8414026291143425 0.8402894472917976 0.8240377540689962 0.8220850298160499 0.8026677085171527 0.7838687451270118 0.7024655004151853 0.6872275828680798 0.6726538606644623 0.646020314940784 0.6338641504510345 0.6339159387519676 0.619713800403405 0.6090009988337782 0.6331317875886407 0.6138102456930004 0.6367208357319422 0.6356910567915817 0.6251402289610603 0.6230373444591808 0.5872602518787218 0.5788289826201815 0.5665711937734796 0.5143694193105723 0.5396180261552915 0.502038325481067 0.5183642081917497 0.517030619245888 0.48967811910582726 0.4384634644416451 0.40466177722249463 0.3428635376676811 0.3523629879352968 0.3438175582544472 0.3671072313631136 0.3865320002332909 0.3478884813769278 0.37736267738124146 0.353332463869691 0.32603121878540153 0.2819302306965916 0.3035174037571425 0.28425180295782626
0.8305172631004321 0.8391939176282028 0.8105992453296383 0.8220566815594662 0.810233350077166 0.7793363649726772 0.7026730272089042 0.6843188179980619 0.6587007942916409 0.6580082787981489 0.6144023190208101 0.5884245605689485 0.6279906849832587 0.5967554092244349 0.6268059599585525 0.5999174430337074 0.6486605776569419 0.64619968182847 0.6624145124390294 0.6400025321874117 0.595922340206182 0.5805550064392738 0.5468676883788578 0.5313215900102645 0.5152223101051467 0.5149398923959799 0.4926584894501728 0.4865282372304208 0.4321076352565995 0.4213209048819706 0.40567640964254525 0.3888359478456933 0.35758986118527214 0.36631843550949594 0.3676924817239634 0.394704836868202 0.397474609777945 0.3699359198244285 0.3794480936530826 0.34658135721238464 0.31095196756987914 0.2979671538735259 0.27910356685164045
0.7899648066345767 0.7809055440645736 0.7942786526006042 0.8022628912737232 0.7730495867117959 0.7624658336464609 0.7496675661977465 0.6913043881218407 0.6649465249686765 0.6591943279420079 0.608877218597302 0.5927704077459511 0.6078564144672203 0.581439942423584 0.6084851098697465 0.6498790866781124 0.6418975200804528 0.6473506771805574 0.6690486160049829 0.654195647106741 0.615481437553812 0.5960976585058156 0.5630582322229467 0.5766854469062185 0.5324531367395199 0.48981959320896346 0.5069554216726964 0.45860977507552236 0.4379228945484077 0.4417616445087437 0.4320335554780773 0.4148424815777025 0.39790052429309725 0.42553294042968093 0.4369177541591414 0.40222490165203023 0.42549637295047493 0.41086013358194334 0.38130727341606063 0.35360896079874177 0.3039661563311666 0.32896893854556747 0.30034407579026084
0.7687005295837378 0.7542033280466839 0.7858763598897056 0.7950892463379188 0.77793091910241 0.7816078094152892 0.7467253874345141 0.7147993134458437 0.6708158229716449 0.6745533118375643 0.6258513956442288 0.6006607489599886 0.6145659614836166 0.6166001425785363 0.611986415642637 0.6841483834061517 0.6661849034931108 0.7196894493059773 0.6762031587100327 0.6858286916861159 0.6540139195083752 0.6478619531935836 0.5827381423332062 0.5983929529870706 0.5591350026616764 0.4823528678137124 0.4929491317170297 0.45308693940986194 0.4530766170191429 0.43701069331058096 0.4159872148167061 0.40554212704253373 0.42734870829714483 0.43642200629344485 0.42955455531416786 0.45511110560681656 0.43783014772854134 0.38511610476319236 0.3543889443463413 0.32950289479170697 0.321445007979859 0.34302433242518804 0.3425100327390795
0.7627396702322315 0.7722986179950772 0.7778890973437363 0.7911526009929413 0.7529947025120804 0.7409381958907163 0.7176183445908869 0.7226078939827844 0.7017374807226755 0.6746474222837937 0.6749372922272139 0.6039720788669405 0.5913715503141558 0.6162733349682373 0.6277760564513705 0.6576544038580785 0.7052911488745872 0.7021755644368232 0.7066876836805451 0.688284307872758 0.6614778472687448 0.6327336067333412 0.6131710247215132 0.5721682021466702 0.5229861419208084 0.4597750361652251 0.45608971133245463 0.4558650111856436 0.4300532750976001 0.40152660561563186 0.4468157945207849 0.41034724876471423 0.4314155946585907 0.4305453019586441 0.4497746766671716 0.45010398953418795 0.4370932909992255 0.41969470083989957 0.41182014024122293 0.40509606717580854 0.36596996406020577 0.36911009161891206 0.38309906098744945
0.727713101353095 0.7168005081812611 0.7173092171653125 0.7593411563283183 0.7633055530105333 0.7386178749939796 0.7267627647427757 0.7138282066119221 0.6788519065194164 0.6841534324572824 0.6552896759659829 0.6339353433098327 0.6177982824897637 0.5987470725830313 0.6539884951448488 0.655729754237033 0.6858524488955777 0.6988419259999226 0.6937437025935298 0.654353771096581 0.6313598537749427 0.6048537140587478 0.6050351503267872 0.5432461633765755 0.49634093719501654 0.4834964994798278 0.47271590024478455 0.451968309820162 0.4416904006661171 0.39945328100878624 0.44783628858883323 0.4529402493267782 0.42579834675063427 0.4587962997374471 0.4913814814089417 0.5155365977834433 0.46816989398627396 0.452671997208519 0.4640573820462108 0.42698772686529807 0.45546157614595195 0.44038596527499146 0.4129701853788392
0.6903229117843048 0.6628719156499353 0.6733925298525864 0.6792770865652608 0.7221916192532045 0.7487041575223294 0.7319617376370724 0.6958577777821499 0.7058616383051869 0.651690338734365 0.6519852582739157 0.6256151166083296 0.6140756926596967 0.6351940183025243 0.6484799169343873 0.660079098774013 0.6543568226897752 0.6824846924061203 0.6637839751459638 0.6647653438400982 0.6131456758859366 0.6010498676422369 0.5770603012882756 0.5305909754939847 0.5350093292058219 0.46769253670422634 0.46070065687493816 0.43708604393191614 0.4300017496994086 0.4066037785156462 0.4452066101828203 0.4778472268002149 0.4595436984894887 0.49427929147378624 0.5021933042326084 0.49932116654627684 0.5041826313394036 0.4860121085102212 0.47958698067990413 0.45907721598908374 0.49694045831388056 0.494818275318105 0.4346229391152116
0.6582366365793992 0.658123783712025 0.673383923035685 0.6425869833195984 0.6937104847961588 0.7033240817741693 0.7046078361204638 0.6851137795351538 0.6804541645706066 0.6333520645557854 0.6304999389322745 0.5918444238349412 0.5873335155174813 0.6133757620553484 0.6161069724755228 0.6368001089098563 0.6188373909742894 0.6725256448767313 0.6275785679903807 0.6360365704506242 0.5961401948375595 0.5541575564926988 0.5670389034845783 0.5635728358086389 0.5139495109217146 0.4595040214511644 0.45716062474902386 0.43957280449063196 0.441802375762737 0.4165618785788417 0.4327355432765241 0.4730566304984504 0.46704229224925436 0.5053508772879843 0.49414606196674016 0.5240184220353598 0.5441644132129705 0.5273934081720423 0.48483323526077443 0.5051311288764583 0.48619149589202443 0.5085702826965856 0.4894678205395064
0.6584292700557106 0.6441623151387966 0.6492044668750778 0.6344201772905804 0.6560972348025766 0.649459105452468 0.6395124466959728 0.6444322766181381 0.6758443849879175 0.649139350755579 0.6277684970782585 0.5982796252224762 0.58800123295016 0.605667201886441 0.6139163334399915 0.6389740440526426 0.6183730302791359 0.6368131586689592 0.6118505545667322 0.5806546604800452 0.5313867389031688 0.5220828274926392 0.5101881927652593 0.5195750876633103 0.47392980178717764 0.45456479890532864 0.4286409661771764 0.40208347130005273 0.4234922138085401 0.4359147423432062 0.48974519392858834 0.49864511334013495 0.5153777326505479 0.5107875244918948 0.5174627428838902 0.5400802190201284 0.5577469488514365 0.5118026161674487 0.49553485946248993 0.49072779638038166 0.5072466279796524 0.49280121869365723 0.504894011094808
0.618293564735049 0.6219158434826548 0.6372434677572999 0.6407315800411808 0.6318582679122552 0.5814831652201874 0.5951545896497852 0.6493794269463092 0.6655586152364589 0.6499384377316112 0.6037115499403871 0.556066068008783 0.56191411642126 0.5599431527455795 0.5821931406993289 0.6225786686392984 0.6162672990884442 0.6109117374223294 0.5674659240344722 0.5485987397154721 0.5068339768981333 0.49429748130643975 0.4729122087936687 0.45399662047210787 0.46691317100513063 0.43516007560218267 0.42338033218071874 0.4038738722044206 0.4430791827904209 0.4590606621444954 0.5201606896239379 0.5483426752440228 0.527782743250801 0.5610110347957299 0.5469202944390904 0.5384873351048665 0.5199933770674416 0.5335713178678486 0.4967523342557211 0.5012811121899045 0.5061959396533291 0.466944467731145 0.48718626706483775
0.5806981951330958 0.5700454201729739 0.5901849553787424 0.6180512487096599 0.5881482698664371 0.5826671832483321 0.5755824298014582 0.5804041395216304 0.6264967086518444 0.6213790026919456 0.5989814772402858 0.6021819320058728 0.5598748008708087 0.5659927259066879 0.5598537320925655 0.5924774437912256 0.5633902880023629 0.5720794072931212 0.5138057180635758 0.4940464371773263 0.5099689974156698 0.4752999285161256 0.45703629559996584 0.4874561590272175 0.46790741572444305 0.47653035459802817 0.4507892245404848 0.43059857805839846 0.41073409345805084 0.43634608356636206 0.5134431856530293 0.5171552687904528 0.5578109073420071 0.5729011499702 0.5784657193143038 0.5357082046215877 0.5512020911790914 0.5729139170108367 0.5383881367957126 0.5059753476502976 0.5040806759389724 0.522092701690212 0.48202384548186156
0.5531008369883397 0.5791229079412362 0.594358787829492 0.5726788635955585 0.5835205580860873 0.5685004556151906 0.5821495596456677 0.5546008111892993 0.6051603381119774 0.6150642609277951 0.5773195843307237 0.5991390767964128 0.544928650400958 0.5178820242045443 0.4984939983786228 0.5347522647979778 0.5386438587652244 0.5192600586170146 0.4965321371410003 0.4815191961948987 0.48363631199148327 0.5166862394995295 0.47303535740827174 0.46345022774310773 0.45837935917824646 0.4922304281868364 0.4657695531912997 0.4187595344127479 0.4265950024434764 0.4419425765176949 0.4854698501151245 0.5274833746291245 0.5354814588261106 0.5469244028433511 0.5637101946835735 0.5735941638270419 0.5666020323146541 0.5703855034380413 0.5665662609941162 0.543509230048439 0.5104010340720017 0.5295615421156099 0.48878956329181555
0.5552741907223745 0.5588367259490674 0.5769161742367671 0.5867761943400561 0.5684081255227739 0.5722251246655794 0.5605734109506759 0.572342511788538 0.5640299798741822 0.5815889333867561 0.5916597864527174 0.547170475372698 0.5537979615359759 0.5092023505155558 0.4848422713972689 0.4865565877112235 0.519533101633461 0.5029720073788211 0.5153602799153757 0.5194358412787061 0.4911905777608436 0.473753835602032 0.5091634398089127 0.4673523769179399 0.5107297773130846 0.495749163482973 0.45866704740220393 0.45658066658520874 0.4586461896960566 0.429324803423961 0.4602575962003978 0.5017515462740111 0.5019681161512046 0.5379171449780588 0.5490108798244184 0.54803833524243 0.5705091620497033 0.5357337226541494 0.563551532863418 0.5495182581289569 0.5560083753981471 0.5461379482170559 0.5412063680068847
0.5757326196808372 0.5848299105144488 0.5633546243017273 0.5476138419136024 0.5416911646132547 0.5570897739730126 0.5353686299390091 0.5516513070633473 0.5076603336519562 0.5010573719678383 0.512798741031433 0.5484465607891068 0.5168129606677094 0.4916349967782407 0.5067194863013431 0.4889055358459458 0.4636466451959041 0.4612516792075172 0.5141019950158214 0.4918580689384239 0.4959755124913573 0.46357080602257356 0.4812859932152195 0.49052419942307857 0.47609309085205864 0.5101164719640561 0.46792180269258277 0.4710142514814689 0.4477210798783052 0.43962070760772487 0.4733388291918238 0.452775415106694 0.4951401778813916 0.5138571546299153 0.5166494889221039 0.5080115966551816 0.5432748530557561 0.5362619951998964 0.5696837382961768 0.6203950858139168 0.6108473976709027 0.5920807983133254 0.5382243115743846
0.5876396654841913 0.5888151344686331 0.5883570929247769 0.5627411586422061 0.5774935513403 0.5463802423761559 0.5535527866786089 0.5272272394600981 0.5141208945200934 0.49248028778942743 0.47321371548365465 0.4941667529223589 0.4925452620668704 0.5091737446195371 0.4911275749694836 0.4653390653881485 0.4545272269247687 0.48167207074797036 0.48161721895965526 0.46969457335712583 0.44362038571072493 0.4482560150192199 0.4911787518511696 0.46594401861890616 0.4817544539413697 0.514073296532419 0.49449663271260375 0.46379925699844166 0.43975586355219665 0.4558678129767652 0.43756141235056056 0.4757225508810351 0.5169499590088238 0.5092910616115619 0.5495748894778427 0.5301416822821132 0.5461841183505517 0.5441111092993219 0.5827501776528935 0.6240346515291755 0.594096910030266 0.6114348668309086 0.5795540724437617
0.598062946255111 0.6383984619677362 0.6049270909955345 0.6172371815230224 0.5600152618059084 0.5625306899004805 0.5086048122249319 0.47629247979957673 0.5025846093155529 0.46713488044064905 0.48172575562175296 0.47714288700709423 0.4558034404019672 0.4741979820675382 0.47977410241909424 0.4767121508748686 0.4452368292778914 0.486351863798145 0.4460584219394044 0.41070912237812846 0.4335448368319376 0.45731956381851435 0.47201421829328316 0.5034853677927619 0.5186797735203253 0.47975423170887294 0.48786646070781114 0.4787541281825289 0.4721255999931287 0.4697219039125751 0.48253979098483696 0.46930556872714974 0.5337901265100352 0.5499131926379099 0.5631824383674522 0.5450143505886886 0.5939268150095263 0.6173144066925058 0.6078592235671764 0.6373354847469713 0.6272228340108827 0.6337592019149877 0.5726539622119408
0.5796434024423699 0.5725856919775487 0.5772298334805254 0.5569891266209833 0.5612785385171555 0.5632486653462115 0.5467745199769714 0.4744326513074017 0.4488329551228805 0.45077716652622735 0.45266971549394824 0.4639583081935541 0.456105620968591 0.5040828926166551 0.49170337486701415 0.4957632153666958 0.4665753731291837 0.4694869427457082 0.4280175137833132 0.44031927203085275 0.45670563404500636 0.49454784409012825 0.4921393022117082 0.4968116803383814 0.5142589267808543 0.4605382492485103 0.44666433131383193 0.4587778876539503 0.47352511654133084 0.49370713293490687 0.47057727587134085 0.48435746362102733 0.5515354522080382 0.5589568157107021 0.5414022107740546 0.5520235337407244 0.5945117682315515 0.6180702667660033 0.648667248594872 0.6615480424876284 0.6509802709382262 0.6533116058296677 0.5948390821466341
0.5607679926468292 0.5681067333632578 0.5454622038252137 0.5552466298099277 0.5556380911639346 0.5827249315458618 0.5452659549944661 0.47384354854523897 0.46090162502807236 0.45670897978434594 0.4653986245958002 0.46590338114281343 0.4625645353140732 0.48841055509874265 0.4440432014088208 0.45780631437371894 0.42780211231602006 0.46203368628092517 0.4275568300092453 0.43274805815419787 0.4730547594824436 0.4927986902313829 0.5087273186029493 0.5208949202000605 0.5098025109451125 0.4570959893241272 0.4581561792388543 0.47791637193744024 0.4871458728543028 0.46944064446063716 0.5208079203699618 0.5501789724310366 0.5477473424667502 0.5764734713582892 0.5383930784459432 0.5510193596948613 0.5944973327880747 0.6073390286125054 0.6447472127491 0.6376696205510676 0.6527798958167526 0.6339972738304352 0.5984588899088301
0.5979755912641213 0.5782966168471959 0.5621742839401737 0.5606472340592653 0.5715632448947267 0.5709279482612336 0.520596912916938 0.53525455002131 0.4879937947327487 0.45386614441740053 0.4789619901163332 0.4571860750575818 0.43177820747011486 0.4435356481028298 0.4344793153274514 0.42516889269575936 0.41069278743158333 0.4471823962042522 0.449444607471459 0.46313043740910204 0.49721659107524635 0.4735441583084771 0.4792695331803866 0.495665084179625 0.48513657675103705 0.45236876481987803 0.44814317008055615 0.45709548134589195 0.5026264169581202 0.495969749893424 0.5078054164066458 0.5603454048641299 0.5497339976115839 0.5528954125772741 0.5785201289817594 0.596019358787531 0.6048910583483273 0.6332769706255648 0.6201116362956194 0.6668382882740548 0.6682477417866005 0.6691525599514078 0.6404598880425708
