Raster_benchmarking/Raster/continuous/raster-129.asc
NCOLS 100
NROWS 100
XLLCORNER 1743149.9136404106
YLLCORNER 5469293.002385418
CELLSIZE 10
NODATA_VALUE -9999
[rows 19 to 37 of 100, columns 0 to 42 of 100]
0.8085918838893236 0.8217177716468317 0.8424127846887755 0.8398856035513493 0.8512626434042978 0.9030885913614041 0.8590039272451294 0.8446214666007386 0.8182043452876245 0.7781770661133925 0.7927319403418247 0.8174902115989043 0.850921727542575 0.8774985341293834 0.8602957857169784 0.819254111700364 0.8391341728089106 0.8018937628040546 0.7741885692703577 0.7118254059873912 0.6705864741546348 0.6562128846438205 0.670622086499324 0.6676087487898974 0.6498299724180413 0.6151891752318676 0.627411375826836 0.6419402140826693 0.6085053670398095 0.6050384068490473 0.5971108073352709 0.535103796671513 0.4898009035665442 0.4979421319911043 0.47246162131129926 0.5225132714672204 0.5073751142214578 0.542663725987238 0.5059294200450768 0.5259308680808266 0.5894994743434095 0.5691010579323803 0.6088905200672203
0.75929477538988 0.7738204388383196 0.8444127962846338 0.8358965517410771 0.8336561455701029 0.873076330611696 0.8338526871626978 0.7984109746124225 0.7777968352586769 0.755110159641041 0.7465626791378877 0.7774217242422092 0.8231676015586185 0.8448898149546529 0.8134494983420758 0.8349275181510702 0.8296404519144569 0.7656842006292873 0.7526457292385117 0.7288719095455845 0.6932075282440738 0.6392420870505175 0.6532031436864152 0.6667146934236406 0.6709628993318956 0.6695864867291205 0.6250731345646535 0.6264855654473289 0.6222161322836436 0.5641623687155468 0.5462524012151023 0.5382893811854988 0.5250196451316435 0.45413730628997273 0.44749222015580475 0.497439137435843 0.5482437852906802 0.5258371349478778 0.5395664633793352 0.518812591240966 0.5506128385254715 0.6131300342204344 0.6487061449436796
0.7438832095442046 0.8125059071298503 0.8104730788617241 0.8208648109388913 0.8178672677434806 0.8301077463348346 0.7820502709870722 0.7708246856319693 0.7353557271422342 0.7518405631757729 0.7546996431488884 0.7710874422932498 0.8397425237244861 0.8341205241693285 0.8350426217350781 0.8340897129714383 0.8223573502188283 0.790910859973319 0.7635822181339573 0.6967159737404099 0.6768959944277627 0.6667482802986638 0.6608554536691621 0.6612845885590584 0.6275750142418582 0.6337272920943807 0.6424826404281683 0.6217708585878691 0.6284603484314024 0.6120049546419942 0.5810472765586501 0.5262460502135113 0.496255442464708 0.4416821968661341 0.47004274060454576 0.4897916016170569 0.5428619850955443 0.5136289624258962 0.5329092618324908 0.5688342287169562 0.5743424010956644 0.5882003303743812 0.6443760821704795
0.7199966977288811 0.8055163058228871 0.8232088441077154 0.7724145855334058 0.7454975186597985 0.7857261420344243 0.7278356519183177 0.7096148587414854 0.7191488232697358 0.7237950098468452 0.7842821856703114 0.8106173351316701 0.819336231605419 0.8243379784519576 0.7759367808205386 0.8110183806239262 0.7674048072835112 0.784414149811927 0.754996940342869 0.699722130642112 0.6480819578790841 0.6449380305864394 0.6222292976794982 0.5826588971502269 0.5879318036978934 0.5967767338862083 0.6283201417574932 0.5900295096267164 0.6467145220665036 0.6220188346952983 0.600625728860621 0.545145503453463 0.4763415091043108 0.4534127496902845 0.5166301590082611 0.5496031007047286 0.5274320912899704 0.5229001109112017 0.5072000645355627 0.5342205052247738 0.5537358205579906 0.5958129169694854 0.6238190264485908
0.7092683926689928 0.7812976539650351 0.7848440792782013 0.7859371564335151 0.727352937003511 0.7471937135984228 0.7512361090974756 0.7241936894973396 0.7075727416588163 0.7422394567125515 0.728127651031375 0.7852757928286498 0.7736217655084342 0.7794557545208889 0.7420099509301872 0.764837693296621 0.7083945423508817 0.6823913942326836 0.6860210803710708 0.6556345933799447 0.6863675628678617 0.6369137143578023 0.6421963645501941 0.6135122627780643 0.5998102104687626 0.5678253268126029 0.5962270382934464 0.5810531856777565 0.6346282989025801 0.6296218493234755 0.6082603926725757 0.5248709442905427 0.5027508766157347 0.49194652815956014 0.4826853275838568 0.5225039021729982 0.5530803304915158 0.583779657768783 0.5513619594708199 0.5879965966245639 0.6128457994265347 0.6129262402512865 0.6192692440182549
0.6451589905829089 0.7463444937565047 0.7543774545153968 0.7708127971030014 0.7537646432224027 0.7032117257194557 0.7012331019639896 0.7078458463499311 0.7164580689888753 0.7048619060262756 0.734860923936578 0.774310351695566 0.7605510508165786 0.7260703104607186 0.7022890596896657 0.6799122814049103 0.708137260343125 0.6532737003800532 0.6660373671277791 0.6336709316782886 0.6723627738302844 0.6570233699413518 0.5996380421402109 0.6143899266993248 0.6177037614956634 0.5987754242697139 0.6045851031811146 0.5975402940582641 0.6153963615507404 0.6114257853597664 0.5738979374206163 0.5450875916172715 0.4924467931016134 0.4710241374017107 0.46808206696674703 0.5219156971968174 0.5483571167598736 0.5879052886216385 0.5507417750508451 0.6083416589467877 0.6192175348959015 0.6098621087177031 0.5912845069491106
0.6285560821528104 0.6821241997713814 0.7180560875349963 0.7487363168225153 0.7687782914030675 0.733605863204201 0.7223274082767718 0.7481289549833143 0.7309317144909675 0.74097716341521 0.7669716662280471 0.7471537778439536 0.785881830660751 0.7361172149585181 0.7055532829600095 0.6869978757700224 0.6716377034783143 0.6196982486382161 0.6401978698887026 0.6421607263747142 0.6230034081017182 0.6339151646060036 0.5915786036432388 0.5843261613914205 0.6234812861348159 0.5924001049977704 0.5846129625214216 0.6092156675657178 0.5903864576668723 0.588322899150853 0.5615335020772486 0.5376114635728213 0.48166466770303873 0.48812076681507904 0.5137691857239316 0.5367113919180159 0.5167873839052508 0.5352864453629338 0.5469571410629207 0.5853383521834591 0.5923833896752919 0.5965374084661216 0.6175275229876537
0.6492167261835006 0.6893584533711961 0.7371899863917485 0.7587208384845856 0.7090868491790198 0.7484073133047673 0.7299021317946432 0.772934589257503 0.7722003257664083 0.7589727902608671 0.7848857444171742 0.7799189365954937 0.7792605369861807 0.7410301023545742 0.7214280199894609 0.6845242768593193 0.6435524695812678 0.5648026598787275 0.5801318682862217 0.5864195893140611 0.5957528854147994 0.6281915361555144 0.5812444565095947 0.5834823166723858 0.5743635397694339 0.5936212146529736 0.5955481085864174 0.5778324391694387 0.5671600815870678 0.5865251702572387 0.5704866526191247 0.5237563489561663 0.49456331650781726 0.4688698168301286 0.5043828831550144 0.4780301560973448 0.5410797712994996 0.5373785823880042 0.5581574352065974 0.5720854378131861 0.6301622881219292 0.6312562947300572 0.6103926722327101
0.6152058385637077 0.6157438749644761 0.6746704674182696 0.6835903774222113 0.6691628476877258 0.6720590570405376 0.71570693646031 0.7251068712453257 0.7404533185268013 0.7313543076015906 0.7535045120900733 0.7556180824487801 0.7439658291743296 0.7262360257525889 0.6963857263731121 0.6280106276274315 0.5785146558234621 0.5984977811371376 0.5974409111432479 0.576958346478528 0.5739707062601423 0.6322551285062511 0.623227838075154 0.610365746614005 0.6056290865991576 0.6257406771778092 0.6066794619063602 0.5615339849291873 0.5912549397708132 0.5408391411371918 0.5289663994552889 0.4935088726968932 0.5061886606303834 0.4812282185448009 0.4848319243570704 0.5081681210551006 0.5246169796004478 0.547363333678237 0.5428998804291617 0.579326678137265 0.6043288390070585 0.5920369854098273 0.6172583720044822
0.5974361181075575 0.5906263405983296 0.6004224667932735 0.6363777472648563 0.6198619847466149 0.6352878683443974 0.6944699689243031 0.688785174493805 0.7296179198809698 0.7172855703124958 0.7491649515960607 0.7142804251617252 0.7077086473495562 0.7010093104565787 0.6382147819097684 0.6014666170295458 0.6166974651874872 0.5795893524557368 0.5974436502984282 0.5586585708617814 0.5469115332627178 0.5900536871492614 0.6202856358237738 0.6652139204550336 0.6477852734090649 0.6622266843047668 0.5853907796582973 0.5652856029062355 0.5404301794664524 0.5269823466343949 0.5033382849476499 0.4820918699306132 0.45233313318543117 0.453154421161757 0.49963283312533935 0.526022077266938 0.546366979156038 0.5799163056770212 0.5484941939423267 0.5122229599861282 0.5819120897133527 0.6075823508518392 0.5872621781057729
0.5586859972584773 0.5746528115171554 0.5570088604235257 0.5739489536412642 0.6364197097736867 0.6716113969316152 0.6612042910682145 0.6999009285010167 0.6637384904405222 0.7027326213963137 0.7110405628763198 0.6634006533048523 0.6617585862218662 0.6177270815171648 0.6211749109918615 0.6039485966514465 0.637690614971271 0.6111538931846562 0.6139923821141446 0.5995772892998195 0.5819496366331134 0.5883098068288494 0.6059145026240397 0.6664120971893561 0.6522805928730192 0.6233690043237082 0.5891557912945121 0.5690533769613583 0.5748267049189794 0.520618116901073 0.5280536925328919 0.49043395739032347 0.45579842754353594 0.4472731778002355 0.499972355603576 0.5357993622273401 0.553139948467584 0.5909481507156293 0.5429140625643811 0.5330648257983982 0.5243646509629138 0.5559672045547378 0.5943275141024067
0.5259934681566197 0.5191486668642268 0.5099198867600191 0.5277955628593114 0.6107515269243258 0.6407441658246763 0.6631741034944159 0.6818117530232966 0.6325960356859841 0.6417192841901337 0.6589191704651541 0.6602615906444185 0.6412421284456448 0.5418923930523412 0.6330547121536211 0.6294044952587298 0.6492896279582621 0.6254508003730763 0.6144523730804708 0.5955249158395657 0.5792995070077475 0.6070506530849873 0.6417688962883003 0.6817571543119391 0.6319409637180381 0.6378955092704234 0.579461027777389 0.5768688042085722 0.5598738705045497 0.5121398759632685 0.5078430073263163 0.5047464200270717 0.45675598386541827 0.44192397943196415 0.510411431550031 0.512747735290051 0.5330313779810487 0.5696510510535285 0.5777943045828223 0.5347845848431719 0.4973390828983114 0.5089328583354562 0.5348287944019546
0.4891995012952712 0.5301594254201365 0.5046294595937955 0.5325966879571332 0.5315249157224489 0.5916844174274175 0.581261021007442 0.6439892330394912 0.6342507740780459 0.6335460294217964 0.5939294761324452 0.602889195844554 0.6285557208119623 0.6077331966778717 0.6296941882354269 0.615223998094893 0.6052070191230152 0.5949254542061092 0.6329172826810174 0.5777722848350881 0.5932582328033374 0.6133747576821325 0.6287158362707302 0.6724367840214005 0.6584891261101271 0.6108723077856737 0.6244136594207556 0.609673278939118 0.5739724824671756 0.5489988319217278 0.5180654772325552 0.5140805321741576 0.47550550931388086 0.49647725109456065 0.5315923593973774 0.5374680021960238 0.5697774562130141 0.5576344368168308 0.5755279387790974 0.5219960441462564 0.5255275440271522 0.5381885788577343 0.5315268854741245
0.4942499155188037 0.4903877052496104 0.49594936660775296 0.5042048609645301 0.5310545918666914 0.5079318519771193 0.56820318078172 0.609103903654547 0.5876646435736341 0.6094487420823507 0.622436059290162 0.5847020421598081 0.6093009986820357 0.6191815445732761 0.630618735880105 0.6188535053409928 0.6323121933968554 0.6209576438977011 0.62097651120129 0.5785357129179315 0.544380703837904 0.5664738671144975 0.5979762410884101 0.6273554355883979 0.6457562862257418 0.598524160285107 0.6421429008190106 0.610721981828126 0.5849816504109421 0.5501366678852183 0.5338456746881115 0.5334695512672603 0.5287856766286106 0.4829035497025704 0.5480452942100507 0.5719714083025148 0.5668171471680484 0.5867614533346781 0.5519057344474293 0.5656727190099715 0.5765277626115459 0.5585178168526859 0.5254189050171997
0.4667409292226865 0.49428569914591236 0.509246097889913 0.516237070113572 0.5198345691839446 0.5138492817828924 0.5150066466614682 0.586706220347949 0.5672482912172462 0.5838457283897247 0.6018604677950603 0.5933338916655383 0.5789537445663532 0.6245050536122376 0.628875171920023 0.6029330854300667 0.6174962035076328 0.5846693212428604 0.5676127751458816 0.5554454777300858 0.5525634186877395 0.5510508040770814 0.5815327978476703 0.6272545869191103 0.6374014398083815 0.6305139674584306 0.6131453482124746 0.5917923166709645 0.5525003123406355 0.5298869015860727 0.5530035516521346 0.5574273920484045 0.5411141640121375 0.5286066663977949 0.5561546276756641 0.5716250808262316 0.5563227248117358 0.5809272540057503 0.5786148098345313 0.5538591139861997 0.5592287969129732 0.570250958171266 0.5240870408242461
0.4723982479029149 0.5117693658090477 0.5372594772368183 0.5076414961375875 0.47687248626480677 0.4807716212040856 0.5230679090169633 0.5818633507177161 0.5494034115136193 0.5042172768360264 0.5571002091148717 0.6026692570478122 0.5824241221122265 0.6232539207369454 0.598381863743082 0.602680148941314 0.5760106288992186 0.5549894982535283 0.5509202213495581 0.5429878301450892 0.5428932854223684 0.5681387616848286 0.6120815525300819 0.6306062528480639 0.6459814676451222 0.7252797276244205 0.686385811681834 0.634043572049838 0.5636071968064891 0.5311620182251365 0.5629668956756166 0.5181275980577418 0.5645405045122812 0.5567379140254423 0.5524330404912192 0.5941849206550751 0.5398554162312869 0.5455575014284624 0.560039853137196 0.5267717625199873 0.5636796099544937 0.5538734574614217 0.5395626358145168
0.43772076652467456 0.49304072146633904 0.5105029623494877 0.49861653046566917 0.4968381315737935 0.4960749159196334 0.5261898684338265 0.5580651494785535 0.5624549594565058 0.5687287062946491 0.5667147543696612 0.6083273911650031 0.6178830149259 0.6407367647149225 0.6102778336929982 0.601211918219439 0.6152526374909112 0.5721643743005594 0.5858688513956836 0.6225020866287906 0.6241963414261011 0.590593113266318 0.6077429086165823 0.6716083574628005 0.6697772662624405 0.7124598694210269 0.6577195128154454 0.6523623305714085 0.6342723245332288 0.5715492337047198 0.5890042159484314 0.5937937127973979 0.6043597049247308 0.586054042967712 0.567567742209914 0.5958533344751616 0.5598383196386262 0.5690848823642037 0.5103774537789002 0.4944470828393835 0.49534070641456673 0.5094872645372449 0.5588674468077152
0.4264816901907899 0.44461453085140135 0.4778906071874159 0.5321939348173595 0.5240219612342288 0.5076550885894473 0.5573193236469361 0.5577390220234862 0.5505723549849776 0.5190658431829548 0.5262322644198524 0.5407548904804635 0.5872761564118877 0.5892339962985312 0.608103668259271 0.6259272995971094 0.623725574246039 0.5828127884273342 0.6341872714918376 0.6315298532722831 0.6468106996516757 0.6636816424398633 0.669693647285855 0.6820185284559881 0.6709883907263111 0.7087920116790751 0.6939430813085884 0.6492284066399249 0.6318218997921862 0.6126658521368059 0.6342655411819536 0.6257702559105213 0.6090988535163736 0.6430912785034927 0.6154483016993206 0.5444631786817307 0.5799731583431488 0.5701764305144471 0.5300581918093243 0.49483015162937144 0.515236717690858 0.528059986757766 0.5414737411402252
0.4616044623493707 0.5068814108754396 0.5025001201445959 0.5050060328189925 0.5247501094158583 0.5583802514802239 0.5335421676113995 0.5110844840035481 0.5076628614468913 0.5063611438986455 0.5626736349946646 0.5547601705940305 0.5878740858316206 0.577125942335382 0.6204644760445424 0.6381686810470129 0.6604283482079883 0.6598195399605937 0.652935953886937 0.6499704184804933 0.6544181803171579 0.6466302056103147 0.6652021918525277 0.6221439358760797 0.6476446931889019 0.6724080554550483 0.6638008155044389 0.6004414031393375 0.6156456685161029 0.6296617948019307 0.642818699905579 0.5993969441985918 0.6131187581102632 0.6567975700991209 0.622851338475742 0.5500950949101168 0.5404308733615198 0.5497601105606678 0.5530844681932007 0.5326658797290684 0.5094405979850369 0.5329894576560481 0.516977955590063
