Raster_benchmarking/Raster/continuous/raster-84.asc
NCOLS 100
NROWS 100
XLLCORNER 1743155.487830711
YLLCORNER 5469277.91451003
CELLSIZE 10
NODATA_VALUE -9999
[rows 57 to 75 of 100, columns 0 to 42 of 100]
0.3851421760910809 0.4176296333630647 0.40774155325380146 0.3935562523234279 0.4114724606578209 0.4339957834782951 0.45753959437728503 0.47766714782574965 0.45743695393206957 0.46058632605835875 0.4681080393244893 0.45711910869034716 0.4647489752916425 0.4853942763639072 0.5416065304395548 0.5467257585662209 0.548611005859866 0.5233575801832003 0.4996277296330097 0.4971497429223857 0.4751748931440386 0.42570063387498813 0.4226250173978525 0.4338000816082719 0.398136807625616 0.3855346925594142 0.38053368391554404 0.3922777455681891 0.3989583148227416 0.3689638920578863 0.37398098559227616 0.36342106143950725 0.3233238666741187 0.3247170656432888 0.33726660037188305 0.3168538051034302 0.3039424840320154 0.284785920775656 0.3002984402129666 0.289651171767434 0.2703350369075755 0.26696906175098123 0.23682190511194715
0.39049931808757204 0.41081558407605034 0.39460237980668844 0.36073030868696 0.3942095393756565 0.4334129819222948 0.4499922791578004 0.44818587018981215 0.4667082753822839 0.49192632737341957 0.4954633008513428 0.475601117581979 0.49643093753502726 0.4752045163419729 0.502487383575863 0.547408570377862 0.5185105829296172 0.5208265123366519 0.49341725374186135 0.4769562493421117 0.4712919489535161 0.4330498863452356 0.44052942192643996 0.46485031744329497 0.42410042102845724 0.36637051196018783 0.3599189836734254 0.36207937135734275 0.36309248284802514 0.38771926288773045 0.39688387471316144 0.3502978446024414 0.340682443322918 0.32766028725000423 0.32509495375174247 0.3686339520536374 0.3214988975636134 0.33652669086489523 0.31294374568477584 0.27834472857960135 0.2496313245253705 0.22243969284538093 0.217584704421994
0.41196485931754473 0.40993309980834286 0.38617772342329104 0.416301108569579 0.41742136927961065 0.4262065498221127 0.4625096116471474 0.47011146150214317 0.4605860643078636 0.4877352779753423 0.5076264475678303 0.4783237167240761 0.4924706955895965 0.486220839732445 0.5125968126474092 0.541016067311925 0.5415989098607993 0.5065310242087343 0.4820591013886331 0.4419723448925102 0.44728543454281267 0.4497740395931069 0.44962497346425684 0.4256890406092495 0.3927729847724735 0.37464821838395446 0.37513864578228884 0.3732798871591091 0.3513516784312231 0.3478182681746594 0.3774331371360652 0.35899420281460215 0.33877118240461546 0.3285449766356429 0.36628199323367294 0.370845045951513 0.36555800022922996 0.31939588699693344 0.30557249196157815 0.2952231241908895 0.24816466576256344 0.24624105871103236 0.23494505825310566
0.3869440860478814 0.38738596090370236 0.38423826573326375 0.41655377033332286 0.4254486546009469 0.41237205780112857 0.44955033622353696 0.4560733191575361 0.48623772033401474 0.5176593340839978 0.5194536877582956 0.5346816812298555 0.5161786648058183 0.4823049122608486 0.5231084273465804 0.545751397610208 0.5234921682965742 0.5173657441010323 0.5155808590347627 0.4603675542297863 0.47720344570076423 0.4454888258936392 0.4478688554029722 0.4258032218698346 0.38876584291713684 0.4004241492954252 0.37110724949981755 0.4028219447419392 0.35097681872379305 0.34426892291765615 0.3754831128911482 0.35579321991736734 0.33292201836805624 0.3369843179532506 0.36984031910101794 0.36835279043841396 0.348774006356358 0.3528494995904622 0.32092140214411646 0.28025341514656543 0.23232673455463246 0.21466635089653127 0.21816072199617093
0.399054352585552 0.39982305571122156 0.40610986847400793 0.38096360024486936 0.3969544716372834 0.4076265999671697 0.4532306632478702 0.47756448236153093 0.49656893403532526 0.4769563354571241 0.5074119860244648 0.5463059135545131 0.5243006319722329 0.4956433690089638 0.5122497488945411 0.5340388587714163 0.4975730788528531 0.5324341564982528 0.5170702425515894 0.4892054656738653 0.47644278700481524 0.43735900106121095 0.4250618850746127 0.42168045802274473 0.42877084050202685 0.38056832218970155 0.3720293392987512 0.3502846845977575 0.36012631560676295 0.33747418852374345 0.35165230149024 0.36036076716457593 0.3243861293259753 0.34857239706112636 0.36446404478898564 0.3691164496815498 0.34065540120953913 0.3233216371869618 0.3083542231394264 0.2823932295035135 0.26628204123229676 0.23107106329105048 0.206527205526378
0.36766016579897487 0.35855963175868133 0.4054360499015571 0.3761497881876328 0.4145691254020546 0.4518175878206699 0.4330503668260144 0.49529722950591076 0.4897579585943426 0.4765625622868047 0.5247684169425774 0.5424246823540735 0.5072937298970681 0.45948053125685334 0.48750196667603407 0.4971808818433557 0.4949098435482524 0.5118153811223732 0.49057682584496526 0.5286116031558519 0.47707372719314034 0.4490730018840843 0.43687576372318737 0.39499855724003896 0.4314633526700932 0.40644629236289165 0.37877155740101565 0.3496722911412231 0.3758321745847454 0.3536761635100776 0.3429778974929663 0.35556056994926416 0.3547724715732855 0.34053079867171454 0.35757321575511714 0.3189279303345548 0.3208736774552606 0.3565404335820429 0.3148457469671118 0.3221131302101085 0.2962193250598626 0.27064226610776865 0.22302156389070807
0.38161846925718346 0.36121465938368197 0.38907276852286193 0.3984020837132635 0.3880935639252218 0.43526713732014616 0.43055191403721216 0.4621541575527011 0.48405094706825913 0.4778562268979938 0.4987119085338792 0.5016627785918386 0.47552808825236337 0.46185986589250316 0.45672982823137287 0.4544911324446306 0.45566124444236017 0.4868632518626194 0.46712813850642493 0.4992420115010258 0.46878236126960265 0.4251454734084997 0.4422098883772632 0.44882395545777914 0.423940634722377 0.3862559595091381 0.3954246728293426 0.3742957575976562 0.3601125359906167 0.33118635031130006 0.34308020403648665 0.36196475480708934 0.3441033400849603 0.35056459805797435 0.31239684416804525 0.32286632533818577 0.32905295293066134 0.2963380850953194 0.28784849300461635 0.25765978440549087 0.2750827056767759 0.23215291357484574 0.21760463381520403
0.4103926896653758 0.3774108988659937 0.38246147481700626 0.374562757320163 0.3646171168941699 0.37845815266528743 0.4058345247989594 0.4002909866857086 0.43957415939737965 0.4702982128858278 0.4589628616255001 0.4790951949960094 0.46001156556948075 0.47805897767031824 0.44998935594696293 0.425256583590705 0.43434708726700755 0.4447648563707639 0.43347000221804594 0.454884881888838 0.4451649706231884 0.43960758961497765 0.4561582478428862 0.43764069865495464 0.39979731529988566 0.4125010457703877 0.3944788978677172 0.3852543252393058 0.3728936369181928 0.3191556579678369 0.31153896955878696 0.32358728557724437 0.32064853196801 0.30554322643165444 0.3039680976613442 0.29104696192197427 0.3004554729151436 0.2668251898304012 0.26929367175015256 0.23883499341980155 0.23339199407423614 0.2433247399206931 0.22633608951812206
0.42279707724932997 0.3913716046431046 0.38262524341675924 0.3834119255826445 0.3850173301449675 0.39685407369439457 0.3689379980863443 0.4141930758983983 0.42334418388713735 0.43026044797077073 0.4778017410302794 0.4779286747798078 0.4984053788917367 0.4804366057760323 0.45772061762789773 0.4445585844719719 0.42578542587538615 0.4268234872351406 0.42348428465756394 0.43839160483941436 0.4180321123359704 0.44407825995365335 0.4582723319529291 0.4378487400828243 0.42312017269342 0.41212758841780833 0.351580642017996 0.37304964311683453 0.32776202363627277 0.3252425605147651 0.28227994983746535 0.3021107993657143 0.2892012925439371 0.30795197504300537 0.30348653231133815 0.2787444369277677 0.284568160204497 0.2959784997975581 0.24517575968471045 0.24992551495740942 0.2661209410828083 0.25376333440684495 0.2664049005820281
0.415282602532687 0.40283377448264884 0.3712897639781921 0.3610805007634702 0.3508619280809173 0.35939465993079467 0.37480887561071413 0.41713012312516107 0.4065899972084492 0.4411177382110198 0.4467168305252961 0.4813232482591076 0.4879880912414872 0.4844481582021887 0.43712209264412216 0.42425458341252914 0.42329072199573825 0.45064971890296446 0.41829883357252956 0.4062335398027301 0.4289657979481737 0.4578118141953331 0.4245949814950285 0.40863768029466524 0.38878095311203964 0.3694000931982854 0.3329268415786874 0.3391844587865102 0.2842734281616717 0.27170940938467336 0.2919156109993858 0.2759383791600997 0.2756774966504229 0.27242441321952815 0.29085361130931525 0.30821068054265627 0.29918896581590976 0.29782237288291197 0.2766335772437874 0.275441668380216 0.30171312854473126 0.3181538615578845 0.3039944413756544
0.3881138366836445 0.40926815844533104 0.3885214069181336 0.3870084669168216 0.3662382307277349 0.35838164381174126 0.3543402342112444 0.3734761533267278 0.36887369392399744 0.39118644871983654 0.3940112361028703 0.41595239442792126 0.4448699498321443 0.45960669213959343 0.4509267144099345 0.4386911535303616 0.4321667193786342 0.43277284379473985 0.4259029842315528 0.43666963036647644 0.44232653887848683 0.45907187381898124 0.4038133970183446 0.40074825778978174 0.3807520719360304 0.3961030459575966 0.3674524246692108 0.3419025770765286 0.2910652164134684 0.31285854471815927 0.29611405697635146 0.2814745407387227 0.2692646842474542 0.2582883140585327 0.28070016631492073 0.30687238116133175 0.3241508274033294 0.3111319526609343 0.29353413550983715 0.25819816141905927 0.30524943021176737 0.33007102336966965 0.3079293520889533
0.38784710287071367 0.3688769278128233 0.35079120292494803 0.36828132571679867 0.34284244113746803 0.3095542692970442 0.33474827141043656 0.34115532405235405 0.36217293690254365 0.3571582800718486 0.3551134571279114 0.363889588542275 0.39439574268085725 0.4232387253801903 0.3988280153397705 0.4006501407549407 0.4466337720070338 0.47012319607447595 0.44937293501438086 0.4651859972948559 0.43636251236730506 0.4433866189040028 0.4065088241935285 0.39744436594036603 0.3861464535971083 0.3709189848158424 0.34614206332947456 0.3095521321026738 0.2982073308833337 0.3118367826055959 0.3017578211687155 0.3146449239873251 0.2664664759774722 0.2670998701401729 0.28621916658385654 0.31712248203471155 0.2896426621960113 0.28566006000258576 0.256553239776561 0.2422505557867143 0.2967181006368404 0.3188341307781913 0.33652420839707287
0.37316918548004036 0.3324526814158984 0.32965987227563953 0.3176941816140358 0.28190348201050863 0.31134875199978945 0.30198923400912137 0.3197825455491892 0.3228775737831199 0.3484639133273482 0.3472360437924787 0.36533742798456775 0.3542945409542546 0.39673696537341396 0.420524040925364 0.41469029595877294 0.44046017646780505 0.4713845952404159 0.48164977161824546 0.4684508190414353 0.4771940245286035 0.4569685380397565 0.40884881326132205 0.40619711257446767 0.3784732359676579 0.3308167715374855 0.3255555442058535 0.3097022899422531 0.2811423506866119 0.30826491150318186 0.30666087592793595 0.2610123096895895 0.2660155950199451 0.27820209646216865 0.29564716236498667 0.27268386918559234 0.2941115542291408 0.26264393984739176 0.23552306663053388 0.2449100265952455 0.2971119651599308 0.3222617414053058 0.3420051488320286
0.3709714545870297 0.3331642607415274 0.3149681997330632 0.2712504682355453 0.28078459351968793 0.2639772647535285 0.26533087827968516 0.2823415712300067 0.3168323246973781 0.34502136915878984 0.32119168112305607 0.328415535404578 0.34859215808798066 0.35529099090840566 0.3954312955134228 0.4195000928392744 0.4134633232464479 0.4376778750281712 0.4912829311458497 0.5142100511894618 0.45637726331296696 0.4299280856504834 0.40580729525273207 0.3517376138638878 0.3571489028668989 0.33337257582899454 0.32692490191496765 0.25509690794594025 0.2733930881339806 0.28094574421709223 0.2718081853832472 0.25518889019518237 0.27528074407820835 0.3064174981931186 0.2812522687355761 0.2601891622290501 0.27351994088459813 0.25568022211895003 0.2546128978481954 0.23912028312416223 0.286445764279311 0.2893215340165837 0.3463759928870688
0.3510990399089429 0.313463501157146 0.30001003891999395 0.27222298351374996 0.29669938616488495 0.29215607890393547 0.2859907273927427 0.29214652809176056 0.33842318771067176 0.3626530665947159 0.34077722874619876 0.3199694373520315 0.32636381018455635 0.33881206019142107 0.3548598435647543 0.3735565635506571 0.40655575338994404 0.42596906836320036 0.46764530121967574 0.47195413015448173 0.47738718566353316 0.4206920324092968 0.38609708064150594 0.33692784219623945 0.34912625794587226 0.3267308948936522 0.3050939640755225 0.27818409162133584 0.24898795220222208 0.2675977160986699 0.2901086527872228 0.28869656842673586 0.30829609248772544 0.2969995137512993 0.2560450749402124 0.26625050707216086 0.26101171720639343 0.28298636209352795 0.24719796467382885 0.2679994514628118 0.2591261097878994 0.28565337485803843 0.3412701026337902
0.36402775054063063 0.3314943785431351 0.30872740878542876 0.2844740087285224 0.2947861994890873 0.2722324119457882 0.2855076607956299 0.3308738660343902 0.35613020947943597 0.33184454566792276 0.3210663374259646 0.2807123242425762 0.29798720394959943 0.3413456790502799 0.3648483621431537 0.37670177847097636 0.39399145053888496 0.44106883731412133 0.4541426273621612 0.4717669186540016 0.47067219914326236 0.4470145347242399 0.41503097437079395 0.3524710959875752 0.37440039882013254 0.3443249046271918 0.3292457554992614 0.2976810614502386 0.2914921986767761 0.2510391720714742 0.25662626588490384 0.27580193169831785 0.31676672569495984 0.29949836938217694 0.28085962035322126 0.24670559750616533 0.26117846252330873 0.27050179456411416 0.2827971916044205 0.26338756521886597 0.2837706012669766 0.3086314494557495 0.33755432484139863
0.3614199564501016 0.33098956530542867 0.28929531939447384 0.3193601997781729 0.3125992571461318 0.32418319685824104 0.3354542826064105 0.31681020614858424 0.35529836408820653 0.33518048380057264 0.31928570851650395 0.31882848771791816 0.301659075895437 0.35144887646970757 0.3709681036496476 0.392242903893119 0.39492546110499643 0.3975935297666229 0.4233808668635572 0.4333057103537987 0.4262564489907441 0.41505712357405344 0.412884116112145 0.39404572048701114 0.3704478884441133 0.3398824913173216 0.31063544174630225 0.31480663990899765 0.29004323017483713 0.2911887481790386 0.2780868308409941 0.2618762984500242 0.30275278367147906 0.3090961828518961 0.26981773169474993 0.29098904107535056 0.2990327509106492 0.3145531424170904 0.3078524986971153 0.3171834955222322 0.32721476932243054 0.3074980543719743 0.3182607477815053
0.327303167934751 0.31622997474117576 0.33562175291865676 0.318003216302795 0.33195323676525845 0.3611634634501019 0.3715266516876133 0.3151258594087465 0.36621738276843624 0.36116340721274653 0.3336954307013421 0.28502980058864824 0.3161447698048701 0.3750442582640566 0.36708169303803273 0.3623086631255127 0.39478669156486207 0.3922797771955228 0.4247147496825378 0.4192628217968295 0.3934314528886912 0.4114817256800981 0.38491909691612924 0.3611092385505883 0.3746714002303782 0.3263729788570356 0.3101189170128055 0.3203467844974334 0.3139400351922458 0.26279485819915166 0.2721594537992468 0.2744071377724837 0.3037443301401822 0.28378075409481573 0.29940787262128327 0.309106346238754 0.29893161272118224 0.31444489310381535 0.34993312101383967 0.37862289266180826 0.340968148787541 0.3427633131435605 0.36350086974304735
0.3408680537068544 0.35391867498480595 0.37494187100938775 0.34669411338142636 0.34840775662522866 0.3459634209388127 0.3790514772987518 0.35876923512533093 0.3636596801130114 0.34873953943140906 0.3292850531904129 0.32460360248167897 0.3397356636554395 0.3598447526529856 0.3562172998004108 0.36154566424966733 0.4045471703469818 0.4076343943749712 0.41567668557669485 0.4237920888145754 0.40443228931555025 0.38063022986356787 0.3830714965527353 0.3907236992581597 0.36248610267754783 0.31384113380712275 0.32041941523172085 0.3250106623250796 0.3147285797435628 0.2887851138509889 0.2964207526130161 0.30349456942235375 0.3078126513241854 0.3154942196753252 0.3190634049231753 0.3161180517571667 0.3187996423058338 0.3318758131980415 0.35144933456155203 0.33693811955129555 0.3565057083553637 0.37770108097517746 0.36656405257633234
