Raster_benchmarking/Raster/continuous/raster-0.asc
NCOLS 100
NROWS 100
XLLCORNER 1743168.0837878918
YLLCORNER 5469293.827752204
CELLSIZE 10
NODATA_VALUE -9999
[rows 19 to 37 of 100, columns 43 to 85 of 100]
0.6182370399013166 0.6497628118721428 0.6328848623936041 0.6177557112173178 0.6034476173890714 0.6268249802056567 0.605824209343203 0.5318073697781348 0.5039302717592218 0.5306775415605133 0.49393557026446033 0.46459505630284265 0.4722276901806542 0.498518415204623 0.46083743345506945 0.5617361390993273 0.565648279546039 0.549239158724987 0.5227151813059088 0.5077971063752464 0.6175598973128569 0.6050208876533745 0.6259770940067789 0.6208910771326527 0.6001948259699177 0.6509350692625018 0.7250810615466173 0.7668887372365526 0.7619284161494133 0.6780634532631822 0.7160918257316308 0.7526285067831107 0.7333665044246872 0.695016225404088 0.6174484484153505 0.5576293290440235 0.5158758854566887 0.5010949351982159 0.5196225429996438 0.5184063414281663 0.5096519944963571 0.5486628507133593 0.6011106130196806
0.6653554538137966 0.6490968246730164 0.576609266547146 0.5704394081792199 0.5461736751176527 0.5485603214958815 0.5974083888258359 0.5289752023229102 0.5383176751307027 0.5263993187771133 0.4890459651912033 0.541368102413713 0.47979843810087275 0.5229756105906244 0.5008873701093276 0.5337081350184034 0.5269318671835748 0.5072140635239359 0.4954660180790724 0.5103958895369426 0.5694195418665294 0.5486673328494375 0.5655156772384504 0.6173149677353397 0.6119985388684577 0.6405698068148548 0.6399798657538263 0.7170184302973958 0.7065563092794699 0.6913517784424961 0.7254064093359757 0.6748413254512573 0.6328955446507262 0.5980740366848819 0.6008136353625678 0.5171183336413369 0.49573002387466514 0.5136485464416071 0.539432618817723 0.5282519658519432 0.5655844364830237 0.5844329488296186 0.5714622449347779
0.709118022888115 0.6380610262479688 0.5974834215498519 0.5373474573451805 0.5446753610018557 0.6001792259056132 0.5878854363697738 0.5299487479510661 0.5601998210166192 0.5191523424522534 0.5515812196644894 0.5887208057038843 0.5386599867526477 0.4940170435990649 0.488199442862751 0.5026857614383474 0.4724545213833036 0.5153943316745717 0.4671381872755552 0.4391330044982196 0.4666366962483068 0.5282601865154598 0.5682962372923053 0.5780552504106601 0.5750175493154301 0.6024327318101868 0.6177316314430343 0.6419591761061343 0.64510659114782 0.6322930386270954 0.704580457477494 0.6791310854812577 0.6375107250331434 0.5806814610409279 0.53017105573586 0.5168927023654114 0.5399682737569436 0.5236305367493538 0.4817433997006444 0.5621067397011484 0.5881357573126399 0.5912636511741874 0.5566641496526012
0.6557032869987487 0.6370810016285571 0.5949915378439016 0.574565912012599 0.5797102363954929 0.5715053121434179 0.6127107602882165 0.5921679854672804 0.59291438250977 0.5917366946689184 0.5867170139186256 0.5847798325966349 0.5189902559212184 0.5017064553780157 0.47952270861626956 0.46451974336338964 0.4283258471053313 0.4920376525620129 0.4363156991344613 0.45164252023185464 0.5138684515272322 0.5575425003392019 0.5546601465805475 0.5681846461003134 0.602468141897314 0.6193272648373821 0.5839919891878901 0.621668033584729 0.653440724540729 0.6272903369186023 0.6328937886077837 0.6169298501063318 0.5926022345393819 0.596430464732444 0.6076636879887454 0.5810441875103153 0.5339912666756521 0.5637608674994619 0.5954710394354854 0.5882815305790626 0.5539797834704275 0.5739510585940355 0.5686994012535533
0.7341233776622982 0.6514146669201376 0.6425173629472489 0.5713589501728745 0.5802605961428136 0.5414068112922473 0.5665271776915065 0.539840291480829 0.5291547024651998 0.527559217438342 0.58452049202321 0.6200100133149037 0.5859757813830411 0.5094954565824344 0.5204230902757546 0.4793383538287647 0.41449073271913683 0.4368736146709768 0.48635213039503356 0.5059519334098572 0.4653302766221971 0.537454059557611 0.5837572112596142 0.5595126503543144 0.6505541687995755 0.5917113736827796 0.6318100037642548 0.5830477945437532 0.601071594328981 0.6238569875274745 0.5946858590131788 0.5658646471061388 0.5407599834689752 0.58317961930803 0.5793113152953707 0.5517875262160525 0.5782688547254781 0.5535681437550897 0.598507690322767 0.579810977563956 0.5669060530866125 0.5352382621396946 0.5349611930726985
0.6594468010940869 0.668210876650538 0.6821067920715133 0.6318721504110031 0.5931081339967366 0.5770051997923417 0.5897911006454013 0.5718304679523499 0.5199516278558146 0.5610748930562329 0.5429431273694952 0.5748944275994649 0.5864523083892473 0.5003414337067498 0.5001516474517165 0.4667267066662687 0.457693488189058 0.4929849520992937 0.5057943454876589 0.4652809254065145 0.42879456171768465 0.4631419179936882 0.4946767899183204 0.5643083202003779 0.5741553548659951 0.6094257140394785 0.6151488723497824 0.5502190995941972 0.5083137030106989 0.5475578419704367 0.5750869285027371 0.5365787541912631 0.5148329253623447 0.5422334336938953 0.5542014866816077 0.5695178641332295 0.5741744959242351 0.5656711716253469 0.5606162894823353 0.5634947047047805 0.6067475814886732 0.5544328065356361 0.574128069407166
0.635560033510317 0.678503153968678 0.6645213036010573 0.6314440925010927 0.6203841505736869 0.5729959643911235 0.5843536373170164 0.5615709852885441 0.48683404308538264 0.5355116345616985 0.5807310637447448 0.5373192061445655 0.566241969543549 0.5389517808769998 0.48728896674863875 0.5000442014055713 0.45870471860886025 0.4605540675326503 0.47571683833941286 0.44526483730697264 0.4315671812647373 0.38677705425167364 0.44374093519345126 0.5202449394387145 0.5513410638647821 0.49784918889777796 0.5248079955867614 0.4940235564102002 0.47684433632235457 0.5326048957031279 0.552382020521732 0.5278095575920282 0.44639600029177 0.5071566588438687 0.49547842040990364 0.5834920465139726 0.5826163061038491 0.6187720870619985 0.6180331265654277 0.6049120149871097 0.6262140398654218 0.6303041100416076 0.5957515945096937
0.5863406786573474 0.6088855616749247 0.6095491481436683 0.5649219649564846 0.5935393930830182 0.5531485764259346 0.5245097239830752 0.4923679623584752 0.47749732310952436 0.5366811428628793 0.5528307961880604 0.5179061481126906 0.5415226274887716 0.5167666537412725 0.4654899548285119 0.5034241415469712 0.46630097566052786 0.45830212122021374 0.4825072243568904 0.464019581967632 0.38743190196727795 0.3677280640459474 0.3608652712817061 0.40490445639712447 0.445030334383581 0.4605822778989484 0.5107038719363467 0.490935924772816 0.4905673490917067 0.5067246455191905 0.47725571959489665 0.4585614398001512 0.46730921096509265 0.422319181995495 0.4816010734956299 0.5411472704126892 0.596014675613445 0.6028014650263869 0.6103044020272482 0.5870971217844312 0.5530574609033583 0.6034605635473959 0.5645474163146655
0.5774140504456343 0.5472178853375764 0.5891485101924461 0.560616626135056 0.5222338728493748 0.5429982409421688 0.4743863452702406 0.46572920537915913 0.47390692941574974 0.5373166666529324 0.54972868268899 0.4692578574039893 0.487468464338687 0.5220405541195067 0.44437320342179865 0.5025922185061673 0.5456794561444755 0.5309928514624601 0.5091462057958229 0.4059078940976307 0.38865120796082975 0.3779702930065119 0.33696090374078835 0.35697164570694717 0.3297281117888593 0.3706109131074415 0.4376354178977464 0.4200672361820445 0.38291420785560304 0.4842420776894558 0.5007309262663788 0.4303858758911644 0.42699815102410826 0.4737585103131998 0.4575387205276898 0.5114391333662771 0.5419519915020553 0.592148654664749 0.5239005560520299 0.5706337286808998 0.5411969059041701 0.5180347205507001 0.5137102273538702
0.5699381768685163 0.5596837298840391 0.600718785244604 0.5582300485614867 0.5480099749763041 0.5066275104122826 0.49277894562027785 0.5015439817513883 0.49446998895703187 0.4927825026565555 0.5063164333140355 0.4753123242650041 0.4825215128724583 0.4979753171743178 0.5156756039900477 0.46777816921950144 0.5150502424241576 0.4605057138622523 0.428324930418965 0.3971326850408346 0.38026463818873135 0.3270921543197595 0.3341266758466062 0.3628086010626391 0.33558147945047373 0.3737291384996174 0.3739968988919301 0.35084470351283065 0.3858411308591817 0.43661350322377984 0.42512888770706597 0.4307384246292433 0.4444580742756587 0.48683379660698595 0.5158593203205117 0.5445008303591997 0.5229437998999966 0.5413257980271171 0.5612187250573308 0.58674609174496 0.5898473331811601 0.5215590337275673 0.5251869401738486
0.6121529978909985 0.6112259737943261 0.5893513712869408 0.5630364004465495 0.5694916711335001 0.4756455949483806 0.5122043719591761 0.5259524154404291 0.5179331053145011 0.5074741974317426 0.49243658390733963 0.44095273054038925 0.4478335558077615 0.46316660797486064 0.510674465344097 0.5053267721377247 0.45815730334381666 0.45678535311306256 0.41984461043704496 0.37970056665871393 0.3010624883725752 0.29362284836722735 0.3443086469332082 0.33907107864525826 0.31692483699581414 0.33936992054040915 0.293830731536286 0.34856618498600567 0.4178778024165797 0.39064641764819863 0.46484652157981277 0.411818390114242 0.44116709614614125 0.4779362561116232 0.5664582957559977 0.581588670313534 0.5490710218071865 0.6027713227690665 0.6473918791322473 0.6310724403339177 0.565384390192887 0.5671589156843257 0.6205596297648989
0.5720760464988499 0.6117830633510566 0.5506966065014736 0.5208519847450513 0.4505264822048919 0.44204383883606846 0.45113239368702374 0.515621317166974 0.503931556529667 0.4485902581716387 0.4866233476844589 0.4652303727304627 0.42813698796354244 0.4204943856014478 0.45006243784725786 0.5202842026232678 0.5308909760582549 0.49614468967227526 0.4046749380199766 0.37050084892292023 0.32501682708133256 0.34226275864365 0.3608250788256585 0.3320901415642706 0.3231408119797062 0.30714513228123486 0.29936868156574575 0.3130723540301882 0.35243432731847557 0.3825566754926038 0.401432741996057 0.46476306923774724 0.48165408605593923 0.5067440682255854 0.5793056351916603 0.5650323156942701 0.5872250021718826 0.6023071491084573 0.6339531378456038 0.643342097680675 0.6088970479085933 0.6006698154772799 0.6322455815542484
0.6066384337921209 0.5687198774349328 0.5013548296996423 0.44785468466781597 0.41131687638925646 0.4065024053307529 0.414745378787174 0.4979494167447947 0.4716335982511747 0.4210042639259591 0.41689789506169744 0.4092259596747041 0.3765295833409504 0.42300608374867416 0.4986775325434581 0.5114673476331661 0.5278116513334218 0.46638648402950666 0.4904718558862344 0.40705991683943993 0.3124100994991264 0.3438177402904949 0.3281383901389365 0.29696168090887304 0.30037136382246105 0.2707745058088031 0.28146256183769447 0.36010257078516233 0.31776212461202324 0.38865775837566113 0.44762338894432957 0.46540069280635576 0.4711504917373346 0.5364256658933565 0.6205404439137103 0.5952250383296677 0.6432618661868338 0.6881964902932932 0.7160992999068357 0.6584859858128115 0.6983510610454687 0.6775614181477007 0.6587354709596122
0.48985066900269236 0.5431191721483138 0.536089694855484 0.4383568987211614 0.4553575840698119 0.4758007438881178 0.42169213708316755 0.4348785982688345 0.4181836549731497 0.43338725615447166 0.45157375598414945 0.41767888495805916 0.4050094409879217 0.43699879394127294 0.47514311724379965 0.4426939105484832 0.5033368339450741 0.4756224988017613 0.4709725870770549 0.45621373213678734 0.40743797423786876 0.3744293793698153 0.37021955986262695 0.3593949457991107 0.35788005169985054 0.30716793251981134 0.3752665944431134 0.37740956129690023 0.42467201982055514 0.4415260337359068 0.4391423982497262 0.44436135829827705 0.5126106657336171 0.5703353690815645 0.6158417695917746 0.6198249497339636 0.6103410750115517 0.6835635554604268 0.6631268109708335 0.6761662333301407 0.6525823914136906 0.6606006641443132 0.645984280961313
0.41884197631520076 0.43650215030264355 0.5030039452571361 0.49553830331658005 0.477552126684537 0.4776677739870156 0.47811965115438876 0.46402127011953603 0.4057935133156664 0.4523386970190112 0.4426843433297565 0.4032087359649785 0.425581109441128 0.475591003129883 0.4307928779997952 0.4769231495397259 0.42257882772965155 0.4722465918018439 0.4693717371091608 0.4582543001736292 0.41732956381023173 0.36528650873928137 0.3907545172214049 0.3514719691829345 0.37454095187705616 0.37706061106997424 0.4008235682168298 0.41109377302211947 0.45849055206913153 0.4314487780585033 0.4723584878612475 0.4713450419919273 0.537062917528997 0.5421584600879675 0.5663102502201486 0.6086905597586275 0.5877551941963299 0.6772864659880198 0.6670143560857976 0.6361648670324183 0.6653916584535298 0.6802611047010236 0.592667258707059
0.39053028865039724 0.41129407496676396 0.42471724250891185 0.45390206570833136 0.43538881569564397 0.41281543152939965 0.4008017985181003 0.45869419856418014 0.4180132842400919 0.3919500607642162 0.3933261065871305 0.428982277107428 0.4380967660378341 0.4649016670965087 0.5155024325863932 0.48557527545178486 0.45124461084427603 0.4103434968303059 0.405081298958371 0.43581455578944983 0.4351949966483563 0.4227023862584955 0.3374241342187499 0.3525457567770461 0.37071188014865203 0.3644213688303724 0.3727862426933425 0.42464242446255485 0.44507614676857093 0.4735732869198184 0.5118702797557224 0.5244802898771684 0.5426799212149641 0.5018187376215653 0.539274907201672 0.5958833968233932 0.5802766646605646 0.6207098367444313 0.6893494011244387 0.6825146368430806 0.7095777196436142 0.6888263319646545 0.6361282974572077
0.3570205664296658 0.32376029235403936 0.34627409335438813 0.4040121419358832 0.39607906849197433 0.386746275461571 0.4029508875160728 0.42555483451370313 0.39650851406708476 0.3748024150828117 0.46592676777798026 0.40434885226797845 0.4425233035148795 0.5030356524841743 0.5245369752559729 0.5322339019390625 0.4856669869095533 0.44599186771607235 0.4162488087132263 0.43261010791631926 0.4115739593789828 0.35990810462118344 0.32154596254102064 0.3470573779998397 0.35901205794708874 0.41947123764446687 0.41759001879023516 0.43881415014143077 0.5251458039180067 0.4901314656401278 0.5279125356758926 0.4933145592797996 0.4752876652507788 0.557114600416009 0.5763174720570539 0.5571809214020934 0.511109642631513 0.5637504817882057 0.6654166929107614 0.6868060619342126 0.701134919398209 0.6871341507823562 0.6804576781511364
0.2874319756635752 0.3359109687409347 0.2928704113824822 0.32939143976436713 0.3348992675399959 0.33136302715497545 0.3872478931840389 0.3948356765110341 0.3842919917657816 0.3667366990493609 0.37150118895930373 0.43457732564561374 0.4566054419696682 0.43362009530182 0.4540316502139348 0.5282106616869605 0.5072806958156918 0.48420758837620625 0.43669029385780217 0.41977665605336056 0.3399515042474291 0.3246947575936828 0.3457480736944357 0.3198628441301726 0.3336039675784658 0.4131668841772428 0.41667620443963926 0.526999635969561 0.5354656516742681 0.5001026409058691 0.5496120465864194 0.507322256102999 0.5359919672983214 0.5401862843177604 0.5154268919760043 0.5620196194607853 0.5539701556319591 0.5861292861439642 0.6592247249444724 0.6980115145139139 0.6588330203299666 0.6433627360683248 0.6717227964301921
0.24701433833774983 0.2682364764172836 0.2715339207143828 0.3306592537230963 0.29974400515138566 0.29414762475074563 0.34180990186493065 0.330335498854344 0.3859183878375417 0.38008213038233796 0.3689118191806203 0.391648674061314 0.42832120036489124 0.4601270970872238 0.4735102646489761 0.46544922590784205 0.4936878254788083 0.44838633213236073 0.4777331610624125 0.44641015793268496 0.3590828944280258 0.37577854315333986 0.3357667686015645 0.3206272949707513 0.36590303038543154 0.3793137384555702 0.46266480558199474 0.47181788143288333 0.5478259371863298 0.5615410367525389 0.5442429409048172 0.5844638315514961 0.582274646741204 0.5035829504100182 0.48625753924431586 0.5547371337225394 0.5699970749292673 0.5979321321357282 0.6041736097081057 0.657345323283627 0.7129989509883503 0.6577404252305652 0.63135673341986
