Raster_benchmarking/Raster/continuous/raster-212.asc
NCOLS 100
NROWS 100
XLLCORNER 1743167.739676887
YLLCORNER 5469279.195899842
CELLSIZE 10
NODATA_VALUE -9999
[rows 19 to 37 of 100, columns 0 to 42 of 100]
0.09142147190099527 0.0705118806972974 0.0759739677295521 0.07613802882529626 0.03259435300012147 0.057247248339752296 0.07574355011117628 0.07129106544223629 0.059873052578584995 0.08352266106049695 0.06619627915128411 0.09731843759789348 0.12200879708028405 0.1320357266461019 0.10999168729027081 0.09132878128044211 0.05261160714227854 0.09302750913415475 0.10309673167927175 0.10939072445678351 0.10474921700018253 0.14577577923343932 0.21050435442694573 0.20288080824962748 0.25926837516347395 0.2486789588992445 0.2631011805775877 0.2766926010391782 0.337621703347905 0.3307966853589456 0.38137619703720693 0.37333170810453353 0.40490709449119144 0.3662172306248837 0.38839730157924596 0.37270522127984484 0.35887673172183127 0.3146283310682437 0.3314005464003418 0.3520484008870957 0.41186927617834557 0.3627467626153742 0.38182276510998975
0.10922681117572226 0.09154959899525426 0.0491416478247912 0.03627566318496435 0.039147530986080946 0.05828523586701034 0.06404841679275883 0.04672295663972384 0.03870465318955624 0.07382518369026601 0.06650930082749743 0.09996107320326 0.11967305914318471 0.09654403050930324 0.11733786358082975 0.06566214621393306 0.05657512947344218 0.08992341259923767 0.10251412491367619 0.10497691933918704 0.13751642565547192 0.15441974823507068 0.1967486133347036 0.20404261993493727 0.2375986537210666 0.22944630421929046 0.2599154788571251 0.28828378101821117 0.32075087631890525 0.3256561590549284 0.34002618176633875 0.3575390504114684 0.35054669971442143 0.3467873616335596 0.33827114081948284 0.3519486568464326 0.3270460085182349 0.3148610255353548 0.31665550541208726 0.36256097369982765 0.38154716825612933 0.36832942560756055 0.36747119313574594
0.08741264876365798 0.07664796907303015 0.03333436993438793 0.04265451228705586 0.04883449843797332 0.0317464994033219 0.020796714021142308 0.051397112703666786 0.042202275360551926 0.060080329814294904 0.08223108962557273 0.10228742550255024 0.1228227488292659 0.12644563670381376 0.11614565175789975 0.09503887273890868 0.0625280580081209 0.07203357935733816 0.11522093601834975 0.14438002561913102 0.14180514612143705 0.15404259463294728 0.16915588185020464 0.17824088927148996 0.19590884922575516 0.23815554429994096 0.270538191256948 0.2535989929906397 0.2684242975184105 0.31798293935904154 0.3346378159830159 0.35734997760021414 0.3333711421795606 0.3451483578632143 0.3193995583406232 0.32203376032427844 0.3051736320314607 0.30568161198761173 0.3326972710667813 0.34800965471141887 0.3517407238972671 0.36406948333683886 0.3545883117209453
0.07683869984967324 0.06403001655889506 0.05583089727246925 0.04722567011008832 0.021380689271006004 0.016540461417182288 0.01427144108939888 0.027019143344376117 0.03925447277379269 0.07012148354225899 0.08998511314311998 0.11479068494384759 0.12062053443945522 0.09606940473993142 0.0893635014967412 0.08836836975263172 0.09188536542969128 0.10068509182856426 0.11065840353540249 0.16699578824485792 0.14753533225844512 0.1855763319327882 0.19815080289779521 0.19965824681592176 0.21061144764748826 0.22910153108700904 0.24057993709351178 0.255329937737724 0.2834804688134182 0.2896653227472442 0.31920246419835296 0.33134071878600285 0.3608339120834291 0.3622882727337419 0.3271553768222618 0.31334918191188027 0.3188217571334266 0.31143305548126304 0.32213563908280113 0.3097125016349724 0.30255899117284835 0.3242847278670263 0.34312630587456494
0.08112327894875788 0.09532504457492132 0.05783867056318426 0.0536101129310362 0.036802079658803784 0.018030330977279074 0.0 0.03658777911978221 0.01386925671674026 0.06749500007290408 0.0971523052931918 0.11313009890963041 0.10636531737132186 0.10889021184558297 0.12520184028532422 0.08679698722029272 0.08744173763340479 0.1255828709284707 0.15132743448421904 0.15147562289017327 0.17390720166961965 0.20273551080167276 0.21884949716941618 0.22845467995178495 0.2304088092192114 0.2545229173014876 0.25588280830405985 0.2363386185008437 0.25324579638841316 0.28361575985029724 0.315354217299558 0.30532826605167573 0.35524100302006417 0.3364777282227347 0.3529315644348667 0.3484313015436669 0.3135855102534098 0.2894701283221921 0.2771063198141535 0.3010378344053065 0.30321310841406074 0.3247118948852111 0.33817143433647934
0.0892015796776949 0.10153028459163703 0.08890565931563875 0.06269967086442836 0.04944843891749265 0.06050127468104174 0.03776911924169929 0.0443499988154599 0.03310291199402338 0.07028244234724461 0.08760097354407816 0.08740788262123092 0.10091177534492823 0.0909139881032427 0.08767971353772354 0.10722623933691026 0.09666974713019058 0.1350611403918472 0.14595352542663576 0.16674905226708622 0.17507276774330874 0.16522855535654743 0.1905583214801732 0.22890215377225645 0.21815151001270142 0.25455916107212995 0.22143608794642564 0.22700143081902255 0.26442237851071926 0.2747238613320575 0.30859638413029566 0.31193008549173845 0.331874578177128 0.34020294139566415 0.3385726527876531 0.3313534660323433 0.3360047406803317 0.29135374703918776 0.30719114950275433 0.29857011785195975 0.31317485521283583 0.3068894793774217 0.33645012711392397
0.12448769046456645 0.10062868378547996 0.0881186528944302 0.06884039197626611 0.09959273437959325 0.06688517304479037 0.04387723222642882 0.031699228048926324 0.05694206011764648 0.09027884298377366 0.09927860212838534 0.10475915191408144 0.11963907229672312 0.08576292537303676 0.082445506404742 0.12072750266238169 0.11514212443584809 0.1348696111835201 0.15102013616853888 0.13346557779015272 0.14267189632915916 0.143837879062114 0.16936868943028785 0.20473540520976855 0.24757932633928614 0.2592154594091321 0.2317802468625656 0.2509335736968687 0.2438403824673278 0.2771527327217109 0.3136361734257442 0.32935886461819947 0.3334725397286279 0.32412801895646437 0.35458951963147856 0.3676483086058692 0.3563605271734021 0.3134880391318575 0.2889394836559461 0.2905404156853474 0.31153982423746907 0.3133845514415969 0.31015254422461463
0.10881463172238721 0.12208725081163264 0.1155946870758166 0.08426730372910458 0.06579647751634686 0.052324752208688104 0.055311887986359984 0.06076072166554855 0.06475379492219357 0.06870328019395096 0.07256437678980283 0.08424772752886792 0.09260263794880341 0.11818701296793108 0.11685832335961921 0.09665342569191464 0.12537084510831958 0.10278540284235152 0.13149585018842286 0.13747763638483687 0.12052950280825395 0.14337100792176533 0.16450009501531315 0.1845827276662425 0.2228820820663484 0.24035196170471235 0.2274871050012631 0.22062803942526427 0.2479271740558756 0.2722959365273296 0.2886959071228583 0.2875303908912763 0.32759027598127716 0.31194682080911373 0.3127843653556965 0.3601201684476049 0.3254775613731664 0.3277180958134193 0.3198414121779651 0.30021949458592606 0.2830106199030487 0.2916891655797945 0.3105783783726963
0.10222955271698757 0.10308653179453474 0.09929869295784416 0.0781031249202075 0.08739322045624298 0.08956852705099015 0.05063105546092795 0.09288916621538408 0.08949287421155792 0.08201674861184838 0.06825405052443598 0.060793150894306994 0.07099517569151359 0.13254424393218772 0.14051499495343428 0.12467670754526415 0.12794127307222541 0.09503160172568904 0.10274645051724973 0.13589558024681805 0.12811252631793904 0.1377657173295277 0.1658293563504513 0.211534177839043 0.23502446958605572 0.22875097263278077 0.24376648754448507 0.24249689122845067 0.2359064618332751 0.24910256005364614 0.3018723581095276 0.29683910969341987 0.2859123240785466 0.29829051353305774 0.29891309548576817 0.33815283531477475 0.3477170186956813 0.3474187585870617 0.3119480513829502 0.2888639200503843 0.30804582663501734 0.29879597689659726 0.27535294144733397
0.10121787739035651 0.10677211956264172 0.11375015112175993 0.10551992360658234 0.1182415173374276 0.09807324845331615 0.10100790850633357 0.10568285565513055 0.09860749233682288 0.07807074755383793 0.09445874724480853 0.10247079594317825 0.11931829621761796 0.1323990422985639 0.12145948671479138 0.15101891111237217 0.12756736666368843 0.11766076619434566 0.14549055970289745 0.12140133836796817 0.15996022115112157 0.13781719777733317 0.13991865609174475 0.1856687592833558 0.23270431952824708 0.2398076438042547 0.21647764060923919 0.23726685353520563 0.21547776504800883 0.24683117141279268 0.24845441848377733 0.2786014074395497 0.2405058520878699 0.24720319828303441 0.2760333600067859 0.3078987945152859 0.3232097561145351 0.33762376109379294 0.3008590751395618 0.2861755383998121 0.3167051445826896 0.31840877897194736 0.29190835516336944
0.08924247165243719 0.09171412439897017 0.0764934386244799 0.10607573125032757 0.09505772691652237 0.09709353631492003 0.08832499231100126 0.09993873526283115 0.1057766419215572 0.09038262365711007 0.14115883168304266 0.14069440799993735 0.15522222878731612 0.17043587044544442 0.15089888545445632 0.14762571211757064 0.16822695215997271 0.16743383295916145 0.15585842215681045 0.1502744293715957 0.1743861312458768 0.13861005842331012 0.1512700487964912 0.1794057282105859 0.21412058321454353 0.20812628087868185 0.21623205538075224 0.21325622864619703 0.2267359822134459 0.21529263854616565 0.2439424791847835 0.22656836363826183 0.23221340615875002 0.2475737284015413 0.25824784379950333 0.265191978828353 0.28160281427156897 0.2945285422989956 0.31710917444720194 0.3098690268030711 0.2983305708378793 0.30767526050214133 0.3159117739004437
0.07676829700547207 0.082127374201675 0.09839377040763365 0.08082776684332804 0.089978854177205 0.07971120799005235 0.09099997671222747 0.11148868483384472 0.09841785399017497 0.1266110846840385 0.13153707337826734 0.17466190911165522 0.1743928613243259 0.15850643287334698 0.13448550732771264 0.13074265635334192 0.158377672060029 0.14135255257296306 0.12318561216419682 0.1434937007956032 0.14591891963281503 0.1579235557992487 0.16711611283099595 0.15162601452271082 0.16535879625308386 0.21231565009375855 0.20268865782070528 0.19932212802545812 0.21616379299378735 0.20776260239520516 0.184984071034131 0.2102418535066204 0.20503720853592805 0.2282604515482348 0.2717555158464598 0.2704859569811251 0.2734039079177725 0.27669599003803613 0.2724829727354019 0.2697429706460025 0.27718808797900085 0.27275091893296727 0.2854091592876823
0.11200300973919848 0.07177856894032592 0.07255060064994605 0.051913025604936394 0.024509856960505755 0.06008741331430584 0.11163197793590972 0.0981942534707123 0.1313739286897372 0.11275346537080988 0.16106934807506737 0.17588752824908635 0.15693940516565183 0.12960002869075157 0.10057924812354065 0.12437364281324721 0.10491847102147595 0.12601210737232532 0.1308148617755406 0.14742291995714868 0.141214775114817 0.15009259457664978 0.12368724958973946 0.13666472971420607 0.13481398685465373 0.19284764829983242 0.19792994468722477 0.1697765968208174 0.15917969475551588 0.16706261085969198 0.15191139366288064 0.17587513598171664 0.18610025675091596 0.2164641361443256 0.25045148532279415 0.24563863568177327 0.29852323181115986 0.2607410151882184 0.23692304792427069 0.24325860525242982 0.242505327370505 0.25833956276297537 0.28884870955491004
0.10475965690827657 0.07374217762925193 0.10439330373660227 0.08612917691242483 0.05664235616971162 0.08296354401288791 0.07298413545297985 0.09964133092198936 0.10419903605018961 0.09967343728261095 0.14395907038232944 0.13960464009276782 0.15090760890345375 0.10547445178647145 0.10253627822396909 0.09712110685992745 0.09606023174115624 0.11888098366783724 0.13194041693957245 0.14895336923429056 0.1295071144478195 0.11773795808075684 0.14491113438241632 0.134420875275638 0.13982996441981574 0.14470600077395449 0.16124934357208107 0.17471633215795648 0.15324111595271434 0.17655466517689467 0.1652953567615237 0.15973042554076328 0.19198585720249797 0.19243269122643045 0.22683472128410448 0.25202562737407297 0.2609861129755745 0.2652583437749881 0.2464083936007166 0.22965226398061056 0.21258624135865445 0.2480036301518363 0.25824208372048796
0.08236659257218168 0.060286305799716965 0.10142905030021124 0.1107045729631214 0.10466346087118379 0.08402459784108474 0.05270000948136033 0.10225911737859883 0.07035282774673506 0.10116056630377789 0.12201987459764384 0.13350378739101634 0.13616615494654635 0.11142713967219423 0.07463451440364516 0.11994614053295642 0.13042482974250977 0.14427205157485518 0.1383764911459077 0.129294658626992 0.12101434882475863 0.1407668078305582 0.14507501303164003 0.11459182387131539 0.13561363763359438 0.15380049012233088 0.15951982818710075 0.16580246846481028 0.16067146275622962 0.17135556367023275 0.15444357012666837 0.17016783171427272 0.16787298552765215 0.19861406806431048 0.21911089493856725 0.22165805592584548 0.2445956622156927 0.24324208584906193 0.24035732927679695 0.24610862407666642 0.21529188494370272 0.22420460392323713 0.24654550014321913
0.06097804912392758 0.06155962624734288 0.07359090397442546 0.06647672897621797 0.08404892157561848 0.09771698278495909 0.07295761627935814 0.09566913931868953 0.09472038695557385 0.08443421897268913 0.08543357277694848 0.11494463870448039 0.11582536020075503 0.08444802888378142 0.0924487301417903 0.09053753361740367 0.1201469073490086 0.13079829474938773 0.13613820262931375 0.1261453048262903 0.11757023092279159 0.09918457051497563 0.10114630358543118 0.0927124409308542 0.0870989534860253 0.12640343514968705 0.13383247766185785 0.1278986083181573 0.12876263072261 0.12226360097803535 0.11810593585724259 0.16739199865885718 0.15772713213111617 0.14853953749798202 0.19786827714408706 0.22064339957707807 0.22965877624107622 0.25720785894595427 0.2633768385062268 0.24885993708016402 0.2115565017964008 0.22095687484300808 0.25993091186622036
0.05639838340855703 0.07360712637368126 0.04374096889411425 0.05184039910855267 0.09421791177328931 0.0776811839973212 0.09046685171608024 0.11273542634446555 0.10329560206667955 0.06628423275371575 0.07576249577332912 0.06166084747536096 0.07805132299888275 0.09715198014095813 0.07493397895641446 0.08432519266714943 0.10974629649178307 0.13058217428223767 0.10051015063665755 0.11479150504192477 0.13503702512434834 0.12275962927247598 0.0855442428081905 0.08548386195625515 0.08437391465498201 0.06305472880564539 0.07378233527070968 0.1306967375242297 0.1313982335691463 0.14905976384570035 0.12043385395394321 0.14678427410249834 0.13991673085067458 0.1283850204729174 0.1576445611992272 0.20624469297066264 0.19814356565363475 0.25583699168272456 0.2565908304507677 0.25485205964286634 0.21791548063135388 0.23061082188752147 0.2339998676348351
0.053441907101733695 0.06055409437151273 0.06900277373497007 0.08667653370103433 0.09231251577775498 0.06068977225167729 0.0936169451392663 0.08216991440838765 0.09514085377791213 0.06747548218696521 0.06844202572205194 0.05389607230953016 0.06927040737634131 0.07522814637205599 0.07846696998981247 0.10506296698557208 0.11183619331136495 0.1137128987101569 0.130672595195664 0.10311119970168445 0.0913406919331882 0.08144993039765729 0.05988044587316299 0.08080815777619715 0.06465222217436929 0.05331862031459355 0.09666611901867875 0.10509334601090951 0.10261150449051222 0.13782256218418215 0.11930698926581662 0.11389349996589637 0.11647724412893495 0.14508134113761206 0.1764397611966621 0.21030580449061467 0.20210702665858676 0.22167989527313098 0.2396067626696083 0.2582998430663938 0.2553080320497839 0.26183024160211277 0.2552129819292816
0.058090617901104924 0.06967389353605531 0.055377891182529816 0.049542313193257755 0.06290172485669705 0.07092747517140212 0.08005199446809462 0.0976923974587704 0.05802566216999543 0.07897121157144443 0.05268869507174183 0.06322833997224127 0.08636529878983584 0.07854629290117468 0.10779022513317328 0.11153603804382141 0.09110956863572985 0.09356698811620708 0.11322837820671358 0.1355322649649548 0.11761522441487407 0.11148967744037983 0.077911934692497 0.08922454329796721 0.04162598790561594 0.044271405389118085 0.07178842553412886 0.11767824573724908 0.1205839484535262 0.12483422336272455 0.14063486648784418 0.13798579024297628 0.13946211346506096 0.15269896077191725 0.20033830280813572 0.22644353595678307 0.228556167040556 0.24465002733338012 0.25201608522891716 0.25633879976084906 0.26588012298282215 0.2964924854863645 0.2609479787525811
