Raster_benchmarking/Raster/continuous/raster-215.asc
NCOLS 100
NROWS 100
XLLCORNER 1743158.7488654524
YLLCORNER 5469279.496116163
CELLSIZE 10
NODATA_VALUE -9999
[rows 76 to 94 of 100, columns 43 to 85 of 100]
0.4333152977049544 0.4184617979552292 0.4228782329177997 0.4496178991662518 0.4786264450927162 0.4206581085234568 0.43758526930277736 0.4318248792920282 0.4668809148471036 0.48258195655422526 0.43853979012265815 0.42114119558064284 0.3542459738138862 0.36106608643833277 0.3067368501995746 0.31636722723046246 0.31128906726394645 0.33371832975430865 0.30938478821810095 0.36044048646728366 0.3325876894480637 0.32278033277936774 0.3553475307518054 0.3670904991345595 0.36363098964102286 0.40105963092236524 0.4377696904253741 0.47947074372982434 0.4952893919808486 0.4716076688443325 0.5246557057561145 0.6092526874000338 0.6144068773175145 0.6076098638059853 0.5979105492146034 0.5659569048206561 0.5085578390817616 0.4204566985819963 0.38469355957756013 0.3999780267878682 0.3401390178695662 0.3620408880478065 0.342762798330726
0.46820596193452657 0.4201257598178544 0.4482565423420933 0.4118686169030981 0.41397442887488156 0.4178594062491511 0.42238215173483745 0.4627051985438015 0.5016777841358185 0.5151937352714323 0.4514394342367434 0.4149034766618086 0.3588747712807605 0.35403791817859126 0.28921889431793507 0.3190395743807439 0.2717497912313637 0.28813659661974655 0.3444074950362672 0.3518850435828786 0.36085068972618484 0.29800352210793096 0.3584799519441904 0.3193868843770757 0.36084219964017006 0.45290630352894656 0.44330706171252193 0.5096652058741644 0.5178108762658136 0.5242061908514198 0.541561392758074 0.5545777042383723 0.5769593796117457 0.5964445439231004 0.5691729693171128 0.5497139409206456 0.44270001576146545 0.3780103847494453 0.3565107275609404 0.3545363293247981 0.3214021684365495 0.3523188119529671 0.35348239174108254
0.44911480924889485 0.423462542907655 0.3908722967458594 0.4210672403281 0.3679500652628662 0.37570322269910555 0.4415174613836156 0.45774126951267163 0.4579031837679611 0.431909004201299 0.3897731050137496 0.3486466016451015 0.34214426224814765 0.36881522110932125 0.326486652780149 0.3158278667861199 0.2809549345088845 0.3127389607120725 0.31514446823060355 0.38283815467911486 0.37865079132880247 0.3735135056899305 0.3945077539697861 0.41467669642167954 0.3890544460571546 0.39146344073576794 0.44763124059350656 0.4913094858888783 0.5040064171210699 0.5401360259619025 0.533328795246934 0.5871668786058488 0.6072619271860792 0.5641968891069543 0.5489036041201283 0.5475164511693248 0.4631622399252258 0.42952383971399355 0.3906939881501509 0.3545572979723807 0.3822845380538944 0.38366085057557403 0.395409767572136
0.44043159007353344 0.48587854157723687 0.43253649145422474 0.36565976880025125 0.4100939279322194 0.4119304916947052 0.38818797749934775 0.4497608028399954 0.4407232646757292 0.3801891632222309 0.35159649498762896 0.3427345383490861 0.3798176560544857 0.3887399568056 0.3551141998892455 0.3071537599863056 0.3085488080648684 0.29791918871132 0.3309694133057798 0.39693822325478506 0.3896638452454822 0.439192001098401 0.39755550430433095 0.4199123273211957 0.4259937221613332 0.38351071076962645 0.42379865446068904 0.4409040516835038 0.42669688071643314 0.45850863946933923 0.563316962668174 0.5686147812303441 0.5586648797931288 0.5907068761803165 0.5481908257722704 0.5393704818152026 0.43457858025950674 0.4351704315972237 0.36524111285899663 0.35054078576118664 0.3871112355300323 0.39174953942643725 0.3729289166089937
0.4421411700310838 0.46364722834263944 0.4323097667377302 0.40810934503329466 0.360262532924716 0.34079038454289123 0.3730743868289197 0.4336014376873904 0.4165073331493885 0.3768229914625162 0.3659417992303656 0.38299608740647345 0.353609173563723 0.328797265947334 0.3590652575140368 0.3041043230712123 0.3369207655143016 0.3757138787604656 0.36601187496512844 0.3768504201163315 0.4099918531789485 0.4198477143995807 0.41414537934783735 0.43505833228461155 0.4136402660246038 0.4041900014401448 0.41888621451625974 0.4259416686545901 0.4435433257175378 0.5224413847740697 0.5657356747197702 0.5435453253891991 0.5876097769520064 0.5947003667690691 0.5237230146261559 0.49667594400064485 0.450146240619847 0.39116871534670805 0.41437243407945884 0.3930023376678438 0.3564323062209489 0.38264259661499794 0.3452079663327232
0.478506163624496 0.5049394431459113 0.44294313703249216 0.45037439837341964 0.3557535263422788 0.3449159060526155 0.35999952572200045 0.37972642925952343 0.447329047129005 0.43994100851501766 0.4064428541963287 0.4003701630072245 0.3670488678975781 0.31175222489241994 0.31598559578335617 0.36026471846261054 0.3351400235184054 0.35347896327776274 0.3740680524596372 0.4725501394301593 0.4275030229847117 0.45380277825140064 0.4120177445378304 0.4136959102462631 0.39372499004882056 0.355305867161405 0.3587586288192849 0.41175388829995185 0.45159640254003613 0.508948236464188 0.521489100816519 0.5810707112482064 0.5594113952747388 0.5938090003088697 0.5190342802547394 0.47952084523229876 0.4187195625575953 0.4128242600254079 0.38800478327291316 0.40072488504833703 0.3556098380751171 0.2942251870375637 0.32241017145172135
0.4089164007731065 0.43695494714176614 0.47662032929366965 0.43000778402022877 0.3781697602104528 0.3642086119541038 0.3417068857231562 0.38689564185798886 0.41141769282146856 0.4117354327898662 0.41853032777474986 0.39931825389574266 0.3558625902141787 0.33562286619637743 0.35120869160747825 0.3762907395232621 0.3727238291309645 0.44355311558537147 0.44408440806294547 0.44363548737326214 0.49332142464804807 0.5015810568543942 0.4364437022705232 0.44941975292424663 0.39191650867125316 0.3513351966898745 0.37039233079525513 0.4510618205692511 0.48426441621218885 0.5101104751735301 0.5131775022454292 0.5152304581068811 0.537273011564925 0.5355107085050969 0.5350597497224152 0.48031649154305206 0.4647496690321793 0.4516788270576492 0.42398003009827057 0.4470131877714517 0.4045604481538151 0.358333392639585 0.3755289093673755
0.3956097162501655 0.42859811206243925 0.42900770071216954 0.4156988180729715 0.3666902317382599 0.3652064099785499 0.38730763632483883 0.38123035747150014 0.42609003894674896 0.42035656699235513 0.4396861431291053 0.3664564799282715 0.40151713666385364 0.42365347749523985 0.4127962867239896 0.4210785361800168 0.44237545965892017 0.47008590807834194 0.4914414830303443 0.4850972626857377 0.5052047502993492 0.5255205265678926 0.45983189328436996 0.4326879202879699 0.399122205346852 0.35545077708506934 0.4190722677442762 0.39126875188785704 0.41262146293144164 0.477450164518927 0.4792858406992024 0.4737095835669575 0.47735427505887956 0.5471467056613212 0.5233714542710254 0.4515486021652216 0.4593563997271658 0.41476870609692573 0.4101298341453547 0.44556733349475514 0.44638733859471347 0.4471928191416845 0.41859556054131364
0.39197912306260274 0.43980399570390927 0.42375022365873355 0.39114094801835514 0.3708730646336637 0.3799765819919622 0.3175350373460198 0.3640214135852458 0.3487539913413358 0.4124488974746292 0.43146752788970183 0.448199370081809 0.44030862684629235 0.4284575193972874 0.4778847624504547 0.434292475207642 0.4620379457760899 0.4482761764768681 0.5000238713987171 0.5021649421182225 0.5294531520642781 0.5023204967499827 0.4958268041378443 0.4785186033764739 0.4618828568986721 0.4082775568553493 0.4189396762086923 0.42816155386451116 0.3938725324176425 0.4532510759675756 0.40114761974572866 0.4203270401080208 0.4376980745978704 0.49148811625747124 0.46808685797186655 0.44934370442453464 0.45831595387520585 0.41035278204996417 0.46580008196332257 0.49508330200895906 0.48115086784586947 0.45614073838836955 0.4128365409614116
0.36959245213640113 0.41973006070416835 0.413978428619959 0.3796707421666597 0.35288917914819784 0.35607741341941873 0.34903998595625507 0.31426061871807076 0.30796575912734325 0.3614543199693099 0.4557908187820938 0.4771523274043859 0.49287369976701284 0.469641246443011 0.5008979380041657 0.49702125666904684 0.4396930216788785 0.4218328971920864 0.5049528678770207 0.49665887213121235 0.49723804081926576 0.5167177366265576 0.4990208692546708 0.5337395596484963 0.49993854589805053 0.42031300321230447 0.46619572860013003 0.420084974794552 0.41226011256212425 0.39096605709931836 0.39728243007444225 0.3989209734011559 0.4271456382233783 0.42894405619458303 0.45315963185176944 0.42604336215011124 0.4697871858329768 0.43893860996691153 0.44468321966293956 0.44818235058145756 0.5027748829410771 0.47766366289618745 0.41162210133242394
0.3973105658040064 0.41978562361528654 0.38421139728681614 0.3757086984944723 0.3454269379231272 0.34104213703983566 0.2869739850263019 0.2767273429635733 0.30589510487156796 0.3343472174198704 0.4072298519478476 0.4829700273754499 0.46546719678508036 0.5027856809485741 0.5238192165806655 0.5242999752112766 0.4991161840594079 0.43344171822822886 0.4832379999801246 0.4901474728834724 0.45111804872092975 0.4975948253973619 0.5248276558273285 0.5011149442368389 0.5151223921382858 0.516603863376292 0.4820243468954939 0.4795687172568328 0.46842007948335707 0.40620944015301863 0.39303899328348557 0.4329934289345219 0.4356004775519367 0.4264402034480764 0.4719247496048357 0.42859373022183195 0.4405782349006041 0.42774416214485184 0.4485180948702457 0.49323728780228904 0.4832961966375769 0.4716976361171499 0.4227350239488396
0.35153726911974537 0.34906742800590884 0.37776928797933107 0.35770235992654675 0.3223009626241723 0.2718946508668724 0.29931501026464336 0.31147305058627756 0.3545191268826478 0.38342669578180305 0.4318127598950778 0.4912259556941123 0.5319036091789555 0.5479098120047067 0.49663645380754645 0.5150163968011927 0.5331855928034227 0.4662218795256251 0.5072069647505284 0.4518732853457598 0.4308305594697054 0.4530542180789241 0.5174093222575902 0.5389518827623103 0.5601839215848642 0.5402333624993082 0.5109134477844371 0.5402619861081892 0.5179012517660985 0.4603327063476958 0.47187529767367997 0.46853418337688385 0.45551642114708124 0.5137634878830138 0.48152943385902425 0.4788300285222842 0.4479529464175662 0.45903963264157766 0.4724213131214646 0.44871167952713886 0.46732531975154046 0.41747888040098996 0.469058618990361
0.33958565429615906 0.38003231014576194 0.37100953078657284 0.3652085760892218 0.35224954063700903 0.2685893641416471 0.27630422219388323 0.33586394626882826 0.3260785463347286 0.3570057613685775 0.4225791746386712 0.42468042807480055 0.4735361084376499 0.4821204150054398 0.4865561971868934 0.5214649800075396 0.5048291548526299 0.5198994395338842 0.5155219950292794 0.47952358811271817 0.4359779507977745 0.4459207196645521 0.4792364955179827 0.506656774884833 0.5555850038788662 0.5603806875256516 0.5291952393418206 0.5218780526887535 0.5048535380914948 0.49688337790386533 0.49842090604009237 0.467460155312546 0.4974626839508532 0.4798248898451401 0.5201410782599457 0.48450415730492624 0.4958386781105105 0.47522249396938787 0.502155174737617 0.42478388883615775 0.4219904950721669 0.47384917275172095 0.4660920187917301
0.3181896207248963 0.32996966768965247 0.37773960761769076 0.37852684938706893 0.3582007683805603 0.26528202087097535 0.30664562107119175 0.30047807692413425 0.3509395621660579 0.4088791755148628 0.44613970275407944 0.43145922436908135 0.44335480077479295 0.4879556457822471 0.4990892329994101 0.5382011712549711 0.529955819886868 0.49463156830602756 0.5424948336889632 0.513198086729233 0.4772964267675911 0.4564577027418628 0.48645780927849225 0.5237620840103123 0.5283885149515769 0.5234438190546179 0.5481122585162682 0.560349094710271 0.5289397274103541 0.5803251764360624 0.5210471410047511 0.5231106844937775 0.5230295349529662 0.5097233767521674 0.5193942094488526 0.4408098215959513 0.5039275312571956 0.5126324720559632 0.4697927724698509 0.46982949743674735 0.48218377608303414 0.47761703625302765 0.500582855674893
0.3238620346998371 0.3743002909995121 0.3837630901323532 0.3473348979995764 0.3399496011128035 0.2828649517969675 0.2671967166135679 0.2739361371054854 0.3490173896575933 0.3793258001663833 0.4036478582721959 0.43181308057624807 0.3997255928092537 0.3978727844413166 0.4528016753308859 0.5192480327454176 0.5178365150038666 0.5195615258039823 0.5204745644111372 0.48408040706300454 0.4890006098765799 0.52480375928983 0.4827576158116627 0.4561144199723809 0.49392057419795204 0.5377566392234279 0.5224629286751381 0.5694227551425863 0.584736951095319 0.5862229571806415 0.5719783531135376 0.5438047508773289 0.5297854488688882 0.5357133442541328 0.4928141822063511 0.47120381199410827 0.4977025666003845 0.4513059069020243 0.4628751497724259 0.4566029250328714 0.4884055309226179 0.47905517076190673 0.5140455138901139
0.30714692845141484 0.3747722602166879 0.33434426282447166 0.35690754897400456 0.330963510926243 0.241557425926015 0.2356159926638852 0.2734596783569487 0.3123982023834057 0.3186150901509781 0.3669809743938355 0.4185954252973944 0.41337367005120923 0.38727129940791943 0.44008886762247706 0.45634284021283217 0.5023485984725904 0.5567799673142241 0.539938473187472 0.5065898858525897 0.5269383953886815 0.5445444273425702 0.4669580979571976 0.4348810020710177 0.491210321791515 0.4696558965074387 0.4865942511881026 0.572059720202856 0.5760669725042681 0.6200984670493421 0.5844689032880959 0.5759763900594048 0.5351696875062647 0.4784327893208997 0.5207558935633155 0.4890391310035251 0.5000692735959663 0.4672332716836236 0.4783885819238747 0.49269207430248124 0.5062578922413363 0.5260851324096261 0.4798016929076866
0.3272419147806872 0.3722808950575759 0.32657140462623463 0.3580665477697805 0.32782137482629414 0.2885876883137941 0.2828058687618742 0.28238721388863863 0.28856267484870896 0.3251912837035633 0.38214259576899323 0.38809891257422313 0.4072277295963979 0.4076648490162997 0.43199522849909494 0.45416788278565123 0.4625407789285641 0.5000055696652226 0.5362846392267946 0.4998456061896305 0.49670793348174297 0.5373753737091612 0.4904454317426474 0.48962903700346866 0.48212996266556124 0.44519882339447814 0.5032774320259861 0.5456375261102145 0.5326139203286315 0.5336422706324913 0.5752815193268475 0.5149943459991938 0.5148723667801903 0.5122878160018148 0.4906877364391304 0.47380684955066465 0.4595415031844775 0.45177656700651087 0.48017892061348766 0.4781392673807432 0.509406033303087 0.5438660004168968 0.5011099006830011
0.3393973048430045 0.32744388022946336 0.31857860521583337 0.3128672701967491 0.3086795741584993 0.31153712070987327 0.297286685748961 0.31493287244083534 0.3042348623691682 0.33888502575607266 0.3846428970811821 0.3839295256934498 0.34859434258848443 0.3916367700130751 0.4463648682810014 0.452485085385033 0.4414779552575455 0.5252216577835719 0.4935969187215633 0.49859055401001723 0.4755404162807508 0.5287868870648599 0.47676919368444226 0.4879292161124243 0.5102938328892805 0.4754268356087257 0.5227629660218264 0.4719260046102351 0.48961243092610984 0.5155027797781743 0.5473106347602206 0.5311038012719084 0.5683155408864848 0.5517891710658106 0.5301728514704279 0.4842974277808825 0.4536981438106472 0.4994547770589926 0.46997992748636963 0.49363061331133884 0.5328178689909425 0.5073649143817848 0.5005918604702623
0.3552811084902993 0.39725897887450884 0.37409783692075205 0.3268223532947499 0.35277580088673927 0.32767092671006565 0.2789578867687321 0.29120674118055206 0.3237883434390972 0.34501925198542743 0.41549142066829325 0.4234778800089331 0.3551858439569313 0.3405097316446392 0.423652930552587 0.4010096732385103 0.4603275299813054 0.46204803126098476 0.4369949692403696 0.4392058963008989 0.47928570237262136 0.49671578208080364 0.528682974481842 0.5111569998846683 0.5256390840829673 0.5168097271915663 0.538615482703937 0.5173679049570539 0.46886877086547285 0.512179073952755 0.4738423710395044 0.5477428992787817 0.5435902098510572 0.5169733500056624 0.4818576697726778 0.5149774086280262 0.5076126594862592 0.4955647172986272 0.5344888360613715 0.49492368428942285 0.5040981274715484 0.4756240204420998 0.44795030349778187
