Raster_benchmarking/Raster/continuous/raster-217.asc
NCOLS 100
NROWS 100
XLLCORNER 1743162.0497511257
YLLCORNER 5469286.913575054
CELLSIZE 10
NODATA_VALUE -9999
[rows 57 to 75 of 100, columns 43 to 85 of 100]
0.6807060055248075 0.6567504614499052 0.7022155730900016 0.6859722715237552 0.6992193290500237 0.6686436422530885 0.6804339496666778 0.6506231021172628 0.6752626018714719 0.6857833663970658 0.7011631561548932 0.6828627489501132 0.6761527973868648 0.6813603264830773 0.6715207554020737 0.7045846178177857 0.7245282368191004 0.7405238286797776 0.7338559012365581 0.7356297569777964 0.747883231990463 0.7132834582297276 0.6726638136314128 0.6435363877648063 0.6614446571549186 0.62749077938073 0.5871037871613777 0.5821523503496538 0.5795234110294092 0.577359139490376 0.5517627270625066 0.5374623079976837 0.5334753443661355 0.5113589275918228 0.5279964128883169 0.6002126630502526 0.5843617509104855 0.5995555440096019 0.564827326036863 0.6200610085381397 0.638053492019929 0.6310281823517122 0.6395621224551508
0.6815112271775758 0.6718575669283419 0.6708739676769536 0.7179837243308118 0.7136455903876978 0.7275583334193669 0.6883851684283564 0.6915692256838709 0.7062564057344025 0.7050151497738344 0.7133743073312069 0.6882080710598889 0.7250228624194999 0.7159650236091375 0.6916994004400018 0.6983788851892679 0.7005876684866037 0.7583813014332763 0.7679002853514846 0.7490870237233196 0.7427208104369071 0.7165502077116133 0.6916204284085217 0.6595675786104648 0.6330409422108702 0.6510009622067185 0.6377746878081295 0.6109543194436408 0.6142323542931635 0.6143202913029977 0.5714074984915763 0.5210530040305187 0.5037918043971652 0.539910194786558 0.5839261792361372 0.5971372124028206 0.5725995781605575 0.5667972103012627 0.5606117067384618 0.5801882947751972 0.6235392203891647 0.6380080946578564 0.6690416599046362
0.6843634536492356 0.7205296583370129 0.6878247250482198 0.7083048171491533 0.7329906880548994 0.7575494827515138 0.731261997337428 0.7052620242781072 0.717598424547101 0.7252436423050925 0.6994051026576193 0.734643481515628 0.7470251947932177 0.6912174594702448 0.6704154455579654 0.668706253514145 0.7234739606333235 0.7429857712316082 0.7649631435532055 0.7661509090597299 0.756817639844211 0.7233987723231246 0.6811143679035213 0.69089619460508 0.6624584246925913 0.6761565402246009 0.6876836674444463 0.6469994827199613 0.6560941727622616 0.6416284288983616 0.5769481978540336 0.5804969371798522 0.5242478139276822 0.5333065325931778 0.5731970367585169 0.5840640101773102 0.6145303869173486 0.6150465779778495 0.59733800243906 0.6076798657314872 0.6134017055902555 0.6244197210722302 0.6252463870249336
0.7177147856698336 0.7398684109652014 0.7346023976585171 0.7615632372100383 0.7557416329053778 0.7412161649075519 0.759568726105905 0.7412954070924215 0.7209003022607594 0.7058631065425067 0.7187809987542878 0.7408468576256605 0.7383815355809721 0.7279612375125435 0.7096585922056015 0.6843846862983111 0.6709962559175999 0.7153639653755691 0.7203604238318689 0.7536539474508245 0.7359698370492757 0.7331589413125713 0.674286534728604 0.6703083919759771 0.6817799530620015 0.6713406960801859 0.6803264288949529 0.6473505862386085 0.6468691621514063 0.6291839227579512 0.604993094999334 0.5963891806099044 0.5875779899140507 0.569173220855204 0.6027212801992441 0.5742792159246118 0.6275369914210318 0.603174691836281 0.5805276860673124 0.5900358792100687 0.6010202859491667 0.626572683043533 0.6383021108901846
0.7905547790385518 0.7584733001204778 0.783787170285324 0.7788254692283617 0.7429887491451227 0.7218874519003705 0.7292647134475189 0.7271574588458745 0.7309543742722843 0.7270977106350743 0.7322489330577349 0.759038218575947 0.760007839086312 0.7415128186824459 0.7075373281253307 0.6846304280368347 0.6616111552772462 0.6564273718660858 0.7039460505255722 0.7230042193112476 0.7290218121464257 0.6859864095230817 0.6615849258605327 0.6641004132125512 0.6577737565711901 0.6622623360529531 0.6864015707392571 0.6558919115995795 0.6532825894303737 0.6259057128550706 0.6223438664344512 0.618464438516763 0.6133997875738944 0.5948351549548436 0.5995310567074071 0.5793688681878522 0.6131064255475905 0.5914896389302209 0.629936889131745 0.6271227433795039 0.6229225644486804 0.6378490927286282 0.6591221944287315
0.7661953299575612 0.7809686420976089 0.781712232159185 0.7707184151923685 0.7857076557732168 0.7642379302058534 0.7757748261080225 0.7931552667513873 0.7928956860672264 0.7862957440996768 0.7600761437761316 0.7496897700913692 0.7583660508289823 0.7230141344662383 0.7120506391043384 0.6789746279037581 0.6666777966891405 0.6488997331239645 0.6871007014860235 0.695443382306256 0.7060915247318537 0.6584928021386286 0.6559098794877685 0.658301015171282 0.6800058710420013 0.6719439492044628 0.6511522447397639 0.6739897121983041 0.6342997745264164 0.6250574879573052 0.6017286252146887 0.607244806970792 0.5817376894508851 0.5770154028503465 0.6090095894889801 0.5969479418853089 0.566292912143814 0.6093558166154234 0.5827069113551823 0.5939110689678736 0.6012114874386868 0.6524939065908858 0.6414834428764618
0.8090543958193477 0.7648071721627543 0.7629979871472621 0.7907117937761998 0.8218780876894969 0.8093407048084085 0.808733349830379 0.8152032154609729 0.805760831513804 0.8146010718047185 0.7846429623653118 0.7230659653858924 0.7095690475209102 0.7015310623049124 0.6626045928426009 0.6675172977497263 0.6314015410138875 0.6386257620317767 0.6519947676602239 0.67494492869048 0.6900568712672916 0.6595292908005032 0.6500099100660952 0.6533147639007929 0.6311827440315279 0.6586705415178045 0.6217519323093301 0.6456561234166386 0.6444793833298251 0.6008152464363768 0.6208340863871166 0.6095207202749023 0.5664843669707262 0.5932856990533291 0.5668997649990006 0.5542651662952613 0.5517178222582773 0.6071233979124541 0.6006563389868635 0.5954378031100945 0.6270215828380767 0.6308832385926981 0.6450558807272679
0.8029116380708522 0.796462382939711 0.757096988958799 0.7682494247312189 0.8148425837417727 0.8240477128573543 0.8028160834511748 0.8090755142274024 0.8094326096738819 0.7994620262775473 0.7788444683429829 0.7538037900189435 0.7078047531084457 0.6576840468129962 0.677360378800587 0.638512085910928 0.6670538527822386 0.6405939566457192 0.6639978933733235 0.6824142671288494 0.680392147028344 0.6225182324408138 0.6439585386823942 0.6120364620964531 0.5920961054525942 0.6219008327953035 0.6491001767198016 0.6409141697255848 0.6360381562761074 0.60913860107724 0.5962023112662826 0.5899957024346671 0.5842656664440447 0.5821895160473659 0.6119849800427879 0.5713544108167782 0.5974301532637464 0.5966515112746088 0.6062307862198475 0.6277128168464637 0.593206435731629 0.6234512593363514 0.6490520738933095
0.7508740814914634 0.7656194907772591 0.7955709402576652 0.772374691773095 0.7515022950163427 0.8101147458875153 0.8141313313143786 0.7639217044958329 0.7761747209226311 0.77641043196813 0.7625025294994127 0.7305070319838562 0.6781752612910787 0.6730407449587961 0.6627563677259797 0.6498840825910607 0.6772374355701757 0.6594516115804295 0.68220120824467 0.6401788275255436 0.6222488666533422 0.6305950031814213 0.5956143559015493 0.5961865124132548 0.5800997373643378 0.602812260236858 0.6169736449711933 0.6355925188543857 0.6069459009456618 0.6322887350536002 0.6249201034322259 0.6123835440981555 0.5992932323983056 0.5998341465777735 0.6368457766621803 0.5968366058275215 0.6019090546195446 0.576387321066096 0.5943499760330496 0.5925565104853375 0.5957088396226938 0.6243386981168991 0.6227078275684823
0.7882361076575116 0.7881441871290846 0.8048335575417341 0.7457685486604809 0.7669035731511391 0.7922850664245337 0.7631402620771799 0.7610697914401314 0.7868816317512862 0.7619821542877666 0.7582762650870118 0.7159100280782351 0.6866211674360855 0.6691231459899405 0.6801620457988955 0.6364143164690591 0.6582955713178593 0.6678996405975299 0.6723254058757324 0.6374850564930196 0.6400858799476252 0.6141446940326264 0.589067742716754 0.6089412343357292 0.621943478207995 0.6161543506896962 0.6292731625881444 0.6419261829141353 0.6030602017946481 0.6358151881652769 0.6518169101790343 0.626949767597015 0.6435202240733089 0.6443182924660774 0.6430956435181704 0.6442458773201439 0.639675736563429 0.6161672618089528 0.6427811492168324 0.6406125217372196 0.6276511161819885 0.6464774598202689 0.6196471535071456
0.7627641785933951 0.7822807718938164 0.8040580272937587 0.7454269160426098 0.7346361066219205 0.7359667886501715 0.7674584639276113 0.77729381906413 0.7840376673803372 0.7695353006215021 0.7427092605306378 0.7253566424069006 0.6783373807673942 0.654539984597276 0.6787272920643714 0.652688263441383 0.6024491217015183 0.6300272517964542 0.6612454257617133 0.6425825801507502 0.6288566696900029 0.6196156265040514 0.597559582200045 0.5941559863036197 0.586046200296516 0.6411817296000156 0.6457953762562476 0.6233910766013251 0.6168176416354278 0.6542562193849525 0.621971605492811 0.6857443826646988 0.6977203825163191 0.6909717428761306 0.6475244351347476 0.6299644344022725 0.6350339135905813 0.6547320931973555 0.6622642502351447 0.6400220753951201 0.6412049818037178 0.6506500624658013 0.6398737035405252
0.7789333999631161 0.7548361795673039 0.7472231686813343 0.7493181715059095 0.7675589593754606 0.7399746710943778 0.7356681550621931 0.7418564013856864 0.7769222370874561 0.7647918366922268 0.6929210606069917 0.6655973059102942 0.6890659553689794 0.6692833212202924 0.6917027667156184 0.6600564900877173 0.6165138982035334 0.6379960447953178 0.6293268261664339 0.6723084992905958 0.6382580415470926 0.6272214002442016 0.639491598421471 0.6186766635390641 0.5970156773594217 0.6259518354200199 0.6435864539033492 0.5962195114201104 0.5924308371627877 0.6382849702541536 0.6530916649769926 0.6956754054494645 0.7211597097440108 0.6736805750435095 0.6644470622362967 0.6526818878356789 0.6874692854988392 0.7046160606027831 0.6852888904940266 0.71553097691421 0.7209194692397694 0.7062795177454146 0.6675186487010257
0.7894440334373211 0.7820535913607399 0.7443047082143645 0.7244374265649746 0.751279751424237 0.7556205936096867 0.7363103988304789 0.740676223982209 0.7714226298666684 0.7362679502917823 0.6823578195825464 0.6622898019781224 0.6460037367710104 0.6416273509652068 0.6621938424120607 0.6752576107536957 0.6543153788364379 0.6531252808006469 0.6365417829494672 0.637498289406003 0.6572813553216447 0.6126938556628782 0.6153439072577008 0.618225234487439 0.6008466711046736 0.5864740904901194 0.5995548370620056 0.5896696925074457 0.6242953798860588 0.6440182155309022 0.6825575060672904 0.6865836045543313 0.7322920701169398 0.7104834282014464 0.687894692160362 0.7161849427157804 0.7374920217808277 0.7718680131581 0.7597470181874201 0.7361434573154217 0.7335468341753932 0.7203261527847922 0.7105190813953852
0.7600412786320299 0.7777046099059407 0.7440536577751548 0.7525433283817674 0.7658811196366718 0.7919552865377084 0.7885483130920884 0.7527886872928238 0.7408940853652628 0.7239341629538949 0.686704779614408 0.6821461428908154 0.6423452973338581 0.6649520478467076 0.6677506298857082 0.6474162588953334 0.6375667905598493 0.6336088673578816 0.6386306332897007 0.634411673061265 0.6138180302311638 0.6381471128516095 0.5866928751598437 0.6035952850037273 0.5699887884542822 0.581906702172935 0.6048313342335185 0.636004056553609 0.6378390890303697 0.6525470382075333 0.6759122729760657 0.6720909866458651 0.7163585329633876 0.6774561440828564 0.6954364716685348 0.7290774938191315 0.7564016623252475 0.7840979345511342 0.7505760364494625 0.7476665000518009 0.7480548204916193 0.764010274850674 0.7338456774932878
0.7205996365147984 0.7575426631703448 0.7879373435598416 0.8066052268126831 0.8234898548844225 0.8353288129918249 0.8210710716082508 0.7705672036024948 0.7637311459775208 0.7463533143180693 0.6693306771042508 0.642072217883769 0.6290377926900557 0.6351649855828287 0.6202175115015754 0.6218065693770258 0.6507040646260818 0.6135255700286248 0.6063033682100557 0.62693577625865 0.6263142790316868 0.5827711903315809 0.5704253311973246 0.5827089972836519 0.5767471882198829 0.630340209264457 0.633442457274069 0.6416695963164837 0.6584789697350097 0.6536849555437209 0.6790899821100232 0.6783172484798076 0.6840264895454172 0.6838980988253432 0.708744139457797 0.7484443239586955 0.7881666584270729 0.8024397516127681 0.7551009465130196 0.7842148352706373 0.7979176242898983 0.7870894926682088 0.7426687518829792
0.732584448311537 0.7723367427151884 0.7838533690517518 0.7950881183452201 0.7895501305435749 0.8107963218305937 0.810085962727237 0.7785977809431411 0.7696650453410196 0.7423736083124447 0.7179801159145942 0.6943622124422588 0.6773194023037953 0.6427406395971669 0.6217914067967204 0.63121928594237 0.6042519827224979 0.6162257651268004 0.6190155908011378 0.6105267080342109 0.6069894595850724 0.5974554259381168 0.5812816838770316 0.6198163585491139 0.6234387182442479 0.6317448463837583 0.6125475046310905 0.6654412888403529 0.6689782100303889 0.6583841215907277 0.6559385171416219 0.6767223052082734 0.7033858316127976 0.7433735287310491 0.7266268423102593 0.7641226693797415 0.7594488156956635 0.7959181320063241 0.7547482125922811 0.7851298391174231 0.7877868174280912 0.7639152215982566 0.7598713600829711
0.788130240429715 0.7707067872675197 0.7744830239733451 0.8136788393650346 0.8120413704172872 0.8237508488618266 0.7886685250384325 0.812966420833528 0.7997654743905234 0.7914213300454049 0.7506790473731909 0.721108221217101 0.6542800605116308 0.6789408474772762 0.681793587232885 0.6417376651209953 0.6131932654238342 0.6107254230178885 0.618049250789368 0.6263442300085698 0.6049827720993136 0.5929878650102826 0.6128497964363652 0.63523515194267 0.6341912893161494 0.6385339563896376 0.6081476603243898 0.6379105959155522 0.6625212917131015 0.6757430851197224 0.6461944480252102 0.6707488468306568 0.7177667945432633 0.7404536404322742 0.7676397959585872 0.7819768719655509 0.792355545720348 0.7712375453124336 0.7643510167940448 0.7765136125847499 0.7494403032593565 0.7760925665582865 0.8029792241454472
0.8321186804785764 0.7957515848059504 0.7982798108404718 0.810362913071407 0.8100043631061773 0.78444466505994 0.7891710745451282 0.8320584984608647 0.8251801494231251 0.7929869894024753 0.737153622424149 0.7045292949280954 0.6430296762421777 0.6423876775338832 0.6509329294945686 0.6537467064276687 0.6594379218132687 0.6629674714270711 0.650600164456906 0.6241773710460065 0.6209255064202642 0.6104907540904873 0.6052013941002362 0.6308137340373019 0.6552917276031236 0.6410030087417411 0.6446332082337018 0.6451142705495725 0.6581859848781961 0.6516436824547245 0.669701631272087 0.7100037627100043 0.7332035615357502 0.7356555261061546 0.7503851874079723 0.7743120342774187 0.7841520748981717 0.7402921795136154 0.7309394413762068 0.7744861054243178 0.749375022294542 0.7941663312674793 0.7948060242107806
0.8329942774252753 0.7981838667973289 0.7979458732870724 0.7832172110654698 0.7948386441107277 0.8032049674926248 0.8430606597274247 0.804645013386492 0.8067015403406562 0.7800037829533615 0.7510650640985287 0.725383068959301 0.6715467204122505 0.6481982940162669 0.6538907780727558 0.6428825443351396 0.6723343570216929 0.6623244512004595 0.661367310086275 0.6495329903597543 0.6504261062794527 0.6690873369118198 0.6273530671061339 0.6741036583901728 0.6941718437271933 0.6570469513035594 0.6374769706719149 0.6325095797260305 0.6449429079755421 0.6553976279274563 0.6599081168576479 0.7290013958454528 0.7310666329760819 0.7448645231207929 0.7537309854374958 0.7383874185128626 0.7716052421833919 0.7319188369509906 0.7186466238960448 0.7386768259165115 0.7709885051902261 0.7516825353702935 0.782344952071459
