Raster_benchmarking/Raster/continuous/raster-354.asc
NCOLS 100
NROWS 100
XLLCORNER 1743149.7077749888
YLLCORNER 5469294.732109681
CELLSIZE 10
NODATA_VALUE -9999
[rows 0 to 18 of 100, columns 0 to 42 of 100]
0.5625375059968942 0.544417981766828 0.5146155154322749 0.5105657193148858 0.47647204821867933 0.5004695426080463 0.46683938873397424 0.4910905791393245 0.4919318154242016 0.45649646900537005 0.5075973466164728 0.5027365298031323 0.519378674001265 0.553170291755772 0.5729932869908938 0.6008233421051581 0.6370464944051153 0.6738529156536377 0.7057977505924985 0.7096519239817377 0.7297207849263124 0.7201924983730957 0.7110745506874891 0.7097832639369057 0.7009994068388848 0.7723595093246737 0.7900596477034996 0.7492121445307339 0.7768695184024806 0.813501080648591 0.8165581020998783 0.8406098976976333 0.817261277589742 0.7957066203647396 0.8055437696931915 0.8032399092316742 0.8097115260770373 0.8064525265808614 0.867003335478395 0.8701451525235123 0.8296652945187268 0.79648672980248 0.8217542166988441
0.5590658575432936 0.5567061086185022 0.5216233953045903 0.5085234319310143 0.49479548977657123 0.48899695780357494 0.5061040206446809 0.48263882019854804 0.4572452639302177 0.5001903669251416 0.4748770681478097 0.5106383716407349 0.5078017734657116 0.5297107683025474 0.5347157615466832 0.5933442362449478 0.6274568036031922 0.6509401187697665 0.6447643663243688 0.6539761353210416 0.6877471971005874 0.6703746501415903 0.6915972756957417 0.7090320778645757 0.719390713276343 0.7487787732596671 0.7836449119441254 0.7665825743780053 0.7343630788875832 0.7732247778604423 0.7904769638863764 0.7750992276574581 0.8138992976215315 0.7625988948104183 0.7414489026567508 0.7977813746424359 0.8114023841770603 0.8214453497474269 0.7822770521204508 0.8135008118426261 0.843472875244594 0.7737861334858541 0.7810082695914867
0.544301026367341 0.5509490417540583 0.5301359537723395 0.5414047992367983 0.4865653303184307 0.47557901398922214 0.468778343054478 0.46450296466346463 0.5147273597639251 0.527664134594115 0.5434324396688783 0.5525565104170613 0.572360590070013 0.5334548573431637 0.5727780329086269 0.6075141888813983 0.6025592043783147 0.6248713289455303 0.6074365683095488 0.6561728875809024 0.705459615099386 0.7090600848084716 0.6841976108316861 0.705432807144334 0.7711429960475413 0.7910662529607645 0.7829764852195708 0.74715437522339 0.7381093148195342 0.7556290652416364 0.7744376044041802 0.7403612719158282 0.7234172335996134 0.7455460001936369 0.7144146746589777 0.7608189471491432 0.7795727611001367 0.7655899059882922 0.7468504286980937 0.7948398283195955 0.8253456308251765 0.7933648679832215 0.7675655363918829
0.5161197760581759 0.5043922184719637 0.526280072565184 0.5393932536687462 0.5195164511811866 0.517966960171167 0.48364784841103564 0.4770871385433248 0.5177147064262142 0.5494701973059926 0.5520727436427313 0.5429631220528662 0.5743686639527709 0.5483649366538963 0.543818859191008 0.5733185724802237 0.6424480338891332 0.6030188148944459 0.6294530232623455 0.6478531689703085 0.6431098467059356 0.6825971453036159 0.7438024433254606 0.7433766343901715 0.7426968929721127 0.792364228282039 0.7962450930573384 0.7845573106172494 0.781559998708973 0.7759343144465357 0.7377578320517602 0.707771875439205 0.6962279801435529 0.7348341000963369 0.7126126126068532 0.7128983425925934 0.7211511459433758 0.6985168008350237 0.7149257060539943 0.7587459667626169 0.7742175099254713 0.7606245603795755 0.7169614199944021
0.476946512505645 0.45420073511286707 0.49407598782798157 0.46701968704528146 0.48167586963942177 0.5079502462356884 0.49677691963041587 0.5094251217544138 0.4812912030944116 0.5325024573124078 0.5574049887508246 0.5595461034272905 0.5490176449580484 0.5382151679026542 0.5233493669974949 0.5481384051406581 0.5835196653018546 0.5774325605068659 0.5819766951174561 0.622574462773335 0.6188283854265442 0.7051274477399261 0.7472152301637547 0.7370961269367183 0.7743373082234173 0.7403447591702027 0.7315650303541429 0.764138126741755 0.7727493496047126 0.7664412370786707 0.7518474461693415 0.6971147446719419 0.6835572484392842 0.6759853896964769 0.6911286510632382 0.6733790201917359 0.7187586668149929 0.7127871604261963 0.7517165645716887 0.7136609119456874 0.7445179077993422 0.7062856602259883 0.7393807937986441
0.3994671888109887 0.4108826134641327 0.48306835947857313 0.41470130925021664 0.42554254710747036 0.4757333909691727 0.4785243762301138 0.45073027554056816 0.482421566649541 0.49919239888406636 0.5478091946966501 0.5357876419555756 0.5253136198407291 0.5027448616483888 0.5035608722954936 0.544618899352501 0.5851367671912894 0.5386904075169014 0.564232862635105 0.5775010893192962 0.6125463568159736 0.6254357763299013 0.7216298568049564 0.725377393165095 0.7594738076669436 0.7628848609837418 0.7058154007281202 0.7201033066441216 0.7432302244167487 0.7354401411998582 0.7205246588135127 0.6918200726684594 0.6367991888376702 0.6121082325731921 0.6218324693837121 0.6869166929479809 0.7208682461547484 0.7301215250665418 0.7632046982586724 0.7306865084035647 0.6996152410868672 0.7324253101709645 0.7176855417522323
0.4034954333721271 0.3905968754040188 0.42953895388473945 0.40609101718640866 0.40370777357956655 0.4179251754935424 0.4610764383065079 0.4569847974400956 0.4834777138746463 0.4907432693945396 0.4838956806345287 0.5184299374971887 0.4935546568569709 0.5141199712994019 0.4982349967204764 0.5282949132130558 0.5466387241609153 0.5295382028270141 0.543502782202372 0.5319653096137347 0.5710277692863085 0.5821754882186909 0.6374234859736817 0.663709827191949 0.701759795431187 0.7405364802643168 0.6888518627719317 0.7069191735788366 0.707833732744788 0.7290633008844035 0.7126030379330758 0.6433073206874295 0.6484121145781391 0.614248337001152 0.5996228836886586 0.666756376507938 0.6829588365302517 0.7463854898752407 0.7702205363674778 0.7176077902805285 0.7225431360438707 0.7383894785792418 0.7680270057721597
0.40792159681552065 0.41671764822121715 0.4004602945665151 0.42262701432285743 0.39901861790952137 0.46132421546026103 0.4526765362985916 0.507051409999141 0.5175637308724143 0.5106585693077655 0.5024293883443713 0.48821613268736785 0.5394408379661451 0.5281941598202085 0.5426545271649639 0.5316473219809863 0.5573574277064051 0.5110205217588432 0.4919797475045315 0.5460729261597796 0.5330466626174754 0.573173260445473 0.5781790284480423 0.6658383439940586 0.6929773105797588 0.677416335006879 0.7184795475592847 0.7197422503256002 0.676019790728636 0.6964210496191209 0.6938271707337456 0.6764723135199529 0.6269659119194925 0.6366859928886722 0.6082549025387943 0.6789450453045872 0.7155899872448305 0.732405813444847 0.7731490279224945 0.7130740829691316 0.7072555004591902 0.7400802833139498 0.7950163640757701
0.3977433036667406 0.36171677571063987 0.4082423074051505 0.41655180219683935 0.41840884806889156 0.46165916815511543 0.46802890678267767 0.49613554898111023 0.5182721442387016 0.4832898755233582 0.46845146498830503 0.5055852654526386 0.5576908274081905 0.562070216162927 0.5187763095089676 0.524208400439631 0.5142922054897955 0.5619438089401536 0.5210430924922325 0.5548459121383067 0.5600974518372686 0.5704365443090731 0.6100480601275112 0.6378659419464852 0.6450553529051605 0.6504385903045029 0.6569450505891848 0.6628747654442362 0.7011516267091921 0.7043205705609116 0.6625901702812815 0.6530644690845516 0.6535063534408039 0.6104120940454294 0.6495821472099005 0.655987673206013 0.6430014982466832 0.6674041311103615 0.7102832797721271 0.6820887846655111 0.6960127219648989 0.725009637189357 0.7118251374154114
0.3484592521329206 0.377332525547258 0.37214115917722973 0.4021846243226175 0.46954300636520596 0.511462045786371 0.5028730201129453 0.4676472899754283 0.46516989427401617 0.5015316926160227 0.5037947751591535 0.5067056675146718 0.5839461369874867 0.591772433559551 0.5494807215868981 0.5135375328258912 0.5230499415384854 0.568963640502041 0.5734163515577632 0.5502277563324188 0.5617696906165845 0.5924269839695282 0.5911771787919876 0.6520114053471565 0.6130301047723916 0.6745841936507764 0.6836760484613086 0.6843478893252528 0.6943951913143969 0.6961109294472071 0.6837434862475715 0.6704962424399112 0.6687234522438041 0.6320756236378705 0.6502177990566983 0.667341564211965 0.6437249889298514 0.6402031461408267 0.639790010828183 0.6402058598177682 0.6756347079968388 0.7167455353675471 0.7141733106133648
0.3634283666713035 0.351276188881921 0.3680203692418091 0.43795720865233134 0.4948744127472468 0.5101976988931137 0.46576035313682185 0.4511229673931947 0.4655553307172045 0.49659789717720015 0.539454557205267 0.525769298435289 0.5808233317275204 0.5951147127205537 0.5928561956421761 0.542950151612528 0.5062189117087442 0.5171144208554429 0.5342037173519444 0.5723208346442207 0.5488368555446147 0.5850691408278674 0.6281188665606021 0.6488697948192922 0.6368511138140627 0.6630033895397903 0.6797111447069584 0.6635948668524304 0.6756885508528201 0.686659503604135 0.702726568762736 0.6644233820950276 0.6816048488907571 0.6356330177134262 0.6483830427314538 0.6254162445118178 0.6380806917251083 0.6347891948896549 0.6191175730372982 0.6434806224073996 0.6826773321054507 0.6640467378602022 0.6797799111871905
0.3284510141124871 0.3835471133748023 0.39481138674048044 0.46353142340737186 0.4840296310437328 0.4800739415016393 0.48212691084281145 0.48610314649431746 0.46433121308582853 0.5157928907460841 0.5431414455336127 0.5194024240839155 0.5559516009544406 0.5761887752286564 0.5670126489295839 0.5278595244408167 0.5685676577226187 0.5267771356921342 0.525847129255516 0.5465128672344814 0.5870349591628906 0.6492479108540098 0.7029084908246516 0.6261273927137424 0.623846337552987 0.6511113368022474 0.6526056568902601 0.6485535514227505 0.6044710567674035 0.680842913045403 0.6891629837793894 0.6237349944018293 0.6404806090477208 0.6032995256911059 0.5678446717978941 0.5938099541043556 0.6456896560554314 0.6094398875564495 0.6208800526394671 0.6377744691889121 0.6247153088522379 0.6528050184344133 0.7000869655500767
0.30203698884982066 0.3432450657810739 0.4047868937247142 0.43809241548598415 0.4594051049794881 0.4556779177756963 0.4297576325693257 0.4303937875486383 0.41475418507828055 0.4595204637838564 0.49550909711651075 0.4866770803253559 0.5005659263856224 0.557102675797929 0.5396153394199696 0.5604058884247473 0.580323591381934 0.568807608133938 0.6159817896099018 0.6247066539289438 0.6399968073319026 0.657470269788574 0.638948133279162 0.6421891365083555 0.6441566570458289 0.6386150560052049 0.6542780392061671 0.6443718888108532 0.6399572583137784 0.6216576883924461 0.6024041483877846 0.5998682009063983 0.6114168035614802 0.5992673381463153 0.5839919725883979 0.5762126702899831 0.6144037578129201 0.57377457657932 0.6105484311793942 0.6289125567372461 0.630779684948352 0.639138877403644 0.6422847973549313
0.32196356606242416 0.38855324360043964 0.43780187250719377 0.456440385145043 0.4522996151841295 0.41448890735309635 0.3821240653119508 0.4033041226451061 0.38738757383372824 0.4439679485544559 0.41769878251386294 0.4775826162948121 0.5115040444373473 0.4962350093035816 0.5227883766900152 0.5219714648775283 0.5905812091198175 0.6243502595921178 0.620360642783781 0.6218785698417205 0.6414865088719658 0.6289266794287824 0.5959122005849433 0.5873514319959463 0.603790124053039 0.6215448535519698 0.6076924449979648 0.6022022405152347 0.5977471004728777 0.6166950477784454 0.5902703657826752 0.6024245901190567 0.5771650798082751 0.5302438622966622 0.5219051125702396 0.5614341466314197 0.5455250100791011 0.5832749429240434 0.6044580321422743 0.6355408332831696 0.6618158978259313 0.6094297467014642 0.6201149826423564
0.3780785882939782 0.3700699578504926 0.4052779284843268 0.39660490945428184 0.3943196409976563 0.4045383542009224 0.3650470156353285 0.38772227779087726 0.41630177630203463 0.41963893695645643 0.42540518748848677 0.4438170154238914 0.45066800993072953 0.4708768437321844 0.5005782582496042 0.5339717506252168 0.5498251199950424 0.6067149721002099 0.6328035723083197 0.6470767844239806 0.6657806460953561 0.6387573962857016 0.60861860608153 0.6074589235607512 0.6010743332646319 0.5908480751451988 0.5943010367954568 0.6155993352248539 0.6188791969220276 0.5910242703556815 0.6072777812698766 0.5461488727982121 0.5213663192295968 0.5427499698060433 0.5114374431338498 0.5452642982041184 0.5519158708640539 0.5799411556045192 0.5760692043092455 0.5428259725575436 0.6214212974436543 0.633483350627141 0.654425605567051
0.33753637569927136 0.3448841805245658 0.396113292722083 0.3957322220691902 0.356821118584388 0.3845767031832382 0.35221193687479396 0.3565896258582463 0.3936715785519989 0.3573832144360692 0.3549192278210181 0.38900331404701943 0.4649271057113821 0.47612252289033047 0.478698169452515 0.49645036895925393 0.5365139835693528 0.6170134541826393 0.6204036202828601 0.6256793133642304 0.6815893998237618 0.656156745614083 0.5909515859991756 0.6334169374215286 0.635403335441602 0.6398246930258793 0.6368029150784461 0.6171314897499288 0.6175126920924219 0.6308836126479234 0.6002210295516368 0.5411920334880214 0.5123957647437184 0.5210696761826776 0.516686832328839 0.5534752828336514 0.5707913932536477 0.5734558987086953 0.491677791292036 0.5421901894985062 0.5372133212837152 0.627383695045856 0.640011332570289
0.3863691836958179 0.3827963300936954 0.38240143883578404 0.39614961172100144 0.339004301378764 0.3399843420238726 0.35774339937477184 0.3180818405885428 0.33148987035303734 0.37011076871161824 0.33362814293308724 0.3794707556726722 0.4385258773087695 0.45547122302338644 0.45371076196138327 0.5239499269087893 0.5525356989000244 0.5797829908147754 0.6211476901279089 0.6408791247466216 0.6665495770836545 0.6234138847442657 0.6046054395058778 0.6535558074607467 0.6298987874001717 0.6241745727716612 0.6520327116258099 0.6393358070112873 0.6176345832231994 0.6334735897219547 0.5891132587039838 0.5244546650668993 0.5245385287233768 0.5352460208220093 0.5422923931186677 0.5267314571139283 0.5306793875330905 0.5448255581363989 0.5170367804313135 0.4787155355368641 0.5555652068878839 0.5970322839139108 0.5741484919539165
0.44480979533047604 0.4182121656107204 0.42764341895996055 0.37262502889094895 0.3815091060827112 0.3424580921149107 0.32203814652377305 0.34381165205415654 0.3200651822452756 0.32916169900742903 0.35606927611082884 0.372208691476799 0.3993490252591015 0.46564547395163286 0.4452447736395997 0.5523726923760823 0.5969564932169451 0.5702067975740287 0.6294110668453385 0.6324909603062978 0.657375356732983 0.6167495432860247 0.6757878928619944 0.6304199964567617 0.5922507798653622 0.6235895514142559 0.6580346685997241 0.6757692179261685 0.6379951249834506 0.6267508546162719 0.564135271830264 0.5638052039153867 0.5398836612774287 0.4712876743650054 0.4632620155098368 0.5077174611328985 0.5277102073663199 0.49829069849822105 0.48944697618492455 0.4936491818816806 0.5198303958694553 0.5664925233590382 0.565298042177479
0.4163576798441328 0.4438961265571456 0.409532434672708 0.3923148868323249 0.40839774237331966 0.39694874466889263 0.3454943209603751 0.324845683902873 0.3362774181432753 0.3435902235962764 0.31985829482331807 0.3580073908961167 0.432474772390818 0.44863658820750213 0.4925455679689186 0.5231866029429348 0.5606258550056611 0.5966450513497461 0.5882650804979674 0.6245535948018132 0.6351928253020171 0.6293425706709356 0.64756894074473 0.6370833857350469 0.618761941270196 0.6556614791574636 0.6714516603269213 0.6714818276755714 0.6151151768345674 0.6029876108876686 0.5836061672387978 0.5509741433451443 0.5007199545511126 0.456143025619659 0.4714960044262469 0.46267439608787503 0.47226210536751195 0.5138888679757364 0.5287470668954921 0.5015862010960829 0.5505491851396028 0.5716294120394798 0.5934734190096963
