Raster_benchmarking/Raster/continuous/raster-183.asc
NCOLS 100
NROWS 100
XLLCORNER 1743164.0255814963
YLLCORNER 5469283.564847079
CELLSIZE 10
NODATA_VALUE -9999
[rows 19 to 37 of 100, columns 43 to 85 of 100]
0.5965161607622704 0.580217206536456 0.569860294191209 0.5639371716428261 0.5709784174978831 0.527341099240167 0.5575728909641811 0.5538362775457256 0.5461288785161137 0.5815630578850383 0.5341034173833322 0.5071728244534414 0.48243346037254253 0.475530468620571 0.4816631081752707 0.4374970257291873 0.4512612575317137 0.42356095610430866 0.41747422423343267 0.392770861869791 0.36601099864207126 0.3469164556871311 0.3129912345328459 0.28522751857322254 0.2836289407632683 0.2410053260941111 0.23173928138293862 0.17403137664937893 0.17964132003089048 0.17000376517169066 0.14879988313612208 0.1573585480132393 0.1431967048527281 0.1671745426035466 0.153892251949144 0.14414172916423407 0.1327425227914098 0.10716655756085419 0.119049336811338 0.13074111986692138 0.13930227431580872 0.12883933425146524 0.1279938515152811
0.577170595691584 0.5842079252444419 0.5693043139356879 0.5379348445741508 0.5278362701067586 0.5236081037467392 0.5248869046730227 0.5304493074159761 0.5356109177794559 0.561841998692049 0.5575004647893548 0.5290754642836903 0.5036512637389744 0.4690011178660342 0.43784364647074736 0.4374584231095455 0.4220286392472119 0.39192309039513284 0.407621921740674 0.39549355270583975 0.349652658961781 0.34468704666015126 0.33615313523065 0.3160678728984174 0.2641979243310476 0.2312642754013104 0.20659299415579713 0.16972087956486517 0.18819368071207704 0.18052004399163094 0.1729836935872651 0.1728754301440183 0.15647386766414395 0.14101347470016334 0.1382836191528473 0.1659201188613945 0.14002583057075918 0.13449402308300698 0.11604267930398601 0.10332643998015044 0.11344824561855568 0.12988721918512042 0.1053747392227546
0.564343103724259 0.5756932952269952 0.5655787548314483 0.5123643714512409 0.5423126229652021 0.537574622933167 0.5315123196472704 0.5551658004931955 0.5286450252093663 0.5392727564796007 0.5292346853652428 0.5172084356933474 0.5178432667690571 0.44965924847471317 0.4337747322710223 0.45889731816116663 0.421431094825589 0.396224476585319 0.37821319366878803 0.3791848557873961 0.3610248533721055 0.3538824081054998 0.3177524576218414 0.32378391496611086 0.2654915731597119 0.2623289473892366 0.21168405067825077 0.15111840611290478 0.1723423987454058 0.18187506362106387 0.15270777628306245 0.16583888946827202 0.16386026247540225 0.1479481495145724 0.1719957316226161 0.18035140688996593 0.15376796353236527 0.11235700811660035 0.10245652938406441 0.08941500224991585 0.11431101032124608 0.11323430703195615 0.10731650312988916
0.5685899996924986 0.5794956524286379 0.5471986584286859 0.540658253835511 0.5402185034127974 0.5323720319493174 0.5586201381085428 0.5754550647985811 0.5608585832596209 0.5584304169802161 0.5341822117859778 0.5234226036154084 0.5143808922591909 0.4600018662772432 0.4565364688130233 0.45799763645695585 0.43360106871664394 0.4105053905851195 0.40369401150218426 0.40310709791851457 0.37705514161359444 0.37547489009648316 0.3213561575591794 0.3262906889160073 0.2940001476396574 0.2613490962271748 0.22748662859743657 0.21731815721350622 0.18521055401141495 0.18409042006743412 0.17833628231886617 0.1791747652540488 0.19714710023472848 0.17387468864258301 0.16724448565763644 0.16432570875710967 0.14651470025575447 0.130744544806854 0.11591787498998873 0.11785364625720747 0.09595103403119762 0.09883927486017104 0.08999850948679827
0.5663320439309222 0.5397236466667317 0.5492912317240801 0.5637362022659024 0.5570652139788257 0.5341245683686979 0.5515429795388623 0.5650462628974695 0.5445779645782854 0.551744806256081 0.5457816538454723 0.555090733241023 0.5073997757373333 0.47991298043182706 0.4924020732011588 0.48484867245716357 0.457475384426991 0.4137221224151724 0.3843109028716718 0.3792814802913929 0.3772991934399389 0.3630747122420236 0.32776646031059553 0.29457349374640635 0.26556387478130195 0.23409782075307378 0.2630874592957424 0.23679104780896273 0.2322116717709227 0.19918870335333164 0.1773612824458462 0.20913558697625084 0.19638236301001688 0.2084196132848074 0.1678983662174028 0.15397722687497967 0.16731867726889274 0.15483353694495594 0.12675225302253273 0.1124742264863601 0.09436169281530618 0.07530649537795124 0.09253688312629592
0.5762644854361432 0.5566722809261394 0.58029414929438 0.5852414081404504 0.581308212641115 0.5675803690195416 0.5633069501387372 0.5738253581407551 0.5653230312478509 0.5811185774193102 0.5677595322172396 0.5618750277497895 0.5099627023186517 0.5022148441775582 0.46098063709967724 0.4373481789207158 0.4539397179577189 0.4199259926962068 0.4012662028659243 0.3832453017455754 0.36011467900465194 0.3753552807247173 0.3324933741159081 0.33369297674678644 0.30120217310787356 0.27647287455733394 0.27037319193246967 0.2529452691564464 0.24983118556296877 0.22493061255494468 0.2071389545594577 0.19318748306889008 0.1908506973444275 0.20863088473904076 0.1908767980845227 0.14625890497994987 0.13765098906717665 0.13053218970741148 0.12409859073889574 0.09155450397333856 0.10786778594350029 0.07774367583104673 0.07682387748752041
0.5867584792922019 0.5954296913154916 0.591269828039987 0.6218720464576405 0.6095923688834317 0.5766599356049273 0.5782699867606107 0.5879853818905358 0.6040174558942536 0.6095159532402856 0.5651317870312814 0.5741582996028346 0.5334842901115944 0.48982206215228147 0.4593248194265827 0.4378406825621474 0.43291741568363384 0.4396112644769736 0.3992636682567888 0.3766235622289459 0.38369874337034565 0.38309311556456455 0.34337077392638593 0.3275528415634551 0.29850159571767837 0.29258863251335704 0.2671966956645803 0.27424757299805236 0.26124120563724007 0.20623543274771083 0.21854589978784666 0.23327334385620768 0.20255665786753183 0.18253854455702317 0.17005670785036217 0.1514976741387459 0.14035941447430242 0.11564911705368813 0.11173847118263483 0.0700646693278013 0.09732438943848323 0.09605309339047104 0.05587707125512645
0.5754200309449962 0.6092115000150189 0.6184492101236547 0.6294997450063732 0.6444891766631136 0.624841643073682 0.6195324770021353 0.6144043344823981 0.6063297740777599 0.588052743620116 0.5669042453852448 0.5811287097978343 0.5558070049345474 0.5087465902331147 0.4893066321562216 0.48641458249674907 0.4655172660351349 0.4359020375940113 0.4287749513690304 0.42635552199781823 0.3905207674316242 0.38762391676441643 0.3546725727876322 0.3239590138725423 0.31486159472039554 0.30335972358989194 0.304426208550465 0.2902823021713187 0.2628647555084908 0.25030574117526433 0.23712561160036888 0.192635281681031 0.19119445410527539 0.1983786436893572 0.15874017951725483 0.1695275822696405 0.1348542499350003 0.09738053072386545 0.10357226188850661 0.11775795571540783 0.09783518873830804 0.10917643901558181 0.06201433560846232
0.602569944004434 0.6142702654719189 0.6402734839622536 0.6561057109788072 0.6593956551868797 0.6393410267251286 0.6392326627660769 0.6569131891695976 0.6121406058199442 0.5818918902569079 0.5614326090764246 0.5488077038791187 0.5675967587473535 0.5339169766707169 0.5026161696138715 0.5204407886356825 0.4647642696415062 0.4569382100706808 0.44856974234966124 0.4437915951234996 0.4249326292602922 0.41424989235244686 0.36687179692887073 0.31422098885414457 0.29827026054282985 0.2997706343173626 0.2900464364332914 0.2740014914273377 0.2787775806791235 0.25317137543347296 0.2436253667071211 0.19406887583081422 0.19298238604180756 0.22452351907958903 0.19293997013488726 0.14527491893314345 0.15215778386932882 0.12060076185948534 0.124491415475055 0.15110690995603634 0.10849958983226798 0.11172326591597041 0.0774781255092596
0.592160720537085 0.6105153127914557 0.6253826869287901 0.6187407339950906 0.6253419372765143 0.6452505505556535 0.6395895165944415 0.6647953814710574 0.6132971373445346 0.5668189218691445 0.5662984370823093 0.5579969288177205 0.5834740981564074 0.5605036661840407 0.5450820381998597 0.5302357441346056 0.49719369030197247 0.502452667272123 0.47772794849894884 0.46472166765025485 0.42007848106436635 0.4231950144892896 0.35529571843343144 0.3375630033679075 0.3153694029903581 0.3138758933622898 0.3135256128331293 0.2731112218425416 0.2698106323296369 0.26843951587608583 0.230321511532601 0.19937431095497427 0.18904083986655604 0.22157222232374588 0.20921557134864566 0.16049398969891504 0.15579535729886174 0.15136885623050228 0.12426000667491498 0.13678596200423532 0.1408030156219982 0.11687043742027599 0.10194676221823747
0.6035544436451726 0.6192744883684838 0.6350391272908444 0.6330513807593172 0.6148135627136916 0.6168146484076037 0.6266244915326614 0.6724981263313553 0.6132192895121901 0.5872795740406279 0.6134114024942372 0.6183740927571175 0.6056088174163377 0.5952286321150103 0.5448680548042666 0.5493309113803782 0.5074261828454606 0.5078994857280758 0.4710822350962076 0.4801446703023059 0.43816785284848503 0.4184798752552228 0.36199344430105046 0.35657610431148157 0.33615047051748187 0.314854484077748 0.29238085961812066 0.30643592703051176 0.26228478379093917 0.2541497118944758 0.2177639020413355 0.20639893159074482 0.20467901975926694 0.18960239098336223 0.19273385471400267 0.1914815398032683 0.16076429716944962 0.13836392050791488 0.1591532288990452 0.156038160830541 0.15435653878055114 0.1466486828384739 0.1096720671015871
0.5716606255889978 0.5694893314936297 0.592175944153697 0.5864444245449316 0.5943007244376473 0.5894919824078223 0.6095834906711256 0.6538546056359534 0.6295920422393639 0.6117212306003962 0.611611103958509 0.6079034728474414 0.5868027923959724 0.5612885932508935 0.5300771614099652 0.5155630153618516 0.5411263105841958 0.49269494114094686 0.47318620152904306 0.46969915679106483 0.4430504628918334 0.4371542770458682 0.3871786203517595 0.3574791126570289 0.3553593193449126 0.34701384916211236 0.3086922071370575 0.2870118859466526 0.29458490757791445 0.2486064970146323 0.22779824173385635 0.20907991907436352 0.19261596342582618 0.2040885758364952 0.1862278621192804 0.16893535450399713 0.14346935531865418 0.14407840492216772 0.15473445700345914 0.1679571485661418 0.12414233836430125 0.1340735092309175 0.13215923010381464
0.5523517979060637 0.5825031382588168 0.5798132195018618 0.5545238805667548 0.5593995661089917 0.5921585525593591 0.6075255542406061 0.6304987478080305 0.6097899551612922 0.6099518529993577 0.5814597715534996 0.5983397869552272 0.5717583248294448 0.537537068629812 0.5123191894394888 0.5238773193279443 0.539299332356582 0.5217460654372374 0.4840528875339961 0.44909221640532193 0.43173820127243495 0.43540638190759806 0.38993284250602744 0.36303257813187945 0.3515885088009133 0.3725941509554584 0.319849455676889 0.3106088383675419 0.2758354059854618 0.24695883766880966 0.21886153222308535 0.23316326565189197 0.19685297533299329 0.21361949420930498 0.19002326105798636 0.1459014386664482 0.13159910634407043 0.12808084266531775 0.1600075562265747 0.16064004045226135 0.15469652897377756 0.12004231516690556 0.10857525925327291
0.5452783596570202 0.5531471612194572 0.5573014761169484 0.5384620809848573 0.5453919706514593 0.5739438073723812 0.626160461332368 0.6421201699625981 0.6297212335319998 0.6197488250601627 0.5924852274655243 0.551760144656246 0.5428451955213962 0.5389275454964759 0.502428927622473 0.4946124058752603 0.5124035223150366 0.5163783748653382 0.5152261089899116 0.49559905447891356 0.4676847277275043 0.42978873456866845 0.41747396858437136 0.38932529419147066 0.39915886004772666 0.39647424327735237 0.345385777938719 0.3227170244611341 0.2691727974855406 0.2653142083849663 0.23013223234884553 0.2208099030661393 0.20815665702843625 0.18970623755347893 0.19373075630635828 0.14533679031190166 0.1548268366981221 0.15084942620940908 0.1614624855406002 0.13204098304796438 0.13092683608366049 0.1333887797467726 0.09427982039033715
0.5400089939391258 0.5167185294770351 0.5300146890988447 0.5356522388454164 0.5421341008410252 0.5862574810222544 0.6110354035539526 0.6222758219342053 0.6311949729591018 0.5932617405261672 0.5867412522366425 0.5591755995515179 0.5128922676431426 0.5094590853115519 0.4801318366017719 0.5110795527242464 0.49535606694300854 0.5147086639113051 0.4832262037079708 0.5037212673322287 0.4633964209715724 0.47367195272947754 0.4337045605438023 0.4360160678345888 0.4033150589777465 0.39344361173229586 0.36030121690742917 0.3220175770522803 0.3012415048929034 0.2690489713451909 0.2675860123757931 0.22446936664630773 0.21822977182865697 0.1726605709696926 0.17952336194282711 0.1548621937061011 0.17639460948645871 0.1636460822800824 0.17134919293650333 0.14130205741686447 0.11805370406389845 0.11019196094330132 0.09786501208578828
0.5189864392977693 0.5099878579877543 0.5403797809747396 0.557582000131932 0.5444543699461777 0.5479856560026908 0.5671072927908025 0.5648911111442786 0.5945136600676533 0.5422128261761833 0.5447164675575265 0.5189073768588099 0.5256128573621026 0.4935969129825292 0.46873637185346895 0.493697239424524 0.4872725244966368 0.4824887530445682 0.4700123986119586 0.47375544973026956 0.472705086177629 0.4572142559732671 0.44235800840764017 0.42468549425725516 0.4199706123689104 0.37324743774621866 0.3696220467258155 0.3639404184133802 0.3292412272639822 0.30312722700296313 0.2688660496313103 0.2339970817111379 0.2107257256266906 0.1873364064848743 0.1859079085704096 0.19149555970930593 0.17623498773123658 0.14672445958929034 0.13207049582924218 0.132206413414891 0.10733784421558183 0.12220493697534805 0.11394619538375228
0.5043955540016505 0.5062842446212319 0.5083044322032573 0.5538031805536395 0.547927351937554 0.5621486127860198 0.5413998748380111 0.5579097824673511 0.5297299288320412 0.5217490380613671 0.49635678820380624 0.5053707677414807 0.5196674074522752 0.46139652585952184 0.46100839171496544 0.4763151967106895 0.4565979467829515 0.47094946883411937 0.442594515599023 0.44276360680915705 0.4735507105312637 0.4674789592198153 0.41927447298550374 0.41359760266990664 0.38446951954048103 0.35676778683955607 0.3726844221750961 0.3612054549272414 0.3459516864251796 0.28385341226703814 0.273420416226741 0.2784758587849778 0.24713595637192254 0.19541485555045776 0.19640855683191633 0.1639287088221278 0.17269732327569573 0.17406865435675356 0.12481492587779942 0.1323160159708447 0.14009336519199217 0.11043969157910331 0.12001659819204046
0.5008650254967755 0.5144733534384384 0.5102336555993906 0.5308269889559535 0.5491236499498588 0.5351525947555498 0.5158709013415775 0.4965490113995967 0.4975969329219971 0.4823974963494435 0.48384577999831985 0.5051676642863032 0.49946152221076123 0.46233752834983183 0.4623795359454499 0.46521765782290725 0.4624315275735818 0.4448915110804981 0.4376142831900081 0.4396839942533286 0.4239417525559035 0.44123482789623997 0.4163689755067233 0.4001086424851474 0.35895742872838216 0.34856176175748477 0.3475857949685543 0.37511729176065167 0.3261298207051367 0.2933129014469396 0.2923041837230278 0.2959753344318373 0.24049819098950598 0.20010186642035133 0.15366867961005956 0.1600250404480406 0.160706367358427 0.15523949804569795 0.14753606286971185 0.13637474382300316 0.13335084487791507 0.09397300758000111 0.10343868309916583
0.4593664853524476 0.46439320654865146 0.5046650839909482 0.5210452231654494 0.5209697308144331 0.4776661664014087 0.46098129898923784 0.46296409434076474 0.47725489288938727 0.5053349681871766 0.4957104818220763 0.48244260270393197 0.4982143170740604 0.4700764897863055 0.46661797393909765 0.43545247471888593 0.43129425987754316 0.4119934957178918 0.4029099914277309 0.3937479863332244 0.39220238040735955 0.40376995131715765 0.3870086835567967 0.3879459278287279 0.35125393032577806 0.35860253501602884 0.3568454404405506 0.39472829982830504 0.36824931381271453 0.33659736523388606 0.32359259450301797 0.2986225001991975 0.24033957830163724 0.21414311503433758 0.1824310946651941 0.129471624560664 0.16736903255880742 0.155390491129083 0.17601445470925275 0.17922878899742173 0.1452289796356729 0.09400054790642716 0.10583350179668982
