Raster_benchmarking/Raster/continuous/raster-163.asc
NCOLS 100
NROWS 100
XLLCORNER 1743161.8384605052
YLLCORNER 5469283.282208308
CELLSIZE 10
NODATA_VALUE -9999
[rows 76 to 94 of 100, columns 43 to 85 of 100]
0.6464907273950845 0.6666300117278845 0.6743337372256418 0.6935902937586199 0.6822758494198942 0.6800989599887567 0.6679168081220612 0.6316054965122752 0.6194277717034568 0.6314779062408441 0.6329568348587624 0.6045887363211387 0.5801374326924174 0.5530993698107067 0.5288170871473193 0.5282281701347318 0.5213299269357416 0.4871690211472346 0.47316630639374324 0.4946792426590384 0.48705097346351833 0.4968640437564185 0.4855564871109396 0.49345868871867665 0.48634521336647013 0.4942489380353781 0.4798642503090492 0.5023650898156221 0.4957209860430251 0.48658736295185745 0.4676710718336492 0.44591426611645973 0.45135680970412 0.41130910727108505 0.4168347197177728 0.42282887302786437 0.4095134662639374 0.392709619406228 0.40742309588642767 0.4022519287858414 0.37975339332986746 0.3880684473278218 0.39393230302897736
0.6261463529164781 0.6355858153370558 0.670661967432863 0.645464604415037 0.6636076238987269 0.6572102190453843 0.6444593187641848 0.6120090724093575 0.6045033573300744 0.6223947924971285 0.591717383909079 0.575275225127786 0.5714663566688876 0.5555275028938772 0.5420212818126882 0.5241224729427202 0.5432494218064176 0.522785054581677 0.49166375664687906 0.4742065683306489 0.49576901452574207 0.4907198313869691 0.47825028982993406 0.5035903481380127 0.49144689553782483 0.4787788426800068 0.496783163460481 0.47781322425415435 0.47020035111768876 0.4553888517954338 0.463903770826272 0.4422890515121826 0.43961466200498006 0.41712159174373153 0.3968091904220168 0.40139475975735833 0.42857209813545827 0.40827662533848763 0.38294900984722535 0.38727014347525535 0.3729434553216153 0.38891090951302615 0.39491889103191413
0.6146343662334312 0.6261892570739475 0.6592099633379277 0.630561815507845 0.61491486555807 0.6095314198775005 0.6030628969305717 0.602786168621037 0.6073561646108299 0.6092733678836891 0.6023683134243424 0.5825229375367157 0.5802097468846789 0.5636900327037035 0.5648304309170546 0.542643976406851 0.5473033187195016 0.5327363043008777 0.4915200211765615 0.4857811308078315 0.49933538467079713 0.47748660869066184 0.4905337067803772 0.4889631051583456 0.4840147629362175 0.5052357510796103 0.49961455783499253 0.49900896183854054 0.4697740294501238 0.47580179114654375 0.47043141541570077 0.44271066705693496 0.4390153485995671 0.42840910133918897 0.4178928853982744 0.413507885920849 0.441521390091992 0.44384429497938 0.4030662863974078 0.38779443811313585 0.39245141011748425 0.40059033096836194 0.41030588056411094
0.600718688547834 0.646482762432221 0.642862087891835 0.6018782515845886 0.5710562753331637 0.6085430027336008 0.5916025810652475 0.5960344400125707 0.6131583962310635 0.631456559691113 0.605780843178442 0.5914846824750587 0.57858403000945 0.5522049837289356 0.5551525729511737 0.5643623254128041 0.5150115859155285 0.5446011938162059 0.5274025520235198 0.49905484840008457 0.4736819233314474 0.4821437377767794 0.451493353845914 0.4717463985561015 0.47556065247319834 0.48114977823021954 0.48725438087573103 0.47992759889243075 0.4907022021638726 0.49623157773483706 0.4850673061229936 0.45788465408707624 0.4358649317177355 0.42856851856737005 0.41244776035269226 0.4238805460067961 0.4533760102657401 0.4477430555117059 0.43600686653564513 0.4431762510972632 0.4290310814170377 0.42945755331387 0.41552940341389144
0.6467431272292232 0.6446652296815305 0.6448063629470453 0.6053112553009259 0.5945687258660758 0.588400249462305 0.6012940133345372 0.6101624233009781 0.610033581078727 0.6291343483240138 0.6064107891164485 0.6155336388359083 0.591081291472646 0.5839210995598885 0.5894969243337799 0.5711618472960182 0.5479618418459336 0.5349265480190206 0.5024893552989611 0.4862017308558499 0.47950726859287124 0.4917825336432214 0.4924991490066451 0.462031220500722 0.47150954723609023 0.49805466363856055 0.4874629663928957 0.4838084328411169 0.4824776755526164 0.46322804409809587 0.45676695658293404 0.4586872237630915 0.4539216216938221 0.44595650263630543 0.45424131422083774 0.4416678375094761 0.4396047768092477 0.43027908822589395 0.4175654771184483 0.4444235178090672 0.4379947187543952 0.46145330141705543 0.4484206599359046
0.6619823727780616 0.6320300100223628 0.6311787254174162 0.603621257313131 0.6084403068742408 0.612644966056994 0.634624242201769 0.6361092428798645 0.6301396777079623 0.624597012421992 0.6055121087016606 0.6221915689715809 0.6033540316751492 0.6187910286834686 0.6053273826842857 0.5895804427191946 0.5506129536699421 0.5206843513346375 0.5212548290010208 0.49689339526242193 0.4843078217191982 0.4813968794368231 0.5060311129478176 0.49532946640616776 0.4845668238101099 0.4901984178428464 0.5055800767411633 0.47307285891725415 0.4659869387334214 0.4509871425498352 0.4738020851068198 0.4702420989450478 0.4241624446105037 0.4581956357599436 0.4462287462031283 0.4489147450903662 0.4530730500831695 0.4212705798295847 0.4363092579650406 0.47004954814175043 0.48260353942049017 0.4584027694537166 0.46501290948099755
0.6445853850447898 0.6252679633954868 0.6068641164063662 0.6124069524179222 0.6209946643177674 0.6313717094845087 0.6295902887405622 0.6521307018979172 0.6470510962161266 0.6265666176362699 0.6232274780887296 0.6128861929408628 0.6020930589485739 0.6260538804252928 0.6107210839059926 0.5835450131198184 0.5874138837604441 0.545093845374745 0.5277896166387462 0.5059213106039152 0.49355347891465956 0.5148671422972416 0.5029826332545005 0.5173428916714271 0.5041852825599733 0.5039245512573551 0.5007618302228904 0.469266413752631 0.47675383592931975 0.45020595094843063 0.45522777109726403 0.46448024526310816 0.4303732097324235 0.4423368126687989 0.4322058945753466 0.466051497684572 0.455237354583252 0.43994817083092536 0.4632379769024382 0.48730432215303215 0.500569998114655 0.4820906257424146 0.4469570661906255
0.6478706674079354 0.6461515160361304 0.6132546002633252 0.6298379458982502 0.6001558571630128 0.6245934195629024 0.6477313172740232 0.6527787398907534 0.6554744744683622 0.6239023161961937 0.6125819393044656 0.6139048490124781 0.6213534434747245 0.6482448191469954 0.6352852517887927 0.6278473254584408 0.6017426148924822 0.5660949829882959 0.5445698988515937 0.5249944303737222 0.5014834281219703 0.5164494822751743 0.5375231284182984 0.5403058254806882 0.49459737671022036 0.49608367744513965 0.4712809915517769 0.4535626173519785 0.4615554782536529 0.4670708451064642 0.4651011852030553 0.4837892560365865 0.46328988905602736 0.4564157127087167 0.4453653363968584 0.4628408250635588 0.4546306092011644 0.4731482359260115 0.4919376951096939 0.4735813894021391 0.4773254618850054 0.4607958569577533 0.45291868062583474
0.6924645739365386 0.6745008350891779 0.6592714332023655 0.6387665699575202 0.6449293310712572 0.6503862389535753 0.6377958625768368 0.6446109174279117 0.6444931825766829 0.6628239798177817 0.6601857909600725 0.6462101947915935 0.6387316429741638 0.6400556901219496 0.6502953033842254 0.6266258296933462 0.5802246448237683 0.5632105107203929 0.5368749085870412 0.5320905981191927 0.5046045407596754 0.5094421918675685 0.5410873959638591 0.5412111968589921 0.5056090462710547 0.49906166192507806 0.4825495435050083 0.48085981905117264 0.48817837865683306 0.4663038805763527 0.46469409866163863 0.4774502176979961 0.5121733245023984 0.5126043985988984 0.49146168342265534 0.475529012017124 0.502069676708882 0.4828188565619835 0.4843592143130362 0.48407696945399686 0.4612085563321669 0.46768296118434993 0.45834572327018025
0.7327178533729186 0.7222926569533247 0.6811488405598373 0.6818662942043582 0.6571522823317983 0.6701635418548998 0.6338315193071524 0.6657131528491281 0.6805814766953733 0.6601592007101118 0.678443006151294 0.6722281583374224 0.6531861477526133 0.654180714939557 0.637053231989113 0.6389719595243419 0.6045464537043931 0.5648399531898507 0.5400727681267513 0.5313113568541369 0.5386082895091885 0.5392957035806027 0.5292436268941483 0.5222989873378647 0.5416873179831712 0.5209407822975117 0.48961473788214227 0.5020648610960738 0.48610169476036563 0.4811502810860498 0.50466665402958 0.49931413842113964 0.5303690054885388 0.5464981179033129 0.5405917116004099 0.5220700569281395 0.5271841352823835 0.5062706409013865 0.4706637377427347 0.4867699233656499 0.4867423075468848 0.460294903317131 0.4770550797421414
0.7397786686219798 0.7281927463425603 0.7213176269563703 0.6884207021352997 0.6728654313262945 0.6753217913804774 0.6666697758745616 0.7007941313535025 0.6844593002334167 0.6692264544569011 0.6810292013503909 0.6746979134574245 0.668363521789177 0.6408291832613253 0.6339591929229718 0.6134926618146571 0.6066747771642991 0.5764309586045526 0.5761528877186853 0.5447911957696562 0.5168987819129784 0.5244122120930746 0.5423015861496446 0.5395183696096824 0.545134574690479 0.5266254777221534 0.5196556722760743 0.49942223733974933 0.5248509960439006 0.5119198936224212 0.5135621141881728 0.5301564947663547 0.5405780745062255 0.5539114341876408 0.5728937887492452 0.5723658954501584 0.5325221199671639 0.5336338400210905 0.4934623804871483 0.4787861079026854 0.4817656703409346 0.46704442423206877 0.46311625465159934
0.7819558284479774 0.7627915928236924 0.7389240088106478 0.7047756835541243 0.6996928394272691 0.7128784875076539 0.7156868743009878 0.6937197203211964 0.6965813477108797 0.6788905149119899 0.6921139860154999 0.6783504562051488 0.6282413589800327 0.661364544964089 0.6374115314758266 0.6326736583048646 0.6299832079352485 0.6122447409490772 0.5680703765790939 0.5690033387264402 0.520863759866158 0.5516382281789051 0.5443285411982997 0.5444695079937344 0.5666784853928799 0.5442075932320722 0.5319740243195338 0.5072566329324235 0.5256288421002873 0.5562795076479351 0.5710984149997403 0.5617097547448731 0.5864459279613388 0.5964394990746275 0.6093130213722857 0.5845744532541648 0.5665240713155404 0.5335121470844533 0.5322285846254434 0.5044988934533162 0.4984157075605363 0.46800355016356365 0.45787423743470324
0.8144874745643336 0.7715186724387364 0.7573198436994218 0.7593596795819362 0.719118951758156 0.7335578803705204 0.6973801796277226 0.6902177806140765 0.7186789141644683 0.708690463825502 0.7031046548512082 0.6727157098104853 0.653530220253296 0.6665371634595434 0.6494217007200954 0.6491520724286203 0.6312230086799762 0.6008883421222329 0.5818864030490659 0.5858094541631306 0.5799291754972716 0.5739620719244826 0.5789426684118427 0.5630336367800166 0.580230505867953 0.5691882467593541 0.5529339569974056 0.5465749932293452 0.5638486184393834 0.5645564883127804 0.5679754591142807 0.5692039821942452 0.5745161590563165 0.5853450774940009 0.6122473240264825 0.5966816874056279 0.5743519481529336 0.5688135548264532 0.5579500052710964 0.5139570517102353 0.5233100152611037 0.49718573949861705 0.4709600409239732
0.8423212001504188 0.8123694988743176 0.7812460106505842 0.764723882662665 0.7544606760915672 0.753757520956446 0.7109247976843209 0.7296344657937133 0.70474659481607 0.7194155606392567 0.6676558917441154 0.6660325125841339 0.690807969011904 0.6762574995129295 0.6515257187020623 0.6323646754389259 0.6292446652276987 0.6174889569540492 0.5964492500790548 0.588837211782778 0.5850530520110406 0.6086123662300302 0.5742851167295382 0.5863792436859466 0.5747728327240665 0.5497131695130631 0.5494912023343506 0.5554314959755154 0.5573308350393147 0.5661507150375242 0.5867832602964126 0.6034307482481072 0.5988351404155765 0.6078935831242809 0.6205641597121909 0.5741016453064733 0.5746219039193555 0.5902132481087231 0.58218868998616 0.5305826835155654 0.5123802987098427 0.5047888238843911 0.48064291128673625
0.8283696010021718 0.805761493497015 0.7730631572573708 0.7666955014496849 0.7539458823186135 0.7663665710308163 0.7509085361306302 0.7382080867920982 0.7212995860491223 0.7215927347155564 0.7253497352293223 0.7041508920636559 0.7019928952073515 0.7131074858792835 0.691306258498113 0.6636837838526424 0.6481291780519831 0.6618432008303703 0.6484801265151547 0.6230807336794195 0.6298121823972427 0.630863921131297 0.619194565441206 0.6007820846657498 0.5686033885264542 0.5683256356985061 0.5817180392541976 0.5546498857513775 0.5455248353077343 0.5611001318252811 0.5780262777624416 0.6156226399216153 0.6272322825348192 0.6028934880086356 0.6153150547892152 0.5799609594219233 0.5891204530100347 0.5943096578443969 0.5641785155362651 0.5425870126428001 0.5206402304887399 0.5304729129333158 0.4955476232927803
0.8629337209727 0.8208945696407527 0.7954024548124329 0.7975365869373462 0.7821017180966081 0.7596131102672395 0.7641609307624416 0.7660552330266726 0.7445626185196909 0.7580206237027544 0.7431424737118264 0.7488126720173293 0.7270722620987498 0.7345519098855761 0.7110446121820382 0.7222706309325594 0.7086667568857283 0.6638096784703992 0.6572638728970338 0.6314534051957797 0.6521976202837079 0.6440104967476562 0.6527779512288255 0.6106802608881866 0.5950980607474715 0.5956814117560882 0.5890275216390208 0.5847983943282913 0.5625254170032221 0.5748814288605324 0.5794294804303142 0.6158692434389746 0.6328155782483613 0.6346762500091443 0.6033177576893376 0.5985109519375812 0.5976591302341225 0.5894161162603716 0.5699051051559402 0.5556647035073277 0.5678757526028083 0.5296992747003075 0.5252253632843115
0.8848871513156337 0.8523504653924305 0.8347856734474022 0.8319742897649722 0.804460645971036 0.8008069731875402 0.7945901013095458 0.8059506053467079 0.7740720925465987 0.7860672151298846 0.7730791138588371 0.7697915068631244 0.7720271829597272 0.7274246334556614 0.7430751120351216 0.7305539156407429 0.7088967081444614 0.7010335392465457 0.6862976701405993 0.6671740532370765 0.6726019862034484 0.6572868410759336 0.6603523250403933 0.6496075222751128 0.6071275341529888 0.6051324552477761 0.616041610803957 0.5934030399850735 0.596853896017012 0.5931232313760895 0.5828565960720115 0.6125680182186343 0.6499613866559258 0.6301879486695405 0.630031524273177 0.6078854564517602 0.5860591542733486 0.5749914697275605 0.5684314238443893 0.5694331693103389 0.5613560880807991 0.570799263153916 0.5278488623208947
0.8885737117927647 0.8508914645612243 0.8601074947559272 0.8389347579651788 0.8241982424089748 0.8235176975885313 0.8300359170030979 0.816771164447069 0.8155208333791214 0.7929556681418639 0.7688585816543878 0.7681549683098736 0.7915704199900251 0.7503970917572308 0.7510069961661554 0.7620561473922133 0.7389720896354456 0.7336431656169498 0.6893542306746581 0.687240608605979 0.6903365733122103 0.6716559234989167 0.6616720579984428 0.6616843789949858 0.6375680855644005 0.6340798398350878 0.628118119743231 0.6256129456747747 0.6210101353228422 0.6239794837441811 0.6188205214128293 0.6458004616193813 0.653647514964643 0.6374021283084146 0.6078355639371508 0.6017664996529039 0.5851696119638721 0.6051844616660913 0.573333477729681 0.5619431863960646 0.5454314294156799 0.5668782423481497 0.5727279209864713
0.8695611294726378 0.858722716620258 0.8673198882188049 0.8575398166065258 0.8834758642750405 0.8598529567462595 0.8505542968839152 0.8194981728798686 0.8202585057015704 0.818472437139593 0.7800225648248907 0.7840536814270694 0.8094570071309153 0.797214132179249 0.7677781184326161 0.7701071149305644 0.7641023602756098 0.74597482540207 0.7035968608857774 0.7250699331805032 0.7056625696047703 0.6947299670930405 0.6740106179499951 0.6619968324551806 0.6624153678837531 0.6538646453323338 0.6629932330665507 0.6608432550126248 0.6595436987648665 0.6269695828725919 0.6195820004079098 0.627726540500249 0.6351484204605253 0.6296386344472763 0.6320555266220576 0.6147839150876419 0.6374655194584108 0.6292766164085639 0.6064365331168434 0.5903566161414244 0.5701699490141473 0.5958686944514888 0.5928039977056521
