Raster_benchmarking/Raster/continuous/raster-156.asc
NCOLS 100
NROWS 100
XLLCORNER 1743169.070763204
YLLCORNER 5469283.134194956
CELLSIZE 10
NODATA_VALUE -9999
[rows 57 to 75 of 100, columns 0 to 42 of 100]
0.6406754698511306 0.6134148516660995 0.6121949330531938 0.5993925115126292 0.6231241782750558 0.6441837778391172 0.6348573540817387 0.6193152314734347 0.6271784854638868 0.5960058063862201 0.6148822666501073 0.627996682600678 0.6076675652650403 0.6193392818421034 0.5984462459773003 0.5667307597599561 0.5780526881960608 0.565161867209657 0.5692840042521397 0.5518565721533394 0.5162086182549512 0.506788189586801 0.5235811064253411 0.5340324016453599 0.524329581536099 0.48218386584475026 0.4713910667659784 0.45770985572111283 0.4489425696243351 0.45841146522476345 0.48555116501448076 0.4857429658559528 0.4693421891817692 0.4698829833549251 0.49676667355940857 0.5266121720120784 0.5122930762126224 0.5196238126116982 0.5295044485041799 0.5335233620617776 0.5641027387982267 0.5602040393756567 0.5151546888636972
0.6496142146401082 0.619963548830104 0.6141852177803367 0.606877429331312 0.6049532352804219 0.6004118302845599 0.6101375872743695 0.631740431309333 0.5921015437456688 0.5718393430753914 0.5878916475976474 0.603195757449404 0.590576621501595 0.5878613767151398 0.5596584576847538 0.5506271459817975 0.5660141480890278 0.5477185875954405 0.5182345300372471 0.5313765000781367 0.49348320709219984 0.4892657265409564 0.49772705197302247 0.513759143416712 0.5314419681647377 0.5101213547840316 0.49920621652176683 0.4894935607894423 0.46291518647117996 0.479413102905212 0.49633517944550715 0.5060626157829455 0.4956479358253829 0.46239224901362613 0.4925990577945805 0.4958535110915111 0.518710431905394 0.5070546488764328 0.5108066082047518 0.5234745668801966 0.5165893013733712 0.5317626417843483 0.4791475369160272
0.628425719214359 0.6384841251278977 0.6181136619308734 0.6034581981241957 0.6096937762346358 0.6329012384102566 0.6236062552852257 0.5949031140916949 0.5980281486945336 0.5976178574844623 0.5921268757622319 0.568165494234708 0.5426425601206405 0.5616537317538353 0.5456117024517353 0.5066805090097486 0.5063583472910826 0.5118082674493435 0.49959134424768203 0.48102371969175317 0.46908683839025617 0.4626467468815607 0.4673304202814189 0.4723450799145162 0.49978825916445624 0.4987515470205605 0.4818631280239572 0.4528973052067678 0.47001634992296715 0.4741642779909222 0.47690835553527766 0.4938267313176605 0.4930567549773484 0.46192434834228213 0.4478992819755844 0.4549248408044767 0.4871604171830938 0.47070852929586504 0.5163989812422534 0.5032379296841569 0.49143027150390745 0.5029443862438947 0.4513083178046023
0.6336316817207847 0.6301252011047466 0.611143494049286 0.591350274660102 0.6263457351553073 0.6308388174370477 0.610329358020394 0.6046808737858599 0.5989023456048455 0.572732580159544 0.5529247010410665 0.5396455988913615 0.5053015501330084 0.4962758713412026 0.508602225116297 0.48488899257293766 0.47675299817593914 0.5054810077173897 0.4862270686048333 0.44145500657777975 0.43937955268010404 0.45955708143618557 0.459906214225326 0.4515280435937993 0.4793443964710554 0.4840326043043846 0.4571180837567516 0.44491428226509283 0.44678841864904784 0.45826685722560295 0.45669797775776183 0.4728770021330766 0.44700218809025566 0.45966272110420114 0.43241484627604043 0.4304732776512206 0.4735521336822281 0.44722330824469253 0.478647008449184 0.508236999075489 0.4762208918008884 0.48283972096937244 0.42482598729453513
0.6615807600670236 0.6412731115167025 0.6325499014700268 0.6325104980511198 0.627865592782551 0.6421994451880197 0.6095596389172244 0.5951474992592318 0.5599833287475896 0.5763060318907355 0.5543024409620972 0.5377373690183813 0.5105949053516089 0.48340552436850853 0.47911182705893635 0.48473579751274254 0.46385258070854263 0.441081615712378 0.44401347095733795 0.44314815944902897 0.45192089013581016 0.4387147140173132 0.4511093086306229 0.43748724262799266 0.44933085628960984 0.43640618489132266 0.44269367959940303 0.4399713377291677 0.4517646089583078 0.4621160990034539 0.441483778330585 0.4304606301406918 0.4281544091453182 0.4149069379780209 0.44166398748857477 0.4623898297498906 0.45630923320238426 0.4709720969320134 0.4599508291802665 0.4632659774133354 0.4678222292029608 0.4653566375104044 0.41628700313119293
0.6676183239616618 0.6439814342945684 0.6390595999485773 0.6300856146266114 0.639710715490386 0.6225297926910506 0.6015123797844453 0.5965495293057482 0.5716416349577024 0.5417763956404824 0.5428731355190957 0.5116005337556603 0.46922270315723047 0.43314916344742066 0.43306070827257587 0.43380128927042694 0.42321065054142143 0.4296255307683321 0.4144128424624854 0.45352182894494425 0.4534882103339739 0.43627110350539366 0.43361045230000383 0.45297854265440796 0.4448406333830866 0.43881667738024815 0.43474943630703206 0.44713878650942085 0.46088533773241847 0.4761011068322288 0.44014508639190275 0.43888495963907737 0.4242062235444065 0.40382924532386333 0.4063945604606837 0.4468511705679343 0.4343800227840618 0.46384283941161586 0.456975892059652 0.45546472047512565 0.42628095850941666 0.41416802064221 0.3799194427865929
0.6400393601165216 0.6566445566788252 0.6367153396789957 0.6129577258012179 0.6140356099284592 0.5943758264208443 0.5895111924991396 0.5683775475807182 0.5634009484089484 0.5255016476099804 0.5096524499630389 0.4964045524814264 0.4920432143765459 0.4402022741352465 0.4239790871156491 0.44048612458691866 0.41984818002518504 0.42386331212223294 0.4039840716345071 0.41754629944337435 0.45114695057547505 0.42264317871354273 0.40768115861795196 0.44043898887540944 0.4313497912858477 0.42323023367398127 0.4406604370419131 0.4625323323096542 0.43652619267713966 0.4540710977569757 0.4256775041433364 0.44643270172302707 0.44123048304817897 0.4420108004088054 0.41242798686131066 0.45107619355136697 0.4465530592791442 0.44660714666447876 0.41198707141756713 0.4225480832257684 0.3943347649696258 0.40791651061416934 0.3760674795621961
0.6665487058113758 0.6604031859371805 0.6297512578343404 0.6108845092356445 0.6251734414190734 0.6194415844844168 0.6093313610955029 0.5928395041224269 0.5620707922988201 0.5176816819713855 0.5064649507988194 0.49361742067362996 0.509595521980131 0.47683753259902834 0.4288886289225558 0.41475347136544416 0.38262669140495686 0.37726058499888093 0.40338176759781363 0.4128692920246313 0.4189819663538804 0.42311543985355066 0.39608171843386036 0.4011912575278767 0.4019726518674995 0.4174903281873012 0.43099750989763896 0.45951573950791696 0.43110208606143063 0.4287155048240355 0.4343887573655935 0.439201047609899 0.42275390701579096 0.43054101330603767 0.4105124015038263 0.444018637961335 0.44474659311912806 0.39184411825914417 0.37380605044409354 0.3886744546654795 0.36631019331215414 0.3693154999428965 0.358551674283848
0.6597110524036874 0.6618324521838199 0.6348576008129592 0.6020507543844867 0.5910161474617367 0.5870121645167181 0.5921087704816975 0.5814949617806939 0.5523049086527833 0.5300669728139324 0.5041860696202056 0.49101520009273397 0.4992977156854033 0.45824885203016197 0.4346919127863328 0.40865147413726416 0.3988953950345703 0.3750083918625939 0.39286205410919006 0.4255469466083297 0.41412837832910865 0.402774291149539 0.418728535019135 0.41997250867388725 0.41188634642481214 0.4087616403726285 0.4347111494853863 0.4111533367913024 0.42418984950539673 0.4325478384648821 0.4330570425013056 0.44466140537533844 0.4271365202801926 0.4392084715043294 0.41634074860056175 0.433530878730381 0.4408520285170959 0.4173281311284971 0.37121316356476797 0.3628564691322652 0.36545752996500824 0.36055826926153167 0.3219858394656054
0.6704815956270638 0.6829230533588267 0.642568342617084 0.6109651943872162 0.612460594811184 0.602302997675159 0.608526899679805 0.5720411328794738 0.5415496232822998 0.5195374383157477 0.4930740503453283 0.47107541660893637 0.46407206733156126 0.476996944834154 0.42622922933259055 0.4456936584078041 0.38931341447012646 0.36509837600388595 0.39282897124299787 0.4216953765174597 0.39911943482956275 0.42527030775809427 0.4064703081560735 0.4375171789128118 0.41439778815289463 0.43177483244958764 0.42033211451440183 0.3910665813440179 0.40379675173240454 0.3763827777475408 0.4230007059191912 0.42971587669054995 0.3987491275614541 0.4139067392199685 0.43464169519603213 0.45304432070378287 0.4344082445444851 0.4105387972721007 0.38814283470834726 0.3725961786036661 0.3260405339751949 0.30786788326459036 0.31206555338130487
0.6589454347337411 0.6405027376013618 0.6429239907183443 0.6093900407764268 0.6025904313978866 0.6199374080754895 0.5940349218680764 0.5541097536033318 0.5229333257629756 0.48331119638416814 0.4587234567125186 0.4746037320576707 0.4813922181432206 0.4449917060982631 0.4240625319264649 0.3957620176773045 0.3925340748200731 0.38885010668958925 0.37111245309495106 0.3825028220151173 0.4105066758382892 0.40458819280371916 0.40270595356701444 0.4277361843254244 0.42118849224358135 0.3905030736205005 0.3797646414734195 0.3644148553884705 0.38716325777300026 0.37190068339215676 0.37615622542101296 0.4189273020619603 0.3991087136841782 0.41117758649920594 0.42110909308272987 0.44039847278544836 0.39084561038834326 0.3626117998243945 0.344944680469254 0.32143806321589286 0.3185065588285357 0.31462612894764186 0.2934903516847741
0.6471749631933996 0.6236673966616652 0.6265372957827483 0.6281915241985166 0.6194705480880857 0.6012412710150078 0.596530297645794 0.5534393179200959 0.49674247194355 0.46235957975804315 0.4654093850360085 0.45731155422807834 0.4448297218828982 0.4430647439602982 0.43366758239010683 0.3921884829440772 0.4197575665712044 0.41335657903480977 0.36994955675056 0.36605522687563075 0.39309140348312543 0.42289704358603586 0.40286011045856496 0.40491877622275185 0.3859918775232972 0.3600677898061467 0.3688942190799242 0.364742439132992 0.36279760121338467 0.34764817113068786 0.3714886948691933 0.39385714336667965 0.4203318567279066 0.4097748533749902 0.39468578282605044 0.4183787386530664 0.38755069549560917 0.3576098011031364 0.35887801658307417 0.32173024417052226 0.3428388691621412 0.32967932000620137 0.28346861152107117
0.6134873514986168 0.6297783836785307 0.5996798579550867 0.589493346594114 0.6024697426752352 0.5910079761367217 0.561661592560366 0.5458283973812649 0.4920979681323381 0.4730491005009083 0.43786313293038537 0.4247537651931998 0.436812468161018 0.423444662138968 0.4012327223769463 0.40292741303776747 0.41502602412160816 0.4293094923940028 0.40114160766987556 0.35533486122030483 0.37566407172271654 0.39421155901826144 0.37280043567800264 0.36244743619475106 0.36629827436234524 0.3398174743046437 0.3639096441725507 0.3417616752198547 0.33923785298644293 0.3199888577576354 0.35855186799120037 0.3718276366296686 0.3998882016044242 0.41239528714594625 0.3864782949422147 0.3682654718993099 0.36544554952906866 0.34851765343019836 0.3573344936780099 0.3477858549412137 0.3236873770973725 0.28928828834014964 0.28209340214845585
0.6064288360474256 0.6061248257395165 0.589417338756706 0.5497166374649168 0.55500968775545 0.5805516578551116 0.5399918725125248 0.5317772516284662 0.5004449982902079 0.4294768293689617 0.4285810320568396 0.4239771592758459 0.43754767122010896 0.40642010127545053 0.4002632046164291 0.3638933975880671 0.38917447859049326 0.4132737069739427 0.3783789203970078 0.33070523429690485 0.3225808327144881 0.35724950655059723 0.3545459532857921 0.35280858453897046 0.3404890761838292 0.3428572773163447 0.351206743546318 0.3293336214477117 0.3048011870237872 0.3058039401005415 0.3402886213710608 0.317425825010241 0.37482835700404105 0.4028685211643686 0.3942789439362397 0.37166844841420305 0.3426192797410025 0.3614918410940922 0.342986616007609 0.3364889590910215 0.31663298566296955 0.2949907916296232 0.2791572587750423
0.5789125076743958 0.5874804211283199 0.5550855286067066 0.5519143054791663 0.5385630614366228 0.5163769053817602 0.5146205909653938 0.5161613432719739 0.4875328193027724 0.43046131280119876 0.41186615354505135 0.417764128687938 0.4054102301723942 0.38861877802209366 0.3700544057906686 0.37842223730093116 0.38023929256669414 0.39188701699079787 0.3704075696538805 0.32163855508131656 0.3004323072777369 0.3266592598980376 0.3141391816583565 0.33692337556529 0.3105363825210657 0.31190813023946967 0.31903776628603187 0.3129612954352599 0.3064895635272137 0.3038106932597188 0.30972631047582105 0.3047196127081266 0.32487279989455153 0.37709260586623794 0.380780803499716 0.3645061336214264 0.35459797884632466 0.33464540479175775 0.33167659598144367 0.3106550100309934 0.278444739501653 0.2781463806302875 0.25211382091168283
0.5652418864330254 0.5579592767091268 0.5237494088681441 0.5173958789196385 0.4963630416603605 0.5138027980608342 0.49642955110430775 0.4663209644820394 0.44952465635646877 0.45625391340440624 0.3956659727836858 0.3838155087677136 0.37849483541433593 0.3996707262348748 0.3575609085772558 0.36537704718358077 0.3551246832389913 0.3835565484235087 0.3387365056489756 0.31398056615706216 0.28242052493013825 0.282869009077974 0.3075631362281928 0.2951520532915641 0.27631034561393863 0.2732639336821041 0.25933247658070885 0.2557743025118052 0.2742939072072611 0.30575171290469677 0.31147063530732133 0.2991838445346444 0.29375027013388466 0.3400378048533011 0.35379149302717505 0.34483304564741196 0.3316730615139923 0.3073617737878768 0.31510556919379945 0.2598268274424901 0.25681810179482817 0.2512375426351584 0.23115074887095763
0.5109521245837715 0.48404245839339566 0.4775478710983633 0.5039526001318563 0.497277175157683 0.5024260820348403 0.46391381146681726 0.4511310935013171 0.4347327781565921 0.42362026663541774 0.3976316944025866 0.3668491670708108 0.3892608084496519 0.3613391070844946 0.359102175749803 0.325117691510816 0.3253232525450222 0.3215244449889223 0.32227494589304134 0.31893585996700513 0.3023878570631747 0.277940666190155 0.2755118263024912 0.2944185390163457 0.29210755560369933 0.2727030427408619 0.25727570358218194 0.2640475781135699 0.24802723993622927 0.28213546829279634 0.2695212110599462 0.27368954530309036 0.2901822534765349 0.30286801459459795 0.3124514453329058 0.32814191518666064 0.3111832973914201 0.30037042730282154 0.29153683597499186 0.27202438325544925 0.222673390596597 0.21261912006950034 0.1920801161573577
0.45165624509550256 0.4656546681519869 0.44490886661681583 0.4417589325754568 0.46487683311094413 0.4667017969095028 0.46695222722704355 0.43253855620408044 0.404824587718652 0.4161351596389352 0.4025725198589376 0.3686215427137479 0.3721683300662543 0.3484128439097604 0.3255169491027743 0.32794612493401865 0.32225633865285147 0.3047903973404131 0.29576234328219514 0.3090368004788596 0.28489112817308365 0.2904198823438462 0.2629807689300257 0.2500960809906014 0.26380409604511973 0.27255168270079244 0.2586769804681255 0.26873922064172084 0.24574964279823672 0.23118987121489726 0.2375267934930246 0.29238249477474837 0.2887876652345505 0.30105073249084585 0.3158910503885772 0.2824597690435003 0.30576755627982377 0.2893069060092918 0.2916467326584473 0.27376273594962786 0.2446705691785909 0.18252952738789344 0.17419153270579493
0.43727825406764786 0.44415512739832913 0.45224445246489725 0.44728474236470916 0.4532275037470093 0.44567264600583045 0.4299817291172442 0.3993630830448962 0.4100303366725758 0.37155713001057805 0.37004747633633495 0.3671771392051647 0.34695788250667947 0.3123268397502027 0.31689351227289486 0.32858083400734217 0.31112567862526186 0.2942886654427353 0.303035191028696 0.2871232453476159 0.2989930321456412 0.2479633357412421 0.23210120418574406 0.23358989408518466 0.24660011600555093 0.24829316508094518 0.2500560667321355 0.25457693840922985 0.22352772423360015 0.21798426567422285 0.23031887638472545 0.24698944996240976 0.26875588975401876 0.2780048995578666 0.2917775687073918 0.27855583555660607 0.27521175727793856 0.25482161896031325 0.2515588554828061 0.26252721603204854 0.2261805778354202 0.19534104551897527 0.19022489617070681
