Raster_benchmarking/Raster/continuous/raster-435.asc
NCOLS 100
NROWS 100
XLLCORNER 1743166.820725093
YLLCORNER 5469296.332312629
CELLSIZE 10
NODATA_VALUE -9999
[rows 38 to 56 of 100, columns 43 to 85 of 100]
0.7029960061635336 0.7008788049632991 0.6874015301088909 0.7146642505576797 0.7118226075099049 0.6924471119057461 0.6856788428793018 0.6731144990218083 0.6284103278903823 0.6182661986147647 0.6120633230706547 0.6013373107022909 0.5822246573803638 0.5892507712217449 0.5739400574502943 0.5820775670765255 0.577831937379337 0.5925866475919686 0.5640643295319764 0.5505195035283743 0.540348167695242 0.5482227249910486 0.5635907765929988 0.5636155521528377 0.5890330415496704 0.5644330314811402 0.5522241318336446 0.5218674164932361 0.5096016791038432 0.5217950820516434 0.5214306329807408 0.4908593555771764 0.48097520123743903 0.4744140403682905 0.4859049170747169 0.4437300380364732 0.45426067119577734 0.46959927918809197 0.49189494297464076 0.514494113662456 0.5278358331998251 0.4912147900610228 0.4866693503431762
0.6837692624379725 0.69296788586945 0.6785378881206598 0.6640345125285138 0.6710832961338644 0.691652122181854 0.6701733362983668 0.6498173858891592 0.6407107990441582 0.6194093662228212 0.5875155586641168 0.5780000245743387 0.5681399224940717 0.5879288992198314 0.563852504201015 0.5737079730315158 0.5624513535130232 0.5304762327434125 0.5484741585678983 0.5284379429489303 0.5106364943042674 0.5166537524900104 0.5089217858670807 0.5091229357405673 0.5527720031412025 0.5438228980742025 0.5242863112033551 0.47421844706346056 0.491216792533811 0.4688925528115438 0.4657752879830794 0.4506129499368501 0.45182300034996875 0.4527749733363267 0.44645244293656355 0.45957256331976615 0.45305164095979344 0.4912883227479435 0.4749452361801612 0.48101687545442384 0.4958352902051671 0.4609691953706126 0.46024622668549925
0.6895843235472466 0.6629997381384358 0.6619014070238441 0.6664592540380644 0.6607088158651433 0.6505407455835931 0.642583180987539 0.6277926459867719 0.6205622238888513 0.6299860930557094 0.6195062548993817 0.6214561532545109 0.605294418719794 0.6036433446178298 0.5616316061734575 0.5752563841337399 0.5423647155906237 0.4995468220319962 0.5209677764908365 0.48990593278888017 0.4914601148912397 0.49352312032675016 0.48069391362380043 0.5049444356999232 0.5095889280937224 0.48383825717743373 0.4533068680198619 0.4610881276665011 0.4342324661061343 0.4278270779852936 0.45429710582114363 0.4426788672841937 0.4106755001362486 0.4304784816424756 0.44990911207180456 0.4369039983328214 0.46875089977704304 0.4543401972872402 0.43934591834231734 0.4342701065161654 0.4645935357198796 0.46771834767558446 0.46276093185326
0.6925870901378899 0.6554836296386318 0.6446729799697036 0.6376901775823218 0.641884467674042 0.65718476828546 0.6475305916896477 0.6193408128894399 0.6261637879298918 0.6043782313249336 0.601781916195015 0.6124568250517992 0.6086242342317848 0.5903269692928537 0.5602063832770174 0.5614436277154853 0.5411404266304928 0.48777144951441925 0.4849019221921489 0.4721108215655038 0.47864185591048813 0.4914701803505598 0.45699517343747137 0.46203785391975466 0.474169218613003 0.4442937403253134 0.42011659493845893 0.4147973633701583 0.4228131539977856 0.42805553803073493 0.4111222669322981 0.3895324427045631 0.3803059810207613 0.4168047941635943 0.41829679453414875 0.4284405066876416 0.41554023294764303 0.4294704700555858 0.39296788736227206 0.4163974788225147 0.4428883802502303 0.4671474973471579 0.4628764974914608
0.6833204971632346 0.6546536216845112 0.6507100979608 0.6633530207165971 0.6442151366933907 0.6558805937569329 0.6598206987527703 0.6509360188730242 0.6079645702053545 0.6169924119579653 0.6004508915381257 0.5763788924830061 0.5796654442760198 0.5573194147547181 0.5444478941792232 0.5232234621828881 0.5141141965237241 0.4744726954402532 0.478403801643518 0.4613009968649032 0.4501678724930598 0.46617799761905127 0.46905851895869166 0.4682587407242649 0.4341549816315398 0.42335167087849973 0.40150374580197407 0.41490322867935003 0.4352669505853336 0.4082599804419014 0.41315671409824906 0.4034542924290829 0.3834220742672578 0.3699731451407229 0.38926532887627646 0.40490372295964466 0.3779984049139651 0.3697686606667187 0.3702279375587684 0.3662865605061531 0.39975153933651164 0.4110577449227546 0.4294561907514297
0.646612107110454 0.6421305767202917 0.6501803074257607 0.6674172757014644 0.6430781892119722 0.681522900883382 0.6409874555520596 0.6345434057331097 0.6267306150510614 0.5935843155937012 0.5977964325268872 0.5777380192257245 0.5729232639287555 0.5498372238589755 0.5621175488452029 0.5457182266998747 0.5010039509040832 0.4551421482186367 0.475193205991119 0.46109082725272077 0.4453832441228465 0.45620875717637277 0.4596086625730107 0.4534855842473745 0.4284765255469768 0.3994856228287527 0.4251657264037581 0.4213723986478254 0.4143636526858368 0.40241305639375713 0.3895846723511409 0.38374479984233834 0.38347677350317844 0.3646351757035786 0.3734333842204047 0.36307092977389555 0.3706869481624352 0.34320212754316287 0.35289841947815187 0.34696743187014617 0.3621001751425171 0.40389046645565524 0.41542233884738516
0.6502266952573299 0.6412436435182786 0.6393569441228388 0.6459258918603462 0.6384471284494714 0.6690050140019039 0.6513987187174041 0.6286297639760072 0.6144058890057877 0.6182458604104897 0.615686915796189 0.5702505395952929 0.5601990037090561 0.5682135002186551 0.5308958745678937 0.5348537711814545 0.5060789698443527 0.4419723858127706 0.43338667157004307 0.4393743149558692 0.4638372615196616 0.47635860562553417 0.4491748688684694 0.4180391492204799 0.40166236731065924 0.3715953917982985 0.3942423975927287 0.40738203410083773 0.40004159281735135 0.3730124243624605 0.35139569444332885 0.37428666194396615 0.38656070819786853 0.37363928053469747 0.3570963838755368 0.3548123497047144 0.31884361906453546 0.3150746464905412 0.31534735974350614 0.327504856773839 0.3590542122668131 0.34745555663885413 0.36657416048454916
0.6254654089135777 0.5957180721464722 0.6180079904868554 0.6343660881668962 0.6271888528177272 0.6379450853420475 0.6352079926522636 0.657018902481027 0.6411756954557654 0.6438699821630517 0.6195880862297419 0.5673102474122007 0.5597516787872133 0.5542701868307386 0.5285477233587381 0.5252665019874383 0.5064768972374812 0.43900119775267565 0.4330978307126408 0.4441705556828171 0.4683138533337247 0.49650995178185453 0.4692109424857492 0.4491918025456459 0.381912526214775 0.3688574162830339 0.38157766282890204 0.37121796565849957 0.38851884448214075 0.3581654713855977 0.36524353944277654 0.3413859124062048 0.38461561119949134 0.3901406591686198 0.3675682454544372 0.3292759809700689 0.3054223333563979 0.30578091637438604 0.30177596751121516 0.31381806932771106 0.3408730668657729 0.32676572780463087 0.33839369191345087
0.6095531462181144 0.615624919406114 0.6098768786954873 0.6158233639301253 0.6437232664758488 0.6217370249762505 0.6278843555199839 0.6184004183725271 0.6253225030675156 0.5966714985127793 0.6020249124119288 0.5689231354276364 0.550657619360505 0.5551782260209892 0.5409473407098319 0.4906660289347844 0.4807066295458601 0.44950291080250926 0.432609553255214 0.4563901480346046 0.4544260478599898 0.4591057094123223 0.4294581237217483 0.4036753511803263 0.37324800113570095 0.33424887136491 0.3422661645291379 0.35363876682515905 0.36590377600330587 0.34447287265507104 0.3424290423752414 0.33654012549953216 0.367943457358814 0.3404877846051594 0.3366541558120214 0.3040096008625271 0.31877832525258554 0.31951067522580917 0.32295523255189623 0.3298710974891714 0.3239526636246997 0.3171057266823134 0.33529038084953255
0.6174097539210127 0.5988122025663294 0.6146425930070775 0.6451980372290701 0.6293947017766213 0.6378735223205946 0.6376308900633042 0.5983614535003334 0.5851682459187065 0.574885211216614 0.5585452629418912 0.5470515005402279 0.5430890973898196 0.5485994556686182 0.5065495018042476 0.48529726284102237 0.4791647928756914 0.4420971246731243 0.46667609667842624 0.4688505304341809 0.45796118224205884 0.4484248087141303 0.41334439752173124 0.368014140708231 0.3602722507150528 0.328167541972836 0.3252674307129948 0.32444834911842446 0.3583119480736272 0.35291226991347946 0.35820164706698493 0.35584917216696604 0.35369950935139544 0.3346222441902986 0.3189148463778469 0.31056589807381857 0.33271500340201654 0.3472587015039911 0.31601424171399456 0.3292042210379689 0.32512408923796915 0.3149839178473145 0.334740010228957
0.6245108342084763 0.609664583722214 0.6421282092905963 0.6465060599338266 0.6513293597137924 0.6194484087557576 0.6245634231660306 0.6086333999040265 0.5768755199183424 0.5609090937804896 0.5473309423760516 0.5398340521900102 0.533984701993242 0.5128018077529765 0.4922666184476343 0.454019198672471 0.43453482159906665 0.4310678310457806 0.4465579135332084 0.44681757958778995 0.4437162345101809 0.40397002183489367 0.3777068586895781 0.38700202756859214 0.34598502871406206 0.3508331334433579 0.32727517258644667 0.31065021244063384 0.32990805502479154 0.3352633755997782 0.3603645227626259 0.3619181143803723 0.3544101872978524 0.333669100351769 0.30582834410214405 0.3204560780107351 0.33140738008368137 0.3533767176763392 0.31642583290175924 0.2954305117131974 0.29601766059132006 0.28722132855337096 0.31471430270488243
0.6276185148605962 0.6261029895942486 0.6228876363554698 0.6280951322371235 0.6356637244330445 0.6185003600262594 0.5854781241365277 0.5636735650351598 0.5401968571591272 0.5439697073868694 0.5477312909677167 0.5234055596615934 0.5044729151325558 0.5216946836991175 0.45897676455294545 0.4333445186228295 0.43644741737072507 0.4478238262217604 0.4547597865854859 0.43410033171093937 0.39414240245469223 0.38326283306576997 0.372261489479685 0.3904029555143132 0.35463587456546375 0.35300486238271367 0.3381925443794751 0.3356751006620286 0.33742288050921077 0.3385791416847446 0.3683429626363271 0.37243004381163586 0.3390335552695851 0.32719866166750095 0.302825382788142 0.3181331181628386 0.3460267760639234 0.3490204348577196 0.3341381433983424 0.32426335684038027 0.3131015444305511 0.2845787907004712 0.3050654813119128
0.6493215284993721 0.6191042607718309 0.6087795018776667 0.6302667711138247 0.620936032583346 0.6027589933343105 0.5927326024382936 0.56225784753553 0.5492705966777939 0.5290622356523382 0.5289314344626768 0.5001886451611092 0.5106331465596553 0.4743470395651417 0.44439241161406695 0.4099409236585329 0.39362422052076956 0.41045177229972757 0.42218833743984124 0.3817622535327942 0.3792123585579409 0.36400345549219504 0.3843779674323718 0.33969353483929937 0.32934895772902256 0.33653483439645854 0.3264402651600326 0.3092738901130557 0.32674007407518113 0.31905142710237067 0.3253334660148331 0.32729818064896093 0.34514493915437305 0.35759916929213775 0.33415130579688934 0.3317973900975944 0.3360220336340032 0.3427399883417631 0.3455852585185228 0.3239728947991287 0.3143936464626294 0.3138875591863724 0.2924636133406828
0.6438324123300347 0.6313798013611231 0.6324754822254506 0.6019628555722737 0.5814990101716281 0.5848254850669572 0.5458527638440883 0.525232765337153 0.5380939725941726 0.530020690178259 0.5009338999180386 0.47996980181442433 0.4714884905308801 0.43396169529627754 0.4197312532189096 0.4056961999530197 0.3877481285887506 0.3667020575919657 0.36363829464521386 0.3708081334723517 0.3756463172875155 0.35814660498165135 0.36844230176686055 0.33684056323358985 0.31799929025971635 0.2987038107912785 0.3031318495245802 0.32221628354678195 0.32275056142050507 0.31325223480527326 0.33492768049578864 0.34194848772612757 0.34619698844424923 0.3428895510058163 0.33082448408130355 0.3048747045511324 0.32484345506370965 0.3070164737396869 0.31694608202691993 0.3365902685704728 0.3144210497265884 0.3041991682961983 0.3292115472074156
0.5987199071918948 0.6203968055575018 0.6166426388186592 0.6036455373250075 0.5720728665934863 0.5680688477265 0.5387933105866577 0.5103518514362088 0.5177912287295919 0.4756759177274694 0.4432029351338232 0.44494471535567365 0.43711140853158026 0.4354163199944812 0.39997908515604824 0.4066823388654254 0.3823568884878578 0.3674768809037626 0.3712354283421815 0.37399118595003045 0.3640806448825207 0.34861058734042444 0.3660804460654164 0.33133079734672216 0.304036447450093 0.30221740195038393 0.3235495721669581 0.3435187807620064 0.3379428468289004 0.3108230491250891 0.32844087733936717 0.3280551127953227 0.3431916924148125 0.3272008569027947 0.3080023698562392 0.3039108628190901 0.32186132244960197 0.3203132681296029 0.32224601906961514 0.3411820810217734 0.33338251006345776 0.32569423793708613 0.3245507757774577
0.5884226517626997 0.6186193490580661 0.5936729073455252 0.5469573201469072 0.5449035748068922 0.5710237464924024 0.5499903450597141 0.5360151703674609 0.4872320052164199 0.4397788671163141 0.41478301192390404 0.4058321076067328 0.4322206864347394 0.44741327193194325 0.4077356861937932 0.38254624127104003 0.36119386247426594 0.32599265060069366 0.33409283130567824 0.34827275094809407 0.33172150900183994 0.356818990780139 0.34686647260908643 0.35248795733203653 0.3093599823466775 0.288113804679212 0.29697270741294945 0.30935437682294886 0.31500161397444004 0.3228337723080523 0.3137360373622338 0.32260303430235565 0.3411134482932123 0.3318721100707602 0.31641778722967945 0.32874061831095697 0.31421819525055256 0.2887117819289951 0.2821929540637607 0.30873804591566806 0.32320001254508796 0.3221848176419839 0.3056794504311081
0.5606620204336845 0.5820409404712115 0.5569680070087962 0.5572827196931657 0.5524694288035901 0.5489774438961369 0.5399003179631412 0.4936310557484985 0.4713870946456067 0.41674180159298824 0.4002911891006213 0.38287141873467384 0.3819847329620219 0.3744224832052456 0.38850127039911614 0.3819294547001928 0.3538032161289015 0.33640913509135567 0.3202561759194524 0.3016227262921323 0.3297017707740326 0.31725435795426543 0.3286486608299688 0.34691017953607084 0.3234611632014242 0.32041875173071793 0.3020688981061362 0.33597525075930906 0.32886777981722554 0.3335103432907612 0.32740706277852466 0.30185020417931757 0.28849118279703867 0.28591777114710865 0.30728947289525765 0.2997854634882764 0.3118798854119643 0.30309512350337986 0.26862776794699 0.27488688102423137 0.3207700964914237 0.3002702688365466 0.3217641858359794
0.5324615385472872 0.566783371866505 0.5459512807874054 0.5179624780325954 0.5242270067329305 0.5016007669347693 0.501685297839799 0.47411218488505835 0.4532829387010617 0.38766324493979676 0.37568127672583257 0.39770221099765224 0.38453316701255563 0.35469661741045805 0.3443324797010483 0.3534386888137555 0.34121673673668595 0.3281705811439359 0.29016362983496996 0.27458997704507654 0.3085689645462627 0.30014117201734003 0.3003128762715189 0.3366003090052754 0.30504958534443094 0.2857442894578539 0.31529600277161685 0.3228819346192939 0.3249300015554573 0.3276078230906499 0.3021159984657571 0.3159985890017418 0.2924121430308175 0.26143296250838016 0.27176581757735563 0.2867241558347582 0.269211712278257 0.2720234662534995 0.24348606005940165 0.26394032576111215 0.27330348984230074 0.31262908079922835 0.2907890943470978
0.5109569513825727 0.5059202544033549 0.5113202122768595 0.5092330088624976 0.4903123719731163 0.46993707318523426 0.4821387849741544 0.4520750048292604 0.4333860936255606 0.41195006754527286 0.3915929365790539 0.3595397756576482 0.35440524947087665 0.3364495245725026 0.35321867920389116 0.3377949215611426 0.3148926987585493 0.2788515982933661 0.28710588203348214 0.29550496048682867 0.30094642444676223 0.29604526080481885 0.2824571051639798 0.3136807521203193 0.32687244966884105 0.3267981778032927 0.2978944369315399 0.301947580858075 0.29028533421167674 0.3109317220307687 0.2901342768449241 0.30567756532847107 0.26270847648337375 0.26627449980032936 0.24678944248766754 0.26807457684818 0.23924559179760357 0.22407117257705686 0.24930345804201418 0.2507166522933382 0.2500061146245889 0.28788529699901166 0.30055061575131703
