Raster_benchmarking/Raster/continuous/raster-355.asc
NCOLS 100
NROWS 100
XLLCORNER 1743159.4029824326
YLLCORNER 5469280.52758977
CELLSIZE 10
NODATA_VALUE -9999
[rows 76 to 94 of 100, columns 43 to 85 of 100]
0.20838923699635728 0.20378283871902667 0.2025879456465982 0.20079077230810854 0.29182112979446434 0.2900056752648057 0.32494902178698837 0.30008256840352726 0.34335380423702333 0.353861166332591 0.3463342703780119 0.3175123122705215 0.30295449551805104 0.31336621253270497 0.3611950954888109 0.3752982275547352 0.41928002875167314 0.4116602519402688 0.3619094432098419 0.34359688548212275 0.31992980525025255 0.35568915043806304 0.3687891972278263 0.39161560080518754 0.37950544275858217 0.4128230955945269 0.4259361389158341 0.429086466534151 0.4912719926325953 0.5141771106687553 0.49906192034776065 0.5563099405312958 0.6412382369994724 0.6696845083258636 0.6315677367318816 0.6928600220974758 0.734777305956212 0.7271958278709775 0.7920535439727248 0.7924934579889177 0.8243428812367635 0.7882524474606832 0.7327929981587101
0.20821596596563613 0.17172211755495947 0.16706421716116057 0.199274114644043 0.21973960035074633 0.25456499201574306 0.3008603315631815 0.3049638920177885 0.30597067855794646 0.3208727384519349 0.3084535112976231 0.3228448052799272 0.286441169309132 0.3370614889376106 0.3133033605980608 0.34140873336955035 0.36109252933690583 0.36885699835083857 0.3171261640871906 0.2890740711602392 0.2848543294317785 0.3363082406061795 0.335078504199022 0.3808581527945826 0.36406647576611956 0.4030275887792904 0.4470634087154981 0.45718712384805454 0.4953221569955505 0.5351057445514347 0.5312926424921606 0.5357354011895749 0.6153314612005237 0.6331199504563618 0.6472161226240992 0.6855921591420294 0.6911582177069198 0.7093782006945255 0.729654288123797 0.7583093877520738 0.7871320062091308 0.8009011731833553 0.791465443461074
0.15032077741632668 0.17285546414377692 0.1546581619601219 0.18179571833149066 0.21675153776633502 0.21008203325953884 0.22512891910131783 0.22426299167415864 0.22877056189715997 0.24859989509445957 0.2973240268513535 0.2977918412327837 0.2944525005013282 0.2925313165149295 0.3070624067191184 0.3507332267162153 0.3523152086172175 0.35351022863493325 0.28795955922636707 0.29524082835968596 0.25885962475026664 0.2596607226746885 0.3106032765579186 0.32743893083922837 0.34871018890978356 0.3737366260547215 0.4606829113618706 0.5110878550791924 0.541261805130332 0.5124727364989913 0.5308818504023431 0.5567097967177156 0.5938884355634473 0.6289608419654965 0.6368736169421715 0.693283147051192 0.6563283331413726 0.7037770467093756 0.7617150126865573 0.7625496574658815 0.7595446541198377 0.7618046896079473 0.7831380540188078
0.12220514752960485 0.15463534531516776 0.17320805911380127 0.20748499590638855 0.19744541740728647 0.2341797475520789 0.20342956268992626 0.19967560677689664 0.17863957291519655 0.21237804284148887 0.2687842286976355 0.25644183300088436 0.26775607991907524 0.29847808710745855 0.2939597164687044 0.31577805622082855 0.3248557742014364 0.30923728095761405 0.319235724584578 0.2943518431812777 0.23885202505146255 0.24998147881012142 0.3231388438506075 0.30910688126101427 0.344127160517927 0.3743498599396279 0.42575659473735133 0.46275603417937244 0.5105170706020561 0.5371471499103382 0.5532148219761186 0.6067388801168725 0.6216394537874355 0.6170555087335404 0.6489517364657444 0.6754748906117415 0.6775442520772191 0.7312297599514954 0.7351563563648215 0.776057389218067 0.7845464905823322 0.7372984074849475 0.7518475152841986
0.08932497193108216 0.13988291862276986 0.17564425120917224 0.17161235971172603 0.18838221150719422 0.2297494582029623 0.2088267439588855 0.1973198991246516 0.14464851272662468 0.17939402416581648 0.19116535217557995 0.24731097897350382 0.2712676104887189 0.2891300587768326 0.2949957052628182 0.3159270258445312 0.35582020613974996 0.32742763657645185 0.28936288423195244 0.2555829946143974 0.2440905054981828 0.24976034106791659 0.3024504793475664 0.2675832648681902 0.27781784320153347 0.3601111363921664 0.3939126297388109 0.474459858993258 0.5227380764024686 0.5617571820552288 0.5786650962750518 0.6264977952636741 0.6334057500875753 0.6485651161191175 0.6228294012244089 0.6433670204557256 0.6616184116405452 0.6928536945190107 0.732679810005116 0.7539004640793306 0.7732660976319241 0.7332128245752082 0.6994957006075039
0.15769563283368543 0.13610456693234194 0.16141866973782806 0.19615866397348358 0.16171500817473503 0.1711889123935572 0.17839502107193947 0.19306720309783765 0.2225127418513904 0.22682964570764277 0.21385633515291244 0.24996831342900502 0.25808568945163596 0.29767972867387954 0.2902264853568629 0.35760965114897486 0.3663933024186774 0.3170206388357501 0.3345116430297426 0.30074969686088665 0.2872464453221331 0.2744531902764032 0.2981569829880594 0.27349962148514084 0.2836325827694247 0.3397157115321481 0.3952513377967639 0.4458202961515968 0.5402377702162123 0.5534621937102846 0.5570651207171325 0.5724973105512402 0.6094088088666337 0.6309614691069853 0.6416899852545673 0.6463377937222458 0.6408085055335117 0.6618871687904063 0.6878535440423751 0.6707703407920744 0.6979730097003762 0.7139908612002502 0.7202189703540538
0.18827931660606823 0.1610613016489027 0.14117181591974515 0.17400401278905364 0.15757239884630306 0.16416126560598207 0.13960826440740146 0.1984073801892716 0.2225409999616243 0.21707144644601192 0.24813021315587044 0.2263708271384749 0.2423430445455405 0.2645415827240544 0.31081677204600816 0.3648381645661588 0.3841789669930535 0.3635090695523767 0.31483690173904993 0.25798310874821184 0.2507427141111947 0.27524697487855593 0.30011612062026444 0.2639226251615886 0.28649665600115465 0.3567327586381171 0.3789797797716186 0.47678736888316514 0.5338752633438295 0.5423863616804291 0.5656010001375975 0.5553968568281733 0.5851855824687212 0.5679709073085994 0.621455021525505 0.6100317529629281 0.6743576457679226 0.6302398266806948 0.6283825641120949 0.6611475317415875 0.6613053819994158 0.6988586160963635 0.745106813184786
0.21051863682207472 0.19547148677776197 0.17859285390289756 0.20292515789867974 0.15371016763452633 0.17362394707791556 0.17504634391781176 0.1967195613763357 0.17666338031581 0.20507264033196468 0.24769029588295866 0.24123067965800835 0.22292974328903883 0.2799994970718 0.2908250073062874 0.32201992950320746 0.3260690605260463 0.3368134805715036 0.2748948297852982 0.26655212554960817 0.2653475352606192 0.2963523397953817 0.30067978203521323 0.2867747455166957 0.2990156965945608 0.3404265310791681 0.3939935590788257 0.460257596492674 0.4889649325162582 0.5108620164499639 0.5256429660049274 0.5437566102289509 0.5471238501144073 0.5584813916423222 0.5944087230513102 0.5984959464251809 0.6595564013821507 0.6635791062453773 0.6639015725616706 0.6504479909241608 0.6456635060968087 0.6744527442156701 0.7303107455019201
0.19574429171095892 0.21624441464141608 0.1952504557105899 0.16932970894840255 0.1991959852457206 0.22023987652972832 0.1973874641534734 0.1759031485848971 0.19364897254448077 0.22029561056534167 0.21584512998360605 0.2561623058002426 0.2514933538006503 0.2650498906078728 0.28882960307675354 0.2993787308959551 0.35173855034954515 0.2899432704691085 0.2895355237483628 0.30651861104575084 0.32232213907276597 0.3329533147550407 0.3482498788214623 0.33120091090700715 0.32614724464347444 0.3487258219436025 0.4209745121350611 0.45826222083226664 0.46610544629146977 0.5257908026010586 0.551644702245858 0.5539401506804209 0.570183514475274 0.5823025432959585 0.5673191161312289 0.5962916651434789 0.5967996132486976 0.6431144022725169 0.6305059788761329 0.620979868208705 0.6413580781123793 0.7175858151100026 0.7741459099983302
0.1789763454686864 0.19365954340848582 0.18961411957381522 0.19214663650066413 0.2032459776899792 0.22666319815078134 0.23722155587113763 0.23661785115099185 0.2019486524562838 0.21387370986410076 0.2006190804400509 0.22755591016089458 0.20579116448533746 0.2582065372760889 0.25945812370010546 0.3193505171342789 0.3185724496207977 0.2678902915023993 0.29884752411057475 0.3111767190337872 0.34401762786459417 0.3529726410000031 0.37599948725048676 0.3444602399603305 0.39596210162286194 0.39133576711640217 0.44093443498673546 0.433928745800706 0.4864193099184881 0.5076169978181908 0.5269915842592553 0.566660513909988 0.5741211148462823 0.5983700955696657 0.5967017494669455 0.5923103330121736 0.5904755735698078 0.62340325535579 0.6143361288007687 0.6522079352376008 0.692252489939492 0.729034172994839 0.7472248261148478
0.15936312327489383 0.18237980465987852 0.18751371018363808 0.2412501569592451 0.28459553155263495 0.2889341283432539 0.2451062207134041 0.25129836032405667 0.22372359195208216 0.24574017746839275 0.2546392809291228 0.23942031432974936 0.20732348693189806 0.22739869726829856 0.249832661296591 0.305528068233687 0.29033267573133814 0.24670893246029396 0.23752669091004294 0.27003702022203097 0.3216253584058857 0.32397848661433504 0.35639298597999813 0.3776971359971588 0.4277734742779841 0.46756192803507185 0.45627481934639075 0.4508072521651672 0.4660063166344377 0.49453235454343764 0.4943039660536177 0.5528376199135991 0.5667446254771349 0.6071424877000442 0.6254798156066363 0.6334425029837042 0.5951340657647658 0.65076907734459 0.666498827551014 0.6820497386280837 0.6885095917661594 0.725166832558271 0.7256233651438069
0.1845519060077558 0.19667645604723608 0.24395229247913544 0.24352632649078962 0.26399319704108615 0.2962825083219352 0.26170979038922854 0.23357513566846602 0.2310842074021498 0.23227621201058388 0.22718995827471328 0.2302716849275748 0.20304844438842445 0.21204868994346462 0.22411116781990095 0.26094142208070786 0.25098127021009964 0.24907348085365918 0.27116111097889095 0.27887621576775995 0.27742826719961855 0.3139779104592956 0.362384203844157 0.39021271216677783 0.4033604251529253 0.4798919908061735 0.4573123999744995 0.4669024794062582 0.4852774207677572 0.5141523664217903 0.5027781186365097 0.5226944594152593 0.5384487410098562 0.5336985058866505 0.594581669610819 0.5969420427993201 0.6036184770613002 0.6335514574503052 0.6843363997317492 0.7182783432240567 0.7254214673763034 0.6903873297536561 0.7163460971372091
0.22967435348284998 0.18861690673140938 0.2358214264774238 0.22851986851133818 0.31750647481376 0.3273365911108385 0.29827550994801627 0.28558292968016047 0.28522414977749544 0.21707320853414971 0.1967323224115992 0.21700456986663946 0.21266844840852106 0.2285016300802099 0.22432565466017018 0.2029409879995341 0.19121699090624775 0.255022267031423 0.29813975069878107 0.30066085186876723 0.2770865707886177 0.2981045243233235 0.3729004299967221 0.3659319434678158 0.41069286409173084 0.4673788907893688 0.503890839874422 0.4659852773513297 0.4937933696967384 0.5083188431690553 0.5593564864134947 0.5501100569646878 0.5031423141468545 0.5115636217660499 0.5518727989798204 0.5873189696805365 0.6345150522355454 0.6771012045708691 0.7189193517067591 0.7151617983582578 0.7133257926301233 0.6946214508954486 0.7245532790482059
0.22357348901730162 0.1924623731556221 0.2148114596614009 0.23939453118209006 0.3018619784691558 0.30888509781092555 0.2541189549691297 0.26922363692699497 0.2793614849552666 0.2539597024961424 0.22901861157976325 0.2455258938586633 0.18571310214177142 0.18634078962694464 0.17526599655818612 0.19629886790954976 0.2209586342982083 0.26046288433145054 0.2811419122423071 0.33839061790760344 0.31906591264887396 0.3198594104738788 0.34684751619560006 0.37488486707448504 0.4189105127006752 0.4491354065145444 0.49936584763385583 0.4787564143288041 0.5341875027056078 0.55646918528603 0.5598458857023603 0.559173665750039 0.526686769369442 0.5706622573258185 0.5496937241606847 0.592839724644589 0.5956979568878424 0.6701193553171146 0.6746063841640425 0.7176780596622906 0.7066854793859662 0.7195556263558849 0.6986865813059452
0.19101441432099586 0.21119715976053063 0.20021247019252408 0.21423167935816134 0.2837599211282564 0.2540333227920412 0.23574209249088154 0.273361516999924 0.27442135508458854 0.24334068531241598 0.23305590605339865 0.23527178537571553 0.218431515701073 0.24220711964314304 0.21312498704474636 0.20961873534201533 0.21564307064286276 0.2831795720660499 0.31330673268473025 0.30596976838160167 0.3631916770714038 0.3394087416345978 0.35194371092820387 0.39968153339315027 0.47461792035572836 0.476667044500786 0.4847816456028641 0.5263378754344362 0.5461933421494205 0.5568466248563546 0.5696918296641644 0.5922560978478371 0.58137174937797 0.5520736738654791 0.5482306700815012 0.5915197382522739 0.6063651257910777 0.6384261048629697 0.653029643955059 0.6600237456396697 0.683351657541871 0.7251152699178198 0.7159096647941731
0.18703059914055922 0.17304524661574666 0.19108203636001123 0.23888548715371932 0.2164440751276653 0.21767234064976557 0.21408639767250331 0.21257685662676679 0.187290384547026 0.2070273780539323 0.25886728362668004 0.2632103755039953 0.253487401065526 0.26890060873718735 0.22771207373659197 0.22370464809608082 0.2725900249063262 0.24832616419427184 0.32091069316838633 0.318327402045155 0.32300516624306164 0.33522704219045935 0.3853321453897396 0.39470675589992743 0.4273332662354772 0.4842062059703899 0.4981610055550951 0.5326252382277199 0.5444624784804252 0.5468572234541668 0.583799182698918 0.5683200874672958 0.5660525253500541 0.5904762790606177 0.5590013672677068 0.5572923268833146 0.6096879293643668 0.593944416869824 0.6070300791232913 0.6796368896568876 0.6785428391127297 0.6643584460004329 0.6899624062896429
0.14599846834438918 0.205445573449844 0.20528009193868935 0.2266634952490387 0.2232913793745098 0.22105002890557768 0.21288527251267753 0.16986051935186067 0.1605364292815859 0.23197689408327948 0.25078052722963917 0.2895090473273374 0.29418210902858816 0.24151420534103504 0.22587937799248922 0.2350690784035086 0.2802512773595777 0.28339619417620554 0.3071208470752189 0.2972712618719818 0.32287987469605733 0.3388449400860309 0.37667207615657183 0.4149417359588275 0.46084495202696585 0.5088958238778946 0.49435998048891777 0.5541308705975633 0.5536099334885726 0.5946373920887843 0.6061850125237581 0.5814892359110317 0.5770415985673119 0.5653635795284888 0.5348939379737329 0.5771097385818856 0.5585412787958095 0.602879909025314 0.6250166883044864 0.6649900656726425 0.6730273018918448 0.6851824219125334 0.6576553579832228
0.18696207419392488 0.21129365291084595 0.19851384180600654 0.24764258886056856 0.26183161041056363 0.25846046485071816 0.24406649550732956 0.18001291144869097 0.17914819910175608 0.21781449755852814 0.22741763433427437 0.2513219061299521 0.29089207700364117 0.2750903480091373 0.2375567731906643 0.23617717322616347 0.3030629082669206 0.3183750208131156 0.3068564982924605 0.34301878167430194 0.33814483030995335 0.38656014440180103 0.3752870754330389 0.43107779918645417 0.49129863103599225 0.4965183944071194 0.48873810819320956 0.5137219082687983 0.5686097368311319 0.5811022672415112 0.5975667677869959 0.600553240154322 0.5694515611340795 0.5658146567200513 0.584145624513044 0.5815474844016468 0.5546967958602053 0.6065775485692232 0.6630748916594503 0.6640477595745158 0.668779415463391 0.6840354142736605 0.6915270673198003
0.1555493844921009 0.15432151177386974 0.2215325268172533 0.22699081903539967 0.22824652236388127 0.2661917171553484 0.24555784967441172 0.18388172864986538 0.20234564284450185 0.1929257001672674 0.19296383065341743 0.22335696856583764 0.2910799040705721 0.29408527458495276 0.24989360614239078 0.24154007083726786 0.2642809995370979 0.3563147247552598 0.3809959701188228 0.3952085315008587 0.4165368748133607 0.4166921350432674 0.41678967467126016 0.4946071334640338 0.524245477477972 0.4920775770795422 0.521651770986821 0.526013213688776 0.5282524167196609 0.5763002696337017 0.6190336886605783 0.6043398156473047 0.6278657880278014 0.5683817770971387 0.5567279828197277 0.6026016147282149 0.5612790018102898 0.6156956247622072 0.6769696952187062 0.6954579061368408 0.7196058252684319 0.6830103420163165 0.7156150555972963
