Raster_benchmarking/Raster/continuous/raster-110.asc
NCOLS 100
NROWS 100
XLLCORNER 1743167.331117552
YLLCORNER 5469289.970642976
CELLSIZE 10
NODATA_VALUE -9999
[rows 0 to 18 of 100, columns 0 to 42 of 100]
0.5280786393086949 0.5771858076862972 0.6022265888992644 0.6582579846025662 0.7062842094595784 0.7138558865574754 0.6739493831366495 0.6962724965496696 0.6619500125336216 0.7221823233168386 0.701808801426291 0.734607763196613 0.653875588098627 0.6154318494110814 0.5988817235206692 0.6008935317110762 0.5002256750825197 0.4357086974393091 0.39010078441343643 0.2879863737882513 0.278380632480524 0.24837459979638096 0.22380041601387446 0.2704446435510783 0.2541358385134243 0.264624539110362 0.31155900147973 0.297276373231962 0.3040502590726248 0.3238767065546815 0.24524732276512726 0.19276716433624147 0.22426203544536394 0.23382132767198677 0.15801720226301832 0.12180643918407964 0.10543293456818492 0.0704951404262812 0.09249723221729306 0.040277271071654436 0.08001499109937586 0.11092020615748624 0.11072228015351475
0.5093904945422788 0.5478565263108839 0.6043450641394157 0.6812195914341992 0.6985724448642755 0.667309222849376 0.6495206564513212 0.6592769111522865 0.6553323771263844 0.6764585113032797 0.6669106333538655 0.7153931028337794 0.6557844611980106 0.6418609838228287 0.570867275695273 0.5192558341657866 0.4758566492716307 0.40544844184557804 0.33834871863045823 0.2772560360679931 0.289052474297373 0.26167359940483054 0.2369006195408043 0.2838710657824977 0.2543705684441118 0.2623045287129725 0.3216511745452895 0.3729959699623371 0.3792454751365876 0.31786093462472625 0.2829895502895319 0.24708034900658266 0.21494672336410106 0.21446955555476777 0.20719234558162108 0.15727600105545647 0.0927954103392731 0.056400180901852864 0.10281336909763863 0.10233625046936334 0.11799817473355688 0.11379967935349562 0.10103052329473063
0.562188487264208 0.578640183370766 0.6058281206615653 0.6893508713731642 0.6770014978578696 0.6738168781648814 0.6626449340243789 0.6571721565940185 0.6517707446878488 0.6549427552664827 0.6396818209506394 0.6676462192209093 0.6179536637419792 0.628769636416165 0.6042734343160812 0.5286700115192783 0.46791091961966746 0.3842410432030118 0.3169063536670742 0.24547373358190544 0.22514633144209506 0.23904453541171322 0.2654104929017561 0.2810647151739506 0.283836247633472 0.31483293231416104 0.3165421083435268 0.3880096678562287 0.392846847932908 0.37268450117299884 0.3486975784717498 0.28896556220453473 0.2991905142339842 0.25052075837931054 0.17926445959111736 0.15914243446969126 0.1311100036702584 0.1029653790284962 0.11893462294316963 0.10713470104992745 0.132496828745477 0.16864020854764866 0.1336559251845146
0.5535931564745236 0.6149273415967023 0.6320438753469967 0.7054195336566372 0.7019896717604263 0.6633861802066336 0.6786716819130306 0.7282127356779712 0.721572683104379 0.6733401381205419 0.662386088797642 0.6888222107397536 0.6276259653372563 0.6312037193004295 0.579494589730223 0.5123250688575224 0.40537923813338483 0.3597243210813429 0.3307696473837119 0.3074446128016766 0.24843944264340231 0.25609240796932164 0.27563092511918125 0.3233013423560663 0.3130721133406249 0.3848204283014456 0.3678140070179107 0.36698218093151974 0.3560180826160137 0.3444131565497804 0.3087343759937574 0.28700239585461707 0.3155516194838766 0.31321200868513893 0.23916323599985403 0.198932165707182 0.16534108390781319 0.13463306095846275 0.16709548177322678 0.1796061101687754 0.15677908662694112 0.1487026853169765 0.15990027614285962
0.5878116616171913 0.5734437411252892 0.6503893416405512 0.7208119126672463 0.684376768606991 0.6875521265012872 0.6586639642136309 0.713407768851659 0.7044035369659096 0.7336683140450844 0.7337260783479603 0.717485772227554 0.6765724030944654 0.5756422285743175 0.5218389135472634 0.46150829752354205 0.4517332299051224 0.35566247764398345 0.3334518226546344 0.2691574869848493 0.2895108551130122 0.2678229957173367 0.30300105035912994 0.3072554098175898 0.33826768433251636 0.4021646300157765 0.3920039684610997 0.41419101624705534 0.37876395600243723 0.31836048273236556 0.30088539626107963 0.3614119715433592 0.36735030070906516 0.36791857440073134 0.291876189471637 0.2493222051545859 0.2395596591098874 0.16507292686315841 0.1822644560865463 0.18195403979131133 0.135004557950087 0.14577529874172082 0.18188869011866887
0.5839084696306808 0.6171336004358627 0.6450683481087932 0.6475345314845303 0.6287708887671268 0.617188344398905 0.6515668601507196 0.6846783625438629 0.7022885920044907 0.6979113735173507 0.7257565557259241 0.7091923119755422 0.6494531858102879 0.6352541000748151 0.6003911200273763 0.5444683789911321 0.46692203167950985 0.4074786568500491 0.39692132860764195 0.3803344366780738 0.324182398200623 0.2853941115722836 0.3259843025484659 0.3571028744932482 0.41604959305600003 0.39050620367448274 0.3977580712045212 0.3726857280400242 0.39920436658425235 0.3526539840300851 0.29889184045278294 0.31431867525465057 0.3696034911235682 0.3626002984083487 0.2944826827576352 0.2794177778616718 0.24986317521447896 0.23543995809986903 0.22180637549889007 0.24736373990130137 0.19445751460549354 0.1813382427224175 0.1749256479047747
0.5753915391606924 0.6189654205759697 0.5884228365030021 0.5931592690581422 0.6596078276126814 0.6434039093135964 0.6490631633902184 0.6474365957299177 0.6825982073399068 0.6888381684045658 0.6809301181655438 0.6752460752886844 0.6730061380131175 0.6864389145932671 0.6554697365985503 0.6094115373754374 0.5346590593484375 0.4650147234060291 0.40501755782453847 0.3877534216959484 0.3789495865964235 0.36358996117521797 0.41142311120948144 0.42545756833771925 0.42012814259889175 0.45536244187606895 0.4008477064039641 0.40344154347404715 0.4214174596957393 0.3405593976782094 0.35039341109896194 0.31076461030861746 0.3864008555864764 0.3989335925618001 0.33091736121490223 0.2988540628312353 0.28775580280730517 0.26385009178595514 0.23052474088679356 0.2674059036129701 0.19566013718561426 0.1890055054286745 0.17274010402371753
0.5628728409058619 0.5855702357307925 0.5919506084764666 0.6273779913097708 0.6454037874587774 0.6558342808007966 0.6170913293751966 0.6400747502730295 0.7008581699733388 0.6776413182283613 0.671212734137727 0.7209096875400215 0.6983250423851423 0.6776047182106021 0.6598675943139657 0.6123068777667907 0.5430723903110253 0.49420390360324695 0.4288680805053158 0.3610050308284338 0.36948614130319724 0.38915830294605736 0.4117745822209822 0.4318764459000801 0.4829049894556218 0.48945101731525625 0.4625568043498966 0.4633192194872938 0.4249528767226576 0.4249728716456595 0.3521843432382219 0.3567504336794114 0.3726898962850335 0.3618977881429127 0.3688944332211851 0.35736541009523265 0.3227177108778701 0.3135441794292999 0.31176783469946967 0.2754840703030342 0.2258437137057955 0.17341546478756228 0.11231682867238978
0.5314886765180367 0.5681269435032402 0.6099178276524678 0.6188206191817116 0.6196389657422434 0.6013752894327954 0.6688986650309412 0.6729561373160364 0.6939138722270372 0.6741605620559804 0.6564987395153947 0.7225576396341806 0.6870139019050125 0.729429846823374 0.696485958243924 0.6297520276141034 0.5278154111579569 0.5010451186354793 0.47780819432673044 0.39212075516155664 0.41689085278607607 0.42942971219730935 0.41773577109203586 0.4756745618161508 0.5162597805167319 0.5050731486614574 0.4612400456930572 0.4440177996717977 0.4788007740156072 0.4476669390606604 0.4054892388568246 0.3584696989004209 0.3972158793783759 0.4185767374078955 0.37896700797132 0.4289294078625662 0.34436211872727923 0.37431520843688265 0.28901966503346416 0.26556305637990857 0.23601396703120284 0.17253223363948114 0.1097869372957144
0.5647955844731699 0.59850067422451 0.5758776371307458 0.6226197504569132 0.5983762781194467 0.6163656068977164 0.6415605363739851 0.6779106318707893 0.6573095072009997 0.6845860469658074 0.675021416946445 0.700815218483466 0.7037239046267961 0.7492878808578134 0.7056439871704765 0.6338053019589248 0.5549597836488473 0.5458982273832037 0.48518453492205427 0.4198951396449781 0.39401976732735705 0.4109036297210076 0.4644163886703811 0.5270177456489274 0.5252893133548178 0.5529206775684519 0.5120218649427138 0.5180300583349414 0.5054472528040067 0.4414911680162571 0.4101537410616166 0.42386609838620665 0.4237919185789332 0.40700048600347283 0.43208225871475686 0.43101968521533746 0.370820378743433 0.375289026602492 0.3458185840755222 0.23084842876694925 0.17862537535232453 0.20509873301718337 0.15226383558428577
0.6174885489490308 0.6062951405352377 0.5847692028028058 0.5835248009034197 0.6234770695615068 0.6354949195078053 0.6242825461588737 0.618646601858554 0.6909270115823957 0.6927753025053975 0.6797675119531141 0.7505836909404552 0.7185741053734164 0.7206460305341164 0.7173518179830958 0.634101914820525 0.625603568121325 0.5604934522250254 0.5130976323669404 0.4196664633298056 0.4536463838399979 0.4667829796994628 0.4742568955283068 0.5079359169465314 0.5571243817331453 0.5557660834698931 0.5141845879415962 0.5601292072628204 0.5353176569609314 0.5018963245531127 0.4469430130708194 0.46600571060159174 0.3975915407787161 0.3919720828087641 0.44712633736122653 0.39879118880976927 0.3663711105448312 0.3707197632468541 0.2919301834351092 0.23962559978185458 0.20659095724137944 0.1769408217093846 0.21456397044519507
0.5885998681808603 0.5710282220535725 0.5797106483825768 0.6335855894855832 0.6363364713857288 0.6562474295292029 0.6338988563829575 0.6819854913572105 0.7084543652024096 0.7058999349480687 0.6814211094773421 0.6766635880019298 0.723463673662159 0.7299842102625675 0.710481534733415 0.669627242579956 0.6142242642391061 0.567183903274011 0.5046823098020172 0.42988123495830943 0.4610255622899316 0.4717290985749087 0.49671141464814655 0.5247091423822969 0.5344723998642562 0.5493643726538675 0.55885165964255 0.5222404829851044 0.5333185291731121 0.4883817300593566 0.5248494249389418 0.5048544568553686 0.4372537851757894 0.4130545670454462 0.4365436598602584 0.40946936713528664 0.38538235911331936 0.38032834862349857 0.321239927897163 0.250517843717534 0.22657231158467098 0.19673495759541787 0.2113775716803463
0.5501861989538298 0.6297589799784602 0.5770519327537078 0.6001460873604744 0.5955482345092287 0.5953559119874186 0.6177101035590425 0.6962774369399108 0.6886597148254905 0.6947390533396705 0.6629418973874356 0.6718214730477825 0.6785983933155387 0.721912461676042 0.7106419151208465 0.6275085376813845 0.6151009522277925 0.5168991082646889 0.5001846968972259 0.4608109886505411 0.5407409862321753 0.5604755870552018 0.5408403101665032 0.5433279518570429 0.5230181157801337 0.516763572141359 0.5641915342570447 0.5431667016129709 0.5353189877127474 0.4691216303330665 0.5309002347377918 0.5213862995191177 0.5087570160541495 0.5071174712491162 0.4482545051501869 0.47188529265480034 0.4117593524937968 0.35106225055359924 0.3437696382135763 0.2990825835580617 0.24389437262287772 0.2309385576488614 0.17604428688183288
0.5724892524129004 0.5919553458800124 0.5786428704014029 0.5903917834922521 0.5772091426817879 0.5887922285476408 0.6263795742668903 0.651392889495311 0.6698420331932647 0.6156168608510727 0.6219050756692154 0.6508046618218324 0.6934534513694662 0.6893151580624725 0.6706778295275378 0.5790404367569482 0.5776683933697162 0.5126690065068129 0.5042783923564655 0.5474255420326395 0.5676910245702662 0.5725383422681168 0.5473931608039536 0.5665729050812864 0.5729037753231229 0.5540721939265598 0.532304529763639 0.5445044999131734 0.5185475065225422 0.49804037217211217 0.4788226894943902 0.4473467936025126 0.43542120152099606 0.4477922332523399 0.43124078735085686 0.47126252415404785 0.4254097797065319 0.40762525582161835 0.31533723618543574 0.271459956902506 0.27931811735178014 0.23254222998264795 0.20761225910412962
0.6102082791332042 0.597497601705357 0.5724141962096605 0.5354913851765769 0.6005127210845626 0.6076000168720167 0.6466946254400452 0.6443964145906897 0.5996735893500161 0.6043075247306873 0.584648132123952 0.608798162111567 0.6220373022155159 0.6399971242930714 0.6143895541535267 0.58149629053162 0.5560388153188427 0.5403472325803269 0.5397524996876668 0.5639018905427537 0.5580420682100851 0.5760525024863077 0.5414186640662708 0.5119326229681574 0.5563716018461445 0.585746867238994 0.5595754162289052 0.5512268797959252 0.5244050222201382 0.47852273788653715 0.4364525246603145 0.40465152405824845 0.40540320537133606 0.4074391500029622 0.4216004099082024 0.44867175327959824 0.406458218462577 0.40643745723106683 0.35270171644461484 0.2935410007637664 0.3064856252378264 0.26427862593278734 0.24275477017992406
0.6189547428688883 0.5754462756818994 0.558111835044111 0.5755413380406809 0.5808793991307868 0.5634781363172966 0.5922991873121178 0.6114233416438052 0.609244178401702 0.6307619441893133 0.5970149790471858 0.6012230386261089 0.6412524438672307 0.6411200679608444 0.5923863983721012 0.5952524025736046 0.5819178837071711 0.5774725226816639 0.5708256092383377 0.5766096747418656 0.588196114817848 0.5496573067457051 0.5163017543657442 0.548694231109981 0.5747320090056467 0.6268030682303547 0.622758458849548 0.6082606779338262 0.5253537773255239 0.5104132395653798 0.4648901017299972 0.42214264635215976 0.4353562843420015 0.42209542959889434 0.3492067469970243 0.35227576263948107 0.41082171023402914 0.41511362495859955 0.33687328398214866 0.32069168181938057 0.3140541361754355 0.2658308258311619 0.19648428796799902
0.5853828190787345 0.5871006777356758 0.5495007599137789 0.5240012692573423 0.5493287060242485 0.5799682217928163 0.6177884669952369 0.657666385008856 0.6602195689461137 0.6681462940902864 0.6020010938520619 0.6021696345113537 0.6235366962204028 0.6129165936925749 0.577682776360726 0.5891697944831972 0.6077981618565809 0.6527965857082279 0.6267470430581196 0.6360478921742798 0.6497519194125596 0.5880319356728146 0.5695757974044161 0.5195663681034943 0.5972560410632526 0.6270526578536487 0.6031556262717871 0.6171607018900239 0.5805093424171812 0.5264507526273454 0.4903666666978913 0.45264793345950827 0.4573659872906581 0.3698509683821382 0.3159840957092245 0.3098214983913598 0.39619329027991934 0.3827588788655565 0.3434497529991066 0.3299551713639512 0.2575171152902855 0.22727056784615784 0.20945157699953953
0.5638399253738438 0.5810201645315816 0.6174135235222457 0.6308617565228085 0.613735634143907 0.6177645316103616 0.6044368537961247 0.6027918185803968 0.6046122276800822 0.6368825872510201 0.6165756864166585 0.6114025826612955 0.6117625575560793 0.6195571780463268 0.6260199614200078 0.6008777560766959 0.6043726144968171 0.6289473697458805 0.6743943586386545 0.6947072664263173 0.6483527591815276 0.6431055177894953 0.5986669113319443 0.6120057204659167 0.6085096156823536 0.5988119359360798 0.6273752102603493 0.6259926540011382 0.6081760271529104 0.542245676969579 0.5315972149926487 0.5169616952781695 0.4618936348728493 0.4149478095444847 0.3633896692238645 0.3711375104630589 0.3717840260664514 0.32100205647501195 0.30991593967536335 0.27133440850734325 0.2601628298942383 0.22841770743059306 0.24267957031821047
0.5490528186669577 0.6388868392684764 0.620002658127328 0.671780087737373 0.6686959680645901 0.6466315751732723 0.6101223123981535 0.5605422751457445 0.5689227340795302 0.5905449767806006 0.6105541491594837 0.5758744498005464 0.5854603686624421 0.558688870316362 0.6144312777703426 0.6051424751917508 0.581378708295847 0.6419932167360177 0.6308736979628364 0.6822206987168192 0.6569051806452514 0.6555104256110733 0.6274250397217505 0.6771070027967827 0.6487843155879007 0.6433838390806628 0.6255133772746717 0.6069429129668837 0.6163705871018892 0.6335591179115193 0.5453944361093498 0.5224786795674823 0.4797323593944342 0.4652958944181079 0.47841684118801886 0.4385115415643548 0.35284698655752506 0.31232937498781993 0.33746957091534774 0.2920118421895186 0.26497237758439784 0.3015323583998554 0.2538347195047087
