Raster_benchmarking/Raster/continuous/raster-376.asc
NCOLS 100
NROWS 100
XLLCORNER 1743149.5890659387
YLLCORNER 5469294.719501555
CELLSIZE 10
NODATA_VALUE -9999
[rows 57 to 75 of 100, columns 0 to 42 of 100]
0.6232907629014011 0.6653959499519589 0.6930408120975041 0.7154643280149109 0.7090166503208043 0.7239073448282235 0.7059400613527647 0.6763585430345883 0.6728995936101327 0.7309826614678528 0.7445943776070327 0.7761441679142232 0.8002129103055011 0.7628122438892597 0.7824985041940535 0.7884569613804558 0.8276889910311619 0.8186407934650637 0.8227981520708939 0.7823145428885879 0.7704366768832875 0.7597080804988537 0.7440896544430771 0.7492759150673138 0.7800093588635525 0.7951108691881179 0.782247386325647 0.8183408482610319 0.8075081661742447 0.8118670080509536 0.7750523017564053 0.7625115582921134 0.7511952997067977 0.7327622115420138 0.7701837017428282 0.7543191860124501 0.7300122863759271 0.6906535578903494 0.6549395311314036 0.6459292571520785 0.6237715069826271 0.5909211601808919 0.5269894551026908
0.6669589385228126 0.6477543694708814 0.6811281025637708 0.694077804814804 0.6746919402829514 0.6986009046835706 0.7032602779513443 0.6961641315114615 0.6770757275812054 0.7156089057762108 0.7616009153605867 0.7988733308173365 0.7837252975852215 0.7887512117711148 0.7934822754723779 0.7897142405791775 0.809466965996687 0.7927880104420241 0.7780412726004634 0.8067359734648357 0.7672120073019166 0.762820772108038 0.7782405659750317 0.7559782099842641 0.795790282076297 0.8089538991548405 0.8025819173976094 0.7676811481452094 0.7817010050672087 0.7863157872377111 0.820386552337418 0.7732841466092256 0.7566485473774495 0.7342512443982399 0.7416559950088107 0.7243729163553537 0.7123603182813114 0.7055066935744889 0.6733485772559789 0.6229300597727778 0.6257527074680598 0.5712945653690616 0.5326215378042116
0.6679118002388122 0.6682057795007008 0.6650184300351164 0.6880465239616063 0.6974989299991057 0.6752142087045528 0.6813834082067575 0.6894638389426322 0.7173970794421867 0.7500608646937145 0.7562039933406245 0.8090106806656362 0.7934395083916794 0.7907780405202757 0.7994658574813712 0.8298675170563261 0.8296520708879407 0.8082906864641578 0.7929642235272699 0.8182437428080248 0.8195739092443395 0.8004144358143213 0.7961150821992117 0.785418529850935 0.8043269633757544 0.7917165043628654 0.7740987518405822 0.7414715749428229 0.7469293042634746 0.8015957639645733 0.7856480545619001 0.7775322890294044 0.7972985609174226 0.7663839957475649 0.7651193112788901 0.7225416561002417 0.6751992710796587 0.6628938294632275 0.6718708470859877 0.6323696263983565 0.6012734484424562 0.5877599564685423 0.5698454723696981
0.6830966948685225 0.6708188783816256 0.7064423389661879 0.6721078938107772 0.6825983681324757 0.6599896813686968 0.6644168910962173 0.7055323482331886 0.7178365490875622 0.7233730482078115 0.7794228370897017 0.798743165816856 0.8260357492468714 0.79229189025975 0.8201791344388996 0.8387166648384062 0.830264854950032 0.8483669562628979 0.862693801054726 0.8486342682644226 0.8369763171284421 0.7944519374733988 0.7601028347928878 0.7619727148334439 0.7576423484032211 0.768139020576842 0.72031176329536 0.7285682886478612 0.7558814115801552 0.7719000490819083 0.8152198238391836 0.8187981164798962 0.8098400977001836 0.7546247138980152 0.7605547142980269 0.7452686779391032 0.6928022666599828 0.6602977657580482 0.6669914561616896 0.6202918327740966 0.6041378027963757 0.5556616896966584 0.5311599889391677
0.6977409081544325 0.6972380235858773 0.6749070130921024 0.6934776265916228 0.6570962499375457 0.6416837539942315 0.648993823833805 0.6696067030923607 0.701051280849032 0.7351714675263 0.7424597410967716 0.7593159252780911 0.8047955903642291 0.7839980343343453 0.8138179293302662 0.8127579702057504 0.8199282465275853 0.8331288096592481 0.8672321591419865 0.8390742650887162 0.8022521004193358 0.8012420221224881 0.7444497293093278 0.7682288709312324 0.7567866779777941 0.7551364522249779 0.7450268100502128 0.719133942541115 0.7357510486308303 0.7841552728921899 0.7936642574777802 0.7901613018596951 0.8013043330331456 0.7697893326771876 0.7246160398862014 0.7305223538494625 0.697967852693379 0.6713828295813902 0.6590020034273477 0.6560170056884703 0.6164755414447084 0.5482406115883424 0.5160677787922597
0.7240511431013404 0.6885542697562237 0.6962140951100295 0.6817269013639461 0.639594350451496 0.6328899476822161 0.6591203811852387 0.6927901076040216 0.6994893481634453 0.7181598856817863 0.735901394173637 0.7480669672611793 0.7683185155177127 0.7865013320040668 0.7632939748693506 0.7817735292777994 0.7885416384503512 0.8410034178445988 0.8481675540167481 0.7982163961658928 0.8046742739390614 0.7583341828366881 0.7386087257487824 0.7511641187384208 0.7508135373031964 0.7101273280699635 0.7135172596077985 0.7371687069814051 0.7580615891474013 0.7784136906651108 0.7760794765151432 0.7425850624912601 0.7475758374293033 0.7503241103079055 0.730370861505605 0.6876766723545104 0.7006182725174721 0.6505278972830669 0.6657891403435956 0.6320242468802489 0.5911712212817941 0.5433867842155607 0.5501204474794984
0.7103502628784413 0.710652956054574 0.6831995280413744 0.6815871294846243 0.6578071431298059 0.6809029578166255 0.6798680911820226 0.6563385527447568 0.7058697357201158 0.7008550085226167 0.6913438391797685 0.7366093205342498 0.746568242437737 0.7730932694552513 0.804295984863654 0.7942582405693595 0.7922121997920272 0.821643741666761 0.8110831822142675 0.7747310841259706 0.7885437731798763 0.7433433096878234 0.7501131289235218 0.7210817425118313 0.7288227074258784 0.683668938975238 0.6993467102855923 0.7316126769685194 0.7438103119142312 0.7200108112512078 0.7200194277743404 0.7403909915058388 0.7463585885961168 0.7075232684285223 0.6823950979460311 0.6592403619183101 0.6607436429458179 0.6361571474966653 0.6261305477905469 0.63284347901475 0.5908889157990127 0.5650374114175003 0.5717575766199378
0.6979564915303291 0.7038024455957702 0.7034045577733644 0.6921378002268164 0.670777818153921 0.6491494324388413 0.6583685772562194 0.6372274179772279 0.6739945346041561 0.6722327295046971 0.682342948484326 0.6979554729087432 0.699823147829898 0.7681952337012972 0.8004461517713953 0.8084384482010989 0.8148932493266097 0.7792055315425571 0.7650299331971909 0.7750905616489625 0.7702405477318548 0.7237229256992028 0.708779087173575 0.7086729124294855 0.6633124893942006 0.6548443301290703 0.684595375277518 0.7210879944863663 0.7444400000537915 0.7256493568619201 0.6941292698677346 0.706208703915249 0.71544285147966 0.6657560256512602 0.6266125664060633 0.6078801514907305 0.5946329459139357 0.6180937124406732 0.6438485687741967 0.6342138221576684 0.6306595179060479 0.5955943066749015 0.5447114023955577
0.7064279937461333 0.7179610917256265 0.6958919125802515 0.676340088237867 0.6468553945623406 0.6600387231947002 0.6616543641052671 0.6389005344495244 0.6740938448124602 0.6889935108563667 0.694574329818078 0.7075559881974247 0.6950460848396811 0.748409675777666 0.7976701637420182 0.7995448835008607 0.7680429055351022 0.7936517411095595 0.761158375824672 0.75298658316224 0.7366457744979211 0.7005244548753253 0.6639179341655043 0.6512292771342348 0.6315461067651048 0.6583914754002007 0.652707622727384 0.6664429669359809 0.6751919103377372 0.6944798650308064 0.6803869068077141 0.6972675851940182 0.6808424980772632 0.631767129203717 0.6274681898004012 0.5939561612378129 0.6006511885236683 0.6178211579048596 0.6263357106655814 0.615330674369434 0.6182805153272996 0.6096168956748701 0.5731202690255586
0.7046278247985709 0.716950044659037 0.7011844186132908 0.6669512688129289 0.6410197943989853 0.6356790593742353 0.6354811993489646 0.6538922296578076 0.6561372834421236 0.6774026475557674 0.7112215882839154 0.7314795129917968 0.7149901764460763 0.7546168931027096 0.7654489909775747 0.7770853787682441 0.7509331122862077 0.7523395767511363 0.7651120249895014 0.7199374591880479 0.7262380385333119 0.7040102025943684 0.6776597868174628 0.6354055123693414 0.621386622789487 0.6166601671388752 0.6609156394325587 0.6752293613572465 0.6618404114750164 0.6768381773417748 0.6547718300203796 0.6444629994387513 0.6533890765073661 0.6400019126279787 0.6202224957154784 0.6112581387232883 0.6161520431804113 0.6095362461151433 0.5486375644567929 0.5928226641584137 0.6020147637644657 0.5858783578334481 0.5797280856097113
0.7230056080451711 0.7070507430140122 0.7189636500118362 0.6836154118862485 0.6543787083283744 0.6499108644261854 0.6654391730996776 0.6661759169528524 0.6815622406783934 0.6939187191072022 0.7178508841395097 0.7115661589852093 0.6962565891202704 0.7130471357185366 0.7625549315220447 0.7382127687363788 0.7672424937922809 0.7513116541466873 0.7127267077147041 0.6974783811010118 0.7145534462332566 0.6919042926893523 0.6795986077771341 0.655037973455464 0.6116502722036778 0.6135521055482874 0.629653063082699 0.656789343390521 0.6560235316732709 0.668004847263891 0.6652788435930465 0.6169719640477188 0.6077517167792886 0.5979867078801819 0.5776782631677666 0.5882329038095342 0.585904822971719 0.5838286678361714 0.5769098145955033 0.5655765668360004 0.5659881311651112 0.5944710748477883 0.5564431906078722
0.7474647965069744 0.7315197989466441 0.688859844214912 0.6779186588040247 0.6726019846943876 0.6569960671155176 0.6962550402598945 0.6677261520862853 0.6745021756869227 0.6922034628070166 0.6911383638040841 0.6801494965041606 0.6730317416943538 0.7323047098767763 0.7540286137255645 0.736478244709551 0.755876658774181 0.7476700442491069 0.6943333685610754 0.6739040021711278 0.6790549185042668 0.6784714213284396 0.6632060765077019 0.6406853119300455 0.6208042388020297 0.6343512563186515 0.637267349273273 0.6541040674911296 0.6460452511754146 0.6405206291052034 0.6376085925568894 0.595940938137533 0.5891194131556349 0.5776726087149575 0.5921450083999157 0.5669034047713261 0.5578613975208984 0.5539747720166353 0.5258336231301068 0.5539062723111438 0.565943772043563 0.5453800545140617 0.555771250578925
0.7436705192403845 0.7593700209279866 0.7161097508674744 0.7261627254479248 0.7118302559362831 0.7009732244463573 0.7238522058378555 0.7222646087308744 0.6986290852851652 0.676134020195563 0.6536277312544647 0.6550050923553737 0.6800698418026713 0.7310668991832866 0.7410241353128096 0.7629905045501951 0.7641122880609217 0.718051395082304 0.692765076191665 0.6980115591153554 0.6969533633589222 0.676218411720534 0.6650114124120434 0.65575239890259 0.620449639908323 0.6059444098981867 0.6244592005626277 0.612219082433153 0.6030574751499891 0.594338406039796 0.6158418194102216 0.6148893952599553 0.5894682000646778 0.557950561590881 0.5401579240037973 0.5517537343243202 0.5374962103156271 0.5410461324905405 0.551952649323874 0.5251833320188263 0.5572852252256385 0.5501856049491051 0.5227826499086836
0.7717767334972787 0.7467462927795927 0.7558343966592281 0.7342688039548301 0.7052438579486358 0.7182951517417014 0.7438393429343495 0.721793735972108 0.7262393083570436 0.6988302823008893 0.6531469021529077 0.6566390793874032 0.678082168616608 0.7197748289050341 0.7444071969582075 0.7438400788290418 0.7421167411782771 0.7142106797260197 0.6987236177635714 0.6679320529169629 0.6601641214731858 0.6684044091446405 0.6347029586208253 0.6415536825193295 0.633760858380161 0.5899378665933473 0.598656040663981 0.5983639743672492 0.5901940583427167 0.5922624689124808 0.580902243030304 0.5874255965913768 0.5811542354303256 0.5577059458995172 0.5263098304668596 0.5500618965365364 0.5306667679132911 0.5536992629010031 0.5437709758779572 0.5387499817670677 0.5270051530861526 0.5222786937524126 0.5455821486624759
0.7694102516846546 0.7545217321061981 0.7677474024557827 0.737502782779175 0.7652530403201949 0.7599402417031093 0.7484457166895568 0.7181069240156918 0.7010227681045599 0.7300709598239243 0.7153123216767563 0.7007745234471839 0.7059779848648352 0.7077374395139274 0.7523815670714218 0.7675162538504549 0.735778912977532 0.7110205107918396 0.7281991396191408 0.6920456762216153 0.6742821867083706 0.6502616469261228 0.6490927305597031 0.6222441461218515 0.6349489839839062 0.5958964869282495 0.5696777985259521 0.5395129012862064 0.5341143709396129 0.5490050699191429 0.5483647814706958 0.5672709288621731 0.5780157087581602 0.5498398995362015 0.5515415859978668 0.5340137562735462 0.5105874783609448 0.5315921748287418 0.530185018348513 0.5272949088000811 0.5090049673948306 0.4975233148451026 0.4850021912720422
0.7810386407560427 0.7661839670002326 0.7768980439425112 0.7727889837945143 0.8071703958973908 0.7499996141301531 0.7325707816658936 0.7288302918149869 0.7151101626179388 0.7575259860568947 0.7373057680077524 0.7210809533410308 0.6740614273329688 0.7388891549233917 0.7587925844762805 0.7553068725258881 0.7555616164806859 0.7116986268926707 0.7346876468004061 0.7127932451767446 0.6744475734005604 0.6723039055141647 0.6616039777665941 0.6172799799136608 0.5945536599077925 0.5735258626893043 0.5342537323167784 0.5376640680450505 0.526174152097657 0.5561378035081402 0.5875870669567709 0.5662767779954695 0.5841739086673264 0.5620926897650113 0.5934944618004844 0.5430690406531768 0.5213470392410257 0.5112039744497501 0.5013433252649182 0.5343453272324585 0.4954040079911897 0.47054591315287403 0.4693526303432153
0.7727044575670527 0.7754311165570376 0.7914727047487947 0.7968250807998013 0.8102503724983302 0.7737650158290393 0.7807657689521553 0.7583453492265012 0.7388477198838009 0.7562320785154443 0.7651259070170218 0.7293067851343856 0.7505697411925965 0.7705551741059319 0.7595104595781572 0.7683755910054325 0.7331065380847175 0.7192143868859754 0.7519540287835517 0.72024383312078 0.6891369857790742 0.6791391746130727 0.6398377523656931 0.6309308905688152 0.6084641171339711 0.5716771425831345 0.559878173138217 0.5133564667724317 0.5491806954984861 0.5424960736746429 0.594118985345145 0.6091227308099171 0.5921794739060571 0.6051349575270655 0.6089691030298029 0.5760006191339019 0.5326437333374084 0.5335286756189898 0.5375070684741873 0.5243411496218705 0.5047653943794124 0.46104952877311645 0.46119763267932234
0.7918116313010198 0.793423879702649 0.7847565986304166 0.7874721399663425 0.8161932752394608 0.8135782474977578 0.8021439938488261 0.7705164439243318 0.7560703692855265 0.7508780203315187 0.7731794451939732 0.7698924774192616 0.7760619610940291 0.7557598265786343 0.7812006637723182 0.7373246597338972 0.7380115087817871 0.7228961280550781 0.7423882344012415 0.7073972174303605 0.6841043014618786 0.6637277414794445 0.6336769794709682 0.6354830326057681 0.5988137204624322 0.5657900665732236 0.5369614826138178 0.5453062898614743 0.5500245086993085 0.5553121080484233 0.6018729426928309 0.5853035929939591 0.5672670154951948 0.6107720541219364 0.6013799114181616 0.6052447486435358 0.5825995664897617 0.541299602504776 0.5414345932677742 0.532982521411174 0.5105091426823724 0.4983408086965326 0.4642288678313428
0.7934157380205767 0.8170344317813725 0.8088867833357596 0.8045225870525671 0.8382337657830097 0.8371950035152673 0.7898619938452751 0.7725536048927328 0.7732165612077749 0.7870156953619788 0.7662913155326232 0.7969500057053672 0.7656092358926601 0.7645630753088288 0.7484302352307274 0.7499287104022704 0.7444389000180628 0.7542289899113732 0.7599985895490421 0.7412447968361202 0.7090776271427011 0.6907738255396939 0.6603131325392209 0.6099462166102871 0.5981174749340653 0.5632753519740703 0.5648938059327117 0.5393662767426035 0.5767767102294813 0.5737905828653704 0.5818364982532329 0.5767294785652641 0.5740017261021628 0.609837679933592 0.5837441267854934 0.6004897461767553 0.5610180664378671 0.5516528499985527 0.5388880769742527 0.5404417592530867 0.5090723232695497 0.49418550124141225 0.4914124225327169
