Raster_benchmarking/Raster/continuous/raster-438.asc
NCOLS 100
NROWS 100
XLLCORNER 1743152.510005728
YLLCORNER 5469282.419064949
CELLSIZE 10
NODATA_VALUE -9999
[rows 19 to 37 of 100, columns 0 to 42 of 100]
0.5524464601231645 0.5265436454949234 0.5323278105598825 0.5697639420366511 0.5712869187158441 0.5919955715494659 0.5554932945987004 0.5536972112525723 0.5683656139138561 0.6087441811762193 0.6474467803095947 0.662905655508884 0.6390100637813584 0.6690278989538488 0.6881767303787925 0.6998283406739055 0.7552660912617464 0.7503073719264376 0.7242956525189813 0.7452956790336192 0.7106698722094148 0.711629942375693 0.7339141718800354 0.7443832712959658 0.720278372932128 0.7315064938963408 0.737167473108306 0.7665792763079771 0.7524296169153691 0.7385487312748465 0.742135775481941 0.7394360575805746 0.6994304151373252 0.7098173383991837 0.6925380635641151 0.6801956205612578 0.6849593704182709 0.6733235205987625 0.6795886593857428 0.670467724292743 0.6323515933756144 0.6154486243959454 0.6172190364560549
0.5397752502821915 0.5572125044282262 0.5562225861409147 0.5431829751509326 0.5375826511626032 0.5840142072204384 0.5725853488798556 0.594920367009054 0.5894159072489792 0.6582633404875535 0.6626850090152795 0.6802412235055915 0.6650567410978786 0.663469534560226 0.6775356328590683 0.7337017542083504 0.7496347204342426 0.7537774213938939 0.710370083203458 0.7161513427726394 0.6949885863355022 0.7557144370429424 0.7240778651405904 0.7325586016583658 0.736428792172537 0.7549879175317585 0.763072491550005 0.7395440433319354 0.7206770579718939 0.7308849511886744 0.7387412817066853 0.7260340116433053 0.7309767719869206 0.7435829117474245 0.731924837489036 0.6961377374383462 0.6924177519440541 0.6993547992030147 0.6737031314645036 0.6662476741063995 0.6608321237575483 0.6064848233804143 0.5863799752744131
0.5114351803283811 0.5275486229301893 0.537200781698734 0.5416808793276006 0.5462057414882864 0.5951465555883284 0.5872326257325846 0.6192563440154871 0.6197409751515965 0.6286053734442184 0.6601508356581581 0.6464402256010366 0.6649292037954142 0.7096313488866444 0.6968360970267194 0.7111451542566053 0.7324586406111367 0.6835255118209063 0.6896436970239401 0.6698145866013623 0.6870101264514294 0.726262505029619 0.7502697167937997 0.754530608901756 0.7543515364830736 0.7616053781229942 0.7202137795915363 0.7516712873653865 0.7334512029885868 0.7366521607875771 0.7300860244572563 0.758026073314013 0.7489019937124921 0.7329170731530045 0.7299460602673373 0.7219969147564743 0.6941637236207707 0.6873762809874234 0.6695009649833916 0.6538657156556839 0.6471122438478676 0.5804390130274715 0.5700332346512494
0.51720045769593 0.523168147613081 0.5283848091041139 0.5468584087229825 0.556855363580414 0.6117340700104769 0.6277310986557831 0.615509649000395 0.6125982303849875 0.6521506379430556 0.6788499782180504 0.648548077153298 0.7015170946122362 0.7331347771254323 0.6898349908590589 0.7046833027515862 0.6810650601986067 0.6472931295855824 0.6657337406415459 0.6421266738198652 0.6972438347106831 0.7015210930457967 0.7467192843888196 0.7290024935057409 0.7188025776412674 0.7184692381579335 0.7326410042354107 0.7238735876079904 0.7175574434033529 0.733363235207398 0.7786222400247511 0.7902067579128009 0.7895980026533977 0.7595374228663695 0.7146062645559739 0.7503260487372115 0.6959897614350988 0.6726638903489243 0.651245075438159 0.6761330404360744 0.6346486672116725 0.5888014215773183 0.5783884841989768
0.4946985627073324 0.5205024306030209 0.4977549480959213 0.5223791762876854 0.5769852293661661 0.5816836762839451 0.5976279333221431 0.5982618690818035 0.6177497162120152 0.6233516554158056 0.6557561180646014 0.6637771711118837 0.7134970561317245 0.722560080568901 0.7106221343168758 0.6859833195938139 0.6508232874165071 0.6739053186144031 0.6401515923532772 0.6674159292263872 0.6670881062777111 0.6748885056707588 0.709503112222322 0.7548835483643702 0.7236434278390428 0.7464748342705275 0.7358693913243352 0.7538367737587092 0.7651772179787008 0.7649452537099285 0.7770674239072536 0.7765794735300362 0.7625055886763421 0.7185874004866485 0.720136055991708 0.7157023848536426 0.7058668760536942 0.6975866899635138 0.6562503867372523 0.6418776439928067 0.6221603525490407 0.5709910807577494 0.531421239818687
0.4490939262320972 0.46673883724412385 0.5243467009730415 0.5571757261495791 0.5898291325814794 0.6085976527826242 0.6207934923827755 0.6403757659835156 0.6164396179063989 0.6155917228666503 0.638390447641522 0.6867799574460415 0.6687391707186459 0.6930789185875423 0.7088572967185843 0.6640680188902439 0.6649401882152114 0.6696224106373362 0.635030238152475 0.6384068034149972 0.6661079007258104 0.6644766668263264 0.741125225280736 0.7840965496616878 0.7586939203013949 0.7160709577055487 0.7418344080486052 0.7544517511183298 0.7562148815695957 0.7643682093039791 0.770224477659869 0.7848756881558699 0.7667523840848081 0.7259045024568834 0.736804320180722 0.7364307895543459 0.6763049535158449 0.6830565956748131 0.6224379555057384 0.6283720219832529 0.5963588079826524 0.5274580404941069 0.5359498863697318
0.4237074841436863 0.4527248156531048 0.47986007833378413 0.5396500946473238 0.5821402307952963 0.6134870065679524 0.6354534441764115 0.6502040028567578 0.6320037438038365 0.6072782099720233 0.6249154409439452 0.6401029897099536 0.676485623954768 0.6971720299416365 0.6745577561140256 0.6408781427509839 0.6578559079265712 0.6748699273264582 0.65440653435529 0.6436363067074947 0.6842613560868424 0.6981876033234741 0.7289231184776447 0.7717280641819982 0.767506417856865 0.7290394799269398 0.7273154226497238 0.7188823406958379 0.7300462523994226 0.72752445926199 0.7460846776241442 0.7273283892141759 0.7055243383290404 0.6810731524933005 0.6914168728573657 0.6818849254382053 0.6587677722739089 0.6537474893720637 0.5964949614980184 0.5570059483499855 0.5327995964068208 0.5228589000613214 0.4759887042003863
0.41933894874000804 0.43675416909093134 0.4668081790352847 0.47853888544515677 0.5613637779096116 0.5844134548617339 0.6271375654976442 0.6357542124853028 0.6534815680122666 0.6180680547607063 0.639516766875134 0.6464810099952275 0.6816845200616349 0.702485316925197 0.7051894308117143 0.6630855602946076 0.6676620675098616 0.6658018483559276 0.6475672293928212 0.685729553455784 0.6578493162770174 0.665824981763674 0.7278128722483505 0.7532253505853461 0.7175223368265188 0.7264422782000319 0.746959197078721 0.7260232072342488 0.7260899599333424 0.7153832876325995 0.7169247680175653 0.7372705616376007 0.7183375952698569 0.6689775864882403 0.6824090719877306 0.6787473801587466 0.6273980202187077 0.6256513966660882 0.5467863604555141 0.5409580849501714 0.5104828408654067 0.47651369357387213 0.47441723910423494
0.41369996686058136 0.46225455133491533 0.4771891579264947 0.4658834637906903 0.5041448139571715 0.5824312443271689 0.6192073936580262 0.6216626474626157 0.6492027888234488 0.6431832217534323 0.6555230113876959 0.6479911089708255 0.6581975627972132 0.6606825536629961 0.6991764090161952 0.6640889368350652 0.6837740371792097 0.6505039821177643 0.644438878335734 0.6535958928005505 0.6793375848392526 0.6952029278275803 0.6715223234519981 0.6873394843630378 0.6915034611428676 0.7249346025374113 0.7464727660018109 0.724730680967525 0.7158231716909852 0.7437796212125228 0.7493671051979722 0.7242915915090801 0.6916982637029073 0.6273374404589818 0.6390065313356603 0.6567793904463879 0.6148890505513829 0.5736255569798069 0.5203176390255948 0.5234581259597951 0.46548472206566693 0.46063107848652746 0.4371277770484626
0.416703051364167 0.4478116115702368 0.45542878414143917 0.4591579356228066 0.49069339492385894 0.55401416355807 0.6111075192801676 0.6333242577066641 0.6239442091286422 0.6347792508035532 0.6663373100497151 0.6499738101378929 0.6405207866041652 0.6818421416821613 0.6466378377601212 0.6505154751690391 0.6491469860163491 0.6671054527519202 0.6634167529970343 0.6472975005127327 0.6637606394172886 0.6762589228265536 0.6428361187310031 0.6862953158809336 0.6788742698574391 0.6826172612695808 0.7093260033468074 0.765685849405232 0.7163880542694632 0.7385857252499246 0.7364251939802171 0.7198651518466805 0.6703899058462142 0.6089476428878253 0.6290701211151345 0.5991531242388405 0.5816254603748833 0.5392359922173946 0.5270169826619533 0.47231860148440613 0.4670276240441238 0.4375693418906142 0.43401925066241714
0.40939277442052224 0.42994092873099576 0.485814528056389 0.4620309650933581 0.5086208770380088 0.5592137100129502 0.583380226236524 0.6139773340500702 0.580181536717787 0.5899569387600003 0.6526233698835069 0.6190779729951259 0.6260700988307552 0.6611503640952641 0.6254110685720108 0.6148838649472402 0.6461250637738961 0.6634916966923332 0.666516156920581 0.659703468419068 0.6350075397335876 0.6300162977270113 0.6318621286405602 0.6187200652913201 0.6619636998517902 0.6637709856968803 0.6804041090972439 0.6876953362338071 0.7180488064779604 0.7180388676519814 0.7381942796403245 0.7143395531598362 0.6545900959292427 0.5974272079380101 0.5717981152231814 0.5539549323424153 0.5446317034106928 0.5283956191705227 0.5209049165921137 0.47243382839027864 0.4420029830212787 0.43522537799425787 0.3957795287337399
0.4328238835338097 0.47186946340957336 0.4856993140516028 0.4707129782768825 0.516485251222322 0.5706675530394693 0.5869845827281274 0.5578099711381345 0.5701688283560169 0.5932681370082427 0.6027219278955288 0.637518128528408 0.6120255923900227 0.6285713969799569 0.6243690465748836 0.6368241338323655 0.6296230371541841 0.6518255180188403 0.6470595264152212 0.6797867755659687 0.6642685226748435 0.6377194490539986 0.61582563773843 0.5958278967553405 0.6616521261055975 0.6712948484496549 0.6553804762909645 0.6645294744605689 0.7219896242639698 0.7199202742696516 0.6939819746256624 0.6854402504180472 0.6537064168628065 0.5969647813631753 0.5582861377941337 0.5422494174806617 0.5558547660130914 0.5466459775196636 0.5114429245633676 0.5035987841506894 0.4421435580645784 0.40663660401006146 0.4095978575761604
0.4105797704757002 0.45570672710113636 0.49614702545937434 0.5196283843998347 0.5425107106830352 0.563111967711752 0.5581626087771273 0.5480708767449446 0.5803097270268344 0.5602048634877361 0.6074164441011477 0.6138194857768168 0.601364719778023 0.5974991264035926 0.6093603316422955 0.6302910210644898 0.6123193195278153 0.6180429325077431 0.6639305532301285 0.6793170212058208 0.6326022893404624 0.6107342158867262 0.6120648174233614 0.6054274844846683 0.6193570751792029 0.6577979593802551 0.6480654565240792 0.680980019327253 0.6828874319123822 0.7080265561449097 0.6612660241115712 0.6490184589876419 0.6588743595027644 0.6204307109939861 0.5883722267890503 0.5649459831159849 0.518679074180237 0.5337691393575479 0.49273582488357687 0.4910534503306309 0.4469839368845682 0.42402185702697975 0.3943432612630296
0.4081668375063943 0.4259119023761501 0.488402761422292 0.5236249385144451 0.5369887229729661 0.5732691604714947 0.5459873073937414 0.584344198479409 0.5872488769669639 0.547543374422464 0.5900442212676171 0.5747211939141172 0.6020831547602384 0.5953329106983588 0.6276305898497333 0.6188863759845731 0.6264205191978405 0.5961403080691603 0.6009251272847361 0.6407873629668784 0.6217986660435065 0.5776656543163285 0.5988924073561177 0.5606088945673786 0.604044578460963 0.6499429349595547 0.6611883335088566 0.6652767807576097 0.666070170590617 0.685066821919772 0.6712079495639167 0.6474294441423817 0.6352080059322166 0.613216521976818 0.5904137916801879 0.5674811805132254 0.5229168285687914 0.4906046912637189 0.4945448454083754 0.48423005295946986 0.4302868540003158 0.4357187188406639 0.41480474287355945
0.3767834647262199 0.4169769206792698 0.47553708343985307 0.49784039326040924 0.5153422068432402 0.562484643891577 0.558917526006312 0.5910690595335897 0.5717202022303435 0.5339499566527356 0.5459396121832306 0.5813001289369035 0.6057674800184677 0.5967629652536915 0.6207021459417115 0.6203043918677743 0.639633674199838 0.6233901007659468 0.6048678586462276 0.6042131308531885 0.6104850597824482 0.59022590036029 0.6011760048836896 0.5794120326463756 0.5733377251681482 0.610759975947556 0.6140562254713884 0.6480990885847905 0.6287952097744891 0.6294674801858131 0.6646249803740288 0.6543675543912135 0.6330805896588535 0.5750417066560352 0.5596364590891258 0.55060838233808 0.5400358172977392 0.47681435770236463 0.4804525024628573 0.4511258859140061 0.4489754667844701 0.41193939582173045 0.36202020679635083
0.4142467057839814 0.414042224611916 0.4939503761875184 0.5076625040979228 0.5419706890910996 0.543723954226738 0.5683735584158929 0.583928621049319 0.5788466547849862 0.5719723802005527 0.548909801796193 0.5827410869414622 0.6383401475771459 0.6416397721540157 0.650029144034936 0.6496577941330997 0.6191367225122597 0.6054461949862865 0.5949448142844581 0.6193148200670715 0.6258087157107607 0.612448773355436 0.5930288974715701 0.5739812118244701 0.5854103528803952 0.5565252558847573 0.6092075652707618 0.6159984951253397 0.5985106162307969 0.6078078457247091 0.6503173002238487 0.6425457108827071 0.6018309054235287 0.5575198324482097 0.545450599538478 0.5225196853976388 0.5239002805187033 0.4766342880690623 0.4914962010283775 0.4672680833418613 0.4313690423922515 0.37124706612751435 0.3519115387513781
0.4176480474254279 0.43226817079213914 0.48838600834781026 0.4740349226511666 0.5006998086839848 0.5249209477987457 0.556254277762785 0.5569848210616052 0.5621995505214749 0.5746583725995966 0.5962793304235497 0.5961120357938443 0.628750131929413 0.6580007308211199 0.6154679631412835 0.6322514153249228 0.6188008800672529 0.6213321763758912 0.6189868911985347 0.6167230484001657 0.6317564799315614 0.6240740300191493 0.6112957231006507 0.5678638911115986 0.5729773537695149 0.5612907201433031 0.5946675737935057 0.5798720164308054 0.5682674990835546 0.5985670874687956 0.6101993733378086 0.6157689621328757 0.5929613446228662 0.59905632827393 0.5649983533845898 0.5173328266923993 0.49887550926077656 0.4833128194370794 0.46016001946954327 0.4202494631039985 0.41172193556335895 0.38394987512157636 0.35234838596997553
0.4003600436101664 0.46883112844174984 0.5001645852971628 0.4630301444680205 0.5233357465705926 0.5185847535058118 0.5193098577776901 0.5256911950443193 0.5757959704451105 0.5810598359929187 0.5991746822544342 0.6574611613455449 0.6220420976699288 0.6694767230151906 0.6188407086765537 0.5992567940614285 0.6048251639616563 0.5980889700031483 0.6007065368694914 0.6042882779483869 0.6261601129693225 0.6168056402996074 0.593306146082868 0.5419293908301 0.5730251253398814 0.5727729868220418 0.5901649109050972 0.6085460430425034 0.5771349572802057 0.5420755359899124 0.5696358781228538 0.6021379694865426 0.6002485238510721 0.5825115526581953 0.5306522572818675 0.5189007981818926 0.4737572778011824 0.46399146625023074 0.4254678853769696 0.3956928693846789 0.3752708610826995 0.3300288322441028 0.32556015394735915
0.44160776667317486 0.4686156010395279 0.4970094998951747 0.5121202275270713 0.5082603077095648 0.5358987245940416 0.5193934109112955 0.5423514098958142 0.534282850794442 0.5644817295234967 0.5769750935528981 0.6157190682173846 0.6267671429862203 0.6526761878073888 0.6479628482849146 0.6129526148063283 0.6032802057568822 0.610632344875925 0.6253385903214018 0.5969071022345886 0.6019561513037428 0.5515214135877761 0.5439016543020347 0.5501513679333543 0.5318837354027366 0.5563710527774852 0.5801344143700616 0.5617053566632375 0.5767342585409109 0.5310441938709466 0.5298398561545962 0.5393483651082202 0.5403953613553013 0.5560138370527592 0.5196589632752787 0.4816039982644435 0.44645481764133665 0.43339395685638343 0.42029341447450985 0.38202191167405064 0.37285795270334854 0.33046166668632154 0.3171601810038017
