Raster_benchmarking/Raster/continuous/raster-176.asc
NCOLS 100
NROWS 100
XLLCORNER 1743163.478942864
YLLCORNER 5469284.163442586
CELLSIZE 10
NODATA_VALUE -9999
[rows 19 to 37 of 100, columns 0 to 42 of 100]
0.7821608528724397 0.7241082381926415 0.7576057418649678 0.6710418928717554 0.6236506666817987 0.6712574396430477 0.7170266386210732 0.6786062821001387 0.7043900385846018 0.6460539802281344 0.6498018118860281 0.5969756862756311 0.5753880905117923 0.5238312864328043 0.4738400192443615 0.42684807993237817 0.3391225487272465 0.3899502758591169 0.4042301301755988 0.3378912913916338 0.34993905921159996 0.3783037778720402 0.37110315933243126 0.307795181145136 0.3058625911286514 0.3571876157177161 0.3339443747380206 0.3211855316121678 0.27537814145795936 0.3240355850691218 0.3322297562646312 0.3488273682997574 0.4109708311552206 0.33434387899211104 0.317525313618552 0.2819224011962836 0.2577883167698917 0.2480663528971337 0.22539090718904173 0.2696562623877232 0.23967881213974482 0.15055901577456599 0.12741138302745952
0.7387984574849465 0.7221181647569904 0.71613748239638 0.6914060492067153 0.6254211635442168 0.6395844504766918 0.6708264061449373 0.6622949305004203 0.6543529272416989 0.6241304633890361 0.5904004741729593 0.6095058574125239 0.56799692843781 0.4913496060485198 0.45480242807080107 0.38589049674267367 0.365091669102264 0.33431708134467464 0.3478664822962213 0.31303122465533983 0.2806700350519415 0.29452875270357026 0.31551145324703467 0.3073122698585426 0.3066097348090791 0.33726048591939145 0.28187712413114263 0.2714974738844508 0.28124197638509896 0.261851199335073 0.29671233658216445 0.2899403580818195 0.3457249528635334 0.31318197272209297 0.3347230686016491 0.30599351949682274 0.28836102461284646 0.2659883317459128 0.24525386241506328 0.2368381588923152 0.21824073017190332 0.18412115186697695 0.16857054892818477
0.6472485749550885 0.6909149910069362 0.6818763457916639 0.6494509231768287 0.6124640315265241 0.6588197448812307 0.679765193298284 0.6714099691112448 0.6339158177677279 0.62536911606938 0.5816829327264992 0.539020603738767 0.5562068665022958 0.5131778067544956 0.41695234480898696 0.36178445472854776 0.3269291838206518 0.29650842203542815 0.3270440263066851 0.3186204944896939 0.24167878593130795 0.2885073155359706 0.27353726380281174 0.2748964521284914 0.32049250789461764 0.2955906166155321 0.2704202434311502 0.27976670969001405 0.30162545571189986 0.27418912652465754 0.2324303736630391 0.2247535200833363 0.24662481379098503 0.2965241056427115 0.30916194255867774 0.2726575530960087 0.2141995163364637 0.2539293738372692 0.2764861787410554 0.23308021353333377 0.19581941333858705 0.2093830735171226 0.2109075702267811
0.6527724926169014 0.6306198628915135 0.6734837872390611 0.6703179153410697 0.6269795238545237 0.6159044618742657 0.6350096454179053 0.6175489192278275 0.6067224995208877 0.5982186946733088 0.5712365422697171 0.5401543355045623 0.5297244739048799 0.47836780602356005 0.44424169903155225 0.3440256926712655 0.3157419385480443 0.33118238491086976 0.3383958836751229 0.2872054282096749 0.24247830111239949 0.23952270616797075 0.2564000118732786 0.24715926404272404 0.2908455055083386 0.27931358724417005 0.2821252988406894 0.31257379859051726 0.30061003645096607 0.28946997465529195 0.23047733310424193 0.22079069402776183 0.22204576876221113 0.23157452071354892 0.2566078925537825 0.22296011954671352 0.2016515813330852 0.24569637954171866 0.2433758237463962 0.2012058058124996 0.20009172392579283 0.24244277124819857 0.24221022389433136
0.5765163019190461 0.6399614433758088 0.6420747767086427 0.6533245576714225 0.6452792217967817 0.5730138023628002 0.5833322282313992 0.6237961941902191 0.6539783620414983 0.5718963858269341 0.5428548676869103 0.49970146786922726 0.4705660238470822 0.42805427828439085 0.43356254510102393 0.3697451731150426 0.2754793753045962 0.3143641270447447 0.31586137704874895 0.30021779464314235 0.24951954001307353 0.21086097521051012 0.20359439174761826 0.24841602810383429 0.2611427543322153 0.2757563477010841 0.24799556482286722 0.24081895560109923 0.30858185340338906 0.2879274432761217 0.215878441704268 0.2211747123786281 0.16937649379319697 0.19636959531866857 0.24059128362667087 0.22732069935963964 0.22437186566172043 0.2662211219724621 0.21915182862139948 0.2151419759219379 0.21708964065343989 0.19371075227206458 0.23669854671067567
0.5959003520286235 0.5785925097931699 0.6165978136082381 0.565490238602735 0.5959682911608324 0.5474825131168674 0.5866659969726956 0.6083239070817454 0.5545848431017625 0.5427947973158496 0.49471919551606636 0.4553920192602016 0.4657625620888013 0.4194189279795848 0.3760322360077107 0.38015401414837113 0.3163284598155148 0.2762670883965879 0.23246052032127512 0.26688760123704375 0.20700531085563997 0.18980137679576853 0.19854312826103654 0.24463797285722882 0.2597160008582156 0.22570321616989172 0.2527204165965628 0.23337182916452945 0.26302596519852384 0.20220887846624333 0.20430083056822587 0.1525355324178364 0.20264220615612058 0.22404113140206117 0.20495172629508476 0.25395188805172636 0.2602279896049196 0.2580405256282964 0.2513042149325963 0.2597370781114264 0.23425248166988932 0.20894469757395065 0.2190844975937337
0.5440089795872111 0.5564833122844942 0.5708305512176454 0.5228702360190695 0.5301232823305576 0.5526237892718303 0.5542409265170319 0.5160402562581793 0.5177239127549618 0.4887911823703805 0.47312724806748424 0.4621381696520467 0.39149186303241434 0.3648413209387401 0.3867557423406777 0.3778601448180926 0.3124636705270859 0.23744108457266971 0.2118157762679413 0.21881650810625508 0.16872630006653866 0.17149290097727632 0.19056030132578738 0.19002598790057515 0.24804246613110698 0.2524564056722763 0.2455046000683902 0.2482201574060514 0.2213634854383599 0.1749464660014884 0.16030628072340827 0.20370104713663306 0.203562575804518 0.22995970532938148 0.21659407016906695 0.23929731592157308 0.19723487407333534 0.26116703658228924 0.26846930896040927 0.24628603940084642 0.2591017723457356 0.22308431939617984 0.20527306530310543
0.4907212522194013 0.4987477005468535 0.4927943586486551 0.4829205382126487 0.5081422462709662 0.520711429627337 0.5026947895452719 0.500764359227521 0.5084896888480295 0.5023868870810585 0.4857229158299931 0.42133138388313823 0.42038621272031146 0.34660815419273594 0.30666779587876336 0.3127725177908906 0.3042034578216025 0.25019934102564073 0.2544113480622812 0.22580570768670602 0.17873446762226175 0.18854481584231297 0.1820626246844687 0.2078329582767036 0.23972239675937387 0.23386834226885295 0.2461896911249596 0.2466615715393296 0.22345691436533965 0.17144267402869426 0.1510210584408117 0.1567965846579968 0.16143203708577603 0.14279870840128522 0.2144799383410494 0.23720089756801777 0.2152015147934519 0.26813235809275976 0.299387349426177 0.24058781277851501 0.2275576812423213 0.2641665548819431 0.27191676149180155
0.4125971335608197 0.44350064814018075 0.5032550629037993 0.44070981226715056 0.43352914777071877 0.498411709892899 0.45494781460024414 0.5073416015953752 0.5323922039041872 0.4812096092686697 0.4237225521909839 0.41286936557216786 0.43872486503863944 0.353379388856485 0.28574562051984354 0.24856354326676375 0.2562971955929421 0.26690060714944963 0.29996106241092496 0.27257809507766223 0.24968618762610645 0.24536790943654457 0.24965040010793205 0.22122235544588711 0.2308606749345115 0.24450443261263663 0.28224471674458784 0.21573081093129473 0.18428718451904136 0.20149925911365088 0.1902723424272954 0.13996421975542328 0.055151185928792805 0.15280494691139423 0.2061399332483397 0.18197279924090326 0.1897501956170319 0.2480602624114508 0.2810621598658653 0.23551283496966854 0.2061481016386944 0.2140051023910282 0.24595487065667884
0.39104740864435683 0.4594785308457415 0.441648810953619 0.46761493549172384 0.4264176436143343 0.45793701794972597 0.445054094071525 0.4993415670129561 0.464696997002926 0.4597033126884986 0.4289059523926501 0.3941974331611917 0.3612021690059398 0.33244906728197987 0.2559201233833219 0.26237225279250176 0.23848090812807313 0.2656397848956695 0.25076621494652795 0.23923312121866297 0.1997732954507488 0.217622481646528 0.221756844580104 0.2225989961356768 0.2203863062219613 0.2063740694954003 0.2508859589328453 0.1861551786820964 0.1699659952921281 0.15735224927933292 0.1424798292910091 0.14224322026139857 0.10215114084640914 0.13287052043945818 0.13430863903405826 0.1949701046868397 0.18136722206377515 0.23867865785699652 0.303146962936602 0.3030155623031186 0.23402720242865896 0.2492651380111368 0.22099334132554074
0.3697196840515455 0.42728535588573385 0.4279472661465301 0.38425519618989756 0.37586148554522936 0.43871832116958887 0.4505747035379268 0.464169920336759 0.4704750055158916 0.46151107035693445 0.40768997034125865 0.35443741956595515 0.36736376288909345 0.30612144395912155 0.26095215211973516 0.28552025954171806 0.3006461600003449 0.30555361309422147 0.28857716261585076 0.2210481433414832 0.22906564921768358 0.25401434970868897 0.21844282038781512 0.20081826081998885 0.19164209924019968 0.21225072498904415 0.23896212467920994 0.19769270356308058 0.17961121867161065 0.1862542024175163 0.14262518545692648 0.14837919968807184 0.09416704747291058 0.12248411478850656 0.14077759075946839 0.17682914892907087 0.23995214439483828 0.2825772603875621 0.29563442081006575 0.29183018943685896 0.2879869542614329 0.2471995971683388 0.23164966000350964
0.36767226417039295 0.38977207781898415 0.39957034854989004 0.3969334253815512 0.35120276944490975 0.36278177369305753 0.3916551023848611 0.3843260804104839 0.44360181409363697 0.4227854478681288 0.38092481803284606 0.3617324161872307 0.31099289100262567 0.3009166796849269 0.2676874131766548 0.2910342520876167 0.2587795595300062 0.26916242001191587 0.2586253171241819 0.2667667910352561 0.2686161355481612 0.24734668443918537 0.22934605026112798 0.2361418560783209 0.2378729950801469 0.19599317866831364 0.2257736059910338 0.21985253331347143 0.14989912314668175 0.16333353748598067 0.1932780749726468 0.17836235510682405 0.1676302684401249 0.12830759654856103 0.15910534923895972 0.23181297452450472 0.25012269483359406 0.2271637578039851 0.2735578249204099 0.28151648807056984 0.2915282658762126 0.30162355645431194 0.25309803803414355
0.32297980371782525 0.33722692411219335 0.3720630773317951 0.3835624995834764 0.36457719128006927 0.35231394729440374 0.3529152131771869 0.3629867374141091 0.3906781459517271 0.38705336304208493 0.2887959183304943 0.30470041679628856 0.30797292508554086 0.28314434835472074 0.297740480083552 0.2964904255893014 0.24689370442914377 0.26179085991698875 0.27802821977496284 0.28979035281235294 0.3322389468895247 0.28053131069617865 0.28843385593864557 0.224647789746511 0.2072940504901915 0.19407140871624026 0.19645420600300648 0.2203281063055845 0.14488939526039019 0.18064454841220165 0.18282016788004385 0.16852866265313646 0.18258101014243888 0.2065124212883986 0.2266913105802488 0.24249009898625198 0.2633529742949831 0.2758666826244559 0.22888737289132516 0.2555922179801115 0.30017136056080485 0.24840603179966125 0.27265736084583225
0.24528263011422405 0.2901614105461597 0.30087972881422265 0.3739029600210233 0.36169206624296746 0.33437049267537966 0.3138873717760933 0.3480066062170844 0.3324667415843955 0.32391203465689866 0.3028493648222092 0.31155516807346917 0.30555471572067877 0.25404559724373676 0.29659304303601475 0.2725020746921128 0.28812285083694844 0.24570494480794955 0.25675210349412525 0.2723482127447152 0.27858632159804164 0.2630913160347156 0.23464267088244445 0.25756337832160286 0.22504538326488016 0.14571604092113125 0.20202151875222288 0.19904111130771765 0.19388574076224918 0.16943836846524704 0.1949917506566931 0.2054983709102191 0.1578032990744038 0.17333870458742148 0.21198703912993858 0.20957748926561806 0.2579590832587145 0.2907188809441725 0.2825430687757976 0.24616353915731742 0.23926963198217135 0.23239646343295736 0.25487814515784213
0.2118740367213489 0.21952413977814897 0.27722917719235984 0.3570254472956788 0.344924851606741 0.30867926080915675 0.33987167509938826 0.3170541081609856 0.32357241252571445 0.31218261450573925 0.2469450015186088 0.3083516055139818 0.288300686256398 0.25846848044133486 0.2354237947991397 0.23678947041502 0.32124055516435296 0.3116656399747845 0.2509837920154656 0.26487824334207477 0.2362203910249405 0.2238161125471623 0.24132577623762116 0.24567926346390545 0.17373051623235183 0.18560095468745566 0.13669851401871239 0.1766604935340848 0.20392529328331305 0.15978983928965004 0.1357284336856908 0.1783896729547654 0.18645813941745965 0.15524192622882 0.15815114912039135 0.18864549637253966 0.29139082728619586 0.29417981779316094 0.29240152163450284 0.241947568351051 0.20583372114785883 0.2363900710860718 0.2138893149786301
0.20710629881164005 0.21348996923641994 0.2956037377996564 0.3038483026032319 0.318122979759022 0.2842365789228776 0.3147699783589182 0.2928781342248348 0.2586731321761753 0.2800241959346178 0.28534422027227074 0.28965461895406547 0.25667077766734386 0.27135608681019247 0.2633369894206563 0.24989624968471214 0.31181582328959323 0.33154565697008415 0.2725551110251937 0.24398571495198051 0.2501716799932429 0.24667627798723993 0.26876160699398816 0.24782312697466713 0.1895449265308579 0.1900238888428987 0.16655521241779778 0.20641555977482967 0.18972712049273413 0.20308715548832765 0.2025752665454738 0.16320653020428824 0.19937145487820804 0.1713297941894493 0.15066888353940044 0.22372984686157663 0.2685902355820076 0.3047014272491511 0.296072937921769 0.24647989215791982 0.25641377430199846 0.20882290881014057 0.20860398502489835
0.17153924363783812 0.21710667065437103 0.26830549297303846 0.2596746933865828 0.26021859873778974 0.2756899381643713 0.2962572267452034 0.2337057477652499 0.19660906676322737 0.25067184829687006 0.22418159607178578 0.2484035011866447 0.2843066813641635 0.270990303558183 0.22986531439484145 0.25503580582432706 0.33174781173741374 0.33002085471454673 0.3110144736033907 0.22395640422694077 0.21457723486684355 0.2373160783175269 0.2338630919681813 0.24113222642513912 0.20022240131048935 0.21313289470406968 0.1806555610020991 0.2139287609844466 0.22702896339069817 0.20250231388416068 0.17086044565689468 0.13258231233477855 0.13913581303139563 0.18669690785376267 0.1799744996109656 0.25115453679423105 0.28675665966094765 0.2907633733919683 0.22402516431188207 0.20788879648612923 0.2535878973577288 0.2852595828794452 0.2769981545102782
0.20330843313098113 0.24257830520224408 0.21213057367524324 0.21467664775316458 0.22592559215429858 0.22963142744317092 0.23454901012502596 0.22294631611264673 0.1927610799739865 0.23744531715709505 0.24432664126004552 0.200644643561071 0.21903754654279053 0.2424878064025859 0.28238979297740036 0.2748216140792573 0.2874498186855893 0.277319440546127 0.23531686292845885 0.22051214581265088 0.15960519415464894 0.1599806149192671 0.1720414743967119 0.1644418429733457 0.16159443339448357 0.18117388561926157 0.22280518775448477 0.21125841390249117 0.21527383565539754 0.18251986928079694 0.1510836213245549 0.11741152790129143 0.14668459136753315 0.19691315997801545 0.20447616151529274 0.23546671250694753 0.24320920515237401 0.23206339267881618 0.23899028720588905 0.23832062783005292 0.26142359138512006 0.287679909558953 0.2849562785390682
0.2093088156535339 0.25834753596417437 0.2395481069967119 0.17641797104566848 0.16454351564950875 0.20523559526936616 0.149526637308195 0.1650422949151773 0.19838635201808874 0.17266309483957407 0.18915935179785615 0.2079805642327701 0.20836112017321498 0.22407702317985578 0.27804285819356356 0.2995446200656008 0.3228787258810661 0.3025738811308304 0.24837385345871127 0.2299025969765517 0.17238976022719024 0.17007573666996564 0.1344103395965851 0.1503094450548633 0.22737115807114583 0.20933805095281216 0.23816172301106886 0.20811597782208177 0.19665075471840884 0.17652355538389186 0.11655695127135562 0.13762128446817387 0.17024098549493769 0.20280783396101032 0.2188609607501792 0.17708951049881494 0.18537787703225841 0.21363117783603833 0.29690598034085236 0.2501886827534417 0.2564000255323187 0.27226442481057617 0.3175705348317635
