Raster_benchmarking/Raster/continuous/raster-228.asc
NCOLS 100
NROWS 100
XLLCORNER 1743160.3244953987
YLLCORNER 5469277.601105358
CELLSIZE 10
NODATA_VALUE -9999
[rows 0 to 18 of 100, columns 43 to 85 of 100]
0.3927290960639938 0.39631206408933556 0.3879335694140775 0.3679001285896974 0.39824003726937474 0.3864907281717427 0.3763860933503835 0.3864133172391809 0.42224009317235045 0.4241166588375591 0.45448699584229774 0.46422342231255187 0.4466086847662057 0.44722433739181394 0.485343820628124 0.5048008085370939 0.5086217548048484 0.49991354471474564 0.5075305176415921 0.546243743519899 0.5829048475488111 0.5829770385750238 0.6029701570008635 0.658810758564277 0.6907260227567181 0.6850286215415439 0.7192178678828431 0.7089935262557712 0.7078282681277289 0.7104233045077484 0.7186450440231249 0.68792741680462 0.6839104142308469 0.6890823825729592 0.656020594567618 0.630140458056023 0.6279689993337758 0.6472075412668314 0.6294891375899374 0.59793430209172 0.6036929316864822 0.6098889737132573 0.632385604775106
0.40446558903712837 0.4037792587920297 0.38068899366661096 0.37655914317602507 0.4025505471172235 0.39782576384606627 0.3765116764010005 0.38975684257068627 0.4220706567014534 0.4180449721113783 0.43858037248109094 0.47855826266427803 0.4591291875716905 0.49328715378121596 0.47394668395829753 0.48748957197038567 0.5250422931167785 0.5200263838395863 0.5252424002381223 0.5459468103914562 0.554747493682124 0.575258150484894 0.6153567161960418 0.6256660824067056 0.6478628708322599 0.6824473150992417 0.7019293214533555 0.7170367842409939 0.726881739433505 0.7284688792214569 0.6956035643897394 0.6997083894823016 0.691093072987634 0.7016052481893651 0.6639235420133646 0.6256352200490163 0.6363277159046148 0.6496461331054201 0.6329840575558752 0.6058934892985046 0.6202050750485975 0.6253303932932384 0.6325958817127055
0.41010509139408846 0.41127706082793236 0.39420074457009646 0.39396474804207887 0.3823477398087153 0.37496566302250456 0.413059497753984 0.43362502710967454 0.42035053902094544 0.4288180845124964 0.45695402310663696 0.4775149639940309 0.4889326551220772 0.4777788487209773 0.49836928084168575 0.5005798040166077 0.5295051005023417 0.5552573427051276 0.5470109237331596 0.5705220923188888 0.583753166170803 0.5926306639889528 0.6160809830588172 0.6169959991771343 0.648630864503463 0.6701954253106523 0.6765326676721897 0.7066744216013591 0.6925450441382648 0.7281915384944909 0.7214781487370229 0.7277536633260469 0.7163049504926525 0.6925876574944895 0.6859258848879125 0.6721636131334371 0.6712879913799704 0.6388754935459131 0.6303036474340046 0.6463049899749748 0.6420773103624429 0.6262502551641193 0.6111166909355024
0.3780200394842316 0.40838182191782874 0.4154785199389902 0.39426538667582633 0.40313737142893524 0.38765040466415823 0.41101594126361995 0.44334441045117295 0.44992488749472853 0.46015128084669615 0.4409162752756115 0.4544084284402298 0.45121561244506575 0.4652135016879327 0.5058451429221152 0.5300415170370301 0.5413898069786875 0.5932440778525403 0.5712161584128163 0.6155066211423199 0.6168790819839752 0.603875339227382 0.6298857040931011 0.6276778916019681 0.6326866183227723 0.6488764851180219 0.6485319021039484 0.6718064543447929 0.6817876400403896 0.7289039085180765 0.7308800702038489 0.7249789006063767 0.7028988869749411 0.68622018492208 0.6807894117456963 0.6679160813467707 0.6664608023333993 0.6732161050568213 0.671433567930218 0.6506021780781505 0.6443683745943087 0.6268652685264515 0.6113124903197329
0.35836982383264554 0.39492334649746563 0.3978815509457465 0.4081028477591425 0.4009062931811896 0.43021248900955084 0.4389298465948117 0.43696811072105124 0.42562460310223754 0.44513410120668473 0.4501667891812497 0.46655041488872034 0.44691717227400113 0.5014229863292607 0.5333824001863814 0.5332138253593977 0.5657909399912605 0.5786788710437644 0.6110181334278619 0.6262302134494823 0.6305448888407629 0.6003993227543309 0.6001798477778549 0.617643750035533 0.6630798066005671 0.6623244504686896 0.6712895322667797 0.6764982211068996 0.681147106831158 0.7172618418642515 0.702969996961833 0.7267417335024025 0.7061904666397549 0.7021534842289073 0.679845420013292 0.7111459643974857 0.6812486169532804 0.6856735787381079 0.6596171221758351 0.6526825543088888 0.6567103671520764 0.6198773830318922 0.6190287445795019
0.33133325927115204 0.3472925364760222 0.3608966693833579 0.3904433576779166 0.42227406561488007 0.41348333296875495 0.44654978578572513 0.4348281534135808 0.41481453071689345 0.4437065425920718 0.4605006360863898 0.44127225359234107 0.4653421448487049 0.4794436005939262 0.5469457305401556 0.5734852501573038 0.5708408138517626 0.6022596575415936 0.6121412102703454 0.6508777021784588 0.6188424133448731 0.6341172043585197 0.6161170503025488 0.6203447293197762 0.6488609210516206 0.6697474497918873 0.6742088831034085 0.6632987798147298 0.6985706161314663 0.6805984442774526 0.6966467895523615 0.7416685300637026 0.7423683115662686 0.7101138652459349 0.7336115938363201 0.7295501047078609 0.7383626112426428 0.7226779013003652 0.6845381710197962 0.6765573768339305 0.6578786799572073 0.6444791326117474 0.6062022850717044
0.3310897588674566 0.36478104518502014 0.36752661896340594 0.3612618606859145 0.4059572255550444 0.41599796609153167 0.43610485724054754 0.4524883532381882 0.4423409996176097 0.4551228088059868 0.42669735715314017 0.4163694626430716 0.44909273520694937 0.4884817628744484 0.5214568264937982 0.5494656046955894 0.5891943511311027 0.5795367073008671 0.5915550749452395 0.6096021373004544 0.6433909234385217 0.6426494312120703 0.6359753796639107 0.6631923963330678 0.6523938013283628 0.6448411934870193 0.6541034206450586 0.6932012326876078 0.7020568662213688 0.704208660028187 0.7100464153493659 0.7284508738213622 0.7459177367845831 0.7429409567051495 0.7541511837463734 0.7564172376766382 0.7439641773184785 0.687189564126913 0.6831703469242043 0.6942516827685223 0.6738974595245143 0.6334336130190327 0.5937812810786809
0.3392157824233306 0.35168298707504014 0.34322747999122083 0.33939643541419645 0.3959542899768442 0.39691921217295745 0.4337495607027952 0.4513831173469053 0.4607754683788665 0.46566808243892044 0.4310946523227075 0.41860044696935694 0.4925840247811652 0.5086252003208319 0.5126931509469475 0.5550071215878617 0.5756356185732336 0.5832445840419982 0.6026725985069159 0.6091821966241941 0.6402056316223216 0.6281773320943247 0.6481672425896493 0.690896945603425 0.6636266454494256 0.6480083156595324 0.6724984014611333 0.6918722689943405 0.7057368735453803 0.7313794826147865 0.7369687913059548 0.7237232553461989 0.7243427861252939 0.7506155022672718 0.7574346688521267 0.7671680185802453 0.7300786709495029 0.6841032997350296 0.6735314955949057 0.6913634094519852 0.6833902789955764 0.6476051023372332 0.5846615582879114
0.35143689468585954 0.374303027126581 0.377346353015294 0.3717808651426478 0.3752305752332132 0.41160533992624226 0.4388077807500178 0.44432844224400414 0.4718449401854917 0.49064614876109514 0.48817949807388034 0.49161676684382444 0.5079540541877433 0.5000790555792028 0.5192246290806408 0.566103642509199 0.5643380508572995 0.5749803686613353 0.6082240021891716 0.6131952678079665 0.6049526108025999 0.6547751462582873 0.6399606536084594 0.665732090272921 0.6618558394013707 0.6508379332858051 0.6894605626145743 0.6856388081618991 0.7102854140341593 0.7165326200648826 0.7238710895683104 0.7040934891764202 0.7137535178126141 0.7260210687862862 0.7254513451028114 0.7403309528680465 0.7379858865677678 0.698681325089705 0.695044936011144 0.681080545774126 0.670955363385714 0.6468541138836309 0.6073309906464254
0.37955482875454494 0.36459307540160873 0.38706367587997775 0.4026122395010165 0.3809594860550068 0.4022681931472155 0.4549453138539379 0.46922530884476166 0.4686511613520723 0.5057526397584806 0.4995533064312845 0.5124069586861332 0.49966120225907523 0.5108236062206973 0.5415761856078861 0.551800140611027 0.5948706373506917 0.6085752905507283 0.6156928312116594 0.5821508592225245 0.6262388494607486 0.6638098888467371 0.6414009485205486 0.6602599378892685 0.6696530739704678 0.6814882234989268 0.6892743193848017 0.6663156290401178 0.6917728307911192 0.7278512200008322 0.7020894956177002 0.6771456746859834 0.7054215724027646 0.6902108037138555 0.7262748875744532 0.7214232434582032 0.7116588106536915 0.6983581461322982 0.7085575100984589 0.6849361943910892 0.6642280030669677 0.6304022808652263 0.6081639172223923
0.36838637973460026 0.39703043498452817 0.40370482978866 0.40637052923872047 0.4219233240101695 0.43983441630171366 0.4585780530413233 0.47154376495395356 0.5021094490661159 0.5104854537289152 0.5249137521747237 0.5187122183815835 0.5230240382251192 0.5347791172399604 0.5564909832340587 0.5525378248091534 0.5785196002279632 0.599564834578319 0.5939204290782516 0.6090506397837707 0.6028688862905789 0.6711479444064716 0.6833565142603681 0.7115880425127267 0.7044866511949025 0.6851563713901112 0.6728515080393745 0.6592685471598552 0.6828447364213848 0.697188709316999 0.7129659414623983 0.6757172888986296 0.6750809043580857 0.7245216301725046 0.7316895361359754 0.7058250328860696 0.7270861941865537 0.7033229987797647 0.7132041052059677 0.677450550992847 0.6752929156324918 0.6691657260990624 0.641007709761045
0.4062095419300068 0.3749136043344782 0.418952508043634 0.4103856400511888 0.43767421568176706 0.4342661188259621 0.4448954056441337 0.4587386031691332 0.4972752705544468 0.49013634757207986 0.536264267347825 0.5553650322883009 0.544095864639312 0.5689269953903671 0.5736939589468484 0.5695739061389768 0.5953943040619484 0.6311656213021352 0.6015606212411239 0.5874673599319654 0.616779775777076 0.6482446309058769 0.6791193311030419 0.713873522383024 0.6807242323639054 0.6785393361531107 0.6821163832651568 0.6939814343207776 0.6904394610298855 0.726140641912401 0.6983233916436602 0.663528869707006 0.6863887824049102 0.7151812770177043 0.7332945014351123 0.7296687484478577 0.7046940548249085 0.7236287924834689 0.7077931599134878 0.6833499218231226 0.6721306049716823 0.6531530202535015 0.6582058578379691
0.41509194075679656 0.4272744685809575 0.40772873084066286 0.4185438064594944 0.4196399521357859 0.44444733949243787 0.46124339355590194 0.48615317245667394 0.4810924403889517 0.49518331320087816 0.518344110678576 0.5600493082702246 0.5972171151003556 0.616914953586282 0.5977610151226561 0.617545086358611 0.6012264147212039 0.634208463059857 0.6062226338687692 0.602439686366842 0.6421172765388586 0.6515017574144348 0.6620580840021016 0.6792595020827656 0.6901635285091824 0.6931352405993549 0.7016209813981168 0.7300243293309803 0.7128403796376246 0.7055725686301322 0.6866657034558884 0.6788254791999317 0.6676938540099201 0.6966650390818072 0.7111854434823333 0.7182478986810232 0.7190507484299046 0.704923730753158 0.6986798164826489 0.6958146660586167 0.6619838783349271 0.6823405483599221 0.6815660246187835
0.39132968481673536 0.4292814204745322 0.4006207201430877 0.4204229225089791 0.425115643770219 0.45816703025625116 0.4771276387085861 0.4621602598765216 0.49824902632757895 0.5245000991657199 0.5234412575792399 0.5598292077534087 0.5784628104035661 0.6326465996727277 0.6111503361011056 0.6429081549511914 0.61020097602182 0.6242357812560896 0.6038324597837956 0.6115688001910227 0.6262586862590442 0.6694046446248212 0.6600826531732417 0.6823285765670692 0.679328603481436 0.7041078297698645 0.7126479473609786 0.7364314991759355 0.6859270061234519 0.6752615701769499 0.6936668504438244 0.6711729281461405 0.646295574669072 0.6830050585809944 0.6867951713432382 0.6754367063846395 0.6945318411235519 0.7225908094476626 0.7020288861517785 0.7002828695500883 0.6940610353418838 0.6888303216935977 0.6725204315024959
0.4148631055006316 0.43013308184688687 0.4234217262424568 0.4263838702986254 0.42124771063619143 0.4360632251490323 0.45424790897431416 0.4948286746536684 0.49910930687917987 0.5492537166199822 0.5615126573114365 0.5991304632182455 0.6053435546076248 0.6248725239267533 0.6515426959582943 0.6305897470413364 0.6389538520602626 0.6264614925389679 0.6476277835802265 0.6527186600465357 0.6631984059953068 0.6736565214621845 0.6896180261357246 0.6727947568841584 0.704545241565461 0.7108771185096942 0.7403532218252986 0.742088487341165 0.6956741804443365 0.70184315858648 0.6942476138805836 0.6763026186002455 0.6468347868340124 0.6765094468142843 0.69475034412989 0.6908323514656742 0.714393790138643 0.7068212812464868 0.7085620438740841 0.7048352899321494 0.7064648999721777 0.6736383412409388 0.6482379608416446
0.38694008032563143 0.42297604858758986 0.4472018929495943 0.45569053336736964 0.4257912027022762 0.4359309395002042 0.4590914982874554 0.5064856179707016 0.5030314303047109 0.572771381743379 0.5714281452772259 0.6324878569802057 0.6065736576544548 0.6449101718450302 0.6419336798470912 0.6628763762401246 0.6514023977137527 0.6562193701015501 0.6219700898638969 0.6352495289796816 0.6700826390815301 0.6830457731381381 0.6538815946968196 0.6429312428360059 0.7067102933666879 0.7122361532414709 0.7320633811636196 0.733610943377456 0.7134055372892805 0.7210751840166927 0.6685411666614084 0.66853526167432 0.6570392822247091 0.6500543431888477 0.654417159377426 0.6917139003091202 0.6982906994661402 0.7389037189383589 0.7030571394743176 0.7246635095602492 0.6942800201798378 0.6917382915296703 0.6684882205794767
0.4011240013429578 0.41853928602895907 0.42183106317976415 0.43982450730379 0.4512758049758652 0.4629192015869651 0.46836934465793467 0.47007071910792253 0.5066672709971989 0.56942622188847 0.580382172229007 0.5769543763028003 0.5924013998199851 0.6094065062771593 0.6211881984259253 0.6563918078717546 0.637406038167745 0.6375393371955526 0.6310496606104621 0.6597176530265735 0.6637584042341477 0.664399100208814 0.6846600325297996 0.6706933174724369 0.6958005439622763 0.709736190263613 0.70922413723282 0.7329847706277526 0.7056802238825258 0.6837014061691338 0.6740103619226238 0.6730040291397528 0.6636445791939481 0.6622520771059947 0.6597533998902781 0.6799767901839782 0.6967181393879788 0.7025883722679498 0.6872633289686032 0.6793236151315734 0.6944930734478817 0.6897943506077274 0.6603518100779295
0.38982789846982624 0.3890119480224673 0.4010378357974522 0.4067786826890912 0.43418135316103357 0.44045933355207 0.4557216787834628 0.4738447503234365 0.5031851924897404 0.5444132667000512 0.5504955554528984 0.5417773423368646 0.5768403960340561 0.584377785250115 0.6214750685490217 0.658947759442943 0.6588074004443821 0.6583623200762763 0.6322664504770953 0.6231281931665412 0.6602134398549536 0.6687471804249642 0.6788109000483054 0.6867189933009696 0.7172221943183029 0.7025729592625277 0.7263338684460309 0.7093885502791041 0.7123177457170501 0.6870153324287385 0.6598209290814729 0.63844060760142 0.6588768320239964 0.677269341169155 0.6724479663235122 0.6948987539587237 0.7083561143726829 0.6824655516509468 0.680556902156174 0.687018613679389 0.6663239406609288 0.6694090613997428 0.6686821959907948
0.4063945990106026 0.39214819773861254 0.4076867844363014 0.39574634146072885 0.4132532293035182 0.43239126194067257 0.4385866570489387 0.462681699144409 0.48037711540184297 0.48930290209833105 0.5147597663446766 0.5172104529328468 0.5531811065094505 0.5693204766726514 0.5779976333799294 0.6183459480837462 0.6471086826426857 0.6577430722591838 0.6454424820136474 0.6559459272834249 0.6313049441674953 0.6610050033787569 0.6823250881240586 0.7073728696564408 0.7036995004104655 0.7175102245614765 0.7118536633335495 0.6866649481874317 0.6771913234649695 0.6582218339162407 0.6590126181572479 0.6649564118968498 0.6570640850542673 0.6586850041416128 0.6988125149544416 0.6798886999910297 0.7000187383776191 0.6926517992981185 0.6816755935482351 0.6658094705492477 0.6704059024991008 0.6867938299385873 0.6863250569734429
