Raster_benchmarking/Raster/continuous/raster-462.asc
NCOLS 100
NROWS 100
XLLCORNER 1743156.4905161245
YLLCORNER 5469296.733707911
CELLSIZE 10
NODATA_VALUE -9999
[rows 0 to 18 of 100, columns 43 to 85 of 100]
0.31413618168923435 0.3011915884503071 0.3085122434277074 0.28742044510224085 0.27071418181155404 0.25036146098917017 0.2522030590060051 0.25042356294784357 0.24451105269189033 0.21559091299961267 0.18944580497390315 0.17236884594109816 0.15161902556144968 0.13325220077223068 0.1428882522929972 0.1301469239276656 0.14505229088929897 0.1468415576255476 0.15418940431726377 0.1674755668259604 0.1943128773056092 0.17685320857921696 0.1791405351132671 0.18147170203213045 0.16366490737112224 0.18632887685403773 0.22968125016957008 0.22555093998126402 0.23184933630990393 0.2325472328685246 0.24156622606479744 0.23604400776134243 0.24143950779212353 0.22611742537760018 0.20363452292997544 0.19850366208057554 0.17239109223367025 0.15044839600588036 0.12888101486614437 0.1393815356583518 0.1300440986879563 0.09774581799157271 0.08441335133533423
0.31501495593419454 0.2817516687024452 0.2923964968323825 0.2886442575376052 0.24480777487632102 0.2457952298337696 0.27859836627047396 0.2390305657544225 0.2540317890832772 0.20667727211665193 0.16936501904404266 0.1622306639279817 0.12541269064225047 0.1176026738863799 0.1452808628324738 0.12468461175463878 0.12022918354629608 0.1545090483501626 0.15367518757060228 0.15627957035097947 0.1645746588476872 0.1645179340810239 0.16665511479401904 0.18379843068559176 0.19657651005289542 0.2083424377695736 0.24782572784324208 0.24310867970371566 0.26105249020554383 0.2587477941627177 0.2515823790736224 0.23762203223430883 0.27133104583310647 0.23375236200423824 0.2371239809908948 0.1991167172958386 0.1620768687276886 0.13256419400384198 0.12677493754777527 0.1390298317296811 0.1350576688801692 0.08346740943419936 0.06142590024508531
0.3155305386148975 0.2847238789025062 0.2877358916216414 0.2629603627969339 0.24090018131747484 0.24711551410189275 0.24465808480717532 0.23757054597564373 0.2310301125323845 0.19207762990021487 0.17380889124824303 0.12678038350703888 0.11942263028612919 0.1082709476357562 0.11103974283904672 0.0913757034839444 0.1162389686983074 0.13975740099356654 0.1548877386141777 0.13945936832040037 0.16275336713904098 0.15730455737043075 0.14290810140669896 0.1782532091413676 0.1995874970103727 0.22063157668367836 0.24016943295011867 0.2492820222851851 0.2709305731618874 0.2577873256482405 0.2382494254741792 0.24887564786423935 0.27882517797238227 0.24836679426962452 0.21496692862119088 0.20234700093626734 0.16163767632701279 0.15852877629570641 0.14227345854145176 0.14325537012566436 0.1124851262510018 0.09551631347889421 0.08446024985511123
0.3153909288118987 0.28784808233378206 0.2697655462606831 0.2570968451498344 0.23963786872497495 0.23902266469499575 0.25700977698660404 0.22087562739880695 0.20065307976425892 0.1688683913515186 0.14082940500728436 0.1261000781825742 0.10929968723297394 0.08307670122820515 0.0951519051106964 0.10497192620961461 0.07985447482466883 0.1167012072707657 0.13430777493374807 0.13621989594450906 0.11720711635828446 0.14214018601559367 0.1307505174687149 0.14152855755986768 0.17241244530846858 0.18396848444094838 0.20850666839608298 0.2396530432030482 0.25009655947795206 0.24030959906687413 0.22994168658983943 0.2507963214103637 0.2706362897448611 0.2434643293336245 0.24389990746198864 0.2115084782600694 0.18479612444509425 0.1657707439849641 0.15503513671241922 0.12545051066203874 0.10659241052118522 0.10827894616790228 0.10236287517549691
0.3310353717032284 0.321002673275626 0.2846094101181407 0.28983714477816597 0.2594257225587164 0.2655147275709001 0.24714233689836765 0.21386176116578626 0.19334388342015293 0.14674033506332415 0.11605548093826847 0.11539651959568067 0.0986327534168496 0.08049819729363976 0.0723487618883422 0.09310774846676773 0.0768668482348153 0.09084578359513568 0.09802162990343884 0.10503742752382247 0.09655389124013328 0.10969421610376867 0.09992148069571179 0.12290505935850622 0.13364219513561768 0.18556510977765794 0.20426745590750434 0.2161169275963623 0.2211705559233603 0.23623442950742626 0.21799691942113048 0.23683646250550733 0.26293537657278837 0.25846930626976306 0.2627684263911808 0.22976960310400119 0.22845375147113023 0.20094744919927895 0.15646616797905472 0.13612469639045544 0.13395322652649058 0.12162917644805767 0.12892340764278928
0.3355520530927288 0.31252168509784467 0.3190162498386708 0.29221965766280394 0.28742786550197647 0.27339951557105985 0.2708937424668842 0.23591844267840537 0.1766507438674163 0.16380795037800763 0.12286725218628032 0.11741726327237348 0.09679057462450223 0.08491470554631422 0.06603820886352946 0.09866960684142759 0.059296249242341885 0.08313963989983376 0.05702161077372405 0.055359168392421644 0.07351298745285896 0.09212916317439382 0.09522043164591765 0.1164944900759699 0.11621321881838036 0.14505662771917768 0.17321490918719462 0.21842633696153585 0.23429093900016304 0.22861917036108553 0.23543567654950553 0.2505300999934156 0.22516741061335144 0.22579687689513608 0.2524256413716276 0.23387791765388172 0.2829028183967591 0.20860739236803394 0.18572118647069996 0.1746765534850159 0.15968444108859417 0.13054171740470022 0.13699679612162113
0.32077084761499386 0.3063440926570155 0.2889397709230071 0.295149483044261 0.28468915141645096 0.2544576556775268 0.27423015087662267 0.2377076729245665 0.19269671801024527 0.1944406575566587 0.14876800120218864 0.14330332023916978 0.10921279226138998 0.09681964271955942 0.10943510736564864 0.10543937758997472 0.09110185633368574 0.06412583010000182 0.06682051722472393 0.047892191181543045 0.0644465748563396 0.0701029661075923 0.1060495034778454 0.11128015150463741 0.11084915153596257 0.14195695877196496 0.1836504976385186 0.20445110888171167 0.23118334979461017 0.22171639358426828 0.2408065365467797 0.22915319905516202 0.23461420808839298 0.24182047384912297 0.23777796237829243 0.2431680799387514 0.260380565851708 0.22135252877693065 0.1857740251656555 0.17940588171103947 0.19136471544246744 0.16505308058383883 0.15183663619235968
0.33347383976566597 0.3131678855884253 0.30897659737009864 0.28421547936756103 0.2525682455672201 0.2725142070257274 0.261409521731281 0.24097790360837204 0.22213648351777907 0.18473508550569323 0.19227583314138874 0.1535769498966499 0.14304648959325866 0.1255340992764785 0.12413344341709479 0.13205993224107015 0.11937481844812979 0.08417428758613128 0.07971407453041482 0.05284406473773896 0.05003894116718197 0.08095458525878847 0.08006467185474983 0.08859450579034257 0.1034920568822231 0.13086808925890173 0.1593102451426308 0.19048063853179437 0.21076779802995538 0.20618888349840844 0.2058227178092398 0.21119409671142478 0.21319788233732534 0.22575129236752786 0.22880188493667336 0.24248931047603525 0.22325622528349828 0.20969989822287338 0.2104702679109347 0.21229489012638758 0.19434253756412292 0.15042467535951015 0.14374468487219338
0.29914812997744505 0.29724188423191117 0.2600717399172272 0.2550941540009006 0.24474688047045634 0.26416753932633774 0.2342819794840611 0.22340755202777338 0.20620183747586415 0.20354741954577402 0.16690796810246533 0.16555983409635577 0.15467407648984846 0.1300717393028687 0.13061692269280878 0.13509095267593724 0.12754762646756912 0.12535799158163452 0.10801472290435951 0.0631096279529244 0.058018277693273765 0.06829343169590252 0.08449355452885686 0.13230356185851994 0.1278035645462119 0.13841241864920284 0.1330107926443642 0.1530626952870163 0.1655351207111855 0.17995856435099508 0.1940122237093401 0.18827415932631755 0.18738065251254718 0.20992173250178595 0.22725272633387514 0.2133981965890367 0.21308790026642946 0.2203442369713393 0.19163876117707332 0.20258656418154153 0.1966085962413491 0.15257415379875466 0.1175228663816249
0.28719475512137793 0.26928603717376115 0.2550000749739148 0.2699969431190332 0.2485311731035736 0.2420345675866808 0.21894730058108486 0.2222296757701196 0.21583494091308572 0.1994913283040649 0.1603703420851946 0.14503245536206136 0.15634942609053423 0.13305890780593765 0.14007019058575612 0.1384262670954546 0.1167119598404139 0.1164141376694715 0.11457815639311632 0.11104031187123817 0.08354113481770686 0.07518362763341421 0.10252941014004513 0.12530386059227552 0.1705766647748098 0.14765781884136844 0.15320340373533464 0.13392770046307573 0.14389691610558902 0.1899142544785478 0.1798012885509655 0.17560849802302064 0.2001136488658967 0.226213462395809 0.22515557351349472 0.2115169059442697 0.17645716584577473 0.21069663087766125 0.2078990960962861 0.1925249438137198 0.16223185272351762 0.1437423412529626 0.10890769820227761
0.2831684251974104 0.2904685835559242 0.28318971436467777 0.2520380086890867 0.23782447542067497 0.24006129483865796 0.23720348632414118 0.20844059248573302 0.19242213431503294 0.19098116208864216 0.17409375551364206 0.16659778353872517 0.1854053565019859 0.16846216164874492 0.1452145746464248 0.15146392897347477 0.15325836903098658 0.11406992870656818 0.10634037683902592 0.11950652208795999 0.09720859108524713 0.09741648003557866 0.11023403384414558 0.13239833692065436 0.15580113921230607 0.15747315325015615 0.15689688692866585 0.1375683143948028 0.16544793771693822 0.18023909288683312 0.17934770949075515 0.1896520176418664 0.20688064112298687 0.19446567817908825 0.21267699286251665 0.2133739951482975 0.17205103930291318 0.18345808260039065 0.21146437155222003 0.18881294223726414 0.16792893632301853 0.15410611242332953 0.11432613427829437
0.306885684479482 0.29875055770501097 0.2771839239719202 0.23182653211482362 0.21926885206850913 0.2125709349906671 0.21590501158281084 0.19716035573789034 0.22129545701900236 0.19537115506877853 0.1905944653143036 0.19520653457600898 0.20460400836673878 0.19857730412968852 0.14346975946134655 0.14691637921572756 0.15682225221367446 0.15283858820636312 0.12085401466385613 0.1392542132354064 0.11852009418239218 0.10500495271138695 0.12835028847411342 0.13526466367606083 0.1347829573244124 0.13801280202167882 0.1492008122657454 0.16343199122854865 0.1642803973395678 0.19178339248310214 0.18786487317973358 0.1876939277271455 0.18500116646936954 0.2179076157810539 0.219546782121335 0.19913831911964858 0.1656163041925245 0.19690655543307883 0.20057170321485085 0.19222017007792422 0.18330373636731842 0.13916131179124896 0.11301684037151907
0.3191069188735514 0.27838531505731406 0.2547509581311876 0.24106752676153065 0.21028775553655568 0.2144090591261821 0.19091873612211224 0.19187396709895815 0.2142114508740906 0.1870025715032678 0.18345308853546882 0.20958486643426952 0.20224597774088834 0.2069167329371424 0.1823509793032289 0.15335884333691316 0.16483086802487398 0.16795582220693345 0.16008821543335314 0.13596584899334963 0.13454164612856187 0.14193445652308978 0.1679007509854509 0.17372514903903583 0.15795267193828375 0.15806186475284878 0.1577355931380159 0.15718924801426826 0.17945751495182075 0.18019855776727606 0.17826340143932437 0.18519307868971221 0.21126651904284402 0.20485619569437422 0.22599902937714952 0.1940486652803215 0.1826142303787055 0.19177144379407052 0.20673821325379058 0.17832271099922095 0.17061289482592393 0.15046901229117263 0.12490144658881855
0.3303254042923538 0.2735361422871883 0.24939351475184546 0.20916823266803874 0.19459020766298843 0.20666676383358024 0.2135452177472477 0.18551160316951093 0.18200688330206866 0.1888214896597676 0.16171869976658218 0.1948729873589432 0.22810611232726 0.2175287251368526 0.193202189505491 0.17350034370929768 0.18808665914912123 0.19868954208215692 0.19125496396026032 0.1654247706963963 0.17304963388316424 0.1832530567067566 0.18430534267426124 0.18319512186606032 0.1888227650558558 0.18352329083155597 0.14567277886662222 0.16692128549130028 0.1773285954969959 0.17467530558919647 0.20201735547794253 0.18099438354062827 0.21892550298397703 0.23013238202512634 0.23184291464840293 0.19713523739809863 0.18642917043486734 0.18491999053679034 0.18732057909438507 0.17340165988902453 0.1926968171340796 0.16221921067210782 0.12228600263397982
0.2859684579178007 0.28202203116207625 0.2352770494362958 0.20138181694760146 0.19026877931823657 0.18650164560281765 0.17425594028030175 0.17899989653225148 0.16510568697678607 0.16529795515243126 0.16457298472088952 0.17437999799804635 0.19665655302565754 0.21140428796213567 0.20249236178869717 0.1901297490029518 0.17117758557757196 0.18226775200020529 0.1904524109749291 0.14643989868000523 0.16863724232461555 0.1651659865887089 0.15103077825654398 0.17837555340572847 0.19200938604994922 0.19125325493168654 0.1815239847280876 0.17582374739662804 0.17479652687794825 0.17359993655824943 0.19631351952381096 0.1702458544066123 0.16571047905916372 0.19385077857346067 0.19274689481831905 0.19782638474660408 0.19074236462082142 0.17012390521400583 0.16217174525361064 0.15156915561202708 0.1356248035951358 0.15328712909760042 0.14363235354039366
0.27238465664725725 0.26100280814924953 0.21910473450717294 0.19713059604193112 0.20857146791947748 0.21127549842396662 0.1867814228416119 0.1709568941428608 0.16565642468859845 0.15341445420680688 0.1693267266466842 0.15438953222578625 0.1852167400004875 0.17946890479041575 0.178995020679052 0.17179224413072128 0.15572866773705468 0.16564867290923752 0.16698421042663367 0.12445870313366089 0.12461741248091666 0.13886888156965158 0.14224941639769118 0.1851810465370912 0.19184694469898422 0.19856106002138937 0.190459058421629 0.1845241510110888 0.1477592997842265 0.18572591711549205 0.17761284546673922 0.15327926525544516 0.15372824233192553 0.16429472476181592 0.20290069444127662 0.17120357718597018 0.15719039904583615 0.16541621986589858 0.13783869526145634 0.11936482927359253 0.11446118002518736 0.11008982248073483 0.12240875352710757
0.26010174267419 0.2439551395752311 0.2415020382425688 0.20242583184829777 0.21215662247739273 0.1936809592133031 0.1939544298228978 0.1756474077791432 0.15960135764812672 0.15680014914485244 0.17136375802532966 0.14618549622272786 0.14699265406017614 0.17266134811931313 0.18268367287834752 0.1508054472560918 0.16147523740204067 0.17233662800649738 0.16012715604039943 0.13542273350548928 0.11074822048488407 0.12840645065684927 0.1539889754615056 0.18019792812905544 0.17782987084191823 0.1757581704610347 0.18908055248813793 0.15089316751024612 0.13852989816751626 0.17055138566060007 0.16750786399248188 0.15237477407282016 0.16272053297230243 0.17602613392598082 0.1733643743806246 0.1658343048986223 0.17274275430065794 0.15293198881875394 0.133059891353131 0.147596971711658 0.11373140725813279 0.12054954675939589 0.11223946632997144
0.24807004558305024 0.26223113073383847 0.23899399909614616 0.214608578856483 0.1890816866114391 0.2127132404133728 0.18602621867934876 0.17520639929677967 0.15116059389918426 0.1382390831556237 0.16099790850519072 0.14072079531833984 0.1422521659429359 0.1364069831781217 0.17163201158601846 0.14370826455208355 0.1611583404859699 0.1693039558730595 0.1705972103788059 0.1335144903496924 0.12939226689980085 0.14109967786222388 0.15868253953576314 0.15703265123661395 0.18058992327629614 0.18471337526930376 0.18955002884229566 0.16904952258954617 0.13718831667789602 0.1743594141604222 0.18440271645841255 0.15809263934508455 0.14265985675794435 0.16630271969141858 0.14566130221333318 0.18032776595893293 0.1592928783396434 0.15738580665643917 0.1618866437084078 0.13417001428443595 0.11799654873329397 0.11189309674217483 0.11436250600809657
0.2545411294437337 0.25824616303214204 0.23299282971724114 0.23198708690640585 0.22937241196502775 0.21255589360822064 0.20905078450409353 0.18677720230913963 0.17162156251154695 0.14614910501485556 0.14045854331369198 0.12549759401072674 0.11924381109888128 0.11960038253924112 0.151004061479469 0.13779904545699626 0.15784133865524289 0.15205205785181003 0.16882409686495348 0.13539296180542576 0.13361204976949445 0.13463700470423212 0.17033860538378745 0.1679014586545294 0.17557636015543113 0.19137651094216654 0.17522385430588436 0.18838603829670034 0.17903523705850294 0.18397959695885036 0.18211247686710877 0.15911991423634747 0.14759217048065912 0.17430925848941192 0.15538523312270994 0.17446157218334837 0.18710094227767757 0.1665233167924976 0.16409414046608292 0.1428971334368385 0.1310303098391968 0.11192596573788015 0.11249712315523926
