Raster_benchmarking/Raster/continuous/raster-426.asc
NCOLS 100
NROWS 100
XLLCORNER 1743154.78381661
YLLCORNER 5469285.544333752
CELLSIZE 10
NODATA_VALUE -9999
[rows 0 to 18 of 100, columns 0 to 42 of 100]
0.634802493076017 0.5999451271944033 0.6355585543650356 0.6071236763926807 0.6115024049257889 0.6643241508764929 0.6608896691497147 0.6698274669080275 0.626186564269249 0.5780204654912255 0.5551160947625475 0.5307193916606386 0.5424451634861301 0.5363711254671979 0.4977956401222403 0.47682108216609703 0.4998679170708808 0.5012568550329266 0.43610562716834217 0.3978693140926516 0.40641650667249496 0.3379627993604658 0.3247620940635655 0.34985263378034465 0.3848668394901546 0.42977930234722805 0.42580838135284976 0.369065276634183 0.36205810733479177 0.4078061205919402 0.36374062002245205 0.30359139682124336 0.2790592119530829 0.31456453919670724 0.3007465512367125 0.25980769007887095 0.2652661797238666 0.2667796169472566 0.3230399273955376 0.37268380675680474 0.42055196348846624 0.4021017931538453 0.4055783270877836
0.6100673273928896 0.6073406745597958 0.5653297222965383 0.5902275710644779 0.5644865979607353 0.6016408905040886 0.6544208490376706 0.6569036173344676 0.6233989907762687 0.5910077114630817 0.5725367722476835 0.5644940874523197 0.5540083359391405 0.5295044627361342 0.5049635934454578 0.5038976398250743 0.5160081269550457 0.4992510220343973 0.42758415939661576 0.3807687135086664 0.3698110675741891 0.3337774356983286 0.31899176911359306 0.3527689285112597 0.37461956748352304 0.3862456512995814 0.4160159491172203 0.3797053353016389 0.372704340556734 0.3682248253679389 0.3453477241995341 0.2945208929039429 0.2784631716222348 0.30124135932798723 0.28998657405892064 0.23900576882188881 0.24652825313848833 0.30413129730374266 0.2950015865272185 0.33741195466635876 0.38559300838924393 0.40082102099796213 0.36666434951539845
0.5822270648392865 0.564999902477721 0.5748484949058288 0.5575035938732708 0.5456781793620705 0.5548065495851234 0.5757572475552403 0.6105160230976463 0.6108867872738042 0.6330067614388215 0.5833453885978153 0.57783738630821 0.5271233644507173 0.5101766262639768 0.5238862692877824 0.5370227016349659 0.491585449189013 0.44254260825775826 0.4413780859469766 0.37841217576687475 0.3676049337535319 0.31195172053087533 0.31158101726247217 0.33337616466118203 0.3609690639332778 0.38987057129923197 0.4199675620498397 0.40480871787336775 0.3959456692135292 0.3402452410181703 0.28252951830094464 0.24329848473733867 0.2688637765663351 0.2485208537866736 0.2778240137510218 0.2653312774922403 0.2501276001822741 0.31213438569793733 0.28084570712295986 0.33138700106698077 0.35649956749713324 0.3585049617450495 0.34096556801715394
0.565093138841368 0.5324573889823534 0.5553512535943316 0.5435938687239907 0.5203612733052916 0.5612078870723843 0.5562104285888682 0.5409031462562482 0.5913798999686933 0.6066279129853007 0.6247541538628952 0.5571376623321058 0.5152581155546888 0.501258554523453 0.5019358407451803 0.4869636148859909 0.4569192165403368 0.4306115044896766 0.39996637423217596 0.38108341790508377 0.32849844557167124 0.339491018058179 0.333253870874303 0.30973613441231346 0.3431099232570144 0.37701801138093016 0.4059029973101699 0.3871804214644296 0.35324714723036815 0.33166349518903304 0.3036655616245505 0.2659524798703117 0.24558106322147252 0.2748971346195981 0.2902138854895234 0.24582724728116417 0.2772243303101725 0.33221792169419095 0.3100725264002345 0.29676460106176145 0.3039705869499919 0.30554577954047774 0.3211347458894086
0.5259614364995532 0.5056428113852689 0.5194154263802456 0.47028115384369135 0.4733067001883412 0.4921969647085791 0.49090684847048366 0.5009132252071997 0.5705186212763539 0.5935143366497406 0.5922310580469419 0.587140995935047 0.537958842852053 0.512588037882788 0.5444256105411371 0.5446896895827855 0.45373069182199094 0.4294622429319881 0.379015369147328 0.3406079312430617 0.31152527423575466 0.296815518961758 0.34084472994338605 0.32067868180485454 0.31309942699609183 0.36202728458045674 0.3479543045996537 0.3745024539530642 0.38018607810175575 0.33645925424049483 0.2888055112290837 0.26740746491972844 0.27783731324970934 0.244346193968474 0.29012014951598697 0.2755016875141892 0.28099041367958905 0.31104747351962053 0.30475943476545503 0.25552887651582396 0.25545753655386905 0.3037661014809372 0.26151005475104017
0.44430365268245947 0.45179299127465644 0.4373006409750227 0.4505932230963864 0.4866768707536767 0.4941035166058593 0.47287197528002894 0.5165051985646032 0.5229672349454072 0.5105978249726058 0.5520580832507357 0.5614784087783411 0.5118969469216693 0.5436477235689744 0.5171263560240951 0.49574403753492446 0.46518348196503095 0.4047238004283368 0.36876681553584695 0.3350169902326657 0.32715777729707685 0.34527129973254117 0.34632625320919347 0.3306520506952746 0.3461793346631495 0.33775849228198546 0.36205697518577606 0.3730466734174939 0.35510272568723866 0.3316252856551091 0.31679025417014095 0.3000741828508713 0.2895727504353486 0.2877964012407726 0.2800518860710555 0.28606800995823345 0.3026032750606327 0.30142299948544465 0.3041507188568713 0.295245736273091 0.27862212954692867 0.31885460646174885 0.2676835510138366
0.37983583416251504 0.4535627093206144 0.4477014700033042 0.4301623128122141 0.4470627643879322 0.4746305103465892 0.4767424319672853 0.4918826136657632 0.455495713306204 0.4787749767124239 0.49779182777289177 0.5063210844596421 0.48246920607813326 0.5331487149478026 0.534531338933957 0.5083413097414335 0.4855789609217325 0.45007558119275765 0.3421870284735664 0.31515430236624137 0.3487556992985109 0.35419316953814384 0.3680938895125147 0.34976292862591213 0.36101758110493065 0.32492652161912317 0.32116746246914696 0.3625696631329361 0.3185421278858424 0.3188532367995818 0.2719436271451364 0.3089699943154728 0.3116891304886663 0.2598929316496624 0.2836815261068379 0.22826867993965888 0.30083443674349847 0.28715015863883275 0.29055288038580934 0.25875474715407165 0.291284327311732 0.3043098180535394 0.30859375997105126
0.3733325843150114 0.3504503021239403 0.365557058598532 0.4021289558907124 0.37856140072392064 0.4268047298585888 0.4433796173446461 0.476783398764701 0.45126911635718675 0.4835444563989485 0.4684125356317941 0.466023490950018 0.47615524658568004 0.4906339183664608 0.4973032397738731 0.5136663885552357 0.46955477401911144 0.3788904158261309 0.3452460675326593 0.3425453280275001 0.32297917009390353 0.3078491638957629 0.363641021294753 0.36207050720642237 0.33789262676921744 0.29815447540985734 0.30380559833932747 0.31306278327618137 0.3350929365038019 0.29758724079467813 0.2600770976016443 0.31852870676639816 0.31399135024559516 0.2568244503924929 0.26016115357247077 0.25794842091631764 0.2654054024958656 0.27481811207181234 0.2698616910510582 0.3026326032515638 0.29296085799754856 0.2763909034251385 0.27231341712545787
0.29318211970639807 0.2930995095466688 0.34529286688921573 0.3194760572062957 0.3890015939055502 0.4001698237756345 0.4709827219095854 0.5062593401386388 0.46343159985370097 0.4493939108093143 0.5085219796273066 0.5145926607742387 0.45336947566304997 0.4278265425311353 0.45120405748049713 0.4643997092612923 0.42564449449704617 0.36226978059791515 0.31354723168654663 0.2858588206727022 0.26571064523431887 0.30401545825028364 0.3182452325381206 0.34231799620896025 0.29451325910506926 0.2952792653150484 0.3048912721037898 0.30059378216105 0.31952100547666284 0.2615563930897009 0.28699434866164686 0.2680595301257092 0.2781868116884197 0.3007346981085052 0.26266725907253763 0.28755721792247957 0.28394773195277373 0.2750815643560915 0.3047612084602338 0.2938158877310286 0.3062871199062874 0.2777770621415006 0.2884541888446957
0.2815360905043683 0.29033358424208366 0.29213766388649315 0.3027956873254286 0.3712970627084693 0.4066910509207274 0.4598712732808057 0.459777240542454 0.46518154104456566 0.4421751177677917 0.47468277022770405 0.4955716897247112 0.44758758926723985 0.40326969012322655 0.4075710269094127 0.4206767550536742 0.37280369879347636 0.3247304256744711 0.33649211067966295 0.2848569993482348 0.2622752730697164 0.2697919671539798 0.29995769374750864 0.28005052608195313 0.2748476007755645 0.2542659939743232 0.2656549628787899 0.25700505192989737 0.2747833704546099 0.24654240152264834 0.27493704583127426 0.30641460963425565 0.3013312536955934 0.3018775058396862 0.26458504904728414 0.25029882152177574 0.2878409749487672 0.3029429674155906 0.2672147380070841 0.2931433554253952 0.2811472508645383 0.2740746021151086 0.28026667991912946
0.21897402462073873 0.24228030444060208 0.24645781224016503 0.2847647327016529 0.3321689851046425 0.3634255307030286 0.42251234227143125 0.4795394877791815 0.4914681663420864 0.49410040174899755 0.4924962408663659 0.5049095404662547 0.4695257014764869 0.411836531960012 0.4067338350101502 0.35101913959035247 0.36324116436463866 0.3441947337568186 0.3405880093070628 0.26437335575919085 0.2701716990941409 0.2630017113577187 0.2847564835920541 0.23549979786728914 0.2696466166429768 0.30565632711377405 0.28367084854224844 0.2858665488150257 0.28753053087912306 0.26716273205548985 0.25101400282996644 0.29185637508882495 0.28047052233669456 0.28807628025479526 0.30244597111474053 0.2358441507203874 0.27478137898601246 0.3083136015622504 0.30551710529488 0.3053536104427013 0.2942914308542323 0.28111286472317276 0.2789115307518625
0.21053877251853592 0.24579542357458026 0.2388729287412651 0.26485538250726226 0.31551691082656236 0.3469687536724534 0.39971060422677734 0.4527319990620219 0.440543160946454 0.47242360512947107 0.4503645955698461 0.4545384218311542 0.44274392101520027 0.4087065425174446 0.353625346414433 0.35223212546058674 0.3238506668756022 0.2968274529154311 0.33135280565471903 0.3358271208109803 0.29879905368216253 0.29412679933102576 0.2687253921640419 0.3138792575505051 0.3159148051899671 0.2949283365668242 0.2719004157225162 0.28378408562022467 0.2926506337878195 0.29777801669757564 0.2822293935519294 0.2979136863642692 0.24506911412808974 0.27710452266109337 0.295027419879385 0.30320895148451676 0.2908997813414957 0.30929177301056443 0.25650279456141556 0.2866474370779044 0.23586415238395275 0.24581216408970455 0.2998714265987355
0.2342685357218549 0.21147321326975568 0.2537964974431519 0.24913438055129367 0.31467554904197803 0.33736305698083613 0.3310679113006056 0.4094982174648171 0.38187464278594996 0.3819385592198297 0.38135023377600047 0.387415938716805 0.36989957859049644 0.3518274383255503 0.330842734520979 0.2681781176043484 0.29242761988312327 0.29441578927120926 0.32533587362867794 0.34189910471889073 0.3427153987659058 0.2891428533593622 0.2681688048989057 0.31008373719146204 0.3148998620842632 0.33461417720811365 0.3113522389411601 0.2857372182656415 0.33121746588809775 0.29407762434491047 0.3023159313486519 0.2481410111666842 0.2456061116275147 0.2732385924492153 0.27070603979760977 0.2843508086209991 0.25393827644390027 0.25928320556159884 0.26737700313397594 0.23065495099855077 0.25749790409807305 0.2509812972706125 0.31000678236048107
0.2386486562550836 0.2447728718111154 0.25697484925676845 0.2815250659896329 0.30375145729133407 0.3076485391570934 0.296850810164224 0.31150485339574957 0.33133309440849257 0.36491166742772585 0.36144790461228044 0.352576591690956 0.3256514534087045 0.2926517784850373 0.2932725162901015 0.26248610839326 0.24575722886038603 0.28321542078568535 0.2891061331385467 0.3438603015469906 0.3583304706006723 0.34623451840393205 0.306942759379459 0.3187790246555969 0.3579747003119151 0.37849131911337497 0.3592115598606083 0.3592843814204733 0.3483354955237365 0.35549758259809205 0.3063423865468262 0.3051387906670704 0.27409833839320036 0.2935554539124418 0.2576775738793254 0.3035430533067984 0.3033991005529924 0.32142393324969853 0.28997784277003746 0.27622976166081165 0.27417596417175 0.2904782122669504 0.31306657784114966
0.23712223862213044 0.2558084676276641 0.2514134468805473 0.23369528707424253 0.2745236219621076 0.28178684281184463 0.28512881848059546 0.284418031030396 0.28659150400720473 0.2587942907560823 0.2689431668750129 0.3056235234796345 0.30185370063344874 0.2632422645634549 0.2648561679975392 0.26598349690778045 0.250678003436564 0.27273445859989226 0.3291821851246602 0.3679082324440153 0.32810655873685163 0.32122259174092 0.30714435497319165 0.38416425012993377 0.39812957407562566 0.36549635722141055 0.37523750978782194 0.3636528636000879 0.33246799935708765 0.3575735823097574 0.3263689632402126 0.3079436724325288 0.3109446268793898 0.2930316598501801 0.27819152111149636 0.26338519234595503 0.29832479230921244 0.3186163905682156 0.3180915278621154 0.31741585535210426 0.276467488503784 0.2676403760041878 0.31999551314624336
0.2805608472421397 0.25274636293980735 0.257162568053072 0.24849938195493673 0.23479694009561264 0.2784152661452485 0.26793006863278596 0.2986065856130402 0.2740924601234552 0.229205556939603 0.2727094504772386 0.3059241093225744 0.2773440887488156 0.25282058363121007 0.29577589734034115 0.2675660440473938 0.25915112762219134 0.2320297206807152 0.27384384481595647 0.303595520972001 0.32933835650942156 0.31003008299533896 0.3217034210563769 0.3381870903992211 0.38211822881893326 0.3926440275138947 0.36448934892156576 0.3636321026310144 0.3624023232940114 0.32017066267817446 0.30673704461551915 0.29229371006706145 0.32513773464649093 0.3081852219285281 0.2691460318937496 0.25621310374696676 0.26663754563192577 0.3308314076804371 0.3205246277478413 0.3063726424442197 0.27480671148305225 0.27651394406340163 0.32206120146368106
0.2718686465169553 0.29412989036487186 0.23954702011405712 0.2454492789106602 0.22609877455364308 0.2657534720294029 0.23439335109060233 0.24031116494166685 0.2391605387923453 0.23393288436575677 0.22094828676133843 0.2428355777980977 0.23139311825752026 0.28986417628807787 0.290342795058514 0.28096828943257945 0.28474904816131724 0.23478867260325062 0.23796445918291584 0.3089341283455212 0.3052600468992398 0.3315368544142256 0.3351158446208127 0.3056528418012627 0.3731736428049677 0.3704972477942206 0.36951512076628207 0.3963754502584183 0.38892421944666017 0.31987921984953793 0.34212677137175407 0.3023550905959227 0.3083570703789926 0.34046800442258784 0.30239513855286804 0.29659160698908127 0.27793142269525384 0.30973922893226963 0.3151296993170869 0.2771300188841616 0.30154942572933346 0.311583588834896 0.3418981808487957
0.2716105558490982 0.24335822626346307 0.24576959768550327 0.27068536062938725 0.2533890589298979 0.29168484323120375 0.27713490457211726 0.28326624800332656 0.251933735060193 0.2186872879010626 0.23267659366282137 0.19215700199772956 0.218392741712746 0.24762901963884007 0.23763961255718186 0.23818409969661322 0.24863925378228746 0.21571726833114485 0.2375622451747497 0.25754991837308155 0.32156971689417246 0.3123489879261771 0.2939953155300643 0.3253530360988984 0.3090746234802992 0.33896432546727284 0.38253185325294004 0.37440170993338 0.36969123045679925 0.3634746457934071 0.3505100464123887 0.3310280023819044 0.35885472258056683 0.3433148114646701 0.30885748234915367 0.2784476325274902 0.31964310921943134 0.3023365589865965 0.2922338627827582 0.2848310097270378 0.35144901273728085 0.3688849738849165 0.3619086041104976
0.25605991987823096 0.2548464710026904 0.3109236922508602 0.28869482079073344 0.30151361256256126 0.29251432814495704 0.32283780869871154 0.3495771563347541 0.29854178884981325 0.2699759697446157 0.21952455891120398 0.20005312521475982 0.20555936874485212 0.18485251246492643 0.20010166853131714 0.1742794896390038 0.1911316596805683 0.22755851746559888 0.2521433426614602 0.2793164815086406 0.28589020708641766 0.26872726805962055 0.29278750211668 0.2642916952237395 0.3141174875556364 0.30896175413720184 0.37043799821305823 0.4055072175712839 0.37129053405543255 0.32690067761717995 0.3411733900307317 0.3273304080890098 0.39549970430213877 0.3922436383938472 0.35496973449281083 0.28536813942300754 0.324378487819298 0.2866995790581773 0.28823618843292687 0.31167227407382103 0.3527217092188032 0.38002262122930885 0.37714604780695504
