Raster_benchmarking/Raster/continuous/raster-334.asc
NCOLS 100
NROWS 100
XLLCORNER 1743156.280679297
YLLCORNER 5469286.222926369
CELLSIZE 10
NODATA_VALUE -9999
[rows 76 to 94 of 100, columns 43 to 85 of 100]
0.6765981298977392 0.6709742664267849 0.6702421352095769 0.6317891831359175 0.6523719216045893 0.6609321376763235 0.6197641306857471 0.5869693485734023 0.5855178572874221 0.5523977741379364 0.5774232839420328 0.5785687445622688 0.5303412093239341 0.5101392734815703 0.49543092904253844 0.460912133407442 0.4785427180370618 0.48149920828987847 0.5117519990883905 0.5220415108416198 0.5312711603170573 0.5520473951453813 0.5288720927779891 0.5227752237396571 0.5501766330482813 0.5443616151267455 0.578460044113682 0.5737485223557582 0.5751516199671455 0.5946372891808823 0.5698936473737682 0.5637485090498505 0.5523863904062798 0.5699553660181758 0.6081981003560502 0.600180088686191 0.6069312174222811 0.5840348671764284 0.5808941201265787 0.5766958300261332 0.5741064085005698 0.5712743832770761 0.5497766533473724
0.6744526183754463 0.6923008353730683 0.65410880703411 0.6414527953630023 0.6258658677783381 0.6346607117685203 0.603880968951738 0.5517362178105675 0.5524011533409121 0.562940427852514 0.5546542955624721 0.569617927049978 0.5449480357123369 0.5315827014269752 0.4993184836429424 0.48128259898028436 0.45713648984807137 0.4693107687045734 0.5195714169650828 0.509852810921768 0.5169006854804545 0.5319708691105574 0.5241338189801767 0.5322397176422855 0.5463015371298477 0.5692540846072416 0.5590730549689349 0.556224662395128 0.5728312167404135 0.5854181174061378 0.5549053398527991 0.5483032699910547 0.555104439949923 0.5821162694087529 0.5813817992315017 0.5905001044257571 0.5886103025377823 0.5777368857201142 0.568586055391204 0.5654607998231442 0.5595521501638037 0.5732253476066499 0.5478392089672132
0.6741495933902177 0.6708745910497131 0.6803592941874144 0.6574047020299676 0.6348345750517702 0.6000041715313637 0.5803192356905598 0.5403962881588592 0.5183513278331383 0.536159060715921 0.5435077384556933 0.5360414767766587 0.5084082941180913 0.5058323143818748 0.4818412813112751 0.4682233120191093 0.47896283692631564 0.5122430365035687 0.5177999474335685 0.49564941722710865 0.5155217619935465 0.5488069949288147 0.5663455155374293 0.5481604664160737 0.5705901277098846 0.6020293242493763 0.5919389524080633 0.5668834925410055 0.6001503930264788 0.5798498244235504 0.6015807198401716 0.5646112940959689 0.5686048993249972 0.5874317249130411 0.5904485128104381 0.5824560344155546 0.6121784337770118 0.5927338492380767 0.5642686487865692 0.5577252534574795 0.5676394927387359 0.5709469030087596 0.5222307433940969
0.6826494655083604 0.7054830003670969 0.6888387285445643 0.6348529756010544 0.6261314548717476 0.6163457292565425 0.5961574961327731 0.5315904398605088 0.525989478940184 0.5048535656582178 0.4847775760243371 0.4970100604984799 0.4738826745948224 0.4644480822684587 0.47181160761448576 0.44904322742521713 0.4607407640832332 0.5011859405895424 0.5048471672547116 0.5220707754838707 0.5170196647703955 0.5524472827207627 0.5508497554907323 0.5722129849029717 0.5970805870799124 0.6054961755348907 0.6064370464757808 0.5767238310159519 0.6133153580210514 0.6170397815689296 0.6100202709863886 0.5872934428926565 0.5635022579102317 0.6032878720461575 0.6131244289046587 0.6147950732741928 0.6056170048706065 0.6119641951048104 0.5740533779903717 0.5577991886331791 0.5615771534588412 0.5722331692907289 0.5448556400579386
0.6801478803639257 0.6905183730305293 0.6473869035378323 0.610549312873104 0.6192593371759563 0.5942250559912672 0.5900949324367626 0.5661654152568428 0.5077279043492142 0.4920796428914439 0.47071372052411636 0.4818429075606735 0.4707546104318084 0.46517041183915336 0.45937511697879246 0.4282242898187619 0.4495050226269626 0.4774048537535885 0.4781232718428044 0.4955286760297265 0.5263134068006052 0.5673310312780265 0.5920058657832185 0.602524398948048 0.568560239857865 0.5653888099794517 0.5879908507469871 0.6105427268039811 0.6120123550420735 0.6118829013902919 0.6050660442618845 0.603882498967868 0.5805329941037283 0.5845954839311549 0.6061172954177392 0.631186317911857 0.634660613693523 0.630329682672596 0.5974326280078012 0.5936553997871574 0.5573505014908297 0.5380227730074529 0.5591107564474254
0.6592008309266099 0.6762799290890636 0.666288553201222 0.6171239916892866 0.5964400962327335 0.5832726716146338 0.5769394005873304 0.5498872404927831 0.5116621733164886 0.49536057935501215 0.49293330710090866 0.4618676813924705 0.4667040534008321 0.44080839873755245 0.44126534468496936 0.418087366499897 0.42435558079749885 0.4521251953273442 0.48346416814435855 0.48724095371233683 0.5164534658822726 0.5710249818922697 0.5818493679670063 0.5932799431274591 0.5747115560052862 0.580925403761341 0.6140584700710662 0.6155049333051908 0.6364363334063323 0.6318253001464968 0.6084796499152524 0.5950213061161018 0.61332780190245 0.5958133033792682 0.5965680521051313 0.6137802175606217 0.6171068257701895 0.6118726899484741 0.595711700630078 0.6006203604398211 0.5772695664454368 0.5281090350157509 0.5577868299833962
0.6604663224825543 0.6796156402079263 0.6428944441046621 0.6326547349042736 0.6235981776745997 0.5802819418765574 0.5760894030556128 0.5639602076506771 0.5312951942782288 0.5087707043122909 0.47083594632015696 0.4624624777957774 0.44878199848829387 0.4363773839808694 0.43758870909914527 0.4230099611484857 0.44101793509718845 0.45097340201694963 0.44626053455092207 0.4723206056822737 0.5225409040262997 0.5739694324606602 0.5723889829983245 0.5940487976940969 0.6014733061239437 0.6012100520180443 0.6270004161283248 0.628044575732424 0.625390310529707 0.6378570113070758 0.6445382575121907 0.6296348222448398 0.6160686522916469 0.6247220416456376 0.6079028438653967 0.6053294247472396 0.5882308386472822 0.5782157530957759 0.5675286196773001 0.5744576243922049 0.5698500413024331 0.5722958653861764 0.5673721207609693
0.670733750104287 0.6686917054626285 0.6328204164041171 0.6273712602944265 0.6141311632110134 0.6118861862815023 0.5983681456710745 0.5616865881760701 0.5059249585307571 0.4871433205344884 0.5001282429837609 0.452156923197909 0.456971323211367 0.42052101655548024 0.44561563524914827 0.41470498209397616 0.44521434911557706 0.43866666810217636 0.4418525280950577 0.46101163372744797 0.5245875180568382 0.5731645733716806 0.5732973818789983 0.6168588828463968 0.6210177709357894 0.6019719795089772 0.6487629793910339 0.6672874198076545 0.6392469217481798 0.6698842462160236 0.6474592327041505 0.6748931717946216 0.6386345044071982 0.6414537959980825 0.6257703907282349 0.5757999489865214 0.5700884678928749 0.5617532736083382 0.5365979710913074 0.5602129578231377 0.5810005998541578 0.5663985590698973 0.5464877873484594
0.6684954080729129 0.6499026209389749 0.6692059905057661 0.6116219286925554 0.5988394916513474 0.5972166019510718 0.5761276476248488 0.5452572224631835 0.5300412690939829 0.5210635708749211 0.5127286709461721 0.4999380798547944 0.49719126374385647 0.466900161454705 0.4725492760985138 0.47275993160705115 0.44040265002650575 0.46949806453718235 0.48765615072607194 0.51059210904358 0.5390837615599418 0.595161801389788 0.6055474324162923 0.6228022054967073 0.6190195135105322 0.6243311828110734 0.6544195011999091 0.6668947855319068 0.6386523288667 0.6733746032900686 0.6796746973027687 0.6661178677438055 0.6359374217884499 0.6454329984288545 0.6260839869971564 0.613649751057015 0.5782532394159509 0.5622900323816908 0.5413372422692696 0.554423983430913 0.5615890328405642 0.5353476657113874 0.537871354662296
0.6687386913018177 0.6807448132611614 0.6446640258002819 0.6200886760513062 0.5980862530688928 0.6146274262631196 0.5795024955500655 0.5763518180049763 0.5491018442981117 0.5146683445369349 0.5350415250745832 0.526710953062483 0.5055568023720681 0.5190688405614583 0.521458173498904 0.4963053763674772 0.4772651610760777 0.4964217708572364 0.5039936760203637 0.5198304586765565 0.5304007264109355 0.5761490555163521 0.5675301786361444 0.5978300805545667 0.6021000174892923 0.6205531116399675 0.6248244712288883 0.6420472181690138 0.6535569091315008 0.6581063135034778 0.6679802057896707 0.6455404956965318 0.6482292830680576 0.6420445579630802 0.6243413540073175 0.6101559863373955 0.5703086142966819 0.572533360894945 0.5676395909156247 0.5471030953264011 0.5272953819786756 0.5302192090321338 0.532405591130085
0.6982727143123023 0.6780523972051111 0.6744108715172447 0.647818435631693 0.6316799268646616 0.6345723757396708 0.5918644995527927 0.6016096635349084 0.5738196078444178 0.5569319674579993 0.5328618086507395 0.5566501327002618 0.5348372569664637 0.5116292340078114 0.5338377048513986 0.5200706327159325 0.5275509038888208 0.5282089820736771 0.5425241137694561 0.5625881554338122 0.5648624204531018 0.5890628931426467 0.5579051563737425 0.5849794855411871 0.5968537936363589 0.6348588876381107 0.6590773542991177 0.6615447267539101 0.663035374268433 0.6806698416391117 0.6455841733693122 0.6396080757098619 0.6181325581951975 0.6235704734012351 0.6110788567856449 0.5963477608930131 0.5878449213443748 0.5871876024656898 0.5511293786516183 0.5448555503265199 0.5432302317538557 0.5526829111453113 0.5575839733012846
0.7152835508388502 0.7142160092107445 0.6706147482719803 0.6255614177316019 0.6412451610483275 0.6224748193265762 0.5974567834439638 0.606391282326882 0.5620686416786098 0.5705517719432788 0.5683659624217666 0.5620368136353862 0.5462976993683352 0.5452350953834307 0.5640714893810916 0.5369355239056237 0.5450170073605114 0.5253676842966528 0.5367385986745482 0.5606468926782938 0.5794975777776712 0.5706204483465752 0.5712671494178002 0.5477459717396213 0.5761492730612128 0.6134926122617846 0.6466563466226971 0.6733618638531573 0.6704131210267625 0.6845730156682213 0.6398293977006223 0.6315470222696873 0.6420183716229108 0.6094487213130491 0.604154685463864 0.6183893995602138 0.5910679874534015 0.555423372014125 0.5305192913936821 0.5271513393663193 0.5599235622862744 0.5753919656494788 0.5826797469336089
0.7396349212866522 0.6993523691873296 0.6719800785772955 0.6344714935785557 0.643863616338429 0.6314121458327422 0.6282437198563443 0.6201609833986323 0.5791729840529487 0.5684051053396977 0.5564997222918502 0.5518233925650995 0.5375187998151705 0.5263269046370422 0.5605196387601654 0.5549735018556682 0.5237083177369017 0.5438225821959338 0.5492061305550359 0.5601814331855625 0.5719757075222816 0.5815511805291964 0.5566918584769626 0.5883149385177894 0.6138276870587388 0.6312439795852371 0.6530345665818823 0.6520423060856353 0.6361252393212047 0.6453176898115961 0.635934186408897 0.6625745581177799 0.6368699056931924 0.6259102671971575 0.6203710149549889 0.6093089797956528 0.6164878721384038 0.5724244933986041 0.5525287204040131 0.558644703455603 0.5452527806324193 0.543527775354924 0.5637667435367609
0.741093133717174 0.7005963695416824 0.6659817751897625 0.6394409352058533 0.6499532693521218 0.6524905517709952 0.6228487486821987 0.6407604788232043 0.5810560627633479 0.5708853209577235 0.5617455021773708 0.5559589473387339 0.546674084408814 0.5386071484666101 0.5484328170463924 0.5502199934904213 0.5390537267021553 0.5405048297774083 0.565526567864955 0.5806924013154351 0.5461667307505071 0.5695607132746753 0.5770898661211056 0.57137305646822 0.6097821956459791 0.6502227357306672 0.6248816284120311 0.6359568635669309 0.6467296629687208 0.6353306747968195 0.6626204247867867 0.6609508238449839 0.6526706493952352 0.6409287845265698 0.6069074137395616 0.617898579062603 0.6097550489001013 0.587977482440542 0.5688939910156872 0.5724344483930405 0.5458214551760143 0.5650440685647333 0.5521278288797098
0.721916450177249 0.7189484775375992 0.6656968317293329 0.6525488071319174 0.6346298349025443 0.6457138355433744 0.6421633159839923 0.6075811476260741 0.6170641161664502 0.5910359381546421 0.6131866754549029 0.6127885172175648 0.5929017770416226 0.583582041454155 0.5733699034059243 0.5601594645020804 0.5269991825034209 0.5271978066418374 0.5456896260415992 0.5349871012640639 0.5463483249543009 0.572379231843044 0.5758200489513581 0.5991317844166716 0.6462974442804904 0.6522735912442725 0.6296609952684583 0.6371798408909475 0.6708839074933178 0.668087007515698 0.6813538983148455 0.6612864917907618 0.6344255459879812 0.6158763602180466 0.6031757291335874 0.6144709062905684 0.5802134838406546 0.59890768423016 0.5834339807527791 0.5919581264044435 0.573764421625576 0.5772466164104706 0.5683017247542511
0.7059056911907662 0.7080514706106504 0.6525612555934402 0.6360078581729014 0.6361605665622174 0.6257152580899943 0.6154325766859623 0.6019970001035839 0.6162406723186518 0.6074114736776661 0.6280238020278179 0.6539279048182388 0.6166650672013585 0.5867154922591686 0.5798585578934659 0.5410966523880459 0.519988992654682 0.5175303548245653 0.5273495619494011 0.5293738588352567 0.5547352621171651 0.5454416528790721 0.5694953165405457 0.6404760421693256 0.6228950831082731 0.6430525355508231 0.6577353768308363 0.6735959404476102 0.6878064312825611 0.6885367251253418 0.681614666606746 0.6718060370752159 0.6485795902788296 0.6168895407515743 0.6110162408191 0.5747866664781924 0.5685133938252416 0.5669654378328924 0.5840269975456222 0.6278467854495337 0.6290763302133164 0.6134183348948664 0.603278877293202
0.6593230511778778 0.6725596912143142 0.6809251272210122 0.6616857091870122 0.6710860244987883 0.6226871220596994 0.616577350476943 0.6039323716644361 0.6171874196649999 0.6183165442587755 0.6112337065536704 0.635975641869582 0.633607594555467 0.6120017233427573 0.6009826721549718 0.5796169461464158 0.5523631299943867 0.5599452112428475 0.5611647966510205 0.5638439924347244 0.56644294257993 0.5478455577126513 0.5752517396473755 0.5987011656032151 0.6292605810521951 0.6433112776874044 0.65074542780528 0.6498649086522322 0.6535374694831693 0.6670615274061614 0.6525433730994115 0.6520540795526139 0.6329698775797314 0.6492145857370066 0.6355471769846018 0.6176636116555135 0.6024195240407562 0.5901470247117209 0.6275408427687812 0.6278742906928989 0.6400602280371988 0.6477396269520374 0.6252367258209109
0.6685691396470521 0.6502535135027929 0.68837391057503 0.6899647497133939 0.6581229695926204 0.6481649100798916 0.6300014390771994 0.6248275483089459 0.6343536809066253 0.6441320571566883 0.611326065182783 0.5999395775000431 0.6032021148486882 0.6156778529566023 0.5802882164925897 0.579186448599065 0.5838622257421237 0.5585278138811334 0.5446484335155969 0.5754003561562214 0.5462679595127465 0.5676083422156859 0.5860032555777108 0.5754647194654429 0.6127209058252128 0.6109707230848587 0.6385399560286897 0.605176427931038 0.6624732950637026 0.6781738808924688 0.6470924901720201 0.6377522654721935 0.6297136419269377 0.6493957593605518 0.6462778902695838 0.6203774364678916 0.6186913357442339 0.6210424449639806 0.6281694910750478 0.6624003034156757 0.6651531486509752 0.6553188406478675 0.612588329814422
0.65002305386041 0.6401468977026614 0.6660158411423719 0.678081014541667 0.6964928383485981 0.653801452188898 0.6791898023833485 0.6621392528448422 0.6722578279181503 0.6578226123914016 0.640639441989926 0.6295880714483758 0.6141926068072285 0.5942428552865142 0.5881690234582949 0.5813934987694356 0.5706084102341823 0.5572079591403876 0.5433604303798149 0.5669174434571812 0.5625376897989822 0.5919138924848525 0.6038920715468926 0.5812959668855816 0.6009428810305057 0.6081436645781869 0.6324267975836649 0.6232365949203207 0.6262571052471799 0.6196890758821284 0.6241905460114727 0.66012920851549 0.6419507164577073 0.6192912669191648 0.6359729955258147 0.5846186582750997 0.5841406704956275 0.6030083686061787 0.614673730363527 0.630814251252696 0.6475430409106426 0.62624785231234 0.6051142076437743
