Raster_benchmarking/Raster/continuous/raster-401.asc
NCOLS 100
NROWS 100
XLLCORNER 1743158.131791897
YLLCORNER 5469285.752357698
CELLSIZE 10
NODATA_VALUE -9999
[rows 57 to 75 of 100, columns 0 to 42 of 100]
0.5304700908072245 0.5737717797643977 0.6018903724647816 0.6036942542925987 0.629850699251481 0.5792852840928026 0.5917105350214328 0.5687001478039795 0.5733370767128366 0.5828285839421682 0.5778024432072743 0.5884007601690089 0.597252939823774 0.6479408602465846 0.6802651343733338 0.6760528241423082 0.6481452882338405 0.6047076371846296 0.6418360964219898 0.6376933392328535 0.6273521217842603 0.554201185769325 0.5748381254459032 0.594266522293818 0.568708456985255 0.581670856091002 0.5668896063887796 0.5023856688982408 0.5088441548761121 0.4669598466672464 0.4938058422494171 0.4776414905530357 0.4485522732909882 0.4444107139872057 0.39902838485004766 0.3959116732641532 0.3898482592380454 0.3924375199342453 0.39720167246261634 0.4206958819285429 0.45050462496311877 0.45581646664670705 0.4199135738434652
0.48941424940320655 0.5606855983131251 0.5940991444846316 0.5914187058860699 0.6119309847198667 0.5765042151498365 0.5895219908335553 0.5784614899660746 0.5850095758387316 0.5807973544202326 0.6032840523391773 0.6098987997850576 0.6604031343815518 0.6857971931443144 0.6737760626009645 0.648842372978523 0.6391184744567378 0.5972158105035348 0.635860538050368 0.6355001963695447 0.6041249448530034 0.5606700763827331 0.5907227717823728 0.5882635695208326 0.571525563224735 0.5617509346909342 0.5364547698502627 0.5111294513502648 0.5023911954369001 0.5028535180210891 0.47556464485385785 0.4444211154650749 0.4586467479575019 0.4054685320264618 0.4321658119755499 0.4331703740608037 0.40234249010951834 0.4122095089675158 0.38472008622084314 0.3721068921274778 0.39798705600369333 0.4102528343865254 0.42300913765078185
0.5110205660552186 0.5053488391086461 0.5409404122751451 0.5929684227863227 0.5917085617339846 0.5761327025110609 0.5791182882232292 0.5926481237092939 0.5826377704648784 0.5807161419239933 0.640429905820844 0.6639446585706682 0.6765813382440112 0.679381004992637 0.6720375177871605 0.6542664923380364 0.6240617937792248 0.5928452449268453 0.6132026337016696 0.6394520404216417 0.6257062033541052 0.5972040622709269 0.5935164626737062 0.5792231508539837 0.5735880361101394 0.5223609740335043 0.5382400961711244 0.5175249494704612 0.5227625535740478 0.5291017042068487 0.4634135427661045 0.4279358747140887 0.41660399688648675 0.3905645179161444 0.3923200583142375 0.40929502813400576 0.4123035251741857 0.39387927197151923 0.3513960325881378 0.3482451759626298 0.38781329258435 0.4047068997222835 0.4124540820403422
0.46368740652536466 0.49431884951380006 0.5223083982366168 0.5660137533498948 0.5535830219165108 0.5977728129473431 0.6297336149546371 0.5934148316604848 0.6190503449524161 0.6420509617601282 0.6563188972706677 0.6605530786392906 0.6957222951210935 0.6909223753761261 0.6896070052774683 0.6371769738423678 0.6023971167822247 0.6232215565169646 0.6289562785632934 0.6388098799342257 0.5965859364415482 0.5929937543315523 0.6009956072107259 0.5820509321055584 0.5233347910055509 0.5095323575749047 0.5025328332084378 0.4811420827965401 0.4971032592976155 0.4844478477966356 0.4547157182284906 0.4665462300384616 0.4674351429354794 0.41814051288120724 0.43021856876202474 0.4197284838098288 0.39974085005872095 0.3781318289880578 0.3607253675996591 0.3794458287602908 0.3505157151382202 0.353067739794414 0.39712698534993823
0.4845759734460172 0.48609098651620264 0.5280286726303653 0.5420199346632906 0.5790326659392608 0.6081239534945913 0.6380809666177751 0.636062922075232 0.6385049242722555 0.6477526934285439 0.6651867083943408 0.6496142944195716 0.6699842443805721 0.6829431140660582 0.6766309061041635 0.6344794807826374 0.6344087799565453 0.6315265764949514 0.6600512309061103 0.6356288835557146 0.5982105356845537 0.5543248248704911 0.5585991247774853 0.581717398389885 0.534566582762789 0.5186519421089979 0.5143050247773286 0.49711519876777566 0.4747327124576797 0.4864474180339452 0.46519766338348173 0.47476368262952096 0.48517317634588203 0.47429365858524575 0.45363310120707606 0.4122479411075506 0.4097115499059749 0.35441777813653685 0.3452561899364357 0.3598779219817908 0.3761930926551403 0.3566084572163384 0.36990899337042665
0.44818956044824043 0.45067066936412925 0.5015102051345353 0.5246042689539856 0.5690840480505515 0.6109756972002426 0.6296854685819505 0.6432734898617238 0.6594961866959903 0.6618912614034347 0.6462681421530195 0.666113321816197 0.6488429127276976 0.644718726358744 0.6654856306243349 0.6352013904811205 0.6421367357294945 0.6537079147191984 0.6539324582887953 0.6279340444493069 0.5830836310558598 0.528247498605676 0.5493042956242843 0.5236456754731682 0.5079303616500979 0.4870318943868932 0.4958003635723857 0.4701443977411237 0.4539638427696092 0.4811426800526422 0.47155984824931546 0.4741584515396335 0.4711268803004569 0.4820157204196415 0.4587748499308198 0.4268084647994977 0.3973611273215485 0.35010381673568164 0.3353506463212684 0.32632167687280694 0.354064420712697 0.40094266881130436 0.39336599288444263
0.3889936179087105 0.447456024312512 0.4999045186962259 0.5587743310227684 0.583029283369 0.6138903663457044 0.6088751582579336 0.6448218814769174 0.6740197860306828 0.6644515547269726 0.635975396577716 0.6753914931556271 0.6456695826441222 0.5927386278400278 0.6129629504685795 0.6681667582907591 0.6775501329980428 0.6977932272684089 0.6278698312951311 0.5966788576731701 0.5536434048139351 0.5337578954623842 0.5167998221900177 0.4863641003577901 0.49973294951589436 0.48813427411294963 0.4520996928235653 0.44066962711158486 0.45872467897955854 0.4152009578004303 0.4157755020849534 0.418379356122881 0.4296990807694822 0.44631577838570113 0.45690883802639665 0.3912150500810364 0.3849094211601106 0.34656736635467494 0.31532603150621813 0.3394002671114718 0.3861624132907129 0.40893671135326204 0.3820688282512213
0.38399033616982176 0.42071332006763373 0.4750160431164946 0.5514413290059457 0.586369360586282 0.6345812609615576 0.6567869733078248 0.661376174145521 0.6661221366939198 0.6708470352679691 0.6645359378409451 0.6470339073593837 0.5872810916824024 0.5804916662628153 0.607011786123353 0.6640582950235048 0.6720021784711452 0.6791133501706106 0.6502642791109741 0.6185205694284055 0.5565005387217873 0.5140540799614375 0.5115028971368071 0.49386463747213044 0.47531380447383376 0.4440264829612313 0.410331494336586 0.4346885711475607 0.4341425475223208 0.3850974874362572 0.42019944790750996 0.4379733237553364 0.41419313601497015 0.4603094296855642 0.4339265827713283 0.3868845343223985 0.3637158817084657 0.3557245924555606 0.34009580134849515 0.3252004871186841 0.3418493246192677 0.32019109510703014 0.34886417758456356
0.3681746352022388 0.42924882884615456 0.5086749526271337 0.5568861371397289 0.5643487611194903 0.6205482897127343 0.6518246135689582 0.6835035479740821 0.6831236092450373 0.6698994283074847 0.676025591850508 0.6201779580415031 0.5791169238602077 0.5669048925695509 0.6073380157050394 0.6046489737912197 0.5932992973969524 0.6244581750673941 0.5945985572596297 0.5744348262757465 0.5315133162934477 0.5385851627984526 0.5581416976765894 0.5198653342500875 0.4664732186991595 0.42206185573588095 0.4087732128732857 0.40142934161310245 0.42164499596649785 0.3822060729364374 0.4075618654362943 0.4079434870528185 0.4432912319661801 0.4515998609278392 0.40563206216344133 0.3598996489519552 0.3898138597382488 0.39077606841845297 0.3405829841662261 0.32471202179006764 0.32807675196202335 0.2908223896087139 0.3020455249857727
0.36084521688514964 0.42182761014364484 0.5043100640777102 0.5394102230302483 0.5706214796542008 0.6017707561155468 0.6620852047093418 0.6584691703222061 0.6552891159514248 0.6722390725436962 0.6487438797679898 0.6087769294545078 0.5814431925080117 0.6172392866882341 0.6110354726035556 0.5642849900172537 0.5665673143715907 0.5864463170368107 0.5747940768853587 0.5699604591417323 0.5632429662276364 0.5483241265221013 0.5791687113491677 0.5489348799197931 0.49301756734914476 0.47613636838286333 0.4430745523075152 0.41514356358762006 0.40146448950135727 0.4143335450030431 0.4101296585454715 0.39813858403227737 0.41341239424838766 0.41021922405115235 0.3887539970849496 0.4075602192465122 0.3661952591095163 0.36052623908707576 0.3844166913889698 0.32641995415064495 0.3397594486873973 0.32422174214365507 0.3126553727387829
0.39723683163046836 0.3862802359082918 0.4868537389993579 0.5491192619730807 0.5983745056058467 0.6038613447667265 0.6105857721624905 0.6463817613770712 0.637693784285136 0.6655166029878117 0.6354604655543771 0.6106854366524878 0.5883464481944144 0.6309174088919506 0.6105810249960673 0.5604168954399633 0.5553043095919766 0.5876607131351443 0.6048951614812225 0.6072322038435837 0.5970587218917046 0.6128194434090797 0.5740318208309011 0.5592975009998616 0.5262824853996934 0.4630923565420308 0.4473504718117349 0.4435298908723443 0.4112209682038604 0.38270259507849175 0.3880445405976104 0.41304893642413554 0.4273245587101083 0.43978577807525443 0.4382985687045736 0.41308895354249336 0.3896200992970782 0.37501212444476856 0.3387228102815453 0.33846206901646525 0.30297428839113777 0.309652832522231 0.3251780565934163
0.4146712529249225 0.4226412003065039 0.460473234604694 0.5314651033077686 0.5735984553070325 0.6171441915029829 0.6175581079659044 0.5814817383074048 0.6106865870771692 0.5751400603434524 0.5787427247893866 0.6145190773028931 0.6017771177042389 0.5650549019915122 0.5743850037771957 0.543533932613507 0.5910158622865966 0.5960465764493468 0.589569493581198 0.6343911785711263 0.6268267000224848 0.5992903820019404 0.5877116570090918 0.5739803493623102 0.5518513034342312 0.4901472677874694 0.4998251402017012 0.4203409262703314 0.39761720495860425 0.3771795535861163 0.4020540578809072 0.4377401739322347 0.4446440116227089 0.4240292545942897 0.4050653476792979 0.4220457479749276 0.42009345472104 0.4000285526833839 0.35079245857183805 0.3496329556579306 0.3296373026608548 0.31241146938188274 0.33457112104547465
0.401286818260115 0.44150310501347795 0.4730062096452148 0.5210830756697094 0.5756816304517101 0.5748268862391513 0.5813026118119403 0.5606333849287166 0.5768244619843491 0.5466881690508976 0.5289549075117301 0.5629386264020052 0.5767228717149815 0.5412453716330591 0.5284104902201363 0.5449109438373241 0.5603696443972122 0.6042679628348845 0.6358756879752945 0.6245238976065891 0.5838346706298455 0.5743097611998884 0.5857967577560235 0.6072719010602159 0.5734529073726232 0.5372987704651032 0.5053158324403283 0.44788219340377233 0.41752981427763286 0.41771268824001806 0.44548469866717166 0.4390378600532864 0.4316601872948218 0.41350634508055817 0.4331456884943578 0.4329619099418551 0.43732750487694527 0.412304077077844 0.3737521635932737 0.38130250256850484 0.34665212318586053 0.3624486033501574 0.33691406499682797
0.3973926183325818 0.4556241258732723 0.4725030442761819 0.516041371839113 0.5515683585523307 0.560905422394783 0.5581971940619591 0.5493050478686207 0.5624871856118531 0.5621816221330952 0.5260733528307726 0.5203168982983241 0.5607440620248393 0.54060405262681 0.5359047609598517 0.5272128171519102 0.563036596337386 0.5758272333467729 0.6310421003896302 0.6377310852474322 0.6107623274257393 0.6110427158986558 0.6076686782121985 0.6228061797213033 0.5766579185992226 0.5269695545543175 0.5091944042851908 0.5147180650914218 0.48338192823616166 0.4770237645941005 0.416115845496833 0.42929323758428317 0.3764491820085011 0.3687455139816994 0.41793231865804387 0.4300721571259081 0.386740525140066 0.3668152282989208 0.349307530467609 0.3561675673437456 0.3660885834694708 0.3176568983493345 0.3009999133150605
0.44723779934419444 0.4484800757749179 0.4982473363378724 0.5536486323995291 0.5535500599223109 0.5799736551533844 0.6029889584522335 0.5845409577369602 0.5548819878681586 0.5668150947908595 0.5452469160332943 0.5302220331149377 0.5658969877338247 0.5601942831356147 0.5211562090099192 0.5528950265729985 0.5746848142599077 0.576404173017082 0.5738805104668364 0.6257300821043493 0.640578078461038 0.6124293820726018 0.6256104425672601 0.6031749337788357 0.5710075860150329 0.5736296095006349 0.535313257348744 0.5674707058144751 0.5065067233944106 0.5190827803853255 0.42691652554853493 0.3929217949589742 0.4040285819142901 0.3677780574494536 0.36664078762633834 0.4200730282969771 0.36047533391717695 0.38345053838692694 0.36991832909096156 0.3082177181867967 0.30587481906360403 0.3120845993981815 0.3190271267434063
0.46534907134470976 0.44798443407933475 0.492194850533428 0.5403856558310293 0.569391066838968 0.5925522236103429 0.581842243248291 0.6045886020295668 0.5835511745671189 0.5568616431404138 0.5501395369524053 0.5580832713749341 0.5622919840328616 0.5478332800480741 0.5470963105045084 0.530125791546572 0.5640810459898422 0.5656101586076777 0.5547997089630816 0.593230933761962 0.6169862737382756 0.6207846622264738 0.636852204341985 0.6386600003126333 0.6255692980374972 0.6123174447064579 0.5653578179450911 0.5669833490519605 0.5548771766593913 0.5113694785669984 0.46807825429678884 0.4053729492012809 0.4253694020314931 0.41586956275805603 0.3715008924300552 0.380431700962512 0.3604087576427603 0.3609007298581418 0.3566403366535507 0.3425772818558488 0.33358158884983957 0.3481930538351825 0.34822946266181587
0.44864811484497813 0.4899790796689019 0.47904662667867765 0.5270977478108931 0.5562312869007913 0.5437719580954532 0.5525788904900122 0.5612003103403954 0.5695303648512481 0.5673803960041989 0.5733908645405938 0.5631088274138575 0.5568514464442366 0.5959159098935791 0.5510459656269903 0.5575757223966025 0.5416903953780573 0.5194319756422051 0.5533936700870586 0.5648834290507243 0.5821305008577253 0.588126968679707 0.6191378081166851 0.6532158301384743 0.6197376894006056 0.580335279050228 0.5792867322761843 0.5503121117592925 0.5576141942106717 0.5278462890851374 0.4911579923194513 0.4173534524709521 0.41511469352515146 0.4149395216725699 0.40761607831861096 0.3791009483362659 0.3605145634340555 0.3644734339470829 0.3672619333205832 0.3187279543054656 0.3188159482134465 0.36087246122920985 0.32215490595140855
0.49616509877803805 0.5175302668127089 0.4932476962859966 0.5019093303655123 0.5307635052436327 0.5352229275185935 0.5865984116837822 0.5658248370339239 0.5945158396286564 0.5528828288826261 0.5683567752499912 0.5577777503907855 0.5406830967724565 0.5475646428544372 0.5618023004103075 0.553445938789449 0.5242551415989595 0.5177525577531825 0.5644710123485293 0.5723669548598115 0.5925690777665246 0.6001432625708144 0.6086735439744194 0.6014297676158621 0.6326722904315284 0.5896015768942228 0.5683639372160083 0.5567216559165431 0.5341580997258281 0.5504321104806448 0.4983333906073031 0.4787888072209966 0.4424790168412312 0.4155372931189636 0.4077951311397731 0.40080102137877055 0.37682664656380754 0.35864193732500604 0.34157116223759154 0.350109652565133 0.3145288458981471 0.35484769632358837 0.3521534987034087
0.5061322895268622 0.5162883067853016 0.5440085631470252 0.5458073652578317 0.5423529138969561 0.5726828312392898 0.562093479768373 0.5922674412228481 0.5709860237881418 0.5675214982814615 0.5381655857866481 0.51518780350818 0.5605551443752892 0.5527404895643778 0.5229942403615282 0.5027506073682897 0.5169435823681061 0.5244293170185496 0.5438768412435436 0.6027601700915671 0.636831752349581 0.6280555731571836 0.6062136670457339 0.6140054943562228 0.6056457441289123 0.6337896840793792 0.5803274849715591 0.5528760971972709 0.5574545702799527 0.5490092034373356 0.5255766794315218 0.4933728451288032 0.42800475558699436 0.39017133961527245 0.39757802000791403 0.3543170295933296 0.36306090727110335 0.37686364315648935 0.33853218464911977 0.3229369451839546 0.34880368513568993 0.3530806331505348 0.38557820057251935
