Raster_benchmarking/Raster/continuous/raster-426.asc
NCOLS 100
NROWS 100
XLLCORNER 1743154.78381661
YLLCORNER 5469285.544333752
CELLSIZE 10
NODATA_VALUE -9999
[rows 19 to 37 of 100, columns 0 to 42 of 100]
0.2548672255466051 0.3005451221525939 0.3262076375221522 0.3139861693298208 0.2800473299762311 0.32698526101994874 0.3121978571534878 0.3354166119339715 0.32333827331169385 0.262594989482556 0.2337284797978158 0.2075080389424249 0.21935334533016848 0.22779501892427567 0.23541258383260355 0.19729567455708855 0.23992802800375468 0.2356568621296521 0.3105928633401997 0.2768448487165047 0.3058537887193638 0.3013769356050463 0.2978838739411965 0.3191613946963425 0.3351242706617941 0.30014283316614726 0.3386052602058978 0.3542667317660474 0.34892097345624445 0.3788653488540568 0.3647300733136456 0.3438870869970128 0.3965536521141145 0.3843436993046318 0.3569942729266183 0.3305286366445145 0.3284625844527653 0.3525969154475814 0.3531728333219631 0.3552481883612401 0.3578623685549701 0.4008846160166205 0.3719069600796725
0.2693049066043927 0.3444271582370852 0.3279781506237701 0.3221583053120589 0.3003480873907592 0.3425895973332036 0.28482734795846626 0.2708305868476728 0.30670696699837735 0.2821894630450856 0.2412954030837738 0.2567094535382999 0.25166116993268384 0.25314554980555876 0.24295864672180126 0.2636131959549709 0.246768554936283 0.2876648993141759 0.3053642160728753 0.33184825413796815 0.2783081761840631 0.31791985643096654 0.28772596013512375 0.33170938444148756 0.3012280607521886 0.3123795285170993 0.35596226724008967 0.34674753661128643 0.3344439212189159 0.3732165075364057 0.41122824101101507 0.40298879483555666 0.3946868664544577 0.401608843234554 0.4108793120547773 0.3969366790718881 0.3404358239712766 0.35311208444649106 0.3830185149428529 0.38416330151538414 0.39925709205354126 0.3731064407536221 0.41096291843240496
0.305719796626348 0.30100786978665556 0.3123899673766472 0.2877523973044239 0.30830010923087287 0.32381572212007065 0.3095289238873647 0.29613748525473294 0.29414621286732545 0.3038350919357691 0.3151479192601728 0.32788133981295714 0.3005764890022973 0.31542565633926195 0.2992004368177969 0.2782370871869986 0.24677850329709675 0.26801111595192345 0.3154788283451524 0.2900263382637952 0.2787496130955278 0.28487528083980673 0.31150146110631466 0.32194138803312 0.32124662687692485 0.3535903569818945 0.348201796054065 0.33328500877300377 0.3220244012399557 0.34961333374865783 0.4061021983092056 0.3965996829962162 0.4348104539787881 0.45301340966506 0.42959916878303334 0.4291715025071133 0.3854862413295921 0.41679063915139336 0.3865084578563395 0.3691686197986668 0.40466919471540413 0.3944691736978545 0.4366559075464381
0.3113122495163847 0.3264895084984292 0.30295257006871745 0.32689206346893107 0.30265166111950365 0.3155119029766029 0.2935950763472672 0.2877434439040186 0.3104411733662924 0.2924050917380247 0.28435501895312454 0.3285828867062892 0.3101604643333404 0.32210023449279307 0.31624551949940904 0.25217098988217357 0.2335887439928688 0.26369134966152746 0.26555245005526523 0.3266360176818246 0.2884184421927894 0.2624874730976368 0.3074611565683507 0.2729610067084209 0.3325172162966278 0.3420261431881428 0.32450142730203285 0.31958061790322456 0.33391983621202337 0.33189222364481824 0.37958649764478763 0.399811444551089 0.4429561558754732 0.4479750668027835 0.45691281608852424 0.40943800821924997 0.4307539634124055 0.45613545645255005 0.4063903484378789 0.40794370052522466 0.4246702079985149 0.44372607357836374 0.5070605234456501
0.32404029397363754 0.35423802770145324 0.3374523843404181 0.2932147897687773 0.2942877194136083 0.26535549969526717 0.27023821018503086 0.29650955291986647 0.30449124595182736 0.2852931239308465 0.2819820834420323 0.29845827985363316 0.29776443524096113 0.30581028915207575 0.3099270340429681 0.31297497578495576 0.2673737790724688 0.24722281120440487 0.2552674481949333 0.26799097946912387 0.3013705021779365 0.2716869936254552 0.3074007357121531 0.32989873248160384 0.3312878288316384 0.33976514183566525 0.3535596065130711 0.3187153348855614 0.33541512048717814 0.3243588900039941 0.3633460189303734 0.406904414761458 0.4224210877616289 0.48320380805934326 0.46999793044888466 0.424423142039664 0.4667520420076161 0.4826938900047245 0.4491343701886958 0.46963580549339395 0.45673101215497197 0.4705686708557718 0.474064058187551
0.3583389284170428 0.3154912258896271 0.32746065878925384 0.28037659756677136 0.3042591152827162 0.2820693317699749 0.2562559764399608 0.23581216064326468 0.29372859586409816 0.2801682919669015 0.2748702308996734 0.28755536285389344 0.3253860984186586 0.31222576436477606 0.2894275537894045 0.3043395146152771 0.3069149401767811 0.2661743727403608 0.27300626347412016 0.2907544786553308 0.29988568163565327 0.34138648939223115 0.3597234391726174 0.37964318900906396 0.3402284206033952 0.3407404105219397 0.3121771944351527 0.30296586805415915 0.3274956398758579 0.31332872423173863 0.38787547434203806 0.43567055980935254 0.42014071085686633 0.4686291477366006 0.4804178142070872 0.4772995852651611 0.4946912510229687 0.467508779426672 0.50155752880334 0.5074493178096161 0.4932783517244224 0.49911392841604163 0.4944708496645232
0.3357958087124695 0.3295193528265199 0.2818922076710775 0.2357593247082673 0.28608210590151356 0.2580525945494381 0.26385878782480277 0.2519458856232573 0.2401432223994938 0.2586926663961184 0.3003635909571737 0.30321028886136536 0.28052507213033695 0.2602052691376881 0.31500720434965446 0.2995984935844125 0.3354869110928382 0.2808108489448234 0.3202493612994513 0.3257973107863614 0.32057853411317183 0.345876435648253 0.36631633983507556 0.34800505670166104 0.3016260590433892 0.26230700818618075 0.281447230120529 0.2753418339428323 0.3018467121889531 0.3626537994469237 0.3676830070313418 0.42644088347362435 0.4609941248951239 0.46873849573259246 0.4689207127974101 0.5040197902761158 0.5209421976286799 0.5126599817949498 0.5047782179351264 0.48619035552698275 0.5401355706429224 0.5030046012315457 0.51567292713716
0.3277009753219883 0.30126892133795097 0.24772458997968014 0.21311826707747059 0.27060102054617696 0.29311190979905705 0.27270172243013596 0.25087095482548 0.31326750908040113 0.3075501090964955 0.31448569699698986 0.288237761602948 0.3057076726633225 0.2472136995271045 0.3171251690747678 0.33698224493276696 0.3372181883710595 0.3271551958913108 0.3019787429510727 0.31196221813940805 0.3418895608584899 0.3285285458383406 0.38149355834170495 0.36331899977017335 0.29934025716731744 0.247701796219897 0.216678446146838 0.19787919390069889 0.25705376739708513 0.3625577031763335 0.4303503521425814 0.46180700573882894 0.4583979406278804 0.424526152698939 0.4631475550564783 0.4902047330695731 0.511051278399164 0.5288047622005797 0.5195142297410162 0.5168831145969008 0.5234238083042335 0.5330969167331683 0.5417876374211508
0.28836446912232905 0.2692141531487953 0.24549805334199865 0.27452553165303 0.2824870915228524 0.3242471490428768 0.3177729910434627 0.32567598993219815 0.3280498949084003 0.3491289432797399 0.3357196085576466 0.3102078970868542 0.315205380907565 0.2821419944839526 0.30460499746893954 0.3029224687290164 0.3006963882297494 0.2921224688690504 0.34037866733069316 0.3129812824708339 0.35518238089073934 0.3165440496756023 0.3402561535233722 0.3681768859912596 0.3467235229338449 0.3043945139160631 0.2417321564433724 0.21767474258714695 0.27093032246072823 0.37502135610096127 0.4166107427468063 0.43432562473168335 0.4332266685535959 0.4241512840226229 0.4879479355526753 0.5399601174701589 0.5298282721149277 0.5670861441465874 0.5640041071156551 0.565761964441428 0.5391476401152723 0.5457366224256782 0.582718858274193
0.3150284628571716 0.3341469576581291 0.3075780246614351 0.26087431742362194 0.2971641494466069 0.30699782603961656 0.3373117740834405 0.2967746115074851 0.356703035971989 0.3638050605012065 0.38161953512016056 0.35873066656272307 0.3159122762656623 0.2564957602551955 0.2756278908098992 0.2908644408222561 0.2912251354451866 0.29391500021288924 0.29530253096149806 0.3146324790588522 0.32330146533442583 0.34040470258036626 0.37141974276583245 0.3620132631815637 0.3368639709786571 0.2877057909829888 0.2706579205360151 0.2779162368180121 0.28059424299561253 0.3335809499341152 0.3738005418704637 0.3929535503816502 0.4370353829551577 0.4670421597086729 0.5257172400090377 0.5616887639429476 0.5737060671203263 0.5637019583581623 0.5906796873395002 0.5832449602888046 0.5604811689416286 0.5964438637173052 0.6303596835935353
0.3269694854256081 0.3490714968354485 0.3291321030385574 0.3336512465858544 0.2985015814275753 0.3471381756463436 0.3191395486914877 0.34971798647727537 0.3483437826720645 0.38003048251339816 0.3431809583073156 0.3040146399407696 0.2870152435900362 0.29488096598613234 0.27099541784381065 0.24617027192867436 0.26190724571576335 0.28328140249343453 0.3401213154398042 0.3457749728535362 0.327652228635863 0.3104776321072341 0.35904806213448764 0.35486417131883735 0.3371785086721158 0.3009151768244701 0.2663372898235026 0.3145684729933229 0.35508833480343893 0.41285319771471685 0.4276071322167256 0.4650577480002647 0.4682132451477365 0.5109981062245933 0.5067425072521203 0.5717905232739071 0.5805934104011514 0.6049232377809964 0.5641533774832289 0.570642161047867 0.5594768230164345 0.6048385562975739 0.6085986960951886
0.37439781113188836 0.3602752064050677 0.3575344189409756 0.32824732086678365 0.3537021327660774 0.3559007422790487 0.33290344122180326 0.37723195556062195 0.37070317634702665 0.36859270297300173 0.34932341401130984 0.340642416186172 0.30228776621696163 0.26970346740809314 0.2489103981483407 0.21908540662711973 0.22766210123892586 0.281186084752544 0.3382790887623956 0.35498150014428104 0.3311242877923868 0.3067947021532633 0.35204061686330246 0.3649333506284203 0.31956031979557 0.2925322725436655 0.3336186377179218 0.32122703975065375 0.3632333319118347 0.4410137293905582 0.46195722326779803 0.466084202490647 0.4549919317602646 0.4814526622261716 0.49929549991133176 0.5614816316594087 0.5418959040636946 0.5963796708974438 0.6079826466878027 0.5906246748767476 0.5710413804102141 0.5501579824170765 0.5905780080286149
0.3762719480101849 0.3419016557125954 0.34893474527340423 0.3409897504878075 0.32974114265273224 0.3186501753694341 0.32622081503915357 0.3641144933008793 0.36788211370342633 0.35290855111039005 0.3591450781276654 0.3041231276663413 0.28736704931158863 0.24687336626181064 0.20358024490029328 0.1962676242708739 0.2361222583860648 0.25151618398893666 0.32323934293921025 0.3077258309240904 0.3494630591111791 0.3671586549301686 0.35439871140219914 0.31991028023217727 0.3456347341798306 0.3638346700674941 0.3650772417365162 0.3647352928300017 0.44594879686402594 0.4635480209376233 0.5006885065829915 0.5020340646482617 0.5088744377399046 0.49013576219432853 0.5534783875708595 0.5317723379402205 0.5512149301080962 0.5896552531805459 0.5908520263393118 0.5965725473404667 0.6027681974248936 0.5903142647642157 0.606174093346636
0.3934856177307326 0.37862360485706703 0.3898243055747184 0.3449189944857076 0.3679666899676249 0.33315118310442127 0.33649688265386957 0.34920181255125393 0.35867816111931755 0.3325296133859261 0.3017783332035706 0.28449453949457615 0.23610881363243433 0.21141551434468303 0.20322371881475074 0.20868018603453453 0.24330958172041756 0.2930687594242237 0.30416609575065645 0.33062312245566844 0.36604999385566506 0.3368137669303001 0.34001181036218264 0.3312430434978391 0.3525520945404937 0.3752772956700115 0.4353769420914755 0.4198769527058086 0.4547997705214628 0.5251275142362464 0.5385278636792089 0.46322467956257185 0.5080608135840967 0.5113053071085036 0.5189942435775162 0.5699019217556416 0.5240576798380945 0.5189137670500918 0.5890318091557546 0.5859144238891228 0.5810573035325398 0.57360823263763 0.6190724414846065
0.3901806350049774 0.4216193675959994 0.40211148087714743 0.39687071796666207 0.4156624231912909 0.3624787533664386 0.37866831614580365 0.3754507499712029 0.340608135985461 0.29362894765864855 0.27171086298782815 0.27349050623280174 0.267035309635482 0.201227653684362 0.1965514230168042 0.22369354230312882 0.2529610542330493 0.30609926370131424 0.2910552414621094 0.3165275578165809 0.34716195462651994 0.38108737752616845 0.3799527560329898 0.3782151597735747 0.43169454300017324 0.4788504897990383 0.4596357601618539 0.4851360909377921 0.5053540952277099 0.5577160655170976 0.5636383470166891 0.5339952763542958 0.5372041514609305 0.5217731823982587 0.5452935744372202 0.5401769048483058 0.5428375740705508 0.5665051012812401 0.5780245718064515 0.5681065902934274 0.5667104859292554 0.5424981274730858 0.5971751112526216
0.405620710429893 0.46635622936999493 0.4625388344965707 0.4706955352713231 0.4338850763813513 0.42271374693343416 0.36009875417952775 0.316942356920886 0.30418070652197915 0.3436502864176195 0.27214128112029623 0.25065109059335616 0.23986258063095092 0.1948914073888306 0.21919427931415497 0.23708400606239383 0.2599721629818182 0.33258195110498984 0.32007082684515986 0.3209469702239899 0.36154228040034225 0.40596902738336815 0.42107935062083723 0.40377316868864777 0.4590512528788983 0.5257233799275713 0.5361447018767376 0.5951685523134576 0.5544117238007131 0.5832047382815905 0.5403629670550036 0.5569813573435548 0.598800920577997 0.5938338397074238 0.5828391353889886 0.6072685291948272 0.540851478960472 0.5904734709969529 0.5472894269467035 0.5270583371255338 0.556576668868799 0.5143568745846191 0.5502942259198829
0.4301124131753779 0.4444980817814933 0.4498707310832739 0.4927501871466684 0.473903555566063 0.42024962092955337 0.38686709838430416 0.33155384956156453 0.30632736517068027 0.28771487730538414 0.27915152317192904 0.27034402965117466 0.23999495389076078 0.23894061974000255 0.22323749934734546 0.27318254519300905 0.29207113259134104 0.30816075770946416 0.36474442914060734 0.33614066913961044 0.36470829916352515 0.382050744519897 0.4425705279069788 0.4399729594783619 0.4686047781860273 0.5283328057465113 0.5451817031038394 0.6139814854119462 0.5953231689406503 0.5533022587818551 0.5706115972194503 0.5697498083885811 0.5971874418036479 0.5704153479863588 0.5656513465645714 0.5344800018704109 0.5401194387948767 0.5683246016951357 0.5196623180571089 0.5579348465350932 0.5156442429959941 0.5652720657125863 0.5977982020480994
0.43175460460693016 0.4016295882535335 0.4528802104356684 0.4735977006109083 0.4638597549543519 0.412183558463108 0.37545406692634054 0.344974582432681 0.32745037049238973 0.2808413196420023 0.2972433743464034 0.3070889111232353 0.31584970668938467 0.2824582402731695 0.26971239652583756 0.2696294767196926 0.29100260237090136 0.3070051931456284 0.3706788814495889 0.40333317344764863 0.41295030979617187 0.42724003153992196 0.4720962148110697 0.4505690711433475 0.47031323356719873 0.5202454826851745 0.5358432309737889 0.599339702833363 0.581814621759134 0.5822474028778621 0.5924593401161291 0.5828931169102556 0.5703042978437809 0.5271477743131784 0.5635143137582541 0.5226925103454533 0.5453405538144795 0.5259472467018133 0.5614712503315126 0.5567718020927541 0.542520147219527 0.5426048801001357 0.6134722909090575
0.3982926151852482 0.40304707180495003 0.44239310298543094 0.4284896518426769 0.4041731420566705 0.43801475568575143 0.39935949968949264 0.3294617234097587 0.3272523117992865 0.3595309199735303 0.34361058052451093 0.3080788652066895 0.32606413305691756 0.32349631726284944 0.3238918313815884 0.35716288074641817 0.3482304714300617 0.34575865717793813 0.3937936598867739 0.39338746959875953 0.4152136852451602 0.43168733470845316 0.48914596046066133 0.4549482162089903 0.4829131647629416 0.5534467952595997 0.5563521327586154 0.5894528011554898 0.5976455339709554 0.5891530542129138 0.5988749881330846 0.5533147916587404 0.5690946293462704 0.5412108594755118 0.5379195400914643 0.5379162374583645 0.551093940029659 0.5532598111754043 0.586947627288811 0.5720758449337907 0.5762741199086305 0.5669053733070994 0.5951083844600183
