Raster_benchmarking/Raster/continuous/raster-494.asc
NCOLS 100
NROWS 100
XLLCORNER 1743165.5916082554
YLLCORNER 5469285.320952739
CELLSIZE 10
NODATA_VALUE -9999
[rows 19 to 37 of 100, columns 43 to 85 of 100]
0.35384967129873096 0.3146728716576304 0.3339975266478807 0.3660031827891025 0.3425604436471237 0.3359713370965448 0.3091585397970451 0.32854284778457865 0.3362328998998544 0.3676844106483098 0.3710703861370279 0.3938142243463748 0.4225416733969461 0.4198701742901913 0.42554858306341464 0.47476118853021854 0.47200829556631446 0.4639181159485098 0.47393739413097224 0.49206672395854467 0.5390898926826239 0.5468778268285024 0.5587714889621639 0.5778465486667792 0.5398393743445773 0.4937396330199655 0.5292897460167783 0.5358374877535202 0.4900452620086675 0.5280187538875754 0.4952000862361425 0.5038656761660135 0.495597771613715 0.4773447364633092 0.4802566533280358 0.4107271318030184 0.41932275030721067 0.4523617889692857 0.4559399571890645 0.47503541060219845 0.5271548458512155 0.5618041949083508 0.5215398184984702
0.3183815868451411 0.3320084185631929 0.29948969441114276 0.28584916229339064 0.3047134282187306 0.2958267422689477 0.3179100235129937 0.30177178692917983 0.32315771595935033 0.3300982997296023 0.3426214437425757 0.34976050514688406 0.38392653186396314 0.4256472343702756 0.44233513983762873 0.4843384115532864 0.47812098615438026 0.48839006258192014 0.5104053667999366 0.5492383257901085 0.5764972535022764 0.5631981044605957 0.5792394783332981 0.5793030989612787 0.5427752280088316 0.5522359020862422 0.534900450187575 0.5171910276793757 0.5175894557188109 0.5580428556797014 0.5327719128503888 0.5453594692664293 0.5320962202844153 0.49932594591681423 0.4932426863365116 0.490103714134897 0.47638985618860047 0.47194686378528244 0.46234451541043076 0.47724553876336395 0.5433672380711124 0.5282064256580351 0.5628595738625182
0.3187712275511322 0.2981153345062012 0.269204747273842 0.26730291240258364 0.29686953142642974 0.32219381858277824 0.30130131535261007 0.2874891232970497 0.32016836930229187 0.3035407869529829 0.33412614361263665 0.3819874626119361 0.37736009443432 0.41985747379989424 0.45882207778671213 0.4970108386936558 0.49790312358668165 0.4848739192283385 0.5522014727353686 0.6186087069018288 0.6357950502025789 0.6282090375938628 0.6070569003067242 0.5773936101052687 0.5608012477552564 0.55681112562725 0.5685061721619914 0.5079481303823484 0.5597543275262324 0.5781305846997896 0.553268507122182 0.5551179461401841 0.5700007352118981 0.5602401572662788 0.5276643092638936 0.4827269048328651 0.46834874711848534 0.48222985134279184 0.5233172007514876 0.5296108401444883 0.5219249183161466 0.5181310747097704 0.5840075738128359
0.3228355105414933 0.3332599879611576 0.2975773307586773 0.2869650144652058 0.27540052575519164 0.30568550615046874 0.28431559083673696 0.28197494874776824 0.32245187473906267 0.345144609756645 0.3288246953307459 0.38464541458701446 0.4253426352909554 0.46273818118800203 0.4750683610974179 0.4791304066655542 0.4849116778016725 0.5324381152932396 0.5867335733348209 0.63695923570137 0.6393842783440659 0.6247576926636073 0.6084267484021832 0.5780375138163877 0.5948154470598364 0.6141629136772684 0.6045898232294241 0.5665511887229013 0.5926205234557799 0.5736939697497986 0.5905464228614394 0.5432708186781662 0.5547789516961571 0.5530240978629613 0.5233789174506341 0.49818378232711796 0.511626279704041 0.5342128347260663 0.5355401722967915 0.5563688024771705 0.5611943535739753 0.5352432486008454 0.5785557922367732
0.32221206820984777 0.3104131004239191 0.3184015233583478 0.3182531006577697 0.2695726128887763 0.25016716825704227 0.30195794306470797 0.3365573707490268 0.31415035319111245 0.32432399182449007 0.3309051939526212 0.3796322624135053 0.425507173919476 0.4403098976093574 0.46226203121459875 0.4825695177813645 0.5010721707333833 0.5293002942534112 0.5843139846504373 0.6046325113565671 0.6110455502874648 0.6443804467058394 0.6549977875539211 0.6192408184962082 0.6524130691459414 0.6763479717056986 0.6324418513120816 0.6431703298941586 0.6325731227055122 0.591548411741456 0.5718239117321885 0.5792494403069086 0.5643764167114751 0.5468655623203302 0.5124288260787017 0.5132543884934531 0.5150423012571432 0.5042433350201811 0.5328982834494139 0.5616896995462543 0.544430687443789 0.5611945302419477 0.5950263325089147
0.3126697920235541 0.3185436098761583 0.31224326764961075 0.32357156628070444 0.3213356164935341 0.33051413374071986 0.32972240747577697 0.31717369437407755 0.3494190707648387 0.34107712821635133 0.36826357970592133 0.4126195202742372 0.4369769155296684 0.4410854547712477 0.4398281620740431 0.4587602638801866 0.4878647895533637 0.5470497876250877 0.5566565400575955 0.6054145531900067 0.617555992748275 0.6378814137119128 0.6665549103636255 0.6431738611855734 0.6811628212834815 0.7045496148537438 0.7022095734167834 0.6849476564328555 0.6357670986959104 0.6360827159666005 0.6049669641086285 0.5923224476666116 0.548969237978604 0.5458454547965236 0.5774937701199481 0.5314755953027327 0.5504463145924381 0.54778853616326 0.571872267040179 0.5661365458651938 0.6001446087994732 0.5768215033060338 0.5980122057250564
0.2730059659222321 0.27304982888848683 0.27193658043539815 0.2946815238599492 0.28987773296502467 0.31546998726622755 0.33218302763068835 0.3278054316004232 0.3287052150498926 0.32761649077396976 0.37253750822897336 0.4061754198798979 0.4253194850346636 0.4477927070041539 0.4188448122523893 0.422345113307245 0.47383868270943835 0.5634418927948719 0.5590419501448676 0.6318938683128333 0.6251687461450764 0.6745676633682053 0.6977001304547688 0.7148148161393002 0.7191732845522705 0.7674260875099341 0.7199946983066995 0.7205523292976926 0.6796154311504099 0.6658914712805325 0.6087244344319422 0.5486933286061996 0.5979134330403889 0.6018200707426926 0.5832430274628225 0.548812937894148 0.5527004999792479 0.5954351942248605 0.6181107786074899 0.6187511395855747 0.5834392633707784 0.5955742756244555 0.5959613577076825
0.304709555385928 0.2917081715366224 0.26716151104487784 0.30787491490484287 0.29255641790920883 0.28706871218940494 0.326739549433432 0.3095462517575917 0.32347040756394285 0.33098224179345737 0.35384709110289425 0.3824223638786296 0.3927523712944299 0.42265222533743985 0.46308979894705044 0.48156609263123606 0.47664677141047335 0.5543194925297714 0.5649884801495553 0.6152340171132885 0.6506535283224616 0.6649282921510589 0.6845192833079319 0.7138374952507657 0.7430445099487536 0.7574947341195627 0.7781029640641268 0.7458206519302513 0.7317979896350633 0.700491319916285 0.6517078276803612 0.611090146603734 0.6086131533380542 0.6186563271329993 0.5720077793948555 0.5983427969957977 0.5744167606252452 0.609733290933516 0.6422116019294151 0.5962579522385391 0.6001757246868802 0.6019228764608089 0.6218546410075594
0.2634550480920504 0.28362801673750354 0.2915159749579067 0.304961860806192 0.26155659421252336 0.26395853491049454 0.28195616111225785 0.33680338586143194 0.36414234078733854 0.36602223526726274 0.37480335415020727 0.35180618202715525 0.41861997388831773 0.430140743955601 0.43738557535039585 0.47320757990021495 0.45336038948345136 0.510068172816789 0.5599280388959379 0.6494177971071716 0.6776820946980824 0.6807810837888366 0.6847289475931266 0.743923850007099 0.7384141995548429 0.7802782567234844 0.7605393119013336 0.7405547045652385 0.7741857490025202 0.7388458508535852 0.6921228338870753 0.6233102797123213 0.6323819319245972 0.624667251978979 0.6196884713850872 0.5957112158663885 0.6171488156306398 0.6408823505221071 0.6548980882426364 0.6127065204655939 0.6159882109996564 0.6415193695803417 0.5853665211190672
0.25814445948669346 0.25086540208718633 0.26891682133071165 0.262602047285553 0.2923147320150482 0.2748390646327558 0.27637308852825965 0.3338501155834325 0.3355954370197105 0.3699967310962685 0.3517162036804044 0.34878558587422376 0.39597855443597674 0.419079312407122 0.42483255310738843 0.45720295922487836 0.45710385909406825 0.5381354466195051 0.5964717016570583 0.6215694771088525 0.6751461907197832 0.6635474930608642 0.6844423041316937 0.7135132667831342 0.7702668691140356 0.8120153596042088 0.8206960927716609 0.8208992059514905 0.7941013925724023 0.7803975195070796 0.7225420592034868 0.6841928165972676 0.6447649177078512 0.6446088167149916 0.625205904439657 0.5854221950131656 0.6288163798176691 0.6734918447628898 0.674937500032977 0.6611485746195507 0.6078055226262528 0.6191649191909009 0.5805243325870905
0.22243585438656008 0.24287360143253564 0.2886521273303554 0.2718836141485812 0.294683722952063 0.32574936482140326 0.29709701048020226 0.2751843346018809 0.30376505991533165 0.3217948287951341 0.36526335719091335 0.32758213057546876 0.3520854912606171 0.3750464181184821 0.4314670524035629 0.4247427513945719 0.46777104282218396 0.5194061244730475 0.5751702359091372 0.6477630086387823 0.6531898427966343 0.6978205374598525 0.6809716658329601 0.6978249017031158 0.7698583068861762 0.7916425339539191 0.8432619395124682 0.886751630080427 0.8508013741093827 0.811768364168457 0.7357046723471846 0.73694674833254 0.6955099612216341 0.6319282594978183 0.6404214346697722 0.596577954886202 0.6440555355998828 0.6719167404721172 0.6502191673744931 0.6648871008152211 0.6141879904550605 0.5936774497883924 0.5977556906061589
0.27161419496775874 0.26922512242903335 0.2754145262005213 0.2999221026676558 0.2879492832348039 0.3465650476590368 0.33085433503811523 0.3237966637842118 0.33779182386527157 0.3639956797528244 0.3737631935305686 0.36927686644109475 0.36166309304467065 0.4147607432805548 0.4140161697366698 0.45944457098339425 0.5052355589680544 0.5118065617589477 0.5568034947363136 0.6175003329815866 0.668367981351844 0.6838022595251103 0.716293048836932 0.7299556577968458 0.7418790083080617 0.8103651683716886 0.826490123918799 0.8470613544695864 0.8357419470499362 0.791943904905169 0.7747573032387421 0.7617219274504323 0.7422123252766867 0.7011155929059729 0.6502832756076942 0.6387675350986973 0.6798313831583408 0.6826086831907182 0.6658466390937049 0.645999571159518 0.6570912955693998 0.6419778037536543 0.6353113249333966
0.24576845859887808 0.274904759096612 0.30229494895940406 0.2747914111449192 0.30918339408288936 0.3579380435573723 0.38217853789859313 0.400727187863856 0.39459569859640337 0.4211329979286647 0.3925217084069332 0.40754254987913874 0.40479314547850104 0.439034733358943 0.4901587462806955 0.5044350623657642 0.5280322554455219 0.5577569561447402 0.557071944495701 0.598695932419936 0.6502879518316791 0.6618272726996315 0.7450877663522809 0.7742227384883096 0.756218438986976 0.7978009686382417 0.8037827765631866 0.8526981326542865 0.8189651923582121 0.8119017350270612 0.7918343390600133 0.7645544586640606 0.7653022341038518 0.7411281383569136 0.7221601867983112 0.6991363011967003 0.7031114653458647 0.6958173889332325 0.7119011515078256 0.6532549259769379 0.6874679257147377 0.6684034810707029 0.6630488985258631
0.26755610155308174 0.3020398143056479 0.3240087080656156 0.3447766962825193 0.35304782268732693 0.34014948542426643 0.38384859021958634 0.3945819728477202 0.4084978307813659 0.3952531370375912 0.42254731321847283 0.4713341514775478 0.474921442179321 0.4996454635390051 0.5014719398974262 0.52512519483724 0.5088594980434664 0.5383997427042654 0.5638924838488336 0.6072476514063181 0.6101206036640098 0.6739585830336251 0.7319928798922406 0.7504731217872498 0.7749056209304497 0.8246740351655111 0.8494219724023048 0.8373511310707721 0.8112924578753603 0.8072745888289271 0.8065082944182758 0.8158292543719967 0.7935311429323685 0.7591178014423269 0.7807891067837678 0.7654493979050248 0.7359578370788276 0.749342472759364 0.7271126119831705 0.7160028981436112 0.6818993736985313 0.7118596680363479 0.7011334624962329
0.28282415151263646 0.3049583323074332 0.32132206521593865 0.3750578958358494 0.35574240425894055 0.3602808839983207 0.4223660705543979 0.4318239618015887 0.4531182442137976 0.4131412287221675 0.43510937081160467 0.4938666112283474 0.48568542297816214 0.4832400529178257 0.48659785460858807 0.5085448217388611 0.5026188804526015 0.5333814253469701 0.5973991367891053 0.582283127665687 0.6108145971171836 0.7011193405807727 0.7397784022454739 0.7837050594016395 0.7733217195665888 0.8037041853832769 0.8196270572330009 0.8606334508292 0.7954016019814336 0.7954461122925155 0.7903337329047043 0.7996659146766478 0.77936401836878 0.7593975336422927 0.8149073491473003 0.8132836970420254 0.7984395449383297 0.7889184486439879 0.7397892704666353 0.745939379569497 0.739105956901966 0.7161692392111364 0.6908725127959302
0.27935030380775916 0.3333306907103356 0.33023102598955684 0.34055818751485567 0.3627207828049084 0.40233511659544857 0.4062195880029848 0.4348989732322639 0.45054893006295527 0.47247500657460123 0.48960677810907494 0.4941651945271657 0.5157700621635535 0.4927640978791194 0.5066717237028457 0.5232588041015411 0.5478936437975296 0.5946851024503239 0.6151117650236886 0.6372926813639669 0.6345850784499218 0.6772679810114458 0.7296706050973869 0.7560141779908123 0.7798037959290235 0.7884237112306121 0.8107205657627637 0.7936845267593693 0.7731117586845854 0.7800913264046734 0.7612311388338032 0.7712517821478743 0.7847716451473445 0.7766936749729196 0.8060310464652412 0.7871475553918125 0.79952672325162 0.7706144949638467 0.7544356511691802 0.7050790793902455 0.7144481990372236 0.7245947073308667 0.7225898262167049
0.2852160638534602 0.31988927368830916 0.3241785304592705 0.3997595419912744 0.37732530340110265 0.38282323770679233 0.43773640148440424 0.45588096805498923 0.47695028629128366 0.4761647744760028 0.5145861961573212 0.5371912333202394 0.536574745334691 0.5226186409334881 0.5370107502516666 0.5141234801656192 0.5316285666854467 0.6107909747828434 0.5949346291934895 0.6486266969271843 0.6621960013687134 0.6669731082451409 0.6999466503878207 0.750020841548346 0.7516127670172827 0.7632407719064676 0.7984411395483354 0.7768013749199579 0.7550487372156567 0.7569267401166763 0.7700396913280937 0.7483173666147536 0.7636875530076235 0.7818581549790248 0.8001637763556089 0.8017862844617705 0.82137090425824 0.7927818037118973 0.7326598060795477 0.7168820147441214 0.7591067798586154 0.7397225817935085 0.7637147609837176
0.3253157841936581 0.31774834411960373 0.35201097485743976 0.36627309289000864 0.4118843564983236 0.4132697495766085 0.3976136646081169 0.4154846362189082 0.45196984532270446 0.4840166275054744 0.4877947746757058 0.5331205210767197 0.5121775928538571 0.4996939741035861 0.5363430539039653 0.5339763202811832 0.5566808239283485 0.6183444396281875 0.6128478453888325 0.6304027473494509 0.6684363355150241 0.6910863347825358 0.7008501291260031 0.7274079400832522 0.7434974308194602 0.7863138941852735 0.7788791413572659 0.8189367604107484 0.8023690396762273 0.8121076411334762 0.7707582591436888 0.7632107243662744 0.7719200011119218 0.8035154129010434 0.7721993458468163 0.7785799832456665 0.8105337954475792 0.7949313464488961 0.7454589335406933 0.7313397179693572 0.7571798881231555 0.7447333516965166 0.7413048170200693
0.28051210387183306 0.29736354320690267 0.35537641547176885 0.38581784033135375 0.4279818321674519 0.4248313270856614 0.4165747657507394 0.38641580775006157 0.43841284885039394 0.44170755736192624 0.48734710591545644 0.5111180569485192 0.5423128521924694 0.533034897592951 0.5634378542908139 0.5924617808214117 0.6039420991107587 0.5954619644243406 0.6206315553904291 0.5782714662896412 0.6468230919200264 0.6800639437103831 0.7122175754192467 0.7681170413118444 0.7774750311290342 0.7997438684371719 0.788085678612696 0.8090921853031987 0.7923384344022597 0.8164175790510764 0.7619352599865385 0.7349049176889664 0.7696630848284907 0.7942729035702971 0.814328048581495 0.8118309510538033 0.7839810327719431 0.7809859667102347 0.7700879825122524 0.7670691790831948 0.765285449107529 0.771920254581606 0.7691216769823838
