Raster_benchmarking/Raster/continuous/raster-439.asc
NCOLS 100
NROWS 100
XLLCORNER 1743168.902496596
YLLCORNER 5469283.447737298
CELLSIZE 10
NODATA_VALUE -9999
[rows 38 to 56 of 100, columns 0 to 42 of 100]
0.3888176754995811 0.3775067743028777 0.383290433240959 0.38208764352887487 0.3764733048586126 0.36349235911282335 0.35009878964120006 0.3551310118354717 0.37068206668623194 0.3926824501290779 0.3818322614341506 0.38798241913886383 0.3971172040367498 0.3776816265921542 0.37072511585910845 0.35558327879939816 0.3453429164495693 0.356603081068552 0.35591146428670173 0.35901717416428364 0.3494405468617487 0.3558234121412708 0.3394653413056691 0.33781263445955195 0.307859524014002 0.2969027468858412 0.28580162211058285 0.2702456172920022 0.2581528426001827 0.2541645728644002 0.247376037442413 0.26597405790860157 0.2672931176573988 0.2561355712162262 0.2733374111654206 0.25862304213783777 0.2752495758546809 0.2666106101504393 0.2967656778309001 0.30679780287621977 0.3322801989853151 0.342732256258571 0.3455630385744026
0.3707047204588661 0.38827023378801695 0.38522657255426845 0.38038102325861745 0.36317114134659434 0.35720508835290504 0.3669465327443913 0.359769972459782 0.3577810068326122 0.3868535443925526 0.3926972716390048 0.38489453219752895 0.3743961761368283 0.375671027755339 0.3881492696131098 0.3517902041613573 0.33140232437663897 0.3452544082355138 0.3273907641359243 0.3578259429335638 0.36053317877843466 0.3479823296717935 0.3246376322817945 0.34736882315004847 0.3373626609983819 0.2905380129639451 0.27461573879634643 0.26033432952555247 0.2556737740478218 0.23676884469953208 0.24280174876836602 0.24320196465130473 0.2442755425945888 0.24525270942875266 0.26001286575891003 0.25280993646422667 0.2808613535573662 0.2886981288473705 0.27499169970249726 0.31154382463241037 0.3341360646968294 0.341189696411301 0.3474306525177621
0.39506173179370824 0.3664240731588447 0.37140477192087784 0.3749824695563867 0.36207153482488846 0.3759833403400301 0.3646102395092001 0.3581033583527475 0.3755626628443906 0.38190317922644096 0.3847537914099815 0.36717655000747035 0.3706708629773789 0.3834920317244056 0.37554481247159965 0.352161478607585 0.32464894807471284 0.3388826032995411 0.34315899805013306 0.3463006848575703 0.3648051462161858 0.351918142214837 0.33835598485280216 0.34967832127784837 0.32447950379868534 0.3107110165242895 0.3086161049449635 0.29307301549304493 0.2576139041865635 0.25326286111670143 0.2560243454877421 0.24163786529170425 0.23837700523226937 0.2559973211232664 0.2714724068628084 0.2633855404607054 0.28002147450519377 0.2828857664109413 0.28043737611656544 0.3103606064197704 0.328420979221393 0.32257289240754966 0.3500232822290486
0.40366675986142836 0.3653573102604546 0.36297345332314224 0.3579906932407776 0.36755918753910144 0.3867683341465711 0.3987900415363457 0.37754461983967685 0.3623708086324879 0.378749347661281 0.3533079965886869 0.37226105975097284 0.37459790616426214 0.3693305829595416 0.35862017623570513 0.3521060244481934 0.32908691975414583 0.3299839761167996 0.3657320224201572 0.3452446933579306 0.3555765383698839 0.3583588068476162 0.3507394083520831 0.33714551608727444 0.3266218254902162 0.3053140942684899 0.29768067005455223 0.2808322593074021 0.2819961554289494 0.26111604635721936 0.2651504536465323 0.2659798937319627 0.25480615207715807 0.24892041515040803 0.25263521518745163 0.2601297173969974 0.2592384140729169 0.2703684931758925 0.29979620631945775 0.295873386238815 0.2966240347754462 0.3196907088198506 0.3570583702679103
0.3897849058563068 0.3814169970458522 0.363571536832938 0.3664687844224766 0.3616633346899467 0.3855881526012353 0.3784815863905829 0.37422716405702733 0.36885247965392354 0.3645009313302237 0.3446462930710337 0.3550828797954959 0.3672026587698669 0.3589407586545498 0.3475314456995924 0.3308066984820917 0.3210080254800012 0.3298598517398273 0.3373966730974049 0.3552385625823539 0.36388052761143463 0.36999567869806405 0.35445224914339984 0.3363555751538165 0.307439379039408 0.3062790128122068 0.29780540917938114 0.283066637054681 0.28659226932818205 0.2692407093997781 0.27038604479540335 0.258349506261549 0.2738924092818763 0.26839923520714065 0.2536550247138339 0.25968642774451167 0.2718149541223982 0.2981339807808988 0.3093674110416363 0.3169456322468552 0.33118113675684535 0.33463766484091456 0.36536223312243615
0.37620405736566825 0.36150163875706254 0.3556618385561632 0.34821363238977215 0.3573860350993187 0.3870901360396897 0.39839704733440917 0.38648158516033243 0.36961837353217286 0.3705861821537598 0.36206439093519066 0.33257832916358987 0.329344542135253 0.3386867904429313 0.3337745772997316 0.324502108512281 0.3247463426381125 0.3309441822225142 0.35565446756958446 0.3495941487828683 0.372961702865514 0.3819626446642188 0.37254407032600656 0.3585452754564152 0.31703727373890656 0.315876493951228 0.29298365363175777 0.27855564391604987 0.2717889604850002 0.2962461388792737 0.2878762205415631 0.2773306266520928 0.2798751640247448 0.2739562346871374 0.2871713954793537 0.27127390777437316 0.2856306362489053 0.2843653177038071 0.28684385632905374 0.32632367225369086 0.3300514372020838 0.3597910746547115 0.37575644804118613
0.35522744274308254 0.3586797892282607 0.34610289536079375 0.345747554605895 0.3465756882006982 0.35958024723645443 0.3795882346960222 0.36129021219482804 0.37431379921375907 0.37861665319843385 0.34999204484653745 0.3426626971530417 0.32651568085713245 0.33223642008077686 0.3473046545729228 0.3362493024008806 0.33615404577434377 0.32394918202082584 0.33478658076697937 0.35762417672498015 0.37803512356284746 0.35592916645209866 0.3607287015140586 0.3593082674708163 0.332164238680814 0.31307701535165505 0.2903728077767269 0.27083491488845085 0.2766350503504658 0.2938154351942813 0.3014424082155124 0.2839113759907779 0.2719930111343099 0.2849212131453014 0.2887273650339046 0.2955506209709842 0.2829374106413859 0.27931485262343897 0.3075202331096075 0.33523718310709066 0.3653547635339688 0.36615326551221594 0.387742324526448
0.3733379059318051 0.36813875838813626 0.3693696142004965 0.35343256236093246 0.35456817036317323 0.37284989975114113 0.36070327968810706 0.38504399793035127 0.37462481110969464 0.3660963867141886 0.364242069324587 0.36471156716123787 0.3474889959426281 0.34552933053729445 0.33496224980796485 0.33115865033920827 0.3355564181252159 0.3500717234566812 0.3346733350974206 0.3568692418328821 0.3659494286312316 0.3672230549469766 0.372335524257423 0.35044637096269243 0.31497857194938256 0.30687388964505 0.2868027865832877 0.2758733330066361 0.2936440869833731 0.2975159657390532 0.3078052211338663 0.2780745851540736 0.26518932456928257 0.2920890704081209 0.303283764445214 0.29203257730985066 0.2699110749250624 0.293928854629383 0.3219659679820174 0.3577330302607035 0.3781335427586235 0.37633999571453114 0.38045557695989735
0.3606415914939993 0.3435256283293257 0.348148123184674 0.3558249721472548 0.3698895181114697 0.3708700757090191 0.3883459635093235 0.38785592144648745 0.3766090847489226 0.35248193200670785 0.3692550316091019 0.3549000263109649 0.3402685586736176 0.3611131267914869 0.36417188381729776 0.3466807232606612 0.3551286316867188 0.3439061845458493 0.332176121352133 0.3470334707382931 0.35524484252087574 0.3751769267100897 0.3819118817471877 0.36027725161656593 0.34966019598175374 0.3266444641935293 0.303494006972752 0.29534166309298887 0.30656932527513897 0.30426201532900804 0.2891107248432783 0.2857118213295799 0.2809606212246465 0.2895190642021694 0.29678287751878696 0.28811881159034797 0.2891785248682313 0.3027539118048598 0.33332249700595873 0.34849277360715064 0.3672733501226578 0.4022273329049577 0.4063723751396125
0.33892727415970664 0.34243505779325234 0.3430019437926415 0.3379401808227916 0.35333730591745405 0.37675976975397074 0.4133705086755596 0.38933050234088507 0.35793781410151804 0.35258224670805915 0.3744528894811807 0.35276483170981154 0.3581873100524241 0.37198056986672096 0.38341825460086937 0.3718665583045446 0.36830904069532333 0.3744946921510646 0.3551234372235447 0.35485246999343695 0.34824384242581086 0.37092481884812145 0.3847239615704214 0.3503769568315246 0.34687802198859574 0.33866933660358606 0.314597058335639 0.31402551246914356 0.307728778052605 0.3045714398070788 0.2853522948157552 0.2721359675504284 0.2741810785644333 0.2782270857038895 0.29339720200357267 0.28587765345643573 0.3034325071454443 0.3018491025542323 0.3089015335250201 0.34213603726021874 0.36159904390189235 0.4032206238735216 0.43713275260829554
0.3276660260708498 0.3305502766470014 0.3427310272391309 0.3276284103399779 0.34564785710517476 0.35069157236672777 0.3785253330653263 0.3813062763273914 0.37618612589199535 0.36308436618398715 0.3718094459181201 0.3725067008837058 0.35020142436712487 0.35962566173561655 0.3827685424176279 0.3993195516326546 0.39916147789552947 0.3903651679308763 0.38412244103928034 0.35936109548479966 0.35396294995947924 0.355739813032725 0.3622171145354034 0.3536182958788214 0.3290514910851761 0.3293146736430223 0.3195340536720033 0.3020785894227656 0.3109656436442669 0.3026721660690058 0.27643958077923897 0.29024381413901384 0.2842282759581922 0.27291716757980844 0.2607750789763966 0.28264613089286544 0.30983825008411325 0.3005138840203666 0.33431025042739576 0.3635604301807527 0.36978391518831044 0.41154051704055256 0.40225199764608616
0.30723727314040056 0.3184922822489224 0.31199215956896736 0.3085770631614954 0.32691441386816333 0.3207512533957098 0.3394297974423099 0.36158610732414115 0.37258432953162807 0.36233643173993224 0.3957467643278768 0.37851419005208137 0.3607589605028555 0.3645590583324488 0.39628803952772085 0.3990642194247012 0.39349080074368803 0.40692249697888416 0.38823628947793837 0.38699235477375854 0.35988809170644154 0.3662904195214516 0.3741460492591117 0.35369460654202195 0.3155632468686321 0.33193017825609755 0.30913666613790275 0.31533549830608454 0.3102872195063973 0.2938036588794176 0.27865924060494324 0.2673343208670694 0.26327549342059575 0.24909075315514323 0.2541058675992488 0.2742751165408269 0.2961884712089206 0.3045418606767098 0.3268753681565057 0.35054944022087575 0.39451542196808614 0.3895221317387171 0.39714954612726894
0.2828713824961191 0.30966802179303593 0.31088651760660074 0.32705266273260203 0.3412477043216099 0.32520328488781924 0.3285923951008027 0.3515451730320362 0.3803190555733775 0.3755967380322217 0.3898875026169196 0.382973638402201 0.374736747438162 0.37267935606625063 0.3863628743158004 0.3969208924282001 0.3911065037221404 0.39334531114819526 0.4041166680423614 0.3820909532305494 0.3780667733931477 0.37380361766579984 0.34944106137576597 0.34598487899154284 0.3102144672261105 0.32086123333665795 0.2983057599328451 0.30434026445638657 0.29539790539607563 0.29876571489253395 0.28801447957428733 0.28977955789682075 0.2648086904199173 0.25365042084809175 0.2516840921576863 0.26888133844179646 0.29711985816693753 0.30086473935525515 0.33844223320264566 0.3543309775096137 0.37154958999578047 0.3842797141209441 0.4117703114899233
0.2760227500773107 0.2951512891467119 0.30383850867906265 0.31468542525661375 0.32767899703269365 0.3408119766014529 0.34373720287256443 0.36765425935360074 0.3870315327875007 0.3928054252244508 0.39009784977154344 0.36331215388405014 0.35157609141698953 0.3569024496458026 0.37031833820177623 0.3995314715685093 0.4102582893024317 0.41227299330762257 0.3991907927373298 0.3711401982931046 0.3597089425270331 0.3725983058897959 0.3584444970738411 0.34372844135903025 0.31955903529189406 0.30651852380359346 0.29347571047161813 0.29764533513369273 0.2856068000072252 0.27770726743398555 0.28326396925081615 0.28837782230540815 0.2738256877215628 0.27969110811932213 0.26840116091074023 0.27537452213776736 0.28255024759613506 0.3171656523089936 0.3596437753743711 0.34896488610541077 0.36878431087530844 0.38627572974226937 0.41273495436969004
0.2878835936612741 0.2814614134954013 0.30913371757413816 0.33279945610306777 0.3370245501123542 0.3417786031052691 0.33287171221985934 0.3457760891973421 0.37328373629534617 0.379896552615086 0.3642230168838351 0.37643956196658973 0.37621519128178027 0.36347884271452774 0.36502861103536816 0.39735391850062174 0.40708555786580564 0.39191369695782086 0.38777232115733085 0.39802952996072527 0.3743147366473246 0.38362136323287965 0.35982601432373523 0.35651515395920574 0.34011926353082683 0.318551159405897 0.319683666394901 0.31759411444605723 0.293473138491022 0.3024376679841998 0.2876401125862399 0.28935290606297126 0.2655389206800173 0.2810974881560604 0.26908515052508736 0.2771998902160201 0.27786110134159014 0.30050924649670496 0.33744495813740905 0.34831372826614904 0.3620520639121005 0.3970729821788951 0.4192399911616799
0.27986263186546806 0.31095563483287975 0.3157240056162128 0.33228183080113305 0.33863431431115837 0.3308046178474421 0.36300196186942363 0.35403363156171497 0.3385128547082166 0.35715144075287025 0.3606156539973218 0.3570628087613196 0.37514817504424997 0.38023642021896037 0.39005522869703174 0.4034213545401455 0.3971148608755321 0.3789564524912245 0.37867511315970614 0.3814829005665276 0.3974424450124703 0.38624162384803823 0.37271892576218224 0.3625834892308723 0.3273129725890271 0.3364795117945965 0.32861373629672297 0.32429939363865107 0.3233500747268976 0.31911849686615273 0.29034611996874604 0.2937314619937494 0.27377678098398517 0.28299311631557716 0.2596862494418561 0.2804358501414747 0.28720213527161026 0.29533129028958244 0.3102713548841886 0.3323350426214781 0.3462918512639492 0.38953752021027566 0.41913502554984616
0.2780866156164913 0.3091301182545738 0.30283695314647274 0.31690533809535776 0.3345868419497256 0.3420213224993707 0.35712048481073977 0.3604795472829637 0.35427967440248515 0.34551274267144794 0.3685648050270173 0.37215772601045766 0.38311911485459044 0.39850674581406736 0.3964909091637192 0.411864597754724 0.39100618869901227 0.4065901336411841 0.4010738528841152 0.383379759406325 0.39156049705064855 0.38010404332490466 0.3618126081412771 0.33971591745816826 0.3386354473407855 0.3335357172887801 0.3210634670279402 0.33114724103056814 0.3206717683509279 0.3020643576412237 0.3049584237463773 0.30181971503281335 0.2711224073252143 0.2753484466361293 0.2933342907292395 0.29224006947290265 0.30146679817159566 0.2940847829615525 0.3181474675378852 0.31848210066900323 0.339593054571364 0.37289696977038556 0.4005951691717136
0.29231795687856915 0.2994026474297974 0.30083039953346924 0.32844321389337133 0.34617275503882633 0.34154290624307687 0.3584811113756231 0.35108427555542354 0.3400559717046621 0.35107174232788785 0.35730337230923587 0.36349667829354454 0.3820315211417077 0.406167836064679 0.4336861784783027 0.42664759265126134 0.3914432106991545 0.4151656150051354 0.40010064592077027 0.3996502593968506 0.40201472340312294 0.3778970784529063 0.34960444567282284 0.3444069750860023 0.31668439905821977 0.3305113121661153 0.31258933078950885 0.3361768168858863 0.32001714426110456 0.3165840587848984 0.30466571458493213 0.28431400954666336 0.28189458034637094 0.28571674658235563 0.3100181815056568 0.3151333157443168 0.29364880865695436 0.31688368930647914 0.30582768018623313 0.3280437411540767 0.33591057908437283 0.37973038999865283 0.4097758577832426
0.2763367358934398 0.3039472898233241 0.3036437915025946 0.31849411332379207 0.327755628398752 0.3465721076541457 0.3573322684430027 0.3465065252448498 0.357926493707779 0.3634795781028655 0.36076922227562275 0.378341739835629 0.3939665283060262 0.4022956695726442 0.4264476680726263 0.40882046528416277 0.4106226244916178 0.42020626135160594 0.420661093091513 0.4153554660342416 0.3879512394853196 0.37421979700027846 0.37966256977966684 0.3608169913882635 0.3441327779153024 0.33881092773905463 0.3274709959767416 0.344655137544844 0.34460733138349525 0.3219011549756926 0.32304231713293824 0.3075026222045768 0.2894907262968821 0.3207019548888156 0.31183043958969353 0.3288235384024346 0.3238924447167867 0.3342086916122771 0.33161344982517144 0.33165706721184196 0.35431783310543535 0.3743173568484028 0.42347223826576913
