Raster_benchmarking/Raster/continuous/raster-496.asc
NCOLS 100
NROWS 100
XLLCORNER 1743156.244361348
YLLCORNER 5469289.101504531
CELLSIZE 10
NODATA_VALUE -9999
[rows 76 to 94 of 100, columns 43 to 85 of 100]
0.26096248355272894 0.2972248177604109 0.3399689904966258 0.4022563772273426 0.4154573621397906 0.4008659442961984 0.484313724010552 0.4752035780279002 0.5002165743602449 0.5285142446472575 0.5617383402976323 0.6598331326064154 0.6557764947320696 0.6416164880030285 0.607431397014797 0.6316359475152395 0.6290428593759926 0.5852885663398867 0.5644645895450311 0.5652252919445903 0.5427618629463595 0.5477280386893489 0.5835361644788869 0.632954893154439 0.5870157945830533 0.6520338963155224 0.6320617659653825 0.6310983677209575 0.5659947151210176 0.5876502423688761 0.5671637305843333 0.5164247076772306 0.45769024514145284 0.46708702059454255 0.41977604335983276 0.4525579514760064 0.4969289128863045 0.5083818972206515 0.5543579432263239 0.5666159049491859 0.5573325068957894 0.5038895911180853 0.428944253451642
0.29471188224439876 0.31453738447379004 0.3717354682001454 0.39118805335592527 0.3932817502341764 0.38724322928245564 0.4063317087437037 0.4407731549127461 0.5357342891220325 0.5648586524995751 0.6077642226056356 0.6316402439416877 0.7263937318106504 0.6373120953903245 0.5981404183790698 0.6514612982255147 0.640768288520025 0.576526195577034 0.533236383202551 0.5028066423832086 0.5157397915424007 0.556228558364763 0.5995004745927575 0.5947688246239975 0.5801087640285595 0.6304346348565488 0.6298726249169719 0.6096453837590071 0.5051529905402462 0.5558387940457766 0.5322635824336523 0.5014745489783545 0.5034327747742637 0.4485182855498617 0.44232003906005335 0.4702899036914791 0.5415567549436505 0.5432823565973166 0.5705397593454691 0.528697653390062 0.49306808103989364 0.46013223340465054 0.39330097425902255
0.2842387964509047 0.2915563513989877 0.3052742143051027 0.32908085571793155 0.34259310378319907 0.4195123589241538 0.4117025832295528 0.4730154676420764 0.5151688048671815 0.5648995707875495 0.6242434909634239 0.61176755279801 0.6564044974449573 0.618582268701994 0.6388770321810447 0.6044860170611149 0.6135520780670217 0.5744969511556338 0.5631320435025685 0.5082242339785228 0.4964327738831492 0.5579026306528752 0.5901758161257438 0.5697437370942463 0.5813459646656197 0.6077729246100863 0.5963349522072101 0.5682506059098696 0.5372600059461297 0.49935053180776834 0.4893653074303184 0.47287170215470553 0.474836683798285 0.4779586484590505 0.47685912199423613 0.4740865960812601 0.4803973037195851 0.5019827638462289 0.5338876494697585 0.49358468636379743 0.4823862808710689 0.4866783514803322 0.4481713254921944
0.3060328411530008 0.301382355796471 0.31293814163310946 0.3298252013075818 0.3756414902297982 0.3903488708173052 0.39208201692549177 0.44795859213998773 0.45504232236607406 0.49842514105992597 0.5763646033323155 0.6202596770943414 0.6742731480627041 0.6046890070685969 0.5836415380110482 0.5431591124902254 0.5311122936420961 0.5212111244945306 0.5371373479450294 0.567264808259265 0.5545873970095024 0.5514740687574561 0.4899252334152692 0.4892897899914439 0.5463913680722761 0.5640874911175467 0.5336673707235524 0.5688068194216205 0.5548960319126707 0.5174390783942852 0.4532626623616939 0.5089926298790665 0.5374885632299883 0.5077744657871396 0.4808881570267526 0.446612459781689 0.4080300711678064 0.4405252190918836 0.4442526969101131 0.4296151697806364 0.42871504561574353 0.4227343046335852 0.4816149179690299
0.3579768402458669 0.3680672909878727 0.3491171187821741 0.3184433989947306 0.3585717442935824 0.36010546273619526 0.41131513680173953 0.39935420368199576 0.5025868719531807 0.5216426574687182 0.53598652485763 0.5843874126488975 0.6648267896652534 0.6071632225992296 0.61451826989997 0.5649200694382158 0.5584767709131006 0.5495788763739347 0.5219710331390778 0.5501442537163058 0.5377833654967027 0.46280739965723544 0.43535615930132565 0.48362058965569094 0.4884905851783598 0.5092140213024615 0.5487628082691682 0.5137827997529376 0.5370005828588218 0.4953989722688967 0.4457109901831379 0.4305696805646839 0.4494547376792984 0.47041508970694607 0.43955176406817276 0.42759741485907354 0.37829390226052867 0.37237391370722345 0.4037836262293906 0.4390374843278937 0.425165606340792 0.43620313164786545 0.4600351870695808
0.4317230921100362 0.40908661223294035 0.33746096860067487 0.33009508705920193 0.3511499734899538 0.3522274499057235 0.38737692000976287 0.388864838548788 0.4884463960310982 0.49482763172673977 0.521365165930302 0.625372545605521 0.6639509085551539 0.6638037352520186 0.6407561702753397 0.5691140834520465 0.5477471831368043 0.5368569034589173 0.582172221805938 0.5106994110477279 0.4942446922399413 0.4316134339456586 0.4531351466952848 0.39760786863932973 0.39650880502146113 0.4850290045892683 0.4922491694076222 0.4599071734745637 0.4790833824278945 0.4679945824690666 0.3926555147359659 0.4641272159804382 0.4679140362523309 0.4062656822890879 0.3911789642154189 0.4091117291097719 0.3390635786706694 0.34900568928500036 0.37090844202492124 0.4385958669101137 0.4221409631388344 0.46546915368249275 0.44001637875452987
0.43526692061753497 0.44963756764958884 0.362229345156928 0.36644402950467403 0.377240869068884 0.3809352315524924 0.38401446051903254 0.423674719535078 0.4709395316595627 0.5168689447774026 0.5674113948180841 0.6229378647502155 0.6317974041491958 0.6530404606211655 0.5801165797456344 0.557949096019698 0.5931619647289393 0.5946542434117642 0.577492145585878 0.5292078269569405 0.5327437121351237 0.46592232921900045 0.46248030070993906 0.40286825134294346 0.3773125188655657 0.41901650608888275 0.4442195749495283 0.4476308786256335 0.4142192579986424 0.44390227823282485 0.39131204540789766 0.43558249693792944 0.45337828591976237 0.39520127398590815 0.4114929436340248 0.3596481758088926 0.3647008741877033 0.37006291706841243 0.3803437163054382 0.4127151269320429 0.4010500549403768 0.4318467388083779 0.4179294266475484
0.45825618159516673 0.4288195358928507 0.4402632009113935 0.3979927195416159 0.3760288498078068 0.38147135851052055 0.4155457404323419 0.42280602655707733 0.43268532828616335 0.5229892205917386 0.5381894324785704 0.5745894141007246 0.6244932013326298 0.5945328712943135 0.6087808411510613 0.5889870657672343 0.5778339904841394 0.5774935220018586 0.537279478047409 0.5316109790402386 0.5296124358499321 0.4450075679539566 0.41706261388289195 0.4296327260786182 0.3854901263508605 0.36370468609926077 0.39457682559937995 0.3969586926062098 0.41996698086326234 0.41648812896484466 0.4225544126437849 0.3843693346241782 0.3769922296360924 0.3675908213244982 0.37820716180316316 0.360934036479133 0.4227297856959939 0.41260324354401773 0.3617212689041555 0.4286993580055249 0.42704750555766235 0.43175018792973674 0.41285797709024197
0.48888664633454704 0.48286959834069926 0.4851492314680454 0.4337488765630373 0.42081721669343425 0.4388951493271866 0.46447000204699723 0.46843142547492345 0.4520485263360321 0.49801831242845895 0.5322734553573069 0.6070168403108389 0.5863970581761205 0.6043108344994784 0.5482667549548342 0.5599761867263878 0.5152227212878099 0.5215173312187646 0.5139276609915718 0.5188452576437501 0.4952800152826821 0.50754440853216 0.4903515586668182 0.42097157116777845 0.3928336735433082 0.3851621300076126 0.37378679245346946 0.4035129071299202 0.41904147820372856 0.3871540232299018 0.4065569901122983 0.36860694104732056 0.3671477254395201 0.32718315402589837 0.4006838838944257 0.4126426984988253 0.36373876649399994 0.3786239289937087 0.4079730323310908 0.3934616358022793 0.4258500296998999 0.417464621097716 0.4129409946120208
0.4703497637792336 0.48385923501225925 0.48422887926474406 0.5032693452974779 0.49351076885068196 0.47936645285689566 0.5689470845881966 0.518665084297184 0.5400808025899981 0.5270432400181458 0.5341427560098309 0.5492283365156222 0.6175446754982346 0.5456737241886368 0.5042582916744605 0.5300417289137156 0.503563636025112 0.5194455947615054 0.5154878207287027 0.5226987020733397 0.5127953334154606 0.48204492266862703 0.4968718598252263 0.46160272317216045 0.4549231440144014 0.42780231894612825 0.42738797621136065 0.41199784166944214 0.3992532474427668 0.38538580056030036 0.35699142400193434 0.35638941473262 0.2873213735328084 0.2997651586896137 0.342021934032345 0.36487421522742597 0.3749851269931785 0.39119647506548255 0.3875621852973711 0.36244306612276334 0.3950071216456673 0.3580111678698373 0.3581631015728635
0.4254983752953228 0.46683442080122756 0.48735784484420897 0.5143053738856085 0.5672522485282211 0.5618576097447685 0.5725135316893987 0.5828789679842703 0.5701395786878448 0.5331730099902398 0.5717936828585355 0.5792097380386431 0.6022515734183223 0.5529224144811273 0.5472390571421519 0.49361188995813365 0.49496997469924836 0.5067144272890706 0.49736091437594604 0.47093693270920683 0.47036538694036867 0.45733529364397957 0.44296384673533434 0.4186536832761804 0.3801682768679221 0.40894634979735334 0.415715619468819 0.4537484793990265 0.4117069258604384 0.4066456552848648 0.37620825425126553 0.3190233035380097 0.2917585388343478 0.2811094828768461 0.2850465979434384 0.34113487061370545 0.3843823687589962 0.37768925983215407 0.37090847071410615 0.4252372819767227 0.4340865453553658 0.3744348080786434 0.34668569315397363
0.4331734154156198 0.4950415063074961 0.53663037079241 0.5367050620135723 0.6045567732227756 0.5980530037970345 0.6026756165594778 0.6075876962574601 0.5540450929508814 0.5654038139356556 0.5901400578722517 0.5712915712586676 0.5781056838070705 0.5484543103175983 0.48712091923100614 0.4666485273185835 0.5274043250932947 0.5167463213592877 0.442596803102987 0.49009509275144747 0.470293905728959 0.4688761028905803 0.41299536127450087 0.38770113978880877 0.3796103832936024 0.37496898865300626 0.45138796198933645 0.4554803238617309 0.4168282069474637 0.3852235143487065 0.3165558678016374 0.2654546616069748 0.24601792008415369 0.25364381443885403 0.2386797833520055 0.2973740049012081 0.34906425151728426 0.35733689216146935 0.3519690141106406 0.35763257466319676 0.42865370940680625 0.42979944451200686 0.4196751256915592
0.47453905223294646 0.5245657425035516 0.5157042402339725 0.5453693039026035 0.5816162108876858 0.6211801424964176 0.6250372575727899 0.581141324270611 0.6115025698768806 0.608801808240223 0.5820607816368097 0.554760640625581 0.6118668086473409 0.5756440459318204 0.549277002780863 0.48859483345011684 0.49363343424945755 0.4461509418244355 0.45382617340639037 0.4404338417998768 0.4087247796535266 0.39508199912816977 0.42273906309171194 0.4067629012922991 0.4039078602024751 0.4096368308258525 0.42079837225997496 0.3670488419897388 0.3252218916799015 0.3025948250686326 0.28805529272876385 0.27496497273748566 0.20498184461838634 0.2136730234064613 0.28278937745220345 0.2524435428266491 0.32362978899214545 0.3395005091546954 0.38017024830639384 0.37061001671367527 0.4365781327825651 0.4713856931502974 0.46494346473310505
0.4767548374498114 0.4974472301290916 0.5771291515396633 0.5662423948133845 0.6005013141076575 0.555864932500972 0.5516384912415921 0.5497365040727146 0.6473996982972496 0.6186714957491323 0.537197608454908 0.5729280040184626 0.5915907176514789 0.5392516185195757 0.5220311736717025 0.4561261498936887 0.42860504225314033 0.44993540977832536 0.43990894376616074 0.3972130131819317 0.3239885216672837 0.351969682572188 0.40311916331413905 0.37566772337816917 0.37151320486418216 0.3595110648390516 0.3893325682579134 0.38274362475614493 0.33501710771246707 0.3129903712013654 0.22676259074190483 0.21593039920688084 0.20440489079370258 0.28547730804932625 0.29441397858400326 0.24199598245394097 0.24391346534991545 0.32263337077884957 0.39714572063540143 0.37658096857837775 0.4467187136732229 0.4272633241446973 0.49656047047292307
0.5186037613146711 0.5015540760216624 0.5294581104734047 0.5196489696198309 0.588652728402841 0.5594320055515669 0.567736803664535 0.5492148583482532 0.5582507531162098 0.5517873250442713 0.5832333454040343 0.5778820382561557 0.5629866192241806 0.4896258061982399 0.5113991955236118 0.45491133704814796 0.39374106230273553 0.42426798048549424 0.36031976730309045 0.38218866463793005 0.2984448400029165 0.2873585961502437 0.32685316550075766 0.352991534152088 0.3240795723210872 0.32712804101529175 0.3076871446280769 0.3536948631511844 0.28953180789145894 0.24767889026739096 0.25052587319235703 0.2628703956327837 0.2792957632971482 0.330210148547684 0.30604370761844724 0.32306198436650096 0.3513398664337192 0.383467465896675 0.35981826869994893 0.37711005525677177 0.43049306975915674 0.4427191049320113 0.4355707410916708
0.5094708026141344 0.512969540152295 0.4820088878610833 0.5445882705532346 0.562998497029169 0.5216777053366443 0.5606683599895055 0.547521242134151 0.5331650125146052 0.5275486362621429 0.5572846023643976 0.5182566931705943 0.47834230034455233 0.5031784610059887 0.44042203459900375 0.44409373450456835 0.3524127306573995 0.359027450250844 0.3450080233024418 0.37506634201452876 0.27003883336452167 0.2585021229010213 0.28669672912833705 0.2735737408910981 0.2639771275530377 0.26970717797008886 0.27292792713772335 0.2976353846647475 0.26971971867391464 0.23084763864515134 0.27464581977828434 0.2864509965293982 0.3454850836169954 0.3420785936653947 0.3416849822480699 0.35992036705503494 0.3930375271363634 0.39768788898251384 0.355792398853882 0.373792253378148 0.36033747747984907 0.3814106249275185 0.463850979862103
0.4904530018671509 0.461827711798797 0.4595903675916955 0.48039163571448157 0.48531637712155146 0.487402430056068 0.5070930671821988 0.5063105898251591 0.49469699034624914 0.5461840855844559 0.5483927984636112 0.5123021955700101 0.4643923007553928 0.47389249378679216 0.4421773906360279 0.40806881842635884 0.3846837681915303 0.3459819150096836 0.35671348037288436 0.3561721181745078 0.3070591113169 0.2728403452925441 0.30092401933231533 0.2648355981828298 0.23796714824175974 0.284971668770977 0.29666436119944095 0.23494659202799337 0.2352700278601688 0.25822671123535645 0.24935601387748127 0.32087458398558183 0.3556908262556056 0.38606052663906154 0.3937386806843045 0.3686385848959738 0.3809323052033499 0.40991743206887093 0.3578259296077179 0.3975783941676906 0.3799700371447437 0.36501451609343477 0.42685561842427366
0.511179570507208 0.5009651528810198 0.4887545775354084 0.4590044163079474 0.44890207948465555 0.4613128943856967 0.4836980966417098 0.47625826452063286 0.5295231877706921 0.5493493208567374 0.4968402499831351 0.4700942700318645 0.47742708470615275 0.4297451854169531 0.3923699820109409 0.4237509295148591 0.41151866223543104 0.3808963373543197 0.41789211589239317 0.3883822821121265 0.31485117108039956 0.3062891072288901 0.3233414531799661 0.25639307556090146 0.2070997995700278 0.28579770756761147 0.2815799790348334 0.29036545773162203 0.22476808711591054 0.2603286451031837 0.28627443416088183 0.3432550981871808 0.37741034396661743 0.4084973229368714 0.40340062081892564 0.3837371006992782 0.40334454559571564 0.4028106800361709 0.3595959979747382 0.3548743433256898 0.3786288762605592 0.3672629847091515 0.3910042512989599
0.4377466367511538 0.45922169807068725 0.46886781733573424 0.4368103667906259 0.43883155838691434 0.44561694137004854 0.44432665102748004 0.5025209494197739 0.5221481968253373 0.4732833035510736 0.46643407835517126 0.48747892783024005 0.4837410752525829 0.44970418109003674 0.3776991447695079 0.41515895824530524 0.41753106978798593 0.4128934717768101 0.38130416260033834 0.3410858762558177 0.2665722882571985 0.25717925320053403 0.3033802349919184 0.2729276625684653 0.1977610406495042 0.2538088067309626 0.2678758025808377 0.27714349402867505 0.29698854281333137 0.24743874091281856 0.26949074164102943 0.3711618769766415 0.3810999269721744 0.38992776036749544 0.3902355014149355 0.38129055737680356 0.3925268451417281 0.4072947874981847 0.4275408285748688 0.38973310145301987 0.403264016992015 0.3841808521411004 0.46747112849523986
