Raster_benchmarking/Raster/continuous/raster-112.asc
NCOLS 100
NROWS 100
XLLCORNER 1743156.6837279345
YLLCORNER 5469280.597211195
CELLSIZE 10
NODATA_VALUE -9999
[rows 19 to 37 of 100, columns 0 to 42 of 100]
0.37080422309436734 0.369828912422915 0.3967788182763081 0.41110169834662824 0.4204445282582848 0.43287444166011874 0.4458047918004838 0.46003616566466393 0.4720806648283878 0.4797505186885009 0.49373321522661456 0.49638634771496604 0.517762534063813 0.502926746889787 0.49216784598670676 0.5065484222173744 0.4897740273045437 0.4590971970672853 0.46297057041742357 0.47082531642467274 0.4380368673117354 0.43461404464307896 0.45359710767548667 0.4566818134041398 0.47628199608208255 0.4831379479665649 0.5042145198721999 0.5173699119160268 0.5253786508570288 0.5472780484760216 0.5826575735937213 0.585018620107224 0.6163268782045399 0.6371290280828863 0.6985355941153629 0.7118209854394312 0.7234910351607408 0.7339212274706955 0.7641294055658685 0.7695627165369553 0.7904689979921631 0.779028461589976 0.7871787984058934
0.340672982397774 0.3658885821925627 0.40862437011097696 0.41697162126284304 0.4306824173962392 0.4344087656716779 0.43280467270015754 0.45650462327547237 0.4551443156576907 0.5014048322952244 0.5196786611253167 0.4919979207851184 0.5116548116720303 0.4912620709460068 0.5194282858666698 0.4971831326844547 0.4822179214324557 0.4805580681036687 0.4742239455847978 0.4757936277165556 0.4645637201022363 0.45953412024540935 0.44648050034169945 0.44932049652957323 0.48029450955697744 0.4832529029100418 0.5063966036174796 0.5188955816925612 0.5441602501567483 0.5440546805416334 0.5462615963843166 0.5772954561223582 0.5932578219004393 0.6270131774383768 0.6956221251784881 0.7080069688354361 0.6942588500928352 0.7334657434284254 0.7453561492490878 0.7715328449320943 0.7848473573824853 0.7849098388872178 0.7908622123663528
0.3456517327396852 0.3733189210751525 0.3874914421104615 0.3812006755472826 0.3847053772596335 0.4090743950546032 0.4177433240460904 0.4655298369915415 0.4739307162907685 0.5093125783519243 0.5087984828363552 0.5144724837149683 0.5197413317022117 0.5039048169843391 0.5073292226290618 0.5012993533878144 0.4813104167200255 0.4787447069272692 0.495594947751609 0.4828908240684214 0.46617789122393877 0.4632680317273531 0.4484796222797685 0.45826358483384483 0.4848103850343407 0.4861304113452982 0.5303479516694602 0.5367490700699684 0.5453557991259104 0.540839448315043 0.5601429843956729 0.572716991583313 0.5834680311832732 0.6492832430228502 0.6847157951817627 0.6810664018194972 0.6974093003484423 0.7133358764658596 0.7154575068951687 0.7499479330131771 0.768346102544784 0.7554102708976697 0.7873434428225468
0.365566096524742 0.35966495273550575 0.3581049630087214 0.3752753296155959 0.3484629235184372 0.4083401864472576 0.4418429643065579 0.47605744148078083 0.4764277782495952 0.5128811877186368 0.5186082899324055 0.505582218566633 0.5110450798885501 0.5004838456451555 0.47940395056017754 0.5042123811202436 0.4832701765289614 0.4848640129740146 0.4691243456770637 0.46295405625169467 0.4580015580293766 0.4775984957528765 0.491429652659836 0.4471192085739786 0.4608373245461491 0.5069530251896035 0.5381065411911682 0.543839525127662 0.5455221700044833 0.5173676281980462 0.523430025245973 0.5688086899842826 0.5904995399786832 0.6279310261598284 0.6533154142155733 0.6517222613644409 0.6967508657277541 0.7111033252591309 0.718833611273936 0.7316425187677752 0.7087419194586715 0.7617323633175601 0.7727565307607471
0.34809262329470253 0.34542299725892 0.3541086278133089 0.3413922420084587 0.34823439842410187 0.3778080585647236 0.43832937903786223 0.4527644017063498 0.48488777605710714 0.49635393247956167 0.4992276248274892 0.5167615249822595 0.5046445361272669 0.5013211543424494 0.4801726653261095 0.49978698247640446 0.4697522961876334 0.46487226178296104 0.4799629336718481 0.4540848673989401 0.4608846928457028 0.45378122555370015 0.4644880728304418 0.4571151652005106 0.45067794190520505 0.48570558158082827 0.5208387835005305 0.5316502733782685 0.5290283812322413 0.5261734945013091 0.5309092840462769 0.5585355854856684 0.594154802971282 0.6019788396353433 0.6488291152980875 0.65338267057783 0.6693993804385603 0.6939127540339707 0.6903989046651124 0.7063022061717966 0.7444603138419492 0.7573584982159011 0.7825945940300226
0.36248200748174414 0.3597090305419313 0.330362507269585 0.3223221208591833 0.3442989646705176 0.37771107461735304 0.4164693851589516 0.4447194721615664 0.45802860917244403 0.4694095380282903 0.4978905794414735 0.5065359657955083 0.49858863298932293 0.505472954275836 0.49466115974089325 0.48876118536635577 0.47350016849372645 0.44957495194497765 0.45335542140505897 0.4400109651958538 0.4605352502854082 0.47021840780658564 0.47365149003035323 0.45957515168862784 0.4521117576079982 0.47939775294580406 0.506074538512233 0.5283449547334756 0.5334520551216649 0.5153253863556131 0.5300938514670809 0.5228036519879135 0.5472886221640367 0.5878555986488146 0.6526836662531711 0.6535482604515278 0.6512433983857093 0.6950676426150344 0.6971955729117718 0.7148750890164758 0.7380944850837818 0.7566194123098605 0.7488174431181202
0.3481656783454927 0.3414927524635058 0.3513196814899931 0.34502258756142523 0.3558865126733993 0.3775961161849993 0.4231906913279974 0.44229718865194284 0.4788885811799899 0.47946521478534687 0.5043173934607723 0.4825467643013208 0.5176806740421368 0.49703185645237163 0.4838770341856523 0.4805303616307673 0.47790853140629885 0.4450941234263274 0.44175163464811323 0.4418517873311953 0.422295506591336 0.45379594287708025 0.4587674354658846 0.4443239084770806 0.4326596555674701 0.45577373398268983 0.4991674744786307 0.5097795909471889 0.5309856955342676 0.5400887433940201 0.5305345948803124 0.52941383461657 0.5507963268335684 0.5810049209361623 0.6144382617622616 0.6351753520063104 0.6790587124445183 0.6857558825181046 0.7309734504972161 0.7347331765082556 0.7601694294976881 0.7606597742638168 0.7831797300313431
0.31779016060079157 0.321780438431338 0.33944288543248513 0.32688364999804165 0.3342132180659767 0.3836184924911691 0.3994871507234444 0.4554092183900578 0.4802715600239536 0.45695137211576 0.47876025543881334 0.49092202432027604 0.5325473506938189 0.48344363347069347 0.4952494126303725 0.472005388199601 0.43950989011650987 0.4620349991110948 0.4438423160289832 0.43653529641813243 0.395179012073135 0.4374729355144925 0.4684933761206369 0.46671434262291545 0.4483716355866706 0.47347218489729515 0.46558731040990636 0.5150982995890491 0.5102381343112773 0.5536861394125022 0.5502998463948994 0.5617788763292452 0.5420230659888675 0.6008647128519503 0.6158461008316162 0.6401977558682328 0.6863494586927743 0.711325358643833 0.7301833789294773 0.731541712336205 0.7402027571090011 0.774784358324234 0.7802992230346196
0.35651781726959675 0.3549671190349743 0.33289060977309226 0.3503189633812761 0.36215155098641755 0.3958238228510208 0.402910031629571 0.4310323287953346 0.4756295526408977 0.4547201215326574 0.47174740334852244 0.4702944691480046 0.47422920822216535 0.46749894773319806 0.47436528802217504 0.4335909987508346 0.4481119880626851 0.4492543356655593 0.4610286196268013 0.42150475640888574 0.4235520415762566 0.42047409335920416 0.4377074262277118 0.44899282352099107 0.4589931476034017 0.4788183221933235 0.48094388411221944 0.50938316204607 0.5045158759989973 0.5372869132499413 0.5343710650378296 0.5463573557936576 0.5503788209251234 0.5874378801612843 0.5997364379848711 0.6432004062101354 0.6561350753392933 0.7002614389488637 0.7189459538952477 0.7487923655686145 0.7526838213454421 0.7519110745731209 0.7766679184670531
0.37688071179457033 0.37014394514374166 0.35416385600621075 0.36315559664461955 0.38566681317968865 0.41454906094490684 0.4352393767700734 0.4497652798057455 0.4582528510725735 0.4768603031462821 0.4699188321033761 0.46066978702410655 0.44276178302160507 0.4418737503202035 0.4323595092270813 0.44265631954571016 0.4149516078017264 0.441318803909646 0.4553038465115073 0.46339969785377916 0.4508691125157688 0.4356984779719862 0.42858197840800577 0.4251858028680271 0.4326095515009819 0.47906209245465997 0.49978748296863384 0.49055644353405836 0.5065310295043018 0.5425370354383104 0.5430330991548687 0.5557309499780547 0.5413129219354291 0.5511266729357119 0.6033707499158549 0.6356847738355212 0.6245180023924308 0.6879461654368775 0.7207874487513064 0.7371651132789481 0.7508280401507185 0.7446070747096091 0.7878466858624713
0.36473206321009793 0.380278800683918 0.3633211158674541 0.402401511438083 0.41753170666827555 0.4083134750027435 0.43755296688625794 0.4459310360879269 0.46731029317137157 0.4465379960357366 0.44662069020252565 0.4256489210793083 0.4490955667079509 0.45082217416972464 0.45855790348513326 0.44331885856107434 0.4202329830515738 0.4189934647092602 0.432840361227318 0.4644367100590008 0.4719256819511388 0.4611742860631286 0.4584841577029723 0.439845949612859 0.4442997995917647 0.45581618768610616 0.5013717281908122 0.49870764437595194 0.5115676664148041 0.5254809459276887 0.5213560332611671 0.5448761353800881 0.539460886896239 0.5440140362789854 0.5874166971249949 0.6120320043561869 0.6157645453999688 0.6735499682671237 0.6813748905411308 0.7081563981672399 0.7214151494397313 0.7487365725146395 0.7511372992063587
0.38353321982855293 0.35307201034677144 0.3676658822658782 0.3803699258974354 0.42485412160328456 0.41628522881447033 0.40399015573574665 0.4327617909559284 0.44091978733206694 0.4478260824852078 0.4140847297355336 0.4213473989705286 0.42699670489188274 0.45402983714954825 0.4288748674088681 0.42240058185502355 0.43342415710499066 0.4191050399355653 0.4270483499125165 0.4564614838457748 0.4675391978592914 0.4637819502140541 0.43318440080867415 0.46589921781340127 0.47224394198135583 0.4753106030212856 0.4808465286206803 0.4988690523439645 0.49279812389579325 0.5329776613749859 0.5196553388478917 0.5255692737293438 0.5378696906417164 0.558789414231749 0.5723317870074387 0.5780223165246507 0.6140860707448254 0.6613661701275186 0.6767296373472704 0.7013900092133835 0.7174167247140278 0.7165316369537226 0.7372964045712742
0.35949652920741215 0.3587479410193752 0.3888446609269187 0.40290078293375914 0.3979087731887364 0.3921692284658641 0.39821484611829444 0.41092785163902895 0.433584481048449 0.43835073888617376 0.43189563427665545 0.4126471581820753 0.44520308042401796 0.4411383507910227 0.44479493770314626 0.41189968624893514 0.42379136939538586 0.3956957873383168 0.4212618574574464 0.4250282306907839 0.4527805584598686 0.4757024474773644 0.4519235763901428 0.48222273189693354 0.48486980751534636 0.4805160799005701 0.49482325596636867 0.5045497204908846 0.5274902369744807 0.5297566418913532 0.5264484542021596 0.5593944521202966 0.5522518971801198 0.5661557122739753 0.5574697495213092 0.5657184782562781 0.5854770387405214 0.6503784297861676 0.6879752885048109 0.7007709931148944 0.6958243777892785 0.7071963940910663 0.7001311045015077
0.3718788968401374 0.3540996651641831 0.37360632226602647 0.3953826939434023 0.39691116506043916 0.3909331532967441 0.3755947354021943 0.40155922507647757 0.43820944696902797 0.4428263237146816 0.4345106256215199 0.4362765534631006 0.4337101918630176 0.4252268108937169 0.4540943901922504 0.4219704259931886 0.4003209115082368 0.38892186067026296 0.39706352841376924 0.40344024418463376 0.45485354520304627 0.4444035548916079 0.4792659437133109 0.476492415040073 0.47388041447907053 0.4949405135163789 0.4986703337712731 0.5129017925818322 0.526622087380099 0.5204188084020255 0.5600580898249446 0.552362109314524 0.5774585870315981 0.5442653740512644 0.564077294444083 0.5795863112553189 0.5741375083875683 0.6273281010234126 0.6693238273682822 0.6634580276309074 0.6867486212053507 0.6771092950814033 0.6633549657918475
0.33573767506505 0.3236544866773808 0.3622761663280625 0.37540635304816694 0.3773855931952211 0.3747715044592714 0.3881553486184427 0.3998178263382501 0.4200596810319052 0.41505790143914895 0.44687610472880945 0.43619792653430856 0.43095834246836573 0.43819179983613366 0.4202820940568415 0.4257186078350476 0.38508686441970347 0.40244463332478764 0.4021063864350821 0.39361914599191794 0.43086721438470266 0.4344708473541584 0.465949453605007 0.46575972023516793 0.4798188095628689 0.5035060142657283 0.5108969099388666 0.5093332933097858 0.5394985775101555 0.5258824714172402 0.5325104212539131 0.5442302661656728 0.5554558744124279 0.546805667891754 0.5419232378561155 0.5650150729601441 0.5805369860773704 0.6161266734810374 0.6233382690634232 0.675873601643258 0.6856036542457015 0.6893977765909646 0.6815672644768286
0.29500502518358895 0.3171342045862133 0.32703009368647024 0.32076160644441665 0.3347436033781724 0.34684849735099316 0.3442604374081661 0.3657778585788494 0.4050003926739965 0.39962543256110117 0.43443593071951914 0.4462946599802227 0.4527560736350222 0.4287798735673157 0.42303531242125075 0.38959618923549577 0.37597634608810254 0.383430473539212 0.35823391146329525 0.3706023793826001 0.3746148933514832 0.3956391301640233 0.42466206798535927 0.4572950563878883 0.4788910095467365 0.5032377110835651 0.5015103774821553 0.5059686839356021 0.5421199838766221 0.5102798736308538 0.5118078371802951 0.5210590929739225 0.5534984215657818 0.5366502184161546 0.5497674679693566 0.5496159372667235 0.5548141593325695 0.5983619414285359 0.6111508918803632 0.6352172088087683 0.6587826212874176 0.6565451061510729 0.6875904607562087
0.2911306733565854 0.2863802751917023 0.2894821286879919 0.31592638966687614 0.33052589006012206 0.3545441427227675 0.3620289367061838 0.3584311940962709 0.38630878072926195 0.41470982317465194 0.40006029216642014 0.42480662381927803 0.4211856791581392 0.4224777730304053 0.38848598120876837 0.39027393209470745 0.3841869497474511 0.3568499835983354 0.3561261882045557 0.37813667833854114 0.3953644449369318 0.38651104900777206 0.4156041661653519 0.4310928201902785 0.46646516351998585 0.45810564501896667 0.4625229625219816 0.5113335008058866 0.5089664285789365 0.5017752558035581 0.5203692703380629 0.4985966098455 0.5211233528797468 0.5165227642743041 0.5596675518822258 0.5609324693925212 0.5748199460085329 0.5907289856759489 0.6192024998441424 0.6110248326366258 0.6206767135605895 0.645478962128252 0.6578081766909196
0.2856188488606879 0.277526149582591 0.29556849215685504 0.32269973393124546 0.3229578883488142 0.353979314996512 0.35699640682432643 0.35676205756286844 0.39025350185346125 0.4064709546261353 0.3976771780679822 0.4013867848586467 0.3660991634501725 0.39179230282167055 0.3698115682673806 0.3825540309451656 0.39751288361905207 0.35723303872637374 0.36644339945689747 0.3748010490042549 0.39111034194757294 0.3726643091848743 0.3928530990762003 0.40844478319964367 0.4615644292300131 0.43598260095538227 0.44720712179273253 0.4607427588393778 0.4775802964392531 0.49839310329237413 0.49470910220738273 0.4860345548864892 0.48820058062943084 0.5145504253452763 0.5355352958794514 0.551491774629768 0.5513633195214471 0.5494486638658682 0.5887031914955947 0.5868652060954894 0.6046258574565803 0.6483604378709231 0.6666448111440282
0.27908985267678815 0.3057798111372512 0.3222741657966769 0.337522747043306 0.32229563839323405 0.349899765967312 0.3210206690898326 0.3315117739185624 0.3419481117474835 0.3615071139658286 0.37114313295121004 0.38507434762626447 0.34553620543419244 0.33482094709947685 0.3490258158536777 0.37307390299242965 0.3637387088802654 0.3563132372540342 0.3739350965546512 0.3988320993434535 0.4018656827045147 0.3921604961203878 0.36716664272239125 0.3881353369248466 0.43541065859232 0.433495622284656 0.4554460332557571 0.4415864489793821 0.47238328851636807 0.4840416484011201 0.4797177715806533 0.47485004472126446 0.48243124279050104 0.5180213240821481 0.5316024242766594 0.5036382578910494 0.510090400954135 0.5437370415357398 0.5948994956143845 0.6117985467824372 0.6290324142505996 0.6438449115453412 0.6584425299975454
