Raster_benchmarking/Raster/continuous/raster-91.asc
NCOLS 100
NROWS 100
XLLCORNER 1743165.853851063
YLLCORNER 5469279.008436047
CELLSIZE 10
NODATA_VALUE -9999
[rows 76 to 94 of 100, columns 0 to 42 of 100]
0.33135118769849425 0.32861852377270295 0.32991162129198115 0.30682256949933057 0.2914098155844799 0.27716565568983276 0.3071034681954244 0.30590651212669445 0.3151704595319802 0.33298253472830325 0.319393155498009 0.31845351915209263 0.31482753950154174 0.33273205974828884 0.3386908117394118 0.2997477632457393 0.32363322150367396 0.3272378438564392 0.353089957823457 0.3586474766868118 0.38729527927917523 0.4071235610970824 0.4038174891090931 0.3856911656117311 0.36677246131051683 0.3519515117119913 0.3458373436683418 0.34173470656042 0.38719230245736413 0.37303686745195147 0.399054830392653 0.4299567697098339 0.4632158349271075 0.4737320746306345 0.4385438485124689 0.4470064676248826 0.4663065193605118 0.5198566110015064 0.5249772213782066 0.5177898561971407 0.5257066775650953 0.5040624297302062 0.5178533078455462
0.3533785141511369 0.35084818955637626 0.3043069732301658 0.3248528846992696 0.2872934405813751 0.27016776350822547 0.3140431272620501 0.3168545554032385 0.3330667003415747 0.35014663513448785 0.3176721363694045 0.3288077934525542 0.313186479878904 0.29134819141306917 0.30936215454717414 0.2930363899931987 0.3013012484730498 0.3388240850210461 0.3252710712009753 0.3505903642086491 0.35416513917406617 0.3915473262403998 0.3678420461262218 0.37263607377627295 0.3528703712084811 0.3817181800885723 0.36439404897043737 0.366561530068854 0.38591326140715915 0.4004232482482188 0.4264753508093877 0.42450961309461965 0.4729006755278376 0.46363613252075764 0.4700796682223823 0.48405577754718615 0.461833930932486 0.5179308190250486 0.5320402654762965 0.5215502266635201 0.5226619085631 0.5471699880818447 0.5634169991213365
0.3608579328856735 0.33163124664911925 0.31714927803240406 0.33069110855340295 0.30943948248692665 0.28466369958736787 0.2853723142138688 0.31165372756521803 0.3300821028022424 0.335242168538936 0.31829477219014685 0.31398476371784845 0.2955392218599328 0.28524542806979963 0.2978826397614252 0.32879082713282337 0.3091246131613584 0.3331011944756059 0.3656397116516177 0.3499063607364926 0.36594430024533436 0.3831537184426667 0.3486541134829191 0.3615830727487728 0.36777337272959393 0.39011374807841537 0.3694370808006033 0.35532793244391925 0.3582067854426351 0.39141219331463356 0.43981066967130605 0.4512136221572662 0.46779965147550356 0.46698624584431575 0.485867958170264 0.4690178793719044 0.4822142421526179 0.48300666270454734 0.5337934726219246 0.5255953601276747 0.5607616668215217 0.5616645991283243 0.5445178490822761
0.3482438272321284 0.3398573346808745 0.32975792333311205 0.29638111601365846 0.2940237643398024 0.28231431781585986 0.28480817207048376 0.29974650165757605 0.33787471506761774 0.30562875397863 0.30255312875197615 0.30934848340619386 0.2906348548783001 0.26261020067721264 0.27369097600421444 0.3204684568459463 0.3410991912505632 0.3525857855554091 0.3739726318508785 0.3597989558524128 0.3674329333364787 0.38274789010118576 0.36495526544587065 0.37201179874851165 0.3496095988437213 0.3908954401170764 0.37827885961778634 0.355872554640972 0.3766299261648956 0.4096430844851834 0.42727981867105036 0.454615562192957 0.46449161845185755 0.4672869544060019 0.4706726657484825 0.453847037003235 0.4601780936927955 0.4841725041628047 0.5143250207588413 0.5465585493561408 0.5556383698970814 0.557707551898772 0.557325797397454
0.3390270055912932 0.33578327438147393 0.31800879488890277 0.3082256694179168 0.2844209662646565 0.2451801612792057 0.2775026854795629 0.3248363502226455 0.3356504472433159 0.2986367630507638 0.28832281970775636 0.2496040905002362 0.2736187660490621 0.2482816778455819 0.25159434562990673 0.2940345357314435 0.33672247354052853 0.34981012511490983 0.3722241538716765 0.38827990519314287 0.3537166960814607 0.3734961381031663 0.36059738202479336 0.3589228861076081 0.3587507227156143 0.3635934152671891 0.35970916759460425 0.35654952818134683 0.40617431109937036 0.41106270219993774 0.42423623284888806 0.41584873884266826 0.45804415195043835 0.4490052256573527 0.46590327737141135 0.4393478306671589 0.4433464230001289 0.48129186664627627 0.5405020150341778 0.5535049405704292 0.5381858924252986 0.5534641809761941 0.5710043682437439
0.341023380576007 0.31057457005200423 0.3028334815278562 0.2736815996354419 0.27209530142647786 0.2483506970066458 0.2990693653757195 0.31967866144498924 0.30746394637542934 0.3050043202788648 0.2694817874726657 0.27092548263182664 0.24199491039411017 0.2600680731165803 0.24519796850059858 0.2875448499556676 0.2935613337844579 0.3129685005426688 0.3560573208947252 0.35136337216732144 0.3614980688632208 0.3500707482258457 0.34895444337804526 0.35839647654980683 0.38351287261171785 0.3613764855894938 0.35406402304263884 0.38120520555292126 0.41296857042057195 0.42860327472030707 0.4228723550279442 0.44678081221749233 0.4326168022521076 0.45000225092195595 0.4259767826142176 0.45489347562871796 0.43943287311581697 0.4779094819376212 0.5272326759321109 0.5517833968345175 0.5670779397250884 0.5574323355013998 0.5707296875640057
0.33531187365023596 0.28589315701274864 0.2953661607512989 0.25789091094349587 0.272488412580598 0.25538371379802266 0.2597635267118043 0.2967832173586138 0.3088577942616066 0.31997707721213814 0.28871129777771576 0.2636185215022811 0.270841348813284 0.2670212765838852 0.25062890229358337 0.24762804587990028 0.2605905593680356 0.29535385072710235 0.32426254807124705 0.35720730616930113 0.33652747384091836 0.36036316507071087 0.3426037533959783 0.3734647165439202 0.39508226815204767 0.39238469879287385 0.37287120955307884 0.3877498733211912 0.4067732272907287 0.4308443834138961 0.42365679175416854 0.43023878265608184 0.4392370951974545 0.4316402069783958 0.4148357625611672 0.4438149565876127 0.4622979633418893 0.4742044121391977 0.5086570740885245 0.5297945745822045 0.5502793347101687 0.5530347372247306 0.5590281209995136
0.33941748127948984 0.3285811142558567 0.3044825070855054 0.28028242913244084 0.23030865781292936 0.2320892843997406 0.2749559338067802 0.28113071067835643 0.2835820196698098 0.29383332611496926 0.29642330566262065 0.29802140794369436 0.2509629358626531 0.2383607803774026 0.2640731656519603 0.25762630243258505 0.28788312261275506 0.2866527718246837 0.3195231606426801 0.32315072482649276 0.34860264100815086 0.36942204371885107 0.3501999112601374 0.3647181785150568 0.38938581928362065 0.3964027656169064 0.41537613778724747 0.4217503972623627 0.41388354512564907 0.4180335555721999 0.42077603134489266 0.4341733624097392 0.4493602988618873 0.44263124259486153 0.42326295931706154 0.44545972767064984 0.4789885017102814 0.5224117628545831 0.548859152207194 0.5493749779466597 0.5669060059920816 0.5606431360760963 0.5786490881744489
0.34146284955998474 0.345050654832886 0.29502692475668907 0.25148808392248667 0.24640961266600156 0.23356203916467555 0.27545882748472267 0.26881835461383946 0.2517469609006321 0.28297511902922995 0.2991195862894198 0.2948854278772268 0.26950317565746423 0.21959172144064412 0.23461285469981025 0.23954528915417295 0.28968765907662575 0.3207712620965057 0.3112767126178699 0.35199433330894375 0.36900146029253234 0.3520819976626669 0.33780112768725107 0.3552633391283098 0.39545457047331867 0.41848868915142545 0.3989127226547782 0.41826177846215706 0.45261449323063185 0.46014380610997846 0.4218153032999202 0.41661519139200054 0.4366979833614555 0.4450203826800418 0.44399844404364447 0.4335125200159404 0.46628950405642083 0.5197534951183762 0.5620386689213676 0.5907793255995012 0.6111138490489157 0.6213399274523349 0.5800615139977393
0.3564839744899238 0.36190991208843615 0.3262694494110455 0.2966871162763781 0.2724788087930478 0.28215350452789 0.27784376989316556 0.24804641567326358 0.25288389643521286 0.26952225980712297 0.2884371789094151 0.27471091510400364 0.2725285229801948 0.2623267512889295 0.2532454710573281 0.2876485248289256 0.2859467492059457 0.3110170840487538 0.29701605615804333 0.30716848304775646 0.3377522030365929 0.3628067632319826 0.3528412965896547 0.37424525053057917 0.3999658031545382 0.4467244889320713 0.42656303612797986 0.46170400538217465 0.45848050855033806 0.44186234547320324 0.46385085028155154 0.436393329862102 0.4211798402170145 0.44980453745774984 0.4381329126508075 0.46978130030786797 0.49126820797619347 0.5500731521766871 0.5721167136369305 0.5825893805030528 0.6232817108709364 0.6128803263990735 0.5855195110568757
0.3420881291114153 0.35678381861535224 0.342392400099988 0.2981441127755904 0.3106728044840651 0.2903788447851013 0.26197881687960434 0.2482372525584796 0.28225178400673584 0.2922917766206024 0.2775098676200973 0.27024178904660606 0.2631386912864514 0.2769452582046117 0.2928352498100077 0.2991045407294358 0.27230095596030046 0.29488878684943026 0.2761979514749066 0.2854970431690641 0.3235329728219627 0.38053507996139324 0.3640932277632432 0.4094363509804021 0.4058279004331282 0.4541654290875812 0.4604160294721724 0.46332289988931935 0.46565005170509366 0.4672279992572263 0.45331914706792453 0.47624257210429144 0.4436864993913768 0.43154175728206245 0.443912361391182 0.4725693117226858 0.5277629564206281 0.5666257467868864 0.5686482945942969 0.6006876265035608 0.588308644779051 0.5942389674323423 0.5817128214545447
0.31993302875219587 0.3264054854514898 0.31540160670719025 0.28485269586864964 0.30055635821197013 0.26428641911884465 0.2685523770068691 0.28934314306299064 0.29370670227299484 0.2834166135019027 0.2918313699229179 0.2626489121210764 0.27943566723358326 0.2666058695054129 0.2776353206917013 0.2649153441953015 0.27897510560337585 0.28165021580546135 0.274398077326145 0.3068602615161974 0.33388241375644084 0.345110426345742 0.3643559747061715 0.4232835325785011 0.4416096210741915 0.44702583054015715 0.4436535256354741 0.4344270662898622 0.41869448301583034 0.4168560873146957 0.4225335975630954 0.4526815369942707 0.43787614318455875 0.4432946950700406 0.4721959302753239 0.4980687345400955 0.5232487072322446 0.558802284560618 0.5516467251352958 0.5691011140330927 0.5842255256222163 0.6053951828417616 0.6228827816564112
0.3378836940557858 0.34074002842292367 0.29810645102578187 0.27786496910895736 0.28507810173044673 0.2473465625157078 0.2704856727468385 0.26127189568667236 0.30031238839197244 0.31303054916386985 0.31123766069492154 0.29710515098381174 0.2964506547801706 0.2625457011925782 0.2814235588916006 0.2518285298973933 0.27688278265727506 0.26843525161048365 0.2926087005007697 0.27297168935634997 0.30763920875069783 0.3371026822189224 0.3821857034386671 0.41764918276778695 0.4011555273728065 0.4191955566452274 0.40450566120653864 0.4121722231658268 0.4034469635298654 0.4091801992640056 0.3908435270538397 0.4151728124693555 0.4481768731400112 0.45812936203365184 0.48073724174685717 0.5196786904476534 0.5499312661939006 0.5577496767435062 0.5300225178632003 0.5534204364036281 0.5713394509210304 0.6100500144624363 0.6096581289829904
0.3376067921233016 0.34387339236125475 0.3375533923590637 0.30403901120555515 0.30084764024234445 0.27716386922869546 0.26628687748613794 0.2738596705907541 0.270931074047832 0.2731713756631753 0.28399949753477205 0.27622915492798916 0.2913755136023244 0.2871063197210088 0.2555244023414532 0.2688915579242915 0.2632503787676912 0.26913433592946046 0.28909551294857055 0.29036599712948685 0.2951754567829832 0.3273427091758857 0.34343502837795803 0.3950721341782542 0.3871252916823932 0.4015284557780222 0.3897626061029406 0.384233782878427 0.414054901113394 0.4135276977269218 0.404776678532269 0.4226098353447242 0.45107345680664224 0.4555801199950952 0.5025291621463353 0.5330857477831051 0.5348017168230076 0.5394422646473127 0.5411093772947648 0.581741525135127 0.6045423633241104 0.6049447755148286 0.6160044232119248
0.351573708632087 0.32775369019787803 0.33051198598889864 0.3301320604669262 0.3334330438855324 0.2752450363808726 0.29104219450648516 0.27904238690238903 0.2992952759349364 0.2600988767638091 0.2790265144495687 0.2838940975042047 0.2905809353390835 0.26394449003264964 0.25714711325598727 0.27785984029396343 0.2761846707424016 0.3102569046817118 0.2907191946022369 0.28969068584519164 0.3062604316732011 0.31446412959368286 0.34739381251200524 0.36945681356179316 0.3760945643245747 0.396407542265681 0.4087180005188428 0.39661415487462465 0.41974079100186745 0.39945893178482017 0.42681477357779996 0.45710016767296435 0.45303665495087236 0.4469173634864047 0.505537753954158 0.5278378199738165 0.5578147882137573 0.5567834457239723 0.5529303788468338 0.5804901381585329 0.5855617322296428 0.6198610747812621 0.6256750741317662
0.3566876975414605 0.35515637579890236 0.3497313399378962 0.3543292146365233 0.34746983025484196 0.336981997322001 0.2906955531132299 0.30750285088515444 0.30311881141567426 0.2973893912146367 0.2954211465060275 0.29630760262936007 0.2548537862799592 0.2673231921085833 0.26101705422630345 0.2866721976744482 0.2822312044206964 0.32425491301731674 0.3220397604380171 0.30510320711074995 0.3384346387427711 0.35085698849208885 0.3441730545041161 0.37595141729874304 0.38152977207566496 0.3873059538321872 0.42581342754697893 0.41620390965163423 0.44618263840683464 0.4381452260161578 0.4348000282161344 0.4492412548362855 0.44182316208397066 0.4876380790040355 0.48288583403673 0.5284479681558867 0.5281797400628925 0.561383702782315 0.5431993031451017 0.5811566113933863 0.5692379442353831 0.5823483318176764 0.5984362554209945
0.3709615936015839 0.3802651526260675 0.35568706140165207 0.3460451732657826 0.35886296065679424 0.37106233386603416 0.3278669821192773 0.31909644217829103 0.3062960472488576 0.2828025865271503 0.2913407394461991 0.30599764276145935 0.25426144745085694 0.2312254698434345 0.24857142114867137 0.28210416023266655 0.29118816487669424 0.33047479280486836 0.32989872458563174 0.3224860396482728 0.34737599315299816 0.349028510777759 0.3706475873777205 0.396998712823959 0.4012921412991897 0.41969668522725995 0.4416456157962072 0.45052526028025786 0.4717391473749479 0.47203236253341285 0.455350971282917 0.4558834048553858 0.4841211425339018 0.4921584087802212 0.47290870218305137 0.503165260355011 0.5055271611975894 0.5510402458362013 0.5550457725971587 0.5603694780001414 0.5371228149756708 0.5349604054813542 0.5535968231913395
0.38427115057277944 0.38086470050179205 0.37865813465443354 0.3964656761917279 0.38544154518833834 0.3621987438324358 0.35190287815270005 0.34608744279911313 0.31403553385028465 0.3028595021227657 0.2985219667421008 0.2728386716731299 0.2786720149619213 0.2544127219584488 0.2553772326988615 0.2685890652124283 0.28412966499335957 0.32913389456633313 0.3241435309076737 0.33349919134734135 0.3315124360785569 0.3318680586816486 0.3376241898912362 0.36969991065703045 0.39484277527646455 0.4188030232402268 0.4375345168279452 0.4411563782143378 0.4665758279362936 0.4773396697354825 0.4659889208060447 0.4551723889537189 0.4698216835506514 0.47177483030446327 0.46744720995847083 0.5072977143647024 0.4932117648240013 0.5022276117780217 0.5424056459244011 0.5423683719633677 0.555902565604218 0.542794079170935 0.5572858316935612
0.3869661879286276 0.43357798050350704 0.4297036053884872 0.4037578431839976 0.4107356376400294 0.41485019843544924 0.38610202093061446 0.3554200938142698 0.31895537022641773 0.2996313429340116 0.28539366698550234 0.2826678869192698 0.26997473052307164 0.2955865111892751 0.27677371939179757 0.2708837409396963 0.27513337806585925 0.3288783486940049 0.302629707478102 0.314633793820047 0.3392495413782021 0.3247882838368642 0.33271314276881886 0.33477824231953845 0.3609764793625337 0.4126496858400398 0.39573701836350517 0.4148004687309243 0.44298164069576135 0.4413440563782656 0.47409453814072533 0.47721457928218014 0.4400427099004834 0.43511370793419646 0.4716793930144925 0.4849171340560255 0.49331866355706755 0.4859780456526695 0.5450346250218614 0.5553522738828159 0.537798735837244 0.5749995597248857 0.5877555136098813
