Raster_benchmarking/Raster/continuous/raster-70.asc
NCOLS 100
NROWS 100
XLLCORNER 1743160.8600543046
YLLCORNER 5469290.290993013
CELLSIZE 10
NODATA_VALUE -9999
[rows 38 to 56 of 100, columns 0 to 42 of 100]
0.7094991069902411 0.7163875900345357 0.7386187705556464 0.7390493480775211 0.7418153680579461 0.7132609064084292 0.7217534004657139 0.7670569625116145 0.7334818325986672 0.6841558391518233 0.6748978676805544 0.6955982819657113 0.7296677520415605 0.7158386311852446 0.7023781871396896 0.7154878936637006 0.7266189612052912 0.74027448617896 0.7281454905681206 0.7373912606983024 0.7337572203887748 0.7362974241749213 0.7203222711456951 0.727413787035155 0.7225175823702689 0.6894579111631264 0.6808649840986724 0.6733256785346208 0.6285799343730009 0.6237979720497264 0.6261569496885727 0.587615908100693 0.5578589921566479 0.5609773803802262 0.5474978385814315 0.536178635334232 0.490793469783063 0.45119038174238285 0.4569077896359199 0.4341627891885424 0.47396070122600487 0.4543516276081443 0.4747978178973183
0.7457356472395777 0.7118646961935776 0.7448566603750253 0.7643381259627593 0.7376415806653652 0.7272468531581565 0.7164887972153423 0.7744253822129734 0.7189161247492788 0.6970645225622722 0.6755054941555172 0.6546258946328589 0.7070150222218746 0.7188442777257508 0.6955779558195192 0.6896145891681505 0.7285605716358935 0.7099078134318917 0.769973089539992 0.8001869915874421 0.7458055453449101 0.7334747761663378 0.7274577532653224 0.7643736055316354 0.7264029123398416 0.7142073794074698 0.7038711507661728 0.7184721389162466 0.6926837412200068 0.6499887919814894 0.6570053018583183 0.6288146108791408 0.5926447955540386 0.5508594476365162 0.5499834165546145 0.5441611633009935 0.4883956626115473 0.42687926073943855 0.45882996855000907 0.42121080591148474 0.4274462419064796 0.4769441643886391 0.4549945942457212
0.7389065855247066 0.732197152255058 0.7390063674775307 0.7844835234497534 0.7693614846210681 0.7241258574523969 0.738321810023716 0.7391046091410086 0.7354550400266527 0.7147837078269248 0.732719085282416 0.711428084236994 0.6949500586506903 0.7358295690667361 0.7132373829956156 0.6788647899724352 0.7132724559453929 0.7502550048736237 0.7621873573978946 0.7833591087124053 0.7386486468022129 0.7459320362451769 0.713679679997061 0.7150140601832063 0.7411254082816602 0.7075876580352273 0.6921494328556749 0.6806374689127724 0.6900055320981773 0.6414401221870878 0.6238536327689678 0.6124915126404433 0.6007467732092018 0.5561224118335056 0.5441715474327257 0.5167411003888941 0.4704510487344543 0.43244839652667516 0.43034557202620766 0.3960238645749673 0.4364339666594333 0.45589594637151704 0.42189847608208825
0.779707471464866 0.7916468615706326 0.8046285395414351 0.7681220656017078 0.7642298140200909 0.7399171001220496 0.7160143368948805 0.7200388321779693 0.730426227892318 0.7681811658124945 0.7381349269379542 0.7460534057414324 0.7114759346613612 0.7348160701494408 0.6906036748216232 0.6998428912649143 0.7270707732279947 0.740396401486461 0.7592294237516294 0.7345105081882641 0.7173165908083958 0.7361142256719599 0.7357225695033071 0.7194429033309581 0.7036564490889848 0.711602628780947 0.6887996740012944 0.7145844544124063 0.6902208635603918 0.6279926507171827 0.616296688177116 0.6321794961407164 0.6176474784894417 0.5656725985629427 0.5423999898267365 0.4632006778558883 0.46396975729650486 0.4270492065646509 0.401494127847122 0.4022518205296933 0.4281368428131668 0.39767093491171057 0.4108200412302826
0.7715922394681398 0.7696002966075025 0.8109589320909574 0.7857677390063971 0.7707875066438962 0.7497783597839891 0.7525454494121696 0.7571890672588718 0.7701267433294366 0.7296804998380089 0.7297437686577987 0.7513424719367058 0.7418359153983974 0.7415109391355479 0.695603808442783 0.6847128594181836 0.7088685969977909 0.6893204574416913 0.7051247919704046 0.7011732605761525 0.7085238624283559 0.695392480438253 0.7045801475381089 0.6729389249754149 0.7081803710329849 0.7119037278044779 0.688010095043345 0.7230518523495758 0.6833284959057527 0.6262391559297351 0.649598258601775 0.6367928363645853 0.6137424248789709 0.5705634735142394 0.529217658677074 0.4881425973530692 0.4423682836939603 0.44766267089293743 0.38232998510072175 0.3817637490529197 0.3908986942061126 0.38391470970377023 0.40167825136781693
0.7780100482482172 0.8029674088314599 0.8116450896619901 0.8280778106224767 0.7859177419260627 0.7550208188420562 0.7635854366954486 0.7675410002877846 0.7417547826428165 0.748744010299924 0.7619957058701758 0.7458738374030291 0.7327322889544882 0.7619037719304667 0.726625895156542 0.6936959282810038 0.6802511070588277 0.6991821844217385 0.7129507064745829 0.6879812398568341 0.6675989081294568 0.7168469194646315 0.6721608185391108 0.6623685758035427 0.6700530781578774 0.6526516908149651 0.7052446060900771 0.7248682596051758 0.6539182013372361 0.6166491131729778 0.6073529767445847 0.6185442474891484 0.5724364587071478 0.5841912948563346 0.4933245027127887 0.4414277736017734 0.4546206006709491 0.4317236712490656 0.3903084018030242 0.37598722786144895 0.4103803382691553 0.38876547852084103 0.3780116445404023
0.8004970537231257 0.8068777546351757 0.8022986228884149 0.789407501177175 0.7639812749577127 0.765687216715527 0.7737786469075052 0.765510946852934 0.7382113789707299 0.7619821018818964 0.7612133302197586 0.7342164219372228 0.7262197426521558 0.7256175966234532 0.6948401525507923 0.6717221393591905 0.6593330815645398 0.6931792039482547 0.6569219464014128 0.6511528498465174 0.6562358195145835 0.6802340549013188 0.6708531543498925 0.6777968210931221 0.6702479984948101 0.6442253400582673 0.6701124904368281 0.6714308345204242 0.6649049882705097 0.6399413625523331 0.5930572220226484 0.6077240074690331 0.5778155466397902 0.5603157484870398 0.48785176189568696 0.44582133694223397 0.4228191094896286 0.3987859328918519 0.36633066587012686 0.3930871241896703 0.38881237437388333 0.3703408555245785 0.3848333459457239
0.7999438926860737 0.8049546205745556 0.8341660978294426 0.7842738719470629 0.7912124180548274 0.7717905854646798 0.7389761055998155 0.7421892487867954 0.7500952079123594 0.7325152877863714 0.7587866913809731 0.7428413087608742 0.7055224008021105 0.7203106874907853 0.7050620651437639 0.6645038214075893 0.6649359881828295 0.6604998669681575 0.6674360983336582 0.6806670680289896 0.6337179448067707 0.6102237364102249 0.6369862121556754 0.6662200326109481 0.6278698096663718 0.6454350791293039 0.6537810728433548 0.6294028489293049 0.6286338613464714 0.6148777579742557 0.6042670796575498 0.6142991374744923 0.5841132817805476 0.5498869444032917 0.48260376875128247 0.4654346156536398 0.44649590231306524 0.3947696076443513 0.34222521411836015 0.355713942405205 0.378259884404191 0.33167596149864736 0.35321393827874437
0.7873208932547328 0.7878674823391751 0.8364144301831059 0.8420027345908863 0.7784130708438083 0.7870299936548293 0.7742156668619679 0.7263178331615201 0.752254787837574 0.7497325080230794 0.7398101840658409 0.7391461953158661 0.7391075517756481 0.7450916661264095 0.702660709759333 0.7000812456532437 0.6910438921197246 0.663296964354969 0.6728207627592471 0.6535366703214619 0.6155158875232347 0.6300587392232451 0.6308410580975596 0.6330562638399778 0.6222174344464803 0.6225639675930184 0.6384311490088969 0.6516815486749976 0.6235484494680558 0.6381842793836139 0.6180335165273824 0.5815083620135265 0.5528839619883683 0.5206412065900202 0.49702086403640633 0.46455296629623977 0.45087038666483253 0.4195049501358154 0.36140116268856 0.3602421484769639 0.35495091346251223 0.33709718333896127 0.3600452930800666
0.7993661267358273 0.7903409967630742 0.8303150971324543 0.8608414281321252 0.7929233929534156 0.7835920360489195 0.7813942615765493 0.71583107813805 0.7208713866243903 0.7115751703283703 0.7174726667448525 0.7041047565520584 0.7352746378473716 0.7268576534878749 0.6903132883945903 0.6824497474109502 0.6508019998958354 0.6905767650454542 0.640578792359027 0.6311454229140513 0.609801098968843 0.5925223365842395 0.5677328731847475 0.5673151465827352 0.6226186017177351 0.636417330563124 0.6290857311233902 0.7139488389723173 0.6360067113019151 0.5947601752434981 0.5713614066938019 0.5591099470028237 0.5211992298973003 0.5353718876508263 0.4828664179668598 0.4210348900079025 0.431115331366874 0.42072032225057776 0.38689443285588526 0.3817882369540196 0.34835122223456383 0.3069436937191348 0.335324899508383
0.8128151009133451 0.834076743963903 0.8669654244980074 0.8688043344027805 0.8315558455233202 0.7561025402944681 0.7466933271465539 0.7319064932387612 0.7160256896595448 0.6949073491736885 0.7302736207705103 0.7124305995067424 0.7186097492014191 0.7023712446695747 0.7161070920216372 0.6944478199837066 0.6471679096542011 0.6225186438143753 0.6394622985273546 0.6359427994244724 0.6074405022807984 0.5671950236271636 0.5638781091504484 0.5724751515237543 0.5940769558338765 0.5826662500243596 0.6323746793230224 0.6095846377562304 0.5871508867254666 0.5705236325485722 0.5501521695560512 0.5023043197802615 0.49038660932546474 0.5118124674324956 0.46256995151091235 0.43250575942355035 0.3810061726807268 0.35306082272952277 0.3502627388639837 0.3509688835457967 0.3355622440665418 0.3017173940617771 0.3028330175887699
0.8391479522492037 0.8573813279063398 0.8613091465258627 0.8671896168111685 0.8111798129630559 0.7595041630418642 0.770958422493062 0.7725200510759228 0.7426704532279601 0.7041098619250789 0.7017809804120414 0.7087200424053635 0.6903303324081276 0.6921085781288694 0.6723931686040658 0.6539241885517231 0.6256353640678117 0.6201709803578928 0.6079900967169258 0.6182555117028747 0.6146600217657472 0.5705235393374688 0.5608785191775781 0.5570578230645287 0.594652182415076 0.5631347507938179 0.5731885731052834 0.5818569066264129 0.5589250912823921 0.5533663014291983 0.5125301950591169 0.47721458065537675 0.47496685294182694 0.48939533583776096 0.42968664850770444 0.3840008973031574 0.3445886446000427 0.35397153847491536 0.33631954895229094 0.3370407964237673 0.37085171157531 0.3691859182268976 0.30231661917927105
0.8890501115884052 0.8789532463865526 0.8545772738609355 0.8462073265332675 0.8119718908336304 0.7851518285630265 0.7599200647045655 0.7370891001481662 0.7363189194203288 0.6951027712609803 0.6998267941754759 0.6728460808831372 0.6903014051986825 0.6465883988451478 0.6695486401823847 0.6248214877700486 0.5854445375660707 0.580480446760824 0.5875478253810257 0.5995784367729592 0.6075769373748288 0.5946058263433072 0.5477263134764807 0.5388333726688967 0.5650355804675992 0.5685818866700616 0.5481728691434656 0.5243865259777523 0.5123796107642142 0.5190693072342546 0.49803715568913537 0.4610451695683929 0.46157384841194665 0.43345486157191576 0.42175308205404405 0.3601602532467926 0.35924700955311983 0.34982341140880224 0.3346064725330059 0.3844244370696856 0.3776966049899612 0.344689364281939 0.32433418735664876
0.8848391372270386 0.8518516036126185 0.8622458218881042 0.8797138272116477 0.8248128971753731 0.8160256652147566 0.7629767479803817 0.7268594565701922 0.6919478186124483 0.6692496569855791 0.6771749719193672 0.6645805306323617 0.6581938529930533 0.6416762285424108 0.6240288578396362 0.5881353162844226 0.5942648386137378 0.5552788201119951 0.5471229214960182 0.564467095360075 0.5621388341567586 0.5764315785570372 0.5702149725788218 0.560848282943378 0.5455879760914185 0.523773157403234 0.5170699980212604 0.5165825330806518 0.5361628576855844 0.4878287799155518 0.4913810631965355 0.46853208424763315 0.4623033975437282 0.4185579391620333 0.3948518632370616 0.35711097649475537 0.3347956537527691 0.3720253718206035 0.3551101350746102 0.3842734184708203 0.3458739564999198 0.3671875611746255 0.3131292755941139
0.9286446422913873 0.8848818916370879 0.9148841060962911 0.8709038948642196 0.8610553229813862 0.8019653974494741 0.7942140528458863 0.7737920574186326 0.7374151129241602 0.7106153763842361 0.6758530699804275 0.6668015038536838 0.6690872672770067 0.6368444314358109 0.6195922878766228 0.5981123608757163 0.5774690807222586 0.5495830820946832 0.5579881039714207 0.5468009393822141 0.5608129886900676 0.5358338465830407 0.5255734716498001 0.5329317892774318 0.5468639607469977 0.5234861029723493 0.5118156011174333 0.540122483623901 0.5195696621729002 0.5101990092404782 0.49217522334328156 0.48220870802518306 0.47736627340349425 0.43009741524874157 0.3942450384060329 0.34075122782980605 0.35713271962204585 0.38830153526474326 0.35248619790967334 0.3536273276964038 0.34824665840789537 0.2993830225437601 0.28651436297336197
0.9434518252537067 0.9407176695008941 0.9262847394978967 0.9154495473711256 0.8654563554246236 0.831803627953635 0.8154252281350027 0.7634972485222606 0.7556790438449167 0.7427536385655465 0.7198063720543542 0.7017829371383457 0.68054323141939 0.6156969033866824 0.611436958773723 0.58604020849578 0.5308318604703854 0.5237308241248932 0.5180643827335777 0.5497874353460486 0.51953438866196 0.500556445949234 0.49144422479033684 0.48677896563700407 0.5283251678106694 0.5392199684161046 0.5040832484883843 0.5074329085414843 0.5619083896528523 0.5582387398733356 0.5422028168696146 0.4998240878059996 0.4669789018247097 0.43012615945103555 0.4183704171494807 0.3628575852191738 0.37642475150793936 0.3896955094576165 0.3588376941461712 0.34886642795790945 0.3226896549797603 0.2792802295127863 0.29503730371572096
0.9302987145683935 0.9455876154086678 0.9158769300658539 0.9133125268805361 0.8919133788369766 0.8426608471482311 0.819936941370773 0.802131372918656 0.7332737475713625 0.6992443459027546 0.7185562215532042 0.6856407477567756 0.6585355739852007 0.6227543384181309 0.571498106516128 0.5488449974104462 0.5377588593986612 0.5183874672655385 0.5486983681420756 0.5362538568268502 0.5122036152133324 0.530112678965814 0.5082537783540916 0.5153615024083346 0.5168236014860216 0.513755630313892 0.5076301703329272 0.5346356451169283 0.5663004230977251 0.5514759580647743 0.5307016799858609 0.48711070694328124 0.48326941625419906 0.42667379656826465 0.38626017548915026 0.4046368321762701 0.38500214188178505 0.34125302351539305 0.32015937155097607 0.3088670244659175 0.2754121390989978 0.2796743646079575 0.25190921939509875
0.9768804494850108 0.9625471964535016 0.9575736202561669 0.93746326127106 0.9003976609110161 0.8775769283674548 0.8358692708378677 0.8173717970896685 0.7436051658788021 0.7105679625362287 0.7006105646909166 0.6622970482089431 0.6456085781313702 0.6187807386024194 0.6011858966825635 0.5357355484810606 0.5330871997320579 0.5677181197535957 0.5447669295521784 0.546862358626967 0.5079336732716763 0.5023407071338715 0.5035935312164205 0.47950250634157926 0.513079576269576 0.5103875133642095 0.5320005910936365 0.5800897163797833 0.5581258851459733 0.5459445850793347 0.5085584852024405 0.524132103053741 0.45885437725184625 0.4035475408100551 0.4159058424932126 0.39491272103911784 0.3481455827986536 0.3273573375465866 0.3095121347701713 0.2574506099467388 0.24786754685379733 0.2029669813361858 0.22781275564078257
0.9712007465956585 0.9644882980774088 0.946980002595113 0.9437000700833883 0.9294953411675644 0.9081753763525033 0.8585474904412911 0.8353861871425386 0.7868741113285618 0.7240624006495036 0.7017170111240034 0.6594265321155972 0.6572816398667675 0.6425261302679025 0.5985636401667614 0.5671374717649663 0.5505268975929786 0.5344392635131046 0.5333673044384253 0.5450494577402742 0.5406021112042887 0.5343641332557663 0.5384860114751131 0.5408602688990999 0.5392162703854586 0.5538507573689255 0.5382888354170755 0.5457582690816518 0.5402827571443894 0.5205732234430205 0.48098835192686135 0.4635500769424161 0.45756678904486797 0.4013229594210725 0.3781921673133755 0.37189773312002794 0.3421967698532472 0.28241937795056155 0.26574742395645823 0.23196961868457017 0.25472809038620997 0.2628548353263093 0.23391822724513886
