Raster_benchmarking/Raster/continuous/raster-485.asc
NCOLS 100
NROWS 100
XLLCORNER 1743151.2142807865
YLLCORNER 5469282.5870732255
CELLSIZE 10
NODATA_VALUE -9999
[rows 19 to 37 of 100, columns 0 to 42 of 100]
0.32223037314238934 0.31850956464181807 0.3246117493641417 0.3369193143490371 0.3410232631262651 0.35267490261948276 0.3514713400034494 0.3753527086839414 0.3831853243730457 0.3742416184515478 0.32944213495286956 0.32879265016055886 0.327692738341392 0.34665760999506506 0.32245945806841864 0.3401454880783722 0.31504753264050933 0.3172815353194796 0.3779852821001876 0.3744942102808959 0.3916214293765561 0.3569639567681171 0.339317876674063 0.34356649389595106 0.3148091015771103 0.29370386020379746 0.2982505006192485 0.29783080691971575 0.2824528241913065 0.28071868539484324 0.2921572576259044 0.2837268101042683 0.2570564845226702 0.25075347682682264 0.23647041153944046 0.2254265427868268 0.22262057644230085 0.2467048128885887 0.23673181232307758 0.2810036094559352 0.2891159448809276 0.25941616197019574 0.25687554820960135
0.3515748143048401 0.32994804952523876 0.3507616206337768 0.3482984004290013 0.34295027904694814 0.3814800369848037 0.38892891423093395 0.36629993657696214 0.38205866654282555 0.37708457037333876 0.34278314258916565 0.32016429766925786 0.365504456009334 0.37610544808843854 0.3417848013009752 0.33711637177298365 0.3482527629898609 0.3341358986036334 0.3862756456359066 0.40334401543158876 0.38922318415569257 0.3632331969768387 0.363378336604447 0.35933607416120456 0.3425630798316264 0.3548454350238485 0.3388057497135389 0.3231209855326345 0.3212813799243272 0.3282782252470886 0.33815614079119893 0.31643694594478694 0.28814205256461 0.24240922780768415 0.2504501381168361 0.25247968634718626 0.26641010447285485 0.23441884744304267 0.26679567340659277 0.2876944846949967 0.3200962925478997 0.3148494302893492 0.29693663710073626
0.3969266908020557 0.3866119906741082 0.36359743989769017 0.38349757679601043 0.380871221663564 0.37971765120097245 0.38883011230835757 0.4003031311697551 0.382385062198889 0.38005381095700935 0.37850859946513415 0.35230053286760543 0.38296621516325124 0.39048486665631155 0.3853004261036081 0.3806936890721908 0.36463350642808273 0.3516233557350254 0.3939675491099488 0.3924263444802574 0.401351223962449 0.4105063596816302 0.3862072988375012 0.3846113913598179 0.38664492179607346 0.3542358337979282 0.35216017062165716 0.34811507912525896 0.32925360202380566 0.35580693895952437 0.35945896707549285 0.3225025716574582 0.30852727778225114 0.282517655483629 0.2639170376454658 0.2704694838768203 0.2874782636070502 0.29142195539076854 0.3082157369750076 0.32285770511120376 0.3562674175087045 0.3376548816112662 0.34110488306557696
0.3973628717826605 0.4139280280200507 0.3754544958477949 0.39074358460589403 0.40678781258529517 0.39449691596335534 0.4074879350419675 0.4142368632263774 0.40262931483951375 0.35217470470509726 0.3618081148518225 0.3871964397438813 0.3794305398111872 0.40642308466957877 0.40605184274332035 0.39904613922363746 0.3899193296327611 0.37973456936930905 0.38247505299595 0.3904625904141071 0.41635688969462825 0.4280471173386024 0.4078149147335 0.3846839201713752 0.37314692906916314 0.3940295014089496 0.37692491677543616 0.34267913008699014 0.33978531788759614 0.3722799297839786 0.38425207840334485 0.368465504953402 0.349066731531058 0.3044840652462461 0.3183677155211745 0.308237377134435 0.3089731822351906 0.30549949266489135 0.33976503713685846 0.3635424738497914 0.39718033902457106 0.3881147486584128 0.4044981141878258
0.4242750568576177 0.4253735651878757 0.3986599378236976 0.39126771481896444 0.40232560090573244 0.4267932858674621 0.4218436708275325 0.4096518503703096 0.4243341911287473 0.40308082001733364 0.380623466849483 0.3963618352217782 0.39602060713178217 0.4277029027151976 0.4240078469816411 0.42462188538346496 0.41785118887144634 0.4280051550462289 0.43954705349794987 0.41242193614816913 0.41830302198969305 0.44323181977625137 0.4113537435796112 0.37692780475387017 0.3717186849200777 0.37454706532907733 0.3945447884115237 0.3738670207294823 0.3881626184564474 0.384532139762196 0.3812480342539689 0.37496231841012 0.3734479903362694 0.33753696862589067 0.3270617802536437 0.3433511122524567 0.334505764052257 0.3583434526024109 0.3673258041342336 0.3641848920520791 0.40253539773406793 0.4101108209365967 0.42588683855598414
0.39716917802594365 0.4097883821675846 0.427831647116945 0.44161315031806425 0.43773609415364434 0.4327036810027038 0.424603018906348 0.44566743051321867 0.4466189765371032 0.4200908693879013 0.3844332889677561 0.41411014648558775 0.42497725948790116 0.4287379901200911 0.4406477495826213 0.4295474847887672 0.44394177281471187 0.47587073645448835 0.45072039462230445 0.4856601269408116 0.4579171591278713 0.4413694697082077 0.4034976201179369 0.4047752234764037 0.4029997498810461 0.3806681346397833 0.4035231758377853 0.3924183993902298 0.40495589481673566 0.3603060891803871 0.38147372808402724 0.3941261649647541 0.3738649512463251 0.36487047686024643 0.3383223753822119 0.33903058409082115 0.3642499689561154 0.347515087315303 0.3587927000596736 0.4057364597852396 0.4400770414247603 0.44053271576303643 0.42506160073597743
0.4217978793862425 0.4136891476012647 0.42390291003801556 0.4401322417540205 0.4455275878008942 0.4518410482080447 0.43337692538457984 0.4297030494776707 0.4454576348688841 0.4330018765734451 0.4062893286229387 0.4052225416460288 0.4389711195584112 0.4518540885481577 0.42900759848649567 0.42330002060394867 0.4695355836228159 0.4967281602158742 0.48202315405018725 0.4730895220991 0.4850914129045723 0.438713769235488 0.4380352476566443 0.4176946130222255 0.3919449432361118 0.3803893940671377 0.3915338844871442 0.39857892557694996 0.40787408001930836 0.40942353531803233 0.4126265450621666 0.40192134366036414 0.4062155830923157 0.36467515564649344 0.3477289344274175 0.3404590851662668 0.3553230507570423 0.344257751776651 0.37229619935086916 0.40771780621709236 0.44086338503656974 0.4497030480057031 0.44861232548768926
0.4067299514316306 0.43503977482664946 0.4463333741473355 0.436743351328136 0.4308705456389256 0.4587412856370813 0.46012748001142995 0.4231483985436432 0.44797831945132416 0.417053334325215 0.44107073234676686 0.43927382610782445 0.44653568800067 0.4355329534685906 0.43166683432483804 0.4343437707860772 0.45851596891939683 0.4852430012435353 0.4891364454623682 0.48056407186218725 0.5016086516233603 0.4746264298387646 0.4358541609188058 0.4624140943531822 0.412835850140648 0.39280803065951503 0.4028189740891072 0.4405739067177797 0.4041070447798004 0.41795895496369057 0.39922259646125485 0.3966298685104791 0.40720136882451197 0.3848719590334502 0.3495989468393495 0.3819302667192798 0.3751150897364475 0.35260343521859033 0.37887978275039336 0.40334022762127514 0.4251357398095049 0.44698443573286906 0.42501480792995683
0.4184562156564644 0.4371691847836545 0.4114282953604193 0.44249586627835014 0.4281391854691536 0.46420175059099233 0.4545631122656538 0.45872259825325223 0.4531053058839645 0.4615693805931429 0.45397726833334084 0.46752671278282637 0.45357997848210285 0.456993529626739 0.44763447665837286 0.46416313163529876 0.48363544970132394 0.48698195552963014 0.49413810423445725 0.4711500394906666 0.48586221919055367 0.4862964568829986 0.4441854629591221 0.4664876209680652 0.4629616659343396 0.45791884472902017 0.43635293960347654 0.4306833506537078 0.41233621752776345 0.41932898052026196 0.3906925929509763 0.3920208538461366 0.37692637314444505 0.38884623378483185 0.3530208117782851 0.3449306684212654 0.34348017139823256 0.37896669041722064 0.37530944311655084 0.37935696807556935 0.403492089801342 0.4022353065190873 0.4259962490141307
0.4088825660677356 0.4033275162958859 0.3973557419700769 0.4183124950395174 0.44195048591838965 0.4345815727377558 0.46474076114701757 0.4466628346709762 0.45687211683302154 0.45823915754097105 0.4944471675214347 0.4648909399439074 0.48100509283004866 0.45905025585118464 0.49389701951682385 0.46689889714005867 0.47225226383434704 0.4956956553009102 0.487164406955747 0.4546621753333031 0.48877259520501376 0.46668438295658077 0.4497128698296895 0.4478537394549031 0.4518507099355123 0.47447307267355593 0.4709576154864677 0.46481873630603787 0.42522424566643124 0.40080343837845056 0.3748900471044397 0.3864646610313152 0.3747681530145922 0.3728401194031223 0.36417822268957983 0.3282369974135202 0.37352691572251967 0.3856422556940982 0.39140523952274375 0.3846297840702812 0.4071215464030306 0.4158383026685529 0.4459911220837855
0.43067007896212267 0.410848545246451 0.42575397270058535 0.4256192364508478 0.4479941655422366 0.47126200666770224 0.47125593234823965 0.48490958580835475 0.5055755490552026 0.5055892625623989 0.52030404698211 0.496132358300429 0.5005578566229054 0.5288692124058821 0.5290824099391984 0.5439184386263728 0.5248451490276295 0.5144601456803115 0.5153354160924444 0.4864164801547739 0.4904496592831647 0.5015287049861634 0.492473196408666 0.48061722914412247 0.46498856616949075 0.47942630661861246 0.467842743204034 0.44336544929814303 0.4523687443032651 0.4018135034151091 0.39661982093891285 0.3681871361952448 0.36728028829962533 0.37182729861347313 0.36778510321763247 0.36058222732719986 0.39726943310365753 0.3869024764127965 0.37336561500020615 0.386275695235082 0.3897648137647468 0.4110619194346832 0.42699263636354956
0.4346712327086367 0.45797300466197527 0.4404654985800244 0.4248278403159717 0.46867040490778916 0.4971095999921245 0.5074438932225211 0.5271392485033994 0.5252981697853039 0.5423431625854075 0.526669670995708 0.5528686186910479 0.5345261307570061 0.5694047389183766 0.5901902735274909 0.5703002569909142 0.5740426420370015 0.5524065051095433 0.5329981896669931 0.49189911780133866 0.4742503680438307 0.48077550573778444 0.5141088616238644 0.5122655438141412 0.5096557047580358 0.4746483965497809 0.46025987576272287 0.46557713084107266 0.4574774653027665 0.4258668511613975 0.43022285690822365 0.3956056546594152 0.407387454049939 0.3825282479134078 0.4075764998663044 0.4059197821268993 0.4094925541069866 0.3884518427996443 0.3913963505595224 0.4122874715071371 0.4372808376144603 0.4300160022403912 0.4353104688218553
0.4271899637869476 0.4704193217655236 0.4633057326986019 0.46529119532773916 0.4786566148412827 0.49432024087197424 0.5060574158666201 0.53394819459195 0.5510164797850384 0.5659859160273095 0.565515780283273 0.5810181794716637 0.5878140172056181 0.6122180605781818 0.60731593762079 0.5958847133325815 0.5724756582158512 0.5715549850777969 0.5545599538230248 0.5543857583759163 0.5148472829936638 0.5190576901263113 0.5173298389128289 0.5283193486061919 0.5113468292805273 0.48182661204830274 0.5063244410821606 0.47630769651528226 0.46148417247326906 0.4273509420106278 0.4348837103840274 0.42221494459028197 0.4123637388098177 0.40020612831653635 0.4302656520902859 0.41451201812490385 0.39806314245133645 0.4246505330807302 0.4211174263810471 0.4474886597036214 0.44722542328324305 0.45091358336554965 0.4849968226914021
0.4390982816669766 0.4651810225553192 0.49264178173901757 0.4669061761603142 0.5021689798350998 0.5113548299984959 0.5103354811878921 0.542288300671182 0.5409021954677 0.5834404851358329 0.5736231870343153 0.6025148761513955 0.5927027265039208 0.6040259555958905 0.6267469880941773 0.6249138736291491 0.5932625734747476 0.6041088918672624 0.5837624257346045 0.5842319608775723 0.5368784663184115 0.5540345798834254 0.5203888032122415 0.532458700674639 0.5406182562150501 0.5189799839173534 0.5271183909855818 0.5127039746573211 0.4713373612748465 0.4627657723557968 0.47312484004496647 0.4683646728052865 0.4591405230414004 0.45878342566498637 0.4453156438715577 0.43191934576831975 0.4458011329514081 0.4501059736272995 0.4667625480220094 0.4958612717795975 0.4960381391424932 0.5077168226775937 0.5011390933625165
0.452007355598 0.446625457799121 0.49033278407330594 0.4947919146809288 0.5030192915828128 0.5381440752070958 0.524890990449339 0.5562814620862775 0.5720536666630047 0.5851267532837676 0.6021473899919022 0.585930428486099 0.6076722550576957 0.6132226604257592 0.6012200396201809 0.6087808347904287 0.6094099559186618 0.6163471602776149 0.605464894510614 0.5733269974256778 0.5657618762876878 0.5856106683104847 0.555944086273783 0.5316711611826084 0.5200907968839722 0.5155950656900353 0.5255750153422509 0.4992762356193012 0.5143092253353687 0.4944998523262324 0.46810773444877846 0.4938292335202737 0.4951278846151698 0.49008699297067243 0.4627036852432546 0.4796724030528974 0.48834110264201835 0.5091037142068896 0.5099496999628276 0.5046935278409299 0.5351747260959631 0.5257953155020404 0.5016110275872708
0.4619167022741908 0.4538501419384617 0.477260166118521 0.5072578564429596 0.526253657852966 0.5323866518211342 0.535335958173969 0.5585694667407682 0.5912595831445882 0.6221441820900085 0.6127735241069613 0.6026584708125112 0.6409980521792709 0.6385400070937484 0.6046602372795049 0.6182262138510695 0.6083461549579062 0.6071609965864118 0.6144783123812938 0.5798169518485857 0.5757955987427502 0.5877600199907186 0.5476390819406279 0.545785381962435 0.5365090480855471 0.5541648263502813 0.5273356644329541 0.5269663516403399 0.5371307968912973 0.5062297233292098 0.502435744080512 0.49231259857993126 0.5094538615374963 0.5096782556260961 0.4930868732934023 0.5041221080054217 0.5217405496759622 0.5226099267914689 0.5523077857510049 0.5565515813812285 0.5393122384855219 0.5539665426112577 0.5310289504681076
0.4852931556612707 0.4697111924166896 0.5051454736599142 0.5319231825767409 0.5451695468786547 0.5395928407864146 0.5524793086554772 0.5806487540669324 0.5885173480180239 0.6278282041425935 0.6170743849931845 0.6074884661136833 0.6488705641503598 0.6316871172942538 0.6306346545776791 0.6168418895836999 0.6269245170677105 0.5864878909872988 0.5949914297485127 0.5708955389090176 0.5543503512925759 0.5887564808918118 0.5636121321963026 0.5716519807261505 0.5814901981229265 0.5686910327355679 0.5531219506098548 0.5643449608188265 0.5610408226957702 0.547837814929053 0.5424647441522095 0.5514638444748985 0.5291097454332759 0.5239583776993151 0.5554411067135343 0.5354773380622807 0.5616187740852425 0.5494123345793617 0.5501374066550054 0.5556530366629387 0.5584453884579039 0.5607807241518158 0.5410441243573709
0.4905358859674962 0.47893045388446315 0.4724280621325902 0.5017883137089622 0.5331968740360019 0.584463512155098 0.5767915284218605 0.6102147882416165 0.6280340203201444 0.6051201902977665 0.6373438707452023 0.6164438307912455 0.6678546936428286 0.6634561844482525 0.6416882660291684 0.6332472992411728 0.6312420451225964 0.5794814774523765 0.5839877128239366 0.5668554441702118 0.5542203652329922 0.5679210758164424 0.5984642323712774 0.5933076542872057 0.596923562842451 0.6231254932802222 0.6007821211805926 0.5851446570358971 0.5860811146919257 0.5690395147527861 0.5807700768906535 0.5602268682428428 0.5537044473181122 0.5682996944888224 0.5855676320423557 0.602759639815911 0.5581836901160944 0.5853379049041313 0.55182331020701 0.5815795857140039 0.5569252551512583 0.5513298507755781 0.5663365822035027
0.4726595186232557 0.48792083986524143 0.48378243258692644 0.5170780247672421 0.549231410723793 0.5909830169096811 0.6017100019582196 0.6034775092155765 0.629788218944819 0.6521000855220083 0.650795440490378 0.6810281123021293 0.6828082882094417 0.6663044501003961 0.6458103754639023 0.6461210190476039 0.6098080353598978 0.6054667560258803 0.6241464113611739 0.6231525080088257 0.6058380943090579 0.615380127132148 0.6189231014828386 0.6062485398875521 0.6084963495256006 0.6161103411568909 0.6450536033837846 0.6310351061170014 0.6221039246853743 0.58722409214103 0.5953467432841367 0.6016582239877148 0.5802854967073934 0.5760404545291126 0.595101965942823 0.5750287960332952 0.5680591977839914 0.5794136541437331 0.567131255295834 0.5701108917591599 0.5910097046511023 0.5803419290063478 0.5778943404016542
