Raster_benchmarking/Raster/continuous/raster-272.asc
NCOLS 100
NROWS 100
XLLCORNER 1743161.2429102012
YLLCORNER 5469296.1589082265
CELLSIZE 10
NODATA_VALUE -9999
[rows 76 to 94 of 100, columns 43 to 85 of 100]
0.5254051923891168 0.5362974448958581 0.4900302106187503 0.5127924883987813 0.4968653163175409 0.4983712258873034 0.5136916310984668 0.5179209005351098 0.4724945053124397 0.4389371774893869 0.4464487317753715 0.4863007548803143 0.543343490541426 0.5340914402412255 0.5529418803911402 0.48273212719287345 0.5029024804961709 0.5090912211944209 0.5184836266164965 0.5191397262320567 0.4835770003420111 0.533348453672132 0.5351137624667203 0.5463437631514317 0.5881684680827539 0.6323642398537618 0.6499070760780006 0.6695651175243901 0.7287930395841198 0.7354165992836204 0.7552320201714285 0.8003406368147354 0.7985263848677236 0.8369756559192177 0.8227825298259489 0.8075657474349706 0.7996377693147518 0.7789263196570437 0.7569397386897155 0.7376912083899443 0.7684328633292208 0.7775619441308407 0.738848111124995
0.4999706710946799 0.46208629622478087 0.47750372753057824 0.4804404789906964 0.49919492985784986 0.5265091011150907 0.5103327865374326 0.4729173838405683 0.4993042979580152 0.4620131017790917 0.46422429777071356 0.4651588093691713 0.511933313025885 0.5314351205656717 0.4817530240068242 0.4753789399897533 0.5254306232295574 0.5432560660440539 0.5009592289998831 0.5077905448244044 0.45822240556890803 0.44223331754826845 0.4948205488988938 0.5192152448527982 0.5585805766846847 0.6061918426943036 0.658934408496533 0.6927354231660471 0.7439512513451229 0.7432756144115015 0.7477022033244288 0.7892032986792823 0.8149970502892182 0.8206461988582382 0.828162133930831 0.7802984550870441 0.7838708355087846 0.8177810868731241 0.8003411847708742 0.7335953630354781 0.7742501092624302 0.7215579114187249 0.7605822377340549
0.4945621236204337 0.4827403494672447 0.4573101291030449 0.5232730756940916 0.5215541636776353 0.49473179560137925 0.524860483940218 0.5184506581202517 0.48590745548405717 0.4262888688003888 0.4391197202402941 0.43156245186376885 0.4626856603628387 0.45808796676257674 0.43951415682183026 0.4320268727610616 0.4772533664266622 0.4923156625208819 0.4639909289795475 0.448493203448579 0.46862894209751693 0.4505256205557623 0.4690798540709998 0.5415902107881214 0.5832732977484715 0.5819780242362478 0.6226813370271664 0.6739067632079094 0.7291970368210833 0.727930633578105 0.7461678803303593 0.7994841548751932 0.8121119420832812 0.7965329858745949 0.795697461077607 0.8410241071595858 0.8367974002161818 0.8280462668903882 0.8154433076133554 0.7629712931477617 0.7697254082203495 0.7346005765499136 0.7186972158245263
0.5113818756750357 0.47849792439431427 0.4779581009368726 0.5145431574628837 0.4821266190930376 0.4875257902939488 0.5119720357584718 0.5187963600513096 0.47774191040570124 0.4239148883550207 0.433124851310741 0.4475970378899742 0.4715551585333198 0.4451191918644334 0.419700753112066 0.42321309631006737 0.4345228953721155 0.4468223528903878 0.41385600829095714 0.4355922984866239 0.47930162576368207 0.4476760297911153 0.4767540587796202 0.5586295912428723 0.5539321944178128 0.6031075756829145 0.602214786124599 0.6523348272260536 0.7290820349359901 0.7198652895483726 0.7545207523330575 0.8240744258528704 0.8281964594140903 0.788080860750853 0.7849718105058995 0.8281160687579345 0.8557895417349973 0.8635982870931062 0.8370109577243097 0.8028705679385928 0.782252389549141 0.7485492236790555 0.7319186138231398
0.4826931039025156 0.49614844616524445 0.4558947294330849 0.46421076278923373 0.48375459906084145 0.528727646855444 0.4957107450192825 0.47584963356650084 0.45188149526988947 0.47552017741711106 0.4644030546877416 0.4742235491798828 0.445494998741673 0.423268820386128 0.3996365947945635 0.39378412641118404 0.43379490370622 0.4258062781572453 0.42393053335981445 0.46480217369717325 0.46980156876962587 0.5130558949924034 0.48559273348024257 0.528798931556094 0.5624064699634896 0.5599196488273048 0.5739710994943814 0.6264639498577419 0.7082012530376447 0.7568474804280564 0.7774299572291755 0.7794828261420447 0.8078587148717714 0.7853610954103604 0.8258521986508581 0.838735640336392 0.8350665504851548 0.8738668774921456 0.8385725881618205 0.7728550103118824 0.7564313874463994 0.7010179035574108 0.6905569725921026
0.5246654791984445 0.4469895033773777 0.46271219525153534 0.4707625702996952 0.49811876794257204 0.5785976944321031 0.5338268082629344 0.49726045889655224 0.4975249402401947 0.4682497033909434 0.45078472130992037 0.4318062159746853 0.41959357674981523 0.3784297619599059 0.4189982955677822 0.43533145008677104 0.4045384000477183 0.38569392770342326 0.42215482366648005 0.4506714550643572 0.48498496029674415 0.5438389801259422 0.5207052020112785 0.505800355868931 0.5493878674281902 0.5004314337837226 0.5412182868545148 0.6195664827818091 0.7113613120169857 0.7470548433223085 0.7505748671502256 0.817507650889251 0.8358377108066766 0.8059081194208754 0.8315713372302325 0.8252459439960096 0.8282593744873726 0.8513562505172527 0.7893883728104235 0.7536325123758233 0.711035229803879 0.6779270878374085 0.6735328909436448
0.5288679476014189 0.4933744537918121 0.484481686522271 0.49090795905535217 0.534396854323848 0.53510925173157 0.5594668727169265 0.5417194688051339 0.4826195118996388 0.4617367723640132 0.46488947387057167 0.4188393205926109 0.44395907803792395 0.4137750781029096 0.40538168435890665 0.41001756290106084 0.44286607878574924 0.42477238238761184 0.44966252913315613 0.4627388602763932 0.5208749393989544 0.5423085850085216 0.5390637106655142 0.5527275337076586 0.5122766645456595 0.5423342872277856 0.549997128196702 0.6403733447929255 0.6520896425874796 0.7314647507545766 0.7537806750491669 0.7443035417022793 0.7897651678389014 0.8116182605488066 0.816834535430324 0.8352870669118466 0.8276671693564835 0.8288064525604283 0.7933708462085856 0.804874402191023 0.7448788287330821 0.7643170753789067 0.7379131652634463
0.5343901690808066 0.47565301792860987 0.4694561616281865 0.48360344171879444 0.5356428652571634 0.5686962102559845 0.532521947871573 0.5433505599003547 0.49115210996955155 0.4370491866724025 0.4323787469218689 0.43898281606967104 0.409275902403708 0.42637911358645775 0.4505772294682017 0.4558320258949584 0.45166829038783296 0.43723469228139245 0.4547624428055586 0.47579599179736565 0.5099320419812388 0.5532291290196504 0.5615491635622267 0.5312133975658777 0.5482315627062162 0.5647795741054032 0.5682150600268016 0.6193036168217887 0.6835719082227312 0.7330929754403076 0.7038738598003832 0.7267787521507597 0.7375276383179061 0.7490198235660174 0.7598398039393699 0.7657484593625424 0.8037948002071362 0.7915128580236256 0.8198629117226861 0.8073314752623698 0.8108127416048538 0.7800548326188999 0.7466489307684555
0.5332948882715159 0.5003950617073721 0.5206780294591001 0.49670756778097197 0.5139707279853907 0.5574951749868717 0.571968683533684 0.5324467407244907 0.5077720943293724 0.4562033978863481 0.46795909898054133 0.44278098622106143 0.43431864557726046 0.4697008565782125 0.45869450054084415 0.4796149472499487 0.4717939849358664 0.45989245455391103 0.45782605806055404 0.4643407299524953 0.5173428519915125 0.5202128640971102 0.5518655864237033 0.5929395795322262 0.5619892358154739 0.6160503939262756 0.6369747036561448 0.6720515935270837 0.6928209488229203 0.7256318834645933 0.6899967992836062 0.7373065403536454 0.7627893668115373 0.7386153509432293 0.7243691205034336 0.7678135789234724 0.7335837710042771 0.7558567006658412 0.8096272618831961 0.8253772330010903 0.7885385214931702 0.7868722644028112 0.7286571978030998
0.5136027507381635 0.5028422841937312 0.49670162595707695 0.49952709487854297 0.5571459857234007 0.5570322205294578 0.5710653321564517 0.53283711220493 0.5186647722079247 0.4526917935992461 0.5008695617377833 0.49544148508261726 0.4723999978679054 0.4761210241374588 0.5027474667866165 0.5154774675209441 0.46274147819782213 0.4281681792074246 0.48095287489591304 0.5242712206327327 0.5541078559725714 0.5576041448848772 0.59473981401598 0.6235714808426673 0.6317200394657945 0.6261675929929997 0.6253426673231799 0.6709064697583912 0.6965291518854573 0.672678706273429 0.6768063185452821 0.7491331108316055 0.77443324756383 0.7619277293843053 0.708108995987274 0.7278147638211616 0.7663285997238406 0.7713607626987291 0.7794301235551003 0.7878628198220313 0.7575378912022516 0.7671930990306447 0.7230977073749761
0.5538941636587839 0.5591329818298281 0.5599505273107139 0.5533374584525458 0.5459567709033338 0.5543097901684534 0.5954296658584576 0.5675656650759782 0.514508343870496 0.5415397373007951 0.49669026300549074 0.5268567466401356 0.5349372231567581 0.5192614073872303 0.5123953949017372 0.510664479725795 0.4974856405815327 0.525993693263721 0.529535603909169 0.5645433407412925 0.5479245079090432 0.5710013662966555 0.5730185640547586 0.6062367090558891 0.5925140736047287 0.6433457342735148 0.6603899919443308 0.635146306181408 0.6377348399009608 0.6620319078654617 0.6838726753963136 0.7349405431499724 0.7292329587631204 0.7174725610672597 0.7205632643843192 0.7420466573501815 0.7308491019237549 0.7726674436570204 0.7784950875943217 0.8064671610397018 0.7592853738297257 0.7262651443280645 0.7415722554353905
0.5583426819591564 0.571779599503863 0.6041134398733548 0.6223781312164327 0.5909111403762569 0.6139317694729974 0.6166261483963242 0.5662025566397246 0.6020234873758837 0.596740822648424 0.5692777142843545 0.5561406256238346 0.5709687886183814 0.5566898830662667 0.5263170101654382 0.5676579919110221 0.5684880375267306 0.5441299137505332 0.5796061495327753 0.5713152106556475 0.5413713601156891 0.5760184514680592 0.567646497609834 0.5914133379688187 0.5925817494570862 0.6189714428033826 0.6236917972002274 0.6044637723388752 0.6025944978582921 0.6328632775415185 0.6890804917281314 0.6928757312024497 0.687153637113403 0.6861066592211749 0.6930875844814998 0.7154301185946678 0.746362775230124 0.8077673859749084 0.8046520746165086 0.8172997599926249 0.7933585523688385 0.7592856614795598 0.725231288129091
0.6353825960136975 0.6062865204876718 0.5893821612675446 0.5946961912795576 0.5809408006991943 0.5960393587131496 0.6041175176811976 0.5687653757048593 0.610359338647226 0.615008183327457 0.6282900307901781 0.5994411140525858 0.5653138475972547 0.5675806937927985 0.5640313560117126 0.5882947449910821 0.5749766609450303 0.5462060292117965 0.5821864184770493 0.608093904474566 0.5864919429793878 0.5595958921852502 0.5581907011759094 0.543626867814685 0.5339012227621611 0.5719547789587333 0.5599778139137821 0.5716116649402293 0.5852136448368459 0.5939212866639798 0.6458592350620211 0.648685963141976 0.6220691355380612 0.6169374244514313 0.6762005123382341 0.6809866278151944 0.725647498821054 0.7447476669412949 0.7696135054606145 0.7515107292702567 0.7622950489242378 0.7296089810326502 0.7338574809511391
0.6530019417965335 0.6421512330282807 0.6104937688968959 0.6080655754037956 0.5723705578318166 0.6026517416150585 0.625423270561512 0.6178600543216267 0.6292471637417552 0.6134331456940938 0.5999535383842305 0.6242246052648537 0.583790983418352 0.5933295638314915 0.5983311766040789 0.5999965423506591 0.5898799273783051 0.5762364238748355 0.5650539266905742 0.601991222524451 0.5826308398072205 0.5722103848154887 0.5442939011056768 0.5465905086547806 0.5111131231524986 0.5009505635975551 0.5708241110619527 0.5531551461287567 0.5692388391808789 0.6041433729905749 0.61158668875496 0.5799894583208411 0.5792275513642403 0.593364344634246 0.6224377129814913 0.6615549197675202 0.693372245401542 0.7686523985516011 0.7773807489606225 0.7441941387073566 0.7636225749527615 0.7555283979969752 0.6946942932337642
0.645886181802046 0.6089538614047514 0.6292111648717454 0.6119317220545566 0.6018004499282189 0.6227421436462692 0.6593753724522685 0.6414209550781947 0.6125158873189556 0.6391721549856979 0.5937525164072441 0.5868139089185631 0.6007497212511647 0.6117115269818084 0.5997054046391181 0.5796215787981527 0.5760951711969258 0.5815396299059677 0.5898876124805842 0.6163192627613742 0.5996504939057387 0.5564727359121693 0.5670669029829449 0.5514667618942573 0.5159565664259436 0.5181678679669764 0.5582200853690124 0.5776008356082781 0.5664584001989462 0.5469367807938278 0.5995733263566148 0.5888014647349266 0.6043793835687098 0.617476611440689 0.6101540722498263 0.6222817903236149 0.6775108690753869 0.7338116348749009 0.734570643193889 0.7374288652429779 0.6875471417671069 0.7023247958443586 0.6761218437055345
0.6090821435326761 0.5992013409580786 0.5898891955659289 0.6196561099097198 0.6560579482062016 0.6644568564410376 0.6776525189089303 0.6335788319447326 0.6069335215869293 0.6361490525878899 0.6020181570466372 0.6175238299165089 0.6266184740818229 0.6428242493638262 0.6174459253641517 0.6405263345185541 0.5911781082494474 0.6038517735771294 0.6076881312125465 0.6101417290418372 0.6211203819704545 0.5983942556811526 0.5847184561155035 0.5456007954701547 0.5208242903819111 0.5272096594586742 0.5338007144003046 0.5324291401366685 0.5575285792787242 0.5232047106464494 0.5845623463014791 0.5907049564009251 0.5674524027696133 0.6229341689810335 0.5956205324046701 0.6431202466948855 0.6777422944720572 0.6923609788061251 0.6920294115620622 0.6750788489416052 0.6745280976160086 0.6502414884338102 0.6935113056623695
0.6176517109063289 0.6020605003046731 0.5863745748583793 0.613616365910489 0.6528156111941428 0.6900431897872392 0.6500214870786868 0.6635847254371695 0.6326738994594922 0.6454591221078099 0.6436978350171045 0.6437773231739955 0.6622972123587588 0.6746664463213278 0.6463376172372213 0.6627872473556599 0.6287159961790229 0.6224566160810835 0.606989756285871 0.6372412363318664 0.6503577439112361 0.6022546735115379 0.5938340521491948 0.5864967735889786 0.5665524132004488 0.5491084175513863 0.4956387593906231 0.5317142005652602 0.5080616743067966 0.5333730023269975 0.5452911916841224 0.5809228107999344 0.5592218626758645 0.5597682839900322 0.6135505277216202 0.6294438318382944 0.6532706705209632 0.6743441468302108 0.6475701592171532 0.6652587532085676 0.6206469529031939 0.6429576237935619 0.653750043485245
0.6193748552528485 0.6237792474802493 0.6343482284185109 0.6042249429131126 0.6132642546167903 0.679419968234239 0.6471153511794658 0.6467840371294 0.6844801050579311 0.7286227200659459 0.7158454357880597 0.6999958196702241 0.6603783261421365 0.6647152173682065 0.6451114788938445 0.6498082497846641 0.6044641294543064 0.5815064143155786 0.6285332874883363 0.6330411510190657 0.6537499764882896 0.6393602876137582 0.578253209391644 0.5999357931979393 0.568587899778999 0.5344897869312464 0.5401305791968121 0.4988658018092073 0.47761288703317184 0.5076312082954231 0.5368763557482217 0.5497481017656626 0.5513183471700872 0.5403069176901986 0.6137309538428234 0.5945298544356918 0.6366297276495773 0.6194100985196888 0.6007552871152617 0.6247018232392123 0.6202681969131363 0.6118802940215458 0.6159634936820808
0.650691401886464 0.65246191556626 0.6525246828691389 0.607818346975382 0.6342165509581185 0.684105231173927 0.6892492663731487 0.6857302531771244 0.7020768032102899 0.6844479898249237 0.7029319328919456 0.6846119537762302 0.6781569160947877 0.6524008303758028 0.65692966202837 0.6186379037578588 0.6319752546150214 0.608589216432155 0.5918404692750237 0.5999401868525445 0.6269941480274375 0.625691878171166 0.6001329106404428 0.5569567506677758 0.5302710369728982 0.5302509075244142 0.5116349703899855 0.527780860942376 0.49869705531860337 0.4883137721168011 0.47555786408957235 0.544664050419466 0.5549686829231236 0.5915543085153286 0.593531585074841 0.6081676641234102 0.6315459193458568 0.635636629012698 0.6222320581148401 0.6123007867611987 0.6341319927635597 0.6121032829026045 0.6181892402394401
