Raster_benchmarking/Raster/continuous/raster-467.asc
NCOLS 100
NROWS 100
XLLCORNER 1743158.620540181
YLLCORNER 5469286.267447871
CELLSIZE 10
NODATA_VALUE -9999
[rows 19 to 37 of 100, columns 0 to 42 of 100]
0.329761411883822 0.3078371627552694 0.3122217659163625 0.2713621448435264 0.29314264002164075 0.33027290413085963 0.34264183516247987 0.34564763877052784 0.3258269415323907 0.354062109925176 0.35257994181926927 0.34177701388553483 0.37135633581142136 0.3493058116975702 0.3905469525489787 0.3736995111810863 0.3709088558224664 0.34553103294306925 0.37452476527829964 0.35029257778851514 0.3829548833126656 0.40534958754052386 0.43781436700749315 0.44715460741869223 0.4425315822830567 0.4459563601011772 0.483931586019536 0.5206029082069358 0.539396717189918 0.5512812098219735 0.5376857106885362 0.577703857190226 0.5663624814867916 0.5233789022095996 0.521978712255309 0.5217162624833482 0.5550349623680975 0.5780751222990148 0.5932229871506769 0.5906232044492086 0.6091384958074678 0.5777400782447812 0.5705993736160815
0.3157690089115257 0.33567682646895797 0.2729638901086462 0.24390775183706773 0.31527504424042296 0.3462660787741744 0.35061971165750716 0.3405780229228513 0.3384216942036333 0.35832708468893343 0.35043504189772795 0.3491511071438457 0.3476170831485084 0.38015819533608597 0.4141218014255871 0.40133725623690264 0.34816245655778366 0.3565845007542801 0.330224102729545 0.3125734678178917 0.36356465921186193 0.3838767636739857 0.45053890783869877 0.4824935373925036 0.4630316153076583 0.4826979632580387 0.5280905846820683 0.5859034219903805 0.5748150673881828 0.5913956055922991 0.5584539488250637 0.593969229851045 0.5618289633286193 0.5436075271398267 0.5319895901575736 0.5212016169945058 0.5140799618319144 0.5163931615144957 0.5793650655693388 0.5864555040720185 0.5953258104323821 0.5581139433995674 0.5873288825208225
0.3506073828276438 0.32350658006054417 0.299722443089835 0.2824300559600851 0.32029338479631775 0.3046188149514004 0.32488234810788674 0.3186086196058376 0.3459510834303994 0.3661823958784443 0.33872445537670204 0.32993073885808183 0.36440236417175415 0.400007961985652 0.4032105108421211 0.3660521723868881 0.3549683700459801 0.32689847915564924 0.3325452293112578 0.31766068531350017 0.3264644006594706 0.38272307783010184 0.4370363095676473 0.48880326186891004 0.49741357867124464 0.5056852452693161 0.5042467246980334 0.5691818322099128 0.5639511045207249 0.5670365887817763 0.5688886304328745 0.5258449579327397 0.5259130372867373 0.5412387951646446 0.5069894822668627 0.5188092836653869 0.5054794508622397 0.540419944124011 0.5473062726337448 0.5763922118118079 0.5707942095919862 0.5450904980232385 0.5721003508107858
0.3489099041573065 0.3513987967227204 0.3310450320722 0.33758890746441844 0.31989254577044335 0.3185196904796637 0.3241787022356492 0.3306000509707102 0.3098297478719776 0.3264529767795952 0.31279708883490653 0.32586376699362585 0.382727641488861 0.4081387061848722 0.3621755445260756 0.3478171078248238 0.3552702929013328 0.3673300708937715 0.3415122543126729 0.33587647803622867 0.3306636494378768 0.35187230071356934 0.4043954718125111 0.4364826183309019 0.4838687854492643 0.48595206091699483 0.519693919973119 0.5347947832707816 0.5164575118092075 0.5194716754391178 0.5280880991111474 0.5203230556204171 0.5090786858229375 0.5046149068153272 0.5317020691925572 0.5455620929062064 0.501135036168034 0.516910656357546 0.5055406922374892 0.5552003501535362 0.5296553490329793 0.553281285474859 0.5321370163111491
0.3392686465748282 0.3368809407135326 0.3409670863639802 0.304059257971466 0.30123629995068996 0.3130415199455249 0.3260701097460797 0.3600702933932085 0.3370531608373039 0.34459565137123604 0.3513497419987901 0.371826413645988 0.3439894610540259 0.39247694939295663 0.39627088603357175 0.39233376127109604 0.3881808381153736 0.34005240879817283 0.3276807500143793 0.3394447287215153 0.35844391501795486 0.39171645242523806 0.4042229097514031 0.43724602475727975 0.5034577115217338 0.506764019328688 0.49507398068485653 0.5192259421173268 0.5328827694281785 0.5189429776276406 0.5327597732666189 0.480540906030904 0.4749218232510677 0.4761418541422772 0.5223497107087005 0.518587923328948 0.5245200437207571 0.4958001922408159 0.5040769794703752 0.5456689254675999 0.5165344747044754 0.5301320998522906 0.5194131290571127
0.3727894213554896 0.3197398221040373 0.3007343249307257 0.29917916966169683 0.31322078641710105 0.2999185060690147 0.3481248115547756 0.34111555995618503 0.35411776643401915 0.37917339765910363 0.3885935413815777 0.36057084428209146 0.3760550229959899 0.33803136501575703 0.3679603211708593 0.39038088189757375 0.3807215147410058 0.37969019920780833 0.3534429634878572 0.2790720079896862 0.3792190293278027 0.4115550477087592 0.46414851081125225 0.5020285791114427 0.5043911995346173 0.5216469299195411 0.5303724331382095 0.5250799533931857 0.5338146770155492 0.5229548102736674 0.4982334289170188 0.4899957853217699 0.49380641818781185 0.48932409397745863 0.5088480501507808 0.5360866661221081 0.5057215317987497 0.472559864716297 0.5185787763622755 0.5084738642678038 0.5076061157951808 0.5193284079713933 0.5144559621071598
0.3827522107071788 0.326760586581936 0.323405397294442 0.3225635616572961 0.29835185889025334 0.30702342673154553 0.3319946945538148 0.37842166807246647 0.3707195343038712 0.4113378339380279 0.38883599805212143 0.37864036588075656 0.3581431204352385 0.34931612408240575 0.39131515220167634 0.38771834784673154 0.3675683858778303 0.37388446454832774 0.3755606615562142 0.3707665601197376 0.36171913306452425 0.4337729314032633 0.4467065397817262 0.47471103609835774 0.5195975693314634 0.5414560204669943 0.5162099750469394 0.500426029523072 0.49571548226635825 0.502035030667381 0.5114916551942056 0.48732093505196183 0.5140710295667392 0.4926434409721331 0.5151022220183472 0.49400432219625506 0.4793333290283221 0.48190975601937436 0.48792055405447055 0.4855806840808511 0.5022540026320584 0.5119333221216408 0.5095342363079024
0.37869574397092154 0.3849900922863075 0.34518350020910243 0.3247551941965677 0.3454035876944464 0.3338994326228438 0.3382784385950526 0.3794613720324951 0.3965192079460238 0.4058011992637371 0.4047296241834664 0.3580034619758801 0.38056432860999156 0.36691220042899947 0.38426935479952706 0.39461881792863873 0.36819209318464724 0.36838836905910827 0.38542540587802687 0.39944043407238256 0.38341555038520325 0.43242198926522274 0.4380188556227724 0.4792912628731996 0.5249392229115705 0.5473393899694118 0.5238912377804879 0.4934367728108538 0.5139066855923236 0.4723555398617717 0.45893053251901955 0.4723348418759619 0.5182264715772694 0.49782267961012183 0.47979998864282314 0.5008761213274944 0.48840130259326714 0.5061756973432318 0.48058980309638805 0.45858331619220494 0.4615964077729119 0.47557052652457044 0.47853809487898574
0.41642561280777995 0.40194104465538383 0.4068958476253494 0.37256618031299094 0.3819113675232964 0.3605162398570439 0.38795816143178563 0.38134341357756085 0.43119544857205616 0.40810539818447683 0.4017388108962669 0.3738792853085941 0.38978931399363537 0.4143677247110016 0.4209799066703816 0.3920173112478825 0.4004802479670614 0.3616169777386663 0.3808674214644351 0.39466502446047286 0.40008936851724725 0.4366966371244035 0.4395148188596062 0.44288628807843267 0.48529321701540423 0.5202942700510086 0.5347725312357584 0.5332974082640182 0.5129492287060142 0.5125594986348085 0.4684545117464117 0.47453796022615957 0.49619581309941885 0.514972628019408 0.507873769193302 0.48576908696041765 0.5096317133900395 0.4859459692458201 0.43571036221883236 0.45717804619483343 0.44434647956699064 0.4559748024656646 0.4477169531594772
0.4547581122607392 0.4197539493100421 0.43153321187042204 0.44575266460600266 0.4032115459137784 0.43594209741463885 0.4180082451199951 0.42096222541115963 0.4393924995256739 0.4257673044377445 0.40338466011703533 0.4380790519101595 0.43084282184349576 0.43302126955689363 0.4253289727823418 0.4244005570488402 0.40788871886008665 0.3810756420161329 0.4264419192992469 0.4306441229974191 0.4182635846325846 0.41897680774797075 0.4611447087992354 0.4669464400328431 0.4750947729278074 0.5205898591134847 0.4934537454140136 0.5179368627986825 0.4967536523378704 0.5074109945990954 0.4718999819304349 0.41060015537524347 0.45338338154896823 0.49942349533508107 0.5255048348949027 0.4979089125818041 0.4767552450196924 0.45555610102963534 0.4567397042314795 0.42106768600371686 0.4376813985994699 0.44116488744958554 0.44703078055503825
0.4294765680175992 0.3972817150272672 0.40463959030051216 0.41835515169248677 0.428432400858279 0.42620686500229277 0.459636235656399 0.460483443616957 0.4451636079583038 0.4564595920362813 0.45203584731795565 0.42374982007196876 0.4268986560362536 0.42597542588459364 0.45515942069375087 0.43060515475544064 0.4024159989018788 0.41239926692735324 0.4285643206323098 0.4104585004637231 0.4163406969597525 0.4177061339457676 0.4159673332058758 0.45781555075788744 0.4738427727921526 0.48267716210003725 0.47137850561128514 0.46255225865005295 0.4906645037623688 0.4714872023942769 0.45809032489854484 0.4579849097417881 0.4608024754143484 0.46046813487119265 0.4937493336670087 0.49286205723250004 0.49366956830350545 0.46523832794199405 0.46053420111704885 0.42561887238393614 0.4453892052536947 0.4700791809475249 0.456898040678421
0.4475893440961277 0.4298506047156588 0.41770508449040966 0.4172656170199378 0.4189682441922693 0.47514693008306774 0.45748547899262554 0.46787693801590063 0.44578855827506186 0.4271381981621443 0.45006759896515824 0.46624665035962964 0.4459567506546823 0.46958054842862196 0.44826141927757795 0.44477164916418355 0.4416693304338728 0.453684615344928 0.4255863895288093 0.4390111425454103 0.4222860187724202 0.4576700374498803 0.4349865457731613 0.4209623059817599 0.44538123051550915 0.4326077625211065 0.4281160401596824 0.44145395367938906 0.46405295745932973 0.47684058628440135 0.44742574664245455 0.4387958396779481 0.42228732874245944 0.4397695510188613 0.4326227780463403 0.4754824534431658 0.46147877126195413 0.47472267493509407 0.4688162721439093 0.4424412938547642 0.4517494543494589 0.4709411782825652 0.44577974474339815
0.4274731170241272 0.4433776803888295 0.41810629706373736 0.46080783345749465 0.4438941081159758 0.4756004752797232 0.4353917007158562 0.45635547907762564 0.42780724018809224 0.4066167557853935 0.4443667671348953 0.44655059407881786 0.45593242799379513 0.47061152046874466 0.4646449085166901 0.41917649589911943 0.44827165702226845 0.41081200409468627 0.4017785573738088 0.3944676700753711 0.4220547860102739 0.4036398500889585 0.4106873333332723 0.42702078138427274 0.3971491438769466 0.399331222285361 0.41637570734388213 0.4176763398097467 0.46887720014819756 0.47697624755234785 0.4661437178395594 0.42345571401605553 0.4323664496329463 0.4308404220494733 0.41380298269335797 0.3994613267697038 0.4082482211738453 0.42311523808530543 0.4545067383978697 0.47759371882162815 0.4718358252188928 0.48311035981503947 0.46246813847256635
0.4417473406936591 0.4289611368256475 0.44460341694829325 0.4720845367461614 0.4701291673508772 0.46529286983136586 0.43111875309620623 0.3931536579130397 0.4111404744352335 0.3797132944603325 0.4230221680666985 0.4153691876883411 0.39501334837238045 0.43101147748235735 0.4255067822048724 0.4242501068200747 0.3969364784123516 0.38523995218224705 0.35861370756848365 0.36806614601064164 0.37131017793429066 0.35699814185557094 0.371106648663742 0.3856627551737131 0.38935230588366815 0.39053819020579983 0.42008504944968894 0.44857925515289787 0.4862439582020685 0.4834937042667094 0.46498805289072337 0.41335739218273265 0.4215306845829701 0.3924069794635585 0.38832983554155565 0.3762624733639497 0.37421459180899735 0.4086918285980355 0.45152689426864967 0.4710538811229283 0.47801259095596893 0.49438750066627246 0.4722048452735776
0.4332299501254993 0.4126249266762577 0.4362325602406296 0.4392339721350469 0.4573238372330321 0.4406091923189313 0.4168364264950319 0.4116336307280146 0.38378494522446105 0.3913132166624609 0.36745611806626405 0.3678086851436366 0.38346690985022 0.40463644615183136 0.40064420346956814 0.39916012965187875 0.3535413353660931 0.356788419303099 0.3793783562164285 0.36376650847901015 0.3430699433778315 0.36865424168099814 0.3792312788535868 0.3462200951098743 0.36087225935969913 0.4184629634885567 0.4350155978874489 0.4553721714977494 0.4681739403761211 0.4822282449059456 0.42372706566845486 0.4100121147588811 0.3954638801467581 0.3600024864934423 0.37109114319242525 0.38076773671223874 0.39580269974781984 0.43779425205246253 0.4248776970097342 0.4468144876185718 0.47311784104696125 0.48510794064344115 0.4533684987805218
0.4485665026675393 0.42647384655754805 0.43621430829788643 0.4393928824636277 0.4092198436961722 0.3992377929511827 0.397808936114804 0.3943021325206464 0.384499658174708 0.37642926923703557 0.3877195499463727 0.3557198975200971 0.35879715027256515 0.3431017941520202 0.37553560186372864 0.3802746774107392 0.345129101465797 0.3284635987115528 0.36721687753572696 0.37736759240128837 0.3466438895996915 0.33851780938977566 0.34541401545657324 0.3655700091274677 0.36542796200915517 0.4022097241649694 0.4451206953261039 0.44844708459732463 0.4541972866286349 0.4590279286641522 0.4450745594927015 0.429307606014872 0.4060762751564685 0.3627687865955958 0.3705723483669211 0.36247473303436867 0.3682301199398561 0.4391721794078491 0.4509432955163129 0.4328258496289288 0.4724747299906199 0.46143280900125627 0.4594556324961247
0.4221550360182649 0.42079457924637864 0.4520546771760896 0.4199832086627253 0.4291680904809867 0.39229103352629124 0.39682801057953254 0.3719606383259908 0.35548167288463134 0.3496463887692266 0.37020241611115773 0.31542424447600487 0.32914291962394043 0.3206800128889458 0.3748919871407433 0.37095783895018 0.34080105318034765 0.3195982565963598 0.3439216478417175 0.3339111498692218 0.3542159451784617 0.3258095220485198 0.3558512773300185 0.4052758133163231 0.4200752757592873 0.39729581354739335 0.39970917337958445 0.4246369205075169 0.4341061745643619 0.44142405550389696 0.4465830472409996 0.4186873246718335 0.3938546906458257 0.4020885226312382 0.39479130562412557 0.362172580232641 0.3769918580610911 0.387951498138375 0.42140843902790015 0.42235009767077697 0.44146188623053273 0.44224677853777644 0.461812825476993
0.4501048654341027 0.4304957747655019 0.42092021532828294 0.407524547880187 0.39282972686409956 0.3757687372360548 0.3577297510587474 0.3545036432324523 0.34472333761641083 0.3449610122847688 0.30140640579287 0.31288555565169507 0.34295270437487313 0.33966126986707984 0.3283490906842724 0.3617346922336274 0.3434468008436565 0.30108922243323016 0.3277673423480242 0.33791157829775437 0.3572860708213244 0.3204182559825525 0.3482117110575598 0.41251184465329727 0.4358757030225688 0.43529040658235885 0.4078578556163948 0.3935518536005853 0.37291668520403565 0.3902955737505767 0.42138913515761145 0.4163929057976024 0.40886651809493224 0.4045479911671378 0.37336794737497425 0.3842418079324204 0.3759471872481966 0.3754352519183449 0.41176138132941764 0.39290505766721173 0.3924005906391445 0.43023382322402914 0.4425984170647335
0.43530811265775915 0.43511210117046795 0.416474338345135 0.40627683482578314 0.41417395674334595 0.36999922936875124 0.3974119813168335 0.38019754117478327 0.3570327665768907 0.2918863182504179 0.27589838132038924 0.3102988218844554 0.3010378771608092 0.2717281333511886 0.29119197559745813 0.31989060909684774 0.34778987298640607 0.3440220425608886 0.36372799299227226 0.3533392227385582 0.3726093967485065 0.37089169693686647 0.37508986146068496 0.3961982766527739 0.4219594751943037 0.3818577233128185 0.3842737828927488 0.3601849256159789 0.363882435914989 0.3992862482250395 0.38013746560168227 0.39473803944922775 0.358373055211035 0.37598147019506417 0.4125592734870686 0.41176530779280174 0.40878473874876664 0.39781948597980205 0.374429070317695 0.4006872466224496 0.39486150872054065 0.4051164574701143 0.41800804614569603
