Raster_benchmarking/Raster/continuous/raster-147.asc
NCOLS 100
NROWS 100
XLLCORNER 1743155.5814047793
YLLCORNER 5469293.421426257
CELLSIZE 10
NODATA_VALUE -9999
[rows 0 to 18 of 100, columns 43 to 85 of 100]
0.6378522920998778 0.5798256422530538 0.5037219863770481 0.5126993805123169 0.5131424907323404 0.5094219442136525 0.5053131910106767 0.54526898103981 0.5708604963670522 0.5734206599476056 0.5611427186595 0.5482833306717081 0.5239774270489009 0.5333440679007734 0.5393773075070254 0.5528220697184122 0.5479047291053996 0.5802045652731214 0.5874696585466889 0.5867304660599724 0.6206796972659593 0.6241677503536909 0.5986371953760447 0.6088033485079776 0.6022557583032917 0.6430902878381882 0.6601375956163239 0.6951139990822123 0.7366382716700626 0.6986673841619429 0.6463157818652302 0.6665170562351039 0.6194206758471318 0.6153061201867546 0.6505209490765332 0.6392225642373611 0.6421883038173428 0.5844272800934962 0.5564075617584034 0.524516213373832 0.5313311044998086 0.4602280094451054 0.39466229963926847
0.6155362298640928 0.5472306637363569 0.5004912747168362 0.469053137294562 0.4655056391438325 0.5221116714440444 0.5424526353259987 0.5267094246078828 0.5710488183440865 0.5655100092936736 0.5763230029016124 0.5563129312950318 0.5142931884900718 0.542405704025391 0.551357328666024 0.5729307506274697 0.5648179953942775 0.5984490637570348 0.5950043714577569 0.6083136111308961 0.606191587278605 0.5752611777163079 0.6161868772583924 0.6312010491912281 0.6258952751308369 0.635094762449304 0.662183254828847 0.719264750645389 0.7380459872473184 0.7380308584087388 0.6848694027458814 0.704954213552166 0.6682721736173465 0.6521145689589758 0.634094733921853 0.6188331470675102 0.6174018290151526 0.567748221599053 0.5174816557742079 0.5189349529087028 0.5207785223845184 0.4835444207116466 0.4148801023405569
0.6015168909438605 0.5714161823527844 0.534437664967049 0.4746731689208574 0.487285503170984 0.48443685607393006 0.525860755244048 0.548079329945556 0.556149287242329 0.5803445278317428 0.5429863239058512 0.5071851547500005 0.5263603789664062 0.5069255186160184 0.5761258057751285 0.5730829103691806 0.5439512136939998 0.5818100453299232 0.5892428242604402 0.6031080277832883 0.5588945492227481 0.5677520243332475 0.5817034228954121 0.6111462595871603 0.6394254543462256 0.6706440101875334 0.713131827273096 0.7115837488653632 0.7355901643998515 0.7254010672673219 0.6838028546755621 0.6960438616918132 0.7215761405428563 0.6842355975704475 0.6746081028019567 0.6141525550926256 0.5758614265393648 0.5506393498933597 0.5223314918567549 0.504552023895124 0.4610616713771177 0.471048237186827 0.46073262234255025
0.5728992463599087 0.5211493489967759 0.5322984699970065 0.4694124709485498 0.4513310919395796 0.5044848451700591 0.55065808086558 0.53809615074931 0.5636968805162701 0.5817964984002327 0.5719726389252577 0.5250427974133677 0.4716227117193007 0.5026430552074052 0.5656975808472033 0.5780897955822645 0.5496674161002444 0.5545193413564511 0.5790611136891427 0.5510531789888355 0.5684050352499382 0.573894518305022 0.5945918320105364 0.6160476830126632 0.6553409418116163 0.6881781768284007 0.6952461065968669 0.6829873610366949 0.7222112795851964 0.6972682172504392 0.7050919486252054 0.7217762757667415 0.7294231428561521 0.7218751675213618 0.7005262281661285 0.6286289010156406 0.6096040031531027 0.5476553888946532 0.5346618615819124 0.4738586876763093 0.44495828635042695 0.4560935309194028 0.4818744131646809
0.5189619211943 0.5225459746684149 0.5039818467536794 0.4519078362136553 0.4431280267242016 0.51528245754345 0.5484940660804937 0.5324769597556132 0.5585360145538987 0.5559438111148572 0.5227424092977697 0.5293414429925363 0.5132166469717725 0.5084020841730923 0.507853686361729 0.5435464724877991 0.545766584775018 0.5818871759106896 0.5444151841609849 0.5561194598372862 0.5902860244795343 0.5797499699548201 0.6069844946242738 0.5969424491255991 0.6231075343722954 0.6571335079199307 0.7103588972082661 0.7102414840283836 0.7401606463018553 0.6974426113954804 0.733554673473571 0.7263420020717658 0.715211587266606 0.7139443219188003 0.686153247854393 0.6658465159620801 0.581701704734478 0.5424811820090538 0.5369234094646848 0.46626357806120466 0.46238792031861087 0.47968502909705324 0.5009028311958369
0.5248742737802281 0.48079552527419467 0.46797252431964337 0.45759733964531296 0.44654639214273756 0.5020819483136155 0.504473704949144 0.4730516293342156 0.4829685756262788 0.4998117282535269 0.49089715411003093 0.5081341666185751 0.48089678388508833 0.5322102616417312 0.512714826688784 0.5581239736299035 0.5931830315017478 0.5865989176590893 0.5441097106296204 0.5813441621041631 0.6133576406209615 0.5629493850700926 0.5710136312443997 0.5741556798768598 0.6297163556730361 0.649727121796694 0.716381582026288 0.7153107242077821 0.7262016595826819 0.7205752715145818 0.7451549554427513 0.7411504572180665 0.7171965006792781 0.6753547728905555 0.6545450765288465 0.6463067441520319 0.5934322991256565 0.5564763231356309 0.5322733940495138 0.5113669014806895 0.46415628749993315 0.49587548651937013 0.4782588731147306
0.49502929806063956 0.4692088259445377 0.42194369920545555 0.43079557616468367 0.44737188354390667 0.4356743851711276 0.49031501586190773 0.4852513924016456 0.4812836133098184 0.4881384929724257 0.498831120896296 0.5276308285125777 0.5373869739110807 0.5438526200671403 0.5594868251866846 0.5823468320511722 0.587792986570317 0.552852849153188 0.5603627320625779 0.5909866828876731 0.6096233249347056 0.5958208707955788 0.5655111771837349 0.5877641023882627 0.585155488331204 0.6413984809227112 0.692252431692036 0.746882013546615 0.7319019551778017 0.7460217213122022 0.7121467640553034 0.6832551882358432 0.6669771762375768 0.666913252973894 0.5916417446068778 0.5735015433786641 0.595275032085554 0.5499578501650234 0.5371975832487184 0.48464560878408464 0.45707301447321746 0.482353162020107 0.445853253237051
0.5047957070836926 0.4352091151918204 0.42795881319018086 0.42616705619881495 0.40951382203285297 0.4169142024531193 0.443864958370916 0.4801112812956344 0.5437526202725363 0.5184158891155974 0.5289208992334101 0.5341687404477672 0.5328834886290535 0.5569317230751913 0.5340853671286914 0.5700981423012806 0.5916608187831855 0.565394855823516 0.5841795778107601 0.5916555780408919 0.6503821268270984 0.5858477961130903 0.601436336683852 0.5762208025939172 0.5816295750724835 0.6123095755278052 0.6943397881721683 0.6958510845950501 0.7380833231546933 0.6799820072990166 0.670527356263492 0.6839442530004741 0.654528639362569 0.6156864090440631 0.5830137419913711 0.5837594398599465 0.5528856936097335 0.5148812360378553 0.5248769023309309 0.4907164980941847 0.43842394782265753 0.44239619798017366 0.46685061851273957
0.48044010756513195 0.44038215330778246 0.4477760417123136 0.4475833177482758 0.4594990254839807 0.4381696345210302 0.4750972861343135 0.5003663423735151 0.5383277234951804 0.5289611098067247 0.5464862004074351 0.5181190451886216 0.5039947873792852 0.5633635970587131 0.5534508949633306 0.5700198898044296 0.5735119091143113 0.6203629807979435 0.5906158178169949 0.5911472134839554 0.5954863452464476 0.6065465250040619 0.5846432214872176 0.5988309115552637 0.5827757643320325 0.6400969790457962 0.6509351356291617 0.6835386746533963 0.6708104009578412 0.6506203398197715 0.6416433131417693 0.6620936249150676 0.6414813815308111 0.6036754811670413 0.5739365854596333 0.5533583342662364 0.5665989800477071 0.5369682926500509 0.47157481361660775 0.4809616008355531 0.43658510762136654 0.4692442093168912 0.4628865491329706
0.4584788385746101 0.41950784335786045 0.4188133426231276 0.4381495783816247 0.43213601277759955 0.4777754675392236 0.48848838325388905 0.4869549945872616 0.5178222002199927 0.5282063795116709 0.5187940472504946 0.5257802083157349 0.49980133626416107 0.5680785996979364 0.595415677350068 0.607469783551375 0.6007015493697139 0.6061828775795811 0.5909791294378641 0.5775203731572681 0.6094668398796936 0.6067074053500568 0.5931134696321123 0.5811862654858352 0.6135325881815045 0.6197682036390477 0.5884233777920438 0.6198454982465931 0.5987696958040811 0.6378347075865695 0.6042671154823263 0.5900202472628363 0.621212559223604 0.6074935848346528 0.5668105157167493 0.5482798737081456 0.5365092162297899 0.5125349424169305 0.45212626972990616 0.4164858813839549 0.42234880223703436 0.4588639568408682 0.4506624729947069
0.42927421081130845 0.4094289739998513 0.4079352655107263 0.4511179650966245 0.43646263340116687 0.4710933894958071 0.4904904252230972 0.48767206123990287 0.4800828165882262 0.4942561308250666 0.48479004894131844 0.5007876034777552 0.4905954633689767 0.5548018401691085 0.5896018538589661 0.6037800857264572 0.6433913801729062 0.6203694064560681 0.5700628618460674 0.5887325891281208 0.5853646964937808 0.6214525459644313 0.6113234368228433 0.6139819656402229 0.623970536040512 0.5876917197612858 0.599405713276693 0.5611588869802242 0.6057953469703413 0.610180679171568 0.5616248195604391 0.5706219843772233 0.5565719184157006 0.5706149350170572 0.5364414049300071 0.5613605368518938 0.5049258145112466 0.46062934094044644 0.4453762268497619 0.42026579664281977 0.4252117639166802 0.46649399085613935 0.43624492863249154
0.45397131052267586 0.4468714129549367 0.41248547428521487 0.4312975203390347 0.4269053581361899 0.4168839820749872 0.43826365099434933 0.43815867854864654 0.4243343127000488 0.4484685666343762 0.4355391496469171 0.49288684617651146 0.44678432369528226 0.5112261756278841 0.5630659148508174 0.5984222086340876 0.637224347012146 0.5997238591952497 0.5784171501951157 0.5616835107653316 0.6178737311936567 0.5980839004650317 0.5875079681479921 0.5818356650650658 0.601596420413729 0.5846706471480152 0.5457290869304611 0.5866084870151794 0.5716649996279886 0.5615508584580369 0.5606017765056639 0.5817009505882765 0.5682453421886424 0.55390690268466 0.5589340273812474 0.5481977863540222 0.4723803654202821 0.43120270619894346 0.42751258925541286 0.4696971623568954 0.4895848698716737 0.439761846819247 0.47076477731370947
0.44271612631045215 0.4284320169638835 0.43737378367471536 0.41716712644309045 0.4449500340261421 0.4300328387060532 0.4360645862225482 0.44011404649611374 0.41299318927025336 0.412229176822035 0.477096623907606 0.4800051257965303 0.4833953851510526 0.4914090160617617 0.5396538564729971 0.6001116840093285 0.6034172818901307 0.577075439657557 0.6062836971217255 0.5736967466468866 0.5901308615315245 0.5993881498083701 0.565724199839542 0.5724199751628415 0.5671913552746355 0.5320341172354487 0.5485668770769716 0.5545910295523733 0.5359941264729502 0.5376097974387244 0.5304153096644034 0.5742430141886646 0.582367905644818 0.5636712652413507 0.5064158779920637 0.5034499021002489 0.44189251897525417 0.4534437359384681 0.4430782444510921 0.45801943174554227 0.4614408574583415 0.43259988551690276 0.46161495923045676
0.39266070106560275 0.42024465586882404 0.4033474038160189 0.40042816956119687 0.43930039150558076 0.42576635209162167 0.40211124451189306 0.42797082199138964 0.411827933810586 0.4337352779027501 0.47142413194606003 0.4574556646801848 0.519056321964886 0.4881069900857784 0.550242721060379 0.574788370296409 0.5839808223722793 0.6060233995569525 0.5843225320758272 0.5875040628296508 0.55355492205733 0.6093232525260204 0.6122536902675083 0.5437896934703351 0.5346853064418716 0.5211348535716545 0.5194882305379244 0.5080688724992318 0.5045514867774473 0.5264078588920353 0.5276279599694531 0.5170807339214823 0.5280934943229513 0.5240331363174634 0.49404990224557543 0.48022449549961577 0.40031127749977746 0.40209191202587274 0.4199446966393735 0.42898180845899486 0.3967131790004064 0.40449731162521246 0.39915681145734555
0.37396975658373577 0.40676226028102436 0.37995721204975663 0.38972794752833023 0.41631621689449844 0.4121421254726498 0.46163371617044563 0.45120763292275134 0.43441164630241497 0.4808432297311127 0.4650520872572811 0.45965002213795014 0.49890844736596235 0.4926614287865208 0.5406007395040056 0.5595822459030051 0.579566113207041 0.5901645511963021 0.5991900658848165 0.552186053576533 0.5825525982928184 0.5826758876187312 0.5472416581663091 0.5145793738830908 0.523637358448128 0.5419203669723127 0.5199860439271168 0.5490073554043741 0.5218684448274293 0.5392088156618203 0.5486922519050087 0.5256733923333866 0.5038530101858011 0.4870994024497407 0.47767114999829924 0.4120752508823964 0.4010043717018369 0.40711444683237935 0.4288846456991116 0.4137332631044077 0.4006208380666663 0.38261313463185026 0.41296968278706436
0.3685578878311883 0.3748758520501659 0.41368478457512164 0.4023480153548361 0.37205073517878806 0.41909076349007246 0.4738911969459099 0.5042959752592107 0.5076576530541559 0.4968709281357637 0.4442544238509238 0.4744877236933232 0.48763368606416924 0.5172603237339801 0.4998755988213499 0.5662977931191598 0.5478190025272621 0.5807662332697624 0.5737562740805792 0.5837032785113425 0.5713146033273475 0.5606947260411802 0.5103490020286778 0.47637751812225626 0.49429438895284544 0.5122419958599604 0.5168824855003925 0.5036885976581748 0.5547863641717724 0.5651296119245791 0.5787102291313655 0.5294517588896938 0.5690622565940296 0.4713553007520084 0.42877268383796036 0.38437932963985644 0.3689344005965848 0.36635798514352336 0.3852496538500408 0.37049052887120926 0.37770409822677636 0.3674976722869257 0.4119257236793313
0.36198448909921077 0.39632712209294735 0.37860742704348016 0.41792963547024264 0.3996218894689086 0.4226179284499078 0.48660308369886707 0.5014460795293147 0.4867068596273666 0.5011749223605637 0.4505517997526654 0.45897569020414486 0.475398722825842 0.5281072776355512 0.5563294319719507 0.5570007075092464 0.5282107266398647 0.5461981837631663 0.591036614361205 0.5728984989540539 0.5389089051992305 0.558701497544725 0.5523841522637932 0.5000638172181073 0.523265468616839 0.5055421019547204 0.5351885636904339 0.5090202639066477 0.5546099027071891 0.56196799033958 0.5481876656726674 0.5335492509272475 0.5481091060926208 0.4981546829521362 0.45085772363980053 0.39501078030742093 0.3718462429568185 0.3884812511472449 0.36527692619976077 0.4010423279140979 0.3647358122792084 0.39245852358250016 0.3631043223476522
0.3581073849542831 0.37772016229494737 0.39561882245539853 0.4057436739406418 0.4622390953295328 0.4751227183935065 0.46260652240061617 0.47164624121087834 0.5189986614461887 0.4712878915840211 0.45698851227783704 0.45245487202971163 0.4900038325348199 0.5283751505621482 0.5595892374846554 0.5673039891238371 0.5301197233095671 0.5291681638881368 0.5803769474572716 0.5916403623665557 0.5451476239456937 0.5681921714923371 0.5375462622600815 0.5241805347545896 0.5482869230348218 0.533431688489851 0.5190101811416451 0.5338316355707622 0.5119081232474194 0.5007809620598522 0.5310590005550185 0.5257867219794665 0.5005974901836835 0.47713883402465335 0.40819461801440493 0.37204209328115784 0.3667634993033123 0.39285261076045425 0.3431499552512823 0.38216144571418187 0.3935398874206966 0.3898622557938662 0.3751067349413235
0.3328772557742821 0.3447340906203688 0.38469682503292774 0.400138099035888 0.43970119263162455 0.47096377490620334 0.49185661837575273 0.49262820994195083 0.5080452023482449 0.5158118573201065 0.4878552917932076 0.4913151957639072 0.5300015048431749 0.520893559158724 0.5525826187087787 0.5681877820727698 0.5586739331228648 0.5300807031486816 0.5729637526346876 0.5802865794038793 0.5258870168755421 0.5542841299973277 0.5508515070628582 0.5413157001007493 0.5524973275006128 0.5140828533409341 0.5217776580334721 0.5001338167397927 0.46658288394662245 0.4794146463555911 0.5224610501127407 0.5430491659381353 0.47124883974716475 0.44776548352610807 0.43718300628619594 0.3976499664806046 0.40840539590037894 0.3862886638086942 0.36790528441015247 0.40078817145714074 0.4085463239532745 0.3930181852764307 0.3808899466000015
