Raster_benchmarking/Raster/continuous/raster-354.asc
NCOLS 100
NROWS 100
XLLCORNER 1743149.7077749888
YLLCORNER 5469294.732109681
CELLSIZE 10
NODATA_VALUE -9999
[rows 19 to 37 of 100, columns 43 to 85 of 100]
0.5778174759614049 0.6366978348271826 0.6633689088861252 0.6849034015854756 0.6914798661118355 0.6595521024251668 0.626638067622135 0.6360176173895448 0.6608011954193977 0.7217356084555627 0.7477844815733597 0.7507900359606675 0.7625371172913966 0.7593521513010566 0.7380908277255193 0.7283929284812165 0.7386062600155745 0.7113165314659928 0.7446853618195378 0.7830390312883297 0.7623694483816355 0.7663624257832253 0.7758113722138733 0.7257506211651431 0.7527328970236482 0.7672252148379777 0.7914735323302724 0.7727814371234347 0.6869591230172596 0.664161660443432 0.6447894980416453 0.6204963751302228 0.6434977490282432 0.648226425590902 0.6394084120887218 0.6794654700801234 0.7137418643203611 0.7421051307345291 0.7355135700701267 0.7011096029672016 0.6561785185392538 0.6589014953979028 0.5936062834901441
0.6052781170151647 0.5861003129782018 0.5897678716652957 0.6526955814024138 0.6593770115943377 0.6175921902279902 0.6293478966398071 0.6511325894754665 0.6482766061824999 0.6605850851766387 0.708937579076479 0.6974846552544629 0.7333400779809186 0.7417713703378332 0.7814654691593687 0.7606653469638774 0.7672769991709952 0.7406967399055602 0.7660902569134086 0.7841910106470525 0.7487494439662612 0.7379783961330404 0.7533095779215994 0.7073141655424697 0.725138494006953 0.7788044440278117 0.7784007818323959 0.7140539598244794 0.685336248599383 0.6852575363168371 0.6655234453508512 0.6085130563109339 0.6340711489432636 0.5883875924611975 0.6032973248838446 0.6467066188845125 0.702157173741878 0.7248149658290918 0.6769332070633414 0.6975502246268457 0.6525462999540822 0.6234053618477692 0.600957998371242
0.5746181943049413 0.5584909054294175 0.5418538074646893 0.5670509447558773 0.6312608467390182 0.6222394926318452 0.6587247239066213 0.6700917643743606 0.6715835314613013 0.6393087109974702 0.6609637347109371 0.6705389522757252 0.7227340676913258 0.7853528965607458 0.7469413626338296 0.7282430828355981 0.7573101761009167 0.7949718689123614 0.7916177839052475 0.8057530357343888 0.7754529079517061 0.723917951965961 0.722605018236053 0.7110319510672183 0.7395559525315974 0.7733467237060077 0.7619828794598092 0.6971977758936039 0.6873077633023431 0.6535539861062635 0.6307663696847101 0.6099485415653673 0.6287619327492474 0.5881173215305141 0.5737996448018159 0.6127418336323265 0.6328673465024156 0.7028549718317991 0.6760108235205314 0.6593260119879005 0.6225570481173968 0.5985401403930035 0.5908790285180655
0.5748144663918194 0.5927755471042381 0.5705431624233863 0.625897134742623 0.6368718414023884 0.6282202549189428 0.6259733667496676 0.6362447579274152 0.6532855564700707 0.6475938082368822 0.6283128376517055 0.697435919497867 0.7274835177352238 0.7569319686331534 0.7748189516524542 0.7557863131151986 0.801597981655603 0.7698459385091455 0.7919408543078017 0.7874100806773906 0.8037992355124113 0.7734049746749234 0.7394529820723184 0.772050892672021 0.7378523243644423 0.7601187042310207 0.7353131427070028 0.6582277988667077 0.6437354376811574 0.6706446952437727 0.6253059292672959 0.6022650163417652 0.5989711175987344 0.5982990872964974 0.5884681155269286 0.5876458567599584 0.6394592354932318 0.7014151758946778 0.7051262810566724 0.7011599479779566 0.6463024974143331 0.6109576652866563 0.5860910301864365
0.5311303062202792 0.5393719980714249 0.6044178465265846 0.6011605799695902 0.6682037406917927 0.671243636306544 0.6257906984048169 0.6659037726436949 0.6122161641765073 0.6177839268097183 0.6894551744391052 0.7082500215006199 0.7117001011197012 0.7813491156498659 0.790898971051558 0.7709004209495662 0.7878627929022752 0.7932025400045072 0.78304543046225 0.7993082455675575 0.7770288193989567 0.8067250617131648 0.8025348242298161 0.7778940943694256 0.7387082584820991 0.6932999566373125 0.7078225879948311 0.6574562453235734 0.6472470535993077 0.6378588314588203 0.6151919856949798 0.568882706026829 0.5841344183287205 0.596234183898736 0.6010617616893094 0.6068173270445745 0.6380687744986678 0.693872250865734 0.6939868007615064 0.7726379135871431 0.7190349969852018 0.6707120971329349 0.6013526466029693
0.5386102857705206 0.5956350292905104 0.6044973745849862 0.6566072720811074 0.6618811956898458 0.6683640384885244 0.6381420114207373 0.6663723847417503 0.6196039066118133 0.6801254796305545 0.6936690869122419 0.7167590170872262 0.744904278718464 0.7777357000406838 0.7861627469051983 0.7883480344714284 0.7705009741661157 0.7695481583283289 0.8008554734945259 0.7742098818370166 0.7501185200075253 0.7882043060112159 0.760387246594867 0.7118824769805904 0.6926206713023044 0.6847860611978094 0.6595049139646635 0.634366659149424 0.6673783572334212 0.6485357032286443 0.5844304171471411 0.6005700900927041 0.6195790608588907 0.5994361401818786 0.6451936280633964 0.617758927572006 0.6689758663798187 0.6733228472152974 0.6964733337745287 0.7085288734511852 0.7209716394193397 0.685943010598631 0.6301283398255929
0.5669595181981262 0.5798887763007632 0.6409085756434882 0.6544084376177665 0.668791139373989 0.6729598700359959 0.6552051372767994 0.632012081032299 0.648734773542316 0.6699400718434573 0.6692937114627385 0.695219391111423 0.7085287266931632 0.7503563529060452 0.7641152143699392 0.8098908527212639 0.8179387486396018 0.8095108694928901 0.7484020020267446 0.7307652354478316 0.7347664136116507 0.7811764250082384 0.7238806112291776 0.7356258461665786 0.6973624754306285 0.6708380911826083 0.6934992036566204 0.6689003121487452 0.6490613233098287 0.5980056475064135 0.6087542970649086 0.6561502639646598 0.6487856763578337 0.6438815705460081 0.6236304835369699 0.612746920249575 0.6481344109937394 0.7164432957827226 0.7220663795669455 0.6769643929828627 0.6965021363440314 0.6793214586510111 0.662613743848317
0.5929426009302828 0.579212852213866 0.6017738640574567 0.5908437428517104 0.6125922153638228 0.6507647964064261 0.6270722171098946 0.6129452808567117 0.6757834010755993 0.6868824995113999 0.6964970305146414 0.717351361556223 0.7227587710990797 0.7869953769910689 0.8067494969956712 0.7942524894141288 0.7918531710898735 0.7431558028317637 0.7243651578060154 0.7310006898226252 0.701035257709971 0.7283569547479056 0.6824697356797929 0.7174924985540329 0.687656303028052 0.6838611054038584 0.6546753013597266 0.6237838127902228 0.6318433208985147 0.6247102281412846 0.6715089202185958 0.6819230950367402 0.648017885875286 0.6815880202284148 0.6512190484336864 0.668878146887467 0.6897158132392597 0.7436622025406128 0.7321063274638392 0.6863392246397304 0.6903197761615864 0.6682512884987475 0.6665277118253549
0.6152583401081035 0.5755223145289521 0.5913192291637215 0.6124714990346185 0.5953739840517083 0.6168485758363117 0.5932571206755399 0.6398490788386153 0.6883114266537514 0.6622209032177653 0.6968497494603064 0.6614669062523533 0.6873064777230417 0.7606945339178935 0.7967054980314794 0.7940488357359441 0.7939992236334831 0.7383203533782646 0.7107341063315845 0.7210291446254581 0.7219098771119062 0.6646424192655132 0.6902716612827319 0.6682268567241695 0.6458015622486845 0.6112127660662408 0.6183047392949408 0.6351013047661261 0.6389946932107858 0.6844489050756581 0.6844510340412664 0.7155087413250549 0.7008810607730612 0.6785014620940493 0.6640771770187017 0.6417564211295809 0.6752063061755551 0.7143640752486158 0.744551360229441 0.7233688618644041 0.7092258755291564 0.7317191140537848 0.6812165499639958
0.6033745751952181 0.5518836093143326 0.5515421774374545 0.5593993036992752 0.5594540710833507 0.5991873997088084 0.6006029016895764 0.6008969653060383 0.6660272728676735 0.6536041874584246 0.6705869323509626 0.6857920122214936 0.6723940618580091 0.6945152482526874 0.7652325704387559 0.7489349421533 0.7317461980255926 0.7307778199953213 0.7244426709081428 0.7511562976252217 0.7329189911347216 0.6695503676026147 0.647039510274228 0.62616571046693 0.6381512374400288 0.6293912869015558 0.6627297795972659 0.6681613758274617 0.674867359316275 0.7086384526864338 0.7308695828289256 0.7422413980972601 0.7036360704395525 0.6916668635108111 0.720540973122216 0.7004933664601073 0.691505313036134 0.7019127222630496 0.7276633049943381 0.7415201537371457 0.7210383393646387 0.6777953634275855 0.6541168386667986
0.6183391666277618 0.5542850621112132 0.5431247481251859 0.5892829081376993 0.5561336121188316 0.5440649200013741 0.5832262058514504 0.5818967477378124 0.6030605779374125 0.6559955976904612 0.6888685693045765 0.6631364612408738 0.6921483992800923 0.7010445141025229 0.7239620902323608 0.7237645827253067 0.7109000134733652 0.7439544788060896 0.7259518856724857 0.7675844958206558 0.7103039283286624 0.6791500744547755 0.6849963688831903 0.6302685303717974 0.6714047157163925 0.6765408095782893 0.658458718551172 0.6254381484452309 0.7037122576645944 0.7221904450661226 0.7455780339152172 0.7241163405800922 0.7581254977047089 0.7426682552128517 0.7672233354233732 0.7393644492126933 0.72468069970484 0.7207668039590169 0.758519738999651 0.7721029227276689 0.7356120951451429 0.688718358165028 0.6894612617525804
0.5903398872604045 0.5801818411592697 0.5707941801491117 0.5294781601897117 0.5078389415621207 0.5623118920020508 0.578807110139513 0.5744156801638339 0.6051235225388676 0.6783560908729824 0.6736975195802716 0.6755172722352688 0.6588892239267244 0.6810785515987381 0.7312320713216823 0.7391635551880622 0.7221531634369545 0.7062969418538835 0.7402075780695843 0.7228789288617716 0.7123972067062344 0.6862038566962826 0.6891669205437303 0.6582884778316718 0.6556449700683007 0.6871638565450503 0.6796539028093739 0.6429198474067163 0.6767870955399785 0.7453036652733628 0.7500180484270814 0.7428781675008836 0.7570618052375077 0.7663194571281586 0.7486949598511033 0.7753984852763266 0.7634658986458116 0.7768422734640642 0.7767097403535672 0.7474912478344226 0.7593229231345164 0.7328117727872091 0.7011773815732001
0.5696115966718474 0.5422397125575175 0.5519324399940236 0.508293756576603 0.5108332592253885 0.5040649200107878 0.5719436133943071 0.59054851897688 0.6452822345921925 0.6729296016350513 0.6471722035176374 0.6745537485361282 0.6675875211245994 0.7018185429011344 0.6827084190191507 0.6866902652932628 0.6811172500116296 0.6895720389409568 0.696629724180961 0.7374094994175263 0.6889756064148376 0.6905280383286843 0.7073806157817247 0.6796850697597667 0.6578880599858824 0.6959239795434606 0.6761553176019443 0.6398807351039065 0.6661074329275694 0.7523293177530994 0.7441912839941304 0.7554034795287434 0.7160529023608664 0.7421462250235766 0.7890083377965439 0.807814500089347 0.7672218933187305 0.7661971485362524 0.7799175671017634 0.7742173911744327 0.7387430936674239 0.781781060219588 0.7681424715633773
0.49099677945217163 0.4811855604997464 0.47761616986008987 0.45760584987557623 0.4563794897574284 0.46659584194053044 0.5082887236098397 0.5736414556276462 0.5965717792483188 0.6456413951766912 0.6338424391672254 0.6355386036127734 0.6886759241331026 0.699829853003406 0.6733838774907686 0.6800694265416886 0.6692124537872286 0.6936045376325033 0.7222768076754067 0.7468008188042158 0.699981582064424 0.6942633539813952 0.7167536139934826 0.7256891168966418 0.7079266763649492 0.6932779976447355 0.6766935557559168 0.6522596897852888 0.6798801638180751 0.7447427090317874 0.7321107402699233 0.7351051109237126 0.737126797215392 0.7322552539806324 0.7672243377475648 0.783724113796568 0.8079781545355904 0.7403622684114625 0.7486574336915205 0.7498012029196666 0.7593305071734998 0.7595110540296668 0.7415494601551905
0.46513049332843426 0.4849284685974753 0.428430534964402 0.4702862910173727 0.4393077990893936 0.4618115007119616 0.5257785004690285 0.5376205203846014 0.5804224052637598 0.6302807312678884 0.6211329896103185 0.6710536243714358 0.6951224148250097 0.6436958697107642 0.6733929713492318 0.662341588675691 0.6364066728166039 0.6631225345201786 0.6676165911959201 0.7139129858802101 0.680197473786967 0.7075633632947979 0.708926544445798 0.6971038077235527 0.7263367689451675 0.7246668713960549 0.6931578199688153 0.6850790580220496 0.7360144692022405 0.7277094787181404 0.7592153622748045 0.7835512997509088 0.7713629028031479 0.7509233772315496 0.8198402133349053 0.8264905443204393 0.8091174578274459 0.7639129025213703 0.7680698950209811 0.7833976637928782 0.7372798834734675 0.7347927528764928 0.7530996048034054
0.3787835517601324 0.39938836157158286 0.4088520885923836 0.4360731599913919 0.41673746605673134 0.4508453409879323 0.5365889765502783 0.5718051823110438 0.5863353316231423 0.6090615550112336 0.6303397325946237 0.6345784803801905 0.6644185826864639 0.6394307739726167 0.6346177190677703 0.6169053007833818 0.647787524685891 0.6834025488464709 0.6721814251573824 0.699588030836254 0.6553679124550574 0.7104550517688509 0.6849013919087878 0.6673399946301234 0.680652030117081 0.698834755562316 0.6993439214921457 0.7297292729015618 0.7375621565417254 0.780727024481163 0.7816927181510276 0.7446347470020416 0.7929786066195286 0.79375280920531 0.8248132579399121 0.850325440137005 0.8107060688008102 0.8070900934854319 0.7723482985284857 0.7665487713855044 0.7821273002366458 0.7634796570388082 0.8296590712092277
0.3353210133646251 0.3961320090866435 0.35936567246720286 0.3726505175368359 0.3925728682246833 0.48470777571525686 0.5567431801760498 0.5823292109575385 0.5834332389143964 0.6159298406981509 0.6459399656750251 0.6750824862470188 0.6635179625060705 0.6166528972165496 0.6177823244751863 0.6164472676931028 0.6246573650527918 0.7002133240606704 0.6926493695837209 0.6475822917955382 0.6885560295415072 0.6762078497570153 0.6576790204630625 0.6705272623163462 0.6730116653289906 0.7021500314979531 0.7414800452936124 0.7742675365034845 0.7732618853936616 0.8128097554550289 0.7467453187572312 0.7406868298780466 0.7603753162222534 0.8059490210653901 0.8160875147032527 0.8278699404689114 0.7883247178910501 0.8089096016809422 0.7928180530510074 0.7544674781083761 0.800536940357322 0.7951300810496572 0.8037990762915693
0.3129305558356682 0.3447676725612456 0.33858032794865245 0.36494738107044805 0.39529483337164395 0.4521442763416191 0.5411421677443663 0.5972262885639027 0.5795403062814817 0.6155139523153718 0.6388210901426046 0.6299552921999346 0.6624693588650893 0.6518677556511234 0.6384633624083722 0.6762223548996528 0.636286368052982 0.6757406118591366 0.655042437921861 0.6453910593182421 0.6722967215242298 0.6836034683829719 0.688274149083365 0.723672138253604 0.7272596257572508 0.7733138598210123 0.7919896307225538 0.7823940109568471 0.8316347919611995 0.7812586177966598 0.7580571043410201 0.7254211140038226 0.7544722732165141 0.7483316506692107 0.7680514526813769 0.8024324498965453 0.7820585164371401 0.8016015650688664 0.8165267563988786 0.7723973495681191 0.7720109624516991 0.8029278732942898 0.8431027376085352
0.2763325252540835 0.30451429859295304 0.35598958426166705 0.38228861730421493 0.3982491105465138 0.4132615483163231 0.4872444405363495 0.5673493442095827 0.5566793196226852 0.5764771770855007 0.6397949462477287 0.6414600702626861 0.6235823291604375 0.6697726842650626 0.6442239235921994 0.6878831601902784 0.683955726150998 0.6616460022912357 0.6417904563153211 0.6359468402912999 0.6561999812766356 0.6891757960111914 0.7376819451379201 0.7452342348049424 0.7933044202518073 0.7999275652124271 0.7885892666194415 0.8331354180989591 0.8175004349985466 0.7943798759995151 0.7538326158678863 0.7633482724079166 0.7228694394949543 0.7653470782539455 0.7500246111056957 0.745726775364744 0.80573093818969 0.8038558801636987 0.7920650901336815 0.8119322105097134 0.8167375090851902 0.7898435720737339 0.7942927877914802
