Raster_benchmarking/Raster/continuous/raster-106.asc
NCOLS 100
NROWS 100
XLLCORNER 1743154.3948533516
YLLCORNER 5469290.419947216
CELLSIZE 10
NODATA_VALUE -9999
[rows 57 to 75 of 100, columns 0 to 41 of 100]
0.27704569071206225 0.2361402622549849 0.24315777316886708 0.22889539186208863 0.21824848343648906 0.16929758771441228 0.1708024462084664 0.1370951693591683 0.13527610993811398 0.10588667091467412 0.10409372164128129 0.07777531508673048 0.1043650427087731 0.09842923747559651 0.1334472863893051 0.14479776503773867 0.12702683823384633 0.10524909028974394 0.09276605920385923 0.1308883114583971 0.1654452052163716 0.1426310992740996 0.18929842178092374 0.20566447232847865 0.1993805294847347 0.20310919176378028 0.16337064511591748 0.135166427187143 0.17592853597675864 0.1785081691955308 0.16510407594448612 0.1691626639661892 0.15743106491608672 0.1423274285807429 0.11603873175268467 0.12664058367420822 0.14526708647848202 0.13390690749448117 0.0957703528676635 0.09541621190629958 0.10739889755434642 0.08177816793498488
0.28262597605020046 0.2382785013694786 0.2318964633441801 0.2155324637810691 0.21728993944740346 0.19028114020252165 0.15846657613850104 0.14535929822576707 0.13547999815787087 0.12649581966734802 0.10638106268900552 0.10748456872827067 0.13623503882046745 0.13431998309190638 0.1464351725110323 0.1716325505312638 0.1554983751768313 0.12795295892025063 0.11704754383631122 0.14574806241637983 0.1487710713104917 0.12745315529434145 0.1561314933264534 0.19738992533273758 0.17249476847740122 0.16470326724377593 0.14476052218099741 0.14406431316286003 0.11568548562581395 0.16156718091452665 0.17032932973461687 0.1210732019663802 0.11739655669859146 0.13281982084767774 0.13129539531607504 0.1259680842891341 0.14801349977010714 0.13136434288073076 0.11894235985640467 0.10105106960254633 0.0909705814927813 0.08875400064714774
0.28442770901209263 0.272813572843709 0.24673786930427724 0.24148040925613634 0.18718307564677417 0.1600219990035994 0.17926003839512697 0.1640081153567726 0.139904824581219 0.146106438986726 0.13651982288033304 0.13259248261754691 0.14219392546146487 0.15575942124406478 0.15520691284039284 0.16727629613196157 0.13890141785574323 0.12845585955707503 0.11477996261721725 0.10660284882118537 0.15288550863350278 0.13602388316758904 0.14832368388921904 0.17235137823795557 0.16451153840896282 0.1636551563931292 0.12463580164797715 0.10987847257957356 0.12365455302930688 0.12676463724199172 0.14676235723573006 0.11650433588176852 0.13655519473289712 0.129442335149201 0.14196060402647356 0.15278348618713336 0.13132256654114338 0.12855313732230197 0.12928799541769462 0.1032044719627622 0.09204778678202666 0.055458336891027527
0.28824794466251863 0.29329296931822435 0.2553386889587067 0.22957698727959863 0.20954974409874066 0.1929477662085394 0.14367569015501533 0.14063144821192697 0.14248395792755147 0.14121707243788473 0.14219865245966842 0.1181024367151586 0.1379945421318942 0.144947837924893 0.1297542880255428 0.12052074865152043 0.15092754918884546 0.13443664200161795 0.1544564145780595 0.14049261551121034 0.1340505475782957 0.14692116332740576 0.1737560287102841 0.17943698788714832 0.18479916665233104 0.17236646051272966 0.142002428410735 0.1288232858167407 0.14050660135443566 0.15132568124816329 0.13019874104371565 0.1402179573232404 0.14502130885015108 0.12583616948167523 0.133227010865237 0.1317137819971967 0.1384002615888851 0.11816071717930955 0.12031811189243893 0.10409979183062 0.10122807377319715 0.08142710652038578
0.2655860093806427 0.2762181983317316 0.26113104268538745 0.22154815950370876 0.2160684763161074 0.17600328570192092 0.1389453604992219 0.14461612768864301 0.1542583046427581 0.16300785767441653 0.13365577260504863 0.14743740796512012 0.11769526750119541 0.1056671284155381 0.10980780689407658 0.11367673683872298 0.14629695120280267 0.14426275049357817 0.1487443275273834 0.1742781288196527 0.15277154875298582 0.17517814954767527 0.1835029214847481 0.1732931477459077 0.1927726628756589 0.1549050806436063 0.15870021781571306 0.14740190400570571 0.17578627705685676 0.18907230036774925 0.18118327578402593 0.1667560514494204 0.13481201816182592 0.15131393939505056 0.16756330396372526 0.1546120977502331 0.12315459616073303 0.1050858347510403 0.11797601489345322 0.10195578951196571 0.12302085761381373 0.11048854087160705
0.2632407970603507 0.2794933486367149 0.23568921359483078 0.21158900424259913 0.1973793271559049 0.2142979172912257 0.17091408117147283 0.18769205889179738 0.19857129663082312 0.16955827945051577 0.1584014103177062 0.16520468921425535 0.128355746637209 0.14218544465918753 0.12322319529187171 0.12250454955968804 0.12589980291325545 0.1352525033552748 0.1360050805733542 0.13781227521154563 0.16054809223633368 0.16995084000546745 0.18548977892963392 0.182129530686522 0.1692855833177871 0.13190499070040146 0.13966611272982418 0.1436279977521472 0.16094745825060494 0.15335406307293603 0.1766079908240639 0.17894848375351954 0.15697965504386022 0.15484877507513825 0.1623100639164872 0.13167682645743004 0.1180165907982297 0.10144347558724054 0.10454040099262751 0.0998155037344477 0.1207959784964732 0.10829749503693085
0.2741101838845745 0.2677041859153763 0.2471046718795012 0.21219915968088982 0.2439716057274267 0.2276516757019063 0.21723771610882878 0.20648183563285183 0.22576919201393425 0.21991938154618132 0.18299457583444245 0.1688824378702742 0.1388577947348708 0.12355027659114778 0.11985188545799011 0.1253061858648775 0.1505795186126223 0.15165825039180988 0.1474242196651853 0.12411567809200508 0.15362023150289497 0.14041040103707625 0.18863096520655698 0.18104858692765852 0.17005665051949664 0.14926671141482206 0.15566971666541127 0.13766702435616737 0.14928561866957446 0.17763680947870722 0.15308999170303508 0.1587480809678167 0.15687562221635695 0.16795947456388163 0.16168848357409182 0.1300435030187953 0.12634361864439447 0.12551822576919072 0.09747897360011543 0.10412025405145867 0.10427311693174382 0.140155555322681
0.26133934293922817 0.24848321814587754 0.2625293074094957 0.2645980399220603 0.2522263438183677 0.22136785057026845 0.23290333047396103 0.2529632799237976 0.2542774411760339 0.25957507482380326 0.23379327045907355 0.2163912011144493 0.17520653873727796 0.1297037975540052 0.13726372044489962 0.1320830619944053 0.130327386852246 0.15058588927883937 0.12067933901989758 0.10893451823371275 0.12378363906097176 0.1528579016524883 0.16167086960876223 0.17685435404747107 0.17818513059909247 0.1802460753182104 0.1402984204970635 0.17562196554200746 0.17498925261363385 0.1591158459581025 0.17332430361643875 0.1846126944097926 0.16025886094717337 0.1841834676217772 0.1631170462314642 0.12005039183119484 0.12230019815261356 0.12414113933637827 0.13290679383240345 0.10733565105591636 0.11745110679216979 0.11949691484436757
0.2596110550837684 0.23920256023072195 0.2653705790875154 0.2633182876889174 0.2642016756307698 0.21711028857098982 0.2462904016628922 0.2596119140022113 0.24971604961404192 0.25297578238919893 0.2398209064962349 0.20266308921597576 0.1763496791596364 0.14593569100533668 0.12850158811782583 0.12349899027720669 0.1332013410326242 0.11844521409634415 0.10163112674262148 0.07246860012608343 0.09065725560318645 0.10328066317172818 0.13005862818450367 0.15403734442924294 0.16673187900291844 0.17970358395569827 0.15291689733646452 0.17313450628158444 0.15955689948086188 0.1516116677007564 0.13341428157873939 0.16005805781395177 0.1768378297925807 0.18098654428340738 0.15623714005273057 0.13364733718357882 0.10052049281148184 0.12606336127507664 0.13030034936129295 0.10409819003609236 0.1450020459144485 0.1392317968859053
0.24254358856704006 0.2553384348865528 0.26643700472712495 0.26325536205414496 0.2628665095994487 0.2696909535183808 0.261591495607101 0.22499465078943753 0.21825027686604156 0.2197016833605884 0.20329087794570153 0.19125649948252468 0.163707688852412 0.1570694668632747 0.12935926967273306 0.11944509206659407 0.10769698994539056 0.08495276080916075 0.108741034945862 0.10971869378262225 0.08123200040438396 0.10798221329223819 0.1076654215901167 0.12549512316040107 0.12075205535349612 0.13786063487669456 0.14928497229504697 0.1651939380667406 0.1368795570382913 0.13923258721424506 0.12994219775268318 0.12498272515971583 0.13619854980046783 0.13383984393264067 0.154952651525039 0.12869904266887428 0.10575631446574764 0.10834398051067586 0.11374734714949884 0.11698855738516714 0.130441057172462 0.1330529246731289
0.23355596897614497 0.2815777804528047 0.281811505727239 0.26593802178293824 0.2733487117165122 0.26373286813913815 0.2586785169517822 0.21769150777680335 0.2361033941233461 0.20749493809690486 0.20382305888393631 0.1885903916878151 0.17026063816060497 0.16138948317245366 0.1621765332888894 0.1582269616306416 0.10852249449521283 0.08255821726237621 0.10317700966244431 0.09970008957390472 0.07724499689775349 0.11298884161291983 0.09984433292476576 0.09191405045575046 0.0975761808252401 0.1350822920556282 0.17047729953858518 0.16966189199869966 0.15351838364576728 0.14229257503749068 0.12794832256149394 0.14182461567571536 0.1460203529481241 0.1343816486685054 0.13190941001084802 0.10166283902613171 0.08347642168994288 0.0867937892906248 0.11716261472810112 0.12176763991483279 0.15669693062244913 0.15209863338280788
0.23290026875214948 0.2651414962179346 0.26590611821167404 0.27669324819396995 0.26510815449733677 0.25354893759813385 0.24721474724254816 0.21949898160441744 0.22901932484300355 0.22856451126300908 0.2365518493385883 0.21877010078160083 0.21727006472921195 0.19025734525005097 0.18931787313772813 0.14630895241827194 0.12050013288377459 0.10221912918110777 0.1110948402227185 0.09989267550052597 0.0745513884522714 0.09223581629966711 0.06351595884408257 0.05247575417208038 0.08095108485509689 0.09275931469673367 0.15449104703243713 0.14772077043165507 0.16226841654193777 0.13292686973383708 0.1331537908742122 0.1597541965187869 0.15747112315522083 0.15803342689161834 0.1131682249671762 0.10948941150330958 0.11710194483083548 0.12407413132777372 0.11320815171887 0.14087779828319924 0.16155914851395142 0.17877393427797286
0.22485043908225377 0.2287349443403841 0.25084302674634423 0.25393591883291516 0.2448476920061969 0.2650163031014063 0.23816805329396087 0.20257352818846705 0.2392842658946412 0.22681684633853635 0.23283899783478548 0.25797493634225643 0.2268232230717814 0.19036285830317554 0.16892926376772677 0.18660875086683748 0.13423290635604262 0.11786394065853373 0.1042647744696711 0.08937674110304165 0.0945306890456713 0.06573255787926528 0.08361968489753992 0.06274969419158732 0.060305965471984864 0.08398225754332389 0.1105848189984246 0.14834597475648684 0.11028077112921693 0.11022947641710282 0.14898861276549266 0.149787875072755 0.15514830210143363 0.15361197767400644 0.12428185081478554 0.11962200549535834 0.1395723453310276 0.12635856146725585 0.13669348148539248 0.14200408577073234 0.14906005015469126 0.16092235134958918
0.21335962367515038 0.23771836506575436 0.23228652478153222 0.2629613332441056 0.2624968766275874 0.22676344918156716 0.20885634829116706 0.1993676334606695 0.22430575520508114 0.20689053243863567 0.1998670919333825 0.22881653086032885 0.17993895549915334 0.16660272714051735 0.1909081379832718 0.17589896526288842 0.15058107518669767 0.09439480406848635 0.1019389495655774 0.11714830803365758 0.08615972687549005 0.090484849842614 0.0592562799801264 0.055482300715206115 0.08425692814291673 0.0764101836304925 0.12073162089749906 0.10096275285847847 0.1059125761056844 0.1197525786391597 0.13485669132516548 0.1433900627929531 0.1171796953849007 0.1290643645032035 0.13369242503921405 0.12043524904077144 0.11970484658966668 0.15003641200615278 0.15968886436202406 0.140040087372969 0.1637299664701129 0.195059918017053
0.19612635131219094 0.2201174282259788 0.23195858852027862 0.23589568030946342 0.2174868737897223 0.21987722478082636 0.18020460757648044 0.19342785730906834 0.1986401168728517 0.1978993570803165 0.17642049612095653 0.1898400718748796 0.19143454197682827 0.16789392119862295 0.1696295991059466 0.14488468954454542 0.14465447167689074 0.0960660559561389 0.08430654042788636 0.12267597111440141 0.1200142158631859 0.10614947082957761 0.07393987610605308 0.044932252806399384 0.07785965298848681 0.09367853068797173 0.10511177298689026 0.06903403584674135 0.09089587734024686 0.09689651490392018 0.12833232389452184 0.11921462394712654 0.14382292859071893 0.11444775696340252 0.10679039533880678 0.10989980098853004 0.13028479597111772 0.17663754369009368 0.16290063882115194 0.16147887222910473 0.19171066174872822 0.20812456045558153
0.17876748610206686 0.19614631222470844 0.1918032471917345 0.17586679873158817 0.19775086392712282 0.1809782042203685 0.1460071143714682 0.15137772055327536 0.18986395275518717 0.1866493876560579 0.20307971816632678 0.19444981130099487 0.1960639692782241 0.17557348575833986 0.15635885216621817 0.13442114941010133 0.14374201837308087 0.12003928525308617 0.07777688555411263 0.08870798206916107 0.09585545520103338 0.12027064299601666 0.09510668966281756 0.07857477740756062 0.08047690534902985 0.11144448988330125 0.09273803003485626 0.10310326192083093 0.1003622463136101 0.10796903102741602 0.11280335859140943 0.1330858415430197 0.15902781081303333 0.10893760081640944 0.1079008557189074 0.14793009079257835 0.14395568206253906 0.18289231242820075 0.1866126254309514 0.21894401254783616 0.21223380585165852 0.22177591810262576
0.1558330547215122 0.18186508939826138 0.15284998300933297 0.14746905691706827 0.177501373074581 0.13568721625244518 0.1406124718274485 0.12612708200103626 0.1608175580632104 0.18317078849961585 0.17072918400676385 0.21125456968322465 0.16040346546547646 0.14302023501655722 0.15613476565397816 0.16830395203247975 0.12043598232619977 0.10523658861922547 0.07646785168126295 0.05991902532189467 0.09007750512354057 0.1130102964269972 0.06496695518266636 0.06142292157698633 0.08290885842610152 0.09368048554940614 0.08156031639212878 0.05939070476395912 0.0707284724656252 0.08952426847843596 0.1280114923950772 0.18156030977049686 0.151172042760645 0.13494235636742619 0.15834052446886943 0.15105718055784376 0.1549990122680534 0.21617154750878972 0.22351513810608342 0.238762578793092 0.23915435411258595 0.25060706772390545
0.12018635851243895 0.14347891020011602 0.1441372901850219 0.14003953802116306 0.1525535419755029 0.15956636170316976 0.13514125806273383 0.1311934993212088 0.14969841476055779 0.17909677264075358 0.1645813350502822 0.18740939976040685 0.17903185150114984 0.12445268252537185 0.13222741757566808 0.1230124171898605 0.12777352410038806 0.1056512675123252 0.08533445969489221 0.07495406092555716 0.06992239645503352 0.08398337268254312 0.06965436372636714 0.043153707344376145 0.05781492471628645 0.06772802117171545 0.08029391767630994 0.08488751413952009 0.11897791401389896 0.12827270517536632 0.13066597366924457 0.154022802470585 0.14876440993050888 0.17428937444722728 0.17616387087168559 0.191379010184572 0.18523417492801947 0.19912425241106976 0.25470704615619993 0.2531408718585858 0.23836660084917563 0.26398838423315024
0.13310139441091492 0.13823262010099205 0.15420576653541482 0.15639073743800172 0.12474962126469716 0.13256748515410496 0.1196986953666526 0.14621515876759497 0.16140751044008106 0.16836655779752407 0.15007073934897147 0.16933008293444365 0.1681349425950447 0.12212753491118046 0.09902265014490248 0.09211253262105504 0.091137386212984 0.05824776468485721 0.04908016429064993 0.051650335333937515 0.072201741917835 0.08227082985684166 0.07420610861445277 0.07062841155590123 0.09153533455097489 0.09276156473472265 0.07063530004623828 0.11636081278437116 0.12732813859491265 0.13101166252137852 0.14704406602128267 0.13981791615654618 0.1675386528840873 0.19261875903927725 0.19639504212511275 0.21986307660373178 0.19912127037738372 0.223847720890478 0.23473503865625436 0.256496307217253 0.24724505094563076 0.25413644150760484
