Raster_benchmarking/Raster/continuous/raster-476.asc
NCOLS 100
NROWS 100
XLLCORNER 1743159.3431403786
YLLCORNER 5469293.614509872
CELLSIZE 10
NODATA_VALUE -9999
[rows 57 to 75 of 100, columns 43 to 85 of 100]
0.19732772305029572 0.20187129945642057 0.15942533450993462 0.15424227917457597 0.11562142682654322 0.1353506708393449 0.14431555264592794 0.18344781174803462 0.17699480452521066 0.2041572037467674 0.20601494192546463 0.22150703258689658 0.23284562302194478 0.2326954452114528 0.29113524856730005 0.3057375243095752 0.32281121872633695 0.32964836873347536 0.3440565864741303 0.34550960132617936 0.3619555984107075 0.40270168055897376 0.4711880890760227 0.51060766427596 0.5282423481008598 0.5526551452188193 0.5599581693438938 0.5468296944449499 0.5886364484974576 0.5761457857433884 0.6184872524348224 0.6293664221910099 0.6754274459355456 0.6901538951725767 0.7090757581508623 0.6800717056514203 0.6976571706470336 0.6825539308144256 0.6809514756533314 0.7170088859869199 0.7158579671827603 0.7154767442598614 0.7264116536421901
0.20948571287823267 0.19837487850534333 0.1771659033514338 0.17766669729155452 0.13198912390110873 0.17049169938666833 0.16479637511391937 0.18950992424123414 0.21680974607837958 0.2018705193116269 0.19400654917645263 0.21550086396231843 0.22343927057744814 0.2544871125260202 0.2897559402406425 0.3035303948631655 0.3261463877929107 0.33275344780457006 0.320627485585848 0.35423683324518496 0.3905886141152172 0.4165137072561638 0.47517481696063263 0.5334271201683207 0.5481009996746403 0.5530872150323115 0.5646063727973464 0.5726934808953968 0.5931553154099263 0.6093037598189313 0.6151559413257005 0.6186744158544141 0.646748521101273 0.6692493379321514 0.7097859768844468 0.7041181543218384 0.6750158233782361 0.6793986401852931 0.7253222282576726 0.7022307900884424 0.7105724502603862 0.7212667969720895 0.748022758444935
0.22928514103504924 0.21565947410199757 0.19379313609885757 0.16712562057868022 0.17972189650702156 0.17144807181666694 0.19201232373635094 0.214214934430285 0.23093643152999802 0.22734145735427863 0.21283448396002172 0.26463449186410637 0.2513894368132119 0.27322261110460233 0.3126579630342476 0.33270280734390967 0.3211965585035891 0.3223965251050432 0.3552260419032223 0.3692445457870931 0.40392549480359174 0.4375013364857589 0.4596814374166258 0.5222613691092486 0.5352249657292693 0.550560166727435 0.5486079441449582 0.5669584424795061 0.568059175741999 0.5946417139856857 0.6148234287619723 0.6544778238345852 0.6577279677856142 0.6737576202329143 0.7013190312937438 0.7100410628677827 0.6794709855583683 0.6999344805213946 0.688055136072344 0.7187538621830954 0.717209690453249 0.7375943432512748 0.7593295094393244
0.20078681244495425 0.21542003379618002 0.20483066496002575 0.2010465570244557 0.18875840701290433 0.186614992358384 0.1951643183370486 0.23042884563029592 0.2042728131805589 0.20688604708307273 0.2512972993496873 0.2999405763621379 0.3193797688942824 0.29585065716978043 0.30425094693353244 0.30988980733722327 0.3349656855413463 0.33042447257382 0.38021141571990624 0.3920982560271299 0.40287433974664255 0.4255469174985589 0.442517518658036 0.5152524361241823 0.5501801895630453 0.5502851512490742 0.5523011177191306 0.5640957191558625 0.5996884241031137 0.6111508238441413 0.6297118859418908 0.6494772796309998 0.6632328745327405 0.6643894623988776 0.706453783134591 0.6840093507129257 0.6770999306857125 0.6912207655688902 0.6691970794468415 0.7181942507167483 0.7125557343491589 0.7105825925908672 0.7314243760534673
0.2082346049667435 0.2100300081848287 0.23629113433867005 0.2415019089802392 0.23585446556154205 0.2218910381933795 0.22505168037337406 0.24092476218974976 0.21155518140337767 0.21909336308107807 0.2653696736279869 0.289031411227034 0.3029997265869528 0.2915508346754828 0.3135698948513346 0.3097049691508859 0.3119517918094809 0.3457494056837544 0.3674671446960564 0.3881546745444005 0.4031681514404972 0.4375404439219582 0.4482672422045064 0.5211243511253979 0.5435552436699059 0.5589407358341785 0.5825005807473727 0.575170476262119 0.5901188594498362 0.6358882124679271 0.6221641105397575 0.6631062356690972 0.6594203838653561 0.6527440308595192 0.6494582231116321 0.6790104155770381 0.6469752009744468 0.6736921735854395 0.6735338618339782 0.6921456903424222 0.6967028142623259 0.7082617919951103 0.7006625755592595
0.205798210871405 0.19611456308216244 0.22591595862130476 0.2454265825136415 0.2624225224655803 0.2532018969481242 0.2722207543564218 0.2695837893619865 0.23967265588702374 0.2649998842031814 0.2603351242174193 0.27237405871701875 0.2790803780489317 0.311235706451953 0.3377603153197884 0.31588494602142225 0.34219091317121747 0.39371614759602824 0.3961713597241596 0.4107082440775539 0.433512629112886 0.42017341835865346 0.4550820266216881 0.5271756462524099 0.5567540239372631 0.5718038021680317 0.6003287519220672 0.6024074993567685 0.6013942100246007 0.6320103895472808 0.638213448915521 0.6532690899821437 0.6711816705046433 0.6540172590757956 0.6397613090983847 0.6402604979601159 0.6412099823492239 0.6640550667364059 0.6588496176152657 0.7004860335856311 0.7217885282709088 0.736260104084725 0.7259322662063791
0.22756012010017684 0.21183834720089031 0.23699837227060344 0.25996522212233536 0.29307329265432713 0.29283741321700385 0.26665828417389953 0.28605825039703825 0.26723577551144745 0.2712050370938004 0.28979462695268604 0.30653772523124806 0.3080555727382689 0.3248594577796471 0.3647083351506976 0.3582963057119846 0.37144239140173163 0.40652268538310465 0.398455187000189 0.41841687278719697 0.4338919868515201 0.43512212488581004 0.47174965833563304 0.5215601147954982 0.5474522702412096 0.5805386873022328 0.6237554328853732 0.6248889785310032 0.6585063971149465 0.6355369676849392 0.6611068734365844 0.6644370785427403 0.6859893308887716 0.6798014799259015 0.64730277336214 0.6233644152260088 0.656731709681418 0.6444269128657146 0.6918501216167285 0.7147596491372976 0.7241355821964068 0.73204685844247 0.6909958849508075
0.20513408108737258 0.23551044245658745 0.22300089735109813 0.26108640163153496 0.2761574624965677 0.2808442917799197 0.2900221708313066 0.3101538393298564 0.2788195224606621 0.3009343246834427 0.3086783660912401 0.3040325213459524 0.34226277429490204 0.3579843834196704 0.36371295730696035 0.37728909041051994 0.43096233813980667 0.4371058191946686 0.4489610214412315 0.45892916855996896 0.44186465046206297 0.451048169621609 0.48441120313815733 0.4997707536653679 0.5124635519484639 0.5956865109510694 0.6218483882854093 0.6684083186909047 0.6928961212362256 0.6621972718531524 0.6873313568462177 0.6671225392187655 0.6977976389839287 0.666014270640635 0.6518768367017636 0.6609232010744784 0.6377410842601525 0.6846617632386011 0.6971093938965535 0.7127762362697864 0.7186079300667203 0.7278165920640695 0.6793445824765689
0.2376076738225911 0.22546061212961702 0.23283213057202132 0.2805546657985124 0.3179278938642432 0.2956435848054272 0.31229085878702467 0.32614915561859753 0.32205902454571295 0.30098322206927514 0.3379268834712964 0.33078115615110193 0.3411254590507701 0.33375516818209283 0.36384941341412425 0.4098853279396142 0.41554992353959086 0.4368805659634621 0.43878867724642107 0.46909508201833044 0.45564688892491423 0.4466528748305917 0.4600683892730932 0.49836455284404935 0.52928863529904 0.5963208661139183 0.6374455483871135 0.6850399687428658 0.7065162260651676 0.6985082211059874 0.7060376276117059 0.6791164976854077 0.6972611852022039 0.6950241516026212 0.6875969900175268 0.6849471831707259 0.6799065396415142 0.6849785538002284 0.7122547036528633 0.6979609640305452 0.7079384458641206 0.7130568580782105 0.6855980174400823
0.2572222581582021 0.2444287061488311 0.26937138548781525 0.29136241816420627 0.3451379429788866 0.3318171686134476 0.3489466944581915 0.33774756043057697 0.3186548971895673 0.3119685745688436 0.3518683040109558 0.3294530306377572 0.33144687163269726 0.3622983200070924 0.3609206686752669 0.3872655110021062 0.44748055288955935 0.4347008317760799 0.44443783031435785 0.4349686191809762 0.45596886145642834 0.4685816265386635 0.47981259894126216 0.5309350021931231 0.5618665824695928 0.6192788086075471 0.6537148332451522 0.6567560161972585 0.686024502584484 0.6826592910441752 0.7031011834939372 0.6591462129747203 0.6724351703211109 0.692244639090671 0.7078130129313529 0.6839425399845344 0.6989676292940131 0.6992765690568893 0.7333012619009064 0.7056177733774203 0.7116903779829602 0.7149557154485556 0.7231546141792088
0.24829839906684453 0.2716908952958427 0.27627309132615147 0.3145918058620496 0.33853147175197346 0.3441244750355404 0.34332108365485453 0.34686641043096417 0.34639292928018217 0.334142423227865 0.3407707213573055 0.3372977893890006 0.3480968856280486 0.3689761092358511 0.3725839633645006 0.4125073710270031 0.4303592249514463 0.4469844187395744 0.43647566512182817 0.42348568553444094 0.4375694742840798 0.48301223568383345 0.5284742652775443 0.5526254423637263 0.5891699120837167 0.598626667662202 0.6401004749542696 0.6863554017238043 0.6795072506098365 0.6863967014082007 0.6967564813017014 0.6620742600660527 0.6697090843272019 0.6804794599854007 0.713110347063945 0.7209600360825383 0.7223295526971286 0.7398426784598684 0.7618074122678574 0.7241923380143372 0.7447410478866383 0.7526092577638716 0.7388688678161709
0.2599427872427121 0.29423792146431266 0.3248069394045989 0.337091098575272 0.3574763873038107 0.3661078142901592 0.34691959882468804 0.3553975165547696 0.3738214058955308 0.3369837516628718 0.37513676849721367 0.3616417615858291 0.3518740656896284 0.360024096788639 0.4117079298178337 0.41188723970006896 0.4138206817377142 0.4207570586786993 0.40682169995791684 0.45770752806718673 0.4652185927803546 0.4830302628934829 0.512823737786482 0.5434228372449961 0.5987284891684298 0.5996242249681756 0.6495311227164844 0.6885650844459653 0.6990801685350815 0.6621937975936166 0.6639796593016181 0.6594253704349231 0.6657909108705918 0.6939070174803651 0.7147914408815682 0.7526730045728184 0.7730338239107714 0.7658615469967864 0.7671513319265676 0.7405829732299087 0.7455034025648355 0.729207732993407 0.7644675610218175
0.2792700605147016 0.3081112602003941 0.31486914219609546 0.33641287294333555 0.32842539728334913 0.3529801271048467 0.33508545555926655 0.36537118114822525 0.36777103266495603 0.350134616196368 0.35960000014351706 0.38893636845571705 0.38467610450027706 0.3930917513704306 0.39978743060413985 0.42321287385325235 0.39512782097417676 0.3975754273487285 0.42934373448736696 0.45881383081453336 0.49373431499790105 0.501636472521833 0.5368949865666907 0.5491920016205162 0.6038263838987832 0.6132593296000028 0.6129807282737324 0.6655958610731005 0.6787770632320497 0.6578278998779478 0.6819291795680077 0.6739302831449361 0.6645359464114756 0.6888356990562544 0.7054811750022255 0.7489206552863651 0.7727960190942614 0.8104807072452166 0.7784453220018686 0.7874306462266083 0.7418945602365787 0.7394573375558687 0.7678493534400037
0.26953842246102105 0.29765908728627316 0.3229994558542209 0.32932033738265093 0.3291527519271043 0.3122144029878966 0.3418176336106589 0.33240892112473924 0.35143589752917365 0.34569503591249645 0.38560949636698244 0.39681005859766466 0.3601406124697102 0.3654476022899588 0.41591547914235666 0.40925874362865156 0.39902477408740683 0.4263119336519473 0.4216714421781043 0.4512593852372028 0.4969846010820435 0.5227309455674947 0.53505172596024 0.5512699418570595 0.6113736429886373 0.5966180148876357 0.6002944798487106 0.6219517069399554 0.6566429839440698 0.6855904178548474 0.6912636865845059 0.6866341793597545 0.692184180606556 0.7238444083607057 0.7336306738169159 0.7772305071433361 0.7945296027313979 0.8268329817330995 0.8279017747444543 0.7975704514218392 0.7676942403721546 0.7738577507810961 0.7488533632617667
0.30021512802469863 0.3031724305037534 0.3060951996659252 0.3075004071387476 0.31713835684245056 0.3103443376636928 0.30089253979741687 0.3016647249939843 0.3128838802885098 0.35708307624454205 0.3685138333600739 0.39819667010621573 0.3992129765629498 0.3739004732580213 0.40978955669225386 0.40076754208915516 0.3958691105214241 0.4247577375936069 0.4507625402622623 0.45737923463817054 0.4702734851068664 0.5213161366118525 0.5547253277570837 0.5725970908131066 0.5989274217324515 0.6237745796997103 0.6160549966644233 0.6195028423163373 0.6593687591388614 0.6600613070190489 0.7108440035691388 0.7174280805444593 0.7163645149536291 0.7553477757663373 0.7420316897124907 0.7925795582109276 0.8322708134166543 0.8413304410334173 0.8437798258739262 0.8276836974945185 0.7816272895765725 0.7841306733433708 0.7748484939847813
0.323073528702123 0.30585498173022424 0.2952710469105448 0.29386374289895795 0.28718793748714994 0.29724573135307286 0.2872831473660289 0.31541900797854433 0.30710916170426056 0.35016262102055673 0.359590897661986 0.38325081813436646 0.41280538045932075 0.4139139856501148 0.3783075700265616 0.3848589042677398 0.4258269245499643 0.44578558352416203 0.4333027316905773 0.43975563588550654 0.4744531961222745 0.5103412362609712 0.5077564862187806 0.5570234890628674 0.5887871591506901 0.6192726863337279 0.6357343659092533 0.6548989827171223 0.6597264026526846 0.6702629074480758 0.6907728973074456 0.7229329981423778 0.7621674041466295 0.7444508796015293 0.7608580848157384 0.805582762125294 0.8419844327466391 0.8520253814834108 0.8465328181345797 0.8341599120564919 0.8285968843429959 0.8201861514952793 0.810637515355549
0.3524611795231857 0.3236697727592961 0.29206884243727094 0.3114699646534251 0.3163898173230384 0.31461043370308933 0.31803496594493386 0.30145820934194056 0.3177670060619227 0.34689376118715054 0.35222683135337035 0.3830078161773355 0.40461103174838053 0.4044711997423469 0.4060932718660744 0.4034247252637928 0.41147079801659014 0.41682793109499255 0.4498993849374245 0.4370564149712035 0.45154495641477793 0.5069830941636823 0.5312803094680875 0.5338760177668312 0.6006294296234209 0.6292058877337033 0.6460371974529074 0.6616112486437321 0.6742976841404483 0.6798908047100033 0.7045717736059443 0.7159618941604144 0.7505253160231271 0.7746086269014042 0.7841768333606152 0.7763629740327578 0.794674343752976 0.8245806486644914 0.8214991165891498 0.8099945966658724 0.8192151366480094 0.8189314851122191 0.8010252328793176
0.3625887390480864 0.3295312037092901 0.3105047368352092 0.2921700508046821 0.3078016957497997 0.3279498536995959 0.31991220454472513 0.3297504923268112 0.3084095953415589 0.32433558359316783 0.3448744113997851 0.3735241567142877 0.383119631428807 0.3960598076923101 0.37119867407337837 0.40245394548601615 0.3824419943067033 0.4349936999577096 0.45758287594258246 0.47718870565551785 0.4662472609541114 0.5081651487899784 0.5157945678377772 0.562166079727635 0.5792650804451007 0.6075349258372781 0.6311857311259671 0.6335541141877112 0.6352406077609138 0.6682968559742497 0.6946137545538074 0.7315117978861777 0.7407770392444535 0.7634557643808784 0.7624475942369542 0.787968271697406 0.7679387020538734 0.7966134310353558 0.8109941863172916 0.8247679722562796 0.8157964167934181 0.8396611891061097 0.8473895427641063
0.348654423221623 0.31977189734987155 0.3152341696552847 0.302344492534515 0.31155106843182034 0.3065564719908506 0.2944313961659132 0.3175933305019789 0.31639029130454077 0.3073558204355642 0.31785795579212756 0.3309347358258691 0.35750976678035956 0.35466519194499235 0.3499675243650838 0.38975151339837905 0.4014576237229667 0.4315939970064438 0.4725564042391481 0.4800049167066189 0.4973115659204014 0.5276420066620723 0.5298663882950828 0.5423846007689221 0.5664385508443427 0.6054932420856125 0.6486293369653922 0.6534358630125907 0.6588003721785165 0.6953066966516681 0.7161434589852548 0.7534007811581117 0.7733030042994956 0.7846471069144173 0.7658024917834589 0.7795322707117369 0.7817563713124736 0.7769048277839385 0.7921496901489515 0.8241049657101986 0.8266583722159543 0.8466539083421661 0.8442108535244965
