Raster_benchmarking/Raster/continuous/raster-185.asc
NCOLS 100
NROWS 100
XLLCORNER 1743156.0805232748
YLLCORNER 5469296.434247049
CELLSIZE 10
NODATA_VALUE -9999
[rows 19 to 37 of 100, columns 43 to 85 of 100]
0.4264952467558851 0.41147757874150614 0.4167414638908218 0.4518794500096468 0.4560721679722499 0.4313128786276915 0.41248474900429233 0.41408137118291344 0.39172206467997545 0.3781993363894329 0.40449216281644007 0.3913658957285168 0.4156444230860477 0.4398800016768963 0.4020812703845073 0.40326100122865893 0.45499039130899854 0.47596809139984275 0.4565303887788414 0.46894306022340143 0.47246655393033005 0.45673773821510183 0.46127125204110664 0.47417737000112825 0.4899151102098234 0.47113436325184704 0.4483042167578481 0.4417395293287146 0.46349423144098456 0.4575013593658742 0.4507033642145291 0.44760946331716095 0.4262951877147551 0.43017458722700486 0.4596747175124231 0.434255246742272 0.4499510334963586 0.45709381951105943 0.4615005171159201 0.4871283265080233 0.5002840160286829 0.4844086607057054 0.4747581800270196
0.4161245188438283 0.4178973726496267 0.4433102256858741 0.43995791416546143 0.4367647990247016 0.43765640437024145 0.4482978982227251 0.4225747437517856 0.40599870002444327 0.391580565761022 0.4220109177549991 0.3953995324342008 0.409290362135598 0.4238522887929133 0.4196446701738606 0.4188141580085008 0.42663691003484716 0.4588004125099251 0.43516345243448584 0.44209815375442474 0.45883717258117535 0.4605722689625425 0.4548025128856444 0.45010617802328895 0.4789912620469584 0.48383323247522636 0.4635633551766707 0.4477731526769517 0.47886624904521996 0.441732788516589 0.44239998995293767 0.458705082587315 0.4544884755541617 0.4327904968360047 0.4491404844842934 0.42825363439272596 0.4589314218650401 0.4752563745830518 0.48084750712854735 0.47468965407603797 0.5178148709492036 0.4909021626108466 0.484968976681971
0.44698002148835997 0.446568647198097 0.46857199135874156 0.47571898913168525 0.44154150976148193 0.43897569207281323 0.46310440000582753 0.44185924889542344 0.4402819719492171 0.42616970200175586 0.43271077944758 0.4066308639032178 0.41141693915630817 0.44584091139579246 0.4432151722044851 0.4493168254790686 0.45034097962522507 0.41350986492648023 0.4087880167733733 0.41498569345260644 0.4423239712305067 0.4388473142638133 0.4744166350974653 0.47897896049360345 0.46347983372392576 0.45060031594706196 0.4618548765628471 0.49076736343222543 0.4669570141563555 0.46623757134973903 0.45807554577845255 0.46598065207962747 0.47348453623943076 0.42566136902441554 0.4446696295551879 0.4405589255298402 0.42968968354114284 0.45134606231338176 0.4726313771705404 0.4982809861771651 0.49874963984400283 0.520335080056828 0.4877616103283244
0.47926423173468546 0.4758835898210898 0.5025453655862302 0.4996297170563985 0.4841829587271106 0.45904172762637285 0.47092448989179486 0.46917786303823794 0.4386335269124351 0.436115650249196 0.43478605302789664 0.4593669692632125 0.4605195401457193 0.44925430529733307 0.46491178169314124 0.4536290163438503 0.42864875005338154 0.41196548759638196 0.432476844193923 0.45004013399442083 0.4669531707670456 0.4461801175287269 0.45581014381463764 0.47930283615009606 0.4902391634299779 0.47156213310035033 0.4613986449043315 0.5005706580970186 0.4928789977215371 0.4683878579300668 0.46775900554450506 0.49224078233091184 0.49119855239220245 0.4718953997769529 0.43702374942013217 0.43959072802135984 0.45398821701504233 0.45956617859368576 0.4873982624711841 0.47751701949955927 0.5117391392029018 0.4906547365803142 0.47081320977524915
0.5191013424717333 0.5027438522570377 0.511146017391256 0.5145308328192717 0.5154073806929403 0.503616748465027 0.49254871597923033 0.4606271520093279 0.46159067795088415 0.5002589858813163 0.4893984456901534 0.45176569233417213 0.4604015880893631 0.4531799626174473 0.4768208807166119 0.4500420218896311 0.47684634043452884 0.45473475574416833 0.45974304307321745 0.45867348045773987 0.45494414409197725 0.4720371202345799 0.48357677146681 0.5065272088329624 0.47536769308013105 0.48243888382460437 0.4860907650120015 0.4779444480253756 0.4830833443275449 0.5134729871640303 0.47988540907560256 0.4900285636815641 0.4939425804704622 0.5033159008479539 0.44613801885579163 0.4469362793522577 0.4247337835334475 0.4308562063598736 0.44838840638284494 0.48991198039179246 0.4733727311281058 0.4731364481362524 0.46391176948048174
0.5275447958500683 0.5377238305038979 0.5268116501120648 0.5232584889414745 0.5254247131287184 0.5258706824300483 0.5039134715759517 0.4879412404118405 0.5113871012525257 0.5421765374921912 0.5371696014931703 0.4785517260684974 0.4588940902399168 0.4610605523340393 0.47613823180788856 0.4818255051569947 0.49368439460142655 0.4777995938460343 0.48484825447197755 0.4982738782334163 0.4980740021128619 0.4972438142917039 0.5058690781561299 0.49458927616708714 0.4977064806023582 0.480954018428272 0.5028903915644324 0.5134718321068742 0.4993825697489648 0.4961890185521172 0.4991807051087948 0.4914206511156713 0.5164034959664364 0.4863797322584584 0.47699660036140207 0.4579679596207395 0.4311942098974321 0.45093002100893664 0.4617785272079506 0.44776646826790123 0.4605807625107127 0.4453778686621289 0.44794411232643083
0.5275495968330229 0.5684537241847333 0.5458028177658655 0.5722057654083011 0.5360881669168153 0.5357674300169072 0.5061944222419914 0.5063883586692038 0.5498648937207179 0.5771853331357459 0.5538236705345504 0.537970887605755 0.5003667957484318 0.47019568542354334 0.5043135478165267 0.5032435840970287 0.5254712092947609 0.4947269497160021 0.4934013619458145 0.5218924390222518 0.5303271071901688 0.5478698415448149 0.5292644194149184 0.496537785353847 0.47174475127165616 0.4836378568523201 0.47465836282144686 0.4982304627436208 0.49899623722506825 0.53132801583578 0.5243920992969304 0.5112199569949106 0.522096506926685 0.5124861848182977 0.5118098568868531 0.4914326043249665 0.4743542716687275 0.43829085785632876 0.4705039359453218 0.450983151365083 0.46931753142046684 0.45249060648252476 0.48033344775380554
0.5540071491869457 0.5274003934074489 0.5455400214782711 0.5211098919894535 0.5189041373269958 0.5347360335651097 0.5406236030353 0.5540770960783016 0.5434165981561777 0.5479291639475239 0.561288104123315 0.5511779520032374 0.5118103625915457 0.49375159776602673 0.5011743848678902 0.5119789261782774 0.531732589972946 0.5237869101301417 0.5466234206157895 0.5437821776006547 0.5554408983040025 0.543564817925244 0.5514551593244138 0.5198875283092952 0.4813625683813794 0.4603878104918286 0.4688696039564637 0.47733306415727966 0.49270652045760405 0.5282243434212257 0.5220110281559757 0.4982225761440731 0.4946115819398506 0.4779246294483236 0.4847013995956782 0.4972954909685355 0.49283703082974806 0.4837248401721201 0.4532930806146581 0.45434359913931455 0.48144893367586133 0.46115899721984277 0.48075072734439905
0.5361835395819096 0.5008733327587217 0.5089591063066323 0.5265197668307318 0.48700596950650654 0.49634482437847893 0.5272788666889898 0.5600862287403031 0.5432306830292015 0.5251561731086017 0.5496031133585936 0.5500951033054485 0.5523998977952994 0.5488701121443975 0.5423796878119461 0.5084618180195527 0.5236262721454568 0.5599926540738168 0.5468824549982676 0.5558747607823424 0.576141391975801 0.5847030347126487 0.5539217721741452 0.5224954419138412 0.504281404221028 0.4872833251730922 0.488756068190616 0.4926670216394637 0.514758676851126 0.5042727140849033 0.526143908985789 0.5084392153098655 0.5012352409720794 0.4918108145098098 0.48008619251337403 0.4899013915154939 0.5109102747237348 0.4756918253371372 0.48575073259828605 0.456685333506016 0.4623330566878019 0.4874672934933847 0.49313231805949287
0.5295097018725883 0.5077121821247631 0.48946917951463514 0.49063774979005986 0.4804969844490898 0.5122025508516279 0.5178107823317947 0.4978301028778025 0.5008591533933052 0.5251363303635302 0.5375919899179314 0.5277504419540464 0.5703055238928151 0.564496711531438 0.5576376079755254 0.5338720804704697 0.5510888048947381 0.559191395892726 0.5681964103502906 0.5995749710256231 0.5985011331283872 0.5615179666208229 0.5684515295194212 0.5508405789371278 0.5270076214461743 0.5011213167977598 0.4922599766266984 0.500774596701961 0.48998145202586063 0.5175166045192483 0.521788894219356 0.5128286935930686 0.5293907542871069 0.5212974238412658 0.5303978169387296 0.5095854034926729 0.522488474871622 0.4798312635855215 0.47813944760583493 0.4923338726398234 0.48879176728721124 0.5042534682935734 0.5184964279679687
0.4933369971627038 0.4839260536252398 0.4945144855248503 0.4805704359118651 0.467526985368494 0.5048819984554381 0.4753106015279242 0.48590971395212834 0.48510299943184637 0.5120252943034362 0.5256833977752026 0.5301954049444522 0.539659681489779 0.5907171597915205 0.5792511095323595 0.5893551172705984 0.5869752369596275 0.5916266478313623 0.6005831994211374 0.6070203699666491 0.6067631841292689 0.5676847127949027 0.5434095538801365 0.5319255433067592 0.5089923858385994 0.49544065268893633 0.4868585599237474 0.5056215875630379 0.47648957938378733 0.4693670212676825 0.4834198178804227 0.5314656439780967 0.5548377229063567 0.5395087011196901 0.5176885930642728 0.5184943621469118 0.5302040387733699 0.5248002828236252 0.5138626295533244 0.5017723537703016 0.491251360475722 0.5024757049382647 0.5325080228932877
0.49062905972759335 0.5074924934045572 0.49602767539911724 0.48886181877667445 0.4654879726794755 0.4866840195156058 0.47035056444756035 0.45226429605225826 0.4687928018185975 0.46503069962962074 0.4779267794281121 0.5251730547315393 0.5395198887689844 0.5536539518140189 0.568225629384688 0.5504781091949769 0.5714418147145167 0.5864487963078105 0.6069487503149527 0.5842217867054719 0.5965938427210183 0.5592961539237173 0.566935848505363 0.5458261442353745 0.5192899688095155 0.5139910091283026 0.5119013423114759 0.5301570817608456 0.5006252538888142 0.5015037408296065 0.49396121431442597 0.5323707641109002 0.5415722850020853 0.5373515932342479 0.5292807188722563 0.5460237258113225 0.5140800550267233 0.5178535322546756 0.5226709597454967 0.5270661352753349 0.5298323203264111 0.5425684053492289 0.5193108614234363
0.48408348996399253 0.47786451326025203 0.4684340166243694 0.4777384253165327 0.43971895029166813 0.43101808449030926 0.4714618305165305 0.4687253122191731 0.4844214273747483 0.45185779541552207 0.46879209704928676 0.4891922039910897 0.489458930583618 0.5116561261962361 0.5342352837006351 0.5470262647917917 0.5744556070013025 0.5970520788282732 0.6154995673806593 0.6025390062282423 0.5908159337336324 0.5811762048925604 0.5793508161724271 0.5273805097756832 0.503973076196505 0.4701183962809217 0.504256353058316 0.5187603551644694 0.5014084030816829 0.4870596108953223 0.5323050211937783 0.5385220046444843 0.5486737465098471 0.5411429640406973 0.5409744643288864 0.5561870555453505 0.5272289365666101 0.5025117629749839 0.5429210616709826 0.5179425672163658 0.5450021940260658 0.5381650563178186 0.5463601520276824
0.49048056219510144 0.47473984271877295 0.4540386392630143 0.44175058571881454 0.44735365617398615 0.4128332171241646 0.43625736504328677 0.46265409791729517 0.4654766083520238 0.4512720640547451 0.44885309772628296 0.45573374097049807 0.48620561730838985 0.5113267636097466 0.5175461926409296 0.5473898976538187 0.5696606240233807 0.5842666597713814 0.603743126806872 0.6183305739200947 0.5775997959888794 0.5647868026260697 0.5708363655253361 0.5575926241524476 0.5078294440591119 0.505259903680225 0.5128824376019117 0.5371520283963432 0.5145381105472848 0.5404144356363247 0.534241912153323 0.5432251364930164 0.5222952932476523 0.512642285022079 0.5154017773503099 0.5361228551891158 0.5331080636226921 0.5402799333960397 0.5472827299697288 0.5531537783167121 0.5637053668256169 0.5597653719942968 0.5756085262104816
0.4641949526137436 0.4354230438292295 0.4518149502677788 0.42405171716964635 0.4313305006895764 0.3963124717097429 0.40281527175168536 0.44325632218252076 0.453606685268056 0.4515948598159019 0.44231490930364536 0.46531393260291215 0.4749131334593257 0.48463597516427176 0.49842455613300124 0.5395173160650958 0.5955022721325477 0.6172200405838472 0.6156647550835412 0.6165073590877009 0.5808654742531573 0.580510319403157 0.5722639744716005 0.545937996695046 0.4988492501418484 0.4718307273053541 0.5437741773612847 0.5628189244427049 0.5661165042297589 0.5531149523234609 0.5415552159722833 0.5384571119420121 0.5190802973780106 0.48090758765124897 0.5155805898430745 0.5616079077243765 0.5729486344278623 0.540274096769626 0.5654307310340374 0.6054637515410304 0.6095240607307693 0.6193651887371425 0.5752843762829251
0.44344395609055387 0.4320094953228224 0.4469077583369852 0.46173699069964014 0.4252396931338551 0.41910259296429136 0.4182525805652056 0.4251850858311776 0.4605017892651787 0.4610584550205855 0.489015548566619 0.4729050054260938 0.5017327696484195 0.5028340172480277 0.5103016223806937 0.5448397468225489 0.5949647246527662 0.5902143620088908 0.6148499459289407 0.6189646640213631 0.6156538868690552 0.5899907738606365 0.5893788814014662 0.5446912590462559 0.5275815453715798 0.5117920869640196 0.5487920255573508 0.5791525285759718 0.5546217725091449 0.5727207481358193 0.5699070354093341 0.5421829071352491 0.5495016882459717 0.5300741073551068 0.5468135517530515 0.5553206286962163 0.5796517722882141 0.5666319546975545 0.5757293704564257 0.6069116069723419 0.6364708215984516 0.6301440614329998 0.6185435248514922
0.4569631902040566 0.44282624921953406 0.4754586664965843 0.47407161980829676 0.42458728834712334 0.4222878493009071 0.44720527752240313 0.43385065600879996 0.44193566871810336 0.45328751224757363 0.5054499693530177 0.5104410161824654 0.4690700834662714 0.47211446274615515 0.5167544869379093 0.5409246659261093 0.5848623248187544 0.6166743926610299 0.6331510553975287 0.6357080230748763 0.6223148084365416 0.6231702009682213 0.5929193043546861 0.532136171294453 0.5569154377611767 0.550745955708178 0.5559659560677864 0.5639907549484443 0.5586872607551897 0.5738411987508898 0.5855622934330034 0.5497312932558169 0.5706090078691036 0.5832685971001047 0.5829910757469378 0.579343360972491 0.5956768363168812 0.6226110271882891 0.5951819917276449 0.5999052889531781 0.619104992488983 0.6441830313685464 0.6563771751946168
0.48672989980879533 0.46136095629797 0.494111435022642 0.4736081279787815 0.4567583853629572 0.44737222820987194 0.4438377011301836 0.4549460136246842 0.46895804343019887 0.4659899923864304 0.49271273294238155 0.4734145736969506 0.4589132702745779 0.475127068488754 0.49862851542321524 0.5615201616885892 0.5979614824403598 0.6055948072296667 0.6290329753760453 0.6260754770752284 0.6338114648860267 0.6248269468977531 0.562217552446382 0.5707703057668396 0.5388148975058934 0.5685951181216592 0.5574573866833721 0.5468786445226745 0.5537685821985678 0.5749772982932837 0.5792848563640307 0.586105961963641 0.5898711700501926 0.5706229633106038 0.5910540214474694 0.5875625932969696 0.6057561323351418 0.6460259962589631 0.6409454105206817 0.6270047170064497 0.6566195934712982 0.6631111037539158 0.683522161197696
0.4569080858869548 0.4959331566442875 0.4850705032213465 0.48047715962678 0.4706028712632191 0.4231354069880251 0.44814975506890825 0.4464728196315639 0.47784603982030066 0.5088039198553429 0.4683799850248726 0.4630471240015038 0.4857770866757852 0.4561449740084689 0.538280509001506 0.5679454349609897 0.5885333211768364 0.5992339057148925 0.6108856291814505 0.5835604613899255 0.6304929806579075 0.6084844087464344 0.6062883500901649 0.5697239607082253 0.5586708341791388 0.5677669504235098 0.600414429626668 0.5931254380911266 0.5619881991576293 0.5641940481482416 0.5883323267359589 0.5875920901904859 0.6055732673534487 0.5977878490012882 0.5850804811323396 0.5761052379234486 0.5990302552081546 0.6438856070237909 0.6654330617943934 0.6897375280350714 0.7088672080950739 0.7112084936755008 0.6978597827401288
