Raster_benchmarking/Raster/continuous/raster-311.asc
NCOLS 100
NROWS 100
XLLCORNER 1743165.253287363
YLLCORNER 5469292.774965531
CELLSIZE 10
NODATA_VALUE -9999
[rows 57 to 75 of 100, columns 0 to 42 of 100]
0.9713969498980132 0.9453187307451139 0.9212807828323845 0.9066000639519808 0.8745367757580721 0.8880324796428528 0.8857646186670317 0.8938211082153195 0.9089067465133008 0.9204918218629079 0.9048799302818001 0.8941410063184737 0.9321283407325475 0.938170501404531 0.9417452456621598 0.9386350780246749 0.9011254624206148 0.9047830211324294 0.896268553836998 0.8920294003363737 0.9182112997040659 0.9000888696344017 0.898632353396632 0.9150195615144365 0.9251195479160615 0.9036545098938567 0.8874294366869683 0.8808938340352477 0.8982139668517661 0.8862443254623811 0.8606804192862435 0.8368238188209103 0.834552944884957 0.7977619687606888 0.7886375138845044 0.7789996647608254 0.7669065762691937 0.7132589709932639 0.7106431490388668 0.6850536084769916 0.6606489312490886 0.6132522649709441 0.6079465147315263
0.9464618761185679 0.9481374578390542 0.9364152260148549 0.8970185513103665 0.8790621260112617 0.8969208260909275 0.8945899491471999 0.9118858398967612 0.9003229869779437 0.8954959488925938 0.892087692536154 0.9124578959355281 0.9086008661523645 0.9202952450530874 0.9531589654530876 0.9507090079751608 0.9299455323041085 0.900715673920504 0.8998331205176038 0.9323886754271823 0.9390588682488296 0.9270795723442513 0.9319769222452674 0.9320279950372199 0.9472841602029941 0.9014448647462329 0.9032820554631621 0.8865916236797459 0.8870131663251274 0.8700335062396051 0.8669934634169832 0.8240512253506067 0.8195853109696575 0.8163648920509364 0.8031172795007325 0.7945214954480311 0.773322041453431 0.7191072129917094 0.6756620379422332 0.6751898266523646 0.666917771108645 0.6167375354719532 0.5965307977928761
0.979147940454082 0.9790965909491486 0.9322075377209471 0.9093875707078313 0.8830207066707961 0.8828886665586162 0.9026805120083313 0.9021374982399207 0.898564648945281 0.8825061592805843 0.9191967756905142 0.9379316424354173 0.9490053212957316 0.9352843943459372 0.9546930029224756 0.9620096752150534 0.9637892824100892 0.9172777439463293 0.9174134911248261 0.9372491104175193 0.927467321221534 0.9258822059932464 0.9043542735468494 0.9159653832338497 0.9181702333749688 0.9275484862685964 0.908511378984643 0.881350733939969 0.8919208000919725 0.8764286746737836 0.8373643128638198 0.8478085336197579 0.8378426814362772 0.815237246412453 0.775057926673411 0.7792849957848766 0.7580736107189086 0.7035200019374244 0.6829303051003361 0.6779302780385004 0.6616642919322894 0.656960077583766 0.6264331179268128
0.9984883831797841 0.9887325284358178 0.9678104673521418 0.913115234073341 0.898741746942391 0.9038684945774142 0.8919722269036733 0.9091204585736378 0.8748441370622438 0.8898185548934676 0.9366308715901402 0.9338429285397541 0.9566785771875864 0.9647968813604355 0.9686744527764231 0.9479613797543462 0.9702293722985339 0.9601433434517431 0.9367776019350237 0.9293799264734535 0.9156346401378922 0.8955346937537328 0.8704334770679982 0.8847673707377399 0.899029144746526 0.8944278629201721 0.8805494265098504 0.888258956838747 0.8504374134178866 0.8698729061155477 0.829945426391221 0.838235686551032 0.8075357073587925 0.8041097542511183 0.7672062995164176 0.7370499123308443 0.7268276040655148 0.7309705532400795 0.7160868674221821 0.7079363569444975 0.7012972406144464 0.6376261890863589 0.6033901640538295
0.9889743655872444 0.9907427119960257 0.9570343569670401 0.9492506255722445 0.8936290441174363 0.8901033481311941 0.9083357179964116 0.8956804130825331 0.8883850527378812 0.9154456522845966 0.9507860796656004 0.9519176770115912 0.9595998241158847 0.9432647370007174 0.9555038459037375 0.9648119128999105 0.9677521096205446 0.9590068235417704 0.9521977450394259 0.9136027256802407 0.9022602290266133 0.8785522763641517 0.856874153044763 0.8692402586139131 0.8792932404371709 0.8539523592394688 0.8856514618281344 0.86485839297428 0.8401456559525988 0.8527769206939492 0.8383795601486439 0.830589567484303 0.8031202851922193 0.797065428371657 0.7678309998603169 0.7425037367192726 0.7343257113774336 0.7317899556645381 0.7049967164993799 0.6787137615747463 0.6487699408006221 0.6273410927492383 0.6162076592144912
0.9794998041905966 0.9820065591936888 0.964055221795759 0.953552085857512 0.9098942391060494 0.9180816371249664 0.8988011053877851 0.9026682686759986 0.8997120532447178 0.9290201437786494 0.9358042405332422 0.9476406002344029 0.9266803912376801 0.9172553235717789 0.9100323763479743 0.9165201404329467 0.9522605542422884 0.9335643917262374 0.9309601734332325 0.921341097414084 0.9264526333672205 0.8767149348497585 0.8618936745210573 0.8359715930438574 0.8436334362225909 0.860517246238489 0.8707885968668009 0.8682398422304745 0.8692496118262724 0.8531509162747661 0.8347252064428521 0.8279177729530277 0.8093792307831319 0.7606472803812002 0.7469470055275648 0.7333708737444611 0.7294403969009031 0.7252774353999568 0.7072385448863273 0.6689764746726418 0.667782391643339 0.633211708049422 0.5885209033121781
0.9736862848938893 0.9639067558310339 0.9662194409303746 0.9535311040431608 0.9334680293403743 0.9460873950200184 0.9181761296425923 0.9003008628708674 0.9189434685858359 0.9045712535253576 0.9069932257848918 0.9216218459017632 0.9131265474775077 0.9088153619693188 0.9107662545222653 0.9108163125253056 0.9180020629143175 0.9540060475975857 0.9263751793974293 0.942696261153548 0.933649201559735 0.9003968049557475 0.8488027778690088 0.8376062800068056 0.8517185808701258 0.876355614706488 0.8571363722218072 0.8503107994230867 0.8274481061843233 0.8171225389226606 0.8291567402431896 0.7826751707208535 0.790373058874721 0.7591665932094499 0.734664119029869 0.7295575195581547 0.7094382248149603 0.6861193415396958 0.6778445416568691 0.655899187592727 0.6515340100632476 0.6244041717980048 0.6041697556229126
0.9811583637519204 0.9808078595818165 0.9526002018591821 0.9715772031467906 0.9665618320786522 0.9594201418025662 0.9413269965737172 0.9148730126637196 0.915176015340727 0.9072513643901854 0.8887991602147362 0.8795142032337447 0.8764995914678406 0.8822792713484077 0.8927622280536607 0.8909572555825516 0.9239213176913907 0.9473138868136818 0.9341201792161441 0.9425647331741523 0.911790862447574 0.8855736366233921 0.8521903318306008 0.8314263528630859 0.8517537326974266 0.8586565004863139 0.8699023176059717 0.8448302562354666 0.8215225540435711 0.817368138044605 0.8021330629465419 0.7852138474901774 0.7540028360726438 0.7653274162451223 0.7482879290297502 0.7262457088605301 0.66136592702496 0.6689786268538377 0.6567779995232613 0.6639757713267576 0.6623173086842811 0.6201475424576209 0.6005951003788811
0.9567826546083755 0.9638091973768733 0.9601781946342501 0.9632809489001835 0.9710693877172824 0.9403473064745518 0.9350531868885991 0.9232303512075073 0.9092860580138736 0.9137642876438887 0.8993478222371717 0.8602557532248455 0.8533360220297379 0.863028383041864 0.8876922309470915 0.8967261211211871 0.9049170888700803 0.9265299490130033 0.9226433929880653 0.9129375228773517 0.9019575555339884 0.861701979346011 0.8755360920983555 0.8588232927573192 0.8612545583112106 0.8340770975402526 0.822759139780181 0.8434139155806804 0.8300443046203364 0.8157326659694482 0.8129230681922128 0.7788543319401272 0.7695738959680312 0.7584403227770998 0.72469488761267 0.7095521617519981 0.6885976819900188 0.6909678341837713 0.6577389301889165 0.642380015584049 0.6096051656022303 0.6089378974540396 0.5599363246671339
0.969814448281719 0.9367975977851738 0.9422854447387954 0.949325488331242 0.9600921790249454 0.9435315788515398 0.9211837168252061 0.9307589125639678 0.9314552353618267 0.9268666984428872 0.888556890569956 0.8741768808221304 0.8434560408451622 0.8339682355468064 0.8502525773791044 0.8795539590732395 0.8877302758809432 0.9060001484394149 0.8954988425684158 0.9051575497828097 0.9049225197668043 0.8660741072108359 0.850419072748976 0.8444471593819207 0.8248302347981483 0.8203507685339416 0.8227358204897566 0.8271075345203093 0.8009504859202383 0.810297271691381 0.7829117555386259 0.7929128748449686 0.7737480379349959 0.7667842349628122 0.7339698467621749 0.7085707766474609 0.7213550432503435 0.6783325333175984 0.6454131507094123 0.6137505880121602 0.5954121304954891 0.5731198133878661 0.5489363704272205
0.9555103777098558 0.9486258020452236 0.9271705815467732 0.9114457527734982 0.9107404693867409 0.9143485005439247 0.929236518191755 0.9314149424724028 0.9339930025228617 0.9202241907061876 0.8807025204187278 0.8817426529837163 0.8657449198767333 0.8574047289181146 0.8614844910823174 0.8474813346639651 0.8588593773329551 0.8673158110286536 0.8904792676099542 0.9148954836095664 0.9133773661066719 0.8749071461049543 0.8739258844816121 0.8586580355272865 0.843864396649445 0.8027824267352309 0.7929120992852523 0.784755803474208 0.7872058928981133 0.7701686541595066 0.7683101233395812 0.7637522717654286 0.7328780348628279 0.7312813023106193 0.728305480949799 0.7312835912520935 0.724785559830317 0.6873035234776032 0.6588139149407142 0.6256805609391319 0.5702003148434964 0.5599358019606283 0.5259245431757154
0.9180429850941347 0.8948780953843045 0.8855115658836583 0.8865308982405754 0.909738669479702 0.9238883345151003 0.9211332704943711 0.9019792515284824 0.9034197186798582 0.8871813698953679 0.8941948060029448 0.8797672081580945 0.8305196974631784 0.8385370561617284 0.8315753741736177 0.8628138501770993 0.8512255602839788 0.8644662312223972 0.9056468458348589 0.8964965916596398 0.9235845371901588 0.9108415286375 0.8721900607252522 0.8329947838984995 0.8352298534047384 0.7910382747676983 0.806318942219104 0.7894801300089954 0.78082643619886 0.7460304355986199 0.7171439170130245 0.7344977747812226 0.7165210995066307 0.710229286121314 0.7330444956393309 0.7092110368610188 0.7208908653381352 0.690203790805561 0.6246064009431035 0.6133215722835087 0.5594799759786353 0.5599455393830082 0.5429884433384665
0.9301794973497702 0.9023482336107159 0.9025885540395734 0.8762547854875771 0.9080635860702229 0.9064657118081951 0.9066833102398311 0.8771693949810778 0.8804574470463308 0.8931844582276326 0.8903364974053878 0.8876370110363925 0.8589062005188054 0.8609718501527798 0.8417855011707113 0.866726911736663 0.8872000550155004 0.9097418832152173 0.904158109159907 0.9192446059166919 0.8968145163170557 0.8952586094602851 0.866974954170176 0.8336110414713875 0.8262600082629746 0.795130598356981 0.7767829606503812 0.7901309686642812 0.7654419755470192 0.7414705476294302 0.7314633001613469 0.7009849618939382 0.6910382030276674 0.6935007477273732 0.6924244742106122 0.6788267510701368 0.6867307729003903 0.6524777473175597 0.6367904175214966 0.586288911307639 0.5789824848021096 0.5676557923995137 0.5360564916314092
0.9101479087095117 0.8880788577741345 0.8743153848609461 0.8877068515213548 0.8848186187712305 0.8825060178458441 0.873429368273999 0.8985415425431741 0.8886504673893598 0.9062126591328779 0.8996376672455225 0.8857057627568038 0.8642789622949724 0.8751383367647502 0.8425865766041817 0.86515428635381 0.8986711755789228 0.9194342253355301 0.9053090737058882 0.9128838385137714 0.8741826846336415 0.8686655255609097 0.8348898256906775 0.8167671854083085 0.8120350709927726 0.8012907109033752 0.7871215073654196 0.7637023479966741 0.7649824777943265 0.7340803633855174 0.6922368279962858 0.6935490529676599 0.7047763494252475 0.6967985221327733 0.6552350094869843 0.6361394986940101 0.6457136287819298 0.6293146633989665 0.6228729838542789 0.6028702978591455 0.5820504928569962 0.5948843788767073 0.5776063393281884
0.9011112648443227 0.8939393416712879 0.8832274740882154 0.8640939272145944 0.8772500965726983 0.8600048948557952 0.8590149276000463 0.8789136290229096 0.8976642999026055 0.8795782268529754 0.8955465025717969 0.8605284148162723 0.872238372202718 0.8593556203714325 0.8651710977796107 0.87439276414307 0.8888522943901191 0.8998600118135669 0.8960499216453964 0.906054036971692 0.8736998565859038 0.83704302619836 0.8395432593493548 0.811690071049862 0.8209575025069645 0.7785920728683111 0.764515115205195 0.752605792468066 0.7323906849873443 0.710922385498705 0.6862174939476597 0.6887034737251383 0.7058434180045674 0.6720099715795861 0.6364613953801519 0.6320140912980096 0.6387029902392005 0.6316918128665855 0.6349430024461247 0.6233664295177033 0.6121694484499132 0.6087525134134564 0.5992165343244715
0.9304279585497389 0.8963543072597479 0.8665800687008647 0.8649848518979929 0.842866911955824 0.852169948972487 0.8425728320937604 0.8521597905321036 0.8790617924950623 0.8620009595620651 0.8649511592752044 0.8659516010243892 0.8709207524198063 0.8890694316687877 0.881466733328425 0.8552891306191223 0.862987506869531 0.8688186240151866 0.9103646828603458 0.8795640123032856 0.8923707261510629 0.854302437144198 0.8177052230269297 0.8294781988224966 0.8016256515959811 0.8092391196759197 0.7752812112840113 0.7577967351077617 0.7041081934378447 0.6780622257931794 0.6596261570992497 0.6843220445250489 0.6857887915813501 0.6568308093688257 0.6222328379594197 0.6104453261425669 0.6097914693621049 0.6410446140830545 0.6193529345877784 0.6222585538838205 0.6000705994726613 0.5901693427572463 0.598758927602112
0.9161208726973115 0.9081866625472689 0.8862924499572621 0.8729709547193923 0.8545654348288042 0.8603069956400852 0.8418692613132175 0.8532830825827472 0.8807997094959008 0.8605505463518787 0.8400700647640105 0.8698205621492762 0.8721257164111818 0.8671198084243209 0.8633702960961677 0.8438392078271967 0.8414830183865467 0.8506067300190739 0.8684077597774409 0.8774311035344848 0.8803643418270876 0.8680315693136114 0.8421063615769329 0.8216109336926688 0.8223069264555732 0.8023160752870063 0.7851550354186259 0.7295406190852178 0.723746396461593 0.6991172948280132 0.6761346268884807 0.6786736882838348 0.6679347872450039 0.6706294941883244 0.6466285464174297 0.6274271974112487 0.6385379476087663 0.6270529888598201 0.6162746974727245 0.6080451605380655 0.6072747822185104 0.607057705306467 0.6019445213881583
0.936935654532922 0.916753382973095 0.9164825598556886 0.9091676376504718 0.9069761270471001 0.8693782646442508 0.8768139789080378 0.8455448791033767 0.8617360592399468 0.8264703457835532 0.8340787857941986 0.8552056382121705 0.8538113680678762 0.8428664752868097 0.834565821813336 0.820296408503369 0.8343197411488206 0.8407406836643152 0.8633698647705476 0.8567275016745567 0.8742474142610749 0.8417953358351169 0.8086968607065803 0.8245397093687474 0.8020606996709243 0.7856933925497801 0.7583149478533094 0.7285861384251743 0.7050172049021669 0.7138580510936109 0.6824872267146123 0.6746213562845351 0.6824445424854902 0.6776379297593457 0.647721587626404 0.637004828959378 0.6120424454448063 0.6062738978798817 0.6070660772218047 0.6039661701412603 0.592181514719436 0.6064020178754613 0.5718237316768909
0.9030788147014156 0.8961063495968824 0.8783944682091432 0.8849174142742525 0.8785880443483635 0.8900619855635624 0.858693638238269 0.8373819668164535 0.8171534066288854 0.8055674147809405 0.8343270633703913 0.8290682024855871 0.8130322445199302 0.839615825694984 0.8382952945200501 0.8413454105447181 0.8517574550466829 0.8708067868941908 0.8548783006193446 0.8450111696675405 0.8426732033338611 0.8477997451328909 0.8398091840937288 0.8338369306937717 0.8268172041197648 0.8003033087528683 0.7487410105398973 0.736444955193524 0.735195816353574 0.7212515848863511 0.6976294348802637 0.7183530660149893 0.7123485423974152 0.6771594288047045 0.6494581091373821 0.6296083892801522 0.6353227240405519 0.6485317086890352 0.6302300444002094 0.6344393068687387 0.6203970187406145 0.6162135160797576 0.5992988128836956
