Raster_benchmarking/Raster/continuous/raster-47.asc
NCOLS 100
NROWS 100
XLLCORNER 1743149.239864145
YLLCORNER 5469281.275467614
CELLSIZE 10
NODATA_VALUE -9999
[rows 38 to 56 of 100, columns 0 to 42 of 100]
0.536916899392153 0.5252159042326755 0.4577345165370902 0.4424358434431132 0.3948727420117989 0.38814417502885473 0.4242727334879003 0.3856382559291997 0.3386190184652571 0.2512294713720218 0.15608068012576143 0.15510147002755592 0.12495220944153794 0.15401570767104342 0.14608665952366467 0.13251038743753069 0.13541925558823548 0.15392380986624474 0.19380922028702047 0.17522336354126372 0.15278879081046956 0.15398846785449458 0.17177514371576377 0.1785867604755481 0.15371886887137542 0.128046886097441 0.09228390067048563 0.18012269314579815 0.22090475193755857 0.2302580045444779 0.26119468495731973 0.25917634361062064 0.20885685822361105 0.2615126726147529 0.2731502794370244 0.23497249838571072 0.26436752079349474 0.31652520390240746 0.34169583437776435 0.3127855992642739 0.3040991736344565 0.2630727931127623 0.26207023430023124
0.5435674166483188 0.5227486782277285 0.4698054784579503 0.4252610999796755 0.38591325232723583 0.4133906327089366 0.3607599056523042 0.378670663951428 0.33947476813504923 0.248148365032885 0.2038411730954858 0.14948474484302293 0.14264069177130848 0.1675848688786115 0.1864370854991661 0.1817710055935959 0.17577567528452046 0.19362096940188075 0.19732570610681813 0.21279350914066114 0.21035789471452804 0.21094021977748306 0.1605046710334192 0.15864713498976651 0.13447245622986323 0.11609583902361963 0.10984815880324725 0.12826469037483879 0.2051601405879847 0.24397954900799546 0.220605619860151 0.23242702839388393 0.20933739666239623 0.21711644442560318 0.2219040289631208 0.23766188825339524 0.2685709133872203 0.3044196103793645 0.32391566704601293 0.3225127038856036 0.29130305792004757 0.2589101904781898 0.2609782950065587
0.5414173096732534 0.5464598438602197 0.5131390988366767 0.4637294275359324 0.3783199297169256 0.38157884789007285 0.3495577665547247 0.33486120105098677 0.27635521642249405 0.22994728264712275 0.15925424487410667 0.18039262963525832 0.14784857864362363 0.14362594731124215 0.1804713115188945 0.20987648140905843 0.19813476911603037 0.2011681764690764 0.22758168671996196 0.2515717119427412 0.23404776765573865 0.17219020038825741 0.16300224695209678 0.14252742400340404 0.15092116711965298 0.1682911758444146 0.12239203692298463 0.17309220158524027 0.16795980984314418 0.18351421205778293 0.2041829512446367 0.21608891558171825 0.21759321571515255 0.22646037790442047 0.226120931683993 0.25043365323235195 0.3022630501120633 0.30566962500931416 0.3334533120066967 0.3182832182139844 0.3197581527057841 0.2841610849832458 0.2765714188868786
0.5412257570814196 0.5449979280285192 0.4800319537161973 0.48804220597277537 0.4201033758244074 0.37193730000785963 0.3659552908175059 0.33116080876167514 0.2794112798465458 0.20537974039732487 0.19682631387306324 0.15098038621451018 0.14904687017694968 0.1660655275077354 0.2233977071019298 0.2210378224991782 0.17163932975201276 0.17719900222992568 0.20307680498042763 0.21295780841603748 0.18507743810362112 0.1785312739854467 0.17016855259110433 0.1795614344140894 0.16498993753020177 0.16898972581987448 0.15767030948782434 0.15656809338582026 0.20343654231924593 0.1844370912725506 0.24750986619290402 0.25006719191305016 0.25914651553507856 0.27575236127013053 0.2792296185857966 0.28429942519816626 0.26733973478776735 0.2707526694430453 0.2855574555373523 0.3194271029853671 0.3011524912260291 0.3068581351756591 0.30179091752258397
0.6035115713875232 0.5756727366008758 0.5006675088098127 0.5012168370431438 0.4567401136662215 0.4032652945317274 0.3446639012731896 0.2816234229604066 0.24269278021506868 0.20572165237866047 0.20152049649570578 0.15869821381081495 0.14989025248973573 0.15570025330472229 0.23523844658405876 0.17743501740821385 0.1707051258830648 0.17424603590018034 0.2260174188792714 0.22615783390850075 0.21806284701790454 0.2128758801485117 0.21151393231812235 0.14885399336811705 0.1383118760431194 0.11916017856486684 0.14731251821554203 0.1984656355381838 0.22134792931975222 0.1917447905235635 0.22987949868174004 0.23707697748946727 0.26271299836185985 0.2595057098117084 0.2878520500730388 0.2569661126117129 0.28648697645628984 0.2818197980509169 0.27374980924067316 0.2677671306514341 0.2822396990845417 0.27923367726662224 0.30555382849203766
0.5667232754750786 0.5846880583282318 0.5461180627228757 0.46000806964573315 0.45949533295147377 0.399075703979106 0.30854605046455763 0.3003473806580538 0.22223890228621399 0.2379764623649257 0.20075776273273596 0.21928500986834318 0.17685701567144446 0.17738717421152433 0.1961546339626091 0.17446307158796986 0.20783602217723254 0.16630820592456436 0.1828886394383144 0.20541452813332942 0.18838159393298728 0.17386861279865212 0.20186275501077394 0.19402746126466602 0.19565764302206468 0.14544418046885885 0.1536398056032532 0.22314556688463233 0.24449104522011986 0.2016686389561891 0.24546799456337987 0.26232493798855266 0.25384167817648073 0.2723612895490678 0.25290782207175316 0.22035684052580323 0.22728006810120016 0.25043072231202923 0.2534895072873823 0.2853239213975626 0.284610925844768 0.2786128943897019 0.25501044753123026
0.5628154913871187 0.572822848703008 0.5438997007064225 0.46785894791624905 0.460502709378215 0.4107895573690582 0.29017305198968735 0.25326943210387853 0.22059402974096315 0.23206317722174893 0.20940935089827842 0.21494373591019938 0.2008912134855384 0.20270296949133956 0.16502072511501636 0.17561979912568798 0.20778265878390434 0.18074219938380331 0.14071480712737022 0.15507241130895916 0.15920675280739754 0.16801640719554517 0.16929830354157424 0.23072063256205658 0.23975328900860524 0.2228938053601211 0.16864922227918275 0.19697196972951198 0.24333860542667585 0.23461507181945318 0.2271771586313086 0.2403257055457406 0.26640659605203976 0.24851387281431198 0.1675231724621224 0.2035193696705539 0.19099206533318913 0.20445030814796 0.21772413781721106 0.22459403183231988 0.2652600990076969 0.2826357791916944 0.24629960767313952
0.5692453705098751 0.5092659991726356 0.5164121669446697 0.48161896463619797 0.44667246668974697 0.38966048905616113 0.3269422029764949 0.26952183954739456 0.2567665974959209 0.22066297545770602 0.19798891529088913 0.17813336799559346 0.1457849326532913 0.16004842519914622 0.1542310142721571 0.12588568817997225 0.12799314787445226 0.16741269696552863 0.15843282178037454 0.13110103434580003 0.18700250006406555 0.19225030593083717 0.19054639767842768 0.21854943428518572 0.24921060552815397 0.26191967856843146 0.25316982425560053 0.21246349511204843 0.24903346780011423 0.22454715671685216 0.26429934957493056 0.2666489398778788 0.2159723222004798 0.177724105764115 0.16707816617479518 0.12762513961135485 0.11528346724331567 0.12825040959465492 0.17383267861600515 0.22911299965432982 0.22805959005832882 0.23616123345399853 0.22905815960533027
0.5253164122821282 0.4800601751261698 0.48193482298491014 0.4640103288071316 0.38093867801215325 0.3513510214161585 0.3274329866191466 0.29587878812124746 0.22729221008043027 0.18143666354966298 0.17175268064005447 0.14745285858423152 0.13071584697755004 0.1572102395140129 0.12949222795815465 0.13400957295967172 0.1002653427323698 0.11397435077320936 0.12200800686259022 0.1645444768787508 0.15912403571716027 0.174003732438564 0.22222681419310794 0.27158859332935176 0.2940934710558708 0.24605211159175444 0.2537576196912382 0.2606002630491089 0.2761812784064122 0.2478250914420386 0.2589630000014292 0.20003726218543763 0.1965477145556634 0.16284634768606737 0.11369212692107089 0.12602834855976078 0.08787590264969865 0.08623585316252809 0.11033889408423778 0.17810839654539642 0.207294738063732 0.17153150639558923 0.1729782424679467
0.5031572888443288 0.4831050573136258 0.41462574526372814 0.4040609722515239 0.3522203650435947 0.3256962983924503 0.33554902325131136 0.30305859171613453 0.2594962632394727 0.21778211663236116 0.17515417217797505 0.18608695813942183 0.13190183377246745 0.11961473845010089 0.11698775344200854 0.13117126919528144 0.13243684109420265 0.10711209595980489 0.14283812325122902 0.1636788003038467 0.18847253213480944 0.1917075346999354 0.20550715851917456 0.22922573127325183 0.2524384565792973 0.23626372504684373 0.2064732597023329 0.225011738062533 0.2390167132451873 0.21668951330436304 0.21260940628105265 0.16468206903318827 0.11958197093645936 0.10984920021466722 0.0768805805678554 0.10252388065095792 0.06484160021575591 0.08814118065256095 0.15992974823072503 0.19129682137300683 0.16677020513007082 0.17850848114004791 0.18457127319677966
0.45902069326895384 0.4525060290332622 0.38620747347234574 0.3554264576735627 0.3509848783625167 0.3433093629552845 0.27577817586802433 0.32318234499009135 0.30171702267540323 0.23495253873182254 0.2259815617140819 0.20661808249714744 0.13773575070519797 0.1506745140160366 0.12749396749937011 0.13375733225062234 0.14260136094716894 0.11992600058747706 0.11626456209456534 0.17720665252358977 0.17442299533066127 0.18423494966843745 0.15331975188540953 0.1931405749168147 0.2494629539376837 0.2199870632834976 0.1948521735012244 0.1899970880687258 0.16722239904970018 0.19921959109567564 0.12591167886469956 0.13335503408466526 0.11077925988182276 0.08478893362306218 0.040710775521299626 0.06713923199323356 0.0825830777377141 0.12572679967519754 0.12633607517828904 0.14680725285607668 0.19501321069300728 0.13865169966763494 0.1366935104580811
0.4248139390535019 0.4287782477441873 0.40902005199876446 0.38869566253367815 0.33508499575615525 0.34208526527855804 0.3118728886676751 0.31228874787114275 0.3175546083206979 0.2652503849511206 0.2532195467804016 0.2036349616822932 0.1863601830543846 0.12091008547375215 0.10732380643572206 0.11940714647068566 0.14010022971330913 0.118774141304537 0.12211582951117059 0.128713768172437 0.1650956865847634 0.13726782996373202 0.16490118355139535 0.166804400829133 0.20621414191263768 0.17649122275361592 0.1778900441660856 0.19002891961581994 0.18162821483953304 0.16075644040815526 0.1640231938848071 0.13764081298282138 0.13833184974233165 0.0939086507865728 0.05419182708268935 0.04498502153678467 0.079635873291218 0.09944285950131952 0.1711996714294431 0.17875460929742923 0.1607144703350407 0.14695379221727162 0.16513509278287095
0.4238281451906958 0.4299625655245317 0.4622688662439911 0.43679625884788276 0.35765513015221456 0.3351332285731813 0.32073034777039805 0.28703054954525864 0.3283686743434421 0.3124300060271924 0.2922886268554237 0.1964528177637061 0.16501626388163385 0.1847496433486164 0.1729829059653178 0.13694544878566067 0.15849340396001305 0.11999737908319903 0.07548712475036573 0.12341313336584757 0.1531297913215894 0.1431490960542978 0.14689672060847817 0.16404567142943613 0.16674063034376624 0.15584916854955733 0.17161922656937492 0.14399827534588464 0.17169662721599036 0.16158777709352448 0.10711116942241929 0.1023582222659521 0.0859608436150408 0.10006875627700068 0.021794572893793437 0.07491434613779996 0.0787389621988305 0.13714722943537 0.15393212094608133 0.13566932216688302 0.13734034887776586 0.12549147805553926 0.18293503855039095
0.43804488060527597 0.4281241424951584 0.44675038345165774 0.41986502612454446 0.39337822087571683 0.37835211608337915 0.32575553291044496 0.29313950154706236 0.298140070710488 0.304330593326586 0.25630474940393 0.23650043013144761 0.19640705215980359 0.15960822175868083 0.1562873465580072 0.12746759890264264 0.1571277277393439 0.11006477190063955 0.11718438626644469 0.09473860572650285 0.10085344809135857 0.1267283223891484 0.11168908524984264 0.15558919900978346 0.14082131498700629 0.13420101293513806 0.12066136349377846 0.1329536688958851 0.1430065332788509 0.1213412796410958 0.07616717036157916 0.10077510426271645 0.11811117457491123 0.0803156781923673 0.06677326903514644 0.07491745284512989 0.09650027869644148 0.13161178878066512 0.17879670534934697 0.14373784812741008 0.1580633467005238 0.126028613702034 0.11521574442344296
0.4327588638730676 0.3825046949921489 0.3954661723985074 0.4090250152676129 0.3923449886444236 0.3856645661861528 0.36466550240938533 0.3170765698630688 0.2628696251698672 0.2804535784288194 0.2583029274662062 0.226606361306329 0.21445652462863551 0.14981980128825936 0.17435200391254405 0.11487480713622843 0.11592826261728953 0.12633172014038385 0.12433295972383131 0.11216353809839774 0.13387356286010876 0.11022029390334806 0.14277093837188182 0.11754159665304374 0.15030326748953834 0.15839090089757818 0.15986100227023167 0.09558302656124143 0.07929351939884813 0.08597779292698851 0.06213651442729439 0.04779457149279041 0.08557724848514014 0.1156003791259566 0.08585339883073938 0.09131218504870905 0.10253428689278533 0.1551955898027545 0.1841485433635029 0.13130244570908245 0.15179064009570722 0.11591382270546088 0.10224272051950434
0.4139421349092416 0.3791109966545976 0.3759371031809324 0.3297671501509801 0.32361283851029915 0.34617575231393527 0.3303264140400981 0.2930546619183255 0.2763028532175418 0.27899331173661146 0.26780544633350495 0.19511588381457312 0.2057533747353161 0.16886919592648925 0.15120587184421125 0.1580797021876224 0.10489661543192937 0.11746114127383869 0.12627175990451062 0.13031969207610025 0.14339998665128414 0.15648454441810125 0.17448320093741265 0.14437440128476897 0.16795771852926972 0.1446177871910306 0.11561148560937076 0.09701208836930877 0.0636248333566876 0.05155432832416828 0.0857665159146732 0.053568966124596794 0.1073122345053298 0.08457795490058494 0.08516146318966324 0.1107025196499331 0.13642618812884091 0.1347336482618758 0.1686457008144249 0.13793503333279916 0.10979871378643666 0.06074113675993778 0.07598682433338869
0.42293097407612756 0.34913020238986964 0.3224918201196171 0.296899744528587 0.3289931407139651 0.33140906864592684 0.27151552722323324 0.26851599291567746 0.29620148249030653 0.26753795254448337 0.2404419468411454 0.20424199351332575 0.1566004949988935 0.15811200095844632 0.18684257521561543 0.12270492989152655 0.13622132972106302 0.13586518589297553 0.1097221807184987 0.11900623260256192 0.16736403671649774 0.15769366550075362 0.19679141768407046 0.1667276026128045 0.13902845892298518 0.13759603353966585 0.15562912609774163 0.09059001242126637 0.08754348521769383 0.09020998647107104 0.07105013593702295 0.07030195056812372 0.10310835695824347 0.052586629835820756 0.032962806634815364 0.06663925642053188 0.10472852141948952 0.12825588416172143 0.15774468945142656 0.14819120970130528 0.07186592832066499 0.05688401250618731 0.0
0.41112549278767146 0.3679594973811055 0.34613476049161956 0.3057133470725556 0.32537375063874857 0.30066705947790695 0.31522744083855386 0.29491212871388445 0.2825708573442355 0.25483392379686237 0.2227481116915236 0.18843585249328287 0.145063746650183 0.15098376236262184 0.15336429715598734 0.11547669209323433 0.12549256576005238 0.10668985585341222 0.17495046762913177 0.18459030148622166 0.21704815231682995 0.19895614459647115 0.15884326851729957 0.16152551835437837 0.1404591540282987 0.172900591285437 0.18396819956602628 0.13463266001739566 0.11176098717300555 0.13523249314995245 0.11286289290351255 0.12105680737357112 0.0827779842900088 0.11281537739701847 0.07291309778228107 0.06963722065154064 0.10403326072540743 0.14453285612083025 0.12818299720700044 0.12111066451896031 0.06999000865781758 0.07750839213170367 0.09576724668474713
0.36463550216141216 0.35533358912587976 0.3739134394261051 0.3365148653661177 0.28539514430937957 0.2971795911312019 0.28852464976341335 0.25082866613761934 0.27549918212940344 0.2561274471689251 0.22802085294106456 0.20493637135428108 0.1690389808313741 0.18188262325157456 0.1118218788523402 0.12652990847824713 0.12397648340306268 0.14146277303456292 0.1807902362816063 0.1607736169638242 0.21619680173857914 0.17070814570564252 0.1656127999504312 0.1931261988302803 0.13856686091772408 0.18729264351093117 0.18569980317668264 0.14085005315659804 0.12077731207439034 0.14590414011983993 0.14731578658799563 0.131771039115602 0.08941633796318976 0.11276373933426109 0.10175595447639325 0.1269762100658353 0.10836502852714347 0.16562999487876 0.16948561840383286 0.11025455744604741 0.11829430742350179 0.1361902285720346 0.10107755762895498
