Raster_benchmarking/Raster/continuous/raster-271.asc
NCOLS 100
NROWS 100
XLLCORNER 1743149.24013461
YLLCORNER 5469279.78982901
CELLSIZE 10
NODATA_VALUE -9999
[rows 19 to 37 of 100, columns 43 to 85 of 100]
0.5877933558819733 0.49278919642743374 0.44723775356859874 0.45174319035592697 0.4508252072056963 0.3955413593600874 0.39049356926922224 0.33957525147252626 0.33212924579749376 0.2910536152678315 0.2475542490207207 0.20422303647707415 0.16186922429235273 0.13413848880112877 0.12136622889690235 0.1548194090508811 0.18267040143361393 0.15640847184011689 0.15225619189910594 0.20749122778196907 0.20437348899975252 0.16906723150086303 0.18689935733501123 0.1895190789730397 0.2212770486984513 0.17994021850064207 0.24317858506348236 0.25719446888093533 0.2427422809684826 0.2877141071632775 0.31196623682055413 0.29978302803409485 0.368894092643508 0.39246619587140263 0.43220645797728857 0.4312206737289279 0.4310186674502657 0.4358251083226969 0.4238511724694512 0.3931673685574411 0.3971702374007993 0.3736232091705208 0.4112063730103331
0.625194432458482 0.5458769907635245 0.5363216468284208 0.5032508990829424 0.400091907184384 0.35072102568231517 0.32255231588547334 0.3164539552051095 0.2978085938045157 0.29008322102789086 0.23527604434041938 0.20887952988397254 0.1994196368256873 0.2003294139020961 0.19915685138748881 0.16672800283984576 0.15144588898572753 0.19337357618469822 0.17241639718825758 0.22349644836715776 0.17364228222157985 0.17127740082528414 0.18305477852942356 0.19488418643420427 0.23001037149430836 0.1893660873133219 0.17987221919005628 0.23606057285873208 0.24363493634766872 0.2333709182856297 0.29968311694700606 0.2971332057346958 0.32536894254513166 0.31613620404109755 0.3973495463836026 0.40277783035042936 0.4305703889029233 0.41006316197332526 0.4097897696176792 0.39598148902833813 0.40502686043767056 0.41172860702546143 0.40017013087677333
0.6268470398358945 0.5371916726206365 0.5310120077489007 0.47145541522264495 0.43972113079561 0.35172501346048474 0.2666132129113619 0.2925328398782648 0.32772667901740987 0.3105570939662736 0.32519427136062096 0.2803412055556881 0.21990760006372295 0.18940919910337478 0.1642503987346245 0.1904876529957012 0.15930842915120308 0.18001177084304126 0.18689674536115133 0.1827298010737103 0.2259277886927035 0.15772887707128141 0.1469012304575484 0.1940616621384132 0.20261724812281812 0.20056842180511084 0.12920220261253598 0.20226143981026395 0.22339093112040626 0.1804278069633963 0.21152408957036373 0.2699479735181646 0.3050414794964022 0.30619410951659737 0.2906364973808503 0.36490214651075525 0.3463116984618139 0.3806359483075636 0.3712714985022229 0.4092923188446025 0.422266299028099 0.4392353977637113 0.45528181623924996
0.5723299933901463 0.5264576315757287 0.4618862074866718 0.45689077173255216 0.3550108609868426 0.3458617147654323 0.3062175894888356 0.30574922833461504 0.3304348741300459 0.3017285849400968 0.3120242714473732 0.23834547434024675 0.18567152962012576 0.17210217103662762 0.2044372244919703 0.1794987813280378 0.16093521025490767 0.1661636417767617 0.16120767322959753 0.1629850452643266 0.18470377186042902 0.1798253198893637 0.13661719405471065 0.18291677243886403 0.23041306290135516 0.18923888549687398 0.13482612949389206 0.19320169696552714 0.1592008312577911 0.1671044940066003 0.18971019110257029 0.24636166785182775 0.2747479028846081 0.23303305252536552 0.2239046975047547 0.27728651219373895 0.30707188005523706 0.31772102957966947 0.3020742680875132 0.385663187119863 0.37625998554339984 0.45263501190567756 0.4426565060964044
0.5250817952290749 0.48732211712359697 0.4241981494430416 0.3599621838860218 0.32292882347375657 0.31452218372244156 0.22568686370766097 0.2751552794099104 0.26397121755765157 0.2329576168923776 0.2641487082345959 0.2659634750137319 0.1938589581729814 0.17809593041111518 0.22169074634375932 0.1909862889330845 0.16833208942106348 0.16800769966887902 0.134257819269536 0.15290167897641493 0.2182658369518738 0.24058936183256288 0.18776021453282166 0.22764360584306606 0.2137128280553862 0.18143525012395373 0.1683442718127473 0.1936139213154097 0.16921778452414965 0.15393572302715375 0.17263416893401104 0.21454857401869296 0.25863061477653043 0.2623867874855407 0.22791120657457567 0.26885263393876213 0.3034226405169336 0.31936068739318785 0.2754384990442517 0.31234234930806365 0.36798331433365744 0.46039501661569526 0.46903781674326084
0.47551665099607454 0.43414939911777334 0.3631570920330599 0.37222084944488143 0.3234363532338984 0.24880712809709188 0.20827950415209104 0.23457646970490006 0.25251286121361516 0.2369372249320035 0.24188670437665163 0.24786678922273264 0.22211662479642394 0.16500056443115144 0.13760206479895287 0.1520059009422476 0.16827998310636547 0.15594331705543232 0.14584724309303884 0.16453887295432137 0.21459531088863618 0.2660645492979638 0.270632232998179 0.21283153517555936 0.23187490489587126 0.21499317277732316 0.24115798258274626 0.24347252229482885 0.2285625786810022 0.1739219166797335 0.1577071036072861 0.2168701181136099 0.2172782711876375 0.2461485514900818 0.22337285516813513 0.2837237820805459 0.25092391476529463 0.2527578708351552 0.25623747591897644 0.3197174133687331 0.3802700721621797 0.4044002513128009 0.3860960297674594
0.3573055024834356 0.34256083818324545 0.3325493878083711 0.3666178324391575 0.3246952549769904 0.28939651375174663 0.2587218755265962 0.25306519057518884 0.29194696007171284 0.30545445991706444 0.273824456305396 0.22607454813212932 0.1905009262980799 0.1510791022998076 0.1546354731182773 0.1724543609586511 0.18212582998712085 0.21049953465971227 0.19904148876146968 0.19179498773836384 0.23027920304393218 0.26027305509367715 0.29485982046000714 0.29578953047879747 0.2867447679829621 0.28110929196838275 0.29461249498067427 0.27197305043335684 0.250904572596026 0.19084951239591708 0.2005990207793151 0.21989287016815434 0.22894966223358942 0.26334190465811763 0.2752142759886362 0.2701386117862321 0.23558420255266285 0.25918211525424256 0.30647586917741043 0.2845487365595884 0.3495491048060194 0.34847082237835436 0.3738455499316175
0.3978425643852495 0.3486243025840287 0.29156454718878894 0.32444577533405505 0.31056511341721055 0.30510868901591137 0.25915064920366804 0.28475480365048894 0.31216024610761123 0.2883458344503576 0.2249791144261879 0.21038279365245002 0.15755903744809352 0.20579474232996903 0.2099056795138529 0.2056360431236108 0.23488573784729755 0.1919871646444657 0.21777053971348434 0.1969790620718607 0.23302645275105288 0.24356759538155298 0.2551977978065256 0.23894952864856844 0.2262143062349392 0.2524086782656008 0.2691961402216097 0.25444809106773164 0.25028299531621934 0.23000124952467602 0.22842095027942783 0.25822724946692655 0.25836849530950823 0.21381506251035734 0.2219484321174202 0.2550758923535367 0.24824858748487158 0.23221064350517992 0.2416087669445428 0.2911652351126621 0.26409006328521045 0.31287338072049686 0.3499608062875112
0.3654955826564533 0.33102620219778384 0.28938277720595695 0.3164617410683659 0.2555861432467408 0.2591935039416747 0.2543761516258688 0.2844480491889664 0.310874250614719 0.26889300312303954 0.27200283488813404 0.20688229557596663 0.14710635025073118 0.15454185395150094 0.20905766649408553 0.2281071523843284 0.22163082151348482 0.25246025218067436 0.22952827528165184 0.19290904977317747 0.23727358522655972 0.26135767295129275 0.20822971659585582 0.2402223597972632 0.23364945273916954 0.20024209638066423 0.2115232039497197 0.2374699530048462 0.23653132459727502 0.23650050816155455 0.2583164018893187 0.23236308818493423 0.2366095631021529 0.1925488979950627 0.20235268125242772 0.21891932519761761 0.2801988001948937 0.27159144263106927 0.20609283996074898 0.23608751996917382 0.23508026671139273 0.2553597856423437 0.3128110896444593
0.3220669301670411 0.31839581488268986 0.27334403426687354 0.2834040275293351 0.3164962166054942 0.27121833227487435 0.29967551473525966 0.3012100256778018 0.3162774652700069 0.31567383066061205 0.25561849380499135 0.20869710628371163 0.12798613852891827 0.11791655641539568 0.15872645717373093 0.16065421826745638 0.19384607913949137 0.2295354798311306 0.2380587511310177 0.22422507230931968 0.26685071488582646 0.22959187807964765 0.264423194164151 0.25170794789204 0.23456647174852716 0.2189100215566036 0.23285495500200776 0.18962248672372983 0.23704846056211454 0.20648159315799125 0.24014450938221232 0.24482959348711814 0.1985369849814662 0.19611800840354113 0.23783031063708132 0.2588486326701168 0.23117503516401933 0.23187202336564133 0.21953278009152477 0.2505378182118199 0.22046510064692734 0.21780500142318784 0.27782446374047953
0.3300928387795808 0.30860055179074164 0.2825727904045337 0.3233105979867936 0.3508690943441367 0.30495904256644474 0.36955714232690967 0.3136043381790836 0.30135857911849306 0.2540810828975244 0.26972296932118456 0.17556315266014638 0.13274803909694047 0.1492725741968588 0.09536540475527942 0.1538385423570347 0.14184584240840656 0.1903166020843672 0.20393253052400895 0.1986299441298959 0.26289519451798166 0.26764445149003924 0.27060903076029996 0.28805335847334834 0.28914153088097455 0.23025050729997015 0.26423462354027033 0.18094139252890612 0.17519885065998025 0.17726283770345813 0.16617395037196248 0.18143568193360762 0.1826213899840946 0.19331248550799668 0.18793162642500796 0.1981337502261022 0.2180966075939255 0.25475738807532833 0.25712102860382346 0.1999336321420415 0.1770827423488863 0.17607547195647738 0.16697380186972297
0.3750520997700342 0.3145550092170233 0.3403183757680804 0.3676645369971009 0.33045228678852356 0.3723300969775791 0.38011126688447056 0.35196663416194274 0.3149395712148203 0.24354706902167897 0.2348227126860949 0.16666627570105047 0.1296914619598221 0.12717674457204575 0.13096226337897163 0.11263667444769754 0.15477571708007265 0.1927000197296585 0.15829836982839177 0.17765559517194973 0.2622357062170239 0.2610074814687187 0.25697681986109133 0.30485043904902936 0.2781328273478557 0.2740968244137589 0.2656301624895342 0.2455913355969088 0.22058603257728387 0.18545394442963578 0.21779070665207 0.23334850363277188 0.20083211469930548 0.17592068050108556 0.21721974698569418 0.21906514701236668 0.24631719991375037 0.29313963646980634 0.2998150902396429 0.24593697083483534 0.2811035937085435 0.26466417254537616 0.21969919497333873
0.3555524415807923 0.30944041758646523 0.3730006255408286 0.3409355583931788 0.36621723977144865 0.35105714295579393 0.3153828573190862 0.31535773132177725 0.3181988069499896 0.21755043627504164 0.21092515163099396 0.18600517840764755 0.1539223826772797 0.1356081972240611 0.16046103984823817 0.13460768253249433 0.1638559589554366 0.17015370656098014 0.14023793512273477 0.19377312944918673 0.20829621529107112 0.2117642298840147 0.24417781354187396 0.2642676944348572 0.3074519303724922 0.3173217844074343 0.3241720882176189 0.2805569094611657 0.1894774146999337 0.20222887795017944 0.21747205155519964 0.21768839855300579 0.2612152853428809 0.19349337501615188 0.21547608344098063 0.27335033219465266 0.25903815474953623 0.2909058825361551 0.30710494874134175 0.28270625629613105 0.30297684388660306 0.2818059575839532 0.2884881155833855
0.351502924917471 0.3213499174468211 0.36098126105575606 0.360417673781994 0.31380382788007954 0.2994755328744269 0.27899731159451224 0.3295586471113103 0.31388692832491355 0.23816290278678034 0.18258354025285115 0.1730157786108107 0.1412914904422528 0.1436007902804099 0.1327350759880132 0.17912605145701277 0.18052033015441668 0.19189425869717866 0.1359279632170616 0.1835484732293686 0.1888133800789363 0.19299067062660355 0.25486763372805515 0.2696560547769285 0.32398565007820374 0.3395284196143553 0.3355285846622125 0.279374217320139 0.21698597719977228 0.24233094620013623 0.2615086940008627 0.2612387532227611 0.28247608461972734 0.2329109611094548 0.23226299527664993 0.25694184542996906 0.2744431725874592 0.31165037693410397 0.3070036111259096 0.23895743822749513 0.25636795946309704 0.3292623938886733 0.34547454314750226
0.34267625761517534 0.3682125787612305 0.3637719296692342 0.35376960724333645 0.34204079991931774 0.29763580507661513 0.28137410889912334 0.2789824381607741 0.2851747883133337 0.2560700815239985 0.15317798471089242 0.19912941944491722 0.20795457043169932 0.17749449751388 0.1466232232049936 0.18314894824287137 0.24638059014575053 0.1828084887523485 0.1353514570247268 0.20432051156700792 0.257778200443019 0.23708427111081196 0.1919429369891069 0.2878190517761441 0.3032171341345491 0.286270854375407 0.32181728091236894 0.22782548407983638 0.21958652269986972 0.21656384622236255 0.2218482185988876 0.23251704512824897 0.2761718877709266 0.2599767521199918 0.26889774599565397 0.2424727101345446 0.30112258166152706 0.2574899465676803 0.2307495019080599 0.237505179882162 0.2517532467119151 0.28362809239902537 0.38084604110239917
0.3748184668323688 0.2957151764585476 0.27090926462595966 0.282663204813106 0.32961921793590415 0.3147179990830778 0.25021112066951134 0.24798439251287283 0.265694156606198 0.21484186973836883 0.17049563461269393 0.15011348088663581 0.1768013574007254 0.18785129813831192 0.18423024519147804 0.2537755328344113 0.2582797879890659 0.2445814306220267 0.2149097234588077 0.1876151319513363 0.2599688809819259 0.27146512475507373 0.26006680779213465 0.28398517176485094 0.27309653356607366 0.2740362135198576 0.2780095626187877 0.23361527083181408 0.20081169878446367 0.2682575825496204 0.2809745852056192 0.26966968617804393 0.32870583475646525 0.31297235349264335 0.2509530420177589 0.2808565537377195 0.29700294893263607 0.2774672895822415 0.25263734509860913 0.24806233987428478 0.2545292195883971 0.2985929815517458 0.36929655299433295
0.3553459934942063 0.32728520216440793 0.259193975877684 0.2882211139430698 0.2610251687939724 0.296966665415001 0.2987847950904584 0.2950978244359258 0.24965246607490063 0.21651064502633655 0.1927279111030079 0.20670508073715432 0.15958145652291972 0.2323836338655812 0.1896997630569569 0.2879603760403977 0.2920647932735568 0.2892910001740948 0.21802611974391692 0.20336471227624464 0.266312279529109 0.3024482282416646 0.2720835398108958 0.2842299793648462 0.2714831621511396 0.2548370537058259 0.21662420353856068 0.26544186907058626 0.2227306324992907 0.2346667867297892 0.2994383040550553 0.3245798689317619 0.31033234232105616 0.30260820687351153 0.2676740371373767 0.28743789810031245 0.25886921495166126 0.25394262360624864 0.24995448273062768 0.25093001669849496 0.3397079985613772 0.380519932111284 0.36317025609481085
0.3066169030212214 0.3038919551633685 0.2526948306413596 0.2241584926393639 0.23521425459026646 0.24010866925734412 0.24277054807274173 0.28484528245878843 0.20558415576536002 0.18100847166935136 0.2216975513176291 0.20964571538826224 0.19073212756187136 0.26160369978916737 0.2765115384091058 0.2882098387134608 0.3365042988971222 0.2855729211775924 0.24993735931700217 0.2680763640780137 0.2688170515103065 0.2933185975887435 0.2838507784352588 0.29422992092859573 0.2947893088154158 0.2877420269422065 0.2526996960962366 0.25013009919575474 0.2894993620954198 0.2935878389372001 0.3096075488434646 0.3284310142035149 0.34375284379826815 0.29819084224276843 0.27345730282139946 0.31135455906700416 0.31493467978178624 0.32148632993311044 0.3365452767703276 0.3082649032794956 0.379367003818483 0.38522180784652016 0.32955039172296435
0.25130442062183855 0.2888998219649726 0.2548526812371269 0.24787850510296938 0.27241148462056214 0.2805989079181393 0.24038681076163831 0.21799765539248545 0.21745338835701264 0.2188757919351227 0.20582929523510232 0.22816725745835914 0.2486750508238532 0.2278815422900203 0.3060421530830108 0.3011541762887662 0.36184539038037794 0.3393079724281024 0.33161150243785054 0.26761338548050945 0.2941759067789721 0.2368319997558574 0.19843760643778574 0.23286185571998372 0.30107410713552235 0.3033498863549457 0.28526389503961813 0.26842041274917916 0.28753625997316107 0.25471948464888494 0.2676589218374067 0.3101244572498437 0.33242678096184564 0.3105419074637031 0.3387361682494876 0.32893789812341045 0.36291084029451315 0.3433287670460415 0.36399996591696115 0.3197981798574719 0.37734870912144736 0.4054097033749934 0.3452706262256635
