Raster_benchmarking/Raster/continuous/raster-75.asc
NCOLS 100
NROWS 100
XLLCORNER 1743152.337794195
YLLCORNER 5469284.133318135
CELLSIZE 10
NODATA_VALUE -9999
[rows 38 to 56 of 100, columns 43 to 85 of 100]
0.5450750063012889 0.5324943620782973 0.5153345718403451 0.4696595937187328 0.46889902146409596 0.5037140564781358 0.5333823797233511 0.5117550009458609 0.511524548779044 0.5297551807437868 0.5154570542328916 0.48178424435969636 0.4580450889540783 0.43688951952122307 0.40290189053073816 0.4183287749790289 0.3881593261778574 0.4290483066316249 0.4335825755010271 0.45160080396125557 0.46533931621425145 0.463121476120984 0.5158721996562621 0.5321396673684036 0.5074213112799649 0.5462006639084294 0.5617692003848184 0.5785810534076491 0.5724987724785703 0.6005473594190184 0.5990640496593048 0.6232059867874548 0.6161321116127604 0.6388482397659148 0.6503005723934988 0.6175325664846275 0.594135005007337 0.591291030115474 0.6190337500936567 0.6533120299015079 0.6398912389921975 0.6488290187566864 0.6210048762402186
0.5046972445313593 0.4975963052839213 0.47472022279264037 0.4848347013327711 0.4698893157260114 0.484756141167966 0.4953683415756307 0.5311836527187934 0.4848674578608836 0.49642485291422145 0.5084362985124244 0.4740341444107889 0.4659015849881382 0.390583824677346 0.3841066357872892 0.39515642528865474 0.4136678521827724 0.42950750155421835 0.41178610845531555 0.43563126589182816 0.4487229453773524 0.4858312253064428 0.5271003233459425 0.5468504715968218 0.5336865596323472 0.6019288219029183 0.5994828919928659 0.5958967050814309 0.6041404416254695 0.6366559063946345 0.6289647254823709 0.5905862978075201 0.6146500289374333 0.6373945844110319 0.6229225746317063 0.636964438178266 0.6508417238912149 0.6408213444872269 0.6202199817975002 0.6697944358738284 0.6550763635712762 0.6058302096385065 0.6000587399571479
0.5175741525721608 0.5043577841255472 0.49217171589730196 0.5129702422429923 0.5182385524792921 0.48589215503843236 0.4904899885198422 0.5192189923639476 0.49776243783523744 0.5060716138300453 0.4634364685301651 0.4512897595253018 0.4515781316453147 0.4243494608816984 0.4075617701386672 0.4100361265850034 0.4026500239246244 0.40020352159183115 0.44869163360662756 0.48106282834294095 0.47768805022198974 0.531763008148865 0.5476902655257279 0.5345232505312718 0.5729171735283681 0.6137601547269412 0.6034995424188085 0.6364243026214873 0.6273095125557635 0.6272787902774788 0.652341866522315 0.6318003423783556 0.6274807223873653 0.6531118664395038 0.6564400024758001 0.6448422762009601 0.6700792188283708 0.6477890249258522 0.6057563994663485 0.6139998791638019 0.61409955609308 0.6224111361523792 0.5932927289195192
0.5061442019515167 0.5028607477019325 0.5330328995455748 0.5424927545480486 0.5328411968247793 0.5059055209220071 0.4678360581829498 0.475574332977414 0.49376001609484604 0.47257778075681345 0.46569829253068606 0.45540183549626184 0.4207875844521859 0.40897364732700164 0.41563125401807016 0.3892878193520644 0.42218770969677166 0.39093771320727644 0.46431865765246677 0.46645245001849744 0.5100360533138623 0.5221808236488148 0.5500836987367549 0.5670768458617332 0.5647545714280937 0.6236554559536179 0.6155749426098204 0.6476560253134641 0.6248223322782122 0.6613805049590256 0.6413094214470597 0.6445602758587688 0.662915373024299 0.6720794843715413 0.6833589361414432 0.6899506860586728 0.6668645203605248 0.6156821231252407 0.6126972908911855 0.5950087095339147 0.5710484645081313 0.6128944712428754 0.6180039248096888
0.5172974231353242 0.484464586906563 0.5298232246902562 0.5238970521445767 0.4790261036343175 0.4794142616057239 0.4553113036884291 0.4210896397466466 0.4294173095694406 0.48714323086968225 0.4947446702050409 0.4954776638549253 0.45655615609346417 0.438276987121401 0.40832063178033684 0.401839821853588 0.4167852775407353 0.42338230940201416 0.464062758086315 0.4883518778981853 0.5064309242271735 0.5276975413303682 0.5536603450321668 0.5516115206022528 0.5930875306968354 0.6046735092195346 0.6418229462814472 0.6299988987296338 0.6401224206741896 0.6639256010491547 0.684365953532455 0.6730695547788645 0.6824257418140174 0.6554724336215764 0.6845397805835579 0.6840978012382481 0.6712736638257724 0.6521526368285963 0.6118559420274862 0.5851605833131952 0.5613020187837268 0.5835128432972178 0.5998014772201649
0.5160525123597839 0.4888649621330921 0.49340841762849885 0.5076384141121512 0.45328205605114763 0.4252478552406831 0.3964881486707921 0.37193323332581735 0.4166232211991377 0.48205039353929857 0.4887737509119867 0.4778606169569476 0.4324089001583364 0.41674256569686735 0.4231443174923494 0.37273800025728704 0.40355760550168585 0.45841652900853763 0.486399221773787 0.5311706158835546 0.5133810272011489 0.5478016002255695 0.5671989719668462 0.5838499523295047 0.5864450383293254 0.5970653768228091 0.6021859911246037 0.6017707169321312 0.6591850730764347 0.7113280888881873 0.7188607998994841 0.744167789230275 0.7088820075848534 0.6598152829152277 0.6855143905490876 0.6914984966969445 0.6569630084216147 0.6438295305417283 0.6004567232645809 0.5295389351895927 0.5711034573136524 0.5827643067472583 0.621470542342974
0.5047996578127023 0.4979998721117983 0.5071926865819715 0.5110263497576997 0.4556446295919244 0.43265770717333385 0.4013352517917506 0.4169025344369106 0.4258721011961425 0.47835879938354686 0.4961938998799489 0.4561651930596024 0.4470609923918047 0.4469286265094792 0.44616861321693174 0.40396048051179206 0.43461344930607754 0.44527213144923017 0.4781028210587801 0.5324344424733827 0.5327961130457 0.5609931277049053 0.5752573962538652 0.5919922599020082 0.6003341688105769 0.6158101593682098 0.5887705568347934 0.6247947242735853 0.6699077579130868 0.680080768981496 0.7130690708951247 0.7013109427980246 0.7104060886421063 0.7024847116655129 0.6924613693325092 0.6662850141637164 0.6747605290329939 0.6473777847319173 0.6186861591386706 0.5631441524388765 0.5755033400231765 0.5787894235711606 0.6171593722227915
0.4959261886039181 0.4975341818924514 0.5189780999059177 0.4758482213891263 0.47191381248351244 0.41877947640822794 0.42540965590975005 0.38621488619821825 0.4354822499723374 0.4623070543075762 0.45922428243617686 0.5019830797772467 0.48531977033835344 0.45168382455927714 0.4446268794759763 0.46152582413705956 0.47835704513132127 0.4525966700579793 0.5014559089863185 0.5240768283347932 0.5120320176639386 0.5550280281872241 0.596032515055506 0.5713445307094279 0.6080781563535064 0.6024845447419707 0.5860815926698205 0.6166289600037015 0.6568616539985498 0.6966436316181369 0.7184611021306109 0.719636901567239 0.699065807736599 0.6812600477696202 0.6826090266906023 0.7066055691793098 0.6880342585810265 0.6528037312461998 0.6104472372836932 0.6227171759882418 0.6109980721284816 0.61045292054524 0.6318384349789075
0.483508088309314 0.4629523810926474 0.49584542446422775 0.4723628124338905 0.4763530289796358 0.43402130566185465 0.4418007539987827 0.4334881352555359 0.4388170515401746 0.45514119149288185 0.45598918739913163 0.45766561855608545 0.45788131836746115 0.46050588093765404 0.4653643442872745 0.4380940652734168 0.4830909472937552 0.4599322873445797 0.47435045827986694 0.4926821530655097 0.5286827587468786 0.5675776520123111 0.5877466708980555 0.6166556074127909 0.6148561354107346 0.6050049126851503 0.6161523954904022 0.6489339373718621 0.6763638453344059 0.69233935990721 0.7143746520161842 0.6996167963011922 0.6975464245358695 0.6867810231063494 0.6771461261232199 0.6684825070707324 0.6519712992758053 0.6689355600320941 0.6450561473947881 0.6216020348468676 0.606845208314531 0.6239283485423163 0.6226765172826584
0.5013253905092653 0.4753826028680061 0.46163216214937 0.4477349681602927 0.45147305080174516 0.4680532503459025 0.4620488784507029 0.4380845411171761 0.4826358094843158 0.48027908218613724 0.46073538016472304 0.4554734151396939 0.4660892803714404 0.45089523894847033 0.4592641219977404 0.43802064928725065 0.45396114025814216 0.4853293911955183 0.48298074525057777 0.4997990129981786 0.5298244090183186 0.5402832241497468 0.5655375599187078 0.6162197321279643 0.6095926152494233 0.5813413246072824 0.6300798235113413 0.6750955555639739 0.7072735187034964 0.7325076877705302 0.7207712522188151 0.7044963847704985 0.6547507301534239 0.6341007028926486 0.647386662313717 0.6624110038996074 0.6476809340200514 0.6285447425528063 0.6092702030075419 0.6261364665620147 0.6410331307361443 0.6550008545772745 0.6635673905111045
0.5031748900317128 0.5025348001573116 0.4850142131985074 0.43872590247150706 0.45671991647717997 0.42636075013147806 0.4410248097920403 0.474580707492157 0.48797260231270995 0.47388305767487193 0.4734644459143997 0.4981247605995389 0.4830185930442714 0.46312994557753184 0.4411450185382646 0.46387528201922257 0.48059954857191783 0.5013402914999905 0.49187911998557415 0.4913462509189426 0.5282442524664684 0.578533461967109 0.5959986528906821 0.5963742033607393 0.5927195796941628 0.6216225203666071 0.6433584229951557 0.6682300793788308 0.6982038429222435 0.7321020683125774 0.7191574825978613 0.6557299536286056 0.6333901057104382 0.6543693995799541 0.6556282135006777 0.6668648591964967 0.6621554102500155 0.6529605646861023 0.6182118912059378 0.6292861166537297 0.6554293963481148 0.6267452810192129 0.6506621991088997
0.5293113971947543 0.5013780119038943 0.4873589297009544 0.443583651282004 0.42368427694433686 0.42495517067450467 0.45167163078640554 0.4554783317667593 0.4571173727965912 0.482334905686548 0.5113994605412383 0.485367514658276 0.4918163183766688 0.4840036236036557 0.4699094875200345 0.425937734088238 0.4596893047535551 0.4970307158466828 0.4943091488850375 0.5340390783460987 0.5451492993156801 0.5897297474012083 0.5996007034385136 0.5902327711120812 0.5959245445429219 0.5990837591521059 0.6467191524022197 0.6646939895238798 0.7033732530630354 0.6882541659902581 0.703250006293687 0.6562688858223178 0.6496833640637791 0.6337422581894795 0.6585139329584129 0.6761884405200052 0.666956085766842 0.6529974702115512 0.6523187054385969 0.6340496725129408 0.6404970647701724 0.6322006259721397 0.6592785216244436
0.49221125690155215 0.46443661035788414 0.4771217664936413 0.4623787975638816 0.42159970297149285 0.42903629576418534 0.47461839065117545 0.46162725502528346 0.4769814580150455 0.501829016773374 0.5092366999729262 0.505077134487802 0.5092888699846582 0.510949489924322 0.46123874112373847 0.46556575374826253 0.4831910163536344 0.5114104742855535 0.5024309239005317 0.5379063563545057 0.5879886916976637 0.6083088511361233 0.6108446768454182 0.6053243726596795 0.6369295536054942 0.6528407866231654 0.643340567311336 0.6722332662821144 0.6679405599235325 0.7092107419275533 0.7182732180393675 0.6797845442286913 0.6475791184454857 0.6273220624546216 0.6254875336866 0.6194780354917745 0.626302320080783 0.6361408247885468 0.6278511393347699 0.6257482414168767 0.6430877648524657 0.6473510250935484 0.6457746940760647
0.5129688154623552 0.4672560620316607 0.44276390449997427 0.4349498897179736 0.4416538229978257 0.42935183476500244 0.4910885895040428 0.5101947445844915 0.5215184664489947 0.4888938250306601 0.5167960377875617 0.5371588020266242 0.5082652089580281 0.5018144398723745 0.48702694298618354 0.42533793379620277 0.4735382966479427 0.4862512515734913 0.4954417466569737 0.5834754715542022 0.5937806892075814 0.5797232344521948 0.611502091244617 0.5964884652227685 0.6554967514582501 0.6706868888435903 0.6901071958921164 0.6719880109501386 0.7104180936217559 0.7081246253951562 0.7079350786389113 0.7297398300436089 0.6819974841091712 0.6204772796539564 0.6321305339865225 0.6072907155788048 0.6395125781925561 0.6397238722415961 0.5982862026117342 0.5998400589320311 0.5940024421005735 0.6163518881779362 0.6381928657813236
0.4781156711071082 0.4276241640513713 0.4116711171565494 0.45212647684448304 0.4653850523429529 0.46306217982896636 0.4851654034720843 0.5210927439502866 0.5171928453388213 0.5116853694091547 0.532921331758856 0.5368109543713481 0.5015225554939241 0.5038229251371934 0.4860630537186174 0.4752127121429616 0.5043779769156311 0.5243750567818019 0.5047499398067761 0.5371198876657449 0.5783197071678884 0.6013043524475941 0.5994212169114788 0.6215751905270887 0.6626145871279298 0.6829289404041378 0.6877174441565927 0.658587454502477 0.6985308302867091 0.7150608539992981 0.7113448591628732 0.7170217774514829 0.672241983820445 0.6387247965627485 0.6406432398731022 0.6540226069218424 0.6336545445860288 0.6393686417108804 0.6115210394365886 0.6260855668412804 0.6084736402449659 0.5851769284564489 0.6101165558173556
0.4872854180002456 0.41923443765924634 0.449735694256829 0.4102836187915328 0.4634072254905988 0.49720109151007447 0.5151403842093268 0.4972096725659834 0.5179156031951253 0.5638495708986055 0.5325272963743114 0.5108837326555702 0.51731818858615 0.47000877330294516 0.4983909359694448 0.5114082091344495 0.5031238756657788 0.5029565083026055 0.5275180256711414 0.5276213196620607 0.5686804876678649 0.6023477161591011 0.6376084484094525 0.6532447193520202 0.664461816509384 0.6667030471605175 0.6551608686418173 0.6589375121605988 0.7023423633493414 0.6634960898479645 0.6934028407182872 0.6784635881686858 0.6389102104430002 0.6306368031750849 0.6519253242342686 0.6487806357938745 0.6563399699954479 0.6515629347582355 0.6297358983231688 0.6318809086167241 0.6080934727409413 0.5944391479903457 0.6444802815452021
0.4491007395932281 0.4196424845364019 0.45613895815732475 0.4430144700246554 0.4673959368997631 0.4942330360536793 0.5208691391765446 0.53831812549223 0.5305790248861281 0.5449259230313623 0.5600619419031746 0.5053770074773349 0.4982150325345793 0.5109046011812546 0.48366460435812053 0.5239913526437591 0.5229161665333342 0.48863908624590735 0.5031951615586022 0.5578767135019984 0.585852136470552 0.5964704159924366 0.6409856361077161 0.6442573596575177 0.6748251939562935 0.6569772841668943 0.6835169831025698 0.6833474041613902 0.7059702537010899 0.6741527435765702 0.6653972977269835 0.6596956744253153 0.6562787236783205 0.6858629292496962 0.6756223604220949 0.6317395091091913 0.6568145843816379 0.6430492146305097 0.6319864253574479 0.620935860307131 0.6322205283199381 0.6258336471468617 0.6390412154656441
0.4237609092091508 0.4428418514215794 0.4424135936596099 0.4594886208231807 0.46308266152658817 0.4881805885653396 0.5125478686836119 0.5483633265381636 0.5276266508560162 0.560570156398276 0.5445290666160713 0.5289216798958668 0.5156429845014125 0.5453821117809416 0.5142837855346563 0.48713278204505317 0.5028010106467609 0.5180014339676388 0.5523931854236946 0.5422723538671341 0.5993424129506293 0.6179053416796076 0.6481879171935241 0.5979441850490493 0.6854565634347463 0.6974913741045181 0.6935093113256682 0.7353010574079782 0.7391026229837708 0.6903486101731642 0.6861499968659122 0.6678779307344069 0.699051748499625 0.7004195436327767 0.6933991275191259 0.6338258708613616 0.6509225893494173 0.6028802539015427 0.6139823545482587 0.6381896614899562 0.6482374597063513 0.65385157256813 0.6633273219166568
0.42949753170147154 0.4234138082409537 0.43665106894916383 0.46177430447832996 0.45325791549488265 0.49949110038755906 0.5039601832021686 0.549854104860609 0.5183112929594235 0.5579701572401482 0.5350930912015891 0.5544789344536937 0.5664376844823188 0.5254679789074742 0.5364191916969062 0.49613096658116074 0.5299143690331115 0.5716724644405914 0.5824089433860312 0.5976622821677952 0.6174304892220681 0.6322546466106523 0.6418021507808962 0.645599986573764 0.6846195074356334 0.7272105979250066 0.746901340869893 0.7444235658582241 0.7381667392214747 0.6938533008396011 0.6948188365200431 0.6687485921663353 0.6748100262520054 0.6858123996062824 0.6920792450605834 0.6664249131533209 0.6549994175605134 0.6391953739780529 0.6210101596803481 0.6489613307595822 0.6535794017388766 0.6745317434596305 0.6859491536188353
