Raster_benchmarking/Raster/continuous/raster-331.asc
NCOLS 100
NROWS 100
XLLCORNER 1743168.9173486598
YLLCORNER 5469295.168232057
CELLSIZE 10
NODATA_VALUE -9999
[rows 76 to 94 of 100, columns 43 to 85 of 100]
0.5553368535558876 0.5869933402377209 0.5699244220603321 0.5817991344437743 0.5528636844703095 0.5251293759983546 0.496916296803752 0.49377891766513027 0.5211749967834599 0.5406739963996922 0.5188590057006246 0.5454972567492297 0.5165137890734757 0.5217301153831632 0.5403812001801404 0.5781545836870294 0.6094235245002729 0.6054806050688172 0.6229999454044128 0.6100965269100963 0.6273976800832227 0.6343745393662479 0.6073413658166686 0.599892868009275 0.630700935941569 0.611736318405808 0.6431946430163795 0.6291216054685865 0.6348567956406798 0.6498130065612074 0.6693525401410008 0.6485764037925289 0.639439597489054 0.6417641695155012 0.6671613605514394 0.6520096036710472 0.6492221170933057 0.6417216984756313 0.6239529776213856 0.644050795954215 0.6446827611738419 0.6283386641109444 0.5851994556271273
0.563896754412866 0.5887376708762939 0.5781144140575928 0.5399359900668997 0.5583263443469172 0.5280843925172007 0.5098873386858328 0.526822238070822 0.5332975700804243 0.5562761478308142 0.524851461667415 0.560900853714581 0.540767811144046 0.49862988059346414 0.5229639318758367 0.587468257985198 0.6294403553335446 0.6273805273830929 0.5813277787483386 0.5728410610105965 0.6304810442367237 0.6373661948564082 0.6185660777462954 0.5893679047594705 0.6241402152937708 0.6310108653236746 0.6519816481147772 0.6822807361041533 0.6394773693767519 0.6361784364736156 0.6309725656164736 0.6309069864404312 0.6470083888365119 0.6561043797325959 0.6511643072715445 0.6636988698692435 0.6229914119275709 0.5857507360829625 0.6198168113935286 0.607622571225503 0.6250541870504882 0.643419403045976 0.620806170627557
0.5684501133388932 0.5878904219853073 0.5849485310022701 0.5339461713479374 0.5212230161746673 0.5196650244707914 0.545930258986174 0.51465563745595 0.5441320729958864 0.5664786939652926 0.5655427846481519 0.5801166330375132 0.5263842497107646 0.5066987115524436 0.5434313669452291 0.5722352940181995 0.6190877926897416 0.6297744750160634 0.572492154275624 0.5902953842337237 0.582350335904265 0.6218739841938441 0.6043472182007168 0.5931405483175053 0.6051210987752105 0.6092149648453582 0.6232688061356155 0.6647887993807794 0.6669454683848047 0.6660798249973765 0.657912861190612 0.6735000024572073 0.6545252374608868 0.6864633816666679 0.6880183184282762 0.6848708301590889 0.6159520983128991 0.5981344411800508 0.5749417157582289 0.5839172312921911 0.6269867653923273 0.605467762589956 0.6235095051889632
0.5639867543709385 0.6129185115145405 0.5760622005166154 0.5299535194994459 0.5402135647929154 0.49078532380818646 0.5286755969280004 0.5405510256317343 0.5838222390634612 0.5957539554892177 0.5919663904860565 0.5659796451670371 0.5280967494978778 0.49624589554014387 0.5588253552700625 0.5890198051925875 0.6070362824357695 0.622521735884645 0.5978421084489641 0.5436726789045633 0.5568352240591212 0.5775662566850228 0.5518137611944678 0.5613640943843277 0.5692390619886432 0.6001896662820155 0.6031835573449504 0.6618751198006902 0.7011045977963762 0.7442709838482997 0.7077466877563647 0.650225751090909 0.6767323271130523 0.6488837176084008 0.6673002067033983 0.6908486820934464 0.6425025606556362 0.6087448692193259 0.584550227816109 0.5865286902643512 0.59879430750319 0.6093209586545929 0.6379384374234245
0.5872174308149095 0.6044731097994707 0.5738937419347956 0.5627020309319386 0.5372116207596455 0.5374638943104534 0.5722666252445479 0.5893713013733126 0.5672938037975493 0.5889872565881955 0.5592539452041416 0.590026665336022 0.5560084700053832 0.5557832304739638 0.5664624459157085 0.5713463044504828 0.5660179806725121 0.5925030972798517 0.5510376221987983 0.5630592895054581 0.5507793657491419 0.5662843729904798 0.5561867013867947 0.5641265731973788 0.5617249226435939 0.56587687223439 0.6277985200256481 0.6253976434152144 0.6457145278420231 0.6925877964810013 0.6818599230429141 0.6558236975294205 0.682348955611458 0.6657702451210756 0.654559895309676 0.6900592824986058 0.6818550399581863 0.6520196978952131 0.6272443276014585 0.6487511577926747 0.6393457678011977 0.6439980817609433 0.6370171556995864
0.6227969859896939 0.6008629317612157 0.6099382102453756 0.5982609315539928 0.5808775844112203 0.5872203676335096 0.5743310336199586 0.603601120093496 0.580369845520837 0.5696237534954073 0.5549437453952155 0.6017125650706144 0.5670056221627183 0.5512866378750702 0.5446706911126072 0.5359401567046218 0.5662941743691319 0.5561184512873121 0.5224722521566005 0.5172041002871728 0.5344075905388712 0.5749561028876722 0.5626008770714062 0.5611861006117385 0.5577630534859359 0.5741383290702718 0.5853008140296732 0.6198437195905074 0.6361738847290972 0.622482303720823 0.6774106365521408 0.6649069212329748 0.6650129825412748 0.6628977693879539 0.6665009988086296 0.7175036439881801 0.7030360748220923 0.7220309715044383 0.6826732016354069 0.6465207178039857 0.6721411743542138 0.635266088405276 0.6775248934682748
0.6048499688195715 0.5931202407354312 0.627438013232077 0.5855319006786861 0.6129839206989027 0.5918653482407843 0.5829520083621823 0.6081443559186861 0.6004929201689588 0.5935315310374715 0.5891899803125786 0.586234293117766 0.5681698904583757 0.5851139487315499 0.5582997799909197 0.5093148725749774 0.5342893844475054 0.5183875841339947 0.5212577649208766 0.4957585869851483 0.5174200569278973 0.533427431387144 0.5640938259947181 0.569041542920449 0.589495340357221 0.5727179763753434 0.6205519114183787 0.6030258706798615 0.6063870426238265 0.6279877143716159 0.6675572974687642 0.6811512873369048 0.6984248648214657 0.7015776689054568 0.6987874070002718 0.717156547034558 0.7203551917814187 0.6947598081402352 0.6832321510734788 0.6871828846491593 0.6841723960071274 0.6840141043907683 0.7306579462111388
0.6109034796188278 0.6203591235399516 0.6140983076123037 0.6014090217813556 0.602727625278742 0.5932127507063387 0.5843631214948316 0.5654353011096873 0.5772806823150389 0.6100462408485547 0.6229456401500769 0.575851128755095 0.5610333618131604 0.5724132227052302 0.561515147255466 0.512839421974783 0.5455297816048906 0.5411907331351554 0.5541732631122098 0.5018312452903343 0.5215428104732348 0.4997193100637397 0.5273898340038788 0.573967193199797 0.5740323279155524 0.6017074529483544 0.6178588958921689 0.6408943652312337 0.6267998969303139 0.604497344354465 0.6660006526500794 0.6838103038617657 0.699484205793998 0.7196558460200456 0.6826519536151966 0.6983502261518695 0.7205238618993582 0.7483811488947285 0.7431621739854903 0.7049165896702307 0.730730318748988 0.720495793427832 0.7302814301324158
0.6413973269781674 0.626743869509653 0.6236673534857613 0.6208407963734085 0.6120673127236035 0.6208180908179161 0.6034677768074223 0.5814600296526908 0.6077555133738196 0.5918504619007359 0.6221247552667656 0.5823097591217318 0.5992628764682496 0.5913458246621772 0.5401387236772792 0.5200143084499624 0.5241568489247692 0.5432549679206711 0.5553473609462837 0.5293523655730528 0.48810271814577133 0.5269697080481596 0.5490999198643904 0.5527986129691094 0.5793018311072329 0.585719610958703 0.6043784025122783 0.5908123836726992 0.6229837386882432 0.6482164207092241 0.6386971020904193 0.6952281601526895 0.6870921442141044 0.7256835260058556 0.7163792581880616 0.7292542890786033 0.7537796294832425 0.7590928891233565 0.7764796202226348 0.7904681221860785 0.7808389599331217 0.7530345691737775 0.7762266580461638
0.6481478489841039 0.6400065734094589 0.609827715004917 0.6002670364879046 0.6187306803099965 0.6057579976668599 0.5824010965502368 0.5929413504396732 0.623169951141037 0.620383944981947 0.6213999636921462 0.6107676031841919 0.6223197589083563 0.5598019267943775 0.5853332569393319 0.5514078882758213 0.5625256418782025 0.5882333202498692 0.5659883535762964 0.5251961235065384 0.4978912220396057 0.512741558438013 0.5397044006347546 0.6028858601744939 0.6089562412827592 0.5982012773776579 0.626676003457987 0.5973122913165109 0.6121307157601751 0.6277092689277665 0.653126420456275 0.69573582908767 0.7043275165309015 0.7124497295836103 0.7322699725710733 0.7572690059903266 0.7679326930418446 0.7724823092494885 0.7700822786771955 0.8101022021811066 0.7912773711510999 0.8180519288273304 0.7926660370843489
0.6667094638820341 0.6472598396122827 0.6387096942860674 0.6541024536246587 0.6194176919817111 0.6136278619562899 0.6192593433821523 0.6343644121233243 0.6191365694129064 0.6184302501650711 0.6281424078334741 0.6246491110044624 0.627855118952292 0.6375623264227683 0.6226912642918495 0.6193162447896023 0.5822269076208288 0.6025245989855296 0.541488599184003 0.537189322647472 0.5477199901721623 0.5618442649040275 0.5934269483614187 0.5999810321632959 0.5939901440331327 0.6087101276095216 0.6315816738980413 0.5968561902794213 0.5999021881856498 0.6355795535597873 0.6472703053480593 0.6820619856669394 0.7168528823126403 0.7257576536749898 0.70832006894017 0.7475783529572954 0.779930035996551 0.7557186376025347 0.795189214654238 0.7979305663273079 0.8152932672810053 0.8201606474328104 0.8513423568085147
0.6911863854026913 0.7338144524691366 0.6994043153166408 0.6655814045216203 0.6258479787786525 0.5899216579610804 0.6336968095778619 0.6220492710397375 0.6255812790357014 0.6381299002488988 0.6060408634630731 0.604989273144673 0.6369549412654076 0.6415796658348146 0.6558427034454264 0.6554733974546489 0.6153354619578012 0.597454934935116 0.5809624784368906 0.5481289697048087 0.5791252077466355 0.5641794766171212 0.5971555293789057 0.5972165544622814 0.6250313300271596 0.630536801066663 0.6310608274135723 0.6270060491712386 0.599049100933644 0.6311931207882111 0.658296572203773 0.6811933505422745 0.7198733640642172 0.7089876705262117 0.6954545223426974 0.7232077142287614 0.7763677613913461 0.7761600524506794 0.7792709556516159 0.8160578818711225 0.7998929331262857 0.8333502965962779 0.8602800103633366
0.7416353158501239 0.7394142799961246 0.6930771005350336 0.6970216267542255 0.6495366704702977 0.629899204027839 0.6485983321307717 0.6307561979242855 0.6255681354759124 0.6555266237494147 0.615887867832154 0.6077845873553817 0.6112933182385702 0.6417092785941603 0.6544685143469184 0.6450169983262344 0.6579653410232112 0.6353247574325775 0.6025250598275723 0.5728309187249239 0.5605045675837322 0.5763789384391196 0.6112077231253298 0.6226711527406102 0.627809613461315 0.6533738448309616 0.6629647043014272 0.6751599922975203 0.642053062045118 0.6655108101229559 0.6394218760984004 0.6416075459110133 0.673998446969982 0.7024400886357941 0.7243106183968342 0.7784703653464254 0.7812808769793637 0.763383809104818 0.7876933342109725 0.7612189643710149 0.7897773503417149 0.7945781054089421 0.8405026113239895
0.763885504077463 0.7562538189818537 0.7092949965236935 0.6977537093867553 0.6989960038266093 0.6732107168973882 0.6822992883462715 0.6603168100252423 0.6336573153207666 0.6551793850565135 0.6128527892430347 0.6239877262809265 0.627937946430201 0.6534741478431645 0.6674838131079313 0.6717288919834359 0.6616918262683558 0.6273566579227835 0.6469783947432727 0.6276857896956372 0.611912327640626 0.5985561767988216 0.6253699123665107 0.6066087686426966 0.6254225515576582 0.6506384255632433 0.6588305912174284 0.6750235633436023 0.6631240952744629 0.6649808388788842 0.6599290242088404 0.6667107527509207 0.6824173082073067 0.7341244328611519 0.7555804197659892 0.793335060415543 0.7848806054379972 0.7996359978758028 0.8075127524812056 0.752513166556425 0.7729411020429865 0.7690221520316638 0.8131949619971456
0.760407752947663 0.7234206598199564 0.6969353865821959 0.7144446872193477 0.6975245724342798 0.6874544236376583 0.7025601209785464 0.7090103270271955 0.6610396467055595 0.6669810858778163 0.6545169304678781 0.6692156066312794 0.6581014030480444 0.6712328363892939 0.6836600755550999 0.6855167878642282 0.6558542694150916 0.6505912726559165 0.6599951780733223 0.6318971545566734 0.6288465432933446 0.6261840701472215 0.6005684127394022 0.6574033204689443 0.6776096609789259 0.657833460442185 0.6773882757403955 0.7151499595312719 0.7026610048530612 0.6727448198560271 0.6863305971928809 0.6626636345149229 0.7071166899050186 0.7430972217465265 0.7676807986163937 0.7593370265731929 0.795423800431285 0.7761649883800856 0.787861282047135 0.787619217443502 0.7887818688715309 0.7683712271065883 0.8200836857391678
0.7667086192227963 0.7185334875373625 0.6995085445632454 0.6882611056827111 0.697211973497539 0.7204016433973134 0.7400982641032475 0.7356340173156569 0.7021555954887188 0.6603418572955485 0.7099073663944678 0.704047960358126 0.6937068017012522 0.6734058624341115 0.6755276790810353 0.6872506681682712 0.7017153561262899 0.6901512706935428 0.6950256459399631 0.7065932026816126 0.644117208522728 0.6388780572609162 0.6515004219896373 0.6532713848454418 0.6896198143081952 0.7194190907435918 0.7188911973587332 0.706155800610403 0.6913021375788385 0.6706893640632868 0.6888652905909145 0.6923615652765674 0.7080872839468672 0.7404066555217607 0.7608622912932004 0.7272722391490208 0.7488010121402411 0.7831190702506449 0.7912946690057521 0.8099989398566191 0.7967866577025392 0.7851592837764905 0.8354033572861603
0.7642045285611034 0.7691460555063269 0.7566103639301538 0.7267422278334698 0.7218797728378317 0.7433619780054626 0.7253155158063531 0.7284168765646907 0.6969189738286075 0.7105259067937546 0.732074729023243 0.7518887587987234 0.7341698328086701 0.7125583291356495 0.7225382683762871 0.6989894036966109 0.7107668719208557 0.6996680810024037 0.7156671480719438 0.7007860609183354 0.6875917723017401 0.6976426069004531 0.6709592150984206 0.7084801768399511 0.6894089861566646 0.7289475740132147 0.7426691383904563 0.6984921685323824 0.6796043537939674 0.6586805133650214 0.673392275991397 0.7128935130642107 0.7046494768269561 0.7495432976016052 0.7403677270671642 0.7596173261421121 0.7684311547588937 0.7643269406124987 0.773046810873725 0.8021509220323412 0.7716115947765592 0.7779675868204827 0.8086573798285073
0.776725400471843 0.7776352007850683 0.786974842795664 0.7826275078889718 0.7482501755828745 0.7704236420018852 0.7582062015354202 0.7281036055545375 0.7273015421863588 0.7622201497839475 0.75088808447287 0.7561919521525627 0.7322245190187218 0.7127011167499608 0.7281478517723029 0.7650879097906627 0.7220168783508398 0.7132711909168884 0.7150256466186138 0.7115877100997826 0.7323401987876706 0.7510938270079737 0.748643985977651 0.7398099275024645 0.7206790555106698 0.7182233072566626 0.7272407761139885 0.7502052771673129 0.6879129412379732 0.6678382698288727 0.6529047837931137 0.7130246818080733 0.7083710109812706 0.7222917945875832 0.7098852120966265 0.7313110225594516 0.7722956211599886 0.7711471380983572 0.7874590084832146 0.7866481759974807 0.7635428492987204 0.7787281139974898 0.8072264207585563
0.784976579114283 0.7829675707581853 0.8044741347048356 0.7575250435820858 0.7594875881805883 0.7761761238167108 0.7441822297062677 0.7595174386152843 0.7363465810198939 0.7415534966132965 0.7606266076469899 0.7476841509525908 0.7521347922139188 0.7631057840443393 0.7641227855309175 0.7905218626164198 0.79839461005444 0.7890322020031929 0.7610363809003027 0.772251189441514 0.7791137301529985 0.7874819840640037 0.7582912212650985 0.743731558542725 0.7568758544565559 0.7375551289777167 0.761764801487478 0.7621843653460978 0.7255486057043506 0.660740073695604 0.6501606569333412 0.6775619660244686 0.6829883099854412 0.6982758777075372 0.7031767839680988 0.742861381427202 0.7395333831733042 0.7757187184198429 0.7653187239406697 0.7910906463770447 0.768608296166584 0.7749857217037197 0.8264611331550645
