Raster_benchmarking/Raster/continuous/raster-199.asc
NCOLS 100
NROWS 100
XLLCORNER 1743158.2025711131
YLLCORNER 5469289.145057982
CELLSIZE 10
NODATA_VALUE -9999
[rows 57 to 75 of 100, columns 43 to 85 of 100]
0.5371895677071182 0.542372996853535 0.52099066743065 0.5084780384485719 0.5339873001965469 0.5526232480507653 0.6038516598154351 0.6152083250643059 0.6300291387082649 0.6016271827909984 0.621753782573741 0.636194031014527 0.658209645338943 0.6726625692793258 0.7100426084842495 0.7002308702656772 0.7361374126687603 0.7334122060013389 0.7194764407828615 0.6909836046615041 0.7042292305636578 0.7196673693673834 0.7476336065418906 0.7591508865109354 0.7580822034059708 0.7947423176795123 0.8099736936387607 0.8000809549952405 0.8336536412168668 0.8038124672260224 0.7813586598324579 0.7725918440035862 0.7537375057445892 0.7663316303451666 0.7933975046213337 0.8117084839890785 0.8188318694471309 0.8508317516848575 0.8796385093995985 0.8726379417724506 0.8650827495598206 0.9013255251482322 0.8931635655611978
0.507688078350873 0.5263909962394634 0.508609331542614 0.4756931826162015 0.4939999907224175 0.5374936279455912 0.5520221122239659 0.6032667286845279 0.6067650939724873 0.5997488875316054 0.638403137218347 0.683020897409839 0.6687104504071912 0.6608251927111704 0.7099427112506004 0.7290386480863233 0.7312639886331949 0.721640066710568 0.6795962751706534 0.6779570795336045 0.720831105618899 0.7419141787212782 0.7323716682894302 0.7563159215927714 0.7876032480002948 0.8065769557011413 0.8025199713038854 0.826456554059699 0.8132927428164592 0.8335809151840066 0.7648812129634173 0.7505919633541165 0.7443089912388371 0.7897228777434178 0.7821815238824141 0.8085803424180061 0.8287227971535996 0.8189112137428237 0.8326569816627001 0.8971669590061285 0.902875370002384 0.8928318658100906 0.9080243680490354
0.5078913193171549 0.47540902472636987 0.45761425555745844 0.4622297863458736 0.4979660775328655 0.5336500941002991 0.5310962444350541 0.5470721058562912 0.5678930853776175 0.5762533589727998 0.6270397691163071 0.6469233947965075 0.6675287636053511 0.6556452931723553 0.6855140472156734 0.68764572178523 0.7266590299611868 0.7182209700283028 0.6916789805832343 0.6901684663876907 0.710274567249046 0.7579527522466037 0.7520884957411252 0.7566892329723011 0.7718843840389709 0.7819425034419755 0.787212219448302 0.8008438418768025 0.7909959030697494 0.8125423849920327 0.7539807693635705 0.765871542620783 0.7496221909726513 0.7372243750333546 0.7782097389652147 0.7969241354611503 0.7770148280111927 0.8140224091673006 0.8289734532647983 0.8744144626511923 0.9201543683527342 0.8950730423338504 0.9011957463012885
0.5066809510354565 0.45182207653685685 0.44324281684481487 0.4408097205689592 0.46951994113193496 0.4851529585904145 0.5086677001644783 0.5688817319800854 0.5642310569746164 0.5965692569635928 0.5976300417111715 0.6089956481749509 0.6242731943142971 0.6559685795851076 0.6608221284724599 0.6938968636659688 0.7171540569973736 0.7334886960602225 0.7027529026797631 0.7214484053668178 0.7176664496218024 0.7472485960765515 0.7087038909288151 0.7275244282506254 0.7494830231791213 0.7578088898737566 0.7385938117109139 0.7575528918489668 0.7723994416792632 0.7872861438145156 0.7619915046622143 0.7201418593165237 0.7459771536008529 0.7121956723974415 0.7708164921047171 0.7893815085929013 0.789458886278612 0.7906651243447685 0.8088200395039526 0.892634024476141 0.9040942322380009 0.9052304645167951 0.8693077696096363
0.4774770287815608 0.472129663431178 0.4531257059484343 0.4551243048826506 0.4496987876887646 0.4663570342577406 0.5272597242612719 0.5796505305805186 0.5987781737499988 0.6013335484110217 0.6351401178540977 0.6505908958215526 0.6380682306351946 0.677752856381092 0.7005520883320855 0.7077932346716185 0.7151632070271803 0.7097298755697465 0.7022147436188674 0.6974585718404163 0.7171570969056683 0.7052820703885495 0.7032267102586442 0.7321284340117654 0.710417698631407 0.7116172930349396 0.700821701605464 0.7205248649773792 0.7379985473384083 0.7634293618835689 0.7538383316654942 0.7093168332818808 0.738929358686515 0.7448552067316372 0.7418346765341365 0.7899907649226329 0.8003595669327439 0.7786692735480326 0.8072716887413504 0.8259613732993452 0.871891532158563 0.8657543050964919 0.8607006184536703
0.4863606616226532 0.46982133703453427 0.4526530871555337 0.43880266002304047 0.48493452068860277 0.49709710127474044 0.5624730458525786 0.575412273713455 0.5719754353722596 0.5960491519450699 0.6171995931787955 0.6647921437223155 0.6456019290817414 0.6962786822626218 0.6976550580941308 0.6749297209098976 0.6695699395139519 0.7000116858741938 0.7103254463505897 0.7050118100499153 0.7053593096630159 0.6847144115147711 0.7011065540528212 0.7056627621540461 0.7164158703481979 0.6825931836811221 0.6800903988486846 0.7023626687638547 0.7424053718310014 0.744518632645209 0.7368155897636831 0.7228605317852363 0.734873426494382 0.7348794266231116 0.758854916220041 0.7323423777844074 0.7834092380415612 0.8135985112801718 0.8221330945106128 0.816617491227026 0.850747309498709 0.8055381878063723 0.8288179346107543
0.49917652567982757 0.4610218249089973 0.4722450566257186 0.482190960925926 0.4836820528793987 0.5241637576579122 0.5533388166853508 0.5514425240337285 0.5675127688765228 0.5979533373193195 0.597095904506661 0.6357285238555016 0.6450354338684969 0.644043179254789 0.6583782872903133 0.6210564130360358 0.6307683722010067 0.622153214301316 0.6566409884449403 0.6661000314912487 0.6565629439650315 0.6446233686074998 0.6654743944093374 0.6645444449096702 0.6909036554598507 0.6742923208924784 0.7037958678098356 0.7338515905067606 0.7118927570592518 0.7455717780925295 0.7308914121408152 0.7106315084468232 0.7257135984407093 0.7264332663976091 0.7602166577038934 0.7462744543165805 0.7618809770936203 0.7856561817479752 0.8238340547512444 0.81208111880704 0.8227704062730972 0.7955003052392765 0.7921262016278772
0.5085373539431649 0.47142172500772817 0.4842844148082628 0.45187433416188555 0.46346027750292074 0.5107472979179419 0.5060714769649224 0.5498018950176286 0.5779582612826654 0.5838963853306739 0.6048023383318232 0.5980004632378819 0.6178385087971925 0.6631109892438704 0.6385925847385034 0.6140534189534406 0.591383240396068 0.5996445114332851 0.5967577281421996 0.6174057669053701 0.6275698209156332 0.6329967382553172 0.6588322385286661 0.6709583188515367 0.6386449869085931 0.645269470350136 0.6912512421076872 0.7337924648398922 0.748859996513335 0.7267081736390957 0.738528507587158 0.7455107806137194 0.742302183376065 0.77487782838122 0.7904775962092102 0.7851034073968498 0.8112371922792561 0.7988419100665174 0.8167669606241097 0.8135996072034544 0.775535122133035 0.772509796131186 0.7638313886204865
0.5022981113721472 0.4900390315196122 0.4752844759019328 0.44107742260134375 0.4589012331310159 0.48182776927352505 0.4936959495397816 0.5208725417973548 0.5557607174286681 0.5800788413188255 0.5997022654320655 0.604148867179381 0.6167423244149999 0.599418790141146 0.6236056197120715 0.5978631359539438 0.5610091316024861 0.5872175070443946 0.5903508830408666 0.5956167465995816 0.6074636838518606 0.6380778497798691 0.6161698378480029 0.6476308357144465 0.6366128076455679 0.6203434946232205 0.6596016012604393 0.7392290720333874 0.7544936825395636 0.7477014760431272 0.7659997054927524 0.768610931633539 0.7355133147916507 0.7539208909835227 0.7742715415468382 0.8168067271476434 0.809686486015852 0.7862052803699863 0.8096187733450514 0.8037380949044386 0.7805986665393998 0.7921141808906769 0.7887786923779766
0.5198424745087525 0.4633544604026728 0.4539548265984105 0.446359488886066 0.48377212987976104 0.4786583818555589 0.5274479223220343 0.5304977759226192 0.5482981584743584 0.6005996109983701 0.5904050907683414 0.601398456082939 0.5845692017341354 0.5792278849930621 0.5812378249950315 0.5564736772184086 0.5589401283696894 0.5627398353707055 0.5700040119668691 0.5761097072540079 0.59121671917589 0.600438110754167 0.6226723700758494 0.6289812700977168 0.6131190423221012 0.6332304573906864 0.6649843958472329 0.7115332281596187 0.7154483031847193 0.7547720620703385 0.7331792375958176 0.7448642614159179 0.7501884521614507 0.7313554240148865 0.769713046940073 0.8108391971914128 0.7774563941366025 0.8083866956867746 0.787660351123267 0.7896767308450882 0.7583233300286777 0.739526030664096 0.7520190021202079
0.5010078261775057 0.48950077727387364 0.4831459911498975 0.49095150638592805 0.4697915828600879 0.5185098811712753 0.5326850250671834 0.5455391447785407 0.5785524082059823 0.6071355298576057 0.6295804745934397 0.6435176701282014 0.6127891388256426 0.6127365497926766 0.6046440299148578 0.5870439148971925 0.5434056039414634 0.5418439999857251 0.5777006703973332 0.5775016335862918 0.5641679720106122 0.5982415973875859 0.5933945100360648 0.6004631344063401 0.6282943252035427 0.6385338876585231 0.6864740860554109 0.6832632715280375 0.7364055816246325 0.7091081904498906 0.7256053077329181 0.7234968757656137 0.7328526398225014 0.7286245715838009 0.7336255298216049 0.7284645298408166 0.7404796040062397 0.7484015885970278 0.73347394144939 0.7095812130597106 0.7059115283476809 0.7270669709649721 0.7622608758102147
0.5143463624951143 0.48634992304156754 0.49385285409505897 0.4839205451952974 0.49777714549005003 0.5614264813682535 0.5455545168515216 0.5667982289187621 0.5745291212148347 0.5943799542702805 0.6409743053191446 0.6559768173774917 0.6317414371319369 0.6157399522838498 0.6221168848119939 0.5888348641084528 0.574896397519806 0.5471528750720873 0.5958216514367017 0.5898982294401357 0.5558143715251078 0.5482627408805867 0.5855534735966026 0.5660353768274943 0.6284670606366698 0.6862876128266654 0.678035061018 0.6961874394561972 0.7111361017788097 0.7020441834621757 0.667568778870633 0.671969818282447 0.7231252214199295 0.7315244338182653 0.6900133103768883 0.6658833665935293 0.6665720747380578 0.674266886619528 0.6622351955844072 0.6968934369124641 0.678526733486784 0.6938287898430289 0.7100641501433965
0.49882964228900833 0.5308703713545436 0.5216755140532265 0.5134539030235337 0.537628872894156 0.5593342567857624 0.5573509206717404 0.5519881269391341 0.5611417634278686 0.6053896527870058 0.6053462471613783 0.659042308191117 0.6496465049699729 0.6284677052438811 0.6393433202452475 0.6268680961484687 0.6091110904624067 0.5805820586759634 0.5816842894889895 0.5746176266658092 0.5512682316146741 0.5402997728708536 0.5427378833947695 0.5811197593186479 0.6397534791574828 0.6809322765720104 0.6616972890917441 0.6969339194431681 0.6659160879000849 0.6847164229192902 0.6618582788569568 0.6536011507534267 0.6971966729004829 0.6911068583282315 0.6452306840739274 0.6373664466506188 0.6376772918079389 0.6574989939135422 0.6437190236227609 0.6448855504324813 0.6904841602333531 0.7044017669642579 0.7000407771463755
0.5155868106521809 0.5215971487631136 0.5320090007885995 0.5605051770309413 0.5644013732745284 0.5695362051393867 0.5651935555635602 0.5532735912684938 0.588325396317038 0.6040350709459291 0.6481676026233825 0.6622474213317262 0.6496732127614149 0.6288702850996283 0.6392615184580646 0.6528455347844285 0.6361501574230991 0.6160893707019307 0.6042071595504466 0.5388539635673911 0.5714542377893044 0.5705236252253779 0.5630102284496185 0.5687030370328554 0.634955733191466 0.6764401529927418 0.6789970370583344 0.6712977448755713 0.6781970239274854 0.6863361165087118 0.6601265953440293 0.6729630030184125 0.6236127096038603 0.6251253588223857 0.624661583191365 0.6010180977367295 0.5933379899728073 0.5876205067428555 0.6312240284406803 0.6264659146615713 0.667031632847265 0.6535591974316345 0.6751810095018028
0.5102443035550751 0.5207246321145073 0.5359800100879355 0.5585615074920467 0.5706790043997299 0.5862633563028018 0.5818918854462801 0.5848610760480696 0.5704668114600366 0.6106478164710515 0.6468316216528908 0.6330622682640136 0.6291498556167854 0.6327450372549911 0.6333836246176318 0.6363813390523969 0.6364358494256507 0.6214322508867437 0.595944959129461 0.5645157649072251 0.5935014913091555 0.5967898080743781 0.5572882002595992 0.5940470145132919 0.6043938234884544 0.6085915978232898 0.6178091381685203 0.598625374119143 0.6220411644338268 0.6510030517930511 0.6490851918481187 0.6119452516759705 0.596718797738234 0.5786801680029083 0.5804344360309254 0.5622782427396634 0.5667108119249 0.5881676778417403 0.6062623661696 0.6140037679323582 0.6535151045656343 0.6579566516357118 0.6788448599830658
0.504804109996505 0.5175372232566426 0.5314981927456589 0.5569409924264025 0.5920127246806565 0.5931148132746552 0.5903628489615519 0.5676912451601044 0.5619582639948162 0.5839252039022933 0.6025787531260222 0.6524393443635346 0.6322622519054036 0.608879313036215 0.6293845673828075 0.6365512246872735 0.6355278565125864 0.608954754793545 0.596810134053845 0.6014649735317921 0.6061949147885709 0.5703011811990316 0.5817491047724609 0.5594251193943528 0.5722040809785444 0.615151262003467 0.5666540327030033 0.5538807487470745 0.5582431557591692 0.5709705899681717 0.5831433783050769 0.5882401257777384 0.6118968179652059 0.5811407253678834 0.5769142732440922 0.5938026178812363 0.5712441614013151 0.5614761544375043 0.6183507091422568 0.6510870685145735 0.6528340424621084 0.676012155098723 0.6677104614301822
0.513707602877619 0.5336089986379986 0.5347419216304793 0.5790559027193266 0.5677505374290448 0.5748142318395276 0.5911952819235877 0.5904837928645829 0.5907382271339459 0.562967116666606 0.5883285063400644 0.6171794058398735 0.6063860035651987 0.6334704328664557 0.6122988838763826 0.6297193529942098 0.6237834226715439 0.5999229322387805 0.6112981564499556 0.5645529988417195 0.5796054316943429 0.5483029194656315 0.5459666066693049 0.5733977681186491 0.5472146494123674 0.5329874310466247 0.5556882227330292 0.5109423297785285 0.5507100319767063 0.5314683524430743 0.5586839124047671 0.5784161231482879 0.588952548457174 0.5999465750702165 0.5671978110756668 0.5480176118455543 0.5666537546614494 0.5388105416442678 0.5909370236028387 0.59413009472518 0.6442321753439424 0.6422015204652972 0.6502386731841208
0.523021374583842 0.5130210751885272 0.550607678524231 0.5608532708713344 0.5692892121379751 0.5518363205033341 0.5869657060800516 0.6036980235945586 0.5746598004665431 0.5862216162587053 0.6064530605466653 0.6073717268071627 0.609502017815405 0.6067310515698607 0.5951893518188172 0.6241703684677152 0.6359494213920605 0.6304786986471029 0.601057002389131 0.5624091547781103 0.5396186303181731 0.5401881009726075 0.5637605176943086 0.5762121379077015 0.5534465139427337 0.5113291586860684 0.5361630473103975 0.4831118179588118 0.5433081930843067 0.5338617184077176 0.5401983597898341 0.6129831753909677 0.5995664588893621 0.5746112797785643 0.5611042897910071 0.5334868950812623 0.5257448121711495 0.5050173441977723 0.5562697240638865 0.5723121809905404 0.6034840838817285 0.6025403139972793 0.6262853388873391
0.5242854905148777 0.5134467009075213 0.5321378332349979 0.5600328059595755 0.5481014227337426 0.5803052205121576 0.5857802932192973 0.5750864158262065 0.5698190723004154 0.6020509234840111 0.5978644087725165 0.5812227022324203 0.6072020645528103 0.5846188141107246 0.5913716321347019 0.5551890291910092 0.581646647608672 0.572809804460508 0.5450847606028836 0.5107207894376528 0.5088484996538069 0.5164349805095778 0.5318901848338343 0.5261138836236785 0.5277455653305191 0.5348545397836506 0.536469598840192 0.5395887880183985 0.5360368473545204 0.5132781382098451 0.5359429486613169 0.5473352659538003 0.5818011163054886 0.5540650504888913 0.5257933431052435 0.5497773860406189 0.5245779613737946 0.5421147938482379 0.5412819817411257 0.5907127377047201 0.6084960264753627 0.6034105781680142 0.6212958711144905
