Raster_benchmarking/Raster/continuous/raster-52.asc
NCOLS 100
NROWS 100
XLLCORNER 1743168.8362484502
YLLCORNER 5469292.754628685
CELLSIZE 10
NODATA_VALUE -9999
[rows 76 to 94 of 100, columns 0 to 42 of 100]
0.19256346515967304 0.21730284943253042 0.14668994762758855 0.13010427835914923 0.1859762127942048 0.21501581121846733 0.19627331364882808 0.22568799697225858 0.2665075346223517 0.35065076898804914 0.3420477692085702 0.3761720038938751 0.448687083979955 0.47595187293356456 0.5539563590832864 0.6009602111243787 0.6054890035118288 0.6489626571299415 0.638890721440278 0.6751892698469799 0.6737681374460561 0.7337115928982412 0.7455755593681226 0.7547137738274894 0.8010954557720663 0.8804300640616836 0.8830150787585422 0.871090619238461 0.9042818610233788 0.9561962894430496 0.9760350726571234 0.9500757508576232 0.9083302230629055 0.8677621158951447 0.833041995958785 0.7779232358972205 0.8158595833235104 0.8119345478498452 0.7905725423619688 0.8201642849920263 0.7796222393572099 0.7184867421220872 0.676398849311975
0.261747850064549 0.2210798768806667 0.19119568959173797 0.17397499128097027 0.21743840672168288 0.24494752108081466 0.23426575801297964 0.24623691003486156 0.256345532444252 0.2946008977703587 0.3660808285242175 0.394442662271272 0.4448556091418969 0.4862433429383792 0.5531950291688124 0.6338808151556695 0.668969396053028 0.6353699851476048 0.6351185339840139 0.6433220618778932 0.6874943685134751 0.7169169718112914 0.7434776176382171 0.7714867047046872 0.8311409128841055 0.8856482196851636 0.9029110279371602 0.9221950778358247 0.8941627845183302 0.8925245565607066 0.9282180460006417 0.9573630528158292 0.8932556125090747 0.8687269295415552 0.8249161634363872 0.7672731022773424 0.7660493115331493 0.8194275893816945 0.811831599165873 0.7926833464228428 0.8070565189112396 0.7762988631914186 0.7618171255069751
0.24733108629040665 0.2545106145385587 0.2318888919775228 0.20772726364947444 0.21961299506383924 0.2192259013540095 0.22247617170607834 0.21399584988658488 0.28447863803908086 0.2842587429645879 0.36913848815016465 0.3986387543746397 0.48801066609738464 0.5128491115917803 0.5843342525201383 0.6500472604658134 0.632596419873167 0.6805746118685068 0.675034786807225 0.6709266350822153 0.6681071382623667 0.7024767180107934 0.7939347863100787 0.861256147057443 0.850734247292796 0.8863500482358859 0.8961127481910837 0.8822387104133251 0.9033351062933699 0.9081691391430118 0.9334781726325749 0.9497404524629394 0.9165184559573913 0.865003313099097 0.8387821035797959 0.7823807316338907 0.7708472279598113 0.7716161657033824 0.8181762872218364 0.8092991578470944 0.7882905199716828 0.7912738422252015 0.7782637094862663
0.24442819112505643 0.25452974662374617 0.2247944381883031 0.212867661274549 0.2311339234405031 0.2109559981033139 0.23516419241867903 0.2997405722834348 0.32244135180207556 0.3292082926751521 0.38935408755621614 0.41612792925127 0.4864313304558292 0.5234615653473977 0.5476318265286171 0.6151578791306707 0.6245848939494687 0.658350772021446 0.7079901729409205 0.6774208960356924 0.6810483212971054 0.7400809102473385 0.7948398445618874 0.8166927690756889 0.8261688438316332 0.8568789445238728 0.8705072647085986 0.9016031283009255 0.8886788219138864 0.9202361175906336 0.9305305244250378 0.9283186913106173 0.9032971270948652 0.8845269214337038 0.8556190397596553 0.8577242148234657 0.846573044703349 0.8112334521730105 0.7916483808537823 0.8101240449750059 0.8222492706674808 0.7746492609167793 0.7561783390482271
0.2589390823941469 0.2825519647398878 0.28731743769305507 0.2493983275820818 0.2275989211327758 0.2563748372587994 0.2609330334478375 0.34010760839036425 0.3072708207019523 0.3544367315659633 0.37958673033739687 0.4798834038291726 0.5162203908452095 0.5255254926301638 0.5433387246513962 0.5972907274155252 0.6083735657347646 0.6867029097556371 0.6721022679386038 0.6803379425920689 0.7051702791947693 0.7156926120620959 0.7582745380494162 0.7876665091369793 0.8411192053679291 0.8725737226573912 0.8551603674783714 0.8527534506645014 0.916945258311532 0.9487795748627098 0.9249053026586788 0.8812166490663479 0.845559375806046 0.8515629520976491 0.8425524396167693 0.8656573800762576 0.8710831648320287 0.8714412691714446 0.8407242507156673 0.7668620688090808 0.7733653101955347 0.7931278278658589 0.7208774207446962
0.3126333554453068 0.3309858981351398 0.33978219436719403 0.2671401386012571 0.2868765368338545 0.3264179483050415 0.31226922688062353 0.3156912994226653 0.3450116402588103 0.34015888830246865 0.3893683571611319 0.47403012786536974 0.47708509935427784 0.5318384448865162 0.5650486886448423 0.6291989598162712 0.6421250623156346 0.7070633019491612 0.7185269564168574 0.7248166094934607 0.7216234685633963 0.7002790609231874 0.7309347230723183 0.7892380087490835 0.821232970059886 0.8638717914493996 0.849223433740649 0.8544632746436241 0.9296091242290421 0.8799577134752327 0.8580306306888311 0.8712413863196796 0.8319324256187003 0.8737561362369074 0.8481924477834155 0.8637709648011177 0.8837599210257037 0.8409117966444962 0.7926111948933751 0.7686984225728971 0.7301289740741926 0.7269835784896349 0.7128480715732959
0.4206092038330147 0.4074380012591074 0.3799401391966127 0.327740672960142 0.3416395029906229 0.3140452677044346 0.3577989526330383 0.40420658756224576 0.4121922803925849 0.41218013374713774 0.403637552871338 0.4521157403197758 0.47265432280421943 0.5153890147904504 0.5718906617880026 0.6746998565782168 0.6511856397220982 0.6541413877402132 0.698526972688063 0.7562663963946049 0.7565715191914526 0.721372185003474 0.7578741388729272 0.7948067579137481 0.7736168993478565 0.8209534516743383 0.8528618182106764 0.9097188284733682 0.8815503748178738 0.8992953984604406 0.842880383591359 0.8162210663132098 0.8450303788294582 0.8313920702777815 0.8706390928020775 0.8838639171038121 0.8884899771339996 0.851067633499431 0.7970257447825703 0.7880302600635953 0.7677962898450873 0.6853078715344618 0.7085223004583249
0.4217651888793276 0.4344849128163824 0.39123619047689107 0.3392425370559963 0.38455383404444676 0.38419463457700587 0.3524003141829712 0.3861333137251409 0.37767897549549934 0.38551384227544366 0.38614655421587596 0.4540701963695476 0.48160012313850203 0.48136348312686 0.5653097876595128 0.5928077123853386 0.6203145867446281 0.6530077517879276 0.6778253807166574 0.7123991497836575 0.6953411857880829 0.7196136631481187 0.7489435235916821 0.7725176230680347 0.7692222537981246 0.8079710109986383 0.8087976796148997 0.815863489711255 0.8307677077566347 0.8599008743533313 0.8384185018763761 0.8501371032302593 0.8312451242479325 0.8352042412678111 0.8268501483534473 0.8819643612537238 0.8616656655315031 0.8261803841697425 0.8120258673314266 0.7804006228828085 0.7261703111462369 0.7315275115801889 0.6809804274298408
0.41120039862123975 0.38631158867587595 0.3620473700088738 0.3580052878233983 0.41721508576941024 0.4182015502368722 0.383125656154776 0.3713566611836296 0.39973418783790793 0.36774774741040656 0.3929402818747781 0.42814434509598853 0.4807689088807295 0.4683573752676203 0.5287134695255046 0.536621798636324 0.5479197345720205 0.6197872827873032 0.6142348479208459 0.6585948183790817 0.7016944231776002 0.7585712663237011 0.7029278620821537 0.7000923200383266 0.7837341941737765 0.8149033946117843 0.7987020278817761 0.7744375044413817 0.8150789756177483 0.8537602047086232 0.8385831655278624 0.9070501492068838 0.8381889795267602 0.8508152979900434 0.8507296579600865 0.8458788204175495 0.852608387975611 0.8144367357027867 0.7991615285788404 0.8112745160188239 0.7710314450098822 0.7537019268787585 0.6958363974134175
0.37805377067329227 0.3760625139530447 0.37782593666228764 0.37983936315208544 0.41077370371563066 0.423893619852957 0.39675527498147795 0.35988931951354 0.3690269686184007 0.37666676792021664 0.39755302975310813 0.44051909448799487 0.4095857694684697 0.4713060849279262 0.4797566651743014 0.4753296394374369 0.5430421873313621 0.592643850094195 0.6094205419736426 0.6739175723752909 0.6828395767193595 0.7359856966220886 0.7011591212754104 0.6722373608970564 0.7314836146535583 0.7442250545325718 0.7966993434039128 0.794095775430208 0.7739826659217377 0.8389251099976678 0.8393752866589969 0.8436260514119225 0.8352161576150203 0.8210208560798323 0.8307089454731651 0.8419295495757826 0.8423608047517274 0.8174518959028315 0.8458821106695251 0.8410972322352744 0.7967956475578322 0.7179406571698781 0.6656083610089102
0.41929478173250007 0.4147938577135823 0.37886119260516726 0.37379294351090997 0.43078846538564713 0.3939097895048761 0.37977731215374555 0.3679393288213462 0.3902079430026361 0.4341376910917957 0.4236225077466268 0.38673834226163434 0.4008279335274045 0.4237864946420902 0.4414221359128156 0.4686021946311077 0.5338377774505619 0.5389927255887046 0.5996828093148902 0.650871214585013 0.6766902753354134 0.6744749765073496 0.7125521695470628 0.6455050552978344 0.7325789006166332 0.7398940862523802 0.7349380904722963 0.7272519126448896 0.7927661372222985 0.8140992894890239 0.8378102055421671 0.8832039750165723 0.8610578598645523 0.8303863072950192 0.8467266971559313 0.8740129393871259 0.8852147256464709 0.8678589852457025 0.8736818706224307 0.793493700776092 0.7824293608418297 0.6944156519485142 0.6809955299006285
0.4802757875972581 0.4775422351236071 0.4751961638897202 0.4178656315731751 0.4298841430872403 0.38500665696425845 0.3799751273726818 0.3510146445086771 0.3989628380237664 0.38403716689997947 0.3744934234699361 0.36161969376924585 0.42555824637957396 0.4318512350172565 0.42290510580926166 0.43018349384693877 0.48297128826323843 0.5872145347454083 0.6045949207367192 0.6563297791135967 0.6691514944630438 0.7082150091231381 0.6874942570823571 0.6625864041566435 0.7260995180344556 0.7395014730550883 0.7454825892939049 0.756997219173078 0.7687636924580202 0.8428882327833515 0.8517572063630502 0.831449596841081 0.851170503847288 0.8775089389124062 0.8567279369146964 0.8631718854215761 0.909125169636614 0.8488350958902722 0.8495513585327867 0.7936794215885697 0.7408712189845906 0.6967302563305862 0.7191393763350835
0.5318047547858807 0.51738716988442 0.46018336916015656 0.47043969597872404 0.43908305569753564 0.42008998085517374 0.4443031914970493 0.39721275855776156 0.4202386224469405 0.4405980310892065 0.418958424386931 0.3673208154948263 0.3777355617654701 0.3940215613796982 0.44656661989287105 0.4501351176497013 0.4871005786047215 0.5848622979263055 0.6076307622581747 0.6810137692946611 0.6714623576068643 0.7075510732187051 0.6801691025639656 0.71861978034238 0.7554370883290835 0.7505681880762779 0.7370126404931283 0.7409448163820079 0.7990712397671649 0.8359988753056677 0.8445496622473969 0.867086756540521 0.8353617666975932 0.8871111373974501 0.8875110760835079 0.91499870986706 0.8781824200789663 0.8521231791898022 0.853474203212058 0.8147211821635055 0.7647335472986554 0.7663843389318602 0.7527671793675462
0.565545728555014 0.5405770725616816 0.5022553851283184 0.5143152343654325 0.4964654018052902 0.43144085530955756 0.4405800749936823 0.459215367902515 0.41611214528041374 0.3980539630876038 0.4178839806455975 0.40153523211201936 0.40110285182372696 0.4468208072765193 0.4151375364530406 0.45194463319953876 0.534823555786495 0.5900384150395213 0.5919388732015737 0.6381700659944861 0.662816992476641 0.6755750147290478 0.7075250071986147 0.6915962269314151 0.696159040653053 0.7232515752797497 0.7481390723546123 0.7967459317280626 0.818853504634919 0.8471988519393963 0.8530488452659163 0.8500529806649464 0.8317114679297367 0.8367947437623638 0.8724212682838516 0.8931647577103126 0.8731105672854915 0.8190984298622835 0.8483627143117176 0.8064425310869561 0.8149485023641609 0.7820641541009584 0.8136705496886342
0.6080006060230827 0.5984625314270531 0.5374520092744488 0.5638597633965606 0.5118000976019802 0.4316215095893079 0.4496724563586058 0.4851330842273507 0.41463276630230056 0.4237932091914838 0.44322725621617615 0.4431345767652703 0.4439537939966737 0.4987267132242555 0.4691405780403358 0.46023906134211245 0.5317820666467885 0.544008158317454 0.5672855529119228 0.6114660735198699 0.6788694009955373 0.651893601698022 0.7099818441141007 0.6829724203813504 0.7329253054442288 0.7543423518822665 0.7606217171209946 0.831676952866276 0.785658315077959 0.7949845420736231 0.8193196782550507 0.8305926032149681 0.821257322935772 0.8449294633366659 0.8402490425033909 0.8544725402379446 0.8743591547043079 0.8214999423805568 0.8105559953028431 0.8505324745390873 0.8114114068310267 0.8345317031324617 0.7781511763555428
0.5896354476030341 0.5803139892251014 0.563880455373597 0.5188924807372172 0.5218366236789419 0.45688930838765507 0.4728694317486371 0.4294638316622067 0.413512429164155 0.45079501000093736 0.422835703961153 0.4474707105881436 0.4706851079678896 0.5074929679611968 0.46619255573368235 0.5010440122269525 0.5242913447696641 0.560639029862672 0.6191408282213987 0.6562868097321063 0.6781440720678632 0.7048242847533037 0.6671971926985827 0.7192614671853836 0.7488567658938031 0.7878325252163579 0.7921812155234682 0.8280524522736236 0.832360185844007 0.822518886299764 0.833598142741046 0.8666136209864341 0.8776653094561971 0.8559611691860967 0.849499712200517 0.8920550921304982 0.8948563159959149 0.8336377046332274 0.819318011201959 0.8679136707103023 0.8097211368231606 0.8368105726935342 0.8258952294860137
0.5973707356777128 0.5802759644054619 0.5151984170336671 0.5394099502401113 0.47891380948799667 0.4620147443186401 0.48364823100548293 0.4453962505154805 0.44679874102028083 0.4183999537983638 0.4718144512517989 0.4506870542533355 0.46398257515966945 0.500286267550016 0.5255212478694897 0.5180782854787178 0.5814760292415945 0.6309252061627915 0.6021135569550906 0.6304438879017552 0.6692127101055936 0.7242329003423695 0.7089028917011381 0.6742812189469437 0.754637154167496 0.7890335598325634 0.7753830639638593 0.8357175764719695 0.8433056214183423 0.888559922369264 0.8941868018699048 0.9499162312723395 0.9009584532177533 0.901427358152052 0.8994832889368979 0.9323464859795861 0.879545837662733 0.8868392742441452 0.8703433957641536 0.8523267004430585 0.8548491083925298 0.8131503556853653 0.8484452147936198
0.5791315717298229 0.5678382148315084 0.49989353643792717 0.48754496822870774 0.4392419388944141 0.41216543840489844 0.4545849557403926 0.44360953635140166 0.3836398844944083 0.40852264154898565 0.4891234380634483 0.5207107922806989 0.5543832645184482 0.5567390332723513 0.5628232803988852 0.5778033934638742 0.5959925710428763 0.6472649285131804 0.6381029707517458 0.6596979805954626 0.7261600471477997 0.6867991109058799 0.7075933749488108 0.6902138257843 0.7584457150183295 0.7778898756058393 0.8020151384931442 0.8340768675800082 0.8671411015524031 0.9370992076410737 0.9634657972577656 0.9527541299474607 0.910914070703667 0.8915829235652547 0.925319398711936 0.9109648179614274 0.9183065658099211 0.9044826508850651 0.8834934861956051 0.8425913275411121 0.8252351507396746 0.8172905893571281 0.8185510340147412
0.545431723984778 0.5119242491602167 0.511201971740623 0.48421370129749597 0.4073254775188761 0.4090187804709861 0.4128573958643306 0.3750572905033558 0.37491647905524067 0.42238067964004505 0.4890885803269642 0.5737997879763443 0.5708109922595732 0.5763739332265748 0.58224876870684 0.5667664072008907 0.5746966156809217 0.6306524479955014 0.7211144742145216 0.7318004244553117 0.7147211889842582 0.6842900647589845 0.6952486956443454 0.7026046578232488 0.7155943217733685 0.754034183404599 0.8006489767816714 0.7935344662217276 0.8422187389500416 0.915830983174154 0.9141057899194013 0.9610267220470571 0.9413184971911771 0.9097656245979019 0.9103846502064316 0.9622507040991579 0.9655088428963995 0.9524257468101541 0.9492999404808125 0.9127540724902489 0.8222231101150212 0.8243894617053878 0.8200170990714992
