Raster_benchmarking/Raster/continuous/raster-118.asc
NCOLS 100
NROWS 100
XLLCORNER 1743166.9080166796
YLLCORNER 5469291.028876147
CELLSIZE 10
NODATA_VALUE -9999
[rows 0 to 18 of 100, columns 42 to 83 of 100]
0.7771751303032738 0.826510092764621 0.8252371801387939 0.8190473995669699 0.860149751252821 0.9147830558727507 0.9481271507602896 1.0 0.9339473674036561 0.8732744291647934 0.8818915990849495 0.8650958039281605 0.8348085624613993 0.7949184584229237 0.8287814581102739 0.822219216281601 0.8007688923803026 0.7890308617382253 0.752670201148777 0.7746226458397184 0.7986078915012671 0.7873594310786534 0.7776960849021247 0.7082007977489831 0.7619065399585577 0.7667588724577898 0.8146249683841059 0.8201539794073248 0.8571334988215233 0.8411405269147825 0.8383553852757146 0.887980324670221 0.8836416077100442 0.8779729161720708 0.8668568903986474 0.8706057574633496 0.8929555833537184 0.9008228677159564 0.9422537302200467 0.9755542504307647 0.9515770695634963 0.904428890076313
0.7435597528144189 0.7619008737233979 0.7928081924255647 0.8514366074417579 0.8674543809911116 0.9030806968507509 0.9048694846081444 0.9367254462557993 0.9307755118240673 0.8663323982183138 0.8514771989225416 0.8273644549823734 0.850626261021256 0.7974700786613559 0.8083183274602611 0.8150909921282643 0.8143548113647162 0.7706005666795196 0.7644545197585717 0.7822513291363261 0.8006057620387526 0.7583899995597547 0.7745284135012628 0.73512593716674 0.7577107028480509 0.7637822575177532 0.8189700856568668 0.8257039410336643 0.84079799627723 0.8124947389817623 0.8155270359297749 0.8228851272996819 0.8717425516565624 0.8724491042941233 0.8451707031111656 0.8825903221887224 0.8851005776937572 0.9038422743974776 0.9176244117557603 0.9129239691792411 0.9100774389283288 0.8787868522763262
0.7497462635421286 0.7679553644979975 0.7837704086825033 0.8450561033779458 0.8450966062330963 0.8846001156903306 0.8775310203670784 0.9204976418169571 0.8958260628970786 0.8599154574134086 0.8409966109180668 0.839352634462794 0.8075520996582048 0.8128775203755702 0.7840056105588042 0.8199630151612967 0.7763893395599123 0.7702063880697304 0.7802196319783978 0.7955990526745332 0.7770110365473651 0.7615642797568639 0.7497214567800753 0.7639857156867292 0.7442218066020216 0.7925023119061446 0.8287371883291224 0.8228545976378726 0.7996573789081701 0.7792773924078643 0.7847472181863885 0.7918887442172896 0.8195829435163393 0.8759284327623611 0.8805786743933338 0.8444002917132601 0.874477040927472 0.9052538763807686 0.8787110070303241 0.8680531838700293 0.8700802424455768 0.8757578830174784
0.7414351217658416 0.7915130247564749 0.8057883346103026 0.8178310842778568 0.8334561316563911 0.8549186164341445 0.8586546564163026 0.8636045570649844 0.8691377842565795 0.8535430526740382 0.8186304544702683 0.7874238128338669 0.7699232481191605 0.7522202400022406 0.770595659366737 0.7656628107524784 0.7499197038889569 0.789673708278218 0.7818976874796044 0.7749214260744184 0.7798335596553455 0.7307787928083567 0.7436019435631666 0.7559419412678059 0.7594599056018347 0.7606310076789771 0.7794824029676986 0.7776825300697874 0.7850490249202811 0.7903493527353004 0.7794055144730229 0.8099737135944773 0.8219411931176621 0.8419589547291463 0.8762031260200314 0.8554360075598785 0.838221539757587 0.8454465241683793 0.8269055900786051 0.8232449284278879 0.8374368879144563 0.8467543919502745
0.7472858078732083 0.7660112309377438 0.7489508322943832 0.7608318173774088 0.8058827155574992 0.8112201213485875 0.8300701592233608 0.8242327905202188 0.8107865531014781 0.8324179692096842 0.7918359732915791 0.7547139002034269 0.7210556031531138 0.7200295650258781 0.7307997630872485 0.7439955420251876 0.7562978774984971 0.7556188885191557 0.7628035620676549 0.7463924050903237 0.7697334322295342 0.7181767636921048 0.7263885649871008 0.7321499379991956 0.7321391393260447 0.739772539395478 0.7377972790796977 0.752100307783428 0.7496212166392464 0.7187376387434379 0.7623075688603376 0.7676006237313143 0.8289860561373852 0.8444817135947622 0.8565341894531666 0.8544286547183033 0.8610606366067431 0.8255434793325003 0.7829875669226223 0.7777361786095353 0.8003475761351699 0.7914072696998901
0.7191200895756625 0.7533892443276974 0.7449923992410991 0.720110641270061 0.7458495246814693 0.7521327439073336 0.7851906188343464 0.7931637461740746 0.7941314063996612 0.7638468754814556 0.7665989425345886 0.7631018132686753 0.7140656661823342 0.7345038723535402 0.7500385914142409 0.7448796622883056 0.718537993700431 0.7305808555988658 0.7661909941131285 0.7639620177808838 0.7347531340891141 0.7099230153668189 0.6922614690083944 0.6829021783251497 0.6914392459229225 0.734632392842557 0.7350241196112546 0.7522912470063752 0.728035184214941 0.7101563975974668 0.719345143430121 0.7236562653489299 0.7905430899095252 0.8063423369577805 0.8185170647663779 0.8266407926757404 0.82415360362948 0.7784898756083354 0.7654239111260528 0.7471135215220471 0.7737992963233277 0.7381205520653406
0.7319361659402748 0.7258775193048501 0.7016181133681135 0.7065888581127824 0.7379917202084346 0.7195417706571927 0.7431885459984063 0.7509075297363592 0.7511067175365713 0.7315608387754748 0.7387959204270725 0.716043679949399 0.6986843238043928 0.7169140937524916 0.7246101305136962 0.7430171801222267 0.7041971237318568 0.7334560060065335 0.7586231093245739 0.7347982782922664 0.703089563661021 0.6616313884983201 0.6611920712909065 0.6607169101740763 0.6792130771901593 0.7092543737434739 0.7133093140595302 0.7243966737075135 0.7223816863716803 0.6986135705388485 0.6815684052120604 0.7118732370152233 0.7567536467738607 0.7911689140288681 0.788649815669691 0.7518234740849054 0.7638742944407557 0.7935096077537052 0.756479809912076 0.7455876624923841 0.741076390114749 0.7226034836991818
0.7387421718643206 0.74061224483335 0.7193095660744487 0.7174529075276325 0.7260802288438064 0.7265569649938293 0.6946971032419402 0.7364661123598402 0.6930674269569413 0.7088379771802981 0.7374749180475704 0.7370928276069905 0.6968549524105488 0.6661523796152764 0.7019460896136854 0.6741138872054425 0.698644853344408 0.6868761167200799 0.7319640147133833 0.7011907023085172 0.6761370836907078 0.6327546942988885 0.6269755049619886 0.6291620165895915 0.6640345606503408 0.6873564990351527 0.6714435288351562 0.6644707305220541 0.6613865893362115 0.6833597668471706 0.6896910486013916 0.68965027359774 0.7293467304434171 0.7150081318526926 0.7331581940702722 0.7336548118491323 0.7609302438389264 0.7494731418674164 0.7537898425352517 0.7184346954233303 0.6969578357943826 0.7181308791792936
0.7711592911264021 0.7774188195951474 0.7240817736635657 0.7456903881441561 0.7001326070458422 0.6797270153026694 0.6765623897124761 0.7100023483043957 0.6818642404790863 0.6816943117229203 0.733655253822866 0.7250441629830322 0.6746769445206799 0.6473235917221947 0.6370317762107428 0.6322464792947692 0.674659285195669 0.6678701108281899 0.7116792197736563 0.7115901573478597 0.6635571927534507 0.6564276288503955 0.637830162514322 0.6043894824046598 0.6202922268429005 0.6435951508254821 0.593484036658638 0.5776013615671832 0.6193016870757867 0.6457476977514538 0.6413398740415656 0.655377888713022 0.6692814665448925 0.6963107527901018 0.7210963896021766 0.7198024512702953 0.7045550787955079 0.6925745002401668 0.6819418462356741 0.6884558690420313 0.6718530570233993 0.6968829192011803
0.7592483441176735 0.7676439607877775 0.7341506140411861 0.7500246641154417 0.7239375894406501 0.6867878904430436 0.6905535664141953 0.6916781706044577 0.6626736565837145 0.6738832878406676 0.7056725884156072 0.7032509364761336 0.6547276953145043 0.6402883459918434 0.6297865653252744 0.6301867913566647 0.66675045759714 0.6356998939502168 0.6816915905671974 0.6522967527606004 0.6431153791573453 0.6203338012531511 0.5857692648619109 0.5813619831159463 0.5661160809976146 0.5702232651959215 0.5633022345900803 0.5640157487017141 0.5573233626686608 0.6001028596300935 0.5976339284331165 0.62110988720626 0.6393420093953263 0.6927069893913023 0.699313941615802 0.7054193665768025 0.6888412041885823 0.710226075636805 0.6901533738990574 0.6881677577297939 0.6668705928059415 0.6540911312655341
0.7467195830083642 0.7397299754011011 0.7172308264607897 0.7132472676992648 0.6829191756099424 0.7025485753553089 0.6842584452024878 0.6484642173532926 0.6680423894119847 0.6987800932385891 0.7031596786039457 0.668984883228634 0.637418863212552 0.6561991948081305 0.6322460918997483 0.6594899758329523 0.6322897660599317 0.6079094895524932 0.6176326352874775 0.6601530024614136 0.6463098570532952 0.5904544033360276 0.5818481583361845 0.5440719883858844 0.5503520741929651 0.5294255350615724 0.5589667447953354 0.5158018260372057 0.566768600906954 0.5512965747961439 0.5616919240254759 0.6295069051481973 0.612231935415477 0.64782765815521 0.6313345109795372 0.6314181025002251 0.6329562133609645 0.6688376923165876 0.6879221912380332 0.6412927877602413 0.6310802828819887 0.6378388747751779
0.7095155370977551 0.7010632994333889 0.680766341217039 0.707018215723361 0.6860297220794437 0.6844675633285113 0.6841094410652613 0.6693306743763412 0.6607273407468259 0.6607296554272997 0.6659107544570718 0.6321489908070619 0.6329340658174268 0.6469814738927951 0.6611892160414434 0.658187415171135 0.6155400902400322 0.589484905857507 0.6026532194673744 0.6260686318000807 0.6148185238031835 0.5785734045060492 0.5549423775446204 0.5316502097569265 0.5588064933745572 0.5575155441943577 0.5393440565533509 0.5122303314223579 0.5472936410914405 0.5384734291792098 0.5522741624131627 0.5630170699951829 0.5631584339251456 0.5815701094527178 0.5726264352798879 0.6279640895349415 0.6437210060574725 0.6736320669857395 0.6685809166709282 0.6395666261937583 0.6559520456689437 0.622913031025954
0.6788439375288614 0.6570274595938185 0.6725844586083536 0.6807894159217978 0.6750983747693204 0.6905420278858256 0.6809637158285448 0.6243033329125618 0.6184303052651264 0.6194238817496799 0.6423484317832886 0.6140114162444279 0.64159090108945 0.6558936493926756 0.6256028863967376 0.6382619124355398 0.6076702740629489 0.6142595647918005 0.589076427358384 0.5977830289738285 0.5700730056731937 0.5668357054975114 0.5525285594581524 0.5405414161148105 0.5768227242558623 0.5742389877970381 0.5273396487905246 0.5379060629157218 0.5384034102957355 0.5420480187096175 0.5182622627817742 0.534799137863759 0.5252981525988086 0.5397360459502702 0.5630936434835461 0.5691160960459692 0.625696396634064 0.6353859345878333 0.6532351764587582 0.6341219593369706 0.6180468517228694 0.6192823408327124
0.6538089165675868 0.6582814735845485 0.6835332129398729 0.6972773855932678 0.6991885901852943 0.6706618554261878 0.6595200783296755 0.6492429165229836 0.636750480875073 0.6349991205778304 0.6529642614028012 0.6265374941951852 0.6372535340515947 0.6051792997413191 0.6256082201889624 0.6304256156689538 0.6222767446791738 0.6156830728630521 0.5960673821917606 0.5879504476883002 0.5538532056107824 0.5420612081997108 0.5462320056668182 0.5427960087014453 0.5772458121389472 0.546034550054626 0.5477977945816883 0.5357968166117865 0.5225182551757506 0.5358067831956939 0.5336638664587741 0.5258673051926479 0.5081177105328838 0.5170217961021817 0.552030314129492 0.6021587535421049 0.616081160362609 0.6501506082122288 0.6341862379619851 0.6463030559899494 0.6273831843246389 0.6242175639997649
0.6557427223239732 0.6589878316887013 0.6652620283215697 0.6828844242696827 0.7095095183999206 0.696178801293717 0.6613793143327128 0.6318455309187124 0.6416643942490982 0.6693673473863122 0.64373574338635 0.6420963952529855 0.6043565322513504 0.5906367206050704 0.600758864283045 0.5792432444581394 0.5903122990861484 0.5716599632677187 0.5548606105434465 0.5101054975702757 0.5290358590687484 0.49729531955306644 0.538929319046123 0.5529511110469936 0.570983537242936 0.5732998658140851 0.5462339809600602 0.5710022811779203 0.5237975090346335 0.5260940164606261 0.5217166647200046 0.5027244212039863 0.5200506216134261 0.5281612235790096 0.5841619880486043 0.6156498693414423 0.6187447097247635 0.6137482024025672 0.5935260992650152 0.6054183570576309 0.6065852361386668 0.6228368681724644
0.6542952910631715 0.6582775619249172 0.6656174994982585 0.6833375908973021 0.6704011142146604 0.6599125554286066 0.6825783754158032 0.6678146914866188 0.6875292466810178 0.6658821302806631 0.6586666451800027 0.6415550584031025 0.6196668789687365 0.5867987731400006 0.5821767046119751 0.5675256792086076 0.5696966836978159 0.5478978203654927 0.5358319500322893 0.5059915483390129 0.4834468843692448 0.4717910336413983 0.5046484164336256 0.507589040649423 0.54222508185281 0.5732554455008418 0.5837677373082291 0.5822073547984755 0.554622604909482 0.5356655306049567 0.507953459625287 0.5087047909467712 0.49374210720005396 0.5524472526883124 0.5829165424159186 0.6286926083352922 0.6321494168532765 0.5914309307550358 0.6027634392155423 0.5746708316474916 0.5825388554398501 0.6021803279288324
0.658553235688823 0.6537214613369435 0.6598763503775661 0.6763015187357488 0.6444742582904791 0.6823172971511486 0.6814097581278599 0.7087972656646403 0.664769925162859 0.6550257352085002 0.6329828081208693 0.6225532295985834 0.6259917930010782 0.6115546455990254 0.5792239250038905 0.5468869591390144 0.561805031180241 0.5119792866969893 0.5120001021065003 0.46243078450535663 0.5013620707621618 0.5010939050363271 0.4749977738100076 0.4966739186849289 0.5055806281426568 0.5419999786851474 0.5566229349861959 0.5560606527378187 0.5212443930769971 0.498251558394598 0.5054776693832106 0.4746442581068535 0.5006152310536429 0.5372666875931444 0.5786433865494317 0.6050847781473595 0.591455280392036 0.5950431773244121 0.572103256281046 0.585979455396138 0.5943556308086727 0.6001157540230878
0.6424547875913201 0.6261230431942781 0.6590370528618921 0.6438703609565165 0.6203930203290329 0.649909952688735 0.6348973661962756 0.6499192907526057 0.6539779244859862 0.6412314119659436 0.6063284881145218 0.5991169298399824 0.5724811000941691 0.5449662490518952 0.5520070384720986 0.5609082565540349 0.5541077830600601 0.5120062109200617 0.46431633153250307 0.4602236324257913 0.4675588668335457 0.4919120293155892 0.4779297856546054 0.47720300839696295 0.4913344769991627 0.5360398274089789 0.5332267261101147 0.559995988538842 0.5442760248361226 0.5538612117775618 0.5307017227613227 0.5385978873614642 0.5509447483511287 0.5435434180530235 0.5742836362085507 0.5879649708612688 0.6132857332581572 0.6067974092296021 0.6004943854228016 0.6114559698289349 0.5797828633072204 0.5953276443147685
0.6054320395971385 0.6485848813032188 0.6259471540987032 0.5838955660693325 0.6134644335041328 0.5833407064238054 0.5988221146506529 0.5819995348111502 0.6034165501310385 0.6453520267786012 0.643689956705188 0.597289376360511 0.5771577709706825 0.5292627253577347 0.5219959087023954 0.5583479986337737 0.5458445244509282 0.5106188558923157 0.4587107671217018 0.4510481124570763 0.43920553705820453 0.4627667270216362 0.4858758942736609 0.49191263453472955 0.4684079297012389 0.48769517999574735 0.5227106744800977 0.5236911969434734 0.5415388990178175 0.547086198061545 0.5580081236372053 0.5093330607460345 0.5515561371047307 0.5924548851428095 0.5731352912259097 0.597357712717786 0.6203570911383666 0.5982093175884553 0.5724809721472615 0.5980368708563348 0.6003271660778026 0.580731161246298
