Raster_benchmarking/Raster/continuous/raster-150.asc
NCOLS 100
NROWS 100
XLLCORNER 1743163.4195163774
YLLCORNER 5469277.995914267
CELLSIZE 10
NODATA_VALUE -9999
[rows 0 to 18 of 100, columns 43 to 85 of 100]
0.5765663028774081 0.5925720924808242 0.5796020745311171 0.5679658307219155 0.5760196984849567 0.5954514319800294 0.6188801780086866 0.5691199240663406 0.5550040800002706 0.5641669703973409 0.5907217869195398 0.6022714788214728 0.5912076938946097 0.6010841107305163 0.5860657067407373 0.5917266081746109 0.5725691261736017 0.5011165399183702 0.469468205783991 0.4658161012840604 0.4048273188102907 0.4139689538611892 0.4096278383089761 0.40943401995393547 0.39694792005358037 0.35686965709398305 0.3817878537083565 0.39226543889861887 0.3948176367791449 0.4100359657958659 0.480789151626357 0.4876979603834171 0.45201716175145007 0.4551562754282648 0.4269643579052906 0.4692869257894382 0.4915924806976909 0.5179371216703575 0.5398212613118385 0.5388792956513696 0.5681297980667345 0.5705237248302346 0.5860280251419486
0.6293884365358864 0.6210690528256329 0.5719660927806747 0.6146688080331262 0.6190976437479577 0.6441353895559806 0.6226996402233278 0.6124749084665253 0.5842925247851126 0.6127426189317089 0.6367506488058394 0.6061858296862781 0.5954475046096182 0.591913374151255 0.6046070839720308 0.5665880871500732 0.5103114241889836 0.48852574046694136 0.5049108478969824 0.4583869804889355 0.45108989470774236 0.40506978790041503 0.4119368742792164 0.4010268395452787 0.40376051140115954 0.38312436684651235 0.402614453195874 0.3951437625425557 0.42193631781766816 0.44986004705711674 0.4947578809645769 0.4859605480181966 0.49370353738876765 0.495807342203811 0.46347543486643594 0.5194177082065722 0.5195542975903308 0.5345776148324933 0.5717702187029318 0.5854621904662934 0.5633943357254857 0.5603506371079946 0.5844138475017825
0.6169609653624354 0.6089157979070692 0.5653918532860366 0.5807331017183384 0.6285961446882969 0.6243574200369847 0.620859632479244 0.6133136320502425 0.5750096815563591 0.603442568355031 0.6427601475952114 0.6236470460883675 0.5958477259407848 0.5759090398163855 0.582314844048082 0.5423831045356671 0.496805016292072 0.4841312122650298 0.44492580629959194 0.46193587314230566 0.42210941451752865 0.3879726500007496 0.40430792422435236 0.3959622444045771 0.404055187733018 0.38376266249218255 0.38093087486578553 0.41328989229252544 0.43513350212113094 0.4725827632951716 0.48837314105762575 0.5005565117425093 0.5035503496688387 0.49961341580539653 0.515369470272204 0.5282374735131925 0.539809754721479 0.5642455589192342 0.5671437092448035 0.5762233251922498 0.563847750775522 0.5846121556600911 0.5987080865061777
0.6042641121453899 0.6243964037692143 0.5639254226883293 0.5972307698863162 0.6388429641932654 0.6242057248774656 0.6271203501280294 0.579877298437036 0.5467305161980649 0.5626462004199583 0.5941095743880745 0.5812496583514114 0.5820197052860566 0.5473187776673125 0.5134391788747869 0.48111535237995234 0.4741455676846416 0.47349307645915023 0.4274662991969127 0.4394825558301743 0.39365426019723365 0.360129942865359 0.36806674655213006 0.36010188638839596 0.369458449528861 0.38588112017086584 0.3935714895353567 0.43932577609037327 0.4141063720257121 0.46378461882620303 0.44427985110788687 0.47270496527664985 0.5334577846777478 0.53346173282117 0.5746851615952183 0.546385486452573 0.5810908591945648 0.594005530150128 0.5693114507624577 0.6019648155883826 0.6363563611749363 0.6092818197613586 0.5927769772045223
0.599172658287569 0.6066947036846583 0.5743178850967001 0.5929150808069531 0.6100695988111323 0.5870936667162812 0.6104462089998741 0.5610223447601259 0.5364243507595506 0.5766541457024025 0.5806197361238684 0.5833263032085624 0.5331199230909525 0.5134040819138235 0.4853960244769314 0.48878414978418433 0.45463313125583055 0.4336391370802097 0.4093703589950152 0.39992164559724463 0.4179026540727823 0.3888055554329539 0.3881337207147243 0.33317919236996096 0.3560401338111762 0.3746283292096291 0.40674628664373697 0.4191368386431433 0.4515885226730287 0.44865743218636445 0.4771067145668354 0.5094243801736283 0.5192571599949909 0.5824360422384119 0.6130062271840253 0.5882967710002965 0.6224025023454242 0.5944412296044271 0.6345254404722813 0.6651522056822721 0.6713750594845688 0.6470569364682892 0.6817975080498743
0.6141617795749492 0.5758632751393654 0.5557497258303046 0.5674030288105106 0.5550845379724039 0.5443171187348071 0.596241187273999 0.5449277451760216 0.5503784388191642 0.5345516792416026 0.5823673676166604 0.5540734221636234 0.5611737496365937 0.5222301409824293 0.4564302287495951 0.4585127156829619 0.4494493211508297 0.442667292040366 0.44638183526869396 0.3883903344105921 0.3781364826049547 0.36969430422746913 0.3718043596539521 0.32674142439390713 0.3112365423306853 0.3351426789605605 0.4131727776123139 0.44227297674648164 0.464961558254616 0.4566953127034094 0.4505486235220375 0.47755259766508695 0.5178773344631379 0.5449512588604952 0.6072874403158184 0.6346590280603144 0.6354934479499381 0.6350151982491823 0.6876133072159079 0.6637116244699706 0.677023076080002 0.6819652067813389 0.710730951336648
0.6189436203594332 0.5857281399237209 0.5430201986955698 0.5678451291664584 0.5337360403176061 0.5430848044233484 0.5581238720130239 0.522423569627533 0.5471809568796823 0.5322147347894516 0.5409807049855958 0.5148705452465215 0.5081725201611363 0.4930513830890481 0.47085294339621847 0.5056930639292488 0.4679586387720683 0.47725442244791955 0.48321038402959254 0.4458447554899649 0.407149483649605 0.3390612327223341 0.3272156483429943 0.32008198092917245 0.34298488230220814 0.3605590052602497 0.37535386253380065 0.4377666199428909 0.4373150025123661 0.4531434858472749 0.4638611349332505 0.4775992402410239 0.49833711881461623 0.5786506581895926 0.5788687411302155 0.6226309581083799 0.6023588401329488 0.6212269647714992 0.6812911238012807 0.683603685331237 0.7276588217041847 0.7200746407017042 0.6986723115859041
0.5499391098163746 0.5390653799843377 0.5091275074837583 0.5672447946411207 0.571843242789039 0.53853560693805 0.5502486075243508 0.5407741119654504 0.48713449241075935 0.5059510167224985 0.49681041788924396 0.46320580937395067 0.4796659958402572 0.49726905390815357 0.4949318450139618 0.4991544913093647 0.5183773838991099 0.49496567209544307 0.4667348483300246 0.41775157122902656 0.40778039237302965 0.353890605682776 0.3058234951599319 0.3391344786231482 0.334125925036019 0.3468235893862905 0.37383335125127426 0.4451927949371816 0.4528243733937275 0.4598505564925781 0.47062657003601527 0.4784321346798628 0.5047712505066139 0.5460921638309506 0.6256289924361226 0.6111965634867191 0.5739426185019298 0.5980108674512932 0.6713561447712441 0.6697677492557511 0.7111151310068027 0.7283898416216569 0.7096306510592632
0.5633770899479537 0.5212589889560137 0.543190150854074 0.504183475112931 0.5328588077809316 0.5181520727613106 0.5221121045310344 0.5374239862707464 0.5328010518495818 0.5056812946423794 0.4675891067771308 0.47296898567708895 0.4869591971656193 0.48390285720623183 0.48337483593860625 0.48158288721066944 0.5071441309604435 0.45122754343901356 0.4365522318763547 0.42590283743711393 0.36634520042408114 0.32799133216337095 0.29916856726788194 0.3422325971567385 0.3208244950813826 0.37518218437529804 0.3860266691249656 0.44219905695892886 0.4577323504521897 0.4443152659217147 0.4440801909219319 0.4944112196761609 0.53506268043244 0.5526105138283769 0.5682322489620254 0.5767223661699727 0.5949375613324474 0.5961159218467065 0.6273768381465252 0.6495339829182779 0.6850805217742286 0.6780129162556717 0.7377414578494971
0.5841437116588502 0.5374227406257828 0.5368666895564693 0.5416257132621608 0.5066320411065559 0.4837613322211702 0.516839870073103 0.5077372640856315 0.49331681296736946 0.47034442717145347 0.4452368608158617 0.4569451585755603 0.5117449526765459 0.505186851167993 0.5194879044168079 0.5167187344083215 0.47747334217471754 0.4481524235013339 0.4408272272854172 0.41600236447831845 0.36806213909985913 0.3551224787040607 0.29506738404707733 0.3372780393259437 0.34935117470715277 0.3876615693860718 0.40293179593874295 0.4150958731773851 0.4685926283872628 0.4908572203421574 0.45722156266903413 0.5238312805637831 0.5809430102055392 0.5701274747669496 0.5393130091056706 0.5615402034813873 0.5604161235943745 0.596258868785364 0.5869108561529247 0.5977097196376397 0.6534456475535932 0.7085364511111591 0.7167714186538421
0.549930600930705 0.533956608149456 0.5488354771687091 0.516365384910153 0.5295572700582808 0.5101847204160759 0.5456682564000325 0.5255767896423638 0.47464212635607067 0.4528696750791411 0.43984983350834733 0.4541716496173358 0.4494332667224135 0.4815267687845165 0.5003241880684424 0.5029999244258723 0.5180392387280349 0.47890839643323413 0.4704076783369405 0.42604451513216984 0.3521863709008938 0.33988727754512965 0.3118116287903049 0.353689971542251 0.39471858387817266 0.41180246567641693 0.41172408242531505 0.4474912677753324 0.44987221012118833 0.483845917009188 0.46755096142642394 0.5017112317686941 0.5601407541778846 0.5360666899414794 0.5378842698531627 0.5479141937569953 0.5534110939645066 0.5808861231588628 0.6167689987789556 0.6188570652044387 0.6473588431648402 0.7025833567345624 0.7331445246464252
0.5408384485095752 0.5185333698330843 0.5374775838768601 0.5163494757937603 0.5172118142701568 0.53754861663618 0.5278823941587766 0.5265868587609023 0.45730094289157197 0.4664936724808798 0.466920022285446 0.4497425533203794 0.4667611703262955 0.49471378128930504 0.4415962315675915 0.5005073102190851 0.5038653559810419 0.4514698929779567 0.4482387305365761 0.4247695583607228 0.3771295202322255 0.375150961621382 0.33370700848255447 0.35355196523808385 0.38546925719996417 0.40302303822677166 0.42479511929523095 0.47578109867810003 0.5074862687778885 0.5242689926542675 0.5012852247442204 0.5017729204551714 0.5576331781932325 0.5444245260683073 0.5277005373471813 0.5548944624809264 0.594889661564474 0.578416022074213 0.5863830182669812 0.6368741221098712 0.6959648360609129 0.7062666824374084 0.7195557554653867
0.5717341790056484 0.5421575615903208 0.553680151203342 0.55349638816714 0.5784688400729266 0.523753563727533 0.5340706036734867 0.49478158792418464 0.47438894040719687 0.4930757992232905 0.5023278477077303 0.478857151983947 0.5083528496864427 0.4825321629774847 0.46631167331643014 0.4591567029258099 0.43119137063784074 0.4230768129520566 0.42889711558488713 0.40568001768874395 0.3401209003457303 0.36185363758624894 0.31674290704165003 0.3720628941585648 0.42526543060137134 0.4480792158609571 0.44770020653658466 0.4791414234053519 0.48820952816825636 0.5282743963615073 0.4919103121294435 0.4876380074774431 0.5032029109609713 0.5049395888272461 0.5252873100093212 0.5841335274825027 0.6098286511115272 0.577538282238441 0.609711206413216 0.6145270840620908 0.6738518500812223 0.6882695725249804 0.7491762645579811
0.5921192813848322 0.5920635609266905 0.5710146172000256 0.5924281106348217 0.6131032263004165 0.5627039255293572 0.5185276643214647 0.5016627557478905 0.5408082571446334 0.5066535148676704 0.5490045104134017 0.5160780729776775 0.5140437599381065 0.5204174776919143 0.46601563680714053 0.4892853657066938 0.4487011974899271 0.38540147176016804 0.3757511210051675 0.34144473866002056 0.3143555301662551 0.3404659094604032 0.31525025935496387 0.3897263843223622 0.4255732497294113 0.46159107454931103 0.4453527959372717 0.505107796766283 0.51824536896854 0.5197450576542634 0.4973569272657666 0.49137826041991034 0.47410611782809825 0.495639682051665 0.505313338280611 0.5582788962011582 0.5941895665293943 0.5662496675334524 0.5807794941589476 0.6558074586997962 0.6958578940907243 0.7138442940458395 0.752474350307111
0.5638284634122136 0.6130809735467375 0.5849379962095664 0.6016876456325498 0.5718354931764539 0.5539599476408603 0.573876752446765 0.5664637162420026 0.5499706752866733 0.5332472110394773 0.5599877120072433 0.5155279335316499 0.5251918997099089 0.551711562215889 0.5270123532829831 0.47128549752957416 0.46749609704140666 0.39390200786314594 0.3946844369128365 0.35577854239339557 0.3441129847701484 0.3524522928692641 0.32901785820129864 0.36888443785489755 0.39856172082104574 0.42440423015452117 0.47585514211530944 0.5035888365851663 0.5061019555611249 0.5174946635390507 0.513162165667988 0.46187239756546783 0.4726285449203518 0.4745330306488415 0.5127563764556682 0.5207939110641288 0.543833652583838 0.5877373834368299 0.5808489355800592 0.6435497550870184 0.706196913676061 0.6988813844483109 0.7617623890862044
0.5683621693886716 0.5794858114920901 0.6237678399307625 0.5868630224163978 0.6015313429865813 0.5854673233144381 0.5847789741892675 0.5534135685287774 0.5100622260402492 0.5105736540036009 0.5406204673526508 0.5143039604028397 0.5585987746531205 0.5559523779009311 0.5499981404157057 0.4804784424004214 0.46367994274244606 0.4171407925940257 0.336996005667881 0.36674061587921053 0.38249781438471064 0.34245633770563144 0.3311064232066879 0.3805566453773389 0.4162276544319212 0.4293561976510857 0.48005987500999603 0.5017489317128534 0.4978464398441892 0.4779934649561051 0.47616873284286004 0.4641573974723123 0.4487209705730149 0.4672874422178917 0.4803949047092472 0.5262013321268135 0.5724138683449249 0.5628561501794215 0.6132367025927021 0.656726542106724 0.7133137286604757 0.7002084891476099 0.7486745496875526
0.5549515415239978 0.5595894811315425 0.5852869404354415 0.5581439841016379 0.5545748223898247 0.5883272230446485 0.5730880099284849 0.5514728922160327 0.5422240905272675 0.5485540737590668 0.5217544303567023 0.5571931077379475 0.5769229477490196 0.5338441151288469 0.5089352248757942 0.5146429773584831 0.43784528446161364 0.38607884211253457 0.3813300343005831 0.400041232040635 0.3997438529283671 0.3550348020897879 0.3785557975110863 0.4144272517587977 0.42447028912056534 0.45555429906756845 0.48897057520180276 0.5041663354611619 0.49654650417184204 0.466754214861221 0.5029844566177881 0.4955594618099946 0.486510621235217 0.5022053329167415 0.5059408426170793 0.5263534083113233 0.5819684742335096 0.5695584617494454 0.6104952300753859 0.6953005428015596 0.7099853069968923 0.7067696990322326 0.754598496274361
0.5967191847836503 0.5381450593715266 0.5344396499214098 0.5212326164958695 0.5371787942178617 0.5689704862267074 0.5844134758594629 0.5703861995394455 0.5404426898895766 0.5538462906322651 0.5591737938990987 0.5401331841800433 0.5527460538568659 0.5435849891301993 0.5294510629051478 0.4526677842977279 0.43279299070643185 0.39102829466852995 0.3863237061282685 0.36196358996056455 0.3910908260018868 0.3642867874058382 0.42838192197617614 0.4146297668440952 0.42695202731109877 0.4474228034687375 0.5111136242610996 0.5393277818714488 0.5408522546604536 0.5135121962091866 0.46402483604471356 0.491986753213371 0.4970098059425155 0.5352051935419261 0.5554130593504268 0.5683216053089551 0.5427318197344709 0.5691812695480795 0.6365760562926184 0.6868011586935432 0.728444698383207 0.7122666390064808 0.7379589733408595
0.5655365336664722 0.5612159709224375 0.5622002910454511 0.5297827927035271 0.5476200171240335 0.5622211439289709 0.5478106430070878 0.5088218910836708 0.5410815727553208 0.5266992663939073 0.5543479313787177 0.5244731785863046 0.5125054078269737 0.4964234726094729 0.48910791537945153 0.4306029139057727 0.40202446384180573 0.33946127980049223 0.37037331846365895 0.37603772930918006 0.38354912759678983 0.3980641617105569 0.4318151399782983 0.4253176473392229 0.45253650551465413 0.49874157602157626 0.481593780628265 0.5087523369328085 0.5242492760700925 0.49215260584254283 0.47953657811482153 0.5314714793732593 0.5340440073374189 0.5596006992726691 0.5493600873838773 0.5308320461955176 0.5513694519049267 0.617929243392864 0.6752047200391275 0.7277439552200695 0.7382099604497722 0.7731548514966068 0.7610490548462766
