Raster_benchmarking/Raster/continuous/raster-138.asc
NCOLS 100
NROWS 100
XLLCORNER 1743168.4710137034
YLLCORNER 5469286.090822434
CELLSIZE 10
NODATA_VALUE -9999
[rows 38 to 56 of 100, columns 0 to 42 of 100]
0.2712506944615981 0.2466056747496269 0.28788744575926534 0.24690594968903676 0.21711069879495587 0.24186122872380622 0.27036718645593827 0.28191141804733394 0.26795500457980653 0.29171139464915624 0.312596201074279 0.2752460747768512 0.2692074720960211 0.2707025820790886 0.24057559339779988 0.2400765622032651 0.2670278380998153 0.27752250138189094 0.2959284301257062 0.30362822432417147 0.2963695532228748 0.3138231918878053 0.3283280373420529 0.30969331481376877 0.3340817544235531 0.3369549407189937 0.3213500325334878 0.32415404996459685 0.3051908238432485 0.2999497602284163 0.29042340199977346 0.28155215783450366 0.3262910800503856 0.30709838281440593 0.30948728781115137 0.25228890389097725 0.25027833720549103 0.22598946720993338 0.19132912513158232 0.2030801800963807 0.1948411835450957 0.1806540861679982 0.12119364753475272
0.26207797330387195 0.29465548021267474 0.29147131190291586 0.30074325051474554 0.3006548428918578 0.24261647321935412 0.21424562555024226 0.28824026718003726 0.28203647242360075 0.3022644826903615 0.28180823957610296 0.23448852364040054 0.21954678056225127 0.2553651471301965 0.1993697744205484 0.24841703121285302 0.27437520752628985 0.29082414300636833 0.2799672610058684 0.3031113525905515 0.26593124376522054 0.26535623393662205 0.2925968125407296 0.3130642339229662 0.31856421601832047 0.348943542644745 0.3743066142711832 0.3518213507515717 0.31635859387679316 0.274818908554645 0.29065322429438983 0.31579413929720085 0.3441957061200918 0.32905388211109154 0.31999279825206095 0.25495647174131963 0.25382631566304814 0.23096001035766245 0.18429074898934172 0.18218187137451328 0.21384616327915515 0.17722819984978594 0.0962075127724924
0.3021871089908961 0.3040905469810157 0.3208718340494072 0.3001136939852588 0.3247034356674766 0.31156152440273205 0.26760389445825233 0.31248285401737 0.3163104942159327 0.31066253197208427 0.2874081786178402 0.2659410775389443 0.2293134671187337 0.22456788562631408 0.2133273257691609 0.2013850455978218 0.24787641067358981 0.226532727104515 0.2628139258849774 0.24912006445645526 0.295369439916511 0.28858944485495314 0.30745471616168296 0.32243644351012263 0.3658705476514399 0.35712981270419125 0.32566699679747396 0.33377345035548966 0.31732642579188913 0.284042387243777 0.2672412626282695 0.30302749188602496 0.3384213546364744 0.33839832010507337 0.2946106860704865 0.2520819739281198 0.2546695223587881 0.245631378729312 0.1955450273895252 0.20668425307005983 0.1774555970903967 0.16101729334358694 0.14489558246472448
0.30187994293509296 0.3077260860966768 0.3358180082234721 0.3568070018112668 0.3491285407069442 0.3011805035575423 0.33649431352680753 0.31397441744350085 0.30811717362234126 0.33572881168743457 0.3269855595703236 0.26777218273280773 0.21325768555744978 0.1973930223198239 0.18191210631637478 0.18354386090310662 0.20147085642393242 0.20793906968927295 0.24348478941909696 0.24312199502399878 0.29437832137053865 0.282663930234259 0.3275309455117273 0.3668002474667588 0.36935256902424224 0.32231391587027347 0.3020212662236151 0.30106035527094555 0.3094973915894358 0.3014082629896631 0.28174867222425876 0.2784866334836266 0.321772632879964 0.3418488795329948 0.3058492680952775 0.26662319924860933 0.23607014928338596 0.22350777048761533 0.24380434665082956 0.19370308984417295 0.18387286764394786 0.1846474218839391 0.1750804000476508
0.3262386465003603 0.33446167602800153 0.3490687583506706 0.3795032528379481 0.3456831172784801 0.3175356468722225 0.3567557833649479 0.33678823961809146 0.3111063231457145 0.3427649822971278 0.33518022272216547 0.2972854106365614 0.2240745062201394 0.2111692347889541 0.1810894475364868 0.21116591563377346 0.2295804271680587 0.20909481697448257 0.23418764467403744 0.2862804651787413 0.3200972408774605 0.3208721167087548 0.30840634550361756 0.3369042247723579 0.30652968607616116 0.3149619576774956 0.3363528380806613 0.34609097246038034 0.3350680582689776 0.35864485137215 0.32285712226729274 0.3158012622137285 0.2977007716845729 0.30200831417323926 0.3156079640084629 0.2902402172542849 0.26832422368097153 0.23859280334090646 0.2216369998718376 0.21261978252863473 0.18118751019556098 0.19502506538659112 0.20490940259734788
0.3324785554311402 0.37750807801218444 0.39052602092689 0.38595079368897245 0.3646740458560693 0.31115391853611196 0.33312442576653895 0.31035544676535914 0.31346918054258405 0.31724573607392004 0.34883884426511014 0.2770462627466988 0.23406737850827525 0.1981984721293744 0.2062081043547053 0.2302128339888435 0.21252873638745542 0.21547994433970719 0.27607355771547776 0.30000363235143124 0.28059146593263073 0.316387761976192 0.3621178665047148 0.3069052499467536 0.3094415080303423 0.3079934246377239 0.34166747560729693 0.3515508341794756 0.3488697120919091 0.3920275551821826 0.38789958821457554 0.346760228609341 0.3126787356142589 0.28938505745587945 0.26167755405713544 0.26034352731351174 0.27441880925579965 0.2674812056224124 0.26279500406878253 0.20917491880542796 0.16905314971735946 0.15447907014742238 0.205638183477858
0.3274710501904977 0.3646811873573691 0.3481936685780394 0.3611778515672301 0.34522310426970715 0.342187726988334 0.2948257539945093 0.28827486715311235 0.2952848856145546 0.2858699964227051 0.33801351426353116 0.3173675733607797 0.28946223352104633 0.2274738442275863 0.2365938267506363 0.22950511714568406 0.23104832518966656 0.2382645395254371 0.26945251326849706 0.2970204006963459 0.2867154425423113 0.3435572087284781 0.35345802440937923 0.32619668432021925 0.34274955787247086 0.3434428366892694 0.3686268869740912 0.33633355406219423 0.3526041821906131 0.39027493167953436 0.34889881337916034 0.31349342146538284 0.3173700794574128 0.2582520946817115 0.2346454649039619 0.24588162848741035 0.2377543322811789 0.2516953280305475 0.2427846682143056 0.2259953972342088 0.20453444971501883 0.16294350214739778 0.18626378653742123
0.30354674209854643 0.33848571212132816 0.3382674307193638 0.3720439607792417 0.38705177530134965 0.3694657162547153 0.3244393682335409 0.2916433725991848 0.28922920743831293 0.3245782226966699 0.30270804313609057 0.28105321262841026 0.27886774942247167 0.2341898406733215 0.25117381170883457 0.2446626875804052 0.24952861655800074 0.2749442304033711 0.30304789973514945 0.3017310633480268 0.30331965180380127 0.313007223603484 0.32962019158013833 0.28021472950338616 0.2794353017891188 0.34802975940379854 0.341672505820145 0.3277480924274007 0.38464842813074496 0.36165245951598535 0.36255337499437135 0.3247599330529809 0.29956064350631073 0.2712942941272414 0.2603114489606302 0.26280728688054067 0.2719246514471496 0.2455309930968007 0.26722851220161664 0.23289364404950724 0.19106217681489873 0.15050943446923448 0.18258623424314346
0.3024146804269428 0.31931966248912863 0.2861120776084576 0.30927772200295667 0.33476517937481426 0.32760629467439417 0.32662719732292045 0.33097878508112605 0.3086312475522397 0.3262616836456063 0.28658840828619864 0.3068422266153272 0.25981684143876704 0.2648701162855161 0.2742476768563902 0.26100807548759974 0.24884145547316439 0.25085201944226176 0.2595726177816275 0.2750975457565612 0.2636362870890135 0.27588727198300916 0.29948501682955675 0.2993682499952273 0.28618736273163115 0.3132219230431563 0.3314774495929605 0.3266608212931437 0.37665173547369685 0.3608411848188818 0.3431766762828497 0.33565400336328005 0.3221583833934707 0.29440537844650155 0.2982418251712512 0.29948141178661813 0.2804640027218416 0.27461322488208356 0.28537935221396477 0.22420741626216534 0.23970610535251813 0.17654962306571872 0.15663397688039335
0.2788301067383167 0.3107381915560589 0.2787957751518009 0.33366548905052984 0.3277212977023979 0.32026289160965665 0.36885372921496223 0.3504193891765704 0.33041745790700666 0.32868288914109145 0.29256498549583293 0.304048580457126 0.2762232872259353 0.25705607866451674 0.24906299580627178 0.23129420398749115 0.2735466373496546 0.2420703079802321 0.2725849758176533 0.2619145184477086 0.27703511376477796 0.2879495831724431 0.289395463199091 0.2967445912930456 0.32381067076797604 0.31027919273149934 0.29437532966110636 0.2967873380741176 0.35080741485563727 0.31940970360164156 0.35015902865458776 0.3357614010256845 0.312493000567811 0.3050192884750492 0.31401063486327996 0.29878916388523596 0.34845115098202917 0.320525242741595 0.2914634981487782 0.27206313615480876 0.2585815457126486 0.1891102290235714 0.1720813036507151
0.27009662506325977 0.30531040046355434 0.2879991302398798 0.3063779435304865 0.3249138317720025 0.32922686956162023 0.3477736743570125 0.31014315639396134 0.3092790150167645 0.2908628756213023 0.259150090608706 0.29068198715770116 0.262697669984816 0.23967545179369146 0.24528590191205923 0.23062877695413794 0.25648116873516696 0.2346206026695658 0.2646456573925648 0.2751867838327612 0.30277137121749065 0.2759697398726488 0.29166412604483916 0.2987573371881404 0.3073736391605683 0.2803819891182508 0.24711476603614813 0.275799723161861 0.3121526767032485 0.31226025859769585 0.36279035694329714 0.34932745391803544 0.3346983894127432 0.3099467486429087 0.31931637562395393 0.34441656207348553 0.3345707051295278 0.3000109662462975 0.2791092682782673 0.2874377661596498 0.26701906789306235 0.2022150783634853 0.17327321982086422
0.2633913445805777 0.30535356117654294 0.3063066379042724 0.2939950914264321 0.3075173027797614 0.2941535427310545 0.3303506954144615 0.2898779163266201 0.3009230244457644 0.303110923690559 0.25952313127879534 0.2858313726638991 0.2553593118148772 0.272958563944402 0.21431403098396937 0.23330195122062214 0.2453298815403651 0.2398771813758115 0.2610150166613151 0.2523194841982118 0.306944891330862 0.3063884464705512 0.2860748350231385 0.27207109403484403 0.3124947774216835 0.3040034329671405 0.25214402101704614 0.2622506271985008 0.2792047078503398 0.32445032951067015 0.3703844380642024 0.3722334496592131 0.3935924463050768 0.3356692382227346 0.31559972284924404 0.34654809470096815 0.3421879643039057 0.30880404662577726 0.2916327004442951 0.2727307566314377 0.28380099465060044 0.24926800443700559 0.16087884719490805
0.2938110134922492 0.25300177118070055 0.29677993976279493 0.2993260456063688 0.2626742774058117 0.2760057879452273 0.26983541844891623 0.2982188843767279 0.27094632267217256 0.2834126382458508 0.3024732412626614 0.29725558230810634 0.2991926564328227 0.2736198766546532 0.257552303185761 0.2711482679898444 0.2297893578788264 0.22720499072583147 0.20814406000326266 0.23238530559709472 0.2539258349459099 0.2998209374780675 0.2681409774773028 0.28114171307351354 0.2713146288570688 0.28393997920423075 0.2809970910846877 0.294152115788525 0.30830805456364985 0.34652317801483806 0.3566339983046418 0.38381021962930373 0.36387195511568354 0.3833337123756303 0.34429812567616985 0.34248093840914945 0.33165563758557304 0.3078480480266164 0.2905545676333285 0.2775217255435752 0.2951167061636503 0.25539170771086134 0.2453909237217032
0.29195865229716006 0.2325325622057688 0.21497296320311998 0.22886405407737775 0.2744134238132608 0.2767326658250517 0.25295239045316803 0.2509147842623545 0.2467620499663998 0.2648760684693359 0.3379859063368244 0.3003918815958473 0.25734574395525034 0.2547477560167747 0.28640736657231813 0.26293217575010525 0.2609237358305522 0.24058107247138935 0.21497875330366545 0.1933982208564732 0.24912071910281922 0.2455852643848031 0.2746466391092153 0.27316920709447756 0.3164456674015023 0.2973728164450371 0.2400387918268345 0.28347422139549716 0.3039588490598891 0.32544323151288634 0.3424189641971126 0.3782853828562785 0.36600816617125476 0.36485912132015214 0.38526700679859827 0.33415375261842556 0.27499053968581016 0.3132942635263538 0.2746054838479203 0.2554711191288024 0.26778123259022707 0.25784707282642333 0.24297922929356983
0.2672712088050066 0.27430282494325986 0.25428770684117424 0.24135488093265745 0.2546558957122847 0.2927940499245307 0.29334102105800625 0.30077717678539206 0.27692232952114204 0.29061607639826476 0.33085533472204937 0.2944929593565646 0.27616281089199274 0.2576362421462467 0.25988898154725154 0.2782129926740154 0.25350699761677775 0.2390980456950932 0.19961571150143384 0.18723995094731755 0.23605048228836648 0.26107595808177264 0.2499857567242006 0.2747101531119002 0.31225657591938394 0.2665632858588101 0.2711296989421102 0.27111055025999414 0.29330506655678085 0.32834118250505545 0.34196474602884647 0.3436888582923203 0.32497453653723846 0.33332545028671134 0.3495691951007962 0.31574342630068464 0.3038187995625673 0.29277267980762894 0.28852275043661574 0.2722433596048408 0.22914560658368546 0.20821823901909503 0.23030357232869655
0.2657558909226969 0.23786477867242012 0.2548777107505233 0.2802000491637758 0.26349925613189784 0.27506093374392776 0.31458746566788753 0.267081316234973 0.2760405426475005 0.3200251112070799 0.32182478929057257 0.3181067738931344 0.25429830047280205 0.24915262774106461 0.28813493909246285 0.2440579300526784 0.20556238582136147 0.1918310098090774 0.17892683558600275 0.17678679887170368 0.18941326953078677 0.21871623510630342 0.26080209038362684 0.2753491913333836 0.27730103143524054 0.25318429075849314 0.27580131334879787 0.3067222363620984 0.3069635075584325 0.2745861429842913 0.28050725554886147 0.2925017786593191 0.3015131783506198 0.3013457057424834 0.32692502498810605 0.29923777164892357 0.27325978320209005 0.262019743100195 0.2812566121983302 0.23193438001502042 0.1992105089692859 0.1927935288544927 0.23626391165797242
0.251120571827273 0.2532690205695587 0.2730574858788732 0.28282044269025164 0.3031890235479065 0.32082111968127003 0.2934926462219638 0.28460114340969384 0.29330109057271636 0.32184207806309034 0.33797011706572805 0.2910873966015604 0.26122523753893506 0.25091886933825785 0.26437414656131014 0.24388945879272111 0.21173887166580305 0.20133656753442347 0.1806653937225918 0.1985655304171852 0.1825672176978163 0.1805134506204419 0.1999321886961057 0.2301757817173628 0.23935196170064216 0.23439227849293945 0.2716670418820017 0.2902937851421755 0.2901450557429732 0.27420200880260887 0.28757345967316783 0.2939304332889752 0.28415359296278087 0.3389824025143672 0.3629189558048028 0.3255496542199583 0.32624854314458956 0.29357873701404125 0.2710232418054056 0.24709428025752833 0.22140504386148419 0.2107126199472068 0.20311903033880072
0.2729661419582792 0.23345216446513387 0.23010318901719695 0.2632276462007394 0.27717964517333815 0.30389373980852064 0.36684763351881333 0.30331385013869766 0.29313838696436556 0.3337705991658476 0.3181827661043374 0.2807898385584128 0.2848005905106119 0.24209569124950667 0.2300799116940643 0.2211004871382831 0.20511714249860527 0.17278484606071523 0.16047958368856965 0.19427666777689367 0.16975992653838612 0.19943066015333477 0.20059175854641945 0.22353254452466761 0.21081816466118297 0.25815420937029554 0.2671547131429523 0.2503591273222655 0.23268861075847713 0.2963139761639105 0.3074698336186975 0.26939246855474586 0.2687792738180237 0.33422984619839197 0.35179722079052433 0.34821975245052794 0.3427240162588768 0.26994516528003343 0.2235201181205671 0.23348472208486087 0.17279218147243328 0.17607153889358929 0.18202180032706813
0.27652918372089363 0.27372612178994987 0.27582021690824643 0.2715079800509505 0.26108911833933507 0.30664035649269467 0.3326723787412134 0.3147498536209498 0.29455037455495436 0.33231447396751024 0.3044935068578442 0.293199107940022 0.26477925806792363 0.2521702922360377 0.2287594770913947 0.20244272648423292 0.20876251917030159 0.18459037130656047 0.22625190648883106 0.21973501043206561 0.20945173696908 0.190231509034113 0.1731620360476965 0.2096020434439507 0.21633335939046774 0.2449236974894747 0.25935388981182467 0.251230308841631 0.23439393615956292 0.2790761782377378 0.3106867762903626 0.29435392257182164 0.3046590677493421 0.3206956397622402 0.3545056541436177 0.3608691767629593 0.3441205659002214 0.2855951105542954 0.23345655258223544 0.24324882285453772 0.19383464466622743 0.20234366275890747 0.1975662203386754
