Raster_benchmarking/Raster/continuous/raster-1.asc
NCOLS 100
NROWS 100
XLLCORNER 1743164.7223546829
YLLCORNER 5469292.405639016
CELLSIZE 10
NODATA_VALUE -9999
[rows 19 to 37 of 100, columns 43 to 85 of 100]
0.6185202209492067 0.596757265237577 0.5811718574669476 0.6214346692319436 0.5940734337631964 0.6137267265048628 0.613845227138364 0.610647816297427 0.6147078173257532 0.6571684809615659 0.6523390162035981 0.6428334040381884 0.6354405956181401 0.5826089995650482 0.5730229566568162 0.5673690301020669 0.5152846771195388 0.5102766825880276 0.5146401362172209 0.5128778039835358 0.5196082510282384 0.5639438963661962 0.5870451386044242 0.5691587223119308 0.5923286640572952 0.6467946619170896 0.6726484784212124 0.6453223941865879 0.6409089700273968 0.6436617045712013 0.6470492018742479 0.6566781513046526 0.6385522302026619 0.6043836934009298 0.636476836198323 0.6667702083821991 0.6816940269785537 0.7053814599690548 0.6909020924594055 0.6954645048736531 0.7072760502467704 0.6979841675189187 0.7328776657552857
0.6569239147548122 0.6099950945673358 0.6165418923163963 0.6077595363167907 0.6045112168696517 0.6151154386696033 0.6007918647046253 0.5904276840023975 0.6002289640440474 0.6526889434260928 0.6412758925580875 0.6055998566009582 0.6116271162170255 0.5967536740074241 0.5491481555408319 0.5339438498472552 0.5100330310183884 0.5218275984746006 0.5459352942823471 0.5266794884380426 0.5180021217590753 0.5656305105217939 0.5601352917396588 0.5831513121621696 0.5957504533811988 0.5874527517276453 0.6110321536775021 0.6415631596448815 0.6566236391184441 0.6295096377458907 0.6339671882898028 0.6330048296800713 0.6354207837625966 0.6291722874715289 0.6526182409300988 0.7007841783176084 0.7107853754502541 0.6890293965532275 0.6913083577527978 0.6995248861988697 0.6980988730989628 0.6666773743690926 0.6701804084237285
0.6450463234437731 0.6118719860454105 0.6204535427246539 0.587722065838943 0.5746871505918145 0.6045607648397735 0.5749360552799422 0.5991020060408883 0.6414967992820066 0.6522699247505241 0.6214624836582577 0.616086752006837 0.60638209532259 0.6064765161340688 0.5668322947916259 0.5156851068372592 0.5106031214293009 0.5095337775891013 0.5396816474711893 0.5092361584572163 0.5035144461476099 0.524109505308106 0.59522696121268 0.5837571798417213 0.5856078951868106 0.5711704918759574 0.5900401428121359 0.6048392371144214 0.6448160613918112 0.6668919455911079 0.6929347385376583 0.6787580888571273 0.6457657346084943 0.6748585583262758 0.6683554807364712 0.7203049314418937 0.7335358945581857 0.704112210938884 0.6919838684383167 0.6702091633531995 0.661804483896644 0.6336400331307539 0.6573426750606228
0.6593409299145339 0.6372372424044139 0.6659621153932908 0.6431716466003004 0.6067672729029021 0.5883164786047914 0.5672751611234227 0.6064731203812372 0.6239071229553592 0.6452125427825433 0.5963977993278439 0.5846516623217646 0.5681039759858091 0.5690231449644317 0.5523961925266758 0.5268421998647891 0.498841512688573 0.511325326951286 0.5175983062142763 0.5343136929199666 0.5084577282126789 0.5333261324160602 0.6010185629504948 0.6017836727894145 0.5689458119864025 0.571043772513558 0.5605119676580747 0.6074088028556799 0.6635476611665714 0.681413940899939 0.6829611114146201 0.7128140357822546 0.7132233282086619 0.6927335727314957 0.676874914200663 0.6863563857360313 0.6797801401828666 0.7066581119374252 0.6872308223402813 0.6613193299223142 0.634299633567918 0.6378148807014213 0.6628493193009716
0.6635015699135248 0.6468872086006197 0.6583736168235158 0.6322968408085231 0.646174210477409 0.6043858620455209 0.6016280502264545 0.600643425348641 0.5950071530242729 0.5977009126700562 0.6212106348504225 0.568687119594276 0.547006962942675 0.5183244304456166 0.4970065275537379 0.5082919602895767 0.5444586523838891 0.5090746579863481 0.4974200455567456 0.5402246525845765 0.529838115348335 0.569734204474906 0.5819485500618518 0.5974246270673721 0.5566610224140237 0.5702293080676961 0.563472752425705 0.5815192190541963 0.639521674831491 0.6594630274714217 0.7157543747586026 0.7244015408634015 0.7224850085952451 0.6970434889553822 0.7048759820194906 0.7075401452699364 0.6690092169665803 0.6830638389509774 0.7257907801297603 0.7007334227213804 0.6626837363639336 0.6581244263650275 0.6242513888539946
0.6331245188997777 0.667689170924459 0.625759592569727 0.6397458350433243 0.6185681191290606 0.5938895261252404 0.5998045602028466 0.6171803794301085 0.5758074099363852 0.5703012277357943 0.5756911908400826 0.5899905815089428 0.5595749989162775 0.503035304008292 0.5047553122143699 0.5205174586032737 0.5354615951771937 0.5323827089667348 0.5006851689782977 0.5310911214698628 0.5697395256589826 0.5731240710176477 0.5695103578337114 0.5616397548599608 0.5901604606079295 0.5899408239306994 0.601283315524917 0.6086010119409647 0.6304516582557641 0.6523152702599619 0.7196351798609836 0.7148490812361217 0.7080251465325683 0.6886184264722839 0.6752371297777661 0.6810600090165392 0.7055567183431307 0.7067474908398175 0.6822233831237098 0.6984681313153444 0.6833972062099124 0.6891417482753674 0.6779179245825739
0.6021039836204045 0.6294663492083785 0.64390024888746 0.6029450690674538 0.5845379591087491 0.6193944489000135 0.6439622753722702 0.6316575300964805 0.5965264856733191 0.5660555773190461 0.56804032700321 0.5658948673102926 0.58018906701268 0.5498859189799828 0.4961654988428435 0.5275317932392452 0.5377465187400172 0.5344978697899708 0.5427325586255088 0.5143240552016045 0.5374380899827849 0.587016344256527 0.5964244315810484 0.5621277135745152 0.5775748021194096 0.5961166722707747 0.5738273544892002 0.5587708690877291 0.6076445218633065 0.6787985366319651 0.7179369645471751 0.6887667311688817 0.686415100935616 0.6965311955291653 0.71389150851376 0.6809922318639615 0.6641176109772021 0.6864693853727022 0.6778157779633921 0.7169781623383646 0.7016170810545194 0.6806723973210851 0.6753011295460234
0.5600500296334626 0.5962570475992227 0.595443156794211 0.6182643347074745 0.5877199892361016 0.589695198688416 0.6146702321030508 0.5874855120739553 0.6025189259809176 0.5974708951167161 0.5493881913404134 0.5463076273399131 0.5708641101988187 0.5711891488046084 0.5578719296574867 0.5476373651087051 0.5473557187469604 0.565923494873743 0.5455271001999489 0.5465404977307656 0.549107169997653 0.5362184628473902 0.5490015440320969 0.5504532064206903 0.5575808514462506 0.5518233882873202 0.540162495091181 0.5458595560279044 0.5794210294801403 0.6326042569315754 0.6714286849952507 0.6817380956103183 0.6887334908568543 0.6912984454167612 0.6917403532560694 0.6783099361163292 0.6428774658317014 0.6535906908718134 0.6584024219918246 0.7016083667351383 0.6770027516602278 0.7029837501749487 0.7197055363854747
0.5293331220772265 0.536574568897945 0.5836250567051751 0.5912107998909498 0.5766379585163751 0.5581914869922416 0.6112850556501002 0.5680405772171203 0.5889490574956238 0.5631620648236123 0.5457529441162865 0.5521579196358927 0.5812702944567397 0.5799935084488667 0.5205443851372317 0.5266055633729393 0.5421290357048519 0.5451605040829454 0.5539347911042033 0.548828170658921 0.555382463851214 0.5659924088624656 0.5411621729853451 0.5659221465734025 0.562055993930479 0.5291190227340202 0.5092168138222349 0.5671548838663852 0.5855425524542828 0.6475305452478912 0.6845774118784503 0.6844558447649769 0.6951112768554617 0.6646087447293857 0.6404494629689061 0.6601485117778564 0.6612559041049294 0.6717249412285664 0.668215861233446 0.6570926722303806 0.6737820732377825 0.6909048770062444 0.6940520872560776
0.48453370892645975 0.5111449497674557 0.5308186567993729 0.559951301442246 0.5327888247908926 0.5575820119519412 0.5594215199895571 0.5295932688162368 0.5665659836238468 0.5332320432836793 0.5378486571938972 0.5318817295938149 0.5306351382703957 0.5405178000936036 0.5459800437847934 0.5280410579798135 0.5309861524286658 0.5450604197956439 0.5572635470346109 0.5636437537392408 0.5398837026743164 0.5410278836802492 0.5073083043585037 0.5283921305109298 0.5038300654759529 0.5357554298270567 0.5036960697606285 0.5599546879827045 0.5528895593796243 0.5881480858769632 0.6319331901183761 0.6437747026674038 0.6907989884311913 0.6798204325136422 0.6604643291943791 0.6786710322809395 0.6843845522754158 0.6602385020816436 0.6373904834620701 0.6546125875297356 0.668497320045485 0.6590815461069282 0.6688936028132703
0.47009420396599033 0.51515408413174 0.5169075144654455 0.483819163336268 0.49929351057539667 0.5204091957340159 0.49710890146847114 0.490461114078742 0.5130775075812324 0.4993741372707681 0.5080451937936324 0.5042501901032811 0.5177900140254568 0.522576890602012 0.5194514807981663 0.5242339882471353 0.5245637162380574 0.5035287559223158 0.5333180188147272 0.5175307668465924 0.5389708708378654 0.5216298522400078 0.5030367796774559 0.49390763764654655 0.48932855037517947 0.5231592108712542 0.4807559869863585 0.5051214109406603 0.5568411470108833 0.5600322821102398 0.6296892130555888 0.6723756618168657 0.6592520921236743 0.6713512086633968 0.6662429177000081 0.6339996048399362 0.654430226413593 0.6607114250570153 0.6375923066669719 0.6679527189012415 0.6737656938480219 0.6491381496474973 0.615382666155819
0.44156595397218673 0.4587902248086659 0.4799208506999469 0.45946405271119606 0.4686216999502711 0.45411338275196894 0.4621113282922443 0.46060804629220725 0.4731879172161137 0.47825896539544266 0.44987318608427856 0.4801273174554482 0.4913966195443743 0.4575842358766241 0.4464138918883069 0.4873384919365772 0.4741771216011423 0.49061255574417684 0.49804958644262326 0.4848293066597678 0.5351634651377866 0.5301011101660599 0.5334948058005923 0.5257134166088421 0.5035903142072975 0.530276536442992 0.5084252118093264 0.5209963437391307 0.5545290059239243 0.5639915319184152 0.5943432366521696 0.6569856778317923 0.6300573009475975 0.6637109571394326 0.6258635887418124 0.6310258555416418 0.6318801850872248 0.6676821716089769 0.6368134488303753 0.6437206599408208 0.6663738996815428 0.6176439907876596 0.5974673278189602
0.41832355638770813 0.44251592277015 0.42811562686651916 0.40411785077076573 0.4089265324618343 0.42021984729795714 0.4668635246812154 0.4654475333086271 0.4226789187107149 0.4443849049969287 0.41905127515949925 0.4581412099405039 0.4371471879408964 0.4273016507073858 0.40991990609787277 0.4057882799729469 0.405618109474789 0.45812737202535075 0.43514060527384407 0.46031951152917283 0.5310776113209262 0.5398027688380403 0.5512173924954409 0.5461329892570802 0.553144803775807 0.5368762190205678 0.5270673298094344 0.5468827180843677 0.5346629725088093 0.5847667032247537 0.6188217698260179 0.6226097757184794 0.6283528391760985 0.6241715091425407 0.6357486757749065 0.6549302450832937 0.6680590577424794 0.6634470098288147 0.6813774401895403 0.6437961271862309 0.6799887800422211 0.650148054876519 0.5869573521440524
0.4011279711407842 0.41961421495019685 0.4118554375613898 0.40212709464640367 0.4271266870316292 0.4207044813768632 0.42262911876738063 0.43649118743980647 0.40473951568948835 0.396728953329303 0.42005255706491873 0.3932661847207294 0.3678788307595082 0.3711668799332971 0.36718158749176305 0.36168144130499613 0.36257926333794605 0.41301245222609245 0.46359627385702695 0.4891153733500599 0.4915354685387335 0.5081002132852194 0.5002029507682397 0.5288120044103433 0.5016385391871041 0.5095897764369698 0.527962263129071 0.5055681978604762 0.5221218034175038 0.5909542381668716 0.5806297716584843 0.5995053881065948 0.6484532992020867 0.6414123520084138 0.6685699010219553 0.6478099096104768 0.6303200524961793 0.6255127695269601 0.6291528585254953 0.6628372366451061 0.6598379280997981 0.6285366148626649 0.6034867934375066
0.41241528256124527 0.4039215166799078 0.4028396111579636 0.3971647724009843 0.3860096627153941 0.3797875999616539 0.3815042813781012 0.38032604102819156 0.41082580631236076 0.3838947925458326 0.37812975176570346 0.38525541130727836 0.34229505441381 0.3347802660714541 0.3140271494309789 0.3498392318072768 0.3473300805162387 0.3841263179250249 0.4565028288443991 0.47028164066969613 0.44914665817807237 0.46089590122361956 0.4797646078613063 0.5086143480385814 0.48987342336606765 0.4850942074775903 0.48824946603938046 0.5106109386795656 0.5577495934055976 0.570532134362077 0.6174617802665529 0.6363995585000126 0.6386883998758616 0.638454044502014 0.6446543339974483 0.6454309588530226 0.6081356949241481 0.6249050128621794 0.6280273394085757 0.6329286033734692 0.6077642951959599 0.5940255331883548 0.5745558250579027
0.4224889131369551 0.4387015143826221 0.4422049339817619 0.38532750610963334 0.3682911402043481 0.3478406098460631 0.3726867410487698 0.3818587684970817 0.37210764162457943 0.3914470555194618 0.3691192649936682 0.355557107804815 0.31199719518970975 0.273098213372636 0.29134595905473637 0.3129492050065355 0.37018907419241026 0.3995991320652226 0.4496335562241746 0.47230430137464147 0.46068622055116193 0.44690032224171966 0.4378775354642387 0.4380112928922396 0.47060841033174294 0.4718185731775987 0.5131027729050739 0.49720581600526526 0.5565345696572566 0.5874963956274075 0.6231473052038364 0.617321510830292 0.6155628813853151 0.6486783776646836 0.6607109839553491 0.6208677890263252 0.5807413934908141 0.591935818330585 0.5965228856470134 0.623596484630422 0.614310371883071 0.5765587792238438 0.5889707061888495
0.45294230242967465 0.45201896964677957 0.43378220154347147 0.3631402403816651 0.339134940752403 0.35340626191337793 0.33441658305651445 0.3288589899071897 0.31776143018822445 0.3337153094927137 0.3640578119870501 0.31893114819873125 0.26748693299023846 0.25640481631939416 0.2540116288065083 0.29627466418821763 0.3729332891256632 0.4192836647209426 0.4438561946041607 0.44032669329781665 0.4610379235604734 0.4138713420615 0.4042662388376884 0.426727356303758 0.4395452449658425 0.4751490930600212 0.5036972277750068 0.5382584197247957 0.5338882523848426 0.6088259730974036 0.6327425753825531 0.636245454490483 0.6622135121720014 0.6530799356024052 0.6252896298406821 0.6275229005261638 0.5863082463063579 0.5831257823553486 0.5870558298747919 0.5992683102211698 0.5960832554767009 0.5641155572687192 0.5715522334999992
0.410804434183471 0.4084669590813877 0.3937047060853379 0.37843295457351106 0.3241675584342455 0.32195135365606753 0.3382834444536572 0.31742346585693976 0.32209520307740885 0.35256712781666394 0.35484450320007643 0.3125541986673016 0.27861560544840425 0.2959816241285673 0.3044040216004604 0.3524126915558777 0.37250108902323553 0.4184468570098908 0.42513805844638186 0.45028772229142916 0.4083102975835812 0.4106418677701929 0.4159993701404564 0.445944365436982 0.4580572949210698 0.45450707913279487 0.4772398853657872 0.5187033839920832 0.5566085547637799 0.6090232376789649 0.6162960539784513 0.6455608083629228 0.6062721872489402 0.5975440874422066 0.5946542074505005 0.5983688542866659 0.5692225868799653 0.578786440156799 0.5898430957598446 0.5905499174627646 0.5696032352573513 0.5691566675092513 0.5765406188018641
0.36244586480031415 0.38263819348097905 0.3364977638347373 0.3715346918878271 0.3592266880627313 0.3365466755496464 0.33796945694000763 0.3115591613372289 0.333192210038261 0.3501658932584657 0.3319012918267202 0.31677833396563 0.28034859864934397 0.2765596659179167 0.32350090860926356 0.33767373106768594 0.3656666803510657 0.38190716698229826 0.384536313705672 0.3994202926257057 0.4035614761942609 0.4358935176053002 0.44655983664375093 0.4503511611426514 0.45994339525073075 0.46260786940668225 0.4769492068298614 0.5493446257391936 0.5683756473786605 0.6120399816005393 0.6341574248216704 0.6142441772461603 0.5770207352304337 0.5727719447734649 0.5648476613465502 0.6002113227442952 0.6114729962656634 0.6320220429076344 0.6090056280106378 0.6033388439045869 0.6036160599085376 0.5845753956650298 0.6112459948903158
