Raster_benchmarking/Raster/continuous/raster-186.asc
NCOLS 100
NROWS 100
XLLCORNER 1743159.380928109
YLLCORNER 5469296.752708846
CELLSIZE 10
NODATA_VALUE -9999
[rows 19 to 37 of 100, columns 43 to 85 of 100]
0.3906959768804386 0.35875199822768955 0.3273795109482472 0.31711903762808197 0.31033442042149584 0.3265620827216765 0.28091713527366535 0.29319530044798464 0.30612474513034604 0.2743778541143794 0.23064655236523884 0.2547036084034705 0.25148161934480656 0.22063375008338082 0.21754902648284058 0.24844051947044948 0.2813769553185746 0.2798282155880127 0.2755665331312571 0.26492897074464256 0.24619964104454692 0.2427480111467708 0.24560120994223306 0.23386851538712145 0.2043480388333311 0.21227018755714538 0.237280494820595 0.2545357807686356 0.2509984651592821 0.2843798627791945 0.3137860775655233 0.2972417041260146 0.2768020879037021 0.28715826785043475 0.29960360134197894 0.32351054502903864 0.39291257391005313 0.37707993069582146 0.40412730205519976 0.3892540090282014 0.3637091760123644 0.3625612504074445 0.3479589854113667
0.39308597747969853 0.3744674370807797 0.3686185137458848 0.35779507412857847 0.35873846414278493 0.35467921800473495 0.34809132538936816 0.31707699552388435 0.32336047166857673 0.29922851818902596 0.29578775483371894 0.27369203251328206 0.2651008136383314 0.25805506361579605 0.25706626993616216 0.2646436796240244 0.28462507196728626 0.2869720300071498 0.28192219478985303 0.27661800864763647 0.2613345984757681 0.2449105225121372 0.21163279069614635 0.20271164902219246 0.221622974352556 0.2360014815125529 0.27930964817375936 0.2834825484483949 0.2661979960457463 0.2782665790323305 0.29127796166281417 0.29694273872316984 0.3184279250166411 0.31957999758175937 0.3311923650440484 0.3715385708902523 0.3648322089956009 0.3851557130616947 0.37731328301660594 0.3934520585774443 0.3983597577979365 0.40075482153562514 0.38617713858661407
0.3745552142825593 0.40495680060227474 0.3875373675261552 0.35495381926795455 0.37670670695299086 0.37008582600795087 0.36658018758736866 0.3329806557046577 0.2959024182436594 0.3132387190281308 0.2879994404082971 0.25619766410758016 0.27087302506371325 0.2570762703343985 0.21030520565541524 0.2605104965709723 0.3008372280311359 0.30206498180198615 0.2968646761468977 0.26397899240719425 0.24451404633556637 0.267063515999985 0.2449298687485308 0.2506497072983594 0.2034193113649453 0.24828880432164796 0.2904370029570422 0.28443201099275955 0.26505888050316484 0.2932919515046987 0.3293176236290113 0.33047736078569667 0.30354037948759893 0.29785221910327925 0.3648010133881456 0.37119413562630466 0.3523356851602697 0.3692786809043343 0.34895784816374414 0.4001143703037465 0.40214679347797555 0.3906165853212858 0.4215266480001729
0.3699738350488587 0.4014935289454011 0.39457249106898545 0.3825936080754193 0.3566269012161371 0.38080500183926963 0.35727811055445363 0.3502362547826742 0.328249582502112 0.3012566693131854 0.2703020938170485 0.2593536002969817 0.2440489817724389 0.2425755794603329 0.24760773141405212 0.26378594419448353 0.2936257579776199 0.2875607501927019 0.23337559249067313 0.23089865513178545 0.226391841813954 0.2352415995800988 0.2475264301384623 0.2527605394217779 0.23951101843940337 0.24467142933815242 0.24724057311707212 0.26409980779159625 0.2577930200741619 0.2496324379376803 0.28201126673942206 0.3149314531834701 0.28559605680395556 0.3039998463671388 0.31797184315149946 0.35254819879202065 0.3413455242495401 0.32459556546083523 0.35210304242210005 0.358526517026325 0.387362388791211 0.4360939241556447 0.46105544861798686
0.4153545626484599 0.40856617664046263 0.3614239780201449 0.3844837825078047 0.372040315398573 0.37976185840770726 0.3565250426923949 0.31987798086530145 0.3407817623756572 0.3304602511640064 0.3208304937937905 0.2613525319166776 0.2489965617550166 0.23317159800093826 0.2145517254881828 0.22818799577913293 0.25165436411197944 0.2398822067675064 0.2173144582128021 0.21042779910309453 0.22713380801128658 0.21045234557563133 0.23318418081611392 0.24776688973204403 0.2394472325441722 0.26339864163396687 0.2856420518301342 0.24893149875635615 0.2489667014694886 0.266930219525459 0.24868829500352435 0.2875976178965276 0.3165555898689586 0.33074335055819826 0.31038382423224137 0.3529493310712021 0.3529406332089236 0.3316998130505189 0.3369528598599553 0.35689186518392124 0.4011634886961935 0.4222612548817737 0.4579319194719245
0.37861541286999784 0.37975055277484154 0.34324873294895347 0.33866916903890654 0.31480146192886377 0.3362389448837189 0.35487957465338604 0.33340939253011204 0.3185224543806879 0.32518613616977 0.2988997852218355 0.29851031798349853 0.28623687628802813 0.2800930364099365 0.27992198755773845 0.2673689452459856 0.2242311124008807 0.23252212253163898 0.2269927202086962 0.2148404403450588 0.22645211139863766 0.21042739615968115 0.24186577299407286 0.24158265212796773 0.2644603774199064 0.27974399116914495 0.2769909507733297 0.2802732230654685 0.27008890721060436 0.23414007006380178 0.25016393497866557 0.26650513584234115 0.3152414639364773 0.3221977993465 0.3129096320335737 0.3061265056590583 0.31230117540586033 0.30926948908760427 0.3395777940453802 0.3627334280343497 0.4253029675649641 0.4382508722350227 0.4283189021465591
0.38276798269098583 0.3680152538197781 0.32285325591403763 0.3348905997291505 0.297685404860366 0.31609709592804724 0.3244491054492413 0.36050345045638976 0.34812392457828534 0.3552274759881155 0.3502505971355463 0.291892470908774 0.2908430220499821 0.26695423898702675 0.28091305855903725 0.2714711512069927 0.22938803397073665 0.2513113340289905 0.23774682934290794 0.21931034674962285 0.26551660058503146 0.22033698318550754 0.21107758435832968 0.24238761714410023 0.2723351362046243 0.27046898505462075 0.266204133364635 0.24466432711023658 0.2726821382641192 0.2401008219510996 0.23611438605900392 0.2797346983386939 0.3171850725463843 0.318658180531295 0.2712673683765203 0.30702629834607215 0.2848460633094459 0.2701307697284411 0.2858383689533694 0.36461144357304215 0.4087381163219792 0.4525552492072662 0.4545376948704226
0.3738462929453477 0.34972607379725235 0.3375683952785633 0.3238917890339241 0.3255297043760933 0.32837735160364767 0.34231753414995825 0.3454252328192197 0.3567752158939846 0.3401415105703932 0.3203516184574193 0.32901201127272356 0.289816440446604 0.26986189898225726 0.2649037790455268 0.24659114676870664 0.23007206232967214 0.25801884272937786 0.26839911539068223 0.26102718038734846 0.2511680164651402 0.23009824693708414 0.2111841981999863 0.21012594743238774 0.24353860678531808 0.2551612139370625 0.25278512532036884 0.2611493641076762 0.2638731748539292 0.26310900710582524 0.26104012923707154 0.2501077306779401 0.3090354503987194 0.2995953835442944 0.28584086065066494 0.29313075911000935 0.27777469751038913 0.28121000991423206 0.32336075805920855 0.3345782221501771 0.3642654542460974 0.40683771208273095 0.4364928443812521
0.3902741733622677 0.3721529304825807 0.34711351495293646 0.34927692333404936 0.31548923551222385 0.33428208843158363 0.3226260455983353 0.32629277132720425 0.3312380658918111 0.33175324592274513 0.34453889506414176 0.29015104205123654 0.26949905094579457 0.24771905234528682 0.22929590247807033 0.264532101482584 0.26560673328036044 0.26802189155875206 0.2841885917722673 0.2564540131306796 0.2813724108184537 0.28008811166370035 0.24662604382418238 0.24587948444600183 0.20180946689225177 0.19477098962803663 0.20295904288675032 0.24583371994808592 0.26241388632629603 0.27417594691670044 0.23180905840102234 0.2690027390330782 0.27551006493178315 0.2811483192096177 0.3168190592907594 0.27076470033984373 0.27769566652857686 0.29942936003076703 0.346660446729151 0.36899862747174034 0.3884453913483442 0.4025967089516834 0.4053564295868809
0.4102460543473487 0.3981851822408982 0.3770633119662111 0.35238351909575716 0.3334649004406944 0.3336921698059522 0.340996776550171 0.3211131192612779 0.29452677394928184 0.32421727540765816 0.3266189622933571 0.28624985605531356 0.2368129866889365 0.21700160757796777 0.20412934344946632 0.24376520361506662 0.24383724047601205 0.25575946740941374 0.278851304277065 0.2683398179327167 0.2638149301555144 0.2688146289198306 0.2571680909978292 0.23994002803141934 0.19302210494384725 0.17655935463667227 0.20986219839054648 0.22658623855983376 0.25981927991900167 0.284981672570628 0.2970767961208529 0.2760828287239067 0.31174627213398387 0.33158335967037067 0.29616933030134746 0.2924893798437252 0.3146268800806458 0.34771178749687465 0.3723395476819192 0.3759192243003217 0.38613889680564234 0.38924844909761547 0.3783026690479027
0.3992399894365365 0.37970117938200243 0.36799045613529174 0.36049755465973493 0.3384051309644488 0.33752270480724883 0.358844460112413 0.3400891855485135 0.27833655838081356 0.2875376109997887 0.2929054704435866 0.25186023212431446 0.25400717696898745 0.20847439165745799 0.18870512808231865 0.20178380547527167 0.20755584366126414 0.240854159114426 0.2262835310478654 0.27507000225454237 0.31048236620739367 0.31034129365164465 0.30327351492731264 0.24577052401874475 0.20807728585126767 0.21632468865872548 0.19060982659895828 0.23478842890263193 0.2985496517293688 0.28161656458048057 0.3145064162106512 0.315533235453458 0.32359897156392936 0.3133738196975888 0.31296152297277763 0.30992830762176304 0.3613677558921824 0.3436749292253053 0.37998698279407567 0.3964285701252233 0.4057464590100931 0.36751656460954113 0.3561358750929811
0.40939465238968964 0.3919277650597975 0.38546710008774393 0.379690590390613 0.36966844922818354 0.3571951186476124 0.3307502055420944 0.3402847382154114 0.2817923582795135 0.3005449684361254 0.25328217854066293 0.23962228315821313 0.23430089821869907 0.24071192517223644 0.1933452192387435 0.1969818896240509 0.1856110661260911 0.20389029709748832 0.2408525149614069 0.27436439728100315 0.298784329759801 0.27996176100527065 0.2504431004153679 0.2417306956764857 0.23027004200557358 0.23675999076109572 0.24314934296292026 0.2890135007275976 0.2864804968027328 0.3049035521292159 0.3032210444821191 0.31035071573852335 0.29298420372899947 0.31698614804096886 0.3404964525981589 0.3626344571935775 0.3622512007261571 0.37410362339301706 0.35161606868944384 0.3917214891893744 0.3906822813373523 0.4204173055283214 0.4177167068625204
0.443478685115046 0.4168746034149224 0.44218707243662336 0.37769920983928945 0.39638269499725387 0.3568628667073164 0.3488455940477995 0.34271919368339554 0.29902218677249864 0.27681649792194046 0.23958571482563462 0.22545019160227253 0.26004172720050794 0.2375393391331937 0.18768845197503176 0.22616141718333885 0.19540354592177536 0.2278307628299491 0.19413097138891786 0.2568490287890272 0.27555685854508843 0.2635107686998733 0.2486123525198993 0.24087441907960835 0.26003019486161816 0.2775965344661534 0.2965461780888981 0.2982154087504093 0.27199712053979225 0.2678592225840321 0.2646985306344413 0.27992882532832986 0.2771832091995287 0.2987221148958558 0.34589523075088263 0.34961321108878474 0.36331674490055726 0.3444451681769216 0.3617648870020426 0.3902341224119316 0.4172306257029051 0.42765486386171275 0.44741930272551433
0.4511774852302692 0.44541490803336015 0.4231335414535054 0.39272857663361904 0.39314297303170426 0.3862350046099556 0.37262617492981065 0.33057579491253136 0.27864311878999304 0.2756999936393925 0.2616987843690709 0.252919610111942 0.264739238487735 0.23084325218200985 0.24195798825616413 0.2308646799401637 0.2161118171685405 0.22381118877191522 0.22348894752045062 0.25504518547148397 0.253874337011267 0.268682081912985 0.2596544896696798 0.2973696391277598 0.297895437894035 0.3144889121579907 0.3132221556987344 0.33100833327802837 0.3106762120133346 0.285977506137508 0.283760662599247 0.2787123553761969 0.2931540715500022 0.32414203378843953 0.358004058142156 0.34695628637705533 0.3507299299616008 0.3459268867801359 0.3561529110258962 0.4042835892826873 0.412824187521156 0.4514820928505705 0.4607195002898261
0.4418954007667341 0.43230590063437596 0.39058165870459555 0.38907312794296833 0.39402830679775214 0.3673980259179493 0.3315450770530081 0.2989599175791574 0.266347807225001 0.26120751135594783 0.2427549884639783 0.258817463259922 0.29414719259807626 0.2765238129862982 0.23016935733163 0.26778935280925303 0.25981476343278576 0.27017768447187523 0.23854137476857362 0.27134452070685666 0.28842670332573217 0.2915029829451421 0.3020274388022886 0.3224619345953344 0.3002766954197673 0.32743397523090223 0.34302426674722675 0.33693453492599706 0.35160528538321145 0.3082812466035208 0.2780947622602889 0.2951372898646038 0.3536181305642743 0.3529292814587416 0.3290871040770316 0.33749454303035203 0.3359027126730411 0.37756870877085374 0.4078768562943694 0.4246141392680943 0.4514475132624416 0.4532688214333833 0.474432602855224
0.4593915482999838 0.4130462572397113 0.40993918569470084 0.39628381323524686 0.3573405653471737 0.34345049637997294 0.30515851570763963 0.29128868349460274 0.30541903023168554 0.3154230879709697 0.2841466864990481 0.2938925206073972 0.29442325041539935 0.3018470439856136 0.27590459116986693 0.2563303451017284 0.26523035378612564 0.27090842353481714 0.26972421190717155 0.2960073060745275 0.30160758896211276 0.3035165253291453 0.30163447850552744 0.33709379611671286 0.341155821701641 0.36735761581012 0.37549352056389285 0.3387447193644737 0.3376052815825645 0.36400720233477557 0.3453540000734358 0.35645392618476024 0.37234889309910796 0.3505385518240021 0.3742120256668061 0.36686029491748806 0.34461885053800806 0.3905636808306635 0.42078370601779647 0.45144630839156336 0.4574871465206285 0.46472697424771986 0.4396947399299058
0.46707539939162146 0.4497012338972154 0.42270823752568365 0.41054088027640645 0.35139762963860727 0.3314750005094766 0.3003325111650902 0.3061311855950578 0.34830069045663176 0.3330749443791625 0.34095184459947786 0.3236388997052907 0.3077300368492254 0.30551316704002435 0.29591642663385587 0.3160707215117992 0.3319755759560601 0.31316643105562686 0.2979050841824518 0.3023105155382118 0.3289202147333811 0.3120348013298484 0.3524121459573247 0.3390198369892669 0.3819495978789184 0.36544792314008623 0.3913226653687504 0.39020744628943144 0.3623338675777507 0.38265322698596 0.37857252388928 0.368057430053041 0.3818143887076633 0.3546264311932681 0.3839853206371848 0.3614853379539672 0.38623474183949114 0.4172856006864512 0.4587400165895632 0.4413369231971946 0.4531015096530339 0.44911665171297976 0.41718111484581866
0.5009245010250416 0.466928537726287 0.4527706522894136 0.4282417971893639 0.3721670398171535 0.3493700186226743 0.33808103872379947 0.3256320291068381 0.32348693042466775 0.3385111869428086 0.3496518026520246 0.3402952774053168 0.33956685843984075 0.3006486159162653 0.3342367925618011 0.3134222683279646 0.34156457126414236 0.3348006518777446 0.341287042403832 0.32577006605505 0.36046005683060833 0.3516670328084363 0.3783259650621784 0.35353893486765536 0.35064320298087176 0.3864323059135905 0.3906110025190597 0.3748794057599646 0.3735262248739983 0.37061944806134217 0.3585997154442104 0.4023143584364199 0.41810523650999665 0.39459406661693713 0.40189083204794557 0.40028796693914764 0.4140645169666947 0.44548369918120007 0.4701437545636518 0.4690134063882575 0.45967804486783365 0.43022409593584315 0.4221552381623595
0.5189054733796885 0.5046323936785424 0.4485171664404495 0.4365953849052231 0.4232298816492856 0.3528181193167651 0.3366431233391233 0.3433992891900543 0.3242018763083568 0.3343826086762074 0.3164511723856097 0.3324515651737465 0.35345779245056963 0.34785635069819315 0.3443713786736593 0.3263422496502771 0.3501452125578782 0.3489292924020248 0.3920572904468122 0.3786672036971902 0.37582425550806847 0.34541875847401643 0.36621704944888955 0.3461272967335348 0.3659474180569626 0.37657294597838925 0.38422266624665063 0.4199694479608184 0.44002303866301556 0.41132448897964213 0.38393083633492336 0.4271708289690895 0.4240772642564517 0.4075297792356379 0.41506345519732935 0.42292170228833315 0.42049405766150527 0.4549919528705119 0.4818717244578035 0.4711253674328632 0.4490662541868727 0.47404012136775914 0.4606427350849352
