Raster_benchmarking/Raster/continuous/raster-192.asc
NCOLS 100
NROWS 100
XLLCORNER 1743162.0971194294
YLLCORNER 5469281.558402499
CELLSIZE 10
NODATA_VALUE -9999
[rows 57 to 75 of 100, columns 0 to 42 of 100]
0.23427285825732866 0.24425745582852318 0.2017938864950734 0.1782124980243237 0.23682976459132718 0.2534732685339493 0.24444904083572797 0.28105578466789904 0.29513776747070436 0.34148850375961165 0.3181265993265705 0.3193579623141184 0.3150473733267185 0.27404711967727907 0.3053191678559648 0.33310292283711623 0.3255620396340263 0.3373961196300212 0.35248757979656675 0.40036876058193727 0.38815946485740327 0.4199144150182649 0.4457684103951663 0.4748857040053206 0.49170142629771174 0.5005563598693237 0.4801394298331626 0.4732993085906912 0.4565112415463741 0.43940515531142144 0.49802417043896513 0.5520661994746073 0.5389885011736169 0.6267457120390352 0.6704242015027577 0.6537798818612928 0.6837880498976374 0.6507424998320974 0.6647913417682267 0.5965926345636123 0.5472957272680858 0.5216671338815306 0.4846352436796281
0.20833643629441548 0.21484589408755525 0.1785870719395166 0.18782525877425066 0.18173531712775448 0.22045470540548393 0.2446246864123656 0.23175665086619435 0.23373781262280088 0.26187175218499315 0.2923184330299995 0.24799276291520356 0.2599148422607515 0.23508770247783442 0.25139445215709266 0.25928949397135653 0.3006053152082754 0.3478522654244351 0.31857995502195546 0.37616815522367675 0.37594128407638516 0.3643087943938824 0.4343169049012628 0.4538474276005752 0.5009813473173677 0.5062610810504287 0.47975303095127625 0.4846372004242481 0.48677025187779754 0.4804170444701427 0.5134344916002337 0.5701542279062722 0.5845310108478551 0.5874821002915391 0.6540361131489522 0.7090551219329324 0.6983883812875089 0.6707892662765543 0.6278930153230994 0.5743841466961666 0.5164494246946112 0.4923189471678378 0.4826144369913273
0.2156904640677912 0.21156927087561886 0.1578631257858364 0.16668303440589408 0.15340999347910889 0.17241496980276405 0.23539529533522865 0.27046246352076264 0.24890987744876175 0.24448690344014923 0.2422902966319416 0.21329636384116643 0.22426770252144687 0.1931215387217657 0.21841785544532122 0.26502351633600607 0.30289734876024355 0.2964028128003402 0.3193319790252165 0.3173184989736207 0.3467912202776804 0.3800890889677854 0.4397976438329414 0.4584811492659383 0.5055447651802542 0.5666396711513806 0.538900300944146 0.546678212913491 0.5189277734684073 0.528945324223455 0.5286677441937696 0.5701940776049069 0.5509022515728412 0.6013510033693396 0.6507983983848336 0.7233558747536223 0.715862256792412 0.7202466105304053 0.680157910347202 0.6031436315215193 0.5187985381294994 0.48794396190733097 0.5189163507024768
0.17571936139691904 0.15466636095301514 0.16566502960934024 0.17385115233251766 0.13113771281911613 0.14655810613213516 0.19388575480560194 0.23801108427728335 0.21266796480981262 0.2180528450096937 0.23956383003653509 0.24401762044294145 0.1927025157351126 0.1705834235724895 0.2021541542670037 0.1913499563341672 0.2418557632679634 0.2968790352524635 0.28710515542113585 0.30967937154279 0.37494291499822635 0.4101079103005719 0.4118678792188215 0.4545442754762921 0.512959063033986 0.5866618727302818 0.5445771727463483 0.5315328054656717 0.5708363825568118 0.5813801554817707 0.5515483911670502 0.5448886243028462 0.5850872932588446 0.6211973552670726 0.6593951947430212 0.7192380306270542 0.7293977739709864 0.7615768265361674 0.6891930886714895 0.5843620713651283 0.5632225248489042 0.5399688863384906 0.5100843879793251
0.2174677152293425 0.16660147567440053 0.14310797393772964 0.17627511349188077 0.17116883153097381 0.16584187996716118 0.19874163232469785 0.18743362575729883 0.16325937696421708 0.2007062214811688 0.1921610514384725 0.21038209636023006 0.19313925106264856 0.20339300865058252 0.20960449721769597 0.22729346919556234 0.2174647549632221 0.25336568113037805 0.28524993346855093 0.3628096103571329 0.40485664508049274 0.4593261398160594 0.46288135622675924 0.4853024846838287 0.4752276876234669 0.5404954513103961 0.5048433329576842 0.525885159328542 0.5379220207655871 0.5641513905488018 0.5915861443461639 0.5947532537807507 0.6008544802689677 0.5813286259410105 0.6430102254656052 0.6378180932806093 0.6970880441324895 0.7151349100334744 0.6457795743351159 0.5836423677546813 0.5795275933791348 0.575532439638745 0.5740085222759591
0.2248454212385727 0.17605628643437227 0.15568439072088844 0.15721299283158294 0.1518953164627525 0.16469631798037399 0.15075413849108002 0.16610136181153382 0.14651552752452107 0.15707261230782832 0.158711240587653 0.1529646049379078 0.15744983900729642 0.14097181508190115 0.1856506189872115 0.23614315590023818 0.26771067742138865 0.26911883503624157 0.28944715976435315 0.37352367760787153 0.37839308230482155 0.43040873976948574 0.44719888080327125 0.47019713219070786 0.4613047908336953 0.4811713850038637 0.5275794803274194 0.5172563196415181 0.52491768669444 0.5265972003664555 0.5849194288073842 0.6102483546276425 0.548126827463786 0.5517836279584027 0.5983719254747839 0.6043167173124426 0.6302535694667714 0.660942025168558 0.6131161053080174 0.540067350609154 0.6055817969475235 0.6020121260607876 0.5596695493163596
0.1840886454923283 0.14253525699027972 0.1479909841685614 0.18828479797938721 0.15986242185064156 0.1667098538031829 0.15136447127350336 0.15307965454759895 0.15579724535242584 0.1802988862169481 0.16775802210319843 0.17752968504496133 0.16169209305203502 0.16811869844233648 0.1756884999087917 0.23624246210799546 0.2261732503170826 0.2554408810151758 0.29721500620737507 0.33112552413684765 0.40197980189036636 0.44798648750117637 0.4949003160631572 0.5200755609871713 0.5114341525447328 0.5005086011796515 0.5092763235740261 0.498473701977835 0.5151189132797643 0.5576789272880284 0.532075358804696 0.572259320674975 0.5427754520038786 0.5695202837222195 0.5584384342748078 0.5809809962852243 0.5576698863247305 0.5583991425596675 0.5406599108207465 0.5338456499355664 0.5713572969455896 0.5493023838383745 0.5837055922938628
0.16899006193642863 0.1466385122819968 0.19798430345499618 0.22047865523371582 0.207827734971093 0.16593065701498624 0.15938276147988353 0.13697350993258123 0.12407866369718994 0.11970835962890633 0.15568592886942012 0.2081255514627463 0.16264480770788756 0.19010622871746158 0.19184189671145666 0.20242331729850996 0.2503787948584917 0.2631467879515812 0.297515481645782 0.3489040693337473 0.3891686417653199 0.44684962688492 0.450017046902968 0.5162719735839014 0.49641449419786865 0.5308878664930032 0.5254423727609928 0.48706919511118973 0.48950860772102106 0.5447224272764432 0.5284782395483931 0.5585879405674206 0.5313075971335672 0.5582418010129336 0.5856306457559228 0.5575734955106423 0.5535314956064101 0.522713636627395 0.5172424923245263 0.5653464387671018 0.52779869199703 0.5344604531825942 0.5555638229218874
0.2244489751113304 0.23449771468038216 0.22923860210973565 0.19244531966381753 0.18349101400882006 0.21743181185985525 0.1959704481283405 0.1467274900647391 0.14155872774979866 0.11006786993526782 0.16465255367330958 0.2087373830021346 0.20583941276252019 0.2294843952169061 0.23271515275885207 0.20692443186674575 0.2613718094494841 0.274074610912983 0.3148368757543817 0.3139329393903059 0.3455274000169671 0.3605475589743598 0.4179475002540251 0.48530758307477406 0.49223592179760717 0.4757481036347074 0.5062596271276503 0.4856608107692349 0.4856555174522703 0.5231708034199253 0.5372932829147894 0.5595296466325951 0.5732810404300945 0.5667250166875312 0.574493795424538 0.5423040481853928 0.5445180411368594 0.5130117501878875 0.5189811974732027 0.5367883735052289 0.5004599320079826 0.5202743218815338 0.4996328521197746
0.2645770954891774 0.24096549845532103 0.20453328658877304 0.22790613242646401 0.2238245173355389 0.2184544266685731 0.18553946148072167 0.16883022992726818 0.10946996519377089 0.128104156198058 0.19072082300979937 0.2029329284783405 0.18889955395091046 0.22366778404218973 0.19995437279752332 0.2503103152725542 0.25510259981763644 0.25861175442995155 0.3103685593961757 0.28559597014530225 0.29457874673089457 0.31404473950779666 0.3906792776849642 0.4424684955651982 0.4306264887999701 0.4799886353770901 0.4986453154379059 0.5064557516284304 0.4697987815887814 0.49782104413948847 0.5657534893005781 0.5678341677480278 0.5795017279139748 0.6056030250600246 0.5968459941263239 0.5939102000450209 0.5860103548428165 0.5954789078173204 0.5648680188034505 0.4945981536017161 0.5296392788263669 0.4727060576778238 0.4770532007421255
0.2974278320102111 0.2966824503153302 0.2423235653715491 0.22678115666322798 0.23471381997723437 0.18764751912228517 0.15958522317553137 0.13775752714862374 0.12442095065639239 0.16113853242905404 0.1565462660734457 0.17549101818854168 0.19950111789786218 0.23366051746383296 0.21296346737957156 0.24388311639344554 0.2510766127332849 0.29639538819116373 0.2835498890341629 0.30655903702926884 0.29915917569175915 0.29849571959311394 0.3111528961614726 0.3810549625920319 0.40662837327150464 0.4155268579627493 0.4362864633177892 0.4413354514976193 0.4745886589972114 0.48294533766838826 0.5371023011832555 0.5476216467773604 0.5687540355024869 0.5662402668487319 0.609378963817995 0.590018295747285 0.5918795972538446 0.5598553078825097 0.5265904413698904 0.5135586001558805 0.5403608289514644 0.5304541301752568 0.4918129410528256
0.2951106026944877 0.3278068358378528 0.2636269268993174 0.1982645543185968 0.21865819516413956 0.20164330169038788 0.1776876509963489 0.14913172042293388 0.1806689806082658 0.16670216731522572 0.15707447236086994 0.22208535688017894 0.1889241415172433 0.18434533537601774 0.18391148570025245 0.2143753500131018 0.27807494723713816 0.3276218433998369 0.27769953741827497 0.28905532729356814 0.2712875244834422 0.2860926247844384 0.2762841686207871 0.3093184363912435 0.3439999836097595 0.35578430791809945 0.39986844951417266 0.4627680289595455 0.48836663626878074 0.5030885341729121 0.49873060279999865 0.532122488212786 0.5536801063871778 0.5873875817277842 0.593234388790388 0.5417112191247582 0.5483375647498799 0.5838300214663974 0.560189058516272 0.5428637620640883 0.5691750702201894 0.5349610729472177 0.5159509427650267
0.31002664960743725 0.323571419996999 0.26230459971667097 0.20323001631300414 0.20572004258529916 0.18972294355726274 0.1674762567181807 0.14852791768726178 0.1922222612002677 0.20740131758597022 0.2115282057628176 0.2193443589155181 0.17733907518123523 0.18734039493628477 0.21255672709641057 0.18760025160644844 0.23123352166413294 0.3056414487921476 0.3142193113661835 0.2658659535210707 0.24783544606291558 0.2803979496335319 0.3000532943995481 0.29708526007660896 0.34326038520730207 0.3359749739667411 0.40119587803794604 0.40272881113811815 0.4795144991831598 0.48731116873599717 0.5007852128618578 0.5100405016205845 0.5768824632328501 0.5715220231127481 0.5793096465437045 0.5878040237408919 0.570174002308653 0.6350673900032632 0.6094492351916434 0.6107333255661902 0.5773295143552748 0.5762360701060318 0.5280361666469183
0.2828881283788235 0.2932500631913676 0.30566245329521313 0.2454869284595739 0.19845001274349033 0.22205150145436442 0.2120122420844472 0.2103337156576242 0.23186980383613262 0.2410226382015721 0.21768291127792214 0.25109131962204917 0.2224796269608219 0.18137218651313988 0.1777004462836658 0.19737580566328342 0.2296334731404732 0.2543825385603592 0.29055011402770425 0.2796000850766632 0.2574145636969409 0.23208115287814532 0.23328333292361164 0.26376543868207447 0.3184277546377918 0.35586858028440727 0.349854147540954 0.38173797274129234 0.46442096725227805 0.5137553264116052 0.5103695965553705 0.47557642611621376 0.5536892786879148 0.5890726507665952 0.6055505031942513 0.6076985251009709 0.5858038844750092 0.6539040055736725 0.6008260990347368 0.5977243127413925 0.5706285649368562 0.5464406204758777 0.5358096410490845
0.304329818273274 0.30045390577011605 0.29686896216752884 0.2427791321482683 0.24982432703699106 0.2154810168420409 0.19683354585624116 0.2156513056472129 0.2529302906527165 0.2566978008010259 0.2309650921853326 0.22692167335875824 0.24996291323217973 0.22933582915301534 0.20886259702355084 0.233119281947314 0.2638271243484017 0.23673448833530766 0.22056807548535498 0.2519875688781699 0.24441075288757746 0.2572054386287251 0.240527318613037 0.26440425180095395 0.32082592697450774 0.3728818163012442 0.3622840353067363 0.40798676500268316 0.4217888379976314 0.5130273255517913 0.5242436886796309 0.5061710795902677 0.5531563820029295 0.5498420501651723 0.5777887407633332 0.6108941339058699 0.6170396150137808 0.611936728038131 0.6397730337062272 0.5691427560876833 0.5666629194578353 0.532045029673074 0.5513504230592137
0.3376815140751642 0.3175173663575363 0.2955678034196739 0.3012054789007648 0.25747103433238505 0.2131929198346716 0.26265399187137156 0.26407796662534516 0.24081627884369264 0.2395351064005688 0.2862805890992855 0.289821587367283 0.24342471717510472 0.21203460600967303 0.2122301163342546 0.2511997054330986 0.23446223781902292 0.22916498316186507 0.2738509050135796 0.21608005317110252 0.2090286271769928 0.23479032328059196 0.2759039746424999 0.2557864947969878 0.2956265563821417 0.363331824340159 0.3927582506126858 0.39302848723951717 0.4710447021299441 0.48230456548000844 0.5348987830310262 0.5434077417285716 0.551041021436432 0.5209741454113871 0.5656699556656929 0.5729594179018506 0.5958992499773171 0.6585314947160174 0.6225741774168494 0.5934463925128858 0.5768102237182613 0.5866243224789843 0.5624120202536637
0.30371215047305516 0.3066303695911563 0.29819881208109317 0.26113046431637005 0.24055380073878324 0.2256951121870797 0.2509794565651116 0.2961824715673615 0.26376626682957544 0.2807361451228642 0.2871470806271327 0.2631239203153981 0.2733515519305625 0.26879674240196416 0.25063008052120844 0.26005111502215084 0.29841127250040966 0.3014190412522817 0.3002220768795758 0.2883174109383634 0.26520168227677443 0.26384529490343495 0.2599665582941236 0.29878655718218167 0.32763220895349254 0.3852263382305466 0.3881067024183471 0.44057437811886446 0.48126796929795695 0.4593696321567765 0.4834161487003353 0.5152970496196493 0.5309681530025407 0.4967095393142356 0.5242578151863484 0.5654204486160128 0.6159472377156121 0.6394651219265206 0.6319676871151649 0.6196467354434351 0.5801530695911329 0.5607013096074996 0.5745545896991266
0.29044949032539474 0.25470871892308133 0.3090715548396531 0.30950017087784076 0.294847738497402 0.2562393576252224 0.29478076498919104 0.2922648744344601 0.27908098637290935 0.24022048400925666 0.2409275348179611 0.2630638420167547 0.28227624624278 0.2919543612567177 0.31751467211973533 0.318123668848211 0.3252417838974492 0.34317361827234 0.3430231558116687 0.29503542818660744 0.2518182352455536 0.268396467036709 0.3088894424703749 0.3523827908080152 0.38662565991705233 0.408012514372233 0.3924808246342384 0.4502112671780733 0.4646810498126827 0.48156214798550223 0.5057028835000806 0.4809010536137126 0.5043424705920393 0.47627232816285364 0.5626551565384799 0.5771773673894427 0.5957547168443953 0.6760656998962559 0.6365588704515184 0.6478468569357249 0.6031810880049101 0.5732751963816181 0.57976053616013
0.2658171303425284 0.25656477983344667 0.31737852774368264 0.298179342005998 0.33250936080345445 0.3321323807541108 0.2987725458774701 0.27099182488757634 0.25409209121349896 0.2664859500439206 0.28515568353439263 0.32521319014227384 0.304927653056216 0.30057762599043997 0.321456763855 0.35278337902488416 0.36522562761249205 0.35001415716606854 0.33353544522958833 0.3129044782865224 0.25035590864354706 0.27074213341752057 0.3239209975604487 0.37508517279640186 0.4206266251731697 0.46469035526786856 0.44769494537178567 0.47839163321845385 0.5243334904360897 0.5535168895038316 0.5082321091648007 0.456717498605644 0.4778966176711605 0.5282388644569513 0.5692071051577433 0.5775136268890144 0.5995520912670469 0.6604626728585613 0.6386938987417832 0.659180929607645 0.6051790417174555 0.5773141630673723 0.6178353455671232
