Raster_benchmarking/Raster/continuous/raster-6.asc
NCOLS 100
NROWS 100
XLLCORNER 1743151.351073459
YLLCORNER 5469287.538463946
CELLSIZE 10
NODATA_VALUE -9999
[rows 0 to 18 of 100, columns 43 to 85 of 100]
0.22282009813580192 0.21773607019421223 0.1997885920887348 0.23119298737835758 0.2214405243614345 0.2509738805869285 0.30406042409100315 0.31227166626361147 0.27883613006045527 0.2771526493471415 0.2701459080359846 0.25523392733719014 0.2564071933477815 0.24809633610013504 0.21892305374242566 0.1999016487504454 0.22382380776810412 0.2411077355626513 0.23139185213830524 0.208399967997801 0.2457001539705441 0.24070189102054562 0.2805523903710565 0.2792587180745748 0.22764391022135944 0.20804285218187332 0.21453337814014395 0.21207225552422054 0.18796722906046268 0.24172313421474162 0.20458120242672637 0.15235654458655798 0.14341316910871382 0.06557568566509603 0.033630997634321216 0.016379587527194005 0.01667666926527694 0.008137371156156618 0.0 0.04327769006305297 0.05190706015217098 0.061160317231584944 0.06042407807566338
0.2726080109308505 0.22194146733653292 0.2140309484232915 0.2116454674492489 0.255533801103384 0.3029760300814511 0.3071408346097708 0.28299790010291004 0.28895592173086504 0.25786988449192844 0.2819071132581789 0.23786457133472083 0.231796687097164 0.24864612082782273 0.20783986469409532 0.1796750717702072 0.1931084031491471 0.1894273889151754 0.18297576437463894 0.16283601878380755 0.19146248440022506 0.22739641152438428 0.25444590125071126 0.21507229919836113 0.22348918585180516 0.20648378490382838 0.23414728591799933 0.2478381250823635 0.21217476656384487 0.2113768324253768 0.18818872237311002 0.18001553264741615 0.13792176285565452 0.09496679000535005 0.04939203272464411 0.04106736461174468 0.0445580911081616 0.04264836074456889 0.002110679996930194 0.05824854128717401 0.06611865825065814 0.0781326770208022 0.07425681122454249
0.2731106556957517 0.2600273046464186 0.21830522435599153 0.23522801065347798 0.2327437047280563 0.2841368439199999 0.2653165079740906 0.281184130924605 0.26780468188474166 0.2932532263779493 0.27195398067458704 0.23367194080461315 0.21787764766575993 0.24729973823769216 0.21704698059899763 0.15533759669327413 0.1623989172922017 0.11751436667942082 0.12834137724170241 0.16041910587155853 0.1719955988849409 0.21370927281582172 0.24432395121620937 0.2164005189337755 0.21673105966580836 0.20426479028012562 0.21577072493099944 0.2528925158042027 0.2143614655952066 0.23862690287020866 0.1809198267391077 0.14152194081533997 0.12587910319294413 0.08391272472359083 0.06902562161316868 0.039015839780163264 0.03135165214148107 0.011219037221875798 0.017041866070492427 0.06087517815296999 0.07841970650832633 0.10049226657880789 0.13533387312260345
0.25587375751964453 0.22844566554984416 0.26534245648886257 0.23674362074687869 0.2537086250072111 0.2718074209729512 0.2599559041436991 0.29359209023536714 0.26381955708905297 0.24528902464832447 0.255045076436359 0.22898634746333146 0.22862412643531974 0.20977058028845302 0.20059858096856661 0.1492455946690519 0.150404505987936 0.12516701124353088 0.1426049224738541 0.17376534168727875 0.16802943659449351 0.1994814055621939 0.20160246637040385 0.2095346860575872 0.1980211933049448 0.20367437357678667 0.22688949288661073 0.2513326206238995 0.2359967738985587 0.20475687856170566 0.20053899454151664 0.13461243177924867 0.12010316647349117 0.09206123423451411 0.11053835299746895 0.0988254731269334 0.06896476434620802 0.02701503040945983 0.036719312227027914 0.09121641732997329 0.08595867702914539 0.13712395029105826 0.12358318638817
0.22126279925607004 0.24170779567336037 0.27220676892116147 0.27473547982409824 0.26932589727062817 0.27423900035386467 0.2385015768251216 0.27548604989649356 0.27958504345211893 0.2579564692202624 0.2697289948854704 0.24395734741733308 0.18905434962028356 0.1887460667932073 0.18267761354677287 0.13567374618731257 0.132015490061629 0.1020493988140663 0.11564104150198391 0.13808563315429798 0.14254799357704137 0.1470631341991731 0.13783554170857493 0.1535764788700834 0.18314097973495255 0.14385803205508405 0.1861545250332486 0.19805355966638263 0.20218472492208037 0.19836059692286995 0.13985202033525745 0.132197894226085 0.15543609257269572 0.14615317244288467 0.08432977646850981 0.066020283904787 0.10612475485306426 0.09626453522059085 0.07489407313775207 0.08664741853012599 0.09985228982379458 0.12457585789018277 0.10086912284051502
0.24180106188334163 0.2557392210708981 0.21765558061223053 0.2276244241408716 0.2548896857644003 0.25921184069551056 0.25426742161541166 0.24837208093199295 0.2547769001178805 0.22271656744693857 0.24225152679030787 0.19933022024402872 0.20917428081878803 0.20025550075069928 0.1766256611064175 0.13831407844972932 0.10161667050664105 0.10132575961470333 0.1411650857769409 0.1378924713542231 0.12381024542495253 0.13568289997400174 0.10475341220086225 0.12589004926167635 0.15718357403900315 0.15285289275316022 0.19194476567366847 0.22070528767828088 0.18187736784227226 0.1898752854487774 0.1263084265566169 0.15643614484115365 0.1621427816830467 0.13975473476687264 0.1049531803153986 0.09987337854642578 0.1095581359649103 0.0820216490272601 0.10642053219503872 0.0834806563696845 0.08826998788727777 0.12465457173432781 0.12068026026088977
0.23606074613655528 0.2433444705198161 0.22829146138597847 0.2083770194637695 0.23763378368648683 0.23528158594318999 0.2267986569536522 0.23711089048568718 0.23610352025851578 0.20813363479487398 0.19344396302026787 0.2050505496731212 0.17216709016739395 0.19066952055066846 0.19303198873686253 0.13417839390213132 0.10381365799751992 0.13703100870041351 0.1660015746391248 0.1514860053496045 0.13535073304492157 0.09103134757338857 0.09452114230519568 0.13465085160773652 0.1407364840366404 0.11791106285859498 0.20233435510397976 0.2190036925120234 0.21218583893086834 0.14548922140390547 0.15489740601652416 0.1325810084413806 0.17207986388133464 0.1731294990583077 0.1589585409810681 0.1360565499098591 0.08854880571963229 0.06830570997241295 0.09364303725496147 0.06898908879421625 0.11277749778531686 0.16953350948659643 0.17061926766406213
0.20168117765797317 0.19326245568265385 0.18780818406238367 0.17437174381198264 0.2017588308878184 0.22191087488777547 0.21072217455819256 0.2036940585612415 0.21567254787878365 0.17347446809020672 0.15708915809676707 0.15086947413939963 0.15351570793633795 0.1554510297408714 0.1719561587712581 0.15176594172319274 0.15155034208250007 0.1538843978129939 0.15252366590406266 0.1424349143111411 0.14086846754889906 0.13563556062964907 0.12014035456852218 0.11013490276330558 0.13478599523640136 0.1489449051196945 0.1958132018350202 0.2093375468785825 0.21870654410836207 0.15968536946812 0.1761002260732609 0.19610272347276855 0.1783529638118397 0.17476547009798005 0.1768079599802241 0.15911985746889076 0.1185055573245404 0.07239174508268152 0.06545442297909199 0.10435308565111072 0.10310269033028112 0.17662919095024662 0.16173165769884834
0.2085836228578426 0.19592143951739832 0.1930885065689788 0.17205548076807314 0.18810499667609623 0.1803290821379279 0.16879268435502826 0.17129223864486018 0.19322714973289554 0.16551421173929992 0.17275573064170854 0.13739812802468168 0.17234014420708876 0.18017350292698434 0.17345029060852088 0.11728692657000174 0.1495487824455109 0.16871820323350498 0.15217933141334325 0.12354452653214001 0.14246569021519254 0.08788805594955458 0.1077427669313723 0.11457729187171939 0.16333952358261467 0.14229492506765193 0.21249448762561884 0.22422830467399932 0.22195923779075613 0.1971019103947949 0.17594074624365136 0.20163566233031788 0.16909649959294348 0.14858704152482602 0.19012496236151952 0.15920038928303876 0.15893293040787707 0.13198403286671248 0.13892487942230147 0.10292794770289493 0.10769049205063166 0.1850140511791426 0.19761989832658322
0.13973880680120143 0.1429240028979881 0.1600207387972975 0.17066126464198572 0.1651875567430458 0.18100248515834177 0.16613942043493055 0.17393041346163093 0.18956602211589008 0.19103986584057117 0.15324872143056847 0.12972580092933678 0.14565069237806635 0.13278798188845556 0.17372368136760094 0.1537375616499964 0.14104074168737005 0.18193628658714303 0.15012428099247188 0.17127677724055076 0.12683289252839153 0.10285153984500915 0.15354914055826693 0.1594402046845266 0.16561914074013717 0.1579001570569523 0.19348028764309863 0.19863790805966028 0.19979240274572632 0.22927883625210171 0.22416645118025916 0.18434655325615962 0.19012923792167086 0.16142065929509336 0.18186125225363375 0.19817084650075945 0.17815051743417198 0.17713344816723026 0.15068655650324794 0.12110443453852673 0.14614163038893718 0.1706095491805676 0.2155007743542734
0.12351517199983567 0.12067961023968264 0.14799375425965824 0.15581217067835418 0.19104529993021394 0.20709751595161308 0.1479157910650128 0.18050490515525083 0.17516200870745063 0.18873101644782117 0.17492840346063102 0.10427057149319083 0.12993558347619658 0.12153323707594127 0.16859694170869188 0.16998410258527713 0.1656366224953801 0.16344363489231126 0.17310109884909494 0.22038222351848877 0.19618431111833928 0.15072791134766425 0.20411471923154276 0.1668212455901461 0.20039145103817896 0.19665308644082247 0.18933337759728958 0.23110367658013545 0.24022889383703944 0.2448189041867669 0.23818742679812313 0.20036339074583223 0.23130231450797797 0.23696382599752772 0.2399234556696449 0.2318678362799722 0.19652474974938583 0.17143803026484666 0.13423376318718963 0.13790532841734607 0.16142003323809706 0.16055081120934944 0.23754459161889896
0.12679370073285787 0.1567703680802481 0.14754560304831416 0.17728251237978773 0.16759844191286585 0.18035746712222664 0.13962794070880527 0.12317418824395496 0.14851511966019587 0.13676265515056074 0.1442302119426579 0.1277441317429653 0.13376652655741225 0.16151093966546737 0.1919561838938155 0.16339597784181126 0.1913501150677895 0.2050821903162201 0.19920777332233108 0.21492955631154773 0.24805438649081393 0.2159784083562183 0.2508419950422441 0.23333283898930615 0.24647830393236478 0.23493972828931317 0.21673967136119807 0.21803054360928703 0.23810256603974916 0.22943148383908443 0.20598325959627034 0.21157917707458426 0.24445168674766793 0.27042980854102894 0.2551029703436941 0.2509160126294792 0.25129155326043096 0.1994317853168516 0.19053934970796985 0.1862481073267952 0.18883033989441478 0.2156614985440905 0.2696414867891112
0.1392827015202049 0.16195146449368386 0.1843252167916909 0.1647030010865909 0.1715660284084745 0.1258982316723351 0.12998027559997807 0.1333955918886102 0.12743365019594824 0.1784902408719256 0.1292674247512841 0.14153783998684236 0.14881525536840015 0.16679034559387027 0.2139970143371531 0.20493130965789694 0.21897370285843004 0.23985424946349249 0.2224381375111882 0.2765562862002677 0.29083925850781484 0.28812831235280595 0.26793288141129673 0.29558590980238775 0.2786986669446421 0.2461388453625577 0.26314076419492255 0.28186954827821714 0.27405991412436725 0.23548335552935282 0.25036691746350803 0.24303909130795856 0.2699533819437307 0.29194394627089787 0.28171399602015595 0.297516204239594 0.2805451476088852 0.21942911044444072 0.2468486695178466 0.2591029330013326 0.23309511048194614 0.2474617319536675 0.29265788594721504
0.17637959195712882 0.16468368288404145 0.15974264914424652 0.16678309359669838 0.15926097997268865 0.12391285654412734 0.1248178782062964 0.14931094607774162 0.14486333090280154 0.17297439143836563 0.1550537799635769 0.1380176962979457 0.17273464594568397 0.18459662966080587 0.19507473117477542 0.2594920655757915 0.23122970770247064 0.27022811185944845 0.26947880839385463 0.3034864914440001 0.2933343539956676 0.33239270711678676 0.33549986425046446 0.29633753454859935 0.28842355011165405 0.318330365105864 0.3030671768837457 0.2935041680607014 0.29509094252875384 0.25125054998150387 0.2557097223925968 0.26891641685836054 0.2829813827474186 0.30693733998686523 0.29979343779740986 0.3103401241547968 0.2697271068140253 0.2843293434820921 0.2790512534964269 0.2825500964627218 0.2739129091011409 0.2645676108725341 0.3291989471269764
0.1971733691144473 0.192562650641965 0.18813781220100895 0.17662747460890432 0.13230670922085846 0.08826064765071516 0.1545011511508555 0.17450473812807793 0.1381441099414353 0.16266722932969832 0.17661010440543423 0.1436755523949479 0.1514073282576719 0.2145663196725734 0.22676448024931864 0.29684014019538657 0.3079534149092496 0.2959609232351268 0.27668036245601696 0.29269890771415874 0.31531210896422057 0.38813366054568366 0.3478895202519121 0.3608859653138758 0.3393408064375342 0.329823099734966 0.319364242992717 0.2934459672161457 0.2873144537090921 0.31637017138718193 0.27412200797414077 0.2946754415138126 0.32617343826110556 0.3309546576803698 0.31570804918522355 0.3440800278606711 0.30566135376197096 0.2791582964553571 0.28728683398008664 0.30430250704996975 0.2735224274795995 0.2737057919385806 0.3181109054158479
0.17734313389869777 0.13477641701694265 0.13373756242599547 0.12515181184606472 0.15157849385740074 0.1307317699829239 0.18957601105832436 0.2020311120240841 0.1747937432344425 0.18609586478238352 0.17068268699549374 0.19198197598940636 0.17870642223936442 0.23411706199126184 0.2303336451400525 0.26593718058837007 0.31135719965160547 0.31845729399153566 0.3423139669087826 0.3280335052575401 0.34601612467317877 0.3817102483615518 0.3916583419596165 0.37524003537719613 0.3557256104243773 0.33333000763767645 0.2704510770377369 0.3094823586002675 0.3110214663847318 0.32329728407395647 0.31272044770172175 0.3273510672534229 0.3360729064808771 0.3322256342265013 0.35063876320872506 0.3601438901150374 0.3567904290925887 0.3302744927988744 0.28990231388081844 0.2842472776548508 0.30898763083343317 0.2883696559921456 0.3173938073772533
0.17062640842323076 0.1196826109539927 0.1394923450175243 0.1370222215538139 0.18972013546719574 0.19285071908152554 0.21064055278672947 0.20075630492232027 0.19970304121417842 0.1659637318949706 0.16796611171969575 0.17681922974112388 0.1804740179855831 0.23932823606348894 0.25556454331552203 0.27966914679159927 0.3252569322545115 0.30322608190304723 0.34239058162796276 0.392719115632628 0.3846056921261835 0.3609041471093971 0.3970450615444477 0.36297437180590275 0.3316013850402477 0.29696922231081796 0.25708480882232404 0.2686699220125216 0.2671160055227803 0.29134951949925425 0.29728602265792453 0.3157850722843437 0.2937870189945203 0.2921218660312169 0.320995291047944 0.36677200359789197 0.3543595226736378 0.32370791200796467 0.33974788759734526 0.29858943860129045 0.3215168091950414 0.2649100885583175 0.29465790739380154
0.17570840017782616 0.16032808593262213 0.16816059468151975 0.18956264102135836 0.18641564657128173 0.176395962762869 0.20595203856070646 0.19483752170938995 0.18593422939293855 0.18990060871150172 0.1594444485761161 0.19168213186342067 0.23705551476689637 0.29348706171331723 0.2827844429705351 0.35369614933476584 0.3493107897389395 0.3448290990438635 0.395124176153012 0.4013279623513503 0.3772621286598382 0.3918832705356728 0.36001343862197477 0.3274233155104359 0.3336394071477295 0.28975616771389506 0.30438479638872146 0.26356154095260953 0.25357543327494797 0.2849341504887407 0.28837406830491497 0.30647812771082744 0.27896872277824764 0.2899740585786401 0.3363119120505643 0.35263745595133283 0.3767846680816877 0.34605921656483407 0.3425440385433484 0.3514660550420561 0.3092283982797848 0.32739166998161934 0.322416262290605
0.15873287362217675 0.15948338043906599 0.1630293232594612 0.17483017978563556 0.17265305728388303 0.22847340889739198 0.22511347725253064 0.20433594197909424 0.17525219903022712 0.14621043425021504 0.1575139518840241 0.22387257576960534 0.28709035387491794 0.31324907098341104 0.3413020832780258 0.3951371341456553 0.3985978724382009 0.43051961889403456 0.38229539069450214 0.3674382904890591 0.40567245489601206 0.4012469147294834 0.39146189513454177 0.35851725148602037 0.3270161151143533 0.3356880126451548 0.28905775757103247 0.27537124850755523 0.2386985160131517 0.2538788986335797 0.29792667569745535 0.2744920282695813 0.3210917418459415 0.29977431963037937 0.3805291782531106 0.40873958241785163 0.41212580071477173 0.43327668203558056 0.3721752452189429 0.3525474322421329 0.3368682835190464 0.3067852643005018 0.3421969344072921
