Raster_benchmarking/Raster/continuous/raster-12.asc
NCOLS 100
NROWS 100
XLLCORNER 1743160.2411970312
YLLCORNER 5469297.26180671
CELLSIZE 10
NODATA_VALUE -9999
[rows 57 to 75 of 100, columns 43 to 85 of 100]
0.5489752137763757 0.5314656301409659 0.530867698991953 0.4675344216443071 0.4616715675107332 0.47413072106968424 0.46892881677025755 0.48927366839596154 0.4495369343763549 0.45344540738755307 0.47249878649233473 0.4735912954446905 0.45630886272230103 0.4696266010468557 0.4763242825422254 0.4504582720725615 0.4613984568733194 0.44639292043179446 0.4411729016113174 0.41371710092694725 0.4267451159902224 0.4241044212954145 0.4207483917477039 0.40014164247163253 0.40885814830887474 0.3966434335357326 0.4158219347146108 0.4162601314634846 0.39482846818855966 0.38433585185489105 0.38856885200445385 0.38396612660537643 0.36013207454367635 0.40078646960740016 0.3946318911739315 0.43729548648570626 0.45316835719365084 0.4765541670619124 0.5015381248218624 0.5037210728945598 0.5029956174508349 0.4805606030257395 0.5006159723332085
0.5517860110568207 0.5229139739562492 0.5009497333783888 0.5124094793996995 0.48616390802775633 0.4701729462364033 0.4490846018286623 0.4870576938489129 0.47010356709633455 0.45331305195761723 0.4539247653512674 0.4995684454295477 0.45886056599661496 0.4555470224398656 0.4846813103179641 0.488736747570389 0.5085571219506275 0.4958700978666569 0.49193393231004445 0.4913863571031715 0.45903332212207937 0.45048880438196504 0.4285407530282787 0.39808883523120925 0.41357047064935776 0.43976261365481123 0.4435849225268399 0.41012910688176635 0.431680481930538 0.4315784203732277 0.3753053847170463 0.35801696911942715 0.3842838032446841 0.37636496938615144 0.43180630785638563 0.4442385108357404 0.4759873997125134 0.46338008221765303 0.47989713442592286 0.542602193828989 0.5207891876453337 0.5306690594241528 0.5319477037487808
0.5260182811730221 0.5376005758817097 0.5284278730348808 0.5334827501374567 0.47334274351575345 0.4508775146921221 0.4668729614657249 0.49378138097919655 0.4993829723751215 0.4939972693817922 0.4818516989989283 0.5009870630209895 0.5043960561870536 0.4860508727577383 0.5203388339134638 0.48786444068246454 0.4995808152190094 0.5094011660343664 0.49049274005159066 0.4737412723893549 0.47104737518856676 0.47443245798835865 0.457634385164317 0.4499392336128337 0.4166688528007125 0.40237664271244145 0.43967998031939964 0.40559503453459916 0.4070024390074648 0.4254448048387589 0.41747572892038004 0.3754026008857424 0.3712256989818148 0.4197551543874732 0.4536097443700324 0.4674601784554589 0.489864935245092 0.4722559282019139 0.5088965750437463 0.5289566919565973 0.5333162659487777 0.5004631013372507 0.5094193787468178
0.5342573463415902 0.5208454249364575 0.5463936899525301 0.5227202592916185 0.5218563121576557 0.4802732766332041 0.4870253054461342 0.5206606078346029 0.5020948306047345 0.48853309030575914 0.517720754802186 0.5148954656225992 0.5007449872316874 0.5167513318705788 0.5084114349567456 0.5376459795786993 0.52168300706579 0.5113652527879721 0.49194949080485534 0.4882836851056494 0.46344994862611216 0.49772399711814375 0.47839620816472056 0.4365783292411079 0.43872464864537264 0.39910557869258245 0.3975258827176142 0.4264465621797661 0.43828790283074476 0.41688098831619924 0.4061234129830349 0.37864192080179143 0.3919261516184096 0.4427643773791248 0.4714498067633417 0.5080488861918345 0.4849832986281632 0.4877357180091123 0.5429846986750908 0.5542004529913318 0.508439868108596 0.4927792238111164 0.5031874551481151
0.5479783200260809 0.5655731745684259 0.5438195430573485 0.5366596890130639 0.5268645079062523 0.5185532910245004 0.5389540876307461 0.5336173255732515 0.5166667509775131 0.49984869345840505 0.5167091808137537 0.49582372238772665 0.49953079667537154 0.5169226269069748 0.5375292980159238 0.5493502093896366 0.534599626599388 0.5343659478691467 0.5097003088804819 0.4924945070216067 0.4535345431123111 0.45946284808362414 0.48255989119327625 0.4708822781465202 0.4433190295908704 0.4268616538914733 0.4111085629863334 0.4248611039217612 0.43309678054030015 0.4098086612041746 0.4021108165765806 0.4331088241347841 0.4354725637319811 0.44807397751743067 0.4915352058205716 0.5293539221932028 0.4988534444393888 0.5184525109658151 0.5318728573054589 0.5340239368986873 0.5407142299825864 0.488860331673022 0.5180760947477894
0.5081471425100527 0.5567744980317166 0.5523497690701963 0.5454732022424345 0.5489782541795598 0.5318328039497854 0.5698596754295095 0.5409892337189088 0.5380791612447142 0.48539352346483244 0.5128264609725902 0.4994314946427905 0.5405276830925408 0.5175060834784797 0.5498357531697183 0.5606845849852063 0.5551127192788827 0.5244131588550618 0.5073976035824229 0.4494007879564868 0.42899443293620654 0.43058263920262724 0.4779097483027464 0.4914399432234924 0.4479831101652062 0.4373976351940878 0.4325818267109934 0.4228721334294967 0.41533691040659015 0.4065731165868237 0.41060125527472924 0.41983281796472705 0.4309599917219527 0.48558057426376716 0.5114228004972688 0.5403205502752942 0.5455061286836967 0.5518867080510057 0.5737919915316523 0.5596809797760233 0.5213867879857321 0.5000276181260811 0.5067420044269701
0.5009003047228552 0.5269898654366525 0.5168030531448276 0.5210717032458483 0.527787988246398 0.5338070744504666 0.5765083826523512 0.5648990570763561 0.5528030080224936 0.5105523362019878 0.5252215203242111 0.5502375200138515 0.5548130209159232 0.5660830777755917 0.5510082807154347 0.54807133709222 0.5329096504902959 0.49669642895354954 0.4572045900965934 0.4582123728679487 0.4314151177866245 0.4108420183627278 0.44807798358706313 0.4271674001978158 0.4283973734467003 0.4402046262627176 0.4433078120853544 0.41104131280664746 0.4219386104471095 0.44982369229115854 0.4458315440603979 0.4822402964195228 0.4649609640386285 0.48844693732174693 0.5369462466477315 0.5265107116235633 0.5419931631031403 0.5470993671098185 0.5682604460248765 0.5588414547812223 0.5497764377405433 0.5597611470888334 0.5529249058821876
0.5212984026519567 0.5176838370656864 0.5172823805954568 0.537215965806736 0.5261648190288125 0.5634194090594791 0.5882978618323644 0.5729487110190481 0.5667504914042064 0.5397839403540237 0.5685611071976577 0.54844064548809 0.5711963585422685 0.5649515776678434 0.5751829943887178 0.5610743599492924 0.5252097886109428 0.4764819252179485 0.4852769319370576 0.4551771265464628 0.4522064791765081 0.43024228569792344 0.44731228761251673 0.4052202925830585 0.40613878742427106 0.44543366752268626 0.43049667401116837 0.44134657890527407 0.45492533793980466 0.42787682219380674 0.4939321575040297 0.5047685703757361 0.5035710725167338 0.4953128597602055 0.5074881661770038 0.5600168879367468 0.5776961597520842 0.5815401314392162 0.6103735531322435 0.6202013702121878 0.568828234669793 0.5592286733347761 0.5747845322721032
0.49974456048690397 0.5403053804034007 0.5517899174447625 0.5252333802473224 0.5361174957213196 0.541907123860891 0.5747216946367651 0.5432728652617488 0.5541740745256635 0.5456246392059855 0.5631151333024051 0.5818840247715122 0.5834383112133198 0.5650777021625245 0.5619376779409082 0.5265441969358449 0.5011672998122101 0.4849982640385913 0.4843480033498106 0.46652488794266783 0.4382315427576717 0.4353131340548303 0.4107476569124005 0.3894809148706786 0.40058225079845433 0.449755476891517 0.44104033302618617 0.44440236948707024 0.43683809743635704 0.4734857269372794 0.5013328408083294 0.5115163840422285 0.5239425254054237 0.4961595639256451 0.5279579030762052 0.5109559957861406 0.5531308266681867 0.5717277214536157 0.5982540982419793 0.6250734672537251 0.6080970215825132 0.5986741865778357 0.5948198824448845
0.5435670522910421 0.5170728638268526 0.5437845317820733 0.542880003210389 0.5254143854705503 0.5317231687436795 0.5570581726336655 0.554562944087756 0.5610032489771389 0.5835107752615217 0.5823515474009139 0.6081309990124859 0.5896129253246977 0.5726371652447638 0.5480791409614036 0.4920280919891523 0.5065282961514952 0.49843671751745033 0.47241385136041975 0.4685816576838108 0.4350532978396823 0.4449300973104574 0.3986785027474065 0.40267188247766705 0.39423545185953673 0.4352759963488593 0.44561000439479886 0.42845762603132614 0.451728126120283 0.4758499993885261 0.46910317839957827 0.515606632292027 0.5214772402615735 0.5064407028226136 0.503275332283372 0.4764190299664442 0.5479473739731858 0.5882728238375727 0.611019129397162 0.6314598217526571 0.6142583686886429 0.6442045313780015 0.636697513703555
0.5688371702600525 0.5494570879228028 0.5790937396537033 0.5400978535693912 0.5502008000357566 0.554574935809868 0.557804989353627 0.555695372626595 0.5501330805170429 0.5724960708514419 0.5469420006239257 0.5594282595851369 0.5393280990224967 0.552156408778656 0.49893200305064583 0.512069231714938 0.521728627385945 0.5084832750987602 0.46829257029384586 0.4804071285408247 0.4396188723756043 0.4491442809565894 0.421055476531156 0.4132828525192285 0.4332178301654963 0.4070040281253796 0.42544729414111737 0.41218109230789063 0.4422118975443373 0.47893149858633083 0.46488175883778987 0.49436860390011145 0.50674895941223 0.47312039057084504 0.4793932479651419 0.5062498977005148 0.5580265495866364 0.5830606592671235 0.6064917386665989 0.6075841974448564 0.6175393691738716 0.6151311592720128 0.6352137574241529
0.5941166473768045 0.5918114435570031 0.5758305433418416 0.5842339011534974 0.583578335311205 0.5768282269261313 0.5848277988069349 0.5493031327795169 0.5649078667903205 0.5513685171608183 0.5624779719161361 0.5205661654279143 0.5125369091224162 0.5186650973758693 0.524058472327276 0.4901555169144376 0.5242229823230852 0.5195754814146667 0.482213085354545 0.46993270953502375 0.46824331260156693 0.4312299771450658 0.4240785182082031 0.4067918312652682 0.4292771114883511 0.42758150640783504 0.41159725756265897 0.41889827737065277 0.47164272130625057 0.4585717461158471 0.49152850272973647 0.49067045002820586 0.5000348250854799 0.4851548339044031 0.5293500502488525 0.5444950321130994 0.5527281482113044 0.5598145630846797 0.5916565005700242 0.6491531542563055 0.6008630238735375 0.626642519377163 0.6119676398962167
0.5622238412201767 0.5811735406699357 0.6036062513137311 0.6148245129153962 0.6055817048495746 0.5953884083325348 0.5773448127984447 0.576796410228411 0.5516943239744566 0.5593690241468876 0.5607241514340915 0.5518161388123547 0.5360560574905421 0.4975952688540545 0.5176735285499323 0.5234396216125938 0.5063877787926828 0.48737399681420607 0.4815856637684833 0.4848163039037118 0.4607278225822998 0.45976258714836354 0.41703776501219647 0.4087390141680564 0.4186134383195563 0.4401345773064962 0.4457860438782986 0.43903077996345513 0.47367202598645225 0.4628195410642067 0.47108651664631773 0.4725085192650911 0.512911516151048 0.5330983829044355 0.5535409681428868 0.5712789357472968 0.5622866479631031 0.6059114000685226 0.6109643816485929 0.6441884443385645 0.602365990654891 0.5767485491693528 0.5868217721386804
0.6016783549388056 0.5644589620364755 0.5947074859489447 0.6091964265044568 0.5791467881396712 0.58016957971376 0.5734764959918504 0.6198777510017391 0.5658247195033267 0.5605530142234173 0.5582365317729691 0.5577587227709905 0.5350031761562979 0.4928674823228 0.50081598964723 0.5118819973765559 0.5160770048797394 0.4851159052570169 0.4798257653068004 0.5105381758962161 0.4518284549984762 0.4427835998893841 0.4499217109121022 0.43615491426865083 0.40335218908138276 0.4134921312022412 0.4581175661391916 0.46408322995814416 0.47081414526691534 0.47340196814490704 0.4923644454607888 0.49558812246137224 0.5482281559532423 0.5512292104589237 0.5567275934022754 0.5367482313194224 0.5610488703249613 0.6173261146192685 0.5922621602874436 0.6413414849110545 0.6118358894966622 0.581617350781684 0.5714414958661703
0.6335384315012597 0.576780178208294 0.5879514479207709 0.6065041407989904 0.5785706924722045 0.5871916182135406 0.6115736901434125 0.6115106655385585 0.5712132521280956 0.5778856921209733 0.5936483895677062 0.58316811302655 0.5484504960568567 0.5306902154168481 0.4901592723018653 0.49223912994088215 0.4892495729783109 0.5047713285844793 0.4947214338788498 0.48801060105714106 0.47034416972377885 0.48535008314184913 0.4406459402180644 0.45675392625531935 0.4263213558957977 0.45398074358853957 0.44324573116002913 0.48014073995280454 0.4962495088239714 0.4904234769049168 0.49542342001482065 0.5434422746475576 0.54437742938395 0.5254788788460181 0.526885036208315 0.558283839121053 0.5996335288270677 0.5836806864272633 0.5818000077374934 0.6110145097098486 0.6029527914991301 0.5823013907606571 0.5588400469440049
0.6616160638400295 0.6166645223153183 0.5910833254795155 0.5932824069277687 0.593718762674773 0.6145572970757481 0.5989872766827214 0.5989319814582784 0.5904407049566401 0.5988806167275768 0.5889032236650903 0.5648778962456554 0.5354919413863242 0.523284094235709 0.5164332019751927 0.5082657088918522 0.4904623388848292 0.5458891410722553 0.48486560726482236 0.4770412219617296 0.5119942600766275 0.5082571324629592 0.4863361749857792 0.4442462513151891 0.42935169897725 0.45832554887198057 0.4728769074174943 0.5114034669400381 0.5001412658533589 0.5177333580465959 0.5245500444844071 0.5477190340387171 0.5620445679209424 0.5331780239320186 0.5667924466087803 0.5745712129000359 0.6019068406491255 0.575404990993651 0.58252393718821 0.5893986029523229 0.5751374505204778 0.5577171501293872 0.5838680816710937
0.6599955512656113 0.6460488503219137 0.637875547232805 0.6228519828700091 0.6237561734257773 0.6430462137505664 0.624275334296373 0.6159183908979434 0.6128938045507016 0.5809539325848317 0.5972555224811483 0.5528160858946017 0.5395133880234263 0.5409507209984343 0.5326161589624534 0.5280748628019051 0.5111410506808983 0.4899186889077757 0.49576465925774776 0.5065169295868439 0.5019241393254287 0.5331133104711095 0.49323695961814984 0.4641184651382343 0.4834446514137427 0.48278993373112894 0.5238078705033428 0.5362085023560175 0.5248491111720494 0.5566834726341899 0.541483770879467 0.5494446356533073 0.5426823838372923 0.5607708825147785 0.5518433507195398 0.5586885404105034 0.5813468945927137 0.6057681579739697 0.5956423669873573 0.5814935845628737 0.5865424123699619 0.6061562588270383 0.581240039280561
0.6549753335790178 0.6350743293124149 0.6533048026027004 0.6479804833786873 0.6651873306462013 0.6520497401144294 0.6525687240595689 0.6487289667234213 0.6415364825037548 0.6060811212847828 0.611752831193824 0.5807908179976348 0.5454135503783052 0.5804571315199277 0.5584670248387379 0.572726952592443 0.5124981643006206 0.5044915606664051 0.5105881552016118 0.4790791660645467 0.5048780974803053 0.5494818190756441 0.5446921687975805 0.524638849761731 0.539053420629763 0.49555171971786205 0.5480269967574705 0.540000954219701 0.5676620603112494 0.5917560997255654 0.5497955325543563 0.5322106595434305 0.5321037669817479 0.5384463772174537 0.5616350639463483 0.5899737334863823 0.6053966109904712 0.6036866516764169 0.5896442321634114 0.5785277178923356 0.6167429127728026 0.620079150130931 0.6088508906068187
0.6911062960652811 0.6759814119568036 0.6869576426364937 0.6861161103908888 0.6581018365532063 0.6889168052425525 0.7045904807111123 0.6624964357193965 0.6570013237532467 0.648807333450668 0.6111609265574467 0.5755619023844328 0.5708285429947839 0.5822435547741093 0.5405070494638162 0.5475877052439294 0.5180650011328491 0.5111301962894256 0.47684839727886685 0.4823418251852877 0.5103071037660198 0.5260339724847499 0.54794604553033 0.5672258490200817 0.5549988757300639 0.5361482511802893 0.5418125989396282 0.554598943856153 0.6011670954580396 0.6211747058442821 0.6032409900739991 0.5935533593466359 0.5949310401767839 0.559161235136599 0.5929189952176904 0.611837550908795 0.5896078527375344 0.601480554768745 0.5772167079101426 0.5945675498835731 0.5987986864741688 0.6167520600109642 0.6374318313000354
