Raster_benchmarking/Raster/continuous/raster-3.asc
NCOLS 100
NROWS 100
XLLCORNER 1743157.627584612
YLLCORNER 5469296.455760952
CELLSIZE 10
NODATA_VALUE -9999
[rows 57 to 75 of 100, columns 43 to 85 of 100]
0.8595355096920548 0.8514073506846163 0.8230761046861451 0.8176581618460622 0.8118463648237222 0.8133384733076626 0.741867319227533 0.7169369391380022 0.6887257911129255 0.7164252411932666 0.6679611122987198 0.6897787325649812 0.6830017982189119 0.6752903843060684 0.6285810901662118 0.5562928343807505 0.5375781933902517 0.5226794501411188 0.5230738204423173 0.4962744370442822 0.5264895194417075 0.5502528850542977 0.5436619805248353 0.560048066026132 0.5760713023112718 0.5490431460674626 0.5661669800974063 0.5549505026514373 0.5125008927349729 0.49182180205320836 0.5125819527628903 0.49626925733933275 0.4975842741788027 0.5038964716981452 0.5175427684712532 0.4993350445319326 0.5318125886958622 0.5306400103079334 0.5540850989282199 0.5277764079255226 0.5723170174795058 0.5922331629156891 0.5919940759724102
0.9035680701221211 0.8485221868725887 0.8777282377153384 0.8571004802764266 0.8317884348229443 0.7961169570626245 0.7692974447382364 0.7030203334719837 0.6756047759576308 0.6963607894883539 0.6945982266111904 0.6964035802636857 0.7077338383093287 0.6448044434243657 0.6057510716454976 0.5695956543871771 0.5748280291649849 0.5927017851367149 0.5780971715070069 0.5280346733283339 0.5137376401898888 0.552752485659857 0.5245656670159449 0.5392221238230976 0.5888616225228986 0.5747612779210028 0.5649727773371868 0.5423204874530108 0.5284614459863598 0.5115898580842062 0.5076809125881931 0.47584077511784684 0.47116287875489377 0.4899249577080281 0.4941096513906787 0.5051130419827036 0.5168041994791626 0.49412273159434783 0.5017760046841051 0.5329132548273283 0.5701502719851135 0.583623066693549 0.6041723583440091
0.9179860445294342 0.8677338556914796 0.8880375172907963 0.8805809295371018 0.8191129102001635 0.8046252883076648 0.7726675758611115 0.7324217559195917 0.702262696756486 0.7009674231866881 0.7274988837783023 0.7396708916623579 0.7111931257945929 0.6712098734654514 0.6342637271225595 0.5882031863724961 0.6080685473069795 0.6111124076127922 0.5941412691895921 0.5646898197835851 0.5255138155854892 0.517941500535084 0.5272979149563968 0.5688300044017978 0.5646459823609454 0.5518632661300985 0.5798143667283159 0.5651253934029291 0.5204847208554803 0.5197114065097872 0.47395938672111454 0.4679890182277494 0.4856857320726621 0.476046328744655 0.49093078467383316 0.5096250494217283 0.49538093595941224 0.5169439299972955 0.51066528763889 0.5343434838603481 0.5209588717605732 0.5710045678547103 0.5951594589506449
0.9118501667890686 0.8978732750089315 0.8929896846137906 0.8851163938878217 0.846639548633607 0.810642773531696 0.7875458267663135 0.7122132426537605 0.7297259777919095 0.7293152356120027 0.7214912433524392 0.7325670078823645 0.731451231749926 0.6927786480027824 0.6497250289652694 0.6306541108094986 0.5973935045601497 0.5854259250078897 0.6070669320060071 0.5739705439365533 0.5351320730001909 0.51769734684723 0.5440832403831143 0.5622629138702143 0.5577716587474043 0.5673319769225516 0.5488347004901145 0.5412824243861385 0.5252948880253018 0.5137716800256822 0.46652739538345606 0.47913825525670256 0.5249305905130708 0.5120324320425862 0.4829241213599254 0.47559844323067874 0.4825543183708853 0.471564736488129 0.4823722373105633 0.47783017063544014 0.4982009974341151 0.5474579017819993 0.572593915467593
0.9538007021689867 0.918546381516016 0.9132266564984803 0.8823826007177367 0.8770220651397845 0.8010997440451902 0.7890381105154216 0.7661854777444613 0.760472245788744 0.7507912428232097 0.7324903744606361 0.6954137422053921 0.700352260574473 0.7076342518215307 0.6591370770834759 0.6347015389583868 0.6196533870725669 0.6047451714504082 0.5861701061464917 0.5614467148497339 0.5578885026611863 0.5530157883307408 0.552652345619865 0.5702963465105683 0.570258248701569 0.5652976974262957 0.5308040584323905 0.522208277193423 0.5218003181621952 0.4949758433277211 0.487113686738993 0.5166148854875945 0.5218907805707786 0.49237657807648183 0.4801331039134008 0.5111910432874023 0.5059071195944632 0.5117849434613913 0.5183632237690526 0.5386575234104234 0.5314299047877267 0.5372665849877828 0.561014988953112
0.9169946079356667 0.9558034858594063 0.9349388570179661 0.9232210529989338 0.8729518588353842 0.8003841570260009 0.808248833808947 0.7970530976016419 0.7580465908097985 0.7631208848708453 0.7310854200494417 0.7013903045162476 0.7162720615983811 0.6781248469084551 0.7057876099275725 0.6853413518782742 0.6631294862288827 0.6307349624108194 0.5743054394091576 0.5886893314925549 0.5623650429721478 0.516993987120914 0.5204054692333202 0.537311478897579 0.5360478722789999 0.5141206328155327 0.5151159208955731 0.4854219199923122 0.49221167418458694 0.49399562509144107 0.504761031198465 0.5383444440230065 0.5337836346922161 0.491080020463737 0.5074721905788767 0.49073533262548014 0.48660995853907457 0.5205681088854839 0.5432308134055019 0.5419630982146522 0.5456395076972874 0.5190353209132909 0.5676676004898489
0.9254841049195632 0.9198515091531804 0.9218998290990299 0.8770385458064447 0.8596232902484862 0.846433682824405 0.8249705828752004 0.7606217522832888 0.7506853465957782 0.7741369567477367 0.7647989654486836 0.7289266969809427 0.7561872281745541 0.7307228924057658 0.7282385657678272 0.6818178632896822 0.6561508216414441 0.6106160530234197 0.5816672894557229 0.5539683253681139 0.5591260485870938 0.52453547316269 0.506228526077684 0.5282828566863744 0.5139888749954868 0.4849429936361805 0.5101401193655614 0.49101620968348597 0.4846894416434201 0.5269192901387679 0.49696613851429916 0.5314201692692646 0.5069958736598251 0.5216086981012663 0.5044793214114854 0.5208545862534515 0.5216457223197721 0.5251500215195215 0.537262870658481 0.559182304001924 0.5663774712053634 0.571509462750146 0.5577165376785745
0.9388600713645541 0.9132554443995259 0.9201240811961956 0.9046492977948538 0.8755268877339816 0.8400334480423982 0.8112200286562599 0.7637373090994923 0.7636613065779411 0.7756375683841943 0.7668444962349569 0.7786077676417389 0.7763793334254102 0.7686831272474797 0.7152464876198754 0.725483519642198 0.6732235065891737 0.5871427037720109 0.5822702173639993 0.5559953727322597 0.5529749338012394 0.4946459724856489 0.5050284390337675 0.498721942852662 0.48271495792726704 0.46792156055856715 0.5140429477837118 0.5246485867823212 0.5301016408211515 0.532726504679748 0.5089738553255065 0.5165757212874593 0.5140462831840128 0.48122580817294697 0.5131283465637478 0.4868113766785114 0.48636787355973665 0.49540209918202704 0.538599886116821 0.5686241082831711 0.570953938119676 0.5455451369615586 0.574745710811588
0.957136774859541 0.9363607990967185 0.890259476759763 0.8616310411429435 0.839626907712107 0.7950471216868892 0.779446517401766 0.7859497513356761 0.7639010917491987 0.7753411950809939 0.7581522270690041 0.7537582374930546 0.7396979364795797 0.7590907563019219 0.7305730228183764 0.681683750439052 0.6359509169164935 0.5925716239099893 0.5665804804925002 0.5607710605446544 0.5490892617156432 0.5138921371478585 0.5274424828629912 0.48112897974149793 0.494319471022443 0.46563945193209383 0.500695346279405 0.5028229637947265 0.5332614875137748 0.520772487132596 0.5197777846427328 0.4905565620809708 0.4542318649258107 0.47180250509433963 0.48399522005406076 0.46310593904136416 0.48212880016119475 0.5144131317337469 0.5440167690157872 0.5383971474485115 0.5216776080829886 0.5069157777922637 0.530004018529516
0.9383857000824787 0.9130884798116669 0.8655622185927643 0.8249767250139768 0.8129844182643801 0.8156355658603761 0.7922347546365774 0.767483642800251 0.7583902661418415 0.7896099679469577 0.7461930410962198 0.746773224135359 0.7478542692164293 0.7635406389672139 0.7227107987951783 0.7243122205795159 0.6385124783062015 0.6016378429080915 0.5557233352602071 0.536901204493822 0.5286551116277843 0.5396636363776861 0.49469304598066444 0.49964259891282475 0.5165770879919324 0.5017762293235298 0.5102196393507605 0.5444164119805724 0.5510175205920965 0.5112291161029797 0.47377210206253195 0.470950426108867 0.460277211195891 0.44882760899087987 0.45629269751125734 0.4891592578977567 0.5037064736154138 0.552960628516173 0.5073366731296564 0.4928636266379956 0.5069334601687203 0.5012143799571016 0.5141931807273143
0.9442688925066168 0.9052575777952214 0.8475365059825137 0.8419329112618961 0.8170437946044393 0.7910629566587457 0.7841308376120311 0.7679454073835427 0.7625109514533068 0.7858825255250098 0.7614914024495067 0.7228268732961878 0.7414441452542371 0.7523028488113958 0.7484794885579514 0.7149069631165841 0.6829220919690964 0.6292434428978476 0.5600299377937099 0.5177188973174273 0.5119617509703662 0.520407938594402 0.49430660238507 0.4816775553553954 0.4785287341449517 0.4739306451092192 0.49617756856009304 0.5289644225258144 0.5226599824772069 0.49737849010722107 0.4679402594636166 0.4489008028030379 0.42119738857319083 0.45459887803556237 0.4517844171622549 0.515306120856192 0.5374231455415552 0.554306734799186 0.5114046990324141 0.47760234279789626 0.47858663676976343 0.49598595578382887 0.4955566632525538
0.8925163289619988 0.9088843932983133 0.83427280306842 0.805878822840371 0.8179919963823389 0.8283245739645194 0.7676819954070978 0.7754839530824437 0.7855398795004173 0.7876987543275612 0.7527596299377539 0.7281351726246229 0.7439868653994008 0.7551397467742035 0.7248878989558833 0.6888764255917628 0.6322007855068328 0.6285696666491695 0.5739879852286809 0.5142129050655018 0.5289444565577758 0.5098781233173727 0.48476545566837953 0.4320148472406248 0.4743753587121286 0.4684630864465379 0.4813437589174666 0.5143095807920857 0.49935205835447 0.45170540311692653 0.4518344442669247 0.4098163831434271 0.4047458573034719 0.4300753480205301 0.48225269577101487 0.5308757522470966 0.5070126888263984 0.5228934040141268 0.4889826796855268 0.45353383686378507 0.4520736997477924 0.4972343378926264 0.4742787525954409
0.9074306385899151 0.9068260082237158 0.8744254767783692 0.83058385283884 0.8160487883318728 0.79507525387281 0.7615518367108047 0.7503527116783072 0.760212729798034 0.7182883002473458 0.7081936229595669 0.6930704188380002 0.706868687153519 0.715273117246936 0.6971925869021967 0.6552134171042703 0.6303155883030854 0.5899960664618342 0.5713037779837921 0.5077820805023863 0.486904264039222 0.5036052227067469 0.4682844534706337 0.42886358379078265 0.464542658853868 0.4566157310992905 0.45727802537445983 0.4986346777834277 0.4749675488114493 0.45109761063008286 0.45473294421320487 0.42161737075783534 0.4150968461747548 0.4421856246695331 0.4624789384514987 0.4750636766575044 0.47092083757960806 0.4579619481988457 0.4557533883493886 0.422539063415007 0.4590799721750088 0.47625473753321607 0.48738871005379747
0.8946926974352585 0.9046299444913999 0.8967753080043944 0.8350642890461158 0.8055190037461771 0.8017287648696072 0.7765630197775243 0.7090650033344713 0.7356196929571719 0.6947430858739477 0.6756940506673623 0.7186360066902902 0.6778956867175685 0.6926539103007979 0.6764386921115105 0.6583293726774947 0.6408147191767383 0.5967570542472622 0.5796235058270044 0.5414100942070584 0.4695898722994898 0.46702907017794737 0.4657710804727494 0.44615601345208167 0.4310596840807773 0.45265381992315173 0.4659902240871733 0.49568630482265896 0.44795672719855056 0.44998054007819016 0.41594814174661493 0.42147411707264576 0.4053182826813004 0.4566622774476579 0.41820558803545294 0.4310359215087974 0.45971396157860595 0.4659365095768353 0.439201082175558 0.4230820056059374 0.47962623155998085 0.47254898915022364 0.46995291056868604
0.9279129368785939 0.9281868838762295 0.8843132958490465 0.8724982459586422 0.8329096372111253 0.7928827278604997 0.7367519439879874 0.711647254800679 0.691774080375322 0.6878711699190869 0.6737527731448657 0.6716822346402956 0.6453023347503526 0.6424580715046546 0.6362825163162628 0.6643980084742563 0.6259119456315175 0.5748927262423601 0.5730691960689157 0.5072234395125447 0.4805886210584413 0.46109023830123447 0.4309510374674655 0.413750090680782 0.43184902017836296 0.452673291987412 0.4723203025442212 0.4857826700378017 0.468627024933932 0.4528383789512786 0.4295635887286204 0.42833461397352546 0.4085505069911226 0.41434859891749753 0.41270281409851833 0.3896099731590452 0.40709671756347726 0.42696221092616093 0.41711882157649055 0.45943823361146197 0.46837346042879663 0.49357513951105014 0.4911739314673866
0.9278257074017553 0.9031126174497268 0.8872740707804245 0.8714428222702943 0.8047242929837795 0.7603067959395791 0.7397094504791201 0.7257442176777638 0.7187481738185714 0.7090142452541603 0.6662334035288459 0.6314961140809856 0.6596381022206073 0.6266889741802829 0.6556999845432437 0.6480362391184588 0.6369873730520818 0.5975715882692307 0.5309939229396669 0.4990194950990339 0.5021582002657312 0.4914989032556592 0.42560619675571343 0.4048893846774556 0.4714028830266823 0.4776238764193539 0.43631734969576846 0.44506162420874057 0.43962241845968725 0.44349558621938445 0.4091380732464521 0.36428234408135335 0.39468513537298977 0.42702205968431195 0.4187096673687983 0.38301543379022435 0.4206775635544615 0.44885125591743036 0.43115020931683784 0.43265375003720147 0.46341582795621866 0.5031814334643083 0.48079138016684986
0.9388088950685693 0.9051733459170671 0.901601253748069 0.8753834053366838 0.8253604021780329 0.7815438217026042 0.7817114915600417 0.762020254402183 0.7329696264333119 0.6714840809782334 0.6635442750560174 0.6510302048393654 0.6371989688486264 0.640665580319592 0.6588744469279124 0.6096701927051269 0.585687166257243 0.5646152237988684 0.5331401077763717 0.5100655444430668 0.4617901254904589 0.4543653327622285 0.45190626688335755 0.46207103880773903 0.4764930357484476 0.46332085315805704 0.4298845539017814 0.3983732086953088 0.4022719640849562 0.39618255673635894 0.39425256844489087 0.3942191568750295 0.41357792844200836 0.4277381349168949 0.3933910477373097 0.4128204581318662 0.4090897547277744 0.4403300231666749 0.4636916759149444 0.44022733871660674 0.48041802937662875 0.4970139667702055 0.531956208652686
0.9291460697813348 0.9181289462210235 0.892148486808585 0.8456741966033061 0.8242912524606839 0.79311094050866 0.7726052574880331 0.7570784199754061 0.7248486381316268 0.6563662981330712 0.6691503917949086 0.6806458189708576 0.637213256332841 0.6636681150974244 0.653445833118024 0.6077131674436823 0.5979399263498186 0.5472089161394067 0.5428102038154572 0.4756229153648445 0.47993318022067943 0.4667618954490933 0.498708119130749 0.4779053431413913 0.4532862428409499 0.44349915672777157 0.42591087318193266 0.4165982381768418 0.3847581788756265 0.3932920496874353 0.39367748945828424 0.41139109848577715 0.4176243076002162 0.4049492400740772 0.3934497378153604 0.407053458716062 0.4088033812641484 0.4461098902594485 0.47415399161628624 0.46935163616149794 0.5116880604951142 0.5157980127321281 0.5041234272251399
0.9206482965463936 0.8998088054923062 0.8651119354589318 0.8263602884635798 0.7981965967226375 0.7581059497994901 0.778676985424422 0.7392430753599603 0.7166491036164098 0.6559588045363252 0.642727436509529 0.6409895817247387 0.657513993179322 0.6175587123549469 0.6321356758983306 0.6414287517363099 0.6025773165959016 0.5574750010487666 0.537012532096624 0.49790717250725436 0.5053506245492045 0.48456756679554536 0.5057887509922414 0.5116376191197466 0.5075029353195215 0.49038064761691275 0.4350851525025286 0.4465825657644381 0.4020552575194881 0.4068044251772436 0.3943695294909322 0.4013964431468937 0.3973850049747907 0.3981582054228427 0.39474359500971307 0.4227503377205085 0.45101730093321757 0.4704651977152042 0.49441855411704955 0.48131709803022277 0.522129221940285 0.5080320286951809 0.5056056770461134
