Raster_benchmarking/Raster/continuous/raster-100.asc
NCOLS 100
NROWS 100
XLLCORNER 1743161.4702766016
YLLCORNER 5469290.528687156
CELLSIZE 10
NODATA_VALUE -9999
[rows 57 to 75 of 100, columns 0 to 42 of 100]
0.3156591363745626 0.3017165856325496 0.3285499704412283 0.33950993057702683 0.3619539718655009 0.344612869412538 0.3760051937862537 0.3852206240629957 0.4134277284048946 0.40735948725216453 0.42428750041205276 0.4554752524257563 0.44932257542672044 0.4599848250254294 0.47710625375188886 0.4559614318348921 0.470622716454222 0.4827753523707143 0.46430697592051173 0.45946206236461434 0.41593163179933884 0.42228089220837933 0.40317518926406093 0.36581361132028234 0.3921945118673059 0.3908900237062334 0.38992456916897716 0.38852997654206195 0.392396570455727 0.37963632710578127 0.4117278543430197 0.3981791806958404 0.41062908605514814 0.40219913119668993 0.41339659664788914 0.38422126495201814 0.40196558626865164 0.4212465797678204 0.4061845721789034 0.428101506223783 0.4272026928113366 0.41598364951797256 0.42995491942565633
0.2987901580450278 0.3200954141157475 0.3360057245256205 0.33826811904462367 0.3465171352169713 0.32419486294236044 0.35774309723765446 0.3866816551248188 0.3834687792013646 0.4085655286948047 0.4434906221440492 0.4404523301149987 0.48796053280608603 0.4778632081901559 0.4722343875164658 0.4627729056098003 0.46865862134582675 0.4709310210597269 0.43380061503366396 0.42674694236057714 0.4408892759635097 0.4129537640620763 0.3700266566798194 0.39484237596887395 0.38547794008292274 0.3883339207103251 0.37201978834165744 0.3918742193438615 0.4038624878729378 0.3931634469753378 0.3995561566899898 0.4086562043192891 0.41565260634055023 0.4126826748304978 0.42273842381023957 0.41087947571536504 0.40427222947060504 0.41378981277274457 0.4089272011315412 0.40319793095313566 0.43480750813904867 0.40194645099009485 0.41927149766324406
0.3068507765665538 0.3243403047564723 0.3308938693241849 0.32815465731464083 0.333755282488318 0.3127673975228906 0.3332970898166854 0.3709030900839332 0.38765093598240663 0.42387911036784626 0.4540639689815409 0.44829989745904253 0.48020982653701033 0.4680804720580248 0.4572047345065654 0.43847468937778783 0.45943562357348133 0.4429656565982935 0.40298937089456116 0.4134652827137928 0.4191554246258061 0.42469611998299733 0.38367557744962205 0.39585488006778047 0.3916397374104255 0.39248196252782713 0.37296859007342065 0.40177710698991687 0.4180650098778914 0.40214864482755835 0.42539172321778373 0.41135807087825016 0.4239642681135095 0.39974573870204266 0.4125378567569273 0.4161808511895821 0.41486548218909713 0.4088406609602619 0.4189604827849555 0.4084431793980486 0.4206861757831674 0.419227196908587 0.40186850784722467
0.28894904854486547 0.3134767704288953 0.33494445336313217 0.3078766550253777 0.29871068310947135 0.33798656013577094 0.33351591368480804 0.38499396278033704 0.3817155326149834 0.4170927911713805 0.4194186730482039 0.42089108114212065 0.43267237461557095 0.41723329686333677 0.41817206671497087 0.44642205884980213 0.4617468019753547 0.4441248355713657 0.40232453731485823 0.3958208419637428 0.4013567543625241 0.3866439875124717 0.41845694942798217 0.4241491630378478 0.3995215531784138 0.4068953064682241 0.37814095219401206 0.4180477754139762 0.4237135725408524 0.4391040429833543 0.43486557371717166 0.42005361510611594 0.42497299787788523 0.4065443794196257 0.39896289754983544 0.40673065226919575 0.40096775495224934 0.4099063942165128 0.3978557996981929 0.41229026574791117 0.44139217500235706 0.4121625384688057 0.39599246214153244
0.2666434632630065 0.2802279880655856 0.28169149794211723 0.30705335469436135 0.3112614091780396 0.3419599002714858 0.3606642467070883 0.3935729589278285 0.3810069676048812 0.4101297767188755 0.40928010798338177 0.43839119823092493 0.42577290359791514 0.42074108096298507 0.3987770223008539 0.4164334464721371 0.4288861691914983 0.43537376283789037 0.4067480251011554 0.40143754585787733 0.3706653681940272 0.3819277567804149 0.41168572453833135 0.4158218792096689 0.3900010616123755 0.3876848855558552 0.403853100411179 0.3965390820815391 0.4148961231191693 0.42408185210504423 0.4306544175094829 0.4033359363074826 0.40563951397345377 0.4180224889843267 0.4425106866251678 0.4267694398266306 0.4174939134024175 0.41054073778328426 0.4221085459706865 0.4378897195779601 0.43743164411981245 0.41951537703922936 0.4022617952917286
0.26116740191960797 0.2576944863798962 0.2793696539324793 0.3015578948025579 0.33362950343409287 0.34069395472795116 0.37561481065522984 0.3925359422906318 0.40666970473491226 0.38915149807868865 0.39057755860181154 0.41044493048389585 0.43172849074941033 0.4242432889109874 0.4059808959142524 0.4094007273662004 0.41731131336220806 0.42085486442391007 0.4188512065882385 0.4223041066980822 0.3828431957067749 0.3953561397427757 0.3884107087513644 0.4223576756660473 0.4330180523056515 0.4174013367018403 0.42482244286494647 0.4036999434990533 0.4348574123461247 0.41512527153258755 0.393929050072532 0.3969933152687102 0.42895708587128367 0.44783660197941627 0.45023912303456487 0.43371428972028175 0.4234951368540591 0.4154911877747254 0.43597800031853107 0.4496707835904525 0.4508358825013855 0.4499226708351223 0.42849191749856114
0.27022148799178697 0.27095744595066573 0.2563040276250194 0.2741493100529108 0.3101365461620679 0.3310551810420359 0.37727402437601776 0.3736209529283577 0.38403140449874806 0.4057662437033531 0.4144214818170752 0.4360251012694004 0.4410471451060126 0.44239946996280893 0.4340221391007168 0.40580284804285144 0.41593673017423055 0.41532129140576207 0.42831425320123223 0.4248100358895705 0.41607626966479366 0.38820510372416994 0.38132368872063765 0.39445010092504773 0.416015992199841 0.3955062273180742 0.3892995642324999 0.40832718520009736 0.38776155603277246 0.4101705802171884 0.4028459154637089 0.4164205798804523 0.443506042097263 0.4262836209761659 0.44699437421910454 0.4334397955709535 0.4177296691154005 0.4345069342330214 0.44022092854931644 0.42714640084110683 0.4427656648115729 0.45302849318614813 0.42921837526394646
0.2755030640232746 0.25356319564794855 0.2856018432435678 0.29414910013333945 0.28068347220826645 0.3174501176326426 0.3568389743513549 0.4067423597742259 0.40889625019236026 0.41839343315007743 0.4109349882152667 0.44439004959289014 0.44988244365176827 0.4256236882059577 0.44941997446577886 0.43435065072729423 0.4210346402451061 0.4246626529491665 0.4256017255830586 0.41303368196140167 0.42866584335407276 0.3956544810855267 0.37468705357088905 0.4005085400798924 0.4149995896654546 0.3771095945733036 0.3708475663667322 0.3962907713879984 0.353817553083123 0.36920742571369 0.41012341974206135 0.3877244923270845 0.4264283704950831 0.4224666957952706 0.4315944868230086 0.4429085313163108 0.4531077832782996 0.46121385410507876 0.4639681624382583 0.42038744475735335 0.4111819011988956 0.4292556003873304 0.44730255707565386
0.23383656008368534 0.2487977876625581 0.2929606140527546 0.2981066444029178 0.3143955891337937 0.33245552065190914 0.3485908723811698 0.4048876814219998 0.4115286685794323 0.38566104926173284 0.4162785703141924 0.43364603536640356 0.4442861961547562 0.4265345807985778 0.44949960189247723 0.44220322735387996 0.4643900889526242 0.464277545008076 0.4669851730255522 0.44104663146909406 0.42496350862249244 0.39051636173738813 0.37289091625622933 0.398290195759089 0.4017118659224364 0.3724941649152412 0.37644912716453305 0.38502022147690673 0.3577934526056235 0.3634347183871281 0.39412110992035176 0.37125566821309025 0.38038279843019107 0.3914474948215349 0.4028470313477741 0.4243994284906052 0.4114626418230963 0.4172483245265675 0.42765140882508534 0.4507522063987799 0.4139181427055568 0.4234524579937159 0.43697991299955613
0.2361498378809933 0.2576712224949674 0.27170775400825314 0.2826803254725911 0.30894678269580744 0.3369120970233899 0.3672024567101885 0.3777264441144024 0.4189784853252393 0.3897991790689811 0.38541162371550947 0.3874847400910579 0.4146697703251594 0.44148381864231884 0.46974727305338837 0.4832638707934895 0.4856326113168625 0.4881482469979561 0.4742566066683415 0.44204075051058855 0.45070576778576865 0.397897480496257 0.3788922636940668 0.40519789903605435 0.3792785933877925 0.36130920130584665 0.3879099018532783 0.38088844209348727 0.3582070286503568 0.37250442032578523 0.3678629283386048 0.3579929689445502 0.3588807877353675 0.38301571992746386 0.3850965274277651 0.38369503313480446 0.40704495394948703 0.42502610344603114 0.41696439868594387 0.4565620130778875 0.4389492640167874 0.4219459204354553 0.44372592606009714
0.18805416723606563 0.22240673988022458 0.2348763051734988 0.24100294257971983 0.2959343678945424 0.31691716378857454 0.33248139538591015 0.3731223487992902 0.38201995411339784 0.3932994409264357 0.416523687616174 0.4015685393796377 0.39917924829164564 0.42663900530360965 0.4300486828239282 0.46528276422180587 0.4695750282300369 0.49149644567763384 0.4667384996119093 0.4585912968299214 0.4389769388160847 0.42710116653216873 0.3857858593010183 0.3896328443235586 0.38935280851952514 0.36273596452660045 0.35110937356910843 0.3639363716031054 0.37120681164863095 0.3337737860236816 0.32706135203943154 0.3434392717639911 0.33421098876469507 0.3517526239556444 0.3959819841235706 0.3975778932019916 0.4310357774935144 0.41420919483050367 0.4249049046327745 0.4411716324458639 0.46924441831494407 0.46220661920105205 0.46800722667122174
0.12459949533328774 0.16702417534524394 0.18744666819700442 0.25496864620048865 0.28024769573109615 0.3033526962820402 0.3257308741260491 0.356563479543158 0.40061623006730246 0.40989473563934703 0.4009892077165582 0.4012047328804407 0.4232463507995642 0.4335853308996498 0.4365568562168276 0.44501280285760053 0.47318857665240877 0.48832489747685814 0.46285767202064804 0.4357612669764463 0.43053227236185126 0.4257021335116737 0.39119595651608796 0.38347236129777135 0.3402941481233177 0.3680506424286308 0.35859081635232287 0.3377948830093574 0.34867908855667257 0.3234203435662899 0.33964574491993144 0.332850105100298 0.3475781761784279 0.35703798417453997 0.37407437185677234 0.4240777915503007 0.43165708754191134 0.4321537825786191 0.46260728257936157 0.45859003613108834 0.4813670943520266 0.4671516795324101 0.49033383004664327
0.15047518763235082 0.16071419771823123 0.20440739063413424 0.24398283688930608 0.2824954759859874 0.33160159194175554 0.34085029487184343 0.3674346954405895 0.41594103896793866 0.42505389828827045 0.40612692204521844 0.40105498850610954 0.43361974035114004 0.4334138861368713 0.43500408804609203 0.4558009546964163 0.4577956719589476 0.4607067076056174 0.4473574943789037 0.43999751770298334 0.41084676302063444 0.41094676929945534 0.3879193449120119 0.38654322399890734 0.35201041597155874 0.3393847165944266 0.3467556063079941 0.3345181597714178 0.3209412740498485 0.3277210773316488 0.3244303504462818 0.36540424572669655 0.3716870901739479 0.3917925962302291 0.3924060547505633 0.41634483806167855 0.4125714511694779 0.4267905459126129 0.46483491695778517 0.45015871124409707 0.46766346730716907 0.4756368038340257 0.4943856822133979
0.1487714409110518 0.17974074755455524 0.2084174313063719 0.25798404205571246 0.2644788214575979 0.3086200785616515 0.3782757379675926 0.365058511315589 0.39926897164135616 0.4095304468449713 0.42394851326305777 0.430478327579831 0.44013402509897326 0.41197823982483384 0.4278459586109825 0.4560393863669343 0.42596754531148506 0.45032826108334095 0.45873527263972674 0.45693667183083003 0.43083905052787846 0.41291750838917696 0.411018807688214 0.4039549730279723 0.36245420558479075 0.35903958641027334 0.3607940647044943 0.34405261388087566 0.3314530604247568 0.3376781002321255 0.3457038000005858 0.3573267059365048 0.37981913677690077 0.37620639805646255 0.38389323505586326 0.41078188659835935 0.42791702015692484 0.4504921472856326 0.443050504518147 0.4315999971959797 0.4516001941510704 0.46802080290431664 0.5061598582263067
0.15046001297376577 0.19201910634374778 0.19245936339300332 0.23498195475475434 0.29604234519984 0.32572110358334766 0.3797528217195429 0.3901871513902658 0.38886111693994696 0.4076282305411127 0.39381757402491574 0.4194771131959277 0.4288595386366622 0.4096339815420105 0.417609990003685 0.4325597330138297 0.4253056259330372 0.4161146284157722 0.4090258675881583 0.4285060336420218 0.40701804256219026 0.42436017299642065 0.39245078809630457 0.3748686870670662 0.37167868081324884 0.3623352863746928 0.36927878310589 0.33852503716438975 0.3167400137279806 0.3287391688319229 0.34787420087678816 0.3647406042215931 0.3667571116323067 0.40851558037148783 0.41059333082491295 0.4056838762731805 0.4430892464370353 0.4341737076901343 0.4541241859892605 0.4353386551542718 0.4593880907862929 0.5028156091364824 0.4990457618081954
0.14029415214552457 0.165546358700523 0.20542953195437155 0.23850780527941545 0.29734613072247196 0.3193493530825169 0.38194863246094896 0.400124099266127 0.40841023488149064 0.40453524291051823 0.39180001958339317 0.3879253940004572 0.37993284380530123 0.3974560379025847 0.3892784446129447 0.38810062929415756 0.40648344387002144 0.4018778285729455 0.41489738082007954 0.40843724595973135 0.4199578669846148 0.42625967296020434 0.39350011579530286 0.3552822305627004 0.3726561442439369 0.3578104768304921 0.36872052968480157 0.361201520747585 0.3216671116074319 0.3030317447273259 0.31380669610469736 0.367596473054726 0.3811212263510629 0.3823076798371799 0.41304643909311267 0.42735121342864096 0.4507419341173385 0.4376892559242304 0.42383410363163826 0.4610909131832198 0.5025939279314654 0.5179363125535869 0.5133806024430304
0.1491942901177672 0.19505766215345005 0.20159180601844043 0.22446086480323268 0.2791042272414421 0.32157535921889546 0.351436966710165 0.38998744588491885 0.42182629808277045 0.40910625386402577 0.3809971992781908 0.38449265604828814 0.36242964491411 0.384250246106067 0.3527784351969969 0.3618845368723447 0.3878482503489572 0.4084671476198827 0.39415501739197856 0.3973843507239872 0.40403312717100254 0.39799011364486986 0.40654697531733364 0.3637172170429747 0.35603164820000166 0.36409859858690213 0.37043393456763374 0.3373602087897412 0.330337108795077 0.32491170387132184 0.334970449224545 0.3354107054211061 0.36798928009810894 0.4039894763902655 0.39551429345650346 0.41666404844985805 0.4445306893225824 0.44276734836686277 0.427040856515768 0.4395822898686823 0.4729836343670303 0.48916581554321215 0.4903061148308881
0.1408924987516129 0.16697640863030186 0.2101788550735197 0.23823437525396665 0.2664822203348418 0.30482909435182853 0.36281004957581614 0.3868471580985325 0.4218994515840252 0.4245298492658947 0.4111154279600724 0.3932962782925756 0.3445825006111 0.3511715284313932 0.3604121916664328 0.3494692597694772 0.37083888224743916 0.368812605574577 0.3865815062768932 0.3954548045520627 0.4183078427802919 0.3958647128693146 0.3942014580039209 0.3630937668871543 0.34140152135654966 0.3550699934037801 0.32737766049383693 0.332275821517424 0.31893621881802264 0.3221594766236931 0.32219123765443697 0.3386202584775982 0.3344243211332748 0.364104540178644 0.41789705989135323 0.4225990350003135 0.42718420093682863 0.40732240310283546 0.404283532279729 0.44325957099401225 0.4602454464574501 0.452208085737804 0.45778666312837585
0.1604691756437893 0.1617635539064577 0.21980660484402986 0.2434144936912616 0.29340330982461843 0.3218795448505719 0.33102178808867055 0.34705733136307143 0.37911244630406815 0.3707868073189283 0.38627445509044467 0.3671217852684611 0.3622754640221743 0.33993884245177625 0.35727069359094177 0.34190184779663096 0.34798153976660573 0.37920941515037904 0.3753105712409807 0.3790877933665831 0.39450494370760886 0.39820227783421874 0.3655298345806344 0.35548322380384645 0.32756768907381756 0.32340313587172254 0.32413010888665716 0.3374943128578568 0.31942907173792806 0.3369480557764674 0.3281989577612922 0.32016740752251416 0.35977136191718695 0.35690961637158036 0.39993641434085714 0.41186576498873984 0.41444100545381224 0.42277283423253054 0.4199940037366395 0.4092948273902382 0.44148978663046223 0.45203371638553497 0.4645499471134314
