Raster_benchmarking/Raster/continuous/raster-108.asc
NCOLS 100
NROWS 100
XLLCORNER 1743155.8222587283
YLLCORNER 5469296.562944747
CELLSIZE 10
NODATA_VALUE -9999
[rows 38 to 56 of 100, columns 0 to 42 of 100]
0.7141893630942535 0.7329237322897594 0.7146603585943645 0.74364899570471 0.7539481753881783 0.7560478997930117 0.7407239224235994 0.7484041443716131 0.7547614251576195 0.7248870883147045 0.7100988225989452 0.6882613702251676 0.7112837711694389 0.7397367624894504 0.7606029948033423 0.7657301648586685 0.7689268030613406 0.7773141723647072 0.7764200756275853 0.7715197580411483 0.7686630348033013 0.7593668509752368 0.758895266060082 0.7813292945204269 0.8026647050594341 0.8141396940083412 0.8049714807296643 0.8459728204346466 0.8599700056339713 0.8694508682054699 0.8394117190254159 0.8436038854215484 0.8669937380741287 0.8914290285090732 0.9104974434756233 0.8850846552481803 0.8975180469329451 0.914886189124599 0.8842057106710505 0.8927462326562806 0.8833361588849843 0.895708322063661 0.9083717866468651
0.7132534676151604 0.737092500903496 0.7254630181443389 0.7419757767052706 0.7427306974350926 0.7733078327515354 0.7523501590875383 0.7800225460227733 0.7575943686400495 0.7562609907418422 0.7274766968374475 0.7045723185448425 0.7206092580474426 0.7414720922640661 0.7691877919640766 0.7809063574680941 0.8044911511813392 0.7981789912514218 0.7989968268467227 0.7997239369990514 0.7847978974453825 0.7915624149441414 0.7896796586368471 0.8084425345472824 0.8100850381745313 0.8266274865161982 0.8214525819890691 0.8794884189653208 0.8883852651905914 0.8922718247026937 0.8587886763967011 0.8674048205934966 0.8794963855970211 0.8764347055111635 0.8762803205543634 0.8681282041408213 0.8933818779633295 0.88136131328774 0.9048086908247309 0.9054610831559248 0.9126901911512918 0.9273568604932021 0.9285543827864814
0.7365421639335384 0.7535605725964413 0.6985299541813692 0.6936632516842907 0.7235385334811888 0.7941624426008689 0.7700916814539484 0.7893298455571264 0.7941188043643459 0.7883383364850077 0.7554390009188212 0.7392718685821048 0.7708683791582587 0.7825331891552967 0.7798364300954026 0.8096584156546214 0.7825192710786082 0.7812987450648434 0.7912531772504601 0.8213954714608687 0.805611245244001 0.8013601315085993 0.785000905815932 0.8310719299474604 0.8335695966160657 0.8205775209261351 0.8659733716056957 0.8751228314539298 0.8695188896095509 0.910057266895931 0.8728734010618544 0.8763835011685275 0.8907870446860828 0.8909288717839557 0.8691015499958322 0.8345882091746355 0.8644444890738784 0.8706364084241897 0.8978079843484514 0.8914124021407552 0.9048223097202783 0.9365647117914782 0.9502515746736075
0.755711878976648 0.7270720555943462 0.7077194996833946 0.7265253308517379 0.750761433161981 0.7817510308345904 0.8062024067814102 0.7816012358946071 0.786753391516844 0.7780074974547597 0.7621927984297079 0.7804264380465383 0.7849760857071307 0.8058030379226023 0.8033811235532967 0.8164735643932728 0.8037927652426371 0.8303229242880293 0.8352394205758257 0.8401277946193785 0.8395928304185162 0.8227905095348977 0.8025998936910109 0.8393324951390755 0.829552163419732 0.8504786750179013 0.8644264260368008 0.888735590928339 0.8814029262760221 0.8813417374144087 0.8879787282367584 0.8807317973972856 0.8554952320319184 0.8380319254609909 0.8324313281561794 0.8635533681356204 0.8452609767993421 0.8500989031856081 0.8917807626977887 0.9182665618384931 0.9203512529136041 0.9335789183633539 0.9516514111174138
0.7565100942226759 0.7345281026212074 0.7121487122551825 0.7312515766581147 0.7790977393308561 0.8038137861744031 0.7802803478825056 0.8148418951369146 0.8256413658828559 0.8011563134623275 0.7624102268157636 0.7894831959087573 0.8090210053977694 0.7921429336573712 0.8161636279605928 0.8054715379447366 0.8289624344265449 0.860671072311073 0.8396235932845469 0.8712217157927765 0.8345654848889865 0.8143871079567337 0.8297176855675124 0.847266031510497 0.8383805926515627 0.8788255251744311 0.9013588214459152 0.8773174634774391 0.8942742419954577 0.892548784782932 0.8959729708738298 0.8527364694969088 0.8384921254143357 0.8317948772574042 0.8322617792820611 0.8525964380765069 0.8415923216021228 0.8582658851887429 0.8677668466959941 0.903191762996758 0.9223602954756004 0.920202574601894 0.9393869882881647
0.7539035076228198 0.763545842804166 0.7483806076599133 0.7451063811582457 0.7599154750369715 0.773985586064099 0.7864259703549258 0.7821223996495827 0.8099920439966626 0.7751153661228226 0.7804247894242605 0.8153606331117551 0.8113288590425981 0.7902571349648142 0.794651440669741 0.8010201803104767 0.8236857570699639 0.8487522822901358 0.8626135809092965 0.8835212139145826 0.8643641062679032 0.8695422293983794 0.8366773589133426 0.8533586740520811 0.8687316407333249 0.8890207198211195 0.9104429543028288 0.9104611818142184 0.9184558054733108 0.9125263933543473 0.9099671106339657 0.8958100632921397 0.8712709525632188 0.8638259189442179 0.8566079830997176 0.8456089140883477 0.8717589917405925 0.8834457099950166 0.8914378123714254 0.9323156679433475 0.9083364304935575 0.8993330848243015 0.9429163121675336
0.767618743536686 0.7778651517458083 0.8000611141846561 0.7919474611154791 0.7731366165098094 0.7879688199105819 0.7808651929439877 0.7866042474604525 0.8023362145992053 0.7909293371855535 0.778607181652976 0.8058127023004715 0.8166121747769987 0.776027556812665 0.7964206515392421 0.8101280836808099 0.8261631623895789 0.840901342177068 0.8689759811006245 0.8554399057221125 0.886664717948659 0.8889971080032804 0.8901401096436807 0.8519988674390376 0.8971080730890555 0.9176712787715791 0.9164821300770989 0.9271793931514993 0.934036443876888 0.9254189492050905 0.919735789071503 0.9068867622654624 0.8690094939448054 0.8779156941613565 0.8756464072768692 0.8506064692056784 0.9017927855644886 0.9241755387398588 0.9198238878524526 0.9445092725108637 0.9015648218150848 0.9117434530730529 0.9266371242994567
0.7711034819737039 0.7926200596240603 0.7974763077004774 0.8124588848932912 0.8236763481288089 0.8407727370577759 0.8082865961621537 0.8401612738874047 0.8298516648371109 0.8406541897743158 0.8248948509921755 0.818352601243585 0.7932638001000122 0.787379093272492 0.8226086972247996 0.8162452478713883 0.8217860234092703 0.8590933650173753 0.8832569009135441 0.8825455882108282 0.8885908713914599 0.9111629788955724 0.8951023976205876 0.8621438402767968 0.8887727547604588 0.910095144201262 0.895537559807794 0.9060882238460726 0.8969492443087734 0.8958616555896189 0.9032629591706556 0.8659487227939631 0.8583580252405199 0.8629949183321357 0.8851950347689729 0.8983185744833494 0.9108325724383894 0.9360780714243029 0.9323096136392288 0.9120806506174147 0.8948148586490501 0.9276748312601285 0.9331034603635315
0.8195502593963394 0.8191702746501653 0.8292197373033183 0.8209999870048638 0.8486012985051924 0.8524515536957191 0.8270311639379201 0.8594308213989484 0.8318896788871807 0.8510108956758161 0.8551114090774581 0.8419185832394056 0.8168836953855729 0.8014316179520707 0.8257113840627832 0.8461034301144208 0.8565082829880175 0.8554026380772649 0.8755113603304682 0.9233282096997778 0.9068453049230213 0.9164535085669193 0.9242984383903132 0.8654097656628434 0.8770178702738022 0.8699942521050482 0.889346804353407 0.924773395041781 0.8944762970914344 0.8777010866341799 0.8854242171372217 0.8482424619251256 0.8723232390305973 0.8662331041898274 0.8601792553920746 0.904567380472928 0.9327827216323024 0.9206668990884471 0.9061418726583962 0.8942434485676728 0.8822038133483093 0.9000703054722905 0.9390447285131832
0.82956032143439 0.8568192311122788 0.8582555277121733 0.8814052269460342 0.8903734905209123 0.8494119434899984 0.8435865323641489 0.8536746043913843 0.839914329626613 0.8797381848252294 0.876328449028214 0.8763397099241418 0.8255241659933901 0.8098791754052148 0.8286930072901805 0.8459895978218612 0.8812404121079931 0.8690401772614958 0.8917930499454015 0.9298812557006404 0.9243944180988979 0.9297010596443877 0.9382458278273688 0.9110039039021426 0.907251334787372 0.896735997790576 0.9178881738897178 0.9014391538078264 0.890991180256918 0.883078256337092 0.8614309307024923 0.8718066988282281 0.8738648815815006 0.8452148543685731 0.8550353007838617 0.8851527051287473 0.9108768462710306 0.9050549213580353 0.9139734908490151 0.8954155527532147 0.8989929938649204 0.9203707718559176 0.9176494836126637
0.8863738709853057 0.8745037686765852 0.8947047538736125 0.9341219505510587 0.9106130347018428 0.8848742978300512 0.844397931594716 0.8063417942301783 0.8707795834288533 0.8841562221860675 0.8687501366950396 0.8738386721321072 0.8257947550908075 0.8213609041161523 0.8632706274280517 0.8593631381543297 0.8787948265332485 0.878108039431572 0.9025993921440155 0.9557615823970534 0.9509289715976139 0.97590280796694 0.9579650434526987 0.9626098932137918 0.9350508505304285 0.9096916626559891 0.8965120894675683 0.8888042224764522 0.8847609171417865 0.8704459755310332 0.8608395346270729 0.8665285529732646 0.8559098558230454 0.8553508518350932 0.8571754274372744 0.86177692791706 0.9051350923129614 0.9198623935057962 0.9346719169493545 0.9358289114249198 0.9008101896123696 0.8910178479564536 0.9277415065283491
0.892697154521224 0.9254131855787521 0.9362254569795057 0.9091711695643252 0.8949656212169302 0.9029421517009031 0.8759542453926981 0.8570227242221781 0.8648485845401919 0.8810186824016453 0.8723328979442184 0.8812085776491717 0.8578299124128731 0.8353961803862507 0.8595117219169758 0.860390224739014 0.8849075241011095 0.8697538223755261 0.9201224665375394 0.966114918809641 0.9825350750286107 0.9616477450274582 0.9464672022667411 0.9413431516217974 0.9455218243544653 0.9167967202776988 0.9104095423820574 0.8770521417516748 0.8743080534256394 0.8589557290943939 0.8895963279264509 0.8916396583294787 0.8488554704255683 0.8792979229373681 0.8749866473512663 0.8756199111106514 0.9006788036318196 0.9354917231830331 0.9333349702006638 0.9295434168793031 0.9227443710138795 0.9147500830074646 0.9444733313011862
0.8975705727827824 0.9306626072084 0.9441480583423557 0.9205894696776618 0.8968012439201601 0.9073196039766861 0.8819218683061172 0.8463434915635035 0.882530005510841 0.8894794233883861 0.8991867312721864 0.8965194300414592 0.8955707110340745 0.8560912837100103 0.8632429060145886 0.8962869520227681 0.8732591268195565 0.8872079673293914 0.9346856591923516 0.9838246935683332 0.974762841440044 0.9901427205306214 0.9651014802705263 0.9268906909577056 0.9262660082767665 0.9133587656154325 0.8962853105281054 0.890728016252501 0.8959354124043089 0.8681338000687646 0.8945156413544536 0.9005156712329431 0.8673782144887763 0.8577151574175716 0.863047659455207 0.8832729269555512 0.8969988295518516 0.9402478188880616 0.9552462516403909 0.9584956077328701 0.92093778040491 0.9313643864751203 0.9672872574197773
0.8830211997570478 0.9325263109415998 0.9369915368576182 0.9379701938234751 0.8939490650847681 0.8899396107397152 0.8783990541146902 0.8718768808341273 0.8465621196969795 0.8824969785518604 0.87338623014666 0.8973886314524748 0.8844259817307322 0.8898524343890045 0.9063810865215178 0.9311311131358158 0.9137910650565425 0.9123658037231754 0.9153006908329716 0.9521287913883592 0.9708588292627455 0.9812352758575662 0.9627747020131062 0.9506233761898073 0.9063584967662285 0.9035337602771653 0.8886812969878656 0.8941713678021203 0.8647908467791299 0.887516690426686 0.8971692651096096 0.9065637333611918 0.8641174500812657 0.8609850063464833 0.8874305511393341 0.8973428211647135 0.9256727962796695 0.9454292461856568 0.9645495811546423 0.9326867217596103 0.9499557133677036 0.9405247226943598 0.956652728759335
0.8717940879898614 0.9163977844255954 0.9156174068742847 0.9320597826876272 0.9195529874337616 0.9021168336126484 0.8881099403445382 0.8642862634479477 0.8524766641845023 0.8552176551003622 0.8773691638491502 0.8604344309346791 0.8877021089992305 0.8772033836199977 0.9216043457062837 0.9217022214553924 0.9423197722638976 0.9151872538249556 0.9297674069241354 0.9644969302147712 0.963532920849338 0.9503319802266956 0.9358288377236098 0.9557827714840873 0.9420518949054217 0.9204002448597529 0.9143543018127768 0.8826022060350129 0.8743309122175662 0.8505313964760941 0.8835287173698492 0.895539918245179 0.8672070594945706 0.865740622249531 0.8943651414105903 0.9085133529409329 0.9311926878613118 0.9536304137539253 0.9565649673501729 0.9423295191563608 0.9778334963777766 0.9800598327662828 0.9485738358240654
0.9100249943917849 0.9367678629826776 0.9258681800181414 0.9390430062449191 0.8865004600432256 0.873949505144342 0.8906526758829829 0.8618981059737328 0.8475839882288374 0.8719230857963861 0.8422611873999812 0.8495508100157778 0.8832938584471449 0.9147082005597376 0.9267531331275527 0.9263316241643917 0.942422156059655 0.9502649737076451 0.9625748842679374 0.9609500955592988 0.9938047612290023 0.9674394046021677 0.9597623432530761 0.9375445218212621 0.9117726730482149 0.9044692937214341 0.8909358782959786 0.9028438841918589 0.8718096526928397 0.8736265143515148 0.9079123343790565 0.9235531405648542 0.9201112015722896 0.8876105405592437 0.9094990491529111 0.9171143859965181 0.947142858906583 0.9582338035066104 0.9536146325882061 0.9410111602951167 0.9722094323038069 0.9792365854385783 0.9800721694653256
0.8983100381660399 0.9235270728592595 0.9366189593052087 0.9208137734687019 0.9242773468408736 0.8811622388739228 0.8580979396512528 0.8548093104077776 0.8495965675044478 0.8521165204022834 0.8622510976188739 0.8400961625830597 0.8985769057531591 0.9133636640988837 0.9129012893946004 0.9073971266671442 0.945624617153521 0.948221277324448 0.9625417022648911 0.9940088448553379 0.9600489078575234 0.9850998036114877 0.9514412556923528 0.9118635343172975 0.9021342058869742 0.9298375570454818 0.9266495952046795 0.8967193270359813 0.900136727785109 0.908282252889142 0.9190485453711811 0.9378091581547549 0.9236231364227124 0.9107258153085307 0.9268551379821398 0.9397538288646645 0.9646378473918696 0.9848451152866027 0.9699213481784293 0.9733914166392568 0.9653238415695968 0.9860507017793413 0.9529410779596358
0.9125810333186074 0.9533059919891738 0.9344275625303748 0.9361257441972081 0.9347076999940368 0.8902124551904648 0.8606104189049266 0.8648829764337347 0.8560689138134032 0.8720968931839198 0.8582537679424003 0.8780178943988259 0.876777969291389 0.8978509701025098 0.9219431524287018 0.9352042697198085 0.9226973146244991 0.9411433395893961 0.9759479937398935 0.9823010917246296 0.9499557099839143 0.9735639433895659 0.937061771533021 0.9121034344096399 0.8986200419496606 0.8887786646481559 0.9060208152381898 0.8822597047927742 0.8906937987890675 0.908347119971996 0.8892357528318874 0.9241411399644305 0.9085265073541158 0.8938899901054779 0.9141425081378035 0.9464883177447827 0.9531026958555147 0.999708638096505 0.9885244227323879 0.9997339675577372 0.9914353791848879 0.9971975303228536 0.9856061703961819
0.9316667101706957 0.9773028139027831 0.9558444774773726 1.0 0.9220333431405621 0.8778023703274702 0.8615806454283856 0.8598357337111026 0.848161848992003 0.865814636492986 0.854628688981229 0.8605381793275835 0.858510285153444 0.8839033967743545 0.924784996539405 0.9609139081517992 0.9179191471710301 0.954366005592024 0.9623435264353766 0.9519499711939567 0.9625870675224796 0.9571162159686064 0.9428075777704639 0.9262550495872177 0.9156019668449977 0.9010433510757344 0.8870530510856194 0.8935055589759137 0.9021635834392404 0.8801950322944708 0.9030874920031091 0.9040227313686202 0.8856843280578416 0.901168612357027 0.9360844083213659 0.9572431056343979 0.9479964010561995 0.9933242001200435 0.9980627199457568 0.977976656777482 0.969859748444289 0.976106357428791 0.9745342495217519
