Raster_benchmarking/Raster/continuous/raster-229.asc
NCOLS 100
NROWS 100
XLLCORNER 1743166.3907226867
YLLCORNER 5469288.625542409
CELLSIZE 10
NODATA_VALUE -9999
[rows 19 to 37 of 100, columns 43 to 85 of 100]
0.26539188979096084 0.2649693550293615 0.24950023088510076 0.22144236156006397 0.20569170961329009 0.18634183444358107 0.16390754169166316 0.11939418260637966 0.127120412760898 0.11702682826145971 0.12042823091630907 0.08650787164840852 0.07308118363606081 0.08517184148856254 0.07026311307456712 0.08458168738676015 0.0953106176246338 0.12785686721732953 0.15818267258164925 0.15490832259211784 0.1284606230677763 0.1585080454294371 0.14610954995026057 0.1593632169577728 0.15302578337664893 0.14374572680658065 0.16207931518473873 0.2360662363368276 0.23206880279020536 0.28595796289145864 0.283943128705124 0.24219495804144858 0.2577251565406868 0.22839627590922798 0.2361259878943734 0.25638912744973036 0.26714280828515885 0.33299560938463346 0.3133761683603765 0.34027168575950495 0.33971386361345834 0.3486946196595662 0.33363085548768673
0.2533653688080999 0.2513344829297509 0.27515391445915877 0.24661145713948268 0.2018355133773962 0.16997530248498374 0.19211403617858572 0.17156097234077558 0.13449743622453228 0.1745242581760698 0.13582184931070498 0.09340497011707435 0.08765813914807181 0.12952846699226955 0.08204311516725132 0.07964161824701999 0.08551976402884232 0.13766587633632105 0.1413534196095435 0.15035881250010363 0.16331279260794906 0.18133825575338203 0.16318136091744173 0.13925107576121745 0.15660522339432117 0.13178255640078942 0.18934831271031072 0.19504136690738091 0.20982350031185573 0.24889330829273906 0.2683347238498866 0.2621558079487633 0.2482295065286289 0.2697298455397536 0.2544843237994913 0.24468524791883633 0.25665085245296826 0.31479296988084304 0.30066500446494077 0.34372103561480666 0.35087093203694536 0.3219799808780654 0.333181512022858
0.2798119623104446 0.3112974070256137 0.3000075633045275 0.27615153890457117 0.2434659147305481 0.20608696879584695 0.19141854454663876 0.19416835879321054 0.1726893097756603 0.1911000469165286 0.12898596448549177 0.12134357191505302 0.1313391408710491 0.15571531191394547 0.10648326317072504 0.10225057052520015 0.09483075874544918 0.09638138185813067 0.12212218308756513 0.11573342684271484 0.16407859166371144 0.17841576419599037 0.17339676257575032 0.16472336511600272 0.15082614268674552 0.17098610579314066 0.16279773455890675 0.19741457928672682 0.2130737323261552 0.21923543360880315 0.2530383146881606 0.2730536281123669 0.2861119259138025 0.2596735782500185 0.2363928517419279 0.23132034619657033 0.2729859455333837 0.2871636348924441 0.31452866966923687 0.3422913516714977 0.3687896015980761 0.34201411397607967 0.3654666732447001
0.28572308116993544 0.297826283103075 0.3254316355741659 0.3080807662691503 0.27883877925368966 0.27702470430176795 0.24117420171634982 0.2445335322017157 0.16476720553134472 0.17404632446736276 0.10933686992037629 0.0840539606420408 0.14597513324522438 0.16740248508112265 0.13849856423189763 0.09378843824092178 0.07397033493982834 0.06805266293618399 0.09063488812054535 0.1191191235658357 0.14092131404233202 0.17461945941123272 0.1733485847562546 0.11918290084868279 0.16453510295875257 0.13691495495775227 0.169063195581864 0.18216500579598296 0.19335265569355461 0.21500379863480673 0.23331893714916746 0.2665335948506124 0.23774696097829945 0.2531989255728253 0.24293346797686466 0.22580819973204624 0.23236506240383023 0.26244011518698696 0.3360801533638434 0.37828947654552386 0.40363957702586045 0.3909013364539141 0.3659149099129326
0.3084597271954751 0.3149492805696411 0.2911399459988433 0.30193295137622106 0.29805810959005397 0.25217395593677394 0.2357598562123122 0.18369034991214747 0.14332445755614043 0.1019643054289444 0.12854073344830702 0.08110115739680826 0.08973265273940946 0.14364793715310756 0.1178776755586518 0.11556049763515286 0.11353414266533196 0.07158908738685958 0.10696832009987639 0.10325504382643044 0.13720408484999688 0.18513542721216442 0.164263766885568 0.16507910157344122 0.18850029124314813 0.1599671733741647 0.1903144624756654 0.2093069256915279 0.21756595933584574 0.2281904568836778 0.21920907609976195 0.24034109534396308 0.2447440080510854 0.25825291592953936 0.2527553985138492 0.25488262024447594 0.276052962769944 0.2999925960514375 0.35237379625605125 0.36064005524345183 0.3707981578488812 0.40496055382937574 0.3843624482579325
0.31603831812440286 0.329037218057083 0.26989877586646616 0.23400241231658017 0.26837685860620414 0.258746456431164 0.20758186586316849 0.16609949305599248 0.0982758006394668 0.07222547076060913 0.06724567044110241 0.0808122166304656 0.09194572723988016 0.135086737370594 0.12793786697728807 0.13279171718577637 0.06473895159955094 0.0632442725065949 0.06456250789077753 0.0777939357411833 0.11913490407098323 0.16771582774893182 0.1949585082858596 0.1722393485762032 0.17790536034540091 0.22697388602463145 0.1854313512858371 0.23442851695349307 0.21215326315914212 0.24335920639319708 0.23482840877383107 0.23712639453401205 0.22682858511076812 0.2507113911934396 0.297833172205058 0.3140888525793975 0.2864874528124285 0.34703714650749845 0.38625805402824875 0.3610068888760885 0.3654250821397787 0.4180198997337377 0.41644945561939245
0.33266324859219865 0.33874329916818613 0.28341770808378347 0.2160428671141427 0.21711887815981226 0.22850137383182564 0.15774878294296021 0.1635782684930393 0.09125178143773016 0.06145767246643631 0.09284816109238915 0.0992836539156403 0.07670033234547993 0.13462592178485075 0.1231309030670643 0.08492397006456043 0.06072512307912067 0.04509093466020732 0.08541763963537356 0.11298650632968278 0.13276919831013778 0.15323005195990272 0.17629169282751253 0.17527260023710958 0.22460759395875676 0.23037619627400366 0.20227765751533394 0.23066253096465603 0.25105847873706255 0.2761834590341019 0.23484185520818116 0.23730522698926487 0.2693063208920215 0.29079056660908786 0.26574106313541673 0.2781911471823316 0.3158956628363637 0.3347164087866783 0.39323524452114295 0.4166861415666061 0.3850000739630352 0.39940679733598644 0.42186642833568455
0.3210554323659097 0.3167233965368316 0.269966798706587 0.21743278324151816 0.21006875063939254 0.1853492920570442 0.1741523574629642 0.12945959216464475 0.0763262084312334 0.060350618553141826 0.054260975181318526 0.08575681061536261 0.064978726034555 0.11095948028340431 0.1149455283192812 0.0902454166788562 0.09652282697982932 0.03867224301223732 0.06397986798431858 0.13002990167340697 0.1230336304619943 0.10474666705293852 0.1749128630724359 0.21550366586616068 0.19494358682196652 0.21288594338125433 0.21296019367063665 0.22807946456678915 0.26779981549151227 0.26793914770641464 0.2925163877600276 0.2750642640422254 0.2889804658369187 0.31838303116835215 0.2867061939884662 0.29299297503940924 0.3412635945658268 0.34321812751609937 0.36892292552531675 0.41138799181386965 0.3988964052039821 0.45434242698503996 0.4270202611595794
0.3264323380105333 0.2930337305484289 0.3055443463956671 0.25686609055642756 0.22805004517532607 0.21252138993289874 0.1858966706414386 0.12019816690733327 0.12492687684554928 0.062064643730045686 0.08577215110971968 0.0696868758280548 0.08861046410703768 0.12758226074763904 0.08965957136493186 0.11726557156509056 0.08678569869980893 0.11800112626729756 0.10273472405296394 0.12175850421362906 0.16844140100139895 0.12963962664115042 0.15608324774563362 0.20921913898016273 0.20791608231473277 0.24534207319939422 0.22529323429229156 0.2752095089000315 0.2870004649521983 0.3232284018387943 0.30049145979426056 0.3259382476111049 0.30585918095418424 0.346944910642184 0.3280116140931565 0.28257810410441786 0.30194435049464424 0.3493640013747996 0.35433409484128503 0.383172177187272 0.4099202805937078 0.4419000222626707 0.4534417995364465
0.3370218244772438 0.309954446070672 0.2709091959505154 0.27583572377996235 0.21009840747226882 0.19567094395777998 0.17477136343982005 0.14019167802369947 0.08494099775356802 0.07228930216688495 0.06991579276202943 0.07730649284446078 0.08644075440726842 0.11364713362559739 0.12398372320219289 0.15948693703671493 0.12128002049360172 0.12958130271532092 0.14949176879578177 0.1624710316952857 0.17268503178758185 0.1897052625838904 0.20897842846298592 0.22659181568250583 0.20577915689068552 0.2517500300756667 0.2805427397373872 0.2945053202451016 0.3448377264983559 0.371347164079836 0.3327864517173603 0.3634937382954322 0.35695739605943655 0.3369349710678984 0.3381623688862296 0.312004130174263 0.34212953183334943 0.31664260166008484 0.3760090601908838 0.40962634064926745 0.42402948182760375 0.4600801767961176 0.464560929785932
0.3446391708432558 0.346607400934454 0.29805755042931714 0.24760088395616847 0.1978828754805149 0.14377809001270808 0.12704493126278496 0.15556178695087355 0.11767771339380527 0.0807938230739569 0.06985037634133982 0.11909984778926502 0.11133224512406281 0.13252083723032151 0.15706048051078128 0.15974459686489303 0.16712540188251973 0.1528628562170539 0.17121699964948495 0.19970789350890344 0.18902441581083992 0.22426038503549856 0.19172002941500393 0.17847121172273217 0.2001558532637085 0.2266693489563687 0.2756871402988732 0.3278522959897423 0.3321507589668747 0.3805911686204356 0.3784662611458027 0.34708430851297567 0.359125673656339 0.34580865623164364 0.365038733198228 0.3528659198725438 0.33509477248552627 0.37079487516742327 0.38167412944757473 0.40567854511370977 0.4352738740292871 0.42537198401272935 0.4065239981323039
0.3206233433444374 0.35107852721127597 0.3034566582011934 0.19851504409658316 0.18532931593890165 0.13799391942366188 0.13726664547002004 0.14986392675714774 0.12729945918717836 0.09929584910603473 0.09856429101601838 0.13970917492362486 0.12158316784762842 0.15540923950083074 0.168566907155875 0.11442213957795214 0.14503883193323847 0.18815339499664532 0.1951112963980479 0.17081148240238528 0.22597263935650397 0.21616034039028043 0.228270695674935 0.19167170071722392 0.23694049374337545 0.1942388086116294 0.2599949691105742 0.3295320445096735 0.33223398364066314 0.3650727300426937 0.37136891173860626 0.37719458451337834 0.37361271457578055 0.35874687154970186 0.34681842236941873 0.3557932783934263 0.3534651752303205 0.3357437135550391 0.3520854461137754 0.4153630849779116 0.4312339502360951 0.4488706238323863 0.3878021619211787
0.3559890074071575 0.33316718030413134 0.2587807755126819 0.20020298524324276 0.16280790186117666 0.15100485978455336 0.15967805021838546 0.15333263568368222 0.17243561772452812 0.13094002561178217 0.11668815768635048 0.13353740553213322 0.16531277183566412 0.1492961539576346 0.15319815377716123 0.11561851667333015 0.15369438376979003 0.18604225956416479 0.16599284094584005 0.17128131405575256 0.21758479935497185 0.24169066654205906 0.20502445385171175 0.20966827755332315 0.25795278091587875 0.2586147718045347 0.29682310625551045 0.3323629800686575 0.31088732515903916 0.3438045910019915 0.3435108225876787 0.3668277497152801 0.3616714632144878 0.33274301101066583 0.361577157271985 0.3262989022699879 0.3452406068895886 0.36045420894830543 0.3631170805265211 0.33593605533310317 0.36157847218113187 0.38175567131928 0.3414647091610752
0.3178634279428882 0.317107519966364 0.2961041006721281 0.22441490354286828 0.2191533188303549 0.18537344069001405 0.19590530006714615 0.194896815150148 0.1977970183087643 0.1574672967634098 0.15163073868303464 0.1732027915895087 0.17940960464030137 0.1421260701687644 0.14846470851772367 0.13594672749714062 0.17963977109220083 0.21140911352381295 0.19577333720930412 0.19216319301628018 0.229872166411246 0.25694203398467863 0.21673099863714293 0.25936849280003105 0.2884661676446361 0.2827369194017625 0.3159263771316442 0.3007492803411088 0.33524174504160664 0.32555237883256927 0.30416696703031687 0.3127093221213879 0.3224592353666012 0.32571687433589575 0.36544238761606496 0.34503165381946377 0.33844436130557287 0.3585110956355811 0.3471590006461565 0.31424978555125926 0.34490082693264706 0.31660607952773434 0.32305372642408753
0.3394796463734786 0.28327809974578805 0.2742976324038446 0.2236085373179535 0.19855338644867845 0.19696602769921004 0.22207071856640373 0.25595088913266434 0.22214370488273613 0.19917952398569586 0.1986277773135282 0.1493418293844337 0.12347677238136454 0.10837482680311547 0.1567859016899619 0.15431541455792736 0.1825101806502605 0.17733997409424276 0.1861797065835802 0.17957912495744863 0.21299015140729596 0.1959848188471502 0.23294803473249223 0.24683357919132207 0.28013543448175177 0.2940481741637523 0.26764718691726747 0.3207043869131164 0.33618395131322903 0.3515123280528327 0.30596319579317577 0.2897021821279461 0.33762178881649796 0.32737596818149417 0.363307450814482 0.3562828125253817 0.3563369077093315 0.37468984621031165 0.33403564390262286 0.2930125258949197 0.2920496965990731 0.2636762151541375 0.27249811654368
0.3299144067754946 0.28092058886941074 0.23986487181562485 0.21252729045934796 0.215054663686526 0.23179019913939028 0.2654844094284169 0.27272153627015494 0.2396384526774853 0.26148021932571613 0.21904721988419298 0.15386962316856154 0.12946583086853466 0.12126091864850652 0.16284886900792592 0.11935891232226481 0.13156508358773095 0.1467786775653888 0.18496819272903742 0.19599244774871505 0.1939036530512869 0.17811849531449916 0.23686254706835191 0.2313147849575964 0.2546873933321774 0.3030531515962001 0.269830968825238 0.3006895595756746 0.3185534673739617 0.33472770417739933 0.3045721518582829 0.3042313797914572 0.32930064333024167 0.378874704592028 0.3479736358459416 0.2973249728042258 0.32390558117561163 0.3428364514260963 0.3331478164725681 0.3003877664755903 0.24556776821450135 0.23827397640044296 0.25079323003645726
0.3514001670966047 0.2890885788258089 0.2658971469721176 0.26072767314421685 0.27036437488204523 0.25506929061507955 0.26659166075615126 0.2632639426227275 0.26979821615269783 0.2545820427458738 0.22758664291452735 0.20728801280190173 0.17345907900320928 0.12645663644864177 0.1596761012716623 0.13208232776940929 0.15402060302850626 0.16758378808186214 0.17492483616290488 0.20080973484616135 0.17896702306318588 0.23329538021205898 0.2526843981051606 0.2719777054526803 0.26113765244593795 0.29496929197038585 0.3003931230760053 0.2951444806500955 0.3023507911965136 0.3228610230858398 0.3303814519425068 0.3622110976224246 0.3667594992005369 0.3353674763785467 0.3330950223011084 0.32049009524421884 0.3253075249005398 0.3444344303424068 0.3553295506592007 0.29695421747858053 0.250446443258615 0.2654176822271324 0.2044469925836468
0.3305854747013916 0.2989208206873267 0.31083940455817505 0.27130462563741836 0.28068789397641286 0.2971999648503914 0.2770429878846566 0.29737980868248315 0.2770283047407618 0.3262270262895502 0.2683359073865125 0.2343995251528444 0.2057671297361789 0.1521635124079009 0.13042796396986553 0.15958307058247012 0.14649675837394138 0.20717132198787583 0.20908667654036223 0.20986237450025383 0.2054508683719058 0.22674066767770035 0.2638950690952127 0.26879372938047075 0.28591834348099826 0.29304709226275677 0.2919957350509189 0.325579937654024 0.3268840009864325 0.3385519376087722 0.29850412021684214 0.3548464095559718 0.35947030063829893 0.35751990392419813 0.3196673422577349 0.31479418537429565 0.32699072287025926 0.3762288987806396 0.3197602683780426 0.29619894364302096 0.28322252851671875 0.2716190309814753 0.18737959571242693
0.35990636334798326 0.3018591143063958 0.3189115303665746 0.28888360839480004 0.30181713826797846 0.26930695678106015 0.3146356235850281 0.2913635391272999 0.30806507251846693 0.33629077864266244 0.2834887594787581 0.24084608404194208 0.20328517336684843 0.17343136324090067 0.15866148800316984 0.1698801205242203 0.17321497502670205 0.17292129057335048 0.22473084576029528 0.25749195025449084 0.257135710842801 0.22517878092397414 0.253669151830234 0.22224919539645188 0.22737797118178343 0.2235590672317086 0.2720441460469781 0.28727008916210056 0.2953056373898695 0.3208273506049362 0.2863381580779761 0.32448250101324816 0.3606292319579954 0.36779694511589145 0.3711740999720917 0.3868071901330312 0.38128894005099395 0.33978283429319556 0.30469668669244737 0.26636739528720443 0.28486289908119033 0.23212600988951151 0.18570252698057338
