Raster_benchmarking/Raster/continuous/raster-163.asc
NCOLS 100
NROWS 100
XLLCORNER 1743161.8384605052
YLLCORNER 5469283.282208308
CELLSIZE 10
NODATA_VALUE -9999
[rows 0 to 18 of 100, columns 0 to 42 of 100]
0.6195013426966453 0.6229574928767241 0.6167102226715422 0.6123646942764938 0.5836379918838301 0.5923914873958303 0.5584808931981161 0.5645066581353756 0.5500142285326874 0.5658456115327339 0.5354493562392241 0.5118475910413413 0.5153125276070581 0.4930270246560771 0.5042748324740257 0.4902350877296175 0.4645696083357 0.47432297789218036 0.4656735301164416 0.46190994082410286 0.43553365460483734 0.4317824715293968 0.4349477805603639 0.43933098491477657 0.42472558145776446 0.41598967512599655 0.38508824027432764 0.37162699994292264 0.35482176126388093 0.3305609138328019 0.3288249263707904 0.31026156757347567 0.27785166165377 0.2986666069348518 0.2889750731317567 0.3168007512064197 0.3494717127741436 0.3591827166306691 0.3433010170839763 0.3585767450546056 0.3605563809891413 0.3946814283176366 0.3977625255489684
0.6665233890267773 0.6557367935548937 0.6386020398040496 0.6371652679596116 0.6186056960945346 0.6002513193776997 0.5671879311764119 0.5556748762042052 0.5729981020782247 0.5628591270005141 0.5314248214914433 0.5153180549983633 0.4978942392729891 0.5142892208875681 0.49539528312887 0.5141429667020746 0.4878328950189426 0.4855465507051789 0.479433027603595 0.4927944004966486 0.4708372834829923 0.4653828672749108 0.437369567388579 0.423663412314709 0.4328784938272377 0.4106226432472033 0.4174294082788884 0.41073041790025194 0.36583294275116596 0.32307167050543545 0.3194401323021601 0.33051146353289185 0.3160763084973206 0.29275060418433363 0.31877431276022444 0.30583538304671726 0.3576089855482315 0.36349543856094046 0.36850919722759706 0.3703786448235684 0.37542386873798245 0.3906677423166072 0.3967211633604204
0.6724489869584025 0.6630310677745384 0.6452758576316753 0.6494800993754388 0.6135559931258467 0.6176239833982377 0.6051397424044 0.5856273191199732 0.5868011480151647 0.564705805476722 0.5486384918033433 0.5131409412241602 0.5082883951760025 0.5122000883098311 0.5020147180538052 0.4755458969512437 0.4913886649960399 0.4872705245383712 0.5133496351332707 0.5272771636172408 0.510315950754833 0.4717903723332237 0.45917671921380887 0.44725228853858123 0.45761661392494485 0.421948164813324 0.41832764886741874 0.39338286891930385 0.3926858100474039 0.338614670611542 0.3405357042577984 0.3459602505977511 0.3344898935269937 0.31345741885228157 0.33051073063256176 0.32244901164103207 0.34162286657336993 0.35002740341145255 0.3879674802577976 0.420870453097717 0.41587497449456806 0.4143014526641438 0.4012038122792922
0.7033640890174977 0.6632051747628905 0.6522209440518765 0.6473713413751973 0.6215326869699123 0.6359089908465163 0.6043859817233047 0.6031671434239771 0.6081258403306321 0.6008190659578088 0.5712590890413521 0.5224464237747924 0.5209561253520388 0.5088502319134282 0.5156360643927191 0.4704387951720175 0.4935483936062034 0.5188486238835863 0.5343001762773056 0.5289061067155111 0.521727965289637 0.4922818997148539 0.4760767675683945 0.5072724034687662 0.4708075509511548 0.4434086248244218 0.4235408397721062 0.4094137900874999 0.37919357686759064 0.35620463960942583 0.35632028667951726 0.3417392029901401 0.34891640519693917 0.3411759677386086 0.3298964454283464 0.34960853118338464 0.3736573952694014 0.36690469337044834 0.42560947885157474 0.4394402963776413 0.43265788351045054 0.39703283519681437 0.42043197397435095
0.6955449280254445 0.6894549828703714 0.6616475509579132 0.6747104861603971 0.6391718227259942 0.6291338482372102 0.642126476121871 0.6067893573403793 0.5960408909490403 0.5772410498074525 0.5876111733778046 0.5647804406602948 0.5335952924659908 0.5422147865213555 0.5281151870109871 0.5130710042622803 0.5089631374693149 0.519511628093028 0.5253866302062806 0.5398734750451165 0.5351595975886363 0.5146559111322712 0.5059728979252387 0.5101689625350316 0.46384024058054113 0.44286600157835504 0.4392292877947321 0.42111275716868113 0.39285719356548954 0.36287389350518273 0.35687409071001636 0.35527239517201586 0.3389029890483766 0.3602346832272532 0.3693785190204616 0.3891652154030014 0.3975444501976819 0.4124700902010196 0.4315775001393158 0.45101546162155365 0.45634661372808194 0.4217684591961239 0.43192820167711393
0.7147903679775297 0.6754553669536637 0.6679651133358939 0.6978436552789471 0.6798936974557347 0.6501343247287549 0.6519696721278235 0.6224536246464397 0.6092887666290506 0.5946302236913774 0.5674297600675224 0.5837840617683622 0.542518857465091 0.5444635804090002 0.5517192285261415 0.5172688130069901 0.5020445005718553 0.5088232578091888 0.5551483459829246 0.5643193075204817 0.5402365089722775 0.5359218263464472 0.5367931658247235 0.5049876643065436 0.4765547967227854 0.4213019052355106 0.42424997527180763 0.41495777093616537 0.4076673128411152 0.3450203192763504 0.33839107359186804 0.3565248263008685 0.34545250609480715 0.34315145682460346 0.37893588672195627 0.4211481924022029 0.42959679370649834 0.4303447450441557 0.4431890233599134 0.45533994283009205 0.4642289607655871 0.4785526554525122 0.484900538157238
0.7099518274570195 0.7023103445423439 0.6953692305106173 0.6821754842766065 0.6954954324039689 0.6793786125725458 0.647854538916053 0.6034554946526213 0.5888155370713658 0.5858365944609837 0.5802337704261287 0.5604204726949081 0.5553600812205713 0.5778297192415223 0.5551828896765931 0.5484739714593915 0.5194212371366995 0.525205921537497 0.5470537144347835 0.5718219701016408 0.5592553145968361 0.5147829656930065 0.5237211614907081 0.5093946469390908 0.4693311663909992 0.4164240520055558 0.4065100397953093 0.40415286740901346 0.4014646028681541 0.3566648140491986 0.36152677792594273 0.36470739013492515 0.37473848278608973 0.3840345613642889 0.40249870289556217 0.4214028442658453 0.4539138770669816 0.4265115832115032 0.45281044249352215 0.4644707692403508 0.4779566746311397 0.5034310713021762 0.49909508846145145
0.7209166561458147 0.744731465683143 0.7165257182457716 0.7158881044751904 0.6944751830414899 0.6669037140772001 0.6516658947347692 0.5906122113073047 0.5764632839994641 0.5874214695872264 0.583074018251505 0.5635666424244625 0.5796166564515595 0.5807538611210595 0.5459760383370691 0.5477543515710434 0.547130377038749 0.5343100354671069 0.5545134955204309 0.5657667745820609 0.5483260738011985 0.5079439015979103 0.5062861546167534 0.4943482887267485 0.45067306664222556 0.42161078760068915 0.4172536682445365 0.39742371281106276 0.4032785849285326 0.38393270916736333 0.38148660884072205 0.3577654692052171 0.37419103073777693 0.40114640230798687 0.40344889858562527 0.4515005709502415 0.4646137486509452 0.4377816913433179 0.4475681113729612 0.46577329624042224 0.4970777639579064 0.5300097574140605 0.5118468194299524
0.7295834887682394 0.7497627766417979 0.7116938928426604 0.7064730398741854 0.7021381529916051 0.6871001551716657 0.6388362754344566 0.6034056194108365 0.5981956164964183 0.578698263138341 0.5798573678250357 0.5668733495829018 0.5750635634620489 0.5815448726792023 0.5560638607793559 0.5617556320284605 0.5690602566031181 0.5644325123827176 0.5671676871935145 0.5358001094666658 0.5192438999628963 0.508802017468896 0.5080942518279897 0.4672721318075922 0.46397826235199585 0.45726912843981 0.4319931301541026 0.40672870329301086 0.4095070016527828 0.3813883912030518 0.3843135795582408 0.3852710111136371 0.3968757383430739 0.4229348188206189 0.42296082851538325 0.43353187361862244 0.44713101361683316 0.4812202157413593 0.491422029070985 0.48716522988889005 0.519155243206136 0.5074497104698347 0.5357470820253962
0.7172082162321068 0.7394170206029027 0.7251492804714683 0.6979957029581579 0.6891064453618007 0.6807639922078952 0.679343513850369 0.6569807691706512 0.6070238198965213 0.5937254378197355 0.5969381410557846 0.6105210968539828 0.5736851364025075 0.5424950262046155 0.5733493856296317 0.577040472594708 0.5572345505102221 0.5539737327914503 0.5547342272355242 0.5547358298869434 0.5405229698062528 0.5044069445805086 0.5036778801767009 0.47434461172792575 0.4508044503189871 0.4348465033121849 0.4327526350590223 0.44328909954784806 0.4485783186372754 0.4174746877912204 0.43739626589211 0.44793866166674723 0.4350694416448254 0.4227958039624748 0.440017886917033 0.46376738234676906 0.45360320424754746 0.4853976756035397 0.4927333064890447 0.5184570514971989 0.5182731898216641 0.5102409844281589 0.5245124244931442
0.7397533865086637 0.7270743406980466 0.722189086914444 0.714841832846287 0.6893331341855015 0.6953360359530059 0.6863635278821638 0.6639464986571794 0.6291891629834928 0.6223290483769716 0.6147501658342766 0.6030755897400696 0.5900330027827005 0.581341252419502 0.5686875868822128 0.5664716488308963 0.5617883479052225 0.5403612844265108 0.5392683488713492 0.527498065736399 0.5177232535731682 0.5028390435461337 0.49981207076934536 0.49162910872173454 0.47032749140337754 0.45445048437834784 0.4585174848337899 0.4427587202916445 0.4600505248528708 0.47013363501369704 0.4733171574226561 0.4719299715811632 0.4480542964993218 0.47417511503195814 0.4725361807624664 0.4976943904226296 0.488569676070654 0.5023532462070951 0.5235235275393282 0.5105910737747941 0.5221702120914875 0.5215498569879479 0.5418337065771284
0.7237008582254475 0.7196671054126201 0.7239637443051551 0.6863769667840702 0.7161369753941853 0.7194139564168042 0.697565907891002 0.7092535777838557 0.648860399734595 0.6124665953734039 0.6345402115440739 0.616367663004802 0.5861138534831838 0.5956990469903005 0.5970988330769915 0.5647701615783919 0.5250276857653504 0.5071245372689462 0.5087722100607321 0.4974470185937144 0.49236864135624386 0.5140658617046137 0.47862424911489265 0.48386668358574086 0.5042617447882742 0.49745075282285367 0.48919913090131306 0.4729165765141787 0.4955253360509767 0.49198031484122323 0.4865712822834127 0.4761481830121623 0.49446703759092914 0.4960308945804267 0.5021617607310356 0.5132860978829992 0.5061106398914076 0.5330908943790011 0.5384594757786857 0.5006379794430231 0.5392395538213344 0.5449426101367816 0.5526656814028961
0.725355132836711 0.7188434030055261 0.6989550782713554 0.7034129389865512 0.7165497839316491 0.7309823346621566 0.704521364215022 0.6843286270391542 0.6587496184086368 0.6458593519395618 0.6182660750708083 0.6199196567662117 0.5913257585290784 0.5718476329055932 0.5845072715910994 0.5618364777088003 0.5179131016597027 0.5068497418006859 0.5032163905497601 0.49306308169056906 0.4949322347154551 0.5085390272062899 0.4885325758497652 0.4897913339477327 0.4931769640136639 0.4772381546478266 0.48576878282052716 0.48449471425240853 0.4877561210831314 0.5200489290959697 0.5103285568511949 0.5027622795279363 0.4955097839238432 0.5218700375857456 0.5467415713369784 0.5648215113988261 0.541310732157946 0.5612889878795164 0.540356776686311 0.5426045570892166 0.5403544262124544 0.5427259268246918 0.5322326781203388
0.7229493557474307 0.7059531247167868 0.6952067430398605 0.6995356367627343 0.7012734979609043 0.7261773112294857 0.7069895195837362 0.7311596897130455 0.6791141955943322 0.6400747375541046 0.6381031845919344 0.6103758908586968 0.5791951464106525 0.5806034356692443 0.5684377231263658 0.5385275565326801 0.4941518558208558 0.48197650179322804 0.4669192754130737 0.4676038732008129 0.488708141828841 0.5003609527246166 0.5204382809444709 0.5229891221481942 0.49098510621831415 0.500263784022346 0.5000236950574858 0.5015919446418886 0.5106506795638234 0.531984228701122 0.5362109242988218 0.5180915062363184 0.5056222540280931 0.5232323991435781 0.5701831392061012 0.5823090034018898 0.5874086102347381 0.5724343157289523 0.5552347107651744 0.5633951584327204 0.5578181889815611 0.5441811300196309 0.5382515976786192
0.7502760966730297 0.7422193082300896 0.7208382026002226 0.704009936815695 0.7323313886512758 0.7196175662966819 0.7150349484930765 0.7265230272970354 0.689509573331303 0.6486836071995772 0.625001598738691 0.5989976255940856 0.5864882985943608 0.5647291423234679 0.5361612639121763 0.5067682879658872 0.5078080558094533 0.49957012407216556 0.4656190501151272 0.4577212895549919 0.4895668147607928 0.5284765932550359 0.5296537840421489 0.5208370333988177 0.5095844397878202 0.5038694746757997 0.5106314087866326 0.5368791967342341 0.5395519370972868 0.5339431670763519 0.5360437366459576 0.5478070520085299 0.5271722565075587 0.5392649158201919 0.5800214638363937 0.594589956709107 0.5968796470999664 0.5802054241571336 0.5869054727978735 0.5876986901247783 0.5751306317365535 0.5595844130728859 0.5487400997121801
0.7892977551331095 0.7772782161998071 0.7384360738732759 0.7177223654588851 0.7270802356720716 0.7493688690622492 0.74133277823431 0.7278368494300886 0.6825843909354822 0.6436421677059935 0.6435158261989978 0.5941885750338632 0.5830641869092071 0.5575097043741809 0.5203555436260163 0.5055151363967131 0.5054996695842404 0.49507235639311103 0.4843288162604909 0.45162303208357074 0.49761913683378073 0.518214664430253 0.5372981623466793 0.5117742154359187 0.5278562573172055 0.541089738661065 0.5660961397788405 0.5750269372915534 0.5416145467477994 0.5462583315773984 0.5478941433174084 0.5655429060654483 0.5463649401781887 0.5745463909755754 0.6049966176628618 0.6043955336193749 0.6140898242462789 0.6235242855051902 0.6159505111967845 0.6025342465994905 0.5999042888089712 0.5613089487715734 0.5893516456591765
0.7717684550780393 0.7475886752450244 0.7426427301174358 0.7548694177618057 0.7507433903241215 0.7373671774405 0.7239463840600261 0.7073608168246039 0.6685587606031259 0.662863825384877 0.6360658923289516 0.6318682310318413 0.6003938164931918 0.545512767856845 0.5268114757966372 0.5052658743542446 0.5231398420474352 0.4984059996552949 0.4815150273668499 0.4747881598163886 0.48266494009137734 0.5160476614968489 0.5492760796533293 0.5497965516699138 0.5503115798121786 0.5742519070075628 0.5645611944439821 0.5639856808397172 0.5705945328010218 0.5801383703904068 0.5695550530743059 0.5787856356177158 0.5795218786965249 0.5680084522711881 0.5942186345847876 0.6000495662283949 0.6296533141165587 0.6192139468250015 0.6100291539476844 0.6183662242545043 0.5928740731709781 0.578018935267424 0.5903392131613756
0.7446813094892379 0.7622596577849856 0.7354463017180577 0.7641249976043161 0.7376493265210762 0.7310000893259992 0.7029913574017203 0.6997277668556319 0.6903904104259754 0.6677023969456785 0.6605896467876271 0.6201594317856457 0.590636482441585 0.5714842162982062 0.5585274905163925 0.5397782618398155 0.5325446839282159 0.48924995191547593 0.5074621186676487 0.5088473605161096 0.5208801637418597 0.5175990237377917 0.5489765423169469 0.5873956077255612 0.5897647262498001 0.5976496791386339 0.5792764929955878 0.609808578998943 0.5870869941416551 0.6138116208357517 0.5927455328845422 0.5708106674780686 0.5796628504418148 0.5990852330849216 0.592801840210893 0.6041480629626326 0.5946866609200501 0.6164671999516496 0.6171312798621142 0.6281640269196223 0.6083866162155726 0.5785805422019954 0.5913768298933434
0.7292903915909444 0.7369976934263345 0.7289764031159465 0.7546321374512831 0.7336445021455869 0.7339129132973038 0.698187220633525 0.7020443657419119 0.6758864396906887 0.6633804262558889 0.6654659243952767 0.6569280618038064 0.6179339410924629 0.5825597561574528 0.5581088134103251 0.5428488880386355 0.5565284941225651 0.5273585384242644 0.5165019476516397 0.5076042283638019 0.5282956185149906 0.5408619695774323 0.5486671588843192 0.5666656723966488 0.6023249887229137 0.5863350064050198 0.5839697550596157 0.5809917850249579 0.5959322248747471 0.5866669680854224 0.6078569098969857 0.589393215346591 0.6104638614167377 0.6165987541261345 0.5807198759537245 0.5953930212710674 0.5844989285841103 0.584462789499349 0.5919752152531794 0.6191548827660495 0.5970186446576891 0.5719121477954054 0.5852183865281003
