Raster_benchmarking/Raster/continuous/raster-181.asc
NCOLS 100
NROWS 100
XLLCORNER 1743155.785796805
YLLCORNER 5469291.363150282
CELLSIZE 10
NODATA_VALUE -9999
[rows 38 to 56 of 100, columns 0 to 42 of 100]
0.9011855829232611 0.8869343665447974 0.8373844474553438 0.8064172439495402 0.7912175623637795 0.7582828349966 0.7146170284704264 0.6781807890188851 0.6751811372726121 0.6558869823349599 0.6484859940434972 0.6705918387532065 0.6190225847449531 0.5720610437836603 0.5413567068128434 0.49647057810655865 0.490487561919751 0.49544063717913245 0.44048807203082097 0.42866791871927146 0.4081164991879557 0.43119285481907776 0.4068345097635218 0.38155932726071834 0.3719572541525327 0.32219672484261497 0.3023581625103665 0.3686279980662694 0.3623592694525135 0.4222487899546339 0.4324558777621343 0.4418106227506528 0.4776334429977048 0.47270386067593423 0.4389595566945893 0.42773016005219555 0.3993195073295081 0.37142511282618806 0.3922888799500599 0.3604161063282052 0.3646019334754766 0.36334120245697177 0.3402266175168022
0.9155329777809467 0.8856001695615409 0.8339449868953517 0.8380702557792375 0.7827538726839621 0.7552957395721547 0.7484855345962168 0.7021906103640229 0.6569097381389177 0.6304486049438165 0.5944864582712587 0.618259167558709 0.6060774071199184 0.5534369561575668 0.5132349834150285 0.48100543030052084 0.45254248828272714 0.48805018293457597 0.45703979859971994 0.3920276876978396 0.4034895148248857 0.4431233922647279 0.4117766836686899 0.4036609233890334 0.3824221843810268 0.31263392300105936 0.35063615467147347 0.35359145682812404 0.40377254888207165 0.41520950208235635 0.40340188394689985 0.4136567315276504 0.44448934239774823 0.5035028737301032 0.4610091482721052 0.44680847492493997 0.40859065342685125 0.40981380916567867 0.4040855437818058 0.3844366255962441 0.3718074484537917 0.35950523759890063 0.3539791209706746
0.9283658439595531 0.9397463838069005 0.872388942153678 0.8471422791277744 0.8072128303376218 0.7613890956098105 0.7384299393525321 0.7281955598826653 0.6820777689497635 0.6558140322844553 0.5863707181039215 0.5550479982967248 0.5491170953835894 0.5452425860924857 0.46559967670702807 0.47598324438039924 0.42421381419264725 0.45187255267353876 0.414107521601951 0.38103432880880844 0.41759911435602387 0.39852131539605934 0.4152358442126204 0.35261413890510857 0.33531183771492185 0.35834125877833956 0.3854582788944759 0.39051935515942393 0.3622705016645032 0.42353928861492 0.40552143289033815 0.45149633597575034 0.44703920224901134 0.4829863123224435 0.44123890878800665 0.4356093344321637 0.43777048835127924 0.4271260053898385 0.4566920973265089 0.43402311180718506 0.39092033374279006 0.3855703539597201 0.4194297325571372
1.0 0.9985511817577764 0.8955157275761627 0.8805095171393004 0.811000163822339 0.7936681935026286 0.772835152729431 0.7271869284244832 0.6508352979179766 0.6033375157862557 0.5839704350848682 0.5737755194782869 0.5407429151366772 0.4894559000986996 0.48193418492569123 0.4400259478576215 0.41481704974428174 0.3834925985238068 0.3993455366218989 0.41368701494650556 0.41142887941368483 0.39180359205384435 0.409405057725272 0.34249016472757626 0.33770179828516284 0.3796955735945636 0.3967052072426051 0.38125214884044734 0.3799752561910021 0.4133999801120694 0.4533824964042268 0.4607560993665687 0.479388048984071 0.4920005975319768 0.47044557085249383 0.4125216400925404 0.4259733336195065 0.4647377567241684 0.4621637335176584 0.4603534872322505 0.44805473034514226 0.46927937221706023 0.42191212960012364
0.9904816809810747 0.9710736624078992 0.9301147332668381 0.8571421289523268 0.8712660915158279 0.8514031948994143 0.787412807134572 0.7196092458089353 0.6988725581016577 0.6389273834111371 0.5927028655792422 0.5873069646635776 0.5298214897157171 0.5411836696474417 0.5047835380059784 0.4492777797627909 0.4258915304290719 0.4240360268922008 0.39537702269261404 0.39385850009266604 0.3950615128391727 0.3665469957149725 0.37360047313156297 0.3823620794039082 0.397337326612245 0.4162948920412405 0.4112701069201564 0.4235600623983383 0.4394420468521725 0.396274331905514 0.41445807914992283 0.43631476340404135 0.437232462581939 0.4456831498051683 0.4372324369962751 0.4330919057061598 0.3890271733717866 0.3873143156530405 0.4299242360224804 0.40298327345002166 0.4454789528956034 0.38475604077843334 0.3705826013515978
0.984292221385297 0.9687183313896731 0.911941492832126 0.8582587684475281 0.8399416827269581 0.8672573115134832 0.8425348080888928 0.7863864462838462 0.7433003918382198 0.7172059451627439 0.6371400870493878 0.5936434461656658 0.5382339322490977 0.5293648121216328 0.4926661525352064 0.463211274903184 0.4635449732208558 0.42652506549307273 0.42538985445745114 0.4340769712878554 0.42032771185397366 0.36484928480371304 0.38424554822217 0.3382101572418695 0.37802774009873125 0.4145828743879786 0.4274828580523598 0.4484158037329992 0.4075700124973742 0.3954457810228868 0.44111390095379266 0.44653340594883956 0.4309752092819134 0.3765203868869137 0.4004730730742479 0.4001708120173383 0.4055888985642358 0.3802370988678058 0.3973486679960363 0.3960777127552731 0.36095435179072377 0.3408626749217605 0.35365769550026016
0.9577632715887997 0.9530002671163915 0.9199074176669135 0.8884780074078092 0.8773092097271423 0.8936992336514421 0.8587485756129866 0.8192395836919469 0.7596670487079544 0.7437537326735254 0.6461918032996457 0.6261004984290277 0.5482880284209848 0.5083444930226307 0.48584912776988465 0.49556445192358567 0.4731516759589828 0.48859071509417 0.4884765998019945 0.45668692527619875 0.44677831245759825 0.404224268044835 0.34966053985597817 0.3707102945607689 0.38482267622196176 0.3749542769447502 0.4290742442878799 0.4526910504998855 0.443339683957109 0.44354618889059383 0.4340366339514227 0.41421532956509666 0.4142212430177608 0.3940677968640822 0.36482562716220973 0.38089299663270354 0.391311042761285 0.34819152716399876 0.3530720977110437 0.3849858626084746 0.35929102856206474 0.34562751330746977 0.3540145648844719
0.9290241096121056 0.9729306389581092 0.8902774052351538 0.8727467072968885 0.8828879141520483 0.8748610513142943 0.8261484741198503 0.8282197034908201 0.7957654234515245 0.7367342729611361 0.7009755752855625 0.5988459367180983 0.5716875770852223 0.5002323828970554 0.5241054457042359 0.5219862971794159 0.5495993378955175 0.5508931155685474 0.49599219882998996 0.4843665542640063 0.49216628140063234 0.41239908631990974 0.3828471412279202 0.36187599174265783 0.3436548888771635 0.348573800021006 0.3791121662842888 0.4213487989136885 0.47914685403432483 0.4733423343198282 0.4202961349053416 0.4087803116969611 0.38293129444757945 0.3666214861214766 0.3431925654785068 0.36159181556375364 0.37632311979331534 0.32740961227247667 0.3300941735690938 0.3617397145995033 0.36417726769812164 0.33409070365508836 0.32791710423497594
0.858210209051111 0.8842964807226615 0.8635973215895314 0.84134201842625 0.8169926886651722 0.840441857649396 0.8288446493731072 0.7946762841233885 0.7516476474886765 0.7414889035977005 0.7132464980424 0.6466391691125992 0.5785861401771127 0.5369297497691428 0.5752456532928913 0.581577138047816 0.5673895642836755 0.5332552879514231 0.5398130301297065 0.5371386454693584 0.5112859274592269 0.4618331343984802 0.4070769050255988 0.3706506269236689 0.39445234070177926 0.383628591629731 0.3900468553576699 0.43280235444336457 0.457032785976677 0.46767240526370074 0.4603233522485902 0.4447666277897107 0.3911409352311708 0.36547338554500364 0.35263863371950055 0.3434857955844684 0.3373576676109852 0.29852311323914416 0.30935973764090646 0.3342640637617633 0.3026706796489646 0.27091989177205555 0.2935928285403906
0.8767866073517281 0.8612590971554746 0.889534051152159 0.8629204607604324 0.8287145762511416 0.7726727923456407 0.8131568395453014 0.788517409473865 0.7487488708445432 0.7237359313729718 0.7141538739303621 0.6708563192624306 0.6363067067259243 0.5924065372598679 0.6264283288427109 0.6090252224116607 0.5871203571836354 0.5490818735906622 0.530941547498671 0.5723971705268638 0.5096522367681156 0.4806372829330037 0.4608090455389244 0.40703046897111583 0.3490215654935936 0.3419679403434461 0.3520945512906309 0.39392156618098506 0.4049369915242012 0.42851861800766883 0.41885726526846473 0.43279067026102785 0.4069156318674608 0.3955232255406834 0.38281107307346685 0.3752343279703765 0.33676557426267306 0.30949954901515736 0.33900373643461756 0.31415399965680346 0.2724479434180349 0.25031231096486606 0.23317550855439412
0.8616244716197481 0.8504703994207345 0.872714059148937 0.8596695428831607 0.8020747291024364 0.7768388067164944 0.7408028339847346 0.7153127055575574 0.745181904003054 0.7122811537311378 0.6820908824701775 0.6413785004740423 0.6571926945371879 0.6294745976110728 0.6111792670267255 0.5907918720064695 0.5807166850571482 0.5644648034157843 0.5798274690890645 0.5483428015558813 0.5504326001697437 0.5156656243825741 0.4483981416890778 0.3948862622121313 0.3577712542727933 0.3743466089314963 0.35000676536131237 0.4175302761226283 0.42690132609944936 0.45106725477714454 0.4283547010297997 0.39378473743880626 0.3976733348688134 0.37650038811995445 0.3643658715167423 0.3660371225419885 0.3630744542876021 0.3305686092673327 0.32965112645352346 0.28800304384819236 0.28175801764029074 0.27740872129191957 0.21838928541040942
0.8990574719257456 0.9043349885439759 0.8974887668313987 0.8553000324049924 0.7995712997424737 0.7266816335668965 0.7390265524104365 0.709081956438052 0.7047027409391461 0.7089245189654925 0.6553950712987892 0.6605450432541123 0.6356342200566165 0.6321863011707577 0.6436583453678303 0.6563106121933272 0.6416039999877898 0.6162442435187184 0.5917276441551952 0.6045592024906536 0.5551669210080322 0.5424029496582721 0.48105795361564 0.4336691186461357 0.3724989625738547 0.3619220098142377 0.3723162160059772 0.38177934698743177 0.4274000826275931 0.41818350630939827 0.40002155425234737 0.36889062538413453 0.35003657726505605 0.31076368581354685 0.34623138198676773 0.30639786064294083 0.33758304458885774 0.3672663542414 0.3544346716509018 0.3111507640500406 0.28862664431199636 0.23911381783003824 0.21807833796053072
0.8463033541361771 0.8400574725690333 0.8476537305731483 0.8327918496429619 0.7629696120205375 0.7330135112156428 0.7145554960692612 0.7266987116025226 0.7149537027150914 0.7067467606027895 0.6871802950886876 0.6421437972312319 0.6155736662368011 0.6053986886150585 0.6279108556910226 0.6249218025944926 0.6299817429095677 0.6142803569429388 0.5923331549827314 0.5766877802904244 0.5526873604122946 0.5447195636686633 0.49994758275760326 0.45561893174731 0.39637426240981366 0.40788054590889994 0.3711161716956075 0.3750636284278009 0.40857832719309206 0.41806900877083925 0.40144698711127863 0.38750080276017085 0.3659148910355022 0.3701396063139137 0.34605582130166673 0.3243300527520522 0.3531795015293535 0.3746822793764361 0.35504140492334213 0.3299936381228695 0.2885507485096837 0.2329195414749668 0.20866481347928295
0.7851182563455186 0.8096954901450852 0.8002642313766672 0.8104530333814269 0.7599535631527834 0.7807746495090581 0.7650548548571453 0.7232584702196313 0.724395959942248 0.6682528705956203 0.6658026335193244 0.6161005296766708 0.6160198354505787 0.5654575995834816 0.5708925901793449 0.5651721961607848 0.559544407111317 0.5802555606507024 0.5542423049011652 0.5485340850034824 0.5732697081776064 0.522762682196243 0.4662603097017634 0.4058118177462672 0.41527360452258755 0.3791689075401898 0.3946678372915778 0.3876752619717337 0.420198362277875 0.38115307431584644 0.3818653828367557 0.34063277174081197 0.3823301488936046 0.3632130793551634 0.3352456108982121 0.31031539350597803 0.339984957548716 0.3585319763609202 0.3128678251064602 0.3077504979327268 0.23685431427429432 0.2003969170458475 0.18900448867171488
0.8119411817644956 0.8200771563848293 0.7872848407119287 0.8163313163442929 0.7922130216508738 0.7772853620698502 0.7206606037076999 0.7031001486337323 0.6897644411804473 0.6709435031953276 0.6250498416863899 0.6212782958625727 0.5674756759603811 0.5639909364586552 0.5286639377453114 0.5721938249115767 0.5790697986983977 0.589479750022343 0.5483686446200551 0.5383637289678377 0.547522774811847 0.498299222725449 0.48440783774610346 0.40545786372320763 0.412570637726648 0.4075471819420737 0.38341415912248644 0.3559253051324886 0.38702349075990905 0.37544383159948086 0.3435846080957895 0.3717318008670713 0.3788353520466182 0.3786290247238703 0.37547009453930635 0.3650867422504112 0.3727887020741954 0.3318693198379937 0.31791310338849443 0.2886475190365422 0.24146637077296002 0.22274536774867057 0.2036639307242332
0.8112311776875459 0.8170997667067479 0.783050441365885 0.7925732127952004 0.7233154167664594 0.7233765519881821 0.6957460183219822 0.6567526704059887 0.7002680233444482 0.6601632143970516 0.6117850239755729 0.6012955156688017 0.6028811093066077 0.5587735774211962 0.5495535724223116 0.5286691719378452 0.5838487405288469 0.5570451179679176 0.5688244101815987 0.5669348792703595 0.5458115396938116 0.4859657318545527 0.4635491389319273 0.4193200647718164 0.3852804586982273 0.37324083783159495 0.3485919919400202 0.377599350522936 0.39377552879683797 0.4072561351317789 0.40361613573172034 0.36068333918421985 0.34318329133490105 0.3590457763728004 0.3279329997621547 0.34969441666266643 0.3275088577174215 0.3532408128519629 0.2993685450863867 0.28750245406041497 0.21705167118225605 0.20913687545407664 0.20146209494741482
0.7527908752236493 0.7595381920193346 0.7385938332024141 0.7418536236120866 0.6916552513200014 0.6841844970976487 0.6832406150052079 0.6721130621224051 0.6832813320515223 0.6551700776702019 0.649392421949949 0.6125761939287951 0.6075432380575095 0.5683029002652549 0.5729759417450333 0.5299273170074708 0.5641638621572261 0.57703489714315 0.5237552542915846 0.5195605035066732 0.4800199420656108 0.4490667572225271 0.4437849240248402 0.44516713813075476 0.3951180992175169 0.37884627353321454 0.3508384399664766 0.37683296400904687 0.37937419435941805 0.42748234431308046 0.42468011115616117 0.36694461812812607 0.39532460283317955 0.358497773842582 0.34779541772509254 0.31669314577391366 0.32614030541244704 0.32141084112703483 0.2743115179451092 0.2787768921834452 0.25219301989584714 0.2032078260760161 0.2186417149245389
0.7048375495899906 0.7212308282948839 0.7402215875203569 0.7213529167478722 0.6549330437186913 0.641197271101024 0.623310919343592 0.6690680262180909 0.6396769282097245 0.6591592417101104 0.6368979408083421 0.6528963817845159 0.6049718492879538 0.6055580736825956 0.5997733279601565 0.5661176739787949 0.5504383978941526 0.561791637150254 0.5451182007867225 0.49742143996818855 0.4575068794973914 0.45337269187443235 0.40450881069390315 0.420976144441561 0.4182504926347011 0.36189283920924864 0.3373259618303504 0.3624832104476892 0.3877134763544827 0.4371230552294999 0.4075986727942728 0.3930123921420897 0.42918469905246476 0.44559728770998913 0.3731836609023795 0.3337818071045169 0.33511349190030515 0.3129554165290049 0.3088460050244188 0.23585519720853168 0.18998779571360874 0.1874003623938043 0.20434919174652416
0.7197964761886091 0.7018670464329149 0.6797567232244515 0.6923251384346195 0.6781510849282237 0.6176582534435803 0.6060141426199309 0.6064030438641038 0.6281859744411471 0.5825370406677594 0.6128537454195091 0.6595136561088856 0.6421054954460365 0.606253605934819 0.6026838085125401 0.6260733784821702 0.5930290935078066 0.5602533857493552 0.5368242562793305 0.4472736516474776 0.4272423794184286 0.43586056888309765 0.4023740659531072 0.43088185430358494 0.41981755590674713 0.40768656980772655 0.38798314728065775 0.36841089039595815 0.39932964012008054 0.4272306717288673 0.39188537305583504 0.4267866490917946 0.4352052934135444 0.4670806020666162 0.432148319606127 0.349482266926126 0.32659474882503525 0.3131400779000952 0.28914567057740737 0.23500788536831568 0.20097480558971553 0.2021153458145382 0.23258522502523213
