Raster_benchmarking/Raster/continuous/raster-470.asc
NCOLS 100
NROWS 100
XLLCORNER 1743156.1300145704
YLLCORNER 5469290.217201433
CELLSIZE 10
NODATA_VALUE -9999
[rows 0 to 18 of 100, columns 0 to 42 of 100]
0.6752887141389573 0.7046990249656929 0.7363156375594703 0.7425456700562005 0.7749949559361078 0.7450094991676052 0.7350856230304068 0.7570851815831193 0.6987621593801089 0.6981986401358551 0.7108060188610649 0.6573123852265041 0.6562216657654576 0.6591117749352473 0.6202325441059938 0.5941906531515952 0.6385128250037745 0.6551195893621277 0.6572428132317888 0.6504883763976866 0.6337396787647478 0.6658484719058628 0.6568287849823183 0.6645963342919906 0.6661711131579494 0.6970157735698825 0.6692632317534181 0.6989105146768565 0.7189167807442197 0.7132060266503574 0.6693378309256538 0.6485003279874533 0.6659947343489642 0.6535376046470189 0.6720909940894979 0.6730094238183273 0.6501587547744077 0.6793098376779827 0.6422985319306336 0.6233480211933352 0.6421555083451003 0.6303804830092177 0.6509513107198721
0.682218798627962 0.7254693457764988 0.7307459891513245 0.7640847532237947 0.759932637026576 0.8002346086479079 0.7753217431767843 0.7258209659241829 0.7306123201949727 0.681410176616473 0.6990297889634993 0.665657672977815 0.6589604930605071 0.670704954164532 0.6631818668309707 0.6596477318796655 0.696561272551838 0.7130517100390591 0.7190611214754618 0.6632551617362431 0.6673340569780988 0.6493991018745618 0.6321333496477148 0.6716032278257404 0.6617454893138578 0.6636903543900481 0.6904850183521906 0.6645976417453788 0.7114057861913256 0.7541417334030056 0.7007536233833861 0.6479536842808244 0.6810337091165095 0.6736966342920332 0.7060869414392885 0.6862746354791152 0.6711694365145848 0.6929663545381501 0.7139306789022797 0.6887138786033132 0.6989300805761457 0.6515785747693137 0.6966069459878154
0.6799574238880869 0.7310743327634619 0.7360295665966344 0.7276440290790893 0.7547195526905686 0.8134669878150996 0.8068310180526501 0.7618251914140509 0.7050252728489175 0.7034245119203099 0.7048698939800496 0.692411424470266 0.7350158671196434 0.713792396789585 0.698147300316568 0.7308579241402117 0.7091667983403614 0.7552714033366227 0.7435782033938177 0.7098998749915432 0.7332211418434741 0.6822784150830823 0.6692770075783051 0.6797225811215931 0.6852312864725626 0.6349884315322483 0.6589869619640595 0.6832092301208853 0.7567445986689836 0.7663032357740003 0.7525453427623744 0.7097046120039564 0.6912437692259207 0.6694501129172273 0.7047252848005542 0.7169395231468515 0.7061905755463016 0.7255141814842385 0.7109271649916817 0.7262370257220175 0.7053312431970407 0.699235009220707 0.7477642057637445
0.7093827290597291 0.674552937759656 0.7018737368615958 0.7136286277928963 0.7969291471568982 0.812999660002298 0.8267456761678392 0.7746657885541425 0.7362238378913231 0.7291829049272655 0.7332309555908756 0.7427988428192357 0.774943311673969 0.7409090767245899 0.7185057393869558 0.7358362769997774 0.7880967792033681 0.7955028753739671 0.7511789172050275 0.781001602942749 0.7753212468446404 0.781473071262059 0.7241198951111972 0.6911390984283633 0.664587311469207 0.6397626442375514 0.6795826307074962 0.7149357217266786 0.7654565798897371 0.7970495802693035 0.7729704741886854 0.7513154127435375 0.7632222717977654 0.7104380612122355 0.714665078459923 0.743605858782465 0.7039324035843186 0.7080577730955259 0.7371478794903311 0.722107638847096 0.6871392979940883 0.7145193936634935 0.7682600740613588
0.7330032170737604 0.7143347383351649 0.6907627673792168 0.7183352203003464 0.7933285194387553 0.7951769755928206 0.793604442810793 0.7875920081674729 0.7883908367425236 0.7447086364500894 0.7732688539878704 0.7707169631480855 0.7712557808423428 0.7681919047097738 0.7895416205491864 0.7861357917557029 0.8305430713807119 0.8132464241830226 0.8060924890856241 0.796285106026471 0.7803401564418306 0.7756188118744527 0.7585690958840262 0.7579738977750862 0.7231599742871423 0.6529028848381474 0.6764374245456601 0.7614793572624463 0.7921489975559065 0.7720543860954778 0.756891253873605 0.8018665861851954 0.7946097971144174 0.7741345069111468 0.7695375300679762 0.7215805890181334 0.729907653187172 0.7301273484683375 0.7377450043232506 0.7518126297373717 0.7168091711705992 0.7091072032305626 0.7664604906300571
0.751532688224158 0.6734699553354039 0.720990011041039 0.7785520181755738 0.7964063783056502 0.7965214215446043 0.7948994616301982 0.8215889201553147 0.801693405365087 0.7585337578857831 0.7871274414433379 0.7860175269948579 0.8269078218870148 0.8204434328375193 0.8312355170344768 0.8546773426713751 0.8799505695330945 0.8629472317913158 0.8516142219075296 0.8080663487294639 0.8098715436660895 0.85202206357085 0.8211124071435018 0.76425672933258 0.7377174679298047 0.676238671202265 0.7017025025036123 0.7787403137700364 0.7617797566475609 0.781554437725089 0.7666055207115181 0.7909026416675927 0.8149940139905534 0.8193880508313433 0.8118261180472394 0.7645983283094407 0.7559382429283901 0.7142416157605764 0.7276606769343592 0.7119447107407157 0.7067716087175779 0.7286310537416631 0.7484190263896338
0.7603558980007963 0.7249911332765911 0.7739022632446473 0.7757966325201374 0.7781201023772225 0.8225629186753596 0.8156748602071742 0.8030089141248762 0.8082226317531452 0.7958000673973462 0.7908282747275335 0.7990418982117728 0.830559568662851 0.8526684810222184 0.8864275166268849 0.9259782650666567 0.9104285659278585 0.8809117119295163 0.8503103551314621 0.8754916083976549 0.8363025037945522 0.8744244608593172 0.8191139157701203 0.7545788774606271 0.7693867145896808 0.7674766963685871 0.7320417458621601 0.7486264162559773 0.8015121803043025 0.8134652875487273 0.8144898080643721 0.8046049030207543 0.810555491982497 0.8126958116449611 0.8312575051999975 0.7989231871811736 0.790785869720032 0.7746036824526585 0.7089656659355064 0.7168650878438342 0.7348035326846812 0.7405970039847141 0.7750342415793987
0.7482655870140624 0.7695094219021152 0.7430388433397068 0.7564325201191399 0.8291986996742211 0.8470484448298525 0.8249056511609241 0.8285768693096882 0.8530881326200095 0.8268536427772893 0.8406607473033689 0.8957973658316746 0.8943117517157269 0.9113459388160394 0.9085683026299574 0.9382573195968819 0.9397828325739173 0.9520277107373931 0.9286511785925943 0.8882674618242394 0.8481675653063449 0.8726263130379375 0.8285873887117289 0.7750232252305969 0.792599503590366 0.7754570876340371 0.7799885873934078 0.7451797526505407 0.8032941621445566 0.8245016001276066 0.8070208387381406 0.8191058299780224 0.7931514359951545 0.8513138136058609 0.8269138502398051 0.788610059254242 0.8196020626895499 0.7760080544370894 0.7858956148897681 0.7501394955278416 0.7660096974752396 0.7424445048545222 0.7870351947575837
0.7670585062350241 0.8062979869089854 0.7931636545446472 0.7859719160819439 0.8425843354077738 0.8829733194996175 0.8630495180136224 0.8774913525219132 0.8698137735667297 0.8959897481481855 0.9236218292936343 0.8964438149468408 0.9381544839397215 0.9250902238438515 0.9173579784771263 0.9418706724608774 0.9468791519253036 0.9220873971355968 0.9126570047096817 0.8980603536564302 0.8392400037043947 0.8458874540077023 0.8172675277685001 0.8019343025888047 0.7700134245143986 0.7873259160195963 0.7510456436786084 0.7535478014391435 0.7593106155287687 0.8088756786057849 0.7981469430762045 0.7983820335522843 0.8040156032185194 0.8168530672473396 0.8115962813100145 0.8063433022101346 0.8110183796904852 0.7831250863733638 0.7882114390566343 0.7683418954720609 0.7710462074517624 0.7509702001944736 0.7856280034509305
0.7722707449755717 0.7770926604933448 0.7798777540740283 0.7826168696643163 0.8331808597672838 0.8697257427219828 0.8570808615677424 0.9062498798993268 0.9405949811304668 0.9591316251850507 0.9643031152285468 0.9423569647449589 0.9645106998734243 0.921655780687261 0.9081125078952352 0.8957801097589122 0.9381652103901913 0.9602464728811014 0.8871423265755417 0.8686342574315723 0.868632926047914 0.778081994008954 0.8009688027837487 0.8162412362793049 0.7938755298999491 0.7354671573029891 0.7567510702621222 0.7181055721785837 0.7724018591218361 0.8017815180256634 0.7779213192326283 0.7457715522142117 0.7692496798917724 0.7898620087781383 0.7609766825752571 0.7750733975601943 0.7857403416154332 0.8411505810792085 0.7967453027415606 0.7727548882309453 0.7465768076382754 0.7753812455856549 0.7717580422348786
0.7081161549259471 0.7321224885871273 0.7744109211565516 0.7887304814235004 0.8031057398994613 0.8458689067956905 0.8762978104396514 0.9022488759422098 0.9194052613503964 0.9397343141171448 0.9362624704668333 0.9427684978578376 0.9592939858740371 0.9695822305361699 0.9560773325949505 0.9437220613390573 0.9459082667358572 0.9359492738822395 0.8922986662700918 0.8722666079147922 0.8679119673489607 0.8178512614772743 0.815319839737905 0.7933345508719318 0.7994191193756663 0.7671595774058022 0.7862112880847123 0.7813469150134404 0.7823062675583949 0.7500524967380733 0.7429506361510609 0.7557256465567198 0.7532747851361073 0.7911388529707711 0.7833979845029792 0.7852963959380613 0.767263579803088 0.8186947265185983 0.8081660258596013 0.7733502039636307 0.7802128095105276 0.7935740740902052 0.772180207846554
0.7327300452615133 0.7171828023534295 0.7468249176264835 0.7837679018033451 0.8291340651938618 0.8932209803077003 0.8913458340237126 0.8852401430089761 0.9142131269618919 0.9393488021241113 0.937343036658766 0.937506428882821 0.9278824146607184 0.9631750866178459 0.9715299444739343 0.9231643052014129 0.9037159426326163 0.9174307608700583 0.8605969173081537 0.864205170721884 0.8924644634309569 0.8657146826367382 0.835802669812834 0.8195271259906303 0.8420489744160621 0.8261261273969057 0.802293746866848 0.749215493889872 0.7977075416931677 0.7727979433479774 0.7903589534959394 0.746855210796917 0.7462221974931899 0.7372926420392814 0.7483103728765088 0.7317240458577466 0.7280813054011206 0.7647070614006993 0.7672098756237824 0.7709340276198465 0.7957671562683649 0.802517066987958 0.8321792348148604
0.7579566137448266 0.7460457985551942 0.7654992801426124 0.8218126780606348 0.8735091601587806 0.9094192255398451 0.9238093010293049 0.8846422134488514 0.9239626510518624 0.9352732048215301 0.9338760253628301 0.9506568506529973 0.9051752009909129 0.9054558906451992 0.9410455036731071 0.9040817509112516 0.9098252268446408 0.8618754407400393 0.8532290559553607 0.884087601378985 0.8573348054938843 0.9009017590361978 0.8864478590311647 0.8399043018049239 0.834147140947211 0.8233605551484626 0.77887625403766 0.777169731038086 0.784030720335059 0.7442533822129732 0.7816230843941043 0.7526908253438892 0.7334501237229843 0.7101380296764586 0.7245353536956607 0.7338447914750063 0.7681751849721689 0.7480755617260848 0.7908228310998433 0.7506357886849006 0.7459183616349511 0.7681473705997054 0.8066708970206127
0.7641612316185029 0.7702018196927904 0.7685002646161393 0.8167579245426732 0.8978619115555002 0.9019910698626795 0.8959725273921567 0.8956942152479092 0.8922661245342166 0.8772831091791995 0.9290178033538067 0.9181727023883189 0.9255169184883156 0.8981669649604412 0.9181857148930832 0.9289358391390614 0.9231613827312994 0.8862735331536513 0.8969608386482532 0.8552789274000343 0.8891196070422497 0.8772556380662595 0.8953843262130493 0.86844058192898 0.8468439063197448 0.810550402443319 0.83158715865068 0.8050525893517795 0.7957645298667292 0.7346238348946437 0.7762562668344528 0.7845463271462387 0.7797142608781962 0.7382261154746027 0.7115854148633015 0.7411215545567161 0.7725283103761937 0.7531678286617421 0.7461446661712289 0.7606888492014701 0.7577340047041434 0.7293964127409421 0.7742213443771052
0.7913985564967105 0.8006365746617229 0.8092903067554246 0.824555532042546 0.8800681241400377 0.8966211567108208 0.8795991173483241 0.8584733929666013 0.8868349134293415 0.9012553817008953 0.9174277134260822 0.9283347735009441 0.8855453485950032 0.8647235213287221 0.9049714897080039 0.8766197822067867 0.8970552672978833 0.8945804802972187 0.8951768156441274 0.8852375127142569 0.8631757798957569 0.8255613514261505 0.8682549083938965 0.8576337713472387 0.8183277428058993 0.8562299705235297 0.8373895409431032 0.7785000242370408 0.7408004378864022 0.7665759668904966 0.7676015701972818 0.796891820982475 0.7636068415226307 0.7885036097977559 0.7344811710299382 0.7539751778767184 0.7238324614622936 0.7550791584613744 0.7729780604213685 0.751304296934863 0.7317757387441767 0.7253011683880486 0.7741423678019196
0.7575404710687589 0.7915611905855743 0.8243583682713139 0.829671258054512 0.8563685930975745 0.8763789334369537 0.8305987197589079 0.8369605210951042 0.8345985409144981 0.8851623088751027 0.8710952227260271 0.8738895967809781 0.8591271386848818 0.8279219425625622 0.8432450573357222 0.8531788126843188 0.8991301456292072 0.8919581820851531 0.8589930768144822 0.8368198146701835 0.807110904795036 0.7989997301572431 0.8567433283867609 0.8447962136858274 0.8388171747271566 0.8709803269617847 0.8429110563837037 0.7745626893430015 0.7356210288137117 0.7295296595462553 0.7904694327708193 0.7924164255140769 0.8217295220359159 0.8001858463262915 0.7404714204494014 0.7408603912394783 0.7260636842158946 0.7286637543474641 0.777812314846266 0.745244976882543 0.7401267423214151 0.7560662572316637 0.8273941298994327
0.7822809086673265 0.7704834484129168 0.8341466083827717 0.85626280747724 0.838182580197103 0.8642636837487105 0.8357478146225802 0.8114476190887694 0.8296214673312372 0.8603034415554196 0.8514238466349707 0.8584621398321187 0.8570373267063236 0.807278236986011 0.8201550006376052 0.8734296895230002 0.9041215786416693 0.9308407943085124 0.8712317556462722 0.8591313254184612 0.8042157884490416 0.8412511067561372 0.8366734722729204 0.815559713922085 0.8437484781911987 0.8706126259148691 0.8529956804762284 0.7801522424723027 0.7561000318298906 0.7396396028708273 0.792806537992357 0.829288253187013 0.8098720181681502 0.7891468968484839 0.7787413002702919 0.7191694280171164 0.737775426742145 0.7229391452628362 0.7854621103428013 0.8050498728739802 0.823690127350503 0.809385077625429 0.8426068584999995
0.781611576601546 0.791704463602906 0.7926915030535311 0.8058303967832723 0.8171443706130029 0.8638460064975779 0.8414079047722475 0.8532586237413817 0.8235797132984164 0.8502498960144877 0.8260453689537806 0.8522437742252011 0.8542571166104732 0.8205425508934387 0.8026499642573792 0.8424098859365234 0.861321830266389 0.9553107568761444 0.8557766615127655 0.849289318567157 0.8483714094203381 0.8172904029258323 0.8259036549268659 0.8492768158014802 0.8432824345136307 0.8495081458157265 0.8173053738974512 0.8244791611374451 0.8065512813079578 0.7517843419580178 0.7901841006784741 0.805798011314128 0.8182329623921908 0.7843477950843223 0.7715925976546822 0.7067615849829956 0.7132593073048824 0.7602480874000723 0.8258506008889315 0.8423896214972133 0.8151138901082994 0.8677750948537607 0.8575907797084206
0.772161035635828 0.7969984979786449 0.794873409601924 0.8285463888759056 0.8430906620671759 0.8486757434440803 0.8381201835544246 0.8193677135169285 0.8109813349275068 0.8079246681412551 0.8544101834268427 0.8585048468779262 0.8134224786501841 0.8013688299188885 0.8201199771223804 0.805179658521169 0.8613921204109325 0.8566714206997911 0.8602977068505545 0.8416774611128487 0.8489039565554092 0.8269237071768412 0.7997221841656821 0.8332976354349338 0.8562448329505151 0.8589114770074909 0.8112105224343126 0.8215903277719738 0.779811290659946 0.7829582911954506 0.7956302246527421 0.8146401428856125 0.7851789711795183 0.7738077617799181 0.7409802379707854 0.7305529376173976 0.7597974146811212 0.819465811164368 0.8319839734124407 0.8683776269053451 0.8420382046827595 0.8516819196284787 0.8384657701177034
