Raster_benchmarking/Raster/continuous/raster-212.asc
NCOLS 100
NROWS 100
XLLCORNER 1743167.739676887
YLLCORNER 5469279.195899842
CELLSIZE 10
NODATA_VALUE -9999
[rows 57 to 75 of 100, columns 0 to 42 of 100]
0.2671464323366467 0.2724277019981304 0.22572441145967817 0.23834481155211895 0.19291007893158765 0.21986795083244312 0.2458660365685739 0.23556943741810005 0.18737782665441285 0.19443802428415372 0.20494749218965452 0.2237462477355106 0.22896482523695835 0.24627831603117833 0.2293314221034034 0.24506945900294316 0.23775679242411923 0.28101077933118224 0.2784483007925406 0.25113620530085673 0.2787394064960974 0.23785519109515618 0.2524342483882687 0.24263147764230567 0.22859743773410393 0.24603470452535142 0.22224981684886028 0.22549395662022184 0.21626464236416873 0.2291280848284726 0.19887595507357977 0.18863889131653838 0.17671325453310566 0.17210427537237608 0.17742393245175808 0.18528290572050937 0.20612974965762934 0.224151885392481 0.1935479880070718 0.22356166344721456 0.22825095257582914 0.23178505352348586 0.24535363625928075
0.29282303504141916 0.27964118722746095 0.2877110572816855 0.2672009814816586 0.2723901696300849 0.26233862487634463 0.2642117598249955 0.2239156108619331 0.20457032087244303 0.20713696097113396 0.20126047077779774 0.22266245708877122 0.24636623933602864 0.2535944929921057 0.2632778659083013 0.24340455791517604 0.25798885991260645 0.2794229532193398 0.29140531720871776 0.2819493191673529 0.27540978888299855 0.28160296328896384 0.2792062335875777 0.2611394934588217 0.22383713449964895 0.24597232138415628 0.21874772974444423 0.23192648470643037 0.23062813618914493 0.2087191520971274 0.17797975559049434 0.2051888386691703 0.21092606249590384 0.21684776718675303 0.1851400689006421 0.19113709098998127 0.22125118868617885 0.22671646203583443 0.23254437373975767 0.2079002334899668 0.2041636837404186 0.23709611853566082 0.26207225692941133
0.2654290417136299 0.28248267301757035 0.29348367398014374 0.278555540825105 0.28079511866030576 0.26096394180024096 0.24499845747343435 0.2593490816208853 0.2573625385362331 0.26310023525728554 0.25284942338861205 0.256630945049305 0.2445354535302349 0.27760588733702746 0.25661032323024335 0.28741657543655014 0.31835851376937985 0.32228380340066043 0.27447482877467205 0.2616604836040782 0.29193130858128724 0.27399983233590525 0.26984952055480627 0.2569247518060467 0.21715203429075783 0.219887757865781 0.23633910450104248 0.22421086573455518 0.2092697984278461 0.20092578867796335 0.19015451925139013 0.21543289729037324 0.22396434908449128 0.21042713557031167 0.20840509659147427 0.19862618721482483 0.1899332892711097 0.2307405348065598 0.23175798229082645 0.20375942907235303 0.2107058626869476 0.23997542036465944 0.30076378014425403
0.2852489194282904 0.28076505085851017 0.2945525003955015 0.26405794217894346 0.26226565379350475 0.2793048950948963 0.24644913526795334 0.24825552292112832 0.25746658495812114 0.2741815506677248 0.2724164484315014 0.26062922866027755 0.2658176726506863 0.30149020250456604 0.2872054587208941 0.33762240812239047 0.3600339376236859 0.34426400484725145 0.32149270692910364 0.2796031933951377 0.27817987308195424 0.25635932944450773 0.2531111229359576 0.24360308704948155 0.21805436050117524 0.21264153416652365 0.2074400736224316 0.22424814465306192 0.2332440450337975 0.2145314107894751 0.20364441679405434 0.21871190743997432 0.2326686140180209 0.22543386888760164 0.19438064673947228 0.21740119262689642 0.20050307043256238 0.21394771980050636 0.2123556876311181 0.2184300071144771 0.25945646432186553 0.2733295669917775 0.2837007310520568
0.24162181424496915 0.27624865269241017 0.2746135928218804 0.26132647327937775 0.2762071345047661 0.25629718380844163 0.2520821895411786 0.2513127782789727 0.25371739470914206 0.2863161298705344 0.27955036504324837 0.31890718686616626 0.33351681713210746 0.35265924832022644 0.34015615953909323 0.37616920098125584 0.37955698686970774 0.3537643655696096 0.3275170263742151 0.2989124044983432 0.3052496272437198 0.28926473727726426 0.24019274944350538 0.239428355290518 0.26786481177939414 0.2617732781574546 0.21551611807580534 0.24952093780222231 0.2688303307898089 0.2505975687236558 0.22627729102888328 0.23264178469232955 0.25460160818169986 0.21838520919070883 0.20296097114062517 0.21940185482043312 0.21315952842170016 0.24028550557192146 0.23059352659539537 0.27301611776749135 0.2593986421699497 0.3056515110881367 0.31384506022751174
0.2730511766352714 0.24966935827543235 0.2665904663507631 0.28779180469825477 0.26785618066120903 0.257513572349706 0.2361783915712955 0.23942860541118743 0.2754562690960021 0.30446426664208676 0.30358681904420287 0.3235689344459006 0.34524534336992563 0.36097531366834257 0.3798892604969034 0.3597073564213552 0.3980015440549334 0.3846178396887378 0.35688028259892274 0.32598481987274974 0.31514569851473834 0.30748163696142206 0.2712734082948364 0.25155186725785594 0.24234502650644976 0.2727781696895211 0.27712496377685275 0.2827721816767521 0.28123171148701004 0.26899035466467275 0.2663356500059945 0.261179894749346 0.24748760528649655 0.26434870247054176 0.2656341085674516 0.24610602871880516 0.22425878736337562 0.2509298825745 0.25833751433480956 0.2990932884670164 0.3088920323210872 0.31265963000231084 0.3309474984389168
0.28941015567909323 0.2610681488362107 0.2717944058412654 0.28697921042290275 0.2864127389615314 0.28703068893972816 0.28329414313558127 0.2712474375861619 0.24951343508617724 0.30637714035202007 0.34555129248583066 0.35163116702446817 0.3556224252587302 0.39003781146503513 0.41092535248434686 0.38048442427271373 0.39295498832100517 0.3657129915958864 0.37840672316261 0.3630558001728865 0.33710500159345064 0.32113487541800695 0.2745474559376883 0.252547690725923 0.25037402233002837 0.2810039186562819 0.27986489721337854 0.2862053578593046 0.31003941507930655 0.30716532391679235 0.2811757971254267 0.2977068885229696 0.2793561205072591 0.2617194136871715 0.2700311201316862 0.24305279700750998 0.22824591676344902 0.2783513855349288 0.30367303439936555 0.32222449672175 0.31040348060934486 0.34860046084989454 0.3677323305564049
0.30056480625926796 0.29670043659631606 0.28163044293593864 0.2998385758086126 0.3168656593750831 0.30445042138935846 0.2930167336529761 0.280557575297237 0.267268355919156 0.3100334662237348 0.31954886717017594 0.34692369046957816 0.3610839329749121 0.3608962308864374 0.39067785195093113 0.3894299267197457 0.3907687840131733 0.38557201520913775 0.36969522161785606 0.3618139768605431 0.35466722296950715 0.3511415968513913 0.31471080745519386 0.30617580870923106 0.3024016698581628 0.2931189239084407 0.27145121433618485 0.2888010929499549 0.31630300655080196 0.28893752481659496 0.29421256889256686 0.2881848842506572 0.2647608153557921 0.2790606096334552 0.2809433323200275 0.2810624900058935 0.2983808659908707 0.2744386611583493 0.30557426507794894 0.33251405689872693 0.3469171702286075 0.3706373099373376 0.379216028884088
0.2903837959982874 0.3179761338838597 0.3111975314868899 0.2997180963342378 0.28795402344183185 0.2885573933356165 0.28312984232581684 0.27040378484630545 0.2753432228210003 0.32643944676878106 0.3615867412044638 0.3594093844373795 0.34721586583749603 0.36041221529513023 0.41185085901066965 0.3876511363414443 0.3748052507162167 0.40140136065280646 0.4103372248379133 0.39612388250749214 0.39330279096041887 0.3802944547014287 0.3363756113324477 0.31242793438592353 0.3082530734182644 0.27436318760023914 0.261653251162825 0.26994403262507766 0.2976854144388823 0.2853913184766256 0.2928694237868247 0.27723251495700135 0.25648960400153176 0.2528253509545405 0.28179369929560816 0.3086714499825914 0.3249454363518164 0.32297196616298435 0.32751254762116505 0.35248685750572656 0.3353324937313006 0.38471514092383186 0.3822035358196979
0.3152719428853296 0.30323787107307687 0.3020284284455771 0.31749849076649683 0.311487908210566 0.314736126689054 0.3142579895611815 0.30965220678595007 0.31488812408327066 0.3363346054084114 0.3548871207444822 0.3466968527776434 0.36276514715386016 0.3875650709543074 0.42678680192451224 0.4116057020828741 0.4064779241601427 0.3916090107954438 0.38480146876758775 0.3727002360320732 0.35840345859355544 0.36193578787451325 0.34968821308525677 0.3035242336673046 0.3068231946911163 0.2937214465639051 0.2751731287354379 0.29477222581079343 0.31508955194727695 0.30675998459100945 0.3034608604242898 0.3041683534850639 0.25568116874932 0.2671987849896927 0.30437988621636414 0.3143069821453792 0.3448431911189775 0.33062918612132974 0.3261856671843846 0.3392755647448245 0.35157571276732963 0.37216916301041625 0.39972808007872485
0.29813055698944485 0.3246002570182518 0.3149552668883299 0.35482625775218896 0.3625682122448291 0.35282598697680395 0.3057770272339266 0.33843194858522235 0.3184713298406418 0.32851682038599617 0.3276655207979402 0.358428931843824 0.3677442132634788 0.39771384433220236 0.4408961280546354 0.4279071520735082 0.4358019254426388 0.4010959157567281 0.3839018082357542 0.3590969163934706 0.3525849639009105 0.34086961657434767 0.3436584342099857 0.3188620496596408 0.30397135762289246 0.31662941926783034 0.30766481684020375 0.3110639993856855 0.27358181513314506 0.3215982581672527 0.32951589438989687 0.32299740947477024 0.2817918193879666 0.2786141887474546 0.28328160480955356 0.29459116867252905 0.335419125074208 0.32677359685643353 0.3109422193070915 0.33658828015957415 0.37718705411654135 0.375273177549165 0.3740929501047855
0.3460619222483248 0.32704944720836265 0.32266861440250244 0.3335531217751784 0.3347047604880765 0.36409398365901974 0.32871850897918525 0.32805967338753533 0.35585844929712984 0.34138178878678443 0.3524552934493582 0.3660438537738906 0.3886828440969534 0.4101031000685991 0.44721024460764847 0.4195479979487312 0.4331337167166449 0.42303832555427234 0.41151010168733 0.37581122588859817 0.3317190819421847 0.33433522524411113 0.3658693026852742 0.33052518393108893 0.3225282676955405 0.3306585692651546 0.30304600509365676 0.30111513469583145 0.314884126324298 0.3183661635258489 0.33699499172050723 0.3021284113782079 0.2863377513727772 0.28401815434072325 0.2824166441456939 0.304572564613229 0.29808413212642343 0.31495357226825166 0.30158679527834603 0.3350378181542621 0.38117375687867794 0.387782573208412 0.3966468627223028
0.3522896322670123 0.3471669691646877 0.3632665316938977 0.34616598376874325 0.36164974834425323 0.3722151608973918 0.35870388432504635 0.3555117672822381 0.3757882955538827 0.368300826342925 0.32191717788828583 0.3471348249371273 0.4091099193705103 0.41573492769985293 0.4396974932964171 0.42898315852431607 0.41248666174793824 0.4335578508207986 0.3982267658764561 0.38051802967350234 0.34123514699795615 0.3377186368284644 0.36336294515954587 0.3420954630532779 0.32726180186576936 0.35524704702758664 0.33940133877173323 0.3350016612607573 0.3055040278662514 0.34698292739298764 0.3356556620673799 0.32512611272334524 0.3409246824657105 0.2998807925555833 0.3193324650839747 0.32255088689394196 0.31653963895782705 0.3160967765680823 0.33238027390621294 0.342231007766152 0.37914425013091546 0.37504068822179776 0.40633645727875756
0.3471474473398861 0.37127129327112973 0.3760388217723178 0.40340991521555947 0.3759291092908096 0.3542980751845559 0.34526921975302405 0.36001622728145244 0.35826004546803003 0.3426471193801195 0.3513486528767833 0.3723104023410585 0.40665504010507636 0.3946220926074924 0.38624968122513886 0.4132462857878164 0.4267171858555285 0.4115786524677538 0.38033225144350025 0.3642059255530621 0.3689056314495691 0.3921983484794057 0.3820813973121833 0.3513271365397656 0.32185566866538534 0.3508251313595895 0.32775000043536506 0.35547809482787257 0.34548113760664273 0.3546748317032932 0.3572889650090748 0.34603957928550344 0.37069095668803453 0.3458587203519842 0.3671373071676014 0.3759037791087434 0.3760601191057949 0.3864550455648108 0.37800984981135344 0.36571087039460787 0.36205446988179735 0.39217690934905947 0.40699411727310136
0.3485658289410985 0.3682904253243211 0.39756312757927065 0.4141906316205196 0.412365681671588 0.3780579253729598 0.3746120079123284 0.38413174233468605 0.37688868375605283 0.3457469572084214 0.3467271274046621 0.36700759012696554 0.374546660163048 0.412994259094277 0.388783174274506 0.43132657708567196 0.435471424939871 0.3971949612822002 0.38074623280377395 0.3931916378501861 0.39918442119605385 0.41743991065394737 0.39841990737219596 0.3544369340515661 0.35023198113701726 0.35567577973878894 0.31597647466653433 0.37208216208766615 0.37032123895521074 0.3544194712577083 0.3452972315268367 0.3803387457392075 0.39299423146857 0.401731644097303 0.3855189681290156 0.3824336879925374 0.40624204853666335 0.41735407105193023 0.40080509585709834 0.35922841452414833 0.35569821934199647 0.3945469829681984 0.3981365170497984
0.38051389047672557 0.40593202453325444 0.39744189626184445 0.4150870353287481 0.4052940426994209 0.38575883700353275 0.40035890918623257 0.4125094077848992 0.3865967909788306 0.3659298350313284 0.35291501455109936 0.37179193331532057 0.39687648246179286 0.4027100648443243 0.37390768765870974 0.4068220942214044 0.40901350202406417 0.4305400226629585 0.4159282248264012 0.37990221993691187 0.38163348066032354 0.41008227839162226 0.36243627418351976 0.3595388919969299 0.35726862419155364 0.34948328154713726 0.36171672472288835 0.3847993629530146 0.3931414589566966 0.3739533154806429 0.37413296222454434 0.388307445978711 0.37605067459239344 0.3918111304604213 0.3976483622962859 0.41884886151025774 0.4116631654164469 0.42525410874783975 0.42907139460319405 0.3821890825499935 0.3663874342714554 0.35640174672071406 0.3902159535724982
0.40944429485786493 0.41605562996276635 0.4202931221931236 0.3824850454502607 0.37993897906714086 0.41027366449338726 0.43002661169897305 0.43687405125246276 0.4097840281238964 0.4096534335855876 0.4097043790690028 0.3864456772591508 0.4140215239184136 0.3721515311123871 0.37403169600172215 0.40286103270708645 0.4395025150335804 0.4390711866441735 0.41655416259247835 0.39682459947791415 0.4056503512388648 0.4196046568824619 0.37421720477853715 0.37827795598979846 0.3482215390911721 0.3606499620527486 0.3564110507569829 0.3912024800493843 0.41317881990034294 0.40989644655173874 0.36929620727960455 0.401927783808883 0.3789855991145339 0.43438879658542984 0.44932958031717957 0.43585521842694397 0.4501240912911561 0.4479812861073428 0.4199299606630021 0.36880672129736697 0.3609842636965034 0.370156257082902 0.3858884630033579
0.426009222927315 0.4110177881525935 0.39107849210034445 0.40232308566675595 0.39570755661044554 0.39908815628360517 0.42051946147617697 0.41995440230859343 0.41464047260590503 0.4273493098428273 0.4389573862269572 0.4063666736342813 0.40831272738745367 0.3885451327883377 0.37810134667150186 0.4160798502498769 0.3986909283135368 0.4043019411776748 0.3718045292650037 0.3892210601219588 0.3711349718116251 0.40305860049355346 0.4135340576777269 0.3877455838479858 0.34169318668611626 0.35493858479702484 0.3951809294417121 0.40553544686131104 0.41267560736448716 0.42799054103806966 0.41276228086827715 0.4262187413840084 0.4449465531976912 0.4273075313208399 0.44404815824174343 0.43073415973221646 0.41375631500711363 0.41290483808519685 0.39639590543620273 0.3836660129389216 0.3807169035433423 0.3959733305288022 0.446155448576622
0.4310995117508774 0.429222931692038 0.4022990275977283 0.40382992057559325 0.36379804121286174 0.38673309300999886 0.4462596147339577 0.41161154702096503 0.44821812546427414 0.4353567861054473 0.42604530468990987 0.4097642455520794 0.41239359003658244 0.3915388112730435 0.42336208182011154 0.4147816673111822 0.37717434515279735 0.398755976925155 0.36664703356910944 0.35419993468452543 0.35953124629602096 0.37541372987494487 0.40160024180702547 0.40122777661135267 0.33975416210715914 0.37487720037609856 0.41512325868492467 0.43067622337274697 0.40646377319830124 0.4415292375057523 0.4353621212541087 0.45411494365350163 0.45994896209131114 0.4256985194376396 0.4117391311703139 0.43075815911111803 0.4125044469557056 0.4377428279003322 0.41709961356990266 0.41735063926787735 0.4234669569169463 0.42254954097574293 0.47231348080697755
