Raster_benchmarking/Raster/continuous/raster-282.asc
NCOLS 100
NROWS 100
XLLCORNER 1743163.227056999
YLLCORNER 5469294.001561833
CELLSIZE 10
NODATA_VALUE -9999
[rows 0 to 18 of 100, columns 43 to 85 of 100]
0.36295735976126414 0.3753283727817135 0.3755105003049916 0.36725204608844286 0.4210928342378337 0.4566396189367426 0.4583873721546331 0.4399638540436682 0.46634872937283045 0.4648937219961657 0.5113419410603018 0.5183710276134887 0.5150396466858935 0.53846749382289 0.5491309626826496 0.6000219921543252 0.6100381265876637 0.6086181346948919 0.627587298122529 0.6342296690638289 0.633216363211268 0.6779080668142566 0.6908952924320924 0.6992721647757552 0.7609585922063831 0.7686427174651039 0.8159297830960583 0.8040162683231256 0.8605941614300566 0.867849970540007 0.8783505886501213 0.8994559564040028 0.9096642699232541 0.8714068549321596 0.869262878862681 0.8770254783424993 0.9041653838081111 0.8503899242356371 0.8203895439523793 0.7881634103573676 0.7415302652997222 0.7421748167816054 0.7631887965249206
0.341225779085516 0.3875225185219406 0.3896140736441047 0.39973137132917114 0.47308587686828457 0.4640951080742364 0.48328545236475606 0.4989690257459011 0.48666696099364476 0.5112271805274682 0.5177132043139758 0.5285688599592886 0.543277321952791 0.5658787061032545 0.6155282436824283 0.6319911758911619 0.6556484914044723 0.6435273805605677 0.6470779616018143 0.6327416238061588 0.6744534645681107 0.6951715484112412 0.6957985235726888 0.7242761417912138 0.7267260542253082 0.7669548197830819 0.8208437523265482 0.7889564748863334 0.833427929712454 0.824327700556751 0.8455226705801706 0.8739599288496003 0.8875856786612326 0.8725230514288953 0.9042190009700958 0.884849401511214 0.9140031116485348 0.8315021860104332 0.8252530550955276 0.7529460419861379 0.7199565499010495 0.740985934820498 0.7042304846070678
0.33272224507496295 0.36713629185118196 0.389874260990212 0.4463851395205863 0.46190624436203603 0.48579691572397626 0.47774232412697576 0.4910683518719178 0.48241399394481976 0.4763951384798502 0.5110721005003124 0.5339929204582009 0.5425026606145659 0.5815137856655441 0.6350710453096852 0.6278027255611192 0.6792633627103639 0.6612612858893796 0.648090569822418 0.6763409779923539 0.7056741025697503 0.6974647482936479 0.6612322810446105 0.7066825007441357 0.6870618571330704 0.7131751842769838 0.7846696244875596 0.7868512568402466 0.839556727483624 0.8312179339690943 0.8324570899575892 0.8562422110805169 0.861856000361672 0.8825788638879086 0.9221811791802142 0.8964633565868222 0.9061643726493949 0.840877556270843 0.8134240411250632 0.7780963764320005 0.7553308456091022 0.7211623361806648 0.7124644242682161
0.39085230611761435 0.40913596169368377 0.42745790358163516 0.4342738881870204 0.4859008135112436 0.5054389627512875 0.5085254815705386 0.5011338191982406 0.45914650466510465 0.48068143533297697 0.48924851509667 0.5629036014204629 0.6137477363132166 0.5867385535827339 0.6185848383541559 0.6360242099671084 0.6831337388898616 0.644451389365473 0.6155130630922062 0.6380672206273256 0.6777047009070568 0.6480589763416625 0.6422096095013685 0.6555463955873396 0.6694817216982897 0.7223130632373103 0.7413683411437333 0.8042038767249491 0.8349557602502629 0.8197845666183201 0.8626354543490914 0.8492305727878728 0.8822637305970273 0.8993094787115394 0.9385354224199148 0.9102774135726309 0.8991304212778128 0.8336092434110262 0.8042674012212022 0.7997264079577727 0.7267838175550977 0.7235428188886794 0.6916130025360202
0.4138238155077886 0.41202744030446653 0.44043523198703 0.4546646001224677 0.4576251933808438 0.5016377850201962 0.4853600978912583 0.5254551910240466 0.4974857143643054 0.4836609175003684 0.5193374831573424 0.5750033209689941 0.6045807272853796 0.6086578156586682 0.6170037433688307 0.6523541775953554 0.633334242741022 0.6491332501390689 0.6372995015189603 0.6301134552438253 0.6486262795249645 0.6642634724575277 0.6576266596588689 0.6463787867885742 0.6528668376100175 0.7238888983544991 0.7105597677560248 0.755309607718859 0.8258005140864667 0.8432022215185759 0.885357153829602 0.8856386258142969 0.8899632440595604 0.9146798750381189 0.9152634538960394 0.9131620458260121 0.8907557015981684 0.8643704953758193 0.7988312298089018 0.7856458530965614 0.773660919016569 0.7354997313667967 0.7309274408759899
0.41139548437013845 0.43716794657386543 0.48629036085153854 0.4757680801497388 0.45956696384918366 0.497729186149202 0.4955057179311677 0.536829452015116 0.5344231256430974 0.510442211453334 0.5339169728880413 0.5813811349882381 0.6471056690864215 0.6460105672637725 0.6463567566364449 0.6610615022168388 0.649520352466318 0.6404130721384892 0.6160187798071554 0.6552130602622115 0.6779813685413271 0.6460544940465952 0.6392407856209933 0.6660797708980928 0.6765089360449378 0.7258826712542961 0.7127207549636183 0.787214892423202 0.8245755158072615 0.826845432629917 0.8989838524818287 0.9057514447284101 0.9138993104941628 0.9244583500201159 0.9079929235152708 0.9394618779344727 0.92860834650577 0.8825010116723412 0.8336580328319377 0.8296446816420929 0.8174405422958081 0.7828318625500992 0.7257740800676147
0.4211635114225415 0.48561592508337137 0.498100548007228 0.4929682536319749 0.4682217931158807 0.5027497962837184 0.4845665497822668 0.5263132001041446 0.5408752469482607 0.5421374774184586 0.5424932006659527 0.5996497930335244 0.6109927370871904 0.648086741128926 0.6473038348127013 0.6394179553548813 0.613112435132202 0.6445401135766025 0.6150280927582761 0.6100182589449493 0.6530735045863926 0.6404041842880521 0.6361759518090878 0.6877246907953444 0.6831098546234412 0.7282306266401467 0.7248441018839566 0.7867643432908443 0.8102721805296647 0.8388501214263963 0.8959576042758587 0.9330488201446301 0.9100229553700259 0.9279351137040137 0.9161899341120326 0.9189827597925704 0.9119843138123966 0.8748197924845759 0.8227616862898365 0.8131818328274304 0.8049281069233905 0.8108409934948176 0.7575353057614986
0.470090747563343 0.503661996201771 0.5307129181990853 0.5121679656750533 0.4493060018223811 0.5091151730757254 0.5163120243026637 0.5180966410445318 0.5496434106458793 0.5343769891300163 0.5766160699095627 0.608641200970977 0.6550799864864792 0.6375310831880959 0.6309652370117035 0.6423448692994567 0.6139905736547242 0.621177259466869 0.6097094176639078 0.6123608577154143 0.6149168654939541 0.6620154502430897 0.6585690817963543 0.6949574435763303 0.6830870933516755 0.7260744777954715 0.7515450375907599 0.7918692444387838 0.7737494116571654 0.8259154196617546 0.88206373579815 0.9024480065242779 0.935655515025736 0.9549667755349718 0.9519608973907423 0.9371302293718641 0.9184808568484684 0.9111626670450361 0.873298493433738 0.8334721051980399 0.8258128823279426 0.8589266494602665 0.8346648732025239
0.4935685853989042 0.5109316808832388 0.5173216417067301 0.5224127680038356 0.5016044289453987 0.4945394014396029 0.5093279129548308 0.5591828121746021 0.5340271736453402 0.5704547787972316 0.5798196320976124 0.6057679962817978 0.6556755754968913 0.6300701348910255 0.6273835676730779 0.6573216859634001 0.6517616223249113 0.6451694163651635 0.6321871368201741 0.6123809417331761 0.6550117083770458 0.6831232844719081 0.7329355134206199 0.7295487712818448 0.752856954404815 0.740656247845935 0.7433048715523884 0.7719983320386654 0.7899361836418642 0.8530840223298782 0.8627674055481307 0.8780364716643303 0.918094003298531 0.9449247050473242 0.9129300112922757 0.9051638325634126 0.8823672660279536 0.879849177469582 0.8774395937392989 0.8531818343959582 0.8743135370958277 0.8616362205586046 0.871521739669611
0.49387533532965183 0.5357809439385067 0.5407602888804207 0.5471860820034209 0.5551224064989853 0.566786988859146 0.5407369001924165 0.5323193813055864 0.5395903472568324 0.5559984275910639 0.5909865652324278 0.6188968351740785 0.6633715259288265 0.6439000164752613 0.6584198512885643 0.6444459419416103 0.6226191822802537 0.639788767382204 0.6671347166459658 0.6380125645617083 0.6634029890273256 0.7035034728784766 0.7564578619708159 0.7751833176668917 0.8029559006638821 0.7864040716231149 0.7767714690820312 0.7780793194755619 0.799245914208069 0.8710076465211747 0.8689300676358229 0.881361594135907 0.9029626960855633 0.9343978464327031 0.9382174189222049 0.917722909067599 0.9154997356323374 0.8828242323735878 0.8869970299220483 0.8624812513347574 0.8862134451453424 0.8468678140080816 0.8308495692457303
0.504323141685355 0.5587546976576406 0.5785611224414665 0.5757443920373734 0.594744303145881 0.5970785455734536 0.5873914898958745 0.5727667592841708 0.6155718488592936 0.6168228337643489 0.6279681408177065 0.6405515220987094 0.6429552541788549 0.6698773931690077 0.6658119461823331 0.6671376523176246 0.6691058601286174 0.6548505590037159 0.6661351990725247 0.6913719377300388 0.7326658206815035 0.7413043697974553 0.8074075868740118 0.8106268297173683 0.8089371141652328 0.8354124415300679 0.7917332395713809 0.8208069956954858 0.8224891467010711 0.8670464978063008 0.8647807717247894 0.8999991529745294 0.9147487611403944 0.9663274766402005 0.9442388773746477 0.9520461962517759 0.9099930264461984 0.9126875446506503 0.8953066280734554 0.8537059499220593 0.8496667454858341 0.8302179513849505 0.8126515654143476
0.5459601589623495 0.567921286011413 0.5718249955685843 0.587871497922382 0.5916383947576112 0.6112583367336035 0.5981036137528886 0.6251340011739477 0.6464216122356872 0.6381654923868456 0.6100084150305144 0.6002823771518426 0.6064848935406931 0.6262828134153374 0.6537599620038077 0.6564294111426584 0.6287706391925231 0.6933780606138671 0.7268504771366298 0.7447289102620583 0.7544811795635185 0.7523544992417532 0.8396325175201019 0.8259314910235593 0.8527315229988125 0.8500499060882905 0.8158664163953904 0.8655624252464529 0.9058000257775756 0.9008447366605637 0.8956906638672362 0.9140081091271657 0.9551618922396015 0.9516483992758329 0.9746978205733173 0.9519147994526743 0.9220264373060459 0.8979803997908629 0.840790755294949 0.8582243366572029 0.831697934913193 0.8251755426502726 0.8189334887100214
0.5739910093765193 0.5497870867708756 0.5688730747953478 0.6096161865524322 0.627446052846928 0.6107306222133078 0.6185823595862457 0.6174743773848114 0.6418390101893294 0.6499678021947604 0.6700414835501547 0.6380532703701941 0.6277584594647341 0.6349101855203723 0.6730956520784238 0.6653568341409544 0.6743610267632157 0.7045553280248623 0.7120971925014197 0.7172263392030385 0.7588733054472594 0.761406901041272 0.8275232846353447 0.8158142354062432 0.8473744227111407 0.8621202417969923 0.8523743449990211 0.8986572236298291 0.9060481415200095 0.9040464619391683 0.9033468184104462 0.9340613036200214 0.9299997206446822 0.9464187237192917 0.9357618000613027 0.9604051069882172 0.9236739821357156 0.9128532012802952 0.8649183683321574 0.8496929299601215 0.8436891244220946 0.8318639484967302 0.8309134495767622
0.5894215909766559 0.6165938526551091 0.5977491795050371 0.6229703135613063 0.6482819286304538 0.6295649165913192 0.6039893056309559 0.5964419136218194 0.6346594492741922 0.6659852462692938 0.6919336996569058 0.6832793498187344 0.6867998411254619 0.6499319303321768 0.6469649435593565 0.6741076715236709 0.6525731365612374 0.70418338590978 0.7039747006564234 0.7015772069079097 0.7179600681877922 0.7675320655866754 0.8316276007555471 0.8248127883249553 0.8400584782157448 0.8909794383417527 0.9012998214182681 0.9322452761791331 0.9451888850404552 0.9063525191035626 0.9241238359971815 0.9165335060045469 0.9234663243967277 0.9034896973902018 0.9387432651183548 0.9191541739301735 0.9329234620129504 0.913567183751254 0.8507042057906944 0.8300878713885484 0.8536224382701807 0.8124577031800082 0.8007853554217774
0.6214335259172169 0.6422753782362011 0.6010225901012277 0.6365580466890153 0.6303263870194764 0.6299990310906982 0.6169601767912288 0.6179598238321006 0.6424874312776732 0.6656333238706891 0.6562889696646285 0.6899507649582263 0.6730518148052405 0.6565921456316474 0.6957094833460026 0.7139741590865849 0.7198919376772648 0.7259563464512643 0.6991549854879073 0.742498349791838 0.7378314395288363 0.7518608488224304 0.7926218165572391 0.8401135064614969 0.8665963059310712 0.87665769043315 0.8991195204523154 0.9256414322187836 0.9217711101962872 0.9109304712796881 0.9186389517889046 0.9113966735821638 0.9012178799004784 0.8890497448036729 0.891290818869376 0.9032039913370401 0.8852484389448927 0.867453881594609 0.8176632313761403 0.8261879461344268 0.8022724429362449 0.8213208733533695 0.8437301930225991
0.6646924130233229 0.6166369506103754 0.6239068804505246 0.6467110887899907 0.655220808784143 0.633626550023646 0.6170766039259284 0.658727044314926 0.6770385838033255 0.6764769972016517 0.6435125422220573 0.6641616767653802 0.6637610398274246 0.6564121628422258 0.6792302522506465 0.7117175580924392 0.8021151578928728 0.7472622895843678 0.7252921229413655 0.7454447606487481 0.7334928379750051 0.750556687507583 0.7916310859053872 0.8370803864901184 0.854362911549308 0.8794532257866249 0.8746117838610872 0.9219632248735559 0.9300840342830818 0.869111760389977 0.8641167340847884 0.8721376717704319 0.8734108407158357 0.8887055553966665 0.8566021573281237 0.867237198757512 0.8425846820784643 0.8485541622470495 0.8129016960150985 0.8072354775352295 0.7866822836873952 0.7838321855527335 0.795215141971722
0.6296658684532257 0.6126438468482927 0.6334058517303547 0.6611341851050192 0.6445182093648509 0.6668086325944576 0.6414636994987629 0.6742309796009478 0.6808999951497517 0.6880772046567141 0.6928446645446046 0.6534663177270246 0.6766981701255622 0.6856302851097446 0.7304149490672568 0.7427312014174468 0.7620421611456955 0.7872323290202643 0.7662003708001612 0.7790696580265755 0.7878290457561639 0.7628851727245044 0.8048882751155143 0.8161424565691023 0.8139166507352791 0.8539506014657288 0.8628740353555718 0.8546593234057278 0.8930989081580586 0.8765355163976624 0.8359685458861322 0.854375780559267 0.8749117614213743 0.8453519721430864 0.8608330202367386 0.8736562369523447 0.8643980797572599 0.8174292519958956 0.8157198670119034 0.829077244688081 0.8451155418521203 0.8271602790096907 0.8135624104703699
0.5714159525202269 0.5750902460462349 0.6287434082366564 0.6458927993291194 0.680419383053579 0.688281619680851 0.7004575329429605 0.6987993814506834 0.6598623771243692 0.7143456777708764 0.7146281426317406 0.6922803269550541 0.6914041384561616 0.7037673313767849 0.7391947113453895 0.7637332857043877 0.810718324267959 0.8028853612930614 0.7802040269829545 0.8221415343324203 0.809386363273153 0.7713116419808957 0.7505110788204181 0.7909604584913151 0.8155875444524487 0.8384463801431388 0.8519058883943359 0.8590775668937659 0.8251285392006547 0.8110277299716507 0.8316814221199141 0.8265054102856672 0.8476910677690335 0.8662985531048254 0.8612877557064968 0.8653082896370109 0.8404718003077644 0.8639517562633268 0.8503652679825404 0.8169975425599185 0.8544215350426989 0.8276527179082773 0.8361306284148994
0.5482707430919384 0.5912754030169846 0.6447103523928284 0.6682903615392539 0.696236324977348 0.6853660960388055 0.6670920819528806 0.7007274215742939 0.6789426558063562 0.7078426933078162 0.7179635588516279 0.7397193162832962 0.7490733581346964 0.7486964772559045 0.788156704280059 0.7900071135273491 0.8309159207733012 0.8242227439454438 0.8228764137967246 0.823662700921354 0.7879530198574776 0.7856428279612033 0.8003543241031368 0.7926648696583376 0.7836047578761167 0.8076765030415732 0.8083164156103784 0.8359223648207601 0.7987050784468473 0.781271354973608 0.8227721483995037 0.8085460580802829 0.8060442321329334 0.825442233040243 0.8186163921491606 0.8337947017090017 0.8656903667195438 0.8474445633978739 0.8251500371396601 0.8276216749669457 0.8475784579651964 0.8370183555605539 0.8276164456065888
