Raster_benchmarking/Raster/continuous/raster-394.asc
NCOLS 100
NROWS 100
XLLCORNER 1743164.5417844593
YLLCORNER 5469279.125639976
CELLSIZE 10
NODATA_VALUE -9999
[rows 57 to 75 of 100, columns 43 to 85 of 100]
0.5350397762050717 0.5525704536219908 0.5934879849046351 0.6262038270305054 0.6440979698974287 0.6324479297493192 0.6411544765417466 0.6089677757524311 0.6236355984307904 0.6322192233222077 0.6134891070054073 0.5927714319265859 0.5303082004705185 0.5220418793274526 0.5388739481820226 0.5828919713350096 0.5854064596770296 0.5854703143272701 0.5545631022558325 0.5757354109234154 0.6101666393893906 0.5973092709736991 0.6233019601805296 0.5944216917776116 0.5761498513038809 0.5809014166589643 0.6074346643023788 0.6203295666480452 0.5949053741447544 0.5833745103517151 0.5459012003135313 0.4991372860776836 0.4386282714038873 0.4468232923253553 0.43833127327828 0.41568171099013224 0.3528811351317881 0.31013891190493725 0.29721366487610584 0.2908224800272488 0.29019440220059917 0.2761759484707689 0.25635555703783414
0.562249886458102 0.5874936577409859 0.6064115435195332 0.6252376923455396 0.6645711283736777 0.6512884391233869 0.6414524556194323 0.6196715260531054 0.6364578206134909 0.6360486816823698 0.6070356413301086 0.5965886657003289 0.563709306261557 0.5554951356323339 0.5682053598000504 0.5721121460171045 0.6092484879764052 0.5931328721554294 0.5898942428442197 0.6085742758409657 0.6139742927425303 0.6108879895219036 0.6054156929337464 0.5783849854786384 0.5637602781828166 0.5921355810557533 0.6042516002649242 0.6154144381178545 0.5888191881230268 0.5898132401042728 0.5357176021695751 0.5128554909177001 0.47524932840693157 0.4415372101420261 0.44056597970776207 0.4027974444011058 0.3780064415795268 0.32262496332327095 0.2787329029737913 0.26969762489613186 0.2804981089622503 0.23059823825612502 0.22955369847651175
0.5592953120738587 0.5918930079449906 0.6164098328130931 0.6523780076467453 0.678537207877372 0.6359390219883538 0.6545932049247016 0.6384658809617668 0.6431176495802546 0.6199197665507504 0.621787236595777 0.6147841628050362 0.5617950240470988 0.5804531671281301 0.6028963082131301 0.5896441034299773 0.6107567916347211 0.6114460352221326 0.6136360718516827 0.6172478202383238 0.6012506857062753 0.6263651699252598 0.6275179622456258 0.6077268211132913 0.5777754931054391 0.5961435238200886 0.5797344533626606 0.6066623798023398 0.6055827594525728 0.5782565979720019 0.5507728022780414 0.5185158844252411 0.44240414939812883 0.44343120992366103 0.43063293619372034 0.4340940865471029 0.38444703354857185 0.33969073672009886 0.30507143139855575 0.29858617826083017 0.26342946118129307 0.22085904249261903 0.18660498055360036
0.5833680063566025 0.6127308700132806 0.6491885077419826 0.6611201721308 0.6537877241117275 0.6494260914937934 0.6683292169211688 0.6751322950269651 0.6742143669741159 0.6620299788182393 0.6177779219266052 0.5919958514263528 0.5892556989011547 0.5986360421153533 0.6297028377074232 0.5974471774044035 0.5828582536679973 0.6030199539729345 0.6478177791955155 0.6338298908498268 0.6372010957414336 0.634462304936612 0.6474060701772625 0.618240323119499 0.5922380178943712 0.5929177831846943 0.6062703579530415 0.6149495560977841 0.5896692492986203 0.5747315809854215 0.5649637746771026 0.5106997145784716 0.4749073056435718 0.4313619246986185 0.436665083572386 0.43635945742622734 0.40965927360651117 0.36908860442970076 0.32051711169544705 0.2920718106457976 0.2795055375390133 0.24308292232297618 0.21986783594998105
0.6363818096214509 0.6450531294974228 0.6579245397020875 0.6520023408411089 0.6472393222758109 0.6729795361175045 0.6882806431786174 0.6827151942784296 0.6950787407314801 0.6669863277041791 0.6373148141414954 0.6227747368755627 0.6159354824134088 0.6138096122869053 0.6352997525550438 0.6253445991031913 0.5981492027055411 0.6050883455498954 0.6567253336079135 0.6563894616456573 0.6690319324548152 0.6308175510316556 0.6231481894532277 0.6404967609286872 0.6382969047211345 0.6215266021842424 0.6222264013892757 0.5796265923129216 0.5611861106000963 0.5731964059858455 0.5457512208351645 0.5126116496724918 0.4931204694053885 0.45004270067364543 0.4365717114167945 0.40862471471103173 0.41508331375353635 0.37114740113857086 0.3359821931151922 0.3051392098471286 0.26260840134302316 0.2500038269005928 0.2225709901472784
0.615712571888062 0.63042971052594 0.6459530908555624 0.6801463128623649 0.6521154001990607 0.6484549305713548 0.6935363694882242 0.691322275096908 0.6967628809873356 0.6450285961038887 0.651911979190958 0.6305998455364453 0.627901481504457 0.6449455535629004 0.6290356841825206 0.640445676487419 0.6451227790775248 0.6253164251115021 0.6241012739433808 0.6490800592860978 0.673219330675497 0.6372965530780649 0.6386629640725762 0.6359535416474316 0.6563409107923844 0.6126669737282162 0.5976261665426549 0.5937298424523814 0.5750335637073076 0.5579468365631932 0.5361654777780273 0.5069866083936226 0.5171432593532076 0.4718165937297182 0.4505213007707643 0.43113189110040995 0.4271336888123175 0.3941888125738155 0.34197599748020485 0.3167499967752078 0.28208930141552957 0.2836955825105739 0.2630885920444752
0.6385273609457773 0.644470253997931 0.6675512554994967 0.7007519989409392 0.6762918722687579 0.6614274277798249 0.6570856513566657 0.6798202680401606 0.6830081969379187 0.6731759770204501 0.6329017483928399 0.6617789568063126 0.6562645640443816 0.6475966531368202 0.6265425361700783 0.6306914950262538 0.6337916666929034 0.6292081017023604 0.6333438357653826 0.6307296225881222 0.6572095114355301 0.6319559747972393 0.6197712145276739 0.6612324762264375 0.6554461139150392 0.621714362390653 0.5958867582473548 0.5549698998048389 0.5616754430747877 0.5248521349311082 0.502782436536483 0.5209079668551273 0.5365704223312788 0.48709772937210577 0.4909966316913292 0.4610702931255461 0.401962894575843 0.37319953997868416 0.3836222447437496 0.3429957262193897 0.3467097146457154 0.3000153342222998 0.2673858976538835
0.6426497884047919 0.6575689677302999 0.6942814362587462 0.7111453554121381 0.6701910953799539 0.6647034905715116 0.687068828472666 0.6950858061917754 0.6707085896920166 0.6872933652295685 0.6583871891006637 0.6529658077521405 0.657438483718931 0.6764528406511919 0.691726971790284 0.6671374053478895 0.70743580199965 0.6774030526644222 0.6409213726934503 0.6369963522022476 0.6214825591556176 0.6276973567566261 0.6225474652114974 0.6625998331221817 0.6431998638844361 0.6483603059413912 0.6169494452588911 0.5597710961508611 0.555176301173092 0.5375619586044718 0.5025400590460326 0.528138940009995 0.5104423152474055 0.48394171946794007 0.47077132261720445 0.46788611485657555 0.43611677041502867 0.39025923446836075 0.4049205201512387 0.37776502905719794 0.3673746149223406 0.32787095088063073 0.2790308025147085
0.6431388630078197 0.6594155689794513 0.7085735413655486 0.7270354885283971 0.7145436875011577 0.665843978917612 0.674591874775469 0.6909839966985495 0.6947751642817993 0.6987454879756243 0.6973111914624737 0.6809390566262681 0.6792020531876781 0.7188529345534309 0.7348800670132524 0.7237189501782217 0.7637837836457488 0.6942328646703274 0.6608490603588297 0.6404215162810556 0.6489245737496329 0.6620036647171262 0.6549738389424214 0.6377217275959304 0.6463554815192767 0.639627200227941 0.6186758572007288 0.5847895592573509 0.5222757844225725 0.5169469813014075 0.526125520533194 0.5255844974173793 0.5063559331439561 0.48051417130185603 0.4824830080041914 0.49454085077450405 0.4543727443841594 0.4154728607210096 0.38661335359674714 0.4007572326161093 0.37029545188422786 0.3267816694390468 0.31053300907078096
0.6577636581614077 0.6835288980784479 0.6839233395173191 0.712862549625968 0.7203741416821733 0.6871794782410453 0.7225266998534542 0.708247348451488 0.7205897602490505 0.6823223175127946 0.6936082805510994 0.7178943394004675 0.719629423849678 0.731978052755731 0.746035616534603 0.759369009138962 0.7691675238011787 0.7297873332333469 0.7179694355856073 0.6717181413981183 0.6845541233534326 0.6855857302443378 0.6962224427974607 0.6647231704551884 0.6582927769259487 0.6102761347414837 0.5940884540887253 0.5698344959668958 0.5703511642817201 0.5567012910398533 0.5201269668916799 0.5098387859577133 0.5282546586233924 0.5078154176280534 0.49045822681909196 0.48403676225694836 0.45124059514455955 0.428757754581734 0.41158314839834353 0.4073693720493792 0.39056379377998973 0.329231524016103 0.32226643724785314
0.6309566631166973 0.6688004483817596 0.7055822901528087 0.6898675341649476 0.6962965914818822 0.7279528418365957 0.743425868461856 0.7469007357920777 0.707195989576018 0.7330431870766366 0.7037189805274618 0.7144204033924765 0.7589765631777161 0.7576974381808624 0.7196469537929995 0.7388536403660162 0.7489683880005233 0.7531122784486893 0.7361271756801577 0.7112514800012818 0.6988853573266027 0.6732038951801466 0.6947272338896314 0.6817529458402926 0.6369747915330194 0.6237296764169442 0.5699710459472965 0.5656641447637283 0.5849518381112505 0.540855037986914 0.5055313443433999 0.5137511106104964 0.5090984067580049 0.4838855619514796 0.5171193569272594 0.5074512584538886 0.4729482411139779 0.439916416074832 0.44554864588233706 0.44332748241514097 0.38833710305231195 0.355394497374674 0.3239766185967084
0.6336102491593452 0.6679055019981539 0.6720145337545245 0.7236302172412122 0.7405614554171993 0.7549990438137648 0.7740851585095309 0.7662367932964853 0.7482878591042598 0.7497627885841469 0.7669897217366294 0.7380326463626122 0.771460215270798 0.748147676414752 0.7438728165097063 0.7314226949735299 0.7490517788205676 0.71706279948366 0.7317121276649399 0.7120476744712112 0.7110667825237151 0.6894122321229583 0.6686646027071412 0.6753840163950837 0.6513775314067047 0.62684943175434 0.6184269212751533 0.5977309312755444 0.5909225204570518 0.5352075114305012 0.5359999031719647 0.5037587057621798 0.4892385874961463 0.48946913571416784 0.522972323395421 0.4932080362398067 0.4896651614319751 0.49521940152844296 0.47021588977436674 0.4435919244002598 0.378583983051898 0.348083283088382 0.32748307441358226
0.6059301887502984 0.6530428157895943 0.6611177300349083 0.7237363728206603 0.7509231153374686 0.7775438885848738 0.7746023047647378 0.778773173955051 0.7575703175754862 0.7657333818365998 0.7914894991930497 0.7926689618312643 0.785100353441688 0.752568149181998 0.7599634620676204 0.7469472703501107 0.7141217570693812 0.7382660692522384 0.7209173148793426 0.7445672940842881 0.7636183332435327 0.7261528272716905 0.6706549120924762 0.6779098901097304 0.6333839338748227 0.6390153230268443 0.6037349492470389 0.6022893432725689 0.5897236140346404 0.546292000089129 0.5121621634170165 0.5215949276396299 0.5033771669110418 0.4847388993238481 0.5059692574474336 0.49526313953412643 0.4908548836128114 0.4802788700065202 0.48619177127287017 0.4203891064822636 0.39003460529921374 0.36113669420910943 0.32880863580088465
0.6151225681148094 0.6429907893711487 0.6610256576973417 0.6815172986894373 0.7084015771665335 0.7570419160243489 0.7743138626419125 0.7598766858563935 0.739524203910704 0.7639635627786274 0.7725541250831647 0.7819089240927423 0.8011434934758469 0.7894790642330253 0.7412303184589993 0.7285956130658855 0.7218338891005466 0.7432249531068318 0.742102816853532 0.7413635911653647 0.7389823731413694 0.710988849038719 0.6934522671375504 0.6566416689485691 0.6287163493814942 0.6436651306026231 0.6405884593099965 0.6108879655621202 0.6005980876696412 0.5595257122433396 0.5068875487035059 0.49259746885593836 0.5206469015009475 0.5150088466111287 0.48524140287552914 0.497246195714069 0.4950341181472837 0.4820742847804365 0.46943762951595963 0.42717300863524743 0.39224449249408117 0.3586087840317303 0.32700550533137224
0.6208533358538607 0.639839212198288 0.6846740156397297 0.6927735956951045 0.7039580076138496 0.7323302523046064 0.7242107233525996 0.7459017515247033 0.7564542019369099 0.7596951043970845 0.7817149894642516 0.7597162060581392 0.7731932639411243 0.7416166783052749 0.754846685143078 0.7257439128109802 0.7335027013705541 0.7311926637144124 0.7680290485814081 0.7345532457214476 0.7629751492914342 0.7297695645376275 0.6729591499746522 0.6515195749930178 0.6660180328055922 0.653194276657731 0.6324828887086935 0.5924984759976303 0.594546140409955 0.547734438699861 0.4989327233687144 0.4819947817096619 0.5133046049352811 0.47883052587554586 0.47217263710599283 0.4636628909094879 0.4866267387641745 0.4760577950324503 0.4672330792663972 0.42846128493147057 0.4226298984083115 0.3573673769388147 0.34215056489832835
0.6361957174892047 0.6398517615169613 0.6912967960191343 0.688773212506693 0.7105300827592034 0.6917516723376343 0.6943096152462104 0.7076544334055321 0.7429190990798707 0.7307132629309124 0.734176111149418 0.7729434073132737 0.7505071300179432 0.7386331838461704 0.7544665045085737 0.7212721524662241 0.7464899075835174 0.7419611515465676 0.7411461681431747 0.7313775670646186 0.7332059827725467 0.7241734102095029 0.6834819138679025 0.6687560755045475 0.6712981693966061 0.6634912509782308 0.6526129669256673 0.6138011683002593 0.5856870587568266 0.5442335614941869 0.5111907737086824 0.49787502077114604 0.5163912555984721 0.4989791853317974 0.46214720112835234 0.4672700907223919 0.47159037935266734 0.4361200954383964 0.46184806050383126 0.4431108702935794 0.39250778299397115 0.3490333255026151 0.3423076659595786
0.6507381985374339 0.670033500264461 0.671576552129774 0.6980065208661351 0.7033412801088051 0.6802789208434848 0.7084839185352758 0.7118693376286511 0.7260532853417032 0.7363062261430381 0.7157873503119189 0.7638098490574772 0.7321935935433745 0.7469747830523548 0.7490072576087927 0.7549531656840749 0.7376304119626153 0.7308445777861536 0.6951765161583968 0.7015924138243227 0.7384802562081713 0.6992043682737802 0.6365713877886091 0.6693236958102132 0.660878602418891 0.6472216430220745 0.6136440675208695 0.5698216614878987 0.5471453718651287 0.5509231758515153 0.5047202642400763 0.5205856188637393 0.5082496234128715 0.4757638878061408 0.4682793037649015 0.47008062121649086 0.4511199706356903 0.42527889362522364 0.4267461340715618 0.40469626356244814 0.4017212227858114 0.37094652757531266 0.3199525851567353
0.6548584226996866 0.6800708512174789 0.7044492203755875 0.7123664792355107 0.6879134891405763 0.6867119744726203 0.7120049645947835 0.7264040667080567 0.7087617689775512 0.6939873928758187 0.7185210180020165 0.7449286045506969 0.7298613545905316 0.7061370178422182 0.7087921076375925 0.7510979138017775 0.7387953859755602 0.697231222012179 0.6989588973872919 0.6777812510900432 0.6808906650929957 0.6910149762044625 0.659191869501323 0.6374258412609362 0.6058643407357008 0.5860341731891769 0.5628462126568198 0.5660383966531731 0.5330015080365124 0.5327697988147905 0.4971892041655865 0.5034856325131102 0.49844921625441835 0.48327680623578295 0.4465988367853244 0.4280973209081044 0.4308817730363247 0.40246395687118924 0.40356585632255204 0.3898113663022045 0.34747151389739134 0.3435015909836829 0.2938206103157093
0.6940128748935637 0.6895207639931213 0.7163074150104809 0.7380339938248534 0.698454477892887 0.7152035250617503 0.7252462590613753 0.7022462883982014 0.6716710144062875 0.6827194810661307 0.7343773520741759 0.7390722313891626 0.7146630004531935 0.6880442254979232 0.7009847256079582 0.7079592309119244 0.7266382702791095 0.682206806416185 0.668558536347653 0.6727987459361326 0.6906888156663746 0.6727161021957723 0.6192985937118493 0.5908509155590934 0.570659991017617 0.5558523925705806 0.5616727526838349 0.5781338623991072 0.5626389970283792 0.4996335115094299 0.48734576457664075 0.4802235572806432 0.4676594009234296 0.4705231228914446 0.42728085777146907 0.41011882701259966 0.3938085728569745 0.3856152176061588 0.41479541176917517 0.3815201485997774 0.34245107777863504 0.35341730230658663 0.32200077254349835
