Raster_benchmarking/Raster/continuous/raster-334.asc
NCOLS 100
NROWS 100
XLLCORNER 1743156.280679297
YLLCORNER 5469286.222926369
CELLSIZE 10
NODATA_VALUE -9999
[rows 19 to 37 of 100, columns 43 to 85 of 100]
0.4906876086628374 0.46083148788581985 0.45603752233879286 0.441207178206169 0.40866580377590905 0.39112249260672827 0.4083693146120143 0.40314053662088156 0.3760077567120143 0.36180945151256794 0.3161691648286531 0.2890012971311213 0.2928423434873774 0.28366386019551804 0.2910537008979149 0.24839143686116505 0.2574063700624153 0.2551539159283079 0.2602118114614467 0.28957998509087096 0.2913956719649581 0.3123861603830525 0.30898654947450005 0.3290226069703113 0.35679209134827544 0.3434819109615771 0.31233328334607346 0.3204400620069315 0.3522097400928221 0.35790034612801247 0.3412114702583821 0.3160743675672062 0.2788793726675004 0.22322995710326635 0.22508138213670822 0.19338393595085396 0.19730308241871192 0.16999422862749555 0.16755716979366447 0.16727859942147497 0.1969689697093224 0.19053560729440733 0.17683448001387958
0.49235079027674955 0.48601005907996186 0.45661892287807293 0.4264732517740226 0.4365621229635394 0.41852569840391945 0.4098011281634319 0.37874164586983944 0.396492601507746 0.3957477889767108 0.3750847761530423 0.31845709254044335 0.31011998843704586 0.30284363502026496 0.307558989579865 0.2910841594994959 0.250857318815938 0.2858415952194044 0.27279465577120937 0.29999258230455883 0.3187837471346609 0.31500056282361366 0.30623619594248996 0.31942108067616876 0.35499717654714613 0.36258337659930207 0.3278116162325089 0.3465027248075966 0.35128137723120806 0.3410256183731351 0.3398249192478358 0.33831408564162047 0.2881098924479621 0.26852732725941786 0.24537203009844402 0.22060990617488307 0.21233363020099424 0.22496307540002428 0.21187375125206723 0.21755711627997207 0.20783749574437974 0.21389951252665007 0.17368573647738
0.49130414064242994 0.48989186778338684 0.47455458885800245 0.42085970117741467 0.41973779203850525 0.41231718924949684 0.42551761073401173 0.3834654224937761 0.3882972858418628 0.4087792469570617 0.3763457532756783 0.37141803069023127 0.3381863278349959 0.3364428077175706 0.30528954555942445 0.2781831314516888 0.27861393024039216 0.29648349318734657 0.3213078206827858 0.32358734891890856 0.31645975452013614 0.2806498510056011 0.3122850957785771 0.34480876417381223 0.3317190799731276 0.34842318887473955 0.34699332855284 0.36391025783965497 0.38396948574429934 0.37278415666008086 0.3408612688193276 0.3321994709947246 0.3125094781794395 0.3028960220688109 0.26035451672728827 0.2614807959269249 0.24563471969704065 0.2592329875468263 0.220814738520313 0.22301067148001458 0.235083289976383 0.2069197725187758 0.17085866010810755
0.5349775925160485 0.5138380767863617 0.49790228250538116 0.4607076633069128 0.4323820303269579 0.44792095948738453 0.4387412490763569 0.4400542668960993 0.41076673637636324 0.4294264913263838 0.40124803404385706 0.37131830948079825 0.34128797096703073 0.34836673958942915 0.31810576607382957 0.3079341154816945 0.3065866191354221 0.29334467960463206 0.31673462789431617 0.32760583988911535 0.31582758473993816 0.29213103960582726 0.32390053952394077 0.3372525297559844 0.3166157354385025 0.35376806218682766 0.3643176691479909 0.37339139691882994 0.3820661186864335 0.36523535775840243 0.3857890490674278 0.34918960498574036 0.3627806906747778 0.34211094648548585 0.30473725637963306 0.31020341428389586 0.2925920984329345 0.2846087731283072 0.24836460348364692 0.24425350673865764 0.24355767125305816 0.23381917451745463 0.1963566763930083
0.5327531550759821 0.5461451183061304 0.4977915889848686 0.46680825614499216 0.4568282783963391 0.462223507474406 0.4327998347972659 0.4446739909138605 0.4013686341293952 0.4110496666205573 0.40835645328384323 0.35876703999354875 0.3745289227336499 0.363050167416142 0.321129090603412 0.3244233677482359 0.32691071298271634 0.3148526456346564 0.3071681665309592 0.290408999309125 0.3207319982428359 0.30346774204852955 0.3251848036838865 0.3180245474132786 0.33571363523814574 0.3339372681641541 0.34844689545360535 0.3596881487218155 0.3908069118774228 0.39422928409724217 0.39199556193958035 0.37663545867187925 0.3898914895630267 0.3721166136954703 0.36294902052019673 0.34006530265663887 0.3175896339080817 0.29892090484783956 0.24961797747497735 0.23145250012700982 0.26523145469686676 0.25332116483178146 0.23404715692640146
0.5570249681874915 0.5352226787336868 0.523083220550487 0.5206107741566293 0.49076754341219064 0.45972186163947654 0.46625270718073686 0.46961678960357006 0.4223151833461244 0.42151789079316876 0.41799183562756625 0.37715977358768 0.38749368811653456 0.34632129652377336 0.3327959109712965 0.3363647311329108 0.30060485473718446 0.3324522703656187 0.33286659615971903 0.32212917376949585 0.347787418984164 0.33384729866631957 0.3352840995154846 0.35985633343044415 0.37216169916569 0.37543967882973295 0.3945636049757869 0.3994676305807963 0.4065790725194999 0.40789937266259096 0.3724444782311066 0.3640987920744615 0.3723955040512669 0.3840229964670776 0.3767353440524169 0.3594844495837571 0.3505579813217376 0.31753832620578976 0.295470675955847 0.2913910448555434 0.2795357793186445 0.2846208436281879 0.2603001544658976
0.5533899347111713 0.5301838984734075 0.5338011753001777 0.5203794523765332 0.5034666096650166 0.4956559285229915 0.4745031376401157 0.495067717579162 0.4483563674859773 0.41507254744691924 0.4043251499491446 0.4266823958190353 0.42297363382698633 0.3864252385255061 0.370010378738597 0.31970155589855825 0.29440794688950583 0.30192033193750484 0.3192513724872931 0.349218399586248 0.3640945034074496 0.3655858139889388 0.39192716861190485 0.3913427341126825 0.40353749155903523 0.3866205469614248 0.39465157021514274 0.4356471183641309 0.4354929888610004 0.38636162139770536 0.38960344664273755 0.3865719326389877 0.38932158560467006 0.4171280245811222 0.4139094393494642 0.3751157886187272 0.3589756279593097 0.3242123427530647 0.30872492295397524 0.32203296930799447 0.29934367685188934 0.2913332303463635 0.26730698411309245
0.6022908843622934 0.5484773855837359 0.5428015614232801 0.5234168547306538 0.5327666035758896 0.5398942704841069 0.5253129396203127 0.49248122329209937 0.4595346926413364 0.426660830145824 0.4251088908735072 0.41532606575055914 0.4147340167213387 0.40817069949137985 0.37317186771322536 0.36008158144965613 0.3337272254157416 0.31834278962159057 0.3357003634870648 0.33188611143281754 0.3439776661708484 0.38596646035633375 0.3888769686602674 0.41941530395934995 0.4101054505241833 0.418209709522324 0.4180244211000847 0.4361699032117829 0.46487876920676324 0.46239014727435707 0.4507661855859793 0.42407855952112383 0.41356281089056834 0.43043176537743416 0.4140139632403388 0.40647849139978315 0.39811960597136753 0.37544401493528473 0.34851611800063925 0.33396191605663855 0.30925271038176705 0.31130166333202064 0.2959372940578954
0.6119896776001709 0.6054270715829434 0.5726743898660612 0.5463999298435644 0.5538140778707804 0.5322890267111218 0.505638826799822 0.5122513490623886 0.4853947423652551 0.4635958939402778 0.4549602891817079 0.4288113616262107 0.38718441098751416 0.37256733080192983 0.3633903983360537 0.34165740252927945 0.36165301720808135 0.35741973995067394 0.37485295070912056 0.36932884253596443 0.3796263837862346 0.3629080280462617 0.40949324935865183 0.4099843406128414 0.3990793299814331 0.43138261545848555 0.46125844733182225 0.46757087639092204 0.467129310454457 0.4835156479900091 0.4501312218328367 0.48055488074646896 0.43832647228584865 0.4499670810856137 0.40972803483336934 0.43182170471963627 0.4224692076320072 0.40242710436479884 0.37330309221592445 0.3115405094257152 0.3049179603712812 0.2890666744647704 0.3257883660179489
0.6422776287569574 0.5953523328342409 0.5815786206527747 0.5596423219959038 0.54504055105283 0.5368918126347065 0.5303175935218117 0.5139503748581669 0.5214846884707354 0.48821122391966504 0.47633818392004845 0.43788835611343724 0.4025351435279857 0.42050657769750466 0.4073323659768411 0.36790740529350435 0.37662694463024776 0.36335788803823826 0.39740394375074667 0.40335394969582283 0.40216093780254425 0.38143651521388383 0.4162983761221806 0.40190980774652135 0.4310262686602295 0.4379881326050247 0.442892800005455 0.46071824887655 0.47268436337604663 0.4621169180742164 0.4673849329165574 0.48749491272410317 0.46421294907416505 0.44517245654735615 0.42037810666217174 0.39824759562218154 0.4036302230329446 0.41273684151846657 0.3673056582558285 0.3131038448313383 0.31666002218968714 0.3335584971519723 0.33286463611660866
0.6286045777760314 0.5975928696414383 0.5827779607104394 0.527405142782656 0.5264277246925049 0.5585528561472766 0.5515322907481076 0.5423587889740061 0.5107696475450836 0.508434279988639 0.46558864049791454 0.46711977606087746 0.44508443790939983 0.41989724338776463 0.4342987280837315 0.4153664233574851 0.3852353316676397 0.4091782952590978 0.40532769553968134 0.41305316258764585 0.4044959249799222 0.4285028787827698 0.42312460225963316 0.42502013907255476 0.4337321871471234 0.45020614575790796 0.4580789571250374 0.4307758103200735 0.46106853543379167 0.4689014768210997 0.4586459930110169 0.4704927657593598 0.4370860865891422 0.4446244948575802 0.41985408902149013 0.42331619235084916 0.3959263489053934 0.4052311846128654 0.3550891771934347 0.3420638452240644 0.35319602556850377 0.3602014296822565 0.35739049777835946
0.6284743301604688 0.5871918596036326 0.5764154101353793 0.542614372455007 0.5416609916224169 0.5769809656692033 0.571549942405722 0.5387908505839829 0.5289243700538343 0.477803772186568 0.47795533584317434 0.44414657349710723 0.42529431713665594 0.4106073250694495 0.4160314672723654 0.40665243557976055 0.4235016001360828 0.421569936931182 0.40738853361602645 0.41670187054192 0.41186280514426965 0.4214412854527656 0.4091555880203916 0.4357502662793571 0.44852506940529213 0.4548942552745442 0.43613363549177425 0.46439339126795065 0.4744891289042291 0.49366642015287127 0.4876115409263654 0.4793612157470111 0.4538834623850261 0.4458509203146769 0.43285977733634023 0.4343140570146486 0.4199403370113692 0.4182611493596429 0.3904727075971376 0.3655348734087277 0.3749468543934723 0.36811134515237937 0.3437215084111559
0.5976068282070177 0.5655307034549923 0.5538256400165046 0.5431311922389751 0.5523420527458058 0.5926195402236217 0.5682006989747638 0.5610949212433354 0.5346292731094526 0.4736390986800329 0.4941344777924285 0.45874127435607964 0.44195801095799453 0.42473793775744667 0.4417758536459131 0.419060626736528 0.41891047336020093 0.4151987818908497 0.4095922350992647 0.4446457531093022 0.40577510448307264 0.41446402841412106 0.44340688480269147 0.43252712651217934 0.44523561143224777 0.42164994406674416 0.43306222213460294 0.47268580677246036 0.48048925812207244 0.46663974851981216 0.5161909576302846 0.5318066003079699 0.4660288166186379 0.4272168383487857 0.45648220241223436 0.41761002755452953 0.4074028891109235 0.4461847186980699 0.4057016417781502 0.3678986226458587 0.3681036115656595 0.3815535221934432 0.36736755284596984
0.5720053781455806 0.5593004883987919 0.5642149973172284 0.5376162874990117 0.5645917668988447 0.5760916242741112 0.5802504880749565 0.5509310849813254 0.526911078884569 0.4989909509768252 0.49669390186178053 0.49159701908863435 0.4661378852832152 0.4455829150629915 0.43873907482583346 0.4641292688257808 0.4519645609956584 0.4486236843055582 0.42669347684166 0.4177536372900861 0.41518199565168357 0.42266717796021447 0.4384027567758072 0.4465988899430067 0.42827234211025533 0.4611956172895422 0.45861896296067023 0.47093050374871387 0.4712438498188911 0.49149124432595104 0.5203351797308001 0.5194584952378649 0.49469502126151266 0.4663153132963363 0.4618179231644693 0.4376611121821827 0.4333729592372611 0.44245120024247936 0.3970559999954204 0.3710151144540105 0.3500612460211415 0.38035522633011615 0.37160753569188554
0.5671501114765348 0.5496279355797326 0.5554318505816664 0.5231066594556187 0.5457007640521061 0.5616553291799823 0.5520496998717104 0.5580426424414963 0.5142746899899936 0.4981948843418824 0.4836369878437191 0.49329475921110527 0.47078290300962305 0.4395016980956421 0.4448071418194929 0.4590604808881957 0.48399681545925577 0.45876293382176886 0.4550322274441999 0.4397672926925442 0.4263320081579941 0.423600881654295 0.44226901443977734 0.45485469962426917 0.4682343613567938 0.4618368787668511 0.4889319921272741 0.5214211385104305 0.4979306430052245 0.5113440299482935 0.5182442969678708 0.5296447030436634 0.4795538626120534 0.4494143536968676 0.4653501227258082 0.46571632940491403 0.4592178030583235 0.44818137463623736 0.3984019998736696 0.3617417046018288 0.3699118162270365 0.3405228794124967 0.33891104562556496
0.5532158927572038 0.5518351713268106 0.5282406279506685 0.5349481958565697 0.5348364769324576 0.5175090354306714 0.5254355388393257 0.5474275724172462 0.520837892567873 0.5063657767867848 0.4829916594599873 0.509476257686201 0.48637094111411516 0.49294998776440296 0.45123934128638493 0.4550437480096138 0.48052662651772776 0.4513366386212572 0.42106338202858223 0.4125113703362596 0.4108134163149288 0.4352422874314557 0.42005865230613065 0.4449807921675322 0.4600794662123454 0.4856149771716364 0.5179705035231222 0.5052814651732928 0.5131621135806741 0.5373036855886987 0.5369971206487801 0.5224407805161347 0.5141784555953856 0.4721584401303756 0.45581309239497797 0.4743819277207705 0.45850228499334095 0.4341810155491722 0.41000219863048015 0.41137213438900627 0.3900949763811293 0.3690070537502324 0.35793817640252257
0.553785093229367 0.5543515946804121 0.5652886541047957 0.5472657838326037 0.5472197830066831 0.5296887647741096 0.5367156623316003 0.5148835988230367 0.5206647738202832 0.4890173494583034 0.5105770279798955 0.538528057639442 0.5331407641344602 0.525092938560891 0.4833806300317574 0.4659341894799233 0.4628984342628659 0.46693957493113675 0.4178592444247625 0.3961800577178776 0.42093352234703846 0.40398510616481986 0.4232885897518458 0.44942374947604274 0.46068042102790996 0.5039600613924132 0.5061424853395705 0.539128228086462 0.5119857868677774 0.53485338859304 0.5036012505365005 0.5208805883382831 0.48147112329677716 0.47052626926066266 0.4748327310435094 0.4591402800063355 0.45034656696817965 0.4276298572178049 0.412736159108426 0.4307182963052466 0.40036649061102897 0.3972385425087742 0.34724963211011545
0.5973534604403775 0.5830811054774568 0.5534690878513834 0.5652562705838883 0.5567901124153342 0.5296524932643807 0.5557051670387452 0.5478628914155231 0.5301330979459019 0.5185284145322253 0.5233943491187824 0.5235744363544437 0.5261090468608601 0.5403976160018702 0.5130806655724178 0.4790327881094083 0.4804116975600027 0.45414181101750806 0.44396513048473263 0.43457224940950145 0.4072360357204788 0.40968814312336677 0.43752597012568056 0.49205112932189227 0.511754503635812 0.5065874074265752 0.5483839181084906 0.5458681578155641 0.5445892250814945 0.5070099431225465 0.4951859721807836 0.49920275810815845 0.4654264434475989 0.47766796821096125 0.4429901162454006 0.4436708915266273 0.41715976257738 0.4000990953385608 0.407937910788918 0.4039134103402901 0.4244947001804439 0.4226596090163728 0.37166001409010135
0.5847510343283535 0.6058125591811456 0.5801536726460186 0.5874471493453286 0.5964283424447462 0.5598138233827817 0.5534132997418825 0.5638418725934861 0.5494976767762744 0.5357756573449473 0.5290948555999726 0.5688309917799321 0.5516991289299176 0.5300343248736074 0.5368468502526738 0.5421176228651088 0.5149106079917735 0.5102237053543783 0.48722212313265506 0.44793716115183607 0.44152132207823874 0.4515976317928636 0.44947932156000286 0.5062174055115234 0.5211719814133314 0.5375332865046626 0.5327766598660499 0.5633437892885624 0.5392614377861021 0.5060236210237655 0.5032858391513686 0.4931445347414612 0.479049159713032 0.4571253348765685 0.422465625342764 0.42727257398943985 0.42006632027392593 0.4193495365488169 0.42606015858870455 0.4285611873093427 0.4322777561385372 0.4455510791066352 0.4250171313474011
