Raster_benchmarking/Raster/continuous/raster-377.asc
NCOLS 100
NROWS 100
XLLCORNER 1743155.7816206957
YLLCORNER 5469284.340858987
CELLSIZE 10
NODATA_VALUE -9999
[rows 76 to 94 of 100, columns 43 to 85 of 100]
0.4468692870631881 0.48639067880389 0.4273010676224659 0.43567683968216864 0.4373165324464429 0.4194913712872772 0.41674100466463626 0.4282891860596543 0.40834077032003935 0.37486760655646334 0.3762166285575081 0.3202280058627292 0.35327504783447505 0.3903915461823181 0.3664286779669525 0.3608138830062303 0.3724748009132434 0.41611338371685747 0.42754550398153957 0.42274148657276317 0.4014913989670717 0.4086529393479718 0.3956827757504994 0.41332805618633583 0.39313597637948566 0.4122531736484043 0.39037102201442825 0.32209815396590125 0.33085948877973753 0.3687917100093764 0.36024716697570863 0.350403182882881 0.35524453674225054 0.297498409149805 0.3078398769221055 0.29459429635053197 0.30731736827191497 0.3173448476832515 0.2605434856869878 0.24350212828419585 0.24997575677854394 0.1970634255451505 0.21285667005374287
0.45246466207932706 0.4284489501240518 0.4358132179186155 0.40337630805253527 0.40684760338749054 0.45027776228905164 0.45798183173345997 0.44042016730172956 0.4003764354423189 0.3925526389393092 0.39134287077496477 0.37327107319550307 0.37443942153464876 0.3985017139839649 0.39681235432405504 0.37941651836408913 0.36991002554834246 0.3843023024550672 0.38591661855959625 0.4053592063786589 0.37455574939027464 0.39276670277990183 0.3869763116554432 0.4263859231024138 0.40060858908638697 0.38921447012697263 0.35737993702933213 0.3417905340777357 0.35728770551332506 0.3649475363784686 0.37276309872666485 0.3771835719397835 0.3648058000186967 0.3481278720732229 0.3198798916450109 0.29508057776538504 0.2906782651906744 0.3021274509861989 0.2534308715451157 0.2319530372931225 0.2216255499233715 0.21913639276118896 0.22577479748718596
0.4345163568843721 0.43002929532789014 0.3973156440400408 0.4094214061434645 0.4528105918591538 0.4605755337280095 0.43899118360506145 0.4525922667666279 0.4201735343414334 0.43653789779538127 0.40476453436204984 0.3836622237130854 0.35718293789987055 0.37761480799683206 0.36170360212758546 0.37391581636347004 0.34477233809033087 0.3303195443498472 0.3453107699409326 0.35144439997375976 0.36679985047373637 0.3937807249886518 0.3812902307135726 0.4292099882388138 0.40567642088476347 0.3945293909750751 0.37690096232611214 0.37695551764995794 0.3802649463158118 0.41497821231744636 0.3865495799211239 0.39685173780496086 0.3985698257743568 0.3658039672895025 0.3667223959524254 0.31411127457845067 0.30059239647555325 0.27928059814276274 0.23897825949491752 0.20807247810822777 0.2199313566143796 0.1965025013267494 0.19662945098874948
0.4394152357545244 0.4199506390195815 0.3997465389061438 0.43194917310053826 0.4500722006577293 0.4451446643851826 0.4529939807038347 0.4387667580775952 0.4199138912685095 0.4108399816470144 0.4345664691176886 0.4074124017683876 0.3657743261779006 0.3867442339657047 0.35802956401860037 0.36401883475199337 0.31276462807689026 0.3241839172005586 0.3429577852865825 0.371389989268711 0.38037416852194383 0.42111924564067665 0.40125159278022515 0.4023798941607592 0.42124736260920975 0.4051872153368645 0.42455662110268216 0.4043576827431548 0.4173209322180738 0.4346472455163081 0.4513407446316416 0.4388575069521691 0.4032742064966339 0.39179147496795846 0.3778725962476514 0.3351488415267483 0.3194748822640742 0.2898727106036449 0.25630635772945365 0.23733509283735893 0.2357083746592424 0.22322096994566945 0.21545090188174673
0.41008989909753446 0.4278576452195181 0.42138674465592285 0.3909934334553109 0.41356461580437814 0.44215786340420465 0.4284754518133505 0.4550828782281997 0.4525938218298381 0.43310209746031625 0.4419441087006011 0.41006656650984225 0.35538190824630883 0.3657248090090789 0.36566998901210207 0.3446066111628537 0.309929022124161 0.2939796596405683 0.32202699757780834 0.3286182984358637 0.3634756231179633 0.40945418320141164 0.40241496902487495 0.43499715567796327 0.4342516880041369 0.45809333326434687 0.4621193279252995 0.4464449708110062 0.4561555969663012 0.4737074472929729 0.4643916569955074 0.46238641219793364 0.44537977205168483 0.39968981145871363 0.3715972853686469 0.3879475596608568 0.35855079510414695 0.30271968707581176 0.2784191741343077 0.2389106602914651 0.23169072742637273 0.22500359225852085 0.21088464985125427
0.44489597851953283 0.41839171938243824 0.4170396547918197 0.4268121455688168 0.41282642416168613 0.46091912247825084 0.4459188625731797 0.4459764847405649 0.4498708794630935 0.4511354078433631 0.40944014722043115 0.40663724530865375 0.3719637102902113 0.3659729907211343 0.3147352525033875 0.2981454331641011 0.3244255123556571 0.310832608868377 0.293816976875272 0.3145175551027047 0.371974415940791 0.3549553872659733 0.3687641559215291 0.41385733375559175 0.4061592644572745 0.43657567833872557 0.432415541612086 0.4624446538751594 0.45636168097938906 0.44683452565715787 0.43835665555146786 0.4177465378915631 0.43091369966515347 0.38590340273316087 0.38845137521598727 0.3336477050463606 0.3396992482730584 0.32787309551570887 0.27152248632362136 0.2481340946202443 0.26931670178615874 0.22116352116668614 0.22004833983896893
0.4636204154126959 0.46952442806394423 0.4574828403573931 0.4497340617510454 0.4170908684610068 0.4436690656190455 0.45719601447508784 0.4668346554221131 0.4338088941133926 0.4498443930627362 0.4472614097687396 0.4035268118719229 0.36084569816563555 0.32862709246130356 0.311071313272609 0.2952104286767114 0.31446730232471143 0.2862140064185301 0.30076796083706575 0.3102718268575859 0.35362583652697793 0.35784327751076994 0.3682221391112252 0.35084351665651625 0.3754270057418933 0.3959790165091223 0.4073668810173339 0.45897195365062227 0.4744363600321594 0.46970927917122657 0.4251179570452808 0.4031503870920594 0.4024364801483003 0.3651401626840106 0.3612316242199879 0.31283351434689816 0.33642876101155567 0.31567908985296317 0.31536870177281345 0.2865291214818949 0.2749204490889633 0.25623717426205705 0.2513171704656685
0.44881194667998053 0.49567411583352144 0.48655586292897507 0.49664433791564444 0.4537954343585418 0.4490349032167272 0.4323477668783008 0.45009044866689707 0.4527873538324558 0.4490040663989023 0.4379397315136883 0.4096783751548788 0.3935906040379663 0.38419873880772304 0.34462665623147903 0.28958914361293636 0.2673117509060699 0.2680117385580787 0.30997150417133856 0.3054907582085116 0.341767586308715 0.35289579052123665 0.363819838092613 0.3665801555971115 0.37091329070056883 0.38738802016727786 0.43482701853321587 0.4555238302126144 0.4660753443743807 0.44310180326944315 0.4268610876776883 0.4195795537805203 0.3605810836543446 0.35180776833450583 0.3096048433763127 0.2840349542060493 0.31878713218100924 0.3338877634914453 0.33157268026569536 0.3286456473751535 0.2771754304381917 0.2832163668220798 0.2595509491448929
0.4777666518975782 0.5217908141106714 0.5100739493503688 0.5065303574529418 0.4617084583070624 0.4446057303864654 0.41613826960669226 0.40677555719285163 0.42342461229030864 0.4441002913896257 0.44986369408730453 0.4138372800095147 0.3782715289707192 0.38673742163696057 0.36164824541112167 0.31314851149310624 0.2888428351916282 0.2738487743510858 0.29609578722123936 0.3254582419387969 0.35575846602363365 0.36920148869567804 0.347244557780262 0.34637247100368634 0.39965667345179506 0.4276688991516246 0.4590389265366077 0.46487470287529525 0.46678633708914496 0.4753953335331735 0.4213062285452705 0.41070567387498425 0.36440163857119673 0.3416077185312706 0.2996889119400653 0.293877084235401 0.2989007933681882 0.2836852680019136 0.2973298535765066 0.34669595005328563 0.27952664270222993 0.29726837572698495 0.26511329280064905
0.5069571683870896 0.5082568548450737 0.5145252518091038 0.5207695376026948 0.47540032873281235 0.4496591082243948 0.4204825271072174 0.44180802046985046 0.43130919222981423 0.4414569101296839 0.41876301305836666 0.39927917729426965 0.39992062703358044 0.3832105872705397 0.3668395743237053 0.3452437627074031 0.3145348253666747 0.2818828673731874 0.3084305664238084 0.3446129069353855 0.34288088853939025 0.3673732002984537 0.3835402988724249 0.3929529596288218 0.3878330661295526 0.398761340078659 0.4107762090080232 0.45797191361953593 0.4586211938857884 0.4390090420441994 0.40169617903687743 0.35239425271789165 0.33365880323832087 0.34543718957255487 0.3227707835943911 0.3171170175837957 0.2826552234454044 0.2947318088973514 0.2754967476278761 0.27689091983318265 0.27928732132807954 0.3046434662155333 0.3081494240791308
0.525259688363822 0.5392403270762453 0.5450967691016544 0.5255822027672452 0.4794602356521332 0.45403512766302223 0.46784759871738796 0.46718177144720946 0.4495966031195488 0.410637859758943 0.42108253003565804 0.3991526122667652 0.38598845111693436 0.4100294444560897 0.3650201105246793 0.33237928374869374 0.3419959139761113 0.3253123793296895 0.3299934939880954 0.32172605566634455 0.35878886339716104 0.3670136231978646 0.3675906304515569 0.39477728388487554 0.4229305337812813 0.4210543958268551 0.391522190091651 0.419928534420366 0.4428410763862637 0.4115895913155464 0.3494610062009851 0.34760145058044906 0.30816698466497505 0.3038896154510336 0.27865774449686886 0.28490268519372625 0.302622229563013 0.2857334116765676 0.27407059705785886 0.2675525897297397 0.27000447435121094 0.2894043976092226 0.2798727534376715
0.5455537947281613 0.533345906090737 0.5491357604960617 0.5543239394308307 0.4908653254878746 0.47789790278270006 0.4693736566997998 0.4811717486949167 0.4460114769340242 0.43397373426373004 0.44015379591443393 0.4239888129887623 0.42902061110730944 0.4023149437854124 0.38660820058775436 0.33074102200131883 0.3312412301240561 0.3294843817952642 0.3397946225068209 0.32204243608443966 0.3612621213840478 0.36556855242453806 0.3547811188485369 0.3675087476795631 0.39147283221361917 0.40580701654631607 0.41047880871384845 0.3996425609984512 0.40046204298386046 0.3799876454927132 0.3281932219143411 0.30123409177776916 0.30027090063226053 0.280829716659014 0.28775828073789084 0.3049436797867615 0.26867227484785083 0.26322690562942547 0.2573163123704008 0.24089623268338184 0.2837630469546008 0.27479563396812223 0.2952370507809763
0.5236590280575769 0.517238254803135 0.5206852318736798 0.5543481227033883 0.5067793797171901 0.4699343446218796 0.48819959746261293 0.5067912653262368 0.4693160975085581 0.4475656243588652 0.4565430622842294 0.41311288472234353 0.4402123812168315 0.40852828040942846 0.4134043911864066 0.3691269304596672 0.3350101565162036 0.32360176195273094 0.33298899772601886 0.3600851431559656 0.34445404176080174 0.3231963899559394 0.31356302276876746 0.31840260236725576 0.3793672847628663 0.39146751988527667 0.4014962406700039 0.41636357557872317 0.40204691641827434 0.3365379089439892 0.3456610646570641 0.3148934546401035 0.28849753231026415 0.3017651249974991 0.32929289390642597 0.3110835982100354 0.24637607193505004 0.23762972553168238 0.26606096324920353 0.2522280723152074 0.2795343300540555 0.30656010674652245 0.3186481973209762
0.5577620242433141 0.5731667973749143 0.560415072249985 0.5615478933886399 0.5317438458224707 0.49868533638190854 0.5078045708519922 0.5072743563420561 0.4699359775514808 0.48858225660088733 0.4462886201950666 0.4397483963977229 0.42953404521728283 0.43624914288863936 0.4147663101317286 0.37432481079121127 0.3513122825819527 0.33664931501047946 0.3483200640199913 0.3412898563438072 0.3476507136675515 0.33722366031657536 0.3245212738832471 0.31949018416361497 0.3726035388828248 0.370103064604842 0.39446088017378445 0.386190414731197 0.36712371818728423 0.33830663943186906 0.3280832622606842 0.3098534789153903 0.289794326200796 0.30332653962854933 0.32598076216577454 0.3121857983240006 0.2650561566561241 0.2780800114897353 0.2580948311709812 0.26915100554882504 0.2644132342357533 0.3265676764493377 0.31253733593056704
0.5354352881970742 0.5699496529520969 0.5772114095358469 0.5499631051820807 0.5292578862966517 0.5269843193175088 0.5180850751144873 0.4895578336400907 0.5016607332377462 0.5130113033512755 0.4605328982372381 0.46071320268025123 0.41452732769605016 0.438572123480715 0.40957151051230634 0.3490758776368425 0.36036849227544904 0.3401296131830025 0.3315361568313638 0.3163703924746401 0.35758807842511026 0.3281937320955763 0.366457135616874 0.36157309281719285 0.3719791386516568 0.34640803802152953 0.3369338118446673 0.3318318922439658 0.33827849817702393 0.3079560209362336 0.33507430299468427 0.306822695050353 0.3290022588742874 0.32843677837942686 0.3357580901367733 0.30888168690475126 0.28134347669437787 0.2519935825288602 0.27715178326974466 0.27028362721012134 0.2897763385806683 0.3282343572538591 0.2978514612679315
0.5621563679315382 0.5754482552779904 0.5799333289972411 0.5459048648506969 0.5254104308495215 0.5262286415429833 0.5317092431317275 0.5061759570045754 0.5275691041937418 0.497738457736828 0.5011305455688959 0.46067702422049145 0.4261672717439138 0.4241533212399075 0.4152890255119875 0.3840477395626624 0.36700520828323 0.3234582289078841 0.3123660901127639 0.3248148958274903 0.3436648945858229 0.3187518361191473 0.37388730019153654 0.3978936640247155 0.3620069094967911 0.3370922907517478 0.3418238365899508 0.3033457358583334 0.31850624473280775 0.29384233202343313 0.2978357137666175 0.27777106793461304 0.30191093386946466 0.3219364541893027 0.3232502312940984 0.304405574018642 0.26294790390215994 0.2549997470338334 0.2826826773070011 0.29894373032043253 0.2926624233467161 0.32041586548178574 0.2996664255254219
0.6048109753881756 0.6062243656931899 0.5960984363620307 0.5414289971928011 0.5685708037185913 0.5772341718356941 0.5628912940891007 0.5498518797666533 0.5526910807731864 0.5361387226627525 0.5146198776829163 0.470691502916719 0.4276860299977718 0.42495218396231904 0.3895779189019525 0.3721468277756777 0.3691610648427016 0.35048072545829534 0.3286624220047227 0.32163751076499525 0.32977279750723343 0.32689855756955494 0.3863167248701453 0.3963124389643 0.3441259763785946 0.33422172961748725 0.3417747409368347 0.31250515366597953 0.32433469568210266 0.27614261686697045 0.2673466545413313 0.27554678684114203 0.27813845030618395 0.3198373400510053 0.2843558272468546 0.2717558200981827 0.25383009370285675 0.29586104564167837 0.2612177192279137 0.2658054280142797 0.2593113244955954 0.26932524843535405 0.2885128272245096
0.6295109207384308 0.6193290840763612 0.5716696624136264 0.5703642950206018 0.5935254309174286 0.5767972232582409 0.5938454806847756 0.5978237089170415 0.5617484510858614 0.5391465535147658 0.5223749896639773 0.5096021180041554 0.47401249502534704 0.456514725738314 0.4033044979940221 0.3924341661215412 0.35574838652296936 0.3270698885814715 0.31660964554250604 0.35137570129067214 0.36095975208974096 0.3790428942273127 0.38892508077367993 0.39985539657862196 0.3723730584057062 0.34852179904921904 0.321407793213549 0.3443414371092586 0.31969964357129693 0.28466945357001666 0.2908632000140143 0.27104061146175085 0.27542345602002927 0.26442222792081627 0.29040146153060226 0.2887975595725229 0.2581900650432627 0.2764196449021956 0.28515859274066224 0.2802279257053947 0.2817178338003864 0.27125455354151967 0.2846181723717804
0.6317402825726136 0.5886672695104496 0.5884051527512948 0.5667079685468053 0.5840527999462947 0.617745014243107 0.6058570411997426 0.6093224287236698 0.558446171353005 0.5318515188791745 0.5413518362928841 0.5316860224855835 0.4985143760799853 0.4525699046545092 0.42008481089708544 0.3733736681963381 0.3758166358311832 0.3508530647664514 0.36653286241227795 0.3374029396175561 0.3513109177432401 0.3895016992413237 0.3854501948104675 0.3784586650411751 0.36922807635111987 0.34975087939281724 0.3467239247828844 0.35722932913704303 0.3525109918083174 0.32725096092878925 0.3118306723930731 0.3134894386948792 0.3012221620406737 0.2683969943026964 0.27468239403644873 0.2975029205131829 0.2925454800203827 0.259916948593676 0.2713823000212142 0.320364698807002 0.32919126892070005 0.32510858551365 0.3175457231531311
