Raster_benchmarking/Raster/continuous/raster-3.asc
NCOLS 100
NROWS 100
XLLCORNER 1743157.627584612
YLLCORNER 5469296.455760952
CELLSIZE 10
NODATA_VALUE -9999
[rows 38 to 56 of 100, columns 0 to 42 of 100]
0.4214762283667767 0.4716705070161879 0.49857611381013917 0.4522132121103847 0.43775617612083323 0.42788882921895144 0.4138302843554341 0.4661573445141651 0.47543608371137697 0.47519912169722456 0.5188623138909383 0.5365592383937304 0.5468453332942037 0.5796714370657217 0.5760366439103489 0.5547843307263579 0.6051502111001661 0.5900086536987796 0.6036148932727075 0.6029121574631808 0.569412538139881 0.5585712778909888 0.5031728014841389 0.5179729440094176 0.47029511308877636 0.472511995479075 0.4319964657782454 0.4998351231303698 0.5034673750067082 0.5590138299988638 0.5708821715311736 0.5842185324129229 0.6250628517993312 0.6275719192714581 0.6554315062091118 0.6805013252059863 0.6617228299423356 0.6983716964365211 0.6837214219825304 0.7049510569551792 0.6834144383386027 0.7195215847561477 0.7448348535089963
0.4799510245085602 0.5073077036902113 0.4900865043306446 0.4830103817551991 0.479714941236958 0.4575128991218433 0.4594235138202468 0.4743037506385339 0.479031488102279 0.5009905304885569 0.5599254386339794 0.5383928312355531 0.5858027538185082 0.5974435824408453 0.59777656715348 0.5924341975770812 0.6086398019347105 0.6323864363138201 0.5897133357006856 0.5846245220445623 0.5712676916304869 0.5434613946302136 0.5697316952381719 0.5401172641414715 0.5315307976960537 0.49202259060376624 0.49006501722937107 0.5071560309063916 0.5181448013446678 0.5565097542620157 0.6092778097278805 0.6372998406943641 0.656807981760334 0.6681370540652125 0.6701861446789418 0.7123929333802219 0.7108653143962367 0.6973863814205905 0.7205546883053414 0.7009947923940496 0.7194609477538696 0.7158707527512395 0.7333319330210614
0.5136170403329904 0.5149377145535307 0.5186892301791294 0.5189326541318748 0.5253094851094888 0.5076648220734459 0.4547226515408922 0.5143814537508148 0.517818796467727 0.5265766369232165 0.582552113899183 0.554262810867392 0.6005282011530629 0.623973005165936 0.6284241172819439 0.6045013039277675 0.6409203115674645 0.644755366726634 0.6294511550043757 0.6185113903198766 0.5945521162449549 0.5878812829521746 0.5915048076763998 0.5950307841792165 0.5727020868417113 0.5030670934943532 0.48290020265716005 0.5333673555059176 0.5725208024533581 0.6112347915127007 0.6471668304776741 0.6936117440485486 0.7060432094992414 0.72578591608551 0.7067782419196869 0.7445941978441768 0.7348079652789686 0.7289368582930394 0.7460170154440675 0.7686031030613422 0.7677526201243594 0.7414217476520576 0.7550982064750607
0.5073982855044382 0.5008024745818317 0.5281140630308505 0.5476944278817225 0.5355267683759863 0.5393889960842614 0.49855139163169493 0.5121555316768198 0.5207279854204285 0.539689772622012 0.575056807637179 0.5675780906514317 0.5811927849710413 0.6219224158699636 0.6234176915338854 0.6455417261019385 0.6657567106327289 0.6283876641348278 0.6223362524105153 0.6227915376581563 0.6121754180324558 0.5872741569006961 0.5991203911434105 0.6094455454371608 0.5866211129589801 0.5365755239054201 0.5566125026878954 0.5799052502143839 0.596167368307051 0.6088124844993558 0.6890525802823619 0.7030703859863617 0.7079290859433045 0.731002696394887 0.7471448821669908 0.7260600625570548 0.7424066684833744 0.7658965923633339 0.7897443752912184 0.768317718842108 0.7710242829991127 0.7459750487493765 0.7188675555118084
0.5124355599157914 0.5081083592798543 0.5140545359979024 0.5410778124482347 0.5451486032801104 0.5530087320829457 0.5394343031235548 0.5398990855740606 0.547701089455108 0.5483146313513343 0.5762256353600693 0.5895920865255201 0.5985906964078352 0.6095572138192135 0.6044384645174923 0.6354586272230847 0.6456108588867014 0.6242523250950118 0.6152031559731422 0.6079107790800655 0.6477360967315832 0.6191567202247241 0.5854188584515151 0.6042498751117421 0.5964993601262515 0.5600374229390082 0.5541767152869002 0.6084309422131503 0.612708998299768 0.6697934553606153 0.7026896649701504 0.6853091113875902 0.7158416724551532 0.7426123325314017 0.723881995201879 0.718246168093906 0.7434094297237369 0.7611206510454878 0.7949963833939351 0.7877753686318669 0.7161425062416201 0.7421584987470423 0.7063663953693037
0.475724658845149 0.5028762146389181 0.5327054803209303 0.5123877815662903 0.5321676489628121 0.5573479963262961 0.5569254797679433 0.5701087279868529 0.5813661938204917 0.5662013881657679 0.59584759385754 0.6218837877037524 0.6329622084927113 0.6684663344776783 0.6264883242902204 0.6339193123797858 0.6475757702490154 0.6128485278324945 0.6051112334345163 0.6182471431389253 0.6379668013604566 0.6194422544847609 0.6171150526097037 0.625987935369287 0.6495287446257669 0.6191630089295154 0.6307491309454557 0.6282366979574797 0.674277193913021 0.6967940662425016 0.6981965074823873 0.7216908566524695 0.7060029517282811 0.6978273666564108 0.7246183253190532 0.728284552919773 0.7767380240745594 0.7993100970757933 0.7708735557101312 0.7749632057632831 0.7586372678606149 0.7103205216630979 0.7278053132806478
0.45411869063444577 0.49445028178441247 0.5073626395025542 0.4909966964871544 0.5085168549514358 0.5494523011158606 0.5894560459052888 0.5634004207405855 0.5805359550335193 0.570895598236609 0.6119856243673797 0.6341130743420388 0.6831399240989446 0.6995222241798164 0.6864426619381403 0.6486770339485918 0.6043253755095666 0.6160740233331642 0.6002305891330444 0.6016341785706959 0.6213296457446829 0.5982146798523097 0.600180033340809 0.6119644090485177 0.6566275918752827 0.6701664422068471 0.6619913248711724 0.6431227706538241 0.6674841367254234 0.6729660264860557 0.7300946255672175 0.7481232132890555 0.751192523320095 0.7146921331338303 0.6802501185057854 0.7498968331347907 0.7858899619268823 0.7930874523858024 0.8165482452892016 0.7705295847180857 0.7348127125094545 0.7151996078941711 0.7113848286639174
0.45553343090111276 0.4911511280876411 0.4722879172696903 0.5110680760228575 0.5276140500530527 0.5646935546791602 0.5494465686182851 0.5624700694229253 0.5782999263602919 0.611800785778983 0.6594882386232959 0.6601330554190559 0.6910355692351463 0.7093120737802401 0.6999494385757914 0.6506960918413566 0.6190002472993119 0.6130208364413815 0.6049944988090498 0.6411466484161179 0.6512283378164896 0.6526561610597996 0.6259966179441094 0.6323799511301201 0.651800005942287 0.6780511391043357 0.6891057860455303 0.6762372037363249 0.675087169036464 0.68824819715285 0.6953743254538631 0.7255369325076904 0.7151718275865508 0.7217295852046871 0.6851330076414729 0.712230546973225 0.7469942329642386 0.813259568001093 0.8282117766421049 0.7817298969891476 0.7752963518069734 0.7665421021630674 0.7686403268363932
0.4992988291650437 0.4816944188874395 0.4798483303255075 0.5151629168952354 0.5412157343939775 0.5713200001913304 0.5651615887940906 0.5840024096293576 0.5989086365854891 0.6107705627844354 0.6551529473747009 0.6797891348450109 0.6996077210588221 0.7275849915758859 0.7102493136947057 0.6591552956049811 0.644534928518006 0.6350510103294793 0.6356818824584719 0.665757174067485 0.6756750586929444 0.6846200895910305 0.6732901912792193 0.6489811143013309 0.6616127139771893 0.6519226270636601 0.6641728353525652 0.6862679931696847 0.70021110373771 0.710816172953076 0.7265083993759114 0.7403009531199399 0.7379951815352006 0.7180410611373034 0.7136897098563795 0.7216287701421462 0.7572091147120682 0.7821077400520331 0.8150988681708696 0.808628608253963 0.7740200433431965 0.761224871276162 0.7756621591623062
0.47927577191551163 0.47969020925633865 0.47637844170832133 0.49280564352778783 0.5310780076339796 0.5924268773552596 0.6102978676926967 0.6237559090547669 0.6023936716811851 0.6232641781469708 0.6563471956738892 0.6999943369073628 0.7266975524933617 0.7186518586380606 0.7371308959317485 0.6986901178846371 0.6952342306445516 0.6589912898891823 0.6433074797912512 0.6527405509281072 0.6465269691835253 0.6656635614759364 0.6854865021948562 0.6701681795237042 0.6922552570608919 0.6746534824682616 0.7041525605515778 0.7036089389825576 0.7106640302790108 0.7427279937149768 0.764485068780575 0.7469372995095332 0.7564044348259304 0.7412058249831358 0.7330872428646097 0.7532865177266298 0.7629145525861086 0.7444543153746727 0.7911037761651627 0.7743034465713463 0.7808770041238788 0.7801438993425812 0.7849194869443835
0.4222268889689588 0.4578295193391731 0.5024139377445818 0.5144273854330932 0.5474179177543801 0.5803509111861637 0.6160897709617875 0.621812701051802 0.6353464556958478 0.6301275423210649 0.6369659859898193 0.6956794476392235 0.7158958993401062 0.7248245332621314 0.7238956536631845 0.7081821516103642 0.7287647397581997 0.7184610585754897 0.7229569172238497 0.6919171846047844 0.6700757196744432 0.694538307623179 0.6940299840420641 0.713955849530419 0.7015576498863558 0.7200949368767077 0.7102806974588517 0.7511263481940957 0.7486384022335959 0.7476277893941091 0.743604130560227 0.7556157759482732 0.7147537748796116 0.7510396091158258 0.7545530905418562 0.7511629912586499 0.738107932183498 0.7232283046180042 0.7588019675905737 0.7771062524324841 0.7552244724397097 0.739219469009789 0.759780501348375
0.426609631792839 0.4317456821202839 0.4741617324761076 0.47030760929262 0.5395302068268505 0.577067897125696 0.5673255238368053 0.5958288265578825 0.6234658683654831 0.6510790206100007 0.6469214651888323 0.6780133810721841 0.6736126470680026 0.7031263407555932 0.7087776170911001 0.7242997590243321 0.7532334122104106 0.7161317127923355 0.7247337145687095 0.7282832141924732 0.7444004873048368 0.7214427598132626 0.6955333432377642 0.6949764592933655 0.7154126360597389 0.7518904011889279 0.7634477128971773 0.7737624283742417 0.7484703351063785 0.7565918307481985 0.7396775498933107 0.7608778623168196 0.7624594530801961 0.7213749307952627 0.7574267815124198 0.7523009851335154 0.7569711351681301 0.7531694408605928 0.774329725364514 0.7781666980465911 0.7472042796556718 0.7490855049399389 0.7302016943649227
0.39575691871760854 0.43845607845955664 0.42616757590809684 0.46838687072838386 0.48196824892106965 0.5619677301416344 0.5778986257962409 0.5854234232364269 0.643978671986155 0.6702599240990352 0.648373045014837 0.6864300656958975 0.6479633531440052 0.6955220993250569 0.6981077297575947 0.7270612128143018 0.7559936951765339 0.7552696965935569 0.7594281574052477 0.7591581492778813 0.7597968822659724 0.7482640968836695 0.7071252527636585 0.7227887266610271 0.7169773978355642 0.741844729981845 0.7865887880640883 0.7944931994227425 0.7922594880838393 0.7476400416426306 0.7411385602738054 0.7699306049182703 0.7646327057276427 0.7643527353549271 0.7424558328662068 0.743750623405535 0.7430228510148345 0.799505276784019 0.8206084173708994 0.7925358092537816 0.7910971402623936 0.7692756077878559 0.7468155303063765
0.36830971261151174 0.41644250811088646 0.4376517466058628 0.4427385214817609 0.46683593858432326 0.5322633365140996 0.5289614616524525 0.5654266538341921 0.6119606758118306 0.6450436814155556 0.6373497663517281 0.6736596422256153 0.6627628258753957 0.6800244360060683 0.686536777567924 0.7360150784092406 0.7419788921611181 0.7483255614082001 0.7397644956403227 0.7909256291672419 0.7744494257239322 0.7479421457568335 0.7292550146982854 0.7404373332257935 0.749618102795345 0.7590588206966306 0.77835838693709 0.8201085233611979 0.7740538963974605 0.7668571377567246 0.7464836797766712 0.751131604610502 0.7446061229877494 0.7301087546394467 0.7425102931456068 0.7916868168665716 0.7905080368869133 0.7854865130796529 0.8254001056295147 0.8033782891067541 0.795254583928155 0.8196852407422449 0.7689083855914384
0.39378226213193207 0.42757018491317017 0.468453631439768 0.4651218534877891 0.47573818754886077 0.49263873681226683 0.5099494578563254 0.5711761248638303 0.6250213127106726 0.6155637204897781 0.6523047004333801 0.6484746326944473 0.6546769271379529 0.6829181652077998 0.7324416545299989 0.7536078309200412 0.7254390708944497 0.7508872449010446 0.7454033941437495 0.7596187122166415 0.801675944256214 0.7709687577643908 0.7836561678596284 0.7551373529869173 0.7934457751028156 0.783761099570633 0.8016044413860332 0.7910047827766367 0.8010332072202978 0.7850029705217574 0.7566206261915179 0.7684653519963852 0.726979556904284 0.7704659026664172 0.7872233294983033 0.8008446627673448 0.8386848994213185 0.8413154427184509 0.8332257365696532 0.8415010102372433 0.8396883148523403 0.847906730002657 0.825439413479989
0.38334627984667835 0.41800427695570624 0.4221451867007725 0.4617340465072303 0.49667517766894675 0.47746140306748314 0.5217841078790271 0.5587083159683762 0.5796153909473682 0.5901633389613782 0.6045637395436695 0.6273978611805785 0.671065468602935 0.6740454772484601 0.6822768136926414 0.7206245033482763 0.7359153527795509 0.7498623296135174 0.748584122731698 0.7691780810849533 0.7606119986843499 0.7609089522273801 0.7746743735979984 0.7892476921779239 0.7926810654214981 0.8151428748215263 0.8256998360715955 0.8114376611382996 0.8203628566024637 0.7708850969158063 0.7709665304764344 0.7710140322825043 0.7393881026337804 0.7552933602163914 0.7984718993394547 0.8275072900853201 0.8085698660080071 0.8219298197268731 0.8338846775257226 0.8679798849111912 0.8571605645931666 0.8436721601379483 0.8367066062146891
0.37905830528147966 0.4027104937388557 0.4322269543284482 0.46451167513714864 0.4865239512406305 0.47867615689997595 0.4810414492575922 0.5041279691840711 0.5387493703024718 0.6012829440516894 0.6392531820463098 0.635686864704134 0.6262754043610396 0.6716557895782069 0.6600864707588231 0.7135667893780204 0.7275181468998112 0.7521352605173294 0.7719974233268749 0.7446899483207402 0.7569753888375521 0.7395384910381144 0.7659242675734266 0.7409978419097201 0.7523392182322561 0.8144520954630451 0.810942112440092 0.7936936059423368 0.8037049001442793 0.7828134706076538 0.7674455542993152 0.749506182580963 0.7573438408185105 0.7694435228315448 0.7790227964419242 0.7962542406724465 0.8304838254339366 0.8257850255237071 0.8827791609316756 0.8992853636087874 0.8681125802914977 0.8363536584831508 0.8110717567362032
0.37722410761752695 0.4274572583635033 0.4336420156734213 0.4432375151605655 0.47046420063980926 0.5076129176570205 0.5238704130823604 0.5223242933018556 0.5336775721089033 0.5681234609221177 0.5748937821917341 0.5915769374484406 0.6288334837725854 0.6397144606788756 0.6681417549007539 0.6718434876926717 0.7113118063793867 0.7691273609385522 0.7545768112537 0.7447777541014977 0.7615442374625163 0.7723674107125167 0.754982133323406 0.7558637452417645 0.7408501858097548 0.7947418518401174 0.8122391598740384 0.8280513692249424 0.7869102211514399 0.7789835804684145 0.7600161349530432 0.7816586392018489 0.749424971703034 0.7552019396337943 0.7685377378773319 0.8069418215866035 0.8465375754977122 0.832566460762315 0.8801986631324312 0.9077028125261853 0.888626956069353 0.8797026523677929 0.8838474794740875
0.3478269579727711 0.3891514072043246 0.46121015312935404 0.4684325234565577 0.4868312092090292 0.510022669399034 0.5537673802292724 0.5455558827098043 0.5787292723441282 0.5939474478317438 0.583525725172412 0.6144765861400177 0.5952495921204107 0.6626206661487575 0.6719486683601014 0.6637537729800045 0.6922241029969892 0.7663743124475186 0.7883249839233087 0.761322866284445 0.7385503187859662 0.7209723892325977 0.725954861317503 0.7417306228453174 0.7534710520240248 0.8069479515809362 0.8307910221973 0.8556392671442608 0.8382465188222147 0.8066873768113841 0.7703926913905749 0.7874362319711761 0.7612125710417735 0.78640048203906 0.7815909582897659 0.8038274628685862 0.8198759100312333 0.8433972673540807 0.8991355711932285 0.9055613438549529 0.8991545562718357 0.8683606705161301 0.8826109139358553
