Raster_benchmarking/Raster/continuous/raster-195.asc
NCOLS 100
NROWS 100
XLLCORNER 1743161.4361023498
YLLCORNER 5469284.977094476
CELLSIZE 10
NODATA_VALUE -9999
[rows 38 to 56 of 100, columns 43 to 85 of 100]
0.4703550820187372 0.4819876208184275 0.5301512455797197 0.5107320205573543 0.5023799233867459 0.4868499705963963 0.43502437758229107 0.39193458702274225 0.4126725429980511 0.4471239314291986 0.445005465379725 0.3854155385319567 0.3916538107031191 0.36935088293969504 0.336392282960417 0.3052325604133449 0.3249615017250117 0.29987409832845957 0.22381823027899023 0.21467711453461155 0.2415803182039072 0.26255021425511227 0.25132859258378865 0.2651693238400015 0.2515668738044876 0.2643431094686282 0.20621354225899283 0.17156539532420628 0.1339156192513516 0.1358358344075058 0.16340691447998099 0.20990853162264375 0.18746620946687362 0.19492284592598796 0.18141687368603954 0.18293847884480643 0.2286416291978813 0.19399623515975178 0.17541456751967405 0.21712612031785594 0.1645928933532856 0.20904956267625982 0.20294246158901014
0.439884716028964 0.4831318793035147 0.49462356346242387 0.48876028536350397 0.4781172011409402 0.4825555388564079 0.4628701401728066 0.4157904936068121 0.43941303271963644 0.41831589425112337 0.4300015011899368 0.3779870807708754 0.3851280739375447 0.3430064863044925 0.36100847586027646 0.30712739528096195 0.2719032071410611 0.2769139836306836 0.2282841094064455 0.22563602078956632 0.2638560818549727 0.256192183862089 0.2540424091641387 0.27051140859087647 0.2626645993527643 0.24040408844179836 0.19807958427747302 0.17277985771902882 0.18378920223011425 0.1727788145517128 0.17090080832440407 0.2068732168930425 0.2149237083312137 0.16998176913271434 0.1967509795450739 0.20934139078600822 0.2143651106008778 0.20185563638683038 0.17194118386485363 0.18854192277599569 0.2169880143860428 0.22111174406392262 0.22892421268574753
0.4323426416846809 0.43533973203449317 0.49198107889768794 0.49101341330863024 0.4552584189701956 0.5018530759293371 0.4788885941617788 0.42354264624119187 0.4468864312080791 0.4232446275159064 0.37245309595606496 0.3656297578797788 0.3705333368651885 0.39035759073069065 0.3861396886213006 0.3366788139928906 0.2813305469986558 0.2600381477023423 0.24525442213192633 0.2520914899163933 0.2662127058962214 0.2735333131495744 0.24574611050934733 0.29365661968535156 0.28642725666432195 0.24008072940387729 0.1909267754201509 0.16781308932676872 0.16678417109756377 0.20440970442394324 0.22877069922778046 0.1960157047649213 0.1931208445025324 0.21581744879324674 0.2241552173900287 0.20324794828398507 0.22329980675993527 0.2236282811038146 0.17534218016814956 0.17682684204489443 0.1939269198329693 0.20637597891914408 0.22534804974391698
0.3835293287649435 0.40192168912025145 0.46056386693295603 0.4488465082443997 0.44877021124334315 0.4836232650423984 0.45370156091381947 0.4578116655727961 0.4441434469546141 0.4239403666336217 0.3797627245582482 0.3466266997254513 0.3630764893175786 0.3479658778238344 0.3724729275962879 0.34419973963861905 0.29992896454491486 0.266837629931342 0.24851640997958738 0.2566123024089974 0.25322075184871295 0.28951011073859373 0.26137686374933916 0.2729053031480742 0.2438484547185839 0.2568161906432707 0.23523744429743582 0.18740098822106638 0.20634573331271677 0.242207190782159 0.2622068040926238 0.24566285415370406 0.2529027833527697 0.2121818826080103 0.2581085895595196 0.26197478927565737 0.22746903773463414 0.23990068096331568 0.23028596205841562 0.22220831183192416 0.20334553798917518 0.1923514714152191 0.23013362200020127
0.38511027891869243 0.40571936855037277 0.4021619044362618 0.45480733073100066 0.48646042749749213 0.47223779987864944 0.4968746123181662 0.49590041302311516 0.4642945573003415 0.4543687531859796 0.41095226574733357 0.39335628837103104 0.34595857458166546 0.3917994372666625 0.39675682893484293 0.3244457492285485 0.27467611402146164 0.2972357059274172 0.2641023529040539 0.27757345688835083 0.3051426474313051 0.2999965460581901 0.27211556834228745 0.27081060845823196 0.21153127514926792 0.242734847325558 0.2375239976947046 0.20329317725626206 0.23496524728639478 0.21062741436498753 0.2260223737180705 0.24208288827374086 0.2734299192207537 0.27083524663976216 0.2615555874727287 0.24989445521989093 0.2838685615300094 0.24860813263659712 0.19478979348905112 0.2426420107643125 0.2315652832607032 0.19988770690439064 0.2235168082603831
0.3979107046504484 0.4191615317005797 0.43501805108156033 0.4659468940816546 0.4744339108058682 0.47343106706197924 0.4507418894244041 0.4723936882986329 0.472506703269059 0.4280586994420574 0.3919073972709961 0.4081184916828168 0.39446797092506525 0.38561543506064444 0.3648920320462141 0.3449239337359442 0.3097124398653264 0.2860704816193049 0.24575148148226886 0.2568677841506677 0.2626941177038082 0.27738302539335635 0.27820982173822917 0.2579962758414245 0.1908199071502227 0.18705366512949853 0.19276539280451535 0.22064628322410076 0.24536453071731237 0.23081161668501235 0.2577564239968535 0.26133300094828954 0.24313105271241972 0.28757232858421916 0.27709480117644175 0.25852051578471325 0.26418438850707393 0.2760591182018778 0.22342432798369344 0.2550572673931343 0.27179127925677343 0.24857755202211437 0.20917606073830292
0.42610403864711005 0.4592506176904357 0.46627255461182554 0.4818220201059939 0.46537646231221147 0.4325528574399546 0.42044463568327567 0.40676339612885853 0.4194639378354175 0.4221631644018664 0.4018349689908873 0.4250276839289482 0.3839461769764834 0.3637602667828815 0.3787231377272886 0.32932403678469724 0.3153918686313747 0.3050357880391627 0.2892707414787559 0.28537930190905925 0.2323545599150338 0.26769636622618853 0.27698141784258146 0.23834872775016586 0.2146800635400541 0.182657943352609 0.17979980018504085 0.18472057686088392 0.181786450596059 0.23345330788582522 0.21638970086042167 0.24574766801082346 0.26239434775452736 0.2572908970561647 0.2820879828062068 0.2556148989873581 0.27700171383245725 0.2847350867713295 0.27694539553125463 0.2897922205807706 0.2730619756940093 0.234881482272665 0.21578060705049307
0.4410947165461289 0.496965192492701 0.49008525417604465 0.4892790522536408 0.45580873030252655 0.46389360658180323 0.4634322200025005 0.42094602375669093 0.41022507034368844 0.4044431903984751 0.4284502245088375 0.4062430401131946 0.38198701838816485 0.3669614520388869 0.3488335205688925 0.35310574742996653 0.3141219390889272 0.28140847072794406 0.28205576421582984 0.25154244358053096 0.23878688008007085 0.22886647193394982 0.23320941929247205 0.25153942656136463 0.2317509949412122 0.2616158237236246 0.23958075448002944 0.23853432874515526 0.19999127423528215 0.20883686095425025 0.18814046582286748 0.2313549416174674 0.22765100033345334 0.24678896728543095 0.26794522775016566 0.2696220535178656 0.260121157172704 0.2835479743601559 0.2702668235390596 0.27608624660707937 0.25872393249468684 0.24540749275501808 0.265844605030402
0.5062570506862281 0.5074035499758522 0.5068048454133508 0.4796992322457196 0.46323468826214764 0.47884804901718453 0.46900554355127017 0.4385249196318793 0.40150837875636053 0.4464310015677472 0.4676781185750171 0.4517134419752408 0.3999564076356144 0.3693909280577725 0.33100939909823957 0.36351550657478193 0.3421313690699168 0.3083240505943674 0.2825011828123424 0.2392162401198984 0.22769534752289147 0.2658196116430104 0.26376331308105777 0.2886370344529486 0.2933414854553631 0.2590954583234813 0.2522003543354202 0.2549649364353986 0.24985710891658588 0.22845357459383883 0.2004185267012351 0.22979226880764303 0.20147508634745312 0.21720105492061423 0.21858519978616206 0.2181744700034716 0.27332935880110354 0.275112837725516 0.30091206699002415 0.2663917370431333 0.2781408292556455 0.282096627240696 0.2572321308950361
0.47618227668085655 0.5019885095682078 0.5125902374612986 0.4927352245462878 0.47379648778895456 0.4643332978902235 0.48588227411200857 0.44928602958693403 0.4079119924097411 0.41469769324069944 0.44284834428244163 0.4302483321613341 0.4321755687286114 0.3814144640441305 0.3240845503831024 0.3191883398335956 0.3284041054118281 0.28514084100231507 0.2663767088052973 0.2571377762622092 0.22237812374554605 0.23112369297182567 0.23464181387543953 0.2521460351014696 0.29192073185492584 0.2779700401403221 0.3102760594996435 0.293511220018991 0.27953192769304247 0.24023781450457185 0.22627227594044097 0.2521474635097754 0.2335838286970285 0.24448616602632908 0.24846510507027986 0.2217387690906501 0.23423880466136499 0.25192019502045865 0.27624669812737623 0.27681072234034365 0.28918734492210646 0.26995421799425534 0.24545396080570359
0.5084545099898604 0.4661244244541099 0.5001922345288949 0.4706373794012025 0.5017535376916797 0.4958676738109099 0.4937877535456456 0.43561599348674457 0.41899483414579636 0.430150705990993 0.41414560549052504 0.4338077966566251 0.410333029073519 0.3473656069377199 0.27991279713922007 0.2717255742793506 0.30483736040403786 0.28218123465553635 0.2869139526317472 0.2691769687606798 0.20792837995435737 0.2253270706683853 0.26082980595762717 0.26550611083029 0.2776778258095263 0.29618854332077654 0.3257380376513821 0.3033220563538253 0.2658601562749674 0.27542284698578157 0.25521893300009346 0.2629893393506748 0.23861333160412318 0.22888592688601883 0.2627712983238231 0.20713444026539587 0.20502027685490432 0.2349249957280836 0.26539590740039004 0.2879530656659044 0.30013495102887117 0.26283314961892185 0.25197048340620726
0.45985924809150325 0.4662267069909171 0.46981156309562633 0.4651422537815764 0.46547151857479063 0.5008756664465391 0.4963528776673596 0.45262211984437084 0.41308442530041023 0.4458344915319401 0.43500151676102033 0.4151045042346641 0.4150323073134787 0.3558826695354546 0.28124997546651936 0.2897294663800873 0.29441623370436126 0.2533834463892332 0.2302522893051659 0.25537006054306516 0.23129652615286048 0.23387722259040575 0.2704425323969904 0.27470876508952463 0.30765354539530804 0.3130244329183333 0.3184691952780631 0.32238964421490757 0.3040933417874553 0.3199950847863613 0.2695447476741306 0.25353715881650374 0.2727095173533458 0.24502765224890713 0.22812896768298824 0.219589760607331 0.1925472587690577 0.21027946970024933 0.2106964735649331 0.27144217214134875 0.28877893267161003 0.2856499636083305 0.29552862143367903
0.47186428609971454 0.48057843520088167 0.47849437029844005 0.44653399657591847 0.48923344521443973 0.5122513295187985 0.4743410860264746 0.4577489433426033 0.42405798488757207 0.45199094060861184 0.45103561738339887 0.4046294945907691 0.3672564765351102 0.32174635621632036 0.26270988723294564 0.29756719621668853 0.27886474218614093 0.26804894749293745 0.2358651697005363 0.2456983382272737 0.2394681076008788 0.217183978856227 0.22829905513318902 0.25122103372271415 0.3237467691924507 0.3115219651168051 0.34381271955822423 0.3149595004629078 0.33612555945931794 0.29939824781964897 0.3093398364285965 0.2650327320171313 0.25835056458441 0.25620456748947984 0.2213775620032573 0.23172800991846973 0.23172962844598288 0.19020180789006946 0.19798491581557348 0.25667765284963306 0.25819808499531594 0.2639401013688755 0.3006495520873768
0.4350678907112034 0.4539461655657983 0.4360370004515938 0.4294742560786058 0.4803227962511445 0.4840366959308503 0.44340912346051575 0.43799547159451113 0.41524621605023593 0.4123313233358208 0.41616057693136643 0.4136559111110043 0.404201956435993 0.36107332990073066 0.2943443195727387 0.3144033751389736 0.29006191606870374 0.23887916571548923 0.2464787929001956 0.27245459600059896 0.29013697615564044 0.27162684319741404 0.22601207093496345 0.2546488182595285 0.27656404124510636 0.30745452950609986 0.35189321099709653 0.3431432827493674 0.3324593425327214 0.3160908210834422 0.2916757597256322 0.30728367223171893 0.2791477684411938 0.2567886438546176 0.21870572434502372 0.220906907909706 0.2064939968918214 0.20993711594097691 0.22295660981747853 0.23940994138346286 0.23217669941548613 0.2593530321571434 0.26243480748651815
0.43391190785615275 0.40191392051972746 0.4196357623855189 0.42183516389508335 0.41356073362236057 0.4323235730207328 0.4627147965186473 0.4526274095538283 0.44492207643637116 0.4217815442216143 0.3936326907143189 0.4154651435229766 0.3933007344951406 0.3363032326442333 0.35280349521379795 0.32725126349930184 0.27910483708819056 0.2704624398371447 0.2696657292678995 0.26969740490039684 0.2763785144066516 0.2706344656089769 0.23626495367428205 0.2803136884952164 0.32105023355388534 0.3290620775029567 0.3276885802743829 0.33580225415897597 0.2939833398044467 0.3025019668774102 0.3444540981645788 0.3226443551973312 0.2925384630033814 0.27399813288197417 0.2082626852171321 0.22267763556766076 0.21706081669451507 0.21066743444947458 0.24241166465095518 0.21548982450145338 0.22368869280570555 0.25344251218711056 0.23049210920436755
0.3827025376474996 0.3955822175404969 0.3865957959821417 0.3767005586538813 0.3873420046854761 0.3965481327436562 0.4079176473083744 0.4198520278540712 0.41974007174342964 0.40577154190549747 0.41244362745114227 0.3946955118165712 0.35739155797390604 0.33901502968418523 0.310535215769547 0.27691083378075615 0.2930089374619462 0.2676938700358194 0.27694849963002377 0.30280891259775206 0.2697026533376995 0.24254881167724213 0.25957524230471896 0.2396417372171513 0.2608997704830521 0.3117252397618927 0.2715776898765595 0.27101687003357783 0.3045688205713373 0.2958761542104144 0.3216103576229405 0.3027393725960513 0.2725132517687111 0.23164568837825902 0.19406276502576095 0.21209994028815796 0.2353295745872914 0.24158712372379015 0.2408308775013524 0.22836442546338495 0.22526898326530526 0.22658647296335535 0.19630063171801324
0.38636648319209477 0.36481911405615125 0.3779465727561712 0.37795298032159136 0.36623424458097065 0.3566502698667807 0.4002660148305922 0.4150285697074547 0.413723291613968 0.3992691715506779 0.35190900607073317 0.360195869666037 0.38314798954843027 0.3437503255951497 0.32057733739470573 0.26745551470297146 0.24123759274412804 0.267308516853484 0.29957223750426004 0.3024195114074784 0.2884086431096553 0.2438993888845314 0.2644919876582732 0.21909778826417603 0.2489152487369922 0.2478574283357142 0.25823179074163405 0.2413753468254244 0.28749820484564576 0.3273067383116332 0.3363954487037017 0.28970545727399416 0.2568975418501114 0.2512664896639001 0.2382393762101036 0.24136915340670662 0.21447688926959677 0.19801005865766788 0.2419138833743134 0.21143524368958827 0.19097937867859907 0.19256584798739687 0.16981826629161056
0.38534946426614947 0.3708477220315715 0.3668013904373998 0.3689337899961857 0.37617275709691367 0.3705177846870053 0.3601375490978567 0.40650847449135946 0.4040645436435704 0.40293118606543327 0.3352453720413087 0.3393685731739499 0.32027379365850356 0.31234260555944016 0.3183073202693344 0.2687639470693709 0.2624838420276896 0.2099568972387717 0.2404005864108608 0.2543577384530992 0.24825859655672136 0.22144101393385565 0.21278954386260387 0.23737210306928097 0.2374681085316126 0.24128552526847225 0.2170189118238783 0.2376185502860946 0.2583647609648508 0.32303974697699045 0.3312134232652776 0.2865537969158578 0.28733788601027616 0.2791187483369944 0.21490607660614272 0.20654909139345456 0.2211137639945453 0.18036582129880666 0.19754731239956072 0.2236653288859968 0.21555868191037048 0.16615210272726114 0.17839361786927885
0.3502608933950467 0.3907997899946563 0.4022049643022366 0.38169582724885326 0.410680263167546 0.3545489159078256 0.3629527731069737 0.38980969865509163 0.39368595406423335 0.3816125344200186 0.34077213365825343 0.3598492826435629 0.35625617155812295 0.3394903214844758 0.29536720480504414 0.25837503086246144 0.2311178196703324 0.20421020792886052 0.18107925298093708 0.20101521120619034 0.20754334971456717 0.22599628007051806 0.2261926906727455 0.23057156616120641 0.2187787959315931 0.22901115327315782 0.21712931588773476 0.23866738904610563 0.2739775964179021 0.29009251295412997 0.3046641698447292 0.29258778784529044 0.2895621093997279 0.2706618835594303 0.2474460913834279 0.1900245977056783 0.18288641585591325 0.20080782970120692 0.18195370496224927 0.19956076913944767 0.2367859805656832 0.1864658025637635 0.17244310387035997
