Raster_benchmarking/Raster/continuous/raster-438.asc
NCOLS 100
NROWS 100
XLLCORNER 1743152.510005728
YLLCORNER 5469282.419064949
CELLSIZE 10
NODATA_VALUE -9999
[rows 38 to 56 of 100, columns 43 to 85 of 100]
0.3134433904281669 0.338415977098913 0.3489045360824523 0.3719117614128796 0.39911296748376895 0.37039385371596373 0.39404777590223666 0.40334745009534556 0.4035552726656489 0.4013623483929037 0.39087727222266044 0.4106367141410736 0.4258862303179017 0.4158032351480547 0.3883344407883626 0.3995846145610614 0.45669637065263236 0.4800555864105675 0.46805859197287497 0.4752717402634131 0.4796544260417729 0.46820290329240977 0.4761844406795908 0.5000212712854213 0.5082882869148059 0.5067689831362768 0.5564043867259248 0.5437427464046855 0.5117327127785884 0.5138710956383313 0.5323005231737777 0.52299667696835 0.5455225200245833 0.5078421244779393 0.5162366795838786 0.567599487285996 0.5983920395279425 0.5887070957130531 0.5863635227918932 0.5358193635536569 0.5364083040226565 0.5262712542504296 0.5320329862306724
0.33740650226187524 0.35396137475722905 0.35494213364673494 0.3409214808773694 0.37787893615980556 0.3706933339039965 0.3952054372150186 0.40445690158055014 0.4284822809476922 0.43067010770010633 0.4013973353800846 0.38794856553012524 0.41229672810137435 0.38784496714218364 0.3677700617597399 0.4010436504572998 0.44553783165139876 0.46007470079654667 0.4917104982965596 0.4733130854795839 0.4692339936287011 0.4653712872851773 0.5007460468477982 0.5003872765480978 0.5050760020663567 0.5245333171661646 0.5445209259938717 0.5454387867002419 0.5597619092870021 0.5402491191137756 0.5104282586927414 0.521169349783386 0.49866335872907114 0.5121263035844171 0.5393307662744049 0.5758429509499127 0.6101770895178809 0.6246553912913723 0.614588683882974 0.5863490663882575 0.5472784279812228 0.5609669732018455 0.5616472736757242
0.3497047886315322 0.32946606450667526 0.3204541539775271 0.3369174058906382 0.36157015280708515 0.3450039960154062 0.3801677113156731 0.3958333131262293 0.4529481765786111 0.4464416072255247 0.3905407012366324 0.38731998719632155 0.41665075435740795 0.3777912957748966 0.39084826106904336 0.4207872682117367 0.41204142398246213 0.449533320531619 0.4784027445952315 0.48825395195533094 0.5145553833050297 0.4758237370521705 0.482130482671588 0.5407840238298056 0.5830216302676388 0.5529626329428392 0.5262663450297836 0.5113177346653612 0.5669650959106695 0.5230164643752048 0.5206999235902103 0.500946702383054 0.5035953319202542 0.5118941902414031 0.5676520225386897 0.5843826673780944 0.6150128764078684 0.6414055209171953 0.6163137205435547 0.5943355486152233 0.5475806596909628 0.5540648618218794 0.5655029551327782
0.34111171243410515 0.3378131717144462 0.32739977728199926 0.32235438233933605 0.3621273283327639 0.3589687133373588 0.37720545341811684 0.41788330989505024 0.44327719953194633 0.41850036948048586 0.40202409966490776 0.40620192213485157 0.3914360272951988 0.3835879021767702 0.40875796778389806 0.4048022758136509 0.41609550873981027 0.44078345029734084 0.4615316418660647 0.45490198360012896 0.4679209152498633 0.45911070032840723 0.4999464624564224 0.51762974840403 0.5508145476347792 0.5170484527420554 0.5069001054338041 0.5053913762500907 0.5612182736388147 0.5583550807458257 0.5339076894953996 0.5434176677057031 0.5492934809254613 0.5224755811356913 0.5352453077560644 0.5738074600246423 0.5982500635478983 0.6109107207420919 0.5804324016434504 0.5866933660211705 0.5662887959691164 0.5432859683081379 0.5779216094883752
0.35221815374551735 0.3313672940688583 0.3006440258344046 0.3373070703814434 0.3534025412410764 0.33323515326664116 0.34474784502004174 0.39172027559949346 0.4173048306460335 0.4014524685747403 0.42204620791894587 0.42430545098056827 0.39346777130519006 0.37902264648857986 0.3963317429637215 0.42011242897706097 0.4030981173841148 0.39776197388991175 0.42450120728914087 0.46373884319277126 0.4354913276742139 0.4689949913089761 0.46826843844159466 0.5159086932658813 0.5439824938509452 0.48376554435878566 0.49109465843962175 0.5267589555524105 0.5327454931772319 0.5528781512870282 0.5393225554808392 0.5316545593249989 0.5731664979027614 0.5595569312218625 0.5309783301099911 0.5798709450368413 0.6022286454296664 0.5914452471994217 0.5764668233819387 0.5981640546700789 0.5751565197948928 0.5778217653142764 0.581261788250628
0.34342068764539124 0.3042057331215905 0.31957161422856073 0.3221931143333081 0.3395735685972101 0.3314297306460971 0.3555731049741085 0.3661774877013065 0.4117316936664512 0.407868122580905 0.4076230080064267 0.4348844445104776 0.3949700465081132 0.3950082475048222 0.42078887084704025 0.40776337820133746 0.3992357930618089 0.4239298006167473 0.4242792080791499 0.43882045761083577 0.4452054018137286 0.43225026940711797 0.4354960310464523 0.46799125294291755 0.5175428423952112 0.47725536504279 0.4669801120999659 0.49559994231880766 0.5188770563003564 0.5245567621861019 0.5594644947941826 0.5469493536051996 0.5448573110498134 0.513342649222775 0.5062070148028998 0.5438001013585286 0.5640371933114309 0.5295959058475727 0.5308227120660518 0.58321182139176 0.5638602717208752 0.5996051652733614 0.5631599448605491
0.3037794005031087 0.29276083775276024 0.2653091441874739 0.2799924070552272 0.2862033899539295 0.3083746557148608 0.3324774195539768 0.3772043946869981 0.4243623332385406 0.38571532427122285 0.40523630737149857 0.40372039176839725 0.44164177189394244 0.39660113732198515 0.4081159671034667 0.43132559098167245 0.4207530568055431 0.415166049838901 0.45255137168173226 0.44773361705018183 0.4156446187001763 0.417532902580948 0.42907414088945967 0.4744214180140112 0.48474952543587496 0.48461165311776255 0.4752977871073063 0.4919229962499155 0.4709164439684909 0.4919165192124136 0.5408804963909 0.5716622950918484 0.5629154470789483 0.5343723035285832 0.4840830954205782 0.49547944248803066 0.5126139694352309 0.5019980778161497 0.5091243168910892 0.5364101029173007 0.5775553881131158 0.5740723629574497 0.5787276821716407
0.3118908736225995 0.30985962268557776 0.3079604254318433 0.32346358585267854 0.3395307041843406 0.31453065146186127 0.34562030853782605 0.37582408993614547 0.4217898619515198 0.4074248580657119 0.40819504306896504 0.427330349259399 0.41592474176388394 0.42962379353862373 0.4136920514793144 0.43784305321837635 0.46472841313349667 0.4521993123171443 0.45910979030978544 0.44222524087923953 0.39786300413113046 0.41994078426774 0.4569628846992415 0.468130885952817 0.4642023120005084 0.4674235849409553 0.4610302642609988 0.45733425053050203 0.47836499129620713 0.5253531096741632 0.509615809162348 0.5364733019782081 0.5624699859800426 0.5116029443242688 0.47891707824629226 0.5081746767872435 0.5153085738405498 0.4991941230394505 0.5081308644138404 0.4983083714907694 0.5035565224630242 0.5235714168827356 0.5335175597935611
0.304341137392485 0.30451466901640756 0.3371210715141624 0.3651248368971331 0.35553513013185767 0.33500532816546397 0.36761949823280243 0.3752538824094585 0.39303627292150406 0.4210254941403831 0.46091779753285106 0.448236149664574 0.45326171941001375 0.43093557241591246 0.42623485492321966 0.47991096932763594 0.48049164786747217 0.4701994362454912 0.483178228552856 0.44320732985505445 0.4160403097937974 0.43388835174634316 0.4276336821504016 0.44663701227142205 0.43170337033711764 0.45508884345337663 0.4574769148982046 0.49062969284856905 0.5181855356108195 0.49879020351274933 0.5012756920770288 0.5243748755860569 0.5474846811086188 0.49232318646923456 0.5009315494867715 0.4897594222280481 0.47210431880410003 0.47618234855953673 0.5034529775624824 0.5058584787137756 0.4710210985433166 0.5102656199624852 0.469433436083881
0.3097507829838313 0.34516713209278216 0.3368260665618931 0.35930962012210454 0.3390487006676939 0.36675981501256916 0.3784855174209929 0.37337802835941236 0.40960023167262616 0.4387709925694503 0.4332152371852488 0.47939415603735813 0.478237318007021 0.4267702336476725 0.43055658382005185 0.47319548613462753 0.5032480797409118 0.46623922914058574 0.4873146502408687 0.484327754224564 0.480631945053246 0.45043766630691146 0.44152869700717595 0.4449155337238812 0.46374646926140717 0.4887684224273624 0.4904748270379046 0.5155725575058832 0.5227969778290888 0.48238248775722087 0.4791709350382701 0.490260902451712 0.5063397259550554 0.4974318494246069 0.5002937518539923 0.4932350964545163 0.47723916962023016 0.502352348422255 0.5093778622826654 0.49952569617520376 0.5091038167428668 0.47616966514858217 0.45926579679814616
0.3130893405861397 0.3543586733911803 0.36074315846534427 0.33803289574669343 0.2937587460581697 0.35330405951809407 0.34751714825312896 0.38164832780669705 0.42872167963183194 0.4142679027933294 0.4371645407844596 0.4740142727893718 0.4645491880846525 0.4268678949455619 0.4534761979342319 0.48298825760526537 0.4927940253686221 0.45580059691048624 0.49474326959709924 0.4882663709773225 0.4776369078179821 0.4471346787540291 0.4680822439907079 0.49985325689794513 0.4960043784687753 0.5077531695111581 0.5325410642853808 0.5445483147967258 0.5302193591461593 0.4710266083981168 0.47380729584316456 0.5136870672575229 0.5084017293895899 0.49603577490431683 0.46818109019493614 0.5179561167730274 0.5254716930465572 0.5246427948860342 0.5130068126410373 0.4843279702881355 0.5043800534757896 0.491502101683798 0.4368269085684995
0.3611393930077551 0.34937158994387935 0.3262959216413254 0.32198495715224856 0.33177410077037023 0.3268763231801809 0.36944386002826707 0.40325486842746755 0.4194175692142879 0.43926336120432957 0.435367028118465 0.46112748539750037 0.4889976461609969 0.4550929342610858 0.4693109041360838 0.4600209022438735 0.4470082843564481 0.45413212101895106 0.483920941936155 0.4909485465118531 0.5043607733937787 0.47681048683733396 0.4641881169989306 0.4916818906135222 0.5138428061076632 0.4847572480279641 0.4932620500440386 0.5065349774419856 0.5099558333159896 0.49477871655477035 0.45716788507102707 0.47950681356384167 0.5007663411149362 0.4705968279202115 0.46243835420737067 0.5101761551131395 0.5081100316760682 0.49976769278169936 0.5110918187950372 0.4761380612393521 0.493382087814499 0.47675508587950904 0.4415137756484658
0.35219038894448906 0.37065801758661465 0.3429050823620003 0.34323493644056124 0.31192134629798873 0.32693731275291116 0.38305588869335994 0.4010664596811629 0.37301825424146573 0.4006500482288426 0.42257882004334846 0.42002505349228386 0.4777453889274863 0.4465754644903851 0.4790639861809297 0.47288690994295784 0.46686185245097783 0.4509275138827735 0.45688844245061716 0.4841846990627977 0.5135575923028901 0.5051302844929488 0.5080201752655747 0.5174712063421426 0.5371846898438334 0.5052169457472324 0.473170336146336 0.4668210638115242 0.4824750046735073 0.4720615431429831 0.45439084905582827 0.4450639878498562 0.4717320555427409 0.4939145725395006 0.49469143810781024 0.5063881593164562 0.5094313974628442 0.49756052847246085 0.46170527984245924 0.49622075852245046 0.4985633990722638 0.4497468008409607 0.4207430939212594
0.3602092215707044 0.34980385706641964 0.35726014607838286 0.3494632008928847 0.353706079071267 0.3800013739302338 0.3566523512706539 0.3546689740007355 0.36564016060336857 0.38294504751968467 0.40007938139525784 0.41507133252587736 0.4354408104159729 0.4694786913567997 0.4751445930142213 0.4497474869073359 0.46217519477115665 0.46120416402257247 0.4654512352966824 0.5007944847675445 0.5015518390419248 0.5035477481722198 0.4824561386325035 0.5146741459526735 0.5156266315621432 0.5027312811374545 0.45027239923196094 0.4507700542735328 0.46612290304386056 0.4665723352227306 0.45719448430116244 0.44045321700318546 0.4654331064000342 0.4461978559850101 0.45689800311384904 0.4763269543641667 0.45667706047956275 0.47649657138799656 0.4567088973586622 0.4569673915223937 0.46973938854836633 0.47156391931387803 0.452135739917696
0.37186564961789287 0.34810178326424784 0.38264186813033446 0.4020669572375028 0.3951978252814072 0.389646028183244 0.362414707869268 0.3699696523164257 0.33088184976199986 0.35526233224706877 0.38642779283741563 0.4232427172308123 0.42246307041690345 0.4250794048011526 0.4394957225033635 0.4467045344962056 0.4645573646500476 0.46814964462148834 0.46848895601354185 0.4862558733170565 0.4770584599547788 0.5034352516957922 0.4805339621992281 0.5125334811620306 0.49781636211465136 0.4868609388443187 0.4453899771993468 0.4613066307434342 0.4294037491736682 0.44093250678464924 0.4270590012246761 0.4374752156366112 0.4471551795041641 0.44927072978723365 0.44101960185658723 0.44392083415100336 0.4033083094970564 0.43586156306092844 0.4520134874808764 0.4463771998036988 0.4491427240784376 0.4158013374563472 0.42641930577859305
0.34244839315051456 0.35618728206205214 0.3719024848235849 0.4024629435413538 0.3591936612977499 0.372160308476901 0.38300546202872293 0.3608969783207148 0.3693183322615166 0.34125658967253053 0.3492432253192162 0.3658275139946125 0.38691402806132635 0.42304884105623697 0.4173612321863699 0.3920095363335414 0.42119696397737655 0.41313611506802345 0.4390961250635161 0.45834267505414833 0.47415568058410434 0.48643420897310835 0.49889939491494634 0.46852239698780196 0.45675293805113903 0.46636181781290986 0.46356731960109165 0.4393149654022905 0.3993230019886107 0.40088936051256774 0.4143875533400196 0.4454048257224487 0.4171341175951722 0.414135961435541 0.38524303499294593 0.4033575002715191 0.40402773285369065 0.4239850270008254 0.42565285437326356 0.4027119282821861 0.43955512868432367 0.4116808816436813 0.401536605707138
0.32513053133319053 0.3784410099892328 0.3807654956406479 0.3915529366494768 0.358973673665882 0.34884227686665575 0.39930065451824637 0.3936894266525681 0.39623569579016166 0.3401717320758238 0.34713590326455995 0.3664105132844928 0.38493323992706924 0.35066312720149273 0.34876987805911647 0.4035332084415643 0.4133789447113428 0.4148644912319661 0.4056274261434348 0.43603858841429466 0.42331322810026695 0.460083187091338 0.4759140850367935 0.46987018576578793 0.44969358523804803 0.48230210396295753 0.45358024221582693 0.4243525736453966 0.40982771190259715 0.40815045120258836 0.4399412064216182 0.40916606487897883 0.4107062620288939 0.40125566499972737 0.37830635876447943 0.39500984162598674 0.4045928353161809 0.37408096091357534 0.35698736462554187 0.39089423353682473 0.4006894176101661 0.40519047061081126 0.39166791963296016
0.3163728154825353 0.3584809590796802 0.3350542105605863 0.3420956096040953 0.35925496930047174 0.3460887310592841 0.37221020637538865 0.3753275198543548 0.3880805719305764 0.350813507666587 0.3698967779312463 0.3445552922653462 0.35796218901571913 0.3431587120532709 0.3444235667328578 0.36973360709986414 0.3976695980189116 0.3690517551024881 0.3544928729411711 0.37803290402519524 0.406954192983319 0.4492978879388281 0.47126762333570293 0.45237926642139104 0.47094653713219653 0.47403539699174907 0.4673280876488425 0.4332565774773613 0.44757475280941034 0.4329396579108228 0.4441661274508677 0.4170280488035409 0.4002102361896081 0.37109304072137206 0.3851644069096432 0.3574749426705562 0.4017636873223074 0.38581264471906856 0.37559292645133885 0.369809037280635 0.3848299181284539 0.3527133755298886 0.36224300198899656
0.30452552948627243 0.339799743573039 0.34633547963455136 0.3733203300060794 0.3505010059803602 0.3694126337671336 0.3724084998335078 0.4027098609049216 0.3741248636998212 0.35308498034597274 0.33874802183668956 0.3438505349330277 0.30839823598922633 0.320604556615281 0.31900424636390384 0.33653534327538276 0.3351914033958148 0.3580739779186891 0.3413502669676001 0.37995085515164073 0.38729741890186575 0.39326035987990066 0.4496391324454705 0.452715579406054 0.5016827306908707 0.4400390139658223 0.4319292066583443 0.46704503156797694 0.4852818749492458 0.42942329547658337 0.44020497594562713 0.40599710838076564 0.3553231451891751 0.35286197217423565 0.35141712572550815 0.37545493667060753 0.37951891619105144 0.36109316120616614 0.3098781185965115 0.3532605543180535 0.33983132002232663 0.32750032643415716 0.373316783659301
