Raster_benchmarking/Raster/continuous/raster-254.asc
NCOLS 100
NROWS 100
XLLCORNER 1743154.0206410442
YLLCORNER 5469281.198818307
CELLSIZE 10
NODATA_VALUE -9999
[rows 0 to 18 of 100, columns 43 to 85 of 100]
0.6331666034411819 0.658777326929427 0.6455526928131736 0.6849829205692496 0.691192404353704 0.69794033179633 0.7254840179790776 0.7534673536899531 0.7578215348272207 0.7288307106641889 0.7086152898735365 0.702578642264639 0.6917039764318956 0.7006459291420292 0.7349309346968308 0.8017592252428059 0.7993234276954065 0.8095124667236961 0.8050245543695042 0.8216008804078708 0.7820339110734353 0.7980937041845166 0.7918792552561901 0.7827827393468736 0.7616953594839719 0.7884093113744417 0.7396091361737873 0.7345674687591933 0.7732734710155563 0.7756325366993538 0.7658351347794327 0.7494059974988463 0.7827940326640092 0.7504596610275149 0.7370970467753198 0.7224961657041481 0.7365812962523498 0.7613165049382795 0.7681374706374989 0.7913618746435245 0.802688533134921 0.8095347189254116 0.7916429244913932
0.6441520012594685 0.6697993570561374 0.6882657402887585 0.7339790483608603 0.7178926034406125 0.7106958606940547 0.7339078657430922 0.7471245847516264 0.7210424086941553 0.7134977290516763 0.7286914468523128 0.7264827977876793 0.6963537253418856 0.7057094863997281 0.7509312250309204 0.7712296119749646 0.7769761578502627 0.7843191533317929 0.8049483126181959 0.8111038353467936 0.7862104069589001 0.7506816825683102 0.778043302558063 0.786999199994718 0.7718534495504472 0.7575465424905284 0.7418842394756063 0.7340014897173703 0.7564309595854406 0.7524430517854173 0.7388760916984999 0.7720522109534113 0.7654702997308688 0.7699231458221859 0.7263038352477186 0.7218942791610948 0.7547332485347757 0.7754889318211782 0.7712398131794137 0.7873457066387151 0.7990409350450708 0.7964774934529532 0.7889554923215097
0.6619478432289042 0.7147610268202259 0.7343950954254996 0.7463379066809118 0.7533896562738426 0.7651875188392365 0.7611289815462647 0.7667212863045095 0.7319484055067266 0.7089839376671276 0.731377976171942 0.7092793246972263 0.7059193632231854 0.674149358845423 0.7136403379872194 0.7725009105215828 0.8059688096146189 0.8220368667347089 0.8039516175054011 0.7597623414449363 0.7638821480713294 0.7299093346032198 0.7632398821394961 0.791224982274175 0.7705799558672365 0.737593730035542 0.7566250323116834 0.7185127150710168 0.7323837251864197 0.7470780874229777 0.7273638689624512 0.7685234397115367 0.7733619858205203 0.7575578005461548 0.7564934944576102 0.7096935553935253 0.7534048271926106 0.7786607202064769 0.7893927025958338 0.8111031692921876 0.7901142704041972 0.7908537753126056 0.7759586161382332
0.6950908070384477 0.7167259334993251 0.7423679296572018 0.772366078075954 0.7521471652982247 0.7521435407964513 0.7515759269727482 0.7259573751913848 0.722681753453945 0.7086160752549778 0.7245089119694217 0.7049059176604269 0.725789694388097 0.7198270672670555 0.7341918704692504 0.7506668264128489 0.7621974843133721 0.7782429060371217 0.7668005874408573 0.7493188826486296 0.7776494768233241 0.7462073491345546 0.7740438759792582 0.7477440922824987 0.7548045731676049 0.7290521774095827 0.7403101566783966 0.7113300885386513 0.7129431920994206 0.7179746439009732 0.7346326116915722 0.7248582935230206 0.7366428775962652 0.7714426446043241 0.7570032679341111 0.719452951760972 0.7539094899849573 0.7892792295864768 0.7826043842452913 0.7692521770691729 0.7840856679097964 0.7831971084641309 0.7624855968076402
0.6723845003018527 0.698133675806758 0.727545924644451 0.7677376282219918 0.7525372615402307 0.7150070160966457 0.7504644262111936 0.7152426280022351 0.6991401648374712 0.7057394928418336 0.6790661413676694 0.6933959808634335 0.7354595539438427 0.7436884789555345 0.7624465048133985 0.7382837337969916 0.7593833466183291 0.7768936952296406 0.7528819251195937 0.7819822264077448 0.7857808219821275 0.7727206451920849 0.7539496402089991 0.7485561187558467 0.7164311714415914 0.7185447836609918 0.7218201171314572 0.7539927025577003 0.7373887502512732 0.7161981630953661 0.731482725659733 0.716197211960946 0.7049577438410561 0.7480779475553685 0.7187667638865751 0.7306757260815794 0.767219449638424 0.7574178281598634 0.77547398173138 0.736507534195704 0.7692773566016213 0.7760011960038297 0.7644646128542623
0.7118332833712532 0.7317476143204623 0.7597870039257286 0.7872053059950771 0.7664119669308496 0.7551762329101671 0.7479684544841495 0.7319503303015921 0.729099174553548 0.6777722934243806 0.6686713954325879 0.711761722094062 0.7108625608931908 0.7438468567202523 0.7666608403786699 0.7772714167836028 0.7916861795465878 0.776686488155803 0.7596383995321312 0.7895129468161841 0.7426047197880621 0.7527122972165604 0.7570569457151779 0.7347050137123675 0.7132816439296139 0.7445823303639467 0.7259016193592 0.7193336934349177 0.7224111731239496 0.7092553842455934 0.7313370755838952 0.7242221121069125 0.7180589550697115 0.7308017917193506 0.6924990352324397 0.7239065925053881 0.7336522753116761 0.7271183454854375 0.7448000698072322 0.7203171501889859 0.7318438271345721 0.7536423668442478 0.7713007526981662
0.7350608754522828 0.7052158714896835 0.728425011378096 0.7813603621028297 0.746197736993388 0.7547101449893239 0.7552492235285064 0.7502401634275153 0.7140850193141368 0.6901067328086363 0.6866510057585349 0.6822880987415789 0.709510359706221 0.7328156798059373 0.7661431329834038 0.8051659953099052 0.7855811864806097 0.7801445400063312 0.7544482868258662 0.7822701166393299 0.7232746271225948 0.6936146158420315 0.7387858070329189 0.7211793748766909 0.7165014350548401 0.7411236709975598 0.741104999773053 0.7340232945819762 0.7052585075041349 0.6981559182626166 0.6834205784517038 0.7111502244096926 0.7029452401227994 0.691478655208147 0.6724915734971901 0.6840780892441616 0.6896439002080049 0.6661941483438494 0.6982708859439729 0.750459987625994 0.7480977941879708 0.7247755397463925 0.7690909901811296
0.7288007663133613 0.7541084306039165 0.7512189197243762 0.7905377710606908 0.7642579382171949 0.7682690911998437 0.7262073514065565 0.7178535020893053 0.7249020697421296 0.713689878293202 0.7128441340758095 0.6897006772006242 0.7152491446430292 0.7402182226717338 0.790646040511385 0.8066555159916599 0.813551679177623 0.7673799087231272 0.7701507690770322 0.7542689279801293 0.756754870689013 0.7305664270725637 0.7509220877545025 0.7152275744651077 0.7108380380490745 0.7078824955996535 0.7085895655952746 0.6924532990205757 0.7308347356560814 0.7263496940619658 0.6806211909722423 0.7088160163120616 0.6767760885545315 0.698250576909909 0.6681914805622718 0.6758903023104598 0.6745381246291106 0.67756649115378 0.7167899211386903 0.7286652529587113 0.7715781805192898 0.7548726528724621 0.7596672500478556
0.7651175383962902 0.7420576629195358 0.7450479703887491 0.7844507262781819 0.7540233973035049 0.7604684213317777 0.7130784873031936 0.7347352823565767 0.6874751099573848 0.668408967159701 0.7135946170922071 0.7218201137408723 0.7611357328462502 0.7954121245883816 0.8170042851713486 0.8173566602197784 0.7894608623060274 0.7726455950045119 0.8041338739899193 0.8066481803983474 0.7916630163953909 0.7907222287213823 0.7558672436206901 0.7358182840631496 0.7330289847510141 0.713840211254759 0.7110776102890796 0.6908126335175925 0.6978645647477546 0.7072626407647588 0.6835621306069384 0.67969643001371 0.6881336687952394 0.6706253024026515 0.7077932473125997 0.6892418166717522 0.7172654996979982 0.7383545661501272 0.7385394248326645 0.7414730738120796 0.7593688589961474 0.7769916567482571 0.7420744907583641
0.8164532227393557 0.7648317230326643 0.7901279554263674 0.7792550926602728 0.7802881073373982 0.7718851974697085 0.7235680022836325 0.7118057620743289 0.6732248104104621 0.6732051037212833 0.6873129406931316 0.7003985061839701 0.7787351115967001 0.8023153503029633 0.7807917209201198 0.8115209693654438 0.805156004239813 0.7710877945826143 0.7804841971029012 0.7890376982624467 0.7875971532977576 0.767966672880086 0.7882388826097634 0.7467395334204542 0.7217267137472446 0.7139584200447286 0.6851859010260715 0.6800019941116054 0.685816589923512 0.720577504053028 0.7010344845562511 0.7023420968523365 0.7093166274887034 0.7016935389050283 0.7164364883018839 0.691028274733497 0.7024985406117208 0.7194867095974531 0.7263100661146275 0.7669586882739629 0.7659058721602932 0.7669806741628258 0.7446382195017109
0.8269598994119689 0.7901823446737685 0.772878643117917 0.783870942845612 0.7634294788738204 0.7355765658285909 0.7410272376671297 0.7043554905056649 0.6831076078225987 0.6839164898408983 0.6766579348491083 0.7088327910648143 0.7364141924199997 0.8076024756336575 0.7713338768355429 0.7810795697437889 0.7802735180162 0.8192161107041895 0.8068801137465468 0.7911871175193623 0.7957167364852149 0.7911786802487016 0.7842036475153754 0.7453178368418483 0.7139983675317115 0.7054868625344453 0.7130676964337866 0.7148338272406797 0.6936866393137859 0.6977559738926159 0.6747854622061163 0.7058072481632027 0.7191093112582501 0.7578039807875193 0.7242574731936686 0.6997136323670782 0.7246634709508568 0.7152740091660058 0.7457493624800657 0.7912014815545709 0.785274043005679 0.778022201229772 0.7447434204576232
0.8335885785257579 0.8177676706407372 0.78517528239653 0.7641722397658748 0.778284120605297 0.7348696170187409 0.7291306032993837 0.7080762845842071 0.7048947915123661 0.7236247703653483 0.7227898301014631 0.7203754190820315 0.7401932448663464 0.7802981058787117 0.7763171060698566 0.7673005650222462 0.7804311527869222 0.7797036032612454 0.7915318088807309 0.7796391928916244 0.7643831173903709 0.783571488706756 0.7531422874989926 0.7066404885323225 0.6701976760287843 0.6804400419219708 0.6873921188720862 0.6985014260102672 0.7065544232211797 0.6947188082992797 0.6745418300263717 0.7162603632883071 0.6926154530516773 0.6951612633271654 0.6933758999022606 0.7194805409837886 0.7005419151780141 0.7263048618499732 0.7413464281356772 0.7719391980104143 0.7692236324314585 0.7571500996588266 0.7541955036848154
0.8198203481545872 0.8021059300914756 0.792254767293596 0.7711039365008435 0.7523705856669243 0.765046524480963 0.7587305563538894 0.7349981877552408 0.7259145497118505 0.7382558702937664 0.7389774544194889 0.7346834157116306 0.7494625115430955 0.7165298918478878 0.7607050367782324 0.8002506045753714 0.8048150313131303 0.7724840241337869 0.787118894681721 0.758757814478158 0.7327585706419125 0.7317879132573784 0.7264224766849888 0.6708263043239551 0.6640794200588622 0.6196524608564058 0.6594009610168844 0.6529264074044099 0.6596267840527786 0.6832507453176973 0.6881662384831171 0.6976115929711436 0.6698493267587377 0.6815831732653024 0.6782544721599872 0.7175597772263105 0.7185130512041921 0.7560155597271977 0.7644968106819384 0.7854828402770802 0.7547643316009267 0.7520468979973792 0.7349310207485139
0.8038829076881785 0.8336026045922175 0.811490569422955 0.7804263762173741 0.767618330394816 0.7716914214920676 0.7673153663191197 0.7778483165971242 0.7722046467579025 0.7642467687924616 0.7318322672711989 0.7157404436457234 0.7084323554474149 0.7096625530357819 0.7274070221385481 0.7600935723337227 0.7670169550309125 0.7701889598578865 0.756418391004128 0.7182431221708221 0.7077907832005368 0.6854357877888785 0.668569228944943 0.641933089456019 0.6271687407399011 0.5947902901329808 0.6295889553265822 0.6304673498559978 0.6311149352663595 0.6506669353805298 0.6687173757799095 0.6579863066456924 0.7017953585275273 0.7144555155731256 0.7075438322498238 0.7055039827218073 0.733332794382252 0.7313095262114655 0.7555228899068543 0.768869385205204 0.7432668817326052 0.7380209442130595 0.752805002254709
0.8406316244198782 0.8178029269339417 0.7839626964557296 0.7819534390577615 0.7889536452876053 0.7730040891633813 0.7516920694396927 0.8006000897405614 0.7754130400862667 0.780992948769553 0.7534234825424456 0.6994196029059734 0.6749331801921122 0.6898747903958515 0.6779713613327576 0.7171258246027125 0.7304131548167291 0.7305984690153998 0.710883420655121 0.7380596208708697 0.6793728004703996 0.6738925447945556 0.6319274095929412 0.5977947369639609 0.6112018491932574 0.5946528598370493 0.598377566322924 0.6236220657901581 0.624199676658971 0.5716765429804246 0.6291844028451271 0.6388359144832569 0.6844136423809708 0.714501165140126 0.7035503292602513 0.7373630644475362 0.7459296290996044 0.7638787836122666 0.7393442528525442 0.7332699419260574 0.7692629203691596 0.7846006416402749 0.7566997623012488
0.8241953913620018 0.8337856094665108 0.8159038229436654 0.778132852542289 0.7805139441738017 0.7481500165216676 0.7435022902166651 0.782754567279206 0.7721853064814246 0.7267413018335288 0.7166575008130782 0.6871089321807627 0.6686641487292553 0.6590326568399069 0.6693829756356076 0.6688611890239603 0.690309368966478 0.6874180622385392 0.7100556370872644 0.6887418998084929 0.6616260230340509 0.6259764891332337 0.5954387232101512 0.6052197104931507 0.5952174626397736 0.5541976863812843 0.5644427383209958 0.561105747438355 0.5731726921317861 0.5566151613440375 0.5972079472926693 0.6266378792129962 0.6306446770002991 0.6524794684815534 0.7020934299644302 0.7305305838523908 0.758002246594869 0.7492281695505937 0.7301749174001845 0.7468574585837618 0.7574244643774662 0.7517461928829029 0.7727220536005422
0.8309982322452706 0.8445110275245933 0.8324152699745262 0.8316513611937626 0.7959314398465109 0.7456436999071326 0.736318974542201 0.7502443355319189 0.7580090608178479 0.7357719015665366 0.7181815010956595 0.6953305612385752 0.6653901491221645 0.6691568563908049 0.6762226503927046 0.6631659532641687 0.6823271662175981 0.667082330787742 0.6378395131557865 0.644393488870864 0.6381448256818618 0.5721972323342324 0.5875075531193612 0.5879774805333149 0.5574305714861932 0.5607947771650381 0.5450559093902417 0.5678296129750738 0.5421124352111548 0.5392739570156085 0.5582587068399736 0.5721543678636544 0.6110873977540914 0.6396465274714488 0.6671311168354006 0.7439931259686685 0.7733450999216694 0.7817707276630877 0.768903011658099 0.7395620383481408 0.7371750774557518 0.76603179265242 0.7814425154995133
0.8494023808251719 0.8358744450289842 0.8025146114703253 0.795549406176465 0.78436401254615 0.7703538799816989 0.7757244346019532 0.7681602365922489 0.7686200647851885 0.7517135255197759 0.7011058982757049 0.7023751307590149 0.6750551108579326 0.6483299006946891 0.639018707556976 0.6486095107811822 0.6254465908467259 0.5997080690104236 0.6172867034078509 0.6148480728313744 0.5888426985265458 0.5855026981879987 0.5651606262553344 0.5649313208021594 0.5643303063464722 0.548291553513626 0.5373024422687647 0.5799020232817543 0.5735953621968677 0.5497492845591205 0.5425966321187091 0.6012419712738554 0.5998528520209502 0.6100645377716365 0.6694981667109093 0.7328987623572176 0.7256863552105772 0.7307535511871146 0.7380665405643472 0.7336385241514016 0.7681466622738405 0.7613016751142573 0.7790555488741444
0.8567903635520401 0.8287409376853102 0.7982280014183326 0.7985447276059505 0.795340421197303 0.7628310551976151 0.7785447004722578 0.7487569965862677 0.7892585147929118 0.7781492174328226 0.7268640054394635 0.6807064385380455 0.6448698562985822 0.6084268065557124 0.6066140837868789 0.6233433425200214 0.6080839357126001 0.5759232826329043 0.5961566891951492 0.6026223390657821 0.5646656711747009 0.5208285319754593 0.5434156750124332 0.5490296848456135 0.5598926316582212 0.5325473431814811 0.5699967276760187 0.5739048720249675 0.577231264812423 0.5510726394726645 0.5667931116494395 0.5993319683233012 0.6157533586963765 0.6079197967822708 0.6771681007490106 0.7025538837897625 0.7240485283778589 0.7368772330735025 0.7286784477747076 0.7670611519642643 0.7633301514877705 0.8053521264687689 0.7763234994004904
