Raster_benchmarking/Raster/continuous/raster-77.asc
NCOLS 100
NROWS 100
XLLCORNER 1743160.2684018936
YLLCORNER 5469288.328855876
CELLSIZE 10
NODATA_VALUE -9999
[rows 19 to 37 of 100, columns 0 to 42 of 100]
0.8209166482615577 0.7855298585906999 0.7414600976348231 0.723933496645992 0.6844333150241458 0.7083658822953808 0.6939317454707203 0.7308498683120301 0.7582882213431048 0.7622797771730399 0.7435010933536154 0.7312837501978867 0.7252990214427687 0.7279529263148744 0.7109856620857292 0.6635783931158725 0.6786542024843728 0.6143650398323974 0.5816346632296271 0.6271188516345917 0.6230466503359371 0.5524592283969292 0.5562116665035142 0.5875744953891435 0.5784433587203307 0.5370799155488958 0.525325559936832 0.5750724072133486 0.5759401138204805 0.5489316429882574 0.5432969780560436 0.49903156882383526 0.5187987260868204 0.5790721528154258 0.5881986471314092 0.6026616362489788 0.5907561207457005 0.5367968610618974 0.5095922892834133 0.4910943314014978 0.49634459369651085 0.4592846345923435 0.4056135360812304
0.7808914075655934 0.7952994575219392 0.7935310344841002 0.723435899536883 0.714793846655182 0.7331509504301533 0.7421590849988512 0.762841722460993 0.7443337558148136 0.7463245357913749 0.7622761941546526 0.7378721457074551 0.7252442637600642 0.728222582963162 0.6792916530597842 0.6734091824217588 0.6464795313902402 0.6703452407179691 0.6557889298555457 0.617006026992251 0.6299526770266808 0.5707377211479583 0.538665144627491 0.5243868692976287 0.5423119881834837 0.5462813339914143 0.569892510992975 0.5647083075384951 0.5173906144925029 0.5140012703328171 0.5220373126283254 0.5071647658812616 0.5264885882517035 0.5533850575437013 0.5589483108505585 0.5894216337210776 0.5714343124576597 0.5386045002347181 0.48401993060767307 0.47112228413534796 0.45352724944753536 0.45417225260756505 0.47080180900583557
0.7828339120201566 0.7896210504054223 0.8074090801067981 0.7476904477517886 0.7586927329271289 0.7391808505376384 0.7287396561911604 0.7156034800175983 0.7496500759036197 0.7872074210985391 0.7783527482666949 0.7972366170394932 0.7742595438760136 0.7246675007803091 0.7197586719013819 0.6689616982975313 0.6492359778662773 0.6312280771033989 0.6508784407010113 0.6356177792170699 0.6169492980503654 0.5545497455285613 0.5545311021666549 0.5522621001033297 0.5230981568009989 0.5589800754773513 0.5395808698075505 0.5141695577075247 0.5317702032072068 0.5486822315195206 0.5035699164408454 0.5180314492981662 0.5123226491457741 0.5091876517156926 0.5785756765701947 0.5996492578449429 0.5576595086395277 0.5289616216008406 0.4635153100348829 0.46434466165034105 0.4673092544068575 0.464561993100584 0.47982570386230217
0.7451857990849576 0.7687889628779306 0.7728208329834292 0.81794102028309 0.8028579006897152 0.7914355682819042 0.7605708318262432 0.7357038143116709 0.7897109279826434 0.7954783515848302 0.7611357897125213 0.7935068362446244 0.7453405748636817 0.7606053199531787 0.7116555545465946 0.7072866207188748 0.6758104658898149 0.6449083523723013 0.6533617474964875 0.5967096525860747 0.5994142182108352 0.5761012845920278 0.530908600454169 0.5339393832178586 0.5317896717600801 0.5333019363754682 0.5628124650934225 0.538913817608177 0.5504965497955814 0.5244853230831569 0.490765637674985 0.5121445087861064 0.5291687645881173 0.5200257523416851 0.578222333308099 0.5383825293280249 0.5578728160596979 0.5371817997385855 0.4704696263984208 0.4749062955508218 0.47583190673524306 0.48468927086543223 0.4623212940664137
0.8074328945999343 0.7761052703926066 0.8103966648360275 0.7946821021219705 0.8349096091660858 0.8241968829782138 0.795482417230738 0.7948099935429623 0.7865244625845937 0.7727496910597055 0.7750766333992053 0.7494271821946237 0.7430877454260609 0.780819240031936 0.7755149676944335 0.7088009316406202 0.7083208696304084 0.6739484600508452 0.6716279575776696 0.6129991938625455 0.5573875824879806 0.5558733242003285 0.5275209859136606 0.5253647398557156 0.5152769778122013 0.5356914122797585 0.5936679781437099 0.5940662439910835 0.5869080171999497 0.5530240764825696 0.5305363086749935 0.5362564349436705 0.5338063960798178 0.5487854930477346 0.557942959210739 0.5764823049148486 0.5518264695975484 0.5092102368659133 0.5053229720527321 0.5573976574409927 0.5722981829205607 0.4945968315118552 0.506359693800327
0.7991242535914509 0.7739303829090839 0.8174302306118891 0.840515401672466 0.8301595974795761 0.7952442357783613 0.8255361841422572 0.8175908559839851 0.7902286297037354 0.8014109823376971 0.8359720522457242 0.7989940841809007 0.7665370854770066 0.7678598271601542 0.7507132029352229 0.7180508904708358 0.7413270068483216 0.7027570261363023 0.6904349704383798 0.6346607875667564 0.5768821536970494 0.581966126549838 0.5190406015419047 0.5504788773212241 0.5721760822262947 0.5784245925763707 0.6325395661587851 0.6247253373532665 0.6092373876531199 0.5818456206475034 0.5825831325968605 0.5645968251240832 0.5304977355573696 0.5186966367465512 0.548455739325421 0.5441781196052461 0.5128247646022922 0.5017633924558821 0.5601962103743058 0.5648954871658648 0.5393847648098956 0.5485022917183537 0.5015631805850732
0.7573386394368867 0.7526266635623701 0.8226541466466702 0.8323048056297695 0.820861397684371 0.8065759842104749 0.8360853321515722 0.8214071329435679 0.8324267189413064 0.8491391059431328 0.8462240586684505 0.8306907322751349 0.7566242481512961 0.7304331037246521 0.7225501712171142 0.7643906944343856 0.744514906450296 0.7331709501472992 0.6542249705818987 0.6067810253854916 0.5976394052664258 0.5869796871879388 0.539203394459327 0.5584036489259762 0.5588499597111846 0.6094528001043036 0.6042715710804589 0.5920004921820989 0.606441394168035 0.5820446602922118 0.5738497309038478 0.5428951045241015 0.5450200175636138 0.5822495170349634 0.5567136925035786 0.563326210183678 0.4992111035962303 0.5080676628008977 0.564663053512264 0.563768015815606 0.5814990181510925 0.5311541370950915 0.4913526249368757
0.7280323184688828 0.768674575403909 0.8265808623910372 0.8214191061178101 0.8218827561673633 0.8004241504251903 0.7900595853254339 0.8032801035238119 0.8120942132659178 0.7877770312705484 0.8187714339946734 0.7853371599801843 0.7820981657004678 0.7539661718409367 0.7323800773530242 0.7451687744739367 0.7361867691041001 0.703046925344609 0.6452504513034316 0.5915260042873138 0.5836985971351074 0.5925449083037092 0.5776884143162268 0.5717464970568634 0.5541563508423808 0.5943406267641933 0.632950022123566 0.6464148002643707 0.6361810990584578 0.5841621389140541 0.5630413923325736 0.5544133280388174 0.5619247821586977 0.5859140447840134 0.6089637534378639 0.5742940718261791 0.5398727048776546 0.5607106867632233 0.5913783734625738 0.5896142187759473 0.5529203025126803 0.5552420941081915 0.5332373029960107
0.7607058829459 0.7399041812230207 0.7775052220263211 0.8009345136141014 0.8218537615171569 0.8148485549602751 0.8276531167011715 0.8188867739501585 0.8018797418835582 0.7870116223794208 0.7914308759344723 0.7642604684116929 0.7853793184515666 0.7551074455573291 0.7398386499545935 0.711730995431521 0.7179795505449645 0.6871578365317363 0.6426914618679122 0.580622187491829 0.5942189004465224 0.5734652220682712 0.6187270886992114 0.6279097030612717 0.6067337485259222 0.6673891675286818 0.6696531019542487 0.6448786484863361 0.6544352712948651 0.6333289520998835 0.5851792308052857 0.5816304048179137 0.6257189738434572 0.649503624191824 0.6278907392421205 0.6375941305073233 0.5851191407286952 0.5707575715261856 0.5886777433054233 0.5816355443984826 0.5788375421408558 0.5878366789989566 0.5240475046811276
0.7872487181923725 0.758650173508664 0.797679845968447 0.789751350693142 0.8057228501875404 0.8334949880935109 0.8055536272730969 0.76667968209458 0.7849183052409965 0.7830272996010025 0.7775355290583373 0.7873401029774789 0.7545616579076635 0.7590343725640499 0.7375161547917353 0.7544254003604792 0.7240030429053861 0.670998832741006 0.6019856508572188 0.6044560462014233 0.6335935301138071 0.6212779822361396 0.6112117204552161 0.6165807578172962 0.6286536506017512 0.6904255715036877 0.6932324859092879 0.6684418805495654 0.6443897556904628 0.6305888600439749 0.6563880049956344 0.6678648761666184 0.6892593665796242 0.6891351019637346 0.6554477751244936 0.6914100813228069 0.6348253676427673 0.6543815380635967 0.5982206770795364 0.6024303118364699 0.610715428217174 0.5803259990318809 0.5980600530512988
0.8364277004982366 0.7679932044296326 0.7646623514312073 0.7798726604971589 0.8079094899197719 0.7865194197272108 0.7516851145877801 0.7680585652347309 0.782551951555091 0.806128515190306 0.8287729738246739 0.84364761382431 0.8207086602745943 0.7779352734003772 0.770923720304689 0.7335870223891795 0.6693989896202975 0.683641616916937 0.623757512934779 0.6177267873879893 0.5912697898935775 0.6196981301190718 0.6232822760651519 0.6504994742958247 0.6792965633138729 0.6886639750681535 0.6791450253023459 0.6554765608350989 0.641358572941888 0.6887541190906926 0.6638979882929189 0.6964712762917031 0.6739909243525597 0.6890690812068891 0.7314735977611344 0.7172088092981811 0.735604063715122 0.6930269809568065 0.633043491439862 0.606707645553043 0.5819154554030916 0.5916348122333057 0.6446919725394983
0.7980812388202418 0.8121033216589796 0.7665411807246644 0.8001283824247634 0.8217701322058035 0.7948263989671351 0.816913824568697 0.7886058597249291 0.8284873365070149 0.8083908657549105 0.8193789346589433 0.8034809576067174 0.8379633320170377 0.7592279791731036 0.7089782285365342 0.6916732993392902 0.700488037916532 0.6654967383780376 0.6491598355932929 0.5842938256530276 0.5888578585509536 0.595565469175355 0.6173002618616267 0.6833690935176946 0.6511267012797686 0.6405843015166494 0.6484303654698079 0.6480268100309987 0.689985005344353 0.6900464783331473 0.6533811026318475 0.6757818326232481 0.6545415418602267 0.7283518958428632 0.7535449512170094 0.7708139194982768 0.7833364439355447 0.7234271815731541 0.6704289678873802 0.6897876320280636 0.6644718645269378 0.6850763968902223 0.7149779398373379
0.7425527006657152 0.7817851647840998 0.8006961530964362 0.7753102641355928 0.7961404670475678 0.8133645067014282 0.8014629012704175 0.8058002533009185 0.8601820700077839 0.8376762245203719 0.7972015881999789 0.836059953808238 0.8544210705000818 0.8234600122185826 0.7140597005029807 0.6903227403411706 0.7195017877282599 0.6639664216699553 0.6440350779602448 0.5879005032298732 0.5998060553499054 0.6282280786980818 0.7000707847580493 0.7123282526934034 0.6929834710173288 0.6567104617704684 0.6392295483607432 0.635187077417974 0.657408617610788 0.6480169073968458 0.6985053939771178 0.6443278752353699 0.6392602417024906 0.676853921253392 0.7517772970572412 0.7692241469781356 0.8004380421700912 0.7522533947396571 0.7556817037325675 0.6902920427332955 0.6846743312181793 0.7267784551877178 0.7369464771482813
0.7763293452781584 0.7890915720790966 0.7804243220274221 0.836609303372304 0.8039276231007343 0.8259229408551707 0.7907283377790645 0.8372149495096814 0.8227321145713656 0.8143102998745346 0.7712521452973538 0.7972980125908249 0.8501596304192407 0.8419690262557519 0.7974724683715143 0.7437673008228957 0.70931279615928 0.7163077122648202 0.6588514393898383 0.6342373692295049 0.6384562860083461 0.6514117944445309 0.6969173065964308 0.687809390596014 0.6974212669158526 0.651332937577262 0.6389081946015832 0.674884538021209 0.6617494139854286 0.670805034098378 0.662051492901369 0.6921180458589665 0.6730490088426924 0.6795821987065627 0.7453754167364625 0.8066291617013907 0.7795168024157795 0.7464350094477192 0.7610971050639724 0.6985997624351344 0.7262516566405735 0.7386206596159899 0.7529721097893277
0.7836076572757977 0.8347936248287655 0.8232081538402355 0.8329476773672929 0.8189553228962198 0.8348726777743817 0.8326603961758822 0.8560721569584716 0.8828867854396686 0.8219036474066296 0.8092470328616671 0.8524361278100111 0.8659071655011452 0.8244024532583591 0.8242378318971204 0.7474965117352711 0.7265440322240381 0.6994482472010033 0.703455968824501 0.6436368956044358 0.6696575041886239 0.6873589261484693 0.6936341086587061 0.7039723003025291 0.6482040651702179 0.6580360249122187 0.6676485397537465 0.6491666552615147 0.6441819782673205 0.6489324590238583 0.6657469617427068 0.6971415263819986 0.6435653226430821 0.6692669682413723 0.7465330724078715 0.7563092501399808 0.8050492360232538 0.7523296785704224 0.7206613237022717 0.6863994886945006 0.7219179324255507 0.7497423027676493 0.7248079497319597
0.811697210949873 0.8276880649717125 0.8228191662204488 0.8118506066356312 0.8082420657219052 0.8564644470668968 0.8592324045554307 0.813699578967142 0.8467165109927038 0.8047849101724112 0.8344357768888915 0.8267972849902679 0.8227337547609006 0.8440087132572691 0.8155832392638487 0.7952681454944858 0.7797608743526209 0.7254198468249617 0.6957572721718635 0.6690259452575517 0.6352337697588132 0.6500738803595331 0.6420302928094503 0.6957621407160451 0.701761293078647 0.657876384558374 0.6854368145418409 0.660937323263125 0.6724572725350345 0.6543649665000698 0.6778342785890908 0.6683432211909304 0.6998970839499854 0.7043373265024465 0.7284407452486884 0.7511663423264003 0.7438145375285948 0.7126564699147622 0.7171190249226492 0.7145095541312517 0.7382482524083573 0.7116229432537374 0.7093533850589423
0.8109116723201378 0.7681018848850497 0.7811902257200788 0.7876014783083014 0.8469955758979122 0.8246099245438677 0.8507465913707459 0.8384064028424705 0.8038096777588907 0.8184246700000759 0.8431517211850231 0.8181692624184402 0.835107004171637 0.8202597929887805 0.7821038402343038 0.7539897436913781 0.758681917555698 0.7242555479046427 0.6961388398652717 0.661140683993517 0.6879092693445089 0.6421369254975728 0.6631356949629009 0.6937389369626921 0.6974354305492347 0.6933521461470553 0.7248196647201759 0.6999888172692905 0.7222627930259081 0.6955110537238062 0.6807562848480508 0.7200596735345417 0.7032569361134784 0.7637662925695953 0.7680925159070757 0.7706735594992971 0.739124235011551 0.7021826714777297 0.7230495017790814 0.7102535715201359 0.7266863254764212 0.6910727218536172 0.6960359785090047
0.8006071875858503 0.7505104884781654 0.7863738587618391 0.7414368246529474 0.745555898265779 0.7967831690503265 0.8166152788834052 0.7920904697483087 0.8359629342329388 0.8336683427419447 0.8621943946115961 0.8066676457382447 0.8224271286067556 0.7654532919413699 0.7834059231673196 0.7824792572080266 0.7402528690041008 0.7588199754288316 0.7324179550247558 0.6999386237528884 0.7040414817945758 0.6768228393244435 0.6678762632585982 0.727364948717262 0.7080738377257373 0.7292774437819552 0.7308637669906866 0.7147116958600601 0.7315400702818042 0.7176707935906222 0.6711879215087533 0.7061102371781937 0.7351523275864128 0.7943091535625841 0.7526422794342709 0.7838210543414885 0.7373376334888218 0.7537037245216738 0.7385374035879235 0.6787025745839815 0.6781146509638927 0.6963894303670819 0.6526259316801926
0.7939002226065303 0.7820397168428324 0.7410780745438605 0.7372237432718424 0.7324605904682339 0.7629673152477896 0.7877369595903113 0.791076424719611 0.7819649208730711 0.8312879041366337 0.837513824641842 0.8271469690426273 0.781880724759616 0.7723506963205996 0.7441465607203948 0.7696179090746031 0.7701799207953096 0.7891768872766881 0.7611243447363248 0.7271961739983066 0.7556103442534707 0.7502904098728986 0.7146991685658709 0.7554131887743305 0.7802183611145327 0.7619566597362684 0.7531034890823329 0.6876633386291582 0.6575304161442229 0.6712815226674018 0.6750671738570367 0.7518232293324502 0.7955647186253765 0.775627377106749 0.7896395453062361 0.7474094664322428 0.7221133523566301 0.7545300738560067 0.6945013309704032 0.6606096190587221 0.6778777564516281 0.6573763660278106 0.6231301178075516
