Raster_benchmarking/Raster/continuous/raster-108.asc
NCOLS 100
NROWS 100
XLLCORNER 1743155.8222587283
YLLCORNER 5469296.562944747
CELLSIZE 10
NODATA_VALUE -9999
[rows 57 to 75 of 100, columns 0 to 42 of 100]
0.9113622215844158 0.9637858180426763 0.9455666899172138 0.9389652506055329 0.922706807785208 0.8979235979428448 0.8855459634534694 0.859285326722112 0.8752742790858232 0.8461905783164041 0.8449911013447283 0.8306396048627643 0.8612539047487764 0.8572846850373995 0.8858873270195982 0.8817656585912249 0.8934239738630289 0.9017261392361088 0.9493259789429186 0.9210513158157445 0.9342739347422587 0.9365402680549085 0.9036323397123526 0.8818503542216173 0.8800277626787842 0.8963877232643106 0.8768594839170054 0.8867279060872444 0.8560300292791833 0.8667069185639577 0.8953441239899951 0.9185463848197133 0.9048886446152262 0.8967838944007546 0.93702187249571 0.9503359696705256 0.9661729993575047 0.9627117725630838 0.9535257670839719 0.9500213147398326 0.9755440789019755 0.9753527551974086 0.9435900968478457
0.9001065640495725 0.9452632768605082 0.9178031844134807 0.9089744710912451 0.903266067547407 0.9093715151000524 0.8691282942550469 0.8510536133301412 0.8582446104020631 0.8333894690961565 0.8546783044786321 0.8440234389492756 0.858902378185892 0.86897374100457 0.8849426613360113 0.86508869880103 0.8782139665928136 0.8805262920676257 0.9018294399040134 0.9202458546356547 0.907465532235897 0.875106237824871 0.8699264736061902 0.8460185161725898 0.8677999343991106 0.839784751844881 0.8462947074817807 0.8695660706709915 0.8482269544127021 0.8395461385672214 0.880094897659111 0.891955020187313 0.9060447727880186 0.888041278854243 0.9296403619388258 0.9244074511674912 0.9109704689723351 0.9150925754950396 0.9215674334269239 0.9627829700169318 0.9421932865188393 0.9362291969763386 0.9567512623633396
0.887365277573685 0.8945312431156893 0.9155741347492754 0.8876589355968804 0.8784220102908562 0.8616802695754536 0.8552614012594327 0.8411047300098137 0.8540408061007669 0.82428741575313 0.810720943520815 0.8423816441465468 0.8576861504562908 0.8809479493361384 0.8699970865028271 0.8749175196281527 0.8808729236613045 0.8657610719348807 0.8983211606294647 0.9066588742881824 0.8701060286978031 0.8505857164184711 0.8696278425141463 0.8425020092861861 0.8615962223008631 0.8480121479443907 0.8205233506695617 0.8407437876130516 0.8317717201829067 0.8295684734059037 0.8282540196288628 0.8675654205448992 0.8490096612170919 0.8884326721223359 0.9056287452651643 0.9035375494459272 0.9221081272646355 0.9307074652610675 0.93270899135209 0.9206684958163354 0.9295586275509391 0.9272094416752186 0.9376232669152053
0.8789733972066859 0.8806882047404697 0.912833024999557 0.9283074147219911 0.8735264431598165 0.8544392853354963 0.8388684985083769 0.8262997472962847 0.8650876541441908 0.8359824458766119 0.8412004402435677 0.819252848518699 0.849851472676253 0.889017652941369 0.8608328133545355 0.8756953690342134 0.8486501363728698 0.8495304657147059 0.8795773960300712 0.8642288588231366 0.8657722283272511 0.8777337401217046 0.8761527902733321 0.8809727216401585 0.869430899923937 0.8497133466693415 0.8131351683603754 0.7859637020871518 0.7831714350238386 0.7875231341235175 0.8193612596447911 0.8390425408489081 0.8424463329949757 0.850565609703811 0.8726531881623727 0.8984687766548091 0.9155521412871409 0.9419533688170707 0.9474403158692875 0.9485665052617185 0.9262287992369723 0.9328529819344828 0.9291215015463735
0.8596106104527229 0.8798993743365222 0.8644696091377032 0.8952596017802488 0.8639026611436665 0.8647048877856189 0.871307454521402 0.8794860110394846 0.8700179224880381 0.8502481274213348 0.8403609126000836 0.8111515068678063 0.8331623571687685 0.8762938825775956 0.8629787687951438 0.8542369484215021 0.8731604370825331 0.8430860128952715 0.843540325896653 0.8101716692350769 0.8243491732752248 0.8270602273075375 0.8182673078645668 0.8486819182963309 0.8428363182919557 0.8294157535089086 0.781157876760428 0.7715217895758295 0.780047507469943 0.7844297914339121 0.7959074770801052 0.8327171018939402 0.8483493862327033 0.8441017162980248 0.8751670955004666 0.8719856050062371 0.9126443473358948 0.9343712747644954 0.908702696320138 0.8981642994980906 0.908079224284491 0.8912379003090133 0.862652332611777
0.8259517822181409 0.8441717853022767 0.8493910510407198 0.8553994669743011 0.8726972851974986 0.8790294614340347 0.8766718130374436 0.8774105955483117 0.8570324662502362 0.8809756331758878 0.8340175857842854 0.8168676449208558 0.8217238246115371 0.8558338005730376 0.8542598164053905 0.8510504331260839 0.8375591951395973 0.8574950079999938 0.8348666721824534 0.7765069883988913 0.7732699894939138 0.766293054247324 0.7801001614598636 0.7865342363975968 0.8151156161603581 0.8150374463373034 0.772383911030508 0.7522555689349691 0.7426683175488409 0.7663392392587521 0.7796797243852083 0.8304061868064427 0.8399950450838415 0.8447647859862848 0.8506521367277711 0.8595528500619438 0.8945652029619623 0.8992511053809643 0.9109589382053663 0.8848768285535588 0.8879676559320624 0.8431412342947524 0.8330375865528581
0.8352319466277333 0.8617516981031271 0.8455718932249485 0.8356187323649898 0.8302950465685865 0.8682564710348539 0.8665859467886952 0.8779122027120071 0.8612928243320234 0.8873406887666369 0.8433414925517349 0.8568312102763236 0.8577346881797833 0.8832611816879892 0.8587661139178586 0.8338021258373105 0.8311119262468353 0.8296938366291348 0.8052413837862106 0.7913919873392401 0.7722502937384012 0.762632427959388 0.7530193196936797 0.7796713683987967 0.793052569231477 0.8041971350530982 0.754599284306592 0.7639277790078068 0.7556467293462915 0.7874769039030608 0.8120964189833533 0.8286562954669904 0.8267713792784812 0.8489844975783308 0.8455882961621821 0.8778728259907573 0.8951422035075072 0.8977606882054305 0.8815375278861325 0.8847616550459013 0.850311392897237 0.8555530868857887 0.8416465327439274
0.8468617173123026 0.859413348891408 0.8142410538054956 0.8003886194354793 0.8224535761073067 0.818197065721445 0.8551368388812068 0.8832625921948601 0.8771113625968032 0.879987162726189 0.8848876678467039 0.850072930403522 0.8724477509191189 0.869739714972734 0.8474752159897784 0.8366805080510723 0.8470184980495029 0.8377166869117051 0.812959789007733 0.7454783623400244 0.7462005759028911 0.7380456895820543 0.7561469711448637 0.7240399372818282 0.7651724290809985 0.7636887156905509 0.7719250454058206 0.7780489070506672 0.7749800275899881 0.7933411011096521 0.8059721126863789 0.8081627322883563 0.8307610107606972 0.8377210081496224 0.8561740418712448 0.8932958183215686 0.9110159302298252 0.9030016700249474 0.8691283223731182 0.8576739479009371 0.8495471334848824 0.8512218197403704 0.8235523176909667
0.8551155094130923 0.8479641715167355 0.8221341967794003 0.817395721551739 0.831968752361618 0.8415634132006492 0.8377313754920923 0.8868023721087763 0.8704110228303424 0.859600637138982 0.8745004865365872 0.8577985381602132 0.8305905947022276 0.8592995568867645 0.8251653689160863 0.8213620080079266 0.8208424799921912 0.8314932312743142 0.798207635900493 0.7439937454403042 0.7430431534904709 0.7400028835060364 0.7308436596055367 0.7541054089594976 0.7501613007673237 0.7418999954715672 0.7622649927906492 0.7410381684619867 0.7569420953257641 0.7859837831758052 0.8089508464118963 0.838032302547737 0.8140407040128351 0.8436396175215339 0.8452711252692049 0.8715838059827359 0.8676172615139585 0.8414242291443524 0.836623092456722 0.8264594249480278 0.8361285970093483 0.8098494669808547 0.7795019557474024
0.8475207718071232 0.845182472307152 0.8449108506954158 0.8331438371258663 0.8238864049027702 0.8306235114793133 0.8575486018367218 0.8923969374228257 0.8616061281183033 0.8684041407548159 0.8442636516977541 0.8336844513464634 0.8460565707949534 0.8446854513094424 0.8446595886702917 0.840981447999738 0.8132855157567038 0.7951716071747865 0.8006183471767668 0.759309546204737 0.7299737828449021 0.7351487689459792 0.7531683640248079 0.752205203159182 0.7331451956605208 0.7549026520280511 0.7343969884546333 0.7438055620914303 0.7581208985743819 0.7870872504511298 0.7846223553183527 0.8298065066844686 0.8302085974474467 0.8424293225330617 0.824364575829827 0.8042204974116006 0.7980446046021934 0.8131866312944707 0.796941446048309 0.8316116612568308 0.8072608773880486 0.7975196329269095 0.7544731682942132
0.8395515058150026 0.8428776823523119 0.8417983267301016 0.8426118111911083 0.8323305706731058 0.8582602013241315 0.8364487753491373 0.8839305282966099 0.8717951805440103 0.8761772082861684 0.8464872948570633 0.8181499502947108 0.8351081805495894 0.8144915311281404 0.8072974086095148 0.7778585588525729 0.7737699795735719 0.7545894724774239 0.7775384408580378 0.7606991187617839 0.7508868702468773 0.7048533069850176 0.718019138680536 0.7083485157971978 0.7289485527201545 0.7319936086833717 0.7319304455162701 0.7265679248875156 0.7441938025654599 0.7750227368903919 0.7824115790174005 0.8142555251583488 0.8356210349631465 0.8074692443009865 0.8102172466345798 0.8138232598059498 0.7921526366307857 0.7854039517991431 0.770470408265633 0.77222585706233 0.7623134511478187 0.7639185632262558 0.7166781711347994
0.8290332727729558 0.8701469369577722 0.8522957897261968 0.8494738990166594 0.8483197422721153 0.8585010130479641 0.8489260873112552 0.8543033796119952 0.8262535834647324 0.8415041439161395 0.8290623561982703 0.7881192145216533 0.7746822396554971 0.7837783763147989 0.7700912355195738 0.7701830177872059 0.7387293348548477 0.7519862031773674 0.7348513854062714 0.729002708791972 0.7363436747762384 0.7020392111307129 0.6784899345566183 0.6768472186807121 0.7087716140076704 0.7333262403620345 0.707966918392047 0.699627089191502 0.7489223240189821 0.7756287514201091 0.7811417662230504 0.8014351717157264 0.8069237560940102 0.7870904326366946 0.7611374777326579 0.7821663846578529 0.7611425991176021 0.7516419087396393 0.7618010114003173 0.7656787236940709 0.7203043449984683 0.7142226012048734 0.6691094028546752
0.8602135617304828 0.8631390124664129 0.8487297346611034 0.8436276576572712 0.8509775926462346 0.8282467812765657 0.8274210217374058 0.8171578323780223 0.7942321256440318 0.7911832180301366 0.7726183055005363 0.7457929927794886 0.7324129983615437 0.7624166127221924 0.7552255100742026 0.771075981682507 0.7414313689289957 0.7233252764805228 0.7142250872786424 0.7092160212403095 0.6893803304486406 0.690174172623505 0.668049919086425 0.6514233808888715 0.6671156384155751 0.6999608798889064 0.6932017353278487 0.6917453305850161 0.7299279883152496 0.7415198453752296 0.7590887260779762 0.7732601345499709 0.7627856441331834 0.7448144406391224 0.7332024930746721 0.7253292689536961 0.7415346193535594 0.7191426114599031 0.7190081665079044 0.7041622375201024 0.702407389759462 0.6899502865040913 0.6423330868166872
0.8380425634741034 0.8734669213349291 0.8626104745130031 0.8799091585132847 0.8737115350590533 0.8303000673875003 0.8104047888492495 0.7926421686550743 0.7891494088211575 0.7711706830121311 0.7769136839736474 0.7249694910739392 0.7343502494915746 0.7230312081153921 0.7396764260373004 0.7273738744506693 0.7190503879943279 0.679303503749649 0.6891638491883433 0.6820162251173078 0.6805523088570694 0.6931139221775674 0.6799906604799194 0.6381412789095516 0.6771342361298671 0.7062501136954231 0.6950300493536192 0.6707367416339722 0.6745907642286532 0.684296925015415 0.716868622205709 0.7024506330827687 0.7249427457344778 0.6907513948213159 0.6983105338917317 0.690542957016089 0.6744602249567869 0.6935365385375571 0.6862395954579974 0.655276087326966 0.6574233097570319 0.6440167022576304 0.625934081441405
0.868167993391346 0.8733355405212786 0.8583358202192175 0.8869442782354241 0.891737748974197 0.8591137383381245 0.8311025520769193 0.8348931624321693 0.7983408940685612 0.7789873556752389 0.7845131246799808 0.7727058796937998 0.7296553767925016 0.734164811689696 0.7122575631302175 0.6960626751104857 0.7055274916894192 0.6755664883659185 0.6730446016059884 0.6656313507069226 0.6833130334716482 0.668164468741238 0.6547308180046744 0.6715092002348569 0.6745336174397601 0.679429019791933 0.66648743290628 0.6676388349639034 0.681622797778699 0.6755956408975476 0.644837392759483 0.6367240782619437 0.6591824495561338 0.6854748563126123 0.6595343879299894 0.6610415639741947 0.6569583104084803 0.6710710080741948 0.6569322756142295 0.608925414958763 0.6043527487687441 0.6135575694081166 0.595744395158211
0.8412131053938594 0.867721304688168 0.8618282125707872 0.8999660598735152 0.8589498719840665 0.8684570376529421 0.8305856781913019 0.8282343246679892 0.8284590030540753 0.8150457464644414 0.7813187987862784 0.7671976635327801 0.7293534680015031 0.7372148533633923 0.6973300045346028 0.6990408368361725 0.6849534804682536 0.6879928120036193 0.6496074912507108 0.6352232061673574 0.664608587285402 0.687176902131254 0.6499880335127433 0.6276523417465589 0.6659322757545189 0.6616059523677019 0.6649436699059361 0.6744763102674524 0.6576981951682553 0.637762591749695 0.6159551032245985 0.6297521002468204 0.6370570447954965 0.6410385707849074 0.6671117214408397 0.6602456379985342 0.6538019465662417 0.6402817843022153 0.6339211094446165 0.6012134175578883 0.5928664525167262 0.549167538743529 0.5524644921142362
0.8313284218652314 0.8475259780673432 0.8733602027573776 0.8782222183757565 0.8597892995368431 0.8434516355968887 0.8479139997458445 0.8380723026556415 0.8147629677019184 0.8042425833216701 0.7879730382429835 0.7773922183426767 0.7298981201937231 0.7401162142214007 0.7194291257626548 0.7145011834476886 0.6876395445926079 0.6582447331801522 0.6727071678023695 0.6709308547851877 0.6730674016887807 0.6779697707867092 0.661205060134035 0.6496568757801985 0.6497488099514337 0.65723663905485 0.6573196997782859 0.6496982093716805 0.6741205988417421 0.6656165375152503 0.6405804317574193 0.6244298619471502 0.6187330751083887 0.62323053437276 0.647012414936643 0.6351851025629682 0.597479339571235 0.5861716598712632 0.6136200521498293 0.5954415132306626 0.5899776624625059 0.5641876966176577 0.5550249118358522
0.8314268499557965 0.8442657858706599 0.8374622530700842 0.7940895378798528 0.8062917429840634 0.7983626719431709 0.8121520801742581 0.8137788568832539 0.815125032202509 0.8190210460868655 0.7756824522078997 0.7591312885907732 0.7156590621151678 0.713662359898655 0.736604126098476 0.7100295844285169 0.6652220321675256 0.6536753744457594 0.6447510481480649 0.6411513079154791 0.6317966803015433 0.6469512372142963 0.6352042197944928 0.6410408351946202 0.6383513627872333 0.6800905542318402 0.6688480404086077 0.6358369229961689 0.6729461476082975 0.6679079678069326 0.6546843435802875 0.6471355114870736 0.6012576588102636 0.6186782583296496 0.5982699450637636 0.5884499031801388 0.5964257544939395 0.5639350294729432 0.5557032998641687 0.5576754462868528 0.5703082082931877 0.5656710783662345 0.5200269365947351
0.8059072723393499 0.823513345430218 0.7923164138877875 0.7905249050653844 0.7632927016714948 0.7684627897831713 0.8135942858905314 0.8226652815221328 0.8062334881637757 0.8000013380799925 0.7418119849564524 0.7274193432859255 0.7328768768837736 0.7333823620858577 0.7434165960060304 0.7056488785423324 0.6868849646259803 0.679714785616416 0.6630751921129007 0.6355398594789387 0.6295597331497653 0.6626856843092178 0.6618784911211378 0.6315724388950262 0.6452630533130659 0.6523220458050314 0.673273693404611 0.6750504561377708 0.6721057293829508 0.6771438396815559 0.6521112015974019 0.6181727470134318 0.5841488227092251 0.5921646395596943 0.5706535426421022 0.5492331107850866 0.5534923630249117 0.5503226322772176 0.5356535159601141 0.5424812750127156 0.5656354952626828 0.5210132283297219 0.5150589505762587
