Raster_benchmarking/Raster/continuous/raster-418.asc
NCOLS 100
NROWS 100
XLLCORNER 1743151.607676742
YLLCORNER 5469284.9494179655
CELLSIZE 10
NODATA_VALUE -9999
[rows 19 to 37 of 100, columns 43 to 85 of 100]
0.2731872412484526 0.2639946658613817 0.19317911552231687 0.19764400893475317 0.15349089284043801 0.1268387808926671 0.1546341421988554 0.17360420872332322 0.16598257036163205 0.1706962265171132 0.20310460194971738 0.17555689754185796 0.16508950109241133 0.2148470431061896 0.17979485035731535 0.1958988474625509 0.18351885954023703 0.2440395435515285 0.22551286296716297 0.2013483509974532 0.18320756373312264 0.1577800295401703 0.1767510607911192 0.2310136660181714 0.22736916187681114 0.20942571293468165 0.21855442353575869 0.2053257585226267 0.19869017388686502 0.18738271958425595 0.2738792830888675 0.2954781519914247 0.31015472756377327 0.34336200667469213 0.3496697333894996 0.3684497689768676 0.340060710260206 0.3540493405929873 0.42167385084697034 0.4357329069593254 0.48901435393960735 0.5469783784346051 0.5468883339548437
0.21542406896578156 0.19238812141805675 0.17587436111791785 0.17250447099603722 0.1327241414619828 0.1327161409317928 0.13627330978732355 0.17215695590550179 0.14243652185600048 0.157979291382536 0.18298300199266676 0.1767682113717892 0.20043751546110705 0.2020912551602136 0.17057514349411898 0.14537612586594265 0.18580790255710053 0.18374875825925355 0.23402743287144862 0.23490741790446268 0.20251919163762017 0.13718128594619525 0.17304056371095766 0.19326835011229035 0.18809637252926736 0.19035238031675206 0.19620685127143295 0.22908382384562292 0.23011395471618623 0.24967523632260583 0.24453650274486471 0.30839478182477387 0.33638726584394923 0.3475168984266395 0.3611683372553318 0.34875736537417573 0.34751621160097385 0.4108906234405989 0.4392296644238024 0.4532611279052816 0.4938080282901077 0.5708098037656457 0.5950716633161541
0.24293229928382015 0.1674344791367561 0.18779451254973709 0.12266903943271425 0.1492363097798721 0.12509011233778444 0.1377658986898755 0.1476383010976277 0.16787102976621368 0.17435352044713864 0.1880268342235047 0.15627442386930035 0.21060011169834456 0.1883637107249634 0.14782655922221918 0.1498522342101824 0.20336483469844366 0.17257373476880292 0.21934897831163397 0.21146572177312062 0.20132254746139389 0.1274200238013769 0.1600367088338351 0.1563544801649204 0.1991265595216435 0.1700524646812805 0.2066866312905933 0.17612253043190848 0.21362835370621444 0.2609715480361776 0.25023368891147835 0.3096769659192024 0.30082076570428284 0.29683146749094325 0.3384245004611069 0.32398215795987856 0.3571098913803859 0.4168660874383664 0.4280077367745929 0.44304367790827925 0.5200272153459558 0.5709558113447041 0.6048465498610941
0.23602002615970843 0.2189341739201146 0.1949411745071553 0.17557420524495723 0.1364882096717607 0.14941157718472126 0.1461853193405358 0.16484801180483602 0.12850025301141554 0.14500756619276953 0.16678535129308159 0.17471749998437783 0.18708184980258982 0.1870579903018592 0.14203292340737747 0.17220381174089278 0.19324555414837827 0.16233494403963286 0.15620370143270976 0.15723944132297216 0.1477550134321448 0.14390927920465882 0.1357240998513904 0.14287579405925738 0.2062182162041978 0.24110726962642975 0.24143011504613993 0.23096507141585618 0.24862392102193628 0.27878855195355445 0.29365945677548144 0.31908917083611815 0.3270846473539572 0.3234657687487593 0.33891662083709045 0.35651651859756656 0.4020803269281774 0.43042863516637075 0.44066940911543107 0.46519320824355914 0.5198149862330704 0.5776095943951575 0.6040862185851383
0.20664916135922143 0.20258371067524772 0.2109858728366819 0.206620214788096 0.16817474996358694 0.14249482238407093 0.13791562026087492 0.1326592037394735 0.11333062210539518 0.14345899443607477 0.1536408064802567 0.17041725032915964 0.1640295538948078 0.1452831158198313 0.15532826580309245 0.1441400899385278 0.1546927985310957 0.19718046895457758 0.1414832008785097 0.13310522750144238 0.1432487490427706 0.1762333248126131 0.18900215904760756 0.16933864866746098 0.21465352336165763 0.23771914357468224 0.2613955369267617 0.2993626623772222 0.27535862086931684 0.2902711780667355 0.3352356982507503 0.39686271288546526 0.36375600322354446 0.3795751894248605 0.38200369336551354 0.37274679194025284 0.4144175629815267 0.43884251691100085 0.4580702540648719 0.43445475440200326 0.5318596409651167 0.574649403007502 0.6180951340167533
0.20230692401939737 0.19226740105016998 0.22591671672211938 0.22477235107538984 0.19759893869545034 0.16877025345231836 0.14539165298512602 0.16447582134466768 0.16217015562109327 0.17749693787959606 0.18336648913743123 0.21318759226345532 0.20659195694048482 0.15875955511261394 0.1746493292573508 0.1977527036914225 0.19843314942393075 0.17297542998332985 0.15408719864852374 0.1383721279254327 0.17080129706944186 0.21736306851590242 0.21176211481446358 0.24996406542054334 0.26127626313337154 0.2712432480259227 0.27514775622470405 0.3017602815768052 0.3237633859323679 0.362690536021653 0.36736913883689526 0.37613689347122836 0.37265353354250064 0.3597691826550673 0.4026397115731404 0.4340754390176356 0.43500435965323564 0.4770642046216754 0.48608180044356486 0.4574411726247364 0.5139498118767873 0.5419761303021102 0.5960917056137062
0.18799632803531596 0.20341254144839588 0.20398372770260034 0.20026891124689208 0.16969109433286236 0.14649266973333644 0.16552465203483538 0.17196274544111126 0.1819937720943864 0.17578389548250148 0.18099218716892554 0.2669469537267698 0.21876389325631124 0.20985366888352355 0.2032484597401749 0.165349715910322 0.1714906749270909 0.199567812399692 0.1481831008851499 0.10200532331635388 0.13726065422907519 0.22043008184302929 0.22441267831572217 0.24700331392205707 0.27361916417934257 0.3099199911069646 0.3081072069262537 0.32052012374451255 0.330482803560401 0.3928743634429952 0.41866290500308967 0.4053344690596712 0.3942469733605239 0.3654614144743643 0.40387097914981307 0.4228258451970659 0.4297460149528219 0.4800501407383895 0.5158780539544023 0.48132206834086394 0.52516987001026 0.5993502988926465 0.6548326348599952
0.1558224823082911 0.16354285019241482 0.18257685525021636 0.13845685891106632 0.14328165107234328 0.1068176356824704 0.11632753330557488 0.13353096664441097 0.1933555647967504 0.19890948640667777 0.19247238397983066 0.2580031185940443 0.23398359531867238 0.21174049073648515 0.18950191047344747 0.2192801621417714 0.20908195108056923 0.17463374676915416 0.14056082870098735 0.10766045418854221 0.16177459451146528 0.18998449991763022 0.2640332246225336 0.24779871373974613 0.27946781436475404 0.29200638525866557 0.31872572329083304 0.35005623468426067 0.3586288572428444 0.36017942390687263 0.40250804474070934 0.4178842199961474 0.4218237279686964 0.44236515734245374 0.42729879625985123 0.42964196598139953 0.49091515229860766 0.48709102480967686 0.5299506959426418 0.5033182125788772 0.5500689895813525 0.6075314312097235 0.666812329327456
0.1797010240177106 0.12520571312590456 0.12832917864960125 0.14789429035744578 0.14258858203152752 0.12681759319269947 0.12167340718657996 0.1331689844093218 0.1907704054690974 0.1780290819554499 0.20776207025483764 0.24830901473388628 0.273055700931133 0.2571966158194397 0.2461054057872496 0.2267312017061084 0.16350904727398588 0.13739353079697011 0.14311102577062998 0.11356607761367005 0.16766716298365683 0.19932257419925248 0.28458742890421634 0.29690686985329057 0.2860205488823328 0.3043700068381422 0.30293132289886926 0.333430593486035 0.38234609867385616 0.40383712458521365 0.4002934204156394 0.3971755198897775 0.4647254463527927 0.4438270211191385 0.4397562351445507 0.4721435160727291 0.46985885783897136 0.5158681698079585 0.511319279915168 0.5362139806541224 0.5754909651284387 0.6259812158629416 0.6845061285419025
0.15790641369544126 0.13193931900898564 0.14569455649320268 0.11734985348238304 0.1618618850285572 0.15104125749600658 0.1725081313091189 0.1922796713225741 0.20422724751730947 0.24168731445590091 0.24823411003736223 0.26266747207117364 0.2365733014350714 0.22700219450027273 0.22160837379283793 0.21928504890381084 0.18450249066896124 0.12382158120104947 0.13402541817256783 0.11623074168290896 0.16682083883375073 0.2526118620137533 0.2973499726497595 0.3465454071116358 0.31972298989538894 0.323387331421825 0.3763803998817921 0.40178624572932636 0.4292949779606172 0.4372181070793493 0.40389387434960977 0.4183358446021365 0.47759461398379033 0.459987575939225 0.4506097028081376 0.48176978766568285 0.5060308797648215 0.5003266968091373 0.5651776183943541 0.5522917304232435 0.6006393094521976 0.6316214955554917 0.7059884725493473
0.18518965834673054 0.19942588109608575 0.13843158037305434 0.08540026235207028 0.18461803960319478 0.18983515506652315 0.21317245208871158 0.20640408686797054 0.23562987646902864 0.22451415865577448 0.2770669966140537 0.26700084586653827 0.2606638924503665 0.2128746564057811 0.18672963732504805 0.16234256687612184 0.1870172506611464 0.1490949616672555 0.13558393105034616 0.1197050105323889 0.2367926056484382 0.2885613595134042 0.3185977539500449 0.3805107215857923 0.3551710193353807 0.3487276496043038 0.3765349301550748 0.41109158647796507 0.4319469601650403 0.45350629105311063 0.43152252821752074 0.48060056414107905 0.46543949008349084 0.48757884110219457 0.5078026620846146 0.49780038363493906 0.5043499199489321 0.5329118543317022 0.575342439186177 0.6157193453991189 0.6453079080626695 0.6824867395719307 0.6979636376146612
0.1705927502448254 0.18235822118871362 0.1718674950522164 0.17748300980926834 0.19754538422701712 0.21440204739842125 0.21782057160017962 0.20757380882957804 0.24966108530026632 0.22812290351336184 0.27181530712633495 0.2445335309535717 0.24024375555724053 0.20376224485743197 0.20642472156301866 0.1978355942063596 0.223124286672793 0.1674821376701881 0.16791157695877723 0.21939867042105082 0.26334220765425814 0.3439155526441919 0.3756391067314878 0.3683973493283951 0.4153997007891163 0.4202984849323826 0.42171749827582755 0.4189089165769313 0.44338099561313127 0.44176948191355514 0.4742705263662111 0.4968507695221034 0.4935374263028214 0.5124941760256623 0.48305206117407856 0.4981049052999744 0.5114634423576395 0.5338330512995462 0.5602540149635543 0.613900942823702 0.6200993255449063 0.6310492021196915 0.6748555341389014
0.18448772998885687 0.204644208683324 0.191722299414761 0.17255285001061826 0.23029821744011653 0.23324242382285781 0.2538617051308011 0.2725310093532196 0.2562401014756868 0.24507901560098344 0.30325983541474266 0.3152053722100416 0.2676526723661449 0.22071902519868616 0.23655391802095888 0.2588028392815361 0.23638354007238346 0.23560637623518632 0.2121243299212793 0.23561321910953828 0.3136367806151211 0.3488798412954622 0.39878846758754355 0.4026229803157765 0.397141500337939 0.4335819617979909 0.43624395108451414 0.44480951506027644 0.4213146767013348 0.37918519403505063 0.44872967430298494 0.46963527811766104 0.4733675959984624 0.46994381916243977 0.47413127280551864 0.4697482254840233 0.5270291313152352 0.5822693570068349 0.5600659789775606 0.6039602164443622 0.6371339191159683 0.6129524440532358 0.6262013601602062
0.18523822111540958 0.20419243843170082 0.18868496792471254 0.23334946307651397 0.24203937084269703 0.2373476127465767 0.22609212035299125 0.2618287058494586 0.22150087303976917 0.2459816022354126 0.308919644867267 0.30257096090822033 0.2633967679722821 0.23378961871957532 0.27766134404754395 0.2708981773029192 0.2694035782901919 0.24328127311955866 0.2761856443375192 0.3096883697467345 0.32630847147767134 0.35704991307159234 0.37217029261171464 0.39960911696683826 0.42350647135670666 0.42933682063273354 0.3965539675081822 0.42221038917786674 0.38021160165651 0.41368261386783156 0.41714297866554756 0.4632611868368995 0.4607381932490098 0.4532309489448593 0.4694574554105343 0.46597989903468345 0.503397739169421 0.5775994941844961 0.5915081617966197 0.6001877541046595 0.6468040352532747 0.6405309209308282 0.6229818071980402
0.20701767755909897 0.22074552961829505 0.24531211730210348 0.2372169727346132 0.21263755060080988 0.22913536358075481 0.26050563133146576 0.21768265176384227 0.26283466901065344 0.25971793625171186 0.28124350144344196 0.3424223591261919 0.3137079477318604 0.27525068576591466 0.262507162765162 0.2778252111753842 0.27122785430877533 0.2773449009229167 0.3196338844480053 0.37142379554538396 0.32337159791868275 0.3206022149434966 0.375704371313417 0.4061607094967467 0.3826353074283 0.4071698361452037 0.3687340920989597 0.3704636824197206 0.35440352947751086 0.36924453591003575 0.4171335044522094 0.4496458194596646 0.48763994451040027 0.49343977471574724 0.45944249130983633 0.4815812323800909 0.5366603260002482 0.5767240764232753 0.5873293535867329 0.6296740730603309 0.6444768417366478 0.6615302619842923 0.6276845397176479
0.19753086436921305 0.2196740392250708 0.21703098511939062 0.23375635141256254 0.22931771227797718 0.2382883982654629 0.2520654758253761 0.2469145319454275 0.2857516196761018 0.2646583579321584 0.29471589959578387 0.3187984045683595 0.28242643486150537 0.28392634920637433 0.28880654823772456 0.33982313200122405 0.327265207732671 0.3262554523460113 0.3578161702152735 0.3835728653670306 0.359781172303788 0.36035437050357616 0.34097930559377837 0.4125823350011286 0.38966286943642175 0.37695507595829625 0.3892318785336806 0.36135341808848226 0.34865109076652767 0.3500305138373267 0.3896632743579275 0.43319979232687017 0.45325269797659073 0.4326586684612187 0.45116873691545095 0.44868120027966396 0.4742201154789558 0.5355904410778775 0.5746213642901545 0.6188530971240224 0.6360870881644777 0.667545565439429 0.660180194476112
0.15773181007677695 0.16830454404010292 0.20174490845675805 0.2865670181427733 0.2461023694418919 0.2634053319409053 0.25584883504269246 0.2883519113599649 0.32070412532128967 0.30689909062194637 0.2879091329912534 0.32175570018346783 0.31020474682539373 0.2915550000035323 0.3406516860947644 0.3757873193124467 0.3826448606487301 0.36535819858088026 0.3507668630521753 0.339800516587263 0.37995301138757637 0.3306635256456542 0.3600853518059427 0.40661821845368523 0.4082825007442294 0.39843132567764716 0.36044823214327315 0.3672158207324976 0.3696487061338681 0.3704220455934635 0.37744116952034057 0.3915138272372268 0.3913711344040895 0.4023472318778593 0.41525649418729194 0.43280181141410845 0.445892197688025 0.5060476335005696 0.5185935811173102 0.5471989908379008 0.6039396149025466 0.6731972798005094 0.6730177846791757
0.1865620055296281 0.19234095052468098 0.2524073429363173 0.3052008367805437 0.2899062232570604 0.3012283928822095 0.3178551382337518 0.34306181666261254 0.32622861087290045 0.3329363991483966 0.3385986300436538 0.32138243680889317 0.2841543420744754 0.31698991423381145 0.3595004278000322 0.35332808847128644 0.3666876516972028 0.36203854945195446 0.35422640381727183 0.34606786056438116 0.378039322283701 0.3333604670110351 0.38033129263407384 0.3599237187221937 0.3713657687860588 0.4002006784077219 0.37406192928632187 0.4073190754120959 0.3901888108770115 0.3941363901282286 0.38138234007477884 0.40145569066042525 0.4195415765236148 0.4076576387051895 0.39282360674189964 0.41354074050451833 0.42743383373133387 0.4811782126633604 0.5316171714072253 0.5602555261025853 0.6436542888061727 0.6747297290096771 0.6947959220533201
0.19639171734522967 0.19043988049288071 0.2760428638243511 0.285867972613489 0.30708529482191793 0.34095682678282496 0.36162233107669745 0.36781658450310284 0.37003514548294797 0.3753700167501557 0.31006780575772497 0.2898471002418911 0.31801590960633674 0.3281505655650393 0.37571425702123856 0.3707303344610676 0.3918811072210535 0.3637082590307598 0.3857286622602727 0.3962401980908584 0.36214008270347736 0.3520392815351143 0.3380228770721372 0.34245161232513044 0.39939501158285673 0.3651322901507033 0.36769172278398193 0.38552399555453126 0.40496152253367934 0.37349251098989106 0.40049910500629526 0.4610189153087647 0.4582081124940294 0.3923131741723777 0.3664016252843964 0.3633581287420142 0.43679317896779063 0.48384126656982096 0.5540350182246712 0.5687500478775819 0.6136682814042748 0.6655514358879615 0.6409286067237773
