Raster_benchmarking/Raster/continuous/raster-13.asc
NCOLS 100
NROWS 100
XLLCORNER 1743152.9497655132
YLLCORNER 5469293.111808743
CELLSIZE 10
NODATA_VALUE -9999
[rows 38 to 56 of 100, columns 0 to 42 of 100]
0.6868916780278947 0.6444615099292278 0.6608692914039366 0.7085788308606296 0.7052094474160066 0.7316483867901119 0.7225635573581349 0.7202685545154529 0.7228074954563404 0.6639334515810285 0.6763104810005254 0.6594555982661705 0.6275816242109526 0.6205827374965953 0.610801467521146 0.6188431395212612 0.6128087534865101 0.6158586004742826 0.5872038393937323 0.5116916596449006 0.4810208235280216 0.4844316069260276 0.46374064671080045 0.4176743431437099 0.4100676168143797 0.4064765033407621 0.41182464882889974 0.39218970546824905 0.4384332591481273 0.3920617620699117 0.39551071958332157 0.37255808006915225 0.38864492462603734 0.45347051321971793 0.46027739043499766 0.4727244403301225 0.4452023422472029 0.4102267775370054 0.4198250682624189 0.42462316840526804 0.39833403812943535 0.41785809942018304 0.4035191589738988
0.6980849868046594 0.6663336316524573 0.6598215775208109 0.6979290510279493 0.6941503193632561 0.6990933545983227 0.684426383482636 0.7292284523473768 0.6732971241092671 0.673814089563054 0.67498017800075 0.6547929106404922 0.6406747535946942 0.64331771754743 0.6247545927181352 0.6229629566281636 0.5812327620575992 0.5806274868842596 0.5736076371632187 0.5360259816837524 0.4947008414125306 0.4272704192079981 0.4138658030968869 0.4257015309410991 0.39489611352669646 0.39697273697953983 0.4099229536757337 0.42340605108921586 0.4253569084281864 0.4256462488112817 0.39544751341461987 0.423620156053166 0.432324400172773 0.44429343165607815 0.4849147904130962 0.47304084987124306 0.4843976480367056 0.4451136923610273 0.4332214070245597 0.465254416377782 0.4363383146829029 0.4373343929951288 0.44534773324119686
0.6538119432661849 0.6857501101242602 0.6647037737092805 0.7013931834856993 0.7081537758841633 0.6826209891940326 0.6948891972338994 0.7035393933143664 0.6700792222195537 0.6492165639682432 0.6657349789595034 0.6727907879980806 0.6498793859061213 0.6297391435044704 0.642283084351052 0.6391837621803796 0.6101533561036606 0.6061701322209913 0.5493007380478656 0.5077788052770662 0.44624786968506663 0.4466334598145154 0.42322917777560337 0.3849489286339248 0.36430539047391924 0.4048676607628668 0.4335366216912041 0.43647519331114515 0.3847811572092468 0.42516398279777456 0.42492571933262047 0.4517106244538196 0.4321477210121512 0.48583481079533264 0.5192808220703836 0.4892378829487422 0.52564823556566 0.5191711170132994 0.49368917665951945 0.511395011744723 0.524058882169766 0.49514738288400834 0.472743632586649
0.6443481218849806 0.6613578877370644 0.6296013480029772 0.6276972938294527 0.6666897842983134 0.6587572379876122 0.6899531755511763 0.6705199784536086 0.6571049652551589 0.6734609301343667 0.6863489898381069 0.6355917056338527 0.6239778151343185 0.6395469144615068 0.6214839901400318 0.5939524684597152 0.6034549850177956 0.5731754434183743 0.5381666404833747 0.47354672894236416 0.4308346706132503 0.42226005055250954 0.42514984953969026 0.37346409704331973 0.36774531219309997 0.3880220953238413 0.38295439514665464 0.40825614056592036 0.4394703335481709 0.4280515299784469 0.43671147127475557 0.4358518232123702 0.4633960979687674 0.45534765251295745 0.5021500215662714 0.5433038591825152 0.5534750723762919 0.5635559982918331 0.5306179448353421 0.5540072601267114 0.5648370221782016 0.5389529399655272 0.5045608954091999
0.6277345867399658 0.6216667730397739 0.641744662984239 0.6092974622571825 0.5918750472907002 0.6425653810690642 0.658212782384676 0.6349188803120077 0.647251432490553 0.6529208688253207 0.6590092509451458 0.6297890626919977 0.6724260660207497 0.6665360730358642 0.6198154540119345 0.58827168805438 0.6135128459690582 0.5505854195421812 0.513146629083309 0.48717705972787234 0.4747971194922668 0.431772093410425 0.39339041712780565 0.4046054346733657 0.40729831418031404 0.3878859283369034 0.40470673340444113 0.4220855126068685 0.4364982861905163 0.4602642843010916 0.4359599382889206 0.44833099122997344 0.44161243355737856 0.4689913453107557 0.503884313271995 0.520501744193684 0.561295258298106 0.5513547681736645 0.5800647671830618 0.5728708308888484 0.5756214895911604 0.5294577071489363 0.5049197603913514
0.6019289732566065 0.6240881084213392 0.6257145037664552 0.6129297994858471 0.5828422121266084 0.5933786400076829 0.6396017055722062 0.6382822912797954 0.6159423138538975 0.5984783722367748 0.6385001437729559 0.6502210707191757 0.6199889663062942 0.6296655185661982 0.5955841462846725 0.558867439177682 0.5419686779889799 0.5105680667227559 0.5146637120075073 0.48623846903215495 0.4712983742056832 0.41710163513871945 0.4412106632360493 0.417372170729658 0.4039091306017104 0.42850525462448114 0.4310994173009034 0.41696728974242664 0.44296864547884374 0.42891583718524956 0.46487107587616633 0.4463998877508117 0.5001466121054832 0.507531328609988 0.522569919862669 0.5186297971808324 0.5197331064411593 0.525331796483545 0.564539205483207 0.5668767812429858 0.553947276101246 0.5504734097514266 0.5047427535612018
0.5779029693796046 0.5868116986284019 0.6215727891788637 0.6101758726596541 0.5407454828049372 0.5865774132655769 0.6144166960633576 0.5979063262144216 0.5465682162108736 0.5607485922377986 0.6334217079284375 0.6595328395081409 0.6375675518938538 0.5752912571460319 0.5645341765550859 0.5439252957651401 0.5416221855381544 0.48571320141414115 0.47548028575149454 0.4702141202039766 0.47464583491485657 0.4377943055655616 0.4366146620180136 0.43024129162143715 0.4305676499930316 0.4491541192422389 0.4253414761241473 0.4070978706063491 0.38298872456450683 0.4448096497358038 0.4449089300652979 0.43125749141237946 0.500073896539704 0.5195714803762443 0.48659875969219635 0.5204234893969757 0.5000958249971883 0.5155084163033573 0.5704749077837651 0.5700427789259849 0.5923863979755029 0.5330406873824857 0.5128692235852972
0.5220396906689779 0.5634868535865349 0.5624702054073548 0.586741147269947 0.5732387614643015 0.6043482350547642 0.6183379882740682 0.5747382631430982 0.5705740755701602 0.553364057425323 0.5813183319290732 0.6070076176615762 0.6044309656788157 0.5750393924780315 0.5741128684989957 0.5167951441353343 0.4895058453849914 0.4747536919925446 0.4604207762734116 0.4875069444588889 0.46663734859532713 0.4880443967664162 0.4423466705230276 0.4009789348964255 0.39796184575754034 0.40330655579272373 0.4185650086990637 0.39503244202807597 0.3622625525115047 0.4070429026148688 0.39619521624326326 0.42519200363535037 0.44615102485452135 0.4909501123846141 0.4656289626693097 0.5003728070302687 0.4887689865345534 0.5073167151915923 0.5492868651548575 0.5482477423017749 0.5749082610951991 0.5424191324638719 0.5450061736514098
0.5074101113314727 0.5478759221516936 0.5650047340874272 0.5891948211899748 0.6117422733139 0.5816888761788004 0.5796503778951378 0.5857715746706565 0.5429324329696832 0.5263606665070646 0.5437462695591928 0.5571613950974746 0.5641966063263623 0.590072852962625 0.5695922039569311 0.5124323001683818 0.4757621110315909 0.48356043200236615 0.5148883721583184 0.5136400180245857 0.5089096374252833 0.49379639375130785 0.42136926347825326 0.3985935547045457 0.39532288036208446 0.3932869924566831 0.40994678988113686 0.35973698216275674 0.35904774510359216 0.38898799807820733 0.40854382013948476 0.4533562876480611 0.42942873344976384 0.4383838829333678 0.4740112213688432 0.4625135620490481 0.48070928197702223 0.5179922218588803 0.5082348686489477 0.5711066680305433 0.5954455158457103 0.5561345944290471 0.5700377048261634
0.48431301726141934 0.5254930714955737 0.539506439851495 0.5588759942437278 0.5761864813490044 0.5651405777344987 0.5516128017895479 0.5718035324838878 0.5260796826374394 0.5046013601048212 0.5481327140329701 0.5606897696234376 0.5801909182146845 0.5602662578785316 0.5669214429633008 0.5028676580934937 0.47566887553757503 0.4960859837215623 0.4760852321722975 0.47698588573065404 0.4888233884835601 0.48344465671656206 0.433485253076327 0.41861245136776853 0.4372772697069396 0.39755866768440423 0.41305087247756345 0.386419884099113 0.3639601738030654 0.3984593270687305 0.4348520950438397 0.44492540187039803 0.4523176412314549 0.44059606103816595 0.44115305397482674 0.48530571133569134 0.4850749808971073 0.5037518911315346 0.5071643332771091 0.5727297350968263 0.6024242352339717 0.567947044220474 0.53002347703592
0.44393300912278555 0.507527869392517 0.5061694562150757 0.5754388860255777 0.5938580066901967 0.5780737362201629 0.5334720594994105 0.5593085471037316 0.5208430237339078 0.5374884065076775 0.5244138543304182 0.5559080768702452 0.5484091517238964 0.5166871333222793 0.5603544193410218 0.5221454005006465 0.447365551599047 0.4466611982789515 0.43149712770539883 0.40981292330830094 0.43821851028997894 0.4630672918551973 0.4711071112152033 0.4303381566678951 0.44781877365328754 0.4236865564555504 0.39972077348973994 0.3704865758336107 0.3622808548841229 0.40434764632547 0.3918458487161051 0.4571827385762799 0.46897021147311063 0.4309697096092623 0.43404919819052373 0.4461859012657385 0.5002684766597516 0.5281032479280536 0.5356213117033292 0.5754328833208061 0.5736755573438671 0.561673884148851 0.521596791115123
0.4473969804082893 0.48616803964991234 0.5279371085603474 0.5506031992041927 0.5632446712180811 0.5358741631013972 0.530680872606206 0.530550040591917 0.5180106334692897 0.4984681248982837 0.49648845963247085 0.4967205317309717 0.49397078668996314 0.510131309624757 0.5425190722889871 0.4742401853461998 0.4267581965740017 0.4380861545783792 0.425046517908975 0.4030612147806426 0.3883394833983873 0.4057779805695174 0.4214836685210805 0.4050199222557661 0.40589048274010586 0.40438323780810587 0.4235700997901313 0.38192184254356476 0.3603266429222541 0.3775516811865551 0.40902388719290017 0.4542814429690573 0.44741359866272196 0.4228876265943973 0.46661122445248804 0.4557071346931447 0.4956627570631622 0.5169411864099543 0.5315320392683152 0.5272673836676627 0.5167115870138335 0.5139102564453316 0.5239501652084224
0.4610002754945494 0.4781846255141859 0.4984199715124463 0.5226780481928086 0.5027884752013614 0.5418824565099892 0.5197295183504248 0.4844698659893918 0.4534327426162047 0.5056153251832611 0.4845482918856474 0.484147027713347 0.451935103878701 0.5120903314163691 0.5138915051830197 0.4918623264697317 0.4494059512741708 0.47371859321656556 0.42174793941340855 0.3806647549544397 0.3784596092700712 0.3793088167649234 0.3854460301211093 0.37138275772092794 0.38152192623223385 0.3903840655723083 0.41422446208016944 0.3959897119182935 0.3364401746967478 0.3591579943400625 0.42617893223279235 0.45108191371818135 0.4323534320290202 0.4273844850756331 0.4484039331121684 0.4555175341571687 0.4698931225822926 0.45176105226663543 0.454159379573758 0.45363041382940794 0.4617868364871482 0.5108789290451808 0.5402770263999102
0.48424950462037875 0.48921841900970675 0.5142719887795869 0.5197191487363677 0.5266397887999396 0.49951017661664715 0.48861788930344713 0.4974461542703567 0.4448438740975835 0.48030271761544935 0.49293434273575226 0.44500998399853114 0.42739766403880547 0.4852462338637613 0.5139023380333215 0.4848325516191043 0.5020452500717311 0.47123521612758407 0.47372283479674504 0.41145062038721936 0.4322391470591834 0.4173256894688806 0.4042517757126238 0.3685060315336705 0.35741198898228743 0.420264498359471 0.423485331016958 0.37603793903251265 0.38626359815557165 0.39911904633669754 0.416719463864892 0.4287626255862956 0.4153231847793621 0.41028181936102165 0.4500184873716677 0.4256210360463578 0.4319499293386857 0.4045433053492559 0.4221672337186934 0.4427363615791261 0.4769827399195941 0.4719500969770213 0.4842190310726678
0.4428016785191657 0.4463230697820931 0.49893163334848745 0.4831579307225671 0.5350912985050458 0.48323838358536153 0.47663430522248923 0.5057954571459181 0.4543293714738804 0.4904881700517049 0.4766459048312537 0.4729702110208879 0.44177934544707953 0.43523313792009105 0.45692728484794054 0.5059061118450188 0.5480109373241724 0.5040507208315488 0.490675624174923 0.4253942837930609 0.41364982468151684 0.3927414709666307 0.41202108622371736 0.401422553460586 0.37345870281853444 0.42213276357289087 0.4275338509888698 0.41720066441179277 0.33369050649947446 0.39874441484112866 0.40809986474562 0.42294189684775424 0.3773389347624941 0.40376378734322976 0.44532379009374323 0.42739243099599805 0.3996328283810325 0.4323573607888481 0.40492590857219607 0.4526628640554649 0.4573365710110477 0.4347968880892666 0.44596565794043297
0.37654417269443674 0.4394455117997079 0.4613750673969881 0.4754775396838732 0.5160189570101023 0.5030365097960657 0.4919129824353763 0.4976894740134492 0.4877522620993334 0.44190951163468595 0.44537847023652527 0.4598220555975091 0.43626193246932254 0.4408100425381956 0.44863978901551904 0.4862245790673138 0.481536074343679 0.4958406859053918 0.4727578719207986 0.428349731753882 0.44493993892769235 0.4099010896299631 0.4161438094744005 0.4215259385700532 0.39685790614939825 0.43683247904721606 0.4139917534073193 0.43242233221228904 0.39044894147105236 0.4063826110359263 0.39868878256577106 0.41454200676193137 0.41210857316743865 0.40599707890441167 0.43015735866603544 0.4256220703625238 0.40964804854316234 0.4230389131137293 0.443693807856129 0.43965822424037654 0.4246440177167194 0.4632538121627735 0.4601665251601837
0.3320360420202047 0.3811190093728824 0.415115614505695 0.4456067537053654 0.4551649302433365 0.5121754341823245 0.5177565963072174 0.4931749932835852 0.453041912392501 0.45754755106765 0.4980014261408959 0.4501929002227408 0.43090356336384156 0.43655601859151966 0.4407878718851385 0.44867727314756356 0.4433508353480304 0.4490212313609271 0.43493950727793196 0.42978404162803735 0.4559252696736236 0.4135319177545496 0.4068111679832436 0.4013945489557045 0.4451119594098198 0.4327326840854116 0.4233649717677944 0.46938288758418417 0.4396409205095279 0.4146974807409776 0.3902894595337686 0.43738892212684044 0.42026033344146185 0.4171875208849256 0.3795903784742413 0.42027336866762127 0.37326952690607557 0.40967732774658244 0.42597679448372217 0.4276946759155989 0.4216207643464716 0.4386041754181446 0.419965684732646
0.3296700670339262 0.39100836029554664 0.40450364394549765 0.45493129785801745 0.4628118328424737 0.5142173894840765 0.5419233351154114 0.5073180072470362 0.4915260656418851 0.5103795246973919 0.4993656922025331 0.47005350069788593 0.4762470725755801 0.5008392417522708 0.46054669726178976 0.43747706898093613 0.42153859143606487 0.4153552967985493 0.3971996847476625 0.43809572305193806 0.4506217183731232 0.3983201406737535 0.37734722514586766 0.39816593008103823 0.4316071192114417 0.4090531918157941 0.4521910589992849 0.47054242750053205 0.4481724705602211 0.4368095622505806 0.42264792016140806 0.43120132274476836 0.412342936769094 0.42542693620482275 0.39774224691886384 0.39864144993419126 0.40262819475744366 0.3905625851916924 0.41163182804934373 0.40292293335279944 0.43164505473835246 0.42428406998203666 0.4136119879103265
0.33587619648072586 0.38295084400645785 0.41834537915640896 0.4709467042492568 0.4630925703577327 0.5115244792165309 0.5248351996560378 0.5109349435175038 0.4821489283272264 0.525049270528067 0.5244257498170186 0.5308804204745867 0.5358733434895993 0.4911196262479194 0.4996751582174312 0.43690629771834655 0.42007406558753785 0.4069713793361736 0.39197619065974826 0.43555431960313884 0.4043403964464371 0.4330498678775823 0.3987940790439095 0.40536485729989286 0.4189803399217994 0.44688896146772966 0.45215516683700646 0.48622137452440034 0.5050758669263714 0.46841345838828297 0.45710459414449317 0.47826208802254877 0.428104189223453 0.4026887654413329 0.442256858589373 0.42752588552942583 0.38077720548323946 0.3849907268875327 0.42271167152879374 0.41788932037227183 0.4099120511879114 0.46795878155854054 0.45238536457864686
