Raster_benchmarking/Raster/continuous/raster-402.asc
NCOLS 100
NROWS 100
XLLCORNER 1743159.7880381928
YLLCORNER 5469285.64351673
CELLSIZE 10
NODATA_VALUE -9999
[rows 0 to 18 of 100, columns 0 to 42 of 100]
0.8315439294861661 0.8039762531071261 0.8084144460672888 0.8083966373848674 0.7764921908645401 0.7709064709286875 0.7738586371224102 0.737478100940676 0.7392548224953107 0.7471990269480182 0.6757135380978686 0.646386973776869 0.6470979879269882 0.6344708824823875 0.6264799176112181 0.559111384204375 0.5061395219948227 0.46238049093920125 0.4523666852714498 0.43977099271655307 0.38177007979206096 0.38880777068995764 0.3747294436161875 0.3996981067751004 0.4175011620153751 0.4741305402669207 0.48384420945349554 0.48823910219349964 0.5037720412645581 0.46479582621494864 0.4449078377968214 0.49460606086336517 0.5059700699426942 0.5309041281912303 0.46276173961575306 0.43927222947077443 0.4486731262726172 0.4484774936966209 0.41846176143280067 0.43825749303735384 0.4139302443991289 0.3929761305258234 0.4019064522839715
0.8641911278208462 0.8516718443211474 0.8419056373582948 0.8339868121483347 0.8186814956229433 0.7680454119663475 0.7693774635424802 0.7310186727547415 0.741025040986998 0.7407958709111677 0.7083162187346304 0.6856458250993258 0.6801883298049655 0.6561973871896866 0.6493062341945001 0.5636448737292491 0.5309655613104329 0.5063649863831345 0.49953590905286793 0.5021672308843629 0.4454943766024272 0.434670829451027 0.385764009943739 0.42283049387070026 0.4194847139727829 0.4373650479345491 0.4875465310896176 0.49222611148839074 0.4989739806470563 0.4799770232863013 0.4644860763319415 0.45133483969949834 0.4985600451443725 0.4935400646384788 0.46914361515171105 0.46016261153832216 0.482559237836378 0.48973806710024764 0.4710177519888189 0.4666062591776875 0.46585195772838944 0.46362336064722626 0.43151783562786983
0.8722435442165396 0.9009696523981858 0.8634501536460231 0.8243662202584132 0.7944989718805876 0.777058664679635 0.7824920055534915 0.7959887120027302 0.7505107578353073 0.794357468275809 0.7574759004851187 0.719717392219034 0.7205573370716208 0.6962045655864256 0.6502397130947494 0.63414153884083 0.5623122881792235 0.5764604537186085 0.5318044998034274 0.5043379835100383 0.45860897700780157 0.44356468493009615 0.40388013508747317 0.39470223462218335 0.4519561246391531 0.438062472626011 0.4461787060787189 0.4874523220001411 0.45847375485973885 0.494418755825206 0.4746976632895539 0.43850370005532496 0.44921504932687756 0.44417169088506514 0.49231797203746297 0.4895670137205774 0.48365150429739867 0.544392950028709 0.5367272071251392 0.49921290729199397 0.4637575184224904 0.4625601829107226 0.48323421187908333
0.9094000242037334 0.8944303717961913 0.866785754179343 0.8483890825852857 0.817836465981619 0.7837248681862857 0.7768498288937943 0.7552341172735462 0.7831626054018476 0.7792202025938301 0.7809041014631614 0.7135674984602445 0.7039066838379507 0.6870915049621611 0.6329029909002395 0.6123122974790991 0.616136021697102 0.6004175191875019 0.5751416058674493 0.5103846810411353 0.4630358868159541 0.4319321919387141 0.44032277937944503 0.4106517209477797 0.4642227776797946 0.4402626010181451 0.44597452915780084 0.4551295672727133 0.4409941151332025 0.47069241525244915 0.45220253683656564 0.40490893312404214 0.43896074567825866 0.43357824736245215 0.49298565968766767 0.48091692388127405 0.5373007859674149 0.5189646063465166 0.5228366266948554 0.481611877148097 0.4818484673368301 0.4728735135314783 0.4837438862271913
0.9498123119106759 0.9205032694509162 0.8637655929165878 0.8433625939919664 0.8545949152412713 0.796906293238375 0.7990213065101082 0.7877729131275506 0.7851837203964996 0.8663316938048738 0.7962879420056409 0.7117760635982263 0.7144111560128886 0.6602907896765572 0.6599257707692927 0.6276441718668024 0.5927886566024946 0.6097289053224668 0.5792410058207844 0.5123601588850101 0.4641309045347649 0.4356151904161412 0.4573559439250274 0.46980678921332675 0.45191428419009483 0.4255750857289708 0.44931658769851074 0.4282356902616489 0.44546499488020547 0.4510013600020938 0.4057355639613915 0.3765650432529412 0.38035204633284914 0.44966386673258396 0.42539910869910735 0.48447561922104054 0.49271233699847355 0.527737069866828 0.5355696126325181 0.5282615884271094 0.5027358529751224 0.5164967620652933 0.5042054602484415
0.9306581373421235 0.9603643309314197 0.9418172936937443 0.9184399750695599 0.893099127948234 0.8712035666344758 0.850350454763567 0.8302410044123658 0.7749598149573731 0.7856604086334982 0.7800931709384814 0.7234597563670684 0.697835781847534 0.67043356795816 0.6445775140378683 0.6747976833094078 0.633412542692127 0.5844226977612714 0.5550082205683956 0.471008676908218 0.4499118992057955 0.47249369965763 0.4211456796096013 0.4323143569498249 0.40062117040231726 0.3939931506893485 0.441529350164507 0.45204035139878856 0.4528029322110947 0.4542501868679959 0.42374186914987955 0.4090925323384303 0.3855773714454542 0.36759750230690413 0.39790987223655966 0.4575033318137198 0.4907028862540753 0.480089463467947 0.4622003622161284 0.47868403066107357 0.49346516114262784 0.48830840434293354 0.5415800103344679
0.974805327556798 1.0 0.9651019790472322 0.9268663111266602 0.9410029011680816 0.8964002160083272 0.866264215657987 0.7963022621571714 0.8066746569698486 0.7738198185271802 0.7707688690170649 0.7728415444613094 0.7176958480139125 0.6745148194054646 0.6473347120643732 0.6939074645881779 0.6293228780053007 0.5766344425727303 0.5517565250183857 0.48680522804118576 0.48120692761353484 0.47913713754002474 0.4577184546261308 0.4279775828981863 0.37251426315393166 0.38878349851059285 0.41676771323298106 0.4366079942659355 0.44234408355173854 0.41140820199474865 0.394898003162707 0.3596045304941989 0.3666526968575028 0.3435537168503405 0.37508113055895814 0.4381355018509257 0.4649005116316444 0.40753611985191857 0.4123161491174457 0.44501009213550924 0.4854311894431105 0.513577835415614 0.5147872324417473
0.9829688859999813 0.9845816708494532 0.9997088479345244 0.9415046224641385 0.9312349885380472 0.8704071170808564 0.8333772882191145 0.8146635103271976 0.7951453398813959 0.738404292449359 0.7482282716591084 0.7088274371239535 0.6738962754633784 0.6567549031772941 0.639328039007059 0.6747841148966093 0.6254380958146848 0.6111563372259255 0.5727740027372084 0.5171827506498424 0.48130453240437815 0.40029419418539874 0.3857615095478692 0.4142128748141513 0.38295100900792123 0.3649409498742108 0.3622909314556916 0.36931640110222946 0.3839458926281801 0.41408943660135994 0.41674113765859805 0.3566341356463641 0.3686345127279358 0.35378900832684285 0.3649194600468078 0.40346145693088076 0.4076183274199823 0.3901275890134703 0.4650269687078387 0.47786329806664163 0.4830233735008121 0.4990291654155638 0.5454796108535259
0.9733965063009965 0.9792379740901286 0.9443006637043773 0.971071581199526 0.9275611989985756 0.8984991911259093 0.8453546398208287 0.7774355235046609 0.735841583578441 0.7044512854339915 0.689691313444892 0.706070917465241 0.6937858982910143 0.6620687881653446 0.6670938929119059 0.6274532879208002 0.6035024870076878 0.6248187585287523 0.5511993274937227 0.5033970767456477 0.46635706512544567 0.366027567620411 0.3464540141238775 0.3669648904293845 0.3602158916199915 0.3467395780002374 0.32170358101865 0.3500273036584234 0.3763000367495279 0.42937232546460147 0.3623932091735715 0.3558900034391403 0.32543249757513426 0.32225198492537377 0.34513319249384156 0.35498838037456965 0.41649049515847814 0.40599257062709937 0.4357250571184726 0.48630620655744766 0.511555626861754 0.5258327345429341 0.5518579710371572
0.9922235021243354 0.9517880952670331 0.9375279553232048 0.9233742785802103 0.9490230269740952 0.9024725754778973 0.8417069644647585 0.8049903932506759 0.7919880658638093 0.7251036653883582 0.7079773959781123 0.6971797862580348 0.6616958202455543 0.643554630674828 0.6291799574596659 0.6105291499149843 0.6078500882064698 0.6168727746791487 0.5707266978103572 0.47836313934801705 0.4593498351293296 0.4032328825012202 0.352285020000406 0.34521977194749287 0.34698949698235143 0.3359462547642495 0.3236443280466032 0.30016158277959903 0.3293492590357656 0.3930468224488261 0.3634987508275621 0.31710366733505446 0.3201829148497188 0.30735539188373223 0.34761954693619734 0.4030362120459642 0.3784085965426525 0.4373087173134385 0.4287437812409474 0.4682545957261353 0.47745089588393846 0.5022922718837771 0.5298839024989772
0.9797584092910102 0.9755187818437093 0.9740042733447671 0.9518821023130349 0.9225619812922441 0.9334109415444363 0.8947605413499574 0.8517341196027836 0.7743910585000976 0.7379601136622509 0.6893810567786628 0.6983841562663661 0.639764738438603 0.5812881789807764 0.6015316288150532 0.5831186239835041 0.6114833901919092 0.5967911441904475 0.5448043839748453 0.4682398002128574 0.4139725953330778 0.41663650444390354 0.3595502918615326 0.2960777219813041 0.3097733927459819 0.2947837689683274 0.29390185680133135 0.31112468933754317 0.35927698938139097 0.34325093774941523 0.34594159603842634 0.3009088460610851 0.31829249971677387 0.34694967644743036 0.3605271651257883 0.4015393808598412 0.3875345851311773 0.4104607754530717 0.44065065358656935 0.4274099106868583 0.47014568773027937 0.490782508397093 0.568192798622057
0.9723149776863023 0.9452165534206929 0.9232519162834752 0.9567805700755488 0.9398473147261455 0.9149704645663956 0.8709672983989268 0.8294831461447788 0.8082795289469757 0.7702659611819817 0.7006874695876815 0.6914784729325355 0.6461148956937569 0.5977625417026167 0.6011997099354067 0.5685849882368247 0.5773031255157044 0.5124993965493189 0.47176098510221437 0.44572365388442997 0.4343750391153646 0.344540276435126 0.31052902281664274 0.26746392454142653 0.2701969147129155 0.271568624423813 0.2613752614843403 0.30631025103683873 0.3301231807640406 0.3240036090962413 0.27685046960883225 0.32741437043618365 0.3202464720310129 0.33211288969823255 0.3500369422189524 0.4196923196988202 0.439417729517318 0.464650726215378 0.4497715123458545 0.4471055836325901 0.4897247037283208 0.5475488644381575 0.5602570256941288
0.9151787354460599 0.9478162662667556 0.9667720806689457 0.9401137103537214 0.9461485906080498 0.9017717237851526 0.8907232571862068 0.8499957197599055 0.7960338613123833 0.7361691524889501 0.709062158292766 0.6642892253316312 0.5822689760545093 0.5542041233593569 0.5514056362755604 0.5711289253615593 0.5314278325152848 0.4986627093289292 0.4665056019453323 0.45218702920326864 0.4437477859778132 0.3208828455243926 0.2862093050519938 0.2905502573322776 0.2636552081274542 0.18907897507908702 0.24120346543531349 0.3174327455044087 0.27553294861535976 0.2694308087271529 0.2922332117062796 0.3207696180538678 0.3344015103688533 0.30672718776966074 0.34514085866360317 0.45070596842045085 0.4873139330713667 0.4649231022096366 0.4448331330169553 0.4839079753995696 0.475096832406385 0.5208972732828998 0.5578111392096112
0.9247471276063125 0.9404746451062106 0.9302016611905078 0.927040483379298 0.912715860794194 0.9040831055989094 0.8925512067305723 0.8454039149119636 0.7987209446785949 0.7713532074518161 0.6970878801642771 0.6801699028034522 0.5950352171241701 0.5792214039364084 0.5951555780109932 0.5921746064077564 0.5736253787775675 0.538652732027234 0.49239907478676026 0.4472182021201371 0.4616500509136856 0.37154392588978624 0.3286503624961413 0.32936379686439554 0.28518116015812217 0.26950345194514264 0.24490938331446488 0.2677006717131267 0.31182587433483183 0.28284152934558465 0.28168987144330554 0.2985918116450959 0.3406852810410044 0.3663310358132272 0.3994131998260896 0.43507361857253296 0.48247021920593947 0.4524590129253607 0.4719077994805566 0.4681644668019765 0.4985262655926283 0.5590156689035527 0.5812226656655494
0.9428037492970217 0.888562979023833 0.9137618452435015 0.9049548634888499 0.8970450358603262 0.8827283151669393 0.8314266856245146 0.8244507199380917 0.8084801098927513 0.7805133278312069 0.6787879204057677 0.65879196577672 0.6387939742772673 0.6136751260158138 0.5833510836608194 0.5349446583989631 0.581517665320306 0.5630204077286384 0.5388891902133435 0.5045966634207367 0.48827876243579643 0.4529742480893464 0.40235933328893686 0.3266062906201904 0.3101655747983189 0.2655478801603316 0.29213073024831304 0.31016289606088215 0.29355420750448047 0.3132514799788503 0.34725427977449896 0.3528519835270814 0.37103207156149215 0.38499981653759036 0.4132643970450366 0.44544913881299314 0.4739045675422143 0.452419625068145 0.49409097916942224 0.5384590677157673 0.5179980888810815 0.5479646566139919 0.58806674441088
0.9129908142267817 0.8671021815827176 0.874595130245828 0.8394271884574445 0.8377128392419206 0.7838342066650202 0.7999380701250365 0.7854261367202761 0.7367336316869059 0.7549841688460354 0.6935383772385643 0.6833106269798935 0.6025544546395885 0.557775768250537 0.5752836460732255 0.5399338414689643 0.5799454909838575 0.6020426796089641 0.572018298090459 0.49351753147904953 0.48809641271443005 0.48838455744845166 0.4237581691341524 0.3483420158610737 0.3113284528550987 0.2948720496575829 0.2870300168480515 0.31023684642149896 0.304126465016786 0.3166407153351053 0.3480960191575553 0.320074863381157 0.3638129657301988 0.4185908644102447 0.41860686015216664 0.46867280420165436 0.44705809607346003 0.4989393220879377 0.46620057294737766 0.4910882595245587 0.49596596948505006 0.5311910802307563 0.5735513199448021
0.9261189508635196 0.9081184128568929 0.884241999962492 0.8306381263654282 0.8256670459000628 0.7398360975312495 0.7178324378325258 0.7213171573582425 0.6806691664723324 0.7109285569179967 0.6724344310951257 0.649028618377866 0.6339085949083177 0.5581086899683371 0.579524314203737 0.5874184556498037 0.5550480690061383 0.5651065493424732 0.5671327633100764 0.53570941267202 0.5527577253647008 0.49410596277085417 0.4404677762485654 0.45064045976105294 0.34089170092925947 0.3177944359673509 0.34902345090065584 0.3569099763970589 0.35586033800188555 0.34802657287698474 0.3767975286898488 0.3272142948500567 0.3832482127510608 0.395391852064287 0.4566575255517298 0.47992874873451696 0.46010443018477953 0.5022127372296313 0.5080899355906034 0.47625726154637665 0.516608459062528 0.5515749918166316 0.5545889653804895
0.9168431766594801 0.881192330126096 0.88478174508827 0.8312120683746871 0.7692513065869195 0.7332076067190636 0.720941617373438 0.7090708035626525 0.660426441463615 0.6588922639863862 0.661898614667027 0.6609240562165036 0.6336184872141828 0.5707947663244368 0.548525722699266 0.5856416891911811 0.5902348765367416 0.5476090662736262 0.5598545758268431 0.5481839109654333 0.5652485891062446 0.545374209830996 0.500474610525592 0.4199190152833926 0.3771498281814435 0.36841331303109576 0.3745167194073449 0.353548089958822 0.38249582541361604 0.3543768163276354 0.3685552711265908 0.3749774034177128 0.38030536372788315 0.4034499158789924 0.4253856495886312 0.4352622116502931 0.49154401648470164 0.4570840986602739 0.48298288401752254 0.45820367433919995 0.47366032257294494 0.5151087083334186 0.5703952330965522
0.89832791538986 0.8567006704092406 0.8782841623001735 0.8302196195785522 0.7952563767621201 0.7795437416662531 0.7060267636886971 0.6421405646052168 0.6213028733415845 0.6713297780808555 0.6579705060756125 0.6298949063189074 0.6330486667832006 0.5980387138690405 0.5358270439081269 0.5467938097791807 0.6038407581863809 0.5996780280408449 0.5978622965496101 0.5376010817040858 0.5398828316718226 0.569752948600809 0.4988733191074653 0.481960617747064 0.3939338815860647 0.3766375761273356 0.4255864892329909 0.40796372411038756 0.36219327563918263 0.3588705633745898 0.35235084738807687 0.38313701817923657 0.3576163921774657 0.3883569007592756 0.40488874762871985 0.4477870069904233 0.4790457709856721 0.4644322266060284 0.4959564642595745 0.48126318491274195 0.5045200187472061 0.4961794381470001 0.514371418711272
