Raster_benchmarking/Raster/continuous/raster-209.asc
NCOLS 100
NROWS 100
XLLCORNER 1743149.573381714
YLLCORNER 5469280.14534227
CELLSIZE 10
NODATA_VALUE -9999
[rows 38 to 56 of 100, columns 43 to 85 of 100]
0.5288301317551827 0.5464641358657794 0.5503093079238701 0.5626744824298242 0.6098644854598838 0.6403828592292058 0.6815773201459271 0.6932163734635116 0.6904279183529818 0.7164830237118655 0.741852977736954 0.7144881600124678 0.730743107993983 0.7879063786160506 0.8019873670792961 0.8030580974140358 0.8187224760503973 0.8347380567076335 0.7918302980256027 0.7989381347781935 0.8085959699656496 0.8224975811690942 0.823756479345423 0.8033221624178626 0.8201304620134702 0.780099251902166 0.741939297082174 0.7575246054433007 0.7626853816267547 0.7427446596658931 0.7459518210155021 0.7412992015503134 0.7622219075255984 0.7626587959167214 0.7538727665069386 0.736914844760777 0.7113756386537229 0.7124629617338892 0.7179784953340144 0.7082066930515772 0.6635876447303092 0.6612316318728111 0.6933959678703844
0.5301993714915679 0.565141930153004 0.5369582730378248 0.5602427667682002 0.5968423363175818 0.6028447668077744 0.690955546735182 0.6925936032708061 0.6802476336136098 0.6810777185415845 0.691408745798265 0.7174148275950575 0.7263484885263106 0.7367778561954105 0.7599350648563015 0.7800542773758524 0.8263366097104197 0.78248973919652 0.755263742996747 0.8003863036830952 0.7933328144410244 0.7686826992713057 0.7798054719129529 0.8287972641789741 0.848242648807825 0.8163840081640126 0.8079649596488484 0.7854477494057633 0.750185946242567 0.770580567078702 0.7577323339668183 0.7649798703773004 0.7764355855789028 0.7344656851450897 0.7902682536574983 0.7907623006845386 0.7748920586106948 0.7054473193264266 0.729212711289543 0.6628064591305328 0.6679350040763609 0.716282774945171 0.6760240265839202
0.5503264644092195 0.5591267843083961 0.5528791894258149 0.6216728749111723 0.6352469566312638 0.6387748051525823 0.6696083197775798 0.6848403101303749 0.6852155831640568 0.672848533040959 0.6852530790189487 0.7116211440295599 0.7583626878416945 0.729325000769564 0.7754558559748681 0.8225869060813922 0.8107232576116432 0.8110656754587608 0.7585992564670481 0.8104632155903532 0.8172635008532211 0.8216405970794544 0.8148527709136617 0.8402619088519615 0.8302769586262152 0.8213189421140884 0.8270946062050236 0.7759242442380683 0.7680857213067528 0.7813737182098917 0.7825472666040669 0.7413092630466368 0.7558683307150514 0.7486181223156109 0.7687561927506152 0.7850069994249966 0.8029575283786148 0.7473307051486239 0.7321334661912023 0.6892476707774172 0.7217070846489805 0.7103463388384375 0.6912302310174413
0.5331588035009134 0.5612473744203634 0.5576776796999982 0.6316372921125936 0.6157339152080544 0.6271239167884475 0.7041755030529524 0.725163987334447 0.6830143875360302 0.668501454807262 0.6707836116834803 0.7088823898230661 0.7173137935183712 0.7674838344260575 0.7510538385325348 0.8042098199469395 0.804584515150598 0.789212053351473 0.7808579419208401 0.7783163115031572 0.8432296514960862 0.8131549863335685 0.834214691276429 0.8661981256225866 0.8416542084340377 0.8098844638095418 0.806539041814736 0.7831267436510698 0.7611268814639884 0.8104364857596145 0.7747791951603936 0.7451574455605681 0.7924764293568481 0.8336435680399228 0.7964824970569185 0.8290266356155354 0.7889588872864635 0.7862328248435883 0.767231422707959 0.7169325740556634 0.7083768220230222 0.711971952650436 0.6900481070292879
0.5020227292631076 0.5466448857696026 0.543304869386268 0.5853943591367211 0.6133202611975515 0.6575868386407782 0.7099573101315532 0.7309629981260752 0.7278703960002464 0.6939338000896109 0.7323354082827509 0.7165049322259891 0.733654805061117 0.7807084004176956 0.7555833043618904 0.8116310707824911 0.8326311533156686 0.8036042366062948 0.7986160428038502 0.8254305951915405 0.8546496817203709 0.8538617804947791 0.8298675546641149 0.8388584063725082 0.8661082125345291 0.8496838134469085 0.8286672051833112 0.8275331305776883 0.7955887662167457 0.8232227923036416 0.7849769951056498 0.7954342373366999 0.8206728401881529 0.8090829568676904 0.8232033581031281 0.8157453998770295 0.820560994484161 0.7860913374192128 0.7697875817080209 0.7353108673643654 0.7695065842908837 0.7428232656709224 0.7405802301655366
0.524369664987309 0.5042070679397683 0.5592155986423645 0.5593103920727348 0.6442742669465562 0.7057785483911173 0.7315702827581775 0.726151801177021 0.7208423073972754 0.7535159483397057 0.766309326854412 0.737459898477526 0.7625721418682827 0.761576161682621 0.7955513130724567 0.7904789850440643 0.8072969646428589 0.8456022246145288 0.8517090559802297 0.8199258561223426 0.8357868849295339 0.8922921821747054 0.894483655102821 0.8673990594760774 0.8707386943120778 0.8938708084900832 0.8456083449841889 0.7830579975049853 0.7843814329383623 0.8208449337728326 0.7771427150811548 0.8321722169349371 0.8173434615042365 0.8356481952748557 0.8044736874922013 0.8172798074814341 0.8453262005508112 0.8668756940484951 0.8156408074789152 0.7716814213669041 0.750685179266475 0.761602632760585 0.7407117354999518
0.5127363699029355 0.5254166952948504 0.5294204240993212 0.5496470665324776 0.6531011336529969 0.7060407245310487 0.7128235215615563 0.7137452851601664 0.749486696594144 0.7199274077867877 0.7310037735797869 0.7567540797904114 0.759005265666858 0.7604963835039541 0.815412406686791 0.8222905036728556 0.7854886415239477 0.8374521151255824 0.825949712446908 0.8184186914607924 0.8267900285833548 0.890033240808083 0.870974194411612 0.8408828313109677 0.8834174895485489 0.8715596191098447 0.8560638440078452 0.8251045482025278 0.7812191589813898 0.7916375296497887 0.7694943259579451 0.797000216250558 0.828602362485879 0.8048569053999812 0.8312607010655397 0.8268433586491091 0.8478948855040352 0.8906422069264789 0.8731431068383921 0.82457647015526 0.7635320517174521 0.7553773706816124 0.7767278372889727
0.48707812988044064 0.47600425789626194 0.5045951020307751 0.5769625637811343 0.6399760750233918 0.6814420103793839 0.6602540606507189 0.660706056083143 0.7232469464605514 0.7485431778370004 0.7322801771871279 0.7665350518002377 0.7562237486637308 0.7906928577656839 0.8001520394641062 0.8074124541067189 0.8183763139893865 0.7943134451464551 0.8166634396748129 0.8327544860762341 0.8780621860476437 0.8757276300209328 0.8427150513747925 0.8499104640235124 0.8433091765051242 0.8515676958896063 0.8271247392188873 0.8028716580651516 0.780076323369875 0.7451248295974945 0.7649114100874206 0.7769272635388442 0.811932651526059 0.8290128741505218 0.8571070630088916 0.8896393760425554 0.8639407908731137 0.8936164525024657 0.9038857608449525 0.8715720528942492 0.7988199304364675 0.7642035018962365 0.7812074743805357
0.5014076637898929 0.47095595886445096 0.5001075544638249 0.5266836822670807 0.5848036589272589 0.661511810050579 0.676097948068911 0.6687903943146339 0.6799432701603816 0.7414899577491335 0.7372332581973112 0.7622542926504022 0.7541924236729122 0.7607728516854133 0.76462810977554 0.8197629230805115 0.8287482382932522 0.8112184683877627 0.8319993264962384 0.85465866477942 0.8762551864712266 0.8441301916247522 0.8332724160746768 0.8152555059928499 0.8067876631411082 0.8120360303569829 0.8373379705832869 0.7870237776038989 0.7930575509480307 0.7822591972874916 0.7536500468394904 0.7929394579592319 0.8170131542620033 0.8229798621944826 0.8046035628263414 0.8735444466845262 0.9004567612192218 0.8582748821812094 0.8623850245807807 0.8576105986844552 0.8057355094603329 0.7833811612391011 0.7282623994819527
0.46175795380416834 0.4677591419313839 0.4951699375809188 0.5192117430849853 0.5622959536196517 0.6592113753801085 0.6737311198759686 0.6598203994612021 0.7063175483683002 0.7049988017569027 0.7493855163184093 0.7338831317186736 0.7267776184534146 0.716093783872413 0.7623023479966841 0.7649591928258724 0.8115086918898379 0.8492767156096472 0.8498912738478565 0.8251043420966859 0.8771392402645314 0.8828704032302875 0.8083862189766874 0.7973527902130185 0.8168201821479372 0.8445017742434755 0.8233661955191973 0.7691583036909851 0.7635852554287664 0.743971063931405 0.7549915581009894 0.7738416338009323 0.8016223241509629 0.8016854264858144 0.7953308636253845 0.8097874068195422 0.8562810885978827 0.8942803680102592 0.8526547029029927 0.8758088467630918 0.8224826876672849 0.7708349609068834 0.7634029135279632
0.4892611707495124 0.4664459409147176 0.5286996197048225 0.5457053024185465 0.5976579798946667 0.6062224865120739 0.6668380897599928 0.6503544820828838 0.6771825922413164 0.6744599915314814 0.7285704757319462 0.7633054606557593 0.7493807782346349 0.7483644031222992 0.7388093977121589 0.7820956770656543 0.7779632327040715 0.8015152784013817 0.7866234469116206 0.7715776135173738 0.8298731518869794 0.834422908268707 0.7946359790600309 0.7606847994958766 0.7650529449860722 0.7611088582776799 0.7568490130712835 0.7310445133265316 0.723991057697753 0.7478623216865807 0.7267644709420376 0.7557215431625132 0.7695618240184492 0.7705035140584987 0.7575656577529337 0.818498530761577 0.8227983620207471 0.8875815439343527 0.8877376180111439 0.8943397147304692 0.8266236129762748 0.7844846951503557 0.7893855640530352
0.47171658120101007 0.46440339881389026 0.4934645996030283 0.5480069212798788 0.6025290211176964 0.6200357093282324 0.6812738727827832 0.6901541967882102 0.7005836482321297 0.669869672100502 0.6980541860720679 0.7522468041227344 0.7490170894493923 0.73126249203018 0.7361522278140592 0.7689705026320902 0.7728399430791291 0.7344203995870692 0.7188072899546508 0.7359653249218031 0.7407475600923735 0.7839210107255715 0.7896170211226107 0.7408808323232298 0.762238055079802 0.7905619452659138 0.7620955579364433 0.7393329499325327 0.7532781702279849 0.7334874602706294 0.7548197984305134 0.7384690137065574 0.7876402017589165 0.746567320336384 0.76320872099784 0.7897043053168075 0.7998374000551759 0.8393379020032264 0.8784801236472249 0.8728145399557955 0.8359455000592487 0.8377372451941155 0.8421720754968046
0.4843546580965621 0.48917611013823653 0.504015395392573 0.5177631859218323 0.5502332690357715 0.5777863601450905 0.6552185541894952 0.6766582472729858 0.6752902769356934 0.6928075451953419 0.7122122543309173 0.7045940044737005 0.7037750096828397 0.7406908146136962 0.7580625459135876 0.757686090673427 0.7202987692111559 0.6973904003100475 0.7331456728798813 0.7058741533440487 0.7144456843556865 0.7579153141130412 0.7224279485374215 0.7046382081353321 0.7187749917348962 0.7241939376941978 0.7626244049584971 0.7294777858896296 0.7164398936247616 0.758005734777344 0.7737406629290985 0.7657562138243408 0.8077419802289735 0.8332031311021996 0.8110047880492562 0.808821343196347 0.8324998697768341 0.8373944072778899 0.8239550114239192 0.8422922014073336 0.8634842485640819 0.8586802235522512 0.9092561763854696
0.47102014421074956 0.5367505117542384 0.505698355207233 0.5169710103646579 0.5579836015542256 0.593849087234324 0.6787864547113538 0.6944044325471463 0.6874435899063944 0.6663231985691016 0.6986680431914726 0.6496937774773017 0.7124995874476031 0.7415722391540949 0.7592805998204064 0.730289452204267 0.7064360146634162 0.7051035724140741 0.7294743396780513 0.70157302454364 0.7208600098487615 0.7036065441711513 0.6928524716941125 0.6792804621572781 0.7221957479279364 0.7236503677213306 0.7112253994867216 0.7242439369148944 0.7111554389567849 0.7465155786947059 0.7664031479866387 0.7943230775940215 0.8315333101457812 0.8552321010898942 0.8129047104974946 0.8315091151558449 0.8417675116598105 0.8066866867556507 0.845526536301983 0.8922498329094686 0.9056776086994528 0.8871373384693642 0.9141591275193129
0.4913940792734607 0.5187443503116596 0.5136144485841463 0.5241875431516478 0.5615216314381586 0.588352777566364 0.6638813183411816 0.6940392731651209 0.6427443506993172 0.6567729689802457 0.6756022768045671 0.6781278475778778 0.6394093264620065 0.6677400683484397 0.7009217834408211 0.703604277645667 0.6817563755882352 0.6523171105023446 0.7011565009962779 0.698656278042638 0.7155889094427744 0.7295226529627034 0.6915731785095908 0.6853833585714506 0.7153412455764462 0.7215962872517315 0.6741005699400695 0.6774008370214271 0.6810819388307732 0.7211540239541815 0.7443228120637259 0.7852309864027812 0.8024334059760744 0.8006095063697485 0.8047773010920575 0.7815484385809022 0.815345651525193 0.8104318947361164 0.8215393174732226 0.8372726755397099 0.8820470618297865 0.9118232200934113 0.9041103289492751
0.4480305293056462 0.47790494506948894 0.5004231409522112 0.5281412942811814 0.6065701659586419 0.6172703171158176 0.6417566901945925 0.6677314555086175 0.6561431072436623 0.6602163047998597 0.6498076680412477 0.6408361722865663 0.670627187460765 0.6426010615106225 0.6654457908461329 0.6311288005234851 0.6185424875000405 0.6234690331622221 0.7113030114898897 0.7329631966588178 0.7389894626472211 0.7449692269903252 0.6736794389249645 0.6783107739183045 0.6644297242617585 0.6976902968974946 0.6769780129402514 0.6573104881584135 0.6668655532509393 0.6685042250704947 0.7353407006096752 0.7621839918846094 0.752733724087652 0.7560252226854965 0.7698833367625517 0.7540768598590905 0.7753030781343523 0.8080752009683895 0.8280103089289705 0.8604554784797445 0.8760603611492561 0.8534680827939529 0.9023999248324204
0.44839996008213884 0.4753357411675762 0.5505591777834893 0.5903792797031875 0.6066393610445281 0.611818195624437 0.6494137167813371 0.6106001521228539 0.6313035306777627 0.6124321461377015 0.6314039181766546 0.6492825265694921 0.6501466966124773 0.636822415519596 0.6405159996223726 0.6284978986633939 0.6387595345570898 0.6293977791312505 0.6721204109505926 0.6907850100700317 0.7257189723727901 0.7134589407045435 0.6907034334894945 0.649922961089007 0.6488260821202559 0.6485662118718934 0.6681211855941822 0.6384927802019961 0.6190824084564545 0.6572841379163028 0.6609157583790161 0.7068060664046394 0.7562384943661918 0.7826439724349936 0.7654529607505818 0.7762314131729408 0.7628726617316277 0.7603428877508633 0.8258855992313264 0.8409080962665197 0.8453420664248648 0.84094878986338 0.8586118831097763
0.43138295276106037 0.4912700434708207 0.516267034812735 0.5927720650551259 0.6366161707607085 0.6403605103936901 0.6227972506646124 0.5722619425963286 0.5908886548034306 0.6026887816088236 0.5934004478130532 0.6405987414673899 0.6222667710661829 0.627407260988829 0.6055695093036493 0.6339508526346268 0.600435528979403 0.5992031963485914 0.6391778899486176 0.696622475345458 0.7310111260230514 0.7256720316552725 0.6675261709969998 0.6278955765501566 0.667769480276261 0.6176504581500221 0.6635834047461986 0.6376391008672763 0.6176843202760824 0.6144371089206293 0.6272533599255924 0.6739871488024883 0.690272146727419 0.7483890274693268 0.784062148420492 0.7975520217729921 0.7516453003356852 0.7525966567283591 0.7958736462057574 0.835343840945075 0.8291945918105891 0.7989216288474099 0.7970476492330378
0.448208332092231 0.4491931573977231 0.5126921028643304 0.5300272014956674 0.6037181605449737 0.5892006459250665 0.573306267305595 0.5634741650110606 0.5517028216199771 0.6166601811772877 0.6187660089652918 0.6107898622919771 0.5870246539930278 0.6115353790771226 0.6208615308363888 0.6412679065029435 0.63066535607585 0.6374103509760584 0.6053967728561335 0.642977111671436 0.6742573745973026 0.665176375859409 0.6723211900771411 0.667734643551812 0.6677428286643279 0.6717837212491419 0.6375228513938683 0.6168646357568222 0.6394004716075073 0.6000076583987479 0.620644504601139 0.6547462978019991 0.658500432324111 0.7049642962366609 0.7419759504663136 0.7521939763901128 0.783404532613736 0.759232448519464 0.8004514984900158 0.7772821002805792 0.7757943954773234 0.7758979238020645 0.8274275952840385
