Raster_benchmarking/Raster/continuous/raster-62.asc
NCOLS 100
NROWS 100
XLLCORNER 1743156.0439670621
YLLCORNER 5469289.177667105
CELLSIZE 10
NODATA_VALUE -9999
[rows 57 to 75 of 100, columns 43 to 85 of 100]
0.497446113191645 0.4921770882671151 0.5014886758621396 0.5033118097022933 0.5475315246982738 0.5728261529472414 0.5593446018993826 0.5543776729406497 0.49845758665398804 0.489092631294453 0.49991111562496826 0.49365466572687494 0.4910784249500119 0.4501362671043515 0.4542306458172162 0.4664867578630859 0.4476345584413845 0.3667004636647178 0.3884019596924221 0.3153385125256967 0.2980362380801978 0.3055685544568915 0.297556218097744 0.27277990657539225 0.2618279487686699 0.2373925804641202 0.22382616634726682 0.2212669193505997 0.2606171660283646 0.23317155437286374 0.2234758177266217 0.23385011698341698 0.21745262926851278 0.23301806690605265 0.21458159565902504 0.1930882527326177 0.21265160426074584 0.22397469000007375 0.25104443109802954 0.21426796508770482 0.23017733981829416 0.16040481117280284 0.1608417558339848
0.5069512256695955 0.46716589185419516 0.48798408430564977 0.5142199949398455 0.54384139005161 0.5258825360703899 0.5392775142445004 0.5251044823017245 0.5126232180810791 0.5228375752175043 0.47812765365020576 0.48000063509979546 0.47472876931380437 0.46646818313000554 0.444021096566222 0.4480896335216135 0.41285650261940426 0.3912370901412893 0.3753920429058197 0.3485777901915521 0.2989317237675503 0.28783383125051576 0.31211908456351584 0.25839802157758746 0.2783586932898543 0.26036069204095225 0.23919034881742351 0.26640476223358744 0.2784799683494491 0.27843635591668886 0.22884826338960867 0.23783934299534065 0.23382510373695417 0.23351825624261613 0.25700445130211585 0.2311283291157371 0.23039513024619968 0.2710041916079785 0.2908105308573886 0.24030860295810036 0.21707877884944077 0.19254366935472433 0.15121240427986016
0.497642654931627 0.509343296042709 0.47399095420147525 0.4670974073370453 0.4854543360783078 0.474030966706199 0.5042124049786358 0.49200245003383203 0.509367205899692 0.46549687850455757 0.4850297053430331 0.48081951381371324 0.4520384598723462 0.4162192316706066 0.37649895880892464 0.4248541363297353 0.40992771331730754 0.3549149946336636 0.33288145988246304 0.3247799881919003 0.2826034526726156 0.3119119328693003 0.2934996331356318 0.2399424329981298 0.2294513567789023 0.28273737303551444 0.2768522725896899 0.26883390502173565 0.2565660477117743 0.24091901637922528 0.2752793284332203 0.24460366277264178 0.2686420055883107 0.24518426092633785 0.2591892253712162 0.27153067753669863 0.2871935762135841 0.2928268658591226 0.2991553423338355 0.25814880104486926 0.2618252454998095 0.19049426705744682 0.17043875526146543
0.5113006826042737 0.5073463081061583 0.5160797077932107 0.504254460729033 0.5203435107216755 0.49893343351889946 0.4902264963824349 0.5089636865160926 0.5069608269720133 0.4544192255353802 0.44896337110618445 0.4073839792523165 0.40439811677759974 0.3632938124248157 0.3272701737887507 0.3669636047319341 0.37329567302680877 0.32131913446518495 0.32836749408136623 0.32496022272396086 0.31749668375861784 0.3027241281335387 0.2912427384358576 0.2662466461608492 0.2832277231361923 0.2479468231983331 0.237370903690639 0.2639685373194901 0.26104057864605124 0.2630768257765851 0.27447657356587024 0.27558482788324046 0.28257931054944024 0.27818131130611706 0.25457405006635514 0.29635072304978594 0.28827257739249545 0.2939883260156408 0.3123174026062173 0.28167978151337353 0.26406723649532793 0.2168080203715422 0.20474777028984656
0.4845197232439209 0.5092128788919007 0.5506750949314767 0.5269764008644497 0.4989315717988411 0.46132029360522103 0.4835478948662478 0.49539807430453126 0.45426043298949126 0.44331107148952886 0.37492501385056387 0.38592017966429404 0.393270065794674 0.35968923734511804 0.32062910949403756 0.35063122228937965 0.3216088963400986 0.322425437021204 0.28890340429970235 0.2725884522767695 0.2802083297580415 0.2969892096912751 0.29247018196577 0.29618445291798 0.2843007017044986 0.2740441341252018 0.22335341716889012 0.21792991110059418 0.22703510282638406 0.2646631138051611 0.2479366615330509 0.246613525576903 0.2836213300403804 0.29535429146405495 0.26889615368843917 0.27637949826491687 0.29639468048609297 0.29669540819288576 0.27873338433285305 0.2498847987063932 0.2574492183461141 0.20370368509799472 0.21223264632460848
0.5336835119476461 0.5227105351436853 0.5229775064764304 0.5087748339434747 0.4816290234375783 0.4635554964583954 0.44114616038479937 0.4570779980971547 0.38893455516475756 0.3723086084843675 0.35819902617038596 0.38058873557422634 0.35456877658534397 0.35783044920618345 0.3454375326009071 0.31800720524554865 0.31421753427282023 0.31338598592158196 0.2597668728704534 0.2766181868041133 0.2999098746817766 0.2842917437150443 0.298071993561241 0.293852014313215 0.3030651071254322 0.25190012059809747 0.2678776108019181 0.23246442688187033 0.2515143957804143 0.2002464197111237 0.216992150747876 0.20689197369476467 0.2522896552311302 0.26843253753143087 0.2474635977544016 0.23157203795752077 0.22072073584227783 0.23246066285375008 0.22993882286325198 0.23289052810980723 0.21930458072355435 0.23233670294435038 0.20383685595165887
0.5696352499736002 0.5163827157790826 0.5539921112103938 0.5196390199852087 0.5096237627851993 0.4761496996806065 0.4215672976357095 0.42845733693608895 0.36480567453484397 0.39503930172582674 0.3906743137856312 0.36281785823308466 0.33311377383653706 0.32544902591994246 0.3787333240608525 0.32198153273331487 0.29070003839300573 0.3123853961928414 0.2565397254997665 0.2897226196697573 0.28005120774644005 0.25980878325102913 0.2576854470174378 0.29915844616514214 0.27875463507255727 0.30397887022159126 0.3043692796811444 0.24656467483825542 0.23498478573096215 0.22577498228309678 0.20403313850529703 0.18080944929782167 0.18805154013718733 0.1980848904015056 0.2178392612901606 0.24165193452134584 0.1872402073717347 0.22451231358216633 0.254565249611058 0.2138073592225461 0.1873669475343919 0.19711091428854008 0.20946399678440727
0.5222187560801826 0.5247168981637447 0.5313050404370566 0.4947854315889852 0.44116780554669743 0.44176982617585514 0.3720795012720408 0.37873812738530205 0.39915276108627895 0.41154173119453996 0.39685940637289385 0.35114015872319915 0.3434803525793301 0.3473266735710986 0.3645851640428723 0.357596983630122 0.29255759584053886 0.28087403337571576 0.2762316901975697 0.2788276583935549 0.26206083937414204 0.26745978957703836 0.26407663903930134 0.25502919840276894 0.24943024196795874 0.29667091714123806 0.29159521223874263 0.2530985688616664 0.23425510215497453 0.22721563035474096 0.19463993129547463 0.20522180034530485 0.2088126421499942 0.19362091872345558 0.1909010680531963 0.21846393910060863 0.2234993093219715 0.21948331948551122 0.2060753990140052 0.2225576506438763 0.19216945591065013 0.20987334728716325 0.22775547024486037
0.491032202560146 0.48531515995859986 0.5150307908127494 0.48550181163196116 0.4117680961998552 0.41655337752642035 0.357715541103219 0.360900308134789 0.3901963354548698 0.4088630530302154 0.4170058863155755 0.3499289092694466 0.3663856589695611 0.3789930945937334 0.3690827263948332 0.3475289198648175 0.27964814918738035 0.27390360338525566 0.2480686640937725 0.25483765873394887 0.30755134066932255 0.3024251908406261 0.32535334276088657 0.2715888148266474 0.259490400968677 0.2802931237836618 0.30400883338071605 0.2857000186086878 0.23891819901124117 0.2211240313636895 0.22733612380390128 0.19955719789642484 0.17742365809433236 0.19889231396333357 0.1740134413472957 0.15331185238043 0.17452367155035803 0.18363609803322756 0.21074222065027573 0.17776276383968853 0.16011809440327743 0.1971757379822973 0.2047576521123961
0.47704906983121026 0.4393987827732559 0.4360318800904351 0.45582460141149417 0.4579669880138355 0.4120348968553731 0.3617281911445063 0.36684254145426815 0.38801160042817 0.4134896417122158 0.40297545257272516 0.3745948039109344 0.3698539243295695 0.3708098252207714 0.3717627011777093 0.3118961268220791 0.30743633717067387 0.28745499074441805 0.31090968970173233 0.28730889904565454 0.28178690257082323 0.2948491667742151 0.3005753184453433 0.3157885667426959 0.2984573343581013 0.23449916253262096 0.28226474463424445 0.2701945787656428 0.21922443564075828 0.245993737289678 0.20484833897118754 0.20024871358424995 0.20136349389409092 0.21876498119416563 0.16796682327348314 0.16213404125829078 0.18370906823945202 0.2069410134009067 0.1887223382257889 0.21039642975126954 0.18365454518797902 0.1625077525044343 0.18198776905049943
0.4207171983946363 0.4202289412806253 0.41603794207332045 0.4058088710066276 0.4586513058457072 0.4314431392604295 0.3888210451361135 0.4028895466168907 0.4254189680142052 0.41548993372300586 0.35485557934643647 0.3545182969575799 0.3888941189756395 0.34923439075799295 0.32074562171284227 0.3181020777753668 0.3066237376702467 0.2944404002874989 0.31195732445651925 0.2915262800497714 0.30714251933075054 0.34147123133903934 0.3477475531965758 0.33478979283558435 0.2632678236070244 0.2658574717155234 0.22044110038593778 0.2046466338975463 0.2214602931318258 0.2141894050461597 0.19120218561299318 0.21941747299008682 0.25625408545169703 0.22956941079858095 0.18753849419863464 0.17887335536162666 0.14861938788942575 0.18631363463061218 0.1870701120636197 0.22089784584050354 0.22366730031655443 0.1774612769976682 0.16527216982437778
0.4130236486894603 0.429061034932285 0.4331738422039929 0.4053756223033988 0.43062227904531764 0.39615473354178965 0.4223649661055804 0.421387408879161 0.4326179962191556 0.3883899500562274 0.36945809426153914 0.37391377497614997 0.4047648515724946 0.3695671136268677 0.348287629547691 0.2928527570207775 0.2756389661087416 0.28290224115872115 0.2967495857545425 0.34090646912730577 0.3598161318402042 0.32849037498013733 0.36864993048393274 0.31121615237163386 0.2884859263318281 0.26806820513580676 0.22366681775498357 0.2244479198108932 0.24004007571436092 0.19970235935110744 0.2254353819920411 0.22856126339214475 0.22202295203865377 0.24086277437124456 0.22081937773350052 0.17645197202685248 0.20556481419714276 0.1818699142874012 0.1546701946931796 0.1889378047968758 0.21096304895005333 0.1871904857090636 0.18693672404367762
0.44413037364194774 0.39650046091690433 0.4097527151038104 0.3969174875273299 0.40518845041762225 0.40604254664053546 0.4199783264700972 0.41640333626067544 0.3967615347841383 0.36724696191509193 0.38048170745578835 0.35908588790321355 0.40486500533005604 0.34935509096782597 0.34314613973522645 0.3470558375808482 0.2938340911358933 0.29122159545511445 0.3223517739638245 0.3876850467731749 0.3976583653586973 0.3400956579703508 0.3742794014787044 0.3458119711533107 0.2488053946260065 0.2570517397239358 0.23773878813985921 0.2508911792824328 0.25434244833438496 0.2444042711719666 0.24441025447403936 0.2069262271607015 0.23890235387878156 0.23199351696883536 0.24869428890920406 0.220073099951955 0.21221244975661133 0.2142675029937475 0.16453475314335106 0.18788918417740372 0.22303440840826902 0.25345046879553856 0.22973470318687658
0.3727238013457376 0.3854560438412671 0.3481077846554048 0.38308454686128607 0.3480077698305244 0.37835519690420266 0.374163325032356 0.3792285565991428 0.3452904904757841 0.35041853450260296 0.3512207767369915 0.3685698169333858 0.36463341080112915 0.364157386164128 0.3326828642707025 0.3565061726537654 0.308999620827677 0.31452359228633864 0.35018086442502694 0.3932514600742016 0.3984588750092429 0.371165277585706 0.39503759195803273 0.3440816232369323 0.27562580179917934 0.2496578916548116 0.24595178244395444 0.26649190798002254 0.25360114299607617 0.25216427225487553 0.25130114804151255 0.21469887496591247 0.22660552983778764 0.2397256597666153 0.26268950427167426 0.24638279562772625 0.18263512536467416 0.20461334907875772 0.19684392459777983 0.1930075479619848 0.22937245746419505 0.2540831357535907 0.2264365366859665
0.37624033678732244 0.3378831318071383 0.30293055965424 0.35042498406175243 0.33777080178289887 0.3384155625152957 0.2858199884048828 0.34108128030520024 0.31162716335574525 0.35127253073028897 0.3642094296519064 0.36525472984157653 0.3346275643144733 0.35656865928314657 0.3847924145519756 0.3495161441170592 0.32819153495463116 0.34043631793801915 0.35150219006278055 0.4090894094018101 0.41298859123479204 0.38761691056457087 0.4097205850539489 0.3569176372839881 0.30657179040967014 0.2953309761113803 0.250589291208945 0.28935715192828243 0.26518658662870825 0.2684738628645361 0.23378443402486482 0.24207610369707502 0.24069374789574627 0.2552611051866804 0.22749051384658625 0.2460411529517002 0.18821707530130677 0.17757020654114983 0.2456126351290867 0.21934080684826734 0.20988078201008245 0.26068047879296585 0.2501763517579323
0.3192668667024089 0.33269443905404034 0.3137350528908827 0.3110898202043756 0.3131848862035284 0.27558676541070865 0.28601337978473135 0.2971465666421321 0.29776739993424134 0.2975000060920207 0.3195360445044268 0.3169500236547817 0.3508666744551101 0.35845172455883223 0.35887509383440885 0.3735425429177781 0.3544429289290753 0.3451163820611194 0.40335793236855777 0.3961905273952814 0.4271454623562856 0.4149023817105716 0.40398469142915755 0.37629932911557007 0.3654794523925696 0.3125906139881106 0.337880923610158 0.34269936679907764 0.34927280072801253 0.31821516544027056 0.29775448390150666 0.25879529229768333 0.2699386520542926 0.2295563983226746 0.2707081885790034 0.21393951107428302 0.17512032232021268 0.1884497310820807 0.21758642801287756 0.24181911115478685 0.24009154664427798 0.25255531473095605 0.2963805745470966
0.31691900299161907 0.29741518917783727 0.2830291661296713 0.3069157552842212 0.3062945372430678 0.2826921700632087 0.2593098648965892 0.23883774967372615 0.2165423296847254 0.28088569588371287 0.263304198756857 0.3331715604201772 0.3416596181043988 0.3329548459760908 0.36676059574672865 0.3539023560340819 0.3755146621901517 0.3554334530132576 0.4141208393288023 0.4158065839553529 0.4029659004860431 0.4171882145233298 0.3922621176961989 0.34404923959415196 0.3734929325120246 0.341845154995177 0.386111814972835 0.35989658767554394 0.35984088388669044 0.343055510671907 0.33404025482438393 0.2963198675549168 0.24442569913587023 0.2346516882742092 0.2915471767489258 0.21662971700224534 0.19760128834901133 0.20087312707800703 0.22431081705001082 0.2762278020114253 0.2871863870911157 0.3090807051532728 0.3168279019267779
0.3244256372080955 0.30630018140774506 0.3176531037472491 0.29636237615411914 0.2823946228004662 0.24238569835266044 0.240245049245459 0.22763858250416114 0.25132954164442417 0.23276274691149676 0.24214416124465515 0.3097529069605281 0.3503608339246592 0.3132649198088709 0.3603557839005704 0.3293040677615628 0.36796452011446906 0.36787617199559736 0.41116166995230374 0.38726651516168015 0.37281661357819185 0.3646750735912886 0.3860246187868114 0.3412746478714939 0.3648062923490273 0.3561133940393697 0.37112658667756604 0.35250136981954544 0.33030902447057975 0.31020391912437595 0.3132919396110319 0.2808868978927824 0.24036887484548228 0.25679949389152046 0.2539005133044946 0.24718737638196994 0.20329555708357325 0.23778943106881864 0.22024071121796543 0.25870914804867334 0.2551826248657028 0.2809491581226249 0.29397741903896357
0.3071458495199401 0.32515623054553255 0.31710764165728766 0.3216283965211841 0.28422287740596475 0.24122825245867313 0.22862401097673396 0.21277133653165703 0.21026085966303526 0.2167060621344581 0.220285290576319 0.24682295666014517 0.3250209037108151 0.30230862365010663 0.32433623641742676 0.3709389705965949 0.36859873957602235 0.35687595121472976 0.41037167873033836 0.4268957528277547 0.416664073978414 0.38352122069266165 0.35783128378154855 0.33715777094670757 0.33906625681380165 0.32603455689297156 0.3339529073492676 0.3625725172958623 0.3263270118271403 0.31304082503953606 0.32431498281304055 0.2897871342714449 0.2721801300587886 0.262855446020269 0.2884451702623657 0.25483644397621524 0.23176621685958096 0.23794761175048124 0.2541632992470238 0.2595166397300604 0.2540243592748298 0.28626485187952755 0.2912122427905378
