Raster_benchmarking/Raster/continuous/raster-97.asc
NCOLS 100
NROWS 100
XLLCORNER 1743152.9598686858
YLLCORNER 5469285.213176996
CELLSIZE 10
NODATA_VALUE -9999
[rows 19 to 37 of 100, columns 0 to 42 of 100]
0.8798747225272666 0.882430830107862 0.8366713726323463 0.8372853319269592 0.8218931125533242 0.841049034887619 0.8276745922556124 0.8142376710386523 0.7910807573230288 0.8186941349950237 0.8615568134932459 0.8360286709888478 0.8173473868640898 0.764280387372477 0.7246802932514605 0.6526160988470089 0.6387896855945006 0.6295051003334646 0.6167352659960046 0.6032261275703527 0.6000063840318218 0.5868914835923157 0.569516588562948 0.5013467445300558 0.4913946035531108 0.4744096719384294 0.44158314803937737 0.4841362722684835 0.49197504440081335 0.5068600042917439 0.5118753720905355 0.5115310101251699 0.5235185333135068 0.5156070227333039 0.5269512183704155 0.5378796213830809 0.5054820070382569 0.5049944538812424 0.5203780033982875 0.49784730467159477 0.4912648921215417 0.4803018694519978 0.4994449404950144
0.8686443823749626 0.8709812234422221 0.8563068101867108 0.8580506709298122 0.8300472528106974 0.8381497059161467 0.8025796692767578 0.7965002451214404 0.7836206226351489 0.8188571970742293 0.8058233855764075 0.8231768393299582 0.780806515655701 0.7304972048936351 0.7004243207788226 0.6561728855615699 0.6367046957897474 0.6314960028598899 0.6052484069790057 0.6376399761511415 0.6019512094157687 0.574005874401184 0.5317967405372267 0.5181274148533321 0.47501147357165985 0.4537346672241212 0.4494408084394765 0.4746745332583913 0.47476387226301925 0.4811138237323875 0.4760671631377454 0.4868245307646438 0.49617262278427704 0.5314072254054276 0.5061839305655713 0.5140668290862505 0.5245893796285234 0.5287584834228922 0.5047818314739505 0.492914857211682 0.4581724351696023 0.4531745303565408 0.4543841721325073
0.8729380673829645 0.8309788473194496 0.8452130336108458 0.8696612811556015 0.8685066463595154 0.8542719706106728 0.8048911408492324 0.8063876034647172 0.7932733785902945 0.791519482298192 0.788462214856726 0.7912423847432727 0.7488730863361679 0.6933320150126537 0.6744303091701319 0.6987051757334126 0.665738330862569 0.6277610901572759 0.6196312533958495 0.6141949958938439 0.6072582586384225 0.5678457632725186 0.5407806101062677 0.5047343238784464 0.4813324253692212 0.48538393858655426 0.4687417652340013 0.44854364329625207 0.47365211124169454 0.4875640070682208 0.4857309816791659 0.4785601446303326 0.5065102600389355 0.5090649051660421 0.5299481266660238 0.5122755537520388 0.5303271364816156 0.5199585455014202 0.5111641591198377 0.4867883361456932 0.47811951406579645 0.46020904982368294 0.43986545638503893
0.8564883998201811 0.8256133405633109 0.8493142989392409 0.8590445803513409 0.8797926262386483 0.8536973037681144 0.801265058582742 0.8002721568251688 0.7834647562210053 0.7888638251221368 0.741496047452793 0.7225673080886879 0.7107150862588184 0.6924848395097902 0.6910514748627826 0.7084043522080365 0.6829544576647855 0.6248354141021011 0.5991582139335851 0.5934686394640836 0.5974278132845159 0.5426032647733166 0.5477577449745419 0.4876336566820008 0.4912701248689894 0.4463242987013998 0.47215006703983037 0.4513296701315207 0.4616578787334485 0.46179571344621273 0.4775206057677938 0.46421413351655305 0.4850073192358552 0.5245737831192513 0.5297644896485012 0.4971758505857668 0.5117784674993965 0.517832416902829 0.48892361956401587 0.5106857037069104 0.46818588579296927 0.40357329287300675 0.42780615919884
0.8469052830427458 0.8441177251096785 0.8427217093965689 0.8646276280950077 0.8549257272038182 0.8036272297226821 0.7763453542864949 0.783448964588661 0.7475968564776039 0.7547966826910317 0.7473909058728582 0.7437796743765991 0.7299923532741969 0.6878722905257787 0.675960639399897 0.6729453115635501 0.6536828519550099 0.6039416485334923 0.5747675774251507 0.5702649837396627 0.5705530083057508 0.559143940563524 0.5427045498651919 0.5075133171012728 0.4933021407344944 0.4573225682932773 0.44189525174176475 0.4517647877080256 0.45068114356989464 0.4650259848824379 0.4855582547130292 0.4765019969208739 0.4989465715395124 0.5128520497402319 0.5021579368074636 0.4919509766560243 0.4769951714028155 0.4763895702863523 0.4833810889898926 0.4365973806533031 0.4177787246244854 0.4088357017681432 0.4073101304179348
0.802241767805937 0.7984259196281883 0.8280207506471339 0.835039355565158 0.8322058133611264 0.7923346819053089 0.7544046200029798 0.7457592962098392 0.7234949759741176 0.7289705282380341 0.7448503640697963 0.7083229836420429 0.7366511594137611 0.7080670098887145 0.6848141935242199 0.6655414302505621 0.6285315197990621 0.593211456443358 0.5608372130586939 0.5589787358571424 0.5451568159646221 0.5503510539312373 0.5393095367426216 0.5414673698002284 0.4857893645821775 0.48074796720804047 0.46521737707310057 0.4564501884029084 0.4736239348877072 0.5262510207646274 0.4930784010452636 0.5016661299238446 0.4927055183767206 0.4798647792355003 0.4502994436991288 0.43852095721436807 0.4480845683330014 0.4374938986987512 0.40909240576643324 0.402289697517376 0.38845399366683453 0.37917641354131526 0.4013050046946456
0.8070698377992476 0.8221340697051209 0.8318508176580308 0.8296528778783578 0.8079857478281472 0.7942875567954346 0.7749434230108554 0.7504182743140714 0.7594359783398056 0.7318094259522293 0.7114675151212395 0.7158516526577505 0.7102424740080274 0.6768142848526834 0.6652501417201615 0.6631006495010637 0.6389660554094313 0.6159744932593919 0.5668346676277579 0.5676056697119022 0.548172441047915 0.5343161189317954 0.5277338877873574 0.5353446764683549 0.5186461040418915 0.5148345716227204 0.4984664849371533 0.4931451096912564 0.5038558226644932 0.5322708264144528 0.5055696441790632 0.5052909906471902 0.5049129345548136 0.48332428920526593 0.45694417951083127 0.440774275737806 0.4123669141408652 0.4229388559578393 0.4065181274403818 0.3923065840675812 0.40498914793737006 0.3915346976142896 0.3698022234140155
0.8106548182419602 0.8275794640333871 0.7971364457023719 0.8039895952246224 0.7947869108118274 0.7840780142463415 0.7789659289527213 0.788162690456766 0.7419772815234601 0.7189410548015913 0.7233166106875194 0.7166296069077829 0.690601227454122 0.7040477423901725 0.6647522151624679 0.6488181275016132 0.6337112049536032 0.6078836610587659 0.5880015160233614 0.5636804976453555 0.56480109048247 0.5157507242409689 0.5156821146888975 0.49399184288076287 0.4886983869867767 0.517034986914364 0.5258576356512367 0.5221427202607065 0.5032457804493328 0.5431114278511515 0.5266251307079803 0.5144883641794281 0.48285944185434837 0.4759014641087034 0.4600325014519519 0.40822370194522084 0.4077831932080199 0.4070487218209646 0.3986092564608368 0.3882318835292609 0.37546117768556597 0.37979229778035967 0.3614836787529233
0.8119434734911881 0.7957125083448945 0.8081362872477085 0.7867737884609408 0.8008756072372881 0.7674436137348073 0.796074217513617 0.7900246341647359 0.7777632760295448 0.7569719548382623 0.7526322398304004 0.7040325857918441 0.6756183688528024 0.6448713570934768 0.6171845915320896 0.6220572028537528 0.6145822117976657 0.5833485083089032 0.5684242627603308 0.5412071831971341 0.5597351230795242 0.5703486506317774 0.5576909754615733 0.516874961977053 0.514907407840071 0.505042515413203 0.5466007267311415 0.5479855995721836 0.5372496091950889 0.5339387963107012 0.5250054669720202 0.511910068750327 0.5102462068396192 0.4959661877148398 0.43276400399954623 0.39216539022136804 0.3728828291942841 0.3869657265024794 0.3921746995198418 0.39388471304711836 0.3835539843469899 0.36793768274589644 0.3749090948324582
0.8034297193550557 0.8250161174888644 0.8332352605462099 0.823809932525917 0.8119694347084164 0.7788600318052008 0.7684141696915008 0.7990725541614024 0.8040073096004094 0.775632559417205 0.7319204195735463 0.7083666353076818 0.6950749441518715 0.6398341575939808 0.6283846012519396 0.5687369459720475 0.5673218915263732 0.5917735026769874 0.5610552650140189 0.560292315469089 0.5568448695409851 0.5800005379675215 0.5527506702091611 0.5704540672102166 0.5561189826037526 0.5194269005964 0.5287698483307655 0.568152263983619 0.5498055414216273 0.565075563848883 0.5624399046490545 0.5218030608164196 0.48169059208532494 0.5026868156904147 0.4555918666778496 0.38906835812739754 0.3914434777810219 0.3705305836219111 0.37786902443566855 0.42680757905217337 0.41940077821456434 0.4038925161506501 0.3539196725880757
0.8140571565440078 0.7882042435636182 0.7851607805063675 0.8076213672843516 0.8106759517859792 0.7704527657871062 0.7706117457810963 0.7902331058021478 0.792625246032397 0.7861582284953631 0.7438427353383804 0.7107470725072469 0.664473391023059 0.5990013416880776 0.6032966121497049 0.5680641526214363 0.5363567638868598 0.5352900378031981 0.5392573253871843 0.5408734027200999 0.5604964159811608 0.5642322626745895 0.5788545176310893 0.5340500459902607 0.529981203999511 0.5294251694450716 0.5323694782081937 0.5687640034754501 0.5829921843788701 0.5943594840066336 0.5706081551744115 0.5467178759517007 0.484960657960911 0.4850039201535454 0.4398418780275068 0.4078127666191986 0.4132048961036958 0.4108045340585784 0.3955553617718135 0.4078877623969232 0.4102984354623824 0.3728378835192847 0.35400660211670515
0.7674440984342323 0.7869443762667112 0.8013628073512084 0.7951530627079046 0.7872326418661915 0.763596530453819 0.7515203425427817 0.7595124479758425 0.7670188034272062 0.7699359979613072 0.7544300237818438 0.7091483834631916 0.6476050800616187 0.5797644833345384 0.5469472644243506 0.5381320298577787 0.5396761110882513 0.5270873294609452 0.5584574269966389 0.5680989422564042 0.5832162388394926 0.5486574010620593 0.5396054650630436 0.5499438962216041 0.5614219853764206 0.5271717927411943 0.5330374523531478 0.5520398149427295 0.5425319696340418 0.5805438824681342 0.5703244574099378 0.5278132987081722 0.4984619381457753 0.45235176670285854 0.4331885308614874 0.40538691412367456 0.4376968446238198 0.4370344950938202 0.4157807786057923 0.4152108318722518 0.3990032103794228 0.4119212047249966 0.3641543745575024
0.7662860543110451 0.7464065402614596 0.751266654912659 0.771602066430501 0.7532015597694834 0.7367418883376671 0.7624180963054944 0.7291436275703034 0.7229895679655343 0.6993804500282541 0.7099806615300094 0.6951451655454974 0.6481217861448618 0.5986739398276018 0.5452938770461435 0.5327174280513959 0.5141192225139788 0.5033977469462013 0.5212177403727081 0.5591575770979309 0.5642993801983893 0.532729789614249 0.5356748203611419 0.5329752644207653 0.5476808854902759 0.5334987889765945 0.5656562529309581 0.5716928781344631 0.5456518255293913 0.5751566288019416 0.55063409958939 0.5507618134204013 0.5007724839031298 0.46712606331575374 0.4392872293856061 0.4090814402012406 0.4121042965957555 0.43051880607309445 0.41745563086842463 0.3970139069855796 0.38684257251534426 0.38299118584861847 0.35336719383835385
0.7126110358173493 0.7309503181069729 0.7220846706707156 0.7184088194881714 0.7281561424624494 0.7600096993158646 0.7571557530727065 0.7169367621869577 0.6956437259978174 0.6879799914381214 0.6468051438254715 0.6557223748330608 0.6264079411660122 0.587435569931111 0.543184862863125 0.536576374167291 0.5480149508476172 0.5134922148933901 0.5066590505548291 0.5612297293073274 0.5422478379153631 0.5415533067206125 0.561837375831219 0.5743847119541441 0.5474742360003547 0.5464716625602605 0.5731764091542303 0.5566390631093739 0.5684284878888641 0.5719306623215435 0.5708581738295587 0.5486720668476031 0.5246923460189946 0.48936476385461747 0.4640830715899603 0.46120757228893916 0.418205024006673 0.43197351460162486 0.4151585453567976 0.4437010844512126 0.4068420563585981 0.3575427874872679 0.3159697771478824
0.69303917113228 0.6801277699632468 0.6971089269414364 0.7158770925157465 0.7036305882014472 0.7220920304237848 0.7096402704347284 0.6825899977943418 0.6722356528300117 0.637313576735526 0.6152497050120238 0.6163746404355916 0.6275445163208494 0.5876152035989336 0.5716981096066776 0.5832528924923648 0.5514220498357196 0.5468894011964163 0.5181394006447523 0.5124837283441097 0.5235519931905707 0.5111690565574933 0.5595320439777632 0.5627143110239363 0.5405918369316891 0.5447994314649516 0.5739204997047078 0.5847085329165131 0.5910837968337563 0.5747270931976683 0.5551967023648351 0.5516972580972628 0.5451719741404881 0.49436782963519027 0.5095570576656785 0.498483791031231 0.45755061665801794 0.4512676766761475 0.44868474754927534 0.4703566006889632 0.43244086762297945 0.37247468931490396 0.3487331617608027
0.6727494564080343 0.675469558282113 0.6875577202567712 0.678069794259483 0.7022780811753235 0.7211071488846179 0.6840830363275435 0.6750290523361864 0.6275976274729356 0.5937949234430622 0.611776726484451 0.5994424938569755 0.6073805179173158 0.603082393199144 0.5859000610980514 0.6021629221052198 0.5834402204115139 0.5667631547341772 0.49913068690782436 0.49463986043300057 0.4885603130384028 0.49213177852443074 0.5337919585334163 0.5564328742477573 0.5383680089801982 0.5248939475385869 0.5932777902721819 0.6006444948539823 0.5958378190997174 0.6018315867220072 0.5535015498450281 0.5434743723825475 0.5388314731042038 0.520579406792023 0.5028184135379551 0.5122602122247146 0.5023383950699546 0.47115742830199087 0.47983350971375865 0.4912073124736514 0.4361841639504793 0.40766074949556846 0.3656793634697115
0.6327073528824396 0.6426035567250624 0.6400496761127374 0.6289452487517275 0.6514110059456617 0.6597758607318922 0.659725630496326 0.6404382318399989 0.619640015647749 0.5627563976335073 0.5610093103699394 0.5474790892645677 0.5533695254508513 0.5631537136551678 0.597720845062655 0.6026163393016328 0.5792843445269846 0.5358329969463969 0.5100697267452622 0.5094889827710691 0.4791630064364846 0.47579761540937354 0.5260426430261728 0.5391730823038006 0.5529982210905672 0.5655297369764821 0.584425213329943 0.5813925809989877 0.6109508166394528 0.5611619545211622 0.5413170166084347 0.5271044849358437 0.4969739746365699 0.4811742681526342 0.5047025833937284 0.47191823590016835 0.4886913882658392 0.4791184077502884 0.48453502488772326 0.503906364648328 0.48573518297913976 0.46116089523482623 0.4069776520694816
0.6131202580200174 0.5722865627619106 0.6259988714144537 0.6309137106417957 0.6172129528237743 0.6348271680225289 0.6465179374580065 0.6046308823334996 0.5920000063671887 0.5637579183561143 0.5420623559265005 0.5347933595863739 0.5453129993591103 0.5358107353346869 0.5880604868761166 0.5718486827208761 0.5360701428703079 0.532970653626309 0.49110886484533 0.5152963292411047 0.5011740543879639 0.4967794605486304 0.5100387689992432 0.5295780561687874 0.5318237692226955 0.5424326121943367 0.5876542322767463 0.5984909713106538 0.5836158472197291 0.5788166068003128 0.5576200195245332 0.506245781800132 0.509238479565195 0.48401816952507926 0.49286585744302236 0.45370929892646494 0.46558082005695445 0.5159281080885072 0.5256384873774461 0.5221868454850763 0.4812660039691716 0.4635289876822502 0.4217848698584059
0.5842088674632094 0.5805031377967946 0.584704065771658 0.5800664613554005 0.5737080147167808 0.6075119803320087 0.5941225059012093 0.5576911719553944 0.5519474068664075 0.5324544426164899 0.5100074470709745 0.5064130327616568 0.5209442046344638 0.5554674005050388 0.5655218526061253 0.5782400655854019 0.5412120060390524 0.503650598463677 0.48820499014874424 0.5005087044831966 0.5125315775945356 0.49427751502485284 0.5209460400806386 0.5431281342000748 0.5488217398422952 0.5818387243113367 0.5813847495885992 0.5631771618900838 0.5899822165812891 0.565807930767453 0.5216576460555543 0.510126151153074 0.4901177447452205 0.4837260250029829 0.4467463025482686 0.47326301872560556 0.4797702691227533 0.48825596732803633 0.5216428487201145 0.4917120700606004 0.47939550111777957 0.4601303387148175 0.42439780889105894
