Raster_benchmarking/Raster/continuous/raster-414.asc
NCOLS 100
NROWS 100
XLLCORNER 1743164.8691049141
YLLCORNER 5469285.831918243
CELLSIZE 10
NODATA_VALUE -9999
[rows 0 to 18 of 100, columns 0 to 41 of 100]
0.41705945110249054 0.43022332305063954 0.5008089871721922 0.5157412610893466 0.49910334817066654 0.5072056569123153 0.5183343374376144 0.4547763262495119 0.4437435568941581 0.481382689407932 0.4358778552542705 0.4505120147405397 0.4686823320351574 0.43093545773073233 0.39291807196504075 0.4040183655939515 0.3992097212684479 0.39254310856462443 0.4240642503921675 0.39692289266042147 0.44611044303476194 0.42197200031716403 0.4164842212146359 0.44091693809514104 0.4081268668526107 0.42260674638214757 0.44368954609666866 0.43986251679275185 0.4311855003957744 0.43306165924806406 0.38551994356316166 0.38721476860926535 0.40928147737640613 0.4782422462830847 0.47338575213988243 0.5400872949132955 0.5682132108465077 0.555502839059126 0.5341374404670717 0.5318456749196936 0.500247618106539 0.4871668290245486
0.409117457106239 0.44336712507234516 0.48044754788305527 0.5191916790048007 0.5183979643059031 0.5234354152721779 0.5154665958106079 0.44927646705751006 0.4543179190607897 0.44533520807598814 0.472330217092977 0.45171625658898235 0.4960979038449961 0.45727781439895243 0.4017678781819242 0.36847706381567147 0.3762514510571279 0.41011252964552375 0.4075394351953931 0.4168361811844679 0.40032864053224254 0.40306665130677866 0.41800220752603423 0.432326618695835 0.405451653983955 0.46170577859396206 0.4607210267252563 0.4809676388053088 0.4748677643109908 0.4290594241928536 0.4050735271683179 0.43613225272492234 0.4081163617635047 0.47600825237454863 0.47788290330732835 0.5303140964364695 0.5419240252582559 0.5424426368077624 0.549843584241587 0.5251455455825569 0.519219881673624 0.4672015989010741
0.40883209729843983 0.42678564810609815 0.4555856519416027 0.44639963573634306 0.4821194365838848 0.4864935716929975 0.4853029895690116 0.47006309848217737 0.4473815465953889 0.4555239169808595 0.4438058166539478 0.4974819835162874 0.46198678692244227 0.430123390963285 0.4007496733422701 0.3955030069579871 0.4157118185474739 0.4208667156518801 0.41479796471096486 0.43704402299539263 0.4118638070907413 0.3815775314708084 0.374826726867965 0.39042931729456204 0.41394913602373773 0.44702987371612996 0.4199509719251756 0.4473910374598672 0.4325186245933856 0.4241180920594763 0.41422412728460534 0.4596149066703817 0.4741779465903191 0.4586385233593259 0.4484730335620971 0.5045793901619464 0.48327008871111293 0.5086760070700378 0.49370343761462687 0.47111769929270186 0.4737853313950076 0.48752260126347824
0.38496530886081365 0.3912187844936021 0.39554647109804886 0.4435528960273257 0.46416498705622783 0.4372053394495856 0.4179222588959444 0.43415633960251776 0.4556707047043026 0.470806973391268 0.4392364657555427 0.44759919468013143 0.48227467762431875 0.4316005486288964 0.41319119788379943 0.4035794468545314 0.4129333878138763 0.4331871797079809 0.43967000284594904 0.4163502680574044 0.42114067220233664 0.39905006281801647 0.37608794671230095 0.42854579198147985 0.41539402120867436 0.4047912634049911 0.424388167225164 0.45177417017712346 0.4435955630032861 0.4163083186349246 0.47390707583159275 0.4521995427886397 0.4760100459191164 0.4596218592339402 0.46620401427057023 0.48869406430597007 0.4362384392553882 0.4160951566661693 0.40591049628259374 0.42432459312550597 0.46178005682866086 0.5086218845729672
0.37490719605350414 0.35821452911529117 0.37550313231276716 0.39689421833342714 0.4251910074973945 0.4095422353405041 0.39538567818442094 0.43751896686647607 0.45171322930331964 0.45777401424728287 0.4487230968850287 0.4868575786625194 0.4372181077898648 0.41532128129041174 0.43963499711840404 0.42722535226028474 0.4112163815268283 0.42066740350890686 0.41735044253001247 0.4054127637221154 0.4111492824434493 0.4317280856827559 0.4366578465028807 0.427983529538347 0.44655722511493345 0.4311937330377747 0.43812974134079163 0.43269718427045173 0.46460477598403604 0.43687304117491216 0.4578800409509468 0.4950433129575222 0.4986787449408867 0.47849848504186937 0.43412022314223736 0.44335047337809325 0.4077137519753252 0.4003995342898491 0.39262557521448943 0.38015392372448725 0.4051120777582966 0.4795823987339264
0.3526697904403227 0.34275266177767577 0.3356522988529607 0.37482758536410077 0.4054065428094919 0.3904208807113281 0.4112080611935269 0.38987863343303586 0.4014542394334772 0.43624300036982616 0.49596199254157997 0.4499810217463647 0.4658618117448583 0.4129941565514875 0.39629846414328984 0.4164492634072549 0.42068237024900446 0.42193078381018884 0.4062629279235154 0.43552090110976305 0.43212965049890784 0.43375058669014893 0.43098810547186067 0.4434832705159007 0.3997046050513488 0.45634178987160007 0.44883575945935583 0.4535284811727231 0.4799715178872231 0.45997645587311004 0.4614229770398675 0.49524660127379555 0.4594081824661682 0.462654078722997 0.4012207077240745 0.384347982875617 0.3823759096927839 0.3675277390843209 0.36683031825307405 0.3635704048621158 0.3929263526834068 0.4232427592925692
0.3548189474014972 0.330829497976671 0.3637824286588683 0.383044042598829 0.35964728306069965 0.34145121487388186 0.3660715326911387 0.3792859759744529 0.4030807225709273 0.4567841979937183 0.4425196514817423 0.44623767823606647 0.42051952841122686 0.41567919090066774 0.3913759159004121 0.40579606643705535 0.38901670645268793 0.385409082140498 0.42683066637951017 0.396189067179846 0.41439682970066394 0.42012438355853043 0.45057391688394344 0.4242522667362954 0.4067560566119712 0.4335685439634296 0.4248817555963436 0.4290434708186098 0.44639085408025614 0.4342594453227669 0.4585452776403643 0.45402643374174173 0.466451461392528 0.43372231990807747 0.4401432530964127 0.3932141017909932 0.37009318417701115 0.3683085497783796 0.3971248034281384 0.3853323098323527 0.36631887595714485 0.4244062055744271
0.3383148355140841 0.3772498609644547 0.37549781000314514 0.3873495214138283 0.3333251118047557 0.35919226308919167 0.32976793871774357 0.3704560850307506 0.3905695311439387 0.4452844034420456 0.43170662006207383 0.43532142857631356 0.3729611181900254 0.3732766972716307 0.40720800835122645 0.3721552893431713 0.40637098553393924 0.43595132509914347 0.41373911997929347 0.42588493403440847 0.4419668113375546 0.43829241557904175 0.42602202467971 0.4208207266331039 0.4261629967224302 0.42264729163175047 0.3666180591085632 0.3818530673254242 0.40801407965592146 0.42144599007478906 0.3819761078578753 0.3991544861496342 0.4125190386978372 0.3997840299079165 0.4309622260218814 0.39542614544834287 0.43797152859182026 0.3936265493309357 0.3661397839897589 0.35367501637551835 0.36348054927883877 0.39331239678848173
0.36927287689121885 0.35831475189803047 0.36618734866161484 0.3445773574005538 0.34153759555401547 0.3544305127850916 0.3373196161522308 0.37618076384539334 0.43345016388314933 0.4269962601518453 0.4470812859580306 0.4117243813185607 0.4065718467103479 0.3473443379884001 0.37979827771045654 0.38191721406784757 0.40718116485309863 0.42203150425951036 0.40653250099129995 0.40370472099603133 0.43813176145524424 0.42893865372921886 0.41655496475552056 0.42815287665843593 0.4253703792012862 0.38201076177398435 0.39633030537332836 0.41567395447589883 0.38959994449460233 0.40097736769752346 0.4095138476607323 0.4001854989821761 0.4121694258382784 0.37665831915083114 0.3918215185816056 0.3983883344030769 0.3859613342559753 0.42589922584990125 0.4119748827251738 0.40048660746365194 0.3734855783775865 0.3506323290245969
0.33144348991489264 0.34912403500977746 0.30597931951875235 0.3492091684932547 0.3687088246315622 0.3829214770320953 0.36777830384575144 0.3744065013352616 0.4372301869999454 0.4179082330191352 0.45584598684797717 0.42012861322415307 0.4080687171798631 0.33214319471897025 0.31335182702551034 0.38835229534605165 0.40789344432056823 0.3681705022737633 0.36866551547625714 0.3780673848031585 0.37968779022273463 0.4318648094751293 0.4743340531180045 0.4570337959371934 0.4554501345760119 0.43065632652229335 0.37369111512806885 0.42533227546429936 0.42873470987014434 0.42931678559753744 0.39634062818362953 0.4154199527954211 0.37896876248711175 0.3618515582346509 0.3899338816392445 0.40545432849033425 0.3977320062846058 0.4153232631434814 0.4203502877720709 0.37131546039720087 0.35249088012268603 0.33494194353886453
0.30262000693905633 0.2853924621573557 0.2797941759015325 0.2960428261410783 0.36597760676553454 0.352402810251096 0.3850662193375764 0.37344347315651205 0.37183218189142536 0.3963187114720779 0.40504998698880446 0.3882244229745402 0.3745725649130058 0.3588313318995311 0.35312129364428785 0.3378570596747128 0.3893405654273655 0.3424680921321839 0.3593610020743129 0.374424020151221 0.3652828256816329 0.3914923575871039 0.4659483688464899 0.4633853113453418 0.45543653156316316 0.43079641576773114 0.4330815760728811 0.4130366747006227 0.42577818532967326 0.38467207822758887 0.3799107647921025 0.3993544399558132 0.40905500184169824 0.39634831698470374 0.4067066074190007 0.36433832117004467 0.38690635737649237 0.3828790339039588 0.3493995466953352 0.33263051515340647 0.32008493184212294 0.332219653961505
0.2448849565944633 0.2604443924180705 0.24654540592347704 0.30641196573683965 0.3462517566557538 0.3980070932186077 0.40714574149767085 0.4053071799388536 0.369686023712671 0.39073074716523915 0.38032741741567083 0.34931205355672557 0.35851133242195676 0.3133963693454584 0.31481773728462514 0.3285770534260212 0.36002139939343236 0.31604537901317803 0.3362843802088618 0.35103396892454247 0.38856398996129954 0.43515675440843204 0.43597589738025977 0.4422901971789741 0.45379592669412905 0.4226206547492172 0.4346491972894356 0.4231004665791451 0.362455400817047 0.3574985177576983 0.4016695155283137 0.41463727553831536 0.4207322047349648 0.4006252227042426 0.39992723836419475 0.38659451660015354 0.38223475472133006 0.36359713264897325 0.31023630895543236 0.3215661959780637 0.2879476382985666 0.3252675323538916
0.2699224009852 0.2633227943283403 0.2481981811027336 0.3059442827021958 0.3600908590883464 0.3862084863215786 0.3718723108832043 0.40362458934248335 0.37544014166933215 0.377649107728306 0.3915661694523519 0.3675607510258996 0.31201376423210875 0.30963680547859995 0.31536334005919764 0.3515527366690994 0.36319231704613913 0.33626262246028255 0.3284728814659138 0.36820918324421503 0.408962064511721 0.4109086701655787 0.4449313397651535 0.4834150533293589 0.44770996702381705 0.4297357414229032 0.40050212602591456 0.41423906631867563 0.37691777961287887 0.382059293389607 0.3964213121807029 0.3589541385207231 0.3638507429438211 0.4020705141119336 0.3862810887405114 0.4016639202853318 0.40206140804315216 0.35375363705200136 0.291477630151066 0.294355781410375 0.26664168337876254 0.2843042772961611
0.23022460468227887 0.26174114033398826 0.2760235204849601 0.3135060306578226 0.36965913997148886 0.37971970500089064 0.35940099579810353 0.3548463944780587 0.36232563689595076 0.3836889815076714 0.3534901405606759 0.34748583499782215 0.3138501858934313 0.33477651955914334 0.3330485793344398 0.33887469384023755 0.3179633231122806 0.31120815265384644 0.34245163355005764 0.35045266821146737 0.4097103044371743 0.44624681324631194 0.5244538380033518 0.4721856061352684 0.490146183286418 0.45948735949044467 0.41476338056173234 0.4127249002934935 0.3829496089807368 0.3328803295017771 0.33642834880345435 0.37074553288923223 0.36223772577204827 0.37080578246088175 0.37266191342655985 0.3705742833083346 0.3553117174109722 0.323654075890276 0.25636396390131266 0.2603992358121426 0.2916316087085286 0.26972677421892427
0.24236196955241873 0.23861492807577367 0.26408202687842613 0.33125266799153125 0.3816185527722686 0.37464397857685844 0.3606033352645066 0.3393474898678853 0.32821306416166146 0.3398406307554166 0.33507395612330865 0.3603481961909216 0.34154929425998903 0.34335948438972924 0.3537273598990984 0.3210451927028061 0.311246185030533 0.33945594905603116 0.3192546857489004 0.34898697470327966 0.38647810553146905 0.44904941281127325 0.4745163408510373 0.45356978613447874 0.44293206899895565 0.4357646669326997 0.41359125204031855 0.3436763336025577 0.30586722321238474 0.30810688930005936 0.28389610448031205 0.31322811657158106 0.3085399296849481 0.3177349265747104 0.30671465628940575 0.3108921863860487 0.29149023519988954 0.265499265117472 0.2607016637977223 0.23206974113835985 0.23336520188028173 0.2396950785489317
0.21964159304741268 0.2630180072969248 0.26212544406508675 0.29534954363715504 0.3553930920981592 0.35990253936738503 0.3603210465004842 0.365740328616575 0.31888285434390407 0.33739517788710927 0.3743542245352139 0.33496544955768465 0.313975960539188 0.3042681679073921 0.3164220010714258 0.31981036733380475 0.2902019391189491 0.30001826447529584 0.3529141967030032 0.3576488104823761 0.40534386406729755 0.4113905567939115 0.39928451180744107 0.4358022757668414 0.43453713512342046 0.4013457622190804 0.34483663416953736 0.34657470389958184 0.2925764285308565 0.263587460191469 0.24172359265368962 0.2845801260860143 0.28438437029390223 0.25509159599393844 0.24492089280938192 0.23317531372544995 0.2454946514335547 0.24110494778778835 0.18817946080351358 0.20092593085564045 0.21483466914471713 0.24735734602983298
0.21351016156581243 0.2346675501130977 0.27313852604760364 0.28665633459375073 0.2962337576761433 0.3371115294087058 0.3375467801563656 0.3424190037986399 0.31657893906267415 0.3353422738771145 0.34600128141472025 0.32468801617313486 0.32462654907939215 0.3176260304608686 0.3283916135772226 0.3290737160583229 0.3311073881585671 0.31053213601898166 0.35239679790016604 0.36151353257598046 0.414222712345753 0.41179037685607284 0.3739634779719967 0.3832735924496952 0.35911540779621026 0.3507425944801395 0.3249595201850701 0.32827339469471567 0.27135497470151154 0.24582839323103609 0.23969140568643257 0.21119121148088543 0.20750667167297154 0.21456626367946746 0.21646782233189735 0.2300581542080331 0.24056561652926844 0.24380605333589228 0.2138580706651603 0.24792841582579603 0.2550382670411507 0.25036934978134817
0.22893856414427405 0.25964858578914396 0.2739047176362407 0.24536015294352237 0.28652537934195366 0.3418573933650787 0.36507296539703327 0.34222321962760016 0.31646292515714347 0.30963828417016975 0.34296195182248823 0.34436419131469737 0.33357683665947396 0.31413866614080554 0.2979976185440473 0.2955356607249955 0.316018834265781 0.2995531537248355 0.31443173509333466 0.36196518256245513 0.37967957183130735 0.3922553912456087 0.4047410897842532 0.33200371076888546 0.3339110057804644 0.32820069530202955 0.33853665258187565 0.302160208925862 0.2701199290534451 0.2123653734543947 0.21208911391462676 0.19449539106615027 0.19228444021881924 0.20693885521475108 0.18121299751466483 0.23124360982986908 0.24267754013556486 0.2073243616337146 0.2087706876972485 0.2694987778409666 0.28044496354292825 0.2913525480383143
0.26972829633192524 0.25817773103274483 0.2594204302615546 0.24634083053261302 0.3152604468514254 0.33778743752596097 0.3249943842713716 0.30453414918389204 0.2766666134817398 0.30636454098968163 0.3241740556056688 0.3011300290593118 0.32022798985510914 0.2876211402606305 0.2565228190769179 0.26330623845880213 0.27697559227896745 0.295770232409575 0.3064843998545293 0.3185147590745797 0.3437900580925971 0.3661277101030148 0.3429162440372635 0.3010522950901555 0.3097036108126012 0.30896434623413904 0.32518749162797483 0.28009192231376556 0.2589041387597477 0.2294910603906827 0.2026767183985341 0.20328528122137762 0.22344032620002585 0.1859542669105989 0.18098628421522714 0.18690959694286474 0.2060528217954259 0.23225596869595727 0.19591552547878122 0.2554312116458796 0.27446851298454167 0.2845429067022067
