Raster_benchmarking/Raster/continuous/raster-75.asc
NCOLS 100
NROWS 100
XLLCORNER 1743152.337794195
YLLCORNER 5469284.133318135
CELLSIZE 10
NODATA_VALUE -9999
[rows 57 to 75 of 100, columns 0 to 42 of 100]
0.6679973948512626 0.6831836183201586 0.7048180496601033 0.726044402549804 0.7306571263584607 0.7211522771328669 0.7726842269489248 0.7345599066734808 0.7452292325961051 0.7580005986250441 0.7792945688315166 0.774997360813468 0.7795405232056493 0.7556967470298211 0.794649717450758 0.7867111228985654 0.7814114728938134 0.7567415162713009 0.7216947481479036 0.6935338786434122 0.6999635624482539 0.637971701632083 0.5963618976136379 0.5949849495129025 0.5442725458020174 0.5598910757679674 0.5288872755440794 0.5676864629567117 0.5733640681427935 0.5563754436985281 0.5628819944001209 0.5362528837998364 0.5241927509125516 0.5294818021984151 0.520828228502542 0.49803400072084353 0.4962148169265713 0.4359780621393924 0.39433286270354345 0.3921299036893267 0.3468638451962608 0.36041811322759887 0.3897929783304158
0.6706316641719338 0.6921231351043738 0.6905479301164982 0.7119836142208817 0.7322486911115245 0.7308637345946913 0.7818691746886199 0.7741458433662124 0.7538527118016741 0.772672374145947 0.7884755255263398 0.7724951120512877 0.7860957386678405 0.7848329882287951 0.8224882560045537 0.8194042803824262 0.8006332774203675 0.7955983182588119 0.767283268022114 0.714821957620328 0.6533989830689699 0.637807590236675 0.6192732414112155 0.6024624095936955 0.577585255009349 0.5434206740258618 0.5325490941886664 0.5528637827321324 0.563415891168353 0.54171665369696 0.531294972620515 0.539742640810475 0.5138834804206678 0.47363479508882944 0.4547303548708013 0.4627972027210544 0.46031099850588353 0.41817974693183496 0.38634500369389707 0.4020972471685306 0.3919240734471779 0.34547096731738675 0.3395497435787818
0.6704040222488851 0.6876035183319621 0.6588730938473529 0.6858712647004409 0.7178101110536328 0.7486494540357742 0.7780726435009219 0.7607169628622643 0.7884455306609855 0.7934344204408864 0.8086037259741997 0.7919850628130625 0.7901903264750575 0.8151309045996415 0.8088599184982855 0.8236189005730482 0.8130723949241894 0.8124926647143207 0.7927698047980868 0.7332547466294435 0.6432995471817732 0.6210934067205249 0.5818978058806245 0.5655491562421616 0.5928710020758277 0.5728003072410515 0.5319091926077475 0.5202693858759136 0.5581413931280087 0.5312061943800453 0.49875338581455403 0.4866036210310581 0.48827889128241786 0.47880536980736443 0.45760633642425314 0.4515937255532772 0.46537534435042094 0.4381651874051114 0.3906571342987274 0.42227286533313013 0.38213925841262153 0.35255118164700244 0.2902046509729962
0.7005642143911316 0.6831772096406432 0.7054605453131334 0.7286834383072573 0.7299575085817901 0.775931977342298 0.8206828464225137 0.7972734664544645 0.8259345747448865 0.832187157029704 0.8010088385753567 0.7961237508841127 0.7958235766128076 0.7840910267678033 0.7994825377310598 0.7980380867364951 0.7916138371965549 0.7579245307682791 0.7699437645440573 0.7103467643772025 0.6462413998391383 0.6100553115867693 0.6086495498786536 0.5733831068066503 0.581651265455723 0.5550957373715666 0.5296355138926897 0.534942371247602 0.5329493126435508 0.5418391952418338 0.5274104448665085 0.4934477796786217 0.4940895788418534 0.5194920831859826 0.5069919144242832 0.495939150391543 0.4776765848749596 0.4182630290357756 0.40920999360843974 0.41516459565307784 0.40381294505015375 0.38838357858683387 0.3443845105004075
0.7074566226551696 0.7491131162003579 0.7490310666761445 0.7799408462744781 0.7761805531595372 0.81501440692184 0.831054207641225 0.8400765430758211 0.8372911314869952 0.8467369511214841 0.8281504139574776 0.7902092928433293 0.7895036569950143 0.7933795582462185 0.7866998628405546 0.7738649331619698 0.7287929797946991 0.7512645713421227 0.7623623410691005 0.7059591004343317 0.6686317096062138 0.6208973338573074 0.5890174932767311 0.5888994397473427 0.5932758141582044 0.5803500211672691 0.5679905328956825 0.5542466854727282 0.5205631492727256 0.5142461065918557 0.531230364253779 0.5294640534930098 0.5495912296352664 0.5727571374053677 0.5481439228161848 0.5301144240736073 0.46076210757974095 0.4420274549062511 0.45606134445457513 0.4286619962487393 0.4296778565321778 0.4329291551727055 0.4141931486862979
0.7250758870454942 0.7613803174531067 0.7672257405439009 0.784139370843424 0.8012203760090606 0.8186248424531372 0.8254458057628884 0.8017452257907911 0.8330505787705202 0.827558576863473 0.8142421048296314 0.7874374894504976 0.765328643194095 0.7658571766987793 0.7496576544139558 0.7685074809947952 0.7150552867974915 0.734964152182416 0.7159092463369529 0.7040331736599937 0.6851615986136563 0.6246949740314509 0.6330819983312309 0.6054077057759527 0.5985930779702997 0.5670641436572229 0.5890343872690071 0.5573310467993269 0.5761693336224624 0.5331648356664264 0.5383963161793847 0.5603640941041098 0.5651505977508839 0.5830079107145556 0.5378459896242401 0.5384783305744624 0.4884355364061856 0.47867028623226476 0.47186470980362893 0.46406975176419435 0.45003773830974014 0.4427262729116119 0.4541154479939179
0.7703789744065226 0.7505448071774687 0.7373238462746086 0.763050063652481 0.7884446002684965 0.8201593432814182 0.7940047598426642 0.79472217289301 0.8003034554966498 0.8138973848103653 0.8201624418818909 0.7866968005814885 0.8085097900725946 0.7543927641464411 0.7456990896484949 0.7700208599948147 0.7259562427506695 0.7419207811573848 0.7026004006687728 0.6946921673543887 0.6628387519909105 0.6323814732731591 0.6191860573296605 0.5803054603598484 0.5644275133453758 0.5918237047125313 0.5649725054895949 0.5545933236396003 0.5971121196747313 0.5680513247915489 0.5574769455037631 0.5658361482107966 0.5889269199912166 0.5843006636287722 0.5674968199413106 0.5203634143480821 0.5043195041343441 0.49084614007708377 0.49448309884155955 0.46603894495944914 0.43400142611416626 0.44848358619466877 0.4300211196100869
0.7586512948174772 0.764354970838827 0.7381100910633266 0.7467048627160734 0.7784371690890293 0.7976715976621985 0.813523024461974 0.7985125247294521 0.8033303364079353 0.8110998461659004 0.830435106809445 0.7877871706126639 0.8002962289760918 0.7635344704497024 0.7781998326218941 0.7607756540201313 0.7511991518775919 0.7600228255173904 0.7676374039519662 0.7421831037124956 0.708026337114198 0.7077032736869561 0.6679927740307706 0.6036731477174633 0.6076839191926683 0.5877568902443682 0.5866702016152975 0.6005772318283809 0.5928136292826853 0.6025903025807998 0.565789999550738 0.5721128091520487 0.5659506061651901 0.5601224251957473 0.525574959266768 0.5236430065369222 0.5030088308809649 0.5260712434274872 0.5309148173500436 0.5106859130835102 0.45323733052564136 0.4612183508286097 0.49452196290436035
0.7822490427973078 0.7816839360758727 0.7602935347567207 0.7431471557405817 0.7363671259834769 0.7937980932610177 0.7798398855919926 0.7990471187931545 0.8531187309353705 0.8189072600064605 0.8113088489659156 0.7889922769097647 0.7945105013910355 0.7718299631292754 0.7627636431057825 0.7606281338860861 0.756615773999961 0.7798388641923576 0.7731721998722536 0.7292253090445828 0.7452983311545895 0.7381855166296788 0.7022629502097953 0.6681604928856539 0.6084673802078732 0.615196688100372 0.6330032988130603 0.6396449882354891 0.5920410614480635 0.628643787496239 0.6244821415502385 0.5818906668190551 0.5938406663322316 0.5549407105001231 0.5505334742794005 0.5338079273214777 0.5513318952666543 0.5353228928055184 0.5138975262117821 0.5224476556192109 0.5015770718241216 0.4967216153961581 0.5181169328956003
0.8005764912293267 0.7568125995736197 0.7423234346127596 0.7471776860741677 0.7456169283959884 0.7605350719931895 0.798077637659406 0.8073090489806006 0.8052177685862768 0.8102462681611958 0.8079144789696555 0.8323974909890461 0.7951340325569115 0.8036974588304671 0.8002311008940709 0.7957812325619424 0.7823634051138915 0.7609178826750919 0.7766916400501314 0.7418769235014948 0.7403473653534676 0.7251815312566211 0.7196792101364217 0.6927233579749522 0.6326298787330517 0.6225808349730156 0.6153460064912919 0.6354121726144827 0.6332368999372306 0.637465293248957 0.6230790641756294 0.5766712193407205 0.5899749562993495 0.5600490902898222 0.5627249819939604 0.5441614063981053 0.5401006201982058 0.5601789064138532 0.5293300673119292 0.5392374616108455 0.5446227109196248 0.5545851434181815 0.5507682503851123
0.7698582895785662 0.7810941467712343 0.7735506733760806 0.7416091871752638 0.7321951169385178 0.7482410991591499 0.803804776829062 0.821699006846753 0.828431436738096 0.8044831183440564 0.8247859364657446 0.8210178876637336 0.8235344566088697 0.8034348863353086 0.7892281769984447 0.7918765545980271 0.8112885109436593 0.774866793354298 0.7810491430530916 0.7488541381626402 0.7544290569561178 0.7422468570417838 0.7604869496023051 0.6864446313306061 0.6386911960572305 0.6556642059740366 0.6356563395558001 0.6576877120179845 0.614066783769487 0.6403564960625323 0.6249575764101428 0.607811505150445 0.5591247102200881 0.5379348227678005 0.5213413393622053 0.5607849288966484 0.5873608341773872 0.5622568139892848 0.5377398259242826 0.5446101501486794 0.5503743968128201 0.5811077605875389 0.5897319393839249
0.7670795043844446 0.7801424674321299 0.8056346763287753 0.7708124337897116 0.7449911312275828 0.779941691137846 0.8193720248940637 0.8295071382166516 0.8135747398538614 0.8007844971495826 0.825658594189543 0.8097392697807353 0.8273879244783702 0.8159870033893581 0.8223248009660262 0.7948626636053472 0.7786043950432008 0.7828586641710662 0.7729155333857705 0.8127024039742325 0.7712822824483812 0.7757904891608371 0.7292629579991219 0.7078521914691719 0.6764127684695503 0.6547581727315739 0.6612065479191634 0.6872579586043207 0.6419184368174414 0.6289152799142558 0.6179367843260306 0.610483774289672 0.6015074330328612 0.583189377469645 0.6040374820794204 0.5873089758487166 0.5909025119684648 0.556501928960375 0.5306628810196281 0.5399574319804502 0.5358213825674938 0.5628718103607763 0.5914411344043106
0.8000863351174945 0.804939466835829 0.8183162611593499 0.7832859303128908 0.7622731744635408 0.7967177702486179 0.8096052159129324 0.804800234661272 0.8240309879561313 0.8061485626704322 0.7821107581945965 0.7782874123464905 0.8060027424807326 0.8467070060178961 0.8253428853827799 0.8342304269814037 0.8061395638537938 0.7882711873407717 0.7946171794536369 0.7962829588210588 0.8312477339463801 0.7801653045515858 0.7592351221034206 0.719692733015499 0.7111029819801435 0.6837852446062287 0.7225079019868795 0.6770469643612924 0.6872604509886079 0.640465132852218 0.6441063321010485 0.6593331897308162 0.6467076486971468 0.6623883627475835 0.6554651007010607 0.6297089226245277 0.5730846838926964 0.56163912967418 0.5510889833559247 0.5942900534600384 0.582657288683413 0.6180277910281283 0.6089776515070625
0.8140828302877662 0.8188348670895914 0.8234048785275706 0.7655910833833794 0.7676126117619715 0.8140353283190948 0.8372804896542079 0.8038735087000347 0.7993051081490811 0.7792024908448519 0.7669208657985688 0.7801781397356006 0.8149330761424964 0.8438014361344922 0.8474717056692915 0.828633152070646 0.844941042856632 0.8108955753198166 0.808939082267351 0.8173845605836386 0.8418317732410049 0.8169370887899023 0.7790141215811798 0.7479905739557934 0.7208222607463426 0.7282981763133693 0.6929014385847192 0.6998951622852381 0.6595472652711443 0.6735407884259311 0.6750141386279902 0.6895404243809489 0.6776318134657875 0.6737204370925709 0.6920100062422734 0.6580394349177505 0.5957625951094713 0.5954424882828496 0.620666575348803 0.6284866254494398 0.6475275424148086 0.6252344340884809 0.6377969653693711
0.7848103402987245 0.7832117548134205 0.7917994733463312 0.7848825651859742 0.7853582267228832 0.7937651960146639 0.8274458064009932 0.7847740340617341 0.7715823005913178 0.7812751505606704 0.7998595841288112 0.8063074516057611 0.7988433888983559 0.8190055735450475 0.8651681795877025 0.8595649966305582 0.8672488088041715 0.8585277789035834 0.8301666275413512 0.8328829359800707 0.8101587595505971 0.7932126959352009 0.7993595216439129 0.7824236051764216 0.7410028053339845 0.7060075498674862 0.6961330820179065 0.699345108282059 0.6778178964666092 0.6708767808711931 0.6834669456451411 0.728974780796566 0.7192712270899699 0.69560217682109 0.726352878853296 0.7039626202089847 0.6358070900434882 0.6285707616942267 0.6774309087088108 0.6765841943330169 0.6888209563641295 0.6678549230824073 0.6319137167408594
0.7955324963721249 0.7971278638308888 0.8066574458239048 0.8067566795234006 0.8069894895067379 0.8271752409706428 0.8399570807934387 0.8027811286625628 0.8015062929538834 0.7760358301478705 0.8154476994453197 0.804185664588961 0.823813681460017 0.8500352855420455 0.8907064986703194 0.8727405176624408 0.8625292051729518 0.8321640945879514 0.8251940092594826 0.8146356760399868 0.7947277833066327 0.8261230660103371 0.8130919452762807 0.8024518453858952 0.7969204334250674 0.7436020401155867 0.7452347081028451 0.7499822115370613 0.7135842861792592 0.7101474623015318 0.7444036916913578 0.741514161032173 0.750825636007528 0.7614059417471984 0.7296397355454376 0.7344065553556227 0.7001770491434811 0.7009048087557941 0.7269448405513447 0.724516513749678 0.6719921262290383 0.6644738822640095 0.6501273196096788
0.7757794742318229 0.7981297153632677 0.7915172153910608 0.783797045568614 0.7977105585261899 0.8031104598434017 0.8064547122439132 0.7591567551011595 0.7563397067775866 0.815549295701818 0.8490491461509144 0.8424343030460903 0.8679795233709057 0.8603352223382953 0.8981103978891894 0.8864747593060984 0.8492756437689215 0.8260798102952239 0.8438517477718253 0.7878443745022297 0.7918139912065212 0.8051097679062587 0.8521924001231204 0.822332246711626 0.8242311239263644 0.7877855381253807 0.8141659739082826 0.7672466154955742 0.7719529104090738 0.7623644698987668 0.8048498925174942 0.751410791038866 0.7507915444521845 0.7720029871277444 0.7484729298998637 0.7760643011350413 0.737439247847602 0.7241809056613224 0.7558370914180693 0.7369165542268125 0.7050543680419813 0.6915578207516677 0.6668547418645809
0.7792829537500611 0.7852433063076218 0.7463001789941196 0.7469520668910549 0.7762555110077228 0.7931535500768142 0.7448476032072341 0.742694355638056 0.7389704063788831 0.7937804321863128 0.8450325570484428 0.8359891394777936 0.8440706191930484 0.8622844294478792 0.8923750413322875 0.8687872857142681 0.8513777078448901 0.8660289018858897 0.8287886261346838 0.7968714212494451 0.7864151617974818 0.8018203624636007 0.8166242901699687 0.8252703897178612 0.864923574921185 0.8601375521016233 0.8376682562037943 0.7883924910896632 0.8078629615599805 0.8219890731839724 0.8310178276780568 0.787213324442966 0.7907105205900649 0.7700025528637746 0.7651331847888392 0.78540389504898 0.774635140568066 0.7595414334137919 0.7527721712635917 0.7202825265947297 0.7168555612503436 0.6889401641201232 0.6628276253102647
0.7805664262132507 0.7346754307889102 0.6938127331053975 0.7400467213093141 0.75410524800902 0.722133582477831 0.7148956618566036 0.7081971060690824 0.7227114899700201 0.7543286264864278 0.8182976813179883 0.817836369992724 0.8299953345107226 0.8587924934119109 0.8894285117294523 0.8659698800481415 0.8889145314008398 0.8580528221023309 0.8119870365379708 0.8302889612775454 0.7964189930373573 0.8388325678037696 0.849168790200815 0.8246539147966533 0.8646055743103307 0.8466266152779692 0.8506954830935054 0.8436009953334882 0.7991216279423147 0.8354544403471722 0.8476209254015608 0.7797583763138313 0.7848561902896831 0.7776126324609193 0.8218913585013011 0.8077421075217313 0.7610704904083074 0.742733824217001 0.7776764634489719 0.7617283752777895 0.7262944030350773 0.7358913222141795 0.6992567197868277
