Raster_benchmarking/Raster/continuous/raster-242.asc
NCOLS 100
NROWS 100
XLLCORNER 1743167.867844516
YLLCORNER 5469292.307761359
CELLSIZE 10
NODATA_VALUE -9999
[rows 38 to 56 of 100, columns 43 to 85 of 100]
0.43798483609285976 0.4364542463820491 0.42437847873869183 0.37933751062393095 0.34060330564196006 0.3268756621048079 0.3429037019990828 0.34978378291662554 0.37769513246004793 0.4240573208486868 0.4345075927786355 0.43223588750209935 0.3720296789401547 0.34927303770540885 0.3396256851539135 0.35423526199153293 0.2869021164999004 0.24928040823474565 0.24247468121734225 0.2628881887941195 0.2083214377975886 0.17268221371115144 0.1503029260183354 0.19257429599938597 0.17907348237961082 0.16124996379175316 0.1585927329956659 0.16995391675168833 0.2167782944326701 0.20475254372917534 0.23183712778122895 0.24916119389734212 0.2640086293993566 0.2817734732548042 0.29949091769198133 0.362646553942333 0.352670236398379 0.38911404752623713 0.38833370550370566 0.42173328498409285 0.4769278172135776 0.47468796996332885 0.5031901714750956
0.5137607772409409 0.4365312579857225 0.41146536048687704 0.4335552366128495 0.40253217024231 0.37835073145411335 0.32967383220411706 0.3772293522488201 0.3690677117111179 0.4185640171495306 0.41574924714566097 0.3950578639265602 0.38497083718254343 0.3925391975890759 0.32893384726123404 0.30250542576664546 0.3255538110026459 0.28264265076615547 0.2514301061830103 0.2674270784961181 0.24735329550583737 0.21505995256184585 0.17306555532629259 0.19246464682838485 0.19515179293446988 0.19919600887384653 0.175497049904012 0.1989900899026343 0.20117293939935307 0.2319049142444484 0.26224218326484794 0.3081669530160294 0.3041052493022314 0.3043446107363324 0.34920668468067956 0.33133570256511147 0.3483590457640703 0.4043793972249843 0.419379765214127 0.4651856909716593 0.44852449115722753 0.503695180112712 0.5266500142894313
0.49001310049558744 0.5048681183748464 0.45340415793369876 0.43223721645940216 0.40876661403972087 0.36746114745656877 0.359550640243475 0.37548351155592163 0.3578438115677763 0.35176777640140894 0.38243255957719324 0.39985935004275713 0.4033967008173286 0.40816956899880286 0.3277900623149072 0.30633682701659753 0.3291881703346813 0.339391104633144 0.27868534581419796 0.26305798659973756 0.26170286200853227 0.21787806282353356 0.18730446445037355 0.2090762943071954 0.2454506802131675 0.24822068466244618 0.2391981167948053 0.20842255206850513 0.20006571141672413 0.17937022405424108 0.2513033039424302 0.31587867453411184 0.3247109080311529 0.37555211492104856 0.34308493368870635 0.3710190257138387 0.40273393737957575 0.38823027346797984 0.42802104034403105 0.4667785456350698 0.46519682711713695 0.48554755911369574 0.5407500655619375
0.4856078776222434 0.439069327104169 0.4274458660433946 0.4298276919331432 0.38584050980809437 0.35943348586413687 0.38890913863202325 0.380669995264033 0.34898403174705456 0.39162110991100607 0.37546082066542624 0.3592398806431114 0.39684291511197306 0.36582846203908104 0.3326648727826214 0.2926779623179636 0.30494711310998646 0.33385436464862 0.28463537473406014 0.2580735788382207 0.2420751102686186 0.23566612518372626 0.2341046900093859 0.26888293863884927 0.2707965781832279 0.2945188292928719 0.27830731146939935 0.2747042538906718 0.23406316455699683 0.24671397391511696 0.2726098413091591 0.3191234764812568 0.3618805962717425 0.375923966986863 0.36001265476300637 0.374405682065611 0.4159327808924544 0.42064451247203155 0.4181187801986728 0.488703084665768 0.5109593999101086 0.5214133408407357 0.4999234318298279
0.4293141214019921 0.4252287291212434 0.3960534814027539 0.435952647582091 0.4008453219949722 0.3615455540475904 0.373380709052473 0.3786216375675614 0.3472161686192663 0.39806017324363924 0.3910454439067502 0.3664409653837309 0.3865572023482956 0.3705966295557961 0.3331994647055716 0.31582718616794075 0.28395717371060647 0.32696830886468103 0.2945654214416833 0.2666369102960785 0.23357830860522752 0.2678218834507347 0.2892815889182057 0.32850640119947977 0.3139798443949392 0.2768698688785924 0.2728134137891493 0.29785532823094824 0.29125641887100806 0.24574397861272979 0.30336415763419683 0.30110372706201394 0.3159473629979759 0.33715781140927775 0.4058558528835838 0.43120409960699696 0.42027103864517634 0.4073342993803849 0.4784348391210866 0.4993475878558036 0.5120960506023546 0.4809723950866201 0.5436306547440585
0.43918683717349366 0.45199647826051087 0.41150819017021656 0.4050636591558576 0.34627591472040886 0.3691706178420757 0.3671628777433606 0.3376509168761318 0.3788361367252298 0.36541515607491026 0.3767795939631931 0.3848248206782627 0.3506673524362968 0.3743214076649809 0.344872614537519 0.3016914750182171 0.29794443670592513 0.27979660207767276 0.26777395641991825 0.26423887674580415 0.2734148670196154 0.3145630900550312 0.3192834326803748 0.31908177657700615 0.35034109716383777 0.35606333723657224 0.32288673869647533 0.3573362960371032 0.31915770346059275 0.278349103039565 0.29133181775250666 0.3025823378054184 0.3352335686097801 0.34904213573017284 0.393601822529528 0.4418013814172239 0.42980532345997824 0.47447345463664814 0.4905736103967737 0.529242739765383 0.5511911593274793 0.5433589998353023 0.5754585890788912
0.4048297538471041 0.4644916118523619 0.41654775584478215 0.3420353071562198 0.3717964048990722 0.32707537913716717 0.3703258679036835 0.3111795714837228 0.3293863662910657 0.3484838697644222 0.3768832947402206 0.38172243990169075 0.349352909843939 0.32750695667621893 0.33416264173644306 0.3543136840378988 0.3446040482416996 0.2829523942289461 0.30130216398402027 0.29793514531229753 0.3199690292956657 0.3594915437672063 0.3246756060203137 0.32871767103079513 0.36411552164971267 0.3594342067729961 0.3604831952149377 0.3845961857593737 0.35683392437802414 0.30196471565805705 0.3401899352813139 0.3223876040260154 0.37648681838282105 0.3465446129820092 0.38490660618378436 0.41357218993960754 0.4701551898410461 0.5065034289740565 0.5319263066787854 0.5329107374894266 0.5863298899572323 0.6003345420790493 0.5844171071868877
0.39761141997469573 0.4097058043975734 0.38005597886006676 0.3405907934706956 0.35860869674251494 0.34066222821431746 0.3563146983465915 0.3425594625119424 0.3813760415208161 0.351004207724628 0.37384335005608427 0.37493740938832654 0.3608598192060192 0.33485853791166786 0.3799000969238979 0.3737792337676008 0.3467584493698831 0.34466356811564125 0.2969435669792569 0.3387639888723912 0.36186675940602814 0.34428605765165 0.3527375336679542 0.3597550812254224 0.3955283988485064 0.38909119146986443 0.401366522771047 0.3644140368891908 0.3415792063621207 0.35336722074782284 0.33971660930080677 0.39342681381295197 0.4040720873284012 0.41746262433907677 0.39143927225759 0.4393222310248937 0.49810504462150645 0.5163635076968475 0.5779695196718455 0.6096042732991467 0.6043735069232197 0.6166757535231497 0.6278663150513009
0.3896462949461096 0.34472623602389324 0.36197499261756 0.33457790126835063 0.331013280416832 0.37216559713557446 0.3821167718102688 0.38239869531217074 0.3882222419111853 0.36741881989178093 0.3500393397703152 0.3873851592914133 0.388386581477669 0.38043990510704595 0.39412065388153483 0.3456605881402299 0.3419676738054872 0.3458310430224502 0.32004037362423204 0.3774477360653751 0.3740597962054974 0.3462202984731761 0.338415822921853 0.35839102839812914 0.381799218952736 0.4297220843667303 0.41605465787908985 0.39188428510311785 0.3741923039226611 0.35527665367936545 0.4031729645612208 0.425849844335004 0.4022318650768618 0.425586014290513 0.4504101668121975 0.46066699681846196 0.5226118972821207 0.5360710519803775 0.6058357873599772 0.6259349399443314 0.6133611152831542 0.6649645449022779 0.6336675989024768
0.3961747781769098 0.3470830253123942 0.3222169348095458 0.3478935757005927 0.35557700417858784 0.3346937934818582 0.3253459601456181 0.3721668534457295 0.3447113226374526 0.370886541649187 0.37459834047988305 0.36757009017880715 0.39794576808153 0.40571543144383304 0.3580613957023739 0.347754052058827 0.3612382866188327 0.3625217055306333 0.3434686774488655 0.38460426771538136 0.38757958207464044 0.38018951898985126 0.3438727880794631 0.4035391938317268 0.4192295335334815 0.4156947124512996 0.43715168471020976 0.4075891313819011 0.4216971667604752 0.4307536449788232 0.4384206393621304 0.44392752815362824 0.4675137321058201 0.4945685186801859 0.4986204449973115 0.5073007215884932 0.5573566027405025 0.5688236972676152 0.6391293026254905 0.6713919527104114 0.6583540202434082 0.6754409599566427 0.6624551988282049
0.37581240201374155 0.3889829585073909 0.3145777176291907 0.3081723583383062 0.3252568746078179 0.28978449042644006 0.28900105031142254 0.31923786061163817 0.34286831848166366 0.368953748737904 0.3719852605168472 0.3482284971036479 0.3705192226800181 0.3876567443407961 0.3593964368203151 0.3589754099642351 0.41507813926675663 0.4092509210298507 0.3413368928295639 0.35175888119536103 0.40201628037197834 0.3689586447520551 0.4215318348847122 0.4192640053819666 0.44321643234320574 0.48045860015951275 0.5074058746040961 0.4707130028928835 0.4428305133649026 0.475228884875713 0.48194429178630005 0.491540882121856 0.48827019137956273 0.5540037143741404 0.5228311773449096 0.5783709377323861 0.597986262457107 0.6347389157023996 0.6535125336955372 0.647073159056882 0.6324729425188701 0.6613743212027171 0.6638744078702162
0.38222380472154793 0.3439625965207023 0.35525570470149026 0.3146577995049188 0.3215782835548003 0.28961410616214894 0.33054119766646645 0.3094196788339791 0.359400192372216 0.35026417173097607 0.3442338420550384 0.3953221696508607 0.3988284489851705 0.41747013155915447 0.434459207422944 0.4081650087722991 0.42156132730108603 0.4295796926521671 0.3731722865832489 0.35499132027366653 0.3813814162322921 0.40158969269454486 0.43718756675297 0.47225311962157374 0.4782562571620844 0.5031638937230669 0.5353861804650327 0.4968337665472614 0.5218606068363872 0.5487167159765631 0.5215753110932823 0.5055355802384242 0.5385147119376018 0.5348865513582881 0.5482560010326458 0.5959468692809331 0.5936123841128763 0.6083486504411367 0.6051452636780966 0.6154980246135665 0.6704679951749666 0.6572307948468026 0.6552255545421226
0.37707094055029156 0.3684334822280363 0.3210107359294896 0.29808767636051225 0.2717970139924236 0.26946327291571737 0.2747727594631085 0.33831109401811627 0.33413350679317894 0.35090521604678293 0.3440112004786291 0.3864763553083535 0.3921814114291485 0.45323699612841256 0.4693418435538085 0.43532315632274404 0.4250140366292425 0.42506881179274103 0.40381876940751726 0.4063655938678444 0.42852139106193315 0.3950818857275751 0.4212854872516682 0.47848784868372735 0.5276055392304277 0.510843958203498 0.5300896481730697 0.5609907523607418 0.5532962308500748 0.5573711514039575 0.510286049714 0.5274967026483178 0.5334761329091133 0.5634111562122518 0.5908421244866227 0.5940573709125138 0.5834549928664715 0.6472168826833093 0.6093829953364225 0.6084044556152383 0.66120565018324 0.6851167185642348 0.682160276138578
0.34086261540915264 0.3405580285954178 0.3234614298444782 0.2677375598820429 0.2820797180566591 0.2809761566007759 0.27499244838661535 0.25800050977041383 0.28227598113784913 0.31545563429486084 0.3511692373334919 0.3395970293361212 0.369032101373345 0.4343886042893043 0.4383644101380771 0.4051878684221243 0.39830834368628487 0.4372828032050506 0.4220247229787784 0.455970921500065 0.45932603927101046 0.45366242179989824 0.4577674164731497 0.5075393033220978 0.5436195082330962 0.519155902246915 0.5460496426486923 0.5643174550727161 0.5827978778971131 0.5363172838497773 0.5546259682484653 0.5719411220166762 0.5760302092171175 0.5996864589959613 0.5866410857120171 0.6015604305619683 0.5971215399479252 0.5841708729170815 0.603553884201359 0.6114450114276502 0.6668872563486639 0.6735176725269684 0.7151986042139789
0.32099959965864605 0.2586265256627692 0.2637102724953273 0.2847649086458638 0.2619661455309326 0.2219634203726265 0.22141476930174367 0.25357718169537363 0.25306376260486063 0.2793418221384677 0.3039163766429856 0.31020864053376335 0.39746769082395417 0.44587497129021353 0.4423238997193247 0.4239238881407328 0.42567292572891297 0.412292310320395 0.4341806971275961 0.4294252761706227 0.47000860663042954 0.5030214487986623 0.4945526976492749 0.5299006690666016 0.5621213388841556 0.5784295843136358 0.6100316588208043 0.6103848974459533 0.5782390512448388 0.5401675287741597 0.5836776231072142 0.5871037700404943 0.5972828126291183 0.6019168719459812 0.5584171826597956 0.5574965416280783 0.5960005117261876 0.565709696931629 0.6410391153736432 0.652890198092235 0.6707877631115545 0.6743427986176994 0.740792056271085
0.3318106674620437 0.32042279646195254 0.2604218750722311 0.25006936175881356 0.22068653183260126 0.20306450772724283 0.24415593593641327 0.23725018309748316 0.2627525536326112 0.3084261520634861 0.3287296664696893 0.33107210426841727 0.35574798054367995 0.41118165365971776 0.42349603243350115 0.4019073569441107 0.4110862359957129 0.39633826510314624 0.4308952552118744 0.47894176835450514 0.5039436047179341 0.5052141918593401 0.5147446257088185 0.5413583134568672 0.5157116447747382 0.5808610068786456 0.5934964357138655 0.6135421056454299 0.581762789077122 0.5749798860026232 0.5673240991929551 0.5668957417149596 0.5591195397404723 0.5679352120007094 0.5814339845210045 0.5685967892385261 0.6155014059287526 0.6304372680038269 0.6243356055511592 0.6249472853740958 0.6585573528077613 0.6831131731462903 0.7206845042490507
0.3638859424850429 0.3121091415804733 0.26246229008990246 0.24433803880361699 0.2656037589792958 0.2329057734412687 0.24364599383019486 0.28546479163505756 0.28882810047253576 0.30973640625958354 0.2983792443982121 0.3095469189924193 0.35119041266559975 0.39053110462486024 0.42407886516193166 0.42020824787830363 0.415381493159771 0.42146451803130874 0.4672238955901591 0.49122729137467464 0.4931233161772977 0.4723044610399429 0.48315157635739375 0.5141236228602583 0.5491597340881307 0.5534741421737613 0.5772777016365734 0.6243265330953982 0.631650342217182 0.6433564791529194 0.6285438718117139 0.5651032379299978 0.5609701646734583 0.55054722606624 0.5830908939115563 0.6044647158438412 0.613275966213505 0.6173452400419217 0.5910765048449148 0.5928293476381984 0.650743114869417 0.7202175289182495 0.7605254851471026
0.3428292693940136 0.28431828244934815 0.25537384514915334 0.2773817447205834 0.24575752377075832 0.24959201469182302 0.280385326526784 0.3152721562959754 0.29544238695080827 0.28076750092925845 0.33358424547024135 0.3181253245397187 0.35640108765915274 0.3597039763286869 0.4096907331625217 0.40526259346829113 0.3953213975459685 0.4443512220099503 0.47474562649822816 0.5029333584144948 0.4813036187605922 0.5050286390156747 0.4956739021323442 0.5407192385584675 0.5465700251948287 0.5496293033371219 0.5982218239168781 0.644038296008536 0.6306156043750306 0.6656008077661153 0.6421292333911134 0.594903580377031 0.5646917220840012 0.5586561397104597 0.6023973851535424 0.6016560535085809 0.6264540973188812 0.6437043547548545 0.6154137990185166 0.6324007336634934 0.6763573624279634 0.6925949455316872 0.7533802800102506
0.32238847569071116 0.26287007224574466 0.2355321863279168 0.2869817217288233 0.29905625515707507 0.3086165033597336 0.3289296861796047 0.35066244208092245 0.3314037171799902 0.30085851170385236 0.3487267928856519 0.312151399193847 0.3440787010953578 0.37441492728687953 0.3768160120409508 0.3673427987936357 0.4253568324212668 0.4462575312206225 0.4346715215220858 0.46046587396480093 0.46179814779901757 0.5145088706379023 0.5269833162291103 0.5523152133401232 0.5172340782150192 0.5203361182980418 0.5953320142168244 0.6359864257038991 0.6423602446992273 0.6645949164553439 0.6206801176025112 0.6083407051932773 0.552490547669627 0.5191355551036871 0.6192660584998233 0.6301498513075438 0.6320631630896392 0.6127475703582376 0.6155208518818326 0.6544606487460207 0.6581732963656964 0.6658268831406381 0.7252389205197322
