Raster_benchmarking/Raster/continuous/raster-145.asc
NCOLS 100
NROWS 100
XLLCORNER 1743161.38209199
YLLCORNER 5469286.951014164
CELLSIZE 10
NODATA_VALUE -9999
[rows 0 to 18 of 100, columns 0 to 42 of 100]
0.6400348677141582 0.6325137892690293 0.6114343286802117 0.602784427800672 0.5599347627215459 0.590776946607185 0.5977761780478934 0.5778710338886568 0.5843364591402597 0.5978541106718993 0.5774595259581852 0.61385861214532 0.6023404369904221 0.6009397873339478 0.6071859378100303 0.6049996676218513 0.5826528075431424 0.5720941318274582 0.5466668205631547 0.5371829654874016 0.550507166921721 0.5537216859051827 0.5427761003622159 0.5359145154769065 0.5573066757787407 0.5491010640793205 0.5075915396705162 0.52176406297469 0.5083406427748256 0.4813133271829377 0.468301101732775 0.4752593407254411 0.44820198525424426 0.47062903090909236 0.4268680922809537 0.45906613500926985 0.44815826973380174 0.45560380530376093 0.5073195010849225 0.5522825876156569 0.5575675210732103 0.5618646005575275 0.5407329966085734
0.6163099069457072 0.622464748462794 0.5909743243278355 0.580690220664886 0.593309819222754 0.5816269103922548 0.6018181095363992 0.635910560815458 0.6196498533231898 0.6351740735541973 0.6241218133063338 0.6012380895411424 0.6216124006906818 0.6294721416325919 0.6105868094260893 0.5898477437128367 0.6093667101505545 0.5725450243161522 0.5746350482871846 0.5360772720806317 0.5125892305864962 0.5280054968310559 0.5434942783460629 0.5347631584356546 0.5507258053678419 0.526169553608364 0.5110353699906268 0.5098879546733808 0.4846331066550913 0.5060902817729772 0.46650946403255406 0.44474367173918766 0.434422876474607 0.4498675782578852 0.4282437443418982 0.43827218723784606 0.47267453822482725 0.4765295180167712 0.5044643802378532 0.554136868354064 0.5660372802202046 0.5656436449340718 0.5720168125705114
0.5797133780224256 0.5865970638691872 0.590049916776108 0.5947863258754122 0.5767600671950478 0.6125981278714739 0.6254350480393381 0.6394583881140334 0.6435063863579674 0.6354325366928338 0.6423973271211032 0.6219437235766541 0.6693877611711935 0.6455523279651678 0.6431429040035872 0.6063858509388937 0.6077864008168025 0.6051332054219626 0.6087659388846771 0.5576627740705546 0.5248486711207782 0.5226729544203607 0.5344278615761215 0.5342583158536977 0.5355936756412573 0.5540391532748518 0.5212582039653251 0.5085406859201034 0.4790512040554875 0.47963308126805554 0.4967875547321956 0.43555487499049356 0.42566202805775427 0.4536891173730334 0.4576518863970763 0.46398087090065343 0.4534078309879745 0.5034633669067197 0.5382447410509872 0.5625750037487238 0.5777107443706907 0.5530574323456772 0.5799951550020931
0.5951605646067902 0.5762782830063489 0.6157369375751445 0.604768253504441 0.5866871921845158 0.6144299987951549 0.6484863530016791 0.6197003906335726 0.6108067459697085 0.6369801163892271 0.6488542645630637 0.6576095198174868 0.6453113332994086 0.6301212534002094 0.6193552552703481 0.6312001446157103 0.6325458850484384 0.6012926883721816 0.6130529039297551 0.5831989666107941 0.5628363321039123 0.5489237902658773 0.5763680649672717 0.5803719427166923 0.5671063515101142 0.5549416089999907 0.5447968656913135 0.5342416083588927 0.5144579086752292 0.4984727776430672 0.45307638361406105 0.4279746746636899 0.4214238157874932 0.41185191963188067 0.45776117695910346 0.45243851752528574 0.4578424660075706 0.49438285019440514 0.5369709653448684 0.5643738350790666 0.5447656816518316 0.5567912439989554 0.5625187615520855
0.5605940701753209 0.5932323060250548 0.6145330081499317 0.5877132677289187 0.6085425760050512 0.6316675346563075 0.6579086939428005 0.6537205286071914 0.6265803966151314 0.646692836844738 0.6593348958630609 0.6514961674941249 0.6453696253213421 0.6228986180046404 0.607064436298169 0.6312294988948662 0.6378922919236009 0.6119755566752298 0.6183995628612242 0.5920347637190264 0.5278740071004552 0.5649881426182982 0.5842957743019991 0.581272114742827 0.592353369608098 0.5571237980938941 0.5692930522936419 0.5280909000488163 0.5198528744837403 0.520836339053966 0.4651323053891432 0.42511710522429075 0.40899767115079777 0.41683947501343765 0.44623422893545783 0.4483390528220124 0.49833540583651 0.5173572372424194 0.522154986465773 0.5219764384439056 0.5345507551042674 0.5620084255765752 0.6028986627654924
0.5683189551739523 0.5681430741870604 0.570499166010397 0.5771742107221255 0.597717810765496 0.6388177220012713 0.656427023246199 0.6365863716781278 0.6343724099687295 0.6579043373076223 0.6703879473455673 0.6428259801978209 0.620623940409353 0.6211374040946639 0.6063148709790636 0.6442265215620115 0.6069567110786339 0.6049665514623307 0.5988829758207459 0.5604329274737946 0.5748150995073312 0.5510097288875104 0.5778452048660433 0.5530506120328456 0.5618577286214763 0.532136136008624 0.5619841306972896 0.5483371264251008 0.532874587554086 0.5105542548950318 0.4666521710882868 0.4488363099786244 0.43076717297834904 0.43026980711525226 0.44242416734378975 0.4689053528869641 0.4827330987128195 0.4889131774962598 0.5216082869198118 0.5147177772482032 0.529579908227886 0.5412769551774801 0.5807541572676086
0.5502159440839993 0.5561453588817622 0.5803134135645573 0.5683077250179472 0.579147707152332 0.6276966698923007 0.6210096834888664 0.5946764129810882 0.5975398258689503 0.6303545320122266 0.6555236931893812 0.6246815125256321 0.6369894929293584 0.6065227398225005 0.6072599025009408 0.619101732901156 0.6312934461066768 0.5826767182580155 0.5927975687866468 0.5875715277728109 0.5901969609512236 0.5664330928102075 0.5401919986183322 0.5336304619929899 0.5307772394887886 0.5110284739953143 0.5157772397026156 0.5440879139014959 0.5318320763322009 0.5213799886224498 0.47446156632746395 0.44958364885463276 0.42296844137453904 0.4648169250977955 0.48187961726629086 0.4780761129985828 0.4754940543193323 0.4754352774811216 0.49101787329936236 0.4958327523869195 0.5055840354858184 0.5635345060360697 0.5538505885147669
0.5321265746851092 0.5420612201032837 0.5345717249158846 0.5542617080738853 0.5598628574710346 0.5924831556947174 0.5969929574068837 0.6090471790835928 0.6114501248295732 0.5922120536996396 0.6190795935120342 0.6189484018152838 0.6319710909089888 0.6463940248493794 0.6336595743527587 0.6072491356706518 0.6129268782402372 0.5862042997046282 0.5793005244994109 0.5768733514002263 0.5691336238524265 0.5776382546406909 0.5345588268574593 0.5383629002615707 0.5170737897171138 0.5288514017769387 0.5069557696144948 0.5082779776406643 0.4973621361311509 0.5102287650321254 0.4879260544470009 0.45458667724041957 0.433551956774483 0.4350579522901072 0.4974360624185084 0.5073762479066771 0.5116583467206989 0.4960280637119369 0.5036833435821476 0.49663953817525963 0.5501077509900969 0.5695114898298876 0.5625223641172976
0.4938583180146996 0.5169655998976004 0.5194720123959545 0.5395189572614325 0.5736354719624341 0.5522822455420295 0.5475967888018815 0.584858955765788 0.5888528306429619 0.578277505285646 0.6118078402114882 0.6072043923128253 0.6373459351362767 0.618234644196292 0.6316452533267805 0.609849435190919 0.5748856745590027 0.5907259104463919 0.6114246351838989 0.5619273319771076 0.5826524282125923 0.5517996542268572 0.5676960613309808 0.5451181798831495 0.5394393950919575 0.5437008931797017 0.544515443510781 0.5083371279178883 0.4813701165302877 0.486324581040595 0.47909377811677145 0.44497564102488624 0.3535457208925945 0.4418965965268631 0.4872371482359951 0.5008420750864011 0.5162647071342035 0.5233820636982235 0.5069409024542145 0.5475730377482443 0.5628876329617446 0.5878659944731025 0.5810096564297388
0.4635822661624329 0.4944022150058945 0.5270839390862164 0.5242689776926308 0.5442250390940951 0.5268239233596882 0.5374821664851254 0.5561402125018303 0.5656595785703423 0.5789396808671571 0.5890417824415055 0.5840660213150485 0.6063688036916592 0.5888964737138167 0.5939125556029057 0.611852729620598 0.6082733492741026 0.5825325988682455 0.5581079483033535 0.5474396844974292 0.5562267514518144 0.5673308055954381 0.5702018761331892 0.535900636525277 0.5418796357143724 0.5463374717180096 0.5568258876227246 0.5277343502184152 0.5239985610056728 0.49806494819281316 0.4586526895436249 0.44522976538325537 0.41612194444974665 0.4226735073652031 0.47611713759262675 0.49422790880453576 0.5165750603995297 0.5016502211667238 0.5318056285721499 0.538600905009637 0.5297680190826372 0.5497496412076632 0.5631032222006312
0.46768676605807336 0.4685250455495755 0.4823444145435258 0.48824290713737156 0.528471929143354 0.5486656181325701 0.5429297066238348 0.5613937311277492 0.5423065915615431 0.5578160501366498 0.5332722692354112 0.5567225670819591 0.5720000564854261 0.5562713240719867 0.5981962360994979 0.582680261971199 0.5743499792508701 0.5414211885903417 0.547198209305395 0.5410697455123122 0.5158259892631177 0.5428738042193377 0.5176908858040917 0.5336481704547724 0.5670453483663607 0.5458300427278252 0.5398573406345655 0.5633313599394307 0.5324285913145864 0.5027779465935585 0.5019852445634518 0.49882251667602784 0.4681223047520285 0.48206976883205666 0.4497015873949127 0.4747349348279069 0.48690656728841414 0.493190715553488 0.5438666513097862 0.5215930140717737 0.5159715268102832 0.5219577384554487 0.5270278760157813
0.4629753037648687 0.43723427560676986 0.44715877417352334 0.48178926971866404 0.5039221107652789 0.5151176942144373 0.5088863548698034 0.5463663563156973 0.5645287297692505 0.5170858745900888 0.5224646393645183 0.5113238108409841 0.5299960287652538 0.5390588372765992 0.57981175790851 0.5503168748295403 0.5608884895059304 0.5494046002447592 0.5455075588067753 0.5156179697869195 0.509989306643417 0.5217410739840355 0.5203324038202316 0.5468659807419801 0.581594629870004 0.5646499022868581 0.5359663808755791 0.560109049719659 0.5265572064909368 0.5447777071101884 0.5289022543445042 0.5211795534462883 0.5151963801733215 0.5066176669554853 0.4908274467308538 0.47291489854220736 0.5025147375609083 0.5193482140655444 0.5510577391052518 0.5273716843234609 0.5424776634363673 0.5380163091063576 0.5228635705054535
0.4201509118793176 0.43534071206406955 0.42429453877574497 0.45827356618076515 0.4912838951029769 0.4875213864550827 0.515902464081808 0.5576044688281776 0.5719496840717468 0.5208213733305156 0.5112228002712755 0.4990973475927825 0.48829778314362526 0.5418268273575966 0.560109036411782 0.5353088594901512 0.5503890031464709 0.5735072050628223 0.5549029208575998 0.5202206564596301 0.5209162625333795 0.5343918899854332 0.5188140821345151 0.5319153597695532 0.5826264004352568 0.5866969547886087 0.5652783400347892 0.5697502192951595 0.5364763942301921 0.5360796652760574 0.5308678042309612 0.5099655435243393 0.5347181583494884 0.5042565960112124 0.5114604629691499 0.5139921297604595 0.5036275663355391 0.5541542993401701 0.5523679213779457 0.5569730641557282 0.541505546802143 0.5170104201926589 0.47530473893402936
0.4277450428679865 0.40210001839430903 0.42832264230855355 0.46661719993738315 0.48463559311786747 0.4664175238826359 0.4843564468783848 0.5104606987994661 0.5341006215070063 0.5084253287071704 0.4878040026851929 0.48468293429097065 0.4820087480969963 0.5267685074810295 0.555275359331758 0.5470250737339745 0.5615345960845533 0.5616949083528844 0.5228084545579753 0.5244937769812745 0.5249827949154557 0.5293046170855065 0.549379591028391 0.5521582776619016 0.5773388611018572 0.5601954176448519 0.5541139572463515 0.5357873474841969 0.5554335615518831 0.5385583567559495 0.5388151707433103 0.5437274801660676 0.5357551766954969 0.5128376112293334 0.5225638673339624 0.5413584903105578 0.5312975864478029 0.5572976863198709 0.5362291983985044 0.5321430085128468 0.5103273437224426 0.4780195084184638 0.45863244533953396
0.40276130308850533 0.41451752171520484 0.43070922551576524 0.42891350607849915 0.4748163413065437 0.463534806666146 0.47324074888250117 0.48919512119660424 0.4929652996805865 0.5083663625021421 0.5016864722585258 0.5031187749819535 0.5111116572212502 0.4982288608854876 0.5105422973681271 0.5135176000623506 0.536983561036494 0.5135969833922355 0.5321743341049379 0.5328139050663122 0.5290397862277367 0.5406657742712805 0.5406642237622431 0.5566948584065543 0.5567130459741652 0.5391210851697874 0.4924409715766568 0.49958845147936276 0.5433431316552565 0.5300807567814236 0.5468920633254726 0.5298176305910375 0.50872434403234 0.5037678076946787 0.5474422977181235 0.5273243812404723 0.5655289234488514 0.5304012196286754 0.5467807668188744 0.495794618104373 0.49434848080851396 0.5041539125830641 0.49305428717300287
0.37676849981101884 0.3891754943807357 0.41128383307223354 0.4146130659513267 0.4656382496365598 0.4836577331090855 0.4917195056113047 0.5043925085388596 0.4820614065142283 0.48617320031680955 0.5198966040174513 0.5278360643964077 0.5305703508867329 0.5012829847311341 0.48599661957522966 0.47957986173870615 0.47364098163194834 0.4984687895498015 0.5102804233733081 0.5205569984841785 0.5060876208768033 0.5097245052300042 0.5401651773317954 0.5252310956390047 0.5469893633281124 0.49469643020192355 0.502891853254532 0.48464607093356166 0.4953429119110831 0.5346486635281662 0.5247999363541395 0.5302894000941729 0.5231127880180914 0.5145508215046509 0.5409747660743843 0.5173609567503289 0.5442530775586483 0.545773076390747 0.5001750638470279 0.49753066656326367 0.46949007332313153 0.48152246458072134 0.47075878760294065
0.3915324435109296 0.3676144368199969 0.39232092889127196 0.4228680764150511 0.4402611125643227 0.4728229796266541 0.46175690213785336 0.4912721846708203 0.5248635167380995 0.47378021320949115 0.4841091555356964 0.532067000079374 0.5435983220782304 0.5127677688040949 0.4870368748744811 0.4595859855908768 0.4189255035157253 0.4867020466871168 0.5009060231362168 0.5149723360534118 0.5387929963052585 0.4981414824029721 0.4991995788604071 0.542929787909714 0.5250889258425488 0.5101000218222668 0.4609326854601261 0.49245585411581605 0.4803540685412333 0.5026528389539651 0.5249359940360301 0.49168341766647 0.4823646716460047 0.5027680771004903 0.5032579731277741 0.49101703782044787 0.5376635697540383 0.5319418204126509 0.47535196751875375 0.4919616901433299 0.4625312369851279 0.46902324805559104 0.47225258031081097
0.40168106404255477 0.3812809395389322 0.41550522026382275 0.389716192528142 0.39974035911825984 0.45370139881618843 0.44233497254554893 0.4536563470336317 0.4718410787861003 0.48342907106814625 0.5042300809011937 0.5255844094776482 0.5036584937973373 0.4891173752900524 0.47543163765470564 0.46630068384792717 0.44502914054529463 0.481974666424257 0.4929669832539453 0.49714937355488986 0.5346952845018634 0.5368572725586306 0.5518423608056365 0.5299132740175228 0.5019371492028246 0.5078079567010493 0.49657300250257824 0.46240300532667117 0.469499666934013 0.4728415028980575 0.48764610405711056 0.503892375434636 0.49721253897919715 0.47904736880005083 0.5169561616037721 0.498526413411159 0.4915279668275214 0.4927819763996841 0.4461644394138029 0.4660644479447909 0.4411788769289416 0.4428218405329384 0.4347866761378383
0.3896559617877252 0.4021317738051725 0.41147542970994566 0.4098429130019807 0.38437122648525024 0.4142929125417367 0.43715934232726 0.4779856461902758 0.4679066843361461 0.5037351523393361 0.511365667093037 0.5171201335525261 0.4863932486852036 0.450541543599045 0.4496872079081508 0.46403169927988897 0.4848715525339587 0.49286515693461674 0.5028512839487689 0.4982960692212572 0.47441363957455684 0.4927612373299243 0.5490653668722543 0.5122577576560682 0.5214641743859433 0.5145768479990966 0.4850995859700664 0.48651447693124406 0.4611235417525029 0.4694084392998432 0.47758708511617554 0.49666066049968904 0.47999063927307206 0.4976933286044439 0.5070121902459906 0.5115507577320795 0.5079593937818 0.49436997104692065 0.44287404386205115 0.44159706464392107 0.47002786321554346 0.4453319484478756 0.41866144573444153
