Raster_benchmarking/Raster/continuous/raster-18.asc
NCOLS 100
NROWS 100
XLLCORNER 1743168.140402972
YLLCORNER 5469288.691973009
CELLSIZE 10
NODATA_VALUE -9999
[rows 57 to 75 of 100, columns 0 to 42 of 100]
0.5260726462441208 0.529266568657352 0.5692180883372868 0.5609833546893505 0.5484380750552967 0.5636788352717799 0.5417944133554223 0.5575668301589554 0.5817497175152377 0.589737671197309 0.608602194074427 0.6290335579684668 0.6266775922779606 0.6456772957466764 0.6763948631999559 0.7003268398600898 0.6913029339601136 0.700217808738875 0.6862609563076216 0.7264709713456717 0.7312971806557222 0.7129851644561142 0.6938328392387575 0.7210089264494196 0.7011197034259801 0.6777738230999654 0.7014905636875092 0.7113782790371455 0.7508087985136773 0.7070428440598432 0.7231060238116711 0.7040757893535068 0.7118470313354586 0.7368688368789381 0.746259062345307 0.7339781959384828 0.7034332669746124 0.6719636426850033 0.6738094514149936 0.67559388054606 0.6509564768836047 0.6509749640204167 0.6092469217650531
0.5302769558946344 0.5187809355732115 0.5195892920086702 0.5270360766725553 0.5570585598365176 0.5634445269233574 0.5308387569826036 0.55426638375406 0.5854567248096163 0.5823618695922345 0.6012226646719755 0.6201117086933544 0.6325709301446921 0.6527627791999278 0.6821729598796145 0.6807161248044294 0.659944818636602 0.6801610297331984 0.6898931537822409 0.7173051184051767 0.6955073916753134 0.688591725538873 0.6791021853495656 0.6950982360239083 0.6710114037017709 0.6918597303092511 0.698953244185409 0.7168018037468286 0.7149649408599029 0.709145101362553 0.6879884159351785 0.6879151373065273 0.7204007073365082 0.7221562178626176 0.6857162309689837 0.7150349717254864 0.7165592241026899 0.6935152094350286 0.6578928050390673 0.6736092924406609 0.6779629594823906 0.6315970243969254 0.5970861788871005
0.5451565485506769 0.5567040061069114 0.5172171345110923 0.5084743572087277 0.5613061436574804 0.5349357659015085 0.51598233163525 0.5102390463924686 0.5746530907485329 0.6229515946898322 0.6300118303119535 0.6412296613989054 0.6608467463864978 0.6767762098782306 0.663332095451924 0.6416315244647284 0.6431688378684458 0.6274027386010514 0.6370784067528901 0.6711549947455702 0.7048491870153327 0.7102881508085638 0.6769881405361591 0.6669267625796329 0.6763443320796727 0.7005797090036611 0.7063159851811113 0.6989854961975928 0.7048033325497135 0.6918900235879557 0.6719608958379182 0.687313482925072 0.6721257181301544 0.6563120781072896 0.6548469488117229 0.679731192524884 0.691334287413973 0.6917176159454923 0.6432229517958956 0.6658462209600521 0.6520984417954396 0.6475791179049627 0.6223157754078205
0.547672340550574 0.5329866324135748 0.528534080510899 0.5459084340142789 0.5599900023147215 0.533935367444948 0.5345750164996019 0.5620711124378834 0.5654053141857447 0.6112038395039293 0.636601036531537 0.6262758998314881 0.6500247733245561 0.666529063331474 0.6366759334486999 0.6293809466212653 0.6262876799139712 0.6416422282162335 0.6549695306799072 0.6981263075707042 0.7082329220370457 0.6768203006473791 0.6785386230491053 0.6753761337452924 0.6890530153805813 0.6566180038821471 0.6622555819553061 0.6800883605312315 0.6697748640368586 0.705246414594617 0.6797891674972206 0.6653078508174737 0.6681356857748334 0.6286649933554382 0.6235679607846665 0.625401015486043 0.6542678937416514 0.6711771260422366 0.6421851279988158 0.6062760656845996 0.6223481811277316 0.6150630234969049 0.5777211107434933
0.5132713788876945 0.5652261888424301 0.5716003682049657 0.5452651895698597 0.561176090502676 0.5689642823055017 0.6052051916241838 0.617473466000781 0.5993965415408053 0.5872884550934081 0.6008913673654278 0.625868484874607 0.6425341197632948 0.6432915031088294 0.6114523313316902 0.6091886749832763 0.6313842821628293 0.627619835473341 0.6690518701361556 0.6822868294352403 0.6783713245419224 0.706632578522834 0.6802440536308555 0.6494964365572804 0.6506857273791233 0.6512340610311338 0.6738674047625253 0.6842278765871278 0.6803692031177986 0.6970939162893343 0.6997270958009105 0.645289572404101 0.6665435542663245 0.6524489980182071 0.6032756334912125 0.6007451529682892 0.6166673896844133 0.6118485484319286 0.6266952844224724 0.5826381005190775 0.5753822788347972 0.5974152700370557 0.5842733530908343
0.5116123226423392 0.5625428510436163 0.559897555027239 0.5380482386159354 0.5630319264687791 0.5790846012584031 0.6112923435365629 0.6377560584018481 0.6083372700107791 0.6031448697442111 0.6384836287534653 0.6518065866103404 0.6725329490436454 0.6606437799124784 0.6526378457007183 0.6274284001154621 0.6540421975802662 0.62060140167775 0.6512495505364152 0.6658032824651541 0.6826200772482052 0.6968120438384515 0.686092536746015 0.6854344473601808 0.6626129410169971 0.6590875572533799 0.6459945071262281 0.665612449454362 0.6750493756256252 0.6806308361988841 0.6890311959774733 0.6770945485782192 0.6457426353098343 0.6191677635473437 0.6025521786019731 0.6229129431264426 0.6062833938677762 0.5792994446365333 0.5768641854382988 0.5804764091221469 0.542655987609269 0.5661502897128384 0.5601237440838422
0.5183307328655306 0.5479622295062623 0.533683145828153 0.5720661529382618 0.574848580233991 0.5709545321799154 0.6386725443804213 0.6421027724027865 0.6351560257216093 0.6173810356980073 0.6237490300395677 0.6626595113228062 0.6764009994733509 0.6995107506674373 0.6625280813498519 0.6764106602369758 0.6719097018114978 0.6209036981941448 0.611213460087473 0.6598004085916519 0.6735107256913311 0.6924350002689594 0.6738217566032857 0.6686643926654711 0.6308159195511427 0.6425582983690177 0.6222774854560766 0.610119596678455 0.6591627691190933 0.6728117214081665 0.6719185648335435 0.6463855082519141 0.6179908891534669 0.6471515344348131 0.6088953530806589 0.6004731903432852 0.5904824705298427 0.5548371355707585 0.5437927824137949 0.5385449407098742 0.5320670275585625 0.5256371413220562 0.5551841818648816
0.5036178650942008 0.5224832211590588 0.5226545560301008 0.5290309591972626 0.5799042069007371 0.605259968858137 0.6366909864818946 0.6322929588669842 0.6396733730996955 0.6437792592409842 0.6557642720989073 0.6237572788723 0.6461122944772177 0.6768131325029986 0.6579225891191682 0.6483504832465437 0.6587535153838224 0.6401096332360064 0.6005227870515885 0.6368216263226051 0.6432412313133183 0.6514805191374646 0.6581815110848263 0.6542908243527761 0.6384484258084089 0.6488452589301686 0.6210233822446443 0.636841183064551 0.6327224471307157 0.6323582327262843 0.644420408033409 0.6290276581019904 0.6240252064901091 0.6064565799434709 0.5774237014320323 0.5538312039142903 0.5609705630883477 0.5693529205249568 0.5313833196326919 0.558975074173441 0.5344136590118824 0.5368739274164873 0.5324231964362528
0.5155913996552504 0.5021211616983815 0.5114409818815764 0.5325104999730692 0.594283183152949 0.6487784880601817 0.64225091205718 0.6719087402261222 0.6576352566654255 0.6537675222086267 0.645306844070886 0.6263307928175381 0.6192602561144952 0.660179475387068 0.6550567258939994 0.6738028603635124 0.620270501682035 0.606135673668532 0.6106566812834355 0.6044822971908891 0.6305710692393959 0.6407211711765772 0.6379005211122307 0.6362371756518529 0.6188505179743081 0.6201588575563617 0.6363206990778207 0.6344364037430233 0.6148329925481837 0.6445293113880601 0.6652462630966026 0.6413533623717068 0.5907870379637671 0.589938399640131 0.5545650856014509 0.5635084433887423 0.5756315705174856 0.5634054023180693 0.5313615180434361 0.538996557393032 0.55948111311863 0.543377867438771 0.5192351796611853
0.5527930255604399 0.5283670190731756 0.5187933509685715 0.5370007773918286 0.5880730574651297 0.6105616812231937 0.6727547231952987 0.7032787693648618 0.6781459707877149 0.6789936084493784 0.6547626289211954 0.6638288955117401 0.6267210018784951 0.6509616177582493 0.6192355016055959 0.6392272329749705 0.5933244283798463 0.6205751424736735 0.6181821741957475 0.6170179671069848 0.6429445390057834 0.6484780337741284 0.6299454709734499 0.6199083823978546 0.6352523068824659 0.6212537262770659 0.6091992140769608 0.6060301378360051 0.5990878925585282 0.607460453334474 0.6497066065830898 0.6411620551268387 0.6041176924627797 0.614263337158504 0.5778470169318943 0.5687225255360895 0.5809187445987669 0.5963975420701644 0.5610085325168744 0.5760164705707437 0.5452398503732722 0.5212085565798437 0.5086456758637738
0.559440929744473 0.5437805701809808 0.5557504665879099 0.5432450598201343 0.5698367805454684 0.6149694135562473 0.6627624130393124 0.6985941795288519 0.6884908397928737 0.6899399898530434 0.6879552644741982 0.6804549538344659 0.6321005440551983 0.6261315634394731 0.6025438639530892 0.5976310599300306 0.6034743678299394 0.5840603814442357 0.6326601583886023 0.6341133296736944 0.6562798686275755 0.6527533292328175 0.6238342578288077 0.6335624294884357 0.598409450602797 0.5780424738519736 0.5628036140817642 0.5650423133823897 0.6080922932267199 0.6063244591320027 0.6463831000285976 0.6624553952401175 0.6245103399065979 0.6029295858033071 0.5745380697510923 0.6070270583552497 0.6008770636497196 0.6262784012296584 0.5777752634743247 0.6059055174454026 0.5505861647744046 0.5171727546598258 0.48272324544117756
0.5256800614970716 0.5310703610380423 0.5426554818874841 0.5557232299287951 0.5978335303905451 0.6372616959187752 0.6382775830558003 0.7006757874420586 0.6926017193417502 0.6944167765955308 0.6974875805245959 0.6685128136200634 0.625903231884202 0.6251894199183107 0.6179662913603863 0.5846793962221679 0.5989010152042579 0.5992340249149721 0.6363430836692477 0.6572336127443913 0.6436984497392921 0.6550285826554317 0.6434160321571025 0.6108524358323687 0.6228214426633502 0.603767311443102 0.565579518345223 0.556725565275349 0.5758467527391946 0.6086941454085413 0.6003988217197306 0.6228499092496235 0.6277064852327533 0.5903598965532253 0.5964612672748377 0.6165743532996658 0.5875484483435239 0.5993393873650906 0.5889669611606306 0.5695027371287221 0.5430501892746495 0.5260723029277969 0.4775263284613929
0.5365511869025419 0.5772929950533681 0.6002249194743411 0.5968362913713823 0.5866649305522427 0.6249127357678251 0.6410329965640759 0.6828292864150238 0.6870305804175485 0.6749821512826596 0.670437093500104 0.6835529483351441 0.6146535796571349 0.5932399938176226 0.5823472232218786 0.5705147322711263 0.6080582028246438 0.6117084513908407 0.6386501319383077 0.643847799627712 0.6113502715298388 0.6288612286641133 0.6426109507166863 0.6400377781220161 0.6182377053801489 0.6041427051883853 0.6121198966855609 0.6055218573815389 0.6151420436036917 0.6188765782408336 0.5927017218290745 0.5963143878357501 0.6085062654282946 0.5829079846873583 0.6120258685442328 0.6089108014294751 0.5581336695835156 0.5719295386060955 0.5788581093287338 0.5812266437177442 0.5619215394874416 0.5050545773732278 0.4663644113397933
0.5508786638987712 0.571591109795889 0.6120043742755441 0.6154693296534466 0.6024592684383393 0.6356057118735672 0.6217878581638101 0.6660968882633581 0.671376210100602 0.6705440795766224 0.6681569543278122 0.6478638000647503 0.6178356908502383 0.6215744138775785 0.6020017310240856 0.601710333751331 0.5875254138936741 0.6206543458816316 0.5926541270337881 0.6288038814231932 0.6149967442746339 0.6408654809884893 0.6332276632983576 0.6725532144921991 0.6388957153800614 0.6266278722049315 0.6226550892042052 0.6057189357732955 0.6458153129094522 0.6461108558823507 0.6063364610221651 0.5981295267265329 0.6164923994749596 0.590206607144569 0.595407082887842 0.57576112175361 0.5517317814755879 0.5548637247778474 0.5367520290037906 0.5371516293846569 0.5290615652914974 0.48857762700415014 0.43446720247771337
0.5477856526722937 0.5808202583035021 0.5898755187020626 0.6074773110612941 0.5892321499767392 0.6141661031088831 0.6505690758040227 0.6386486124684362 0.6517108969802435 0.6753104300591557 0.6794338964459615 0.6240938613520775 0.6026577396616227 0.5939897563268844 0.609615356709857 0.5731557238779393 0.5931959140332609 0.6169201642832824 0.6048117027914981 0.5906845185580806 0.5917335930127634 0.6159551476077755 0.668208523465997 0.6899936925159412 0.6551191555402223 0.6684783817408306 0.6143882676486859 0.6175997834308647 0.6202696145559152 0.6480186574625537 0.6453796938742768 0.6401107790188423 0.6076834023282913 0.6161807478975463 0.6138404621936937 0.5698243832013388 0.5477279645081142 0.528451037172893 0.5326564874616864 0.5182575601740077 0.5080082941843095 0.4916805546582533 0.4518850920273775
0.5626004113303535 0.5608213244721955 0.5724240446519331 0.5782158058209603 0.6137240717951504 0.6272022119294955 0.6462054206514041 0.6542699557300888 0.6642777973301155 0.6654388887659195 0.6664937037101749 0.6483235980564303 0.6431618084312829 0.6310627095654778 0.6062342681081945 0.6380981094292969 0.6381671188028749 0.6323023926548687 0.6153050695573156 0.6384220426021446 0.6265276958334184 0.6181424185910361 0.6463741386170521 0.6697469446616138 0.6862390069048989 0.6383734805689748 0.5959617796294169 0.5995186843128962 0.6074809430480183 0.5954954808761299 0.6249019981989893 0.6420304592214399 0.6207439828303021 0.5999176655792771 0.6065084916766816 0.5694777564467701 0.5232766110818803 0.48843319262425067 0.4955350071288559 0.5053784833019511 0.513771654914789 0.4581185618573391 0.44926858002592374
0.5988105563429985 0.575445282228157 0.605696402007818 0.6087082125131923 0.6281062299420345 0.6822993693881169 0.6796214694873175 0.6612301507275866 0.646921878694098 0.6660287176484957 0.6681499724405947 0.7036511871851703 0.680461897116367 0.6784254032351744 0.6429596971299105 0.6662578751018048 0.636034732140703 0.634780199980855 0.6450116688823451 0.6606454627543912 0.6364516078880217 0.6606174819613914 0.6367559298079071 0.6798471804046391 0.6432903101787898 0.6206633375301166 0.6147990368603711 0.5689604195700007 0.5540592275375706 0.5724812504687171 0.6193358617336989 0.6391606944663952 0.6279460280594993 0.5890328969919381 0.603986381901359 0.5774454637718895 0.5519934089951809 0.5011893287944165 0.4705486862109826 0.5078247442366617 0.4891845491008914 0.45210621435062653 0.42254632769709227
0.6238221505139416 0.6406125387906656 0.619989943733605 0.6197693847821211 0.6416144520487006 0.6679205405732765 0.6906247512427922 0.7043422099008938 0.6628960314201422 0.6724115231318228 0.6879754334907063 0.7219372713501936 0.7026352970370466 0.7108900859024359 0.6980844167931176 0.682706918951446 0.652025646772513 0.6390390934372268 0.6484937311534459 0.6676555555867918 0.6489294674568262 0.6560283443425173 0.6478415729284647 0.6862191215944398 0.6826933695513421 0.6556724294928347 0.5862248191556689 0.5688889612235708 0.5546585959872593 0.5823690210994106 0.5841612272710882 0.6235207770332815 0.5827455622019982 0.592549065319832 0.5726684960135364 0.5693681870419264 0.5237177779146407 0.47784606451816153 0.4525240087028667 0.44434761000279926 0.4530088925873686 0.4251604244223363 0.4466821044212125
0.6259957271781158 0.6539861467133149 0.658819216535336 0.6640566993564135 0.6485598849447924 0.6880026555095862 0.6945308782254247 0.7312472246927891 0.7046905883981393 0.6803800488163793 0.695459894105461 0.7307070617593957 0.7020846478255802 0.7128697719013772 0.6995190172130712 0.7027790005733997 0.6699669286763631 0.6569152320846204 0.6423546585318757 0.6461576664335952 0.6502682252835842 0.6417347107586343 0.6613419600927399 0.6881050870375773 0.6622358361522894 0.6493773919221247 0.6130127894985459 0.5550365127679421 0.5607912453392752 0.564321223961469 0.6032284989560591 0.6328729123140727 0.5725028081093557 0.5324593869919991 0.5432934785212348 0.5132249848896862 0.48285489072558296 0.45791416933072154 0.4270075472338813 0.40858375421042403 0.4202943702513726 0.38703647616049547 0.3921129887186528
