Raster_benchmarking/Raster/continuous/raster-295.asc
NCOLS 100
NROWS 100
XLLCORNER 1743156.6946476158
YLLCORNER 5469288.75965894
CELLSIZE 10
NODATA_VALUE -9999
[rows 57 to 75 of 100, columns 43 to 85 of 100]
0.7201585059625534 0.7314167959702184 0.7513820363996888 0.7587523620157427 0.7348369422162948 0.7319424399091392 0.715395985180005 0.6889142539140684 0.6865765071602513 0.6720274820614219 0.6765045245177502 0.6646046438077473 0.6383648798122543 0.6079918846469518 0.6030069024929089 0.58877679626928 0.5974729444428167 0.5824279430923588 0.5407949247045237 0.5124788250232108 0.5138251892166972 0.49023334430001 0.500608458330842 0.5253863513849392 0.5284775585971161 0.5808734321903937 0.6106274216934758 0.6140290233890654 0.6428438066422212 0.6237706433299297 0.6352286640894058 0.6361684126554238 0.6148567253411639 0.5935461262525815 0.5810166266419718 0.5769889633115776 0.569097433220586 0.5497515980934052 0.5017730032257832 0.48563249849402984 0.49679789447332845 0.49403077969664927 0.46438192584403404
0.7308942941733156 0.7715037414629218 0.7364093767947821 0.7537123805155397 0.7223305547406715 0.749422254922718 0.7159185853747119 0.6958475884175053 0.6729574923448002 0.6485938429218693 0.6386079440985303 0.6317474076378375 0.6319289097496223 0.6115341984379316 0.6098480735827659 0.620596824676615 0.58591635525577 0.5882842687923685 0.5657268241858979 0.5114568851396945 0.4817042008297112 0.46866080170268354 0.48023498367463036 0.49852927717070555 0.5003414955124741 0.5403423172956037 0.5883025999756957 0.6172077148708475 0.6428021446989298 0.6316444561573383 0.6405277729560022 0.6380244496767119 0.6021267384539256 0.6234630344076278 0.5954541128429593 0.6010169123430534 0.5395528263764523 0.5123065667625605 0.4953140556148415 0.48271725942081267 0.4736280122802245 0.4681313406847635 0.4661861938447271
0.7154754457135073 0.7261331569219913 0.7544086063841173 0.715710709204051 0.7019509799833596 0.6900277457749885 0.6832282097014662 0.6968167620545702 0.6714776873332302 0.652707620630794 0.6500573689891364 0.6509157785467886 0.6560450669996566 0.6610313604527939 0.6523416916919538 0.6164366677929157 0.5920745110325657 0.5815052565702221 0.5451237413593322 0.541169309593193 0.5132718268588287 0.5162532772056838 0.505759229205106 0.5237557445018054 0.5201386561463354 0.5448222014260284 0.5768367605425294 0.6200886916267119 0.6119690524453808 0.6286310209253936 0.6532477965374753 0.6108877918949573 0.6043216014397585 0.6024661887643885 0.5698614584290366 0.5596366350322595 0.5361036157501549 0.5105453568555921 0.4976126046528313 0.4926227173396798 0.4616448027217822 0.48264349653334015 0.484461124372239
0.6862945275731454 0.7309871067649228 0.7304505758585896 0.6931096867643661 0.6937171713878104 0.665034901229179 0.6602358692910182 0.6532721810452935 0.6312848911850636 0.6165954940585192 0.6502640771736321 0.6644174308286862 0.673035378418865 0.6542311440863812 0.6356349301311676 0.6390654462214013 0.5978151029749336 0.6082861065430829 0.5673348758985296 0.546434858421793 0.5341000794889718 0.5019176814854582 0.5098762059446545 0.5084369384757899 0.5250911172705992 0.5784105964151002 0.603626354784097 0.6138706770966135 0.6261582944620708 0.6463760866968955 0.6600810654994932 0.6329231428511589 0.5891335079403544 0.5762584798199397 0.5941821524886013 0.560891224404552 0.5529564565484969 0.4988672842071883 0.48924511961451395 0.47788536360802897 0.47595509822733734 0.46697826911440754 0.4728047724255114
0.6698437273126183 0.6814968230370777 0.7004260634524555 0.7061702543475248 0.6736824494633576 0.6767072160906795 0.6609810756309297 0.664414186033454 0.659638140065203 0.6419650224564138 0.6628264317373346 0.6477959536756741 0.6693445527063577 0.6634170446440224 0.6315277108407681 0.6320340233328213 0.6214387470926027 0.5936523556775188 0.5678641681377277 0.5477352136633733 0.563572367065748 0.5505345538024743 0.5298905753876288 0.5457831650457217 0.5505583212778761 0.5900263913555915 0.605111611899691 0.6183768387794035 0.6285185712468124 0.6288261463568624 0.6387595368329967 0.6091706026901107 0.5862979955122194 0.6062230147122563 0.5889369078750949 0.5523506045553637 0.5291477245825983 0.5079204924462242 0.4696841083074909 0.4884988177942693 0.4552431140351089 0.48666663267921184 0.4903538644496889
0.6485392375082173 0.6788287991774188 0.6772585863509802 0.6982155190221325 0.6851926463684338 0.678951815369386 0.6875088004938281 0.6590204168207808 0.6475090630246799 0.6375450828721604 0.6485305759679308 0.668220511885978 0.6503910845748778 0.6652099115627086 0.6372587200555346 0.5937000793584716 0.6087111710998223 0.5640062057964773 0.5912451522359305 0.5741542367900502 0.5715362049033559 0.5558354490540356 0.5452662183065874 0.5318149446857235 0.5644725368238084 0.5756966150814011 0.6022626682526332 0.5749555385397448 0.6262864092091533 0.6232057021323355 0.6235420448082878 0.5790404953617001 0.5744944031107954 0.6102275400629069 0.605813186399323 0.5657618013960779 0.5452538812464036 0.4820722554294683 0.48870200661012536 0.5014798630150095 0.45911434181104027 0.4620361968115182 0.48508278597255183
0.63458095531168 0.6695645777613831 0.6617020766221791 0.6744747687479454 0.676792168250507 0.6871283706078241 0.6949441722302828 0.699202981057448 0.6598171186428994 0.643715191137167 0.6508767976744835 0.680448492650236 0.6655250666647429 0.6781408457899429 0.6418265733657018 0.6198953487629701 0.5891974356510483 0.6158929339472669 0.6070718186990207 0.5858451472847668 0.5940370417106423 0.5968645652369605 0.5929817273272158 0.5776129332030755 0.6103058974698364 0.6200907047525201 0.5785563564863236 0.5691735285795658 0.6055693964627483 0.6039753263078044 0.6257738528787832 0.5921347350463768 0.6056168500791742 0.6063189922168416 0.5859263719357252 0.5624387880738358 0.5251305561879984 0.5105677176094808 0.4726977208785836 0.4907861282464253 0.4883181102691404 0.4640234688215959 0.4933632934639278
0.6155395781499027 0.6277827636447677 0.6535643876049522 0.7057711922557018 0.6773179500293097 0.6761037841014937 0.6671048404274639 0.6979485764038091 0.6728316182024496 0.6320960609748671 0.6418735931506893 0.674409989695923 0.667028029673446 0.688210562396273 0.6706352478289752 0.6441008976215014 0.6312770134782077 0.6388458274313826 0.6128036596990191 0.6301862557025314 0.590182864112401 0.5853442405714304 0.6148367723373372 0.6289732275117571 0.6309695950290503 0.6371679174395875 0.5953169674644492 0.6016451183326397 0.6111722246830031 0.6321655568987805 0.6188263743313007 0.587315243269543 0.5736804593123945 0.566695290490036 0.5836469805507795 0.5729198872825344 0.5436145566993021 0.48374644386402443 0.48018115276875273 0.48455431418246125 0.485061921872505 0.48308216191516545 0.48687432530745456
0.6085658525093663 0.6218731718881053 0.6402953582413571 0.6735373385342416 0.67145734496326 0.6925777970695236 0.659243831701216 0.6490727447708446 0.6696481199560955 0.644153009983039 0.655476292576316 0.7064350316841951 0.7073238100712003 0.6908180278768906 0.6877763626962807 0.6758452460621456 0.6476794908565081 0.6654869092784423 0.6178469661968699 0.5919518321952316 0.5973524735490515 0.6053458298114328 0.6122006587986099 0.6449328270320653 0.6231251384089916 0.625725122958877 0.6054310149306404 0.6241380772758017 0.5924413710162315 0.5827647467484212 0.5991158618414717 0.5886950072618472 0.5888238910467606 0.5810906585966334 0.5584744713394192 0.5572148692541011 0.5307594326831913 0.49382302273612966 0.49150263745145906 0.4814160183878243 0.5126551200276623 0.5088251042535371 0.45408084645487096
0.6299073632607222 0.6237785685865093 0.612937070609621 0.6576848862453196 0.6892513086130624 0.6966503875631548 0.6859063308839631 0.6425373275102436 0.631459091003233 0.645942394779915 0.6769037354246211 0.7025610032090982 0.7144649505989435 0.6981141563004434 0.7031709234050052 0.6868545837778948 0.6529203542459091 0.6703968114830752 0.6485850662077645 0.6097491645713803 0.618791656019401 0.6224170116973144 0.6424477502305234 0.6492091567632545 0.6215231791645837 0.6293745275051057 0.618381757432979 0.6135812310935235 0.6067763280823553 0.5749312673403785 0.6026907988026816 0.5935211763600158 0.616130827296428 0.5845517431676345 0.5647371517391492 0.5734663863048995 0.5237727749492548 0.5044917837918865 0.48942291346677014 0.5197808602279578 0.5081146564319726 0.4999514826335454 0.4833928215096198
0.6152933607891777 0.5940139225435671 0.6020727766307244 0.6306367831294627 0.666539581639164 0.6604334267220938 0.6862262698518419 0.643138920455972 0.6500983735139084 0.6618234631864027 0.6513733249173798 0.6700584081743938 0.6961057534586658 0.6943742441685509 0.7011680822825591 0.678865053415927 0.6595258647877194 0.6709588306531732 0.6353101178954692 0.6062768421274065 0.6065271939174647 0.6272872075906778 0.6224433970031884 0.637102170185728 0.646131754763883 0.6509118303511812 0.6133444583505342 0.627597332985819 0.6084542740096711 0.5991455446853572 0.5820063690024618 0.5864390087210617 0.6121566366100023 0.5944480231020248 0.5981364633342703 0.5864892223278135 0.5263123986426242 0.49244474463731464 0.5012668795438295 0.47380931149701794 0.4711113813037413 0.46830545695861553 0.4780014631116121
0.5849277383730648 0.5830794276846909 0.598391678951988 0.6100027921497664 0.6267821199558221 0.6636507384544864 0.6459533017525508 0.6604125475293208 0.6540014455216078 0.6746013865632882 0.6447434386050904 0.6474654926140746 0.664029226168532 0.6737360694048072 0.681062110144177 0.6653020359546538 0.6608540895823327 0.6514862113896117 0.6174280529111136 0.6007296819148288 0.5837148681299994 0.5824824350194515 0.6183635250517261 0.6391303431881282 0.6300976375832128 0.6554642943255534 0.6217637386500363 0.6209574004482473 0.5910256994786902 0.5931498814978825 0.5978883850764787 0.6079159363129996 0.6013809524959486 0.6226725032264129 0.5799367329345954 0.5687776016287928 0.5430868632132991 0.4942274396607956 0.47012084536168197 0.44847152502108545 0.433698830215841 0.45192898535542175 0.45495432664546
0.5793128948001592 0.5910928011533022 0.5802315925716294 0.568318633119393 0.5999070402318215 0.6047807589386234 0.6282538958581522 0.6627055522106426 0.6441229965702833 0.6583575053080343 0.6491171091550386 0.641619456698201 0.6631218570966779 0.6926834512070134 0.6825406849606023 0.6315149040740085 0.6478388481685272 0.6305863861217225 0.6311307060226996 0.6263285063615666 0.5999822586979286 0.6094228625342238 0.6003052607924727 0.6041360826967441 0.6221407930795229 0.6005775612286792 0.6188349544973764 0.6117618338052907 0.5802848368601103 0.5690262138733428 0.5735886190368416 0.5843662909803314 0.6045270419086604 0.6120279495256348 0.5805473396799375 0.5524380970581095 0.5193734066820255 0.4858137559523218 0.49011400543151284 0.44673178622280696 0.4446372835843091 0.45054858993957275 0.42385115877113616
0.6096915084976061 0.579404978144949 0.572153749383504 0.5674678271778703 0.5949547803429733 0.6041614660599046 0.6171644092365669 0.6350958238016853 0.6391050749590947 0.6463139874376087 0.651064115685883 0.6592538022401384 0.687744381533431 0.6888396255546018 0.6604767455157302 0.6154588138955385 0.6472288665210985 0.608090689060786 0.6328279252893971 0.6298948209086144 0.6136646544158766 0.5892635177365769 0.593542396133838 0.5653701041336755 0.575004537812126 0.5897331279357594 0.5802759695290365 0.5909972147128558 0.5976915777520081 0.5512371540972831 0.5775540000865386 0.6122300372091484 0.5929439603593757 0.6103391551568857 0.5911658551096475 0.5299083176434011 0.5325063042993384 0.46623449760843505 0.5062059734518459 0.4842849572830996 0.46461741479092544 0.412072527658912 0.38983825772633013
0.5926393269475533 0.5738622952431943 0.5723941535086425 0.6016099169608888 0.6005585664688192 0.6127764988222127 0.5840764952536656 0.6103559881494879 0.5895921155315237 0.5792577491502405 0.600048493872688 0.6298671862277897 0.6616755649442666 0.6428140556899918 0.6319018081512079 0.640858381946592 0.6295550233300534 0.5980027041165487 0.6030930339029054 0.6328748297749551 0.6162897736628865 0.6086870771906046 0.5741863844080303 0.5544904060469861 0.5661384745972462 0.5492033455279944 0.5726898310320458 0.5819769728910543 0.6063732889258917 0.5713361005922064 0.5660927613779392 0.5746891589293865 0.6091855703356219 0.5939285202430263 0.5901597760561921 0.547586861117346 0.538665630862978 0.5237123660164034 0.5153043210755202 0.4703485147604344 0.46146571119385926 0.4220018044991158 0.38714023006160236
0.5820874608409042 0.5761599477365297 0.593672693853824 0.5924366879726484 0.570648289271437 0.5952444328895423 0.5687615866891903 0.5739998706192075 0.5572077872441636 0.5597786649340016 0.5605416757385292 0.601227071684295 0.6314363186839937 0.6429365150159515 0.609707182877015 0.635730309970882 0.5999437284732276 0.585284446789123 0.60947883752494 0.6123154400206121 0.595868530419927 0.5959506991845509 0.5990765400357776 0.5701729131248708 0.5600475323098554 0.5492100299632272 0.5946054806420368 0.6063501501151554 0.6188233158069077 0.5986898366141331 0.5761640312415904 0.5731425518313337 0.5883465004315938 0.5942057983955796 0.5911788131784455 0.5870109596044502 0.5555398840087389 0.5473825677505219 0.5088572838885613 0.48008513412489345 0.47426203622633595 0.44716094913038484 0.39264461037328097
0.6033050031351465 0.5980770229780673 0.6039580823402376 0.5999827414541988 0.556406104768933 0.5290407435372447 0.5284735032848451 0.5390788142026393 0.5438710389572758 0.5245630761961408 0.5394785246949508 0.5896124574445947 0.5931880957974754 0.6196960979044863 0.6038769171211695 0.5954673417510555 0.6044324928555168 0.5956903457970066 0.6177174922062924 0.6060118721039676 0.6178792179579621 0.6309587318251192 0.6018968079232995 0.5937901202393343 0.570356119698969 0.5449101400218945 0.5799672334642041 0.606646475476338 0.6157589268648702 0.6110088526247321 0.586091382672741 0.5869625878716113 0.5818842679529996 0.5767424996040803 0.583274460530974 0.570194745587674 0.5511020330716618 0.5613460185343062 0.5495120034631529 0.4942908179175857 0.49475293010081095 0.47871653781795204 0.42371314474639704
0.5678523207015602 0.5786649449771344 0.5676425087737457 0.5806649028803414 0.5330490285625629 0.511715453550341 0.5260673203099976 0.5203136983902207 0.5228642247560633 0.5392629552862798 0.5426207427676377 0.5405782087720807 0.5737004190830663 0.5685074018572303 0.600263911863913 0.5684199036456908 0.5687279572961117 0.6002786758376905 0.6170245438792428 0.6103484983619463 0.6379355986287181 0.6576037316325183 0.6282911231310044 0.6031393431722514 0.5763027620869772 0.5560740806194865 0.5985875425794545 0.6095530981271033 0.5915259864541749 0.5814243190203915 0.5848407257858573 0.5459105922435286 0.5766053332558398 0.5728093078287612 0.5464744837014749 0.5353390520542477 0.5387212481160698 0.5744071254687794 0.5643916542350903 0.5307249446235812 0.5037375176391774 0.5015096968148519 0.4466201288484632
0.5674615320988341 0.5865272311133564 0.57360262284 0.5646362465451882 0.548753282441387 0.5410323547005577 0.5329578597121399 0.5425767960009927 0.5260830221610889 0.5367293300567975 0.5519837028364987 0.5555305514430462 0.5476151795566113 0.5459284699612628 0.5870758124729331 0.5779706633619384 0.5679108837026297 0.6076283429518117 0.588538190126048 0.6071508359901908 0.6170631221098015 0.6239867466856077 0.6166737876550357 0.605529265200907 0.5773825291002503 0.5580758167084934 0.5956562137591572 0.5888624576591664 0.5923382812081851 0.5832133132190275 0.5761740466244178 0.5566990127091167 0.5395164580898382 0.5616194453573446 0.536255386557948 0.5358583055985442 0.5314199813227871 0.5408866552005437 0.5324623800996181 0.5247029099059595 0.5219741287315551 0.4801750312542263 0.44652404550610764
