Raster_benchmarking/Raster/continuous/raster-417.asc
NCOLS 100
NROWS 100
XLLCORNER 1743158.939962752
YLLCORNER 5469286.43623475
CELLSIZE 10
NODATA_VALUE -9999
[rows 57 to 75 of 100, columns 0 to 42 of 100]
0.16871744717604525 0.14593177495753368 0.14360832089080897 0.13831296376126306 0.1976578981576208 0.18425607589702028 0.19402789528895376 0.21899483499394207 0.17427572087465154 0.1968869862556088 0.22991796863090214 0.27342039234676674 0.31553402196001923 0.33585033079223386 0.35961040937468636 0.37230848696338625 0.3640221058902206 0.44466379178333715 0.47633741369048643 0.5139460441535573 0.4910446851528363 0.5162195258760057 0.5590358576933799 0.5431022343497457 0.5210998936214861 0.4999769061425736 0.5143900592634406 0.553183241486273 0.5995870469257443 0.6314900278920006 0.5775312884305017 0.59767199028749 0.6103918280433229 0.5594407223700579 0.5197482080537014 0.5454310756647066 0.569802214422785 0.608438362997898 0.6627876490270953 0.649867426997395 0.6732032722776461 0.6987049950108393 0.6829650677499542
0.12908530594360743 0.15672632615741905 0.10847830201757243 0.15932254017811887 0.1418669585907692 0.16177411722589644 0.24410962595386484 0.22042410784532834 0.16351922092020937 0.18143582273648143 0.24369374139203143 0.3054367796627991 0.2827451292568303 0.3059988102539471 0.36896069072430243 0.3859411938184364 0.36829208705423017 0.4501587211052276 0.5079226857634804 0.49980974509543546 0.5520104674646498 0.5629651194006107 0.5404454899437221 0.5229135485792129 0.49583735286553143 0.4995045977205798 0.5240480967976132 0.5662802609914218 0.6206307699399497 0.5890234758223025 0.5803516421048435 0.5885017101664338 0.6552022431148364 0.5585850660872378 0.5428983061974477 0.5281236592526052 0.5757743546577424 0.6097491486515385 0.6362285233114285 0.6715413132257236 0.6916155684052915 0.6829093605321319 0.7003413930853747
0.16104920774859258 0.15376726885584396 0.13020489164857052 0.13244647072845472 0.2072376179621683 0.20214181183127805 0.2689531005254129 0.2508120424206584 0.2706951528544173 0.24483803993115652 0.27899212845590987 0.2977133579338788 0.2685729755761842 0.307263083758838 0.3478549818494028 0.3598571268525786 0.3705706508519545 0.4357095242177071 0.5266870170172483 0.5563843159615327 0.5280211504147759 0.5361624474308619 0.4946637224326203 0.5027470127799312 0.5234150831202473 0.5496821218287518 0.5850657842113561 0.5851268396928853 0.5667913920044493 0.5528651194391604 0.551925955481482 0.5763606867770192 0.586896821459883 0.6009905956487422 0.579842403580034 0.5770775580462014 0.6193704207465809 0.6255809147808321 0.6106609635738259 0.6246232708371134 0.6903128691840718 0.7151411837261115 0.722136722797201
0.17031840679846855 0.1735561137251415 0.1627820753392965 0.20246657895974993 0.23581027315324113 0.24194387863784514 0.2504847005553715 0.26046329901433607 0.32651727474853726 0.3390605156670092 0.3204778359938597 0.31797666611350567 0.30567859758415233 0.3341387759645317 0.3512616014307749 0.34326943749164973 0.4038415079164276 0.4378348323410643 0.5267564130298812 0.5334678585193313 0.5618143993632546 0.5084293037419871 0.5025484366578348 0.5446593296346482 0.5437386390055053 0.5361434322652828 0.5937020501975315 0.5676755768357977 0.5489421621730907 0.5751482755436211 0.5573269892441383 0.5498928372112494 0.5953006136717182 0.5633218701205001 0.5824300298091281 0.5810366900046339 0.5728528776526488 0.5742615744610424 0.5921622840656902 0.6250489422987809 0.6843861342986581 0.694986229336796 0.709346039835071
0.14350057570571653 0.14803337246008585 0.16697080605229989 0.20746156529753523 0.2572014622547293 0.23032079330364885 0.2749194536582447 0.31009453532010073 0.31622680114357754 0.3258681028648817 0.31321262223067764 0.3424055121791832 0.35402071748390745 0.3430849100041043 0.38340260846036045 0.39292419872815226 0.40928664598748293 0.4460843246128297 0.45138060526545043 0.4821100116471171 0.5122718092260368 0.48921255323716467 0.4896468470823312 0.4930022894836957 0.5524389632157154 0.5437777930629725 0.5568531381501725 0.5230635339065957 0.5238281557072104 0.5656227531364791 0.5866342577465822 0.5872153288224718 0.5567150646116725 0.5521116376769593 0.5638086743578459 0.6129414036564796 0.589957111576079 0.6378225180704781 0.6512578848423042 0.678005813316951 0.6548911463067353 0.6702778594573265 0.6967989139866324
0.08422362497344071 0.17396077481970018 0.19984243009703093 0.19773680385030645 0.23071676526492838 0.2878096876239777 0.3320317949027959 0.35962581852744097 0.36523619346348374 0.33659639298759253 0.33777702552252425 0.36846444528683747 0.382964967655293 0.3550008500872893 0.3346230401480972 0.3980491654247348 0.43494318063946025 0.4031566708440613 0.4391081449358461 0.5095906911103041 0.5205533144956388 0.5273652178002509 0.49176883530931426 0.526011577026816 0.5540018074527732 0.533161582428898 0.5791491439224151 0.5494898700895229 0.5030470163720387 0.5472884607898277 0.5665161366547349 0.5694427786218563 0.5761213949991735 0.5872656939568934 0.5898888840654422 0.6263485459970213 0.6219308967322074 0.6527469640128809 0.6311759040779877 0.6502574527086298 0.7072725115247099 0.6624140622855351 0.6408568490561377
0.07423628975368879 0.14491029715947848 0.1766037086822539 0.24179434622158805 0.23476146618133575 0.28327534250291986 0.31320756689738416 0.3364895274975022 0.2936603283984006 0.3200720179556342 0.31584998786842944 0.3495719632024634 0.3717490707562833 0.36394882437500226 0.37743136105775643 0.331679101186609 0.3643311881037264 0.41231298107826536 0.42835150092700275 0.4733368696714563 0.4960813294167671 0.4721962544672209 0.5213398572243584 0.5081407338194714 0.5784672215739605 0.5802956520169292 0.5457780552428014 0.5477474603397525 0.5400334950873039 0.5562627236926015 0.6081680753687427 0.6083290651020343 0.579602481858067 0.5893504456626161 0.6357570810612422 0.6244617551883026 0.5828094035884273 0.5886041741837472 0.6192703756588359 0.6539315810402027 0.6262615348840094 0.6548862167010211 0.6153308506718411
0.09587580752641872 0.14016494374882382 0.15676364504922405 0.2341363268709359 0.26001594157817587 0.23609466761643516 0.25634284303475263 0.30298893449562747 0.2540248426250781 0.28494262674198767 0.34003977871804636 0.33866239596158937 0.3423281450803956 0.3441773125437461 0.3578409243981028 0.3399501928698613 0.3290987489546341 0.3751363436797669 0.42146755258316043 0.4344383657553634 0.4132128002631172 0.46032055055270343 0.4759919497849068 0.5483680277644137 0.5753222604259823 0.5523843043757494 0.541230112990503 0.5642903061504223 0.5511541797302983 0.5930342973719933 0.5796993730923953 0.6046134612613389 0.6158324718135716 0.6279751798896326 0.6828070848476343 0.6217579567984745 0.5974716159372656 0.5537600873708769 0.5916623243703084 0.6140359334554484 0.6046406467862705 0.659146350775602 0.6352852053832297
0.17409346281863888 0.15942390712021232 0.207642085694415 0.20205880763834902 0.22267026845914525 0.2764475138850401 0.25555824972998126 0.2669211808688149 0.25167071858930135 0.2790107057493978 0.2753267964809911 0.3149144692335814 0.33006706727011953 0.2995079342836342 0.3213808513310848 0.33165955421111826 0.31671459735142826 0.36454869167767334 0.38958182183797757 0.40434920694475396 0.42898866363091886 0.43701203447858916 0.4913608641139785 0.5071928912289559 0.5263808393257005 0.5341776702679838 0.5088398985027183 0.5354330313539436 0.5765535360845269 0.6110514120718769 0.6442265984656667 0.6549074504115255 0.6473625952871914 0.6739709856564483 0.6502555033132638 0.6602182313842366 0.602158491374517 0.5579222330587933 0.5414474239216945 0.5444029049688676 0.5819224270709286 0.6161839630696524 0.6254298824856703
0.18366482468963952 0.18771169706403587 0.24173811146926316 0.23021883174497793 0.272052602966614 0.2658444754618426 0.28949244660961754 0.27296487592221397 0.24012458130599199 0.2968750304058622 0.27949591250379374 0.31736161067011776 0.26315919052952436 0.2965850029083861 0.34371098967789676 0.3196535302715242 0.2726802413469998 0.31700916455080635 0.3279302003402033 0.3206063865794129 0.3515068629466501 0.40716388934752046 0.5212770501896551 0.5202386956956332 0.5783457488788406 0.5759323893690189 0.5218971791219884 0.5280004010522903 0.5957667005890482 0.601326001574021 0.6136856540486876 0.6437570213674734 0.6978738544733686 0.6381742973873453 0.6368911179016538 0.6127396922235628 0.6097194670488005 0.5663306547361593 0.5544123784196437 0.5600670303659049 0.5394916982625413 0.6029706274238246 0.6148571537051241
0.20849691300148848 0.18391275181205197 0.23700580682674297 0.25557445582192423 0.22715871084783412 0.2802525993878883 0.26149298848379976 0.30047070259698033 0.26891397525516647 0.2706818629339901 0.28517034919216117 0.2816706485562566 0.27595051407782784 0.27447965100205124 0.30291085836231263 0.3008584714531172 0.28124437684353853 0.2835054065810306 0.3325678267402414 0.3001166484821776 0.317766024898856 0.38448588435891146 0.4542262004236023 0.5336385251301685 0.5683626719609647 0.5408904813651914 0.5040487956938012 0.533251044363441 0.5899200248934564 0.6204155011572584 0.5896303840863145 0.6301214451103367 0.6786762413830199 0.6638715165885304 0.6472977825473649 0.6332066185939125 0.6139619810992768 0.5688204504332058 0.5376811477869323 0.5330202144677598 0.5305879492012346 0.5857700504086467 0.5956815999953707
0.19136727882641863 0.19053599118073955 0.2020560041462944 0.2117915006002257 0.2091396516546099 0.29108758304027993 0.3143776338702883 0.3433734880123598 0.3286873395377817 0.27875713313131784 0.24304743749988744 0.2701596142007922 0.30758232665917146 0.3379063920425248 0.3162474947587001 0.3326173320727099 0.2812396246108733 0.2539138449103721 0.3071666667824545 0.3167138720245649 0.3056718772302438 0.382635637559118 0.4642711791584957 0.5368878053970115 0.5616418414081452 0.5249868409266426 0.518727987937361 0.5609488728751986 0.6057898012599389 0.6044104892976813 0.6196041136232862 0.6755035127684694 0.6812834390879938 0.6409568176819791 0.6400925259851786 0.6293347571984554 0.6161550318179249 0.5916104266060941 0.5846725582217845 0.5566748086314242 0.5820610758725975 0.5693848616229386 0.565755476375269
0.17778688626504502 0.21093401191811822 0.1939862302217039 0.23724797706923953 0.2306732560533052 0.29894148605356685 0.29522061522112986 0.3341262338698947 0.2949814369079817 0.3048293577679114 0.24496543102428295 0.2742341548401323 0.32845221866457147 0.3562902099417312 0.34407113766591807 0.3170288479473946 0.3026901520384664 0.2658916584458131 0.32495011635865045 0.3018294888075265 0.34086990598767036 0.40797143441853934 0.4419164081007032 0.5172054131454596 0.5277855393133477 0.5705398919831801 0.5220262638499685 0.5440511526497911 0.6113196552200186 0.635465154271435 0.6677825851273059 0.6735588639940489 0.6632554591551607 0.6345295854050832 0.6441117486776037 0.6341406709563823 0.6062309999919371 0.5472151074470504 0.5764106736987661 0.550721143432559 0.5342571278699205 0.5202852208593495 0.5342555675544822
0.200041801328881 0.2247804973619989 0.22427348201349104 0.2593782736897559 0.2755913031807222 0.26493034052904624 0.2826680297011692 0.27158363978985905 0.28658157111425353 0.3104864018347971 0.2759874354540244 0.33178111154403095 0.36209920968502857 0.3106531672755825 0.3300706536602282 0.31593049792384265 0.23174112853190396 0.27691684888154583 0.31061435622118905 0.3449009571026826 0.3308785052887565 0.38996819268619937 0.43647084157239285 0.5503115994408038 0.5717539214722832 0.6050570644136629 0.5742523871198323 0.5100136768259306 0.5382616280650692 0.6096205700658 0.6669539424496785 0.6785335900553894 0.6947458008763633 0.6513456855862265 0.622917043965875 0.5972535034490036 0.5290424241753832 0.5615587395687872 0.563179591997374 0.5281735479315546 0.47446422650140474 0.48567701584721434 0.48463744367879724
0.27076696753445006 0.2791592645904011 0.2919237579072521 0.31547333013332257 0.305120677972951 0.306433808667511 0.2649455458425857 0.2681834932665931 0.26536755034002774 0.26013648415714546 0.32004634311202734 0.31922898309892783 0.30239796823522547 0.2972921640456414 0.31785134647819824 0.2844415561297573 0.2790766400466296 0.3223650668936038 0.35871536197938425 0.3678990459682105 0.41140107526442254 0.4358441851189814 0.5103222621516633 0.5374441545315444 0.587303048041743 0.5717293472368568 0.5443107173090883 0.5126980420735778 0.5252374721231085 0.5782871973941072 0.6023667980252002 0.6469515742376172 0.6106457930041802 0.5697588715439537 0.5597753247087721 0.5614311820374874 0.5540039326478067 0.5639591807954732 0.5210290105853539 0.5000423025924923 0.4738671268264111 0.5130411404574993 0.5117437651109272
0.3031599905161589 0.26083948983548155 0.29085082672944323 0.33639830999517234 0.3494270782204371 0.3320310195071416 0.29076388866455266 0.27077131016087774 0.2691510531358564 0.2981298978179016 0.29251387201180906 0.30793503281800866 0.2812121734508301 0.316394399889221 0.32617680751189293 0.34536433742997885 0.3013719863134174 0.33873442360075684 0.3430431505876495 0.3741278535757766 0.4031622179304423 0.428240819030397 0.5214838831844553 0.5046895522207298 0.536142551443707 0.5021220863933525 0.5028472018072845 0.5140704821822332 0.5398260301934025 0.5954582634157096 0.6212909088353601 0.6022728322459711 0.5333513519469697 0.5566810735854942 0.5252553868375943 0.5464807310184879 0.5199843830940248 0.5196113892132904 0.5331553680541281 0.5147197295962 0.45730357763989243 0.44954899573309076 0.49736853234687894
0.26639508371798615 0.26309018718574423 0.2792216396262316 0.2904597503984676 0.3528771672768788 0.3471864395262038 0.3472606236987232 0.3252735006931472 0.33696270614231316 0.33805353173340236 0.3107221802080842 0.29386166049312573 0.3039566154578173 0.32982360533226524 0.35671248616153506 0.3407675608809431 0.36437777945709665 0.35464138942707996 0.35692896979533567 0.3604391631737245 0.4305859164468793 0.4679038080412169 0.5381247504764091 0.5551971235235359 0.508037223516841 0.5206975363709674 0.5381376461947096 0.561577954106328 0.5912505240565366 0.5867838449129666 0.5474736535795224 0.5319399610324417 0.4923063259298939 0.5012285632141504 0.5328113929747902 0.5386020979841977 0.5174156787681604 0.4819248822167113 0.47361128716786005 0.45975797187895406 0.4668701687581873 0.46290803504871314 0.46914070442371675
0.27554694617945297 0.28007053110788904 0.27268285730805913 0.2700668074343306 0.3507204530232487 0.3445646137135821 0.33390644132556285 0.29214564664388887 0.3181506834188363 0.30928626040303053 0.3524493476724838 0.3084516174632982 0.2867538601074183 0.32712618761814005 0.34406036095518944 0.35884646220460725 0.34865259988819974 0.3892874892892213 0.3486363356552778 0.39643006043058737 0.47132024610506834 0.4657959209805955 0.5405332849400521 0.5290063773412484 0.49148807666617195 0.5170401346659901 0.5854612493952231 0.5987247083327261 0.6410402665266612 0.5951414112005582 0.5584170093618783 0.5563308229153753 0.4998310669498037 0.4839830983757217 0.5012563857796032 0.5090278672213832 0.5273292273990559 0.4569871727899663 0.46263527215153144 0.495259463053672 0.5221380231904363 0.4873992525247104 0.39392999647183474
0.3351138072740696 0.33592939715669595 0.31173479014474276 0.2964160816892032 0.37602344794373366 0.3727803805847728 0.36029227154700705 0.30992346250525227 0.3197546112241711 0.3436627189292704 0.35430972539542005 0.3082638063998435 0.3161756553530138 0.3382445543624124 0.2967811261126686 0.31886577115620074 0.36520223477619335 0.36833693102549053 0.3724635466822208 0.42549797349159474 0.4888450566944566 0.5118345126259353 0.5468077843597904 0.5073452741707266 0.5090016303034871 0.5232770672423627 0.5685859437123347 0.5695592913253419 0.6302842164568881 0.6196663941025046 0.5710385106602999 0.4995082107980476 0.4854349529904562 0.4939574487510887 0.5432864944961261 0.5453166412102435 0.46917064276462067 0.4504548833058157 0.4219537342560978 0.47609855868221707 0.49335052152170705 0.4389847297859269 0.3924835147934967
