Raster_benchmarking/Raster/continuous/raster-106.asc
NCOLS 100
NROWS 100
XLLCORNER 1743154.3948533516
YLLCORNER 5469290.419947216
CELLSIZE 10
NODATA_VALUE -9999
[rows 38 to 56 of 100, columns 0 to 41 of 100]
0.47927726489627914 0.45729567265439325 0.46990536758264856 0.44629631613874243 0.4287466241530718 0.4502692834829331 0.4052672504041905 0.3700007426336429 0.3786021176308512 0.38897052650947184 0.37039336013242874 0.3473800303352051 0.3438721664557051 0.3601600498484188 0.3331709947889292 0.3288948354204132 0.3420309643651004 0.3592924171226227 0.3233923401769192 0.2995332668930965 0.31753248321838534 0.33274932308637106 0.3422450381654592 0.33262325804472814 0.36630923513229713 0.33498991529654104 0.30879690758201683 0.3036439448954957 0.3207687674849012 0.32676250042453353 0.37087182211628583 0.3480009959635779 0.33717294106506435 0.35714613258865663 0.31903677241850464 0.3016831632066781 0.3429337944875017 0.33503417745469516 0.3549296603886949 0.3309006517075021 0.34474992407053723 0.3282156289485802
0.47721769880494613 0.44338952015306593 0.43568437524194686 0.42146735624690346 0.4221506576142469 0.42806897861645676 0.38645350459788147 0.40589652860727693 0.3760506743031738 0.34852498854110053 0.3425482024020897 0.3299837328460047 0.31951191118108246 0.34274437596713003 0.33816223654405414 0.36607199558327347 0.3551394568869727 0.32771353605261716 0.32905694398610263 0.3336487658864326 0.34228358868714714 0.3589237047383944 0.33856877127298657 0.36242752271333445 0.3565271905546551 0.33475705122629307 0.2846139221634348 0.2761891114135721 0.3190148240396682 0.3383151244222472 0.3703208560901777 0.3430181832048082 0.34580044494181217 0.35334370632485 0.3379974601433109 0.3152396647563093 0.31632450193056594 0.34102368991029064 0.3262114080390334 0.33123071992372616 0.3276603164652731 0.31020220762935286
0.46841265864058246 0.43964376933627003 0.4365094633157256 0.41924629023977505 0.41165925685687266 0.41610832553374333 0.39292469755362114 0.37245568795856326 0.3444999935434544 0.34423296421995436 0.3242286421084711 0.3337329430381572 0.3393384059234756 0.32516265313822645 0.33735916807569144 0.37097578564664374 0.3609185498915246 0.36703753901437314 0.3590334373490619 0.3393726836070751 0.3660453356992688 0.35016748774570466 0.33084173166175745 0.35171211401788177 0.34451429251617355 0.3144748864090758 0.29372592713622814 0.28552158865306815 0.28294170815945796 0.3129788409124842 0.34047810540978274 0.31901446432501446 0.329363030418357 0.3386254575881583 0.31161738169974695 0.3028908742091099 0.308253222921867 0.32158723318270643 0.27871732014136086 0.29778940660339764 0.27188709763299973 0.26680281558064756
0.4580135469829133 0.4527408701793906 0.4281878010304953 0.41623267151967497 0.3790234403887927 0.37142265546758657 0.35056322340187074 0.34635409554833796 0.3402093596620809 0.3568369510445876 0.3089906271655976 0.2803045503799265 0.31435036992902027 0.32266469242756884 0.31661969441920634 0.3312854251460707 0.3359262573054869 0.3655314859815154 0.38234616014068085 0.35977261840905395 0.33505952727000426 0.3240772101718218 0.3551009131362682 0.3617693617853854 0.3447632502306102 0.3113872384413862 0.2948405396695617 0.2529846647722876 0.25291095680012343 0.28208894883931906 0.2900942894482843 0.32896392748936537 0.3302634708292398 0.2947117250706326 0.29353656343673873 0.3503177350197589 0.31401609077478265 0.2744343028208909 0.2814800525354111 0.2363579559455093 0.27125232198797405 0.2705474249443827
0.4300362973983136 0.41698909885641844 0.4268059472323768 0.3911809907976225 0.39646632283009786 0.3795183192963961 0.35895937251271676 0.3613283195255428 0.33768152855864375 0.32558637338571256 0.3128505402506935 0.28125176358003734 0.2778167635286859 0.2826736876003887 0.314881873749286 0.3138152970857683 0.33453245351344424 0.35429059599412577 0.3668632913504442 0.37230011276331715 0.3655158039573334 0.33877713132428977 0.3541431259083315 0.3547836663472562 0.3429814795334344 0.31533594924668096 0.28752977914180444 0.23798732720305726 0.2593825760812812 0.2433618930676989 0.26612381868423074 0.292408311533006 0.2818323090368584 0.31090465979215026 0.29726599517626195 0.3070289410043481 0.2767046737662333 0.2930663656741841 0.2546874546940807 0.25196490893757034 0.23249837601694903 0.2352407116315274
0.4149258595016577 0.4279693353750309 0.42495337936744954 0.37710964288932264 0.40463169055275405 0.3660175716867386 0.35613411010962975 0.34969576398143437 0.32666492879205994 0.3345604831708637 0.29631018991648006 0.2515879144249793 0.2849913504408157 0.26410027876904973 0.28194563843357867 0.27649215492354484 0.3284505095831596 0.32932480847382634 0.3421270069290595 0.3411663210433262 0.36533316406747907 0.3500964510607348 0.33320606055064417 0.3640094393585765 0.33784041113178415 0.28439924836108627 0.24187902253402208 0.2351163101711274 0.2616306158722921 0.24531405635126668 0.24184161056470127 0.2677622783301269 0.28354531538885486 0.2915746208217811 0.2688990710066106 0.2849811792279466 0.26296024893049647 0.2870869237316945 0.26448878399041714 0.225896237046096 0.23331001958556988 0.19508208854229211
0.43154425263227286 0.4025738928698754 0.39936527692103146 0.4016628552711731 0.39837318984415393 0.39357159744912007 0.38144431299679005 0.3540007413444935 0.34332941704336534 0.33983351147502955 0.29244264028311595 0.2708745631567881 0.2797884749702623 0.2531605412971605 0.2552611083708603 0.2681302098615981 0.2906154115507631 0.3128760160825055 0.2927019473245201 0.28988975466304273 0.32610147343017 0.3363426737893021 0.32928581084858016 0.32064164476269236 0.3276586965446176 0.2729836422833078 0.24532789575080943 0.24305950112490138 0.2249608923496428 0.22385979128967698 0.2532804999293472 0.23705178584694309 0.24416168590869616 0.27877723682627215 0.26442705996662424 0.23845342404794684 0.23937389251907062 0.27271713118457375 0.25506661357194094 0.24821673081889956 0.2427967232837662 0.21992611912536136
0.42399366360077084 0.43189252359676505 0.43232304719650544 0.4337278304682729 0.42348043487246256 0.3716999889828797 0.3812291068235543 0.3582814013179904 0.33315569209744883 0.3185059170522036 0.3000327601601649 0.26595449558963086 0.28842317612010476 0.28835003820036287 0.2834604611810954 0.2787347158032493 0.2918051061689727 0.29145765699971576 0.2695279001457203 0.25430000695141225 0.28769877460501486 0.296241228510542 0.3036824724492801 0.30767352093446493 0.292557069640296 0.27342908542587846 0.26433701572135454 0.24452972077888507 0.21016861797437225 0.19825089861426698 0.22861010350007854 0.2115201607503588 0.20812251618878827 0.24765002200642344 0.22276140123025212 0.19140767063994857 0.20557284462903816 0.2647807513783967 0.26146451296543005 0.23353071943760237 0.22960070827345672 0.2363798374601468
0.4364445378867531 0.39544368032339816 0.418804939790101 0.42206454956294737 0.411531184350743 0.37819655789833634 0.3401750075297089 0.3643657654713984 0.33410306865626765 0.30489244457452414 0.293853225307656 0.2662140244223254 0.2836540125780789 0.2509093339290003 0.2553066446951916 0.2527596413197621 0.24429922381666308 0.2690472550599231 0.2637520784856671 0.2666835562564137 0.2509903217516703 0.2592535023031594 0.2783930520924036 0.28294492258928516 0.2955416337740567 0.25586378255772496 0.23257658124590064 0.21287308563967486 0.21516100646754754 0.19034033331616312 0.21645371924421863 0.224369970939738 0.19751108292115727 0.22868177660770375 0.2060952789152681 0.18299549900622641 0.19912747908369074 0.22474403613572344 0.2326779376931908 0.23960243216808133 0.24006667313631475 0.20757071600020185
0.4049219043033731 0.37945448538275234 0.3684887535839311 0.4003867282260986 0.3635641550125397 0.354421178122114 0.30876680362551734 0.3390373540664315 0.3076255235688354 0.2767803346697905 0.2703996305962265 0.26263002556383297 0.2493926700078549 0.2617139809013301 0.2504339801569662 0.20724719187285712 0.2350179862562862 0.23174027608411485 0.26281929478234517 0.2815672918468649 0.2829061943939597 0.231861582064791 0.2669194535477322 0.2631959514502588 0.2743767002220046 0.25247641801222354 0.23408685366244936 0.22081789140368646 0.2227782837123962 0.22059678899101973 0.2021027768642722 0.19470101928567046 0.19320188124981513 0.2098034533667176 0.20308796869047946 0.205618270034709 0.19215429676490345 0.22439241652167025 0.2059252563391385 0.22724058894712273 0.20152594335727575 0.19217760094692304
0.40180521103159283 0.37040030919227507 0.36240369344741286 0.3429430868009992 0.33751431337474075 0.3337071218346296 0.2880225635716237 0.2879022002496519 0.2587437705874568 0.24690096172296175 0.2202069264934623 0.22174515675065345 0.23948328013299142 0.21851352490828163 0.1906982169574419 0.17964816760893332 0.1903123987259617 0.23996821303522461 0.27062239222265705 0.2876262788378315 0.28100484121960434 0.2453656117323752 0.22849372983577582 0.26107095111282935 0.23746232725204328 0.1874388470926928 0.16348856369867362 0.18020599863391057 0.17366608857789703 0.15538260845716356 0.16787439373935845 0.18071402816596757 0.18534275510369547 0.1989820692930454 0.2094803960311242 0.19366173529270278 0.21015552444447358 0.22297507432421637 0.19033523286030543 0.1889404056995262 0.19958428815629284 0.18106806833091446
0.39461964231830765 0.3786558079265506 0.3523592023726578 0.30129800809573476 0.3226157959686797 0.30445463868462874 0.26028354310807345 0.22661924452959198 0.22613267689878197 0.19353315470389235 0.22085632475867956 0.18650746897582787 0.22042471068741762 0.17583445491931782 0.1622617943089789 0.16358866618861387 0.227446374628613 0.24904008508521744 0.2742799574551892 0.2725832752346945 0.24833128768470397 0.2517242866756517 0.2471591355314623 0.23768600445936636 0.19249383400884137 0.1550201278215767 0.12155164277712348 0.11114206523719619 0.12560877771208429 0.1379297439681056 0.1390069022720423 0.1699592178496948 0.16070158116247169 0.20314007659319458 0.17082788535991963 0.15443036242527075 0.17350226140979397 0.18296723419386668 0.17690497902021915 0.16854969991910576 0.15187977933086091 0.13575383969313068
0.36325456296581005 0.36377085122856995 0.30948439443737813 0.28587780227382803 0.30382941855122786 0.27527458240989455 0.25828181207427736 0.2725133893947619 0.24883035124310465 0.21048939224036983 0.19325422643005147 0.19097421092409644 0.19609069766508708 0.1888143600026427 0.18480498625957176 0.18665952145173592 0.22164572468312635 0.22744126410333634 0.24705891650353834 0.23541942120229079 0.22827190031498007 0.21906765955320126 0.21623865402234832 0.20917495522107202 0.1822084323766041 0.16324536256203037 0.130703381099724 0.14153677146796784 0.118861938037083 0.1080533127101539 0.14448679388767555 0.16144628371893247 0.1498952695019037 0.15204341840689914 0.18687270339800352 0.16609410389841628 0.17432473632667658 0.164082516898645 0.1549612832856517 0.15506480400208497 0.1178218805460609 0.10230172561431343
0.3603707206604257 0.33701737199853493 0.28790030439145087 0.2838617994111786 0.27493143319817187 0.26897022793603176 0.25744878547214795 0.2770734004074471 0.22476143084417424 0.21996523754410643 0.20011512542570328 0.22028325298128365 0.18334266260571067 0.1699348491373357 0.1535922766712857 0.19367997795568215 0.18610002723077823 0.19204134725780492 0.1790946679187659 0.22153894636083024 0.22443740476701463 0.22946518291885346 0.2361673869468362 0.22844056301372165 0.1870448142482817 0.17091099912287244 0.17494783944491885 0.14427303610713085 0.1074764079295714 0.11698667099222543 0.12330526043515151 0.15084758607800738 0.13335798861921488 0.15585514120242455 0.18925732611413246 0.1580793731490561 0.16885341877849597 0.16878610846741574 0.13547520183762865 0.09804922330997215 0.0884838081197647 0.08306680412724661
0.326572054467455 0.30883879974890327 0.29478552151881104 0.2921338555428119 0.2532719768070755 0.2679893384243629 0.24270943693990052 0.2584068509995479 0.22151179775195537 0.22201122025357203 0.1897119591674301 0.19294859615121693 0.17914999865533665 0.1523383167153987 0.14535871768812023 0.12873979543083014 0.14332542958108324 0.14787439572098965 0.14295591609249728 0.18082022699156877 0.17445277308522153 0.18646089595976953 0.22249582540795715 0.20205912990718194 0.2047065891742851 0.210733968292099 0.18438509642369744 0.1519444857604943 0.13143056960322566 0.1453887747331236 0.14141652633950333 0.1463778526909488 0.15409525457866532 0.13889304343832728 0.17171336731071546 0.15566478812499113 0.13860884261850473 0.12783904147868574 0.11590638101048453 0.09742564353435271 0.06447870928340894 0.06729209931591527
0.3282952948627965 0.3093250188146626 0.3004378244278818 0.24662691450391536 0.22995410219238047 0.22813078607874845 0.2554514200731887 0.2476777073213494 0.23633104506468972 0.2208797963155855 0.2038354063585085 0.155537536749951 0.15910163569925817 0.158009245387511 0.13577694246666427 0.10819609040736641 0.11802710650957995 0.11652605305987282 0.13268967325363504 0.11513397190387556 0.14907528180787172 0.18841998551094633 0.20241088305822935 0.17841350447841248 0.1711314857429055 0.1933629523395459 0.19300086181337542 0.1834208294259528 0.16644040651621111 0.12310051030459651 0.1449351234872383 0.15231562374576024 0.14513335221520607 0.1506119751025168 0.16972786846765656 0.1455990924847406 0.16003804527941187 0.15382672194386274 0.12855629327039256 0.05709165683295117 0.08508884085485056 0.07925836724889941
0.3105122944321521 0.3004356937395914 0.2798810700385633 0.23834426426093006 0.243254599437816 0.20641376428086824 0.2292403109664246 0.20385804941919938 0.2102232461221297 0.1867730064290123 0.19240847128901026 0.15951398905952077 0.14363790661090728 0.11837277516679956 0.13496551322677663 0.13485723442413564 0.12431621883305502 0.13328306334360593 0.11809213097548305 0.13509061270249956 0.1295254687942224 0.1513267150850713 0.18483286438242466 0.18957138078327887 0.16910765196594837 0.18687424956174642 0.18635986086800355 0.16262253006246 0.17490075947917877 0.14085169127468902 0.13671928602306602 0.1177346015064789 0.15688684132181124 0.12310042650692625 0.1452386416724533 0.11352958320919466 0.12154161421219593 0.11603100334011633 0.11585467341123856 0.11013926948713909 0.09349638941429135 0.07072863398019572
0.2910570593112403 0.2825010775822758 0.25784913985540125 0.26865747259351747 0.24551379256293848 0.17956303079243807 0.19323768782943773 0.18805636004953702 0.17587869815127918 0.1454348951729834 0.1537675756168562 0.1584130648162061 0.12578989300306492 0.11522155908753481 0.12413083765657573 0.11251546798490222 0.11143762183264122 0.09471792262870636 0.09300598531225673 0.1086034659489167 0.13125517663117325 0.17036435335051914 0.20232300472293616 0.1962574205682631 0.17909143875725295 0.19727323246052128 0.2025846724936354 0.18771610177109854 0.20044144252098772 0.1666308213918416 0.15999523960282902 0.11519676600434492 0.13867903954924632 0.12527770101916572 0.1469666204964887 0.12070438204523681 0.10553963363064889 0.11923946662593089 0.11358733411479005 0.09412385879066106 0.07467484057406079 0.06832478082570978
0.28431002342957973 0.28565356417207616 0.25380161067351187 0.2475980709394697 0.20302080042140963 0.17122749008250643 0.17811062332267083 0.1512020104314239 0.12662486916787988 0.14683140682639703 0.14127490001485957 0.13125959158245312 0.10939869385741467 0.11645512822400203 0.0981093233837698 0.1250214438128741 0.11033568510676163 0.09555004211989851 0.09311696549169961 0.11383469503266676 0.1573392549707608 0.15993987910163157 0.19873497247332886 0.20963082560713397 0.21168063403531676 0.1831030819480779 0.17593127751125825 0.17469595867474402 0.18745830776270844 0.1862617959921641 0.15809110405360016 0.14117115069218883 0.1436883755792472 0.15528438259629332 0.1446932631659356 0.11461072381421081 0.1358845562978061 0.1412481487146402 0.10492823223012249 0.09997644349923969 0.10199146367761959 0.05971494361676636
