Raster_benchmarking/Raster/continuous/raster-107.asc
NCOLS 100
NROWS 100
XLLCORNER 1743151.0643609457
YLLCORNER 5469293.991462234
CELLSIZE 10
NODATA_VALUE -9999
[rows 38 to 56 of 100, columns 0 to 42 of 100]
0.7073337441293519 0.6880471170019693 0.626682367196923 0.6083994933128525 0.6085094968949729 0.6064618594125225 0.6285741451908781 0.6480449283382475 0.6386410590492906 0.6450921550296933 0.6277952425593929 0.59410809502497 0.577839790356601 0.5449110086251111 0.5587690400327644 0.5667819420029374 0.5736102056626668 0.5424990156561496 0.520938711233602 0.49472296506440105 0.43291524243486706 0.4173765527426508 0.44248407896441 0.4025221461968271 0.3776853276223852 0.3976462722467741 0.3868000408081268 0.3765128919777683 0.3171604558942455 0.3017364327610695 0.33560133290365024 0.30788152883052067 0.2721813356397498 0.27554495161155335 0.26920431712184945 0.24809134873214822 0.22860419350823138 0.22633401851741256 0.2646850450056181 0.2420112664557586 0.28161903281926637 0.23269953420848294 0.20980487507134635
0.6942793112032992 0.6870269846145944 0.6354280623596646 0.6306317295232313 0.6081727907114127 0.6336535821213622 0.6395209847403394 0.6613095252740312 0.6441319904584699 0.6571120708577456 0.6434158769582872 0.5946513777041843 0.5938079549919657 0.5498870136543953 0.5570808125799086 0.5388752801704642 0.5556601174228024 0.5339544037735646 0.4932733923775687 0.4611399414901888 0.4491461462731369 0.44881383691769056 0.44239605078363337 0.42218571295205676 0.40274725425977637 0.3723468970879748 0.37404130921107676 0.3923146494677911 0.35047805540331495 0.34466735903304635 0.3003973189194133 0.2806789019775031 0.2874539980938899 0.27424115730367193 0.22234078238821026 0.218232727595585 0.2257188553837458 0.1956476047425191 0.2331913775182665 0.24828195463092892 0.27497589683620777 0.2590839339944081 0.23537549040322536
0.6924283431471727 0.6833229611520664 0.6840140852144052 0.6680577098626314 0.658817554338822 0.6593104066800685 0.6635827032821299 0.7042186692786837 0.7136506334613492 0.6885606924760083 0.6444950581649389 0.6159492662117021 0.5972089967166131 0.5998816828073112 0.5520244426151458 0.5638183271753306 0.5694944610573943 0.5204017892327054 0.533286034646837 0.45669811816508743 0.4320650325709198 0.4325379301480792 0.4122820302533913 0.3753368639354913 0.3765775937393427 0.3649414337896627 0.4022480201701414 0.38476154221911085 0.3716664761118456 0.3522862743738737 0.2772100570814315 0.248804507196943 0.264990224584331 0.2536177973566484 0.20469580247073962 0.22916499163526924 0.18229445346538103 0.2035137246266149 0.19652916348916033 0.23596567025943058 0.26358920773307193 0.2416082632114111 0.2651877829923079
0.6796436575379097 0.6655760176321786 0.6883973017805397 0.702570627231422 0.7130671119065408 0.6840462518731236 0.7169977793735326 0.6986706989814375 0.7007479816425313 0.6846312127533427 0.6661004346228211 0.6350713715092124 0.6438815408838002 0.6165806560379766 0.5670347680157418 0.5432705771289884 0.5344645541660302 0.5070387535662947 0.4841675132379484 0.4482161251097951 0.4123233314413322 0.420525074869699 0.3723051265097175 0.3652805405929351 0.36597485546523906 0.3809681625029861 0.3757814511763315 0.3436158732508736 0.3596323019093494 0.3211764395880595 0.27309441371299426 0.26429958162765915 0.24121949495630124 0.26392333850139527 0.22189238841820455 0.21323431700318773 0.2046738408981027 0.2209963011401281 0.21401827286983685 0.21163689944439207 0.25326958799106847 0.22513891163443842 0.20868100988548344
0.6599921100189621 0.6656776616251705 0.7139694399722195 0.7120432854891302 0.7392821774557663 0.7493804795629089 0.7465048118995481 0.7151274034756658 0.7051047555006207 0.7088323693919724 0.682577497976673 0.648250627971374 0.6637326700089073 0.5981667106125766 0.5786415095395006 0.5749745883239672 0.5343467904799053 0.5145752407217038 0.47620629861002284 0.42945542504158823 0.4329846023686793 0.39780073614357814 0.35407395723307356 0.35682239745179767 0.32288832135620094 0.34537983789855875 0.327459916324468 0.3309119517307029 0.351985201893549 0.3095546018827114 0.28264047532596576 0.2565023421802651 0.25364239911014624 0.2396458393505479 0.23878062255321178 0.21932869927189813 0.21829508911650805 0.22416493404968085 0.2125244015331528 0.22590210838587715 0.24114135783452792 0.21206623185908358 0.2222851486563543
0.6492448614803233 0.6980144959571911 0.7156496365418937 0.717329989728667 0.7531706262354154 0.7348236376818238 0.7476228720232208 0.7230896158179605 0.7199221186458175 0.7082552280929986 0.6672493852321267 0.6816366096098919 0.6716691571758034 0.6137819024731191 0.5951956668768003 0.5685493714446248 0.5140084783764922 0.5125169656499755 0.4560035971729461 0.42565168649569146 0.4019221558540847 0.40152105810239985 0.37601248327761105 0.3477735513925078 0.34658537674890677 0.3344567760890745 0.3095485248771061 0.33992961951574485 0.314859811023985 0.2849351287235071 0.2719924268954061 0.29691428725298824 0.2673254001374766 0.2904147254874329 0.26871087945992395 0.27288641359695354 0.24567482913095814 0.24013486261180178 0.24711340858470038 0.25443471353044117 0.2182737663934722 0.2131694983495639 0.26132195516607576
0.6602224988873545 0.6686742736221349 0.6948802994485688 0.7483315395726019 0.7545884528537264 0.752025828108511 0.7600816410925533 0.7091952635405732 0.6965943038314504 0.6676425538335428 0.6536537429730882 0.6689982214618353 0.6652264234747977 0.6194890595499576 0.6015479744681188 0.5640922785838168 0.5139867482890311 0.5102190883962004 0.44439522931748104 0.4343581429582644 0.4114338463905755 0.4040546615846602 0.40597899748259536 0.3934469938463141 0.3576168598381014 0.33046547344541627 0.31258505847955154 0.31553720891640064 0.3184639691678655 0.31823617860137815 0.2836992326886056 0.29077212990751644 0.2910197007342423 0.29433783275559616 0.3294706513296663 0.3085321325998105 0.3085741367465781 0.2927827504583037 0.26986562106302414 0.22050582632237253 0.1984720104679178 0.20856794953289776 0.2789950749860306
0.7139919264063527 0.7154890911329357 0.7459877462190444 0.7453341849953762 0.7781098466663062 0.7845457555927987 0.7466641854344822 0.7362373773554504 0.7397420694069246 0.7102725203657875 0.667074852932922 0.6496205094139164 0.6667174573943074 0.6565724460436221 0.6472537983068264 0.5954993793814548 0.5585160567235252 0.4890512380292412 0.46850830207184574 0.4548372231144467 0.4226793068627324 0.44327817439807354 0.41850644466342624 0.3993262889635201 0.4005494369133414 0.38488506145731194 0.3591110104397343 0.32029072917234896 0.3212623815249415 0.34455063329715035 0.33306721182801513 0.32779218997351034 0.3306427489380477 0.3571829097512178 0.34597491277860165 0.3478335159808723 0.3305043397511257 0.2890016946966203 0.2818308009774551 0.23363170893234333 0.20478365951043193 0.23626250807132715 0.2805037645329436
0.7216595642904349 0.716674245450237 0.7693822730919867 0.7769065511112672 0.7934955852099135 0.7930804837020786 0.7756381420573819 0.7680708892380345 0.7255474312139718 0.7215605840734808 0.7202405987738754 0.6691244990406806 0.6548884276571794 0.6328089928914749 0.63887293235189 0.5885455976352174 0.5750872431443194 0.4970670481621332 0.4612489003269948 0.47852061443013255 0.47603121754448696 0.42953833893332444 0.42741720932082394 0.41879508776130436 0.43995125696973203 0.437721183979387 0.40088129557140834 0.363356653034735 0.3422527016009642 0.37163675992376227 0.37312027538343073 0.3687193598382432 0.38013058624794216 0.39144593522011095 0.339486810734628 0.3361388832087999 0.31898201253390085 0.304369845827504 0.27538174872189225 0.29002467493039563 0.24024243405329798 0.2801099131291066 0.29080499082256345
0.7203682799303365 0.7518772883202886 0.7887817425152379 0.8010124076936516 0.7997278622426925 0.7655189887226838 0.752596340670632 0.7591698381630786 0.7343248514750346 0.7225776624469334 0.6867261466132693 0.6674974905041722 0.6510197077744893 0.6466050039165545 0.6248392909576423 0.5809828867228589 0.5451553537585174 0.505161701307657 0.46654434851540144 0.45481111518020756 0.46526483721070233 0.45730739437572937 0.4214028482982481 0.4297199093520761 0.43608455582798406 0.45849499452052117 0.41952416186034264 0.41415371222618524 0.40011503289085815 0.3726257156264383 0.4094352370334457 0.3848308401321729 0.3704778582667003 0.3917180796898252 0.35972016589264705 0.36354791289770855 0.35494336583543734 0.3070258787225925 0.30953624531484175 0.3297650241703926 0.295776924234858 0.3273281420690193 0.30610689813265585
0.7838653665654074 0.78366293974844 0.7934527570946327 0.783362055212196 0.7719610658887874 0.7679712538971979 0.7250437091923503 0.7217045894804274 0.7344779150594974 0.6986895195175624 0.6786507200467158 0.6491002872399018 0.656524830732453 0.6460304116056208 0.6114184050680337 0.5912609071968611 0.5855696320815167 0.5285174332378044 0.4930441677429335 0.48629429258746093 0.4455095045822933 0.4726278533398971 0.43399855187346675 0.4506369260723786 0.4489715948433078 0.4672155044359119 0.46175355406195284 0.423283777839355 0.37788535274527824 0.3882153925955969 0.44502163367049175 0.4116914006326946 0.4122022365432389 0.3894908987825035 0.3734297661003251 0.38650292114080365 0.35200540530560975 0.3498966669270474 0.3609571569570704 0.36364216227289525 0.3498217020600346 0.37313400429291044 0.3475412582467423
0.7779967551795927 0.8024372535249169 0.7870493603353906 0.8022657438080388 0.7676596616124615 0.7619696062256576 0.7564330587548701 0.7445778978168055 0.7514902589377912 0.6953737738193309 0.7022787521665811 0.6763402818004692 0.6355769682307312 0.6223357540124846 0.6132023785917836 0.6081288795483745 0.5793856276956294 0.539160484145698 0.5102015827549525 0.47448826071732103 0.4671697754698133 0.4742017063629499 0.4733944239094205 0.5098977478201566 0.5060068721011625 0.47941846772035274 0.46626336729520396 0.4812093626593606 0.4253686382297281 0.4395644441080976 0.4616135850002935 0.4397008572026278 0.4267820047856045 0.42710524982884424 0.39381233521922454 0.38339721923244807 0.3741312288385472 0.3923597768073244 0.40300034792436906 0.39092456577271373 0.3677247489081486 0.3760688460026794 0.3546473309699621
0.7964129756832762 0.7687347476622051 0.7663424659960538 0.7934937902895224 0.7946540612499359 0.7790066387662148 0.7261047111896297 0.7323540563539551 0.7383222707196234 0.7430170927131681 0.7259026706491755 0.7057957874645222 0.6411596889229972 0.6076955038480694 0.6275960586672533 0.6085510428506106 0.5648616554687098 0.5682251210414413 0.5384449983654693 0.5121280392227049 0.503897788549867 0.5112104474902394 0.5550999782267877 0.5131284062764581 0.5234861402398485 0.5515620168636516 0.5351491495613354 0.5211337130455 0.4611129297659347 0.45877917506537935 0.4590232276196663 0.47075594619065536 0.4672274890607749 0.4461942466334238 0.44702941321751405 0.39607347681889565 0.3926531617388648 0.39482916075273594 0.41653077797753074 0.3883360707841335 0.39305326234580346 0.3598161021007226 0.36434033666855853
0.7780995977122054 0.7464754745641159 0.7727634829228955 0.794730796840513 0.7905844592862203 0.7656379447733899 0.7699095368050879 0.7493818216447811 0.7428077446457017 0.7440063972537766 0.6971064414809249 0.6814839708451076 0.6643319157111284 0.6320150145175191 0.6364532067586167 0.6084361029042782 0.5821959004257244 0.560113526910011 0.5879243289596806 0.5765270163015687 0.5705413415394848 0.5483608439807847 0.5649857208601614 0.5571353976335579 0.5909630896542448 0.5898588361540769 0.5697049807814539 0.5299810091445113 0.5289270389804508 0.521660193457571 0.4930313192386914 0.5250804781545374 0.47992997700746093 0.4915911870789286 0.4448451801950415 0.4584608704852704 0.425015373516082 0.4124507074559256 0.42311338602259124 0.4324643559536306 0.4311434545753056 0.40313951581376356 0.4202688004187821
0.721779521044049 0.7725064530912923 0.784638974566289 0.8082794066503477 0.7756284655871173 0.7910632791346076 0.7814571583024712 0.7523814686193117 0.7821875578058043 0.761082427526396 0.7055000459490934 0.7226670168667063 0.7045191114291325 0.6714852507140187 0.613660020678243 0.584071378003304 0.5791768316016263 0.5681571303281078 0.5883484078052469 0.6067278673067852 0.5834106140473332 0.5624511290662549 0.6175855582778025 0.6038637509122127 0.607050048394102 0.5856586662932635 0.598966058385809 0.5892593607643083 0.5527068511037331 0.5418075831054512 0.5555212180430873 0.5237066354300532 0.5281077845591675 0.5281680207570489 0.4625654037213284 0.49272241514561294 0.4762969294488947 0.4731506845575587 0.4615908173524875 0.45486659664863965 0.4169068254649165 0.44724966444970243 0.4349036249081025
0.7562773220970835 0.7515404056753198 0.7969090766873049 0.7967347658237195 0.7936075614228676 0.7899862851332838 0.8049085503926932 0.7682535295329374 0.7783346613296188 0.7513021589306879 0.7488757855865036 0.7125131972221862 0.7165082890542002 0.6794559817175135 0.645449714255238 0.6091113165355044 0.6072397343337161 0.6071360450335083 0.5868224618489386 0.5882005068898531 0.5982020733009117 0.5976849701656396 0.5874316846872506 0.6105266090768235 0.6059475469543436 0.6067201061671037 0.5734663369194617 0.5834711502023366 0.5819836514700606 0.5959451878226658 0.5997752646681561 0.5621094668523503 0.5416505567297017 0.5520094433562691 0.5076826615310791 0.5241459080478573 0.5298137313285485 0.5193061080268216 0.4945339812256275 0.4804045648959178 0.4793023232074778 0.4748042133122188 0.4611900829265245
0.7800543286752659 0.7979326849963387 0.7958495364506981 0.7836595315244564 0.7601800293027576 0.7688969280356257 0.8090995722130945 0.7589297251344987 0.7402155046985942 0.7272587542253506 0.7292183538333151 0.7183824116558032 0.6787240005718946 0.6843186788014085 0.6763824958849417 0.6454443877139272 0.6066708416160321 0.6186871896995632 0.6532107505543507 0.6404459157079053 0.5863505389976662 0.6039856681681417 0.5896999971345492 0.626117566331199 0.5965788974634134 0.5812775917526266 0.598073636845979 0.6061479009415711 0.5726137990768041 0.6023824993921827 0.6103129925065132 0.6076264118644715 0.583835039575384 0.5780313233050395 0.5512792607650354 0.5569629937964644 0.5745673720758173 0.531530065290851 0.5383488728507781 0.5144624555952833 0.4916008009682524 0.47206414523804974 0.4607276715628857
0.7796788250597028 0.8192392697753902 0.7728622269080591 0.75282237653071 0.7629136279285583 0.7598661424045343 0.8019855698771043 0.782748897257035 0.7718329504222613 0.7332068338419933 0.7317564351892912 0.7135324417153389 0.6702429012462242 0.6647825043258812 0.6548045710741093 0.6662937102707008 0.6681772327873691 0.6461469898439363 0.635418213511253 0.6446252933205993 0.6068128291146473 0.6397936658528086 0.6351400319551812 0.6353327287660396 0.6098783225276626 0.5972666975569453 0.6017981721763215 0.6270181771110709 0.6137650021769067 0.6355152604726612 0.6021704344418704 0.5949692932360869 0.5797251906240541 0.5900791504897737 0.587847232429425 0.5608192686998816 0.5579348763427784 0.5652369740876689 0.537676732487511 0.5020317821736193 0.4741250141029919 0.48136114167913796 0.44421972971077617
0.8295924041274553 0.8317401725855588 0.7871073761865951 0.7667648229036284 0.7641457044073338 0.7856769368630674 0.768870777259458 0.7763542668496158 0.7889006051599526 0.733549814899284 0.7448146200899991 0.7287969651264526 0.6615927890868328 0.6992247324997741 0.6898589089336541 0.6754814627428029 0.6708680189478169 0.6787183801728567 0.6428478934640014 0.6330493554786514 0.6478450729722249 0.6481920840200801 0.653392293150674 0.6687306613775491 0.6532127847831113 0.6256618298344498 0.6181752918172128 0.6410484741528161 0.6262472424974904 0.6199593000873053 0.6572500054424558 0.6062177191488654 0.5962464905586523 0.6181242186873633 0.5724823673993431 0.5944247636977262 0.6040096892433674 0.5639548957534454 0.5538510734336981 0.5324510960014254 0.5149128487591221 0.4822966328030601 0.4771675921520769
