Raster_benchmarking/Raster/continuous/raster-272.asc
NCOLS 100
NROWS 100
XLLCORNER 1743161.2429102012
YLLCORNER 5469296.1589082265
CELLSIZE 10
NODATA_VALUE -9999
[rows 19 to 37 of 100, columns 0 to 42 of 100]
0.4117692764102416 0.3424329393838439 0.33713447858171136 0.3132150056580347 0.3293908581364601 0.34678347724361225 0.38842477661426994 0.38214286096124217 0.3707523871352528 0.3323146061153338 0.3125586173861466 0.31016804712578855 0.2858705502078819 0.33997196142578245 0.32412354599981363 0.2808350274081459 0.26056936199974423 0.2321509638715526 0.2718802220401814 0.24073608531904667 0.24027292208381149 0.2588603438609795 0.23136757949191133 0.23153843942613633 0.1755140850474845 0.19014976972420278 0.1539138737369787 0.15689361041332828 0.17962360354618886 0.196124831037793 0.1532587218901516 0.16894414007177033 0.15717577416749662 0.2120165362687503 0.22956496762398465 0.2919449853614161 0.2754425208881792 0.3381955789805672 0.3620458093462149 0.32711875505392257 0.3259092007071398 0.37697599956036826 0.3855957736552957
0.41316753685639096 0.38903329656127755 0.35243482381228464 0.3576772017563183 0.3666572619159564 0.40571143145310934 0.37274444041986177 0.359239501888002 0.33586698217840893 0.3143064636720952 0.33948415099331575 0.35962047542674297 0.31666055255848335 0.3520375846358156 0.3536795706219839 0.3127229180245934 0.2974558107737152 0.2619850558762189 0.2783147535061725 0.26243190664317184 0.26741403217168774 0.2545310814709319 0.23483522331325807 0.21580464888642265 0.19705238251757093 0.1906970548820201 0.17760056833979393 0.12866888995846218 0.12926253377643418 0.15946455614831262 0.17861364223979062 0.1477924041136171 0.20211299845895647 0.19189039701620297 0.2390495482807883 0.3104540342996096 0.30473740568011354 0.34453507805450323 0.3714919277310301 0.34529914717695337 0.3497833277098882 0.3783791745447827 0.3869999760131155
0.49168134520688145 0.4513243175968447 0.3905456963895905 0.42150703258698785 0.43521908758014594 0.39371120655263453 0.36995903685067577 0.3370462500862094 0.29335685240969034 0.3065030486548272 0.3480046475408808 0.3658331154937005 0.38080170685729237 0.34967678269405095 0.3339803474683575 0.313661334899079 0.34224011006523464 0.2695615757629354 0.28145220256914477 0.29590286272616484 0.31535803203613566 0.26953599916025844 0.2552407261036528 0.19821817926775714 0.16529947997208488 0.1493929076999571 0.17394683226972185 0.15667934989271165 0.09700306860756859 0.13732296257615043 0.1707504353447566 0.21349496471566476 0.20844446472734243 0.23737320473318105 0.25514616630561393 0.30971268928396156 0.3746148890810385 0.3898331224547919 0.39666914674543036 0.33887261332732616 0.3679881376439018 0.3604216645424672 0.3885685984455957
0.4494533571288373 0.4292989089622151 0.42267706611436456 0.4205775402679345 0.419031708062936 0.41383423623752624 0.37413209968906114 0.36909062619045874 0.32316284950082635 0.35565371256265416 0.33215551303905094 0.3343652793783765 0.37128546187034583 0.3670372245914579 0.3405284356791303 0.3297719079370937 0.3370754734691205 0.2973281732203638 0.26400024093596813 0.27997389066843853 0.24750276279336245 0.2605737514514948 0.24763958167389874 0.2148881580420778 0.19344668355681574 0.18190742618861425 0.19109159337307444 0.15378409253130493 0.11113996068605517 0.12641740067842003 0.18346350814467904 0.22524148102881159 0.2395583722743175 0.23498546065570358 0.2743396661071674 0.2789021061842917 0.3568146238818022 0.350062354943515 0.3598544567703859 0.3448396325921675 0.37181481952685763 0.37832825399005127 0.40356435968712884
0.47341406980431894 0.4513178458528757 0.4683670279937522 0.46543046767046 0.4513168196041154 0.44538506874350164 0.43556127124333605 0.3848899901549229 0.32497988242140075 0.3472005646747899 0.350940578424192 0.33761848109895176 0.33373359797983826 0.32498081715489713 0.3488332300735404 0.30083905452214804 0.2986848437040579 0.27980323513903904 0.315806438906929 0.27978572124622486 0.23630891529328937 0.2303863880539577 0.17019734113576437 0.18211325471244633 0.2025337894529088 0.17345433607362265 0.14743459251430036 0.1560557012042542 0.14214650948862986 0.15374438765920645 0.20597583036683786 0.20845372721581817 0.23745585430389798 0.24032608107698156 0.2666702828273517 0.2952242737061835 0.30220573725752725 0.31441890989107124 0.3271437111057676 0.33891699611189235 0.38406923744779076 0.38176293642928905 0.38777974340039323
0.5433286400684065 0.48631891765563257 0.5002599048892942 0.4953683372544123 0.5059634655488428 0.48636667406215817 0.47572205770541076 0.3888909428959476 0.39764493916130167 0.3889087505390246 0.36896460472934267 0.3610678869748306 0.3542758115355818 0.32877541550438133 0.35035381348373856 0.2829003339470661 0.272549182125854 0.30271720134509644 0.27500184793071236 0.2856117199767289 0.2543749790016318 0.22072177348896288 0.18903212459977825 0.14206511510843747 0.1723714960041051 0.1363809698906806 0.14745438512390632 0.12939683114166392 0.12479579504091112 0.17610965214389282 0.20397099054916298 0.20528088648858386 0.2732294344095032 0.24411454173417438 0.23300275837730738 0.282072730337746 0.3340523445062623 0.34044231662947905 0.34969795421612115 0.3858458405262948 0.3617662566730335 0.36471530849885403 0.4083307114117246
0.5765985669657978 0.5561159687767733 0.5363205063253128 0.49563611161954224 0.48714209429375926 0.5173123303855105 0.4964210681305454 0.4347552779965534 0.4218017612708949 0.39636984468618824 0.37794647550852106 0.30379059065301767 0.2913520498843704 0.333941274325229 0.34930374308947926 0.2969823381652471 0.2514410412720626 0.26974518110251305 0.2373987033899285 0.23319962347067283 0.25177696550709566 0.2101723294119541 0.16329432345484168 0.14444845669354184 0.14033490847711472 0.13137475189408107 0.08188537449157068 0.10473049408911377 0.10648314932806084 0.1582237526927635 0.14387315406358164 0.20254269524625523 0.28478504454489373 0.23505915865338567 0.25867807680202065 0.2963037353834029 0.32429760046869704 0.3459440344872626 0.3613136913974861 0.38473784466383354 0.386326770895523 0.38255387363773574 0.4151993394730551
0.5314117260948468 0.549605285106271 0.5391289961581616 0.5407156162285262 0.5006887691258927 0.4879838533546723 0.5176678492736047 0.5010588522715528 0.4443890690329139 0.37677887578312363 0.3727238907880125 0.30558325741850373 0.2843531336195963 0.31126001674489573 0.3310209332249411 0.29284419310960025 0.2623433690086145 0.24469557842276515 0.21138476262627773 0.25145775288475153 0.21736830825228 0.2119032306963356 0.13722631166313234 0.1417913717818462 0.15164440151142117 0.12493153513244133 0.12903959901499365 0.09491405696006039 0.09498519205022107 0.15761504295049814 0.13592827839403582 0.20839152980257653 0.22528175730453415 0.2314941478574733 0.23564148553047812 0.2590758509907414 0.27876709922734577 0.34441256022195765 0.3275255987495959 0.32955254898682484 0.378852901269613 0.3879983622887749 0.3717837971348201
0.559755170095003 0.5802675354287845 0.5461455277561472 0.5258725034753067 0.504719542232143 0.4949883287942119 0.5080460230651699 0.4807775203550199 0.4591320881219352 0.38060505605443934 0.3471375339911124 0.2772499485875039 0.2643468746172828 0.3055067456771546 0.30720867603764207 0.26877365635577644 0.2704987002049164 0.22089896360747177 0.19105456875515847 0.21795020410165947 0.2139205910976009 0.15370701093878295 0.14761267757743043 0.1546665914043746 0.09100665239326547 0.12161313455176714 0.11923253408314813 0.08849114533558335 0.1393635618352352 0.11914026646433783 0.13204618586721692 0.1496737252321049 0.1976557232608594 0.20311318647587884 0.23315140572565204 0.2549555609547547 0.29196700437870615 0.319243459193788 0.2964624118025109 0.2964193366405005 0.33865970949941493 0.34120682232597993 0.3611523715581969
0.531138753466827 0.5712378992062345 0.5726870850631645 0.550758780562885 0.518893826259525 0.4765512825472234 0.5052685649578564 0.454115428205424 0.4143944877081198 0.39586694646990783 0.34348990461462664 0.3051906282572678 0.2675998664028379 0.27956259534206906 0.26119467292341736 0.2741062700909337 0.26254928049546983 0.24768825418051432 0.20867868752161348 0.19899085825696827 0.18527824483557753 0.14937058185963395 0.13982368318869778 0.12117322274705437 0.13306215625281542 0.11851708368587136 0.10992120112809572 0.09655218458113869 0.11758268513075044 0.1496512847031876 0.1612422871006636 0.1430198773425898 0.21463494569083993 0.20055355159793667 0.2524180990776948 0.28086169441914705 0.25595793065535394 0.2987243856417535 0.295215363715201 0.28029018753267626 0.31073695918568583 0.3348791804290586 0.33372960193460227
0.5354064508267375 0.5327067132608502 0.5527862073044034 0.5118726916532974 0.5042360253546405 0.4700187862365875 0.4651803601434057 0.4500719313274524 0.4359639490214331 0.42131339162039316 0.38926197731696327 0.34875612278814644 0.2769062168390071 0.306202887352358 0.2964323419868205 0.2813911393181802 0.25417534436113204 0.2762237287264786 0.2524250103763055 0.18316422200536747 0.17547316652309183 0.16707488458209319 0.11938326061901432 0.14609450780611327 0.16135344836196838 0.11235459061033998 0.07993273246090746 0.085702941798774 0.09135173137485735 0.1289006606294747 0.12252995250293458 0.19302396725171253 0.21528326830260147 0.20742016215986078 0.2758265259892154 0.2989132314415576 0.2639487761134304 0.2720767403609269 0.26801983194969126 0.26815667817494554 0.28137622511738375 0.25734740930361144 0.2404075404728794
0.571501544042615 0.5590900619521847 0.5434042813873997 0.5286371145618055 0.484893760584883 0.467307192769904 0.4334557909746745 0.4649155569144429 0.45298469739778535 0.3916616364488684 0.336705674253408 0.30222465291653344 0.3255460543225266 0.28746998123594636 0.3011472069645885 0.2659673313607855 0.24718371783830423 0.24124781223808361 0.186170538457291 0.1863074070481285 0.1277889606927027 0.12515723221711925 0.12236217588641041 0.12332643346381275 0.1511754809299031 0.11553073949674465 0.10530218250004389 0.09112797803516742 0.10906368088201711 0.1548418553543549 0.20245963543352244 0.19322817732602535 0.24209659995419805 0.23554430545703287 0.2866868707464372 0.2566168766454938 0.29028997616773716 0.2633864532067891 0.26743326679901624 0.26600749849638217 0.2924281757501187 0.2610373974010747 0.22560328064637647
0.5273737177191373 0.5293119067112366 0.5359762700312674 0.5111507093072905 0.47115698270936995 0.45960787219129784 0.4139174318326728 0.4314759463544117 0.43523075482149154 0.4062480167584649 0.30900988317168293 0.3031923447788708 0.31351079097107354 0.28160338788841005 0.2810561600174247 0.26480341900068555 0.1905492608836739 0.18317836207362187 0.18819850508826183 0.1738867416287084 0.12894592933697616 0.1721673165656553 0.18378898763458357 0.12901284644076966 0.13502181712467298 0.12045819456526786 0.13350399826945322 0.1479458399971909 0.14974126803874035 0.1738515161749397 0.2490702498859029 0.21436107981490993 0.23271607109571313 0.28091580194904026 0.27883728333198465 0.29633435567544225 0.3081995335826859 0.29675101597901404 0.2430385320240667 0.2973000336390547 0.2780816992029503 0.23921904498753996 0.21717819550064432
0.5750412705213489 0.5387708482841216 0.48111856848897755 0.44574915974633894 0.43925834338562125 0.4356176767428819 0.4100760090787981 0.4089098679533494 0.43064825169793647 0.3686759756960892 0.3273480749274292 0.3166314884301795 0.2918669018754343 0.29078223278412874 0.23746521817276586 0.2153920090435404 0.19837341526200733 0.19201629678537332 0.21640396616503607 0.15614755068157937 0.12961910410255476 0.17419945813876705 0.17070841140523266 0.17428471977433793 0.1695136813874843 0.17708019404889555 0.21040428635872688 0.176628967567317 0.19858412012328255 0.21603201270277356 0.21569613839940807 0.27877954688963213 0.2754519528101935 0.306962544439921 0.32325705734879545 0.32828138124117084 0.2949051162287498 0.30815487859389046 0.27679135370260727 0.292911656573476 0.2963579740319523 0.2347413388062242 0.2178480360313526
0.5737500391665405 0.5519864241255102 0.4943125299655008 0.4291138671663475 0.39924504501352487 0.4089560870971699 0.41069451935178614 0.43410636657673 0.39554446137101784 0.3791288006287093 0.40297953985586665 0.36874523014470323 0.33032497300550945 0.2786904648906475 0.26345301654889886 0.24563621376523082 0.19054549754873526 0.18557496165883525 0.2160665148512739 0.1619448835397454 0.14861438336292246 0.18931190240070886 0.1601784761813016 0.21448962012985257 0.2438789057549032 0.20971645660638621 0.23401180119161433 0.17742116347037146 0.18535229666044747 0.18506975392024838 0.21776644974832904 0.2694178174512676 0.2972282447017134 0.3055510492723681 0.31993827883209347 0.3480330162518858 0.3169699541819317 0.3159079493288273 0.2573874286884786 0.2503313237702632 0.27654747612102554 0.24082705872884436 0.25264829299126135
0.5055600225684297 0.5010664832201012 0.46694509061988954 0.47645470525638783 0.47020620334688207 0.4292051140496497 0.4012436453408661 0.3999030073441079 0.38243599877306184 0.38523153397063126 0.36419090900790047 0.3527619979242994 0.3094766499967406 0.2868198662011023 0.27232229791112184 0.22667285984774316 0.20038538305954712 0.2008452177697876 0.17905341464506322 0.16529382533963638 0.14282662557076625 0.16784193591108804 0.16109431139258215 0.20883332003200503 0.2574420020009995 0.2517428962188604 0.23715984416433944 0.2127381234795368 0.24187471732506535 0.22851898374944282 0.25159485281998656 0.2848663656227115 0.32225417401742273 0.31176797203469503 0.32072426649274144 0.312562587898462 0.3098627632793216 0.34145482973723723 0.30293686543413256 0.2470983080938996 0.24426925860377155 0.23621062074645763 0.24232863469197408
0.473209543288535 0.4742241693802702 0.4810192815363935 0.5027335554372718 0.47401720939972986 0.49282944335732093 0.46670448545016524 0.4394344643845709 0.41823265383488273 0.40012795135828144 0.4188950189219733 0.35848028949774735 0.3561736390802118 0.3126464654259371 0.2845155695342985 0.2617620331398996 0.24621739353453895 0.24752934658827302 0.1836034304314954 0.16296561788407304 0.17523945716364783 0.1603227912715548 0.19379219898518335 0.21041311744468516 0.2592649012869391 0.22729713672034765 0.22033881903467162 0.2476285236849054 0.267849276672647 0.26281487218173083 0.24907827572835653 0.2993400872522801 0.3059280422094318 0.29913459537106035 0.33533476034834925 0.3523536132091814 0.37914447698606396 0.36851393107675556 0.2890710969322797 0.26309111044266054 0.2323008706823323 0.2507338874668474 0.234485126372944
0.4509880772778633 0.4868213183719177 0.5187736211008191 0.49716847123609526 0.5165435902509729 0.491483376665238 0.4874980776101475 0.439030957392546 0.44864250093459807 0.43951158251741107 0.40982767664275427 0.3953749029861749 0.35679722873876685 0.33318800114652075 0.327196948618034 0.2847878040945938 0.26384151183608207 0.25843795186541596 0.2504226141277298 0.19647724975005162 0.1829318883230232 0.20871020032376797 0.17731442424385693 0.18743823355327222 0.2360299850320673 0.21071216860802622 0.24101945157690144 0.24852349096897694 0.286233953212418 0.28745199006173067 0.2655253091697388 0.3178676514458123 0.3486041950067984 0.32790279986567794 0.37182605849081735 0.39836333951264424 0.37165570625160776 0.3407566797370921 0.32529743803833083 0.2911857267972457 0.2532858725581001 0.22524841205571228 0.2235422898678597
0.43011781788755976 0.45513818523776767 0.5068540387323471 0.524325796924254 0.5095810877269383 0.4799504502121946 0.5072384009606912 0.4645768085464807 0.44428193251998155 0.45632225018926914 0.4236474616962579 0.41767485142786165 0.42566488486789716 0.3898895330807076 0.35745009191424354 0.3064452701616381 0.264035630553598 0.26744213267354155 0.25027680074376546 0.23260533261631622 0.19511830110184847 0.19860115196816044 0.1875258450732575 0.1759496484627304 0.20126150723044028 0.25479177968309497 0.24409546475783556 0.2563720024279277 0.3090407180146495 0.3212571444667178 0.3113003321919584 0.3284424020901126 0.3958638953527845 0.3962956095485074 0.3631757486200184 0.38070588574889846 0.39335181708832095 0.34281431039637045 0.33713621305869573 0.2990892507369571 0.24855609382367475 0.21437934033065462 0.24009308863729054
