Raster_benchmarking/Raster/continuous/raster-39.asc
NCOLS 100
NROWS 100
XLLCORNER 1743164.658934503
YLLCORNER 5469289.972849819
CELLSIZE 10
NODATA_VALUE -9999
[rows 0 to 18 of 100, columns 0 to 42 of 100]
0.9353076161619537 0.9552651272494194 0.9344906776969945 0.9197766639520524 0.9162705553796913 0.925782070478706 0.9366354234981795 0.9357131319271613 0.8812488226939598 0.872773305119626 0.9149855157655933 0.874973155930575 0.8791200813588198 0.8768270029443059 0.8649317189263516 0.8500114208522942 0.8440061081086649 0.8497401679175494 0.8292130868538797 0.8047040777324193 0.822679893881903 0.8172998609535177 0.7953475039568741 0.7687491061685878 0.7180399565184893 0.683405988797095 0.6553012379094467 0.6209019484918427 0.5748637579299244 0.5537198836163851 0.5659274477691093 0.5683112498983728 0.5610034536423236 0.5862392043623181 0.6078045246196453 0.5783418664905118 0.5834326821243777 0.6084517159852766 0.6249762623473795 0.6313292057052742 0.624243077103685 0.596236093724632 0.5946403410954896
0.9586947268376652 0.9470345959141893 0.9504700078004921 0.961274492425356 0.9419644417919487 0.9420060974727431 0.9568918658084989 0.914140342388194 0.867264445475084 0.8856658135043841 0.9031318077700144 0.8726147466705787 0.8954308380609414 0.886888321324763 0.8737496268051197 0.8515206410907453 0.8415594312187592 0.8270821493572141 0.7977946156479802 0.7805104312078768 0.7692287429671184 0.784278003379291 0.766258522559823 0.7735603881805926 0.7139699970144153 0.6884622799114968 0.692856470844112 0.6587378628902703 0.610344011933546 0.5917417509622951 0.6035524588443235 0.5944050481901788 0.5800776147191036 0.60668328820478 0.6036820981528733 0.5879964982788054 0.602930496241793 0.608844337549946 0.6413389629972411 0.6091897618547533 0.607423048635943 0.6346437748263116 0.6374890908801888
0.9933827790777259 0.9653386788157378 0.9917552246223232 0.9517235723188887 0.955347361580965 0.9581953713500893 0.9435902248073649 0.9236195588913485 0.86799192224119 0.9057953036103192 0.9021505422216557 0.8982344336272123 0.8807525222810744 0.8655383995152836 0.8586762587403769 0.843966247302672 0.8336954863025607 0.810910992942347 0.7839491716510408 0.7933043803314188 0.7694226758185674 0.7764081349985495 0.7720518647069813 0.7495920610252459 0.7525527190542829 0.7247072609043036 0.6966995007488066 0.6610196145568318 0.6542474078014219 0.6405262886260364 0.6071720860899644 0.6022903582113478 0.6292411653279948 0.6061142528369653 0.6018051108384539 0.6138619752583832 0.6145473228173619 0.6235416926339475 0.6482218824949744 0.6367173209573366 0.6186786243801526 0.6248804769346809 0.6239700805078277
0.9467586927554136 0.9714854465696156 0.9499473254263905 0.9540765613231206 0.9549946077997448 0.924686786843499 0.9050363043726525 0.8963704150216295 0.8805083383687979 0.8821346505882248 0.8531748837558558 0.8533790927102961 0.8897312154937739 0.8761076879067328 0.8749306691692125 0.8297610070802585 0.8175590979502916 0.8046011484152461 0.7944535275871296 0.773245687535695 0.7630758464035722 0.7847504947276526 0.7672220938857982 0.7295434631508169 0.7330968723154913 0.6982653740558072 0.6961014837455877 0.6913766056666382 0.6720837824654728 0.653053220970591 0.6169797046771995 0.6372396964161797 0.6420192972319472 0.6558171328086135 0.6633894029431866 0.6381665402815744 0.6372006978012428 0.6629008608492508 0.6395964184430553 0.6566196624239329 0.6377570343639338 0.6633796180407816 0.6583070279644366
0.9542897489076589 0.9715725980498794 0.9410027744216296 0.9479671605708729 0.9432683913366218 0.9492532229003262 0.92445678956139 0.8847631152411861 0.8734607774018612 0.8658015446719944 0.8276084130870714 0.8273938230922823 0.8713856719137909 0.8741014892257554 0.8452489300307663 0.8313165760098543 0.7895384060485868 0.7862279863966127 0.8314398808622698 0.8020667345037951 0.7962377428740147 0.7605067505717977 0.7554918143685332 0.7425183234118248 0.7084282370155782 0.7232516803663929 0.7052662310042735 0.6839439216627222 0.6612577260410462 0.6744793041012443 0.6368219931073124 0.6410564330518872 0.6358068802509791 0.6648471236632614 0.6907554014462548 0.6581308373779784 0.6712062669871733 0.6878257767609391 0.6759498102333461 0.6641704461093415 0.6689140927388928 0.6865344962246707 0.7319455447803721
0.9564451940134434 0.9550141841830051 0.9480803232505141 0.9582006303933257 0.9499433877767038 0.9401948634206923 0.9140469846177036 0.9070254731203211 0.8889463230326272 0.8394213546110344 0.8438450736479444 0.8109209051407724 0.8022111924421269 0.8259365624611424 0.8284487481889988 0.782617011230473 0.805811558467739 0.8098061995712365 0.8178599158961133 0.7913720838586836 0.8082928764421002 0.7853409394129423 0.7564327309125526 0.7333843788686984 0.7484331588509207 0.7350804795003787 0.6963206566186118 0.6824800530118704 0.6989048519917002 0.6942676468783284 0.6759250953507341 0.680826676316018 0.6599278491802185 0.661637460768781 0.6761241897897422 0.6734738141566247 0.7104907546413824 0.72016055705903 0.6906863303082655 0.6926760677652262 0.7011060940717706 0.7328684407831988 0.7495493239175042
0.9992027027335683 0.9544408136827414 0.991241273810526 0.9808257327773584 0.9498926015726015 0.9395104928556003 0.8935157281328258 0.9066941920561428 0.8976607637120505 0.8591678905772531 0.8167164467710344 0.8015244962241969 0.7874805721819956 0.7827921764282738 0.7875345848974544 0.8011440739644804 0.7844113493280755 0.8177687561878515 0.8090676154797485 0.7823379877177452 0.771821277102307 0.7693670241114087 0.7350722899912835 0.7435844735109802 0.757363391555224 0.7741616442749982 0.753094106201369 0.7177009683697851 0.696397257748379 0.6896348160323097 0.6980571632961285 0.7138717353322165 0.6849613020701572 0.6822946195413546 0.7036112335224387 0.6878556911784164 0.7090921550758821 0.7076792876288339 0.7388533168101059 0.7250690227554033 0.7563143358044028 0.7331289753485485 0.7597159207506885
1.0 0.9640055392510748 0.9671378544456998 0.9788310921712794 0.954891647238878 0.9206080101636378 0.9113359432284066 0.889004089425024 0.8808711613125478 0.8605372689869536 0.7871526633006939 0.7694264240039428 0.7638921673914684 0.767811704979333 0.7639570862015538 0.7678955200778416 0.7847008168776411 0.8032872779508958 0.8069321754541473 0.776081615773633 0.7917990546833037 0.8032729966781456 0.7841756625148584 0.7590036043449548 0.7611469909521633 0.7763083030349983 0.7578172306150759 0.7689313635382813 0.7363708186055967 0.7375162262103822 0.7629454915443992 0.7289454587743861 0.7567570392605831 0.7413525140204821 0.722909626989956 0.73769060075874 0.7620912271191175 0.7442133056118856 0.7717232300218962 0.7725796722721471 0.7449249269295262 0.7655909025225859 0.7642860791125169
0.9820882425937201 0.9744975724126291 0.9423502585172325 0.9613142695118542 0.9566289693732077 0.922099240474871 0.9234667955279372 0.9073694706727831 0.8734438248336127 0.8420724762083083 0.7666165660788515 0.7947955902753521 0.789813328685288 0.7366186585661961 0.7227294831955605 0.7563551568553588 0.7827104510718191 0.7791023892611133 0.7655571892069435 0.773041335272491 0.8057374270071325 0.817545617952275 0.8087938991927868 0.7928991825293995 0.7840760519979603 0.8016419708571633 0.7905599062197911 0.79663588605035 0.773637137973955 0.7671528465382629 0.7957250400824599 0.7611345583446231 0.7844064486212076 0.7534075707007801 0.7483230834570541 0.7457420628243981 0.7740645155109038 0.7645231328777504 0.7696945643087831 0.767853653009462 0.7665776370911831 0.7764974920776772 0.8086138502827269
0.9805250483726136 0.9613128468264547 0.9507123188333486 0.919293108434313 0.9019752205541897 0.9260095679504354 0.8659010690931146 0.8530523440687982 0.8505428093529666 0.7982858287615026 0.7725483608655045 0.7704782588296568 0.74071151080803 0.7313836073613458 0.721551585434744 0.7261561297228624 0.7796720694769635 0.7610137669784832 0.7373434007814158 0.758849622496323 0.797656903037549 0.8317012087375367 0.8108726438977089 0.8003096036100488 0.7867689528290764 0.7749946240080039 0.7874436509266837 0.7711063659650907 0.7871712960668685 0.7933873204808904 0.8044178511303286 0.8063767170806468 0.8017967535046914 0.8113920273928689 0.77879206089247 0.7950774572589255 0.801931630371553 0.7986640006610458 0.7761311827430726 0.7881936974080873 0.8108061842730874 0.8326091792021039 0.8514346779788604
0.9707098716459835 0.9622587818841806 0.9664744133932212 0.9476947915873678 0.8973886799455706 0.8605202343151892 0.8528352960860204 0.8664698698454617 0.8292447375497077 0.799989552101313 0.7744397397038839 0.7900887992522411 0.7606801514050204 0.7444990713765742 0.7304779863841816 0.7440917608717579 0.7564108554520925 0.7346083480210468 0.7493387975905699 0.7832076840501322 0.8074180826361794 0.8176556921204461 0.8259804200195926 0.8061183787870511 0.8045952691761471 0.7914909047810442 0.764483121333359 0.7724370502332409 0.7959552779537565 0.7864124751973215 0.8007374340692114 0.791184738249316 0.8092088672741127 0.8149706531382936 0.8126884640087135 0.7969755239382244 0.7869460088788449 0.8122041590565987 0.809559767145882 0.8286050875893671 0.8616078888092883 0.8677319916823946 0.8933371794336176
0.9935580874875783 0.9739190351587265 0.9815040476398729 0.9233135237069712 0.8919252785944888 0.8553346275013023 0.8391706829547783 0.8458628806307237 0.8446395721375659 0.798655435586721 0.7914355262234517 0.7866001349803334 0.7734532203560368 0.7383916693212987 0.7253995431131361 0.771793376429315 0.787136553813539 0.7514276279011755 0.7940822710136631 0.790245492073882 0.7917152137359742 0.835975784270857 0.8458188238713689 0.8294862703274332 0.8150629896630864 0.8008896894419596 0.8017132032599391 0.7884904560080697 0.8038663813989748 0.8006217778621562 0.7852438313389537 0.8039961726270171 0.8028233937366663 0.8046981953015274 0.7886191801508003 0.8054070998208532 0.8157606372236215 0.8355023696057212 0.8517806865249757 0.8742356357984794 0.8879685669000215 0.8782395367113026 0.9003400746161464
0.9624598876037436 0.9541928125288048 0.9767369018116941 0.9172397041143083 0.895534745232368 0.8529620261459423 0.8184510679791096 0.8235944497256135 0.8516258616883429 0.8354239817971715 0.8268523679225872 0.810015280015703 0.7652803227644637 0.7703299766711164 0.7377349087068602 0.7628511317509877 0.7940661882037796 0.7873310847587192 0.7969165184099173 0.8034364858619024 0.8164665929042934 0.8384694778717887 0.8350751468297328 0.8437444237873569 0.8704191255384881 0.8201723965060853 0.8211485701023675 0.8062617227821883 0.8376513995040774 0.8174141729649237 0.824092141279362 0.841227358099309 0.8444140747471361 0.8284064053640248 0.8008833705315158 0.8203320184310693 0.8484729740306023 0.8635821753278332 0.8655454897099127 0.8755509833167977 0.8682288061636457 0.8607909704063481 0.8950225588602002
0.9766557654683258 0.9620118795669272 0.9348753867090955 0.9282371011049068 0.8990170658181399 0.8326260414316587 0.8044709439263688 0.8438670682514234 0.8333473254932267 0.8138982519929382 0.8501065317480121 0.8210899656724276 0.7966933335517599 0.7672927766274371 0.7449365404330177 0.7808503723601589 0.7999882356508662 0.802153860856753 0.8010514899632144 0.7947185877596623 0.7919748658985686 0.834367561480599 0.8466465399217886 0.8417694865741087 0.8681581144349464 0.834678401538338 0.8170605221850341 0.8285768012442999 0.843681507594212 0.8456450786904046 0.8323085924324183 0.8594789890090117 0.8604924530311824 0.828253472334299 0.7757732536170022 0.7844061507254084 0.8332618556124067 0.8438636196717849 0.8678183476618938 0.8522627204814318 0.870740440260309 0.8689475303140227 0.8731508589237191
0.9698189871159996 0.9362133193541953 0.9389405463435759 0.9206108217468303 0.8807036672689512 0.8533320403842174 0.8150676662392694 0.8279739523570105 0.8048119125877685 0.8056094445170217 0.85116283214962 0.8050510069012421 0.8196610733715708 0.7948707217846568 0.7643608175559498 0.7672167022001952 0.7720674581046808 0.7978093705694944 0.7989564263209936 0.790481560510705 0.7901978945847443 0.8387718994984905 0.8295343989356563 0.8732749690822882 0.8778480049995464 0.8737376259194399 0.8463471044378686 0.8491563947177913 0.8582170444047398 0.8502978633198351 0.8550886531616868 0.8623683206031396 0.8260226572778856 0.815853450807019 0.7788726194199801 0.769797003941003 0.799361614517765 0.8089841245409294 0.8291419485056727 0.8376923890222192 0.8535815593985386 0.8809805514334531 0.8943235775980323
0.9309064970746741 0.9411257591080928 0.9365533687014803 0.903485959101739 0.8658554223995917 0.8438664665222413 0.8498830233298041 0.8325909545370657 0.8375323825581411 0.8249031189425947 0.815633762557889 0.8070647818517221 0.82360787774464 0.7848689505053559 0.797282158580694 0.7877951401416372 0.778730731636813 0.77109243525251 0.800495056723699 0.7864086536760203 0.7885827449802661 0.8251659078371961 0.8599064007740806 0.8613697346723783 0.8576396934150741 0.8569575750838065 0.8777834892586766 0.8750877932113591 0.8744010124271738 0.875918238489637 0.8660863101801995 0.8626026628801237 0.8668010966841991 0.8379104951299234 0.8220932118682949 0.7802857546641854 0.7784011265853622 0.813629292825529 0.8189328541619247 0.8253133449437444 0.8583829395661767 0.8486556404622629 0.853167449371639
0.9304253633463023 0.8898059497595174 0.8949937246268437 0.8641700913320887 0.85121268709727 0.8282592855136537 0.8302299322189645 0.8537738503357581 0.8258321256432687 0.8115803671369628 0.8099633700168061 0.7994011089569187 0.8163709722360855 0.7916017137266629 0.8067644892483364 0.8008612565129625 0.7749458825848489 0.794839852253109 0.7800514494569302 0.8099881099499238 0.8382160442550664 0.8562257397869167 0.8602943360885079 0.8354659296196465 0.8354584853802771 0.8620319159205454 0.8603407191172069 0.8915900811968621 0.9023471223145894 0.8967401368757506 0.8851531639923739 0.8753996585427745 0.8638150039405159 0.8535105720576291 0.8091010701099451 0.7906353894620417 0.785227018015403 0.8112567623908262 0.848544718951838 0.8354628793226 0.8442751644784449 0.8653383210912222 0.8689650127346181
0.8879078036670243 0.8832322480819078 0.886714908262736 0.8546113865002912 0.8493654556353448 0.8742206751651815 0.8523747755186112 0.8421448347448324 0.8465845041126788 0.8384827919545973 0.8421074785569718 0.8408036269932201 0.8220294956095339 0.8353892344918468 0.847408599828997 0.8483494162431896 0.8077312594613533 0.8344971758023083 0.8252153159512889 0.8338293591012502 0.8336666898198345 0.8585687438805668 0.857504611159492 0.872016162145446 0.8505566990245226 0.8937080878544669 0.888873491045322 0.8822064993971679 0.8974429279897173 0.8929328484406243 0.8554302655314233 0.8847566903292327 0.8729883107345251 0.8325931531525717 0.8221167119146437 0.8055593035701542 0.8013986673080487 0.821125654225607 0.8347385151368347 0.8188876779772715 0.8189579786074861 0.8329259986709644 0.8192879623355019
0.8627760249886948 0.8690185741806175 0.8292201998223603 0.8512628670941433 0.8632463747823945 0.8669163789822499 0.8725660146453521 0.8371360551421749 0.8246781222517944 0.8378775101855992 0.8213949628523827 0.860729163635096 0.8781821871394785 0.8798553019737121 0.8808451774718745 0.8767780691605552 0.8481021680910118 0.8760576826353408 0.8749889767581024 0.845551972194285 0.8695033691765354 0.8909036387586703 0.8779878864480678 0.8929971041566644 0.883052359004147 0.8819006013081269 0.9083846534456669 0.9066592763370941 0.894635048803743 0.8821087680088898 0.848573275419432 0.8619351230028164 0.8711696057077718 0.868715053091802 0.8364849000775421 0.8274781232881377 0.8106308940123449 0.8238150086994662 0.8428998078316546 0.8221113727770438 0.7877070063055482 0.7894483998579545 0.7692729487000368
