Raster_benchmarking/Raster/continuous/raster-254.asc
NCOLS 100
NROWS 100
XLLCORNER 1743154.0206410442
YLLCORNER 5469281.198818307
CELLSIZE 10
NODATA_VALUE -9999
[rows 19 to 37 of 100, columns 0 to 42 of 100]
0.46697829773500454 0.4615638980536308 0.4932667468844594 0.4641956532945607 0.4552150215137254 0.5109025058099457 0.5225254801572752 0.5368761058684887 0.5770542420206625 0.5538299989943046 0.5600762104737054 0.548555040518518 0.5226250259327644 0.5593667943169867 0.5485420784416394 0.5715044721913163 0.6130573947463961 0.643394797153701 0.6703395265340074 0.6910396404196981 0.733485873748633 0.7741545756604267 0.8010924027871014 0.8119321315315257 0.8152361254264128 0.8466330270210847 0.8846232251279708 0.9054269646205548 0.930777568699431 0.9423852215649966 0.955010236123663 0.9573016707888309 0.9590623694096032 0.9723237245382674 0.9755779224406044 0.9096263859375273 0.8709852525743044 0.8918580664843458 0.9023812892376292 0.8889924383429184 0.8955702678067404 0.8728191504038789 0.862421453106437
0.44689943859018294 0.45512697482508274 0.48262156299516845 0.4621795375045219 0.47901732538710556 0.504688715912053 0.5588762714300386 0.5869482240687108 0.601100950433016 0.5412761494040895 0.5333953065529182 0.5255669245848615 0.5621171157156784 0.5257405181614244 0.5579843274917524 0.5554804769624638 0.5940470573757154 0.6336586914628312 0.6207128437202412 0.6733672444304093 0.7207338519767694 0.7614254025103118 0.7918810137439379 0.7857422499953743 0.7927135837472774 0.8358491962930092 0.8874368190548653 0.8623955517138887 0.8732914164446617 0.9158667065579975 0.9314776162847542 0.9462453125853931 0.9784863896691101 0.9849958328229005 0.9516538858770642 0.9148637129732824 0.8884936455419749 0.9225761804194271 0.9227644145213878 0.9093109401178182 0.907103336246046 0.8609929178400991 0.868079320380317
0.4352153531622057 0.48160800454049735 0.45872170737776213 0.49493062737463134 0.4878164169438094 0.5051074093346162 0.5494874198714818 0.5902724406570861 0.585607480392662 0.5643120561332347 0.5518777278263612 0.5395655590117512 0.5568060151780598 0.5182604956178353 0.5632555757913631 0.578268861385898 0.576889817267255 0.5962557843707199 0.6536416777296166 0.685835170018943 0.7270549253242516 0.7444424054341187 0.7806690498582742 0.7649894898127669 0.8008530251321277 0.8304933894833746 0.8504908447655222 0.8607767510008423 0.86817225847297 0.9074725605789283 0.9048030415781494 0.9327016154982858 0.9782489502735263 0.9770661847649501 0.9422983981143387 0.9142593519915567 0.9103433512732859 0.9028414080820054 0.9011472492566259 0.913989991485301 0.8770568900954042 0.8698169209457283 0.8583267361132613
0.43753649917982856 0.4483915548515108 0.46098741871060867 0.5057718028256376 0.48024565889633253 0.5317202829658154 0.5382711069183383 0.5792772389918037 0.5689437589525553 0.5539598088565941 0.5674557091717962 0.5508159386680094 0.5223183270605778 0.508974416486342 0.5170712557406391 0.5755346409529545 0.5815980639947642 0.5875595071118193 0.6695225441765003 0.6745179420188472 0.7196759087173937 0.715962778273251 0.7480774467523517 0.7544856615154897 0.7858253753205965 0.8331063037939862 0.8784506788360595 0.8645559358346878 0.8573398725805698 0.9018078869711534 0.8858508482976063 0.9013235878705614 0.9516536890302415 0.9389304694093864 0.9342530416615292 0.9069830548482186 0.9527918605119898 0.9334764074327161 0.8844886743142696 0.8753259877337989 0.8742157051515113 0.8722156602382024 0.833717617071851
0.49350444670052485 0.5073506384766805 0.5097339539954414 0.5311518888264976 0.5328523695746545 0.5469834587098757 0.5536531968688585 0.5433292133506974 0.56879138918119 0.5710462814952622 0.5795327711440895 0.5184388407670245 0.5151967157609856 0.507453213901412 0.5216031222964034 0.5385486318692663 0.5602967291681782 0.5963669217534245 0.6344827114112207 0.6958888780730557 0.7395205946285909 0.7303056706133806 0.7669810720555005 0.8009952555001131 0.7758172321846241 0.8148408221315149 0.8297068216721557 0.8712948636555414 0.869530125892948 0.9129828127169025 0.9087141857923374 0.9237361666949225 0.9517878810129805 0.947477076177654 0.9318146054753433 0.9099957557744657 0.8935189340314968 0.9071522405251368 0.8945838596853992 0.8670502589567336 0.8526254589406321 0.8373279143609836 0.8113718636414831
0.4837448111899897 0.5030971717945184 0.5500003006173073 0.5392087973617133 0.5515211081372401 0.5545540692697137 0.5582178771162634 0.5166323521097784 0.5232856650906565 0.5755067384133836 0.5670672878976903 0.5192284953408158 0.5142815223662328 0.5045755130321745 0.5542693991783372 0.572817982130909 0.5728073070308966 0.5919059608660663 0.6442496067160847 0.6881537626342289 0.7462477436780399 0.7364965606622152 0.7905858944371701 0.7921895343365517 0.7994715236698136 0.8153632586029311 0.8178630186221212 0.8305486213883102 0.8662847391590593 0.9174988758672413 0.9562850042413917 0.9381236535633082 0.9745005961508507 0.9448446250770719 0.9613631416478386 0.9153843759181917 0.8768220442148381 0.8755189816181499 0.8739389316581851 0.9043717601761968 0.9001120276752158 0.8180041484392956 0.797051634681107
0.5270977307548167 0.5267666530908025 0.5306630730448648 0.5564833494471327 0.5703443633561153 0.5796981522165398 0.5819302771774242 0.5269902008291777 0.5031947535216471 0.5468736090172608 0.5734101736756829 0.5400173572960953 0.51466033715091 0.5338454287047657 0.566469203435442 0.618901764965746 0.6090641247878333 0.6504885236551909 0.663762333768872 0.7128825663100996 0.7564077006533256 0.7446402336114775 0.7894744358190746 0.8015831068229968 0.8151377674322934 0.8157584801316133 0.836228804192991 0.8472163537100542 0.8862403891789766 0.8921624513787909 0.9603814138771671 0.9903714904699027 0.9908148824413383 0.9632704384023547 0.926994197338116 0.9365139484480256 0.8813954993607792 0.8624315129617386 0.886097415317481 0.8808266351898004 0.8974119805630906 0.8220912908908187 0.7723629359583057
0.5653030633951023 0.5779604592445629 0.5886031547074206 0.595885404858281 0.5667499719914574 0.5525302136924231 0.5762267773658823 0.5124772404938127 0.5019742848877231 0.5015081649361074 0.5470266673268688 0.5286782572109248 0.5656954961042592 0.551487921789422 0.5902998065577818 0.6136502355517788 0.6687918050302204 0.6816475216708651 0.7213285270962801 0.7216353745242915 0.740743937528255 0.7629184802358152 0.7542262161919416 0.7642380437155245 0.8042315053824777 0.829755765870887 0.8353805216998674 0.8567114027913144 0.8622542800230817 0.9148722137652882 0.9475771234245628 0.9668983752059789 0.9941125323793553 0.9735305873189092 0.9441611191488869 0.9256935315012673 0.8714178009464613 0.8775017318807623 0.8969792201461909 0.9118278715910969 0.8986043605990838 0.8256531735181722 0.7735382505559374
0.5483782470316195 0.5656255285824161 0.5774965452768412 0.590313775092249 0.5676638897648165 0.5492368624943718 0.5538991447532454 0.5030622374398765 0.47218689062028985 0.4884433601148856 0.5128018655103102 0.5582806867452029 0.5725136088958274 0.6130076913656126 0.6440776708025585 0.6610990799748422 0.6611803222449363 0.6926546799400417 0.6951829645415523 0.722308475988615 0.7154176937260909 0.7294286590995518 0.7369403431408575 0.7784274599084569 0.809398637024501 0.8231460340640561 0.8496184411215156 0.8737689716610961 0.8825406145019074 0.8969061496386223 0.9149381373708454 0.9662963220549493 0.9677296850122641 0.94819490682671 0.931461376935883 0.9013685163677503 0.887292888896163 0.9124854562122542 0.9007559968111034 0.9029263502520466 0.8743275731771786 0.8003259879793585 0.7768593388909327
0.584881913079352 0.5528728816097748 0.5749941435534534 0.5782230027975416 0.5379080213662242 0.5278765464208491 0.5396811372740147 0.5307364050294261 0.48838603960811916 0.5034432435756139 0.4924744978788583 0.5279019548799745 0.5832832978366737 0.5774228244621361 0.625063784738533 0.6782098514900522 0.7073088765146109 0.7224253046393134 0.7153858214237232 0.711166286107676 0.7112779408062618 0.7371518074389009 0.7732622211698011 0.8215939536408112 0.8346375237873654 0.8372740102668486 0.8921962760144656 0.8939674507706896 0.8594104524965136 0.8994773444217363 0.9234778527942035 0.9507326793886284 0.9732035750969712 0.9611521211208368 0.8950167147866332 0.8832475485335032 0.9013987775981117 0.9041347653685162 0.8893624897576577 0.8836614230777866 0.8425138697502241 0.7891510369133525 0.7132193856786372
0.5843662374345934 0.5834113260183107 0.5925141762730531 0.5718041714497761 0.5307805616799858 0.5346203912702641 0.5083428090328319 0.49985524791918057 0.4582211441928456 0.4597961419349895 0.49789368401810896 0.5115507774953604 0.5759628808077921 0.5867117222674464 0.6332620191119662 0.6618805725027782 0.691615790701846 0.6852875170910597 0.7080816541726165 0.7189405297434504 0.6975766108263219 0.7232661068763473 0.7586812211659955 0.8125857077567106 0.8528502604278355 0.8720192673005924 0.8821829167667276 0.8746052390150485 0.8677801548970354 0.8990506968992689 0.9306478229942476 0.9499241935751338 0.9570753845219512 0.9509430158724875 0.939863812606544 0.9177659452823531 0.9154029197055384 0.8806700897445179 0.8322305733978563 0.8155392083892896 0.781679667905791 0.7417703071086401 0.7031625751331602
0.5672225716159107 0.5850752184002035 0.5706021785815371 0.5700382580590224 0.5400418104287658 0.5555881486787724 0.5122384605989564 0.48081479197415994 0.45320510418482535 0.44598587798996003 0.46056580676691344 0.47301374248469297 0.5243599442265467 0.5724919723527935 0.5861843577843975 0.6276742293354994 0.6843983461960463 0.6688034409022076 0.6887026861746841 0.687859970753439 0.715301344333494 0.7255369729077588 0.7460204795664018 0.8116519675805686 0.8767569405224044 0.8787430363227203 0.9304256509189843 0.9072919392450464 0.8953453994731041 0.8739491517477852 0.8804752160860406 0.9188225339137123 0.9424605452845735 0.9434294619999353 0.91106198203004 0.9011393909564794 0.8932400370013811 0.8537624691045183 0.8274402663052797 0.8047921424924085 0.7690101508187384 0.7671655117413967 0.7302166045636121
0.5469211838188633 0.5839273088098049 0.5649002897840597 0.5323620087890113 0.5495188343097227 0.5498054901635301 0.5213224956817992 0.5045034048722266 0.47603209253944606 0.45770401980743725 0.4819244475783435 0.48832477348537606 0.5479397123904864 0.5454364809679844 0.6119786397935137 0.622553943594503 0.6481290452099193 0.6718406741736265 0.6943738401570915 0.7108324211595811 0.7290877743269263 0.7393371822882511 0.7891877786725412 0.8060116377790255 0.8550688484336119 0.8760058419348165 0.913761864911872 0.8699347680898335 0.8657908558147371 0.8541701701697126 0.8750674048940493 0.8702080886855377 0.8942834707126229 0.9047118587747294 0.899347674363294 0.878488408856117 0.864848614368444 0.8510753939278234 0.8020163072646405 0.760969586774607 0.7655253349645637 0.7291768262046305 0.6853986490747579
0.5392926427755899 0.5623355512966622 0.5688188325103949 0.5551033130158174 0.5336841062407728 0.5637930864719486 0.5302036098261594 0.5007236070580985 0.4737153335106031 0.5011218457671299 0.5108587102168438 0.5329017695750431 0.5368895501239922 0.5650142522407232 0.5990425932936956 0.6011816253882813 0.6548243491664256 0.6421474225639509 0.6615342363583109 0.6902149132710591 0.7100813567543857 0.7304269752110748 0.774332321090876 0.8250553032774222 0.8578522413018242 0.8763878193564214 0.8966031251898997 0.8747986373395757 0.8407851670727106 0.8163980046279028 0.8350591018763187 0.8748575654658822 0.8568406240060658 0.8981716637708917 0.8854364166257174 0.8849024910103532 0.8504421882469102 0.8396132564631974 0.7600877162432285 0.7446942671409316 0.7363777263171168 0.7273974005262523 0.6988496292855548
0.5330143974767785 0.5465204841694986 0.5462789127515233 0.543714883778404 0.5644081630117693 0.5585456528483884 0.5592549504983074 0.5254576991189581 0.496815114147608 0.5072422756015152 0.5281412218497405 0.5231034324512148 0.5225824344842055 0.5435219043939542 0.5681607290077215 0.5807212096824278 0.5917207942529835 0.6410790232983554 0.6512326064503665 0.6593246437346469 0.6896726787962258 0.7375989278519688 0.7515006837869552 0.7904255779345294 0.8371226554900203 0.8433174826153935 0.8736453140121969 0.8412931711013805 0.810420506120993 0.8341416551240214 0.8120982420378033 0.8459093120604054 0.8371550068712699 0.8470642059943938 0.8342257397328315 0.8404581692183165 0.8437808000321421 0.812789346230433 0.7825998694629358 0.7628300763194981 0.7217231131102223 0.6936001379229537 0.6906807226034146
0.5777576926522195 0.5523265771109351 0.5251215696502947 0.5461687457588161 0.5684076575015038 0.5479285659481078 0.5471581137750616 0.5413198226335432 0.5252536923492328 0.5218362916445317 0.5527026057780691 0.518258258351214 0.5197730637815831 0.5425153870233008 0.582240035620857 0.5699956980580194 0.5807245098165902 0.6250285718981143 0.6035829799315653 0.6640643335723163 0.6459285780799368 0.6876337055097204 0.735717866412187 0.8142604990532413 0.8735509184148065 0.8409617871040812 0.8261007357522776 0.7843873124027794 0.8067191008123985 0.8178380546783935 0.8242233010460487 0.8392586761224217 0.8226308295754982 0.8189772479210564 0.7966756316472143 0.7684729706638677 0.7787429088049028 0.8002992088081413 0.782737845226197 0.7214730472082179 0.6951541571639779 0.6827756351319785 0.6460826613508828
0.5373838493109729 0.5275610384963005 0.5369033277573978 0.5557685038180106 0.5743876534340573 0.55802573982723 0.5153116197614107 0.5179922281209224 0.5166440222457137 0.524707739198074 0.5551597544883802 0.524536965025398 0.5253201113710715 0.5789368033314636 0.5772449902284319 0.572730980212933 0.5843191128048656 0.6152591346298272 0.6528594638758302 0.6495949815083168 0.6561072855935255 0.7041071604152844 0.73388883375729 0.7710281114570057 0.7965178877201875 0.8178189921521309 0.808357146694387 0.7531157992619053 0.757205687831185 0.7712014912220814 0.7816705547043373 0.807732584471072 0.8019943043009019 0.7870104911314263 0.7968692022295915 0.7566055973592227 0.7671227245741664 0.7793223177698786 0.7604406358356786 0.7048629069411103 0.7048930751917286 0.6783213682315664 0.6625215129458676
0.5743276985513965 0.5597003640295244 0.5314940931426836 0.543691534726438 0.5489967641978224 0.5288964844588362 0.5112171393622637 0.541601171720198 0.5421521054988501 0.5462092540887593 0.5345144410448768 0.5464247223023364 0.5301995183666333 0.5817662889592522 0.592963159075903 0.5959728083615526 0.6150287907403246 0.63680359580204 0.6747663629733496 0.6417501342404713 0.648967978141298 0.6838578790459457 0.7384001469252102 0.760590839653843 0.7688896072683732 0.7764684701896017 0.7526744500093326 0.7625612404615538 0.7202783274313481 0.7681170786750977 0.7597757805299657 0.8026358035075093 0.7961356731454536 0.8089826136563024 0.7910825259272998 0.7658549720143685 0.7509377597161273 0.7742422193718442 0.7461791788573783 0.7179982973971112 0.6845031922482809 0.6613180228673825 0.6440726320769028
0.5411544631877511 0.5595948512142239 0.5008785268206668 0.5058229941973298 0.5429315546840584 0.5276744799676205 0.5299012673146574 0.49613950213141883 0.5141289681415934 0.5173740291329616 0.49949635992321717 0.5433233848324565 0.5460109653034758 0.5832898459907104 0.6010599317239791 0.596047177842456 0.6104784913170681 0.6377173132346305 0.6464901976684024 0.6884530834744831 0.6607243186242546 0.6847439158176452 0.729313700004141 0.7685601297271476 0.7468340428577247 0.7344723149915473 0.7552655673954719 0.7278622790547921 0.7457179216881243 0.7459466622927966 0.7615817249449153 0.7503271135179236 0.7506955037592755 0.7829516961371609 0.7711932637248606 0.7373059703238537 0.7478952455099538 0.7405996140342211 0.7580138883341334 0.7048130919927053 0.71469717366263 0.6901642359930626 0.6550940567939396
