Raster_benchmarking/Raster/continuous/raster-402.asc
NCOLS 100
NROWS 100
XLLCORNER 1743159.7880381928
YLLCORNER 5469285.64351673
CELLSIZE 10
NODATA_VALUE -9999
[rows 76 to 94 of 100, columns 0 to 42 of 100]
0.6113102308310191 0.6345867889036687 0.591216788188886 0.6118538928298133 0.5290283610469919 0.49227041187562026 0.5111385714609279 0.532087694535992 0.5147351130999126 0.44011274261529537 0.4860616380992667 0.5347639353571713 0.57020900419473 0.5671201848647335 0.5818784808480303 0.5926986891879688 0.5274544192266087 0.529761005381908 0.553295945965336 0.6037190943840616 0.6270005606577114 0.676337458633139 0.6849377848465332 0.7011480691640474 0.6490168723537874 0.7126545821437111 0.6587126098450553 0.6686522927340309 0.6829835907109274 0.6581463468304584 0.6121638244564598 0.5791959983119962 0.579652087042844 0.5161882157890118 0.5479168585432797 0.6372693017690597 0.6713458452162878 0.6532781496326833 0.6722583807952159 0.6749928097351653 0.6720364450959658 0.7045007862959322 0.6828333473115823
0.5759852085247104 0.5670418850073891 0.6152783596232145 0.5787507765776139 0.5624178226116009 0.5097538072470026 0.5206929046311131 0.5208635683585747 0.5105920267818097 0.5053398763543766 0.48498388973067397 0.5029938878982656 0.5827635513340068 0.581110412290815 0.5921634047859095 0.56499268994384 0.5522420503694307 0.5868488808244394 0.5973481974947741 0.6377564870211099 0.6210435658011783 0.6208853612040018 0.6597977826717951 0.6714456551578218 0.6664634425954454 0.6969630573613932 0.6517979574288237 0.6813282703944741 0.7019957202064716 0.7099272002072828 0.6279717656598331 0.6199736383856997 0.5895545230406678 0.5557619964937454 0.5934462835899103 0.6174694802262046 0.6666164876995233 0.6920376514771737 0.6735703601392022 0.7146732449456596 0.7185759282256192 0.7049452888349502 0.7364649613795465
0.5812236245427036 0.5673315183117672 0.5912231143140602 0.5966913090562448 0.5705380925150987 0.520977838203478 0.5642635553328391 0.5541632797579021 0.5334762203445327 0.5101023221736098 0.5506587073477843 0.5326868288100902 0.566515112630422 0.5799282600155303 0.5919706951704178 0.5459784616064121 0.5497030500612725 0.6376961496865825 0.645940702608577 0.6251310178416128 0.6288911166602491 0.6317642328040317 0.6609043328399601 0.6631587975969989 0.6628472878120516 0.6837913659518308 0.6861507848315623 0.6482027272855188 0.6933428816650846 0.7245441361527573 0.6837067769098498 0.6544419454922451 0.6321853575786306 0.6389667254993702 0.6723118259093749 0.6771453871950831 0.7100680782276728 0.7036779217551877 0.7408120183525698 0.7673791197135132 0.7845223020677071 0.7725546566028919 0.7501540025446819
0.6045194018821949 0.5854799495990738 0.5942100601560131 0.5736314031169476 0.5842733257310991 0.5680206790969613 0.5667524406101094 0.5503139926769225 0.5353551556674273 0.5674744370221874 0.5767125826451905 0.5587606381847652 0.5414135204661815 0.5375779687858341 0.5596373795410263 0.5515531575257497 0.5904095478885254 0.6456906178123845 0.6588370140344092 0.6582270367033982 0.6875804666586898 0.6867459241078913 0.6972354660036433 0.6561740545185916 0.6534175197820346 0.6682228915340366 0.6861235942826385 0.668900626062261 0.7322546093597802 0.7154822998372086 0.720967812527558 0.6946225208230625 0.6606782013755232 0.650723936334007 0.6749828894031007 0.6973916712383783 0.7283306528518358 0.7253604813811949 0.7235746300226013 0.7595959329398099 0.7875012123960001 0.7459807251411882 0.7694493403654161
0.5674907918821837 0.6328982261567166 0.603282341344786 0.5510618655770441 0.5849222560718391 0.5431250687375458 0.5846211571391028 0.5464174282481037 0.5866884696863197 0.6026916455322177 0.5887502239878132 0.5534865572309304 0.5449830472008681 0.5596853249357154 0.5819087960622701 0.6127763030251037 0.6324940159464211 0.6855885592717961 0.6811639818332095 0.653352834201935 0.7152391227326208 0.731226653317916 0.6863455459932398 0.6798326725197456 0.6557961000573875 0.6719865414995259 0.6890610187155727 0.7289448074870196 0.7571717151823396 0.7339097049604473 0.7169628209260193 0.6461402794483491 0.692984487704476 0.6810063306932701 0.6861116003281706 0.7399140965949718 0.7401408423542839 0.752429542740428 0.7417815880997507 0.7051886042362323 0.7536214808200549 0.7753257758653125 0.7872092209863876
0.5861136076241042 0.5725431551956238 0.5544739510393158 0.5629945327248986 0.5411421906513362 0.5564288674685126 0.5628683759516842 0.5918526914551195 0.5554561082432651 0.5469420297475763 0.5506536160818292 0.576226587457676 0.5953382269165923 0.6207515540699732 0.6358831240732447 0.6766287558518155 0.6688056271051408 0.7115461367364322 0.6884477725387641 0.6454806007455474 0.6927715111106367 0.6714146997551412 0.6856115280276289 0.6896277070463586 0.7277833629988054 0.6894009826139964 0.7179027847970489 0.7221541819292083 0.7295086792245408 0.7062217653092545 0.7302877491900758 0.721074070586112 0.6628083875315034 0.663899594307193 0.711271769356548 0.6966662118990269 0.7443562863960594 0.7086311545424759 0.7127790601641466 0.7124692334245599 0.7675648544951181 0.7665119864943134 0.774401245518287
0.5644845444995671 0.5620393049214477 0.5196582768111739 0.4921012546311714 0.5446708302552475 0.5215155217549071 0.5787706635695602 0.5782447472569091 0.5728100997301854 0.5438978626747565 0.560225916115238 0.6035742069208853 0.5977441000868288 0.6156697877837989 0.6523689922871002 0.6711866073085637 0.6690675458144506 0.705923751502056 0.6536295146741326 0.6426351650888729 0.6929025117422462 0.6663223465068391 0.720987638978199 0.7589442127792301 0.7253381366441144 0.7112409727473351 0.7313920571659303 0.7011690867567099 0.6991811370649104 0.7165099703770976 0.7441826114166806 0.7207245636333454 0.7081031576853579 0.6934818201474711 0.7266156743983679 0.7091731946668689 0.7440356847303143 0.7052057011544083 0.6997878028799484 0.7195702523800598 0.7430512200783047 0.7740931660565848 0.7172351386683818
0.5511810257837461 0.5052673114368571 0.48866175111402627 0.4933482129386863 0.5161354770512482 0.5340754791615918 0.5590739888915597 0.5531316925315515 0.55401933332789 0.5489379877947638 0.5646484767162353 0.5870495503107365 0.6257064323177288 0.6136731255458386 0.6412459714713882 0.6434586171897738 0.649979472418071 0.6526920512645044 0.6750034940389497 0.6757218521533277 0.6629876358594856 0.6660588098611229 0.7089027317490885 0.7213898222336034 0.7510911266825049 0.7820640836164938 0.7432705760400957 0.7359505592717672 0.7687172410217002 0.7295962508201522 0.7398939023102602 0.6848718308392772 0.6971019112026944 0.7022057426168092 0.7418377779807762 0.7253031285535129 0.7548639483503294 0.778943335576614 0.7352628503804184 0.7358755975445226 0.7592717952161665 0.7533030350077239 0.7406051783332505
0.5023507770716961 0.4729321268257136 0.5051126260558987 0.4927462632606784 0.48633701567790066 0.5287712722440252 0.5488695520409711 0.6229280371147329 0.619999620483156 0.5815440578408503 0.585612758728004 0.6530189966107649 0.6488488948253734 0.6408017875955256 0.6778472699938632 0.6917828789692996 0.653061752193565 0.6231356310817378 0.6512588113574684 0.6384054878048357 0.6337043323037218 0.6666854902185563 0.6890639214599339 0.7865489144150246 0.7680897800472967 0.8016981667555291 0.7673558876012847 0.7916920993657327 0.7689196621978088 0.7995500001212303 0.730505823617832 0.7062277180121328 0.721170966459068 0.7470781928493347 0.7256659022370813 0.7530830015393054 0.8087735205876202 0.815513878937606 0.7828502283477239 0.7877957474004493 0.7227986348374827 0.7147139437739363 0.724718802375303
0.49052368404515784 0.5270292009444655 0.5142235035344948 0.47700496144868587 0.49892478724690975 0.539999675194493 0.5666418803544447 0.6010435810583993 0.6214989865296179 0.5896256777584905 0.618083522512604 0.63116989830607 0.6453481733339607 0.6578069099161756 0.6708976890352246 0.6442308588326604 0.6171743594604127 0.6476446874403206 0.6826306774173475 0.6503294381401359 0.6766009744831402 0.7186128028938601 0.711226132245115 0.7674626614064288 0.7902091606274517 0.7950849339902663 0.7436796329685961 0.7812953712296696 0.7580131309871727 0.7497792286556691 0.7584327130866563 0.7162363609665581 0.7251767637708691 0.7030046654323415 0.7359009773240497 0.7264368277816232 0.7856991537994824 0.7876610934342307 0.7985684287811512 0.7938431142362434 0.7354204819857262 0.730330794161803 0.7073147769182595
0.5175888927933006 0.5277510605251825 0.5233977941135566 0.4756780559566649 0.5132722590015654 0.5692799408069087 0.5619780797428066 0.5877584740789711 0.6231921205785576 0.5947654482159719 0.5847875916098727 0.5922382645741396 0.6189170838198795 0.6580077634711041 0.6179708215912003 0.6162431710057702 0.602353347758145 0.6648021775299717 0.6664004328562546 0.6908146084987747 0.6723407342869888 0.7151154258120468 0.7307615354335301 0.7490991350736977 0.7929034722222906 0.7490700575057047 0.7631089126620455 0.7281737361406807 0.7509538205531864 0.7610645541002306 0.7322039831279449 0.7449525988768037 0.7527052180275509 0.7269890386940909 0.7556563339208892 0.7526079884128433 0.7872046614885018 0.8015882145012695 0.7685655582308147 0.7924272319395524 0.7638070449563235 0.7402908796046206 0.6574510188272196
0.5079141244966581 0.5003716355685567 0.5063441671939551 0.5222602609605456 0.5027816175097092 0.5659139560189607 0.5685872853881601 0.5978596115808299 0.5743205734512815 0.6068408025873732 0.6112945633754835 0.6321048123902219 0.6211318296533606 0.6572001675406718 0.6398126848382188 0.6118798579785155 0.6315703020175722 0.6069057732117782 0.6638722952426114 0.6612306730754924 0.6811059454366306 0.7298884659604012 0.7165573462229063 0.7214394084780104 0.7596976661955701 0.7436316219778933 0.753142871051174 0.734726940988625 0.7515763010885049 0.6938720492668317 0.6749828475751595 0.7120347907204488 0.685248059997114 0.6690042093632483 0.7342327014724513 0.7225934586848238 0.7729190488744361 0.7787541300140767 0.777907388894384 0.7546369880981765 0.7654213934104119 0.7465059594889022 0.675365202655141
0.48296644821912066 0.484283132392341 0.48797381216030594 0.5358305487031942 0.5332468996183379 0.5568863900783395 0.5600808444145994 0.5482947756559032 0.5699857632886761 0.5577197837743416 0.5880132924336658 0.630693397554571 0.6075610720794831 0.6350537507816697 0.6437141424129685 0.5832315962297324 0.5757948923645845 0.5592336675815154 0.5914262397761637 0.6712524356387864 0.6995191213804132 0.7244927203241439 0.6916045726104549 0.7460086747785174 0.7392834659867527 0.773980044416886 0.7835237111918217 0.7507831081322446 0.7080725875374447 0.6512246839010422 0.6436846390769945 0.6441670621843347 0.669417466443073 0.6254202670680903 0.6501290947992209 0.7063774261022046 0.7371303149102439 0.7324785967125172 0.7234811796519343 0.7416853644341475 0.7350466520293256 0.7373544709397388 0.708321431017863
0.5132462872523318 0.5327115845215846 0.5134312807955154 0.5257369153802923 0.5417893940215952 0.5354038107844292 0.5453593956601439 0.5539110750843151 0.5285580037075973 0.5497665845437976 0.6205503633067113 0.6191116289038758 0.6141069660042967 0.6014144554799449 0.6002710324605601 0.6150687656660357 0.5927241045557771 0.6106271016554747 0.5947918615525626 0.6193377718578893 0.6432863353917994 0.6746427192818917 0.6549885213670493 0.6865537635197368 0.7098320287359291 0.7572175286730153 0.7380146470733455 0.7488986953639021 0.6808730910674503 0.6632502365283562 0.6535349124053955 0.6391126003654044 0.624127698264834 0.6325312287341764 0.658879529142766 0.6916343750336326 0.7266734590552769 0.711147113294955 0.7485772579366742 0.7820674493954389 0.7578242291446305 0.7263756560662291 0.6923861012085388
0.5803890120952304 0.583521506356509 0.5600749614283875 0.572211652725934 0.555361786929254 0.6112882310449328 0.5556255060569294 0.5865493356277124 0.5813800053227638 0.5405286733152362 0.5698929174598317 0.6229296482661337 0.628122140572586 0.6215180775150273 0.5986463420310696 0.5810611747451714 0.5930434360838778 0.609895833403305 0.5791033135314808 0.5877931855478968 0.5765285506469667 0.605056049296484 0.6509463109381628 0.6320364051691268 0.6616438502328377 0.7054238994311182 0.7106035253742856 0.7007986738369325 0.6623939910354996 0.6827658086397774 0.6388785984084426 0.5699986334277531 0.6174802256823191 0.6381927132423625 0.6759168927870302 0.7008720740543537 0.6843246951145905 0.675186124494826 0.746491012714134 0.753390836461023 0.7050752398726321 0.7006874182677142 0.6745329099353202
0.5808997128119631 0.5728983993832584 0.5930497739716596 0.5522358345130994 0.5572785485116524 0.5646186629175873 0.5877034243410345 0.5820902212264587 0.5733701993466567 0.5806650175436384 0.5663376342142544 0.5960820578368342 0.5920343528329485 0.6011878124237806 0.576708606120074 0.5917380447354156 0.5957305305482503 0.5768397228667601 0.6081140618997727 0.6045731012613672 0.5900055743261856 0.6570384770468317 0.6642069676223058 0.6608036396875928 0.6641708608778943 0.622557929595949 0.6251638223065707 0.6513310336171815 0.6567388320293475 0.6426126767317166 0.6346759925825796 0.6379528321737852 0.6148269150567164 0.6261307314235368 0.6522178262530599 0.6501274288664184 0.6704794536527191 0.7074623690631835 0.7251360336630196 0.7050213564900777 0.6851058727875149 0.6934831457050962 0.6302568190600192
0.5509986561099411 0.6149157841056287 0.5719833430157498 0.5122101866158585 0.5457128403281946 0.5343472649464307 0.5516993413682828 0.5709489450043704 0.5392468285840715 0.5613738508573353 0.5600637327641006 0.6001668645952023 0.5752769631023472 0.5238335447963671 0.55446539578489 0.5321204455692838 0.5345852323401191 0.5810154078045091 0.6074887709218092 0.5715429733494014 0.5744831284249544 0.6582165719052829 0.6496458418613029 0.6421161056259371 0.6134420974522525 0.5720409695088118 0.6110218546061055 0.5584505774021218 0.6134493778637694 0.593595793455829 0.5856843696986896 0.6109654184976377 0.6313251659699533 0.5744758617445606 0.6223602675242035 0.6551792298922154 0.671671944057596 0.6869091740283608 0.6933403845991207 0.7087710829270844 0.6756687248500667 0.651849367984885 0.6366961472840902
0.5474102060910222 0.5869324729190951 0.5325396031796817 0.49411728495909196 0.5350948273854026 0.5685277516128707 0.5568247878924593 0.5213795165866102 0.5100343829765951 0.549244341164811 0.5160606892509189 0.5286185042742345 0.5231686575599025 0.5389213947575958 0.5455505043518906 0.5382006598517911 0.523334452351675 0.5329512865321837 0.5547501653518939 0.5534482181652405 0.5949123454297107 0.5988860191734356 0.6162849403423636 0.6085159096441595 0.6373695630780545 0.6094429192071706 0.5615988857127473 0.5760136461084251 0.5396186928442802 0.5683161428624115 0.6053398463398987 0.6116658324658946 0.605551667977921 0.5930049493803169 0.6226019137631531 0.6628671694707379 0.6669859309132224 0.6442287994661541 0.6764693844905008 0.7265407947985224 0.706441119709845 0.663622777448281 0.6422689994315431
0.5514227874681314 0.5375608491938813 0.5118741196905984 0.5236723128545488 0.5021267812682796 0.5535906841144134 0.5278600044519771 0.4684763193648235 0.4549656227157401 0.5169178875235391 0.4839352685904949 0.5059496458758944 0.5177016312817466 0.5336234402314739 0.553567988583995 0.557567885310613 0.5434676783418243 0.5450570142902994 0.5449856698240311 0.5758072938290473 0.5448841185878494 0.6026548854714024 0.6153890780196706 0.6041821991912253 0.6136004063203392 0.6065260496970776 0.5549797791824832 0.5758810561574397 0.5863928509380958 0.5507298357143013 0.54240404821699 0.576244759328514 0.6019137436018349 0.5598788276436897 0.5988560128411838 0.5930494051562615 0.636525275251824 0.6743623086048277 0.6414700771621863 0.6870398911246901 0.6986205537217107 0.6886425089962748 0.6455632421399863
