Raster_benchmarking/Raster/continuous/raster-47.asc
NCOLS 100
NROWS 100
XLLCORNER 1743149.239864145
YLLCORNER 5469281.275467614
CELLSIZE 10
NODATA_VALUE -9999
[rows 19 to 37 of 100, columns 0 to 42 of 100]
0.33579908940437764 0.32124725300999196 0.34502853223704794 0.3631758906750672 0.3802277138214219 0.31734566637014766 0.3492464703670629 0.35039688651593315 0.35173089169923627 0.33045467199065265 0.2851903803589784 0.31124201667713963 0.3336916459729869 0.34144478471981 0.34708819540406455 0.36566416193938284 0.3476602198599504 0.29783101537084866 0.27333376702025186 0.296050662360897 0.3041938772803897 0.3108238605491922 0.32870421931199234 0.3885495836460445 0.4280039849433098 0.4305079671301582 0.4166220470966892 0.4082634544100581 0.4522094377146662 0.4553780377725662 0.4500996882071711 0.4318994273475873 0.45222253391560274 0.4661327699635337 0.4998915474586342 0.5195868354579957 0.5474157608763475 0.5630315343937221 0.5836929256894574 0.5517644661220044 0.5664819969427596 0.582526827282669 0.5942633079792105
0.34262070998684035 0.3575908224638246 0.35459567555598276 0.4145620555111692 0.4132947586757955 0.35766249106839393 0.31397631540000714 0.35916873050163395 0.34546339019432737 0.33282389158768205 0.2826501415278324 0.28618927562673646 0.34944387483946826 0.3677764194731393 0.38193745828514386 0.35193346558394484 0.30436096883431535 0.3139698705834112 0.2315651167083386 0.2840759597576118 0.26397074745051485 0.3140371693001374 0.3516562476799281 0.38560576071840086 0.39622679120522736 0.38854533539939956 0.42658258866013693 0.40075263955656926 0.414195593909838 0.43464650188101084 0.42899615287994364 0.4464262623540077 0.4859844913561005 0.4514149016946808 0.44632518624110523 0.4600880400447307 0.5079689150219313 0.5222923427838662 0.5390998452843196 0.593305682062583 0.5924469853306858 0.5641939895096973 0.6075354543705044
0.35048353541684246 0.389684544107803 0.4277842162523379 0.4220308855728798 0.37345627741731646 0.3402667949853336 0.3203994336554705 0.3369593897903132 0.32992164724285516 0.2945711825067618 0.27348339609907996 0.2846915230017862 0.33931148644817205 0.35140045892845534 0.37281018402862426 0.33109423793829407 0.28215959472967533 0.2960867673371028 0.2283706765892722 0.21666968414853766 0.2461080467273865 0.3345726539528722 0.30782662013193574 0.32406230468733954 0.3174851453785021 0.35058231333734713 0.3433480458936002 0.3706677870143307 0.39458824636130285 0.404423900839093 0.42721561616116627 0.46857448168967736 0.44164631245435243 0.43853461653756887 0.4483059666243363 0.4638278869314404 0.4755835758722316 0.5052788726773375 0.5853605688258245 0.5960953093448276 0.5839489507250161 0.5982014062099837 0.575345848174234
0.3161111994168009 0.3765954972147303 0.4348601403305365 0.43421649557552827 0.3956293498913412 0.3932412460569754 0.3661853107710578 0.34673970891482103 0.3529157774276909 0.3287777734289977 0.28750744503385084 0.31615421228425694 0.3385980485723363 0.37165353789020666 0.3586955387670827 0.32680031463091264 0.3091231582496828 0.2591774377658793 0.23830230277500664 0.23887056558903186 0.2555700709284087 0.2953776455840285 0.3411388270078471 0.3202036925138895 0.28965361428673736 0.30243477768572974 0.3263780463798813 0.4035003663968586 0.4398639695402042 0.44126549388446545 0.4591062049663988 0.44383680649260354 0.4423803870711189 0.39005875940176515 0.35296242920035126 0.39329872956617445 0.42399796831724695 0.4867427054903379 0.583398169862345 0.5551834281185811 0.5873580028711856 0.5789314677792915 0.5788412749821956
0.3511865718370232 0.34747323124113355 0.41601701993080786 0.41969206050583796 0.4321362131686049 0.4028432700707046 0.39988490191878723 0.37768829406422816 0.33789156378404056 0.31768036545330103 0.3222619572418938 0.35640900641730344 0.3117824093748881 0.3271604191975328 0.3195673585948847 0.3169987383181642 0.2815677651409249 0.2570025740132106 0.2506173397583111 0.24517441739961182 0.2635175102015333 0.2992489797532506 0.30951421349089603 0.29257509842988916 0.3348276887958714 0.34242140817274525 0.3178376029494281 0.36532003415119674 0.40681107341270645 0.39589380294505455 0.4000077050308511 0.42886454010223235 0.4532670541021508 0.38724575811102346 0.41636528381660326 0.41612586196884704 0.4678356559361059 0.5173692978094023 0.5491130263884868 0.5248053696721018 0.560423065275214 0.5620903735204954 0.5935719172899686
0.3492301074646704 0.3566655094699924 0.40495605529937045 0.44448492402708595 0.4276556000528177 0.42229079577058914 0.3786393598215124 0.3127651730077129 0.3025141759250348 0.2871289721254664 0.34751120318059553 0.3139227615750576 0.328847230911167 0.3475125162254355 0.36193269421692337 0.3235908820383788 0.3340155758962847 0.30923819958697 0.2611961105352833 0.26224742512059573 0.2950776626281126 0.291165771051384 0.34152038139465946 0.2929384496858852 0.29259370282146613 0.3276906067712009 0.3596941787669763 0.34062133049427057 0.40190300893388375 0.42020857719861027 0.3901932614674838 0.3868478274341459 0.4372643223043181 0.4315192477914448 0.39068448716072096 0.41470462424295035 0.4546459699700598 0.4691792183541426 0.5021530370484841 0.5051507874695227 0.502695603348187 0.5152028941625505 0.560745380522556
0.36444532246830735 0.37214607593773813 0.3960724818280691 0.4256352602381885 0.4351214562000337 0.43302116986509576 0.3448729768549818 0.3116569228394151 0.2899678719142475 0.30257735267066405 0.30251804716197855 0.3174977705285812 0.3070324336739421 0.3378726201775965 0.3463771645173854 0.35167928104766805 0.3449542134898629 0.2999406809516159 0.3005613281584022 0.2996269273069556 0.33071907292172714 0.3291395401994239 0.3262895332400922 0.3096515914503177 0.33482706288819797 0.3179501446412665 0.35587847977641074 0.3566910576633047 0.3475524584821608 0.37238710074493825 0.4333168062712009 0.4135913099327691 0.4562839558765255 0.461594970012409 0.4237333801128163 0.47608865630908576 0.44694302234942834 0.45511403796925065 0.4614507530425357 0.5010003801846737 0.5042648137182423 0.5229039092484663 0.5618494765973818
0.38847753489952536 0.3626052022274869 0.3855102097580956 0.444908273523689 0.45649458838498536 0.43804569076785455 0.3555095964294739 0.3271130597074252 0.32239514823262794 0.28506812754706035 0.2656915405156502 0.26646802895555344 0.31717594554751016 0.30488816797453094 0.30189988223920683 0.3390086689213906 0.34046265546428184 0.2735887704689568 0.27532818076895316 0.23406007048683647 0.2815188021925482 0.2529533438227617 0.27881798110511263 0.33830280906259197 0.34366997035231406 0.3465829479860437 0.35256184463280527 0.3818190614975601 0.3658232329490798 0.4103514539158946 0.442149356820314 0.42036694691769455 0.42272496538852666 0.4222991675111352 0.49465536941534 0.45798200590655147 0.43680260962420575 0.419746687552078 0.4896191745877939 0.4939113062398819 0.4629681088472565 0.5057870793889615 0.5344594793679258
0.3614850840091069 0.3764622065711357 0.3850195533009341 0.40381128051877146 0.4448031609814885 0.44584138004112456 0.392598931745037 0.33472792711602084 0.30966570655237013 0.2630133777870969 0.28403778457096884 0.2926909075930929 0.30821506166931634 0.3008891851086872 0.28869211103761067 0.2738664199867023 0.30997745587488196 0.27742960394897 0.24899014548765644 0.19852320904056975 0.2424142036920053 0.2451465664693086 0.2513406971391786 0.3000269036900595 0.3067762402011776 0.3455896930082668 0.3741333956477218 0.3452643787802111 0.34866412241622535 0.3447505665086881 0.3438889340431607 0.38028722952758814 0.4016718285093454 0.42960526371464874 0.43170319824399583 0.44902138130287716 0.40235521356913756 0.4042831029560842 0.44509680499483995 0.41310261137445375 0.4026841563763097 0.41395240634919983 0.42530265412015616
0.3998437618117694 0.36495463580065873 0.37441902158084184 0.4261249063960711 0.44570592644672996 0.41758814316895815 0.4280078162958663 0.35859148436386135 0.31089107139749855 0.31073770482793767 0.2575304250157028 0.2494319097976821 0.27496819732837624 0.26050969493285925 0.2783486562998977 0.23633869409705577 0.2630840876229462 0.21868063135981347 0.17185041125692838 0.19164507797836072 0.18287029847140396 0.16495276436235268 0.17930130686826018 0.22519211005489606 0.313366534768012 0.3696134079308671 0.38655102349738685 0.3898539444227645 0.3790754709041157 0.30820259158115076 0.316657354089189 0.36823865792457094 0.382858832906151 0.41015443119550105 0.4552867045697565 0.44749081992376816 0.4172344480691067 0.37376947047347864 0.37549323620633746 0.40534033154918175 0.372540142672547 0.3492834618096356 0.36603966707643076
0.37823366061921454 0.4160335648276272 0.4351307730609762 0.4109581240625121 0.4367313758183511 0.46993971763761627 0.4218083841254043 0.3959436098088194 0.3435980108578713 0.3255890288763546 0.25319626822715635 0.22375469379549728 0.2500400443731107 0.23841672214014895 0.2860026832437133 0.23508357730798735 0.21716679073446 0.14632714475183906 0.10927645895977116 0.154485116897101 0.18558804263253303 0.14142047299004715 0.13090275089891484 0.19319919322953208 0.2457361538146631 0.3278047435663121 0.35612494525380683 0.35868738782148585 0.33666045548010476 0.31656129795392907 0.31798960345678595 0.31007717259897927 0.3545565936030989 0.39353580806529 0.3912743384394931 0.42128820544113266 0.38847960284461075 0.4146168431275016 0.3918331652922396 0.40575236887998006 0.36980532436291996 0.32801642910325096 0.311822646671376
0.37545347893136954 0.4248532756506363 0.4374932889526818 0.4276105288077367 0.48945047296515126 0.48490378330915523 0.426946251290021 0.41228410803433563 0.369334668622808 0.29843445603474583 0.256504265234638 0.24023075856141163 0.22052846871916512 0.2822264042339454 0.2873711060225386 0.25298215382921463 0.17969583349549215 0.1545119329658292 0.08150148510808948 0.14974086704233952 0.17735825635255334 0.12040108013038907 0.11939622112559262 0.2045094295396655 0.24061118457816846 0.2799292480406678 0.35566001387876417 0.34553310189596775 0.3716444471693803 0.3287567984879452 0.2695528939724189 0.2830860194441873 0.3731410574167995 0.3870856149765444 0.41111498796473717 0.4105905351104897 0.4272070215725616 0.4101197013815416 0.37824932423443886 0.4213743522466254 0.3954674717445573 0.34271105622210096 0.2892328391853721
0.4410018068270171 0.40210510581587966 0.4288854224660072 0.44790482346856453 0.44709234404774983 0.4745033404052142 0.4611381504943768 0.41352644332401944 0.39812052409216636 0.3008834181782946 0.2782186975471927 0.24742785889341185 0.23652994079930817 0.2684014576512005 0.2761374344256971 0.20750015537648786 0.15705055083373545 0.12453027820009964 0.12938679382025126 0.1139493724982378 0.1383094888047531 0.14075263678076247 0.13449087318557265 0.15133089376818495 0.21702126397473456 0.23395381424801842 0.3044452740489059 0.33496162449436373 0.30009790533452424 0.26308559203087173 0.26244250371913164 0.27004112652677026 0.31075849851926096 0.3228824248257357 0.3247403901613637 0.3414848576519647 0.3740100631518454 0.40829518940036447 0.3818981388149857 0.377816461838685 0.3682756336768247 0.3444844544693948 0.2778171394401598
0.45764588840919895 0.4263843455319817 0.41919341452607894 0.47248949554387665 0.4444949332318642 0.4796442204161599 0.46470546633143955 0.41446341093317585 0.3810152523627772 0.29139745105663944 0.23584419538343396 0.2517716149294844 0.252557000863708 0.25089032562046565 0.26815917368270414 0.2455981840848139 0.18664521390603 0.19167388928667345 0.16291959013758495 0.13891772729318674 0.13301157210886455 0.15355566265062826 0.12966309019100147 0.13835522318440877 0.18425142609911854 0.24610580861945627 0.2345051156929478 0.2561004693270835 0.2920406940531359 0.2442092581326011 0.20066236204748378 0.20541362848390204 0.23724429585705778 0.2435183814813998 0.27075881391486706 0.27625886000817684 0.3352171666418222 0.35301718485250916 0.36821331904777177 0.37547955408199224 0.3504566627008351 0.34103205037530027 0.3110679651876786
0.4354514526158455 0.43680845123460904 0.4400303692506116 0.48525738314491623 0.49454845509254947 0.4290611564923782 0.4018511781481022 0.3685186202318438 0.3746845686440079 0.2931890641843833 0.23254762145394758 0.2511829513979487 0.2848558468448521 0.2579449113691053 0.22616765148141385 0.2417627431564163 0.19841806949837124 0.17448482366193965 0.1487546207879646 0.15899139366095888 0.11737188060980139 0.11044240248754536 0.1491826816714815 0.13903430892544671 0.1982973722078101 0.25921211736694744 0.24580023903705697 0.28431181025672697 0.25467196459346875 0.2466739951363158 0.23895579539648756 0.22237238057301748 0.25111904001748264 0.24727790230529514 0.2242814445132189 0.2767046933129084 0.27953515855726785 0.33547683393684463 0.3194371993510073 0.3600786962233153 0.33094936501305217 0.32241889184264927 0.3259798516717472
0.495006380329278 0.4598230202871713 0.4858896110383382 0.4617247253226731 0.49545452132080825 0.4702452212677679 0.39411954798194787 0.3389026449698454 0.34170118220132617 0.3306644712994842 0.2647078477058953 0.2816110553401696 0.29127789902122836 0.24747963549237648 0.22685773567313763 0.16680385921368227 0.1681474770906114 0.1448817869805146 0.1378778330443481 0.14887304148671598 0.10944602752381129 0.09889191544652652 0.11469414359048619 0.17013907149446708 0.23557194846799887 0.24333418459588646 0.27389625842394566 0.24179386274096037 0.23455938283917938 0.20248974835223707 0.20762465967672394 0.22713293647735802 0.1772992989781462 0.190351713381276 0.22389434220176857 0.2559456673846472 0.29156168274199673 0.3272211625201148 0.280944730517207 0.2804135161339028 0.31635139656948064 0.334837335317915 0.33259935184741335
0.4836267475418295 0.4653997064107419 0.5041435372838516 0.4712157202356668 0.45099250664270835 0.4734291298335199 0.4042904795317991 0.3653906964052075 0.31951274262394874 0.3112631426328045 0.24465204598078577 0.2607103555962088 0.2846124715768175 0.244517282343257 0.2122299680441034 0.15839138687747933 0.14143827372661985 0.13475025745113556 0.16217417100526435 0.1401288154742714 0.15657175441644444 0.16284076666821964 0.1343829955540728 0.16567781178432267 0.1791069892176801 0.20459159291154763 0.1966317036320162 0.19118196740837012 0.20749968552835119 0.19623840501673695 0.19241565470598676 0.2021126366986473 0.17930497029469034 0.2241308049281629 0.21871852623381974 0.25230760552860615 0.31304837163351656 0.3013290739036415 0.2594199924069448 0.2667805175885847 0.2774736178523054 0.27885283066141126 0.25781661451948296
0.49332870920545013 0.49097743259089605 0.4760355898394318 0.4926780880927049 0.46433057161950375 0.4798609495448924 0.4446381972505343 0.39593829423538596 0.30694552838501604 0.26137011610334604 0.22194569178939028 0.25835603556141273 0.24357106793750735 0.1998326097462556 0.17509006391669274 0.18382350764463032 0.14807712273590456 0.1325248658009466 0.117912693558917 0.12154126786398657 0.14129869206831114 0.15275100696478955 0.17313562931668644 0.2141933092865238 0.20462543896935229 0.21599590079986605 0.20472631532160013 0.2201519409629932 0.1700359636737301 0.1777111892577335 0.17469417041449992 0.2303480686979795 0.2133812048404265 0.21356253234670222 0.2800580826278234 0.2613402403663194 0.31434149882758256 0.33413313777655057 0.28477969353074384 0.2923438670433638 0.274524314163413 0.29717025453504703 0.23992439630858622
0.5257762465408018 0.46852951082681077 0.44314529629130556 0.4763609145075307 0.44385859547188095 0.4198151617216707 0.42962172851155817 0.372271554580252 0.29842950179509786 0.2651565880085619 0.17886350682213706 0.18175885148440077 0.15206555062282295 0.16891932262570214 0.17282976966459046 0.17605652355407164 0.1277718026901597 0.1208861475708523 0.1705510467916261 0.1644987333151223 0.16308734675871883 0.175566917789674 0.20436124442063622 0.2023228564724165 0.20970475275451592 0.15301648426914044 0.17160516436960105 0.20282136323693054 0.234031859662594 0.21809886451651775 0.233595446258077 0.22228193898677454 0.22383669967843575 0.23138999108865976 0.25649194571430256 0.2833348422538652 0.3022404332321625 0.31860056481019783 0.3283872190153202 0.3090297627903568 0.3143488469159625 0.29665615883739144 0.274052001847735
