Raster_benchmarking/Raster/continuous/raster-392.asc
NCOLS 100
NROWS 100
XLLCORNER 1743165.7143844476
YLLCORNER 5469297.132542532
CELLSIZE 10
NODATA_VALUE -9999
[rows 76 to 94 of 100, columns 0 to 42 of 100]
0.3426236640251658 0.28078641826520007 0.27639952285468955 0.2829865161024512 0.307649126996081 0.35119573853071084 0.3800989471731723 0.39764940863628 0.34323435343532244 0.35005510132587314 0.3639507068134297 0.3731694880064509 0.3547986315412243 0.3825287593345025 0.4048268332504411 0.39928501994506516 0.4188674048784405 0.4614300830154221 0.5115134634365153 0.49280719716309807 0.4505196548182068 0.46354027521112723 0.5143074819529018 0.5377334056988211 0.6125175214683002 0.6165193991181829 0.6280825458000061 0.6398162575215868 0.6239149196818556 0.6594867045365224 0.7012470992907547 0.7064384601463841 0.7503344532463467 0.7432840455886401 0.7435604196599801 0.704391328861817 0.7293443162175822 0.7546701841974367 0.8074865583375556 0.7996195312206255 0.8529683831783954 0.7768899257142814 0.782533489071878
0.3117130362488903 0.3030870756970387 0.31124801566695165 0.3090332770772991 0.26532462697420806 0.32849782508361497 0.3261092618384521 0.3351619625731832 0.32027451484469416 0.3176001464158338 0.3550509113260438 0.37557709909799347 0.4150822452594714 0.4056840614084938 0.4632849854980564 0.47783154181833015 0.5103667123412494 0.514746064466812 0.528307668270297 0.5283276711866383 0.5197226644323868 0.5148278950756926 0.5649664146714386 0.5648990108253965 0.5559174245470124 0.5815144914037547 0.5779835434998891 0.5973077938888182 0.6323508791960892 0.695494207755185 0.7012644349227029 0.6990814632447325 0.6886462593977323 0.7372258014999549 0.7600806043995528 0.7420543706867746 0.7263882976608494 0.7579898293742985 0.7706408752917371 0.7727720564210622 0.7639006779743817 0.7900843231297268 0.8023317053789044
0.3132556755682114 0.32460758072718104 0.27977973929249933 0.2799563990561938 0.24192159111427947 0.3084487596784759 0.2851196043331022 0.28940182380753143 0.33106173208403056 0.31697431770954787 0.3606308731921697 0.36546461108564093 0.42538412277745097 0.4168643436228706 0.46644627082565665 0.5029722650744497 0.5261470731178777 0.49786860440304564 0.5151350922453456 0.5457456099005854 0.5497148926224441 0.5191374602392665 0.5409207957345932 0.5129578433722779 0.5288385595920584 0.5867021902092912 0.5755135720938908 0.5776735791264682 0.6476294980985505 0.6783620952243429 0.6853719964987104 0.70275464605596 0.6846225265136447 0.7556320797715034 0.7864817726530235 0.7820193466294533 0.7475219686006687 0.7566218660160517 0.7547049086701135 0.7481984281237463 0.7577974333728342 0.7832339796517869 0.7554147085210374
0.25264166560856927 0.275185847738012 0.29599632900193223 0.28513557503733994 0.2947298197388951 0.30681505132425807 0.30641557469068886 0.3354128885262559 0.36454149719915113 0.33514255784629626 0.3828746764575526 0.415887021516199 0.4113003974217036 0.4101685868722844 0.46893947941271624 0.4799718062652641 0.5263028793628229 0.49537028937043326 0.5374769851190877 0.5696729376663968 0.5249603183902625 0.5289985897954234 0.5470519215295122 0.5171413485618418 0.5526021327236328 0.5456186123068836 0.5707767694574241 0.5998835637718969 0.6150565940391328 0.6280714898232606 0.645654300302313 0.6525445591860632 0.6522105340804325 0.7035569532897653 0.7667708779407691 0.7856722622365446 0.8202981239981945 0.8021467150580394 0.8082878976312452 0.782072564173157 0.7474767221912606 0.8068281572630475 0.8232250694859814
0.2608925182465387 0.27081518139887284 0.24618984608665573 0.2544993743327577 0.3092319829227091 0.30373643965344976 0.28801743530578744 0.3110908886852611 0.36207072790789874 0.3648464820972253 0.3980539617422531 0.3607490506488039 0.3903630106115703 0.4283437950848824 0.40453555337825814 0.43049860942851753 0.49148567584761405 0.5461260294749873 0.5425639064439479 0.5643509663758778 0.5512165764310002 0.5533881519274241 0.4921617499634698 0.5375393366030955 0.49427260435123005 0.5244805131016086 0.510883652801499 0.5605633662855818 0.6366619990560135 0.6401610425554572 0.6662009937137292 0.6534069504439307 0.6176950118070696 0.6898526625317466 0.7898260683055931 0.800904634566071 0.8426435072613856 0.7904285072150927 0.8021448316062139 0.772256820927158 0.7720413639771025 0.8021319855160355 0.8347034449449918
0.2599697548603611 0.25592786895747294 0.2263919457905819 0.2633594268993097 0.326526107950619 0.3086518233642357 0.3364875554029128 0.3623756312288794 0.3173896067487481 0.32199126716139187 0.346895058630608 0.36142941852228144 0.36597414311649124 0.39196977072798833 0.4111136918655857 0.4177416853974004 0.4879477784685573 0.5410242528074845 0.5487875064496062 0.4867686225085084 0.5326041419539277 0.5251231285763067 0.5416287175099924 0.541728669096484 0.49642531540244944 0.49916547979816067 0.5499445421358677 0.5612092201111951 0.5959339616611458 0.6065833020962097 0.6463515616454476 0.6233068885599476 0.6222961960860091 0.6604501147506482 0.7107261162611699 0.7948372114484513 0.8420856808293959 0.799471169511314 0.8084073039580566 0.804212831652964 0.8013134719705362 0.840678513382964 0.830512247156263
0.16634486073389956 0.18191403336933562 0.24055959222823403 0.2463268527901728 0.33856142073498213 0.33451634564114285 0.3542399185576288 0.3715698613941137 0.3233269183254495 0.3362537753762878 0.31899638542970665 0.3709731252948335 0.3373830919418921 0.4000194098437599 0.39470034189212927 0.41848786480600786 0.5048296812838728 0.5062901791049635 0.5051083038539916 0.4750875793100736 0.44585119356840425 0.4574181594194827 0.5038757587051417 0.5194857836503082 0.5469426745978115 0.5356489617945716 0.5422743581986682 0.5509330671529156 0.5957413456809185 0.5745651432778577 0.5845822898863539 0.5701873766179599 0.5891152960756342 0.6455507972626311 0.7246252128464581 0.7988507758108538 0.8215219715846498 0.7956677810559755 0.8243848838021403 0.8134718901103272 0.8519058476301403 0.8264449632653653 0.8354606472826961
0.16422095875546633 0.1816126168719308 0.23701040418154687 0.25645987751002775 0.27414183810386 0.30313223679474144 0.3322001821452949 0.319629584124825 0.2925193048586241 0.29239114183333226 0.3624174117895452 0.3932442959225516 0.40036681326220735 0.38935250466969984 0.40290645193959995 0.3893750596510831 0.4541930050868113 0.48008080381310264 0.4561159378915613 0.4707551367147324 0.47294560156907517 0.467315033817675 0.5016560787919194 0.5111874339491844 0.5403500582188175 0.5633640741442458 0.5828137564980711 0.5890110641442642 0.6165151664386324 0.5727937125988936 0.5730361730673186 0.6022967196160753 0.6153009892631435 0.6086006398950368 0.7280654368305995 0.7839297101485739 0.8147454336440724 0.8031488424028482 0.8561643542973343 0.8551618983548197 0.8780529790002508 0.8361955469783994 0.8886045393518062
0.1394464938374513 0.22754166822852462 0.2239913699265079 0.2831493405385269 0.24814144086733084 0.31026671759503577 0.2737190123644712 0.296070078282321 0.28225674216449087 0.28542664197033774 0.3459495608357961 0.40837255375449466 0.4544434006514127 0.4257883831082807 0.3738214134606108 0.37683644781563214 0.4077595061830582 0.42838006879007584 0.40698438703503126 0.46424707801697207 0.42628501525893947 0.4884069901875544 0.4746918589184228 0.48423007090649883 0.4857117262546385 0.5060012521715735 0.5698279881314073 0.6003473641222885 0.6166537491861225 0.5732150420147583 0.587631813940843 0.575987661512165 0.5635725017648756 0.5954410454826617 0.6707820100043084 0.7463416161508445 0.8030544677457868 0.8465101664648041 0.8285570271377584 0.8298575459314289 0.8754245554286124 0.8584467582686112 0.9116641947361364
0.17815343961211308 0.24140592717413 0.255728035085826 0.27699992860195327 0.25311486184509935 0.29717464449416264 0.28185439120559613 0.2982366625966181 0.2806230920076348 0.3395305049952995 0.38504281766205384 0.42449647971205295 0.4475922901105497 0.4460192083950939 0.446671346147206 0.4056087960639036 0.38760325834691506 0.3996387683532178 0.43440512719251095 0.4368877672572279 0.448036522796015 0.46203460257720846 0.5087661509489445 0.49802297120942224 0.4723117528662335 0.4652493238463857 0.525317959099562 0.5452542278180501 0.5568413366353032 0.6282490751429275 0.6172242795195094 0.6316799638336246 0.6022406161806431 0.6649399907762935 0.661896201601948 0.7509511043300846 0.7712259322037578 0.8235999672291496 0.8547022651774737 0.8633128458813581 0.8674346907218909 0.8604765779779531 0.9161012569906571
0.21176283613941502 0.27519502116999056 0.28163140262184083 0.31287279790336253 0.32035852499065237 0.31297752383858435 0.32872016318741204 0.29441339837417724 0.3219441198793209 0.3746108045120039 0.42613206640381623 0.4123333792172125 0.4699377925364675 0.4510113700700997 0.4504734942032097 0.42642492487951905 0.4076094991523685 0.39220292259313905 0.43767948331715634 0.44554130793483493 0.4210654392547548 0.46899319743948087 0.46968519213773136 0.4595139616846432 0.4471887619729207 0.4884208050279158 0.4740720524076349 0.535046333285521 0.5499400251427157 0.6054923878280014 0.6365146349436831 0.6125974603686601 0.6577737890656136 0.6805208557522687 0.6907861951460113 0.7315053483235389 0.7788476575496631 0.8179139197596005 0.8628806825109152 0.8672893854821373 0.8287128311773004 0.862690852598512 0.9511425401980967
0.25233754141920045 0.2687108787670125 0.3033441052980878 0.26919512734535467 0.291687992008248 0.3057014017838398 0.30592711982596366 0.3450127278997971 0.3357651825599864 0.3447512373222547 0.3581999255829521 0.37241811866424074 0.4333044841596976 0.4520272167129503 0.41350626916617345 0.4321107480636095 0.4252477123702276 0.3905646128250495 0.3978320722443886 0.454682517143853 0.4171509575733531 0.43427940942284626 0.44173089312467606 0.46570472130617785 0.4179863194074494 0.44515636064470243 0.44997327262116066 0.5064696195214228 0.5693714417507305 0.5813632586286203 0.6134220599809062 0.6013630599670886 0.6558736092069024 0.6713210097439557 0.6671385193255438 0.7293429807890653 0.782542110648547 0.8177623177067558 0.8453497362381778 0.8583376558456516 0.8683496546575494 0.90272904826939 0.9380819363460918
0.270707982848145 0.25859596733088364 0.2690956963616363 0.27805895439822637 0.24971034428379527 0.2613775190097944 0.2892190002844602 0.31403547889747285 0.38081616415427927 0.3340106560849084 0.3400614113894339 0.3883098743112746 0.3820964837930952 0.43762918967317405 0.39481763927116303 0.37786017971510266 0.3987804788552103 0.41148162126317106 0.41759237697538304 0.40370440430818705 0.42339499125638946 0.4282110139700703 0.4455719480408167 0.4424102871970267 0.4104078533357324 0.46181940657676984 0.48450902827582853 0.545532538867837 0.5449851218966042 0.5342865808619397 0.5610885151825953 0.5803245006086888 0.6523797564002185 0.6829471258584761 0.7043752596784357 0.6846271641457392 0.7109297274076608 0.7732217896617549 0.7899665796015524 0.7784783812505165 0.8440489614178012 0.8933166165672316 0.9342208833038326
0.20637874573952456 0.21803717140536089 0.20186457647955763 0.2227401986060625 0.2652809602816472 0.2923262962895888 0.291871807504322 0.3237699523427667 0.3895041817014736 0.39034141111507487 0.38918475786493856 0.4033758168741896 0.39101730715222205 0.41109782621949875 0.4252907220805185 0.41502577219045556 0.38413537578421214 0.41076462114022916 0.37736853487438826 0.39746592897593386 0.4102981695431614 0.46234943214582 0.43032913728919775 0.4118134394909776 0.3835499394317636 0.42465414556696196 0.49839201173276637 0.5284133948531708 0.55898803402395 0.5768794206761952 0.5757510745328762 0.5791389711125172 0.6552141401899967 0.659954742546231 0.6642545420368932 0.7065947550216441 0.7345626736383863 0.7383862487341575 0.7187461041182708 0.7503174705031672 0.8226858719887016 0.8120912562071229 0.866136789115194
0.21579368675108637 0.18419712266201868 0.22318124070448825 0.2150402911921825 0.24181037880004722 0.2922023710104427 0.34536146848337906 0.35685385723615426 0.3920264918838129 0.39548970413649415 0.34535271874146317 0.38827182304007657 0.4220884593526482 0.39861797351006123 0.37257041273284325 0.4255152200533493 0.4388817254465749 0.43009635340888996 0.3993137437319196 0.4042037724855548 0.46390210319768227 0.47384160650594664 0.4055646311887549 0.417877946788093 0.3986675629059399 0.4703671768161221 0.4741943639190159 0.48846761550271883 0.5387974336153267 0.5715650257979596 0.6017606352967922 0.601581893033978 0.6253133225853661 0.6679186523743371 0.6708314697580697 0.6904876408441696 0.7242848988783632 0.7057302765517406 0.7173090972900608 0.7456397277111025 0.7726397237742669 0.7911036195404383 0.8200822328911758
0.1955170848226535 0.20779026538321888 0.25445306501094545 0.28162341602592 0.2739722323180729 0.2810557435688623 0.3158336332116096 0.3822126243892024 0.3784657767878169 0.40122163594479293 0.409538404316373 0.43028049911367533 0.39427586838372675 0.38973819400450693 0.33168098054996603 0.34612032117730496 0.38926698815547073 0.41921757069669335 0.40494891432035235 0.42347654755985664 0.4636869280543413 0.4462032729521283 0.4684758309819842 0.48072265585279944 0.43444508411015204 0.49498349175186884 0.48635454295620206 0.5365082005950225 0.5339950273188221 0.6035158008543452 0.6430834699736441 0.634061175820826 0.6617859116958064 0.6499961159149853 0.6843390048584326 0.7078115387327579 0.7355289789302653 0.7226274460696153 0.7018120047507457 0.7372885449712647 0.7539416690612432 0.8218852171712769 0.8391373843586963
0.20001942701687395 0.2523026279870764 0.27959857290210177 0.28973456410321086 0.28236103868659196 0.31167767378531397 0.38160919484020484 0.34856569609058374 0.3890484853302775 0.4111069883968796 0.42086084265151885 0.427159098935946 0.4302643315118093 0.4010712003547178 0.339470559312289 0.34779304656460214 0.36465444297934624 0.39991214272758413 0.39860603780490034 0.43044619952989505 0.45599989306396904 0.4888196146110482 0.5114365830823765 0.5219232951403822 0.48733579424682627 0.4975414461862742 0.531480281035386 0.5760595047968076 0.565962902257151 0.5928902821544718 0.6025154093850754 0.6316470067932178 0.6094309995324345 0.6514409337776278 0.630524318630811 0.6706780904105689 0.7445462921094745 0.7452877596958591 0.7242428711890178 0.7418562776340415 0.7269718539182095 0.7781912866399724 0.8368981317501797
0.1912722809846679 0.23641736482322154 0.2295945304546716 0.26870007466990165 0.26110487022711754 0.2954315153855295 0.32424977894637347 0.3506213110062388 0.36188928415298083 0.35425222009823215 0.3688879655668224 0.39448812429118185 0.38188760768542135 0.3730895421420482 0.34799701180772324 0.38728978125471075 0.40282030129706836 0.3722761049109134 0.3999473866098258 0.38116605962280925 0.44366908912194575 0.4925621184193346 0.49843903944082385 0.4961308245688203 0.5435579274924393 0.5409988145043 0.5746035246628379 0.5695574733145439 0.6318984098794685 0.6312143963802612 0.629459057478885 0.6182354777512096 0.6265840598191017 0.6469479128202067 0.6515666407877119 0.6604837804843836 0.66529435337595 0.6983307117662568 0.6753856672241618 0.7057254597926207 0.7331423040379684 0.7992713042994894 0.8197647381063298
0.21807296492853226 0.26307347796023367 0.23719557596330648 0.2420784292614081 0.27092413329513126 0.306181292802267 0.29053493571187355 0.3130835396355624 0.28723118241409296 0.3488689315611696 0.3498555057166953 0.3779787057543604 0.4462945738428186 0.39226536245966104 0.39902084950163713 0.3717796428867367 0.37551381751106716 0.39439875162483984 0.3776657332322131 0.40038598678570425 0.41700044360145716 0.4743413938751847 0.5013848710523953 0.5071240683728937 0.5495902944944917 0.565985388078911 0.5269799963189106 0.6053918532370918 0.6313394636583827 0.6177717877597242 0.6617339980727563 0.6033863801572786 0.604311908162453 0.6537951077700215 0.6621201275691387 0.6270138546261007 0.6419001565989579 0.6631631647463068 0.6879522855747652 0.7025496317742282 0.7288117650879923 0.8048368268529221 0.8084734803570055
