Raster_benchmarking/Raster/continuous/raster-319.asc
NCOLS 100
NROWS 100
XLLCORNER 1743163.4015314893
YLLCORNER 5469289.349711109
CELLSIZE 10
NODATA_VALUE -9999
[rows 38 to 56 of 100, columns 43 to 85 of 100]
0.570480064873747 0.5814589487778242 0.5679212182550554 0.6032807115258509 0.5905729582662338 0.6026657667653903 0.5781818055250483 0.5413431207514952 0.5329176771238752 0.5081690243416019 0.5428335034858219 0.5387489443263463 0.5231381623779159 0.5489591448812495 0.5251797838108733 0.4911957877807291 0.4877726367479398 0.5112333719108535 0.519013359053429 0.49527287958388844 0.521816136250895 0.5162104007264864 0.5505745947769924 0.5832617425734664 0.5996698309900668 0.5724090033686969 0.5635434173765731 0.5716823117013969 0.5431365004475278 0.5138219562112244 0.5159227825873937 0.4888565890336061 0.49062844512841136 0.4745288824936525 0.4813934435497877 0.49254029493620627 0.47765674631089006 0.4972254914712466 0.4730228280176479 0.4700186248294872 0.47356428489991026 0.44547338094776934 0.46481544035532696
0.6084890321560937 0.6412455240334468 0.6344965499582282 0.6140135362481222 0.633114215127153 0.6186537871158295 0.5693358961325465 0.5725989256852325 0.5326645937597956 0.5155844227400331 0.5274498901734735 0.534447902550394 0.5639477098759647 0.5567116153268011 0.5243677682659106 0.5124171471241967 0.5177995193269318 0.5405387866690544 0.5668803045627626 0.5770050759107846 0.5526350181969787 0.5544101835500327 0.5733181849485699 0.6094739085327623 0.6003893514973655 0.574848892823684 0.5935731740453112 0.5704906043180087 0.5598928504061805 0.5702349316035689 0.5651137142600322 0.5278008287218638 0.5429996318967817 0.509325151425727 0.5117333010263321 0.49396221687137726 0.4969059057753699 0.48870657292639635 0.49350314240459586 0.4774562813726439 0.4724603512144872 0.46433279005397726 0.4882856392406673
0.6060115489283423 0.631714189936134 0.6135730258534737 0.6102230158697128 0.6264678392588053 0.6183816740648918 0.6083243423355402 0.5592357238893758 0.5714643794452167 0.5595319331996261 0.541025015333768 0.5357090701237432 0.5413402644060332 0.5599514881795297 0.5748137405051905 0.5814544050622724 0.578424529639274 0.5673790396874523 0.6102438298671466 0.6372337277925958 0.6207417728491327 0.5858826214137665 0.619216658575332 0.6380577116862304 0.6536590698168905 0.6337464935042592 0.6208111060576494 0.6223828273259967 0.6234811661985462 0.5909175772667814 0.5717030457235658 0.5479253641233109 0.5494608638640074 0.5355862630119174 0.5214921695330608 0.48266306496091416 0.49952193504102305 0.5044757119294977 0.4889281830663491 0.5116881818521584 0.5048338922379046 0.5141721026514283 0.5028609116126277
0.6263429936865637 0.652296836382542 0.6466153557561954 0.6231613379939035 0.6428262755984692 0.635334566021705 0.5816487674921341 0.5765834183411436 0.5880743261701771 0.5642985142177374 0.5556269376456079 0.5690644837205059 0.5956558216673438 0.5894977213928626 0.6135112596038289 0.6194874359162805 0.591472812154574 0.6092962316780648 0.6113916122972831 0.6574946943799063 0.6490231345045955 0.613496066492425 0.6216569317754915 0.6516317231463671 0.6833178234288654 0.6985117637697704 0.6799846686751966 0.6318792632607206 0.6398933553316875 0.6495439836722013 0.6017109912468837 0.5887275388561076 0.5625130690623955 0.5269555237710987 0.5418184049433764 0.4917480446827463 0.4959614297878263 0.47193658275305045 0.5037248720297622 0.5090494794593534 0.5123799092101332 0.5117698272673874 0.5145176260107996
0.6593138084867332 0.678108783818737 0.6595075153975344 0.6140841136850629 0.6129131636150357 0.6173462547514855 0.5832704752644392 0.551014704812974 0.5578711603537061 0.5891672629783975 0.5925701701998519 0.6074249848780489 0.5963833236013748 0.631224890174565 0.6383071288194433 0.6120720822207826 0.6537397307133324 0.6552184303060925 0.635853987184584 0.6397093509796475 0.6741964499458144 0.6353887505714569 0.6446443965702108 0.6966232765592529 0.7059227635699721 0.7157726130170183 0.6867037965750706 0.6919198680350415 0.6630521052195881 0.6604010486981499 0.6661002599181858 0.6326442184302237 0.579611734745926 0.5564965150685052 0.5478335963117772 0.5236048329759869 0.525176556686646 0.5194517197628478 0.5086600565026415 0.5333248751476596 0.5289539494813026 0.5124273297815455 0.538432295371905
0.6481874964129115 0.6682855955942417 0.6330218611640263 0.6317574716073364 0.6344191625305948 0.6093279192867662 0.6049793478274712 0.5832788316792625 0.6010998187280681 0.5978422511286141 0.6310647052715528 0.6260431880909001 0.6313838127935995 0.6827860371338911 0.6493959092796517 0.6299551789945405 0.6622421703740057 0.6651089201732104 0.6631604034460437 0.6885870471092279 0.6825397026664097 0.6562115688795921 0.6906732275577123 0.7323727066314382 0.7546986963533558 0.7711122918487231 0.7156179439659024 0.734576298838448 0.6760838258983256 0.6890470781158067 0.6950630299385406 0.6602178810490055 0.6386085214946449 0.6156560640047419 0.6007066366553717 0.5699171167752126 0.5385981732102587 0.5060802544525911 0.5268103924877328 0.5168235455782431 0.5166846943160698 0.53042613911651 0.5195986002344316
0.6217427000553974 0.6507013878063967 0.622340266450748 0.6499261237097904 0.6307794313673003 0.5986122369509889 0.5881132926480732 0.5904077185223139 0.6295243932965257 0.6277202651439245 0.6638636574071884 0.6617429554410057 0.6759687392497437 0.6637447429148075 0.6722605168975391 0.6627620010554532 0.6471185399197216 0.6807260906368473 0.6756275426204138 0.6993871649020041 0.6693084275631789 0.7004687664302877 0.6969535291983737 0.7125036861229207 0.727346295372813 0.7335664875719996 0.7561305994302133 0.7134652586784357 0.6911076579723678 0.6737583442989163 0.6682761711477925 0.6400118931699204 0.6584949973835192 0.6529109465177643 0.5922009822135783 0.5793702874730307 0.5591452212468803 0.5244655574170771 0.5190970380107882 0.538572013850227 0.540655838742735 0.5445132171008396 0.5416247321928034
0.5985103424595996 0.5994190969367242 0.5972648771808166 0.650031958601617 0.6304566242778686 0.6129098213146272 0.6039869276618284 0.6390546623466001 0.6393255663046588 0.6808604511797266 0.6932539507104492 0.6527393549045949 0.6873202281413269 0.7157500537070799 0.6842006212681394 0.7111395304730175 0.673349709914414 0.6390596440069453 0.6598224924411378 0.6664427717717434 0.671474478760197 0.7394215764021278 0.7297703379879924 0.703850365941348 0.7169049482437133 0.7557215847403745 0.742447963807907 0.6841374687730154 0.7064560758339967 0.6687769068543733 0.6640503303191339 0.6418689754553883 0.6385833718541019 0.6576896799027114 0.6090950144871106 0.624710599438644 0.5469922258037764 0.5075558317629812 0.5592931516623315 0.5460440477340345 0.5311213485911811 0.5196793499867299 0.5194598985173094
0.5669255603837254 0.589680834848321 0.5870401031122084 0.6155224103480924 0.6557180626932548 0.6670943473878811 0.6595236868077146 0.6521785618041633 0.6936659759164242 0.7319891370983262 0.7244192762137174 0.7115733813828427 0.6993671333870299 0.7183516783840943 0.7079223473705445 0.7208907283424884 0.690814893321045 0.6807107638324509 0.6609427117163865 0.6895115527351507 0.7025089636102888 0.7288977559456667 0.7023382991012401 0.7411361438307857 0.752646188886723 0.7528449620149714 0.7423341374561361 0.7181750008719051 0.7142982347510514 0.7112440551207884 0.6865659576400122 0.6656596143839608 0.6525415813540903 0.6418265173590759 0.6109690800884698 0.6034437633060605 0.597431725661777 0.5961257538959832 0.5751479243430642 0.5884425058764171 0.5726474759030817 0.5531674984275853 0.5168815679506484
0.5915637274284863 0.5530872448350457 0.5867056712867537 0.6114387991735428 0.61588110718459 0.6754847142309809 0.6595680149180954 0.6707352226784971 0.6885743232938986 0.7322512312663836 0.7409635865964673 0.7413973757723458 0.7269986062184259 0.7548643709006675 0.7154660893266 0.6927065415156661 0.671455722084812 0.6951069300313975 0.662229300944662 0.686084459786486 0.6747796860435624 0.7216184701842542 0.7160522861461951 0.7283342654097676 0.760135407348484 0.740653509959039 0.6973169979680737 0.6976403011587166 0.7266406417425242 0.7209620219936479 0.7090097568998397 0.6890282426536338 0.6591489492209999 0.6362656427677367 0.6178780050844356 0.6069183274496092 0.6417231860757715 0.6274000896238003 0.5707002233266651 0.5672589214861872 0.5536528570185272 0.5645453211898437 0.5583610999798753
0.586556227585379 0.5812776748435672 0.5625807993676554 0.5791851476932015 0.6159641689852607 0.6328945705781956 0.6867486751055271 0.6819341519184928 0.707537526365068 0.7284985402069175 0.7161360439240402 0.7473672892888065 0.7646736205736285 0.7324628902771116 0.7420662981028306 0.698034075687124 0.7081019551142019 0.7132577382365195 0.6825244377587953 0.6762317981215892 0.6888633191493808 0.7184638847796098 0.7090779925125893 0.7362369355840959 0.7327952974096097 0.7344973084683759 0.7057770637987941 0.721482699825072 0.7170618233059837 0.7415351650652683 0.7200434633542853 0.6987614989400392 0.7254077005157863 0.6976664863969387 0.6782996725999143 0.6880021433350556 0.6754045064176698 0.6675491302082729 0.6118470836395998 0.6351971187365507 0.604036301466005 0.6078357983673449 0.5879280637802005
0.568657742359323 0.5851710978906967 0.5406285974822501 0.5731458192282067 0.6036620769540532 0.6440272199895695 0.6564446176985523 0.7019402684547403 0.6792840539266334 0.6868574823963779 0.7154049713826585 0.7309743721056734 0.7095061885453036 0.7420937454075635 0.7580299382066303 0.7422042365925895 0.7391439198763096 0.7156416448276844 0.7191064882173815 0.7122180326152181 0.7065501120163218 0.7029415527617229 0.7241484371701133 0.6927473806415432 0.6906079036686514 0.6714692403132219 0.685332582418821 0.6801832457177248 0.7478786618795001 0.7492365843577412 0.7580781019805433 0.7614082581324725 0.7532680535069486 0.7307613611158047 0.6911153182953158 0.7065042081934427 0.7040492710420136 0.658362335923846 0.6710217430239472 0.660744087037885 0.6212390516277301 0.6459528370422355 0.6433752754783074
0.5502172453882831 0.5399973799510461 0.5354655317443113 0.5712470430619537 0.5631727680496939 0.5879094646437266 0.6388922552899396 0.6526294205026056 0.6760593930262224 0.7101196945029168 0.7016328328635039 0.715001070055241 0.700369443229256 0.7245331674729346 0.7188508769509894 0.7198768508368919 0.7374971707104027 0.753478982305288 0.7215073398790036 0.7103483723969961 0.7288475268097936 0.7400794013406351 0.7190174401084233 0.7239002020851579 0.7272483531192828 0.6976095804470953 0.7204720032768074 0.7340059260371499 0.7533816019586947 0.7212504097257864 0.7303161033269291 0.7481836720858044 0.7586853686826405 0.7161284913356761 0.7367627465748553 0.7232472661415082 0.7151990753709841 0.7175755277549147 0.6747036593261477 0.6904805577737958 0.6731769022307369 0.6740767792758461 0.6527177363845414
0.4825171877114355 0.49271453833924744 0.5211309002306332 0.5669951699641722 0.5754317057450721 0.5518196603553344 0.6195634319426168 0.6497683520899938 0.6666607475535707 0.6763114973961248 0.6509829514712954 0.6616244553323224 0.6951471583360946 0.696207723671049 0.7041707419296498 0.7577977357835914 0.7640898228154213 0.7507792525713707 0.7260170730838061 0.762910470780881 0.7526295865666709 0.7476603004316869 0.7293405604414053 0.7566342039472406 0.7367832294644702 0.7475121762154336 0.7795526778679588 0.7747974588431944 0.7711837263722612 0.7236916274114229 0.7359747745531297 0.7102581218707007 0.7326358912671848 0.729820674954408 0.714266867141571 0.6802590792504563 0.7277641447496751 0.7448937083713859 0.7208028662195451 0.7280067419517066 0.6875222209067362 0.676614836889792 0.6775687248934769
0.4937652912158654 0.515995191978258 0.5226807318065404 0.5287485105661938 0.5329094583449421 0.5485429186251036 0.563035847080721 0.5831921775785804 0.6345791596566965 0.6485084514054057 0.6429512331805504 0.654181502412375 0.681711345432345 0.7164609592184542 0.7118149727889878 0.7466490584798744 0.7741060388233411 0.751195002912812 0.743618680017398 0.7659058537585693 0.7534957260125864 0.7781169300388634 0.7416247012092516 0.7391700675278465 0.7519698068520213 0.7525985550989773 0.774322501017454 0.7627276787298706 0.7721586082792468 0.7620990168436265 0.7411261341860542 0.7461613504875569 0.7537880054937098 0.7210628913949868 0.7129066028192277 0.6830718458226204 0.7143997867529558 0.7620078351757599 0.7632667444756912 0.7471725372198608 0.7449494036489938 0.7075317666911233 0.694200584442572
0.48502275788408983 0.4818935821591033 0.5068675659180122 0.5311076036293522 0.532186914071035 0.5117056750511692 0.5507609625899743 0.5772173260787778 0.6225581644085244 0.6348874341398293 0.6172860463791909 0.6420532624668156 0.6476654161881341 0.7038435733037921 0.7435384020563512 0.7486959028038054 0.7504811820978079 0.7562749609265109 0.7669833396097137 0.7447891176009518 0.7646559989340659 0.7911053175779719 0.7411252108233435 0.7619981018950968 0.7631039735852976 0.7541394588393731 0.769655730362939 0.7514002846850667 0.7681412258294789 0.7654058760945577 0.7311485514373149 0.7453478841107253 0.7568323061218212 0.7375000209632677 0.716477277554656 0.7258163442983145 0.7590798559562663 0.7664321682087222 0.7417251053735705 0.7541168767557871 0.7439543409334256 0.7745748309515758 0.7029682255341105
0.49877925678079305 0.492433253513618 0.49825218773546925 0.5025022203513306 0.5196145131897291 0.5351166222793124 0.5248547787294453 0.5548938297213515 0.5927872224112043 0.5862550676182804 0.6269863178321298 0.635185271528987 0.6522564821969591 0.714983613368726 0.7348613065549802 0.7100647149055702 0.7341879452495005 0.7452575598540364 0.7313514942302726 0.74783241938841 0.7448605905710901 0.7506464212019731 0.7719325197390723 0.7895648101579835 0.7988968454231936 0.7944305632299589 0.7850095121734474 0.7736442825500596 0.7815417970673406 0.7787368160601719 0.7527999643108478 0.7111167397902073 0.7271072784223009 0.7610718746175358 0.7445510596198747 0.7594933779112799 0.7631091770415742 0.7466748444626936 0.7306177750661612 0.7231197674054868 0.7337523984548043 0.759749108490466 0.7407012393367239
0.5245474039638054 0.5335998910938293 0.5107502197558191 0.5428906225395114 0.5370207291878129 0.5106049916144726 0.5393811976006669 0.5849073241866143 0.6126785777991561 0.5868226034089098 0.6107024381954247 0.647705292651256 0.65626195736409 0.7074386541499175 0.6975757949585198 0.6999556661304567 0.7087183196959956 0.7026369972533636 0.7499906526859166 0.7550598622736754 0.7758255454246484 0.7424992614664729 0.7712336751258921 0.8139190184480832 0.7802329104756119 0.7834538119626901 0.7660822487952753 0.7974567690005188 0.7483034150703871 0.7180643633752122 0.736662462271985 0.7198629434744341 0.7306037177225486 0.7485292727986722 0.7233496666229442 0.7219685318933166 0.7270953484429107 0.7506893328266762 0.7123515054698693 0.6829469864930131 0.7006209480711664 0.7661567966307673 0.7608474677730442
0.5483969232037534 0.5402405123609842 0.5302905095234062 0.5594023039725664 0.5206221827669514 0.5383562495577412 0.5584193330463345 0.5616792830698643 0.5883784687211018 0.6043010121464871 0.5936829454613366 0.622981714991598 0.6352152041882589 0.6708137898833366 0.6959646753493022 0.7216638803209893 0.7216750804065213 0.6940669421427226 0.7184972410543936 0.7662198308015858 0.7610932488095267 0.7854676151174746 0.7821445585290343 0.7873141202062369 0.7669980336281922 0.7700751834591625 0.7673165446316573 0.7737926301049 0.77538728413289 0.7287088938978286 0.7312792683134101 0.7116031258013878 0.710764632793304 0.721111224718579 0.6829362915564087 0.6938005764468911 0.7125454866728677 0.7074911115657517 0.7022426919533438 0.6750252830844226 0.7044342981842778 0.7450402299515675 0.756781508518551
