Raster_benchmarking/Raster/continuous/raster-331.asc
NCOLS 100
NROWS 100
XLLCORNER 1743168.9173486598
YLLCORNER 5469295.168232057
CELLSIZE 10
NODATA_VALUE -9999
[rows 38 to 56 of 100, columns 0 to 42 of 100]
0.8407686410584388 0.8303361490484602 0.8430451143760668 0.844217498691346 0.8483915202368066 0.8867735528992776 0.8944764151417184 0.8815049602009473 0.8774802263093967 0.8630476115756653 0.8239651056083789 0.8111582872398612 0.7756391598415086 0.7314324450854784 0.7327393813608627 0.7098770646298271 0.6453944966934325 0.6491092105715025 0.6334937986568944 0.6194390101895056 0.6050872771159087 0.5853228066770412 0.5952256758304165 0.6003842490463323 0.5476715602151349 0.5202177390403198 0.5485825177238884 0.5433573251990517 0.5219441176519147 0.5291594280277863 0.5048759416910065 0.49921789285626433 0.4805162948765942 0.5118805060716564 0.562095020968616 0.5698160584421976 0.5545777008615748 0.5544342109895399 0.5698561145196529 0.5552180833910868 0.5399779777222423 0.5655091196938005 0.5307083183921384
0.8170587874587623 0.8412428998578221 0.8541420194917752 0.853809455423413 0.8891317917846093 0.9211568889726234 0.9031643386745587 0.8982312313472622 0.9325451292662176 0.9116381490424351 0.8550422480495765 0.8177022578056167 0.7655397036418142 0.7268601611174128 0.6879220234364674 0.6629621444150388 0.6138226176764339 0.6455481144856797 0.6122154120843588 0.6033703795461973 0.6044224050975594 0.5763162187902401 0.5870718346732751 0.5841698853868428 0.5405017498441689 0.535487853449567 0.5298799776786984 0.5148105447057225 0.5481276998592731 0.5105446041723591 0.5187825413713237 0.494846896820144 0.5055507057477986 0.5214121600868632 0.55499100420504 0.5964504290952806 0.5797353583391917 0.5901938804099681 0.5737433356994687 0.5927126691596107 0.5805420690674805 0.5616346401029726 0.581268651247035
0.7831008614449753 0.8122489054208187 0.8130061304178776 0.8534567955070449 0.8814654225190242 0.9021526203879096 0.9217498780102721 0.9063138278773459 0.910349260668472 0.902967731585035 0.8603410197722611 0.8275135821270574 0.7872702825631327 0.7255717620205359 0.6866361281245458 0.6726107386396071 0.6746854490046236 0.6394853889946392 0.61960819940094 0.6043231338706728 0.5739530683281767 0.5850288817691249 0.5871677510542705 0.5549523222701844 0.5630678276416472 0.5510648470425904 0.5487707140784297 0.5335397479340003 0.5187727416799494 0.49919317090165705 0.4921019074044087 0.5289819443210073 0.5176357479051507 0.5451884145098329 0.5642136523329372 0.5804904271568755 0.6103162230788167 0.612656963804789 0.6270905725802315 0.6164469981670915 0.6120300781325353 0.5535048424641774 0.5838179880676337
0.7744904578450762 0.7952522900229312 0.8168128803159629 0.8604363645959326 0.8468636426354464 0.8953292361424349 0.8976374667485421 0.9033415798508904 0.9010915714337213 0.8859357354059497 0.8653138283302323 0.8190316795391233 0.7756852114215604 0.7345512220344631 0.7315636217084079 0.6965659144051559 0.6822685912295935 0.6400343115001386 0.6131959424167021 0.5894891632132682 0.564097752516693 0.5841641015916584 0.5826792004676694 0.579830986094849 0.5698745736403098 0.5413444015796626 0.576768207620156 0.5466165689406335 0.5102603017505508 0.5018303189737978 0.5236484379715728 0.5427294738043427 0.5892389533268864 0.6001152334921673 0.6045289765651649 0.5954090865348508 0.631148639302085 0.640221789596217 0.6060879404255567 0.6228491102142631 0.6152119235033554 0.5509858107062842 0.5379342302442919
0.8304622393463104 0.8291322889370663 0.8474415726633527 0.8437848935042528 0.8730961270979044 0.8686486205639598 0.8834871919417214 0.9079806061905064 0.8743067214059398 0.8818123682358222 0.861841625103115 0.8029611081292225 0.7723230032373939 0.7243287642905831 0.7325801794817772 0.7271159833720491 0.6999010808317674 0.6689781963043431 0.6062226078238078 0.613371784940047 0.595905463989791 0.5941084218892131 0.5965957070662131 0.5804137379133688 0.6001518458245091 0.5573508212210695 0.5851796251975091 0.5272235333092249 0.5387299196026729 0.519516262280926 0.542575005364168 0.5636982529001477 0.5755041990811255 0.5819074784457171 0.584492560736003 0.6386545803303191 0.6350350603777087 0.6240056281334599 0.6294163909281344 0.5937043661100657 0.5851926294779062 0.5800632293963663 0.5704937904367505
0.8610790807672541 0.8588477444869287 0.8319756294485928 0.8366551155355931 0.8590187591451796 0.8600589961324698 0.8821324686720198 0.8700664470154512 0.8889045501448959 0.8326869907758279 0.8035409337397573 0.7868949465255789 0.7076389473499547 0.6770118924667572 0.6984125841993506 0.7097281288118548 0.7203865032698745 0.6715407000632814 0.6223712612267072 0.6441847720796419 0.6202235536666064 0.5983241150182352 0.6041068632369977 0.5907816271898698 0.590408500535035 0.579671294445614 0.5878802675860558 0.5713038983605055 0.5282413881391652 0.5624630015660067 0.5880768486894046 0.596425491496737 0.5630727308126309 0.590345554912188 0.5870858026354385 0.6032035640589688 0.6284250556677016 0.6032935490498583 0.6131245272230249 0.6090393323729547 0.6048421420205108 0.611376927126364 0.6063252075897841
0.8749320565796039 0.838986125987458 0.8450953035983662 0.859604746703355 0.8663648671999871 0.8955865058811265 0.8848422585915899 0.895990796224339 0.8747326065711433 0.8558045489530163 0.7928633878288714 0.7477836553515085 0.7144963982431912 0.6776366204092016 0.7099351098469627 0.708114035815567 0.6881076271365472 0.6405950979459801 0.6559175768892125 0.641732497292125 0.6480604955850064 0.5951312815131394 0.5859048699547499 0.6010915424552878 0.6147034671946193 0.6015833064126221 0.6146308642647405 0.5879683561369913 0.5685704978811056 0.5885679524189759 0.5843265183107336 0.6156538715110911 0.6152415466400136 0.6155871527806678 0.6191466794341952 0.6214948060313145 0.6634248277553371 0.6249606022540901 0.618818905218902 0.6115002719845094 0.6370201696580692 0.6122865728115473 0.6153242685624942
0.8635074446908493 0.85799971568011 0.8124833916931028 0.8249159434338564 0.8601004888233026 0.8889597567367166 0.8949311764649395 0.895532519983198 0.875541074875109 0.7979690954518537 0.7569123218013915 0.7315717121572105 0.6785150852866941 0.6608919427294538 0.6721837202610756 0.6533700479858375 0.6477560937738951 0.6602596028949556 0.6564298370404613 0.651499131195521 0.6709498132685793 0.6329754138830026 0.5761695009515168 0.5854993151050413 0.6236752979827128 0.6215613523967706 0.590490487730034 0.578595277092047 0.5785415818095879 0.5794603551758454 0.6259515867308113 0.6160461700205714 0.5892680908484448 0.6009010606967358 0.6594472387205859 0.630427442542976 0.6838849361492833 0.668247922104298 0.6625316073765811 0.6492010836866506 0.6344442724810881 0.6480834658513902 0.621631704777987
0.8431598506714454 0.8148372752081844 0.8139287054852653 0.8557071952433258 0.8545225996110601 0.8376542996252853 0.8487757999724427 0.847473925785879 0.8113011519276225 0.7912968009554634 0.7854900780260289 0.7475181880205501 0.7121493305223437 0.7050016002101659 0.7155943374065443 0.6777290440390532 0.6919801647529981 0.6738915073490752 0.6611645637693387 0.667933619219931 0.6747847307810135 0.6355803543156906 0.6273942687713682 0.6140974592420927 0.6225909711477097 0.5843439465749969 0.5582546761078466 0.5654858333592099 0.6124319427968465 0.6205336731160824 0.6510247421766628 0.6312268664071051 0.5974647874786702 0.6146347425801801 0.6426325546138172 0.6497534413570082 0.6755574057336474 0.6573209923098072 0.6800479879288109 0.684226724374372 0.6701379394398097 0.6816411036270759 0.6444773950900616
0.7705728579414053 0.7917594332556185 0.8082573795873247 0.853443308983608 0.8708622519045541 0.850277426977868 0.822793633840449 0.8129289124005507 0.8134932618783488 0.8063552352109147 0.7675408962362659 0.7725194811427478 0.7396724247381106 0.7041830064884239 0.7224924944128353 0.6839746750838855 0.6809371081109955 0.640943386394594 0.6218999702977915 0.6533653624717372 0.6567395799537785 0.639537023264999 0.6038996961889946 0.6034651092914386 0.5726850385624053 0.568920159608751 0.5713007578293327 0.56999531388026 0.5904606355466905 0.6190362025487155 0.6285687793465587 0.632889325718673 0.6521708094714669 0.6437174514118885 0.6094478925945018 0.6588694751561268 0.6270235767164404 0.6608781011528531 0.6511891671294571 0.6691008521775068 0.6952637211585928 0.7113098835490543 0.6870596618055906
0.7960163116620861 0.7936575551195967 0.7782891122286377 0.8231300164177962 0.8196798823170527 0.8098847984803377 0.7883295711854662 0.7987860911944732 0.7806350432789858 0.810907985171392 0.784650572648069 0.7555688873699664 0.7465861103979381 0.7341062953981137 0.6920683996552611 0.6881034919201438 0.668031488905617 0.6350874645436567 0.6321399380542697 0.6054850195986125 0.6294562885366763 0.5871150662507499 0.5937410093502273 0.576617885793585 0.5677924208215719 0.5779882447630286 0.5706436438051762 0.6108370098288428 0.6316279237615735 0.6442315867195675 0.6386955734839809 0.649922583614103 0.6334908116064927 0.641614206717603 0.6431422902468757 0.6558977930677169 0.6146370371207602 0.624575063070633 0.6428210471648762 0.6770764017460092 0.6989618601472404 0.6798712424035102 0.6786474206772406
0.7768162444480824 0.785105800580373 0.7841284397986537 0.775386348841899 0.7891467803178195 0.8237200169601777 0.8046454012062665 0.8132954070797545 0.7901765248897652 0.7853308828179851 0.8120842566437539 0.7836187140799421 0.7139718190358368 0.7097247880484076 0.6606321184668111 0.6796199357649069 0.6354118267801981 0.6199808339070443 0.5900565425400084 0.5829187226789613 0.5722373273081187 0.5862627650387503 0.6027740063961864 0.5792597097603049 0.5664551101927037 0.5798088499854285 0.5901478037994271 0.6331759376512286 0.6550998268918045 0.642902756271114 0.6711983398341334 0.6800130610591371 0.667637566621236 0.6456483871188217 0.6648541040034148 0.6669594198857415 0.6406573902761116 0.6310157539402038 0.6772168697634889 0.6547912009020052 0.6530207947888648 0.6989287390231669 0.6714280587421952
0.7744821254551455 0.7634866365884376 0.7906608115986682 0.7779348772074418 0.8118733453484714 0.8105262791418094 0.8195216234714938 0.7938791545444259 0.7699852438282384 0.7695440089942298 0.8001696900311295 0.7560580600936255 0.7415316839067848 0.7116801899670524 0.6751153071729432 0.662765232766853 0.6368936505656658 0.587141055829715 0.6152333801160331 0.6045202492138315 0.6059953228438022 0.5869376832191125 0.571036908827837 0.5855066692916152 0.5765026039816564 0.5722223556299165 0.5931527522138563 0.6502266129896656 0.6694336803861237 0.6742767378850177 0.6634959908486872 0.6881385401346868 0.6905490970657288 0.6787116816539661 0.7010551009595586 0.6818936658811954 0.6955859259695719 0.6842008709165653 0.6474936508233864 0.6672712910474341 0.7141432845241811 0.7101013350891126 0.6958832975526438
0.7588770956905455 0.7986059374210215 0.7945488729640087 0.7999197271093276 0.8228048005815789 0.7958520967631919 0.8018504493094964 0.7579065346938355 0.7607929267739472 0.7749991418499222 0.7983689413348276 0.7744705965118053 0.7612059389765101 0.6864392619955946 0.6723354846821038 0.62425241024219 0.6073803663749707 0.596177090043775 0.5961627356314477 0.5903376230859609 0.5894267746357884 0.5843512977385283 0.5874822432172355 0.5599817815839567 0.5421985414718902 0.5681142380380404 0.6240196353684877 0.6533065035993929 0.6715510681459412 0.6533524985025132 0.6673173158417596 0.6716115479460069 0.6705039924044872 0.6546515541285693 0.6909387501440725 0.6927024428162233 0.6819827695502112 0.6731063553359516 0.6567396014557944 0.683364384878957 0.7239601626839005 0.7035720902286791 0.7033032973471837
0.8218064403528886 0.8115862272863232 0.8180190919215478 0.8367556448771879 0.8154994669047579 0.7899479239586682 0.7437248989519164 0.7460775764505164 0.7538736096457749 0.7722137886074197 0.7703120017331334 0.7470251121274021 0.7310479513326776 0.6742973808797529 0.6679134236937766 0.6276919605239203 0.5878491716264634 0.5753661768683093 0.6137242775893991 0.6110770730034196 0.5863726723139836 0.5789982131276716 0.5730065224473747 0.5572304153156337 0.5879626028727163 0.5719942999790789 0.6081194638559905 0.6509784485764647 0.6701808370733368 0.6351554590329588 0.6735379645442403 0.6708727633595428 0.6413487082019057 0.6409863355486743 0.668467173760838 0.6742013843986568 0.6979215650233109 0.6731052415864043 0.6816580708025013 0.6748533702918378 0.708149658493972 0.6904713092335781 0.7089165489474079
0.8619388917988687 0.8540706343750717 0.8482002837177118 0.8229880117568082 0.8221645706368201 0.7725573011999008 0.7404589700029809 0.762983467090196 0.7389016616141191 0.7101106627334569 0.6922629806957483 0.6817559793331202 0.6780782489181005 0.6497300145498017 0.6704175313435545 0.6548434340904598 0.6002010444844077 0.5768610761365085 0.5846743546232571 0.625453988212089 0.6188142273665034 0.5745141698757098 0.5835967172571456 0.5579079963783744 0.5869584186565522 0.593440385230698 0.6375155344240839 0.6556830670665484 0.6314762534992349 0.6551066047493658 0.6447145256179898 0.6592824970211681 0.6169649319298357 0.6489107551991002 0.6145348590458277 0.6445998582302676 0.6611259642736587 0.6609580687602354 0.691958951833292 0.6697471269450817 0.7165483075250393 0.6921106960878155 0.6915812974401541
0.8469123734579886 0.8561303218544719 0.8415996980872874 0.8475858184794224 0.8213168533678056 0.8162644648402096 0.7946680570123261 0.7471125303465428 0.7191005968389567 0.6789859035526755 0.6755069919489476 0.7037706095720117 0.689890829104898 0.6500367644907118 0.6441135021292879 0.647879295010553 0.6391655156429757 0.6360562088872425 0.5926464632734549 0.6021332378843653 0.5989547368201259 0.6109238118255453 0.5712999062224583 0.5766249379525357 0.5985791891354048 0.6136673476559027 0.6176167403526422 0.645415932860824 0.6332793849365274 0.663593314908538 0.6550564572491762 0.6309444407359371 0.6196115079861965 0.6258397017157644 0.6195851431327154 0.6385136414548868 0.662653939260284 0.6732967154707846 0.6575733540924025 0.6787023850443784 0.6887250764041375 0.6901879582338479 0.6700854847200908
0.8186351663932647 0.8495054762334372 0.8526034958244899 0.841981268113521 0.8305080559015855 0.799126924397916 0.7887442483766123 0.7438653957345048 0.6766042783301552 0.6995151356891979 0.7108989898475431 0.6553958127217311 0.6567577387477259 0.6619416663092221 0.6726979002918501 0.6693939748993969 0.669163440191262 0.6674498880019882 0.6293328426733493 0.6453303054483015 0.623447334580601 0.5987915580115293 0.6146156196201125 0.6249137216296519 0.6039195538893418 0.6473812442376017 0.6485642904244984 0.6576227893766482 0.6562893705910453 0.6521853752470316 0.6818457510500828 0.6393274773187756 0.677267739006814 0.6468144043032878 0.6310414534107573 0.6190345825936805 0.5972380517009486 0.6245370632550903 0.677309599822769 0.6872736546458054 0.674756683497109 0.6445184245891894 0.6331649258430587
0.8170028884157574 0.8650487429368173 0.8451022651105873 0.845644499053515 0.8301488943102276 0.8329738850561199 0.8126224423072943 0.7705718420242638 0.7593764756356987 0.7061015751235501 0.6634495143198076 0.6462903514069748 0.6357147758941576 0.6772033429163951 0.6474874382724279 0.6673665346584846 0.6762157153486757 0.6621428908110626 0.6572899706668967 0.6260933979772583 0.6355250868074929 0.63565390440586 0.5991898126052488 0.6059389656953649 0.6372049931696427 0.6321650550108587 0.620777168358183 0.6498389853431688 0.6715863385375874 0.6471894723508244 0.6434412024250417 0.663841154981313 0.6476208364337281 0.6538463735351381 0.6587679618822769 0.6365723887536959 0.6266060942734001 0.6009300011349825 0.6025996712615321 0.6167912697754266 0.6528639858164479 0.6505169462562199 0.6609195627368939
