Raster_benchmarking/Raster/continuous/raster-254.asc
NCOLS 100
NROWS 100
XLLCORNER 1743154.0206410442
YLLCORNER 5469281.198818307
CELLSIZE 10
NODATA_VALUE -9999
[rows 19 to 37 of 100, columns 43 to 85 of 100]
0.8223964781957268 0.8295318229948966 0.8253062666229031 0.8152152626431673 0.7949174281935659 0.775853393983778 0.7724334137371892 0.7722085596512893 0.7675074347458927 0.7365798936818404 0.7185908323377612 0.6717220333078673 0.6709888252574565 0.6201593377500502 0.6221381117903192 0.6092206135602646 0.6009131404376883 0.5923457106894958 0.5849231053314163 0.5875463577005405 0.5520753441842489 0.5114857117177812 0.5164385506808603 0.5361223790972979 0.533857979279551 0.5482398873340428 0.5628360203227121 0.5731499468721942 0.5698504336999686 0.5883490478537051 0.6070075690253804 0.6047931566176723 0.6345929370059862 0.6322835827152326 0.643024185427001 0.6570425688899861 0.684804946011679 0.6930226852852263 0.7499336120686717 0.7733417255605959 0.7670994010203769 0.7715508781709938 0.7713113464835633
0.8081246763456864 0.7881676967947665 0.7988188746581232 0.8010946424556931 0.7747454734028566 0.7439899075017958 0.7384539572112893 0.7400354673633853 0.7408685977784896 0.7513613199379687 0.7464141208106284 0.6946648053245508 0.6974897363393193 0.6666661323539245 0.6439475519572591 0.6519323596927876 0.6155248068354524 0.5923285265187191 0.576483681207977 0.5635489735249022 0.5494608875870648 0.5257341985941357 0.534065984493911 0.5191723507253189 0.5515761571022154 0.5213402899348658 0.5602478851383214 0.5521744057051471 0.5894895196544929 0.6073916852270842 0.6082829334760301 0.6500172884511787 0.6682346000774876 0.6841819589046761 0.6721951431081902 0.6665590711452299 0.6929365080015666 0.6861035320841237 0.7250766066002925 0.7190570901009694 0.7597274832005886 0.7495253330867374 0.7327937273402632
0.8204089431130748 0.7943434171574768 0.7509838759633227 0.738981303380631 0.7452162615838378 0.7377235876155688 0.7505619447048623 0.7378469271836068 0.7311952075860609 0.7128642752830213 0.7244700447590091 0.7110333281000768 0.6830773392657901 0.6481700706057233 0.6707632849645521 0.6694419838628227 0.619609741367189 0.616587926480626 0.5827507346685247 0.5649872828481504 0.5757598309066121 0.5406930280198133 0.558767114858274 0.5522893769405471 0.5497298223436252 0.5403954347349805 0.5514554550826579 0.5817665824497671 0.604593026283553 0.5785234978235392 0.5931600015017 0.638910349702192 0.6519293054165329 0.6606651240525151 0.6737369723962664 0.656613457300666 0.657325231035201 0.6675446584744501 0.7054599514369473 0.6936616676856342 0.7463397486451702 0.7315337069616559 0.7362876488784296
0.8011884747606449 0.7746630207026501 0.7281661882183529 0.7195527041889013 0.7198112999175813 0.7428877988037925 0.7114288002418234 0.7032085904241643 0.7173816512482569 0.7077471211175904 0.7095487126068222 0.6632964992239075 0.6750829549693852 0.639612257146537 0.6548835377729921 0.6724676690429645 0.6430982243227256 0.6225779246393326 0.5771062824737013 0.5547988533891808 0.5782937172696475 0.5749869804325306 0.5686307972877852 0.5561620711338324 0.5717820283008936 0.5443305749575179 0.5655918879297513 0.5897328555068913 0.6157540143045765 0.5924133185897388 0.6075711975902953 0.6201040471732624 0.6729454433903113 0.7063342034617441 0.6931982011583452 0.6404144096246089 0.6354262945815301 0.6669585745404204 0.67432351133537 0.6818061298309526 0.7280510543214721 0.7608010524722209 0.6983694134764559
0.7649861364444188 0.7583173017700049 0.7415340061273012 0.7318031748576977 0.7119355988365661 0.7284513748550474 0.713494656689921 0.6974092752846471 0.660328383442623 0.6674421791539106 0.6745925216818798 0.6657252841426231 0.6712672283939399 0.6771070655698147 0.6361714141545268 0.6700117815512798 0.6538255842176046 0.6145216993640383 0.5844606640042391 0.5851302168340071 0.5724655308247141 0.5614834234623134 0.5483390982674016 0.5665556569503477 0.5795381806419683 0.5879499590837769 0.5823594045365096 0.6099111685810785 0.5946140979992303 0.6063083180854218 0.5940583984668422 0.6488505910996584 0.6643235460820107 0.6569610289576313 0.6698611410468921 0.6436799161006403 0.6560984138710184 0.6896321381932111 0.6830717929971706 0.6967903977745451 0.7073261202317964 0.748630465479037 0.6993892576941118
0.7320126221041904 0.7010464323509512 0.729288512528907 0.6912194166171359 0.6930450363944806 0.6495928997317736 0.654910014521505 0.6655023671066668 0.6386413891344838 0.6518564424396863 0.6433512143278137 0.6468338724125274 0.6755130196630349 0.6804771765678614 0.6653680500142679 0.6190905386447894 0.6199350087495388 0.6461426239441805 0.6258929933937813 0.5836927261645019 0.5552759173411147 0.5813265080056672 0.5572923537707202 0.5767833686957549 0.6020777091717402 0.6002066410065668 0.6042729516079033 0.5941743217963067 0.5886952107191487 0.600963666564484 0.6372992003941612 0.6203676573639257 0.6166631304794606 0.6206694234842574 0.6366272304578329 0.6841586206013476 0.6816886586193145 0.666895951041723 0.6722368068839025 0.6781846656881124 0.6925602470913264 0.7383324878665964 0.7289067048820107
0.7197599410189559 0.6998353852554172 0.6931492897523301 0.6692924147352499 0.6715877685027312 0.6251232581165465 0.6344224954984427 0.6425836492538649 0.6379760938643685 0.6563822305484209 0.6544071479324656 0.6362968938732206 0.6419577718306632 0.6631484928392398 0.6328352859036832 0.6194562429582672 0.6052741215666988 0.6266953198474229 0.6087254480552206 0.5913331807601124 0.5654790955928096 0.5472214018347746 0.5583629207783991 0.5837830591676199 0.5671847254216092 0.589704781008252 0.5977605425304808 0.6043703496075474 0.6044471639464766 0.6470459792196108 0.6395482329827633 0.6167519696672832 0.6384131565521404 0.6393712158029354 0.6260159380408316 0.61651742754642 0.6266170433889743 0.6773954059026596 0.681467982130442 0.7169911289639973 0.7152387449318667 0.733882035074254 0.715270081547465
0.735675211987911 0.6939935574951039 0.7019816990942773 0.6723128208635616 0.643519370585032 0.619718241940357 0.6183599245631914 0.659451156031662 0.6363305421202647 0.596618608786077 0.6221384523749659 0.6320727807716264 0.6462411786140565 0.669313768223666 0.6598708629344386 0.6399401468345861 0.5889081554817001 0.597787402176479 0.5948920797883303 0.5468822238966373 0.5558270783784257 0.5030715109926266 0.5230991990731331 0.5800493181185004 0.5823928931726051 0.5896007161838338 0.5880405772587723 0.6430143159936935 0.6194479771191598 0.6517070534495678 0.6045203466674209 0.6109009337935051 0.6446259372556437 0.618596012385547 0.6128753164754781 0.6115827046917401 0.6494716286451859 0.6389521485263894 0.6911231344900715 0.7057007704128835 0.7327881397351604 0.740921290305182 0.7365177712758093
0.7357181332538164 0.6919657499104915 0.6793659392129214 0.6887400343370422 0.6672533810718774 0.6207854317050611 0.6472361415242288 0.665404900840107 0.6398244088973178 0.6365870137693028 0.6090091029068662 0.6462160525416056 0.6656076043226458 0.656617050034434 0.6619837252212211 0.6364772685071327 0.6056467196564248 0.580868623512746 0.5553762844892233 0.537761354025065 0.5222209640396146 0.5211644126677286 0.5337349889163711 0.5711033177032329 0.5807013124032308 0.5977026209609535 0.5883955136744414 0.5854645440358552 0.6212682593651948 0.6036988508797266 0.6079267528970937 0.6184222390326233 0.6205983534944078 0.5929349461720426 0.6148082789828602 0.5893650332364878 0.6264376501604265 0.6477878949846178 0.6795928552753017 0.6978492202573805 0.699935301191138 0.7391091173862475 0.7143157107611559
0.7075375168017083 0.6966875241972853 0.6527652779686764 0.6555170581447178 0.6481230421590688 0.636638231354656 0.6546638782415447 0.6584838269787866 0.6652181601227227 0.6627187989323055 0.6243439204616674 0.6246489910318374 0.6491598078103347 0.6875646615924353 0.6900481946878787 0.6629379288954598 0.6485704306073417 0.5925803722166032 0.5645605151471544 0.5613235672653293 0.5650676948722815 0.5556467050790788 0.5255750281977196 0.5352252858034119 0.5429830720576405 0.5598057150434275 0.5708772775008087 0.5737336301641419 0.5655902174679042 0.5691065465347265 0.6082212848130463 0.6112330047179351 0.6208720421614861 0.5817220469466015 0.6081080815332475 0.5919646935440861 0.6190107473579125 0.6129041955596666 0.6483800659920546 0.6678290282767618 0.6755164858574996 0.7221785152137064 0.7271165660900816
0.6778065974646086 0.6657169623990893 0.6461216952589972 0.6559484961165672 0.6695034429178544 0.6629874681859879 0.6398344571530051 0.6613234179057522 0.6649709914850472 0.6524352013554372 0.6641694382455243 0.6687347101675462 0.6478132027709045 0.6527649387636073 0.6506339825463023 0.6613094014700187 0.643115183089691 0.6041096791749707 0.556583763460004 0.5562011428021102 0.5560747278807824 0.5286506667971863 0.5220067456071045 0.532076802014398 0.5351112163994977 0.5353324232307924 0.5586042588742507 0.5764134546112019 0.5544370167092322 0.568118395469355 0.5639984196091541 0.5879436555235725 0.5958484896879989 0.5636616026752662 0.5864305077158078 0.6103241260704598 0.6203306854086402 0.6214224130555553 0.6179659105932548 0.6038570295929429 0.6256895030310466 0.6687645360329568 0.6620869176476358
0.6845095249213153 0.656446413420011 0.6291923387997949 0.6457920859590235 0.6415817295408446 0.6695845128414213 0.6257503390315857 0.6237516832951057 0.654044565561995 0.6605841044070877 0.6443164635918393 0.6495393763531049 0.6694777179698315 0.6628383012878891 0.632509063943043 0.646656839134881 0.6374574175225995 0.5902076482671949 0.5698767871917005 0.5294545477082491 0.5257615108441795 0.4950846830815409 0.5360853004556466 0.5234646091763724 0.5325701884613763 0.5237024366916025 0.5161637893051385 0.520968690855484 0.5146571531390531 0.5218156399469779 0.5564135860998785 0.555317552341748 0.5820454274451126 0.5817493040557158 0.6055887365610064 0.6123755989684381 0.5888954291855161 0.5726228637667246 0.5981649699396715 0.5814607274933504 0.5833393797481493 0.6123026671972306 0.6466979698321286
0.6601214354157587 0.664580089978728 0.616209097086888 0.6322942816440394 0.6316429990526174 0.6730354720466132 0.6540495169451256 0.6103681992753698 0.6226160329866434 0.6504979707351968 0.6474328867405651 0.6374608413486477 0.6307814773610831 0.6487729689928252 0.6467829481558459 0.6118313434204886 0.6152525213548582 0.5852410563759832 0.5245646352354044 0.5013201577997338 0.4971710018558292 0.5118599639133387 0.5223047898457349 0.5350330760464803 0.49976339646211504 0.5237498061809964 0.5474382041161463 0.5232416031471919 0.5205975261512374 0.5566643342950286 0.5633828089117869 0.5608216852010354 0.5700502554521273 0.5634646383580607 0.57345140068993 0.5927754550477672 0.584659532506132 0.5593804342551125 0.5883451450642552 0.609534183834348 0.6126882976859906 0.6141675083426269 0.6171399337168167
0.6714148576131379 0.6269073642431889 0.5945195093215803 0.5758792357014988 0.6099334753478551 0.6427948526630656 0.6493383745092526 0.6225947117462411 0.650237262268456 0.6427652073109991 0.6486703849629707 0.627454962214441 0.6496469234336997 0.651417224810557 0.6172245887266087 0.5933779058449401 0.5829751146264212 0.5513854322775912 0.5528470977342099 0.5194120178687488 0.5027248353813261 0.47644272656337455 0.4807756565847174 0.4974949931246919 0.5225373868609603 0.5233181269775908 0.5266469550747245 0.5340120615136039 0.5313374735058859 0.5324665471523193 0.5497354802058299 0.5618753627283405 0.5490849821887966 0.5511689266100901 0.5439705062832346 0.5588999545773966 0.5792771942754192 0.5885979844911687 0.5793589998106086 0.6313744228678729 0.5975335684092279 0.5987917280778944 0.600500012501235
0.6567272616321733 0.6018989332082357 0.6009688686377416 0.5628324429628752 0.5659745520503794 0.5774228905114688 0.6056799369998186 0.635699094528451 0.6270744352318044 0.6440088834473838 0.6252415917257389 0.6364385051930425 0.6415005296156723 0.647554740116764 0.6100067653381943 0.5862687655758253 0.5384274105189749 0.5548693780702512 0.5394306490081731 0.5296467023312869 0.5094832199695205 0.46860622288197545 0.4930903875421985 0.4948523809941213 0.4997726418200237 0.5235298638495981 0.5287129493256011 0.5304115884109405 0.517614920117075 0.5012338662015208 0.5143492003062289 0.5333670141541923 0.5468418537862446 0.5381745694827718 0.5318284510296813 0.5573954724524749 0.5672175715931924 0.5697419748540191 0.5813936900062406 0.576522983044669 0.5780758929149813 0.5890874498157981 0.5938152851827292
0.6288376358200202 0.6023071300238924 0.5706715088494628 0.5895781867157104 0.5696748094487954 0.5397091107258285 0.5743598107837329 0.5924793776923021 0.5979444736394993 0.638761390274352 0.5961982311763243 0.6107684038090689 0.5889595141665929 0.5943994713356126 0.5740716080333433 0.5365811330440872 0.5550517066960517 0.5170593686106051 0.5364225076686737 0.5226366860493066 0.5246348261032704 0.4858984437513267 0.507226972085217 0.4817289408952846 0.49737610879028205 0.5409772912373603 0.49885098331993205 0.5000502317123083 0.48543002171970606 0.49339840732611 0.5059027270754609 0.5559077949399995 0.5461271600826757 0.5098300103772258 0.5405889822068333 0.5228412252410755 0.5707005738075797 0.6164169862257747 0.6100041422005495 0.5719579053870103 0.5809443190895761 0.5635199713707615 0.5940853115056343
0.6038968476966488 0.591125132840189 0.5802972930982845 0.5894371311334928 0.5719383084125723 0.5692207631628868 0.5576495129279694 0.5916139262460185 0.591652602474536 0.6265981661551728 0.6073732737175948 0.5824645652832136 0.6065100485713538 0.5901748329563427 0.5837524770311783 0.5477891159321433 0.5477784242935859 0.5607799466603778 0.5598872824978558 0.5405184810400773 0.4943118940124453 0.4828578977377312 0.5103205131061973 0.5254532107055321 0.519520663279103 0.5357251416967864 0.5055069575025252 0.5216852743839291 0.5009417596018876 0.5001881157161626 0.49631940603312413 0.5149075593538848 0.5320081863966725 0.5185131479139474 0.5332656994857632 0.5475840123862813 0.5557065622210169 0.5910088798465281 0.5725016174093095 0.5807936384732638 0.5826124084517318 0.5568146498981495 0.5787623715913429
0.638672073814695 0.5944868381135228 0.6035621920727062 0.6219880558683041 0.6295546328287865 0.6082627518745325 0.5600291225637436 0.5732456048711464 0.6075320039518393 0.5892094013259266 0.6191395628223246 0.6020935780098069 0.6133499473529358 0.6130650343604805 0.5959486326643451 0.5879566217125018 0.5502053925442808 0.5749761697609025 0.5600413925321224 0.5304961528375092 0.5283679447434333 0.4859972616321315 0.5046834990772785 0.5282561052665399 0.49155666329828496 0.48909052654983526 0.4959792855887687 0.4934558015562953 0.47905101150613677 0.4899574267907959 0.5184056525768543 0.515604012222209 0.5520591593525778 0.5546588064093392 0.548800760139252 0.5352004883923275 0.5729596464864676 0.5805130167264169 0.592341833587375 0.5993354483978973 0.5609257254913956 0.5692005908316333 0.6070740216256264
0.652556452260576 0.6110326836632516 0.6210594881659227 0.6054865243306313 0.6251682112275091 0.6352400522360325 0.5943333903467655 0.574907966861725 0.604761435799369 0.5991838524274367 0.5901623017517001 0.5651045470100728 0.5763267079248062 0.5686719648046441 0.5706642615781591 0.5735670517331611 0.5570128522143909 0.5700806218445992 0.5475917320001112 0.5239931055383469 0.5389694695138415 0.5006925711564626 0.4997904720803066 0.5157208440370067 0.48861373202666436 0.47962791280157346 0.49877482034863224 0.4851669579108386 0.4943069632707943 0.4911431527823316 0.5206402854379563 0.5011689787239277 0.5370461706702132 0.5676813667700196 0.5695022260304591 0.5353054155941149 0.5595849928496895 0.5519099612263091 0.5718021280464374 0.5808713463156824 0.5646959743375339 0.6033975081569872 0.5905745699836216
