Raster_benchmarking/Raster/continuous/raster-417.asc
NCOLS 100
NROWS 100
XLLCORNER 1743158.939962752
YLLCORNER 5469286.43623475
CELLSIZE 10
NODATA_VALUE -9999
[rows 0 to 18 of 100, columns 43 to 85 of 100]
0.5416766441309289 0.47772548583025126 0.5186468277842669 0.5329407928955825 0.6482116632960515 0.6689140226772164 0.7089473864276983 0.6649287410265613 0.6776797638709062 0.6914534987836186 0.7140119514068699 0.7076433961925116 0.6625730633154417 0.5915519148803212 0.605387296854603 0.573562123138338 0.5719284981531565 0.5707405291127481 0.5672744875792849 0.5534455246864685 0.530654604929177 0.5077236095431517 0.5107927041796974 0.4903602688950082 0.45775060403540224 0.463453254459652 0.48171790170043327 0.4214088794026987 0.466794081392288 0.47646939091696866 0.5225168391679461 0.5194992546864728 0.5454898203781803 0.5318736632484637 0.5507202989225226 0.5217302840807339 0.5389928259175368 0.5523254230531267 0.5323429160408186 0.4723209557696804 0.5235569677359587 0.5353632155236194 0.5082530338591223
0.5353055250883794 0.48388209860165426 0.5336234657621479 0.5913627952264645 0.6627466286532083 0.6532115888217404 0.697330450070336 0.6781979257738222 0.6854816017378896 0.6788021197327923 0.7210606088234267 0.6848121465140657 0.6714298328711306 0.6535515342879704 0.6552396276940989 0.6145039649003944 0.5873758352393056 0.6102146855661595 0.5870243557233717 0.5376216050003092 0.509197512654253 0.4808982500667831 0.5051657337708586 0.48612550377120173 0.484645199527101 0.4371711193824734 0.45835873964740903 0.43393641354833123 0.4671650071421655 0.47633317806234865 0.48017995648466777 0.5351839251804227 0.5481906160759612 0.5930421602562628 0.5524603286049806 0.5273733242637055 0.5602205543151936 0.5284064110433355 0.5330451072149199 0.5053255939828767 0.46918484277401024 0.4650684048851556 0.45351217408034383
0.5146041012040955 0.5253147706882927 0.5968229058410638 0.6564763943425707 0.6613572725973141 0.6747316884782542 0.708355086330254 0.7055328350206832 0.7258071992562063 0.7244743828925406 0.7218705453038781 0.7173136361500523 0.6488099117669707 0.6434851352879196 0.6937758261324455 0.6886993994986551 0.6831133680119247 0.6462878738624479 0.6105702788431839 0.565766064746836 0.5508805908810428 0.5381931272160738 0.5365161094459246 0.5002073216072577 0.4654530066431807 0.4073294545909555 0.4521524288511948 0.4768087495699329 0.44074586306255026 0.4485665997861856 0.5111435212759495 0.5765252368039893 0.5469321529640679 0.6104485275394853 0.555613286503241 0.5625752210412214 0.6220980336070794 0.5966382946767206 0.5564358256913357 0.47269242678841283 0.4784630580076454 0.4781443182662085 0.4669872135197261
0.5721797243070984 0.6079571417552284 0.6634336152467664 0.6841145575649601 0.6839777912849272 0.7098462460817649 0.7498190546667243 0.7150203563841795 0.7299232450262214 0.74924230324949 0.7198504371132822 0.701607681697098 0.6958194195012266 0.6710270134210833 0.6764903890636634 0.6725194566455441 0.6828706508614374 0.6381750078175886 0.60315036501914 0.6058646669513471 0.5376897154560253 0.5545992062167341 0.509853261878183 0.4702342660616435 0.45153199402365923 0.44487116428411155 0.44762090897070617 0.44885656103438365 0.48136238652447144 0.48319311503226464 0.4883086305260531 0.5103833520831128 0.5601355843285192 0.6149824574423738 0.5863984158408725 0.6034752637343909 0.6382053834745398 0.638074331164583 0.5882536522219929 0.5218716355238363 0.5145694022031087 0.4964444962862247 0.47153560652257
0.651349259576035 0.7198593263495374 0.7064461024765227 0.7149755047984448 0.727950881532625 0.7522280113669026 0.7430370297312773 0.782202832298242 0.7963302760287327 0.7247032267595499 0.717614851974859 0.7048243357520394 0.757063898691478 0.7207497348343673 0.749279205363366 0.7332199437091792 0.6995847734420201 0.6929835072899345 0.6263253706171567 0.6080983034662286 0.564406960547262 0.5661566828784897 0.5722899980957123 0.5472285166988975 0.47888798290153395 0.4836877571485792 0.4949909243134808 0.4550383308077814 0.45416085916399596 0.4899341661903636 0.5185020200697786 0.538105851309781 0.5743675402768269 0.6250071199113423 0.6128776209614621 0.649344371058725 0.6923278791377051 0.6484954636102004 0.578873371378199 0.5443373233942977 0.49783444459850307 0.49926016753959424 0.5556425257428314
0.692300350753065 0.7093299438668764 0.7024511599577896 0.7080889583768435 0.7293301746274784 0.8020609779618908 0.795894016394418 0.8369992537829822 0.8111355257503148 0.7707012284716253 0.7440017327137707 0.7813275709744859 0.7754371008590423 0.7193120036472699 0.7329631044973216 0.7245180120215143 0.6875709814588139 0.7093781154979112 0.6339158187256598 0.6065702844864013 0.5786826399610651 0.5557882801126454 0.5610167707920061 0.5609711407277038 0.5149802236484398 0.4902671438148555 0.49362200431923087 0.4828368735115998 0.47812384370743893 0.5128618628290886 0.4935734211396043 0.531322785418954 0.5598487302187153 0.6089685768517019 0.6714720730024484 0.6593868945498683 0.715525948530376 0.6598147331818367 0.6372311821961307 0.5947035404587071 0.554156188228617 0.587143686326823 0.5828197194598052
0.7260342280349372 0.772820685651075 0.7159109415954752 0.7385918688366937 0.8056607519733299 0.8247600153780583 0.8048356448147794 0.8318611950724586 0.8435715993885043 0.821946778930153 0.7621723212463815 0.7906604826497368 0.747165310804694 0.7730326281676163 0.7397933443063062 0.7065783418434363 0.6950730311074935 0.7149005351145247 0.690492564949445 0.5953548933427285 0.5447146819776598 0.5446570079512858 0.5606913869899971 0.5405049459068646 0.5049121609588397 0.47506746262195254 0.4882308639698593 0.4602508010627657 0.503039536667288 0.5099213767001212 0.5224980290715656 0.5155810283390113 0.5435171750282578 0.6099038211107835 0.66747443570936 0.7207056634830038 0.7303604236987035 0.7306119834337629 0.7011586402073089 0.6731359934908254 0.6032864673129672 0.5959000902887068 0.6236587059294415
0.7660043626975916 0.7551238739825811 0.758515017289944 0.7692412846772587 0.8171237948669501 0.8515200468590884 0.8462961423565458 0.8154112826910137 0.8215441066544186 0.8595846731628776 0.8067782948374269 0.7704901513278276 0.7646720358507516 0.7607135090398928 0.6877252186808084 0.6980608233149737 0.651371356287195 0.6543249761278057 0.6803652000111833 0.6421746745163892 0.5690334433161687 0.5382859346388068 0.528533880216404 0.5281756155129231 0.5097891849926819 0.5211829881864989 0.5077663519718929 0.5077891137250846 0.5159269384220058 0.5152548788824021 0.5298612406911526 0.5443931392457747 0.6174968598327765 0.6206438575402671 0.685122765535121 0.6939447899149415 0.6560227804058949 0.662769868923676 0.6921381827557115 0.6507562157332316 0.649212216818899 0.6006213695270225 0.625709799803382
0.7999320506105244 0.8048072046832841 0.8049940606960941 0.8554099628451602 0.8183806413822562 0.833594227171829 0.8300159958808467 0.8837206368273557 0.8285919256213469 0.8520949405898033 0.7941487140181643 0.7818047271140627 0.7396338448349792 0.7135166100627338 0.6896311774450969 0.6807709520269394 0.6649402048807509 0.6371036877445686 0.6232855521146706 0.6426120794830988 0.5954915787262309 0.5527105577739905 0.5318438664886507 0.494798867918835 0.5151583444418537 0.5267779281999944 0.5004439974753669 0.5186612213529345 0.5094301646615451 0.5545412500722517 0.5453399089080412 0.6198212588022778 0.64927618782642 0.6419150174926257 0.6289482952758975 0.6646986749509143 0.6497591896568579 0.6440102884178692 0.6813268285396699 0.6919974922882101 0.6314961779428135 0.620807292068371 0.635245352332743
0.8097306741240936 0.8050050791397775 0.8527666403822377 0.9108879465246786 0.8889350033931365 0.8970852142595733 0.85774806670861 0.8588326984320781 0.8338585217245715 0.8088805009976942 0.8327925903569686 0.7678558495139407 0.7280445690238396 0.6891027581530349 0.7227856608730681 0.6759958517202367 0.6456594971880244 0.6272590386546838 0.6531372861782598 0.624895947667222 0.6064506131021324 0.5410852326004298 0.5352321818538595 0.4996742408474644 0.5069347297468944 0.5543701397999691 0.548745124233851 0.5303379484736878 0.5606921937951904 0.5467836691278579 0.5701868695027345 0.5516284622295995 0.5870892274313231 0.6228234441211898 0.613895429515761 0.6163139047829226 0.6696321860604608 0.6383114771451849 0.6387665144703533 0.6902504462483576 0.6817228821181858 0.7085216961168184 0.6811927203075064
0.8525628771306102 0.8046202681292806 0.8328164276035175 0.9093591805726304 0.8701221302468569 0.8964519455108306 0.8981041090100466 0.8993097491711776 0.8710725081011603 0.8349492912206578 0.7915538749366066 0.7684518819117434 0.755976007812641 0.7154014433817449 0.6628717069100776 0.6544546030016941 0.6414552997673402 0.6886260118655931 0.6886816443617416 0.649117509467729 0.6218152761364346 0.5529337927111468 0.5093217873763404 0.4967282339538282 0.5210577214336978 0.5658992053126927 0.5484547216780301 0.6085187986351587 0.5638558164171074 0.5583773352077475 0.5792887899214085 0.5411226220898879 0.5955557504050297 0.5697178484686927 0.6036174856958012 0.6488161319696686 0.6533197964661986 0.5865452792419488 0.6755345245929231 0.7020427610511406 0.6959852167630078 0.7124025858708233 0.6710293738541033
0.8587344357821418 0.8430697261061312 0.8734816670868989 0.8511817272081258 0.8734550435003288 0.8518780706682357 0.8551040791618233 0.8624881031099757 0.8332588681519009 0.7915109181544765 0.8211572275781068 0.7947417307404753 0.7282425535407958 0.7104002288491249 0.6936061861018478 0.6876351397173031 0.6848747936756171 0.686869828979344 0.6673376243644379 0.6504688886105007 0.5959360166419102 0.5719755805411838 0.5583624379499957 0.5698402378776158 0.5635130078947921 0.5662232872495453 0.581881340025355 0.5636428705903008 0.5719563029025663 0.5360492088058048 0.5528976785438784 0.5342977399433311 0.5661779057872364 0.5789025269107364 0.593374673607401 0.6341759475017175 0.5783599676573639 0.6067846912065687 0.640789986260657 0.6326588599675518 0.6879657793168775 0.685425100352731 0.6978260559949214
0.8641559987202865 0.8013083840650421 0.8190012032960673 0.8673809077816438 0.8259281848329478 0.8025691999716087 0.8296133036916351 0.8038083862237544 0.7943562228712074 0.7723260913923846 0.8162786706370607 0.7902866528581407 0.7194546029109579 0.7141468224095543 0.7004550649049075 0.7075879589244506 0.7144845761983495 0.6671049763453969 0.6805663099485557 0.6302855992187901 0.5736729397135439 0.5365940816591245 0.5414663475040982 0.5318439404542761 0.5460170438860179 0.5680697884753584 0.5940024771036894 0.5839951267250759 0.5913746005478642 0.5629187377307178 0.5602277287213991 0.5304541687913642 0.5560320044304583 0.5803476971833976 0.6202061857523057 0.5780921105292361 0.5604493300716552 0.5533186573940421 0.6265798845113791 0.5924845509819288 0.6524711842105656 0.6823383656189986 0.6751298134260021
0.8587321433221785 0.7874430630618064 0.8140085685446976 0.8260156206264979 0.8268441245414206 0.8253783246673433 0.7928615689177845 0.7629881024850983 0.7562941645994644 0.7701896787775001 0.7751068496795328 0.7407132379953412 0.7400882045783548 0.7475637515942056 0.7515613339610426 0.6980359327036973 0.6684420240048835 0.6765251535228065 0.6475889936192907 0.6011014185644433 0.5306769395372275 0.4848220146436875 0.5087845008477667 0.5097122302547553 0.5070570052314683 0.5052502447446688 0.5105084778108046 0.5642986580070799 0.5547245851561247 0.5527132767696923 0.4966152799402343 0.5198985099014216 0.5748327605485695 0.5830349927526643 0.5916996212374348 0.5466515946030762 0.5605799114359148 0.5957241990312423 0.5868958835623094 0.6075311963712393 0.6221297885483924 0.6466948971004941 0.6164249327545805
0.8435351291098788 0.7636074779353831 0.7907271731324109 0.7669336649431958 0.7828070076004385 0.8100998361004811 0.771563535521012 0.7507636639269536 0.8001181338031151 0.784845562509747 0.7618571064618569 0.762503578027957 0.7792002408234098 0.7954782315042989 0.8021393531936512 0.7601683735641227 0.7006517467918906 0.6636707721844738 0.6443775059014563 0.5521949036764144 0.5324885284019898 0.41816725239414404 0.5035392513774705 0.5264645582416164 0.5091040767650884 0.5177960832872999 0.5230438162694169 0.5011439508302149 0.5447726612538701 0.5158203692433376 0.501343308848425 0.49877521781776035 0.5673700683712398 0.5873058456994967 0.5674688750827493 0.5477414310008168 0.5504780029987786 0.5641426161197824 0.586065985630754 0.5423901298288945 0.6411768901410783 0.6635332164435128 0.6177641622043021
0.8315014021466078 0.7819157433367233 0.7940321347426053 0.7835910609289398 0.8154761681025554 0.7820755946030363 0.7700487082673018 0.7914360439670624 0.7904313339945345 0.7643210945981571 0.7814047054680706 0.7518997004855807 0.7556305030483315 0.7500857815145101 0.7930032754595102 0.7351982512596725 0.70718950069843 0.6836968880709462 0.6221143021248324 0.5422903781738876 0.5161418196531828 0.49373125357731756 0.494360182177951 0.5242329577609866 0.4806285530463221 0.53499303870604 0.5272398038292679 0.546949680440194 0.5113735363255094 0.5061041490628597 0.5427711144605136 0.570312212113513 0.5612140644797773 0.5914792642220744 0.5775036589381217 0.5435309074386447 0.5423413726006213 0.5501680113708278 0.5491489419538067 0.5774064274154767 0.6213888809017792 0.6143050272930769 0.6221631069064687
0.8778474800504084 0.8386101074251658 0.8078986849425417 0.817208957607774 0.8519949048065893 0.81695207019326 0.8129064201745705 0.831524331316334 0.8174494376556538 0.821224392252195 0.8039307604066771 0.7950282349774502 0.7828713421263761 0.7506425239167961 0.7213193931587005 0.7397320341575152 0.6976733457949971 0.6878164066050619 0.6280786301091291 0.601241381922123 0.5571117716018359 0.5398539236542979 0.4893069118836771 0.505545419861524 0.5350309069063578 0.476522651519392 0.5139622042573874 0.5291586011738149 0.488674437769341 0.49064043383731326 0.551087454984646 0.5810128923430378 0.6053620141783198 0.588357786034265 0.6037163900688386 0.5749859417932771 0.5965695831424797 0.5943381562945586 0.616868469730386 0.574528821630921 0.6064131433041886 0.5966103744553543 0.58593099891072
0.8829348610337597 0.8598498573990453 0.8552515611673832 0.8641045095102399 0.8768931605170137 0.8688349564949325 0.8836155980098771 0.8697411058249543 0.848468696952693 0.85910355054207 0.7924203622181982 0.7821266841592592 0.7185099617469657 0.6777950635496064 0.716616003217796 0.6810836383657178 0.6928965656636138 0.6541621136042641 0.6110998162523836 0.5731796946322929 0.563686238325514 0.5086736321485449 0.5197205672686661 0.5170623638673353 0.5538448730869044 0.5237668432500325 0.5057680416785078 0.4974058572195698 0.5257695302960979 0.5568106249210397 0.5906638351228412 0.6264208791940168 0.5981427273243015 0.6453465252527448 0.629231963167601 0.6372373966062372 0.59908332053036 0.6003837112184056 0.6281299109488953 0.631922335032106 0.6244189697750226 0.597231897962874 0.5801331509081082
0.8930100960196539 0.8257895563606471 0.8821572672506942 0.9085255277728518 0.8907969871834178 0.9040866710545987 0.8679004643826234 0.8790532233894668 0.8528917298133855 0.8720197296231827 0.7837459741224615 0.7941403635185607 0.7211661885498049 0.6612314928604743 0.6963039718430755 0.642505213605664 0.6419722889364445 0.6267591677662075 0.6108287179583105 0.5734914863005495 0.5511859160835751 0.5487614648665927 0.5461563064669057 0.5662887702688253 0.5440058057676126 0.573479082308943 0.5470843083666584 0.5206695456841679 0.507008433021169 0.5454866493570902 0.6252780987302338 0.628906786226782 0.6776351925533236 0.689961254110102 0.6590429015413496 0.6782654273647786 0.6549048940765838 0.6809864766565707 0.6457772367634307 0.62492530162552 0.6224166894081585 0.5830977668177583 0.6115025560143073
