Raster_benchmarking/Raster/continuous/raster-145.asc
NCOLS 100
NROWS 100
XLLCORNER 1743161.38209199
YLLCORNER 5469286.951014164
CELLSIZE 10
NODATA_VALUE -9999
[rows 57 to 75 of 100, columns 0 to 42 of 100]
0.16494307397442864 0.17934427368061776 0.18353858000317477 0.2021468629106037 0.18470775647287446 0.19416943594305872 0.21325450292827866 0.22402592330068433 0.21484834020197147 0.23528836323059416 0.273044095658111 0.26373927500561267 0.2904639913128946 0.290067209085303 0.2979171216493206 0.28345487018340104 0.28576721730118987 0.2931620720296885 0.26199514328641194 0.26409492383035804 0.25270900368425164 0.29694852756804685 0.2843285128634477 0.3013801332774334 0.30685798879106935 0.3092363848566795 0.338706197725514 0.3587236576966474 0.37381465151362653 0.40428584328669476 0.3920485990128154 0.39524001416670823 0.42835269110510815 0.45801503459447923 0.4678220472542173 0.45130989052663323 0.42636793769504705 0.46443170182226845 0.5038223726641888 0.4912860090360814 0.4685377216634169 0.47979690115598705 0.44732069585313167
0.18117627371060305 0.19596972613729183 0.1761031820171765 0.20317240734520434 0.16053455967290267 0.1903426959426632 0.20599288766260104 0.21351458951904953 0.21069043948215685 0.22717466518202006 0.2689860138618111 0.22542715456641188 0.2371246735166882 0.2502133300066155 0.28190770881625044 0.26687330583377894 0.2865587202224635 0.27018820593027126 0.2662787815020024 0.2905870588154512 0.29722381263389874 0.29447981197102785 0.29898129644212407 0.2740406587642615 0.26403167780256653 0.3094932920990197 0.3193312160557836 0.3396788021797967 0.38306851591819246 0.41779895408278983 0.3899385909860956 0.42433777005352075 0.4294773354631335 0.4592045054634604 0.4495345198485252 0.46144205436427577 0.4402594059694704 0.45204334493019876 0.4839120826359108 0.45999281909963097 0.4512036499099163 0.4376006728362106 0.4473254337603266
0.16660897260788596 0.19542621406020577 0.19570382259791824 0.192208474853355 0.2053354721580755 0.20485408208600686 0.21606443858790672 0.20886656126199613 0.22234620743514086 0.2196959883577293 0.2511690730712623 0.21412079760844488 0.2209080678588573 0.23951515787095856 0.29298192979175003 0.2847145464263232 0.26400112167372947 0.2598867224760976 0.2293201232805605 0.25573745398692593 0.2646257075063392 0.2830802276875496 0.2816060410597802 0.3080705883299227 0.3064622687814189 0.32864329191818814 0.36400934846835126 0.3807688084427253 0.4062239009173182 0.4064405878009581 0.38674697266497504 0.4106352102460467 0.4203921040800924 0.427229155883811 0.44917643429386195 0.4711023414806762 0.44706827419673867 0.4402303039830771 0.46960779760291116 0.48073034703383477 0.4771587249244545 0.4404411585501994 0.4134781493622083
0.1494151023238134 0.1898450452448477 0.19128218443202968 0.1772641128869144 0.19773273614054782 0.18239126850876464 0.19370880712689661 0.2332877928843784 0.25025586209212286 0.22965792699717844 0.2132239372588191 0.19294005270337392 0.22187282683487772 0.26744458178571534 0.28278290188781985 0.2843698168194906 0.2410408921914286 0.21283904522610286 0.21407137222176242 0.2274643789060507 0.25450203749166245 0.28785819238672805 0.3136530284130285 0.33207017804977873 0.30913210344795794 0.33978614789624056 0.35627217890470225 0.402459745440993 0.40989523539441497 0.37782303454067057 0.3666575973565285 0.39360624932233795 0.4348216222885137 0.46400704506021384 0.46784811165462536 0.43455013754636546 0.45092628057073053 0.42571295218718214 0.435608599529059 0.45557588325701176 0.4623625144591203 0.44390598828427513 0.42466544597037287
0.16652318056846968 0.20534765008735453 0.189589457166355 0.1946461315868358 0.2287363732472713 0.20907869462568965 0.22952394347131488 0.2066541038514763 0.22906967270710343 0.23613870657666494 0.21478165567528026 0.2155810194811819 0.249226124865572 0.26053194944104824 0.2565571173458441 0.23685007960837332 0.2093463263233927 0.22921155474593313 0.2347347464141087 0.23079815337665052 0.28543490637487556 0.29345559644707286 0.3043679175745808 0.30864637173438864 0.32020985456361184 0.32903604911392237 0.37736224346519054 0.3889131760083997 0.3715620125082473 0.3795071410140568 0.36265981057578484 0.37982662029046327 0.39830653064197763 0.4453773462230889 0.43526532590385075 0.41189968858768117 0.41787848951717543 0.3940847069210031 0.41509850723333586 0.4009060405573334 0.403738198184383 0.40317168905133094 0.3722835739256884
0.1829358673359528 0.22790011680797292 0.23276049391739517 0.22568055870673773 0.22013412987853304 0.20417274341247335 0.2451740491252835 0.24086762130618736 0.22727765677259978 0.2268462262519788 0.2550467509462477 0.24116586495946843 0.26602956044162157 0.2336127510565205 0.25400299806707455 0.23663528074124668 0.20495561754239647 0.2187278696510577 0.22694687915773598 0.22084067233616705 0.2716159267689823 0.3046342339414126 0.2838822836147083 0.3155244879567649 0.3314257447960599 0.34523307849472107 0.35020699420501816 0.39193687265786287 0.38787137799676524 0.3589020026488261 0.36667027056257984 0.4033902195694457 0.41223643767505963 0.3954212006950965 0.409308668387206 0.4026700862478626 0.3739953658754715 0.38798487195475506 0.36716716111865705 0.3916204864809758 0.38688124226186565 0.3686338245898621 0.37115235821184744
0.21227012730395511 0.22221178420896773 0.21018668274313887 0.20239993579271487 0.23071796322961882 0.21884319447400827 0.2408731945847106 0.26678965848518343 0.2563419694947595 0.2501331991213947 0.23559964565123515 0.24599146694202764 0.2594359888193476 0.22346631327983996 0.23791070769589742 0.24360833379543292 0.22003189724316685 0.22383535896260037 0.23136717636668777 0.24290539047365534 0.2607690879108498 0.2902819880528555 0.28245048332619993 0.31505049692445836 0.3245969024262583 0.338196363790005 0.3691682676227755 0.38340509359033137 0.36510231577005314 0.3522428808861 0.3526420957157683 0.3626918171327975 0.3973138782538822 0.40353844880704515 0.3693988643933724 0.360357470756701 0.3635639810582431 0.3561982456959019 0.37153108258116435 0.3515790827607369 0.3858072338601821 0.36353615585105414 0.3617346355137709
0.21972284167699827 0.20932431079778382 0.18225614774080443 0.2057068862013214 0.20973972766189117 0.21591161965959452 0.22359636009447942 0.24334100184125698 0.2799457912811939 0.2348529032002184 0.25076614378834516 0.2505601970395311 0.21861845096605556 0.24005858560449314 0.20670630037478147 0.2504712197931554 0.23273326453886226 0.2537618860821969 0.2164311280086364 0.2617613195388174 0.2459808299393604 0.2679861944678569 0.3016190801732282 0.31443481262057976 0.34414313365953086 0.320987843671406 0.35963645653883547 0.3516576511518351 0.3911213062843654 0.3565100519619987 0.3431513159827693 0.34680649899531285 0.384388043240276 0.34886375828842026 0.36216120384390493 0.3375879392859487 0.31825946048456644 0.34251248147089974 0.354485912172013 0.3510937738777407 0.38883718806870765 0.3818835566524972 0.3866701374466135
0.17541114400643484 0.17914743073233413 0.20166955728384933 0.19572045766742188 0.16907106052469434 0.19004233454572475 0.20703858793817864 0.22053768943057026 0.2547241978081831 0.2237479211031789 0.22472099918775035 0.240015869268692 0.20567243304176222 0.23163058026264735 0.2665462996811271 0.2560378334123274 0.2605768621580793 0.28493949812528285 0.2635171702515096 0.2718300103776279 0.2715199274884031 0.24956451572708616 0.2906367338354329 0.2881861736556991 0.3003282586734783 0.32679211709554173 0.32139751769310726 0.3485438162874396 0.35829800048255234 0.3188235398469023 0.322462723659509 0.3197174994097086 0.31187365553709073 0.3088719346574627 0.31510705452396714 0.29359895378636514 0.29598986010818684 0.3078017046452976 0.31703036916008864 0.3304716492102569 0.3773215591430611 0.39002162156815073 0.3742433594262449
0.17887898253452456 0.17024756624955265 0.15782574629614415 0.17103967523878397 0.1642512507717987 0.17975256414062857 0.20954595605238865 0.19442610308370914 0.22826530722667512 0.24307560405610687 0.2047040872964647 0.20083982708401343 0.19636476557273877 0.22636100079475596 0.2779146404393457 0.30758643598363616 0.3179519666477809 0.29490028548821773 0.290956623977066 0.26195959353642373 0.27110628202939085 0.2581126515783501 0.24842907112497747 0.27504643361323866 0.31365100614508223 0.31094280573065414 0.29206265349506283 0.3260664033629921 0.3096086014624525 0.2929563456118488 0.30160762545962766 0.3147172515798421 0.2803921173009179 0.27499747150663734 0.2941917956034564 0.26624253095368094 0.27046579000875687 0.2863768954053433 0.2887907796131563 0.3061105778826093 0.38113416370036374 0.35884377818103724 0.386437928618084
0.15084147286095292 0.13917266788456437 0.12316710702623163 0.13042970080043811 0.16758301833885555 0.20524589650441577 0.19611782328316302 0.20773687792470288 0.20850681218255881 0.2407315519575664 0.24172952614575371 0.22403969192898815 0.23866103754939316 0.23521337885506535 0.28442981948121815 0.3022056176547937 0.32693463378256055 0.2900942263449793 0.3040145841413512 0.260059513782708 0.24284071561552822 0.2508266391549946 0.27062630279238087 0.2705611293557789 0.2776875335399402 0.2747917997348085 0.2651300318119221 0.31050146871517115 0.31109039059241633 0.3008360259798353 0.2710701461075834 0.3060606464663924 0.274787748476934 0.29920160902951165 0.30269956264828435 0.29131675182608713 0.27645403012785497 0.2774194301610923 0.3215935696326473 0.31099484491417106 0.36083042054368475 0.35770592335562473 0.3802051241563623
0.1544853728708666 0.1432638614400115 0.11102054335879348 0.12650866155499887 0.1739919429522972 0.20640311571452608 0.20868414908691668 0.1938021640635627 0.21470054233735583 0.2181507035263703 0.24836456851761252 0.23684043466518728 0.20871493588427337 0.22426468211643374 0.23710059711788828 0.26505332836417045 0.3138597208133275 0.29227022772715755 0.29099933483551044 0.2673938596759195 0.24442488521298597 0.24267643613258863 0.28137356219041376 0.2764498143114848 0.27004498700499907 0.27203192368648593 0.2712364239120605 0.26079966850950814 0.2800406768349919 0.252026634391828 0.25450826793667497 0.29738415082727226 0.2966108795708281 0.29563571476514783 0.2931265743534495 0.27761506971327043 0.2817039371936908 0.2825805589531356 0.3266632570209667 0.3128824114472045 0.32165741609325177 0.33259987114663286 0.37765078183085
0.07763198537152802 0.08487518635283964 0.06922951678443498 0.09538415248378311 0.1303221194957871 0.17819205356319698 0.1685115529606957 0.20191619441632103 0.18161113479027707 0.2279582082966393 0.23213012213374493 0.24023923013561704 0.215815934323061 0.23370061458868843 0.25523722263649895 0.2938255011775464 0.30376725140578315 0.3211443460161789 0.3148998814519664 0.28216354884163464 0.2323978561336357 0.24250783613175303 0.2473247030717648 0.2869307667459882 0.277025253530273 0.25051001151429136 0.2663541323435337 0.2503506775970468 0.2679932194212803 0.2586226221755848 0.24523829069093298 0.2528770267976131 0.2747113902931404 0.2597831323266475 0.26703477558972827 0.3038226076435368 0.28667177548623407 0.3103984421131483 0.2961496698771229 0.2946949789700043 0.33201579382277335 0.31889652127872986 0.3240268035469018
0.04294970894904233 0.048111885593884955 0.07173073351456692 0.07948244129961579 0.09932002965302514 0.11962551370572981 0.17768526292554734 0.18881019804253532 0.17561169908945487 0.22052949438234526 0.22941603034936578 0.2334279655198844 0.20488730843740594 0.20709186257819343 0.23047668487062298 0.290473125138999 0.3372750116107396 0.33667729867077545 0.3352014393133928 0.31958291597044564 0.2540526550616562 0.2744030341464942 0.2666139505273734 0.29790293675604995 0.2695624720178864 0.27687860438258577 0.2504663448243166 0.25229138188214745 0.2542289865473745 0.25698764633055016 0.255926848450402 0.25799860418280146 0.2335032731789904 0.2600863038029913 0.30496481263539715 0.29133957468603294 0.2722072738482562 0.30132342857636607 0.27592949052768817 0.29882090198206157 0.3358191678597027 0.30961809799375634 0.3336619402328955
0.038070381650077555 0.042526298540581535 0.08686126654212604 0.10509703087148063 0.11743718999121647 0.11022661603545367 0.1556554155435195 0.14312853594899555 0.15346787331380674 0.1788868403380769 0.18746044867466208 0.20369790993024597 0.2095679492517983 0.21200536254899427 0.24245913453369572 0.31180985742638173 0.34055529396664774 0.36046730471927485 0.3174300448230741 0.3144999783389249 0.27742434701443053 0.28963277729562714 0.2832331413664618 0.2868239891902276 0.28267973001787283 0.2873890738374164 0.287660503553912 0.23460387894991344 0.2470773498309941 0.26557474833225314 0.24137821830192244 0.2503141638954763 0.2560841317488711 0.256569966885977 0.2685122657595656 0.27880007858690015 0.25868787776009783 0.28553012784148635 0.2759404427458473 0.2835630343114631 0.29156569822413675 0.3068282514547758 0.2951602794748737
0.0 0.03165532730128833 0.07315574444395356 0.08594769395748043 0.09500110653816338 0.10358879177897588 0.11991075295396479 0.15867796966969486 0.14085250136563326 0.1951613232334923 0.20313078272209073 0.22490783518311896 0.20135992380231385 0.22146790413517725 0.24711965300734862 0.2818977774363289 0.33921291857071356 0.3331749739809258 0.34464578017908637 0.3409485410951108 0.32237450370889015 0.2823628567006713 0.2930219735404082 0.29386093125996476 0.27191711873110996 0.287963089545072 0.28457286920908703 0.2521552317929602 0.23477619347806897 0.25368101804893195 0.2696937558425959 0.24539931268159867 0.20505514576351483 0.2582056900193893 0.2946789153069985 0.28757826027712025 0.28365606041379954 0.2880591311870395 0.2601494349317525 0.2845628707783192 0.3266363357733458 0.3286248178708336 0.2932516130450185
0.0735528745492725 0.055141957007843925 0.0869083801453453 0.09668400355202818 0.12142193747922948 0.15284398500427326 0.15676079051188294 0.19516992671141126 0.1878598309819923 0.19555118277591677 0.20285577000835409 0.23528571442438054 0.23575180311453117 0.2335691576915839 0.26359487252375446 0.3201249030696812 0.3405765395709286 0.3485288023524029 0.35463297139525474 0.3611190521696541 0.31211394282916033 0.3084915723297525 0.3141453088947758 0.32416546499369575 0.30984866109038833 0.27813179958871403 0.29401936291192016 0.263665957012683 0.2667028606272766 0.2593217947370169 0.27259732851950624 0.25543997769499105 0.2191827297179025 0.2634356243758146 0.29467128233734996 0.27869412368353735 0.28731234835222746 0.2696760590609281 0.2758432513740869 0.25721110472243214 0.2841909340066274 0.3248276523146013 0.3131707080731607
0.11596724834848618 0.08259759201777842 0.11500846797359013 0.12020507051793396 0.15326976625940308 0.15690946307350317 0.1950171920743907 0.20768303245616798 0.23681563082946944 0.21813049130933268 0.24231825941161558 0.22798956771927364 0.2178596164937646 0.23969162255612894 0.2767413418126806 0.3031680500182725 0.3564615011492428 0.37275132281234413 0.3669447145439298 0.34750199817348393 0.33358324989590626 0.345947641274377 0.3470598755497791 0.3280952874301696 0.33394349130160345 0.3083899704257059 0.2895865607508139 0.2725503434201101 0.24190697367465344 0.2613886526516493 0.26029591761730403 0.2663159822106061 0.23787983352348824 0.24108015422038906 0.2665778314304357 0.2649971383282114 0.24719649317376804 0.2642141998968253 0.26796626978872407 0.24716023953363211 0.26329273061922376 0.30927897649274944 0.33173227502894176
0.11764924997196596 0.126737395288092 0.15379108316121656 0.1551185471433359 0.134065468691516 0.1624366759246711 0.21528495551482454 0.22972063470001697 0.2553193253651988 0.24775298368635507 0.2471630939488292 0.24526336542325458 0.213785879861867 0.2343567507453112 0.2639996744063972 0.33089168342604997 0.35327996001437806 0.3668980960666643 0.3458217368433609 0.3303398001945559 0.36278707666972 0.36060349114893303 0.3630461606819425 0.34398281895595473 0.33449782657786903 0.33055285731246714 0.30305797097055764 0.2813377458990087 0.28829011375949626 0.25633912299541417 0.257615183544372 0.23752638028640707 0.22031977185725032 0.23407810473605098 0.2690797048817059 0.2691765372498971 0.24521309677000383 0.2721230755306132 0.2637542062128013 0.2732605728244585 0.2958998671955406 0.29898795407693207 0.3083324737969594
