Raster_benchmarking/Raster/continuous/raster-366.asc
NCOLS 100
NROWS 100
XLLCORNER 1743157.834982897
YLLCORNER 5469290.748276782
CELLSIZE 10
NODATA_VALUE -9999
[rows 76 to 94 of 100, columns 0 to 42 of 100]
0.018544754936255528 0.025363034246987787 0.07337376336314859 0.05601153282497105 0.08448799850341722 0.0898406792459703 0.09655054325574591 0.12506532548477542 0.1426972595122118 0.13638248664823646 0.13937856529073395 0.16084476150336763 0.18482209841740654 0.22067107645682751 0.22303684913179336 0.2447456805307865 0.23104377281681737 0.20020710935949143 0.22893527122305501 0.21531343769511124 0.2649264587977875 0.2739645172508173 0.26497125482898776 0.241932832124938 0.24095860796828733 0.23890615651407768 0.20646252340138102 0.2132699992389672 0.22254189436511762 0.2445192911011048 0.2522021990466847 0.26094951076705003 0.2877648820396378 0.2995877401009964 0.3339294794633945 0.37467034799054694 0.39171494293405074 0.4042496738459164 0.45322836972888214 0.44847923958775776 0.48597087706745756 0.5366469052915884 0.5078752314040875
0.026315801545920663 0.008602700887873998 0.021007970102330704 0.03101158249811637 0.07099130465910607 0.060946706856667636 0.11932873121789386 0.12942095463612804 0.14863907385693303 0.1537582729009529 0.17712368263090572 0.2267565054786235 0.23435116472222783 0.25514772894294 0.23879884843186666 0.2509031683813911 0.22747490561893471 0.227386152229876 0.2402806698501524 0.22296708416886463 0.2658830401249722 0.2990632337078486 0.29847597749832994 0.2461755352947713 0.25179213857997934 0.23510931160975682 0.21440573675841498 0.2709163574347458 0.2745785003002633 0.2670547631011224 0.28374435339938137 0.30408946169856865 0.3354904562010098 0.33199204490335105 0.33314553476139985 0.34486558680523915 0.36802083850881995 0.40469596935949503 0.42663022390700706 0.4501003683654325 0.4619718523326692 0.4951034080298599 0.5212496060759829
0.0 0.040639335568260465 0.04346666940101028 0.02407257334949941 0.02880909987727579 0.0760938063901394 0.10199533925546322 0.14464863431629107 0.15653085169600875 0.17533691771781318 0.19841305212899887 0.2181328146788306 0.2351685408836458 0.2194920653604686 0.23088994800757714 0.25352403040133187 0.28436633287223256 0.2466301054149067 0.23568645955796824 0.22899628730219324 0.26039105887233077 0.292368067895544 0.30002034286278434 0.28249282051204394 0.27352272119989135 0.27851691545521107 0.2492127925453848 0.24749940324997163 0.2739911997389214 0.2829110793352393 0.2907040364398646 0.3000338156140244 0.3191561517339665 0.31356781701067893 0.34634221205904353 0.3722041164294817 0.36957985544065014 0.41886551230089253 0.46671367151474824 0.45963595825616255 0.47853555288897415 0.515141379985896 0.5192237092547815
0.04673292210392665 0.022243671845529906 0.02697242552752992 0.02508131939868197 0.04026243002109073 0.05285334559875288 0.07991814911628702 0.11801671164285424 0.15513513581468966 0.18283946228670545 0.18484285563438854 0.19485366731393897 0.20879468584372193 0.22804356625246874 0.2593423943119176 0.25687321473917013 0.2999443817987151 0.30593025314085587 0.27475217013136577 0.29042882045593793 0.30237214658366723 0.2999856619591641 0.2703408514085312 0.27177355468169323 0.2986460302359126 0.28962037068363466 0.2705751709724136 0.28062940944944526 0.2821306053172496 0.2738940701899243 0.28417879419730463 0.3160608540197949 0.3405097872961899 0.3356097472240341 0.33939367504183793 0.35018531159838745 0.37819798065435634 0.45399967841901834 0.4513579023221965 0.5032402577488162 0.5057490901247401 0.5025235953452384 0.5294669019751044
0.04521897922798689 0.0537977079512892 0.06054082423555753 0.07156534659716934 0.08360820924111118 0.11338313892124431 0.12387554169052117 0.11296050882771169 0.15242193808702967 0.16872635539627764 0.19080464051803014 0.1988460136738092 0.2362720753992021 0.23420030989949914 0.25929701415771966 0.2485627828049307 0.2819727249297398 0.3166620875949809 0.2889390936141674 0.3020850510688207 0.3233406138966243 0.3357547979611823 0.29326237365692714 0.2834897176468854 0.29022792313585316 0.3163226208351093 0.30479568851955524 0.3374964731471698 0.3368670894476367 0.34109788109876205 0.33699163010763494 0.3598239080409116 0.35543118468128043 0.3302766044042946 0.3504900413596025 0.3841375028538772 0.4239861088974863 0.4222300323448267 0.4369296451672307 0.4665974075933211 0.5218505027037157 0.5096229861829839 0.5317679357810341
0.05222501128220608 0.08627041381850054 0.08706458266414153 0.11024735061349995 0.12049170278130865 0.1158258459829241 0.15136965584000078 0.1568031114021034 0.19021457606366887 0.20716182787782716 0.22234323251094318 0.20787086976344568 0.22130419192339854 0.28808045458612364 0.30080474072344837 0.2945614368580254 0.3024917398394728 0.31543789352097823 0.2975766562285949 0.2802066757088897 0.3326111320672036 0.3383836005059755 0.31473012240695686 0.3025284754231779 0.34461904345255123 0.346032498621632 0.36656247335422715 0.3794631957432843 0.35013190498839375 0.3857445374119178 0.3667413024605664 0.38164151789114376 0.38454261727775896 0.3662878334773565 0.3501616143594395 0.36187761236037885 0.3963786459287414 0.4281697321074486 0.4604483114085413 0.4606697843850668 0.4909416577199142 0.5279201224406163 0.5247770621624549
0.057281762678514654 0.08976809353268388 0.09861158862707173 0.10617389109093157 0.10572708176849217 0.15116723349808653 0.15377292424048605 0.1622919921764775 0.1718479909717894 0.18019415826339158 0.21674406266108512 0.22797897036439302 0.22382682305016272 0.2679012019647565 0.2828761758761723 0.30082771731543284 0.291289682731126 0.27174250943044737 0.2845589584601558 0.31790049504877266 0.33565888053406834 0.31091384421067025 0.3235575120249317 0.32687711405460335 0.34024529550881544 0.33619654451045083 0.3572478327622914 0.3877271706750848 0.38080027344329237 0.3616913028697251 0.36697214427407443 0.35696634004604877 0.3889419558172493 0.3761717288753334 0.3784875473029736 0.4018684214469763 0.41200796268475637 0.4673908493748903 0.46968081146149654 0.49823105799872724 0.47762769181804476 0.5356800983974254 0.5324790033860937
0.06644055524643167 0.10647162357809914 0.11184632044270562 0.11293373745666628 0.12941206393865737 0.1522737954448678 0.13644350099459074 0.16050625480041664 0.1703490316318204 0.15042613935766522 0.20204158000601194 0.24174735027304248 0.2554793581262262 0.24565901635480136 0.2573785157376121 0.31632342996964957 0.2974685879947463 0.2940600298981377 0.3116256952850577 0.30934377204843067 0.339405563618596 0.3334647462369591 0.3197501965177208 0.33581623597500004 0.36023565796623946 0.3752908164899268 0.3734881459425439 0.41484492704907794 0.3913112958373603 0.3808806409011831 0.4097689013642342 0.39205921219406376 0.4077789068336074 0.4099134428175973 0.431712473936374 0.4707843790580695 0.4266438679142577 0.45947688483257293 0.49730533757320033 0.48207221117458593 0.47894914564926716 0.5139815657859075 0.5626615136562574
0.0764333873869498 0.09101869044423018 0.11073044348164146 0.14933862883105764 0.18144795359948176 0.15105689246740245 0.15532337069718793 0.17059280548833738 0.15350659214913143 0.1359937316267778 0.175369994440419 0.19979058490319374 0.22939305153247155 0.23138453280743454 0.2700922281611944 0.29038453155409455 0.3076402625162037 0.3133319871975189 0.34515424977337567 0.32211925127060054 0.33400304428102684 0.3502627611360787 0.3670677522560926 0.3781954727014935 0.3629486756263174 0.3720792810032047 0.3807247027070358 0.3982593664738448 0.39231195396014107 0.38442006835214365 0.39636037416033937 0.4213696236428337 0.41659586515892716 0.4575963474475901 0.47191827607282294 0.4619812538428832 0.4370597249634008 0.4779463926527652 0.49971753767171084 0.4765435355824766 0.5247100848185153 0.5200213469162114 0.5692471120744281
0.07967565755140547 0.09581503085800169 0.11782833876479488 0.1611410093739312 0.19246270059051557 0.20109388641318418 0.19556499439709868 0.17307825852877834 0.19828244575824158 0.15657608722511393 0.16413647214330185 0.20194408338263747 0.21678841223987902 0.26558090609911006 0.25157519050788996 0.2986135655131569 0.3251617927414254 0.36274499941804184 0.34206445729424695 0.3583777150959571 0.3615903525775032 0.3785271490483366 0.3718401022288032 0.40601928820164024 0.37570098509313465 0.4351999142996379 0.4035201772337373 0.3949066721425913 0.40578716078498756 0.407312866405428 0.43545827478836074 0.45514213508226653 0.42887449821858376 0.4666461921303797 0.45710620485909814 0.44452825552908515 0.44766640735886404 0.4725456544344774 0.5141108272011864 0.48829444144230394 0.5128119632660902 0.5704678903769378 0.5617968502481421
0.12938943799970423 0.12477688930096587 0.1764926328817109 0.1850394329561269 0.206640218303846 0.1786595758404507 0.18514951387051748 0.20065654479795003 0.213140853692696 0.20679483938597001 0.18176663345139163 0.18464019608373397 0.24222201884670866 0.2580996742384815 0.24865215199433005 0.27960081454512714 0.30453411103148387 0.31131562572561294 0.34632476204368184 0.37239541487875855 0.38422700500369306 0.393853058235802 0.3738696416809663 0.3970971716223766 0.3873272054356895 0.38278749994020617 0.3927707341843485 0.3885490740076003 0.39406581474169083 0.40428545814832 0.43388310292713067 0.43576784986706 0.443943631368846 0.4386578320337199 0.4347074523150559 0.4302543984670255 0.4545307053875349 0.4919739580925532 0.5103118842259493 0.5094802032051767 0.5506024192160316 0.5547356396948421 0.5871600862364765
0.14545534045448216 0.176889508540077 0.16036461656832823 0.17652184620899453 0.17897965661478593 0.19139242202801912 0.22450993076688522 0.22431062713313607 0.22937838816636802 0.22544541023598336 0.18924038091709883 0.19661242319338665 0.228593317930761 0.23344703323780228 0.24893153960344525 0.26550550779563387 0.31955188610274415 0.3297107571334463 0.31834697462398664 0.33354460762736443 0.35317762652020374 0.3909988755516399 0.3787562202021115 0.39715074636716063 0.4290266155313295 0.41440083715518683 0.40885246426086724 0.37438837511195294 0.3906661438240977 0.4143339234520116 0.40849606681208805 0.42148198843389245 0.44747605402865964 0.45588304099717836 0.42386780990227696 0.4504229324382134 0.4418491217369088 0.44460417417817516 0.497441816760205 0.5543045373674441 0.5419786867731569 0.5643629302629823 0.6145157071754831
0.17193518360772414 0.15857818835276508 0.1711016245813001 0.17359281249582192 0.19615317413337094 0.19981952940266648 0.21597563611152165 0.24429906706855986 0.23789581705926277 0.2168141246334812 0.23957200550433766 0.21001106070959605 0.21260464507611582 0.218304778506999 0.23126666670879314 0.2738055049929378 0.3148179918279616 0.34353702536404584 0.3559722772692697 0.3742186617552264 0.3681929089570881 0.37670694692849377 0.4170374765914972 0.4233815323271437 0.4264026660017344 0.41307294959226803 0.363002910962738 0.3658445955254296 0.3824993043812118 0.4163359935519875 0.4114832390374208 0.43698331966372833 0.41848459015281375 0.4053274490834255 0.44896425616048197 0.4801496935920281 0.4649371151973904 0.46181380508113185 0.49361338123523324 0.5164467177301735 0.5626662775599708 0.5619613872880522 0.5905181934382439
0.18250339124449258 0.17480897090885475 0.17025811717600162 0.17051701419260407 0.1967429294668374 0.247806161777358 0.22423074513121163 0.23822840280992158 0.21094094342830152 0.21679473166412697 0.21700486496661323 0.25758859071136825 0.2160835830215007 0.22108933112737145 0.22412288900163924 0.22907021079717024 0.31478463734515066 0.3415162929285057 0.37991816367855935 0.3899233659450687 0.39209416579052436 0.37681987013340656 0.3977301004134981 0.42815362357103 0.4007884407914967 0.372323362981708 0.3582485611786018 0.3746696843975031 0.3828780461465927 0.3543103739656994 0.36654055636210897 0.41498864578807815 0.42321596571322184 0.39424723705038434 0.4213882301339039 0.4682438990641764 0.4533278567035673 0.4692546753167499 0.5053165470836684 0.5476643783193493 0.5733064653580205 0.564271976477732 0.5784926807751907
0.1744915854059178 0.18582201598279133 0.17889444286923348 0.1828711610657177 0.21803507484859985 0.23569971721449468 0.21277668709117178 0.2371972306465391 0.24023627339011078 0.23331396763181494 0.20881619553354883 0.228339521810063 0.24546716852789616 0.2330424177004766 0.25016462736458095 0.25591313585275133 0.27632460697020733 0.32236406606699947 0.3373117611885456 0.3862278225603344 0.3821917289990963 0.37668256730712085 0.39216625242301867 0.4410488622050716 0.408496590286189 0.37497279986239734 0.3676318516017199 0.3852228970084655 0.38193798394947404 0.371556681440439 0.3784862353109089 0.3699807767257936 0.40522473932264497 0.4116664762605675 0.40969890305685275 0.4707815656169803 0.45731029428764963 0.4915681827805578 0.5085624036248773 0.531685981893239 0.5322610873248947 0.5600043513065572 0.5904441490440323
0.15906192582451797 0.14460507869605488 0.16117305365884413 0.21653857578754115 0.18432815820625084 0.1945623513196988 0.21312569205857926 0.2258950595310278 0.22325782017360465 0.21048900155178726 0.23643258592106023 0.2231034514731062 0.2515988903259833 0.21774007210367452 0.267454093446112 0.25884812382795624 0.253785224039169 0.28568885738664207 0.3437795483891736 0.38567597898313144 0.4089257920297437 0.4086609589563627 0.4256588151056883 0.4372556745139115 0.42948291651924025 0.4120846675130553 0.41615537247275813 0.3995942639241288 0.40989519341124575 0.41550068713504695 0.3839677701497609 0.3581150004280605 0.3755126613138981 0.3653760530249612 0.4339732071551864 0.48548874717880885 0.4978681849319368 0.4720755388800766 0.5037974221340951 0.510887625977869 0.5724774112060386 0.6047557187211546 0.5943652180602605
0.16121243737515864 0.15154015964089115 0.19982714668273016 0.2050481387742048 0.17304594247065755 0.16089028549054124 0.21096956467594188 0.26205294518310585 0.2612033810525996 0.22957281862250722 0.24271545011396586 0.27289355048265057 0.26698523604295366 0.28175120727020586 0.2731759356459256 0.2895113025098435 0.2909429158452618 0.305835637080671 0.35172927486058503 0.389392079192551 0.3878657863087905 0.4073609517606689 0.4441566081219006 0.44979774736599787 0.4409594340352314 0.46065555059818947 0.4654265113787319 0.45201507310017874 0.46325650672156043 0.4317742801749644 0.4235602387218688 0.38798992230877255 0.3724029263009221 0.38578334151297505 0.4425735340958455 0.49956491211076703 0.4971508986681528 0.5158239259373969 0.5123139322026669 0.5475009866316242 0.5662905575155887 0.6174115762922472 0.6224670560565888
0.15030196006759353 0.1657381534403544 0.17453755236128046 0.20483942170952055 0.20907982028890362 0.16114765904417225 0.2434162805665541 0.256606752694051 0.2673179409090181 0.2710789190561915 0.2974363822486418 0.30422993563732215 0.27602665324918896 0.2882488157251835 0.2884468622056404 0.32034727330534635 0.3295324592429412 0.3101655919831584 0.3524971182551379 0.38698023401634274 0.42050974277027214 0.416984472260701 0.4356807915412372 0.49381908277964587 0.47445436129493657 0.5083959948585891 0.49201065646136916 0.5128534504109176 0.49040072526203704 0.45895973184075256 0.41063983929440406 0.3828203849120613 0.38937267339779297 0.3943095688736106 0.4251137552598851 0.5042857589537771 0.4982995892031745 0.5419842743992104 0.5415298369608633 0.6017452885548737 0.580528182470621 0.622857239252424 0.646097641894438
0.2022299667377154 0.1672128704432753 0.18842724945221012 0.21633150324978861 0.20983522977940267 0.17832371504862027 0.24550410516900656 0.28144231143779747 0.2964095079911794 0.2963796103436639 0.3085001792618987 0.33851560781608825 0.3045534694609548 0.29677725470766403 0.3089776418490127 0.31326231265411225 0.3307776277569557 0.33279211622957267 0.3480494655063544 0.3508057329762117 0.38695061849380374 0.41985613110040854 0.46254551804897115 0.5032328754333908 0.49104788890015066 0.5190825918636397 0.5108993914003882 0.5206112576579434 0.5050770117462915 0.4527156118791275 0.4120932015290835 0.3861251979293411 0.42536362533536487 0.41089326066210613 0.44573893846183166 0.5043441367965957 0.526549844636957 0.512829505363095 0.5462473105195846 0.5921202574159242 0.5754764432627527 0.601149224357318 0.6353726278363921
