Raster_benchmarking/Raster/continuous/raster-36.asc
NCOLS 100
NROWS 100
XLLCORNER 1743150.9625848928
YLLCORNER 5469278.062687075
CELLSIZE 10
NODATA_VALUE -9999
[rows 0 to 18 of 100, columns 0 to 42 of 100]
0.17132899115475994 0.16567201534794468 0.1764904806804454 0.20553416517367742 0.20733822361798412 0.18561249295469007 0.22185824723212724 0.23779838808022932 0.24541554998896084 0.25647802593314634 0.2534936104782033 0.2871656477130159 0.292166309947335 0.2593123113115387 0.260429236940034 0.2656452326015068 0.2657091800647426 0.24755602283258044 0.23102728662131378 0.26511109384952064 0.2862737058272903 0.2609886051820481 0.2848770770375361 0.27466587149254507 0.2407081012526631 0.24472119084607813 0.2522160890961134 0.24194631380507822 0.274276146127657 0.27079564360361386 0.2620553695874555 0.22749458892796384 0.24573083175700927 0.23777188748925812 0.23658815759528712 0.24900921469933643 0.2275364174681331 0.25909946216460716 0.30344345959306673 0.3462823782284878 0.35871435726912454 0.3632066408076958 0.3633659764075827
0.16996694304991006 0.1762969609213577 0.197661232306946 0.19238391199941574 0.19938445253372283 0.18994794243556656 0.21834070457224863 0.22969912926114916 0.24016423346432075 0.23637218337488672 0.2712088635120792 0.2785209974205147 0.294980149703602 0.2888597110930805 0.28158904993780076 0.26469700205350005 0.2693489152768886 0.26128375243323665 0.2512289499327927 0.2788500578206931 0.3013889928373765 0.2728498713927425 0.2847586177773646 0.29229211447218667 0.26190487872504786 0.2751122037691393 0.29087758099187755 0.2751228522597385 0.2988049999473555 0.2953880885004265 0.2761581965281746 0.266492243957221 0.27119020364004626 0.23775159571955803 0.25784573431144303 0.27828564773458797 0.26333764312811997 0.2803607248084482 0.31090924168822487 0.35122473816790967 0.3930306367928727 0.39737192739903726 0.3818011939276484
0.19611095806115114 0.17191443580146396 0.18293303419383367 0.18329597270637288 0.16002843067971803 0.1423655041051968 0.16279977920985428 0.19848833077494143 0.20006699457754523 0.2416513719413162 0.2393079684686083 0.24480452100366532 0.26982908431520736 0.2919570169844036 0.2849248704807666 0.2668198335963011 0.27189970827575655 0.2801887209646479 0.2828767374321214 0.31901632053335893 0.3207159810858212 0.3387722253768938 0.34251207467662353 0.3184182355463041 0.30456432632518826 0.3155411908920161 0.28920104161094595 0.2707398586190421 0.3002958315411914 0.2757778583996086 0.2978127444825581 0.27455114271699654 0.27931180634315367 0.29808758083440867 0.26907411872803555 0.30746625941759104 0.305154917949964 0.30113665843201787 0.31482956382856364 0.32561881938003934 0.39257850943531347 0.41152064622409484 0.4089319686829659
0.18530082598798686 0.1786666929489746 0.16455345625657375 0.1586250811909267 0.11285498814524382 0.09715185225531524 0.1486688313567079 0.1632891122332906 0.19618755924307676 0.2582495114808469 0.26973668124122085 0.2708730032097441 0.2622340533271735 0.25002498921272126 0.2990721286264493 0.3031471791116915 0.30134016498871846 0.2689337726754183 0.3009915121389695 0.31373855945645635 0.33990403631940747 0.3532685973434907 0.34652340779185387 0.360521853877985 0.31049154356428743 0.3532040916360857 0.2998405347434663 0.3130529701584898 0.31742178483572037 0.29276214434226666 0.28178158403226394 0.32359223033877 0.2947365497639172 0.3259173089688379 0.29893206646695897 0.3033696669721283 0.31493291258381223 0.27914604595183057 0.3191321353072831 0.33926404243705316 0.37067953594270747 0.3983348264999768 0.3891335660104331
0.1673500751087615 0.13556665207694402 0.1583933965438817 0.12387156783739754 0.1153441092128613 0.10020417536303217 0.1336035368637944 0.17743656784364437 0.2370785958156746 0.2512368390971381 0.26155204147926764 0.24819180197080454 0.2724713814126151 0.28408183592683894 0.29304482314310387 0.28466794743532736 0.29644543234346293 0.30542803578552336 0.30594336753060103 0.30960020038964003 0.32906212772686144 0.32167178434701177 0.3296100581971755 0.3511921441154423 0.3168750824729122 0.33706841175710794 0.3243337818432076 0.3083828958642072 0.296041535937701 0.3154274393995785 0.2918612981733805 0.33318192106653155 0.344124535020015 0.3096079039522908 0.3076972375818314 0.32267964851853975 0.27928218105363845 0.29103908860268357 0.30828072376421034 0.33377917529264634 0.36163278014862155 0.3857376588170019 0.41153280238456585
0.13031685432000203 0.11797703407362263 0.13734205676362593 0.13233397745779304 0.1336641562028496 0.1215955685901852 0.17887100226691607 0.20408762367310737 0.2176634481314823 0.25436541520002925 0.27926281675400927 0.2706428816623101 0.2772448212604487 0.2521936139940538 0.26014368888760925 0.3027413934350501 0.3106684444682713 0.26720438987298567 0.267479695627735 0.29207969622612706 0.3220199942605115 0.3107568917745874 0.3490022589314529 0.3462494955311562 0.2854816720837351 0.29357033425631135 0.32534243452426154 0.33950119296849507 0.3195102293125207 0.3054710407090658 0.3295273452552026 0.32893935354026765 0.33487324417792763 0.3443054814403336 0.3085314263637736 0.3089552347689143 0.30158050229810934 0.2766403394380439 0.3085613493732436 0.3186372666088913 0.33324733620898384 0.37978177639510213 0.38261161332096366
0.10787546319114795 0.09478514114983039 0.12640354311544 0.1448737826057547 0.1290490616030667 0.15242592262244054 0.1741774644354703 0.1828625218862919 0.21361904487692215 0.2420834041365483 0.2931787205779548 0.29683852949567224 0.28016989785855756 0.28068807837019344 0.28106650094153846 0.2874719448611822 0.2888820892944376 0.2688190511336966 0.2870893381417697 0.2979968810082226 0.3113606303958175 0.3528461468268629 0.32451987258318304 0.29738542053850503 0.2806258078891984 0.2897648045063908 0.303663268941124 0.3425581993304042 0.32879148400650526 0.31832924544675484 0.29851037803563346 0.3172838054534032 0.32980678047783607 0.3286825751885953 0.314610673194318 0.31680272566697004 0.30800875667567473 0.29705525390447607 0.29297299858847575 0.2961597822227477 0.33957730146512266 0.34147266643363444 0.36642477484784974
0.08071567423212118 0.05642412516621075 0.12213854217981296 0.1453548285923891 0.12874420676529225 0.1159573362146931 0.1731437380228035 0.1846665894812174 0.23479072485752486 0.27217685618128334 0.3295304082872415 0.3424448932602821 0.345356733308972 0.32874456314252287 0.2942120867531117 0.2953708641043328 0.31448096881175086 0.30889581465408283 0.3079613078883646 0.3001487187806258 0.3307955781126669 0.3858115536979756 0.3597028967541394 0.3009164812723494 0.2731932709816738 0.27164479879778636 0.29939700294388794 0.3093679167806665 0.2998076358270076 0.2944668320539618 0.3152502994804525 0.3592982789317146 0.3310113391258889 0.35019303273704816 0.33120541033906964 0.3311833410941763 0.3085079470120582 0.28056806698279135 0.2828921152400633 0.29811111449961125 0.3085613056700337 0.34895889056407575 0.3431581294526778
0.03262490018662576 0.07639894737206683 0.08548988740620393 0.1338728356262022 0.15667266412079217 0.1686475126534536 0.19501154826579692 0.23382582966674623 0.26339338463291234 0.30639430244361304 0.317244355007307 0.324949851446136 0.340411053600718 0.3192296985731962 0.3246067894230826 0.3120749794032987 0.31390575609324667 0.3057313215989002 0.33133743726298287 0.34340796021346065 0.34395174140527696 0.3628840611747408 0.3550752706629102 0.3461326064409336 0.32823596385129117 0.2899876509174596 0.2966037856998108 0.2964323604068577 0.311105018898794 0.3073691665116257 0.32109041089408413 0.3471829024081064 0.3266469463634975 0.3314410479162562 0.3410745960470693 0.3382780105761245 0.31942919944674675 0.3271671246102981 0.33907799435008723 0.3290497710491035 0.336043991347659 0.3551667359068447 0.34575484595833067
0.05800456387547878 0.03782779416581096 0.08865255958286312 0.12289675026743803 0.18635570748826888 0.2130479385560002 0.22471035015370786 0.22282176049036623 0.2609787910852928 0.3227232743578796 0.3233346204387661 0.3447138920956046 0.36278850618216996 0.35898016914437625 0.3606629934586238 0.34207806002383956 0.3019606134347444 0.3234702124376897 0.35056997852951477 0.3626156289503654 0.3452341681370273 0.35904188430177475 0.3599224367306564 0.35399146999863357 0.324638312006024 0.34058647376444673 0.3208329165322135 0.35549508662648865 0.3242375956959908 0.2918873145620888 0.3080251379880544 0.32859182017934757 0.3533832831558073 0.3389889917607772 0.3215427350856022 0.3367213741259729 0.3274972011737898 0.3389947636999205 0.3750838005166206 0.393150753270473 0.3598855657562918 0.3716445552749517 0.39849264739730933
0.07249685479703552 0.07622943923888649 0.0736856430479289 0.12417971822162452 0.16739536745857353 0.23002808715777 0.24438346738359853 0.258081864721171 0.25285575850795233 0.2899593239294308 0.33638747361303895 0.3188139788460529 0.3317426412047614 0.334513421216453 0.32576990711465026 0.3254297757293382 0.32320783531152675 0.3030840224491283 0.32145184622043194 0.34533923783101556 0.3853712332371403 0.3952671847823838 0.37113968542797615 0.3606629141002857 0.3508607488336643 0.3556754837624433 0.3756370605333563 0.32597088208098207 0.33095436351679064 0.331367455556665 0.3300540329794591 0.3414619889568425 0.3525207779088382 0.36199764014312263 0.36181486481446756 0.35401063239113484 0.3886316893750934 0.40328979845466295 0.39075238055393824 0.4262805678759417 0.43008653389548257 0.39808672361507325 0.40915026704778434
0.08305175109708217 0.0783641276423104 0.10520549053106958 0.13914813335860765 0.16573165353915054 0.25150174267301256 0.2508907349877199 0.23139068524226217 0.27706126502672435 0.32111172708224617 0.31132469591690687 0.3239951195011894 0.31137511111185373 0.351253742127332 0.31184263078560776 0.3221602989643903 0.3224953972376417 0.32389671600615705 0.33501893571443 0.36580897613298397 0.391651464487069 0.3756022198590289 0.379377827819952 0.35541016948524357 0.359755329184017 0.4017028860620168 0.373954308205516 0.33488182899372054 0.3209371936656445 0.32515576740779556 0.3468351334045904 0.36797851776028295 0.369055345084109 0.3654986576080397 0.35983692119573624 0.3793167178438746 0.3820847775582723 0.40876488198878297 0.3816773120443447 0.41478268608222774 0.44869781150103527 0.4594144763994875 0.4348950658582847
0.09296238576247574 0.1162725479265624 0.13395102168551928 0.18417124747732816 0.18634979430505477 0.2133163552288253 0.22383197862346732 0.2149488486448955 0.24535565489566405 0.321884962869639 0.3305867895964251 0.31308811065082165 0.3196842707222119 0.35367954363217724 0.3267563928287624 0.3070381440443712 0.33278782230982223 0.3237009003415099 0.3612764933901 0.3631016721281722 0.36850643814963885 0.39573133543118294 0.36024655952764917 0.396117418346591 0.37391013006429824 0.39274471245335274 0.3745832784935167 0.35114028446426726 0.36222911148061876 0.3493066382935077 0.36140330433354545 0.3906637329393382 0.35938856172508993 0.38137135600208055 0.39756054161921106 0.4039214021257175 0.42575689937903427 0.42381155050297464 0.4027589279167202 0.4415931501488419 0.4436011918940304 0.422803992751122 0.4527583125820281
0.1093186169641632 0.161725690627827 0.1507920349033568 0.1918009412045596 0.18610814500550227 0.18955163583389725 0.22541789638451007 0.227904610318291 0.2539709674395751 0.2953938753095417 0.31386793513882244 0.3326265614371665 0.31008020152708116 0.32592688643333845 0.30777220149760914 0.28936460699364164 0.2968655464084815 0.3043139290148377 0.3419700674730746 0.40393875019206454 0.40516478375439924 0.3930088470269522 0.3931717995924787 0.4126317025037649 0.39960002155600977 0.415152357996784 0.369402729221739 0.3885947446938697 0.3437645782335375 0.3266179019602255 0.38026890849665707 0.37884038234192424 0.3802869922667212 0.35660796817731566 0.40186421278498424 0.41596010622405694 0.4099306752143976 0.41912876711300295 0.4150814674655298 0.43626226042853883 0.40709336325285717 0.4114801915895093 0.45831961669734206
0.11261265480542262 0.15128962936917464 0.1563798800682703 0.1895239655271191 0.18905676183338746 0.19651276668423395 0.21194899829053682 0.24071712340617052 0.24353506824650098 0.2773802995206927 0.3103908197284278 0.33040625242954264 0.3096897559035788 0.29137786943664373 0.2914100467646094 0.2687066606654305 0.29533838227228854 0.30921368096985136 0.3647649915535438 0.39687126964903685 0.4334737608324281 0.4095459085552147 0.44810490296783123 0.44101019044493894 0.42349363350038555 0.4237370027303625 0.39019364103315085 0.4015693285952139 0.3550930323600959 0.34999074968107297 0.3723419881820265 0.41965514670151305 0.40447885494476127 0.4183652351565228 0.41694387930308185 0.43099564024036313 0.4246409702576757 0.4184692231701452 0.446543314518552 0.4313813438962207 0.4186449780924344 0.4196447183456711 0.4566870391136587
0.10929214895636566 0.15504193459060545 0.15685949717987993 0.1516732414149863 0.1579908839230872 0.21347825533179554 0.2167256035819075 0.21047284676072803 0.24482213072141154 0.2460154846443436 0.28556357532177074 0.30066094014759537 0.27351538717959534 0.30378308746012755 0.275923182759859 0.2900032100683748 0.3212865164340663 0.33229303122632575 0.3626298047423092 0.4139433335971455 0.4184613103651793 0.45799359814564383 0.4489783561444592 0.45818884706076185 0.4241159681952629 0.38422099107799795 0.4015427611324331 0.39488316162727033 0.38840010497593647 0.3664227476342593 0.38650487134203626 0.43064342696588326 0.4123679549758772 0.4130036580372303 0.4497644718857089 0.46329262385218434 0.4753378131748753 0.4768291771906948 0.46098804225069684 0.41198095614103747 0.4157978573347615 0.42964480813725314 0.4881830966597217
0.11600155533975322 0.12157391231333613 0.1360299908069234 0.14454247760060185 0.16232528079421268 0.20009624524225816 0.176126369258219 0.21858349260447554 0.20607087149709527 0.21278617931011629 0.2509595309056575 0.2560143279467617 0.2694668647081554 0.274426215919065 0.31082652656693016 0.3346247839594874 0.33512567475554983 0.37170645435092614 0.39977051641679656 0.4059755550315861 0.42604677434554356 0.4444098001328567 0.44261615877487775 0.42153963278115136 0.4339829819983213 0.3957163917995107 0.41373064340992494 0.4275675992035725 0.4173713035474806 0.38778798374484175 0.4266566943167884 0.43384514943425584 0.4295645905253226 0.46610608478659604 0.4724595462319266 0.464763010185973 0.45201175779842107 0.4429746969352202 0.45214196952711255 0.4593855117431114 0.46703789977342663 0.4881085865206094 0.5001444215901112
0.12058783001656716 0.13849544407671685 0.15234732524181788 0.1405799144008773 0.17953414019759445 0.16108873971050572 0.16796530234909612 0.20178690121518592 0.211849575733639 0.2370190601264201 0.2548799719047679 0.25082272566267433 0.2314606484935783 0.24030369402816892 0.27929446348323567 0.32995692628917284 0.3451512007747282 0.3654496378069548 0.3597221749677872 0.3935920545428382 0.4309905055381494 0.47863478825341516 0.4340100372604916 0.4428596918072625 0.4424518021411153 0.4398624648146124 0.44335514446444146 0.4509199643942428 0.46109819808373215 0.4337131749453974 0.44317882257599817 0.4207589551546824 0.44271842669126454 0.4799932142241894 0.49451634827562646 0.463318773170509 0.48403528733257495 0.4829432866208191 0.4763710345915685 0.437217039803472 0.4616964394430262 0.5138335100134328 0.5142876729438212
0.08421669555016142 0.11697426389650918 0.1452742783809982 0.16224922573284184 0.1670841756725815 0.14011625424082894 0.16550179089366374 0.1998279815697201 0.2177799189996113 0.23719994878106504 0.23708707003216306 0.23923443680651127 0.23198366354969485 0.24471642100735091 0.2788913745027791 0.3030854266229448 0.33671260600808944 0.34364555796937774 0.3665087952633881 0.37924554115453474 0.4386199835074429 0.45071144985634815 0.4452443940237701 0.437937819692783 0.4602008229284878 0.43201089641368823 0.44259147229153445 0.44811250986491863 0.44744573268502 0.44546314790124075 0.43750830678678787 0.47479409765197833 0.47304947604538566 0.4528015202205081 0.47336420454199596 0.4747016360809275 0.44289763744416744 0.429504975033288 0.4393896996264028 0.45271059172489075 0.4736807030981703 0.5019499279115817 0.5644369499038471
