Raster_benchmarking/Raster/continuous/raster-77.asc
NCOLS 100
NROWS 100
XLLCORNER 1743160.2684018936
YLLCORNER 5469288.328855876
CELLSIZE 10
NODATA_VALUE -9999
[rows 57 to 75 of 100, columns 0 to 42 of 100]
0.7897892379629026 0.8009975345994462 0.7970944131548355 0.7258433836357931 0.6910962431809217 0.7129183654902782 0.636300502955074 0.6765283687155079 0.6107286362641424 0.6145544630049878 0.6202532491317795 0.6412374467014046 0.6945433527056296 0.6608940118381753 0.6848294650854161 0.7104328290817667 0.6863521673427099 0.7120543154109571 0.7308485661174584 0.7389415212727298 0.7797170367044017 0.7625715543330615 0.7833172192410598 0.783717903940141 0.8313591835169998 0.7673543891853157 0.7285394730396031 0.7296861164693207 0.7415460109581766 0.6788044963365734 0.6561692238801833 0.6047810446113417 0.5592058690432385 0.4981993316626822 0.4967654299109558 0.5258769333345654 0.4769834688377679 0.5107833451308342 0.5773907935151725 0.5584402164575738 0.563369013215184 0.5078303752712945 0.49866804878995125
0.7899114156535765 0.7430108520796102 0.7762698837023072 0.7413541793821713 0.7147056437700283 0.6638676577855475 0.6714763087391624 0.6547917974058975 0.6609660730267723 0.6394265812605264 0.6143594908959882 0.6380054887701739 0.6936531513581413 0.6706063001854226 0.7215787208929725 0.7097442302764405 0.675647489690172 0.6868541667750825 0.6951667209077416 0.7491634398969849 0.7227373270278684 0.7478826500773645 0.7763737361174449 0.8065569188757095 0.7953783738173329 0.7336686627567016 0.760442670303539 0.7416012389918816 0.7065719433891274 0.7104595699504926 0.6416830499031076 0.5695564591887686 0.564985228491626 0.5076386191275903 0.5103093444014655 0.5547880685741355 0.5552455897215228 0.5066518491978302 0.5389750696988577 0.5240276929029075 0.5054942263689599 0.5316755380681984 0.4844539119248735
0.7625858559200065 0.6975101619613644 0.7221312708543857 0.6548271257054173 0.6362888409578878 0.6185100479123191 0.6509911254104583 0.6650753279673342 0.6563529453466775 0.6334433697656584 0.6033065930174035 0.5978989808854855 0.6706254649486558 0.6543377637141473 0.7035503585142412 0.7163810809846264 0.7453008895243078 0.7371888596598541 0.6980358923240326 0.7329021686361019 0.6992178587690975 0.7555812976116273 0.7578977110930111 0.7922475616619994 0.7604731480251707 0.7231600435375728 0.7356577294408853 0.7628326358600576 0.7138714739169213 0.6749311493242471 0.5952958607983193 0.5680189688245272 0.5236217644072917 0.538389711086697 0.5775173727881141 0.5366724627835564 0.5510036997208959 0.5358243353161319 0.4654044136507097 0.5190420435203135 0.5202322339234171 0.5071142181191239 0.521905099758482
0.7582956826388891 0.6849473009172944 0.6514127238806428 0.6363182031052553 0.650684572252946 0.6286780678223276 0.6427430466328454 0.6280597183212446 0.6323451717989448 0.6388552419780743 0.6533179073559826 0.6144060241189955 0.6147524835297308 0.626796059804932 0.6237485512985308 0.6587557354990672 0.6869825691557141 0.7152697798213988 0.733933837521941 0.6898449251121443 0.6739350327986313 0.7119595225507729 0.7494826386699761 0.7255149157065323 0.7409527070421051 0.7440509515901027 0.7714904407641383 0.7513093584815812 0.7105658426343192 0.6993486189754852 0.6089500987648576 0.6020425543341786 0.5275689968107542 0.5302055656761744 0.5420438952316478 0.5344895155177194 0.5350380584954328 0.52162551538397 0.5022784231227708 0.5110479630654218 0.5101829164402253 0.5418660364173418 0.47829764767807303
0.7058593726226599 0.6791155205447722 0.6807201016764455 0.6555876211205593 0.6124511552221421 0.6493802888277016 0.6257930620914004 0.6545745152735802 0.6374959546394168 0.6606994821985919 0.6433724727071096 0.592418294292633 0.573763744794026 0.5583487670659582 0.6032548318647293 0.6587978964021891 0.6620782747269969 0.6715859135348449 0.7095338828400765 0.7157867840733584 0.7134481734127418 0.7040403703536091 0.6871850129174978 0.7191962139687316 0.7239178075758357 0.7230473699701863 0.7344694313692083 0.7733270809293453 0.7596319456084478 0.6995952209117459 0.6445508507300112 0.5663388687456241 0.5487179815927051 0.537494649522126 0.5859828345094151 0.5538828709997116 0.52358483468395 0.5547061838131071 0.5131344399033763 0.5354581389061069 0.5215082143464106 0.5111187703176212 0.47753606092964035
0.6917233349707462 0.6973547209804065 0.6962984833322895 0.6141092374676436 0.6097903609316624 0.6351333860713241 0.5856938495844954 0.6095251986700588 0.58805003828115 0.6060632287024622 0.5872256028541886 0.5907958117071727 0.5775628595402874 0.5575296335726851 0.6034713478140881 0.601511576819086 0.6709028937462204 0.698251963278168 0.6788777463584496 0.7006806494633767 0.723893346228326 0.7040431944902341 0.7289549368447615 0.7265412415477767 0.7371525270738095 0.7359897115155077 0.7468371478784293 0.7602977274127855 0.7004235145564606 0.6619269779295719 0.6435650271970366 0.5824046892856511 0.5404187319842988 0.5872018610105938 0.5487085879473813 0.5868654918592177 0.5123449291846287 0.5283091239420844 0.48994303582215376 0.5150413253737939 0.504386255190509 0.4595813172980473 0.40442515268719476
0.6277034260638261 0.6786148688432557 0.6632637834797056 0.6239797659307192 0.6146012746948706 0.5617652264322968 0.5597350894348171 0.59373011104417 0.6288945440104826 0.5859245014354454 0.5681048770553795 0.5504772617077893 0.5124276462548651 0.5349228212949897 0.5178835626510994 0.6066913352424399 0.6306843889094592 0.6646519709345555 0.6817743174741453 0.6605897481160636 0.6631952260086503 0.6680381588363413 0.7092363185343361 0.7488467199317178 0.7456338103865854 0.703727023045631 0.7528382030721371 0.7570633141685067 0.7104347317722003 0.669345001472902 0.5800299272091864 0.554635617818195 0.5675251113837336 0.5864955938555096 0.5720973172172266 0.5563684725953807 0.5382477584423819 0.4837811058903053 0.4559514930707667 0.45109153594785106 0.4997895380233674 0.47455247862492095 0.38707311031556896
0.6293107907168939 0.5964156872771643 0.58882079643905 0.5870588524563359 0.5854202228790951 0.5601143452819624 0.544185041908534 0.5770125245357136 0.6230824531887039 0.5910137830961074 0.5504525583979571 0.5336878014246889 0.5115398681389122 0.4785048688899913 0.5504286654397221 0.5606116506554005 0.5774059296107107 0.6189540903031026 0.616935105881141 0.6988658801254424 0.695612410659366 0.6800581262173232 0.6816772771331795 0.7160106787107137 0.7365895291758849 0.7111443580764665 0.711746611233698 0.7216612653619281 0.6907667288028146 0.636270273035069 0.5840208862579257 0.538337808697002 0.5218140740698677 0.5401736332179304 0.5048420953014776 0.4860818691537903 0.47989647665691715 0.46857903148801483 0.44855243998742145 0.4481903471728347 0.46609003145887473 0.43722825536210164 0.3850510884469477
0.5366450904709804 0.5782532372171519 0.5649361150907858 0.5959871767129987 0.5724858821737854 0.5605210277087291 0.578027428169951 0.5803022398991717 0.6108124194315556 0.5308211546559843 0.5020420612259804 0.47409471194395986 0.47986753765162343 0.4592806905424992 0.5241947760800827 0.5657356715264731 0.567769122902728 0.5861463042621811 0.6061119135742206 0.6851111680428013 0.7423016695282387 0.7208074511206775 0.7185712902173915 0.6962010557802245 0.7472801903982428 0.6737165547418095 0.6626313614356641 0.6629608161543613 0.6459907184142916 0.6191133760944756 0.6041316899183514 0.5645549741472129 0.5077600179090119 0.4684741428700649 0.45179562200520806 0.46473068153008246 0.5157188934388447 0.5089508151132074 0.46688542717491177 0.4317789343814764 0.4515272504921171 0.4130278658483829 0.38990186384498804
0.5287265838514443 0.5545906671227693 0.5366147339804404 0.5625022278736584 0.532748445611966 0.5239177115534113 0.5156891253313549 0.5350879892762475 0.5443126209528024 0.510072420480815 0.494582182853654 0.46380884158839325 0.48615972256464085 0.48871398245131825 0.50562568007198 0.5172347621095269 0.555401599982657 0.5723851348335338 0.588244658404082 0.6570575919529372 0.6925533809037093 0.7373147777258959 0.7109195907742372 0.7052467371376399 0.6857731923198175 0.6619576099062898 0.6406511298900687 0.6322479095711854 0.5979067488479765 0.6058861615847149 0.5966966681552437 0.5167159837913741 0.5140661151574288 0.4716532256362541 0.4689531668969638 0.445745860215411 0.46068934745732154 0.4616743738872147 0.4642417039142786 0.4778778380473588 0.4455134865872962 0.3955986712389674 0.40698583437409513
0.4989628442593434 0.4998358439245052 0.5141040539111943 0.4833092782840638 0.4622644269392951 0.4781451961476991 0.5095094141661866 0.5375509611224533 0.5133625703978746 0.5393865434814216 0.5428615370142298 0.5284687902201679 0.4506544331997746 0.49457666154072677 0.5088872128342612 0.5567695294194157 0.5794959931295388 0.5909020923759802 0.5930386796343998 0.6496022659534791 0.6834291887986568 0.656510934150228 0.6724725310713249 0.6415261919956022 0.6346207425555714 0.6300980701127108 0.6116443882690918 0.6014107619356919 0.5951728001663849 0.5427174695276884 0.5451972299312292 0.5227927078061136 0.4260973960872127 0.4231555870153046 0.43189620349238617 0.40856042099644624 0.4624900590140498 0.48032431007388127 0.4488459670076409 0.4338207201035073 0.41334391936606474 0.4219394382303715 0.38462135721095103
0.47598396821961075 0.4912198685592286 0.49433773615374815 0.4699502527549786 0.45459568646462784 0.47474733583351203 0.48899259937124606 0.4620694890226993 0.5029989624545368 0.49494588399409417 0.5317327680780675 0.5185004470993432 0.4744497597509794 0.4685812833669432 0.518985573962579 0.5583199677463851 0.5593486081677496 0.55695451437688 0.5928451738347646 0.6039949024160323 0.6095902289747295 0.6160775196190571 0.6362967444662142 0.6396844547134126 0.6045456943644401 0.5856270017827291 0.6194440815718242 0.6043479269416765 0.5832854439248243 0.5515574090861922 0.4856525230783286 0.4759204415244624 0.44576785028466015 0.41827361506510724 0.3723942833958228 0.4040634336123913 0.4167209303876255 0.4492110279395788 0.4278812018070719 0.43109682628906426 0.4148797151732322 0.37787610283064166 0.3949690069464519
0.4305870464760437 0.45659760893901535 0.48329989653765054 0.4669400745901446 0.40823514084744056 0.4070704752057661 0.4049598058937279 0.42325852021002613 0.4518639685940688 0.45943651042412714 0.47771260944474536 0.5270014710544588 0.4846926451003046 0.4828385998101169 0.48060891754172796 0.5106383491135541 0.5374436698906638 0.5770824049024976 0.5952408177899785 0.5691281843669785 0.5226884603846622 0.5734062785214649 0.6188207493627115 0.5940615852534489 0.5812273756615621 0.5413612276457314 0.5795956696098392 0.5470618180306778 0.5050268921713296 0.5148905516177118 0.4724708332273057 0.4221412192091167 0.39968456764761 0.3992576734444204 0.35647619320209795 0.39351226453992794 0.39761902953216566 0.40543912630574874 0.3840446248310673 0.3725074277749363 0.3712555263064855 0.41231904294038263 0.4209371513771035
0.48314900280568573 0.4717594957755447 0.47982861660215154 0.43891187814010735 0.41643016349854806 0.40887469599943427 0.4428791298860504 0.4359526601654806 0.5020645467039659 0.5116078343453822 0.4895885042474222 0.5088809840097019 0.4974589906704574 0.4899525895413035 0.48390520672882065 0.5223396993294043 0.5197792955447206 0.5346711810695065 0.5390306938466888 0.5542402086803377 0.5366897620726473 0.5484481389277103 0.5193133313294518 0.5425775272504345 0.5687958425089046 0.5420331630594188 0.5167211435961065 0.5349912160865853 0.5043502078409963 0.46246428184338756 0.4663410497385463 0.44313303187229275 0.4489081634396212 0.4150697863115046 0.3989936574755083 0.38263937964417283 0.3606660527813023 0.38473177734844966 0.382697320705603 0.4075134942907845 0.4041402746032019 0.390945911964605 0.3883873971435143
0.48483827469218505 0.503490515491579 0.46622063586896834 0.4095948784095777 0.40334380155222194 0.3998338248660178 0.46323435670585406 0.4530433763394206 0.5209197708767505 0.5008741477908396 0.49829886510655225 0.5471612102453552 0.5348343422595386 0.49641293970086414 0.5416851419439471 0.5374602269429907 0.5679145582881393 0.5440590804346429 0.549215995844499 0.48912415470894943 0.47726738607711533 0.5137281221365593 0.4769712105315505 0.48401280765059357 0.4916151039784837 0.5129727312748213 0.5039528219451992 0.5232637901508719 0.5129030159079221 0.47274418820019665 0.4057932298856984 0.40408444564908125 0.4338621192755955 0.4325245343457003 0.3925011547077282 0.40825674168239223 0.4061706187899563 0.3803592932040004 0.4116563582829344 0.38848346071375034 0.39048150224002126 0.40152814046881846 0.44787491712527483
0.46877821084960103 0.4989656025811983 0.5011191781273145 0.46691097015848493 0.47867081087779145 0.4335344145276493 0.4615358380115126 0.45993791116554367 0.4668669400642319 0.4923938665466388 0.47932985721812105 0.5238659379454168 0.5128214264943792 0.5523307479684662 0.590514961584839 0.5909383928691866 0.5596568011525636 0.5230876052108678 0.49045205466608033 0.47539389256034864 0.4723585846027519 0.48685466164197777 0.44944151217247025 0.48791774742095523 0.4917407992013012 0.45493963849518837 0.43082873453914444 0.44858558489680905 0.4910390827506996 0.4673244708178289 0.4126861312485614 0.4279408517103169 0.4514701205290051 0.43313771921013106 0.4360932871945321 0.37468490809431376 0.4102115683759838 0.41118461803331247 0.4088076437062979 0.4050807453229161 0.4534532678550343 0.46041443930695647 0.49667989109711813
0.44085747650819906 0.434538311915832 0.4737897885641863 0.502731097585025 0.48183867710298756 0.4168906468320298 0.43892082794392295 0.4661780344240102 0.44488426684879634 0.45407023136441416 0.49244467386137436 0.4767011662987567 0.5599113523893663 0.5410602402034734 0.5925837133538026 0.600393180934938 0.5889142409467295 0.5543746338817707 0.5124252672674359 0.4668818878597056 0.49866049010092184 0.4556477808318337 0.4704955912653932 0.4562864422268974 0.44319687785192546 0.42196665333789946 0.41821042740104875 0.4237337616131882 0.42603080471080984 0.4643138833937219 0.4473677198244676 0.4430286402209058 0.44139205324868724 0.40473448525681494 0.4352494765001977 0.41719744892152916 0.38904233688354845 0.400722994982671 0.44876465136790644 0.447180628861307 0.4923365919984556 0.5136146843376312 0.5461646733814456
0.41177576709144564 0.42050855385764463 0.44201940404895806 0.48007004111656865 0.4830669022191601 0.41016795631497566 0.43958528793328333 0.45962186225128226 0.4214327193439958 0.4251590281800894 0.4058429299320964 0.45313799771091656 0.469105798110781 0.5250888944138845 0.5178246615278265 0.5468665508320881 0.5635825008788337 0.5610943994769731 0.5303593716397956 0.4843861546726422 0.4650451566822686 0.45621707481655177 0.48034379083487444 0.49643337861006775 0.4803955346436468 0.43106213160538487 0.4155718478449299 0.39010127163017483 0.4355633369138768 0.4267482419062997 0.4551491438338006 0.44463807619228424 0.3851807040589198 0.4043983734541347 0.39247449009174806 0.4181881789270156 0.4119104141379871 0.3767542486809238 0.38792512104185883 0.4229281924695255 0.4399938023031948 0.47697551700739577 0.5024782268889703
0.38850967196397995 0.37210215022261917 0.4390900208148043 0.448895614130421 0.4346060548920997 0.38721573540040216 0.41687754927626086 0.40854095568780846 0.4297483604649867 0.39017369349351 0.3810668228290505 0.4308674028383217 0.4729982695963259 0.5258354385811842 0.5346929147317337 0.5038605964000127 0.5483242854816865 0.5609152229275267 0.49293168044156277 0.520099105247976 0.48104347122115687 0.46538442609829705 0.5028107873995643 0.47691744250327134 0.4886728835830473 0.4538973556255957 0.4295200856410242 0.38975454740526266 0.41102988765098797 0.4438727951398111 0.37526773455743845 0.40591987074186575 0.3867821294336119 0.38401996232647956 0.36362579854850996 0.3844088868722536 0.41048023931826333 0.4201291604808825 0.3819297725248864 0.3936376812702794 0.44975930750373816 0.4502677855640858 0.47250500437990545
