Raster_benchmarking/Raster/continuous/raster-394.asc
NCOLS 100
NROWS 100
XLLCORNER 1743164.5417844593
YLLCORNER 5469279.125639976
CELLSIZE 10
NODATA_VALUE -9999
[rows 57 to 75 of 100, columns 0 to 42 of 100]
0.43667645924432036 0.41636959244072075 0.41979067194827735 0.4363632040919315 0.4374659986578426 0.445124612805684 0.44084924805492665 0.3985797819357499 0.3853234572861991 0.40981328085796703 0.40071485152132563 0.42576875005382975 0.39432500137170723 0.392715228349644 0.38516519095906504 0.4021593943340527 0.4118973946129576 0.46418884146175043 0.4732595830989151 0.4746284978629288 0.4371120193262915 0.42028084157466966 0.4282510560397516 0.4705199292527926 0.45524055958599374 0.42797280325411147 0.4294478331977402 0.4218228695639149 0.4439475768233342 0.43416337441873915 0.454095704782301 0.45968478438472793 0.4668273883613201 0.4991745636774948 0.47327271064936394 0.5017471090747108 0.5062961213305447 0.5189955949733739 0.5027264301446641 0.5354996256726074 0.49931930859065693 0.4976776029531091 0.4981279243751593
0.4542800259646884 0.4061170654279452 0.4052571400876786 0.4343930884392801 0.4343033901909477 0.40993611435068694 0.4238082952277656 0.40715244843377674 0.38021871479623276 0.3621838163453869 0.36749136949764927 0.3709505700026329 0.3898700996349885 0.4030738125797378 0.38215097671117976 0.3716736960129331 0.41211331402336837 0.44857380169702543 0.43692086259488083 0.44535303259828746 0.4209678587535953 0.44551075274649315 0.4395615557085733 0.46519761354691924 0.4586086979134267 0.4390991501732032 0.4311568540452855 0.42988271968689257 0.45211362972216024 0.46468302500181957 0.46355771080658653 0.4580149889653879 0.46409989300403226 0.4840800543855376 0.46663290116922357 0.496551982005832 0.4940652710849658 0.5010046267760428 0.5201834250856938 0.5005164156170525 0.4990363167649425 0.4974015222737637 0.5342093762642784
0.4670302966039458 0.42204807480521433 0.40430946966719733 0.39522615738881334 0.3988899808997717 0.4168245834614755 0.39782894943342456 0.3847319950531297 0.37393713852505683 0.3356743479037766 0.3617622510348285 0.3572645443289057 0.373633880636861 0.40227305215525266 0.3521372822959385 0.3579399631318261 0.38999027563485394 0.40273859192915235 0.4489299939870135 0.44034086247684723 0.4501366404318654 0.4377633790056775 0.433377048379171 0.4169603794715494 0.428881207963615 0.4388599229954557 0.42496318530940164 0.40303780099300746 0.4233745544870592 0.4625903775565443 0.43718994216309065 0.43411621450261695 0.45545626987054544 0.4542959931565585 0.4775658718179361 0.47636563063384174 0.48488448661914957 0.5276693959352629 0.5015710582715479 0.519959838412151 0.48830323653634566 0.5129565859137337 0.560578264182381
0.4337810819047138 0.412557802905936 0.4077802729009332 0.4011511765274935 0.4052551468764266 0.39693344002032005 0.34159847180625297 0.3420730231792338 0.34072824938457424 0.3616245673707117 0.34654228054325487 0.3699291390300779 0.3761711676704941 0.4031711918866712 0.3550939255079867 0.3390009410958589 0.3685166859935741 0.40660873529534913 0.4602988259513635 0.45970196693966764 0.46501254862690633 0.4539644697940061 0.44313493890055305 0.42476258378606574 0.42002882500854977 0.42965060872328475 0.4122363102272026 0.4281490337044961 0.4395468325761952 0.4471088545295866 0.4250850104126879 0.4659246574622966 0.45720907310505965 0.47712019719599774 0.5015187584623989 0.5095506241794057 0.5229740218192479 0.5232262746337759 0.48590435124623027 0.48777411500229134 0.5115337943453825 0.524147236105259 0.574694078824723
0.4190072489601494 0.4204418283324145 0.420296866654924 0.39461500215992934 0.35915989945551735 0.3458136120877993 0.32764511159286536 0.30750882015133063 0.34826224749489754 0.33858315154862084 0.33467585008419015 0.3230441438012752 0.35414870435883755 0.38918705865368 0.3654017381408202 0.34733510799065626 0.39468333137486167 0.45035011035784284 0.4600265714985727 0.4627835393468787 0.4540507910325507 0.46464682452377437 0.46614069415638104 0.41389440086263257 0.415971233353301 0.45503740283765154 0.4419744367919539 0.4099850255065442 0.41671739763503135 0.43286907316631384 0.4648894872900521 0.45784251949351 0.45339378686969517 0.4738566112205987 0.5201870035143907 0.5446588626992187 0.5025120185853696 0.4722804019925931 0.492816559494532 0.46433507921003847 0.4900976718722958 0.5269307907593622 0.5747632390754104
0.44527595110571416 0.44691440718095315 0.42294166563420654 0.38257545371464147 0.36925206828333595 0.366017618000452 0.33981658887277194 0.31490842465379015 0.32253071424844315 0.32138061395089507 0.34186589962876635 0.32352786241286585 0.3542954309623529 0.39706884031691325 0.37512958877922997 0.3836973929551499 0.4385354206265578 0.43879913563138145 0.44674130095966313 0.45867483201758236 0.45347528640245754 0.4438800700089094 0.4692822582003562 0.45707757844862323 0.4262693371531502 0.4499843351330814 0.42792539898530724 0.4306650989146969 0.43377544928989537 0.4620073107907284 0.46619113718527266 0.472868291063142 0.4527144389226343 0.47231612893511166 0.5186832628210382 0.5474945828025991 0.5324475599920107 0.498972611612821 0.5042739910850511 0.4999118371648485 0.5001892827792853 0.5475617133318682 0.5977828632227717
0.45985733652455874 0.45750532569634866 0.4083965855295301 0.3959047118328489 0.38517538061463646 0.39199904349810444 0.37828416841736656 0.37400557484853053 0.3739346437169552 0.3572581448331698 0.35980248361799716 0.34841765650979234 0.368691826476633 0.3934587543827859 0.40038649642373975 0.42966455702998446 0.4188696340013015 0.4419628419086285 0.47747270340163234 0.48765589268940784 0.48379808337996416 0.47423138759390077 0.4524840978570254 0.4689289856533833 0.4274671559661925 0.41414893501251354 0.4370054044520321 0.4858380976575988 0.46319354629738596 0.4947272003692577 0.4649289381296966 0.4823320431952542 0.4522912847033605 0.4776385005848933 0.5023507490765221 0.5383497209527535 0.5103695149815027 0.487752565184606 0.5087045075155568 0.5221957392070131 0.5059033474009552 0.5519087220546213 0.6186619236704859
0.461935067202182 0.42826412521758145 0.43250705517099164 0.43422365559141207 0.4208908838317987 0.42199996410562157 0.42268485908993797 0.4336545891611648 0.41978829578284954 0.3832377614973936 0.37894007405424146 0.39620414420010885 0.3872689938225498 0.4081718737527998 0.3989863257510073 0.39729475676403564 0.43536740157413023 0.4357668700115014 0.46342809326660933 0.4975817390832151 0.48058588366819854 0.4351995296429674 0.4322338252914381 0.46121741530087174 0.4349115830594061 0.4291898695039594 0.4766249909800164 0.5107471329619672 0.4930003757931363 0.5066604764180822 0.48385818316303486 0.46083704512610035 0.46826845186706345 0.4986565847326446 0.49619696616916065 0.5084176682486349 0.4987969952679146 0.508199706864011 0.5156102331337274 0.5192114151005431 0.5219461644879722 0.5363346636978983 0.6087398445503721
0.500120030997385 0.44611696332371326 0.42637721886196833 0.42858787108835933 0.4246146813045245 0.40494033738787605 0.4115786012844831 0.4290513138519469 0.43730157137809955 0.4414746061534642 0.444410475116153 0.44931777034944625 0.42047561281900003 0.4151864832653766 0.41352600531572664 0.38520554250749156 0.4127035035750998 0.43878991860142164 0.4693034589110088 0.47477367333509995 0.4796708758408013 0.42304430285127476 0.4245429618259439 0.45185360811649383 0.46357713134971923 0.45878645475536123 0.47642466479543216 0.5151142746453636 0.5409632016753165 0.5299182417104166 0.48693073548825966 0.4841390027698301 0.4815418258363637 0.49431195152369983 0.5053288286547 0.5419747936587607 0.5018094350429483 0.5179548985314009 0.5092862874704914 0.49946026167768187 0.5067235726819167 0.5473704657333835 0.5811254857736818
0.49331518002581654 0.4763374074603125 0.4728932260387672 0.4568424143616431 0.44357239364291295 0.42178717358451223 0.41023258687457687 0.4414258328454984 0.435558834532928 0.4549641347976792 0.4606596267932913 0.46599154988358116 0.47232405886658224 0.44580232133487174 0.43150684660385136 0.4251611844440922 0.4438635627530747 0.45557559586982166 0.4474905224001473 0.4707846076546109 0.4564751247357206 0.4439471933704035 0.454292058669418 0.4509293611001158 0.46701027677322554 0.4905999124927258 0.494053596102719 0.5312640060789191 0.5569333329355519 0.5629654441042475 0.5387439920494383 0.5270173225156151 0.5182300420634774 0.5018106996791203 0.5543080350062827 0.5439423759837471 0.5348281859329413 0.5165007520420464 0.5227355944846325 0.5096796235478048 0.5131222589050405 0.5464014773975739 0.5930049976622421
0.5126965869520631 0.4981612259375364 0.4821855421474797 0.48317851320972 0.44125490328976497 0.4326885485179535 0.4179851883258024 0.46148598864421814 0.46384487651939077 0.47457687125607817 0.4933706927335151 0.49287875638050177 0.5022109655918053 0.47332952744648965 0.49170994568960125 0.4947755619496569 0.4692385414222441 0.4581281780981039 0.4523068050627479 0.4612473388071629 0.44409428933457906 0.4320709907762609 0.43507190176511995 0.4315261664560141 0.43660835109347973 0.46853878303665225 0.5020145386347927 0.5544002764234222 0.5599405050557963 0.5507383558064053 0.5623054855670164 0.5583401413134023 0.5519270796173839 0.5312713664649795 0.564127361797276 0.5612611749556448 0.5720728027773256 0.5751583833954395 0.5297759269304401 0.5083874788433964 0.5263746338694956 0.5765863979442168 0.5951560514838385
0.508115545440203 0.5127799856746685 0.49402397920934965 0.4459059268660228 0.43810603081641275 0.4500483432446145 0.4321487640506134 0.43597780519857315 0.45728414047840266 0.4668485544266257 0.47222877479394604 0.49853189835178696 0.5044547793847226 0.5166786192263899 0.49664769186053687 0.48956887870201454 0.47294565370572533 0.465397893180274 0.47974320502664913 0.46571342646627806 0.4553904126511278 0.43294439213529246 0.42666940637128753 0.42799258166914605 0.4671371952497471 0.5058766689765736 0.5303369123390923 0.5285313709166636 0.5661742284643297 0.5602084140838784 0.5673636434826642 0.5629858839953729 0.5875818904424458 0.5926984311542317 0.5523735048770897 0.5878226134549732 0.576122955510425 0.5440123159111818 0.5523092805330991 0.5279987683420455 0.5216616578393688 0.5729925957580843 0.5781818259640008
0.5054005510260454 0.5072770407651113 0.496807198884076 0.44461593448350506 0.4214812966339882 0.43579316980301236 0.4433770673338179 0.44781992708236334 0.45644237615346167 0.4949091552706074 0.510676579657527 0.5014705944121338 0.5254252179955693 0.5064761207687326 0.5122963032157571 0.5131862999936165 0.49235642702862664 0.451418333970781 0.4841211544447531 0.47387638240048213 0.4632113963763285 0.47442729520418647 0.43290352977899943 0.455030956954162 0.4785152746866759 0.48159635955338836 0.5376181873105225 0.5385760306994396 0.569916424815634 0.5641675640328228 0.5537481706889699 0.5810783444698698 0.5688676896690048 0.6151232950533477 0.6040324095128374 0.5877813340814938 0.5549396343352007 0.539030419272753 0.5516658674065862 0.5220666128085695 0.5303394224825692 0.5536636224603102 0.5690707728079923
0.5281670318012709 0.524290591038627 0.48210272440345636 0.4455362843168064 0.4565987371981252 0.48033368778672014 0.4859125969080935 0.5030567526909209 0.5033527704923091 0.4974343007002529 0.5124300183476483 0.5405647323409456 0.5196899740517144 0.49426895521666414 0.5298433285993307 0.507692352477157 0.48008575802068704 0.47908456095724555 0.4591109081146703 0.4829359862041536 0.47074611894484475 0.47409403162436126 0.4584207440038608 0.4447424761336406 0.45715867188748643 0.483313373156256 0.5177308936657691 0.5250703691834065 0.5424537379043992 0.5256688352031222 0.5445229465418835 0.5551701135682438 0.5752963050184177 0.5906445170137082 0.5901711969674367 0.6021336442273375 0.5711033989874822 0.55599716475832 0.5852418306394448 0.551451191082472 0.5516417480712893 0.5838693483964836 0.5692704848870583
0.5336721704225343 0.5441820642912351 0.5277765024183091 0.48629876949574186 0.4999260543200602 0.5356242560101102 0.5202712251342129 0.5448205220040752 0.523490274370823 0.5035310252514886 0.5223586328449743 0.5476222248693347 0.5429528551360006 0.5051896695470585 0.5346235152701244 0.515569010849171 0.49564577759661593 0.5091317442897824 0.49921907905545393 0.45859614632386203 0.46342305188412725 0.4814783471748101 0.5059392173248604 0.47973339146971694 0.48822848225976595 0.48388400574147417 0.5146281766453132 0.5494577339602355 0.5386887260207568 0.5380530811223783 0.5394921389579417 0.5683604949742231 0.5984781075642333 0.6087821901141754 0.5881543451026212 0.5857881398723754 0.606098080190057 0.5993310900586912 0.6057500200010506 0.6002359286677909 0.5771973817058242 0.5793955892942052 0.5996527623762411
0.533754608711786 0.5289634759413332 0.5226735558164316 0.508009157163341 0.5341146037440406 0.5263961228990541 0.550443324992118 0.5464408791627772 0.5442350962552429 0.5223474260835759 0.527930592281815 0.5366835973591342 0.5320048820386544 0.5459376421977695 0.5472195182555374 0.5151072173900205 0.5479986619594885 0.5565953210308966 0.5271191236924677 0.4943245092739364 0.4972664110699591 0.5022113538039625 0.5187559065105398 0.4938903509750971 0.48280091526020324 0.49831190334288916 0.5206327678870967 0.5143003964156388 0.5404006614405777 0.5573058689286313 0.5430656733898581 0.5455063538388114 0.5608379121771365 0.572717878231897 0.6007321118107506 0.588804510733175 0.604760601914072 0.6182842131888527 0.6127373803006425 0.6315316863991935 0.5996849954324078 0.5879504684858874 0.6137880249318866
0.5356302946876403 0.5420598936460929 0.5433764412971895 0.5501007503754436 0.5302277642986257 0.5391463779997628 0.555511219688702 0.5623444556487543 0.5362123142320275 0.5050552804145158 0.516156600922081 0.5597803987703198 0.5658723817927238 0.546171998677388 0.5568665440789904 0.5345506459880548 0.5731915347576341 0.5607311219899073 0.5208624162356287 0.5161361028991986 0.5302597153776664 0.5097537812264805 0.5228177591855603 0.5153622656495247 0.5198949736726934 0.5321206431412852 0.5350183860874517 0.5316119236505386 0.553962139342197 0.5434009950030143 0.5601841273310666 0.535890056786244 0.5673006291768898 0.6074093855073328 0.6284637423381277 0.6156396825780565 0.618288847305445 0.616881269501682 0.6442362892471475 0.6500985151877832 0.6070359325582018 0.6030079010935713 0.6305133525205385
0.5583043150005402 0.5388223742254926 0.5578617699450124 0.5393395605337876 0.531541935896942 0.5210717585090351 0.5605177775112831 0.5693534036088761 0.550543134309065 0.5381880083800372 0.5289645249141354 0.5368912591883661 0.5467407717236253 0.5555609890027178 0.5802659995841458 0.5687775507939823 0.5756473829396292 0.5626320223432447 0.5678210815617327 0.5370956780458536 0.5507767880449542 0.5526999479664947 0.5265568558418713 0.5181256273874913 0.5153364925620149 0.5068445737189617 0.5403643965785077 0.5433254640802425 0.567447640817116 0.5713717842375909 0.5552512770548149 0.5674381513680812 0.5903509943098407 0.612813415339284 0.6083155442421176 0.6261108398256807 0.6136715720770666 0.6284649420416049 0.6545406294515083 0.645002528452662 0.6331417151578207 0.6424262392579777 0.6657729086768306
0.5192600161061726 0.522572877622292 0.561647622539793 0.5510490387626081 0.5377970109333449 0.5141093655791317 0.5392589107323137 0.5385960286715815 0.5519245145721561 0.5278484682466426 0.5399395540330237 0.5793768714897908 0.5574221564589216 0.5732084017629445 0.554681928647433 0.5818102306402724 0.5976112925581711 0.563212081198263 0.5793492188767562 0.5488858158328478 0.5643719342498525 0.5911709801913776 0.5415700354469161 0.5043893003467188 0.4956612251675732 0.513135836043131 0.5517944373252913 0.5553942371418227 0.5508055372136967 0.580855319799324 0.5565001520316953 0.5866195078691886 0.5905306293660524 0.5591183724996293 0.5699631520614346 0.5998116117498004 0.634092937267642 0.6270499294408554 0.6314592079456957 0.6657364869287032 0.6448387775370346 0.6530420835862645 0.6949187872685224
