Raster_benchmarking/Raster/continuous/raster-84.asc
NCOLS 100
NROWS 100
XLLCORNER 1743155.487830711
YLLCORNER 5469277.91451003
CELLSIZE 10
NODATA_VALUE -9999
[rows 38 to 56 of 100, columns 0 to 42 of 100]
0.3873982741646745 0.4196213502835316 0.41199472925295244 0.44872612868035755 0.43296417040843393 0.45431803569463275 0.4193557601323248 0.4014670469627484 0.44495037551041766 0.47835391302925223 0.4714916403643219 0.4953857251161321 0.46150333083146716 0.4855748005457087 0.4570809727950401 0.5039930300386714 0.46423333552871604 0.4310838405316833 0.4551055672729316 0.46604551898100605 0.44249919939431465 0.42489115534702115 0.3674054685798157 0.34932363482673684 0.3773991168383751 0.38364389851806907 0.3580574948048458 0.3621632969998497 0.32713123376026304 0.3256196891913388 0.38143280208853425 0.39417534727793285 0.3908638059807694 0.41881300179701353 0.403656608410028 0.3807534415939499 0.36124539896632013 0.3862112785271456 0.4290155965188871 0.42635630168777916 0.36333623585587055 0.35347987360545147 0.34707892846284116
0.3767898660583107 0.4126517566054203 0.4298936944098875 0.43367721892674044 0.44701808280002614 0.4759193292354984 0.443548590064342 0.4146102216076954 0.4663921313761958 0.47072793918931966 0.49137179766529643 0.48200716721724424 0.45527739222357244 0.47683109754805025 0.46428177162726836 0.4779602770096182 0.47846242371986036 0.4479456537790635 0.4382202757136003 0.4367126415873217 0.4268395260345848 0.39083283428812304 0.40110667598655453 0.3725968492673877 0.39135153232234093 0.3585401838160168 0.3890917361761657 0.3876027045162825 0.3557064230716501 0.3752276522921041 0.37232371505849565 0.38232494462143435 0.38096754642261177 0.4159354275212473 0.39360883893091086 0.3819119664898831 0.39647694279634854 0.4101441227918523 0.404772919411494 0.4351664290425917 0.403711369458631 0.37948140070776665 0.3419628005100094
0.3836626837156591 0.43698936507569214 0.4541871924902196 0.49689566416826364 0.5031421746308625 0.4842438337222881 0.49055317610070837 0.43188541685974846 0.43622756677572666 0.481328004567613 0.4756632993370124 0.4243324335860512 0.4310942375179124 0.44998058085864273 0.438051460282967 0.44233205162653283 0.474046315021372 0.4542860622365869 0.4590521057775329 0.43686913948081235 0.4118577059122344 0.407091370289971 0.37990604859634874 0.4017244413934318 0.3626468046469846 0.3425308125677637 0.37506717327206546 0.3828047918798657 0.36847127718689754 0.3701774384262317 0.3700499105448148 0.3962435148610776 0.3729435630699863 0.3764358287231969 0.40189416908291653 0.4238653848837143 0.3997642640129292 0.3859361179746561 0.4293656462733716 0.4187206693544779 0.4130839430721357 0.3609376129376436 0.35521080386634
0.43665603910966977 0.4618880407651765 0.4904033988084501 0.5292279851299314 0.5132338972647261 0.5145937218258125 0.5072568332575662 0.46590518984244644 0.4609326426188495 0.4876400027308679 0.4478084222379223 0.42468573745357857 0.4478938573214538 0.43468295632431175 0.430409402581588 0.46148078943189996 0.42992302738290344 0.4470924027902943 0.4156277243679178 0.3988764978287037 0.3813406461341378 0.3999765808297891 0.39575504054723143 0.3626274087517513 0.34386858330639986 0.3265362180478701 0.33738548494806786 0.3730976644246084 0.37399153173637356 0.3694163900130421 0.3854777220259644 0.3800094765607782 0.3420402573252548 0.3760248821710248 0.3735335637057277 0.38066904489938613 0.40802396629935395 0.40911933143627716 0.40943333235764384 0.37466255788691594 0.3865383290293423 0.3834649012816627 0.360686568717915
0.4739804525070831 0.4981283110333069 0.4874788338329418 0.522173474919003 0.5024521683972997 0.5319731128763172 0.5110235603598844 0.5153890457521144 0.4890215219701508 0.49395522428442934 0.4845595324517958 0.42225949240536254 0.40123935484501605 0.41143659403025085 0.4293693148435948 0.4544905258827869 0.42636731005524253 0.41625331220446676 0.3852009433275503 0.3537239572960611 0.3740283493791761 0.4077612362929476 0.3791833859581076 0.3481146795277604 0.3584244186085484 0.3314738825594171 0.3448537260772888 0.368617045610719 0.38841120756838043 0.37192835670626273 0.3403270943690144 0.3159127364270814 0.33004537357424485 0.3430677979060187 0.362761564283256 0.41069964713416474 0.3825231678990593 0.3835323221514633 0.38334838331177873 0.37949267978399764 0.38653584656492385 0.3432415374759902 0.36168123471129165
0.5041821387028298 0.48244208818800954 0.5020731086886132 0.5129492944045925 0.5368312506839612 0.556980863286046 0.5285844296015707 0.5137138150878016 0.4923450179484112 0.517187807500769 0.4817471668380977 0.4553478618040181 0.41907341711809376 0.429090749358197 0.45276567818190316 0.4563986637163198 0.41132564494658047 0.4322101609341884 0.40554640205218073 0.401263231103345 0.39352982484591326 0.3648675652093996 0.39343390489571395 0.3473591242202546 0.36690807756932686 0.3789068887459815 0.3612112069536111 0.38259458061550455 0.3620600316005087 0.3434900686047634 0.3451423832456149 0.33744102325876696 0.33994447740540507 0.35159461643556245 0.3858171033334403 0.3555594384165854 0.37161432503616987 0.3939695292008358 0.38906587049702496 0.3989135592845374 0.37375320110788685 0.3487331746430946 0.3322616130988965
0.5097226720056041 0.5156076949042956 0.48379791166838443 0.5218390832924091 0.5437739663817244 0.5376044843318306 0.5027952785211985 0.506099569547972 0.5163477425072901 0.5069687126021903 0.46555900767066627 0.4325507949804647 0.41026782065936807 0.44830836793898565 0.4674337632221731 0.43928889402172244 0.44269170751912124 0.4105661242650398 0.4087853470118074 0.38868685575771833 0.3719235250135241 0.3564647166947988 0.3676075007089866 0.37655771095922447 0.3758219227688543 0.36132150840664556 0.38367448360958417 0.3766069629331188 0.37420094142415067 0.37381322921330407 0.3695407971539822 0.39726015237033596 0.3871231894438651 0.3774980698609295 0.3765352479296473 0.33609241677308227 0.39118597532680294 0.38448298763804395 0.35881457631895536 0.3665285925401366 0.3724612388034827 0.3672037119587073 0.32084696349895026
0.5185248741515603 0.5275862333814576 0.4945369411877005 0.49738637791202583 0.5396809988223953 0.5291826275673093 0.5182133894742982 0.5148136087586371 0.5048739942282736 0.5214814574245459 0.48927998676367385 0.4575879765676913 0.44093801573892605 0.43236768714041296 0.4660864424767984 0.44609656997239555 0.41008353039129364 0.42510480916712196 0.38234628659125774 0.38079149390918204 0.37695217074690107 0.3921132677275543 0.37710588123216915 0.3725728423428741 0.3982209855652143 0.372508973294374 0.363939582004491 0.3534831193589158 0.3661308600029147 0.35345600088779094 0.36246067864204257 0.35874490449278246 0.3689106534121328 0.347514560484327 0.3409913241442883 0.32135337038752065 0.37375012959189574 0.3638915933247842 0.38064190074896087 0.3829381423977539 0.3368868248656925 0.3247414744671195 0.33760721321295584
0.47815415870613 0.512359057642581 0.5004080171424302 0.5042601201057679 0.5500813679832345 0.5528591725515233 0.5631415638245608 0.5588495223384735 0.553610664967015 0.5419291816731167 0.532277780500384 0.5029595842951343 0.4654710717568878 0.4535969685524958 0.44135047599229943 0.42733317696200274 0.4300324027022786 0.39898564583102364 0.4226547885958834 0.4158235867134697 0.4193555349255803 0.3840088126971417 0.400185578833821 0.38199087523760905 0.35495447379228245 0.38310655185400655 0.37554848028571286 0.3290954101197435 0.35910927967451506 0.3803823697814035 0.36323321878765263 0.3606188607195921 0.34537712753848526 0.3334737980927856 0.34719268098984485 0.3126113021852996 0.3617219149402346 0.36660215902708276 0.35593407301353314 0.3519273947911985 0.3410115701048075 0.30668570831252584 0.28876330843932646
0.4633908038165014 0.498500856592397 0.482062916733102 0.5091505816597172 0.5432833372839756 0.5293582041824583 0.5259929109282437 0.5026953202354691 0.5127272613735762 0.5421037924536376 0.5320326090598708 0.5182432309548147 0.5045753137940788 0.5048155949613329 0.465935241946942 0.47644551831655935 0.4751711526919454 0.4603415329221678 0.42727793474817927 0.43697581305387334 0.4356197307638045 0.4092377285938294 0.4049395030735871 0.36305738921977326 0.34824647721524243 0.3725131705943248 0.3458455267953143 0.3606871795099635 0.39846747081534784 0.3913620678487169 0.3963662803370706 0.35723003873789333 0.3693479592921926 0.3532113912115182 0.356693614877153 0.32919484384824965 0.3238032115588905 0.3242582514462345 0.3328853335851921 0.3419967112036777 0.33914481697145854 0.31049394885299025 0.28220966663604996
0.44194115097185865 0.46762690724879963 0.49495733420673976 0.511767258689772 0.5493864551796679 0.5355803341666211 0.54386033629172 0.5080156471540833 0.4941522636099109 0.5108070703350774 0.5209561905856912 0.48248215173910297 0.5021330746560618 0.504066896395017 0.5074793463646736 0.50205380219442 0.4826609990199221 0.4974161315036268 0.479184388372458 0.4304984462832386 0.44075055143330016 0.44334041338563246 0.3986194249069779 0.3737815531991502 0.33982435988560955 0.35387225920728443 0.3856548014356688 0.40015052563457204 0.38203826500686916 0.39635179843079915 0.39344026486452965 0.36883388531133443 0.3520951336698138 0.3416715160494409 0.35888964273743507 0.36152014286620104 0.32979782915746075 0.33419628202446294 0.318286677694395 0.3313482526793327 0.32860015239018214 0.3068253934141545 0.31892574528495726
0.4559609136498123 0.4957161503303187 0.48554655466478847 0.4895580668226993 0.5315085371776133 0.49688403093805356 0.513000348621722 0.511184807165102 0.5001977531077945 0.5029166260301892 0.4975623899999592 0.48298050437503964 0.5130322316636342 0.5282878958571806 0.5187355170508559 0.4891715889836279 0.5071639678252229 0.4762655665985702 0.4752391813267582 0.47488470603128635 0.44408653917865687 0.44347038051472526 0.40737016962220834 0.39553081270945056 0.3568855188207385 0.3851762406817565 0.4042292304800606 0.40180127574878344 0.38966240364637933 0.3726032696860073 0.3858695595768774 0.3660547745008071 0.3633725505745389 0.3560882864790479 0.338312310108592 0.32769137116111124 0.3242509227434148 0.31710515800976635 0.3351880004610331 0.3325649250809972 0.3125930587426152 0.30694624715314467 0.30461099449330414
0.503971846688639 0.4869298185093955 0.5226798879749575 0.5284693949033801 0.5244969588695985 0.47799898704664484 0.4665130559957948 0.45858698880034415 0.4735971953646786 0.47601297159408157 0.4849397607806671 0.49193872001219746 0.4708096275294844 0.4782582259945722 0.5347912644577542 0.5251414294417407 0.500879429039977 0.4539007137319261 0.46967126909919193 0.45549851041584094 0.4343385402416775 0.406566293159847 0.40391471221982833 0.3691270064399719 0.3832028781154842 0.3471390245963549 0.37477410624326707 0.42628310205682635 0.4127203785443361 0.3854772992702654 0.40977765914049175 0.41177397075380323 0.39075421524308174 0.3277757253216085 0.3619502168014377 0.3831018570286395 0.33877606861857007 0.3089112107523664 0.3116011201214894 0.32545489006904044 0.33786272834932396 0.3435258209757182 0.3170605884364922
0.5042580127063967 0.5137810995049494 0.5088861240565605 0.4982137889507797 0.5031584324998556 0.48120891604478155 0.4810894809913553 0.44081139765955124 0.4584922900649242 0.47386522648553137 0.4682495753160611 0.47044720654737443 0.489441543941779 0.47887005409807676 0.521382099153539 0.4971194993658696 0.5115472134976412 0.4936739559679758 0.4755389923391859 0.46224368834949364 0.42084606809693825 0.40292981550066137 0.4126530259640171 0.4183495022677764 0.3799220111294125 0.39014323969226783 0.39233922011964667 0.4173337549481092 0.4144555922668809 0.3807447632000579 0.3938221185051097 0.39971325496398336 0.3671841949561082 0.3254736634182434 0.3323498769750647 0.36681789366506384 0.3183229307601135 0.3259575020926208 0.30606756403879537 0.2927616493053008 0.31048275650788926 0.3423513760907325 0.32611540087724067
0.47678735375372544 0.4769958823439556 0.4780029087127762 0.5131304205074849 0.4952363117498769 0.515771616790457 0.4977961804355797 0.44388584511370693 0.4685550964047986 0.44028071194469764 0.47959771260436923 0.5105758733292479 0.5150466217005105 0.5078570195079948 0.5321288362065145 0.5023727743529391 0.4968430512453422 0.4801150602129397 0.4675913734669265 0.47426156233011624 0.4819918571060109 0.4434845105925008 0.42630337744274777 0.4378371624931713 0.4271693739408556 0.38905171631388463 0.40221404004541345 0.37163925500034245 0.42033905378152986 0.38899520918259656 0.3596836257842828 0.351824960560314 0.3501754208342666 0.3389661786372276 0.32068952774915993 0.347907254438673 0.320947879670375 0.30531209214562727 0.28942732312775316 0.29307456565638523 0.2851093735530971 0.3121313647993662 0.32237878515406165
0.48483924972695563 0.4791950470414642 0.4625650004703254 0.46588188850989776 0.47110094826017446 0.5001796420428556 0.49564245369684745 0.4875715324932405 0.47531188252317935 0.44892962366785977 0.4586058934275903 0.4757107184944953 0.5015609092599498 0.48166289241039684 0.5022634337683176 0.5263283298457969 0.49099907784009156 0.48744708085578553 0.4941293505506822 0.4770212094504 0.49487043764213423 0.4433529483310529 0.4166708351332272 0.4155389800766014 0.43309889910827587 0.42109046317122667 0.4113641485771332 0.3788840712181612 0.4158787745520038 0.38504905353499713 0.3755078264114776 0.38037150309708817 0.34263136796974725 0.33040153074109013 0.32681803753649913 0.31617538997771455 0.30372915102615106 0.28320999209632797 0.2822815811203476 0.29870774457363497 0.27574594323840196 0.28791296756931 0.2835955610871275
0.4390684578377341 0.4250995279983975 0.4216613716142923 0.4697563412243281 0.47827344041881403 0.45940867726475626 0.4614330486889273 0.49135945239570744 0.500870909939664 0.49778369293177477 0.4562795063281364 0.44862359472242946 0.49185541615909195 0.4954828257331661 0.526852756402937 0.5575732146303317 0.5465280331719241 0.5234232119833725 0.5316535413721347 0.5091141861825152 0.4712259996505183 0.4535194566793664 0.39639890485729296 0.39755552252079573 0.41811907689019456 0.43153063045765405 0.4330089482700987 0.4093874642911744 0.4225284892305396 0.42296440360615606 0.4188778467420956 0.39321225945208055 0.3549616596742293 0.31167848805273 0.30053060206687787 0.3264075138487608 0.3041741784391755 0.2632699664401402 0.2954884213206128 0.29936072652427015 0.2822402968063389 0.27370151122588193 0.2895411718812882
0.4049701342314653 0.4119335888535797 0.42403237324402304 0.4182447178678738 0.4480582287779842 0.44162352127269294 0.4974809375224724 0.5132430537258632 0.5111521759023038 0.4769722264175943 0.4991539926697592 0.45255289746417204 0.4643493458795787 0.525810906759054 0.5490516450250822 0.5521713455875101 0.5311197858311941 0.5189542894036507 0.5003549994483586 0.49356310034458983 0.47057121916952316 0.44373406486783606 0.40806201263211983 0.36984082717003275 0.3814730329197328 0.41075144671074015 0.4119606430402691 0.38851171678818 0.38142379599986115 0.38819621430885537 0.3853839527534126 0.37277442882888207 0.37210649512381816 0.34224603314999386 0.31275565840456876 0.31780653117182894 0.29114550159826946 0.26393945567007965 0.30296473583506167 0.306255383692073 0.2928811468080751 0.29227592305305383 0.26412326366465216
0.3742851559297934 0.39273784293607017 0.4363146231943162 0.43021509011446474 0.4351399685739604 0.45681175327089074 0.457831496208477 0.48251337266592426 0.5028608025127467 0.4762455517655824 0.45707751254116535 0.48452078315928027 0.4979362757852884 0.5127320566617839 0.536364177918046 0.5484989526121394 0.5540786698093484 0.48789505213004847 0.5022010041554178 0.497935059883682 0.46792419211951 0.45543432899775743 0.4384093285370988 0.39049934313049217 0.3851397118725373 0.3983555256938433 0.4185809639876281 0.41685037637818706 0.40955785086199 0.37658116180616674 0.3624523721951817 0.3499882320300633 0.3642126592519762 0.3441795207090817 0.3182619614453623 0.32473683784576735 0.3147235444578567 0.28496101834950205 0.3080103271922262 0.3092893223281426 0.29566147195262066 0.25660142128243113 0.2315380688307581
