Raster_benchmarking/Raster/continuous/raster-465.asc
NCOLS 100
NROWS 100
XLLCORNER 1743163.8324294232
YLLCORNER 5469294.129633516
CELLSIZE 10
NODATA_VALUE -9999
[rows 76 to 94 of 100, columns 0 to 42 of 100]
0.747178490535087 0.7833397676121328 0.70051059782614 0.6866210531550965 0.6691123889635113 0.6887055147759198 0.6481582270144508 0.6930529928062936 0.794292275015547 0.8388322705441974 0.833498266355414 0.8991656588823819 0.8732015337516912 0.8375313324481042 0.7859568324035393 0.806207657886738 0.8228309863469323 0.8532588028853196 0.8641204123048032 0.8294727856635853 0.8669864045679989 0.8474331920998099 0.8885111260891926 0.9457586822902139 0.9325945503032438 0.9031017080815136 0.9346961448690321 0.8428917001663013 0.8569280209231658 0.8393424274232817 0.8018864039058402 0.8354022265499276 0.7699331221183372 0.736740886097977 0.7010670445676181 0.6975405190084911 0.7333609969783245 0.7862440412213048 0.7679807635124775 0.7116084718936632 0.7172827052571815 0.7536610855171572 0.7482785018791478
0.7918892285272665 0.7975208155228145 0.6869347922202311 0.6696485473417343 0.7267687259741008 0.7415538937557068 0.7050089093786037 0.7030465186735867 0.847096173385464 0.8625372738330298 0.8561803598510568 0.8847951037159628 0.8573668642837804 0.8359255544027296 0.8067804503899377 0.7874337362478074 0.7797171161552882 0.7570529520029484 0.8430216227398991 0.8631145814690492 0.874562556870409 0.8334880636304107 0.8708536576026129 0.9273677840029239 0.8882706206736953 0.9032353143217818 0.8589645682683705 0.8115638115374726 0.8026291495538025 0.8116580302532642 0.7867897500317517 0.8458819971449012 0.7385764441857107 0.7080706048928195 0.6603218243005105 0.635292238422159 0.7161364680302134 0.7216305060332613 0.7401715285892086 0.7341845699890615 0.767785920342695 0.8316253889554751 0.8186238521718437
0.8009512335895509 0.8100440106317522 0.7468388281450501 0.6857025308702739 0.7027145095173625 0.7662004257733805 0.8031937398284374 0.8025683231646945 0.864079501100258 0.8487268259889228 0.8649383903035257 0.871300557197876 0.8464639107264214 0.8002887364982293 0.8390720395356455 0.8205109000319745 0.8466685415196957 0.8389013763387688 0.84339096334705 0.8517179756383281 0.9042381492023129 0.8916291683124906 0.850752330355953 0.9028349546837837 0.9002727545016568 0.8827964623703431 0.8719768678740069 0.8312505959342532 0.8316383268957759 0.8260938945279442 0.8359852468396831 0.846966745477937 0.778604544845648 0.7317130771849258 0.678491261867701 0.6924253603380625 0.6913418960745443 0.7012719839387239 0.7664910298206787 0.7235225568897582 0.7556519289831196 0.8463307706750433 0.8700492704816944
0.8121110936252095 0.7722949457288396 0.7754093075934587 0.7527705574360849 0.7471438124796588 0.7998999516737543 0.8222995217183907 0.8504323138417016 0.8675245190375187 0.8687913387178235 0.839865272585433 0.9028931651593406 0.9019613008400468 0.8283462662112037 0.8990685845077064 0.883889900522478 0.8753031091356395 0.8426869653654396 0.8772336387828823 0.8842609978079481 0.8477704292055431 0.886510028323002 0.8485684525560253 0.8759558026349398 0.8091795744373403 0.8285030064104599 0.7769404445035635 0.7774637489421506 0.7288953080061116 0.758354408846022 0.8172129414129646 0.7737975387006224 0.7472217148719918 0.7523797322564485 0.7165926118463741 0.7167374524950663 0.742826066064743 0.6861974856809845 0.7764074841480485 0.8042736318658549 0.8037745357023618 0.8238541422599686 0.8230791965950707
0.8648550760823948 0.8014991231975038 0.7491054775574422 0.7116458317239276 0.7524198537622581 0.7846001251061545 0.8089777282550247 0.8356514327397428 0.8906847247268604 0.9220687823993882 0.8654775546761453 0.8944916399064949 0.8981694318018951 0.8279382277914643 0.8766208990521985 0.8931925749998505 0.8675428578789409 0.836233813642459 0.8748707207943498 0.8421250719037435 0.8496759406175389 0.8328144695451188 0.8169333942708134 0.803143672937713 0.7927343025104489 0.7956252647534166 0.707447246568287 0.6692680379339501 0.7048607676013889 0.7320775907805908 0.7698904154688815 0.7542132193638584 0.6936953059766611 0.7241117512260309 0.7432535792653127 0.7772213544692332 0.7529866885339641 0.7641648917495132 0.7530982973638546 0.8464651841542371 0.8053980022260844 0.8533668826967766 0.8263263278468502
0.8812488988970008 0.8271831712133397 0.7546389773973308 0.7611447816280177 0.7701014205798768 0.7429211238746772 0.7574957369143763 0.8353493823238939 0.8404076013853126 0.9036160349473503 0.9193828795897077 0.8957709517948654 0.825295648082752 0.8013149965700668 0.8111787018915009 0.8684012759170087 0.7837126267596053 0.7761828604729698 0.7721486306952721 0.8329724597708192 0.8363028594070064 0.8500679217188472 0.8234086008474407 0.7959685009130155 0.7587611456937509 0.7880718004503955 0.7234496916048239 0.603033153102185 0.700672475419154 0.7435228491084058 0.7571243634599248 0.6772153749332994 0.6896145891505316 0.7088249775252958 0.6959332970701969 0.7446761550839154 0.7620956024398329 0.7974606095769536 0.7938096315704033 0.8761657610786218 0.8360773446298756 0.8528586564782712 0.917345145881173
0.8352570682449355 0.8369085413640575 0.7944290677368103 0.7733032840197643 0.810062225851279 0.8061435293253909 0.7911222841556353 0.7975335640776913 0.8035173438739202 0.8299865334113193 0.8769031983061133 0.8365994750123192 0.8353338115767901 0.8105543652641712 0.8225550703966933 0.8503511334844666 0.7784389518278224 0.7543739008686783 0.7271636696858838 0.8020074483259199 0.8305738152699728 0.8237196323805687 0.739829804792631 0.7932994230277879 0.772853030098223 0.7455205939471211 0.6630467717120647 0.6665248499710033 0.6622605050581057 0.7131440988267324 0.6952361387213701 0.6846731074317045 0.7062843359498083 0.7252399062239608 0.7102681779485587 0.7810236149597867 0.8170615369912886 0.7869154126641639 0.8286514964461068 0.853048167803134 0.815650058705874 0.8667373542980847 0.8859488726611325
0.8791134105487131 0.8215683642549618 0.7704523016488413 0.7630740733297182 0.8150114420660545 0.8477979214719514 0.7939049511460688 0.7841231313330389 0.7768992917000856 0.7406487938605688 0.8167966181321683 0.8250514116706003 0.7980810134735681 0.8214211410362691 0.8096109602627561 0.8030993132827711 0.7355279048343839 0.6795908466832586 0.7386193443200139 0.7444578171153026 0.732240705503357 0.73518572678523 0.738481318750438 0.6960714210599284 0.6904471756719021 0.6698802657262509 0.6206774962926056 0.6594294272341903 0.6373186743816242 0.694063070871423 0.7295821137170077 0.6753900224132205 0.6767964506896602 0.7152198521115761 0.7512205192026029 0.7857745708033158 0.8070934017166245 0.8144578835619195 0.8252850921162171 0.7584145272075141 0.8241860358913456 0.8978332069113333 0.9180243856992193
0.8607135517214275 0.8288478703638511 0.8357711049720807 0.8662253864501597 0.845588345930797 0.8142048955085935 0.7818530079768459 0.7355334074824627 0.7475560626340009 0.7521634292483795 0.755985941537291 0.8114104851275805 0.8176755796883171 0.7969368912778516 0.7878186187720647 0.7278931930522333 0.7000496554920299 0.6934658994644655 0.6828545659671078 0.7033347180848164 0.6742734268989361 0.6995447014644105 0.6681104671336529 0.7206710426173051 0.7337451392232952 0.65666056632751 0.6619844131750703 0.6765190550242685 0.6888841847148328 0.6646946137562355 0.6895343964803113 0.741478459852531 0.7030819750895891 0.7670045197992194 0.7642273789711591 0.7694860701594012 0.7346997402503743 0.7496517095326334 0.7361323287583105 0.7600852879117258 0.8134790427446132 0.8255352105513254 0.8166500743310026
0.9316436321137874 0.8742259209099492 0.8338732014192703 0.8810046581381724 0.7895553998340986 0.7317847586853927 0.7545999069628674 0.6679805876934021 0.7093755312100268 0.7423184734517289 0.7117566603957874 0.7294276976344316 0.7471848033353702 0.7529874591428671 0.692275766494084 0.6077990828442121 0.6489688752615832 0.6444883700681758 0.5983546803693274 0.6644866371975091 0.6528373244361811 0.6402119429222828 0.6519515307538563 0.7145586099410305 0.6912949972198777 0.7315143925313445 0.651948675553513 0.6722977266511374 0.686996605882882 0.7125193471544352 0.7122206273735687 0.7816770358898341 0.7180637143965288 0.7435430233928412 0.6862704703123813 0.6889858927167809 0.7132970086573615 0.6895683496008987 0.7073186394649371 0.6996348748430766 0.7336885932374032 0.7815759736332142 0.7492946622028986
0.951811961791014 0.9314860659265454 0.8966358567176828 0.8671980093256703 0.8608022531682864 0.7364705543150816 0.696079439870344 0.7290324267027297 0.6807708700215228 0.7044414405735623 0.7391247861066356 0.6988491124188209 0.6866103080056881 0.673623343600143 0.5904847789323091 0.557200481211582 0.5633164109685319 0.593255580662038 0.5356717769369571 0.5980392612872377 0.6414402107597156 0.668795137003275 0.6915165182196681 0.6716105437067554 0.7195414877314603 0.7329139360897926 0.700432485496042 0.6601487700074621 0.7056560188394925 0.7015212917320537 0.7475253854049966 0.7024631171858229 0.7623571590913831 0.7807357820764106 0.7177811154345684 0.7489019516389199 0.7264723266715853 0.7183425853591385 0.6956280793837263 0.7510411009148426 0.7501403245057645 0.7571645673593527 0.7706125651552219
0.9474065310956942 1.0 0.9044145779344849 0.9024748537795528 0.8452963611637431 0.7643932259471696 0.7605181709872849 0.7362800685385472 0.7391417720113425 0.6912404927672169 0.6811255416255368 0.6374955232293614 0.6396066729457006 0.6247816221344662 0.572134315454465 0.5310871597967143 0.5382433789565845 0.4851707138851697 0.4993395554469303 0.4955724288873995 0.616435641650801 0.6447117820136768 0.6563139976637363 0.6662737111742773 0.6583721847760577 0.6683413221788851 0.6820055105742433 0.6641658776841507 0.6886840178683822 0.6642853613931108 0.6814000009938911 0.6660709894529042 0.726793941398087 0.7655910117321001 0.7447875477005912 0.6938313700262996 0.7275865794064054 0.6881207813322106 0.6942030573081248 0.7058533176976884 0.7037015278627742 0.7251845936899673 0.6917118951535253
0.8890792681469172 0.9651473269474572 0.9553127071852977 0.9146626555592513 0.8450670261844867 0.8186003322489781 0.7505274522245254 0.7476888277824623 0.7222619942436589 0.6899237929401821 0.6201485285794198 0.5431622832003361 0.567428582330958 0.5266011863719693 0.5589068666680536 0.5230571374692393 0.49141235437321434 0.4590900988192293 0.5094085625987482 0.5179753901510206 0.5696738896031414 0.6257064506445495 0.6373587659975779 0.6567313372106526 0.6189687997613441 0.6489409057735801 0.622636341751903 0.6326586100745623 0.6015476836027469 0.5966111578917852 0.6307339313708628 0.6371196903212549 0.6680771996943311 0.7401511789076536 0.7218159597185729 0.679225218131757 0.66735903321546 0.6397515567714973 0.665193593682041 0.7210907667742421 0.6503852923386273 0.6771221109052313 0.6563635789279328
0.9012317260769455 0.8752712439050252 0.9190800281753677 0.9492479451092621 0.8117126553204971 0.7759256868441321 0.7338070939623387 0.7553944845164157 0.6939299586276605 0.7003427809043207 0.5601130675709362 0.4993418110200375 0.4747709328299527 0.499876289535653 0.4753142027234781 0.4106223741025001 0.45598385768759 0.461923204174231 0.44923020613105275 0.4465612546085606 0.5308848089809516 0.579758527190397 0.566996564608154 0.5856307897031473 0.6253295833655097 0.6273219641624816 0.6133667343896575 0.5613140077951623 0.5574479254992246 0.6611450427336603 0.6648533315739024 0.6542667196642811 0.6427658100790992 0.7065175496409191 0.6715119568509679 0.7600685283371822 0.6778998981630352 0.6874433395913235 0.6844351637747937 0.7012863676285892 0.6707123164275708 0.6224126139832432 0.6341472299761138
0.8390127142491963 0.8856188906139927 0.8871344600830774 0.8585954334469278 0.845792752514179 0.7672252636857141 0.733861836665849 0.6836595845229033 0.7085891052420753 0.6291755343524482 0.5260357727714549 0.4905901228720626 0.46759142134539244 0.4102345480387237 0.44543536103019654 0.41492667424340424 0.4520603338419835 0.43485416194694154 0.4693011491902799 0.4615490899294215 0.4996093486568522 0.507860718354033 0.4937353388532778 0.5601736766752309 0.5761941984480429 0.5680505108637043 0.5685547351353573 0.6009048707823811 0.5696249375639422 0.6490267434217499 0.6123686623144148 0.6045236897903294 0.6513697548838896 0.6754254182006721 0.6455614245122007 0.6667160617997225 0.7328845655700695 0.6811078798110102 0.7224027991527199 0.677330861461372 0.692359574529455 0.6646688181136553 0.6393504830127149
0.8071604745429432 0.8884194395842735 0.8654812651900656 0.8561497480773376 0.7520675297311128 0.681391923729712 0.6932756512492526 0.6618673794825899 0.6610196601508118 0.5895119359352646 0.5180872913887922 0.481720326018296 0.47472083435476403 0.3899796566978218 0.42618119893029527 0.43511804947342037 0.470081674897052 0.49676542198805745 0.4854236776432356 0.4399903190716248 0.44699634557568235 0.45783139342651946 0.44028419909477257 0.47547787017017545 0.5307871042078277 0.5241155133348224 0.5817126390757713 0.6015305201423975 0.5894706366955648 0.5917063578359433 0.6222574898330956 0.6641053460511632 0.6856083594474954 0.6255989898571541 0.6399149029624225 0.6234556019937824 0.6653770819775946 0.6928958441235771 0.6603283079788309 0.647071888456539 0.6878691428070485 0.6264250569956618 0.6106606301902752
0.8154909884386934 0.7448712086616582 0.738161284344179 0.7647464782201264 0.699170304255186 0.7102329690903516 0.6426981068273051 0.6195987978353878 0.5722681437723813 0.5839060786857573 0.5324696024271643 0.4923021737548091 0.4507127872127929 0.42183129630355354 0.439877444914178 0.4571911143470565 0.4810063450482739 0.5453376860980601 0.534458489701051 0.5142485610662191 0.5259451435909478 0.5275239565781394 0.4424455185259663 0.4330174265803106 0.4432236024411145 0.4818335890001458 0.5582581082137312 0.5905885008532052 0.6384996151553373 0.6565688728013784 0.6434741998813173 0.6946172591329443 0.6719013486831236 0.6836766715700767 0.6257840668621654 0.5993343709498825 0.6502729709065647 0.7071807835744193 0.6751457300789374 0.6721310529274723 0.6578091437081836 0.5953961938789638 0.5262052174732292
0.7895466889439888 0.694934222507411 0.7266391905009055 0.6656517820975673 0.6802586827471295 0.691537054380217 0.647769731455677 0.5910168929022518 0.558818032972774 0.582731356370002 0.5055308900756311 0.46377635116702315 0.40606037723944227 0.4535497341321844 0.44636842661132325 0.4752327024620713 0.45302497572682404 0.5042190254246539 0.5193034745909841 0.5286913067224465 0.48503785310697106 0.5138823075361774 0.45268760032268573 0.4724779111039183 0.4541042928087418 0.4599816722377523 0.5606576269792509 0.6102360967387599 0.596350780420338 0.5843565647256698 0.6717618161449888 0.6774831499286612 0.6800035112684869 0.6777115596222064 0.5909043229314973 0.6046545602096246 0.6076283995378139 0.6471627275100634 0.650392873368167 0.6447478583882675 0.6536970189821371 0.5907744768238798 0.5718798346893662
0.7561420285965619 0.6885157284888184 0.7276093883138446 0.7287061262249557 0.6890763991349005 0.6494402566480785 0.6382624440368354 0.5874426310965691 0.627941107664031 0.6132696491167227 0.5369170155967488 0.4571344593825891 0.40829742556140497 0.4264666740640154 0.4883597717881152 0.4331967815522141 0.429975207144253 0.4591258951549847 0.483230897332056 0.5002046352653168 0.4935383505237678 0.4740960859987387 0.4498997396792121 0.5106619811267281 0.4738537494644774 0.5113392009377022 0.504177268081027 0.6038416574633625 0.6371330021655774 0.6473601187629104 0.6652335537973807 0.6836154335816023 0.6614928381205469 0.6347622251307047 0.5990165727477265 0.574132452728456 0.6226289881454474 0.6488171678632217 0.6019783960602874 0.6325401121483819 0.6236217987718193 0.5845625099281073 0.5511428218743483
