Raster_benchmarking/Raster/continuous/raster-372.asc
NCOLS 100
NROWS 100
XLLCORNER 1743165.2116000946
YLLCORNER 5469281.250872655
CELLSIZE 10
NODATA_VALUE -9999
[rows 0 to 18 of 100, columns 0 to 42 of 100]
0.5813589911193533 0.5957494891741024 0.6335416843190571 0.6840151925905494 0.7183497260802848 0.7308210406155998 0.7453939677449474 0.7592033873652249 0.8173556633979224 0.833996290287342 0.887097018854357 0.8720261113320248 0.8834632863058899 0.889626306857485 0.9106381819710888 0.9062181226387541 0.9012406355296668 0.9061699514185856 0.9321272979804565 0.9254116821242918 0.9146166249394286 0.9490794260058014 0.9267385636325363 0.939455387793246 0.9088384364257943 0.9295801049250828 0.9379676429529571 0.9509839722191935 0.9214250636266924 0.9778352534694005 0.9865474910583482 0.9965785399321913 0.9895072092312301 0.9381124034167483 0.8957200566352149 0.8906355876716304 0.9173516029173545 0.8704651431300034 0.8856153993677681 0.8527685976433055 0.8230717850655334 0.8491750130719002 0.8324619115710828
0.5790140269048538 0.6412244713646885 0.638013154848609 0.6808274513017674 0.7306751188960153 0.7473572639216616 0.7725314666079266 0.7667894532093417 0.7949514731729008 0.8217159666139342 0.8374182655616023 0.874063875889195 0.8634570427312973 0.8895389509823864 0.8776778188386828 0.8988132448526259 0.906451033190997 0.9095665682524322 0.9215378579117068 0.9371671011293302 0.9471858913642698 0.9456829287677471 0.9057645306069544 0.9035957742048677 0.923734649266714 0.9200532149649577 0.9176371628991209 0.9237304361123916 0.9318838258722499 0.950056686517456 0.9719857749943108 0.9791527294386204 0.9805355537961012 0.9628900615443236 0.9219590748398631 0.8885173890208339 0.9008764450427396 0.8830892900931657 0.8814150735899615 0.8420791474208288 0.8443745800258546 0.8517790712875345 0.8589611208118264
0.5925177299414309 0.6325267872722313 0.6773665819351186 0.6697441773098795 0.7175071747429597 0.7403460564876653 0.7671080913130135 0.7735959205907994 0.7847740835087851 0.8200967206011566 0.8389751908617263 0.8702710822132211 0.8740887527895045 0.8503862859689781 0.8616454510561803 0.8854520155905016 0.9169439764985824 0.9228300036546675 0.9623178157042732 0.9246846510782838 0.9441038398722041 0.9164087386921625 0.9189835728078578 0.9161093809737779 0.9192223152561202 0.901252207838106 0.9397394666295766 0.9401120208020927 0.9394592708156297 0.9245457013405273 0.9282810859203723 0.9691145637276097 0.9540267850152991 0.9370992264787087 0.9372541285862341 0.9114561691616823 0.8743733200086243 0.8910217751040795 0.8965585999964363 0.8404653051062335 0.8474507384502395 0.8689631331947498 0.8841046199185412
0.6273627034263536 0.6663478006617704 0.6973170672060929 0.6864008415918846 0.6818664886378636 0.7282236527460364 0.7437487469936735 0.7506958888555414 0.7785745077286711 0.7862079436744689 0.8078062851593041 0.8305005815137478 0.8569172384514548 0.848376948993201 0.8774999996948765 0.9022643675938437 0.8898960370908 0.9172835408112794 0.9365044359563588 0.932061302778338 0.9226161646675459 0.915399218007405 0.9299108771324399 0.9219234022135303 0.92081768535267 0.9094278673487648 0.9276950278810667 0.9457410815808767 0.9370029170908328 0.9390966395997474 0.9215515075563958 0.9328307066387128 0.9113725985324385 0.9052560497978112 0.9139612957286107 0.8775468892540158 0.8856947851636883 0.8676436357850719 0.8828365742497636 0.8465860490809266 0.8731756545731413 0.8715645924795288 0.8717475355988529
0.6081781190557237 0.6431796889286618 0.6979139521627004 0.6609163929579656 0.6676982924199488 0.6725066545324276 0.6854130804973353 0.743934718191984 0.7769845123696573 0.7711162088641998 0.770916601770159 0.833491394424879 0.8444837763976878 0.8658480034647918 0.8718515041497188 0.8817726296513382 0.8794410955297914 0.8925935208153981 0.9083682364474861 0.8995787003693038 0.9247110402977019 0.8975372155640476 0.9194185465773738 0.9260527191410615 0.910543839067005 0.923759524370531 0.9372504068939186 0.9345792854099524 0.9170162663105667 0.9298856664958493 0.9006144090280105 0.9035867034648597 0.9221776535070251 0.9030306811973051 0.8921378649017642 0.8908404412913759 0.8716046626601326 0.8605804503667976 0.8473957944256856 0.8586991247746698 0.857734473863094 0.887349170059846 0.915383336456997
0.6413627300928183 0.6348147814057393 0.6731078286155735 0.6688538719561187 0.689965216453923 0.6738571742613267 0.657477702227443 0.697355045430482 0.7541028380124373 0.7608182004541232 0.7782117570669684 0.8014313266306134 0.7895630634657418 0.8229927655135532 0.8367464603651621 0.8730083973228528 0.8930804743446303 0.8642401423892904 0.8950355138898901 0.8980167655655067 0.8918309473557741 0.9049571791929867 0.8973936902255798 0.9271753147465528 0.9246076173048942 0.9249446383950091 0.91560947420121 0.9001268268816565 0.9070524643980433 0.8961165419695198 0.893958609106634 0.8769221327194341 0.904564205374374 0.894622610487982 0.8636141601278611 0.859379929401066 0.8914154442301095 0.8805902968175765 0.8851718775988937 0.8897896147613849 0.873013783237034 0.886192482456301 0.9045631149326945
0.6095339441627107 0.6283488769498601 0.6736641573083195 0.6577521245468185 0.6802362487648401 0.6640560660145941 0.6618716912007404 0.6854069988468354 0.7349885438244596 0.7546689492753208 0.7763778537666376 0.7835635130153945 0.7635324762235314 0.7981938596274493 0.8017543127207682 0.8189028395036638 0.8728450311501635 0.8651172183019393 0.8808857494708798 0.8640933277732359 0.8692072336282914 0.8859318005423612 0.8875030493479247 0.8968548734397643 0.9122768558966743 0.8912778786955179 0.8937813458767191 0.8952449892485638 0.854637287689507 0.8826775502539193 0.8683212234972648 0.8620881075737024 0.8750257602341645 0.8590055048335267 0.8703662109147271 0.8713945773723802 0.8751427781113016 0.8880933153505168 0.9015485969515071 0.8909914726519 0.9119630028777962 0.9190946702899444 0.8977630669832112
0.6089290566512389 0.6456913632036076 0.6381849103297998 0.6458852334776116 0.6350186302650317 0.6558313520156341 0.6661858788025383 0.6962405752303215 0.7402209540538996 0.7525533719235501 0.7407645226256029 0.7611358373620322 0.7731782941975459 0.770908920629772 0.8037694362499727 0.8184146952580686 0.8315632517018188 0.8340296301428244 0.8433239115545359 0.8707331362606979 0.8689824475937725 0.8475178333915988 0.8564988068021817 0.895631648128185 0.8702064294836227 0.8787859130227659 0.8673319424056252 0.8779383807537877 0.8906739859285858 0.8606149547295363 0.8721661971950189 0.8910442072671076 0.8623290365625819 0.8429511437252609 0.8439771964665558 0.8636614393047972 0.8690554438570222 0.8919644196542177 0.8845321288450206 0.8820099057053054 0.9040806446177518 0.9126109041251617 0.9451762783117085
0.6093294193369494 0.6359491279189075 0.6715230819349641 0.6482669155266703 0.6396414558472817 0.660451615508494 0.6798196871168776 0.7102622988772365 0.7136908161073517 0.7403093022627355 0.7376831559220787 0.7725218500658385 0.7699235464675561 0.7964953965161304 0.8167708879935822 0.8123269006345493 0.7955958633740982 0.82092947409855 0.8536810893374189 0.8486217058445665 0.827941150425091 0.8627543430662242 0.8807454075351178 0.8626375151281008 0.871229831713869 0.8602845068970405 0.8197360328845227 0.8639442206302006 0.8860923238514278 0.8668957979766697 0.8862341819112011 0.8597572444594518 0.8708190301333355 0.8100388893294617 0.7973349791026482 0.8318526139188526 0.8380343777929038 0.8477525898619696 0.8694827321912499 0.874305861801637 0.8807729620175707 0.9204458685821088 1.0
0.6294906939866419 0.6208862391770954 0.6624723378394641 0.6538110838488834 0.6707890761007186 0.6772940659886085 0.6670281634858191 0.6863880217730187 0.7094491698655895 0.7297837510861909 0.736561410042797 0.732802816947534 0.7685608950743646 0.8123911892186342 0.7923515989897627 0.8020623649190375 0.809322888391873 0.8139085852954016 0.8116345832562748 0.8498952009901923 0.8404135001562376 0.8254869505010004 0.8474687844163521 0.8580067679633279 0.8505825034505502 0.8496009597610836 0.8301519738159384 0.8605618960502405 0.8450073140172182 0.8522207869648195 0.8358516924460369 0.8476805534689063 0.8491041605328574 0.8170283367988518 0.7919722931741969 0.8260109385968605 0.8359580435711294 0.8356478256412224 0.8735134337837168 0.8891715094624526 0.8715529011654336 0.9048620035273802 0.9484943593274938
0.6181634371355983 0.6343322886557394 0.6505438642194538 0.6340869778442055 0.6495038303285547 0.673425614291647 0.6850036983960861 0.6715049674695933 0.6764296469765861 0.7237444056039845 0.7011051822194322 0.7456233972768326 0.7796119594810252 0.8031354850731237 0.8149312872987224 0.7840294636683842 0.7753914966086658 0.766825004543428 0.8016015736779002 0.8271877021739035 0.8315085396175073 0.8069834655312642 0.7949664656249208 0.7884484665315747 0.8143188397329006 0.816218625901164 0.8315167419570698 0.8262580525873253 0.8490308937645261 0.8246429450658742 0.8412469699422039 0.8115774251158503 0.8245615868600438 0.7957842101548609 0.7857696689567504 0.7927399182933129 0.8146752582428539 0.8520129660147402 0.8368535545403359 0.8703903032188818 0.8835233443187686 0.9201283909084285 0.9191543147928044
0.5754054332876825 0.6213687673685342 0.6458388498094031 0.6491906146155719 0.6448137624650384 0.6624949234395022 0.6568467513472099 0.6770343999903037 0.6651716150616576 0.7025046411237877 0.7207684515226394 0.7371108812733292 0.7420179862302969 0.7722841295862116 0.7670907908508159 0.7546345392408619 0.7707845680365782 0.753442268314568 0.7955479259211228 0.8091266143815932 0.810970945874984 0.775866749793028 0.7961595114809145 0.7714574854702413 0.8024324919781033 0.8019999108951184 0.8276534821145808 0.8341437168494609 0.8240485757510083 0.8245601310475995 0.8238253037109882 0.8163253867413525 0.8105015797611305 0.8161188822354231 0.8094888032657036 0.7996123135229164 0.8466842429523284 0.8553104282772427 0.8641778371662987 0.8606044641562864 0.9123816894028288 0.9083232290213551 0.9476038505041438
0.5776664880168423 0.6041239292489325 0.6183414171555542 0.6178165099396951 0.613166160207192 0.6220731041168592 0.6146853103871027 0.6173646523965701 0.6438648426988975 0.701631969167587 0.7126319407161658 0.7023135421097384 0.7159929558679492 0.742244383057416 0.7422325906574554 0.7423747409991864 0.7208941173270424 0.754503070634932 0.7879776964644014 0.7803661444325581 0.7613138214194495 0.7757990012947006 0.770190045336799 0.7976074808903131 0.7934943469618371 0.8000306805589817 0.8215217079825026 0.783841754908317 0.7643509786406327 0.7568722978088595 0.7726482914915167 0.7944946324479099 0.7765965456265056 0.8031327491594618 0.8158536871870897 0.8211742095894347 0.8332869412680756 0.8336834133754767 0.8465059604979743 0.8646963735472193 0.9148045829082777 0.9148695013330901 0.9469582566389351
0.5698992656322527 0.5811062240093897 0.5873803235410899 0.582280286739499 0.6019609742209711 0.5948060495749038 0.588111906679317 0.617603713153409 0.6277370216564745 0.6679467731617631 0.6506204518136729 0.6771986017036894 0.7162151308774685 0.7423587345059577 0.7325749183002409 0.740523842244185 0.7297486911703435 0.7740714904736242 0.7637812622755041 0.7651615733403396 0.7548575383993904 0.7858882021830994 0.78497957658556 0.8023057928339796 0.799531749967055 0.7801478969982479 0.783581305726394 0.7629536823051896 0.7462563983028204 0.7548598771675011 0.7829423741810366 0.8077367344117996 0.7898235890347121 0.7938227322434122 0.7942739150825904 0.8376269382952553 0.826299751245734 0.849438877230836 0.8743799368971915 0.8756139892741192 0.876606267387996 0.9054658609968319 0.9251312662727098
0.6159190973885488 0.6012005471362988 0.5910638887190584 0.5702497012028532 0.5860799652220381 0.5774456313235418 0.5982677190213482 0.6029814394229288 0.6116239275775497 0.6030338182601614 0.6237750887009358 0.6720808593373465 0.6765278241742515 0.7267455862178809 0.7463070886216725 0.7334006587343828 0.7293601288642795 0.7790654742482706 0.7879478087205596 0.7663363582465875 0.7740819104251262 0.787377307460235 0.803853575253381 0.7761552396497727 0.7698706072671775 0.7845249555765726 0.7663880282558805 0.767873342110485 0.75194558087107 0.7438430769487245 0.7831140367478127 0.793696082937718 0.8137983769738798 0.8208922606298548 0.8112075623657418 0.8585990980414916 0.8463001706494414 0.8372836500488373 0.8579039537673985 0.858674075695227 0.8441755366923344 0.8644545174755797 0.8979677086921605
0.5968364679841179 0.5651816801110922 0.5902404244063504 0.5988618270554941 0.6127320677562398 0.6126906243141459 0.6382153021183092 0.6239115291698799 0.6200214814840921 0.5910211424384846 0.6152787492933088 0.6291756951018223 0.6805867839777626 0.7025989300654111 0.7144280857573103 0.7323958341726198 0.7289299128631265 0.7537064205377499 0.7646531721479248 0.7626416221153196 0.770659268063923 0.750506175949809 0.7708782700970224 0.7708546484271653 0.7705445950220069 0.7625700128873496 0.7298542592801137 0.7398877526595775 0.7641959865335887 0.757548643886325 0.777935626786111 0.7820319004110813 0.830442174324372 0.8189255798428626 0.8347239972957969 0.8617072652018775 0.8568800470136674 0.8691646382678123 0.8538776419827087 0.8405306386357849 0.8802064962425882 0.8662325316278849 0.849796048268162
0.5548923052064995 0.5423589423778018 0.5730868085853948 0.576546387335306 0.6207505956805678 0.6156160303616678 0.6463713402070974 0.6174666380479441 0.6205495834795096 0.5838536613726372 0.5973847871001531 0.6501376402557579 0.6532626759818314 0.689137859253486 0.6896180181138797 0.7246966478282758 0.7082038250367422 0.7382691574107547 0.7636019362070714 0.7274226296753771 0.7276498450206941 0.7360789798110997 0.7870202848423338 0.7346050687093051 0.7214258308128276 0.748899602305059 0.7402565301837755 0.7593827540419067 0.7600469267457518 0.7934636962045051 0.7918952866003227 0.8009472351498584 0.8177700085534804 0.8146062746051556 0.8787830931767552 0.8568273746241503 0.8753285886532259 0.8723038334970128 0.864227843571493 0.8569424553993793 0.8791143184522409 0.8673590265401604 0.8334301847760115
0.5460343735223347 0.5295361122566383 0.5784595111693582 0.5913548804596332 0.6070040467807947 0.584888108509061 0.5851600687188243 0.6092308694055933 0.6034866421824772 0.5905153834227579 0.598302454284752 0.6387535517773026 0.6489300172266146 0.6447166287926319 0.6620179584855186 0.6989987518940954 0.7230630966971039 0.734101278588966 0.724961837274441 0.726382371395348 0.7480989170494797 0.7491944698381107 0.7390169746115091 0.7201953940727324 0.709613227147629 0.7350239734617648 0.7314124925424796 0.7265518356562612 0.7570158782422671 0.7852240538721492 0.764336401795362 0.799507881678397 0.8092892131008174 0.8324727684238665 0.8475119152928755 0.8156426298175025 0.8299965603181836 0.8473387226646426 0.8634738747814639 0.8481658699436397 0.8623423436655536 0.8371302223120697 0.8357035212471761
0.48492709248345284 0.5234215798613191 0.5320442558560917 0.5551029932479598 0.54874291334329 0.5785155610155226 0.575542792856905 0.5762387080063995 0.5936517078308923 0.6031238240661553 0.6192762761870818 0.6174945819324985 0.6204665510624454 0.6107392276516839 0.6644267947986097 0.687970139553414 0.7076286327094998 0.7027016935920763 0.7259388890655761 0.7331107437435742 0.7348532560928819 0.7090523379847814 0.7350253314919952 0.7131449919551568 0.7048892895188966 0.7225426587096007 0.7081846907007061 0.711611644601981 0.7606492666528223 0.7530201526382259 0.7467505538983951 0.7670750709969107 0.7596510273837106 0.7676886131842848 0.7950012461838684 0.7782986057414996 0.7911364442192585 0.8166289703756284 0.835096646134792 0.8676473741598802 0.8797074231155836 0.8723076889093626 0.8237886923777596
