Raster_benchmarking/Raster/continuous/raster-442.asc
NCOLS 100
NROWS 100
XLLCORNER 1743164.9496372736
YLLCORNER 5469294.408153704
CELLSIZE 10
NODATA_VALUE -9999
[rows 38 to 56 of 100, columns 43 to 85 of 100]
0.5978864597349549 0.5941925943563225 0.5759725044094374 0.5533385426722992 0.5072446689229801 0.4903592925543122 0.4891919792175567 0.48826330475107765 0.48229420059519573 0.49519808665012705 0.4724625967123114 0.4936435130747664 0.4462172108562676 0.4211403655681758 0.39893789903507043 0.3862657494611509 0.36052528263153416 0.3728510508573936 0.37323873084616027 0.38328091489965666 0.39070134720333016 0.3621917796656321 0.3765444875917111 0.32962912699833535 0.3002031040979221 0.2596325320746862 0.25845331552505973 0.2583402713793074 0.2491317216303843 0.2122389644136571 0.1919706069001724 0.2000132557070983 0.2061787705564406 0.21196416727479447 0.2055139042143768 0.20139755801610043 0.21189305235452824 0.21457758013217051 0.1964112415017839 0.17591460351099647 0.15611694083155386 0.1827054862630031 0.14864502190408702
0.6470368117704888 0.590195920813429 0.5532310466073765 0.517443046234995 0.48855691122494826 0.4760293179485296 0.4875941382335673 0.47728157591128106 0.5062560377946539 0.512772899025051 0.5055490932129243 0.5069013274344751 0.4685279391837718 0.42356790045480014 0.3875032684824303 0.3921636794211995 0.35366558549064103 0.3570799562798975 0.35986125701642974 0.35820810716540635 0.4040925360518677 0.36107831191097556 0.3950905212869277 0.32937316119519916 0.30313127463215833 0.2903218464026478 0.23869319778332462 0.23530825651248266 0.22463283129738115 0.19534404894204763 0.20260989636412124 0.22767736705905767 0.23070220463895802 0.21374816822742793 0.23266202534648162 0.22423338043418584 0.1849901080595254 0.18466245242514218 0.18112886191115785 0.16793595564711136 0.15355981119713133 0.15722765623326337 0.11859142386651315
0.6379227087003254 0.5981334634022468 0.5547653334710767 0.501900165170041 0.5059986607676934 0.49325107003698565 0.5028255414056456 0.5023117004724773 0.5009788027130563 0.4719650210919949 0.47674328651941567 0.48582943486987484 0.46873667226310545 0.438533107416416 0.410623133521455 0.3800550057580174 0.3612761022228463 0.38464808935501166 0.381694237728293 0.36363498549139284 0.36325368199785407 0.36517370046419034 0.3689425887383456 0.31930994067958507 0.2871278059552061 0.28673532539400204 0.273123899361063 0.23588573472384916 0.23254356018027583 0.21222814275181942 0.21227283310428957 0.20127143788138513 0.23400211986817598 0.23791602619849508 0.22584726337578515 0.22760641806599732 0.222590848751621 0.18590297543575454 0.1826911612859691 0.15579149237041096 0.16233143109807477 0.14486279564663024 0.1409974487439395
0.6098661633161347 0.5729447621983339 0.5188592238616004 0.5083401015243717 0.49638788015143775 0.5133198220844863 0.4883335371470961 0.4942666119314587 0.4861089579286476 0.4936909682291501 0.46790839945201657 0.4605588574464111 0.47518465913585567 0.45264226491404347 0.45003480062841045 0.3994150626528616 0.41022839480190204 0.3960879110484192 0.34855932152521835 0.3648380552327093 0.37307541235449676 0.3711566358561242 0.3413816732420732 0.3252851740512784 0.28946304750945845 0.2821286608753737 0.2509931342666218 0.24275884913644682 0.2329527964277322 0.2326915923068139 0.2463114649038244 0.21935958544548068 0.20317998649985874 0.21187747103361862 0.22282996665916632 0.2431061327558709 0.22727490200630598 0.20659980479832485 0.210969545533333 0.15848450228761918 0.1535004081989699 0.15841957557597475 0.14498714058761564
0.5596636662575587 0.5376752676183008 0.5138084790700482 0.529629141559762 0.509269462497896 0.5128107090068599 0.48045469032875265 0.49142020650030444 0.49940114687709447 0.48740182785049824 0.4775520428545222 0.4662029106980271 0.4663862189020184 0.4779878600044038 0.43604097006403775 0.42206509688963734 0.3935442620755735 0.39680490140631736 0.36009380103535116 0.3413714436876666 0.3714831637322581 0.3685031971090895 0.3561494613908419 0.3160678122979861 0.3109589013507891 0.2649475377789829 0.2692258477442259 0.2598454345251733 0.2598994847742487 0.27242415661189545 0.25439410047934935 0.23658818762236422 0.24863807480628936 0.2313706937501647 0.23705101313028465 0.21134720100719764 0.24334720249442818 0.23227979958246325 0.22949980668954206 0.18787856088100305 0.1839214244082597 0.18680534047446412 0.18730597528338633
0.5645164619156454 0.5601365628918221 0.5355110099052318 0.5155484812024368 0.5150743062747117 0.5327035895392384 0.5084289869554995 0.509578182720562 0.5059950535264721 0.4654894419713356 0.4422234339764808 0.4395894871836333 0.47117710901633275 0.4690770419678775 0.44747708970772165 0.3934448549918558 0.3843918148396515 0.39550908629672005 0.36523067079991434 0.35689673216289775 0.34812956861791694 0.33442581589537523 0.3503578240509456 0.34340951143618764 0.313142506948669 0.305161574341254 0.2699538367066152 0.27094998569573997 0.25344842329700046 0.2752233454201522 0.2867951865916941 0.28455785056979743 0.26870499342492105 0.22766243218592566 0.19861200212142444 0.24376726431383233 0.25462452849318423 0.21859528573978937 0.24354110387291053 0.2089178364033804 0.1837251450864524 0.21000844897125023 0.2036483560910545
0.5768274157624312 0.5614822160756673 0.5772807787665502 0.5656159984608767 0.5400916501206858 0.5535512307298704 0.5159736178510542 0.5168964966352095 0.5066783498493868 0.46126539210056416 0.47494346284286465 0.4599854171013265 0.44857321765855324 0.4238460899547871 0.43205082430203234 0.3933418057119121 0.37386997073512124 0.374866062435648 0.34017460544580347 0.35871333040279124 0.36642889515331106 0.34898540153773744 0.33988173654729176 0.3329563679025616 0.2996518326601042 0.293798180039118 0.2645153284736772 0.27479075957061455 0.2720149786479618 0.26827339664786726 0.27140603301540783 0.2765946734877353 0.24131129896403872 0.2220378219480699 0.2336224478189267 0.23329638520264295 0.2389153367782646 0.22504916671768602 0.21702668435319722 0.22083676574180738 0.21720103738578986 0.18897438284616686 0.18516588387916239
0.624596037919099 0.5972861527439297 0.5773490247861058 0.5569536437624438 0.5693616049199917 0.58142320647395 0.542279097342296 0.5236499167030475 0.489132908712787 0.47500278054119943 0.4608001486527818 0.42244887550398647 0.4109070054984931 0.43158458480549644 0.4330106540189926 0.3899336300352336 0.3662912272345971 0.38141435860878636 0.3452042023830247 0.3389961072862075 0.36473729400236904 0.3530919148773314 0.36073411480059836 0.3206470831218227 0.3125455034865191 0.3045207993129395 0.2861357220647323 0.2731637103152799 0.29406559568948576 0.2647621713130454 0.2531312388129647 0.2569188865899951 0.24789198917675892 0.23553231252097384 0.2294121260441444 0.25492325231005614 0.2409973934274153 0.2466237856564499 0.23959366978067814 0.2338119857062818 0.20464513214729596 0.19507411321837173 0.19540400249599776
0.6324082921823176 0.6023694016608433 0.5719305343993512 0.5694691706336709 0.5848455672963168 0.5802255815871036 0.5651200111966542 0.5180406855713973 0.4881899620770135 0.4388244100541072 0.45519970411518546 0.4301650224154638 0.4242964292965179 0.40955192965341286 0.42250556700419706 0.40091089081171194 0.3749539881219691 0.3676696177794923 0.3831154854505227 0.3605490413579753 0.3706683201762555 0.37208642253784646 0.35487313788182184 0.3275895402114705 0.30196156233455124 0.3160781537600506 0.28905487866527163 0.28620477218215723 0.3043914461677239 0.28036670690398074 0.2838763570869744 0.27112692641036656 0.25495991722255995 0.2498229341963287 0.26991764201265495 0.24455323718735295 0.23684823784015413 0.2287162758981081 0.22697259290471952 0.19188412531153007 0.2109102527563499 0.19856985753761716 0.19458651355710285
0.6383361190908496 0.5996563302076601 0.5926797621187948 0.5638648567658711 0.5966616964097606 0.5709491210591638 0.560231538864216 0.5112741411336883 0.46377496035337434 0.4321809588215968 0.41639671539093454 0.4300301282872587 0.4302546491000621 0.4191443403266245 0.37746442198077956 0.37987109886742804 0.36819109937690087 0.36316160727634955 0.4068890241128713 0.3756631503087674 0.3766940438374147 0.34896145041362114 0.3436417630696839 0.31953946585820076 0.31686352635857057 0.31170480947064616 0.30325933951602524 0.2696473187915659 0.28315159451950994 0.29150946887580087 0.3242368520060964 0.30033413012362115 0.2966000610479109 0.27683727603995534 0.29353005060176823 0.26705485108660376 0.24231423908638622 0.19789412663614325 0.18521307811634533 0.2154568513619341 0.22221739001165494 0.21906540237211164 0.1999306258251148
0.644485505213615 0.6405391639819205 0.6090770269260033 0.5720324693143796 0.5501198075895983 0.5436850732854335 0.5342366111645285 0.49236406798371884 0.48270683120255053 0.45639023155182756 0.43881551429576343 0.446229037292815 0.4096938571462649 0.39631855980657527 0.34773087439188877 0.3452058326523232 0.37752376751571 0.39233935392368885 0.39228902465300214 0.3841990773018933 0.393515612819908 0.3748490569878499 0.3368761262229191 0.3194797240352319 0.34159900420175177 0.32886286750527455 0.31702767877258187 0.28234603213911424 0.3088149610510174 0.31461464321606336 0.32089146403364055 0.30879260910733347 0.3089902002757599 0.31597998073096706 0.3089549857011182 0.2882729175298228 0.25538050209199675 0.2117637231775145 0.19846959986259496 0.22054803080705684 0.1962763114907313 0.1987193393787725 0.18719147380870718
0.6565083788406015 0.6372368467252743 0.6120931869454425 0.591877170473076 0.5592934488572502 0.5387126936613015 0.5277956610981338 0.4845531522022169 0.47295944008409335 0.4615712745128336 0.4606801419017357 0.44968019150220984 0.40631269657082897 0.3810899356503526 0.34641522779698963 0.3717673604173208 0.3520351832325671 0.38711697625020847 0.3831442246123137 0.3785955613862718 0.4040494084740613 0.38819502193552546 0.3439857775971068 0.34141896845878433 0.33915251038224603 0.312613744758715 0.31571087779997614 0.31534303532183183 0.3051572087803136 0.32689871349300387 0.31062632157367626 0.3139245778585836 0.29014639786937907 0.31528564456063607 0.30847781258648266 0.2788866440002718 0.25150034059787313 0.25653689110806654 0.24696458355770803 0.21574365999773412 0.18999268425244556 0.18350530835072054 0.18489221358200192
0.6647873156846941 0.6495443465036659 0.5931804893152923 0.5809981171821088 0.5533831588563268 0.5554139452305301 0.5323785832940472 0.5149779100686904 0.4825734386476156 0.46412142407332746 0.433786885488041 0.42071019860186754 0.3761750304589756 0.36567430855404176 0.35014335325473545 0.372079071067717 0.3746471754619093 0.3934273137997353 0.38264521109015476 0.40423599933220133 0.37982930069222354 0.3572729423827844 0.35850317317592933 0.33248176814466973 0.3370846806345573 0.3290683428793141 0.3352867307448976 0.3397017331523448 0.34132265908311016 0.31145588542080316 0.3129773407015384 0.27782538254862726 0.29664448678601113 0.2862576857218567 0.30735852501790467 0.2848314505771542 0.24839529455601034 0.24356188261239886 0.2430250256431486 0.2302209518019885 0.1883041721065662 0.19024891373813813 0.16049814346064162
0.6417919369034079 0.6374957054840406 0.6060841942089371 0.5757476555763693 0.5679189078615615 0.5504705805118656 0.569378069596129 0.5278685806343802 0.45942055225287576 0.46566952724492283 0.42396011951975154 0.4057351500864075 0.3694815403503099 0.3722073378514004 0.353178003239849 0.37698508261567737 0.37381917583045765 0.406345212732245 0.39141027438857096 0.3869655451074044 0.3864650441546037 0.3745363632075048 0.35356722838139715 0.3332224441027581 0.3278141911479998 0.311436693970102 0.33009388058938166 0.3374482464775153 0.3613173384221382 0.3275978312525724 0.2855178580130364 0.29904055379545574 0.2718635793156468 0.2720398020525058 0.266748362883067 0.2807879993057172 0.26638978229363436 0.23236851920148052 0.25632637243059 0.23875024262870637 0.2002301455212771 0.19601451513682908 0.1335130901938631
0.6503162531070117 0.6293270751440219 0.6114145765590909 0.5819789415906347 0.5601159253980192 0.5344724455708122 0.5075246141390731 0.49960660233503945 0.47779113303551995 0.4523628815853262 0.41434591852660446 0.39689755419467615 0.40997350138831107 0.4041953025958094 0.41154363275596445 0.40386231590636934 0.3734113024905892 0.3853264234548317 0.3822091899150118 0.37629864776015703 0.379358571480689 0.38067927338643504 0.35200066036723826 0.3587648783977139 0.33369079696189285 0.33051425744244833 0.35292364356994166 0.3565893473743303 0.3452358730850178 0.3615942309957901 0.3258449135972845 0.3283208379124549 0.30967364795546926 0.28387559756643094 0.2505299837693716 0.25528130849699443 0.2639777479214848 0.24714743217797988 0.2571237841335557 0.23183845845487186 0.1998258804403448 0.18136566217337385 0.1532668836996738
0.6377317365255659 0.6216200526507161 0.5620446011269289 0.5842707290243982 0.5840772740788253 0.5446073407271488 0.4930999525817899 0.48731532798652016 0.45714812305583846 0.4590716374604035 0.41679208747011887 0.42848502236744757 0.4240104364402174 0.4223874596286667 0.42377564574719206 0.4138067605195252 0.39345545809637283 0.4160259408931932 0.41104115912279193 0.3552559146974076 0.34318998193816125 0.3559889279040344 0.3712696336143266 0.35338424955326747 0.34077068470806304 0.348554989159652 0.3975393106504846 0.3816908010961501 0.38467403799953753 0.37196939742428625 0.3557311073728343 0.3288096563764987 0.3360138645293411 0.2884372712985622 0.2533862589129708 0.2769268643888415 0.26183220488101044 0.23570781271767527 0.23810773409161065 0.24615661718767057 0.22643398562366188 0.20292276013608765 0.14113272317897518
0.6170605199437754 0.5751100475414361 0.559784927804535 0.5703691709258127 0.5794814664132384 0.5353640812196386 0.4916623832956496 0.4746619486218884 0.4662061736873111 0.4313383847684655 0.4371314989791897 0.43155000247267616 0.4374142738118427 0.4367570437072068 0.41164253968034836 0.39950769610441 0.41791308891724355 0.39476233376214814 0.37799337352953594 0.36502745318963165 0.3759827703707115 0.3814046852672149 0.38838039180575895 0.37858587162449936 0.3815650652792308 0.4079465991522589 0.39546885481018484 0.3887235297735778 0.37901414527299626 0.36473306922468945 0.3448899810288154 0.35026265387014344 0.31216762043085855 0.28579966664505535 0.2933128418759048 0.2764389706067116 0.23416526347347347 0.23118458341123976 0.22718365644727678 0.2415521709188104 0.22353486489903635 0.17817255405532864 0.15349697266517295
0.6190418126669872 0.5847332592417054 0.5575915842121775 0.5810279984480324 0.5625155744200557 0.5210500307355295 0.48381492224678363 0.49428260818934916 0.4722025590839897 0.45065384522219853 0.4420407191012789 0.4346077116617759 0.42289303620093865 0.4117460897114881 0.40157487110967527 0.3920179431595091 0.40561577230390505 0.3856619825837995 0.38335731265104583 0.3661410513180247 0.39270130000582687 0.36396776963447375 0.3805822397714195 0.3900859004703545 0.3843162817606675 0.4154938460003739 0.43168621338664676 0.39599099520498693 0.4075361020425232 0.3952190233453831 0.36100854141871735 0.3276145895890855 0.333960465864337 0.32280889542973773 0.288433485750098 0.2871751434674732 0.2331059984613705 0.23641989409688918 0.21014371005918608 0.23365612780932915 0.21653970160747446 0.18243092308190914 0.16887739658610024
0.6555631223913316 0.5977281938694893 0.5859741386571623 0.5895937254873672 0.5405128564366887 0.5273346712097596 0.5099646796370269 0.49816378833981545 0.5042453808390471 0.4759106055202253 0.4697532496398207 0.46885106300552526 0.45426880043299467 0.45394933838024526 0.42237553041388715 0.4236852534004692 0.42707602741459105 0.3991212136671882 0.394768216437233 0.4039088972270299 0.3761302090768248 0.38023902684866484 0.3782157922891284 0.38720252772453345 0.38279249875205995 0.39712182216638453 0.4232865205813436 0.40181833778299536 0.4084525783207016 0.3934394327677707 0.33718855453336627 0.32568904135985144 0.3121924833524724 0.32262948456106777 0.31694470885123494 0.27778513194987325 0.2633405085842887 0.23899594043427197 0.2079510064998419 0.2293840932330034 0.20364212908571874 0.1800161882054355 0.1615940157710074
