Raster_benchmarking/Raster/continuous/raster-246.asc
NCOLS 100
NROWS 100
XLLCORNER 1743157.1738530567
YLLCORNER 5469287.465060564
CELLSIZE 10
NODATA_VALUE -9999
[rows 38 to 56 of 100, columns 43 to 85 of 100]
0.46082243953311525 0.4633571487780004 0.4432400408192248 0.42624701851405755 0.42330570176264 0.44045551997061716 0.41379621656905524 0.4010413988426235 0.38076779940676947 0.3448600978727332 0.3382651759592454 0.35473403237033063 0.3355131362255921 0.31965360376455854 0.3255136023205907 0.35858360914023474 0.3783410128062785 0.3598056848100178 0.35213813578907044 0.36730704524596336 0.34987221086817377 0.29867726365583086 0.2706655471248947 0.2568597874085673 0.2553263067263748 0.2712180239612849 0.2494349769040353 0.24928946012465678 0.2306585914385466 0.24843950465089848 0.28623843181717057 0.27923116871087134 0.25451765690193495 0.24902449325901335 0.2223834490531327 0.20960022038948295 0.24449102260190436 0.24138689722698572 0.2404439481366324 0.22999624837330726 0.2341831565649125 0.2603462906686582 0.31040649190296804
0.43056193695911604 0.4683071507699397 0.45100786266993986 0.43365218932335187 0.42153838063290466 0.44761206561304034 0.42052404655040954 0.4110230511180359 0.3735654237139143 0.3798706233887819 0.3507976894513795 0.36597762700945297 0.3540861427475335 0.3530193960940351 0.36453509945890356 0.33578677333108786 0.35884750411190797 0.3381996150123061 0.3657990872558334 0.33881251981778265 0.3194078668112408 0.3023261999061858 0.28098779056343565 0.24619100130098914 0.25381930611543974 0.2573578042989289 0.2601279183343624 0.23716059780130122 0.24795133223379362 0.27001684723299985 0.2820939300537729 0.2690717898547961 0.2535121530731232 0.23440355654944592 0.25087816119458656 0.2452684225238738 0.2516647896221425 0.21187648626818717 0.24223418541070596 0.234656267584002 0.2672839513427863 0.24727904690200833 0.2554671770437754
0.4454436210029599 0.4517054751923507 0.48777740765936034 0.4466396306792135 0.4695198443161485 0.45728523060298826 0.4889295472597591 0.4499193131090982 0.3933852207690706 0.3977952640563659 0.4079350974111731 0.4040588169383417 0.4093053627761128 0.38372985935212905 0.36300137433741975 0.3395163900793674 0.3263894108080281 0.3589711147166749 0.35953244381952776 0.3494034114685075 0.3052194651662715 0.32620890922501294 0.31199598556797525 0.26950462965110134 0.2398653721814496 0.22237406185110997 0.21167201934571014 0.2685458912722102 0.2588798093663122 0.29343616365565445 0.2726684645590823 0.2803590425064891 0.22698406241427216 0.23307497640191469 0.27688563763326823 0.25045030136324037 0.24204568521814493 0.20746987742802658 0.2124946218306428 0.24819268137136136 0.2644754248272365 0.25913057075439144 0.2443570207159766
0.41334376415995844 0.4574501989377962 0.4519584481919294 0.46042969213742174 0.47424777798466133 0.45757354173596404 0.48794382522409635 0.46681541256323916 0.4375271666610312 0.4078263195728319 0.3982279763306092 0.40272170263444046 0.4036995263561813 0.37881382406415287 0.3376444637743482 0.337856097266283 0.34777309813139645 0.3742306558362528 0.39045560182185907 0.3693722922120262 0.3120810107591643 0.307932229708457 0.286650068960229 0.2929010189834608 0.29136682950795545 0.2613437644521435 0.2498037102722686 0.2793364847769298 0.2965380537713117 0.29717018743063117 0.300413382121686 0.26280709777142114 0.23718534448203132 0.27394735866933634 0.2865415653011583 0.27240471551331563 0.24835346735968453 0.24626554739365905 0.24263735847413323 0.27154790817267904 0.25103830930004295 0.2524500847795454 0.2420176078799057
0.4026828766704094 0.44993604616861665 0.4502387176259796 0.44943559466851696 0.4626672713294655 0.4838597460329265 0.4582340340731872 0.45374859689588815 0.4360484665157946 0.41027694090511607 0.388582547085812 0.3690099667048699 0.39255655010162216 0.3694163728749566 0.3594598463061258 0.35859508714797106 0.3503009301941538 0.3388358811579837 0.36980574143260236 0.3523452626451696 0.3538857024447889 0.30655353750926034 0.3055548439620069 0.29492964630159335 0.325780512633961 0.30425915969355494 0.2625567841696624 0.2841700743793243 0.30504605329155976 0.2830852173649249 0.30680435290445873 0.2583886121809962 0.2570379199090558 0.2832459069404459 0.2671980664194318 0.2770172095669711 0.2809460248109776 0.30839885903836634 0.3008680644065201 0.26460176600244156 0.25827251214709224 0.2814433760912402 0.2671054167165126
0.394825855539968 0.3991119850097738 0.45067627977381364 0.44685191477814684 0.45570778551244173 0.47835567895462183 0.4477592244759873 0.4253532819739888 0.4194945482463858 0.3870996509687059 0.3643089890290863 0.34605143416887496 0.37320140253302997 0.33486181735410603 0.3547610800268321 0.3547472136116866 0.36635685304554155 0.345325641413075 0.35249689891747293 0.3392567561102124 0.3386798864724469 0.3284059196123748 0.32229424090058595 0.3120610151086844 0.3125584751948783 0.27866478244009224 0.2778734301273094 0.28478822915013435 0.2762765945130381 0.2732924678243181 0.30223931225862 0.2874240572688642 0.27473744925083554 0.2508258949020141 0.2883782141995643 0.29117383424641413 0.2932745915388084 0.31428932730387615 0.31580468546468954 0.2983165932028055 0.2671293625401013 0.27752358421850415 0.3264366725164589
0.41031652785881734 0.4010151482860624 0.4162997059562681 0.44745769809972574 0.4786724617272419 0.4990342553065098 0.47320691072068133 0.42465829520696574 0.4094310778252921 0.4063015179892628 0.36216677081663906 0.3483320499416064 0.33145856513663596 0.3236683646025172 0.338330299045158 0.35455101368760306 0.3740442866536083 0.3382387977780094 0.295714622321406 0.35310972959512477 0.351123811943655 0.3437367635400125 0.32017319749213546 0.30706664695147545 0.2907987594032363 0.27122182239992815 0.31073452792869244 0.2976520420518243 0.2591539927789382 0.2633354053467265 0.30598682075773254 0.27132460430983624 0.2626074149264592 0.3054558183005123 0.3069891933865376 0.29561577447636456 0.32975321550640235 0.31054452856257286 0.3474640223814688 0.3269603040098883 0.2889691746300053 0.29412110976677275 0.3479275877811084
0.42536036908759917 0.409260983234209 0.4166197710302682 0.4205321573553094 0.45026385071636404 0.49544236251437307 0.4714922174565852 0.45958439032208875 0.4280505991779221 0.3821741271172792 0.3513000357142726 0.3663994043768497 0.3552387938725825 0.3276475663686289 0.33627704856589774 0.37944170377387487 0.38684315218840964 0.3555862875207254 0.3206889378953171 0.3443818789882728 0.3382347596279688 0.34559013134358035 0.3246756204804232 0.33445990820767485 0.30305995744729064 0.2916287597240912 0.2978747785940968 0.2690470493729273 0.2627154345508993 0.2901510928684497 0.27890024714391654 0.3061624132720389 0.3047954249491159 0.31434050174772993 0.30735790849697764 0.31033347347222984 0.3398817356703675 0.34119047770477773 0.3276410923570889 0.3258443812467924 0.34497115497156344 0.3413379893619316 0.3436543104935325
0.4073220548726865 0.4376233409365732 0.4248474590188258 0.4256383639498964 0.4407591071331561 0.4852199755173595 0.5070522647641836 0.460265853691228 0.4689959793634166 0.43098026369386916 0.3682072466601437 0.37709739459035 0.34100441773341755 0.33866700681677514 0.3630513603549315 0.3819314165607812 0.37381997823575813 0.35427522887185253 0.33857847326288826 0.347167145511904 0.37469003181643684 0.3759284612736436 0.3791529782121517 0.35529578684155266 0.306379907098384 0.27626783715689285 0.2942600519214404 0.258833783290777 0.2481711904954863 0.267934923716226 0.30160084195392395 0.32396768996834074 0.30127311753562175 0.29811605027550214 0.32456310276266803 0.33447498043970025 0.36890649252976815 0.349265093438104 0.35438641033953133 0.33864673166186643 0.34690801887265443 0.3188091591456666 0.3195148366805877
0.4616975954471327 0.4743545635493807 0.44780888781379147 0.4540648697859053 0.47256019137203337 0.47852440039408733 0.4987587593537306 0.4962468368422253 0.4974689769146292 0.44631999050208065 0.4340715954134367 0.3783937213191512 0.3741577563733339 0.3701062558238266 0.37163887438886545 0.36434919582255854 0.37835071548674143 0.3632039827880047 0.3685396096267692 0.3611982763232702 0.3588680885489631 0.3526150111917364 0.3534343976344004 0.35066286446226336 0.319418106157554 0.28277913062040494 0.2527563021734892 0.279815759620802 0.27940236199816115 0.2639647382308442 0.2616969408586341 0.29725152248675407 0.31879719128105505 0.31466553909712375 0.3175740641816915 0.3476645897555555 0.3447438493257738 0.36343918363981415 0.3846757711242721 0.35544683884962963 0.3624802046826669 0.3526558548869393 0.3316645203867832
0.4765424073439774 0.4705540664738421 0.5070170915207193 0.5123442707884366 0.5256801826341281 0.49426970298737133 0.49511243120952575 0.5264152320300748 0.508512331356808 0.481195449975757 0.4543711301799826 0.4146817185598876 0.4020691382574657 0.4070736970783878 0.346902172058171 0.3508573760072671 0.3787860306719712 0.35579874569793807 0.3794914874401983 0.3774700617906536 0.36559838827443336 0.38421857886115324 0.38143104760613467 0.3571465727981387 0.34370414720306575 0.28553455036465963 0.24488735028158282 0.2548567745713458 0.2879691124274299 0.2778973326771791 0.2672485572522781 0.3016910560606982 0.32882075363954094 0.33344895315447254 0.3213707181516876 0.3518677979951164 0.35568130700960143 0.38845753417293455 0.38838602944921796 0.3441681573014605 0.33952432655744114 0.36338930102753897 0.36773512075634746
0.4828859987343227 0.47249642574262696 0.5108510715553303 0.5268898849798721 0.500240314246309 0.5104527700020938 0.51774618156338 0.5170614641235617 0.48352857438958924 0.4833011226577182 0.4696910019817036 0.4091514227121611 0.4185472687504126 0.4225594405323083 0.3692177396515559 0.35930598433578015 0.38302888080811864 0.3746093779166849 0.3889102097573894 0.3777295454829021 0.4119784591593435 0.38868315133441655 0.4011776843838284 0.3816922065628575 0.34867569623873357 0.3310706095967016 0.2951242676610284 0.2783318446116629 0.2746262847099698 0.29244325601806875 0.2852766585626632 0.2704834384322162 0.28125573948039206 0.30875119796335093 0.31448582078643156 0.3050594780384991 0.3304682540172355 0.35372614979515093 0.3523690521027807 0.34834873525285975 0.34625100039066253 0.3485144831659669 0.34142915715226135
0.44512722866356136 0.488331143036247 0.5109089482786473 0.5230808476053214 0.5154545308681086 0.5103009462247048 0.5114181975602394 0.5059001521424481 0.483642459840002 0.47724446649539515 0.4450973161908511 0.44922627287666045 0.4176049461219485 0.4329021885909085 0.432702189007076 0.3917110018530765 0.36701423089997476 0.3721025596640255 0.36730643383055955 0.4172704001840991 0.43173967546707437 0.4379669747457039 0.40855469631272734 0.407343025128906 0.37297080309676317 0.3761176223644334 0.3381798755989709 0.3277679519014247 0.30971993944133347 0.3207078453382453 0.29097394722745756 0.30386575726344484 0.28465995685662404 0.30456720251157193 0.3082877949056134 0.29374535404559915 0.2959043416659801 0.3086259908167496 0.29236055446379383 0.34626582658905236 0.3723644502587032 0.3530278613641188 0.3254815623843487
0.4931204094284442 0.5041316091643626 0.4928658087928879 0.4931219561583783 0.4902192404248871 0.5156035331707871 0.48930304517995077 0.4761992001366793 0.4592214718053909 0.43803743848831334 0.4531529277224455 0.44998633010879363 0.41982691358414914 0.45456726310277246 0.4261762355851983 0.4389500074038349 0.38596987803782146 0.395114698165835 0.37591814408652474 0.3994640408163796 0.41248410098637406 0.4409944771802038 0.4075999223262152 0.3960372927542201 0.4039622257871659 0.37188095077780303 0.3431126604948907 0.3416279630103722 0.3282090163895205 0.3523396830607974 0.34177048185269066 0.3139081505223324 0.3173528244206779 0.31201251220841547 0.30337514551176653 0.3174825344058459 0.3236742818410271 0.27303385547785813 0.27811002280991454 0.28841184400562564 0.34114253929220095 0.3263295942156704 0.33176210368460307
0.4817985439401287 0.4840674194690084 0.5192028606303972 0.5209514768400506 0.506896575761026 0.49507124194107155 0.4627547249647666 0.4332386095105746 0.42818347643257876 0.41455691325190386 0.424499029606917 0.4567733831934999 0.44612425800974903 0.4563258065687737 0.45433751888167817 0.4583778136620126 0.431853004031296 0.4274255692768729 0.41764154799209446 0.42003641379166073 0.43551156792949824 0.4270597338771487 0.4215901779154358 0.4069180024935325 0.3955289629587745 0.3947560136350505 0.3575991181769747 0.33389623347707914 0.3446232054617599 0.37990501334220766 0.37622414674560034 0.32948533943470204 0.32944788169975187 0.3087765608829754 0.3275287116435622 0.32146552601290734 0.3205067474186303 0.2602247159738809 0.26598509050101243 0.292615898897128 0.30920909214909115 0.31555113673879553 0.3436693474803938
0.4602911430705683 0.4802904464663943 0.48812377581090544 0.5239881727132469 0.5125269729796438 0.4850979947548508 0.4662795844195976 0.43170820850094604 0.42497975876662586 0.38952703283001244 0.38285425315766675 0.42677663046484815 0.4134354373365229 0.43894569687155993 0.45233311624255873 0.41920293570173983 0.430638145427997 0.43624133336700033 0.4164097119700734 0.4436796721029039 0.4338045061492059 0.4389805133429622 0.437001352220186 0.413233911413856 0.4135060350060578 0.3873357016584779 0.357357870721761 0.36663440100162786 0.3701463199956349 0.3825378740861112 0.40389975799997363 0.37709054508908374 0.35782440321080317 0.32992692655160066 0.31019679800593336 0.284121763160565 0.3088410456713338 0.2714008443667709 0.27774867232719913 0.27984008398841415 0.2987089322926588 0.3368557135421785 0.34127203418148744
0.48155756904862096 0.45980314554153623 0.4871703649427367 0.47973488363180256 0.4923100248345567 0.4606535322577123 0.4771311111053955 0.43106710338250004 0.3819728369183382 0.3646809510651548 0.37621441379142245 0.4033873916020896 0.38683528480775514 0.43360212159929357 0.436389064005501 0.4071479247711477 0.4018382652550991 0.4003328894544201 0.426235229017658 0.4352381142960701 0.43101496685099955 0.4248859363855573 0.4073064017497807 0.36847951216119534 0.37009609175940494 0.3822243550353871 0.388346327755013 0.3778312290061971 0.37314523777280423 0.3858770522675594 0.4100613787046152 0.3774139931040218 0.353284123795138 0.31355671560631093 0.29546404760583656 0.2739182190642273 0.27633288023415437 0.25816219530449963 0.26152181396312163 0.27820785124462966 0.29322791304995743 0.31434915534818214 0.3504788626724319
0.4807260858249741 0.43527520676385495 0.4494870162594833 0.45514630951474727 0.4845633111042103 0.4535345257777424 0.4205810275741801 0.4075477109727064 0.39617408315350633 0.36819397241027196 0.36497653992975193 0.3738048576858284 0.4054039581957391 0.4172666894914755 0.45028372691376584 0.4170895980998548 0.3946164567357806 0.3899353491945561 0.4038552200187053 0.42038932640539406 0.38452866641365857 0.4059407579257409 0.38505321792661235 0.36097510088043294 0.39515881331608016 0.4028851210314039 0.3884304133947813 0.4031174209246792 0.37793774291879045 0.37657558837675104 0.3704319533038481 0.38619452274223487 0.32954586156918875 0.3288578010496618 0.31121035128678115 0.2715086425483896 0.26194630459399576 0.24514689884156637 0.23254371391626072 0.27172220665599794 0.3160200984726266 0.31144381045343555 0.31854135181363574
0.4261873140770064 0.4159856408347633 0.42180011899645664 0.44888981155663266 0.4585281545702093 0.43231656806238444 0.4295533394636277 0.42563188526166623 0.42000005384528905 0.35830173134323784 0.3321448891256127 0.3501819438980474 0.37440145402839986 0.4224989650083824 0.4453765982907864 0.41099982754160325 0.38610987908921035 0.4061954411826081 0.40711084979164236 0.3716201029605996 0.36197200721086364 0.3486019289927194 0.34130662301430603 0.3711865490608958 0.35906236245295503 0.4080474376629028 0.40488213589972966 0.4193802195586657 0.3670035772010748 0.38931105259932597 0.3994724388923087 0.3554010546728236 0.3426776113522138 0.33459034714212116 0.3169521430926644 0.2643720846388786 0.2454797562145555 0.24662893822606446 0.2332248108433161 0.2633514158549793 0.30223057240430307 0.3310688240998498 0.316837494715962
