Raster_benchmarking/Raster/continuous/raster-195.asc
NCOLS 100
NROWS 100
XLLCORNER 1743161.4361023498
YLLCORNER 5469284.977094476
CELLSIZE 10
NODATA_VALUE -9999
[rows 19 to 37 of 100, columns 0 to 42 of 100]
0.28612987988228983 0.3382620920927829 0.3247305560308262 0.2912317976614805 0.29699997000626427 0.289186209768539 0.3351873005219219 0.3862034366526878 0.38083726994356154 0.39139030433721433 0.34715754985989195 0.33568555735351613 0.3593974887059309 0.37999479212728904 0.3793955935824228 0.39724780173000074 0.446116536656812 0.4826008098501907 0.4345681919809524 0.43391625747440543 0.4490136021186255 0.4158877191906879 0.4539109067527513 0.4705106070985411 0.5081031909130036 0.5411756516724965 0.4969360253305631 0.48855505892444095 0.4964075534483697 0.4839046476515152 0.45433430420961773 0.4746123580081492 0.5367974645415863 0.5567611512715355 0.5295635356745138 0.5854437515267367 0.6325535187637645 0.6616442298349707 0.63807220869051 0.6391376182458807 0.647763992084262 0.6056850973487246 0.5927742997968898
0.35636878720846693 0.3560798796194536 0.33193391272553874 0.3228371327932414 0.32402692433629676 0.3038961910959875 0.3485767649048259 0.3440465330360454 0.3440301220301533 0.33683505256242696 0.3888348954939232 0.37000851678866853 0.37098878251855255 0.4026141185485443 0.42679271462153523 0.41258821271452445 0.42767034934582965 0.447471849193861 0.4669503789802931 0.4411022096229175 0.41487104300118893 0.41126259461943476 0.4638791030837458 0.5060615282706062 0.5468041802135332 0.542234915695083 0.49919050448453467 0.4726609028696343 0.44860368638686576 0.45990740129215946 0.48973296926109355 0.46599247721367754 0.5038738973279014 0.5138589935320101 0.5409403460733007 0.5587795275179325 0.5728351998332905 0.5800532760650856 0.5904661060253189 0.621882715052133 0.6089158876097005 0.6027254127736278 0.6338856543429967
0.35962595647485696 0.35948508369691595 0.39389019296964256 0.3621170954179764 0.3382345799726513 0.3579130699822357 0.36347878980628995 0.36990679372182705 0.371017962365047 0.4006501902114798 0.39616335883594095 0.39894173714096043 0.35918561708948177 0.35865065760067794 0.4105634933164746 0.4223007438149693 0.40987404662267063 0.4624354197124075 0.4649457357602217 0.44008732940650996 0.4232307124168665 0.42745480283939463 0.465468399784686 0.4916875210951967 0.532630720388582 0.5372340660617577 0.4718914219555781 0.4778219087573645 0.4350665645301116 0.442456850471787 0.4905633041629922 0.4791440653077797 0.5159706783927497 0.5236077764346997 0.5055894113314733 0.5297345350410672 0.5412448141038491 0.5674723521177115 0.5471404126671882 0.5889616644141148 0.5926328531463071 0.5978522080659571 0.6120083130413864
0.39386104798679694 0.4366405572802205 0.4120861203730791 0.42280899445809433 0.3851832746149373 0.3635975757521478 0.37039885539015716 0.3597764649543869 0.4059521103286107 0.3933661756467428 0.41302355576585936 0.37675222808959347 0.3682583818737624 0.34230793052744213 0.4138773223109499 0.431001153723869 0.4276554972624218 0.4439598057667467 0.4433303466742888 0.4528961399375316 0.4191268969196396 0.41395052467355953 0.46400482890791717 0.48490311410556414 0.4929387635639217 0.5140207877996855 0.4617576293442079 0.43511123075577135 0.45468194516841465 0.4502499046801793 0.4530056335387134 0.5055454040082509 0.5056932242966042 0.5261796105261701 0.5488091628510039 0.5024177880520653 0.5508387391888181 0.5450711098944186 0.5691940733172065 0.5445859968844545 0.5531713435385602 0.6193255140369368 0.5934430106740699
0.41273257275855824 0.413260218923523 0.4426370251138125 0.42803245240388793 0.4238716045615391 0.40530283615134244 0.3898096551030765 0.390776511684403 0.40970797760916566 0.4279464785694405 0.42209092059143816 0.385143896200382 0.38619181370876626 0.40826409805627756 0.40763005659987717 0.42632187036852015 0.47785750497795887 0.4484425482410679 0.4419832508394009 0.475209434353031 0.4399374612029309 0.437708749240265 0.4569654456534928 0.5027740250724076 0.5006142795710066 0.479039712577888 0.5074421512193149 0.45561632236805333 0.43377061930458494 0.4428209345584212 0.46808207388717943 0.48410634793099727 0.5178049421077362 0.5208165202893331 0.5480230222004165 0.527805980710943 0.5596202856406406 0.5641848998022155 0.5453213288138822 0.5650087624591139 0.5572105057722792 0.5977299095822749 0.5911184608539914
0.46476565034294376 0.4563869633843439 0.4388131985295283 0.47512431516753983 0.44850734629698563 0.4282367913113705 0.44705677813134886 0.46328209656307345 0.43455762477217896 0.45544536696789334 0.44385218592890596 0.4382305184216638 0.44176496510818547 0.4402301960854463 0.4302446828513079 0.4381009246527294 0.45825816481231035 0.4853578293615597 0.4532020475914246 0.4636502388882527 0.42086123697434374 0.4218289907057563 0.4445100153458051 0.46390969542685234 0.4690431670396098 0.4955903744835954 0.49608122900488616 0.4785773821223169 0.4497561476707848 0.4581183163121363 0.45409531942890585 0.5197529629654105 0.5491334527581258 0.549065629081327 0.5370613566167536 0.5601766155519013 0.5631847697258356 0.5906759879578447 0.5736217657170013 0.5533962099675694 0.5809468886925556 0.578222420013576 0.5985400561658534
0.457112702764258 0.4920804589586946 0.4802693515540596 0.47155460481042677 0.48501830768681603 0.4796419360288052 0.4821705434844137 0.47593309064394207 0.46414111990468176 0.4770349679939163 0.44599756881224756 0.4645725695403017 0.4537399699849904 0.46488496209121216 0.45979668138915025 0.47560404720256233 0.4819276751702398 0.4757253459279772 0.4739836516466422 0.4217713538520159 0.4322249192891981 0.41893773166753784 0.45725293421072755 0.45432866937786803 0.4707989516448703 0.42837021639732836 0.4370265493583081 0.4543586667087211 0.4471765299511438 0.4117731889878775 0.44462354441569796 0.48308004205559985 0.5546428656511451 0.5269885150944819 0.5498301777103791 0.5487592562125898 0.5770519122253871 0.5826678368436297 0.5853260282250795 0.6013996038367421 0.5583276853057256 0.5696562958681044 0.5782774338719677
0.4942386165618846 0.5184592345009907 0.5197918707133847 0.5113743200527077 0.5089182794283992 0.5478555230146226 0.5197521500613353 0.5397916253326517 0.49982671139203444 0.49071023546099685 0.4707459880001974 0.4401130152196207 0.4891630715141425 0.46085813460501346 0.49422135180382093 0.5046451694862557 0.4845904622569011 0.45967823286427795 0.4708045391140699 0.42365403096342885 0.4483861074548103 0.4644030765523881 0.48222318359339694 0.46334795749100866 0.42197899815986456 0.3870082498794022 0.4125233743463264 0.3587329780270035 0.39644986717477243 0.3823753661310684 0.4089788530838022 0.4965047654292048 0.5269075214949299 0.560120856768285 0.5799456328479455 0.5821656351437218 0.6198507688082198 0.6393833568121736 0.627036125254883 0.5979012065918989 0.6059576956729603 0.5453641417738269 0.5434962497567223
0.5517413744880363 0.5196570834249145 0.5536084687197153 0.5752139759490604 0.5631453774917892 0.5826907753336296 0.5618136810998734 0.5216388745802869 0.5319500510829767 0.4944321512980369 0.5123148135793066 0.48180392761626295 0.5073330617248346 0.45703905717195376 0.46200953390165783 0.48682191676073366 0.47074791081689193 0.43613466010510094 0.4326072686436922 0.44640567682229315 0.44069459557236285 0.4481642816977528 0.4701336729180189 0.4374743518560833 0.4131332273976829 0.38170572598910235 0.405313128191579 0.3846102307024847 0.3506429027297992 0.4084467187202844 0.410851660639148 0.5023906441804789 0.517830142741767 0.568358767074437 0.5732181322346619 0.5560787816721409 0.6109286432606914 0.6435506168771865 0.6353238071728912 0.6004560743091715 0.6195226708494365 0.6170137578468392 0.5910191114741427
0.5826042540488274 0.5306791791938401 0.5657643301447671 0.572490903778438 0.5925719273146267 0.5666658006267054 0.5618003953254074 0.5026648339735582 0.549804661201442 0.5296639124841788 0.5584419666852266 0.5364129814428756 0.5214296053425402 0.5046750239359561 0.5060132304371735 0.490905912047278 0.452591868321723 0.41936145085665993 0.4472192055421204 0.41065680378205527 0.4487914733875351 0.432769748084446 0.4514393050541623 0.4238472068404179 0.4116228612721456 0.4278466218270999 0.3958330589684574 0.3672694620970151 0.3817304588167354 0.3831433127519179 0.4367589739865202 0.4921497164948114 0.5474137790291995 0.5774827423191065 0.5819257936795361 0.558644957897253 0.5982763436891331 0.6239544503217074 0.6092150613217547 0.6176110656331687 0.6012033416942353 0.6117087791605089 0.6092091107159109
0.5941287192288416 0.6016076262484349 0.5631919023867136 0.5976090447209694 0.5629521159998004 0.5735818679391765 0.5698980055708991 0.550100517486398 0.5445647994826286 0.5607829537305447 0.5513152829959305 0.5435548032419015 0.5538826174236411 0.5122199818894941 0.5049527610321508 0.5085434408452986 0.4972765377180015 0.4826311746815343 0.45795547796908836 0.40261478272486295 0.40592346640575044 0.3846453555255064 0.3869424413613427 0.4020298791225089 0.41563435722404685 0.3972790249739563 0.3755014283264629 0.4109586634082263 0.39571617735050596 0.4169913847113942 0.42319737143057373 0.4936828440059107 0.5454067790645009 0.5491251358109984 0.5668112077252083 0.5812439840683551 0.5649283424128525 0.5714489214796333 0.5794479236546803 0.6012026619759234 0.5866793101454288 0.5921460764961424 0.5805270604158477
0.6234463173424476 0.6102312517841367 0.6021000308843668 0.5964896937221735 0.5776598103935592 0.6240330555291511 0.5770095383880344 0.5165873399638883 0.5309084409437228 0.517226528965462 0.50412743855447 0.5227852856314529 0.5558296415914319 0.5413991950284976 0.49796895348905557 0.491142326784152 0.5307536250505086 0.4984287994148902 0.4821648306962022 0.41733364596584355 0.3876458577804397 0.3803799005829934 0.3833771369292306 0.3820234390770485 0.3936341254657323 0.3690194442974282 0.3699786169202956 0.4040921355272336 0.39730929205789045 0.3944797092004635 0.4476581040390006 0.49678095087653246 0.5493238472102882 0.5468154487118708 0.5580216757552148 0.5735669632842928 0.5569564223053367 0.5331230948916271 0.571642353238959 0.5317596280225733 0.5821379380328686 0.5857862935549586 0.5797134948800077
0.623924147575242 0.629642269524023 0.6006142730261742 0.593030507955654 0.6107393814748096 0.6096762343365796 0.5774861652577976 0.5817799817248673 0.5382215795735465 0.5146355375015553 0.505954420558117 0.5466371841296087 0.5520590161981859 0.5571985643819942 0.5215046250268758 0.5046798110827305 0.5322062751372093 0.48311340355628235 0.4523138894942363 0.425206314896348 0.41301723617575586 0.39201971781185263 0.3740953709158474 0.3809112158601743 0.3524521747560226 0.39889796648196046 0.37489328876967415 0.38362032200813456 0.3761378543994779 0.4132527955504673 0.45761828769344315 0.49375785525603005 0.5145966656117389 0.5269202633810323 0.5154967898872972 0.5491368040680594 0.5352840785264991 0.5101712945433404 0.5413289337945513 0.5422226346461827 0.5540503783305326 0.5815375654397895 0.5825555452668053
0.6424420347986085 0.6193747509945534 0.6105927356207722 0.5776760648226452 0.5858030131416158 0.5527714894134368 0.5696023551648002 0.5894529760631944 0.5560015295752953 0.5190097450113254 0.5171543229460001 0.5573212778352583 0.5681223098300058 0.5533813395127438 0.5361616112909162 0.5432162558747232 0.5386541151268394 0.48694992109910856 0.44759320073330855 0.4009917544923022 0.4108342390622454 0.42984753303903633 0.37880250848403463 0.3822149916906359 0.35469335711914846 0.3903042591065541 0.40361422593368607 0.4104311402444751 0.43060389333768856 0.4048565996571651 0.4643018545713013 0.5042037718898454 0.49832170018199207 0.46600707105906003 0.49321107414510246 0.48807951989247256 0.5225562931150626 0.5362515658583233 0.5193574412523385 0.54983067336598 0.5606101844536419 0.5525631498688272 0.5612612699007516
0.6929760670789841 0.633069474991708 0.6277811369659746 0.5963424783145915 0.5743872287749211 0.5682983849742557 0.594759098057475 0.5851650311337583 0.5400842704036626 0.5332394461142469 0.520210303297441 0.5433711476899415 0.5718174124761833 0.5897273874671008 0.5606601023106003 0.5513226930902909 0.48703020184435014 0.4786572731308049 0.4876625856797114 0.46869819275251257 0.4048224080313427 0.4224609817430104 0.40285939664840287 0.4060700856232813 0.38794347355783737 0.4042806361311 0.4000937288484947 0.42543607780421433 0.4385870250901286 0.42055137091597455 0.455725788618449 0.4901305510907256 0.47477370110453915 0.49953233262046576 0.4695522857634639 0.46478159414861775 0.4712495639082856 0.4673282704155767 0.5027566385552554 0.4929385664029323 0.5179154491189537 0.5414714451472514 0.580419712916708
0.6953776325781407 0.6615682874533765 0.6675141612110501 0.609759042630065 0.6181377593060873 0.5866995674263232 0.5664740560002635 0.5584077381847754 0.5619634400224686 0.5300629512624869 0.5381949210073957 0.5412451195004273 0.5598386889544077 0.5723252430466752 0.5588619480927196 0.5064602230053192 0.518994059303397 0.5075930331536878 0.48762516866528294 0.46841795026055877 0.40465188655895057 0.3822375569284962 0.41909493086766725 0.37000188728824907 0.3792464330666646 0.3689103376005823 0.4108143331985497 0.40313482465472295 0.4440259900087414 0.47392100292708483 0.4377905078567171 0.4640947126786513 0.4705022261078074 0.4950322563446123 0.46146786272399704 0.4894485424587848 0.48142241000634917 0.4677185911685782 0.4716479975917991 0.47120323675917736 0.5310164924457326 0.5285516897027831 0.5814285800408363
0.7320218070761768 0.6640887977211991 0.6573079036660946 0.6435075523432184 0.6116486880216688 0.5955894854050725 0.6097566025785295 0.5737898737495752 0.5304274100242355 0.5492364442702793 0.5685577309474702 0.5434967577037993 0.55879218425379 0.5335262847976711 0.5134342994804507 0.500123352655643 0.4793320459604011 0.467488719184685 0.4396924750350567 0.401895704907419 0.4027140658942253 0.41078593017718756 0.4181943900415757 0.42556143242032957 0.41583774451157385 0.4038387556087179 0.40964777379410316 0.410353159246173 0.42705697396882586 0.4172791367976124 0.462288946852722 0.4800935862638092 0.47260521686683166 0.4942795296378704 0.4721431244719435 0.475690611866698 0.4473504231812682 0.4583300652819814 0.46991877185395237 0.4600676243900748 0.4970978190383367 0.5332198342965596 0.5597788830501285
0.7093214716169497 0.6937865310397684 0.6535771856251653 0.673322337830211 0.6293416400116808 0.6362824585745233 0.6078728398244075 0.5862792559885653 0.5608473767485779 0.5568724401179723 0.5486312654431638 0.5833575787003789 0.5270313185135752 0.5056845017545823 0.4739703585224561 0.49516626492147375 0.4846146605210556 0.48063886625072966 0.4572635440107157 0.3963802078212738 0.4048619306479367 0.41848486464741574 0.4245639777474858 0.44233323115399503 0.4232371934904298 0.43251221651733934 0.39628592621079095 0.3902634936669117 0.40465525085332954 0.4155223115654271 0.4629650360274777 0.47550827945490615 0.4564166745542802 0.4853185112720862 0.44783196936456227 0.42303487482238983 0.43807514981228957 0.4871409187144475 0.4838736147528116 0.43778149830873 0.4832871149356128 0.5049214183480668 0.5418057080583695
0.7389305572175343 0.7144694317831067 0.6635577145447119 0.6583092844672026 0.6896319127071109 0.6682549450892196 0.6548719889395399 0.6223441781924428 0.5951924488404559 0.571890192755197 0.5957022933517556 0.5948656551604475 0.5326348432792831 0.5240794923751588 0.4841668613235982 0.500927506803369 0.46699794442603954 0.44185587431726203 0.40448740408263756 0.3867680573854151 0.42277765584243676 0.41276999745298965 0.42087549850526956 0.41604717936757657 0.433024608485192 0.4271285533911542 0.44784606375992503 0.39852866217479277 0.41339763913495037 0.438889711507461 0.44863098187093076 0.422943010217966 0.4548684185371237 0.47778211824309574 0.4258455434892486 0.4488444329235741 0.43428201354527757 0.4616430896170862 0.4395369300408718 0.4554458145211631 0.4851991306076475 0.5059685309300848 0.507957558305619
