Raster_benchmarking/Raster/continuous/raster-258.asc
NCOLS 100
NROWS 100
XLLCORNER 1743168.7508264922
YLLCORNER 5469296.992669932
CELLSIZE 10
NODATA_VALUE -9999
[rows 76 to 94 of 100, columns 0 to 42 of 100]
0.5730435151770895 0.592896934483511 0.5845550262985468 0.5600168669068257 0.5606056961316533 0.5548969993255204 0.5851604842987655 0.562968321130384 0.5962459835137773 0.588388067642265 0.5973804508577136 0.6173620048988682 0.6745359635222068 0.6952687537964256 0.7115170729697731 0.7611448381584743 0.7528342517038066 0.7575482227260791 0.7633516638055522 0.7838293423483575 0.8089924079306848 0.832910308887742 0.8191629643494929 0.7649371110490375 0.7222895891058118 0.7230748227952932 0.6745870919455431 0.6339038670272682 0.5548323344372309 0.539251612725469 0.5257536050308935 0.5780846903584219 0.5838840575680349 0.5726053072350619 0.5461753476757262 0.5524760032469923 0.5776034369007731 0.5274538459051195 0.5346591792282196 0.5471559113342123 0.5634076164738409 0.5443595177662282 0.5319719952035324
0.6216631351657692 0.5534114315619814 0.5508277243323849 0.5969640944148664 0.5876912100993426 0.5778845028924549 0.5648688745660326 0.5859267822660276 0.5700802277967302 0.5855823490660338 0.6096952949335551 0.6255778620928071 0.6419732430512894 0.6834339549314171 0.7469220598537728 0.7731244118175938 0.7993220007679429 0.7544944896837688 0.789034922337397 0.7719359968063664 0.8076081214444369 0.8274843311602164 0.7922487389866354 0.7965699550255794 0.7714679939611597 0.6951666611443319 0.6780729327091806 0.6215803529253099 0.5455506682724057 0.52939504561305 0.5663682334328263 0.5587727493650392 0.5393015745018407 0.5480395463469546 0.5207917130784572 0.49761476604384647 0.4888468527033896 0.47656749434248613 0.4932781783812716 0.5362135895335884 0.5303892714260556 0.5063710849273655 0.5265814905547567
0.5998645434625401 0.5704614155517401 0.5498068685454983 0.5896838396041932 0.5632253805133928 0.5791484623768228 0.5659968527943804 0.5728680799166035 0.5293630069639642 0.5483685093997693 0.6012900855317611 0.6227754178329603 0.6269824917676887 0.6630350076979779 0.7402998608034013 0.7864068068782202 0.807833871383673 0.7775233819871807 0.7616402049819654 0.785825583032592 0.8006491251064669 0.7884029788741368 0.7734397847527408 0.738485959563442 0.7189019876993801 0.6748915228203342 0.672035269257887 0.5930195920600172 0.5412410276181007 0.5484017738774525 0.5744384535660827 0.5494267406204274 0.5042048662618539 0.5315361991928718 0.530663565815623 0.47309494714229855 0.49672340677823046 0.4543065207314429 0.4791505870876336 0.46209794404467247 0.47618176000954715 0.4972459712248311 0.49544670935825597
0.5885380053608399 0.5828150855360044 0.5435355497982055 0.5671362060163613 0.5970748415560868 0.555868783267908 0.5420120247265188 0.5427622461703875 0.5395676255163869 0.573586445074911 0.5921360978902821 0.6063457235551276 0.6109576660591776 0.6971718466718604 0.7623822425007886 0.793914621999805 0.8098932331931306 0.7683855202481423 0.7842036873066524 0.7751292102008658 0.7164834125786775 0.7683070184833927 0.7570196071054004 0.7418812616448487 0.7053730596371918 0.6463348257009462 0.6523280216928538 0.5946192553811291 0.5462147812976469 0.5310084844982648 0.5366622649087924 0.511100587183682 0.4684651925997527 0.49962180128544037 0.5254055921254982 0.4973729367346886 0.45588858457937814 0.4578928133475991 0.4431234640863085 0.4660569161437567 0.48081365164450085 0.4586901503157021 0.46559875897169317
0.5954563814668796 0.5469303501359454 0.543807458016461 0.518524463650222 0.5699013140418967 0.5522967508017739 0.5792488889411618 0.5412057528249768 0.5232523879397444 0.5641581736732595 0.6103091245704317 0.635053557563413 0.6006007440726765 0.6475827433842902 0.7413520162349435 0.743602798165363 0.7805316047032423 0.7666170430894774 0.7467533508624212 0.7211437262578584 0.7198664389755192 0.7258938629017156 0.740585475649288 0.6864470063264881 0.6535020743958341 0.6219743503669577 0.5999976690324569 0.5438172621847384 0.5067358768073174 0.5191194953964013 0.47955320029819587 0.4707673446313552 0.4975598860066895 0.49225573289568264 0.49905207529926326 0.48128321471271496 0.4827426440623443 0.4985779360608825 0.44353913520069144 0.4411932458676521 0.4446400151505978 0.43183169735971766 0.4328343677431326
0.6129087979432926 0.5527003969798718 0.5230951910672961 0.5388259317807547 0.5264583365815356 0.5551521988498046 0.5626967996792963 0.5354290340950364 0.560775052540221 0.569706732632376 0.6348558128034139 0.6493968291329282 0.6270945312009487 0.6875996209633539 0.7123683076101404 0.7518645892340904 0.7701948747171428 0.7617941161213271 0.7851273640565101 0.769568657970115 0.7213786198606733 0.7340561722937596 0.6918534098424877 0.6878781717415668 0.6248652010457553 0.6117249126003224 0.5608112168720917 0.5238621558194954 0.49263853130663315 0.4664454394233211 0.5030126104883663 0.5055133520686316 0.46140168635116235 0.46245798755975914 0.45103262806091526 0.4916520820297415 0.5188827496053342 0.5068588610825475 0.5027424936698779 0.4614509509808318 0.4403330551664326 0.4096856648829617 0.3780544388693831
0.6005897490662928 0.5429668942617053 0.5084877693468712 0.4834588751664652 0.4917351121290317 0.55492367990009 0.5502304787501975 0.5589915743742201 0.5625240275799553 0.623746251042657 0.6407886357402268 0.6196618491123672 0.6343217282107099 0.6922106540200426 0.6991568336304756 0.7269425551937481 0.7022211809144723 0.7320302207083531 0.767409757087574 0.7295520285277596 0.7260408399442408 0.7079526508047236 0.6827500311932597 0.6593020051244793 0.5888771942410478 0.5588919095732354 0.536179894541963 0.5348235666621326 0.4956361549199336 0.4469238029179934 0.45823205826643004 0.48298454446065825 0.4883134907511687 0.450825234157725 0.4918637318509895 0.49356790234078546 0.47160833099827953 0.46256257378644217 0.4800939542278315 0.4625610637509201 0.43914745504195113 0.42372599196140265 0.35928037867000445
0.5766380544822126 0.5079838531230143 0.48232989385651887 0.503582529320718 0.46595154250219006 0.5291069468541468 0.5582953578159511 0.5647036594347729 0.5948625181602005 0.599230011703434 0.6406503238748714 0.621708697937949 0.6729595584044304 0.6778545628641552 0.6984255728112366 0.6750787682459005 0.6920639189253566 0.6951652666679998 0.7094773311491931 0.7421479403096347 0.7282795713091907 0.6871370873739983 0.6858884695997238 0.642620266619363 0.5509410538457089 0.5424342042515162 0.5217890786369359 0.5120932006512418 0.44499918791522836 0.41643101893756923 0.4554955293657054 0.4453922134832319 0.4767968933578369 0.46510321245185854 0.4828435142063466 0.5065749252447799 0.5019730463350999 0.4421611344919639 0.42109922138633066 0.38080968592269177 0.3985799189833797 0.4090210453874259 0.3545557082282593
0.5700507484972464 0.5183074537610227 0.5359900852236792 0.5014660989472902 0.5106124715273539 0.512547156319464 0.5132027841097021 0.5329724512017296 0.544061964549561 0.5721117948589762 0.5713134915431687 0.6268456534590561 0.6104814732110339 0.6330995338415315 0.6740199314741393 0.6958785643615257 0.6892889210187922 0.6886172015226079 0.668229144202982 0.6961680110953109 0.6714283047528402 0.6545681601351254 0.6348080523113128 0.6146282323846515 0.5473222951291521 0.5180472962914827 0.4964332875351348 0.4892367122658609 0.4458478289027582 0.4413789015928154 0.46140190441121554 0.4289712217705482 0.41754368455130975 0.4344263533018775 0.4621970744215472 0.44648049493191355 0.4486420814941665 0.41737320464643646 0.39805739725109823 0.36331895536822484 0.3512595804329005 0.36175193375976944 0.28419644263066607
0.5401285794537081 0.4872803597637882 0.5190648690319764 0.5084111991466468 0.4592745477354103 0.5030205853183266 0.5294180703553611 0.5178569516173506 0.5715924443661501 0.5528769783620415 0.5585138012743586 0.5536314102155377 0.5672519144737649 0.6014946574612086 0.6630490071909237 0.6389903027166255 0.6706207204473523 0.656518970822484 0.631065827568982 0.6583789274469197 0.5948316682328764 0.5666524917121317 0.5662719397780313 0.5658806700341759 0.5581080086533273 0.5294403924970524 0.44950456549775486 0.4630160775778678 0.42897554475298083 0.44572844384832216 0.42387373558021246 0.384716716318411 0.40535865878488686 0.3990503262906855 0.3924925187489379 0.38633400467547385 0.35592967665205233 0.3718898281773333 0.3277711367814508 0.3057331224297954 0.33756089044522547 0.30752522421415573 0.2588855422149567
0.4701243895686863 0.4805826673078055 0.49886137295165 0.499676913632355 0.4777823500032408 0.4929695571551888 0.5146060123822693 0.4792813128891226 0.530033587288894 0.572620960615261 0.5839098742450313 0.5680938208419007 0.5924221518979546 0.584374271906709 0.6239289484000456 0.6070349213791909 0.6053373691516061 0.5994869226991242 0.5890630687336093 0.5936183139589228 0.5533143237102248 0.5534639611470162 0.5279744442141182 0.5556778120430808 0.4953119043298126 0.4730100597370541 0.4822883491539787 0.45889252117113755 0.4300769965947128 0.41952224657888815 0.37528323493639 0.37989234544177475 0.34794146592022535 0.3553905102840212 0.3558711718500548 0.3970728200298756 0.3938957116606431 0.3439843867614334 0.32640033285642894 0.30108900334274336 0.2607537083257591 0.26584047962367635 0.24361481393104703
0.40795287644005573 0.4503261468903193 0.47927277896780657 0.45658868143365755 0.4933082983740002 0.47518594062473346 0.4448380729888128 0.4717596219665389 0.47834341498488037 0.5356413232282151 0.5601349622223183 0.5240355794205359 0.5559551523610913 0.5926885061392158 0.6049909464370182 0.6010872580621744 0.5740283064583739 0.5625590821552012 0.6154154329776246 0.576294992748563 0.5275239495502628 0.5548676046493314 0.502594130993874 0.5194745943372522 0.48580949167995446 0.43932897254721576 0.42434068389122354 0.4371426781866695 0.46885377114769583 0.4422500772933327 0.38580974330094114 0.37918602260585005 0.3296844780182184 0.3198906197629915 0.3584701923454563 0.36863059349951055 0.36765695976282664 0.34034927996947545 0.2606714502073401 0.21970884890955317 0.23422217866588962 0.21327308354304347 0.2113400442947101
0.42984365775804484 0.4392805983462328 0.47178765027865766 0.4530287249439467 0.45903202442262825 0.4245519270069459 0.39174204386329253 0.41599335225022827 0.44896199705832945 0.45812904426639084 0.5161897723996857 0.5121838522168528 0.5487563854506783 0.599578164568263 0.6191554470466755 0.6046729611835235 0.5903126555933979 0.5555517232213786 0.5869931696115934 0.5651582219451244 0.5484682228539456 0.5591851185943528 0.5127020284523444 0.5253768942439211 0.4837941759883983 0.45189075905927173 0.4214681781026321 0.4453833710745692 0.46134959842012274 0.44993332975610945 0.39493985979532664 0.35747750492392044 0.35163289293255284 0.2930870293348817 0.3390615175634123 0.30100969371641484 0.2904631601399319 0.27743839308930474 0.2714538487848409 0.2060578380282988 0.1711709552210875 0.18277841571497544 0.1861574260701859
0.4157019089066742 0.42455557869505417 0.42298399616854104 0.3871459345821154 0.40329614685903464 0.4019481175757722 0.3916899206752845 0.4120613237680417 0.4166347671305593 0.4479122742478754 0.45404180050987386 0.4994805211859679 0.5392894855518497 0.5475731779581217 0.5750984905097501 0.5534994494822075 0.5448552138173702 0.5492784026151861 0.5562853034702909 0.5490403247544194 0.5823028639449241 0.5640207515842699 0.5460753588044758 0.4879415141016046 0.4560623660227199 0.48227768629506174 0.4838990283517866 0.44713985638534975 0.4622983154324534 0.44114899485051273 0.40340138078778554 0.3365787647297512 0.3043828650689425 0.2990389507774064 0.29510889925944817 0.26900161940444656 0.24725693193837425 0.23304819613513306 0.25257354006467847 0.17043720289851774 0.18014630782199337 0.2082690702373109 0.20365418269258878
0.40038025963777146 0.37513130258126964 0.3637544682685742 0.378287317098933 0.3825808976120573 0.35448434960239933 0.3477867181863078 0.3963185918234531 0.38199782270484894 0.41204268987438414 0.4910219370281484 0.5082576521266374 0.5294026790219286 0.5079747303830504 0.5132002386293358 0.5479509565545857 0.5030452277954192 0.5385341955114001 0.552942937376334 0.5578641854347933 0.5505815544240982 0.5162886390263827 0.5255151967567054 0.4856918224210634 0.47453621388984096 0.4441172395913946 0.4713525392783615 0.4453513643227316 0.4162674098763267 0.4141193703451946 0.35778665647511243 0.3425809518018743 0.3081048840172183 0.3102872624338547 0.2912980174588926 0.2553198387834304 0.2617470208857201 0.24299779966166937 0.2128337074739888 0.159009334982293 0.14200146375211645 0.17039834406723706 0.14607324546655076
0.4001460664919264 0.3555688050243151 0.3451183678277665 0.34062508007773246 0.2991070912572781 0.334821348895017 0.3520277567512975 0.3723196512794335 0.36650117135592425 0.3844334576231329 0.46913474933076127 0.4992848012855335 0.4934260072331777 0.5032875030663658 0.5444647713444664 0.5212805111818002 0.5019407198514119 0.5476812093585964 0.560075006816424 0.561121226494662 0.5334218300471801 0.5150889469455533 0.5058417582208743 0.48737054381393613 0.4388478179948627 0.43410299021387666 0.42170470125087306 0.4370431962882467 0.4328631544618356 0.4119107880278999 0.37934471570536793 0.33906771263625607 0.3782267379325083 0.3093310269201212 0.24158463818270404 0.229824601025522 0.19292606543290974 0.2183156955349271 0.1578970292847809 0.16072893962314183 0.16815121601909253 0.15798216149714378 0.11260934840206605
0.3651573793818527 0.35635958179768873 0.33755768907649947 0.31199051334284056 0.30101898158067464 0.3388588818186859 0.35075240118217316 0.36947824800039414 0.3826085988773324 0.3700256774645942 0.40628865956159166 0.4683084397337804 0.5009427000390982 0.4899091136345344 0.5002054037024932 0.47080523145570485 0.5047142798588179 0.49192102072905386 0.4946532821023703 0.5294511214342987 0.5204839285333626 0.498153345535152 0.456652068606188 0.4220550517031411 0.41399664004379494 0.4235931509313803 0.3753596560121752 0.40229639534465034 0.38638076712671127 0.3601612030251669 0.36270128809630253 0.3144112466950717 0.3130336088370013 0.2728217591880009 0.2418637265075827 0.2049425600676416 0.21646891922845773 0.17212379064506303 0.19310184095343041 0.1832985322180015 0.13189729977030465 0.1186998953867343 0.1262343592152049
0.38794676352371044 0.37348553473215235 0.35931438799724674 0.36319967947741155 0.34797155315261896 0.3489582885215721 0.3324049463653108 0.33942886952801393 0.32010727762393204 0.3842025420967934 0.4225202446560337 0.4335661149818519 0.45604074204396033 0.49881623253405244 0.49971309742145775 0.4849079591366865 0.4361638812475547 0.4446284596828715 0.46636248707279154 0.452476437433361 0.4804379633296287 0.47695093586949794 0.38173176698283495 0.402250734318112 0.36070627489294343 0.33820598832767873 0.35155187987807845 0.3517613133053057 0.38263419577625146 0.31398736843099456 0.3364244623841712 0.26899797309144113 0.2869492464180961 0.24903373755779334 0.24326179692734826 0.23109912449242412 0.18166098121556656 0.15779565044873603 0.19886910584046685 0.18020540904648505 0.11278620771028576 0.1474415500781486 0.15281585186518093
0.3606177789077877 0.3383693987616676 0.3427186533931073 0.3660465034949804 0.3301245750779634 0.3467761506073232 0.31792400997571135 0.2935204147850529 0.2946533380659653 0.3726581575608886 0.43968378993997587 0.4341848165352358 0.45483806733993787 0.45254608357220083 0.42991202364549547 0.4659859240193423 0.42042381317102595 0.4426952107857972 0.4353197316558133 0.43519104376255935 0.42625181288942277 0.4289353569407112 0.3808060883796058 0.3428431564343236 0.3396542450099332 0.2858691134984655 0.29089177537611494 0.3229908046199366 0.33573576372995145 0.30025993529076417 0.27327537971941135 0.2585893201218419 0.27585123464641076 0.24631196754378507 0.23245474544720637 0.17789781896950532 0.18363842167052938 0.1612724187494596 0.13618823459273663 0.1381612064810742 0.1370153610813395 0.13656359255115558 0.10544303891707871
