Raster_benchmarking/Raster/continuous/raster-1.asc
NCOLS 100
NROWS 100
XLLCORNER 1743164.7223546829
YLLCORNER 5469292.405639016
CELLSIZE 10
NODATA_VALUE -9999
[rows 38 to 56 of 100, columns 0 to 42 of 100]
0.6257735281765737 0.6042722351189548 0.649758814725431 0.6421080158285759 0.6729221268399675 0.6917008100672354 0.6594223045391273 0.6691539059532502 0.6333261781636377 0.6092012952297162 0.5964334213526143 0.6014830856604363 0.5685177591625099 0.586339751868889 0.5785802913308951 0.6338401453923734 0.608079190872033 0.6083717402721817 0.5672956024593 0.5507770366489245 0.5791046356307581 0.5492452375202755 0.5251598607446729 0.5174059259479277 0.4885365689964662 0.4940312238643628 0.5702685055803515 0.597136715606585 0.5891459055016317 0.601243384458029 0.6043682880320409 0.6212489562534939 0.5999848859578492 0.5779679171589991 0.5245299722782542 0.51665304820981 0.4528510324094917 0.44425275490935273 0.430410540228808 0.39187351114554625 0.3699157188518643 0.374142925846693 0.3728147446856095
0.6300447500268521 0.5848668190871641 0.6187642943102464 0.6810044864025157 0.6808819561740159 0.6654363073825627 0.6427950459172003 0.640555837123016 0.6063189187655221 0.5811141383587225 0.6099772815630861 0.596636349077147 0.5719522294645923 0.5395619922089063 0.5771762060164178 0.6480940014247949 0.6022906623552196 0.634624504689141 0.5653656565856477 0.5589539345523837 0.5600058961708012 0.6037386574376243 0.5666434908079871 0.5079927647247987 0.5172853537547112 0.4918143778495557 0.5346445738784781 0.567060141267369 0.5568454583040638 0.6045434019348799 0.5673640238200874 0.5810326848361175 0.6040984085147358 0.6173382315087471 0.5466635297651251 0.5357611290392568 0.4612322197490053 0.4627566180336299 0.42830136855649503 0.3585377998678641 0.3359560827882073 0.35116610635291956 0.32553899995487123
0.625230972676625 0.629116723429199 0.6542170642002526 0.6502589716775699 0.6586111599937364 0.6571819785266821 0.653500936616891 0.6374688139931444 0.5956086674244666 0.6056692590786049 0.5976580578143758 0.5930364516337259 0.5890042832026258 0.5770369495219734 0.5969370965797972 0.6103760638760064 0.6259508812798643 0.6122117271125082 0.5634541582798925 0.5594919302935616 0.5953534761238123 0.5758158811712869 0.5393756181622155 0.5343881168949842 0.49838422771583923 0.5374764427353141 0.5610462314265703 0.5670369369977915 0.5723193109416997 0.5584835731640958 0.5859162893115829 0.5537035198978231 0.5588163890125888 0.5630900459684384 0.5352641550813445 0.5108918966204796 0.45987041139429446 0.41893186778717784 0.3984479724655018 0.3632999437284729 0.34325455197936994 0.3470393182636908 0.3368029359560529
0.6070027530711998 0.6264460588957497 0.6151134730497955 0.6291171471459004 0.6635581472575902 0.6490247941449592 0.6547825401206656 0.6370891368618237 0.6084588304111782 0.5939334728826374 0.5832159325046378 0.5845201429347374 0.5996468190521896 0.5696349027868273 0.6231788367447343 0.6226281781816921 0.6142651523899948 0.6141226102494884 0.5703603349900416 0.5466115733332771 0.5804159766992117 0.5649426173665277 0.5269264207768823 0.5676437824489753 0.5542442536138055 0.5198867768055303 0.5567951636297908 0.563317287949048 0.5313440411908028 0.5464582291151124 0.560508696215204 0.5833438309663247 0.5670054061443944 0.5448813671663799 0.5261049177718777 0.45647299138096004 0.47402537273640544 0.45034632660936613 0.38467328485966984 0.38022932170220336 0.372479622630146 0.31491114816435367 0.3185049645237006
0.6193318174789151 0.6352120769046058 0.6406280062984636 0.6497363075382344 0.6420198744731986 0.6461949447514238 0.6612623954107477 0.6125771328107602 0.5829626865167679 0.5917382178606879 0.573298924773444 0.6005731785408991 0.5853465948169585 0.585113572910868 0.5959417722004616 0.5883127585215829 0.6048778142945167 0.6179194565685113 0.5958023997821189 0.5496033092636902 0.5383134963321516 0.5073757269446911 0.5172346672799994 0.5230852553363136 0.5417005903327512 0.5504730973673806 0.5286969793758586 0.565273033199934 0.532409609514335 0.5630989010148122 0.5620244924091342 0.5421823897549058 0.5622403653352693 0.5514395457904908 0.5034732860830597 0.4960261311431513 0.46655663395687547 0.4179619437235425 0.40894773447772514 0.3934874933695895 0.36708665937850854 0.34560614395851413 0.2961205403663795
0.6061384294615385 0.5494392078918916 0.6313550707517203 0.6567558957718173 0.6651643209224108 0.6684196151891503 0.6253768694629835 0.592072154335775 0.5970247887077834 0.6071846205983472 0.5946939605507454 0.5817061430508597 0.5834104829662167 0.5537753900501993 0.5996728464022838 0.6230956654554426 0.6205592577827475 0.6066216328713429 0.6042189834543976 0.5351679199761622 0.5063322264634305 0.5050362210801678 0.5164317263834923 0.5340428305508113 0.5393606482615406 0.5270111450443783 0.5172186585332367 0.5523750374634414 0.5244130575549101 0.52427659000424 0.5317914427528382 0.5170249834536436 0.5470265056483263 0.5446789510667861 0.5202677712515306 0.47933943409972846 0.42679275080501905 0.37713817774492203 0.42046235766739487 0.3994259000011561 0.3598731069801495 0.313422121540621 0.27573971310657697
0.6144645547717134 0.6056842243649982 0.619631012531027 0.6072560426828257 0.6295255758647502 0.6164893454453998 0.5904811319154817 0.6057186702523493 0.6141254250097717 0.5763769563571293 0.5619764029371045 0.5725859888840262 0.5894998043644366 0.5688448171215633 0.6077192972509452 0.6231221368441676 0.6251408933799177 0.5703884453299028 0.5746996237757812 0.5356645711141451 0.5140164448261346 0.5368478037324077 0.5278502549352783 0.5400325490229574 0.5449383218477751 0.49498698007387454 0.5179762764506757 0.49659563664856565 0.51073029274166 0.5124303242063329 0.5115531991098836 0.4964592879686253 0.5180708847239173 0.5166933883505788 0.4958460342537349 0.4524650972512563 0.4239857283849361 0.38936848281770303 0.4239749138816682 0.40701677688622423 0.3750512022754472 0.3242777972138302 0.28913057436300854
0.5878474804580319 0.6029734906972604 0.6132466682198818 0.6259199824725378 0.624989056510748 0.5813611676810417 0.5671121145217138 0.6239004606877434 0.6025642446108856 0.5814337293736183 0.5567402364109398 0.568144108904681 0.5640589350226075 0.5638886943493855 0.5912794620757118 0.6028452446890337 0.5953217061712966 0.5687829532656705 0.5432905761818028 0.5261026747226312 0.5000347230844567 0.5483212426561657 0.5577785872322609 0.5299832270529243 0.49895459842301554 0.4976438298874084 0.5146129974359207 0.4719756768897875 0.4918620048982891 0.4766721866444221 0.46824517449247216 0.49444294123217447 0.4877396252156467 0.4698537792816947 0.45496105898223 0.4932692197674821 0.42539429225522457 0.4216434879564147 0.386407058626369 0.39045431768889594 0.39880783677422715 0.3440673508223887 0.3249560442077645
0.5992511791768922 0.6260602952077287 0.6319605213642985 0.6128919904458557 0.5847670686384754 0.5648581315337063 0.5689039384324761 0.5978559530283358 0.5571977176136106 0.5521166225727732 0.548261827996772 0.5415631310981682 0.5624652076441764 0.5979990084434256 0.6055161540073425 0.574736332752048 0.5695256803642245 0.5487105521985187 0.5130230384946861 0.49581897766565597 0.49261399571694175 0.493812893590378 0.525287396071389 0.5009206024887999 0.5017436549674322 0.5131335301594079 0.5018007725773064 0.4584131400251999 0.4363027480085905 0.44840137140423814 0.44149970148189055 0.45902951967437006 0.4768137497691988 0.43868328560202585 0.45937480926768165 0.43723751673775485 0.4640040875768191 0.43047954617563233 0.39787283140878693 0.3749136996136658 0.38183075155619245 0.36432708655129475 0.2987714319702297
0.607672764375055 0.6360058131836115 0.6161149254197431 0.5742432446784957 0.5618640501482001 0.5627644568171124 0.5785031826138082 0.550412657551916 0.5471757557630025 0.5101570289325401 0.558817367440388 0.5563044889501598 0.5668949123831738 0.5918097286110946 0.6068568615916186 0.571729291297893 0.5557930105144111 0.481658931068087 0.5145681089809209 0.5108644593943812 0.47831673227887656 0.4678930718857231 0.5280374468805603 0.5360477620384507 0.5457661606563364 0.5292241162502498 0.47267508479189296 0.4301122884583688 0.43016559376608293 0.4360089896610291 0.4113824620449049 0.4236254706458568 0.4616353984261773 0.4308900647015185 0.42361560353293765 0.41103231308364957 0.4569392355840929 0.44768664076215775 0.4424015275137644 0.41646127904443225 0.38846384646411525 0.3272373552377187 0.2785797762658888
0.6004438319429245 0.5881192788361148 0.5791648919223297 0.589726217820047 0.5471290288724812 0.561601544997861 0.5850805099937927 0.564214676599332 0.5238543779804022 0.5547903432018717 0.5246693224046334 0.5580274165892647 0.5601701801430377 0.5358975158633799 0.5523363047012868 0.5150605640298753 0.5007052048905948 0.46690971302244233 0.4736359925073126 0.46903857632373824 0.4407136049776538 0.4742956510047315 0.476129249622334 0.5078404093124357 0.5272542544140686 0.5087614867148162 0.479308895071563 0.4714635368653672 0.44719280325444744 0.4547625934706118 0.44880908292003135 0.4366547965892277 0.46968504717402043 0.4685217777845714 0.4148269555913407 0.4269762751359891 0.4072186369134507 0.4252478412655894 0.4193497957544095 0.3994734482825401 0.3227792373730451 0.29057469839955335 0.27910334759031763
0.5888059746889378 0.5937610181052663 0.6063191377806376 0.5814498809919778 0.5442207425972587 0.5684142023135633 0.5758309461718768 0.5571803585745766 0.5236773744944339 0.559306472107704 0.5503654455133069 0.5313624343665642 0.528720279422289 0.5285597470899187 0.5029917868216642 0.5151441148548773 0.4616945163850871 0.42550338948015426 0.4151173944133159 0.41470968829658944 0.40770958020708165 0.4097942799630485 0.41750603716378 0.4488385587539667 0.48209500417378 0.5018886379035218 0.46859059380064 0.4474811915410055 0.4630377183611497 0.4749084685118527 0.4391826698903121 0.46134025931743244 0.43655553924712354 0.4645523454203901 0.4322838557361341 0.4381676172861204 0.3910737968721002 0.4023702062533341 0.42466452202901955 0.383124062115905 0.31817593560648083 0.25394882571709415 0.22126511837417803
0.6002913452961881 0.5986764206982821 0.5738287131909542 0.573327346421085 0.5675516182125117 0.5482678059339005 0.5552929092803918 0.5246050456703232 0.5360275146619666 0.5685921415467526 0.5549326683709089 0.4933436917457867 0.5014073504681825 0.4615894706333534 0.49261947804149603 0.473360627846398 0.45406153914455993 0.4397003391559517 0.40768597128503326 0.42502571641720566 0.40122414000268064 0.419280252604228 0.40810676339622287 0.4142370260743932 0.47538082339725934 0.48219794127379373 0.48010038959660384 0.44269641924300857 0.4524408442224754 0.44814968931961413 0.4793244575732413 0.4314837122718354 0.4396203046253209 0.46733808829594087 0.4296613485035396 0.4322117251099517 0.4026203488251406 0.4234685658145603 0.4054874654695895 0.335111644667216 0.2957341145857185 0.272331106431821 0.24461936075915858
0.5802690778671112 0.5749534152326939 0.5806597036372612 0.585142110808129 0.5691639897088241 0.5856339726114624 0.5805667868000485 0.5213341408112618 0.5089072520113352 0.5501617088727824 0.5354464242952518 0.48103680508496177 0.4473109762378631 0.42165099182493654 0.42977058754160996 0.4307628153534671 0.4282716206431891 0.40447634162168417 0.4352014281095828 0.4504249838196671 0.44447179985057095 0.4209876295235281 0.40705629264890747 0.42073455765470913 0.45566590885008806 0.4865442185096798 0.47822082145123296 0.4303241749264795 0.4647238916443653 0.44333645250680026 0.4698225812461416 0.4484610282664375 0.4215394479852678 0.46268560042883394 0.40543396132934395 0.43204099239378957 0.3970224670222216 0.3973363750484056 0.405881007475685 0.3543624851237506 0.3234032401409636 0.25635461216581756 0.22107124857612215
0.5433848265709839 0.5783767690222642 0.5659180702703893 0.585514608202235 0.5775886542081681 0.5886918965639819 0.5735910384836158 0.545432609004869 0.5188568795307197 0.49719790411286074 0.5093590380420557 0.49018742936000187 0.4183338571898024 0.42551638227090316 0.4246544111373748 0.4571850629947512 0.44208709295519716 0.42533539780686863 0.43798062657046405 0.43064308374182875 0.406727300344795 0.3948847659533388 0.421884126295901 0.4065110064816069 0.43555590698855956 0.4444693997633734 0.4768511944870751 0.4842289524157988 0.47135838471801533 0.46570305565359765 0.4710329967751707 0.42255866104610185 0.4356248046030518 0.39425199999231086 0.4035236443713373 0.38053076898367294 0.373512676024325 0.36982444233723055 0.36388897589616365 0.3617182587308023 0.31001272955482273 0.24804564907289856 0.2132035221170125
0.5531304227131656 0.5516766245910867 0.5438556172682039 0.5152738230099942 0.5237766798577438 0.5348522122441308 0.5816265078500062 0.5597292112600682 0.5172819126645083 0.48207602413006345 0.46600347811635545 0.4562824986225308 0.4271557452329712 0.3912607512926208 0.41245888221873733 0.4336106151869829 0.4389083920377846 0.4263760735626181 0.4180817269809497 0.3843485844333402 0.4079594118264735 0.3953960833296593 0.43054087844659134 0.4101453419315851 0.44228205302917706 0.4440710402486993 0.4690421342199504 0.49337841824214496 0.5039693366979778 0.4881801776900633 0.42936139049672345 0.43420473737956117 0.4344759459556484 0.3816630261253012 0.3918501380745238 0.4003506901606411 0.3399276032006697 0.33070978421194486 0.3348154722522314 0.32272651088559257 0.3141906227918903 0.2421127061376612 0.2187816202505243
0.5360814947870525 0.5238762508370023 0.5362435588703107 0.5100436282758859 0.5144121082383938 0.5050280098645262 0.5527817654107533 0.5109452607678022 0.49468049131526315 0.48080076457001114 0.4587933518328721 0.4253950274776597 0.41335291351084774 0.3852422234669227 0.39065461603769036 0.3959836229309249 0.4358653257700198 0.45449730839527286 0.44762293743412884 0.4356699775501088 0.41119438475812475 0.41732666456365314 0.4252227795303375 0.4184856079318133 0.4311807065551838 0.4512352705984885 0.4940766746759096 0.5008814158429779 0.4743765320268295 0.43421683423911367 0.4251742999371632 0.388020874441217 0.37957697748543623 0.3541803282395129 0.3629469410158051 0.3402763047510366 0.33082576898871857 0.3140355618903529 0.29178029435408326 0.3261282860838355 0.29412711541861947 0.2659360421845024 0.2188128052435411
0.5626190815696137 0.5502462593953646 0.5146907482033208 0.5091767393594577 0.5043673360786336 0.5173618155622017 0.5493585612160448 0.539327384343436 0.5177141335479787 0.44969254230291733 0.4744669573993861 0.4591789524282587 0.42624860748222404 0.4257955506649027 0.43038325609850303 0.41490853149011403 0.41517391145467947 0.44297591123298535 0.457555119780134 0.45172241288231807 0.42237818206738265 0.41116353809922546 0.4092812695337133 0.46228906315113544 0.45462457901118625 0.4895066384330078 0.4958075856904197 0.478312801297257 0.4524794018758895 0.41056552773962585 0.3909906001816495 0.38913035848594335 0.3642753746549373 0.31080601638943345 0.3242704876066748 0.2976906877720864 0.32957365889025547 0.29763652269758534 0.3025719862052325 0.3118124391355381 0.28735850190406115 0.23889600829039215 0.21705185614030897
0.5384469565239717 0.5575178035443248 0.5554353589615977 0.5411352509350337 0.5340165625688518 0.5082216608909182 0.5169215877071158 0.5117612705088921 0.5249983854663811 0.4941276213155293 0.4566678892633911 0.481539506845689 0.4809237866580493 0.4731208100121035 0.4814145505295381 0.4760077780805551 0.46236356014293195 0.4331893145751925 0.43956258640771884 0.4482722286607932 0.4154563067534678 0.39751399595285525 0.4315858325440801 0.46621673390000756 0.43455203361721034 0.46704793963151603 0.4573059874059101 0.45640345703130786 0.39051507227833926 0.36568858465121007 0.36230355341249304 0.3389641691053633 0.34513688335756626 0.29143046832175595 0.2939155226909935 0.26252250929580423 0.28612456022583516 0.25854986643101774 0.3036077202850398 0.30273246329817405 0.25500444695302815 0.23586758734155397 0.2327266535286005
