Raster_benchmarking/Raster/continuous/raster-147.asc
NCOLS 100
NROWS 100
XLLCORNER 1743155.5814047793
YLLCORNER 5469293.421426257
CELLSIZE 10
NODATA_VALUE -9999
[rows 57 to 75 of 100, columns 0 to 42 of 100]
0.49725866775635674 0.52329358447571 0.47400412686181514 0.4832100067575501 0.47939032356295663 0.5046497976102952 0.4661686521519009 0.48616073385913233 0.45078963791361926 0.38323932845823055 0.33588871847917073 0.338232810192049 0.3353588137512498 0.29747382354568774 0.25643773927022473 0.24754321314879812 0.20191738659067152 0.1919832029560698 0.13841510937999532 0.1301494119641733 0.13294433230988942 0.12314046521111519 0.13552699065660262 0.12901733309488853 0.14161068768044516 0.17132513263654472 0.19013475540795433 0.25259697555928656 0.2475084800528447 0.24723287903269586 0.27365750658047067 0.2668690286514457 0.24422460874196403 0.17611557847266632 0.13924299252339928 0.1427937100336998 0.15221347185907835 0.15824171847990878 0.14715050644894814 0.1803527123451157 0.20621251647199718 0.2643317796082753 0.24859865895984246
0.4742737153841784 0.47666723315781084 0.4695663170576907 0.49619122975354873 0.4759544129221606 0.4743104856739122 0.46684536010121674 0.4687834024591791 0.41459169503232707 0.397888772637766 0.3312102716900096 0.3353982258536405 0.3311193217382062 0.31045211556954116 0.2816663934081977 0.2631404978107262 0.20905818877105728 0.1750306743050115 0.16267171634921915 0.1733347084730142 0.12389772715583357 0.09280125997018092 0.12548459311585047 0.08410918696335742 0.09283819208247146 0.12046246672237017 0.15745013483682954 0.17820520324079792 0.19324887550192996 0.24446202179344606 0.24541323853424632 0.2631358950915569 0.22387218473506013 0.18715339438360945 0.15354734770676634 0.13594953902145973 0.1633171473338547 0.17028762798899563 0.13147601205868126 0.18875120527134778 0.19522076953004824 0.22767802841969273 0.2193929016983129
0.49395649306099154 0.4649519114478357 0.4492939782342816 0.46105645913093146 0.5148635393216409 0.5169906299744391 0.4796481470217771 0.465533798327556 0.4008136856292094 0.41463041778445503 0.35157685069425554 0.2984581340846745 0.3193766985600205 0.2999627948469813 0.28808204978156443 0.246853542771686 0.21091599240695272 0.19880250292957033 0.19457988988452307 0.18450184478255413 0.12691674946936138 0.11000937797349561 0.08350515935279287 0.056660070345994545 0.09491049909559676 0.11260554296138375 0.14137786912374084 0.18218708920859236 0.20224911710847837 0.18727311757641563 0.18195100777461878 0.22561044245241865 0.23233090530692008 0.1518300127451603 0.1611185351127231 0.13988764365488518 0.15923249429991299 0.13540814565597614 0.16867895341122266 0.1549934315122706 0.1597812783657208 0.21520246742154536 0.20722762067469003
0.5073283217609641 0.5093325656769999 0.4941114951446039 0.4890036253953199 0.5142658679208132 0.5070166282822908 0.49814156922575226 0.4484083241138163 0.39660232487459707 0.3658714836643437 0.3066120922278308 0.26358336297286666 0.2669711914936211 0.2840605357418652 0.2404950023846694 0.24003983094036607 0.21519311586390574 0.17143765723929758 0.184752423025615 0.13708291790416452 0.13535680920413032 0.07798703695656181 0.07129428780387399 0.09841716690339598 0.09084635809738088 0.11455342573820795 0.17888797995076638 0.17574831451059 0.21439542434441494 0.20465529823664638 0.1769664996734288 0.23129210523940236 0.21613018224771138 0.17710457498006407 0.13037934322442002 0.1464941065028274 0.14289251523494084 0.16233849878782267 0.15550502788871032 0.1726567795368419 0.15464789781867283 0.17730280522024527 0.21157743726771214
0.5571270390064195 0.5428714498581093 0.5739681285779801 0.5496435064454754 0.5487846551791953 0.4998912843436248 0.49369129680434143 0.45907931734060187 0.36837876207501236 0.34211826310972543 0.27738451966980815 0.28615012347762925 0.23415780602133587 0.2422157910013768 0.2433637531219149 0.27977534562908807 0.24747910684857902 0.17141075278776938 0.1786219358070256 0.11969966920931265 0.13579195408099184 0.10591916705578305 0.10186052059648526 0.06827909768722068 0.12272545072586143 0.13641152993618127 0.16682986375448744 0.18179623689768687 0.21877808827577122 0.19914859591402975 0.1881652957708816 0.19704633593373438 0.18674156081941362 0.18784532970023932 0.14836839382368136 0.12726264257614892 0.14710667137017452 0.17867598171370414 0.12769831596127157 0.16000537282704555 0.16850444260347017 0.18387266748573 0.24310525038182204
0.6419398616176448 0.5866232531088057 0.5954597152774224 0.5499205463901727 0.5356382118472846 0.5113431535698624 0.47160862645597246 0.4275185313333143 0.36345799745968743 0.32342535058106603 0.2815491431222493 0.2476405585412763 0.2414182064218142 0.26886807222546133 0.24487150618659395 0.27990715758293777 0.22862742326156715 0.16521222172450745 0.15238046244328288 0.149016548011683 0.14380170684490354 0.08226316638018989 0.08598077719065358 0.08796938540984252 0.1209823399882029 0.12600132025630711 0.15557355456960834 0.18748283873330018 0.178768570200373 0.17598405533790967 0.1694968297046837 0.1819355862393317 0.15219406267385802 0.15008257017211035 0.16833055135706385 0.14809215437135284 0.1253890184335034 0.1517949658833341 0.13134884867080718 0.1200637133136633 0.15734813241581525 0.23540698336552374 0.27290269011117546
0.6630656703491077 0.6556488196593929 0.6320318848572472 0.6047995074906698 0.5617999044044304 0.47449139766307596 0.4326838499938908 0.39159604598905784 0.3197896056522676 0.2937460962836838 0.26842595230681876 0.26431728684648226 0.2581593424085208 0.26757423555057014 0.2753646806705758 0.2873671682240192 0.2633937445593628 0.20396428325142085 0.16896382179191852 0.1482544240624328 0.11068294151998999 0.08605338122732525 0.09495621347446868 0.06603093855654457 0.1407653275337091 0.14826628562371663 0.13313103924742906 0.1361648801056478 0.16182319451748878 0.1777528959220783 0.1865458292256335 0.14776633362448177 0.16548544762977818 0.179479936551382 0.16365787026611694 0.15111333832910612 0.12324732492272236 0.14539574776580538 0.15437263238646604 0.10529325675023082 0.17636615666478012 0.2394006203136096 0.27181077391626035
0.679268456031853 0.686713691729282 0.6242106033667899 0.5675568947769495 0.5448790959146388 0.48576786013103385 0.4351479162962342 0.3955512873608532 0.34222317702545196 0.3152522872193929 0.27834046084851255 0.27953692235215455 0.2850945379449575 0.27533457744823064 0.24858545983722719 0.2570492507634051 0.2842195920129086 0.263630031314111 0.18258934902467508 0.18861361385280884 0.11624509656919707 0.11387212351491541 0.06826069328856024 0.09432693110418043 0.11547267493792286 0.1129904310668872 0.1291142878887929 0.135599399277175 0.12713518779095417 0.15570713462830074 0.1738112518874528 0.13757332543287565 0.14364958849739928 0.15243782314055762 0.15509442078614297 0.13681388458081778 0.12627903514969493 0.17276557572472886 0.14430593425726468 0.19372235537231697 0.2204751217542284 0.23221654287610802 0.27719508828087663
0.6912951740846188 0.6727960265543683 0.6171783136205287 0.5939631384141616 0.5391331712638959 0.527733260277531 0.47087695863813056 0.4398510075790062 0.39372867256780597 0.31039338069884476 0.28051992733271497 0.3285469056187135 0.29488340910490707 0.2826429700246608 0.30360472220138274 0.26970728159411755 0.28550810847978547 0.27103764515803414 0.2124928756978238 0.20508790647278713 0.16809256947719878 0.10375956785739925 0.07221150070171967 0.1253706179902055 0.12781354330479228 0.13426795984411832 0.17135323684474027 0.16871469809258421 0.17796853175377342 0.12734732965498236 0.15906373113273795 0.13788126876829496 0.137099715749193 0.14047820230533334 0.15983088986183144 0.12548947292210377 0.15693869584785175 0.19555059652936724 0.1989925095825702 0.2176052379114873 0.23257189342506424 0.24258518483810626 0.27674327377063423
0.6637418799403988 0.6660720861358336 0.6576380588832488 0.5731147836455618 0.5385747643242463 0.4879306035269517 0.4936949329384066 0.45560714057928725 0.4078438415424304 0.3674625523837315 0.3168466718319236 0.3226729227037204 0.2846723275302988 0.30518814378716524 0.298286569182306 0.27916331371328773 0.2547358350168411 0.21130560961636843 0.21921932020277748 0.21123124435906102 0.1918692819489008 0.10387318566589591 0.08878476413473224 0.12946626748014334 0.1308881571469322 0.14696473862669002 0.17596030150002423 0.20880352842011982 0.19585648203143333 0.18911547715061797 0.14133744531348982 0.1719866551101534 0.1546439638180154 0.14377287017197407 0.1571625748535485 0.1438235078846497 0.19811862445255404 0.22684918174549484 0.24306808770850236 0.24870548406185272 0.26460480655037233 0.24685445719403523 0.26112470712676034
0.6730800606237227 0.6386977066195844 0.6110824609433468 0.611991540488919 0.5369755582083356 0.503206483032393 0.4772842926811136 0.4161702950013062 0.36129639225076593 0.34970024963678265 0.31585804801861217 0.32527199666310025 0.30072369428252915 0.27139649781008374 0.28563084225609614 0.26480375416684226 0.21319208213550017 0.20889429400458848 0.20397011011912103 0.23944574510709138 0.198580497143884 0.13460651235902651 0.11114221934246507 0.08595883912426314 0.10050290702581709 0.14480012988658986 0.20015368504841502 0.1894908751705269 0.1655294401063276 0.192345433081743 0.14930956376092197 0.15035248977101004 0.19129673145124307 0.17003609996748012 0.1557810894064639 0.20132002622176345 0.2343826358792234 0.2267640703240478 0.2469087584614953 0.25979610356650745 0.24619575624645404 0.2736380600319846 0.2950077957934008
0.6217711319099457 0.6198483467731077 0.5791741349979878 0.5732136476609824 0.5554293501191232 0.504910685284096 0.4811395155280133 0.4041849206023112 0.36277101032559506 0.3499883544754728 0.3460396840191088 0.30803539328643287 0.2867299256195742 0.28845249511815696 0.25561934049185503 0.23326907586663986 0.2219289199218649 0.2112629082757276 0.24049183570621166 0.21738480415076147 0.21568371222962332 0.1834740846263143 0.13643229887108776 0.09802759755165484 0.11712667300987421 0.14429548804580652 0.1787713227016346 0.16921433578489267 0.16848682732291362 0.1839643340971418 0.17906404072500196 0.18012206736688613 0.19469825319063774 0.1971360243784706 0.18822990014027685 0.18858117073455635 0.19790546474117743 0.23006361891166913 0.23962840874146712 0.25107077609896894 0.29950845251078906 0.32212547984337825 0.32983827298219826
0.6184720051174896 0.5921377380875644 0.6006845480762552 0.5653438455522539 0.5204852639121198 0.5295842229790252 0.4838395214398271 0.4553724161898012 0.40773581733873887 0.32796618772306735 0.3037564411793391 0.29662148812948147 0.2582216646313972 0.30046679611358607 0.25100802669115196 0.21953456468230062 0.21491727529539592 0.18705861660319506 0.21970186936304 0.21725486621794107 0.18949746715866791 0.1584458642671592 0.11593513409748689 0.09125910527662817 0.1202457580013961 0.1473332449200336 0.14037382779113877 0.18174629631636993 0.1804361533624781 0.17586547864871752 0.2012968790614097 0.22890245303412698 0.24413771376203075 0.24009502594302398 0.20189402722814417 0.20834283272889187 0.1987297582959193 0.2282745110225239 0.23066704889614004 0.3063219732561418 0.28180509994954095 0.3380100723601154 0.33509420593696976
0.6289382002545745 0.5735254114876198 0.5747992025309454 0.5341346264785157 0.4854241099334541 0.5095693841199271 0.45726390308719544 0.4189083525030733 0.3753119872661868 0.36143751103067845 0.3110232075606356 0.2786497316708152 0.2569792497340585 0.2515478066253595 0.2208969081689452 0.22211627097774628 0.16428090517936444 0.13444854735419273 0.1446418544145068 0.15118049169596043 0.17435686694736624 0.15145480965846186 0.1086843357627212 0.14466813295802686 0.16203815766269183 0.1662635928048306 0.16038025583654453 0.18775715134874235 0.19282118882094823 0.21502367033029116 0.2089242155201473 0.2448837128008994 0.2581745770547289 0.25656501743611165 0.236834640942197 0.2227681091698085 0.22350613637147929 0.2258513937099932 0.2394312894775712 0.26980764431965404 0.2791881122584127 0.32832040697512993 0.3389197737939079
0.5892907315480308 0.5648590030356438 0.5095133096502822 0.4646792028952445 0.4739166577281584 0.4578931608241523 0.4200265116228735 0.45800612505233457 0.38515914252196076 0.36084717699936386 0.3070680124802749 0.26448604196738695 0.2731321236131184 0.27241340910654793 0.22117227690035302 0.16946377992105774 0.17439021507531804 0.14328921744920028 0.1694038467663099 0.12070752147722874 0.1815370063578003 0.16049571636632978 0.1550321449908342 0.13123402559896524 0.15694281342063687 0.16308431635518134 0.18203856654587106 0.1830661776549286 0.19873282128868416 0.22127908797600856 0.25613792539295943 0.27291553222464016 0.2561225703730411 0.21095978762613635 0.21570433948030926 0.18310012810670165 0.2021017610783804 0.2014702230866544 0.21011844796727167 0.2444773057559383 0.24048668556540087 0.2824514676350436 0.3030310317412
0.5634956765019626 0.5445212255696521 0.5166832377528227 0.4576708405601873 0.4462564827043862 0.4483853833904903 0.42144206255531697 0.4066409499074079 0.3950975208066882 0.3367935369311515 0.28684888139979986 0.2616447513185838 0.2753207362817586 0.2807685710202965 0.2223880135017702 0.1931599047831934 0.13629350432764897 0.12521683399135874 0.17599273276404406 0.15896597547323904 0.17077096121138127 0.16493467031107636 0.15322977577704405 0.1523387792100574 0.13806519814580273 0.16038008184896319 0.1931333071971648 0.16556787618548965 0.19963738287606808 0.2446300985064924 0.259392486095497 0.23389068387448445 0.23839483993547295 0.24985096435539256 0.19948080630687043 0.1963415281717981 0.20272769386195572 0.2504958043679879 0.23358668398609905 0.2669829037253081 0.25249565592374584 0.2670106963134959 0.32171362325103436
0.5546315246750432 0.5086487995573529 0.4526280696296703 0.4144261432778235 0.39951367243942704 0.3794134710934912 0.37629394780239006 0.3783043744274061 0.3450676542470905 0.34136201210288863 0.32309928447071906 0.28208822507130776 0.2917564238098397 0.24404963147450112 0.24894067079056983 0.17581728189021403 0.16127689055715225 0.16036423886294873 0.19119100953738902 0.17161233284610877 0.19676146188227953 0.19059054592788693 0.15488135114858925 0.13492451751926268 0.1242982772388356 0.1407215035858869 0.19828093109358527 0.1997434119447972 0.2208154205657838 0.23491987419569982 0.2704367053964604 0.24093370515371104 0.22939956626277144 0.2606454028481441 0.2405926695339902 0.2106134702889776 0.23591910733316457 0.28447206936752567 0.2582508458614663 0.2269005759743488 0.23860038983028878 0.29387954045733 0.3022972925605336
0.5471161296209867 0.49314300352067764 0.4767575775398766 0.415646110291715 0.39744471555801203 0.3958700423075205 0.3815616605785748 0.35355944421756363 0.3608071902871282 0.36239641904520187 0.31841944914224324 0.29773508847103136 0.3204437669816436 0.2573514292907035 0.2500089819866678 0.21025375623107934 0.19546192688575195 0.20061466496721989 0.20344817707773338 0.18287323137269193 0.2260062028854174 0.1951065378695907 0.15561990544726442 0.15405885373384828 0.12765289378839828 0.17664660735433288 0.21984142452749714 0.2318239045154844 0.2509768109837782 0.21508196068530266 0.23938153627879766 0.24815486190328226 0.24702900632901015 0.29804200997637553 0.26162568913464695 0.2695300584924532 0.2656122197122647 0.2489562380954201 0.23988661588226684 0.23873127946997916 0.27220219998708645 0.29028223782745527 0.3455818767084181
0.5580306942005341 0.5410387467045162 0.49669986212004963 0.4267324175961112 0.3685909194234274 0.3912610706034876 0.3511246737613861 0.29300460904942116 0.30009180853480927 0.32145728335371243 0.3173025154626184 0.3474700247439757 0.3325672550814618 0.3203938442754834 0.28465924827321437 0.25606121819099187 0.23245669551222867 0.25661964930311565 0.2502807628108484 0.19806962046440132 0.22208515822686511 0.23270201996733428 0.15579851805619596 0.12464988948697715 0.16909373479882273 0.20166573865963522 0.23647152767242752 0.22563932030076858 0.2569872183894435 0.24677391526925832 0.27653901895633604 0.23448942275627144 0.2617714180240942 0.3298681140226492 0.2808660422355198 0.30602661673858716 0.29366418157079566 0.2509381404483368 0.2417632288732972 0.2632779342304774 0.25463698697871345 0.2615452085491826 0.3372307898849207
