Raster_benchmarking/Raster/continuous/raster-131.asc
NCOLS 100
NROWS 100
XLLCORNER 1743164.7165043224
YLLCORNER 5469290.931818535
CELLSIZE 10
NODATA_VALUE -9999
[rows 57 to 75 of 100, columns 0 to 42 of 100]
0.42115632653851737 0.48144011918464663 0.45402452253002656 0.4207725967040757 0.3981069102694524 0.38920056156561955 0.44200681005563164 0.4285614289964356 0.445165596823912 0.4684196208238881 0.42312481744315844 0.43460788337905243 0.3993899964730555 0.3638806851508975 0.36736042306539823 0.394848150686499 0.42543594025605586 0.4407613788215201 0.46280626951581794 0.4329204323374438 0.5202068545661278 0.5338288186036099 0.5497750962614972 0.517788563484072 0.540459407074298 0.6009338820910256 0.6069957756220565 0.6678347342188052 0.6971154357248871 0.7237968596983971 0.7554373118775566 0.7006327716254609 0.7391060940683503 0.739733172630157 0.7670172877943556 0.7920553006809713 0.7520052883623378 0.7344110715830505 0.7303755565169098 0.7326685615681171 0.7885907906756059 0.7787045808094655 0.7485803074706946
0.4151629971214249 0.42311829555881997 0.4286666445339594 0.40640456715816636 0.3728789640583668 0.39303356889960483 0.3765691825740932 0.40533955701463414 0.3977892021601402 0.40513375784181727 0.41404452939152103 0.3911198076240821 0.3762236594268826 0.3727790547615689 0.3714115520388117 0.40379830477948137 0.36484661190820167 0.37415690065655577 0.3831422743350302 0.44199072713119936 0.49258439380057334 0.49470336742101706 0.5208477456303741 0.5192353945182154 0.5257710343214547 0.5577477530710647 0.5646888021654011 0.6378967365948099 0.6695410818465122 0.7156973308990787 0.7440349978193855 0.735266237972434 0.7410914840326847 0.7635525838752022 0.7486296958875422 0.7885941628303416 0.7599694021390477 0.75858733731533 0.7377224259849597 0.7463010960159688 0.8022743024855712 0.795924590883788 0.7771996752138377
0.40550259545836176 0.46469671929719286 0.4157087254074805 0.3721827600456369 0.35349173939436296 0.3813567581204735 0.3766249998158568 0.40334947165019747 0.3559505855475159 0.35289993618193527 0.4039770129659597 0.3807500466732799 0.3196289924609729 0.3244712316754101 0.34983193004021984 0.3814742674576752 0.3448984897413362 0.3185341625334532 0.37241819156324923 0.4384435999547699 0.4789756540390813 0.4864724878714028 0.5088415757998277 0.4641391732318748 0.5203192333202786 0.5170241243059965 0.556087815593903 0.5693571517668524 0.6824198366941482 0.7415126631777021 0.7528593216328909 0.7573014869029648 0.7426879263010595 0.7418808796513372 0.7312345406276707 0.7917377714688413 0.7619998737644007 0.7851643535976243 0.7963891659010481 0.7635601907125266 0.8100159138796659 0.8329477257368133 0.7864144484640269
0.4484732194279256 0.4619867721040467 0.4200049940628234 0.39599594150695056 0.35197251343895414 0.3754689838267683 0.3892348660977287 0.3742066436766331 0.3612958517348369 0.36093385788601784 0.3482125650880036 0.31273870425754946 0.2913408188036687 0.2602687244757815 0.3077708450016099 0.35329292949912877 0.3352851306376467 0.34443926011552767 0.36956092732058665 0.4120156233579598 0.40939765812236945 0.43378583789774156 0.4720931023881234 0.4718055021620728 0.4952689744758973 0.4997619346706194 0.5111167938176101 0.5334122962879796 0.6453673635250975 0.7051035850011481 0.695677547148446 0.6815730823336866 0.7047851142354868 0.7240634917139596 0.752103173644866 0.7429144858480149 0.7942741342123154 0.7831379202594209 0.801573671121346 0.781994539137177 0.7888508439145562 0.8253755443459772 0.835885248952115
0.42081328923263744 0.4682069625494033 0.4397691301001356 0.3922702101701824 0.3594043399350891 0.33063124600344274 0.35016509769679127 0.38338685123326743 0.3863927510421099 0.4077607482318891 0.3579868134661144 0.3098319650477265 0.2951566335392201 0.24077262373839475 0.31860280962867155 0.31315614057114316 0.33921446933781413 0.343620246142162 0.36210309806416496 0.33091202035984507 0.3579801813427569 0.4100467628125845 0.4260003092146888 0.4214361064086773 0.4551432497494623 0.4981532637919379 0.4998400210791825 0.5313087871097057 0.5994401915007604 0.6736199589683229 0.6535846457557064 0.66364141143869 0.7011713060231036 0.6746611669792122 0.7058321495694563 0.7550766150285957 0.7525298738063553 0.7897906910656933 0.7956769169526722 0.8289793671282205 0.8169831920584617 0.7914544519259626 0.7896629166357153
0.427947107484764 0.43105950586471525 0.3874374944572342 0.3421410652202136 0.3346773036441249 0.332113577704199 0.32102174957898405 0.37876388950029455 0.40276733028735817 0.3940565169961928 0.35107131019828286 0.30401671916866646 0.24952782735903464 0.22325340633922058 0.2909026114743714 0.2973693357708196 0.2773276609488239 0.31683465333304434 0.33967362209999946 0.32995002202368817 0.32323647870862576 0.3853747301462677 0.3816370330784588 0.40460802507267035 0.40379256948292896 0.48080526941779766 0.482322535162311 0.5115280087374479 0.5526441462346278 0.5975266923831961 0.6318880617579181 0.660411258326522 0.6674706637705928 0.7065291687943801 0.7401780074035993 0.7333972786354824 0.706991110484872 0.7571862345139311 0.7593525327971137 0.8063013902406369 0.8086279329647942 0.7912903482316761 0.8189363648955729
0.3698990404172199 0.4291070780351833 0.3661448569211288 0.36794667693533545 0.3293623904019957 0.3127431745645285 0.3269531313183538 0.37146912661036396 0.41183312821284884 0.4065811833349139 0.3216045938809393 0.286597851365264 0.25357551313864113 0.2193788824250568 0.23204208034785456 0.2807198110129987 0.2737655170391795 0.2670232567985141 0.2823230346767491 0.32607302111616315 0.3438722324010309 0.3494518018806896 0.3561438798403181 0.34887696181940475 0.37611673366440335 0.45026496394316645 0.5046786967875927 0.5245287453893038 0.5712354157967129 0.5677717099549244 0.5848665927624004 0.6033995674465162 0.627258708190105 0.7308828608779602 0.7014590769112721 0.6864941703898092 0.7140691640740071 0.7142828079618833 0.7592149939765013 0.7266404995558181 0.7502556561653126 0.8075098420514345 0.8160991602090473
0.3360161345042378 0.3567829611922847 0.38840759336148284 0.3700154975293583 0.3646960059461354 0.30150453378627595 0.3139746194684633 0.35191582117609305 0.3539443888774185 0.33417362245045923 0.2904032397762853 0.30349948441837055 0.2730147419058343 0.2559734423565802 0.2514442964648012 0.27082848943660454 0.25454025915849515 0.25978621435871646 0.27243356037611255 0.3328438658355414 0.3421274276292275 0.3657240051408639 0.34406892683564655 0.3894493293393832 0.39963947065799316 0.4254427385418507 0.4618333127285802 0.5053014428350611 0.5366117836582782 0.5297948277636626 0.5766519036932133 0.6237557676716057 0.616579069944406 0.6894750375744704 0.6895946443399653 0.6995181151479676 0.6883996491319286 0.713721693873279 0.7189993386921465 0.7076600430327191 0.7560901637163522 0.7611980727385771 0.7578623819037558
0.3033591818553782 0.3269353319217699 0.3423530502249101 0.3776748491921673 0.3372410828816144 0.325309437448724 0.30437613420985404 0.2840267450268777 0.27269589058445093 0.25734519951532275 0.26555845729303773 0.2583085761756543 0.24897447802780942 0.2302870199130323 0.24011996225028992 0.23663422156370167 0.2321579950263232 0.2534273266068117 0.30301541797498205 0.3164334388560711 0.34226387187015206 0.40275858458502123 0.38826117047185965 0.3681903727164238 0.41509564630740625 0.3954468231060301 0.44745007856871644 0.47593921426866304 0.5235714806488414 0.5166451538155256 0.589512673763482 0.6172445479763653 0.612786928063438 0.6315678391316965 0.6651471430480096 0.6919352396725242 0.7374993923868168 0.739852583638187 0.7300552536046595 0.7518212694515265 0.7541502187238559 0.7201224836390038 0.7589288324549623
0.29140748907632635 0.3244405775320619 0.3086385051536181 0.30404646218554315 0.33293161645535707 0.3349042745403436 0.28462871813626844 0.3070256270527242 0.24145344094723445 0.2525780780105601 0.2307867656473698 0.2456422879997728 0.229117832531946 0.22339640364511126 0.2162700036465365 0.20238723469444672 0.2301167207763137 0.2553711166900428 0.26240161461102074 0.31666132302615724 0.33030062167919233 0.3892466589575219 0.40709917046769695 0.41247062194775663 0.41428646144505415 0.40948600686445996 0.442910596198839 0.4899281448443838 0.5157316860214122 0.5163875041702789 0.5938887652408725 0.5936907175246182 0.637191508813918 0.6129315046081223 0.6841834722155644 0.7213461360763802 0.7498553821730565 0.744291955442347 0.7369924248702839 0.73980382980736 0.7602325349193756 0.7569608734615534 0.7190369255508701
0.23603782094764528 0.2587208116831515 0.27759714863450574 0.31261462998000206 0.2884884708872258 0.3139787495531288 0.2791261073798562 0.2967313361505269 0.22814700560293413 0.2410676109668601 0.21031020871565256 0.24464605539571088 0.21158173049759238 0.17893157348454652 0.1885833268540262 0.20271489310267984 0.20814142124665694 0.19431370380667173 0.2434212694698695 0.29626897400480623 0.3441319458670146 0.3741528720554352 0.40111697635846955 0.4007204866807597 0.3915944965327472 0.41284214984325673 0.4315972875723053 0.4590333105331901 0.47245934594214506 0.5425177862618445 0.5580575798558945 0.6300895855096266 0.61009891318394 0.6202859850001711 0.6964632334009097 0.730070756981084 0.7726877176440409 0.7786662436554823 0.7756657457440164 0.7443271693342774 0.7603185360268159 0.7471428257473949 0.7083943100485928
0.21794345869932297 0.2177812563991806 0.2401826791444146 0.23550289453070525 0.26361237006920063 0.2447048910136919 0.2316500126080731 0.23399363869562861 0.2388317073241925 0.2570402441720218 0.22975059155256525 0.19315620333800865 0.19597717150807456 0.17433194668043486 0.1722132535587941 0.19854140791137778 0.17546675664068284 0.20464973785825297 0.23326428874685695 0.2431306147748413 0.28440931437466493 0.3273271298946708 0.34304883496051874 0.4047201208388525 0.39715556757402076 0.4288560022339113 0.44294092116817385 0.4317679268297034 0.46787843077227 0.4899345250350072 0.579345616787671 0.6043185698609467 0.6442928976413753 0.6311825649172419 0.7002733950016464 0.7083389509204181 0.739180484690433 0.7310168095848977 0.732125927441165 0.7598007657668453 0.7429044097989936 0.7287781983532602 0.7126745938471434
0.1811091269079788 0.16793674984488466 0.18084797054533513 0.1655444077292795 0.19079180210324737 0.16545599796275096 0.15700435743644725 0.20777631539296995 0.22605523508828032 0.2285797009849352 0.19095243270875892 0.16009791147905825 0.18127234027584618 0.1591408019293883 0.1653140548501121 0.14628966829830248 0.19289670595614303 0.21020962556992703 0.25667434686000784 0.23582853900240652 0.2974991099148137 0.3171628493043292 0.3263385848698354 0.3585286809363678 0.34347605621138405 0.39957807280209795 0.3923278237319902 0.4479189704277227 0.4626640314051877 0.48455615484192555 0.5722163886839832 0.5789097711274291 0.623151871405807 0.643741811557163 0.6497767464660593 0.6968111358602672 0.7120363218316648 0.7135836639206807 0.7663052021448375 0.7547190582418194 0.7590597106273598 0.6968675423719106 0.6705810832678105
0.17425541930383512 0.1550616725072133 0.1967577529215384 0.20535987282253879 0.17776722118063665 0.14373432173388795 0.1404470019835643 0.16093393535492503 0.1792556804765039 0.16462626422905832 0.1907502250688015 0.15539272285121844 0.1896934483657863 0.15392205311788085 0.15347226095930505 0.17833128203197196 0.21803436365520815 0.20951460193816554 0.2316241231913083 0.2536022598286843 0.25568714801098064 0.3484304305383386 0.3438852195576797 0.33925650710592964 0.30665324159157237 0.31450456497936086 0.3402910056362041 0.35874720823579426 0.4030142570578952 0.4867985943315968 0.5380703556658073 0.6125262310322063 0.6256931488963449 0.6583997334821425 0.6656647025671633 0.6887014368406315 0.6995827447198899 0.733335856360634 0.7445261060459089 0.7618447454357983 0.7305577579947655 0.7181516853908538 0.6596619975363647
0.1735374124574324 0.15959380156743017 0.18385433801683118 0.17185031413630594 0.175103015457798 0.1083510406809721 0.14532880024229378 0.19071974422061605 0.17021091261220078 0.17978733737847244 0.1703755258216936 0.20256919054637498 0.20086201820153513 0.17691569995193054 0.1601607525306983 0.23256403397103392 0.18427877628816142 0.1718392517715155 0.23961267931051633 0.23578409078934595 0.2650842739532998 0.35464469545913274 0.29363856429912005 0.27019459097950865 0.26322898838037667 0.2803752084360028 0.2954495694259446 0.3361011360141532 0.4042683760582602 0.4425316582845658 0.49477959308351865 0.5870368621357115 0.6429257393293771 0.6441413365589301 0.6250508183090788 0.6632049006224914 0.7270160102117544 0.7616009323135143 0.7105711488883768 0.7464674763204716 0.698527150914805 0.6866356433043032 0.6455862549970642
0.15657279142821487 0.16725793136598502 0.16697796997894063 0.14778618256263562 0.1363507631939499 0.12414300214522608 0.13642733255593678 0.1760478751986963 0.14502132674006118 0.18136048695332066 0.17126643457727647 0.1741902179671647 0.2097097855232485 0.23145638857288378 0.1992764500946037 0.2139555369394658 0.20806325962543576 0.22251815787144655 0.21500659053791477 0.2779637163783407 0.2814326431496251 0.3385115318137441 0.30212810017256675 0.3038312767617228 0.2794538127153122 0.32681413202673354 0.3478625803818757 0.33748515024642145 0.35789190270438775 0.4127415143113295 0.47216048768233443 0.5600872745109858 0.6029760434316189 0.6011752401211012 0.6286534013218804 0.649285581995041 0.6658632974779741 0.6852644531105663 0.6893546547113688 0.7225766873507091 0.7127423308999701 0.6951701733214029 0.6402222842340042
0.10921987601866583 0.11473279209914732 0.12226658823390572 0.15853193061880447 0.11398189357411243 0.09935457410538183 0.13132997599921098 0.12177347151716593 0.1805669765400898 0.16053375333767955 0.16499495795507071 0.18284226732450276 0.2142719694107966 0.24506819495201096 0.23438399138489313 0.24482770233163453 0.24311203082569496 0.26680649674851215 0.2549759707487033 0.29760647453908734 0.3079106458543105 0.29742131512739045 0.27558221888297607 0.2662995224743259 0.2939363561801551 0.344963399531706 0.31967121979217433 0.3446047838820933 0.3626846718328088 0.42470019727059055 0.4748024990895226 0.5418367916502883 0.5639171193417807 0.560457648838955 0.574458227840927 0.6088069626584057 0.648742908742775 0.6378821116785359 0.6930492801404309 0.6912042234929843 0.6661917598113816 0.6266562407748366 0.6253182628253053
0.12580751271863652 0.13666492580928455 0.09753065286212652 0.09745891376935173 0.10209038032666198 0.1193589566780933 0.135201439665894 0.17700784632616837 0.19563441081246585 0.18449837236345612 0.18225776182537362 0.19059648570753654 0.2427306590432378 0.2474458679107681 0.255511983857714 0.2623269196380711 0.3227010148878058 0.3313255715621208 0.28242499213149275 0.27516431661704677 0.29241026408168114 0.3150431071592863 0.2963418984827181 0.29935667414005324 0.31387048610554624 0.3371466642677072 0.34398248569742657 0.34038180208846763 0.4149217696586656 0.4720478935623826 0.5156846518563145 0.5464703343967152 0.5209489618294246 0.5488630781700017 0.5896832790492705 0.5979768560964955 0.6265894516638051 0.6495312301800094 0.6581598972606658 0.6820718108533802 0.628870740680702 0.6072603789030369 0.6102290064371079
0.10458497385127753 0.14572747750621232 0.10888432788866784 0.09036359285674309 0.12597238899403274 0.10005431954818138 0.11891178983957588 0.18338518081323651 0.23833212101599097 0.24011534954262267 0.2505010537537663 0.23493495793477842 0.30812383761443674 0.32636526020107737 0.29125939721044586 0.32339667211941303 0.3006705839086398 0.3370206310097992 0.31957459269092825 0.2678335694175888 0.29515839540458055 0.30823632803915013 0.30222313780591475 0.33263853405002336 0.3056486481467427 0.3282906300734698 0.35982603321501366 0.338818364397047 0.4076129872206163 0.4800190653461356 0.5257610312636477 0.49789732638707807 0.5567232532356416 0.5746068344759052 0.5753496714913863 0.5631378526217621 0.5830157141415225 0.589861403676273 0.6417024610642403 0.6340931979483366 0.6210542408078592 0.6062386038852965 0.6468831601695605
