Raster_benchmarking/Raster/continuous/raster-439.asc
NCOLS 100
NROWS 100
XLLCORNER 1743168.902496596
YLLCORNER 5469283.447737298
CELLSIZE 10
NODATA_VALUE -9999
[rows 76 to 94 of 100, columns 0 to 42 of 100]
0.4239365379193541 0.41679141017000904 0.41455831283583355 0.40275052164552305 0.41987964003784206 0.421556032451381 0.42239246172212636 0.41958527246060934 0.4026960649745961 0.4090105795233291 0.4161097574466676 0.4303791150173494 0.4591178929901581 0.4713505179139841 0.4697961448633784 0.4611937627800697 0.46148054728180404 0.4924114290317402 0.48850724415509955 0.5187241945577207 0.5236505103640762 0.5382484454442636 0.5513114528008844 0.5619704475459896 0.533782887271273 0.5248268245993692 0.5400162912808746 0.5444462715767462 0.539723387319541 0.5525349359530596 0.5568919122606034 0.5531133336264863 0.5592398190577887 0.5773947261935248 0.5687377874921934 0.5593909847750321 0.552713030932315 0.5647475732498343 0.5989130853709246 0.610261092685925 0.604117680154324 0.6284154929887912 0.6260760607226513
0.4546283202083057 0.44821578896489267 0.4153765816614694 0.42976822641543466 0.4347519367885166 0.4541336013616287 0.4500983233368857 0.4488027838454235 0.42111171267026776 0.4217835086981663 0.4399980807557464 0.45390295129405633 0.4659194136362038 0.4856014032981404 0.46730105069144945 0.47244197481127737 0.47762884919150966 0.5088982329452858 0.508969524915547 0.5436934374203787 0.5537618835920618 0.5687777277013015 0.5750768908263488 0.5540364670876282 0.5369573681153879 0.5348023381055822 0.5668462466505066 0.5663101638930325 0.5740538123803414 0.5543941025485528 0.5624509290638597 0.5874828809615222 0.5947858998210721 0.5885543231726222 0.5950898154760619 0.59279576063146 0.5781792156511829 0.5769380990991957 0.5882343977543815 0.6028543844946413 0.6207226390868645 0.6252683817146736 0.6221771498918186
0.4462059585456935 0.4564997320256012 0.44689290361690714 0.4437539078455398 0.44423354043727137 0.44734065083476166 0.46807273169535746 0.4594916693010102 0.4531035020041667 0.45243053976164965 0.4557574835325423 0.45392830247720106 0.4812947598879064 0.4904148401513791 0.46960904923283847 0.4802886729986308 0.48274276304799896 0.5006459329407087 0.522152979288066 0.5366242979072978 0.546058092829341 0.5604509266586967 0.5542715910348227 0.5473437335096135 0.5571393434830911 0.5425253474737308 0.5551146729526207 0.5662039306596097 0.5701469899035885 0.5784563191833852 0.5818024518814736 0.6035179316237915 0.5910071964506336 0.6089979360022354 0.6154966511040156 0.5904956905464528 0.6085808299716894 0.6094252124427587 0.6064024252125128 0.6298491439142471 0.6453286781777416 0.6359713530849693 0.6277951523036057
0.45631159291526974 0.45551034148801434 0.4573081157649426 0.4482414414165851 0.4679029486577907 0.47997593968848157 0.4600400693208004 0.4534074799687958 0.4504269072544944 0.4523124148354755 0.4422383071009983 0.4690382322767648 0.4916547566564794 0.5014797834361463 0.4792447397424474 0.4974353572319738 0.5019234004558069 0.5045440511976795 0.5139646645327142 0.5309581583067554 0.5617133946159685 0.5787709909609241 0.5712163020236821 0.5467459017296394 0.562593387570809 0.53761518093653 0.5458371588239992 0.5648364264052994 0.5939325341048134 0.6154065957477945 0.6378154503504574 0.6174420986771508 0.6077289425283952 0.6149987803640955 0.6131122072068 0.6154774995580387 0.5948502734444171 0.6067665037339388 0.6204523383508352 0.65282559298196 0.6707365779946274 0.6591433269379879 0.6726482687450925
0.4791924069164606 0.4889980952114862 0.4865359732796312 0.48455948661302684 0.4893120939719923 0.49293214718454703 0.47426645625359537 0.48539507222903333 0.48067798933515876 0.4807381309067471 0.4619316028678732 0.4669016497339285 0.4974948265429772 0.49337500944402984 0.5009106805295921 0.5128926020415384 0.5116618298761763 0.5173265082562383 0.5198065028139816 0.5438645575775474 0.5483556461711409 0.5667518206176758 0.5778199023263704 0.5664140210308429 0.5658309881056361 0.5563292001077429 0.5716782448129434 0.5758756574860614 0.5755395604792034 0.5922284369744563 0.5898390174610957 0.6052758752174485 0.6064366632267458 0.6175734867096375 0.5984489889617305 0.6120670570553557 0.5989605004362708 0.6235299841604344 0.6384619122094984 0.6379197231932803 0.646957713425558 0.672316962787949 0.6803126899394141
0.5014415109205322 0.5077478639828108 0.4818495498796982 0.5049440762681703 0.4852866210923385 0.5109547523095658 0.5107425894526382 0.4950016955500696 0.5051667150581831 0.48210895482550614 0.4794317820128619 0.4777380213493797 0.4920359865055485 0.5283272733337713 0.5319102413278929 0.5402371578868191 0.532705265329616 0.5570738901502053 0.5604850059906032 0.5683968899097345 0.5686101641582209 0.5781956491603074 0.5775932783138831 0.5697726242663481 0.5890999215286581 0.5794296761107324 0.5885746743540873 0.5862016184981876 0.5727501094325188 0.5648166460529164 0.5798093953555752 0.611148742956076 0.6229897960070319 0.6049645378149485 0.5925551317639598 0.5966080585670408 0.6089170491124702 0.6333840811275654 0.6291798277485816 0.6471270509653473 0.6646808704621681 0.6691288339914164 0.6641137972928884
0.5369152523467902 0.5121987459053234 0.5131446833157162 0.5127893066658585 0.5246806025325549 0.5208423845043774 0.5157466719326619 0.5332221054550229 0.5237633122155514 0.5131548706228065 0.5251788437457742 0.5065083541808522 0.5326850917274687 0.554708806335831 0.5631007179665877 0.579486689782812 0.5524546800990384 0.570464763337669 0.5835385018956339 0.5699182805522635 0.5652399947677685 0.5787149913299732 0.5853510618778339 0.5883307107246768 0.5827053101154134 0.6061644295820067 0.6010499665009554 0.5786050546125221 0.5860354211134841 0.5724858343868143 0.5823326202683567 0.5998687826306102 0.5966573191018328 0.5983668340501389 0.60603666648602 0.6171949882032064 0.6057420297191277 0.6203148944483629 0.6224188685208212 0.6392810261174426 0.676117856632105 0.6744529591847178 0.7001062136439665
0.5497749355529692 0.5294376377928476 0.5160250020749715 0.5430262989096221 0.5476584790887222 0.5353289368141403 0.5586356426967339 0.5469600622391608 0.5552524052334614 0.5336352618678781 0.5430369006582675 0.54877246375369 0.5502501394350607 0.5782200887310015 0.6080177824888751 0.6081971018339388 0.58986459255165 0.5946186054807818 0.5866041874116795 0.5833741882206203 0.5824234718085562 0.5890323121717551 0.5879012359659972 0.5749155674810887 0.5836336002303877 0.5950194331696175 0.6095113967341741 0.6089418776796204 0.6056034692967737 0.581528502410604 0.5876594339508067 0.6068814847462386 0.6195878319671929 0.6226506416519926 0.6102688505873032 0.6145399405124774 0.6264884525214233 0.6326807988728127 0.6258703945617001 0.6401109049150725 0.6830816117924421 0.6865411403264123 0.708042894132156
0.5737947079875256 0.5615913978492183 0.5348858121152207 0.5349903351466752 0.5421891249971853 0.55763630222324 0.5462200247563807 0.5482672018076634 0.5338660659355722 0.5343489982082161 0.5518007729663398 0.5548803436605084 0.5630328710993509 0.5941532097219899 0.6164011232391218 0.606399882187665 0.589311627004024 0.5708193920393766 0.5718826550056783 0.5856913344558661 0.5825611789768342 0.5760590908139187 0.5941791000982634 0.5831484716574635 0.5948436985858345 0.6005571451171492 0.6109026163368402 0.6264652583533583 0.6215387247693134 0.6039813588585712 0.6058486484017717 0.5926880464753969 0.6024918404558258 0.609337509734283 0.6181526158033004 0.62292404742652 0.6288322566940425 0.6395744861371445 0.6426321940122681 0.6592344217745476 0.6959885933181196 0.7075469058729643 0.7137300778654557
0.5938141707357011 0.5583409398954539 0.5565321227566857 0.5421807726714816 0.5262319887077199 0.5467457193888168 0.5406062708015893 0.5473533115001069 0.5357613167758575 0.5519635888473302 0.536844218406219 0.5804583527385709 0.5953714945605165 0.6140446129034854 0.6352547103672006 0.6175236992630844 0.5957522202969118 0.5728952490898401 0.5713767380875969 0.5947415838765685 0.5898045534474358 0.5862141194907161 0.5736331226067454 0.5833447691571185 0.6270020970083466 0.6146837782499673 0.614739822494855 0.6454130373575336 0.6371332136270422 0.6025095176055649 0.5860968563094319 0.5892773933846012 0.598777890127066 0.6112514057225227 0.6252756762131089 0.6312331162242576 0.6264136107311439 0.6521550043214369 0.6481749960709237 0.6699272481233312 0.7106422126561528 0.696896838998842 0.6988813033844956
0.5904578843097749 0.5804089283207483 0.577128162191263 0.5511085865229124 0.5570600393740501 0.5392413825978271 0.548035166486476 0.555942049174487 0.5453309258960873 0.5448695330686607 0.5584013501081165 0.5763401623392553 0.6155373552280925 0.6256334834683653 0.6416385388723039 0.6168510624383193 0.6117344404729496 0.5906844911978837 0.5869605791504855 0.5916779610357941 0.5768473592905243 0.564146058137455 0.5743810053236266 0.6055342074557949 0.5989430993639251 0.6070995114160525 0.6416680594882893 0.642989779572351 0.620788468589921 0.6126887237469492 0.6170153204354722 0.5961586017749961 0.6163238748125038 0.6301452387045738 0.6541756919532968 0.6507141601343618 0.6560901568459054 0.642033301877859 0.6754293942464762 0.6817657092559221 0.6882163874972416 0.7127309138997127 0.7258889724846831
0.5923371590335211 0.586176639927476 0.5819548113771469 0.5692916717259119 0.5585789688194918 0.5383559149110235 0.5523145412897867 0.5700387790731114 0.5600603739069077 0.5659469701848251 0.578566012587414 0.5977868414634834 0.6019917783064824 0.6425784850949318 0.6604743259954702 0.6298876503656307 0.624885620086543 0.6021752572607633 0.5954746852606109 0.6081860231880811 0.5899450687433524 0.5723711959569736 0.5653267859682866 0.5920644659098373 0.5954259867871511 0.6227826657028349 0.6414001214485333 0.6363965005047504 0.6171905688974814 0.6289616975922289 0.6182170478997134 0.6074344755522284 0.6054254965109448 0.638717188921445 0.6707990927293997 0.6547296279071984 0.6589640903804784 0.665591872549427 0.6883435467303455 0.7000120222131094 0.7100856783105891 0.7247707202191124 0.7368742332105845
0.580383015293719 0.5955601961070672 0.5929175321761193 0.5602235143240866 0.5722492047648571 0.5528186466605033 0.5718186373418616 0.5588507294532343 0.5946203468715625 0.5960975989398706 0.608401509962485 0.5978329580117682 0.6267040193455427 0.6391304468202912 0.6437513537647969 0.6552142846758502 0.6430613641349542 0.6343827000229438 0.6204089650478609 0.6070903188282267 0.6000394244357026 0.5923722197800407 0.5883176567779741 0.6129916665775013 0.613734756606249 0.6498037300291903 0.652799192436021 0.6493456974043725 0.6222879650315105 0.6116046585745002 0.6280780156466237 0.6290477874992441 0.6151623725401737 0.6233054623751388 0.6515529225274851 0.6438316116984539 0.6723048577183275 0.6907373522816914 0.6939577085200603 0.7184376344427293 0.7090138358914527 0.7032380316586598 0.7182243421584443
0.5936941316813364 0.5811056209942524 0.5784256742527332 0.5781026287727355 0.5775594558385468 0.5666676584403715 0.5693112580342922 0.5781024820050292 0.6048873399981729 0.5991934275307468 0.6277026174844225 0.633097326164264 0.6286720749358661 0.6410367260752783 0.6322313596150198 0.6613318174041263 0.6481893845097711 0.6308350203156298 0.630246988222481 0.6183203479780714 0.6233994251544432 0.6223648206183623 0.6283252439360747 0.6391138523892061 0.648964691894265 0.6473417039968589 0.6652790446905956 0.6662811500760284 0.6454244568225299 0.6122222330682231 0.6183580588757044 0.6118430524207852 0.6150113798171617 0.6340235784024922 0.6343113264992588 0.6496424766079395 0.6685069111036578 0.6967595284810162 0.7171337257677578 0.7097698169404907 0.7054736886705912 0.7251027996629514 0.7204793982082749
0.5975634607093296 0.5909778304789572 0.5859024766082992 0.5723265064740019 0.5922113603326459 0.5852118760654035 0.5869861724920501 0.6024782586877403 0.6150230056818383 0.6265379381369831 0.6277398874883335 0.6322395654964876 0.6517433119956082 0.6512061555155767 0.653839641793578 0.6650344812301501 0.656579672979662 0.6674281463007264 0.6660475401087966 0.6333065477733831 0.6477201531846669 0.6293856846407055 0.645319539859013 0.6343267682959337 0.6501435242278263 0.6462224145623319 0.6436340117070567 0.6428215445604961 0.6371405450540459 0.6204034916674569 0.6112759667450125 0.6044751789650403 0.609767815263912 0.6400136656597059 0.6327155796880009 0.6505399318080113 0.6745221786748875 0.6904182873157959 0.7186855826427482 0.7049829915676152 0.7253386648578466 0.7147305970368151 0.7302409652587125
0.6064803650153463 0.5846479510953202 0.5818315277740292 0.578019603940397 0.5777546877332596 0.5797181385959277 0.5903870439712275 0.6241411015722901 0.6419011996768907 0.6255679528747095 0.6514762929441663 0.6591401527415575 0.6493723473615131 0.6717549770989784 0.6825581045844369 0.6600960431561397 0.6706657811118784 0.683906990937414 0.6778536859565911 0.6520144647316125 0.6543741884252001 0.6501317238027738 0.6495615994396088 0.6370350615017748 0.6379778336605937 0.6487183258929186 0.6444890697789839 0.6382819227059957 0.6194741602217917 0.6188346147119249 0.5999829490241313 0.6236866341003879 0.6364087941011196 0.6498681013642571 0.643929542436559 0.6553947751085233 0.6654133017584019 0.6799536576781614 0.7157926515508596 0.7176573851316218 0.7131745580119941 0.7281883772710986 0.7508436109070399
0.5978519308651707 0.5799578875895276 0.5839119223689341 0.6062254295833007 0.6102226722390717 0.5945609602651608 0.6170852260444247 0.6277412006348277 0.642971474456316 0.6367072740129959 0.6589679350915101 0.6644035583507139 0.6495054906915826 0.6722722269305471 0.6604172134362317 0.6678578574478506 0.6480812035336154 0.6621400433380136 0.6606789127935214 0.6632451494130256 0.6598973163924566 0.6511315323873478 0.665416600725336 0.6400220577996223 0.6649917651268803 0.6660992264947547 0.6706524378813297 0.6656297742956525 0.6485009122972817 0.6479697886302116 0.6216301813924404 0.6353089178138877 0.6324824680550514 0.6350917279694274 0.6459126625399418 0.6441234928725066 0.6752715607662931 0.6748984531777426 0.6971062183896936 0.7239174904715425 0.6980538676491155 0.7082180418177036 0.7252027563273648
0.5829167517001643 0.59896054170922 0.5954042631131531 0.6120370609724534 0.6197726570164906 0.6034860014027014 0.5983931734852591 0.6191017141616981 0.6251429769146845 0.6447580970625795 0.6474640039452066 0.6523584657424532 0.6685259083939187 0.6763542684232834 0.6593162130488053 0.664924619527165 0.6515409627099795 0.658339260034018 0.6420343167859662 0.6486608709958346 0.6428774465335181 0.667715617572437 0.6634238450679477 0.6710637861986373 0.659454100457559 0.6526248147477917 0.6657635569777257 0.6591791117027684 0.6759381238094908 0.6431094963543265 0.6336110532048636 0.6322159149158053 0.6232034481141338 0.6554244897604381 0.6662696718155189 0.6605662826129692 0.6585193572011969 0.6789785515548054 0.7034662467727748 0.7052780255623464 0.7033648249158058 0.7004647593294124 0.7174318774429181
0.5780002033702155 0.5823654960258619 0.6073760542181127 0.6307407204117319 0.6264665265862109 0.6350837660301663 0.6181117398952234 0.6408323536310815 0.6532601678483316 0.6518960287920993 0.6597733128109405 0.654445639918206 0.6652684425516825 0.654202972661903 0.6504909588433688 0.6615806202505332 0.6465390365709093 0.6551502137508683 0.6632878036685214 0.6505099574038777 0.6681206206333172 0.6640774498817047 0.682019866568721 0.6886164427503227 0.682040471613234 0.6691235033328021 0.6716438347160815 0.6724599995477121 0.6658001516528248 0.6704832963952669 0.6359236916908857 0.6335060501934169 0.640307054393377 0.6590418281666618 0.6621662989338919 0.6578557385934012 0.674945018844564 0.6891017975369729 0.6987197296688992 0.6886188754418745 0.6951053239177349 0.7097588800313687 0.7138546461455623
