Raster_benchmarking/Raster/continuous/raster-6.asc
NCOLS 100
NROWS 100
XLLCORNER 1743151.351073459
YLLCORNER 5469287.538463946
CELLSIZE 10
NODATA_VALUE -9999
[rows 76 to 94 of 100, columns 43 to 85 of 100]
0.8103038982689185 0.8151273365272177 0.818368003373041 0.8496402638565688 0.8292315273405815 0.8392645326886634 0.839462071011132 0.8201820421134334 0.8355925369393368 0.7980183597719972 0.8074794058478634 0.7432233398286753 0.7040357438199146 0.696502636374488 0.6523622520727212 0.6298205161694828 0.6038199337653045 0.5666780278760146 0.5818847676493114 0.5606725943726705 0.5766654200581703 0.5519202345721992 0.5295767576705854 0.5246900200990915 0.4920109778541451 0.48314050277326587 0.4590253091223929 0.45557603334993546 0.42344626175616723 0.4221722622390565 0.41514485754674485 0.44559310102537125 0.46266088431143254 0.51510952314658 0.53335026620553 0.5564392793446097 0.5933576845543805 0.6237516901339766 0.619634165166202 0.6013475505145931 0.5761258671737597 0.5506307927903951 0.5673439768647631
0.8535550809095106 0.8575133951749132 0.8871422246216952 0.9035993890234528 0.8672595595254837 0.8842458007004452 0.8462976732977299 0.8573334504745836 0.8425386923056455 0.8625688267508483 0.8269350430202369 0.7603206818661686 0.7611308618495253 0.7515173040001011 0.7012012533137265 0.671604608478679 0.6608752652984682 0.6222370389277301 0.6368945220065301 0.5951150423749133 0.5649449651304342 0.5770476743113799 0.5483182677106186 0.5292358092500493 0.5093419120135599 0.5405965331690362 0.5115347227762436 0.49439471578175426 0.4778843505638376 0.44337992966340956 0.46319690880060255 0.521542632153008 0.5219431829159419 0.5628690165835909 0.5971064247232266 0.5989422855172295 0.6045193915169518 0.6568206295636911 0.6234819415674727 0.6014081400849988 0.5734426196670418 0.583564486917957 0.5598022341939095
0.8901350316720934 0.9014589925894241 0.8772736616406797 0.9135389883159093 0.8958304786090594 0.893153589732611 0.9107623291335438 0.9014388856059131 0.9273805614473228 0.9286396878847226 0.898126644644049 0.8190242254951834 0.7902150233545816 0.8168189332175826 0.804252568916201 0.7551998558487235 0.7320647605544206 0.6723373377523733 0.6266687350943755 0.6356896852805837 0.5749844599015548 0.5878849619116461 0.5758489288077057 0.5513958061980327 0.5770651586086222 0.5673687849041105 0.5487811921986308 0.5251739456137573 0.48056220900389535 0.4326957628158414 0.47782057063065553 0.5535814679797114 0.5655598586213498 0.61150436529451 0.6277543431797381 0.6391808458652636 0.6585125010782672 0.6639266614522187 0.6373890941268742 0.6286976766166379 0.5737394533838943 0.5731042364030984 0.577465953745592
0.9323044446549311 0.9305685752978747 0.8936413364980651 0.9194481986962539 0.8824550835712202 0.8835024303207385 0.9003557581312676 0.9126453024414247 0.959231603209623 0.9448117274980629 0.919630693548712 0.8629789505697741 0.8486772852169454 0.8341867929791906 0.8353678031376605 0.8134958772049351 0.7578674520931478 0.6965392366138257 0.652497055828628 0.596537048869573 0.5878749903070795 0.545394208917935 0.5611332249321912 0.5927483541025679 0.5967861049009894 0.5668452887274985 0.5784115166344376 0.5486179064741824 0.5080046106477938 0.49935850559731554 0.5549727029610295 0.5481440208406881 0.6121443979260424 0.6429741227579844 0.6652367414368116 0.6678983364424685 0.6795453462766118 0.6234481928776433 0.6119661093783308 0.6017492990953297 0.5941958511827619 0.586654450915639 0.5702676608334006
0.9166837305681406 0.919977918468344 0.8956610039890982 0.8955779277524508 0.8487863840474046 0.8538256620748775 0.9074298312743381 0.9194800581512037 0.938290143276742 0.9767619851282563 0.9537376175799098 0.9190624715699515 0.8937224814004415 0.8500142256349786 0.8193307036878964 0.815360125337167 0.7716902370869045 0.6807253947314658 0.6383696544883533 0.6110766666257705 0.5771708947482553 0.5513543289683072 0.5904359411434745 0.6080619147484128 0.6053743510271581 0.6166886906506363 0.5933327289450957 0.5936693484114706 0.5820862728499058 0.5574243613089132 0.607561682038672 0.5774171352213947 0.6300448225267338 0.6964164828572579 0.6965602228784433 0.7023658395307586 0.6620931849358104 0.6335870820926066 0.6088158976431544 0.6218125111813938 0.5976467475001829 0.5792562723588597 0.5870993235445687
0.9480721281946217 0.9165324247792807 0.9120822580770911 0.8986494280289202 0.873114266188001 0.8629280474307272 0.9222927663518524 0.9217682257391551 0.9847018980997769 0.9690910115410564 0.9548744170981127 0.9686662121607715 0.9296820790876367 0.8820953022059883 0.8514510195311747 0.8247150694850421 0.7610466199100752 0.6950624908461221 0.6684238406884647 0.627889952903441 0.5898783570060612 0.5971283676835374 0.5974469374613139 0.5779306039307278 0.6065043858769111 0.5993401091590501 0.6066729086023994 0.6337214136713684 0.6207409005455475 0.654105878588708 0.63943067914645 0.6253121259646478 0.6555232383823018 0.7130944352104565 0.6813454161942964 0.6981514573319052 0.6732589475188008 0.6489998281313932 0.6330696206374252 0.6387078535510516 0.610859275374786 0.6262646525809915 0.6059509311873631
0.9181844681503157 0.943647967021467 0.9043092899281983 0.8930881371570235 0.8855670053513802 0.879104613124584 0.9552306725681872 0.9728534242475904 0.959238566005339 0.9745247077807218 0.9744620114429109 0.9590342758723244 0.9337360161481301 0.9236669827929549 0.8416437503233658 0.8128351277931223 0.7735403897197571 0.7116971320069374 0.673335484892677 0.6104294168512335 0.6160103356756116 0.5562912989280984 0.5721015653431223 0.5961375933150617 0.5879268381005981 0.6110124377094162 0.6405084201379876 0.657785329371318 0.6832169069691733 0.696548129517641 0.6786331085411126 0.6794067614215759 0.6803955651738777 0.7069977631272065 0.6961528130463966 0.6820651670840028 0.660863624938953 0.6478041782860209 0.6648553651532222 0.5925444191988423 0.6266546325667769 0.601074112118281 0.6066285196248287
0.9223453472875469 0.8979993253398694 0.8948838427978569 0.9087671466695504 0.9079191560170313 0.9006072728674035 0.956535743387727 0.9938915101942929 0.9617632143600652 0.9194584145140788 0.9267935822898031 0.9278619970227014 0.9221369557062271 0.8845463477114262 0.8618976933040274 0.8020265067731478 0.7321356453297622 0.7117120963641982 0.666050178812172 0.6414720736244844 0.6201772845748735 0.5968078084806373 0.5667933972649432 0.5775013047660144 0.5990080030908843 0.6040882564817912 0.6138836223656923 0.645440922774781 0.7130003966851666 0.716961406833491 0.717852009173981 0.6894072760349678 0.7245402160743518 0.7299984997537294 0.6874620528988169 0.6816655768888833 0.6845193769103444 0.6497310497603722 0.6760425516242926 0.6274062829731021 0.6437423470204271 0.6412114006435045 0.6084465971793693
0.9386527264608099 0.8943439753696022 0.8872537815205781 0.9119658564589644 0.9048994603620862 0.9137567093605119 0.9797199823570781 0.9732433167297558 0.9372581051674543 0.9250227835672664 0.8823258316275665 0.884501191350507 0.8514586582048701 0.8337849414884129 0.8449959308881635 0.7937303596148743 0.7371799986591748 0.6881097875956221 0.6543205479897779 0.6338666280922197 0.5974248450076026 0.5947518437484397 0.5836698264526382 0.5836353642554297 0.568691598859604 0.5863073242539228 0.5972209337738975 0.6699046772904145 0.7118584680013123 0.7211582403285126 0.6899220662225757 0.7062147239661163 0.746848241868393 0.7396148407908398 0.6832815125862535 0.6814941595081017 0.6966024629451169 0.6783837837181396 0.692931485688625 0.6746492295185287 0.6194648473664413 0.6108323811135422 0.6155144585350739
0.9351795592754323 0.9144694529964021 0.9468820362997608 0.9367127756209156 0.975018193909253 0.9840413332853528 0.9785696523960246 0.9836153819302854 0.9485713452313458 0.9455028146265207 0.8862738584373294 0.8804554183023818 0.866485326915429 0.874412716859208 0.8103572210309956 0.802297731559242 0.76974019461621 0.6705909295807324 0.660618230781872 0.6550456145102203 0.6414823032441589 0.6337459962009377 0.5958952730638833 0.5633904670294878 0.5794271816594474 0.5778519692806743 0.6088170735530185 0.6643343122050094 0.7191913290130761 0.7370857167897392 0.7113537974707095 0.7483074389004529 0.7627772379024753 0.7192313081280656 0.7016610995858567 0.7037201528731506 0.6662503876713568 0.6597967254918313 0.6450154416868569 0.6595606501784522 0.6411895233367542 0.6303937538890523 0.5861890277988934
0.9018752302109154 0.9382389768389373 0.9411788276675738 0.9918405653310531 0.9984257143532669 0.9996354308144316 0.9884827816165699 1.0 0.9683266702494709 0.9420280453414055 0.9395885963690862 0.9081454076468868 0.9056227155310143 0.8782055826769971 0.8203496934037656 0.8173999632384081 0.7306132219162266 0.67553630480277 0.6500735760184754 0.6291604051767369 0.6562814869272696 0.60097398664428 0.5948069385095247 0.5896322628053821 0.591277080636266 0.5944034092865255 0.6305673144336458 0.6587676242893777 0.7116068934032488 0.7311014068928309 0.7448552073226283 0.7774231833235671 0.7929977953961878 0.761741414491617 0.7070874610443668 0.7312350511149283 0.6636578488356097 0.6806392043496737 0.640388162391677 0.6386371205649385 0.5889879114721348 0.5803608576596498 0.5719718491849172
0.8988855272010445 0.9246078517762252 0.9549802127228693 0.9647484697437785 0.966128518947323 0.9942268932734603 0.97159921167692 0.9430930620550299 0.9596346784415254 0.9326719779965048 0.9229320373813383 0.9053593687124121 0.8750419061460729 0.8664188346461137 0.8561396515677208 0.7910738686714902 0.7647947185563639 0.7136788919747193 0.7010945422111643 0.6565700391084506 0.6696024298834055 0.6544765479838108 0.6417005081761898 0.6152260591777526 0.5938473519289054 0.6409491940385454 0.6534808946442501 0.6776658193057751 0.7117018889443855 0.7324746562948412 0.7256375176972645 0.755042433533484 0.7665203703825563 0.719571131977543 0.7282923149725591 0.7249179941548424 0.6839312869573206 0.66885884290253 0.6435793892170982 0.6255238461710139 0.5753551046842804 0.6000051463732168 0.6017255545993277
0.9123708357994745 0.9081805183401522 0.9215565091548468 0.9776839056356449 0.9693183560843657 0.9641447036405025 0.9187707451972286 0.9224697947665779 0.9258362260636731 0.951947510043242 0.9264797976231638 0.9192494275778095 0.8637890645961592 0.8407937259930564 0.8606736585685169 0.8275210884343276 0.8151615697742699 0.763191691155474 0.721767782275247 0.7136384709444572 0.6915724053850029 0.7020006103654851 0.6346498996581355 0.6258288150429124 0.6445807073284198 0.6590438599877428 0.6964194824113024 0.6831980630983998 0.6847468817182231 0.6965035871200336 0.7332628715387535 0.7346191306000819 0.7458159276948498 0.7005115140299003 0.7247946372925289 0.6972994061952076 0.6612401778034019 0.6851453890501876 0.6312604978863287 0.5931754818551999 0.5838076906993184 0.5983406324971179 0.5996213881442176
0.9553902639740968 0.9684298879800444 0.9269383320138651 0.935886916921258 0.945664194223203 0.9279154313515768 0.8977402348220603 0.894848065860709 0.8829162294096587 0.9130084604327504 0.9039646566699298 0.9141132676493031 0.8897621115661407 0.9048394992137756 0.8667085673853544 0.8328785528820362 0.8250523383822317 0.767040482736779 0.7383620327792577 0.7128301694583258 0.6965512049226323 0.6866861407195891 0.66774235776528 0.695967662974717 0.6674128679412604 0.657472793244331 0.6907465302333746 0.6845726157231576 0.710520481981729 0.7130252235669069 0.7301880196787622 0.7162263049579114 0.7280192610521939 0.6929007519104363 0.7045568489592993 0.6532236932061164 0.6449585869574339 0.6120927948052778 0.598785532574261 0.5898994673953332 0.5896380456798693 0.5979366638939205 0.6036256671761658
0.9673603808796645 0.9905101613223878 0.9279183363389204 0.9033509986690241 0.9029730163098019 0.901802500273813 0.9022271806410528 0.8482195189283753 0.8456974225044526 0.8512944684696222 0.8878691026315483 0.8689523542026888 0.9038892524848301 0.9262879831074099 0.8876807358289259 0.8592548923368841 0.8107327627413485 0.8013708567580408 0.7684936651462326 0.7409219961382417 0.6955483555930051 0.676171810074786 0.6860540242901609 0.7384402136219017 0.7433054505360752 0.7003959229862996 0.6950414541231212 0.7353453747075648 0.7473136765533751 0.739652052829369 0.7583856485961636 0.7335579620126805 0.7013400419383576 0.7289057301810588 0.682537032099082 0.6570124468751923 0.6481259203928506 0.634300111980246 0.5843952120760143 0.540407372119 0.5757587153218969 0.5222572271252062 0.5652491971658679
0.9528445589032642 0.9639789393523907 0.9471880719052678 0.928227264022359 0.8976685721372276 0.9199225218959007 0.8779319155366941 0.8767010548198212 0.8573842773612607 0.8574440614540845 0.8603340586057203 0.8697753561723064 0.8977878784212908 0.9048592363382157 0.8744927677360104 0.864998340124084 0.8706835948590342 0.8567202997645732 0.8183277977928812 0.790450095079262 0.7704608148271781 0.7153975408181752 0.7337782591720002 0.7390922287573846 0.7827315934657535 0.7845344521493574 0.765327789754657 0.7490577076244627 0.7610863023275568 0.7286263722556496 0.7532450239013692 0.7266511241763395 0.7201857674973232 0.6768389613270464 0.6505280218342343 0.6699782284592528 0.6297476374650847 0.6094706248538604 0.5888156529261912 0.5592285649141936 0.593561715423669 0.558605760238091 0.5943161499515962
0.9285375221267645 0.9641737885175236 0.9341491219078126 0.8924730586003 0.8937863174109151 0.929396026937723 0.8960841918331567 0.9021487760481343 0.9109100238643474 0.9053432818609671 0.8982135791356413 0.8967197927472066 0.9224249122912885 0.8708033233779121 0.8550774122621252 0.9062571155550299 0.8724527060238633 0.8530167531839488 0.8502417587966883 0.8261331460508444 0.7991886182264178 0.7663167626544554 0.8006052490601365 0.8109308362684392 0.8315711845141199 0.7999932177341066 0.807741432288938 0.7995098825810735 0.765842132343435 0.7154201360786465 0.6983306826578106 0.7142551125234659 0.702218876963246 0.6718989837545593 0.6853040195687065 0.6452970845846535 0.6281632574021783 0.6524690184704746 0.5876888260555995 0.5996849581799032 0.6351509907942853 0.6135976153305205 0.5701326152597496
0.9428026178719282 0.9486745939383312 0.9502370927849912 0.928169957223031 0.8790959073929023 0.9176412589935099 0.8968623688330262 0.8964256584240591 0.9115284981531953 0.9138784364072531 0.8762382731472064 0.9205866112922293 0.9207028032905904 0.911302754078163 0.8811162105618502 0.8788835661051371 0.9049325638439857 0.840470620679883 0.843341355073686 0.8641808343814604 0.8645903283630901 0.8265983683388397 0.8159635738373338 0.8387330573624308 0.8632834512558704 0.8529829788020565 0.8359348033515699 0.8194196507117532 0.7528065115844892 0.7408570520199845 0.7110374975417614 0.7019695071081554 0.7067190186469874 0.7185922683139768 0.6692899058623972 0.6443939811416609 0.6556939623897879 0.6550610559842646 0.6107303376224056 0.6143324010815957 0.6538235184477972 0.6004521627407163 0.5846055562299222
0.9115472950084259 0.9724825066712409 0.9219394053503767 0.911387275706891 0.8868601409147547 0.8885438328940402 0.9109269555174989 0.9296319830200268 0.8946912399285034 0.8664780783311624 0.9194399267298821 0.9170665686979146 0.9339919142274943 0.8994668190011289 0.8793759458386645 0.9265661008132475 0.8819108210759791 0.8192740940700961 0.8594766723103925 0.8940911940013611 0.8680331124039358 0.881384125444927 0.8550658784680639 0.9122741380660377 0.8917288839001201 0.8801118279007168 0.8668061358468363 0.8557279303725785 0.7864180684121674 0.692024722547756 0.7272374091872028 0.7499597607563522 0.7303032093656983 0.7255284480542532 0.6838873382290046 0.6458991231324115 0.6423068162826291 0.6129412319992559 0.6143489865370975 0.6585141461260878 0.6327345707341104 0.6388962657711147 0.6060132608698721
