Raster_benchmarking/Raster/continuous/raster-62.asc
NCOLS 100
NROWS 100
XLLCORNER 1743156.0439670621
YLLCORNER 5469289.177667105
CELLSIZE 10
NODATA_VALUE -9999
[rows 57 to 75 of 100, columns 0 to 42 of 100]
0.47694788552571576 0.5049185143401453 0.559377278542981 0.6124213213629672 0.6384510802364929 0.6745307648416659 0.7095785901294143 0.7270238709866452 0.7733140584439511 0.8468338545902588 0.8168155970206056 0.8698129238947792 0.836677971089441 0.8240891518447565 0.853342279079623 0.8322872699896517 0.8676057797009817 0.8745316279357723 0.8507431276697164 0.9075485438414707 0.8512503837305224 0.8754032096024404 0.8064068580582672 0.8130302336722848 0.7785786281044083 0.8040390068240075 0.7912608713404026 0.7680318432895485 0.7104010394783501 0.7304663026424166 0.6861730270582663 0.6261670841323999 0.6074028370543839 0.5753472761252764 0.5788839932518843 0.6169025646225241 0.6002853504235132 0.6510332744717487 0.6286609353080883 0.6098092961713572 0.6106001618460453 0.6083508009287741 0.5610322569836034
0.43591842991772034 0.4610584332523299 0.5336153659713601 0.5812543088604398 0.5913797446156763 0.6035649136802195 0.6393879510365121 0.7053329112668169 0.7582418445255915 0.8251955753153275 0.8449169257434507 0.8155005733930673 0.814673143355392 0.8354727809245113 0.8184611101887711 0.8594372120387318 0.8720963028655512 0.8364865227018203 0.8444650873118811 0.8629177435743521 0.8289213795219221 0.8265557832609087 0.8077555513009727 0.7899012990521362 0.7549845063197502 0.7864147491439736 0.7633355076836831 0.6988658131946309 0.720805809926716 0.6998856257470818 0.6258961768481255 0.6315852247265987 0.5852141237117567 0.5609872107132823 0.5597988940760161 0.5785013937924331 0.5924646616852375 0.6277579345426272 0.60375702537885 0.5937989740410518 0.6152694569197248 0.588973850869615 0.5450542834830135
0.460169336358835 0.4841496532094444 0.47877529183611367 0.5014820582146301 0.5239060024523605 0.6023113489886465 0.6247318526939376 0.6614331634984676 0.7140645090816982 0.7997241051598737 0.7966301775421406 0.8379950852588353 0.832194320480417 0.8214315688319409 0.818663990942665 0.8583418884174489 0.8800095353420926 0.8724534303330768 0.8161159571472666 0.8104304260673312 0.8065319380997845 0.7381063030342639 0.7738019873671925 0.7361455160647925 0.7316621952245095 0.7422521039728799 0.7085726855890655 0.6529907480387396 0.6485538981439088 0.618070005779797 0.6055401224506473 0.6070490667937078 0.5888067256812285 0.5167522986625399 0.5589515894246536 0.5332669838007879 0.5780169511216683 0.6129891198535824 0.5845483746487953 0.5709930225830181 0.5528853000076401 0.5676141259763801 0.5221518112896812
0.46158595886803316 0.45308107634495826 0.4800359420717162 0.4903830490415309 0.5199334998806017 0.5723497039601646 0.6081519024022322 0.6470423707462848 0.7130691491348933 0.7445488719733027 0.8141944011568457 0.7961182185510971 0.7925048017608611 0.7824916519115447 0.8038067232904025 0.8234854067893346 0.8412117504645489 0.8633098511252376 0.8263753457561395 0.8021135304565292 0.7594665650182569 0.7197081498051164 0.7482037356061534 0.7506128259747659 0.739987147790732 0.723218499073674 0.6707606137203711 0.6153512840491618 0.6271793335763911 0.5883232498263276 0.5424674761280296 0.5652581824383458 0.5640378300039525 0.5429938208602619 0.5482806356988433 0.5346604611560843 0.5276836895137801 0.5527155503612387 0.5463074016595113 0.5497627069367507 0.536440955227615 0.5032266659064863 0.4836305444905776
0.4388047453463063 0.4841362287102031 0.4590232235670495 0.5229860136835601 0.5155564990540105 0.5345542070097358 0.6129379473281336 0.6353460151060739 0.6677435389403132 0.7459134650829348 0.7704794488802413 0.7828749879878102 0.7966352876312087 0.7456600353912158 0.7906111314476356 0.7805698746295194 0.8164830245034412 0.8288586910826669 0.8410727921120175 0.8271398610082976 0.7944775317393319 0.724787629927194 0.716904893524004 0.7467471529331922 0.7358732599017543 0.6607676531565958 0.6262991710806268 0.595458931725389 0.6051840514047515 0.5498537927853243 0.5276422598737418 0.5078975303360915 0.4998034828372714 0.5371098335989274 0.5376992024778293 0.5391509495950767 0.5509284059051639 0.5257845226864242 0.502016226971683 0.5306833743840694 0.5167568536989722 0.505133740952746 0.50178681957272
0.3796118785234206 0.42170617845094643 0.46146556973285696 0.45761345911650103 0.49464798316963526 0.5180629822032834 0.5963776468933242 0.6306909882733507 0.6800523291081592 0.6923569089406116 0.7052975181829246 0.7196477351184584 0.7692275847485915 0.7519550204672943 0.7863692756610426 0.8038637102914459 0.7807718184292696 0.7724498603919737 0.8165930848465222 0.7974891451450081 0.7663928230644725 0.7442924228669348 0.7511114803926177 0.7197485514425195 0.6995421929311814 0.6779654319708871 0.6417721795141399 0.5920873630867118 0.5831131306604606 0.5447073677527877 0.49829419691109605 0.49817014117199804 0.466566988276068 0.4593318610393176 0.49774844664003126 0.4762671617165962 0.5081697473303625 0.5301872279451902 0.5166080249335462 0.5325933589086912 0.5341442811685128 0.49892061492325795 0.5341508971835184
0.33701090865111716 0.3826119072420217 0.4544896715250136 0.4549175833579403 0.46278827434270897 0.5173616744534439 0.5987642216407525 0.6375505116219375 0.6872252663043352 0.677395295109193 0.6717594170167079 0.7146629006534309 0.7602341902110555 0.7884488712773037 0.769142609459087 0.7778650352358587 0.7565278614335714 0.7783808544821762 0.7917058719575161 0.7606810842867289 0.7572591590720601 0.7376341063461905 0.767552887257105 0.7397807775414379 0.6870435173659738 0.6575293678903413 0.6634724603977906 0.6228990857206318 0.5576164357977866 0.5081506920735929 0.4780385453814911 0.48249981018309135 0.4586030650415846 0.4436706670658105 0.46965743944347554 0.47382412708853494 0.5110445856416357 0.5033069128425333 0.4819635674105156 0.48693299535645757 0.4897790931232076 0.49838485362115764 0.5319033272306466
0.35813712073505205 0.39867341455056715 0.41850704262712113 0.46557004128728363 0.483932793565109 0.5406462283247294 0.5809474627659941 0.6038780042061664 0.6465795599261127 0.6737303020161715 0.683109952537111 0.6842667986542329 0.7542801291883199 0.7973587608877646 0.7715737315801385 0.7709071240556544 0.8056245060162031 0.8066217587523448 0.8024410482502932 0.7794988882417666 0.7771922891012001 0.7250537650086147 0.7384454870211461 0.7271456992524721 0.6953543557369842 0.6454986362667109 0.6433457013871449 0.622691167733728 0.5424843367162957 0.5066556232351195 0.45979201922731666 0.4360970578363582 0.46520459610339115 0.45141249539469047 0.43627063172887 0.46331490824699 0.4815087086087471 0.5137240342966223 0.49454651924327675 0.5102810982425384 0.5079244267862363 0.5316024266265377 0.5488524081443178
0.3979111979027569 0.37078862143359986 0.4465457942193562 0.4729920422005672 0.5058829349129155 0.5513144325392334 0.5973426713420089 0.607848009190487 0.6296733440410115 0.7155774206592552 0.6893463239707048 0.669172559128826 0.7097231305563944 0.7563318104502529 0.7687616605884416 0.8309352944935229 0.7905918753124241 0.828786320587351 0.8154160094166326 0.8000444680970631 0.7795104952236 0.7528920870112019 0.744507625562025 0.7022414244578987 0.6617858291917389 0.6612478922639442 0.6135928008558696 0.5949073387992023 0.5340275923711737 0.46188745255054 0.44005497279567374 0.44681800461840004 0.42266384320592965 0.42372000202750515 0.4367389414685534 0.4698700510219518 0.4929098366271934 0.5029950455144461 0.484730700118144 0.48707261388813117 0.46676904423497895 0.5289496062427838 0.5051134017198924
0.39614258873312436 0.39645903909727137 0.41068509227418787 0.4476966761268418 0.5044034279025843 0.5446970762151282 0.6030913087152778 0.6296997007394156 0.6161242386053553 0.6715151215425519 0.6397261283499842 0.6607771371728594 0.6574583726747013 0.681986946776011 0.7303590516209316 0.7750997255727773 0.7949775566756868 0.7932393502227562 0.8079591846490279 0.7708575682021267 0.7416065328251725 0.7519896826137757 0.7089132020126824 0.7105010913763996 0.6485700949489217 0.6149881753994267 0.617003599747919 0.5507866970850931 0.505701190202726 0.4561129073544678 0.4661019569826927 0.4805905095575443 0.42793967420548085 0.4065113587315737 0.43636823737280284 0.4701593789545846 0.48152702648654017 0.46994132475504247 0.4843999247874109 0.45274826550940295 0.4614466857670323 0.48998410201025083 0.47823727919285824
0.41874831038191546 0.39662498248556033 0.4351408451806937 0.4265771753211235 0.5134442885190076 0.5607097957777128 0.6019545387565967 0.6000668318604844 0.6111031604134405 0.6375378312861802 0.6168653687670221 0.643486781243376 0.6722388434749071 0.6686097439186469 0.7174902023456379 0.7703668973386459 0.7657954550893572 0.8214146345952161 0.7717571410845271 0.7852585535643075 0.723908619853971 0.6959493607210534 0.6904663893480588 0.6888031875479146 0.6711874361532371 0.6069647308368464 0.5868066756472355 0.5713851720646876 0.5326500500015772 0.49040678453859343 0.4998523538961517 0.47942746189607544 0.4374949719594348 0.4456736297588975 0.4346226113530415 0.4700912155581342 0.4287410952975481 0.414473265217321 0.4191387239134167 0.43060779435426083 0.4584169420351459 0.44809272256310007 0.433126759014476
0.432070512374666 0.4337279289140759 0.44211197756972553 0.4373648672830601 0.4727799972019755 0.491250472249001 0.5686213714902257 0.5783518245224056 0.635356254451714 0.6142338626515808 0.6299363053128036 0.6174836605913008 0.6153531549413916 0.6666627192816131 0.7049587974193274 0.7397037946226714 0.7669613625605549 0.7746560623793977 0.7290074269735466 0.7208963159570387 0.6972682701601725 0.6885585647687762 0.6797154653518314 0.6634204152368305 0.6254867819625034 0.6120981150835075 0.5922348725109736 0.5786060148823742 0.5275171797466932 0.4817736974329697 0.4866046444495196 0.45685855835311373 0.47726123860579356 0.4392544573340533 0.43180839556809375 0.45260472136737434 0.4034754912030873 0.4182854574006422 0.43849640531421974 0.41122577961569773 0.407796074066643 0.40360355549730825 0.4223911555427144
0.4273204766160274 0.4867720328916151 0.47974485303677034 0.4448808578147804 0.4487868867580579 0.4680927134282677 0.49904019657265813 0.5371671972662184 0.6080234040213149 0.6623768094630399 0.6264248098745491 0.6161994359672642 0.5878606329269146 0.6210194232059316 0.6621218756436494 0.6852866262308929 0.7330435490612308 0.7263926378525526 0.6970528054776999 0.6936141854469741 0.6755213830000469 0.6876192219219708 0.6541328135005652 0.6319132777854918 0.6470227373137661 0.6558792907800933 0.625983133786621 0.5879442547076654 0.5079158348331261 0.43646230063839786 0.42807518671082545 0.46756366033365865 0.4150339580698724 0.40356178965945627 0.3950361959023631 0.3948068447390166 0.4167160293720068 0.4305785918449085 0.3822174429651747 0.38151557759363064 0.39263686425330174 0.3727270322956488 0.37902893872670396
0.4441924816026848 0.4847734456168866 0.4736910784752437 0.43570887650554424 0.43153382919092226 0.47102177856116306 0.5048241415010956 0.5157716323848954 0.5838409587819519 0.6438957460470079 0.6430484776119489 0.6244886226169301 0.6132495856516398 0.5965443229604851 0.6519320560906476 0.6766722533362572 0.7012131661597384 0.7051014634751189 0.6937790454735573 0.6686098881114813 0.6607454272112818 0.6332410650258107 0.6571633761842112 0.6107872858532181 0.6190169321279183 0.6198666063252471 0.5960987357374689 0.5711532479789317 0.5064501873349282 0.4613323056615797 0.4276997298016517 0.4572753606018861 0.4270702622168015 0.37965912394461365 0.3708968224584018 0.3955816208911353 0.37597351249757777 0.37243811191702786 0.386655815055798 0.3866305602916585 0.3509025103411342 0.33208610371096325 0.39030608744791767
0.4531467878470281 0.5117915789924099 0.483603069492745 0.4620757468367981 0.47355040163722883 0.4688423722372933 0.5047544900753316 0.51344002176144 0.5471191025975292 0.5852324951955024 0.613685520091813 0.5935993384333869 0.5525415301465154 0.5685757740376534 0.6192746012379792 0.6670957786299273 0.6891719893921199 0.7293484001894106 0.6859937657584101 0.6392605472250515 0.6478629046336893 0.5957903240746363 0.5984911984210604 0.6292702057731908 0.6172560552799156 0.5716469231248779 0.5609419570843623 0.5130927415322509 0.46480387556421354 0.4760476053310309 0.4409867930243758 0.4105339188921686 0.39550005737595195 0.38760108729022713 0.3956643530500614 0.39299834293683794 0.3367609479613626 0.36093419871509425 0.3670584654679769 0.3367846951753946 0.34659473360510584 0.3300449862633009 0.37132778382618253
0.5119273304787437 0.49122079192136403 0.5077674629699991 0.516158302349057 0.5016601796530675 0.49756242010694274 0.5018753090318626 0.5030829502293082 0.5497892586227265 0.5727643889968971 0.5493988843849644 0.5442277187081033 0.5403757406354264 0.5326004890809216 0.5893777156397167 0.6200854902790914 0.6644107868956818 0.710692187262495 0.6550278286978253 0.6093056615886564 0.5922301665919142 0.5725460408484787 0.5837480709949032 0.5707721562122174 0.6122800165581139 0.5527647510975497 0.5440975217618585 0.4656104424732047 0.44797903504517556 0.4341055548922953 0.3861596382404181 0.3857545766760427 0.3617708071903215 0.38014268610040614 0.3454195780758471 0.3612917260004691 0.3111363361269942 0.3152522348346421 0.32170269776633953 0.35107665222522083 0.3232538248042009 0.3035642804248052 0.3166879971149714
0.5411228504287274 0.5404161614084063 0.5166157404596255 0.5129711919514839 0.47303842872073615 0.46208165308271326 0.5248862336686633 0.5237499180633594 0.5532113303596474 0.5337484221164498 0.5303179109073993 0.5835049472775601 0.5706899422574171 0.5300588623376801 0.5504790522113882 0.6289678204719831 0.6715843014436738 0.711458565184785 0.6700549615465617 0.5864937775322258 0.6004298540374446 0.5388240465723355 0.5337488279140244 0.5611672319734933 0.5469196021590599 0.5668139476771459 0.5520858886347814 0.45272674900208937 0.4323288132418514 0.40750345321997383 0.3553065319660041 0.3491729483481446 0.36393974296072173 0.37589878995360115 0.310758005407453 0.30134644836245883 0.3081204195270949 0.3027029878589045 0.34272331475708934 0.31850215293819456 0.32808544218542257 0.346299075175041 0.3451991379609712
0.5260955386023739 0.5630752313722379 0.5252403952504959 0.5524566521061487 0.5211546863856307 0.500192089714856 0.5413593241652009 0.5127003652987858 0.5626402566160633 0.5951152621434865 0.5571201551194384 0.5852640029656201 0.5446639240286928 0.5462889521635326 0.5610051489643108 0.592817535822122 0.6598457561845035 0.6899965112896175 0.6346551830064665 0.5755338984730729 0.5882100600424905 0.5164637542819744 0.5124843066666404 0.4984486328273276 0.529699423808356 0.5255840881143948 0.5322481060762654 0.5002128135669611 0.4165782141730952 0.3716160681428963 0.38201955786462605 0.3694188988367021 0.3366050433661699 0.3495050468240144 0.326397574690533 0.3313092602516975 0.2845446830946838 0.30410775927222583 0.3159132173165774 0.3218856891547249 0.3250473551363312 0.305805801045975 0.338995196408914
0.5678811489206627 0.5870729849286612 0.5526115671125296 0.5557829041406206 0.5704256851048335 0.568646132121684 0.5514036553609096 0.5172938946988818 0.562872306692136 0.6127462875558511 0.5801574477708661 0.5909506059486707 0.5596736150147771 0.5935805848225274 0.5600420438874577 0.5748331100552304 0.6071138019786763 0.6360359113182544 0.6415798066339806 0.5959925308408776 0.5818686153011875 0.5193234421744716 0.5102572203130183 0.5071780961773272 0.5632234687644858 0.5820047696085434 0.5352729608514893 0.5080582413590532 0.4650385210261819 0.3915523306961825 0.39336243432989887 0.3750117053073763 0.3616490755675158 0.3344281389009602 0.3191952223004129 0.323602374917928 0.2753851209875028 0.29082287980009197 0.3165989231643556 0.31074370940331575 0.30255827671417407 0.3279019460344438 0.3120364428040087
