Raster_benchmarking/Raster/continuous/raster-373.asc
NCOLS 100
NROWS 100
XLLCORNER 1743165.6399122032
YLLCORNER 5469288.298421741
CELLSIZE 10
NODATA_VALUE -9999
[rows 76 to 94 of 100, columns 43 to 85 of 100]
0.7807030726430576 0.8049607082640501 0.7757182364595931 0.7311313559807537 0.7434525158642227 0.7344453992190537 0.7037525420122376 0.7399753286216219 0.709647877215108 0.7182016893288853 0.7538629130342644 0.7141133143414092 0.6944854536193431 0.6935112518433445 0.66734050943773 0.7125077313546052 0.7003491623144041 0.7041865045146396 0.7019717738493331 0.7451815436640661 0.7453911693174767 0.7120273422464286 0.7084363668277956 0.701875072595906 0.6863136819970631 0.6847166670526634 0.6881674693247174 0.6514817088824879 0.6086118727995338 0.5884532034613995 0.5518093920261745 0.5243191153564761 0.49964941608916413 0.4780298909496831 0.47075946092867205 0.4263371247538892 0.4112990688480393 0.42158250526789287 0.37483240139216123 0.3684685835360612 0.39601767608109933 0.36696010243666566 0.28270814925120236
0.7680435787546108 0.7893259789015055 0.7865381354479073 0.7682441812438187 0.7280314423435635 0.6968595967063104 0.68194712461185 0.7038426772046608 0.7500193981965685 0.7490121071023822 0.7302345661651056 0.7287381821274843 0.7111715341279592 0.730903593853619 0.685265070324573 0.6955463278943734 0.7176275770623707 0.7104792046298886 0.7247520300196945 0.7091351592875144 0.7288142070645197 0.7279442532136075 0.6837691062756512 0.6784936577945259 0.6832098748498128 0.6709714620043769 0.6642576320231334 0.6449802009320087 0.5785757315878441 0.5580242127857775 0.518084838187528 0.46481194039856216 0.44745270991015407 0.4601659161622352 0.4688174923613559 0.4204379198897682 0.38771502516854217 0.42832425347450004 0.4195093435131424 0.402874456070958 0.39163372324184864 0.3517929089924061 0.31163188656805435
0.7677134579668973 0.7723988469567492 0.7882629814172183 0.7369045699747149 0.7237018105232553 0.7088086633847235 0.6923262428240673 0.7179184517693735 0.736224835863496 0.7084668882200293 0.6908015822208052 0.7328524145715342 0.7495001920284913 0.7311044802462527 0.7194049150413672 0.7008206740377173 0.715404166151046 0.7090391470882076 0.7187648308799819 0.6921119365951436 0.6956043463744405 0.6857309328680897 0.6582492557377715 0.6335164607173734 0.6229202171599942 0.6328509296950418 0.6310914770306539 0.59566346197443 0.5545431670216556 0.513754833599812 0.5136203471707806 0.4716065041019215 0.4258989442250412 0.43048745538352257 0.4258692506896195 0.37813947795226777 0.36308362380535575 0.3998128584291934 0.415770652453015 0.40352711797893587 0.3395590069531781 0.3187336618948144 0.3333683375174106
0.7744242998420141 0.7600832145117287 0.7899050232458044 0.7300402384024977 0.7263569301774465 0.7130203897592629 0.7100809709954176 0.6955061729037072 0.7169714600692414 0.668227922948102 0.6705254320666487 0.7082849253678039 0.719168172175991 0.7087617009403898 0.732485013181664 0.7013344050297486 0.6848241264885749 0.6581325530682641 0.682792147491316 0.6823896679713741 0.6496181229364871 0.637018730505225 0.6311229408262448 0.6072616814509848 0.5777706894274066 0.6016169169596244 0.6167533434578311 0.5990254612630315 0.5662056284967645 0.5003069887577588 0.45766465282616703 0.4441052625583554 0.4090794336078922 0.38381526196874555 0.35068474710219844 0.369164593705202 0.3256211489767813 0.3633601237029154 0.39800730707896664 0.3571837629501645 0.3324048821061036 0.3157719283617781 0.3080441675842379
0.7953547524609261 0.766853734446525 0.777827555537411 0.7471756141331456 0.7190439811517106 0.7441281981688547 0.6992107416730902 0.7066125699706868 0.7034697478742356 0.6719799169913896 0.668269488712532 0.6825985373588135 0.6902477484016407 0.6720922612189631 0.7142675035653474 0.6791298103631599 0.6868424104780915 0.6428966881174292 0.6574651509176682 0.6554455154665881 0.6078816352381988 0.6197085862492403 0.618867793201415 0.5977620265355762 0.5531904262246725 0.5524847990849369 0.5956115743537306 0.5625984614517019 0.5702577669815819 0.5040443371689071 0.48481251359918476 0.4214884995119162 0.42448920990619926 0.38445114135899183 0.3827407836950904 0.3456433144694834 0.3271495191407678 0.3492420160555239 0.370548690031242 0.3624394356210477 0.29774578387541256 0.3084434921422141 0.2918765295205607
0.774768329335242 0.7603554706407133 0.7444599555089924 0.7140062414238587 0.7592646552039976 0.7315766209232752 0.7314652718686709 0.7108761062241783 0.6919215763845229 0.6666061669887611 0.65824209703036 0.6262249778820693 0.6578614375542454 0.6679185421105363 0.6738746411348899 0.6556053613336472 0.6359098471805203 0.6254069877236133 0.5842133016823942 0.6120728106798736 0.6125012179515091 0.6102909610532253 0.597405207020625 0.594994988487479 0.5524284725751947 0.5672311260018108 0.5558037656163942 0.5342086390091504 0.5847149473591411 0.5322246285529098 0.5005502705044249 0.46615991121892014 0.41516311591714267 0.3923956454759119 0.3509109315676826 0.3430834426163359 0.35973732424281074 0.37562284146629404 0.3498810827682183 0.3051405575150865 0.2867927656493229 0.31598713963147873 0.2844437480189407
0.720421826964405 0.7444318832854769 0.7139003928083953 0.6949442270586462 0.7316017894270616 0.7332848457361645 0.7451522740081903 0.7148089403210874 0.6968791947948496 0.683409607310226 0.6423487720136404 0.6110522832694697 0.5969431751583062 0.6415830943809293 0.6113335943426438 0.6275957837843366 0.6133965712809567 0.5793132527032112 0.577423066364692 0.5852301693403736 0.5796953627830163 0.5595241260209003 0.5731169687054802 0.5273422281432923 0.5382583298707053 0.5317116366174479 0.5180635847298056 0.5419703364523402 0.5673749964098416 0.5421193525675372 0.4991618517253366 0.42845892703474664 0.3974612384429594 0.365904327348583 0.3422781144540308 0.32979165922357934 0.3289549243293318 0.352636660523388 0.34103447866267234 0.32658994012205445 0.2994816981725035 0.3033447954039109 0.2706641496187792
0.7357438396719884 0.7168196730218348 0.6912575954972221 0.6612682153697391 0.6731005566506556 0.7074823732923629 0.7193219143688939 0.6877702829338685 0.6876633845855405 0.6439176666213984 0.5990800258369889 0.6084651696310042 0.5823962875370339 0.5999383576358985 0.6023573493828493 0.5967082747100477 0.5617538375936613 0.5520903890626172 0.574954883768805 0.5492254947618106 0.5202829313531616 0.5130599384796359 0.5462141691427618 0.5289011979211777 0.5158791524074471 0.5187746125239618 0.5014296151734308 0.5375679272618588 0.534473250057133 0.5137014218581903 0.45191479181410205 0.43679391642654913 0.409923918229525 0.36460372939985725 0.3718963521244084 0.350901059292852 0.31216717683973916 0.30988094239565317 0.2829485501080548 0.2822751072160888 0.2810033082719831 0.30213475397473794 0.2893422618687657
0.6828371435389187 0.6828289385305727 0.6652777008906253 0.6844450761842665 0.6534056519488644 0.6600016634865242 0.6744214998333282 0.6684534554576481 0.6699035898312596 0.626414998880703 0.6084268034774123 0.5699285886667538 0.5689826399508042 0.5527822713122205 0.598482681991629 0.5770018886531998 0.559736847189915 0.5835534517953797 0.5814261395002853 0.5466910821176706 0.5157972600363229 0.5262370620763039 0.5303993708728865 0.49111023008811117 0.5147279409861727 0.46714613905036173 0.5075741058155047 0.4904345055524256 0.4771514225579163 0.4402682277590127 0.43248568006074134 0.40904622326118745 0.4198733720013965 0.37971579472036776 0.34232588270215314 0.3323614519391972 0.317653217097513 0.28305596757877566 0.2994161389984871 0.26014243116650404 0.2838819813696539 0.280552802715494 0.2816153917318303
0.661193891485494 0.6664954968013184 0.6825274695089074 0.6759148397370953 0.6468568592442494 0.6318027696360564 0.6432534716290169 0.6544323578171466 0.5949538417700757 0.6117643149637313 0.5661398343741115 0.5388986437788065 0.5184595033026567 0.5535169638689834 0.5732047413516949 0.5465778167655375 0.5400133188333601 0.5320575646543445 0.5621155560390395 0.518182379998625 0.5116649862970596 0.5342268591906201 0.5213555121623434 0.49865672240833864 0.4844170190843515 0.47107406459021783 0.46814521451287955 0.4361731426541034 0.4345841533385614 0.43458338491324233 0.4417621385055667 0.4323142429325888 0.3912141173777357 0.3804228726510041 0.35271433575492656 0.3129556441924101 0.31527994685587435 0.27944059068397437 0.2678133100462337 0.2799115260530813 0.24947606970569874 0.22762427817086134 0.24042801915633924
0.7115202856170135 0.7071364728692318 0.7020227909907008 0.6874573337878569 0.6914763272213876 0.6819893999109689 0.659268183272317 0.6477759932464938 0.6338602849052688 0.5850656674404296 0.5623516421496894 0.5263285294569807 0.5058179816028867 0.5252080965950388 0.5408793082311761 0.5205199451771629 0.4978385121002593 0.5029485573048034 0.5517512744260822 0.5404529735835175 0.5142985960733147 0.4970837211287146 0.493672694504812 0.517737713982334 0.4737959014477617 0.45778395695941737 0.43955047676942116 0.42627130301068744 0.44897310363047005 0.43292541739015156 0.4209918442687347 0.3967877772644345 0.35108837362986184 0.36260908450787316 0.3351762407671659 0.3497598426071803 0.3266094147570672 0.29992454594172 0.30040669251298907 0.29459421290473087 0.275899062102865 0.241508083217738 0.21585518769910636
0.6931988396072275 0.7294024151413929 0.7349666218216842 0.7288962267306707 0.7214399499536563 0.7126207901930773 0.6440461485645103 0.6465740204465342 0.6640308207767447 0.6153246774430288 0.5694725908579185 0.5101183093961307 0.470757563057017 0.4994457037548124 0.4866383783807898 0.48806879117583124 0.4962687918928506 0.49497324772237333 0.5042010265049259 0.5178778902356855 0.4877968227128045 0.49885407896593564 0.46655315325249486 0.513074707889318 0.5188702073862554 0.4718637928691479 0.42632268437653037 0.45606966629630197 0.4223220865605153 0.41399622456148316 0.41960349956199156 0.40162827103344073 0.3471249154580187 0.3654707104263224 0.3628325480276445 0.31046678303557357 0.2940072940841718 0.28882130445570864 0.287919873693815 0.3092766926483309 0.295976860784059 0.24868345227370636 0.2337694740868402
0.7093678790377963 0.7161713215792688 0.7224303163314516 0.7317379351800863 0.695086935798073 0.713971467164169 0.6673173435151997 0.6342894488096095 0.6100807910826819 0.5995273273055483 0.5565506260664226 0.49011664181812764 0.44700542464321036 0.4496519977430548 0.4817359078766926 0.47073660900406883 0.48978312425683734 0.49529482674901437 0.4705399098646753 0.4627495474427064 0.4720392702028853 0.4527132153469569 0.4374160791939773 0.4542866251257096 0.4777741071193951 0.44203133924723575 0.46871417723357295 0.46085021106564966 0.4210244741332865 0.40535089566616705 0.4000085419810427 0.38084623903782067 0.3404062485945982 0.3716594483987316 0.34566690896358143 0.33237072794628286 0.31109527684427846 0.29263424657247783 0.29625504083356763 0.29417471973202786 0.28314090627778016 0.27919883309464305 0.23979753510066407
0.7565482565202443 0.7369824472247389 0.7325739137752216 0.6927919560153089 0.6919798187018952 0.7064611001470646 0.708161551694556 0.6702716803793227 0.6205872440501626 0.5677618209377386 0.5336143844457298 0.49124653178275585 0.47120595711397106 0.4603133454736525 0.44938953230522344 0.4869192367174629 0.4962557978464569 0.447159402994606 0.43538995659056473 0.4636704496517322 0.4553623015429625 0.46771448196494914 0.464712458850338 0.4727145993470057 0.4558786406138675 0.42917337121374904 0.4621096640520671 0.4472644851482382 0.4555101723279044 0.42401652278854884 0.40157896170025253 0.384235294460407 0.3612254021769156 0.37939696369404274 0.39352494993627135 0.3392692993353235 0.3536998342798031 0.3385198885139214 0.2971106762670308 0.3064096217261873 0.2980504044069887 0.26958153252987516 0.28160580479744723
0.7437023827302836 0.7276042793064866 0.7343314273437361 0.7025112353505759 0.6935658713620728 0.6944141989543706 0.691078515469941 0.6553978662675302 0.6079405091344351 0.5701308976379003 0.4992669355339206 0.4844645112898149 0.46765285219934205 0.5042825214276804 0.500613202562768 0.48555330978151445 0.4804623201242351 0.43876419009047335 0.40662164870630396 0.42022865502694245 0.4293730804835235 0.4159670706280089 0.42692150803461365 0.4490589817949895 0.42771689692807396 0.43223631410593893 0.4220856943463442 0.4516195194993279 0.44093803721456476 0.4486323075342462 0.4200268673395045 0.4358925117519207 0.44773811577322525 0.44381441992643167 0.4172829817690928 0.3826744074441753 0.3718623011037123 0.3475751543689234 0.3656936929756453 0.34577559025380195 0.3207079772672326 0.2769312151232976 0.26686727347996086
0.7669340803722265 0.7068062534944657 0.7042866026612442 0.7000472888955219 0.6922337586910455 0.6904097004033884 0.6305651034740712 0.607782953687841 0.6253281172760884 0.5476878140533785 0.5108239485263755 0.47614938546256014 0.5107010153042741 0.5217447075224724 0.4798231800752849 0.4948331102298404 0.459908607815951 0.45152495469957116 0.40569003785756 0.4217031528944054 0.4124289361565119 0.42828345344509744 0.3873591510747344 0.4413369717368159 0.3963188792586454 0.4287459790098078 0.42042416201365346 0.4404748721899055 0.4903306209721991 0.4874625331586166 0.47926525785137214 0.4744738469982274 0.4526722621275861 0.4409157318069973 0.4671577726201122 0.4442042433034008 0.4161918012486464 0.3760505210235374 0.3878693258362008 0.3273287767659907 0.3036222644162692 0.31694877674884614 0.26982548590063704
0.7365642452050657 0.7336626660662302 0.7286255370432058 0.7154519407310459 0.6735146832831174 0.6504127459235982 0.6121511194777257 0.6282029341447216 0.5922112506299855 0.569467588786108 0.5029252506810454 0.4868328314671116 0.4936290909240812 0.5092503745286596 0.4892242771386171 0.449160185017063 0.4640834219433029 0.45694605969407387 0.46520829144549236 0.43827168451762283 0.4367244733311666 0.397176214429738 0.39036403057903957 0.4262943949714758 0.4435305742796429 0.4121278860710658 0.4332206408160502 0.4065815944478836 0.41642449786770236 0.4678710796685839 0.4308128212128405 0.4645753064909258 0.45713806532026163 0.43748699279096626 0.4816894341299882 0.463797573087926 0.4280055415242955 0.4301807164374147 0.3622631330987412 0.3388012302246413 0.3486523269355065 0.3386724740157639 0.291464069441961
0.7332810183582776 0.724319037604131 0.7492534811326318 0.7428182953390989 0.7276740391032984 0.6550449890669161 0.6371942175972951 0.6377970686038845 0.6339983283289627 0.5555496649251703 0.5160966813784316 0.5264965537910795 0.5093426525037676 0.46613895053090965 0.4758018610406185 0.4879491234837908 0.46552228948206026 0.4790435525356694 0.46963430256602545 0.4651912446010402 0.4477062035520285 0.44655950943396416 0.4114079890203691 0.44875524681950923 0.4422713546541361 0.4286643902454267 0.41222509915690975 0.39751323531443455 0.3843491980095962 0.3864998178305592 0.41229302804321705 0.41939937523061627 0.44892528108328084 0.4656408896712971 0.46963216978340755 0.4459071295517972 0.45876634428997126 0.413444935810386 0.37389670430915184 0.37332606604182095 0.35735906447497 0.33155366523109536 0.3210667199210572
0.7430174650962421 0.7196891098670978 0.691138098021733 0.6871230154089434 0.718402558561836 0.6925291247425855 0.6514482766663886 0.643486680806047 0.6343555618594549 0.6004952196727181 0.5392093981606826 0.5112820824113107 0.46579693176371784 0.4526866166054223 0.46564482801558865 0.4559978384918181 0.46220002590742937 0.4945919157101822 0.4898226954401109 0.4941619059967018 0.49958100783935855 0.4781864984481331 0.4739458109375899 0.47836532780819746 0.45322098449995174 0.46087518049046244 0.41132626214044626 0.43053879160400305 0.42382284036246826 0.3874862171017236 0.39309598070706286 0.41633280093941805 0.43663964921004655 0.4563859703549899 0.4294191929830465 0.4633877945151096 0.47079605671889546 0.42386614053094257 0.4143162547148051 0.37409650980727016 0.33687248749989374 0.3582888857179295 0.3299596138673083
