Raster_benchmarking/Raster/continuous/raster-377.asc
NCOLS 100
NROWS 100
XLLCORNER 1743155.7816206957
YLLCORNER 5469284.340858987
CELLSIZE 10
NODATA_VALUE -9999
[rows 19 to 37 of 100, columns 0 to 42 of 100]
0.6298011770278049 0.6428480801774429 0.6127254739542239 0.5843135729721215 0.5526478865001301 0.5315889719972025 0.5166054141694881 0.4864770845521441 0.4566114940993587 0.43814335302796004 0.4370857571100842 0.45299683084990633 0.43492165822316586 0.44632081947598334 0.4479840880713989 0.47398910975930725 0.47629802502125007 0.4673044498497598 0.4768287658620743 0.4612687803539575 0.4443925965457875 0.4046463500301146 0.40743286137902485 0.39511020601558017 0.40476681866481634 0.4044661511156263 0.38549121657751667 0.36660837239711114 0.36120406596984467 0.3461264926633932 0.37025401801035784 0.37057463436085236 0.3939167357333011 0.3946758459305529 0.4182717258698686 0.44436926173088265 0.4508177786613295 0.4640906681184742 0.47905689804471874 0.47686153289545385 0.4626670870983529 0.4514915859002003 0.4551484681744975
0.6223486678994772 0.6044828968935024 0.6040328038607559 0.6146063365856114 0.5756152810762366 0.5305222889791565 0.5059094600547154 0.48764413066309453 0.4708360444593085 0.463785643390595 0.4800412690278719 0.46116595628553847 0.45581657910089246 0.4716425719310421 0.4712710809556573 0.5068736610251801 0.4964735026185651 0.524088756690366 0.5255475820417047 0.49525838206684947 0.4512761936217537 0.440877408274429 0.4160494212828757 0.4265907402783242 0.39576353422159494 0.40298335697994075 0.3945183577863217 0.404986653352929 0.38056407634774914 0.3418534688694942 0.3385109030726993 0.3949672027003184 0.42031914762102746 0.39925018531436884 0.441439529544004 0.454996876990158 0.5006468187034725 0.4790884854074082 0.5092053618137883 0.47516963697470016 0.4766084449140648 0.4659533308415306 0.482014290384914
0.6536054628309136 0.6132467669764562 0.6241442761879407 0.5997126985513123 0.556155217759863 0.533213963861783 0.5280194060335212 0.5042345112108035 0.49853071100641977 0.5026142317226294 0.5055595128318555 0.5278645549028389 0.4862565578188643 0.48155166338551525 0.5203223619813382 0.5419494947651259 0.5688830090597897 0.5641424557813063 0.5651236782336186 0.5344006704439193 0.5025221603853871 0.4360479620682093 0.43242041250905094 0.4374281173944992 0.4181431509033383 0.406281589878904 0.4170361062002456 0.3838524675753554 0.37643015630186266 0.37981026625148684 0.3744772515741646 0.3993444713663915 0.39968853046774466 0.4251132681722133 0.423021736775576 0.46402459973897753 0.47242155198302854 0.5137678496522646 0.5000333945638289 0.5342121928374837 0.5352562361591722 0.49177065891493377 0.5067055226832504
0.651276436085423 0.6308407648090398 0.5804964801958531 0.5983800234063336 0.5560307008585536 0.56742428231936 0.5436281914342231 0.5418989001298281 0.5528283004959719 0.5547445624092798 0.5681818812495932 0.5512207245666182 0.5096753781665768 0.5054183302668493 0.5391270847504586 0.5432364293022875 0.5924502993213303 0.5672069503639127 0.5836679191543577 0.5496609816707199 0.5085541701803918 0.4752944751668119 0.44628183738599314 0.45107791265702923 0.4415437915032701 0.40448689482502254 0.38816144759014076 0.384251340056956 0.4151011326195158 0.3968027162030185 0.4191971390299993 0.42606386639384436 0.4384422944449288 0.4324387836450196 0.4267563713951146 0.47303610459492035 0.4789680158420417 0.5180879969648683 0.510714891226539 0.5309735749221285 0.5474018487782176 0.5615686794289433 0.5527244595998634
0.6549873341424411 0.5930447289817911 0.598275464470338 0.5676510642491929 0.5824582030488596 0.5697602384623426 0.5524308552339826 0.5951043677850562 0.5612303036545218 0.6001689828926196 0.5835432590027956 0.589403132316598 0.5829460346630312 0.5696646042672376 0.5831729778040285 0.5974617597269121 0.5743585935983834 0.5822774012745897 0.584283941466834 0.5518806072385618 0.5443871593601339 0.49315445981417233 0.4959435127424999 0.46037429816524433 0.45070659178428873 0.4571975757420478 0.433591499518047 0.41898798089280537 0.4555926464024661 0.4304045897866415 0.39310659245980917 0.401636879300073 0.42134916463426664 0.41975953309494696 0.4324980714021746 0.4658466013827933 0.503153953876519 0.5063494621206476 0.5087925091455795 0.5419671108847237 0.5480352612681734 0.5548923840037004 0.5660197711822694
0.6428229551513291 0.5919243482680151 0.5794622219077958 0.6059977754367841 0.617782301291036 0.6287654174128697 0.5949899753595751 0.5922085515133177 0.595027298835197 0.5892326749588915 0.6235554784845375 0.6161120446700726 0.6118430896565074 0.6199384196935789 0.6215045228258403 0.6127354157120488 0.5658484529663449 0.5727931090094389 0.6077467263294952 0.5760046415835837 0.5396016724948378 0.520394352104016 0.5132973446719755 0.49030566091980077 0.48890157437459975 0.4406677630801468 0.43394264343790045 0.4461327391097822 0.4605030527756833 0.41670373966730284 0.41926608043627994 0.3892714530069401 0.4130638534552421 0.4688477986467319 0.45939960917708483 0.49691106313535943 0.49488218141944185 0.50166625327488 0.4835179264649694 0.5351787692118093 0.5652229113923861 0.5761086012387581 0.5718072925104305
0.6300635398350802 0.6026198232378843 0.6317445503013485 0.6330274457798956 0.659578821016318 0.6474371706505935 0.6541402748826112 0.632285410475536 0.6214141570711686 0.6220425414871031 0.6600946088874157 0.6437850944951908 0.6254849615377817 0.617660577288795 0.5995504929854841 0.5799764001895114 0.5582650773488526 0.5655646928393594 0.5603449826190102 0.5556938551618876 0.5219593005516279 0.5377969518512944 0.5102704798495136 0.5123507642017697 0.4654955062729315 0.46427423440148147 0.4535690718495814 0.44108262735756687 0.4348014052247844 0.4263053859242167 0.43500940908009456 0.41303638026991624 0.4642447813958967 0.49077522253914374 0.49572133088412584 0.5272446691032063 0.5093530504810696 0.5293110713820496 0.5093689068175056 0.5152910831983819 0.5334059318534171 0.5434077536071712 0.543165151812096
0.6468655121893835 0.6390615288467857 0.6237899611964858 0.674441821881765 0.6799036091988692 0.6687183539872806 0.6583969028364413 0.6415678129227252 0.6429702686931319 0.6442663589919907 0.6748357924876276 0.6613629509767217 0.6184379971797677 0.611264663022752 0.6261699221790851 0.5869744494881532 0.5961542626411462 0.5741806421764013 0.5697055974656117 0.5658302821108312 0.5489752469226439 0.5488044373338301 0.513809447175482 0.4793801486309781 0.45297946005787454 0.45071383908377827 0.45336545533805744 0.46422568972665074 0.4609905515504468 0.4619589262131191 0.45067137101122023 0.4306816778786714 0.4607920548281783 0.5013289966962698 0.5518743847750227 0.5559118319052218 0.5796436021838215 0.5577742487826893 0.5266397344713184 0.5709051850233122 0.5773671871690369 0.5854371715102892 0.5496353705237537
0.6662054648511866 0.65340539275262 0.6656813396568393 0.692265990319189 0.7268088579101094 0.7158916586041755 0.6902495961820225 0.6927066027555326 0.7001816706118283 0.6705751969490189 0.6686497197793553 0.6717252914564145 0.6707034634852703 0.6613571434182904 0.6272898755153234 0.6340991830805744 0.6070128697453516 0.5853244170401257 0.535387440168945 0.5326096574904831 0.5295474709856032 0.5092237281499777 0.5196238783332314 0.48685028072040365 0.5001800176594637 0.46591864238570524 0.4812851777300529 0.4810640381808094 0.47542392305343373 0.4728176145500336 0.4532029055840076 0.4731212002062615 0.482757855614463 0.544420590104912 0.5539932132361416 0.5893136615506886 0.5772838832055661 0.5658608502744767 0.5666806321399438 0.5973989445509982 0.590544679170846 0.5827888384646164 0.5643639121279443
0.7264694425757323 0.7309049296021802 0.6942376726662204 0.7006931576366917 0.7249637359163436 0.715012831755329 0.7165720926498044 0.72862476429486 0.7218431661431617 0.7045787031658964 0.7108116870146097 0.6626882059073896 0.6632096703616399 0.659238251443056 0.6441941215324148 0.6080789782462459 0.5704528181701783 0.5774183762999501 0.5401017943211065 0.564426857233867 0.5690359876519251 0.523794916660241 0.5010844108424748 0.48834472942616797 0.5254271890331501 0.485043393298852 0.45940938281269467 0.4787028427502958 0.505141056642341 0.48871613756961035 0.4400942076175646 0.4993906565737695 0.5400655556235674 0.5578254742538019 0.5838279671405552 0.6036709359070593 0.6079934575683472 0.6156920637039129 0.6259599238111183 0.644092514020987 0.6230403829012441 0.598247734042321 0.5631912746729572
0.7359445863168497 0.7514868039730612 0.7289485838711602 0.7466092887305763 0.7650969272746203 0.7362695938207541 0.7470521033536397 0.731213573232859 0.7423582457118244 0.7099581939072155 0.7127993482110678 0.6870630699941138 0.6541678105051398 0.6381667519339482 0.6195819882818311 0.6205262844946637 0.6126721025556825 0.5958098226597961 0.5800061736269337 0.5443433113665255 0.579634991311177 0.5609597427049553 0.5319699036306305 0.5065357132088378 0.5292130903606549 0.5364435106859601 0.5237442727412502 0.5032159900202298 0.5101926357251031 0.48799928784272295 0.4560349461249509 0.4793200614421288 0.5082517017270411 0.5474402791439322 0.5929017386353388 0.6077779157533805 0.6327220596379316 0.6220137209452504 0.6253225413124016 0.6457035943472819 0.6148983583311266 0.6094993786213607 0.5801564905803775
0.7855258789959694 0.7910682370905748 0.7908521276485578 0.7733536643265391 0.7671402290752236 0.7419645746170138 0.7350568699803164 0.7467598536195772 0.7364311608741766 0.7249817818082882 0.6738653484215777 0.6679063632983371 0.6508472459096776 0.645476296350336 0.6255354241132015 0.6304873674354229 0.588059611564735 0.5939714025732894 0.5927652477427225 0.5859280690031254 0.5584390503569193 0.5574099717182672 0.5212950981862421 0.4907710995803894 0.5203321467751013 0.5352782924688382 0.5460962653293508 0.537157996876376 0.5243393005352063 0.48194073249353503 0.49013396154915967 0.5198987287984375 0.5288016206010793 0.5475818546197073 0.5706312177800764 0.5761864437158137 0.5985931223304244 0.6426311055980736 0.6514071698697451 0.636020480934708 0.6370301123361641 0.6479351791216689 0.6114590049706576
0.8307267217133127 0.8291946544793832 0.8173703773934726 0.7611480596297122 0.7397210841876366 0.7183629498026161 0.7433208062414621 0.7445500352705188 0.714387598834286 0.7168775467932545 0.7107570198994595 0.7035738781997569 0.6746936415690994 0.6420564085242968 0.6166581706804641 0.6016329044203738 0.5801799473503357 0.5839873095409119 0.5568541452539915 0.5570246431269403 0.5399708539980747 0.5114581923982915 0.5035034924411192 0.48983783017411586 0.49111512421679443 0.5414360031468937 0.5382041531066867 0.5275729567245232 0.5148735589829873 0.50884085849526 0.5254034843272003 0.5171895114279383 0.5625881052226236 0.5794958753039704 0.5847035538752683 0.5715729760473884 0.6128721672328656 0.6332677357562666 0.6431004012191338 0.6487009301072733 0.6534406357928436 0.6567333764313797 0.6708315690085864
0.8652836553025189 0.8092937011134343 0.8049626965776319 0.7898059681643823 0.7313088854694899 0.701740360139036 0.733466776918752 0.7436398508718862 0.695511370372526 0.7132850707719238 0.7159219506135842 0.7115837784243175 0.6901136895899496 0.6747014449503805 0.6573559240707131 0.6097802481022236 0.6147399512411987 0.5604399899292616 0.5296121177312806 0.55523713780663 0.5516082612917068 0.5220209764832641 0.5126450220028249 0.5252355849150955 0.49854259985006144 0.5330108493974512 0.5574428292796436 0.5400590189337446 0.5222150048555642 0.5138591463163396 0.5277841447140702 0.5273542169727838 0.5621614504692062 0.5431388918686952 0.5659464342900418 0.5680067419340489 0.6372025043976244 0.6516231073778649 0.6614885070222226 0.64107980764578 0.6774151783301288 0.6626185321520695 0.693570682954179
0.8636530233390611 0.8342464914968515 0.8232252366586896 0.772897143317607 0.7381267898363096 0.7100545929811337 0.7146728316271191 0.7133274922407928 0.713117240040108 0.7225830284739679 0.7312641879253616 0.6828817692060412 0.6566913665033204 0.6589587877935261 0.663765854307096 0.6289374154221677 0.6171258071858026 0.5646566088547931 0.5634276432751938 0.5427298215400311 0.5492029060976658 0.5738730912013554 0.5628461351236815 0.5449643163487697 0.5195311029553613 0.5206998277164145 0.5491349185855995 0.5254628521604178 0.5371090483977075 0.5095546943463444 0.532526078048052 0.5242064703969702 0.5490980277149805 0.5440967294831467 0.5477446325510235 0.596673255785076 0.6029656186694412 0.6374464719735718 0.656942689826665 0.6632778255259841 0.700641750747535 0.6813951749974684 0.6607276406108712
0.8684389468836154 0.8502687152401619 0.8503246222359515 0.7718325938263809 0.7500070978805513 0.7319130306029963 0.7138892620149235 0.7325111059326296 0.7455168298086893 0.7203704950408074 0.7185731773505885 0.665388215457827 0.6691118035814756 0.664736047537841 0.6646308531332262 0.6590882413529805 0.5969812102780068 0.5596806881493219 0.5549839073057155 0.569135019974332 0.5816075069581992 0.5721732541004472 0.5629474789839006 0.5226125213263633 0.5166945703969166 0.5162826515545952 0.5428952902412275 0.5286966576451061 0.5590029893799962 0.5357489403790754 0.519007790932503 0.5266080108784222 0.5612717953802241 0.5302214467546877 0.559122342015399 0.5952438399936669 0.630582968457166 0.6381581322734513 0.6916131719358408 0.6650893039734784 0.6916495279224661 0.6590293762195897 0.6562032958284099
0.8617627523855778 0.833135866665763 0.8345842573399093 0.8091780608729038 0.7784804730941961 0.7452166543315982 0.7447760964068465 0.7529791395321834 0.7616692916712422 0.7291328471075439 0.7205622606675667 0.6786791331521896 0.6938725856394896 0.6918290535254545 0.6819466069594382 0.6586062730367817 0.6008223774192613 0.5984592242892033 0.5836860164514903 0.554476744472423 0.5980112983430069 0.567264973425849 0.5774772100082177 0.5473052910948728 0.5248983497890324 0.54228245238223 0.5391234671878977 0.5479817102276276 0.55472527602518 0.5573676286130541 0.5051959531958767 0.5148659766459329 0.5234749890899696 0.530853607241551 0.5703932342525511 0.5847642292407375 0.604169938943551 0.6333441627111629 0.6645236630193677 0.6431287397052 0.6485668309122169 0.6613347050959592 0.6450685060232422
0.8278366217689609 0.8144348457355991 0.8190784560328112 0.7913640922748801 0.7718951182310395 0.7727557099114496 0.7249685562204922 0.7609829590538644 0.7521628315042379 0.707603758307538 0.6899443294465638 0.703990370436593 0.6841121182536942 0.6931349574203799 0.6875213058705753 0.6483026769767414 0.5967618536918319 0.5890262976933421 0.578542355263821 0.5808706581235382 0.5893947014519377 0.5702554857973114 0.5782220942051041 0.5541909224938518 0.5728860279799506 0.5662141816112779 0.5295257309558508 0.5718021014051854 0.5665935738863768 0.5605464071003115 0.5294178756174805 0.514933116443532 0.5146602955015872 0.5606087343807944 0.5478932118517227 0.610677395838423 0.6090853594563241 0.6461845031829974 0.6577901138405884 0.6246281934277632 0.6304979204788653 0.6506812410933389 0.6391900594225751
0.8512169234762257 0.8272912002000015 0.8105632800175863 0.8080294310966815 0.7696959950350011 0.7527139233919927 0.766216841726033 0.7411372202266057 0.7761852672734477 0.7305827369161274 0.7527275911603755 0.7342647207975247 0.6934314783967108 0.7013849100416264 0.6692959565944667 0.6672283134856173 0.6276138012036562 0.600521779327375 0.6126446441568093 0.6225983399855807 0.6147109991763662 0.6080212886627726 0.579429039687496 0.5988730423515044 0.5754344368458336 0.5735057784761576 0.5384842673917625 0.5670940377989245 0.5562751732383707 0.5411893604500302 0.5466057356081006 0.5166022570547921 0.5339155891297045 0.570632741570826 0.5952129869276049 0.6114146278847584 0.5930638977026476 0.6169539064190334 0.5972162177000585 0.613151633476062 0.603766514182016 0.610350946672483 0.6254583941875909
