Raster_benchmarking/Raster/continuous/raster-156.asc
NCOLS 100
NROWS 100
XLLCORNER 1743169.070763204
YLLCORNER 5469283.134194956
CELLSIZE 10
NODATA_VALUE -9999
[rows 19 to 37 of 100, columns 43 to 85 of 100]
0.9455810076955858 0.9475602885698922 0.9850675530336428 0.9594040103178267 0.945265643222237 0.9670155546750451 0.9794038956853851 0.967596466488177 0.9644505909187956 0.9385527526252171 0.9330541969708541 0.9149703536253444 0.9213107776044598 0.9484955984816233 0.9542160666743112 0.9132443595619968 0.9135651527568416 0.9324265607641063 0.9048105088104399 0.8738684313022026 0.8753195340086856 0.8575574221049669 0.8249046791949503 0.790776493214318 0.7959546930303896 0.7768389651569008 0.7934757324686835 0.7939525788846784 0.7599659496087283 0.7568774858948303 0.7585808574911213 0.7768129016807712 0.7879160359746459 0.7767486875019755 0.7966841280571736 0.7839229321044132 0.7836088010286331 0.8077562979361941 0.788165419256933 0.7765785906706201 0.7660875932586196 0.752848666829428 0.7439826583752496
0.9233883602355228 0.952683026559676 0.9816119740151255 0.9750369159250777 0.9508081229946063 0.9505757238299346 0.9864836572548802 0.9967840741204803 0.9717445786492382 0.9290640380218897 0.8987358333726736 0.9000039157641472 0.9207618826490114 0.9286053002725346 0.9411765521021033 0.9210996388039066 0.8921335407943565 0.9149272313310719 0.8998806214099017 0.884060429972464 0.8443718439477944 0.8257754970001655 0.8354977377733107 0.7903105105784785 0.7819032581847951 0.7802693208321815 0.7882911733993982 0.7785399954472789 0.7713379918384786 0.7895568381992518 0.7924222081624264 0.7920902541880467 0.8030140727958458 0.8004895419003943 0.7868963839369976 0.794203908517615 0.8113246476911758 0.7943263684356338 0.7658608267314769 0.7723552041255234 0.7758801020277314 0.7678314198773813 0.7485721671596323
0.917129257091083 0.9485775131896828 0.9604759459523202 0.9664262153874347 0.9689546754245744 0.9647774157367869 0.9920374221636516 0.9808719239036205 0.9658338374468002 0.9390626010821957 0.9148319202830261 0.9332186177645978 0.9184428550770865 0.9107757134420391 0.9252679182854229 0.8990434326864694 0.9116848403830342 0.9083667385120592 0.881244936924648 0.8605511180191266 0.8411870359933035 0.8312108788836061 0.8327702078640273 0.8135989366779919 0.7689602125418814 0.7764956740767838 0.7663690031783303 0.7619360255489138 0.7645631063969223 0.7891122101579303 0.7788252740662724 0.8141509723400469 0.8183753010621035 0.7972008709134883 0.8235642956480788 0.8012771952317573 0.8042028708585532 0.8143580255879763 0.8089235488466143 0.7856614603131608 0.7876161025435279 0.7489244783994319 0.7344738609254443
0.9251466321098902 0.9123305157047074 0.9457206770191214 0.935576094517038 0.9691651267902948 0.9856386616402797 0.9791367615190311 0.9432868693484812 0.9239695928933819 0.915989134318554 0.9251023642873586 0.9409145479037285 0.9134337750192393 0.9056014425357 0.9161620495065419 0.9216392374918687 0.9144847776825543 0.9140153636408218 0.9015138246748373 0.8644112672706108 0.8781676509823271 0.8337380441341253 0.8438905121346688 0.8032738552252224 0.7774715462301313 0.7738132870569606 0.7453637848260671 0.7672180935170345 0.7877104565785941 0.7730125888425249 0.801321107555875 0.7794443050847563 0.7835615602308373 0.8156371836217109 0.8298112849753411 0.8273289757310033 0.7946468615742656 0.814131016660376 0.8087215611669359 0.7876248927767663 0.8088838788227732 0.7450634280354709 0.7245001725159447
0.8988838607175325 0.9042163688165359 0.9366267108959156 0.9414474183840581 0.9397872415706784 0.9591884841423596 0.9583092808470215 0.9256742934411666 0.9035677382422336 0.89812082650428 0.8935590292028711 0.9105064639180387 0.9071295273213288 0.8898338476031747 0.9082043377551348 0.9093175418071067 0.9078689839999527 0.8694057789664947 0.8639206866767298 0.846310262437794 0.8683322892889177 0.8613591324302453 0.8435223501791276 0.8089414528600561 0.7868746685299634 0.7600540819216058 0.7573008227592339 0.7666799541238126 0.7763088957711091 0.7734663948557525 0.7895039102316738 0.7937049794215147 0.7845813830784387 0.7900413520136579 0.8276116423008048 0.814370494560505 0.7921505756092805 0.7898367155420765 0.7747370502968935 0.801433375521716 0.7841510147681028 0.7741026663803896 0.7480251278658954
0.8845477807861735 0.8852295037385897 0.917619256319955 0.9053173397880839 0.9466875723011374 0.9117396136791692 0.8974171414929119 0.9091997996792829 0.8964928752815395 0.8973557435235534 0.9146200206913163 0.9158630314621525 0.9030649814511537 0.8910898971652144 0.851455339869146 0.884190595322428 0.880261715923973 0.8295417101232339 0.8226534169314825 0.8475631212418183 0.8493231747969795 0.8211094721985734 0.8075499240710596 0.7867191788251707 0.7980145749789535 0.7589768696616883 0.7375098418189759 0.7537778452779129 0.7663671056575649 0.7792154445773486 0.7648989628531592 0.7713387334414007 0.7855274444625715 0.7719833167012267 0.8079843292622925 0.7909543541758981 0.8123585103983755 0.7967469965058558 0.7651470711994427 0.7663645785303338 0.7908410742820536 0.7736680331593975 0.7510309708281616
0.9032540877047203 0.9006788510827534 0.8739175571495054 0.8954363758361278 0.8975748095624909 0.9247646597416495 0.8959578475644598 0.9129830109745621 0.8881197055176456 0.8997991846252568 0.8853702041388023 0.8931497313123333 0.8671309598936938 0.8402122987623664 0.8318162135494841 0.862006142990536 0.8494581817096655 0.8289701046792485 0.7958504391913976 0.8195583594623977 0.8035590603671439 0.8233169317558389 0.8073717132851903 0.8037599420777292 0.7846618891049579 0.7420443573820196 0.7374772538250862 0.7266477858236574 0.7522754942905298 0.74614672740122 0.7435525062578717 0.7825250881627249 0.7663758205554848 0.7587151111120302 0.7907971221645668 0.8049894809308734 0.7834169183258115 0.7777366918924962 0.7705147957157602 0.7809017129446668 0.7913902378634283 0.757507640107223 0.7809158175786974
0.9144688359031189 0.9089923684015045 0.863223223681078 0.9051977918394261 0.8935671282364314 0.8815479459975766 0.8914414182040205 0.9261719676321806 0.9179796532359779 0.8773461190963562 0.8600388190767128 0.848223061307077 0.8303682305142216 0.8170945690681068 0.8401563552742006 0.8558499851976034 0.8236629537286232 0.8064799351408878 0.7555773270671405 0.7946344898120239 0.8010813590827175 0.8013551769922105 0.788750224024879 0.7646999239222153 0.7697619387064135 0.7201318115951031 0.7271526950525793 0.7034140311898568 0.7023168979455474 0.7348492349852891 0.7232915915111263 0.7631719130752221 0.7780048690447742 0.7373512552688751 0.7297066656203729 0.796225110261946 0.8077743030002978 0.7742030632654228 0.7568049750877179 0.782945123774188 0.7685708273407696 0.7805125295054043 0.7978060926026901
0.8885291906872627 0.9035150425742523 0.9166442273057517 0.9076661290801378 0.8957976654464236 0.8907311066098516 0.8897941373531671 0.9086491758553041 0.8994962851766921 0.8737276402785021 0.8674623393857731 0.8561432712388938 0.8243556828184347 0.833280074600884 0.827651065594712 0.8242094057378059 0.7774281771664016 0.7739508261359292 0.7676291121076606 0.7487840355932278 0.7670837405081621 0.7873469233928418 0.7839757185860238 0.7622709763258396 0.745217812881213 0.7248363888147631 0.7306236855274524 0.711937277995413 0.6911349454654231 0.7244140822391143 0.7254407427203308 0.753178635680771 0.7468601298915694 0.7616881142441045 0.7680150207090087 0.7815529248551303 0.7875419858906109 0.7875890552488901 0.7781211210487343 0.7770902175571879 0.7880879716377011 0.7910159787389546 0.7702684439000367
0.9085205710918682 0.9284683972824341 0.9143087624315334 0.9177168952448822 0.8773349609393798 0.8776467911006816 0.862593179783695 0.8959127735875723 0.8938885904632825 0.8639143846099392 0.8340436637088566 0.8270067915768455 0.8184649902486301 0.8136203928853168 0.8305202722768655 0.7815043811297937 0.7709929005114081 0.7460188725287035 0.7312265292112009 0.7474811756468992 0.7737379514617978 0.7866542662868932 0.7503503470284246 0.7272644761418752 0.7075166677406707 0.7133036461368494 0.6912177742267936 0.696141805929525 0.7042446663869807 0.7238464083805213 0.7781458402815746 0.7625780525929786 0.7648137494472403 0.7655876400245513 0.7661141504486055 0.7796577392025271 0.7937762241408765 0.7943104994489836 0.7816508616092566 0.7647244894256894 0.7518651650963967 0.7818213098990899 0.76834389534037
0.8984653971291904 0.9237458472147067 0.9262694728078229 0.9026631491879825 0.8693488224973666 0.8837003206632053 0.85249046035151 0.8581118801338372 0.8800376258587714 0.845470861117063 0.8393073097849211 0.832800038045724 0.83130571530902 0.8224369634286048 0.8032554520715579 0.7801686849779589 0.7557703074426305 0.7373436174437236 0.7064597010095316 0.7333051667504688 0.7609753341072725 0.7619127393563964 0.7286412664829527 0.7208596672294649 0.6839391678610415 0.6905528880367819 0.6939885866002321 0.7221991942681535 0.7168159370735542 0.7346409939114844 0.7485802177395234 0.7804871732404297 0.7853384113208264 0.7877626815545707 0.8065567109102664 0.7944259343197612 0.8055423526458002 0.7960257000297872 0.7779993763589307 0.7436404224966541 0.7336023951753939 0.7590793329804723 0.7519507181938879
0.9053765611809269 0.9182384482206273 0.939797335583983 0.9130921016786735 0.8891230435149023 0.8763384329637542 0.8508398426944163 0.8498169331948822 0.8603364937256074 0.8436573265383883 0.8381803588101798 0.8316178464230939 0.8591418286988443 0.8389683553611077 0.811481588672243 0.7701980020610576 0.7368487893345771 0.7158037284607252 0.6755926869766703 0.7304983294694591 0.7506270649170147 0.7685310005897128 0.7416055803063295 0.7028124980244089 0.698530105169607 0.7117723575816601 0.7108094873830794 0.7125408524607132 0.7559411366936774 0.7525687174325374 0.7815435615638079 0.7603447526800231 0.7810954611144736 0.799151686947853 0.8354465038400267 0.7834134306110555 0.7874932240855207 0.7962768015319558 0.7685132074763514 0.766674708740476 0.73459422463715 0.76724560371382 0.7874076973766292
0.8887812654268339 0.9031192422521653 0.932053796243472 0.9215721725099122 0.8748860055178235 0.8732023108554456 0.8481490818869689 0.8366421330036957 0.8254086596970104 0.8379491579191403 0.8381967019923001 0.8431651997847687 0.8124194655086406 0.7986227609152053 0.7660753502025075 0.7378014529323638 0.7369231491934399 0.7186469567309216 0.6824432815253091 0.6935731567706038 0.7278567516724352 0.7386875657760675 0.7328721571870538 0.7145569080666878 0.7085646802177872 0.7086220424671614 0.709264517911326 0.7302296470220007 0.7220679213206588 0.7439766455310783 0.7603125954410759 0.7761712925703674 0.7912737248566629 0.7824684433575154 0.7957559933708671 0.7981960801109831 0.7708582955009267 0.7705328430250457 0.7827960962967837 0.7474569958630349 0.7401608452582152 0.7625045029381436 0.7643514249457026
0.8447031449124291 0.8741607118534798 0.9104772115167704 0.9078346446635809 0.8872588563093888 0.853835269950283 0.849393666779659 0.8340927710152026 0.8314251025589935 0.8567630693987052 0.8467985142212044 0.8419259637495178 0.8297720297262237 0.813656313268678 0.7703011284225639 0.7356511850963124 0.7146825724588529 0.7138287233651903 0.7142730538388412 0.6945123940171865 0.6784185989758899 0.7083621882412123 0.7128320933089496 0.7348310737961307 0.7327889811425456 0.7396144292500195 0.7381687879886207 0.7121888329073238 0.7313054538054737 0.7609451711887169 0.7569136474219837 0.7463914356846036 0.7496929895736669 0.7701313689910745 0.8147758819686164 0.7782908680033571 0.7626634581716893 0.7595931489002633 0.7717135898153263 0.7520268788620658 0.7598164303047772 0.7477438752699749 0.7615632404643913
0.8316390837362582 0.8429535419597605 0.857362093977647 0.8975765370635549 0.8732832874900758 0.8576578591012848 0.8536076912085614 0.8365111902586972 0.8309587810852118 0.8388502921732893 0.8508156726178092 0.8404093029101297 0.8297461247559486 0.7785277495000755 0.7596507937592267 0.7126596025328701 0.7182052384012212 0.7063927078082365 0.7176394816206603 0.6846755777490972 0.6887260938711286 0.6784940220775459 0.6966409276080999 0.7181776164577405 0.7158469028159319 0.6981128133025869 0.7032930601178945 0.6937196372242428 0.7279707703707587 0.735611058529202 0.7578649291819075 0.7522172848103038 0.7618189107071925 0.7820631913070626 0.7694154149212734 0.7685936934572059 0.7751322266810537 0.7615475074940287 0.7655212680599487 0.748879076975302 0.7610505356162554 0.7401222788007845 0.7179959189284646
0.8215102341497093 0.8366248333373657 0.849654163126715 0.8845117819524849 0.8716789693247476 0.8311968374862218 0.8454738552438703 0.8222557391528412 0.80816071744629 0.8279482267694057 0.8286300337296536 0.7976710876553825 0.7934634376413934 0.7475217357811991 0.7045288620903326 0.6982270047051753 0.7372692352337401 0.7292837088038542 0.7104436086494748 0.6816472506387041 0.6532152807808482 0.6868537391287965 0.6622847144586909 0.7045097820082435 0.6825511688521377 0.7047107317331799 0.6845959892761786 0.6831792070122946 0.6921657291340259 0.7297655399758234 0.7332292164709207 0.7258237116896351 0.7278186739490468 0.7830683887171449 0.7822790212846132 0.7614079829411479 0.7677662555928787 0.762281370797049 0.7880249909742794 0.7748302614692777 0.7527118610419883 0.7455726272246993 0.7109702164587298
0.848076736246949 0.834747359823111 0.8589791487524737 0.8721409165849136 0.8574167183998501 0.8275775920009213 0.825771948477939 0.8193963643139126 0.7970588639851705 0.8199416868937934 0.8209177965100949 0.7952945597107552 0.766314860201156 0.7301984035185286 0.7240017142220212 0.7105918394120094 0.7192491123291067 0.6882517394587492 0.6690845843789661 0.6876525841682354 0.6495494256505684 0.6730330621703425 0.6699900683829608 0.6902685086957436 0.6955879113090726 0.6899206572560556 0.6948266986837054 0.7086079906121002 0.7250438299086734 0.7283792682156932 0.7300385169830164 0.7597112727464491 0.7446450560242666 0.771732925363852 0.8004795451126593 0.7914973505800857 0.7901226580541435 0.7843917703317005 0.764017689183582 0.7636252700951799 0.7362803879536595 0.7288896102864286 0.7228410731080027
0.8417988043677913 0.8691303245003189 0.8826843889095448 0.8642465386194814 0.841665887514257 0.8381714197770195 0.8322723674750396 0.7987941487442278 0.7875459054077959 0.7841345246314905 0.799019005330279 0.7581972560774035 0.7516652453376992 0.729683970484625 0.6960577216647703 0.6864152130647431 0.6912509708002432 0.6971905070430325 0.6725546717106796 0.645260552823351 0.6560013233021662 0.6743293711726636 0.6522098852885285 0.6864382116051491 0.694833122783711 0.7043347957967157 0.7406962236931826 0.7175391632052637 0.7111997204833692 0.7028497638255286 0.7200670628600636 0.7373526883066165 0.7788610049258677 0.8024397098063017 0.8394616509145352 0.8117210333668098 0.8309229761886289 0.7938564696830263 0.7548369182058505 0.7538814831404402 0.7468523290890431 0.755051301790991 0.7430884601877485
0.8453851574752536 0.8357374089333581 0.8695987229004195 0.8470488196713759 0.8002513595996927 0.7941536844435968 0.8091242859404767 0.7842598259261143 0.7715743438700441 0.7676322757398975 0.7683045444545104 0.7649642612089405 0.7490699222684352 0.7439637787569281 0.6963270169922454 0.6877710237309725 0.6739759368337958 0.6646977679102632 0.6562689291316931 0.6354325811213977 0.647677002783939 0.6334028436843044 0.647390516082544 0.6698214312507239 0.7051146482955593 0.7130985753076033 0.746542220080198 0.7334253285351542 0.7129605186631142 0.7190324530065105 0.724605498486507 0.7498664737194368 0.7694704524686545 0.7996205367651552 0.8445650065514646 0.8288738322978257 0.8325439818640019 0.8015678845812655 0.7935748255649062 0.7793546659721956 0.7510245141914695 0.7279329857238099 0.7210338350929979
