Raster_benchmarking/Raster/continuous/raster-496.asc
NCOLS 100
NROWS 100
XLLCORNER 1743156.244361348
YLLCORNER 5469289.101504531
CELLSIZE 10
NODATA_VALUE -9999
[rows 57 to 75 of 100, columns 0 to 42 of 100]
0.16720670178638822 0.21462073988872887 0.2580642901658981 0.2516222357765605 0.20811457265715597 0.23238660548395598 0.24132178621465042 0.2780905116431642 0.26023026347581635 0.2932085635932127 0.28950492431870295 0.27790136628455414 0.2410700334841522 0.25320555031350134 0.3049924713193555 0.3040811932465996 0.35225219722092316 0.34228352158847575 0.35924916755540104 0.37650801672297607 0.4577620085952194 0.47694803205815917 0.54580567233393 0.5994956332215672 0.5946494283547089 0.5805106300362737 0.490781340695184 0.5036326832634764 0.5070036427640472 0.5336253322625372 0.5775858490585662 0.5804800435977854 0.5195153424992844 0.5161288015553427 0.4779595442636356 0.5085592626097719 0.6060414600906741 0.692545893591666 0.7074436077562405 0.7202720023927125 0.7121984544274242 0.6546447815223498 0.6536104242182926
0.2120791205055917 0.18163704711090076 0.20242167667692149 0.2074563544708598 0.26521337702976544 0.23126273820794543 0.22058828289936352 0.2155602509320571 0.2793316451436043 0.25528012566479097 0.31292068951233637 0.32291102195661503 0.2560561331663285 0.24173191565544305 0.31131163582255234 0.28128389742251925 0.27518411283996413 0.3129803860809447 0.38518362206444196 0.35908301106218765 0.39503548009169476 0.43958330916000804 0.48830016494700085 0.5301217701067853 0.5826466268579956 0.54515958115363 0.47487832780707706 0.4529317016937679 0.4598855389701253 0.47560861126731974 0.4896745269428404 0.47405369028566907 0.47597723823877963 0.46734281014913115 0.49071470480437307 0.5130224542426216 0.6029686908320007 0.6340300681477591 0.654067202057856 0.6980475698201593 0.6483622050269701 0.6726818873458816 0.613291878238846
0.18668466803143466 0.2472225531018647 0.19211368852773544 0.2321082716635503 0.25638191252398995 0.21317678274280824 0.2121662431512296 0.17754557631513931 0.24305757648863235 0.27081633952897605 0.280691405386601 0.30904457620976505 0.2696484284202963 0.2840810106565642 0.26609736632078684 0.27975067909997164 0.28336130908384416 0.2944482177532126 0.36211027998081874 0.40587651617500375 0.41430984679989924 0.42555205714322314 0.48494115565358675 0.5482740885073354 0.510856779898483 0.4868545670189238 0.4741874374353266 0.4296929384139808 0.428002695382814 0.4289173271632511 0.4390383096111968 0.4647481301783359 0.4583729616102043 0.47483093043416297 0.4533147899095929 0.46738508022746544 0.581165158966772 0.6410956933502172 0.6232368992471157 0.6437854552410591 0.6618693903118187 0.657992697866359 0.5947091602769451
0.17847309099853814 0.24820536388780068 0.21865336514703407 0.2534005984443982 0.24403343457532148 0.19868937586706614 0.19363474425292382 0.15700441696081577 0.2073357506748259 0.20966878017245222 0.24343112040102421 0.27619244506445734 0.2949970957308289 0.2854745747486728 0.27459481119002976 0.2788000279606257 0.2686825276745205 0.29672433386277614 0.3172246220413516 0.3801704628464839 0.35605004312474897 0.36485881389003527 0.41225236441436763 0.4650904416946738 0.5123692308034448 0.4343506410304379 0.41791985497553835 0.44114523694689267 0.39082429641019634 0.3800500752714151 0.39565950950986944 0.41226395970710017 0.47852134079939956 0.43574789521270857 0.4472962831282568 0.5053359692335752 0.5572109054998138 0.5911764913728179 0.5972348319592677 0.6627364109708526 0.6527404371574165 0.6086600745783803 0.622270169167919
0.18210452395028068 0.1994497101597901 0.20857779660988 0.261779334089611 0.22898359314157374 0.26627488192358606 0.2531800165606572 0.1833303884520242 0.19670209310340567 0.2191974594915258 0.26444144534822034 0.2273978039853687 0.2889123192897635 0.32254168968032304 0.2716893037319113 0.30145863883848284 0.3141707719616177 0.29069756674289543 0.26538963407839716 0.3091352242353818 0.341265816572009 0.3163333526284985 0.39370609722722427 0.45026683395080647 0.4494144474428951 0.44802358543231857 0.37863947359465666 0.38271367065530554 0.3580169028326421 0.39044017898055017 0.37166463068008576 0.4438383566344732 0.4081691735760949 0.41857046351671834 0.4352547904617987 0.489733175352392 0.5590851833272992 0.5823326692505818 0.5824900488101139 0.656523941008401 0.605291439671024 0.5736483218998205 0.6018434111529288
0.20521320698171808 0.2009015963502869 0.1979813730285488 0.24799602695919937 0.234275622500603 0.2318967266491665 0.23679086013275014 0.19676274606084881 0.20952178448719797 0.23851018379859654 0.21742921954757563 0.20575207606774903 0.25811903756646626 0.28143068999743304 0.3066914161402107 0.2686502629728242 0.27944559501082944 0.28207662165550307 0.25030022945560043 0.26819388407225164 0.3022819787447679 0.34313273753334317 0.36757520297969754 0.41170048812063575 0.4050375437252797 0.41284389736284566 0.37868132209584665 0.39757794014574466 0.33385516610822386 0.32049967919006334 0.35293218738094323 0.370322447381183 0.4266960201995122 0.42918499091970225 0.4458570370940418 0.47895579328926335 0.5522729234531846 0.564492488624326 0.5494458440955021 0.5426896226331805 0.5564837023413514 0.5451512986997705 0.5701428163577555
0.16921275569707836 0.19308713943340103 0.21179626209934146 0.20675450258152137 0.19219419430906853 0.20771996933505288 0.16293056851805282 0.144365272903383 0.1581768022642952 0.18066591811854252 0.19077511808505257 0.2424863765545262 0.2909150439831342 0.28419869090996475 0.2490330059067736 0.23098171257336406 0.2200517494997062 0.2603766042149268 0.2237244236060536 0.27611810246164736 0.31460832910485853 0.3092055992215505 0.30592598535830884 0.3403823728714943 0.37899607251882494 0.43421076476882736 0.4052803344386311 0.3615735000834312 0.3673704650164155 0.32515162749190374 0.3458444978074619 0.3823328143323199 0.39360226852395463 0.42970628004889927 0.4378670541078948 0.46297577987868316 0.5304527609055214 0.5669518010590204 0.5553045655840569 0.5233896882669686 0.5906975664256714 0.5854294735462107 0.5469511060113136
0.20171925631466706 0.17772482205613988 0.21382323197537217 0.22492236661708928 0.2224534036322771 0.2120404864596254 0.1810310458236738 0.1344553199413705 0.18159074887777296 0.23853036351063142 0.23910212939405834 0.2801462590879563 0.2565978808864207 0.300639358226408 0.2820995628887073 0.26229883982725194 0.25102983436940013 0.2741715582160401 0.23720827273890163 0.23685021779123727 0.24467321386027197 0.2593877660690457 0.35652411676017404 0.4056429710210238 0.4158815338226568 0.4295758768126241 0.3729712834845237 0.3294841069975214 0.3227931956452755 0.33446721557301856 0.36632194509425925 0.3522891628952887 0.37804243475889354 0.4166359075928129 0.44053747880050337 0.4637886095310792 0.5087501557902124 0.4937439203374418 0.5213303774008098 0.528567604250538 0.5488189111717664 0.5338146277534228 0.5546058064393876
0.16856652608531952 0.16619143570248726 0.20414789054289703 0.1499325377306687 0.15546233163710158 0.21070372282397115 0.17823191752127907 0.17362102432702006 0.186321201236766 0.24650284891402327 0.2385313322961529 0.2624854487653583 0.2245450315961096 0.24638931387644247 0.2270599013125845 0.23231230269229597 0.24862814606909306 0.20954291031122282 0.2169716142681373 0.21630022422155967 0.23631621293867916 0.26336047511708044 0.3025092015622342 0.3750652622095792 0.39298169475383754 0.376886046893565 0.3668342044991713 0.3097285455855943 0.2930942732575623 0.31688661143542135 0.34123685142039284 0.317554485245624 0.3189710056960038 0.42504984288555625 0.41154876504010673 0.47951201295197493 0.43425248290687996 0.4520536130527496 0.4875966006124643 0.5205171351074567 0.574611949225486 0.5559804440227055 0.5397224303038208
0.14838409405138073 0.2139869002773556 0.18881324519906886 0.18575202444118288 0.1438325331437447 0.14952257202330627 0.1696688812429059 0.15959317956974303 0.1343397028371415 0.21563822826407342 0.24490871635313166 0.26301749790398476 0.26294519417415807 0.24834701198386075 0.1768630238688671 0.16763053260213157 0.1597564337592366 0.1714760549510185 0.22279034274718962 0.2328897786106099 0.24706515203361792 0.2625452486164743 0.29638584458545536 0.2716932575679982 0.3425390707143814 0.3068240079100961 0.32962324681784283 0.30840852387333356 0.30454300441960935 0.2626007123314285 0.24454297750011308 0.27639786778676795 0.3032360479396909 0.3418385734615701 0.39563225540622576 0.4692199539806367 0.41955351684782616 0.4484664401361852 0.4948134568116526 0.4887719262501727 0.5465809944407137 0.5460690091854812 0.5561958632700785
0.18660129433596073 0.2031106013414347 0.133156237282116 0.12210747600472528 0.1544952761719369 0.10278520569149414 0.10009597152877629 0.12739630580439235 0.1036911423182762 0.13908466452278834 0.1999295575933648 0.23277845220048687 0.20201044060164844 0.19280513876875363 0.12678089750910565 0.12399081249393663 0.17019964106314037 0.18204469495456782 0.2258276677830413 0.21581178027567663 0.23568160896479667 0.23094781115397084 0.2586395305782688 0.2142116188879271 0.2836642520163646 0.2937130654623845 0.24315966780324 0.22772776287909138 0.2595101718381236 0.24237570109167983 0.27908124011259233 0.24433203233818254 0.25585930668979684 0.3207599426516174 0.38763467371756116 0.4328863475735522 0.38526569167344354 0.4346787464473969 0.42706351007127286 0.4347434707016864 0.47804690539028827 0.5296956800006123 0.5200888154636105
0.17103253589602224 0.1909573509354623 0.15527462578256146 0.15015573904554813 0.14488007556544555 0.08323642945682305 0.09589911600118672 0.11041901318474652 0.13071332654202783 0.14098358208151665 0.1241823699506407 0.1334681974646486 0.1856730317242807 0.14583002318206587 0.14807870896950748 0.12696580443713196 0.12096927738633169 0.15527818135769428 0.17631149521115402 0.14512450531273988 0.1818429243450388 0.21145315840721607 0.18616496045289116 0.21767787723672521 0.2516310308103723 0.2582791124740343 0.23092932456161258 0.2739416923498982 0.2324106458722318 0.22683604892384843 0.2712053468973251 0.24791903025596776 0.25903565637717624 0.24729770277289292 0.28980640930308704 0.3817253462277089 0.3706483136040693 0.3732891780191396 0.3598541131920702 0.42356515659521676 0.4286712303012249 0.46655484515303536 0.4870617121346629
0.15697943259386946 0.14282834613431794 0.1844701349497638 0.18606466635036098 0.1790801949461059 0.10188089502389545 0.08996085750186024 0.14356084616474807 0.13362106069136304 0.14266114466523505 0.11337948108367656 0.09506640575706765 0.13750678192463994 0.07786649859934734 0.09139970684088407 0.04642948115807238 0.07102617918358183 0.15506691988519705 0.11816705171550361 0.09412218234982579 0.15172326619546705 0.17987141462346767 0.18897377888015127 0.16323728541120053 0.21219123284927155 0.1989807259694471 0.23210856165944216 0.30312304789395195 0.22682239217159564 0.2232052700460151 0.2777135064119452 0.2571741962526517 0.2802921660588481 0.24350689302765124 0.233922527017974 0.2843414643528373 0.3343044025277229 0.34741549626156537 0.2971265353291699 0.3550805229839071 0.35132489366499614 0.3813913300990295 0.4059021650626324
0.18973630274947775 0.18667609953145867 0.17441276479081955 0.24512511396895315 0.212757757207213 0.13743278422160515 0.11715002508681943 0.18216052268867766 0.14594776702695822 0.13755187760897195 0.15391287002326087 0.10974501863190668 0.11390974901462109 0.11904154011060959 0.06356172887134752 0.10674865273144014 0.07709498635450714 0.11774067183543051 0.11697641964100738 0.12284840580986027 0.14148585970486613 0.18904631640393507 0.13316988823712472 0.1823486010866863 0.15013143003572194 0.21541298246259535 0.2225875670078079 0.2041193392721656 0.20661116199439433 0.2588649973559224 0.2349340735279186 0.24962595579546698 0.21920783699380322 0.24746930929239144 0.22597781388378377 0.2645176916117138 0.24716119497477063 0.24880092568640597 0.2735409520507287 0.2886866996648581 0.2978551602290558 0.3471295868227058 0.3705148684725287
0.22290325700091868 0.20640785404989018 0.20005154849647433 0.258498204037912 0.24878820131735327 0.18217869807243461 0.15425668811336377 0.17947976043721886 0.17083744396721673 0.1544651873957401 0.16655894356858778 0.18171491305222331 0.17299595100879156 0.1496834459895445 0.07596837259080906 0.09376173824356192 0.10414207149201513 0.11485881067592331 0.14134358236790937 0.17795566281592085 0.1870055801190121 0.1571420083738706 0.10620725129706791 0.1403573382564671 0.1159008065175529 0.17170111917016842 0.19669997052011634 0.22018793739565404 0.2257371761270691 0.2255880818132076 0.23195966234260146 0.20554533413190554 0.22736417353901586 0.23570864255645116 0.1993803022938279 0.17601777925122436 0.17822216149105888 0.18772701011931597 0.20664023214680458 0.20974580810294777 0.2663325063235871 0.23712751164042012 0.2728946246136932
0.22369003355796618 0.22920019080310297 0.2480397714363134 0.24938347241846032 0.25945077415353685 0.24187846894271442 0.1941030252060942 0.22007545900763115 0.19849039523956935 0.19095482808735692 0.18076924293428112 0.16720462815472711 0.18356495225976 0.1782905387582125 0.14402737652621497 0.09634480366653905 0.06466411494496595 0.13265237789508535 0.11738772841198332 0.17586806994920448 0.15074068924214548 0.10375467859544454 0.12477168323336729 0.10704501628229655 0.11149363116462548 0.10596080313138229 0.1477878442309511 0.13526391734417822 0.20111005522379202 0.15954003923882876 0.2024725957945779 0.17361161467585653 0.14245101549527456 0.1412416909291552 0.1917602518798976 0.20660667354317042 0.15284067509248717 0.14461204379245424 0.11596839422334815 0.13675872816397727 0.18720169830526762 0.20545845662332496 0.2797939272334546
0.29170584190113785 0.33383416409846306 0.2989081053147115 0.3122045897170135 0.3233549099638059 0.2985569213474863 0.24354778435268973 0.24029662270105667 0.17955946175310755 0.1806996479818151 0.17418162306134027 0.2386874534001471 0.1943263080807912 0.18797005742973913 0.09795829237738302 0.030699011153715 0.07963880692435016 0.14622133260404058 0.0983736476891836 0.12126099240815746 0.11024400314448572 0.07784865135723291 0.14849419689139265 0.12077059588887155 0.10511294029386097 0.14042295071177907 0.17603854452067177 0.11047006961041893 0.16461809387401832 0.15809173590721004 0.14275392684498184 0.10276102599124257 0.13166887398547752 0.13161416766714829 0.1492300613828391 0.17622039972635098 0.13727451784307598 0.1343081730942668 0.08141933943220053 0.0 0.14459315612365684 0.21462692786812845 0.3012186136090266
0.32170044318672486 0.2837600011259346 0.30037371293747367 0.33478070947958816 0.29837520633522274 0.3070663940459917 0.23966503847469636 0.193627761121487 0.20462989426800715 0.19764084274024907 0.2051721179754648 0.21296801730396603 0.196081689346838 0.16126910596331448 0.14032429312998587 0.049954417265634724 0.052750581123626766 0.09217074069745512 0.133725852763445 0.12250763932565151 0.08500115793940939 0.13368825878602203 0.12316019999369217 0.08011548446226864 0.12472443887164147 0.17051638007368278 0.17095267529220246 0.13969389807606813 0.17178042424577408 0.17619564098536705 0.1600153613850803 0.11071528238121159 0.10425741183441767 0.1869680585583856 0.1800884540583306 0.1577193468834235 0.15378022570325153 0.11838610538272616 0.12594908157674814 0.10517553698964321 0.15126810888655745 0.21990050260704008 0.24127444459197347
0.2792701251388132 0.2950705199545477 0.31622957202677654 0.32206488578881853 0.3208211255796536 0.31735751151348707 0.23876381531978558 0.23467437193500154 0.24898033247389503 0.2616986064256507 0.20337110833903446 0.23634659399477995 0.19387265734272754 0.2100023180208105 0.13971898350476744 0.05693837090202505 0.07152998981739861 0.08642953277319639 0.09537583052159808 0.06424330952682222 0.05664785024871932 0.10221247523246649 0.13558982446220047 0.0963648346987747 0.07984738010808407 0.1469293119901672 0.1894428641165318 0.16463359624805643 0.14429923139180076 0.12458578033186435 0.12066250743617303 0.11155798735749653 0.12279397140720262 0.20388203982843542 0.17403964335330807 0.16652183590831182 0.18756601232483985 0.1362952680448677 0.12917140484112072 0.13059880892036765 0.17459409506319312 0.20522630687539004 0.2684350799385584
