Raster_benchmarking/Raster/continuous/raster-145.asc
NCOLS 100
NROWS 100
XLLCORNER 1743161.38209199
YLLCORNER 5469286.951014164
CELLSIZE 10
NODATA_VALUE -9999
[rows 38 to 56 of 100, columns 0 to 42 of 100]
0.2561760720886978 0.2996137781856109 0.28969918177609927 0.3193909448087653 0.3168017726384559 0.30072783800557273 0.27430367921847837 0.23948642691901276 0.22777490515964338 0.23526847779501597 0.2776005628106612 0.26843282464801094 0.2789476573293446 0.30724608873974907 0.2808292135956453 0.3381394245100735 0.3380039260867151 0.3661761334190912 0.37013758393239843 0.39027748778377663 0.37268429564946826 0.3911449574450439 0.4450021857507188 0.42596381097883823 0.42334993527199927 0.42971097977700223 0.44544287156235357 0.5005237497474998 0.5107941600737261 0.5349670402121254 0.5204612119572081 0.5287510037723411 0.49668307758543756 0.5238520999223396 0.5015989043648362 0.535240962927086 0.5449576039481911 0.5468666101651256 0.5160145129897253 0.4744761595162722 0.44970535402764206 0.42539634136201626 0.40250039941680227
0.2589093364658781 0.2875215714050881 0.28150394889873775 0.290719732277353 0.2795161027477131 0.28159422671224393 0.2557506959242598 0.22660165804410173 0.21615003464094898 0.2479542030968114 0.3004464927221341 0.30509836928934747 0.3177052604360521 0.3200874463146297 0.3032380465913342 0.3391139576834696 0.34117326544495125 0.3582939041919205 0.36812636485066474 0.40281772266273 0.41593953214297125 0.433342138847011 0.45514316313815817 0.4733771910567175 0.45880344013897595 0.46618430768316826 0.474248717851862 0.4877029617902748 0.53836516027443 0.5488363928937042 0.5387290955978591 0.5124902788097616 0.5044997681872265 0.54379033449113 0.5585969595247118 0.5393560978203452 0.5794931163574055 0.5597690122278889 0.5062369796221595 0.4810332546753167 0.4830866347338119 0.4653709213743796 0.4235566748531313
0.27204804135591154 0.24945688279420386 0.25707716392748015 0.2681315103859897 0.2815413828265934 0.25623654116512945 0.2540127589485872 0.2636100755095953 0.22023857565576113 0.25490364989085357 0.300427790360128 0.31424964707058006 0.3162640887378518 0.3133958706481614 0.32603536956924084 0.3599251572347398 0.34933547174176466 0.3931797258133802 0.3975596897265737 0.4046738862219388 0.39624063100035667 0.44219602826616755 0.47190719648981927 0.47725910219853024 0.49339143114257766 0.47397974664267434 0.4564651422696417 0.47628112514481785 0.5222350403495267 0.5284639792774866 0.5611326455219264 0.5264585105481605 0.5482239577417847 0.5491824476869049 0.5723289094521838 0.5648670252835266 0.5918190523705394 0.5642267982347046 0.5318530245356188 0.4980347855769544 0.5038661669393084 0.4819746180325892 0.4673161779495078
0.2953401759332917 0.26839092060178366 0.27109436687332467 0.27858546075232926 0.30449605887145176 0.2685408210133178 0.25111926572732296 0.26337978607403645 0.24437404397583096 0.27906072038645496 0.30842770053405183 0.3036595359605576 0.30430998976091844 0.32993025224444766 0.35231523769868417 0.3907921052555625 0.3742796855666453 0.3873876104231884 0.4312812060528686 0.42882801421687167 0.4104618762733981 0.4100103032718663 0.4588261627686149 0.4685491910170608 0.49500002397843973 0.49256351332452736 0.49016692904682463 0.48731521596666494 0.49278858123572816 0.5165049155004577 0.5409552331399853 0.5230804125569525 0.5404561041687693 0.5567092607218014 0.5526853597346058 0.5824010361350823 0.5584685929348576 0.5605647228344979 0.5656937305039054 0.549900593949956 0.5219294935280393 0.5001684306463758 0.45253819464491973
0.3191463495329891 0.31152855515194494 0.31528739396713384 0.29057347050941446 0.3119755343633216 0.2828431912660643 0.24701032092667619 0.2611728267150002 0.24232684046288952 0.27818294151939077 0.26803074427098167 0.32246128916233513 0.34598884713084666 0.3375351439439391 0.37974762176773125 0.3815685888266245 0.41785113184491884 0.4141260218101027 0.42600142038145233 0.4045855547568502 0.413404321024494 0.4091673709712336 0.44381837578589844 0.4534731056268554 0.4896890410071842 0.5157155845798953 0.49795010107069393 0.4841704833533545 0.5022015278452578 0.4972011685940546 0.530966782260398 0.5477163917998173 0.5307324413160698 0.5594890213165435 0.5827563035435169 0.5992863425590954 0.5911753760829155 0.5911535108304791 0.5658254105950415 0.5625233893540692 0.5047739516322082 0.5089115336216554 0.46675890271485776
0.29484304993273247 0.30634821583782607 0.27999965679746003 0.30834740598963367 0.3233833490452056 0.285757535614772 0.2652057983894575 0.24233774657869234 0.22518268437507794 0.261312462744225 0.2888926057053222 0.3094165303865989 0.32266487461312765 0.34036904801169277 0.34959156834535976 0.4028443376904231 0.4230643429578129 0.4231956591800643 0.44972290265013815 0.43021557609476857 0.41025353358618144 0.4254601452437508 0.4463395013746899 0.4788927213472608 0.48996831503245775 0.49071098483951064 0.4997705997908163 0.4956220290339944 0.48609448939134614 0.5042779706900241 0.5316101273897081 0.5256956148348867 0.5249511741413964 0.5576210127107999 0.550115841835673 0.5768901111147982 0.5587015679244526 0.5691454847725975 0.5820650076290204 0.5612863419926802 0.5546007839827618 0.5196465039434796 0.508389501605306
0.322649918602501 0.30731818879235034 0.28326433285049996 0.28966500076903373 0.3067300882948314 0.3307373602436982 0.3130418470885523 0.26687964192009833 0.2274577589610302 0.2654763719782972 0.299327619983064 0.2977087136263141 0.2988110891279413 0.33817924666492355 0.3456803215988278 0.38984441209088383 0.41022197781515807 0.40519582017764016 0.430428996510055 0.4396510531633051 0.4250704978067122 0.4553843820986953 0.44527794913957613 0.45608787555664504 0.4758856483090859 0.46893464535708745 0.4869435643938918 0.47174323460729656 0.48642462998408614 0.4994356423850239 0.5396888280906598 0.5298404634113424 0.5431665076762163 0.5133114098394921 0.5035440148437536 0.5148431208976995 0.5379634442041725 0.5499072302708524 0.5978494897024732 0.5636837079047348 0.5674527150747593 0.5279593406155213 0.521931585469652
0.31665882217554586 0.3064457734357737 0.31682035691267785 0.31372744172740913 0.32602081060617016 0.33088604397016214 0.3066073336164634 0.3050894053994793 0.2964689462869 0.29977711535036183 0.32204234751398786 0.32547021444236146 0.32938969251943884 0.3337411678865784 0.36071894038806235 0.35453484302349186 0.39301761734232277 0.40555871381634984 0.38919899941684954 0.42892676045737327 0.44808843146893246 0.44739038849025187 0.442103749342575 0.43136344133145693 0.42664538762722526 0.4278857185439469 0.4408195612328345 0.464674408455498 0.4504314542351776 0.4649099617948541 0.5155918887470758 0.5336260285735103 0.5234235662063631 0.49605064711344693 0.49116540201440156 0.5231880156260942 0.5259705756809422 0.5451379511542512 0.5747363116517842 0.5772385057899958 0.5782403638171681 0.571167858098943 0.5540077895953709
0.3268944394621959 0.29753072465095004 0.30311714990908223 0.2893227832211093 0.2955765550160413 0.32680707980045476 0.32059994999596203 0.3131776530316828 0.3224456833647096 0.30793402269202813 0.297371128452373 0.3306662196803099 0.3401033792543236 0.31200665336373284 0.33082031029207254 0.34527328642466076 0.35876443221894194 0.3859698352016879 0.37834659163105766 0.41955054519705137 0.4141299832569906 0.4293810856292065 0.42743367201065874 0.41165330468527195 0.38600449622151733 0.38221734007694536 0.4131610412141778 0.41191744817883685 0.4314489369637719 0.43445311586694385 0.4917953341325618 0.49296302267439507 0.5130593976003958 0.4836426909666942 0.4961492630763795 0.513574916334638 0.529731148782793 0.544171679100426 0.5790221924322456 0.5952815813710259 0.5898821304650979 0.5537680235797687 0.5528435174600668
0.3344476349283423 0.31678594846851177 0.30414143020199197 0.31508531704829623 0.32448726954699236 0.3010541477599219 0.302923161090798 0.29632355642320146 0.33105782784553267 0.33719932051908397 0.3201667538953541 0.32069568873889515 0.31914886166126344 0.3182574126630131 0.33542409514784344 0.33369821684186035 0.3543141509169345 0.37535251354159543 0.36413647269058363 0.37005319293632155 0.39399740394942234 0.39095861984817015 0.38940381268952695 0.37849553784936263 0.3908624233785883 0.3861702015726414 0.4105601487853404 0.3938273813448005 0.4240497955302014 0.4244601336285305 0.4118904408921728 0.4240293363579223 0.4559533984869621 0.46808078167637585 0.4721584226353529 0.49130398241525797 0.5070209195896522 0.5406464464206076 0.5773411920648526 0.5668579866758068 0.5509915363663132 0.5616345838789503 0.5670657385405574
0.31312989397624413 0.3080101336626999 0.32887353976100764 0.31599234810474625 0.3503421958348691 0.3073707310135827 0.28414144684134507 0.3217802819099742 0.32393403425966305 0.3266231875435811 0.3382352922413879 0.34731242265628437 0.3331229748203503 0.3481669848946759 0.3535844845004961 0.3181888129056112 0.317479289520575 0.3433279521382052 0.3554571850663468 0.3621850772997188 0.3986671515107225 0.37655635060984116 0.3622751521706968 0.3747170854065672 0.349282275084261 0.3536568999754238 0.3942131309920966 0.39991416436197336 0.4134062047228258 0.38666596188212865 0.37709888262062946 0.393680096209427 0.36741872362723177 0.43267990400527195 0.4247000097011794 0.46669323466922785 0.5515016843691517 0.5305104056166974 0.5463012802609507 0.5426894376235474 0.5559441474380706 0.5674292848800547 0.5733551296313424
0.28464592523700405 0.2920442448595154 0.3036068478480848 0.3280460310077471 0.34981699285536066 0.3214087601257583 0.32336913162442965 0.3007932864197492 0.31820564824114933 0.3213190408492228 0.2951448459725673 0.3219386934466104 0.31331774239121707 0.33870070547994174 0.34602597388256096 0.3237885086577901 0.3291940574970152 0.3225822127777037 0.3563953291454769 0.3557936732400049 0.3420475615917622 0.37704214545047526 0.3456732265488696 0.35892688370274556 0.36405339802629705 0.36717727681177925 0.38596534820948364 0.3892336742228261 0.3524319960080796 0.35461453787944874 0.3472109966011281 0.3436563963745568 0.38265623001470445 0.4075721247750858 0.4336342583628614 0.47584531206025793 0.5278427571434228 0.5339974845237467 0.5409325988875007 0.5504563914650652 0.5413860773471797 0.56123989535019 0.5251209839933525
0.27744049522248876 0.28008666761621565 0.30059454015432197 0.2998334957550321 0.3370059919416792 0.2884492532585246 0.29365865514234635 0.2882288738050403 0.24665537900427562 0.2698549818863111 0.2839631747525696 0.31757189720345996 0.3344107353572683 0.2993538640968112 0.32834735037229773 0.33346231307343316 0.3343599333671476 0.3074085393620111 0.30783773052468993 0.3115473651422716 0.30407893815002296 0.34831208010074793 0.3593961542082403 0.3530151096140278 0.3800067859218759 0.38346327763957955 0.36306669635574523 0.3438129727282148 0.3218715924070328 0.3544053513333455 0.33212776881474426 0.3593033763177056 0.3588837863823433 0.37820380049022057 0.408200417125663 0.4631337844246477 0.49533097740231186 0.496448084461944 0.5058685818236937 0.5466037458496512 0.5673180039392625 0.5656874727219463 0.5469416240835946
0.2948179614879388 0.2795937514948843 0.27938694709741013 0.3006985277388141 0.3094457635056509 0.27999721962143864 0.2625317369917167 0.2442986514268047 0.25320170076544685 0.24161639705003973 0.2609496282238252 0.2783656119091082 0.2849093572214464 0.28956899429292 0.314591465904189 0.32813790433967865 0.34034341477643676 0.3272042559473564 0.30824720298276637 0.2930958373858967 0.3018642983115322 0.32610984340476956 0.3296916243476134 0.3696727495456958 0.36343672535489224 0.3570201934920528 0.3369914582260955 0.31639099173820784 0.309754757410185 0.3553459570136082 0.3720723652188206 0.3385829787543492 0.3634526864118203 0.41082483708588025 0.41601127756943007 0.4783763648337436 0.4777397997760885 0.4845291821277611 0.49793850167155657 0.5593252033177032 0.578145983622146 0.5386748123720242 0.5089044166851466
0.2940293051339598 0.27592143185989254 0.27465760620595103 0.3035807697246781 0.2872140449135627 0.25098655957905663 0.25787707119937336 0.23840152243535595 0.23840658090709516 0.2651396720817598 0.2729143789567081 0.2702834857239601 0.2409878102538347 0.2513501866687659 0.27743866441941795 0.2868927423939917 0.29955042392107595 0.3075685529417645 0.30827375400342616 0.3115717271450714 0.29776031158395094 0.318522093939346 0.3053884801671289 0.34154804409054557 0.3573426462417858 0.33836445274950105 0.33303366151389524 0.3137525287682652 0.30532078533567353 0.35699109041811755 0.3870190829584792 0.34936334220937554 0.3613512996834159 0.40497155743207697 0.4463708507653836 0.4642375879961397 0.5007113304791487 0.5226726066796301 0.5252439043054862 0.5404398679049643 0.5630179575865656 0.5144460854348789 0.49826143773597936
0.2475403933735206 0.2749567658973693 0.28433313833515145 0.27216089714239516 0.28503530225934476 0.27036180353654526 0.2733668896448817 0.2853419148393808 0.2572406799279946 0.24601458996582992 0.26353038868201495 0.2316857252551511 0.24701969590792672 0.2761609270244475 0.28399462375658097 0.2935476309519511 0.32799946353858 0.3089726851067347 0.29068413644127844 0.2797249122374848 0.30386920902239867 0.3173308419098282 0.34484797636280307 0.3346377780202498 0.3080807556074993 0.3157692859094304 0.2977325836427383 0.3166091716246109 0.3227845963271867 0.3430890266761191 0.36058533538158205 0.3921699889077255 0.4177250315130418 0.4295647471230632 0.456979478264279 0.47556275322870073 0.5072550108243099 0.49091306780907806 0.4986940214914789 0.5022451945136763 0.5055477620303008 0.5294852334350848 0.5070051874827012
0.24102816528350277 0.283421352340353 0.2825456316182903 0.27465036939257437 0.2895989278613788 0.27148999686333475 0.2868743261998374 0.29417322510145044 0.27755919705099175 0.25065894314304044 0.2294069044788349 0.22699022321547305 0.24023423876067865 0.27796480642879295 0.3111774112951406 0.30979095125576767 0.33369348868256127 0.29604564992346716 0.2674180468093944 0.2701583615619774 0.29926587995742227 0.3321036144857115 0.3294539003526803 0.29073909624673505 0.288701151445097 0.323570298772336 0.30723440206148306 0.3096227346872214 0.32109834315633223 0.33806173473862816 0.40308912544844844 0.4258775934589317 0.4377710777666073 0.4208940084888177 0.4641418674310542 0.46295879912206334 0.49378865678385536 0.5072379975274707 0.5131556651501619 0.48443195355681007 0.4855496494154587 0.5177832461473494 0.49481556912570723
0.23738719466606734 0.24734290783243928 0.24269873833066305 0.263866202259901 0.2706645869187512 0.2550219328047506 0.26823275692336906 0.28193944474309995 0.24960640212498741 0.2474599227921654 0.22891785129591963 0.26385163189160044 0.26943242772931897 0.2788333241714202 0.3067711367437578 0.32348636579098394 0.3120795083259065 0.287474684717849 0.3019769642841321 0.26303520685154863 0.24878760753910645 0.29010501685742435 0.31055231621246726 0.28329550467382647 0.2994587760115429 0.30299546224094026 0.34071665640567284 0.34698439074059134 0.34925018613925035 0.3627937962266763 0.3788743134065237 0.4156472518920055 0.44074819168478185 0.43992579122763426 0.45417836101536313 0.46572970232094474 0.4736150429887157 0.45784688709534654 0.47351978185088733 0.5015641715243289 0.4741340283623765 0.472154538476987 0.4707361476907598
0.18257042105638743 0.22128879438379787 0.23653944204158273 0.24897508747179595 0.21453066523724662 0.24492188780637192 0.2802212538599678 0.24028024534637601 0.26192936332773886 0.2596953098149866 0.2445038108649654 0.287127647489133 0.32622488786067666 0.2843929013402216 0.286585974976389 0.31096011331224094 0.3154615260647822 0.2813876983468318 0.3092042052725069 0.2736763305529954 0.2302598583855191 0.25429037074920935 0.2904508943191591 0.3092503583327336 0.27898043124799626 0.3119405725823534 0.33108878492115146 0.33162420378524504 0.35857028789851497 0.36467226013431137 0.40001148525705793 0.4033163576348818 0.45024793059842927 0.43078984446020957 0.45585195966690667 0.4636358734227017 0.42822741934945385 0.44724281188878223 0.48653573258909305 0.49298134657746434 0.48006697307778623 0.46748590484460345 0.45781869766189115
