Raster_benchmarking/Raster/continuous/raster-497.asc
NCOLS 100
NROWS 100
XLLCORNER 1743164.791359704
YLLCORNER 5469291.44982257
CELLSIZE 10
NODATA_VALUE -9999
[rows 19 to 37 of 100, columns 43 to 85 of 100]
0.8284194601944896 0.7917660995296827 0.8284616045675184 0.8394491224057683 0.7983254125658357 0.7806289260907319 0.7826139779639517 0.8162386305921071 0.8090424007427293 0.8003792808616185 0.7950817344577686 0.7424422118517372 0.789153906095977 0.7897679191866321 0.7848868717350885 0.7673638911416152 0.7811724485102727 0.7386364852041325 0.7576181583526351 0.739743731548974 0.738682801478526 0.7670418559659733 0.7721167525896853 0.760464367347742 0.7253544434372065 0.7117530851397702 0.677338925594854 0.6672248253898556 0.6670701577620893 0.6471937816758252 0.6184663880824178 0.6428957636449226 0.6235738211265831 0.6112890661930274 0.6018012746564517 0.6265709860552345 0.6298325365089965 0.5951255500057555 0.6080076784430559 0.6093933221773201 0.6715028260356682 0.7058868131257726 0.7072511139332
0.7960134278108472 0.8249385358845133 0.8280863168849036 0.8337201079763765 0.8098782212738375 0.7932346266023566 0.7995273772196844 0.7974316089126837 0.7934251292275214 0.7726800732696387 0.7576373733947704 0.7746177423902526 0.7705505823078833 0.7586540225042928 0.7590884228841144 0.7411463647806393 0.7588726352458318 0.7525746391748567 0.7700549609030042 0.7596406493366822 0.7497686628126013 0.7735394914720918 0.7788331451249351 0.7698305394126498 0.7746673344232305 0.7159502799826826 0.6983995821797171 0.6665619506210142 0.6614451850337513 0.6940545567338674 0.6522994134173283 0.6638885365132589 0.6613831502120978 0.6209528606520538 0.626509851305354 0.6643331889988275 0.6603054157323786 0.6292599754192656 0.6302519080602641 0.6463738947090456 0.6594988467891973 0.6891638754720038 0.7528383774355984
0.8307163232764475 0.7883345635190829 0.8264318625069246 0.8237874511898609 0.8284642682089686 0.8478199238132538 0.8202287729972878 0.8085916228951207 0.799592681028285 0.7928568953232795 0.7781511584896657 0.7587033310275624 0.7796058015173024 0.7892842445915316 0.7455884895276076 0.7755969680591871 0.7933845868045208 0.7610505367869506 0.7926749802501734 0.8012030151443211 0.8025866903254917 0.7687661825034464 0.7854871076063722 0.8182241663806301 0.7629165459580682 0.7552562440959375 0.7079466578349503 0.6793384142679301 0.6587030274699318 0.7108408168877214 0.6725813164046556 0.7093143534311639 0.684844630460945 0.6451931174489824 0.6538899241021933 0.678173362199415 0.6756237473738048 0.6485589873384728 0.6618459222163267 0.6345777397738808 0.6913141695914444 0.6760613730223192 0.7199968888445181
0.8139135165228978 0.8313120119782853 0.8229765789406319 0.8356727618503 0.8186849454171974 0.7987394374517847 0.8161050975588875 0.820821495523856 0.7761080382543997 0.7941232561377717 0.775146456383311 0.7559561590936311 0.7842498824031101 0.7924802674572531 0.7582368481899219 0.7715521706655175 0.8190108547028748 0.832158962191756 0.821461519327461 0.7902615914352971 0.7987373192176583 0.7969790313591558 0.7816238023128458 0.7798441236988992 0.7721403309656797 0.7772411217709958 0.7343068909939845 0.7108130267397341 0.6837004988200803 0.6760184692986804 0.6699630126313935 0.7043326719066004 0.6485241728200154 0.639861839570091 0.6695998007671113 0.6674893028435411 0.6882291076332626 0.6825656006531375 0.6462520589467392 0.6622886864433931 0.7102950300516665 0.7112900762858301 0.7255428107042899
0.772134289585658 0.8088928082233225 0.7905675569757031 0.7837787406527982 0.77024498815378 0.8156109168392736 0.8261692103252701 0.8062027586774041 0.7660436929687158 0.7564330915582884 0.7610106076938008 0.7750087780048919 0.8002768293653565 0.7655882014425957 0.7966694295179262 0.7971834387110119 0.8194378861713953 0.8628597121425033 0.8249644609444587 0.7868098572033565 0.8109399064515798 0.7947058677212998 0.7880197048501052 0.7485658341413026 0.7594093362959133 0.7583435221912596 0.759073026288575 0.7199520902510435 0.667973219539966 0.6791417857488202 0.6998028270041848 0.6828467882464639 0.6421446475939326 0.6584908768059219 0.6405412248849246 0.6482981501035308 0.6696209708167742 0.7100690424007411 0.6736996184679968 0.6910097050041191 0.7142294446179132 0.7387484488340039 0.7512370819624702
0.7751428154765855 0.8000597614280708 0.7809815524040203 0.7638812360622999 0.7586181903298499 0.7899546602993652 0.7987680963799805 0.8027507146084439 0.7803722641970371 0.7519664325316208 0.7364758097394973 0.7429994742668059 0.7787784336429111 0.8085910886154183 0.8142717265976479 0.8252646067313061 0.8753567742742813 0.8541261418338241 0.8228253411189377 0.7804027450684016 0.7915790402430236 0.8202554008007826 0.7909238906171113 0.7900223581084599 0.7375194308186571 0.7643513673347309 0.7511192614086968 0.7455472888175158 0.692263325014003 0.6732559242226714 0.6700238428698512 0.671215448720311 0.6471758809067678 0.6501782446594625 0.6611003813319826 0.6986274041096838 0.6759846326223385 0.6793498569923131 0.6969286321055642 0.7228568108906334 0.7289846890207993 0.7446177648215516 0.7504974504459939
0.7723806608032906 0.7901982145209403 0.7780706417665202 0.7264352419557573 0.7504229325880004 0.7645475219011075 0.7225500782298865 0.7305183198062875 0.7436692128698746 0.7457935600385838 0.712582239953833 0.7226975609415672 0.7693575396403335 0.8006822222929074 0.8335346868148924 0.9048055079067346 0.864325489296816 0.8774461222705373 0.8597584763281446 0.8238198514877733 0.8291258009305824 0.8041074137167622 0.8147738998309838 0.7790716259700632 0.7691880674568844 0.7616155327032915 0.727083634525435 0.7266680190792454 0.7102966609796741 0.7321026973351872 0.67278171127141 0.6493205092873867 0.639746087506686 0.6876464435268703 0.6736785357702967 0.7042086672011435 0.6646549780418698 0.6927886269206122 0.7307776910885102 0.7718186605515652 0.7396200070984332 0.7704037545420377 0.7775347646922461
0.7569967494975869 0.7887214899227836 0.7507552778214877 0.7565745715098485 0.7391524293916353 0.7311309699903827 0.6940462135619944 0.7304533182547022 0.745699709069402 0.7421005835723814 0.7193575929666258 0.7341898613706532 0.784625962386795 0.7913861051352005 0.8354875573999601 0.8796056132855428 0.8776941944284811 0.8569510808457668 0.8614441175144592 0.8314801535823647 0.8516305473992771 0.8241357586621822 0.791213543051139 0.7896932165552465 0.7635000508731968 0.7576461385363095 0.7593119926908529 0.7391741897674381 0.7018396581307486 0.7331752020772151 0.6823065756266641 0.6801597588198639 0.6647710149736019 0.6671512495167737 0.6636123007921072 0.6815405885911885 0.6786636483436411 0.6707334472143828 0.7073758657099549 0.7215787883763676 0.7463622502294716 0.7523244081596128 0.7606447542048503
0.7382975476232408 0.7578079488085473 0.7416767620761937 0.7070415461909941 0.6758908831622016 0.6734914888378589 0.6780714831309737 0.6985369207984766 0.7072629435208592 0.7434009993147611 0.7172697202556763 0.7447022848412554 0.8066152750007958 0.8471662231835344 0.8335754844495824 0.8289471336090126 0.8560016715115494 0.8419830559602026 0.8455781235192339 0.8431960566067768 0.8204314633065487 0.8323371183083039 0.8044285378019301 0.8030451158202706 0.7983433211323776 0.7533198391387002 0.7276526449621549 0.7161723829336079 0.7021254886916068 0.7205921223403232 0.6548864933173969 0.6321768322389651 0.6638854442475439 0.6414885470236994 0.6287524140377928 0.6432337116552594 0.6518688427108149 0.6787909603016901 0.693175500766653 0.6678486268142001 0.6851695354059488 0.692484213065899 0.7174376848903795
0.7556770475045812 0.7413695141613424 0.6947232828437762 0.6800819793066115 0.6754524434504677 0.680362095044608 0.7136116163724823 0.7226644267257125 0.7137585704936116 0.7084397045710116 0.744491198168618 0.7626771111282417 0.7796370434357538 0.8141001920255345 0.8253288257737564 0.8661104326109814 0.8740771760275261 0.8722430818776464 0.8210447950394113 0.8012672247182241 0.8329213413108323 0.8047815270972737 0.7945884109013112 0.8063876356392887 0.8033984990535769 0.7710286145849435 0.7448172611938448 0.7107387498953553 0.7053923605605932 0.6798933042367686 0.666805673776042 0.6279839339133005 0.6260447541412187 0.6313438802654784 0.655581531087611 0.6519756100818946 0.6560393093859094 0.6545364424965255 0.6918028834702261 0.6617109922081581 0.6541681231089437 0.6445769670149327 0.6592378814634783
0.783759659829242 0.7202591075928941 0.7206199889130095 0.6737149824262577 0.6814225840375819 0.7286125497538998 0.6974988968299477 0.6949336158741187 0.7060479261791205 0.7024481007893443 0.7282699445106213 0.7700812516688601 0.7979004427972461 0.834943863187098 0.872832901353943 0.8806897845527479 0.8666795258521818 0.8462585670182153 0.7968052450673918 0.7902182508587633 0.834439114619099 0.8234270635506009 0.8065592066563387 0.8222776025561729 0.7841102498650556 0.7981224262511326 0.7621950473999656 0.7102837965686871 0.7259076218051727 0.7049129334352985 0.6568931188648807 0.6339185628978605 0.6314790857639048 0.6108548830173669 0.6159818112144813 0.6226249000835546 0.6671037043920427 0.6776093987183917 0.6987652603411926 0.6653943866723419 0.6463259038082939 0.6609870232606567 0.6424968585774663
0.7639702905299175 0.7642395912840798 0.7599155004868012 0.7292952710283176 0.7139031812586157 0.6986932611470816 0.7063173620219936 0.6869720871603915 0.7135414732842894 0.7376541239804847 0.7531666614041344 0.7681324381594792 0.7768940066129798 0.7922354194425552 0.8489909121614665 0.8648570240027021 0.8526021968067279 0.8662290085090182 0.8341836941015225 0.8198154847759853 0.817196819089999 0.8294515793279249 0.7872106679656433 0.8045811755669589 0.8014364517321875 0.7724345810562906 0.7516952422449388 0.6908442393896133 0.6829572655473867 0.6590032898029988 0.65045562571189 0.6563900006500721 0.6413652267251645 0.6592123944399467 0.6502079572867949 0.6415523413038076 0.6859252607335911 0.6795708311641381 0.6883341749033943 0.7026960703423313 0.675670086519186 0.6566380917914881 0.6444223661774339
0.7801558719306224 0.7819844750883695 0.7738792308015853 0.7614155922813162 0.7140885928952341 0.7320100283433899 0.6886986564387023 0.689966801075596 0.7350987888750716 0.7519646045789246 0.7670393761792444 0.762958518633653 0.7904473727570205 0.8029149264364969 0.8346751200426402 0.8273593533404132 0.8189269664724076 0.8258305440394392 0.8360752446267158 0.8403999438032319 0.8062902645370688 0.8135794075292636 0.8059368634995959 0.7883717349518186 0.7766241482175222 0.793889655313933 0.718567571150599 0.6677387264615139 0.6281486170242794 0.6190226398991712 0.6039473687849206 0.6101947362364996 0.6065558565961233 0.6687632635598011 0.6550979176864562 0.6486136574322703 0.6572506193477295 0.6976192101534604 0.7006341862261934 0.7087899634541497 0.6760502316480244 0.6189092175873271 0.6238095001755674
0.7815750873874158 0.7487367005653367 0.7487708062458305 0.7339025358820026 0.7188558406003528 0.7249349365255838 0.7310290647665889 0.7309350043765538 0.709315633051586 0.7429709427548995 0.7214487862650283 0.7533807742989023 0.7690173933173987 0.7949097131780489 0.8216883491597453 0.837091247179847 0.8149685298790965 0.8022331166343012 0.8302874340390682 0.8578163875806952 0.8351049753920278 0.8102699104706147 0.7905456842977022 0.8147888331755104 0.7688335801396621 0.7844634816900625 0.7074060197102415 0.6692090003322712 0.627199074292547 0.6239141279740986 0.6184582482996392 0.6003329142023891 0.6112882158418013 0.6574853625925362 0.6414050387143566 0.6573085863928619 0.6671527802016539 0.7148844309816513 0.7198489790864602 0.6876252322524372 0.6780612133998745 0.6544616332482543 0.6402663076853249
0.763116025202038 0.7379866627589459 0.7181980788402254 0.6801226641155026 0.71266382412841 0.7130031179023734 0.7041129616406842 0.706215551519001 0.7244113858066861 0.7086915634620576 0.7490168124525749 0.7451279236537212 0.7530665357988676 0.7515523247731952 0.7710089427725558 0.8233530672229826 0.8316535107332043 0.7985957047702218 0.7976989273560567 0.8316527349083421 0.7857973834325377 0.7759581175140121 0.7795273225880631 0.81385884630863 0.7731873781716686 0.7794640669210687 0.6787509591511567 0.6534864079503393 0.6479601251650314 0.6074111170242116 0.58506149939337 0.5811247975980655 0.6002998667832936 0.6200278611079956 0.6172191089030682 0.6649556331058903 0.6536902965124338 0.6809388598611172 0.7044291468890338 0.6944857067277619 0.6845325836042707 0.6671750688620582 0.6422111336621503
0.7573665612983819 0.7103755657249283 0.7085020428017859 0.7080360933629338 0.7198660747302851 0.7462111313120936 0.72433921940569 0.7543582016069543 0.7289058273438362 0.7321229180896043 0.7184476176001363 0.73647821101531 0.7489342136253099 0.7490589517226168 0.7873108565795202 0.779791105043316 0.7901531987589073 0.7864526755189964 0.7952316454931506 0.8240147699092428 0.8018584581956234 0.7771277517546974 0.7955428776072517 0.7894553627550739 0.7643942275392686 0.7340561900928662 0.6649562804077945 0.644866807136513 0.6234351237388877 0.6053457171999663 0.5947747828881261 0.5865934890138015 0.6333267412640822 0.6355969761909017 0.6270676692965441 0.6456851459333035 0.6582679856463287 0.6878304572851143 0.6551991028561608 0.6557187466768274 0.6831291329869796 0.6526611657554757 0.6466050662660043
0.7251509348716919 0.7015675855386055 0.7239956592422275 0.6973326291949875 0.7194854992280194 0.7258245060009658 0.7151912507583003 0.7581638869064085 0.7247829787882496 0.6909189870545089 0.7062060077549218 0.7382532445687001 0.7502659416251358 0.770784679235125 0.7426092699362541 0.7674414811118981 0.7430176216692223 0.7409556145734895 0.7918650535899473 0.784534822356446 0.7838337622106142 0.7862721844535214 0.7518041512693977 0.7367905429590305 0.7218227866998618 0.6912799054927624 0.6860583485971684 0.6416447999692437 0.6116633900111028 0.6483172342855923 0.6510046694595155 0.6256243320370194 0.6497435902342718 0.6271223807817266 0.6150401865515664 0.645951409281579 0.6702238510648121 0.6630978226404546 0.6631234997314801 0.6554417076470973 0.6686894357692851 0.6544707898665145 0.6085214302182914
0.6916265360911936 0.6965933549954877 0.704943219505043 0.7321598463886239 0.761940144128541 0.7725165235287315 0.7509767715706958 0.7384481643231201 0.7042801918306006 0.685644001037789 0.7035533230325112 0.6944262521826232 0.7453239274614484 0.7422123070608582 0.7174538636476868 0.7012987858563874 0.7462716619156189 0.7505950773873178 0.7655763381947829 0.7892857646779882 0.7854757111139952 0.767851544040845 0.7549043468006195 0.7221399016042063 0.6846473100344821 0.7123461091968957 0.6684583948325069 0.6430237534172608 0.6269524356875316 0.6456088411833707 0.6435022102086669 0.6029396039462974 0.6092005323641457 0.6305498791767168 0.6329833459224602 0.6054037458427859 0.6303588854236107 0.6471698997768366 0.6577132097932806 0.6888815574696582 0.6639083655170681 0.64514036913958 0.6365045749758866
0.7129761186425052 0.6945235501019817 0.7562176811008694 0.7905511849224394 0.7893630729923655 0.7536621620127459 0.7836537803063934 0.7721390499941261 0.7040029495010806 0.6768891568671678 0.699392425655413 0.6819516468295838 0.7108433323372032 0.7062040876696071 0.6888550026434688 0.6720638082420272 0.7077772790613425 0.7230442318573043 0.7471246998352579 0.7766766105641573 0.7704588966278311 0.7567866860736413 0.7186887057547527 0.6740916709288673 0.6812231110533294 0.7246848060590313 0.6816974314401293 0.6596470726323833 0.640316960148423 0.643543694122939 0.6435980941736007 0.6092520808370421 0.6027988976542824 0.6582532708727116 0.6306131150026032 0.6082914706736999 0.6514590406710555 0.671449710447851 0.6680716616289424 0.6852741785947364 0.6752418765365982 0.6635745019642602 0.6332915819619753
