Raster_benchmarking/Raster/continuous/raster-199.asc
NCOLS 100
NROWS 100
XLLCORNER 1743158.2025711131
YLLCORNER 5469289.145057982
CELLSIZE 10
NODATA_VALUE -9999
[rows 0 to 18 of 100, columns 0 to 42 of 100]
0.10205184340823856 0.12052878601114263 0.12304733700837561 0.12929039030318717 0.11316423858093379 0.1380046634433386 0.13810608975362554 0.18340453373875543 0.22083752556731862 0.1992322050171597 0.18542538976832382 0.21750535752778116 0.2090050021011299 0.19194973217476125 0.18019430399431985 0.21050061736029244 0.21613812885660252 0.25036421720048635 0.2351564098372997 0.19999828599300892 0.1942520997820709 0.19305595893121047 0.19260600297493793 0.21767714489458595 0.25701302583422037 0.2931181433564563 0.2897595713647504 0.30650585905154615 0.28533241147706795 0.32688542559623385 0.36871794581182343 0.39383235531586847 0.37894314944098545 0.3384057354197593 0.3489593145086401 0.36213667755867 0.3703876113243378 0.3688177894716508 0.3549068201245112 0.37643761719875596 0.34920356413896353 0.3989949934253857 0.4221218712633437
0.08293894273539425 0.11212195414996158 0.1323091378965942 0.13653026922688 0.15618578069906494 0.16440934874316487 0.160637257034003 0.2012672667471047 0.17069060529476396 0.19665391520139916 0.18224038695283584 0.20114226690855008 0.2161382564771477 0.2035482484580932 0.1840050465156945 0.21121120077140995 0.24212546738797838 0.24762667011917977 0.24351724352412912 0.2336886855697731 0.1993311405078118 0.2100283906441958 0.19165138382747976 0.2339728946250937 0.29244536960455964 0.30296862108873235 0.30732787767388275 0.3148843969053811 0.3008932829376451 0.30506798082780917 0.320399430944397 0.36422606263580243 0.37892558964250034 0.3805750076367959 0.3658707021866666 0.36474067233054114 0.3647827957068422 0.3629959017123481 0.3619718014331001 0.3551648005462095 0.36357172204029875 0.39783235830932767 0.41719271851162043
0.10549505319710743 0.11969877717340266 0.12404767147658734 0.1647086921258125 0.1612149240631308 0.1554121818443951 0.19588431862339967 0.203371881949575 0.16101885413357156 0.17835212843475948 0.16075515389014722 0.20853207015877906 0.2101222613515141 0.21945958439687085 0.20168525700155068 0.2248417853248426 0.24270947887235195 0.23096598677274272 0.20225398952082746 0.20812985648617569 0.2360527580535689 0.20826882690164897 0.22559193989565157 0.2460949176287765 0.27755431870039726 0.3157712875672899 0.350615456198587 0.3567770640284146 0.33453527561091834 0.30844174699530996 0.29033702596202476 0.36856880341468506 0.40038101911654433 0.3797447116787927 0.40621037952967753 0.388753871652617 0.3801093560631388 0.34959307459883676 0.35295817241596295 0.3844635853541922 0.38457015260515925 0.4124114531529155 0.4557511183573764
0.1480800758284188 0.11804076744475064 0.14457133530937832 0.17082458176998044 0.1966773830135678 0.1805625824325158 0.19375855276877968 0.169147099219563 0.19130812670043268 0.16907524278696567 0.15595610090175405 0.18516624633654083 0.20396954391937294 0.21106993092065185 0.23548905768960327 0.1981939982664184 0.2185380124807674 0.19252641530877615 0.2323405883044229 0.23248913421537948 0.25489177717057393 0.25879474285988036 0.24221300116284053 0.25930830641059616 0.31994812734058026 0.3595384467232914 0.36702483094707933 0.3502380869157087 0.307982654725854 0.3059532042615791 0.31187143055131467 0.3686986797702293 0.3943505154414166 0.3942313666277276 0.37236529814048575 0.371139526173463 0.36561201438376595 0.3961478630623981 0.3876276254858647 0.3930349220393497 0.4013331712787386 0.4079651209337288 0.4119126866012884
0.16062563367649 0.16534245035419673 0.1564017498641792 0.16954108590950742 0.1792297390647218 0.18418671050579688 0.14719506738342475 0.18271092991569537 0.20507850689132967 0.17878758175945691 0.16599807565121494 0.21102257877001454 0.2065259889046921 0.21475581147436382 0.24622838795640206 0.21005436700460386 0.18645530808711575 0.2174155219707991 0.21017834459961382 0.2516139406521268 0.2495381876795466 0.25208474785938234 0.2741798637477028 0.3097228887826838 0.341491259600532 0.38218269559342893 0.37677323092176895 0.33954453902540993 0.30858910000281176 0.30428436654749974 0.3466737653284742 0.357650210197022 0.3791224302428574 0.40460374539067073 0.40810749905156524 0.38970971793454473 0.3774727816584849 0.3767329714889496 0.3784411850758861 0.4063099516678785 0.39153672432529213 0.3852681116722477 0.3776296465084697
0.17180366935522906 0.15171914556171073 0.17173582263007442 0.17868998806355038 0.18744271341085217 0.17444991140123461 0.1739080397430473 0.15517113423028706 0.18012339685111423 0.18211164488622916 0.21195270383935158 0.20841769495870727 0.23104964957235 0.232531028423346 0.22326252358136237 0.23242363486802656 0.22143702573338245 0.21589512663439647 0.22914610805526317 0.2339835863263917 0.24576245116478573 0.2697583354704774 0.324194275458941 0.334637305657088 0.32453464983343716 0.3774120628328848 0.3505275868738664 0.35368142217411447 0.32189642522232714 0.3341356603347516 0.359733422301908 0.37668594497891983 0.37064639823457035 0.385206602927983 0.40931012438335096 0.41545931386220325 0.3929949092573481 0.3882584682369786 0.3747660718142885 0.38226696093554235 0.3724697545768455 0.38127200015071006 0.3859002835210662
0.18096217205065182 0.19525392098809286 0.20523932337817205 0.19297731723453457 0.16112753919814796 0.1698439182218837 0.14177106721782004 0.15177437575617037 0.19873956441178553 0.21915376565427716 0.24532863700756774 0.2612696102094725 0.2579979996697261 0.2408581383042918 0.22671505887695143 0.2558729616683503 0.2601445920662954 0.2593933961178129 0.23160110434295195 0.22729372500553577 0.295311466031452 0.310227750687463 0.33947544207891917 0.31147277837126003 0.33610690423119566 0.3424162514039217 0.36642641480645216 0.3778898634441356 0.36536503447085816 0.3741971497238694 0.3907345895886909 0.4000188092791706 0.38162573906728375 0.4073097155678441 0.4132098173153086 0.39971862159324506 0.39385339711442163 0.3800660936175822 0.41351201686005834 0.4015436236545135 0.36933527713532305 0.3593557579144548 0.3723703222605822
0.2154453188606133 0.20982012074636444 0.20542705745560638 0.15252760652105873 0.13607625335229795 0.12991072377033852 0.15653243893723376 0.18300653404968784 0.2154460346924495 0.2486761727920316 0.25977963249821445 0.2587010998279305 0.2451287498947983 0.245074891984143 0.21482890099806043 0.23909005925042318 0.2601289971932848 0.24076333687030566 0.21677244685923241 0.23350123274878523 0.28881806195047455 0.3013611089933729 0.30526734197633154 0.3346975814826158 0.32836311424170445 0.34174598361289565 0.36079875686691665 0.36728312174845984 0.3516478854234408 0.342189893795542 0.38722034695620927 0.3934935538559914 0.37287834971305206 0.40262850932392763 0.4163802098142411 0.4129436321474905 0.42380527452763916 0.3834623932240968 0.38337119432536204 0.414602639945349 0.38987812490673074 0.38712929910341465 0.3724726048005914
0.18920172916948275 0.19941506734068604 0.17984199398551878 0.17118900896700948 0.1279210754544487 0.1250074636189618 0.1465426992771443 0.16113162812916873 0.21084400449423374 0.24849672861981678 0.2675295518764237 0.2357727291983359 0.21416283833190358 0.2286213780561583 0.2471531517359616 0.22168244930197856 0.23912799006031446 0.2402581504789054 0.2290192685193158 0.23043185059901294 0.24898123281735912 0.29405310930792816 0.3269522872316496 0.3241389068215689 0.3286917075287846 0.35335196669325253 0.3418403853126486 0.35387033067385665 0.3386255669359494 0.33957720705768757 0.34542189447764315 0.3822999448458773 0.4088526175275257 0.44345615730296856 0.4427710985635167 0.4249728819266374 0.41096345765576614 0.422622024150429 0.3881168166651659 0.3839468560348024 0.41027536731906566 0.3792074742379684 0.3671975206462522
0.16479834537145824 0.15105041511660902 0.17075568937798713 0.15042029042652458 0.115321791798642 0.14012021035953878 0.12918599643287526 0.15279280619819682 0.18367824549876477 0.22632281275385122 0.26493924760834897 0.26162472186562763 0.21634260672098507 0.23489443784272487 0.2723615216527387 0.2507885989767686 0.23910656136856387 0.2522977546535185 0.27071152171835405 0.2516770519817516 0.2954470688485927 0.3181995136885011 0.2977926089903101 0.29485670675482156 0.3235608508259704 0.3399762156981527 0.35930615914876385 0.3525597612575398 0.3846462598193849 0.3964790858873806 0.40393281791173047 0.42583376573663656 0.43084760089923285 0.4551749577249059 0.4825144088526758 0.4415458526365112 0.45038385772709716 0.41868267310686613 0.425431946914359 0.4095148361614035 0.41327539839091915 0.4041857255743481 0.3894061978374715
0.1578160275365409 0.1579642101593516 0.15703314807526542 0.1171343817145375 0.11201228167828876 0.13599021699676622 0.14552929551792676 0.16043937897335453 0.1696978764136197 0.19449825347297187 0.23405768364867527 0.2495609654433786 0.24949822272710254 0.2583842332030662 0.2961655435438594 0.24592604414988456 0.24137247912338586 0.2810493344483895 0.29716510544672814 0.28574830026991027 0.3208056040032604 0.3100002517642913 0.2880560587111673 0.30867686945830203 0.2987012942549013 0.33459756055953 0.33454379330300293 0.33823217912669845 0.3969536929972215 0.4114499023795825 0.4097929490984036 0.4290775592932025 0.4605939427544494 0.45595696351789466 0.49427275815543464 0.48720245500219694 0.47824803646149766 0.4261037490642435 0.43524387910199475 0.4487564442833373 0.42410077123716416 0.4160959779145661 0.41300728705430556
0.13965444257806262 0.15222912419657497 0.13901464503619296 0.14519369660919615 0.11694805312735404 0.14126357324718897 0.15566992844785155 0.20046570079388365 0.19686301579311244 0.21870849828313427 0.24340060095302307 0.2350539210336395 0.24706174172062176 0.27478793307067045 0.27597976561407167 0.2603690357738357 0.29598383691646135 0.2987860931298058 0.3089829632638067 0.2910234699279397 0.33498633444486864 0.33678719989470235 0.34396075171190343 0.3233775840850103 0.3135353010967018 0.2963245401292246 0.33301618442399233 0.33225520575288486 0.3655475378233874 0.3916212632640567 0.4118926901625904 0.42954402959226806 0.4270636993115534 0.4474264960893601 0.48502927339965174 0.4830592595263647 0.5019287996403154 0.46890364876217394 0.46192517309382536 0.4666109478685672 0.4498627563124277 0.45597622058597975 0.43608776362615403
0.16705635764585286 0.13442565274288087 0.15520097130107177 0.15775937133695028 0.13170642307952946 0.1506026977148513 0.18133411701213248 0.21667313084191822 0.2475925386053817 0.25195063563453 0.2685257384550618 0.2465730308241767 0.27012555709477015 0.2893129742461038 0.30381230108679697 0.26922467784343695 0.2855477025882834 0.28248567208866404 0.32161842251910777 0.3048531273255132 0.297858503050704 0.3181706478640691 0.34247830297274645 0.3075757057004473 0.30711071749995894 0.30698271350416917 0.325409755177624 0.3330091066591077 0.37111333077442615 0.3919786331294289 0.3758147913989323 0.42917137249794635 0.4146649190958281 0.434203274044717 0.4825430624854945 0.5007072669952733 0.5011198546697198 0.5045462431469206 0.4935297850205378 0.4635270457627772 0.46354385739820847 0.4540487834906898 0.46211398821973193
0.130717661039842 0.13414391127886402 0.1242452671715784 0.13726120675895695 0.13970702717223588 0.18957631074735418 0.20688452205686708 0.21760890077794812 0.23234835015192526 0.250867657488657 0.24685190950073352 0.28716695672029163 0.2765272932849319 0.29131246826564366 0.29898930230681836 0.312954518700337 0.3092013233974899 0.290672581631066 0.31410563433121735 0.30403005739313005 0.2895986163334068 0.3105793894985304 0.33036507102263046 0.3108787744349879 0.29487769979727063 0.3110728157736223 0.3119785976940568 0.36576082003902505 0.3805034245539701 0.40084227160396557 0.40787998007697784 0.42370844029015325 0.4508716564316564 0.4409855228456041 0.46281767122969447 0.46395992661298635 0.4951843379631292 0.5019381241574635 0.46760851695425454 0.4806152777369782 0.47065524775969775 0.5024716090141734 0.5019055165925123
0.08894373270956842 0.12546203754375068 0.1409220260906338 0.12349420233317167 0.1841719354113358 0.20315455190151682 0.2322097268649131 0.21545288961523784 0.25912504163833244 0.2462256411561098 0.2565971067874353 0.2732445233858472 0.31233248704030536 0.30010523006976475 0.3270875665381199 0.3069532520174327 0.30777731903691236 0.3102426382541684 0.31620429279457 0.31119672206169524 0.2733751819511605 0.30173479601269654 0.3371892681679447 0.3429126223487027 0.3300971041665928 0.34209618657634416 0.3253636467822871 0.36100002488990807 0.3479230572356288 0.40865511937902044 0.4386114118097673 0.46379404299774674 0.4626577717203202 0.44610913174461153 0.4769585534522454 0.4813084959671843 0.48534230329301514 0.47255267715034893 0.44645261970105365 0.490853958478721 0.45258415685386627 0.483640100772718 0.540126268695901
0.08707239095162253 0.092608030482779 0.10415032358811914 0.12960739403598598 0.18294334335564086 0.1989090267078003 0.1994067148772419 0.23412856686935501 0.22818431091636374 0.2480801561977714 0.28064917827669 0.298868914793657 0.3026096800338678 0.29995710981160345 0.3236656340139193 0.3006600583847307 0.3150418179943238 0.2974952903557375 0.32706154907088 0.3009802871132656 0.2876943169429357 0.3136872091524306 0.3406796523145642 0.30626398316988873 0.3357451120773736 0.31452292146138877 0.3213648355339 0.34468121725383605 0.3473898131651993 0.39056088846234344 0.4222005775016493 0.44939872797541547 0.4788721582823105 0.4788940429904049 0.48414080984845836 0.468993342662847 0.4964869031393572 0.48880849277724503 0.46162910766300075 0.48383955079875834 0.5192185702722106 0.5366264262309085 0.5600652665080817
0.04412379503701391 0.07312608354525767 0.12321296530704522 0.11972047650940763 0.16817070380021235 0.1697890990985295 0.18225673134244064 0.22491953113859758 0.2276017197380028 0.24539326061950148 0.28750123484058654 0.2984606920158924 0.29627194808032414 0.32281992970321316 0.29411261453275894 0.3002423695255981 0.34779902654013467 0.3209865169792409 0.30992242723317764 0.28898914036407536 0.29972793991664476 0.32462641523899105 0.3058493856705178 0.2995157083535837 0.32705928451013877 0.32084645908474035 0.3529478711677093 0.34206725499708374 0.3067048919956421 0.36292590416922443 0.400536098834661 0.40944112211411166 0.44659730992632013 0.44454060055199546 0.4543074329148311 0.4631435314000649 0.5080118819961099 0.4922817898086691 0.45520119033567796 0.4760108172551006 0.5224019282641015 0.5155612763748606 0.5527046023523919
0.008638311300822573 0.0729401064289348 0.09324273869594693 0.12108952307840742 0.15263843988063747 0.15979435203306425 0.17507308127653853 0.19252466318030523 0.20406918703517246 0.270941442185169 0.3004424691712439 0.29881566586322456 0.2912176607573311 0.322124095251476 0.31606559498760256 0.3461068490301052 0.32646464343380593 0.35675099812691663 0.33880979183851284 0.3282009335329101 0.31048771232365596 0.3114028410128515 0.31111162951771704 0.30324775327154024 0.3068575942291788 0.32930021406010346 0.3079373892489863 0.3429528864678621 0.3056074589371067 0.3497183331062639 0.3613096618649581 0.39734372223666237 0.44232200495218094 0.44199795125656866 0.4796990543251509 0.46842147681845286 0.4959147653925379 0.47530274520750265 0.49917071210982394 0.4969828206043515 0.5070837916285571 0.5205887006282687 0.5571806367492255
0.007994117405441573 0.058064697785165396 0.027376218131446785 0.09287349117522711 0.11026997031573199 0.17886173336741273 0.177573665213642 0.21619873841016418 0.21612879046541936 0.2250866559892522 0.25355093881663726 0.3137992534628207 0.33779224882417497 0.34674834456291903 0.32266861318433915 0.3553478592598575 0.3244145031369535 0.33344785140543565 0.36621442988979375 0.331398213110487 0.30688343689002007 0.2742259160759679 0.2627786701107151 0.2630899513963892 0.2865331964634853 0.300157606996123 0.30359956508181674 0.31382475865482234 0.31304144084009977 0.35063171945592714 0.3037465839971059 0.35144336789747876 0.39984250891612244 0.41969672861243223 0.48943446557978015 0.48051663012916673 0.4625872199110142 0.4732149634739776 0.49971995522204976 0.5115951470658916 0.5145002248557258 0.5416235809071183 0.5818913942689592
