Raster_benchmarking/Raster/continuous/raster-169.asc
NCOLS 100
NROWS 100
XLLCORNER 1743150.6733769479
YLLCORNER 5469291.675396748
CELLSIZE 10
NODATA_VALUE -9999
[rows 19 to 37 of 100, columns 0 to 42 of 100]
0.5624970547957048 0.5588184076245676 0.49242577935319387 0.4480141231006288 0.4680210972479779 0.5016553438373834 0.4862735325442199 0.42658806371767466 0.42183394088364423 0.4333546472256549 0.4566816539484394 0.4882810938481431 0.5552251622831893 0.5633403632446305 0.6021570612960733 0.6062924741014577 0.6013695664170308 0.5598642689457777 0.5509779889812009 0.5783673123217388 0.5648684357653884 0.5206482244376953 0.5213524605018679 0.47186492145997005 0.4489984806836938 0.39902310843181504 0.4065480332191237 0.3529084038405175 0.36098342571809255 0.3353370467154289 0.37021449320416805 0.39425898531165865 0.41502099547962373 0.3912088872442322 0.3899733825400837 0.37895955213131005 0.37172627369296196 0.4184010587357431 0.3684030964767029 0.3690303802714747 0.4153418669606924 0.43099539426232614 0.4229749824169953
0.599000836785584 0.5542698661091161 0.5047568620907251 0.44279481072778076 0.45931252562341796 0.4633312551193219 0.4649670826056078 0.4614970401160737 0.4671985101989164 0.4521743480065406 0.4864837521782814 0.4772803253277665 0.5601697669204431 0.5697767677171661 0.6284726003407962 0.6246240083323006 0.589212402408029 0.5728435860334962 0.5387069576542732 0.5395289042694033 0.5030202074667507 0.4995192758701837 0.5034819296350951 0.5092392532153879 0.4617103980713149 0.42001693284127684 0.38226307960054956 0.3548563558884371 0.3908205131918643 0.3696082023851023 0.39123877697968346 0.38873251469100606 0.37289829619774156 0.3737927479790546 0.4371693410214738 0.4281524509226486 0.4142046366128906 0.43457324926190405 0.4520726962949537 0.41808802667330003 0.3944696630265612 0.4557950988440959 0.45338493582031103
0.6276481272910923 0.6049167016931671 0.5452596809337237 0.4571105700056451 0.4260008991956451 0.4590476835623111 0.49141065585687366 0.4781262049111354 0.4798205322983611 0.46965938168411003 0.46554236192698994 0.49274670761234 0.5481363087286613 0.6323182960428456 0.6092796844923931 0.650551427023557 0.6090616785507654 0.6342769348986148 0.5644353342863808 0.5149088165814498 0.48728253843951036 0.4924029732766066 0.5133052066877962 0.47271953982196 0.4558469598500766 0.4991762074365165 0.4339497090460932 0.36990641422452236 0.3718871558386474 0.41072536363858136 0.37394417353105874 0.4019794999099352 0.42184809396387024 0.42522411253355136 0.4639940066189421 0.45397986425941206 0.4492537049668159 0.44366607769081245 0.42010634797443364 0.46023003242387556 0.42046871647409095 0.4463580356078452 0.40991849996858837
0.6068665825983312 0.5873374883730076 0.5238720204467684 0.510647654547867 0.4534930333555786 0.45323414727372857 0.4784958201346538 0.47148107689968544 0.447457014817728 0.468046790616637 0.4919128623021785 0.5421953381622127 0.6016095088369817 0.6149432733494151 0.5993473141263612 0.6161770158617471 0.5974564721789452 0.5926175003829182 0.60760505367012 0.5432738393743616 0.4966488404691291 0.4762471296103614 0.46045956327907916 0.488165666065849 0.4569987201651969 0.4313964809997034 0.40975843091788267 0.4235128908191204 0.39567348079930376 0.44050056103841523 0.4153229505935119 0.382079399912278 0.35694345935838023 0.37666514194657497 0.4341764237835708 0.46035204816993086 0.44016368875721784 0.409462493563018 0.4455559559598567 0.45777700559514856 0.46063229366600433 0.4284018811472074 0.4285139607219862
0.633887627905781 0.613557727364564 0.5338831273611491 0.5121355873167521 0.4976447576767289 0.4887727146678486 0.47963098007672506 0.44267658051747505 0.49383948838105907 0.47299314835944095 0.5197061628071311 0.5532318805601006 0.5690870180530436 0.612104589641015 0.5753588061874785 0.5797825171504298 0.6102104935910542 0.6465194394373855 0.6025037970709306 0.529581562411743 0.5119059648901452 0.48848449145919354 0.46547388265358186 0.49378310023105826 0.4694054529059081 0.4476829861292414 0.4153823565727815 0.4267709335216769 0.408307557874745 0.45207368541415927 0.42699320666519175 0.369936993069764 0.3508978145524239 0.34222548226250005 0.418100414434854 0.39201328715003086 0.44345995519242537 0.4068691770124807 0.440556714172377 0.44733321137118454 0.4771876410617914 0.45987949742113393 0.3891203066171589
0.6031078705575431 0.5935947423883942 0.5681956049816469 0.5592263091016174 0.5014918704452643 0.5184055421169314 0.4621877767964408 0.48751168325792904 0.4818677756998548 0.49538121401115104 0.5409623889487303 0.5746954688470418 0.5211878417916653 0.514032447713684 0.5596783541421245 0.5800466535082803 0.6276517975044739 0.632325332600167 0.6197401421330505 0.537979634580227 0.5163673578597012 0.5325931611433469 0.5167115738994668 0.46761541963395853 0.4533453420169811 0.4383069028127783 0.41114583997247883 0.41799282186194153 0.43785827793959714 0.4457865998466305 0.39292507294507145 0.35643346637184997 0.3789411017797851 0.36578633451278864 0.37622555067849817 0.39113158730608694 0.4022111197841869 0.35902062419794967 0.37725149586566054 0.4455038585372965 0.41985737539254 0.41385136607747197 0.3972155539495695
0.6094410151462338 0.6159767916139304 0.5418856293592185 0.5295263607138643 0.5090941768119525 0.48851070354443 0.5091069480234715 0.5300113457122302 0.5407980565922416 0.5449433738352477 0.5305610159237854 0.55940021441221 0.49001648524355584 0.49132767467851385 0.5462513373735751 0.5705610450977838 0.5782673292790546 0.626335094214107 0.5776614098702162 0.5950546093587996 0.5271760319405483 0.5527582094122374 0.5284562083109869 0.4656172691078506 0.45464853586401427 0.4609692400799287 0.4291119328306754 0.42745263021726687 0.42442557918832163 0.4616846862623449 0.4398149515266268 0.4128939947500549 0.38003687487788246 0.3820060431757459 0.3992614641071036 0.3887240744798466 0.3759851610182599 0.30248131743801526 0.34990248240234395 0.4320690655881273 0.42600427640964206 0.4245048044933634 0.3850758351212399
0.5827186892141418 0.5374206919705644 0.5601396519202358 0.5513074969798513 0.5016726378307838 0.5098660126512883 0.5478792542824847 0.5151265685269392 0.5293159795111012 0.5247338251896801 0.5080205750007056 0.5045063545780335 0.5081592796586737 0.505935971301939 0.5328419884939672 0.5204991563637072 0.5813669007057809 0.6324630164153917 0.5955217761010575 0.5590119608208207 0.5596188347500988 0.5697843728343754 0.5216873600985207 0.5195125662252345 0.5172380829211295 0.4912670257221066 0.4685045294432203 0.4709829876191105 0.4621239761683685 0.4688192528528313 0.4616525264386798 0.43069642844689005 0.397263584911002 0.3933648228018184 0.3410549368504629 0.3279902981063565 0.2999049128515883 0.33227534247250007 0.3658536991710436 0.4125177767633894 0.3618642818137029 0.36952026982396674 0.356885280935103
0.5381274044650461 0.4964770186736414 0.4953057830202384 0.5408608483110371 0.5341533278274798 0.5470205441196326 0.5622346000884162 0.5459400214862873 0.506570670062226 0.474032152253425 0.470696555652749 0.47128596470924267 0.45884340707540394 0.4959078574945753 0.5281587375189313 0.4965086382714125 0.5773251431681865 0.6286574305561909 0.5965175320449912 0.5945894963925085 0.5521876789432986 0.5696130435173865 0.5583688465150606 0.5266109871065351 0.4883863473661057 0.5197885324129327 0.48101333672381946 0.4672508947167467 0.47359133774514417 0.45429259534951505 0.4499962425122906 0.4417312777677944 0.4389448010112337 0.37436798383366865 0.36298678463944534 0.29412188136447026 0.30339836727634784 0.3125652998068012 0.3070879499708784 0.3582770801238959 0.3159273091847253 0.28725145517929535 0.3056170240075843
0.5281234936648529 0.5369335890013301 0.513394146519732 0.5642110219759098 0.5454467236371794 0.528768867847226 0.5075341100191396 0.48131547655420476 0.4934753099711714 0.4699887615488406 0.4358849457856898 0.4448261123339385 0.43446848492008594 0.4443890492482304 0.50625584602802 0.4894662862338321 0.5287650942458428 0.5853579854352792 0.6108855534741413 0.5948006061055313 0.5404717394694669 0.5542297625959866 0.5224753892441703 0.5062893243292371 0.48797582632348174 0.4744167275266553 0.4567858328067426 0.4243861929472485 0.42237938695513316 0.4208363785839659 0.4303542230884145 0.44011673630103326 0.43001499599349285 0.36798571623423204 0.3501664453802048 0.30793720882888226 0.29082664358822347 0.3144836462154402 0.29293381733114165 0.2892810913290756 0.3122484824537566 0.2928635292260326 0.2657222683548404
0.518470795017895 0.48621199592951225 0.5138833083437935 0.5599430857446536 0.5132668020670025 0.5191446224678734 0.5198234224044346 0.4975598338550616 0.4963949192389715 0.46294191960786946 0.4294889726390331 0.41533033851423906 0.4279519426998517 0.45636224815563103 0.4729847328194456 0.5244879906661024 0.5698555021288848 0.5789708434967183 0.5508680805145082 0.551564641815381 0.5767868036661267 0.5546041448406667 0.47154283918797596 0.45756867267732126 0.4909412817866824 0.43403145826819767 0.42367919377155644 0.46143080492880306 0.39332087214457184 0.39501942267368373 0.3962228740425238 0.43997115290512223 0.4073784914518505 0.3867903704619777 0.3256594040160142 0.309555279799586 0.32020613168501344 0.28119375532475915 0.3340595474917419 0.3211109429023115 0.3318175822104311 0.2862665831789613 0.315211308295917
0.5056464859990262 0.5121207813524343 0.5143178759506619 0.5518114610768898 0.5494582499568829 0.5376718372939361 0.5534082062732524 0.5178736648382963 0.4793121763249604 0.46946646346041326 0.4495311141800193 0.4176665310238012 0.45728194925033816 0.5051504389194414 0.4998099680093126 0.555741077224612 0.566926481861849 0.5287396057371399 0.5173693112839823 0.5291418151926051 0.5489738991137584 0.5470995947311226 0.48144385697733894 0.4956595721574501 0.46214432180849274 0.4588809994203646 0.39611751446213883 0.3983638334335803 0.39266852594298457 0.37191932276298756 0.39213904784465975 0.3743080789916276 0.39625807105934957 0.400504919568366 0.34122465007388586 0.32998377747286095 0.2984284664069669 0.27238629668783493 0.32400858960107287 0.29656575372443184 0.33769299829250227 0.3267195587714961 0.33813996775021904
0.5264850993426692 0.5077150871823752 0.5829094227742468 0.6109012966018884 0.6193010931741711 0.5650268885773888 0.5464231566151617 0.5673858511119726 0.5258858001477985 0.4777534684192456 0.48276642280294707 0.4559023493380248 0.4702556606676931 0.4924108411864706 0.5515218621229123 0.5490532413989584 0.5300862924471307 0.5323611157517457 0.5398127858783901 0.5316667272484937 0.5067581519745137 0.4986723527912975 0.49388185601616885 0.48567611542258404 0.41775577140243286 0.41930423119780236 0.4306915573633227 0.385289173316562 0.41355027375277476 0.4393962247102058 0.37053704266402865 0.3703076176413464 0.3739715884370031 0.3603322894533269 0.3901207214244713 0.36415719120181944 0.34515998221804794 0.308372913766503 0.30856157005066326 0.28622330206087804 0.3094576032524515 0.3291784682045229 0.331871956287476
0.5618387883224456 0.5516890031248662 0.5712204098791936 0.6262873177178694 0.626391884189681 0.6385933773333501 0.6252571815532995 0.6243601548820631 0.5518175282064944 0.5099588026260697 0.5091875808576332 0.47177175301606517 0.4844372562448729 0.5249726668152739 0.537561931556917 0.5092099804352416 0.510663252018574 0.5331980477811138 0.5506456850301933 0.48998806920514026 0.4736856992507807 0.42496149521411786 0.461532004384934 0.4624710342274052 0.41999705582784647 0.4296338179109 0.4202854983272201 0.4539160851315646 0.4256083939618171 0.3940763438822637 0.40709622443613375 0.39621588234075916 0.3781516278938345 0.36404369474682824 0.36937227410970347 0.3311093633088956 0.35224001297121027 0.31090862878925435 0.33658086451476815 0.2868869247962456 0.3464976018850074 0.33048382787782815 0.3022195704384321
0.5881726599931126 0.5666010040046155 0.6092461057865574 0.6530640059461178 0.6752433444656879 0.6913395663251735 0.682636618315171 0.6623299215368073 0.5930392225759411 0.6012875041143412 0.5914888635162093 0.5377276649409821 0.5238592059915221 0.5255957538586907 0.5440532630782604 0.5088496320973055 0.54485723553312 0.5805354640763162 0.49424664266836704 0.4877741493438438 0.45338473334323975 0.39184255618803504 0.413813311544192 0.4127501803268624 0.4217089024367309 0.48301592148578254 0.4470328920334638 0.4581307354624898 0.4015952098019601 0.4303943023203108 0.4371121688043256 0.4078455711064271 0.42218565256055546 0.45596507713120393 0.3812430704141692 0.36178876786486824 0.37716173107842055 0.3585130859584579 0.34405848664810185 0.31004582289998145 0.3503418417131855 0.3303607107074664 0.31532363077277886
0.6001557784806483 0.5582503784491251 0.593080582253731 0.6343421968959039 0.6577822715219609 0.6442605713264341 0.6784667452270011 0.6394843326227057 0.6668475615373474 0.6571732618652973 0.6065431205430445 0.5556335562805981 0.5173415935128589 0.5446280173557577 0.525006725268338 0.5074211491632293 0.5335864448793614 0.5260228999663844 0.47477277818349134 0.4412120679701149 0.4564292382815882 0.421145218943158 0.4547534655135955 0.4753673068030134 0.45081263094551294 0.4214067422395518 0.4483497426241829 0.42716580130429405 0.39178518544850294 0.3641474790957565 0.3915986690351966 0.41106496756805777 0.43402171425380925 0.4243740897656683 0.42239912950748604 0.39645488393602746 0.3560106781609529 0.38388457603087833 0.37016789190362104 0.3137037996380557 0.32183326960406033 0.3533360724365182 0.3147521776872625
0.6029734187730834 0.5863722865915002 0.6182943434481222 0.6376597053754188 0.6682425295915081 0.6743280381882442 0.6498871367363929 0.6528127558215361 0.6365535814462029 0.6475056824583828 0.6432333337176296 0.6153661218492154 0.535676896394461 0.5156619606273622 0.5071231073301695 0.5037878598907726 0.5100998240384644 0.4997147433608489 0.5022730055349256 0.45319690209888985 0.4224200036129111 0.4553859532308637 0.4937762876252449 0.469214535221252 0.4775048866870852 0.4249976340466257 0.40713755878143404 0.41167515252388165 0.41067996598154705 0.3757905921630933 0.4066750619889807 0.4183945492574852 0.4406007531310999 0.4652753924861609 0.4603038140557916 0.43990967083156945 0.3720640084143058 0.39075803862361064 0.3637531551620497 0.32334239416899985 0.3090371715061676 0.3354485594477474 0.31680051612533594
0.6442378198580248 0.6409143542488717 0.6251603004498704 0.577697619570553 0.5868198445872556 0.6042077197741945 0.6509588187756199 0.6574082454249924 0.6585772918391984 0.6473991323132003 0.60406008659813 0.5871987909271635 0.539304687843941 0.5518587368844119 0.4934048531136012 0.47546094951321205 0.4692889819750166 0.4966568031957961 0.456607798952862 0.46005983928212263 0.45756082123550645 0.46954531954823125 0.5153917174092776 0.47576396402326404 0.48579456337525667 0.44549930334992766 0.39340972471405544 0.41305250692444284 0.38428295759950704 0.3602093542114843 0.3919485378934625 0.4520257141364059 0.42627290938842777 0.46470909979124625 0.40652017248726624 0.3781959875781766 0.41033464100936434 0.3503829448914314 0.30526414592718354 0.3187733756493047 0.3305531007042618 0.34007186370645787 0.3473548250231541
0.6217624516232633 0.6021979981689246 0.6236596736898811 0.5585648572449564 0.5880425248243215 0.587143408326358 0.6107992252487082 0.663240140264762 0.6677425383966413 0.63774757192827 0.6017420404575323 0.6143622716069754 0.5641708150486573 0.5448227487291708 0.5024208645049277 0.4778133966731115 0.44462331216108175 0.46655941474954654 0.4315347278305814 0.4733473402939303 0.464004828577346 0.5353502556803653 0.5318773396232309 0.5185342138169169 0.48614504919357215 0.4066070439702383 0.40545301984379895 0.4132375800983291 0.38037564775488786 0.40867783147881714 0.40243205653522435 0.47583712338538714 0.4687665691949233 0.4674649647374183 0.38342997473134693 0.3714802763146925 0.4131911530978754 0.3306565861509236 0.2973413548674626 0.304767996119298 0.3106731398687295 0.2932908972476713 0.3744791551839048
