Raster_benchmarking/Raster/continuous/raster-382.asc
NCOLS 100
NROWS 100
XLLCORNER 1743160.8740068506
YLLCORNER 5469287.165448305
CELLSIZE 10
NODATA_VALUE -9999
[rows 38 to 56 of 100, columns 0 to 42 of 100]
0.690014180848674 0.7091845319635962 0.765565450350462 0.7869566438543594 0.8009832319646161 0.8133211121011267 0.8105754907488516 0.8126977617331579 0.769462062593415 0.7512496464036026 0.7880642652893927 0.7763779938756982 0.8331823081549518 0.8126490435757818 0.8151080646834424 0.848206459448716 0.8505609566089637 0.8388094022715176 0.8313656541876163 0.8175657302435816 0.8644227605401357 0.8836967270369667 0.8970584195235636 0.8923760876756078 0.8878610306072308 0.8799886505566651 0.9163734784269661 0.9102576523830469 0.888565000445982 0.8828272665832997 0.8626483235580596 0.8217250742143257 0.8095585623026387 0.8169034555821097 0.8334482657345176 0.8334159704536205 0.8332879156384336 0.8507562874526586 0.7991137309444389 0.7834231718272264 0.7798234129600655 0.7977418364388192 0.8189292069644304
0.6820248566321573 0.7291546740887414 0.7783719043756051 0.7810843380206027 0.8014808239989024 0.7746508332911369 0.8059405413817751 0.7706835566168924 0.764263966333187 0.766118099684891 0.7819940713022164 0.7865923506565206 0.8233568703049368 0.8403730345538888 0.8231645497223131 0.8465322101930415 0.8636368014009465 0.8674585947020639 0.8511518609979634 0.8251992875992793 0.8519532357669983 0.8782234460685225 0.8558897711759788 0.8394153676005685 0.853110766026692 0.9149095306836857 0.9330165478715419 0.9115203836720839 0.8828543898337178 0.8599015577970698 0.8771829544809476 0.8319064017342372 0.8217807616832947 0.7976565116798066 0.796832488436723 0.8309584262634679 0.822565009462392 0.8103986182597083 0.77795488349155 0.7652554529178467 0.7718499613581761 0.7909920284053021 0.8171992194890157
0.6866350147588203 0.7426188689953716 0.7433376251193045 0.7779117962338967 0.8240046304715432 0.8322460675428501 0.7965841672296612 0.7644546147156265 0.7967829421626655 0.7796501425476406 0.790320680358469 0.7964943696564147 0.8136383386302409 0.8166698386172462 0.8097306511908299 0.8106181763257774 0.8494643524852478 0.857583472176452 0.8463759149013473 0.8293534655272976 0.8203194989812135 0.8562762938453138 0.8274372996108205 0.8321013560216343 0.8613588544293757 0.8773478774904194 0.9003900776342895 0.8874702276094879 0.8899036244395531 0.8671343289625183 0.8891208734349337 0.8781133884893362 0.8407139732096406 0.8136999815356606 0.7797120977181669 0.7858106664718421 0.7952921343716569 0.749721111648899 0.745600229857663 0.761190294009645 0.7432908750897582 0.7677956590406229 0.7626509479319297
0.666117904194306 0.7415615529588784 0.7803476113303878 0.7981761466669879 0.8185889918515548 0.8602520738076533 0.8004417250509236 0.7702209432330139 0.7961868150577979 0.7959667998579453 0.8241705460259818 0.8331402944754819 0.7990870821990412 0.8023893004709767 0.8088510139923645 0.8177012711282966 0.8396162162056657 0.8578046916693325 0.8390919075157475 0.7993578220524521 0.7939131281099712 0.8224957400707903 0.8357337334682906 0.8302580364262317 0.8376337183617772 0.8920811400110003 0.9082964902136633 0.9149477477971788 0.9088334338035832 0.9155178863980997 0.8781705067896092 0.8654424810497566 0.8131067237557716 0.7872418392101158 0.7675754176008267 0.7443354279500072 0.7612046945205154 0.7091351529342629 0.7396224120310004 0.7482986623298593 0.7542628791649865 0.7411140342545703 0.7436932319069681
0.6816195656545292 0.7429833927290435 0.7562490662914344 0.7880035459849088 0.7784997067422362 0.8077977924723841 0.809817765110474 0.8071835559986483 0.7841564763139204 0.8182488491507295 0.8059472669128399 0.8380812269781935 0.8127721996170116 0.797999562812396 0.8248038902039001 0.7999482555181289 0.8243318213819296 0.8281614347348386 0.8371477725948441 0.8023014314561077 0.7736932521388084 0.7644851412682305 0.8027344689961993 0.8329891282330165 0.8414883635915233 0.8690807599844893 0.8689030477265944 0.8513768219443975 0.8915145546882525 0.8954059907541227 0.8864294082327725 0.8254061961524152 0.8184036611081459 0.7706093702338356 0.7585946615778576 0.7347143540539228 0.7090289254683318 0.6663606048839862 0.6665876093037953 0.6723945669257104 0.7249536469038784 0.7303138355308932 0.7095604267039562
0.700376258875527 0.7425963213362609 0.7478117099783721 0.7679656273903516 0.7555308655143617 0.7790519632217147 0.7767250062755484 0.7983002401386691 0.8163659587431048 0.7972950215972084 0.8162412620012479 0.831851088111632 0.8482193700678027 0.8375179936805325 0.8082653297023843 0.8045467191253031 0.7863003717694482 0.8080308020866457 0.8040615332135405 0.7905655490869299 0.7801763007019574 0.7435670320272091 0.771756584892648 0.7770448192847592 0.7977963309828567 0.8094182801537748 0.7966290905957897 0.8198380699941987 0.8546344816818346 0.8658611741629006 0.8552471871838807 0.822201814206629 0.7995458331156884 0.7437865919906659 0.7239925415773042 0.6794630293151002 0.6778789662928033 0.6534689961131975 0.6380867675819347 0.6409131872317598 0.6630769157079203 0.677216760967352 0.6748798609057771
0.7164142843535054 0.7363327612150643 0.7556297964306662 0.7773299353881875 0.7715040470046106 0.8068839498980761 0.7965037260813277 0.7797608580115832 0.8092476726493895 0.8290846957664194 0.8307875817996604 0.830222189563187 0.8664604575415321 0.8669529231246531 0.8045547166670651 0.8089707169323066 0.7918335750876547 0.7909799216246717 0.8005081170586518 0.7992700435330221 0.7443395047530204 0.7273242637340159 0.7347148624088198 0.7772637018694655 0.7556958051542673 0.7621871720598808 0.7822570701312824 0.7764061135345639 0.8158055683153603 0.8532611967235133 0.8319495568762082 0.7958275480293163 0.7376748192637947 0.6888973317772381 0.6855127410469054 0.6920234663087128 0.6759822384992982 0.6465662834352858 0.6471414671228867 0.6656819195795306 0.6633969009272104 0.6666189935278576 0.665648346702711
0.728812613165529 0.7237897125642089 0.7857420923704767 0.7975389330988734 0.8030928775779759 0.8266196440570786 0.81174873085156 0.7951330199959245 0.776629041351744 0.7844981426130664 0.7957222777410874 0.8406946187895245 0.845985100982955 0.8738605663189426 0.8198192230465572 0.7920425747707451 0.7866289626179747 0.7717933848957819 0.7741671182906875 0.7674940940500241 0.7546375395333341 0.7253781457146686 0.763851519355928 0.7686600909817711 0.7541198449503382 0.7486495543863088 0.7854866614045902 0.7758508430830856 0.821245595030638 0.8349113690123317 0.8072616707502396 0.7713584682150445 0.7042638685994194 0.6807155198308132 0.6890980654296365 0.6425569292592944 0.6492655882678088 0.6340522744673441 0.6577789805231743 0.667490966509997 0.6421777886979441 0.634799624831387 0.6443280397435388
0.7268015557183668 0.7414212561282889 0.777168692164958 0.7948716391814494 0.7911958070406648 0.8071118222388162 0.8093719185295408 0.7997083141036839 0.8047348514151323 0.8077529185868602 0.8016750280148116 0.8094998028079733 0.797752551394253 0.8044511999476773 0.7996563998267592 0.803437657405088 0.758399740015719 0.7368436284111346 0.7602856335558299 0.7301796389975943 0.732751718009011 0.7393959937495219 0.7340900655180318 0.7576331167234815 0.7674167053867701 0.7748118123505942 0.7787822914066646 0.7949333118659138 0.8080809477854805 0.8125879413068039 0.7734296057939323 0.7557526658722258 0.7159179331826253 0.6973225832951735 0.6558780546461858 0.6297387533173179 0.6167867237005631 0.6254933401482957 0.6221100022231624 0.6561707426859964 0.6570934637378127 0.6553224158777358 0.624719005466239
0.7254002409430319 0.7596467971220716 0.7624068517776921 0.7663075461995824 0.760288810346387 0.8017864211203136 0.7934176493612053 0.7684695553961414 0.7926311355931447 0.78759081399357 0.78801403134637 0.7869119077385905 0.7984767875764782 0.7636842383426868 0.7850630797128545 0.7872043006295665 0.7657564365844357 0.7267077140679608 0.7152495251281575 0.7327255986456894 0.7325249877160478 0.7513672721870255 0.7718911190127197 0.7636029155164881 0.7677855608665611 0.7911219815623741 0.7749740190999675 0.7738438675440537 0.7545012776524386 0.7610624337522631 0.7624259563393164 0.6994595666278317 0.7275741179237315 0.7118034356936359 0.6994751175789266 0.660000090451742 0.656638770336633 0.6117339921029615 0.6354629520356677 0.6522770208146772 0.6133387982234013 0.6218030570077354 0.5933321437024269
0.705291940382985 0.7082482869134145 0.7374373715199243 0.7628002108884689 0.755576353400679 0.7763588129844908 0.8030095059869603 0.7716786988844814 0.7730764812676374 0.8031017632589383 0.7923048922926151 0.7779323784469457 0.7814607312750527 0.751799488448897 0.7812609362300261 0.7715478009274759 0.7439616796955093 0.7272452925454057 0.7349924919572575 0.7237531503604658 0.7293589879926288 0.7655004649064505 0.7502709554951406 0.7782173438222998 0.7676762281383768 0.7797693221558967 0.7613361077857844 0.7500413945820037 0.7519488494192221 0.7235822958908854 0.731066024647257 0.738517721305305 0.702149999616861 0.6984994520861019 0.7052978400105031 0.6599188214378191 0.6524559897602488 0.6332150245326272 0.6346944411895966 0.6056094202383656 0.5898727485087648 0.598381366010974 0.5548527635896635
0.7007798439650941 0.719063256240541 0.7196184009348418 0.7619447620954445 0.7648706985864372 0.7673793227915157 0.7652106033910477 0.7818093025075878 0.7742289688959234 0.7823865385415206 0.8012695209747933 0.8232598863011316 0.8004917232944865 0.7439052548818087 0.7812321086949143 0.76094561858066 0.7332173797084119 0.7665313273776038 0.7585098121290191 0.7717879173623972 0.7611574312181228 0.73949568072564 0.768881994601521 0.7507396890633539 0.7557324772980767 0.761489124482952 0.7686779549461547 0.7267416935471972 0.7383038350591078 0.7230592667161363 0.725556838333007 0.7446452266642729 0.7430447987786977 0.700387287500087 0.6926078913108502 0.6623433266252866 0.6388960559444474 0.6548502938365672 0.6498663000027342 0.6217217923853711 0.588110672272021 0.5456385758844686 0.5205694329911373
0.7248511207925747 0.7055850181038398 0.7119217364197398 0.7455841888461243 0.7612125427239768 0.7690890382394069 0.7631866735272318 0.7724407645554552 0.7726095686871611 0.7868405693023245 0.7792020997372334 0.8058639968164566 0.7996952187885189 0.7732610875685219 0.7656515621204606 0.7476446579983844 0.7328698505060153 0.7612931245281573 0.7449098378758667 0.7483920279848438 0.7803616218727257 0.7373102366706789 0.7416014041649692 0.7297707408889013 0.7230499447646361 0.7309852526632566 0.753942119303476 0.7534797411696417 0.7188034609299957 0.7459249527354627 0.7491000513459226 0.7335640882906833 0.7389936229851312 0.7131657310455052 0.680284136254198 0.6695219896053591 0.6776215769548 0.6479478326875858 0.6300104087054557 0.6011740033038561 0.5740559810620856 0.567262857819288 0.506910111852565
0.7148179441423538 0.6867324386199737 0.7310739231580842 0.7414339476917459 0.7371058271266028 0.7635269289778736 0.7553078704750723 0.8185101566500272 0.7846981267343216 0.7788209595576765 0.816278762790759 0.8230332815512323 0.777164522981909 0.7538206497855783 0.7649464747451322 0.7325712307238152 0.7525956554330093 0.7434381899812519 0.7403748904179123 0.7813546101969218 0.7511399011190959 0.7577951958517501 0.7202803270534264 0.7276865337402709 0.7049420920503221 0.7185048101229762 0.7540126098818078 0.7485306477377826 0.7595808779242403 0.7474450423401305 0.7556363283606004 0.7699315851222965 0.746945827612139 0.722719695165458 0.7037962874164844 0.6861059915740211 0.6539009228876533 0.6370774848247627 0.6157127663075372 0.5824330801710721 0.5823218421911357 0.5519322411413621 0.4869328313683192
0.7228863689408279 0.7113790472209304 0.7005770950258637 0.7264857575253771 0.7578214656752066 0.7503310298905522 0.7697467052306133 0.7682339036197315 0.7879732006484206 0.8062285634063899 0.8394861156501418 0.8490965886724198 0.808600436618245 0.7910928219901874 0.7801649038215644 0.76125140418364 0.7395041272890326 0.7731569934415256 0.7520769944412362 0.769938231068343 0.7325095630446558 0.7283873098101353 0.7268112367901163 0.7233023997135003 0.7187502788721535 0.7200061949361497 0.7287415726061518 0.7535622192821679 0.7653079874902776 0.7730876679131077 0.7884118178548406 0.751455291565986 0.7503529821375968 0.7441727008860882 0.7090631505285717 0.6581552683902824 0.6310035171479231 0.6136217391779244 0.5881183492881275 0.5782683880134698 0.5502698794878852 0.5468268755674688 0.5116484549755536
0.7140403866341444 0.6967430677915863 0.6941813077100526 0.7328668642277261 0.7820937145740406 0.795812233053044 0.7845604851824091 0.7856117689021859 0.8026346577840455 0.8305830224193487 0.8189156400615224 0.8467403409913019 0.8038726207136206 0.8014188911965201 0.7687791543068184 0.7566560921963192 0.7427200448975222 0.7706291620789482 0.7283717579136837 0.736041991773528 0.695950804121277 0.6942679073746679 0.7145408254359534 0.7279181469378039 0.7054476140996331 0.7214737867726199 0.7116400014224653 0.7377380945916484 0.7605066051788976 0.8170397313327162 0.7917848992609422 0.7485057097291479 0.7462148380261433 0.702217815503879 0.681372586165706 0.6471230988499675 0.6283276338815897 0.5875717055868682 0.5668469368964573 0.5474060080615283 0.5142897789787553 0.4894890251476288 0.4870224545417577
0.7118530466487355 0.7148338456276303 0.7069511173597118 0.735498500194678 0.7717612078967938 0.748459089355332 0.7549099020098621 0.7658952382829499 0.7912587231059202 0.7952276034057465 0.8337903467045094 0.8066740100290073 0.7819489798568631 0.7854583933290773 0.744789189822696 0.7578365214753963 0.7521084231913217 0.7398361080377989 0.7238420540300788 0.6991658696827975 0.6968202893409663 0.6921261004949226 0.7100372102134629 0.7382238694360418 0.7251080057298831 0.7243502187557568 0.7321461694764136 0.7859700774253054 0.7890768422789913 0.7840928181092616 0.795318039434552 0.7613119131189677 0.7392370121176158 0.7069284499972021 0.6998606177474089 0.6621463381044593 0.6558675697076343 0.6357159188151855 0.5716059462785698 0.5269284864733313 0.5303660680895479 0.5230988714230719 0.48852709813374734
0.6848598341094775 0.7211780013704538 0.7322844899198061 0.7517959701067771 0.7468836846803486 0.7521422931499605 0.7464065499594209 0.7713120307406841 0.7614586201707236 0.7639245243686186 0.775945563454654 0.8071514012655142 0.7606282972211694 0.719056135288469 0.7005428586087901 0.7188585224718779 0.7062584479432071 0.6685382189652931 0.6767243822718506 0.6640111356520091 0.6760624028033106 0.7097645966977344 0.7065982627398888 0.7500536552882943 0.7569826886345828 0.75067018602658 0.7664174171186574 0.8062545107141986 0.8101310132492814 0.8277649791830548 0.7720761972191251 0.7423660532412372 0.7349904493604448 0.7233338154201846 0.6836189986856637 0.6689995355864268 0.6537571355443845 0.6362900676248651 0.5651640234564512 0.5454589662506776 0.5479728627758966 0.5107279040049242 0.4913037449265927
0.6957110826552322 0.7123313652969471 0.7022174381592312 0.7358201416383 0.7660568768383721 0.7783269437220156 0.756659321902156 0.7358399256362483 0.7496021001237665 0.7670003951187565 0.765778130339332 0.746854790827563 0.7331795483076674 0.6961050917328877 0.681238828391719 0.6927979296374038 0.6802970283824107 0.6766306751920995 0.6591487101590223 0.6496823090782736 0.6672504926604761 0.7019765939055593 0.7087346201887637 0.7527995613128708 0.7592854621628173 0.7829223223989051 0.8127764629740155 0.8203842534714109 0.8199912324263371 0.8269785896031686 0.7684865755616731 0.7563673655305626 0.7432570803754429 0.7348984546711721 0.6896121915885789 0.6444497862616373 0.6435559493081582 0.6192994683964184 0.5931666419718404 0.592049720075386 0.5611808718837353 0.5262549367504982 0.49077910900939314
