Raster_benchmarking/Raster/continuous/raster-465.asc
NCOLS 100
NROWS 100
XLLCORNER 1743163.8324294232
YLLCORNER 5469294.129633516
CELLSIZE 10
NODATA_VALUE -9999
[rows 19 to 37 of 100, columns 0 to 42 of 100]
0.6037918359409816 0.6436694013427172 0.5386044744041438 0.5277991922979645 0.5201689686491917 0.5956673869568626 0.5804130657086652 0.5326559015683849 0.5234397722215033 0.4198859732987481 0.451217533844403 0.44530384739046047 0.40769459275021414 0.45709699897542233 0.45208624616593934 0.4163725237847398 0.4815345842419066 0.4356026389595097 0.5040775058712584 0.46510962067920475 0.47721866105237126 0.5287568888294433 0.586026602794251 0.5491720365479521 0.5835800508398149 0.5359712001803529 0.4860437615162663 0.5353552686787526 0.5256697235372801 0.45517074305417 0.4237642683253385 0.39356863054144886 0.4660062337969639 0.4774485711547861 0.4354339404124937 0.4536086657744581 0.48449511043137244 0.46784475204331455 0.5236486510222254 0.5066315989864655 0.43862920883463696 0.4661337882760384 0.463530671487303
0.5876884717270984 0.5660295098093916 0.5970305085880662 0.6217908266542759 0.5835334096283771 0.5909238823276787 0.6350948748762787 0.5885504222034929 0.5502056182371898 0.47978009527406756 0.4965215453707501 0.4296122667266986 0.46450817685249873 0.4864478264254873 0.47875475234532083 0.4563912539368444 0.4356748862712834 0.4842423070305506 0.4425487050671951 0.43408940166696364 0.5193479231965054 0.5659123878434702 0.5513213128302337 0.616766647468792 0.6144430041405078 0.5502437818013678 0.5296283517966638 0.5021550457136909 0.4409666159996745 0.47505100395517663 0.46346792497066897 0.414194144456562 0.4171841600789721 0.3988778837655557 0.4165969519819052 0.44372602757371077 0.49994316913341386 0.5333803442403395 0.5147140286059589 0.45202634060100627 0.46484242975339546 0.4566120254749777 0.45684731402380463
0.5974277918492396 0.6022536055268541 0.639045513414885 0.6368956886176164 0.6229701215173469 0.6548241484893841 0.6592599732051799 0.5996359338133532 0.5618493189619679 0.5673968452978093 0.49335820215791015 0.4320196140831594 0.4814433372536607 0.5269266742040577 0.553257383555044 0.49649139559058747 0.49578354913854117 0.5607246839772008 0.5025637696010443 0.4591302631557419 0.5373756932855339 0.5810583003405453 0.5650819698675065 0.6502297349543678 0.623107378778183 0.6201658499768048 0.4915451384153202 0.42237618454051795 0.4507285440673133 0.38880663356808415 0.450377725909174 0.45621484649664007 0.4499338440855652 0.39894215880695527 0.3796015731271585 0.42657224577129804 0.5116031675217422 0.5157212524990761 0.5089076174573332 0.4955005660183713 0.49156131085154625 0.4728650750055404 0.5458037714386996
0.6523122315373117 0.6169559517549853 0.6605802853147159 0.6220261574926416 0.6443710156867155 0.6402606403048076 0.5943099470334458 0.6134118718563705 0.5564446452337354 0.5668745804144921 0.48401684420592905 0.455897752575771 0.4978943754877742 0.5538089693924837 0.5572549511801286 0.5413201088707439 0.5680570388029568 0.5607951227969385 0.534820681757333 0.5096312822260944 0.5518049395888067 0.5739960450343092 0.5629782169397846 0.5927685294483584 0.5905307196928439 0.5540816416717934 0.5294876561472284 0.4819127045576859 0.4675498503743579 0.4715167429269968 0.4103309679535338 0.4108068127637444 0.3739792108532901 0.39802601830075574 0.40226680028520323 0.4272852801592815 0.5087437933458736 0.5040272001455665 0.5488580686765885 0.5467540756441436 0.48331022505183185 0.5640158321510591 0.5663453990738864
0.6475301038614505 0.6699463553747231 0.6825769543233026 0.6083443237606168 0.6870560045434924 0.6837869058846324 0.6471914944689654 0.5989713938454995 0.6064297554532557 0.5791372225893697 0.5253558114778277 0.5283329043538902 0.5220666957819114 0.536343142658639 0.505463046521132 0.5424721669062509 0.5762362650387391 0.5887260990755556 0.6232611629014 0.6017197209789836 0.5692979663228349 0.5410295257628605 0.6055312946103515 0.6266094329772627 0.6233386151532763 0.6203502116827312 0.5557733509530017 0.456233063029717 0.5169155841316849 0.49127245889199134 0.38534757157769767 0.406862242877721 0.37949389987532267 0.37946870453479714 0.40328798324531967 0.41230838750706833 0.48812557369112675 0.5250382715377787 0.5564235828982279 0.5491417896774011 0.5677136072539427 0.5868797700254487 0.5805058837427687
0.6917836374163083 0.6743859467047536 0.6807947104743971 0.6612254775066684 0.6550718305312313 0.663451795587176 0.6558636270057789 0.6508071608864171 0.6406469034830106 0.6065863496862278 0.608800869733999 0.5947867195327585 0.6216142544614829 0.5736813491347788 0.5564605701280102 0.5609785417401526 0.572422768351107 0.6031426633164869 0.6005245665571641 0.6132682853259196 0.5659174644261765 0.5715424424771958 0.5395864211073929 0.5500270683288259 0.5788115605923627 0.5790176123034165 0.5728000525467275 0.5566955676550813 0.521177305849 0.49924879597329624 0.4002115386385521 0.41055571886157055 0.37670231245583397 0.4546298942114048 0.459725809182085 0.47972499387309847 0.4954414827416187 0.45549460455048935 0.45235113564773843 0.4479784790135374 0.48590904476334873 0.48336114019022597 0.5156793117034607
0.6890625373311076 0.7408495644700082 0.7135658411036165 0.6963564377141872 0.7377235544336666 0.7323125740063977 0.7062191234529411 0.739949174855094 0.7520808555705087 0.7385588617581896 0.6770677854665228 0.7220900994149052 0.6244160154422621 0.6084707531229266 0.6721593911915624 0.7017296852529609 0.6523855342035617 0.5641866643375034 0.5612101729035676 0.52801449692623 0.5747572784872257 0.5285305584150951 0.5669964714245748 0.5663008760535027 0.5658812471493915 0.6340990649500649 0.5357187368869394 0.5517616883129216 0.4890788742989979 0.4212213712567415 0.4506180109329669 0.42228682238485177 0.3830217183193224 0.4473567941258132 0.4572970959189736 0.4598792742249449 0.4302188984489385 0.42957638304560614 0.41847889426707147 0.43841195765945007 0.42995007650517264 0.4507957871666541 0.5402871608063393
0.6848764223511618 0.7321020270842803 0.7068545970536515 0.734153406022912 0.7396997633631697 0.7595534798503729 0.7979238230569317 0.8083210431470045 0.7839328831339925 0.7797606857564452 0.7063512878778485 0.7009010579768747 0.637983611377917 0.6741642615131447 0.7169855434185832 0.7164994071021107 0.6771797314473142 0.6656845249698434 0.5994058013060674 0.5854382775653469 0.6072536683486165 0.5772193648453414 0.49761546142147256 0.5608423045047221 0.5494355193300954 0.5514534532930504 0.5382634059223009 0.4764005746500631 0.4492546378699911 0.43411081234045007 0.42069312354046345 0.4117974507154845 0.4309608423846147 0.4352144648583706 0.4654311286487443 0.4741538463368904 0.4428469624659282 0.4262503487281743 0.4043898687398896 0.44457998366391976 0.3903722299970566 0.42649185581984655 0.5012345481942575
0.6981609637873827 0.7319627675534465 0.7477435356001512 0.8117903109038782 0.7633805008416713 0.774064385842268 0.844350498928407 0.8358827673497786 0.838197163903579 0.8111150908997329 0.7741561085984955 0.7003168514218885 0.6524094747086038 0.6923097129318067 0.7421064316240672 0.7631654346678061 0.7507735153081628 0.7125246970264472 0.6612870571499395 0.7112551458387316 0.6652020497545875 0.5604152552510606 0.5541352882685034 0.5023232884334394 0.528226497835452 0.604077432778856 0.5885577830449648 0.5019321849079488 0.5020929145061828 0.4633736872615996 0.4663454701986767 0.4314293255284105 0.44159393904104377 0.42403732169838226 0.43771561670371856 0.4721671466615858 0.4498834301211279 0.41511737803667736 0.4133459217263417 0.3839025917019329 0.43690600320577816 0.43233226650613277 0.4362863475283505
0.6544231022029229 0.7562692989696078 0.7960968419364397 0.7906796467821515 0.8128821175148888 0.7821624122768187 0.8073692883671556 0.8066071956208475 0.8052836690142633 0.8062367505454664 0.7349278816731905 0.6937082693053722 0.7508102665138795 0.6959409464886085 0.7239008553589891 0.7622309583624033 0.7413628929362549 0.7204590880892526 0.7553652600182025 0.7245964550684365 0.6902482262759295 0.6087377929422867 0.5456788306126477 0.5386131574849803 0.6049646801400175 0.6156747761965237 0.6032871058306186 0.520147246981649 0.49374223923739163 0.5059689910134011 0.41054851201180775 0.4298465662149705 0.4487335803398579 0.45050468557925216 0.49950472393655815 0.4542903674786318 0.47432799077230553 0.3975434005144908 0.4252103216890388 0.43186387908541796 0.4418626078575707 0.4262793127779819 0.44490332793119197
0.6796032384160601 0.730230931602723 0.752867694943782 0.8197196142839067 0.8315530860826853 0.822219517722219 0.815359764423399 0.832182295347685 0.808876751456038 0.8101886462422462 0.7522822592749462 0.7310782225239147 0.7230448631803551 0.7202391392473724 0.7671503873209112 0.8307625944994621 0.8038966367387599 0.7917411680027228 0.7462942119142834 0.7734669615606864 0.7005749622962935 0.6958537531634609 0.6116315197264934 0.5452179875176789 0.6310525729002215 0.6418126219592107 0.6333037055744363 0.6114407282054194 0.5155103820053322 0.5308418009612481 0.4451465147856729 0.3771065823173522 0.3858996145295136 0.47511755313296056 0.44691908103260647 0.5192241972365298 0.44287618715551175 0.42448125339305376 0.43237660470643635 0.5047036451708865 0.5068469427135123 0.4373914404767112 0.3984373711583824
0.7411750480483825 0.7228580349379397 0.7507251222832244 0.754994962106371 0.8087292268346914 0.8604443830420818 0.8409625875110535 0.8267898270929568 0.8032072915779727 0.7921156285344167 0.7790374805513338 0.714879919458146 0.7076642208303928 0.7793640060789486 0.7591887040910548 0.8363216763029565 0.7958846832078654 0.8491341448283313 0.8064310388867316 0.8188733908238655 0.7542847702005806 0.6569264623732117 0.6405918559906607 0.6274311597837647 0.6007670681040345 0.5992544803040167 0.6000175238007962 0.5379560582625781 0.49366304997114907 0.4710834272238396 0.4738935241989803 0.44473043744077706 0.4112338020258142 0.4470308420595402 0.4378339901896894 0.41589837373340444 0.4261187962894294 0.4543761017828117 0.4789960188944153 0.4494971438850866 0.48327633501700595 0.40001077041713123 0.44252005160683167
0.7671708205480461 0.672744458430879 0.7499666995593613 0.7468381494703349 0.8420935866852953 0.8416205685378862 0.8575667474913948 0.8987840579611845 0.8503022371143154 0.783564596139239 0.7687792224123801 0.7554628894620502 0.7685268170783848 0.7871360266195001 0.8140249408856436 0.8601346175597829 0.868615068514075 0.8616055626676701 0.84261609222537 0.8147864551932761 0.7761061112503803 0.6711982091372478 0.6404985513764215 0.5636099068006124 0.5503852930288338 0.5756808339411829 0.5855452128132014 0.5107052987096212 0.4431090484564094 0.41422183901717363 0.4187778632506601 0.4225888343185584 0.39551707052440044 0.4121452159435924 0.44198468489436415 0.4354752456675719 0.39709156354957326 0.40950910339101954 0.40134268601183676 0.4183341642371151 0.469275610139452 0.4091466415590288 0.4330603554240795
0.7450860029850909 0.7510628963632836 0.7382126409191558 0.7815803829946826 0.8359029321270146 0.8382553638272082 0.8995323148343622 0.8698811692151547 0.8561893151522655 0.8381860681615533 0.8576894411522118 0.8440536050306923 0.8546333151468849 0.8618758074581064 0.8747424714368445 0.817897804082969 0.8384250525027719 0.8446089288636113 0.864409874945183 0.7533200505512102 0.7592898026044979 0.639217243374817 0.615738307457143 0.6016975000897222 0.5682926990687536 0.6122590781661547 0.576569830979665 0.5434811249651138 0.42310718761042937 0.38524927871359854 0.4259512803378971 0.38187743930585955 0.4169378610140165 0.3924191513590747 0.4241321541061538 0.4248272970224721 0.4126145803686514 0.3573479332510353 0.39491910991735574 0.4681936515102086 0.42499261644661085 0.4511387452267937 0.39023630322109226
0.8012475679829426 0.7232364670068072 0.7515212780889186 0.7460494357250802 0.8598530285270319 0.8765538218822401 0.9113020746582287 0.8666902539298152 0.8246967384643575 0.853278129974071 0.8717842082725664 0.8707241576961422 0.9322532191891404 0.8989530308384054 0.9045434169513671 0.8637480049575323 0.9095057427342492 0.9100258882523831 0.8277057148882835 0.7485963460424356 0.709415217752663 0.6620164974741694 0.5832053103966395 0.5197784606240433 0.530763774568551 0.5609510205421566 0.5272289825926644 0.500672826841812 0.49291990092831584 0.41109525476053715 0.354031192511443 0.3112141270269563 0.3477545215952866 0.39793003538696425 0.4067116896981527 0.35036214303667046 0.3916072983920983 0.345266742140675 0.40636674277765966 0.49823410236779636 0.46651227691403296 0.4186434622361114 0.4187480989603445
0.8247694736812772 0.7756446147945225 0.7617491427307377 0.7515591853426298 0.8577145608936004 0.8445648633939054 0.9143152821692958 0.8796811424257027 0.8650995476969054 0.8692124434082289 0.9127592768911758 0.9413350661503267 0.9447372320728349 0.9404260779344423 0.8732857981670978 0.8656835168108047 0.8538371359306958 0.8697296512525399 0.8110554234242261 0.7910379964325949 0.6955689672322545 0.6962743871674194 0.6260452564436779 0.5802888219366654 0.6024302030471886 0.5452380190854511 0.522553162838437 0.49744235122004343 0.5083219144040189 0.46590771641893425 0.3862064721091086 0.4210192114369068 0.38799062310075433 0.39926759767334863 0.3731223860962342 0.35446125942407003 0.39292576779246724 0.36200722625306114 0.42285800082335934 0.4027125063238256 0.43785434558584624 0.3913852721158642 0.3778360174841002
0.8467519542621107 0.8210182639224199 0.7665793496592967 0.8102522929819923 0.8313574629036736 0.839070964344395 0.865870287253706 0.9375069603727512 0.8798182387578695 0.8711138748257127 0.9420696983199202 0.9680590660834794 0.934058054599977 0.9333784046586844 0.8962952939941369 0.8745398583146791 0.8760949395651348 0.8779892938984514 0.7878142588742372 0.7611621877848334 0.7673047094966617 0.7490655833174978 0.7076208381100392 0.7096365189197258 0.6553865637903201 0.6135129619993527 0.5888609787200179 0.48899460676266876 0.5520124889291305 0.49391523652184854 0.48553299272105704 0.434399447574494 0.37725974509556 0.33901420357301065 0.38275755449245835 0.3816654116332022 0.3842121719396601 0.36339695402825745 0.4107864622019072 0.3580884730957604 0.4260915177302077 0.38520745567912673 0.34859408056400204
0.821252194834806 0.8091209022472389 0.8273315622662322 0.8308075907603162 0.8820619746744742 0.885436534639384 0.9310441082653527 0.9423121048997875 0.9271721771836816 0.9388643290105853 0.8896136281076775 0.9115220009856402 0.907072151921586 0.9063028085787804 0.8985550789979853 0.861673769848782 0.8479244505322788 0.8620583596214833 0.7980123537677849 0.8017555001561102 0.7547631415796338 0.7304399542795089 0.7127744027015419 0.7436440247097142 0.6894178488635331 0.6592907966750057 0.5871974576169007 0.5432292713314024 0.5507552460209629 0.5457337662589284 0.4944793018203631 0.40785605987708806 0.3590089571760316 0.38690238288053763 0.43379248980135127 0.43806088708301927 0.4073412916678319 0.34521944152864625 0.3506739714187302 0.3420551742101659 0.35156473421459633 0.3702581067347935 0.334680187275428
0.7914219869514554 0.759389554117563 0.8225526169191328 0.770363526828033 0.8841486469466485 0.9444500743892715 0.9007691057064549 0.934811995731964 0.9435442394427196 0.9150543096733587 0.9428826447312424 0.9220137017640838 0.8538731862958393 0.8328438466450123 0.8308256143396298 0.8739507429049672 0.8118524395107053 0.828289465048729 0.781469218402093 0.7355540175644859 0.6917348887950203 0.6942757336081199 0.6579108990106254 0.7326003243959907 0.6768101365052803 0.6409717161737226 0.5976217458725602 0.5728193048691868 0.5400505983961198 0.4887934501807468 0.4306420844296541 0.4021543694157876 0.4110207894161905 0.4066669974118291 0.4730324167625634 0.45327204697594864 0.3953062740952973 0.34359609397551283 0.39108344507942794 0.3112711622772508 0.3713419569240588 0.30808895146617477 0.3438521500490357
