Raster_benchmarking/Raster/continuous/raster-179.asc
NCOLS 100
NROWS 100
XLLCORNER 1743166.4143638047
YLLCORNER 5469295.4443423
CELLSIZE 10
NODATA_VALUE -9999
[rows 76 to 94 of 100, columns 43 to 85 of 100]
0.3882172261681031 0.36319763631254337 0.3121735615911804 0.34281637888115635 0.3662054043778636 0.3369803341575999 0.35254079992430426 0.3949835213908897 0.42811120909431194 0.41423991117591075 0.4415654297126957 0.4625082679711392 0.5408338589833148 0.5297752456977514 0.5239491931553081 0.5424617101719094 0.5650343994676104 0.5609151601724786 0.5528522715935364 0.563778423657289 0.596465905232468 0.6126273399045471 0.6185649533491457 0.6205890145684532 0.6042627994554266 0.596721591914914 0.612244582154964 0.5949197759815491 0.6337035227633828 0.6599819981051221 0.630930907176147 0.6551148719604722 0.6463773923369505 0.6396107902842929 0.6399695379738439 0.6271454485155578 0.6412603789673943 0.6765876815837344 0.6418988371772915 0.6326546355303394 0.6585333327325098 0.6211923359683257 0.6134271098835301
0.3879138701297326 0.3448230834074713 0.3641453427891076 0.3588975757893273 0.33736805914400014 0.37000907651260917 0.37305007367509313 0.3880983280039013 0.4377627579107114 0.44329511799810833 0.4931298789120156 0.49834690755899025 0.5094329443509592 0.4977532973342198 0.5423646215217623 0.5580836883794598 0.5742161286531591 0.5379554899952248 0.5448240187980878 0.5261071948123072 0.5298126736957443 0.568655611708013 0.5823712763406601 0.567854641597639 0.5445184588205929 0.5395141240665353 0.5751816237579929 0.5944171015356593 0.5931206571135882 0.6169842592137587 0.6091580268400191 0.6405132981619649 0.6291491279536605 0.6783353464200025 0.6501039118717655 0.6561562134559082 0.6935918413838645 0.6643557719208686 0.6603693574229398 0.6398654680213282 0.6257703586030042 0.6273996053483117 0.6149666656747549
0.4098266997995555 0.3336774469425815 0.3590590622590944 0.32557352983595433 0.28100436337042134 0.34018022080239063 0.3580546176292102 0.3757045873811512 0.38138987831472493 0.4421893278427932 0.4857057165095663 0.4912572535812199 0.5343095367128302 0.5017427503068559 0.47823809654005744 0.5254393956979581 0.5706151571080674 0.5459288710345696 0.5697109070869818 0.538994547369239 0.4497556786326406 0.5358410309570443 0.5534220683858672 0.5107328344811956 0.5150794463607326 0.4996588978580218 0.4918566864181871 0.5626812472086891 0.5594265581614081 0.5817149607260576 0.6098109555205298 0.6366740217553692 0.6606868969656328 0.6731884638738356 0.6819732480095057 0.6818174610028273 0.6933363022473732 0.7063135627324516 0.6697698004514007 0.620948012573963 0.6021502781101686 0.6101698829978405 0.6189363857804946
0.40522047882174844 0.3408449085433303 0.3143501326487607 0.3196026161197662 0.3003428551137697 0.30018794742678495 0.31300783345726935 0.3666165287229597 0.40897912580227025 0.42572357269215605 0.4372678527570822 0.45484252390990293 0.5306398281999036 0.5184209562684321 0.5189313132981686 0.52852441982493 0.545826650157757 0.5408488449790473 0.5116765711549182 0.5091714353064029 0.46253895389291094 0.48739994201022935 0.49741509593209826 0.4800262358353771 0.5230659896301287 0.502530528165656 0.5074439520134376 0.5003401590087241 0.5120534582827487 0.5700924642143252 0.563545134220382 0.5795413976857601 0.6169821429399651 0.6153020849421594 0.6414150812071355 0.6476900783791438 0.6978781481307432 0.6924301961296266 0.6369227224844086 0.6325008177728102 0.6537753794505222 0.6187690783475843 0.6188529122351318
0.3636942236402695 0.3327071083260536 0.2984459518854214 0.2865532122206493 0.2561521026165696 0.32867813543202884 0.3472665031333798 0.38808939151485006 0.37945051552797343 0.3906932192531542 0.39376419480984304 0.48666829621378915 0.5122253709503299 0.5245300675529644 0.4849593778366884 0.5384702340454204 0.5352096514487769 0.529689055418451 0.518455817016747 0.43052345164148953 0.3949516842186539 0.4290937015922993 0.4356500183888366 0.4641287438823554 0.5172288776930657 0.45344670116341074 0.4734803104730044 0.4711349098848378 0.5107607867283754 0.5220910822882932 0.5102391527708543 0.5127079564657762 0.5292582344298822 0.5252808878272341 0.5758648431624079 0.6465621134679224 0.6561143012967888 0.6594212411327764 0.6665648302222595 0.6781332411111691 0.6973658227126719 0.6719557275322819 0.6501403310967154
0.3539904777670616 0.31453174638133147 0.28428911553405944 0.29349385573018627 0.2531778114876511 0.294774234215576 0.33654252866898404 0.34094177243617446 0.3183066077094282 0.34292509144237443 0.419761008867634 0.4783886901998291 0.4982454073267118 0.5153314380125366 0.5215213302803959 0.4938511265543984 0.49410115679711486 0.4878321634883464 0.47966330401699525 0.42103397016959154 0.36965011836527917 0.38633815992025416 0.39395706532505265 0.4371308996836926 0.4495958992733188 0.4341709551734201 0.4330298205176506 0.44874290016747415 0.44686093034426216 0.46758149439025537 0.45825645502591245 0.5009109904305823 0.5080620806974092 0.4975822591716274 0.5771312937024119 0.5894861931591453 0.6409627085956501 0.608010639760854 0.6264502055896543 0.6331341050161681 0.6837784069217906 0.656643661936366 0.6824001159289529
0.39222113568320005 0.3661432293134126 0.3184867429074385 0.2658067045454176 0.27636711542592385 0.2845244926278521 0.26432562542405175 0.31656564145502863 0.28536865552245017 0.3327256946708962 0.40332640242700624 0.4572007659393247 0.4850163447175851 0.5118185811237798 0.5048266606058881 0.5394106642951313 0.5344272030300148 0.5218992950263783 0.4774216252261099 0.40902599415375185 0.3747637639820159 0.3945715616270232 0.36191769484015096 0.3925190570173982 0.45331580112277253 0.3978115039709515 0.3767559708036619 0.39930065124066866 0.4183777709999054 0.43792650808388117 0.43112823021788743 0.4386447137841789 0.4310735649960589 0.4971911120979954 0.5480729638365229 0.5668056960780061 0.5915032427933136 0.5957312044347216 0.5857945021432738 0.5970397341170292 0.6673695410416303 0.6878688682182618 0.6820930245886773
0.33619014556018123 0.36061127508069774 0.29558867074922907 0.29466074462777925 0.2625624456097769 0.2672797927030215 0.2584085027405524 0.28191132903606503 0.29679656401211535 0.329460204626941 0.3573225700536379 0.4372156681036264 0.4722180998369114 0.4465203840935375 0.5162976146131951 0.5221300837375674 0.4823533381143228 0.4733009834458306 0.44835086589191064 0.38424604007658736 0.34634089932291195 0.36411639315621247 0.36026298238647125 0.4113250141220655 0.4416404347472658 0.41578672288691937 0.4096579424341371 0.38194487975493707 0.3944721157872969 0.4219282582064076 0.44764420419081324 0.4218762523630399 0.4721708519654898 0.5026878108801307 0.5558689972104846 0.5724734240465327 0.5355476043171074 0.5469260685800001 0.5735227413141806 0.5955395011723917 0.6110083123273354 0.6565995064955081 0.6747140489856855
0.3363574686474513 0.3562787921979365 0.3178865164975101 0.3204764914866642 0.3020533829205069 0.3090229714836076 0.2944122990522561 0.32344067118197056 0.3307048357657087 0.3377351178423454 0.3653754875742057 0.43345891233478107 0.4226283973360824 0.43612136971503995 0.4761713300895898 0.504811686737913 0.48256858768534333 0.47223437611685454 0.42052271091263055 0.4193326377190652 0.3481933686914707 0.3424844773455842 0.36687450396924587 0.3796063076920562 0.4171857433277083 0.40405641547685206 0.3492260523802493 0.3775148987594103 0.4104704373826321 0.4137678605808985 0.40263174255863804 0.423660406179876 0.4374131618699438 0.4737667010975281 0.5274021018320174 0.5611019803509771 0.5482869302268136 0.58345216494418 0.56753575675912 0.61296347229415 0.6138396987764366 0.6520131836735479 0.6357991780691817
0.3215276997651509 0.33385878802089547 0.3518917278116956 0.3584840024498431 0.3272186123079436 0.32188725582716776 0.30769828813429645 0.28255152981153864 0.2988572290063882 0.3062076622326853 0.35630851114007267 0.4056772386906135 0.3704552895399275 0.3805578630933868 0.3979715560347624 0.4232947080189249 0.4118820309588327 0.4135401219627404 0.3978618985256354 0.4045637902518509 0.3731953687870999 0.3651751952481371 0.3842167172865789 0.3742994364365828 0.40805965060709193 0.3894061637193867 0.3411981372775232 0.3452196865556286 0.365643167540329 0.3557640392504727 0.3987541729566201 0.4136090276327891 0.4203123686209583 0.43848518584321167 0.4771999835410648 0.5265031136332748 0.5356827587949408 0.5682137093275049 0.5797090789461643 0.5747764194096956 0.5915993622365625 0.6233078218901887 0.62194586014755
0.2511410235528598 0.295159523696821 0.34692326385638367 0.335447146881836 0.371489268517495 0.3616657604667389 0.3179985178570522 0.3257205376920614 0.2882172759307092 0.32025099340579394 0.35494991111713603 0.362992046069596 0.3647994689116397 0.3655773729754512 0.35624368175016174 0.4131161047304006 0.35974644973494346 0.4140109416177972 0.38428946965974853 0.37962937368741506 0.36708559426071985 0.3343988680374784 0.3636164500733805 0.3850374862926184 0.40025912618761267 0.3551133228234835 0.3623807163509714 0.37646553167208996 0.33090936283636085 0.3565053735425933 0.34312243806238213 0.38827100690570404 0.38219100401063466 0.4197887135111204 0.45570861287489733 0.5119568987464979 0.5333981545923843 0.5136760364440298 0.5169532261178731 0.5438492474503329 0.5792024049180224 0.5743798953285933 0.5486572285974801
0.2525363555078968 0.3034242669967843 0.3398140466613115 0.31946848587577786 0.3645655479562216 0.33612462123942977 0.3718934529037247 0.3758521122845969 0.3758579150483583 0.33297603307134643 0.34048724331356384 0.3207983205978836 0.35366462695467293 0.36616823187120395 0.38341143027748725 0.40679990842692726 0.416449075109712 0.4099261114775018 0.4184072268201444 0.41786032966304154 0.40774352709096784 0.36023567786810984 0.4034265082659079 0.39851898747693043 0.38666514928109563 0.3656392790603735 0.38030218225619483 0.364418324728197 0.36589653651121323 0.37293133650068955 0.4073054000745889 0.39026259567543603 0.3987653506472141 0.4037559611825416 0.4240730849192756 0.49897127465483226 0.48560077142048413 0.5144796182124114 0.5341754644998273 0.531562856175445 0.573141383484948 0.5719810130001739 0.5870647620065502
0.2481763938021394 0.28230996618008464 0.33137879974419343 0.31323243632374553 0.31217840065460317 0.35924958282825153 0.38675906184816683 0.3855277802375037 0.3884864471855717 0.3760120146469325 0.35047804573557 0.35458719714859116 0.33091117212320065 0.3233555113427571 0.36310598144696027 0.4228776867999439 0.4486927379006393 0.4588141789174916 0.46639082392245096 0.4619878163923648 0.3990677595906374 0.3952829168730843 0.38759499110316037 0.3890507019331266 0.3467037272513305 0.35752561701721336 0.36338945398066363 0.3491855764744311 0.32889452115820117 0.3451150826506496 0.40360893514775453 0.3404679477866385 0.3377067109318545 0.36747458604060634 0.4488795417490916 0.4479499650020854 0.4914132065546984 0.46541731290366856 0.4796816036464322 0.5277358341655061 0.5837156751790228 0.6152973910082591 0.5782773569170028
0.3100411440036359 0.30367278157709104 0.31676120625533544 0.3427601588836804 0.32521752830284917 0.3367604962266182 0.38948251796534655 0.3990079846799891 0.3976158211392211 0.41701646121133384 0.3970576188497981 0.35430835629822777 0.3145089176775237 0.344326833351805 0.34777040937182163 0.40546902185301115 0.46310114310702954 0.4721548561494313 0.47800816341661295 0.456967162706457 0.4748465162732686 0.4557468836555796 0.4171439763233273 0.3788437621802807 0.36088767117788595 0.3766847888231288 0.3501285674130141 0.3755394964547859 0.35778839653871564 0.3731060741521694 0.3414700703781494 0.3366851354428421 0.31812604097881875 0.38534586231917317 0.391381222379007 0.4333168989199632 0.4346614061033364 0.4410198664337867 0.4728188402071818 0.5479459199447458 0.5554004456646613 0.6066332404019796 0.5929263549845172
0.2579213409483558 0.3234625527897064 0.3655715321233403 0.35580444795835003 0.3473201827714703 0.3847094019685609 0.38422325776224636 0.39727360259530503 0.42931099530530986 0.40178530428399306 0.3840960008427487 0.3282819379561099 0.30762129376843317 0.33685552883200437 0.3973176586660976 0.42226845903617355 0.4815861264800887 0.4921338374933652 0.4878917315594682 0.5011726393046738 0.5129296962604571 0.4737768471234313 0.4189232540333026 0.3857821575026608 0.4303834390045169 0.38438661120864936 0.3859639097051431 0.3608467260936792 0.3811811295599368 0.3826732537546223 0.3304308649921792 0.3241655904719922 0.3231879448996445 0.37836627215408614 0.3800299139480165 0.41032968777110407 0.42232178322363845 0.45618262894880923 0.44424530105008986 0.5368318223675842 0.5730542402469094 0.5764577747441064 0.5970942954563732
0.3169656302456685 0.33801898286989723 0.3345393385150629 0.36998354130068184 0.34800162957032266 0.3674317042793744 0.39302392369705363 0.42122532857622036 0.41841542698630935 0.39625535134181705 0.3984158774372374 0.36576998421083 0.3717515791361921 0.3641968342006972 0.36744955961732345 0.4138996544844577 0.45674347748072136 0.43505305621584206 0.46548211015898594 0.4637539994687166 0.46441777784741145 0.4521115062844901 0.4163885293659916 0.4014595818743194 0.39563210525269527 0.4350563110607162 0.4025484084475593 0.37805251107571564 0.3748162914609342 0.3519422249293723 0.3532514475760651 0.3412067314920176 0.32112009547239045 0.3276023485279039 0.34380706589689625 0.37617833359528874 0.39177346124806994 0.423924965432891 0.4481367177538902 0.485924453191147 0.5575668564823734 0.5355596924534138 0.5671265602879205
0.2997927578889385 0.3078779863711477 0.3199366288493553 0.3580830714225079 0.3323459946980966 0.3693191700559711 0.3979428192097066 0.4411306654699728 0.41213000524339444 0.4023437769888404 0.394766920446828 0.38193517315488007 0.3825635459042325 0.40558052533957556 0.4107786003474717 0.3850757596166552 0.4148814197124376 0.3837909710046252 0.41152198928367234 0.4159010613590293 0.448905517676358 0.42814075479198416 0.40442185665543523 0.40485659205432944 0.38203651236409203 0.4127129269947514 0.45212097139094815 0.425120444454528 0.4104666540839678 0.39398235678996124 0.3592066124548645 0.31880003882675884 0.2894563698592281 0.3012771267155089 0.32648969369588193 0.3627804616756328 0.39984807096118463 0.4208184280540802 0.4489171909038123 0.48269505121159706 0.5253853018054734 0.5093215309848196 0.5508131800200136
0.3103149854005375 0.34291650766144377 0.331261608707598 0.33372758827391913 0.38022047313992446 0.38580024614855796 0.46204323273510717 0.46526253777206455 0.4798560963913006 0.47374757980890203 0.4474309345353799 0.4084344400028826 0.36489539764919615 0.4015304708205455 0.3811287139665811 0.38437771333985454 0.38491958463789133 0.38388482215945974 0.4057458905103844 0.3896872425209363 0.43152589649413403 0.40078279552682444 0.4167865149491909 0.42945938120391686 0.3959188044390425 0.41333828445529347 0.44904465604354193 0.4367213211195911 0.4336839859209861 0.39178828099157564 0.3726184088915365 0.3645734501811701 0.3291027832724454 0.32490747382921886 0.35922560972973444 0.3409777778539779 0.3665251163852039 0.38036714659469745 0.3927762465123145 0.4649721013223837 0.5132999644289482 0.5098069598308858 0.5198140042012596
0.3816020924862906 0.33802538792558895 0.3394986662146657 0.38298092971015996 0.41439293904619534 0.43181612145110027 0.4924991440225794 0.4639037512205656 0.4776889771168849 0.465182128712104 0.495618592470848 0.4391152556668028 0.38336096347013066 0.380147265935537 0.3875710643433926 0.4261058487501826 0.43355293766823627 0.43199259256354317 0.39171243830072816 0.38649571702413416 0.4162571247987644 0.40235642028013396 0.4400512616014148 0.4158084863400223 0.4184437438941726 0.4266433990114775 0.4199933687856529 0.4133038727223583 0.38297575563213615 0.4279599359975897 0.4098813654079537 0.37751218990555646 0.34971456431636433 0.34466795125323774 0.3379977326115138 0.33154493933039686 0.3375447807627771 0.37697773783041594 0.3991193189408698 0.4450773183390218 0.4420691491373407 0.47238345594405423 0.44448424333003145
