Raster_benchmarking/Raster/continuous/raster-217.asc
NCOLS 100
NROWS 100
XLLCORNER 1743162.0497511257
YLLCORNER 5469286.913575054
CELLSIZE 10
NODATA_VALUE -9999
[rows 19 to 37 of 100, columns 43 to 85 of 100]
0.5919176813550272 0.6063930466057103 0.5746875902964388 0.6011769766238899 0.6225330103458842 0.5965082292060325 0.5932764946636271 0.5742163241874333 0.5474707724292466 0.5125728162833172 0.5177575650345235 0.5165944509926342 0.5454978468377206 0.4838325605617413 0.45390330863712547 0.4448870643810711 0.4478993478451051 0.4487936189613979 0.41746696058015476 0.43722627111043105 0.49239111017262327 0.49619698896549275 0.5344886090775054 0.5371028842323515 0.5095508311595415 0.49880325212964943 0.5625796976673306 0.5866060557486678 0.6108821056908219 0.6010479483312485 0.5743556806418482 0.5580598797344065 0.5744261549585402 0.5822158229001987 0.6131086897215974 0.630535968337813 0.6684440165726151 0.720293302938522 0.7399083214014347 0.7217483513187688 0.7708440936393988 0.7593582831711028 0.7651673415866063
0.570278775804549 0.5703601893911355 0.6082178837785855 0.5822010552145608 0.588957407719219 0.5960894056950521 0.5748405871761819 0.5884047193860289 0.5398327627344017 0.5128752949649513 0.4914148678493678 0.5078949001680076 0.517057824032991 0.502236675054679 0.46848111696054795 0.4433588450753576 0.4494077901611632 0.4610052110326472 0.4140230251027065 0.4416781962302006 0.4754767582370795 0.4863316669282722 0.5050880762786811 0.5469501135908675 0.5511254312746331 0.5147054954464373 0.5190116440069793 0.552532982915036 0.549102527076015 0.5528522181022455 0.5923267309724108 0.570441552152672 0.5903773588830211 0.618247607497242 0.6199104643890706 0.6506423891766379 0.6375726812613515 0.7026921232010912 0.697286960015985 0.7363367002829905 0.7430496378753904 0.7752494909821263 0.7852232258745709
0.5551555557565298 0.5614469299277377 0.6162099213016551 0.5622685318701053 0.5843581884797152 0.5593509975696903 0.5732474815032049 0.5628539177629044 0.5487677168339044 0.5339547549869931 0.5239689374654801 0.5180866298360687 0.5341722502922994 0.4845755276392844 0.462753556301832 0.4601482665096774 0.5011941279647568 0.4610639269744139 0.432757693800089 0.43373850946560083 0.4620016820572746 0.4588304654065164 0.5158583396758463 0.5415509823135505 0.5509803524006959 0.5085367181967033 0.5184628971800245 0.5289567814997896 0.5329022488086779 0.5527255129756399 0.5976508559687858 0.5897475050719536 0.5747347601767887 0.5987993855411933 0.6081743858110782 0.6169492002068363 0.6150561186206619 0.6773185963409721 0.6900863172921234 0.7263623191010302 0.7299960310538289 0.769843054638702 0.7879068901372395
0.565985201656256 0.5301915720145309 0.5328593418778019 0.5666759747411093 0.5832677872004635 0.5761973941377695 0.531877980087714 0.5353857890980959 0.499623152638867 0.48482727379847446 0.4807513335627074 0.4910904934127506 0.4660291891128945 0.4802341069231033 0.43201507920902094 0.4612480877568565 0.4685998117291574 0.4922795902234042 0.4477787127642094 0.41831109581237846 0.4194428315704388 0.4760187991467113 0.5132919405214567 0.5223524579317801 0.5087108641348284 0.5427630207560514 0.5211562360218167 0.5060138642575294 0.5420648463210527 0.5534227911219045 0.5537740701542634 0.584816018649923 0.6026965853692278 0.6003922999829904 0.6216198481563824 0.6336767300264216 0.6459618835979591 0.672931064551768 0.7259998833902973 0.7173801172831048 0.7059216526696028 0.726258332682815 0.8021367092021698
0.5325201845251578 0.5484269265141044 0.5166814499486813 0.5407050175233882 0.5856227205192519 0.5634586318764266 0.5172981309325291 0.4848408556855037 0.4878990125830451 0.48063736733420254 0.4400246403373597 0.4735063642922323 0.4361717821124289 0.44214378635483953 0.42656115565860203 0.44648892184704825 0.4921764834960125 0.5001494964753067 0.4587043866787683 0.40482186911587803 0.3815109045160901 0.4078964811184862 0.44185834235984295 0.47914215341503336 0.512109855917655 0.5250966959353353 0.49354245399649205 0.5145289748278595 0.5065376671762415 0.5535964207453957 0.5267769348238176 0.5465730349611538 0.5679714246214244 0.6196921040446602 0.615539415736893 0.6021539676260463 0.6284233958924896 0.6898159065156808 0.7224189302750862 0.7421645820622498 0.718080976111446 0.7383945204549669 0.7640092639324014
0.5298496994034825 0.5536075024917796 0.4988099023696411 0.519700503296264 0.5489566969675128 0.5165913491703871 0.507538033859637 0.47130512820612674 0.4782854985681157 0.453773895382579 0.4711589046470534 0.44571348045869746 0.4791266847191045 0.4572982449075471 0.4485003702880391 0.4381899552691127 0.47701100232155863 0.45488045173627273 0.4218121883728523 0.4151534338641898 0.38888660186714 0.3892540586748897 0.4105996993921231 0.4546938444832155 0.46525023630192824 0.5131183071779962 0.5039625672906398 0.5415169576372545 0.5229699086558001 0.5596258552262602 0.5669219947469153 0.5758260277279288 0.5947465773105269 0.5907363064797269 0.6010532535136539 0.6268809776884289 0.6202187889406434 0.6494918867374179 0.6982113603905616 0.7295692779768125 0.7580184952655097 0.7517468557744977 0.7546184201972298
0.5527563552981654 0.5277618577604689 0.5115560089301927 0.5292920347296606 0.5588002684515209 0.5242405667964324 0.4865171978159553 0.4391729424134879 0.4320069922671292 0.4385742626540408 0.4405129873093339 0.437911790847661 0.47070742044848807 0.4570389301891684 0.44126048491725334 0.46510338489360653 0.46658542471170583 0.46826051598915974 0.4426438788739182 0.44350005481317534 0.4330232515718703 0.4068013900065523 0.40553600550242197 0.4411673330112578 0.4445469201717402 0.5059016948187527 0.5156902535956844 0.533473185043317 0.56132878021614 0.5318566363897402 0.5623837404217418 0.5567927492878381 0.5428551158235789 0.5631446979027708 0.5841259471872277 0.623921282274397 0.6417066154623209 0.6485958682541383 0.698143681768029 0.7433372209896272 0.7488971306410821 0.7610274787576217 0.7488399996693745
0.5039738694055064 0.5159289641603167 0.4970972437858293 0.5179228086359409 0.5531527879816246 0.5347669496384853 0.4991590651295301 0.42872531696682054 0.456188243686631 0.44063873366859335 0.47094377138515064 0.46769672125072825 0.4585029818509127 0.46530916553583823 0.4497370629043602 0.45774161366082794 0.42531092397801523 0.455477568967135 0.41997815812435024 0.45207334297722 0.45936744540084845 0.4177574376073512 0.4410992866572643 0.4378743993559343 0.458780803105931 0.48426940242601213 0.5142275602723084 0.5383423210831181 0.5345988269820234 0.5254633671741044 0.5448090312853546 0.5383577697182226 0.5493780980466246 0.5984431116868448 0.6447696125999617 0.6688069329190375 0.6799141157268802 0.6547391381091009 0.6972185443293695 0.7089930351228141 0.743568233752821 0.7341338551933212 0.7263469617612066
0.5172036407233895 0.5162282972721501 0.506799388229175 0.5178274148820358 0.5275454388539752 0.4774745281980356 0.4639765212774763 0.4581729263993486 0.4257851435405198 0.41496728704669805 0.448498039166986 0.45269822655588826 0.42290618963284765 0.4516063707966874 0.426252050626022 0.42288141454668393 0.4255073358126075 0.4194571188865602 0.41562879882495096 0.4150539089054777 0.4549237758181273 0.4131741466600606 0.43224898744864493 0.4356861088867615 0.4131271534174736 0.4698975582043518 0.5166249381295975 0.5089181283052219 0.5135702307472501 0.5172816709163439 0.5245335902750498 0.5420706410705063 0.6008179352962989 0.6386432307241835 0.6590438565896427 0.694228321552122 0.6873515120211754 0.6593345298845851 0.6594059374527622 0.6672402021160231 0.7096951187759996 0.7136416323689987 0.7285696640017182
0.517794589238317 0.5168749724481332 0.5165660824779159 0.5082727344035997 0.4835187058303084 0.4671863418415617 0.4346419510853787 0.42877796270185986 0.39202528897139616 0.4098271903614398 0.39781993698279844 0.4205833334829626 0.4524864415716239 0.4212401475525771 0.46446889127550056 0.4347731253826119 0.41819338508508835 0.45560902328055797 0.4268235562310207 0.43491914147717353 0.44569303169201674 0.43015869750672686 0.4468757301594577 0.42727929705688816 0.4105697178023292 0.4394112740741866 0.4574735563518221 0.5017204788434828 0.5238103951952399 0.5054928802261135 0.5526833909488071 0.5346768692488011 0.5998542341948796 0.6002323030294432 0.609360772471152 0.6718849622298319 0.666646493588266 0.6701497848746488 0.6467567187215585 0.6584561648215567 0.7047350966905744 0.7034355197278317 0.7651257771601354
0.510977189773686 0.5099140172433722 0.5343916201719787 0.5335571472359202 0.5163160266578002 0.4753683305778806 0.4194253827777929 0.39949634693286834 0.38014051495918655 0.42200780545975575 0.4111890211048722 0.421025396087026 0.451366675714129 0.4217701011341072 0.4692437719095798 0.4297929409642587 0.43743170940368853 0.47899126379133194 0.4960829850219408 0.4403913121148767 0.4438008516321404 0.47178865822352295 0.4648562199953458 0.4691956359932997 0.45864054121184383 0.45822920969915887 0.4729424084791453 0.5188171985080524 0.5134089805489225 0.5564151181469907 0.5495924809848343 0.527901174673618 0.5583943186409338 0.574190766608555 0.6127150005560238 0.6194690070707792 0.6532385368905124 0.6144440789327936 0.6167195845984673 0.6612601887925796 0.6831038292222196 0.6978081041337796 0.7693657343634693
0.4942567641912559 0.5236975438547369 0.48741446916705383 0.47152869237120904 0.48414207536279535 0.44562287922900734 0.4662486950224319 0.44440471688292366 0.42660892798428823 0.44176436359924465 0.4385276393307187 0.46085065511181694 0.4751448814442647 0.4314604719371721 0.4289697333272209 0.47399529316510186 0.44971815306852087 0.47502862172919097 0.5073022760665432 0.4698230543484813 0.46702773593443264 0.48765776405914085 0.48265940382450867 0.47749626031805953 0.49217821518367755 0.48200869056980994 0.5062191185721767 0.5160411355012111 0.5478480723567839 0.5504972364818207 0.536688385216703 0.5414962537741695 0.5887366663377817 0.6116249442391039 0.584533849305233 0.6246142769577878 0.6034953172365044 0.5875920607164229 0.6067697260691468 0.6659755896676257 0.6878421715346285 0.7012584382105056 0.769008325157714
0.5191284354069908 0.5126465562870258 0.4586455333443419 0.43945683296654453 0.45278653743645525 0.43947284150457866 0.4706103823076467 0.4415913982762767 0.4183371058296418 0.4534779737325902 0.4687208177083956 0.43618173048792275 0.452792738092322 0.4673884166439877 0.43621394790410306 0.47673819276110524 0.468960234761781 0.48943102285497747 0.5225132054417613 0.5060666289245953 0.4908130654359547 0.5039476563419814 0.5239404978427594 0.5132388651909846 0.5056678323144492 0.5042233646957827 0.5502970579266421 0.5281640686508893 0.5143023337532641 0.5297274103917692 0.5402979757692105 0.5696462085229125 0.6168180600981067 0.602325586877852 0.5908512405101506 0.5651621116685921 0.5432153042700752 0.6104678308869631 0.6007579494347326 0.6195851955387894 0.6694927674064349 0.6869851440992896 0.7509033229270481
0.4800589564042357 0.4597387503718165 0.42240444983634257 0.4246910581316723 0.42367646958957056 0.4564103451898739 0.4465966801606335 0.4058927011357206 0.39299982786439097 0.44630991061849995 0.42429272727455886 0.46609350955115697 0.4436927590672289 0.4502870306912206 0.46740865068196163 0.4586415206651588 0.4518463284640641 0.5075360003178033 0.519100292887504 0.49475004309874326 0.5070304054744781 0.5213434256216121 0.4981023829664126 0.5142577340679801 0.5336814391919226 0.5327772903388053 0.53193948326701 0.5380817370559619 0.5442080541864533 0.5258568520332693 0.5545992331937657 0.5572866507627182 0.570617026781469 0.5981599296436766 0.5694942169884302 0.5735339546654046 0.5557065216106604 0.6075408268018159 0.6455893163802473 0.6387554301079891 0.6387022956553571 0.7054838445082916 0.7249686901838909
0.44964257702730576 0.43847321910741044 0.4334858651047983 0.42859351155338177 0.3838909986983162 0.4035909099254778 0.43319036245727743 0.4155987108458621 0.39615208798484 0.3925101711698924 0.41369236749931354 0.45636993979920726 0.462837720469174 0.44484239289691707 0.44615038879994245 0.43987229534153194 0.44634054364887493 0.509562302732265 0.4888835014578713 0.5343924327121626 0.5552688815940942 0.5511625789270541 0.5011051777355157 0.4918730460078634 0.495214079963364 0.5455888662636413 0.5491306303624556 0.5399681052476943 0.536204183730471 0.5675333912860303 0.5844063722793067 0.5302089596714786 0.5563799684388389 0.5690295957699057 0.575348511923761 0.5425673446607583 0.5472719866961842 0.5938282787846846 0.6351211669855436 0.6429820766305185 0.6456190801657944 0.6705684614808212 0.6981453104578825
0.3944640798175814 0.40238429403187476 0.38138670294021226 0.41631424434424974 0.3767566489514893 0.39385083611042987 0.41053395499214446 0.4025305773319753 0.390786826281514 0.4032293890187299 0.39626894664836354 0.41944412182262525 0.4132210296828478 0.43966399092137926 0.46457008872421673 0.47751943240969585 0.4841872173264747 0.5109805964070315 0.541867819858808 0.5652392585447039 0.584144324535872 0.5381849335007717 0.5309072583831 0.5199038770643797 0.5176981531353544 0.5511945535798117 0.5259878641858441 0.549474269829382 0.5444877904643789 0.5553975290331409 0.55180440534652 0.526371891386732 0.5571870403501382 0.5356853691069254 0.5471009996670104 0.5773859079352237 0.5891140350386276 0.5725062589056614 0.5755040247212752 0.5963823759661705 0.6237509124942306 0.6518079893610017 0.6967196284287598
0.40590822500875373 0.4145022257991797 0.37011308202142845 0.3959556089145569 0.39204110011835813 0.37631979506401975 0.41659247691209905 0.39599035656799036 0.37801191041243204 0.39774276252760377 0.43523583695417467 0.3972619906107735 0.4002781889419078 0.4317799077051832 0.41567341163236704 0.46623537246628177 0.5129316481461748 0.5373926923916134 0.5475205399749931 0.5714715244584515 0.5777444033858062 0.5314390239965866 0.5105333893470455 0.5303736742166729 0.5760374713976399 0.5608219558584039 0.5474168582470722 0.5748865551842068 0.5778843716695808 0.5529075211347662 0.5226448430876532 0.5086866720961979 0.5205965070318799 0.5181816326949711 0.559495964094806 0.580339690625793 0.5686051733188151 0.586970948236541 0.5842840892320916 0.5824713871084675 0.6157787481036248 0.6282232351723759 0.6613988152079354
0.3821204724095633 0.3779086769950692 0.38547909448010154 0.37843246666343705 0.35227195525433547 0.3809713252872863 0.41674920110597097 0.39693140390012205 0.39095103210176385 0.3874224482143275 0.39986748665282196 0.44053049774860437 0.44681334013515195 0.42964232492399884 0.4509969987661132 0.4661854000698897 0.49609769361996003 0.5418271305120803 0.5382695820790062 0.5763240337562611 0.5570052941370708 0.547560295887458 0.5388665618764314 0.5360121513846688 0.5584324582252171 0.5601474170617962 0.5733240411625428 0.5791601883690854 0.5813866934675614 0.5479121110410808 0.5551519084387092 0.5355107455559 0.5135064813767846 0.5524123368056585 0.5669875045433543 0.5701663469743417 0.5862100691738192 0.5700284926439343 0.5731213695896809 0.5937479862535806 0.6081206387556781 0.6437692334942683 0.6290182407893061
0.35828255863940955 0.3433954549965272 0.3443896649798752 0.3508531955532864 0.3544734274582734 0.392823747687583 0.39071905610488 0.3687465251859551 0.3580060302185056 0.3834456169646219 0.39222643037901017 0.45254889946721294 0.45196565933312205 0.4594268672816262 0.4642987832463781 0.4909834726314532 0.4740564122079023 0.5224277963437745 0.5398485428328149 0.5372198359198503 0.5625024311542409 0.5135807352544906 0.5183305699503832 0.554205632198975 0.6032220694176207 0.5734828746556595 0.5941579722276129 0.5626155092221612 0.5345443365029158 0.5487184221833936 0.5619655908718502 0.5259457057429002 0.5172693971393315 0.5476003313241818 0.5371581303477184 0.5862388790990055 0.5950149248167329 0.6150660940834526 0.6314520448122515 0.5912737991265975 0.5942181585792375 0.6490534360009994 0.6493852659334036
