Raster_benchmarking/Raster/continuous/raster-52.asc
NCOLS 100
NROWS 100
XLLCORNER 1743168.8362484502
YLLCORNER 5469292.754628685
CELLSIZE 10
NODATA_VALUE -9999
[rows 57 to 75 of 100, columns 0 to 42 of 100]
0.03894149233558639 0.06234330720253167 0.11340397487978311 0.13404699993370953 0.13909503662598788 0.13209679252108464 0.150803962229905 0.12805102199242568 0.21652550631161074 0.2084770602720226 0.23000405779114433 0.273277378810073 0.2914444769447026 0.2934389039276167 0.359014522775226 0.417116975484497 0.4353814198314029 0.43111294302944764 0.4362390284146774 0.45805783339585504 0.5064563542842133 0.5198568018045158 0.49555390059132315 0.5685654069435244 0.5477577852867165 0.582985594895739 0.6203711602119428 0.6757850017387462 0.6516628845095699 0.7070641993910908 0.6731782942271419 0.6985580332236656 0.6813624317915107 0.6360690320989666 0.6405285382848659 0.6929807536407212 0.6252060190503419 0.5992783903252719 0.6149214343827826 0.5301877198522733 0.5390345806588211 0.5815859714603117 0.5682075474064414
0.07595470881448849 0.1019772237552006 0.15436209144132346 0.16787510410737944 0.17299138698812963 0.17020856531875433 0.10442217604112189 0.12347047132391055 0.15373735249622097 0.20050316408838906 0.1987628482865528 0.2694054137966942 0.3122381495909846 0.34397268983821 0.37480668992916316 0.4505313633799156 0.4551341373409709 0.44232841691834596 0.4582129193928429 0.46709097496090174 0.5217951850487711 0.5215516098211963 0.5685961802926324 0.584699895907585 0.6106557404020789 0.6209561396533645 0.6773518073269229 0.6690169029502423 0.6951977537977689 0.6869593656911661 0.6776567350982763 0.6199120701402367 0.624033688506705 0.6141187549415933 0.6449890255510574 0.6671821594004831 0.6643495932140816 0.6000249781478281 0.5878194714777875 0.5391475338362381 0.5811125318062075 0.6024614225183987 0.6163006049690831
0.06810132135619457 0.12427901038119521 0.1405380341480447 0.1201190720719847 0.08600463377692943 0.13347850210372336 0.11431774995755307 0.12710084739298794 0.1397189466406248 0.18989899851109662 0.20509043720656142 0.2544835220021408 0.28260803825546815 0.32766640603741576 0.3758705232308907 0.4472984777609513 0.47737796470755284 0.47019971931295323 0.5088179293750542 0.5621876084420847 0.5608264277483134 0.5752872905312398 0.5600146243349826 0.6143003040108673 0.6368475912302947 0.6153438053911284 0.676798218821016 0.686196957729978 0.7224569565877846 0.7415229327370659 0.7065494644312552 0.6987141726608357 0.6299545794794371 0.6790305549141316 0.657644558131331 0.6791844219986694 0.6511220639076583 0.5909130697567978 0.5795776058054933 0.5585711552569137 0.5754537055510843 0.5729605243195361 0.5964155508560118
0.0768047905079689 0.11293705057266194 0.12356756112051236 0.061061811929579386 0.04850651931373578 0.06697200058219926 0.057898510509106604 0.07474447503247691 0.12854111791940967 0.1514636120078665 0.21763651974419634 0.24886636283355212 0.2970949369448784 0.31198430439728214 0.385904682735514 0.45545703147678573 0.4709887891977601 0.4346256137716081 0.48726204083870645 0.5753366154772055 0.5998114100105552 0.6211274759120328 0.6066307736328926 0.5954733270712168 0.6136362561483827 0.6251175566989925 0.7047953999897008 0.7119507896398517 0.7459589956271624 0.7162970586360935 0.7477106240687773 0.7247613863600443 0.7227694353806979 0.6913463631761576 0.6987526578897899 0.7093791760190706 0.6807971834134445 0.6512656890544783 0.5850628802446499 0.5601266935676008 0.5747076008553214 0.6484759321983125 0.6309237723456105
0.07517610641925608 0.062382214162501524 0.03732090194058196 0.059517027592948885 0.07586705782648917 0.06062061999709542 0.0854741299062729 0.10583483272457575 0.11917083560744819 0.14638022551871627 0.17644390464685095 0.24033919301418058 0.3101982451979485 0.3043192346584572 0.3702011649180289 0.4557246288630382 0.4485521140880709 0.45903864289516966 0.5042849214082451 0.5611427609317919 0.5831166773327442 0.6198180749122082 0.6592187025640613 0.6553956947688454 0.6917468951618022 0.6546332588147795 0.6815845104541115 0.7300471130975293 0.7064460503652349 0.7268158501678535 0.7279610686970468 0.7361652214973585 0.7456259542033804 0.7061077685036128 0.7106504639236856 0.7580247403407379 0.7247133802183607 0.6419622415159091 0.6472007160973823 0.612794631964529 0.6229592066731414 0.6623445142723872 0.6963981780538508
0.020431004479006636 0.0675634564216756 0.03395962692578995 0.04483344139405322 0.06900463592070168 0.12028034663390244 0.11884993126417343 0.08953882726270783 0.0973645266339597 0.12384952504602921 0.15223314271314578 0.24145998426601387 0.30544063260649745 0.33715424956534296 0.4097468922130879 0.4633444676283282 0.4655342551499952 0.4797693078546507 0.5547308298296326 0.5685602530760456 0.6146321927846392 0.6469295029956208 0.7285029393685016 0.7391894910121553 0.733600459231035 0.6666945757889072 0.7291524301180925 0.6947796934367024 0.6976393085677545 0.6919565368972084 0.7514619467652812 0.7267958258495454 0.7790114521182472 0.782826366977174 0.7855374100521445 0.7743896851840817 0.7063987429536406 0.6485441381016195 0.6283521851361159 0.5914173427269326 0.6178579011183035 0.7024481518134634 0.7058002985378368
0.0466026236679271 0.06340906947980533 0.09617100401583513 0.07254489921557264 0.09433482671296402 0.09590539337289004 0.11988165344835726 0.13831162616256984 0.14750955053541112 0.1874251677046675 0.2021208413803666 0.2595924053269958 0.2875311057034557 0.30913598362279177 0.4135657339273486 0.48119868415614037 0.4774574555908804 0.5205264843422422 0.5437308862692755 0.6457377890751176 0.6916829212429938 0.7001278735663097 0.7283969942754412 0.7794751011739275 0.7637155910856791 0.7505075254325814 0.7644938830465396 0.7519800647454086 0.7381567767453581 0.723471159310774 0.7561703782183846 0.7520934056328766 0.7702270910011644 0.7818465461272576 0.7740372265537238 0.7569269426363449 0.7236631494395331 0.6720071190080951 0.6196724404116496 0.5879526069262275 0.6468825567644476 0.7046654199051174 0.6653104621356065
0.11308134185998299 0.10172381672564654 0.07582509520751253 0.07826352920908913 0.06107758458256801 0.06864555798764772 0.12379020826078868 0.10500844070861286 0.1827543580492101 0.1781101592103329 0.22669990919274863 0.2650895820954336 0.29496405589342056 0.3361343058146343 0.4115904186352455 0.5091046998561319 0.5470728304963206 0.5813676168930632 0.5974492097372759 0.6688129789503133 0.6634600716807861 0.7418819224628105 0.7448287011082625 0.8013780941689174 0.7974704747352533 0.8090548247648723 0.7977564314450749 0.7814395213137473 0.7857705637204215 0.7586300969464032 0.7671616454284997 0.7768685306560036 0.7873636512893556 0.7349469127968136 0.7391142401888956 0.7198785391074609 0.7349218530209871 0.662604130211569 0.6574119846480616 0.6192264264939864 0.6707872670861086 0.6907307725615808 0.6607862081056642
0.11329645372369794 0.09297072360726569 0.04074552572981809 0.040571444217984656 0.06734800558658881 0.11129280540641334 0.12401935864148615 0.13694394198702317 0.16702621898110148 0.19152762113475505 0.24001967572949098 0.27257624236625033 0.3071620137755766 0.328954410152891 0.3734470089943074 0.46876203509322745 0.4954760144333244 0.547726516392369 0.5697339376641654 0.6354952351126671 0.6807418984876404 0.7043427385838495 0.7345343349748604 0.8119083542301513 0.861216035472809 0.8188446426445856 0.7942362909006573 0.8053131618542121 0.8115284846791935 0.8347063320611453 0.831307980952421 0.8266511812290327 0.7896724442241962 0.7505953243786644 0.724807794170669 0.7509908446986631 0.7262969072418737 0.6900434875816553 0.671749865322066 0.6054053960444229 0.6233888765992952 0.6644061369784245 0.6679930991005449
0.09963435061599786 0.05355985643093669 0.0664448061213504 0.07202095065976624 0.11213783859395494 0.1807061274205113 0.1887135492749428 0.16949469274567674 0.22258019274015753 0.2509509418073691 0.3006434396915501 0.39547462269355793 0.35097676062151234 0.3465571694182239 0.41579968172673293 0.4189779085219415 0.44860810855284944 0.48172597302817216 0.5330155352374556 0.6421984195632376 0.643390515014463 0.6951409378511939 0.7875462795594386 0.8336614022465143 0.8350253836463463 0.8914198696696458 0.8246647468449987 0.8247677081034197 0.8494213078107092 0.811532680474543 0.8620153867810549 0.877081384789636 0.8125963636786173 0.723238451220121 0.7531283380225894 0.7464560738014072 0.7013327516391475 0.6871904800120407 0.6260984551787991 0.5989209728182577 0.6165750863741501 0.6971629320029525 0.6527614396030272
0.09622268649027133 0.0976181623608265 0.08386908763199306 0.13368135598206377 0.18910820187782826 0.1726114226160733 0.198314451539057 0.22072591222673715 0.21352877698806688 0.25855576509922384 0.30066904707483244 0.3095959249395556 0.34589496132204905 0.39064136377739017 0.3898262645961495 0.4424439357499954 0.45059329903590817 0.4673728800346671 0.5410585640505408 0.6290501680669912 0.6894869418251629 0.7427719510084011 0.812245230595846 0.8265734422194583 0.8817640105879762 0.8592027509670458 0.8913957551803268 0.8428398850821113 0.8404387595043331 0.8224467148475945 0.8630653585374182 0.8204967341365319 0.7855911179726258 0.7844482519780122 0.7344682280483991 0.7447788101627246 0.7058264854419448 0.6740121488005304 0.650059577137635 0.6127097528036964 0.591160283680021 0.6542584307674509 0.6529827843990591
0.12891427146968717 0.13435481413369318 0.11860412454754725 0.18045276811880073 0.16423154376466004 0.19365561046862842 0.17726106583928447 0.22385342433233266 0.24858592986192862 0.27978167309642765 0.30484512142884435 0.3339900877555153 0.3574830912235259 0.4327783891062159 0.4539568528146805 0.49141972981665516 0.49487097267097074 0.5199526372645137 0.5480908712785315 0.5959815755931661 0.6715860861393395 0.7573379507022399 0.7731741349921325 0.8369335929768709 0.8335515491763467 0.8999015667476048 0.8621679646223888 0.8582157494154522 0.8447054622478856 0.8402176459523221 0.8631170784147622 0.85551471849397 0.8361889803809335 0.7553725390300946 0.7857882144716183 0.7519434530534473 0.6789620208059839 0.6966576123825658 0.6277160705734857 0.5819162050007081 0.6128064874423427 0.6086390768255359 0.6446084165282582
0.10717719554771131 0.0958756178049927 0.14079821265569864 0.175790673564918 0.16749033979473707 0.2031322916421723 0.22832942875016302 0.23179250449345826 0.28974771134144844 0.3487567008274012 0.3716672259484656 0.3597818357895988 0.41052591395285715 0.45456935147911337 0.5182460695671842 0.5000329303605174 0.5247589478005975 0.5364241367554611 0.6040562194514878 0.6417843453409257 0.6711890344677943 0.7434243396491865 0.7569964036205119 0.7684659704502796 0.8291909558800475 0.9232467448011412 0.9136631908024382 0.8811892340477661 0.9141828860004318 0.8664427695986342 0.9144387467868774 0.903327558783198 0.8107293790197515 0.7986872052905374 0.7941415228187111 0.7400795792248284 0.6966371841114453 0.6597241812946897 0.6324030171257808 0.6220206654563698 0.6103848345675967 0.5997879719899807 0.5868848514565743
0.11208792380941653 0.1222370980222198 0.1490497817909707 0.21790403623040072 0.20335133362289767 0.2015715401040819 0.19885582004613034 0.21224720486141094 0.2712251424596278 0.31688823054545984 0.3320352244114187 0.430192135566074 0.4486404493118159 0.49317024807718685 0.5467739839754967 0.5377012175047953 0.5783079060568005 0.561487930688831 0.6224622070377576 0.6797990972139618 0.681383798823663 0.7285364650348076 0.7999015835303357 0.7905557443090238 0.8417994244541925 0.9173003421701705 0.9473933338995467 0.9109151991127338 0.9070607119394909 0.9265178674389929 0.9124117384785325 0.8942859159638374 0.8761858745701168 0.8006153651334706 0.7516927783365042 0.7306058495564403 0.7020625301191336 0.6446041408123727 0.6578133746590419 0.5725981464398638 0.5700939760512832 0.5879233151072502 0.613609412957336
0.1823908602013129 0.17364057860955454 0.21092560381485648 0.16927756357877974 0.1581682670548049 0.20868452985011313 0.19144393264568338 0.24561616826511556 0.24948729126579952 0.32596274091680105 0.35030483584241784 0.440056812605724 0.4738298811764158 0.5404637646881776 0.5420649367303892 0.5900652381795565 0.6207205109904662 0.6575647413032998 0.6545040937407445 0.6745648769106158 0.7283277903224168 0.7763410549214992 0.8065708517075831 0.7996685440206148 0.879118929312638 0.8894888442143117 0.9140117602779295 0.8733801726455896 0.8964949665767613 0.8965051170886617 0.9230879633129306 0.8920821506464557 0.8565903341744251 0.7916835708680533 0.7836925587575985 0.791314306761357 0.7453132546944131 0.652132533578028 0.6592665648178474 0.6103159472964462 0.6002152991859713 0.581690028426112 0.627995315936518
0.204056658917667 0.1898856386457285 0.1981950124998738 0.18662709556879462 0.15056409301619728 0.15409439483539564 0.17107244392574103 0.1990765976471467 0.2897119985229388 0.32621901423121197 0.3618941253056322 0.3923998452537595 0.43690647396274973 0.5374974920280112 0.5459221418003045 0.6013246719620851 0.6635233678750884 0.6568139184085926 0.6265496792860524 0.6870397412316231 0.7238802365698158 0.7724032393537341 0.8145698343327776 0.8050815687691079 0.8206185979323783 0.8616550797235709 0.8803680697689005 0.8570675502519562 0.9025172129717027 0.9387222122516267 0.938578462421009 0.8995454544391204 0.8827195597348695 0.8375414108924268 0.7769432199333582 0.8140056579880064 0.7594231610721199 0.6951087164924257 0.634362443135008 0.6036039219488356 0.5698809393387779 0.5693138617276919 0.6162749403175125
0.20437432155347054 0.1998871149968352 0.17034104112909879 0.16222998653062523 0.13376333797552425 0.13937834713723057 0.2013161596214879 0.18554741037274097 0.2602847065589885 0.3474806775795285 0.38119261547919625 0.419573826665238 0.46432226880063737 0.5051185510172983 0.5097023163097931 0.5949944037260272 0.6478168203352515 0.668403258540443 0.647637955837605 0.6575136099312461 0.6936809083059096 0.711232507959774 0.7623291479745843 0.8041010283122844 0.8122729540378689 0.8544174187724188 0.9312970874012942 0.9448197827156202 0.9637559735653061 0.9540752325407749 0.9128754144837797 0.9361496464596489 0.9098983303260841 0.8387664500552584 0.8005377601095179 0.7563216247949319 0.7504800407234189 0.713661396155756 0.6583084977858542 0.6120289254640405 0.6108513871624264 0.6120852380927619 0.6145418234262584
0.15473869928812703 0.1659186640923364 0.1737107185643104 0.11366089165322062 0.10408506688541494 0.12445371498051802 0.19186937954229014 0.21649564919435121 0.2560848849386789 0.3468831231367669 0.38322566368530964 0.4191970446175775 0.4094198894663458 0.4363183320895197 0.4768588514009587 0.5474389083507653 0.64350916324867 0.6632330478593593 0.6386517939844341 0.6586057819018967 0.6894219783027904 0.7093676438399527 0.7363043858503084 0.7615388074950789 0.8081519827019259 0.9174782082234252 0.9255551487866448 0.9508391184624706 0.9472185121385105 0.9799894726501023 0.9792087577917012 0.9752523258232663 0.9404289139487926 0.8368814561973724 0.7963962855951625 0.768256357464364 0.7706295902535978 0.7156486179560062 0.6959433487212354 0.7178677936514944 0.6595568044660634 0.6178894117223308 0.5948126806191089
0.17156937700013183 0.14856663479535107 0.17789920374619436 0.16927099711904628 0.16158773687600797 0.15365316417721156 0.18757311575968147 0.2494060621045626 0.30667245247824726 0.37342924635057717 0.3938692934199485 0.3913309668479514 0.4084725381283849 0.45922572110022547 0.505848073209838 0.5451867815419253 0.6159405232460582 0.6398753769057031 0.6420506991016517 0.6938356585833027 0.6936280428110745 0.7476044773741218 0.7165002575362064 0.7868022170044192 0.8165122246264556 0.8550624255805864 0.902241448410714 0.9513905925841303 0.9460266259547094 0.9764178457080623 1.0 0.9831058329406438 0.9326932189104415 0.883578313990366 0.8317388289810206 0.7671849719376965 0.765291568402403 0.7253144302587833 0.7496258900959833 0.7750838492238334 0.7430835064103934 0.6739838464030412 0.6636021821428881
