Raster_benchmarking/Raster/continuous/raster-494.asc
NCOLS 100
NROWS 100
XLLCORNER 1743165.5916082554
YLLCORNER 5469285.320952739
CELLSIZE 10
NODATA_VALUE -9999
[rows 57 to 75 of 100, columns 0 to 42 of 100]
0.2620497900607726 0.24267656244231336 0.2660206873997855 0.24480498582125737 0.252023353297418 0.24061259094336648 0.21833233502664082 0.17849163205566496 0.20283349002164844 0.1707823842649241 0.18095470619744763 0.14758846876162618 0.1213843406922882 0.12559609605067396 0.15102735242980714 0.1639023236195055 0.15595133210428233 0.1788656610810989 0.15772355380650002 0.14576434490141918 0.1631356105194188 0.2029955715123923 0.17585540360911198 0.15857324883248286 0.21538002521608404 0.22860944639076372 0.22487380866013548 0.19391579031582087 0.19875438917717547 0.1802361228834956 0.15142474892611385 0.15907806429904647 0.1526931881846563 0.20407219683091682 0.2262332648992276 0.2290241722861974 0.2444770443934773 0.2686830502753688 0.3437428044747504 0.3632540226844467 0.4005218613693742 0.38629196547859473 0.42662198609756724
0.2716334773519945 0.2816697186480556 0.276665709658217 0.2281985870669381 0.22864988972202047 0.18520764015357394 0.20580390703324594 0.18598495825902894 0.21860356448189286 0.19077582666876294 0.15773805036450667 0.1720508561813368 0.17225779998366614 0.13882584241795437 0.14339023019059 0.14542486161106621 0.14363102005359207 0.18739339691773765 0.16597489921401531 0.18948934363259423 0.18891237852806902 0.17715741310639427 0.1455108297471487 0.17230808685844945 0.20508409683563528 0.244387074049654 0.2080365898599757 0.2213592961521702 0.19860568827028194 0.1883210979070507 0.17006206054546744 0.14006901121495333 0.13744146131636528 0.201586905480047 0.21152011339064766 0.20302971588729002 0.24953689035632579 0.27374869669058133 0.3523833660341015 0.38077343635170513 0.3979067723965418 0.40136512210506786 0.4292750652370814
0.3142836085851653 0.24598169498619024 0.2258553545399143 0.23635501247755872 0.19778141778562947 0.20313314711713784 0.18034328341943198 0.2075692622642658 0.23392282475928744 0.17731984319153757 0.16499435008207997 0.156152945849715 0.18226347661903136 0.12481144892966346 0.1429071849901438 0.13235169710450392 0.1874157086444677 0.21379106450561683 0.20747905197291472 0.17691963732993576 0.1969552413785527 0.1758206438824579 0.16835002975507793 0.16092445709366682 0.2107446605889815 0.18654998291098865 0.22699110604463718 0.19395002494649918 0.2018921394640057 0.20104013486665617 0.15056911359186742 0.16337799591841942 0.16131421117234435 0.17739130663470398 0.1674242849345949 0.20123337407672026 0.22280732562246233 0.2651531706101036 0.34052164344774605 0.3670028052517926 0.3754810805000466 0.36211097385378943 0.38508507710566586
0.2948504427575873 0.24705708634946869 0.25464752449768246 0.24690614067461944 0.235790074984161 0.22014082180221117 0.19297353981672263 0.19070761984535314 0.21920506861652497 0.22055824445794092 0.21814825027597998 0.20212208904847373 0.1836840850001934 0.14627157639011232 0.13365725581291626 0.14604393301893043 0.17938004439318941 0.1957596553102513 0.1915994545371099 0.2098389290289319 0.20901725822178316 0.1783371884068672 0.17696335174999397 0.1662626781098011 0.1676627223396699 0.17502636462177712 0.16351158430882715 0.18841501101955926 0.16616158054106955 0.18106672385495862 0.17436408310791252 0.16393218843125065 0.16726765937300583 0.15396510670289096 0.19399933798805044 0.22332954408007358 0.26048648339741176 0.2895408577401167 0.305556797266007 0.36090526581333426 0.37439513281252107 0.3822176114101099 0.4110174448012904
0.24358544489628742 0.26471814984033076 0.24027152856296938 0.22431235435671437 0.24998869916140143 0.21164278875963802 0.17538671732940914 0.21602422971630372 0.2720450057827567 0.2411484450542348 0.23553689324718946 0.23576996771608857 0.16395879051249954 0.1963213030235008 0.15618025318944453 0.1697334605173764 0.16912716591873958 0.1653742562393747 0.1296977600955744 0.18859049453992216 0.2072951209433217 0.17270303684152633 0.16532354622452378 0.15128548983593557 0.1355122953322675 0.13161819582356554 0.14922475256543316 0.17818281421208967 0.14080703929886693 0.16588159067180994 0.14068410911152193 0.16398550898769845 0.1432376577746294 0.19865253776628847 0.19792578675279615 0.2003394092226876 0.2299022743704093 0.2603756417871968 0.2584434555246903 0.37149442218834405 0.40240488415222586 0.42639023085419736 0.4252948341982924
0.2459578470406291 0.23214598938681807 0.26151936490388944 0.25924010164583566 0.25929020162173566 0.23750346953078788 0.2250141131473644 0.27114097871481996 0.2704102893035832 0.29827849292815134 0.25390953136688943 0.24863156505654113 0.20124408906420285 0.2200143354424311 0.20164570385742384 0.20431358922263304 0.20956685386721807 0.16530126321619762 0.12197968739023925 0.14344467251687332 0.19768316278242326 0.18471187040069365 0.15528969607630877 0.1459382753979505 0.17496429507286543 0.1436023572673697 0.17151483620239988 0.1317903382833183 0.11145865572236908 0.1259676969846818 0.15925989367744067 0.13484547626597895 0.14495563654854696 0.19624087579614155 0.21846771370103837 0.22339129534165328 0.2334554501187482 0.24956956529091917 0.2781252654890601 0.3528208441611238 0.4167160237655796 0.4079427332148711 0.4240674009761062
0.268855363460342 0.2614022748287184 0.2727834650106565 0.30193745307079883 0.2793514291309383 0.2812136047062932 0.2281333788406301 0.2630709373095291 0.3096961877219649 0.2930067874734415 0.26744688102908004 0.24366732945696026 0.2528944891321805 0.2294705361585528 0.20723336095546555 0.20679988398027652 0.2000648530914074 0.16247172906417878 0.14776193317756098 0.17186305625014903 0.19839604448012974 0.16389535807643707 0.16388719851287142 0.1779693154857724 0.16765561953733665 0.17359840429665827 0.16381382267714717 0.12628330983665426 0.14838592736362652 0.15544995300045497 0.15380249792906925 0.16967771332090523 0.1568387541795145 0.18573324049745574 0.25628608807098124 0.2818445596860448 0.250963188701216 0.31328598940530467 0.3109372940723381 0.3713667624862337 0.4064740278981799 0.4196292019830371 0.4797694202162725
0.32524849170452763 0.3299551367500926 0.32293193303686496 0.3310398992282062 0.30265472611415073 0.2907057039397475 0.3014540674727411 0.30909769417419924 0.3524445353364061 0.31510659180168743 0.3306694409475636 0.30212970940275113 0.30862982851295406 0.26157404714700455 0.23348856771052176 0.22559774858117282 0.171402898854277 0.1700078705533366 0.13440587671805956 0.1707804656501777 0.1805026189178846 0.20498794256177966 0.19239976335418169 0.1522785192309611 0.17852423969453832 0.17915406493573624 0.17712132275402587 0.15414171975241472 0.14981229282024247 0.18336258365432356 0.1502502156780535 0.1532142725021089 0.21223601292892438 0.2185234299195699 0.2518163427172508 0.3059826738739057 0.2868404431454208 0.33864761770088225 0.3272849072697858 0.36941319708715703 0.4338758884420771 0.4366300642754451 0.5240847300420814
0.3304215703365803 0.35913344372090594 0.3745340824334796 0.3635852062071371 0.3724532725735849 0.3221182578831228 0.32314464575210033 0.357922437431106 0.3912436711997586 0.36775026484866047 0.35582949259067015 0.33433976797414633 0.34276798472930514 0.2887398653834768 0.2848507890249109 0.25688588881753066 0.18784217232266617 0.1530331034866668 0.14771584926650463 0.1617333429152511 0.17273519080046523 0.18661903271148184 0.21809606187508704 0.20475431535951943 0.16783013327700738 0.1566136252821023 0.13820621653191226 0.20258626964366805 0.19377418461243823 0.1877699511192816 0.1528255501318632 0.17211715370505654 0.21855655593110757 0.2457790734720272 0.2514001510366166 0.3080116302040107 0.35406511795195295 0.35594697768057276 0.39853663369866565 0.4146942812493668 0.4255945697432687 0.47671243139223085 0.5415516188635022
0.3353250589939159 0.36131767780324453 0.3640237761886939 0.36322110890233167 0.3478399069568722 0.35388476819360437 0.37337255305767336 0.3725804463881957 0.39813265488465654 0.3691263771734673 0.36930036836999075 0.3769477296859377 0.3415629811733947 0.3376209807497182 0.30109759035775 0.22290659365164764 0.22919804892095672 0.19719663529085876 0.15259019390913428 0.1747401118988926 0.15693305422654794 0.1881219778836956 0.18800277785349653 0.17851200474820972 0.19232176597953807 0.1545195697030132 0.16889473395775179 0.21416830170596035 0.22261003696973045 0.17994495176208092 0.18135574253013276 0.2100891036655915 0.2159919422736904 0.25828867300347086 0.26313135879445926 0.31576058128499823 0.3479017509613991 0.37199911208827935 0.3960117786781479 0.4378666175143285 0.4952232458808371 0.5411353187995335 0.5388301495174993
0.3134680953032475 0.3399612689907016 0.3633210689910742 0.39123351728287226 0.39112544712529196 0.39851568342167165 0.4148589935438489 0.4313011223015222 0.4388794212076452 0.39214181204030873 0.36539451648830884 0.40059874069339907 0.3787978389324359 0.3630877356697746 0.29488271964368235 0.2361601223308151 0.22322250011903672 0.2112267914427439 0.16178814721985754 0.16705671812239278 0.15844624581982275 0.16750901766106685 0.15990751079762128 0.1674490524356108 0.17274040187559112 0.16306476797531183 0.20020500419433263 0.19257431911324413 0.2166957039325958 0.21603669257174496 0.21512183589803896 0.20038233475484293 0.23750702900739082 0.2609839662788483 0.25305056414174715 0.2873209559915493 0.3428282173588012 0.35163051152869323 0.4001159567630432 0.43899333775915206 0.5205986421742791 0.5412569946371923 0.5722094392285372
0.33973125992405945 0.35176207226395867 0.35047022705714587 0.38638234415010225 0.3631073892542313 0.39542216898231836 0.4145965465869251 0.4524906012478144 0.42323085386232295 0.40753574006485743 0.4040543594580665 0.40419027951591896 0.4031415794798744 0.3561575522710593 0.33265942678520033 0.30477655217400706 0.2578733196218536 0.2064480833535203 0.1606051864162482 0.15814250064340188 0.17944414292466432 0.1676118114269176 0.16934541542326262 0.1994160979111948 0.20172156672047944 0.21861214674601406 0.222720581348276 0.2032106809584759 0.19519380393264504 0.20519624633608377 0.1879890182335361 0.22695750892686156 0.22075893433268853 0.2774679677369316 0.3095417576183339 0.3370353702318632 0.33743078914186553 0.3992407174010773 0.4384107950492311 0.49182492109358433 0.528536033643609 0.5420220116049738 0.5323182152604847
0.3087082485063385 0.3550842893009978 0.33642855028967217 0.3792626682339277 0.36167950139890664 0.42064632990467155 0.4627544414326259 0.4750621490884636 0.45120900439733225 0.41764484880057673 0.4299701020943343 0.38505109679573196 0.36616418870161843 0.38259967383718946 0.35033101734748057 0.3460442180192432 0.3116958582348576 0.22070437783133476 0.20268693704773863 0.22896240076463728 0.20303779950210224 0.20152848948799487 0.23090186178380767 0.2391512800489449 0.19793942443909468 0.23541040497035487 0.1991800923025449 0.22484772717114865 0.2268754034369182 0.21351994939399077 0.20819555954036364 0.20465659021236277 0.22703006846940355 0.2669234367745029 0.3136542126268392 0.35642025868242133 0.3774688577858255 0.42519297299267717 0.47904592694567233 0.47692610193639806 0.5143248273353038 0.5284328111263437 0.5047960302496315
0.34864093140713465 0.3490737574103928 0.3492424960567082 0.3557400366369144 0.39407004004229707 0.431768153029169 0.4094481783254728 0.424304553745865 0.43134918613661166 0.42018953475372584 0.3864210169457851 0.39431651007737034 0.4007311168457401 0.38084691743452065 0.3488744617213687 0.34970282820295545 0.326829135809124 0.25121879943295583 0.24797925555462638 0.24189350518712416 0.28106216478287505 0.26250599523676527 0.27202141656612844 0.2783530434806008 0.24319746619730614 0.24369894052744825 0.2678942367689177 0.2658683328476355 0.2629367395810663 0.2580824863785935 0.28331037033756784 0.2665160200058886 0.2850197262193828 0.33872301376761044 0.3774547815050811 0.37536141052753563 0.42305334278355433 0.44288504972443793 0.45338881983394863 0.5175780298787636 0.4981728174931946 0.5347354321259022 0.49933312031764665
0.38349408100558324 0.3479589321441889 0.3318398816387722 0.34734921649762074 0.4001651864950472 0.43274097975264986 0.4152655882278831 0.4019663023946619 0.4187016195240105 0.41185737352390517 0.40595883710400366 0.4194223293880139 0.385416616515658 0.3460165410651873 0.3261217002848433 0.3289956803993255 0.3224266192290318 0.30841372248945814 0.2761654283504546 0.2587065969360602 0.3094847279182843 0.32000221983397253 0.3354108838269158 0.32144219368688637 0.287549631182649 0.28279584365616245 0.28860572680777363 0.25921028221641673 0.26499765558830063 0.29919044638221587 0.31328894821954206 0.2856138462367195 0.3184662687925634 0.35825982350597263 0.38650306343942614 0.3839956863656225 0.4128623623957749 0.4734859040922078 0.4796408675122975 0.4939547857687188 0.5033600410503866 0.5109286337880901 0.533645581124543
0.33806942081685304 0.3266307422093866 0.33671217234440914 0.38994516700778303 0.4316281428251473 0.44261637810555454 0.43494395602639024 0.4572183482013255 0.443490942966772 0.39759648817041815 0.40816663238500317 0.38775833898574485 0.3655368068923256 0.32842475902535706 0.31123169122704514 0.316969943649665 0.3600462352369663 0.3232296731084594 0.32316734472441677 0.30610243302104123 0.2977899781231647 0.31645293467529373 0.3382670826131808 0.33462897692931404 0.32494169189489414 0.32958904034953707 0.3330540830128568 0.31974827651481497 0.30944289235796063 0.31595455272134504 0.2963780868788045 0.3247069386330698 0.3633946607774957 0.3682941520078746 0.3887102118920208 0.40546199133981425 0.4288173813195363 0.4672366433499363 0.5123273184917694 0.5285816801430333 0.49537674990108366 0.5058231894757597 0.5292384976708255
0.3378514308110944 0.3241169286355932 0.35876165850714054 0.4131364296047583 0.40977696071411573 0.42103800176723544 0.45783581131560125 0.4383418936782091 0.4396798330630738 0.3976458650631561 0.33505196257116954 0.37200356423484654 0.342602760873444 0.34894584788165395 0.3249632106893347 0.3325579195607142 0.3860457629553604 0.3723741594848267 0.35614277776766207 0.32720929944070215 0.3342597961316696 0.3271198273294209 0.36867527891078733 0.333036753630338 0.3626075991569386 0.37186521807430906 0.3332940715683674 0.3441193848455918 0.3456793889597909 0.3021143160819546 0.3026756704476391 0.3550999777225478 0.37148641440939056 0.39384701517866216 0.4122247322538887 0.4261225415763017 0.4950327068526238 0.4931957599329286 0.5483713790028178 0.5337474015627518 0.519688646841609 0.5213461565086329 0.5553091196316841
0.31936029903457996 0.3442641026215733 0.37924987319911657 0.38481944279309876 0.4374707271134344 0.45613132143002616 0.4530786380753973 0.46517305855192825 0.4159594930202771 0.39946226207082197 0.3687399311309456 0.3610394367084878 0.33969835113637364 0.3047871684489098 0.3201037436907237 0.35057101825888753 0.38006699032772506 0.3219823974777733 0.355303346148184 0.35521775418124135 0.334017799971202 0.362504213009015 0.3281197024860514 0.3475282443812495 0.36936503469156545 0.3564188558654268 0.33596360077764814 0.35445413020743627 0.3206281197162234 0.3134546693572999 0.3303206250806699 0.3102949000462835 0.3205433721862526 0.3599494489761571 0.4036455369354937 0.46379668849084976 0.5182871944372464 0.5325223578494096 0.5640229429958379 0.5469456148185886 0.5410960251245794 0.5398968500171153 0.5898742418093962
0.3536398057882656 0.39760110528582 0.4166976263331453 0.4073032366153515 0.3971895432742547 0.4596268167137641 0.47736447116854414 0.43563046766471475 0.4459603457120268 0.4059110666851521 0.38127381646512637 0.3430068399360566 0.34016171590217403 0.3488273808801934 0.32254901598628866 0.34387647530720106 0.3564118302420862 0.34241200207679556 0.2885787335299763 0.34071229128831626 0.34483454685042775 0.30063064671391776 0.3086903739807209 0.3019469056369311 0.31978208359483623 0.37185175552697153 0.3693268447450571 0.36342960000756463 0.3001014260352257 0.3279119901160324 0.3219468144905804 0.3449838051580185 0.33989851063562326 0.38349135827047315 0.4089866723757078 0.4746289541371468 0.49322530014076593 0.5273759874912076 0.5268352900860237 0.5623687608969632 0.5866057584823857 0.6068683794934919 0.589477732100945
