Raster_benchmarking/Raster/continuous/raster-46.asc
NCOLS 100
NROWS 100
XLLCORNER 1743160.468387071
YLLCORNER 5469284.408676759
CELLSIZE 10
NODATA_VALUE -9999
[rows 76 to 94 of 100, columns 0 to 42 of 100]
0.7586612266132199 0.7821817734564583 0.7803040046411235 0.778347039397711 0.7693087480250214 0.8101806598862324 0.8101481633462212 0.8815450442846827 0.8750062134113568 0.8275564425923256 0.8116798903667908 0.820231027167962 0.834104382473358 0.7932495271767547 0.781955469165872 0.8170560677313924 0.8404080887563442 0.8464951220539665 0.8520379634863787 0.8109008628747579 0.8275505280012582 0.8220133066083037 0.7727122954745473 0.731813677483842 0.7324645598373601 0.6901501070486875 0.6446904832213329 0.6363510007887957 0.6336601820155998 0.6009176571294382 0.6363020237067959 0.6670388394099506 0.6300431146126712 0.5758162271816567 0.5396951884551392 0.5462424661707398 0.5059400707616344 0.4951885793528909 0.43881146151513695 0.3744225095865959 0.38243145543655316 0.4055586100306807 0.4197286439201214
0.8102973011587448 0.8264532034129791 0.8167179218586106 0.7781362150901346 0.7787234345806009 0.8309086664412452 0.8216108996763389 0.8823263156509383 0.8752378473690429 0.8772340203108119 0.8359917006477783 0.8700169704369477 0.8541837970884271 0.8628237701147713 0.8465978772506179 0.8035506042067592 0.8190798008990944 0.8438719396266504 0.8624030841092304 0.8459512534935095 0.8417984704940266 0.8087978448430045 0.7956338461959118 0.7852909198541949 0.7188225315559815 0.6635471452224405 0.684753723338662 0.6294995524109342 0.6268728760942491 0.6335458395804408 0.6282277943627576 0.6716561149204664 0.6570591693146385 0.6286195568101282 0.576424020276391 0.5459551163542865 0.5025087879878657 0.4447128525373203 0.4382475405730572 0.3613418899618158 0.3354865153386019 0.3534265006795054 0.3834338718171304
0.810220597659973 0.8463027741854575 0.8199135820290349 0.8349497376025701 0.8448218562990348 0.8372371716364889 0.8705880933074295 0.8688874420154568 0.8758449635704645 0.8791075927501303 0.8794994600289143 0.8650915818824508 0.8476248706720921 0.8790068527399497 0.8325899100841038 0.8533566150993758 0.8638915130897911 0.8852083641787422 0.9006684505952746 0.8994734907610957 0.8473427569462318 0.8255690346926996 0.8367390780386026 0.7881133713867167 0.7313095164501593 0.7248882287220947 0.6859704229945599 0.6845882274528355 0.6688274261829191 0.6336096856353549 0.6379606236939702 0.6670548920393015 0.6610970726141255 0.5822517737723492 0.5808799933851653 0.5322308091039066 0.48657254865374283 0.44722806055917264 0.4130034552016174 0.378942589891802 0.36431197835385 0.4077086624991444 0.3938736533565715
0.84151641124413 0.8578891741396618 0.8077119516069272 0.7892973253712783 0.8158290255690389 0.9008420391534064 0.8933490273660057 0.8800951186504055 0.9147861221717332 0.8931984305681828 0.8607843977035793 0.8665839471043826 0.8813492365627534 0.875496416992684 0.8492885907153389 0.8921970975459612 0.891046804577283 0.8918468960327922 0.891558089208931 0.9293164213021536 0.8537705383487488 0.8813081226046673 0.8116258444257357 0.7697784889153204 0.7540882015233907 0.7453501231978144 0.71607961109741 0.6897652996342409 0.6751551491583576 0.6662730209689771 0.65457937751106 0.646663629175972 0.6115566092998873 0.5756543824688755 0.5623610416552829 0.5346487061288334 0.4820367899698761 0.4059790617292587 0.41878044613802035 0.4443022733970667 0.4347008225510591 0.41020466252858917 0.44068485346000513
0.8244998713467061 0.8201443344476976 0.853488361593797 0.8380149516510595 0.8277437057709915 0.908166989812118 0.909783196362406 0.9463734899366029 0.9239721038078982 0.8593641449213456 0.8552845168776391 0.8679232416592314 0.8855463847896069 0.8680325646643572 0.9142272480743928 0.9047123091934877 0.8811245170406995 0.9188921718520804 0.9423656750157657 0.9162469332162011 0.8752255283459941 0.8470648234418201 0.8385846849219246 0.8238100659720069 0.7667579983566403 0.7402812480493625 0.7424239740790182 0.7367702370024811 0.6796019738814889 0.6958168710742718 0.6372290279857956 0.5914674755293741 0.5908937429970198 0.5364947912546467 0.5387962717231766 0.48789223846188806 0.4858178509692768 0.4074611133354798 0.39916373732007066 0.41252878125589776 0.45169150987069645 0.4250048093996469 0.46436965509656164
0.8825631804670836 0.8652892701933036 0.8574199491204414 0.8133583271085973 0.8773728844384514 0.926480023385041 0.9490629161506517 0.9687672295517025 0.9100531456146691 0.8721811326786307 0.8773680360284184 0.9075690791710349 0.8895644147627608 0.9031481309002135 0.9083936995320968 0.8886940262756533 0.9095809137152427 0.9345440201613823 0.9463041112291312 0.9017377336662248 0.8910403409114757 0.9003743859195853 0.8353127221905005 0.8472434504522182 0.7886973615236823 0.7652261328786085 0.7644280911967112 0.7409680310206559 0.6922180523969248 0.700738340958595 0.6103037209149023 0.591284149750251 0.5768748579860786 0.5310305386256908 0.5333880368321665 0.5020558893067475 0.49727409557894964 0.4478363852358409 0.423812906694823 0.4130044060103809 0.46281779287468044 0.4327420289315561 0.4624182278349191
0.886386071818668 0.8474140365895042 0.827767923043013 0.8423249528624823 0.8714623799639462 0.9216426724917203 0.9526174571943758 0.9605359023280683 0.9110014791727464 0.8959708527373547 0.9161496211742199 0.9556992488395366 0.927633540495145 0.9331804221575294 0.8821314494246968 0.9126156612362711 0.8844340524515051 0.9023860346889848 0.8974424024936545 0.8414582112429124 0.849799030364514 0.8246283488262365 0.8218354342642669 0.8171360675366517 0.7842528981882937 0.7308051823050327 0.7306485930502665 0.7255079964709146 0.6575226399544822 0.6240334714638294 0.6111717372428738 0.5474298968309875 0.5324789073379489 0.49174859760764417 0.5140397075730481 0.5070317113032309 0.4958649941576939 0.4875089583714457 0.4430871641695751 0.4653502660344058 0.44248090714447275 0.4812513112568758 0.45730712530854195
0.900894716571207 0.8580447230402193 0.8269312893198334 0.8623176281305045 0.8971000616224314 0.9313071208333231 0.9239407174708267 0.9047707437600992 0.8853725533519706 0.9079287508048678 0.9482143577779577 0.9577593068777788 0.9230495472376944 0.9139695735398112 0.9218992610516913 0.9355181499842287 0.9122665715259772 0.8614570982617787 0.8416925301504944 0.8340262414973649 0.83459897279028 0.8305841479500902 0.8289473846399782 0.7758193708122297 0.7602440152721817 0.7274076380944522 0.687980495085419 0.6616859302262247 0.6307003464500006 0.6360220591065959 0.6137999307859185 0.5543446843935147 0.5583605750382978 0.5004252965418026 0.48426531727462735 0.4749185049165419 0.4857963647666662 0.4949241689437225 0.4543360288011913 0.4722805275341877 0.508748809182836 0.5128379242971134 0.4817517078144299
0.872998344306088 0.8336259250458149 0.849880945017467 0.9139368701738864 0.8928569157021155 0.9026723175751915 0.8724148321118893 0.8802403892861668 0.8794542241019261 0.8966444960204905 0.8987083969629801 0.9423351045289833 0.9133212793273443 0.8766075370144621 0.8724919817340504 0.9309787930130557 0.9352357864782511 0.9145014544470903 0.8689921673697264 0.8551470390478098 0.8753498558538823 0.8165052598083038 0.7866875031218895 0.7428221182332775 0.7266804749661461 0.698241238267214 0.6827438040350984 0.6975724100620334 0.651217446512862 0.6217054958563786 0.6257419501416586 0.586929807788551 0.5511375552374698 0.5004390955365507 0.49342416039576753 0.4975691310245966 0.49128424120231995 0.4975527574128782 0.47940339374853985 0.5059565205960094 0.49268306455547983 0.4831275743745506 0.49286738536205277
0.8849461417658498 0.8612965738356855 0.8638924301873054 0.9406108065597609 0.8927173357433505 0.8747455494865672 0.8465129810347364 0.8380988139169064 0.8744887697752038 0.8298854104734916 0.9176327448885554 0.9494340132092166 0.8772802124222381 0.8499601452415714 0.8646596799094158 0.8919059581474248 0.925152647738031 0.9427954505570614 0.9196800899148108 0.9301452914290582 0.8869074964943264 0.8514125933841383 0.7919916657226045 0.7933924679228492 0.7803276503071631 0.7054132279305224 0.6876250703366764 0.7045571640560172 0.6438883345491498 0.6225257047065057 0.6324043142210553 0.5941400558555218 0.5697432506485278 0.5057626073864117 0.5093597166138908 0.46429531097692933 0.514358574441011 0.512644880641436 0.5245455244450788 0.5532728004041605 0.5528019007596688 0.5414609075048842 0.5198440310888134
0.9205223314641056 0.8725678128630232 0.8959908217225164 0.9154210717288849 0.8792518726166587 0.8904448715223373 0.8880221794110332 0.8762392537037306 0.8509358784501906 0.8701341713918268 0.8785969199371205 0.9214130739390157 0.8977859925181527 0.8464043800456484 0.8464951392137604 0.8491396133073567 0.871637524249167 0.8839980245230912 0.8876720129168406 0.8894284744741628 0.8912972201927359 0.836312971899624 0.8030623958429941 0.7960656815182576 0.7862989653803405 0.7716413524189767 0.7708913965112462 0.7432664192053215 0.6743516422773324 0.643441910035757 0.6175333349963305 0.5682283208251209 0.53426831734003 0.516520997084919 0.49685680034015445 0.5320732766459726 0.513918886049062 0.5184615354693815 0.539844677823147 0.5432353550478768 0.5428206040339271 0.5214825344449859 0.5492655711762425
0.9257198296797252 0.8816590959979984 0.9063885165755065 0.8854263417238406 0.866097804943401 0.8701099116478954 0.8648491513885557 0.8505506676981626 0.8301993508205 0.8069160727861846 0.8639361502378567 0.8937930717434688 0.8400119218639487 0.8370155019707592 0.8284561382931148 0.8554780855830697 0.8901634244448601 0.9062223742469937 0.8953300380973396 0.8433817805322739 0.8319182425225827 0.8282018192155068 0.8402410491428344 0.8616781406392764 0.8402611476382688 0.795662532626275 0.7456340751893018 0.7623310942625137 0.6940902295673479 0.6193437657362049 0.6099182183500015 0.6264411290862353 0.5352668701610949 0.5135133815020351 0.5429770364621079 0.5662662728892215 0.5709587409490549 0.5581497240940665 0.5423391001134769 0.581233190257396 0.5593372847014942 0.5237523482628775 0.5208234108866029
0.8843078197551087 0.8523104310111155 0.8613198743591453 0.8502768645379933 0.8421715195831254 0.8524565381171462 0.8151654558739612 0.8081473194819379 0.8535907933796213 0.8345674340066723 0.8271924245828447 0.8077633011142947 0.8050813440826424 0.8078720883098717 0.8590928793767779 0.8720262477293284 0.9075037302783208 0.8751719227189994 0.9033082603254574 0.8809688866032651 0.8360300029999479 0.88156448094595 0.8850418648449411 0.8801319816129447 0.8635394676691045 0.8101770803496166 0.7741170155040478 0.71976408747943 0.6766708127768157 0.6460218736581803 0.6136498997494845 0.6227644960715777 0.5411526082913457 0.5010548658704614 0.514609669159721 0.5264150253430534 0.5710166401433544 0.57516256122615 0.5484969554110393 0.5607730771065239 0.5723287114716679 0.5852111576123886 0.5696106580235042
0.8673688016362002 0.9044790751634627 0.8561770380785401 0.7949917101361004 0.7956481810588294 0.776286649924841 0.8147142557540016 0.7999962687221263 0.8209096613420883 0.838131778777081 0.7837327484335138 0.7797398901725299 0.8001116029505149 0.7961294649021793 0.8401116024515218 0.8522594100026825 0.9023821040706653 0.9022626798510165 0.8993603384682155 0.8509261242629342 0.8857764964867151 0.8931149265362357 0.9120382147175436 0.9073659814967562 0.9148256232222854 0.8724669583211327 0.7803361732360462 0.7609083863301075 0.7190991091630231 0.6851392348063717 0.6549472651908168 0.5946767688969312 0.5406356550778512 0.5416105052499282 0.5303502513977788 0.5430518783147111 0.5666932936785913 0.581125467166277 0.5621028547256132 0.5204403272495541 0.601931800715003 0.6244785232492506 0.6226825799470649
0.8758242159553189 0.8984139920483128 0.8304898608746573 0.8344802841800362 0.8394552038821317 0.8052277544413075 0.7985774476542093 0.8253746745950722 0.813970783095804 0.798338487216351 0.7781218535788066 0.7693643716770578 0.7711862950634788 0.8163867272666222 0.8383946776079606 0.8331045921543562 0.8705626232791369 0.8610037911680803 0.8681860783586121 0.8384703983799726 0.8767407781203319 0.8912843559573527 0.9053107604955976 0.8964002668323701 0.8980534701490314 0.8663652678211559 0.8232049418904712 0.7387073924761607 0.7119214040358066 0.708557842161237 0.6533610547173101 0.6448325364479706 0.5747722924959845 0.5932107114999418 0.6031725003866854 0.5836609061101474 0.5834556269107877 0.611979034406272 0.5889900685990926 0.6025565389381178 0.6202539633015622 0.6156626242782319 0.6430147257676075
0.907974452890335 0.8930467717001367 0.8364987135045882 0.838866644764189 0.8171988705349427 0.8269896627243287 0.8202998745689801 0.7896462309553363 0.8289222489298643 0.7952660953957226 0.795476057352729 0.7427016692699255 0.7509489881066228 0.7592046670746294 0.8223240868914657 0.8624282804026173 0.8517576870407134 0.8372871818364226 0.849040741114428 0.8801749046407039 0.920811182879824 0.9758511593469998 0.9209264598729321 0.907874232129261 0.8654517457133111 0.8266956824667979 0.8108827991077088 0.7788778039428591 0.7578246675282884 0.7455542155576147 0.6614556012235115 0.6464792105265315 0.6195442020483979 0.6149645680152818 0.6226588254008836 0.6766066376949037 0.6724103361605562 0.6040123311442827 0.633511832351054 0.6282025140043661 0.6529946910562399 0.6960241719068966 0.6742635317435668
0.8995470637592851 0.8766125581687155 0.8361825603680771 0.8217817741408339 0.8152548860129079 0.842264318856518 0.8436096380256506 0.7848443364295006 0.7996877049640975 0.7883888742987132 0.7686771079075572 0.7850290704464294 0.7715299103744502 0.8199948702411062 0.8374453144240169 0.8524293268719494 0.8166735912118052 0.8524663133852878 0.8978041819174649 0.9100686752565078 0.9631283681006934 0.9859855059048904 0.9810393117792617 0.9417991346761966 0.9344583780784581 0.8884993200813976 0.8166461853015362 0.7547966363673814 0.7517858140156762 0.7716266300419148 0.7140596383941512 0.6505815468882924 0.643849647846492 0.6741138413457103 0.6625468112094324 0.7238500847605209 0.7090894194018039 0.6950118471596077 0.6874377336018869 0.6688181943783165 0.7245864312087467 0.7094308832232168 0.71339879060831
0.8873044400744726 0.8328229500857321 0.8380216757397659 0.8576197971096684 0.8370690946308446 0.8369590403144155 0.8592154747343984 0.8205027539718898 0.8233230787275563 0.8252257402243683 0.8078008532948896 0.8030763765906819 0.7652889600607693 0.8238363295266489 0.810636609532434 0.8102138910808909 0.8389585177080738 0.866157123986628 0.9219832400050934 0.9656795716194299 0.9483762797751101 1.0 0.9970058693436604 0.9874695305985424 0.920547583097464 0.9051622989884426 0.8144953285231182 0.7710996295923156 0.7340076106882366 0.7591759169971439 0.7501532203513375 0.7084722943364898 0.6765672510303918 0.6973427432837982 0.6783905461680039 0.743291242609684 0.786322408213803 0.7698448371933698 0.7230423254094794 0.7394141460790405 0.7457840150107966 0.7487615761784314 0.7387888364026487
0.8339282172289875 0.8462916315907794 0.8321653040208598 0.8283988394687797 0.8074225940251601 0.8480504683088637 0.8662962222645432 0.8801803711673316 0.8211795121626024 0.8160729677897515 0.8005374159990468 0.8115293686202637 0.7839743866878514 0.8273387214043154 0.8101022291158831 0.8203740204365823 0.8462756243057484 0.8734164211743971 0.9016212483519018 0.9205917639081154 0.9495889313024221 0.9688101609264097 0.9472978928204586 0.9684048270716388 0.9207438919968964 0.8938734257767036 0.8284771755756773 0.7865542894078653 0.7525911144391217 0.759706757926579 0.76971136369552 0.7290323705590421 0.7431062315942035 0.7622377654377986 0.7230537383175786 0.7790284592224613 0.8164406036658624 0.8194172171386928 0.7987353592657497 0.7928781987435314 0.7980018190888861 0.8025214234987448 0.7663166452596356
