Raster_benchmarking/Raster/continuous/raster-39.asc
NCOLS 100
NROWS 100
XLLCORNER 1743164.658934503
YLLCORNER 5469289.972849819
CELLSIZE 10
NODATA_VALUE -9999
[rows 19 to 37 of 100, columns 43 to 85 of 100]
0.7769036417093899 0.7732122264250897 0.7477981329697267 0.7508644007661008 0.7305847779964776 0.7406644866157103 0.739997799612583 0.7557556186061662 0.7717415751499531 0.7741299629335664 0.8111333264037599 0.8130051422412052 0.8394858615535862 0.8044493037751527 0.815094682012536 0.8117251734987272 0.8145670918889718 0.7993329165726007 0.7720239762457007 0.7521044037653691 0.754999276917668 0.7020412242265401 0.7064350261976677 0.72158032693923 0.7086699249904719 0.7041443172459981 0.6611334178697416 0.6751775025808332 0.6581429736889891 0.6381026133908918 0.6252218798406125 0.5834104735437983 0.5461786554438597 0.540535600264775 0.5594000012486483 0.561857175954995 0.5912337731516895 0.6040737110832866 0.5930229893373713 0.5775513117711734 0.5882472868950627 0.5588566761457061 0.6034607410308446
0.7570707334562509 0.7866416445049049 0.7403711953150235 0.7317833159595207 0.7143906575382442 0.7188725898876639 0.7501884342429143 0.7352451178209316 0.7789772920260679 0.7913705542058207 0.7996770382768768 0.8394455491432254 0.8082903972193172 0.7995613406866865 0.7998225096221357 0.7934238665996142 0.8168369032340594 0.811894735540588 0.7726820224016675 0.8009295096253217 0.7586271795936878 0.7260089233618449 0.7047491747829329 0.6905925564988348 0.7118419035033831 0.6864227298452247 0.6731784373087104 0.6760871107720497 0.6328058522257586 0.6329500907224119 0.6157611861209759 0.5740179056649226 0.5545893211832184 0.5594258732593066 0.5721516476819763 0.5998049475064055 0.620815238442451 0.6082252582034637 0.5964557106426934 0.6133390951273212 0.5690158876202804 0.5559674811066052 0.5778581260852051
0.777377320238494 0.7400522183746382 0.7276263470045664 0.7166490521533861 0.7381022366259686 0.7633603658593238 0.7654341165871622 0.7439747328440899 0.7611184498086367 0.7942909324606591 0.8048389320390423 0.8142860775199608 0.8241468308260728 0.8090795490558598 0.7696921698486301 0.756454029783289 0.7769623995325263 0.764440672446312 0.7905273829767557 0.761675831448281 0.7635934200021753 0.7153981355252935 0.719053429982476 0.6807563267480141 0.6972049838076235 0.6652703442086859 0.6517957653679533 0.6387511446308967 0.6164960898178469 0.6184342544605882 0.6036827512057397 0.575308670254181 0.6007055954224819 0.5960738499577409 0.6211906934194396 0.5944917472205218 0.6190192666843833 0.6340630963995953 0.607660483439372 0.6064215979414009 0.587278244115129 0.5728930330948612 0.5722158249646497
0.7777692066147448 0.750757480651676 0.7161164493150706 0.7138782767353332 0.7466400720631298 0.7770129719243669 0.7547061322617545 0.7802744026022539 0.7541611590572419 0.761338845977934 0.7920345994118541 0.7734408047918089 0.8046648994307516 0.8194278838197517 0.7703056364234359 0.7553325642421548 0.7521500496047747 0.7376684855960466 0.7595198613527601 0.7578082889213391 0.7162910724067535 0.727438855173107 0.7035789590294679 0.70135681739857 0.682815626829349 0.649100954703329 0.6194821102806083 0.6188358891927065 0.6265846723511678 0.6302401477009456 0.5939505941441554 0.5707423389956497 0.584406989407477 0.6179633843156901 0.6167943085025794 0.6222370607639293 0.6235539003330912 0.6333116363274377 0.6233210768469607 0.6083354421768905 0.5793151230480904 0.5736198485618178 0.5999987057195818
0.7616684746530036 0.7657007220660723 0.761353948742764 0.7541823795075051 0.7501143878081694 0.7477734060149426 0.7551138634229828 0.7603227752238646 0.7735191479065119 0.7744364742622729 0.789880195362509 0.7694371978297956 0.7906345198643093 0.7727250277495231 0.7531428061188719 0.7593938390687518 0.7159835187598693 0.7268859980643173 0.7461200890267593 0.7142889548339488 0.6915377109638434 0.6810733111442863 0.7116418140360787 0.7219083652499018 0.7006599072747833 0.6507187223948103 0.6285286274317682 0.6512694372429711 0.6327271077371337 0.6586737635100126 0.6390841249424558 0.6219927842992289 0.5854268580186028 0.6023824297661509 0.5895661198133068 0.6076667409221732 0.578311112048786 0.5950436658792642 0.6034253943099591 0.5791127640772746 0.5898742354835919 0.5831403755315575 0.5910606207145849
0.7663629676763116 0.7731162215351408 0.7676831663251875 0.7344048788370734 0.7500977464251244 0.7536991615821164 0.7706732729462092 0.7716529555849791 0.7803841776939342 0.7509742289930255 0.7714344178806302 0.7929463580380496 0.7751470699001833 0.7256224208210363 0.7480908037728334 0.722880101166129 0.7228027502752619 0.7110538955008209 0.707609737817894 0.6987464096962184 0.6771122964103177 0.6664280526176299 0.7066793414107774 0.7060615161787078 0.684984359751677 0.6774665199341261 0.6641821200423746 0.6552480518043351 0.6639789589135352 0.6667926277225872 0.6104814145868994 0.6113241824614221 0.5927971353255143 0.5782190376432992 0.5689836722218765 0.5805191695117351 0.5439497849747302 0.5623570429423974 0.5580651961238577 0.5879731915748246 0.5650974935928409 0.6029117312808736 0.5790580920352981
0.7712767917456375 0.7740524324592434 0.7457633237068187 0.766125231381325 0.7787258429687771 0.7911194053206435 0.7675935590877968 0.7335745315649116 0.7393940440562684 0.7554781684963416 0.7341657703740981 0.7415370762815294 0.7600530184982293 0.7090395258003463 0.7277497883339286 0.6868990674735446 0.6986290420404299 0.6849441200585266 0.6788028668352423 0.6896733875956429 0.6864069406556471 0.6843064085123371 0.6892340787946637 0.685942706945576 0.6704379771656228 0.680223398146614 0.6553044446870464 0.6501434039276285 0.6718001717779626 0.6334253610310038 0.616461607452861 0.618812218027623 0.589311480644773 0.5608716119183182 0.5563080208535671 0.5455451115180863 0.5329880630845669 0.5342238563525584 0.5336901236771984 0.5693960367693219 0.5654165946214028 0.5993344253968084 0.6110387963900339
0.7876754796983929 0.7524353292327246 0.7433525594091792 0.7598649165882871 0.7603422330247813 0.7941610864902499 0.7874872387801944 0.7474121600770314 0.7388164136942974 0.7615897897381866 0.7462441680489675 0.721798517291963 0.7433570846834918 0.7084805593168121 0.7174672512734999 0.6776859774068377 0.6796782407120922 0.7104574194914416 0.6791265467776675 0.6844480889349264 0.686643161507858 0.6796664073854981 0.7141514183484151 0.7035847531867524 0.6907631791371102 0.6410713833633886 0.6508161933180572 0.6553810979982425 0.6674549234296202 0.644052588712521 0.6458754015414102 0.6028942939849473 0.5795898697443614 0.6045542904095181 0.5551567613419054 0.5303432593109935 0.5386076324072571 0.5159131835122811 0.5260318919270947 0.5336289566675052 0.5826985904970015 0.619978947890782 0.6167700103488273
0.7600895975901668 0.756382549536139 0.7778180565691734 0.7951605246055218 0.7930668760542742 0.8196324510215957 0.7789703773985364 0.7884116947997413 0.7495060822469388 0.7364708130419527 0.7409162835538879 0.710951520711563 0.7012339023209292 0.699011198830284 0.6840143045197725 0.6798121274187933 0.6865630894955509 0.6933452738657547 0.6972185015068327 0.6893071159845846 0.6933487399258398 0.7022536996098382 0.7038776648592305 0.6767783788387709 0.6678513398828314 0.6290694340633762 0.625525129645792 0.6162089583122756 0.6382090944307063 0.6096230031569376 0.6287792826222764 0.6058362356393202 0.5773378321229323 0.587152325403144 0.5610052347820905 0.5385952763713453 0.5050773568457683 0.51888269305052 0.5369999963414849 0.56823736206591 0.5700879440091052 0.6009849597224601 0.6032805882367968
0.7503475302718007 0.7522594762085829 0.7773376220600722 0.8075824808842971 0.7844756848817871 0.8289430267427073 0.8068451186679769 0.8126745574377815 0.7958712708970884 0.7557461692004406 0.7832063545586411 0.7602846897665566 0.7121625641976358 0.6901365521691015 0.6599011849359396 0.6430712427630539 0.6947259060409592 0.7057577244061732 0.6886258270481859 0.6882758139939972 0.6944899217679683 0.7057808694465262 0.6968131031089126 0.6642021317431646 0.6488528839011618 0.6383934997240133 0.6219732738288308 0.5994953729811958 0.5814703072642976 0.5751699829070608 0.6011420793261668 0.6142070481159758 0.567759537982356 0.5637768814880105 0.5368555202166806 0.5012727322566682 0.5179796811207094 0.532943486066787 0.5295383503068644 0.5444452797888599 0.5433603470582608 0.5702541154436405 0.5864958026261174
0.782667976687085 0.7844045045410856 0.804734935113482 0.7756349340680179 0.7843144791822011 0.808055181255062 0.8287745763180476 0.8017992969882828 0.7889096013071288 0.79126568869028 0.7861289245691755 0.7650176118404046 0.7611381128429603 0.6950699824649199 0.6783662086959305 0.6686059525109813 0.6957535069032197 0.6815423075163997 0.6974994983041243 0.6831048592067123 0.669602992036287 0.647984425225904 0.648958521019869 0.63372139476837 0.6254689617727609 0.6232191016334899 0.603535531906594 0.6238093689728043 0.5785951636487209 0.6087198198373961 0.6192030826700999 0.6005481792795411 0.565946932337831 0.556815119052627 0.5356386759986975 0.5403121017029159 0.5290963745142774 0.5423792671110096 0.5222385958645225 0.5632181999094247 0.5795755260088418 0.5600660211030088 0.5756356157358598
0.7683866438356804 0.8105170206894807 0.7679114471304764 0.7569898265829177 0.7823550520302442 0.8005134558019393 0.8017177751372419 0.7951029737710612 0.8054986736301951 0.8015712867164646 0.7801894998101726 0.7963715791541591 0.7400513408865513 0.7158382285203356 0.6927529339652618 0.6637626042433126 0.675172562168615 0.6835061297740733 0.6509343225735513 0.6452776043392093 0.640943986734719 0.6512939191968405 0.6234206158336294 0.6194918259916415 0.5957584067534657 0.6088830262681564 0.6066037440248044 0.6270724996987399 0.5908596903246978 0.5938381901591484 0.619784662713131 0.6059891409254571 0.5596296004171416 0.5327130100031884 0.5217399134611408 0.5381699414504169 0.5261219142799836 0.526309495372708 0.5206237556298405 0.5379844924703805 0.5569924647427291 0.5781156497395288 0.6009015614159937
0.7799522925664856 0.7931767553495418 0.7500825105007725 0.7273342976596839 0.7447092759007663 0.7500004943005554 0.7927510507841672 0.8032613440359531 0.7612592547485173 0.7528174121746946 0.7751080954410495 0.7854148774072887 0.7387609024266125 0.7402189398580672 0.7047993102967759 0.6701932598251171 0.6722885497048642 0.6913868678820749 0.6690562515098727 0.6224932481723081 0.638202375329326 0.6352896584205269 0.5953393932657617 0.5939170490309909 0.5756480162974168 0.6064882479556037 0.6118529557695104 0.6174701985810194 0.6118804746670339 0.6085532502565419 0.5815174379285896 0.6051923089475557 0.5792425402044243 0.5624003705984512 0.5283438782357388 0.5111617591491734 0.5300439621184501 0.5329526325692329 0.5706492704350619 0.5380771864910946 0.5616745681132148 0.5743799828275824 0.6014588826998876
0.7749481715018658 0.777081285859679 0.7304725569692396 0.705704464808337 0.6995387352175242 0.713513814530904 0.7641071647471198 0.7740070773812235 0.753184360984642 0.7384375212413204 0.7646739330825136 0.7780248989834282 0.7255174273444177 0.7411296436302933 0.7178754914600836 0.6504840764878639 0.6585992101894074 0.6642790749824927 0.6631061895028834 0.6065932548683718 0.6088815511162865 0.5959413314887859 0.6037846677832198 0.5719026321976056 0.5709377654581218 0.5716660555318688 0.588382723446045 0.5811369991400896 0.610534614101177 0.5968968272028117 0.5776020418160133 0.6132825714861441 0.5728145667211665 0.5523906216527321 0.5478343676989911 0.5032003609852663 0.5268881402450679 0.5758639688547342 0.5542896412630822 0.566222790278476 0.5705871045598276 0.5644886897852713 0.5766522088934619
0.7510017891186375 0.7513278095656366 0.7031025505973624 0.7021451495519947 0.7003286126056705 0.6860511388892817 0.7073658141646809 0.7137840759538966 0.7325721528009217 0.7546231474757318 0.7483019433640468 0.7546425063311338 0.735383193213126 0.7117075722593013 0.708197191052305 0.6729864492555886 0.6618016005926807 0.6447909981496289 0.6431351587637575 0.6332117349235808 0.6055368930461811 0.6092300923522529 0.5812045551170347 0.5798845713657742 0.5775752250115996 0.5848089946202306 0.6019652243759588 0.6068752570615707 0.590087437268694 0.5874896769843301 0.5980725239607669 0.5969177564318421 0.5981068741519794 0.5744736438537087 0.5374817098459943 0.5561052849262683 0.5608575525522181 0.5424783685795523 0.5569163761175842 0.5375286531811116 0.5541744515581345 0.5597570634974707 0.57469885205296
0.7111949444497337 0.6925646072789184 0.7014813496412599 0.6555257506163964 0.6825776212610684 0.7128351615317211 0.675014882430195 0.6959087148977777 0.696033102201637 0.7198341708268177 0.7365384735049486 0.7016781416713216 0.7052647341245318 0.7038718221846118 0.6732171261723023 0.6723441697347702 0.6375834895748962 0.6111985716463711 0.6109223080052121 0.6212005266434633 0.6257859321552791 0.5776906552045833 0.6098912976470992 0.6033819398121051 0.6027318517643758 0.5991093393634689 0.5794956814667989 0.5917947190455162 0.6274320496704384 0.6414748992461277 0.604912149054631 0.608842654782041 0.5869763722859127 0.5911089438055949 0.5838013083132917 0.5611447483046345 0.534384113052925 0.5526726943114398 0.5341401235077513 0.5469274503968727 0.5314471977646487 0.5622563540613906 0.552752787478539
0.6877840099380491 0.659411131708189 0.674409316352349 0.6656599721216261 0.6929714755368492 0.7107371684381055 0.6761445848231763 0.6880642785974636 0.684980975365563 0.690521757106778 0.7137268868643633 0.6900752320547987 0.7111068916564319 0.6932597683800477 0.6826049032421392 0.6913482532922133 0.6703287747892341 0.6497635710843986 0.6051578848815479 0.5982529372804796 0.6275345440159074 0.6300090233703903 0.610161432776146 0.6052027222025375 0.6077796616852579 0.6179630268747712 0.6056239370953841 0.625826760649964 0.61766487702918 0.6503585598926817 0.6362725043961974 0.6011232569514577 0.5743047698693824 0.5884827976165433 0.5784491990804326 0.5334592725850212 0.5334248597958829 0.519056121489572 0.5188961954358988 0.5382445712257196 0.5467132550325731 0.5595514941044778 0.5674222520546275
0.7101675780378266 0.6676550145020749 0.6693826900580557 0.6493408152060942 0.6877904617525206 0.6787530445626081 0.6621352242311954 0.6982740803277299 0.6839024400472002 0.7128166235471995 0.6939749777530498 0.723235966242313 0.7187605373222923 0.6796627173342255 0.7009785390326723 0.7104668947611628 0.6941596429239397 0.6531851401281831 0.6181889053387226 0.6017718880532759 0.6068787696548054 0.6255783504483192 0.6136521118846503 0.5654362289335827 0.6127127178675408 0.6375248869199222 0.6273445320446781 0.6317665195260934 0.6396193482399656 0.6147700230880235 0.6344669604235224 0.6102598944028476 0.5730429621811755 0.5694466923204241 0.5281862635594312 0.4997268104369783 0.5043105539494251 0.4833997020160399 0.5095312557217992 0.5052818261614876 0.5169243744835896 0.556581238609674 0.5796236402281546
0.699498072421096 0.686671309450706 0.6600910742701266 0.6420765321534412 0.6591943120328116 0.6892809364485739 0.6653663540497159 0.6834726809010013 0.6996723227760651 0.7023757161694448 0.7105608010466956 0.7160624476737079 0.7088620548089752 0.7033644583594043 0.7245256074696703 0.6920673587815106 0.7006307786887319 0.6693796617005127 0.6321852778771202 0.6097112802676812 0.6337289968587632 0.641357322064421 0.6141086770054279 0.5906023883296182 0.6235007278678059 0.601716732504834 0.6082479218292616 0.6278014794882686 0.6023039545146596 0.6187748920513093 0.5961068203617543 0.6090550226840636 0.5715654304559483 0.558588460251413 0.5354371131567723 0.49643473480263595 0.49246265523484367 0.5140585516746101 0.49682736273439326 0.5321184375485589 0.5305136213841216 0.5398297017184966 0.5595317453762859
