Raster_benchmarking/Raster/continuous/raster-232.asc
NCOLS 100
NROWS 100
XLLCORNER 1743160.3409162024
YLLCORNER 5469294.954109538
CELLSIZE 10
NODATA_VALUE -9999
[rows 0 to 18 of 100, columns 0 to 42 of 100]
0.0640656436825115 0.058155009655787925 0.040638640786374226 0.06244965388573935 0.04487010931818169 0.027194922959331555 0.05874809747554598 0.052713721010867215 0.03089637741574446 0.051110803688917364 0.09210303164223388 0.08587496689582275 0.06257654788215794 0.07819802728164693 0.1209593358044282 0.15188032338484989 0.17274039006384528 0.1828483333869072 0.1695250663925432 0.17154729614122058 0.17136650441139942 0.14200110898527793 0.17839863399959227 0.1731420918179971 0.1905863741664696 0.18171201407004878 0.21233631018194138 0.26261257173999636 0.3083722175859029 0.2863940876996005 0.27010431296947035 0.2924586665805102 0.33780255780694823 0.30801087816565864 0.2839805786964356 0.26971964629245193 0.2975658628252183 0.2796421074057362 0.28970564254182435 0.33067263409257625 0.3434637680660094 0.35387355118924263 0.35377397995041576
0.09317455861722786 0.10556774245478122 0.08047265339445966 0.09236881384208584 0.05472964864042576 0.02243921489143988 0.034966492137461704 0.0709028466535869 0.028044066119979977 0.07859220014791493 0.09968947000984013 0.11027426261994065 0.11548871716578876 0.1182329652308929 0.11797737088268034 0.12688247130523614 0.1638069446989923 0.18504964300072255 0.1807485952855705 0.15018258481707797 0.12336024655296426 0.14546331795836717 0.14360868684629605 0.18502101767868215 0.1831190571645023 0.2147428260284743 0.21902306397571827 0.26728581330383305 0.31118489351522594 0.2822991122313446 0.27331679399505615 0.3198978409535966 0.34678915968598256 0.3286394581623935 0.285407958972639 0.3197055565836471 0.31279704267702857 0.31591755296520024 0.31690121895215806 0.33284425367712567 0.3848382710726239 0.3609988790619794 0.3573236344904806
0.14415217744760794 0.1516396901833876 0.14688498064927188 0.08451076823141865 0.08813240400715332 0.06689490789767173 0.08331826503260298 0.06771435924872218 0.08613428877333426 0.10379792762473478 0.1070315899992713 0.11358330641624294 0.11362280280533066 0.13951427331450966 0.10787007334801324 0.15018197071548253 0.14776255255561802 0.17972274539903868 0.17039423943902307 0.15742128550563816 0.148153581936252 0.13455149340387731 0.16010922685829593 0.15579070024918024 0.17259823226432602 0.21741240413750165 0.22592463412018865 0.2685989029103715 0.3159441943351264 0.2848182465656419 0.2992462517444723 0.29600650545650714 0.341753707014584 0.3108073364397018 0.31439144698620386 0.31985027193182247 0.30026161944921936 0.28971191151577064 0.2971832800221449 0.3469062985588493 0.3688448905599761 0.3474668945153337 0.3393396883574934
0.16863980328762146 0.1825905224422921 0.17750638159895973 0.11492849899714366 0.10107186001803377 0.12487513098215915 0.08649911546659576 0.10694677593563044 0.10661850828342939 0.07367905183690472 0.07617355508060247 0.09222252102395102 0.1251065505407941 0.12816425192054928 0.1106347492532178 0.13112642333668403 0.11781971517762918 0.14938652352950502 0.15785695749240428 0.18539698532329424 0.17670226876290984 0.18304079521023997 0.16829763383969068 0.16968039416333103 0.15940731912850542 0.17525808738407245 0.21656539977473124 0.283846705613981 0.2997089769260399 0.31488093834782777 0.3274829121069029 0.34159098290435524 0.3280201488344075 0.3347879819903453 0.34697155869631424 0.33655080834164247 0.29253963955470713 0.2958237090372265 0.33825023170330276 0.34115876178013455 0.3785807705890598 0.33462592287788606 0.353136967820351
0.21652347784385254 0.16743054643389685 0.190042122159863 0.14898894905683724 0.11990804750945919 0.14301302351496267 0.11432538067482352 0.11308417153811218 0.12677047496511215 0.08755025256768474 0.10712393168478714 0.09730800729027278 0.0927408392031085 0.09936448225360492 0.09367726776324962 0.13062840562794492 0.1099960535039209 0.126512639884983 0.13835522861731744 0.1645649549056048 0.1529000493970537 0.17550978435664252 0.18282791112310914 0.184515433122016 0.20040025567668496 0.2118022539212259 0.24378655333527854 0.2532654010675999 0.3196926500869295 0.29592796111909164 0.30579152375574825 0.3227588719684337 0.350862121707492 0.34954073087593784 0.33456595010046214 0.32197423862895735 0.33153657359963695 0.32395579778496675 0.3799331466287324 0.3892194026434733 0.36424799867706753 0.35866976564025643 0.3064324699717056
0.21134803787931974 0.20502307575353834 0.20118401436320585 0.1484764846272832 0.17655703283018506 0.1620852111742341 0.15542919347400708 0.13623280653426473 0.095993548438534 0.09292210750313333 0.11296292735703346 0.10106999074786058 0.09529031771639167 0.09384161435327486 0.09054929095431814 0.15622739654764242 0.14825189191579022 0.13895152935911273 0.1568116757805944 0.14922247601585312 0.17488207923058274 0.15107232768506623 0.16306448687183378 0.1804052038176884 0.15888044697112774 0.20857666175672862 0.26351898565086257 0.30396189624192255 0.3256213026440019 0.32268738129129193 0.29931572848524934 0.2987154670989133 0.33782346004800873 0.34774629242160465 0.3176114742296599 0.33004749864460153 0.30889253883958384 0.3149059604085652 0.3729084102060985 0.37471343586577655 0.4132159544362051 0.33952510423300064 0.29710560695971555
0.23277905880949462 0.1876488860978905 0.1570504032518847 0.15701780795072043 0.14923538333632974 0.18537315006630584 0.15501928792108297 0.15132427167133997 0.15957794499698524 0.14890573325187298 0.1656644694972113 0.11435547611772745 0.12978198449221554 0.13643068321461707 0.11688254596011369 0.1507669395868379 0.18719626994774205 0.19882550162640464 0.17259504150327826 0.1855851923460292 0.16564917734640472 0.16671454972782382 0.14707426662162582 0.15742840169509104 0.18588103005975334 0.2332814954605274 0.25769159871253605 0.2848422815077991 0.29059496043522876 0.2801704722699861 0.3132817669279794 0.32143067392089897 0.3326309003456892 0.357830362937892 0.3531879231163238 0.3280930329660189 0.3192865356957736 0.33790774336501306 0.3461086563069737 0.35542738142801433 0.33367392183742867 0.3250729348439738 0.3151413031478312
0.25661166142717845 0.223869955753144 0.1621153467771643 0.14020156857185576 0.14695076562644213 0.19164317303880848 0.1742599593397483 0.14327565004141588 0.14434581572285968 0.15880752061517947 0.18584259743806106 0.139126991976634 0.1220227527484611 0.12744585877742368 0.17241996748964045 0.16213338239059927 0.20344050081352083 0.23017786323087097 0.21272399096420835 0.1816471290531422 0.19786625862759322 0.2169248331885094 0.18436249985309025 0.21336597300626706 0.18159611675875892 0.2189886131622389 0.2277403610790171 0.24444990712136058 0.24438622065659177 0.3070453134282285 0.31122150722737585 0.371929848720669 0.39980637777633965 0.3726381300133972 0.39525420015705187 0.37586352152267527 0.37247589178132884 0.36077882341733475 0.3588681755171806 0.3561614058838249 0.3418855785268445 0.36672280534611873 0.3302764233325432
0.22999226031507386 0.18455248187671727 0.18426593573317604 0.19789536438892363 0.19193321558677887 0.18605037550255793 0.2233409523094674 0.19709705455245455 0.20920908844211966 0.18242819903979882 0.17740144858603996 0.16350559011487284 0.1772903520325566 0.1612077041898706 0.18798731217810064 0.18754755025796177 0.20642575162568216 0.22545297077227763 0.22730036308910806 0.22084198928990892 0.206808869985474 0.22686273075999547 0.24816610511890008 0.24363096562153655 0.27102968316526255 0.24518303561310476 0.23944128020139008 0.25636936376033165 0.27898618910582385 0.2927463232759748 0.29797321034747076 0.36442506562674076 0.38535447242973975 0.38192353248323596 0.4014389286071856 0.3875416892800872 0.3931593750652808 0.38911609035586875 0.38606070879109794 0.3636365764933822 0.393047665191009 0.38552024323191336 0.3642636462744933
0.2059400052982995 0.2040268031018182 0.20194865589626695 0.22123070969491204 0.2211095564809634 0.2516886334082547 0.268744767747097 0.24710976926437592 0.2587782002316348 0.22792796590247885 0.2368210971643232 0.2122899079481402 0.1928665057749781 0.22334965247921526 0.21817183138965326 0.22543293044051066 0.1944703746927799 0.20741474126927323 0.21462188077870156 0.23532781293161797 0.24745112002202474 0.28815701403120514 0.30884155618762543 0.27645256195508466 0.3098645466564563 0.3096031022393232 0.27862716299291584 0.28492425104543634 0.23855420773629363 0.317265593399512 0.3079008688935956 0.3342196200832252 0.3978814539606293 0.392118428531815 0.4334641041669384 0.4321998685389781 0.4139106812052307 0.41779371231133083 0.3939056110878854 0.4192451703334799 0.43253006705337993 0.40279525350040707 0.3904129567060023
0.22032390018026146 0.20982154025240016 0.2307342283479248 0.24301302881785475 0.2566726575119057 0.2752148452202499 0.2709892051927187 0.27489514842811597 0.31271534412330265 0.3016761789246434 0.2843389404550404 0.27017515865127595 0.2547759568770792 0.24592224558190603 0.2588750288685133 0.24739153465997094 0.23647927812646488 0.216445785160944 0.26807805972177196 0.26033339778361586 0.29037640644386126 0.3108241951083548 0.3460450893464829 0.3310585127808002 0.30983686866214316 0.32003059096787934 0.32201025743753053 0.28226468333009175 0.2874152753559463 0.3289764514327378 0.3553542808926365 0.3557510376312704 0.3961288969399625 0.39767732330250616 0.4271522722667551 0.40475863780424715 0.4118199722625452 0.4208404899705858 0.4147219806319581 0.42973270537761304 0.39422444985514316 0.382643173518046 0.3873968078831432
0.23986580626377732 0.234280769004142 0.2790492329367477 0.3115539010996762 0.31003706211260806 0.28371467141157897 0.3198955317156964 0.31711678749276506 0.32793079848188 0.33587085296485786 0.320844616258905 0.2987815010054369 0.26234465596804907 0.2679781984753631 0.2813308189128319 0.2836266336107426 0.24581149604391567 0.25347497826907545 0.29241974166107687 0.31292101379276593 0.3351472234260261 0.3452206150342136 0.33119659760735065 0.3104470534564854 0.33297873834651937 0.3260676930844446 0.3367474988740041 0.346924693139969 0.349341428871889 0.31946647248521975 0.3587041439069859 0.3839191783882625 0.4023749304498057 0.36227654088450845 0.38728284748096875 0.4072534944931081 0.38470961265816483 0.3994014313686097 0.4425769875133953 0.43886002182593487 0.4033413958914186 0.3719143905237611 0.39086680189095174
0.27317022629323734 0.25836087009008746 0.2977021198989995 0.30936642328693226 0.3159390281464742 0.3305600271318981 0.3013270725835048 0.316258869012747 0.32239144863190683 0.3378345304782164 0.35887191392432644 0.32473866853424005 0.3016486821454332 0.294999634039546 0.2833457165410101 0.3028025972977981 0.27564010321442456 0.2708963891085023 0.2833778946986935 0.3054833627773666 0.3185345315311531 0.3229883518825604 0.3537353622046093 0.34678488580484007 0.36457287466649074 0.35019609464386614 0.3608580410536004 0.3526978375836696 0.31221710522775803 0.341638135975984 0.32999033910939485 0.3694265054960731 0.36661021109136704 0.36110166144968536 0.37821631574263914 0.4007202140868983 0.40288856268423745 0.40960203637348797 0.43487353183085214 0.4128374518747959 0.37490790794926115 0.4107048628744729 0.3872560087299766
0.29765707927228363 0.2986514998064309 0.3136314115135584 0.29557617319500085 0.27326019424247394 0.309254966924029 0.32175143876817563 0.31199484515392895 0.368531619166932 0.37397804167346516 0.4003057831759251 0.40582999205803333 0.3821388909628964 0.36949780573458724 0.3378251240953118 0.3207564575135028 0.31473320711656966 0.31734283993234497 0.31047896135816294 0.32594322288868294 0.34725946914529854 0.3391978050788068 0.33676945511831347 0.3665098879576497 0.3250366869709464 0.36728755016629117 0.3492079367484799 0.3240078030341701 0.2986069642592687 0.345257201667239 0.35339192169434425 0.36284563844801454 0.36256703333838314 0.38401958723481733 0.3677234464840933 0.4053505127007504 0.40303537797472 0.4208330157048751 0.44816500338760806 0.43512174282799926 0.36957744251105523 0.42180510431142226 0.40830603165900237
0.3410734977038629 0.3073841248968755 0.30830255296932857 0.338552521816737 0.31160122103172955 0.3147663340792549 0.3163188563767501 0.3420543160258766 0.38291736876287097 0.41071863027217376 0.42646575259125424 0.4203941549915432 0.37371384414914594 0.3871435521938299 0.366617330464097 0.37719338033054167 0.33698736768492155 0.33818809349684315 0.32648924608558866 0.36200385173041144 0.36764256402541895 0.3710322281057169 0.3428612226326204 0.35856786803101875 0.3998326165600624 0.3952882553864093 0.39079151152412017 0.3407796154333955 0.36762720216522266 0.36291386529459607 0.360049686935109 0.36267453843087555 0.39959493241217636 0.38163082008036014 0.4004519477578268 0.4258155423098814 0.4315846296327243 0.45230878919626616 0.42753514493002426 0.4228895120891686 0.4013998042175936 0.4076163980993865 0.37536046170330023
0.33358230287108537 0.36477352772229893 0.3439406165872432 0.3566097567558647 0.3322965612125187 0.342836972773114 0.3228038619394974 0.3547461148136418 0.4181140718805215 0.43272222550595596 0.424411792387256 0.41690806756212145 0.38355794078457073 0.3933436379219587 0.3930353251462963 0.38613143038255926 0.3945277829991095 0.3757357434889688 0.34912617025369114 0.3752091625464889 0.3760683420893144 0.4247992053066318 0.40860572172804344 0.42706195691394605 0.42577497579971707 0.43444356480633933 0.38419159828032146 0.4036938958635815 0.40051103873712834 0.3984495128615247 0.4088176073138372 0.4106872008437847 0.40251186173306647 0.41023030438151586 0.40946977794208933 0.44513515037342827 0.42707279472351467 0.44051709766037134 0.45204077435372975 0.4353839029549784 0.4308464437011624 0.44574426485926516 0.41551905432584224
0.3718900803453341 0.37003668455639976 0.37090501088819544 0.38005847352075145 0.36991563359103014 0.3673715089298263 0.36108818902503687 0.37530675049692247 0.4095280539141361 0.45926848924605973 0.47607276804238957 0.43936086994534757 0.4007046976538446 0.4127484995417685 0.3822171021438292 0.38862296738665153 0.4071120386604044 0.36990605377501756 0.38161320414895916 0.41504369126987245 0.4252046726274295 0.45537065296355383 0.4709265774935801 0.4698365318966751 0.4366197804082227 0.45174769348450317 0.4269215176867745 0.4326792681588292 0.39660569058873635 0.4256695773254353 0.4476804411884403 0.44762043640859744 0.41117547651788455 0.42769903496312756 0.4542839131052486 0.42324013256754267 0.44054667758318344 0.42114657864736194 0.44060984983137846 0.44659641402823413 0.4481463544630681 0.46231166132814944 0.4302431721155166
0.3741607646494629 0.38855543042055857 0.364120536433009 0.3904584304460786 0.39926214431881574 0.386639358271241 0.3930944904823464 0.3823272659861016 0.41044336065412235 0.4313481888586865 0.48141515443720045 0.4915059959135546 0.459413227546952 0.4674281125331931 0.42378505353762363 0.417150443872258 0.3849956643735075 0.4172543297658562 0.40253788815459846 0.4325696533222982 0.4482296707548073 0.4577988408573343 0.4848518677007528 0.4889091138460871 0.4972900217467276 0.47577983189356854 0.4487825462432038 0.427060022087587 0.4296792405728336 0.4385857085406535 0.46044370215726643 0.4433847151520552 0.45352472960041873 0.4583867825021656 0.4774133841895355 0.490864057213452 0.46372870773909053 0.44843688678144894 0.4345882232691323 0.45295383384124693 0.47559501010472216 0.4986211465140598 0.46558528991373727
0.4304918732848363 0.4380598979199336 0.3920292689701655 0.4048285841696188 0.4308772590182202 0.4653657366425871 0.45145757530272873 0.4380344923920266 0.4554399054853635 0.4407568697604839 0.4678121266244319 0.5011689467041526 0.49214374711479114 0.4719162578341335 0.4798746209386519 0.45410255808462807 0.44268131174559106 0.42724106270964873 0.43508593934730505 0.43914168086593736 0.4594541246627343 0.45038017812294884 0.4840605963228278 0.48326592341025454 0.4908292253187527 0.47732448052394766 0.4345981964026396 0.43783302837356214 0.4568966096373719 0.47303025433638585 0.4806847528337123 0.45136841793947124 0.4454269365437014 0.47621669371957653 0.48696793067518546 0.5005005188958687 0.4547038895449915 0.44716561132009974 0.45186806487251757 0.4799890644253419 0.4764149795391738 0.49817395078761434 0.5128754185433441
