Raster_benchmarking/Raster/continuous/raster-455.asc
NCOLS 100
NROWS 100
XLLCORNER 1743150.0569198013
YLLCORNER 5469294.544011593
CELLSIZE 10
NODATA_VALUE -9999
[rows 0 to 18 of 100, columns 0 to 42 of 100]
0.36754269654374666 0.3764480423134529 0.40294116685087167 0.3665300337110249 0.4521463336234202 0.4700950810886812 0.4148136125145613 0.3878541056510973 0.4442935143881594 0.4451420977707627 0.49350970062458305 0.5315577341809617 0.6200635410707611 0.6106209770056068 0.6194998192290655 0.6065458720789978 0.6296517419051074 0.5907597394019609 0.5204333363604327 0.5469984480375514 0.5681785681607533 0.5622268088961994 0.5658762141015463 0.49569019758534283 0.4584134535633489 0.40051701851027716 0.3971142441267509 0.3356896664406152 0.33867777314886166 0.34790509338414405 0.3608882437214776 0.3324524408469093 0.33849127004174956 0.2988164482998462 0.34830584434009637 0.35417488807000735 0.35355485958297656 0.36704897617008575 0.31711294515057153 0.3282116212729381 0.2981246535458132 0.3075166393997723 0.3125980635147234
0.3628924623898745 0.3931702400053832 0.3888449003062096 0.3952198142033315 0.47306282889140494 0.4607610930526416 0.42707557265278534 0.42734399761199365 0.4562579957601141 0.5230575301225547 0.592489429010209 0.5998647893601159 0.6821843001095702 0.6318252537030841 0.6642848893233742 0.6749532011660677 0.6861787146513584 0.6569199955180569 0.5887845528287513 0.5440535703183077 0.5945198200286652 0.5841247993619897 0.5501410982816003 0.46801567835068136 0.4702891511423212 0.42942378094231176 0.43627679658867435 0.3419846861507431 0.2724394593478738 0.30228380603000143 0.3054495534358172 0.34654226517093595 0.27850555485937084 0.35884852137819423 0.38618608382700625 0.3445946048338873 0.37690489944155864 0.4099841028778184 0.3279858156745723 0.35953077279376483 0.3659587285568127 0.33667305425438304 0.3439992589055908
0.41340441890100543 0.4230547140983734 0.4340991157234153 0.3996350411313267 0.4518734352323039 0.4734120211273255 0.49671828714040234 0.5186431869906443 0.4816124518440053 0.537055915077269 0.6337427776580818 0.7034261842470387 0.708332594988322 0.7225804761152462 0.7108153480440167 0.7308815867028081 0.7387665862334839 0.6452880911097426 0.6074490857533654 0.5275395045525265 0.5043280088930902 0.5583082761682546 0.4927927368343836 0.48506311994244006 0.4484905716119527 0.40833578233893786 0.3532113357647703 0.30895772388971765 0.2758679213055971 0.24943660601151493 0.31181985933897544 0.29511078737442853 0.30440727027000775 0.34679758207549943 0.3639656370853168 0.3883181207093522 0.4161788630992858 0.41349319038957427 0.38209154553634433 0.4123896791912902 0.38177421483653184 0.362687070756257 0.3670072073143398
0.5445567985968865 0.4331738336825207 0.41176783102271924 0.3832819694715034 0.4186494056848048 0.47295931044276734 0.4831945335687323 0.5461111461307452 0.5563249664876821 0.5790509086447962 0.6507605849165962 0.6733146381140738 0.7264493575582232 0.7388075852522188 0.7457254072642651 0.7755498966325953 0.7266538223032247 0.6538033475823942 0.6246386631499254 0.5155004542491501 0.4495150598312676 0.535033106036056 0.4892473612252611 0.5052420815477877 0.4295249769503633 0.37803081976070096 0.34675116370440134 0.3326496281493953 0.25264603852842743 0.2883218241241898 0.28088408302265633 0.2553373986305211 0.27481802649070364 0.2857541113360828 0.38584331195835714 0.4068061670762218 0.3792199545763166 0.3741118240173638 0.4275634696319233 0.43320328447367606 0.3908358725982292 0.353194018872497 0.3440710051842049
0.5294157268034109 0.4458487861021921 0.4507528940985807 0.4297605284846594 0.43906614336343497 0.4543978722077334 0.5078576507587521 0.4930152003080608 0.5358568677775228 0.6419194419190205 0.6727744415343658 0.7150375575321051 0.7701359460602749 0.755985895914456 0.7439646222400446 0.7615624588041584 0.7535082653934433 0.681860505333162 0.6409479690105987 0.5700127113867504 0.5429488714550462 0.468665460477455 0.49021792319945107 0.4871935612390252 0.4203134751194885 0.41729293153354574 0.35387477070242057 0.31358348547616444 0.2866688424876401 0.2508849109362147 0.23354382750226726 0.2737470424850252 0.2632710661539759 0.2916668167257794 0.3135424451674297 0.35963044740245204 0.3420014166451643 0.37421563661635754 0.3738527991539851 0.36067303507260023 0.37642377737380955 0.3374856334416278 0.2794597236122973
0.5070828973190372 0.4314597167633435 0.49365080726264005 0.5067977991342814 0.4977870050562454 0.46005150335228207 0.45579189555983124 0.520133906281455 0.5466935596380883 0.5737724606226274 0.6513470317024705 0.7223413519376728 0.7840692960028062 0.7754429621982937 0.7573041352803787 0.707260123997536 0.7059607361869238 0.61356535068303 0.542940133362045 0.5831405303810707 0.5818043295740435 0.5610180827093874 0.5258119391791276 0.4572265108579596 0.4411019368034438 0.4261382157538554 0.33131950241487235 0.31616448310741846 0.29868030301658005 0.29318176890655445 0.28059798038057643 0.2349562360422187 0.2539964398580776 0.28645362328649143 0.3447066404741776 0.32704559996177074 0.36523929967596563 0.38159169946769333 0.3447862217300063 0.38891841048745207 0.3520855098543549 0.32998521663629254 0.2937280938045548
0.40840344667948286 0.4214675900463598 0.501464885391365 0.48781548382228673 0.4918918523961983 0.5315351739259065 0.5082144766921368 0.551383548603042 0.5784154572144502 0.5667130318200639 0.5953489376119856 0.7048515365353644 0.7175391875634632 0.7522816818550498 0.7064915212690167 0.6541060540726636 0.6231357343511518 0.5956557751082969 0.5872913742706187 0.5911357347389156 0.5764315815721762 0.5201463157050126 0.5096020073255726 0.4517369808480394 0.43136903465788723 0.3744008882673546 0.3437538945037793 0.3685288794610255 0.3889678873995004 0.31889353447721974 0.34654704657643687 0.2941640274924317 0.28965582799038897 0.3091972369229943 0.31142872257529 0.3103102771184528 0.337623354918158 0.3409241568384903 0.3440405002885129 0.34744110765300146 0.35893031331301245 0.3036624483217008 0.2782256231101555
0.40904790537723446 0.4645162662092668 0.44848976882290886 0.5122760272354255 0.6202633070979322 0.5625914049140414 0.6006510221641185 0.597727193231698 0.510614874075967 0.5521463776483986 0.6238698197373147 0.6671500416031896 0.7265852356745719 0.6895700027809225 0.7196206600644853 0.6862451307288007 0.5889137444693954 0.5698393296891306 0.6034844530170225 0.5847788032066671 0.5417487320882276 0.5708061148238689 0.5468411386833976 0.5038517659442692 0.43235767216063375 0.41692965555390954 0.3334129917159001 0.3662563813107088 0.43848528254359687 0.36140629154723697 0.3675610681737072 0.3167427228258254 0.22812773737498934 0.3146309938871718 0.26911536427969057 0.3545338929982446 0.3229677960319176 0.3109849805425168 0.31869371363494126 0.3522227231352202 0.3298592402488923 0.2501344487092811 0.27622621582841506
0.4680939525819783 0.4991159031585051 0.5095200483181669 0.5237909976455302 0.5461685554548815 0.5641926643509342 0.5865027661375213 0.5594572653699426 0.5652981036386969 0.5205805169195225 0.5892744909419235 0.6586905446716403 0.6823029120507315 0.6834187019575494 0.6268916065598252 0.6319639753357126 0.6368618841478565 0.585120322273997 0.572843631740727 0.5886625902808187 0.5775987319391513 0.576966216292212 0.5259963048205446 0.5183889808603045 0.42538054983995605 0.41236625158513895 0.3508452178376476 0.40836948103744236 0.4192223451176274 0.42986089546092454 0.33311686524425227 0.29048646828320945 0.31223591865448286 0.2785742245789063 0.28160275777497 0.35048620054105767 0.36696742770598256 0.33747269564854526 0.3525322371586083 0.3096010742983105 0.29689941082199944 0.26547894689743473 0.3177390516278542
0.5093669387700912 0.5351976351960713 0.5608003334941813 0.5516113841836054 0.5280432701588181 0.6191237029782454 0.6416765358300947 0.5477718591301447 0.5192632780124039 0.5754282816543852 0.5729491170468822 0.5974662997572946 0.6844174391066017 0.6218273663215889 0.5869785037011513 0.5662738272735935 0.6109401250069122 0.5620675181391771 0.5711523732916108 0.5853861028493386 0.5690568119226559 0.5561169889680222 0.510132270256425 0.44600460140605874 0.4576034897987072 0.39858619253800764 0.390199848597877 0.4082206494990498 0.41536835748895684 0.4152440358722062 0.4037301077846773 0.31286286869680074 0.315481151064415 0.3266512269584856 0.2845612657336944 0.36174518900593994 0.4259299648858236 0.39029377469256127 0.4322577899909223 0.3984469281359526 0.3075651566636901 0.2759089511689251 0.2697724099752968
0.4785944164239142 0.5490323180457988 0.5083379243557863 0.5311836690010124 0.6024588070333204 0.6063373158705643 0.614983221519573 0.5957320688584813 0.5282993790066233 0.5309806129250516 0.5157010703306022 0.5813650655414412 0.6240547215965856 0.5990625080599633 0.593298210887263 0.6053180749822163 0.5625877564356124 0.5562051086206953 0.5434625002576757 0.5335841660372314 0.5260958307652843 0.5468210695027468 0.5071496884246505 0.46859023382077347 0.484129739689959 0.4606128232750892 0.3785326822293017 0.3817308031190544 0.35952361895134144 0.4166290257086488 0.3928344148591376 0.38537754838080784 0.35009875043639777 0.35004528348596514 0.39314830996301964 0.40408705006479195 0.3909123520601875 0.4434393502518654 0.410143772174693 0.4192195764544665 0.40224157664718463 0.3569217853917719 0.27935648670381114
0.4935586535409322 0.5109621667948446 0.5134724036497484 0.48680358275634755 0.5794391952482717 0.5654405735660547 0.5679931043150338 0.5941533024561182 0.5970039894163638 0.5705747519371396 0.509060434827636 0.5336268972810698 0.6347891517057215 0.5770371854535475 0.6167915681156835 0.5877706566831195 0.6019863591728818 0.5789836103507824 0.5962584123876339 0.5086940335304074 0.4353838441809158 0.5055415641367819 0.509002898443545 0.5015519347238504 0.5430905231600122 0.4280239031053088 0.38496446151510044 0.3270995490498021 0.33818328375156226 0.37638012249661146 0.33907621899935825 0.382355470866642 0.3486395102518375 0.36888099910783456 0.3617510202093041 0.3605590651369805 0.422025505323721 0.4297138499866792 0.4847444541166641 0.45411050087416127 0.44485835461145334 0.4019637655343184 0.2917839735558601
0.4663059488875524 0.4945208168917903 0.4944731930228791 0.4780955425229313 0.5521304875010868 0.5983388427575566 0.5701428521989075 0.5686173823050846 0.5808396689952195 0.5406959828359996 0.5248302561343285 0.5822546489957519 0.6148505341843129 0.5843500571759342 0.5590329960003291 0.5713748863560988 0.6129462146104376 0.6148385305961662 0.5242209608170185 0.49087484510757307 0.43961370945562545 0.46577208983746554 0.49642114700814544 0.546589270343703 0.47725375457692204 0.44623424255556393 0.3470536757876965 0.3300595607293177 0.36750758624548885 0.35716481074036494 0.3021020251625518 0.33197685759833145 0.37069401169574 0.3926104045139614 0.34808126805604467 0.39110180976780573 0.46190309639015614 0.4161337091536419 0.4141202907893667 0.42943135652992254 0.44668998352166606 0.41305385525152316 0.38331226173619126
0.4019539237498871 0.39602947400448024 0.4130161579122172 0.5019337165705351 0.5371113975181866 0.5793828559983113 0.5791127905714888 0.5776649512428299 0.5761756575925016 0.518509270956978 0.5125578800931283 0.5542692966197466 0.5105399908915359 0.5420522695082081 0.5394076131026 0.566000824259867 0.5888744759190986 0.5324340030056134 0.5225135164244804 0.5444871798357861 0.5351509397170462 0.5286211567713034 0.5409302012429662 0.519470610994582 0.525433559690482 0.42764472162206185 0.3756920321241648 0.35926233270762636 0.31640396987564345 0.3687781286893794 0.32933301937107995 0.32696246075500934 0.3653319567234436 0.3756423255982556 0.37749054800044124 0.36962068453420144 0.47534092760147023 0.42473120251244134 0.4233112640965748 0.435319929174315 0.4644658484763447 0.44681675189737335 0.38042966257949457
0.33370521627136135 0.378398433076503 0.382760755611807 0.4302055640845724 0.4900043643823886 0.47107399864330307 0.46797527907267483 0.5172752352361409 0.5170514789455437 0.4781913679960186 0.5092300617601377 0.5101989167807063 0.5281662245674953 0.5251548963669382 0.5121546880030281 0.4857509526056139 0.4968854907462488 0.5246278267816706 0.5559218880474526 0.5307376159194671 0.49735947846180034 0.510557830810966 0.5317351643319229 0.5277940578706769 0.4709128628656184 0.44731076560398564 0.36552518220303126 0.35538159265359814 0.3523381153032032 0.33768103130566807 0.32979414743826824 0.3179041266634713 0.3375558385566191 0.2839638655060676 0.3108632286156171 0.39612347178785706 0.39995964476375634 0.4372630454367043 0.4460963303196394 0.4258220934572968 0.414104979847591 0.38699672560458687 0.43616237057410406
0.3460680030467181 0.3290471400252137 0.39193583374848884 0.40290996332429785 0.368221271509663 0.3904101198308086 0.4078943468620628 0.4846897822599895 0.4816226530744617 0.485017915410285 0.46070089590986507 0.5040668108953271 0.507765215786546 0.5064505438817384 0.5111713932468134 0.46666437135360406 0.4706281117250319 0.5100293796789783 0.5232003698963077 0.5283042297352456 0.44013918149015596 0.47763111447034523 0.42483654023962586 0.47062097016589777 0.455290264117767 0.3847022778157804 0.38216862015908865 0.32724439557010054 0.3284334193023718 0.25331016317931293 0.21679513695260696 0.2546376985790482 0.21956525868455384 0.2993428255078314 0.29773758189580846 0.34692871845515627 0.42614754455134074 0.42848559168361683 0.40445638683106283 0.3716865791497791 0.3300011056876419 0.3650623231617725 0.37890376894886796
0.3788630989781899 0.36247060526054276 0.3177983749379438 0.37748901494204795 0.3298029241072261 0.34668312529207346 0.36322137574242186 0.4123984768050199 0.44444804494223 0.4659505004984867 0.4854389100547539 0.4486021087498881 0.4355025603147709 0.4393484465031811 0.47051663517260867 0.4750622052661438 0.4950228236937494 0.4649213453246064 0.5242844461206972 0.48386657004666894 0.4415974615907067 0.43829501086098627 0.4406952430706241 0.3863113732073362 0.4265258558318525 0.35758163011592975 0.39579306169156825 0.3249937197453137 0.2930265020321825 0.2683820874918067 0.27168353053606176 0.1968548153150862 0.23432676488885665 0.27875482079212865 0.2469997650382487 0.3192636610303496 0.4207138262694221 0.44659504198121985 0.4309446536870781 0.442383910558965 0.3906226297383189 0.4265885565477618 0.42944096881476046
0.3577929929296271 0.34957087446834423 0.3094714126355604 0.34737306197999224 0.3020491815271333 0.3636233704391094 0.44705090852815904 0.4169141916777042 0.460470100379383 0.40743164696674183 0.40149914568861167 0.3914131385518271 0.37879058494485374 0.40983829158371243 0.45499488762231965 0.40962723491111797 0.41694407436962194 0.42531788302488366 0.46021341135846583 0.4288382731546276 0.43659161134115954 0.44820035503938205 0.41143950731877266 0.4014718843724724 0.3375176335824772 0.35308392109415043 0.3930315479930567 0.3318819131881285 0.30979202643237713 0.2696729264604257 0.2372065809616708 0.23518383656020853 0.1670918901486659 0.21905756796957498 0.2585243898966825 0.3541635070606595 0.3633560059507575 0.44399221371886444 0.47474940982120406 0.4934307260491517 0.42170176955982297 0.4658136097035379 0.49263637113641096
0.3365356887812871 0.3374363805534205 0.32231964010405406 0.2989444134744916 0.2982762253815486 0.30997652607084614 0.4104079123273174 0.4641787211876814 0.39144814498268726 0.3730256196254866 0.4155178833233235 0.38695110644594394 0.40342448614560933 0.4158946757028463 0.40238464709166244 0.4400439892671501 0.41136926661811607 0.43084922060830444 0.44947159871031866 0.4135811422556379 0.3910893786994023 0.4348331928465654 0.42654776511387094 0.38203876455934493 0.3841568774545955 0.35373745520496896 0.3662402702468118 0.29124153558076854 0.250300305495367 0.21905347434555095 0.22593805209926554 0.2291191316253487 0.15807150015233223 0.20160756005562872 0.20936042825569054 0.3043556819967928 0.4093622392356175 0.44726636654538804 0.4462020138539027 0.46123765648651527 0.44617274126979983 0.4881662665091399 0.524571426397105
