Raster_benchmarking/Raster/continuous/raster-246.asc
NCOLS 100
NROWS 100
XLLCORNER 1743157.1738530567
YLLCORNER 5469287.465060564
CELLSIZE 10
NODATA_VALUE -9999
[rows 76 to 94 of 100, columns 0 to 42 of 100]
0.8273543386579619 0.8336343685612734 0.7910127179734853 0.775879184173463 0.7859676415100121 0.7708455834000202 0.7896398529454265 0.7810602123640898 0.7449384523608623 0.7462162781688632 0.7325540894808567 0.6590265501954503 0.6820486927999267 0.6526581131530951 0.6358184308588353 0.609204708863625 0.5956777230597798 0.6303490637354336 0.6085912713188998 0.5347014323055609 0.5550786078400557 0.5153940778517554 0.5217491595447954 0.5336124873868552 0.5102692578332135 0.5281427016043433 0.5384146142157035 0.5090752453677888 0.49171489236128835 0.5163278876445182 0.5238568205360936 0.5347028312066567 0.5169017938654907 0.5043315786429412 0.5169494871064632 0.529981612938687 0.501664539530787 0.4818078500921059 0.49300177277628304 0.48978472996008965 0.5062900430528854 0.5129099935688359 0.5083186158645162
0.8134738504986929 0.7771795197472448 0.7726893795159613 0.7875046012074617 0.7496422994727503 0.7794551687027534 0.7962103356458952 0.7986080814106434 0.7661647432201218 0.7378216237960491 0.7367483846216942 0.7192980004289156 0.6937933803713306 0.6765868073263812 0.6250224297660749 0.6366065383352654 0.5991732729438697 0.5947759717131716 0.589792461337703 0.5646057590770189 0.5355415048699856 0.508168680227905 0.5220113589343228 0.5423943668607459 0.5366291304221278 0.5380868343096777 0.5027182151690792 0.504385110563277 0.5219052951406425 0.5145422660526292 0.522509789891792 0.5000252126025994 0.5052059426818286 0.4916625995486833 0.5005005396987335 0.5254369609086641 0.5195296065428925 0.5201266565860165 0.5078426079716251 0.4746008904887997 0.4961637287166292 0.5060922703026165 0.4805536013696625
0.788610011751887 0.7810948606952606 0.768831464961772 0.7611507829360578 0.7592842824151738 0.7766820355289688 0.7662745887442115 0.7790751021513767 0.7712279742700142 0.7528151784150507 0.7405467255105963 0.734014482404879 0.6922516510057094 0.6697615352279064 0.6334399705207983 0.6235972606117944 0.6138140704781769 0.5965815330263371 0.5876260971421373 0.5446140759268756 0.5284944161211348 0.5252914884086579 0.5254130646710973 0.5565043955122224 0.5497735841525019 0.5040582224396123 0.51128104684981 0.5306897924844592 0.521256162660102 0.5441161172983344 0.5102400279130711 0.5133586281433995 0.4914341735327685 0.48148609991528263 0.4900817511681769 0.5182705791634636 0.5161866082702907 0.5275107708403513 0.49419432321130435 0.47289910905740606 0.4930388979601516 0.4521213769767121 0.45614465685940275
0.7881921843005845 0.787228210071924 0.7876485534712462 0.7641305529250098 0.7808636746758116 0.7803016356087628 0.7747679032078832 0.7541799960085469 0.7667435887728951 0.7472590517245314 0.7325175122877639 0.7462837104560032 0.7013902823068726 0.6871810958030329 0.654204268570034 0.6424302114211423 0.6043793520761749 0.6148869991430514 0.5572959147112685 0.5619043099700606 0.548131023295824 0.5388169702428482 0.5680443727857696 0.5536038049222122 0.5565454160019723 0.5070361249691541 0.5323104193616139 0.5252207247111369 0.5431336445374432 0.5561506965796902 0.5524790403666328 0.5295325456996012 0.5023795361263879 0.4998912441615571 0.4952887122846455 0.5058981230946149 0.5414864049855099 0.5510046731127849 0.5344472398768558 0.4783139052107171 0.47170631915223443 0.45824456198069613 0.46962326733808896
0.7968673835035965 0.7845499635300394 0.7833696203365784 0.7502535743543437 0.7581480093600367 0.7613364629646676 0.7677783787011426 0.7649978049542915 0.7527279718896368 0.7958307350895424 0.7725324573871385 0.7382167023646806 0.6933178795979914 0.7130037968217567 0.6571751238788607 0.6352798894095534 0.64248626482717 0.6295021744122411 0.5839975691386751 0.5481529599496501 0.5750675876082435 0.5579836624794596 0.5514186188518551 0.5710207863965132 0.5388064787374397 0.5213070772168822 0.517666471629432 0.5393834210017686 0.5638658995510174 0.5516287048772143 0.5456065904763834 0.5118050098579813 0.505718218112588 0.5414412276185111 0.5355192976233311 0.5080776807019265 0.5356523224379987 0.540063741947011 0.5066103568504993 0.5186668495434434 0.4728342363285206 0.48498326610357023 0.4690523406031159
0.780717980230889 0.7699156968200292 0.7785579540069664 0.7578372356791634 0.7110516603062809 0.7245110808494235 0.7249739717877538 0.7360466357520411 0.7527449558758919 0.7693164678551432 0.7695698681972316 0.7524168778513864 0.7060794002480514 0.6905863436233962 0.6862848149394813 0.6481815420549465 0.6650092916071929 0.6531693300090958 0.5967673871308344 0.5867437168091822 0.5874494253186238 0.5845499604883814 0.5546830136498756 0.5530282264450227 0.5146277553264045 0.5359875842099532 0.5362819424208863 0.5503107432773949 0.5473682428365655 0.5393086100552542 0.5229151907088607 0.5054076053088575 0.5160871985122205 0.516008897815124 0.5156253821005405 0.5246387475123937 0.49649237050168654 0.5090537124406591 0.5242946477606325 0.5022790436332434 0.4720512877017399 0.46308586014504804 0.4583379873551037
0.7633862414905994 0.7878524526105363 0.7359237841792363 0.7064753725143054 0.7066833190649887 0.6835862021571882 0.6852815141451379 0.713343879853078 0.7592975529628436 0.7657317257141323 0.7523914221416148 0.7081183758770194 0.7317675757976553 0.7236399066648113 0.6682667199290926 0.6643031991622759 0.6365625718821644 0.6387978770661401 0.58817329578839 0.5770716303629999 0.587785986145198 0.576095596061248 0.5557863371707207 0.534806159133039 0.5364209999939171 0.5189927406669593 0.5436038284501282 0.5512736338667914 0.553484101354582 0.5427769739049684 0.5248939575482666 0.5090752406323071 0.5290227417672638 0.49990773454162907 0.5075508246287019 0.5330762957932564 0.5051728229958012 0.4815900042740162 0.479307365732068 0.4790604579323495 0.4355712453707945 0.42133317518452773 0.45311786924314906
0.7721106135369828 0.7678948426480375 0.727133959021581 0.6812190242801754 0.6725388794590842 0.6969264754120352 0.6808177720250497 0.6801365323849847 0.7154299261936173 0.743704861925868 0.7225827164678701 0.6917928461106095 0.7140853783733064 0.684823521958325 0.666291650474691 0.6560411725484434 0.6591028731874161 0.5900030373185264 0.5755574170596278 0.5485288191898943 0.5243752997605154 0.5249014429243567 0.540454499787406 0.5478318098049023 0.5378462761562107 0.5562566182664183 0.5685234734609491 0.5496703528091135 0.5655528225523209 0.5488018216372313 0.5312650863954758 0.5203834989008465 0.5024343871034962 0.5074927752395205 0.47170384826290096 0.4781221712737813 0.47833101246114584 0.4780674877098112 0.47538222920637435 0.4719470527609101 0.4374929161294776 0.4290100265522407 0.4316321718213848
0.7919010405476565 0.7620392659818701 0.7150307433996264 0.6829135197151505 0.671011301689895 0.6713187299185547 0.6874390963832304 0.680228637459395 0.6860956998611567 0.7126167516733419 0.6937495643652594 0.6921148161222539 0.671831494265467 0.6545446411591213 0.6567279877902289 0.6705695826333534 0.6431782713509671 0.5744362720781989 0.5478114228939546 0.5536693800147251 0.5312358694397692 0.48311125510645275 0.5373061666869479 0.5372958246777969 0.558558691568836 0.569984163719508 0.577613009523653 0.5949299606145645 0.5428774530507452 0.5318576770808815 0.5089087036577171 0.5168124882716053 0.48774376329163155 0.4685121434541734 0.4519798673878781 0.4658255756836121 0.4703747791123705 0.5132969692031739 0.4818942598250316 0.46087607527209856 0.457514468211388 0.4553277963178695 0.4520556985057207
0.783515713428735 0.7591492725784371 0.7592993254719361 0.7336808477800602 0.7255401597909388 0.6960319471087613 0.6757163108528592 0.6555168011973678 0.6971975170657723 0.6893701051816454 0.6944156474097594 0.6510017520169836 0.6581128343642202 0.6421861997787905 0.6559169615592192 0.6341531464924479 0.6196871509850055 0.5996900903701793 0.578305185601593 0.5368433856880881 0.5177882146104108 0.49562314487962467 0.5057982106497848 0.5310132910563854 0.5531048565930431 0.549882798715287 0.5699446777239928 0.5932447584428465 0.551154980022197 0.5210743779058048 0.533512557567273 0.5265233721245134 0.4956219208089554 0.4679531706821334 0.47805783203575597 0.45968157817053973 0.4747362618575395 0.46938136903262534 0.46161850732504695 0.44213379284295534 0.44660631967812153 0.44356653874429525 0.41373279303296123
0.8004726446913536 0.7997515027958046 0.7734931133224509 0.7425597570367192 0.7283863785885285 0.720560442771372 0.6725710009142221 0.6554094192897297 0.6929013265431483 0.6935807013554263 0.6564582846518162 0.629670145968602 0.6315975008509433 0.6672168047496463 0.6350810882261079 0.6593861488661289 0.5999465549822114 0.5768586783288862 0.5684646865344231 0.5399156366188347 0.5320596594658927 0.5374589159286787 0.5185739512436219 0.5114758243747946 0.5624820643959445 0.575744646085668 0.5852053409195602 0.5704569708539032 0.5426403957516912 0.5095358727679208 0.5331828585835672 0.4976778395338129 0.4897510406270428 0.463101146831259 0.4535441513425273 0.4481660960651723 0.4395267705949203 0.45713653716922403 0.4520848403176235 0.42248871131140325 0.4216920204607808 0.4207828911974936 0.41235729751832567
0.8217453303224662 0.8145989022944902 0.7694320814263544 0.7294691375111557 0.7278891442982124 0.7235273285492893 0.7005905709056081 0.683888075056161 0.6667401851258028 0.6716600551170595 0.6380036208479323 0.6492244379571409 0.6427434149071213 0.6434767896844568 0.6448725080922877 0.6353681619880519 0.6292608426609461 0.6193840586751915 0.578636968458971 0.5289273614893046 0.5088958721191364 0.5406936877464366 0.5388116124102797 0.5492239992462662 0.5557432116928729 0.5747748039926585 0.5739057603518473 0.5709962434083596 0.5247496762129128 0.5075733701947996 0.5112609725170217 0.48686855553635794 0.5094313936972594 0.5067088267823232 0.4573853563268212 0.4646164698629941 0.4519732864191356 0.44294742721531194 0.40311637792638666 0.42083611094019713 0.42584969927638683 0.412268735807561 0.40957451102136866
0.7823585563480493 0.788979949868709 0.7730247738568787 0.7539386040622166 0.7533552860661309 0.7083447306430198 0.6852580349919085 0.6346261144193716 0.6736384409210049 0.6390887038119294 0.6339098349461262 0.6710314410730245 0.6452861771484922 0.6433258028261235 0.6168512662553723 0.6152421567765245 0.6219516664926046 0.6108578875332603 0.5761887013861068 0.5443272289425842 0.5369234835325508 0.4873637392481415 0.5161136544445026 0.5427799057745916 0.5618830073896957 0.5713544560547 0.5537204333885114 0.5221963500974733 0.5506451313899451 0.563157188158034 0.5124674628872777 0.4857271742710582 0.5099648854855109 0.5242486568185273 0.453368544385556 0.4413605444708347 0.45937486909207115 0.4263531710660645 0.4099156932603281 0.39640693805489124 0.40822126935355535 0.40591453211482004 0.3918040223461989
0.766964834117507 0.7584468977878439 0.7551899260675239 0.7568713822273443 0.7348699941104017 0.7114644528805958 0.6900664112042938 0.6455604551269937 0.6628433363484033 0.6530485913805433 0.6504099477835968 0.6787381703817409 0.679007883760225 0.6720571872510267 0.6114771349823626 0.6173936929560508 0.5913731799024545 0.5758150616294166 0.5616758414799579 0.5205001169676315 0.5188663946427811 0.490227323948759 0.5184821327481236 0.503587300250982 0.5116041037005272 0.5133323168516901 0.5318723451013927 0.5423456882824483 0.5326712840898755 0.5223312801234332 0.49530412978206123 0.5127325780250166 0.5075728083775448 0.47693655247316 0.4532172207047053 0.4334869923714221 0.455996285743155 0.45936052422148915 0.4231887295061719 0.4138428758044647 0.37645817360322337 0.39243863661902684 0.3868075420141954
0.7865551619122931 0.7445978780363024 0.7613341165815899 0.7316752786787415 0.7122674150255662 0.6912762166256439 0.6694016342649161 0.6538762060395188 0.6944931874385554 0.6929018924478403 0.6731393771467531 0.6743340276350179 0.6515410326834414 0.6686663613039407 0.6282013539255167 0.6039962911839107 0.5964763977898282 0.5732055324478897 0.5507053928952939 0.5003945956216886 0.5169628690976698 0.5284262991696415 0.5086622415618225 0.49137347727421765 0.4798281833023706 0.4822384817956715 0.5236562976710887 0.5091951810757634 0.49783634312609104 0.47969590150966746 0.4995248796828057 0.48116753639794263 0.45563878732709695 0.44735896443778117 0.4291743917940658 0.4550323097991929 0.4235475973593454 0.4390302591503516 0.394960577382501 0.3780979599183049 0.4071015197073924 0.3760400933587268 0.38671949100650865
0.7782563958804904 0.7621199055970858 0.7237160046258375 0.7440351487727861 0.7263960020423419 0.6699751551982541 0.6633891166180984 0.6739372646699975 0.7022897504373362 0.6802372658181007 0.6933122038534559 0.6693399029942312 0.6731990782093293 0.6573725973697109 0.6244628367380818 0.5815431781466036 0.5786237275697967 0.5584447896705839 0.5341400301822486 0.4945441138870046 0.4898689557425473 0.5171269292131129 0.49419735931430475 0.4883377077815143 0.4737655693186704 0.5056836016758839 0.5135813976304926 0.5344037485917599 0.5296443180883595 0.5219260805232269 0.502008169297155 0.4624509289812456 0.45373994676182483 0.4421838710179646 0.4541907827653725 0.46095251430893164 0.42198377363242423 0.41203480416712224 0.41529136397598276 0.39952542726219636 0.40590593666403624 0.36373559648551895 0.37583264364634716
0.7245928971154717 0.7214649499836817 0.7293498450759464 0.7433501158045834 0.7007118939069288 0.6573797726765709 0.678320094326407 0.6724952306182029 0.7191507004549267 0.7017336218209383 0.661629882468558 0.681330252989564 0.6678269007265429 0.6253198977171603 0.6217613810769582 0.5998265427170926 0.5733195468441924 0.5170942457881508 0.4929007496823757 0.4812460335286476 0.4919766307494817 0.5275915901911166 0.47809323623416344 0.47782427858222337 0.48933072997927285 0.4805091892583046 0.5135174274916346 0.5357045268287656 0.5262239018856016 0.5158476748510021 0.4835921626560863 0.4539165056727492 0.4495755406101086 0.41776234292786985 0.43173369523496324 0.4246251804338973 0.4398629750026531 0.4161571978276793 0.4264926288663855 0.41298936213983656 0.41561017684120916 0.37339072089416053 0.38949465442571574
0.7140725906691473 0.6869006588334253 0.7101288103530216 0.6998409929221483 0.6949213143464037 0.6815029537887791 0.7025003830464857 0.7210210785817198 0.7172728230445957 0.6766302876695407 0.662660561652319 0.6545700252135932 0.6278070695303113 0.6340892426981415 0.5890767760172199 0.5715076255884225 0.5368060392140045 0.5432451174973495 0.5028634340065133 0.49856689199993104 0.5134333717894506 0.49945805556741824 0.504285165257523 0.47675778220504217 0.4553178252690002 0.4870904552233531 0.49745142184128305 0.49595381400089567 0.5084594094488946 0.4518360099529752 0.45496709470769564 0.41268659836125715 0.4376304271427446 0.43709534875202466 0.43352476537987383 0.4180229619230632 0.4060386298468338 0.41495379267176496 0.3955327655986479 0.39202924386941296 0.3908143583501739 0.38657380000685293 0.3715093960557974
0.7148970954690728 0.6946140934199421 0.7073594386090393 0.7074130354804081 0.6892951783532992 0.6888731395341259 0.6882878567197381 0.7118053612491575 0.7121753761105318 0.690001634083842 0.6610597838398548 0.6579495800692414 0.6444199296559778 0.6311537497132125 0.6019599736457811 0.5388010795467335 0.5358609039636772 0.5322126078829622 0.5004117219055586 0.517905698181495 0.511843470283538 0.4824518321631997 0.5088974043789234 0.472845410366768 0.47134644246393376 0.45837485444822856 0.46448761998589744 0.48351735512039956 0.4628656417955417 0.4155243528208427 0.41011723571193254 0.3936124696228696 0.41351797417471964 0.42784160422259604 0.41684500862688867 0.38162868840875264 0.3857122202933869 0.37181270471125955 0.3707701669918725 0.37018114744860126 0.36176359617455256 0.3744241076055804 0.38078720383669706
