Raster_benchmarking/Raster/continuous/raster-176.asc
NCOLS 100
NROWS 100
XLLCORNER 1743163.478942864
YLLCORNER 5469284.163442586
CELLSIZE 10
NODATA_VALUE -9999
[rows 0 to 18 of 100, columns 43 to 85 of 100]
0.5423480007653706 0.5257489262430942 0.5316254530997234 0.5429028953949342 0.5442956889946223 0.5232364686802384 0.5847985786779987 0.5683044280441873 0.593214778731018 0.5503987883904848 0.5962024780327545 0.5632708026239083 0.5803587967375664 0.5917250174339362 0.6175133285670839 0.6179721194715311 0.5929799114888201 0.6234704650379468 0.5978045809743773 0.5895344134405724 0.6583442138534069 0.6715437999444973 0.6878003081291796 0.6802021180878186 0.6859095970452865 0.6774303289906924 0.7124565496169023 0.7301769593445953 0.7631749755969965 0.7728748578703374 0.8385414455997415 0.7994248506115892 0.799432409317933 0.8116977230727346 0.7874571444609098 0.7617313087153115 0.8158856821365505 0.782090934593037 0.7651294855358922 0.795272262978847 0.7663239785351711 0.7941714660467853 0.7876097997629646
0.5066229511642977 0.45322479964373497 0.44344047449282337 0.46096604058654794 0.4838687046075981 0.4913245862139017 0.5269651078296916 0.5621971262512226 0.5834338625618274 0.5397966184549733 0.5687005774078185 0.6462861559339954 0.6340560869347347 0.5855978031822331 0.5905782732482387 0.5806223992602446 0.6154627297647212 0.588894215194275 0.5970238714888717 0.6083746784353706 0.607772346493777 0.6806129495262007 0.6313373081802772 0.6349038394799308 0.6724740939781004 0.6653227385476135 0.6918860486348811 0.7482854079533005 0.7555144955026003 0.8201155356202552 0.8281435716923352 0.8280303647023097 0.8141083523952501 0.8027848659035595 0.7427626184949776 0.7357034836777911 0.7592011119472676 0.7353436596734534 0.715189736503945 0.7430687343331424 0.733141674367983 0.8067312219270765 0.7831110023746772
0.4837476945780983 0.44894027529383124 0.39670969409876883 0.44751564634725166 0.45364049613231183 0.4726411310056937 0.4958356519081116 0.5291519219736047 0.516989287763291 0.5148369725171877 0.5720257052376386 0.589870324068799 0.6361437721661726 0.599290605579333 0.6091438879758134 0.5680867495460157 0.6195452850194298 0.5900893273050409 0.6272409112477717 0.6014857998784212 0.6071046434918114 0.5925063091839743 0.5742244486120291 0.610607747130389 0.6155390347248482 0.6133871550595601 0.673893479044572 0.7072991846543226 0.7295093537859866 0.8112011044073485 0.8067906021191442 0.7710511885026653 0.7606526280089682 0.7566042442850518 0.7514824698556853 0.7404750008262495 0.6978433615242128 0.7060420890018558 0.7202537307134431 0.694887891072182 0.7134605569657724 0.7215417752097887 0.7046938810874851
0.3987753025629054 0.37606500018410577 0.34785017338525026 0.38055201041044406 0.4214684333351385 0.45788005963880185 0.5089414093758792 0.5675833278933784 0.5343408714252769 0.5261431500017861 0.5761075905622969 0.5739435933750965 0.6129935218283992 0.6286271933675541 0.5986959764043545 0.5971783060233419 0.5698085363673719 0.6209890002952583 0.6187917907659289 0.5838872266939541 0.605384040968183 0.5385762871080694 0.5756358634264302 0.5745736494201787 0.5808719063278256 0.5737451414415281 0.6797377842047116 0.7075963526430807 0.7168561900169781 0.7642464682255916 0.7992920957669338 0.7905382512046203 0.764516436406441 0.746569977911199 0.7341010201304194 0.7545169606043182 0.7510842030595701 0.704555715774226 0.7088950726055239 0.6439670999283544 0.6442262711774795 0.6951901024559514 0.7385822579295129
0.4180590734898492 0.3628719215709011 0.36685473799248974 0.3959743738947272 0.4080989602044477 0.4636952474069441 0.5294756322634679 0.5198998802065782 0.505664032136111 0.4791907455953985 0.5326325697494338 0.5400227545733656 0.5350543603960616 0.50519882027349 0.5138816670475654 0.5709756412781233 0.553000282113955 0.5823538438719752 0.5815300253818507 0.5545617337659122 0.5601090397648881 0.5165485646100781 0.5445886771814573 0.5013059876501824 0.5065285194404113 0.558557339408596 0.631326898314089 0.6691493676744932 0.710564762664719 0.6986383336207321 0.7323218828617737 0.700869988221817 0.6930765359989718 0.6694240900831883 0.6996585191033244 0.7076957556232525 0.7454733329342627 0.6690368585592698 0.635127327556741 0.6001112300194188 0.63509368076191 0.6807439753559722 0.7242717674583244
0.41471538080932996 0.4106089381789546 0.3813899323199293 0.4021673981307686 0.4516001364179603 0.5041427948930011 0.4882321232185443 0.5288379354892493 0.4984456929084414 0.48411519070005804 0.5103567122534443 0.5376139882400395 0.5314936270253405 0.4498535378248257 0.46871137357438236 0.49901586511103224 0.5077343530821127 0.5256896513220239 0.4882759812838559 0.5157548132004136 0.48852256586547405 0.5322554647952643 0.5133743436854835 0.47321551442709303 0.5198652305676302 0.516701912419045 0.580052769923978 0.611184640071258 0.6286343224369217 0.6648084165019165 0.6419121688818797 0.6721085034639408 0.6675086762624413 0.6421249962469797 0.6925572728147146 0.6986847034815311 0.7001763855612284 0.7005996575510524 0.6676143266976942 0.6210142150939407 0.6433219204862068 0.7017318733995362 0.6600217161668313
0.37567035095224693 0.3510742525339897 0.38099346477413476 0.3798668617561552 0.43980430920626684 0.4804573501038658 0.4399392509604842 0.4273755204252255 0.445821444704606 0.45876182896584783 0.47214961524224447 0.4780253562790931 0.4760463104151361 0.39862119331012685 0.4294276120068758 0.4793308939368457 0.4322998454955095 0.49117153917724693 0.46088007232872014 0.48914965525066467 0.43380770032532795 0.46116975119944803 0.4486418986938602 0.47917332244345134 0.4635807678800241 0.49922567661650474 0.51905295551694 0.5885183762323837 0.5706742555526191 0.6287571613491185 0.6328558591886457 0.6084193169435153 0.6004020040716079 0.6618279153999137 0.6664719291512156 0.6577391767234632 0.6764026852488445 0.6660919820692511 0.6347163596976448 0.6326427479783524 0.6427660117378337 0.6596220422698422 0.6565846318790822
0.31696018586735186 0.3129970268702798 0.3774470296304776 0.3675223260997686 0.41392235176607783 0.4197915433413607 0.4260486410029137 0.4165582460257087 0.3911830856057469 0.47548381873030277 0.42867761112880476 0.4674351572396807 0.3941813131430664 0.34738339307308636 0.3792943618896024 0.4179863116798236 0.40171165962550726 0.4283881140520505 0.44179751013737983 0.445913685644449 0.41310584903804654 0.37803955815125334 0.4335561625190359 0.48926367123350895 0.4533151426202393 0.5072654635193117 0.47782732839483516 0.5458581544188461 0.5712559621283498 0.5763746497067568 0.5868369052341709 0.5623532116474707 0.6222151785366391 0.6440515613791657 0.6632709780300676 0.6855344933229023 0.6386405340143964 0.6225102448637516 0.6082446470300708 0.6364991556608731 0.6247985869037141 0.6594279069841606 0.6341363799162679
0.3041172147261737 0.33050039140818943 0.33618619616617396 0.3730186525425105 0.3930383011406586 0.38045631188812923 0.35499193067005147 0.39544794020956875 0.3672417600903855 0.4329293847086952 0.41965775430588 0.3776429573794909 0.3674812246151815 0.3445183965008889 0.35987923557588797 0.3590192220465695 0.3544952234293942 0.3880193075783366 0.4244108401574773 0.4187464793094749 0.37719884549196914 0.40869400050626375 0.39741335617069645 0.4189772506792711 0.46770614934969795 0.4228327172985969 0.4687769206956877 0.46160300571541957 0.4574169123763288 0.47477784604580947 0.5076603398775243 0.5244555926773369 0.5893999339856119 0.5745576093770439 0.6082793240796759 0.6616720997599828 0.6804402584559379 0.6384808037473769 0.6253249652408803 0.6370601077709882 0.6364435802653923 0.6602328891237689 0.6064568676240504
0.3041277909273787 0.2739484676658723 0.3121461694399262 0.35007024073022275 0.3304827892263744 0.3158139547157742 0.3166611143866467 0.3560264291047797 0.35607495125520355 0.33775211099394786 0.3063832323204416 0.3297011648171325 0.30198316639909484 0.34659083195009593 0.3471152759933524 0.3505650151511634 0.36628498741765414 0.3545447131859947 0.39891051502507546 0.34060943211714717 0.3565953724980825 0.40875021933231115 0.3819575999048271 0.3839456812349458 0.3832173075403404 0.36582008694303647 0.4348780880110103 0.3977162456623827 0.4437907153696376 0.41552935371817745 0.45829913770628994 0.5372654526445575 0.538368667923721 0.5310545161522895 0.5589750630108165 0.6430423819118056 0.6455656450424023 0.6441883478566037 0.625650475563791 0.6664983176079929 0.6784272420797318 0.649597192592948 0.5835583221779552
0.32173542448974063 0.3097938907089295 0.2967461721243844 0.3517543557918159 0.3190763139630997 0.312068299554877 0.2761352627702014 0.3110078566426878 0.2625514656060829 0.2943145293658196 0.27689948884541554 0.23151246090337527 0.23982278801125914 0.26312107607437607 0.3234366324495158 0.30433887381961156 0.29512568037905146 0.3603705377516561 0.3576895129760779 0.365443270974362 0.36767109901166156 0.39302997878290885 0.3429043789304957 0.3629750156539621 0.3562414314768712 0.3926723078033899 0.4054554990402936 0.4104277631931933 0.36873979008705837 0.3927861958245892 0.4181780181763986 0.46618691634650833 0.49449339195000813 0.5096475382292789 0.5133753097398127 0.559186040729628 0.5855057415116619 0.6467343212682188 0.6257786595769952 0.6087973856283807 0.6289721989556769 0.5730626722490486 0.5458917839899823
0.3041463683665539 0.2632923062140421 0.2512763503141979 0.3130471372305513 0.326513514456199 0.30383088533878316 0.27341341634223976 0.22048383081688055 0.21416031853788922 0.1996667461057734 0.2295717750778881 0.18388470397977225 0.22222435681236866 0.19861536854508555 0.28510039229035034 0.30008943450179076 0.3035084918094313 0.2993127156783607 0.32126785103372546 0.38116649967835836 0.3968177771344201 0.33404976767505695 0.3195793035764423 0.30838680812060854 0.33567149495553555 0.3241960209291655 0.39913542891104736 0.4097100777169209 0.4225396224736283 0.3897311157364789 0.36809940778989286 0.4140364371745101 0.4727329933795348 0.4837020666210975 0.48427352943621815 0.519492810923184 0.6024700790613059 0.6391402070030919 0.6352188787445252 0.6529241698952518 0.6106424953373144 0.551998565702105 0.4849317616642537
0.20534303929324124 0.2420310210404689 0.23676957117568634 0.25258260636286256 0.24612786867428157 0.2282396390720753 0.238150118641108 0.1835131730255542 0.21767186636891547 0.1891110429909336 0.16985508250977066 0.190144869964885 0.192571488327317 0.19083947798891002 0.21147966465747206 0.27594779880894665 0.25148985631137655 0.3192869867306387 0.34637459613897964 0.3851870772942868 0.3713807982984588 0.3561666658478254 0.3410405436153844 0.349028333386565 0.3148578297588397 0.3232496794277344 0.3153284541389579 0.3540161327692132 0.4233058129748489 0.43691627644784015 0.39162133956330764 0.4620941489920388 0.4743116648700001 0.5102959831918183 0.4810751047112901 0.5408541090467889 0.528685129537888 0.5790273635610707 0.55994556261637 0.5580221768329714 0.551486095048119 0.4942604768286905 0.4477081157286864
0.2111373793521974 0.16971623170135225 0.2085234423854428 0.22158647427383907 0.19818627609079145 0.1951467698726119 0.22345808133859318 0.18217534234624874 0.18729169105220816 0.16225793288122778 0.1289219081864397 0.12961672824657408 0.20259533599944077 0.23348422309721287 0.24341134650400312 0.255060177981944 0.2730058945018745 0.2561868696324606 0.2834557741601158 0.33599988991212176 0.3848304398224699 0.34519539421155987 0.3405687165589424 0.382742873430891 0.3104906894406457 0.2926556951825328 0.3504832729695253 0.35904642596468606 0.37084308518022174 0.426554246670471 0.4042498315606523 0.4708817752907692 0.47251960979788327 0.5099462752128822 0.4964573704297361 0.5184615370889517 0.5020222276873816 0.4881566603597829 0.4869911152117246 0.5183964437114956 0.5204159831429942 0.4775196609867146 0.4378426412797341
0.16585425508152016 0.19230866305032746 0.20004198654141692 0.1627040749038228 0.17381966156385115 0.14955605823735588 0.15123982305453865 0.1320729734489725 0.1578734375934883 0.18530700442870893 0.15122540646442365 0.1000832204556779 0.12881970019960567 0.19358118574082728 0.1804360722798602 0.20835306501514816 0.23788955520222443 0.2799793139191817 0.27632386285339805 0.3269717130806361 0.36763874521075496 0.3670917629652816 0.34884874322178705 0.3246491755472652 0.3089515044044849 0.35336955130755054 0.35572553282038305 0.32178807111770075 0.3901087108871163 0.43034189662428646 0.4109768629138754 0.40609764910461377 0.4284367256053931 0.46183450183279673 0.4770780830362665 0.4795627525541983 0.4973445009511659 0.4462563927473474 0.44507863368834133 0.4635269309019577 0.4575554804481608 0.4889492553335524 0.4337453623285726
0.16635507252782455 0.16764056182954618 0.178507898214212 0.13168915281229632 0.1513073980308777 0.1270793031371571 0.11374675729435382 0.11886096969047877 0.11198481629271911 0.15224773864764063 0.15538140991909863 0.12544233871489727 0.13401683167177533 0.16528137330668385 0.19692960860190173 0.18175622439268777 0.2087876703246216 0.21486308637820023 0.2684645089100486 0.3097764844533696 0.3333798666234516 0.3458635966568232 0.3485634279512768 0.29756409452862737 0.3349311701424446 0.33587298995135517 0.3116387728870409 0.31155506884069 0.3988260404229926 0.4190966349248828 0.37248971815390153 0.36544492046987953 0.3985610344991664 0.4721068312992395 0.48079648969024513 0.4352422461990561 0.48347068202834603 0.48786552503806824 0.47022627489158175 0.3890707842115943 0.4135959827675811 0.45678246447229864 0.3720544517934035
0.16632172417141672 0.1609605677979318 0.10801407183028931 0.0880594728096757 0.1123612563423304 0.14985538853148372 0.1051607683485622 0.08730496317033042 0.11124063394730968 0.13637583959128455 0.1821257989363448 0.124168469969622 0.1350309919578041 0.18284469281593538 0.21058215533888794 0.19531219502993333 0.2446305849358465 0.23261333418974084 0.25905851653806333 0.2953217877601874 0.3265348973593404 0.3316054092195032 0.33697444251784375 0.2835317512494144 0.3132568367090641 0.3444595576382013 0.3692714769826571 0.3838222365225426 0.35857182206760396 0.39790000566096606 0.39560399597476775 0.37522929571919633 0.3983989059245922 0.41363090435897587 0.4044987854200937 0.4158794396055756 0.45844054705075454 0.4531873823750127 0.42233236924314815 0.36598044128633694 0.34447586412838077 0.3239805258713136 0.34451996998186774
0.14466097940812417 0.09515567669880798 0.14238772031611494 0.11411138804939641 0.12725949675820425 0.11906720878152281 0.10173786405890764 0.12224933649128711 0.1674425100576278 0.18656054055841836 0.21252811893472023 0.16130672689800596 0.1322997629136192 0.15100783651903904 0.17882269999900527 0.23754346005961496 0.2652887331831511 0.22878440700890246 0.23926128850514244 0.24730723630962412 0.290417642427796 0.3048592591786889 0.27993316691604814 0.3008297030215422 0.31215507494660216 0.34353691610300957 0.35923742458245717 0.3675420202821509 0.34865005726205406 0.34247666244986313 0.35388780753930504 0.3276196942502209 0.33541403501592226 0.38888473387589806 0.38646927577347734 0.39485238675359824 0.40155305126544205 0.40828852605731464 0.31974856323931145 0.30987910680538017 0.2930435780736086 0.27177532201439414 0.31440262189961105
0.09785463634586146 0.09680842428183864 0.12625033433093474 0.13613090098817107 0.1373800433833729 0.10504754935903411 0.168637092888039 0.17236551037671297 0.14161494752626874 0.1453458514989369 0.1904712806831158 0.16987779736128722 0.13148069304592988 0.12840901763296172 0.20490694747758947 0.2451830163222196 0.2411065120025116 0.25981581194300224 0.27378874203200676 0.26244809401479474 0.286975295194273 0.3406450493996186 0.30713293463712693 0.25523450891617794 0.2900711093579043 0.3317567944471277 0.3052984319570497 0.31568348726970763 0.2960861887178851 0.3299747157943989 0.28292214450290076 0.27156929025386195 0.2956523924744361 0.30061189079009243 0.329224638656888 0.2999528536256357 0.3111786497498175 0.28839837861407813 0.276007158279319 0.22855540114696524 0.223306476644055 0.24765093368271507 0.2435933534009802
