Raster_benchmarking/Raster/continuous/raster-140.asc
NCOLS 100
NROWS 100
XLLCORNER 1743153.6506698243
YLLCORNER 5469285.35675284
CELLSIZE 10
NODATA_VALUE -9999
[rows 57 to 75 of 100, columns 0 to 42 of 100]
0.7039216734622771 0.7321521796572988 0.729125774661693 0.7848205453104132 0.8219316636701749 0.8452940517002734 0.8441378079501702 0.8605937079677894 0.9200278960901792 0.9352946118680691 0.8899870173656336 0.8724693947807767 0.8894787224824195 0.9151054738767564 0.9192506310996811 0.8714170962503982 0.8538831932269395 0.8230278742151423 0.8326613319533767 0.8042003683924793 0.7857357692185426 0.7766230723386084 0.7895634020867419 0.7737588255065285 0.7518470557947032 0.731176280757255 0.746518470861614 0.718057303500792 0.7526859368880925 0.7270202156860425 0.7390236752522726 0.6975294967447141 0.6652574832127657 0.6741032208913925 0.638869061676316 0.6475668344540046 0.6411363787543602 0.6578108626270205 0.6993470315552344 0.7021007581977995 0.6588542979837042 0.653208925930089 0.6345139318998568
0.6868498396272523 0.6964877950872609 0.699787691186398 0.7562970308308223 0.8163115737350587 0.8218300156024223 0.8131188654063735 0.8492666674339858 0.8910385462929694 0.9128995713696061 0.8861423619378109 0.8786434275947577 0.8660830772999352 0.9108126273186113 0.884523033264406 0.9147572253797066 0.875417565787586 0.8432067454903545 0.8450452864104313 0.7985383104545016 0.8146116669981165 0.820389617944517 0.7980024391333784 0.7834448911821826 0.7408117139814318 0.6982792807603836 0.7067756181977136 0.691383390772924 0.6960844814393089 0.7157927833709137 0.7211347034915319 0.6715006334835129 0.6521588752744263 0.6452136869382873 0.6174300968165177 0.6229284438750949 0.6163930294192385 0.6499940426106697 0.6503564189700484 0.68975516604588 0.6767396922682106 0.6256338355894319 0.6397891989361023
0.6803986050395896 0.7037230472752415 0.6884701163383935 0.7238475415846546 0.7809678804538608 0.802327139028745 0.8353643405492597 0.8883284705419592 0.8841459864261269 0.8965724772241815 0.8999042211586387 0.8801057392199297 0.8819511349238092 0.9010757667236392 0.8941819834658844 0.8806551300254317 0.8657192097701162 0.8410291743825485 0.8174294821010765 0.8140654724152283 0.8283453319925346 0.8042954188503941 0.7949915266037463 0.753453700423146 0.7193738033509258 0.70095532015285 0.7099311827011624 0.6985616917979698 0.6949131185601191 0.6718666911551909 0.712543762624681 0.6603281525445216 0.6460777238536898 0.6363630315196498 0.6044710458806952 0.6188651733406678 0.6211698958073667 0.6439712994720372 0.6435145616312485 0.6684681645559174 0.6562907300250238 0.6356642397871378 0.6225579738444552
0.6361512843022934 0.656605507275861 0.6855360645018933 0.7205051316242232 0.7976054348312022 0.8058889881226708 0.850396087821496 0.9116575270670528 0.9090902021611462 0.8586227065399739 0.8943539594915884 0.9075040159768787 0.8732176569904503 0.9117305700531707 0.8968502511130898 0.8666124031324582 0.8388042792229841 0.8258625424656766 0.8012663712154199 0.8339892650297243 0.8036950319315095 0.8009319835308786 0.7817797174101677 0.7331778533407628 0.7079770297855715 0.7376519654709798 0.7325287617166497 0.7313937305857018 0.678536221426545 0.6652473762764306 0.7154386522088144 0.6914014931235455 0.6708617654784738 0.6086445469612269 0.6047510114676269 0.6036777739820497 0.6330787938406935 0.67365751157775 0.6245493708642623 0.6378498110708473 0.658072053934003 0.6476174354084249 0.6431190225229346
0.6421221921278224 0.6325229874915174 0.6780787706706001 0.7044565112759101 0.7801145863344959 0.7884733390182243 0.8317198369660597 0.8482371984880913 0.884559512323181 0.8403286094364669 0.8713234177677921 0.863271945551714 0.8633750407656644 0.8717546990703254 0.874279919285595 0.8591690835482085 0.8259015166683081 0.8331868215162515 0.8256416413481238 0.8071934314276893 0.8240195713662178 0.8186746520486943 0.7765772094140267 0.7478385987860169 0.7242857667236396 0.7232697951843474 0.7121259302329163 0.7062896332133534 0.7112305716016811 0.713885510253803 0.6923635333216632 0.679544173868155 0.6908910466454514 0.6493884450675922 0.6427728646472247 0.63104542599936 0.6342440507179871 0.6565415009495044 0.6379200440260855 0.646523326048514 0.6521312060361926 0.6311903430122946 0.6290707601534582
0.6499682545692649 0.6406777010259931 0.6909800369997734 0.7302399713640954 0.7813933013288643 0.7854984912201936 0.788437264416469 0.8396783213741197 0.8343769804265331 0.8428496977930543 0.8298449085551445 0.8732052174495508 0.8458024859179454 0.8277837981327333 0.8543727846537099 0.8364925872869853 0.8188541418580686 0.8496641580196119 0.8080297061881175 0.8046509402196759 0.7976531401366274 0.7739741800461366 0.7489222435379982 0.7461266347785265 0.7519401678622241 0.7178623065923415 0.7314440685511426 0.7323631142502229 0.7136257698729858 0.6842172105695763 0.7095883409896623 0.7013865915725693 0.6600982199163071 0.6589674571064925 0.6289357437673138 0.6551401469353801 0.6224968973301478 0.6429855692496402 0.6051099524531347 0.6129613136953602 0.6230748358183923 0.6411030261444398 0.6470282052299547
0.6457920824188295 0.6393325252274927 0.6594121943817267 0.6989163445626018 0.7251937220340697 0.7346081011363919 0.7448451557530746 0.7692001037745952 0.7814540004147038 0.8031268205079547 0.8237696467014648 0.8288273851701397 0.827290463874079 0.8057055061330501 0.8179926777358951 0.8278424936275061 0.8145552486881869 0.8194200217601058 0.7659171350190034 0.7843703740707622 0.763203739119327 0.7727423236819346 0.7515660886933903 0.7425751794719622 0.7277707070443867 0.7270980423830425 0.7508432658716773 0.7247124812401757 0.7109022962706149 0.678605701398105 0.677520055109866 0.6678090804077319 0.6722256352426836 0.6229186414661656 0.6303252991080843 0.6191869972698768 0.617645900725138 0.6422682759153594 0.614265812682368 0.6217079691942108 0.6575977282688751 0.6671048947207663 0.6944752209676235
0.6375810461644333 0.6116363619855069 0.6059412550601417 0.6452605932418157 0.6819511011377701 0.664514523642074 0.6977395761924725 0.79243745361027 0.7341479630308388 0.7243945827461317 0.7684455623739791 0.7835035461967457 0.7751361536045775 0.7515393205247048 0.7825304431031819 0.8148583111315317 0.7721377899166376 0.7811116281518545 0.7443230728799984 0.725047983605511 0.7107520036293323 0.7428434504739315 0.7529375963147464 0.7705260826131388 0.7147651143036677 0.7401348684132584 0.7256711859530091 0.7500459478632983 0.7189600736642773 0.7396299421002545 0.7316194628976312 0.678562651440712 0.6373914106398636 0.609243057429242 0.6236919940020583 0.6198146991155696 0.6194110221311417 0.6257072611982313 0.61096732429454 0.6607096100500384 0.6633529388455779 0.6883127645093363 0.6591564260812536
0.6300771425952397 0.5909212768184925 0.600895431937291 0.6178900867192858 0.617305279873622 0.6633055760915457 0.678184560125448 0.7144044806905031 0.7136213428431961 0.7154590371735227 0.7313445089346023 0.7348523145890538 0.7344446899706175 0.7198064640450332 0.7179782546577471 0.7275464745937863 0.7343814218543149 0.7217811534805652 0.7044143197278877 0.7107461751466362 0.7045974863486659 0.728846191452909 0.7536242433982919 0.7393472799124265 0.7190761814223345 0.7102357718674311 0.7497143846298637 0.7597162200989055 0.7271751105553853 0.7425589260505194 0.7338052925776873 0.679706757935249 0.6273713545286049 0.6399541488725313 0.6477262112729077 0.6690400281259566 0.634394287507207 0.6103862330244989 0.6219254142336172 0.645765525945077 0.6489335148417417 0.6801125883956586 0.6796914607249683
0.5966597219342837 0.623924701239773 0.5951364165980518 0.6216243025658563 0.5763038430829438 0.6055266528093382 0.6353308169071292 0.6251425517045204 0.6287286301053312 0.6445862367378815 0.6960184649574704 0.7150383622961942 0.7080787328015749 0.6824112325804157 0.6707765497022117 0.7269593460164724 0.6995736607778 0.7165762981713066 0.6664382333620962 0.6447905536025308 0.6741228828450471 0.7040510855125213 0.7063541530555726 0.7428062607072217 0.742808735544851 0.7106366841407874 0.7201698619931733 0.7483710942509123 0.7067723385678754 0.7407895375773713 0.7155413366973471 0.6856316917408464 0.6388053911913391 0.6166032259302111 0.6252745826605681 0.66882556986738 0.649317968092782 0.6484777885427434 0.6134260997810209 0.6263134098502903 0.6178910235903278 0.6268164109120361 0.6788834659206304
0.6098853296104506 0.5802216383660447 0.5807773469534456 0.579530356231202 0.5678508418451635 0.5637013220260704 0.5658880180248836 0.6092858972685009 0.625654379420885 0.627795433388916 0.6446477389282456 0.6517436007645714 0.6386273141833558 0.6321380671050398 0.6402496843506611 0.656527758053658 0.6802327679145236 0.6658791556734036 0.6449948203167013 0.6282509915480257 0.6444611824976355 0.6564003403150312 0.6545643022029399 0.6857768924088551 0.7065785605238036 0.675114412161363 0.6709773053569925 0.671051340583586 0.7091046107283695 0.7365594184661811 0.7235138574896203 0.7089131560506287 0.6670314485288852 0.6482549890889869 0.6596021024469778 0.6297844038802657 0.6450036385948815 0.6554118673592979 0.6408724300203822 0.6360532360227674 0.6352791545066161 0.6313796709583275 0.6789463416364016
0.5604672558235928 0.5462932160531934 0.5608440418782215 0.5478964794727761 0.5524540778639901 0.5649843623153874 0.5883719152921529 0.568218840463469 0.6030763171260183 0.6013197299911316 0.580204097594659 0.5905153410597137 0.6010161183339542 0.5874867055593319 0.5883451966268428 0.5973272899283497 0.6067354343408822 0.6367875814635693 0.5994670833109318 0.6032457988600802 0.6271157686299645 0.6032572781984015 0.6366874528424319 0.6289032371902634 0.6374652230391742 0.6551773195864227 0.6858838783872353 0.6632155969239091 0.6926593046818686 0.7093564284687663 0.6936932924863508 0.7035871109120302 0.662130118785186 0.6868834118180472 0.6799649490794163 0.6257804359291208 0.6233493768827265 0.6482718536839736 0.6389448918850948 0.634038578621554 0.6556349253964916 0.6708364901137148 0.6645579919710942
0.549960313943082 0.5413651435368037 0.5572022292685307 0.5296703728683575 0.555012713725622 0.5554419900311424 0.5622145128482965 0.5357458887594618 0.5601155400005824 0.580091631406676 0.5751575279798715 0.5731891722665103 0.5377140803845328 0.5665740674440419 0.5962078103097526 0.5824300854592752 0.5789021489827907 0.5529964381353779 0.5502094643696489 0.5551303437384648 0.5854493848681591 0.5696307842463302 0.57059607375151 0.5979792176046624 0.6146875430563133 0.643407449856478 0.6848836335938241 0.6658401446947685 0.6939988349169952 0.6929357100705359 0.7129978907738919 0.6810087713138009 0.660645669430083 0.6502953243564376 0.6436142683034679 0.6424378051556897 0.6465302849508863 0.653089739659374 0.675648378963373 0.6943469868798574 0.6985675658682315 0.7008071156058775 0.6811831328714574
0.5627598863747375 0.5804538015737455 0.5533583864839724 0.5507905540941537 0.5448537735028746 0.5474404931821257 0.5499977322660164 0.5501152585617494 0.5397786791608014 0.553821188937486 0.5447815299531109 0.5131184011557653 0.5487439604986666 0.5572972601920236 0.549189147552437 0.5575881262782602 0.5650819200574585 0.5268820203532937 0.5455742138210763 0.512147924707789 0.5679149442928152 0.5506631136282799 0.5479688030398469 0.5743655086333607 0.6048792781643826 0.6629193673192665 0.665598379072362 0.6626030693384436 0.7060988416233307 0.7135660439569415 0.68157608298764 0.6471648977293574 0.6551002017362195 0.6438345178306639 0.6457566027763292 0.6589148086675851 0.6360093954200352 0.671692099219664 0.6619783395337022 0.6833491444283167 0.6816835965458451 0.7002961539564504 0.6941993765407595
0.583060128034151 0.5842636802948894 0.6088735603451364 0.5804166618865212 0.564680132331518 0.5446228359463694 0.5715710480330788 0.5756332762567603 0.5781896282134984 0.5265737686173704 0.5068798552383038 0.5269928739349139 0.5301358824669777 0.5463964868958339 0.5466142009166651 0.5508217608800293 0.5412546883593715 0.5622435130828625 0.5397126494997786 0.5515032498608168 0.5465901909734875 0.5892492841440135 0.5925622439182205 0.580609797724114 0.6396228941508366 0.6316672671346586 0.6189579923707952 0.6389099580468734 0.6928800763273086 0.6900115453352366 0.6763745220002687 0.644582732318509 0.654239552849546 0.6637065680332874 0.6638312737430179 0.6737725565108466 0.6650664068406862 0.709147398291387 0.6717133842317375 0.654203806433818 0.6798947469424689 0.6927573250995237 0.7251541874079986
0.5349395650331082 0.5628520088704778 0.5885491665864683 0.6597322132348922 0.6082034479473651 0.568478979340461 0.6058462625372579 0.5861119093385937 0.57092596679377 0.544708812704705 0.5400320347036975 0.5067033496860137 0.5238917820335282 0.5077907865797302 0.5295717063472468 0.484395820540013 0.5346154635402411 0.5514476800746847 0.5397288203057822 0.5089991859585131 0.5266333970782325 0.5672802306584735 0.582430365827517 0.5918855593938187 0.5974607075709707 0.6244445450260464 0.6340335603283018 0.6285445699510871 0.6695711423205964 0.7165649634576567 0.7180154078053834 0.7019537710750873 0.6966313444356533 0.698065786171901 0.7067186243593786 0.6718517815544457 0.6717293836834843 0.7259072814085826 0.6643293150694165 0.6757869633111593 0.7032450054135821 0.7337101077437349 0.7221906345384475
0.5665529419936238 0.5840786592400466 0.5977878199583425 0.6201872460994623 0.6298610115895624 0.5803348435203627 0.6034196481119826 0.6000747196736177 0.5591999507195302 0.5371995772744113 0.5135522520413925 0.5361370013409749 0.5130528558012422 0.48992753519321297 0.5145275591052176 0.480238544956373 0.5267762112622449 0.5588197498905683 0.5465525472237812 0.5238745507203909 0.544804249078693 0.5740186217136308 0.5779295560822814 0.5824259601732845 0.5648260454194585 0.6068975991751552 0.6274949253695971 0.6686440973213522 0.6882311954199508 0.6808066726404908 0.7294619793937858 0.7369404993293788 0.7075320181968797 0.7295010420766255 0.6926139584507626 0.6949069615347511 0.7200219376811504 0.733265360638046 0.6731774671895989 0.6914272584049712 0.6921077972699853 0.6763389775307819 0.7031014598568336
0.557820087807914 0.6127245008832913 0.6255613959647341 0.6183968916432167 0.6324264584159657 0.5941808789346373 0.5927107257692406 0.6206568110933466 0.5887359994038285 0.5597597884767956 0.5141992296962927 0.5313772613147522 0.512980499763567 0.519279916390879 0.5093572689255889 0.48530439505304246 0.5153309616755682 0.5136330883611161 0.5143113801927057 0.5500369125238995 0.5440769900684851 0.5367631605169763 0.5296300114150474 0.5511371990068415 0.5536677234287493 0.5921649631143696 0.6615001798781097 0.6498458697149005 0.6657228842872499 0.6622888913429676 0.7165116541380014 0.7497127265220632 0.7328015952539976 0.7245049417610199 0.7094326963638231 0.7489357246853366 0.7077191096798375 0.7272467250977971 0.6826001589677011 0.6623482246967722 0.7026011668063287 0.6707185230408823 0.6772832940507131
0.5629324440811244 0.6192338994304398 0.5879486068469014 0.6063536905084395 0.5839149419923474 0.5749161172395436 0.6131499396951939 0.6253045555907936 0.6238836394575159 0.5749669900056988 0.5399435758469149 0.5213047114603562 0.5289138498446344 0.504132243262951 0.4828260359212893 0.5055500547213704 0.5115692213731406 0.4954948981360947 0.5231999471568702 0.4987335231900363 0.5308740915253355 0.542453122220403 0.542806929556124 0.5495789376025902 0.5911411944382694 0.6008662926550342 0.6688525236156879 0.6830519855585298 0.6856684028920622 0.6744903472859689 0.7218704336373877 0.7480440385961942 0.7358845257186385 0.7252572192585086 0.7278617646457973 0.7065570823385176 0.707976845149092 0.7258482395480547 0.732613881796228 0.6964669565835306 0.7177177981824213 0.7201666305755731 0.699671666045158
