Raster_benchmarking/Raster/continuous/raster-496.asc
NCOLS 100
NROWS 100
XLLCORNER 1743156.244361348
YLLCORNER 5469289.101504531
CELLSIZE 10
NODATA_VALUE -9999
[rows 38 to 56 of 100, columns 43 to 85 of 100]
0.7299049693570216 0.7727547580768002 0.7413159325520879 0.7286255046708486 0.6988983522792017 0.6716964624472787 0.6516748524558915 0.6513423060769095 0.6787072243491178 0.6323575952772875 0.5792133455577688 0.580011753388609 0.5954983396947983 0.5843453347148496 0.5435394282084193 0.591697099132863 0.5303412382567556 0.550137599203945 0.6131004132240122 0.596157927806734 0.6425137029035838 0.6559058950171252 0.610728960604677 0.6185705453202268 0.6122106258779731 0.6433637533984318 0.6701158123471801 0.6612468142546692 0.6642315285183741 0.6310997871861503 0.591974985430572 0.5726528679122774 0.5695029047554453 0.5808030954819436 0.6150511431875935 0.6149908525488214 0.62916584984082 0.6439539325821309 0.7038078581145617 0.7213617620098105 0.7560590053724885 0.7266837999870698 0.7657957156376322
0.7421849164221561 0.7665862107538344 0.7990716000054018 0.7212459485585411 0.7398622360851971 0.7440970935962977 0.7266617141719767 0.6773610901393576 0.6660457501647705 0.6510557014401123 0.6875017159536086 0.596315751563589 0.5844207788436554 0.5556167426923068 0.5538668735542712 0.6017629362092025 0.5770166379764994 0.5527437375896727 0.623609604800012 0.6274864133791389 0.6234307493543144 0.6747210425652601 0.6648819601325558 0.6466236953851051 0.6463877272908779 0.5918707292101499 0.6400205214746331 0.6025207813182099 0.6022457497971553 0.6072901375924059 0.5603402367527054 0.5584217454171077 0.5399445230951554 0.5280908334355077 0.5544394319828346 0.6035512560349748 0.5841165081816814 0.6659101784655937 0.7003401637388756 0.7712082514828612 0.7635482254327673 0.7826880924027805 0.7720546159002822
0.7589497761934035 0.7910604163277797 0.7624905310499891 0.7631840852991139 0.7866804550246778 0.7675087884546927 0.6932775154301822 0.673058772420736 0.6570678083710507 0.6517313977177134 0.685991589602631 0.6288765009296566 0.636680498797006 0.6140111613307735 0.5649836493483056 0.5486916666560037 0.598569642091558 0.6009190825751006 0.5925497629746665 0.6477564014815387 0.6382152324180973 0.6137158650597166 0.5755014255709207 0.5786584292029684 0.5685993132938656 0.5589205719505823 0.5692748112479175 0.5604666302146674 0.5406864009676634 0.5557969836974785 0.5311316094315769 0.5131962233514256 0.5277625916390744 0.5546242292874536 0.5521481299279387 0.520588432485016 0.5343047452929557 0.6070244978857534 0.6737797932605966 0.754068294698423 0.7398525007663084 0.7761588134117208 0.7517767552589701
0.7990063380366169 0.8098392984664048 0.7864888350445303 0.737752817657677 0.7597045272053446 0.7278034589564965 0.7278374697456844 0.6870109427074295 0.7117506466159006 0.6616169222325647 0.6929588832614554 0.6658834490421524 0.7007685886724453 0.6691928540952299 0.6046738588694954 0.5573339228605854 0.516322438744466 0.5483045434997059 0.6046066483243129 0.6270691408332975 0.6176412752205831 0.6084836601338781 0.5482812280771266 0.516405596870527 0.5238636801576266 0.5181878625907111 0.538559368762963 0.5226107745931889 0.5445433795667404 0.5148919295715293 0.5122295659473004 0.5106911210729665 0.5094786755789139 0.548394307163581 0.5524272258155198 0.5477571202675701 0.5117997937322974 0.6364287859521899 0.6864201144520145 0.7118246021260318 0.716065798145196 0.7395362377341874 0.7090592552932872
0.716267665559258 0.7245117226366702 0.7582132439362079 0.7555940568557477 0.733053749888066 0.6796331224184126 0.6636157007300125 0.675719428325834 0.6862640843769328 0.7023182486105719 0.6472657009974786 0.6723580886162535 0.6567066997567528 0.6291597159626583 0.580140689059937 0.5523180378874673 0.5577727583906255 0.5587205923578608 0.6280556510963554 0.6155292163184664 0.6228229918536451 0.62801783965786 0.5495795401525159 0.5246869076062529 0.49601926994013196 0.5469729896809705 0.5524536765982095 0.5481427966449264 0.546851270353919 0.5027760970705701 0.4789223485522353 0.4784376263687281 0.45622378571896766 0.49792511000864087 0.5492147958509276 0.5350148247410709 0.5676375561785549 0.6281135868392791 0.6902552004808712 0.7160178476730835 0.7059895789882893 0.7163742620464169 0.7390129290451296
0.7216993509008277 0.7522359754180945 0.7258450494699987 0.7461198788164426 0.7024591190106969 0.6416210586824971 0.6486017078792883 0.6761191518245383 0.6918851187980204 0.6432469277857682 0.6250729167394384 0.6466795845153673 0.6955381371551723 0.6325216836043404 0.6197425854976475 0.6047481365816932 0.5941972021166303 0.6003146299603459 0.6404256094146212 0.6569838462643641 0.6935395295590242 0.6495662875294633 0.6150065147448115 0.5984032347857408 0.5255742537473905 0.5748098311936667 0.5576282267961237 0.5444801852397669 0.5175691180076972 0.4574201939863335 0.45261688055907434 0.440520321766479 0.46116207128436804 0.4864354172672417 0.5639958382095355 0.587112969337186 0.6343686973386861 0.6166991154053079 0.6345247741638039 0.6843521679687189 0.7031347597325489 0.7400162565299042 0.7594173617844071
0.7250491376073059 0.7451892631894715 0.684778747902432 0.6999684557339552 0.7166064162399864 0.6796384248368141 0.6783630091283964 0.610589873159546 0.6219404668438966 0.6290212987181679 0.6127375133227689 0.6809810108110154 0.6999262920558293 0.6400888077120225 0.5795156847362302 0.6090938640035167 0.6169376067579858 0.6119524161024831 0.6034025308126735 0.6455794679451954 0.7232468102174121 0.6769126026389647 0.6194226447329477 0.585966625915576 0.5803792731854751 0.5630860261395061 0.5549139663800393 0.5170963542199927 0.5134394280532147 0.49931888171825206 0.48611888530069 0.49033666085742356 0.48283327056876946 0.5266698441493357 0.5566091091864999 0.5841765247941915 0.6319466195476513 0.6105866569649399 0.595797794639179 0.6220555585570433 0.711215343730878 0.7301236536100001 0.7554286293876091
0.7080525986176305 0.7376020562014886 0.6800101225633394 0.6747380659680665 0.6378449214314547 0.6629114669644445 0.6487577518670673 0.6227176328847452 0.5692132963536695 0.6051252984839639 0.5999520946601111 0.6849449108183275 0.7232653410469247 0.6656319576204163 0.5869446824198674 0.6180422103453111 0.5756732504745063 0.6327672918183591 0.6300852158750386 0.6789108373138838 0.7274739162581154 0.6776193307234538 0.6958062620221784 0.6104346951053441 0.5705080037756542 0.5049197842617803 0.4951691396254276 0.46886380329233807 0.4511813260497127 0.47945463512096576 0.5237448813280381 0.49483784331760117 0.5114317729046336 0.5457685367359876 0.5926826107940198 0.6394144601074015 0.610383389235101 0.5871285751744317 0.6387129895287362 0.6057811895819454 0.6482775412741951 0.6793191135231997 0.6813776481512595
0.6753440564983015 0.6697808566211432 0.6521376930519072 0.6010767617825498 0.6150536587115591 0.5924816088785881 0.5935156043739404 0.6013396665525631 0.5780288797976733 0.6227239319010521 0.6192710596185297 0.6835492458042174 0.6826246530418344 0.6318926038409315 0.6179203266483296 0.6656082907597579 0.6688075910243648 0.6863691902795299 0.6581904881783193 0.7091738339421819 0.7724672597252005 0.755299737476825 0.6600144960977415 0.6383010425986599 0.609177545551142 0.5400254492921823 0.5495870646725999 0.4910105425969136 0.4788625559110058 0.5490454198549316 0.5720958633896883 0.5321445945738533 0.5519613315594054 0.5700268451607968 0.6243960812766424 0.6234261138966999 0.6009891167087282 0.618356176061004 0.5987425663176003 0.6024913332394519 0.6146039995290561 0.6522519270364452 0.7271975021324439
0.7159014325521604 0.6498867878865616 0.6703328469337385 0.5924266808613884 0.5635556731511279 0.5301331340134501 0.5594608991487465 0.5507970496191182 0.5679091704451765 0.6054946250633725 0.6089804446811299 0.6693587632458454 0.6565060961610082 0.6513685481998234 0.650205972283748 0.6435622942438801 0.7091301080454062 0.6955982786510052 0.7124036716314004 0.7233034706050712 0.764071494945789 0.7501810273292419 0.697516250626524 0.6837038431603724 0.6129660691675992 0.5788031452302315 0.5796056491811802 0.5513377645115712 0.5346369345889797 0.5735498042656672 0.558308435820325 0.5128799883929733 0.5747548286470489 0.569576243770588 0.5869273087287573 0.5976330147503983 0.6298143714553708 0.6192309196668168 0.6353627286187975 0.5986871164864477 0.5935538846748857 0.6510402954532974 0.7457298852453196
0.6501858896105347 0.635296784390893 0.6046123056617501 0.6025236468487721 0.5440737906900924 0.5305952988980621 0.5362917994307511 0.5742612856180587 0.577343689728678 0.6226268635107299 0.6404045563634659 0.6887985976429498 0.6792595252540047 0.6534876633968506 0.6372923474364987 0.6448386371505732 0.7091442996346083 0.6875570444401772 0.7150373082241546 0.68983091078504 0.737593204571872 0.7385105978566158 0.7292481592415734 0.6942550422297711 0.6518566490727026 0.5979885706356762 0.602143006775356 0.5837881638514264 0.5200053806908851 0.5337420635917476 0.5263268370966336 0.5204952902070719 0.5067985358085565 0.5346578291712876 0.5688190733092283 0.6089466003070387 0.5791554105617415 0.5942987103095151 0.6409601029790712 0.6095994089695084 0.6130802962897686 0.6451824023542578 0.6853143983556306
0.5868292605470737 0.6274694404388755 0.6132306901891014 0.5492547757371747 0.5560659837831627 0.5412467249589161 0.5867114303586707 0.5737190963411859 0.6003788805207757 0.6340987005985783 0.6853910191235422 0.7246706369822022 0.6759980979018948 0.6417049945054684 0.6999142522414197 0.6502908161896794 0.6636719400965957 0.6831343325988856 0.6493006141989879 0.6839958656393295 0.7298384388393239 0.7068208445286865 0.6500214469625235 0.7002840960920297 0.683252665689037 0.6009414078532221 0.6087653343650167 0.5660473745001919 0.5026327126895217 0.5377715975733603 0.5562727648305799 0.5568611277351316 0.5390627803891797 0.5319369589016947 0.5456280712126262 0.5382440345160268 0.5445596719570578 0.5886259602019105 0.5766299308147106 0.5494887210034121 0.5856748143825091 0.6545243973427389 0.6867446441332715
0.5889397252400929 0.6075213633369098 0.5809623955828332 0.5727542760372862 0.55523679259377 0.5657338271118307 0.5639673568108237 0.6221161842437969 0.592496755962919 0.6218779623115442 0.6605292263141447 0.6991862223187468 0.6742269679282682 0.673001358018841 0.6930270221849403 0.7214253217532544 0.6870994620695113 0.670291853639041 0.6647403785758939 0.6632016157203484 0.7116331442628283 0.670159282943884 0.6507799800352095 0.6752283488335966 0.6700997472136008 0.6455565554488487 0.59780803045597 0.5613711057224288 0.5820574451092667 0.5439825385885806 0.5744192489892216 0.5631405076953987 0.5284559745875849 0.5700792273401039 0.5476513765113115 0.5718455194275107 0.5465685457762279 0.5211037633703767 0.5139151797717885 0.5651073485550976 0.5800426257227004 0.5902738191112902 0.6757028663087257
0.6184671402077352 0.600470123735871 0.6362604892294847 0.6153317351882621 0.6342237648773191 0.6200786807650573 0.5900056693642963 0.5747283500432279 0.5793087342736719 0.6115251676035339 0.6264627606656533 0.6726548018439151 0.6987528166494005 0.6626300077753591 0.7115620042798777 0.6872875246741553 0.7088123504532815 0.7365568498152757 0.7186013211914332 0.6733660062023524 0.6734738046989528 0.6561036911388717 0.6641127921923656 0.6373039445789188 0.6348551483780426 0.6144398259973034 0.6080441172872741 0.6156317379663189 0.5850258704061649 0.5923488723330035 0.5182210796386674 0.5400334900333611 0.5316064806088042 0.5508763059846915 0.5226126413054245 0.559485780720724 0.5753751822810126 0.5236173152533972 0.5311897925503354 0.5238432698841046 0.5416620442179334 0.5738760274285374 0.6879540715241381
0.6635928856242956 0.6171939516689061 0.5764100177247874 0.5804994824632138 0.5807370561795049 0.5867555224988893 0.5714762640079166 0.5906962902327237 0.612324446498594 0.5982959174964717 0.6585858155190027 0.6448101815121549 0.6488215018228941 0.7107580395738496 0.690712022929324 0.7139031107416264 0.729795435681304 0.7014177590488455 0.6974959221804489 0.7031296151355789 0.7025091723774857 0.6674830810934527 0.6926198660252099 0.6253117237305788 0.5690351219160106 0.547994818284796 0.5661709444126667 0.5860834492362037 0.599912031644576 0.5791401391607217 0.5366155272863633 0.5090599670742156 0.486065246716243 0.5486744672658802 0.5212668203061288 0.5554837953303398 0.5785796311993671 0.5695000868895786 0.5162701879234632 0.5383898072439216 0.5884202265973457 0.5838635373876663 0.6588018106270501
0.6646051329289486 0.605273888902757 0.5870536554955227 0.5786319389597346 0.575639759665069 0.5727371813691413 0.5748572420829874 0.6042574702884015 0.5744084327720473 0.612080029116156 0.6575308635308585 0.6117406002744749 0.649723203241847 0.7028668524833251 0.6332275025020544 0.6769931833018745 0.6676735971442835 0.6614811891624806 0.6316753634637213 0.6866507810695852 0.6449534041078578 0.6858655188147421 0.6776340438359278 0.6306926613010874 0.54300684831357 0.5621788358050092 0.518949480485397 0.5297060238740937 0.5376946682677844 0.5590774048647597 0.5499532979798765 0.5350367320216213 0.4864305070164346 0.4965757519388241 0.5267624732587701 0.5038029297615128 0.5215603884050938 0.5064856678272244 0.5017412550109484 0.5566168015337174 0.559224700430239 0.6156480791253971 0.6583898185282707
0.6493161803785696 0.652931956272039 0.6117270612190552 0.5939109333602255 0.5700580904156285 0.572708055359666 0.5213144763129227 0.5370014408778678 0.5459361077562329 0.5843941243356555 0.6409396522014703 0.6164191691458036 0.6157738658403635 0.6747146132532374 0.6531571445341555 0.6792018909729476 0.6420338363126673 0.6748974625829037 0.6394109326370838 0.705555581164004 0.7064539850814816 0.6787956149022689 0.6583901361146731 0.5935346528538641 0.590101410621178 0.5388867513917024 0.5888881890978295 0.572132572290648 0.5813147524712934 0.5859371307724149 0.5247727878339806 0.5612556077251235 0.5312685619035146 0.5129130952882124 0.5061480879669045 0.5068473055630959 0.4766276862424832 0.5100732576466036 0.5531852627419079 0.5572360683587075 0.5840322548111359 0.6106075733643814 0.5766219272026566
0.6662196797266351 0.5964555074915333 0.61291992903101 0.5669758880396718 0.5517073088049717 0.5191904536964337 0.5090352174754612 0.5077621675432357 0.5591727661180436 0.5370333426761315 0.5832562158850468 0.6198481232590883 0.6391701211745546 0.6919974493602811 0.6824302762012986 0.6470170136179368 0.6436494437558641 0.6562936523127727 0.6828571484913574 0.7079662696004901 0.7235155346577733 0.7032896431467186 0.6458160952615591 0.5795736363090137 0.5455832574355791 0.6134614814999062 0.6169129299662872 0.6229246943669667 0.6063063258380621 0.5493448425698555 0.539334754535715 0.5566999910669737 0.5571153683920128 0.5263478413329781 0.5404488081585843 0.5170784586343125 0.5172641605177755 0.5586673086365479 0.5193272030817893 0.5424014473772932 0.5873665884855108 0.5713381840547822 0.5786336723241085
0.5959576740622552 0.5773190047207041 0.5935371259384268 0.5263134180469938 0.4667667866421094 0.5117625310008248 0.4944662817060002 0.5574620055789016 0.580631077220129 0.5528233676025782 0.5618337868383818 0.5677199092498065 0.5654007335065186 0.63264837871592 0.5995207340828081 0.6419537899395683 0.6713160903020976 0.6890452921284539 0.6708309173407274 0.7066048572124884 0.7001745250153262 0.6828165315847673 0.6642532644733506 0.6062179828349329 0.555406615064753 0.6125765921155826 0.6204741316807642 0.5777658137912538 0.5840049366239766 0.6004081170861632 0.5410744578286079 0.5406747302660828 0.5445312683388149 0.5768427504587382 0.5446947510897356 0.49848405449268557 0.5122438982070238 0.5615256008598803 0.5477553234856635 0.5658217529063854 0.6173213197147619 0.573073926238765 0.5740596495852304
