Raster_benchmarking/Raster/continuous/raster-230.asc
NCOLS 100
NROWS 100
XLLCORNER 1743164.2568078877
YLLCORNER 5469287.266906538
CELLSIZE 10
NODATA_VALUE -9999
[rows 38 to 56 of 100, columns 43 to 85 of 100]
0.5128313109606492 0.4962609904273362 0.47426929724848405 0.4685902932032464 0.44286758322775405 0.4249993942537614 0.3828285161456838 0.36804655627042965 0.3981963200532784 0.37000934422915743 0.3968851847196809 0.4095092834345836 0.41600345850522946 0.39607063799008296 0.4069620111116769 0.44689941836355723 0.47378692350115625 0.4760519679534528 0.4639539466507778 0.49106165741114405 0.49511682562909176 0.4859967733664507 0.5102465552793495 0.4910372334251722 0.5509151475653139 0.5693408786923057 0.54887205150714 0.565418759272281 0.5474961194378101 0.5744128234813168 0.5509588881539182 0.5535846462584926 0.5834215749069328 0.592446534607954 0.5868537393992675 0.5745699800118008 0.6261882562161794 0.6502401187092841 0.6808445007720608 0.6496182473177801 0.6721503999890428 0.6779995260986202 0.6888230372119187
0.5316664752037552 0.5258770396090404 0.5120159075649876 0.4655158045548223 0.46880829181170147 0.4519305592412942 0.4100781652139772 0.3878174371949669 0.4004460803825658 0.413922089195654 0.401043939950888 0.4320386611899359 0.40102260236226644 0.3848960075650562 0.4090878091963054 0.44541676603527236 0.4595213684391519 0.4382030370112815 0.46254193625534584 0.4618408300211613 0.5048412880054112 0.48033789106993435 0.49917177259266726 0.5182472110526027 0.5506716780625706 0.5381123966858701 0.5710697893967701 0.58095795144026 0.5575452125119603 0.5815228124729991 0.5935879910874247 0.5814521066067745 0.5529437985560416 0.5949935888173149 0.5935568461207165 0.597290568073079 0.6275704003993263 0.6603782275319394 0.6819775501951949 0.6551351942936413 0.6751474316300967 0.6936271422355346 0.6780470963602188
0.5239963343171534 0.5260494091179829 0.4841746448160359 0.47106967231846797 0.47826825595553696 0.43288264755924044 0.4321969070869928 0.38161331978927837 0.4029215676563881 0.4470177333903971 0.45958525910432124 0.44878803788096866 0.4162572949511392 0.4067834849891128 0.42392651507765855 0.3949112126426963 0.4214405358735511 0.4331031202958807 0.45534655527259277 0.47878754415971414 0.5206320919961146 0.4890174126969171 0.5468875965982478 0.5697928532825648 0.5318796024916916 0.5446041635149921 0.5825789567523267 0.5738448590892382 0.5916068554681272 0.6071490521357148 0.5649495921202026 0.5595550348954914 0.5773498097264648 0.5677160683228913 0.5934487947838897 0.567158593788944 0.6185331567416851 0.6546673262071311 0.6506643027078907 0.6877260549171998 0.6858017036352148 0.6593127727781337 0.668670002819273
0.504268639474738 0.4883103740368463 0.46310299209022077 0.4592663717082122 0.4658124435864936 0.4592564059738463 0.42999512536032447 0.40421230533765323 0.42796066573675406 0.4337652217618433 0.4525857568714357 0.44112974758575185 0.4293665921468833 0.439776605387418 0.4356165415355078 0.41991021033913295 0.4133981083163621 0.45899508333963274 0.47362502274067037 0.5209707445904193 0.5376715084655257 0.551484874505746 0.5711452403300642 0.5462951375580101 0.5462782673592416 0.55453668093095 0.5597972979535296 0.5628983835003789 0.5645892698816517 0.5762353014591621 0.5874536065618746 0.5712364078906315 0.5966525466797136 0.5844046496295495 0.5942589347947067 0.6100208377368277 0.6233234746705762 0.6618113344387467 0.6628792088137452 0.6999392677590415 0.6936276454795337 0.6880613615136171 0.6921638668653908
0.4765779290215661 0.4679138503760256 0.45071313785407513 0.44021223959753053 0.42916815653664736 0.4394486799918286 0.45371100030434713 0.4601945499030106 0.4385607064433785 0.45343092037328686 0.44150804860747384 0.485393889856204 0.4706595248740068 0.44447747053423126 0.4516590395269583 0.43024391557289393 0.4298221746574246 0.4499749481179287 0.5020459419742139 0.5257618299946394 0.5598888390205343 0.5659863697354955 0.5875572094986212 0.5876129628313248 0.5580593131414346 0.540762451600726 0.5556804978011339 0.5402690832189638 0.5505142177573716 0.5897103091518867 0.5820029203337138 0.6165657263736046 0.6043544414110078 0.5906326194819413 0.6127504129934503 0.5935252420658699 0.6418225350449364 0.6421569355126779 0.634622288319819 0.6892116908866911 0.6880624194551488 0.6622169964208334 0.6898594071344532
0.49079041146366914 0.45364211473709415 0.46752414296581857 0.45734472261406356 0.4320730557613886 0.4305470383617561 0.4377374812623669 0.45740092964587964 0.4553316436909047 0.4386541186198166 0.4626751464344978 0.48417782020183503 0.4936611513248432 0.4580782352546649 0.478169801590641 0.4836317593103698 0.441617744381671 0.4595241608253581 0.48712833803219124 0.5079101532258485 0.5366246651613118 0.5355918952678981 0.5775385894854844 0.5756991698330193 0.5440145963861875 0.545712809159046 0.5642984317178054 0.551703643237657 0.5777565807875524 0.6110321313804125 0.6027184779913753 0.6044205817671454 0.598978718308926 0.6062590081346686 0.6371750566433703 0.6248255753169772 0.6213105743109041 0.6263831688879988 0.6185611483847516 0.640769016881133 0.6472330896295021 0.6254693009570195 0.6444312298070022
0.5045094317660661 0.45972357055266955 0.49185868957235623 0.46811825057756845 0.47773295072088406 0.44442558900074347 0.45220451209993545 0.41920699012119683 0.4369579613734454 0.42817434394186005 0.4368311277158448 0.47160561736521106 0.49193473613326894 0.5063645889053895 0.4792972358610058 0.4966855692913902 0.4898684536774585 0.4653924991209058 0.4785730625954015 0.5111285583153375 0.5353300483709943 0.5258750858022567 0.5759377701591054 0.563856628600349 0.5665073618266366 0.5401847948592939 0.5834002193817645 0.5544575323568691 0.5829247158976151 0.6280773015198454 0.5999674990821159 0.5913642576029994 0.6260965299736486 0.6516069925078023 0.659527391006378 0.6683247556978458 0.6286660645969766 0.6096835625113034 0.6273550191643352 0.6186893245059664 0.6210214187420623 0.6113539659941291 0.6373632886147534
0.5027893037834795 0.4827016184706989 0.494983102145069 0.4799829617878465 0.4832452517748461 0.45591230900099433 0.44308291641672487 0.4498040931416098 0.4661281425430963 0.4524289192844447 0.4738286628247357 0.4848193329968914 0.5155574910344626 0.4962789594806782 0.5053471390037457 0.4912850697420654 0.5148154957270034 0.530329352231368 0.5363704738952348 0.5588199059101163 0.5742459290149273 0.580511504782488 0.5717024033977498 0.5822377743559554 0.5918551550160331 0.5827263700011384 0.5844672000463562 0.6000783121099321 0.614457847244431 0.6296835606683173 0.6122806681449833 0.609979769444636 0.6147236929758508 0.6174418456214935 0.6487944319596852 0.6554736029213611 0.6285755098615957 0.6227365609391661 0.6228650136505838 0.6394393841496434 0.6049905777056067 0.6398035290390168 0.6268038533129887
0.5134267683639248 0.5058087933803489 0.48995194654798613 0.49228295971698827 0.44583680633909845 0.43576657928998114 0.4616133939634818 0.45983362178430126 0.46514842651174076 0.5051235077535646 0.49073976777482564 0.5239881132843817 0.4880115771185408 0.4710286310274362 0.5005921776122922 0.4994213475668834 0.547581745125595 0.5603256418300452 0.6017810589556347 0.6070297849694937 0.5902368773612152 0.5650564372490104 0.602519454171033 0.5992912953262267 0.6355665664358484 0.6378281731282477 0.6439063586719604 0.6465004045737933 0.6393228671688493 0.633884807191285 0.6113197805690451 0.6308854658274806 0.6422278712691718 0.6280080039101862 0.627994644683822 0.6420104455505201 0.642809892817124 0.6092820024408085 0.6093161107119112 0.6491117620645255 0.6440712280543834 0.6268943184358546 0.6374926194714841
0.5407499811673272 0.5282505804666984 0.5146576330799595 0.4596847868063959 0.43829028804305287 0.4662113077270915 0.45596871033178366 0.46120579193628003 0.4546876025116722 0.5023703544648531 0.48663156761758425 0.5043892070421837 0.5049392256047219 0.5185158622444744 0.5257210413754081 0.501901691473627 0.5284325739106085 0.554175063685431 0.6191872011593026 0.6268308033306104 0.6391347075799425 0.6031443513029877 0.6093178169570295 0.634481924581884 0.6296536276209582 0.6394273565185682 0.6469677804874345 0.6376312956239416 0.6287569827571641 0.6255111308160963 0.6432984955714177 0.6392233801814475 0.6588411612751952 0.6405946052456096 0.6363163278881578 0.6688780384395457 0.6611356250147735 0.6296074200123184 0.6267571263845193 0.656850735023661 0.6559161093779639 0.6707374104535646 0.6782414649380506
0.5403451818100559 0.5525605579881854 0.5362250759104693 0.46299790885230446 0.46438502416132 0.44755378656726924 0.4881698194324618 0.4691542061990659 0.49349039458080957 0.4754354263504006 0.47092198158021625 0.5224807653900477 0.543410872427903 0.549779337679394 0.5200018986893555 0.5348961700303004 0.5623779170492987 0.5705800206093716 0.6047045086136751 0.6556684542882834 0.6740924206297286 0.6741879836838326 0.6569594572019972 0.6614116781085779 0.6656229068946278 0.6597328876194268 0.6541366297237987 0.6619199673321275 0.6656954103750373 0.6446731633268857 0.6413478083187863 0.6394578093916354 0.6317902082997617 0.6595233572247408 0.6589670441084398 0.6577002986241747 0.6605915305452844 0.6634480823432742 0.657916180138758 0.6181511811905047 0.6369062760925986 0.6658870629748833 0.6866233120994492
0.5403470208578565 0.5264730119204337 0.5282057070929962 0.49800872734624263 0.46549943234488295 0.46861385771285635 0.48876222324521396 0.519864220510691 0.5104324593741127 0.4731097612612867 0.4838951904912709 0.5325730512405225 0.5420801200330676 0.5581190685065077 0.5361417880935417 0.562347573285331 0.5762654267860107 0.6129421397085562 0.6020632537397741 0.6510512178919826 0.6522562668913319 0.6584507773387427 0.6933952818176041 0.6978980892695498 0.6953964524767388 0.7045117942338882 0.6728658852744382 0.6671528596196655 0.6852971030543176 0.6907459604268174 0.6827829462070198 0.6920247132008589 0.6550056531966976 0.6707538023929915 0.6888082763223513 0.6668486997463261 0.6886884091270984 0.6594708480686844 0.6601880291153943 0.6634008144087407 0.6539400269002363 0.6920640466181994 0.6925883042033143
0.49142088817082497 0.49529311205566 0.5204529127631642 0.5335510093210365 0.48642664551606324 0.5045075224814137 0.5019983163112051 0.5246778153646341 0.5290595126522964 0.4968326887959552 0.49259084809314896 0.5059962981378737 0.5189844046702032 0.5397212581264192 0.5399556539731071 0.5811481317704611 0.5772409869089502 0.6359371451645945 0.611191005778135 0.6217878981694168 0.6494281901515834 0.683087498722758 0.6889617647990756 0.7215899756961017 0.7216784277995976 0.7225882387358714 0.7234707402184525 0.7225621026728004 0.70129504546029 0.7175769348744342 0.6894791362669951 0.7122583998725125 0.6777977391285777 0.6957918452194474 0.6945707468599158 0.6855331246154923 0.6803721208594905 0.69471723777625 0.7090873349211949 0.6776501550202407 0.6744416365099741 0.6838457759600045 0.7378942384400773
0.46713346027816083 0.47791766424576293 0.5007160311886288 0.5152561037009087 0.4940103933551027 0.4859962741564966 0.5102106316951749 0.4951084298635329 0.4988828918315768 0.5081760677299761 0.4996921469342617 0.4878202142823396 0.5097363002244323 0.5501219391000453 0.5756120379813606 0.6026320151329493 0.5997806331402824 0.6012660630481922 0.6350856265431755 0.6520165503669917 0.6727189009524842 0.6872475304683814 0.7219445431702953 0.737432419911745 0.7282211586708992 0.7224217878859318 0.7089790980611147 0.7232606906855733 0.6957481757779286 0.7126698438519689 0.6861900407914129 0.719151425045273 0.688243070768617 0.6698919938928019 0.6602640366243632 0.6774672036294521 0.6896098262691076 0.675056026052916 0.7201256367835281 0.7060736795811807 0.7078096212749299 0.7317208594215375 0.7507438475830724
0.5040113179815465 0.4945080997409905 0.5152321945439298 0.5444511337025728 0.478936652974738 0.48040297936323967 0.5124754740543334 0.5003193263725882 0.5281529537488461 0.5286094814874233 0.5208646032136132 0.49060472953053075 0.5298211189665241 0.5360001622840129 0.5787921418706359 0.5623416600942843 0.5634457959259647 0.5858760139385046 0.6042289543352456 0.656930418064076 0.6703739941910506 0.6735895191605176 0.7249739810491187 0.7304174339450189 0.7260025806240644 0.7334873316304669 0.7082819511733415 0.7278351983407522 0.6891483619220328 0.6877431908499616 0.6790327213544972 0.6995573529807478 0.6899493154162356 0.6744333033937365 0.6674405824366636 0.670652279339357 0.6965211490821897 0.6889468806883293 0.7094625965934922 0.7608528327002345 0.7306387745163363 0.7248896931747079 0.7647485953346148
0.4966285797734932 0.5082343346280984 0.518395858651962 0.5032423809438582 0.48956470275450464 0.48225115652665324 0.49233668825904414 0.5104078855654048 0.5131750084728564 0.5091216937203688 0.5138919136225364 0.5036620842676881 0.5310147385512917 0.5676154192640828 0.5910940755851883 0.5792800353950658 0.5806826845341418 0.6007693689546 0.6302958932718253 0.6555949386178224 0.6641726299915981 0.7107492452784208 0.7095668391972088 0.7251633527792238 0.6962206209931369 0.7003025198308521 0.7165778913895274 0.7331305237836633 0.6822392750449197 0.6947094538140887 0.6671462221899038 0.6576461304806576 0.6953902934921865 0.6957583803840578 0.7055883144141373 0.704727477610268 0.68060124114768 0.6919919674296636 0.7546623734430663 0.7642189837681098 0.7471269815116018 0.7371756755147288 0.7520335552512105
0.5212078025700271 0.5000051803202126 0.5312508327329759 0.5079339912855461 0.48303017476293575 0.4796349852488677 0.48696080632351746 0.5301850435635104 0.5438933281941066 0.5525981319674923 0.5256226790962056 0.5676876348226679 0.5466628590194587 0.5642449547811609 0.5911532391362143 0.6281072543227656 0.6143247088698409 0.6351782217997469 0.6511300213729186 0.6602993102308771 0.6969479994496957 0.7450221177509392 0.7398521967778585 0.6929524061911759 0.6774214606978584 0.6963343385768754 0.690366086015422 0.7148857158477311 0.6895633435169185 0.6787618248641938 0.6675542721597327 0.6532572138324277 0.6836215775951587 0.7020502510891751 0.7001346824966056 0.734050154998205 0.703054102188014 0.7195368455863351 0.7508456656897713 0.7768014184359731 0.7807380881663686 0.7875335730326728 0.7642993490856085
0.507956430730619 0.5197632009365748 0.507790722658193 0.48408762298079966 0.47625561531780247 0.4762208177574392 0.5162432245567922 0.5121083006165345 0.5112795194633931 0.5275618373369674 0.5384885315320354 0.5483134985549403 0.5961781106563233 0.5867388456835629 0.6163783150195709 0.6480045552656317 0.638665053302573 0.6542559057224766 0.6990354554289578 0.6957592095599876 0.7052311039669611 0.7350349035883209 0.7550115333210498 0.7260888732220248 0.6884195796311601 0.6889464811009604 0.7225297910090517 0.703611897944546 0.7215337211113333 0.666262084269255 0.6438639032665203 0.6418636978915299 0.6847011813401968 0.7167765868727726 0.7109170773844786 0.7445585199434119 0.7556620765048488 0.7558169196188389 0.7762462424431572 0.7666115381409352 0.7796286399242234 0.7658575197827964 0.7648889949414216
0.48878861493389675 0.4737752967177325 0.5071982017173661 0.4721851972433432 0.49980985289535046 0.5005385039933958 0.5235990961406606 0.5132242128545241 0.508846366741639 0.5224682498860851 0.5275425183862719 0.5682657974044307 0.608162289042954 0.6251540072093051 0.6175454934709159 0.6430693992544352 0.6595591406326704 0.6854693220874853 0.6961364022930349 0.7269398006328134 0.7442473311619388 0.7464075310577555 0.744188112376775 0.7442625091196585 0.6908235010773072 0.6915837587444483 0.6943151963742904 0.7206365578499048 0.7007235580497723 0.6891789627372847 0.6740831686484204 0.6278009459789444 0.6513600281937831 0.716548170555208 0.709713235300234 0.753583906783295 0.7498189126543771 0.7324796683713048 0.7845371126715635 0.7911517277684585 0.7763877170524728 0.7362691534658697 0.7241262649227265
