Raster_benchmarking/Raster/continuous/raster-414.asc
NCOLS 100
NROWS 100
XLLCORNER 1743164.8691049141
YLLCORNER 5469285.831918243
CELLSIZE 10
NODATA_VALUE -9999
[rows 57 to 75 of 100, columns 0 to 41 of 100]
0.14428870917246442 0.1502464955683832 0.1917161075622363 0.1974312039285906 0.18390790532834236 0.2464313347961658 0.29220794500749514 0.2571287894809145 0.24985110669466504 0.24612692733648261 0.22016067957603885 0.23591278235577615 0.21928273558827654 0.2571685145261871 0.2640076794045378 0.24800006427841684 0.22724996974540632 0.24691157355355442 0.292756702436948 0.2610856332748097 0.28361171394574486 0.2793478855512111 0.23779603230635957 0.2512410258336831 0.2813218685589209 0.23561169969754542 0.22103740551570777 0.21669194228800442 0.2514623104808776 0.30070762622187774 0.3184287169673316 0.350877917019774 0.3721567904405295 0.3768866809296697 0.4065135447787632 0.3663039297336087 0.359885704394279 0.325091778702819 0.31490492806098347 0.3187957055823412 0.3449076144567191 0.36883559739788735
0.11571156221150154 0.13017652040280805 0.18831418424141685 0.1753385984242198 0.17539353169648067 0.2203241884505779 0.27238804964552776 0.29890324442758975 0.2899247121148799 0.22312635568473357 0.257840455419793 0.26245258144972194 0.25459699634233635 0.25160278021838045 0.2666464008963042 0.2623423813540074 0.2581485447257748 0.2772555548663667 0.29110742402999945 0.2764343822706148 0.24986830360207113 0.2537235185097853 0.23607723616428725 0.2852071876548798 0.2712643511920687 0.22948895984968 0.24662180234543615 0.21055387087176522 0.2385139897215092 0.27826902441310786 0.32427650159005195 0.3093639617340799 0.335814014628722 0.35336407451696156 0.3894405318729487 0.37314388636719514 0.3708825414761868 0.33628308892392267 0.3546718418498487 0.33911402106333005 0.35995892019861025 0.3663820538854432
0.08597921663301798 0.15406838196767794 0.16819862451642778 0.1925603510072708 0.2142856416752526 0.2599065443478443 0.28085321188901824 0.29314178628631227 0.27590316028729356 0.2750944170105158 0.23056994245095935 0.2415550611823612 0.2872459044222571 0.25495583881171424 0.2593731321383084 0.23643540341126384 0.2333616652633328 0.26176842877470374 0.2618679780652408 0.2430312383565267 0.2511019502860234 0.2755541739730444 0.27912941426598575 0.2718447949692493 0.23358243268947176 0.237614702844431 0.2440454719925538 0.25668115914379014 0.23575420571414699 0.2673455042390811 0.2758753815809521 0.2837845568205271 0.3292818616548397 0.33234719664545753 0.37627022425215 0.3596751853133222 0.3522644508579068 0.38792437468736546 0.4054866318304895 0.38140569250895423 0.3871185465357784 0.3917144396684443
0.09639498762761432 0.15747805904258272 0.214423806594746 0.20979384140201496 0.2130929564749954 0.2699804037175791 0.32905578704167715 0.30064313752866095 0.281501794175383 0.27731848772516954 0.3010098733334899 0.30140103528385265 0.31934871689740313 0.30620076944388985 0.27402956414688123 0.28361782109971084 0.2601061821728554 0.26110612529729654 0.22775776348789353 0.24215110609037813 0.24381024674477383 0.23361495559620243 0.28393542592448207 0.2596775673536226 0.28782797581812786 0.2660672338893633 0.23673941991789899 0.2233821831015112 0.27310814269915956 0.2968561915032807 0.26796959526901876 0.2985779242138843 0.3183724722040492 0.33546936595835464 0.3509131662815642 0.33198992269363836 0.3368962228055122 0.3474458824831523 0.3598365195197344 0.37175211898878163 0.37515401462904663 0.41635948156797425
0.12698206190135267 0.1966944263645905 0.21225666156256298 0.20470152736298042 0.22480165244118835 0.29537964700045727 0.35558265545268514 0.2742595937753738 0.25785727886307164 0.3113355827021269 0.30716902491621684 0.2958087810249716 0.32066939037862413 0.2879979348396816 0.2685879582969339 0.2784468890250115 0.2741702581683056 0.24727604651226273 0.20589240628271885 0.21515312042009593 0.22160553829635005 0.2209455879020074 0.26461895002364083 0.28666572676842017 0.2901782526226087 0.27402142845583444 0.26991754271011326 0.26247427373887955 0.25716766255341605 0.27826964606542137 0.30361465981755353 0.28924921854396013 0.31903995491829884 0.3048568622960388 0.35292194230671164 0.3667156412875544 0.3591365602916232 0.3503176026467798 0.3831041410674352 0.38752790184035485 0.3643383274593227 0.3841864796467919
0.1314915958225706 0.19132839323453507 0.19045863338849794 0.23357541563853432 0.216434882725336 0.25481453575671004 0.3241363203651057 0.2879936532005938 0.25339491133759323 0.29524034957619855 0.2923754851829202 0.26759563886529103 0.31243554243318944 0.307913448395471 0.2747720471443127 0.27938715047769697 0.2865224692751111 0.24822589121664249 0.22414962979737157 0.23852860103379436 0.2270895348583835 0.25589242041564986 0.23339943349366613 0.27677285281562336 0.2793316849331128 0.2998649850913089 0.263374076068399 0.280629259481766 0.2510157082826601 0.3003969914390591 0.2756989502268414 0.28176745132249875 0.3068531366730361 0.32523536159047856 0.3161876850880418 0.37134131590768216 0.35222452955690636 0.35472388935008425 0.34095155040028746 0.360793780201846 0.36368997008481985 0.39626980405878787
0.12151977610424214 0.14561625176048637 0.192708618045429 0.21416739030423707 0.22540207583725227 0.24200050543852966 0.3219980424587241 0.2589510382203343 0.2714237299015382 0.27784340453154427 0.2617139733437843 0.28109984363802837 0.2581729926211058 0.31303822962039174 0.30100810168570247 0.28358587882226144 0.23338757002212615 0.23283971885790658 0.23439765802615956 0.27714209346599655 0.2937431402696774 0.27909351685408174 0.24325020207681242 0.26028227138060456 0.27808267262838804 0.26477357203306257 0.24593443517153746 0.2412621224435558 0.2586393064898632 0.2541789751024811 0.2704824993380278 0.24033952881319826 0.2650044827826075 0.3130791758509967 0.32604506698188407 0.34148159918334564 0.34044289101712655 0.318158024832922 0.29648817609029904 0.28642682380444945 0.3389497988053691 0.354248018038813
0.15681713424329194 0.1458192132110852 0.16122818566726702 0.1977529176318733 0.2295071016571086 0.262053785230913 0.27257231451791436 0.24818486685700153 0.2519465721483913 0.2600856917512964 0.24590737194170023 0.24446761522654115 0.2723803236337168 0.2940318633351073 0.3214135140529234 0.2791745846871438 0.24757858147960246 0.2858677828990565 0.25707811426785787 0.2338507976377005 0.25728910907571123 0.24570947350120678 0.2336396774987215 0.28928697848435014 0.262603954368725 0.2309783771014035 0.20786243724781855 0.2570055140976949 0.27839947798348996 0.25793293680403057 0.25965969540439165 0.24514738286064286 0.19876692246419495 0.23038673546321112 0.28676983025797476 0.30285369701175613 0.27310182792760607 0.2960195217856675 0.25052357232665734 0.25049477958685423 0.2734942722648658 0.31105541386496005
0.1840299666708839 0.18453219111595875 0.14925676131850962 0.1784605463310865 0.1957283281398077 0.20637506877910877 0.24651858806029156 0.21661555236218355 0.19751827706730216 0.20829035038685467 0.2277245340794204 0.22250988360522828 0.20994840189250139 0.2840689427021944 0.3125558664951911 0.26153599004418326 0.27473800460328446 0.278380577018535 0.2875237291357281 0.2523194961130124 0.23346288252021902 0.24911012075469838 0.25124521096175 0.2746075172419473 0.2792764894420662 0.2384599155783067 0.1717257486066306 0.19313372466726075 0.23852625642469663 0.20278657959041158 0.19812248380425432 0.1850848173308278 0.1704381973487338 0.1896539677888841 0.2207900180805528 0.26527095031718106 0.23504115292493985 0.23556609934179587 0.21713389239244024 0.22631440753014434 0.23519703974301 0.2943688175884304
0.19499600950186774 0.1830838693859766 0.16604080638302848 0.17329097172777388 0.1924484215220956 0.20698838687278195 0.20547100992408382 0.18488663754911577 0.18851849981161534 0.1980656417409302 0.21960704523070623 0.17964685264824937 0.18358291925170614 0.22652590747192966 0.2650757940168973 0.22883576225516222 0.22731240438936315 0.2670335293022494 0.2547125957963338 0.27051990966858075 0.23443689365106812 0.2573031691555061 0.24248321051181582 0.2652055976686264 0.2629356039530029 0.21000604596102235 0.1946710010461053 0.2063740360383809 0.19280492112746067 0.16035793838618068 0.18112734841379746 0.17471317066872633 0.15079980086611472 0.15450554833695315 0.19430851232537355 0.18751316240549745 0.18494641532141276 0.14893494915611044 0.18049716768797222 0.22110446875347492 0.25104345448829796 0.2398556948455505
0.19779883007748392 0.18598910507755967 0.20837724466242857 0.1889153965435855 0.14815285846182097 0.1627809132397262 0.17224545877155045 0.19727183420214253 0.19820885519418635 0.1885314767802394 0.1664157932649753 0.16801393188554253 0.16384597190928316 0.18325439366192509 0.18571442569334676 0.21915455365044675 0.2204330882998226 0.2611138637843158 0.27969787179047884 0.2647132227431212 0.28952091488577736 0.27245850667544225 0.2964231784380912 0.25839883949544235 0.25627486125936844 0.223521397096739 0.18437403742593372 0.15885352437549294 0.16255550494443408 0.1465313960866255 0.09399268718323693 0.13485765533448774 0.1301481461851539 0.13109158260785866 0.16490640213755145 0.13865851149713607 0.12883359560871427 0.11844051623952645 0.11244611426306383 0.176660131929783 0.2194514074678789 0.20056804046663873
0.18550957494715856 0.17088305109006466 0.20361749459730816 0.15879075697391765 0.15777352372193107 0.1540368932642798 0.1463617218515132 0.1423152221280438 0.17921144707537567 0.1656946964028612 0.15811912848750767 0.17417935589629677 0.18441393621883484 0.16853999711142068 0.17249962321455153 0.21155630670523048 0.24113005465330317 0.2319404867520857 0.2311364024657361 0.27679631581485387 0.28241198285407926 0.2506755658801886 0.27805182384355515 0.27098496607201883 0.26953696047505804 0.22881341429287197 0.21193056058641066 0.1983514290308604 0.17575572541636916 0.11319752850656047 0.06641054541901947 0.09511129254076357 0.11168247853086148 0.10923093335891679 0.13986802489734215 0.1331860353203186 0.08881574907696049 0.0983467836963348 0.10539653883313002 0.12542741776164057 0.16165567711291742 0.17893082303300767
0.17701823582809423 0.18316489624584648 0.18156267325629055 0.18064191187297823 0.16777872242174055 0.1284266749647864 0.1126597527743666 0.11703709790713591 0.17884295954759433 0.1621155319942641 0.141897542923271 0.19733431480608196 0.20565196881422904 0.16825972417646062 0.14809738534335037 0.1722586624876735 0.19182343372861696 0.22194470919475814 0.2437039481902572 0.22809637899236807 0.2496615482242589 0.26559609087855507 0.23683531845026834 0.2348356707440079 0.2508529403142918 0.24782193842198202 0.1876438722101448 0.19622017132971162 0.17025667327487198 0.09645631252011654 0.07908999542774044 0.09502303035029203 0.0855378433789597 0.09757884073548755 0.13519509246041297 0.1308220855181857 0.07942170114396521 0.07925508328475905 0.07755398668125928 0.1125183841208405 0.11076605550912585 0.15051176720157908
0.1414127883857676 0.1720838486361461 0.1913601758162511 0.15599627263413213 0.141663977808283 0.1439849236793752 0.1417994561173722 0.12151566673806778 0.13799349816129558 0.16883815132147723 0.1646716458002007 0.1929002458508824 0.19340798861949418 0.1426338929553657 0.15044834021947023 0.17978166718730465 0.20448951660746498 0.17357095269516215 0.17666011328509837 0.20468026158804084 0.1881946546944668 0.21311495008202355 0.20721440850143896 0.23933940489058253 0.262247322346971 0.23857843840093554 0.20497331291827078 0.19065659437640506 0.1777510108127207 0.1392066150423406 0.0895131468546446 0.11208973974004238 0.11654306740291771 0.12979511924738102 0.13300478266996887 0.10862115981852305 0.07401355651943396 0.07296670256706243 0.09642550884898236 0.06328038302104697 0.08786334535325264 0.12811762437293908
0.16932428822832823 0.19564715387194273 0.1826820404318778 0.12032041512850378 0.12664079449331256 0.1460106449362378 0.14724401499986994 0.10515602865837315 0.11169364532363887 0.13868267483416302 0.14355725529161056 0.17568318853895248 0.17437063812338582 0.12330289640236568 0.13839694201621985 0.13883747119111592 0.1844437059694892 0.16246578102715128 0.1370513469213224 0.11789120868351587 0.12511674277834703 0.1762786750942694 0.1799087756014082 0.22496573803913364 0.20600806427484683 0.19109845253237198 0.1972800852920756 0.217910977262658 0.20083561558520363 0.17628332458331725 0.14179917121045896 0.1434180988217021 0.1512747753501069 0.16515649401916835 0.13893809046255176 0.13672086607533673 0.11019740741604463 0.06426408529130091 0.07486412217130088 0.04589888824668405 0.04523007574917476 0.10540348007784185
0.16911670012094382 0.1783287556308826 0.18367102263136997 0.12013387346805733 0.14561992159327514 0.14330406166284412 0.15130456305907047 0.12896442754419274 0.1524543242367947 0.13565729502176127 0.12302516252630495 0.14533420745653786 0.17133732093810528 0.12686896919579127 0.14707658206711186 0.13812969225157204 0.1125632921136446 0.12342122821969084 0.08743862574182307 0.07835802777570312 0.12075236074865195 0.13148808638772444 0.1330644888301213 0.16680071891865333 0.19049382370131454 0.1944593610078591 0.19028038836882616 0.21538042182070918 0.20688406582880747 0.19210489802853178 0.1439829120789761 0.15207099280903402 0.1682507344410256 0.17565150069135155 0.12257204837848543 0.13393529609822108 0.11010662830987665 0.08506189779928292 0.07997956223749116 0.05989906976041316 0.048270154592443645 0.08603641121921507
0.14585942195097334 0.16449356904872545 0.1538700513742474 0.1628559778775825 0.12143478724852476 0.1307477626327042 0.16048170236899376 0.13630519140916528 0.13610146706792653 0.1646694328015026 0.13110361518278466 0.12414053867486351 0.14466249450757668 0.09432079589786084 0.09501684733725356 0.11869276286780502 0.058606467727748454 0.07041815346971664 0.05935797818059597 0.0906790217797686 0.07670796049300983 0.0834631998866721 0.056946834823160986 0.08993237947119591 0.15549896802400265 0.14150889828459542 0.14925617391090346 0.15857167100135375 0.21641648135240074 0.17681832093429697 0.19921535784216793 0.1517587614039625 0.19661034727703738 0.178688972839636 0.1546782758628617 0.1438922158775244 0.0990139673685166 0.049397534124890556 0.02874964348596695 0.03654586394720036 0.06806417790411139 0.053100039727253856
0.15249742801032054 0.16630341518674174 0.13975594275560588 0.14346321426649397 0.12054295813551127 0.16026941406385234 0.17907669754678954 0.17594080886407648 0.1499654576137155 0.143142708664425 0.15359844913647827 0.12105136005197716 0.10050649087422174 0.11010408953222693 0.1209841172983667 0.08776239524637909 0.07821697075225027 0.09021484031829355 0.07775678565980103 0.11317755776565291 0.08051356399665374 0.1041115738927308 0.08944582056414545 0.07506000028883275 0.09738772224853642 0.1092518325722287 0.1556426725512211 0.1496506133922376 0.17714907175479386 0.19230357930869066 0.18941355637315488 0.15218029599010363 0.16529534449788408 0.14849530045729623 0.11672024234132154 0.11981179631626353 0.1073417054127839 0.08827550205490282 0.07478511007775149 0.049775289829674545 0.04300231397813217 0.06442767783453826
0.18913766880289276 0.16369424829033194 0.20256593479318324 0.1710015251393118 0.1467919492813818 0.1573535789456955 0.21700647383668079 0.21684851419858964 0.16316661932422305 0.1972480011485612 0.17943928966533193 0.17330476134433584 0.11760030287805867 0.13256952996018545 0.09783742944710982 0.10196220629366076 0.09041349340467546 0.06851259163524957 0.09443495388420886 0.09828117614534433 0.11593154690504555 0.08955409417107801 0.11582497250487642 0.06993841723192708 0.07126419542575213 0.0724386183974086 0.10344061372274299 0.12652659738202365 0.1982624063981352 0.19715403052585623 0.1632912324925981 0.165798001239182 0.12841514475810611 0.10985774911707279 0.12871584813523765 0.11673684753536837 0.09734036743668512 0.07246280328789786 0.03597604963165948 0.07691580172903278 0.08418835725301832 0.09983220009646955
