Raster_benchmarking/Raster/continuous/raster-135.asc
NCOLS 100
NROWS 100
XLLCORNER 1743151.9066166764
YLLCORNER 5469287.6650491
CELLSIZE 10
NODATA_VALUE -9999
[rows 19 to 37 of 100, columns 0 to 42 of 100]
0.4734530620848885 0.4688630399944138 0.4912398559989937 0.5176302849973603 0.5189741236860937 0.5210930912209707 0.4982984601700024 0.4856783568790923 0.4952495570074214 0.5336779978562135 0.567539080826942 0.5573189719991342 0.522738769992675 0.5326703595748474 0.49545959596502986 0.48703899514553556 0.5188812903396939 0.5130480099956684 0.5152176928639655 0.46996747935023747 0.4633788331931614 0.42878932399642045 0.39025994243640993 0.3868174956030315 0.395581707596275 0.3651456605543645 0.3349598980797577 0.3428222395346861 0.29109609288007193 0.20921027133889342 0.15113248835732798 0.10098637336352831 0.08447758857462183 0.02647688915342155 0.019049445525552884 0.02126573399386823 0.0468987137491612 0.08037637117072578 0.14726081796578183 0.16703912171902938 0.17701107430193053 0.1844972130491081 0.18651078898144477
0.4582347920343338 0.49728070443163847 0.4864263833629484 0.5141265945614749 0.46152736269217753 0.4592823611235699 0.5153638071395881 0.4640654100524121 0.5237070365373382 0.49700192822793526 0.5155517918410564 0.545877235782418 0.5350882875258649 0.5464241956196193 0.5510210496312564 0.484791136436594 0.5450136251265155 0.5236511362621774 0.505307120166243 0.5229694025056056 0.4858999167130594 0.4529314690303106 0.41173986332314094 0.41777820197193355 0.39436650336692114 0.34809370154637254 0.35316445874296104 0.3501298245338226 0.2875834602520956 0.2003196788882381 0.17971732118068248 0.16180531701680817 0.11774701236073423 0.06598721340220394 0.038582902029512554 0.06704216145603165 0.08134781671132395 0.11310761556228029 0.11052978371595844 0.1462423768451517 0.1710038962730069 0.21786063053253704 0.1914633264140963
0.4816186140212331 0.5149349049621468 0.50919542822269 0.4574445791484583 0.48618820467928203 0.5063137486268939 0.5102781704498115 0.520258157846288 0.5216370887757912 0.5335686687149739 0.5120857651504477 0.5773049250466258 0.5516960949685535 0.5304786726994842 0.5455239932134225 0.5388735286525138 0.5621860845705619 0.568663938332062 0.5110205816133494 0.4762557480295768 0.4680103253594529 0.4309131852662514 0.42568971664442623 0.40966676776859523 0.4373779522537113 0.38972654278058816 0.3386925431372134 0.33454587952636494 0.25282535058207933 0.24712610877405192 0.19017508097579747 0.2080600301921084 0.15614510026675998 0.15773820807862945 0.12385675226091589 0.08934635236464866 0.11140984964973592 0.14725609172051735 0.13750619690466837 0.1663739164985892 0.17072655684682164 0.20911919215062935 0.20203843308608244
0.4564274249702829 0.46967726597346615 0.49469476765768733 0.43837962912974415 0.43567191322000925 0.46419780027613106 0.47739579044493125 0.5231696770165262 0.4762819304697293 0.4796032472357659 0.5654123745451232 0.5820231855042436 0.555874108043532 0.527850083478084 0.5058920324486726 0.5255392473558491 0.5651230794882581 0.5887867125631402 0.5572445562002041 0.5263627737403441 0.4620233061760735 0.3953722535168489 0.46303894331068907 0.4624282530135283 0.44694753262222414 0.4032127316095698 0.3972562644216426 0.3494705827644153 0.27829617622731945 0.2367890790207367 0.2185993121759367 0.19457508859091602 0.19638980533549216 0.2055481765805275 0.19172108103154778 0.15548179847385096 0.1246668055512535 0.10127117649395362 0.1593447965975511 0.1623953802666928 0.1568261638552461 0.22058694866506806 0.19781158853847797
0.4249400414830774 0.432879194769728 0.4449675405567585 0.45452850582993604 0.4474105093525577 0.4954162647346424 0.48324271468052626 0.503787471216361 0.5065693214395026 0.4974982743819032 0.5678962924068757 0.5833630889625998 0.5788980668140868 0.5684854437704986 0.5335739380746263 0.5752427518484869 0.5840929167805755 0.6224773481356318 0.6005162184488572 0.5521489400368236 0.49984878200830374 0.43500100378608414 0.4468522247026117 0.41862597875273216 0.41490586523056294 0.4062167260940649 0.3785308751735403 0.3554153642272325 0.26801340919988537 0.25003909468001656 0.2462371590967424 0.22521745092473405 0.19442368565149473 0.17630937081178008 0.2023042760868725 0.20542492611371735 0.1756915668555412 0.12474142755206218 0.10877101158237937 0.1446122650603382 0.2027820515962064 0.21966464591017895 0.1662073636030102
0.39061878801627065 0.44097607495546687 0.4106231965620625 0.40874915825837965 0.44207573547181256 0.5229915999462353 0.5000544809200363 0.5051034475208255 0.5068923750993961 0.5369929501401646 0.572302775159254 0.5668897082512261 0.5665589936708725 0.5877287996609383 0.5807643964544353 0.5559973923207656 0.6089020884558773 0.6197551130079413 0.5647062942773463 0.5672912388681868 0.5408930908157811 0.5302543023354049 0.4685701522768852 0.43557806125240917 0.39367978893547 0.4175323195855917 0.3684122079527761 0.33144596079816696 0.26728230741219305 0.25956843495641946 0.228235489589543 0.22236782744271544 0.19593028708408602 0.18211015365230626 0.2128104704133978 0.22910304324029027 0.16958880335214035 0.11511006843728379 0.14871492244927054 0.12892559373258164 0.16556142913794342 0.20278893070382098 0.19938055315165318
0.35619351170497954 0.3905296279450346 0.3667401752613267 0.43148080574482595 0.45860353141548216 0.48031060288372 0.5258764600268705 0.5136495083712839 0.4694761779120622 0.5386814331879194 0.5548651762006648 0.5595833924212873 0.560714712408585 0.5877734567753747 0.5861644541623016 0.6046664238950912 0.5986735484171299 0.577910503387307 0.5748325537871737 0.5328387144009845 0.5500754861190305 0.5410968381382818 0.50657780267634 0.40824542072192066 0.38170850139062007 0.34957721550219495 0.3880883540005279 0.3738590595090616 0.3262125711130355 0.2748404122340349 0.29392613926237027 0.2537303579146084 0.21108966594852085 0.17903517675561867 0.21791303625809227 0.250047160053842 0.20027546781496908 0.15182315990881787 0.18149695998343737 0.17538478800565038 0.13877651787174528 0.1902399771610081 0.20549479557100025
0.30641922201336835 0.30288302128304884 0.3444169992077501 0.40449111003577753 0.47735463059168987 0.5139364396710479 0.4618648164400166 0.4410970437465155 0.44263639439572594 0.485465502399031 0.5274710851736878 0.536506638406225 0.5664343188898396 0.5601049639736799 0.5299940378086364 0.5730414822091322 0.5608661976475553 0.5744206506935087 0.5751281134236127 0.5519671145155858 0.5191279690257337 0.5057987696195883 0.4891893594027434 0.43999650217569813 0.3711509259186924 0.32009656078094434 0.3890925631889937 0.38079520636779174 0.35384841566438513 0.34421620651865803 0.2553133940166283 0.22140842529423566 0.2262301964199656 0.18397907617303674 0.23035944360043636 0.23487775645406145 0.2546242519325344 0.20920822114164672 0.2004440325963246 0.1461052038974391 0.14056073052240634 0.18775113809838628 0.2299387362442164
0.357666372591782 0.3295865589806534 0.3351060603793653 0.38881018661835864 0.4102700263371263 0.4087965609126725 0.4308868516459535 0.4067244708999427 0.42517506349574585 0.4660963885105409 0.46947965578198886 0.49540541028610036 0.5189186577248661 0.5044765616324528 0.5309293070148537 0.5585053632990828 0.5646021841265 0.5673857365381811 0.5262997649627092 0.46541540937896686 0.4560263324313637 0.45781060495070686 0.4573059782114984 0.41022742315131 0.3782275905340228 0.33929363846934474 0.34527149535083324 0.33136816239787764 0.3450302804867821 0.3147926223583361 0.2640927001439932 0.2149770258014888 0.24108968355290086 0.26080665120382185 0.2550985726827945 0.28725185655350755 0.27452668016770776 0.21034610496485476 0.21482196181464952 0.23880841396847002 0.19674478249239924 0.23979859068628326 0.2569429835724405
0.3359036800150394 0.36224536876669944 0.3508636541234781 0.39744847031230457 0.4347022969934051 0.4080901960282327 0.4112427436317021 0.4069242633073171 0.40783947957868455 0.40257661616042945 0.4649728231302054 0.5077048788923617 0.49056653305577014 0.510123558054282 0.5058614015974425 0.5637154974444332 0.5444589594450405 0.5026582940031145 0.5132962640310584 0.4408036938325053 0.4465219428835262 0.3959584110223633 0.4518055049701024 0.3927395352387641 0.34536143109412815 0.3532100381362081 0.36664048712276426 0.34224682812829965 0.3761299687283 0.34584801942571575 0.2847399646296184 0.2569644087945832 0.27804333218394733 0.23167777402651663 0.2897972972680167 0.30309634399535706 0.32974031368038825 0.27429670939832035 0.25464200644736495 0.2726400789818039 0.27998920932837323 0.24519434923017724 0.2668663011286944
0.4026713183722408 0.40470084661131833 0.3635158010383949 0.38152289173292575 0.4323270132812779 0.43318194757916845 0.38298369577369473 0.3654698579066129 0.4006245638719834 0.40735657584148993 0.43433937318638177 0.4828063383790901 0.46654903623614713 0.4969343545729163 0.49034397176614736 0.5179628247184275 0.4892514624361699 0.4757185357656182 0.4662225916310761 0.41782180458303353 0.436469604724246 0.40322562222687747 0.42878744852962786 0.40032490203628496 0.37252719403697504 0.34732320486685886 0.3739117749602833 0.391826370110345 0.3428980488412704 0.3461689706633632 0.3010712812353613 0.3040942474255827 0.263440481510958 0.31564346594204845 0.31196742754064866 0.32711877616197743 0.34232386174642554 0.2944349380283025 0.3142293386048702 0.28230262283404417 0.3013136716531274 0.34090380574562157 0.3455700037338382
0.3740044254422289 0.395720644687136 0.3525251154795384 0.3875330857207678 0.41759739311067773 0.4289785031720071 0.4011950957997977 0.36912444191260346 0.4000912547481538 0.3856628675654073 0.4273197394066373 0.4190016373953161 0.4112940289905825 0.46903220504040266 0.46051601549220256 0.4284551958459017 0.4543656899580785 0.45615074465097705 0.464217210637718 0.4525796315780604 0.43221675328392584 0.43987065040631224 0.41355257621443764 0.43381532345881446 0.3739685606311608 0.3897490771852239 0.3394586594239137 0.3792942008269923 0.32546883183861564 0.321157771397621 0.3071480058565755 0.3026362542342475 0.32817042113494055 0.3363398889301334 0.30010164470306994 0.33082465616744994 0.316006802992448 0.3471565084405838 0.35387071962032246 0.3137497136690707 0.3109212717190176 0.38078769606228824 0.36895311124207053
0.39969869906320227 0.41248118725293925 0.3954272424366899 0.4117288915505924 0.398724334709918 0.38396394618800717 0.3839020515120324 0.33055348893971137 0.3699878241207797 0.39789057338562744 0.4020988445546958 0.42570899623915864 0.40398168144707164 0.44337493089363433 0.4369926000072842 0.44419712426187635 0.4269233965817029 0.42295873237182374 0.4398741641518724 0.41560906546594006 0.37947327555985083 0.3951670653055815 0.40541574219625587 0.36761198927655614 0.3544218018640423 0.37051582486976714 0.3314720074532053 0.38872084215391084 0.3821152857110195 0.33757173381549066 0.338189332822206 0.36263542557138323 0.3175179300385438 0.32043027806349467 0.30796049361492556 0.34440545460745003 0.31034032454674976 0.35561049860536037 0.3612080830979734 0.33030102607733836 0.3696923219306442 0.3857856589758819 0.4415321922059125
0.41508637961432304 0.40203176109579114 0.4202791752973372 0.4283860791102079 0.40046871178935145 0.39843849088576144 0.33452362705251293 0.3193483353776444 0.3357868719935937 0.3075140688139328 0.3611078757607033 0.3669965145089866 0.38241953484772057 0.4103682550840831 0.4083757538098305 0.4040331367370663 0.38824692448299203 0.4506468405503085 0.3977694124975796 0.38699323544743885 0.35550282182233583 0.34658870115765744 0.3795605220950627 0.3747864885247297 0.3283466667371405 0.3353191917490646 0.36417128909637636 0.3529821586234239 0.3511065627396209 0.3433821477354004 0.33922294751929777 0.3636359508914829 0.35416730305635385 0.3078353239048164 0.30628686681342193 0.3494425287079649 0.3295438179700255 0.33967881719447196 0.3944047126112524 0.36474140761937407 0.39083946462197744 0.4294072819718448 0.4113403328155202
0.38913198090998274 0.3668228260008881 0.39620540031394835 0.39338473278309344 0.39392209474755835 0.33106347432715905 0.3057777251745653 0.3093501759404785 0.3198420903383553 0.27951839642934884 0.3027953616043682 0.3147757688733706 0.37529998559631006 0.37575734276740336 0.3598890335875812 0.38172904959356263 0.40093942671156646 0.39164823363755813 0.3969899616967224 0.40088651200917674 0.3571535938648607 0.32158492416908113 0.340209444938504 0.36415631733389014 0.36011358994067766 0.3504078221442345 0.35168116566764657 0.36390618449960543 0.39146170252316637 0.3646846646362525 0.379827699959416 0.3809314862233969 0.3007818379483049 0.3151883884838205 0.3406211037710286 0.3372100761410146 0.33122582870528333 0.37199727193340315 0.38068994167286696 0.38530362476977476 0.43074287752778234 0.43317642960777236 0.4199445628361072
0.4271849476032566 0.38960017447658957 0.40920330469945954 0.361717381218651 0.3457603823039734 0.31900574374595003 0.3064623450387432 0.2891346652178856 0.2691219502882609 0.2804074635878461 0.284789599279345 0.3283229154439532 0.3507042851578155 0.3216381615410198 0.367285348010847 0.42014893030390144 0.4002917823025579 0.38472239339399983 0.3757742819878858 0.35402780895278463 0.36098647764844294 0.35121849924427384 0.36005654253462815 0.37498720082347936 0.38087023107673024 0.39473816948026197 0.409249954660826 0.39167103346641385 0.39221960918961657 0.3825715345546002 0.3663132812079651 0.3584225755621713 0.33014723888129593 0.29577285894270533 0.3286523357825811 0.3482546333202214 0.3575442167329287 0.33801567954626854 0.37059054539891867 0.38139791231291975 0.4121834455963905 0.45848065388124826 0.4696622783300853
0.4335952607467055 0.4199581111307712 0.379660870130466 0.399936723299211 0.38345976273526877 0.3362319381533841 0.3439748348178556 0.3138005357987346 0.3042120571210695 0.29163330490074724 0.3338427789008669 0.37859016995697176 0.3678950880092971 0.35891696662959993 0.36359416822680873 0.4171128008655851 0.426778233729706 0.4048286769069531 0.4293977613559393 0.41895009480741163 0.41188378628947625 0.3851878321705958 0.39677575061370135 0.3854598145191762 0.4133593511268284 0.39420878853304825 0.4019078467661963 0.41395454719826963 0.3894752918637016 0.3912547370855886 0.4080012127049511 0.35800233555102473 0.3722166610468127 0.39020012863155906 0.4125059490930948 0.36737253972311384 0.3654068143620966 0.34662758900951485 0.35477502877452033 0.4275637814085476 0.4267771802684358 0.44226123055120364 0.4942701236777419
0.39763813696033273 0.4327669937316367 0.4448140866974797 0.43964802058383273 0.3936678346976955 0.42356889192301805 0.4293857206593187 0.40071035077478734 0.32556755762290474 0.34191140472097575 0.366468283753612 0.3796118198662096 0.3397733959115187 0.3503309403616881 0.356011113484953 0.3534515549843356 0.3926336243645793 0.4318298994629829 0.42061983115102386 0.43379552251259024 0.39149736168443233 0.4036376080309336 0.4475202495359749 0.43779333770555906 0.455769385998632 0.48895872928163836 0.4647018834081071 0.43814160365223287 0.4291474906119095 0.40451053861089564 0.4516594353199944 0.4140125665595174 0.4592818071560834 0.4600976416401168 0.433014052601555 0.41954613863367324 0.3904712538822388 0.3877667349842005 0.4102636252113047 0.43761976609032927 0.4577961003741887 0.5157285815811932 0.4923741537503627
0.3874149707581466 0.4375079739001263 0.4136754952434723 0.4338513115138912 0.43711377529090506 0.43093559170198714 0.47189059975389874 0.4040980017717201 0.37194366969445686 0.3865415331951629 0.40562168317809544 0.42339433806978116 0.3660502981545792 0.39369996623499526 0.3753219266099914 0.390841456696529 0.435806718337898 0.43571882699084463 0.40637274052044203 0.4418359620469247 0.40272571034786764 0.44009267709861927 0.42155882565057246 0.41321108524192707 0.4551744308870825 0.5021757698178113 0.4666295925645522 0.4678417465816455 0.440908728347252 0.40902636756928834 0.45649272427421156 0.4897474831224181 0.4765733654053326 0.4972772845924701 0.46889621109030094 0.44025435083737674 0.4428230691388901 0.41419851681228176 0.4047180023853995 0.4536507753915054 0.4961456263809999 0.5000638457178981 0.5345614311592173
