Raster_benchmarking/Raster/continuous/raster-295.asc
NCOLS 100
NROWS 100
XLLCORNER 1743156.6946476158
YLLCORNER 5469288.75965894
CELLSIZE 10
NODATA_VALUE -9999
[rows 19 to 37 of 100, columns 43 to 85 of 100]
0.6585706887432717 0.6348209959329727 0.6344551661250096 0.6345425479074943 0.6221209197563116 0.6389447630118348 0.6439065943650099 0.6682141709730617 0.6432682197845558 0.6122869844642275 0.6032856436621418 0.6204037911493003 0.6028327571630442 0.5964470261386439 0.6015740292370112 0.6212063472394659 0.6356237596729544 0.6484804460663649 0.670674546104232 0.7019540713366302 0.700518175733191 0.6687956153540879 0.6710466025407332 0.6669861340279548 0.6899216647214168 0.6918929495157787 0.7012950858177099 0.6973961956725591 0.6792693017863679 0.6551276262334823 0.6604919556773308 0.6601626340924314 0.6397545802858496 0.6452447271628367 0.6556536559882675 0.6372831231963217 0.638936663996956 0.6400341213620611 0.6485980490184449 0.635157414567103 0.6101889759648437 0.608132703436875 0.6248286857406103
0.6798014658309917 0.6603195407850465 0.6669091268426139 0.6264229823536254 0.6224264712538772 0.6144413469026697 0.6395993044561503 0.6712666533576218 0.6422820110859855 0.6364129649859818 0.6124920294822565 0.6299333354674179 0.6365651363526704 0.6227636612843873 0.6018891339098195 0.6127367338242191 0.6529526677351062 0.669445632525644 0.661702628672111 0.7042690470005839 0.6869913757122058 0.6621773828005609 0.6773383625207015 0.7005932410916734 0.7182260759187753 0.6829854740021435 0.6679863570456718 0.6682247363620599 0.6513796724668454 0.6639422185349501 0.6612163778178197 0.6497689447159356 0.6231366440177819 0.6035077203942703 0.6021616548202372 0.6100598677680098 0.6380451412456494 0.622003531866043 0.6448386196183605 0.6413787523521975 0.6028559450013613 0.6219739056337653 0.5966901232646142
0.6967136225985044 0.6595157404598592 0.6706490882623835 0.6680900378364008 0.6314297214251159 0.6509387035861655 0.6654543331580315 0.6840286844377911 0.6547710604825879 0.6451763409937424 0.6381216989954323 0.6195678084194092 0.6327132308223822 0.64251467410622 0.6320558300378222 0.6328089937454308 0.6296069192800802 0.6464458945194583 0.6793188396623066 0.6911825575584197 0.6829987612030601 0.6872587213849629 0.7032671825058562 0.7018708660327526 0.7191521669436478 0.6963873491614772 0.6871448009246279 0.669324062728051 0.6473762557563537 0.6551000458913893 0.6536065646257773 0.6683480628844406 0.6370485915247038 0.6249870633663924 0.6016689139671488 0.6121572076415983 0.6112950478485903 0.6096408125297459 0.6299304146516238 0.63380756371295 0.6052544538122516 0.6195184514343036 0.6079097205067581
0.7148739838471354 0.6768226541744086 0.6758278091440595 0.6730224044901902 0.6894463605998833 0.689119615983771 0.6583890975807064 0.6849394354150101 0.6806124642707077 0.6470285521443117 0.6406419420736846 0.6317230164439508 0.6664864182936526 0.6755732066275572 0.6764223124677956 0.6380709966319806 0.6644027337288526 0.6654772861165694 0.6601432028302046 0.6893677688381743 0.711997532199647 0.6849259046578955 0.7007108645969171 0.7325866774994677 0.725685487226983 0.7242666312138717 0.6873254589887587 0.6671070152116289 0.6638209854357421 0.6449031478969688 0.6547488458389878 0.6541638813466811 0.6179492250456443 0.5944613148097887 0.5899983449806397 0.5731203540318887 0.5855175002873008 0.6240459987074227 0.6242710075945157 0.6335912073911151 0.627587194474669 0.6022414565305177 0.6178555460705725
0.6916813274802995 0.6616737427461816 0.6637361465150238 0.6847184637794684 0.6933309547470691 0.67715081921768 0.6711584563873922 0.6579196024638312 0.6710961567442318 0.6494368988583301 0.6636473275144671 0.6512446320604582 0.6750479933187263 0.6707718932848408 0.6825490597754298 0.6428180080851085 0.6700324048536882 0.6916081103056364 0.6838835852709136 0.707075387780222 0.7045806665883247 0.701597482183035 0.7270587467680563 0.7444782990077589 0.71802535859143 0.7398865004546642 0.7089785850765491 0.6932156294098579 0.6472535894304738 0.6478814361233797 0.6556716411830658 0.628605951914912 0.6216721044341617 0.6031723782100695 0.6025340008010288 0.6124055125627863 0.5905757415138223 0.6107205985337144 0.6197421121604934 0.6339953158152131 0.629596567474719 0.6221859809430461 0.6200374056119972
0.6840836130988049 0.7010665319133182 0.6711438439572917 0.6483777481588937 0.687296341480646 0.6911126097375071 0.6537665449165428 0.6501609917423801 0.6459829411844393 0.6269952311043202 0.6435550592617212 0.6888227914627796 0.7011943793364434 0.6673391124128135 0.6767507116540517 0.6645167280406906 0.6800156139163633 0.6845689955949117 0.6721926840727652 0.7053330701861014 0.7106003260399582 0.7101866698852997 0.7192253744353446 0.729029797095018 0.7361295619095296 0.7262561598904826 0.7074661889419203 0.6677129821578097 0.6310202573999227 0.6528946457019404 0.614953396499802 0.6297080900918434 0.6217236815702416 0.6350075553206053 0.6266547576399957 0.6040604185166031 0.610487931999253 0.6092213140499056 0.5963501238333012 0.5957158312050179 0.5826303610518333 0.6010823892584333 0.6167523566479697
0.6975716422948797 0.7103873867523263 0.6861593383689191 0.6967266444635309 0.6708813287370478 0.6817874647619075 0.6616095890949788 0.6504274023074437 0.6405445714777056 0.6437635887212838 0.668980936613124 0.679535666226651 0.6875804192775233 0.6777688625434435 0.6929526415814469 0.6924280941087264 0.6910341701875088 0.6844324154489227 0.6809132831694993 0.6925922630310821 0.7487442018869233 0.7867065895769576 0.7833673218025496 0.7473228753711597 0.7437252314678692 0.7118219967915432 0.6832802924347391 0.6577884801024386 0.6307033353803699 0.6293101415292813 0.6032610777961678 0.5899377802288589 0.6203299956873791 0.6138407681006255 0.6300439842128113 0.5900719129779062 0.5900732233678141 0.6119843449908074 0.6132096745065386 0.5942129961408251 0.5704672716456359 0.5710674881245349 0.5685795507368426
0.7206182711338008 0.6892925803893032 0.6888447100848012 0.7122388262251096 0.6940376363026962 0.6689651850099799 0.6601411198327582 0.6605279534400526 0.6540393377806526 0.6293688708286118 0.6661661894732792 0.6439326509978076 0.6699752252656129 0.6742545166393749 0.6886954290330594 0.6879593290379273 0.7005139054912802 0.6772282684692065 0.6839820151838268 0.721581127597317 0.7490479810589099 0.843484371107771 0.7757289118931743 0.762862636487469 0.7542695935607724 0.7345203929639565 0.6668713633581362 0.6464506557093601 0.6380146861468182 0.5937837817166183 0.6125538987819452 0.585405411296786 0.6217195954326105 0.6273987185596106 0.6058045693364889 0.565953624288395 0.5869826062236783 0.5707273043411988 0.6107650055471523 0.6085963558044427 0.5954755181587162 0.5638108346954208 0.5492479464661316
0.7121128057085988 0.6977287976576987 0.7232298053084427 0.7329943789703681 0.7274457300365298 0.686851991554513 0.6951802663119383 0.6819771231524875 0.6393816286446578 0.6676369469339443 0.6650451738707539 0.6550652907575668 0.6759565302011672 0.6868608646633219 0.7052258544731781 0.7059170375398987 0.7115868121032647 0.6837809130659525 0.6918978172473859 0.7043707016055121 0.7693155244589246 0.7902777698141634 0.7959303782912358 0.7759832902918761 0.7479499463912712 0.7042362291236995 0.674031557527539 0.6165903359225268 0.5996211419966357 0.6064704704110551 0.5850680386604765 0.5720813169717979 0.5826996456490199 0.6112201427482444 0.58286962932751 0.5633428694289727 0.5581799705393786 0.5879962395535848 0.5928577699080846 0.6255381512849403 0.6099683217436959 0.6035719682245054 0.5668258324877776
0.7456838444643702 0.7451495333964123 0.7188590058905612 0.7319599274157239 0.7477243105458096 0.7312840928389485 0.6962769517854138 0.653712620507427 0.6435714990558177 0.6541237025461538 0.652436975387529 0.6633647054066039 0.6717355853235285 0.7052822969562551 0.7199416518965558 0.7068375833505038 0.7301855260352715 0.7227332035978782 0.7011411248446977 0.7176247958173887 0.733030665849757 0.7491013609653578 0.7674432226014749 0.7617385824746838 0.7023753128074411 0.6622311629105185 0.6553438247529837 0.6173998015330633 0.6238547850877815 0.5644143761868563 0.5669513875837184 0.5661525219182659 0.5542984657894698 0.5849876636889814 0.5591764496426002 0.5584127173906626 0.5770333015471147 0.6148781934053706 0.5910532470796228 0.6192343491103828 0.595772782374489 0.5873074188272297 0.6054968196922491
0.7522393539964651 0.7725540098346865 0.7525295548838541 0.7454265377387905 0.7314605505137386 0.7106628721002 0.6977369424671126 0.6976295585478803 0.6792796866043347 0.6909087274772332 0.662225720483305 0.6650061680919188 0.6939591452115693 0.6837709134611945 0.6784089980383619 0.6895210950624322 0.7227093605518917 0.6896273634238765 0.7104505428778722 0.6821296884819701 0.6972750616855984 0.7118680065366345 0.734896287499354 0.7271103686990227 0.7020016750504643 0.6629363585709832 0.6542071090036371 0.6495743536528283 0.6374982089268086 0.6062293406396466 0.5849722733029721 0.5612639564517277 0.5713312560160231 0.5692796959058106 0.5478143601093879 0.554240579646226 0.5769709370885755 0.6003547060267973 0.6016090639097632 0.5955452886082637 0.5970788233450591 0.6107555956702648 0.6046344144624559
0.7786144521030427 0.7841620323132821 0.7747295882833157 0.774377500253186 0.7746697781219878 0.7519603632520327 0.7343707047958213 0.7064568400577584 0.6952469820040952 0.7039007189080814 0.6676346809543486 0.665207483138297 0.6664178344840288 0.6841938819132204 0.6873560963677681 0.6977725139079647 0.7194514668957926 0.6808950223053138 0.6698400398048204 0.6883301810298564 0.6796415974289249 0.678826889705542 0.6983864788573657 0.7268233750591387 0.6945898531213709 0.6711231413589385 0.6586828516009313 0.6678410949439 0.6614085896121069 0.6153838058113291 0.5836701991693992 0.5550978857820035 0.583439011251385 0.5513225500628681 0.5517265854755999 0.5515655867341532 0.5886762867739685 0.5992771198045651 0.6141510516114558 0.6244673085496016 0.5981031472999863 0.6125964959263324 0.6316104453174577
0.7645777904330384 0.7753298880972448 0.7770096104041777 0.7747966511313993 0.7683643621145113 0.740111295452155 0.758193377024953 0.7531328879893592 0.7338986325915384 0.727265424385062 0.7045498928351627 0.6933956341675135 0.6742049103457548 0.6686599701214175 0.6987838630853458 0.6913909375170729 0.6973915043311759 0.6820329024066812 0.675119895352297 0.6755657784544217 0.697102696411851 0.6950890258419086 0.6797071191787224 0.6998598979320978 0.6718533064882822 0.6578097340892561 0.6593510160863016 0.6730149368410607 0.6558622753521597 0.6237613091140171 0.6196379605222008 0.6041192773205372 0.5771461879027677 0.5768504380546816 0.5355292891379817 0.5389452433306551 0.5654554243243052 0.5900031543322258 0.5897816076471313 0.5983607528005904 0.5753788158405737 0.6061204284703161 0.6008813178483962
0.7519704270306994 0.762086360766827 0.7750785105217745 0.7817064185345567 0.7785605543041859 0.7464462329631051 0.7663111786100367 0.7778681949616892 0.7154902773530992 0.696594454391315 0.7063139898972896 0.680781771702407 0.6796797154511689 0.6800908565975775 0.671190986234404 0.677118874251917 0.6897087475966265 0.6553539847289556 0.6650599022537939 0.6777705541485083 0.6869888846991735 0.675839865139553 0.6722241329417022 0.6533573024426387 0.6386138881739225 0.6434112554624929 0.6483844711392103 0.6371218304878733 0.6391200337148926 0.6207982230879378 0.6299375605350861 0.6161637825942177 0.5854929782830014 0.5582662876245666 0.563676590050789 0.535736622923466 0.5446214697324374 0.5377247244782548 0.5443735171087338 0.5702034350151749 0.5803072675798425 0.5558648806438112 0.5620422892650749
0.7631188245877202 0.7788854943646487 0.7944229607081281 0.7952538258091885 0.7756142065113975 0.7768163755372393 0.7805504850658337 0.7868598650996836 0.7307831506398668 0.712519077040016 0.6852433814420844 0.6790682416210047 0.6726411836897976 0.6917454373689799 0.6883698580807606 0.6903016886031509 0.6550815661973765 0.6604633251407207 0.6775221634050661 0.6915949339500501 0.6599681912181001 0.6674909464513663 0.6516837235242374 0.6817472673681936 0.6607033786874807 0.6703797530922889 0.6842392499774793 0.6526689382942092 0.6556372718641497 0.6015823677226437 0.6074866979675182 0.5989430963152879 0.585349247981351 0.5604952232060172 0.5709517267547538 0.5781065563200269 0.5671404677097759 0.5184616658597694 0.5210392576697928 0.5260490235044709 0.5503426249402237 0.5688945073069622 0.5697904851694549
0.8050640379097307 0.8165637188841083 0.8225849952857442 0.8004133696595207 0.7984385651679671 0.7877442088151828 0.7651510016719211 0.7721522802257061 0.7638782446912947 0.7203402608474138 0.7283180894900864 0.6933388645778541 0.6939410623609241 0.7023626911762704 0.6712543962777606 0.6684883011914315 0.6452992069092761 0.6508732020953032 0.679556156730077 0.6848646189246903 0.6534143818846276 0.6652098524783984 0.6660405267742625 0.688860895482843 0.6901855274419246 0.712146265949218 0.6929437128192564 0.6940190173375328 0.6638077363688499 0.5967989898102481 0.6339767689019226 0.6021086965903744 0.5991088948550152 0.6010825025611501 0.6031101164970841 0.5907044350906431 0.5721117982485818 0.5271634348953852 0.5098488522922296 0.5286785970884709 0.5469762276050161 0.5643972718860019 0.5980899161844755
0.7936708379321462 0.8088233429118191 0.79766753688859 0.7873599485685707 0.7960080124054804 0.7552077578107083 0.7530262976513061 0.7826644310974985 0.783012511902367 0.7448734927520522 0.7369691740463749 0.73976217376533 0.7180177367948398 0.7183981631509475 0.6963433630624251 0.6878365523148336 0.6616367248741085 0.6457200208762945 0.6778922673962151 0.6914831192081667 0.6794462371267447 0.6555224316973275 0.6719704912836689 0.6972808528496051 0.7123300355427874 0.70537181772569 0.6960045725638354 0.7045598636941157 0.6978919222200443 0.6720142006880524 0.6509583251129076 0.6362227432205918 0.6039169373413956 0.6282260013532238 0.5988205456292759 0.5640794000755568 0.5557495870394222 0.5538732996996649 0.5421213323737386 0.5308907670056814 0.5526710459736016 0.5964396910477343 0.6142724777095698
0.7820370038620081 0.8161907857066485 0.7844757873193666 0.7824217484522024 0.7827506769613543 0.7690464968623454 0.7858438994202862 0.7691321588722532 0.7799928700163741 0.791111564604944 0.7581668993145045 0.768051590907061 0.7488472319693926 0.714471289405348 0.6934654237121338 0.7227002183728617 0.7036725849177966 0.6800874717392114 0.7053110981053275 0.6640747102333335 0.6637122443644424 0.6652049960923906 0.6788075668758412 0.6950979536525481 0.7094510591671656 0.7172964610947418 0.719744345415616 0.728657594798931 0.7127341079937054 0.7037231468325326 0.6633246411534449 0.620458048775762 0.6123334808591432 0.6256439492886083 0.6095697717256381 0.5953142304656525 0.5782227348288427 0.564596836811666 0.5306254528787345 0.540707379651841 0.5545192787162856 0.6060116420487736 0.5799579963342224
0.7879960929502503 0.8220266582685932 0.8112322333715656 0.8258776889002054 0.8036153293706438 0.7940554015701135 0.811439680357871 0.7765723422501761 0.7989360166940335 0.766503124908907 0.7851545725430791 0.775636324985236 0.7485304736242978 0.7082415407229536 0.7129624846642225 0.7348500547337345 0.708984297108202 0.7243602169242355 0.717763953009861 0.7070153160466118 0.7123328062783237 0.70121549372701 0.7090908680863749 0.7101209528274808 0.7215622526095897 0.7206133261139552 0.7174493197608867 0.7374495295795205 0.7258621413890074 0.6939129298212839 0.6850176720480892 0.6480423825734754 0.6310165372012054 0.6451660517339476 0.6024567605541723 0.6013786816532338 0.5720744138902482 0.588977802450854 0.5593816738930211 0.5737012007075745 0.579004687406562 0.5661685132934221 0.5708803601591133
