Raster_benchmarking/Raster/continuous/raster-4.asc
NCOLS 100
NROWS 100
XLLCORNER 1743152.6266707613
YLLCORNER 5469280.857176871
CELLSIZE 10
NODATA_VALUE -9999
[rows 76 to 94 of 100, columns 43 to 85 of 100]
0.3323817166558179 0.3442402497483886 0.3232083294410853 0.2921135930145449 0.19175710069625077 0.13590494820394056 0.14897905320827456 0.16772786629847208 0.15982683969859454 0.0831786836915781 0.16534516724461018 0.27392763265717296 0.26443569753133994 0.32076714870895445 0.3356881607868231 0.27979295637227053 0.2370416713782089 0.2745212936998834 0.2808227137783342 0.34939084699326683 0.40319265100420865 0.4577294308514141 0.4584610553992856 0.5660058301690559 0.5441653098831235 0.5926712326186446 0.6403342845154067 0.6221897431530982 0.6164862754384771 0.6528427904697337 0.6622840673911122 0.6076298536384379 0.6000039805334195 0.6522360875096564 0.6519000010421769 0.6066748564878826 0.6496244068623046 0.6478864791136302 0.6900551854430569 0.7692717674836543 0.7808632959482582 0.8234132457457549 0.7630039974206096
0.26202049423449714 0.28914506746820756 0.25920600077470407 0.17829668534925697 0.17146920919229802 0.13336353018649727 0.08821136535993061 0.057640233228678076 0.08896806243468343 0.09402047115663306 0.17208226350567013 0.2169400190863849 0.2328109245954216 0.31754668348749127 0.3066590589987823 0.24923896799762615 0.2550977167380368 0.2644969527448434 0.294627487176981 0.3523042591252825 0.37632904973292164 0.4040569073837858 0.41983256098375704 0.4853005980463897 0.5238902413409644 0.5767408857453731 0.6220771951887538 0.6660067942902437 0.6386688130421462 0.6031854600386086 0.6224964466902273 0.5982116354183435 0.6125348807006089 0.6690254578838439 0.669237188756615 0.6288945910760833 0.6557366473476488 0.679556094802181 0.7493173357958686 0.8199186190271527 0.8355448575741645 0.8247090174290282 0.7833546458137937
0.22325042009774212 0.2758320101443784 0.22909040356652421 0.1318192728184084 0.1353259833216505 0.12042160710419632 0.07020099454673996 0.027113156735012415 0.08675443817676794 0.06487062460324271 0.11353934110108266 0.19464535642089068 0.21920932563359688 0.29355595691016334 0.3181378361326004 0.2713197790718482 0.27591846387345237 0.31247506352324167 0.24781433470121939 0.27722373207333384 0.2975862604715585 0.3600024471952066 0.41934834004453214 0.4485919905459219 0.5063571262931491 0.5543638903300122 0.5805639632331169 0.6302665299080986 0.5876350928606255 0.611968030536172 0.6631723810281366 0.6872026063724224 0.6315976913264072 0.6186340621016526 0.6300705684362236 0.6684370677134143 0.6733920391115615 0.7548180341176343 0.8265136279065006 0.8058874880724319 0.7981395354265736 0.7951983868603383 0.794144451855704
0.21596800337679967 0.223785944711703 0.13185095363548907 0.0953802983795694 0.117954504738815 0.07234532469687296 0.06419295167077387 0.02407381647735437 0.06491035326078408 0.08976285604741131 0.12543578570225888 0.16639104741472524 0.22240717168414065 0.2600667105142036 0.2964156170056527 0.2929023747274672 0.29338275937123903 0.2558514774892742 0.2538362310920481 0.31425292540318156 0.33095033232027027 0.3602904569976704 0.42060933689063684 0.5203597283283314 0.5489228166458081 0.5268317240564042 0.5612238156740899 0.5641754924471979 0.6194831965574865 0.6274283954302892 0.6588355218495162 0.6793952056569816 0.6274916498816628 0.6378496769166186 0.6997312543733353 0.6877204360915905 0.7599513293655592 0.7780949720681287 0.8444168396252737 0.842725682908205 0.8356439305424653 0.8657516380902955 0.8872270958650085
0.16631918538820847 0.12384882337073283 0.10296912290959886 0.13042604544180342 0.07539140236305712 0.058053494822806986 0.016879365026596666 0.008438391271122163 0.028965137804331607 0.08561084487634443 0.15095309153068207 0.17537140688782035 0.18285520417845547 0.2090124311507236 0.3016377338204731 0.31356249780828793 0.24557073931272333 0.23590704714475175 0.2214562606248144 0.2648398132096472 0.3070953306631232 0.3827880856640017 0.4794993535641522 0.5297826167182652 0.5415035723794592 0.5552971648696169 0.5282034729334509 0.5420080331959337 0.5886835962906368 0.5632367418695052 0.5876873805111704 0.620617623216651 0.6800914153037678 0.7255794242475254 0.7796508951231025 0.7273093883528277 0.8185809005729464 0.8484147656658938 0.8996658228139802 0.8508419186978788 0.8466446550750104 0.8887223442733836 0.8778405086036007
0.11026610643548244 0.10068855682496726 0.05449846824129467 0.09468587791159387 0.024890984889294233 0.003546628666793239 0.012619682489019665 0.049683506027832385 0.08608982429222754 0.07662577753241112 0.1539595917675322 0.1627855007205312 0.21514152632361075 0.2655177859776925 0.27683542157337737 0.30608260377213525 0.26541960372617807 0.24545490501486059 0.2657821794449257 0.26679775568784425 0.3282956595381478 0.3902000106205125 0.435963002976153 0.5040092346297309 0.5115669031779154 0.540360573684573 0.5122137054423259 0.5661736830190413 0.6020181552921288 0.6091994218652106 0.6369981677103732 0.668895732232324 0.732439314306983 0.7908934927727318 0.834318293453412 0.7962357493255265 0.8573976622355077 0.8618973663181431 0.918206611658052 0.8611531054942312 0.9032056554381283 0.8950285157309348 0.9018492046432256
0.08951174009807941 0.023063902097223865 0.07733397447666558 0.02313964556560151 0.01822986885798355 0.007870229537674404 0.0 0.051300884782587694 0.06578743608600733 0.10600682405087283 0.08224449689377689 0.10110126875891345 0.19035754113699296 0.24624792053449324 0.28217467358642156 0.28927455273220326 0.2684455879928646 0.31594566091108744 0.3407254183065271 0.3287466743857103 0.38844176154473253 0.44987367278423734 0.44791247862793193 0.5038785557484607 0.5402315242184954 0.5517920656476664 0.5661117680995523 0.5244464771770941 0.61862515413015 0.6518681503079965 0.6500284189324914 0.7250392480714881 0.7591880961967084 0.8827417583586011 0.8865310575719894 0.9111931113760849 0.9059875829218899 0.9505214390614891 0.9112283072598036 0.9248501898654543 0.9204573925771407 0.8660445461934289 0.9427124688149033
0.07782923624394787 0.04635100667663454 0.05500945240961098 0.07771689617155476 0.06798117206019212 0.0973253463223603 0.02048066777005401 0.057660733007734645 0.08616692998905183 0.06810371076434758 0.06251570590166487 0.13097846565451485 0.1685797224490642 0.20708737163469793 0.25848161286888044 0.26865949748731505 0.3446318093441361 0.37181206547788653 0.32112912969807467 0.33969695674327466 0.3496187030132464 0.38025351037724964 0.4602271306756828 0.4526242470805789 0.5205306249845095 0.5249662742021817 0.5448707584027377 0.5430906892518208 0.5671639391720941 0.6071996635843144 0.6837631579124994 0.7820687282207548 0.8420345326376186 0.8884054201646167 0.9246891570460147 0.9065873707809964 0.977817205007258 0.9926833334271161 0.98307229488969 0.9770427286772099 0.9312329814760768 0.8830285454699903 0.900871325296382
0.10579670403201194 0.004145786699297674 0.04226231757868019 0.09715745896964988 0.07939085724239471 0.14590645777224284 0.07737194686799671 0.028603509922613454 0.0604053544494595 0.026030829808348754 0.09891180044400816 0.10260177283445136 0.19728385309982785 0.21319609846798063 0.2280273178512615 0.3258273422550261 0.3143860215469019 0.3759555881450288 0.32065382412344445 0.30039881219936226 0.3177681399526008 0.3484131263446326 0.4454644180194104 0.4756906768817546 0.46666388362790223 0.49427347470749067 0.5374786433720605 0.5982481465492686 0.6210137811415202 0.649188359129056 0.6887948174394561 0.7271990376482367 0.8580505211575634 0.9481906314966805 0.9565270263101731 0.9144956620095591 0.969744264615249 0.9916691031104792 0.973421334458038 0.9711983248049407 0.9497774173602577 0.9364143896193265 0.9476657187652402
0.09797433864970508 0.09905492675938528 0.1007155870848408 0.1448393434887487 0.130858076465915 0.12131414059369691 0.08176173533839563 0.09719624759887009 0.10705984926084319 0.10673968337850237 0.11097782055863865 0.1192296950913948 0.19178301736134185 0.2524870769846722 0.25666923567751526 0.2652773744920142 0.321250960587184 0.29942432030170996 0.33097600714230135 0.2973382160876592 0.337254773253812 0.3685421494809602 0.413549434819653 0.4568941737753964 0.4274120337508777 0.4663955455565785 0.5346401179498096 0.6028189013865544 0.5920081986833141 0.6070384802793408 0.6692563482578814 0.7606003557171229 0.817831549526264 0.905309261235159 0.903153092063257 0.9390782017490594 0.9486447617582155 0.9649465228857025 0.8992441362322102 0.8992663010466734 0.8917636372199398 0.900775513528737 0.9098413164803326
0.12405133537454374 0.07307949218138886 0.11076615225260403 0.1471264366511825 0.14131010095471905 0.13923021088041623 0.11829882337488615 0.09904202171919432 0.09507009040100847 0.12669701953581466 0.11595919535816923 0.09744013331899667 0.21781240642326677 0.26888795976909374 0.31887470990739286 0.2992579190305088 0.33344927672383234 0.2915137989870411 0.30283518451370467 0.3228970936172494 0.33089679229863667 0.3379703737074783 0.36369155235615613 0.3627489815320124 0.43924625778683035 0.48348879586653465 0.5663877370686938 0.5930823235952738 0.6085601965285126 0.6155509292011747 0.6486320617069942 0.7048372086737393 0.8187841651652021 0.8821639803401501 0.8902394397078148 0.8867019889880235 0.8773037275526447 0.8937879114450762 0.8725818199011789 0.8505636999519949 0.8734829830442743 0.8897797521126317 0.8836517622189004
0.1572170303529963 0.15267475553691592 0.08810270192158623 0.0978510297800884 0.1133626121528826 0.07669725558137327 0.09686587078996942 0.057468486843574924 0.09949525056964292 0.08609031616805969 0.12554424494851235 0.13731257908341665 0.19893137777125558 0.27415795267059373 0.3503497964916094 0.2968154653156839 0.2870522280718886 0.3344856723635149 0.3414932177123165 0.29192703901500316 0.33883176644502033 0.3337595286239809 0.36529281189589996 0.42453572666888195 0.44986058550782704 0.4373978549855066 0.5020552519729157 0.535648738469939 0.5908717892648255 0.6593554747443454 0.6586253135451675 0.7249345107674773 0.7876697644885797 0.8009455015969159 0.8458834616240755 0.8732826041940348 0.8636843286474977 0.8551171353104148 0.8617257643953212 0.8616480290656381 0.8755166492382133 0.879969554081375 0.8936938289394044
0.14388402126524238 0.1463333365661707 0.1589868485098684 0.12612650189602762 0.10713626902614667 0.10054589600438278 0.08890682208600975 0.06611592165661274 0.0955214090823787 0.07813215352479182 0.14445446466487621 0.23426588673960747 0.27685175021823494 0.3214365125713132 0.3739624560473761 0.3638020002058267 0.35601206381814776 0.3360035898806299 0.3201373653994915 0.28124776850857786 0.32304381719762776 0.38274776716704184 0.4380370072975846 0.457797894720477 0.4831075822385851 0.4331251271992167 0.4881414998750777 0.5830483999903447 0.6563139782237452 0.684421477637616 0.7349846297471189 0.7133515939708361 0.7675854488738166 0.7522299044593226 0.8512900584315644 0.8730872710488674 0.8719247156363689 0.8778200849100584 0.8522247524254537 0.8470313581653527 0.8497702767933227 0.79682389844429 0.868580288586485
0.09065163015214432 0.1027805714427378 0.1504147641345008 0.1725873879100842 0.13842343301093676 0.11476072889569662 0.11163670330665715 0.1070660498990413 0.10925889335227003 0.1354124146581336 0.16254872215507846 0.19441610027537864 0.28094441917540003 0.2861943097555072 0.3317924089301224 0.3201510914885462 0.35822826209152503 0.3260504841934043 0.3204780442682128 0.31184880860997866 0.39903680838678574 0.45211726485756953 0.4310346627908603 0.46416845842595716 0.468118396060188 0.46913272591038385 0.5699891894520417 0.6387474656474064 0.6703850747899881 0.7002099074761898 0.7840742111740875 0.7751877439657446 0.7338161313916889 0.7642827068006285 0.8121186953235988 0.8865233011451616 0.884898892964893 0.8823195894753592 0.8499053209657801 0.7830753709329024 0.8120414520495963 0.782215307286973 0.8120179826734804
0.08449816902702924 0.07154239306218009 0.11149169794999683 0.1353481604471855 0.16086147120190022 0.1279415126982158 0.1347256190396145 0.11726818064350286 0.10281168863816025 0.12316811110839339 0.15107782251529117 0.1845431974295463 0.2899787155523779 0.3311634346950294 0.36640209414178876 0.35520561270611267 0.3566391442522034 0.3490422110325783 0.3324183459026167 0.3350596895416096 0.39772982396875295 0.44504863777494275 0.4674679736590217 0.40553831994082185 0.4746369893581868 0.5498431763613203 0.5971818205386316 0.6421112735552766 0.6886844400319583 0.7749806495290789 0.827536434182784 0.8288390451139802 0.8046107076228609 0.7931878733974822 0.8147057708491682 0.8889594223273587 0.9006544041186194 0.8567362042751141 0.8490146322019312 0.7686279455036424 0.8022458061918523 0.8183370358343167 0.7494903748945431
0.04763284571075246 0.07791669816701928 0.09598867219692675 0.15623917725926306 0.13422689080174996 0.10844471947557832 0.0839687359552597 0.1575751008522291 0.13968097860978748 0.16773384847777484 0.1728509893103495 0.1914677598123315 0.24014264885944572 0.31299475840516294 0.2936025190942027 0.32610966574316275 0.3069290446646894 0.31023188366432514 0.3021903826442264 0.3054680564162142 0.3660092814972391 0.46071929069868967 0.449090271547344 0.44770773014596443 0.5373008406167831 0.5250381640699583 0.5805491462930383 0.6229313832094463 0.689593603452109 0.7636017633496306 0.8284049769537571 0.8235482710697808 0.8114197504235355 0.8731690404629208 0.8886986588965662 0.8778569859194724 0.8592451152942941 0.8541959240141472 0.8277134598550804 0.769043206482525 0.7564644443301498 0.7816652044815546 0.7365640705699601
0.10367416012788286 0.03511153511666935 0.06504161785249904 0.15087147609909715 0.07900906204720683 0.041470040115623774 0.05357553057233872 0.16364752889980205 0.19658543444178325 0.21361088613111057 0.21230358062113455 0.2025173312358161 0.2279650015955178 0.30271936349320605 0.3000075809597412 0.31817138463112393 0.25816459104650974 0.25402216704843966 0.32529846533215534 0.3253136396508404 0.35918523902237925 0.48968069689998495 0.514547974371081 0.5308134335206974 0.5674934105305713 0.5527538788232671 0.6448113874734132 0.688510089151779 0.7232356357882933 0.796374737295575 0.788853420032067 0.8499205694514669 0.8764583926197892 0.9090164785307973 0.8810503467442194 0.8688804896013727 0.8771001194137891 0.8686049270859211 0.8295082774499497 0.7636598777185004 0.7498258484503841 0.7282598899186202 0.7723803623047859
0.09988090339391772 0.07173765537242717 0.09957329116211669 0.14265816505443354 0.06721591917542341 0.0807355641014099 0.05460874781531756 0.09746381449714354 0.11466320510720103 0.1909776499883486 0.16256312105549944 0.21600152207935944 0.20609442877714443 0.25099392476813004 0.2814305283948719 0.2555946626066496 0.26002230804929205 0.2767934058102956 0.26874850866690253 0.3459160538411376 0.35563292693897885 0.46321271094256244 0.5057752873662427 0.5105716435790622 0.5105046247567114 0.577177298528372 0.6491207993647363 0.6549903963327208 0.7039091512893372 0.7290518289205732 0.7903896988773867 0.8239207556337628 0.8625911546721832 0.8701364046711092 0.8813302075173249 0.861928194275236 0.805518738768773 0.816431277059044 0.8040349021900985 0.7690890000363793 0.7995671502561138 0.7768833151162593 0.7473806167722324
0.07936648207343698 0.12043034435398185 0.15969240469395884 0.1458686593023888 0.10796205835637114 0.05228050222154963 0.10211266035287155 0.09340678783865054 0.11098849727879279 0.13040422134120908 0.16405919729384982 0.20390997945820158 0.1975792780275636 0.23531126165181013 0.26480126023201117 0.27812952364283283 0.266760799441784 0.28721456206866885 0.3624622943972101 0.3601610294770042 0.3561244926383911 0.38327064886245893 0.41579735440422216 0.49180836041701287 0.5090078500747945 0.5050813155030612 0.596163860213193 0.7129632018934793 0.7432709807122925 0.7302274424084431 0.7926247737676342 0.8139801348899873 0.8808372623369718 0.9169010111391512 0.8695018826330124 0.8342112947778528 0.78680522124394 0.7945553351082933 0.7978708800995308 0.7726369240243315 0.7926467853071177 0.7792790466903902 0.7348751071974015
