Raster_benchmarking/Raster/continuous/raster-269.asc
NCOLS 100
NROWS 100
XLLCORNER 1743156.4330914002
YLLCORNER 5469282.134673967
CELLSIZE 10
NODATA_VALUE -9999
[rows 57 to 75 of 100, columns 43 to 85 of 100]
0.7890857429478791 0.7856661942830528 0.7603805196875832 0.7519782585297603 0.6946563739226095 0.6904021297505372 0.6452274846675353 0.6553515289885992 0.6050820509160089 0.5614433319781065 0.5970340104321121 0.5529110310186002 0.5262659972819134 0.5320813948689002 0.4968121108448815 0.5296984779876689 0.5453050916242514 0.5536416760560962 0.5682730146547487 0.5996228086892563 0.6175623608551901 0.5960764388654379 0.6163265213163082 0.5807044888966766 0.5423600184858373 0.4948108195214388 0.4330061474618066 0.41687872740613446 0.3558012079170374 0.38512044672246265 0.4004445063466406 0.3975973060361242 0.31980633577489687 0.3272256955425977 0.31251087146718964 0.3001168487992003 0.34533167929233843 0.31491549906280947 0.3384343053278746 0.3123809477607116 0.3549199914131083 0.34457880868244556 0.3917625163448568
0.7496644642771425 0.7256936249539113 0.723712345241315 0.7040551348776818 0.6848041603980178 0.6669759210597642 0.6559627357308119 0.6036115511408388 0.6073577956598976 0.5627205526745301 0.5707863180853302 0.5877524724732688 0.5224576674630325 0.5203240033605533 0.5188620473974699 0.5161801905157639 0.5485352329784775 0.5612013985126457 0.5970338234774415 0.5936080552087828 0.583423715343052 0.5972134638992221 0.5986250470664446 0.5476277534773226 0.5185913336103176 0.49130599971887967 0.42349791491783334 0.4147498224885333 0.3999420980621783 0.374963762431553 0.39663091495169833 0.3574947930191391 0.3645386307580264 0.32949259600289527 0.35467552469782426 0.3345923017136937 0.38372094846470856 0.37169803907961607 0.31349082482066093 0.31853811947286276 0.36683670943624497 0.3519348907044533 0.42471606600428935
0.7015398407658431 0.6655944897229754 0.6543634388509753 0.664386720492696 0.653021374284191 0.6482297877514427 0.6053014470438611 0.6079512661300424 0.5597636432508484 0.5796808802895277 0.5681257753450702 0.5556813239426678 0.5434178757960036 0.5264355521409532 0.5741635203083236 0.5485210736733853 0.5368100048778335 0.5863762979334757 0.5824529710229749 0.6389808211894634 0.6387802915843612 0.6060478702164683 0.5771006401934108 0.5659785788762934 0.5555767299909173 0.4845983037710783 0.4309617069464634 0.39576860419080956 0.38690620419489885 0.36720641903495244 0.40691101251899403 0.3854710723157467 0.3353621571321978 0.373739141155845 0.3830308719622084 0.3512250204740379 0.39911809974370377 0.34606247529222023 0.32409516240776476 0.3573333534830876 0.344561015568314 0.4027521401212744 0.4241499148696897
0.6415134792581179 0.6318599199919336 0.628231584142377 0.611327119557492 0.6044561225070977 0.5702936893965342 0.5637841136688353 0.5652667589758636 0.5348999196830048 0.551252142518665 0.588795804509268 0.5596593803894769 0.5196566905645561 0.5164451459982454 0.5363097506911546 0.558875759543515 0.566258995476911 0.5671876496593563 0.5995976907140077 0.6401275671495122 0.638618576562707 0.63317149635719 0.6079347545975916 0.55034511426414 0.510003291286333 0.49005928708037966 0.46116894038182993 0.38842098063071034 0.37754523198924744 0.39286128770953355 0.3949618930191681 0.37078272474541774 0.37049650828190295 0.4162067593470625 0.40666879670761225 0.3759134928285519 0.36174864672237644 0.3704645721637055 0.3346501349039564 0.34250742884475566 0.3812081460259177 0.4365572666481603 0.41883348927135494
0.6186965818886164 0.6459198052292001 0.6063377052602055 0.5710646461186423 0.5385295308656205 0.569159368533506 0.5661924947288606 0.5167994837160106 0.5281166362018782 0.5400271843058972 0.5731659421255716 0.5176163526657133 0.5211881886224465 0.5429198038450062 0.5352600789219342 0.5716129142409297 0.5831130850127054 0.583380999504574 0.5947954609419777 0.5987155878646402 0.6544487488358002 0.6407556812048518 0.6240351573120073 0.5746874860471591 0.5182264925142946 0.5017334785300767 0.4419023209541046 0.41285278690383054 0.38398613298925605 0.3853120525937394 0.41297395789541314 0.3682151113579869 0.4253904636354923 0.3955050532269114 0.41964483133261155 0.39570462990779437 0.37932318513906027 0.37980678967692155 0.3380899317268373 0.37889223369276637 0.3991730967964756 0.4019853366946793 0.4816585852714897
0.6534748661056273 0.6301267550384132 0.6001890125350866 0.571388838741235 0.541278133519293 0.5090012747732354 0.49609560410734915 0.5229201170839987 0.5377262904563747 0.5444601636063237 0.5480860577187244 0.5109310441709074 0.5078895308360195 0.5529037394342871 0.5144501629064036 0.5431276003655563 0.5620803280281242 0.5612448179423223 0.5820287310441963 0.5686464336715383 0.5583488195493478 0.583049635078921 0.5732804097572066 0.5624984969593972 0.4954738599291741 0.48724687436991027 0.47040867214226983 0.4242167662931807 0.41748776722362174 0.3751621626721932 0.36228033066604487 0.3669822266602867 0.39378433181722977 0.3693859895267445 0.37539320627422984 0.38080241078099425 0.37131209135540083 0.3821971947504834 0.34762795753530107 0.3626965474249295 0.36557164455253754 0.4102133644618754 0.4564861788495184
0.6200515093458244 0.6290111316433756 0.6018025005527705 0.5633130854352725 0.5055302527245749 0.5306826479280056 0.48764352874785744 0.5029855644342164 0.4575577734318699 0.47878659581096394 0.51523142629216 0.4852965395276902 0.4945277913565004 0.5164997730785882 0.544003649926625 0.5475878025257617 0.5747517433243062 0.5621577610717574 0.545556374034592 0.5751242434058936 0.5370513491782104 0.5771333352599731 0.5646013166049832 0.5584290870697803 0.5045169496413695 0.45799125612154407 0.4595063933338277 0.4265423044369906 0.3800668088118458 0.3986082437446076 0.37724582556463343 0.3657171055934898 0.35846522711447437 0.3846318144505216 0.39065432127074157 0.41637111684766215 0.42403673637826494 0.39325489007325465 0.3800571368985422 0.3475804612583434 0.36726058545646023 0.4076253810024339 0.4274483115688527
0.6487650712057305 0.5880138791152728 0.5955377897531975 0.589282232407717 0.519739116341282 0.5264480034354784 0.48492835940736034 0.4861233852008697 0.4797266635002002 0.43820599475946037 0.48852469455483727 0.4627469596944336 0.48190798546778146 0.5108256163747986 0.503875070557141 0.5273014903082277 0.5691382174772948 0.5341171716845594 0.5390643475864393 0.5374004109664446 0.5352146966784026 0.5378168274316114 0.5132915102137262 0.5312859988950077 0.5076191309636257 0.45121078260681674 0.4181606928066743 0.3799106305482084 0.34671621667641045 0.35666752918362876 0.35956845292352857 0.31720415914576267 0.32613680492308494 0.3522216465871786 0.3780463074542359 0.42331329246148064 0.42011370919417135 0.3943305226331208 0.36926786530487865 0.33810079598341336 0.34943246267514 0.40779167079908496 0.4443433599948964
0.6203835895814482 0.6115901868309215 0.6066475810209028 0.5876191582377243 0.5566385680316233 0.5073695953025887 0.4647042471305181 0.5004287642958285 0.46680698095166306 0.4358982474911392 0.42472886042611635 0.42350295106942565 0.45049838673464093 0.49833261024292047 0.4585585827228295 0.5024263480067743 0.5430127589777323 0.5321450880369669 0.5179005767120242 0.528961573910765 0.5144352085765103 0.5239685545800439 0.5186108309132301 0.5006505591089648 0.5166375370888873 0.47352538934261745 0.41974190092987423 0.37642933471218726 0.3199379379995883 0.3474205050213916 0.3605321910713605 0.3199920703995091 0.28057345503768844 0.3135064800628696 0.38032992078750594 0.38247977169486924 0.4202906592590415 0.3921595960407535 0.3383714645201644 0.35824071174235117 0.38101118152494223 0.41585735385773887 0.4415901100677596
0.6294280737349088 0.6230691014682103 0.5893208629370651 0.5522694357105791 0.5191187850029225 0.47677327313525614 0.49696576450868646 0.4751224044830255 0.4550001072088402 0.4838821132775667 0.47178409449589204 0.4599399561175166 0.44708026929801886 0.4540757048519034 0.4855613542087175 0.4725528527081234 0.4801911743129336 0.4679921013659434 0.4886940076950641 0.4601547757013222 0.4545823883413634 0.5004431501900526 0.49910333287891323 0.4775906584581612 0.47589456673815544 0.4559738421237126 0.4164972916752054 0.40718335021216995 0.3572472896552704 0.359586381666106 0.34026821994472484 0.3419440275069967 0.34116775423647655 0.3508691305030299 0.3501439141050727 0.3905835596696453 0.3709796561907743 0.39161019748272846 0.3753098365597447 0.3602317990187877 0.4139549432448567 0.41326398618611637 0.4414823674988956
0.6555187147066825 0.6181722143789643 0.540666939915978 0.5069129440418518 0.4966509716428114 0.517201212357271 0.4990156639256225 0.46681281159901805 0.4877367715819537 0.46220740973049274 0.4447132444198657 0.44430699618972597 0.4172202490186209 0.43725136614127647 0.4888301520311103 0.46532646467616934 0.45127584911200086 0.4410468889110452 0.41656102996234806 0.4533244588256816 0.4428142777885461 0.4925083650700283 0.5125637214149068 0.4517355115378481 0.4381611945048948 0.4634623583692857 0.4394225239297423 0.41725940946523316 0.4112217473037917 0.3706824386016481 0.37074703808776843 0.3153425481096284 0.29326094166624966 0.3380679502797412 0.35916028834697494 0.3972190063218195 0.3990056017020143 0.35677261858135517 0.34690274003114757 0.3831066568052131 0.3943498305285947 0.4398924815286773 0.48123036646142864
0.6320037762662589 0.5723452187041961 0.5784930758524534 0.5367178626275606 0.4839726526643355 0.5065202137615069 0.479598596968907 0.4717289674975813 0.44392605272161695 0.4450160053290502 0.44579105755573817 0.43184485291159264 0.4629502872859538 0.4819036547945681 0.46922293978414664 0.42565353999340183 0.43101460072217573 0.432623606409675 0.4430009409152114 0.4223908000872358 0.43604901656471057 0.414680914922394 0.45723708972791854 0.4541936089715646 0.445295822475631 0.4205298391889242 0.4258281786577572 0.38857467029067844 0.38098754377151345 0.3521252857831298 0.3710807606989709 0.3614268532353422 0.30734171529906545 0.3159981191323009 0.35405674672689247 0.3323706452983795 0.33030153109488225 0.3764196682976315 0.3417403898963348 0.3667602090557244 0.391646371000868 0.4350498026385448 0.44586465318810214
0.5745653402144804 0.5511586729366689 0.5641294584413938 0.5218519160495484 0.4647664804081172 0.46686725763451065 0.47103190831259095 0.46799824748566593 0.455278392889726 0.434701842907349 0.488378656787704 0.455231552396204 0.47868263474440426 0.4475005827982926 0.42592390207402486 0.4083193624272314 0.4186839524097828 0.3770267534175985 0.4037389880296053 0.3843769094140572 0.3856443672656571 0.3710799688035168 0.4164953989588979 0.42122474900032225 0.47848490074230265 0.41832978510939106 0.35483810975402186 0.34055003113622306 0.3512140755789009 0.3751836196018793 0.38984868582659155 0.3809762275462178 0.35863459468629993 0.3712124263614587 0.36870274958129395 0.3374123455487054 0.3131104933197192 0.3632294879204467 0.38432106181706993 0.41721256113930355 0.4026765918701093 0.4317472977560324 0.4605487648818791
0.5529134182677686 0.5561995984701021 0.5372186521505475 0.4987088767484743 0.42911653251810933 0.4191931096996372 0.44878311065211907 0.46560800520286344 0.46833336256346625 0.4494554821751392 0.45052484570298434 0.48968020168918885 0.4509465318505395 0.43547363252539656 0.4492561452664355 0.44115706210286176 0.38792278655016976 0.37144442402212285 0.3804657358251899 0.35177120472281936 0.345368942352264 0.37048755357129454 0.41077280380931086 0.43660819217947666 0.4312603523092329 0.3779888049003682 0.3557351404347453 0.354385947404832 0.3537629760980297 0.3120456435996526 0.3265205676590517 0.3657745364116638 0.3372904991675924 0.3595427061533833 0.3217860417127252 0.3464390886826526 0.31101266123491367 0.34687959962249165 0.3970354625086396 0.4446795998825588 0.44587236839557776 0.4490639373950133 0.4024900506458747
0.5413089631092951 0.5088390003965301 0.488763632252219 0.48886070777934515 0.41843097093280246 0.4475189774066835 0.3990175874576874 0.43681549426011596 0.48021836809912405 0.4375185443108534 0.47862599562355945 0.4275863872176658 0.405414863404166 0.39311152176164516 0.42863386292914046 0.42533399904998254 0.37760326305807584 0.40154378652442485 0.3537840609619278 0.3291394821668037 0.3350943389506709 0.3673957698507403 0.42770033306705296 0.3780657764726859 0.36883819551843033 0.3740440934669654 0.3458654201683876 0.32650527180303035 0.2863556882125 0.2949683817788544 0.3378988857781343 0.36234282345355706 0.3534039871306769 0.3486452049987688 0.33225549296052925 0.32748231764167884 0.32243740759813716 0.36769485975996347 0.4346196404927512 0.4645579086508909 0.4744143511892012 0.41997954169319573 0.3962686172162858
0.5469725950152166 0.509702273704631 0.5206413868800702 0.45230655119932067 0.4580882186030006 0.4352217870157383 0.4533749253887969 0.45639381920283323 0.4408294255775433 0.4604755331666272 0.4735973699335292 0.44031247781026356 0.42840002151403467 0.40115383636499424 0.4032996084396853 0.3856437812245221 0.3765300343898578 0.4072840290975804 0.39413116669949133 0.3708543290934275 0.334524658878505 0.40580061223721187 0.37874857871030704 0.37654880256271556 0.3486888255252434 0.3463051237004762 0.2999712012319781 0.26932876047219445 0.29810750831490845 0.3134787562192361 0.29116404214136055 0.3063542338200003 0.323420369779995 0.3687430386023167 0.3344375844243488 0.32491165083856216 0.3888139048974828 0.4203151210224126 0.4512776442648773 0.4818315690856177 0.48515213782775923 0.46747399179795995 0.446449227872047
0.5774857878248676 0.5312451385004412 0.520414305792437 0.47000472404945015 0.4062158474182035 0.4057394120768995 0.4356346330729387 0.4507093393625174 0.42712755234308375 0.455019484733089 0.46332549594441663 0.43229610045166494 0.37247713432881724 0.37284657458289777 0.3680332706112935 0.38577204118896097 0.4178489738080596 0.4273299482841636 0.4169798898385636 0.359435517120778 0.3419937532873395 0.40738778985825613 0.40713524111585375 0.3685437467610814 0.330049717648725 0.28980053388399896 0.2613316677903785 0.2928966517926261 0.29763665736628264 0.3217753766907032 0.3182027772845578 0.3462157699583394 0.33609530002343596 0.3422193557267537 0.37214768789166996 0.3543062129679303 0.3809582581200286 0.4037378755491902 0.4408943662266965 0.47239514215357215 0.4890326985911002 0.46299970327728324 0.40964549213557844
0.5641132467847643 0.538883501648203 0.5184435658053275 0.4351436123319132 0.40209656412741457 0.4344103978346451 0.4665398531538073 0.46433282807536913 0.45770555486025016 0.4273030210895333 0.43629410462887636 0.4086070145987842 0.3812673714946686 0.37376371881077725 0.40275081854804745 0.3789092707131123 0.42791374791051306 0.43482789614796 0.41744789547315314 0.3704127031468424 0.38585225454152616 0.3957968474923186 0.39409907949082346 0.340694509863285 0.29932781706361644 0.29343309973843235 0.25134082722293916 0.2872322668894344 0.3196084210506922 0.30772137769909025 0.33822124624958827 0.3386624009949382 0.32508635502036054 0.3029874880678116 0.33557399975149615 0.3629466040946844 0.3722964985098862 0.41496821286779373 0.43036833131425 0.4743360190122363 0.4629573456176754 0.46271886447526483 0.4651142986509865
0.5084933048365128 0.50567163606694 0.5087828516067615 0.4572319186308546 0.41312753513144734 0.4396616643550042 0.43975958111796604 0.4746160273767929 0.4721529489260966 0.45695840776665475 0.4195129458964366 0.4452485411988423 0.39779931549721176 0.3662759985579608 0.3777664503714056 0.4149246551081723 0.4179806449985601 0.40916393100445503 0.3857879094326007 0.395428300115638 0.34554785020734763 0.3564430994067512 0.3702737432622727 0.3741638177966692 0.3436013893008999 0.2743425915077247 0.26782086942979483 0.2675347626157097 0.28342884573323546 0.2959995338822505 0.30054196583208403 0.3234131136167778 0.2870718672538437 0.29474576407252234 0.3152218734174883 0.3714969201752584 0.3964061578375139 0.3959034278400143 0.4538181615415742 0.4589099379181032 0.4762352718817291 0.502228771873831 0.5005517385958955
