Raster_benchmarking/Raster/continuous/raster-14.asc
NCOLS 100
NROWS 100
XLLCORNER 1743164.9802764805
YLLCORNER 5469294.354832552
CELLSIZE 10
NODATA_VALUE -9999
[rows 38 to 56 of 100, columns 43 to 85 of 100]
0.5484606777204847 0.518312157997552 0.520365244717585 0.5401900195708731 0.5507425688991362 0.5204085349050982 0.5608754782047237 0.5456995253450619 0.5889120117711395 0.6015066477307305 0.6293905954907123 0.6073930453488456 0.6147196945709945 0.6003368893284164 0.6208459836501526 0.6742971989962298 0.7258797531060975 0.7327700567667887 0.7093918441428695 0.7454877146476392 0.7103507046351735 0.7179015341275771 0.696505351407426 0.6857851140097103 0.6368054049028847 0.6336268124892492 0.6252882797513352 0.6064504736357156 0.6178140139437289 0.5640562601945028 0.5642545033026559 0.5352319359828058 0.589649662040825 0.6310500336282561 0.6309125740972598 0.6033800684723978 0.5808375703717098 0.5433139187236368 0.5684681259112582 0.5500311186036749 0.5974474361317623 0.605831502050179 0.6074382794885465
0.5115904574454109 0.5133269062929254 0.5145924698625687 0.5462058363795813 0.5647652627652664 0.5781686037113146 0.5917459619171884 0.5516607416659827 0.5673986857166752 0.6369804121277395 0.6214265363454373 0.653673094042815 0.6433780029823529 0.6532553646238335 0.6636921961923129 0.7028431433869846 0.7341420822077729 0.7582901363513883 0.756519940887931 0.7800392784285242 0.7332866812954559 0.7243423959388406 0.6581987669375245 0.6542268565463711 0.6844863309898757 0.6458250430190781 0.615424763442517 0.5858392019533757 0.5705417268549262 0.5674288692171181 0.5877662960018802 0.579798982146137 0.6082454265854091 0.6702210210463816 0.6511772011766717 0.5923619795082598 0.5890156746233891 0.5555648017979022 0.5464833598528778 0.5963438911374525 0.6456784181707463 0.6705848208735928 0.6098640189910867
0.5342442801277801 0.5165805082406885 0.5574174421432952 0.5949964787045066 0.587673997190588 0.5498543861141303 0.5455020741417266 0.6218664877361809 0.5806426839772254 0.6388083849487343 0.6371516944257926 0.6527335371912978 0.6546029839103928 0.714508201075564 0.7040622386855973 0.7711992233466898 0.7562226316876953 0.7902062697104202 0.7595341437118884 0.8133205082989049 0.7870674386972716 0.7262039129230023 0.6600166914254106 0.6300931908149918 0.6658444935755172 0.65138452220464 0.6340659895298921 0.6214696077424161 0.6056962264382267 0.5892578189213821 0.6248506477382311 0.58295328230393 0.6282726145734969 0.6515363112681782 0.6833979750095115 0.6657950237072028 0.6373169104589922 0.5595810922528834 0.5560293827417963 0.6151855852898539 0.6462506072672017 0.6906127746340184 0.6671373173642008
0.51507145464946 0.5491367815731489 0.5412614641311095 0.5777536385794239 0.5455218830270929 0.5076657582248093 0.5481536324923173 0.5807161513899709 0.630543719222899 0.6486509418686641 0.6869340304378168 0.6377082426612167 0.6738930325232976 0.7238362247183877 0.728143417680216 0.7699327600044841 0.7359618779150071 0.785873282150607 0.7931809455796006 0.8212285811786558 0.7645520108639022 0.7657993848164608 0.6773938551007159 0.6436273540102265 0.6516656730320771 0.6963707497199388 0.6643008085243125 0.7092138478037445 0.6889729426596458 0.6189999927013484 0.6354285685120857 0.6204780783059172 0.6431114251576088 0.6410278937158171 0.6579906060134891 0.665269003500315 0.6054908171315694 0.595060400355109 0.5871014202916228 0.6376420163145894 0.6461423133267183 0.7080805154786314 0.7110483558791997
0.5189426401354145 0.5526808384031406 0.5704710654569976 0.5922718263250739 0.5807033420034866 0.5250998817474505 0.5719011608834366 0.5730378829718381 0.6295360577143113 0.6823949182080566 0.6561381694432679 0.6626275182937925 0.6840519554171509 0.6924822964724316 0.7361400941420374 0.7692632482812871 0.718137958541075 0.707213990756158 0.7403024888594115 0.7872168422169262 0.7732632937108411 0.782312601961354 0.7293505236181083 0.6771742253075116 0.6762541893296763 0.7251063442458164 0.6760936031593492 0.7489915368515913 0.7023896706420504 0.6567644692712102 0.677422990655008 0.6841872159351392 0.7002300638711124 0.7361555277373049 0.6958475089448256 0.619828791633446 0.651369813512114 0.5945062700336853 0.6046981656533753 0.6504553548639579 0.659716475650021 0.6927536099174861 0.694543317474448
0.5515136357498954 0.5555067935064724 0.5872631074512789 0.5614308516595137 0.5593001212324727 0.5505530949925297 0.6197722186758485 0.5998219236526847 0.6704514971710868 0.7215804881843618 0.6803175322881362 0.6927961010942504 0.6691935034849872 0.6718973716570343 0.7184891439004122 0.709365335067063 0.7573508064539665 0.7508571451690392 0.7186330709055796 0.7494292030192702 0.7573291102570261 0.7381582824458857 0.7360380508692714 0.7340696069823257 0.7108826218558416 0.7183983875541599 0.6893496338899728 0.7189770148001159 0.7425959090868397 0.7138938917254454 0.7580746510001027 0.7315598773583648 0.7645531689595592 0.7364194601087758 0.7403238726299758 0.697812145960098 0.645098533765897 0.6798958364459159 0.680028459564377 0.6989462156721804 0.6603961460123228 0.7176303274235475 0.7260498011274106
0.5817773631713528 0.6208644746433525 0.5656663645963413 0.5902814338708263 0.5905227887670754 0.6181544326691201 0.632808956560307 0.623064229428365 0.6596278967797499 0.7220490081606987 0.7085252067431702 0.7139783612465503 0.6775314271098691 0.6950686952549284 0.7311470481054835 0.7167616711321968 0.7229425222916231 0.7174451522782509 0.6897351908279897 0.6886566805757889 0.7066633523589996 0.7412102384050447 0.716875769998458 0.6870288715873785 0.7455357806592093 0.7105104978547999 0.6847486489631638 0.7110266875783958 0.7775058323845175 0.8042227122393224 0.7829872927548276 0.8294312499655111 0.7924959972354193 0.7994911057166758 0.7538767580251263 0.7214264212185295 0.6874465975263504 0.7224404378537153 0.6933578541476574 0.7035135070529449 0.7260483392954821 0.7344484850967402 0.7581349063199975
0.5799337979159733 0.5845045559208085 0.5902268241446358 0.6426670513833918 0.636931376474322 0.6259795786153735 0.6629701525959343 0.6679057231271196 0.671436568482028 0.7266330757013686 0.71694890476582 0.751824715503212 0.7500959237916158 0.7032601478611192 0.7103652152176871 0.7273261657344481 0.7124116807470982 0.7135657575205491 0.6801056527615923 0.6737533892632186 0.7286423451001067 0.7502393134620091 0.7389184882410549 0.7401563752432284 0.7625412035692282 0.7217640560242492 0.7078130361030359 0.7509543835193967 0.7617707540216387 0.7643449957177175 0.7974965018617062 0.8271193451847098 0.8499517837084399 0.7963859675310208 0.8029851050709533 0.8066339732374095 0.7995301944246564 0.8152592978637152 0.7875534766983475 0.7953293441075218 0.758489564071332 0.7842459650772219 0.8240182035483931
0.5612999625028795 0.5739825042936665 0.5761957952734943 0.6329022494257893 0.6008294664320201 0.6230899873225471 0.6394950361937631 0.6807463987267863 0.7057423483285388 0.6930145401281187 0.7478489674377444 0.8165706127634678 0.7722173943024067 0.7411665525423562 0.7596657504639267 0.7239444870617127 0.6892733429205942 0.6997533858201462 0.6726340649430476 0.700883214760844 0.7594981348637455 0.758363180130372 0.7846439009054623 0.7974379291577162 0.7671360603307106 0.7711002815958712 0.7689976480948683 0.7147153363302993 0.7670601612641572 0.821026934024574 0.8259098125872898 0.8469576289652982 0.878057126294817 0.8525406503506167 0.8295392644978785 0.854284360683018 0.8451286229207619 0.8709695024698111 0.8078526622173869 0.8044042880752298 0.8064624620695142 0.7701539239969488 0.8040957124192448
0.5187448526141984 0.5448826147270083 0.5690554353060663 0.6146753986243637 0.6109131450461577 0.6150789355708888 0.6785725688332376 0.7081967194674437 0.733166163657787 0.7565686621450518 0.8149932357115287 0.8255939211336177 0.8315408491129624 0.763157386781411 0.7473325921103956 0.7263811274089902 0.7533441475912046 0.7510412059607326 0.7383521026968908 0.7137969950675901 0.7548553760330176 0.7951684206599484 0.7865263511592459 0.8449984680248629 0.8392139693039466 0.82406247389111 0.7706184452144846 0.784407980398327 0.8143202771100628 0.8438037925002828 0.8197855318031609 0.8565352167696914 0.8784174800633878 0.8837612305120652 0.8837816888465985 0.8780266193544736 0.8569691559478007 0.858849157480036 0.8695453128294383 0.7957157139497738 0.7878595208279039 0.8155606088070918 0.846265879137893
0.5504581777693693 0.5303495394729368 0.5692206118479256 0.5742157065768536 0.637424503724795 0.6107592659299045 0.6758300262158388 0.6809301829348728 0.7223326966095286 0.7854288602431582 0.8151575169069654 0.8638872685326656 0.8109993257937796 0.8160416786234045 0.7992038465969311 0.784900909281632 0.7715936475433199 0.8119673183137136 0.7889038706392146 0.7752658506061244 0.7974870170589057 0.8091000381974095 0.819743645024827 0.8464145523189266 0.8442642236726455 0.80761759493761 0.7748646875365867 0.8081908740988503 0.8050286693365298 0.8637196754594232 0.8625181956004065 0.8223811498488174 0.8699480941426428 0.8567419368876381 0.869613732330035 0.8493381128102575 0.8439048226360182 0.9045725754521703 0.8552709946201686 0.851018407614279 0.8296793121546451 0.8349076792283635 0.8783856871900594
0.5690076411227949 0.5567624867724047 0.5573238875712629 0.5996596633561809 0.6312780517507173 0.6235171662566503 0.6191680530048943 0.6263225409339117 0.6879515442255246 0.758566587240119 0.7902505259994032 0.8437211791629402 0.8066984349513765 0.7863718269376851 0.748464781471349 0.7536863915270445 0.8024341970149221 0.8498700013725293 0.8352262703531849 0.8283518274039489 0.835398690165493 0.8203639281729125 0.8057147053198438 0.828429600851699 0.8061058704897023 0.8466946917769324 0.8239922549913986 0.859221361746486 0.8306420551268733 0.8825537003373302 0.8602461139371108 0.8623562698166675 0.8382677650035578 0.9037515844623522 0.8852212451105692 0.8950657476432271 0.8778191506676788 0.8506934393916701 0.8598179672557403 0.8730393908984246 0.8390711706561477 0.8397374080457014 0.9170511630580225
0.5189982503389666 0.6001545013317371 0.6220185767602499 0.6519938003316682 0.6508682465084236 0.6323674655759606 0.6485481905458058 0.6335827668980785 0.6922410608648266 0.7180710338548937 0.786949318551713 0.8060134189587613 0.7550020307897032 0.7364886179449196 0.7703203047132574 0.7341828097870969 0.7804157784464899 0.8257222612098035 0.8555355609413894 0.8594819028136504 0.8178558028108558 0.8311644464434845 0.8279063768141456 0.7612592179796365 0.8435458882699012 0.8782491492996535 0.8813947393284329 0.8461705069062974 0.888189726204768 0.9198620305015002 0.8997995835513762 0.875672389445356 0.9016764406637331 0.9296297584729184 0.8913222107032035 0.9242538359472598 0.8703197557625378 0.8895763257020103 0.8655810974530217 0.8507254239567136 0.8361983551966763 0.8909176020208921 0.9018761544741515
0.5362776013503392 0.566606128106211 0.5946082669424105 0.5991195263872869 0.6299189338422522 0.6182456385150202 0.6211849715717671 0.6790795596388391 0.6957772601533727 0.6936027373094498 0.7351241545379705 0.7694436688857466 0.77537198797005 0.7723199205396389 0.7524025000042684 0.7688553538381308 0.8180046522588693 0.8429731079272893 0.8475027281403789 0.8921900836224201 0.8326254973953795 0.8021775071142624 0.8349358042250629 0.7916134913652051 0.846763998099411 0.8524099608457266 0.8671045595147747 0.8820377763615777 0.8808437629680852 0.8650567716750968 0.8607575620938583 0.8584307603578766 0.8398404892545426 0.8795817045559184 0.9030487156187498 0.9063622792608416 0.8648481689762325 0.8742727446731161 0.8579285756789574 0.858419781456715 0.8439316452824535 0.9188147801609822 0.9398736480114739
0.5015621592017263 0.5390526311912239 0.6128315732538946 0.6044598620411704 0.5948502879461187 0.6243507357891181 0.6370218617717454 0.6982443149551895 0.7172665642350993 0.7363096495538044 0.7746867224782632 0.7846447754558036 0.8036860747947931 0.787430705861454 0.7828778563478807 0.7903799802693378 0.8080670501836731 0.8098731522338878 0.8296514541420331 0.9008218974491676 0.8655997553819575 0.8439708610179305 0.8407018630946321 0.8233498886587655 0.8297794374841925 0.8755656971830424 0.8699211679960567 0.8585189589429137 0.8996744301085365 0.8763896365680587 0.844607936692675 0.8014307653212409 0.8468568906923665 0.8824349744729133 0.9105346770744941 0.8691650910910343 0.8648015455637399 0.8191719850091053 0.8298602092537214 0.8933946632174024 0.8479961589705987 0.8772066530952715 0.9206339666865894
0.5336902703230729 0.5380287445940775 0.6244661289648744 0.6099381764931707 0.6308351038098972 0.6859315564268719 0.6848932813053756 0.7127226448132471 0.6790354103592727 0.6966104195838637 0.747144494627422 0.7680820890536183 0.7908281157404039 0.7737937735781897 0.7647300541177618 0.782955497643 0.8156103369029326 0.8528005252134025 0.8453240697280868 0.8506817287745277 0.9012434712834503 0.8492663827828364 0.8841653178485144 0.8397090815283998 0.8276968766259242 0.8715912934159524 0.8722311429776559 0.8644676383053822 0.8549217350352523 0.8241882369588099 0.8449301259315124 0.7921471473222781 0.8480871822536429 0.8846553630139373 0.8710574500916218 0.8307877992847847 0.8479953100258799 0.7990438067928095 0.8153237884848016 0.8241242092541705 0.889162182962103 0.8891362868173835 0.942197357127921
0.49727676021951167 0.5913852477385276 0.6413791626163285 0.6460328360294837 0.6421321151983633 0.6970005976888621 0.6921180331345491 0.6811176326259727 0.6503335861296683 0.6962367156340418 0.7338740158165589 0.7845659449878629 0.749894876820094 0.8021060961238057 0.7439196381010394 0.7007983799280818 0.7519607945296063 0.8389526761147351 0.8287639618380389 0.8567808555308188 0.9046501745097657 0.8895772852394218 0.8352918708747273 0.8447019349488671 0.8017889084713782 0.8478302266848599 0.8510796625047785 0.887985010842038 0.8349999999552244 0.7973142630901886 0.807836033020556 0.7677839316533225 0.8091239522906766 0.8355936152116299 0.8284835585157595 0.8265061211164656 0.7652573894216991 0.7643850196759571 0.8310787077842174 0.8395163528925927 0.8826868211629335 0.9359274099985859 0.9004600004339893
0.49501577046531625 0.5891646852177785 0.6204101606903359 0.6514312144959933 0.6525979539110012 0.6665334252399926 0.6566954158947528 0.6775020118099031 0.6812676787829294 0.7417574856184669 0.7191811071785851 0.7229888238312702 0.7483329091434001 0.7696037629072947 0.72226837899176 0.7299437105162695 0.7692574960488057 0.7805370753855871 0.8230013999552133 0.8068239598822109 0.8446247435134911 0.861356516068222 0.7972395205668983 0.8377954609390723 0.8102738347162876 0.8336048939675672 0.821656683998007 0.833908418464647 0.8074966815705058 0.7894528463302799 0.7965588019965079 0.8248507771507996 0.7894605130674304 0.8178294054347518 0.8261995164498953 0.8264450290936589 0.7511795758561137 0.7371846310342045 0.7968774905454233 0.8544706155009504 0.8897254286300047 0.904170692298754 0.9021413350426984
0.5471567947511188 0.5594891620676667 0.552750160116799 0.5526435472681364 0.5734911195756194 0.6182831824532358 0.6471885770430809 0.7104322258803024 0.6843768423413886 0.7461222594219035 0.7375157435267832 0.7610597282165085 0.7773683069248883 0.7359993884634536 0.722863674632673 0.7038462323758166 0.7806475455132014 0.7916622680732088 0.7575872283594187 0.771330225298708 0.7835183364495157 0.791417544273627 0.7930678381360599 0.8004507674506316 0.76623627412009 0.7808152329369608 0.7576514712769152 0.7875319777572161 0.7841536165882389 0.8392896696112779 0.7972474596820824 0.8441740437865246 0.843537418315759 0.817575985181214 0.8351184237393918 0.7623573237694875 0.7378046421523156 0.774027858766038 0.7680545626626606 0.8102219940928163 0.8474228691549066 0.8803919347159646 0.8451196776278272
