Raster_benchmarking/Raster/continuous/raster-455.asc
NCOLS 100
NROWS 100
XLLCORNER 1743150.0569198013
YLLCORNER 5469294.544011593
CELLSIZE 10
NODATA_VALUE -9999
[rows 57 to 75 of 100, columns 0 to 42 of 100]
0.13789287634103786 0.13796879115174185 0.14162324415228691 0.06044762002122782 0.03722130557387594 0.12465454917726866 0.14836414345277124 0.17496819374481964 0.170872451637278 0.1471634417503548 0.12747597075262948 0.22136905637576457 0.2525297218720981 0.2188540987202027 0.26042945444076654 0.24929201063544948 0.2553947127076619 0.274613936526457 0.313220563413391 0.37417894276997177 0.37117793508723124 0.39856523771616353 0.453981805705975 0.45868104619368777 0.43487954533732576 0.4192889517955013 0.38245085388387395 0.43961044743010297 0.438651989236637 0.5524394263815117 0.5825991990981705 0.5422700249462558 0.601340684758621 0.529216609170921 0.5490958022965897 0.48811904323984323 0.5422286585248111 0.45524777053949705 0.4087524881742649 0.492060072106093 0.4821236296017448 0.5163828516922444 0.5156073588758765
0.10549329431688687 0.10035602835833313 0.09745490433947085 0.05297017115775876 0.0075365152834899335 0.06908188818691735 0.07547182040735102 0.13547599502262825 0.11925962250619264 0.12935008076581955 0.1436329223920804 0.1769493486638443 0.2331774410560493 0.24145829222872178 0.25869379891543026 0.25536016845559706 0.24636254350994213 0.26986302731895045 0.30850885442912396 0.29443006653184217 0.3290767508076639 0.3739733916544338 0.3952512577162037 0.3778602421020825 0.3914925228904843 0.409927652707809 0.3993682827117249 0.39768804958170045 0.4327227407508175 0.5314050265221271 0.49935644748698343 0.5279193720281539 0.5082364363633537 0.5314926305354932 0.5605769829092188 0.5231408385849271 0.5442625679127445 0.4974930010527431 0.49364218858384296 0.4593850225581037 0.5078676427866371 0.4843243919310032 0.52784483336526
0.09340883502845941 0.04399651234986721 0.048953272287402906 0.03312720821269462 0.014283855463607293 0.06589879396120588 0.09151015402801768 0.08917626664107776 0.07357643034429992 0.11453138440844714 0.11134653355168099 0.18594961481012348 0.16708195124047445 0.1659457819862373 0.21160705765971716 0.21214761287702208 0.157797002369737 0.1776726040367431 0.25726446915488366 0.3227437608033275 0.3137561553035447 0.3627530519050256 0.3151300752847863 0.34198048342386816 0.3086711557775408 0.3625938893650161 0.4280975755616144 0.44326354091007864 0.507732946805836 0.5260477648181772 0.4756102723724587 0.49042873827169053 0.5373908752654292 0.5671987620288605 0.5073080636559427 0.49285732789115155 0.49155406472129765 0.45568713719040954 0.466418361942928 0.4074797390541158 0.4345165812011179 0.4395829096211852 0.46918471377965437
0.1144936537055339 0.0736750507694041 0.05330420472228732 0.06822791111514569 0.05173863486680502 0.04502056725694393 0.06420559893063489 0.08268516734357197 0.057096701662748946 0.12331030019272371 0.14407835932157256 0.15089940748606082 0.15654087209356923 0.16472230396239806 0.11824207577743819 0.1020581905537471 0.1063349992075739 0.16741914324818127 0.2230388511345821 0.2591349657107551 0.2725530575310109 0.2782159901666283 0.27197265103146956 0.28151452667053306 0.3427579718111038 0.3888901795606569 0.38439045078843836 0.4088198547297318 0.43563831419323473 0.45933042081831166 0.44999016831309085 0.46042712790710866 0.5056077849374934 0.5196760234786062 0.48413286203809125 0.45373606793384946 0.4137085318761623 0.38498721067055003 0.3827823203054 0.3981597560886131 0.39446400723476494 0.4177566617454229 0.36924594526946425
0.11780268592005882 0.13431149240998908 0.10561799081022336 0.12424601440388265 0.12246916383953184 0.15676833261274156 0.11087873145353741 0.12023313103146697 0.10014898167656054 0.17137425413857918 0.19928788352298382 0.18442787190979504 0.1123050214098825 0.10841305319908486 0.07264509759666253 0.036461245461549864 0.07798028964838616 0.18825975131123787 0.21294446471164782 0.27329607046715354 0.3051552075011954 0.2773443373930569 0.2868388589096383 0.33697356078559565 0.35260290642893516 0.3745969711640473 0.34360159233441134 0.4076499311164975 0.3894050482244641 0.4253579881248219 0.47268007006394197 0.44482100813109543 0.46865173407344846 0.45711661830566547 0.5014794807835564 0.4037922708533059 0.36498125955025884 0.3628058681653464 0.33165891537409575 0.36443463743466126 0.34943508011416535 0.36358543549782 0.3261063872939778
0.12392401479440852 0.10334629167195251 0.12518977299427447 0.17137402607775157 0.19099502077618222 0.18267311474306583 0.15051864563813872 0.16835790201536466 0.1433088072365929 0.1935784105011662 0.17185106688614551 0.13152575946109876 0.08274876911841487 0.042502678477081904 0.03619012241905802 0.02794324012054632 0.12839125439686241 0.13864482029038502 0.19697223693632196 0.2645547726350032 0.2870524120717263 0.2370411855425509 0.3109220161361098 0.35248549875156987 0.36855999007655216 0.3839346046823237 0.3407450008119494 0.39664711444902395 0.40684248546758556 0.3601039884273272 0.4392308320372035 0.41412112746417007 0.42506590994505455 0.45157735999063625 0.4282591279180198 0.42939256003800913 0.40888594097008046 0.4002278992850945 0.34511821167120615 0.3538186494358676 0.2933467269442725 0.31730511176298476 0.2963754040848715
0.2126917955629612 0.1876015508718151 0.12685261546375584 0.14253776766948303 0.217470284551157 0.15447576788470863 0.1741881269169899 0.20869149618601654 0.26177567965636894 0.2271126360915478 0.1912500349484699 0.15003145611750182 0.025645483709222275 0.03353955274786088 0.0 0.028149602855459675 0.10759202670969592 0.11959325845573165 0.21053162033585474 0.21721628145998997 0.22681703799473493 0.24085697640049056 0.2714960980660958 0.3462985538550435 0.3793713649807936 0.43289579770397363 0.40842909230335095 0.3371342689967888 0.3389778229054685 0.3386895946952447 0.3748783713945543 0.4252570126751892 0.38290520836269165 0.42202723311685114 0.4526247469250192 0.3990177730571555 0.41180174189046864 0.41330063778873 0.4148259824277382 0.33529825733536256 0.25425234830192395 0.29422313258729527 0.2275625181385757
0.2352975854369544 0.14099091911229977 0.141330867485478 0.18211509037549906 0.1717206600161482 0.19845515856994214 0.21068168066881554 0.23531683702813172 0.22139831721609934 0.2078981773081875 0.16425593935611338 0.14716109846482878 0.053720398064395845 0.0815098576588233 0.061483349312326116 0.0603421365293613 0.15173149017008966 0.1278420189873958 0.20088832041887777 0.17507185772378342 0.20447380621624067 0.2800584337973085 0.3658642771856477 0.3676891837278024 0.3734326198208309 0.44685873903648515 0.37193284003641336 0.3411764836488585 0.33312976420552654 0.3585150647697273 0.3549309539549156 0.3559065139006395 0.4412736714368292 0.4741595331194175 0.500213087214242 0.46068571554043314 0.36774883825472227 0.3674041065706099 0.41759226134459965 0.37363668638045766 0.23973783055737527 0.2519156312927165 0.2632677515879268
0.21515932292820347 0.1509965267910235 0.10822141367429997 0.1651935510879721 0.17813554632214793 0.20385393891753154 0.20140510950151916 0.23298848260075655 0.22502974845689172 0.16663376020574866 0.1566097815634511 0.13358239381994483 0.11447038747653686 0.11005197454946135 0.08012867794314373 0.08961338425241051 0.16934785842351846 0.1873404565548889 0.19113978137100332 0.1995965803624571 0.21258874229938332 0.3128505086342222 0.3832341465105998 0.3623330735348167 0.4650516089976973 0.421895411989091 0.38500364139507937 0.4031728959097347 0.3839889736751287 0.3748600805444625 0.3538188342372403 0.4432684514814498 0.4310840056099343 0.47193035931111893 0.48481340126526645 0.4001025680558652 0.4033193520659704 0.43754677743197223 0.41095808054764565 0.36046381517542603 0.24182484906110088 0.22102236648310403 0.21513112859266928
0.19012702787965516 0.16576531976766146 0.14758298272364992 0.13255331590257943 0.1599563747729556 0.13063060417116715 0.20487203065717832 0.25233935007834596 0.26989285564092774 0.1979756001642109 0.24499908052026675 0.18958706256866786 0.18050571182751207 0.12949456968433676 0.11892470781102774 0.09151221893926952 0.09579545637202055 0.1532750896592149 0.21508207734664045 0.2350081354596875 0.2784168953732536 0.34674741035617274 0.3532340016841877 0.3942554054774522 0.41959401494183085 0.42460272720009523 0.407848643572806 0.3813447820290107 0.3796175774695053 0.3515517592701272 0.3746791836381252 0.46507445817118964 0.44874207761204843 0.41162902031637244 0.4466632076541467 0.4171451417073294 0.4208858206281175 0.42257578054664996 0.3914984960790021 0.2991862602967151 0.23809885386182073 0.27014256159033734 0.21060347543076627
0.1465238946655698 0.15346867546904383 0.1659262667654063 0.14361182603834202 0.08182000374863843 0.15836312200452146 0.17671103302298014 0.25428542362446627 0.24165553826610778 0.28509601039508925 0.29483522312627575 0.22558223261012347 0.17701400614519 0.13178022054197722 0.13503393795992558 0.12325791121873482 0.10589805382823936 0.12400804706595198 0.14697921425085256 0.19718132412142425 0.22469674344165003 0.33612014950529984 0.4181517202652868 0.44094268882733323 0.4518870263155174 0.4617503961500341 0.4523509289208556 0.3886239660156098 0.36639996234730565 0.36762053064142164 0.4362587198524203 0.4928810075390452 0.4946009646844285 0.3915125896582339 0.39364998963755043 0.4323174018368804 0.4630969891907684 0.4191008303779789 0.43080374759974854 0.3367731496408548 0.24242623437420646 0.2488656144560095 0.27786805483091503
0.17147171484175996 0.21598228185198054 0.2176203182205568 0.1704369463111522 0.1623336591110674 0.20269581435905626 0.23375792043579757 0.2073849525996373 0.25315114197971056 0.3072995477958592 0.3361695785490218 0.2529963771385075 0.18293333764943134 0.15532850004011167 0.14175315287702822 0.15471605444633457 0.20992464282002188 0.2223489392230783 0.2420953946500267 0.2687145409739689 0.2659918443771044 0.38234720125407745 0.40570314123337786 0.41116904271438726 0.39803989993261546 0.4350152481052113 0.5179712787530147 0.4930745371525896 0.41288815138709295 0.4307888213588237 0.4308853946284944 0.43761529973893865 0.46563219243753573 0.41245872103518694 0.3773621659680828 0.3826735281365158 0.35020699812813366 0.3512480118155163 0.3750292687715333 0.3062180855019093 0.2923456224286605 0.24202926648726034 0.24615099723441147
0.19082046311618409 0.2218230962137396 0.1924130016848028 0.22678416849045158 0.20961031828254484 0.18957787711689927 0.22761860660334554 0.23668466220556664 0.34297681310356826 0.32280654683719745 0.3187001642086642 0.23843375483025686 0.2344735822402625 0.19847249897086794 0.22333723867305502 0.1632317918473435 0.18875549136977535 0.23286274807345791 0.2927257894468079 0.3251414875599951 0.33880818075001845 0.3674251987489882 0.4608931099136853 0.42330569231583565 0.4549814243334727 0.4389776377480272 0.5256898714049786 0.5050902288040403 0.4687814517630252 0.4462602431209182 0.351981934094255 0.42309714369980095 0.43180573230005875 0.3757419401260274 0.34544543513003645 0.3721972833590102 0.3658923633391455 0.3895552163589895 0.3180794615859145 0.28057535515345355 0.22978990695979226 0.22485235145632068 0.24730413718961008
0.25449584410916143 0.172696241792386 0.18630553788062096 0.17733197931903713 0.24390937441798122 0.25275231782546814 0.2330650974628881 0.317705720421321 0.35741825242263486 0.32875918477833727 0.29835278897300604 0.3083695872944884 0.21919755402689287 0.22754701600094887 0.203512508758669 0.2243117577405677 0.2007372771232998 0.27103015315941764 0.3014995650742251 0.3776231587973356 0.37085063959744247 0.37303602529306956 0.4091210937969126 0.4642306126605415 0.5093611426112887 0.4880386464295685 0.4779155796852132 0.5099882178372528 0.48655822971008544 0.4307227472180465 0.38974007184021 0.380796776073943 0.3383845726811882 0.3559575497295369 0.357957009472022 0.3686756861685064 0.3134730888086058 0.3521110155501498 0.35152484359085934 0.2715885012478231 0.2505875208602172 0.272730042668125 0.31286241945325466
0.2776658059488946 0.270217049893183 0.20128195775759172 0.2072607768835386 0.19018942315003465 0.2852758058383683 0.2598870556660106 0.3153969442974346 0.3551154214711087 0.37808632806220954 0.3571080571411996 0.29282088604838774 0.2475825720655104 0.25707691622550116 0.2551929126742798 0.26208932669328605 0.24400891100120747 0.3108890790654422 0.3426365638884922 0.38820708722700126 0.4162641744039466 0.42009851752059096 0.44103133605845374 0.512077100593092 0.5391898622366103 0.5083044579124529 0.5580330318336845 0.5235925806382765 0.47999208215240263 0.3897958475870271 0.3861385522598607 0.38656253933263046 0.3245063809398312 0.3702860449851135 0.34246192332514547 0.36582416895278874 0.3244387719756831 0.3726240773927047 0.30323452620386726 0.2804319349905449 0.22054219579566556 0.30224526892613507 0.2779990546371358
0.31048257231658477 0.3099308756990432 0.2615894900241786 0.237115010195652 0.2305347588651123 0.29280667796499527 0.3489743155647568 0.3524805976715385 0.390183735663675 0.34473470064402667 0.34203945609296266 0.29764039377209495 0.32492308815017495 0.3118976433117117 0.2754563331359697 0.3411277183966854 0.303942994491238 0.31610353634974653 0.38332112579844146 0.34350458307670606 0.3723696667118993 0.45410622600611134 0.43428603248633657 0.49329125230839777 0.5066369171768927 0.531274027784415 0.5445703988323134 0.5177097124209152 0.4470827235889274 0.40011561038075383 0.38708866714011103 0.3310488415731301 0.360377276476035 0.33966815496733643 0.360703872081496 0.3800121849739814 0.3989532938545553 0.3427062378830283 0.3405725150042253 0.3488959053183679 0.3159461354086336 0.30294301270287316 0.3363755512276868
0.33790048482744955 0.29045737058852517 0.3398987968239283 0.2847764717561452 0.3009058447975848 0.32485929658704504 0.3653354292401881 0.3740241824753942 0.37413171619515934 0.37398114939208205 0.33624637301616517 0.3567671629756041 0.36994323435772475 0.3150898539210621 0.3288802220169248 0.33939458367341424 0.36192676951320246 0.33969856372245394 0.37676160170965994 0.35456560908091367 0.3764305077438298 0.4369804851863833 0.44588683106632176 0.5015465688787787 0.47612036568324967 0.48202101926102564 0.4541389157120843 0.4423715080512005 0.41052467820334604 0.3756058543040445 0.3374524933441627 0.3371075786745032 0.33827849718237524 0.3344164357856643 0.4052169283802746 0.4579884904385673 0.4537868636538622 0.4611904858771768 0.41689800177344005 0.4097536640092082 0.35619855407244577 0.36581985054978805 0.42526554581288084
0.2859421680521224 0.3015937189332155 0.3254917987104159 0.3119734678610883 0.31813778478994026 0.31395244771158387 0.3150707612271124 0.34422367612786064 0.3518524083617083 0.3752039855751738 0.3460100477024799 0.35509831215527093 0.337936330005625 0.33576057303969786 0.35793924317932785 0.385721868068757 0.351095771781028 0.433582561356589 0.42869939293771153 0.44385741351973507 0.4631985032177782 0.45783259380112085 0.4903522942687016 0.49625312728781157 0.5170034275348676 0.5225232163742844 0.4433990652974055 0.41469228896125876 0.3999366821708118 0.412880982407464 0.3950122676859542 0.38299856804665994 0.36956587127726725 0.4006481489102629 0.39657678280153646 0.4207500852992327 0.44992048839153687 0.5122304952371627 0.5074970876274499 0.44908800900746215 0.3681224909001616 0.40879191828416994 0.4316330888498513
0.2950014705752887 0.30371006145214413 0.3395513323202779 0.3397480082765583 0.32923549704971417 0.36627938812985644 0.3142559861824671 0.32968727704688994 0.43091594556510443 0.4047500663327427 0.3157342078714939 0.31536504959193234 0.38490191186027795 0.41682899934779816 0.4220163221718956 0.43460243610681804 0.37731782239690526 0.3923332604374947 0.4803016459663665 0.4617512272071186 0.46596643185154923 0.4956748669490317 0.4767109958453556 0.4578898194352096 0.5052051621458471 0.5152396315190725 0.5173508101907486 0.4178697280086806 0.3600874953339798 0.3970693654750181 0.3908814804136016 0.3964265912549602 0.40125367856210065 0.35913810915598127 0.36973397646423567 0.45116638691294725 0.5203201052606348 0.5317082691154039 0.4998879530238666 0.440016839635605 0.3495096204991414 0.4314478487976809 0.44434497185661903
