Raster_benchmarking/Raster/continuous/raster-12.asc
NCOLS 100
NROWS 100
XLLCORNER 1743160.2411970312
YLLCORNER 5469297.26180671
CELLSIZE 10
NODATA_VALUE -9999
[rows 0 to 18 of 100, columns 43 to 85 of 100]
0.1394903490166663 0.1305962752011426 0.15078390751131637 0.1723084891919562 0.2017768036437907 0.17012471057005782 0.16471044391365589 0.21105185898414067 0.17467617087947004 0.16350595771957396 0.15775166399360738 0.20552841984782771 0.18807854525003162 0.1694743068991488 0.17967619106209978 0.21481757758839917 0.2187186776967334 0.17948808979060493 0.19168464512422928 0.21433695498020464 0.17800281957841524 0.19634696406886398 0.14773661733117843 0.1501098727090545 0.18285448056193593 0.17308254659960134 0.20101586217626108 0.17507921358685863 0.14324982246633358 0.126040770659217 0.12418474016075742 0.14154203752127442 0.12489193978022216 0.1306765437341904 0.10058013961390186 0.10694548822536105 0.09280408955041126 0.04895832855603825 0.044102243642763723 0.09375174938718121 0.08692675700947705 0.09419590719267429 0.10107536597301235
0.15818442184592102 0.12337410099987647 0.14572271451783972 0.18135879170425578 0.19047281378213826 0.16584972810970972 0.17674132897124703 0.17227934792862887 0.19898065733131454 0.1724364870509372 0.1513262615270011 0.16690913321634898 0.16315747443730386 0.1484695507042416 0.14111154479772706 0.15196555055591685 0.18094032408113903 0.18819404220296798 0.17497401337502036 0.19513703695507809 0.20252514994741438 0.19813999071362065 0.18670993511564257 0.17803818790901918 0.15614816031420312 0.14055067074883493 0.19374352341747517 0.1742614235318226 0.18381350157016718 0.15517424287191323 0.13388382945838262 0.10172988799218097 0.09387540195192154 0.09647086254493227 0.12347685277304322 0.11273844580449807 0.06394685690151958 0.04692196154493709 0.04316823867875026 0.04949899147410985 0.07021081375048656 0.06663929163640771 0.06553929194841643
0.18336704469813375 0.14415014411187227 0.16075051943202767 0.16994299647925246 0.1857023747325009 0.21046999195675883 0.201841977196964 0.19251509999708963 0.1895541962855595 0.15139632873507292 0.13631366308029788 0.16008558024622035 0.12184717703610072 0.1334131870736459 0.11724917374426325 0.1443796020291292 0.17096815325774242 0.18782596175850164 0.17822324414352578 0.18618569744988595 0.18930917975172787 0.17423400950413345 0.18057969686501282 0.14307320743271704 0.13553955281646435 0.13048973109536366 0.1917726869279471 0.2067068368017381 0.16919831514219869 0.1783506383590223 0.12967082528065535 0.07207541816643434 0.06586220873379607 0.07912820892267583 0.08976578380222722 0.08417876078089136 0.09116251372236248 0.04760910214287014 0.05886274927412766 0.006402450696366064 0.05569757371697173 0.031167545718644045 0.028786331401640535
0.19373295465474408 0.1923518511216715 0.1983101413638697 0.17544836440991138 0.19685486002683605 0.18586644135920605 0.16549128195112253 0.15909367519660736 0.14442997607104777 0.16324254725321996 0.1390971267254155 0.15484775282460023 0.1237819279822151 0.10617823013484153 0.11969240003669457 0.11721012313829603 0.17091077780070574 0.17077782275777909 0.14288211585492847 0.15080573354770357 0.1884546383190348 0.1855893825534165 0.18698515049105519 0.13884962192168096 0.16409369538601712 0.16487266312814503 0.17322216670258375 0.1664015965059493 0.19147737751434515 0.16031946786636006 0.12265386609486421 0.11539632978089859 0.1124551428557314 0.09596123726884072 0.08818950525071072 0.08161084746582471 0.07474653555086219 0.05480622648147596 0.04650818030913013 0.019983015874696423 0.05453006030342956 0.04126254623564456 0.04523859790366806
0.20111116563924572 0.20443494642003837 0.17500524525962474 0.1804839267549018 0.20654367960849587 0.18458402790454376 0.17537933517654009 0.15723730269556246 0.15838417061530236 0.12049100555438963 0.0936342330186576 0.10684173606287777 0.11529560369330555 0.12375699828523792 0.11149835270399451 0.12439456480900761 0.1255532508356408 0.1465434237836955 0.1512324352709674 0.14265995094661377 0.16837509011000454 0.20306225122711605 0.165340208266238 0.1363236718401179 0.13050758712516344 0.15626371400199554 0.15940534943586537 0.1705436451042706 0.17531072283426352 0.1465713371187257 0.13071532258249546 0.1257221569954301 0.09275834966647764 0.11779179752627365 0.10399497691328467 0.06898088795379398 0.07387645213488891 0.029338734266722264 0.05278977700125509 0.0641737072195327 0.04697256160721709 0.0570457583000298 0.06467198652209229
0.20961491641962263 0.19253700207104169 0.20603671412805818 0.2210685390295923 0.17413208388836865 0.13826376471824756 0.12530262368428002 0.1239302213724911 0.12009105879119582 0.08599088089910008 0.07897258509944989 0.09862627144104877 0.09623330293886109 0.1054052741982536 0.13249396572326577 0.1460416384134263 0.1537546576058951 0.18339706159677593 0.18258705596868613 0.1547380057117361 0.17022353499244164 0.1810127740462407 0.19562202791752126 0.1535224356803449 0.14750230775629833 0.1745650614045658 0.17222120107362612 0.1903786699963781 0.1554042922760808 0.11852805224082567 0.12670930216981732 0.07213228924732129 0.0716296939138371 0.08280056437750495 0.0908410702680751 0.10340478065579034 0.08162583400338243 0.050478154489896586 0.045525683092211444 0.04413444215083094 0.06481714554605217 0.06307022983249617 0.08607773518685151
0.19626648562980348 0.23140285772326583 0.24318669131922313 0.2337035558104503 0.17903350229431614 0.165334455867235 0.1309092540566662 0.07249403265704532 0.08898241422525814 0.0690702786311375 0.0541046791791706 0.06086159025916928 0.09497338737616158 0.13455133466829497 0.15270977967879462 0.1969973333145718 0.17229324826310607 0.21467511698360758 0.21462377683172465 0.18589309584652794 0.19638719649167555 0.18123839105605968 0.17660028943672368 0.2015362523731552 0.14825607727581833 0.14971236489608786 0.19668880499843847 0.19624208938014573 0.1746382330563789 0.14195477354114522 0.11069957278796613 0.05340916374804417 0.06799380623874152 0.08051266113903975 0.10144839080019889 0.1128094898284616 0.10380981694070805 0.05934577961811675 0.068661182996682 0.05830803526005383 0.08761083637390828 0.0920168524431632 0.14160464340489684
0.2182212154771541 0.23419501142073018 0.22166218977067156 0.19372436875687452 0.19994998872451608 0.1638026098662872 0.13906647252117316 0.10390838184443664 0.07921756983379655 0.08720532429056849 0.0804938468881086 0.08892776190913684 0.11785996372515938 0.14988839230537634 0.16437236402805863 0.1650392593158132 0.18351876620633048 0.2120612006214067 0.23325064181288224 0.22399516024814065 0.20205725772360872 0.2158915197840678 0.2084035035425025 0.17118985500953232 0.17224327915278684 0.16676520408810228 0.1842402311375262 0.17209356616283344 0.1906690216334089 0.18218501084165514 0.13506176349656573 0.11416546885172492 0.09792903598157439 0.1031805019140886 0.12015010239540744 0.10001208606277782 0.09117566041781822 0.08723227118510167 0.06226686879127193 0.09857422462379836 0.1061197826268688 0.11745805195325838 0.13392744975950188
0.20681306138107136 0.1786013139255127 0.1646130957348596 0.16883081740519765 0.19643689357213776 0.16328055701013494 0.15291103883078172 0.1370632776154908 0.1035083706642469 0.11248870524346721 0.0987341045416682 0.07427127905612618 0.11919716449357624 0.1114249137298318 0.16352872436644672 0.19163168557780813 0.2116346876873606 0.2202606740749352 0.23569637577663918 0.25043147447994896 0.20541948137844832 0.22963630339702001 0.20606783647552948 0.17767522569676214 0.17411898019406777 0.17791095248398578 0.1634953360380468 0.19456123921157828 0.1940518723715491 0.18811821830733577 0.15414141171081566 0.13048463093025073 0.12171201154801302 0.132872833915762 0.1095113073162509 0.10233764314856841 0.11008120206552525 0.06993191176313628 0.09626785422829959 0.13058182746587452 0.11504169652846698 0.1556117186685166 0.12775787280729245
0.17414972525751193 0.2148631977393568 0.18576598434479735 0.2027343539099958 0.1641979855565467 0.18459846999804413 0.160330556020265 0.14584476795825133 0.0968020673468849 0.08099675179241499 0.07549544576937604 0.062145479595413305 0.09050903641015208 0.08152094270883799 0.12622818751425197 0.1680436171179443 0.15475644352920423 0.19681702493961284 0.20639190369051552 0.22464125770270824 0.20936451324647204 0.22941964617995264 0.2313483734456142 0.21210741749405312 0.1903854440007121 0.19111013414661165 0.17921137952191116 0.1892655082305412 0.16981823143652974 0.16313219496073386 0.1486033046610899 0.13399049617812733 0.17279332994359275 0.15886752199589438 0.13131302274284642 0.12248208956512531 0.11268738136849879 0.08161193523788553 0.12063245260420416 0.10598066611187658 0.14019713421429128 0.13942125757475943 0.13105324427539608
0.1797017507620422 0.22510092312199398 0.2152440382670421 0.22090475395989612 0.20352045360048243 0.17960845474580409 0.17660677993715498 0.10263020674667066 0.12221478621617295 0.1290578523549884 0.10266014791357067 0.0797486821599844 0.07626616180435034 0.06508603474925907 0.08030128695382774 0.1436303397783011 0.16507302432075863 0.15651924255711458 0.1812250606614613 0.22037925497603617 0.2031559784720883 0.22678934464881384 0.19958067385998582 0.21377292529230849 0.20939766043289665 0.23326652287141308 0.17972649521283493 0.18549309908436434 0.1699161289269416 0.15981083249004666 0.1588421068242305 0.181719373210494 0.15289156236108278 0.15211525294213668 0.1502079682789445 0.11862275616372034 0.0962235559911833 0.1058973558055581 0.13581251844370845 0.12601192799481856 0.14669072066544514 0.16373625665405786 0.15093584561221682
0.18908994627150078 0.2165854049571636 0.20221888975030178 0.21042105735970884 0.22067202688297363 0.19836162667835777 0.1703608657179177 0.13277243693646182 0.09765040439132638 0.10618613085802525 0.08166108879459068 0.07200914569283787 0.07216525849262011 0.04678480402440827 0.07501643651923638 0.11611352203813552 0.11826585208042308 0.15656475875143674 0.15301290767368064 0.17070290089153442 0.21420159410922018 0.19582359939331812 0.22351912806998656 0.2129804715781596 0.24553928647744472 0.24348836528513407 0.2055083838453055 0.18300167055282957 0.17634345759707568 0.14150123865636557 0.15201176785747314 0.17185687684501844 0.1400070692223521 0.12856577443454859 0.12855676391442858 0.1014842826657844 0.094234723271652 0.10665981144879859 0.14326507741748598 0.16530830673394192 0.15707618413441973 0.15129369094701337 0.10556582098111401
0.221245009924929 0.2052713679695699 0.2125757256447593 0.20007510308829296 0.20771973229810267 0.19874847604012605 0.17870203398928258 0.12543303675627987 0.09242168880342415 0.08140962750918626 0.0752399865233794 0.08631480889785657 0.06943216851591139 0.0662024388794168 0.07887364505299058 0.06591648800742825 0.10498063002004078 0.14447782322626843 0.15551304055353196 0.13931504924569565 0.20315606070803618 0.20944595716333955 0.2196512673396256 0.25307360776084126 0.21490323473845582 0.20867153519050038 0.1652078829255626 0.1280529586888673 0.13800007868831074 0.13439859649966715 0.13601209939965464 0.17398100478339745 0.1494649392950006 0.1375611982897317 0.09335382545633485 0.09590728753159736 0.11382142310892553 0.1369104002064215 0.12369800934830857 0.14946010343103108 0.1538221813930242 0.10760347605220429 0.12016659299073805
0.23301952721103011 0.2297429248524238 0.23134264678064137 0.23720754726401524 0.2135991242744594 0.19450783962132998 0.15398518705618527 0.12237354654088808 0.0792034084479711 0.0894013869786647 0.07738552477475022 0.043077658616200325 0.04793596816741849 0.04978482828922453 0.031056302526109855 0.023090769141708392 0.08606466498739716 0.12148296293176371 0.11436711136405356 0.1305576521514161 0.1630852110964061 0.2171136308976986 0.2500343470886567 0.23060880929674668 0.24708469857485235 0.22673769645475383 0.16344303209774316 0.16820059945703716 0.1563765773483004 0.17190683580895874 0.1680864182026416 0.18021114168411043 0.15125011871590818 0.11047350447767064 0.09760045945759517 0.09754197247473256 0.11269556440652853 0.13095156235429792 0.1334526616590195 0.1558192245557235 0.1448025535019404 0.11804299174758821 0.10525581587471483
0.25054114377162623 0.26225666687504773 0.2627480919859209 0.23986953076137665 0.20819754209466673 0.18029668892673817 0.13277091570400867 0.14208662339233163 0.1117723002566806 0.0626034561131753 0.04884646187356455 0.05409932681997615 0.06817764163213022 0.026606301944277783 0.03610248269490672 6.748774334739713e-05 0.06143199770607189 0.05851109439785336 0.08904067329347913 0.09081094416181865 0.14846138059338754 0.21131099569845999 0.24037832820952784 0.24950750309003614 0.2434800155778519 0.21687287572250455 0.16473768938180378 0.13093639751825226 0.1605259364030293 0.18609839243748277 0.16500023069161843 0.1606884801068788 0.16930017380830964 0.1467398313662503 0.1227168945744487 0.09783393334325562 0.09745111273170698 0.0830786169638962 0.1079872201684691 0.1082862327418079 0.13113534002195024 0.11951304637367291 0.09967512681535437
0.24625351235478765 0.2289184066410045 0.23836612034316576 0.24138199140010702 0.20647908059971073 0.1793792665969924 0.1383516091457756 0.12913038596107246 0.11834894533797385 0.09340564409213033 0.05742784477809324 0.0780416618549704 0.06588236501430589 0.01933661477848587 0.01985891542615776 0.03366533402061945 0.05681263026875885 0.060149050325571884 0.0762601188041638 0.10391357479625027 0.13163226766950695 0.1643933937668594 0.23329730400756163 0.216014812858195 0.22928528337743195 0.18422070303227558 0.17606804622260652 0.18298097081457987 0.17796018029906255 0.18498699762394286 0.18061260003454185 0.16019061275372581 0.13858682630942018 0.11403100709098697 0.11997569477701422 0.1344811408957436 0.11212434290803282 0.10174871273639984 0.09902887853755084 0.08913347629521928 0.08949905230882575 0.06579084936189201 0.06883137066298073
0.26636307997429925 0.2246056197968777 0.23234750434823156 0.18755954671766548 0.19436055964820043 0.15887429897662167 0.17229963448058885 0.15769579133361003 0.09468994020722184 0.09673149028746393 0.082662421012179 0.0702982818296054 0.07847778788379993 0.05790489199851771 0.06890610790300664 0.04635647072188337 0.07343984977599034 0.09909889745995767 0.09694427944837838 0.08616197609632117 0.12788303858611244 0.1671991805548071 0.2200891329296315 0.23365841311489347 0.20597449343065277 0.20060730759193515 0.18913753822351959 0.2134535115735494 0.21036596254444764 0.1699067485290329 0.15820514261911067 0.18277813146930086 0.1493739143103345 0.12582873597278132 0.11813706658629677 0.11212025245729033 0.12965483158236016 0.07989400442992142 0.0692163740540077 0.08517428334290336 0.08728482481477588 0.07466315027624376 0.078205850002402
0.25684879606423044 0.23841763773592187 0.24222731347029094 0.19165404400436067 0.19113021998890908 0.14815422558372682 0.15411250086578304 0.13300308750028522 0.09049192730548011 0.0749459131552554 0.0671959235315317 0.04678904530609157 0.05612721587074539 0.057519284523928196 0.058158644538191424 0.057390653632734545 0.08475027865432298 0.10057352660471833 0.10375110811161183 0.13623808465217074 0.1671325867424732 0.14831666732161353 0.16803675629696144 0.2180842037072372 0.21423643251470206 0.20565577516412883 0.22527265940662594 0.20997471272035176 0.21144806297596097 0.19444061486930242 0.1975497049540376 0.17543757780984717 0.164907998136599 0.18027322367260898 0.155073261323153 0.11844530399828433 0.12106418876172315 0.13115452040757108 0.10158538100850978 0.0983687069879076 0.06887789346200954 0.09818056072203309 0.10697122727406176
0.23469271907972028 0.2483239539875363 0.2534930286260763 0.24224640932859118 0.20607771979448877 0.1426191546662212 0.14888530543081774 0.07240709898276296 0.06195325361255991 0.06107107788180088 0.06869200525794442 0.0876453270479007 0.09908125633063991 0.08129876940086123 0.0526609751681145 0.050504073167521715 0.08870231243295898 0.07026061091819207 0.12011581343775668 0.13875625843486145 0.15980877843077584 0.18424702962002754 0.15590111308228458 0.16072131486020735 0.1747416742251758 0.2329975824161084 0.23017146784561746 0.20385264069973932 0.20416902533769443 0.23912958042318655 0.2324964355244376 0.21091557257781207 0.17574815001979596 0.2017390422260616 0.18972705466259476 0.14959547272765136 0.16085907747441086 0.16319186739573804 0.14857909833421604 0.10726361016583809 0.09034725875645029 0.07880586161493333 0.09844535268054885
