Raster_benchmarking/Raster/continuous/raster-462.asc
NCOLS 100
NROWS 100
XLLCORNER 1743156.4905161245
YLLCORNER 5469296.733707911
CELLSIZE 10
NODATA_VALUE -9999
[rows 0 to 18 of 100, columns 0 to 42 of 100]
0.4806644006933154 0.4921519962220114 0.4659432591318222 0.48252633473240025 0.484958685761456 0.4792455699201424 0.4879845109036688 0.47127973326157746 0.4400631415806768 0.46318916968157536 0.45173528481145425 0.43764035767401976 0.41699900793157046 0.3869058185322306 0.37584227921397967 0.3808492339774188 0.38607056466858947 0.3724359140345031 0.39119144778207543 0.3991274398594975 0.4028023136285718 0.38189349935632483 0.36873836976982893 0.3547755435399192 0.3332331125367719 0.3284791331734612 0.317738272987737 0.318788570158931 0.31785008051468533 0.32083877424866314 0.3445137743136543 0.34491101790944745 0.33823807471836753 0.3369410102909402 0.3584032008822704 0.3630177295303729 0.3403649728713195 0.3249246772609262 0.3435733744049793 0.3660608997538645 0.3549044561514147 0.32266344590447743 0.33052934668526446
0.49557034203004996 0.4881090597025808 0.4883698670165203 0.47910303744642185 0.5076268088003704 0.5100776304759742 0.479706046385155 0.4687582323231503 0.4804583158509739 0.4837035612066887 0.47757242212576184 0.4370232130088772 0.4114487570186875 0.3932871536374729 0.40218658430207166 0.3813699286112618 0.3970161699989462 0.40036795322743457 0.399370710335147 0.4013935109420416 0.41356215872849106 0.39995356138406035 0.35625406188116027 0.34635111338445523 0.35165755294242557 0.334823383583445 0.3058404975202536 0.2921135848445009 0.3279327246338504 0.3478526982973617 0.37274314597486535 0.37207537500812665 0.38045142289717493 0.3817480427992521 0.38959395694329796 0.36924717796063244 0.36654005780401766 0.34615502779939483 0.35532050947676475 0.39468909458809265 0.3552876082150856 0.31703736517380116 0.31325515710553503
0.5343196756976599 0.5003613052344643 0.48763366710172057 0.5029775241212874 0.5012494463776422 0.5138974881495416 0.4820450589369735 0.48782747788696745 0.48777596481889474 0.48700529470687826 0.48000018230186736 0.44778597504570133 0.4059807475109205 0.3726187493724088 0.39167187609715737 0.39193399520054106 0.3868779833109289 0.40558378105641396 0.40149610357430027 0.4092459837041896 0.37518744046814123 0.382767377830749 0.35190438293900483 0.32396622047705603 0.3410822675997572 0.34151439941911804 0.335880367653543 0.32085075365071003 0.33828491639218256 0.36100254792859887 0.3527072201882382 0.3486975330180552 0.3608017123062154 0.37269938074308084 0.38862079181671794 0.38110792490291306 0.3884287997399574 0.38425577124517535 0.360973688897763 0.37017152274491694 0.34912798113457866 0.31295088191365505 0.3120427543745152
0.5421852678912542 0.5420347873554745 0.5040089597697313 0.5003852237099558 0.5193003762462365 0.510980115981299 0.49160778705715164 0.5068501382492286 0.4870718998661668 0.49092350309509747 0.48463231671846213 0.45729666628585786 0.41628818701607845 0.3732177096361033 0.40636788479766767 0.4000686971853329 0.413442701521349 0.40417675123136176 0.41395054820410676 0.3918013880391702 0.37617463688852854 0.3594707568245425 0.36337919002311253 0.32901797686711726 0.3357346389007532 0.34568805653707396 0.32292606386794975 0.32458058612010293 0.3349464512420149 0.3736612132741153 0.3702605607290666 0.34539756399063015 0.3737370656906479 0.373672746053897 0.3573904588367763 0.37881644628990024 0.38283184326788994 0.38870568044462667 0.38507066139888174 0.36956984521549074 0.3676053516100264 0.3414562563875095 0.3390191379026585
0.5431466111183102 0.5452209036087157 0.5301931527683588 0.5269239733146176 0.5229383486570142 0.5076827164091386 0.5125912774725638 0.5414206382179082 0.4994386336375394 0.4945550019710705 0.47809653635300686 0.4448540966677396 0.40581341233339463 0.3747582816454197 0.3930464084414038 0.38514494114250925 0.39088150009749484 0.3889858105086451 0.39301937409732235 0.4084793714648415 0.3855748887622008 0.37452448032188035 0.35059759148792724 0.35864655483593844 0.3563335154025254 0.3559639617210549 0.3495545084176992 0.3410280770535317 0.3360522022037027 0.349414606306085 0.36015929699454385 0.36624701057262027 0.3757025348080298 0.3638127590535808 0.3614808877424331 0.38411893631902944 0.3959000610261496 0.40388121618983164 0.38927308049650183 0.36363046408692673 0.36612358636871295 0.3617122327019239 0.3550033955228715
0.5446772031259229 0.5552827890959214 0.5532454293072333 0.543294526583098 0.5556756484921214 0.5304268470343925 0.5423662246134586 0.5727807287130515 0.5187325090586038 0.47745701387467204 0.4549825658303083 0.4349073356350623 0.4211816276994559 0.3807222139807993 0.369298305917412 0.34363035101956035 0.40170867545725486 0.3937488453159799 0.38416365180577755 0.3886520118003025 0.3747017435415629 0.38272527214635893 0.3789776917298117 0.36308406416031364 0.38079651475373194 0.3802407878975853 0.3583475323276409 0.3463374003345969 0.3450452694435163 0.33225312144842467 0.3666177655650702 0.3586320650336921 0.37782361525939606 0.39333490506756097 0.3925518009154322 0.3735915056846461 0.3792812403700358 0.3758749946983495 0.3764209578383854 0.39117267287568197 0.3667008148814184 0.37820235556956144 0.3663217572121681
0.5792630533992922 0.5771847479882841 0.5702936014359787 0.5567996811881264 0.572682750299859 0.5705529948290489 0.5490140577255466 0.5698143982205245 0.5350924475775989 0.5053618250634784 0.4770507772153933 0.4655568024512312 0.4294921030574796 0.4220230595750447 0.392576087487397 0.4036835133233328 0.4113690298987055 0.4123626731412876 0.40679811764044466 0.3868716614874459 0.39499923791448194 0.4121204706055134 0.3952412861901483 0.37714756915617886 0.3629761300676568 0.3548904540244377 0.35421784839942194 0.35353787099049516 0.34085729729302905 0.3353545902890201 0.3594591853309858 0.35731550937233647 0.38632860040724504 0.35998667673885965 0.37121328595306646 0.37808267945905566 0.3783898404122906 0.39111428227680667 0.3742066570398106 0.38982011429361396 0.363737702754552 0.3428355048174785 0.33488575232802253
0.5815321590607446 0.5900821711189618 0.5856536379776033 0.5721007068829261 0.5844786765287563 0.5839003635307465 0.5649310263596947 0.5672763797667886 0.5510093789058336 0.5309941754242764 0.5031397003145368 0.4607934166894801 0.45311375546695964 0.4345391460297234 0.4395170275089079 0.4317582302087007 0.41445361233523004 0.4054251464866268 0.41635730084020495 0.40033328744972474 0.4234930310794594 0.4265520564779836 0.4044407925899891 0.3873948848407563 0.36771921174339695 0.3763190682862757 0.38358698178944184 0.3836438428696547 0.368404986421017 0.3751001400286344 0.36202078961224265 0.38459327052256537 0.38797082188013854 0.35805842363570173 0.36458597364261247 0.3769003679806852 0.3609046273035806 0.3637617023889103 0.3799706530192991 0.3969264148796577 0.35109854009822117 0.3492822750805858 0.3478985325357503
0.6135735135289433 0.6048722795744221 0.5905402608681843 0.597283130965101 0.5770641814746574 0.5963846833185559 0.5757992102927313 0.5571625358053165 0.565429654590234 0.5414024883376033 0.5249571353564327 0.48245778252107235 0.47637569226410925 0.4376784231338508 0.4368914321805218 0.44310743764365224 0.41744087275511804 0.4363758868809187 0.44453009024073736 0.44336079654967486 0.42239239703396586 0.44141640183332453 0.44843237382586404 0.39676488005988136 0.39090262575384416 0.3968672655306799 0.41624084762149033 0.4082137116365347 0.38233389132237133 0.37053884608689885 0.3772079547275805 0.37660762517323265 0.35156775487892 0.3650288186243308 0.3732617541986594 0.3836661365707943 0.35318027009067865 0.371902511140136 0.3784114663299439 0.3626009854629288 0.3576960319138942 0.35638257988881494 0.33393468171923213
0.639400581066732 0.6405051644313572 0.6116970183294922 0.582042663741808 0.5756977201004141 0.5923325008663453 0.5851673365905438 0.5710855509126678 0.5741733718855331 0.5848442644811442 0.5424075905548138 0.5428566979664338 0.48774405889535427 0.46912904942940137 0.4743147805450733 0.4491110267659834 0.4572762384841089 0.44903373498551774 0.4463320801018454 0.4606285371665089 0.4383025858325684 0.4760331550426077 0.45265230488020086 0.43312130747381467 0.4312278687188018 0.4312456899317881 0.42354831347725047 0.4336815275758941 0.3821454727424438 0.3705480381592188 0.37195826761706585 0.35227749619796733 0.33761077022850905 0.33739114234864037 0.3746425439959326 0.36896956527879005 0.3637106422376084 0.37528769232319203 0.37250469173184697 0.35583148564556405 0.3553770357130325 0.3286090386713835 0.3086299105911701
0.6629890349951039 0.6266391387132717 0.6285636761427037 0.6377354071303941 0.6202305498819091 0.6087203438664333 0.5963228512731162 0.5729324334713684 0.5979591639427423 0.5719285462494487 0.5745426178124715 0.5566310885920988 0.5107773854520867 0.4869395419745715 0.5087655460820814 0.4800653012358779 0.47396855889318396 0.4957767174820259 0.4977097656341514 0.4610785002421824 0.46430360590837794 0.4890240332919541 0.44633785369760387 0.45961887772854054 0.45131714928641475 0.43290769048380784 0.4334335143745737 0.42851659695890804 0.39160132440307815 0.3978113272880796 0.387015899000998 0.3837506182065092 0.3602232297237796 0.3491654961122251 0.3476522149897279 0.3304233009262086 0.35303205053222425 0.3306491686050038 0.33397078998766894 0.32444415639985885 0.3354680580176313 0.32575493943131717 0.307379204885593
0.6857129437117648 0.6470398462797022 0.6506851877987065 0.650985176987033 0.653871830079429 0.6372888954073727 0.6300363411949383 0.5953233402115622 0.5846403038140761 0.5840880901499518 0.5815778278472733 0.5771925734814071 0.5387158819343089 0.5296816005021104 0.5276567748207125 0.513944142172047 0.5070482280786774 0.5222579611953853 0.5274301496839215 0.49567456847742325 0.48029471387362693 0.49503959794092234 0.45544389759982246 0.4502253956461603 0.4570120779434657 0.432603745623887 0.43417002701701374 0.4077409354519557 0.3844896876908068 0.41017868254118767 0.40664859558761446 0.36994554569930277 0.34308393393655257 0.3537982825311126 0.32979212874644187 0.32712118691575004 0.3313423886432063 0.3364321468479427 0.31855648525669983 0.33216235098844965 0.351940539357306 0.33157368797269415 0.3053906501791265
0.6983378703746901 0.6750258048076252 0.6679330489225503 0.6690891127375435 0.6435088123726639 0.6568817647588991 0.6211306381236477 0.6085596059875885 0.593059912451912 0.598736807635695 0.6174500044921668 0.6180334218118375 0.5792340447182964 0.560567404028606 0.5194206710361893 0.5178045750637192 0.5398482330681201 0.5355985391443315 0.543827419824555 0.5043533280551122 0.4885608910738807 0.46348811155106606 0.4584817689417825 0.45219250832517266 0.45105512698159705 0.40939375995321636 0.4063158328708512 0.4080521697615071 0.39154016831526345 0.39427704048394663 0.4021587071823466 0.3779202735579431 0.36102129652590664 0.38446336323016006 0.36399592995669505 0.3634934815839294 0.3419275960657694 0.3605478392615938 0.3433839265539415 0.3673038882817951 0.3691452060219916 0.3508784096811268 0.3425648034033069
0.7108961406011005 0.6932327307604776 0.6683769691784786 0.662788549762894 0.6811960098873923 0.6731015990242012 0.6538481709276531 0.6469703111736721 0.6038971630418234 0.6125030829896767 0.6317393563608311 0.6292550359137592 0.580114094181 0.5450316850633764 0.5446728378100009 0.5507310694829438 0.5457691704308523 0.5642325941944242 0.5557480081298839 0.5248934986376402 0.4882112999007195 0.4730527442443484 0.4431931118190577 0.44140763194352856 0.4239947032271629 0.4081711042626855 0.4015321543991751 0.4044080164833069 0.4166765982959957 0.3956398602289625 0.4030104725317574 0.39196789434705065 0.3886993361993473 0.3868519073864902 0.35172154456607463 0.3470797388572337 0.3651028977348827 0.3486200617702382 0.3529636027958723 0.39061575235519436 0.3951389983026545 0.3826599972440346 0.33879790360681145
0.6761374848266928 0.6736358996466597 0.6903836007469011 0.6759059036452212 0.6694059240732889 0.682861370504767 0.6493865633221263 0.6533559647672528 0.6245087649012274 0.6314914331207674 0.6397913416133617 0.612440106653465 0.5796796187938152 0.5633343379582848 0.5589882946732592 0.5780583991565501 0.5859571374620544 0.5680144620958616 0.5508432299735708 0.5396138399164537 0.5280405272624894 0.4878153918007326 0.4570858787060414 0.47000864996730285 0.4271466288355089 0.4261096475378471 0.39418592465997726 0.4021224560528146 0.3991145357403348 0.37916188499289033 0.4060628821760862 0.3978614573420884 0.3811049934833507 0.35959776836204105 0.35850771548338406 0.36517867017685973 0.37335387829404243 0.366609950903712 0.3570088559675495 0.3756464102938873 0.3713426072012444 0.3458953840709345 0.32934469048071846
0.6965629383806234 0.6766254275458969 0.6617734339752354 0.6639980035161215 0.6578446176651747 0.6850206857308421 0.6661455258894383 0.6679682109817242 0.6643465980229724 0.62310411944174 0.6192315861744457 0.6230668945745769 0.5930383836001943 0.5925615855031955 0.598705141614055 0.5748604888293285 0.5869818133621041 0.5919809683766142 0.5792844604291171 0.5494334435162356 0.5369300752782851 0.4991639605729781 0.49091326449718214 0.4830359981832409 0.4474871407608764 0.4179719124166386 0.40937572559202073 0.38049052414900425 0.3859725654137362 0.38618853939409886 0.3813155236999866 0.3772088986458317 0.3711123070593065 0.3633626086831856 0.3697557087396251 0.38206407640688095 0.37183260301644677 0.37049888071765325 0.3592032973733829 0.36050258843522137 0.3407596608500762 0.3566810577472357 0.3111114327344828
0.7001042721748266 0.6865889329730689 0.6876394081789715 0.7084373729647485 0.6784397655574413 0.6676081551390315 0.6673117806205192 0.6498184435663258 0.6662417000909783 0.6535900862136182 0.6330315379663246 0.6239778746833505 0.6311066564762192 0.6229423556819026 0.6085848185410286 0.60460824067364 0.584122415330539 0.5759212699541882 0.5667857222872671 0.5612300246102234 0.5304440021192682 0.5256827043621232 0.5009511761994898 0.4999604618864459 0.47862260663996614 0.46480375852500216 0.4312530832081032 0.4003652857510217 0.38719727733804765 0.3884458802072246 0.3987145206761558 0.40535650187614963 0.37526165385416627 0.39252805701264204 0.39534541076837837 0.40050491932878934 0.40951888019229354 0.40276711072509036 0.3699125274001831 0.36141334401216285 0.33434854134070574 0.30217429225537307 0.2801251936602594
0.7192256248346172 0.7116253265771032 0.707783091651482 0.7279421493977629 0.7175449178196106 0.6949095959062503 0.6840410042781806 0.6480635674351846 0.6554104267870543 0.6802130894187735 0.6826182611762623 0.6614092224199651 0.6390656861205999 0.6465885844076243 0.6179998419090892 0.6114119665733283 0.6239410287254795 0.6171887683953863 0.5927981963283926 0.5589957804243156 0.5298898075352889 0.5329392031931661 0.4899869650785677 0.46185063880326416 0.4670057702136399 0.47924973061631004 0.4535373413348121 0.4380913982723517 0.4134145616468857 0.4120144163567685 0.39155592800847616 0.39514033099061024 0.37734720288354057 0.37864635265041213 0.4147291580956291 0.4299372779434386 0.4027000140030641 0.395792227658503 0.3780376226156585 0.3581742445470851 0.3316081497592894 0.3113155532054204 0.2816389629998954
0.7578106229850229 0.7364530149743077 0.7428119526640928 0.7396265637660149 0.7308693664282877 0.7208777200211649 0.7058444659952164 0.68785748281291 0.6713559446920777 0.6858749274750393 0.6886457255262892 0.6702037368497803 0.6676639178618793 0.6550117098311218 0.6332239569805576 0.6315634001128351 0.6161070043095828 0.6222250432465578 0.5998630181337166 0.5816377793224062 0.5661939011806071 0.5414461551906388 0.5327395700053129 0.49581314311688285 0.4964850853525593 0.4754354316696179 0.4683354346748812 0.44731263549311684 0.4260297427742867 0.4373116869096913 0.42382344957515633 0.42066961297881994 0.39835705898334867 0.3978599800215768 0.42291153261463466 0.41383291177426745 0.3990914222538574 0.40034429229371454 0.3664301598103237 0.3581432621197563 0.3173081133960481 0.3097786704807713 0.2705473349163514
