Raster_benchmarking/Raster/continuous/raster-478.asc
NCOLS 100
NROWS 100
XLLCORNER 1743164.7020567164
YLLCORNER 5469287.586316225
CELLSIZE 10
NODATA_VALUE -9999
[rows 0 to 18 of 100, columns 0 to 42 of 100]
0.19704512000523783 0.22029795802004293 0.2598541131875039 0.29046847376998236 0.2998650433262965 0.32771682096490695 0.3405639910616279 0.36989048851481343 0.3953528332270383 0.4047077991316641 0.3805804298226107 0.37943081278973895 0.36225101883162614 0.36274353789809094 0.3524886760173075 0.3417590016909982 0.36644245945734094 0.37177126599006216 0.35378150531770364 0.3493560899935368 0.38823605232351277 0.39226432383356424 0.3684320019220864 0.38446796925914917 0.3883647473516799 0.4226546297226535 0.4241453634380292 0.44954466504893553 0.4705708892456691 0.4994071767010102 0.48606698975134627 0.484812922946516 0.500057575499338 0.49664449018899454 0.4947518844066057 0.47136689313080915 0.486534925683598 0.4675502507746737 0.49461701599302726 0.5020225409425121 0.5292001283595964 0.5140730195134081 0.525448901775335
0.21739492893371906 0.20398953007763196 0.23399712276300633 0.2923491749618756 0.28599641685190136 0.31947776831968855 0.3326000254305087 0.39426128918205544 0.4065304092133301 0.3935967724069964 0.39734921817681496 0.3779561248781833 0.3613717825289645 0.3519062677354131 0.36669014966397373 0.3754577000387227 0.386082132921306 0.3769792211306597 0.34728101019078766 0.35488658694271863 0.36355514388218296 0.3655752061512079 0.37433844111438497 0.3555533885665498 0.3845655314723307 0.4097802151533091 0.42732474656362374 0.40521338956266145 0.4647174688525043 0.46701979059533116 0.4810260284273187 0.49314907799734425 0.47729543637908783 0.49987086396959407 0.4722345729292707 0.4573570579964063 0.49090352598491016 0.471049744302847 0.5043963935377876 0.502195093210512 0.5105213931162651 0.5122563769657318 0.4958725476982653
0.20710913424345337 0.21374498779133813 0.23760334270950922 0.283180760676835 0.3087252407527184 0.3508154114141304 0.3528343541914563 0.38437506905217905 0.38987809127634865 0.40010799259482893 0.3857845787247702 0.35988667429518334 0.34911271950463546 0.37216631733155836 0.36435723358336203 0.37435033415164015 0.3843520984088861 0.3931870838899308 0.36702825046483145 0.37779971037702825 0.38902059201221706 0.4020793298357316 0.3730015091198745 0.357110806038196 0.39345384020447255 0.40373354071375206 0.40597178017699337 0.4072765131415879 0.4437211619712345 0.46947357680205626 0.4524798157546738 0.4676116926498403 0.4666605863784454 0.47068063058192006 0.4575198970704429 0.4460373211757533 0.46853591150800655 0.46394669461719534 0.4860740513967175 0.4797217167443403 0.49474785003654753 0.4985324810793689 0.5224453803858397
0.21755999396036327 0.23520719117992805 0.26549047183592783 0.2770366006672816 0.31297070949924627 0.3620235233650068 0.3749013984602167 0.3700108712452191 0.37985177274046267 0.39816613777376403 0.3814606206321796 0.3782334230285151 0.3570274357666135 0.34604045491985874 0.36602577279518084 0.3542408925037455 0.374239280736136 0.37203164157646373 0.41037922004710364 0.4187186368479866 0.38681365719388944 0.415222020356956 0.38257978317671093 0.37841223066950425 0.4179066247496027 0.4071680000163577 0.4042596479012503 0.4173264845276679 0.45842792329662707 0.4563045469388331 0.4453130418507809 0.45899644449243615 0.462474809536843 0.47947325406107977 0.4492121328674553 0.45268353429271774 0.47427509337638946 0.5037087801292369 0.4970448384864626 0.5115646824816507 0.48542850510094515 0.5044991214605274 0.5099672812226788
0.21797810491573266 0.2308394721873142 0.2647160430453149 0.3019411184981394 0.3168119431425763 0.35917754903170496 0.3509967793848544 0.374678336860703 0.37020392367596927 0.3697304977542432 0.37708937929377506 0.34918754421633874 0.3464303270296116 0.373318675750366 0.38077477341930926 0.36796359016099045 0.38973672453796837 0.38298558701818575 0.42387063974757416 0.4373537134782557 0.40451302536069966 0.41923159660922565 0.4133656302668653 0.3919388068277677 0.4128422766944559 0.423588868840211 0.4037559590212941 0.4168798119925847 0.43840147903594523 0.44247578441017404 0.4373475574519383 0.4341568664185246 0.44869644598639 0.44833554691314303 0.4697787689541676 0.4575059858514425 0.48549065203640596 0.5284458504013333 0.5274977473018794 0.5057107269175996 0.49956224519567 0.5199387905606235 0.514947336437125
0.24808641478246551 0.24008417729660458 0.254419946302741 0.30206852646702237 0.3440973828287718 0.36574015538994537 0.37565600819016454 0.37723596478257915 0.3581458401778637 0.3656208234410605 0.37870334110205345 0.35819089114313607 0.36115225058411266 0.3596301426311151 0.37075983477628205 0.40862971265229825 0.3957392996969592 0.4239361060939045 0.41020371835679276 0.4241220690410586 0.43017050461692574 0.4129624309028697 0.394356162627511 0.41724495167799536 0.40619211820905055 0.39370196803332613 0.3894606149907973 0.4243965525025425 0.4391905439360178 0.45568868288025904 0.438233964502276 0.428278139118715 0.43117547501884346 0.43280735244746393 0.4593728084890901 0.4905607509149076 0.5146949793169142 0.5163826038607537 0.5155904857762517 0.50942798071386 0.5137187120065017 0.5106096463542361 0.5083671322839293
0.24963615746614287 0.2512089050763538 0.27180064381605884 0.30516922635299126 0.3284443352501149 0.32960016248259005 0.34413807221882514 0.3422163528654183 0.35089129541838787 0.33934496521094304 0.3452782419166729 0.3658103864899096 0.37558985490810987 0.3554512889202808 0.38747439067885225 0.39629516380596264 0.40932605095457125 0.41801671549777486 0.4233701835536972 0.4298422541867932 0.42341229783984186 0.4048743618434922 0.4146309668341358 0.41320813754290264 0.3921716194983165 0.37665912022736364 0.3927084846270072 0.39434319637767346 0.4150738488277659 0.4126859284069691 0.4266998884796029 0.4518367229819284 0.44098036428246834 0.45979870898539793 0.46989711974263093 0.4836239963559395 0.49532482343588424 0.4905013662363338 0.4975492890988487 0.5231200963481373 0.5248480216603489 0.5257317933022398 0.5186968505791202
0.26158314320810566 0.29154258292784735 0.2829858732063055 0.2941235345749999 0.32627007317240075 0.3416333065281769 0.37140815124454374 0.3695671299914312 0.3582857978749237 0.3529948606717297 0.37611418280203046 0.3665785010904487 0.3697028295523933 0.35845014680984694 0.3818443077042119 0.3757243040617081 0.39353908301705887 0.4298702309750349 0.43062270977680434 0.41086177982549654 0.42115907041891637 0.4139744927518649 0.41301214084443505 0.4328091787927815 0.3930671337092708 0.3868566069685892 0.3985471933315493 0.3924463487757786 0.4078089180945708 0.42400022479794575 0.4313943387462148 0.46217983055050627 0.45216107034793823 0.46100485334070446 0.473389633002758 0.4960464363217849 0.5021710735035889 0.519315365110085 0.5136065838052349 0.5021483250059412 0.5115460971753473 0.5312830930738586 0.545540774326161
0.29294907794938346 0.31595662185612367 0.3102025498421451 0.34499687379515626 0.35970789492096306 0.35068893718280963 0.3735001237230536 0.3932576750952226 0.3987987973933101 0.3709865712130803 0.37403273520450825 0.3715656748970327 0.35104235102021913 0.36528548274819206 0.3724462281281689 0.40305228993932785 0.4143006110771091 0.4211244731556957 0.3985041166455457 0.38879270253792336 0.4034710914548191 0.393565312843034 0.418611396232066 0.4085779684818237 0.4208402940931893 0.3965835476481007 0.41021637571402336 0.40128954134326883 0.4377406431342614 0.4112868849204185 0.4222403666751353 0.44723922354933787 0.4547853191215122 0.46153908849668357 0.4563825684186787 0.4691247657609509 0.5070669394712897 0.5083965274248583 0.5183548822926333 0.5130652418292853 0.4909817363113951 0.5083495427827234 0.5292542059173382
0.29687645094967685 0.33976771546584766 0.3389552868932199 0.36452071584413526 0.3522762842492075 0.3594000532938435 0.3793465642732844 0.4100451702996222 0.4124688196648992 0.4274487799791936 0.4026959900834168 0.3613045389938222 0.38877458324161823 0.38557201401469937 0.3985279108194868 0.37652236662475674 0.41252686497087626 0.42934362719579633 0.3968974929503033 0.4017804767099294 0.39623533744064665 0.419499128905201 0.4313386008353281 0.42315185635243036 0.4252740354714059 0.4159714874210566 0.413236336954127 0.4361454329542207 0.42236893184127605 0.43997311752299545 0.42328914261367767 0.4439259697360888 0.45079495533387354 0.4240685913744658 0.4581454565041307 0.45570600818480017 0.5082247028237822 0.48602270691558247 0.4999248965200646 0.4852443284436209 0.507427299724953 0.5151864822506668 0.5388771594887972
0.28963757938348805 0.31756190411658464 0.3235436196013219 0.3545248839619816 0.3551767068713105 0.36439849156513976 0.3785451082084296 0.38924765926728094 0.40716162594407673 0.39100640694475663 0.40606937024167195 0.39302106930524383 0.4005468717241458 0.3941522411312722 0.3910046589686601 0.3748825256691393 0.4127599484788984 0.4148331270559806 0.4265325421096819 0.4334999879053848 0.4081588400702003 0.40615703349522203 0.3887277561464713 0.37941215634909725 0.3936313856998028 0.39376189847520604 0.4144532430218926 0.4327113881786842 0.42290229882696034 0.4129705051909322 0.42632542206665225 0.46360993978369835 0.46494982971698506 0.47267239801127064 0.44508474416840493 0.4910566792613712 0.5080044976717752 0.5195225399408382 0.5082596330689954 0.4871117942380847 0.49168358494666775 0.5036979237584988 0.5269054236194718
0.3076340767416864 0.3208576657959572 0.31545851201830033 0.3403877072465055 0.32347354283073004 0.32752142873321255 0.35208299441070834 0.3595741293765874 0.38867143926773434 0.3855036208499292 0.37329048796416453 0.38393863367474046 0.38271168629960695 0.40282948107623195 0.3911068900928791 0.3782470745043446 0.40751827764342896 0.4398103670072911 0.42924712017785704 0.4347669854594361 0.42017967932904643 0.42252827300954515 0.3968712869722046 0.3674562781918748 0.40667906261012415 0.40458617264117425 0.39417519652181393 0.38107670254215636 0.41228121685540914 0.39550421647992207 0.444417965380669 0.45237098159449063 0.4807135545188258 0.47995433420395545 0.4611547420531185 0.4904843896556273 0.4897256229180622 0.5199318301643515 0.5300647730202733 0.5185828254440114 0.5114069344815805 0.5147210783837061 0.522361380695787
0.30858973344213575 0.3189334610505429 0.2892434577781732 0.30473419007380986 0.337921966601208 0.35538092862035636 0.3540771372607752 0.35676027971477275 0.3645379010838394 0.3745183915377005 0.3658061094808433 0.3807416730865832 0.3859480689024859 0.4111633650765687 0.4164845749976936 0.40812658899050736 0.41474805411758286 0.4109936567112166 0.4052155458295525 0.4086585953468383 0.3967838808335417 0.383165786358509 0.38317023954410734 0.3843073729001208 0.39300847504742886 0.40823920306164596 0.3863938753388206 0.4007410425788304 0.39844678688213464 0.422007403721925 0.4394093282032172 0.43765197950238505 0.4609972225160834 0.4550636168041267 0.46873145421797513 0.49715017032975356 0.49516328072432503 0.5161929673760379 0.5319363590926457 0.5265477224325051 0.509547866264565 0.5108413280639834 0.5390002153916506
0.29008569327560374 0.275985841584403 0.28479043781585606 0.29419681148734894 0.34415318677001705 0.36297795296416435 0.3727326760557569 0.3537626984972243 0.3648852897591329 0.38056574987489317 0.36564089626887203 0.3765785433959216 0.3726786649041634 0.3870364859287939 0.40582021980181304 0.41968314184642175 0.4159908683414078 0.43124465216452157 0.4181311168398044 0.3733019997905574 0.3815046373538668 0.3594533467939037 0.3614975007107243 0.3999987375922465 0.37681589070098603 0.37873530081080803 0.40962523417255176 0.4092447917203909 0.3995384382642816 0.4101413199925743 0.427831738679726 0.47299177096632716 0.48431864608467956 0.48884153337009467 0.4794516029977161 0.494860855053399 0.5055808513146431 0.5428188834037586 0.5428544533284531 0.5081045159802412 0.5393879499106088 0.538711952410596 0.5576532303468023
0.2912872572796733 0.27522541456778343 0.2755441755780559 0.3140532130529546 0.3244312574241217 0.36639286001291327 0.37752815455576494 0.3852344028954558 0.3658374046042332 0.37424438390936615 0.39063156082043166 0.3806314028700865 0.3893253337755892 0.3917083724992727 0.42465693573726676 0.4084057078532144 0.42494752856088214 0.4167076704624755 0.39889193266232686 0.3903592638168583 0.37880446747490215 0.37584720798012733 0.3685776584852565 0.37610728487249556 0.37369496667837987 0.3744963575788415 0.3994873860307738 0.4039171593483998 0.41477441471228316 0.45950492857365016 0.46542372524341735 0.4703451635994192 0.4655508723985796 0.5048516151734763 0.5154421376980538 0.5155937404020946 0.5133178975862275 0.5270076941516983 0.5355370425481065 0.5234097871109115 0.5324624487235353 0.5173212050136251 0.5452787603695121
0.25692705100341307 0.29457890447084806 0.29561344859928107 0.3078417774278568 0.33482833344034335 0.32365235267498726 0.38313016167059516 0.3935334725936447 0.3995611499036909 0.38926310451754165 0.36858745923443736 0.35925570711959554 0.3899437067998534 0.41246622064309935 0.4092450306517923 0.40940838269612334 0.4116199930905895 0.43909172701272386 0.39373465213387643 0.3875064017211018 0.3854620176916066 0.3574911642056458 0.38752884930507975 0.38372305924458583 0.3895720213603578 0.3830364519065354 0.38851348073070957 0.4186466868543051 0.4441531495531701 0.46823543628723363 0.48435482802636337 0.4736016269927691 0.47367922657078226 0.4978954694252074 0.5017162230868537 0.5132074792047174 0.5315450189297294 0.5354511450070096 0.5643722852048575 0.5510859375441989 0.519559569002996 0.5200491822990724 0.5514586772754833
0.25825409750885486 0.2717662431562153 0.27684290529074335 0.2812328952173102 0.3081136563191886 0.34034518532755276 0.3689563308644104 0.3902711518129936 0.37900210452185373 0.37387184854215644 0.363433234325272 0.38625506777538166 0.405365959769528 0.42968755298360656 0.4357936008508619 0.41150997033008707 0.44078686175290266 0.409811306519242 0.38687089071891856 0.3812319348652362 0.3990510354875004 0.3962921806704486 0.4211494054579993 0.42978711155512106 0.41307244678547483 0.40045447940423445 0.41936072653330997 0.4443618498592884 0.4444546801470272 0.46445634900943666 0.4577740179424005 0.44797631805515925 0.4510113387230318 0.4631841745915171 0.5061716484045472 0.5170600733025494 0.5155340108561736 0.5269484641535124 0.5622406694830187 0.5398926745009363 0.5340655222410405 0.5366214220658241 0.5503636827452346
0.20026802074192768 0.22037520025782384 0.2566236476612845 0.2924424736546971 0.3319224457277373 0.3605887654381786 0.3416368548262124 0.35463686449857623 0.36235011584268767 0.3573150987032981 0.3890604127716087 0.3839877912386396 0.41950249899037956 0.416513061421226 0.41774131012507754 0.4337963588534344 0.4128514131761274 0.40898972960334445 0.3998755121314417 0.363172685867285 0.3984775503351088 0.40854318191245104 0.43048682894950413 0.46085966577499127 0.450581768886504 0.4674636886462181 0.4319130825017928 0.441207666135299 0.4569486460416904 0.4814356075392908 0.45290457662030426 0.456619153429348 0.45474841916448916 0.43731740602888075 0.4827848931015799 0.4966163594984498 0.5083355787793906 0.5380962046241133 0.5484769316557724 0.5692103783467146 0.5419369114822036 0.5389775603734906 0.5512612582796421
0.19172324789302594 0.21918567889962318 0.22178519987468928 0.27565285453749183 0.29559675763370785 0.31115885152583017 0.31690869597638066 0.3485717738585115 0.35795152658743135 0.36142301919888875 0.38079181223818614 0.3690021350806119 0.39230336392080567 0.40537594666164034 0.38897659371518484 0.3881592444875297 0.39463372975807043 0.3922787541506122 0.3701466234320358 0.3564272689876295 0.3891785744680921 0.4134863771177521 0.44437407151844543 0.4568674403337221 0.46645004214353114 0.4574499337660765 0.448074774046451 0.45401217830990326 0.47756419805056194 0.45715351895189804 0.4554948189160871 0.46853590042358617 0.4414638697829843 0.4315683810020011 0.45505512425785466 0.4694164473871661 0.5086247657075997 0.5261395008081943 0.5192685253537757 0.5262233005314746 0.555588204470771 0.5211217780872995 0.5097616104138297
