Raster_benchmarking/Raster/continuous/raster-295.asc
NCOLS 100
NROWS 100
XLLCORNER 1743156.6946476158
YLLCORNER 5469288.75965894
CELLSIZE 10
NODATA_VALUE -9999
[rows 38 to 56 of 100, columns 0 to 42 of 100]
0.74369114636824 0.7337471100122681 0.7267684383340783 0.7243403558435948 0.7525210019734596 0.7227955478209048 0.7276977131832764 0.6992712275126532 0.7090167132046915 0.6721096820529799 0.6532772465623166 0.6542661062281425 0.6503876651664535 0.618651417317372 0.607275044615948 0.6260610710091468 0.6189573167526724 0.59480044658169 0.6170031912156156 0.6221539429180637 0.6080951252213088 0.6166865498806575 0.6263780933923482 0.6355120129128311 0.646624370098891 0.6316334572716631 0.6475789514653844 0.629778342327645 0.6005384768815454 0.6105643551121054 0.6429664180648753 0.6273956922690458 0.6229240098562859 0.6495463881340279 0.7033322289549191 0.7221631621661115 0.7367445926031326 0.7503352261070493 0.7537778113030015 0.74775723216882 0.7344866498191222 0.7406991518545447 0.7675924774765116
0.7352513775362883 0.7569456615453972 0.7684298252713595 0.7421369579555138 0.7567593230186297 0.7268922679722899 0.7335895612043035 0.7054923233367957 0.7049956622990561 0.6921593320664146 0.642752172888355 0.6572721193929525 0.6417155352128673 0.6230596436564788 0.6270499871711789 0.6110932644578646 0.6001343559460339 0.6089181681726412 0.6201244800416105 0.641329347486525 0.643524291622337 0.6260450972390388 0.6151847343043277 0.6386670261553928 0.6389510019432725 0.6552913358861049 0.6301742104275924 0.632975736489858 0.5911252505606278 0.6210334812598594 0.651513887951265 0.6631091341929726 0.643763181462897 0.663617950790886 0.652832147748998 0.6799234325740908 0.696985496018967 0.7159278395542948 0.7620267329191925 0.7717752946691487 0.7625272637314227 0.7804865701773066 0.7791633417590103
0.754541417723841 0.755019093820485 0.7680918815849892 0.7300453745767036 0.7184573361733284 0.7240269987924777 0.689960878776451 0.695919197725395 0.7057754501601571 0.6812410204904054 0.6533653003667501 0.6432337025766504 0.6030303787045961 0.6249387899233181 0.5972207273513462 0.6033065290353876 0.5875334413193063 0.5884748855494022 0.6175629940813685 0.6357399103059047 0.6350333240229492 0.6327882225142373 0.6069874071215858 0.6095916571006704 0.637362208723476 0.6413318913246054 0.620127244112787 0.5883423816898055 0.5937902142881732 0.61723192294914 0.6417042161635566 0.6547474179916595 0.6572692886247093 0.652645836478038 0.6325121780663665 0.6674964515497983 0.7142023485321363 0.7093532606210502 0.7455833329589209 0.7919619150807018 0.805662895964321 0.821198474738898 0.8083675292025033
0.7879649691621281 0.7947910316948029 0.7701086897367689 0.759448808915857 0.7414750724056063 0.7046342325938115 0.7093225475202465 0.6797775185319452 0.6655530259304037 0.6919773973691677 0.6584197607721373 0.6601550464143988 0.6376977437253722 0.6052923920029384 0.5698759879777472 0.5671907402152817 0.5684472575861154 0.6046550441203531 0.6017485067828088 0.632997088224442 0.6496266520705118 0.640408556738406 0.608630062285964 0.6130429670442508 0.5928021829277711 0.6196497916980505 0.5869437350882677 0.5814271772688634 0.5923736399359807 0.5978564903200878 0.6189706668824748 0.6230498239426454 0.6159949170384166 0.6374867024787405 0.6431483164747656 0.6534121141910154 0.6898182768471027 0.7161001403912244 0.7222547745884501 0.7588527883614304 0.8166627079188543 0.811100346120226 0.8204027752731347
0.8188933488238888 0.7948622626620109 0.8020654209328695 0.7773898624475376 0.7434895044999368 0.7246568221117003 0.7356865402033311 0.691361525047119 0.6623822208897682 0.6837406023298737 0.6755446925349351 0.631274457969313 0.6221006905343108 0.6154920042878875 0.5795806455965657 0.5548916588167058 0.562842443556702 0.5740354151156053 0.5822305261241258 0.6132233193711969 0.6311110406205817 0.601232004647607 0.6110440150063374 0.6090144523960603 0.5406175325670636 0.5912714802362363 0.5995546946806766 0.5947577616630685 0.5917743876386954 0.5864180439437298 0.588218702206528 0.6227040336252461 0.6323541805385547 0.6314604981756737 0.610457262345911 0.6264255806701632 0.6669234635633486 0.6981021646746683 0.7093113091890857 0.7464869601058296 0.8063430048208968 0.8326948777283778 0.8533671460883594
0.8168330419857116 0.8052707232980152 0.7819972817837993 0.7654377902573082 0.7457072660687479 0.7377969776626122 0.7033104765184428 0.6908502801258366 0.6495854139132285 0.6503147022887936 0.6559588731131497 0.6414618474634892 0.6375277340271084 0.6177394653525978 0.5833200237109606 0.5677110108709639 0.5745394005235773 0.5869370256931901 0.5911372329803206 0.6009723797480506 0.5983823756647537 0.6004007130250207 0.5739885378688602 0.5887887934567501 0.6003821892608919 0.5996620394020515 0.6065738541199345 0.60722613306737 0.6273966833899852 0.6150976163075083 0.5935137365125749 0.6187058498413917 0.6463377191751775 0.6284762764599321 0.6169581670059796 0.6457797286292783 0.6884462259460649 0.6940934121379216 0.7273885000736092 0.7501557744482453 0.7881875913514667 0.8012206438581413 0.834252131374552
0.7859995011634668 0.7799314792982093 0.7725003715035674 0.7524455181068833 0.7391811729631967 0.7153146452275075 0.7194697329535132 0.6859709044552273 0.6395030468756085 0.654541921498842 0.6527545015396898 0.6532645375059354 0.6791225517307845 0.6164294713935168 0.6019556518778039 0.606298784593362 0.5926823550534904 0.6103609292079236 0.6211129430828599 0.6057735404748238 0.6230501501930387 0.5914012357400823 0.5721991628854013 0.5816595004594179 0.6093350459289537 0.6180939721431865 0.5961946929186238 0.6075821882969034 0.6335125164544017 0.6028192087902497 0.6042366603117123 0.6410093390626731 0.6537931623362238 0.6447742063525096 0.6247125526286884 0.6566204434752708 0.7152350187223869 0.7184062811406283 0.7384960709100259 0.7316882038544346 0.7693181914806735 0.7614387365345466 0.8128651214574287
0.78280838229288 0.7477324541606168 0.7329091167434648 0.7283685275548909 0.7457679715684853 0.7317204938712978 0.6968647513583809 0.6646143434813758 0.652829168808172 0.6810897087047317 0.6963289903566161 0.7102407605638273 0.6965234974600588 0.6439866498012142 0.614125488643053 0.6195532711131059 0.594827378110202 0.6389056374325996 0.620789682178916 0.6061394136407675 0.5974898420437093 0.6281860736236606 0.6212324174448064 0.595382880256191 0.6182909583864545 0.5993160666646746 0.6216956776807087 0.6261389299982297 0.625980704007952 0.6140292893532117 0.5958669615128485 0.6322131610173342 0.628550576322325 0.6297301270386503 0.6456501831828934 0.6578357239546401 0.702375703349347 0.6897363448860092 0.6887235152270047 0.7122167516818159 0.7331783961242111 0.7483100084225836 0.7830838661923208
0.756560266183481 0.7606299289925639 0.743336278113292 0.710536639945882 0.7025726363330076 0.6892293661983708 0.6812798347323687 0.6638219159330192 0.6552472811614565 0.6723345691780258 0.7237519612451875 0.7008142586655391 0.7202953351043733 0.6807366705925184 0.6430697128098747 0.657848348368347 0.6124769961260168 0.626722126886757 0.651832471052151 0.6237539552958942 0.6121291291755401 0.6362005146419493 0.6237872175664317 0.6529330611588021 0.6467320333150791 0.6014534153631165 0.6013110787081664 0.6367201415340693 0.6393745982944101 0.6050142371672553 0.5759294066495978 0.6017032831983838 0.6085120481816082 0.6228266379178705 0.6119956923880692 0.6529855815953783 0.6989433672408197 0.7084041847608875 0.6712960568953159 0.6903864840982488 0.7152336894299232 0.753415401948241 0.7774570400031208
0.793024780247535 0.7742074205221636 0.7321124993580577 0.7148239956459368 0.6892067994920648 0.6765906011475814 0.6684784003180197 0.6857884295425125 0.6582844467454559 0.7002533915632669 0.7240282754858911 0.7089450634358411 0.7059844806144739 0.6887225990772198 0.689594484699189 0.678910735778951 0.6615631953674523 0.6541276647115355 0.6246443853957429 0.6330533962601355 0.6058136604794533 0.6151792026677315 0.6455664589577316 0.6617865651381917 0.6546598465309741 0.6273738500292896 0.6160701165676182 0.6120485444442721 0.6107388467816539 0.5950147028598538 0.5991694158531082 0.5816847260902668 0.6069616843861515 0.5936147898246378 0.6219476683450728 0.6459953940746531 0.6674313705576804 0.7004892592255749 0.6915048452693552 0.6938039308684266 0.6951309135089818 0.7155842778209868 0.7597058709639839
0.7852521299596542 0.7916287485191448 0.7754148772372184 0.7403970027071184 0.7182664746997829 0.717765295759707 0.687041751034238 0.695171234698261 0.6705647674134211 0.7096033729142086 0.7454163656208147 0.7461162355967434 0.7060216063252055 0.7260499417364067 0.6952537208793946 0.7067922208679017 0.6929308940079986 0.6508235769695693 0.6438109950306395 0.6555847834348845 0.6324942071831376 0.6552491362932316 0.6719534108963282 0.6628272073982597 0.6871805299497482 0.6475128968596779 0.6412118060979584 0.6002801227505651 0.5943564843313103 0.6126847228393426 0.5836413415150821 0.5856045763975479 0.6205897937494517 0.6266966920926273 0.6207711439012915 0.6255083975636123 0.6732389678900992 0.6575794214760579 0.6709589396972868 0.6952537229127305 0.6731196014802562 0.7299771410886752 0.7727410676622741
0.7845412994924257 0.7875996283917192 0.7822110976933694 0.7933266811896732 0.7387304216511394 0.7181511281587969 0.7012655330967623 0.7018437350220083 0.6948169727203544 0.7079360911775597 0.7268668891241264 0.7451876828393597 0.7478333053367726 0.739721321892862 0.7177700155414269 0.7253983573623869 0.7128197911998113 0.6921319627352881 0.6569125068275867 0.6657516025644119 0.6828121831325942 0.6661485934469699 0.6556859902987277 0.6733321088298548 0.6813592457841987 0.6412299280683947 0.6288365417437572 0.6285489986869548 0.6234240176651035 0.6006839744605728 0.586221530586315 0.5918622592189409 0.5852750687827282 0.594401405993346 0.6068329513090862 0.5985218966910772 0.6401571692878992 0.6454437257571048 0.6610189233517644 0.658668671920123 0.6754805734194276 0.7275957139036436 0.7719264643899887
0.7982693662041336 0.7921504211028124 0.813484593656947 0.783286682175289 0.7986851767389398 0.7540243265780895 0.742839492608253 0.7198138267813533 0.7091120164086087 0.7349731443368764 0.7412433615843831 0.7645899329657606 0.7551572741917864 0.7418026934872276 0.7575044225510977 0.7809290640561238 0.7740088052831443 0.7262039353750641 0.690941140339579 0.6881968732467365 0.7045383489239186 0.708640111993104 0.6687664322144238 0.6855833236793505 0.6888416554329366 0.6721675069015463 0.6263382609331957 0.6000362225010918 0.6010556430414841 0.6125176781380944 0.5768387819615499 0.601414148046527 0.6056633439758065 0.5959338476704914 0.5626645133249795 0.588663049036039 0.584355086558423 0.6285069380976278 0.6295298958404882 0.6537687555845931 0.6577142909471388 0.6983309772122827 0.7532152912931704
0.8403011778780268 0.7962526585663315 0.8050430213977328 0.7800311151498629 0.8081537276269734 0.7876158294076288 0.749640969965913 0.7331536125090287 0.7430338191183743 0.7481294936064057 0.75405443796128 0.7524206510325715 0.7664116522186958 0.7957194437239838 0.8010892807421811 0.7834675467974348 0.774592175608067 0.739089925681087 0.7226331048049984 0.7102170155397043 0.7309999329777305 0.7135216337617627 0.7057531679594066 0.7147429823231565 0.7015965609672605 0.6587064306543465 0.6497472973487219 0.6063638174660295 0.6172715023327332 0.5956681269836264 0.6096010240474842 0.5813540356241124 0.5820853963110754 0.5853448290815726 0.5874522995325033 0.6039208796321492 0.6204096145465858 0.647046759510289 0.6488114874247208 0.6778988902672447 0.6535608312415823 0.687081763663764 0.7182142864036212
0.8516851008689241 0.8100009104492792 0.8048034048738386 0.7682633752089167 0.7893797948722139 0.7967363740685655 0.7997437943585572 0.7734701962756387 0.7614017813356406 0.7554339760343748 0.791100340967174 0.7728373796800769 0.8016111782468803 0.7937557681110158 0.7993609308468332 0.7925084172113502 0.7631842727217402 0.7707142829963074 0.7830270526105383 0.7313118398785262 0.7242922657413932 0.7032478896814968 0.7268228091935881 0.736947518425896 0.7135566841112025 0.653733836720638 0.6410737481227436 0.5981445320000819 0.590722407582892 0.5915083467092584 0.5994241264260987 0.5955383285686737 0.5899759867662584 0.5888575664718011 0.5776414025192578 0.5959295876239845 0.6449266464567326 0.6471510088539343 0.6759783898415782 0.6570659628341458 0.6692971737713909 0.7232069669205704 0.7452967186527013
0.8564375503999423 0.8103760292034535 0.7911920532453341 0.7670377856572527 0.802373109168999 0.806922699723457 0.818249586401815 0.8202852818808295 0.8091115586252086 0.8062367564938004 0.8172980358552933 0.81774423698058 0.8023151335913137 0.8138808613550506 0.8247332868328545 0.7822274398726443 0.763274173569237 0.7820283059138621 0.789226068482015 0.7516888970314257 0.7415654514168201 0.7158331960826688 0.7349420753425645 0.7143282848259539 0.6904860723164304 0.6466607611574646 0.625256401975037 0.6385860500277816 0.6186333708718554 0.6131799212804832 0.6192335970134388 0.5923618924039648 0.5720237729522513 0.5905767999309507 0.5865615721877531 0.6196442804331501 0.6275245329454855 0.656665695980669 0.6754045136345649 0.6733639222397558 0.696976367722895 0.7325820317944587 0.7618028856085767
0.8601638343731824 0.8380068861017195 0.7916160007252449 0.7805797026369089 0.7662445866720443 0.8053250724260393 0.8277455551457379 0.839107524920494 0.8374032041216465 0.8456205170243692 0.8398157913398515 0.837156051172598 0.8560921981408105 0.8208051825228315 0.815511697617404 0.7962473277092481 0.7845383447038744 0.7974583112663046 0.7803845404250983 0.7727383919077023 0.7554585778803317 0.7239251009468722 0.7270407373212449 0.6861078774561447 0.6560541071366967 0.661708687954527 0.6530626318022895 0.6579443343683162 0.6561210076410224 0.6189115010068825 0.6173226886245295 0.5733302028126706 0.5612890474327985 0.610420319372682 0.595696451182181 0.5907874284007291 0.6191967634539963 0.616475400660275 0.6397323719278809 0.7001124310251121 0.7330425388046734 0.7039554200828396 0.7237869654889347
0.8907789165845003 0.8419353721847442 0.8129401183704227 0.7898389111377893 0.8127743910876406 0.7948711636536155 0.8110634553447996 0.8186385558616558 0.836596348909846 0.8517835892706228 0.8373990784039916 0.840867787658077 0.8462092571310907 0.8520575418791232 0.8557181515975755 0.8409197911785614 0.821685182224668 0.7774755715341457 0.7592311711619544 0.7678203427723195 0.7655790887028782 0.7119457646145898 0.7080706818310072 0.6767028436194289 0.6719392284545516 0.6680038141644041 0.6542485460612377 0.639157181363348 0.6089447603996191 0.6066722163358276 0.6047915260119965 0.5791377725490904 0.59610811988278 0.6063828366292764 0.583273718864081 0.6142884442168477 0.6419439523606205 0.6362526967879213 0.6622378822111099 0.6784809844920963 0.6988023917957614 0.7095481688261747 0.7232281278879588
0.9194975216173643 0.8642572974897283 0.849620439647081 0.8451565237183423 0.8393076407859177 0.824589073127166 0.8148672649502385 0.855898601887854 0.8688821326178976 0.854144140046779 0.8913583418814706 0.8421489500626697 0.8415733626886464 0.8414535133180221 0.8654115368533885 0.8719531740579068 0.8536327524816725 0.824308440172697 0.7704806114315714 0.7539950656401251 0.7431318453689636 0.7433052394582297 0.7050560562774849 0.6936590078449676 0.6719055532924488 0.6586304645425791 0.6175304272449965 0.6135519094601657 0.5992028227939722 0.6165006328035568 0.5888546147643315 0.586763664870135 0.6008661177782777 0.5717033958635 0.5894195857821843 0.5996509127751378 0.6225765670891031 0.6436589779587155 0.6580124839719774 0.6915751472958763 0.6959415045978109 0.6903331812970166 0.7159887248826271
