Raster_benchmarking/Raster/continuous/raster-131.asc
NCOLS 100
NROWS 100
XLLCORNER 1743164.7165043224
YLLCORNER 5469290.931818535
CELLSIZE 10
NODATA_VALUE -9999
[rows 38 to 56 of 100, columns 0 to 42 of 100]
0.6329310184406624 0.708204131367192 0.7072410764924552 0.6866644561418787 0.6553145642584309 0.6570791358451104 0.6563585233673942 0.6707636297120767 0.6859829305696075 0.7055692899197119 0.763271966742056 0.8065718761047874 0.815889183902981 0.8527756976417787 0.8468591764837027 0.8630225058732042 0.8652545430040895 0.8869210018037522 0.8692416509325015 0.8795040890205381 0.8312002850706682 0.8053965184112587 0.8084903818174796 0.7779298468590635 0.7971750015322513 0.798191728845861 0.7387369872345027 0.7723954126001162 0.7491031498702301 0.7706596588142158 0.7222902761090618 0.7385143240793905 0.7303436272865742 0.7374969151633646 0.7211662705202704 0.6673153779406692 0.6849619573325321 0.7269003374655574 0.7042240710597603 0.6719206290578517 0.6832723212527176 0.6938286710058553 0.6892937451928693
0.6022578875629085 0.6748939597860866 0.6326448581365327 0.6405449360323481 0.6602982775282296 0.6720842971482459 0.6562681025043793 0.6415893836122856 0.684343858704284 0.6789056034752633 0.7103405689987137 0.7804367840613917 0.7747708126608638 0.8232178123833522 0.8207364280970614 0.8865677345196455 0.8966088677459545 0.8860588643893562 0.8782196871804724 0.8457500403185791 0.8071301434352426 0.8268991744921574 0.8169312114777465 0.8435964171507836 0.8160578838039863 0.8149719333512614 0.7470998393918682 0.7526020587448262 0.7535582943284002 0.7512427931452522 0.7098768032642481 0.7035029725836282 0.6978126719658434 0.7218064800385738 0.6851555567327224 0.7034127291026755 0.7192332087157364 0.7308134479362818 0.721893275874772 0.6688842755898399 0.7053099811642484 0.710325220723862 0.6841790470977533
0.5765247074335067 0.6227050768558787 0.6138445374934157 0.6147827067236398 0.6327676536313785 0.690816751505468 0.6821569117559727 0.6741625473383072 0.6626437848427227 0.6803081922094828 0.7348584415615388 0.7775508249483012 0.7649523586826062 0.7581574298647632 0.7914318289206205 0.850575903959869 0.8653031083598742 0.8723966604796471 0.8627369902697319 0.8420801862398346 0.835177725538253 0.7894584764736824 0.8142711912643492 0.7884508120715458 0.787340729913583 0.8231004103910858 0.7906997486888759 0.7242859079970261 0.7429267395212074 0.7649120822088508 0.7624877841866864 0.7562709054210248 0.6978931961458947 0.7110702633448243 0.6745551923210853 0.7085541293926505 0.69037674052403 0.7124118698330382 0.7128141116770322 0.6453433244975713 0.6547803321510397 0.7096295093195264 0.6945556680258689
0.5336594842328404 0.5796469718546344 0.57116380967358 0.6074860264876015 0.6631447750192273 0.6981418093722206 0.6934102503342765 0.6918262176437234 0.6840627486481242 0.7102712976810526 0.7251041772328297 0.7990269572511771 0.7619372002851864 0.7606940481814696 0.7936232874633187 0.8187267320866616 0.8427657460931988 0.8083225047668297 0.8117913701799083 0.7954434902521835 0.8118102232353142 0.7608055845071908 0.7999217284459784 0.8046880895630477 0.7634600848522721 0.7800758240055691 0.7853163564668095 0.7277689734123124 0.7583983113795758 0.7757595971805304 0.7527535453173361 0.7516197497275048 0.742586070993645 0.7150671694151689 0.6968598869352671 0.6791713065512154 0.6938448441226662 0.7190127237251533 0.6726313137901652 0.6606542163172132 0.6338935221111356 0.6794875547949444 0.6545006693629819
0.5348273225360081 0.5666921175586518 0.5670182855903967 0.5659024552769628 0.6464055751016458 0.6468710492885029 0.6912227418040411 0.6874680148178249 0.7108210412852153 0.7410869892650481 0.7265447051260753 0.7615075309445836 0.7488731338747 0.7759226278943946 0.8277825527452788 0.8570843556374925 0.8541803269429946 0.8499583862159013 0.7911346259461615 0.7437824949684736 0.7669615779914241 0.7498876267623701 0.739667491574033 0.7483751395478467 0.7537704217158072 0.7510286702701847 0.7868663928291458 0.7720868079545347 0.7989969224528142 0.7512731675236805 0.7460635074791288 0.7433114332411007 0.7138263823087486 0.7059070280269673 0.7093895278581739 0.704658033693092 0.7316429758855572 0.6942494883685213 0.6861438942267752 0.6629330095143291 0.6455134956195374 0.6664492894533997 0.6783040831592694
0.5562387055530136 0.568529547415404 0.5778222423762507 0.5662322672689419 0.6031487414480038 0.6393221028626763 0.6848130338012285 0.6805302927485305 0.7139682677295348 0.7457251141038133 0.7276334245664926 0.7546112526315321 0.787884735960038 0.7914628763772021 0.8173297271856744 0.8177638666186602 0.8077864261958957 0.8614847101924765 0.7847115005261627 0.74428044037578 0.7462976592167767 0.7215781882131751 0.7133426228082489 0.777171539277802 0.7339624720599776 0.7598429116123676 0.7598556368406887 0.8098372610107418 0.7701389388905342 0.7755268329708715 0.7717716266712 0.765744960095397 0.7561955230590925 0.7043118175287039 0.7002818373624725 0.7123757960212143 0.6960466259423821 0.7066697290960774 0.7135084271610799 0.6930659794166021 0.6812862435453225 0.6436510936856922 0.6643265297807053
0.5505514925556521 0.5759756360708951 0.5713501235534457 0.5811793238345384 0.6123839562737484 0.5945888231763257 0.6155322741784399 0.6455381380691748 0.7050577989297957 0.7297688213842788 0.7350788881054783 0.7821590521864816 0.7918565464483133 0.8128902582845484 0.8223358046631064 0.8405482473735637 0.8023762950546827 0.8008432138916246 0.770882520764387 0.7755047162055301 0.7674295388127361 0.729055692585172 0.7321224683929555 0.754439550352892 0.7651065387122504 0.749467012505595 0.7811964985122335 0.781450643165872 0.8058515788362028 0.7760590355436833 0.7456493304251192 0.7286454135034824 0.7461247165116779 0.7414872391375256 0.7627439338560115 0.736168187488621 0.7421603345026295 0.6814523824889588 0.6867323599343725 0.674951372127534 0.6752821470384354 0.6342430318353174 0.6518655754798008
0.4859799210114331 0.5393947076576713 0.5558872536401324 0.5531793290674802 0.589834223652806 0.5975825548124541 0.6133052817384369 0.6466406949043931 0.6424920855965782 0.6433747066485923 0.6997935388536869 0.7343908065771769 0.7547500009427042 0.7658443891035547 0.8017956629335986 0.8036528707164071 0.7893390830945732 0.7865700349155735 0.7867816739946651 0.7884835543639966 0.7595760002241324 0.7328431322104635 0.7871790307301894 0.7737485088915304 0.7590914534700582 0.7948178301762077 0.8008344508105311 0.7709019329353106 0.8043410263662335 0.7920629185654877 0.7324747969371023 0.7169328919880193 0.7606606629970889 0.7860122799135394 0.7562276799304767 0.7597982375787701 0.7742470643640276 0.7097076299809518 0.6961643231077971 0.6885774717726424 0.6635095903918283 0.6806867357848388 0.7003523272377343
0.4860352081136455 0.4676766454043862 0.4993526432378934 0.5608637143591582 0.5406546813630888 0.5753779192829964 0.6264992205496037 0.6443154958031644 0.6435787365474206 0.6177565595365034 0.6568411629356143 0.6888269123810994 0.7387382158206793 0.7529476884334139 0.7649716988098312 0.7889327093681112 0.7792514566699789 0.7860442371030119 0.7525097886622494 0.7479879185341552 0.7756387330290401 0.7465455410746327 0.8040376352954214 0.7818642209484452 0.7946646689119997 0.794592863124747 0.7739733584536034 0.7668090493683074 0.7781975423533156 0.7484403906672019 0.7298094309936456 0.7295301185915447 0.7877857589812196 0.7904112189171882 0.7818269913379965 0.7912002646456008 0.7926482316489133 0.7621743373159806 0.7472488817659101 0.7494199639825011 0.6911927228911363 0.6902281934132733 0.675690411528999
0.4509461487036285 0.4452811777425266 0.5119990671196674 0.5436010613824728 0.5369031011553534 0.5869404090360026 0.6116877013212844 0.6546411042530343 0.6715282129586867 0.6367363171677713 0.6770798184907854 0.6562059246303661 0.7119936333745247 0.7339729683141731 0.7154901780526304 0.6978976614905409 0.7140714013115351 0.7588617763911091 0.7427222896149075 0.733307436782907 0.745406852786189 0.7951167599251961 0.7761116231554531 0.7999467056873945 0.7867852728018914 0.7456086122334078 0.7624420183740586 0.7901791706595008 0.7741890235077487 0.7167390487531323 0.7287771416404539 0.76983568704814 0.7633691896825897 0.7955616765965646 0.7869439896916163 0.7746916896008168 0.7692450475485335 0.806311516226121 0.7696588201625504 0.769683920449953 0.7027181420046519 0.6794446056820581 0.6794673694151079
0.4337841654397955 0.4809743289447368 0.5145330300002267 0.5653779598438678 0.563975402447137 0.5375345535188168 0.596436214076104 0.5943989208075682 0.6584524847116867 0.628478935096454 0.63858639778285 0.6503793596240137 0.676290182354064 0.7358617126185895 0.7095087415649217 0.7142638641116426 0.7016090763010466 0.7108827187267769 0.737394836953209 0.7502828663439856 0.7454917933564243 0.7396055679020958 0.7599537247211899 0.7536459186965979 0.7670477722597607 0.7553994628798649 0.7474320826121491 0.7870561189659591 0.7698238467507285 0.7670013819283585 0.7602551468993238 0.7720976576771021 0.7696785911885001 0.7707320141383003 0.7828582145389505 0.7609039749594861 0.7630843051515886 0.7526349245936351 0.7149009125089795 0.6888836016301895 0.6858635739852386 0.6911962869630626 0.7040505261489257
0.4587474653499162 0.4706614985652595 0.527897172492353 0.5403657413063004 0.5384122099691294 0.5258982115355596 0.5633548191014092 0.5630261424821775 0.5942997496008309 0.661372807781463 0.6249844496843755 0.645577414753271 0.6646078637951105 0.718253797977054 0.6852680723554503 0.6687642083381484 0.6891119856407022 0.6678331471012394 0.7082434038478621 0.6725627339124142 0.6797683261784666 0.7264822511817702 0.7594029679912282 0.7675963254064707 0.7591074487662998 0.7158839766062312 0.7137567550127949 0.7538536567615393 0.7679565014138799 0.7769898596244771 0.767072192435966 0.7397822744112723 0.7720305004636308 0.7701014570981055 0.7647599569126972 0.7634374470413814 0.7199434558386496 0.6945322434153823 0.698664320278757 0.6993942297178307 0.6926516088893625 0.6735652004513464 0.6725399892278315
0.4738791558191532 0.5257875602354967 0.4950419648339122 0.50870636774803 0.5519382054996077 0.5554598626587146 0.5640871022508505 0.5582678672348581 0.6130748043597458 0.6445851747361012 0.6644054396027954 0.6500652845497329 0.6390339857242919 0.6490643626632799 0.6661735560340807 0.6627146863279676 0.7086233834341539 0.705237921000844 0.6881826470400384 0.7177537795996428 0.6935777092840582 0.6692964531763445 0.6961497928078394 0.7221644448388979 0.7564860388349854 0.7058349158690796 0.7594725972377441 0.7829961589794335 0.7959046922101469 0.7866517101470933 0.7552686516950425 0.7634721539146346 0.7798692977455227 0.8033175556465547 0.7616388069409259 0.7351348264592422 0.7069348601168004 0.6879543679939313 0.7012094762558023 0.6844154719667258 0.7005487198543446 0.6628259224424169 0.6899616611786847
0.4728935538291082 0.5464373527489095 0.5040792690389114 0.522595391543256 0.5207654911805965 0.5387197748593859 0.5574754204557703 0.5638993190397473 0.6007288676095413 0.6326618620074258 0.6601491177920235 0.60627649017462 0.6134336321020709 0.6524664870858256 0.6811791699023426 0.6847907922716651 0.6832219453483892 0.6943012331865245 0.6912728828085506 0.6952396906144863 0.6498101687173443 0.6270085646042693 0.6902572815054312 0.7246690685694506 0.7379017446824881 0.7088969060226267 0.7672644183923519 0.7828886661497536 0.8149553418962349 0.8143967904358784 0.7915134766851257 0.7385838462166545 0.781055766487671 0.7950873374236289 0.7868333050340097 0.7217776819087058 0.7155653403685561 0.696498827902686 0.7266290725212963 0.6863782015840979 0.6933137328814108 0.7060403201194889 0.6997809806742672
0.515609331366554 0.5528903880548642 0.5421832426840453 0.5292738357652105 0.504006513111491 0.553786156414069 0.5793953783955844 0.566296461349017 0.5781941460083339 0.582688546098311 0.6173896848797036 0.6046772678824522 0.595066642681748 0.5844051054619976 0.6252640192466691 0.6381469496808072 0.640586365871338 0.6702994208025117 0.6797631631133911 0.6743141579407136 0.6336263033701245 0.6307503513814906 0.6213029266145109 0.6438836060588735 0.6632514998452925 0.7212744581599173 0.7413740364295313 0.756609888578125 0.7450772142580669 0.7830095245329013 0.7837622633163664 0.7780441582479376 0.7752817167155636 0.7815728000710229 0.7799766354668263 0.7625107804638025 0.7296254611460877 0.7062017851159037 0.7183459718312236 0.6934052459127055 0.6623380806683735 0.6812970079340868 0.72954605783933
0.5203448399555082 0.542938950183091 0.5079244268742877 0.5276938534175051 0.5484884785137688 0.5372399852049344 0.5656364983449258 0.5651075527396218 0.5302017607378199 0.5914991947082966 0.5581015318790679 0.5578904336722587 0.5573334663223518 0.5030309056359508 0.5183039255452581 0.5798336197845113 0.5796793299787523 0.6161535930128453 0.6466257728604876 0.659539738456582 0.6110290074746709 0.5945585724070692 0.5941678014332434 0.6337113992786244 0.6836009057576226 0.6894331772218257 0.7156247769007538 0.69822694605112 0.7217719545485032 0.7777862091069446 0.7898771920335531 0.8055969693070897 0.7700273384023368 0.7910915833094057 0.7765018577082528 0.7862891044522673 0.7506673145617797 0.7331563400724274 0.7235734250347338 0.6949076605569136 0.7144648751914171 0.6726571188638758 0.7258945591996198
0.5009319880523848 0.5166367803299065 0.49666766098530085 0.5187389418876271 0.5274292741200111 0.4901834563557086 0.5178387319152261 0.527759590800786 0.5043165031968421 0.5349267329462187 0.5467394188241588 0.5404711141991173 0.48111588479666406 0.4613518898991509 0.4815195632516725 0.5504708975868192 0.5644157109900957 0.588841251644347 0.6127564265882578 0.6362085114837609 0.6209773966083405 0.6265331501366537 0.5865153843925223 0.6281246830008471 0.6539370544265203 0.6572500942948144 0.6574320288833402 0.6899766459312743 0.7036546754595896 0.7159232837817727 0.7554557105110774 0.8117511601288693 0.7834710453299885 0.7975808250382023 0.7919118230184249 0.783670122458247 0.7352152842395213 0.7310282039005553 0.6946308145776311 0.7156835216039344 0.7085792039965504 0.6771491290220715 0.7072635077174537
0.49635654063621554 0.46763760474961963 0.5095111626895957 0.5014148806825469 0.4713043124295582 0.4973924809897462 0.466013706407629 0.4875437136925694 0.46484845614949966 0.4696116336746558 0.4712872921674564 0.45579853901483364 0.4417401589503828 0.41227164147903206 0.42503232893805504 0.5066862426095889 0.500709904041877 0.47718178038372744 0.5461184277753396 0.5910328451919856 0.6187909754709988 0.6413314411081645 0.5885114687149456 0.568158409854469 0.6297557056879628 0.627698301182666 0.6393625913914515 0.6819342705148554 0.6708064179718577 0.6774205549792983 0.748007386723719 0.8003024515399456 0.7841257611949689 0.8195002377722448 0.7849129037003699 0.766919737789377 0.7522652124466733 0.6863923415850097 0.7016744258561313 0.7478097887053695 0.744919827941051 0.7319975737153562 0.7674789061837746
0.4529236179613589 0.48030694341183694 0.4749061931639232 0.49673762949258515 0.4771510093971473 0.4658824315466304 0.4703117319888781 0.4593285466018928 0.4466776398245745 0.42815321216394886 0.44564584556306835 0.41437262413993897 0.3980678341977675 0.4114707154795244 0.4110966112808763 0.45423693210954985 0.42810372726107837 0.4339837870414272 0.5084512134645408 0.5443728863774941 0.5347536305994696 0.5870985380925714 0.5693444364893577 0.556145711234171 0.5732379665929546 0.6448641553410027 0.6739701648868851 0.654963001064407 0.6739453883439612 0.7264069542755481 0.7419466201033251 0.7359201129976226 0.7508560443824109 0.7387419747713323 0.7554292475351456 0.7892883816003203 0.7276936795985212 0.703198755095536 0.704253858157364 0.7177329061948373 0.75272911246068 0.7379491947245278 0.7751229718360473
