Raster_benchmarking/Raster/continuous/raster-228.asc
NCOLS 100
NROWS 100
XLLCORNER 1743160.3244953987
YLLCORNER 5469277.601105358
CELLSIZE 10
NODATA_VALUE -9999
[rows 57 to 75 of 100, columns 43 to 85 of 100]
0.5554372602323339 0.5589870425202242 0.5947350024238814 0.6044538766889329 0.6357719097455442 0.675712014160146 0.696878931316438 0.7318871509243727 0.7566610494705182 0.7770404355544474 0.753370952355044 0.7827610609006731 0.8005458812780436 0.7877602261456306 0.7905561314766982 0.7627875459504162 0.745514472381383 0.7480154425004462 0.7612897445797498 0.7209396857999918 0.7649731983329595 0.7567422710305969 0.7679558954825582 0.8154601369552322 0.7972085129646579 0.8214199986038558 0.8273135371397583 0.8104692530390407 0.8190469954447925 0.7891171231422281 0.7846584721625667 0.812805937914546 0.7999805961958626 0.830166548032635 0.8715460909950841 0.9168117879262715 0.9101290142273704 0.9426068124448126 0.9412024613960666 0.9520263198653481 0.9241327682730088 0.9241442394590997 0.9380806029535032
0.57208031207571 0.5810437686036305 0.6011596587059953 0.6281238449873588 0.6386603539150789 0.6672776866740369 0.7007763599899036 0.7075407766375349 0.7184478282071687 0.7494072754520297 0.7573136447062543 0.7642784745397286 0.7725030786970944 0.7737853886460841 0.7913552051075602 0.7933130192275024 0.7571574620700117 0.7654586353263266 0.7626214922402081 0.7459392873105877 0.756625128787721 0.7754288961814503 0.7991749586772856 0.8434321453961733 0.8360839642179455 0.8297162147394851 0.7969975800574245 0.8188995978902682 0.790937903106143 0.781667015799441 0.7929683348871053 0.7944095980983156 0.8166307762267373 0.8463204986868451 0.8933939376183438 0.924159456499222 0.9359242048107302 0.9610369358341863 0.953644328959702 0.9169332886818614 0.9232211563867465 0.8980450028473199 0.9269240758243612
0.5596016772379746 0.5748060752587563 0.6059962979455239 0.6279667536648655 0.6418258427468551 0.6720107595898736 0.701377156063696 0.7146848161378624 0.737440456113185 0.7258482875549135 0.7634732295167131 0.7858242723410338 0.7938779154640643 0.7926255926945539 0.7978866580169326 0.7773801330610328 0.7696964488812318 0.7957827179379671 0.7815657230850187 0.7661774783787973 0.7818549155110429 0.8124612188590616 0.8053032976322024 0.8414899236503892 0.8581876329358068 0.8430523141568997 0.8031269920806063 0.7967242158771852 0.8128760715929 0.800449392915776 0.8017609808600997 0.7879565231540815 0.8152057329545541 0.834809765939459 0.8734450628643639 0.9062966395383294 0.9019651119865216 0.9307087508068229 0.9031187927949137 0.920905401791827 0.9119795104370009 0.8928966922665672 0.9017007674131692
0.5586997296475982 0.5716194642572942 0.625939765262206 0.6377230300344412 0.6634315437851219 0.6752464786917349 0.6765945497862125 0.6848659938413644 0.7186245338833545 0.721440324161203 0.7746492920237791 0.7641731834801286 0.7907120055033823 0.7812552884852341 0.7761348347259933 0.7598506145850419 0.7731451196551548 0.7816169854464687 0.7964489441102689 0.7779103311519477 0.7885608777291169 0.8089786748411998 0.812451136303996 0.8222020335406113 0.844748293212369 0.8159237922648354 0.7899824461022151 0.8001861158726711 0.7803507758971628 0.784621712711343 0.7963122547303436 0.7789139295768671 0.8275740852490548 0.8527686611500572 0.8517567841315582 0.8688816753926464 0.8967327616996731 0.876564954848265 0.8923820349094846 0.8979935517170626 0.902085426985228 0.9014131457226753 0.8965790793347801
0.5900409946008425 0.592864527967055 0.6286400572741268 0.6246180136825379 0.655099357370535 0.6548865830306853 0.6845208185931556 0.6844902350143137 0.7231251533018221 0.7376523352082602 0.7825775589794441 0.7921206376779488 0.7727770077601689 0.7870499751417512 0.77981607664103 0.7716544854915737 0.7694408776034654 0.8090398890243694 0.7849151523392262 0.7954100432122356 0.7854756692918706 0.8177173034489993 0.8233727785974976 0.81807491352596 0.8034301340471172 0.7961944924871323 0.7888515796397928 0.7730857817684192 0.787146707160883 0.7635867083469574 0.7650810365151822 0.790313006361421 0.7923009409024161 0.8132549406800532 0.8515541908438139 0.8679319853648726 0.8572483984364262 0.8718992619844538 0.8664451958536072 0.878928400238872 0.8825223209880213 0.8805560521530351 0.8898944303514147
0.57958934362737 0.5841121714681499 0.6022433523502345 0.5859658229726097 0.6185524081598678 0.6169208953143372 0.6411218249917092 0.6660009968111446 0.7009847400163879 0.7400249610978429 0.7538709685635813 0.7777675362660468 0.7926772115766536 0.8061294215265172 0.7917936137134488 0.7602843776903327 0.7940769189181397 0.7859456462670348 0.7953408503434714 0.8354782883353243 0.813999206821332 0.8041256661554855 0.8272495194047187 0.8179058552608602 0.8275592864222562 0.8173201434102366 0.8030522221965921 0.7991375583907622 0.7828756872583219 0.7501571092106608 0.7710380055157057 0.787892313685645 0.8077516666054049 0.8170816010968744 0.8191584669168089 0.833882673906067 0.8371984097454179 0.8733420229729505 0.8652986127816901 0.8443470179629435 0.8763495633790862 0.8720300297223541 0.8993459828895479
0.5608253463865137 0.5880055488875845 0.5642004385237331 0.5457713291553625 0.6019570843031665 0.60836233272215 0.6458218726059326 0.6596888955464757 0.6870880420113502 0.7367928349346545 0.7660242520873703 0.8194907694489317 0.8102265016342708 0.7723879585538593 0.763438440106623 0.7650433955106207 0.8044644047061164 0.8044641616059025 0.8040255869051305 0.8576420198249903 0.8196699885510816 0.814732081617949 0.8361209930758274 0.8462265429480925 0.865024832291742 0.8532908251222387 0.8327515375920975 0.8043670001235212 0.7915018174896444 0.7680234212798123 0.7703045428080101 0.7887831747729095 0.7940637928790855 0.8218146222853485 0.8215580031242459 0.8054637692604125 0.846542901377846 0.8810608068353432 0.8534329141528346 0.8415029933494957 0.8548336383529648 0.8749236182998151 0.9206945013351224
0.5553778187158135 0.5722495763822978 0.5949014755736324 0.5940810916308329 0.6159822129746726 0.6322900731948495 0.6671493722472537 0.6644643537246406 0.6945014830884477 0.7459750926198728 0.7757286495695263 0.8184192415693219 0.8046976106683696 0.7861307146239317 0.7625526604198656 0.7695934952537328 0.8146476544661461 0.8003053835588654 0.8294903154530795 0.8593259086372764 0.8680213208788785 0.8618489791764359 0.8435277280135602 0.8640749203942589 0.8544857890426717 0.8279753700512418 0.8290269210775231 0.8156489959163804 0.7934462649324381 0.778717764273074 0.7966190084930387 0.8012195537927863 0.8055458427247099 0.8182833841699082 0.8173254744575811 0.820262611514112 0.8475577711510561 0.8732194095104149 0.8870444771873234 0.8775015289337199 0.862292775520797 0.8680543345514956 0.8951733621582206
0.5563082389002337 0.5627779079359655 0.6064390361735682 0.6178235545327813 0.6122320281531096 0.6545685469438971 0.6564438390839921 0.7033227156698244 0.7299192158003668 0.7582274110144788 0.7800571836901563 0.7964934466168236 0.7900179590509943 0.780186332075564 0.7723861438419392 0.8071654713415186 0.8064142520312705 0.81068368382008 0.8341540987430505 0.8476193416702976 0.8770921902072876 0.875197963632568 0.8549169871031912 0.8495161863726357 0.8689893430390294 0.8482648809234324 0.8455965850672038 0.8185075391498012 0.8313659905069329 0.7965769844577204 0.7926438856649478 0.8193095122734456 0.7915679457414568 0.7990359627633353 0.8353485716474672 0.8291156736189179 0.8763137083497742 0.8909948214915938 0.8677430760912997 0.8506205664598665 0.865798896547047 0.8812045977172459 0.9058007589784405
0.523160478865091 0.5617529096840914 0.5976328726870463 0.624600863973351 0.615861056026548 0.6717230292170595 0.6785213215948847 0.691737437757888 0.6989154063389573 0.7441123479438364 0.7742428283594741 0.7758364965763034 0.7675815501444923 0.7724670665377559 0.7731508497102035 0.8257630126114583 0.8287296562530396 0.8434295107586333 0.8505677211902253 0.8583951528336483 0.8471115775613863 0.8268169242093597 0.8358103536011623 0.8595238884192371 0.8693809575872045 0.8699429636592226 0.8631885055461869 0.8313340688293439 0.8375707019079205 0.8376173676095487 0.8325113262683157 0.8272319141129296 0.8087969101691219 0.8278403733080294 0.8575888679318854 0.8425592512529707 0.866877732535089 0.8871617722863012 0.8829009486860045 0.905443621035117 0.905737310331327 0.9203730784001738 0.9292178919599866
0.5550988403998941 0.5510555224335284 0.568827495069024 0.58361499200394 0.6047759035820436 0.654504139364175 0.678440243312001 0.6935927749786189 0.7223920724248686 0.7082190706569096 0.735946078875672 0.7595419159025308 0.7900208180191982 0.7707739928687758 0.8105194636941744 0.8141527859362822 0.827853831332683 0.8131247910236439 0.8403048955496429 0.8633463386487923 0.8662287419166033 0.8202261736499674 0.8418976851842231 0.8450433367028272 0.8554036342334831 0.8542706315837586 0.874001241417209 0.881844597292367 0.8733200522964971 0.8696788657999053 0.8529249886832103 0.8508711126371872 0.8546515792405219 0.8413503936708446 0.8484236437972161 0.8764909740000211 0.8799389162127119 0.8780148784129626 0.9019485945729235 0.9319599204061703 0.920613621797934 0.931617833601752 0.924360480542913
0.5704759895383203 0.6036902426175214 0.6090730590402963 0.6237008283135906 0.626420647338323 0.6389759129024478 0.6663436062193068 0.6994400109502863 0.7135277941691047 0.7551368857720719 0.7578382080174141 0.790816156135157 0.7809309521567471 0.8024519083450232 0.8062813709302418 0.8129356007163101 0.8512303116061226 0.849942898912788 0.8449839846499508 0.8696087427953613 0.8500301645175549 0.8215784377238058 0.8404358162879213 0.8644986783220137 0.8469227771484686 0.8580300766759523 0.8814406593122254 0.8967520657506033 0.8901319385054686 0.8811382754408028 0.8620624075512724 0.8592334933776349 0.8411243772763499 0.8582908034929687 0.8759020148017079 0.9126990308639878 0.9065991030608475 0.8973701570157293 0.9050262183077906 0.9138599959189486 0.9343081179676214 0.9325661812224313 0.936777075595984
0.5752404881528798 0.6151574764065147 0.6238636791121132 0.6061205266834362 0.6560709636622549 0.6915923185574845 0.7031239298317207 0.6985232261898336 0.7150703586276848 0.7677585378130455 0.7974820763130913 0.8045183141070466 0.8095910956378986 0.7887021932425106 0.8025005547287296 0.8538155620773161 0.8350214571691058 0.8698257688542226 0.8377488372432017 0.836564780958859 0.8463754577506554 0.8047469079587962 0.826035306343196 0.8540067611263688 0.8557789952997916 0.8487194261700689 0.880673253763041 0.8622305241997393 0.8886900233130922 0.88742429165997 0.881369602241312 0.8660673667237275 0.864562740795224 0.8768901666818087 0.8861230168661306 0.9169465800844736 0.9199652474337188 0.8853121775478431 0.9030694239228605 0.901022062441474 0.9224015353769565 0.9227705762877232 0.9277034824210459
0.5995432154725674 0.6395352293246503 0.6346959695615102 0.6420368443881411 0.6597345469643713 0.6884808686947327 0.6902950473416432 0.7156100360902795 0.7460171229914114 0.7652990786423911 0.7846098595646157 0.7979426805408979 0.8241572092709039 0.8308604395106044 0.8335878066327254 0.8532587377005602 0.850862326250006 0.8349969678233721 0.815704359639711 0.8350949366105098 0.8426741281395126 0.829741460013412 0.821635386906804 0.8270910231640413 0.8360113096388595 0.8317866055127963 0.8574267873624207 0.8594405498330198 0.8573781832463159 0.8941837258701407 0.8812429403725717 0.8506078902751488 0.858861683339355 0.8642774793219128 0.8856103890624459 0.924917349890209 0.9206148940791528 0.9199351149562169 0.9084456228120937 0.9047114162644103 0.9311060995323851 0.9102394529785752 0.9151611116536132
0.6096079827493894 0.6265619959052295 0.6224793493261996 0.6474703739863268 0.666985941634033 0.6692474755150754 0.700000672471942 0.7201225983624205 0.7538075253471797 0.7557966401934189 0.8013882714684586 0.8195930410013591 0.8492630043590508 0.862318542437492 0.8769032605144618 0.886131016954877 0.8399611957012849 0.8202287856690612 0.8192998636238891 0.7998268205913209 0.8143107113414803 0.8450699582906985 0.8276297861552653 0.7961576643002736 0.8262190770414813 0.8039888913597297 0.8516822355385069 0.8468371364867846 0.8803167005257491 0.9067315440139341 0.8910308413680013 0.8438562148151664 0.8786492778322588 0.877501267219699 0.9071053938010295 0.9436399043696978 0.9181247467380016 0.9219273432916029 0.9116600263650081 0.8926564554182647 0.8959264938529712 0.922008245241483 0.9140470938466942
0.5831927694430186 0.6100292797899377 0.6349676788336277 0.6609611672985686 0.6624678742214638 0.6854879622391231 0.6969948933586111 0.7143661409096291 0.7179952911472113 0.751245396481766 0.7739639786147363 0.8283508690752324 0.8203774086259892 0.8405980641060269 0.8749122424753503 0.8824665130941671 0.8658825244022494 0.8423538336059659 0.8289940402718576 0.8275236224337252 0.8380182503396486 0.8251674129525582 0.8298416039198915 0.8350638522396002 0.8096357886634417 0.8205303450561579 0.8413300380845798 0.8759259861931051 0.8672152074563937 0.9086483603118943 0.8917989900475634 0.8803705494501104 0.8627297572528242 0.884296381517001 0.9072695590032851 0.9272165780052235 0.9054121764448068 0.9204366532413999 0.9073964958097779 0.9165211879476545 0.9130983642759017 0.895085113432557 0.915648074057873
0.5774802384797312 0.600454702552275 0.6045653312075354 0.6266426455327653 0.6696355281099617 0.6703731467012738 0.6766144058256722 0.7182226921783617 0.7336161721461306 0.739637553292359 0.798734711656303 0.8220729445800189 0.8132730000191375 0.8573467822474916 0.8760386073432975 0.8801994821257781 0.8817991008093045 0.8278224316777958 0.8719136197786428 0.8839777817069404 0.8730436388437741 0.8652968467764737 0.8294006263341525 0.8358938029572326 0.8582584002592966 0.8651974996728315 0.865103650586537 0.8747800653870493 0.8775854725078001 0.9216749340563133 0.9054404242830055 0.8964666104488853 0.8797192547247351 0.9191996956225229 0.9338524753265302 0.9155708866150797 0.9042950914259693 0.8958301505256533 0.9282761657537959 0.9130562237879466 0.9238253285036336 0.904180558352914 0.8978418299576709
0.5697149619433635 0.5908480173569013 0.6112922237027063 0.6404731962537428 0.636250716906718 0.6716934233707802 0.6872327257947235 0.6956345936462295 0.7112479654404184 0.7329754069408663 0.7785723079578164 0.804689743605834 0.8165520890827384 0.8274519254596446 0.8458461879489644 0.8783218105002936 0.8796564635358929 0.8618691988480617 0.886083829887655 0.9060433935850748 0.8907380654899322 0.8830156233368549 0.8614131620702506 0.8505500579090463 0.8469382340728248 0.8789467645201618 0.9006639773937511 0.9128641660235066 0.8955852875768063 0.8958349645657845 0.9019872970209161 0.9265535618976428 0.9138454660212721 0.9392231464596905 0.9334081181576759 0.9190994007291715 0.9037948457432984 0.8921976387007385 0.9117524378946698 0.9061252640545618 0.9163092969815727 0.9010033754405267 0.914271758329066
0.5347152714770914 0.5736349614966696 0.605385101819365 0.6197981451670466 0.6176244556109194 0.6854623620544072 0.6751125413920323 0.6997264893942223 0.7187023850264764 0.7229494985153063 0.7737155841202756 0.7895813903186522 0.8323730937427962 0.8530783935207289 0.8579260593722224 0.8672321191414241 0.8875321282485057 0.8767565806633937 0.8659611880003361 0.8981064567719811 0.8700178918518378 0.8759903928037522 0.8744700395956267 0.8508223363427592 0.8677213887616455 0.8732982284284528 0.9163123068754874 0.9340679053856377 0.8997847696822941 0.9138054460558271 0.9107449538835302 0.9519786382178803 0.9304049361037712 0.9408516711533491 0.9430003163776879 0.9462915003600768 0.9138808953595227 0.8873783765161717 0.8793045502310316 0.9033066577930644 0.8809272748558661 0.8780722010841093 0.8896714622645036
