Raster_benchmarking/Raster/continuous/raster-220.asc
NCOLS 100
NROWS 100
XLLCORNER 1743165.7820805127
YLLCORNER 5469280.332775563
CELLSIZE 10
NODATA_VALUE -9999
[rows 19 to 37 of 100, columns 43 to 85 of 100]
0.8272700035589778 0.8534240770188426 0.8406996824379338 0.8616558661530406 0.8700386414927161 0.9203518940769596 0.9206349224328119 0.8660382589169429 0.8639186994483281 0.8687220374287655 0.8691690864659865 0.8886767122702827 0.873017792957938 0.877782582814929 0.8927309518384423 0.906907704488606 0.9156646522271557 0.9036591727457188 0.9027695889122518 0.9078547249010068 0.8898633755950017 0.8543125228801475 0.8135555503234432 0.8064185078001568 0.7971921061117269 0.7813956655923311 0.7534415495969728 0.7896513337174557 0.8126094992697905 0.7848991996661385 0.776170395570814 0.7541245946915567 0.777193855295204 0.7744463821420927 0.7773441086412289 0.7520668347458169 0.7832638958912187 0.7718668620473169 0.7179923777164197 0.741121390334459 0.7983437822732203 0.7981140218849009 0.7975005924202687
0.7642949385858742 0.8269523155548993 0.8978550513746032 0.8594299071137649 0.9253230852517305 0.9311922733491685 0.924473007699202 0.8977016412746194 0.8606425847614513 0.8764129873430583 0.8788088929283876 0.8994116206442253 0.9005876171583377 0.9063199742967116 0.9183154656693285 0.9098995493363429 0.9385892398547404 0.9387431384682217 0.9100861165811229 0.8984198757847185 0.8893268231052287 0.8420981555067099 0.7698077378425808 0.799666398055149 0.790293213411566 0.7880086546287831 0.7546928346385441 0.7599863236885047 0.788232644110004 0.7590253409812946 0.7384640808245735 0.7223303013397657 0.7703823771080741 0.7583967186827693 0.8042185893689483 0.7957599142147423 0.8019683074532268 0.764196533916046 0.7280343724930978 0.7684152487639371 0.792464319378063 0.7766540411492024 0.7629765058768861
0.7756416459026031 0.7856318847125787 0.8344397551661089 0.8411596409861549 0.8849930786461091 0.8707302558195268 0.8967253711323359 0.8765777038426398 0.889720448692454 0.8815659950949968 0.8907012594172345 0.9104505907318224 0.8952014754271514 0.9302426022107481 0.9318128441256934 0.9305314429723651 0.910183592732757 0.9281368485752023 0.9227625913767789 0.864314650284517 0.8733944757413012 0.8536058013980287 0.8149926961977702 0.797079259994742 0.7710267744311089 0.7353592316249329 0.7249237343869417 0.7462525448201203 0.7560379869686948 0.7658048617233069 0.7163850309205381 0.7031329942781963 0.72876873378233 0.7597634452059976 0.801653188147282 0.8111027343155011 0.810746398537658 0.7628962773561571 0.7659796015827774 0.7442884349894049 0.7532235648798782 0.7594221906762435 0.7461740959957087
0.7510601553519647 0.7951715156319791 0.8003342780111855 0.8142470029209281 0.843109137362496 0.8675896544864375 0.8623906836961005 0.88047625661627 0.8769634958281903 0.8926301542454759 0.8699269016432151 0.8840465904968333 0.9237074778247896 0.9251068005315443 0.9579393740638585 0.954627361360023 0.9122291508482403 0.8969673210181819 0.8902190711603937 0.879339880152291 0.8387610063808043 0.829866131576278 0.819477733137439 0.7925110853407757 0.7279562390352278 0.7192734320326192 0.727876599631386 0.7250122661116816 0.7455776015476803 0.7201515616402208 0.6943441359458206 0.6924564415431143 0.714497680269612 0.7420562851514872 0.7721051230529619 0.7624055628604589 0.7964927915292425 0.8053199647566696 0.8086796454792623 0.7866871328918047 0.7182020011930976 0.7464232617090275 0.774997555921861
0.7405174831948093 0.7446498310936027 0.7786515137205112 0.8310712025429308 0.8413108462874419 0.8121415740805169 0.8542680239650887 0.8764161119402242 0.9018547359627009 0.8694312719510284 0.8687073250884265 0.8917150892173549 0.9075653495851412 0.948410535225585 0.9449878537292413 0.930406734451252 0.9331965742194767 0.8789108136319417 0.8437305427955817 0.8285798986337172 0.8139635520309713 0.7996354836807971 0.8050656099328355 0.790152273682892 0.7377991206857614 0.7639108785614136 0.7233040813061907 0.7243467920735333 0.7399764124374197 0.7012498581155917 0.716221644112677 0.7231620673092894 0.7016457425578292 0.7307510299593047 0.7370116141703786 0.7565449449295039 0.7673251908934171 0.7943160558296346 0.8177150333354117 0.807843115796602 0.7566136904329727 0.7404677826275354 0.7493130215692808
0.6943967933471804 0.7662268447589725 0.8341821905653253 0.8034500974730268 0.8020677418806129 0.7981711775073921 0.8127411629996099 0.8787943846639925 0.9043846384761981 0.8798180128246794 0.9044942988511742 0.9210696125266163 0.9156434545407839 0.9284639750450783 0.9628014934723548 0.9448929478323521 0.9197496622288615 0.9053187414700438 0.849526445972292 0.8383100002745898 0.7990875063583334 0.7769324707279697 0.7886702079256611 0.7551150518278457 0.7544619527339446 0.741086314958465 0.7503063029972491 0.7576574665466926 0.7186848109002072 0.7341785297847429 0.7078175529924894 0.6943014930781345 0.6780743815540772 0.7091747234668958 0.7152332091739982 0.7429583537087855 0.8142116943636157 0.8182499982397449 0.8333994664832188 0.7815166511377583 0.7675375077084665 0.7567291380497845 0.7215080164588427
0.7137282269618379 0.7497716389795915 0.7782182618090518 0.77474535826352 0.7672785367217634 0.7922968425703034 0.7964746132499575 0.8342238900052221 0.8768163680475698 0.8879084131855969 0.9320425723663605 0.9523022577134741 0.9211553743588007 0.9364204151331933 0.9295932599644776 0.9451603389155532 0.8863297555904235 0.887627985107747 0.8776435289064068 0.884373222571525 0.8522570726833624 0.8237329531079388 0.8356896885029801 0.7808066725270582 0.7643098120006635 0.7201515865196348 0.7387535927112334 0.7365757737009979 0.7338774697177782 0.7437535284363627 0.7280025754082181 0.7305968104857159 0.7162072193842702 0.7172420169714507 0.7382362372133375 0.768220764338419 0.7888829824879656 0.8314676331928557 0.8225544228157265 0.7578333792245823 0.7274666987653021 0.7340238734682424 0.7425554402991364
0.6738485382096366 0.7410246677364478 0.7339087946150379 0.7547694310742263 0.7490139248846523 0.7725329824489264 0.7971483527038444 0.8466285102251812 0.8731642276074245 0.9041162083020733 0.9155112193021904 0.9409877271870654 0.9718877542692362 0.9332815121280188 0.9284973481044325 0.9501243652218392 0.8975550013110949 0.9280487707696234 0.9262904107339918 0.8754391865701409 0.8910911796078075 0.8518780457719398 0.8515636590178535 0.7851272744021148 0.7531845799059115 0.7244132364420998 0.7174593136337146 0.7203844033595366 0.7299270059331059 0.7254720688146297 0.7518221698641883 0.7134659854672444 0.6853240601082158 0.7349418704288903 0.7442562169736413 0.7908230658587454 0.8008776564640218 0.8043191627459182 0.8106850019150232 0.7576082553906405 0.7196841515973786 0.7231786636220001 0.755833009791097
0.6651634171850936 0.7240966777540104 0.7153207344938183 0.7515483126351679 0.7736091838649983 0.7831283607386973 0.8142447869562426 0.826372537246098 0.8496762219323151 0.89382665040931 0.9211343420158219 0.9542208879013485 0.9805797320901122 0.9745660327238378 0.9582478604914362 0.9403172143408105 0.9039843825957795 0.900430378547516 0.9081517954124575 0.9043373874927646 0.8914155162587061 0.8550230624202327 0.809048081449306 0.7980846330202398 0.7792404191621596 0.782354495427526 0.7797254270650829 0.7721007404340314 0.7364991242768717 0.7424406747733636 0.7440418637374036 0.6965099406450883 0.6996059962395607 0.6965448698173891 0.733682371803557 0.7638536246871033 0.7917878252447181 0.7899309278189539 0.7525370963759583 0.736661259600796 0.7313276556787569 0.7260066525476634 0.765274279623313
0.6867077570991074 0.6801864133314479 0.6998528732526782 0.7590985974563956 0.7885859829899916 0.7946897676829212 0.824020707274198 0.8234809301563759 0.8650775990636712 0.905277995393249 0.91016558635992 0.9403343620391171 0.9781531534239588 0.9856022411559039 0.9575113861267845 0.9517480366678063 0.9046908586689552 0.885937867696562 0.9458600393142192 0.8879138169653874 0.8494569954257868 0.8100802537278062 0.8064505062463025 0.8078502665153628 0.8033755709473734 0.7819676508759437 0.8063615168676849 0.7616325314143751 0.7819302148440241 0.7371875823421117 0.7404888070073845 0.7088120389854692 0.6663971339815368 0.7130403273664953 0.736841147758255 0.7309711609211768 0.7663404176295928 0.7390895607577339 0.7663246189964721 0.7397627061941725 0.7073539196529804 0.7111143341617941 0.7328878328557833
0.6979995068860654 0.6794738303735219 0.6986102384932407 0.7263223205550486 0.7634842063479098 0.7610130287240076 0.7771836654596534 0.8042187839395706 0.8189804436740575 0.871999984072343 0.8836107507408121 0.9251201538270445 0.9280795873956106 0.9317388586548837 0.934336848375893 0.9211239067748538 0.8741705613564312 0.8862776006492683 0.9335212542658649 0.890801492542892 0.8333674696993225 0.8000394259084175 0.8013517659604478 0.7882677746816845 0.7559211956706696 0.7434063814728948 0.7638752107982761 0.759351958169496 0.7596833094072586 0.7184896548774329 0.6951963205162138 0.715579612002354 0.7050420017360803 0.7224531348589018 0.7442466465320801 0.705530942253158 0.6987285034762533 0.7094371294363926 0.6950127048306882 0.7211428075843797 0.6848621243692099 0.6925801230079206 0.6958454301123279
0.6910887059380085 0.7019768440988876 0.6873006973757174 0.7039216715499819 0.7306534005306661 0.7581957996902993 0.7731420139543499 0.7810203072803981 0.7963209662494894 0.8333811497105781 0.857091652925254 0.8668272656351699 0.9025570201140685 0.8984410153173507 0.9253540310988025 0.9021145293154962 0.8753124133326806 0.8860365710699728 0.9058447210164535 0.8610920604062545 0.8648950591070736 0.8153260618636926 0.7721164636045252 0.732963984204596 0.7193006772095291 0.7322429561159194 0.7311535079036844 0.7215807913639413 0.6876691359915407 0.7043738920355692 0.6899890435815614 0.6794979500574936 0.671954569170347 0.6782032663542182 0.7103859453049982 0.6988021811427958 0.6792499052280692 0.6626151507487194 0.6871659754016218 0.6626857833126771 0.6860526376598267 0.6730922986661159 0.734978450361082
0.6913707618785586 0.6548125256052726 0.6890643590652651 0.712634351528081 0.7291020128137462 0.7429117314139488 0.798835317296638 0.8079407426600385 0.804534606972157 0.800601857800066 0.8005285078533615 0.8378442988323719 0.8566391071609202 0.8989021982384475 0.8661641764477025 0.8849553224477703 0.8899080458288766 0.868404681182921 0.8700868723752825 0.8271249554127159 0.8352618585628524 0.8033333648211893 0.7575947388858503 0.7329651797207971 0.7308661371207339 0.7123080280834954 0.6835380807242688 0.6913220876030254 0.6651388463466418 0.6561477309261424 0.6397683207395486 0.6559863520235061 0.6924209126503454 0.7118129611342067 0.6785998684915912 0.6973212685698815 0.6328825183979806 0.6347398319494698 0.6475344734180216 0.6524907830505907 0.679732412643341 0.6831015015207778 0.7093174288303431
0.6971817628029034 0.6414315212118875 0.6454011147936008 0.7164103567724237 0.7282474702759443 0.7525674251212324 0.7955124244494094 0.8065799767039934 0.8316256297275479 0.8198860134643403 0.7785903768287723 0.8387616924887115 0.84316121042557 0.8395643272042113 0.8250183591214737 0.844106184308637 0.8340087261063349 0.8434363360209258 0.784311173999699 0.7939161385803993 0.7900617012955963 0.7676572363905849 0.7463083382580238 0.7301189597670772 0.7137765932566699 0.6935338677556631 0.6860282198161084 0.6722933439657952 0.6502775955722535 0.6381451765253898 0.6436332163457403 0.6361932670072447 0.6828776724737844 0.681247743701539 0.6945952704999148 0.6500168575199586 0.6092164487976047 0.6329432149272137 0.60035192139149 0.5916630339475476 0.6087674633219029 0.6311894063480653 0.6526891204127059
0.6619888481983387 0.6607487573500975 0.698365027387808 0.7069145511012384 0.7150986281142409 0.7322358349417027 0.7814654305933865 0.7842725746548539 0.7831218604299542 0.8069602650529154 0.7944290380796788 0.8364212746879671 0.8027433054134602 0.8347793127687838 0.7963406347261603 0.8135034294149861 0.8065910210516092 0.7846769852093061 0.7585838759872989 0.7569882253213561 0.7466858123643203 0.759006764015429 0.7249361960324504 0.7192025708543477 0.7013898671200469 0.6710324733889397 0.6846711055685497 0.6674106848812771 0.6736929771522726 0.651447528580745 0.6663255586564747 0.6438408950694298 0.660280809296542 0.6813213663097908 0.6463494474633359 0.6583431198624659 0.6230423868221974 0.6009167372550412 0.6082739231997938 0.6059840389637603 0.645568607350498 0.652504579142 0.6643224939247712
0.6503444678360759 0.6549216173061804 0.6989717879742319 0.7099904809708387 0.69009595036744 0.738313340704024 0.7311537986290152 0.8038506075131757 0.8020004680148544 0.8260512849396914 0.8414813788839501 0.8203358295856621 0.7955826365698166 0.7926816581222099 0.8080931019607928 0.8208068990047941 0.7731224254544048 0.749184046697104 0.7696264535362844 0.7522018259276663 0.7697616144362567 0.720172496902037 0.7206257418115568 0.7020487590829161 0.7148176335335878 0.6668792484738729 0.6700754042740485 0.6557495190526966 0.6481154615259248 0.6422464160263744 0.6324707978395537 0.6738633416717176 0.6844917236715274 0.6486280442362528 0.6563436683075379 0.6045048331673661 0.5929902479947088 0.5698705258549682 0.5738083044722323 0.6038309797787013 0.6574113422270175 0.6483865975190078 0.6681423216323448
0.7196598544993621 0.6924647370735755 0.7169900174516397 0.7311710676710889 0.7206225856864372 0.726400021338356 0.7519496790129462 0.800609271579464 0.8083663825315337 0.8277387711164456 0.8171786563739181 0.8346973120006982 0.8119047281385788 0.8294003013257837 0.8310526029276596 0.7940610339929839 0.7830290372445424 0.7649466010082034 0.734507085626491 0.7636644064598338 0.7311161700224988 0.7026634088495148 0.6823042176662923 0.7009976188804915 0.6850523882917733 0.6944971678514 0.6596242604692496 0.6468063244744072 0.641359367858913 0.6330231076602403 0.6801124763338611 0.6823927856832193 0.6840499391006558 0.6416392742591398 0.6208788877235143 0.5939668882063721 0.5879408694948028 0.5984393753233395 0.613059421694805 0.615884186842413 0.6492191471150307 0.6525211279443544 0.654438214486901
0.7423982169926332 0.7484418328503113 0.7321295547902427 0.7740119248538964 0.7736504833929184 0.7522931454620418 0.7549751183536392 0.8006459821614078 0.8105233063849725 0.8496249799559008 0.8645610791218076 0.8304940631104821 0.8495697734632477 0.8282390942740319 0.8211971217282367 0.8148611701218174 0.7617291105380143 0.7655939222592019 0.7389255862100683 0.7434476178206801 0.7412706905448742 0.6937715470096442 0.6610276842683103 0.6592410876918214 0.6509590085327027 0.6702003446855461 0.6552923087563414 0.6325977399942518 0.6092595055205279 0.6312952442277173 0.6725489600176606 0.6536698440680684 0.6528652256848151 0.6155424307785938 0.6042255052481279 0.6114375999213018 0.6100166862365827 0.626436561787755 0.6172057674176468 0.6447467600662274 0.6424285059783187 0.6085874761355287 0.6205487777531224
0.7780499331969836 0.7525731985361784 0.7496616804445023 0.757215997146871 0.7502625209387012 0.7836888089397737 0.7775573484460538 0.7996240281567942 0.8268934123020912 0.8601843736559742 0.8626698583888333 0.8769493412092423 0.8752344905109166 0.8373437689578768 0.8071322760932466 0.8030481918171284 0.7912668813565483 0.7408527615107416 0.7380282070759081 0.7355930626832603 0.7217603121785325 0.6696461949082384 0.6336904176158344 0.6359040308773104 0.6220705074514629 0.6371585537553793 0.6541441520743763 0.6651399063389708 0.6225943637809114 0.6331778283928083 0.6504344268385809 0.6423041556873813 0.6587240377951051 0.6334105498843607 0.6348264750850272 0.6218228186007237 0.5869507428246695 0.5930406187166107 0.586228594693693 0.6301182572721391 0.6079754859677601 0.6231680947240931 0.6090595647691118
