Raster_benchmarking/Raster/continuous/raster-142.asc
NCOLS 100
NROWS 100
XLLCORNER 1743160.7775149685
YLLCORNER 5469294.17164576
CELLSIZE 10
NODATA_VALUE -9999
[rows 76 to 94 of 100, columns 0 to 42 of 100]
0.5066945900978714 0.45871915897547605 0.4796420989433861 0.5156294255299907 0.5292117752595024 0.5814775042818799 0.6285230566223812 0.6012978255977789 0.5372233581990539 0.5337722379634157 0.5159804023018799 0.4997348216373307 0.43415221129795445 0.43273276042849496 0.34313853436317315 0.3721617581867291 0.3578531166998374 0.362288499690278 0.3270348783885868 0.281053992547712 0.3139409546556009 0.37833505471927376 0.4092794193747979 0.4387423159279545 0.44051707975983884 0.42346219165730487 0.4401498033090728 0.4471002602258688 0.44997382262919955 0.49340895452381867 0.48687821320312247 0.5008449209118465 0.5064436930495244 0.45681936903667175 0.4714145329425264 0.5596530883415852 0.5668618868036748 0.538773636257392 0.5405738939202726 0.5911968457376371 0.579440246243855 0.6279921035813081 0.6376735863158581
0.5475594257509632 0.47650716902673124 0.54016034789933 0.5148126499885365 0.5359228509276844 0.6353262949608985 0.6415379982270868 0.6585643758306431 0.6074833843007982 0.528896247588794 0.5713642392193374 0.5634909708642134 0.5270083258915249 0.42491193582743975 0.3675071950362703 0.3170447531983983 0.3551826479609629 0.33089270384486275 0.3617070684915489 0.29544014704149724 0.3215169818857114 0.3954712520885972 0.4107645685328221 0.4372615472645424 0.4122532750245126 0.4179552624981019 0.45586291467867424 0.4294851750730258 0.49734279445997964 0.5209186969648979 0.5487067019502487 0.5607516914800003 0.5544171974998842 0.5506286181570642 0.5031345367829642 0.5979332151499742 0.6189678073150838 0.6080309780785617 0.5380771939378421 0.5653590310313984 0.6288656169913186 0.6729054104824459 0.6605512316180528
0.5841930620664304 0.5537260559375157 0.5807157906417824 0.6083052139104186 0.6153489536752126 0.663734610792112 0.6731029000332874 0.6782215760028526 0.638867740819906 0.5743027547260834 0.5730119834134548 0.5892516307893789 0.5594843954609268 0.4336160592454934 0.39665778981441935 0.3420733724671539 0.2982498760580864 0.34160379403825347 0.36048157283842425 0.3028753945517821 0.3762968657859957 0.39871760686632324 0.41643885961858784 0.4840148727844423 0.4445015925644616 0.46152145034757514 0.5056019367635093 0.5153259647319828 0.5260043359081387 0.5284531536167847 0.5739263105063088 0.5649093712460068 0.560299261825824 0.5175286472993125 0.5463269320749466 0.5649007128253922 0.5880809354977069 0.6336198998054849 0.5852832175345967 0.628191862198361 0.6315182134320251 0.618049192259768 0.6397730115590157
0.5768434139467091 0.5911791306164702 0.6340818323357372 0.5903019206887048 0.6530194055670624 0.7090911332348123 0.6510248821033937 0.6263829594854576 0.6561304472595433 0.6681986049336184 0.6213712865512824 0.6580086007689193 0.5403006180441905 0.5141140705084271 0.3741473590074756 0.3182748868030361 0.34218120012253384 0.3431938619430264 0.3334236590356041 0.31806380059499295 0.3631792096557594 0.3672274304609373 0.43545264086905316 0.4804407370007657 0.5136128615789731 0.4995548334848934 0.49667817569312483 0.5695902055739008 0.5076214019688194 0.49638078446376316 0.5806188117849979 0.5734698439081555 0.5565124943436016 0.5099541442938269 0.5459675001448807 0.5539077025895086 0.5505587030274345 0.6036342751338172 0.5925218969793226 0.6043333626215832 0.6861078855962187 0.6860161668221921 0.6678084175474294
0.6337745965326697 0.6278560946919464 0.6739127586938375 0.7285176350289111 0.7477699521929452 0.6886256022842869 0.674574078793809 0.6732792391424908 0.6790730876820779 0.6545238344633352 0.6241209630880042 0.6303169971041397 0.5789919343890114 0.44955229738912883 0.39150460496989997 0.3528519484724076 0.36259106594649065 0.3577343181474719 0.306318432231113 0.3191659131452918 0.40080134930321565 0.3465472958388829 0.3697853593059399 0.46557195855664996 0.5101492434033679 0.5272443923297391 0.5662177835820033 0.572450921873533 0.5652639072501772 0.531640948486818 0.552571620929143 0.5511668722713653 0.5587290315292462 0.5735656977113808 0.5507938333280507 0.5209442748080507 0.5653481612321896 0.6202778232217911 0.6789021553205864 0.7090763256622727 0.6886567539611245 0.7080437166204921 0.713253821199575
0.6635847047532284 0.6657739173914874 0.740223191607642 0.7677290622114658 0.7685896686559754 0.760813961978684 0.7077299233146152 0.6335044362501098 0.6684066295654661 0.6884442349943033 0.6141242322771918 0.6218040466749991 0.5738364127345307 0.42278540563745465 0.3620229895262724 0.3638129496356453 0.39000201839172854 0.33003686621890915 0.3177780455844482 0.3806160054149001 0.3873585680113823 0.3854003810136641 0.39126381871703547 0.4124061790487474 0.5001380734692146 0.5026645846426838 0.5458202705882682 0.6715855623321018 0.6632244406883395 0.6604430737731644 0.580172959661721 0.5847067311033485 0.5615677138429874 0.5284324721514907 0.561299356087702 0.5536646820512118 0.6001271435530503 0.6954997888286666 0.6860274971501525 0.7792524860636387 0.7820163381905582 0.7826812166943625 0.7915907277635179
0.615338223186218 0.6943359754143016 0.7105608706102027 0.7596433718017765 0.7246210599731813 0.7247107051944797 0.7343501501594745 0.663565283133921 0.6767485509137346 0.7097798365559655 0.6370307374771804 0.6357655925122014 0.5585578217140674 0.42860112434506853 0.4369308064434301 0.37974493293038214 0.3903227914926276 0.4033188150577468 0.3874218577454764 0.4223612734094878 0.4043629262483515 0.45156056380644327 0.4819688289354498 0.48630618991211444 0.48065127844753525 0.4686164083594108 0.5528653960911903 0.6568652836236429 0.6298578542881617 0.6890884515587287 0.6703750390345719 0.6470604817199599 0.6325405976180325 0.662989490798887 0.6228783542986773 0.6079351489025212 0.6355061396963384 0.730102903052153 0.7123611517983744 0.7388313260699139 0.7604855181490909 0.7768982458300144 0.8068594933203787
0.6722272752428411 0.7140579840995201 0.7074916804854542 0.7837948697864839 0.7245270788679212 0.7472681202945028 0.7324829157639925 0.7476172861115675 0.745642928216962 0.7052588416423712 0.6757926602371183 0.601116669988715 0.5608058079130458 0.4411306198663785 0.4971139121223528 0.47356554911913457 0.45268957831029216 0.410448162170868 0.41944883714253123 0.4400642100290039 0.4488863243297416 0.4716710863499353 0.46728432209951615 0.5027049239755152 0.45868103484250433 0.46752806722199586 0.52595297301488 0.6360456216795095 0.6228133818148919 0.6926885915783613 0.712746591591344 0.6761130146670276 0.6999518080710134 0.7086621019896076 0.6409000848591389 0.6701980394215089 0.7357652063086201 0.7566214389457373 0.7565720623589124 0.7439658224689674 0.7657626810885744 0.8241948963799397 0.8023646719564924
0.6486472880845473 0.7068927626770244 0.6983337262340377 0.7519301569709583 0.7469652172360357 0.7640479401666431 0.7254290811523275 0.7603993078128486 0.7439730000499977 0.6536567286624265 0.5969139049632373 0.5597571116635132 0.5282318762708357 0.4704004702442468 0.47975586595027153 0.42582997774052844 0.4287386103908061 0.48528557431462155 0.4448459315881962 0.4891204144950801 0.4512944300170247 0.5062439587927521 0.5012814870765925 0.5128059950525224 0.4919492784298709 0.4644601453063545 0.5298570363535459 0.5764360973368051 0.6936946790323317 0.703460886405755 0.6677581181796606 0.7081939099509257 0.6991413734603844 0.7025509054521051 0.7204174303293726 0.7551119860361061 0.7209126764939104 0.7532798398310157 0.8051331575433699 0.7777879570862343 0.8245581443983997 0.7649005328486994 0.8043641409914349
0.6774377058482447 0.7199866309037174 0.6639766454181066 0.684891918635722 0.6734560501961047 0.6949069605491762 0.6886506129803903 0.762294721509057 0.6859798051937553 0.5991644169140673 0.6182137730618756 0.526451470979238 0.5674025528087124 0.5446395068773936 0.45364894868067795 0.4117719583055707 0.4311161811608507 0.5258992822554582 0.4802234875882828 0.5366919312278106 0.5114277118682421 0.44358884672761606 0.47746540747934496 0.4399716075963683 0.4745248982187567 0.5163976155387704 0.5529522672644992 0.6132386963431387 0.6520205744841873 0.7305928111263463 0.6968734149065469 0.7310610909342377 0.6934266888114651 0.7024245415626206 0.736027223174142 0.8008356845320825 0.7478533106707754 0.7606069907660316 0.7829349287406889 0.830512524624884 0.799953703552904 0.7594465802428253 0.8242321589097734
0.6799625423592662 0.6591739189807572 0.6796491637075311 0.6649120676335144 0.6890945941113701 0.7137104073133789 0.6821715611811079 0.6789599366958902 0.6800921783732432 0.6372417119331081 0.5948331817372131 0.5702972949614886 0.5612189234970271 0.5022968839230283 0.4594709698862843 0.4400894507342148 0.4683293401440609 0.4924299879119954 0.5453916268604398 0.5157336383036975 0.5498318101147617 0.46415657878920735 0.44596165861167564 0.48135595972497325 0.44652726302132767 0.4690187217835833 0.5712734304170555 0.6184694070696615 0.6841144534542528 0.7472215254284221 0.744308407984274 0.6893519846689905 0.7344772447930544 0.7978195984193855 0.7687181239643786 0.7956161099445801 0.7758840455701044 0.8118589723255079 0.7913587801316714 0.8569336740435871 0.8122823427190892 0.8004611732582869 0.7518119685873587
0.6985594186597881 0.7052769142357399 0.7069702397598103 0.6438963474922075 0.6609489184980226 0.6652981955316798 0.6536540960174474 0.6651869822100857 0.630795229031325 0.5680462973613313 0.5518344191283823 0.6016962209498231 0.5447078619842729 0.5317493685927355 0.5195704210559458 0.503507988768164 0.48245869922481327 0.5811774086450614 0.5917973964750781 0.592510043131192 0.5187731443989096 0.5121521358753444 0.49285181154430774 0.46117059354292866 0.48520108253536376 0.5048259023070446 0.5248042865760795 0.6147893698809277 0.6502814225938696 0.6894424573146674 0.7191776616629356 0.698606786431137 0.715322734338038 0.8309940440138278 0.867972280496121 0.8805629089981497 0.8301444247345245 0.771171392289758 0.8427623554371011 0.8699311616346838 0.7962785886746632 0.7895577879882875 0.7838580887761809
0.6817670388724819 0.6615353731688867 0.670205773926216 0.7112987440690298 0.7215166806794879 0.6731900981888798 0.689511664098326 0.6592765281916685 0.5849992528966615 0.5600963566550732 0.594830378820191 0.5464871942923323 0.5367400365777799 0.5034092531958145 0.5058332278534092 0.5029799014069887 0.5026526247976162 0.5752678157866873 0.5615200116534841 0.5878735691037402 0.5679876422837895 0.5395268919076291 0.5276691169250557 0.4590562336826018 0.4755441618720381 0.5157168348948289 0.5739771693588211 0.6562214929154864 0.6547444977189448 0.6327452214647878 0.6841587064640211 0.7345141567556759 0.7279998092383074 0.7809980851108415 0.8513382279966664 0.8484149535742016 0.8394506166777171 0.8101278191836531 0.7788586137257788 0.8478219824803894 0.8316437635843713 0.8292645510159637 0.8634826778988035
0.6902882075034338 0.6705334681118152 0.646086791088076 0.72860428193102 0.7070616621965831 0.7247597947640146 0.7196735310597614 0.6313779945276956 0.6196884375740083 0.6108718717976978 0.5887116446730294 0.5024231306858568 0.5278900353230693 0.5433904014852948 0.5295539573522207 0.5387719072299977 0.5378275568187388 0.5311370529956275 0.5590740441636891 0.5573511241191492 0.5570580778622366 0.513167872907203 0.5132986916028206 0.4766728454726937 0.48858142739459526 0.5670760422082062 0.5781573501746385 0.6204385478557791 0.6546885849922918 0.6055970102668546 0.7183253372029659 0.7245426164143508 0.7747293704660394 0.7554503362581584 0.7868097097337091 0.8704525766000286 0.8323118546680559 0.8112762213502723 0.8497437649475169 0.811442755741667 0.8183357020097176 0.8970975434137094 0.840712857723179
0.6890510992686603 0.6651909681736488 0.6490279704292135 0.7018458123754711 0.7038247341943117 0.6471926113094342 0.6827561370868657 0.6504226121136663 0.6362313161496417 0.6391966985954657 0.5445602079598398 0.5701460288486437 0.539745272449726 0.5548839401121811 0.5487756892663572 0.5864372555207054 0.5763868780727969 0.5495509854932733 0.5010286649641009 0.5019999143261427 0.5270988619753639 0.5327121462718751 0.5563235396811823 0.5218171720817716 0.5161463473111267 0.6003296931403422 0.6542678187985862 0.6160859869416274 0.6189548511328337 0.6596666587494014 0.712779756471403 0.7071232635353327 0.732570160449428 0.7413154240972621 0.7678969329816824 0.8612992395606159 0.8833097045045861 0.8300295768340323 0.8714003095968641 0.8421959524952156 0.8470798565394014 0.9007531795018353 0.8694372946835038
0.6296229247721047 0.6257223366657343 0.6048047406270048 0.6777447791437107 0.7019168253970665 0.6366723308809579 0.615976736359793 0.6452636983539848 0.6374048910894314 0.6055691932317548 0.5382329493597194 0.5718150596176739 0.593559987304355 0.5802941729947201 0.6061684164110114 0.6245227859172959 0.5502733442065173 0.5456153323821746 0.5209094034040568 0.49460064586129404 0.5774327103118833 0.5902825934239193 0.5486203910614116 0.5494205621419855 0.5381051392526774 0.6084828184397996 0.6710712230334254 0.6735636060331234 0.6654051348444275 0.6256156250055801 0.698819276634567 0.7627148262359297 0.7339838553829018 0.755183636255203 0.7459644931404188 0.8011511799775092 0.8774552715860507 0.8999996653469352 0.8948951133775492 0.8049217678004793 0.8459689711274991 0.8582391641066477 0.8612441030804728
0.5846263646554818 0.5494517623979085 0.5645885185211921 0.6132658601648995 0.6483063441347716 0.6648407270126644 0.6393191539085625 0.6100598784415209 0.6045292481067526 0.60025461676147 0.5968681103452129 0.6091215755837638 0.6193807701561156 0.5861053436381134 0.6045353102735601 0.6040374900189055 0.5888453896080067 0.5954263059669636 0.5272595389257116 0.4991675060937393 0.5809058784075298 0.624983087675343 0.6025504761893618 0.5666504695419586 0.6255641390222119 0.6329521927975885 0.6870646478366556 0.6576213885327917 0.6192726991884233 0.628979371544409 0.6823030795761175 0.6917497003210309 0.7507046812736416 0.7962498152367792 0.7909861032474736 0.8599711433146517 0.9091298937454094 0.8727062058187454 0.8906387009115108 0.8357572106064439 0.8173317318685703 0.8070955785808019 0.8565012821130585
0.5840797798197911 0.5083167346739167 0.5422081749499682 0.5080052451845277 0.6032537058680753 0.6314187537455614 0.6493192177668022 0.6603985557826867 0.6614297650414337 0.6327761003205234 0.5636428258160612 0.5639940245152094 0.6411966410727902 0.6173447902190508 0.6325813294072251 0.6855980947521116 0.6223059377049458 0.5725830181671839 0.5451880194743373 0.541742356812618 0.557055202504112 0.579136600714666 0.6442039619274555 0.6329463133265507 0.6060871342591572 0.6269586440397632 0.6656254892934526 0.6813209479125582 0.6148455778802774 0.6082511912557299 0.6576719118807823 0.6979216087995858 0.7200526726216425 0.7355152892881394 0.7871015501939016 0.9071910609074897 0.8999080778578818 0.9335572819079844 0.9066542737664969 0.7900647500994132 0.8311689449204727 0.8435951389944465 0.8518513162260711
0.530718525009429 0.5311421107665621 0.5202741413927077 0.4970417190304178 0.5607395407942835 0.5875136212769263 0.6619841707339645 0.6504973731673919 0.5999217771013117 0.6084117992603206 0.6105561678249081 0.585767771915055 0.632254511511786 0.617642331294157 0.6648245915720582 0.6589807421776678 0.6420723522087977 0.5989443579869449 0.6529887576537994 0.6423881869650742 0.6359659043767791 0.6627369832355685 0.6409359709551857 0.5968404038374847 0.6143889195995557 0.6672219075590521 0.6824195550964363 0.6829959229284803 0.6338007944382187 0.6064583181508891 0.6706478798573557 0.7301283849572067 0.7034829437639275 0.7941085362582999 0.8119167284533623 0.8838582277137741 0.9602155659340675 0.9666742139216234 0.9265965289863785 0.884119724898141 0.8803441202860373 0.9020116821932233 0.8696374297488829
