Raster_benchmarking/Raster/continuous/raster-186.asc
NCOLS 100
NROWS 100
XLLCORNER 1743159.380928109
YLLCORNER 5469296.752708846
CELLSIZE 10
NODATA_VALUE -9999
[rows 38 to 56 of 100, columns 0 to 42 of 100]
0.4464197752989239 0.4399931840061461 0.4201898505223468 0.42137617450661824 0.38700891908857843 0.4268978905020897 0.4597134800003235 0.42791991943995 0.45180662411895606 0.42633279647517647 0.42976255412880593 0.42132831060770093 0.40773933763472014 0.41973803610757476 0.4233141544887503 0.4662114079321466 0.48222722216302444 0.5205738892044263 0.5384796286088745 0.5510075749338434 0.577474393185701 0.5718868573190283 0.5373726905992214 0.5245393406445379 0.4785343497409423 0.4577437006507359 0.4814859847496714 0.4634386951386657 0.5061325134852913 0.500949845025482 0.4724344408416195 0.5053301899057239 0.4781008691618005 0.51703908611777 0.5017223458667442 0.5265716408558442 0.525511838298501 0.5157167852709935 0.5207267474298078 0.5484297183997441 0.5203160166112787 0.5282485403599988 0.52885238106407
0.47334684927153386 0.43248619463622234 0.4070856511830293 0.39928993952687286 0.4236789583383232 0.43737317880331417 0.47155360776475413 0.46956974462882645 0.433254281505312 0.4358472639653895 0.436424783186297 0.43257472473146014 0.45561668720194703 0.4386030297717149 0.4717479113568331 0.47175937013500857 0.46886097199294635 0.5089763605894331 0.5080150509681333 0.540885271927279 0.5515690376401589 0.5846900553346361 0.5404753331067191 0.5506277889846463 0.511455251701526 0.48066749903833517 0.4884330515709934 0.5117940103725576 0.5356327963142763 0.5208025760657812 0.5033366822149724 0.5151849101071168 0.5254814311009678 0.504691330424049 0.5045149636147955 0.5235776654708052 0.533149334462214 0.5255101120760831 0.5575249089882529 0.5592051288198785 0.5725232322631179 0.5352052334485522 0.5372514656595931
0.493776722252947 0.46098477835375434 0.4556686385235461 0.4056549508767465 0.4210431328401965 0.4259039873476294 0.43815871769860515 0.4633175987286765 0.4619148725089691 0.44702953065344203 0.4681227004015715 0.45619682157500385 0.49253460336072086 0.5049940925270511 0.4889854785009227 0.49667179318979787 0.48512384795327695 0.528195772571353 0.5107924637421439 0.5525284409093822 0.5348120381498761 0.5654525741111223 0.5694039144760563 0.5769360593204371 0.5639472285906109 0.5291576838618998 0.5471859016701521 0.5620817252053807 0.5427477165691176 0.5528617743439622 0.5480309977971388 0.536372918178007 0.5322696277538347 0.5004631536739226 0.5301937172786679 0.5226195391722732 0.5367458063661358 0.5115045432040035 0.5281593795328973 0.5544212338495454 0.5769333166851047 0.5751108748551123 0.5816613045194987
0.49479574656676245 0.49177316515645364 0.4583617701472746 0.4213162097096706 0.4047408663884226 0.4207740485266867 0.4602964854060331 0.481183998769958 0.45364980916842507 0.43024879902552593 0.4996337439118394 0.508810614567797 0.5025942376337491 0.5150011825828307 0.4975100642781536 0.4978056267270355 0.5398908581708448 0.5519638725196564 0.5280732814975013 0.5375677350549519 0.5621425646032574 0.5374136685597238 0.5728945563345774 0.5808834208608619 0.6013677670413893 0.5644681001843206 0.5695017718598132 0.5832807556702901 0.5775852340809595 0.5803595314465342 0.557484150894998 0.5661196209322954 0.5587857626388238 0.5245850720840564 0.5173850598975924 0.5028220736258058 0.5137928756358325 0.5332779474858049 0.5446673086100995 0.5595013239805402 0.5646270485807683 0.5694783614725969 0.6062526563953647
0.49355305765324314 0.4654569486230614 0.4586922939172163 0.4787619466811003 0.4520599762590553 0.44340755241885194 0.45218192221616266 0.4814154040272274 0.4497241564140118 0.44996053694784055 0.4975168936909394 0.5173863874146889 0.5017386835036604 0.4908581972730201 0.5243442545915852 0.5605423865778888 0.5519492193684148 0.57108114058754 0.5737275301761983 0.5787022154456338 0.6030926021229207 0.5984479024848436 0.5935038352759217 0.5962093455045626 0.6142204461842792 0.5899942552622973 0.5839129981723608 0.5676821476830471 0.5654059248100836 0.5663067685141858 0.5840619896786711 0.5359387723807709 0.543581801756084 0.5255083444793547 0.5549088209712092 0.5173411949092699 0.5330138587375924 0.5460975882068444 0.586757991338062 0.5739103324601549 0.5863247350797446 0.5656877687269382 0.61477475575091
0.5314612035826162 0.5075168265428348 0.4950096985244913 0.5008659396962707 0.469318120902818 0.5083269188091816 0.4805708150746906 0.47108494709552795 0.496468422495332 0.5031961635907618 0.49313274796730644 0.5185440870769547 0.5245554647452727 0.5208977747603526 0.5461677200298998 0.5781952438345886 0.5817863269791795 0.6222810617486128 0.6190163795345692 0.6288820332985905 0.6178551146533208 0.6312465202890621 0.6015647104867062 0.5862436799398411 0.5899750112851639 0.6300707879991553 0.6302833040237268 0.5949425128938406 0.603422271038113 0.5933425926536483 0.5719138518547592 0.5449513161405042 0.5704518817627046 0.5601558259759579 0.5731200390023131 0.568265604388933 0.6076757567354691 0.5904037377730782 0.5914125146420497 0.5858143263525591 0.5834368533520351 0.5929648131835457 0.6209904802617154
0.5277430226825905 0.5205621792106475 0.5158370535803913 0.5222970874073403 0.5016542714531912 0.491864905596038 0.4862124570647586 0.49780914529918624 0.5183962161221719 0.5283249561480762 0.5327863193990214 0.5718906257087326 0.5526298338249082 0.5780377978306714 0.5804473410845439 0.5918116261728943 0.6262118591390445 0.6205007606225162 0.6686735946932031 0.6668137386253112 0.6838653102759061 0.6347140101603168 0.6052465285492561 0.6046956122604308 0.6153996046954093 0.6565786517981622 0.6468729600513731 0.6313676921850723 0.6237366963621426 0.612105489012603 0.6213304240478533 0.612223120201636 0.5955060156334481 0.5742514433989471 0.5787887625764069 0.6408890611192825 0.6465173857786252 0.6286036040138515 0.61970134876558 0.6322375393749372 0.6193167984224789 0.6368557766087493 0.6664326870419267
0.53062361505422 0.5781213490122261 0.5460715929154438 0.5511854797637018 0.5099422767610453 0.4977688308777378 0.5194875159091806 0.49430680756492856 0.5403999187487442 0.5947193848069371 0.5882878751536027 0.5866415871163356 0.5876696083232782 0.6009417029864312 0.5811402063048041 0.5871282116185412 0.606098939467891 0.655616439628559 0.678088754793979 0.7049548215132451 0.711151503497387 0.6819651123566842 0.6686988296554414 0.6207765069085651 0.6633040461000759 0.6645381593029778 0.6486118227520402 0.6793367023412863 0.647915676963894 0.6361643084694816 0.6501404002945974 0.6385841903555567 0.6007780585595622 0.6095745967674713 0.6157344901943236 0.6770090779996975 0.659624271356384 0.6682947619928767 0.668802678491884 0.6856358519582916 0.6966636336236557 0.6998070050807599 0.7051783882876091
0.5390945633387967 0.5726461331389874 0.5748509950664379 0.5865556612787943 0.5320964149633337 0.5493880527322833 0.5181207956196618 0.5479471578518232 0.5494655332585497 0.5701971135005371 0.6132948138544813 0.5709477021574986 0.5932053269847479 0.5765648342845772 0.5905731575724273 0.6356014629053992 0.6503062072235786 0.6827676650801116 0.6911619882987722 0.7369458908664727 0.7167586253081929 0.6883811989462589 0.6934017420772713 0.6872350222170709 0.7002685533779667 0.6719575575972258 0.6822351291680643 0.6741955133658453 0.6724762164359653 0.6582672867268218 0.665820721987936 0.6729415456930115 0.6465590599672826 0.6287970327982922 0.6831741213109614 0.6795550005999688 0.701598696750188 0.7310283971243271 0.7432531316872417 0.7433872487474881 0.6942987895502442 0.7005247854043396 0.687157102565891
0.5594792618125359 0.5853832365373831 0.6009229457373391 0.5985455761145366 0.5664788819045433 0.5742425267379511 0.5537671565198458 0.5444034547387419 0.5939119599028394 0.6154764025782006 0.5890030769487187 0.5848837574964477 0.5778695438854287 0.5921707273070083 0.6144547748258923 0.6792366954485392 0.6908279825021355 0.682669128841186 0.696932977289451 0.7447607918582128 0.7290653065972922 0.6950308558108386 0.691030477814613 0.7075283105488427 0.7238089096409439 0.7194608702069796 0.6831273208588446 0.7035967525433899 0.7348725855227746 0.7514656614239069 0.7046098327089007 0.73125855043898 0.6927600975593908 0.6618145160481859 0.7104236514533648 0.704927105135933 0.7211583418279666 0.7714141578807973 0.7483706699240726 0.774117320372624 0.7394419012470912 0.7095580612523232 0.6931844154110246
0.5933356052970694 0.588938709275889 0.6119895384952292 0.6217083857526758 0.6211291473793814 0.5923671410273437 0.6126952336016438 0.5738520398777186 0.5881385053336843 0.5760540912917503 0.5659215418155585 0.5469010427686993 0.562736711011762 0.5762283361382291 0.6543899737263862 0.6716832715365353 0.7026975521961236 0.7131055410876844 0.7410254169333784 0.7709858070972471 0.7407196550430943 0.7103773827861605 0.7278744500716466 0.6857086155914802 0.6869585796093693 0.6875395300081262 0.70694974501026 0.7300612496806619 0.7373129000479718 0.7715238103118612 0.7577092907412992 0.7808681197021854 0.75526194416956 0.7443340614495048 0.7290006543584681 0.7559841844996563 0.7821095663818213 0.7995820279367987 0.802793782826523 0.7886709382500693 0.7688765591818758 0.721622564243037 0.7352368053614498
0.6099081853974017 0.6187264907560939 0.6248091519429918 0.6049101826903764 0.6365205991901971 0.6492902104196407 0.6429372386836915 0.6387179919036148 0.6163932112936065 0.5930665911558399 0.5993947284650072 0.5633509118930874 0.5639985667287541 0.5827233393959448 0.6354244727232726 0.6722327328660739 0.7206574074930747 0.7076411386032161 0.746280342642621 0.7776509995040544 0.7484094295636045 0.7740598306700819 0.7171924046654966 0.6925517682082956 0.7113428984252077 0.7159271814850913 0.7288988017101737 0.720169341390109 0.7476320450688436 0.7696644656435571 0.7752592790325855 0.8027104910273857 0.7672388433544034 0.7655240681624349 0.8032702849516542 0.8051628474060258 0.7900703683908068 0.8030835916694081 0.8035259849141604 0.7974017441689693 0.7740032134404039 0.7697987992512457 0.7647976387986116
0.5786922620259156 0.6090122020796827 0.6208332224876656 0.6113203249291495 0.6499519789562945 0.6804946954042419 0.6672333130947427 0.6394887657724124 0.6413733566850506 0.6405688714759554 0.6208110283483382 0.6152491657089758 0.5791343363713071 0.6061888463581121 0.6646620127443287 0.6775742311072299 0.712913456013469 0.7265172059239452 0.720446879345688 0.7521891911169936 0.7916491023930804 0.7607428105847708 0.755609569302438 0.7129129126224792 0.6796817754270141 0.7078644837566114 0.7312836462850554 0.7391261596351014 0.7384828285506084 0.7534947187080907 0.7726004996496129 0.8168988750166515 0.8196197307250753 0.8036717590751424 0.8307258970534562 0.7968781743921823 0.8046197888771413 0.832762096746654 0.830887728022297 0.8161112255119399 0.7772867087068818 0.7577282793832524 0.7607529962411422
0.6170044909800785 0.5978449519123068 0.6075843909867562 0.6235034124016704 0.6359733935530367 0.6782245796260769 0.6393924705114098 0.6288317370909098 0.6106219174443225 0.6193462940435092 0.6514167581008069 0.6297220712413485 0.6223411040903853 0.6189294273921153 0.6842111841341373 0.7131070774223283 0.7110255768269794 0.7227429396478247 0.7510180618476952 0.7585646074962613 0.7712188878680313 0.7620740601883066 0.7339953743883381 0.6929015972880238 0.6988117764627091 0.6793881340506996 0.7324879638500951 0.7618592878599223 0.7766280136386182 0.7662820654560433 0.7745370720423147 0.8067017143759767 0.82128402186516 0.8333047116890073 0.8311664450403137 0.8355782033140694 0.8335706185350039 0.8399437734413535 0.7991638920851423 0.7841513218459182 0.806293016488576 0.7994508115393486 0.7812828351498197
0.6264171083919882 0.6156479881334889 0.6413358330995945 0.6088010545544748 0.6405330200870907 0.6595346628552294 0.6584371700893592 0.6401010655454638 0.6280196305501966 0.6329835054362232 0.6374428856581273 0.6304165215347942 0.6313935493829183 0.6491298244875503 0.6710564769688706 0.7060359461542252 0.7460592266844391 0.7187358383987622 0.7474166671784139 0.7377036008230381 0.7331723895039698 0.7330130207059257 0.7214560227853559 0.7005224807642405 0.7001221175117357 0.6806972753144129 0.7421319470245714 0.7737155621060138 0.7853558456658202 0.7646112168993585 0.7867780112835275 0.8176360740712527 0.8137261207524796 0.8004764181023692 0.8087679335982368 0.8180522777131446 0.8457227743471747 0.8493713088812284 0.7919687393753514 0.7843827197231633 0.8153734108249772 0.8142343774259669 0.7921780742310042
0.6614672985426894 0.6308872242115046 0.610785778607023 0.6167436947706424 0.6518958796104657 0.6765914536307935 0.6919164745414543 0.6853590545463896 0.650039704528921 0.6686878515841082 0.628324336451948 0.6458614871045345 0.6814391310067461 0.6948753686301663 0.7158039068179857 0.7456267901745007 0.7515374357859075 0.7590396677485339 0.7455783409407594 0.7132488236780876 0.7507232569298035 0.7412012814103979 0.744223588921678 0.7160568664404011 0.696972535671586 0.7008748123510704 0.7246013289072906 0.7634477326032817 0.7573104973148457 0.7990045801241018 0.7915333648407505 0.8075200340542492 0.8185132035107741 0.8443196377012733 0.8283035844511516 0.7807880261830714 0.8020163558659379 0.8354668090418627 0.7804081500849193 0.7703872372235814 0.8056667930350716 0.8106421412054445 0.7832732267961763
0.665148056977538 0.6393277893542323 0.6370694106510063 0.6376889607673417 0.6388335980658637 0.6473219327772309 0.6550895491737879 0.640804980811385 0.6496013620486658 0.6494297222989166 0.6618137161145541 0.66947953780457 0.6640586712478074 0.687195669810315 0.7085742350070832 0.7245119252138564 0.733262313219541 0.7359233712093293 0.7138218549316626 0.716595961250801 0.7185238454986671 0.7426652472309807 0.7613623225785859 0.7442381437378166 0.7426945554189637 0.7536959680060322 0.7469097437907231 0.7470116558149933 0.7529093870740893 0.7635333128537376 0.798288615554269 0.7939061325773497 0.836059908347839 0.7950577906302515 0.7815734627811586 0.7665223773842842 0.7898891600395205 0.8039669709336994 0.8094845515114923 0.7999287722157001 0.7912539775294944 0.7898382093025513 0.786178737504732
0.6526852158763919 0.6148600729397276 0.6223758634581469 0.6208999610194397 0.6106025555046345 0.6584468216783708 0.6632845279438587 0.6745286899705952 0.6708339263046403 0.6560133352317171 0.6615681282200225 0.6636827001008241 0.6632850158779185 0.7199500046208477 0.7238006670157472 0.7144170184801458 0.734651803569223 0.7273904414596263 0.737432515432529 0.7293671920628261 0.7139681696175806 0.7230202731622114 0.7694949886608127 0.7886678242969597 0.771911686464807 0.7928660577741786 0.7490646899239485 0.7402674614361562 0.738805493321392 0.7631596506171461 0.8076226210280377 0.8218819009819269 0.8318633193773811 0.7786631135276988 0.7894254542917926 0.7791446486522947 0.7704422695571327 0.817568227805346 0.7931627306074586 0.8095733920395234 0.8227972061373864 0.8090100026060758 0.7898539101536147
0.6727578583397996 0.6269504175471214 0.6264389243936399 0.6035370239928184 0.615281795090576 0.6441777467381997 0.6600706184935958 0.6563338378406146 0.6950300471538609 0.696277281874267 0.6677191862683058 0.6878731267189081 0.7071833838083942 0.6970258750854121 0.7248030097106988 0.7323556461431224 0.7388168693188267 0.7645654627122497 0.7281614205533194 0.7246731625978826 0.7554570467414433 0.7602241195515058 0.7811735239233001 0.792880059862765 0.8073483891376457 0.764699532629823 0.7475641999446591 0.7408387314728716 0.753026181204806 0.78693797168465 0.7990743728967452 0.8324770041110078 0.7981629833134031 0.8074486500513975 0.7759626757385936 0.7590120377075749 0.7774616345257851 0.7907690298173734 0.8008682212368103 0.816605636614675 0.7850405591260717 0.7521822629945982 0.7821563476783493
