Raster_benchmarking/Raster/continuous/raster-424.asc
NCOLS 100
NROWS 100
XLLCORNER 1743164.227882612
YLLCORNER 5469287.96968072
CELLSIZE 10
NODATA_VALUE -9999
[rows 19 to 37 of 100, columns 43 to 85 of 100]
0.4940843163987646 0.5258017664646574 0.47009386585313157 0.45031322578165095 0.43918534406283355 0.4098151635971141 0.42329552375886625 0.4028317285196953 0.39459253699769237 0.43163947077924975 0.3911072192024841 0.41948671091638806 0.4008805722142993 0.3950564289151709 0.36382401270881015 0.3707892079399908 0.3904431860401797 0.3520959148470282 0.367715633053271 0.341966492091472 0.3293072024607941 0.3178940370039539 0.3071860020912222 0.3396768865541935 0.3396057199657119 0.32315239707483967 0.3255292862695131 0.3471666320504642 0.315067109841897 0.321346560021332 0.3454145530398915 0.32190323249797653 0.3138302056211758 0.2742917293173792 0.26537209471459505 0.28879962121548497 0.26449668093563766 0.2829591442112081 0.2536472669868558 0.27899704186812435 0.2599805864516858 0.29646273268052153 0.3017493140440557
0.5015756572929886 0.4717083744506484 0.4662971317569629 0.45613902129593803 0.4034418407769944 0.3925912010065825 0.4183347154492306 0.3783366741756319 0.39004874870069806 0.4117842476291542 0.3519247978837899 0.3874857610702893 0.4068439693908912 0.3414237958517449 0.33250902655518866 0.3309614313407421 0.3563205126077615 0.33370945212454023 0.3440353722105955 0.3554930513773439 0.3067942470107607 0.2784981777245099 0.2960093619926494 0.3014836485533353 0.37536738160274913 0.34972323707352215 0.3956567137531496 0.36678997092766463 0.3901249494699604 0.37459352263704065 0.3690893280136419 0.3670289429961654 0.33086149235735457 0.28017148016845345 0.2622217481928736 0.26464256372223915 0.25941347837516326 0.22145863616592196 0.21230066029238484 0.2548172150720409 0.24914551962678028 0.27510952460937765 0.2951121263112095
0.4545866545239467 0.42561716069599903 0.4063403668074962 0.4247337709366981 0.383104904354503 0.413467820654269 0.41552475805958716 0.37464458347942403 0.3637001714276095 0.34837045422134993 0.37975676479642057 0.35124409899319886 0.37067041331885514 0.3117637587305957 0.3108403707542565 0.32009000883037353 0.33748047880263904 0.34709635207922646 0.3145807737823576 0.33063700176518757 0.2972999144017872 0.3109337792305006 0.3272294324756066 0.3169361973747848 0.36874116174457017 0.3972637503012559 0.3943376114479341 0.3913732079199807 0.4083359205485921 0.4272369675953827 0.39888817437460905 0.4037987026469045 0.35724417344994086 0.3196145669923442 0.24116262468013072 0.24743480366915113 0.2618968998768648 0.25599837092539224 0.24914473567529655 0.2434160079272558 0.25163785151396606 0.2934937453329599 0.34681922299090273
0.42143053531634866 0.3855124814048764 0.4073479736723759 0.4109093264503588 0.4116695915198326 0.39030671871858014 0.424646192516713 0.3881587874187309 0.3599951624941155 0.38928093313559037 0.3629243953675019 0.32829711391943733 0.345622414990379 0.33530370219301686 0.27643053526219563 0.3316769385169983 0.35004670514741276 0.30638558775775293 0.310803143859545 0.3481738759965351 0.33597058308712047 0.3614711336177313 0.37864107757565746 0.3255756813424533 0.3444762735541555 0.4082933659990307 0.4003137573079641 0.42275699406862033 0.44497627220547864 0.42912009969970744 0.416859517351237 0.3944259016668638 0.3901088530197733 0.31516963487427613 0.2590251964980881 0.22374585903097544 0.24707119144107578 0.3059201700703244 0.2937187971909199 0.324077115846832 0.3286864885750565 0.3167410147790534 0.36590484738639995
0.41944343265951867 0.3920078969643839 0.40071293186734036 0.40437430675634756 0.3866185787356623 0.40428647784839866 0.4033000673755681 0.3723717672861696 0.3664441143531173 0.37599182227994704 0.33813637825709286 0.35686525717217116 0.34275770065048294 0.2893767447358848 0.28572466090349025 0.29506464866899035 0.32536467672979524 0.3036230133542164 0.3158312134835491 0.28928180613111165 0.2813748580475641 0.29500640846767284 0.3605766530252321 0.3764621390533584 0.40449918112171496 0.3800160241179319 0.4207990185548014 0.43801218284676763 0.42301254862012005 0.43545633193568567 0.41855171476431074 0.38951727432417294 0.38014439963676167 0.3401157854886436 0.30151281800556706 0.24851817540923093 0.2589450434744153 0.3163666213646423 0.3296543283161843 0.33538702617824667 0.365385768478482 0.3408199497675558 0.3623563154436179
0.41137580361503495 0.4043414217696488 0.3931844844327737 0.41708126760104425 0.3875072678496936 0.3836272183348367 0.37663224352142666 0.38231665506029433 0.396696096234132 0.37500103587916755 0.36354874857426445 0.35020398903988803 0.27300466378088317 0.2637694691836327 0.3016291054471383 0.2883852096150756 0.2701316990555995 0.27913185886512554 0.2804553869377748 0.24867206428520108 0.26984432635524264 0.3080634098993355 0.29587167584181767 0.3369499452302944 0.4229105500227113 0.39691813375674495 0.464047146397197 0.4439381524732341 0.44052614150972097 0.4673130369082503 0.470989468157397 0.3930060044887157 0.3734066835949365 0.35447534424640964 0.32913994545904035 0.32614260286220365 0.2751518992287597 0.2880672190017441 0.3290226787093949 0.36530963258455024 0.3504513926118862 0.3509535382262967 0.3948160312780176
0.45648855592652665 0.4289405182984235 0.4198404764945906 0.38142253988830693 0.4117730963420766 0.3806177033164736 0.406997782439812 0.39804844278821 0.3629367818256718 0.36345649071951347 0.33196005841778536 0.3211838488655069 0.318231394340931 0.287011267189875 0.2866362704076333 0.30503868954455665 0.29352841222530895 0.2882686550222297 0.2587428716113456 0.2527261836913098 0.24708719827412726 0.2926336432536257 0.2863532762027226 0.33389560037565624 0.38297419390035264 0.39471702727824726 0.4029072950442334 0.40427670324179105 0.4525627152683004 0.4456517243194814 0.4765454180521025 0.4370681434517025 0.3869793390196167 0.3183596191406778 0.3197207512459644 0.32933683132170427 0.320449600124958 0.2847242224950222 0.32243699660276376 0.3209462660660993 0.3835135215829809 0.39327461289935406 0.39320627018784243
0.4337434415952784 0.4310930335773678 0.3888500925409695 0.39847957946854906 0.3764074592107963 0.3592759340319897 0.3861577929869582 0.4056973418491347 0.37812426112461056 0.33348692158429755 0.33333778250775015 0.2830345185713793 0.28683588063212384 0.27261288235824543 0.2916202706633034 0.2794830613447164 0.29653029315543233 0.2866384282563064 0.2591922428660143 0.22776116535587546 0.21281936839286728 0.23100025234692478 0.2787870827621181 0.3438405117113395 0.33795878856436795 0.3966496462220506 0.3882844179169392 0.3908450812272918 0.4133739127272214 0.42032442432637396 0.4436548867633084 0.43734483431016996 0.37074024073323664 0.34744230803403936 0.3184861958786647 0.3033243199945067 0.35664359549693586 0.32081796126426204 0.28802885294873354 0.35967736322343163 0.37370315037062285 0.37875469218623836 0.38140590273288655
0.48614034363417125 0.42213643692309466 0.398126800724324 0.3754476605324162 0.386597221962359 0.367930466105652 0.35832139122529005 0.3463084144385 0.32349233757762746 0.3361410521453195 0.296951629679199 0.3083380906838796 0.33355712549935873 0.2970772513958132 0.2831702621371441 0.29618563299122386 0.2908385147804421 0.2918698060737914 0.29854406058179034 0.22299317291611473 0.22963109940644538 0.25289001717249676 0.2580251070975435 0.3101973455187538 0.338984842943157 0.3541304807655041 0.3690783661414752 0.42550073810476774 0.4163596082323711 0.44639102040978307 0.42345073221834406 0.43533707911847097 0.40460286406982177 0.3931913439397765 0.33972444688611164 0.3297055488569877 0.38344088989392183 0.3710909341468828 0.3373514269017315 0.33951852436300073 0.3820215734999008 0.41091063326267985 0.44492586126468964
0.5056896955177164 0.4427104833582216 0.3830704217634319 0.36727013287784865 0.40982642275128306 0.39764974497021743 0.34756346194237964 0.3537767781008346 0.3084319748608032 0.3405081276165527 0.3006532147519221 0.3142078778412919 0.357823433859987 0.3078614308090606 0.2886961858899685 0.3095619039205693 0.32063556767968177 0.3130570892153978 0.2962717526228639 0.2539772076234068 0.23798081141142793 0.23731879295641847 0.24813649209411126 0.29151154666191853 0.27160989986207673 0.3220248091356294 0.3312272445063291 0.41703714545610815 0.45407153363448083 0.47016790666466524 0.4704631867562945 0.4251738276037314 0.42757753026041545 0.3948367069848251 0.3610858129867698 0.3670277641113518 0.3692963317656252 0.38258098412631325 0.3445887787163023 0.35381333187071984 0.3612868477032721 0.4055520663468429 0.41323857919838036
0.4854171659924507 0.4595647998287708 0.38862728887978076 0.39184986957105056 0.38724962259289863 0.3448471669136689 0.3337976481294201 0.354407115239421 0.3078886176228335 0.3040354987016042 0.33555504340507086 0.3283992396659101 0.3608694579284866 0.36687942901105375 0.3637976380744214 0.2973008362557293 0.33628297089730674 0.33666086521358346 0.28675700008309135 0.263820428562241 0.23415049411618746 0.2303825936412841 0.24419503296243109 0.28218154552994773 0.29305126103785173 0.33938511847622704 0.3411157511645612 0.39120531945916437 0.4015569441850988 0.4639837580190767 0.43615761111067247 0.4338406491949362 0.4028792744345374 0.39103452370218955 0.3856997103514716 0.39398839317099327 0.3783870318890274 0.37035028299569295 0.36926099438424764 0.3452440857870803 0.33334827342344164 0.3638919122462757 0.37902977311139274
0.5135384207854126 0.4832352370134308 0.4285412155240664 0.4212654027869057 0.3754645758652249 0.3624379309782139 0.33765402600489586 0.3207899659090033 0.3197404683871724 0.35165895695249394 0.34812460831124636 0.3474475330552207 0.4153208435125691 0.3706140042794677 0.3825420516804926 0.34438088134649875 0.30788158589818737 0.35637426191522337 0.3267452923598622 0.31336279472709405 0.2497079718013251 0.2513005987933765 0.2501535076019758 0.30495592441261093 0.3005150855988633 0.3708679472748444 0.38370930596575004 0.4282413477652249 0.41284366414545587 0.4540641991088437 0.4397303432503579 0.37746465262864926 0.35464383413212897 0.35471920779776506 0.35942979226872307 0.3698033970568843 0.38904991617383644 0.3670903295389837 0.3565975093690807 0.3280398129610301 0.33512256955581027 0.3498774113108786 0.3847171082985842
0.4673130276488966 0.46691479812797476 0.45139284705963667 0.42262476851075104 0.40106847879687485 0.4263780133255166 0.35236522270859294 0.3170470150928302 0.35350259713486987 0.35741612401523953 0.35262759979711483 0.37746558199957914 0.40237742254166653 0.3637508635501627 0.37334109821908923 0.349518812790728 0.3661911090746854 0.34698326349451303 0.37477099050337453 0.3287096053533634 0.3079327559548852 0.29510992444822093 0.2598274626258979 0.2859868208932156 0.3113744822964598 0.39295810984764806 0.3787542260777461 0.4205585739889583 0.4155467124827707 0.4498529445727029 0.4667426537811055 0.3972066235126263 0.3795977430858633 0.37554201920538527 0.39719372209576187 0.37134145591394296 0.4205897224774074 0.4263797212297967 0.36921965965170295 0.38084702306801893 0.3748767245780885 0.3731727598901907 0.42944964631481003
0.5256199528190997 0.522867626434569 0.5082523453607972 0.48349653347515137 0.4832638882672609 0.4544464266303826 0.4244655351939453 0.3307052749525653 0.30508096038169136 0.3066937075433543 0.3410623756476841 0.36456334510934846 0.41301947783836407 0.3665549905479095 0.361261273425473 0.3561589073246637 0.3399689862012011 0.3427200120769016 0.3782928336085916 0.34421167960999943 0.3033800773858288 0.31739665633526304 0.274997724142787 0.26528912963272994 0.3325538476140948 0.3648829724338233 0.4274257673492411 0.4338643336930463 0.4213243247565616 0.4227728063442087 0.46969387072465013 0.4163636804251801 0.3737567728383499 0.3947890983912046 0.4169584483129087 0.42978714240606997 0.4380214321518636 0.46008917388455234 0.4388832691369492 0.3658427652912403 0.3649175945614373 0.4087738884426688 0.4083995512262108
0.4712668745803914 0.468222209537372 0.49816802884503447 0.46832001085448755 0.46891273943958106 0.4228935669341913 0.43825989625677686 0.37892281894602237 0.3769154552346937 0.30944038312027267 0.34654177947712045 0.3653870825059971 0.3760794264879961 0.3163179313237964 0.3466998972385495 0.37108891616113027 0.38417577289527244 0.3706900776118568 0.3409038326301768 0.3619538290812871 0.34042718979417386 0.30773279977259527 0.2797936011511677 0.28674898965774154 0.33867978155395334 0.333570469602595 0.38630207084608215 0.3968649575695675 0.43078452676564716 0.46538596875835286 0.44290907037049554 0.4185033025381631 0.4234170559049226 0.4454808588184201 0.40948185958374966 0.4244101521516129 0.40809132232591344 0.416861927865504 0.4395205923039267 0.3886469996238342 0.38012245923738514 0.45894101709712165 0.475893414284139
0.4358383314179589 0.4404796391344616 0.44978042306634597 0.46150837088847296 0.4221176419707548 0.41995702038618404 0.42839189675057004 0.3819469048522932 0.3908575593151327 0.338632511310362 0.32092426919077455 0.31184243717780546 0.2946966709383012 0.2909593853188911 0.3113214080633819 0.3196231570373971 0.3824751555323538 0.3546324353709018 0.3492489611717828 0.3819048165214227 0.35316929033506983 0.3274133176750219 0.27770828691713245 0.3338131852520311 0.31254495378861785 0.31388367500747727 0.36831584535713746 0.3784582230310658 0.4254891977256971 0.44208155447970054 0.44940130140902496 0.4098576867966753 0.45120464522034187 0.43308186302925156 0.44896894937994103 0.426183248563179 0.4033821392157777 0.4022776087476449 0.4477551088768335 0.40067311316216425 0.4129287786952709 0.45667076128927975 0.5275308124172373
0.4811338540308368 0.47120578764332877 0.4638567147776668 0.43658858729038164 0.45852948919863856 0.45077856509569614 0.3964539920028027 0.43091134759720495 0.37514591168485006 0.322328819661757 0.31907716172379424 0.29877685862818554 0.265807539925619 0.3044089414872629 0.31415161025524946 0.3114562203571274 0.3592016951603596 0.34221238521601727 0.34627834372863475 0.3578644247413228 0.3537583675039305 0.33752787267437984 0.327881297812638 0.3308825110156205 0.3403641951235006 0.343545730608283 0.35927302705470826 0.3244412874659601 0.40749056002392847 0.430171745903902 0.41057260259039025 0.4146311457995285 0.4143612210283785 0.4157904652398699 0.4485345819736258 0.43933319560881595 0.385482353285724 0.434616840401349 0.4597099919121795 0.4170253475771083 0.4602529731106207 0.46600816679673035 0.5200325073218581
0.4682077820089166 0.4522039834176389 0.4410187515833399 0.4386783617021612 0.4616929135735105 0.4158727351676105 0.3805710426582419 0.40245609824570766 0.40573040610084055 0.3539471129179318 0.28246358073819133 0.3037884490105918 0.28923483099308944 0.2979321142536142 0.2902015272590881 0.30053749728196044 0.3619262775473522 0.3614538663110353 0.33287639137088726 0.36313144610670395 0.37657748056973966 0.33146247800690043 0.34433742958157393 0.32971304681463587 0.28519143236187156 0.3161352926609915 0.2858755445791237 0.3182214725076594 0.34175059239150946 0.3772575113805902 0.4000355883901668 0.4523831508946267 0.46862369009201116 0.4207528496989316 0.415642033773667 0.4278751481248356 0.3677015756491212 0.38554032767280716 0.41486486015352003 0.4815828643398349 0.4789293725224238 0.4766883341373724 0.5467765747832176
0.5231947551381924 0.5094149207608059 0.49107145425471294 0.4756723871890552 0.4669014345002862 0.4499322901692356 0.39447193547651016 0.35935649087188154 0.35322684128881204 0.34390955650441446 0.32940851505613433 0.31223293606002783 0.26156446312640125 0.2546928551858825 0.25315792491299766 0.3045420670533088 0.2987248789088539 0.2967406299323685 0.29698475902359806 0.34854860029752066 0.31218599663636415 0.31907914268896687 0.29314822498797843 0.29359549858190287 0.2764703027971987 0.3049497856243357 0.3306031890318531 0.3304728082952728 0.3560051979245867 0.3978109251350188 0.3855049546431954 0.44372370765175284 0.4921475490607475 0.4810423963198997 0.4819748799145142 0.4292682016993005 0.4469750100211136 0.42419979571304367 0.4666175440006314 0.5256259159337417 0.5264882929933519 0.5280578220498248 0.5774973549078777
