Raster_benchmarking/Raster/continuous/raster-195.asc
NCOLS 100
NROWS 100
XLLCORNER 1743161.4361023498
YLLCORNER 5469284.977094476
CELLSIZE 10
NODATA_VALUE -9999
[rows 57 to 75 of 100, columns 0 to 42 of 100]
0.8893706288570121 0.8673321965574459 0.8699810848685335 0.853187613995344 0.8250481786686846 0.8342731556413349 0.8354781943743166 0.7949712234740642 0.7894907370661295 0.7385704674926176 0.7316127071855458 0.664900633524262 0.6508292373004577 0.656329527745622 0.6458378660406658 0.5879068194987214 0.6010145395150716 0.5910879416291109 0.5485885182766245 0.5320811865948133 0.5521142035197241 0.5098453673185184 0.5083245464574772 0.4842592675652043 0.4354998018387557 0.4257921721591737 0.457765563973767 0.4667731012380911 0.488719887373484 0.45599121658987124 0.43400333871802654 0.4395355180249633 0.44839714633566635 0.4064479998401399 0.438184440899604 0.4304768531166608 0.39432191419602275 0.3940326557663831 0.3833140067482743 0.3654239608219434 0.35621700146625224 0.3629283698491073 0.3918772968947321
0.9140847286582472 0.8594408551669493 0.876092866777907 0.8878499910373525 0.8662404591574842 0.8236950739349925 0.8344803572119514 0.811444239616683 0.7698232731358458 0.7445222928318898 0.7047897859159303 0.7075813768782828 0.662630252895857 0.6685893580044342 0.6783501516665226 0.622406158754699 0.6108142825568731 0.6056537501152806 0.5518738853626646 0.559816949629589 0.5775745496704523 0.5740139100953936 0.5110661079339307 0.4528591067219047 0.4528213506664376 0.4416284705174728 0.4500457315822344 0.5008507014311273 0.5125930722415935 0.48389923624868536 0.4493712961067967 0.47273487591141444 0.42114785561531065 0.38844000951673563 0.45464525392430233 0.4399370203338214 0.3948940404567535 0.44434465388996713 0.3929225064788902 0.35676966934998317 0.39529711755631625 0.4146869624581316 0.3713631729744424
0.9279012141749087 0.8822249164149666 0.8841236767477049 0.8584872658913678 0.8339123908786339 0.8229971606635988 0.7871435361446749 0.7924841974386231 0.7795988202677523 0.7411976687297551 0.7341099388315333 0.7153698162919689 0.6885308465934236 0.6809590615688349 0.6720141502916865 0.6501204300213881 0.6345416565794468 0.6156503874476332 0.59601458727238 0.5579113474217323 0.5772330117339818 0.5824038106681321 0.534188093438833 0.4703518512798976 0.4708678766413456 0.4589062781597368 0.49249885597496745 0.4642767656742436 0.46570103589369943 0.4960245220887158 0.45926886897764374 0.47475561890190887 0.4547343915485827 0.42195921689839777 0.44006479819476985 0.4192697417136177 0.3935874320652138 0.40539788888252326 0.39712742951847035 0.36901071082493064 0.3862199032865816 0.36336062115464124 0.36901329764446184
0.9510556346856045 0.9177387302178336 0.9149219549330182 0.9009063458441333 0.8509182682707762 0.8103549729909416 0.7645148172390389 0.779641834718614 0.765203130645392 0.7977667925611102 0.7329694767214504 0.7415627513651396 0.6966232702591417 0.6985627317160433 0.6856800136268821 0.659645027251068 0.6571577232890204 0.6175839195486198 0.6209094214902434 0.6049655701469197 0.6116960103952289 0.5841666529655933 0.545921339377122 0.4978282706935222 0.47509973764218 0.46773040172826463 0.4773291521515765 0.45425669614977365 0.48677043125426556 0.5040029587032037 0.49772640156830583 0.472860009377288 0.45630826878717634 0.4118306410187711 0.4095848478284525 0.4218166728281877 0.41107516885257606 0.364337822030909 0.34883387479994854 0.3875724671345412 0.3418242579927806 0.3005318799247447 0.2954117605401483
0.9461085779289099 0.9338935045520972 0.9212704194772936 0.902120713629521 0.8686872799606878 0.8456599195270946 0.7712810472866243 0.7765146241600295 0.8056808734153844 0.8146130389274403 0.7516255442250571 0.758954422897907 0.7156233328926852 0.7350322269485803 0.7110760928678121 0.685050591975318 0.6398120445197805 0.6035930366113261 0.6011159716770584 0.5790554915945612 0.5770843720443861 0.5650900065195692 0.523090963864884 0.5086511650401743 0.48320853603499786 0.47843179855035123 0.4447103007303661 0.47130413066009397 0.48081799902095584 0.4951437182984833 0.44807611956029053 0.4354352114004295 0.4440548066822204 0.41422886003443854 0.3906406006347534 0.38680538973419853 0.3635633593195286 0.37513430500552547 0.35260043860925233 0.33960100463919407 0.3452007893041253 0.28690436547082077 0.270732194194677
0.9225497235754826 0.8879798654921521 0.9014513553365167 0.8694533889067412 0.8311643861381454 0.8410784222972307 0.8082196584343386 0.7606981491175365 0.7728146806315729 0.8027634876804833 0.7530157473061255 0.7757611411025603 0.766682267810869 0.7205879182330822 0.7209694804637935 0.6640379070454614 0.6221311685451234 0.6382771274297934 0.6193415620281808 0.577476757154285 0.5710388719906584 0.5938531882291032 0.5215401802275066 0.520102517047415 0.5154191194269504 0.45874193333188007 0.46993732592602905 0.5050948274423428 0.4920577422335688 0.4752886887184061 0.4611884618852446 0.438286910835332 0.38897314542710887 0.3862289932047893 0.39877911069508726 0.40073062895830164 0.3736475160451708 0.38076222250692393 0.3630861006686512 0.33234289133100536 0.322340408370116 0.26628740275930957 0.27811109413261786
0.8960412796665425 0.8834589586678795 0.8269936690019247 0.8298878459943047 0.7868025234346059 0.7728920398355323 0.7731123536943258 0.755660348705475 0.7423070691486754 0.7576128135173246 0.7516452582814489 0.7600978146843619 0.7463969248089403 0.6954165115367478 0.6993713463823417 0.6948283715414686 0.653972320574106 0.6517760660552558 0.6396812118710701 0.5972359473145246 0.5730875492014983 0.592770318520978 0.5517235371485839 0.5745131262964345 0.5259684492401835 0.4954926036731183 0.5051358213295373 0.5076211409363046 0.5094395699362375 0.44230252226696587 0.4229908795496304 0.40055185228438756 0.390487509670794 0.3949035260601199 0.38471649925677454 0.37159313034654645 0.3634890479187947 0.33532537518105526 0.31773769417581377 0.28949506950836534 0.2833825787699005 0.2854915831964957 0.24373525573358643
0.8942216108626172 0.8550752528046944 0.8228691222822413 0.7843109659533206 0.7511206135386655 0.7289600144333336 0.7333284958994529 0.7388960254183322 0.7427435506258285 0.7228217880565387 0.7063254280150977 0.701456956165542 0.6848003554006792 0.721480212655918 0.7145191713927186 0.7214815365485062 0.6847536440814745 0.7000390759178513 0.6197862043401777 0.597869706433183 0.6026790718320618 0.5969955479968143 0.6153585623821545 0.5995800487337147 0.5593024519313219 0.5142867603604284 0.5287589628538939 0.5212939883596386 0.4929534525381679 0.4441199336286678 0.39430598315622273 0.4004783493859017 0.37046553631904716 0.37484892068720116 0.3662096079692458 0.31685424097406506 0.30400220413645535 0.3325599471621471 0.28363447167712086 0.26371228538561464 0.22426292601276643 0.24568481428962444 0.20973477621079417
0.8827967038117781 0.8632948530300485 0.8303349749437214 0.8087905721869627 0.7560659673068315 0.7530551092672365 0.7487924747019287 0.7278863727390246 0.7401247696131578 0.6821827417181051 0.6856019106108056 0.690465583447516 0.6805593038376111 0.6821611622264087 0.7278237285215235 0.7369908493415495 0.7288543897483354 0.6611089242887269 0.6303089199261037 0.6330844206346342 0.6242066511867934 0.6369874035675064 0.6188161801124 0.5845107786806294 0.575634360417863 0.5584158594015817 0.5163099494526461 0.5330833995616064 0.4977204042850163 0.4343396977828501 0.38231249735229955 0.35258736397996354 0.36609086311845407 0.3396156292286902 0.3215348538791224 0.3014152542494745 0.305370494652693 0.30180280023335976 0.2509434285104593 0.22715513186674582 0.21229489747304695 0.20705527046452066 0.15399663819861778
0.8880531269329149 0.8542633804980928 0.8191022373410599 0.8007793853542201 0.7542420243799055 0.7056086355952189 0.7285122124647847 0.7513204962935062 0.7167509954794398 0.6710049121343376 0.6771727216517816 0.6523480300492046 0.6989372539210771 0.6906358231243519 0.7387463012260794 0.7187038992915441 0.6919551582282825 0.6684918637841659 0.6552302601602543 0.637025618855231 0.6545222201454812 0.6667475873380837 0.608234361348607 0.6249185565030598 0.5707163796330242 0.552831433161114 0.521978360528811 0.5314468692949336 0.4534274085432743 0.4238309097940282 0.39054433710766834 0.3367407237327654 0.3030664700948749 0.25417803802447003 0.27622082224351113 0.2381599277887756 0.26492767021091096 0.2556859633835098 0.24579012202865658 0.21089139943899382 0.1658536659291255 0.14255313410620749 0.15046512159415693
0.8494302667942881 0.7957115649931064 0.7801366817649916 0.7761121725611666 0.7237009316830446 0.7051926385128501 0.727491641029371 0.7362666012360192 0.6851598743556514 0.6644050590675502 0.6585174787184215 0.6516113087046596 0.6835924473646366 0.7238239721253905 0.7143264102163145 0.7323228194492902 0.6927398297378783 0.6730535166498463 0.6936599740037863 0.6467178094578839 0.642651815304795 0.6390873858670354 0.6259789539916668 0.5737149517807106 0.5422993049826804 0.5316725149574816 0.5450941509236927 0.483550368668599 0.45611622419228487 0.40902837559047633 0.33348381916492104 0.3042835066927779 0.243556094673915 0.23133378849604777 0.2199756396800608 0.23722974679236927 0.21837508147568038 0.24181270485477951 0.2428311659842056 0.19364263211508648 0.16445879620062331 0.1290432534324824 0.13829963930838096
0.7995943960801714 0.7898101340137373 0.7555136776830235 0.7654967672193007 0.7612735998475664 0.7045090676113331 0.7520541770315655 0.7413052919628373 0.7107960372816379 0.6743224452526325 0.6694632576465435 0.6994063871462219 0.7177905067573944 0.7551085957925917 0.7150785926964944 0.7391809509310839 0.6949248188240651 0.6831903118780983 0.7039787937313567 0.6719451055689327 0.6374284284135692 0.6581204704845232 0.603599314721615 0.546862061175976 0.5417987494983783 0.5450811955669206 0.471344427097748 0.43948633911324436 0.39042654645664243 0.3518490391503522 0.31044522356422677 0.27496581996545555 0.24738762092268943 0.2013075707246394 0.19943833837002678 0.21328278919082383 0.24937295486174843 0.22795663476756423 0.19876215277409898 0.21253951707290875 0.18923669385650319 0.135638223142013 0.11106789586708284
0.8330801902930789 0.8004022671039697 0.7760877967844839 0.7937865211039743 0.742757307695863 0.7438922099054853 0.7330786537511881 0.7271335972348293 0.7184856218481958 0.7244168967434934 0.7195739790685961 0.6891876624549971 0.7155648649679297 0.7243259734332177 0.7087306650428064 0.6935759008166977 0.7091929975015481 0.6826152120268276 0.6787273082773383 0.6876623914116312 0.6408996276363206 0.6073130401524222 0.5918048272860583 0.5670951340913678 0.5370194924719667 0.5285480216088293 0.46430023933798187 0.4625511402717413 0.39664441555678964 0.34947971363280744 0.31394780337857003 0.27693999923665685 0.25799060982530353 0.22304048790328684 0.19706328285511143 0.22225411982555254 0.22696758902475095 0.22786108231289917 0.21306434126335644 0.19431304424701135 0.1891803374823889 0.13107129832038186 0.13124622317269474
0.8383901256533267 0.8117586729658013 0.826657583748295 0.8360202451797363 0.768818421555918 0.7389876008391116 0.7897642198483475 0.7845977629715475 0.7616563779142448 0.7613284594638794 0.7713924693916481 0.7333193419832509 0.7473446440666186 0.7477218401005277 0.7048899631970755 0.7053662089615877 0.7114073248019248 0.7165383723574287 0.6959246992328267 0.6468292465717707 0.6383948447396193 0.5863390046631244 0.5807894358066128 0.5320040715572661 0.5154843320215131 0.49869486416529735 0.45856619006135285 0.45220402455858266 0.3792317292566946 0.34707876811225546 0.3053647839767798 0.27856466036271293 0.282728182512369 0.25076918339573695 0.24474166641398454 0.21296122655403826 0.17155407279776172 0.14291428981266968 0.1976417002849356 0.21390348339369783 0.19214280202820155 0.1560343345411171 0.13511147179392874
0.8013793750400146 0.8211167438279244 0.8580579637271611 0.8154871224493673 0.8218211119128653 0.7788070481686118 0.7957279519356867 0.770433054626822 0.7622689714059321 0.7677417854904861 0.790885330498242 0.7416510693359414 0.7569705515472318 0.7771526572521852 0.7476582017002354 0.7289948610721109 0.6928471284518786 0.7164740835504063 0.6796620465405939 0.6449316095548664 0.5706512449166158 0.5531203932115111 0.5406473572839566 0.5168307242332207 0.5237480862179511 0.4843488228071756 0.4175563879789099 0.40155864458203333 0.38274773724001304 0.3676703807120312 0.33457919573164324 0.28988974346120866 0.2987968843926438 0.24006174983510614 0.21268900122355244 0.18929801743682695 0.18299556680332035 0.16962387622804254 0.15341931013483753 0.15696677621662597 0.17746256950312936 0.17347126418540032 0.1856937270957781
0.834205234111449 0.8546756831094381 0.8429300949870693 0.8487751911636079 0.8089497204410427 0.7880045763215103 0.8135917723007683 0.8305820565377364 0.83432673537555 0.7768754620562637 0.8082458433263854 0.7827203933539116 0.7916457261340034 0.75993987032645 0.7228363170110963 0.7103753384574389 0.6947682463376074 0.7246923306271915 0.6531352774250706 0.6210557988861457 0.5856523597654973 0.5373221637424725 0.5314989759200525 0.49242020788181207 0.504599197671004 0.46419060350699365 0.41547029369706884 0.36228140644950024 0.36520099067209233 0.3513794326563748 0.344163877759115 0.30076238687944395 0.28781231924292394 0.27133348877290075 0.21172626604025221 0.19195549327434147 0.17588585227002798 0.1442985034147057 0.15179568456506604 0.1574893671477899 0.14926736632317675 0.16943734440667627 0.18308002008379867
0.8449979717051127 0.8293972926600053 0.8312195860323118 0.8341982617844109 0.8518984326782884 0.8368833290463381 0.8568933527571722 0.8519433422263378 0.8697007580948196 0.8366008686507052 0.8219544140254589 0.7909598331469889 0.7786862733929835 0.747776900374902 0.737820620062437 0.7240044039544284 0.7108220985590756 0.7225114233508069 0.676053968866194 0.6078453829520443 0.5674889873406466 0.550530710838842 0.5301305857981969 0.506790329831854 0.4743500001738763 0.46513633318461983 0.41422860857405075 0.37095128608574324 0.33105909755874535 0.3020181543901532 0.30862038036640244 0.29987532471662376 0.3015469206521591 0.28677166743790516 0.26263868166834275 0.23211445231095482 0.1840673741432624 0.17573739968193944 0.16635182509335622 0.14691469665628562 0.1430731713017953 0.1991761103154079 0.1846258390065814
0.8470403345660884 0.8277911332671504 0.8659832616710842 0.869080108838229 0.8831769111555607 0.8718898516228196 0.9089278871029476 0.9002989355492429 0.8715473108010088 0.8779587488053848 0.8259233979593474 0.7604910224786919 0.7324835484755459 0.7535865123293312 0.7469251494031325 0.7427407555777369 0.7037269105831468 0.6785684941102338 0.6642948038149247 0.6094421199186819 0.5908825671576315 0.5587910587132435 0.5271322142219319 0.4753245737681068 0.4664403080623146 0.4284899184648321 0.4028006599355523 0.40483654744944436 0.32389481943837256 0.30505245065013 0.3109875417542384 0.29766434523735524 0.2878965646367688 0.27533926420800764 0.22742365553043623 0.22099805792048802 0.23407982341524433 0.20793334953988576 0.1835525484758826 0.15270576217110723 0.14452202152531343 0.18788300127811303 0.18300436129831366
0.8522332778807146 0.8494721231980007 0.8568884846776041 0.8779584516402368 0.885166334252438 0.8946162955190148 0.9171728455266529 0.879911873725897 0.8993929914912466 0.8441256582480919 0.8305485894715368 0.7535952805713435 0.749864671314764 0.736199762679789 0.7641874660374554 0.7573460791968246 0.6746311577080096 0.6342579492011752 0.6505042787536272 0.6245284407377025 0.6001665346463692 0.5549068266821231 0.5167784787724927 0.4966269834964831 0.4679052748282273 0.4123093422610945 0.38246084432963723 0.3531834028248975 0.3476856483250995 0.3112219766914208 0.2995734383738243 0.2828493814435495 0.2892484531116319 0.27437229118724393 0.2521239477014388 0.24593073991001643 0.2226522908063061 0.21308207489942893 0.17297150011302345 0.19096526816979814 0.19075847973505475 0.20521087776376465 0.20285052566195905
