Raster_benchmarking/Raster/continuous/raster-130.asc
NCOLS 100
NROWS 100
XLLCORNER 1743151.3880482514
YLLCORNER 5469289.689483746
CELLSIZE 10
NODATA_VALUE -9999
[rows 19 to 37 of 100, columns 43 to 85 of 100]
0.6870689016407838 0.7309514666407892 0.7378911363378419 0.7568816787774936 0.7318253785859573 0.7251780185564771 0.6843893753504436 0.6744256547010236 0.6701595146222714 0.685251107698865 0.6436118919674381 0.62006882436886 0.6097023445348475 0.6240399952601228 0.6399629410180873 0.6465827287129139 0.6183143420424071 0.6179367194392634 0.6659391091411587 0.6257827238210141 0.5963678680943635 0.5886637972449847 0.5951425804157167 0.6145027829794396 0.5641765375384418 0.5971472963517253 0.6231835487852985 0.5929667993763211 0.6358012775946623 0.6341367897384739 0.6547195946736373 0.6098691746079675 0.5956800292910778 0.5988876867030424 0.6111658374133971 0.5951528214767625 0.6136911149538139 0.6057874120795802 0.6488930711755808 0.6197276727466736 0.5977305249408281 0.5707108836238977 0.5215756464904427
0.7236674303886136 0.7318112808797326 0.7575129866160311 0.74772150227819 0.7486559571875298 0.7123551059511257 0.6956036044934956 0.68872687022583 0.716073607007923 0.686760560091857 0.6731540044506711 0.645667839213775 0.647522320124322 0.6193909015479925 0.6056512392510487 0.5977178189158876 0.617371638346972 0.6160344746956672 0.6245056245444854 0.6270999006430239 0.6213077357608594 0.588845317131823 0.5721589996520605 0.6129375886594625 0.6252111774394314 0.6169247335557998 0.6196324379188328 0.6083538502415258 0.6044334649081977 0.6576913049800996 0.6463311698056164 0.6321088567802837 0.6028980567413027 0.608000839649505 0.59094140902357 0.6002318036317073 0.6225442842300659 0.6202684706598758 0.6218408436445427 0.6326143659163574 0.6251413929991932 0.5615542750274495 0.5445018917308184
0.6866404441923504 0.7344950552055214 0.7487239640422261 0.7751438564938875 0.7722241248133648 0.7545280756569547 0.7007970565776507 0.680570003457388 0.7122009853976996 0.6966763769349031 0.6195612605162437 0.660776291053413 0.6497134280271721 0.6161592204362285 0.5901791710860734 0.5953967257408695 0.6186540163252625 0.5924962370588494 0.6614070753922574 0.6469652678304134 0.6136569278303222 0.6019334363499294 0.5955053739225943 0.6126517192086899 0.6243198162632265 0.6122469544413129 0.6618671878954872 0.6332716663157194 0.6112211517887551 0.6466768441519425 0.6611406805524369 0.6629673292362713 0.6203516445117316 0.5864227612241989 0.6175179607661019 0.6416437525942164 0.6448556391688887 0.6109811039227263 0.5750228147370103 0.6153357829788689 0.6302887350632167 0.5604783116793789 0.557802035867419
0.7232211124339517 0.7453568536169874 0.7457067042506644 0.7794119976432401 0.783873763902468 0.7305675524807813 0.7168153690704323 0.6959651193687958 0.6983494322356258 0.6857199180731083 0.6743132376397273 0.6581246347077061 0.6138706991248987 0.6132725749455552 0.5883343302106134 0.5987292473180809 0.5878513624661497 0.5845617384376794 0.6211850306458061 0.589814276145847 0.6291965016408697 0.6384840626597285 0.651127657434806 0.6495983844632625 0.6446777212008264 0.6560742161529612 0.6540750173127688 0.6348748846626668 0.6241170296304234 0.5987415013441307 0.6107251506255307 0.6489055067742927 0.6298491145369733 0.6109391897616395 0.6441591542181749 0.6312075380583554 0.6119255745044966 0.6174012171595122 0.5765810100230253 0.5671431923375605 0.6181868679989239 0.6014855424417387 0.5733534327947969
0.7708928530447574 0.7732615063026862 0.7670719120208137 0.7740711544329338 0.7407953831204726 0.7496475440219817 0.7209290757966902 0.6966596593825894 0.7047962636867315 0.7035778187699415 0.7061758887044279 0.6651925535129734 0.605792157159556 0.5565765502049809 0.5419869416599655 0.5595082238898842 0.5476266840559461 0.5614358343585645 0.5623569239777204 0.5566952315393003 0.5807320936196187 0.660886239439955 0.6742130336133497 0.6563886910003629 0.6598380093437646 0.628729790392421 0.6036034993571969 0.6117639426207756 0.6209428752648035 0.5895836430904889 0.604791557072176 0.6372832673286748 0.638593370349497 0.6535256282127038 0.6291473469593097 0.649161973245245 0.6080941758479025 0.5836763486907679 0.5607074268479889 0.588047024761594 0.6019174768527747 0.5903499492242743 0.5813851432985957
0.8071416018451131 0.7768448447405304 0.7935506939487973 0.7709910518130344 0.7636940206200251 0.7786705018810636 0.7832436650206026 0.7284779324836435 0.7538299960622762 0.7365014729388611 0.7144463309592542 0.6990399489661059 0.6004955327161061 0.5674140391432785 0.5467451393465436 0.5700131194655185 0.5698630070804003 0.5601938218366066 0.5835671007476664 0.564281973737497 0.5861625787486942 0.6456551074066544 0.6706707206473088 0.6658241895307679 0.610150026910117 0.6108352897208006 0.5615628617539807 0.5712008898967313 0.5870979777019057 0.5866157043142531 0.5624296100979632 0.5614581713624225 0.5761230045332201 0.6299210857487114 0.658053498375765 0.6498840750340699 0.6133725906556056 0.593374867774124 0.5917856343740953 0.637928918210089 0.6032100296446271 0.5755889333888525 0.5829724653543463
0.8294316770406472 0.7953753538022842 0.8077012625302806 0.8058708287246059 0.8215744692072011 0.8090467421857876 0.8275338604137202 0.7483935807121296 0.7494701933606894 0.7285397792325439 0.7759485203627499 0.7145131886390498 0.6283589152298169 0.5876268580836947 0.5451669227109736 0.5763547168065529 0.5787686135160284 0.554389441910325 0.5838874044127533 0.582054952304278 0.5665517924715124 0.6063171627316161 0.6697945751787484 0.6646816409682695 0.6130122960634232 0.6122787422696215 0.5469771964668617 0.5725800470748592 0.572898461488605 0.5520509648127219 0.47463733021514337 0.5309196827819019 0.5321120994681952 0.6115295983309753 0.6159077973955107 0.6435526655843905 0.6837435618615612 0.6520548191731291 0.6329828775869213 0.6454702041429606 0.657675758189161 0.6082166692594259 0.5588336352285895
0.818621329403116 0.7964528850976951 0.793505837542005 0.8023606448430252 0.821393044086168 0.8311769458878038 0.8365059192166437 0.7845039927319726 0.7723501546111716 0.7558875732979712 0.7422963920145074 0.7170838433720699 0.6926696253221581 0.6302395361503614 0.6321189642245888 0.62049187674142 0.6148175068609778 0.5693244638610808 0.584215585631598 0.5715773012785949 0.5755792804609071 0.627837827888511 0.6166601589901235 0.5992662585141084 0.6113937881940281 0.6186901666841754 0.5974599108222356 0.5905602520407854 0.5967899752857465 0.5810850183564682 0.5541435050265512 0.5284727763247712 0.5383198482927245 0.5843565793428216 0.626467127055505 0.6684454340627718 0.6786430865523546 0.6926673443428759 0.6473311350804973 0.6481618776605206 0.6539691180435188 0.6428860947462187 0.6188874128093945
0.8074694098697953 0.7790621627563384 0.7818442569560271 0.7829709295771551 0.7921007475339891 0.7926683322259352 0.8067916243201241 0.803317836080708 0.7631176910874385 0.7928996338876823 0.7811939530486903 0.7476625176473862 0.7377998846641713 0.7010385090637821 0.6438272002168127 0.6532888285129406 0.6038897487283964 0.6138438361944343 0.587065320939775 0.588718832507078 0.6053929949273148 0.6226950414364358 0.614972560422186 0.5899989527337736 0.5773212408011138 0.5996079306464521 0.6500616656908625 0.6555447889031104 0.6428441396318078 0.6325371347622564 0.6105731370871482 0.6053493609797952 0.5812958260938069 0.6105096437780537 0.6448129015314631 0.6515156832704353 0.6972094254567295 0.6937476334579652 0.655602341107103 0.6751176361709256 0.6528502900316007 0.6506298482783759 0.6674795952151547
0.8640841832967475 0.8347530976098217 0.8224366820165282 0.8337679443998387 0.8245632972954727 0.8171692271825414 0.7911528613062629 0.7943599323492344 0.7530352999865462 0.7597804804643362 0.7827641444335038 0.754223998688447 0.7401021700734557 0.7263785675092916 0.6818030523284742 0.6629304747791477 0.6379367424948884 0.6421360042127835 0.6315924614045861 0.5880414305349982 0.6155609055423306 0.6098805550818553 0.6172765007840919 0.6059016333595161 0.6053239718944401 0.6360959955428185 0.6571881388192669 0.6485585137104973 0.6798271469679495 0.6500878411825761 0.6724778022083745 0.6347289102364297 0.650604888448988 0.6649370319714671 0.6598564281312541 0.6702189908935293 0.7036790587196551 0.7071300860008829 0.7055592733875928 0.6868711235257682 0.6999532581357492 0.6746490979350392 0.6552046179541586
0.8911391739938815 0.8599255150343982 0.8707024731572269 0.8502966471303198 0.8531110230239051 0.8446039398999776 0.7580723013494245 0.7555154320459604 0.7868314739374322 0.8165740503947042 0.7909001603246001 0.7485359092112527 0.7464274903646323 0.7400661051649707 0.7322651803018216 0.6965644279784902 0.6991726228780066 0.6448637773786918 0.671631411269491 0.5878466395677059 0.5766140363306298 0.6170803668092552 0.5940644926736856 0.589112602177368 0.6153212472118479 0.6192394156836187 0.6532336061269015 0.6577675800815255 0.7232418811000072 0.6986627781400795 0.7205009674801951 0.6951300761045299 0.6798733117008424 0.686407099175209 0.6995354340319107 0.7033396552024324 0.6867229766157237 0.7383775546661573 0.7405495224515862 0.6898120270068907 0.7369635810356704 0.71260910825961 0.7122032134617398
0.8728878686385183 0.8947487043135198 0.9090920890779559 0.8912332800573157 0.8786711364123291 0.8369613512274259 0.78657162405832 0.7859873226018057 0.8150981619391151 0.8227137580781877 0.8022924475005109 0.7803921135268292 0.7902033073920377 0.7533513134778567 0.7461220906509575 0.7281614168908404 0.7102726825973067 0.6681445530828269 0.6151581232971987 0.5988272155431326 0.5710544209537889 0.6024988631200014 0.6185677230180102 0.6050671409900473 0.635435268585632 0.6422567477890455 0.6949933341982016 0.6849600216082289 0.6872900897484037 0.7079582918591607 0.7112118680992832 0.7128724063186298 0.6637794101536341 0.677372670923642 0.7057586821941784 0.6966942001582205 0.7198493373355949 0.7394741901820147 0.7234859469472932 0.7065826749235716 0.7530553181882816 0.7426273506785396 0.6866841132977651
0.9056666442793518 0.9162757357212558 0.9182930961156163 0.8990224799394321 0.8758425210819898 0.8536051796102733 0.7900347967001486 0.8302355442992881 0.8464627676983573 0.859989464307557 0.8441912097340936 0.8489028807362361 0.811394377567238 0.7686928188404644 0.7401692761680856 0.7709381956650319 0.7351154850868041 0.6950917375531904 0.6191305559256691 0.6153956324368566 0.58352205532925 0.6078633914224202 0.6160711631432424 0.602688691552102 0.6619171052078603 0.6916351977752594 0.7379944705918045 0.7079020063263327 0.7212467635516436 0.7272441991893764 0.707517292848145 0.703301151814435 0.6700877523065957 0.6703453720088545 0.662006502681456 0.669474845927576 0.7089926618756901 0.6884258524420286 0.7309352425511664 0.7138086027560239 0.7314125493080893 0.6937402964427518 0.6845672447667154
0.9068768917072747 0.9114340665807629 0.8874219836929281 0.8883959732851764 0.8321101944105731 0.8236882009098269 0.8084134774046134 0.8155022445227343 0.8319355749368613 0.8773432507164645 0.8618590054914296 0.8639462089443198 0.815551456682504 0.8179477533018825 0.7875458562183673 0.7673392557801285 0.7304281494337304 0.7276479349902666 0.6667289380311087 0.6320715802189676 0.6236345953791936 0.5860816789213631 0.6014800234351747 0.6280803635634883 0.6827424684792396 0.6888345705331655 0.7435383871432172 0.7489371851184218 0.7179758735685774 0.7117058988740858 0.6876116814085631 0.6932766617976461 0.6963473855090749 0.6552464159216626 0.6716588436310672 0.675003217437112 0.6748238672547823 0.6795045695666031 0.6991018594847846 0.7251514017962534 0.7167522647486111 0.6972718572062901 0.7053631968153847
0.8873717655533448 0.9100827401112818 0.884617463616029 0.8846586019081893 0.834801328321763 0.8334839950498477 0.8284331083451233 0.8574408122693661 0.8956817743267679 0.8622499858044056 0.8623414100318081 0.8474614155574808 0.8515252152975215 0.8080476659791784 0.7789866455154645 0.7580750095423822 0.7824688136733331 0.7562128902264191 0.6774744933767399 0.6414905023501738 0.6457670505332652 0.6001613687441085 0.5637134958436874 0.6258876499088526 0.6818183966063183 0.6704453758639141 0.731748015268014 0.7620302054113157 0.7566469866957167 0.757891301885434 0.7423320365506739 0.6941312194769957 0.6652758683252603 0.6488119379977161 0.6572171794309223 0.6888059821801994 0.7193991704078808 0.7113192547547953 0.6525566134086395 0.7149609587313545 0.6853835563283784 0.7294827361338021 0.717285525964778
0.8901278949750943 0.859734763800032 0.848742361549566 0.8474152722841641 0.8014404967729107 0.8130085167762185 0.8432435470592847 0.8498679118247902 0.8650485875883828 0.8693664976654047 0.8801540869614247 0.8425170933057677 0.8180979984493367 0.8146961579561237 0.8063088096569195 0.7751044288276505 0.769776554202582 0.735772723930745 0.7251472054095409 0.6836628082610955 0.6892384661827301 0.6619530363238472 0.628220888982579 0.6695176454841973 0.6855858157557982 0.6930624777603104 0.6902657964401127 0.7015893509878824 0.702740649938628 0.7269285471450091 0.7142487082660055 0.7255492783769772 0.6623688291807852 0.6640265364085624 0.682760148819067 0.6749009124505738 0.6775749206327275 0.6934462528481832 0.6890194516029023 0.704011643141996 0.7256537012423409 0.7242369919098188 0.6817011587403576
0.8694327593882291 0.870403041995376 0.8612092384320752 0.8580571126887416 0.8214470864668314 0.8252135348337972 0.865288725846813 0.8900943353354231 0.8864201813108135 0.8862818363570835 0.8846951170357439 0.8197207676330549 0.8112948280759273 0.7728356140601018 0.8120295081464309 0.7847774506679362 0.7746075182173805 0.7489643554775116 0.7350419261603078 0.6949925244590416 0.6866059594811711 0.6731604002477831 0.7054372786058748 0.6714872897323134 0.6862854293913859 0.6703414388883301 0.710844345492269 0.7289028335194817 0.6927793282376002 0.6998430783238464 0.73392220642448 0.72290821628075 0.6988778491927666 0.7358981771597557 0.7290196012439762 0.6883276047763368 0.6952767051960055 0.6978234760454539 0.7083201173652117 0.74032263611184 0.7329154493598262 0.7278952172798444 0.7066975849713466
0.8583050866124188 0.8378249656002728 0.8247653207305496 0.8525458540299226 0.872891486882373 0.901589661062619 0.918141072172496 0.8731033546568112 0.9013357209221279 0.8774690263844283 0.8397276011214639 0.8258519367830214 0.8014771345062099 0.7520596547524946 0.7374856514873296 0.751613155610711 0.747655618151765 0.7900354155653979 0.7749611296952406 0.7503720233943396 0.7441313517634682 0.7163777488548535 0.7038163851146002 0.6968038891788254 0.7299920746661944 0.7035655859523109 0.7186120304464688 0.7354270763594041 0.6960234451163656 0.7088415838153741 0.7387833206598102 0.7215199524672085 0.7306944650283222 0.7576971937095518 0.7557983033139878 0.7668272709289881 0.7476969000057394 0.7285689661616721 0.6833047228520133 0.7138727225403982 0.6848101763289609 0.711659648098018 0.7161897761955489
0.8726438831321506 0.8430148162552847 0.8333699054703416 0.8565595255935724 0.8862206851414575 0.8923669524798433 0.9283833914455827 0.8740836491388972 0.8810308815149922 0.8658279638851606 0.8166659761487075 0.7821737121009594 0.7698971241721309 0.7272215553329323 0.7000811794560726 0.7492193593930364 0.7722156662117429 0.7834495554331332 0.7783432977260656 0.7769503469893719 0.7709020577836571 0.7253525499485285 0.7256938856833348 0.7220224112092811 0.7741416041534179 0.7281660381758187 0.7281287684680556 0.765724028726335 0.740235020603765 0.7252439786968555 0.7192932998290925 0.7533521857728885 0.7550255305094576 0.7763497045685818 0.8063668562156884 0.7856992345557658 0.7547644489021467 0.728884421321877 0.6604168041789763 0.673608103035751 0.6744946359029402 0.7092743193340819 0.713683808182859
