Raster_benchmarking/Raster/continuous/raster-266.asc
NCOLS 100
NROWS 100
XLLCORNER 1743149.958719606
YLLCORNER 5469279.329563946
CELLSIZE 10
NODATA_VALUE -9999
[rows 57 to 75 of 100, columns 43 to 85 of 100]
0.14001187927977235 0.10140645507829377 0.1350634201376312 0.13926965053975832 0.16623580633545101 0.1932279353473123 0.22847128902205321 0.1969949733006345 0.22609645013397064 0.18436321156542257 0.15252366450527743 0.15229126245955388 0.16533710091522943 0.1790291484524606 0.21328550302914678 0.21204331844814178 0.23174499199746068 0.23214990025469012 0.20154341652598481 0.2354840782947462 0.2244268881451339 0.2510941581890554 0.26477143687441024 0.24662870387494645 0.23091100509937632 0.24346169669529275 0.255002462402794 0.3006351277077321 0.2868849329656486 0.3102326587620458 0.3172372154636218 0.28695977434938263 0.27912618734308997 0.2742535021420994 0.32437004216445176 0.3858509504719019 0.4286990074545915 0.3984588316037514 0.4378207572227138 0.42918272999087365 0.4256504599974038 0.4277968514560147 0.43503764448082216
0.13421700540239614 0.10489925027875246 0.13341914507498673 0.1349072327368021 0.17825453439910802 0.21135926817186285 0.2142341443598598 0.17807473070990384 0.22349726243704646 0.18301365629931063 0.17890843776626875 0.19564145727162427 0.16847880294657905 0.20700975383149675 0.23055014251279218 0.23775474756379802 0.2453022662346681 0.24891880909819578 0.2432019747445583 0.2474286218003208 0.29414279737069715 0.30490171835452934 0.3097988801338106 0.24932192939724557 0.2132734044446396 0.2254793793071454 0.28096084018164486 0.30668943289531525 0.289646335798351 0.2742743670722913 0.28900712369480885 0.29826069243118364 0.26568880364097724 0.2887172952683563 0.30702242209819913 0.34924029664573847 0.39020565701058646 0.3747195674499334 0.3685545729126265 0.4131933319902075 0.42765663457089537 0.43266861641186427 0.44523034732019384
0.10704944569581255 0.1313482250871143 0.1604272741928701 0.14446167736368773 0.13127277925897168 0.174536964936462 0.1740707856402691 0.180813728292922 0.1943717106088331 0.19510392084325204 0.1717742508169883 0.192810655347201 0.18884971990458183 0.1972671814647513 0.21691577868262182 0.23014725655352194 0.2506352643620024 0.2259222259307609 0.24746601741067217 0.299962446693788 0.314677999126853 0.2894614595255464 0.3243849205202115 0.3052911396328218 0.25592084751481775 0.2540034976320062 0.27388276642524567 0.2610898335844824 0.27563730756105737 0.2771357522765404 0.276369942948075 0.27580660504553456 0.25624397449862285 0.2771474906697573 0.27949632796982926 0.3290372346290795 0.34387469652412134 0.33051761868839846 0.36010585412203466 0.3455820141386084 0.3711445102036658 0.38039190428156544 0.39064923887887365
0.13269797560944382 0.15418010306286076 0.1444675566799949 0.11783802623425468 0.11937065941357845 0.12327325813233586 0.13483476725881505 0.18103647340938425 0.19423506229194856 0.18058229263144543 0.19866711066220533 0.2219838158083672 0.20078957862110192 0.1977479457185562 0.17392187343485085 0.22354291152515776 0.20399606186451494 0.2249995345334104 0.2933328407973562 0.2955366452581509 0.3279468197721196 0.3497720223542209 0.3309477988153467 0.3093872757012927 0.28864156193307805 0.26387262327006905 0.22095373765247736 0.22471789678923132 0.2637386212090437 0.23226672658404074 0.2145640381639368 0.23528259692132 0.24874087974861533 0.24907350117292765 0.2734668253465202 0.32179761881502494 0.32405651619470005 0.2895288445287024 0.3052080940492156 0.31586061438485497 0.3786522377750282 0.34971213735662504 0.3621373342277091
0.14561574678784744 0.15439811974293424 0.1557744599958728 0.143533786344832 0.11674692229233126 0.10178026479122122 0.10907075761528826 0.14959171527153442 0.18872892236494285 0.20092910895465332 0.19491627615155513 0.2061554685089799 0.18629597868966674 0.22730209632798612 0.2303448167905587 0.21882220872889563 0.20076506578119754 0.2489231569978874 0.3029606689058344 0.3217839017322594 0.3237212928410064 0.36625793097588727 0.30861316492167157 0.287650219743769 0.2680275958389844 0.2505812011372966 0.27478695054669594 0.24631488380341815 0.24519836001500828 0.22212543227738418 0.24508426991842877 0.2722254159926078 0.2728933568676178 0.27028354643741076 0.25439060687117987 0.2720502241885498 0.23389755222744832 0.23937546575630936 0.2653503618310932 0.28793822511652206 0.36331055723031375 0.35731242971685956 0.3132244978172388
0.19276393921540458 0.18591717750091435 0.1523720223603526 0.1489014745368389 0.1130222046662062 0.11627120893944211 0.14343868404684143 0.15558842311216034 0.14666586551867417 0.20207896407118056 0.23540729150704118 0.2326134646886457 0.19431794862978766 0.23365573795782557 0.23464244971197556 0.2431828560712504 0.22617746823651036 0.2568421160643892 0.2750020661860002 0.336991462145675 0.3815932200146057 0.3741910164592931 0.3376194946682871 0.30881374979730436 0.29831791524251516 0.30094029885724105 0.2934018481412913 0.266154320612214 0.22050030980045648 0.2585948826834213 0.2681242231835372 0.26553907441561736 0.26022158993284195 0.27284964169209464 0.22027114081652222 0.1885546162645163 0.19159774644207636 0.18804941848823326 0.21379065018006263 0.26182727370776737 0.3237244745139319 0.30821429143424683 0.2888816299336453
0.1564069943766456 0.18515029502130384 0.1448567203101466 0.10131486052156849 0.11099995545931186 0.11236512689016119 0.15468290768314102 0.1686310934274873 0.19167131952967661 0.17707180292725233 0.19542836499413974 0.2305728322664835 0.22505125998098882 0.20234217909432287 0.21613793445904037 0.2347187255417117 0.2516679233160017 0.2554877828886111 0.27607962932170954 0.3322566113496781 0.3783632420968945 0.3542332122294142 0.3404566756748686 0.3095142977537292 0.29859005531701066 0.2834781969396694 0.287085246966281 0.30126677954818787 0.29811463987629955 0.2725773218238606 0.27931610267577794 0.22513400247485799 0.23825099906417202 0.23813873232157645 0.18176394534804782 0.16076559034880805 0.152617736474692 0.18483245067515358 0.23255857640507777 0.27077132987197333 0.27003316606095507 0.279006480834972 0.24171000508961935
0.18198742793331452 0.1419342648431527 0.12185826332475368 0.11154141830027936 0.1219154118254569 0.12236206126315251 0.1070191237190789 0.1635830499667695 0.1756809659335811 0.21665608554136837 0.2384922249816479 0.19024470454873232 0.19203179824570263 0.23143414086329234 0.21213170079732738 0.25386225174896365 0.22177432386483303 0.2792885527042039 0.25506946709087364 0.3391278864538966 0.3541862854031333 0.3372325031589236 0.34464758458638406 0.30485902594672204 0.30639309378747015 0.3225843636921263 0.30212365899911625 0.30486566011446997 0.2940976507663603 0.26912019750054383 0.2644255015596849 0.23769200185945782 0.19863374184896185 0.1865751272631624 0.17413979340332195 0.18911447352708582 0.14813726238883373 0.16008770016815246 0.2064982756698878 0.25330247074560924 0.2506028141756246 0.24173679049921437 0.20384044582906868
0.1508254895795049 0.17474563774296822 0.17226659010020043 0.14672780645488298 0.12846889572053127 0.12344157737496615 0.14088191747681528 0.16930230239153116 0.1923367506672758 0.22157389620865225 0.24113675369076537 0.20552574050035147 0.22709170810879828 0.26179857792706407 0.2581975955752363 0.2737722060308 0.2888227302974915 0.2844369711587296 0.30112978771606025 0.3184947825128878 0.3411761477546793 0.30600005629842136 0.3172859466581791 0.31381915364328844 0.3327459537758817 0.33636904783002974 0.32948018046335065 0.35422692614181817 0.3533220678445727 0.2960020464859082 0.26441239286059315 0.27488556007575987 0.2297901519241661 0.2187991813991187 0.17012125899452954 0.17304010067961278 0.17259773728857652 0.19349314380725746 0.21099143169848264 0.19456067056642903 0.23077848551190738 0.19471946986464664 0.17770656154053446
0.14783527555503254 0.17410101529089111 0.15410903963535938 0.1679231413946643 0.1469872818989767 0.17256792021058884 0.16033988119572723 0.15441870371009359 0.17095615907660597 0.21525087065813145 0.20696136883205224 0.26158184918467714 0.27152971839836176 0.2913814228143776 0.2858294857744216 0.2731960882454227 0.28710257892742413 0.3211209723247404 0.3254561786049134 0.30938440230085495 0.2989003190881791 0.2976148414589789 0.2843507301385678 0.31843908052665376 0.2797107407865942 0.3247411428005855 0.38215241772781566 0.38008237370673637 0.3660874976478314 0.33466004890279955 0.31986742360043663 0.26702334593326754 0.22227709947998758 0.19038858059455904 0.1976114419748139 0.16554832362843497 0.19452022170870964 0.17157618202305389 0.1663299030841425 0.1720080364903321 0.17709562277913346 0.19844845652987397 0.182188250508278
0.14469892842881454 0.17768964965861733 0.13769417464759284 0.17222008244254908 0.17811157633713962 0.16109685530481418 0.154505252185699 0.18397798211732624 0.15045245097223817 0.19188108582922853 0.20749797413814727 0.25712809397809067 0.24414093093915434 0.259598010853122 0.3059024759124238 0.28817577608842004 0.273007929135741 0.28365662871512637 0.2754884631670004 0.3032321511576251 0.3090819799473658 0.3133480980601637 0.34883311562223995 0.33889494324121283 0.3531275030881864 0.36798485814289894 0.3777192904991986 0.382534849469446 0.3482554623219392 0.33229595508963994 0.3189480528085255 0.2523587814314929 0.19766180688205262 0.20053862329216168 0.1850239337881525 0.20061700564045448 0.20599495273879193 0.16273713545508012 0.1525476744966523 0.16823988922484626 0.15793780212517464 0.19863267799411644 0.18379276201803765
0.1707024126500131 0.1905607190637552 0.14074674439192544 0.1447121698593405 0.14459561360245624 0.14083031919508918 0.14486183761176963 0.17476995607231102 0.1539451162141767 0.16319119173568558 0.1950634045696542 0.2505322679903121 0.25721018800652967 0.28713838468544345 0.3075450644894131 0.2883348375433624 0.33147815897464905 0.31000015059982755 0.2829492801340809 0.33185116135623893 0.32603731095327426 0.3128674590492701 0.3807312912922903 0.3891693604486227 0.4199731072674884 0.4222111353724023 0.42465626762083547 0.3630868784646832 0.3431944978804788 0.34652255842124396 0.3107254019213782 0.27055239153531463 0.20328965555368853 0.1899781978467029 0.1923010888518041 0.20842174103035851 0.19388459704376002 0.17073661753436162 0.18452806979264388 0.18145169539407272 0.18987968900981708 0.1950216085041974 0.21069663614809883
0.20545898807504745 0.18245011399414268 0.18604920296649427 0.18281566983768838 0.17496374419729976 0.16841993377882322 0.1514424084032499 0.17107412713957335 0.17934193753600197 0.20440409361020415 0.21494243311364736 0.22791891416585794 0.23666601499330311 0.29294568010128463 0.28158153146625786 0.3295994032747543 0.30299119713145223 0.3221190297560737 0.3060425581913782 0.34375577194164164 0.3168849389013429 0.33299317957985686 0.38889906935222307 0.39264006697379467 0.3999334701012221 0.4346450779385446 0.4288892684386356 0.38370034109260526 0.38046941339370927 0.38247610649990005 0.3445136342972882 0.2767397717063331 0.22988938896214353 0.20933622272605248 0.2230620026191248 0.19121431879698148 0.20888610123841334 0.20987514591192782 0.19417499164446048 0.1896339910788795 0.1871244267302051 0.20174950515594084 0.21647771892737958
0.21159437765253528 0.23317574754778655 0.22750933029328899 0.2195043404700205 0.21952639028594423 0.2015624020689093 0.18929858226335658 0.19117219384866205 0.18226351841889113 0.2357751490801103 0.20751173869859374 0.2249686575651095 0.23960385129513131 0.253724936096558 0.2885978459660299 0.2865366803533047 0.3229733615752645 0.3143897046470944 0.36811953953216237 0.3414586078653353 0.3307525117044225 0.3810447924584062 0.3808878780231624 0.4194804948002262 0.43782519165555017 0.4382734760152907 0.38970204507356204 0.42431894724222924 0.4481498213084811 0.3988393367077536 0.3780540503049874 0.3206496610849118 0.24955580538126884 0.2649941857641498 0.2383125973987197 0.22795042819916747 0.2180820913608876 0.24044068399499233 0.20380453942628762 0.23362605398337835 0.2561173321392748 0.22940867823784225 0.20390872462699008
0.2488759279133239 0.24927886021537046 0.23255130896118262 0.26185971680835174 0.2698006411114655 0.2532577950984819 0.2373784353757847 0.25656782203365036 0.2666055360453253 0.25243804959228794 0.24429397037113723 0.2618234460794432 0.24905306019120582 0.25957918642445776 0.293325727869026 0.3106434248953595 0.34083210074987014 0.3492326786481891 0.3680838258750617 0.38075689966849496 0.40021467387336096 0.39676974183543917 0.3960394049486409 0.4022762492979162 0.42991933374656205 0.40610643522619305 0.4018797280944518 0.40584816705083326 0.3983774717729176 0.4013150612271519 0.3422604066492507 0.3285647018951012 0.2690412760752738 0.26906757432798 0.23529977895431908 0.24689056662135322 0.25542425731165597 0.25205465861793236 0.21598372282936953 0.23255502718035792 0.2383686818608975 0.2414643631124784 0.24292283981335272
0.2554766446535917 0.26290039193614934 0.23744780987831798 0.28993514865989095 0.2917701636014263 0.2945635863960489 0.2891883014711738 0.2711771698142184 0.27376998789507506 0.2782657773775988 0.2899634883033006 0.3010651753584895 0.28977313743155697 0.30688032092317474 0.30278834304722246 0.349577461511238 0.39394544570025275 0.3870508300509787 0.41481555833725736 0.4258001938288364 0.42893078878371754 0.4211162460946572 0.36672880830300164 0.3989385562426477 0.38241353789566945 0.39777158561210174 0.3983139138779576 0.3996359380405935 0.3814949531346846 0.3819004756439236 0.3497756225903675 0.3135204084085381 0.278441427225923 0.2661328118918152 0.2624050451312137 0.28283058199712297 0.29707105742990764 0.28034769632846235 0.2695396189170717 0.23596550353055282 0.22714295907398044 0.23168888702593138 0.24131400994307556
0.23314949016696057 0.25828274472854496 0.25532575287058007 0.28604931729776867 0.28949072607046256 0.2813812726726938 0.31456214532587684 0.3028193184305889 0.287690848851276 0.2922503906229463 0.2877335293133702 0.3137770117313509 0.3365829306732929 0.32064642243438035 0.3157791407113271 0.3751271934818683 0.38426137442703767 0.403989981036041 0.3977831603691556 0.4040744516482327 0.42944967946369034 0.4241565198985011 0.4247743784053483 0.3770524502035255 0.39157700693548503 0.3955353457854849 0.38398073111914877 0.3754715577739141 0.36055371501656774 0.331072860563598 0.34631265487393553 0.299137458414477 0.3191946482982124 0.29725211175026206 0.30504842650806036 0.2922275357573502 0.3113248075907755 0.2915082208379944 0.28227298087415414 0.24304901239392354 0.2246456055010363 0.2426933174303817 0.25344598541332386
0.23558690083136022 0.2774707317296263 0.2974135274451365 0.29245164428864107 0.24192661463578363 0.2752387100379822 0.3184033204159603 0.3368500008886926 0.3597671709081496 0.33850120622228363 0.3274316111835997 0.31003330423615255 0.3562081449470751 0.3300974271532604 0.33199824200497924 0.37551295914749167 0.40406942258925566 0.4257740534865604 0.3912260490852613 0.4063568031361924 0.4433117468848649 0.4446619232883643 0.44013208023641914 0.4333238406881298 0.4213818661123836 0.3975458309859533 0.37357755703553036 0.3182101795611723 0.2892608946333631 0.31966367266554463 0.30099225536240315 0.33447784256795776 0.3273781034888786 0.298212247016985 0.33826505758122427 0.32249472831104986 0.3353783897797825 0.2796877003968796 0.27655044239199195 0.26910893813130937 0.23990673140723726 0.24161236115441417 0.2836705576992182
0.24510161397383254 0.28623341742584074 0.28397980371194664 0.27184921699608433 0.31290912814265415 0.32113010744106535 0.31479559685904374 0.3548952470016292 0.3468415805621291 0.33487174534472797 0.3320476233202455 0.3347882329902673 0.3417993122654127 0.37189314928107636 0.3643061342122702 0.36349921958096193 0.3896901000402719 0.417355116470076 0.4014806040011462 0.40431147216862956 0.3782068798030192 0.3872078441233267 0.3769431186893417 0.40348175465247527 0.37313425272899636 0.356169578539374 0.32884348465959634 0.3191391443317223 0.28929045957097593 0.28788597482230505 0.2893161219894918 0.3115322394363388 0.3365481344978043 0.2980395894943981 0.3399409070670897 0.3106030730475334 0.3385406767721085 0.3185162888794114 0.2661922655244119 0.24784228724833773 0.2506238726808631 0.26407520458270756 0.29085417047520346
