Raster_benchmarking/Raster/continuous/raster-29.asc
NCOLS 100
NROWS 100
XLLCORNER 1743158.14308143
YLLCORNER 5469287.6379804965
CELLSIZE 10
NODATA_VALUE -9999
[rows 38 to 56 of 100, columns 0 to 42 of 100]
0.9260005913094189 0.923783912510032 0.9504556992496495 0.9614025897220276 0.9688460565534035 0.9654322308658503 0.9240880358446965 0.9526182342626275 0.9138177807890897 0.8925062478778792 0.920349999026943 0.9282319360238858 0.9019118529232862 0.8923471729891079 0.8704256593958907 0.8039914392128054 0.7221294414603622 0.6650104074360487 0.6047228912855762 0.5917726256510657 0.5563697431375534 0.5233516153998043 0.49042859174591974 0.4591887231937713 0.4092553157984018 0.3683760886613659 0.33924941842144496 0.33416691253478414 0.3328331128319645 0.3499273637906697 0.31560869872636876 0.23628013914611665 0.22644151875744908 0.262914204892684 0.2644044787817002 0.31314448839127346 0.32233455443555864 0.35614667967923425 0.3593946754004379 0.3380765405273624 0.32817284020651094 0.31606541691374046 0.30531381013257997
0.9244454301897872 0.8772606479959605 0.9210282182878757 0.9515500775475413 0.977663697172013 0.960899011828073 0.9443677218823944 0.9193709959946128 0.9128706510791521 0.9567784425882312 0.9113502433928011 0.8815648980019386 0.9126481278396558 0.9296721725090343 0.8664471679723927 0.7903597493079506 0.7250288896685375 0.6681269578280086 0.6183076350240112 0.5972719669634204 0.5569171549488803 0.5233415606384891 0.5048864679310704 0.425890521816037 0.3788896612332318 0.35626832003838743 0.353909787091179 0.3166946533742075 0.3245931364217542 0.3189801807162757 0.32457612180581924 0.24307480184712657 0.2660984686327546 0.25298172934828705 0.2738295026302074 0.3691937484650795 0.36499155111410625 0.39557431151593825 0.3597020799032983 0.3687954608734741 0.3364262173687177 0.2640199439373766 0.30518452802968815
0.9016257618628211 0.8695214657170499 0.873536445877485 0.9235964821334166 0.9374419519004631 0.9658237743057606 0.936276398321376 0.8973866919863931 0.9175325332612774 0.9118548812064226 0.8941414648759644 0.8842538119700596 0.8623247637021186 0.8282730081015865 0.8376951322700272 0.7770842729525725 0.7118615933212277 0.6778547965962544 0.6691109405541862 0.6140694710603242 0.5655961469866098 0.5619421279464308 0.5088216763558627 0.480164968333339 0.39848788542578906 0.3989029585389722 0.3681237924947851 0.32807795763185454 0.2961898666033686 0.3193135820950408 0.3005201987693538 0.26286673515733394 0.2540447348326954 0.29622956197621914 0.3012685871053224 0.3809876974285461 0.37257387528060326 0.40820037448084656 0.42007849213755283 0.3823896088762159 0.33809907665657435 0.27004832062547307 0.2717229836081828
0.8781056642863412 0.869031391612198 0.8569772722599964 0.8449186094841442 0.8749436729137039 0.9268310859998958 0.9070190834955785 0.8589708854392288 0.9088548426638624 0.8937113422511174 0.9031546212116703 0.8790159445047969 0.8270343082187734 0.7985562933599558 0.7481384162939679 0.7281152771432585 0.687041477830026 0.6882528057779987 0.6746498100911267 0.6305541872207081 0.6185948759594563 0.5956191272537913 0.5555104484640662 0.4760538158918505 0.4190160124819467 0.40029221027739414 0.3565370650443356 0.32780279442509336 0.3155359221222687 0.2670717752404849 0.29767768183434623 0.26504424549793004 0.2774475644713851 0.2981032080378096 0.3060458178171786 0.3715848162476307 0.4255932191283623 0.42777868535879376 0.4285263284683585 0.37307626531248744 0.3350590352380059 0.29197959134603313 0.3228734563796809
0.8931510882487422 0.8665250070638931 0.8486207131803004 0.8400693417482108 0.8925804614009211 0.8905277062695791 0.877652223514415 0.821021420465469 0.8478521844812044 0.8635573414465827 0.8316366639188097 0.8466930758309907 0.7919537205060124 0.7790402617958556 0.732544097543007 0.731311002523756 0.730439613494735 0.6966577155669399 0.689888968111789 0.6639930039325114 0.6206366846735153 0.6069031546020575 0.5515461772027732 0.5238637443187155 0.4764829301760091 0.3970988694750198 0.38441890916177585 0.3372536592244991 0.29972426021944787 0.2851515707407393 0.2742462337662152 0.2728825337210597 0.3252242070371208 0.33664335264335227 0.315687753128133 0.39844075049762484 0.42049510162001313 0.436856325711144 0.40221487072032885 0.36370261389300157 0.36098821616061544 0.31884693179783374 0.30448031751256954
0.8714375326023797 0.86739128101555 0.8801746650209515 0.8558514869162089 0.8979867046444511 0.8683206715616537 0.8273738438642465 0.8027795809795473 0.8452749435655417 0.8267117442459128 0.8213329882833559 0.8295800789683423 0.7754303018111376 0.7042452621572574 0.7384346946148388 0.7303905620328848 0.7008394150270221 0.6844768551053299 0.7202247157420076 0.7089597724435465 0.6886968383426284 0.6392934966435208 0.6152177416908369 0.5615790567348029 0.49374874875671937 0.4178839805336361 0.42181705908865635 0.40762011338775384 0.3132738889629735 0.28213410720114807 0.28326107529510963 0.31552082668501374 0.2960599307991941 0.3191209091179537 0.3532190147793299 0.3939301523040565 0.3951878312890842 0.39229534524502596 0.35844057412989555 0.31164546643909125 0.3378843787312834 0.3513134425779383 0.33856239907554103
0.8384230814178614 0.8475309787893207 0.8485884624701577 0.8565972144996924 0.8589361658256495 0.8458056773244282 0.8474988675646439 0.8031954670640504 0.7857236053029282 0.7628197621893201 0.7796346192452225 0.7736114168173788 0.7257421854984245 0.6828109072517323 0.6860459123719432 0.7013324777549055 0.696268443975768 0.7104658178264603 0.71500341018858 0.7003588518559268 0.6725086576795993 0.6545875184427137 0.5916309937638574 0.5624422511547422 0.4956546424533659 0.47037707642919324 0.4398894700007241 0.40253811056764055 0.3572503173559682 0.35118620391815775 0.2916572459316124 0.3052862768939503 0.3088500327474721 0.33725201008797273 0.35108232148355684 0.3381565899722987 0.3714267427242593 0.3513374257902687 0.3552368373703594 0.30527241503620467 0.31436338655978807 0.3488305796018822 0.324127484067361
0.829693478625568 0.860495374778296 0.8138448002709177 0.8453862146970065 0.847969553826201 0.868061933503503 0.828363030823948 0.8087181400943265 0.7703575471126536 0.7749858962399082 0.7886472475331947 0.7352818220927675 0.7313874466254365 0.7119070721735606 0.7108358744877755 0.7061157103165234 0.7278271017259067 0.7083792573131577 0.7081510005690672 0.6789370991737217 0.6901266468335104 0.6098667827466991 0.5934637801418506 0.5861979568189739 0.5162792555831556 0.4254021707429353 0.443849101652614 0.4085195401265841 0.3603003488398717 0.36380695917068484 0.30169459205278165 0.25826182995748936 0.3006018745082819 0.30578191361096824 0.3349800493920207 0.3527318562346707 0.34453361160323315 0.3509657625027081 0.3371853811087497 0.3105556816915757 0.3119515781038947 0.3231377164610868 0.3039568297774483
0.8139497637396167 0.8395786354151824 0.7993904772725342 0.8348093503365386 0.8362134244772905 0.8239106100032877 0.8012712280714573 0.784329597183252 0.8213590345708157 0.8020799315375899 0.7775514393413268 0.7264254989074467 0.6963770806561183 0.6989137301868266 0.6837704274415526 0.6872018299618995 0.6814345348816635 0.7176480295218269 0.7078889041854703 0.6838194263714853 0.6787503068643347 0.6566445420896911 0.6107343757217096 0.5567548305832812 0.5065934971353216 0.4719539234676305 0.40506036901083786 0.36323731694419636 0.36199772725381374 0.31786409727321413 0.28235594482754706 0.2917608737815807 0.27653754967413824 0.26916302767165873 0.2768671413895137 0.33835953046695305 0.3508990840956082 0.3628618289016445 0.3412933949036433 0.3367989642244912 0.27624530829863775 0.29410509636983745 0.3170039883683189
0.7568778331663464 0.8014519086314988 0.7722968926506845 0.7866735145910128 0.8141066792355345 0.8135524413229064 0.7767712206272108 0.8143228550282093 0.7850277200134075 0.8029124372661748 0.746433317871353 0.7109721749885305 0.7380289698240152 0.6898711033944063 0.7184700320140833 0.6727665356878519 0.6857890789307789 0.7070884616188848 0.6979970906874676 0.7327495481478826 0.674889716431901 0.6833086232100878 0.6398141853323871 0.5522286442827828 0.5125298124681363 0.42972925764525005 0.4014152490931835 0.37361517703863223 0.35699954839580583 0.32719334121080057 0.32534371510999477 0.29223136066808136 0.2480618748073255 0.2362153124529449 0.24004672209429676 0.27604609220814147 0.2958115381852217 0.32949031534905643 0.29315083680410103 0.30007352481791094 0.289399447831562 0.2708742295248332 0.2864776811657874
0.7721846065347759 0.7840744233293773 0.7855116695776148 0.7707956162977544 0.7949762003136285 0.7863798874309438 0.781072581122043 0.7944744118428178 0.7622249245172029 0.7423581241527427 0.758539560808029 0.7555163418396765 0.7462903330126562 0.7493146670627495 0.7084908948603242 0.7344538031364818 0.7446301835970989 0.7585491247810351 0.7247849071942642 0.6906477911024312 0.6858798153716306 0.6786664083833945 0.6196571283432459 0.5503362941465735 0.49001950310367004 0.4735268305631955 0.41031254218786123 0.36707417917728485 0.31846441191088815 0.29048298174065573 0.28466669636111586 0.28645634328290387 0.2920146755085022 0.26656267195331484 0.24175140934782857 0.24617439311591244 0.2636309555095177 0.2614121270539203 0.30604631868240545 0.30873444229437985 0.30402008848714235 0.27539312143557243 0.3134360920546647
0.7572721225150708 0.7728356963412031 0.7964119812951919 0.8279829779800126 0.7943839400092247 0.8140598927094457 0.7869277935298663 0.7776866326109738 0.7798417103173719 0.7561272957220755 0.7644738901441619 0.7639442849286462 0.7551786374348686 0.7734595463983738 0.759828747437849 0.7363029700650003 0.7343839406315172 0.7573361952916473 0.717597129438289 0.6797833715043875 0.6613197778931283 0.6694345713315213 0.6306831547905503 0.6049474328754488 0.5283205725095833 0.4832577736066007 0.41706369638725616 0.3849019701368067 0.3164241479829393 0.29646575877713977 0.29145128455258246 0.28106973678100483 0.2688037317098437 0.3130126255273014 0.24461628310608072 0.25090740009208495 0.2637859417984652 0.2509925975719644 0.27293922229507256 0.2768760458090772 0.3173656465454563 0.29499738034572964 0.31489020724915756
0.7717930875265274 0.7806422576954409 0.7697603150308732 0.7785155418807774 0.8029737673018391 0.8408210162509208 0.8245085217639229 0.7848375168452444 0.7724174383185182 0.7586513454987103 0.759326757222931 0.8139724103333151 0.7975475669388848 0.7844177767905284 0.7422439157530422 0.7635447403364852 0.7818022740981411 0.7643875201312609 0.7044023228797099 0.6739019842843861 0.6345702275048237 0.6379346697984305 0.6266076061245397 0.6190759094788253 0.5303651064815803 0.4938540820589746 0.43602013195536254 0.42743035173291266 0.36040208491145004 0.32274685884542637 0.3186793774643933 0.3150697500282239 0.28759707263463624 0.2742327915535557 0.28571255474775764 0.31606091343521775 0.2792026512789827 0.2464886687379541 0.28574328340112154 0.33094125325151214 0.3125755223425173 0.36349968526694887 0.36259407577211933
0.7591948682623493 0.7460805399987976 0.7638117598252645 0.751632325908989 0.7977107208875707 0.809433211466053 0.8100215077093392 0.8031270719683413 0.798595201083591 0.7570195718846694 0.768718906801387 0.8201252911937517 0.8035039389453645 0.740809579521826 0.7395428596169314 0.7944075042420345 0.7906890970134431 0.7914739175012014 0.7155215505578467 0.6697395001665063 0.6491064394461628 0.6209481863789528 0.6427911689270394 0.6260126201609378 0.5355508169392018 0.511133215275529 0.5141589132605493 0.4782346454218672 0.43214688644287785 0.33301538571787775 0.3069180332204364 0.2926161023345083 0.3212588120225958 0.30513594315051396 0.31226387575485187 0.3372036523692648 0.3099348910581001 0.2739312732698221 0.30141576738281317 0.38289259952267923 0.3599516792775335 0.4039575431321868 0.37283199640718334
0.7891137970538077 0.7846990696126458 0.7400962702813446 0.7873731575003773 0.8226989285610269 0.855168725262533 0.8131865476748472 0.7787050120857127 0.7841752863117298 0.7585836984913333 0.7841121607436373 0.82847264158243 0.8073658161648704 0.7969898316728276 0.7488963154395988 0.7817832464359957 0.8023013307503544 0.787808476792287 0.7583293050628349 0.7586026024694463 0.713556070328204 0.6688797145366115 0.6129759426404319 0.6115788956562065 0.5711107818642446 0.5700394085355335 0.5275919297172104 0.46902015594373064 0.47904569879969444 0.4435123568373251 0.355054525266912 0.3371061698979865 0.340819142001239 0.3341515800313185 0.3653158596079042 0.33052850313221527 0.3063026425124117 0.3340940780445801 0.33764264035004116 0.3650586474619068 0.36385868287548395 0.3829574961969909 0.3447282684937987
0.7499290437285023 0.7767478769537778 0.7412735215668479 0.7633652883639568 0.7949303040152955 0.86277646411293 0.8133140240619294 0.8264885290091759 0.8106592460668639 0.7796207735830022 0.833089881742116 0.8296130148207379 0.8001193257317288 0.8252208938280324 0.7840817866524237 0.7545297221190166 0.7891037951244545 0.7577997463233034 0.7966365947090465 0.7807824692726197 0.7285124419602751 0.6726410618068444 0.6304234591397183 0.6096521230210287 0.5880731304696277 0.6122685740372323 0.5554035922172915 0.5004710709338335 0.5197501106628095 0.48860543982525284 0.4207907242342028 0.41215811838409666 0.3562087640129683 0.36347857900888075 0.33137929566267293 0.36632631203230354 0.32797962218999466 0.3150997465122082 0.34448687017727114 0.382295707877987 0.36512582314325 0.33209189856732163 0.3090340744668868
0.762366178129689 0.7735139758406073 0.7752715320409286 0.79353308092921 0.8020528737746436 0.8659730789297266 0.8640360499808937 0.8249946090187911 0.8234446217488292 0.8524589897472847 0.856594538340214 0.8200353694644911 0.7993319705556791 0.8241716522193028 0.8110719273056428 0.7752244384858348 0.7481121371195935 0.7878205132174215 0.7958755940450166 0.7749216455712975 0.7668194900052706 0.7212155443135156 0.7059593493383871 0.6709299699701239 0.6303001156700127 0.6319876391382032 0.5434770802506966 0.5545170684367632 0.5306683069754189 0.4824379501634113 0.4676024101081316 0.4221134740040605 0.3848226333845822 0.38721679275961113 0.3405043851770005 0.3636078527588468 0.3168497303871246 0.34244057082283563 0.3244756390328113 0.35363792469083655 0.33544672688413446 0.35694122224739 0.33461949077112313
0.7301313255017412 0.7325031663694299 0.7568967065790763 0.8248881332200252 0.8380326455901825 0.8686750847991781 0.8673475866065053 0.9041139997743379 0.8773572242088988 0.8791829972662245 0.8368226642755611 0.8615685666471524 0.8172122919052411 0.7977588688967523 0.759981088840795 0.7599355078138387 0.7370665815442523 0.7889464433455748 0.7887642012006513 0.7422856421814642 0.7477097881076243 0.8055517862813933 0.7591382666796291 0.7123150375961078 0.6668637676695979 0.6495290029407798 0.5605604504790033 0.5324823408048047 0.5254937087898565 0.5299151071576791 0.45015542037059864 0.4244166972542016 0.40246106625593775 0.3911995553901504 0.3864752291366704 0.32463088493748854 0.3126536498272986 0.3217734052807418 0.33694172974254044 0.37769592569180294 0.3549929854568228 0.3503180733364342 0.34995178606721944
0.7258311361040091 0.7335960403648296 0.783947743981755 0.8339123478721169 0.869273932503067 0.8558188303962434 0.9010751652271558 0.9044577953015884 0.8932550496809702 0.8910753535713002 0.8702933571891476 0.7988781039605957 0.7709773033904661 0.7829739218902891 0.7417276570843151 0.7453992071782714 0.7538381098292984 0.7258497964862629 0.744309342622906 0.7569164769601622 0.7433397251300954 0.7491782957344045 0.7215254122850413 0.7069580870596246 0.6877964949726226 0.6763889862508952 0.6191330277468469 0.5819444717939753 0.5430729378017469 0.5401244322689496 0.4879281787541822 0.4810216784974569 0.4220876369203648 0.389230404690927 0.4097677980193634 0.4047161560491744 0.36853719816097247 0.38454577080260477 0.34278445861884804 0.33607853821837985 0.36282420184924363 0.34038645832424486 0.35727983156458276
