Raster_benchmarking/Raster/continuous/raster-123.asc
NCOLS 100
NROWS 100
XLLCORNER 1743166.6802366264
YLLCORNER 5469280.219957669
CELLSIZE 10
NODATA_VALUE -9999
[rows 57 to 75 of 100, columns 43 to 85 of 100]
0.845184061761191 0.7459741743522874 0.7421423058842026 0.6257639739127352 0.5590603460677394 0.4732524836245841 0.48961304690950097 0.4603556756529038 0.4388906480152087 0.3865699692577304 0.43502953782510934 0.42801789609175545 0.3644597503901904 0.3644598234929739 0.33261890130088195 0.2635000369679677 0.3003244721570832 0.27291682868023714 0.29573918537019833 0.4029990969113364 0.40171303247841095 0.3743918180330811 0.42040653072779544 0.39467354460759146 0.32347023769242145 0.30405584192122276 0.2941327052218369 0.3759843277335871 0.39227720736089305 0.4137421051227993 0.3417213213857304 0.35050430371658053 0.3174503319427091 0.3179920406282748 0.27925500161882966 0.27907278781317857 0.28322263398050707 0.349444409648345 0.32530145203723554 0.3119941969179909 0.3325395509015942 0.389910571040209 0.36173321610851433
0.7025893841961105 0.6830556480331547 0.6787127464694355 0.5569523022135295 0.5812189428435295 0.5444838263836562 0.4916163039569753 0.46545485077854165 0.45540062760722155 0.38759958413411466 0.3826815203941531 0.38158783350778125 0.42363114116027123 0.42868988194567115 0.3612197357610835 0.3588037374125626 0.3669086581309826 0.29236597106869033 0.39822831947644266 0.4243220848735017 0.4202731037848201 0.42523809687298003 0.43802968332073233 0.45517285006488756 0.41511462727494675 0.4377987663718424 0.37572886867915795 0.3314508805814085 0.384941099676716 0.3662430753904206 0.3829759025401081 0.3257863772086188 0.31876915462030603 0.3379135624969052 0.33820404068846804 0.30763684956736015 0.2986258939681823 0.2782632530381432 0.2307990675801073 0.28133009656826813 0.2878482702279775 0.34465101555902045 0.39910370607760204
0.6884176547885971 0.6105306372100704 0.5756680762223538 0.5323804470297704 0.5475100677651268 0.5165674203291489 0.5155958612721947 0.432670671196223 0.41989405949093955 0.4303453237622233 0.4086112087148962 0.39286944771376536 0.4088541109524934 0.3936784942558909 0.41525281933185865 0.4541268264645073 0.3558318938619107 0.33481445885491784 0.4110511406126855 0.4868349022792714 0.45429578824114386 0.4312110382512208 0.46298143817712584 0.49843681651838406 0.4904911403743862 0.4423767745665986 0.3886848654336928 0.3873480122628193 0.38469276972482835 0.39100780533608565 0.40738537182673823 0.3258139173088568 0.3193935948420957 0.33502346295796726 0.31664771790916846 0.23769452981468683 0.2574443799536463 0.1858626300959449 0.2051771245621181 0.2277715721801059 0.33525182748453985 0.3886147478207374 0.3406034638514633
0.6449103905686111 0.6352218730677016 0.5965066437844164 0.5754628924274645 0.5556681734282164 0.5105724109508957 0.46485562872301406 0.4832208381806435 0.4449401524522414 0.4011593858093073 0.3763641901374132 0.35133403738482777 0.4525422275606956 0.47165995794961385 0.4791541362727879 0.5066405741450152 0.39147765191323103 0.3792008163206016 0.38433328288386553 0.48084498639358153 0.49201613708608766 0.44687608159602993 0.5084945895139146 0.5186175708436851 0.47486587963920984 0.49673209358049847 0.479975214676889 0.4609491712269362 0.4751977846136739 0.4039505468209442 0.4016545937970995 0.3419734518389531 0.2978017832142153 0.320484846355615 0.31513989485737287 0.239940821016765 0.17127244958995602 0.11284587748687491 0.20320445870115605 0.27392739214552836 0.29900716120329773 0.351379553250888 0.3095121331517363
0.6758674425972562 0.6087215684685882 0.5941720543168972 0.5993782448572765 0.5351557972043152 0.4521075422462298 0.4576847293134945 0.47358519449103875 0.4387914308754428 0.40587678335811295 0.4456412656953758 0.42439557499294206 0.43117642694416053 0.3930200102238991 0.4320678973768913 0.523756896096534 0.492005822400655 0.4555149606902232 0.4286599537600182 0.5099708363298687 0.5148095992646591 0.4643377830690606 0.46745017764107843 0.47298370373898757 0.5433635913205377 0.5243804473896038 0.5373458420902834 0.5398208393476762 0.4832454354253998 0.388806901676758 0.3880396414330271 0.3711172449329315 0.366373640086368 0.2641353558191368 0.25091227946535105 0.23623692808544208 0.24511857414089275 0.18729965196330267 0.2280899783268955 0.30508258386611825 0.26902841941770267 0.33612325667077037 0.3139791030010735
0.7258601088095207 0.6898463201698318 0.6235718612750363 0.6243647900670588 0.566790144744238 0.4723149546853921 0.4124210265815757 0.441350913397367 0.4514555163049719 0.43428336635308673 0.4377056795871668 0.4061779787516888 0.3624037092178421 0.3888471000040657 0.48658506302149523 0.5511392659302007 0.4910329069334686 0.5022910320025252 0.5430797654602013 0.5415641650622192 0.509708216967581 0.5198581078490189 0.49257827651038927 0.5544840251439525 0.5407639801410103 0.5289414480344315 0.5331257076673072 0.48202013265826377 0.5263167598319036 0.4742805405077645 0.43999838310276856 0.35837504993106056 0.2916528035949783 0.2899414447294757 0.2735603012558396 0.22022440566878576 0.24670589439416135 0.26499799472600316 0.22476298776419443 0.2660602606031318 0.2604369669634399 0.2195605261684163 0.21029320720322514
0.7125496423638038 0.713249185895004 0.7136164620414335 0.614008522925751 0.5356201484545298 0.48909996881360995 0.46082149209152046 0.44554158775426533 0.46151850498548935 0.3884207272001099 0.4168563649589698 0.39949614538985095 0.4034563718909271 0.39248687332705356 0.4630849060552376 0.531840574942535 0.5747924382704837 0.63584000166272 0.6040794433237601 0.5895852380632435 0.5744510684876555 0.556395304934476 0.5293840910238128 0.5519161232260996 0.5930635944908387 0.5530057741859442 0.5527183484122574 0.4708888680019844 0.46917794895595594 0.4116462432367444 0.38926985009837806 0.31821749603162974 0.3149612885521637 0.24048119694575598 0.2606292335105683 0.22283732796675207 0.2467016281381833 0.25846982934285573 0.30819887114949734 0.25137144864655503 0.18876649739822848 0.23781704608836088 0.2435305548304077
0.7740039656011078 0.8430604745584286 0.6832008205604255 0.6052748890454354 0.5503663081796909 0.48997724633271345 0.5212853685087571 0.511889910347517 0.5069507748791945 0.38518213112914085 0.3755881009228026 0.3833127976092971 0.362714063557699 0.39416471960203536 0.5452263590330856 0.6229270324570627 0.6766049976893665 0.6696227504320591 0.6675048268895064 0.5930672860717205 0.532978459917548 0.47918825361433587 0.49211602999516024 0.5061632203575025 0.5939442222592641 0.7022653062007844 0.657279986882208 0.5076797050665683 0.49705242355394974 0.46001582486496007 0.4356945473047374 0.3307896757608605 0.2900314828432701 0.12719007411532712 0.23296272858520722 0.2575933320676719 0.20478048237446808 0.2516103198817208 0.25388425430140565 0.26472195994483994 0.211161171002315 0.18837714864249078 0.2355269890768561
0.6757058879564131 0.7428985509453967 0.7050884143468569 0.6387923912952079 0.6248609975096642 0.5328482761644462 0.5571987858594426 0.5656236189011684 0.5807518523460566 0.5181594113177416 0.4414868794958143 0.4302005260113378 0.4152702031164597 0.48450127809153304 0.5118797337277383 0.5454207730678884 0.6637770536159575 0.6251228499772176 0.6758860901570554 0.6229681290726456 0.6045627613648684 0.5791252725024378 0.552162690029871 0.528106191830973 0.606133844889786 0.6783236927742053 0.6699598999147615 0.5857661697498774 0.535982340672571 0.4157249053499287 0.36491205941772714 0.2927037520889638 0.3049585475356127 0.2568030651682499 0.1660243809734235 0.19250321876308835 0.20590599002143148 0.22935572961088532 0.19968683949400787 0.21721124650163173 0.24705448700837226 0.25591285160577054 0.17992386543969574
0.6148151578702447 0.6790427746080333 0.6147345888079679 0.6005982036666595 0.6162416464012562 0.6126445011867047 0.6219888351264857 0.6338885940615001 0.6520764930131535 0.6326341401158775 0.5234956771723117 0.46656373007550805 0.46565079057063447 0.5616524158180535 0.6041342512770091 0.5689567120044033 0.6512822107593109 0.6865016726546473 0.7028164283012026 0.6511372056720635 0.5612467642355551 0.6055432152634971 0.6201043716122668 0.5894417227265447 0.6717799668796169 0.6968614965732379 0.61389014885622 0.6121842873737604 0.5281373230016744 0.4795508129669843 0.4198866141207432 0.32166359938085914 0.2821248587635615 0.25270117485779914 0.16230493177488942 0.16784847495290758 0.18440903586197527 0.1861519166626518 0.19358310975618567 0.24668584210456407 0.23968441053749243 0.21718393370950959 0.1669080331724151
0.6284620873843677 0.6549400282010024 0.6103935343596274 0.6047136170267976 0.6880590541697343 0.7248356226384483 0.6888480969275856 0.7072388236050078 0.7403297150250441 0.6853242942479741 0.6165806385764566 0.5409133985508879 0.5356772424848261 0.520875339108585 0.5756079506369802 0.5535258399884677 0.6501317658393716 0.6566937364868995 0.6233124397773947 0.6171562582075469 0.577056380097825 0.5300848304649505 0.5762817557258556 0.5614771190729352 0.647395386565767 0.6765749428940484 0.605360500802627 0.6361033892587726 0.5864034135528159 0.4811632140477051 0.43409854976496043 0.4023683522136612 0.3456952052454854 0.2867013242473632 0.19750885002586197 0.20756867046875352 0.18393209494519147 0.17915335233013344 0.20696176745613432 0.1898917679685296 0.18508834210944267 0.16063127951001996 0.1886379281936882
0.5944609725797513 0.6617727892997599 0.6971180255200641 0.6786693231462841 0.7006746472691803 0.7277594544081135 0.7510861237602733 0.7965923024867897 0.7963173607132685 0.7252189842610384 0.7087424015754279 0.6692791907872601 0.612419126207174 0.5246472078975782 0.5800260147703589 0.5299867828682578 0.6444643802054948 0.6350292167142579 0.553120037999283 0.5010319625922084 0.4846209425516627 0.493742586716383 0.5127526687174043 0.53772536467206 0.564257779442416 0.667595476887564 0.6685164108937235 0.6339066752670135 0.5199065786878915 0.4929654062562301 0.44964048449490623 0.3499368783485353 0.36113217394431735 0.32400360583318927 0.20153170432591205 0.23508609783373668 0.22960155787807973 0.21658693368086263 0.12727124358100766 0.10730973476120338 0.12168989393495455 0.015559058053153312 0.1075195096087869
0.6309795184899284 0.6892417761176388 0.7315572781191813 0.6762743278603719 0.7108421966866892 0.727079165682154 0.7646121453944211 0.7495470702653817 0.8198935073346636 0.7494104833158619 0.7126589609116124 0.7558372739115904 0.6814674911503975 0.6097880361124699 0.6423859274532056 0.610840471608244 0.6319592658114405 0.6060753952371368 0.5901512699259709 0.5765843983340212 0.518556384987979 0.4620540749753369 0.4910233313020447 0.4744432669615076 0.5769836341154708 0.6401930913678758 0.5808223730505684 0.5144524714599413 0.5196098536747144 0.47582847683543833 0.38039466309492187 0.38040460138456683 0.2978620952258878 0.2876142972122694 0.2096624187957389 0.1949784357328314 0.22174891376765615 0.14971506742937526 0.12673723662640088 0.08565449632832918 0.10293399116043189 0.04051740319348351 0.11021621430739317
0.6213556134914214 0.7096497762760171 0.7657299211166743 0.7175523010086706 0.7639871725551365 0.7482917841567573 0.8270912000758444 0.8135316603045872 0.8336274381197283 0.8686923566476608 0.8413668692073218 0.770278307309783 0.6724656150810828 0.6958181926870999 0.6793218237802322 0.6393760514567294 0.5851670183293511 0.5423473003475267 0.5921851176731935 0.5435713211383998 0.46551937284159506 0.47271346687754623 0.49324300946323113 0.4695532246190256 0.5670961057311743 0.5953731821137711 0.5015970018436658 0.4788700816410794 0.4858872942438809 0.40998853319198586 0.34286820482992664 0.3237305922596014 0.3188430343143951 0.2791644242644138 0.20165996505649414 0.19417694657632306 0.2182176495626946 0.20201673447565793 0.14911453319753476 0.1537023161858495 0.06139355343201263 0.08011731489552916 0.04662767344000873
0.7028992787197886 0.7967207291634296 0.7419814437619486 0.7262833465789384 0.7884177439087279 0.767277950263386 0.8174349666597266 0.7843080480786845 0.8619156134803101 0.8860895854148729 0.8225898532143625 0.8152308793115391 0.7408105566207897 0.715032258385322 0.704976134993641 0.6601445811132396 0.6308934894364098 0.5825221890392497 0.5943141823914406 0.5021961493233313 0.46685894853753734 0.4441386446497272 0.4783448784991771 0.506097347568655 0.5380226252865564 0.5519753879814974 0.5188127013850605 0.4433269597734375 0.37072525468451256 0.40496957333403966 0.3081755218213813 0.29269679305174784 0.26521372772123913 0.25912482046614477 0.21742882055222407 0.25077715032856834 0.2062399126018176 0.239571487633484 0.25381399279916506 0.17946217997281352 0.07946875181348165 0.06625577480291679 0.031064408442544853
0.7508234059046511 0.8542355558608145 0.7874146982241343 0.7388466833497112 0.7774978328892556 0.8715810595174782 0.8753524979285211 0.8096859308744951 0.8929300289386329 0.8761821774094163 0.8936937975727016 0.8067539424217556 0.7592631059547202 0.8116549623911 0.7343609436168572 0.7733136182526118 0.6923649762264594 0.5648865001835122 0.6030467682492239 0.5771169728765214 0.44667196040726936 0.415519625374581 0.5190480473964125 0.5074747380911293 0.4714338371470683 0.49595817156021416 0.46079176175679976 0.3961493280097155 0.3765626300978123 0.38412254126083634 0.35432710027232495 0.30780597728257153 0.2818869611054136 0.23180364363697148 0.24134510164712833 0.3162772866445183 0.26346586578886677 0.2605090619007992 0.20361549815023053 0.21545256363050255 0.08267816962629314 0.0 0.10537401015751126
0.7546297040483528 0.8342859688592182 0.860904234143463 0.845334984479551 0.8351300446385896 0.9156988167262637 0.9288550747748202 0.8461538614582019 0.8991849322367036 0.8583633780093308 0.8744235425233959 0.8748295085670234 0.810366199377096 0.8012124601085755 0.8262344339559154 0.7691554030040688 0.7131222873440323 0.6260474032691545 0.6006048012693211 0.5980956160744759 0.5175176988318643 0.5394980478241485 0.5284910707677585 0.4683543144496129 0.47783406075821805 0.4324822427570809 0.4546394072121624 0.37664805519868405 0.34328217286056756 0.33270257958832405 0.31007628023848915 0.28309566334124525 0.2518622147382116 0.2731994654853143 0.3067892900615054 0.33934741950185704 0.2609693023650869 0.2839482636879278 0.1894380536543685 0.15194618090857528 0.15463843315196482 0.07803146773068505 0.11632246144929292
0.801015112346244 0.842291367386485 0.8915142043800324 0.8399357487054844 0.9166154697056068 0.9776726436643672 0.9446016132717445 0.9127312894605719 0.9348131452928918 0.891670421014689 0.8540692851638608 0.8289582429722976 0.8942997330669767 0.8793826585382456 0.8305504068559272 0.7739671415395261 0.7299213933009815 0.6336659283777476 0.5834466510293198 0.5775386984524166 0.5827267244202223 0.600476295084008 0.5650354463067749 0.5243740468118908 0.43830289957542684 0.43167279228326416 0.4278573549019341 0.44110593641080764 0.4126916728926285 0.31969212219396975 0.3319436182273204 0.24077744886618638 0.21241634391485154 0.2720931221793174 0.24465972163096447 0.2974787556724828 0.2758361813986326 0.25066800570520376 0.17608061975513484 0.13956769403675065 0.21189263602512612 0.16092266368023328 0.09284901894381273
0.7904238575160849 0.8567877333643666 0.8414934420526062 0.8762165139985826 0.9416691539597067 0.925123345943449 0.9828750922474283 0.974929406331508 0.878900877277593 0.8343794593105406 0.8889290687438798 0.8247996937138619 0.8854838862280309 0.7860980707443415 0.7296706899419525 0.6820594842253488 0.7245524749386213 0.6501868534095347 0.6266954398431518 0.6257438046886792 0.5504205030039444 0.5374659380290355 0.5073826575730295 0.45214784879445946 0.4665147343247957 0.4896679139821364 0.42947185589974524 0.4494412799074145 0.45417814342743934 0.36476525120960357 0.36385493855997403 0.24250010303825342 0.24213628355024033 0.2961833368256973 0.27785880923365697 0.30308228888671923 0.25124135824889987 0.2687832486400609 0.2282129020561049 0.18152425183833773 0.22375135528865286 0.2264307889995282 0.13487638052932116
