Raster_benchmarking/Raster/continuous/raster-47.asc
NCOLS 100
NROWS 100
XLLCORNER 1743149.239864145
YLLCORNER 5469281.275467614
CELLSIZE 10
NODATA_VALUE -9999
[rows 0 to 18 of 100, columns 43 to 85 of 100]
0.7914713925810021 0.7528474771964124 0.7303499594470665 0.7433398526977029 0.7631192784577059 0.7970243405282108 0.7520068799076245 0.782857603820947 0.7414822086966666 0.7632082254606787 0.7659835586185042 0.7711491545869416 0.784863698526566 0.7540864163275396 0.7532545511856532 0.7738079877347288 0.7826666022226394 0.7730301736585163 0.7715533128134936 0.739582248499913 0.6479767528183845 0.6475797701439995 0.6383674777343664 0.5828367014864733 0.5646453823239042 0.5416338723150027 0.5241702408379388 0.5210275933648113 0.5001112610920941 0.5199672168237657 0.4704887700249332 0.4411327696336761 0.44220085903143114 0.4133861129570514 0.38667680425615913 0.34764185868142045 0.3206223962913796 0.31369250858501535 0.31026435886002884 0.2872007778294859 0.3075618113184825 0.27819218447650457 0.24143475045814516
0.7979448703349035 0.7702794684901335 0.75676614246724 0.7287567720405317 0.7725442919088811 0.7772540307489761 0.7983970770932558 0.784678554834539 0.7761110196259762 0.7652368430486057 0.7998436269383378 0.8157955236098322 0.8052624479801886 0.7866319282730773 0.7494053854962925 0.7722471103465797 0.7684333406176188 0.7816063531670828 0.7789823560892561 0.6987717014358498 0.6664309638510669 0.6509134985985698 0.6491507486113535 0.6249101907409027 0.5899449130975386 0.5285866799486865 0.5043960390139373 0.5160135926023224 0.47377539133490715 0.4779700941170777 0.4736264843533928 0.46272967302378104 0.4375898377651348 0.4069514956193344 0.4136971986787233 0.406501744591614 0.3283918761592454 0.3285646882335068 0.2998427145102626 0.2833040594808477 0.28908641698492804 0.3072511544044872 0.2494223936890054
0.7744039026582797 0.7394467305748069 0.7617119227617658 0.7217313582678383 0.7547803981102137 0.7274872931150124 0.7709742608680605 0.7645862992341098 0.8126776079759129 0.7930811653955568 0.7939000114979471 0.8175219604811464 0.7774680738990626 0.7539620143634083 0.7586759895311576 0.7840940635724656 0.7928534519859365 0.7672072927342571 0.7504296910691304 0.7203685878383564 0.6874435524374588 0.6829134558845353 0.6439293571690929 0.5712354653916157 0.5686305168770641 0.5651112753405886 0.5533555628724344 0.5014665695492234 0.46318622663706466 0.46203338441675734 0.4814648561731769 0.4374733421026652 0.4038779056244519 0.4293399215442384 0.4325889367684311 0.41741994506547314 0.36241711037721697 0.3548029097732649 0.30483434296128425 0.3494005193197882 0.32491998200446837 0.28715517975182037 0.2812662178349115
0.782672462251813 0.7723535326629724 0.7375441172870035 0.6994805500257358 0.738782332541653 0.7697192920429758 0.7494987088811909 0.7936774132099269 0.804809251081259 0.7899224907291167 0.8102460662215071 0.8070767038166756 0.803527600047111 0.8117961426996179 0.8249130540870124 0.8173302477432012 0.8142876658597229 0.8263988688877203 0.8066157269226475 0.8013823707258371 0.7432737704423578 0.7043723521179558 0.6696884466932631 0.5922077379050201 0.5987950981688831 0.6059507658577202 0.5338747889388137 0.4916086903180238 0.48572267197000074 0.49073548352829366 0.48841691996941056 0.45254418576103594 0.4096719853399196 0.3812575712257578 0.36365491006179856 0.3549052791809102 0.34561246690713643 0.31914169161377226 0.3238359094672966 0.3015313501538143 0.29932727853863383 0.2921746938024771 0.2922267117323338
0.7648294590381641 0.7195078704759194 0.7248156943313626 0.7223987663798698 0.7258741760128163 0.743247161004953 0.7538936265645336 0.731639985460322 0.7996542904559453 0.8043146570671464 0.7731703727060625 0.7838913855805488 0.8197721069886472 0.8018710997724214 0.8361261995726128 0.8505370647509526 0.8239535113495711 0.8319935473239455 0.857078007498385 0.8324046198736466 0.795225538754117 0.7255676900522643 0.6565915373611462 0.6470106426381634 0.6256275213711617 0.6081999665916444 0.5264316725295196 0.5004528082990267 0.48814694085655647 0.48248572063459044 0.4826435496890662 0.46527792934093226 0.4209610702841659 0.3593544068160814 0.36528283390839056 0.3609283100346724 0.3272988663168178 0.33656687912898986 0.3400683450398229 0.3147180978649696 0.30702155358911176 0.3070805844154052 0.27105324465293923
0.7918618947395671 0.7117633525310518 0.7254243510241506 0.7034456081641108 0.7431608755368398 0.7506084291792711 0.7009665169128625 0.716147176096857 0.7745960167943019 0.7616216042644316 0.7716126199760249 0.8076104185490556 0.8031832688619203 0.8083266792539616 0.840183261531168 0.9136328588551079 0.8746838089433997 0.8456468376557517 0.8755770194574718 0.8497970546528095 0.8406294012619381 0.7816354077164965 0.6840927219985696 0.6737984487323945 0.6415378564197576 0.6015274762547391 0.5682369454371657 0.5437126891203423 0.4776484477044552 0.4526775392533402 0.4892531517680475 0.4890659891791248 0.4576475020974016 0.4353323652675033 0.3781613420760433 0.3470241605163843 0.3731158041801295 0.32085446351550206 0.3207513172444151 0.3413893496240853 0.3656734736704796 0.29734952972571993 0.25819784205899604
0.7445034579217625 0.7225706521291276 0.7380392843620625 0.6985006776251265 0.7599627826315567 0.7470263964547494 0.7349724555196011 0.7019850629154633 0.7717781584814982 0.7526442775292214 0.7516259569746834 0.7503735343566053 0.8158077859436095 0.8223725216965782 0.9176469194042882 1.0 0.957079265807 0.9277321197744844 0.9184080833491511 0.8927877315663003 0.813823539041156 0.7973523441784973 0.7096042911207585 0.6489212581531268 0.5964190380611254 0.5721958498849166 0.5704117168544907 0.5639264466214486 0.5035899007568784 0.4787529624910755 0.47734630215752455 0.4571532822093694 0.4722209258137494 0.43570117902806627 0.3640893925455613 0.3088674860071695 0.34165314407898406 0.35807166348892233 0.364659164222118 0.3933281826904426 0.3753943336415296 0.33266800278614245 0.3168368708869941
0.7481260810268862 0.7523442248296615 0.7377745376422289 0.7281507515418406 0.7463388509297644 0.72840157275587 0.7071222455836553 0.7263795105758115 0.7561194966029736 0.7621432156045977 0.7492360986790714 0.7686013751097275 0.8038276162594178 0.8492060824450602 0.901788730193459 0.950148826658919 0.9414015709251601 0.9650229157829565 0.9365091344414967 0.8559314792173054 0.8207681284009889 0.795633627870758 0.715686685344136 0.6879473185076153 0.6286083629581196 0.5931647554363112 0.5408799194748485 0.49965155577763604 0.5028845418384753 0.49158814033229015 0.4745574065228647 0.4540280283647136 0.42078221855241044 0.4034221467610469 0.4007858770800649 0.3180137104311796 0.32839738954756054 0.32942397445463406 0.37590994201417927 0.3986439443274675 0.4190443014353173 0.36263214492073487 0.3382536207330751
0.7122268453334456 0.7599151577713036 0.7347628136137856 0.7376413501724438 0.7032479441571103 0.6740082933008502 0.7591327740317134 0.7829279393419899 0.7484202968090133 0.7741243236389461 0.7809044736215165 0.8322371710079383 0.8572570411628817 0.8770553994441386 0.9168872945495697 0.9121432864163251 0.9101040181786058 0.9441934495957715 0.9240578359756151 0.8936960159072012 0.8506867162590822 0.789998896181624 0.7191246391621062 0.6589584528079424 0.6123920354672612 0.5462537286804175 0.5097956759174128 0.5164799724228939 0.5401511333747155 0.5080520451724223 0.5026977042829607 0.4435395657166703 0.4448804666219599 0.4382489648996828 0.3549831658478083 0.3231957753932971 0.37845956171294026 0.382403186737688 0.4000781169735458 0.43167834732123345 0.41456938333881255 0.4090713296004838 0.3686492867432775
0.7153272417269091 0.7438378832700548 0.7272422257231953 0.706536944111409 0.6679606594048679 0.7087851165679092 0.7477587920628641 0.750918827240963 0.77651559639038 0.7878191741604428 0.8095843383507428 0.8334324036431737 0.8340399890728164 0.8846804879249588 0.8846171984174391 0.9366897492396146 0.9159594129292767 0.9159343188616053 0.9137508655022413 0.8554483265137524 0.8499651459796108 0.816511649710582 0.7178348128945693 0.631877794541498 0.5965307931103193 0.573375361435118 0.5121586127189239 0.4743979949178149 0.5153659989359523 0.501385300110482 0.48782835755611864 0.5043476441711177 0.4657886887803042 0.41532995043292303 0.37300440226439374 0.3324741038579145 0.3537397657312607 0.3328686370174755 0.3969713101080154 0.38430882311140374 0.41404343148784406 0.4242512250096561 0.4067228497829659
0.7017405776475405 0.6759751126250033 0.6688486418900167 0.6724235395294954 0.692843400558874 0.7091782288393472 0.7238276704465029 0.8034419661209907 0.8103424388058084 0.8044073112319446 0.809030067025146 0.7954485012361858 0.7950270447014199 0.8402769001979981 0.908617094914427 0.9524533282516625 0.9313844553078384 0.8882649855346921 0.908036362450644 0.8589004252580837 0.8181929212710105 0.827610952011958 0.7421339352563258 0.6514264604797555 0.6068380044777784 0.5162717722414948 0.4934009628625052 0.48077670346716234 0.48412023900008533 0.5069483760370115 0.4643225358172891 0.49841764306509734 0.47153690045382307 0.39639571070207563 0.3343526320183537 0.32433215132997817 0.32627537636343173 0.3241772553245989 0.37547642005234483 0.4204057005769969 0.4323300824446071 0.4429612626094228 0.39590706848286045
0.6867205945360263 0.6733608514447081 0.6878078818980442 0.6981103662707618 0.7237516879386813 0.7370891327679879 0.7462297042493902 0.7997568759133306 0.7923215021841656 0.8194729265082209 0.8129916624339371 0.8338690637115825 0.8344769115640813 0.8268725658577936 0.847973892704972 0.8623295812541636 0.8884764730733946 0.8962251830104246 0.8571839753735514 0.8888791658076696 0.8489231565533791 0.8123740040802259 0.7614367749078006 0.7179830703536858 0.6304036287611358 0.5433031234042003 0.5132674928448762 0.5014007697223609 0.5028896576470312 0.45617791993405654 0.4570046324579311 0.4572826805944691 0.43961136066898615 0.4057060485492839 0.3545399413527684 0.38559046235103234 0.3720515798709858 0.3263607002146604 0.3710815959135516 0.41607046530201325 0.43424775118223885 0.43696552862073 0.3887510536951422
0.7270057016285963 0.7348346650007895 0.677075796017656 0.6931091890884623 0.6947457979402469 0.6948344133243447 0.7404915194712723 0.7787487489436715 0.7543252226983979 0.7793873733481853 0.7623066902044026 0.783939412563858 0.8082478428678382 0.8262613578236122 0.8584641328666428 0.850433949276991 0.8721871350339886 0.8914668514015925 0.8658701680437917 0.8718658823332275 0.8433094438596718 0.7963505418232373 0.7604006020592885 0.705311424109713 0.6362156900580467 0.5878289832652874 0.5538236572235135 0.4829265516288389 0.47915217850859904 0.42924908477258894 0.4625338173859395 0.40273984211802283 0.40315073424034154 0.4462886389332997 0.38264237739405743 0.36576863393063397 0.3556565072127426 0.34652370280172484 0.3428304669877941 0.39973366817332473 0.383527821871594 0.39067422838149896 0.3959806551075314
0.6967951796194704 0.723938752590465 0.715560771761261 0.7185147583409746 0.7068392543629353 0.7292124407404634 0.7373234306103964 0.7401382241593938 0.7817220296761543 0.7880723601331653 0.7935885305774997 0.8148938052439046 0.8441501903156242 0.8655444540635648 0.8416893905979886 0.8959464681370565 0.8811771307456577 0.8912111147987426 0.8965908757784735 0.8520363272934406 0.8107996053997722 0.7652763064160367 0.7255240703257453 0.6753310300686939 0.6099415586572313 0.5656268608778429 0.5631348376618861 0.49396549239106224 0.47208975325326613 0.47622224981747374 0.4438525254588636 0.4235166800838253 0.43693352630977117 0.4433049286018258 0.4211107331033507 0.39377090562545863 0.4267882148101057 0.3686549595363141 0.3649834485827333 0.37901608955676874 0.3727317147341067 0.40109835072746947 0.41572184110873206
0.7043850745823714 0.6920795912856996 0.7313141880484357 0.6986660682809807 0.7185413478208105 0.7263526776860584 0.730609420891544 0.7281430743897274 0.7943900341661054 0.810641850737348 0.8377174846080714 0.8071733312276871 0.8312929741465711 0.8733997001604954 0.8614482745546717 0.920034755411195 0.8709348719182869 0.8517204552670758 0.8591442324835812 0.8867285985168551 0.8356884036471456 0.7669821967700988 0.7253467435341325 0.655652960618843 0.609794396507923 0.573756624464468 0.5340346965792837 0.5164136946396146 0.5150220156900404 0.473766376684099 0.47792888499462016 0.3979909053852617 0.4250601351520669 0.49811637049541624 0.47457685650763826 0.46803965749686893 0.42716312183947586 0.4599875588546192 0.4301431166364644 0.3771412247357347 0.34693891182038505 0.36888673209097234 0.4461250549783285
0.6734101062793318 0.6989513325765945 0.7115771924891402 0.6874657417851424 0.7124964052464006 0.7035443372438399 0.7117171748861242 0.7327154338744559 0.7714192507996944 0.7763077422219304 0.8187467544874663 0.7796385205957687 0.8170773131366325 0.8750335990358443 0.8980397365297679 0.8861201920142707 0.897874956497949 0.8705104554858508 0.8870612370534259 0.8668098652634505 0.8639659482825528 0.7838318424217555 0.7293604461919471 0.6510118873709284 0.6156920132985169 0.5739148171793385 0.5940288248276798 0.5129248841399907 0.5111489551449498 0.5094518642308538 0.4832447249257099 0.469950331076301 0.4385933056208701 0.4552468185547918 0.4980740134666143 0.46574226275591396 0.47711010314774693 0.42296679907465967 0.4174166945627688 0.4376617848619478 0.38559105885902917 0.3930089377876726 0.4692583849609592
0.6880463828288871 0.700200666966292 0.7146382148273595 0.6884334553855568 0.703481130434665 0.6939877333236188 0.7013580610467286 0.7064129872894988 0.7296828406144771 0.7665038688024218 0.754330380930966 0.7778265557305694 0.78332491840308 0.8261432666742657 0.8850230557984758 0.9194347800833188 0.8726726755272273 0.9003070390269733 0.868802705890266 0.8802850319717335 0.8458925108408425 0.7996441432915913 0.7549503983625399 0.7057821310042647 0.6588586452115225 0.6369590631279073 0.5852817332033685 0.5270218408452688 0.5192444213629909 0.5287525334903667 0.5131092530553508 0.43796791776796523 0.45797266482463866 0.5034623921919178 0.4935768163113798 0.5221289156396226 0.47855816242025934 0.4440976536157677 0.4782941963234931 0.46365320533365195 0.46207034164715083 0.4328287176666979 0.4562131909732955
0.6102781442209229 0.6447144564968698 0.6390320354238682 0.6704497053571266 0.7057745054176641 0.6932304021005974 0.6970191543829455 0.726883895582525 0.7510212935630973 0.7863394023278011 0.7752283362494172 0.8212519149618221 0.8357907006223392 0.8408403798488879 0.9074350559935346 0.8770678543763097 0.8802697168403566 0.9175175707520359 0.8975646131132752 0.8397357464358076 0.8449974717266466 0.797301506503164 0.7653606901644073 0.694594258835534 0.6323014748070591 0.6222377351234192 0.5684528303839621 0.5572364866753048 0.5151693367637724 0.5265677111190138 0.47678573249322637 0.46529111511491683 0.4540138017750627 0.45547223499492767 0.4637234670308086 0.46275610459016525 0.450662761200307 0.4746437281041027 0.4598690516809731 0.4424964039664559 0.4405826843239547 0.4798101235447449 0.47548001610805746
0.5689406656058265 0.5984313174496569 0.6247124956097632 0.6742197674934384 0.7005437621390166 0.6714301708620865 0.7253692860537846 0.7414888260953424 0.7514777260413551 0.7507066184480181 0.790369682146731 0.7834586001007352 0.83313347672657 0.8775547644891882 0.8620497348520789 0.8998232527583273 0.8807773920606462 0.914321118104847 0.8723030462518326 0.8580263171692089 0.8470701354332882 0.7878821569221699 0.725632145620385 0.6563679245204332 0.6292452912534754 0.6274116356870245 0.5897000992547098 0.557561234637782 0.50554556218904 0.5142914416842804 0.49143080732296973 0.46715589935009955 0.48955576646586835 0.463212995893742 0.49991017716021613 0.4726084382851337 0.4653940431960465 0.41807340603527654 0.4382613152746765 0.4111652765169886 0.4549940503429802 0.4572473789282376 0.44933068385693764
