Raster_benchmarking/Raster/continuous/raster-461.asc
NCOLS 100
NROWS 100
XLLCORNER 1743152.1047165857
YLLCORNER 5469290.796968475
CELLSIZE 10
NODATA_VALUE -9999
[rows 76 to 94 of 100, columns 43 to 85 of 100]
0.3974797010900808 0.39848081073726116 0.41847648920114483 0.4717443143113884 0.45712993515122186 0.46059400066224887 0.44831398567901287 0.454104096926829 0.45555846494968577 0.47069481500971266 0.5140752954521615 0.5006603545813098 0.5023276920637798 0.46516093890134025 0.46817539673407865 0.46104115182376565 0.4714415210555773 0.46111862450259694 0.5087982105365244 0.5088826250694709 0.5268090721953477 0.5226079059261546 0.5112335077452005 0.5324523946820424 0.5479850683366762 0.5555327004531201 0.5567447978252166 0.5348173676130972 0.5918592072915339 0.6559452499783238 0.6709930559149367 0.6981309788484947 0.6972926037483953 0.691850183684491 0.6857736705540778 0.7190506828088236 0.7501092783986472 0.7555091512633708 0.7483180690235174 0.763068397972754 0.7590174055343114 0.7620283061386754 0.7710260340937469
0.4274660383605029 0.43666545866944073 0.46954423334811835 0.4817887330055692 0.45161939396177697 0.4532276865844528 0.4414524190021396 0.44640813484455955 0.46967697572117156 0.5198103184545976 0.5059377841428261 0.5107813396795139 0.4881339253620776 0.48572894823520546 0.4754715291709421 0.43864744825212293 0.47832421168845235 0.44775535837005875 0.49867164679997944 0.48978772682586763 0.5039867906208592 0.5405386188694198 0.5429610841470839 0.5403835702781685 0.5157876337488089 0.5341748661205165 0.5195744699682737 0.5086069210423946 0.5508558553197959 0.639834069695502 0.6502682188941162 0.6862907879613059 0.7133458312977321 0.7058361435302635 0.6995392329137053 0.6846145382198684 0.7398204564397189 0.7725996709934364 0.7653408881694453 0.7240463554024166 0.7172448749572542 0.7283237085814492 0.7243832875762337
0.43774228616058863 0.4779092300428533 0.47452882011492736 0.4770786319636587 0.44709125739542066 0.43574945849177504 0.45501093040026935 0.4771630380017889 0.4830745832848608 0.5062399436968955 0.5273311848206862 0.5357287966517735 0.5249488641068933 0.5053502463233482 0.49403333796514065 0.4656400061945802 0.476708653726846 0.48208771468882383 0.4994412944007279 0.5144027169871447 0.5217663463079384 0.5515446076759123 0.5280141042100966 0.5325059022759584 0.5248483270209906 0.537290093430231 0.527748621067298 0.5401579733583507 0.5521091095602549 0.6052894484196294 0.6493167383175978 0.685182397708484 0.6821626684967053 0.7159117004559162 0.7262454521479779 0.7339907840048119 0.7454498339237128 0.7405896923589854 0.7580451854445928 0.7133745848549415 0.7036841369081771 0.7017592912026664 0.7152323054071371
0.45709461427081627 0.4869179947078088 0.499997692832181 0.46215077925580966 0.4485238826487023 0.4657691309360068 0.4579492340247294 0.5032778443966242 0.48914815263011635 0.5262490040725604 0.5172788658577552 0.5088718340797845 0.5525935218820721 0.5563851693390521 0.5325260264012215 0.4977007350341248 0.49969338535778196 0.4671308806439225 0.5158847258192061 0.5317869818051433 0.5255794736659242 0.548712345963274 0.5251441869103521 0.5442702109307631 0.5508418958199897 0.507354887939087 0.5251109702898313 0.548616601823147 0.5634940995360004 0.5829820176088475 0.6288798758359841 0.6533822260413548 0.6853791056117937 0.7191589486950881 0.7401353404261192 0.7113385733594983 0.7483204459411218 0.7490139805468173 0.7157998161402073 0.7217962257238026 0.7102311948725619 0.7305602847832909 0.7017578166458771
0.4812039845969235 0.4929834739456361 0.5181053703153748 0.47987691966838525 0.4772649274102557 0.49285971328118733 0.47925261250225515 0.4808188768467056 0.5232670701805942 0.5412102245056817 0.5648921753607006 0.5475197378133919 0.5666009993155361 0.5624283853145206 0.5356985440398071 0.525298872731312 0.5011255557304403 0.48045408329155315 0.505219874068744 0.5127538553475726 0.5178834599767661 0.503012973491896 0.5241525440252184 0.5530654102429429 0.541256380055158 0.5076084974250049 0.5371841879356357 0.5661029994255553 0.5665928622660366 0.5812335867630853 0.6167415938115813 0.6573709192706361 0.6918108197511113 0.7215663383104334 0.7196507623973586 0.754260672148265 0.7470861272145696 0.7526904857344437 0.7238867082056067 0.7481332715420479 0.7388821069583624 0.7230425261288991 0.7298455257413232
0.4679162414243216 0.49031548800135627 0.5108172900768541 0.5454716593291004 0.5282987338244407 0.4880698547414916 0.48135041985622723 0.4904942918871208 0.5054733268603135 0.563063513697285 0.5666443351679143 0.583365007737257 0.5763916135603573 0.5412315033333861 0.5654302493810647 0.5476326844575611 0.5109602749980985 0.4979140941631782 0.49432656145359843 0.5128560128073604 0.4941200381052153 0.5078298239484882 0.5220178999635606 0.541089124993325 0.5257920271275335 0.5179038178038461 0.5311951021387324 0.5284204670905411 0.5603581758455961 0.6118533162622066 0.615479303968582 0.633926438099808 0.6855501552106539 0.6910321257060232 0.738506626019931 0.7596515214210828 0.7620046779171356 0.7705292488701435 0.7243522927961336 0.7301200090256365 0.7224659406757056 0.691727042229268 0.7088121194688154
0.4990037672644781 0.4869430365339805 0.5270277377462206 0.5357796434412484 0.551819811362823 0.5251323019772695 0.5289562631636187 0.5384741419485987 0.5186300679563872 0.5179648244245709 0.5410359372356772 0.5537418503582526 0.5585936322948805 0.5542289759911475 0.5540526775704903 0.5377204390081737 0.5464531187469576 0.5538603860978073 0.5416436541608833 0.5434633297244255 0.5052982923513919 0.5287624529740171 0.5160523626581016 0.5184281931553313 0.5371555511135832 0.5226677024267274 0.5279271308705417 0.5702261557713499 0.5744055960150644 0.6110015631761234 0.6217063080985207 0.6169791506321112 0.6384307767860402 0.6975042307948373 0.7172772846579129 0.7083448628751043 0.7416171059972828 0.7409631602093991 0.753471980715778 0.7339318816163504 0.7294901649180995 0.7183480500238182 0.7074700070272774
0.527332009860892 0.5021404577182602 0.5127717382600141 0.5488843460831396 0.5524284582400018 0.5547312371080012 0.5448438719831094 0.5666605318137731 0.5227540584339224 0.5312138612238654 0.5539890876871557 0.5614340117024675 0.5832158781142222 0.6064331765397939 0.5767043922224045 0.5657562208395448 0.5637056529814687 0.5573109475105209 0.5427074595077788 0.5328582988783722 0.5417150261983096 0.5315556499225168 0.5180677942731773 0.5473087968042849 0.5359037791041071 0.5396338760404821 0.5398844824079383 0.5631234215264469 0.6015872543597451 0.5967461269727289 0.6177928734764431 0.643342529138536 0.6716662556445443 0.6649455502492905 0.7073169265184719 0.7019404408671835 0.7278128132029276 0.7240373320683074 0.715168328336731 0.7486195725700503 0.7204085050389478 0.736626308920312 0.751665034586705
0.5264404007711924 0.5050126239197685 0.5176180600941525 0.5642577367406035 0.5345813220867155 0.5547667673860909 0.535372827949962 0.5301180631853627 0.5391771671835003 0.5447392175597426 0.5633907856338308 0.579960539479957 0.5947935100046925 0.5988931587974664 0.5614441884138943 0.5758200226375966 0.5622350655906839 0.5435577649109503 0.5549399360031224 0.537580655213882 0.5313663487496812 0.5522332748284143 0.5406773907351663 0.5237409968782373 0.5540355173673709 0.5536339587879151 0.5542356970324049 0.5824746603773626 0.602208378189783 0.6216768196754954 0.6530499928431028 0.67047721965415 0.672477960043859 0.666403759955323 0.7066073431997483 0.7392240934337606 0.7447621765388072 0.7454968309031496 0.7219063037167879 0.7184581021574051 0.7384818992023837 0.7459911677208473 0.7242896379129178
0.5155949410587513 0.5210185496725939 0.5187244243530355 0.5765584044513778 0.5665700346842311 0.5357456439357876 0.5598536940574819 0.5509292447539708 0.5379731938065077 0.5717720277140482 0.5542978605113662 0.6033958194293152 0.5943620828220184 0.5600390095496567 0.5500455118688752 0.573678173353454 0.5841894020210205 0.5887401605729743 0.570360357275031 0.5297355405756048 0.5444986168064591 0.5607166703581081 0.5216579755356504 0.5256098404326919 0.558159399939535 0.5530571211796821 0.5645875190721161 0.6072704866190243 0.5978417227093736 0.6064632479489112 0.6246928077450977 0.676511503317163 0.6475963859410939 0.6658765905679773 0.7102205923741289 0.7363240494323811 0.7254656054787236 0.7384598620898756 0.7187427653998526 0.6753512394406918 0.7094092708502311 0.7256014323864781 0.6963051532666236
0.50926126469798 0.5145426848442712 0.5383477243669026 0.5380068919603846 0.5574708215694513 0.5297370105140708 0.5291560313002353 0.5438854644000134 0.5729935087943056 0.5474320964607059 0.5584206793587871 0.585250369139783 0.562893536585525 0.5696197752463532 0.5536239231548079 0.5675781834819013 0.575685300167771 0.5775377808119087 0.5521120711564447 0.5234694574082219 0.5377076367313143 0.5389218010135782 0.5243485820139211 0.5191092232449351 0.5358769668105504 0.5373094029620726 0.5597722594991118 0.611971322657986 0.6117403870892021 0.5979003594684449 0.6429577871114548 0.635421811217966 0.6543924979891297 0.6543749728899234 0.6794501209023496 0.7243965941946603 0.7333589477843142 0.7368515684806541 0.7136510432135449 0.6767540322048469 0.6892682942004218 0.7337724700043851 0.6984473873735418
0.5068706400376911 0.5523889013902284 0.5489993451192983 0.5520634657300324 0.5335450723009392 0.5420553474848665 0.5408059474755041 0.5256510464537598 0.5418407752357434 0.5624251832194594 0.5649300418889432 0.5803485627457279 0.5635544291768514 0.5327027285170384 0.5216429053869631 0.5703999837952882 0.5578682305831965 0.5579360489296147 0.53838475606183 0.5551515851936683 0.5402273144360865 0.5106957206072287 0.5381257955826164 0.5476388474418423 0.5351688318095817 0.5291439302658025 0.5335713695198896 0.5969652566196911 0.6229378316656113 0.6107554086753543 0.609162812092023 0.6349348177336736 0.6372225579655976 0.6505710919275289 0.6531607867901741 0.6915720737842261 0.7076247495658083 0.7254845561840381 0.6994146881885495 0.6993461575411143 0.6987160493236299 0.7355311639384522 0.7286959613039672
0.5067599832113543 0.5217940612955103 0.5500986273613326 0.525039342697905 0.5259671193137607 0.5656803033841528 0.5741349471721301 0.5448592983616554 0.5390715540126549 0.5266144038154836 0.5554661607103519 0.5234662489012385 0.5220288548139417 0.531319552657178 0.5104260501556893 0.5255205415176182 0.5149131974937836 0.5202111216311851 0.5191865415668606 0.5289709688449981 0.5187264134733386 0.5334245872809407 0.5427316992753476 0.5588500111762315 0.5490039501112293 0.5052749186589703 0.5136820783851175 0.5518802776727686 0.5850984001318945 0.5975045446894685 0.5918782301856945 0.5880211699501264 0.6217080234113826 0.6494809379946872 0.6809657338311743 0.7029060180376528 0.7147588857544493 0.6969108182063989 0.708456949892431 0.7099002914988581 0.737026747979897 0.7573262121914763 0.7431053393981057
0.5212656293139484 0.5380246092564493 0.5286103352509471 0.48908411279591313 0.5444586331540991 0.5685039019645589 0.5826454801311702 0.5806906084243629 0.563800174413238 0.5311062140211847 0.5490789331398668 0.5214087406295204 0.5055065720167319 0.49165841765909063 0.49656441150863 0.5134140991746798 0.5149225694203938 0.49204461501479285 0.4844235362335461 0.4871137161321461 0.5239241888641445 0.5193036032291033 0.5309940088504671 0.5214244515147062 0.512804493796195 0.5092793228778579 0.4923699940221532 0.5076762615056436 0.5622589320883223 0.5683272186139892 0.5691079559528607 0.5931182938574914 0.5983695145013179 0.6264911776554457 0.6582792486296718 0.6996286062215706 0.7024075257405349 0.7095861117374295 0.7148632880046715 0.7022981972929089 0.7277668871514085 0.7322313417140255 0.7356755095219372
0.47488062312956714 0.4745259821791942 0.5002471219891136 0.5032971824204157 0.5117189120773267 0.536210549979317 0.5707991685789252 0.5853098816411295 0.5437406985215653 0.5442827928140029 0.5526974413964119 0.54426863012076 0.5409659379044605 0.5189112105509002 0.5312701869794427 0.5505693167768464 0.5399583273311708 0.5281491444080108 0.5069810707421423 0.5046359386238501 0.537132293933303 0.528050359375862 0.5051134733234507 0.519394212879314 0.5021335974391107 0.4833615285510139 0.508310459155546 0.5161601361792527 0.5224644208397202 0.5587077740953974 0.5521773917447306 0.584871202052245 0.6157021102321816 0.635126967553075 0.6832156602510081 0.6822023422854917 0.7135557459458319 0.6893034277223059 0.702013555071864 0.6889356042122577 0.727955709811431 0.7370721731131002 0.7346743235146648
0.46500271284401484 0.4671920083050392 0.5014566006334036 0.5112918772445841 0.5071759559363159 0.547885891589125 0.5661635157258122 0.5596073501974614 0.5380615311412927 0.5743345374012248 0.5533803194831718 0.5915161324855531 0.58202305084608 0.5494350083911231 0.5490737260452739 0.5340782206230315 0.5351773412683792 0.5586092507021978 0.5637284826407273 0.5440962181602726 0.5573376491295718 0.5315036170209487 0.5125153663471557 0.4643813713308591 0.4745901390782069 0.4736650086555663 0.5060301461651922 0.5144551100540926 0.5182237223119922 0.5268005631408478 0.5406827576921853 0.5973917482292332 0.6264559799123747 0.6575651202986968 0.6800983128765977 0.6786175729507026 0.6906307817269379 0.7007103126058515 0.7227095523454475 0.6943680391537849 0.7155790414830485 0.7247453613122964 0.7580297090869795
0.4777475893518387 0.5068501748296734 0.5015288693110247 0.5438088406337405 0.5337469247009462 0.5608316719857294 0.5714621262294177 0.5827118396098793 0.5499713702653971 0.5530742678186366 0.5837305505827136 0.5696741280396037 0.5588787639117453 0.5544019122994742 0.567023251503575 0.5693326717602021 0.5876649492982182 0.571764859673551 0.56510500648537 0.5359971597867008 0.5442998543092515 0.5238373292763316 0.47764428999746156 0.46330944683745795 0.49182440839529684 0.46694786235674746 0.4766575921711153 0.49425634700280663 0.5368812377507649 0.5402182064282626 0.5566163285934698 0.5998358434211439 0.6237780740557302 0.6586090117452051 0.6601801076812183 0.6906000726712499 0.7112368179013183 0.7175303312016106 0.7228942910054039 0.7486999671605845 0.7262117471915106 0.7643153503559383 0.7770637150385646
0.5202755176485357 0.5295673500481557 0.5183889421640225 0.5431225809566312 0.5451596212942692 0.5569349687807569 0.5557175264376718 0.5643640265675338 0.5653654291313663 0.5464500511715686 0.5412578479200744 0.5751333944208125 0.5713347419760262 0.592975639762455 0.5659176395286108 0.6087269361440224 0.5811260577261004 0.5716607806432848 0.5354405138575443 0.5129626616590576 0.507869193286448 0.5020449254138387 0.4922480035779258 0.47534147255044484 0.4884856920264751 0.47099579702178834 0.4848667455300311 0.5002480385920662 0.5433880924657407 0.5469024213535713 0.5553411060236935 0.5864160758996129 0.6197806194249276 0.6580429844183547 0.667513278517389 0.6794580040543319 0.706104222502677 0.6998298273016611 0.7503962731185233 0.7839673789996288 0.7521331987150246 0.7666417774922216 0.8128201410001767
0.5095315647811671 0.5007694104651816 0.5445014439734538 0.5608059045208674 0.5414399344256827 0.5692317947172197 0.5603398338576331 0.5832276086136119 0.5783447113473069 0.581547494987389 0.5470763576583777 0.5674053071254737 0.5965487111281712 0.5992910840839795 0.5843902539025461 0.5867522503736428 0.5819070104453407 0.5569312453353735 0.5650608596766727 0.5312556018414497 0.49401112109434436 0.516269591601747 0.49345909431112045 0.5044144085808426 0.5185321404950665 0.5089332920406887 0.5209585921720944 0.5060360981071661 0.5447296732714051 0.5412719847430297 0.5526038388980542 0.556379146444558 0.5861696412696902 0.6438810764754616 0.6649187917577246 0.6597112409492517 0.6876642571298642 0.6907908360882493 0.7383530707723642 0.7402664432615251 0.7601659390207808 0.7681432280672152 0.8078338881350683
