Raster_benchmarking/Raster/continuous/raster-186.asc
NCOLS 100
NROWS 100
XLLCORNER 1743159.380928109
YLLCORNER 5469296.752708846
CELLSIZE 10
NODATA_VALUE -9999
[rows 57 to 75 of 100, columns 43 to 85 of 100]
0.7953651394880794 0.8052579907911 0.778677323695152 0.743457017848864 0.7645658609989665 0.8009411015406679 0.7985726817648862 0.7894134036663715 0.8175244333678832 0.7855455734027856 0.7996123153376073 0.7884372886709262 0.7999544150890601 0.7645638504396333 0.7524096804913291 0.7410378567377354 0.7551478085073523 0.7008031854965908 0.6840864130127599 0.710178864595533 0.7359104488060236 0.7515649847666966 0.7590567097764128 0.7590148379590779 0.7757104671395836 0.7283977203307267 0.7542835883291744 0.7267812091794521 0.7515141793932633 0.7322374575644436 0.6890166752296526 0.7048975474892225 0.6722296879871075 0.7007980529977165 0.6576264250465149 0.6959357209805271 0.6719899568951507 0.6949187463298437 0.7053748220411228 0.7562359736354718 0.753397054687135 0.7381623780881578 0.7292976257394609
0.7727122901395502 0.7737420607263799 0.776965859841032 0.7477374710341032 0.791059296020252 0.8059889765018396 0.7953312791529508 0.8238915106843512 0.7845000564560509 0.773480445994384 0.7528523552472236 0.7700518963233323 0.7755045297523915 0.7841943719257815 0.7639338377070455 0.7626965703791024 0.7123744720242471 0.7006069637612771 0.7090221735542743 0.7081417813400042 0.7643597081542961 0.7626941818670094 0.7686899600605136 0.7664971681777379 0.7746956557620401 0.7723842271809059 0.7559579010945968 0.7847831543476402 0.7545358161306029 0.7467407810462822 0.7001557674153571 0.700065684843069 0.7116465345622458 0.7104798994192689 0.6797170260335341 0.6836951447406115 0.688605454637011 0.722253331948935 0.7445479580684073 0.7446604079416494 0.7347614425405938 0.7341559884445589 0.7684826617251198
0.7272309906652799 0.7332293431780689 0.7158521762711944 0.7311193311847146 0.7484623525674988 0.7921885160506366 0.8196403418537216 0.7976462156214096 0.792516474101348 0.7735722181831594 0.7368058018330351 0.7761840334049936 0.7761928295774437 0.7797949538624416 0.7371662124378312 0.7259663353076629 0.7240869375818154 0.686037216250644 0.6830104162198469 0.7004361550477821 0.7555391728929679 0.7502472369987168 0.790905649673056 0.7913854560806943 0.7734729282997432 0.7411649426090475 0.7623454347456825 0.7609396366657111 0.7691171651168095 0.7480261580283525 0.6853432493091207 0.6852889012679695 0.6897826011793889 0.7243287796778908 0.75486317460085 0.730094957495292 0.7497644703757027 0.7281331965702715 0.7555874240801081 0.7762523640593441 0.7535264689024066 0.772879387365352 0.7465105493753924
0.7217553673617467 0.7305307319250599 0.7113188431627792 0.7342429881858422 0.7578400146076713 0.7867840132178947 0.7802651849968387 0.7865780650218562 0.7527825859245382 0.743880469922914 0.7427064729112617 0.7378362289715729 0.7531242291457897 0.7669592187872347 0.7385001362568835 0.7244231795739225 0.7337692001404571 0.7089211868643759 0.6803382801458243 0.6973152235525083 0.7152448958003647 0.7676025861644129 0.793185828255589 0.7861377157219249 0.7894324149190974 0.7414957431301864 0.7437086287049021 0.758110693304593 0.7269639325465311 0.705204675454364 0.7303489464846268 0.7193708263308298 0.7242006754421902 0.7444283394103953 0.7489149093651458 0.7945365044599833 0.7551821194255633 0.7582137690499728 0.7625192151188479 0.7882256434174142 0.7691486129325733 0.7899868840085499 0.7972537894194944
0.7424334038646334 0.7466793655341238 0.7525078793827487 0.7650704897673468 0.7358346588459832 0.7782570728060294 0.7684568608047304 0.7693230361167934 0.7250219766912028 0.7136938788047514 0.6643671006245501 0.7213969220675837 0.7341683573267653 0.7282057459365919 0.7306573438164274 0.7043621132897483 0.7060398726991571 0.7080931013068713 0.7209491026574943 0.7014482810635996 0.7253383180417388 0.7418590969723254 0.7730874237379362 0.7697863104284608 0.7655054846422994 0.742452937892894 0.7650080199665839 0.7577661862095589 0.7485094778688407 0.7066157894983923 0.7130312205797819 0.6867236315450007 0.6898409210587467 0.7422021414622108 0.7663336159382799 0.7841835607782187 0.814300614278032 0.7857363611219879 0.8049420870384177 0.7698788835320474 0.8044088214133504 0.7809713508888252 0.8074417498138025
0.7330526867748677 0.7527596358010259 0.7833821161584685 0.7706549831284591 0.7770443410845016 0.7703427896740594 0.7378753443350816 0.7205669015854784 0.6841727250205842 0.6850264923053137 0.6687464257884516 0.6863999505302166 0.7001841176733652 0.7300217656669314 0.7150183182749457 0.7043609751773978 0.7080563878350696 0.7054707603741663 0.7325744734297334 0.7367110459667581 0.735125239764569 0.7750420959960336 0.7855047042727179 0.7617633283279253 0.7368540659729185 0.7489230913995926 0.7243695892461418 0.7423226175665429 0.7555373381271846 0.7575163592204965 0.741315242350233 0.7069992838704017 0.7316578457833186 0.7584397737815978 0.8011784950282547 0.8054025389918149 0.8055187619402717 0.7815746143054499 0.7906241719135008 0.7632302872683754 0.7979635973400048 0.7622090221500867 0.7809671833635994
0.7414960733170985 0.7405165451007517 0.7838228222093084 0.7456634608483781 0.7597187410765244 0.7421611223228608 0.7240222837636132 0.6922211686331703 0.6817919233038254 0.6772295498125447 0.6918616426920206 0.6720949973296118 0.6626320954753372 0.6830419312128654 0.6953184097723312 0.7085424723984457 0.6800792577234483 0.7165330635161383 0.7369934441907833 0.7405123081424946 0.7603301249763343 0.7489973358309477 0.7517918036588269 0.7607049271626359 0.730007224620498 0.7484802004587628 0.7354448231148039 0.7212831191469519 0.7471676395383133 0.7271048164259843 0.7637823154641298 0.7532764637182839 0.7184454083809064 0.7479766819822933 0.8096512101388116 0.8224531516903669 0.7804667292781354 0.7915778585570816 0.7417126063330578 0.7556660899665685 0.7649708465370691 0.7441380247960125 0.7525270999250607
0.7637865454396866 0.7648177921347001 0.7326003845421443 0.7089844438805094 0.7181044374028913 0.7264076596348051 0.729851788233678 0.7048482438937399 0.7101755744284094 0.680806178514146 0.7083359641912409 0.683932896542557 0.6641994469097183 0.6835172986152471 0.673545987285112 0.6921124461500275 0.726239463912666 0.7508296234524456 0.7697902516335169 0.7381069377310225 0.7358901795533412 0.7564478766320532 0.7378721533493052 0.7427466553043912 0.7129142715700263 0.6987284821107561 0.7335087151896671 0.7241805493047864 0.7170019967502543 0.7182779471453977 0.7634255236388391 0.7529833329731696 0.7465620944693525 0.7867856629112077 0.7971454261763182 0.8087370601926658 0.8040993544259756 0.7743456389942246 0.7624172411634766 0.7596540203809895 0.7811759193269772 0.7767863621178507 0.7536374207076441
0.7361221410552483 0.7417890265518432 0.725408153938952 0.717093388701423 0.6651546474954664 0.6819035238740216 0.6687303884192333 0.7021731604065559 0.6823547732941313 0.6813671558104444 0.6894085037943347 0.6754034084982294 0.6483846803947867 0.6689805932772969 0.6873430627567172 0.710223510336495 0.7520124206646682 0.7583054849411061 0.7517806915786199 0.7459059410051363 0.7666546185287153 0.756381703538073 0.7162298228138584 0.697586824421438 0.6896158154017455 0.7079070356235965 0.7359998424874129 0.7202867928478488 0.7024440383017576 0.7281951683406885 0.7352898587077813 0.750294507355716 0.7890440987417434 0.7829173408874335 0.8089871197621695 0.8059645173985188 0.7913886830612278 0.751808636735165 0.719019441003429 0.7625946367991491 0.7564343140622583 0.7745346823863644 0.7741475152749248
0.7294801717763103 0.7413976930113594 0.7248827086428182 0.6890054843076739 0.691266446859917 0.6679993949614697 0.6416294433690666 0.6557558153324786 0.6469381447219656 0.6642125563337365 0.6818048271616799 0.6715942512886982 0.658791584518265 0.6591897563112973 0.6738365281057868 0.7000903984075384 0.716221486862035 0.7372984144592959 0.7046035824422756 0.7084433432675026 0.7307819307712333 0.7189225416116996 0.6987084677795835 0.690369873143655 0.683832216667785 0.7127632239253668 0.7166016295566926 0.7162026311096414 0.7138370542770394 0.7354023049901002 0.7396715604288153 0.7706266728200398 0.7785579275941661 0.8096609820407815 0.8165190069442553 0.768115456735446 0.7844068983076502 0.7439109269495816 0.741409561760885 0.7177763436610419 0.7137512940581975 0.7375410845893365 0.7392794024547927
0.7412224995093584 0.737377842404358 0.6732519033720492 0.6819252915839255 0.6679466962834478 0.6396893004874652 0.6512225613935148 0.6191340660844817 0.6372089117454539 0.6326587020499411 0.6483486084571523 0.6696845010750235 0.6521516298789094 0.6460337437566936 0.6918850991396778 0.6897569912258242 0.7289945442931766 0.7015977770431284 0.7124085844938138 0.6971174654213327 0.6866112602169959 0.7108348590426852 0.6920985301735261 0.6671699382360673 0.6924674816834681 0.6774272860175725 0.6778060977988002 0.6970732627366765 0.7321284414455724 0.7396351140106049 0.7778944332270911 0.7540444009534858 0.7684188482794534 0.7778300298187655 0.7995905144078588 0.7787168306349533 0.7648981996329804 0.7628181582990631 0.7529059522228498 0.722644688792242 0.6876435146195254 0.7392437278731887 0.7334666770691755
0.6890882831365316 0.6956523448556905 0.6805597899086901 0.6797367270229647 0.6427428065367016 0.623708869966547 0.6369183210834982 0.6337474468413876 0.5995726401067254 0.6242657773936705 0.6545861011084662 0.6388536580446693 0.6317377067477513 0.6566326843891483 0.6895316787493185 0.7070987168622397 0.7181430626593456 0.697475442227915 0.7172426381226199 0.7144560504145792 0.7075938767010748 0.6683272184224439 0.6893815928796083 0.6834814084729256 0.676218819421795 0.6885384753874534 0.6674825159698635 0.6984649166470883 0.7431008975342306 0.755608302359584 0.7636373675645941 0.7529687596282238 0.7939243068448736 0.7714340241250451 0.7733383658718911 0.7600050901178629 0.7478106938061924 0.7297468372078618 0.7228384053776071 0.7104536053831245 0.7120770621537511 0.744767944327872 0.7675397157089003
0.665106500761089 0.7013725375686959 0.6969281408554419 0.667303817219336 0.6390584237357753 0.6383372847819296 0.5845243733431866 0.602600408430093 0.5953659921647485 0.6190544325131201 0.6181174873878091 0.5996224459746786 0.6346389323938679 0.6488588988309658 0.6777783456059517 0.6894809286929382 0.7108547799992635 0.711651965768984 0.6857877346975012 0.6847831025845358 0.7170023693560023 0.6662169717012237 0.6654541611369926 0.6908169451327772 0.7055556636671488 0.7128601045034559 0.6703093097894317 0.6905903528420022 0.7338762366751088 0.7429965806003095 0.7303268637319238 0.7722406347782326 0.796624067129877 0.7783882466025008 0.755275517613291 0.7558434337547079 0.730053481368147 0.7353911085360179 0.6718046162313593 0.7232866046086845 0.7281908572364324 0.7615664461199194 0.7473452939864399
0.6679747680907214 0.6645013048277467 0.6251788279221481 0.6373391324766984 0.6050665981045592 0.6184464021482805 0.5685215944083825 0.5540104776275536 0.5742292509178307 0.5629605830982599 0.60626608832854 0.6045167544477771 0.5893614554501078 0.6155069013021284 0.6472317804564566 0.6814991720281692 0.6828855176035795 0.7048553690571054 0.6980758504885075 0.7139951492030185 0.7264918313699815 0.6852410288117551 0.7076917081107647 0.7089725485515762 0.7191179366037309 0.7012510370198035 0.6981136637371369 0.6868571328101158 0.7062552941275996 0.7221127893505283 0.7661519024144999 0.7829684468577593 0.7602443832859929 0.7520691816015573 0.733097796842817 0.7121749206816702 0.7253517336222203 0.7158687341119058 0.7073833277195853 0.7047809584946075 0.7472652764922461 0.7497486268067258 0.752806083980915
0.6388368862269713 0.6036411676188314 0.5880187822036038 0.5959427108764811 0.6051915706275316 0.6054267622513282 0.5538260849515428 0.5496826614620887 0.5649433848140923 0.5778221996409704 0.5520318509303251 0.5930521175102706 0.5792102953308416 0.5778217634388593 0.608927449996274 0.6754441514287483 0.6838308922393772 0.6962425738932159 0.7000264872342458 0.7147403157757785 0.7120795387892158 0.6821134223801418 0.6742042697533869 0.6684984832242585 0.700108761373871 0.6880816325127704 0.6918853567760618 0.6928710888768231 0.7112751159126012 0.7159457537195172 0.7528711874821452 0.7435654577178781 0.7795328598944411 0.727500278405004 0.7284338510982843 0.7338666860802628 0.7290145304113943 0.7289597107716437 0.754502153562774 0.7262418477568657 0.7402311622821292 0.7286482624491465 0.7142963404431889
0.5888979398845863 0.5931600353421098 0.5724842873483245 0.5829221326762275 0.5896837044864377 0.5813118976597713 0.555581231768351 0.5800375626875779 0.5394689758442327 0.5634770192788517 0.5742932020326668 0.5535110467857584 0.5484682825640163 0.5943103239434782 0.6314608845689293 0.6321075092514898 0.6815109136055031 0.6965167446811024 0.7081727531344589 0.6983058620450843 0.6916845754076297 0.6651896472305165 0.6304886947440317 0.6477762072809303 0.6617015801050025 0.7018386606743539 0.7011926517751803 0.7284576189533559 0.7499244520361109 0.7673309438652378 0.7996341010288986 0.7602243019865327 0.7844466036408998 0.7438645044420539 0.7163690506076439 0.7124561183090032 0.7175135997230518 0.7392460495832617 0.7251081770550981 0.7382604816944792 0.7176144334661676 0.7352585522169646 0.7310192612294332
0.5990199916432548 0.5890144743163331 0.5410763952513445 0.5613044451228874 0.5332423355872626 0.5621670461149217 0.5764091946991163 0.5389575495994352 0.5493199646062074 0.5473443108472686 0.5320615553840261 0.5527206265178471 0.5565502860474412 0.5826426474700246 0.6189689566707293 0.6192664157801478 0.6858523734957547 0.6577349850418356 0.6969772831408083 0.69763071990626 0.6932217296448034 0.6804497001073977 0.6347717834958961 0.6498851902437947 0.6667923481903665 0.7392158902493569 0.7805592950767275 0.7525331976610213 0.7984546289818594 0.8145015803322722 0.8319817801356209 0.7853816668867597 0.7680880568225852 0.7639676951843994 0.7571015110045003 0.7558675555182797 0.7140108993486083 0.7516400690488844 0.7446523898921243 0.7640132490728009 0.743102507768728 0.7300712261203679 0.6888616988890897
0.5504024457250191 0.5372833523557139 0.5493942228971409 0.5690229150669494 0.5622943192488271 0.548996864011144 0.5426703264906781 0.5443916098161905 0.5731873991591542 0.5712271393391801 0.5612550618868184 0.5660365540532308 0.5714446891493528 0.5759530529877638 0.6228652647150286 0.6405295009846182 0.6532729467637848 0.6429828215229224 0.6589066464001994 0.6384219114053824 0.6596423510220181 0.6588295314613851 0.6615341115427518 0.6421005913218373 0.7152758910273309 0.7606672800958414 0.796085617134581 0.7990191150670569 0.82600984844068 0.8383033843876689 0.8154370279405286 0.7838107745264601 0.7796935751019473 0.7843311585851045 0.7417961994241112 0.7382785110507185 0.7544472554433922 0.7507566024008329 0.7677056283910297 0.730745982421825 0.7195995014223803 0.7370967355030927 0.7280757876139188
0.5394913981579522 0.5300266092741541 0.5471823080449703 0.5358571088725587 0.5646521657648472 0.5678232337002135 0.533774603912353 0.5465428305585547 0.5707455871657117 0.5492116788645144 0.5444410801029135 0.5539924453276993 0.5682310187746721 0.5476363963090061 0.5930399317664212 0.6400012275395714 0.6423971666855146 0.6096271303174327 0.6072795796423933 0.6061371857361554 0.6386432329712536 0.669473366934037 0.6492129896707994 0.6971632275480486 0.7137862137379504 0.7380173199000853 0.791434451115048 0.818689397046127 0.8178344169451188 0.8206361349981153 0.8483822902195084 0.7829869157316238 0.7808405922102369 0.7931851031804971 0.7832902856089884 0.7740681824472455 0.7477072817648096 0.7326423659540463 0.7561110082964743 0.7194302986063946 0.7014603110488125 0.7106693821487097 0.7136759539708555
