Raster_benchmarking/Raster/continuous/raster-220.asc
NCOLS 100
NROWS 100
XLLCORNER 1743165.7820805127
YLLCORNER 5469280.332775563
CELLSIZE 10
NODATA_VALUE -9999
[rows 0 to 18 of 100, columns 43 to 85 of 100]
0.9633273177615789 0.9771947004543299 0.9678135565346045 0.9671027756376904 0.9157723896614423 0.9134366676306775 0.8741370569417448 0.8814542045342006 0.8848852102562862 0.9045283854456841 0.9188457941041273 0.9074982892764476 0.9418026634340076 0.8960945692002277 0.8928317478644598 0.8825197606238863 0.8656495764583714 0.8453815194291568 0.832241810467098 0.8711888180762746 0.8450941797345816 0.8771815372231299 0.8399326479885836 0.824718289492812 0.8006812074568611 0.8068307974432692 0.8163975120066634 0.7993066549984296 0.8379602824453533 0.8558977292909783 0.8310230579971932 0.7875039303881523 0.7902469262349583 0.753292788365073 0.7184916319287994 0.7281836757563148 0.734966474095697 0.6825452553351581 0.688220563401456 0.6433152701521876 0.5932786187637007 0.567367405819085 0.5676386001422591
0.961951906100856 0.9594865209347491 0.9658172189090537 0.9557084411801369 0.9419180206425392 0.905228367453926 0.9035598778200015 0.9045718317686994 0.9018080316524214 0.8809862877244748 0.9050700269133638 0.8888300275377558 0.9128351532943281 0.898972981290886 0.8781019127795816 0.8455224513662507 0.8493141077536728 0.8418451108619097 0.8768051638186747 0.8758199212164101 0.865783858187458 0.8737874286469555 0.8381621442515246 0.8726726636661344 0.8440691547556697 0.8257625120174472 0.8451429084405161 0.8227734602674155 0.8262953601308698 0.8437368455620252 0.8064997999382604 0.7887280445733758 0.8051826566522331 0.7887118023890214 0.7886619688561504 0.7525769352385749 0.7309619801241873 0.7220603537442749 0.7005195211182491 0.6778335168411835 0.6586561684841814 0.6204653350516166 0.5868969335673656
0.9559308225841152 0.9419817509652775 0.971445318998122 0.9702155880945074 0.9627544294368137 0.9105628071681751 0.8752007054916189 0.8780765322073429 0.89543905354191 0.9021198678974814 0.8919362727145757 0.8869569785401462 0.9063186512678905 0.9015707559409671 0.8468461648120827 0.8558776392337308 0.8686614646592904 0.8517014849383744 0.9056979952303543 0.9084737578276973 0.8954934403128999 0.8885281990947186 0.8578601501473325 0.8975449146683594 0.9036962279206886 0.8740630636524055 0.8709091286013967 0.831938827939232 0.8065613453684549 0.7933058876164492 0.7990769337790758 0.7980811807193798 0.8021657756759353 0.8073663217490582 0.8209016812189401 0.8189413503883181 0.7916306734888472 0.7627153635657141 0.7526237174398138 0.7333427156232786 0.6810584189858064 0.6642802484554542 0.6559471064350627
0.934819207251151 0.9864999318635727 0.9579205649648836 0.9762396346047042 0.9566569798203631 0.9268210996692927 0.8857727391364664 0.8748482528229393 0.8675890298949567 0.8787026698738427 0.890764243304823 0.8791912068114786 0.871165880238838 0.8760432731853242 0.8467094970354834 0.8782422329935928 0.8529895124860151 0.8569863598877764 0.9058266659856511 0.8996564256631358 0.8804078475407807 0.8967747695886819 0.9089587023394299 0.9013771322053495 0.9422003164919397 0.933130839768464 0.8948307593745491 0.8739942508924542 0.8529450570819911 0.8251531575345131 0.8130438201070842 0.7921806630099834 0.8167232581008189 0.8360535753642049 0.8322099992093338 0.8356124474636416 0.7999415216992887 0.7817964092202249 0.7895834495388092 0.7458495743647203 0.7166657907208361 0.6734136780227308 0.6741863117486262
0.9232527834722173 0.9808795429142404 1.0 0.9465842483701519 0.9495265139410867 0.9178227121698713 0.9319214559027478 0.9129002045891905 0.9003969214733837 0.9222942422311121 0.9211415303340502 0.8864395266975102 0.8984225866437026 0.88228932716542 0.833364927327206 0.8839970764536083 0.8611528402713006 0.8800742815252499 0.8923568848278022 0.8728000270511993 0.8800762890579499 0.9157696991533899 0.9555305290358582 0.9021827457717873 0.9338621667082544 0.9281753468858946 0.9203019869144871 0.909250202152413 0.8522830622141909 0.8425706625954873 0.8027637048609767 0.8364441476667059 0.8306792736988294 0.866557073674712 0.9034274550159144 0.8501314720050659 0.8517463614064484 0.8194562077418893 0.8206343106201054 0.7647746662368783 0.7016009949016339 0.6777245186120727 0.641350604950666
0.9165568491609327 0.9443389866928986 0.9706298884202004 0.9597703646963618 0.9452479564999039 0.9452073113889318 0.9780048924423042 0.9496675312189113 0.921802689138404 0.9567018648579668 0.960943475912932 0.9152450634010815 0.8927562168803085 0.8712483746187298 0.8687098122893601 0.8801489494039356 0.9043531337194062 0.882493281557196 0.877149645129614 0.9087252317375878 0.9015673183345136 0.9384231588315743 0.9227478340699063 0.9142050352982299 0.9132136517670545 0.8886685474821042 0.9266173286616125 0.902271980894942 0.876835773698563 0.8332747139702622 0.8481312548915587 0.8567686702433642 0.8243101773705956 0.8444205422230959 0.8793129710074175 0.8841155101913557 0.8642350081851158 0.8460298242647161 0.8071932429680437 0.7481244839036295 0.727061186110228 0.7106947236048915 0.6728900868008274
0.9322639338219005 0.891775045954933 0.9222629165097284 0.9136308226118348 0.9458139746146923 0.9480547281359885 0.9863057525788496 0.9831228118692491 0.9735525409998204 0.9407692353425388 0.9470377883948935 0.9120251460738024 0.8754363479324112 0.9124205902113405 0.917958366064184 0.9302254835880521 0.917548219893873 0.9167861603649116 0.8814751160371203 0.8897799617169454 0.9318890957283057 0.9594574026124884 0.9607282928668802 0.9143858978675747 0.8952741504472971 0.9092457896199336 0.897310130258019 0.9266236076337602 0.8991862374938151 0.8452216328977231 0.8599419113092768 0.852412970375446 0.8482894372036133 0.8456855508100026 0.8635789515799389 0.8507274945177958 0.8514020828208178 0.8344980977743651 0.7946964830256421 0.7595322901376181 0.7704134666813661 0.7641536368494354 0.7487811607345909
0.8785248882459551 0.8681421281552517 0.8824591902515238 0.9306385889704093 0.947678712423965 0.9399085059326046 0.9733164014269671 0.9860394278341664 0.9952446051816957 0.9546943190078315 0.91849413492716 0.9029200498088163 0.8711485088918707 0.9181315017270092 0.8959233557732835 0.9153722319369378 0.9440759943074283 0.9114661526489801 0.8885296037235738 0.8734381046382002 0.9081238449595171 0.9202491401390294 0.9336408585010535 0.9570295112988717 0.9279639252641232 0.9108448833790118 0.8966929524496978 0.9316664791831429 0.9337568881862822 0.8761712329412197 0.8494290918539972 0.8369491906915552 0.8598665590869492 0.8695946143866992 0.8408051449609437 0.8662994472290364 0.8245405031620676 0.8218324269341323 0.7770492268249878 0.7728420321044812 0.8058338409813862 0.8043383600295919 0.784626178469085
0.8572459440447148 0.8390336695372947 0.8481136585685318 0.8852678442229006 0.9157825550389075 0.934321903908486 0.9707337747770136 0.9856378255523967 0.9844891797271189 0.9500442687243355 0.922914568866625 0.8816745622293729 0.871779761673717 0.9052896445884111 0.9134888578161745 0.9358177271310211 0.9275869192162046 0.9067623233031986 0.8592137076345557 0.8513411264887907 0.8629760143749557 0.9034763737958509 0.9188537532752971 0.9602731675081286 0.9476434062682814 0.9144574594631022 0.9371638380586244 0.9396458601658562 0.9233460607186265 0.8780703674976349 0.8513924102229596 0.8768587170595383 0.8338873376668984 0.8762541143937289 0.8378517538943743 0.8356305050558266 0.8315174749907414 0.8301563870584331 0.8043926649681442 0.8004282420747666 0.8096339124232154 0.8341640203104971 0.8152746884521468
0.8368578693082094 0.8620728594105546 0.8773058548626418 0.918805035606607 0.9400458821111508 0.9169904039793741 0.9364794297101176 0.9454491395826854 0.9634949173911258 0.9150356253263061 0.9018345861055422 0.8824772923567776 0.8738481528598449 0.8958960474690876 0.9112899614971395 0.9172961392449949 0.886979463226803 0.8954263099624578 0.8953590008614257 0.9044631272313831 0.9239690994985641 0.9188281248714701 0.9022584160115774 0.9325478841300388 0.9532762718982626 0.925592105443493 0.915617413305581 0.9291113389175427 0.9129183232837511 0.8766077288865952 0.8814235589928272 0.8813981103234272 0.8552142630011401 0.8581911883424377 0.8230760064381824 0.822632631199688 0.8470359931964492 0.8337168678354431 0.839216811237354 0.8327748211533458 0.7873726024525112 0.8069868451831461 0.8066226325082502
0.802635906938321 0.8447260803737578 0.8804172124987131 0.9092604156120022 0.9398548311887902 0.9195778562545517 0.933652848789924 0.9242244803185121 0.9158079231147762 0.9131493559716339 0.907906863623002 0.8878762603769389 0.8940173660303947 0.9226934680004447 0.9028020796530741 0.8827187703637194 0.8728239124468611 0.8695835323302241 0.9219704527687268 0.9237976207878605 0.9068973128451382 0.938052726803945 0.9089462216228062 0.9020221981196251 0.9333031441623688 0.9045140828598041 0.8720100703567262 0.8835542352700136 0.9062162449388146 0.8933028580406815 0.8828627273138346 0.8516096005861646 0.8691344016217025 0.8748130289979353 0.8127346534186046 0.8116243751031442 0.832379795102643 0.8560558804075239 0.845931596156879 0.8421929501171704 0.8002090200411262 0.7897471003601007 0.8121858741524723
0.8111572468176687 0.8578963514662816 0.8812719832998271 0.9153148004761718 0.9438841242187337 0.9377819227114343 0.9186419554784259 0.9254379707963162 0.8953111795437043 0.9074503654342477 0.8904957013841263 0.8789459138246317 0.9110716375847556 0.8960183418512545 0.9157995616390856 0.9041883678245802 0.8839395859740993 0.8897689049493243 0.9010424718322249 0.9388628687212318 0.9314556584310669 0.9132033250363226 0.9117888140567563 0.9259740670320117 0.9092699079363149 0.9020304379211216 0.8977202011427977 0.9129624186827947 0.935222855517517 0.8961025561142333 0.883129593991122 0.8662480131130392 0.883932213564132 0.8697083183173474 0.8499537438999507 0.8509047288671082 0.8353840287018685 0.8219622890702316 0.843505953260073 0.8334285547582342 0.8480179123293827 0.8314624802937781 0.8603788433953552
0.781589706580193 0.8321298137587708 0.8643117625767422 0.9238477954079409 0.9119234808385004 0.9359691962771309 0.9631934941696529 0.9458575100346518 0.9209193434483698 0.9043439322463694 0.8672397233248342 0.8871266698658553 0.9086154955738286 0.8860780238494818 0.9144170697775551 0.9323063166742811 0.938310959155735 0.94122197838019 0.9302053085169271 0.8965674684776435 0.8920663179251114 0.898107054124826 0.9340471292311303 0.9014628162807422 0.8855516679683428 0.8668005462636571 0.8783886299339934 0.88507850418079 0.9422792543400427 0.9276279641992836 0.9193090687309889 0.8788986085309064 0.8525076722583125 0.8813104137945716 0.8833618818559638 0.8588318019547191 0.8822211349566526 0.8396464375849182 0.8250963572215659 0.8515237841608877 0.8396193970020179 0.8745143343523207 0.8858231750898915
0.8306217458134268 0.8490697316582172 0.8815496415890701 0.9011458606645733 0.9028651225865644 0.9080003874253537 0.9238396097644214 0.8933398407576882 0.8927406192239082 0.9153800695814712 0.8750114511167898 0.8888117244585224 0.9158578418665049 0.9114423238197336 0.9391468330499887 0.9427647863480975 0.9185616616204587 0.9525757786721674 0.941280684376543 0.8907460367596918 0.934215244334231 0.9359551097698772 0.9292318999447088 0.9194043017633796 0.8955394539712047 0.9018168930702782 0.8700514343994771 0.8725508718461963 0.8744796841991435 0.8786326473187893 0.8718288441056804 0.8792517104063945 0.901302490560232 0.8829076143798156 0.8348692315400164 0.8567987059928032 0.8724176618125828 0.8721233417043461 0.8304266245900672 0.8326409525665562 0.8423649625129138 0.8654932753992625 0.8521900178605419
0.8351038013720287 0.8567032381491347 0.8838136109360358 0.9091928927282965 0.8681288447766011 0.9208404689717419 0.9043480447735514 0.8824151178610218 0.8836815205068721 0.8925509763710245 0.8934891388866323 0.8638764577660254 0.8547046235731185 0.8852846580162328 0.9080723313487098 0.9442704092023445 0.9454389097112267 0.9162095182347899 0.9219066875897566 0.8970432247236396 0.9244527730277806 0.9287581153743026 0.9338791652037747 0.9230001624570842 0.8904012729260694 0.8815688734534882 0.855155996601701 0.883785096533181 0.8874448284589763 0.8882604898188011 0.8693267291388176 0.8596484253572061 0.897472252294543 0.8855423484174025 0.8221334224318697 0.844894270122201 0.865289149021692 0.8390355155783388 0.8567923749639962 0.8351340573678917 0.8796163709811169 0.8572615095975687 0.8787682093545882
0.8240110966279872 0.858389401334524 0.8500395439557271 0.8786321731512942 0.9106245280748827 0.9074552514144496 0.8630142635768603 0.8673012217521179 0.8765119832489483 0.8954679166897704 0.8932698373507237 0.878508423843089 0.8524058564321458 0.8731589053738685 0.904818663390139 0.9117964623580991 0.9058715861924046 0.9059342166838941 0.9022712230622312 0.9165764796240914 0.881644636778403 0.8967174704557482 0.878966845742818 0.8768429129691205 0.8534617395922218 0.8358869586467019 0.855652585792466 0.8236450549230606 0.8623859233888385 0.8761343715609662 0.8985486351620985 0.8585542393467367 0.8813510255939727 0.8675517730260562 0.8416685069252086 0.84801168779725 0.8579553496997928 0.8247902915371912 0.8354926026289765 0.8624810819550759 0.8527488729089445 0.8658955159684044 0.8859178944535638
0.787020209027853 0.8231025985448349 0.8644915924683199 0.8772396537873218 0.9112394985408858 0.8675562075395661 0.8702477233977683 0.8760622768665215 0.8936591436713893 0.8555320959418252 0.8231369636291953 0.8743743349652137 0.8634217419112525 0.8826700768413293 0.9427603920212846 0.9415999450733463 0.9261409197824461 0.9303339561391406 0.9302800277870131 0.9140310245732342 0.8742364338945553 0.8674480925047137 0.9050018408008662 0.8641708888214773 0.8816673319043168 0.822818396323515 0.8162026545777445 0.8372261151639296 0.8403759575563994 0.8819744445778762 0.8846230996695951 0.8573318263314427 0.864522888064292 0.8109490838357879 0.8058245840426868 0.7962107148996873 0.8190511988777363 0.7838119008383334 0.8007892416718775 0.8214923626651199 0.8696201060696481 0.8773103628348722 0.8697796788170866
0.7929813000712537 0.8115146374396206 0.8492599153696077 0.8587712537215625 0.8837120709476293 0.8588390531142526 0.8668308077851246 0.8887056732170892 0.9079295756589635 0.8693233880656375 0.8287844713763463 0.8768791465004565 0.8927076986921804 0.8990173890845543 0.9063834592161668 0.9415033896954397 0.9545787653609203 0.9198582900892831 0.933296132269505 0.9276344038506974 0.8879166351437343 0.8731771840872738 0.8670797214007931 0.8722283688163265 0.8556924684840654 0.8310144895001594 0.7933047578757618 0.8125454642676325 0.8440712784436918 0.8255434161573452 0.8342927213858222 0.8265215544504813 0.7883285041754137 0.7813732046747708 0.7797006407252541 0.756805369664643 0.7842246918414746 0.7521738342774901 0.7617501805373619 0.7936320592807354 0.8096213233385108 0.8377284354544031 0.844664167191266
0.832510346298727 0.8547981454098005 0.8431769214512846 0.8831363733900395 0.8701356373536981 0.8641236217205961 0.8767950752929345 0.8638325568374824 0.8880389226267315 0.8660465225107519 0.8405777725122305 0.886136732441142 0.8811192753099879 0.8592400619010253 0.8773836921179187 0.9384935078612947 0.9351827203806768 0.9336935605907654 0.9289130384345676 0.8932865546252006 0.8819311370249971 0.8552200377055812 0.8003703121696315 0.846895869576854 0.8167021279297392 0.7731291494070571 0.7633758512963308 0.7815549249693412 0.8078501543738614 0.7819016145293198 0.7835419921551847 0.7948434330653191 0.7687177130247506 0.7471201480753534 0.7655136484398241 0.7324796836873658 0.7414658130658155 0.7475282126417708 0.7282904756902643 0.774792154466016 0.8044915260875635 0.832848915041521 0.8333055881523401
