Raster_benchmarking/Raster/continuous/raster-289.asc
NCOLS 100
NROWS 100
XLLCORNER 1743162.3505446136
YLLCORNER 5469281.49312138
CELLSIZE 10
NODATA_VALUE -9999
[rows 76 to 94 of 100, columns 43 to 85 of 100]
0.22809797413150093 0.25250376732998636 0.2501730014761721 0.2842252058643901 0.2943105675340208 0.3297670161656512 0.3590023936773927 0.37408738169400463 0.3984933288630341 0.4311703098140526 0.4768181424942741 0.5390188045340436 0.5445999858307549 0.5318159655073437 0.5758260671812259 0.5347815468140615 0.5906108011564005 0.602343526755874 0.6361040830779868 0.6754171945804435 0.6637195084461297 0.6578351966290925 0.6461385693907197 0.5967361388985317 0.636047587955268 0.6660928459369587 0.6936334580410727 0.6903951296607981 0.7019190034470267 0.6826346618155489 0.6945385598596027 0.7382705746957513 0.7717074445468503 0.8409679697289003 0.8482351044692157 0.8918572958723692 0.8617144575972023 0.8400457407492778 0.7898562320574228 0.7593961496569395 0.777916921131174 0.7718870112882261 0.7536394070872794
0.2409312656599331 0.22660438234840816 0.27138208907198763 0.3009431763976706 0.33708746080565 0.32684398393117037 0.3196582899110397 0.34789533748246304 0.4227090821562061 0.4346079044108174 0.4360029369778063 0.4702775528550399 0.5056699529400154 0.5382477214987927 0.5467217920144396 0.5118277610191347 0.5501122830723513 0.6096345794079335 0.6065349794017485 0.5781611830088194 0.5997470132547825 0.5878261073758839 0.5768253509377713 0.5752339997877817 0.5799925410566634 0.6439564912376005 0.6061686957285376 0.6262625599513607 0.6460271766270481 0.7034814939837941 0.709052408819338 0.7228522906586691 0.7445956284713593 0.7709757079110227 0.8130546688501129 0.8639253758477617 0.8305339143650414 0.7872477977064374 0.7746859114826232 0.7479148297297722 0.7740795431659735 0.7755794128444472 0.7302522517219655
0.22792028165344957 0.2677706821206682 0.2742108282742761 0.2809311816853472 0.29653094854218853 0.31594072164430737 0.331215197120455 0.37920330801096214 0.3812011923412103 0.42750256895976707 0.4539526796201648 0.4804069129535836 0.4802123082738551 0.4871490773621851 0.5324224911518444 0.5213755526776543 0.5686023281116743 0.5925744932494696 0.5294359256794354 0.5166361734729379 0.5727344460847199 0.5965128146933422 0.5955764582360155 0.6014060916158726 0.5752004336627614 0.5745242796464815 0.5894603446496949 0.5977316685395829 0.6509933612926949 0.6792266497121855 0.7421790180684533 0.7662919263452271 0.7440511193942293 0.737442023669871 0.7817378909512104 0.7845217835680504 0.7960464198641771 0.8130701021008121 0.8127157570127932 0.7653659598938355 0.7885306606048467 0.7362584028750495 0.7581103708716063
0.24398935207654693 0.283619130192313 0.31894867950339006 0.319769184358057 0.331123546264759 0.3663324896076792 0.3294977158020586 0.36808025716042697 0.40726414154248447 0.42423252255700655 0.44893824532622345 0.42518754711705553 0.4649587841435331 0.5213753256778028 0.516350827792561 0.48735707869665945 0.514985237171506 0.549846777828586 0.5327325447091102 0.47724412997268667 0.5188562693857461 0.5222659124706215 0.5369104778246155 0.6104587454714167 0.6126741974548486 0.5748977910452787 0.5889755905025734 0.6120783454255027 0.6333148828230262 0.6862460429254745 0.726781505879834 0.729222477099292 0.7472830964923489 0.7576188856645971 0.7898226394948182 0.7853678242116723 0.8202654834511307 0.8290335936797915 0.8127131948860866 0.8249105930702402 0.7502792958814846 0.7305690419080249 0.7178230177276956
0.26603557659188476 0.2410636892654335 0.3049143004476481 0.28941649146388626 0.3243780079636768 0.3355856771326987 0.3790390646831262 0.39811624700398823 0.39683129214385987 0.42853042467767666 0.4539743199324749 0.42606377745913976 0.4831030533566762 0.48215573172440035 0.5123952734735405 0.5083471327281597 0.4668266680212682 0.509151598764395 0.48490690708286965 0.46109655282433626 0.4642239290033662 0.48325649768941376 0.5493720245987465 0.5612664005141201 0.6238761534271613 0.6074722420075754 0.6073964414955154 0.6581914178353105 0.6956441836029639 0.723195735831495 0.7211350918654991 0.7566827977565498 0.7222433673540757 0.738658763276275 0.769484109467983 0.7589562948008746 0.8119693941355257 0.7925332673323006 0.8125334561226786 0.8312017000203765 0.7659149546686524 0.7624719831964554 0.7308458510932617
0.2684349479244203 0.23182359427693958 0.29209252579163125 0.29381804539528883 0.28609450585214286 0.2803173635925832 0.3356670678725094 0.37493930311618606 0.4400938234788256 0.4613316164743656 0.4860864738348305 0.4387159688848562 0.4874239138244253 0.5030907436708083 0.5098402455145091 0.46550057580437826 0.4494334153872198 0.432962535056744 0.45351313045997843 0.5003986717734861 0.4686915968935481 0.44692421459372716 0.5023793624986195 0.563127899830562 0.5991117759326722 0.6215150750531124 0.6716256546267217 0.6524153645258403 0.6895414168498998 0.7523811089094635 0.7168214398344622 0.7492061871151187 0.7680809052360548 0.7590618617338719 0.7589850362054774 0.7389641128324431 0.7865801268244904 0.8176110621493827 0.7627387983280378 0.8021111226585942 0.7684367492271236 0.7436499749129849 0.7162987320792056
0.23841639998758143 0.29619738455689343 0.27777521076358735 0.29465812966494787 0.27320015163987577 0.30961962509921054 0.3565770570613262 0.3718140884389389 0.39532124594892915 0.4339214129493594 0.4866760624114425 0.4408381755305407 0.45673253912257045 0.5088224045843287 0.479647076524635 0.5009995736596927 0.47052116216341955 0.412590918192215 0.4151067305714 0.45162838340007044 0.4671897291615717 0.4817718263620392 0.5256738649058166 0.526942252792154 0.5500183927029394 0.5766030025079415 0.671562055611296 0.6899750914010239 0.7111581244450998 0.7332900911840669 0.7632655345410816 0.7452687342692598 0.7687258265356499 0.7762412146785935 0.787289762812809 0.7449510018892653 0.7720589541686856 0.7896419978028267 0.7519061681909431 0.7651306539336797 0.7526004248562314 0.7424473949757509 0.6730309311633433
0.24316962538551573 0.31223848099645285 0.28020217463759584 0.25688636147080807 0.29541475981764603 0.3399855951900675 0.3634840715965628 0.36613398457776536 0.4053357869150026 0.44789993388237553 0.504991023499733 0.49014871287980516 0.5050084737824566 0.5174326687115371 0.5158794953755982 0.5290796253425185 0.43067427213584264 0.4141172454748914 0.43770715489123957 0.4209308395125908 0.47087979607547936 0.5159327493881068 0.5027671155967081 0.48607465489515755 0.5075031351596254 0.5643575576052045 0.6664973868157834 0.721464385763252 0.7440309471234011 0.7264995923444054 0.7481554485291322 0.8179227878041526 0.8035039487192831 0.80849915875999 0.7942284334107634 0.7570087492508293 0.7823952257076696 0.7843608127707709 0.7394207156482042 0.691387470885631 0.7333709784746085 0.6951059020581978 0.6188098278203101
0.29716534647455994 0.2708160263124361 0.29144005698377423 0.2619391680242704 0.2967071827556941 0.3170230072255207 0.3297256474247333 0.3658812682707484 0.40949791318200096 0.45488301740049325 0.47389655668272834 0.5065914324941998 0.49426496250479446 0.5400643320355816 0.5399374175058583 0.49786391358781323 0.44272184482868626 0.447977343085935 0.43247964367472463 0.4045746201913891 0.43401545002415903 0.5145999179441799 0.5379303951417224 0.49919076302592064 0.5343358631823522 0.5602380987308554 0.595950313921672 0.6833068767418501 0.7133868605979923 0.7119700632597002 0.7566386400942661 0.7760110549186457 0.804177280204423 0.7772987137477942 0.7615412236968573 0.7530173080530688 0.7026715237997632 0.684775695491787 0.6835876364845517 0.6720787306434026 0.686116401822845 0.6815624791664777 0.6383372026109798
0.31082892696770614 0.30926609558568335 0.3258856422693529 0.29191653000049467 0.2890627111520442 0.2872886986429718 0.3122790222668376 0.3924561674175097 0.377186446137956 0.44137880388848016 0.4880922757286446 0.4801321009273074 0.49508284255216234 0.4956138811261836 0.5112561018172234 0.4901977111086943 0.40871374116425685 0.399353619565168 0.42893601219049743 0.411747292975309 0.43103226903304154 0.5203576169271262 0.5670539397067742 0.5603063278572353 0.570967354751627 0.5427190855470034 0.6010399720727158 0.6106506109392902 0.7056494347226766 0.7544801541502224 0.7609541789497575 0.7298145084439697 0.8013641182446574 0.7903482320839569 0.7221084714895117 0.7068318890294913 0.6877774506343898 0.6795942309254039 0.6938844266530216 0.689990887745115 0.6313494534723619 0.601125057708552 0.5967643979040466
0.28250409471392357 0.31042474419201915 0.3047391359691153 0.332569412470176 0.30734571313696063 0.3129803584029092 0.3039493040386758 0.3385164625666173 0.38422262029219517 0.43413569827227105 0.4422348934506298 0.4773550452093374 0.48037049573654655 0.46249953259841564 0.4275101367188301 0.4511036982820229 0.40658245429924905 0.42204155291067375 0.41413075813565703 0.4224630650719612 0.4631626887747767 0.5341452433775391 0.5476099324720957 0.5640932005557208 0.5611600778638804 0.5434237663045078 0.6029710003612299 0.642591527464572 0.6700530766811296 0.660744516266674 0.6903095092779578 0.7126464161010106 0.7492775293872422 0.7055405454031742 0.7096868311763641 0.671004069710819 0.7041782044991604 0.7164338676937763 0.690103725532107 0.674371134471323 0.6292555859663935 0.5874524350677205 0.585761253754659
0.22909018720161678 0.24926857209115802 0.27861698041500343 0.3376713897874474 0.2709984749901458 0.2654004246222106 0.3092657733132859 0.3367602476332259 0.33509729814966865 0.37736399675437454 0.4343921019277687 0.43895950957515634 0.41445191589572816 0.47355218001959043 0.4345778257673477 0.37662582096473873 0.43721078296229804 0.4470585137796389 0.45630638517284844 0.48896384484224875 0.46037903980929307 0.5107927781552648 0.5457325941453328 0.5199766325773548 0.5085861129612147 0.5443785297863122 0.6078552318690866 0.637355408232424 0.656617133178442 0.6168177018504712 0.6879284373939221 0.7073535613898028 0.7409830154691013 0.6947668288545954 0.6832301541975739 0.6936622048646288 0.723352428800444 0.7256478712241569 0.6884609699393454 0.644281215371612 0.5756893744342494 0.5809971091384923 0.6282961380587155
0.2405604417313374 0.2680704166281212 0.297369795853507 0.30330604606927664 0.27187350140571864 0.3005663485194574 0.3085435190188848 0.36174760744752815 0.35380942890779904 0.37129077724498155 0.39495238011867034 0.3662335384406483 0.39050516225002896 0.4460130240220847 0.4234918643050767 0.37677201336909527 0.3951443409114286 0.44894595354371847 0.4201924073286618 0.4691765414026222 0.4842087739847537 0.4704841679638717 0.4945686661376332 0.4879197385239509 0.49825395217828405 0.5241505814160553 0.5676315310735364 0.6038914130444822 0.6177076447662551 0.6025316574844607 0.631054427042115 0.6372854692909621 0.6887080367354391 0.7183969018932063 0.7289068115650038 0.7056632133742041 0.7431721737728686 0.7439143938149166 0.6703558591867669 0.6174896305062841 0.578425614043943 0.5928536601703405 0.5897933124751754
0.2241469035646116 0.23560297798393837 0.27194289859472376 0.252845114416787 0.2319637605970232 0.25731556335884737 0.33165045341131644 0.3429794125363387 0.34543729102603904 0.3586518359725243 0.37280813467191626 0.3613324419947451 0.3953194670413759 0.40775511392800423 0.36319564140244837 0.3504595644379852 0.37891859674301315 0.40105380287657844 0.4174728544214897 0.474160533543728 0.4437781220907716 0.438042547111825 0.4409048610266115 0.48196482464194007 0.5008147272038743 0.54741664152429 0.5747998880461807 0.5767335783525961 0.5535479553773872 0.5834476592538235 0.5943603222554603 0.6329320891086977 0.6615355307460604 0.75253096977922 0.7820501224738406 0.7693494686716852 0.7264885444176625 0.7073228462253082 0.7096205743216717 0.6646231892866021 0.6184809450305196 0.5510650664300988 0.5696976272245391
0.22957963013950153 0.21102159242657742 0.23623581749475311 0.22126253869291695 0.23362948202152162 0.23704733135389572 0.31282727330814064 0.31535096050041583 0.3419443210324457 0.33862681872097095 0.321159107215308 0.3476619750149218 0.3644925420261318 0.395671299922213 0.36529916443876065 0.3431147890912337 0.3508462423307367 0.3697944595263164 0.42781505308901685 0.43310931500721117 0.376892201231446 0.3665581288936282 0.3922644569620607 0.41807314019354574 0.46462391984490775 0.49961200594413485 0.505321032858351 0.5268660394360914 0.5658407396192824 0.5913290803197726 0.6058297740570021 0.674992091400176 0.6766631734449946 0.7319319152758494 0.7652581218046631 0.7672993188166243 0.7080623434612172 0.6790262053406663 0.673658819886178 0.5888317626744031 0.5635707446545463 0.5837646526067546 0.5313830988049639
0.28978526135451493 0.22726782186569 0.19818366928490416 0.1841882125008068 0.2560225464714315 0.2679620044781327 0.26693492719405093 0.27877844793965456 0.29762751845674235 0.3095598232335025 0.30818776951232285 0.3589761153855227 0.3697459667143681 0.3399429152659002 0.3778528926773501 0.41948718749752895 0.4049789070187935 0.364430157079302 0.3649923774180815 0.35295302488095726 0.3356255333989182 0.3159707126484414 0.3441141778893522 0.3633176561327741 0.4260447580757865 0.4294299285766596 0.4580919745315739 0.5215811429011971 0.5698387995096852 0.5613465098727541 0.6041983713949168 0.651504824464676 0.6549864769566742 0.6916675787793655 0.7445074507585233 0.7701916220597579 0.6951212234716106 0.7001332080640452 0.651686548376415 0.5374480803927975 0.5594784916912942 0.5893421760789674 0.5806084633262641
0.3112964026544424 0.2634630345082414 0.21403712877618428 0.2546540781232788 0.23336532081132122 0.23648615966363049 0.28421388065868386 0.30389175743369523 0.3280202227530657 0.30903074268494807 0.3508449973253207 0.30864361353722325 0.31036272293008754 0.34061532048873105 0.3643638937880617 0.40936418763095933 0.3876032861470689 0.37568084639574467 0.3693389332889571 0.3402161519049081 0.3029782556121734 0.3000591560045319 0.3404747266146043 0.3237540529536659 0.36231327623097404 0.4090494452659617 0.5023703194566743 0.5273303779775332 0.5616277621068675 0.6035112908061575 0.6070480678619768 0.5915472420896069 0.6374034528310311 0.71452527838809 0.7266121959361903 0.7485788097856563 0.6825684706127501 0.6406280184499993 0.5699800778062097 0.5528058471670061 0.5447506144028671 0.5487226915547404 0.5617966747255595
0.2837978793248593 0.26547662361519364 0.279602870274772 0.2692876971725307 0.23190627973301614 0.26280773746572633 0.3009168488973777 0.3239799689169755 0.34358244337278665 0.3157938027719916 0.3261163906980364 0.308045027633944 0.34531096840844167 0.35248035838564906 0.39110549742739287 0.3852855326065032 0.3246964709018246 0.329516008496247 0.3055567886243995 0.3081680771173055 0.30450193783405854 0.3001287017983991 0.34640706116667536 0.3477223666025893 0.3833377698345938 0.4348149422654428 0.4962616760145534 0.526223329610934 0.5606159736593255 0.6218669993529558 0.5904976696142828 0.5916280360599979 0.6181203300520233 0.6923004028718616 0.7201055591727414 0.7098845291283827 0.6865130663402143 0.6323489028787302 0.6048537401814198 0.5416153695411131 0.5045114996423137 0.5216232394955491 0.5256875995482913
0.3163078494138263 0.30556891259302593 0.25492036644644944 0.28767067840226573 0.25953688768747246 0.2836281888588685 0.2748751800261788 0.34299515634395006 0.3532077179992501 0.3067744523712036 0.293911578096066 0.3092413623774796 0.36085079069740184 0.39335266180399275 0.35228478394996154 0.3228198736792261 0.32226785720493434 0.29775985636114677 0.31001400958954833 0.2909250843621857 0.269309225620643 0.29848235904759446 0.3009019812333237 0.3529132574021367 0.3903316991853931 0.4457640863518003 0.5341676996333574 0.5434402563175192 0.5682832532757662 0.5898492458012148 0.6092309993639042 0.6303228680861177 0.6123054342497556 0.6235816576907365 0.6482018695064788 0.6715280114057557 0.6219047070953726 0.6282865850996058 0.60202164642998 0.5354732508212834 0.4987807154243746 0.4594487567487626 0.47128116626590427
