Raster_benchmarking/Raster/continuous/raster-235.asc
NCOLS 100
NROWS 100
XLLCORNER 1743165.9217367386
YLLCORNER 5469283.689909252
CELLSIZE 10
NODATA_VALUE -9999
[rows 57 to 75 of 100, columns 42 to 83 of 100]
0.18500020587366622 0.18536799710409138 0.16438822760143754 0.12113264162022135 0.11710220133609704 0.15388595365149657 0.1288432866249728 0.15413145685265486 0.1173364249041136 0.12678254065813307 0.14346964736277232 0.21166787019772856 0.22252357919852933 0.19214146183742153 0.18703549179867515 0.22092223598400107 0.2260876099729396 0.1873154547655247 0.19877432734342718 0.19941342382172997 0.15876659184064662 0.16216125774515572 0.16513163765534425 0.18733297059875487 0.16389969025747742 0.13941349590871474 0.17050327401387091 0.16857086891778747 0.15372831958364272 0.16325642173108018 0.17472234523508431 0.16832529158602877 0.16323754303395477 0.2040253215041929 0.19062870642183832 0.136350216797284 0.09489768153651436 0.08631196170686505 0.06308351050537328 0.10343790025073099 0.10595186418878969 0.1611917910306571
0.19566063099294925 0.18084069222206595 0.1747416749083302 0.17813653149661673 0.12040613954405688 0.12457164905783559 0.11997349626112297 0.13461243048003585 0.1352702309892952 0.11842995053660599 0.13740767110049878 0.2114075588276523 0.20838278616104675 0.23381737324487245 0.23666306165090528 0.20016044847873266 0.174025003556736 0.16638717478568116 0.18862876567699385 0.19370207013633076 0.1696650807650345 0.1352036621894241 0.14011410673344088 0.170417745030601 0.15686954324084823 0.14628532551919496 0.16444973914417327 0.14979121811252238 0.17391147747869157 0.171578631942907 0.13956108263160155 0.17988771045491744 0.19807454178111902 0.2221037391118659 0.17246981903421632 0.10796193963831871 0.056802567940579286 0.03122519007539952 0.044777594925618246 0.12500019372347043 0.11639061481838288 0.1522655508920354
0.17763038876804915 0.15493763454779086 0.1507575189910562 0.18023846643905905 0.17716659230874554 0.11582661082093111 0.12198808446389209 0.1741792644304067 0.15803068461073103 0.13004632858679385 0.1885661300065872 0.18621578106177145 0.2073046936663439 0.22035787754920036 0.24094088706786929 0.20083394850070685 0.20139030337646302 0.18669352680468604 0.17436533892000153 0.11303756989714399 0.09595207614531147 0.11307759223899796 0.1602812533527828 0.15136017140775357 0.15721717647441855 0.19922050682765835 0.1954270799793341 0.2172197189464525 0.21644007898822626 0.17339036322598028 0.15979994634994366 0.16235183066370928 0.15455409749402357 0.18940612890842132 0.1474800412901933 0.09889612136611202 0.08639327501161878 0.0 0.05227167645135116 0.11040429388330465 0.11322416371645685 0.08326292904228816
0.22465658838227262 0.17741465361565414 0.20765369310178655 0.1986534109441561 0.17894572175668125 0.14541310368115581 0.1588171101610687 0.1622383020150701 0.18520762968456286 0.21376568543088878 0.21210619631012717 0.20994567960143606 0.24746534217003438 0.22662014729238608 0.24898469134134305 0.2529103315736949 0.2286839986296428 0.17613388213905276 0.12836343254766314 0.1503618095064556 0.11214769861744477 0.13493034051506558 0.1307181165180034 0.15576203086667473 0.16984663992648943 0.15099352296153135 0.20841813280881163 0.17485262116160855 0.18864139555455503 0.21713023985676216 0.18796076684657476 0.15301310549807295 0.1360713302408089 0.16145073393488998 0.11180726972275412 0.10783872686870889 0.07393728300839342 0.05181901088304057 0.04416872230113047 0.05795998541109094 0.08056176786325446 0.1055648081373691
0.2890355897428629 0.24779872177438003 0.24051918069387793 0.2210771856506087 0.2198181171209714 0.2270893599031401 0.2023644951405146 0.18190431124128895 0.18348559118648305 0.2212009225573028 0.22049335755725197 0.2661022943657178 0.25698935886288893 0.26102703991584436 0.27201280414130613 0.25312917298367327 0.21850308208199362 0.16957204799469544 0.15955659926057145 0.13777839152282242 0.09616545934881866 0.09143726039821665 0.08778125211209745 0.11844554411321506 0.11337910906833627 0.1344339368661957 0.1370059491915017 0.17964566163545026 0.21198064358044616 0.21500635425909698 0.18424965803452747 0.15075466964460366 0.1438378772040432 0.15945888199116914 0.09052148880630179 0.062292368608724 0.1085477637130669 0.09847834930134064 0.06724375392899805 0.05144839291605121 0.05203711418633539 0.08173350393659512
0.3433763166373513 0.3066914408516906 0.3275244983383971 0.2828751980134015 0.2899275712150299 0.2771469348252938 0.23265762977453092 0.20331027862366727 0.23214740196747338 0.25106701075667204 0.29012993723727043 0.27175458900365174 0.2726204921353174 0.2657098077166719 0.26863534794135835 0.2099783829991039 0.20248120019588567 0.19835798110306033 0.13510817933502697 0.12978781982092485 0.1593269111736377 0.14741004969392618 0.12178867732115552 0.12500465647318318 0.1366050291036802 0.13163406949821427 0.11188461443759129 0.14369615986446188 0.13923721195285754 0.199429315373367 0.1568423448183377 0.1584178326595653 0.1125616919989674 0.09753316407861717 0.1145475111237828 0.1188368583580398 0.08116715995367818 0.10182978100064212 0.12056983129438928 0.08251735913340456 0.10029357265728885 0.13957261334864898
0.36160409974884045 0.3825767650578987 0.35666542219782127 0.3719636418191973 0.3180185638931769 0.3593394138260925 0.30479429389011214 0.2614758318360675 0.29495182628263733 0.31269735097174356 0.3107835212726753 0.3242805195997373 0.3047551535190633 0.2978730185217013 0.2736669264518267 0.212075218529778 0.18829195821461847 0.1655079840533671 0.1713038699371783 0.17623146606503262 0.1415272550718792 0.17181647142877612 0.15082178057917361 0.14466467212577866 0.14091876055964617 0.09982277836527007 0.12231219176990724 0.11539245895592165 0.12716740850326236 0.17003997071218116 0.18126723214082066 0.14508151441881328 0.09788047207961005 0.0943601537085008 0.09427582756731832 0.1237542247083458 0.10666286003857006 0.15897143474031888 0.1719128726884347 0.14308288097705538 0.1419566048869307 0.10691773494493606
0.39941428651047495 0.38178378285022596 0.4090699093505803 0.3791989632980109 0.31659764651971534 0.3070279159233883 0.33696607502680026 0.3165286418129446 0.2678083804402314 0.2926061809007218 0.27749443452341077 0.2973981667822301 0.2813681506296672 0.3111342171330191 0.2457401916342062 0.20446608679694214 0.20566194404606986 0.1869451458067015 0.19327537143979073 0.16076209499159028 0.16816050119838535 0.1733058730125406 0.146526668397612 0.16295031733906132 0.10905465408163462 0.0788735009103647 0.13095912601946855 0.12113638307202927 0.14821744930217265 0.15826957951716855 0.13553655082819832 0.1574839793112632 0.12182019434366714 0.11504360810068488 0.14897377337011256 0.171720475391413 0.1348402279939226 0.14728877063948193 0.13992805816573345 0.15503436170902082 0.158940228956044 0.13227965098327227
0.414635641592053 0.44571098527591974 0.40588895238184236 0.339542765567729 0.3307525235272625 0.3086681615266346 0.3087677602040658 0.300601720900166 0.2619863329905111 0.2565767094741903 0.2705549862260603 0.27898629893363336 0.3087540278711563 0.326773955137069 0.2585302378553449 0.2684518049706183 0.2384295775554311 0.25709863044499803 0.2421704678567824 0.2140166529934361 0.16597637064906778 0.1678588820645287 0.14776134450617937 0.18612411665960427 0.12280837068040742 0.09983638490162651 0.10554268711944598 0.10860191488713047 0.1440526972104766 0.12741125179906512 0.15061974300673522 0.21364457586182062 0.18775753988232716 0.12710191958070613 0.15862088735376134 0.15526881864343955 0.16885147987744836 0.13158750763413668 0.17073555822207795 0.16795699072656664 0.15161962142172153 0.1129573246569366
0.4442976473887247 0.42219105643896415 0.3817089914776302 0.3664878517663037 0.3493199852835706 0.3387935840406844 0.29768127974581343 0.2884933651122202 0.27248198138271 0.2840920867715609 0.2566338412945676 0.2576737362262306 0.31609408306307757 0.28691088117296076 0.29244865222950006 0.2917756650587106 0.25629756682729465 0.25651733970117385 0.25258398717624636 0.2298353147127513 0.2103876258925048 0.17425622982159397 0.19885649048759396 0.17362307145196623 0.18029400214130104 0.1832212783058266 0.11806275963824853 0.140831419150544 0.12685243941746718 0.14011906073000183 0.18513340147401997 0.21033037097350124 0.17974784086374365 0.21061239493103734 0.180973309695613 0.18393994927881577 0.16660040137141477 0.15561576430505517 0.20167586522007172 0.18118097770971262 0.1785189726702063 0.15456095834305214
0.4940466094017888 0.46790616889903713 0.3877992136844926 0.3625966429651902 0.3261673147751101 0.2893284424120481 0.3356561125011012 0.33352461516721066 0.31348063959672123 0.2421089496861802 0.2860984745600846 0.2960144305630633 0.2884948429043482 0.2792652864916951 0.2782377054322815 0.29742692197182874 0.29505925155817647 0.27788064204418805 0.25348059533943795 0.22066563827535665 0.22486908271718425 0.24118380055890856 0.2500555095844266 0.25266583618148103 0.20166224353904208 0.21093270249239104 0.21176593243668543 0.15688794233046838 0.19565667793211067 0.1591669266943492 0.1905595706093916 0.21034167384261188 0.250321613491654 0.24853835405098262 0.20784507720051248 0.21517815614086672 0.21336066622636768 0.20136482221945162 0.19961027170224394 0.21116240769528843 0.16405644959100255 0.17088674826474956
0.5056139943832655 0.484478139239523 0.43169700436239167 0.41495279385209904 0.36539869036952677 0.3437747040137008 0.32976699017598404 0.32794105664250384 0.2986931434445687 0.27305210598572116 0.28069548826220236 0.29318192015790845 0.32810627542874377 0.29893241727069564 0.28342473564258214 0.26850439588993436 0.25115796610553276 0.2771185528385932 0.24454496571574263 0.2573981868379553 0.2733674941136057 0.24108541606926617 0.25831063141101257 0.2794369075627699 0.2822966128348323 0.2937018715376167 0.25956702490661115 0.23885006328544706 0.22074308944675125 0.2113515869213231 0.2219707187590978 0.23148695118697465 0.25137261556570406 0.2653904235676616 0.25338818539366703 0.24437023633123667 0.2536111284702616 0.22668516164995853 0.24609942302534343 0.2254802003268695 0.18704435415869777 0.1919101732694508
0.575451248321739 0.5550009846514002 0.5095429046875789 0.43798939929230746 0.41558108070252636 0.4084693262407852 0.359371283372588 0.36086798004556625 0.32689848250671416 0.316027416071698 0.33774003958194404 0.34724094946729345 0.3219077845508153 0.3365560128845664 0.3051832260971485 0.3035472404152781 0.25077677406939164 0.24237013065315227 0.2689563338648757 0.27466706224876103 0.2863761618185389 0.2971316499139214 0.31351532046513303 0.29031435540445216 0.29303112092744277 0.3059343312355421 0.28043907366208737 0.3264219688629221 0.2935075459183743 0.29710720640754157 0.26629849700122515 0.27456831914199925 0.2887015265783265 0.2757122721311202 0.28649117111035505 0.2865436500980368 0.2786032281322909 0.27922022694293946 0.2481375885061298 0.2446748293836004 0.24920603878011974 0.20327968510275463
0.5835904942527735 0.5291170057540519 0.5218096896127359 0.45051396816535694 0.424822490138619 0.40028075436925775 0.40200539539960317 0.4310859893280527 0.3731022508395394 0.3917222348015703 0.3658597480211425 0.3377615971340099 0.32513636371848514 0.3221451606663409 0.2877834235178519 0.29460433621106363 0.28003097005715116 0.26605471119772245 0.28135006337797475 0.293026573181537 0.3332360979046702 0.3741486930788442 0.3840415294843664 0.37745041347801933 0.36350584958477594 0.34567193669812635 0.3241668916759929 0.336969254858983 0.3456234341459786 0.27863450172494103 0.2850447895320461 0.32178734530038755 0.3241712456692628 0.3022273864963006 0.32365353630202076 0.34074236107874245 0.3319710764495564 0.32194326790650263 0.31355967369357723 0.2602146262288145 0.2733398952675022 0.2259215169530807
0.551223471319949 0.5399757850911475 0.5236103979441191 0.4530777854011333 0.4602028932230711 0.47186489940086657 0.45512987466764865 0.46921735502444345 0.42263660104731476 0.41734957340535384 0.3734815008928266 0.3994595804201977 0.34389241790304725 0.2968780289240452 0.28916511929984784 0.27992079675917253 0.293638877466916 0.3098448456447912 0.3353382251324295 0.3390721100358886 0.3661478565991305 0.3923873473999545 0.39402008237573444 0.43761751933866383 0.4190727245933495 0.44529568451143803 0.4020959772750101 0.34144972315930855 0.351264233061365 0.3015139186882726 0.32088689944151483 0.3011197669949498 0.35063888675336813 0.36530909283729074 0.3768102506775481 0.40079748059230624 0.3775290659556715 0.3480501143847745 0.33081113629617237 0.32897552012512343 0.27499571091856745 0.2605359769904623
0.5885718848317939 0.5215192371055098 0.535298981426263 0.5301964616786279 0.47125793543681294 0.49007797495595967 0.44168860974709406 0.4403804908180824 0.43844333000318486 0.3782159505257691 0.3817692292233038 0.3708806817084693 0.3542767751731354 0.32478828385490005 0.34700787968407176 0.33956093236720863 0.32874558027724937 0.35709337978321504 0.33778301091534735 0.36376237096620584 0.4119698630116621 0.398911088031896 0.4495469304629452 0.4310550682630187 0.4669674998570833 0.4371940399239118 0.3969314540925639 0.43009163628106806 0.4090343409234228 0.3797866598126999 0.3709243664070415 0.3513685414774536 0.4164168592571004 0.4321600313955533 0.4441955611976676 0.45109902612725605 0.4307919654593692 0.39142329354812866 0.3710524851399685 0.3233263087270375 0.28008067138150294 0.2414450056695809
0.5960704485841082 0.538715627637367 0.5260795050646526 0.5553049936249779 0.5441014457192889 0.5211629418042774 0.4919816293416891 0.42753200368715677 0.4074114861528984 0.3615083699410788 0.38020680476095176 0.3501258916200846 0.3400568241444239 0.34316377176535695 0.36809367207755633 0.3867775636539556 0.39268698803007507 0.36497028821070276 0.40649287422795505 0.4173515299927584 0.4615412318674155 0.44759651203705314 0.4673220865589033 0.4768605201585418 0.4489030077928278 0.40734771019754706 0.43745077983645003 0.4533056938509437 0.4478729090337574 0.4512743237713467 0.43517289059762465 0.4343407550214534 0.435302049005922 0.4730455709123579 0.4517376160477219 0.4526973740979596 0.4682188692681471 0.4141621383431421 0.3390854918355396 0.31696820610510856 0.30671733841001875 0.2602404559111858
0.575468212552692 0.589628342829011 0.5609904252104403 0.5623974864939046 0.522926175598004 0.5088802425475992 0.48185408143929265 0.4731276894413009 0.4189422190531774 0.38247910046081945 0.36376558898807565 0.3681591327292325 0.3861277184747575 0.3717120149621678 0.3502995054478844 0.3663653675107833 0.39733358608839325 0.36758561595489253 0.38561826717072 0.42847367338306136 0.47015895214058173 0.4903697253549231 0.4966977109796227 0.47084112918378246 0.44100299717919544 0.44525491840771664 0.4567977025875096 0.5035726063293515 0.46720889487252826 0.4695904109644718 0.4831329597593902 0.482463440307932 0.5041986741839716 0.49109252748684495 0.5363688030111707 0.5060798686571004 0.47315593916719073 0.4676127900540355 0.3740647719301863 0.35675694323698043 0.3178185662612821 0.2751740282296701
0.5930139873997442 0.6479843624091153 0.6101291308045204 0.5377233841514817 0.5163796852941586 0.42318232128255107 0.4939233028312932 0.4682626210744308 0.4458077709271112 0.43078374571129047 0.44653422298653433 0.42059369671595326 0.40923944140330537 0.3529769771308471 0.3745162327274011 0.43839317958852236 0.4421833347730675 0.3970942523131074 0.4148941129720804 0.4639541927887939 0.4972380326889049 0.5396685767393117 0.4769331528869072 0.46014552594209557 0.4857515127654543 0.4495856498533076 0.47328237649075955 0.5214794976349179 0.5023163907182367 0.5276055189862286 0.5444135622321654 0.5615192588449669 0.5692971860412488 0.5364501688631361 0.5498127308992884 0.564864931807844 0.5255403517202385 0.49838726672199457 0.42727962707854106 0.36476097612798286 0.36441091079487475 0.3215011940613794
