Raster_benchmarking/Raster/continuous/raster-97.asc
NCOLS 100
NROWS 100
XLLCORNER 1743152.9598686858
YLLCORNER 5469285.213176996
CELLSIZE 10
NODATA_VALUE -9999
[rows 38 to 56 of 100, columns 43 to 85 of 100]
0.4248096536166029 0.39634406070253836 0.34541327425285623 0.3150386840852268 0.2786020822568551 0.25970996189271606 0.22440231750686568 0.22645931349676685 0.24456548486258786 0.2206359008719838 0.23309734528157722 0.20390511548658163 0.21502532988148704 0.22636586889013433 0.23536104671098476 0.17122872053641242 0.1547844693797252 0.15373767371684388 0.1909162446849444 0.22575930707994823 0.21526545012640405 0.2328466230812423 0.2153422257550452 0.2152633386310193 0.2320337154473167 0.22654971890787082 0.18962196847250687 0.21196051094152593 0.2154443585134205 0.2506025572283264 0.2407365952063766 0.23818013897316354 0.2359754440959172 0.19967807253547298 0.1946824024120635 0.21671976234405854 0.24910979862278704 0.3065772610073866 0.333355291271013 0.3246992660273169 0.3516895456717707 0.3483632316496693 0.32854854260823635
0.43602986232570673 0.3939819229494296 0.3725373957433355 0.3181151328153675 0.2960328752444102 0.2912775355527009 0.22850809856988566 0.23155772617457646 0.2558661548188535 0.24746840950241358 0.21637306760408886 0.20127575524039684 0.21118081865904537 0.23542254837206875 0.20425730074765255 0.18370496958253488 0.17159737154745777 0.15523127157954 0.18367928544458473 0.19831981603208912 0.2199266329583919 0.22642770357030084 0.21028879510237242 0.2087694381791956 0.23291744518668742 0.19067639764881744 0.16783108605671396 0.19047158764367395 0.20786329118903218 0.20349799042383082 0.21925154520062437 0.19983020021870584 0.2173328802183524 0.21641128049977523 0.19069234660807713 0.24502976717669078 0.272574826623613 0.29753473353763943 0.30865993976110984 0.2969019801729156 0.33400727533811153 0.33923983805518043 0.3472235384736661
0.3940335106962763 0.3876470354310139 0.3580209553901916 0.3562883913699131 0.3408037210050857 0.3068308899393647 0.2529523182343383 0.25268494503076105 0.21155758195318822 0.22790922785643908 0.2207109699498299 0.18636473792413757 0.19890134178895327 0.1927212145404579 0.2089158991735902 0.17803918834565552 0.16534265673254325 0.1453121985274822 0.1824663063532028 0.21145789426361172 0.19856878022394323 0.2101589450470764 0.2358357955559275 0.2366829253602997 0.24475322350329165 0.1918172089445741 0.17107027606446554 0.1782375623014467 0.1350298278590075 0.16942004629282859 0.16596470486938913 0.18215742119072909 0.16471704726037686 0.2006144188430647 0.19546074168233046 0.25294855078910167 0.2582308365969019 0.2958481730298853 0.2922957753706441 0.28394611736129854 0.3006878060534862 0.35195642817372735 0.34472141889323643
0.4167839934937415 0.415629088564292 0.3928200628489269 0.3657997348381179 0.3278164224747605 0.3151678091602116 0.25902310501944587 0.23127349663159766 0.20875435673988868 0.1679014310254441 0.16439364023310765 0.1923662446239601 0.16812734318738054 0.17717966042399463 0.19169381806569283 0.19564501916494456 0.20432008009264327 0.15916980426092664 0.18257770744716634 0.18680579740682043 0.16941727948828433 0.17203471047574412 0.22258044947425834 0.24207840548992243 0.2509759897562447 0.2119465404056486 0.1662369736976908 0.14133441360457563 0.15242623093923338 0.14087934505840732 0.1579219407278335 0.17131041534250072 0.16511825439312147 0.15113780183153744 0.18053123504432722 0.23319096226485833 0.24076515859291564 0.2672603226476471 0.2935275238510094 0.27475235850468926 0.29728743236514676 0.33314206022274817 0.3417455587409645
0.4710152452118873 0.4485356946535762 0.4125407750055306 0.3771075556171082 0.36396312916364987 0.3239452740596838 0.2901807773672361 0.23741442755197759 0.16133619416527076 0.15637669698166523 0.15653637082999464 0.1692393302734339 0.17164214243970996 0.16404032613759367 0.1686766499465204 0.16754806808782327 0.2038679850427623 0.16447046092043469 0.14565082494021614 0.1532977041284335 0.13655926437725366 0.1567520248645585 0.19931473662136684 0.19999911990245847 0.24179186315426526 0.21435381728837197 0.20230441975716149 0.16832685710348788 0.12445832155988903 0.13551346460485625 0.1875457326859786 0.15492817616847432 0.15906171589435827 0.15925539700027838 0.17571932846494098 0.22680917770026374 0.24700575189433097 0.23716756015624688 0.26825083692803564 0.28800990526966386 0.3057620321474884 0.30917880306616113 0.2995687802582256
0.47383434195553054 0.4639643186093458 0.39777065115700605 0.39506754435298835 0.3458082076809653 0.31196358239642424 0.27020425925398556 0.2174600113180761 0.17103201773385016 0.16549331531806594 0.19137615352878382 0.20032295006323553 0.1762454108962702 0.19164476325635393 0.16480836708664132 0.16193231184092644 0.14835931236214048 0.15663802445619335 0.15756315197042148 0.12963983030587353 0.14628375383227446 0.16833047989531005 0.16448544245790636 0.20740201955974802 0.1994063984427736 0.2142478812162099 0.15565468266136118 0.1380099779179487 0.15694987610468664 0.1423652470001917 0.18965369052775732 0.1718551988899179 0.18516325513112908 0.180320523792198 0.2310639347819628 0.23873204785668606 0.24438291603269538 0.24333039118459096 0.25527283932741063 0.28759350941217565 0.27253854345328116 0.30358626569990826 0.3149867978493046
0.4982780638671024 0.42520216876200234 0.40038668758030627 0.39347694454359605 0.3464743536294506 0.3139591217594371 0.23222061482293113 0.21628859991165372 0.20860558400025447 0.18406492966709243 0.20021158386259885 0.2221537863761479 0.182939420131873 0.19199825001289694 0.2065297277063579 0.18631512329288413 0.15255366504380932 0.16661095415459626 0.16191795499521563 0.11842789161924347 0.1272674000868689 0.12766186902713114 0.12480536109219738 0.16267222188101813 0.19194786641828893 0.18171266330050775 0.1394913868265713 0.15946407769392745 0.15447083689939428 0.1603545615018119 0.18183079010653144 0.1904445461231409 0.18175213729679943 0.20418912395727284 0.24081989854822186 0.2288820980379778 0.2081552592041717 0.24875729702048124 0.23260695054241168 0.2614087592687255 0.283652284642796 0.2707730905265901 0.28282165894853706
0.4779132132571783 0.42926898442490785 0.3918949492388428 0.3515180439317985 0.3471254145041281 0.2995080295711718 0.2866116507665982 0.2610085297844549 0.22829652947702225 0.20905627415473285 0.21299102866674413 0.22900034360681434 0.1933365447738921 0.18414220336507184 0.17121302935161603 0.15837441299613653 0.13952887616408455 0.1171266408463896 0.10442076847892853 0.11381432268087045 0.14054735622626838 0.11907031374536707 0.1537146416174018 0.14166473782933486 0.16128482089749613 0.15777879964591793 0.11504238621704285 0.1266883384815596 0.15566435451915864 0.1540991647628758 0.18337793310274017 0.173373776553821 0.20563403352782333 0.1882259670827446 0.22919210512280486 0.20154789421001598 0.23047563639706178 0.23214216982173444 0.25994326408576535 0.27043752297839774 0.2866410279730941 0.25919871187126925 0.23690261981461724
0.4916493489282791 0.4623213443440076 0.3910649071947834 0.3584805769520242 0.3189639936258745 0.3181975706203741 0.29807788798261764 0.26156316485560743 0.22651986131748256 0.23193821180922142 0.25192262012881506 0.24415022348156729 0.21051264326097996 0.208673693053965 0.17250774201158822 0.14142838778482925 0.10202063574498471 0.11717587062645064 0.11110306546771444 0.10045140745101871 0.11052940024079487 0.1201056234192079 0.14632515203522603 0.17126977667091323 0.16394140613833325 0.13538345771256285 0.1018206084814171 0.11479797341370752 0.10382465477123372 0.13633538357033223 0.1408976287504824 0.17548608475463137 0.20618843744038626 0.17201327274209913 0.21015956970655497 0.2147716931688223 0.23400060959238878 0.2564169910137621 0.25498926479001827 0.2525371150954545 0.29338657603523033 0.24447100125814775 0.23025211372383841
0.4629319370074108 0.44907185805304545 0.3893613276277283 0.3662773666462486 0.32706793357762753 0.3194810444496714 0.32760062009718804 0.2646716722897343 0.23277147896406003 0.2529631484311288 0.2530649751219942 0.22317026764830744 0.20201731099248904 0.20957296493257474 0.18595916692294118 0.13260228173318458 0.09319626065463435 0.10894252621908652 0.11569035090291627 0.11731062622831825 0.0967296403403215 0.13417911672244012 0.1418538755403976 0.14231222799461618 0.15245922552154106 0.15749638701633545 0.10654607455272942 0.10450246124669259 0.12198419264061015 0.1529387508985446 0.16148806043818653 0.18584622202293288 0.15869813131505167 0.16214017461545369 0.2023491635307405 0.2222725080544578 0.2345947259208576 0.23691954032399024 0.23326991872462344 0.26235691716246246 0.26440382947713437 0.24037117848286957 0.2128823971634683
0.4577981120071474 0.43211276164829593 0.42714917323361806 0.390049413736046 0.3733795529838382 0.3529494774464964 0.35073888493948924 0.3018360126601739 0.2717818998268169 0.289748118705417 0.2515495061468041 0.23684618121465706 0.22273661638770786 0.19537494546963272 0.18559791909816992 0.14609457764470274 0.07243384779004199 0.10101185345181596 0.08186589399525637 0.12649005716302852 0.10684695310512962 0.10783026347349066 0.13389413497310862 0.16187241351652568 0.19315295591111756 0.15983221765493916 0.14514722656892795 0.14902423204682422 0.13586203809452757 0.18290240347026365 0.18067101860797127 0.17865865332515954 0.12898681395668618 0.1354478877836925 0.1838790617438535 0.21593901878528185 0.20272239486467658 0.23819277952888732 0.2559878610081269 0.23549044125261476 0.2394625963903972 0.22095627979343865 0.24076343081042365
0.45760697046864496 0.4529490419933719 0.4448734503490593 0.40225448684481796 0.3550605734579833 0.36237268252441246 0.3633783795245069 0.32398776743448854 0.31252316893106596 0.3169345925336172 0.2916834607206314 0.272174884707189 0.21986313871512284 0.19321979021705685 0.1608057982005978 0.14842706193502722 0.09547119191490214 0.09145203307457268 0.08680295945170907 0.1213774920783346 0.12809825087458637 0.1288103516422278 0.1450798398701299 0.15326408625556273 0.18783181978313562 0.15847324369938515 0.1634537730856473 0.1538736065263675 0.18866299008753035 0.18090823675707668 0.15590066481420073 0.1614404574660984 0.11377800631484512 0.1319765812950775 0.16203225506847527 0.1821802216730167 0.20015166929171435 0.19966973685425693 0.20210518890700596 0.23512737638098563 0.251541482661897 0.24576048927897065 0.19851439608884905
0.4825497423745731 0.4497452074501375 0.40888174412194467 0.3680655745674863 0.36441437377695723 0.3569716086522345 0.3834510860181552 0.38854587178872296 0.38241304210361604 0.36917625677915084 0.33570966527886015 0.3139913858186922 0.2623889695605928 0.24057463478861385 0.1915370919669261 0.1458598961900098 0.07343211634143115 0.08395369849543041 0.11133798849790784 0.14865815195886356 0.11679555278719354 0.1441755978835148 0.16563197089862078 0.1642098287840209 0.17915220826026645 0.17658600874723077 0.20364893836238673 0.1967809431758104 0.20675898791049577 0.17372343336945353 0.19015939052130348 0.13484853470654623 0.07606498392016399 0.11787301461847675 0.1718140721699544 0.19899771398758614 0.20165830054189932 0.1987178708671412 0.19059681282093144 0.24528746659495046 0.27017674484123083 0.2453742272106703 0.19242458884254204
0.4769840211482368 0.45149432487791885 0.4110599057677464 0.3850978340952289 0.3746202228853631 0.38451816763299257 0.4115317424532622 0.3747167415428347 0.3782648658532223 0.3793307285052338 0.36357418367137373 0.3261535001452845 0.26280814667871694 0.23650208698834915 0.22262880008107128 0.165356783864303 0.12036985934713833 0.15116323967520984 0.16247771748707995 0.15416067994377142 0.13471813805588648 0.1341709481594281 0.15966930611425323 0.1432572658002155 0.151182082677723 0.18297785480133666 0.1967475640773175 0.19701937721385102 0.19361136701853804 0.1987640696830524 0.1478527905842995 0.111591625270853 0.09273838705189698 0.11449154578992625 0.13415485961365128 0.1804822330582933 0.19769949994664554 0.1958115896054829 0.19355098604760596 0.19600549872495254 0.20295346162218877 0.21790640143133502 0.2029512671413258
0.4936718890934286 0.48137273386733953 0.42769318674141765 0.40817738394206504 0.38832662963245096 0.40371385090121487 0.43856624783367953 0.3966048021723869 0.3683883756376321 0.3697179254652358 0.3416323858282448 0.3518761217017975 0.31277836176548435 0.24356256253182126 0.22948195784573255 0.18167088023987152 0.162257903473642 0.1825028879445033 0.17536528526890494 0.15722963603062673 0.17982880949981636 0.15568224314799098 0.16654679451233168 0.14979915051366027 0.14027818754365246 0.19641711536282522 0.18614817808787876 0.18756650188035043 0.2258038254601418 0.17312749755876283 0.14283402354868713 0.13640924316026948 0.10137036353332804 0.09620101966193657 0.12690557781565165 0.14375417260160994 0.1494295421820441 0.17492547961512123 0.1741751504959274 0.21221357551324582 0.1881720199428384 0.17956228322733395 0.17781133495425466
0.48766017119079247 0.47673126767214313 0.46605115650377665 0.4201276204313536 0.4130450153267057 0.43057921636247604 0.4190923574111109 0.4323498852535069 0.400018422123348 0.39365639817390413 0.3854805231716902 0.33378039131373094 0.31215055004646164 0.2883266382107236 0.2626280561896741 0.22643595436374084 0.18218659816989038 0.1893612288045485 0.18756193601488788 0.19809892095958564 0.20900464035614763 0.18352317906325513 0.1819428244362313 0.17714650887430178 0.15273689540937105 0.18419004238929856 0.1851546049989254 0.22448805794967397 0.23316816484514155 0.1923568426016244 0.14847912888182888 0.10474541171954704 0.08458588292905357 0.11370756131123828 0.12538447173707737 0.12613466753160194 0.13165316011756786 0.17012268693056043 0.16493313457517889 0.2084175275202878 0.20944465279556873 0.18875525868867352 0.17524951701295244
0.46711352140669493 0.4486858252310488 0.47240569719715203 0.4177807151249736 0.4171952618898912 0.39379674710157503 0.4035710343360344 0.42086382295403635 0.4617477770073578 0.4342886990958637 0.422037684929153 0.38204246427440064 0.3507822334182805 0.30400871571728927 0.2385328250206521 0.23553770292132117 0.2065824461855692 0.20262755017184148 0.203393565910981 0.22642895680288022 0.2059523006188192 0.1793991561245223 0.1744658627456682 0.1945844447968284 0.1476339608226721 0.1678561429831091 0.18131008599511456 0.19274201851637207 0.2125722285937227 0.18758429364650875 0.13804910942294896 0.12356819177287215 0.08474181939365953 0.13987857910079798 0.15142759944073123 0.12456938775736083 0.1293699154888193 0.1451840367931198 0.18171401119032637 0.1862077063297051 0.2285570561896584 0.20917621064271003 0.1599605417512465
0.42283839651092087 0.43415593613133585 0.4388392934052459 0.4306584934371387 0.39547710723001694 0.39627354760117 0.4058495331950544 0.44238033744438 0.4545584593815534 0.4315363841668979 0.4279501941487168 0.37729981280570296 0.3695791940009724 0.31237236697326215 0.289825848365867 0.24404073308640534 0.23602884501732166 0.24683102416870595 0.23502739353778057 0.24572539680070365 0.21523168579878682 0.18744945566083443 0.2071847368629987 0.1911803871915631 0.1712991723553714 0.15464872216150813 0.16919255308899855 0.20999560315024035 0.2202303257000338 0.17584697529940851 0.17093529784054212 0.12066998042478848 0.1407259591754449 0.13635737643988055 0.14475803814987384 0.15871537132237307 0.13483438893988128 0.12936713269538191 0.1579516457246774 0.20194847509915487 0.1993092018074535 0.2112778120344084 0.17333292716612012
0.40471337484886954 0.41649260511206526 0.4392141379097432 0.4024944813054221 0.39824330667020547 0.390323534567181 0.41931440732506403 0.43709335576877006 0.4534459580749481 0.4128514970153563 0.43285361615046053 0.38917064291129777 0.34660476550020175 0.3301433224615025 0.3242806156000501 0.27592216009752524 0.25028550295919033 0.24228445365679055 0.26547467208937797 0.25442047173616206 0.2509698300568536 0.20911291428959586 0.19150393012211508 0.17231768415515508 0.19161354790056923 0.16718118600713813 0.16266570905182154 0.17492110612311748 0.19102813253278242 0.18470184796482342 0.15828808110337425 0.13698016182617917 0.1673001220461586 0.13671342826649388 0.14784856606291105 0.1369656318418346 0.12659396153070346 0.13037454977287352 0.1590658794291223 0.16263780985630696 0.18113168713827707 0.21955326995344146 0.19797368662023987
