Raster_benchmarking/Raster/continuous/raster-285.asc
NCOLS 100
NROWS 100
XLLCORNER 1743168.053781191
YLLCORNER 5469291.75683821
CELLSIZE 10
NODATA_VALUE -9999
[rows 76 to 94 of 100, columns 43 to 85 of 100]
0.3648305592871983 0.39076741445388313 0.3802107373059284 0.34618417939063173 0.34928914523628374 0.3572574456241813 0.3866827797368822 0.3867076012369504 0.4095041726522677 0.4132301555680569 0.4093792910112833 0.4263617811839621 0.3928886876509863 0.3709393108782628 0.39865327337347334 0.3912775182535002 0.38553484343076416 0.3615642269181889 0.38318157690239985 0.41270823966871517 0.4038508921414203 0.37466557336868467 0.3179464882820762 0.3305791949090449 0.335731051317229 0.33164205971979216 0.2792773119643529 0.3075150742639301 0.28761796153428554 0.269245037738912 0.2561446451349342 0.2323068271854369 0.23091535263908403 0.18125618668372126 0.16926164136916677 0.18402705590281085 0.19483510754798808 0.19905988091935595 0.19486994834232177 0.247047674005845 0.2761197488533617 0.2625577745032395 0.2681635492457791
0.35880979666667817 0.3587561602015574 0.33467181928526 0.337565039484036 0.34878712319249633 0.3440815003684279 0.37429162813129885 0.3641550023207294 0.41685991473264294 0.41241757333226675 0.3936135689306099 0.39579318890939935 0.41211053754238947 0.3899227387277762 0.4005821833252831 0.3630476794388519 0.36498836498363485 0.34277713702010587 0.3550361679933887 0.3917919797059834 0.4035405898928812 0.36390125219755287 0.3650366213297087 0.3502993648673154 0.33079089249706317 0.29818354648512285 0.29001245686785393 0.2564375838267902 0.2770934327013729 0.23814479143654574 0.23271607188910534 0.22116684607641401 0.2220939874239648 0.18850265033221428 0.17209984166852796 0.1794229648737701 0.17699897666945177 0.18236537817295295 0.18785350641618395 0.2278256769252581 0.254410177938604 0.26671855262039657 0.26093153700843497
0.34173330778101924 0.33650940176231203 0.33728575804613353 0.3661709761327757 0.34252345142068513 0.3400456589315877 0.3607251805693949 0.34357498542626386 0.3915442860402234 0.40596047397385604 0.39804516039789195 0.40938026654283793 0.3868732543096939 0.3774442149196196 0.3406221249802632 0.3714509063677623 0.35722414296513827 0.35358904961879223 0.3435409150642968 0.3311505900411497 0.3466166650278468 0.37252309025598224 0.3716696020162616 0.36972762328918235 0.3124726918479997 0.3086043341782875 0.2722270788370176 0.2628179733493489 0.2323197397190469 0.19688255682039107 0.20611762532008293 0.2114095327383568 0.18710166555325447 0.16957630264571255 0.15403531429458459 0.18127376602837933 0.13895765474712182 0.15417664437591128 0.16488264724967583 0.23478325426742097 0.2166031992779479 0.24360374430578033 0.2577018298714398
0.30431263521421387 0.33316809689107735 0.34802479407037296 0.35751658151825166 0.3645405724141192 0.32126693736207124 0.34419992544808053 0.3664572616819254 0.3774354842104491 0.3943555280388291 0.41209622624703285 0.3768517812039311 0.3485866305726923 0.33665179751957874 0.3501123665326963 0.3169847274190251 0.31944986200894254 0.33239443707412425 0.3186608144289773 0.3124190146208388 0.3214077351375191 0.36313864535032053 0.3395891988254278 0.3441988556997968 0.3397492709149981 0.3007893544648755 0.25482773604866993 0.24921789584491152 0.23158120054586878 0.21650866942214017 0.23525235086177756 0.21167265393804596 0.18524313965901568 0.15947601961278088 0.16147461165570845 0.1410240072759809 0.15377978319958624 0.1367642848627495 0.20637669503869124 0.23334346722735702 0.2152489234583648 0.2557488461811651 0.25114881084428103
0.3029987766492537 0.317902115967854 0.31549769025118224 0.29905493874634764 0.33265385197832853 0.3135815731302939 0.3395900453830583 0.3814870838405025 0.40195482164869756 0.378795831042036 0.4151158511798416 0.3871858552764901 0.359975214209678 0.32151520541337153 0.3485367788210093 0.34339899969275495 0.3063923184964794 0.3253505542323886 0.3390574007643108 0.3030738284894181 0.31792949393415687 0.32619185133993944 0.3274186979198884 0.2997534084981752 0.29571962548027325 0.2547864812013259 0.23438602170526224 0.2524164129712625 0.21185711955495243 0.21585730160704789 0.23606694946311393 0.23169673110253253 0.16562497890902744 0.18516556456500827 0.1434939545141332 0.17156496241538835 0.14782560852872764 0.16392777732260733 0.1894224035889605 0.2164710177860468 0.2610004772478022 0.2392189430854735 0.2235465550755593
0.2665993087633871 0.2933932781962842 0.3046881155641119 0.29382612880220155 0.311328568859448 0.330847225910578 0.3336027534220562 0.3461101151494847 0.3644183813328596 0.3649133700959756 0.356792325283002 0.35180850723353696 0.3585137935258425 0.3409287830810917 0.3242437599656359 0.31403616105433624 0.2963384941960127 0.3277242054617145 0.3352544408353247 0.3484355544322533 0.3428868005654383 0.3431343866054513 0.3224265653527105 0.31295583607687827 0.30261952619108284 0.26613824767257355 0.2462784207759506 0.21390814905516975 0.23519624900133068 0.22501563108018227 0.24707671785898244 0.2285128691456628 0.20660587919079218 0.20883132881563976 0.18821200908027744 0.17547727769073368 0.18781853372862292 0.22377773559906863 0.23624008773190447 0.26551756846741753 0.2696597756352357 0.21261592885184896 0.21959413267438507
0.2453831790180368 0.29496362817182104 0.30072915672931394 0.3095412527183167 0.32907527131403935 0.35338273365073547 0.3719656673466652 0.3501745812251945 0.3757644148625997 0.35003383595701554 0.35494883278096734 0.3524136679786666 0.33318577778664327 0.3733715767108042 0.3422894381054352 0.3272722865636142 0.3145976919691255 0.30815204014209685 0.3652647897955537 0.33325247197134844 0.3705303253254245 0.3525765470568807 0.33768104651246866 0.3087571830792103 0.3412520015650319 0.250428030199911 0.23474610447119038 0.2316984090098351 0.2084069516995228 0.2357587808275574 0.24571243914632923 0.23137298868591047 0.20381104730294616 0.21535411948956862 0.23556939083163167 0.19182339484632263 0.22852072456178907 0.21269794272548465 0.254682888775559 0.2546531181549215 0.25515816243618705 0.23420774541006134 0.17380327129813405
0.23962469370113484 0.2659835438411391 0.27336361353116145 0.32459692220482783 0.33982525944795006 0.3457588750984414 0.3801746674221261 0.40160386282264143 0.3728765736285705 0.36449292933048383 0.37938051505646014 0.34257389594818893 0.35135565758600035 0.3688948887482292 0.3590050430616175 0.3413596753119206 0.30197948707880895 0.3220946987058322 0.3454949217887323 0.32672057485025213 0.34843175880948124 0.3576009933671663 0.3411123295981897 0.34710529061002665 0.3371339588283737 0.27176438393595004 0.2244374612578732 0.24274080035191223 0.23844344224398817 0.21076468473866125 0.26133526383941225 0.24849904371987322 0.2274163298032074 0.2381185105685912 0.20778067429378103 0.20568386283032924 0.20758426287152681 0.24026279549206458 0.19958223534693453 0.21939753419689423 0.20869795225203533 0.2288648124693276 0.158960517008961
0.2951447009794902 0.26810332093878664 0.30735982053650573 0.35618493231515386 0.38807574629067393 0.3546086088213203 0.39942871077864267 0.3708624148626472 0.3660042464271237 0.3915644651847946 0.3592986721598909 0.36164458079087936 0.37136993179314276 0.3865385871923897 0.3714945404639425 0.37228615511208546 0.33044831415815884 0.3637232954135216 0.33620708134775323 0.34770895193726004 0.3237547934772592 0.3725062084687947 0.3608564687742972 0.3212288340670803 0.3264956151167112 0.29797400285414893 0.25392195129282435 0.26406082746809234 0.2168408069398439 0.23330853481808694 0.24127663332668325 0.2348554231736665 0.24631775547994858 0.2639906810037458 0.2534856438759911 0.2359153662917731 0.18266765473401467 0.1777389307011562 0.18328441670938642 0.2272900805135532 0.2371336610156772 0.17734139275720787 0.14420729833419302
0.28410322308940633 0.27128054295832454 0.29838152229682857 0.3226535526813319 0.3625000100382872 0.3888718217431087 0.38002540865826967 0.37735602885164143 0.35397983516309184 0.3793509402718739 0.3824598332095961 0.395340685835544 0.3845066505925063 0.399573411914097 0.4092341382678358 0.40385962606146547 0.3825586371488889 0.360644833603068 0.37389212803215593 0.31708644976510175 0.30860120827962784 0.35228178806530763 0.3405560511624464 0.3501653251270788 0.27753406313402706 0.266467309312422 0.27287951918659875 0.2483109465719912 0.23621576437948347 0.25504527553743933 0.22768673085716545 0.24350179826685472 0.2373171791002904 0.2646771291514518 0.2775869925008202 0.24420066591410333 0.22726228586359226 0.20321839424377777 0.19198872889847463 0.17469528002807466 0.20205583978245828 0.1873382084498491 0.13744367256555223
0.2214977640887344 0.2540005402135782 0.26503917335664384 0.29760087309537914 0.3747253922686752 0.3564187193345433 0.38801971090137355 0.3630166067280154 0.3848430028733247 0.37759100627449416 0.39422583066710354 0.42081915932262504 0.4131826265552584 0.39235472549034733 0.417039676283208 0.39706087943673396 0.3917185273666062 0.39343934522958396 0.37630504199441267 0.3700757345008614 0.33292907550196504 0.3206036437715501 0.3670535944651033 0.3283172285660173 0.26856696204426644 0.2756179696729347 0.2562156235979595 0.2957600601447229 0.3044304721676474 0.28013830015959373 0.27707755935767936 0.27860028604463144 0.2605325187222155 0.26040717063384555 0.24848033722432428 0.2354387455596372 0.21069357919970902 0.21360831731124935 0.15491898555731107 0.1934145628596607 0.20152062669892612 0.1388590182411037 0.12654259620054495
0.24485193353361717 0.21856806318128666 0.2408000742084958 0.3216820275144714 0.328749549411148 0.37046144216802596 0.32795526292187116 0.34985049854796185 0.378629284173875 0.3582263264862513 0.33085518353786353 0.3815204581161575 0.37477036396624624 0.38458213792878215 0.367488018363702 0.40252163696799725 0.36165162224713215 0.387254219831096 0.3691074538635849 0.3721760292341004 0.35199764498315106 0.3268422608504013 0.3120318210533001 0.29121388389533986 0.306383491188032 0.29495123721028377 0.2552375078275408 0.27386757075017804 0.3003696805602792 0.2960929189214292 0.27169574688875114 0.2742834941558706 0.234775818434514 0.2177394938508333 0.24692260045317288 0.23432220553197816 0.2133631827702111 0.1891754012785166 0.20402767047445614 0.1924595052131861 0.19558619863357965 0.14886835276659255 0.16132202701502243
0.18738488095073375 0.19976103318343702 0.24336118902742152 0.29691601225891623 0.3091057620602912 0.32394612008772317 0.2979189249307433 0.33479399916833297 0.3348883354029772 0.33117698349466407 0.30092413988319205 0.3182457835451907 0.35968694433904086 0.3478901509645233 0.3647023025385331 0.3906318144409259 0.3504475120724834 0.3827681241325443 0.33180472224669477 0.37450396850247814 0.3465787641009758 0.352741074873366 0.33631758857757943 0.32742711809916913 0.30116675386403124 0.2762117593507411 0.29034482806614953 0.31303704036901486 0.30770438912681036 0.2942791910192301 0.27564493121150363 0.2369974338096167 0.2337432373449331 0.2408864458766256 0.20788048304202922 0.19481137088722933 0.19241268983880094 0.17674516264921994 0.20905619828477184 0.20286659048641675 0.1752843556088804 0.13704694944498472 0.1482708786627524
0.20391330318161205 0.2107780393370761 0.2414903026260369 0.26687610702946224 0.31897073004384763 0.3184747219439788 0.2962682103768645 0.3008942136547569 0.27701744726983574 0.2660120504748317 0.29698963795453187 0.2958900160835572 0.29169271453886264 0.32389852963225674 0.34081253206085077 0.3604837237950375 0.379830315750136 0.3518998937769782 0.3582358681759464 0.34358262571586556 0.3465998188668328 0.38015282971053976 0.36349956844882325 0.32731427087123993 0.3417134395215817 0.30173733676281506 0.30419258427925583 0.3155014162079855 0.3009437913836354 0.25821983268503096 0.2572382841858798 0.2581878267257302 0.20684000950260087 0.21645033157516802 0.18262039141095504 0.17145054315391053 0.15694155319300468 0.18446268788731854 0.15665892023275724 0.16776725904173478 0.173299802754674 0.14548181296353638 0.12657371891046715
0.17890338094290748 0.21096961811141854 0.20455301355498728 0.25099051823455304 0.3038093593054638 0.3126985880539509 0.27312519678582675 0.2487061565468975 0.23678654322578535 0.24093364861489464 0.26501396418320977 0.2453269132991268 0.26083784369230834 0.29351348359621354 0.3855342658314485 0.39407954678581847 0.42083678663159635 0.3620215990870743 0.37065530560724036 0.351140015836233 0.36153825592618866 0.39938722741308413 0.38482668627531985 0.3788921971693104 0.34485036559680743 0.31262895240598876 0.2985871036221246 0.2668659388617231 0.2701944508327614 0.23127541763607892 0.2548616723724492 0.22866536553913633 0.22603330576160002 0.2352131844060994 0.21653878952164676 0.1507411731298203 0.1350912932654449 0.16035823238350166 0.1765347387369676 0.1666079809680481 0.14155210821323808 0.13218159388194198 0.09109375470993142
0.19606846038842235 0.21262955653892257 0.20092812670638022 0.22517751583900242 0.24001624150615097 0.27465747801194734 0.2549980110561002 0.21052639474788573 0.2208676809409163 0.2543816719689511 0.24811819610627597 0.22671310539439976 0.2452686808059285 0.27139444083566655 0.3394746827099537 0.38155494486679786 0.37385773039881315 0.3692391679488154 0.34921444970239746 0.34612068396455664 0.34551907218684524 0.3642951721379648 0.34485043467956505 0.3845760958013321 0.38158544629264934 0.33246164693734626 0.3212771866003031 0.27363673203025396 0.280804445763045 0.2332549661705863 0.266747500996866 0.2562950352135146 0.2337685062420787 0.20418673894623404 0.17624642294410012 0.16290011486174344 0.15626528309530877 0.20036195713453758 0.19811575329642508 0.1733982486495152 0.1541039273451797 0.1471419501014299 0.11058871307465595
0.21562198547983744 0.22637772255319488 0.19140207447920546 0.22235213010734955 0.20535806184155309 0.22076398752596482 0.2298804430717827 0.20306651006041435 0.21389049086765624 0.19271302982979935 0.20792405857337265 0.22803525726083262 0.21235050701398717 0.2470322385932505 0.337653981351747 0.375529533570954 0.3824708428035121 0.3944629852566389 0.3868540776935493 0.3366399690645572 0.32269482890403056 0.3553760509581762 0.32018900626907576 0.33269160762878874 0.37955670355133136 0.3377028189373438 0.3342187999121928 0.2673649396549614 0.27144047266508076 0.2467513445485627 0.24557782510554454 0.21500602263233404 0.21364271800603185 0.21855670654012568 0.1737130700680487 0.1823276035142023 0.1913635540590105 0.19082803953358404 0.20571981204839954 0.15946168670142571 0.1683992228889224 0.1701365131749951 0.116207721568062
0.20433105927053066 0.19888568306736104 0.1850478552006454 0.1904799484180433 0.18562426217559364 0.1919103666928363 0.1908808865023923 0.1702806906259402 0.1989019107393441 0.18919842317752214 0.158025813602989 0.15896375343504845 0.2130072368760147 0.21776203306919473 0.29264649793292824 0.34029458158430187 0.37601161179493364 0.3719885500565001 0.3675566945311661 0.363547893631131 0.3441289098863436 0.3080621600539248 0.3342905840591205 0.3279882193220504 0.3575443521995859 0.34206496464385433 0.33736330288112687 0.2845345039614832 0.2692097024104642 0.2638823067153541 0.23609568255901925 0.2256908154731307 0.2320263093900614 0.18375649985301326 0.20061742328215154 0.1794240719241156 0.16338097232460072 0.17524189435299747 0.1815422475165165 0.19312734737760207 0.19843831029392114 0.14966784928856766 0.1340766917128841
0.18314685461459118 0.15112081200265193 0.16249854161606558 0.11150517757237192 0.1056354421273667 0.1416142023565228 0.18370150876167105 0.15198879206646582 0.1253078562335446 0.12866031051343463 0.13795611345759076 0.12936852850917677 0.17533843296917365 0.2034984987547869 0.23322480155882877 0.2989010106779852 0.35139645438917 0.37448118645401185 0.3787605688204192 0.34061357584662344 0.29704924866656973 0.3277006661610044 0.3472055582849558 0.3626769127862749 0.34032624459773764 0.2939899715187473 0.27921548048847683 0.30054980659299546 0.24799170996203823 0.2556772512090566 0.2595823893892062 0.23088299509869714 0.20522152033099506 0.2038278548692873 0.1631210213715492 0.16819506158241432 0.21930472400306336 0.2079946179253824 0.18782294799817437 0.1963381059882204 0.18371142042669847 0.1290428060953967 0.08489444260599983
