Raster_benchmarking/Raster/continuous/raster-107.asc
NCOLS 100
NROWS 100
XLLCORNER 1743151.0643609457
YLLCORNER 5469293.991462234
CELLSIZE 10
NODATA_VALUE -9999
[rows 19 to 37 of 100, columns 0 to 42 of 100]
0.727452622331053 0.7494633738674088 0.7599843564996719 0.7591734225521217 0.7526404950911234 0.721162178008999 0.7257774310467999 0.71670588919381 0.683225189958133 0.672665837178455 0.638368490339757 0.5964682668087108 0.564079916183878 0.5586755799474722 0.5460704339644169 0.5109548672934451 0.527732633048726 0.509951624465888 0.4832942904055217 0.4825057362161901 0.4875567622875012 0.4737169287553514 0.4692586057114895 0.4952617890994803 0.5290002871748326 0.5731559411860869 0.5541955391579317 0.5359714919684266 0.5265974626208224 0.5339445579082885 0.5079051955920447 0.505951482962002 0.48725623119209027 0.4415520364284001 0.44336092263438925 0.4282215934605519 0.36017890588340384 0.35545811381710224 0.3515750579931347 0.3516250063597082 0.296282698711311 0.2930000713698194 0.3123663353278996
0.715529983723862 0.7079774995504974 0.7468537403766792 0.7530583099592144 0.7253266855349574 0.7064958886548564 0.6972174948826311 0.6931143160997925 0.6900371791051816 0.6407734439154783 0.6350484559926344 0.600286020203692 0.5491428889107755 0.5591514281035126 0.5316073937342042 0.5223760507144195 0.5054719987314652 0.5185038676003402 0.4662944822963781 0.4724375796407606 0.4507208431233962 0.4992227190655211 0.4796346875584382 0.49811971479043243 0.528444351480951 0.5433276534230486 0.5415526820291228 0.5619209821596959 0.5446818450077663 0.5588614549501758 0.5213848252204869 0.49505948366156943 0.47252273691197516 0.44519802643350803 0.46796106583424313 0.4059484921909348 0.36427732386481687 0.3621056306364129 0.3621898000520405 0.31661084560053754 0.3007562073750432 0.28182131064496596 0.32875469004201463
0.7351876950508214 0.7111958663469272 0.7233415225491271 0.7028604545709806 0.7008620904248747 0.6590524592096095 0.6465782492576844 0.6397304072941613 0.6295225799479364 0.644966822015876 0.6150885103094277 0.5725559969196202 0.5827028623832048 0.5607820276044241 0.5355204570666421 0.5219257849254586 0.5391603744210459 0.5274236615830208 0.4955757742067328 0.47902784759356193 0.4890109502619439 0.5114826374041721 0.49380056042760506 0.5005314517151164 0.5316649533887996 0.5288607221534162 0.5454755594841995 0.5363504053003573 0.543364727865782 0.5471364387485621 0.492249550781107 0.47915799041323326 0.45438057983027896 0.4399903171653626 0.4557759563195783 0.3951454672324687 0.3716683674534556 0.3496255297948738 0.3257315831883693 0.3188867310207604 0.28000251076231175 0.28971955038849334 0.26932642209039787
0.7492282574932335 0.7330864623916481 0.7119702805385045 0.6829920772572239 0.6354019446476633 0.6476858910444134 0.6297178106733844 0.6132247463902283 0.6215655686792199 0.6126271144292019 0.6018682171619303 0.5749390109207083 0.5611227779621074 0.5297302436376754 0.5181968234525879 0.5164912962757597 0.5551472986103306 0.5151629655054732 0.48969011127118595 0.482076321053751 0.5151718173130077 0.5019584143893482 0.5307937454679512 0.4875834285998429 0.48905796906920135 0.5434246124059323 0.5465573098225105 0.5406824200606134 0.5510732485869596 0.5278408914558144 0.4760322376658159 0.5037803024932135 0.4818859940475588 0.42245390734740146 0.43450041287345825 0.4027967608567079 0.3171229312730181 0.3216314065183325 0.3065877516964305 0.3239725914669203 0.27861831885970395 0.27380417585178024 0.24929115193906798
0.7247163977882037 0.6999435195519236 0.6710091816829068 0.6566709622796498 0.63799351373083 0.647130030951536 0.6551011800164983 0.6208523296466907 0.5957808829472017 0.6197004628286839 0.5776811820645641 0.5843531250397513 0.5767886542962375 0.5645303597728781 0.5123328120935566 0.5170679537726048 0.5694347429036304 0.561183864537286 0.5346103535698832 0.5197034824366971 0.5165582573581303 0.5247095119938711 0.5168557241554259 0.5036278606915882 0.4891633456665038 0.5162547196181618 0.5333323607501697 0.5237643432427258 0.5350525351816263 0.5011015328245731 0.46817409597101656 0.48364146996630275 0.4600004330466779 0.4196731808431434 0.4108005447961804 0.3695372740003019 0.353554273866305 0.32796145040293895 0.33339296525884865 0.3055140756541048 0.2742765939695125 0.2582530357208574 0.22726065995366557
0.698359294702492 0.6658648895261641 0.6749426333001589 0.6217411161242178 0.6084553123813817 0.6032023692279642 0.627627883441993 0.5923457491141448 0.5892001314814967 0.5663370375450758 0.5689596574234791 0.5779974331236281 0.633602473610071 0.6040316566757469 0.523665286000356 0.5346670922659452 0.5496443697173758 0.5546475192077266 0.5537855372179039 0.5316781548261453 0.516671659029244 0.5086321081026025 0.5105569759944878 0.5145332356034398 0.4733510419459509 0.5045781420426763 0.5220282776573286 0.5288237994294613 0.49190564988051655 0.4979664465087149 0.4756473826513849 0.4419509632872874 0.4417698161238615 0.406799296945691 0.39720826984994967 0.36386006681562133 0.32863346156239814 0.3176912810525459 0.3016885309722936 0.2995976851096386 0.2640453020012258 0.2637049382058917 0.2533408408159147
0.671766515185676 0.6788192748110217 0.6485113014045841 0.6223657165504116 0.6085790784864824 0.625923929900154 0.6255496683885813 0.6086760668166941 0.5796735055885118 0.5774175041427411 0.5938799502408355 0.6103714747441756 0.6029958713151591 0.5968115685583832 0.5278323318592113 0.5293783398713064 0.5400126464123504 0.5190364934505607 0.5434852047134698 0.5253463610074762 0.49432259843783766 0.5123303510042311 0.515704298479595 0.5214837250599305 0.5245781728105346 0.4917415029616002 0.5008825328764254 0.4945618820376414 0.5134203258087652 0.5095771568358499 0.49150522588109047 0.4323263719959328 0.4286080767788769 0.4165644307788033 0.38517420720787415 0.3426981846031056 0.3195921904904546 0.3163070995506412 0.2850044537927695 0.2885504538808665 0.24492362951721972 0.23517977937984674 0.2092744121027928
0.7043819184303255 0.6893738881422554 0.6462657182897907 0.6711497406703935 0.6541375719857708 0.6040587986586992 0.5965620242216805 0.6021748611620978 0.5473980999095384 0.5784457953886425 0.5689958221295399 0.5735049964753128 0.588652687217144 0.5946848201369429 0.5445966921522548 0.5507433864290247 0.538196936208775 0.5382411700903451 0.5190530640947127 0.5317368054024244 0.5042333353463165 0.501851408498608 0.5244956621589861 0.5160502747150993 0.5440225171948019 0.5538962241297579 0.5256936600023772 0.5013678595527188 0.4937179881693966 0.5187390497745175 0.49483438416779685 0.4626690207641072 0.4106070056027891 0.39444207832896644 0.34907531532478814 0.31702623044407546 0.3246422931168535 0.33268302639412933 0.3258958745733596 0.28575487057809007 0.21861941283442046 0.21493208640615682 0.21176133906792607
0.711015694780373 0.6742629146518758 0.6501818782542433 0.6724347465932072 0.651652690229517 0.6079824858595716 0.6230646446498562 0.5890222431723864 0.5261952786017218 0.5278972577249073 0.5385632660818807 0.5848326060217164 0.5780539313040091 0.5779829282138864 0.5389659351968322 0.5574365043558426 0.57613972392386 0.5474298402398815 0.5313147858387579 0.5171886187359925 0.523040138611106 0.5182785728372175 0.5400948183825146 0.5525721991848892 0.5753760811212313 0.5567477315039518 0.5164114241670851 0.5147982996651557 0.5009063272295078 0.49336961124010437 0.4624316482720103 0.4574504015869693 0.409366525022002 0.39790676987965085 0.348522319320316 0.3344436278817758 0.30808878772948145 0.3162796641198433 0.30719565409405336 0.2931645675787232 0.2321218129840404 0.24125192075862936 0.2479045608049392
0.7384144368906425 0.7058143249057399 0.6764148034175191 0.6860235918308041 0.6627693326132303 0.6072133073294773 0.6008853177840809 0.5553247362786996 0.5244964922136267 0.5587114346344185 0.5695298284111381 0.569529236239655 0.5539939178091288 0.5741838620545295 0.5262348360681148 0.5595650531962268 0.5806321885760726 0.5454709530907558 0.5546551505662134 0.5672998224408977 0.5373087149541814 0.537938065693142 0.541826638211945 0.5702517646032471 0.5829586871322339 0.5720989131027993 0.514999950234587 0.5394720977375688 0.5210596581004414 0.5018435261320723 0.48978221394413357 0.4741627443215516 0.4179678400190495 0.405613982773603 0.33191761430956934 0.36050266311820817 0.336820267214324 0.3452406507603833 0.2991098012609492 0.28076754977251334 0.23115349341285252 0.263962121073 0.26358624486896903
0.7164811627086544 0.7138609300796142 0.691065631091145 0.6616979835651031 0.6531915576801467 0.6363029162766864 0.5920428909344504 0.5864603510371149 0.575036285522368 0.5947027333586243 0.5687802269035643 0.5773572377658596 0.5881273561529702 0.5542389635750177 0.5790661481365735 0.5855736125667498 0.5744205551854211 0.587525610823343 0.5950988347526872 0.5709676760510399 0.5682757445318002 0.5494676684298168 0.5374476905822588 0.5816134219941616 0.5751480736857587 0.5610677360477581 0.5338118531963555 0.5329996103402453 0.5266857816236495 0.49728424977180946 0.48710733984458043 0.45298341478417486 0.41402754665233577 0.38709920923029867 0.37526718743522036 0.35804623671248403 0.3237789730748659 0.33003474370198727 0.3202116511769234 0.27711237187672566 0.2568626670890293 0.25027984607131254 0.2545540468256818
0.7583869045148277 0.7150787971405841 0.7231008313867029 0.6684722577669839 0.6357922732600488 0.600846888950179 0.6039468413516086 0.5985766511919155 0.6094683799131045 0.5886505755432467 0.6160543254860205 0.6024133644275479 0.5972690632975985 0.5683614479976467 0.5750946174869918 0.5875888428958623 0.5979744144548791 0.5850764114512478 0.5855153916042012 0.5932677597593395 0.5944077852857207 0.5560050564113838 0.5388662056333156 0.5434090401562045 0.5917439725524116 0.5794019159847452 0.5429095649826978 0.5185988669447242 0.4769543356087543 0.4509927771572448 0.440951686786991 0.4270951445371653 0.4079006408629344 0.3790011005095323 0.3642487542147433 0.3461287444105564 0.329994523221626 0.3330080367652179 0.31220740962569965 0.3003379191150041 0.24319243572794758 0.2507246115109501 0.21449187158886004
0.7464379335643437 0.7530816800142881 0.704252320267273 0.6739622825389445 0.6510254521939316 0.6023524746962255 0.5963758802585731 0.6024869500237625 0.6266723009947541 0.6184026148270036 0.6279919610040162 0.6382775673078699 0.6029994438476469 0.6150872985693799 0.6100498542040056 0.5861141122023246 0.5503699051410241 0.5410641091023515 0.5395294790895255 0.5618194296728518 0.5465099278357839 0.5678915501914858 0.5436083786557987 0.5571681571183744 0.5591840192288776 0.5354152024089729 0.5201544958321496 0.4848280437969621 0.46406909043296274 0.4750690507566782 0.45359570029273794 0.39992170802365684 0.3431901429938888 0.35591959061431994 0.35364532720528313 0.32325237344627133 0.32255708318942355 0.30045023157049383 0.3006920344450167 0.2842780955571063 0.289720888133346 0.25597126376770113 0.23444055491515414
0.7366455248378132 0.7188668552319024 0.7031642484158166 0.6348594280832978 0.605309903813823 0.6098952914552528 0.6100702329483484 0.6219551936737928 0.6295387116381873 0.6101277128890663 0.6118465180674414 0.6383183547291514 0.631339167587101 0.6394578579467114 0.621487852600195 0.5695527253625735 0.518891505582833 0.530411404974952 0.5425018989532613 0.5675830625845396 0.5596149450736603 0.534968057788584 0.5159282693710758 0.5212771407846072 0.5421973256324704 0.5035011441185998 0.4853355709663556 0.4753942429510892 0.4702036792722167 0.44463798832979645 0.41471532679134065 0.3492876360424373 0.29777583243457556 0.2982684117684565 0.32022176331548624 0.2914132995868309 0.29791913925498037 0.2830653626820824 0.3057958510726254 0.28190675172407065 0.279229774167587 0.2581514021946866 0.22060403340069698
0.7248468554280031 0.7210545354031049 0.6827392377361494 0.6518837163261286 0.6153201156558716 0.5963251772581403 0.606479816180467 0.6112212232994235 0.6002491011387373 0.609789431650714 0.6162730243705438 0.6479189008306993 0.6299861899515785 0.6017273254914604 0.6163420909838719 0.5592710920813303 0.5510603133597765 0.5472131966252416 0.5583584662043136 0.5390166172375807 0.5123298889432103 0.5000388953630864 0.49297341876984824 0.5067922650375897 0.4839333999174889 0.46099758146752956 0.4724310227530321 0.4380658383701201 0.42940580137929935 0.3990662915600916 0.34849426394768845 0.347750827549255 0.33077693770484373 0.30459428940042965 0.2884020584266241 0.32127296062165694 0.30664723929706916 0.2868956342671058 0.28267624216608717 0.24419221500957783 0.23971017684883542 0.23434229369042625 0.20818966240306566
0.6703761088794726 0.6814463464697257 0.6814884636468986 0.6656912316063088 0.6463365266845285 0.607491188400957 0.5939900786991433 0.5925723173059433 0.6206413090979892 0.6444141293569583 0.6502495777501025 0.6372558187238984 0.6045891896236297 0.6160088763105682 0.5962952205919126 0.5978787602529813 0.5789406633569957 0.5254584795235855 0.5099985529262493 0.4976645926169901 0.49457374025724066 0.4796980971094294 0.5172134290643056 0.48720393073403945 0.44874654047371454 0.4295531453129481 0.4337641012511214 0.3937458248513676 0.3861822010192296 0.35530902257268154 0.3301422132295754 0.31669704286691236 0.2745318534142131 0.29722612184701436 0.3039170029424565 0.3088524436981375 0.29456399791235455 0.2495297116619918 0.2568972504055675 0.24389771386074846 0.23141279501466924 0.2655106445331156 0.25993373995375435
0.6546538442608707 0.6617430598209858 0.6552935119454347 0.6815582919079181 0.6333214570592665 0.6123754230244973 0.6037379889196788 0.5982250470777024 0.6336036829367819 0.6419653980988266 0.6540866895436807 0.6268379475967585 0.6281063783808729 0.6052323611085293 0.6131681950133153 0.5893932058839757 0.5727806153062782 0.5411964047280406 0.5342469811542756 0.511933048275822 0.49236355962760514 0.45988955850618435 0.4723598223195066 0.46133561258658 0.4264115701268794 0.44617238274811494 0.4110438830022036 0.4122554317877708 0.3474787305715274 0.33457055644642414 0.3086687220007191 0.27330345843175313 0.24797913022685586 0.28021589156039717 0.30589383776109996 0.2912716728480147 0.25450815135117644 0.2532072425901142 0.2729474937151105 0.2544139321940343 0.2701212196537676 0.269983134416611 0.2460599297520276
0.6703996563694237 0.6621474922504326 0.6728677417041168 0.665962743398873 0.628192775501911 0.6364763440770161 0.6106608812796651 0.6329795975099833 0.6539259598212536 0.6366768551708445 0.659018914388289 0.6365651732896966 0.5944786647274175 0.6060532558323073 0.6034631658206161 0.6055503316355214 0.5799993667790282 0.5393672658455932 0.5517230319539591 0.48636936813129544 0.4593270140965412 0.4404736315313386 0.4507271973790493 0.444666741251097 0.4393251888547665 0.42554298003994917 0.41793089322494553 0.36575231094053845 0.322330541323081 0.3394799501891038 0.3271479244396932 0.2994990363337339 0.23675551121030702 0.24731940745833214 0.303961850821249 0.2898227724631898 0.26939434352672276 0.2568902649497416 0.2742416641582566 0.27486347570581526 0.26622003305172687 0.23476431697616795 0.23269664452900424
0.6672475951830167 0.6858112591704686 0.6368765939322918 0.6252056544984195 0.6409040003154636 0.6078427100947329 0.6375616761715565 0.623668151273557 0.6258117970150159 0.6355843517117299 0.6162010169310937 0.6099879078241575 0.5932941133557285 0.5889394099025765 0.5753934603526608 0.5824633788322642 0.5995596477372379 0.5632215884532621 0.5308325004294757 0.5118158287822238 0.4443200704173493 0.42369245748156786 0.42723397013706726 0.43810440230558145 0.40102940018933175 0.4146458652675163 0.3892660176984277 0.36408408728843544 0.3466355045877277 0.306185642716868 0.3071866914224678 0.28663736237103404 0.26658182838351197 0.26346674445213075 0.2983013240138993 0.2767820182713348 0.2745753126039934 0.28336596911102463 0.27386798179756733 0.25645899633274216 0.2471925720497709 0.24658635549040886 0.22400009796966527
