Raster_benchmarking/Raster/continuous/raster-132.asc
NCOLS 100
NROWS 100
XLLCORNER 1743156.747486494
YLLCORNER 5469277.988832736
CELLSIZE 10
NODATA_VALUE -9999
[rows 19 to 37 of 100, columns 0 to 42 of 100]
0.6504821274564117 0.6208356576915198 0.6290682895656965 0.6234888959574313 0.669498582033089 0.6335928445654377 0.62838563149707 0.6054802412398189 0.5581148298256255 0.6064618968738156 0.5992406148412877 0.6104618305973997 0.6369952324947865 0.6006992589925451 0.5916662398739206 0.5991074867335832 0.5890709568299826 0.6021421180930481 0.5969555782400752 0.6022695336779009 0.5777791742436074 0.5552077007842748 0.5650371380799304 0.5627426028510831 0.5819870999295083 0.5451269577034693 0.5364546612822696 0.5803364175276797 0.5516466966038149 0.6066935552401637 0.6301254739315326 0.6310657452572782 0.6222853429045345 0.6014186444739846 0.5946926982382839 0.6023121407886537 0.6242763343853226 0.5881513288272975 0.5757039189302685 0.567317551738281 0.5697316243281384 0.6004119083573908 0.6485251190611223
0.5985427892576805 0.5978273804823884 0.590292390507925 0.611876433573703 0.6015082737426719 0.6183515255205325 0.5973717507398039 0.5732003113417938 0.5645344873923372 0.5736956531768804 0.5773028566684125 0.5739638448222174 0.6038469512596761 0.6253292001862262 0.58945300589809 0.6210868709152767 0.6064550821176686 0.6196393576086289 0.6009819791190388 0.6053542589797655 0.6133242402942864 0.5815554373594529 0.5478076651876086 0.5833047161598781 0.566294113919474 0.5512760004363358 0.5629154995620957 0.6005802254394091 0.6123020148306012 0.5934758615927608 0.6556141406145477 0.6533212115204432 0.6281039328431121 0.609449090249185 0.5841466205713536 0.609578994098201 0.6263226952978087 0.6109534157043042 0.6036828727529348 0.6046409527439047 0.5882240068896814 0.6332326661546719 0.668898268754248
0.5724086113808663 0.5746886959299167 0.572646071285204 0.5984229362412137 0.6006764143699077 0.6082811557227169 0.6166277747130792 0.588908361236537 0.5574309887040174 0.558320124750722 0.5591071310732411 0.5761365591552021 0.5941480532064348 0.5883044410333979 0.5931494178759136 0.6184695449053094 0.6314944189559952 0.6341340533338848 0.6612880435068155 0.6485058728173778 0.6296622084870729 0.6094725746326833 0.5594071802522013 0.5496301077243262 0.5681765406785485 0.583258786569858 0.5986588047130504 0.5917068967547766 0.6129454708492839 0.6130383827763155 0.6840109695398161 0.664847362786698 0.6427177305590928 0.6407420476621218 0.6161073143580792 0.6548793077961522 0.646415289934136 0.6274037990968783 0.5899980295003562 0.6349765237963761 0.6340705318978209 0.6459908239847431 0.6664166163301565
0.5064841114433858 0.5230198996417481 0.5075598211433264 0.5426804947703519 0.5775202692351484 0.596372937188977 0.6053681858845326 0.5587520125728512 0.5673633547479704 0.5410837475482851 0.5661916012165085 0.5863005184827554 0.5696358965506201 0.605384108176195 0.6061675383007963 0.6298347825233183 0.6082959628894253 0.6397945070737998 0.6238680903253179 0.6478426784105995 0.6051463874331694 0.5982712197370823 0.6021951369959081 0.5737814620741383 0.6062787862186736 0.6048849094500648 0.6002240488094245 0.6457302223150398 0.6587354111303356 0.6654381788660352 0.6592725377475556 0.6612329442192283 0.6531577129734305 0.6714554635473237 0.6455163744831125 0.6569007605131398 0.6489386544358966 0.6557771911690071 0.6231261142939921 0.6518178612514295 0.6417387093518396 0.6753475779352246 0.705998317928658
0.47809866676051715 0.43852099813965134 0.4280932116319722 0.5097250627563085 0.5214258242556226 0.5325328673598876 0.5546008654969075 0.5663641505472665 0.5685369564910566 0.5799968420628846 0.5460297642743203 0.5773653464531807 0.5735867412771016 0.6326775452892363 0.6434595782176056 0.6056402086848077 0.6240155839366621 0.64901489969339 0.6540280308525914 0.6706404327565072 0.6459172743068107 0.6252476834605079 0.6125403216627955 0.6244237705735765 0.6122373060092212 0.6232099243349443 0.6190960953675567 0.6239525859881985 0.6687688858238658 0.6607788326716414 0.6801972656177829 0.7015936319041736 0.711634963138566 0.7130872069627733 0.688255856308322 0.7018375232629548 0.692656094236568 0.6679280502071875 0.6785741625765179 0.6560594147136832 0.6947953067627239 0.681571045148235 0.7136367437688302
0.4363070728009809 0.42655961188461633 0.3939839248369808 0.44216613614258354 0.4793416505408214 0.48981535612168803 0.5171071182976311 0.5294941051754106 0.529990967371812 0.5585532498713958 0.5684498759326306 0.5642799649372378 0.56744915555617 0.6031681689086924 0.6226569185858146 0.5991004944830669 0.6236115585435855 0.6197234768056259 0.6492736139583634 0.6344003102770563 0.6270499599224236 0.6079765679744377 0.5822577780033121 0.6332731966031897 0.6400317939105037 0.62984343287248 0.650807099832062 0.6616463294924486 0.6917925980089165 0.6780333458030303 0.6937278197639781 0.6868426953910227 0.7011010910783586 0.7089812921223277 0.671080150267505 0.6790977074740348 0.6899117699390288 0.6910617154318347 0.7053126066688401 0.6773559097530646 0.7100171128682793 0.7095935189902589 0.7010225273058845
0.4623707970606255 0.42558873625154753 0.3843187177233459 0.43386794935589224 0.4347513140593275 0.47878966714460097 0.5375040410823174 0.5532505495036614 0.5480956996336837 0.5203339410510396 0.5689183910657298 0.532759852431794 0.5582584736330279 0.5503202965353547 0.5984876308856004 0.5940427493587603 0.6012604386414552 0.5922898224036419 0.5892046094133386 0.5749345351886532 0.5918445185889526 0.5830491191004707 0.5757785098044713 0.6209600624952732 0.6514868304851994 0.635990119513639 0.6424773596742581 0.67040587921367 0.6546896951478366 0.6862730365560414 0.6441883507199503 0.6720764497738629 0.6781874335315342 0.7277203336116743 0.714298564143468 0.6700233146247436 0.6459435011822342 0.6833238437161978 0.6771950288363147 0.6609144123527146 0.6621371436977967 0.71599384362169 0.7314258225960264
0.4344437639129126 0.41642802967119685 0.3788167731333226 0.4075681659518079 0.42188056540150887 0.46665083623150017 0.4941506792680223 0.514152932222159 0.5165204188989108 0.5085902732734259 0.536719228168475 0.5219660118528463 0.5353380805111158 0.5361024447842507 0.5673118308931592 0.567139819118117 0.5822798015355646 0.6165321067309477 0.5740346731694995 0.5899830332365317 0.5707584921606973 0.5689586908332729 0.578447930831235 0.607958989118772 0.6309365823124583 0.6676995433189703 0.6763096024291109 0.643542570641961 0.6763746355096172 0.6783527153681931 0.669279234430355 0.688392683137706 0.6752568734264383 0.7030237331308171 0.7042627819851719 0.6548155473722599 0.6595073359892535 0.6605024220589025 0.6346075008715493 0.6718972666515552 0.6505727491423484 0.6900871761640555 0.7239903424108127
0.41412391215009026 0.3940421270171755 0.39257016180149307 0.4121189592562696 0.4034567811495216 0.4333150448463677 0.4712627356479364 0.45535682789738696 0.456210054304658 0.47375125586533756 0.4462415637394518 0.5119470003774382 0.5481939284279421 0.5329407651331842 0.538421265161077 0.5645243429097979 0.6010131122481926 0.5917050935394569 0.6006969683496457 0.613386540368044 0.6017239305911676 0.6013793319747625 0.5931128247620329 0.6182551275702152 0.6566798357734881 0.652850485187505 0.6900117627455159 0.670575471842008 0.6446285833873739 0.6552621730011692 0.68297988228051 0.7223696517792836 0.7235822105718624 0.6837245769865616 0.7071039794086307 0.641254626267257 0.6172588293576882 0.6179213193094583 0.6280215631372261 0.6399317772907194 0.6775454917378907 0.6657583412145935 0.6811770381695771
0.41539004379659367 0.42036328528011063 0.39290158974844885 0.42064388206232495 0.42117484385132686 0.42496420853477596 0.45733028784195084 0.4424732675260791 0.44299374215053505 0.4671618680646888 0.4917683162564116 0.5086095382237241 0.5225968060544515 0.5386953751176091 0.5184996441231393 0.5557215309881992 0.6085705474649459 0.6190089937267623 0.5984626082796413 0.5959510864053703 0.6084142082203676 0.6186483734334857 0.6389393552652873 0.6466371195288141 0.6836679506415039 0.6722671669419001 0.6951696636421684 0.6798046463733375 0.6812441434819267 0.669170088325708 0.6748401479104059 0.705078555341456 0.7040777090183725 0.6930933385216771 0.7106814480524204 0.6682709902835212 0.647331708473617 0.6393501306411762 0.6385072231579736 0.6198287698699797 0.6322417899540834 0.6671876066278002 0.677198264461533
0.38871175180404816 0.4070430303451646 0.4370490403404379 0.4621830129722527 0.4352283137024071 0.4225636292584385 0.45917106838207555 0.4536474807171019 0.4382475385322623 0.46497767866962636 0.4774059349301312 0.5176775273879044 0.5227450190618849 0.5186139847237525 0.5273881439825978 0.5165047869997401 0.5612343060719589 0.6027045669475151 0.6092191215633392 0.6294582851856743 0.609795478836291 0.6268633650731879 0.6009000606004518 0.6529780439929562 0.6660026936401959 0.6772098410129777 0.6602059527170901 0.6434677792725682 0.6954153671870943 0.6759493384366105 0.7142728956942332 0.7051484511368629 0.6853680598868094 0.6849025525329281 0.6887783588990882 0.6884462067664917 0.6556146533008362 0.6251871675923967 0.6109340076803002 0.6497591518086119 0.639930851356654 0.647665971954491 0.631290275627245
0.40082366904716693 0.41441010677565293 0.4219672651078547 0.4554488039318576 0.45351931180142774 0.47301471267271733 0.4553713053439605 0.4416276960048714 0.4638280212811199 0.4666206854178012 0.5032016333986575 0.4760378622628973 0.5059955999404784 0.5103796924743047 0.5221831494694253 0.5231526307060147 0.5659082340654686 0.6016981040346776 0.6401983465862253 0.6644797312460499 0.6613151445670642 0.6313137271847993 0.642917365439273 0.6469428930431252 0.6626015173931216 0.6754015292111243 0.6611683548693792 0.6442472077426545 0.656660388115593 0.6569855605270296 0.6679110488853309 0.6338822582645928 0.63434659832435 0.6422368666398198 0.6875856651585568 0.6752344079608361 0.6337316403870342 0.6451421076032076 0.6334149455239105 0.6264406998924625 0.6434876175947688 0.6422369926362068 0.6168196437737998
0.3990383036509685 0.4211264250332206 0.40797782940058885 0.4343285081955659 0.4677936232041664 0.46834229540603367 0.5005526157321825 0.4958850908632274 0.4664030220734424 0.4723928842671759 0.4863686814071799 0.49018561491886425 0.5140133851945787 0.5200440094938885 0.5230447168984511 0.5479410878620903 0.5507036871393645 0.6045399026010637 0.7143265854987229 0.6807809653010676 0.6956231851414592 0.6385203961367093 0.6367597194257433 0.6766752428496459 0.6757161538870436 0.6921030803974952 0.677253795740735 0.6664573612553591 0.6360474082259805 0.6212563313900867 0.6136783929093818 0.6277975352453522 0.6226472504430961 0.6124852672774613 0.642236314428934 0.6329505147240735 0.638072817242801 0.6231790028205195 0.6200468962072387 0.6391680588339395 0.6159827150301712 0.6263211466311556 0.6154568002889728
0.40007628378430843 0.4388118348499008 0.44010771066269483 0.44777190868389466 0.48221098927600464 0.5110176115890269 0.5178405868389995 0.5226385377655633 0.5096816958308955 0.4946905873770159 0.5115441973526483 0.5161463337785032 0.5363819866854747 0.5485556736693485 0.5137330355278932 0.5602506471930117 0.5760097400971343 0.6330714672716827 0.675754099725536 0.6767396720253438 0.7001199830173875 0.6788686619092155 0.6681834212029469 0.672222090568628 0.6994513301635905 0.7082106021400747 0.6932017719506997 0.6522100339025941 0.6143997823973221 0.6057417049436544 0.5797355290628015 0.5904911811395135 0.6141994432671211 0.6083301613129802 0.63669179506235 0.6454919041429064 0.6643538723381308 0.6514272348186806 0.6315158677360476 0.6462110327557155 0.6577823957353356 0.6853849361523519 0.6387742629099459
0.4237920076705213 0.4114430978054421 0.4309374112172123 0.481380603500566 0.4863482053682814 0.49146707720464067 0.4943469450892306 0.5221089600568177 0.533234409286824 0.5338917061008631 0.5157759023331221 0.5209049790796694 0.5785609472014133 0.5690629373211736 0.51709271959566 0.5308476280625348 0.5715154755014237 0.6173969686363838 0.6959711040663052 0.6771178854154488 0.6795891141139763 0.691300830336503 0.6493410439612337 0.6832124791335218 0.698240852974395 0.7302848938987498 0.7398698288269573 0.7170165379406502 0.6482711009205192 0.6084922953529263 0.5916679204574484 0.6349181940305847 0.6132782538829286 0.6211964955989845 0.6522796077925823 0.670121334926557 0.7117236843560192 0.7160011312651982 0.6905113801301161 0.6803181558468401 0.7297378915356949 0.70583758160895 0.6930318203042968
0.4420335008218207 0.44459005964231846 0.47076023738026335 0.4718650445306051 0.5125101313879156 0.505752974083829 0.5221582682191716 0.5449278932033331 0.5809687665747384 0.5584657172335868 0.5544842912700759 0.5650290862295293 0.5547142979640873 0.5597245938380225 0.5435348176899566 0.5538024940025813 0.5692260949301392 0.629587254619609 0.6805210853059649 0.7151544801879127 0.6953007011110478 0.7202674653626009 0.7245164750460311 0.710036324860023 0.7279441657146788 0.719490658569248 0.7420995606371106 0.724501477810955 0.6631101885032581 0.6520911341841411 0.6577753270595232 0.6584193161146793 0.6489709129154534 0.6252723625468576 0.6890844128422652 0.7128371655962307 0.7404867031148873 0.7656015953742811 0.7273522280277042 0.7563625771952792 0.7661957763945862 0.7510065415619421 0.7145467239063827
0.40641581355143397 0.4234874706543056 0.45686049093280917 0.5074696250963192 0.5150224313150784 0.5522770221376827 0.5548563475184225 0.5450260601309111 0.6020314844514979 0.5783715612385834 0.6079012570322927 0.5884732009900838 0.54859154751589 0.5731545885817647 0.5588568684590899 0.560940494896704 0.6081609872432086 0.6455713630100496 0.670012957748238 0.7350025940421099 0.7451879831696686 0.7586740301590335 0.7420391748412529 0.7507821164537941 0.7310360993945789 0.7768038077828849 0.7994947871855472 0.7276299566015962 0.711702419871388 0.7023768308702987 0.6636230356388685 0.6659525519687701 0.6580983519327349 0.6812682985998506 0.6756513271688033 0.7072548211523416 0.776377150550299 0.7924323429861745 0.7930630477142032 0.7770362502221384 0.7569006991552564 0.7445113339570024 0.7206739952766541
0.45443767917663447 0.4654670286466012 0.4716810975626208 0.4957741760846393 0.554333877690179 0.5628710981096905 0.5779854613023442 0.5720779321783972 0.5987552971343236 0.6074376644022557 0.5995851755702536 0.5794639919737372 0.5566492495379533 0.567226524695893 0.5692317828614437 0.6242014398599354 0.6501479477658211 0.6389956631681158 0.6707675767862566 0.7115625707059136 0.7132518987438542 0.7655866395396513 0.7431059617498103 0.7141641658793055 0.7206646212824156 0.7580694402313799 0.7883502464533713 0.7611630550888207 0.7571716588706783 0.7018353473932015 0.7308413721868389 0.6998412540606679 0.6788471107067541 0.6771793999649648 0.7006153180466239 0.7379884046918656 0.7502499996902987 0.7602066181774342 0.7898914323388899 0.8044196772985011 0.7851842110337597 0.7677648932626457 0.7597032485802107
0.49758503940198684 0.5082675610958441 0.47983585318372196 0.537517895919774 0.5533925267143174 0.5708030890558881 0.5604778561782304 0.5538578870923014 0.5812079325848689 0.6119246169938386 0.588298731858951 0.5920470762520562 0.5731142568624311 0.6003940355264853 0.6016947709789419 0.6061168064433444 0.6349688131234646 0.6254402477190749 0.6608781438616215 0.6725915986168982 0.7258273020275272 0.7640298301793532 0.752111873174771 0.7500861499493711 0.726611547325766 0.754928817877204 0.7687503762912373 0.7830644740388634 0.7608343962811753 0.7488294179387454 0.7724165432237697 0.7603026460291541 0.7023913883473404 0.714130733364137 0.7713643057684153 0.7572215821922398 0.77137815644573 0.7520973846123706 0.7948561140668687 0.8152353380507922 0.8095262846014702 0.7822269978871654 0.7566703883773531
