Raster_benchmarking/Raster/continuous/raster-112.asc
NCOLS 100
NROWS 100
XLLCORNER 1743156.6837279345
YLLCORNER 5469280.597211195
CELLSIZE 10
NODATA_VALUE -9999
[rows 19 to 37 of 100, columns 43 to 85 of 100]
0.7758901230328339 0.7769023811754854 0.791614326758512 0.7826970733371112 0.7738653962950449 0.7756234423444149 0.7661665355863571 0.805829542970631 0.8001188426564756 0.7942594704686691 0.7744548955507683 0.8027083448312857 0.8159652964169999 0.8290751468420623 0.8285571891699914 0.8308637546981552 0.8325182540687535 0.8489448551374165 0.834989771262417 0.8336738398914825 0.8226892022634992 0.8226112649851972 0.8363529376285888 0.8312791746158094 0.8376872164852116 0.8416505445848261 0.8339946746613772 0.8579713202901215 0.8427542654264146 0.8427841281934582 0.870581781674442 0.8827698763397478 0.9041011824019466 0.9180185550228356 0.9145691249151479 0.9340330640711867 0.9416286571327087 0.9277109358901268 0.9403439545736386 0.9283756633349655 0.9704027287638275 0.982257321411261 0.9649436237658919
0.79580528004476 0.7677508289604014 0.7749837209041007 0.78625083107354 0.7702551794552965 0.7789229311208278 0.7745219953521637 0.8152608445527152 0.8026380093372473 0.8033861931607635 0.8226563984040254 0.8131593841223186 0.815539339441327 0.8412903797397139 0.8338956073189745 0.8632121715989048 0.8393284117238137 0.8439833487882501 0.8173111381543194 0.8148279823654051 0.7977174461992774 0.7989597192229205 0.8108190084152527 0.8364920955093543 0.8354301773046595 0.818757429734188 0.8224722745850737 0.8260088539128828 0.8376156288387555 0.8791224834456871 0.8727161667349841 0.9087067307216166 0.913422361254052 0.9175059826503008 0.932504576487926 0.9468514892223289 0.9447265863076326 0.9434239754183965 0.9317904813245528 0.9303480694348216 0.9807838171995148 0.9801842949673348 0.9821240186922717
0.7818895122152577 0.7848129058083794 0.7822435293961942 0.818887728518941 0.8089595563611729 0.7986737184395181 0.8153685886217924 0.8250825300261017 0.8209752353714298 0.8425412213891331 0.8229858205833024 0.8187571198319752 0.8130290811616148 0.854654136470404 0.8613072791884955 0.8703204486731664 0.8425134134056782 0.8615403102641137 0.828893880621228 0.8103449981393276 0.818594992032205 0.7852247422614278 0.7877612604672519 0.8059367070701806 0.8066067056913092 0.7896424125752803 0.8045922137495033 0.8205017600550072 0.870519362247528 0.8691326066235809 0.8942166006054284 0.9252911308139309 0.9311591660903181 0.9506124092877233 0.9671105756627161 0.9529751885666039 0.9560671496504317 0.9378408044422316 0.9433683893929792 0.9422114359009387 0.9638486152867687 0.9484407244123477 0.9468426479278471
0.7782682534177409 0.7775106132374714 0.8042431948519595 0.8232773695870993 0.8397660666041884 0.8382222394427208 0.8571789509316131 0.847334083046214 0.8428156736992696 0.84943570692503 0.8182061356843262 0.8121602326408669 0.8230163065988613 0.8423000755319645 0.8342882567078447 0.856385701888507 0.8574679010349974 0.8708149760733699 0.844032171234519 0.8110838026947147 0.8293184611348302 0.7831714090304437 0.7859070752512511 0.8040737007386792 0.7922964234353193 0.7905087874511706 0.8101144249834981 0.8041555821969194 0.8575213730317932 0.8936464558460125 0.9054923555794993 0.9012643738966717 0.9521817155307466 0.9681928077988264 0.9767418555538644 0.972269788289333 0.9644269081357163 0.987613501844486 0.9745576035342156 0.9878810254769945 0.9606924316818876 0.9324673217458669 0.9382018569586218
0.7764275140414106 0.7823498848638478 0.8084167642257181 0.8128011532552295 0.8360826321178075 0.8636234833752021 0.8708579568309297 0.8513334667683463 0.8500859484426685 0.835407701981846 0.8233480225581494 0.8112047925401971 0.7998002896769821 0.8142382516879173 0.839746780606644 0.8336126901045713 0.8283739439329699 0.8342254561867308 0.8339662215185738 0.8171943839737891 0.8258670437070206 0.8074235454014579 0.8038715440727616 0.7885605831743292 0.7982757614547447 0.8130113010457087 0.8164887363036637 0.8204915612383497 0.8606160001065992 0.893715389431228 0.9225441108347109 0.9298372080270093 0.9746493025687791 0.9892827028288869 0.9887106655486758 0.9682291899925662 0.968483897591893 0.9760328478584008 0.9791711659316145 0.973692474178604 0.9443128733858231 0.9278125475306281 0.9534581965098787
0.7871469924420715 0.7975070660702884 0.8250194338761414 0.8584344097984566 0.8618423382184391 0.8828631353537022 0.8822425701722629 0.866908559309263 0.8606201815826364 0.8295933725034605 0.838826613784461 0.8245392891707868 0.7922094190005418 0.7949491600365157 0.8007556487943367 0.8032490277055184 0.8246466271408684 0.8171625430793081 0.8227650654211522 0.8002234515993485 0.8042222575707068 0.836556589947529 0.816386702660943 0.8115669773034794 0.8144301253821647 0.7744177250277697 0.8140335113119261 0.8399528372139299 0.8581105318374577 0.8867228177947928 0.9415396672445729 0.9614526528787348 0.9720502963261738 0.9906901221755208 0.9591926579306618 0.9555146078039264 0.9428479039340908 0.9646406001323599 0.9569832501867064 0.9725344190628257 0.9470383992772665 0.9348919879488722 0.9347843661372339
0.8058450459714444 0.8094874959876209 0.8507077735254488 0.8521620771044915 0.854128149955883 0.847931939448924 0.8605974118215742 0.8663238304608235 0.8432566582976259 0.8389127371634324 0.8291813953743962 0.8236910527119121 0.823204533694397 0.8237682609308724 0.8101318200618944 0.7895058633907905 0.8087590503223981 0.8117520734598146 0.7987955694702871 0.8069002305514672 0.8052007986704041 0.8365180336652723 0.84280364723914 0.8253520022464879 0.8098444182850296 0.7934022741895164 0.8166420375623558 0.8397083338635268 0.8462059103555205 0.8830292298045358 0.9212430266012881 0.9525252704749969 0.9892824131456798 0.9676348844414925 0.9800317510624649 0.9586867280643204 0.9530556417754107 0.9851601566078183 0.9673470753303118 0.9746939961472091 0.9596859105838379 0.9507925862488338 0.9328110342317493
0.8035474407997747 0.8526431101259675 0.8514915958009753 0.8425192840482402 0.8596920850277305 0.8446556125332939 0.850877586786171 0.8704450872911595 0.8696703514831472 0.8483451692672123 0.8326823707163469 0.8256340695339782 0.8144168765457074 0.8166284572456105 0.796477915605785 0.7929412476652223 0.8132583085007701 0.8063117625128337 0.8078268707772617 0.8109327548972928 0.8159357464477562 0.8265440707776566 0.8242841904220665 0.8311118122005019 0.8121818507991473 0.7806390566469938 0.8141622287282505 0.8388633253183879 0.8333731379430418 0.8758558543358335 0.907267042462093 0.9513215372800512 0.9499862824056615 0.9842632392245086 0.9667518446852551 0.929883171819612 0.933636468157407 0.9855538596431266 0.9537714345951107 0.9336952078715084 0.9302453911565322 0.9261407203945486 0.9324807646916802
0.7994149468026847 0.831926093905947 0.8177563030161243 0.8018628811428762 0.8285465184064195 0.8110209903765675 0.825829264566907 0.8511502946948843 0.8440571796056383 0.8540348503190107 0.8491874103608391 0.8252545878947032 0.8532378397226431 0.8443826756655939 0.7941109688876978 0.7710736725483468 0.7783151330993897 0.802178585597915 0.8140216621014185 0.7941999473441586 0.7914177636570007 0.7924957350145588 0.8228375821519182 0.811791970215177 0.8064732260446652 0.7701756971816842 0.7882526255668366 0.7908750294039207 0.8398656764259764 0.8570042552001905 0.8844415081383232 0.8912390266566865 0.9455149342229475 0.9391971529677479 0.9412511816085705 0.9443566864040237 0.9308271698498977 0.9544070502548787 0.9588376551812796 0.9532837639373779 0.9402307937837379 0.9519757694164624 0.9261485216710584
0.8017271543943331 0.8078629775541224 0.8035036116372243 0.7697479780825822 0.8070768158242209 0.817069783101033 0.8126732960592195 0.8279301337302735 0.830699681022084 0.8740236644468329 0.8483225222361529 0.8450959933253569 0.8391859349960331 0.8569698424177562 0.8181395523336245 0.7887629349945467 0.7949431014327566 0.8038740496610092 0.7809009299126106 0.7732735965247769 0.7770246817011459 0.8079322639381946 0.8010434772785686 0.8137919578910324 0.8120733951652489 0.7748959301840658 0.7528014711568423 0.7695496711430485 0.8118196019365023 0.8255948979076726 0.8323889119354 0.8609057374495827 0.8958510140910408 0.9127053607541937 0.9072404531527278 0.9212586256338633 0.9284313336924357 0.9257373290927616 0.9389829583440422 0.9542289592249656 0.95449333222668 0.9552668335198737 0.9263546966490718
0.7557854591994567 0.7688344612720045 0.7632115371473315 0.7704041092603398 0.7832616880719059 0.7945379010176613 0.7820725655621787 0.8264462005698191 0.8415182295461644 0.8739375020230365 0.8459196253875213 0.8581956878585683 0.840002454028697 0.8403052641542283 0.829607220510674 0.7880047871883035 0.7971878652323631 0.7923602542323229 0.8015753941682108 0.7818310388216495 0.7864724588842189 0.7798737194573583 0.7918968064351612 0.7838676974666353 0.7735426824249217 0.7734616139711266 0.7532512755473275 0.7590319894640825 0.7769239896276782 0.7982568067762843 0.8367311147244788 0.836249890350029 0.8647415746684871 0.8932264379209032 0.8863503282045959 0.8940833801714578 0.890913682887901 0.9176638251599688 0.9154245294745305 0.9213433123265984 0.92190085914034 0.9183372341528161 0.9205649635293633
0.7365614208239786 0.7091364126273941 0.7166743277940769 0.7362011743361172 0.75118079995189 0.7582596831984139 0.7697589723619004 0.8035576418001243 0.8284002090900511 0.8629444637219996 0.8637960351304185 0.8298078388292554 0.8283276955094285 0.8625035611580312 0.844088811278373 0.7898811040896224 0.7753596985728461 0.7809931772559692 0.7798574870175667 0.7711872636386737 0.7737715659681315 0.8089145388568728 0.803540812877783 0.7682708380017299 0.7719467778735025 0.7280712364920104 0.7490906921694315 0.7420910546519118 0.7443479700434842 0.7785736706048118 0.8067214781269577 0.8031027668494101 0.8366014148278458 0.8848256930531343 0.8747504410042529 0.9023880692636003 0.8988359719649156 0.8915056650909453 0.8964658722535837 0.9262189856774011 0.9199238772907853 0.9245425252514464 0.9013156216450117
0.6971250948472806 0.691557264848119 0.7164245790529856 0.7243267441892562 0.7601982758487272 0.7911782934617341 0.7967849788785986 0.79772491816415 0.8225126238405874 0.8489884183352787 0.8404017471040327 0.8182404027170511 0.8190437294146601 0.8174666945435911 0.8314842520356329 0.8034768627335344 0.7789172337472494 0.7807251850065429 0.774387462690588 0.7513551987405496 0.7632797159319916 0.7756661388463567 0.7946102895221293 0.773745340184494 0.7505821918191077 0.7273248645468972 0.730423770943646 0.7350267966552948 0.7490718812710125 0.7510067993085522 0.7834502652504364 0.7957454265184855 0.823476803285521 0.8640521102290712 0.8802664770829065 0.8783213187243223 0.9024539725750013 0.8986127317632118 0.8812755892085737 0.8870765854173227 0.9072496117191282 0.9108980243276343 0.874715384485841
0.6653046803251094 0.6781258387612353 0.696910729658612 0.7411526372834132 0.7565464074253196 0.776894969279806 0.7778585679608606 0.8152936255024302 0.8273338670543937 0.8445379045854496 0.8274181604770717 0.8188130580476154 0.80016541030306 0.7995220656330215 0.8235355505137739 0.806825427092398 0.7922250791119251 0.7911376397426338 0.7469802271484535 0.7519883431805319 0.7499192672695619 0.7778180546820492 0.75136447511202 0.7532223779166328 0.735197963680376 0.7295911113100085 0.7218486872530631 0.7284926394050913 0.7415171499504363 0.7445258428750131 0.7644232394800885 0.7868218444575122 0.8155562721340872 0.8536031586352993 0.8539622844387759 0.8695097877100587 0.881351624509184 0.9059626534569698 0.8956585270622344 0.8720401133710378 0.8693949494111365 0.8677658788596176 0.8411731958054213
0.6495358234966898 0.646704999162683 0.6848584150989256 0.7180920873533446 0.7403004298039643 0.7731312431326512 0.7781763673720004 0.7985582183097576 0.810392960979758 0.8282687303242602 0.8301795377853454 0.8120091056052684 0.8178045768493071 0.8138757298394003 0.8170795704853658 0.8022016626063576 0.7800931556577059 0.7623333118153731 0.7495290217960574 0.7464598061064202 0.7426654722311923 0.7356120092027937 0.7456680750881678 0.7363660003686462 0.71936890975098 0.7045191307653706 0.7076060747020319 0.7059051120876855 0.7363054406489103 0.7455330036768749 0.7470282698925967 0.7660667891441026 0.8011420139513244 0.8567911322511205 0.8630530636943413 0.8840582297824452 0.873297880893405 0.8857782699528443 0.8808567411189075 0.8413827365629767 0.8522210637976535 0.8343348253946079 0.8247952675199952
0.6630820691697501 0.642690600945088 0.6868898186806268 0.7020480667725609 0.7435859909564752 0.7535038736216848 0.7821108726458053 0.8154817253410545 0.8102354271621298 0.8456230551391386 0.811705906498559 0.8105308364504368 0.7902752606148084 0.7916506505073382 0.8104787000438968 0.817234295515261 0.7699114320801764 0.7772337433745158 0.7440053639362506 0.7154803123414835 0.7359627273719187 0.7358543445293404 0.7370664363982845 0.7490099156733845 0.713971352493669 0.7248286352532116 0.7108161035015185 0.7013499230150987 0.7226521132797666 0.7417257195102651 0.7259224317251873 0.7591379642225156 0.770743277531806 0.8332389710441314 0.8567611821982077 0.8652199736440583 0.8526695046430649 0.8581289198189574 0.8231105628656881 0.8287177973597522 0.8103024267423432 0.7948101297923494 0.7996883990341007
0.6492691814880048 0.666331035816958 0.6867052241996956 0.7225154274120923 0.7279192389698591 0.7332814142143971 0.7675389957157078 0.8185608952807636 0.8339470359114993 0.8249532345569024 0.8199869942593531 0.8083398283027009 0.7824092544826609 0.7791263281647159 0.8130462930037792 0.802587050732769 0.7806393377773447 0.7606918790095651 0.7571305881162195 0.7477850665804922 0.7372994539437278 0.7485324118296126 0.7412390262783679 0.7185953063541266 0.7354059012648666 0.7059286241185593 0.7038324280289668 0.7283719698657891 0.7168335237516233 0.7266383485225957 0.7303217401218995 0.7639275101998954 0.7644260151842996 0.821668880142478 0.8418151861514972 0.8529901313141642 0.8301366366467567 0.8198563100786793 0.7964003844273115 0.816629583342304 0.7962199629951379 0.8028703679883947 0.808639852812024
0.6813046644884319 0.6574824115654464 0.6938422827933325 0.7269474412124515 0.7366725993340377 0.7273096453487281 0.7654793941946241 0.7787945472636534 0.7912348913918117 0.8218599722082025 0.8318716088911203 0.8122257971972815 0.7752711766934038 0.7750982762846823 0.7688455785685041 0.7983918494963245 0.7601576797031467 0.7578360336153234 0.733685932575908 0.7268405682387201 0.7020735790281253 0.7053112231949833 0.7072962235378639 0.7016735373369329 0.714585072642717 0.7078264340268349 0.7067497781988908 0.714226410480286 0.7327944449462107 0.7086028161549476 0.7396308914120951 0.7292097286821606 0.7701739541423379 0.7828384512201131 0.7959362416758105 0.8069332342531071 0.7801259558378494 0.7776599130321807 0.7808127779466288 0.7947606466643267 0.7809387034818468 0.7804503102801205 0.80528404385878
0.6937827265874611 0.7192069208056886 0.7236887335308633 0.7464613678522394 0.7469352464878679 0.7646897159702204 0.7398454415165729 0.7458425556771323 0.7630241454369637 0.7927703918943338 0.8133907568590221 0.7886145035597429 0.7921706828368128 0.79089669182089 0.7657205008798096 0.7542266433907027 0.7302669388578139 0.7138931994093775 0.7170263574844117 0.6979347651579055 0.6996570685745523 0.7110087228483343 0.7244130123496529 0.7210959869123091 0.7142679136815806 0.7168214711645147 0.7262644024877405 0.7526376063720248 0.7530335861891735 0.7285073628862366 0.7567905781944122 0.7417766424251582 0.7483448872532489 0.7507965484989252 0.7442552642905474 0.7476944846801168 0.7673205944808654 0.756113103031364 0.7525087132107448 0.777235927490639 0.7772935667490377 0.7739381618368301 0.782286777350113
