Raster_benchmarking/Raster/continuous/raster-342.asc
NCOLS 100
NROWS 100
XLLCORNER 1743153.2964537512
YLLCORNER 5469294.537896954
CELLSIZE 10
NODATA_VALUE -9999
[rows 19 to 37 of 100, columns 0 to 42 of 100]
0.8290499213121613 0.7957322814781315 0.8078526596164369 0.7902900634769876 0.8152716795800324 0.8388343606557719 0.8265341325090921 0.8556056281786641 0.8363143347294864 0.8734386388460323 0.8908149962427717 0.8867131112700612 0.8904546025083866 0.8585666730915236 0.854221322298601 0.8245141283546993 0.8627724064220086 0.8866499772864826 0.8902193760132221 0.860382166786718 0.857841665174976 0.8857093521812313 0.886709226467574 0.9111733543563938 0.8954942840201205 0.9196768402895874 0.9226515241006696 0.8922673545858822 0.9067977686735831 0.9082476582022648 0.8580537393546761 0.8591258411523611 0.8669400565815845 0.8594034454313836 0.8514653484237746 0.868673821989943 0.8498935125059146 0.8521295478243408 0.8266699922724731 0.8283873931794383 0.7985786185878018 0.7885236387172929 0.7862058219844554
0.8305224618020522 0.8078791749503438 0.8139708825197856 0.8471194287272339 0.8639983738688574 0.8418754963619188 0.8548271593863189 0.8850596022416306 0.8792831658673504 0.8929372784600095 0.8818577228169375 0.9027018079339305 0.8854710622216145 0.8742431436851227 0.8540660771491863 0.8282224315454272 0.831290554624096 0.8567750607549562 0.8811082767106124 0.873119714266259 0.8475526675292342 0.8764888757608552 0.9041486068765301 0.8876594384784275 0.8898502491166699 0.9182245296699206 0.9322914966530015 0.901772199450968 0.896781301340996 0.9120643666095598 0.8899085443317452 0.8568068668353791 0.8556019235172134 0.8397941409145109 0.8663498164544663 0.8744083786904787 0.8752348350810216 0.8736169813992845 0.8612009940450113 0.847243205723162 0.8063707288520959 0.7900421155323756 0.7953348993299851
0.851525922496618 0.8376035913863809 0.8182393093762479 0.8630613424661173 0.8625053591602317 0.8774493614098458 0.8875827330185945 0.8910572007154987 0.8715346148721498 0.8611814025250717 0.8968211548619387 0.8887162363759452 0.8438219439723279 0.8307811991357564 0.8482647902041944 0.8238319507182035 0.8598178421176238 0.8465527800045226 0.8311485574022915 0.8402402896711801 0.862364649257079 0.8656294193107422 0.8539333905591086 0.8837514008626663 0.8755814457644873 0.93580644293736 0.9228812824083666 0.9222070914009357 0.9290062044240243 0.9242854380145805 0.9060007152640988 0.8610926911161169 0.8674154725206052 0.8599927390167742 0.8876138397788396 0.8682376055729892 0.8615792478010853 0.863509970838457 0.8442058758410226 0.8353608555162585 0.7913234392253599 0.7952020553110731 0.8011289551928503
0.836904560834771 0.8005228543252509 0.8227052604555266 0.8447034458361056 0.8493960366269798 0.8698709931962808 0.9018008218543931 0.8913723165808011 0.8974106023293137 0.8860112204918281 0.8789788991180058 0.8391305294328862 0.8374972683560866 0.8182240641377407 0.8322210065301486 0.856282833083502 0.8527276610025573 0.8281227476265323 0.8022142728547632 0.8254091005281496 0.8090037344974675 0.8155754962041595 0.8529559046112716 0.8812983593039898 0.8759705223682432 0.9013209990020605 0.9343234054945516 0.8990989898311147 0.9043918066983077 0.8981121962273118 0.9114985709172286 0.8937879266619468 0.8567331227489381 0.8599133153543645 0.8885012102336292 0.8516360893695084 0.8571937059594026 0.8596570265003207 0.8305690335714041 0.8215037304446112 0.8176190121076615 0.7943163056299551 0.7706348023792055
0.8092194900418133 0.7865160030921804 0.79426145592475 0.8167137377163954 0.8388973258060672 0.8766307922429547 0.8869443347309238 0.8812089866462466 0.9010404814449692 0.8647677118790278 0.86770968115347 0.8399238926556776 0.8730762948042118 0.8629391424513738 0.8680588365015952 0.8608226584513079 0.8199469962710348 0.815007840485195 0.7891548342308393 0.7900080842719686 0.7784254976100983 0.7812681313813203 0.8055864316730983 0.8285514460411096 0.854372020210333 0.9135828796385648 0.9128359022439029 0.8766043693197129 0.8883178974802426 0.8994474868289161 0.9058003573436284 0.8881563038605911 0.8648704063857855 0.895434802911835 0.8889996614689282 0.8577035762623936 0.8621987558452706 0.8174046604633151 0.8374118222558746 0.8288062701152171 0.7921896115922786 0.7596992640315273 0.7617475949121026
0.8137076815102385 0.8099862001931865 0.8339532248816023 0.8227837059844673 0.8647379584585544 0.8755371732307851 0.8636997616270959 0.8805175478596529 0.9028440662739294 0.91780055277106 0.8901445364249977 0.850466758704127 0.8641677136426931 0.8401396230214405 0.8679248736625347 0.8752779467666508 0.8378927914522205 0.8365580708236118 0.8083374206119925 0.7833011943863062 0.7784668245473352 0.7666261636173497 0.7983202617470186 0.8096718345089129 0.8228945256237287 0.840853789597337 0.8526348955255035 0.8734121860745485 0.8901909651547373 0.8956987609106084 0.8576599233763792 0.8862406943358628 0.8793843630868693 0.8894991869976703 0.8804128767490709 0.8596728705666565 0.856065342196582 0.8412546774592528 0.8399680658147526 0.8488715935061185 0.8338107631690402 0.8056400093571596 0.7942190538984696
0.8142533978793818 0.8570983141281756 0.8518242124592089 0.8413008294456058 0.8752184152830952 0.8827011434505582 0.9041164963676657 0.9041443832789703 0.9347531572324064 0.925068816989172 0.8765668210380151 0.8514305571789459 0.8626659305448381 0.8287874439264064 0.8660289268015444 0.8531443517835647 0.8138906883187043 0.8216192971350715 0.7961989099572022 0.8252030389016527 0.7854040641823972 0.7837888477052791 0.7856910808287533 0.8084542309038445 0.8220059124619005 0.8284205846896474 0.8367212465719427 0.8625289400235261 0.8879245916171191 0.8653394423392781 0.8422865245624651 0.8612428140797744 0.8545551059923233 0.8574822670662042 0.834615480537281 0.8426388897515139 0.8207960390872084 0.8228220573970038 0.8336271287706851 0.8231291609272369 0.829445417815335 0.8337497429729476 0.8173689833213478
0.8339076988996819 0.8506630222190563 0.874318654208024 0.871510369538006 0.883343869579484 0.8914196532143703 0.9229302690820985 0.9184237079006408 0.9364217015562663 0.9072496716701234 0.8861327000716527 0.8666983676475578 0.8624351148921336 0.8648863059860034 0.8662927492698125 0.8562088573873994 0.8150985318239926 0.803300221988097 0.7847340756845949 0.7747604864101083 0.7782671885292913 0.7767536052493035 0.7804119104109739 0.8031799450942114 0.8004875338234502 0.8027495374203084 0.8055770523903214 0.8336336608204612 0.8418792847405526 0.8702465075348559 0.8601194812441624 0.844622329408445 0.8695297946511984 0.8363718574361115 0.8396879057107252 0.806246929167919 0.8138902257372612 0.8097043747558531 0.8292740814503166 0.8449875550918766 0.8288152574098446 0.8602365095640175 0.8357028467862707
0.847458604917243 0.8728502995358683 0.890072710860417 0.9202997095390193 0.9031091850947762 0.9562753152898027 0.9523106843565902 0.9508860784576735 0.9423974203041362 0.9653246692899489 0.9251050533285687 0.8714045093130569 0.8678747593131193 0.8490410913664567 0.8705559822421396 0.8554835800363775 0.8141619154258285 0.7754267940384222 0.7879922701733121 0.7734282299624413 0.7771595378446144 0.7890262668717681 0.7847212200868204 0.7717210253307818 0.7659221490725704 0.7951784278908526 0.8112750972466983 0.78679015335476 0.821977069777789 0.8457601634193905 0.8283077097123299 0.8556681499656357 0.8614206336864899 0.8215736190364433 0.807662795588618 0.818424794567025 0.8494590855201056 0.8626053373622298 0.8370957022860575 0.8300534959758981 0.8640013239241788 0.8843531011955512 0.8645097694284418
0.8909473445729287 0.906416849453016 0.924875572506634 0.9431009964413503 0.9342014391348281 0.9545062860890606 0.9792851080811545 0.9552757512444959 0.9813696770072377 0.9799771203409148 0.9397672937255819 0.889450734454885 0.8702267995842335 0.8765942958541794 0.8805999103323248 0.866933288916802 0.8720404535650903 0.8237375670343392 0.793458338040529 0.8073488644446669 0.7987540558318584 0.8087406087314386 0.7984350636622096 0.8053180059305962 0.7770471081721582 0.7705997707005753 0.7680988606623025 0.7897919071174488 0.8183954578632395 0.8228259453568227 0.8258017591563402 0.8377689226692445 0.8297241613945886 0.7940716851627085 0.7872133416374458 0.8203459380628632 0.8414852855570074 0.8269018040284376 0.8446227849865446 0.805726631026783 0.843130792993294 0.8731508054715845 0.8432354751132829
0.9103314278356611 0.8816908246539505 0.9507247877013282 0.9575890276221379 0.931537058489443 0.9489285088495379 0.9871429796989724 0.9788594904625121 0.9900875834851691 0.9499990498748719 0.9412347907353802 0.9327387281351163 0.8942957385698368 0.8784108473365984 0.8876978100367492 0.9022664284955884 0.8884115539339433 0.8849293326122063 0.841675504136725 0.8289464585097728 0.8047514923072984 0.8351323538798112 0.7950503389225827 0.7960604589110868 0.803887865422087 0.7779700361133233 0.7580068145435653 0.7936704776285901 0.8196026877872195 0.8104482623963649 0.8234802361333455 0.7793740996192398 0.7934273722963354 0.780542518335717 0.7786205088265521 0.809956047708324 0.8056553327558956 0.8448186324772319 0.8427273850193296 0.7938287781882019 0.8193128006400534 0.8330537921276364 0.8209244784338524
0.8896023229292449 0.905003879047904 0.9507676823888638 0.9525733093195967 0.9603823744382917 0.9435650893279434 0.9784469024456327 0.9638279387682767 0.9653831969150447 0.9766613867576499 0.9496304428551867 0.9288885294058894 0.9356948266306758 0.9192152451813321 0.8897762983997296 0.921800744947123 0.8901200569774312 0.8770676394334215 0.8464493796861124 0.8291140466160284 0.8372890018035604 0.8306708219955481 0.801315271721003 0.8056224005194642 0.8079769921524581 0.7908867671294175 0.7722789087563685 0.792957311218185 0.8242366932369121 0.8060553595239381 0.8299154179314825 0.7895425431219599 0.780246939039781 0.8017295942342852 0.7893727162539719 0.779460941209125 0.7995743752747999 0.8272947223401751 0.8222338831513666 0.8005747784506452 0.7858912043015818 0.7697758508332467 0.7833720352276129
0.8912204081771617 0.9222353024184379 0.9095305432833467 0.9541530114697249 0.9311995388828102 0.9353274683084971 0.9623596782858902 0.981857222632274 0.9516279698025406 0.9562385247448196 0.9354709718720615 0.9826666945803652 0.9492778782771675 0.9381135233762723 0.9074836769225205 0.9226044389119135 0.8832553435913383 0.8964642390570586 0.8772393022829053 0.8311004993828948 0.8256074678654981 0.784304323681899 0.8079370680156941 0.7982178446735443 0.7905122688052005 0.7846051853709812 0.8037795443804835 0.810036963831839 0.818426554833333 0.828674531842958 0.8442330738288325 0.8177463416346866 0.7674838390474741 0.7655142306621673 0.7854562969643019 0.7770542499505042 0.783142217459612 0.7832754610627188 0.8059665231177322 0.8215484859162901 0.8043599878668941 0.7636780665630267 0.7613455098405582
0.889585240522446 0.8982654439186288 0.9002371939949383 0.9269533359509139 0.9239366974758175 0.9211656760862246 0.969988896595855 0.9847926510886486 0.9798631555057344 0.9557502339110627 0.9388478228811007 0.9374679990470848 0.9591675579409213 0.9027629736624803 0.9115990261601014 0.8912406210774644 0.8950696684557498 0.8685965800442598 0.8611790500251147 0.842056801892921 0.807460359880556 0.7913829777484787 0.782868298395605 0.7986856435740212 0.8045263497846914 0.7916000439795078 0.8036861513156579 0.8283491137971414 0.8073895348335076 0.8298983484026365 0.8315138010266315 0.8364721809910693 0.7867692852646739 0.7607861119159409 0.7752288406769324 0.7733686934956734 0.7954884297930557 0.8078335645046562 0.828380050795917 0.8329452861482899 0.8214691479091379 0.7857403084926253 0.7643317683352866
0.8921814934221344 0.9265645547243203 0.8792231995812411 0.8793543932559941 0.9074699787012424 0.9064729471197971 0.9525550818784341 0.9686610054301142 0.9433126276175977 0.9259064844211359 0.9258687471150844 0.9608139234931236 0.9385270872668973 0.8778488562859359 0.8533602821019738 0.8662062026990316 0.8531043267423496 0.8717051004080625 0.8457128661098923 0.8482829105732764 0.8204814097628635 0.8248003141237543 0.8090961439468729 0.7956514068716234 0.8311070988784127 0.8241819521061383 0.8158093816238543 0.8298686855316527 0.8147691062959597 0.8365551450698038 0.8184306449497515 0.8500224670289092 0.8120110066315432 0.7796409974226716 0.7874664436539781 0.8053451987919457 0.8034823804723683 0.8082110481258259 0.8258753478432022 0.8254750478827111 0.8253534026302313 0.7892338911018945 0.8016323855342243
0.8704566301344703 0.9078912281563377 0.8928636918957579 0.9020870346760724 0.900357701018007 0.8879242550015862 0.8970283295849206 0.9370014485142685 0.9268745800174645 0.9447481990460167 0.9365706384005854 0.9285034758889918 0.9130224921992129 0.8894110603565152 0.8461692639444645 0.8493029143082672 0.8567381492466073 0.845065326651017 0.8520047001406058 0.8289391091220641 0.8091353598493701 0.8137245386460135 0.8187577583224347 0.8349106481130644 0.8207724749771148 0.8160789309654635 0.8418490653228866 0.828300829085125 0.8631845636694451 0.8545318662398644 0.8450111904884101 0.874989844173779 0.8525232621302973 0.8268771065456344 0.8009248948091765 0.7948796494799708 0.7864461913737478 0.8226442968501457 0.8005676075225268 0.8075450811730048 0.8420256258517308 0.8099017266450942 0.8307992196987328
0.8861959888181922 0.8705345451095058 0.8954014847212775 0.844874095566645 0.8794542198529297 0.8948522347356369 0.9022915991076716 0.9044867201761342 0.9210367133765369 0.9584523722624845 0.9290848929667184 0.915205547147367 0.9137971743704604 0.8593427288160642 0.879673184752647 0.8625665441579704 0.835855709605999 0.8331695903110125 0.8157879491271711 0.8350905233855362 0.8301537944461953 0.790125014098114 0.8370582149550526 0.8286829369054718 0.8249891250232719 0.8174317216786109 0.8172518085204368 0.840175310393841 0.84565008804825 0.8694964099136187 0.8568031301092034 0.8816190683036405 0.8275610445261553 0.8136438982462996 0.7985368572443778 0.7758179636265728 0.7906052699124482 0.8111949494158632 0.8230155699744738 0.8207366466233715 0.8307038487742503 0.860952903072918 0.815384868131122
0.9072635068257874 0.9108561021194042 0.8929493185389167 0.861398044244844 0.8797269840143239 0.9165432074559453 0.9043373042877714 0.913551970428099 0.9538133062465263 0.9511949569749383 0.9201875339279936 0.8968509922897091 0.9118398232746235 0.9091303291594399 0.8865025451640619 0.8381150811022936 0.8434755220569583 0.8123203673623911 0.830117477602153 0.8061652034052161 0.804794631353444 0.7911298603110939 0.8300999646977046 0.8141285439072886 0.817433684279555 0.8036686970506159 0.846284079578334 0.8359025315993778 0.8800673243040488 0.8680787290722177 0.8734810779502065 0.8732678271966906 0.8258334242723631 0.7978102591366524 0.805058062362877 0.8277302988584585 0.8163299666553228 0.778598906943954 0.7982476853983311 0.7966317331967364 0.8001268309992742 0.8271269050413882 0.8131869369571666
0.923250540219933 0.9071194008964756 0.890753442832294 0.876186242752067 0.9049784544973623 0.9224494015672975 0.9093596979499224 0.9500195809565866 0.9418664860302755 0.9486449437654239 0.9218109332723602 0.9213723904069268 0.910668295900388 0.8957253732496958 0.8852972622577366 0.8420943904732922 0.8430917373291323 0.8324442082143777 0.8083017164916876 0.7920597701949227 0.8137541911557677 0.8014441748295896 0.8007932106059493 0.8087223330956451 0.801524934698983 0.8103922735194332 0.8181620467413994 0.8471183411327562 0.8928685869631832 0.8872921801059268 0.8552404984373124 0.8436277365613404 0.8141684895392428 0.7905318016903183 0.8177444365071904 0.8242976346497456 0.7866667677345804 0.7648915766362413 0.8027042779434547 0.7902356637575045 0.7734669640208413 0.8031180492596363 0.8285355076004312
