Raster_benchmarking/Raster/continuous/raster-392.asc
NCOLS 100
NROWS 100
XLLCORNER 1743165.7143844476
YLLCORNER 5469297.132542532
CELLSIZE 10
NODATA_VALUE -9999
[rows 38 to 56 of 100, columns 43 to 85 of 100]
0.3259100281277852 0.33797979848296283 0.3405720179872985 0.3553202781026733 0.35787604543298945 0.35949826017991243 0.34923429477393936 0.2589648589669862 0.30318629759420096 0.27758123256210365 0.29491668911974345 0.28483200079202814 0.2742470348374746 0.22248104227743698 0.23664779066201339 0.25665681048292904 0.19912316000162383 0.16296871987123834 0.1641852399105745 0.21120447699967376 0.20390325301697196 0.22351687823911418 0.18951171360059132 0.185732627088603 0.18925231424475172 0.21624108871548398 0.19853326195428486 0.1393985810744645 0.15041744121050443 0.09920216211105487 0.11187264910382481 0.11758986297103632 0.10871820885132212 0.06471045240004482 0.10904846817447585 0.10478947683194693 0.1311243812485636 0.15640561465769823 0.14010867805935218 0.17516949358186057 0.1554899709135017 0.13012684801301708 0.155657646207213
0.3881556343098426 0.3506106097952516 0.3604597128164711 0.34751274531990994 0.39286683323406624 0.38156624102506226 0.3832331496667017 0.3669115524998294 0.349938654065203 0.30617542413568977 0.27622540673920454 0.2595884972713966 0.2880341936732482 0.24748884565481155 0.2963992907900061 0.24909244542227457 0.2009627466374499 0.2132385881827555 0.18087094703614998 0.17915347577740046 0.18610391189534606 0.17670491339693256 0.17769228210642016 0.15980044566173449 0.14315108365856244 0.18529819676545436 0.13856461149810942 0.13715669536344102 0.10531659338123195 0.09377625205351156 0.09777044326624743 0.11581939422970948 0.1033226379733266 0.10516284966943142 0.07807656898130196 0.09906530631760375 0.11202372469876073 0.14079867030982587 0.15433410128258826 0.14628431637131414 0.13268756718455474 0.1261861929635961 0.15878137116361482
0.4456214272918716 0.43927150670380594 0.38346393166116416 0.39067523824308575 0.4100233760947166 0.46763473247490384 0.3871764069771975 0.4028067521422315 0.3497636922784764 0.3413753539693798 0.3110387890400799 0.265697614818381 0.27199532778095636 0.310189775308713 0.29822707061856113 0.29307857869066756 0.1908131852869035 0.1803539620514471 0.19302898934064106 0.24583826223352206 0.2157376238709068 0.19037892058079497 0.13462075896656422 0.13924485661615346 0.17441122412283114 0.15936364270771902 0.13072274141969184 0.13182715413873947 0.10024451199989959 0.10527367636812861 0.06846409130506864 0.11330301552711641 0.07601150616255042 0.05864342639066587 0.06685376605029866 0.06817971805179664 0.14445435486193975 0.18160085714399443 0.1699501500816703 0.1849832909610756 0.17042597099795975 0.1348513103117128 0.13758944944621918
0.46791536720609306 0.4619388922118501 0.4484844393128814 0.44950582770065817 0.4438883973307192 0.47891917687571706 0.42532722786588323 0.4249482074368979 0.41546224096355483 0.35544147744153826 0.30040354978530964 0.3114970055159783 0.2798023378641445 0.32795353197389404 0.29459843957488646 0.2249579714715843 0.21723590223835423 0.15883612279891876 0.1799390782743646 0.19124211981803318 0.16436492196584515 0.1314524240638339 0.1343191757654286 0.13483259067780257 0.13448667298739814 0.15735170375072954 0.1142360038855565 0.1260292656241224 0.10043389071220285 0.0760072719241927 0.03814848361310349 0.049128894512111075 0.09819701430668742 0.06776622415960828 0.09537604583880092 0.10280511528380398 0.15662564530613055 0.15641513601250598 0.14402486710034187 0.14684186401666163 0.1612719709356697 0.16395445884180582 0.15592460055820287
0.5124570813678851 0.5102872372853289 0.5342183462225123 0.5039522617071451 0.46838633387703044 0.4928035141894561 0.47393027045870245 0.44232371646563545 0.4390355467662174 0.3881463809705291 0.3511901937493623 0.32982398577873756 0.27115460344396114 0.3143524954286944 0.2545096692312733 0.20564481173370208 0.20158566874969436 0.18129929262659558 0.2114874033618478 0.2161888666030018 0.16620524835015496 0.13117072306586086 0.14470596726573673 0.10088685675430607 0.11777205357595937 0.13362598235744355 0.11076980381815424 0.038082320371040417 0.06335300852188 0.025432183920870766 0.016532214792613728 0.030661008168082753 0.10472384457700042 0.11276304316159422 0.07345595317610627 0.11665618302814525 0.13763317304617 0.1453689709578894 0.16829937565313086 0.16349178451629598 0.16835178175709944 0.17959756558292295 0.1299931540361787
0.5238800323152905 0.5069841246083993 0.5577188442436848 0.5155531368373569 0.5518873261197825 0.5006643188598168 0.5064394960661447 0.4073898209880042 0.3839489294356905 0.327764483260248 0.28980911987895835 0.3158469187551523 0.2888141790090295 0.26001884993504437 0.2283397474026079 0.19116947264521678 0.20206975132083543 0.24279203025325782 0.2304405073781575 0.1685827359898443 0.14293388396424467 0.08577039933969612 0.08931844292330031 0.10092957583753877 0.08239700697653093 0.09231436814822583 0.06260219283753476 0.018001058668416753 0.025406037157154043 0.03538350186052962 0.05028015200190934 0.03409964176671783 0.050870990599726905 0.09054041490752743 0.07219857500373247 0.11904037272143798 0.13849793207224068 0.1769101930561872 0.2015501903183751 0.19576178585169032 0.2043215191535599 0.2003858092848075 0.14082283839889234
0.5551192030960405 0.5506466274949607 0.5105928061065266 0.537071416020824 0.5264073544916195 0.5723936885093223 0.5163715278805103 0.3949659563083332 0.3302286416552718 0.2838972745974094 0.3154336328432983 0.27351477143194597 0.26686169535407267 0.23364022143846636 0.2395227715050641 0.19889783541869765 0.19594728326738556 0.26487111660352797 0.19819960152987642 0.17848533837509983 0.17782240790798648 0.09436878250512917 0.06776814926861174 0.04099153445565252 0.05194980281515613 0.029613418142745547 0.07106201548258115 0.049183132951525065 0.06902643356120415 0.026258201106452904 0.06920879037947236 0.08842834213845659 0.0671416426894163 0.05154933174342245 0.09324367519460072 0.08940096640253899 0.15782097042919768 0.19151282495413224 0.1779916572419089 0.2012101235430002 0.20374587812697326 0.16140627188238346 0.1634396409114459
0.5397481012180942 0.5160791115776592 0.5063306835797263 0.4983200202719673 0.5251456297054297 0.5251666047487589 0.5038325773379845 0.4002107011987529 0.36535930905323094 0.3389163453899227 0.2982880828111779 0.24033285700019405 0.23817017978607258 0.25941608848251263 0.22942614631460673 0.21318417860489478 0.21515484014394767 0.228517910693332 0.21723687227533947 0.1802093416600837 0.18290799383929332 0.16863060084597756 0.13450512879013463 0.10730041797585481 0.10999507037077534 0.07942548357322862 0.12261293420316371 0.08980834547153291 0.09597623590619417 0.04993711721761648 0.08439562896531459 0.08212035915945665 0.11276257291718744 0.09894957742472255 0.11043152314708297 0.16835218874983135 0.15954596858471154 0.19231822813259283 0.17460434701988647 0.18172508860369466 0.1944167838047337 0.15922693414114436 0.18955976561152454
0.5496121547454054 0.5408997344814658 0.5450059532624888 0.5202781529857269 0.5022537067459152 0.5057901858058294 0.49598470019611274 0.438593490967393 0.4062360270730811 0.33877358405903313 0.2516743632166142 0.20351313733780466 0.21510856640836817 0.25022704436273263 0.23385143125075256 0.2038763647794161 0.21257473708293803 0.2556055155021411 0.2394079121660233 0.24919899905324386 0.2243670870714242 0.22075887847604495 0.15536496155934185 0.14671799025683194 0.17562287642608448 0.17854745668502076 0.14964290357773957 0.15902782872488225 0.15732247101500363 0.10049224168429279 0.09913245183588205 0.1134437901858929 0.10556666373687927 0.10892269020565883 0.16360892630407817 0.1890080580373229 0.1688821481679051 0.19725206756899422 0.22042399821723974 0.21801522100471007 0.2443239734877955 0.2076884587731118 0.15669429132215457
0.5376360872946083 0.5612716779076394 0.5496714394851655 0.5008449986558934 0.5350917714208911 0.5291806899261553 0.4759052731692807 0.42188427722161387 0.40068894829094626 0.338463919818376 0.25542656070984326 0.21732783977329895 0.236085287130513 0.2040018744612528 0.17870167616980737 0.19626366174376866 0.17499989676677727 0.1934240620612267 0.2239349858897235 0.23683723054978578 0.25011809363734866 0.20109107961243664 0.221654753061886 0.16523718230607315 0.1550460866893927 0.1613552457234196 0.14520618782801367 0.15234510847745122 0.18112239992928655 0.18128754138609302 0.1508455417685284 0.20177166713291114 0.18879366756147592 0.1731689977043523 0.17194574673230004 0.2347052389956782 0.25059291289394103 0.26206595864671584 0.2356729771018722 0.21660213782196885 0.23087841025396508 0.16261427171980714 0.19058555894803642
0.5200963774450496 0.5390723563194877 0.508134239419651 0.5128877049879157 0.5123525040816154 0.47607013599550835 0.4347895114223727 0.4019761924722559 0.39345792672073554 0.3241168948883296 0.2559065863045784 0.2606258093966685 0.20771473405078217 0.16247972821252663 0.16332323880275823 0.1502813051857356 0.15728106736538403 0.2015061233028299 0.23434951246654157 0.2661949629864724 0.22971710277257576 0.21736017903248125 0.19481738493414943 0.21970682042373693 0.17945312948402065 0.15832229994462207 0.21072425149248844 0.20239214684381646 0.1928776891249873 0.2329105476826215 0.18647101247840875 0.24304179277560367 0.2450874258127343 0.2546929259180125 0.22788102915198255 0.2259869364692914 0.28439911703130116 0.2678079070470286 0.27265384293870293 0.2544734022701955 0.244707822900906 0.15025865985562276 0.1882142573626984
0.5409438560580841 0.5275370402321672 0.4764405748418583 0.5253576066309694 0.5095976973788926 0.488115993201598 0.46828087239960325 0.43722558063267936 0.36688178860415804 0.3515259778603189 0.27607524937788946 0.24302276517379584 0.25244097482349265 0.2012659963132043 0.21842724959605192 0.18790962726953866 0.20929964331157702 0.199555764438019 0.2290226037346611 0.23099119165419468 0.23708067918292886 0.1820022105468681 0.23256904178289442 0.24973776984113863 0.2172991257122378 0.2027631776586641 0.24360534680908233 0.2702442810600392 0.2691417613130213 0.24862697057899577 0.2229774997990602 0.23751443977757788 0.2781728888124861 0.28610533956374545 0.31552443296620497 0.26721649189733515 0.27187332280397747 0.25129575827140105 0.2687416832925881 0.257273546017294 0.2345060561480037 0.17507009032087711 0.21160387927150495
0.5311700906898653 0.4741207167202039 0.48083177900164387 0.4777402188863907 0.4677345206122442 0.46558683828400516 0.453217061028551 0.41641881935630914 0.4005110203078815 0.3339600668091948 0.2948118508923484 0.28351837971720845 0.25949829364092636 0.18739923301107114 0.22398982217272037 0.24754883475029285 0.2338684066890164 0.2673544602741459 0.22733407033630845 0.20081418271579118 0.1647598949344524 0.1539906599836826 0.19892796002456006 0.23201358150338983 0.19650322311989474 0.22469365070684597 0.22664195549269867 0.2589785302702957 0.2831497309116062 0.2612618011877572 0.2599223601189429 0.24341160715773125 0.3292782150371603 0.32915713310355627 0.3176204820006088 0.32749277967975515 0.276256930601482 0.27882348461677586 0.22532566782770017 0.20621987588888982 0.24387249164830546 0.20812819172336602 0.1868334236171249
0.5306466099316132 0.5017348287509094 0.5177731683817227 0.48164215034169805 0.49584285586994103 0.44447000012526316 0.4206454971584017 0.36125946579272084 0.36115578220665734 0.32011481066493086 0.30604907830858186 0.31678384112190733 0.27014822181355697 0.24583597779250632 0.2502854480075088 0.22408923830055474 0.24534820788093348 0.2391460558449149 0.2536036342303468 0.24453889441508292 0.17026469781405376 0.15789809892358375 0.1487351399928406 0.2021807974664263 0.18540866182134907 0.20193739009547584 0.26444710201371063 0.28059473010576996 0.28415534648245483 0.24825076902657184 0.3021797355100831 0.31791305743858034 0.34039218271139243 0.38999127390981286 0.3803467375218455 0.3382651982888631 0.33773299341569146 0.3334497349375736 0.2723600467831402 0.2580687686685728 0.2605297260922446 0.24510077421945467 0.2208208730532705
0.5357712004073872 0.5146798675971621 0.5002811121301305 0.5231832925958996 0.5107582719463565 0.46195468581507354 0.43552727500328137 0.37655673446355375 0.3780572863980167 0.39446437185954564 0.3260049239178119 0.32594375542155196 0.28746383704754236 0.22247282542852181 0.28000980094282424 0.2776462363352209 0.26892753723427903 0.2859644157838764 0.2674159468885958 0.2696821480079131 0.20043792836912092 0.18142542275326293 0.16578430380088874 0.15816921741300768 0.19324348364763042 0.23936665874944527 0.26270915672810824 0.23834733316693554 0.2642737333359179 0.2613958188857307 0.2891028089230974 0.32601351369750964 0.3866694970623011 0.3940386442942004 0.3742478796548829 0.40309794701238166 0.37334990994623496 0.3588957095930151 0.327975601903812 0.26960033227410746 0.3016011574637491 0.25313959145927273 0.2381943352599476
0.5414985391954658 0.521815997958065 0.49488747102984004 0.47020029758946014 0.45014633136108545 0.40792209976634725 0.4128316985084168 0.37991021813256587 0.34579482027108627 0.3741578020042138 0.3167489705128253 0.2714100544810478 0.2576287857613464 0.26084583482252777 0.2400448808147723 0.24579564993516517 0.2952016646415638 0.30746651111136375 0.2820758930692216 0.2742386336942267 0.23683895490139098 0.22429717017258327 0.15285323350841065 0.1591166382903258 0.21204039843308112 0.18803910025714063 0.23431333480479744 0.24796926858506052 0.2796715486197531 0.2830382554251663 0.33805457930230093 0.38212208518149926 0.4168097114704165 0.41475697874609985 0.3904483093358971 0.40269893570557697 0.37088156799235406 0.35501034351030863 0.3356472903407855 0.3242734386043218 0.34339324403223653 0.3236407684489286 0.2453879236032136
0.5319080235450433 0.5412517475218878 0.4751505409678996 0.4515178380193615 0.39221486446939646 0.36321992658431385 0.35140978688498276 0.35468717937894695 0.3332615485432717 0.3418719291947728 0.330362543532301 0.29036421089791337 0.264133084538662 0.23268337340110617 0.27130781670823445 0.24206675565553637 0.2848297885101932 0.2711892557471543 0.2758312636902354 0.2659210076874509 0.23642052923791906 0.20254165446824773 0.1800085826779116 0.1797147011810015 0.18129930011197157 0.19380926669797857 0.24957081712241366 0.26462397500295093 0.3029964204230062 0.3713992830498344 0.4019227196539516 0.38766491436265077 0.3997230040754864 0.4361124397691541 0.3733049640243679 0.39647930333051834 0.3741628310368877 0.39648947322110656 0.40982084696386095 0.3921111901347446 0.344194550777599 0.3346902288226954 0.2511166054386951
0.502682638681535 0.48775919156505904 0.47217406285577224 0.43458493194311965 0.38372400391168054 0.33869987703665644 0.33358928728558934 0.3627311580924065 0.3939032692968173 0.39497641931863886 0.34179244960580335 0.29728743503082 0.3168446892312602 0.2901182314669818 0.2569587784127253 0.23051455282551267 0.25610472420461716 0.27552798342187274 0.25888661365071647 0.2340758092432208 0.22582291630752768 0.21573538304297932 0.23640305561036526 0.20032445167298948 0.19001189982712188 0.23119428950428553 0.26073654596700613 0.2995290621519197 0.35147048010422244 0.3884201857150408 0.38709924302755727 0.401414344531012 0.3864050178599775 0.3706685767300913 0.37010545741962375 0.3792230591535214 0.3880961743781113 0.37675814070653874 0.38521704616325386 0.3811662197762088 0.36548377718358876 0.3328332907956653 0.24018361755615322
0.5180269134915496 0.4928155665027821 0.4493811675964579 0.4253555163494463 0.3948980308581355 0.3384638906445783 0.37829758917485695 0.3743046134443746 0.40710736524972896 0.3997298668663094 0.35950771651241764 0.36074116975442416 0.3371143855386175 0.26488348579210824 0.23222152582203337 0.21220001028125715 0.19742578273615002 0.22191388918561533 0.27372512886143224 0.23658349229350642 0.2893487777212535 0.3064514121743663 0.2714505458583747 0.2904007747051577 0.24674499234119093 0.19084810479981887 0.23461588424355798 0.31830514342150185 0.3670064538436607 0.3758082857937758 0.37533497513763436 0.390169962833487 0.3856968242359181 0.3979646210744306 0.3604372060724898 0.3732489356824662 0.4041069023198795 0.4441807493872772 0.42382397624373974 0.3588358685835899 0.3412766613659947 0.3049406669770275 0.27039279877282946
