Raster_benchmarking/Raster/continuous/raster-448.asc
NCOLS 100
NROWS 100
XLLCORNER 1743150.7848333672
YLLCORNER 5469296.691306575
CELLSIZE 10
NODATA_VALUE -9999
[rows 38 to 56 of 100, columns 43 to 85 of 100]
0.34967728171696505 0.38678799953245385 0.4239203837017464 0.44460392715982955 0.46354386072654413 0.49702736778286416 0.47153382083439177 0.47958022313048904 0.4370776538059155 0.4804806652967391 0.4658062807072646 0.4984618226685322 0.5028585378809757 0.51395106155786 0.5213354951048198 0.5619174655659195 0.5602719831819534 0.5607486227384344 0.5923485694459877 0.5908038541384726 0.5154150326967771 0.49687899994182494 0.49425548116276585 0.5036877923469881 0.5273379671272616 0.5386998878049185 0.5328354259726414 0.5291397096059253 0.524646250373346 0.5136414160664263 0.5296405906930777 0.5426836974550492 0.5419250275323649 0.5784849663299774 0.5586453110096341 0.5221597080413334 0.46879987430863607 0.46964570118944604 0.41124238346248543 0.3937872311865721 0.37434370716373566 0.3423314038477774 0.35571868762126435
0.4088659677214911 0.38437509194472824 0.3915375740434092 0.4092705405406889 0.4564690704221379 0.4800173142180379 0.5096607002331557 0.4835648429911026 0.4679106235107035 0.4573373100498919 0.48794079231225246 0.5276866253210207 0.513788544551647 0.5758944926952905 0.5587867888866153 0.5601529430834999 0.5637936972933925 0.5321648633600253 0.5328488399729685 0.5327491382749571 0.49873620430272303 0.5072959464549069 0.4859887354655374 0.4730558476885602 0.5214514440395374 0.4862065144365884 0.5254067048790303 0.49688450649381605 0.4982447809608402 0.5221908402555776 0.5246760300835335 0.5113987253295167 0.5361718272065283 0.5663915735182934 0.5424586100472951 0.500973518802215 0.4674973699968319 0.43606578155145087 0.415801588963138 0.38620847177916345 0.3815928269643522 0.3541936230271518 0.3496183620183855
0.4073984669385908 0.4538851396865572 0.4314127545881433 0.3994069837585196 0.41140223757711636 0.453903944685353 0.48199999883289024 0.522066429960653 0.4690876350083324 0.4922662786760687 0.48350448069787594 0.4913321916968008 0.5586402841000495 0.5946213439321636 0.6203600848522399 0.6220429372529407 0.5991914297549954 0.5465119192821666 0.5400566620132266 0.5070508109251892 0.5356359844018832 0.5185597091035894 0.4765324012411256 0.49684862786226436 0.5053354604084574 0.4779931307967126 0.48720721065232175 0.47853607048998686 0.45474142494491826 0.47603999561016985 0.5094430529638585 0.4904449100753261 0.5158426410522491 0.5315881150421174 0.46544253991699863 0.44250821976162846 0.44805159665780186 0.3577354559662267 0.40246628702128817 0.34302784463208325 0.3640373534406973 0.3329851738318535 0.3605683763501026
0.4070319361361712 0.47286645814852846 0.46574341387916957 0.45643571288050216 0.463211048854157 0.4819003596726844 0.5150147837556266 0.5279030817014437 0.5073224268013867 0.5432048998278769 0.4953753381274326 0.512514157733865 0.5738698679097424 0.5828651834262522 0.5784649696303914 0.6282523179180302 0.5892296337489081 0.5490395820875812 0.5535916183694676 0.5469165149725911 0.4880853395606792 0.5089507181356586 0.5106387095580981 0.48207309622915395 0.48718516855523575 0.4596454507004691 0.4824369670321231 0.48695902212836817 0.47733061455447884 0.5422269346475661 0.5382203288863409 0.5125948161044761 0.5229779434058496 0.5251854359793927 0.4450195594867861 0.4236042934177528 0.40461472486501704 0.408116587163668 0.38430684514100677 0.36718038178115175 0.34176264927558725 0.3105045099166755 0.30764706086734983
0.38841654826852823 0.4651629817554942 0.47501705337856553 0.43130436754108686 0.45957105174230867 0.4956734582845021 0.48236518197968364 0.5260447021371014 0.5259252888590352 0.5650095033973462 0.5259461551416541 0.5450084998213349 0.5757752017296742 0.5677500592230594 0.5725486543081899 0.6247763496986731 0.5945066877812716 0.6296230731738536 0.5747932087792182 0.5463068066959315 0.5419868566060408 0.4709553758247823 0.5054452619461967 0.43927270181465505 0.4420554135497621 0.4968219899609572 0.5014818949783785 0.5083363866980007 0.4945634230740213 0.565045004928404 0.5368168007712644 0.51389948880844 0.5317789778645807 0.4959826633851747 0.4494013027372684 0.36266794079131087 0.3632619096368615 0.36765491331382233 0.3634035634191851 0.3402233874527156 0.34238449570453794 0.30600362883096743 0.3557772552388224
0.4212209566229827 0.4631543975541853 0.4272762168890539 0.47167700068286095 0.44392372233595667 0.4863768147720186 0.4770481065237286 0.48045753710328226 0.5443024106881312 0.5311067881358416 0.5229027819827927 0.5386035459106188 0.5704519263889678 0.5871938294249367 0.6079525580938141 0.6200146777566382 0.5955040848049336 0.6146046143160874 0.5708303571279164 0.5384002149056574 0.5452864078815031 0.47874865086469026 0.4987852457145024 0.49491061537479986 0.4743597957796994 0.5059997125772502 0.4761306559977366 0.47506832461357 0.5404011654966258 0.5259624216529368 0.5202920895203285 0.5100593750103302 0.47515379909692285 0.4680734074773587 0.3848697140970308 0.337981031329767 0.301367075544062 0.32624199584522934 0.3382607201138928 0.3295996135136449 0.3041807676713657 0.33269216361047543 0.36433513909196685
0.4688304965292232 0.4350975808584204 0.42609609054272624 0.4671541728026609 0.47810018866494464 0.510436076150286 0.4953474208996107 0.5026087112101718 0.5209190635311702 0.5599376493121471 0.5165384310990663 0.5488077181280929 0.5804756190340508 0.6125271011736747 0.5942848257468886 0.5935475109725162 0.6234470984245218 0.5929745885375479 0.5743232083453501 0.5873960128533712 0.5090990700464451 0.475002354031314 0.4702156848875311 0.5064778813406682 0.48381291611726196 0.472864391158111 0.42923457554135863 0.45984328918550105 0.5427912086833018 0.5500178987466752 0.5078188081739436 0.4801529978052486 0.4546469450832346 0.4242042238726039 0.39547917058716114 0.284049139740023 0.25837431790066845 0.2353353730760456 0.2727219229707463 0.3434852173597629 0.29523541341337306 0.33477910893722884 0.37888892656780926
0.4777978826130965 0.47643752752355834 0.45039934627893746 0.47545282969592145 0.529548936971189 0.5093797889691748 0.518070388503215 0.5642493059216013 0.5596315962702584 0.523640624291026 0.5502102478637815 0.5444382673666947 0.5587348444267722 0.6283543519622233 0.6335295556120193 0.6280065781248865 0.6190983668176007 0.6315784884971108 0.5777878721880092 0.5474550135724596 0.5555898185733039 0.501270867982293 0.5009051433127581 0.48155191455233215 0.49617369610665835 0.4281706452923894 0.43173159492481594 0.48789651866287065 0.4993458976765258 0.4957247152877601 0.5028137730566028 0.5102334357166735 0.47523794206374276 0.44521520604155124 0.38797463921905184 0.3436877653148849 0.28553744603364434 0.23449662259702042 0.274760183457133 0.3147716082553429 0.29534649906795285 0.3378805010267479 0.37595946500280586
0.505088765200526 0.44440095558233145 0.5111807195159641 0.5305036517045619 0.5622193047589673 0.5675474919259014 0.5837301441103373 0.5638993896110445 0.5719726676772194 0.525025261162311 0.5313229718470464 0.5356307910685559 0.6194182386156175 0.6358829836422456 0.6438635544771302 0.6077168306548669 0.5741505929267087 0.6105953589671187 0.6060784976028557 0.5930592032711838 0.5388357728844704 0.5596785292603245 0.560576128324972 0.5205692355306096 0.4714108274476841 0.4366837985684704 0.4468287981110757 0.44426227239368216 0.4805040862985507 0.5153996224281784 0.4824479864887583 0.4678209771575822 0.46468636634838706 0.4258479235243271 0.4100526287472224 0.3224101095828384 0.3102006678250519 0.24559072466080864 0.29369456438412433 0.2795938114123609 0.2975799205392972 0.30879238144762305 0.3371795645516584
0.5114607615628631 0.4918194881491457 0.515554655801629 0.5153346796988799 0.5760758095366042 0.5826811564202933 0.5652337070483051 0.531680767495303 0.558378056242652 0.5177494331440095 0.570653033441935 0.5791004616184485 0.6172463973886387 0.60173040837885 0.6191631961184746 0.6181688893273262 0.5880555380881629 0.6171646825523028 0.6129965577244799 0.5587539385246615 0.5556410328001182 0.5343601182049644 0.5423159439419591 0.5545179717251346 0.4949567464161265 0.4362220836700621 0.44228153162448264 0.4681983755274533 0.48582437621530844 0.4871082365296403 0.48673527844435815 0.4512720346020875 0.4688125231992645 0.4101830114418813 0.3768116068456942 0.35199330959698366 0.31081033077631753 0.2828145703817966 0.2615753606870668 0.31101876358593344 0.33095738857716217 0.31791174710293835 0.3373935065872118
0.5073338092815434 0.5447913761016411 0.5164654050602967 0.5500443505906816 0.5381925130260197 0.5315217342548607 0.5772640164677683 0.5442653805143347 0.5478686023496234 0.5196307869865285 0.5664850511442411 0.6208113792601018 0.6288567532814979 0.5708955231519638 0.5561271850796036 0.5319307448878695 0.5732876246693656 0.5369449659620836 0.5930352554448425 0.5824291015748626 0.5717386948270009 0.5564780631979513 0.5531744212326388 0.5782659407733326 0.5367594344986563 0.46251469957458446 0.45700561264686096 0.4295060611047445 0.42864325047018487 0.4278475997209606 0.4815275919770585 0.4774529489824462 0.4520122901916972 0.3914437355662674 0.3630092574707321 0.3808248450530524 0.3430891154280705 0.35388213641001787 0.3329212484591967 0.2970300296546082 0.2987081229556276 0.3116059718501626 0.3312722139670762
0.5617544460073409 0.5518130397475267 0.5725260945257772 0.5788116036865543 0.5403952725469993 0.5573172113453176 0.5550043701037021 0.5698446488087884 0.5380271088956025 0.5289402235508398 0.5815139992290169 0.5955057974950668 0.6286114798052513 0.5996004206666222 0.5860834152249593 0.5640453836209839 0.536485909442589 0.5246282955591351 0.5261657996221755 0.5613336629069692 0.535699580966156 0.5711566184814048 0.556548539148204 0.5534163128710874 0.518359276729486 0.48484280626625936 0.46041346091381813 0.45327708042390374 0.4809588114024808 0.48380476930431326 0.49127493597784166 0.4450628944099886 0.44888664862940286 0.3920809645418757 0.41807987326620827 0.403842419710986 0.3648740497036611 0.39267865084286757 0.3635855325492705 0.32774130374330807 0.34821221956688203 0.3647372997635633 0.37452501665473875
0.5393707129170222 0.6117700156207424 0.6200548037699765 0.6151863224312276 0.5956639711166211 0.5906027910552039 0.5614188097664297 0.6126369371514089 0.5797921089631741 0.5903789051217735 0.6217194232619898 0.6503527354314251 0.6289338905718771 0.5795270090598685 0.5876529656090015 0.5693617121738086 0.5774189404593228 0.542622886357094 0.576055898177803 0.5439426077572249 0.5327043565873664 0.5530203243753413 0.5542246163590501 0.5768966705102004 0.4987540006466739 0.4786678280066606 0.5307935176869173 0.5302053228134477 0.47159028218068333 0.5077123059013114 0.4953477864795827 0.47049724106003654 0.4758502193149101 0.40252224525030667 0.4466540407450961 0.4273197925543182 0.41578986287694797 0.41505795533914447 0.4308813183166031 0.43125534412475297 0.3777689437417567 0.35039227172859255 0.37387588057911736
0.5185830980288024 0.5709346952445837 0.6078963394338328 0.6220773120356298 0.6133976286573375 0.6112488145459601 0.586681232739541 0.5915581079828565 0.6324842797019478 0.6283998919712822 0.6125740754168703 0.6303394066646222 0.6542196019360849 0.5968330350795302 0.5903493578205489 0.6108323794318788 0.5781976161099824 0.5964010821375585 0.5930665776555959 0.5531683013984574 0.5656216913481538 0.5832924197535481 0.5793752733373493 0.5836226024765095 0.5242024458636687 0.5334664910824484 0.5251771537989174 0.5320321383693498 0.4959011916014848 0.548472158985655 0.5335983574639904 0.5259245337189509 0.4600847237389533 0.42278337452173276 0.4487433356810604 0.4463087334377167 0.4198074102291804 0.4583848047817365 0.434435491480668 0.45270400281956397 0.3927800846978003 0.3683285065569686 0.4069988371108288
0.5163766355985101 0.6070550285079694 0.5966299812274267 0.6031140785535262 0.6210730471371771 0.5719788170789799 0.5917814127026231 0.6052921668035439 0.5974272977947055 0.6466543218621331 0.6604787053732081 0.6447841786184128 0.6620835946213232 0.6500115402119437 0.6486023871918902 0.6501069798017051 0.6409476712600296 0.5771481304045822 0.5872232376821983 0.5817205099129453 0.535582754976486 0.5384664594591303 0.6067026154591443 0.5840442938830391 0.5561532498586045 0.5567835416503343 0.5737101788150704 0.5127165374832465 0.5392326276958025 0.5615802931363877 0.5690507754036902 0.5440200775663621 0.4902881926927311 0.44919643352946653 0.4700637307411276 0.43926936569066305 0.44530992274669784 0.5167652450597194 0.4553400220849449 0.4819750278148381 0.4380711212511966 0.3777494182125994 0.43019349698722537
0.5454639250304897 0.5813381732830958 0.5539472884557614 0.5823141204518272 0.5786721274749337 0.5733256184217532 0.5504222331279172 0.5840177746808296 0.614840221595195 0.6557064079143887 0.6539714328119228 0.6513026918079007 0.6334629868723766 0.6775352013952759 0.6849753300655539 0.6750613164300454 0.6517053057656437 0.5842467549782596 0.5681640093813944 0.5573016986600753 0.5616144910883014 0.5848893628482386 0.595165969265849 0.6266764871179761 0.6187189629635285 0.6242791405344598 0.5735347649989807 0.5507908295011396 0.5533835566358599 0.5661769500293358 0.5533628974828645 0.545851638589938 0.5239716069446405 0.48947384157201607 0.5094073195732929 0.5089728881396917 0.5015201681622189 0.49147240635261014 0.4717019689218538 0.4646278293949226 0.4928059765088885 0.4466471756119974 0.45942106393550525
0.5648765223971594 0.5755987289463298 0.5788406601876428 0.54084725895946 0.515840181963608 0.5467433569611377 0.5380467575692296 0.5627545605644904 0.598303829414998 0.6015729837674054 0.6040356069401138 0.6479518705194218 0.6377131726352151 0.7020223952509416 0.6798199096323981 0.680619115092431 0.6024315336428577 0.5708552568764061 0.5285062573534154 0.5529760606029476 0.5705345807312001 0.6163804682985153 0.573680462824078 0.6046476470124085 0.621014498449251 0.6321431455461481 0.5738802587300287 0.5477057252260825 0.5771599532589731 0.51436837792516 0.5481779551946343 0.49152645625253677 0.48488821827961276 0.5022594297286794 0.5035958703738268 0.5193428427383738 0.4944757815149428 0.48010605231276865 0.47799017147278844 0.5042862651934801 0.4967823992808555 0.5174114225107133 0.4840864629012811
0.5579397835183211 0.5348728460663608 0.5379976546936751 0.5363007773313382 0.5181632277491551 0.514931401944718 0.5459889301748443 0.593475519890349 0.5884660130454816 0.5702191607564022 0.6134489926551326 0.6223878115295237 0.653736260155946 0.7081434207870452 0.6863550353331209 0.6198067422911417 0.6023784079933124 0.599069553774898 0.5275644017002634 0.5367865890170936 0.594324777820691 0.5601183445946822 0.5648469646871122 0.586667496894592 0.5864467997188385 0.5868100443653497 0.6160062305850517 0.5975690996814526 0.593479261768763 0.594558504829767 0.5762514004989194 0.5449777743268467 0.5409084835197377 0.5118994103162073 0.5024322709589156 0.5360068697813296 0.5074963551805665 0.5039460882260638 0.4572150272937091 0.48835477148349665 0.485725315455649 0.5254022441361824 0.5271383580473972
0.6033645642676961 0.5703282208690794 0.5384147810414889 0.5416950006075313 0.5614441811079925 0.5384666022228033 0.5517743052073014 0.6032816942052933 0.6120355050906625 0.579811139602732 0.618445839521857 0.6144829284186261 0.653635699734988 0.6964613024029428 0.6578277196798231 0.6141352919684867 0.5956616533377531 0.5938158827886548 0.5183055491235034 0.5091811782751046 0.5196072317940236 0.5747919499585893 0.5885814265846804 0.5550669310651958 0.5724455707195856 0.6100623287642088 0.5922655108200018 0.597296124446146 0.5925537439223366 0.5976621470632303 0.57893209649843 0.5835364383294822 0.5680855686451203 0.544402520934044 0.5215197856714261 0.536169402124985 0.5022436918012478 0.44431650312239884 0.4925928749475486 0.48273598232233367 0.489554877575489 0.4866010739130966 0.5224214379598566
