Raster_benchmarking/Raster/continuous/raster-319.asc
NCOLS 100
NROWS 100
XLLCORNER 1743163.4015314893
YLLCORNER 5469289.349711109
CELLSIZE 10
NODATA_VALUE -9999
[rows 76 to 94 of 100, columns 0 to 42 of 100]
0.913190195969165 0.9120563853112147 0.868584522781477 0.8808447051132401 0.8760484816703531 0.8763470298653953 0.900241326906961 0.8707686624374282 0.8719370328991959 0.8563338669421772 0.8365709030710873 0.8054418942779535 0.7983234035905232 0.8400238012118861 0.853794091095116 0.8237465079647048 0.8201756659432263 0.845929845146156 0.8411239034191683 0.8594924027333166 0.8860815431797427 0.8219950387143701 0.8126192181709739 0.738142341422095 0.717405033071948 0.6669448803178344 0.6243815289681596 0.5965375361642535 0.6063214200812889 0.611655092796371 0.5736593138380698 0.5592051126792558 0.5669471842274788 0.5950940915560448 0.617619298396227 0.6200110003354218 0.6339273816733333 0.6389690081051035 0.6244823410779496 0.6170569509006962 0.6260031228245209 0.6128801776896518 0.6431620579880024
0.8852956671990431 0.9122271393193655 0.8486427763585866 0.8677759208426187 0.8837063362337855 0.8954834756878305 0.9142464675362496 0.8794462051208431 0.8622251634523304 0.8641470575721448 0.8647126934718273 0.8304388515637219 0.8386807177517893 0.8332017860248855 0.8346905879605627 0.8467566286544529 0.8522560243849182 0.8674066302691652 0.8536332341836695 0.8383006788971519 0.8753786219233429 0.846307943566202 0.7703269261068892 0.7351468056629211 0.7039287658373158 0.6825808070738347 0.6514241061777415 0.6371503747123475 0.6244907976104563 0.6077397572128368 0.6099316210909793 0.60149647412461 0.5533462648604182 0.5836484842426596 0.6044740359823924 0.6303511735634361 0.6420316967524682 0.6482953175816613 0.6512677356669686 0.6354133976368821 0.6010380370669167 0.645704745075939 0.6670908717424019
0.8814852047482719 0.9022526017030276 0.895994631405746 0.8730033217776219 0.89832262826485 0.912282022118683 0.883999886914248 0.9024780028296673 0.8737094125187055 0.8468150887481948 0.884706054145044 0.8829665577159989 0.8772125498120997 0.8775568619859458 0.8940003581220958 0.87651558187785 0.8377293975643904 0.8379088842709478 0.8774416322196454 0.8435572741481115 0.8458691569533289 0.8223718961172531 0.784806238312486 0.7349113418262125 0.7357009752541869 0.7190514989770679 0.6542811056692261 0.6223216967594171 0.589452993219456 0.58686688638613 0.5931121707310429 0.6189099600565701 0.5819416235225371 0.621398775576278 0.6337576176219151 0.6517665574297485 0.6537045372299374 0.6513563539421877 0.630603901036035 0.6354262409641808 0.6038642206497833 0.6278425713522414 0.6730889759941658
0.9143347483470714 0.911804754031368 0.9049233403271155 0.9121503209671287 0.911517649461665 0.8987022865289911 0.9036796903277701 0.9250898843727541 0.8801346726864647 0.8869337903260486 0.8547738008755621 0.8808201498563883 0.8733917643084538 0.8615801893308185 0.9016120117896033 0.8507440823476614 0.8393318996583049 0.8334523117713987 0.8918983746485921 0.8729212223710978 0.8322086018493501 0.8294105922731253 0.8097611316949357 0.7680998455830341 0.7434663921725255 0.7067414779606559 0.6941902976896034 0.6452785019965349 0.5914217513792476 0.5779686768203248 0.5811804770950355 0.6323613551443307 0.6316842889706529 0.6062499773496589 0.6342091754180468 0.6419961709699576 0.6330066953612404 0.6506759676257129 0.642913359441415 0.6348878529820738 0.6511435977203492 0.6497053809981918 0.6220910660683571
0.9177081692707623 0.9197178140453938 0.9035826570285564 0.9229117193804575 0.9283043682973047 0.9343150415956536 0.9416930011276754 0.9271753809647378 0.9140511825923565 0.8847506243548399 0.8809764808611561 0.9012714282532197 0.8725139445317956 0.8748723990270914 0.8875955696733543 0.860698652101377 0.8561018603290699 0.8637720285454812 0.8693702029074103 0.8617999022882703 0.8680488971352606 0.8306177623688844 0.7792719913505873 0.7334717519980832 0.7167433833835322 0.7041668835051818 0.647116619586605 0.6247246162375979 0.617420530556831 0.5846586636704425 0.6233020999549509 0.6214779607825686 0.6190660010025768 0.6139405556803506 0.6054189338267828 0.6212610888036829 0.6108580299227594 0.6457204855038301 0.638672223811519 0.6645323657720265 0.6471441766137971 0.6327983467567287 0.6218038032012407
0.9878189582761161 0.9437016375328705 0.9370171479556434 0.9422772189000417 0.9357745176491706 0.9196874285584357 0.9163732437812678 0.9245524193942822 0.9215622693131263 0.9049081639046563 0.9003405037853198 0.9190674867158557 0.8876161928893465 0.8819898855019893 0.8771664940408531 0.8369647796283677 0.856718174667602 0.8491200294363292 0.8946613566625267 0.8736199788896992 0.8747974141201335 0.8033796099561211 0.7830870711750291 0.7253802220632936 0.6937024083036515 0.6744365700473335 0.6257970957975472 0.6082425840722929 0.6153207930295627 0.6386957824492965 0.645192830602847 0.6416534509317141 0.5913479484160291 0.6199788473319917 0.6210101720232403 0.6263586456213562 0.6065834737775582 0.6187930263751114 0.6325451889215995 0.6149522143830461 0.631115533418884 0.6418436801032152 0.6210851848380156
1.0 0.9775656367190916 0.960587185451553 0.9672803854706843 0.9487159610246687 0.950700386202279 0.9368872752883475 0.9335488688859407 0.9498189064011149 0.9208397918385389 0.9053637456916586 0.898398762219695 0.8931031085590073 0.8918746159504256 0.8402338130388828 0.844346489160024 0.8292191529542043 0.8493054997867173 0.8691711991802061 0.8700134957190165 0.8472293758633651 0.801750135144444 0.7817912176481449 0.7473092647848207 0.6946531506780662 0.6617218781727658 0.6319952109209177 0.6316459241796953 0.6419029220090351 0.6386187695614727 0.6596494064240028 0.6124023088125143 0.5837266821267301 0.6139181618942035 0.6208250232140959 0.5975103553128042 0.6242641215535576 0.6100287883368904 0.6217726305166812 0.6062509542319573 0.6231556163206561 0.6082222122011139 0.6043632355269918
0.9731431433046138 0.9557329456429984 0.9374740596284963 0.9596173933791369 0.977343617712523 0.9481047110098253 0.9599693619344914 0.9444705055541106 0.9467383712268052 0.9551037636945452 0.9437764024288803 0.8864873854397252 0.8866829002798459 0.8599208269962707 0.8170894991824601 0.8262345176649979 0.8228613029917651 0.8128965785914295 0.8191314134846771 0.8221219447898541 0.8040388420716885 0.780763445835379 0.7869430478910324 0.7248104148880379 0.6819525193483661 0.6649140294210135 0.6700613405757112 0.6588239018778693 0.6708826945428895 0.6858571812414539 0.6430312184244598 0.6129659814393972 0.5957201254071931 0.5820276358701953 0.5579621962892235 0.5804715817315199 0.5896343568784849 0.5936724071558354 0.561660976773396 0.5834442408811072 0.5669444247583733 0.5420144053255076 0.5274132056021056
0.9529577510099202 0.9473305967453847 0.9571624929693499 0.9344201917916177 0.9633848570081525 0.9414508372882568 0.9630864914540989 0.95063615333468 0.9590345097451319 0.9498782125302246 0.9167461199631416 0.8996869391550095 0.856556898597864 0.8481007137046029 0.8437748645408497 0.8076806985555641 0.7988368786816424 0.8008360859675151 0.7790391014203152 0.779888023814459 0.8002377163472635 0.7767518142343126 0.7857996799931578 0.760605205683909 0.6981080107212915 0.70445283490981 0.6946073264286519 0.691990429965294 0.713284558710243 0.6907353708957241 0.6384391531958168 0.6171971330541842 0.6165063412004915 0.5994148270931755 0.5665702922760093 0.601019603220108 0.5912315952813562 0.5869274149674785 0.5568807356545873 0.5346811287132546 0.5413946539759245 0.5034026221569738 0.4998658213692747
0.9194070987793543 0.9108968983859109 0.9126075905446205 0.9575217065972745 0.9501015750039412 0.9408453163457668 0.9263765002425559 0.9233586476169863 0.9781563385498965 0.9517818586310229 0.9555137007261078 0.9147751968344459 0.8744236351555275 0.8470668149886691 0.8618219296900266 0.8142319702320143 0.8212997133637071 0.7922889579674259 0.7967081655490968 0.769318464405103 0.7862007081440792 0.7501835685293243 0.7361366014665824 0.7204206965105046 0.7405356303089766 0.7414106259038804 0.7303889268835403 0.7489960143030788 0.7630358310521091 0.6695269634534461 0.6441366603484733 0.6275245993976236 0.5677231929437718 0.59597836380121 0.5955802978676306 0.5794722673539119 0.5743791469978511 0.5956631605905924 0.5998033260859164 0.5647507782366182 0.5115477678986041 0.4850870109179372 0.45743090986333784
0.916871742382082 0.8972531219808068 0.9294352978611939 0.9606279122538084 0.9498604061283519 0.9273516902507581 0.9366708390412174 0.9295527553921253 0.9548875207537342 0.9450578763020375 0.9284426909076359 0.9105816485562236 0.8776563418963332 0.8847994011902762 0.842784744065532 0.8240934932154119 0.7802690840962624 0.8007231804540978 0.8156725238977397 0.8131352495305685 0.7751328129272488 0.7503852734761944 0.7354138242538383 0.7364639030936084 0.7212017609284473 0.7196301950136564 0.7156352258997444 0.7664518765365325 0.7114236338583513 0.6702855300933153 0.6415740169402382 0.6136664738804863 0.6120896351420644 0.6146510926558963 0.5814692259222287 0.6091734292544195 0.5769318771314808 0.607549005614063 0.6074020484367672 0.5872618078909109 0.5363124582475312 0.4968117325369501 0.47213340088093714
0.9105731364240561 0.9360483701410224 0.9419308498111938 0.954319880262802 0.9414996889776176 0.8973499241796079 0.8952960473985417 0.9036344283836404 0.8957579792969723 0.9154164116740325 0.8952409572321394 0.8898479281129154 0.9021472881594673 0.8499593205938545 0.8077694930415753 0.790166483947093 0.7759585660516679 0.7740195517799162 0.7991359953252151 0.8243043429189487 0.7936982560020843 0.751899089052998 0.7763375330410588 0.7702433239818098 0.7441921410428655 0.7522279130361296 0.7366747824842175 0.7510316778384295 0.7345038985392397 0.6855715558878382 0.638370176706473 0.6099400603599795 0.5997589278144922 0.5849772718587453 0.5961426056570042 0.6126034964073923 0.5865457463727392 0.6019374415282377 0.592882782339646 0.5849480539747156 0.5481340230385879 0.5043033921897832 0.4583734643766776
0.9344416428909046 0.9224739458067471 0.929653477066956 0.924630103666417 0.8940999148322792 0.8689758194543569 0.8586790014330213 0.8931410757042058 0.8961750969141733 0.8928790461371398 0.9047054634348388 0.8948430733664321 0.8948620778416727 0.8323321640919719 0.8340631475688295 0.7819647528813324 0.7854627375981476 0.7924558211246033 0.7959069616982886 0.7996530760305325 0.8042343108963212 0.7830562138645879 0.7769494303185341 0.7731565632963694 0.723624297838976 0.7201998187828589 0.716538563686503 0.7018813637341718 0.689907315339233 0.6972491754500832 0.6555884190757597 0.613003923025313 0.6174707685236909 0.5877628260429306 0.606459446361851 0.610340959746258 0.5840857067431907 0.604505014857149 0.5889772494760671 0.5630843144983431 0.5343425282522498 0.5057862087992575 0.4676471654306606
0.9009307891190296 0.8638002422158758 0.855783784730714 0.9056873781863504 0.8864061171114701 0.8546765224916537 0.8530815995520277 0.8901222836848871 0.9339919488126404 0.894890764743405 0.8725745881852596 0.8981505406595209 0.8689789604299509 0.8644241250195333 0.8270863210614651 0.7760487810456247 0.7942808485429912 0.7603326522170099 0.7444177822963512 0.7555148657139829 0.79242905318038 0.7729752440119497 0.7762130218479134 0.7639467771790146 0.6941411409030659 0.7204285976254274 0.7229617711416901 0.7112487620779623 0.7123328020357769 0.6691191866218642 0.6656463108457503 0.6404882104730217 0.604322783192992 0.6302650533158077 0.624300613975567 0.6223498273669594 0.5686329871432887 0.6041914411923408 0.5893065038102074 0.5790824162002717 0.5455225916190702 0.5204682488519415 0.5210204235123665
0.8572110572921097 0.8571678921965706 0.877516396438713 0.8629697221749665 0.8459257417083178 0.8368678389398644 0.8122988339351532 0.82706650039831 0.8887357900883053 0.9047861977067098 0.8993726615422261 0.9014977353971991 0.8806568738123712 0.8713809185866068 0.8477520334892988 0.7811711890651871 0.7471721791038681 0.7576220232795962 0.7640814479711663 0.7799781902086573 0.7927746437780326 0.7448204490095074 0.7630283185971156 0.7491397757987345 0.7400947679969362 0.6989292896330395 0.688684435368623 0.7053269346935412 0.7039823844192952 0.6893498134433134 0.6379458426117106 0.5935720561925162 0.5847970346636606 0.6023583447195126 0.6454311830007615 0.63539547650618 0.6294415051147625 0.6143345981214771 0.6150826245561717 0.5613472208751015 0.5232419809319931 0.543698713289888 0.502216975670872
0.8257256388915633 0.8324875985435892 0.8490607805820458 0.8271629827357385 0.8508659678443973 0.8227236975371713 0.8076165428885981 0.8132905818832815 0.8161063244934179 0.8377611353142512 0.8954796127698836 0.8753883010576223 0.8805770621882968 0.8621360744095697 0.8365444214972244 0.7969474515883994 0.7376087003277452 0.7510852208736577 0.7522222218952608 0.7788493015410511 0.7845122733779601 0.7597703007197709 0.725777653850859 0.7512067111443786 0.725050913823462 0.6941600902830211 0.6745703898868014 0.6976644954384794 0.6747645939144277 0.6636281786059947 0.6056881703886731 0.6072727743793525 0.5874750831370933 0.6221999750699743 0.6587826488243715 0.6793635782438485 0.6636143229097647 0.6459883118506222 0.5930734577754306 0.5580272805118687 0.5306830328218671 0.515850586856507 0.47658131457296166
0.8144551199091263 0.7936080862829281 0.790064344279728 0.8013187895262837 0.8310655519523589 0.8255670907068203 0.7858013364575839 0.8171072410241772 0.8061976410194197 0.8359252210938829 0.8538082909793733 0.8667185962658522 0.8674740957438013 0.8255206858209924 0.8116787006998791 0.7400791833239256 0.7438009395011338 0.7124101693322367 0.7159541947617729 0.7322491949073056 0.7175910748765133 0.7131098676816008 0.7343834637186933 0.7198808596759011 0.73102014225696 0.7005251452874399 0.6418122181584011 0.6667731262253214 0.626420390279606 0.6285544086112803 0.600151103099047 0.6246952027991387 0.623819223268121 0.6590384734863011 0.6821981760048819 0.6621234663018648 0.6510930113335386 0.6672846122842411 0.6261818776984683 0.5778625068429823 0.550509462463807 0.5013997781123903 0.4649290401309059
0.7562368125190325 0.7608740729850532 0.8149796517308966 0.7711281230351912 0.7590319125861825 0.7544890830439149 0.7829451642225688 0.8109291642249798 0.7797122148511554 0.7878645403774656 0.833977154792102 0.8286587787051731 0.8713047636809622 0.7994473383708796 0.7648120650490522 0.7284167643272109 0.7121375729851324 0.7080394301391711 0.6968191702419888 0.7202455603529644 0.7074645652149113 0.6799169372877055 0.6965113208908202 0.7117261634738474 0.7240489674070587 0.6710731362523613 0.6165736022235606 0.6491039120077599 0.6090205769483771 0.6285191301690225 0.625738849894529 0.6100940529481711 0.641256388960673 0.6420464525422719 0.6511679546455957 0.6376987669838989 0.6671205205357258 0.6587547085756122 0.6431421994115762 0.6149596653414423 0.5380035864426869 0.5205204239646345 0.4657896832926346
0.7599373063877102 0.7663904890967663 0.7845022074399821 0.7509015695826311 0.7631682864392849 0.744364818295414 0.7483467504645386 0.7844697125376047 0.7888849933843608 0.7892763781324537 0.7908936018062167 0.8050169401240621 0.7855109158936756 0.7728745729183161 0.7701736833516543 0.7570357472951039 0.75081658488024 0.7151778895795777 0.7117169772192224 0.7049998288715411 0.6859051511284444 0.705148736323747 0.6703503099282633 0.6758247527559323 0.7022294759206155 0.6689710650824712 0.6502916397023928 0.6364751010328399 0.6131937666755567 0.609632384436673 0.6151581464467508 0.6502379806209087 0.6334862990918848 0.6322587855461738 0.6494819635364641 0.6390324937804861 0.6578705573223955 0.6234529042559828 0.6048102867114609 0.6054209114510205 0.5856274221522394 0.5429633241007202 0.505126325965182
