Raster_benchmarking/Raster/continuous/raster-451.asc
NCOLS 100
NROWS 100
XLLCORNER 1743157.3990484376
YLLCORNER 5469284.365865321
CELLSIZE 10
NODATA_VALUE -9999
[rows 38 to 56 of 100, columns 0 to 42 of 100]
0.2461521824309951 0.2697126579930904 0.27851312684612434 0.3205171866600622 0.3162750812601115 0.28152756975634213 0.28095698931869756 0.32117034649389814 0.3467442177761061 0.3542276183439304 0.3480625582008262 0.3343277527669327 0.36879580279462765 0.3719783784458938 0.3560132862220997 0.348069557025326 0.35956841400773765 0.3597489864641067 0.40336232510036507 0.48075904171888284 0.4878875081177733 0.5452202563147149 0.508477141656725 0.5232165825579429 0.5615577540629794 0.5933463392316013 0.6129377185878667 0.6716052734948453 0.6503684562326809 0.7023544692839448 0.7446647257973779 0.7398003925278516 0.7113049682607014 0.6904452790189136 0.6723735024206962 0.724733774182361 0.7313272638661499 0.7277952826629154 0.7011685967606603 0.7030244326652186 0.705426739613206 0.7092880000038274 0.7033944513692048
0.24098883192020248 0.25366036016292975 0.2851014668297362 0.28319343237907746 0.30418262019865233 0.2788441693473264 0.2889179472929968 0.304640508199802 0.3407666314903285 0.3644344163025612 0.36808479854086695 0.3499773023620746 0.3256796688507724 0.32525127531061354 0.32993558604316636 0.34679705519216203 0.3259306932998541 0.34746328276259125 0.4149448975242671 0.4781690969547941 0.4823149471346499 0.5363940062004926 0.5417636059596618 0.5660098843519209 0.5907719278244001 0.6210182186634778 0.6229809434742931 0.6284284133828875 0.6581997023984416 0.7203984860452505 0.7296283360862825 0.6958712358285739 0.6883795271673498 0.6560400372733874 0.6721050324633905 0.6864611772017762 0.700719081427843 0.7053166788833662 0.6851153261123114 0.6736706840257449 0.683155445426333 0.6820579780648575 0.6930890237377488
0.23817086982701435 0.23097071086821686 0.2736675608724793 0.2780769968622286 0.28667279002559193 0.30613652235182 0.31718636230715624 0.32937003138707194 0.31209077721350853 0.3639358344520712 0.3496910557287972 0.321531190226227 0.32335942165887316 0.34252069247207195 0.3364383354750495 0.31973285500015114 0.34897449590115226 0.35371790278981097 0.3811445917269939 0.4601439545482852 0.4814039067600581 0.5322838371624027 0.5594715263824663 0.5596435568714238 0.6030269841525127 0.6364566429062332 0.6482400193362681 0.649607993420665 0.6991717559424268 0.7042545378925281 0.7129528236102666 0.7101770428702167 0.6951210801440458 0.6711665813562104 0.680117146355581 0.6808422961580064 0.6940981403836384 0.690494680701262 0.7172573454768476 0.6995871631374998 0.6815458512092571 0.6847725292550592 0.7149784492804757
0.2467494890625563 0.24101522553610907 0.25057412664505335 0.2237944257877301 0.2509556644980768 0.3026435216144895 0.28030478250338237 0.32448726067864403 0.3154935269103238 0.3635184668834154 0.351285007220843 0.3537218229092471 0.36013887756071916 0.3934463887409255 0.3852784712977506 0.3233054959381862 0.33052247991869904 0.3409033268837074 0.3876547243626827 0.42377955527144356 0.4813518900868087 0.531045537923712 0.5789381222829864 0.548140635743679 0.5691742569756282 0.577977513970694 0.6052187341525126 0.6617189710741683 0.6856623107148789 0.6861753010440093 0.6990875434789204 0.6809779726482961 0.7026083810547757 0.6926741797590421 0.6924104352840365 0.6770409946076033 0.6609579201955497 0.686045490339393 0.6981684830924394 0.6913977683627625 0.7267712891841218 0.7231092301917604 0.7240426231973769
0.22637309561020932 0.22634735035856865 0.22671434714317434 0.2070355356216085 0.23240563244242665 0.29665738498617944 0.2761666580926417 0.29801714759886255 0.31109551323809564 0.3657988173372176 0.39200979071332237 0.4025725784121191 0.4254944453876197 0.4170968067203535 0.3787896145338219 0.3568330167102453 0.359716296299977 0.38133630837972204 0.4045013072696001 0.44228949889963054 0.49408632152043763 0.5380611823301762 0.5908608082334518 0.5843823926661325 0.5844882879600023 0.596414413179374 0.5957934490379657 0.6263203448492819 0.6696785765348489 0.6599255203606559 0.6882387956610551 0.7152295976635935 0.7101939403992468 0.7079968414761229 0.6569276471696173 0.6524381679588169 0.6839160497798547 0.6905093951126062 0.7038010458432618 0.729360776688908 0.7337872513055218 0.7314087215512195 0.7157532357895415
0.18640045184032916 0.1830079224580859 0.19936644981274604 0.226018184657264 0.22777051465522702 0.24200769090898308 0.2561625224251548 0.2905678222690198 0.3509630045278955 0.3973579446883916 0.39856208238697655 0.40754658425534096 0.44405937990755784 0.43558677598472084 0.418609491320929 0.38742340423629595 0.40223430599686333 0.390523865480876 0.4063880965125361 0.4398279368478429 0.4668791891204342 0.5327360265286487 0.5978253289994311 0.6443610462416782 0.6470812748007911 0.6468916297593389 0.634832414051262 0.6403600577737092 0.6274309663544697 0.6443102235994166 0.6914265186560975 0.7211716948958347 0.7169529489340203 0.709740576043351 0.6789702129819232 0.6420668697861645 0.6534612322404779 0.6747333757406263 0.7482835580191751 0.7295322551383295 0.7435577001044024 0.7398339788914211 0.75553044749596
0.1401181718270013 0.11497694498465742 0.14865272815165964 0.17200629213125582 0.20464509292380983 0.2143645102182976 0.2703732780096522 0.2803251765489775 0.32292280772388166 0.37669220364854233 0.3946871514802731 0.4265813041988874 0.4349416153419383 0.45516116473960033 0.44974616433339687 0.43236825747382757 0.41403319750827494 0.39189650435446255 0.42945181657138565 0.4366857503348287 0.4826556460329239 0.5442003139586195 0.5943237804339625 0.6590502661096226 0.6581754367893117 0.6466057864691865 0.622381135404037 0.6508806798573699 0.6178354413837234 0.6475196737693673 0.6336710697291841 0.6593910908180106 0.6595030283990118 0.693786859477778 0.6742183389783443 0.623205488440725 0.6897050374171592 0.7003627019366253 0.7728198989279808 0.7996886273030119 0.7451862671450598 0.72760014193526 0.7184125596916846
0.1280939598484032 0.1194249338467394 0.17578337966281796 0.19388774983580884 0.18868475761750872 0.24264440122219505 0.2746174529501625 0.2696265681984828 0.35082552812540857 0.38379090811713035 0.39186087927353197 0.41244977956932094 0.44995751582355514 0.467771474279015 0.46201521511801324 0.44739414459648735 0.4298389112508117 0.4397493188822503 0.43525148304060907 0.4679950346073921 0.4843570456792085 0.5622464829292941 0.6004193310466198 0.6425508894289744 0.6243143746708072 0.6095959595189401 0.6425334093499216 0.6237157584824112 0.6168749384619705 0.6106599899846806 0.6184155771576192 0.667673554852086 0.6500720884023902 0.6324278887212229 0.6382761457226419 0.6570175651150572 0.6894286574413343 0.720586511867651 0.7445012339338501 0.7392895503251454 0.7760095017492691 0.7551413574756308 0.727211133930367
0.1333001681267909 0.12179237421249957 0.13338979649633348 0.19110296787638478 0.20141025499381174 0.26658980240108915 0.26515544876455077 0.2808949487159753 0.3318081424708375 0.3649703158420011 0.3828170234896545 0.4376185286179983 0.4432861326124724 0.44606711080820594 0.4784942768199243 0.45718205717210064 0.480347104966931 0.49848693618698764 0.4631582050369845 0.47672856567857497 0.519239796706009 0.5154115952943839 0.5542323093028788 0.6143449992641207 0.6048126259583417 0.6009786678426149 0.6043070871641244 0.6160172106453224 0.6201244787923209 0.594047801248003 0.6055257710687822 0.6682505664847405 0.6456417727487509 0.6505164615673237 0.6505984899873817 0.6895264908148979 0.6663536679504297 0.6814633170128594 0.689296260031302 0.7157470150809008 0.7318562211068125 0.765335765018064 0.7616083201935738
0.12257248677421406 0.1352615275066676 0.1318981861328731 0.16458882489008944 0.23747815514714565 0.23672951783791904 0.2728339200085159 0.30836470849537745 0.33954696233404996 0.34006028854951714 0.36150481601546464 0.41607357914780185 0.43504995138614644 0.4617271328458425 0.45021519232554386 0.4734285597657439 0.5086637157716802 0.5294850804005657 0.49605295771626723 0.4761346976378274 0.5007543043505299 0.5306915314159636 0.5565360547317969 0.5747843401154609 0.5793772246358236 0.5895674003177983 0.5914627780596309 0.6053820354150024 0.5949831745992815 0.59109422972136 0.5995635783768711 0.6457674908411853 0.6242697197894813 0.6380057023411067 0.617902962243817 0.6457301811066277 0.6876556779392137 0.689354831421258 0.6841311797290822 0.6900874148149965 0.7658868252682636 0.8044828578173409 0.8086790249545341
0.12303331144274957 0.11386372470637793 0.1669278825122616 0.18696046203332958 0.24731300606680293 0.2716564772463224 0.29936682802937553 0.3536655089430039 0.36767091327526064 0.35314424027459385 0.337575584139835 0.3645274276724683 0.4226889898458332 0.4646639864309332 0.4495529066309196 0.5089436124914766 0.5404494368366238 0.5243585454129709 0.4817211551219829 0.4670933559453213 0.5146010901196081 0.5383147184271481 0.5666157139862232 0.5501178666848541 0.5533550901771221 0.5703873783823658 0.5964094478776383 0.5985021503955071 0.6001196915397684 0.5668900531578339 0.5854494609294904 0.6092865242918056 0.5859590546415764 0.5882629728379398 0.6260018453357235 0.6347404243188682 0.6790600214668929 0.6564846645031543 0.6975375980656652 0.6825896933586749 0.7348413936950537 0.806350259229035 0.8154050578897468
0.12376085699196446 0.1286460888450563 0.17831281781324115 0.2291573717300807 0.2752132128279669 0.3264673425261842 0.35502922280818044 0.34511382451083383 0.36349813632959677 0.3728363717677403 0.3752717142677522 0.43565281738481904 0.4592070821716351 0.46966956804450916 0.47461693258689197 0.5115179514656605 0.5200069754409163 0.5356211588998353 0.5236148654763872 0.534016487682366 0.5391898818635482 0.5268087699576317 0.5477131397956791 0.5128474440117513 0.5327598922309358 0.5404032705720149 0.5538596198741107 0.5914085828314614 0.5810809164667833 0.5683509349476324 0.5919303574478759 0.6220056087706223 0.6225304602507866 0.5843841499523434 0.582687609028346 0.6028717824730567 0.6350810001512555 0.6475896516300226 0.6932005938087652 0.7335234382834871 0.7603236773679898 0.7813828112831218 0.8248958090809869
0.08262923417012041 0.13526568910576378 0.15233674913725123 0.22439215821140795 0.2717508578876708 0.3129335884702307 0.3731004594915873 0.373846821822481 0.38743497467263827 0.432647576920302 0.4504269946100462 0.458070374783262 0.4712385001051691 0.45494921928654514 0.4475446246097436 0.503138414905748 0.4860200435682189 0.48320584384906323 0.5244281841172111 0.5141945744051586 0.53808390113697 0.557626070355851 0.5632542895957864 0.5208410777008503 0.5339252658153744 0.5521759924940675 0.5792850285013436 0.5679347364913493 0.6098540814744332 0.6177557626449701 0.5939705770538963 0.5800497495170641 0.6027399754806979 0.6166857262590268 0.6009481850823379 0.5998876390811914 0.6601150629366707 0.6840373938845414 0.7173428154751668 0.694144858474804 0.7753579276778787 0.7824766943810852 0.8150098356470432
0.086227705423463 0.16359383245303608 0.16539251775605335 0.22298970449009203 0.27506835518404515 0.31932277715733487 0.3581710393576266 0.3879353650888622 0.3785558587761793 0.39995432936369596 0.4465453901303359 0.46209358940234346 0.4636080190257521 0.4604584457412297 0.4347539684999047 0.460656241250663 0.47491877742064054 0.4721093628775691 0.4917734974173556 0.49332577044113884 0.5304412132444686 0.5640240793845446 0.5377020299026242 0.5730651851109795 0.5800533555368107 0.5811328777626961 0.5786473099269991 0.582691921799364 0.5796368096241526 0.6058931096229292 0.6103629470919211 0.6247474389946908 0.60851989242531 0.6079545609091103 0.6313258070547892 0.6174983937438273 0.6626922773451731 0.699024468762509 0.7018917474843642 0.7431094283447518 0.7693805988984178 0.805828376169741 0.7797327952232581
0.10715459031861689 0.16623763862455934 0.18702274014904863 0.21848237218184877 0.2618211735710457 0.29927715397616755 0.31697796939143535 0.38818691437923836 0.4214357495185683 0.41697814267136074 0.43284322571125733 0.46085056649298145 0.431758352797046 0.40474707583757713 0.42152209301266713 0.4639449998212099 0.4474533628421441 0.4545961649946324 0.4733002583897086 0.44750221247048455 0.5131155450494401 0.5269883838019179 0.5704828564627514 0.5924718817153972 0.5680355615338596 0.5457336154327933 0.5520361154981581 0.5467584249709336 0.5852412562932898 0.5958254037922709 0.6310620414545688 0.6236868123308927 0.599328914683645 0.6193417389912269 0.6397786857271338 0.641189314170906 0.6686905367699993 0.6725004662688638 0.6896276051689846 0.7415308918084379 0.7698498221970534 0.7980824234877941 0.7911482117636793
0.10291792274003517 0.14783392363960451 0.1764752737755562 0.2397461800192189 0.2646385539729085 0.3026445710155612 0.31860757240114956 0.3733947666112709 0.4042352119377399 0.41231498974488734 0.43292062981667945 0.43821590679598893 0.4389468199134335 0.4355137458636013 0.4064934135885493 0.42140278405649106 0.4415900302367721 0.4720719193921592 0.4761564136935633 0.48150741097958955 0.4841397123020686 0.5075415761588787 0.5829181435509989 0.615090931817911 0.5972078069245343 0.5643999778870851 0.5348803331052546 0.5467643443957936 0.555878819819378 0.5867311896304229 0.6320053782504252 0.6266026034833163 0.6411527792070422 0.6354630509454958 0.6306473393637406 0.6430278815705853 0.6491727201166335 0.6648968988504843 0.7046716076630375 0.7178012602551104 0.7414465297967486 0.7504591131778509 0.7681742773632869
0.12330507213002151 0.12558447939930573 0.15325868726402375 0.21740555957360982 0.2207247949817305 0.30238559627691 0.2996576412053762 0.3229470091283062 0.3661993470644852 0.3846245653331117 0.4123909663777185 0.39622079242396013 0.3864762838212508 0.4003808264896427 0.39233704065257424 0.4331534323596485 0.4549194751602769 0.4932307592896451 0.4708275397205691 0.479574705802046 0.5290364652595873 0.5449635192898997 0.5794261800009893 0.5896158341733457 0.596312523394225 0.5847404378035732 0.5645735945050028 0.5627337712764163 0.6137915409089143 0.6108970031419343 0.6098725506113473 0.6479476659724268 0.61552688593224 0.611732239692095 0.620834270412721 0.6239226606706942 0.6706857225041872 0.7004665699660689 0.6838974786859287 0.7258395455254526 0.7172296457959488 0.6983675794866594 0.7164460436665864
0.1022347455943331 0.12592130649660532 0.138314801816409 0.17872314312101148 0.19300785187148065 0.23527064893290098 0.2560860660735952 0.2703297971994201 0.32697808023052527 0.38119810322304803 0.395211733249432 0.37398517674677023 0.41475141569369767 0.4006498055517878 0.4232008036373858 0.45455826408451383 0.4549835566175087 0.4742487677727613 0.5287213594517924 0.5247763786730745 0.5440480810567464 0.5730100652839615 0.5910854288126667 0.6038035525387413 0.5532474633284381 0.5511381247956588 0.5903493877463741 0.6243431239849114 0.6183338407483301 0.6240936984646352 0.6057954495258954 0.6116936679927972 0.6059990953010808 0.6310466099844638 0.6017626979662362 0.5907182283735707 0.6234917205586039 0.6943852263637067 0.6952816233403293 0.7101370271477384 0.6899830774683039 0.6996795489961595 0.6824854643403622
0.0857999399498596 0.086522511919711 0.08909711999928965 0.14124892526484922 0.15405240472739626 0.21835362419998697 0.25178186368318395 0.2826162205538587 0.35697705196336155 0.37634062193740564 0.3933491977349785 0.35991723833419187 0.4007511762033143 0.45612119390345723 0.4388411557949158 0.47615252043780354 0.46267583108695454 0.5152115635750852 0.5370970589818218 0.5232014956820347 0.5428204113457478 0.5625153928700776 0.5531654497045179 0.5766433582278245 0.5357670266059897 0.5401097674522551 0.5947911138203086 0.643613623916336 0.6399987598784243 0.6161676345785696 0.6000501934720734 0.6424413779910433 0.6113232800477421 0.6275366272830837 0.6172272602639634 0.5959800419503033 0.619714627509714 0.6503136674843057 0.6819850282601073 0.7064421108282078 0.6686430365736457 0.6730818099180079 0.7068072547825422
