Raster_benchmarking/Raster/continuous/raster-373.asc
NCOLS 100
NROWS 100
XLLCORNER 1743165.6399122032
YLLCORNER 5469288.298421741
CELLSIZE 10
NODATA_VALUE -9999
[rows 19 to 37 of 100, columns 43 to 85 of 100]
0.43269294922782464 0.45073556454136793 0.4724937863953062 0.45761712648490116 0.4491688843271314 0.45169996117452443 0.5084882586556537 0.517108422768051 0.5268748047711526 0.5665418232088724 0.6053404944327524 0.6161816438152871 0.6473067339221762 0.6249803930978358 0.6212117786845862 0.6389244186718572 0.6810022009027077 0.6456320410005735 0.6423496322049248 0.6335445334403288 0.6410255978322668 0.614496222694658 0.6394860159690702 0.5947780607931327 0.5389184460911879 0.5580438594230054 0.5328787658545842 0.5225625182238908 0.543552485158068 0.5106301665215364 0.4789416020019443 0.49883484154904584 0.5050602619980222 0.4549650389726756 0.4198959030539699 0.4483293969787882 0.43706042080988655 0.4059242001900212 0.4170334650284278 0.4661713112701842 0.4831217720962244 0.48527888031881256 0.5010884961331925
0.4622956376567729 0.4567740859362085 0.4524050008106393 0.46378776712596037 0.49069939517338296 0.49067454274690503 0.49236630440413126 0.5287527216639595 0.549284717967731 0.5281445757271694 0.5931766659301069 0.6166859893561819 0.6244804352525128 0.6495218268166907 0.6277897828476976 0.679818693869687 0.675632776803982 0.6553376468663455 0.654013111258247 0.6403131049919725 0.6377392934340231 0.6111799812813532 0.6121439573343372 0.58028820096005 0.5487675570699251 0.556394725937358 0.5325330645198812 0.555390692253634 0.548207587058826 0.5499310108836885 0.5518744371122912 0.5290379283098962 0.5280859332721154 0.4798943640790883 0.43804707388974423 0.4453047721588783 0.45895282206768173 0.4433191617932037 0.466568298471698 0.474130946873429 0.4612935299272724 0.4759900290365729 0.4646214004696796
0.40964469543829596 0.4485808095979126 0.4197878678961159 0.476604774091062 0.49413186274063287 0.478560972366974 0.4788378120988077 0.5280765523589478 0.510482781313593 0.5589719450528199 0.5695442679758541 0.5761985937250002 0.6058560043290203 0.6562151981415834 0.634086753137326 0.6856965675521848 0.6909685706464054 0.6754672999970315 0.6482672999516428 0.6387234098758416 0.6139289556591683 0.6266590371157601 0.6291899554003354 0.5961098177265238 0.5852564855208776 0.5634635317834252 0.5790368986068425 0.5389759849569066 0.541887268204165 0.5771467195743026 0.5597614744749979 0.5148972304223933 0.49249237057494244 0.45921741199004207 0.42890942843353147 0.4401710505975325 0.49932241040242115 0.45748766825337767 0.4885548629362898 0.47668292698710985 0.5062439838090437 0.4679899192677146 0.4851145518868777
0.4134935902294314 0.4342341804080892 0.433198642406581 0.45951046038838333 0.48607640649638595 0.4943062061967365 0.489956935190897 0.5544718262178985 0.584640477671126 0.5531654801214886 0.5755930134923402 0.6080231096073497 0.6259444694996522 0.6633004331062087 0.663870369397057 0.677485898001001 0.6764779347016834 0.6606508813806854 0.6266706881182045 0.6322175524556386 0.6360217993383865 0.6460578436617851 0.6484215915338972 0.6099660719594865 0.6196048978826295 0.6090777097456214 0.6179699215014156 0.5799265039317677 0.548343203300253 0.553628404349055 0.5456386286332385 0.5006553325122527 0.4708272015489749 0.4775763617155202 0.4331188896931501 0.43765600391849313 0.44279054600289364 0.4681811496504794 0.47003674455440814 0.45556096578774946 0.46924968980950427 0.4810644104149508 0.4802224790022542
0.45232450169347393 0.47287804362624825 0.5004856939100498 0.47731763647347364 0.4987372811661474 0.5021704025410809 0.5345122100913647 0.5677540915812204 0.6139618086647789 0.6017445519791986 0.6172944132235516 0.6594501935298818 0.6684800049587794 0.7053145159187307 0.6906033876109382 0.6793632645230747 0.6877804915497245 0.646126090703934 0.6428779031953623 0.6707573645421285 0.661073284977105 0.6612832504385414 0.6821540058754372 0.6244254885427531 0.6297321414447422 0.6266383831286441 0.6406784089413566 0.5849042851523107 0.5999111872703763 0.555628972262339 0.5393105323262274 0.5318301393253069 0.47308369725307614 0.48892224752324054 0.43592372203338847 0.460767066252415 0.4635326256445515 0.4615103774430605 0.49715329957824334 0.4317790289847963 0.41567740731269043 0.4294131661707999 0.4272186458175619
0.4664868516867355 0.5246094312911083 0.5400841423089313 0.553965822206474 0.5282870079665024 0.548267301452078 0.6083978392662083 0.6189099513220883 0.6422855317937589 0.6431542832523108 0.6719572028801631 0.6877381727651253 0.6771231305492998 0.6970118004115362 0.6734820682350562 0.6733382165131343 0.6997008284001281 0.6439091564888044 0.6545527173307376 0.6641691232165413 0.628685342016878 0.6469644597063922 0.6737578558082247 0.6602242842139809 0.6307231566966452 0.6372441342826709 0.6488331660388132 0.6208570948044613 0.6063080424380602 0.6037507804735261 0.5678894155877159 0.5608497316762932 0.49069990042544115 0.4859634113737844 0.47659902869386056 0.4920059584901535 0.48560182488654063 0.5089258939614065 0.5137631166522171 0.46604244935478 0.4533426858334875 0.40752072087642366 0.4365534668214554
0.49023977742376684 0.5201930474397636 0.5484900878160754 0.5816025201488 0.6049640428605159 0.6217089424198721 0.6426377085377198 0.6429589316929989 0.678791708616912 0.7030047795016063 0.7064597438405644 0.7278778893558588 0.7028930934221542 0.6778870419886177 0.6546163183038706 0.658144024070375 0.6899538644836111 0.6621268912611752 0.6628724239615644 0.6259656909735678 0.6246898287318726 0.6440049893248858 0.6749332086286243 0.629633133796186 0.6616066768658238 0.6252434265775677 0.6408377581926776 0.6736418163553453 0.65846045427756 0.6215493214055982 0.6254730793743402 0.5811404140613369 0.5389161216004118 0.5287960518201662 0.5010095934436347 0.5210448026023142 0.48706778140047613 0.5176353728952178 0.49280085343953806 0.46801901543912605 0.4398213137722095 0.44780397462900395 0.4498818036566604
0.549434030280107 0.5546941522116827 0.533546808706732 0.5867250301634459 0.5816244018223291 0.6373065983859684 0.649737458415783 0.6661754045125793 0.7043038909945393 0.7316819973768567 0.737988575041603 0.7128102406018747 0.7320160657241994 0.6884870693279553 0.6521308977112062 0.6507452239745553 0.6638852688716766 0.6675988094964527 0.6321292620953511 0.6460500368609473 0.6024382450748861 0.6196249082066254 0.6182153522473177 0.6273875661362585 0.6237518679370632 0.6626913359348096 0.6802054803546514 0.6873084278440643 0.6770950422655461 0.6615042611179608 0.623133673957838 0.606858299208419 0.551715130911263 0.5340279057107218 0.5569417791753706 0.5304008957154365 0.5457705795518661 0.5176368643345851 0.5584716825513059 0.5500815667748823 0.5122979202263487 0.5113225785861895 0.469479051424973
0.5775124153790183 0.5595577411239445 0.5439156309335335 0.5991966768968695 0.5829572022875856 0.6494556978133113 0.6292656828008133 0.6858462066066738 0.7245904300019069 0.7370072364957461 0.7299146564682562 0.7191173942832619 0.7633934860528723 0.7143988891577577 0.6442145554061631 0.6217404115198341 0.6394792585060525 0.6205821808916947 0.6173377987409048 0.6467810102566189 0.6085630665063707 0.6119325139285803 0.5871747114424553 0.6367992165217204 0.6409213912905507 0.669052132161485 0.6822440038842037 0.6941344814584863 0.6686172316147382 0.6459388334353277 0.656385800054198 0.6243906438530733 0.5881018927236124 0.5762923416893669 0.575069964418017 0.5641419452379388 0.6087058143611889 0.5523166004862228 0.5875815649534951 0.5921442021394974 0.5821219106281399 0.5549036039682949 0.4922840278804241
0.5719713655882169 0.6049829868922936 0.5978342012923346 0.599718949830736 0.6203436200391588 0.6611860699658636 0.666215868309873 0.7102730420353951 0.7276373455918498 0.767642421757583 0.7587413435794128 0.7777608597899275 0.7423854163465791 0.7128221218630625 0.657146340250265 0.6450021908778435 0.6705912919628098 0.6459376775935494 0.6388053030839639 0.6331232075402131 0.637921265095817 0.6061173287831015 0.5691663086565032 0.5949124472854717 0.6447889564344087 0.6618379529332943 0.631079322691559 0.6687244292908546 0.692629496169527 0.70011974053278 0.6798188956390998 0.6480162740701029 0.6077112142790388 0.6156102429420678 0.5978601380974587 0.594875677432043 0.5969780382322813 0.5724457941797655 0.5467970393115175 0.5722118099896238 0.562850180557591 0.5671287933356404 0.5630011164094317
0.5969667335649648 0.5943639283524572 0.602137264263009 0.6438286749375549 0.6468496092787842 0.6923212494585846 0.7252691240933375 0.7149605561954965 0.7129039428294297 0.7454989766623421 0.7972702872088544 0.7611609788894524 0.7648945932284177 0.7048405597465697 0.6911037646292354 0.6443512316739469 0.6608848622919054 0.6736173476766206 0.6801364361939132 0.6390870995200049 0.6059139417781358 0.6065772761972963 0.5720203502487001 0.5775742778072572 0.6115139090190808 0.6403601437493144 0.6132674411185768 0.6507549995742504 0.6887753119076949 0.6941477567964834 0.6798364791883224 0.6555909130839136 0.6847289045531392 0.6416128099723268 0.6230569888920032 0.6423720581490637 0.6241795769726081 0.5954307830419299 0.549561091033871 0.5333372703284308 0.5414906534029126 0.5900948470574475 0.6010581477398086
0.6140308646058333 0.6448108944694134 0.6634726295972395 0.6330876072635393 0.687533091386449 0.699560544494963 0.6948949397788269 0.694339713918887 0.7472935786876139 0.7444230368614534 0.7403387482614424 0.7984488046538146 0.7824568384137502 0.7219516247218606 0.6787672116750108 0.6747210536831875 0.6775378672054577 0.6709178762480941 0.6462499787381785 0.638319395765968 0.6277461800789383 0.610485885403214 0.6073682854937912 0.5936211612858157 0.6126916490351652 0.620145828492715 0.6412881058207033 0.6371969564744057 0.6698780272390242 0.6570693655336859 0.6567275781808627 0.6579566439326607 0.6776556249775334 0.6298598733372343 0.6299028890913638 0.6395013599084692 0.5991073427088038 0.5639294754172601 0.5728373048407781 0.563522212142583 0.554892194327479 0.5917769450519575 0.5942327645267835
0.6444379092139472 0.6849175773959643 0.6928770250970209 0.6964872292527765 0.6948493764796968 0.6893052018344322 0.6744294939833083 0.7107166782410723 0.7331404746370961 0.7153937881336866 0.717985539465198 0.7554289722843363 0.8170311326415683 0.7347942549501976 0.7143660087910902 0.7348903623103515 0.7165217651628235 0.6801114354880238 0.6706801187502799 0.611603450149576 0.6000587734018477 0.6329516483507485 0.6281295467181074 0.5834435883279002 0.5870008715007077 0.6310925233833751 0.6538608393874586 0.6183208750480451 0.6550426182927117 0.6378013604197587 0.683329164749955 0.6969243418750299 0.6687837070260092 0.6332043268059127 0.6419243760975939 0.6316966578026654 0.5826265016950486 0.5870128859248783 0.5791791966519237 0.5927060849295448 0.5678020957042503 0.6147507790934033 0.629494766080257
0.6306521766742469 0.6559655278941194 0.6839123859444703 0.6602489985925633 0.6747327333312874 0.6613181140642351 0.6620235191403916 0.685951971772592 0.6935731442812966 0.6876249192373118 0.7056396649734056 0.7342601839449714 0.7496639788589459 0.7641392371362008 0.7184203886076059 0.7338864389427684 0.6863342264816364 0.6980205436792453 0.6672884552197966 0.626011619342715 0.6208002242393117 0.6041347057121379 0.6195763950204732 0.595509043447619 0.5939879457867777 0.587832582874219 0.631613218722771 0.6279705254235147 0.6314348973340925 0.6269898982933572 0.6662466984184138 0.6690366208065194 0.6310983021254394 0.6549060294322655 0.620034203306121 0.6173383118392706 0.606587751244935 0.5677406971111992 0.5677215210890286 0.593715722143533 0.571253220262899 0.5753174599593228 0.5979997127350126
0.6350651828295568 0.6380010179133296 0.6551877392239459 0.631416461003547 0.6644688317337842 0.647227989241122 0.6780465438393911 0.6910274583660344 0.6941584350912287 0.6878090611895333 0.6878404232119361 0.6780077231247655 0.7172054638029661 0.7248552678207634 0.736267540739999 0.7284002416599573 0.6912505611803481 0.7197364179790007 0.6825914328726791 0.6092176712351199 0.5770218065540552 0.5650828859344277 0.5798081449888202 0.6005040657824092 0.591490225209718 0.5871923228644599 0.599183367792529 0.5844992877857274 0.6098573581877224 0.636910574423657 0.6535603507681579 0.6184014083323214 0.603034533945013 0.6397610723976138 0.6066420574024745 0.5716567096449875 0.56136792457138 0.5796548509651805 0.6059335761594702 0.6082411062521192 0.575411572191163 0.5603145066995392 0.5609565301419297
0.6191318492953658 0.5989536614745417 0.6024440833496767 0.6401440486140253 0.6184470554878015 0.65685334526409 0.6556940808238412 0.6527144793489601 0.6666984243275278 0.6351637073772899 0.6288798792300608 0.6418530492792699 0.6530454168912038 0.7106186801993681 0.6824752688688162 0.6860865913879127 0.7161124455320188 0.7123391827246339 0.6853971242352959 0.6328646191645423 0.626388736119129 0.5894926654252776 0.5726438578673309 0.5684074430447323 0.5599221867196131 0.5820991877610905 0.596302307946338 0.6027922449385733 0.6352975794306771 0.609255532783558 0.6174637470301725 0.6150968652377878 0.6128458790260443 0.5965173194876351 0.5619647397398898 0.5514754589037778 0.5692779447929551 0.5529650584266236 0.5845862858857271 0.5541400135539045 0.5637656230236777 0.5775285492998306 0.6026595485865616
0.5986989227226949 0.5959667439997005 0.5843562821088284 0.6294073181341137 0.581058001610473 0.6182257625681662 0.6315591892225092 0.6072948994440928 0.6287186514380122 0.6150946502108589 0.6170610228619967 0.6356809852725447 0.6161217120999672 0.6861107637916153 0.700634515308199 0.6874037700492671 0.691926673366064 0.689956957193588 0.6753260172886882 0.6401453423100701 0.6155209623541366 0.5811718107266426 0.5438356095992862 0.5231685527453089 0.552248340788988 0.5743961363437842 0.5633461427533389 0.6051404838277311 0.6246615478453013 0.6300382703289796 0.6337140776791402 0.6096208686546623 0.5593828400219556 0.54138030062761 0.5540031842920463 0.5225649551402465 0.5284165614893577 0.5456863432325421 0.5355755893508077 0.5464609626483179 0.5988004931608466 0.603415079725864 0.6071161619091354
0.5813492311072993 0.574852788398709 0.6154007499160371 0.6100808665615344 0.5650430108034522 0.5852166370457424 0.6045166991222607 0.5952044923738721 0.6055422303972269 0.5833853668409095 0.624224608011912 0.6244629961294256 0.6325851212446096 0.6670197317262867 0.6784456803312848 0.701508660233864 0.6974415397093005 0.6991345271669376 0.65065469807163 0.6448737127358616 0.5918237318315992 0.57945697570933 0.5872598306158797 0.5348500149198893 0.536254442793782 0.5436974361058886 0.5847422415678907 0.5813544633790556 0.6092831576624776 0.5908581194264371 0.5691476879599747 0.6028869595324824 0.5804334578171134 0.5628274573300937 0.5480674538454487 0.5551925668951404 0.5612324424299193 0.5142015894547799 0.5287154279421141 0.5134363091897486 0.5462362965848654 0.5377050923708341 0.5588348759106656
0.5178427260544481 0.5627221603530163 0.5900751258360722 0.5765724485191625 0.5780628564036252 0.6014669840910334 0.5860337359787242 0.5667658571791856 0.592687923438951 0.5865374260365881 0.5802854002069274 0.5982994804970808 0.6086732486032351 0.6295088818986064 0.6607498858203 0.6787658452729414 0.7082469282541713 0.6519899766193507 0.6356239784397187 0.6210471999875584 0.6277300622075729 0.6191749243359871 0.5860370921865254 0.5468811503409495 0.5235924083174283 0.5532748712982679 0.5639844771917237 0.5319157566552534 0.5558284705442039 0.5863918073536208 0.5443097568183252 0.5692271299219237 0.607292333474456 0.5811818072472522 0.6143234842038668 0.5852407711023767 0.5760865080360018 0.5358930476520765 0.51661836592107 0.4975848691934479 0.5022560125580441 0.5064976831271404 0.5424162726257221
