Raster_benchmarking/Raster/continuous/raster-346.asc
NCOLS 100
NROWS 100
XLLCORNER 1743151.8776306645
YLLCORNER 5469290.319375314
CELLSIZE 10
NODATA_VALUE -9999
[rows 38 to 56 of 100, columns 43 to 85 of 100]
0.6329915605728511 0.6272497460998514 0.6819889169365314 0.7245003423973359 0.7258979691036518 0.729219870857751 0.7421837305493395 0.7169588492754225 0.7195311551794155 0.6544616838795165 0.6220980893076162 0.599865996708326 0.584515406362477 0.5975841982924059 0.5642047671885463 0.6238307411335351 0.6182224085935435 0.5901105802890408 0.6042504859457213 0.6310523407424201 0.5837257981244339 0.6362281479515798 0.6528900409226261 0.6494877884923455 0.6409896613623816 0.6471201578941832 0.6518828364736919 0.5998003648295602 0.5985812322880493 0.5577910899638312 0.5798439568103889 0.600961478596579 0.639318962749862 0.5740797858184541 0.5621792681632252 0.5869459564387011 0.5358772856653917 0.5200445488734137 0.49250417031356475 0.5236017156249996 0.5334292604828912 0.5401037537527906 0.5359017020003465
0.602418972101398 0.6237612109202234 0.6747395256449435 0.6961102516431761 0.6993238208791118 0.7056745211998015 0.7313131076658101 0.6991150743855832 0.677846577954481 0.6553617932297204 0.6323578487224509 0.602014418049138 0.6175385726421748 0.5676496132641051 0.5920057576213221 0.6168677017519176 0.6261594658387308 0.603503829976342 0.5830487875010822 0.5856588793499053 0.6198542139486473 0.6139766857994772 0.5954085510238358 0.6160678121796384 0.6223843922174513 0.6038103682845316 0.5844258111372774 0.5970244852977555 0.5716924906595244 0.5559376153933046 0.558230722529838 0.5526086329577503 0.5680847183513521 0.5792233889422576 0.560894169263922 0.5770434818567334 0.5707649452567022 0.530761841124719 0.4869354816225029 0.4966580924261933 0.530051291303751 0.5354231117234641 0.5536681374795015
0.5861268645309622 0.6224893767980135 0.6927566638479855 0.6714050815346545 0.7109876183250605 0.6842684915523918 0.7107135447487649 0.6982979024554243 0.6944247830146763 0.6816855585358351 0.6349604490118003 0.6565891634401073 0.6537360169471725 0.6191554135709757 0.5728399698081315 0.6108408633336455 0.6557029188578848 0.6140460259882663 0.6427831751796711 0.6299742227268961 0.6081388155007353 0.6108070436884522 0.5684394006290152 0.5771358789506473 0.5669696346466551 0.5960761542115817 0.5942083391871809 0.5678032223870967 0.5510167188958331 0.5639142405528779 0.539868149505108 0.5567297878153948 0.5578259347553483 0.5580821504552316 0.5770102349216105 0.5987371581458192 0.5749717054556539 0.5229799423757098 0.4799533795498442 0.5039648209813739 0.5453211594231009 0.509100240286433 0.5286689113171861
0.6205074245984781 0.6078274798939799 0.6400200471896917 0.6345106683465209 0.664196042773559 0.7074488522762443 0.7147206057800924 0.7084724740534548 0.682858728351585 0.6458652430232195 0.6337384160194685 0.6367705934092855 0.6418240026881692 0.6174319860078386 0.5992903043336035 0.6367927386026322 0.6695201430364595 0.642531948607627 0.6217736414797599 0.6003146014124431 0.6140457587862269 0.600017632080339 0.5445365195322392 0.5578138239296244 0.5624755795666402 0.5935948247551733 0.6179903778925987 0.5886670565687143 0.6121166285333 0.5738655273978398 0.5704409754778066 0.5739249505080839 0.601556089176037 0.5638268978102543 0.5916616316831169 0.5756287004630816 0.5531144757414337 0.5459930404452196 0.5366162886386175 0.5178318626984265 0.5246731523268006 0.5063258519644009 0.49423243653958465
0.6189843352665078 0.5862865714020171 0.5960554361809455 0.6097486354534478 0.6383615380482818 0.6358246582349597 0.6594995242177077 0.668727442844692 0.663061951808374 0.664072765697336 0.6319637886327836 0.6314793160966313 0.6463432396193887 0.6417263835498765 0.651016846758188 0.6756140359123995 0.6507464352345861 0.6607149977229881 0.604619858252784 0.6132267012064105 0.6181895435805966 0.5902602680717143 0.5618071230724273 0.58048013944189 0.5893030229650994 0.6046732946195237 0.5955686109827577 0.5895439551831225 0.6513467656908654 0.6215444367919024 0.5969449709156534 0.6073985842760622 0.6186766665089041 0.6027536285158042 0.5592352932758131 0.568148955290619 0.5799481014281374 0.560897727015994 0.5787155854790809 0.5297980307666165 0.518172110460043 0.5042505640350723 0.5318207947080613
0.569209779075082 0.5736258456990195 0.6154094227200712 0.6317199348490626 0.6260344942692772 0.6528030199067589 0.6601447797012276 0.691641979937405 0.6947352210961057 0.6518110577993249 0.6526067215671136 0.6475389839452813 0.6612728407365743 0.6793728276664344 0.7010184673599847 0.6761626919550098 0.7114706174547404 0.6809149768205883 0.6458444252505348 0.6580077495236304 0.6450000671899673 0.6091556451907116 0.6229990782727699 0.6208331537232493 0.619965493617432 0.6272187390689766 0.6237220134736637 0.624334294762313 0.6215190683377867 0.6543526952085028 0.6284528391940948 0.6102072870166237 0.5926959365506036 0.606815628778111 0.5580385607422859 0.5700371565910686 0.5614835396446187 0.573694010675151 0.5858791759589055 0.5423839149931684 0.5255555462132436 0.5166477887795005 0.5372860155211207
0.5770774201989819 0.6040665715603278 0.587399605155631 0.6272136255866819 0.6879683431750785 0.674995895719527 0.7185329433098361 0.6866283883531553 0.7144562365709088 0.6635299556780357 0.6803466102784466 0.705744683085392 0.720457547165377 0.6994506899044176 0.748769606501288 0.6976760104244384 0.7264775602656973 0.7237506392772746 0.6913946013399812 0.6577945410163739 0.6496091935632748 0.6211681000672733 0.6635863168452272 0.660224554563615 0.6689175508164256 0.6637122296912077 0.7029322234079114 0.650645469658264 0.6413056048118174 0.6713614761289093 0.6540905700533617 0.6502652841574014 0.5885413680291879 0.599726221636153 0.6040291450482024 0.5929060791776659 0.6063932103431526 0.5907301822968309 0.5761326016327887 0.5787246782136859 0.5849181596660604 0.5855907438441003 0.5368033320287178
0.5681847705320884 0.5922573038084826 0.6154555803914531 0.6285107460195655 0.6577446164572226 0.7056136206912401 0.7071304079627954 0.6823183147777646 0.7091948611047013 0.6599542350550307 0.6541144406402639 0.6755849066043383 0.6738333803369512 0.7204218893664746 0.7433353654562478 0.7388117170265124 0.7534677479932054 0.7117526910718199 0.6772509109557286 0.686591360878571 0.6733595510575611 0.659355833642822 0.6920623052175202 0.6695808529880418 0.666820459758611 0.7038265596930604 0.6977709295680404 0.6491308429089243 0.6590175089595892 0.6407143102091842 0.6754642026206996 0.6652640319949807 0.6141992647807749 0.6176301491569294 0.6452920219889978 0.6215862190867791 0.6053162168543406 0.6256330199625816 0.6511556591159371 0.6382365336370355 0.626148148726588 0.6008164194413447 0.5764670906721795
0.5807334683360161 0.5783735505937198 0.5787172420459998 0.611147201954968 0.6999834471752153 0.723028422109078 0.7147998616173517 0.6873742022297739 0.6744220781930841 0.6561544099081472 0.681591185320204 0.6759809857483307 0.6809050159758284 0.7295256854745513 0.7190233054623286 0.7420276679985024 0.7492273401671675 0.7631438995359291 0.7311032816959031 0.7393880651581269 0.6691885887814252 0.6904569625865269 0.6992670137189545 0.7172288269809162 0.7104747195231647 0.7245284017930186 0.6978825526356583 0.6965670204126988 0.6619217058274727 0.6772165750525664 0.6409830947646098 0.6543541065413985 0.6630046833251282 0.6420263928048356 0.6683939210888286 0.624226340394685 0.6206646313638006 0.6373975562801661 0.6620606442333679 0.6597170088301101 0.6233696838318531 0.6012196971711481 0.5784387865625015
0.5818787330109768 0.5843939461555999 0.6156598571447793 0.6280397477401188 0.6490622595099607 0.6746910531622191 0.6992591183373991 0.7061639778252427 0.7082084859123164 0.6912549377630213 0.6590345582790946 0.6958304355218193 0.675133460242013 0.6846588875526215 0.6889958078274542 0.7020153251158462 0.7607115723742462 0.7529776978614822 0.7546490552125684 0.770581889397153 0.7203786214743206 0.6879383283177152 0.70344248401145 0.722604450277699 0.7281411166377668 0.7204178441637825 0.6837079049447435 0.6992279149497905 0.6941000002366806 0.707059505334086 0.6854224882726955 0.674112349286994 0.6637233056864074 0.6928377348761734 0.7198435324708943 0.6796760386342119 0.6396816677484625 0.6330472529371608 0.6228469314239891 0.6174025066069209 0.6094206993081019 0.5788397186671793 0.5779739097056623
0.5935000908051505 0.6057844408312942 0.6300966340338652 0.6405953958020699 0.6581871105477088 0.6550140670475839 0.6853873305845679 0.7030872148900881 0.6719696799284852 0.6984935639167352 0.670040330082533 0.6529930671042931 0.6767423138910382 0.6964381362323553 0.6629921075900786 0.676966224928494 0.7419057905406247 0.7534442069501811 0.8024639001868012 0.7844356372058872 0.772014783171673 0.7415541432436368 0.7028163063405901 0.7217125281888102 0.7014775406460035 0.692475156109211 0.6949501593455757 0.6829720840776425 0.6946562096941709 0.7426849803997648 0.742801620966397 0.7188931796117695 0.6782373625864071 0.7231271673173885 0.771420842560695 0.6831815088405113 0.6444817741445796 0.6707542431318554 0.6456618799755733 0.5979324737294287 0.5812919073587255 0.5596528473486889 0.5873688154153421
0.5657316930137702 0.5979842903353856 0.6234783389735151 0.6296057464651384 0.6392939456133858 0.6434289293077321 0.6375182425558269 0.6571922884728973 0.6594330318138907 0.6963378017619117 0.6903349075767821 0.6561884910129125 0.65037280332655 0.6829760540715055 0.6976239830894839 0.7058753811157329 0.7252994615696395 0.7451450380228525 0.7562909811357658 0.7327933401061163 0.7728813482354269 0.7498470537808752 0.7370639908522795 0.7065413563067531 0.6925665766321475 0.6988079987622967 0.6820682053685342 0.6706089872646317 0.6919897072476882 0.7395676751392861 0.7316763959526904 0.7064358881395562 0.7112497182594739 0.7080788517751248 0.7103988150235603 0.682807117381516 0.6690637125654821 0.6484773389532018 0.5997831558331814 0.5763266024823074 0.558848036132202 0.5601426059629124 0.5561402148751441
0.6146169334031752 0.6067378833652586 0.5768063936176419 0.6139777239293657 0.6013034000187406 0.6054844121410405 0.6337432476142449 0.6667812102697462 0.6845643540740756 0.673211010515652 0.6695786811147145 0.6792172915230577 0.6986399292043709 0.6559512294063446 0.6739892625386265 0.6757443466658087 0.7182246134321519 0.7485862752875603 0.7330386297085633 0.7635157886717366 0.726218743171865 0.7406379639240354 0.689908778558409 0.7020606782189895 0.689476583727096 0.6695623958025685 0.6956559142173957 0.6785349747750811 0.6967781200036148 0.7202417034911531 0.7090579581040511 0.7040432237514049 0.6611262221853876 0.6638092981315398 0.6898830456998709 0.6414394318901495 0.6284750186180994 0.656187400435522 0.6266877908088055 0.6027919021575148 0.5665358716808492 0.5658193007957348 0.5200710556919915
0.6095977397602509 0.5932111363914807 0.6060738433912889 0.5850092435123705 0.6168898494073858 0.645826993368875 0.65705217902002 0.6783423671525033 0.6479312954099674 0.63706193589401 0.624756672338793 0.6576931447420076 0.635050549627201 0.6616613256114138 0.6748943675028802 0.6760387327414672 0.7332814756315016 0.7278847631147086 0.7739788377470814 0.7843231211267299 0.7297580784523235 0.6930221116191205 0.6985364910059789 0.6878476095210517 0.6680674695953175 0.6746101833527528 0.6400927011429618 0.6452384295808746 0.6905299753871328 0.6576520212735029 0.6239760366678387 0.6294968315460594 0.642441563554455 0.6806222005748542 0.6779840426343938 0.6491539479904056 0.6317667654819106 0.6297764657872511 0.6074128610063926 0.5893876011997656 0.5579571300625003 0.5114765911052581 0.4430606802167541
0.5959197843095486 0.5913526685964229 0.6127358138826673 0.6104257414585204 0.647184291363439 0.6308274570153791 0.6497000657608498 0.6684194192027119 0.667524827112431 0.6340921416643228 0.6320245576463179 0.6218728437638149 0.63568951073675 0.6644785151829914 0.6570369055113324 0.6586249266847005 0.7205620495720053 0.723367017856376 0.8146202123453761 0.7814439733261345 0.758936611269037 0.7445147796522729 0.7012652480285669 0.726128730496188 0.7107328211407561 0.6638801772605291 0.6272716124266856 0.6244852146699963 0.6630693566795717 0.6323871974415781 0.6096098251160306 0.6261015766988138 0.6324665818341162 0.6708798776164042 0.6820175262044353 0.6671221423032888 0.627698324505438 0.6027452500053347 0.6005311182390831 0.559547963940803 0.486802223094671 0.46327445096996456 0.41013477003419657
0.6088926831923619 0.6170705159713746 0.6216085410118919 0.604599690589364 0.5793886522212823 0.5918724646785533 0.5933416376403106 0.6272425931042239 0.6349830970264584 0.6361661396262958 0.640283455993823 0.6757596749674384 0.6925473912559865 0.6860594785871369 0.6689917383781756 0.6659356890388933 0.7206913850158909 0.7434568993959153 0.800222786414916 0.8117861127053559 0.7929275761664699 0.7614221229717066 0.6953749607431047 0.6914888583793307 0.6936856158024771 0.6593177130428616 0.6696136803730628 0.6386589836997312 0.6223890995547187 0.618383915187435 0.6317027073165695 0.6271704830971829 0.5986547638867573 0.6069529094645469 0.6437415621348676 0.6358268842764199 0.5985703199259395 0.6228114035856869 0.5772244244654658 0.5327941225042596 0.4853443327021223 0.4763324388159799 0.41385042217760953
0.595990848730973 0.5924837475500667 0.5935499204202466 0.6040877641210167 0.5620450899747915 0.5727140021083978 0.6034055003030551 0.5779289272775792 0.6016774007721075 0.614157130555068 0.6748395449030377 0.6546542766956813 0.6855962353942137 0.7020130562387277 0.6583988438623389 0.7004745173546076 0.7076417728466337 0.7440633285499287 0.8045434908680286 0.8049829210917993 0.7576821849968677 0.7292135469163161 0.7229222565694818 0.7049876239288193 0.6560265958242809 0.6783962856914911 0.6777528340147734 0.638601727768443 0.6011489538191203 0.6307481045873097 0.645528335251167 0.6047093977132888 0.6120606269535396 0.6215532585511098 0.5782688656670506 0.6279284321775116 0.6178237767271186 0.5939178691944413 0.5731360159134881 0.532361977741195 0.5530691477355473 0.460734128474794 0.4505811297681303
0.5499921306169204 0.5935383982684829 0.5941866442831271 0.5425215107696254 0.535806587921318 0.569066426609786 0.5436197974065335 0.5520513191883124 0.5730074574398788 0.6250836396215215 0.628894554149527 0.6758095017063593 0.707943231199304 0.7089881670066289 0.7066190650166827 0.7030789684687139 0.7313565590780053 0.7637973993447867 0.804692176086449 0.7881986850670158 0.7292381091558546 0.7499785264166146 0.7212986261826405 0.6604989224330413 0.683357663097591 0.689992491993428 0.6728943245070321 0.6470721654616084 0.6329247716384669 0.6520364900282961 0.6229876382899239 0.5880699473432114 0.5935756864917752 0.5915383220658725 0.5801667498651124 0.573905665468158 0.577807135098254 0.6026818596594111 0.5781330436394571 0.523710372063714 0.4847221743871256 0.46599964519279763 0.42748197506963154
0.5627826404507127 0.5442824920789555 0.5377567790238427 0.5207746690758145 0.5212779712860808 0.5710172056832313 0.5209785191370536 0.5966943631330999 0.5955839875075023 0.6156180454159131 0.6123943831817386 0.6565238975177818 0.6906577908378362 0.6912764038824724 0.6959816607455191 0.6967022091009144 0.7272751386835341 0.7560756091499968 0.8227021403705975 0.7550660873321806 0.7201305693431321 0.6999018861955787 0.6917471574177808 0.6915962867614113 0.6640744094242553 0.6978423615164338 0.6557823439979054 0.6520261703410808 0.6917341267737435 0.6299459368606325 0.6196451990697763 0.5790519801365889 0.5525972148088795 0.5606101357193276 0.5746941788054838 0.5681861569041712 0.6086675713352535 0.5945280724341203 0.5915813541343631 0.5047984186549942 0.4758241489705777 0.46479764204374135 0.43101822348386853
