Raster_benchmarking/Raster/continuous/raster-64.asc
NCOLS 100
NROWS 100
XLLCORNER 1743165.4159760214
YLLCORNER 5469281.492090276
CELLSIZE 10
NODATA_VALUE -9999
[rows 19 to 37 of 100, columns 0 to 42 of 100]
0.5272019507861513 0.5337566095916451 0.5663707626218886 0.563007832635726 0.5495335833169677 0.49540798621978616 0.4933345086502077 0.5094867151310631 0.4883416346658617 0.5132420832050457 0.5078984397541761 0.5079064660437856 0.5250573600796553 0.5021708206828138 0.487436851283928 0.5160259253339762 0.4870498328737653 0.5073274500788136 0.4714897259258779 0.5178690903054126 0.5123169694464819 0.5254962529580774 0.5438390127925992 0.6143504398584858 0.6340863125904233 0.6831037712634926 0.7071671367807525 0.7143760907779768 0.7409994899762669 0.7437066405733844 0.7494069244174497 0.8016569322592672 0.818764511458069 0.8018950670941153 0.8124908259985336 0.7876756923226746 0.7683945064471809 0.7647468100665661 0.7485941628509638 0.7231945400484814 0.752265820310986 0.7727103674566786 0.761063682731531
0.49187593775165495 0.5104053818934253 0.5055521050672811 0.5431153794746084 0.5053334568472118 0.49559591285063354 0.5014895053797893 0.48777299962610526 0.4981684986539869 0.5453306265287549 0.49796187988804186 0.5007295884381586 0.5323059923957133 0.517511940992541 0.49510632466329074 0.5138525634699045 0.5070532424222709 0.47574730838775336 0.47676976510735114 0.4933982657569858 0.5304605699601601 0.5224970056726922 0.560747626408583 0.5709970014311934 0.6105582030499908 0.6704137270259067 0.7222811880630658 0.7428438443869856 0.7582818890238939 0.7386867241005581 0.7634077585780329 0.8080273661947652 0.7697471602424765 0.8147068725416157 0.7938149554898137 0.7402806226717642 0.7635990796283284 0.7585481193255863 0.7162287904473841 0.7604868588363795 0.7705146763962764 0.7307376882491197 0.7352547180527556
0.5028921264078574 0.4813463619085854 0.5091147735333812 0.5029014403709352 0.5288962214420664 0.485685831522176 0.506072025982503 0.5158368045209155 0.5338303562754562 0.5517953476254466 0.515784216719795 0.5129947383634268 0.5289035064758861 0.5302147230622639 0.4812173244821323 0.5024663595760075 0.5148907031696517 0.5201054083216176 0.5013837666328435 0.48354294685908217 0.503140319955312 0.5078870853662273 0.5614539703160311 0.5960365978843691 0.612270553623139 0.6624998344395611 0.6696180338565735 0.7365149036943915 0.7414347838916489 0.6949433894857648 0.7202779208665502 0.745804870754143 0.7516677288236858 0.7602329251586931 0.7391665786985834 0.7191088983522061 0.7343791576676132 0.7190652885862262 0.7155396569239796 0.7331843012047705 0.7280430342845912 0.7506884498486018 0.7397950510930702
0.5032965657661842 0.48673411999108185 0.513994635521578 0.5217272208007618 0.5593153770038813 0.5290642774828977 0.5574165061286249 0.5257157457472313 0.565274068615374 0.5537887908631545 0.5587698400126017 0.5075837038730729 0.5047131316080634 0.48260155072356836 0.48617807478670116 0.49999033757165035 0.501161812440336 0.5265906547812422 0.5256954090392277 0.5457597873771344 0.5188455155218691 0.5067041833580282 0.5426793651845057 0.542529223423013 0.5787442958401943 0.6224293120287931 0.6795362842109831 0.6977443375776526 0.673229259637756 0.6931863199973957 0.7420832470288292 0.7313397626451245 0.7429944934712961 0.7213889785217507 0.6928633922691955 0.6721188286278595 0.7282979724010742 0.7061656706333592 0.6948473171698861 0.7196206931062188 0.7531774269132486 0.7606678421025129 0.6988456476241224
0.4965097264150527 0.478141602605704 0.5362891260326225 0.5699049078431453 0.5684737841765265 0.5437864228802708 0.553165828633744 0.537306250893028 0.5320921591819691 0.5410368871870385 0.5663755696819185 0.528813488858137 0.5062769968493742 0.5155661408111111 0.5008636975455986 0.508417285289153 0.4927826132361069 0.5121773461105956 0.49966370277966154 0.5389025002516503 0.5386301294369806 0.4986544576896375 0.5357548896475252 0.5847057056886074 0.5956914037223 0.6219814490322705 0.6402720208641106 0.669194404135173 0.6525344477707624 0.6794173971466667 0.7350264125794637 0.7631267825757221 0.7375500572564099 0.7045909829096086 0.7255784603315211 0.6894111446519592 0.7145466315954754 0.6832752357545072 0.7054908165703895 0.6636723602618015 0.6982902229405522 0.6900022582113703 0.6810153603193524
0.4833926000530567 0.4890164925363969 0.5406504555014807 0.5781767658809699 0.5538849281754653 0.5613592331147178 0.5605211294350215 0.5501565703688072 0.5558186782795336 0.5863211206519533 0.5408834257697188 0.5793296352745964 0.5019202364834535 0.5029711021528508 0.4886382163411555 0.4858538653949382 0.4893928788404278 0.49857088519021986 0.4861742074189793 0.542878085988398 0.5021449786421025 0.4941267449920017 0.571638906068822 0.6029668283357932 0.6112649890150996 0.612362578799572 0.6050016784108877 0.6002373114381417 0.6068765690892253 0.6599909743761516 0.720222119648326 0.7657252953799992 0.7453236866512573 0.7262060126395329 0.6758248903833745 0.6646989760868954 0.6623742276932647 0.6997877438327149 0.6607853697467996 0.6360663343174439 0.6496802892403021 0.6952189455903028 0.7019572646793942
0.4694859335064003 0.5094265735284952 0.5198978676708695 0.5169331032714416 0.5207866574301221 0.5499348556871642 0.5474688752674567 0.5140851498726563 0.5444212655735778 0.5621334680509693 0.5459964599724201 0.5558366690446728 0.534091385646911 0.5025114359002565 0.5117734775544471 0.5013353431180547 0.5141010158529935 0.5066757776055312 0.49231515420711125 0.5216541433604289 0.4819793484802383 0.5290566951549551 0.5570487466228349 0.6028715471202614 0.5994661619783875 0.6099558023490933 0.6038581903022022 0.6087033352400825 0.593532034107465 0.6300043390826348 0.6843962415703453 0.6918807236244757 0.7162081892026242 0.72629492994288 0.666601003710593 0.6206168095748014 0.6249359940094186 0.6681283014799783 0.6183478581918718 0.6079712581467563 0.6426789560052394 0.6765343236317757 0.6760220870777581
0.47599921161855646 0.5029131845459538 0.505745116989751 0.5017163882192897 0.5191324211820738 0.5069673612163559 0.4969909394941129 0.5028329387440374 0.5107211200269808 0.5011024798195796 0.54714207994814 0.5677989604501552 0.5367447276587686 0.5379255975320203 0.5171962212293525 0.5359116635773785 0.5539975749535831 0.5195628348520087 0.5005985001387158 0.49268775955957195 0.479208772351697 0.501292405843548 0.5308537658206172 0.5558306271146526 0.5308954170717372 0.5210525029728079 0.5541810186751068 0.5675523396487279 0.5954436105992388 0.595648649200905 0.5985659998936461 0.6315962816644931 0.6646722371823472 0.6883377470139467 0.6374910086417084 0.6242634800696967 0.6382639202455263 0.610681298817408 0.5929913717199932 0.6004538565801599 0.6491725955046999 0.6655146486194474 0.6688935428152193
0.4755518159651279 0.4878300565160789 0.5035988852641882 0.47767884346489903 0.4755804575777023 0.5207502681807634 0.5161748157493604 0.49590621486840747 0.4722528699998565 0.49296296896405783 0.49149333030396447 0.5287194070000554 0.541050708041884 0.49318666564796915 0.5334823579290151 0.5084221320916984 0.5447833431697683 0.5137430561411049 0.5086084859682408 0.472948014609393 0.4978018324550057 0.5109480250936071 0.505188843287021 0.5490779902776329 0.546072955924451 0.5673079626760394 0.5805916812283586 0.5711231147226937 0.5878724484184528 0.551139065099619 0.559810502903174 0.5771493881769031 0.6062786491307396 0.6212019741625543 0.6316536255625098 0.598908648995265 0.6169918879362682 0.6016871219328975 0.5850910399931045 0.6068782103889095 0.6308760253340141 0.6259711841212059 0.6261614281153823
0.4587157138871852 0.4969496636525392 0.4596785627358669 0.4735167242984969 0.4950255444743076 0.5041316871301391 0.5085595478446042 0.4528618375385027 0.4981046911053544 0.5001867108583943 0.4877895447050377 0.5037777168607716 0.4846301576168246 0.4730219163491436 0.5313640057836815 0.5109799349132945 0.5474412704688835 0.5253547031600564 0.5105600950659019 0.4702108898327686 0.5176886623684753 0.5286434826822397 0.5026389832401224 0.5162374785958758 0.5428532676056983 0.5785273641574676 0.5623255997907964 0.5366892172683179 0.5622418307629924 0.5604441665348933 0.5352651897542535 0.5479552035079039 0.5746406361113366 0.5697099494301768 0.6208128831073387 0.6140026674692085 0.6096885279194318 0.5865893942216553 0.5683801978841482 0.6322243349403005 0.6269321167719487 0.6531561776037017 0.603295517322644
0.42590050231770665 0.44914206749515684 0.4299207368586328 0.4485247489426593 0.47067916739583576 0.5031751911144349 0.4769775364791076 0.4864652794912414 0.45158114814298844 0.5005014854403899 0.5166262773450395 0.5057829948262111 0.4898693354931599 0.5240951185827433 0.5097026087894937 0.5060337778497188 0.522916104899137 0.5038870254861928 0.5147252093600115 0.4811639698552351 0.5024211356631673 0.4726514884258939 0.49638839021215625 0.521391342918756 0.5303357419845705 0.55789582633209 0.5592696108955525 0.5734894826767156 0.6023593211696527 0.5630282185056428 0.584759917055531 0.5570492668476017 0.5319696686295345 0.5602860403705984 0.5570621903735111 0.5613909746920993 0.613052566910352 0.5745165149095811 0.5667097490529825 0.5860451540016026 0.6008552489756662 0.6080450571350712 0.6010537400725885
0.40913598764104814 0.42342358344310516 0.4370299391854565 0.42290435976218654 0.483972669727847 0.4996208596816358 0.4534195314898759 0.45301251223139544 0.46181636297483614 0.47035763391384233 0.4658167980112701 0.4742032131665262 0.5306997326900823 0.5196318616063281 0.49294642861347715 0.5271423284340903 0.4822873859743673 0.4853958375296744 0.5047019346924364 0.5039256789062964 0.4996455851507629 0.45671771331612876 0.5122430947868789 0.5192102830092684 0.5579440901106514 0.5409961332917578 0.5898383773269507 0.6065771740040048 0.6029048252330325 0.6009507279615762 0.5910584226078159 0.5170150801890631 0.5458451359068635 0.5637992462791995 0.5447214735918131 0.5702310316081328 0.5750896276460145 0.5684777606648314 0.5924627272652752 0.5912925829636989 0.5616634488745678 0.5858685424595471 0.5972235391157771
0.4082697527946875 0.39155329055657223 0.3823247115663083 0.4060579032155482 0.42465345274238764 0.4762239764258098 0.4971002474525006 0.46943680398468157 0.46788919907768406 0.4934227246420373 0.4842109290944944 0.480684353603912 0.52870845378009 0.5019228365716024 0.4992442171057875 0.5080805849368079 0.4474248188748275 0.4382656448854426 0.47225733642260054 0.5083452812076756 0.4771185799203049 0.46864767799229773 0.47396399754533997 0.5358917114343721 0.5400676116675434 0.5735962265989887 0.5839260056789198 0.5831415022929551 0.599379728537461 0.6004105912856428 0.5547377015705429 0.5213529521759643 0.5133669911593436 0.547056157095681 0.5496463352538937 0.5558333917172604 0.554150673459016 0.5347646613870715 0.5422938911614733 0.5093267416455833 0.5718088972900822 0.5926784848307661 0.5955384784032307
0.38564596588208855 0.35248661374838935 0.37339535775976096 0.3570580849071524 0.424990180920942 0.4944331024697021 0.49414248545420697 0.5154556761764177 0.5057764442071455 0.5111207341507855 0.5261834935914105 0.5496933402884732 0.5688614241764984 0.5455451135244475 0.5207220671331027 0.4537566193800267 0.46674525452006793 0.43925840580297343 0.459097902750691 0.47234105736671067 0.5071374650501943 0.4820144128590703 0.5061849610747001 0.548478411113108 0.553110036112821 0.5531336842006305 0.5895394856559333 0.6006718647972875 0.6259190926584522 0.6355544654376949 0.5547590275267935 0.5369509564830341 0.530272450513804 0.5091289716275929 0.5427696488736854 0.5161305006884789 0.5009398337726176 0.4883278829081363 0.4718852161636287 0.4439476789506932 0.523154680274168 0.5634238044575176 0.6091651297693811
0.3923886548075929 0.37060533894832337 0.37470428651535215 0.34378317910228323 0.3907827784838501 0.45531217884498665 0.45954697185722354 0.4682598470749529 0.5290987498113774 0.523306996411131 0.5033163165324358 0.49724052134606256 0.5478830258942164 0.526417635172067 0.5153311823258655 0.48331123810377286 0.4840296503818963 0.48985151633523705 0.48760332913867227 0.47766274714905704 0.48665738730129576 0.5022249704492244 0.4873582967152924 0.49705840491395964 0.5491296536659035 0.5688305794360948 0.5808673796708487 0.596819055690535 0.6050173497197704 0.6055539115995425 0.6001192105600136 0.5886844685265739 0.5623920455496637 0.5126831303476787 0.5208567791713641 0.5222035774974573 0.49612406203863135 0.49208723253038594 0.4513414243273584 0.4450425933604807 0.5020266983711671 0.5484986331588674 0.5952426515092862
0.342200787487776 0.37219505549169996 0.32917157109150186 0.3378988381977625 0.38736624078419024 0.4573517659708007 0.4714366616846518 0.4658043860486451 0.5014870234335381 0.5358441707061509 0.5213698178102393 0.5065947158097277 0.5279557914486304 0.5304211210593575 0.5244030756395137 0.5130951651587716 0.4960426883463939 0.4568055989254565 0.4943508741291307 0.5175733460860092 0.5080651210622782 0.48619096511117116 0.5101497721244228 0.5183687563906655 0.5352101146670282 0.5965391173667026 0.6011110730187569 0.6229990541290237 0.6515224541911487 0.6483967609960579 0.6377187770564849 0.5719870239738464 0.5926757986185253 0.5306122060276299 0.5082130619911466 0.4748625485777897 0.4691252290630334 0.478757489427112 0.47183833098741185 0.4911803554168897 0.5333222097192286 0.5335848881324713 0.5584089288495959
0.29233243003673975 0.3451790329803244 0.3152809016239624 0.34208241326156635 0.3838906711579881 0.43480387675126553 0.435197042804875 0.4886406399520847 0.49910464626161477 0.5259032106790628 0.5034786304833853 0.518878101002952 0.5364321387868627 0.5191083202792951 0.49264355589107645 0.47505353484368074 0.4848200899647613 0.4786924881608487 0.49258520432466935 0.5293630657948234 0.48230515400381446 0.4872307050597704 0.5035878415853102 0.5259648001722025 0.5445967298491114 0.5941541465312404 0.5939381391432406 0.626495236796954 0.6284514257969028 0.6519331098287551 0.61663406011651 0.6101716865067912 0.6120346096577891 0.5485291119092491 0.555816458904836 0.5302979347913906 0.545542490339761 0.5586899317511506 0.5267648831933984 0.5439144174354273 0.5463347748367833 0.5660150609853161 0.583290611962197
0.26645930251106936 0.32101906358906523 0.3263426272996649 0.31076072442495845 0.3435523585658201 0.4080926493530949 0.43538807751499037 0.4521603003974246 0.4717686096170916 0.49932711510050687 0.4737249754818279 0.5241257870924405 0.5044332252344391 0.47115410926645457 0.4984394536949522 0.452895393035191 0.4964962945872956 0.5041000300645463 0.5028466615991123 0.5211244828604672 0.492267107996103 0.48755920551283066 0.5091548257671951 0.5435661066501002 0.5572370398043257 0.5501750967761603 0.6170993473318059 0.6519147995730361 0.6277749364268682 0.6304905637482696 0.6465784148731847 0.6905907670538537 0.6522865769120093 0.5827194737632283 0.5791670028864095 0.5664443366199517 0.5955321648083978 0.5666580525088654 0.5293712874667494 0.5415580972164997 0.5501894393001002 0.5759414681055866 0.5320012802108497
0.24194497715714694 0.29200168169892105 0.29957260390607343 0.2851131412657077 0.34594955000844113 0.3832812039093095 0.40554104233398913 0.4221985073541017 0.45805330302435704 0.46862750641161804 0.48557022265071903 0.480987697583756 0.5078251186354027 0.4871047253062571 0.4916401103710681 0.47477191320583495 0.5161921949480713 0.5079377801896086 0.5064958319045895 0.5220749718986879 0.5325051182063236 0.517497865562413 0.4985844528157759 0.5480713946706026 0.5380358669138952 0.5630451346443717 0.6090065011277002 0.6338969244451044 0.6439349173227827 0.6575594172317616 0.6420522862521797 0.6815241104945557 0.6462965387909214 0.5991074528196985 0.5711447383613871 0.5695032825077195 0.5908786552088413 0.5792123402257346 0.5744097712597759 0.5668771453961571 0.5321336301855719 0.563288906605403 0.533802760452945
