Raster_benchmarking/Raster/continuous/raster-91.asc
NCOLS 100
NROWS 100
XLLCORNER 1743165.853851063
YLLCORNER 5469279.008436047
CELLSIZE 10
NODATA_VALUE -9999
[rows 0 to 18 of 100, columns 0 to 42 of 100]
0.56865522454325 0.5313901834591297 0.5036371767874988 0.49643914046167986 0.504796577772572 0.49177935637027037 0.49680813979868027 0.5186039957580293 0.5016236507287352 0.49775387226677364 0.5054511239791605 0.5090930658372409 0.5242898093054633 0.5097372329986762 0.4890410925650368 0.4656262641274401 0.43432235108373984 0.40842198889382253 0.4296298422376933 0.47176818027535583 0.4693955780718616 0.4604149006056174 0.4452279435045386 0.4527154753910904 0.5031971288677644 0.5047884374907444 0.49896909426878355 0.5268102411490285 0.5284729949874029 0.5209661935345165 0.5229189677802781 0.5151950246323315 0.547874875520941 0.5360783965453813 0.5532584346447409 0.5431486717025211 0.5263446198174688 0.4922102592836279 0.5258088533550083 0.5552540717918466 0.5773156480655495 0.5730387740704133 0.587599592289738
0.5594422560708181 0.533679086926408 0.5266815926088734 0.5095183799230997 0.48548506713377243 0.48799494428676504 0.5080999984253194 0.5131137637581945 0.49242718796840035 0.5063838316588712 0.5217990499202391 0.5198146298752918 0.5020116226854013 0.49009888595050566 0.463499357093353 0.45248117397840903 0.4387161364785796 0.4204113134526991 0.4178752309311786 0.43419211601714264 0.45353919750686245 0.42870931723067895 0.43355175290850223 0.4784998957755959 0.4907056464828352 0.5082900603300379 0.5163597644817423 0.5162380250289185 0.5215062322978441 0.5315217192764711 0.5212566012447792 0.48172360028696 0.49840640840837575 0.5399009025219029 0.5480066045012295 0.5353877095560232 0.5111262884876546 0.5028721720484992 0.5013882845824725 0.5330374574704467 0.5640161063113587 0.5882873746118313 0.6025344652977931
0.5819902947592831 0.5598812769414933 0.5382186604626619 0.5238568344606795 0.511832609848154 0.47855753791728073 0.5026641893964273 0.5047451273372373 0.512755197439954 0.4904894672765901 0.49021158963034966 0.5025674920585085 0.4701079176779678 0.44366707049364773 0.4218913106040912 0.41089680523421507 0.40512032701152517 0.42513210576822774 0.41158080775624617 0.4435681748412434 0.4371180580186866 0.4359984525923459 0.43352239077555643 0.45469829306563164 0.48403792168614795 0.49863540005101337 0.501450301872262 0.5108005446135104 0.5239981527081209 0.5010233436591849 0.48298642256540464 0.4677824764768819 0.5044430187415464 0.523353490305089 0.5242611918486028 0.505576342136276 0.48508454345587054 0.4957219747399683 0.49775094238185486 0.5481036235224949 0.5703686124950208 0.5617232104032059 0.5517647659891006
0.5857145811373504 0.5660488985069793 0.5739471011970767 0.5467886570173437 0.5219323782261364 0.49223781139758654 0.5156059467926578 0.4856216603663531 0.483874309489837 0.4691158612435315 0.4801754048058642 0.4843710786482851 0.45100527383163896 0.4474945057474503 0.4541416310878532 0.43278742139904536 0.4184082539649148 0.4035423725243121 0.41033924292901347 0.4258892006513694 0.4197451769530745 0.4343315783688494 0.4497409803988874 0.43756552258638626 0.45326309529643427 0.47026401282061614 0.48668351832203 0.466389288928898 0.49452142208817623 0.4665037159488845 0.4767199130298105 0.4805463005003333 0.5076741841861812 0.5044392820782193 0.5040635937308962 0.5041230147342335 0.4887225805179563 0.5109354100387671 0.5038814043000571 0.5277795668660046 0.5376260807210279 0.5781360915194832 0.5627995371721912
0.5849162212228016 0.5921043673050578 0.5505402494912256 0.5399382064195772 0.5372159815040447 0.5144091666797928 0.509021998716345 0.5007071930004087 0.47318746162621783 0.41465515655827057 0.4175921321550555 0.4252318728416162 0.4282340622745386 0.46552664063024596 0.427839072476203 0.40794261138616217 0.40266033140141616 0.3907412775858055 0.402542962105224 0.4323176921180586 0.41373400073483524 0.4318504345445443 0.4657596745415103 0.46508763302975803 0.44333241426533815 0.44141623112886447 0.44031140634206645 0.45813800327438076 0.4356664616587951 0.43404545607421996 0.44480099636770687 0.47337451952316084 0.4633629122488405 0.47763148965107155 0.4561201575316814 0.4751595454233542 0.48302457257226167 0.47317300344546015 0.49740099428046336 0.48703724829671374 0.511615205125449 0.5634053695504211 0.5487277950621272
0.5984522867107284 0.586221940187687 0.5706504863151964 0.5300877639943166 0.49372650581258914 0.47319189404916 0.5023295360006939 0.45731665404417354 0.4350208261703461 0.4199756399674188 0.40564915707287924 0.4232244670612036 0.40896362379580764 0.3990477561736372 0.42487695493435484 0.4137550702187867 0.397053501026965 0.37602955272433414 0.4030490757980999 0.40448153197622416 0.4020882905442533 0.43269614600122425 0.47536190919031734 0.482511957699115 0.4446031214470758 0.4462549290759782 0.43346867831947644 0.45223503611485927 0.44021213165875384 0.469534655631447 0.46090316142497667 0.4885377632537213 0.47062933688768227 0.4686978726671297 0.4497687231205029 0.4636004444433527 0.46608019177743276 0.4868469589265336 0.47885508286636547 0.5003934862794889 0.5064419560384467 0.5392566973558978 0.5190335828452928
0.5990480506314396 0.5876736189675795 0.5309921073274104 0.5102545151219952 0.4761884484214308 0.46361746431847783 0.46840456750835974 0.45588414799936633 0.41918713167655614 0.39149951002231337 0.38359441643063413 0.3914811274032174 0.3748986124567951 0.3795613476712944 0.36954225828498344 0.3964522926881459 0.3942093253022482 0.36874152823182343 0.4055388892193982 0.3854573548384773 0.42527891057324135 0.44532786048625256 0.4902136587393838 0.4972744743796819 0.4559317511888497 0.43245864768305287 0.419895940194982 0.43638604246172175 0.4621524656669164 0.4595607739180229 0.4759646538392291 0.4842660590730901 0.4964339965597739 0.48760161518196704 0.435438444596376 0.44316735830676307 0.46753907152622376 0.4865936390890891 0.4909834593008153 0.5041124569439176 0.5003848371113657 0.48550043748119975 0.4972270247929284
0.5596189105673839 0.5384751638246528 0.5057804700905315 0.49179088671793425 0.485738812654327 0.476693502936582 0.48191543862703234 0.4490634477822873 0.4351702642114801 0.4319316973938639 0.39395689551172464 0.4050916951980359 0.399236439100607 0.3585049734427894 0.3532290791810263 0.3623560184272633 0.36287394729344413 0.38400780895958925 0.38435058960591206 0.42388564317899974 0.4409605348313694 0.4702451127155062 0.49056598414514735 0.5027643722981575 0.48237346816083987 0.47099224563512765 0.44796051982645146 0.4460790785270629 0.4663208623270636 0.47817012702957085 0.49445635081513306 0.4676220750502035 0.49628657899164863 0.4740596035876792 0.4435888746306737 0.4492185308829154 0.4360332197143865 0.4776531450054891 0.4786988372957656 0.4943084330175216 0.5049798884046699 0.49495357458024003 0.4906695718828434
0.5356637849117938 0.5259656801570152 0.49623184523202085 0.4694872442638709 0.4746663176753505 0.46588990486018417 0.4765331605468836 0.4750280207607014 0.4717625324781903 0.45218602207150277 0.4260515870690039 0.41041322824732085 0.3857277510214684 0.33427999503829636 0.3344276700488151 0.3683226727171513 0.34418210196973853 0.3645699774559464 0.42686809328841513 0.4564775822527326 0.44422690175222923 0.5018828921166674 0.47766273916613256 0.46905800477033194 0.4882911670865101 0.4828973378559245 0.47324957808278606 0.508277035937529 0.5231584499421901 0.5196815051428102 0.4741589497561995 0.4793023769557449 0.4842735995245166 0.4472913348678575 0.4260421342883702 0.4348749470667591 0.4225156082459286 0.43099628537130047 0.48717358145074485 0.5053937716183527 0.48248826341868184 0.4829562794588455 0.48015136554622706
0.5404298305082179 0.5290187117777659 0.5050860145211932 0.45012522886024137 0.43565943675803237 0.45629793011822367 0.475489497217597 0.4660293102355495 0.4609677693202158 0.43078007641918475 0.3974841789358209 0.3828276800186905 0.3718571623564339 0.3357057729190782 0.3690597290371322 0.3356101188017011 0.34352293665341765 0.3946491375329613 0.4214109775904448 0.4253268791024827 0.4506327991682992 0.48528048608703944 0.48640786849135503 0.4700898079883673 0.46366822485423004 0.4764672545082348 0.4707074652252467 0.49171736597855215 0.5105513528981367 0.5286361221104282 0.4894311191602577 0.4970347777462988 0.45709696229301616 0.4755712368301242 0.45482820688915326 0.4507118888960401 0.43517299373668905 0.45219292451768345 0.4584073405547184 0.4961509764265842 0.47648063436415894 0.4869970573732761 0.4767778922178948
0.4983965681894394 0.4998534890480412 0.4551916718441575 0.4562472015811606 0.4391322135730888 0.42575969734420915 0.4527519469526117 0.45338377279368114 0.4402732688317805 0.40632428132414694 0.382145300945272 0.4042468997488377 0.389681377620471 0.3546391526591085 0.33415851819854225 0.3344574294572275 0.34213041418759793 0.39337291277974706 0.421781063258615 0.43566768972437525 0.4226877604126219 0.4474733438725781 0.4410319831696863 0.442233075488006 0.4409012846132598 0.46768341086498005 0.4462110330213374 0.4804014458426483 0.496489652959056 0.5262604953957001 0.5058830455085532 0.49124676286390984 0.47471498665201944 0.4706439871633402 0.4636428086225247 0.4656657860001892 0.46704245120204685 0.41972946787140186 0.46045395817877455 0.4682635374663823 0.46984240069769245 0.4745209112180805 0.4466025942022546
0.4596422762568643 0.4374167771292703 0.4378954157081827 0.4269472656785975 0.4259703479151269 0.4139745153379104 0.4303365982904357 0.42454440459003984 0.40600953392545897 0.4067731914252704 0.40402179665023474 0.38946106409140624 0.3743114608904961 0.37298226429162024 0.3498971585826331 0.33638193495865604 0.38249757191665523 0.3718115260750986 0.3945353507018943 0.4095091950840407 0.43854950217417216 0.435399016761912 0.44221645406222426 0.42804770643536616 0.4490264756183421 0.4584657536348886 0.44123584581627495 0.4574947808045361 0.5047764830508136 0.5138343056176674 0.4745928859972718 0.49016768070359373 0.4584917324793468 0.44992183799978774 0.4618106944214473 0.44059419062269906 0.46259536777884697 0.4602597254119069 0.45846091872738276 0.4381532882472534 0.46350010310041967 0.4420829544036417 0.43002737031518457
0.43377766749912194 0.37997472545934335 0.38140953642759146 0.3728082708569878 0.38178075696000363 0.401190039429391 0.40666293872130344 0.43203172516812766 0.3778193495841312 0.3724117507293607 0.39025463831551144 0.34844044132029545 0.3757179006268626 0.3973892540680385 0.37473919939178757 0.3415121470972219 0.38902319999312085 0.38570931697808003 0.4105886446418544 0.3954942903098806 0.41174057447612705 0.42395170898444234 0.4111159853569479 0.40753646407724287 0.4366867755812393 0.4395757029335482 0.44192545491589297 0.4382708744923648 0.4846336663715238 0.4874039174560558 0.4772674317811191 0.48169974153228096 0.46449898376884524 0.43837395690591785 0.446018337663765 0.4488868736023942 0.4684733480655185 0.4387437261428751 0.4461115635860292 0.44884214622943314 0.4574770287583179 0.4309071355110719 0.43358230115194113
0.4290243919310355 0.4267453092023525 0.41419939545560613 0.40809983451904785 0.37431095201625325 0.3985311917269034 0.4038475059369324 0.39402666738848763 0.37974213675940455 0.3546071970627002 0.35236476581699194 0.3494303926727332 0.3856390925314735 0.3791644503991871 0.39211260415780474 0.366557728358286 0.3792114559858818 0.38514865386446107 0.38801826110112053 0.368893486396848 0.3714150717111117 0.41129921143431597 0.39823229458471116 0.4382989736398002 0.4461237512299995 0.4440633125441176 0.4424562397392762 0.4433070327001087 0.4599624499501337 0.4554719256451854 0.4732813495619113 0.46061559621402703 0.44997330705083527 0.4660830290083223 0.4483271121258458 0.4579567725750329 0.44153483728181697 0.4652456205033605 0.4599436761311463 0.4478381278356477 0.43522602053977943 0.4490443458085116 0.4356733604149312
0.43226350829151944 0.4185590878598627 0.4129632008646098 0.396895258120272 0.40496141930661567 0.38766655193664223 0.40106539235168487 0.3973389002714399 0.38945598947241666 0.3387734658738333 0.3377229257928931 0.36302721861021287 0.38002667401526885 0.37563342492087304 0.37886552900405696 0.387438827858696 0.39806010219016175 0.40975538286294094 0.4083325760943877 0.36795067893356237 0.363005421417686 0.3814103665789884 0.39124124723274534 0.4175659150877547 0.444528719888006 0.4462775135981169 0.4401628629491809 0.4150375378919488 0.45843058901050726 0.4618144468100043 0.449846407768844 0.4344596577761335 0.43519497174833266 0.447502889588276 0.42820902355955565 0.42735246814649175 0.42287241030606326 0.45957032638039796 0.43230148763082915 0.43483905159257097 0.4249627241809483 0.4323456476788424 0.4440198976417236
0.40683754337760597 0.39482917729127415 0.40408325310199417 0.3838359083135521 0.38798424601182757 0.3905476495307807 0.39466448436918083 0.36544744126367984 0.35352816690549876 0.3501936835399789 0.3445015162473695 0.3471152781246168 0.3269205456072898 0.3478198408977122 0.36532817226386766 0.39815217535418557 0.3917037240120207 0.39324847404406077 0.3913517181588024 0.3498390945187224 0.36996280021052175 0.3636700431048491 0.36207386408400766 0.4029574581142267 0.4191375502837382 0.40731500517287944 0.4289113061788677 0.4360501730112491 0.4384141474884185 0.4532221661436647 0.44110988867788087 0.43524470791002 0.459355464495027 0.4501760517640824 0.42390998924002266 0.44776896266335187 0.42657724744075637 0.4372715158980988 0.4241410439258538 0.4174125838542698 0.44459901631674187 0.4358320744737136 0.42503093370469563
0.39190079086031293 0.4221258728794107 0.4236321200088606 0.3888764635881254 0.40895665308782536 0.3946773029761211 0.3906253461019157 0.34497769914029713 0.35874963486160055 0.3351756351831863 0.33421862554916903 0.35773154187064826 0.30980389341734427 0.2928890684414215 0.34099029322984287 0.376617139583855 0.3950283254263704 0.38477382658089265 0.3446308313844276 0.32317071044992995 0.32041722731259614 0.34791125633559244 0.3640902247077206 0.35890885030436936 0.3666920581142158 0.38720575002199975 0.40921685589567397 0.43237295998845937 0.41669496167280795 0.4763376910142756 0.4419776045698284 0.44369685784185825 0.46786298247582137 0.4350698308691063 0.45260528807281786 0.43837837165258864 0.4350372305184977 0.4322077344584366 0.444450790742327 0.45348491817790454 0.4409457231147683 0.43485289037363223 0.4125379782709645
0.3689786018952157 0.3953766156177235 0.3940696199408647 0.41630658237742696 0.38394726516439565 0.4103042219443986 0.3873828401978792 0.36453234563053266 0.3370919491148232 0.3331666822996366 0.3407153864283622 0.32977569456654376 0.305492970764087 0.2937183036219859 0.30737231496358713 0.34854215888693074 0.37633154464093754 0.3787467820222621 0.36005822968524714 0.31529995464200444 0.29961587894085445 0.30860084387353703 0.3471416218391535 0.36519215474937416 0.3869092709787782 0.40893215803102545 0.405141453747196 0.39886795962942934 0.3962730436911661 0.43919933994686333 0.4446619490203116 0.45454142266146924 0.4545977166227045 0.4277565924098979 0.43996440955073823 0.41002922517897034 0.3889109693077448 0.3873658755471059 0.4109565928031427 0.40706597570261677 0.4418664782990241 0.42219734260709574 0.4161310959602652
0.37024480050103903 0.39885681568220094 0.4044605968549598 0.43399718883460886 0.3972265194006879 0.3941421839710088 0.38512945335531795 0.3680513084528486 0.36601361340099575 0.34537893779801493 0.34112801000248166 0.3295254553673147 0.3005569334275503 0.2776083815022031 0.32574196542249506 0.3449031800514953 0.35556222949844085 0.365065463768339 0.3274227573045022 0.30673593101863683 0.31094368439358516 0.306751550494583 0.35258664766917386 0.36161774902676935 0.36216558607677185 0.3886934844535445 0.38554999078414304 0.36177946407682765 0.3947636435604585 0.3774634331135287 0.4126069237536304 0.4344512260800875 0.45206055635195597 0.43915842609558065 0.4165568623966868 0.3737616100028812 0.38145208111025414 0.38989037544330246 0.3885750342000537 0.40312835213830506 0.389222598335478 0.39529893092271107 0.4311573631496012
