Raster_benchmarking/Raster/continuous/raster-311.asc
NCOLS 100
NROWS 100
XLLCORNER 1743165.253287363
YLLCORNER 5469292.774965531
CELLSIZE 10
NODATA_VALUE -9999
[rows 0 to 18 of 100, columns 0 to 42 of 100]
0.4291960689690654 0.43804152629723175 0.4436862168638086 0.4405571285384679 0.3991421018878733 0.39692138874472765 0.413839244499643 0.41898685323556045 0.4002076774781107 0.424077309616793 0.42936227831567547 0.46359104572418014 0.5161495295037761 0.5158330439268487 0.5327771930177785 0.5379003710198028 0.5365747007770796 0.5128830043990273 0.5075885197027765 0.5129311844154057 0.5297619919615256 0.555859720939891 0.5685982543084949 0.615247834986568 0.6501877260657596 0.6689235203506855 0.6832037194720976 0.7040834370551852 0.7101377677321006 0.7118727302940445 0.7547522972346205 0.7506394346753685 0.7280124730878735 0.7151637611881452 0.7025596513157035 0.693732589133353 0.6988195237023005 0.71787316977664 0.7029086140227997 0.7240507229564009 0.7587006369487891 0.7470804566198391 0.7035354705313459
0.41041322018638265 0.4273226828055614 0.42477791424014844 0.4113626361128086 0.4136917430678896 0.4302732208067683 0.4445465663454728 0.4128098703765154 0.4050954586539073 0.4448771474252523 0.47272303221961054 0.47668486731695303 0.5010989167818164 0.5359249189858988 0.5473853531220539 0.5603941177743187 0.555640164322623 0.521442085164973 0.514475024575039 0.5404459739643324 0.5277114911882747 0.5467358955532906 0.5853723306747378 0.6007116243298731 0.6561942479321429 0.665333134036171 0.6677715814889943 0.7078192562705778 0.7107624337207055 0.7473211263349803 0.7385682080141793 0.7428245357045061 0.7309864344484986 0.7475744596579995 0.7477845192918847 0.718952682571991 0.7291602248313034 0.7424041543385238 0.7278948079599992 0.7403294340253516 0.7812925255801919 0.7656947219685014 0.7312393739318768
0.4267605885079025 0.43454260001782324 0.4122337536485578 0.4260388173383335 0.4141737378189612 0.43671703984442783 0.4486695438586399 0.42547137573289207 0.4383008923683898 0.46383853387017093 0.4838757949946299 0.4777931560484422 0.4949581089954744 0.544744901028017 0.5547552891537938 0.5443687380071435 0.5425802156268847 0.5271917869621985 0.547639950023889 0.5467262213732883 0.5406271693044771 0.5437808380850577 0.5609580812150831 0.6180979124187408 0.648104162203042 0.6575972916266495 0.6424154260131033 0.6923918743802928 0.7300251749016247 0.743751292737041 0.730155232584565 0.760040537508836 0.7666116761461734 0.7472333037904187 0.7663733443623804 0.7603024144959677 0.7594577517819604 0.7522553843659597 0.7637915448709961 0.7770773661528743 0.8097054715625664 0.7624345075896716 0.7520414755742333
0.4511786198320881 0.44447584958956166 0.442474422610007 0.4335950720029931 0.4319609884178585 0.4284112037535846 0.44649251701377146 0.47485524164585025 0.4391997869380554 0.45354008837556564 0.4893019645875556 0.49072113895911285 0.4909242533406621 0.541752371789729 0.532969639401251 0.5554315972292844 0.5474885795797833 0.5576792093896354 0.5524432992393155 0.5553056371473106 0.5503424215583044 0.5466919486924039 0.5668978835494303 0.5920129112642496 0.6268424750970573 0.6341271722049678 0.6621740985447545 0.6957488982026773 0.7295254925015131 0.7429153458038662 0.7473172327656921 0.7529386392509559 0.7699927661982116 0.7688302501936366 0.7713539113445549 0.7646778836683271 0.7785695215922042 0.7538338640336384 0.7648512396691449 0.7766798175827414 0.7997636195246262 0.7986376777313028 0.7943063538912061
0.45023595262064414 0.45536954301207505 0.4418669099576033 0.4425096983513677 0.4544891154517075 0.44461698284544504 0.4757281114409074 0.456538054948409 0.4570703661568208 0.4553581445000125 0.4686513285697724 0.47836646177599124 0.5077268706947524 0.5334136393419616 0.5547629843151671 0.5558838261416477 0.5799357592343315 0.5739373638608088 0.524486161329618 0.5582086786915764 0.5322393528671748 0.5544592042164149 0.6111134395670846 0.6135623517801989 0.6209313448505459 0.6254910230120964 0.6397815882555693 0.6701916943548135 0.7120897193658091 0.7221615602610622 0.7478262805986611 0.7455232746572085 0.7230562161923031 0.7394044990580871 0.7765223444319452 0.7838720539601286 0.8035925888377063 0.769611728160497 0.7648774598135292 0.8035866512851925 0.8333401428093459 0.8177587658830695 0.8078819073161304
0.4217801047822805 0.4392232193493666 0.4389868371941799 0.45716421575835137 0.43360037164959697 0.4658288281161883 0.46636895520294713 0.4832028891905999 0.4838569511462448 0.4771622814192931 0.48297026312295666 0.48473821354102486 0.530282229977093 0.5166355814351479 0.543547851376977 0.5644607230176372 0.5575034606218973 0.5660672027779734 0.5486935088443842 0.542233005633476 0.5647024273975979 0.566839640633385 0.6085707898644817 0.6207210247410601 0.6502303309070501 0.6523626744192399 0.6501211843601891 0.6770561975271865 0.6963987408865995 0.7078003646761858 0.7316508378679851 0.7242932447075987 0.7167715452284037 0.7607970990961685 0.7827538148839179 0.7730890913404458 0.8041666791720217 0.777858021952046 0.806651908807051 0.8201560073079485 0.8225172325076353 0.7968864364415527 0.7965662003971422
0.4250117936469645 0.4315808800653371 0.45771914500471506 0.4569570295185032 0.4280389818293477 0.47678496804555937 0.4892382369433602 0.46350851973924834 0.46706450563679774 0.48030792288377433 0.4799823804939506 0.48339010164279844 0.5399225154372077 0.5477379167405039 0.5285827038018508 0.555744453127891 0.5985700986110981 0.5916941358861129 0.5471468026424305 0.57469429795775 0.5926809963009663 0.5830153060681434 0.6035868665472777 0.6181022372554119 0.655245128863393 0.6811359854997499 0.6650415755750159 0.701228978392773 0.6895117287584904 0.7187243510120181 0.700884419619437 0.6911146615104017 0.7015061736240105 0.7386726306782213 0.7854075058230426 0.8068211653286739 0.7974157020730487 0.7800237807548716 0.7879402452562515 0.8059051148408812 0.818990284338481 0.8071436724552176 0.802668766564001
0.4291434731673122 0.45549895346619956 0.4569782165994425 0.4314901090723167 0.4409036842433262 0.459435018188781 0.4699324576927229 0.4747998546266477 0.4574956133600491 0.47718420941177747 0.4765441428854876 0.4937916183026474 0.5467697702333248 0.5587057041471486 0.5505377150482162 0.5620145310119018 0.6010441051667486 0.5898817285257244 0.5727071287809107 0.5894128625745395 0.6125680075510745 0.6263022895011755 0.6365722731926405 0.6687339810420324 0.6757389318805405 0.6915217518881147 0.6823462065733777 0.7066480915758534 0.7222835645007828 0.7084200293777171 0.7155367015259582 0.6887529827921364 0.7319872545396015 0.7624034961689868 0.7741493975808144 0.8040390497365887 0.8260584598428634 0.8123471520185626 0.815913930487178 0.8021798545067479 0.8121224918718605 0.7865130004218847 0.8053466507031388
0.44316798680439273 0.47053752056586545 0.4765831931313034 0.45780434695041294 0.4434686564735638 0.4586788439251521 0.4706115307328376 0.4756329286261329 0.4890487151481731 0.4883915921822887 0.5000857376648941 0.5116647139519533 0.5162778460095176 0.5589681953008637 0.5826330938481624 0.5998097446265125 0.6130697253843932 0.6056225206115586 0.5982521061727604 0.6149534873970687 0.5947904715953136 0.6385036555850689 0.6541228849783656 0.6951256503924875 0.7133102703977874 0.706159319795922 0.7022581439543427 0.6929034231365723 0.7330252902686021 0.6953804335423687 0.6963782856283471 0.7206765291659407 0.7197196443329812 0.7761689023071401 0.797096364655823 0.8127035251452372 0.828539176821204 0.8215224678534264 0.8079552520506664 0.8065504930850127 0.7788116985596287 0.7850636608818137 0.7748056283253107
0.4730985038397824 0.4501367645681735 0.4671636033355237 0.4743396466576114 0.45324003692463655 0.4585225702407981 0.44592468285403036 0.46945359022562483 0.4712948623689087 0.4841530122100172 0.5010314737875787 0.5095070189837303 0.5171692757059623 0.5451967145144577 0.5625061776384933 0.6043213852697165 0.6158650817091964 0.5982624468766131 0.6200059867655721 0.605357900487077 0.6111040783106458 0.6443894375993882 0.6460180793694734 0.6866621436437139 0.6888273898612911 0.6988653184656762 0.691993753695753 0.7086114839838104 0.7227974787497352 0.7137036051704755 0.7231055846031338 0.7269206292264206 0.7386549621782829 0.7671419865269216 0.7906752015122347 0.7939558764534719 0.8124530555684122 0.7992334213361042 0.786082822879401 0.7873597018652858 0.7927973339555211 0.7750220008960379 0.7957166725892175
0.46500402545729697 0.4755593862458915 0.48253505966927807 0.4790867718669215 0.47622650472621636 0.4822344477803142 0.44719659205866896 0.49276865523307384 0.4934336537307478 0.5095692034484051 0.4884657216235715 0.5129682312094516 0.5534563647568662 0.5749139366340943 0.5805151944025007 0.5873166928452335 0.5856039318335219 0.6254599458231982 0.6420556768622774 0.6430007857734527 0.6317971629464985 0.6611381856193097 0.6583369822984624 0.671653817523021 0.6916282707531106 0.714363500417737 0.709575553832942 0.7361086957348971 0.7612225358277517 0.7625400803031129 0.7352585501616807 0.7155193263385602 0.72297270131517 0.7342038896219797 0.7777673444265131 0.7910460426225009 0.7968721267221668 0.7927278034091532 0.8031704417224289 0.8059775548199198 0.8028582298090964 0.8043106728126562 0.8155213917030031
0.4608372285356604 0.48302756921542517 0.47937587154528394 0.45908136869163024 0.4664042266374554 0.46883402315748124 0.4893915311130574 0.4908106667686908 0.4809847968564791 0.5243324829195537 0.5034052083305902 0.5306557200579548 0.5445137905188506 0.5882328771069464 0.5862527557409293 0.5900449976147604 0.6005142150969519 0.6099244565760155 0.6445044145726887 0.6487444496291196 0.6735888642497599 0.658208942289438 0.6854072469069007 0.7027162820621835 0.6984154249280371 0.7212159373855276 0.7287784140237236 0.7684843624651277 0.762628144077154 0.7612125994207615 0.7282969034409326 0.7288445108222529 0.7424238055521236 0.7334446900110965 0.7597543594758353 0.7796185473986297 0.8107140629678091 0.8187759998176973 0.8230287328271336 0.8097952043505589 0.8064409318462614 0.8257818733961001 0.817569018745595
0.47375464878486184 0.4948912281675371 0.4695661441938873 0.4467493300003021 0.4638629549250737 0.4774626499677225 0.47166923149955886 0.48529561022083784 0.4882406958694025 0.5262073021361613 0.5472314769820686 0.5567537689687937 0.5658683382624763 0.5783777530081187 0.5855417073059044 0.6097844686667284 0.6405577898425813 0.6606629808997597 0.6344776988144503 0.6698512400448807 0.6767786388669004 0.6680095339876231 0.6804888914179066 0.7052173484985312 0.7080891572707051 0.7504677624596184 0.7603850350589471 0.7632986930247992 0.7634646018952002 0.7736333557827034 0.7658288901707049 0.7325912257999607 0.7149684628699057 0.765178313559158 0.7697483433207987 0.7737717868635766 0.7931466364765253 0.8375002024508208 0.8380933688083729 0.8392838941694202 0.8300299314344011 0.8382434080585424 0.8323955936338515
0.5383845021650034 0.505081479211093 0.4980997064242077 0.47304027405313515 0.48135161087236933 0.49197918228746956 0.49077341026681026 0.4981068535420367 0.515528912470229 0.5572148492715878 0.5632376785974287 0.5701320765938316 0.5668731091051458 0.5948153492346657 0.6060712298019053 0.6433462273718683 0.6625873194783816 0.6794772040484766 0.674233790520541 0.6874185870598385 0.698788471742479 0.6972798092984813 0.7137578970235072 0.719884035100995 0.7298515546850893 0.7556117565912592 0.7697000668879541 0.7513852544215095 0.7693444922511169 0.7680172615076819 0.7731184644919505 0.7733743115969635 0.7469143616223426 0.772538817889307 0.8110178680308726 0.8238338390077434 0.8334713738606994 0.8266959702029827 0.8490716459568683 0.8548186938760571 0.8471455549956397 0.8263361372711991 0.8146132690791469
0.5518537721069563 0.5207831703461112 0.5118122426701834 0.5147136454320751 0.4997621793058393 0.5297750247263431 0.5457142088739823 0.5356321351136678 0.5635745224528369 0.5504449431836275 0.5602580163333643 0.5812773021591241 0.602997126437359 0.6188882671801526 0.656069748275454 0.6593776795281727 0.688236921935805 0.6646559779041732 0.6883655102260017 0.6946784149534766 0.6742185168017609 0.6873527339037793 0.6943656085587608 0.7041829115969167 0.7475531501430576 0.7563302811212123 0.7491417527508736 0.756061841138666 0.7398003692464945 0.7624471907977689 0.7675723366131135 0.7562648155130086 0.7660154389575659 0.799593903941036 0.8030451625411807 0.8421881850614169 0.8529070424578887 0.830944396130892 0.8464839664851103 0.8728841251379904 0.8494939374826448 0.8358525451500567 0.8264296083096422
0.5707414102468056 0.5446149301455665 0.5207297258578374 0.5336809731981301 0.5400413796663341 0.5368767751637209 0.5688202945613496 0.5616656806173718 0.5480398535272057 0.585496959521648 0.5994894271331159 0.6060310451623591 0.6147796346136654 0.6386338804406286 0.6592878366625882 0.6655916630366031 0.6697138895866922 0.6543946555791076 0.6553729685111568 0.6568893855815312 0.6573420057535382 0.6867761119479455 0.6741446330207909 0.7081396645845175 0.7225853368936278 0.7368781218053664 0.7215749455440132 0.7216344242654256 0.7390981669131695 0.7342832293106835 0.7572671757716475 0.743204296503251 0.7614987473075838 0.7994051323666681 0.8146162642440082 0.8176717933882414 0.8266762664665026 0.8361317412961787 0.8313107016303365 0.8610604348758227 0.8543800085953733 0.835158766614272 0.826951498475673
0.5800074936636218 0.576440618564392 0.5662477502237419 0.5697835616442395 0.5636054305989876 0.5496916351691072 0.5773699658649248 0.5529160599395884 0.552280952333853 0.5840894583578631 0.6008561127071874 0.6340236364648141 0.6264498419979582 0.6399020503352816 0.6362564259874165 0.6775676360556655 0.6652801109883755 0.6491526287545335 0.6481186727484564 0.6689138094200269 0.6832967702091814 0.6905807630813596 0.6858626281182141 0.7058158054487308 0.7543334049359065 0.749884907073253 0.7069147455496434 0.7076957416125885 0.716251723338419 0.6982341608071078 0.714053307947535 0.7495907324526043 0.7766976300522778 0.8082657879158668 0.8244839264948468 0.8149907917277593 0.8388743803171098 0.8433613533804617 0.8572118360668838 0.8461139031463065 0.8454221875435198 0.8248137197735964 0.8556394111105257
0.5865696411745135 0.5828255205834215 0.5839833672414021 0.5490824244631859 0.5363792272313028 0.5473750935879987 0.5528428573443865 0.5535799373122213 0.5430336939902937 0.5668506996133444 0.6056097492851596 0.6341407248737496 0.6199071391913232 0.6193718662531829 0.6544271414977196 0.6658485774756289 0.671377200871314 0.6460262312525332 0.6746669147750408 0.6758710486078484 0.6677938832978675 0.6645415084106788 0.6852407974617013 0.6899036779138297 0.6981631354188488 0.7305822419927281 0.6955699684575293 0.6995913439410997 0.7095948141348043 0.6953552669237142 0.7302822018252064 0.7511550037666046 0.7808289133282891 0.7727184120546055 0.8083312987771625 0.7994683536922824 0.8102023447739556 0.8278850543959878 0.8225960335145172 0.8083004914486953 0.8000319833068077 0.8249407628894573 0.8400364881401673
0.5682945801492097 0.5782100254677387 0.5677217927549981 0.5636789227239408 0.5275140701079332 0.5619776296980258 0.5633291951099603 0.5430123044744904 0.554192975663547 0.5782800177998699 0.6206599928720358 0.6423313416538063 0.6088361985895322 0.643579518564776 0.6719139756600646 0.6881103787922961 0.6513395927530946 0.6507105006281768 0.6879816317179611 0.6639024116712314 0.6977056235637571 0.6775045461616953 0.6691973040380603 0.6875204970481391 0.677133474955096 0.7076132424995215 0.7183276554518615 0.7248124354132977 0.6995957267048197 0.7131488852243614 0.7013246097694293 0.7203557531220279 0.7605019293115569 0.7550742463748349 0.8020239220167625 0.7782909808247566 0.7818569204575532 0.8074290057640806 0.7889821336919438 0.8119680623669219 0.7918992014631697 0.7948091419241682 0.7878955003683404
