Raster_benchmarking/Raster/continuous/raster-131.asc
NCOLS 100
NROWS 100
XLLCORNER 1743164.7165043224
YLLCORNER 5469290.931818535
CELLSIZE 10
NODATA_VALUE -9999
[rows 38 to 56 of 100, columns 43 to 85 of 100]
0.6841606962842987 0.6792919460315577 0.7306323382134179 0.7207680360185144 0.7678214185462235 0.7793250058451247 0.8061379199425882 0.7879306488357907 0.774727091704174 0.7473169803867787 0.7234945189857547 0.772989848854364 0.7661679734629626 0.782186388515083 0.799303469876683 0.7814060741819403 0.8129878038013932 0.7837867930050348 0.7685560526576936 0.8326398465360959 0.8599096950809023 0.8527043895831297 0.874465273446591 0.8086932103751792 0.7469403324862571 0.738032104178148 0.7493609706534602 0.7175913986822542 0.6873123359876442 0.6188850169084388 0.6176482524437976 0.616621668816815 0.6190575173714367 0.5868792009711437 0.6033513515118917 0.5937270135217265 0.606014112996513 0.6326560390248751 0.6298798108416409 0.5998192892893138 0.627667413574299 0.6148535181465585 0.6197257864650806
0.6407826684821407 0.6672330258781884 0.7016760627097001 0.7422719484369963 0.8045783119031704 0.8388840744366824 0.8941485396914949 0.8087599411132531 0.7858534934479056 0.7544696346921499 0.7502637035545429 0.7669631505335006 0.7819757975936471 0.7978107438068887 0.7566530297892341 0.7642899567316407 0.8053737622843925 0.7976276032484975 0.761184380590882 0.8137494412215297 0.8289833619846685 0.8685546060692737 0.8805466692470679 0.811952639077032 0.7538232289658539 0.749316503150745 0.7552842509557337 0.6749168340321293 0.6553271787770866 0.6142413809617243 0.6326427715813455 0.6039611476522131 0.6414430195328795 0.5762684243259547 0.5749088978082755 0.6330590499516139 0.6393319550240302 0.6262771773103131 0.6575642504434435 0.6321519348739151 0.6465089467525402 0.6070336792641052 0.5814789106716126
0.6980644251228233 0.6658242407437692 0.7088656758155356 0.7706024177223724 0.7909831621222612 0.8414190467793841 0.8536936035721259 0.824646355881646 0.7722296503894954 0.7873374121033531 0.7968903998597904 0.8108763546998571 0.7580656013918761 0.7738947195869859 0.7559965611102766 0.7894383175153274 0.7652792879861227 0.7911648856388757 0.7675264383829784 0.7994275434663916 0.7773470847813936 0.8034626711769496 0.8403565389587445 0.8198403736605683 0.7607859116921138 0.7743983543463742 0.7214031608241497 0.6824841406628056 0.684872374484296 0.6640482480641889 0.6601890221721434 0.6153211658767073 0.6369760189322953 0.5970169614139789 0.6274482594311754 0.6166953101402247 0.5965023016487633 0.6251071266612657 0.6065612524938284 0.6086535055004497 0.5849722343507399 0.6292390333406128 0.5995163491052781
0.685996212608872 0.7234210269287606 0.7407761811690566 0.7597945205386039 0.7919767838913607 0.8181781122996172 0.8467067086705227 0.8319391605425417 0.8128836752808718 0.8042919205607301 0.8219297458184576 0.7802307498382527 0.7790210664290889 0.760772364635082 0.7698801751081307 0.7533629769308368 0.7816877202375302 0.7929996347971814 0.814286889945752 0.8198928327448387 0.7809760504479875 0.8097106625646545 0.8123654641276625 0.7855740024541108 0.7326250983735896 0.7622917897910063 0.7628714199891032 0.7010448655845112 0.672543910710282 0.6888892691974896 0.6337091989889951 0.6046167117645777 0.6370573359979659 0.5962205946572043 0.6242803728846623 0.6089968410377734 0.6216900473865014 0.631938602647037 0.5856731672579549 0.5554904807579693 0.5785366572716812 0.593890276284948 0.6114297675479998
0.7204765679809877 0.7516708823986151 0.7866300045966763 0.7978708334464808 0.7799272418851821 0.7799162268558091 0.8097785857293158 0.8600816531252161 0.8556279241463345 0.8736991440109095 0.8630429782119006 0.802598192610606 0.7907517453192725 0.7635024233237513 0.7547262383789782 0.749646900801067 0.7952191460997244 0.8177785415168872 0.8179838089644483 0.8096907540090101 0.7859847491155268 0.7511871972075737 0.7487374819525904 0.7493714117935525 0.6939410268348412 0.6934568756831575 0.7052319710051982 0.713322997612899 0.6572443510986248 0.676750077047408 0.6065825179784659 0.6058918790722245 0.5910985229142679 0.6349254937067931 0.6009135024429414 0.6339060686698945 0.6207583614290854 0.5949885834389583 0.5728782153515324 0.5511060968271646 0.5887574563180813 0.5844389148388203 0.6349131272900606
0.7051326807019085 0.7468521019133889 0.8122633566049843 0.7755931447594653 0.7701088983890213 0.7833521736319843 0.8240008318730677 0.8426641114731516 0.8684091404984725 0.8768448160179234 0.89931300320024 0.8567911548312033 0.8258423576800995 0.7900381077377043 0.7866045604738989 0.7595310622307999 0.7829676240019526 0.7923880605109708 0.8103766899659886 0.7892663102507788 0.8035436541879606 0.7696485955550182 0.6785300540204617 0.6981560417143565 0.6749064024209096 0.6997239685443397 0.6957018363783527 0.6979578035302119 0.6779026499031798 0.6658759182701026 0.6136214538688486 0.6045832594690498 0.5753801904421131 0.6393125947577423 0.6277891022085544 0.6277502478921458 0.5889232595401708 0.5832318578128363 0.5508815446301077 0.5476593903777777 0.5864277370601997 0.5623822940694817 0.6118571522275997
0.6753406455428056 0.7116579727073153 0.7639133293546304 0.8062053413234254 0.7594598857203971 0.7775891809059514 0.8167206521394791 0.8196265644468815 0.8756478151262297 0.8906521920759669 0.8681987934436362 0.8762805609534179 0.8274906534442944 0.81305958439852 0.7852306895698382 0.7804721052547079 0.8229373505224294 0.794272738131076 0.8239456978482229 0.7833304255254387 0.7671740608806925 0.729023826108821 0.7038147716877586 0.7045097118218286 0.6968523390317273 0.7198791318074884 0.6883043480281011 0.6810804176585673 0.6573382088171025 0.6518903593240724 0.6202505193791066 0.5990709052749151 0.575061131347231 0.6180222631629095 0.6320662968606715 0.5715231080774205 0.579992287787821 0.566528131928626 0.5574660309912006 0.6110923030139382 0.5821913470136536 0.57595394653913 0.6081769564322349
0.6893690246207669 0.694304755984734 0.7572527360717368 0.8070474010253325 0.8059735979648822 0.7971877157308286 0.8268204481365427 0.8240588125932055 0.8645060154838664 0.8948685215121834 0.8567724584258386 0.8627177222548297 0.8451973375688469 0.8400972315659379 0.7954920602360995 0.8071629730953396 0.8248764158140421 0.8376385361017785 0.8198073561173278 0.7977794678539822 0.7369299049549598 0.75391008031641 0.7141302053589328 0.679951749141623 0.7087427134814448 0.7309880282871939 0.7141537740465037 0.670858280846685 0.6390433741093017 0.6391457536113541 0.6548651096652133 0.6106834412451435 0.5813170283124954 0.5900817800662315 0.6036481896237869 0.5916581423344485 0.5753866419265288 0.6097010788177611 0.5819213816190986 0.5931339731699968 0.6144007689198591 0.6067089284277398 0.5781983872077052
0.7216325972028758 0.7342578694407318 0.7834501466691761 0.7763416540437005 0.7789859921977786 0.801244750195608 0.8683893626159447 0.8905480614042874 0.8784095792824548 0.915691032002838 0.910704785573648 0.8781079194459912 0.8620829197542931 0.8068063336273698 0.8252055153279341 0.8098024696678139 0.8301022168479575 0.8053243065286074 0.7945184127959377 0.7726888439138565 0.773094797937917 0.7183541519586731 0.7213662929407912 0.6788164699297771 0.7041785196452123 0.7013011016933511 0.696973472690121 0.6654797430704039 0.6591428584858646 0.6207899922867427 0.6511946180118596 0.6158229852047412 0.614972597186513 0.593785367234241 0.5884104604510126 0.5808729633777007 0.5669611737002479 0.6023741797699514 0.5671112211668007 0.6048840525583948 0.5658447416527184 0.5609728027841663 0.5955185781864358
0.7383248484071064 0.7456704785177045 0.7524002180275999 0.7975916429479077 0.7752881298213503 0.8392677695837492 0.8671363086301974 0.8698643642655931 0.9108275578435459 0.8996484117980206 0.9084065105560207 0.8873670569161803 0.8286216127762768 0.8253578360714617 0.879702300955003 0.8717888047909033 0.8394173584727525 0.829671952787276 0.7793448934030899 0.7612570149601383 0.7764994427817553 0.7556172541091528 0.6726084745867692 0.6908133321835 0.7085173400002569 0.6784919716678949 0.6934715807004467 0.7028225834354725 0.6454849818261171 0.6332142642658962 0.5949788904466712 0.6053260550675211 0.5543320082446405 0.5820473060670276 0.6169519814053872 0.6038118185438759 0.6237973499499677 0.6068112977216833 0.5743234367616673 0.5730062072278659 0.5850408256037484 0.5876123671521547 0.5727312267517035
0.7162434477069665 0.7667868389285953 0.7977586284976821 0.8038215844027025 0.8275746708434919 0.7967051642336785 0.8168822668184956 0.8542310890471138 0.8664051991981844 0.9013589954178817 0.8940285688224789 0.859528125632238 0.8782651092982 0.8550902504226856 0.8958039606629088 0.8550680452688122 0.8352613389318885 0.7847459324332788 0.7895652203246529 0.7901658987443944 0.7567659453462438 0.7397621028188236 0.7112420478606527 0.7079488272874253 0.6557948573620027 0.6676396211228788 0.7058083125585354 0.699352738013571 0.6589034208217608 0.6260095780106925 0.5974985488288611 0.6043536132197985 0.6014488653193353 0.6132525651732655 0.6297767101033311 0.6030856825820536 0.6341815218854429 0.5793668966614831 0.5672380736186781 0.5874597575712089 0.629551439869624 0.6260990862680452 0.6111675826104516
0.7084224544514787 0.7114550356818429 0.7534360286303415 0.8251186981053056 0.8477091790245033 0.8127593432686034 0.8048377912227804 0.8421289089838189 0.8455344527857259 0.8510834994653689 0.8746927753447873 0.8994663754535926 0.8825435652236888 0.8722245659171213 0.8864180389975862 0.8638232009783338 0.7899643184774052 0.7992895674721283 0.7996501188162805 0.8040395720514886 0.779068838053691 0.758652827913082 0.7457874231463932 0.7066301478275636 0.6467155415415271 0.6688251121888026 0.6867640016265344 0.6757847951156444 0.6781050723607166 0.5946001610717863 0.5695723705329908 0.5729890177952205 0.6070615080693932 0.6080000070358325 0.5975868422513526 0.6447776879906412 0.634198663261843 0.584202877255305 0.5537148775231971 0.6152877754203717 0.6394191183998222 0.6626789828538975 0.6899271154694963
0.7178724679694449 0.7209829269626921 0.7525275602551574 0.8066946960606621 0.8494888844304768 0.8502040423151556 0.8580827333643256 0.8413573940671727 0.8205827227097624 0.875443647797785 0.8538849973411019 0.8658843447306362 0.8730764807625434 0.8796734187681104 0.8685617705744881 0.8049795449896843 0.7957582089871105 0.8114495080266597 0.7982059550554649 0.781318544933809 0.7851513259806793 0.782640606587241 0.7470843690105653 0.7183976725775773 0.6763073876087038 0.6462536937656763 0.6678108765363475 0.6541525062842161 0.6241603991199155 0.6128943402177873 0.5544365913423316 0.5594378565929303 0.6081209810864711 0.5793601365174518 0.5887327546178478 0.646728445131638 0.6402521073642843 0.5977586821028408 0.5910567539458238 0.6217186208543566 0.6487992569628527 0.683777088495312 0.7219449944182508
0.7094209851397782 0.7459559474217495 0.8156686468821683 0.8117793893632477 0.8710099166914954 0.8421875927394419 0.8433685197047117 0.8410391824183245 0.8286948512558421 0.8801744417198114 0.8714209298776406 0.8648320869028358 0.8361173723161884 0.8571325077592102 0.8426674291074403 0.81673693663878 0.7996351565413342 0.7636020935668792 0.745820559650378 0.750141193163064 0.75601344691199 0.7604751492735962 0.7446343325971018 0.7121225972647641 0.6598398932849706 0.6611807238198841 0.6668623111052926 0.6318503831664156 0.6424790160840854 0.5897910697633566 0.5582123952100829 0.5855187191033924 0.5650748066012318 0.6107001787545315 0.621621491597727 0.6185381566868491 0.6358317170933235 0.5985037652665487 0.571422975795964 0.5832232466694551 0.6666930360531965 0.7114181452878778 0.7120221171347473
0.7311006942666239 0.7335351487665195 0.8172191389662586 0.8152281399713047 0.8432004491951351 0.8345015139895477 0.8047288661964402 0.8465098155064852 0.8639287502549413 0.8474013010985464 0.8635404632655559 0.8274327742581898 0.8468000821355711 0.8030468286174137 0.8318686099549805 0.8297875993948229 0.8060779892822996 0.7173105169131034 0.6890996523566414 0.7312449426561811 0.7366726179132181 0.7104157385038958 0.6701913643082263 0.6670149486424949 0.6928425541797772 0.6803864153296023 0.6832700938256054 0.6563199514909654 0.6312495948700243 0.6141416855832772 0.5592832965255193 0.5816072322862872 0.6109781474418373 0.6278486932569034 0.6267712835814927 0.6221760003701845 0.6495400065909462 0.5927277260246049 0.5886789280608794 0.5956024035177294 0.6276614127860383 0.6709838445937494 0.6945393969461896
0.7251511926362684 0.7416963985498963 0.7988592979900676 0.7915239449708941 0.7763620943320511 0.7840442211466842 0.7562411656195986 0.8224575352314997 0.8384143764396154 0.8161442326097207 0.815815985991612 0.8337774456167552 0.8167282818504782 0.7936208794930633 0.802980729074059 0.8162460490843311 0.764826228230419 0.7455762064641425 0.680381836454898 0.6881238427616566 0.6788057759679829 0.6924557603101862 0.6633221863082893 0.6410729895809959 0.6423570034376845 0.6486500417675274 0.6326451597545775 0.6152640199736803 0.6027188188872841 0.5901834766024241 0.5979081885691173 0.629977998339925 0.6175945926292801 0.6691300698598563 0.6773338600858716 0.6726939844971067 0.625565668697567 0.6056158913276928 0.5935440172749138 0.589993091495114 0.6560000689307582 0.6356330422457254 0.6968552915957161
0.775412753053757 0.7594170554024288 0.7711835182929245 0.7480409679810441 0.7480604748886799 0.7699652868362965 0.7600117852412018 0.7772182765985114 0.7970844490393226 0.7964823919460442 0.7809166588992034 0.8224510997211697 0.8079481006095376 0.7594401732031223 0.7795596365805828 0.7936929369093763 0.7368192442623637 0.7438791185726189 0.693218596012372 0.7119705611659924 0.694927872010995 0.6480667488409647 0.693125564231654 0.6737920823728627 0.665776411978279 0.6088377506487458 0.6407443074351508 0.6482852071226064 0.6550383191926319 0.655474149515119 0.6623165583292463 0.6799903704505652 0.6795991168673358 0.6569057225746593 0.6993059529879239 0.6705157122598274 0.6253906715676403 0.633044947997274 0.5974392138034488 0.5991341936445005 0.6085837215246521 0.6363679771856338 0.6627955190383457
0.7885375266275874 0.7735533999286329 0.7719548599289416 0.7252477572039688 0.7234742790645242 0.7466498975575419 0.746431628639055 0.8038526449913103 0.7993673557331457 0.8186393503261918 0.7944981375387034 0.8050191500779627 0.7980160393167786 0.7676541729588398 0.7385391464067376 0.7270941498351216 0.7500940945579562 0.7446108290263043 0.704748582085752 0.6760084811959827 0.6774638674884194 0.6943699167828986 0.6648378497162107 0.6575305857611693 0.6397999012458602 0.6342875083350923 0.6108429960569454 0.647701372704882 0.6329947609130795 0.6773484874580902 0.6845634986162092 0.6830440284422321 0.7317815946245847 0.7302620934203599 0.7226607769461666 0.6729316088459381 0.645710817512107 0.6135843569129041 0.6113786681630193 0.6098775645939476 0.6400596474679145 0.6539822757252657 0.6658478568241881
0.771895810891272 0.7816903864283289 0.7615788470870712 0.7466974507342562 0.7180414347088542 0.7197852594817721 0.7585032695561179 0.7759042772938417 0.8058513116227781 0.776666931257354 0.7873355385405372 0.8040771464977707 0.7528013360970844 0.7590186354463132 0.7573820534345989 0.7483921340842167 0.719075404840009 0.7055942326750042 0.7081055945603011 0.7088069510196077 0.7278953434741973 0.7249215156548962 0.6940874480314457 0.6676904528022956 0.6370391235102103 0.6653226544963047 0.6831699412867355 0.6390661635873373 0.7019031127085191 0.7041795396479629 0.7134076888205033 0.6939717001398986 0.7435589495180948 0.7065022464288033 0.6982672998960776 0.7189701321505514 0.7072993088159106 0.6727082659295138 0.6018303043884375 0.6181954872702036 0.6468464853829251 0.6470747836579306 0.6539367079648037
