Raster_benchmarking/Raster/continuous/raster-442.asc
NCOLS 100
NROWS 100
XLLCORNER 1743164.9496372736
YLLCORNER 5469294.408153704
CELLSIZE 10
NODATA_VALUE -9999
[rows 76 to 94 of 100, columns 43 to 85 of 100]
0.82495937707055 0.8070984218133144 0.8047485334451273 0.7659050292663337 0.7638623196377663 0.7381845461552886 0.6982574638332076 0.713913730014736 0.7083017465518989 0.6661345663242764 0.6452291507046599 0.6264333200956322 0.6319776206304477 0.6394329797882647 0.6149312087695279 0.5968201753974508 0.6027520902224661 0.6002992323952325 0.5740813904940225 0.5971086028890377 0.5632130183673028 0.5759913613860769 0.5406555644124775 0.5300840234318777 0.48972594353378507 0.4755207158164901 0.4185526205109093 0.43361269612423087 0.40724266925251384 0.4157035320310615 0.42477225358125315 0.45202462075509886 0.4517131116363969 0.44920304029029084 0.4283128367240267 0.4192409571386562 0.4249939823882997 0.4247265147552751 0.3967221785680982 0.37747052911418305 0.39136007847749593 0.38840222620296616 0.4054183914337221
0.8332849463834606 0.8169564399902274 0.7977202557856967 0.7423531473000661 0.7086146089445663 0.7077139731031076 0.6857530032327163 0.7036842083579272 0.6980413141893039 0.6510077674979435 0.6429262456348157 0.6222930942107482 0.6584277525927554 0.6401089195943888 0.6014081661863024 0.6118463601541458 0.6040564752071413 0.5984091823903668 0.5776215238429496 0.5722326704179923 0.5644417290108295 0.5500988257488799 0.5642140942301215 0.5290272849088599 0.5115603917925007 0.45774429149952744 0.4108043268475625 0.437213637617796 0.4188292523890049 0.39719304196842364 0.40649467550121215 0.43535473907992367 0.4254000647993745 0.42989542818075915 0.4612764336068515 0.43261587201569324 0.4410261322612864 0.43570917368253825 0.41137863639592026 0.38921565374405537 0.3636777154058872 0.39083935349848903 0.3621955473561955
0.820953912602257 0.7911430118089304 0.7775671750218116 0.7502953370241726 0.7118927009024425 0.7000124635288373 0.6770964008347558 0.6836079306974635 0.6703328645976397 0.6475074828109194 0.6364157166429231 0.6364765571035225 0.6574766049819346 0.6450180376996525 0.6354336546279049 0.6249227799101154 0.5993080390181692 0.5932957201924449 0.5862323796140977 0.6071445395529383 0.6007567624872722 0.5634981426869178 0.5459676403839249 0.5524383655414903 0.4856473860020421 0.4386091394040031 0.39552172319119205 0.410038613439273 0.4275063511476465 0.41375740917917914 0.39889870570515934 0.41857141340661075 0.42927512618218794 0.43564664516112905 0.4616419808034054 0.45070103865340966 0.4114566865654834 0.3994208598894982 0.390555433904802 0.3833644192972779 0.3740282721318411 0.3893893349272865 0.35744971666019637
0.7618400890372323 0.7590227001421651 0.7495216050703079 0.7547997634896214 0.7456799034900881 0.7022443402567075 0.7015276275417079 0.6872820697467591 0.6640346313458279 0.6525198878920963 0.6085758962080002 0.6534094191426242 0.6772755493380352 0.6532637721268283 0.6770165489823804 0.6545756840246162 0.6366430001847274 0.608916272577519 0.631877797247885 0.5902725494963 0.5980579878442841 0.5942057050048629 0.5657914618713038 0.5263608743849266 0.48572571406870113 0.4642978079311615 0.39881340877717325 0.43145904255067774 0.4339460234227566 0.40853940172739894 0.3917759426434306 0.41355400868009234 0.41283808742372324 0.45184366294009537 0.44363610620515487 0.43555721577917617 0.4346413108617781 0.4257612491947007 0.391995365551653 0.3949862662267395 0.4035142788690799 0.37074080945920107 0.37948414041057
0.745680256024104 0.7529421946062255 0.7333792775262254 0.7385856510347167 0.7466672136247596 0.7169211201422576 0.6722134185538977 0.6771799991505197 0.6449271751536838 0.6327220602312464 0.6470125298222907 0.631950052891714 0.6401546912015532 0.6658003852817538 0.6459457018537516 0.644915648396675 0.6301285606626669 0.6170288898652326 0.6018524923922278 0.6022609085460571 0.5861661923512076 0.5664614055358371 0.5386049175010369 0.5216124315912759 0.5045204012266568 0.46579820570139574 0.418113150180156 0.40731801171045606 0.4035605935919587 0.4046747398435504 0.3921571934772841 0.39868062680143 0.40267097386749756 0.4409642622485897 0.463520383465784 0.4492261392043016 0.4433137791006299 0.40415493383437423 0.4031572906977754 0.407234514159536 0.4063822246768865 0.36711412339716054 0.35854691782091047
0.7217693443307956 0.737082495675737 0.7347329440001679 0.729782022047257 0.7015991158042165 0.6948967872946616 0.6365082567455805 0.6150651595101376 0.6282435104863879 0.6478674838262205 0.6597946137743368 0.6539995991290487 0.6434051986101986 0.6355265169530685 0.6049753004846514 0.609783050769718 0.6202892862997569 0.6025099209297579 0.5769813488393071 0.5736112016708846 0.5594602821564502 0.5552808989141093 0.5279893798274111 0.4959511161301585 0.4620016710190227 0.45826111376342726 0.45917962473067514 0.42072207758662705 0.4106221102485841 0.405202553313271 0.43430835919523025 0.40500770490041194 0.43902759610370246 0.4287139639719816 0.46311132712557174 0.46753585841514367 0.4409910339678495 0.44593225569329653 0.4318518064617686 0.39733384982905406 0.396307235919041 0.3703001085881518 0.3393677522349311
0.7212497157342431 0.7157953867363598 0.6946076467164887 0.6645677766967163 0.6719406720256221 0.645197953832879 0.6201857268294644 0.5915094999020359 0.61976073561361 0.6399060225782783 0.6590713558248308 0.64275682482893 0.6233432034813386 0.6167577662449416 0.5916979845734531 0.5929202985522221 0.5700441609522042 0.5595440969215678 0.5660628727101562 0.5471330946759325 0.5364931463478293 0.558664015079118 0.5385277225654581 0.48460336363481127 0.45222179136566726 0.4459285473925696 0.46381603482288936 0.45131538506594193 0.41730548213618734 0.4175845482328601 0.3952294537905268 0.40244127034024424 0.4386753479054679 0.4425674951033302 0.42355134392886284 0.4344634687363506 0.4607118450733004 0.44288350603408233 0.4340441532288508 0.41483220132905196 0.41626561587963934 0.38103415742332947 0.3534481925164621
0.7169058173155078 0.6965162474052123 0.6603975212574035 0.6314993110208154 0.6364749896828844 0.624395891917433 0.5846020032445945 0.5958362597643226 0.5983879532268986 0.6356910640697204 0.6301531344797486 0.6219324287927517 0.5897885745464727 0.6116612851412322 0.5906071460993038 0.5842289461450323 0.5545717586782675 0.5618955493394058 0.5462005991799913 0.5311883493073077 0.5495636133568712 0.5569872889803276 0.5412814752865026 0.4988501380073061 0.4505707055713093 0.45264683310502657 0.4280932994401749 0.4222084713352682 0.44038115134374345 0.41998115067169606 0.3831440538099812 0.36130919479860507 0.38949348929980443 0.40071002530826844 0.4366815179778386 0.4198850873104783 0.44000019556391917 0.43628178002275364 0.4438676111182227 0.4257498147123255 0.4045910056745721 0.40095889933976087 0.3571914857227831
0.7108076038981676 0.6765075400373727 0.6687829442107354 0.6484601466487746 0.6178153926102148 0.605680155905114 0.5813264266884023 0.5840558054353302 0.6086385948137993 0.5992111531144199 0.6042013620311572 0.6134848525904854 0.5852483534725643 0.5839929842511713 0.5597332490070028 0.5688505551349392 0.5898480022066412 0.5733731180163715 0.5237279090723732 0.5221357670593646 0.5362713497005166 0.5190557712610555 0.4956514346035821 0.49935945788408975 0.45546935148092527 0.4222052395581886 0.4093404712654229 0.42478549080098704 0.399101707299784 0.3849654415794641 0.3661058895197819 0.35444981556598926 0.3847965031466521 0.40478817365408276 0.4383275966067733 0.43483673632716285 0.43336583939853524 0.4297903365099963 0.42064317207134555 0.4244586397598766 0.41760083427342337 0.3843929597894773 0.36262409016425645
0.7091598779877912 0.6741401674284736 0.6673512880290525 0.6236659933490378 0.6041329878880243 0.581706954080996 0.5613208871817034 0.5871489134661213 0.5785445081956263 0.6244538637507157 0.6450198791260511 0.6058166543036566 0.6123001197575296 0.5558021674328355 0.5591856844816312 0.5832802216212962 0.592995604007748 0.593271129095681 0.5360244065099896 0.5373054658451818 0.5004673873071991 0.5046864168294068 0.48845826158311495 0.47279012125517983 0.4481544046115203 0.4240503388133896 0.44337428360576564 0.42705823582971597 0.3986848301717902 0.37606558828668085 0.3541880401823431 0.35797095735193457 0.3563552017802703 0.3933283053813917 0.4246392484607395 0.4337586841164968 0.40747985552994026 0.43110197281118096 0.3939446781937646 0.3948365885663528 0.38915444343536687 0.39757707140400667 0.3564579783584196
0.723538362840152 0.6754529887223459 0.6274454370573307 0.6049040359696988 0.5889127971063566 0.5699457932332835 0.5824600011269607 0.6037673214812778 0.59422851625103 0.5968281618052214 0.6236007005330134 0.6162481427571582 0.5708757710420562 0.5507199373596312 0.5442541734781671 0.5797310800933451 0.604481542782577 0.5871218205095043 0.5734935972079394 0.5324264794616289 0.5148964487469602 0.48415470770287644 0.4501164169138769 0.46079521560662334 0.4696876535203527 0.46276350731313526 0.45450765718569786 0.42311262288960044 0.40921195161378293 0.38255764290354527 0.35899439245896747 0.36833572467343423 0.3795533723974721 0.3593402111091412 0.4029750750637535 0.39766597937705345 0.4023490326597112 0.41691941147825695 0.4006278862390693 0.3860164673221123 0.40363862786470106 0.3805048318361176 0.358822428045593
0.7338733666658008 0.6676399000189631 0.6273493890815766 0.610385816006431 0.5983691448611835 0.5802393587803795 0.5840897125479759 0.6097266383953759 0.613811080901288 0.6188825620339569 0.6177334077912023 0.5900619616528396 0.571485039933059 0.5428632750074412 0.5394275426383666 0.5879511484464479 0.5884441024458513 0.5786707016538776 0.5622420170817068 0.5545164836227454 0.5153284199466044 0.48999196183662896 0.4426393062200672 0.43542453182300916 0.44715394732042985 0.4707648446316437 0.46052741177708467 0.4239455750467677 0.37771392853332864 0.38029324480623417 0.3710476086270033 0.3733435940618234 0.3527209874797912 0.3756203269537528 0.3653330262924692 0.3952368865621073 0.37963360306023947 0.41821904018704154 0.4070454481664787 0.4119390932579805 0.3981957524669355 0.3576864642903156 0.3482336684365901
0.7113710884160193 0.7006820665402083 0.6394317358842625 0.6234044041508419 0.6155674034365594 0.5837543886206695 0.6019828624718866 0.6066120491771079 0.5996258373409965 0.611698642934198 0.6279707811244705 0.6058011950186344 0.5573116886453737 0.5505303580234545 0.5438512093915029 0.5670568474728802 0.5879906203403298 0.5784707825224082 0.5377097453648304 0.5400330735039313 0.5191565007615662 0.511921890096946 0.49069163057930737 0.44892880242986183 0.42955765673209384 0.46093583959768025 0.44662218577821156 0.4012074214469551 0.36201163044745627 0.3790107798305151 0.384512950676935 0.36174806699815576 0.37778041972444115 0.3665418865331621 0.39114560478820964 0.36992052185219204 0.39962440247511255 0.41080777198950474 0.41585972057974663 0.4034609737481767 0.36059138135923735 0.34276116758250036 0.36951992341815026
0.7033769255694613 0.6710704229236092 0.6551576285739237 0.6308344547990463 0.5789429324853805 0.5891548175745915 0.5894776751267992 0.5873967672901951 0.6044360711367138 0.6207331253356572 0.609406670425431 0.5966132165941042 0.5641217308293475 0.5946592859525636 0.5960134530229222 0.5808698728470996 0.5928957719020911 0.5792818854766107 0.5411123602058345 0.5225744344868959 0.5306070547981215 0.5226385050198689 0.4938165570800187 0.4851916445973699 0.4363883271909838 0.435578717838011 0.43467429708548017 0.4164704498904995 0.3732187103914197 0.385444737243737 0.4026825886729399 0.38419904382817455 0.3905308891884534 0.36558561839730264 0.38672397405460823 0.3673515363920423 0.41038472275089394 0.4116468542598486 0.3855041607763567 0.3753518735342406 0.3423597344057083 0.35942046389544174 0.3592945923454335
0.7086110741873383 0.6846407468018407 0.6476462670003076 0.6362912867513375 0.6331545775534497 0.6168756594675294 0.5958547695061686 0.6005449442225353 0.6169848303034299 0.596118676409315 0.5963429270067223 0.5658997758652266 0.5754131657078685 0.5889040203745538 0.5676506113519229 0.563997369350203 0.5848585767317485 0.5650497394883361 0.5306870450139836 0.5482182351440111 0.5474211916447158 0.5354986588552314 0.5047770748560041 0.49748101696823127 0.46196378512296754 0.42474958262181334 0.44527873564479337 0.43294276562661765 0.4137737098237809 0.3934314284814602 0.40204846768304886 0.3952729437437005 0.3759735157075928 0.3913819404023429 0.3799228535872496 0.3755927700540465 0.36225814835003106 0.37457133924915165 0.3463703884825277 0.3392223740936884 0.3236224242634016 0.3328796850796954 0.327253697359213
0.7259733954321186 0.6969257388857142 0.6480346706010797 0.637303495378608 0.6358137214468871 0.5991856173017134 0.5901926453549498 0.6056862262062157 0.62158789359455 0.5911609555759257 0.5718866227457475 0.5803792232844679 0.5716501163188831 0.5838419137573254 0.5972817717675014 0.5563213916152535 0.5515858772425826 0.533976933338253 0.5331972049440833 0.5105707789062077 0.5126757119129169 0.524015228865556 0.5295801998757474 0.4873407663541029 0.46368598508797965 0.4479716267778146 0.4237010369940044 0.45519311755434094 0.4285459764819779 0.40219377915079324 0.3615369974041337 0.3647924951910067 0.37645308060192145 0.39839167967461736 0.3779872691851788 0.3496111885934937 0.34400801741140846 0.3476838337515658 0.35745631839906594 0.32912554152345036 0.3423974521189839 0.32529381523405704 0.30436503897893546
0.7105168004384763 0.6840265022441558 0.6517949926988229 0.6572043224366443 0.658865521389158 0.6325167232713721 0.5903772632866413 0.6144093253804698 0.6050544680377193 0.5825208777011545 0.5894334044982258 0.5640026210079304 0.5692648882801487 0.5695530337637894 0.5841816154301649 0.5454342735071359 0.5588044004825842 0.5640720516386459 0.5431095993660323 0.5198294185815903 0.5224849493849563 0.5331688013721197 0.4925573152980339 0.48861749644463187 0.4644063131495128 0.42671436850704264 0.4400188775790455 0.45423769206017206 0.42908004249983667 0.4231892370453841 0.41354178085798343 0.36725211719550704 0.3766534995271786 0.37460655702643925 0.39005317156095926 0.3756006384505391 0.3309125841907205 0.3376330798629042 0.36185674075996116 0.33645184138222195 0.3232504454176873 0.32606229326151326 0.31893580934093496
0.7171049569895885 0.6869927163288615 0.6550032695411449 0.6800884789964846 0.6718884542322365 0.6471533463166922 0.5977013682566997 0.6189888320754017 0.6045916328167829 0.6115454661831119 0.6051481485583465 0.5742651365880614 0.575634624550334 0.5718129724959428 0.5665863836183245 0.5335729551381416 0.5443297058611831 0.553220736557988 0.5554456849677405 0.5419203351671567 0.5227860355200502 0.5164399707847778 0.48502331699394874 0.48668424932881604 0.4574981085695754 0.45471110912556695 0.4424426485711012 0.4491533031833825 0.44460925803984985 0.4582647003725289 0.42810897260087744 0.42380996238748064 0.382241630398365 0.3927524179871434 0.37549468816655657 0.3393721845422969 0.3320904465756817 0.3623713560459754 0.3363739465102928 0.3208506001151433 0.35411421063583737 0.331191107627175 0.33628838737033884
0.7372792024588583 0.7263843241521102 0.701472605233387 0.694788509815738 0.6721318750947891 0.6460917255940837 0.6297219398801949 0.6029361128253302 0.6017319120459177 0.5916609021574933 0.5828926694637797 0.5799598210406187 0.5957897647394693 0.5660068386766488 0.5665979834499153 0.5466543642796017 0.5620335167802385 0.5434558441631187 0.5476991071321734 0.5452617598040095 0.5412951528508941 0.5256308866383033 0.5061786182590466 0.513988774089204 0.4840755249174078 0.48878513541402746 0.46311817027276825 0.48135312813325243 0.4508380329261876 0.4614967468731521 0.4610767153404364 0.4392511396510987 0.39258707238849244 0.37620538622972954 0.3613350042422238 0.3539632607239254 0.34787436866532845 0.36053433215374475 0.33903169895196694 0.33512146160562856 0.3332864116850571 0.34082432865576673 0.3053592844264854
