Raster_benchmarking/Raster/continuous/raster-365.asc
NCOLS 100
NROWS 100
XLLCORNER 1743163.7332480298
YLLCORNER 5469277.945837179
CELLSIZE 10
NODATA_VALUE -9999
[rows 76 to 94 of 100, columns 43 to 85 of 100]
0.24540807509252477 0.276624006591777 0.29223132835258775 0.33389451422178906 0.3280529133912338 0.3214471160005356 0.2972536910566958 0.2915810137429796 0.26714100262300006 0.24408999986459842 0.24619026217823953 0.23527122672557665 0.26779994068781865 0.308980256303602 0.31390600820283443 0.3255376683617441 0.3209754738993559 0.3399757504458031 0.3098940499810946 0.31708513252725473 0.36472848191967483 0.36991769743214664 0.3989481113850634 0.40227828581891356 0.3699655729053039 0.41625112131394587 0.39171499711581376 0.40115247859038056 0.43748187120713544 0.45267552431972674 0.427664668376476 0.4510361712728321 0.4238490813373345 0.4523393572472284 0.47120948082416514 0.481835449260247 0.46640193578827727 0.504749330442321 0.5131626469510225 0.5716347130979361 0.587487703599555 0.5974137211720038 0.6478374722058655
0.24228404249526397 0.2350664314628829 0.234912079878657 0.26156523673299953 0.2921419444142475 0.311239145822627 0.3018022743767156 0.29796880678702925 0.27574778446697673 0.256685905511725 0.24452776272535443 0.2668797603861007 0.26758399830016816 0.28552446265391895 0.29636117463392264 0.2651251633089415 0.27071957735027935 0.28163284609183714 0.2820177129002836 0.3126085215864013 0.3655761933817651 0.3586031575995343 0.38353257979127164 0.3696638541468464 0.3691386004409196 0.3569038587692788 0.35243537466985964 0.40414143327137375 0.4322058914397544 0.44849525963619585 0.43762081447041284 0.45732944045582996 0.4457391894627052 0.4558670726511358 0.4685890786812729 0.47061709360653803 0.49766307479232164 0.4719973647859148 0.4926486293744537 0.5470474883740724 0.5940533506088091 0.6093824874776491 0.6261683384131204
0.1942921216761757 0.23381467008654314 0.22664301059749847 0.26692400269180244 0.2633872222787711 0.26357413635652305 0.2847318715580565 0.3041475880776646 0.30572051024360786 0.2807320020746241 0.2503871770040809 0.2802369153558316 0.2569696807152865 0.27129435601284585 0.2405224026374121 0.2721914574092577 0.24940645360153263 0.2530618480801565 0.3281352468121634 0.30886842769049033 0.3457140525697969 0.35813458690552863 0.3447825586879979 0.3268705785232537 0.33915688899396745 0.35341125636637966 0.3416165381684097 0.37036303915996366 0.4007142145605115 0.41762211257265197 0.433341476357467 0.45783212497394715 0.4628229921733063 0.4465482627395339 0.40938514839357926 0.4733029210442505 0.4765349597083493 0.4759861595542062 0.5026760982409278 0.516441665954442 0.5801635943139084 0.6142384890580211 0.6288892200258424
0.21810558723282625 0.2316551156001724 0.2567544898583828 0.2599784761147436 0.25189480544708975 0.2767013205058398 0.2731015602517367 0.2917405952650945 0.31481837120773565 0.304423745407788 0.2708525461010046 0.2797855434407639 0.25294957587892675 0.27438843938233665 0.24106292547498184 0.27039142917924724 0.23740006531421473 0.24646783272419595 0.2962654128483343 0.3265442530145172 0.31462247661320003 0.336614733547638 0.3167940789466796 0.32205854910971043 0.3530696806443945 0.34962454391542414 0.37514115208907256 0.35864183181746956 0.3932736984409817 0.44092343978436593 0.43572400264724165 0.43848671489784374 0.4402054751570075 0.42039160990165625 0.414023888463845 0.45071603916736047 0.5110258379127917 0.5223271362626265 0.5080433307513048 0.5421458153395907 0.5820915729195901 0.5879122816238384 0.6074154602472959
0.2402798982137311 0.24700177098859735 0.23881774144358786 0.2528461597984908 0.2957363943345731 0.31794290257189184 0.31507568475724085 0.30499024808621483 0.2860852405562349 0.3042633242317245 0.3121392458083432 0.2962000857106128 0.2623215944217806 0.26400836476472317 0.28391856743741306 0.2751105144894837 0.23519835688662033 0.25526772989419444 0.2562747805650615 0.28924034044236635 0.29067107266654696 0.26959772277765975 0.2748647193003783 0.27794163538632505 0.32616082882226605 0.35207188634960335 0.3775695955266508 0.36291348749249924 0.38042321927905376 0.4224377659452551 0.4551122322739463 0.42790307994055116 0.4495732868347253 0.4573198672808128 0.4355031291884515 0.46811900095274867 0.5045041515373127 0.5538213983430343 0.5660337706037913 0.5869324233034721 0.5888780125548398 0.5844395794407099 0.5950893919093058
0.24266582660363534 0.27361169343308717 0.26769295912075686 0.29145050170204573 0.28345736724213255 0.28985632496994995 0.2673108332314874 0.2711387606993595 0.3113632938172119 0.2913611158953147 0.3048864699116722 0.2860992953106671 0.2781521579143597 0.2377039302799533 0.2803400309295358 0.2363660258968906 0.2038723230243865 0.2164607408286663 0.21205076009305127 0.26316241035877086 0.25252888562368786 0.2730357772185985 0.25122922893365585 0.27465930791469195 0.32604390748555234 0.34571185120701015 0.384785632755411 0.39231618014434605 0.4139407716904526 0.4098519459175224 0.43008159663265594 0.42008016708767104 0.4467355715206961 0.4566910096606775 0.44749981625812235 0.46764415156149813 0.526177770713835 0.5270127520937792 0.5507153950757646 0.5597902560767203 0.5489983171225664 0.6035502401529621 0.5907657537301282
0.28891302485650044 0.3152772184825779 0.30125571224702813 0.301637043538818 0.29156954871969437 0.3071839707072671 0.26573752728178934 0.2740595590591775 0.2925705243369568 0.3098495365704706 0.31046256729067134 0.26845742780356635 0.2519288534539336 0.24042087380981336 0.2585499853765915 0.23544109388046022 0.2110412493950276 0.23654100972045825 0.19741298083122913 0.2215710594407113 0.28004056518753884 0.2884030216250607 0.25025365626864343 0.29436978221441773 0.34849249755900985 0.3620311657173878 0.4090243808617121 0.41042097459963045 0.4000839855758251 0.3916080326249956 0.40403831317140587 0.4069598583611272 0.448481270970095 0.41544366002835337 0.4299023320666516 0.4591118851607572 0.5477662564769605 0.5180594083245864 0.5531101826180537 0.5379281162870949 0.548890285238752 0.5877856632513254 0.5942194636969411
0.3037353832800293 0.3080850090052946 0.27489658662611366 0.28818569121987764 0.3015786223855749 0.27926519773531827 0.27470847565046097 0.27624826795807655 0.28450810926194 0.25476166487884083 0.2824165020178926 0.2524195611203707 0.27008944165144555 0.288803723445275 0.2746327618427275 0.2557992207189664 0.22751778880759976 0.25124812726865225 0.26676714529528794 0.25110125902267455 0.2666610839757548 0.2882306130064775 0.2875368474068863 0.3152588052772074 0.34072868532529366 0.35154889550937163 0.40347388899500974 0.40081879358044453 0.40139263984995516 0.3873604923536573 0.391406490718509 0.38263639098576824 0.3882600098954616 0.41422520664137485 0.4311829920908595 0.48010174444474435 0.543993856376372 0.5423593207331078 0.5549714310144416 0.5432437626031915 0.5549533124625792 0.5688324472638104 0.6279382338413305
0.31346368724803103 0.3158448985881315 0.28944846720921463 0.2973377875877814 0.28036035048122426 0.2541966997679545 0.2732057572292473 0.2600069012328319 0.22432285335701954 0.2317667494426022 0.2716875150047722 0.24601539723222182 0.27936986386656965 0.2736518728384287 0.2923051089256147 0.2797323874630396 0.25794194547395966 0.27384943076080936 0.2751501773705511 0.298835005995738 0.27943822051826017 0.26724712022719876 0.2669293803283141 0.30487237415085683 0.31574047612881334 0.3286975136732625 0.37967920480809203 0.3359799441912008 0.3374937354369373 0.3729802284507019 0.3784312404755056 0.37857085807743796 0.38679213860715583 0.4005179520563213 0.4028943789970694 0.43867990709492 0.5253979346133739 0.5542387734740907 0.5461927234178066 0.5396823525686602 0.5836715090450918 0.6355353662352993 0.6437257748500326
0.3230135334578327 0.3263134224018044 0.31497938755929944 0.2924239471362945 0.26259829907085075 0.2759683212312939 0.27851523863939986 0.259078172228224 0.23597355870021194 0.21638957849355056 0.24256870631742414 0.23955328126382888 0.25888444939084604 0.27633289324256066 0.27535805339437386 0.255491661258141 0.2667032757359396 0.2678510506567253 0.2875749577256403 0.2922970094613685 0.26086853969827567 0.24576948910386515 0.2853234421755872 0.28585110666940616 0.325080594016159 0.3085411519403117 0.31590342246230796 0.3131920899646274 0.3218410845601921 0.36183500853662265 0.3755671123916359 0.36314229031414724 0.37905832080068286 0.42255079224625597 0.4023175262997804 0.4445064867597387 0.4791546205610663 0.5210134972327941 0.5640435382091091 0.5639831261672393 0.6124912107490953 0.6457865290100563 0.6693029983505137
0.3092093749423295 0.33522316704085764 0.30756963255160213 0.28370540438124603 0.30642852485572564 0.24898664881627655 0.25319964587066274 0.23991632281631844 0.21972488606134793 0.20412968129437897 0.19927131578057228 0.19792236964649945 0.23472400112115752 0.22281495285698893 0.2296350447000582 0.21185316187395778 0.24464170178777886 0.2240518574990355 0.24763391154477887 0.2524603251064988 0.2762286987853598 0.24910035986967252 0.253951623172957 0.2808154054136418 0.3028903635123697 0.3031098273481139 0.2895695230366535 0.28852939590924087 0.3143200116137854 0.35727012368386213 0.31664873130843624 0.36844508303727563 0.39519818107823335 0.4450633704204139 0.41059949686860797 0.42949936171539416 0.4762012243595856 0.5554776613489099 0.6112717280100782 0.5701764367157038 0.6081017654868447 0.6122714566329969 0.6498840289351192
0.31545297205683503 0.3264364078108049 0.30299778854524845 0.27799844227642345 0.27170966355896503 0.25465775364497656 0.22612353698052684 0.24043545684743534 0.21411981566239832 0.20466845726507177 0.1828535394498267 0.2206007464706088 0.18861105917586876 0.1733935298701324 0.2094170862887957 0.20554242444025012 0.21192051070067286 0.22086632253222452 0.22927153977969014 0.2282363529522791 0.25141890942427864 0.23867353041035658 0.2664236224196498 0.23808621520462217 0.2635579966530745 0.2722801991165551 0.2557904145424403 0.2734759227174983 0.3156169341257944 0.3425047520785355 0.3660591437029711 0.3811022649687224 0.4375279761235228 0.4474425652227983 0.44567058553206185 0.47068874386742643 0.5130592199047764 0.5304900290648 0.5664055238885747 0.558693375440507 0.5752536869652995 0.6020880400327839 0.5841224924244466
0.297244040948547 0.2840754840011439 0.29138025046347404 0.27863715436141867 0.24326980154244368 0.25691947209833754 0.24856029129234675 0.2570064978532613 0.27124836658788065 0.2524969652857016 0.20484546746603252 0.18004562417290154 0.15658353889176777 0.17166269236687412 0.13655458494682188 0.19179791049572986 0.19386459658027858 0.1911284931514727 0.21621362820756793 0.24333855475641641 0.26579477009546687 0.23972356422090776 0.2362198476798381 0.2423243467050525 0.22962142943526015 0.28274237903607913 0.2571520738226344 0.25220489655162903 0.3070749160636684 0.35679578371424314 0.3885052399244791 0.3798308672126095 0.43599358056491044 0.42452970951788366 0.4516862225241963 0.47204518049676436 0.5219611225435165 0.544462828759284 0.5099651838486282 0.5489166589012021 0.5536360825433029 0.5799317277745207 0.5984071611535118
0.26963057639854304 0.2656275694813543 0.2478634982149395 0.2634510067011238 0.2481598887317875 0.23414485878192715 0.24682070099788544 0.2552877352495629 0.26191455150490905 0.25699839375566946 0.1981927167493488 0.16059055880501297 0.1665904275282633 0.17495006285879353 0.12251937120654102 0.14321556463796156 0.14552621192206314 0.17504484189702818 0.2003608172721181 0.20280910219407797 0.24771188355668045 0.23441838780248056 0.2672253500510811 0.2717141091414612 0.26284124858431834 0.26940154246763065 0.235614281346681 0.26622231491308357 0.3216429190995729 0.3835128338261864 0.3924373869876797 0.4091536217861321 0.4351916670967553 0.4307043977330742 0.43464588855026487 0.46601477474935676 0.4932522423830854 0.5255454971951679 0.5401289288823515 0.5139754548277293 0.5643485268214448 0.5806600399364751 0.6032144228136671
0.25568327102957034 0.2382102770768934 0.2401462966642893 0.23330413561252034 0.2610643421503592 0.26064689531799845 0.26303339933426595 0.28549817738401306 0.28610305490193844 0.23039684788641618 0.20050619034360503 0.18269640019839814 0.17689867706485105 0.18268380365147355 0.139080617597341 0.13263290511728804 0.14247125405288416 0.167773398841363 0.1734098811930451 0.2047810117487361 0.22622100270734308 0.23410832298307235 0.23548023613148658 0.24588940121320163 0.28222477286994796 0.273549213950687 0.22720701394079856 0.30337713542549727 0.355328642186436 0.4087655287910898 0.4197380735573685 0.40896560032921414 0.446306547074814 0.4571950361169849 0.4911636736173468 0.5013378773486742 0.49434942569724066 0.5050625174874382 0.5228471026138022 0.5503708523903535 0.5267049294234293 0.5925024976150182 0.6087060413200959
0.20738302541755121 0.21401373057675319 0.22145464607347617 0.22490865071595378 0.2506917716722653 0.2643398578391544 0.2612495445527864 0.295960044245448 0.25598278842169475 0.24331913704314495 0.18407453186254147 0.17957405524813663 0.1887068902493179 0.16197714133004834 0.1836439579346274 0.16827501621929544 0.19398521555468484 0.19479311844607916 0.16469055290346446 0.1964204911906049 0.18256443715557064 0.21883550130623036 0.23492735332573794 0.24806814861833873 0.2435729677040366 0.29032681185425396 0.2812699965657022 0.30185634625494684 0.33845174492906344 0.401222696315709 0.42019839301833134 0.42603189056642693 0.46502577542085904 0.475436788743042 0.48994655388468317 0.537323292395706 0.534815082470739 0.5252400901821952 0.536217871560585 0.5505622152842383 0.5550424227976656 0.5485304743819228 0.5787080907646308
0.1825166259359116 0.1919633568388017 0.2043131518870377 0.24619814083865293 0.24154109738322724 0.2832527311554995 0.28658531878846166 0.2893287963647751 0.2500719088201326 0.2153563699615761 0.20464906437278974 0.17814540988342328 0.16187755895441655 0.19381762697989965 0.1758693825702913 0.17152560480290155 0.1733258329304579 0.20399238497201258 0.19939411367467108 0.1931396352306904 0.192974418802531 0.18023870358390823 0.2062658617085982 0.25855517834887976 0.2598547135525284 0.2695740771368193 0.3301505349764719 0.35623415205346964 0.37621689694806415 0.4068227112091346 0.39151702539013306 0.40925302651777096 0.40890676474718957 0.45476917194576705 0.5101879142622213 0.5276356576529904 0.5600223339834909 0.5646931900485608 0.546196266089844 0.5510068284785429 0.5666013096810776 0.5295196617914883 0.5207632535441197
0.1840537464628295 0.18821564573486071 0.18716805042768306 0.2296130452188011 0.28400770626700567 0.30941018273783655 0.3077323647738037 0.2649815290226631 0.25660034544125043 0.24687361107246233 0.2275212166606998 0.20313700336017404 0.18582388898426305 0.19663343413568418 0.20694325195463673 0.1714638855970042 0.17084137036853828 0.1787466720199162 0.18232996530284123 0.15667483989397749 0.186962938421805 0.18733714825189765 0.2027812525284514 0.22358588432022672 0.27980141701244754 0.2782506465646245 0.30172753929945195 0.34441201640289665 0.3893370386199536 0.3957404069268084 0.37668798539809667 0.3857576568220889 0.4177439827676678 0.4568421602043712 0.5222693666544949 0.5368843294739386 0.5330807387212463 0.5679583715384972 0.5725081528421372 0.5723148481176817 0.5568684357982395 0.539558062098268 0.4976181578112881
0.18549491549869918 0.1792767930908293 0.2104510254312862 0.2283668746491792 0.3129361783997986 0.35074003944238147 0.34261528054173607 0.3213925726952239 0.2848638814985132 0.2874291643909113 0.260586631427122 0.2688578248400923 0.23046687817402833 0.23475591673003812 0.2092845844016312 0.21712589254296605 0.20870290249002904 0.19700668620054385 0.14620354580322903 0.14124474134764775 0.17087235652197869 0.20101772232762796 0.1835514098654651 0.2452783529753854 0.2799300901832077 0.27970059513776035 0.32431317840963536 0.324249832466549 0.3594766739968196 0.34779201239003793 0.36043023709607364 0.3578322606633506 0.4076204333887178 0.460834554152084 0.5159652000997866 0.5597115693445485 0.5550908405444843 0.5649887945736488 0.5624620034101124 0.5662715432491973 0.5377346687667475 0.49774825310932413 0.4705787691371692
