Raster_benchmarking/Raster/continuous/raster-118.asc
NCOLS 100
NROWS 100
XLLCORNER 1743166.9080166796
YLLCORNER 5469291.028876147
CELLSIZE 10
NODATA_VALUE -9999
[rows 0 to 18 of 100, columns 0 to 41 of 100]
0.6517168758059836 0.686479185924597 0.6580923994262667 0.6467114971353053 0.6157964270285567 0.5634502822572337 0.5466522589615294 0.5464609897601879 0.5244938616523914 0.5362637185299988 0.5212294927854537 0.5099196818376918 0.519236043727558 0.5310674031686364 0.5211436670060158 0.47816679740115137 0.46179556639044106 0.4790731741939214 0.46302357981425923 0.48836243719522765 0.49323868637169677 0.47004622303339394 0.5253580874596289 0.5477000017333624 0.5770778599350919 0.5775369871391677 0.5824963330449547 0.6062042251321484 0.5939418529765815 0.5949867580820122 0.5875920822384542 0.6086253961846521 0.674373055596288 0.7058174208856249 0.700645175384479 0.6877711565665422 0.6734211301307277 0.7034486971970707 0.6864306886805309 0.7074391652410807 0.7232728007098813 0.7685998898459392
0.6630000226083547 0.6862140722181357 0.6625322952678493 0.6450753322093842 0.5987000490796104 0.5821090210539333 0.5640819892672927 0.5706787837300609 0.5522900356023448 0.5411908716311363 0.5453668097133259 0.5084339963805116 0.525941692152163 0.523359603529931 0.5052515124280075 0.49824477258627886 0.46502212935942877 0.459284306639207 0.46666468503265496 0.46701193262017054 0.44631546203145955 0.48829711536620074 0.5122466620873147 0.5271720039497494 0.5308250713737882 0.5445625503994487 0.5692049346277037 0.5993692356043162 0.5963880655576976 0.5932950835729339 0.5864074791031525 0.622484258448171 0.6415815066647808 0.6661170413812403 0.7232162918168551 0.6949254054509291 0.7051856075321122 0.7433786855076688 0.7040017788181813 0.701585371874435 0.7487598762463875 0.7549366116172699
0.6232752912142758 0.6563660703402827 0.6323895288348197 0.6441075441304095 0.6100324385997372 0.60323371141296 0.5975370940831453 0.6011705393844639 0.5678279545588777 0.5783630878121827 0.5409730264745454 0.48382335060035064 0.4867607340524613 0.5081167519777324 0.49740484347231345 0.47221718304502247 0.4420228417066447 0.43478369876676826 0.44645229458197533 0.44332089520501183 0.4502639873215541 0.4442719869815642 0.44692750196102127 0.4898621998751876 0.5139502221903429 0.5632925190594008 0.5798197296598392 0.571605546853889 0.5792472257871195 0.5494091276387639 0.6023531106375983 0.6424193462556709 0.6317862487491878 0.692222807725617 0.7060066470311241 0.7415501840430826 0.7349938352755517 0.760132313311662 0.7321401389781661 0.7425262439522949 0.7444383931631375 0.7069550042691538
0.6415223207865621 0.655915113002598 0.6649188585191417 0.6384044290717568 0.6382216218545174 0.6015163067004523 0.5733273445325 0.5905002065814418 0.570295504171848 0.5696227727293296 0.5441462903649572 0.4948736936762311 0.5063752448208367 0.4835657039452569 0.4791507476084477 0.4794320779341028 0.4314532000474162 0.4419008342716782 0.421173185441303 0.4287971483711027 0.45292465137364535 0.465216882384596 0.43400919543553296 0.49227982873487885 0.5085620071181799 0.5141984424076812 0.5409107561663437 0.544012514858638 0.5171262484528704 0.5645817666223637 0.5716960631027298 0.6167464914446761 0.6491440276957823 0.7052345797059902 0.7258460497085053 0.7331893733259451 0.7699244671659716 0.7766225924393348 0.7389469911094442 0.7594889173658115 0.7258586132770787 0.7115122751659576
0.6459191342189696 0.663625811415859 0.6626768762480637 0.6407632449909743 0.6010076879311314 0.594032929682026 0.5818638182617424 0.5707594315522748 0.5767560414645098 0.5430532999649507 0.5188683379952942 0.5140284212901198 0.513147648740389 0.4947564792869279 0.45946153647038196 0.4767685414710296 0.42574842937655866 0.4006785754022912 0.4111650355921198 0.39944212106723714 0.4248306013065455 0.4428693725105385 0.4447979038175445 0.4462364523138224 0.48656409323837974 0.4964144285999985 0.5149460545714714 0.5065092428849177 0.5461832507597548 0.5352716141458747 0.5692697892424974 0.6130465968629459 0.6613079170051205 0.6689998198388666 0.6996708847931873 0.7243361924560685 0.735524192474675 0.7616894727053481 0.7593301556179775 0.7790201507691192 0.7334294144013354 0.7107785311557231
0.6009993304434381 0.6325128574132791 0.6243711965007142 0.6138463407430551 0.5960522428872244 0.5879227333895654 0.5724534084594525 0.559853907025491 0.5213266328364043 0.5043999919295171 0.48720168161964067 0.5072333940009904 0.49162279256407126 0.5003385124405552 0.48189436495713467 0.4343663789779667 0.4139406396017999 0.39125636973957767 0.43335469704509616 0.43434349505653 0.4531249129906053 0.4844349086854215 0.48147583395930454 0.486053446022413 0.473354795558102 0.533245966014569 0.5417357310264279 0.5305079492113287 0.5389107192793344 0.5478244192700854 0.5675906287472154 0.6008936170727084 0.6355932694004344 0.6670128127451869 0.6617454576915207 0.6812521875452776 0.6790751200882861 0.734623911631109 0.732279881849021 0.742764012793855 0.7432603614381775 0.7147901544791715
0.5749247609157274 0.5687296919019192 0.5926326550774967 0.5398371239085972 0.5670701909274593 0.5317798930468969 0.5468534667542757 0.5605393633138915 0.5110530962881822 0.48459395018332835 0.4967089502440729 0.4615532987453684 0.48675104351629006 0.4502043917707293 0.4600468684154038 0.44503214130225555 0.4280008223098632 0.40637270848717644 0.43386739932978113 0.448070669082436 0.4886055413194877 0.47515071435403916 0.461918963942845 0.4777365601644414 0.48699484798012316 0.5263138091169991 0.5322843810454952 0.5459083813790495 0.5419217063323828 0.4932639672285476 0.5093077202824953 0.5310573206482004 0.567536288125425 0.6296576565587866 0.6234196429622002 0.6578525486626062 0.6824135744312211 0.6676956044111757 0.7305701108961232 0.7382638806663462 0.7452657743896425 0.7088753008890598
0.5515920277962623 0.5210156616714539 0.5410399347942827 0.5650396820818202 0.54865131202816 0.5246444376997055 0.5483780085525226 0.5677854565752869 0.5221867582693454 0.4993239907709645 0.4641944620941016 0.4601050325627011 0.45316605464006293 0.4631961569854826 0.4157232152553275 0.4191596904895017 0.4059575281079622 0.3923767680147359 0.44132080531784434 0.4764244273625969 0.47836572196604926 0.5071212378914529 0.467629292935755 0.5092729556995753 0.5185128686008854 0.538189784777956 0.5574696449396304 0.5371119661853359 0.5159094848236792 0.5312992592531205 0.538025703709536 0.5089229286689804 0.5351598098978433 0.5896381667525411 0.629177497261002 0.6291201510756105 0.6242459155493738 0.6736185860430813 0.7197925380454265 0.7351744252480863 0.7299350670985352 0.7294414945170395
0.4943251375262148 0.4534451782279428 0.5152639879218219 0.5448754891276868 0.5334582936569471 0.5529826984132904 0.517582046128417 0.5410965789511265 0.5318776119201368 0.5192397182643307 0.49350787004791086 0.45682759355927505 0.4313460934676116 0.4465550079111922 0.43054145718037484 0.4138078004921127 0.37829222495379156 0.37251979123768897 0.4294991692818009 0.44873208238107715 0.4856192432838702 0.5229109434644598 0.5127074983055098 0.49095718482711515 0.5344814329771268 0.5972760341883171 0.5443322757762532 0.512164607984231 0.523802556088225 0.5222913187885612 0.518740987542362 0.5207335705531724 0.5299768484227458 0.5340592446065504 0.6020480464275962 0.5996695918903578 0.6505076888322567 0.6688551940167766 0.7173378917769666 0.739714069779105 0.7406599495951453 0.8237024058523353
0.4565560543164655 0.45916767011200815 0.466884280180294 0.5052868790142024 0.5306319156191102 0.5297060263136644 0.5104880408739328 0.4963637099206832 0.48249698567721266 0.477395066063495 0.500485568942124 0.4796275115350739 0.4344763732721865 0.42872782295581524 0.43107889478913386 0.4131741572325009 0.4033245769621575 0.3846131027140096 0.4220164079022169 0.4639983453373916 0.4574185981021319 0.47137139989163207 0.4933377152792229 0.4803445701899394 0.5102928383204042 0.5518274996662936 0.5267848080218476 0.5119437128409737 0.5006827217191413 0.5407858458320407 0.5413888188958232 0.559162288416067 0.5473982002859517 0.5638442289929841 0.5879986119586599 0.6272406857706371 0.6515623943325841 0.6467589464889559 0.6922315745798198 0.7037568580511856 0.7467057155816472 0.7846858962825901
0.4622240018458664 0.46546067290941745 0.4488563089353026 0.4802245752160883 0.5200757469016329 0.5006083112570284 0.48762844354092316 0.5077453141307209 0.4819973057484819 0.460106222457053 0.45786553144949826 0.4867549501715254 0.4384336558626661 0.4100178630672866 0.40464334791866974 0.36913040021871324 0.3793784824382971 0.37862308831082114 0.4370609295090676 0.445508389156104 0.4273694368514239 0.47305852594143494 0.46576814540428113 0.47535250210712454 0.51768712908492 0.5295453108868333 0.5321572651281616 0.5516617972682801 0.5077841175776091 0.5174885567616269 0.5524568257836748 0.565948497094945 0.5614080098904195 0.570641283881127 0.5974156849028878 0.5959695780238525 0.6314049114200935 0.6611576770070106 0.7050259810792281 0.7187590145991676 0.7541188539492603 0.7642410565018865
0.47393087110795656 0.5008371143255658 0.48327861845788134 0.4982706030888977 0.4696509733821309 0.4721865430537292 0.5043948198038954 0.5252142494735549 0.5001865359938438 0.45452677499585675 0.44050696636451364 0.48581362265908595 0.46627131329410915 0.3981363177928013 0.3732797023508165 0.357105558396107 0.3594493109583886 0.37647732837075537 0.4145314012474696 0.4119808848388471 0.41723410618137613 0.4617868141220991 0.47948741457714866 0.47240767635103886 0.4695255407414945 0.5056373402284862 0.5395492079870061 0.5730816062378654 0.5509921786860743 0.5483868645808097 0.571073217917565 0.5626347823727703 0.5454615596950825 0.57740444290698 0.5728088854311038 0.6113530724846534 0.6602627382730724 0.6661152653132713 0.6578450306862572 0.6923349747725859 0.6925077988931553 0.7028214167208346
0.45555794896559226 0.4888512869573622 0.4747840547463799 0.4712145928668865 0.4869522060846342 0.5057146557441656 0.5121135719499691 0.5019409725413844 0.4669985530177518 0.45447989032712405 0.44912463291952476 0.46204420646747496 0.4168128057310658 0.4081423085045125 0.36201985598843667 0.37143365010630186 0.37533154402886565 0.39079813744162956 0.3963633616474992 0.37694640209181063 0.39220505601275785 0.40691175976736754 0.46390074517242375 0.4855245810856565 0.45485148961927496 0.479601135633507 0.49927665708658675 0.5540982253735985 0.5688729944277467 0.5543567814416237 0.562073001995459 0.5727694027801303 0.5376646088044914 0.543788034048896 0.5653996375069031 0.6227381082650992 0.6573246359574025 0.667822535636349 0.6422863264378771 0.6788761021226182 0.6498347225084616 0.6752005435353693
0.4548728968245017 0.46462201388675367 0.4753398262061942 0.48265727559953864 0.5030299279654049 0.4916888196998999 0.5162769393534089 0.47677262293301553 0.4515628933926135 0.4345929316477274 0.4287359834245037 0.4427490322587885 0.383747747765727 0.3619210296547437 0.35011180813269466 0.3813748003323942 0.39796695893096845 0.39635246694474874 0.3720159407664876 0.40911493095301915 0.39578243271808006 0.4370029439132014 0.44874261734017706 0.4435833593690648 0.4617661073594812 0.4626360634790849 0.501289080028868 0.5173181922949224 0.541526116882906 0.5351819700173285 0.555040236729575 0.5768217084004091 0.5480264351416728 0.5573864936451477 0.5647463051382692 0.5785892542174856 0.599995965626035 0.6117593868650211 0.6404764952431741 0.6497727835009576 0.6341695087985858 0.6677729847299266
0.42651208564057563 0.4805468681367509 0.4589325248646377 0.44037313561174557 0.46923827080903563 0.5144709172330887 0.5175461323566851 0.4428328106589077 0.4646798462904762 0.4781099655076272 0.4566977618094133 0.41920848967498403 0.3851477082114469 0.3427665256677959 0.34761477201201285 0.3605020507520646 0.3457745365198072 0.37434919636314096 0.3918110243890003 0.3967383898191521 0.4109524095600862 0.44941273330140213 0.4553898176060833 0.43289725732025375 0.4676178730031455 0.4636402862103636 0.4899204705663717 0.5420775923053346 0.5186059761107458 0.5384917475694094 0.5635605953295041 0.5407901531231923 0.5399834380960384 0.4955595870554679 0.5318384232959901 0.5707627007807633 0.5645646720534915 0.6024524824417222 0.5915862697706109 0.6194918827252666 0.6127121382270464 0.6493512831287277
0.42060537835749473 0.45386945359949726 0.43029975796197967 0.4568186219661837 0.4956036034443744 0.5139932341804566 0.4996298746602698 0.4704741362317648 0.449537431038488 0.4584458586009418 0.4287286921399492 0.3980174563766232 0.38552174785003385 0.33675255794801245 0.35341013376963815 0.35847771564126313 0.3273930421850968 0.33012727462015595 0.38108881930702293 0.411281200593592 0.4098454155209503 0.43193304376088 0.4481307105606709 0.46233124363711514 0.4654831169425121 0.4808188762834018 0.4843344903332596 0.54159155204713 0.5535270429219115 0.5484010584150308 0.5297869334476777 0.5512469288635007 0.5223149358236535 0.5145150045609842 0.5100144090985411 0.5455851297095958 0.5478557560189151 0.5734454885544096 0.5816559859897579 0.638580538269906 0.6270876783081537 0.6381432689277878
0.43776557715019937 0.41807305145492435 0.45238119096353296 0.4753825385893092 0.5044689754118895 0.5081786251053892 0.4745877452523469 0.5054067531083709 0.4827367370782705 0.4421216019241368 0.4161754609455011 0.40214819016812126 0.37699635607266807 0.3323831901559685 0.3216703037389705 0.29846684107038746 0.2963039326954196 0.28184019214976197 0.35229486600377047 0.40199351960884316 0.4309150268430272 0.4207616073442045 0.44599602614461914 0.4191913706710044 0.48607765892619365 0.5026808621783707 0.50859944765707 0.5155365696787876 0.5428645761361938 0.5610887866504849 0.5489431939080054 0.5337253540221404 0.5073539949609803 0.48898510658893385 0.544344942440047 0.5536356018506048 0.5241072376845298 0.5375598358712604 0.5578380634579824 0.6334052407047464 0.6541447610708692 0.6956787282988685
0.44936251157261486 0.4287448026666976 0.44954839900387267 0.46179242929377656 0.48872005935714585 0.49412646544799327 0.4708038676185431 0.45909468922768776 0.4403580038328563 0.44160130240261675 0.4123845341598054 0.3590148340393324 0.37541712036993 0.3321205911926635 0.3470965268667277 0.32248542920732853 0.3207212679897985 0.3201088001321844 0.35246939178558 0.39060762588032255 0.40320289679413707 0.43095909894717743 0.43913222334580165 0.44538396338606584 0.4630433168033005 0.4626847026211024 0.49815080078041 0.48578856161886363 0.5094015250862564 0.5206797641209137 0.5307032597461442 0.5127791152020086 0.46216464164304755 0.4603649934403012 0.5317810680149171 0.5332438652234083 0.5577503426794046 0.5603769792865518 0.557038326564702 0.5956111780857912 0.639240404098587 0.6291634669419728
0.4385055138205993 0.43754118625369515 0.45425886919970376 0.4284830606573778 0.4552753899504479 0.4519525362625812 0.4883743598334792 0.4599490212924455 0.4497399105044164 0.39491275042775525 0.3956695955029934 0.3454992231264842 0.3327853795887538 0.3322170000592784 0.3499488330188255 0.3515426378511599 0.35677387208457906 0.3544158284704881 0.3798554686599225 0.36017962900270634 0.3714182055901084 0.37512612094445635 0.4101820040499888 0.47239942730056783 0.4395278147203601 0.45901749098906797 0.45585199810802485 0.4782570310607109 0.501796652577619 0.5032783198281832 0.48056992604416787 0.4622762081890314 0.44496231631425104 0.4569926401918449 0.5158078461236605 0.5455277292935758 0.506117348950326 0.5039452117875455 0.561681448863109 0.5369876377391163 0.5852208226221929 0.6197239534757109
