Raster_benchmarking/Raster/continuous/raster-20.asc
NCOLS 100
NROWS 100
XLLCORNER 1743165.2325003326
YLLCORNER 5469282.026041812
CELLSIZE 10
NODATA_VALUE -9999
[rows 38 to 56 of 100, columns 0 to 42 of 100]
0.8489843649901821 0.8306393007902579 0.8279984910496156 0.7805722470520363 0.7964230101831381 0.7761697215639667 0.7570826319381 0.7825631680499896 0.7716318638278008 0.7310973610401289 0.7378264672605347 0.7139693754452474 0.7195759978772716 0.6874767302708186 0.7036423714967839 0.6845119809638154 0.6663862858462293 0.6025783772777749 0.5739592582560322 0.5670308743625667 0.5539399925590417 0.5095119331042381 0.5125473966129187 0.4857581452153115 0.4491850935924444 0.42864578769752343 0.4623937448901731 0.48601842976974863 0.45528363203241323 0.4683348339792391 0.4312134741119208 0.44315532266454877 0.4324721578828121 0.4162444234523486 0.3674029872914652 0.36644673284943735 0.3592032841111456 0.3490240683081158 0.32533032266878004 0.33823852619129086 0.32431507063256604 0.28654055296320596 0.24846798230158879
0.8644139311668807 0.8553399073520582 0.8354076033846319 0.7871568203829995 0.8080187638088246 0.803582078677924 0.7984767497878602 0.7969841832081047 0.7779571471627849 0.7356242168508735 0.7227849314378706 0.670976394185013 0.6766749347873323 0.6610548405837876 0.6862157016871543 0.6653023331063336 0.6395588748117008 0.6168480570461728 0.5924353307526676 0.5414356245665083 0.5578505811584751 0.5308322405576971 0.5011971613615941 0.4379219128892404 0.4197933567112881 0.4288034349433324 0.4724214572759023 0.4932033450304104 0.4823601504326795 0.47784131628574583 0.4289414302450988 0.42715150648066313 0.41790610143012336 0.4028781881496851 0.36758612412978603 0.3494147637429515 0.3482199687439058 0.3641078690132056 0.3625896441043103 0.34390966220084696 0.31132592425399147 0.3135826504006018 0.2596516686507559
0.8370247501554015 0.8535005749608857 0.8299022970819386 0.8119456166994293 0.775225967148803 0.7748046192630433 0.7792525276986028 0.7792028258152544 0.7626363446873667 0.7515350115721359 0.7221023516039455 0.6717349470135737 0.6545137510401647 0.6810326525404443 0.669490754025893 0.6352226746484204 0.6447770374493059 0.632536752682381 0.5899353462036074 0.5603413041719493 0.5387241891731754 0.5266387234169335 0.5146137567629516 0.4712652874163686 0.4409862063218479 0.4722542162160525 0.4755700010399369 0.4585222439989442 0.4453873057389471 0.4545643309435261 0.43383899920647895 0.43862704540749997 0.41462889973078565 0.374907028841016 0.3755710169104048 0.3913812656310692 0.3520516569501679 0.346043202851177 0.34586006683283466 0.315484764505031 0.30282832307498886 0.30605323642191257 0.2641159185273146
0.8120603881643276 0.8360506843544824 0.7943664888375837 0.7796521046673913 0.7952924573962791 0.7673174778518314 0.7852427391030299 0.8002126063772702 0.7408472420209335 0.7213089977411475 0.7091984161901469 0.7007841231183922 0.6646633290723418 0.6494905352218179 0.6633669030401411 0.6147321587014806 0.6260849532486631 0.60595179726878 0.5870565814181024 0.5236264867511156 0.5047167542325957 0.48221787094020274 0.4860042978011918 0.5139613131181855 0.4874057766246848 0.47232248090129936 0.4733957425700774 0.42451592852735337 0.42564700851439835 0.4309744006626864 0.39792500949063114 0.39463703219142954 0.3880712089792836 0.3940361058994524 0.39971315307316263 0.40404959247795197 0.38149395431965627 0.3756107185678603 0.33914246157435174 0.32220809160855735 0.2887001506462114 0.26921437854972885 0.24687660812125622
0.8207287573970361 0.8209730771089848 0.7867278006795917 0.7984103885306135 0.7842923196889735 0.7885436303448294 0.7719539601819713 0.8026368997579442 0.7717436679451531 0.7112880428445042 0.7028325937133818 0.6733588701811659 0.6581179234128265 0.6597995814149403 0.6389129334158946 0.6366845842520202 0.6040430690049979 0.5741433832818806 0.5482441786947043 0.5470162111892947 0.5159830324529948 0.5060159731156355 0.5260632601393151 0.5175365417728188 0.48853608455156494 0.4847982420743507 0.4451186877352523 0.43795890761177386 0.42489282504194664 0.4012872934571534 0.4065253867104718 0.3969750696958859 0.4079058252707289 0.3971831177626175 0.40999918121829104 0.39582668020806494 0.39980544049068023 0.3737212584631853 0.3361218672249244 0.3231414407099607 0.2841489576655487 0.3011501888747076 0.2675781313975053
0.7702333274922413 0.7779220010055211 0.7964218356662486 0.7917111028115875 0.8040971624754168 0.7665552206611421 0.7703430009058471 0.7979989155285222 0.7590520381731047 0.703751352827914 0.690965524500371 0.6199440396138888 0.6222259249985966 0.6330929396811743 0.6314451572142057 0.6483093826944818 0.6000897548286852 0.5874007616924013 0.540040874307688 0.540920910684576 0.5290104898540264 0.5140136688373055 0.5410816213246865 0.5272847452476155 0.4879046784632899 0.48737858291433495 0.44778710688932055 0.40413448981404143 0.4192074511357455 0.37795562044733044 0.40708661612584396 0.3866940783115186 0.399382163650032 0.4233534818002229 0.4251707692376534 0.39710358177945165 0.3858926121432099 0.3787421357532983 0.3440881051456146 0.3445613259595261 0.3105186377836442 0.2911760338955922 0.29674212194501887
0.78839307807187 0.7784551653698021 0.792097339262895 0.795426555476469 0.7954441006902205 0.7822095208348262 0.7567985825792902 0.7650773657806257 0.7683176293014633 0.7310791767090241 0.6488733124345186 0.6170876380159025 0.6259773749449847 0.6126688525514692 0.6092736317413248 0.5919220356334954 0.5858523243556563 0.5871036578798826 0.5248321686183055 0.4984336613662895 0.5012244137733841 0.5152485125000318 0.517695759623782 0.5051360831105035 0.46639963753347546 0.45273071509129015 0.4468079845497026 0.4434408180866884 0.4310999883756189 0.42949688788492996 0.4103399954013468 0.3754496998267122 0.3897702476638629 0.38137692655357497 0.3906921591818606 0.38695477985056764 0.3565429577275661 0.3449443090486549 0.35773402404210336 0.36595692975513006 0.3438886253433777 0.31109674310688523 0.31563661946140925
0.81795102797128 0.8149247688037005 0.7897736363196467 0.7868949681328831 0.8093875794182588 0.7828667867969458 0.7765204279653607 0.7519467375780334 0.7317917396648818 0.7307789014923654 0.6531861918123925 0.6138012931896192 0.6337157807683063 0.5991551432300395 0.5870012915668817 0.6052708600752936 0.5776960458566813 0.5618656190720014 0.5059019809034708 0.48191423651098614 0.4707364417500049 0.47804217662389437 0.5024959712978296 0.4750913695193575 0.4795963227403536 0.4281918839776056 0.4582422285106294 0.43324519844733705 0.4305520219676696 0.43095972131085436 0.41324996442912026 0.3800335346447936 0.3991194406603799 0.37457827833329693 0.3588820199143157 0.3461992903338359 0.379695055243311 0.34627877922298916 0.3581550563909342 0.3670755337366804 0.3553227722599794 0.32085429914881314 0.2947193161040312
0.8383548073948758 0.8321892758327302 0.8293354508111261 0.8358193489979538 0.8027579269106675 0.801585318215436 0.7854845221397248 0.7442253776670351 0.7272479006034889 0.7122315149744209 0.6618142092594047 0.6497648142296795 0.6090048213204475 0.5832509177657275 0.6111758948892124 0.6147701473815749 0.5662857585892885 0.5762610424451747 0.52672067540377 0.497264564468872 0.5114046661025424 0.5150881001862715 0.5024692609838787 0.4824492904099103 0.474090961917544 0.45184394973375264 0.4366909009692117 0.4338452435527108 0.41141220367517134 0.4207940370349828 0.43639578313396177 0.41787918313715167 0.39174948751156646 0.4033752418832128 0.3532050645576842 0.3563334299676357 0.3765208885952186 0.37821423705448604 0.3661913951298752 0.35345460451105337 0.338945633317439 0.31314489904892395 0.3272678162865978
0.8452535919926125 0.8361035290760651 0.8477407030677271 0.8485989455188714 0.8223881046226701 0.7921416927725272 0.790975211334502 0.7920878705018859 0.74049810998155 0.726698518524993 0.6611773603482297 0.6388936273243948 0.601590790585076 0.5890681458008249 0.6205295194818276 0.5902341171349097 0.5864814539389496 0.5843247271597689 0.5080453218115956 0.48829253627965075 0.5272160049598783 0.5065018115575226 0.4901027287081875 0.470370732313315 0.46722555629509327 0.441858281852664 0.45158452587098147 0.4084125968260317 0.39877616454638254 0.417997812778884 0.4168141888382827 0.4569030293176018 0.4186786069442259 0.4160768972188969 0.3939143642086408 0.3656194441137834 0.38430064895615285 0.39049924294866956 0.38495751591608646 0.3016009332429718 0.3024005568652084 0.3276391682796149 0.3150673594819789
0.838489178070993 0.8176376321973613 0.8254984148923903 0.8231675086636068 0.7992321487515717 0.8030538468176043 0.8035450268552513 0.770767803596134 0.7744880387797903 0.7354104926395809 0.6884185695089684 0.6540291807424645 0.6572176040179016 0.6415020880362018 0.6386727883125881 0.6176135505460103 0.5769544034838417 0.5719663798679036 0.525438765504916 0.5088325991916146 0.5308183354297386 0.5062288218964379 0.5135093089467777 0.5074056362252901 0.465082172089471 0.4473156416882541 0.43030646529042776 0.42249739156830907 0.4331653666778094 0.4319936500370893 0.44473823945962015 0.45426767342859886 0.4292341071400533 0.4192650954369958 0.39511384679503986 0.3925071560950193 0.39988733730392045 0.39978371361168835 0.3879589742863694 0.3354361270486132 0.31631623870309933 0.28758134872857144 0.27708275396373755
0.8600868671415566 0.8509619275995929 0.824620222654324 0.818449316704906 0.7807023150454463 0.7888566913321334 0.8055993772441333 0.7934714531716444 0.7567192290408052 0.736710671564603 0.7470005950201674 0.7210322272751084 0.6927786048040332 0.6819306835360868 0.6436260364624752 0.6502333047918955 0.6189202320948 0.5577825135525695 0.5413273938217669 0.5368300107614916 0.529377525492302 0.5090621310728327 0.5351708313013112 0.5285085934741163 0.48023757638105324 0.4837348044740137 0.432332677509609 0.4152979494099 0.44543814784291114 0.4517731391491411 0.4425308670721379 0.45891205061795143 0.45463645731196567 0.451570938469597 0.42690818542098646 0.41322162251987277 0.3884733106248909 0.40999214569905845 0.3977054477540774 0.36627098434152644 0.3412294802372475 0.28086242858766225 0.3078521529635063
0.8778284841111995 0.833106970538338 0.8187469132734979 0.8074993748438821 0.7804230755889303 0.7819982631208788 0.7899293385827335 0.8159222285441576 0.7745799701924607 0.7579313944517017 0.7492311409420002 0.7481876967169963 0.7399876030310418 0.6947624002786102 0.6685772974912219 0.665828855708855 0.6048986538471792 0.5693410065057305 0.5533450270620182 0.5570161378935348 0.5287133093020843 0.5416506489741229 0.5504866239703283 0.5322018126482555 0.5320354179967418 0.4847775016452574 0.4695931905831517 0.4301413848749832 0.4058490089715549 0.4357482579309412 0.4410573517940734 0.42138348466885694 0.4251737110472025 0.4239037482567827 0.44363611275967507 0.43856002248964493 0.4217397677101631 0.43041826738239375 0.3790551380806334 0.3373217469880107 0.31646047650883313 0.3233499081238461 0.2935955610221411
0.9043554802184053 0.8737750518707491 0.8382247330674417 0.7725259237467116 0.8095521987846338 0.8269798145079452 0.816346482879581 0.8307379525510488 0.8298400548898169 0.7991887738929033 0.7703831292218111 0.770094536366327 0.7220845154531612 0.735747742551288 0.6779545156050824 0.6621219570672356 0.5977224424295763 0.562928848642962 0.5813777328731943 0.5459385081770779 0.5355059875713374 0.5622815625806183 0.5808974283773102 0.5570934112348287 0.5374715508618316 0.4881365636604503 0.46856538587534957 0.40080059189619627 0.39469230316610265 0.41292974115636555 0.39926672311278055 0.3943749370062827 0.45263537766646056 0.45370391370558366 0.4514301639757615 0.4682727524162329 0.43574251977092227 0.41910732759346875 0.40118260149942875 0.35053528527134437 0.3281813744887918 0.34869657973167983 0.3193116894466296
0.8998590226017525 0.8630363945197755 0.8318762736120247 0.8085973852495462 0.7959741665384096 0.8268948675713955 0.8322168231127053 0.8441774470081655 0.8265592142308915 0.8209198815264531 0.7992958034735844 0.7509009481318838 0.7203531047146277 0.6906161808299526 0.702061441181693 0.6802092359071727 0.6160748945851849 0.5864242609542337 0.5801842198022829 0.5669722028284653 0.5988532317471001 0.5815936225050881 0.5768622540648461 0.5279940642125366 0.5000014802354149 0.46546206228471504 0.4649777820831092 0.44333952021785544 0.4190085041296273 0.4444566900812333 0.4359222724484178 0.41274452352275265 0.4508093583637235 0.45191611610431065 0.44293321137863084 0.4275162386879521 0.4168093672107908 0.3898984321527383 0.37590787374690005 0.3753686127323065 0.376761323947671 0.3466911819180748 0.3597500010237684
0.9051217005114828 0.882221990127246 0.858424575939345 0.8216479255280225 0.8399056689833512 0.82337354156937 0.8437090217905289 0.8383753251583015 0.8075819888524921 0.782779945368695 0.7735580848418413 0.7525745375542763 0.7240136884438304 0.6889992248537187 0.6648342068299569 0.6655705820378023 0.6118029542698655 0.6202415746176458 0.62422436446831 0.6269018200221741 0.6361948904364934 0.6077493003846323 0.5640112599347795 0.5265197806771127 0.5067902588889203 0.4928194343990966 0.47985640379747635 0.4857985462423743 0.46237186060595953 0.4327264530931103 0.45307267864261974 0.42510567269979466 0.4643522586608691 0.4760588059169929 0.4680001998245025 0.4178595272191609 0.42363853997350054 0.4069301674638424 0.39509605897511063 0.41366469728780775 0.37824093377071766 0.34947896935225614 0.3559574566708254
0.9047172172288775 0.8860061327566552 0.8423386271567522 0.8477035510553091 0.8506348701954948 0.815195066968875 0.8133347888710213 0.8200949608051782 0.821832745780243 0.7698878102297737 0.782157752917936 0.7440682149387189 0.7446957165821088 0.7250395397409174 0.6758438934773972 0.6684545605032778 0.6328195657934506 0.649587666061494 0.6474928609629369 0.655399668263751 0.6276651091723227 0.607574204565323 0.6051333668086496 0.5533963959540997 0.5439964902634559 0.5573184091697213 0.5343493466537517 0.5033817923001873 0.5034057999679602 0.48507697010690115 0.4881682601597794 0.4899558634598143 0.45802643113215324 0.46486891478344117 0.452476376310339 0.44426065822308547 0.4424023674781448 0.417828249589194 0.43930908710438527 0.4115226823157381 0.39594032393186873 0.3810231921926695 0.36358909617437457
0.9040566059635256 0.8718362008905559 0.8468915302894454 0.8716893002343731 0.864094711552976 0.8313884269420456 0.8049495613398201 0.848365762134291 0.8273592629314127 0.7740891071812674 0.7609514969177036 0.767956450245136 0.7375132140172221 0.7077328387664882 0.6920199258952144 0.6759466378676018 0.635266558784684 0.6387089707426982 0.6290471154123116 0.6296073576628856 0.6535914454828619 0.6487766829420631 0.6343727797455694 0.567413343433457 0.5588377564751731 0.5711015633510601 0.5399691482986376 0.5109197082081236 0.4955478264491032 0.49868882515092344 0.5228298144825745 0.5113326474617373 0.4826680234349035 0.5010771849051538 0.4635404679910193 0.4699120418986256 0.4659978320596456 0.46115809236507954 0.4380715923214768 0.429179186369602 0.41929835460277826 0.39870113780431327 0.39896122351117985
0.8850838040184433 0.8983658534294512 0.8942578495021842 0.8609446926821723 0.8367612294365722 0.8366387632617008 0.8140455144000116 0.8289158282531971 0.7831657771326334 0.7842872760729653 0.7828429632233844 0.7794796894852456 0.7531940477002027 0.6987270944919357 0.6793399140992542 0.6900071414224437 0.6645139578909784 0.6364682316874636 0.6717506639541445 0.6829246743634356 0.6594781253271653 0.6570614305416771 0.6446431637925762 0.6090003624980432 0.5802681880202651 0.5650583323416408 0.5644000054494064 0.553646413886093 0.5303441668802632 0.549808783449123 0.5303099148513103 0.5443599914740558 0.5158210301342652 0.503112319673409 0.49550129850387115 0.4972599463869091 0.4618140823762107 0.4526823366696461 0.4269337659675888 0.4269060604555389 0.40678878611240227 0.39392954853471773 0.3825200360397873
