Raster_benchmarking/Raster/continuous/raster-4.asc
NCOLS 100
NROWS 100
XLLCORNER 1743152.6266707613
YLLCORNER 5469280.857176871
CELLSIZE 10
NODATA_VALUE -9999
[rows 19 to 37 of 100, columns 43 to 85 of 100]
0.20368707960443166 0.21741146004866294 0.20480539281213048 0.20021240293520515 0.2295031181194158 0.29530477934326466 0.3097915105643169 0.3360384987779641 0.37366915563783665 0.4104881227155403 0.3955974685486747 0.4009896534426214 0.3914130690065311 0.4225880005485154 0.3934468812174342 0.36097464157356207 0.4081995829758339 0.3937447818190298 0.4140046636830349 0.42699152654441275 0.4406281448437582 0.4714321214239565 0.5147662467321893 0.5491783776697295 0.5444638711876032 0.5298597499489214 0.5608356134799606 0.5970290273073421 0.5833375779607228 0.5623316929702766 0.5521256546440992 0.5761364360283775 0.5893946178595422 0.5591574450854766 0.5411140885490131 0.5392487193073578 0.502037786480674 0.539238513123851 0.5125463648242254 0.5194904390235858 0.4985393143053925 0.4246936837283445 0.4217400116416492
0.18487547003529023 0.16760927281877414 0.16079960044543776 0.18572252490333538 0.18636190952524487 0.23859015124544844 0.32296142023091573 0.3757504657347727 0.411747892663698 0.4537763534527103 0.44504251775652504 0.4037844509720257 0.4483912964249568 0.465549588313354 0.45045548437854266 0.38419829563515334 0.40422768729228853 0.4683289892644906 0.47823765741347823 0.4639330256749219 0.42700533287365927 0.44111920657170883 0.508151040818276 0.5916029955400876 0.5863744670658887 0.6214565521349124 0.587104680833394 0.6131499094254269 0.5987172201713621 0.5299287891622226 0.5689961366274829 0.5087146178438374 0.5388986500141157 0.5810909154705628 0.5128988902270029 0.45415344806610525 0.4989077162883415 0.4723275341554992 0.46088381983487975 0.47088466466476525 0.4861512826435543 0.4643999171466641 0.42332302935310445
0.26007893712954055 0.2197018406584019 0.19962802719506073 0.2279301576464537 0.21673083562577525 0.22534214088964963 0.2991901739499209 0.3412018811740392 0.41813221402800843 0.4196228364179604 0.4230046701703709 0.4098651032003916 0.43506873878434127 0.4462604574169687 0.45315106087801355 0.4845708354296757 0.48237660704089447 0.45693115374298776 0.5011569949204473 0.432273571693498 0.4349617305559583 0.4797679266040584 0.5542560132949591 0.5499193580576774 0.5476188412827849 0.575748771174035 0.5834316328207624 0.5516280733341953 0.5245366919236142 0.5279062195279433 0.5544832173772329 0.56187499165393 0.57243726547794 0.5484043418118633 0.5497214395092562 0.49298294653569635 0.49872868414808896 0.5003918031202016 0.48972601477969163 0.489207671123883 0.48937302310656267 0.43119913932143145 0.4748075254218736
0.2939260108913371 0.22951145577925297 0.2697380815697978 0.25568625168628006 0.22412978124711735 0.2785343514297778 0.2902071652014643 0.3870552540558073 0.39418058704207176 0.4204015880626131 0.3962087469670481 0.393270278251231 0.39069573199604757 0.4698301622411827 0.4948248008885486 0.47885536196181827 0.5144034106626175 0.5304392192440783 0.5265494782968101 0.4761439921014845 0.438448031607599 0.49249893077779294 0.5309991935002533 0.5382406741640922 0.4709790038470455 0.4859791771767839 0.508091130159709 0.4840281600079026 0.5431991331048692 0.5347800569800584 0.5462773318363814 0.5843022730819631 0.5394829609870097 0.5721711752403553 0.5206980623658758 0.5011709502779895 0.5112507660410008 0.558586213405464 0.48588025156114206 0.5022045784224086 0.5065437915308612 0.43675125581338586 0.4405234016690474
0.2706022408152486 0.27015399408612606 0.24608927188031648 0.24235318994101177 0.2725157536855658 0.2633671518285064 0.34078433321428375 0.3120872354608712 0.36498785830356656 0.39531329810888244 0.34161977229788004 0.38359428227289794 0.38146680278818035 0.4442177257414402 0.4517030526308877 0.4870798531710112 0.48259376902971285 0.5216369153698552 0.531155164857492 0.5237333976128886 0.44881443083030703 0.4681760959312564 0.5067369478054483 0.5049205334850864 0.44637544253466976 0.4815198286684287 0.5063457850991746 0.4728426263286275 0.49889044708762176 0.5174378875899177 0.5191169736190673 0.591101059754763 0.5628728366524942 0.5713816527065806 0.5732252310570763 0.5820426758814571 0.5212102395253354 0.5542164225740789 0.5111823054930799 0.4990021998243916 0.4867521302726226 0.5050697969307493 0.4994404466517088
0.25944968764004545 0.2765831317238119 0.20257023149838793 0.25862612415153796 0.2921425596254683 0.3065824183549337 0.2835706089208286 0.25764003753555687 0.2982503943151926 0.33865847773038593 0.30418365920411067 0.3249242923527464 0.3443577766513779 0.3758941261090577 0.4069066249191807 0.477204799319285 0.5182430010173259 0.5325947504937915 0.48889347663851573 0.5293145198133461 0.4880713028964621 0.4297335601102596 0.4651426491722745 0.42306328170897406 0.45306221723149276 0.41260639491584766 0.4576890742527054 0.5127891301425602 0.4926930550443638 0.5141675894231941 0.5433908197515127 0.5512460875564917 0.5519168547693644 0.5033453288993059 0.5594005631878324 0.5935723176944107 0.5395068573092335 0.5686419696633811 0.5661927705014101 0.5661438052123715 0.5389046949584559 0.4998077073221064 0.5073473661305103
0.20294142671411786 0.16961976735648887 0.18392781216668883 0.23815383168108412 0.22322064862855068 0.2981434969744455 0.2726022980621466 0.2335906811412634 0.27159191612072475 0.3142748096187556 0.33146183170915966 0.36044507494685263 0.3944359513357629 0.4131260808260217 0.4574163174819159 0.4264266683949581 0.44258142260209876 0.49222574109550876 0.45580979438711067 0.5116443726459593 0.5026949481880166 0.4851857376753868 0.42156516099160235 0.45969329348158966 0.4788795795748613 0.4181760804686787 0.44736901755958886 0.46847213928998255 0.46425176147309616 0.47952415882107463 0.549813134916718 0.5832291112666991 0.5759422856746701 0.5908674106253706 0.5533248447795409 0.5737828383141995 0.6115630529766775 0.6216059713953638 0.6116692706388802 0.5669378122171573 0.5656221141615037 0.5298718959682672 0.5766311456575903
0.18500410843523882 0.12528825971418353 0.14470444559718068 0.18885784786106985 0.24261426365199887 0.25728757756929205 0.2744953630751106 0.22046478089393157 0.24774137579803077 0.28080171073095644 0.3473193403750995 0.3617422986534371 0.4029755258323831 0.4045192560339401 0.3839679935416595 0.46301944942895523 0.3995317421352266 0.4149582988561669 0.46065994084613765 0.49505563128468066 0.4638776265532461 0.46265624401044714 0.438442797636654 0.46966790446681117 0.49086259507083396 0.46323808206384853 0.4735808232554015 0.4311764371650651 0.4859237952287723 0.5424068293497575 0.5787593632557082 0.5804982726536849 0.5833318006158665 0.5848113030251479 0.5921459297030339 0.5611357196025815 0.5503140848532915 0.5847416320088445 0.5627005810666192 0.5811811801197689 0.6042730965937534 0.6217063264104216 0.5911465086675467
0.14063910536434066 0.1286145644192973 0.15275046290467653 0.16015937990623969 0.23093077980295101 0.28041023572502805 0.2835499847201136 0.2704663017841235 0.2961987418328318 0.2985255956385737 0.3295170087547371 0.3234370905979985 0.3189244267322417 0.3037980436574795 0.3550257777153946 0.38297323869416494 0.41702540746919375 0.43722812397439104 0.4234604938892009 0.4596102754920931 0.41416831352061384 0.4548653956483881 0.4291736232627005 0.44134907115795646 0.47294408279471845 0.4678509769918743 0.45002103566277496 0.4871566599024223 0.49451824322838456 0.5241899811732954 0.585387243076899 0.5640096486738083 0.5612397314025328 0.5638548573685288 0.5208898701110386 0.5365212399019526 0.5692850426798908 0.578489240866928 0.5508310941507545 0.5622271999404371 0.6354120499463923 0.6370537888954734 0.6489159560105241
0.19234628203979898 0.17264201998278825 0.19835353239566286 0.22061363753518345 0.22235168358532176 0.19562288404469258 0.2752745229590667 0.3193498511221486 0.31549964656639395 0.2902117588835877 0.35581688646074466 0.32081931053328766 0.34149616462795934 0.2755920208883302 0.3176330316946778 0.3528674083730596 0.426584192915096 0.4239294412248686 0.44088103238342424 0.43953314456095116 0.38954934866309054 0.41133408499348406 0.40456775862130134 0.4158903148563221 0.41948929360455434 0.4320214478614001 0.4705340095925317 0.548429137563857 0.5252099130333282 0.5724294575467381 0.5121021332500446 0.5261279915124889 0.558924198298427 0.4711394010441523 0.48861446731429126 0.5539887159357858 0.5624279207303811 0.567100240900619 0.5395065884105515 0.5808243471828395 0.6535102144396734 0.7186908421578271 0.6787314805901483
0.1946767622659896 0.22859672654745433 0.2141856529909184 0.20877949302913806 0.24903614795848902 0.20539107180915034 0.23723044464540405 0.31605843000066564 0.34045833343638726 0.3334166639698783 0.33288306917264565 0.3310071254380621 0.31062848557230865 0.3750775561135422 0.39845226999811856 0.4003048298628045 0.37915240149183127 0.3945754643991783 0.3976117065898868 0.40129323618906415 0.39052100951549307 0.4002729038826498 0.43023633775437187 0.414438320352098 0.4222400217158853 0.44061250564972826 0.5077245980675938 0.5405396432796403 0.5681073399889762 0.5296121601950059 0.5007120531075473 0.47743390340597774 0.5301048451973551 0.4814231862436371 0.4756371719991592 0.5069723542925929 0.539763819364498 0.541229959322822 0.5239478798545409 0.5666317281689893 0.6357517400622728 0.7020431420867795 0.6599495644387158
0.16141317983130457 0.21033372331748926 0.23775611134317928 0.2687718853268055 0.23553886210854785 0.23243668227085212 0.26628274968088317 0.3386317698402417 0.31376608835687964 0.29876859175547277 0.3428011485075433 0.34940655836460094 0.34315355695068156 0.3763580607744451 0.39376719424846013 0.4379677568132998 0.39736929121554776 0.4156384614592732 0.4164364287919058 0.4319877542700381 0.42024645212637657 0.4309125512941009 0.42745570127144744 0.4326525855924062 0.4086880332365497 0.4476135876530707 0.5264804525542724 0.5292331308711289 0.5379135230307633 0.4896836962648523 0.4721823823890936 0.46671771409741813 0.4560362496684423 0.5029693721842119 0.5108298243698695 0.44464011914357393 0.5082749939924832 0.4936843017228308 0.5217353885532457 0.5869675277006889 0.624291078738673 0.7071458406578532 0.688469094265399
0.18322381006585248 0.19282022886994965 0.21461564172689487 0.2731464889303654 0.30702135641141726 0.25812829697649864 0.28726216370184154 0.3371672328217055 0.32055705939145807 0.3428379349963892 0.3444823691564424 0.34300905252388486 0.3869226796356884 0.4410862618421361 0.4574310179787292 0.49784496800686273 0.4645429688820016 0.43542803694539994 0.47433627308313225 0.46767042107402346 0.411380562171088 0.36737816728243816 0.3810169393707715 0.37072098778031715 0.40945919231850314 0.4213521226188964 0.49361097737709203 0.5280863292788972 0.4716996342028062 0.4925059599179217 0.4542592891491529 0.4650881968457037 0.47423090282520286 0.44809792544342497 0.4799871171456217 0.47995921514522755 0.5141366944012854 0.5495446703539054 0.522920642462476 0.6276641053551779 0.659454367423009 0.6705562051487863 0.7278770421872602
0.1968520613388621 0.21938127980372962 0.27610479882848443 0.26593101856898704 0.2690210026859675 0.3162095315530046 0.2895066305724358 0.3353679210511593 0.34467108177363653 0.31607367665766956 0.34765409500363986 0.36659922642780673 0.42641357206508135 0.41675433967166486 0.4224360136857708 0.4856554070598259 0.5054669023130856 0.5283257111808187 0.44698770376198427 0.41166800714051566 0.4116855705997224 0.3902049798795453 0.34655858334043294 0.35716568681559047 0.39416955114041713 0.42528191540729543 0.4881067033126904 0.508590034750238 0.4708456418845432 0.48027347000395737 0.46086398421999136 0.5078046995943408 0.47942019845993294 0.45085346476232663 0.4449050142657393 0.504865740899662 0.5183629959920244 0.5187271848922365 0.553140495329184 0.6138652879470642 0.6751431235395229 0.7190865229665804 0.7307993557624353
0.24230219742117934 0.2129785467639325 0.2740163770989564 0.26088619059478396 0.31887406099085086 0.2958028102263857 0.3496042582433353 0.3627280804279273 0.32213832906296347 0.3337256867767378 0.35623599236974784 0.37886395857997823 0.43079827043983104 0.4663392275697963 0.44414032479053855 0.48702265493172325 0.49726419494875046 0.46271921094955676 0.4443614963023935 0.38213684742979 0.3639363582994554 0.3688651407263167 0.3903419578444223 0.3365112612039219 0.40544363190160704 0.40813043822259604 0.4634026328354054 0.45158289477589897 0.48314806190024906 0.48373296026495105 0.4264016746072936 0.49408144896604655 0.48408358743406965 0.4524827821250998 0.48967157429400876 0.5086570176436064 0.5391360153408671 0.5432614858031055 0.5579498051920683 0.6446844334175318 0.6739402120338813 0.6691050586544655 0.7272429678030865
0.2929554972923608 0.23916894021085275 0.23098854270643598 0.267771142912819 0.25593876279053934 0.2804362610306211 0.30751901607201343 0.3517144545307856 0.3233241215728969 0.2830126926106631 0.30508510864465854 0.404805604425377 0.45777378158650456 0.4329940432155219 0.4336336741076011 0.4897449453058654 0.49925470445080566 0.4462394500149995 0.43768142358189643 0.3869136057822411 0.3951382754111742 0.3834043105077019 0.3454485826748723 0.3408794849201833 0.40017208417593764 0.4360125591882569 0.45234694833172634 0.4648515206261235 0.41859883266590847 0.43695603212581474 0.4253762595328956 0.4159552614611025 0.43884672084083415 0.5147657170428503 0.47107501158205745 0.5259844189213368 0.5450740003631603 0.5332040743261727 0.5512983733197656 0.6077485008528941 0.6313108422458796 0.6420486237775631 0.6948378123367726
0.2836474987382328 0.2982743765169978 0.2568004572237493 0.2562010600102827 0.25515727885038 0.30598750579872025 0.3008402482060073 0.3147596823802574 0.29793715958589867 0.3133533317960257 0.3066504600031231 0.35236711414681776 0.4214098842307024 0.4405110014233487 0.4833468185508128 0.45592400321256543 0.493763103823018 0.4627474658980549 0.3709890217085207 0.3569404668612746 0.3603431634673319 0.35299281838823526 0.31110043574696317 0.31463920406089796 0.36787828284588586 0.411710570593429 0.40422341265622436 0.38124315542531734 0.4021846176967649 0.44038623203948046 0.42866862814484874 0.4481148251234306 0.4365974090437502 0.5061356577916003 0.4872461671542993 0.5180976456598912 0.5489041127250682 0.5983158444265539 0.6037279886991188 0.5877296336101747 0.6445291332873772 0.6439386525432729 0.6667806252095422
0.37699468814610804 0.3716736099015166 0.27238229069843367 0.28582109803263434 0.3091998281663795 0.33190388021522155 0.2539217924070397 0.24222168250256973 0.2723019719950418 0.2397876440961744 0.27907762191653546 0.3563457262357849 0.375227157102209 0.4418572230946692 0.4144753449707681 0.4408212093594146 0.47589088842577987 0.4500615887547682 0.372022405917964 0.34501199078311207 0.32949363031107337 0.3017597305100236 0.32605311256362324 0.334336829882733 0.3969210427507093 0.42879290648502766 0.4310722848750147 0.40170896263215516 0.3913651793294003 0.3443303477401906 0.38353304003315236 0.38911172014118495 0.4253448479692623 0.465257057705716 0.547802961947726 0.5663710499739646 0.5209502131633433 0.5639171810703297 0.5548862039469893 0.6028673917654565 0.5897620946120649 0.5714760189687056 0.5993651875169494
0.3682111815015662 0.3559247995904802 0.2916904958846074 0.2994970357859793 0.31113249435695517 0.2997111623796388 0.29040094210874645 0.2702284762743883 0.2547829056714365 0.20011165143036538 0.24779708861261798 0.2818680788780524 0.35986830625828287 0.36265452728025843 0.3487671502301968 0.3968338349617134 0.3768888747994652 0.4074947658636864 0.4239655687499543 0.3931031133726728 0.3188326449336707 0.30514150763173703 0.33956595084566377 0.3528353552933419 0.37020287850149086 0.382995855647167 0.35851473702888026 0.34041604920253826 0.35083358386235547 0.34720546778993133 0.33839004866632727 0.3926628123962008 0.45417479897231755 0.45904251644049754 0.5175012941476094 0.5430216419811069 0.5117759131973323 0.5747723375916364 0.5786204934286225 0.5571917273514352 0.569759088220623 0.5806379624927345 0.6261287051403285
