Raster_benchmarking/Raster/continuous/raster-46.asc
NCOLS 100
NROWS 100
XLLCORNER 1743160.468387071
YLLCORNER 5469284.408676759
CELLSIZE 10
NODATA_VALUE -9999
[rows 57 to 75 of 100, columns 43 to 85 of 100]
0.37915004884281533 0.34729244847012675 0.32069807138094764 0.3548309270762792 0.33769651560001984 0.3520046072833737 0.3509948399721683 0.3177314921859834 0.27224349074545084 0.22120515023670848 0.19754811623446333 0.22603929261491204 0.1939397036794025 0.1770693908893582 0.21239953107842457 0.23467922975614944 0.22224316292385762 0.18210337398363785 0.1735727809181948 0.20321513811865516 0.18753794204655191 0.18403420931224046 0.1708691483745261 0.19819096062803637 0.22846860827381657 0.22078134523026843 0.1614419209339396 0.13783158240620189 0.17413619785153497 0.1519889752920984 0.17487027019086326 0.2615776049333912 0.3110651723391884 0.3258012882526103 0.2837641877479185 0.26847154297724973 0.31606957209535413 0.3113152516809192 0.3751873610796972 0.3318998189981088 0.3588817487857841 0.3969461582841622 0.379145631618011
0.3211950870545427 0.335871601603346 0.31058796727470694 0.3403947047721656 0.3550934537035731 0.3317484385678401 0.3383305191221671 0.28335869030741495 0.25537953596056684 0.2103984733578787 0.20276974418206853 0.20301628104876981 0.16091932061300454 0.19932706381564866 0.2338635596542509 0.21026913357000265 0.1931891188520483 0.19401872795669933 0.17784220849380802 0.21130940796155054 0.2095275842808275 0.21695178345626678 0.22664315572872556 0.2472727883953782 0.2009447502757313 0.20504330584151179 0.1722446844068042 0.1836912879528422 0.16772439489640611 0.20006986622994738 0.21253884276188637 0.24182235895533352 0.2802517495988073 0.3258504844039913 0.33080090376126253 0.3059396967456378 0.346997338652363 0.32565583627320255 0.363154440324228 0.3395731624415461 0.38572383435460317 0.410486744638477 0.4108585567123276
0.31925880336500134 0.3429344846277006 0.29293077668807477 0.30865279844145543 0.2971981094559219 0.3021061305961083 0.26422095003360974 0.2502983072406579 0.22938025455774183 0.18776042928421013 0.1746222704923362 0.18882456181529533 0.14725011552813352 0.15829352287010146 0.23778769293471427 0.21891334664112286 0.16020496301900397 0.20421321759553443 0.1730941368240653 0.20989375482957556 0.2029922953601584 0.19484526786658865 0.22726176143897964 0.20640755452977325 0.24498230413538863 0.20873621497946795 0.22736103828020796 0.19218909794580868 0.16270781457069106 0.18478990882567145 0.23321826888731942 0.2658653618506079 0.29185078092936 0.30596659768132334 0.31218778152116733 0.30090045441413493 0.3431976184741824 0.34996618089959247 0.31350958278838414 0.3293272338928528 0.41681838628168044 0.3822198523730663 0.4144174802772351
0.3266150253337895 0.33304850093059085 0.3217533492091227 0.2662617358566214 0.2942625052600272 0.2601537106571082 0.27806605674228263 0.22700974432570548 0.20847385226348777 0.1960276356993203 0.18281990336211826 0.18365467915515737 0.1722812651018056 0.17064727915529593 0.16035603841748605 0.17994066334504802 0.1962373720145331 0.1983648379358952 0.24138551773442135 0.21086634008125255 0.23696152153176356 0.19099054256275177 0.22143915969871136 0.20481340793213382 0.21101102075446299 0.22574519365893297 0.17620300103678427 0.16719000769956346 0.1626112886744797 0.17323276536531249 0.19829759422520343 0.21316965994656323 0.23466909632652708 0.25719611869634273 0.2733683635554792 0.3184052977172015 0.3513108360096588 0.331095380465508 0.30841089813296313 0.3565585131782938 0.40111759771230215 0.4059370481508298 0.4504113824784735
0.3530823383230926 0.3182050101673326 0.3239243525964059 0.28770833881383084 0.2587036068896596 0.2576963498101273 0.2945251666392813 0.22094365237944083 0.1936894739767656 0.22149247268296304 0.18139478229089132 0.14759404198840345 0.1501010966933286 0.1495076310938393 0.17298574055109545 0.16274129634266768 0.20749725042286168 0.2217230607214575 0.26061062144547203 0.23377086722446888 0.219959778249293 0.20525907606897317 0.18739412839043718 0.2169153773791885 0.21757966336664766 0.23688074923145247 0.19256452292949686 0.20901098469652496 0.1774270278034585 0.20646881584991117 0.1887385559660936 0.18754376063351288 0.17972428792584136 0.2463106122672335 0.23290590063526528 0.25821243648665454 0.3153752988443769 0.3089177571125204 0.2917797154097989 0.3239714637379038 0.3767974122081433 0.4289633121999027 0.4400201403775392
0.33703821140035456 0.3228320265667293 0.3199815121839307 0.2860649591992301 0.2776429514368387 0.3001037809998783 0.2745203307255514 0.2516574705527892 0.20261326126225065 0.20524113202568026 0.19260403831079054 0.18076550418360024 0.1604419462051716 0.21022095736379748 0.2244322988585592 0.20002898940111935 0.2548545123254773 0.27320953571707873 0.2585771689789159 0.23127211621171612 0.2256777951835667 0.2267891128701094 0.2497963079204744 0.25593586061776996 0.23025304226002846 0.24588529507530002 0.21420540875289903 0.19440784374532138 0.20910436568633278 0.2320722225913409 0.18986865668822575 0.20439327923497713 0.19018095788675887 0.2524389465287424 0.2683615957294723 0.24604259067649847 0.2934719074517212 0.3083190301040635 0.35039577594440774 0.3358997143887055 0.34839994109265854 0.37457329120968186 0.3683232526352097
0.33258645843453316 0.35385756338299446 0.34876446945454453 0.3321635874111323 0.29410610207383847 0.2817924887159292 0.3106952493345807 0.26642482048283345 0.2545142414568567 0.2294257861355024 0.19166302636797022 0.1900467047515435 0.2109220483491481 0.19621126751954224 0.25010931007922854 0.21907751841702378 0.27348542101793916 0.24709456166839663 0.23534016789380385 0.1980470171812165 0.2051365136234751 0.23952656118493712 0.2629609356952044 0.27121570754904334 0.2540969383830202 0.2667930754029008 0.256789855201957 0.22976327999397894 0.24967080970259606 0.27872262431014644 0.2567891586304835 0.213971320795576 0.24184493662425255 0.22858376284939488 0.2683476373891247 0.27261364468350213 0.2715333063972437 0.29420991360639287 0.3427966450551755 0.3473300223514609 0.3766123739600682 0.3423399212918363 0.34491159561665696
0.32239690507881336 0.3568639363731615 0.3606736297271526 0.31946640062038895 0.31133133861310874 0.28887082322251145 0.3227105825402581 0.3124498068561678 0.2664088531646196 0.23839554844728858 0.21820561171157787 0.18148437390266453 0.18660706741859104 0.17907151649486058 0.18313821349110013 0.2211035903802429 0.22530535765161105 0.24481202041805092 0.19217785823032113 0.17354798222958667 0.21219735325390138 0.20984083931609637 0.2842927941675905 0.2866436640790843 0.2875839910122122 0.2978771566595078 0.26213838748036555 0.22659139481541005 0.2578661383460671 0.25669280148334217 0.2763704796102485 0.2646546038518507 0.25468103353282173 0.24698930973107444 0.2767581691348718 0.27244286964247416 0.306462462423457 0.2916354058092723 0.34129869276774444 0.30626089574857707 0.3293001208528115 0.37158669687467 0.3803558342717636
0.3301652402858775 0.33045085780692035 0.3042398105239761 0.32187813040112057 0.29115527819004355 0.3183946272782251 0.2891194243471215 0.28087857128817395 0.29299599624708084 0.24639919466705162 0.26569470710660226 0.22455053191174124 0.18063876436872678 0.17503950597373838 0.1916088871572623 0.24797938810399636 0.275952581752852 0.2308734836099877 0.19658177154042084 0.18824139535532325 0.1703441527789593 0.2527664358312101 0.2982688850018224 0.29019537271025014 0.3175477302244476 0.3059094011812602 0.2796091229266114 0.2798843671722581 0.22783667146179098 0.2653681463013769 0.21055067322786641 0.23189510924140816 0.23999479388742578 0.30178488080549626 0.3220338160431601 0.3408515620843836 0.35110810152227034 0.29666734467098843 0.31444003392514286 0.3258399636220278 0.3038965416452805 0.31378309655574016 0.3595070930639042
0.31925266913204564 0.30373168691201197 0.31355627240175876 0.33897484678648704 0.3221384318908051 0.3549904499294642 0.3050078328755872 0.3503819209939966 0.2979262588251292 0.2810267509867618 0.26793784972061346 0.21248508392357787 0.2310385396862445 0.23735268171155316 0.2292202794598727 0.2273447216155897 0.2727526151404482 0.2537807898981717 0.2508675025405422 0.22268844363819312 0.19895308197086709 0.2569363960933695 0.2665583514395627 0.30671128791511765 0.3416865904358939 0.33274779097385776 0.297893733032671 0.2680904932742409 0.2234299407626109 0.246506267220789 0.2846111556747036 0.24580305248822928 0.2513302201201294 0.3144147897523919 0.33594802704857907 0.32817384601740046 0.3086974033651119 0.3253670953232299 0.30108334446382373 0.2978253711648699 0.315230845181119 0.32172952316263936 0.3510748354276491
0.324017701236475 0.3154676230885532 0.3232125978886733 0.3489008203042053 0.39023965771473507 0.3531661864120537 0.33531785607386083 0.383053559896213 0.3602336771084099 0.3155937894428223 0.2426407632573979 0.20749528278442414 0.22709151105928116 0.24606053732224098 0.2670610325381655 0.2800358622743181 0.27083759901474164 0.22457169004568528 0.21979178941696004 0.24771386992517927 0.19007271081688468 0.25450061085749287 0.26956669789224813 0.30273765894247584 0.30320217501199725 0.32879469075082385 0.3441856624321972 0.2842045858199648 0.25888036219763727 0.2965893458197432 0.3203911560713039 0.32875202430468786 0.31347629505843416 0.28667245387135376 0.3038230436806682 0.3265361826149814 0.31980968873286597 0.30064642567684186 0.3331046408231924 0.35271253943929204 0.36340433118423404 0.3256980606502379 0.34632414616755425
0.39439143418929967 0.35788627212789387 0.37936644375108886 0.3926613659288566 0.3818272848884178 0.4111119677811183 0.3468856470983581 0.3753186211450098 0.37218578286569654 0.2969256022541551 0.2542182483913349 0.26967188339902465 0.22872822645688648 0.2380255150060323 0.2742600152380534 0.2641254438394532 0.2115104587138408 0.23372083283186995 0.25957777720031505 0.2651426055799815 0.24506773888154057 0.2632929380337066 0.2735245235200564 0.3138499188556584 0.3335317554772627 0.32394752233502333 0.3429554180941026 0.3037922279390148 0.2914897716325886 0.34777949290345583 0.3670694504530219 0.34249555631716394 0.34916813246921063 0.32350314008735503 0.3257077498459325 0.2964903505687189 0.296510873571742 0.3300106620945878 0.284193224995377 0.3148867968639146 0.3266399354302565 0.3391248382361125 0.32891308165365885
0.39470913594737006 0.3723916482614964 0.3449511899478272 0.3543910353958999 0.41419634810834255 0.42248954214207 0.3846975645259259 0.4094381634989 0.3807284566269345 0.3264112477247201 0.3001337105720564 0.2740126306041346 0.2131287462652033 0.23412041236313058 0.2721778924185848 0.24289416385859378 0.20034309198916558 0.2650942187237126 0.2751391518196442 0.2684787859799298 0.27139735496570266 0.29756925909152815 0.30588033605424836 0.35206988515036747 0.367284191959895 0.38015324962438607 0.3233133953834918 0.33665334313180656 0.33179837961903447 0.3268926839602133 0.3722831366309986 0.3398376113942092 0.3757585218627416 0.334819665796652 0.3195993733821174 0.29765687842126864 0.2949290734172584 0.2834125189775672 0.26143846721041025 0.29532129414553426 0.3253513279715415 0.31224891656630505 0.356752066035004
0.3626297119750016 0.39321844268351813 0.4058020099201161 0.3786487943492813 0.4297526249587704 0.4016228289230041 0.356683613299995 0.37434702344652654 0.3516046987823733 0.3298679069518022 0.2989701232562585 0.2624674017183154 0.25054709967939187 0.24699410308893927 0.2652912778055698 0.2673120163059946 0.23895734726838727 0.2471073640488325 0.23835787718874904 0.26172565845532814 0.33470017216039133 0.3574200462936845 0.3330421999595933 0.36465603142648795 0.39834414372528193 0.38969488521910933 0.3655097652023324 0.35645738601619925 0.3302913547273694 0.3257869854687492 0.3711549146920156 0.3678628188667487 0.35006858202684554 0.3555320483804369 0.3494871400951613 0.3190608985611328 0.3181647442560555 0.2764561372169651 0.2737282806713181 0.31359769183705133 0.31373974220119494 0.33159131707617234 0.3735255518410002
0.3782309596350645 0.4057135806894724 0.39086531873001823 0.38334338388797345 0.4069381959232112 0.3902464658491143 0.38545548119738726 0.3790647977053045 0.3358726718239405 0.33908672776670096 0.30593815601628604 0.26944287908782916 0.22592126353641365 0.23719711649319652 0.21454606736599768 0.2881856904442932 0.3085819574733614 0.30281105623119764 0.26497533995990785 0.3036177995816864 0.33816056784476917 0.38896832078081833 0.39389661883154503 0.40817765568170206 0.41739255022104516 0.41619073730761835 0.3992480584185896 0.3965710016523462 0.3790566839981162 0.322640239564259 0.32225359762257627 0.36469297280394314 0.3941753350445418 0.34670592190197663 0.34123441417318967 0.3117209019243869 0.34725719022031143 0.32389857087258844 0.2906392370917309 0.3177299897263056 0.30851030400009233 0.3714079855255077 0.3991788602448393
0.40598433809527823 0.3767246668749862 0.3933075445318452 0.44649542732227276 0.41226058514229647 0.4016555997228009 0.38917905569790573 0.36104636059969136 0.32422313081872745 0.34492366344183367 0.3119608439276322 0.3057832031229661 0.28792315694572823 0.28660694220174815 0.29845486364198903 0.33789072217143773 0.3538036828159864 0.3309556618216874 0.2906264520200053 0.358204907349826 0.36797736968338984 0.36105138153814065 0.3720442955254447 0.41838427756577207 0.4053824632325372 0.4001274242722765 0.43135998104728585 0.39928320759785096 0.356639353471179 0.34720954787788466 0.33173548891218074 0.3553850675719056 0.36078971000474885 0.37712795455981446 0.34101756475647516 0.34406764215370544 0.29988348174390667 0.3158974576939747 0.31553866342654097 0.35079921149698995 0.3549708537279633 0.36145109142509513 0.40011703501276896
0.38023757082690657 0.39962278460010053 0.4485913443305721 0.4372221738516592 0.46358070433917165 0.4438539630027146 0.40723386916377097 0.3689459479212067 0.3471562273757814 0.30143757097607066 0.2934529798741174 0.27665962312998377 0.28391595176906864 0.2827811093645543 0.34480151305386025 0.3278848067310603 0.3656717959931839 0.33419966177755295 0.3281935992412071 0.40328421565195544 0.39938451170091716 0.37422896743230327 0.3964584257970405 0.4080394628508855 0.37150999952996 0.36913996053150655 0.4045619645235508 0.38675894152978807 0.40228917126085334 0.33713765881346364 0.29381722946141 0.2976884573448117 0.32993996971217954 0.3368791015699551 0.35908710955405143 0.31513414701973413 0.27878994877516633 0.30523550332163296 0.33008396008711377 0.3620999692288177 0.35143809548442956 0.3617836450652871 0.3407616726736916
0.42840796045866636 0.4453563977254732 0.4669538579145959 0.43634699974151214 0.46023606380232096 0.4191731506466715 0.39148422386171683 0.3594827048164289 0.37203094636960726 0.31424058600158344 0.3139945517347861 0.2640052390520463 0.2628245406221635 0.3127800204583445 0.29807530902368706 0.31979299601375427 0.3647304243780005 0.35840855581312525 0.3589333049358658 0.4062146151323063 0.4328413597327873 0.4350165357759813 0.4071029565433702 0.39058149219643923 0.3987390412054848 0.36411599407554823 0.4156343212585107 0.37603877007946745 0.378974087739943 0.36049088003618907 0.32437315585572135 0.30165880074848167 0.3224956986871998 0.364514919030858 0.32717627668117355 0.28122593204975443 0.22962341877950607 0.2425200196455584 0.2877587715897122 0.32807921105702564 0.34615938601851237 0.341226265349092 0.3928843923032695
0.4294056912215066 0.46919447503790035 0.44693560049879266 0.44399684935982525 0.479545464448374 0.4351359165586533 0.41528200248709785 0.3898124809279817 0.35638529659467355 0.32112275880453683 0.31634715131764096 0.30139771742011423 0.2746661535403554 0.3169031914290555 0.31416553338888575 0.32296218457031023 0.37218649317066455 0.3749333640591996 0.4169369939566821 0.4633351125976381 0.4517222976898054 0.4139187172791083 0.4131079362993057 0.41054014036520015 0.369161054720526 0.37387149194127345 0.40651558437984536 0.40837624154541907 0.38823986869149396 0.36180999616818127 0.3261507171535595 0.2976546585639432 0.34128942736785545 0.3132144864171809 0.30535665241619414 0.28345104300006735 0.2159533635809694 0.23595188281195364 0.25278146568631366 0.2867247172799747 0.3119871875528739 0.37392647488208947 0.40362475555229066
