Raster_benchmarking/Raster/continuous/raster-394.asc
NCOLS 100
NROWS 100
XLLCORNER 1743164.5417844593
YLLCORNER 5469279.125639976
CELLSIZE 10
NODATA_VALUE -9999
[rows 0 to 18 of 100, columns 0 to 42 of 100]
0.7443862668716885 0.7377561831598115 0.7512946120659326 0.74289532750461 0.7694202491216952 0.7563615967448729 0.7771293230755915 0.796984073138193 0.7677338263121821 0.7559824640061498 0.7582888052726028 0.7613102923725173 0.7545168653171732 0.7608363873605029 0.7717421132297201 0.7635702987611572 0.7320714655784167 0.7239958803572532 0.7385315663987534 0.7249122292533042 0.7011867553107691 0.7199164284398529 0.7641449973790514 0.7781227600587391 0.7416342389222222 0.7474364441050713 0.765578500381963 0.7424125873162244 0.7431863083166566 0.7459422448873917 0.7437266425904192 0.7440372632456519 0.7377903934658697 0.739126197843245 0.7449743405955711 0.7903751214889879 0.8269853176053483 0.8256357616813224 0.8768842626783371 0.9200024432085874 0.9439557835462806 0.9546842859965297 0.9482247064712473
0.7425630813045009 0.7595720573317897 0.7828197188458699 0.7712905007310594 0.8057351217291467 0.8235062862106505 0.8196667294316236 0.841011696558098 0.7801998444553658 0.7598785581311303 0.7406923648941747 0.7287270653062888 0.7568817045226885 0.7932522629514761 0.7669464105749253 0.7878912429293414 0.7394203679404595 0.758291227800041 0.7471478868191795 0.7388983615306375 0.7454924137173565 0.7294125901732454 0.7516633312545697 0.7822549907143527 0.775508656616672 0.7754953372842475 0.7792849606137859 0.7604704432520251 0.7600746758438975 0.7325141354273296 0.7260202843958824 0.7528650232033534 0.757377942260598 0.7364936216028951 0.7513307171325683 0.7966633704533236 0.8201117049307074 0.8614815030903886 0.9031183599640296 0.9335501459193422 0.9364570675016458 0.9444026354239304 0.9491860184397151
0.7584967041154539 0.7774283312011975 0.7804048520451987 0.7982839653775782 0.7973118855622402 0.8180827965151226 0.8497862810219882 0.8343726417887241 0.8035363915255787 0.7932636259688001 0.7668957885408243 0.7785882567467984 0.7642337704988472 0.7962496136010708 0.7754657227305302 0.7713977172214407 0.7599186202488026 0.797042368616527 0.7914830891742196 0.7664247053384324 0.7846245345840012 0.7919888103576214 0.7865988654933036 0.7659206503425666 0.7656007424988731 0.7624590209185833 0.769500927989825 0.767494872061337 0.7672686041557075 0.7545004927964577 0.7513784227054833 0.7677472598814261 0.7673234927522876 0.7648917500770979 0.7944996638209195 0.7978005881277044 0.8111901260193062 0.8385573324956048 0.8786283519070291 0.8942066134458964 0.9378574855408816 0.9406518001752728 0.9203892630657463
0.7973256579359131 0.8149174684212529 0.796976297472164 0.7954279181342113 0.8358311071292278 0.8421339760601347 0.8204516514142722 0.810508296190867 0.8205254093411785 0.8236535378894327 0.7834760447662839 0.8137364060755383 0.7825076135571909 0.7860933434927837 0.7959856254474013 0.7625033922522456 0.7958467956028388 0.8081787270822945 0.812839620148502 0.8057343851862687 0.7911737810398766 0.7761691168159853 0.7898223333703909 0.8041364152255286 0.7941189285974589 0.7662606047435627 0.7675672023745419 0.7801111640826491 0.7697040536850294 0.7186008213138915 0.7580628298658375 0.7249875705158573 0.7625851325619699 0.7779831987561919 0.7734808022493554 0.7919115335801967 0.8124607576885717 0.8351294012767224 0.8765830109000285 0.8742580253281204 0.8902806003243788 0.9202769243254507 0.9359248367760401
0.81065879198334 0.816477541477815 0.842075926745738 0.8485948168600486 0.8548262485863212 0.8275132357378595 0.8327729322406789 0.8340387265971386 0.8556225930240038 0.8215178912130819 0.8169552999604124 0.7710809048358319 0.7669600742700483 0.786503946510235 0.7951119149120108 0.8036723388138945 0.7895453005021652 0.7911490074247871 0.8033054516232322 0.7805171739516215 0.771620964859362 0.7937370125661282 0.7814294474751717 0.7588600582843886 0.761126485285398 0.7886009248100477 0.7703974528406278 0.7682447875678384 0.7488080216277873 0.7355497180744431 0.7485044451182754 0.7335959094452331 0.7639123800910258 0.7593974661620475 0.7685975763995723 0.7897887648060529 0.8131119668064243 0.8720258363158745 0.8910734769179908 0.8709036169147074 0.8800959049565309 0.8891740315274541 0.8984066853525424
0.8519448159676973 0.8444880479301498 0.8532471442707635 0.85585997907269 0.8416702073703355 0.8634532435751503 0.878666821664572 0.8813990237687147 0.8720416775359685 0.8171605032761565 0.8307299870324103 0.7640149474738432 0.796877485873277 0.7673851275319136 0.7800534758663235 0.8208152972143743 0.7826395972855665 0.8067041649461745 0.7837427049803021 0.7679490954344178 0.7678680920322697 0.7949410034493765 0.7637394834614913 0.7629725645368296 0.7620623769735443 0.7935981217991436 0.754345343242063 0.7414043089918245 0.739208881793881 0.753577454812728 0.7578419102895694 0.7306030660133334 0.729135364929569 0.7498419741388886 0.7415168451169893 0.7521277706416272 0.8000028503166426 0.8597539261655479 0.8579327240766417 0.9099143513724018 0.8868157926207775 0.865213176096843 0.8692900913625481
0.8777832922006082 0.8426866191641337 0.8375013004420029 0.8562644005041486 0.8701154295791279 0.8879233558641528 0.8625004466431561 0.8712334544246968 0.8514026059914322 0.846386904869493 0.84592390320186 0.8253031072859177 0.8176720895758909 0.7966233798527825 0.7886173947758814 0.7996635691315293 0.8040534477294774 0.8178772482511906 0.8123187272739062 0.7706163883022417 0.8072238799163757 0.7943287947921776 0.7893521412937067 0.8042712519574018 0.7883570375538594 0.77923763138065 0.7483146282159773 0.7268754354493886 0.7471687848350446 0.7359829268026059 0.7310230952664433 0.7398568047845399 0.7601168651624778 0.7403115230112487 0.7542515590167996 0.7672215197816932 0.7931953272663137 0.8362497208880887 0.842041812616609 0.8840540018551959 0.8796035487095648 0.8785906001927898 0.857126509294104
0.8795305107992774 0.8942589275253842 0.8435147061434897 0.8403053460863268 0.869240413675818 0.8795820293242202 0.8693240839492198 0.9166965537221802 0.9024968526783761 0.8785087379328661 0.8643618738160038 0.8518649898079108 0.8513465370836657 0.8145028577210687 0.8292449135111112 0.838743921467221 0.8209201390572569 0.8297675749574333 0.8021875501931982 0.7802596958504762 0.7882572697507748 0.7964756257386617 0.8026419696973629 0.7863929985072775 0.7773783531440833 0.7543813804271182 0.7572581313492848 0.7483267823468223 0.7398329876356909 0.7314133626711513 0.7499976556273933 0.7433661214014244 0.7531463429598474 0.7531629036261294 0.7618936995817417 0.8077391438233691 0.7860485032774273 0.8198531946929992 0.8426502145783019 0.8623292536626505 0.8740615752096357 0.8365165836054651 0.8647461881332946
0.8953964296360438 0.8816292624442018 0.8766564446630288 0.8400281875750576 0.8360965813930638 0.8610829896527402 0.8823727879036259 0.8774276246709592 0.8978297456284592 0.8914522066328705 0.879909234832497 0.8657630005580012 0.8754967657223099 0.8595083794464339 0.8467557856394057 0.8543880971543251 0.8663400179573705 0.8443466398174194 0.85859337975664 0.8159006638761026 0.7884118511351659 0.7871278932964854 0.7901077892149284 0.7725202238727735 0.7868964054538218 0.7532957604948516 0.7627812811493605 0.7424785299958488 0.7284973839703267 0.7467251819032202 0.7537844831471073 0.7831862978486194 0.7735329160865618 0.7599925371878508 0.790542709433293 0.7896646209462946 0.7964307163225154 0.829815192232522 0.819428363428885 0.8329568201658597 0.8416659333188384 0.80689388101624 0.8336225978680897
0.9197685403586694 0.9236875364120353 0.9086999166712694 0.8652938480498465 0.865291655295512 0.8432220083848453 0.8931738391683014 0.8993073702517104 0.9016549390584431 0.8982243860566357 0.8818123450707563 0.8826228276499897 0.8769293453104139 0.8760138481534954 0.8910025423741932 0.9165898054527946 0.8789765334978622 0.9027783722502593 0.8659229640575253 0.8401758373477389 0.8128000186404883 0.7928777420889128 0.7935317208962438 0.8077545001094539 0.7997641361461226 0.7781841525995553 0.769896562668119 0.7510080498337682 0.7678017715970772 0.7673962649660901 0.7846006290293341 0.7862353724776103 0.7812041124224104 0.7813657971539198 0.7727727663104208 0.808237413342387 0.811861188542596 0.8005447377073918 0.8138454787803093 0.8223800869561636 0.802155302315791 0.8050528035501993 0.8373654930625551
0.9052117258485807 0.9118395558689578 0.8862096155393442 0.8613111484988285 0.8815574318906235 0.8548119809584407 0.8794407255909882 0.9110012687679245 0.9032938500879582 0.913353453010782 0.9030653750483585 0.8744664637969926 0.8910168307037658 0.9103089636224659 0.9186034637498084 0.8925575061967836 0.9058262697712569 0.8913334859553244 0.8570358491881458 0.8274251597489757 0.80452957730692 0.8169156536653045 0.7952913314462888 0.795952678827199 0.7728228966562312 0.7720353672612694 0.7874200374184597 0.7800091534142213 0.7900570439004599 0.7821746479288104 0.7768268626583158 0.7746419983468824 0.7805309425088791 0.8162423654856977 0.7971901967021698 0.8034962672520009 0.814401421162615 0.8014746088479604 0.8238703385213443 0.8158248135089787 0.8123456245046993 0.8087283559512302 0.8406839436356451
0.9060179279872841 0.9205561255290269 0.9141163780430447 0.8810211240310013 0.8750254173029216 0.8704601659258577 0.8641602910341469 0.88358351758207 0.901408788867209 0.9124424201873171 0.8660882507651464 0.8674904859262998 0.9002330823899207 0.8767536035103359 0.8921549375181625 0.9170992548284986 0.8973093375434089 0.8915445821085988 0.8587010226407356 0.8040149485589969 0.8007836306560828 0.7913471417630464 0.7816461735798341 0.7674009557272531 0.7614683700579338 0.7742033499596787 0.7918974414186577 0.7683979047271841 0.7782247799404504 0.7877895733313041 0.7966588410747846 0.7696861626669633 0.8158456283422586 0.8156489545588185 0.799761129875144 0.8267654557401684 0.8057028436338428 0.8036612409130699 0.845305343223521 0.864097090580199 0.8547983766846585 0.8374493600027672 0.8500687572896798
0.9123307826001948 0.8906241475797297 0.8803780735638819 0.8676746021619097 0.8844579376873205 0.8654687211708533 0.8604621907895125 0.8490654650391537 0.8713785433018322 0.8907656934933672 0.8626011337451133 0.8671688817243867 0.8888805332776829 0.8675671921237653 0.8954969057228743 0.901744001454821 0.8919183656636683 0.8812913380568619 0.8682641608399341 0.8380207619959834 0.8320654071851916 0.8258077737107642 0.8145511491135489 0.8149150620247003 0.7955508384503867 0.7733515092431413 0.7990866709549393 0.8134242414700348 0.7965380985739703 0.7817791712211901 0.7995408854957856 0.7976557833520445 0.830444617431605 0.8198963375679507 0.8422329479558518 0.8415899578587728 0.8228707007729301 0.8076053560219245 0.8438785246844495 0.8902019155702139 0.8695646948936413 0.8454499408980543 0.859171300989827
0.8981961247008671 0.8894511425887225 0.8715446012345079 0.8788198081306544 0.8792959684335481 0.8346757501849477 0.8385987594414022 0.8329362151525972 0.8574381507008332 0.8460927451442551 0.8466076077998965 0.8987460671283035 0.8666542118073534 0.8846593410271058 0.9089289887454777 0.8777247011968632 0.8868385431768152 0.8921946911560604 0.8512444110679341 0.844395102190025 0.8331496387986096 0.8338806399820049 0.8373824665059421 0.815241142437097 0.8208741559540026 0.7964280618997102 0.816088606297249 0.8271305091670504 0.8366331833664129 0.8286798031215266 0.8165426418755882 0.8314271896130563 0.8088102437913104 0.8430668769761821 0.8059204991793135 0.795976849356678 0.8208896452813718 0.8472729073760439 0.8695935425713549 0.9356435951397425 0.8627241181763196 0.855269477677749 0.8615644176646997
0.9260832911501955 0.8681733943843405 0.8507909317385297 0.8317232535201371 0.8335883850676852 0.8425589763885284 0.8327575336460372 0.7983930947008613 0.8182222987850557 0.8572481074674567 0.8637298721275347 0.8486391166937463 0.8764224652639223 0.9095220597421132 0.9053356189513024 0.8784148296876407 0.8724717343903825 0.8957187281809385 0.8630805387139848 0.8412248247115174 0.8348870480534629 0.8203274620092766 0.8218769565384413 0.8113384683447113 0.7962506836044586 0.8073299977601867 0.796779300932829 0.8047131963436535 0.826055324304666 0.8430267734766391 0.8046843154525203 0.8055293818529596 0.7925427919110389 0.825457004453059 0.7974216690779174 0.7778221766752947 0.8099752022535506 0.8361183646340272 0.8434094688980766 0.8571730518251173 0.8505207110391938 0.8325599310242199 0.8426119144970377
0.9201002418190755 0.8844192873310487 0.8453231357717419 0.8336495632902738 0.8347449162383037 0.802157549618683 0.8217730433163891 0.7832730835340411 0.79507410634889 0.8218723128042598 0.8534011892697768 0.8233504613788549 0.8564051373981254 0.8965590800835667 0.8732402766223719 0.903901546765815 0.8633085110557989 0.884765315370266 0.8708314647412572 0.8256212958304863 0.8642189977184597 0.8547626368635693 0.8441378017235865 0.8393284044866623 0.8047876964635632 0.8111226124227119 0.7978173103402484 0.8398032873955735 0.8051786157303624 0.8297416981807907 0.8298426569801403 0.7992630928863509 0.7718322769917457 0.7783213124185756 0.7924578599146853 0.7630557448040739 0.7802738638995358 0.7925665895428902 0.8243381513311384 0.8226185894885971 0.8338389726406139 0.8341543310749822 0.8416977731173616
0.8853873657898192 0.8851930153418778 0.8484952754168963 0.8571155654349234 0.8449644935454529 0.8384105422591771 0.788619681249354 0.7906761362498801 0.7984794094294968 0.7980078090751147 0.8331127674126708 0.8181639684619578 0.8234792744907703 0.8499512384308333 0.8552143548271348 0.8822367108956662 0.8744547703202094 0.8756577899040805 0.8616424781666858 0.8672069013323852 0.8566914742414743 0.8790262623329321 0.8550254645051685 0.8813485977973895 0.8490176841453543 0.8463194724007965 0.8158495221605333 0.8067156063587266 0.8050391447179129 0.8028051442771903 0.8017944298816817 0.8226409640443245 0.7889412479584396 0.8076408153387648 0.7948064353259262 0.8070847544732588 0.7710802914275795 0.7747177729961763 0.794844585627268 0.8071445817336771 0.8044867521294891 0.810289153367192 0.7935790751995393
0.8770098931679148 0.8956034620868665 0.8542362224724575 0.8587470361975901 0.8409129307774895 0.8545105445037116 0.8098742076067056 0.7845682020894043 0.7987245292523899 0.8206206203791062 0.8026893733211675 0.8018729881178495 0.7901115160159979 0.8102785422058411 0.8509556039064835 0.8636110951715978 0.8868486772246776 0.8912877933234342 0.8541427046005586 0.8481704612314728 0.8961240878533182 0.8965421786368097 0.8875062966753606 0.9001695117151327 0.8584194772945456 0.8233857967153944 0.8117147608009636 0.8180674803903333 0.8264689187395563 0.8219681994559866 0.8159909285180552 0.809918063449431 0.791689655108914 0.801926251230226 0.8078992957314493 0.8111616011483247 0.7835959321475416 0.7912270178059319 0.7739237491221036 0.7649567515909357 0.7633511345091178 0.7783537212951221 0.8063204063392269
0.8879295831399244 0.8995500693213015 0.8777982276750396 0.871104654526817 0.8390306271131084 0.8322552203849278 0.8071884243722586 0.8183973066439374 0.7995403258872609 0.8094067057850558 0.819957293443096 0.8056661818551453 0.7978311954944995 0.7823357968159561 0.8021294038384832 0.8112882460231023 0.8296247698576872 0.8655602308184216 0.8609647225048028 0.8565096613223951 0.8931450321819576 0.9095870225575692 0.917729815882488 0.8803038698606073 0.8746466837432718 0.8505133862005431 0.8306935461500344 0.8279398825001356 0.833137168471811 0.7976399976111938 0.8079486736088226 0.801532468989937 0.8064822358588076 0.8123211730649506 0.8243793802215131 0.8292293315904851 0.8191042175349097 0.8098841636135901 0.7855783060525163 0.7792428301811274 0.7542915932105911 0.7798629466935173 0.794429785343592
