Raster_benchmarking/Raster/continuous/raster-238.asc
NCOLS 100
NROWS 100
XLLCORNER 1743155.9674332517
YLLCORNER 5469279.01003582
CELLSIZE 10
NODATA_VALUE -9999
[rows 76 to 94 of 100, columns 0 to 42 of 100]
0.7569334514853898 0.7676920766646466 0.7283050032396475 0.676567921945323 0.6821704848908866 0.6654321529975252 0.6071273044609209 0.6032417428845064 0.6541104432757486 0.6609725647155418 0.6211521833514806 0.6095760383057851 0.6460365007467997 0.6368075599640078 0.6382960984422057 0.6268350742858596 0.6101600202665272 0.6381621756645243 0.5833437005984816 0.5704040536211584 0.5744528102089171 0.5453313128752015 0.49706473016819397 0.4838114870037495 0.5009004893222547 0.5381344026749024 0.5559916022494793 0.5247677165152023 0.5293703817684269 0.5540956484708923 0.5408504681480647 0.5716675991626681 0.6221140376621105 0.5658863513528117 0.5542630283859812 0.5327032270152992 0.4520691852957897 0.4213875382049619 0.45924203559064525 0.41444165255362003 0.427345526307089 0.4057997042088711 0.40542149803927974
0.7684470701704219 0.7469731146874622 0.7395573605437367 0.6706611325406571 0.66009287352427 0.6834442334667177 0.6080370846146703 0.6099323987162649 0.6441281084516807 0.6650526743878815 0.6801003678807449 0.6612384513575285 0.6248187404380328 0.6581433770048276 0.6356743495570074 0.5885172977583125 0.5975383360155735 0.5917553026310237 0.6541068932915645 0.6266195543907501 0.6452714090853685 0.5720583699164643 0.5459544175348806 0.519782432967685 0.5336764754400282 0.548252829117088 0.5171562840624089 0.5353654194962875 0.6131975075236671 0.5951311566982052 0.556055810615687 0.5625222910680895 0.5823955589196083 0.5272306012244408 0.5422182565670638 0.5114835241200998 0.4471768175585621 0.4918095483871014 0.4781422679562649 0.45669725339012684 0.43046353130856574 0.43596549096816456 0.36783419655005534
0.7111178043374178 0.7097904909496009 0.6476691100110478 0.6728295316883516 0.6222680076511938 0.655019078140166 0.64677851906788 0.6809141216118788 0.6688115548718407 0.6463287728025525 0.6266416739028215 0.6431439265179942 0.6543432136417515 0.6335374928329317 0.610094383575465 0.6050806531163256 0.5771921157670151 0.6123898244832642 0.6615803679424469 0.6304621834045548 0.6320108531751166 0.63707803016081 0.5725563027186307 0.5414839123706937 0.5306007798558382 0.4855193398041978 0.5252994366290308 0.5932734834508188 0.5991699831318779 0.5578556584388253 0.579479259851392 0.5832052157471326 0.604050981291423 0.552396804770298 0.5689017661364041 0.542654444666559 0.5260037219664085 0.47720298701205 0.4681367222437431 0.49222464048026576 0.4217805516995589 0.3996804389288753 0.3926076272876912
0.7237650872921326 0.6448879859126561 0.5991580045022993 0.6094186509403714 0.5734653327556685 0.6629509902205856 0.6643690271202217 0.702980877722366 0.7069059678304795 0.6522402138729742 0.6338193913465682 0.6373935942660955 0.5724488347940118 0.5961130057488045 0.6469997095548388 0.5909797937568249 0.551815765057011 0.5581952300185389 0.6005771398869603 0.6015350775221012 0.652578353702219 0.592367794316214 0.5698195561348492 0.5207728505048919 0.4858142224854388 0.5218556038614713 0.526340931058811 0.531096166725073 0.5844657486290643 0.5271471791286754 0.5606932407365441 0.5501263031438278 0.5839877808748772 0.5939897765193891 0.6088964199203747 0.5677552007743324 0.5905617233913576 0.5488112597288559 0.4632041611813042 0.47586548909062376 0.47505543914691534 0.4113847255486244 0.3963346440450963
0.711212845973473 0.6653529677877154 0.559493501617262 0.556189075061932 0.5697441899394294 0.6172814705732463 0.6762951273262428 0.6890034149419236 0.6793964087326381 0.6348949063448147 0.6396830453562096 0.6308464076335161 0.6201788498344044 0.6459148180972739 0.6003128870653973 0.6169312608585512 0.5576906445012897 0.5895525694502118 0.6165573197381901 0.6497900053775949 0.5975820814624432 0.6052161771492881 0.5805545006964656 0.5322344976452054 0.500152656412866 0.5023072040426191 0.5676892892245348 0.5291912585457546 0.5577516676252686 0.5328517819536567 0.5882430670141323 0.5938863593637047 0.5941284263592719 0.6053833398541225 0.6478847886447492 0.6302421497810284 0.6014596403273796 0.5560777384481703 0.5196617929972985 0.4940565219982364 0.5031726932017552 0.4357161964559497 0.4248380928346172
0.6555983335494387 0.6002043154705656 0.560873133164249 0.5516520398168232 0.5240892069904427 0.5889253315625282 0.6499614896731986 0.6244247122789501 0.647963797483246 0.667951023719311 0.6650500518758565 0.620831765548063 0.5966656262376263 0.6667127203350232 0.6179774731173925 0.6440032520747232 0.6127244526071706 0.6328061665336138 0.603276050642521 0.6352651190465011 0.6303916142598814 0.6545709956893021 0.621426733535734 0.5291608757398621 0.486283960554611 0.5358424957833468 0.5996439793446039 0.53254452297044 0.49332909072397996 0.5578278959581662 0.6176452216078439 0.6452967717298589 0.6162935125336467 0.6537645896601971 0.6721314162333727 0.6613219693102534 0.632796239396463 0.602443708928345 0.4849458625041247 0.5218611177763723 0.5031432064580077 0.5203712927833524 0.5129520177525478
0.6294269472727242 0.6374150894309905 0.6083976201211084 0.5802744829733973 0.5492289570690246 0.6103177671839766 0.6229661405102722 0.6082895023218413 0.6288280549004233 0.6389545171307066 0.667094257955383 0.6512950690534791 0.6669543671096417 0.6608150604629892 0.6304401200481985 0.6427436628147276 0.6261117701977219 0.6467206055495911 0.5786589627835836 0.611688461839024 0.6607587145303684 0.6597535192743404 0.6547980503545909 0.570849628757957 0.5692005799571404 0.5990158687307773 0.6273653507014655 0.6159087080089971 0.5922725016778684 0.5800068921535875 0.6014089408779933 0.6310330552479347 0.63962336034778 0.6309908374973235 0.6577331495581282 0.6300989070571426 0.5979738756093914 0.596296163983748 0.5078580058124422 0.5090935813204243 0.5308175619187252 0.5014457847634214 0.494051152907792
0.6142632337903821 0.6559490049591044 0.6392852720429504 0.6063829147717461 0.5724347808473247 0.6124886128637976 0.6474242298098299 0.6438618184571839 0.6233743834917522 0.6893041386903627 0.6749704932059223 0.7169722917706264 0.7317158142801512 0.7020239138888811 0.6609025417690843 0.6609486932188144 0.7059051428751748 0.6570937567170771 0.5960937503254822 0.6263521873295947 0.6131594878674721 0.6660465971296482 0.6326688565329507 0.6441337633069316 0.6375824488783218 0.6652032316696431 0.6575492252828241 0.6561274221905677 0.6775479864679737 0.6474407675337186 0.6230403786334265 0.6174749945443324 0.6679283776962147 0.6337130953539379 0.6002536823731892 0.5728852671089748 0.5948905786967945 0.5915782424735581 0.5929095070600684 0.5492665288759639 0.5583658187602637 0.5458183599198246 0.538773080247739
0.6145204510751672 0.6042471073329625 0.5819879765079635 0.5756774750884301 0.5939310690814056 0.5893448015173092 0.6217851801951972 0.5890038743418075 0.6395305041135335 0.6831735627202281 0.6554791357683465 0.6834964624420811 0.6890357783545861 0.7330638690316059 0.7064904583705307 0.6868600804265172 0.6489154778602364 0.6357465672077608 0.6329845254523303 0.6019814932984494 0.604192570454234 0.6667783242587035 0.6584362875801917 0.6685811155194429 0.6694507852439544 0.6637876093341577 0.7012225454955232 0.6788000592050081 0.6738496180005086 0.6314456866393363 0.6139031907464222 0.651359762211966 0.6399552209395166 0.6499807786578101 0.5902700045858186 0.5544107052700538 0.5968323753137628 0.5637870597310127 0.5376248860566037 0.5405947136076645 0.5401082886696006 0.5641462856663396 0.5541605042054368
0.6179266428956499 0.6265128259274404 0.6160966898064566 0.5792238740660386 0.6140338620224892 0.5925438878442776 0.5724661399856585 0.5978339528811711 0.6322383454926044 0.6833620337166224 0.670426111633985 0.6690562622290351 0.7535488910902314 0.7362841933438943 0.7752419226705364 0.7337280202508352 0.7001216727795265 0.7002727763711377 0.6602914759939479 0.6214896824368672 0.6215445150043503 0.676173179113352 0.732314998744887 0.6766299467227216 0.7010857017285079 0.7103666994927057 0.663851992831274 0.6595909512037832 0.7157104024214679 0.6909382937885926 0.6040276121754417 0.6304330408151304 0.6234167749624616 0.5888557699064503 0.5757182239622012 0.5817152307911555 0.5617688829481388 0.5973864627975718 0.5448695441851039 0.5633175773574972 0.5297274042807895 0.5279331589298957 0.5249337055919708
0.6280721549703983 0.5921562314455324 0.5831495311336639 0.5702133591700317 0.5997619379293059 0.5885250792572612 0.6285725970623398 0.6009198338665872 0.6109393806997762 0.6644604038961583 0.664122852788517 0.6998742912048445 0.722084212198752 0.7291109393143351 0.7154236646094384 0.7396063061340357 0.7293992651769469 0.7308184045562851 0.6639558095780755 0.6591235288717735 0.6649657118010459 0.6619637002569183 0.6931197903953238 0.6985701758067103 0.6851450253590942 0.7265283131201965 0.7111558760680021 0.6799744680737505 0.6781313698217736 0.6941770008760818 0.6767011672442501 0.6537220288664832 0.6372877967453853 0.5796692624125603 0.5644079766060195 0.5867834484420053 0.5829758497843763 0.5755082238952365 0.5364331730933543 0.5393301268019357 0.5062485303715486 0.49415250712148745 0.5247293663956788
0.5566576672310883 0.5598119715144929 0.5128800667125325 0.5456967703026347 0.5394689915893922 0.5612967694142276 0.6469894317393976 0.6671375713846381 0.6472181047213311 0.7068088950587309 0.7250093097159394 0.7169798139669238 0.7680979228767293 0.7618797747928153 0.7351921174467142 0.7473983887824395 0.708655355472083 0.7127836942582622 0.7304861998460151 0.7149481778606848 0.6944365761582595 0.7397988983458988 0.7441066868707077 0.7417022602805206 0.7383908682206547 0.7302175030476427 0.6967760786031404 0.7166845664649725 0.7540682843532897 0.7299327892071694 0.7017117498265786 0.6428335794721384 0.6235800934890368 0.5987943866982909 0.6079129541435656 0.6606052250917129 0.6951903998444842 0.6403493101236197 0.6056814030449609 0.5260042601793359 0.4935883218254996 0.49538797939813733 0.46398166728661894
0.5843836368410454 0.5798503167394239 0.5525579877672333 0.4956428431040892 0.4990622997033845 0.561854934817645 0.6192989562223102 0.6282430554760898 0.6187455762578132 0.6546023838701841 0.6485042341415435 0.7089022774163768 0.6869158592109147 0.69491735434637 0.7227194031575481 0.6746784604349682 0.6770054804560081 0.6893386872267466 0.7522505814674525 0.7552210575366947 0.7358660200162487 0.7185567946391164 0.7387969692096858 0.7331702647451352 0.6993236678555629 0.7202827644493144 0.7393558626586333 0.7200829797768089 0.7533964547771491 0.7509772458669107 0.7250437956244357 0.6511023285633927 0.6323465471554347 0.6254267873331448 0.5997352296201254 0.6989380241679739 0.7395805416319103 0.6644387432701372 0.6344258803602287 0.5202283476767083 0.5322416291756695 0.4716276432754259 0.4198579293779642
0.5896849198812125 0.5582450451166256 0.527573091415245 0.5036715133905882 0.44164200911282464 0.5789694610773689 0.6302219204032962 0.6831926150788453 0.6820959022691128 0.6704056334351222 0.635813599168214 0.6642519498438677 0.6762371759064469 0.7072109780694235 0.6792764150579491 0.6691839083861699 0.6824856505322715 0.7230910663450406 0.7617071459291826 0.7648118451966963 0.7965715509802522 0.7007456358925694 0.714755374764666 0.6900967883416219 0.7150973217620176 0.671584075496523 0.7082562832445651 0.736366101971256 0.7418251171502638 0.727497085691562 0.6562550090064383 0.6219749839509268 0.6266072201746304 0.5858289084339712 0.5998890066293565 0.6405859840816223 0.7658901766359179 0.668078578920333 0.6047481034939775 0.5125113679986876 0.5247058890543514 0.4780148400397753 0.4367006663875769
0.5899378411175474 0.5447792063861149 0.4961301544176777 0.4998488401652678 0.4932668050411399 0.5726513403337864 0.6358102516116013 0.6615345211317645 0.6474437369253018 0.6331604399570382 0.6745666110150714 0.6679438673772573 0.6977471848830471 0.6634257123199531 0.714168786838668 0.666298301898801 0.6686241206108898 0.692185374484759 0.702245890029975 0.7228472980620005 0.7307899522574853 0.7168347287258987 0.7378134545555787 0.6811701546547907 0.723394093638834 0.6798385988273951 0.6649091936341736 0.666064294415749 0.7263861526411395 0.6910398706579922 0.6630756557908853 0.6440471763780637 0.6018458856956834 0.6059083716644923 0.6066496754100811 0.6396239197298852 0.6506861690397162 0.6889273553442787 0.6387727023836337 0.5283890629657055 0.5346885609455109 0.48894333185899 0.4716205667882369
0.5928397550160246 0.5312538704424712 0.5129244098333196 0.583119136408135 0.5757963513250017 0.6036152547477537 0.6276810700830077 0.6454102084453779 0.6320548052468795 0.6354377329688097 0.6550662105305146 0.6226819761766753 0.6676186165874024 0.6959934744666153 0.7017320851795763 0.723901792483176 0.7273153556388636 0.723332382246801 0.6937323913775462 0.7123715041724145 0.6843136403473588 0.6760013389721544 0.6956710324175791 0.6991761491237224 0.7403978386226716 0.6804399080687223 0.6734895618741025 0.6572908933795286 0.6922496405698093 0.6169478195840306 0.5855353176035123 0.5871442277645516 0.609856423789595 0.5986304866065476 0.6288227290560873 0.6023241660619242 0.6447934650238057 0.6121413256561221 0.6208630038532107 0.5275447146043196 0.46298035083262495 0.44472410496264636 0.443147442150035
0.5236198344580859 0.5360894981366295 0.5381814616204676 0.5981680711710472 0.5985286322235622 0.5866479158298875 0.6216498383004856 0.6159011576461334 0.6582577413560813 0.6161603252165432 0.6266291232632021 0.6394126881326319 0.6151568660874358 0.6408248300473767 0.6893068877348633 0.6972853932456355 0.7398839967158144 0.7256217788304495 0.7206104641445362 0.76199241312214 0.698926709613607 0.7333693825120752 0.6875114604613424 0.7205555099180606 0.7422154402664781 0.6964711993676063 0.6331420698754061 0.6522568235733459 0.6195261192881287 0.6399388325594418 0.6209557478486627 0.5760806119146887 0.6227566656625168 0.6269457991406426 0.6227075301310966 0.6468825233908286 0.6126095950937019 0.630559708449844 0.549279913463974 0.5089111040514616 0.5063054922972078 0.45712813780330575 0.48477476780933015
0.47192633647407367 0.568518671711972 0.5805999322916012 0.6141469761946362 0.612444116646601 0.6111768097795971 0.6620777060218818 0.6443397349530285 0.676051228753783 0.624113779588499 0.6429988543404604 0.6297478705139239 0.603104754488285 0.6418859168418761 0.6521315376629089 0.6627618996611843 0.7185583614060602 0.6998805158036754 0.7651157249344993 0.758475393902782 0.7596446732269104 0.6922390706279054 0.6878451034484769 0.6747086516719104 0.6603268473988764 0.6154704995118327 0.5720872734699799 0.5645197123609438 0.5708755032973503 0.5558834033473876 0.5870681811183017 0.5478471192257481 0.5706036399580653 0.6363516442731871 0.6730653021936852 0.6328891136709965 0.6718898251015913 0.6089812113249097 0.5491926041627895 0.4835069821324261 0.4849190176524919 0.4894411409130338 0.48006408306088105
0.5597606139901842 0.5577188589420765 0.5725123396949752 0.6187568191462656 0.632658929835273 0.6628193004778473 0.6694133257097562 0.6680893074001162 0.6761530209023614 0.6612960803675924 0.6395298890933729 0.6240176635019705 0.6433427286931331 0.6575263811674322 0.6271737037620702 0.6814419790205714 0.719456938622564 0.7277031590480249 0.7585772961801783 0.774194743637269 0.7723011463875112 0.7095529475912571 0.6953205869824749 0.6555753721193281 0.6839592863638638 0.6318907242979948 0.6419398378885682 0.6056897978112205 0.5933644404081387 0.5629262073403247 0.5917228888089374 0.556959634919488 0.5771454777586477 0.6360791211713641 0.6133110088766375 0.6659292547754796 0.6449587852644129 0.5562681657393775 0.5076900083819788 0.46664646655205494 0.49998041798086035 0.4574945439510914 0.4036741479886916
