Raster_benchmarking/Raster/continuous/raster-228.asc
NCOLS 100
NROWS 100
XLLCORNER 1743160.3244953987
YLLCORNER 5469277.601105358
CELLSIZE 10
NODATA_VALUE -9999
[rows 76 to 94 of 100, columns 43 to 85 of 100]
0.5101543979368859 0.5590245525666738 0.573016540197096 0.5953631819493949 0.6042535175338115 0.6542276434686375 0.6586054662094962 0.6793760580731769 0.7021355211442009 0.7209557262649781 0.7457744993192471 0.7554441328405226 0.801172307700952 0.8515952620968308 0.8597986163928553 0.8412138464504465 0.856341039509193 0.8497684692758002 0.8737983208300836 0.8697228757400394 0.8552659077708967 0.8664881469579891 0.8856418527750217 0.8898753327070904 0.8920092381517605 0.9047626740947103 0.9060778448524317 0.9211147122198835 0.9228193379078615 0.9365442138784467 0.913782011460064 0.9191599850554303 0.9232887191974802 0.923552402528085 0.9510615474032108 0.9059710957828897 0.8931140494309568 0.8773267743352601 0.880052064397339 0.8989380481303281 0.8816354183832413 0.88637821373738 0.8979305273161365
0.5069774121155596 0.5394449689842834 0.5862516774952271 0.575329173677616 0.59999820618161 0.6231621127517403 0.628828013509365 0.6601330534533785 0.6516705604699676 0.6806165088457207 0.7272195568409129 0.7378437894975274 0.7606019875771006 0.8157951814223638 0.8478455192402947 0.8413588532764115 0.8278508179275663 0.8510445892619211 0.8508322395114332 0.8764123050444237 0.8769394235612519 0.8430745056744586 0.8896035356896413 0.8984584670368162 0.9162271438981899 0.8998764021201923 0.8819890813526678 0.8887117127233708 0.9162114828944379 0.9353760640358068 0.9084964169422003 0.9236749006643035 0.9133287263185446 0.9325493288506519 0.9279793303521882 0.9154431005019368 0.916577223807691 0.8961873399944 0.9083502875051704 0.8944592448321916 0.8937084927779472 0.8864745515601344 0.8935129899582948
0.49511477235328477 0.51642695413624 0.5716425999393321 0.5872961950614921 0.6207840997211859 0.6082585992168146 0.6068306694760233 0.651038112787332 0.6508770315637474 0.681247946471234 0.7140737366187829 0.7293989532675219 0.768060841035806 0.8114475281616335 0.7935882164303899 0.8171556079813204 0.8088515908616949 0.8239127555017962 0.8622782959472762 0.8695746325448349 0.8910543430714072 0.9020517470482943 0.8965849659353193 0.8925640741450611 0.8920484902007113 0.8768289390209799 0.869449725823076 0.8761907161931471 0.9130712326126444 0.9336680979982518 0.9054154638301541 0.9306284022771678 0.9340356587464999 0.9081397805958982 0.9084316323606089 0.8906613192958227 0.8917770191110542 0.8842878419724673 0.8942810264661291 0.895183503099884 0.8965629028671184 0.8952710898151655 0.8893685598739117
0.5147934758247787 0.5374460454949397 0.5805592629356854 0.6245860909599346 0.6146374042816459 0.5858274827296983 0.6162360329914474 0.6041438104843263 0.6450863442270804 0.6482650101094187 0.7267768650960577 0.7628317216083984 0.7599591467257605 0.7828438595526845 0.7717392180155286 0.7828557524206332 0.8064912087799739 0.8378093161373531 0.8703521019725009 0.8923860639427679 0.8782692994873565 0.8981810457587593 0.8794154041194071 0.8714820450211156 0.8680704351102415 0.8748275019420674 0.8728411255249631 0.8886393953621033 0.9138406899062973 0.9330433561113333 0.9224760647165605 0.9126283202975991 0.907903563714432 0.8821695921258015 0.898033133117645 0.8939641377825359 0.8620863099339904 0.8615077642308182 0.8813337724304081 0.9032141998210765 0.8781746070915937 0.8769894329376627 0.9142517863781932
0.4877175923335032 0.5385098553655109 0.5791117320508102 0.5934986591162127 0.5931849431459372 0.582957796728032 0.5830284326206582 0.56899200612305 0.5930431997133776 0.6230829731738374 0.7012952522536682 0.7036265430805859 0.7267253477228381 0.7336104485266014 0.7729324915995269 0.7626515424281053 0.7788340822553411 0.8304665630761394 0.8349097114753866 0.8441156761952294 0.8506071919123316 0.8791717463460852 0.8778787701497236 0.8794040368385678 0.8711739797886544 0.8582419805515306 0.8816944046609904 0.8587351327246968 0.8598783923051572 0.8782860756851791 0.8802442712420867 0.8860464979379223 0.8460709584840047 0.8640187596598677 0.8516679151908805 0.8693942466398736 0.855786549813572 0.8425804152660251 0.8621089578428763 0.8566151749260809 0.8571625261055588 0.876268429754828 0.8852713379612405
0.5135644296620134 0.5548703842014435 0.5835315977575023 0.5663318072431476 0.56445968222568 0.5451054783518923 0.5794776031948398 0.577865254804865 0.5890810240111058 0.6243254746197597 0.6675484936566592 0.6979883013790565 0.7193768974949923 0.7256517982610823 0.7337139363189535 0.7293741229672681 0.7503809756368475 0.8057950265017597 0.8286025018339611 0.808226299193096 0.8344107591617472 0.840263182850637 0.8586625566567054 0.8416527734804475 0.8638655564791077 0.8760894822884654 0.8493277207164304 0.8445350909382415 0.8520316004482626 0.8579318531014528 0.8645825713533217 0.8681262188392544 0.8314876148467902 0.8067346355346153 0.81056290630083 0.8266560560181619 0.8092713076894044 0.8198098653403618 0.8447702948050345 0.8385217665536664 0.8409791842277985 0.8472758234960891 0.8570831782331895
0.49761099088024535 0.5405542584354024 0.5643310743342176 0.5335811255258032 0.5283940475553949 0.5412189870102833 0.5758095433156751 0.574619993109883 0.6086526952628158 0.619474445063764 0.6561285525576416 0.6612686129573728 0.7001837914419977 0.673655489709547 0.6884074350276554 0.7194796002170554 0.7572396109886117 0.7557101446943458 0.7925118306363154 0.7781171709076938 0.796939633435356 0.8010399430173258 0.8147217485474927 0.8237284442108147 0.8634167873884828 0.8310835374345792 0.840085448347895 0.7979910554619388 0.8132011512427798 0.8174426630829764 0.7921164199431552 0.8083429456248017 0.7861490685661277 0.7828090025451926 0.7649708490514744 0.8010377691105702 0.8129089322386334 0.7918556357570415 0.7977917583737382 0.8075199993244715 0.828871717852107 0.8437507940464685 0.8343536053065888
0.5018116487450234 0.5213115146503944 0.5119589475805387 0.5357240613321129 0.5296492021992988 0.5454350167239385 0.5371011793272963 0.5521724332271009 0.5742498427650993 0.6042561912817747 0.6224996548433224 0.663957590101219 0.6687120291060894 0.6417568570810516 0.669788265254283 0.7051401096669042 0.7195716856443811 0.7138195087209717 0.7550147142210898 0.7822199714744952 0.7651593537025594 0.7982685100071378 0.8153096788050535 0.8582205222326288 0.8303184354120979 0.8248968316943365 0.8049062989127849 0.7735410981614969 0.7439731147505887 0.7396802782674451 0.7346925606865838 0.7489833452072642 0.7418393599089221 0.7336744750236802 0.7379184576278526 0.7454602135517533 0.7559541005347143 0.7969565045322625 0.795638514527238 0.7919516691103309 0.7749028017758041 0.7800434686262594 0.8079217528339154
0.5057609366313411 0.5082064721386198 0.5132167879577458 0.5447239468006914 0.5302052904140246 0.5252560198788857 0.5406226989517513 0.5619789288648642 0.5693624351672159 0.6082221793917799 0.6016219595661465 0.6456354390065719 0.643532563376053 0.6313929726902833 0.6771822070249891 0.6942811375109138 0.7174689109719967 0.7127409656862843 0.7478678068341943 0.7771435896356617 0.7643655008099662 0.7729523276619162 0.7997186746404364 0.8301930260947924 0.8277018517579229 0.8052301760698038 0.7502067050619767 0.7360322548707661 0.7211135991699964 0.7028971461720341 0.7345955560233728 0.7087965378006299 0.7404857088781799 0.7353833757817824 0.7084498911407715 0.7024401986593739 0.7147527442580338 0.7433994273987735 0.7242828938374455 0.7495624355882585 0.7396925931099401 0.7524578271443483 0.7383572964659636
0.5223775567040316 0.5440461500735 0.5289037109247664 0.5293755932376343 0.5030958145064455 0.4955342536886416 0.5303151783918528 0.5272633583411283 0.5579337154045946 0.5705739571246349 0.5940091209232883 0.6031184984223349 0.6144307271899598 0.6103320177260703 0.671923126053795 0.695300877735554 0.7045375151006725 0.6870286303478761 0.7093785739336035 0.7583737511010017 0.7858187435593575 0.7984483665646644 0.7980501289990062 0.8190491438466547 0.7836185260124793 0.7755925060891469 0.7491848396965397 0.7140874107445345 0.7105237303929843 0.6999885213852182 0.7039058417655518 0.6760063298276964 0.7114513178328702 0.7373397154595281 0.6943987414582279 0.6910601749166714 0.6869472554786556 0.7102777865429676 0.7084715091990909 0.6815907981434149 0.7191542824581955 0.7020078613770538 0.7274112609827249
0.5215860005796596 0.5484712708436835 0.5603774179700464 0.5355866626818742 0.5100366691711924 0.4812522432776754 0.4737892398996476 0.4895734483419887 0.5059638299971358 0.5540908095261641 0.5602772436794538 0.5553441318596954 0.5910994455420111 0.6060249908687838 0.6392057092502096 0.6737181174477966 0.6761599560841148 0.6690336565693945 0.6907142036510593 0.7208725184603088 0.7666864116781086 0.7611776420106215 0.7746382739964742 0.8135257099457781 0.7954219888072 0.7691741160584918 0.7663535589514369 0.7218987673586801 0.707124290779082 0.7189674550681274 0.7029970359903989 0.6640856467011736 0.6708467064485624 0.7101429927335122 0.7143986618740872 0.7009314483545368 0.7105021531996828 0.696281244200444 0.6608608188869114 0.6443133313277355 0.6674374390258565 0.7056325341120414 0.6907289476854228
0.5074456987030421 0.549143144453099 0.5308700004835406 0.5316350722053824 0.4973237132746442 0.4791967264069531 0.4665535456516346 0.4733829184214333 0.5079960541806555 0.49840933643673724 0.5026687492126904 0.5233019214510188 0.5537583215191945 0.5700182117190133 0.6282202634117526 0.649720415215116 0.6737161244342144 0.6654886417755961 0.6994762473477746 0.7337515788267294 0.7284067546799015 0.7449629640076924 0.7481825140049637 0.7837613033816655 0.7873645575472734 0.76921918403478 0.7656616754834148 0.7484011056159319 0.743296717193396 0.7255698363332393 0.69128491734292 0.636989894963278 0.6526366800860386 0.7018189145048916 0.6924595852506318 0.681266141001104 0.6713411310874393 0.6798228603128967 0.647672656101758 0.6421125687337524 0.6571092048244404 0.6795145127781701 0.6941937498780191
0.4855245845814931 0.5289291748377497 0.5230198959282443 0.5340845985694422 0.5011224133260815 0.4851180783829751 0.476274261156174 0.4659895068688888 0.48767614971302553 0.472353295596516 0.4926314417158978 0.5195040866081575 0.5342838493499196 0.5455098851861246 0.5730007000916133 0.5898845480738103 0.6194718386359294 0.6403557624734956 0.6694275177238739 0.6973480727101389 0.7022660736564538 0.6980627793111251 0.7292418611899889 0.7381234465113378 0.7158054463863253 0.7433588547068543 0.7246727954115788 0.7446371679801511 0.7155024892318231 0.696780967952776 0.6689741887478264 0.66232535204133 0.6383916416382517 0.6865527806466182 0.6782755835379867 0.656508076320321 0.6584436604125414 0.6600837123634565 0.671362744371985 0.6498823626548009 0.6393027957314428 0.6330222893138299 0.6485605430565133
0.5116511939476948 0.5147229922274232 0.5069392654590292 0.5318076213986239 0.4883642003449683 0.47821197519560416 0.47159853247645617 0.5000640075806805 0.5179442306041103 0.49139940233509316 0.5069548170593833 0.49352320842218683 0.5191532162829701 0.5660896895902567 0.5576010623308858 0.5408647230821944 0.5944429241846558 0.6031407759442553 0.6266158076016642 0.6440841198656551 0.6517420616831201 0.6636678650139587 0.6734018164883852 0.6455697395600652 0.6541801289438535 0.692593501218817 0.6907831553988761 0.7053944448100732 0.7176297527206622 0.6708313865876702 0.6451014816389913 0.6270018145937628 0.6463218252257893 0.6612266156158735 0.638866870278536 0.6530380102013226 0.662273126095853 0.6726318853629534 0.6579652821592649 0.6235551437685847 0.6169537028159875 0.6300828066815903 0.6481727340986008
0.48441699457982423 0.5206109497610649 0.5413321965964573 0.5354596695837314 0.510018391887367 0.49613320989179666 0.4987486405754586 0.47831024263850785 0.5091781834814777 0.5140496822924611 0.5154370806838537 0.5333495738602902 0.5270168931302099 0.5367523192551373 0.5224487667624672 0.5123179944552922 0.5583137105289251 0.5810747241833248 0.5864388926230296 0.5891935115129432 0.5957814226481293 0.6076374975959394 0.6327677369627374 0.6090276686915025 0.6442902910458802 0.652042408572041 0.6814880637205326 0.6960270403133778 0.6954283192277501 0.6697919661396224 0.6460627262774687 0.6247815532698686 0.6317416933398179 0.6644156166106604 0.6325505701905296 0.6476251624174841 0.6379881035018582 0.6603310916710226 0.6241237438697707 0.6286733570786924 0.6210988768410942 0.6566826050244181 0.6546868163562635
0.48228608864614836 0.5227794782823274 0.5041459949880587 0.5273697143327325 0.5182063745439786 0.5023085390565162 0.4934841950386068 0.48840589962290604 0.49000323115428024 0.47833663653260877 0.5299562762650646 0.5339080762252627 0.5292518573606642 0.5573189463661342 0.5106115261544448 0.4880935831729607 0.5364025794150775 0.5244525503184766 0.5469608544331337 0.5346357726748397 0.5715964305726958 0.5741702481070902 0.571431263533418 0.5815768109982707 0.6133605751735584 0.6277079731618788 0.6511401373493683 0.6813766026879147 0.6914847140326993 0.6642290770090139 0.63400648571308 0.597349412021333 0.6146075999403064 0.6472873714554574 0.6501188093123799 0.6371605687139673 0.6438638597521406 0.6562145441786656 0.6297738028908918 0.6048606327875582 0.6294467312355606 0.6478799489238232 0.6538277115597784
0.49199798983122445 0.519796969697368 0.5119980249802967 0.530100141020322 0.5203901713713388 0.5138782749152321 0.49270431134645626 0.4816194204140225 0.46171574936058646 0.5127919022663001 0.5249383604392407 0.5364331180550711 0.5146809031548174 0.5303065109743087 0.4979694084728612 0.5124847002168879 0.5242314147356356 0.5238175313298351 0.5291355781429877 0.5376556174377543 0.545034442885362 0.5683702334300327 0.56170810401055 0.5635332488495723 0.59064019340918 0.6134523560957915 0.607479473493062 0.6176307644475376 0.6625866954741207 0.6374723842254729 0.6298904392456184 0.5954954904360001 0.6085644484332102 0.6110585827765439 0.6268786356688993 0.5969244975318353 0.617289907354939 0.6128367327831391 0.601722441177381 0.5920390197900078 0.5897697343983604 0.6149422185667857 0.660325180691165
0.46367717392992713 0.4922134970981023 0.49787326516702046 0.48756031300817343 0.5117354237009798 0.507967953912381 0.4927900013818809 0.453591964346874 0.4494064505159505 0.5017686736569336 0.5002018755932812 0.5242439905833005 0.5021868230743524 0.5063499427769511 0.4804886484429187 0.4959292318957419 0.5270114801894249 0.5060803317468141 0.5137477788636322 0.48200666192485164 0.4946339885166601 0.5369721780347182 0.5450338240881095 0.5464700469784892 0.5795223035191746 0.5939462904697198 0.604773246698456 0.6039522760381147 0.6256987644993658 0.6204148638280444 0.5905479275875904 0.5673199258930933 0.5862109745076065 0.601070017847313 0.5953749849342184 0.5828248312049529 0.5943254842504297 0.5769096869173278 0.5655764614440778 0.5611406784673982 0.5889686115585905 0.6277548067934091 0.6638473630075338
0.468701644462919 0.458579283661658 0.47531978723214624 0.4567858253758892 0.4844994996836921 0.46734571042515977 0.46557945565134207 0.4552432497375615 0.4410662889776066 0.4626630085528485 0.4555589932880926 0.45483435621000146 0.4870966472763623 0.48677689792582207 0.4651527159642533 0.48725325317726054 0.4959950477381275 0.5002866388329648 0.47431677861077093 0.489183219236103 0.4937199127322777 0.5364373453901823 0.5469956823462783 0.5491619110521593 0.530552418319871 0.5628481190534691 0.5956479959066919 0.6031800346121832 0.60605124424993 0.591622719975674 0.5739204807355733 0.5867783914800511 0.573734476676119 0.5473513204075511 0.5546503964405879 0.5517858538959027 0.5452771297073998 0.5555552307432162 0.5798946745767458 0.553723450167657 0.5876744441453272 0.6571547762218094 0.6799579189862561
