Raster_benchmarking/Raster/continuous/raster-461.asc
NCOLS 100
NROWS 100
XLLCORNER 1743152.1047165857
YLLCORNER 5469290.796968475
CELLSIZE 10
NODATA_VALUE -9999
[rows 0 to 18 of 100, columns 0 to 42 of 100]
0.22408013089031315 0.2087624019340164 0.18486260056062276 0.20578543988345824 0.19269852739756457 0.1804690581778739 0.18001762526022103 0.1731398474608587 0.19283949899482547 0.21096640908523726 0.21815749196617573 0.23060197023043597 0.22439742420311942 0.19214431724254288 0.19015382229708677 0.1646154011929948 0.1354501406441925 0.14243404022477293 0.11418804630828179 0.11605131262776643 0.11050030667811778 0.07589517687527911 0.057105662829841725 0.07759996122569947 0.07322925905639777 0.07211691279791078 0.08416573480801949 0.08838223351806639 0.10645668786107813 0.08642492488262582 0.07808862229503147 0.0754319763974844 0.055878018431197406 0.037688111333355125 0.004027295567432156 0.0 0.024611721839466666 0.06115798302382843 0.04462659552516943 0.05306487782832882 0.05814543113465461 0.06526826029188165 0.04737668602095061
0.23699726469793903 0.22534367673949846 0.1916872212013277 0.2078141706465094 0.22407794715452878 0.21790795913508193 0.17882076084489157 0.1881769413220684 0.21538904838874814 0.23505257789853415 0.26217286129898343 0.23649873567458085 0.20183643882915497 0.19427217530446117 0.15878679154427291 0.1648407456401766 0.16403777088524477 0.16547666464218 0.12573279243832527 0.12060800560532767 0.1264130406011759 0.11575091415706126 0.046569183388742774 0.06257257824483402 0.054560663744532695 0.09676296177288961 0.07915688199613699 0.09093581085952174 0.11852818786653795 0.1137107500842755 0.08170235419657632 0.0794836531038888 0.046338237865044485 0.05268676270797824 0.011942216746111756 0.028243173945807283 0.038145674871537825 0.03993390060814623 0.07625323999894511 0.08679751908940485 0.09518894636448058 0.08331556456615719 0.0662961615378835
0.22666429150873163 0.25000285441268594 0.22097385976604605 0.2490603411048566 0.2118186304177758 0.2365894930620469 0.20087122375179725 0.20878769831030303 0.2346657792062818 0.24896298069489967 0.24303199953443314 0.25337466987850354 0.23631926988596613 0.20976393410112662 0.21073611977535853 0.18709329504726888 0.17070709871036152 0.16068664250698578 0.16608114031571905 0.17434450378727864 0.13223741010829543 0.12518517091473222 0.08861524795259496 0.06555391170535547 0.08114001613731614 0.09759719456928988 0.1254096360780301 0.11913686373097337 0.10940012293803593 0.0925749812007912 0.09690688300359201 0.0589318882831504 0.04628093424218056 0.05945761161203146 0.0400547444785199 0.021220538184266915 0.02542730760374096 0.05463656080957771 0.07137725773877991 0.06680086664559355 0.05885510793303346 0.08076379668973073 0.08623670026281299
0.2513894181103178 0.2322401875046501 0.26440038046529163 0.23748453121915145 0.22610121150643472 0.23963533050423844 0.25116508245846675 0.24145243116008155 0.22929245539056467 0.2687307280478592 0.26697013238056383 0.28569390627286595 0.2856731272840671 0.2642740044823244 0.266983566130103 0.21595248005484383 0.22093591769493495 0.19018881912830835 0.202705479105649 0.17645983109249685 0.1623770214266664 0.13376108402841297 0.12276698572251828 0.08251153607395166 0.07703235091821112 0.09878511681198103 0.11937309119689943 0.1323964695385747 0.1093401017886395 0.10550830922025203 0.09261953570449409 0.06681463317534028 0.07073706508867529 0.06294899119826533 0.02900587171036788 0.038027704957630595 0.02905147728425212 0.02840518257406322 0.052306123626530976 0.08380605910344241 0.08177831730888957 0.05220392574018657 0.055420123180052745
0.2820547152158949 0.25117670834637346 0.2792527163396761 0.2656298073434956 0.2544518447759124 0.24140381764594057 0.2800819498381855 0.2656115015164512 0.24932823656901576 0.26797790119792564 0.305385091543587 0.30142862222312383 0.30396456109642855 0.29868631041541843 0.3005676529517376 0.269431147397478 0.23309333277870503 0.21489277581374877 0.2358517042751555 0.22456383341595776 0.18099563216080097 0.15972421468091266 0.13865381667636115 0.12779988958677674 0.11562300457278274 0.13207224137993048 0.14303515359724217 0.11097782350469297 0.1269337286093367 0.09197128023656036 0.10089528034827437 0.06623403803709364 0.06779185576881942 0.06912004028140774 0.05145942595597815 0.03907754761538743 0.05058843473293768 0.06624068394895542 0.08326102662484669 0.08300204172454324 0.05320778004840181 0.06271084214951884 0.0740786977667734
0.2899181449230093 0.2829644276019058 0.2840839939809073 0.2601983627359283 0.2769118425703256 0.26704166418220704 0.29277819129218424 0.2747993964340957 0.24207622765726078 0.26773352193217675 0.3120815242849871 0.2903329771679362 0.2808223824220073 0.30542566614429556 0.3145691360317514 0.2887389065700973 0.2714979823071259 0.2632905637869007 0.23062091168391122 0.25638163525585256 0.22942944749600058 0.20328024397432043 0.14837961688221832 0.15159773790952907 0.15025862026554823 0.16354010683616876 0.13240617348270625 0.14890519892125811 0.15124774502505042 0.13236092705492367 0.07611140316234863 0.0763497661954617 0.07195252866837207 0.06416868905108448 0.01722502500187582 0.0529078290167572 0.04705373882037668 0.0417142747221519 0.056207510126049326 0.0816214813594771 0.05975143653110365 0.09773845041136477 0.10528035940039601
0.2807944624753133 0.302723455067983 0.30201974034333257 0.30257262993989553 0.30956966710039113 0.3102334229456796 0.29083193984405575 0.28945876228185013 0.2918192603301151 0.2783470866599844 0.2775874445208751 0.3130735920942291 0.28278122729047234 0.29153541262099003 0.3102200948374629 0.31242967322034987 0.2888758972347777 0.25585387642052543 0.2592631565045147 0.2604986647047306 0.23609423215212771 0.2304930095741494 0.19871157675296794 0.16828878028523467 0.174281232420728 0.1654245146561963 0.16581218530631328 0.15529280195471334 0.1695699287895224 0.1288325415597916 0.10144219005331089 0.08690332842455897 0.05555561175335342 0.06273120580564967 0.059267050732942306 0.030973301276355624 0.051250706073473457 0.05621951477856166 0.07855734639994807 0.10732861256182787 0.10988757726698539 0.11084728626259219 0.12971418892511177
0.31688479412961607 0.30568029710525685 0.33484003715511707 0.29919281286983246 0.28784362818011244 0.2886720061773022 0.3119645072117961 0.2853621949895699 0.27623385449479126 0.27914071635276455 0.288928168127956 0.2950822076146684 0.3056884841687486 0.31631519102832745 0.303425876249789 0.3002011400784726 0.2902893679453376 0.30418097219646784 0.27888359242964844 0.25039546358207265 0.2554680494734668 0.2463828884590843 0.20665663483334407 0.16468372587018265 0.1814227070361903 0.18361185034401872 0.1584401645005752 0.1478418329662979 0.18120111422526994 0.1223995568909612 0.10283779356663333 0.10557928550477175 0.06240828071570966 0.04767392073152256 0.06813556911987609 0.06987882047990976 0.06363015237430691 0.10298115209650116 0.12745558471458096 0.1362291946480766 0.09916207698822682 0.11308525812961431 0.1367353560254821
0.34419447398825187 0.3295457320288633 0.3454045666363603 0.3301829713175351 0.31663657584402766 0.31480411525444724 0.3078368412205254 0.27317704748308697 0.27827488735494815 0.27158796880515346 0.2886360066968299 0.3205070175258584 0.3289503251396448 0.30454763400016027 0.3191509741858714 0.31669891951782797 0.30539316219808965 0.33029961777816197 0.29763726607961427 0.2853932965196444 0.2572071461162264 0.24867088387889313 0.19906062949729172 0.16786022315200907 0.1835461844375255 0.20623310842806267 0.16989744834803625 0.16054148988718675 0.15171995824730758 0.14661646736791661 0.13918754693542526 0.11508135122528154 0.1116156328291726 0.0775494239162256 0.09489901179963374 0.1086790836857092 0.10416107826846739 0.1252174246754026 0.1743077594136028 0.17121196470934621 0.1758398999294447 0.1623164484267534 0.14164571152445382
0.3638189396237559 0.33117504379481627 0.3547277782259406 0.3250491568524636 0.3093649812886352 0.30283587241930093 0.2793529304756399 0.2530891441338565 0.26139718368157944 0.27237992989329 0.29150051944486666 0.3323990880099226 0.3392632551452192 0.34298248876495574 0.34587222168083165 0.32848010291714796 0.34280641077900614 0.3455564039158489 0.3240495144396539 0.28139007683213274 0.28206542521590344 0.24024968268578997 0.18435756195719608 0.1801702222305847 0.18836777184233008 0.19668722695684568 0.21285886762026474 0.18606024159221507 0.155689732868156 0.17883744613845168 0.17511378706882424 0.1281053185621388 0.11648633872098829 0.10754979458727443 0.12156173067305417 0.1527944175582845 0.1568206360790553 0.1813043746642886 0.1842070894959593 0.17922660164529947 0.19407988107779778 0.18174889838650765 0.16388142927880345
0.3433027333861393 0.32974623770148365 0.3482581310419629 0.3278292270951275 0.3143114954646813 0.3144819118817321 0.28235733382781886 0.28042565700355376 0.2991026112930091 0.2842806520442093 0.30024759562180353 0.29958426337848865 0.3236432898819327 0.3154767377301371 0.3091109026916283 0.3192077975489859 0.34079689005832053 0.3385181550085735 0.32234082058349667 0.2788575218452841 0.24755268804397548 0.2208635281253918 0.2316139250775779 0.219552808463683 0.22580695597931694 0.23169484125261647 0.1984671058143947 0.18850621190667602 0.186105522052442 0.18197683392761033 0.15571535999918334 0.15650327098185954 0.12391662477147578 0.10661757847300832 0.12055961821392248 0.1573817176556894 0.15798718110044357 0.1897088467521054 0.21270449030275496 0.2200813354532778 0.22694484799063627 0.23036577400385408 0.2368996719859098
0.3336514164655785 0.3617567139211678 0.3541583603486599 0.3424583158252321 0.32530482652634557 0.30738210549177025 0.30908564610893685 0.30168123648328843 0.3286962054406293 0.30167361066446985 0.2869745766417156 0.28504046489376594 0.27577956707736545 0.29436100003519805 0.3035627055927831 0.33356702032020064 0.3325776046640243 0.3118792323569274 0.28580856652679476 0.2525099997514757 0.2381593389506491 0.23810780945180668 0.26106418754671457 0.2327355493365281 0.22184232913547863 0.2451272047087464 0.2298696836646199 0.2231797280001478 0.17045835153166247 0.15008587473100865 0.1547233142097937 0.15814009882166713 0.11420037032302939 0.14065543091855234 0.11843404072820773 0.1358998172270935 0.1746703842289876 0.1856608641307354 0.17564485170131455 0.23087028238711255 0.24413961484051086 0.26273394829291463 0.24719996840722933
0.3442024116364807 0.34442200269529016 0.3539801498842453 0.35723064186841746 0.36232307859247864 0.3329266469821538 0.348958220043262 0.3310061292592074 0.31357054764381964 0.3086171757014138 0.29740195331277675 0.2744620430644534 0.288929543587933 0.3138210232666991 0.3265721037145062 0.29986204645369496 0.2970609721009441 0.3077560394719217 0.3137348847533278 0.2927931610516037 0.25730682646579595 0.26135061316239416 0.25035156777131673 0.275743397459273 0.25926053387310044 0.24276061455990727 0.24912475188467134 0.22366281837417357 0.19178756761995788 0.17181138423570305 0.1438571230660908 0.11891828219536249 0.11141380485815522 0.15343489008438335 0.1473968722723126 0.17401817216414506 0.1956327658794527 0.20569691827539544 0.21119872483156119 0.21741309502880463 0.2686948978025055 0.2625102970959681 0.25625188510939123
0.34493667609985923 0.37222447572484296 0.3863850964753986 0.35706149964386846 0.35819798453031115 0.35739114666184496 0.3666350053906443 0.3592972850396966 0.3585808276053351 0.3298809141090492 0.2865657936483938 0.2719980968429308 0.26805795380841346 0.294990183180174 0.323180790687728 0.299212077319783 0.3276288876984038 0.3118785278678233 0.3082702427829723 0.2771548134454818 0.2830503667126242 0.29340807808463737 0.2831748213606448 0.29258235579853686 0.2621140679517513 0.2519693685258013 0.2633561937892882 0.22308929901719843 0.187659934427302 0.15418246415862613 0.10804110347365292 0.13284331983922146 0.13028970928312758 0.15897614647074207 0.1665877447719931 0.17621518472221692 0.23852528878429485 0.23774299208549 0.23530511806259344 0.22574429743725835 0.27937291348766885 0.2698044669008942 0.2818491922989631
0.388568760572548 0.37413965459646575 0.35092805353330386 0.3481615907210502 0.3676106767840431 0.37985727224608373 0.3752524274464461 0.37912474300138155 0.37160031860265363 0.3413637565830185 0.31738948587038934 0.29345826689419824 0.31790961014372554 0.2983848169809054 0.3035820450678757 0.3144635798041505 0.3409105800225422 0.3383582352094252 0.32586294428763823 0.3129110110316518 0.2898540951373438 0.31869819200335103 0.3298666865409449 0.29117718155771166 0.28638961299263715 0.2745795233251574 0.2617557302499629 0.21581988840045935 0.18516819058062464 0.19373552004759628 0.14103398360763417 0.14620157304985681 0.14924714677711012 0.16624863470016146 0.19987345457456526 0.19864405415013933 0.24280181120532157 0.2392996863684884 0.23777871906670547 0.24134128111816852 0.2508622398691031 0.24291253740953753 0.25695676462682865
0.3855085366952757 0.3754339158063246 0.3420717499380884 0.330614344394077 0.3421146557813552 0.36665382134593 0.37370172637927834 0.3697071843257853 0.3806017183737464 0.3827646660721564 0.3629577321962551 0.32288871534985353 0.3285499483815217 0.33416808415757393 0.3498971576676106 0.31883708822178486 0.3059000384135381 0.3263623425234753 0.35013257540680504 0.35090831896102964 0.3100381992022296 0.3262786884636434 0.34874002962363665 0.3309850543754669 0.33380240553140844 0.29886266100274317 0.2701405530056049 0.2610173360858579 0.22826246756837995 0.19392649597607245 0.17722761280986885 0.19974677537262217 0.20007172240702295 0.192505361290359 0.23974649249263924 0.2309905078762269 0.23582898288467194 0.22815110023980562 0.25520058293741965 0.25703433000164183 0.23098184897261603 0.24717411361729555 0.24018961331177463
0.376213819725163 0.39039627179076714 0.3725411448421789 0.3389331200824188 0.3667417726357961 0.34913822415119805 0.3419169458289258 0.3545834451973212 0.3429105996887679 0.364582734213638 0.3829560035674427 0.36859997390487353 0.3625893747322971 0.34167424841763 0.3432392094172843 0.33286819296564396 0.3295250080622925 0.3371445975191541 0.3319284674867053 0.3427570890590618 0.33145438029234625 0.33148131075309734 0.35819796115831415 0.3227286275518238 0.331755447801673 0.2881278906788681 0.28200964433291775 0.27255561158835306 0.2613396083576163 0.2295961006687824 0.1984118311010176 0.2206745806181436 0.23516799737481117 0.2204236211936805 0.21546713981360202 0.2222490874686978 0.22383976854625848 0.23260209036220256 0.25196998660765063 0.23417419168632456 0.2462208956439076 0.22485886337755012 0.23024226338651294
0.398128067957839 0.3814105989482243 0.3546420866604157 0.3762650174000641 0.3829985996258499 0.34466996169709224 0.34719095808753314 0.33125061672693773 0.35693243597738117 0.35577397850062636 0.382786357367379 0.37474683005161996 0.3852357004072157 0.36211737373888386 0.36623538890572066 0.34111154609517685 0.3378826888110318 0.32715712731104957 0.33715913887528637 0.3173611781460019 0.3193985096377966 0.34144122566766144 0.35603269986488684 0.3278940111865045 0.3004822517236098 0.3013455451271164 0.3269779650809374 0.29541725593805146 0.27977983251090205 0.2408396604142895 0.24288886853287178 0.23663800259852485 0.26402363165532855 0.25774403194363765 0.20618444004148373 0.2319900182350897 0.25840307577469557 0.2526452811232962 0.2100005923773259 0.24943662999488192 0.26401386625403245 0.25011214898416984 0.25075174120550586
0.4306067059682963 0.39738887342877494 0.3920508704567085 0.38997201956585914 0.3738636340421728 0.34648975736527615 0.3485923659189498 0.3259968370605272 0.3188114979168974 0.3459149904541893 0.33726294921334304 0.36163018740368386 0.3571140442408766 0.387218390971592 0.38181594768781213 0.3677294487841812 0.360352082770334 0.34201313717050436 0.3106992143457562 0.30293064525729996 0.3298322016521456 0.3083903001369662 0.34061867645668914 0.30202820472128983 0.292684686520772 0.3037047646373318 0.3208296269326035 0.32865073451408 0.313228879809723 0.2896282279622046 0.26411662108868766 0.27133724979866086 0.2628539449752387 0.2630844513230423 0.27102027608179075 0.25017563218538263 0.2707323771610301 0.2792561490675915 0.25642941146048404 0.2562111466904875 0.2584003641616918 0.23322036905443397 0.2327199191235195
