Raster_benchmarking/Raster/continuous/raster-123.asc
NCOLS 100
NROWS 100
XLLCORNER 1743166.6802366264
YLLCORNER 5469280.219957669
CELLSIZE 10
NODATA_VALUE -9999
[rows 0 to 18 of 100, columns 43 to 85 of 100]
0.388433240986481 0.4351828652323004 0.4366926182808105 0.5177948883759002 0.5735716107467703 0.5486442561242606 0.5205400342370831 0.4983254524128397 0.4164572385642287 0.3917810015626148 0.4381966485051478 0.4555606575281863 0.4596525671346033 0.45661091243974294 0.49400155740586876 0.5145771670575032 0.4577300899032043 0.4513473289367648 0.40762207162634173 0.4082480289935892 0.3686001694988557 0.2540505947051565 0.2766950313720671 0.30675950004092845 0.32004796776842004 0.32019141842945886 0.3220432656293065 0.3307206589924519 0.3724565421335584 0.29200440925441185 0.31378850559326155 0.39798270436163596 0.47229189623385504 0.5143028381043229 0.37522731575162227 0.27583948043851086 0.24978837112093177 0.3105384937103661 0.20464898498896525 0.18546183928207244 0.18722735460612047 0.23744066017068022 0.17278368005035122
0.3841665794609442 0.3881986632966435 0.47776933772236624 0.47888805660110356 0.5279851760960409 0.5025153942957964 0.513859318192378 0.45993216584029667 0.43119096026938153 0.4032947332854626 0.45194412884834184 0.5211729518293171 0.5012330235589743 0.45506205942761596 0.4912583389610864 0.5186917092654977 0.43055565383131084 0.38696217744220235 0.3802353054419959 0.3171593473127074 0.2875463073043384 0.21174881433733503 0.23658057799893545 0.2501124167083779 0.2568857779817464 0.3285471670630127 0.32650575308398544 0.3851078677165197 0.36783859429190835 0.3297951272368728 0.3247822937164727 0.42123738581866743 0.37071547406382227 0.3665544652318581 0.361267925230242 0.31226470914706694 0.3275311656473991 0.2424126929616852 0.22042713578497455 0.19990276497792628 0.21332100072611157 0.22789227530777995 0.23882394014543198
0.4075985763146653 0.3990924276020838 0.4541467824240672 0.5247797925229855 0.5384811888288208 0.5447361601599456 0.42606235723811303 0.40710084252961526 0.3642706527576289 0.4378259296946797 0.4102673274505444 0.48652328018418967 0.4692104996181692 0.4196415270800154 0.4296012545736323 0.4889657917406758 0.42255133539256806 0.45387031442029985 0.35160221669502373 0.2868194755571272 0.2444695710139464 0.23486871599602407 0.28968107554838435 0.25252754602730865 0.27127933355201705 0.22129993969926406 0.2838278404441573 0.35797249941128434 0.33928581637962585 0.32481027524523887 0.33187828025244903 0.401102492293179 0.35878400632532337 0.3289410069650196 0.3751676792646692 0.35771301720711984 0.33740666065394287 0.23448182656641323 0.22022262348954247 0.21016186244665505 0.19105082867588327 0.23630878463848856 0.2581618357622872
0.354497401538086 0.44257841620606975 0.4480983195400544 0.5104743829216357 0.47432187626469036 0.4728423717788197 0.3901615089903037 0.3413357147645438 0.3772486630992786 0.4462847033542253 0.41095110086888303 0.46148606313586427 0.4602182498056777 0.458606215447577 0.46547900728615793 0.4200436900020508 0.43105817065461566 0.4641169799365114 0.38202501175900494 0.316085244662867 0.27581795767420764 0.23949826130239057 0.2982073088484987 0.2733292076534025 0.2769820392015796 0.21195230090326145 0.23302342145577318 0.2794663468711066 0.28826556697811007 0.349654249168828 0.3443059308374917 0.40394507366480004 0.36675940768299076 0.3187071957257492 0.255703910556811 0.2439071747775143 0.28984056866815894 0.2030733200899817 0.20075149126672623 0.262632673476398 0.24861451465539022 0.28217482227119267 0.303994878966603
0.34297058087058524 0.4434463018278729 0.42971575352463964 0.4757878520866943 0.4011629648309461 0.41495731563804455 0.44771813573238084 0.37064991230670297 0.4112579953357634 0.3816865494080624 0.4194926810271061 0.45782893429105376 0.4561739876894259 0.38997388651208587 0.40316320219308793 0.4752972473413663 0.4366052005981093 0.48319416828834016 0.42427049253052934 0.4402743971620752 0.3142386562283996 0.28078540619847997 0.2829519371966301 0.328410434013699 0.27249256249109255 0.2452492599405135 0.23368996270479342 0.22568062688699578 0.2970928022500296 0.310695544765706 0.2897027074750973 0.39030682186424354 0.3497091747294059 0.23523016933984833 0.28419106785695797 0.2656483222241127 0.2661616634900525 0.23689991366725413 0.19813705868222287 0.24522237961119916 0.3185106650168269 0.3210681874691303 0.3910110239081618
0.39398663469518785 0.41699740654989803 0.3983057386749783 0.40118699323184653 0.4183873805487675 0.423317558216745 0.4431996217807898 0.38260750528496656 0.4173495569644656 0.4858432903763833 0.4814189631605369 0.4488721935051236 0.4514362405995704 0.4515319340569613 0.46043524543683356 0.5147145475272613 0.47592000207518503 0.4082376305346658 0.459739900809426 0.4051022776984268 0.3714131998599743 0.2717932831693933 0.3349376590455757 0.3498877710139027 0.31231266495593146 0.2885310567713325 0.3220334293815249 0.23317430771628342 0.26493117257546256 0.29173915960590735 0.2942460049028651 0.38279039625600814 0.35784987422457304 0.32816123585480844 0.2755345760744279 0.22940583081862462 0.22241304620207752 0.19129456490776536 0.24909595019382136 0.22022786241844772 0.29803025127948896 0.40888908374120886 0.42605346923644044
0.38879573185515826 0.4106046340169176 0.4173093371420249 0.3747882208854089 0.4641696240147083 0.46756413538914415 0.43964124358491646 0.40197138398363214 0.45980751637862105 0.5223870838497792 0.47790674327346466 0.43671632145691563 0.43596019424434457 0.40051562847002514 0.49654166627530655 0.4962387465524038 0.4536810210440431 0.376394234031329 0.3952236368736402 0.3938648179660748 0.3009504654904529 0.2824909947030099 0.3338162261561295 0.25642678831555044 0.34009239627246857 0.3641087403552738 0.38699990500209486 0.29180483538760005 0.2973338791623166 0.27651446486194686 0.2847427360103767 0.38371231200016176 0.3973684863835776 0.34645784376130107 0.30402830348658294 0.25089763375174967 0.1861488997558527 0.22439672481085743 0.2686866839809115 0.27188444597382744 0.3108607292052569 0.40670275410740053 0.37868785478292694
0.3498724276734836 0.419251771994537 0.42141878914999076 0.38470921879886294 0.4641379075773341 0.48510720243622674 0.5218378878135043 0.5426658773561741 0.5618475637251392 0.5479226738750922 0.529629059266853 0.4804466074653957 0.4930257683752022 0.5119766701206266 0.44872046089617873 0.4606447433131087 0.3946615605751258 0.3919826551732857 0.30971561853408824 0.37346154135171805 0.32327504579704863 0.3591613054373466 0.38278146000640634 0.3928492753406111 0.3761132204075077 0.32939769208888575 0.3957827549231855 0.362949583386862 0.36227642221485584 0.35143399817735554 0.37365593104895506 0.3949574633720651 0.39321665919953996 0.3692332036108979 0.36308456056226046 0.2511085172021769 0.24215349058549976 0.2067699027250106 0.272015179136354 0.3106608288170123 0.30890964220514877 0.4006262975551869 0.4323594211386608
0.3417374403157946 0.3102376115309656 0.42501874464058065 0.39906728784945383 0.5113373263764451 0.5443290808242331 0.5080207249363626 0.5787328033738909 0.6325754109551464 0.6006663934074079 0.5693737371836786 0.5862230770849989 0.5720111252827397 0.5788431852800375 0.4747186068220045 0.39045997622498896 0.4004692510744671 0.3339912842507985 0.3223777825638636 0.3087079253802093 0.31181656466258656 0.3897784905415218 0.37498926960621287 0.4392691137784935 0.4282870468095314 0.37501971359145575 0.39217111154530054 0.3891788577810878 0.38232084479565936 0.3754009827255369 0.39728773204404777 0.43220102133646904 0.3942342287658391 0.374838716892636 0.4103700693686214 0.33159301642409866 0.28846673799570144 0.2717761897538096 0.25889379970457144 0.3433781273324876 0.34014700565457523 0.373028682724899 0.4288444903093014
0.34479918975480245 0.3529497873904421 0.37148433652761115 0.40510147102184235 0.48412431689580665 0.5471971817016095 0.5766688045601445 0.5765542156218518 0.6286817268757965 0.5784944551465964 0.6506460115409811 0.5890211661083111 0.5905866481216373 0.5134631791433683 0.45682408763795285 0.40725195796260255 0.4193180286225647 0.45020479032822175 0.41338678933890927 0.3994621598684755 0.3366337873398167 0.40595496035021383 0.446434655022442 0.4595279431907429 0.46694679004281414 0.3961143954985735 0.43471064292663797 0.3777929134932311 0.40297715075939566 0.377881732664277 0.39618558882110944 0.48823870333468655 0.4587355249756602 0.39584482592640646 0.37395214796957205 0.38109905714972836 0.2703311909730013 0.28142300444521623 0.34539562306836813 0.35581695886919934 0.3471822488706001 0.37562744973936335 0.3769023785166903
0.47054559338232765 0.44294765036184885 0.45376499703989875 0.49437466474502 0.49924520629815766 0.5785799942084284 0.6017122453016875 0.6934240513558937 0.644848466244656 0.6121560771831939 0.6180350296937006 0.6163510945889705 0.540993610812701 0.5091406865700755 0.5262886128144783 0.4751463135030909 0.5171531783898209 0.47099663098487876 0.43350038396538937 0.35073394297763705 0.3300898645924632 0.38387423349252053 0.39385537975692103 0.45029735615925653 0.4823666026968012 0.4227215688639318 0.4483888217211999 0.43143187877507433 0.3735691453883352 0.3908120369847191 0.41197871677115133 0.5107193890138251 0.46847122119439794 0.38067313117052115 0.38033584289653316 0.3498176627153968 0.3796674591128449 0.3267226469113805 0.3464292624707484 0.2683779562191812 0.35695259362307136 0.3309640492512048 0.31060164103589166
0.469731918052666 0.5382428214803686 0.5965859991304987 0.5812829917430545 0.5814122673703871 0.6481050485749051 0.6470381963113595 0.6943234353427377 0.7594431039194403 0.690384018189405 0.6922944321270461 0.620422231226549 0.5980936146335478 0.6320559385467751 0.581734669762485 0.5397886619325947 0.527975194909664 0.5135400596058808 0.41212943714413747 0.4121714989993921 0.4385520653945676 0.4172437862337854 0.385048973296612 0.45592204676788295 0.45515042001721817 0.47744082665071363 0.45570601825536267 0.43811462859764494 0.4228029570987025 0.4122755467057061 0.4512326066180461 0.4865090125493657 0.46478076239388044 0.4405318979374084 0.43747621509379675 0.39251602973770455 0.374377099405651 0.3058459787681531 0.3291200546494343 0.3052823983276907 0.3256142574909666 0.2993891618755246 0.27721990267785473
0.5392051766038457 0.6508022877656658 0.6978562117084232 0.6649820787201552 0.6866371247475394 0.6804629975917131 0.7470683370876505 0.8067570449536077 0.7421331502173071 0.7491452373669854 0.7616799724565073 0.7356419866391415 0.6972869547544503 0.6758963932277056 0.6140516420123158 0.5297536137708645 0.5629030341389939 0.5350081546578244 0.4923789610687053 0.43525892859569454 0.406854458550532 0.3977033935054388 0.408936406512038 0.4863203803471812 0.4897967409017411 0.5342177930831377 0.4812628225844546 0.4366062144653144 0.423545841253131 0.43638405363809585 0.49336483596343084 0.4264756314773488 0.5070845134160681 0.5401488297488443 0.4573758785948967 0.4059505930421265 0.423768835004206 0.3810578774241475 0.341211953563522 0.3055058455361241 0.2872640230902446 0.3204414774594154 0.2870637265456759
0.535299524667492 0.6262360317588681 0.6849292262658494 0.6705643170246578 0.7149560123687353 0.6741144640095316 0.7420813732917256 0.7894216687240008 0.7739262147634774 0.7892989793778901 0.766960949483524 0.7818617011255082 0.7608841756651296 0.741942165229849 0.6858971911661224 0.657497851905935 0.5640158963888996 0.5257340677335511 0.5129163632864707 0.503890290459241 0.5191496466650695 0.4696324566552639 0.42406904594629313 0.488554769034627 0.5087541203273102 0.5196210048499706 0.5315204284055216 0.4266001003987153 0.4510707053082974 0.46252734685203284 0.46773307268312725 0.42507603034966956 0.4399150183251698 0.5073817953658822 0.44321645531202275 0.478613636706269 0.4440772168684112 0.37150320738039994 0.2917018889874664 0.3260014618562372 0.32086327466634174 0.3148704026477914 0.2871146918217337
0.5812969616437346 0.6991443512691172 0.7273521807801735 0.7379622984657933 0.7149204965606081 0.7198685275755522 0.7832047710598028 0.7812042038086542 0.8123520038507499 0.7253401846866323 0.7590808339967937 0.7132563556403595 0.7049552336056026 0.7578063979534989 0.6950655578568227 0.6800000287635068 0.5580184264883936 0.5223463690562528 0.5251827453921165 0.5303561163602744 0.5342862851210511 0.5253758042044654 0.4704174745620381 0.43888406555142573 0.5053176601961036 0.5787270955977603 0.4798412334450669 0.4514244685926935 0.4529900104284899 0.5164184035964237 0.42701782906964103 0.44016423916070574 0.519839234767922 0.5194573792875788 0.4658966524187648 0.4973759436656986 0.45562974481385565 0.3437766787678609 0.2570789581430888 0.3065422792060605 0.2584137259003255 0.3382820684411254 0.2815873264968379
0.5640408856204503 0.7174372448734085 0.722193174826093 0.8242208715991781 0.8209056537640962 0.7311295515741584 0.7425798347155789 0.790280853104837 0.7785952696058104 0.7834829792179687 0.7291176414350475 0.7666902846624193 0.69191749167061 0.678309385321648 0.7331536131512181 0.7175348729838963 0.6390629722396104 0.5860704353532574 0.5492383609480141 0.6171579882395873 0.5534979408868369 0.5088427311420145 0.4485902812218511 0.479905531223917 0.5450328982103128 0.5184978067204988 0.539446944141109 0.48349730577397987 0.4981452669210218 0.4708582686656965 0.4437815502454481 0.44861863881335085 0.48082906789185353 0.47951251913194426 0.418680713640638 0.4387376361967871 0.42571116951518084 0.39092805699379707 0.2796398604879371 0.19793117803297122 0.2009358796524777 0.23239896941426857 0.22779256663540617
0.6233068616543491 0.7138346693408475 0.7650020714121428 0.8260248020709478 0.8556702831936053 0.8327001128973357 0.7768279795355536 0.7789250052904766 0.8060673397914231 0.9034889903985889 0.8443227688400912 0.7604448526879756 0.693047778628774 0.7029113453975642 0.6996236152525733 0.7640931008636019 0.6933738704044096 0.629557427710664 0.5771202680890506 0.6506891882613759 0.5539957877701076 0.4904822244749598 0.507281895748463 0.4732236209168064 0.4982603965883031 0.5831992377199698 0.6067295218041625 0.620226853486581 0.519445305072907 0.5377119328479848 0.4857558051939904 0.4224068080747738 0.3999918583616436 0.45286820465733557 0.37945054270807405 0.329375853177436 0.3924165308570092 0.333152311220643 0.2898233420420499 0.17696016688964747 0.2241089025085044 0.1581823702352231 0.19079648466797858
0.6345090271564935 0.7460259868085533 0.7793487166947488 0.8401501277097962 0.8135858375408946 0.7724251703608854 0.7785900667834199 0.7551926841010926 0.8148052312418923 0.8155912470335107 0.8072828660999578 0.7282231719029604 0.7259018213327483 0.6831884919832502 0.7224204555684843 0.706634775866969 0.7349173758924494 0.7199138119669035 0.6204376753412115 0.6523579761666847 0.6418055447659504 0.6184706435701892 0.5708269212602695 0.5955314642958776 0.5694220367741518 0.5592907672458429 0.5535593830358907 0.6057369593386919 0.5404331904545239 0.5127700745116812 0.4481311914578032 0.3744223564912631 0.3523503204172203 0.37748820671523825 0.36872415569594985 0.34153346600364376 0.2967897501749489 0.26535012547133024 0.17876835665244853 0.1536708099967845 0.17981018648415256 0.19732990311680276 0.23605261300127212
0.6375497655226157 0.7230441655886636 0.6933887456482419 0.7445322102780015 0.7904153259869943 0.8351827449928364 0.8257912768456493 0.8442518011071342 0.8373019926902311 0.7473790224102338 0.7662316924873146 0.760658462419895 0.7154369072253244 0.7086800575304901 0.7305466636807881 0.7446057073453517 0.7514408767740367 0.7011690913194398 0.6924814910013436 0.698984479694634 0.7105532621897033 0.6782376812109397 0.5639487997395284 0.5750281062381706 0.5312253463617014 0.5600185903823797 0.5636876003276565 0.6015292007688474 0.5499986411922515 0.560146111423818 0.42424476560956914 0.4117665955892447 0.3489498008122063 0.3168772603981055 0.26188867347713907 0.23685659718452032 0.2536463331862032 0.15364159517988252 0.11429814924168788 0.18674240340947548 0.15802269473708183 0.245012157285445 0.22312343301373516
