Raster_benchmarking/Raster/continuous/raster-232.asc
NCOLS 100
NROWS 100
XLLCORNER 1743160.3409162024
YLLCORNER 5469294.954109538
CELLSIZE 10
NODATA_VALUE -9999
[rows 38 to 56 of 100, columns 0 to 42 of 100]
0.6580076798445482 0.6466506362115051 0.6356315113878334 0.6634434061684454 0.6410400424859192 0.602430191405527 0.5940199958666255 0.5946351891236227 0.6327052801450368 0.6034166342635923 0.6052520791517257 0.6424423572761921 0.6086749885609101 0.5972075771453854 0.6095306532080752 0.6009702855368105 0.5989111912110633 0.6332949960999644 0.6550778562225962 0.7245822897728249 0.7114918529664563 0.7058551903588557 0.7165752677754506 0.6949067516734089 0.7188560229915316 0.6970429829829988 0.7081565886919415 0.6920309468965242 0.7391829122976721 0.7491867015158284 0.7770656830719564 0.792404966901757 0.7868273929733813 0.7529760690224355 0.7665192633032799 0.8325378235381719 0.8258473411305719 0.840576293861454 0.8640783693316147 0.833002275251566 0.8187104597290145 0.7992639168088509 0.8078326089069501
0.6257111823783278 0.6210965822551809 0.6268631977873415 0.6320851628400007 0.6667422754201123 0.6586672068097836 0.5982314035392277 0.6059135435537347 0.6540151578547565 0.6606987476175987 0.6386943989350589 0.6294172167044348 0.6283705219246136 0.6039989687490237 0.5887046929501746 0.5950130123591512 0.6386196847699033 0.6741396147024891 0.706057140222782 0.7229631184913348 0.7192400075860381 0.7123814697101809 0.7419252840381814 0.713319554864088 0.718598531399985 0.722873506529552 0.7151343767156119 0.7174113224911752 0.7826868993139202 0.7394801172431699 0.7379067154038216 0.7598079386696193 0.7436796308371956 0.7530665634150923 0.7969582031819011 0.8066429661059562 0.8508283271567195 0.8406597196643473 0.8375473466386144 0.8142033500800613 0.8173278017749186 0.8411536796012713 0.8431467515479307
0.6163532602761291 0.6227748540144854 0.6195218067789238 0.6394882438910894 0.6593975044725444 0.6670598826493594 0.6209839575611912 0.6431151372887539 0.6311007094529201 0.6433839680138718 0.6222779261660075 0.5978381401913195 0.601226085278539 0.5678686871021552 0.5662444761567956 0.5975103984188246 0.640971308029664 0.68207864041859 0.6962381245685746 0.7032750619793476 0.6875339328217064 0.697902400632339 0.7094939545932418 0.7233463469879012 0.72667627915826 0.739514541878453 0.7420123453161201 0.749591204655126 0.7827247858413295 0.7628352296745105 0.7676107838956903 0.7795326767121216 0.7477469924421694 0.7812908137671168 0.8293829635265731 0.8190300030436131 0.8157394630790401 0.8563819652267409 0.8495403272631926 0.8646537638297224 0.8691015441328076 0.8523742497066829 0.8465163187350826
0.6658959512137932 0.6688712718447665 0.6756253619606077 0.658150877129255 0.6823287409180215 0.6446038062071233 0.6496404562607789 0.6593360385415453 0.6219537154092917 0.6175291307047193 0.5746417962131312 0.5668504063298172 0.5637589577977667 0.5999472878834136 0.5829287103178807 0.6102701061859096 0.6386890040478568 0.640439988386988 0.6716287427406902 0.6823866463660491 0.7074041385854194 0.7351142893064813 0.7219083206345238 0.7309786315356092 0.7915983919706026 0.789541486191665 0.7541803396683252 0.8111756006863627 0.8041513331723483 0.7981158062725292 0.7986463785920366 0.8103636422292272 0.7695328386241435 0.7895937799311078 0.848757530991863 0.8628667505904525 0.82490032124473 0.8184383491242927 0.8375823248342235 0.882756278054805 0.8710891434495212 0.8182726602136352 0.7934789715055173
0.6581870195558371 0.6788091630973319 0.6478318255800484 0.6471246138059549 0.6762662328703498 0.64444124623305 0.673131176467847 0.6547340431054544 0.6517101041547811 0.6241348964827971 0.6087248175452692 0.5877125616979341 0.5922014985857565 0.584438707715069 0.5764636464385846 0.607350527761449 0.6156413652913584 0.6424845230166345 0.6650717826782659 0.672523378664847 0.7052568120865905 0.7089671420963949 0.7209257066849477 0.7801604092339208 0.7943732263851959 0.8144513549905076 0.8207040401884412 0.835484799998244 0.8318251581656849 0.8159800323610896 0.8112600951551593 0.8203246918776131 0.8018755021456428 0.8070999425186383 0.8555728675465779 0.86864602754301 0.8782107552125846 0.856805922063639 0.8666360479927447 0.883031456710054 0.8898477599003034 0.8438522805948513 0.8230412537145935
0.6709191710991546 0.6726593218890206 0.6706852074260498 0.6684545325121339 0.66413851183821 0.6774585050322335 0.6761754955263997 0.6347282350792571 0.6091958039464295 0.6124896452761807 0.6190300166016812 0.6190200386989154 0.6128498442801449 0.6175465308116876 0.607502055125967 0.6300682342040149 0.6449205452493969 0.6418453151097103 0.6693031150617402 0.6741423714978008 0.6986634957231748 0.7178683221441454 0.7300735631962174 0.7872725000227706 0.7864955489062514 0.821459961031364 0.8352563266464846 0.8516627178723336 0.8619822921801422 0.8167986791352051 0.8054907790801615 0.818225522106646 0.8584673029488171 0.8404962915166855 0.8544713347287031 0.860627799478828 0.870724090875263 0.884629792194702 0.8571185102261745 0.8503966100362019 0.8617457127890976 0.8588755107802065 0.820864086373921
0.6130288800055864 0.6441144631169031 0.6764114576254994 0.6647347625194168 0.6811276569227444 0.6863650580613578 0.6617091698199532 0.6847839156000208 0.6235199932332739 0.6383414459653501 0.6464220076338901 0.6456813707740345 0.6664072639355259 0.6450394373445549 0.6634350180608789 0.6315540704707038 0.6666940659899364 0.6442815675602284 0.6480977198277628 0.688570607788365 0.7073835409919076 0.7504984352677567 0.7599482197884636 0.7779070024499644 0.7729660913306382 0.7926820194039544 0.838207287838013 0.8438321219722024 0.8605723780000296 0.8393727436277246 0.8632146119609662 0.8628516522692785 0.8644759598915485 0.8974973380000524 0.8929921038421113 0.8918954495524363 0.8807087264089419 0.8570601263986484 0.8641823917178642 0.8500321147149479 0.8450472599275316 0.8763547622747672 0.8632821748980588
0.603917081771586 0.6140412835250705 0.642236828868701 0.6351720781361353 0.6555602569744775 0.6649373034038436 0.688646129016621 0.6978331546869433 0.6652375135638269 0.6494026867949192 0.6744344545628801 0.6520621176416272 0.690422304138288 0.696001992565221 0.691599671841413 0.6703485148617243 0.6528715018053853 0.6776624918163863 0.6369644926541741 0.6581427228072118 0.7028357593380098 0.7390505131843066 0.7705796140885562 0.7575666070044452 0.7540731119692078 0.7951593821680843 0.8532797947523031 0.8206718286874924 0.8272850313111897 0.822615845873641 0.887638585711265 0.8870492635664282 0.9203117050483023 0.9061631465359049 0.9313537867372732 0.9082534683829747 0.8852173246469263 0.8548288324077226 0.8470190190256004 0.881359082499754 0.8949679466582359 0.879993008299912 0.8460625464771652
0.5965627800753361 0.6065073086198995 0.6158508987026768 0.6108621218448331 0.6208591224123176 0.6518888182260254 0.67270304687307 0.6479439834295608 0.6671784524985146 0.6698674494351096 0.6901165916220052 0.6852418052312158 0.6782771536159361 0.7050242982834509 0.6671699913033721 0.6470544301260273 0.6744007596321104 0.6722936026089784 0.660114674723689 0.6907726024098242 0.7099118915686081 0.7209725937464905 0.7655733702001494 0.7653130380812924 0.8139444799418176 0.8401183444353253 0.8320259989229523 0.8493647440565247 0.8549643932783214 0.8384546582476403 0.8813345416737096 0.8998881433493211 0.9232433849034188 0.9124230814579006 0.9255878503349927 0.9121529683134526 0.9254247590717352 0.8938391904535312 0.8751907922203839 0.91227598347117 0.9059031811567135 0.8721607306085215 0.8833063683632835
0.6188464877812179 0.5837647600797752 0.5940594448084152 0.6214329930506179 0.618606382277211 0.6619236826333394 0.655199981334688 0.6796291321341211 0.6610450638862552 0.6354823580309379 0.6265716062005952 0.682172419317583 0.684029287092107 0.692337128902085 0.6794176718732436 0.6314287273178747 0.6504895421557164 0.6560796804269842 0.6469603304395816 0.6942120271434541 0.6839870012335277 0.7170740361093777 0.778799612316255 0.800375605124576 0.8186863069137342 0.8153944378465976 0.8485007130902306 0.863675889071185 0.8154868512306299 0.8585877838234341 0.843532447725462 0.8910760337631433 0.9391670634360331 0.939297484456789 0.9594244689979498 0.9567318335936276 0.9204728989031336 0.9318540941190814 0.9083804474838654 0.9416855596165579 0.9292697268836894 0.9155299496676061 0.8853249369243927
0.5540518169826505 0.5984671068654226 0.5739524238868567 0.6036761465389987 0.5919360198622824 0.6185493685340699 0.6225925425992657 0.65021050700612 0.6423750643672516 0.6249101433616902 0.6374109374228691 0.6459309276050597 0.6775797266538355 0.6720914534787817 0.6445667807397639 0.6351877577997082 0.6550248143981187 0.6599511783145321 0.6767118490931104 0.6780391170189027 0.7282659668006813 0.7652503888771859 0.785747548090473 0.8353742196184687 0.8127743276630126 0.8281639381561832 0.86058578722852 0.8453708259496155 0.8552996192046639 0.8687531187029638 0.907796795530325 0.9046350912921466 0.9438333505043395 0.9738357036347406 0.9593737543219054 0.9448171035791775 0.9612696405169745 0.9336631140372231 0.9383266200844835 0.9340334577786972 0.9271815406848143 0.9213117644520292 0.8738718050358716
0.5195159348346733 0.5698958637636145 0.575917491360156 0.5812118179884641 0.6296114318321829 0.6221820583060991 0.6393478032798964 0.5837173033698793 0.5793192030688439 0.58038560627191 0.5984718245460218 0.6460558690996587 0.6731840115853567 0.6325776759979931 0.6194983023583043 0.6457175606690655 0.6127201714557619 0.6596155364355866 0.6923158525554156 0.6990999595446362 0.7142899749851357 0.7397950932339854 0.8161693828125683 0.8376363541431071 0.8576239611943871 0.853325230617093 0.8529165448355129 0.850730458965804 0.8455707424630854 0.8777245344337608 0.911858803980149 0.8972316817193122 0.9203432627796911 0.9504649273194514 0.9753666243508949 0.9366853520489392 0.9479944380155287 0.9315126648730463 0.9332323984399453 0.9367325345153292 0.881958709472884 0.8884285139292798 0.8842188699040354
0.539321830260564 0.5622100901481178 0.5947260551515938 0.5998701423110399 0.6274083475590272 0.6214637663729534 0.6108218565707983 0.5651641784924939 0.5920031230306695 0.5622434791944887 0.6004748332468636 0.6150374747692061 0.6124677416008136 0.607444083461375 0.6076097345465566 0.6242330564417322 0.6664889621544114 0.6891730751619376 0.7019071805792052 0.6960326019960069 0.7025099831391796 0.7590641365537619 0.7951312384856125 0.8179818052353839 0.8532902804674121 0.8586361536940305 0.8471013607463416 0.8768687852975221 0.8714124169406926 0.8940185673413461 0.9231008939014983 0.9096798524414171 0.9040897485004749 0.9028223470134473 0.9038348658475482 0.9209521846323535 0.9081379380724123 0.9388433122437791 0.9272211508742139 0.9146081594581746 0.8919106501674364 0.9068002331658879 0.9184184169617577
0.5617562259953777 0.5478261466295515 0.5812163539438564 0.5504529549953671 0.5687225919159178 0.5746383807456126 0.5876716676631354 0.5657315921957015 0.558840745731536 0.5528055505511582 0.6050393265845584 0.5789133648337527 0.6124680479026126 0.6010139622941268 0.6212726924249659 0.6304686730262005 0.6614965288981467 0.6800154911333346 0.6868765600047833 0.6701073043014709 0.6747290788737562 0.7068569052294051 0.7767765217699454 0.7962823642142015 0.8268944121880025 0.8606829280779302 0.8634024663478647 0.8792688507759292 0.8828479031162901 0.8948061726591582 0.9109515175171401 0.9335007405324494 0.9166973764739597 0.9261412937406135 0.9002631736500545 0.8925295405854006 0.8803753274609845 0.9171151420939933 0.9358446976342983 0.907153783770488 0.8829733336779741 0.8850311326928374 0.9032766410325129
0.5628749846542292 0.5453457475387479 0.5571433661097545 0.5493156259381431 0.5683668814769814 0.5671519432043952 0.5547325325032892 0.5519220393821315 0.526051829182425 0.5358979418968048 0.5535798442116324 0.5847046189252474 0.5532604403108902 0.5569227357979589 0.5974395859526818 0.6461272208731432 0.6848651248843525 0.6844783834975615 0.6561100396680105 0.6981594659763739 0.7048057009631604 0.7022820957008975 0.766538254850264 0.7989649432432893 0.8054904002971708 0.8627907525031995 0.867841270527939 0.8521049812543463 0.8429110042611789 0.84747011846537 0.8886094515445834 0.9023492819836929 0.9090869619403414 0.9115945997785438 0.9091624827205276 0.892253415457133 0.9112828068696336 0.9325335644594448 0.9343730384090172 0.9103316991963256 0.9124056062859645 0.8873987977216986 0.8736826088706555
0.5170937145573963 0.497639560142987 0.466038791025637 0.5268242656424106 0.5086050038433205 0.5342509533618577 0.527281949903293 0.506164724753793 0.46900597357056795 0.48565945149185846 0.530864598717722 0.5428501396418668 0.5300893151119808 0.5198222462176155 0.5604156825530878 0.6488247490010346 0.7017799981484891 0.6564879370074138 0.6473201715552027 0.6587992076186333 0.6870412043740456 0.7002477263919553 0.7716405195048622 0.7797785519603805 0.8257106477041131 0.8640390381960926 0.8554326575280446 0.8091458750921267 0.7898196340438186 0.8532397750191738 0.8829452380372736 0.9020280209126181 0.9314097830939417 0.9149463755916039 0.9399452403604553 0.9074128433838909 0.8975369502766646 0.9267102669881446 0.9418762204741745 0.953089516464428 0.9535742074250109 0.916407137012616 0.8958241039732533
0.5063501864273665 0.4469339463410052 0.4401842766453649 0.48602657354151 0.4599274579805072 0.44895520982844606 0.4673010825770847 0.44554601312708614 0.43901983381161136 0.4769403460121449 0.49814060701164337 0.527232449934622 0.5060870325356445 0.50699435650093 0.5770366486212074 0.6152027882991575 0.6214818452666121 0.6205965663541515 0.6695341564514371 0.6914232798088342 0.7063537104131361 0.7225706623019305 0.7460717075975472 0.793141126401838 0.7804225663403076 0.820138650994194 0.8586969051347932 0.8382738286097311 0.8355035493424993 0.8359992611655296 0.8938880820241177 0.924175884092441 0.9282540057579642 0.9554313021926046 0.9393853492735283 0.9267529301715041 0.9258026300259716 0.9708278007834242 0.9884280650296724 0.9890566676574181 0.9894209601733273 0.9394978718788662 0.9105785065107241
0.47052664829383284 0.42100885463714915 0.42840481613945963 0.4214001401025635 0.44686008514934994 0.4156925608343089 0.4102493207449298 0.45487082322190375 0.4654972342158818 0.44831317836870965 0.44716544915342926 0.46611413955612624 0.4957191059870447 0.525550792831746 0.5445951300125311 0.5598584668592527 0.580451943623559 0.5940017311494953 0.6298810991149648 0.670490180911729 0.7287531939095301 0.748747429490361 0.759385913674556 0.7584897668915954 0.7700364241922258 0.8256703644425053 0.8422679500435978 0.8252968651796199 0.8449023135732622 0.8649360683121637 0.8845531342729501 0.8989356215330677 0.9037982388861829 0.95112937187853 0.9512272441842646 0.9582875713774235 0.9692022637105863 0.9710216486334172 0.9808315971157316 0.9979741661390628 0.9910956847865943 0.9178682180200143 0.9054439675558018
0.4539404038083589 0.41168442498475427 0.3713853833877282 0.4070163959384802 0.41262603121667274 0.3895595185966907 0.3852335670960944 0.4122211755945578 0.42290908314638065 0.46204476605362815 0.4406118261722052 0.47909122484565897 0.48396592695995655 0.5070603557559242 0.542193687089976 0.5845283316468645 0.6001562259237889 0.60671853111826 0.65538727040856 0.6829923165013759 0.6987123201915999 0.7554036949165863 0.7420775582403877 0.7498403239840139 0.7690804415791571 0.7836207602883211 0.8035202707024531 0.839074546266653 0.8465790817652032 0.8244964788048768 0.8757420643291478 0.8826492705496284 0.8994811120112468 0.9490951714761052 0.9455679836237542 0.9494786154000551 0.9877858010721466 0.9520189597969462 0.9761617210893452 0.966274806157058 0.9910885693195258 0.9404552577850332 0.909632118541663
