Raster_benchmarking/Raster/continuous/raster-123.asc
NCOLS 100
NROWS 100
XLLCORNER 1743166.6802366264
YLLCORNER 5469280.219957669
CELLSIZE 10
NODATA_VALUE -9999
[rows 38 to 56 of 100, columns 43 to 85 of 100]
0.6911585402612122 0.702998541116042 0.6175122631828501 0.6012034828894541 0.5195829832059818 0.5359736775375421 0.5483771003471593 0.5291197541513555 0.4711843663643099 0.43365523012569207 0.43273522054470276 0.44039013438617886 0.4131438406774539 0.44812035241340764 0.32430505566936485 0.23877870420255692 0.14346588270608518 0.09049234900138232 0.09726641676343625 0.0739027656780673 0.10019558888599836 0.10153477524528426 0.1288913718618185 0.18107197677860268 0.25214553229469305 0.26769846632226607 0.28728255808409603 0.26441741183784195 0.2895326329721963 0.1765577181839759 0.1912901738561169 0.12559626536278243 0.11831835698232869 0.14400357138351266 0.16835208010755437 0.15274728482618352 0.1949620303506792 0.232939721085357 0.23673443240077707 0.21965944934917042 0.18034067636730106 0.16312936006036494 0.2340027303371801
0.7394870386191758 0.7464161955930702 0.6409205290160439 0.584387183687556 0.6089172259260389 0.629410318668802 0.5551471582911708 0.5982732864852371 0.5807501462240117 0.5531570764284964 0.4609196163970524 0.41470324546194404 0.4602191819869116 0.4479743450939395 0.37043244787198065 0.25558515182479324 0.20789997304217808 0.1643056326485866 0.12575283138079396 0.07378976613937188 0.11280340718761657 0.11482153099358476 0.14376011671369265 0.19413059185254605 0.2686684726054197 0.3160937822109056 0.2596132889642239 0.26410002178130493 0.2021441557437955 0.16779609380891441 0.18426738060933473 0.18680611065115968 0.20861354685275893 0.12926549016430475 0.12712161045539694 0.21837407695853164 0.196830647231946 0.2511898756175909 0.2857590403161415 0.19627084343070655 0.18914323730419796 0.2196136600919281 0.257048657008488
0.7716964180951811 0.7712151420195258 0.7269169944701737 0.6223890327837454 0.6918588644554949 0.7123779994662914 0.6779076503571122 0.6264375268124028 0.6378931350827786 0.563745366142002 0.5142640684725273 0.45715901578957985 0.4289197720518016 0.4618534442176205 0.35701125744658324 0.34626743315267505 0.2741813702930232 0.13485915458490683 0.17583533389963427 0.164082596210333 0.10331778616280704 0.11967876415108467 0.14389455711075394 0.14447456058793323 0.2341943788084125 0.3425227089159613 0.2562451939206088 0.27910854151675113 0.2959893754606981 0.2818373487149272 0.2285146064024046 0.23577034035543373 0.17584320826791083 0.13380630190025378 0.18321779942741412 0.2538703243713325 0.24237932604994544 0.2617822236723489 0.31777867496843004 0.28199639131094856 0.25866976128321006 0.2302215414923073 0.30921171926666613
0.8097051124705039 0.7881755646875811 0.6957484935110015 0.6754671894255959 0.656863289996554 0.6772305823274225 0.6575085938876586 0.6419273948277557 0.5986537516051849 0.4925561383928157 0.5141975946811959 0.44403040139432787 0.42979794074353206 0.3802038596250496 0.3776130453774082 0.27613683608187295 0.24586582132257595 0.17553960719975228 0.20550293687328197 0.2251054098614153 0.1650035438233195 0.16631152221746956 0.17378146986055143 0.20970167364248846 0.28987179725522516 0.2695330600296913 0.26829099951262725 0.24418731697584092 0.2492149660333078 0.2215803926863771 0.2783886406146107 0.20514499792660562 0.20125197431036473 0.1948733585166493 0.14493101847507814 0.21641236925025914 0.2624190370824711 0.20424726916962765 0.2818373102159693 0.2810393001700681 0.2656748006498802 0.25807396763423135 0.2997561859975386
0.7376321107187188 0.7277307829647479 0.7079908686112598 0.7107405794299662 0.6647673468604913 0.7574857271840949 0.6535580229461827 0.6187562524998399 0.5718805999851205 0.4436807735459347 0.414367608452369 0.4868525735399992 0.39929737488944705 0.3361654710715017 0.3136707962324891 0.25372795813068616 0.24589923473828107 0.2482980098843712 0.245867599384982 0.21819371343552027 0.24503941062651435 0.212437676969636 0.22910003643063584 0.244431188998254 0.277296106140862 0.376041941899645 0.2645634926932491 0.24773902153272812 0.26445465132186785 0.19805887145150347 0.19234632771147664 0.21600753120404914 0.2489827647148594 0.20406682086158076 0.20181986309259234 0.18413220500742328 0.18869383828039296 0.16138229688491224 0.24644975976315697 0.23996343878155066 0.26688277652658554 0.19071230933142752 0.2708304915796176
0.7813716184936537 0.6953926107095654 0.7432591853661682 0.7033430153257456 0.7182953005788223 0.7124501355359886 0.6429003246151348 0.5325840118669909 0.49586519581202465 0.40797873699673104 0.40083737638161293 0.39084169301654953 0.34691183858532443 0.34962050603789935 0.31790565434024803 0.28099046386687815 0.3202560402276547 0.3012309652532057 0.27598057086877686 0.20252321075209345 0.1928567346732485 0.16729664741342934 0.21651759470306134 0.20970897342438916 0.30403714460834447 0.3093786047433287 0.30858282062459935 0.2907255227894695 0.2963089865000976 0.2744005031124477 0.2388267254368739 0.285544422734347 0.25533824183308285 0.2799602898550606 0.17849353792543832 0.1553119781171273 0.1672532900401625 0.11755500869258978 0.16797247617225758 0.14171357850474692 0.18510527912425506 0.2041150961366125 0.24837460420556118
0.7299555836281947 0.687883213928287 0.7214839036205973 0.7561013097520713 0.7608371536618305 0.7026689557786263 0.648140992764596 0.5239013537733911 0.529406037687061 0.4330120083313014 0.3729070455895194 0.3633848814527964 0.27656565115535525 0.3135469629760575 0.3638558871919552 0.3615517151960797 0.3196965340209099 0.3062271998889423 0.27246229145280243 0.15812203187260915 0.14273151174653234 0.15798162857826722 0.20317795499238592 0.26471377840899435 0.3558657803170008 0.37225884403401843 0.33988507379200267 0.32521018958352055 0.31416315959140406 0.2857079119781486 0.23210860631729885 0.24836487199069718 0.23496333790950177 0.29116623146829756 0.2477355370067666 0.19447789581626831 0.13468952670291573 0.12684303730499275 0.11197494435872403 0.14908013567276376 0.14604244734537217 0.20575430245256357 0.23717705865202568
0.7566934841169821 0.7141700725518698 0.728118551586234 0.7827955233838132 0.7561562454249099 0.7132713442010972 0.5841024541812772 0.5436895523937627 0.510291685862687 0.3832992993859869 0.36128686151294254 0.3714413985910821 0.27802962021850713 0.2976481557028802 0.2735029614250451 0.33079669523803035 0.320683820074022 0.3017290351338648 0.27809100173663304 0.24911684689919525 0.2137254783342709 0.20416142604455512 0.18046856365333525 0.25789334474618253 0.3389784795731051 0.38855207459635455 0.3171520388926926 0.32460512312650586 0.293216975353614 0.300310564005402 0.32307763995013905 0.3049125549182646 0.25378656375545067 0.262690256747598 0.21847211681010617 0.1751653982145247 0.13923236890594642 0.11696031753114629 0.17703844725689535 0.1245186802157867 0.1946327336111715 0.21024998761076488 0.2023251551224666
0.7515181312931929 0.7411741109609361 0.7646415221449656 0.719573218706809 0.7241076347213783 0.6984873886949514 0.5952499859140014 0.49983338640627467 0.5075912228659766 0.41058713936215196 0.4104061048276803 0.32599346043555066 0.2366620514530202 0.2541650154287783 0.28428239908857095 0.24411415332131642 0.2655566470131984 0.2561137137177551 0.2897856826707382 0.25815485035350666 0.19170275785409616 0.15711895359845177 0.15291390894868673 0.2855631688240052 0.3142469055212039 0.3558604001707669 0.30689601882962303 0.28322639553584517 0.2761686689760109 0.3981729142727983 0.31455356863263634 0.34664835457592946 0.2970538814116121 0.30594710614401777 0.2973057274947945 0.2477166058372516 0.2195903043719061 0.1765584269870196 0.12226760166309286 0.08022804845165342 0.19771525783330604 0.21801474189060388 0.19651763450016607
0.740445200723411 0.6930212096105635 0.71464442409759 0.6887909696663668 0.7445690158242189 0.68821120177048 0.604170441275965 0.5810699642063869 0.5071040454061443 0.41373240298868585 0.4211835791503518 0.3674127097771623 0.25524033558288095 0.24114412752679765 0.20398721015496143 0.19913047300216405 0.1754818875968073 0.21426557913849542 0.22025656464613047 0.22218827935756902 0.226009947414587 0.21845001628002644 0.1646003240320811 0.24943224023662872 0.31470840136821815 0.3187377381841 0.3232462275399108 0.26565375852189343 0.29508398941863 0.36492270621028433 0.32771993836107094 0.3854702272909356 0.3383000248259922 0.31868073372060257 0.24932887188120315 0.21857695076310346 0.23831740908353413 0.2059112690598779 0.15543309722137502 0.12437273171880107 0.15934388474253205 0.1790547597605752 0.19014133331661348
0.7354951250650434 0.6610170483928757 0.6946878322958981 0.7733665662485617 0.7156356986673661 0.7402991513905056 0.6898316271361609 0.5916420397624791 0.5116157281828664 0.4491026843123357 0.4407866122154439 0.33202659104184046 0.29986521852891723 0.21949760827861364 0.2543055092025124 0.17446552800963924 0.15535721203118055 0.2184835844173943 0.15855686854510598 0.1662496546909683 0.17276210657334712 0.1292841373877192 0.23683329516497392 0.2679246832100103 0.2377248836026106 0.2708713742992391 0.23767635252621191 0.2528032011898824 0.317113282282798 0.3813182011336736 0.36882591947335647 0.38297104467695864 0.38018364801976656 0.2920532621078518 0.2122649037353287 0.22575859008410323 0.23805716613419414 0.1412199840639839 0.11815134709960703 0.13702096275207387 0.12775393357276768 0.15684916626713472 0.2648064318011856
0.7886492948649297 0.7071815496910202 0.7814232495305731 0.7380373498648858 0.7148234575587747 0.7301407365949273 0.6708213423342146 0.5863039370390609 0.45558951611200377 0.456330828461045 0.4434284479077604 0.3587400879540509 0.2832432735450352 0.24880208913699267 0.284042598200747 0.20931967194534212 0.20694440625774294 0.1927884718494491 0.2017894771039322 0.19652019881813731 0.14829559155928287 0.17670820695033998 0.19304699191201827 0.2504278206772737 0.29316336506927493 0.27260301745260523 0.237580447636542 0.3164042399734355 0.3512668057812554 0.36836098470102835 0.3949512664265545 0.3533765214750451 0.31112569815140195 0.29407942381098406 0.2766430163022607 0.23022557870123675 0.21743971009820048 0.2491883109421829 0.20542341804784034 0.20605695127457754 0.2283554845900524 0.27387660379037443 0.3174336334850735
0.7709520942412499 0.7621393081353969 0.7763953313258339 0.740245633602892 0.6800330949916554 0.7037062745818352 0.5779488439851307 0.5558580654818689 0.5072456219523324 0.3976938963838225 0.4267749698332738 0.41903056095980107 0.3288296823980986 0.2939570025298348 0.29245372341000897 0.26150673686438775 0.2228683499343976 0.164773872447692 0.1590113129646528 0.16871035227345052 0.21684396172871986 0.1802917104355579 0.2060433821209363 0.23677534603588804 0.2751416916289273 0.23688367441123978 0.2658845334602213 0.3212741555842904 0.33984650325549104 0.3821824968023147 0.3937057444980697 0.36523255786018205 0.26866587076033754 0.23659945154984385 0.2428102796633492 0.21428121314651474 0.281161182806544 0.27012524933340926 0.1980037936065843 0.22582682499438006 0.28707259390048223 0.29594360402341763 0.27932093135553926
0.7374626225208809 0.6828371910644677 0.6769685778893954 0.6954008482166897 0.6533168390512896 0.6551813469013683 0.5570891276326955 0.48873649192294083 0.46020328312421344 0.38617640915972956 0.37135457634195485 0.3878939256121861 0.3213501731015744 0.3142806780951218 0.25076939664435266 0.22343595631124322 0.2898297436872094 0.25700842814113267 0.17614563986401444 0.2165951750049474 0.2294514899872381 0.23219040483543701 0.23064423905028317 0.23266157529304862 0.2613917678191596 0.31213898127322853 0.3158935171559815 0.3103254386289811 0.30977440017755803 0.31688246188570246 0.3323738464723892 0.282842729722544 0.318931847650125 0.2806007477500448 0.2610406849756595 0.2509025328677728 0.25676169676929683 0.2217161670172761 0.2751260998223795 0.25785476590884404 0.3100156368522975 0.34833167279532223 0.3357455987715608
0.7102736969879071 0.7225707920494748 0.7345773539996003 0.6710642559546526 0.6607130397660248 0.6661682853066665 0.563612869561099 0.48421741195646173 0.4862286211615021 0.47381485699479164 0.43639610753321845 0.3535089550084262 0.27939969936708625 0.23817739537833213 0.30528772914978575 0.2883787006877116 0.30012168874855166 0.2514921752224032 0.2617196590760788 0.273201604889166 0.28993113510832497 0.316614809450672 0.31505402276902184 0.2513739145418215 0.22010563396587682 0.24103198968430986 0.2612062173019186 0.3121981915039981 0.3097388097135701 0.31557024840406184 0.27679872612310125 0.27946504855632504 0.2859891230085376 0.36301817340923936 0.30782049970361125 0.3506538330882662 0.31003015518912386 0.27622749696274107 0.3219945095259544 0.24944652634214595 0.23959423459974835 0.2807842544082294 0.336848882902312
0.7218446806686724 0.7756198214230074 0.7159441621723013 0.6743098192009152 0.6633072792434532 0.6583698879937884 0.6129879754857287 0.5765041496759004 0.4886719303153761 0.40789625765941334 0.4014639867175733 0.3730300220571639 0.3339607518756793 0.2957264758718367 0.31510078095930905 0.28978883633001074 0.2796032366278745 0.2492592768587951 0.2675701899295783 0.33277396571441353 0.2956495188194751 0.3219478772042234 0.2862704030332517 0.21260923323759337 0.19097176109051536 0.19444615140022514 0.21255785512377637 0.324237079061883 0.2850476851240581 0.34567446628427184 0.29101847953374577 0.30981307276410297 0.3407643145072806 0.38658659220808744 0.31485761232441645 0.3800175448780807 0.3398132872369613 0.34375583211931876 0.35095896440765817 0.2722976625172173 0.2738702291184449 0.30249145672075006 0.3099093591559743
0.7972099876366971 0.7479115780845693 0.7613392940094628 0.7366725505412862 0.681279750230254 0.6205372191163385 0.6049716123842136 0.550795207551948 0.5416887895285305 0.45423208369272977 0.35086404853029357 0.32539225393329796 0.37557132856533987 0.3750194234218409 0.33188850109345813 0.2774655374458294 0.28899505605513265 0.21504754715746577 0.2539492232226318 0.3372090388993359 0.3681544290828401 0.3275460132215347 0.3122739821851288 0.20561626402810274 0.21176626116434683 0.17595455993816556 0.22144047542794462 0.2961080899271584 0.32108696360342265 0.363927358387674 0.29668668409540994 0.3350847541501302 0.29915535813307853 0.38054863709254605 0.3045373007669754 0.3315206424458431 0.342580574091274 0.3522890980980547 0.3432944510215724 0.3557970728250687 0.3314359810415873 0.3327971808761658 0.3475295458988951
0.7855921367283754 0.7901180254115148 0.803154422425684 0.7367432029195411 0.5884006520038939 0.5916412499269931 0.5098692900205396 0.5373579107220675 0.4813987733704784 0.4513788931461051 0.34992345361556265 0.3377298271090103 0.4047636850531755 0.40748760129668743 0.2968836415565748 0.27275613059098025 0.2174690637340552 0.2477117722678745 0.3038459476065798 0.32753762400980985 0.40451776324806393 0.37465269817797286 0.310895956493888 0.274966106193035 0.23484620405395096 0.17646446373460897 0.2152223297534787 0.2923058876293248 0.3732679860015882 0.41100284345259136 0.3880138075134935 0.2936584449041078 0.31990840388486924 0.30743654170953594 0.3418772354501302 0.38658029883631684 0.37973443583653593 0.33172973362932306 0.39243427642786555 0.4038258549943892 0.3796630296565572 0.42325736917585827 0.3942945091190151
0.8911305815481402 0.893641996897242 0.7986289172428434 0.6547941574278401 0.6112462469260124 0.49308354609638433 0.485992025684466 0.5595927340573565 0.5173296579160843 0.4510851302549492 0.4215623212358274 0.3679688119078864 0.4047848109032725 0.4312939263051628 0.35353451095157845 0.2505141238641574 0.23397054478103396 0.22475446223240003 0.3257852686623296 0.38276981179048214 0.4328522663513919 0.37976974519858475 0.3795502620713145 0.3629849922871742 0.30976259599480965 0.21107688616032516 0.2922653090027859 0.3156289462815458 0.34740328607755033 0.4295370094931222 0.35459020816822834 0.30187398942216875 0.2557830754030915 0.22962017171923607 0.2629236583448108 0.32264913680190566 0.3155475523931234 0.34660665783693423 0.3892353814877156 0.32544954334796866 0.39496666615523224 0.4073636951373418 0.40574207123949724
