Raster_benchmarking/Raster/continuous/raster-442.asc
NCOLS 100
NROWS 100
XLLCORNER 1743164.9496372736
YLLCORNER 5469294.408153704
CELLSIZE 10
NODATA_VALUE -9999
[rows 0 to 18 of 100, columns 43 to 85 of 100]
0.4601359585856663 0.4432389881677266 0.4155093179391302 0.41850085365590795 0.44889203354153334 0.4519537593893947 0.446339013677565 0.4569256278491907 0.42555611361063905 0.4164570113226994 0.381056279922518 0.3635798725302688 0.34348582917311565 0.32659171743674303 0.3178760488980364 0.29403737510469424 0.31536677603887037 0.3167188593896247 0.29559429577640306 0.2821993652167727 0.28268810242267683 0.2868481470546855 0.30220652539256937 0.28248966005985116 0.2866418726957787 0.29112282323220784 0.2888973092018989 0.2704451909913097 0.2404862260945012 0.21404683215262071 0.22524038216402884 0.20396721634663526 0.18178297929598755 0.18030675691932854 0.16086327451551358 0.18777216762227036 0.19629614323684777 0.19472974929953216 0.19744817354407773 0.1702280144426914 0.18561280100193572 0.17379257416161825 0.16122128730505164
0.4774757689199034 0.4863007382680033 0.48397130106060465 0.47898742086115087 0.47031860298794453 0.4853785097674026 0.5005989892311574 0.4911459007996711 0.4659229990098086 0.4306352669202053 0.40738521388857196 0.3906596562318124 0.3343177108879906 0.32335905636363543 0.32859654033249175 0.3121721762706909 0.3007669137778349 0.300108093800001 0.3103798603457191 0.3238532784273735 0.3125059900838172 0.29192331060511 0.29194611373615353 0.28895431184062614 0.323627582438383 0.3018442465255543 0.30514498975484206 0.27098460034073674 0.2310020531698915 0.23917013291210618 0.2374404685526717 0.22062738527300277 0.19567206947856186 0.19289567268841765 0.17190702018355988 0.16458670388740107 0.1841434809734689 0.20545864261721491 0.18970865284974847 0.1758350193377328 0.17739764177711828 0.18930156092971986 0.16542314706829575
0.5200714327522405 0.5181938154677789 0.5352189357498762 0.521141538713308 0.4931463680144699 0.4951858914153491 0.5136913134688926 0.5127081987187468 0.48574727151891267 0.4729382731149406 0.4521640114122279 0.41747093118771234 0.3697731182015127 0.35200973407388975 0.3469203416033102 0.3567282638734403 0.37174730518777777 0.356467638174055 0.33458924190773526 0.35138489430865216 0.33280491888190883 0.33803435536597454 0.33281265428892887 0.31452564717434384 0.2924755285128332 0.2875980518453252 0.29645623368456725 0.29897963383888626 0.25947144781217824 0.24665608730661864 0.25621808414759345 0.2517881309345615 0.2233611277878793 0.22785249929848 0.21532403340591694 0.17670427854987464 0.16202770132079622 0.1711765632764598 0.16673515104186057 0.14309441543507453 0.14208554512584698 0.16341234920773312 0.1714871606671639
0.5114569050563178 0.5531842225265111 0.5556616606236793 0.5231647161983722 0.5271075177350055 0.5340590605563172 0.5563006566245509 0.5297022000423431 0.5105981540847359 0.49590253830103737 0.49815629143429785 0.4269310005198356 0.3835201633483082 0.3740402679136076 0.3657584768295499 0.39075874804588145 0.40103415447051827 0.4011634142617901 0.4026393020540071 0.3700574521146288 0.40084743355656643 0.3559314247806586 0.37608626131010214 0.34439661395113064 0.30995436297606793 0.31235887489003855 0.2950823426954057 0.276496492876286 0.29422324059254257 0.28129022703382955 0.23835777218077642 0.2511660102660397 0.2640242201370771 0.25270072152811845 0.23384466670502257 0.19107718449321695 0.18138450119428212 0.1678257073567547 0.14836744334695418 0.13130491383907228 0.12227665914852968 0.15889392023432825 0.1712083927263991
0.5409940540005456 0.5726449742844226 0.5754674077274453 0.5588046763898836 0.5380078838317504 0.5491647389162002 0.5865553590388892 0.5747106980207528 0.5404508858467632 0.5266916535742492 0.49972319252054825 0.46200672288436884 0.4306542577487611 0.43623997061179565 0.405053416582245 0.40674110133337815 0.4356255715908075 0.4250137264433512 0.3999256197948144 0.3949340512503397 0.37862960520679306 0.3724723769945507 0.37038654679988897 0.3588419668970221 0.32277626730869613 0.30928983740386234 0.30425838907839103 0.29422514235832653 0.2748164087616025 0.2816832711860598 0.2493369127015938 0.2547500516828614 0.2555116981791555 0.23715203235836999 0.21065169688478888 0.18319071817156696 0.16271756012119043 0.18766497373528834 0.16381927790466116 0.12851693772627223 0.1484010773444891 0.148361178705108 0.1265460105790844
0.5811844312507797 0.5789041121392418 0.5848103038558721 0.5599119174280077 0.5854049018819425 0.587492412721016 0.603803484588064 0.5973869421145934 0.5708460037451267 0.5617271667913644 0.5536171553795195 0.4867667791433841 0.46187681555874305 0.4731278400510741 0.4679429539601959 0.4429897634318659 0.45532488479986744 0.4428325461011831 0.45109899745243626 0.43798990159028717 0.40316656324777245 0.3920842597426197 0.34818964601148195 0.3638231354794307 0.3395224355512688 0.33736481102834637 0.33105060795128644 0.32556629484605715 0.2920388206067315 0.2825147748209066 0.30697983663816714 0.2884704286666456 0.26393928772195535 0.23473349707030675 0.19235910428928468 0.18986779654134325 0.18009888011514416 0.1856063894370337 0.16478670749709423 0.1533947489525836 0.1271993164390128 0.15186463760906166 0.12579149377009416
0.5777832081578268 0.5606746384367453 0.5813070086803007 0.5753293513548026 0.5715096471398087 0.5960922298652295 0.6107716461708623 0.6158697376597976 0.5973213690330244 0.5810421331153605 0.547543469535808 0.5347878681968486 0.5243335454197359 0.479392842574599 0.505795729361733 0.49474601958901415 0.44936165056815763 0.4554358100201735 0.42536297774119153 0.430924237502127 0.40162182210802727 0.3659115049653947 0.36685723962621714 0.3263298531689482 0.33965184681552757 0.33386806511209577 0.31572426513570945 0.3121705083057322 0.3194173817074544 0.3140634304559148 0.33059427660315593 0.3262073369905604 0.2795101000895443 0.23156677269186562 0.2046801204018211 0.19255508727526152 0.183381918946234 0.19007504852333001 0.17938679390340498 0.16443142586615705 0.13656355329817235 0.1393791200783658 0.14504907449155457
0.5743288282015006 0.5891610312573343 0.5843988786928439 0.6060642368889212 0.5871324322379076 0.5882016342840386 0.6424444478183389 0.6115222482596693 0.5915781737501807 0.5997253924033683 0.604578912707118 0.5512985909917031 0.5381548367131227 0.5187200490924413 0.5166847314834327 0.481548916798467 0.4755748575027945 0.4369605513219656 0.4136887746473557 0.4165389346509968 0.42645372758810907 0.3704503978520887 0.3483494877092392 0.3614237690075593 0.3463858830020261 0.31529407362934964 0.3169195291813812 0.3080184568327219 0.33713304859938203 0.3708332714448989 0.40445530097403193 0.34115234229621355 0.2768733465218848 0.25347951844983513 0.2315557532118181 0.21544623029378515 0.19305910322745057 0.2060584792402285 0.16356616713741942 0.1661128750564323 0.18715657726806623 0.16683624628268695 0.1334966076460322
0.5812416367537936 0.6127579358755912 0.6072914478120344 0.6187298152571276 0.6119399352622208 0.5982863392537225 0.6212364831715383 0.6343268894591836 0.6079160961889091 0.609346305244237 0.5669914130191237 0.5398130690765562 0.5246081422692235 0.5342115697463481 0.5281588946198587 0.5020760472677273 0.4877036455403659 0.47983904892914553 0.43310046589420803 0.42899163298163817 0.43887927101389773 0.4084650115864245 0.3685973502531009 0.37699063329052734 0.3715487251088219 0.34197272411555824 0.3402784085978416 0.3375474939120756 0.36382014802753676 0.37055568814301265 0.3924818587219553 0.33362542181000293 0.30060892505346454 0.2692154706192433 0.25154962811419196 0.23956232816551812 0.22973111916433572 0.20656186788706674 0.20919874476572417 0.18548337637469015 0.20144362299051408 0.15455405253062723 0.13661892158558522
0.5980555895776353 0.6079581945513846 0.6191008521077613 0.6175451696152299 0.6314631050465314 0.6101340598380822 0.6137885720274419 0.618196150574477 0.6304871076736519 0.6019069569393583 0.576276788630268 0.5452124353245319 0.5160435227223195 0.5318034306097068 0.5192042415128012 0.4766539890652336 0.4834660812099128 0.46927076853211475 0.4766028875773376 0.4403370631314102 0.4370854658856113 0.4076955838336397 0.38034247358254086 0.38090948016675924 0.38696569151002974 0.3500533485714662 0.3594417377899714 0.3386948857048921 0.3383522042944362 0.37149784857929363 0.39148874997049626 0.33634738147075893 0.34182721073266564 0.2744743895307093 0.25541719298486454 0.2586994133216323 0.22885474358112434 0.20209287166810663 0.21911164095077224 0.1906976455349654 0.1988802699761259 0.1610034626766944 0.1481442256379028
0.6091339727454874 0.6418125787777613 0.6448678965158052 0.6571089646797296 0.6692295912174454 0.635143792209929 0.6256747762219157 0.6400642532186488 0.642406540087705 0.6035341763024579 0.5680519795986734 0.5533767650115278 0.514014203903201 0.49444672690898633 0.502073232604829 0.45836491076679137 0.4396754071335167 0.4578481093898972 0.48471845030557087 0.47601269918906935 0.4337865509254955 0.4250469743932636 0.427400652553976 0.40900919299294 0.3893021426958931 0.3949416506288346 0.3854556861068392 0.37346495847680505 0.36332788739460514 0.34703095190248484 0.37265429464772304 0.3476941638895166 0.3130167350170867 0.2843358285314228 0.24854138795469075 0.24619330045430562 0.24484726208003138 0.22831605698289023 0.22454077931183336 0.21814546573770213 0.19301794637697786 0.20813452363284085 0.19312840100370526
0.6505775472866395 0.6963702048194788 0.7064710202208593 0.708436318853721 0.6950377136064079 0.6540658615353924 0.6326963683590722 0.6441105604388124 0.6561370364917531 0.6228212404531122 0.6136489971644666 0.5546979395042291 0.5301898749186865 0.5046012762770082 0.45639995353595225 0.4581892848628351 0.443016218901608 0.44500504038335426 0.48113330322051784 0.46227401518937583 0.4280159603576763 0.41281407810248294 0.4264598340007106 0.41221503550723765 0.4174490789764517 0.4028930468069076 0.38345553198712085 0.3644523094490785 0.33916590222874377 0.34769751309825164 0.3813098577281938 0.338225891074503 0.3444230564097286 0.31076772620394283 0.2606232882512391 0.2572421972434931 0.22117618764027744 0.1882707003808209 0.1723262338984397 0.21147491768180568 0.20115086306218075 0.1806092054209153 0.21584373148951677
0.6923658073928751 0.7144061248142692 0.7215213806106313 0.6911515296608561 0.6845227157325661 0.680122036760839 0.6636751783003777 0.6483888638204508 0.6343685485757017 0.6196393809569349 0.58249930452602 0.5632637491706067 0.513254237680251 0.4938870469058804 0.4653086608519898 0.4410446212199032 0.43794597973339094 0.4652917433359263 0.4681064610025934 0.4377316878547511 0.4436809812196949 0.44169291876153566 0.45198110567270317 0.4295801881446748 0.42515353131380945 0.3730251261255957 0.3869161329892186 0.39008080604617607 0.3798656859641671 0.3702627353864013 0.34766205119976257 0.3615972687769968 0.3216676698612435 0.2841892238010844 0.246071050915075 0.2503810544272461 0.21499219661476882 0.21414905545596907 0.19864728221437583 0.17351935907602414 0.1778371150834502 0.17654411839710393 0.18972020916933358
0.7237711802604645 0.7314574118577454 0.6975908081789175 0.708150558911248 0.6841003524572078 0.6909242527941457 0.6691359285372601 0.6593119334116176 0.6219655356326883 0.6032656184997355 0.5989471195425161 0.5470605091788451 0.5252709379745643 0.47588292598466453 0.4411615249482741 0.44304905882527995 0.4329233957680456 0.4231985731643142 0.4441157685037095 0.46500377809479937 0.47146718784204555 0.44521735235210397 0.42756577263822554 0.43377786671664925 0.4014378406642928 0.40780562068963244 0.37069564513516723 0.39221607510067275 0.38511482474581266 0.3775083789069387 0.3408039262150323 0.34571635332205275 0.32229409466959297 0.27102269276183827 0.2710150628675076 0.23957518214989026 0.20562235599823134 0.1968573430014641 0.2095269052221405 0.19536124843186656 0.1749263315212443 0.19280308915060873 0.1884900614386149
0.7092266441436593 0.7237102947061188 0.7010250988896086 0.6833504562786195 0.6883149868870112 0.6769191264172125 0.642501110546701 0.6416212042999669 0.6364931302023035 0.5969121023247879 0.5784224838169449 0.5529400458532656 0.5193336076705656 0.5059771158420081 0.463225652272118 0.4197894075642195 0.4169185823447325 0.4275511801963404 0.4536894798859368 0.4790377591805208 0.4877817523476258 0.45706299301068576 0.4313444061121011 0.4360979357317629 0.40289032784771645 0.40570956565799454 0.3872793535141288 0.3706071785594371 0.3528587339284588 0.34058959537577377 0.3291188311286645 0.300258174004606 0.2945674816319486 0.2866376645399092 0.26488487039112785 0.23330892853283308 0.24781889324154438 0.24010038311519696 0.21465372718032574 0.1971470899059032 0.17761519103551446 0.1932909594967097 0.1622171495147721
0.6973320141516279 0.7311121847029637 0.7222657669590985 0.6891878839997188 0.6554435515171722 0.6590063521595966 0.641792503599857 0.6171544511497356 0.6043652174636555 0.592347474208949 0.5832631942363885 0.5608216595294316 0.5410562259782355 0.4909908817097396 0.43719311141440054 0.4420833374160571 0.43149523672246376 0.44855579177296484 0.4649469068267398 0.47279699152465 0.4716747797571589 0.46117090856602516 0.43759117096957373 0.45086538056351794 0.4411030451037422 0.4125512462265282 0.3687085567816192 0.3513693090578871 0.3588883433163937 0.3142469636023358 0.2811863656648121 0.26895728785739115 0.28672330314010047 0.29913732325407366 0.2784652185756343 0.22828467651531845 0.25357132951047523 0.24075493116622554 0.23829006833957447 0.2371184552963926 0.22185452304066475 0.1840651243110083 0.17285233713827602
0.7058666371080794 0.6974168418058476 0.7012216630259991 0.6883536102887315 0.6522976448632285 0.6240691000678213 0.6369313916794045 0.5955988700034228 0.5966656211763531 0.5849728088461831 0.5341324687226229 0.5242566671424833 0.5159422877894327 0.46520713679711917 0.4132945684634721 0.40081503760842346 0.3982666926805847 0.4231765351080628 0.4522368991783568 0.47170795841289775 0.4733993713970599 0.4717928569651982 0.4392188349467456 0.4465035205792825 0.4404174900835145 0.4206271267460083 0.3734063771709956 0.3574057179271887 0.35763563862841863 0.3401421918721996 0.31620990734455423 0.2803441855886998 0.29533913476797413 0.27686905803484924 0.27458778216974145 0.23012569492073265 0.24958378212862184 0.24670691815672996 0.24431038172525466 0.235395198724583 0.2083933214082432 0.1846933629606771 0.1752439976670983
0.700319395643937 0.6794734622459333 0.6880594609200569 0.6889124299822029 0.6449502150582839 0.6254957282071798 0.6024932524718231 0.6013596321137938 0.5717306595941459 0.5430698479790822 0.5179862275763735 0.5314151782065871 0.5094427523399204 0.4410565892362599 0.41076236086237305 0.41559808455243985 0.40302710540959824 0.42267719505585355 0.43548870544642887 0.4641445338902531 0.4696158933272564 0.4675459361671451 0.4365219663353318 0.43515257420585346 0.4178442053683051 0.405693432032546 0.37499975095273164 0.34322097805980223 0.35815494624250854 0.3294671752417691 0.33014045841531275 0.2769276042317796 0.26673357007856274 0.2600771653813076 0.22839877684799487 0.22904645174771415 0.24106153965245597 0.23948880841290435 0.26194273290847275 0.24461235591706018 0.21893773656768795 0.20580681598087552 0.16752773169750074
0.696418516390015 0.6693752344043212 0.6897081905465547 0.6784425758477105 0.663178953687825 0.6374595586580797 0.5964192638242005 0.5805525427611605 0.527010882165488 0.5152009223305184 0.5115898354872525 0.4946670751383279 0.4514516017225411 0.44476628939676743 0.4271275257743558 0.413713318649372 0.39922550316502015 0.4241134882572669 0.4284854114530523 0.44252917981665124 0.437135391515894 0.4303252648351993 0.4206495907309482 0.42473039650369643 0.3977717969952793 0.38005150589595776 0.3817569999813229 0.34849834996611406 0.3419702267768852 0.34724358414258955 0.31999229302947296 0.27959361504225344 0.26180500030714704 0.24405159782561087 0.23111428539970647 0.2602225258348467 0.2648506066206778 0.271352954247986 0.25774623705679495 0.2436793049269899 0.2147741066468067 0.21020021018521026 0.1755414419910282
