Raster_benchmarking/Raster/continuous/raster-201.asc
NCOLS 100
NROWS 100
XLLCORNER 1743164.664575277
YLLCORNER 5469295.914635912
CELLSIZE 10
NODATA_VALUE -9999
[rows 38 to 56 of 100, columns 43 to 85 of 100]
0.4615376028081486 0.4639276293523414 0.4881400200829971 0.4517877650774037 0.4526826355741543 0.4351207073365177 0.4116022578183138 0.47488209856153135 0.4471377365229449 0.3537383831049271 0.3050294315948541 0.27755118488781105 0.25040844642912946 0.27905883775541834 0.27473491619124546 0.23814561942294313 0.20600294720796933 0.2614181886148025 0.25731466426453103 0.2631474793534941 0.2827348470293902 0.30400936838843273 0.25625927816019606 0.23191238968344827 0.2721495289537992 0.252101526371366 0.20508033448023744 0.1582973572883563 0.12526532639943835 0.10602566431690202 0.1585088711773928 0.17120480934336377 0.1865859574804318 0.27128664329935026 0.2964689029609393 0.3113343750356181 0.2700586329170511 0.2478983740046742 0.2737346469353532 0.2530522560404459 0.2478569168800933 0.2926495488054461 0.316205517463429
0.5117727558421034 0.5312840485588556 0.528825530312452 0.5087563589962967 0.46570375752519566 0.4403997850845111 0.46288698095790176 0.4661644999592845 0.46787171783036074 0.3813213321095729 0.3275017201914041 0.2956747445991089 0.2498234907386965 0.27985415842181705 0.29760303017518946 0.26611051197056595 0.2514382815238456 0.29356905844906706 0.2581754619364505 0.25941713453479315 0.25433009026378717 0.27215456590899656 0.28795293764422963 0.30512352405044046 0.3000991028885149 0.2314268453388933 0.2246594494776292 0.15630409555562857 0.15526107191402405 0.15964502651099907 0.14279034750524944 0.11949892996015249 0.14131854291782409 0.21820510167438303 0.26458055941870035 0.2707119121623821 0.220001852405948 0.2325218774856449 0.24805028778608942 0.2958875867373256 0.28449469960338813 0.2519524133220621 0.31609384926284234
0.5593909666075424 0.5616092643132449 0.5564957216471954 0.5481428868170608 0.5191035612253608 0.48444434857298774 0.5017653625986914 0.4848199778668055 0.4648393126973407 0.39184077455170013 0.33840404278860714 0.2768143845846094 0.26088327868682826 0.2889755949896948 0.2657837629808463 0.27892238375476447 0.2692993865109093 0.31311287336022786 0.3149049146669575 0.27460664855026257 0.3035054733893215 0.35772002582649676 0.3573696129747117 0.3179228561253752 0.26259378633025404 0.26768293981023916 0.22171524988396596 0.1891923914326801 0.181018958673068 0.15812508177892437 0.09334384228792054 0.0842861751908085 0.14758901834964153 0.15824192027923 0.2010221405978343 0.2490206918240127 0.20610995376907246 0.2508101155942066 0.2660493292462014 0.2646135091887724 0.2768399431043632 0.268133100158451 0.2935564181627643
0.5594944812487297 0.5968460667820149 0.5678810019062951 0.605363942475145 0.591415708938559 0.5340212123774951 0.5663327703890975 0.5523947240949781 0.4754354454871823 0.4010265460789541 0.3687007577069098 0.3027933634338773 0.26683244790297345 0.26165235281456206 0.283096797538908 0.24177960473249768 0.3038052596178253 0.3399067029376391 0.32184354105013946 0.33156152011726475 0.35467374663586104 0.3918053225888649 0.3782069773205429 0.3307543317003914 0.25872407776680595 0.24193987199726263 0.1986769571712973 0.2223428697981768 0.1662978717375625 0.10111730977059112 0.11684514418818817 0.10036974982156958 0.1061211610192439 0.15713692848117844 0.1554751359852755 0.2172407282656779 0.17601840957851925 0.19837493635723272 0.23802421339370491 0.2677721440300635 0.2225432096190472 0.2466296127678096 0.24281011474172265
0.5782814458291458 0.5785986106978014 0.590360405608094 0.6023038486854936 0.6010033736993535 0.5952651774379931 0.5696549936149425 0.5279211173147808 0.47972109794339646 0.42231669876595357 0.40152892925356576 0.3215380954073064 0.3099647968515395 0.28166401008020514 0.2930183557053363 0.28646269782357536 0.2963209672598646 0.343817121736122 0.30900210863962696 0.3128342025683992 0.37042952728006734 0.39193904589945094 0.3660735335412457 0.3153668891144852 0.3001667613460505 0.24880689609348727 0.22326753969415572 0.2224794392977112 0.20249189558398326 0.14316015067480406 0.12889014574872543 0.09620690225190554 0.10203485185015491 0.13698114755509677 0.137520883490456 0.16092935242615705 0.15847974381660532 0.14636571213927815 0.18993863981211487 0.2117287446534746 0.22923844003515872 0.22317136982875985 0.22067771390857774
0.6067982174235902 0.6062390381682947 0.6692626816931896 0.6703213479461393 0.6691037294069855 0.6330415513351976 0.6019222340346329 0.5988315802202727 0.5440539445269245 0.4763809051408024 0.4329445562350449 0.39382369439730464 0.3674315151463643 0.309974961923973 0.29812063638578934 0.31717380317882465 0.3154617790942957 0.30517532132974606 0.3031088241996259 0.3435787041439304 0.34102121670603747 0.3242514986736923 0.34884963874320746 0.3032542353934316 0.2855883917976981 0.27417340029051374 0.19372732486757527 0.19154163896651002 0.2141836177436002 0.16867645019931193 0.1696545450705897 0.1509840985290285 0.1063493388423495 0.11473053845730072 0.16215194321202173 0.13932201913408276 0.14456633740903801 0.16622831870421767 0.16768746559981776 0.18850222048710746 0.1929430416180827 0.17495163483419077 0.17201411940896835
0.6275564543601493 0.6230658128581011 0.6998163082676571 0.6878193836012635 0.7173131049374537 0.6518682817391566 0.636705023186702 0.5874498180909252 0.5750773581476984 0.4929437344478239 0.4484472562341269 0.4470079320958277 0.405809799878761 0.40258011525905824 0.36754840181046633 0.3477367132265262 0.37723827851604685 0.3644804826306197 0.3590672255143128 0.3830045903224098 0.34256110031806203 0.31340714285315696 0.2986836606991459 0.2969925791098496 0.2906814888452393 0.27679850498334635 0.21451291320277696 0.20831130646645016 0.19935151390045772 0.18463348230816595 0.17683702461012962 0.15165123196560318 0.14194485863086798 0.1737650946489327 0.16308492451785825 0.1749173963512527 0.15564470711601736 0.12556247732789433 0.17144952462004256 0.16059913289265745 0.13641001399033933 0.17286006713065022 0.1499249076910927
0.6718193160104187 0.6822388157685225 0.7266602343159766 0.733745108262191 0.7115201000165284 0.7321375255860979 0.6687989494870722 0.6173628060626816 0.6138379941129933 0.522911611140433 0.5113854859793279 0.516473046903794 0.4282273348672627 0.4117580487661548 0.3847124639392377 0.39429173558530467 0.3800630559529628 0.40638722078960515 0.4496178701920794 0.4288210046241422 0.3934523272089602 0.38450944418927985 0.33455106336864926 0.2946968045955092 0.23775733458446754 0.1979612771949027 0.19337250932050842 0.20266263197290332 0.2248005064669321 0.22667327561362977 0.1780520365174399 0.1598559577563439 0.16749339385707504 0.15202881979310076 0.16092918594289432 0.15859610469669277 0.09696935124842422 0.08223267110362723 0.0994446146431663 0.14377564711645582 0.14152183622981593 0.13637304376836493 0.13941297897899044
0.6893956423835605 0.748185693662113 0.7239583437704576 0.7435812184179655 0.7200807651990343 0.7215294130621263 0.7227831910456488 0.6739919235592582 0.6223236782891882 0.6015824795779299 0.5840388386296944 0.5694562059072055 0.5005148199379148 0.43653668631913495 0.4631693228985996 0.43774710679706214 0.42875563259627975 0.4624483887064666 0.4739939582426 0.44974607318956006 0.41253976111841634 0.3730194944116649 0.32718082581564395 0.3008911570325989 0.2710292907625556 0.24108708549639166 0.21576093165020915 0.258965940984191 0.24509498741417488 0.22840675612591152 0.20618950812663772 0.17912067370808474 0.16524083647032198 0.1744817268153623 0.1387491515810761 0.08691138671998665 0.07383399146578203 0.10048369216746458 0.10772326131428353 0.11522960727574338 0.13823534426786604 0.09538660092929285 0.13015639701774703
0.7729130385693703 0.7714639775759462 0.7598489027732098 0.7137379509054088 0.7157638272328957 0.7820393816744161 0.7395383931430374 0.6704179256147997 0.6526949707140575 0.6627445915587638 0.599514486072406 0.5476450950045211 0.49854897778283225 0.4929505113674745 0.4660341964832842 0.5182568218461351 0.46172192997625244 0.46632740060410727 0.4592833030653766 0.482130313373243 0.4508663205933746 0.4346444908550101 0.3696669963252907 0.29349161947801716 0.2878016703794254 0.26289520507895997 0.2363689946130785 0.24672994687841926 0.24591375234045737 0.22421704497176537 0.22097444681013415 0.20852134695566846 0.1523559942430531 0.13933830641697897 0.12552316608812084 0.10565009061420212 0.08389374031548427 0.06204465225609749 0.09822866660956911 0.0982530716803047 0.0846660980787732 0.09754745805017873 0.12243745807169733
0.7800933475256223 0.8045132454952117 0.7360530903157235 0.7636710673479286 0.7400561382570243 0.7457339298412762 0.7362680484907289 0.7399905713377327 0.7148259971256345 0.6676557306149422 0.6656371033744249 0.5790043234274106 0.5435402980351483 0.5476359341870377 0.5107839161919852 0.5392294667469517 0.5033662150533037 0.5337889429705924 0.5298805814778828 0.4740886523652179 0.4368827631752549 0.41755135226796997 0.36819257810237344 0.36876546069157456 0.3313143318715026 0.2826899773303355 0.2807762464583458 0.2752275086533793 0.21417680644716744 0.19418771819956487 0.18126016149007446 0.16025092778776323 0.16317438263445208 0.16705053380870438 0.09801160757418254 0.11620877053579957 0.10843508918646397 0.07982463013850424 0.056266702011685404 0.08027837167945165 0.10531881969874807 0.14558583929436825 0.1398962085854246
0.8148519736027418 0.8317333763253361 0.7854639052948789 0.754527980506636 0.7486716927535294 0.819196310352742 0.7378770819911185 0.7354046303187968 0.7178857626925251 0.7399637922648478 0.6950933793917167 0.6201929033708328 0.6162465256052616 0.590938816104309 0.5694718701472268 0.5508177656733875 0.5206065255968324 0.5714107625430644 0.541469605206119 0.48544576586447097 0.4591969315485794 0.4196083335496763 0.4006488156109206 0.36122872811488155 0.3375290258657423 0.28479603345570453 0.2602895851653861 0.2613671419691755 0.22578394307346636 0.2197979970909973 0.1730395625671602 0.1909907345026302 0.16625997048406707 0.1484335160436724 0.11332380392756448 0.09476490353876157 0.06259829869665552 0.058219104785659594 0.05075959264388187 0.059985475348907455 0.11758762776411116 0.11334717288869063 0.11134602624471952
0.8264943300315225 0.815848348408591 0.8368736169993306 0.8006742392026089 0.7628254262641041 0.7571976932227109 0.7404528191423464 0.7152173241244723 0.7533680820260109 0.7424878593726729 0.6858356796720377 0.6203249153043765 0.6113363634099631 0.6208133820961814 0.6080110751218645 0.6063454969796943 0.5868702208440019 0.515592514202746 0.48586742922994247 0.4686880561825787 0.43058249646923463 0.3921667380753056 0.383711066397976 0.36347829561572453 0.2822996624932745 0.2449907946114546 0.24421543305334417 0.20602628025335315 0.20745825976672425 0.21081581598473637 0.17921438596203976 0.14350711190894982 0.14565616879845367 0.13556854720135786 0.1335651098060315 0.12407571495417939 0.11692280964435747 0.08827400379081839 0.08227656849928479 0.09592021865144769 0.08338442458037716 0.056216280939137914 0.08950886401840548
0.8635113688500049 0.897758153993385 0.8930110598803424 0.8501853007828193 0.7738850656188421 0.7556652515875383 0.7424533231529671 0.7521966051834951 0.7317450122783342 0.7188791857597164 0.6787411746807063 0.6557250961339454 0.6550793683116262 0.6440526502086197 0.623788312979036 0.5975150399035019 0.5845020898614649 0.5389514157702862 0.4925673578139463 0.4661409437197537 0.4119177185827132 0.38450952573163555 0.3613730968596158 0.3343224256166262 0.3005697205726518 0.24111809068238604 0.1822076728364404 0.158876926730102 0.15827108079151045 0.14423365167807606 0.14478477127067743 0.11301066576082358 0.1314776409992906 0.15110244373323892 0.13578590707963548 0.09027025670328227 0.13234573660019142 0.12146480984025494 0.10431422427492133 0.08298179636505734 0.05267693250786124 0.023682829209700818 0.03670502117388599
0.8813464799754882 0.8933588496434702 0.9051723727447984 0.8340085380626857 0.8093237378658404 0.7718995763817845 0.7379234723667701 0.7450608317639765 0.743876019011333 0.7121691663103861 0.6995218306939561 0.7105287859647132 0.7130163766703745 0.6921154560890017 0.6720437748204607 0.6340786416484117 0.5970134582338307 0.5601525174778613 0.5290768604933553 0.484248695604479 0.4622003852367209 0.43865362944143393 0.38779660035939595 0.31228550684670625 0.23091271414869327 0.2335831059890877 0.1873568263074846 0.15553267229682774 0.14342007016833072 0.0850128143796985 0.10060950814225118 0.09216785891399626 0.10924303565868941 0.13265311010510636 0.12795204930478926 0.1341608909497323 0.11724823873486225 0.0902231132098112 0.08482387606489163 0.09934447333405584 0.04801335781635226 0.040918144409031465 0.02945321507824192
0.8811607749924875 0.8672195767505235 0.88229373419068 0.8810995610565753 0.8537717144862301 0.78475758572984 0.7375357069657654 0.7093271005660574 0.7452752320415151 0.723154116576945 0.7375918482564641 0.7413546132758012 0.7142583707242737 0.7240605941938604 0.6669976934560059 0.6837385013777497 0.6206265507666012 0.6286759764688832 0.5362950266300306 0.5197450681928187 0.49032182743919334 0.40694558159422894 0.40010173051609227 0.3197894476977422 0.25889281911701933 0.15887444466345618 0.14274313435908548 0.1525276970014233 0.13759987161579948 0.046797728943604136 0.04648552693177108 0.05337274472512111 0.10189932825312184 0.13654579888041155 0.13905859712321522 0.1323966720224413 0.10450256720640483 0.05357361941161344 0.10600820778238582 0.09633022484390827 0.06875673785831773 0.005448740589037202 0.0039043103996210834
0.8670373759627462 0.8376884665537142 0.8422197200351587 0.8642817578819819 0.8339434022638961 0.8067984835039188 0.7379901314816886 0.7349357792407175 0.720164439783556 0.7265633640700163 0.7709926755306656 0.7815107576303058 0.770630617783871 0.7479275973191906 0.6900830761285173 0.6649681508791082 0.6538198809845396 0.5761693859224172 0.5577934762394255 0.5140051438518426 0.46288652057477553 0.4356422903137439 0.37179489219635453 0.32408008254788073 0.2328396685050887 0.16432178300343933 0.16164831744132407 0.14007491857922005 0.1122719509204079 0.10421912337208494 0.1075281869351958 0.11060251406246155 0.12205139701773586 0.11481312480438824 0.07346742951524865 0.07343381173031965 0.05894479446911571 0.06157426257880631 0.1081669119550117 0.10909374559654193 0.04381887106191184 0.044379181061344294 0.009209361795551575
0.9068739558929623 0.8978448612027619 0.8763583724469962 0.8429563950989436 0.8489779565619406 0.8052850290026822 0.7997918790137886 0.7479763361803572 0.7672450582398443 0.7474420668115885 0.7822599671893196 0.7799212457159903 0.7181895739050779 0.7133886334823816 0.7011626339421976 0.687445059894061 0.6573832433246101 0.5570303822743048 0.567522149235646 0.4829881367033072 0.4522512499598666 0.3954622556141231 0.35656419107439763 0.2747391613916568 0.270008291054382 0.232726782571259 0.22629392518466843 0.17705553814651853 0.15249925031673628 0.08951483997950828 0.1264297054825793 0.1268529757495852 0.07034391017145662 0.06288135628099266 0.03734575286718556 0.07255882504299459 0.07623554884012967 0.03382461965654654 0.11470240472332088 0.11850542283763749 0.1048145746584887 0.03347508988955065 0.05848368376281444
0.8969155433974035 0.8936738032731301 0.9213101122626853 0.9126479727485527 0.8814163928988749 0.8518650913067363 0.8050662618110969 0.7683971523175109 0.8013339727126099 0.7960645822213362 0.7956840809430331 0.7726866033571151 0.7014832043312447 0.6683501515732293 0.7017434867119225 0.6556759259548188 0.6636772821570854 0.6242328027724479 0.5729841469360336 0.5043907476525324 0.4862173086688266 0.45159236704327654 0.4158825913686225 0.37735709374354987 0.29002653640724946 0.2728333939815133 0.20907288293745346 0.1830798072829389 0.16627942896250936 0.12843626268587136 0.08747250777315937 0.09819369940432422 0.0917161109752225 0.051692433221657716 0.06603054527268871 0.022228446157094503 0.03526228618700399 0.06882710532385916 0.10446518700028848 0.12185561017502904 0.09917074906834851 0.0714392545772141 0.10385424998897029
