Raster_benchmarking/Raster/continuous/raster-140.asc
NCOLS 100
NROWS 100
XLLCORNER 1743153.6506698243
YLLCORNER 5469285.35675284
CELLSIZE 10
NODATA_VALUE -9999
[rows 76 to 94 of 100, columns 0 to 42 of 100]
0.5689911648571608 0.6132449091673776 0.5915622270102179 0.5913893305270463 0.6127020262092292 0.5903205398226599 0.630468531388053 0.6355131979957142 0.6253992074730413 0.5718975002919673 0.5542137828534979 0.5592872925107227 0.5317921607727819 0.5303112287062682 0.5043238930847342 0.47767669440589017 0.47879254307840824 0.5025687359176404 0.5169804393001037 0.4834136174129071 0.5452402453527706 0.544536480351222 0.5341462088319068 0.5944521245412976 0.6358479015478993 0.6568058845090304 0.6484252892159356 0.6883515894368537 0.6697802055152271 0.6680230185358011 0.7216700723117712 0.77346844232346 0.7550179414097407 0.7075977026858841 0.7275360233324818 0.6970296851730086 0.7268607039560463 0.7488355295874464 0.758377883440361 0.7217722351831055 0.6973397739688979 0.7272639733223931 0.7207040493110985
0.5653110696718584 0.5934606429528622 0.6023532093373332 0.6015100235761324 0.6134928407020803 0.6240305033168814 0.5951063400320098 0.6136707812016443 0.583064928892033 0.5889500027986954 0.5494239008078268 0.5603562688209629 0.5698134712945149 0.5555143325478562 0.5214417538829441 0.532134739274768 0.5196603852764293 0.5123190969557333 0.5233358775352316 0.5479361162658962 0.5385827635878448 0.5530162807293701 0.5540636061913283 0.5749585147998716 0.6261414226854334 0.6209957348888273 0.628753089535576 0.6685433302249872 0.6940890282934549 0.6991094283874523 0.736115009708492 0.7294333262746493 0.7233123737613305 0.7019464920376778 0.7320150337982481 0.74541701821383 0.7375665421643837 0.7447252807311475 0.7342119509815472 0.7234851995427162 0.7128915691137532 0.7146853776284614 0.7118005332997277
0.5641802864630983 0.599879639059594 0.5942110591725782 0.6474449765726077 0.6087290097179389 0.612419980780544 0.6408101604024596 0.6305178118773304 0.5638576404812535 0.5539608544299195 0.5787518319082506 0.588480932843426 0.565627515693615 0.54424252917772 0.5172733002483288 0.5304360511043533 0.4960219836086939 0.5225730396627547 0.5551895020361031 0.5397048547304446 0.574015916964872 0.583583786446494 0.5655566124608845 0.5719529934907218 0.6260856085033969 0.6285803075876887 0.6316349182415144 0.6264998371886735 0.6418851156831268 0.6978920684031839 0.756261064132417 0.7630055875254582 0.7651466260497738 0.7475236302449835 0.7746587880150008 0.7474191206692101 0.731423886575714 0.7182045239562581 0.721580135508785 0.7244558720287414 0.750997238484236 0.7349629729966365 0.7457327204807501
0.5941368263513178 0.5977939288641831 0.6201984862912133 0.6026431884253945 0.6264843792538652 0.6272999032607215 0.6433177491937523 0.5859482779666452 0.5672198744228837 0.5637433929395724 0.5652571962910959 0.5858917495630639 0.560814665041663 0.5474087911379547 0.541517383910709 0.5212664753166604 0.5118623197826844 0.5477517365879623 0.5577876311713056 0.5912198944154704 0.5958751550896363 0.6360741585550436 0.6353394230644929 0.6337040422796801 0.6381044116694944 0.6504214762465602 0.6514609995290084 0.6493860261891511 0.6543897045661587 0.6958764045971781 0.7210336403860316 0.7774510956350908 0.7561019404944838 0.7866589066543462 0.7938877168925361 0.794549529384055 0.7538318600685399 0.7722152397266147 0.7534684119003674 0.7322339749159134 0.7700602221223303 0.7823250754596174 0.7575579731806521
0.5827540110320097 0.5870558601999627 0.6087428204251322 0.6059344521389857 0.6183095248934946 0.6503883703300377 0.6414127664440556 0.6087953895260789 0.5932050105401971 0.5807332848313586 0.6033549745905491 0.5848949142584078 0.5528294653476664 0.5962966441667329 0.5652698339350173 0.5349645280690805 0.5405739773019491 0.5484328199085473 0.5536906137939207 0.6181385578458249 0.5995994028698906 0.6599914020294682 0.6580087970738728 0.6473170042761714 0.6332331119859584 0.638628844369427 0.6805293147691782 0.6549588877172878 0.6630273153217039 0.6954457227927917 0.7558078512167109 0.789040936793528 0.7716855914741615 0.7965282851550545 0.7785376882604169 0.7813159856406631 0.7726688505198813 0.7856396250130935 0.7893751349523623 0.784842496587865 0.7899461173904926 0.7774425256673553 0.7414990556979932
0.49946072307557443 0.5419968803792535 0.5920144960940236 0.6102342013755795 0.6373796498096108 0.644567541291347 0.6349298603609 0.6166325773959839 0.5903149892285949 0.5803610360420208 0.5895862820568919 0.5725554367621928 0.5750500940028792 0.5777632333832514 0.5530908128477102 0.5529782887933055 0.5431849019405801 0.546220087695083 0.5496802269588096 0.5972868391007957 0.6259190606749961 0.6286473319640532 0.6180261167936677 0.6157075273054818 0.6591085086900793 0.6847332907024553 0.6756215055354775 0.6760005341614583 0.7062395489197191 0.7409871085451608 0.7315319973696403 0.7771304540325906 0.7928255846915857 0.7774662522142748 0.7939252375769158 0.7637398004750919 0.7652961488791619 0.7612762005907583 0.7398830373591092 0.7534319104652283 0.782711904269546 0.7541214226110075 0.7544732037843581
0.4892387169561156 0.48669938232967924 0.555278771351065 0.5928297195289292 0.5942518487542992 0.5948852712794294 0.5997442372502961 0.5874478725499027 0.5758541990030381 0.5867376255446602 0.5759174811262808 0.5947544281838851 0.5589044457844128 0.556303787414219 0.567515715202714 0.5566039144004569 0.5585174925307919 0.5722611749962219 0.5721766426687378 0.5661711237591587 0.6225780280856473 0.6171002789390712 0.608599899619588 0.6308004002359272 0.6837870825494082 0.6690265327689123 0.723153128176878 0.753456605102183 0.7550393758561943 0.7641793658003152 0.748854640208774 0.7459679015612006 0.7540018458840255 0.7888806796794374 0.7868434416039908 0.7296377316047241 0.7135235871734547 0.7410964250861093 0.7378585609822429 0.7400511442196326 0.7803251434531507 0.7694894422455868 0.7750361931405272
0.4344451624579969 0.4504173553772367 0.4987104378621352 0.5626413801546735 0.5680915993575709 0.5783892376780525 0.6100066568762605 0.592475185076824 0.6184413686031336 0.5843882039573526 0.5647275259827412 0.5969478941161133 0.5892179696122531 0.5583893765144956 0.5557900438574289 0.5486898651541653 0.5907067772472316 0.5837089786940444 0.5818815441148196 0.6281443754202092 0.6457442492636114 0.6646864812833712 0.6434734000982429 0.6766829769304261 0.67661945388224 0.739726465730333 0.7624362452381678 0.7887593834246145 0.7578730713194046 0.7688360230465541 0.7814484377146881 0.7455513261347095 0.7784226608969349 0.7577602937751299 0.7841731410003461 0.7412460072300877 0.7205914457662008 0.7099079915913813 0.6990612543283953 0.6862321161210447 0.7250236296058139 0.7458038064168183 0.7588874941263577
0.4422345867522409 0.4387898833707489 0.4715923958904934 0.519008242961006 0.5728896871781901 0.5680861371010155 0.5733396576405658 0.6373576176297109 0.6085546546168812 0.5938929787217991 0.5882274308586872 0.5860574018937384 0.6098341888956762 0.5854206131648364 0.583739353034862 0.5721624436568294 0.617422004537679 0.6272797197524569 0.6268984760808528 0.611283100720549 0.6400946584588447 0.6812145970778054 0.6746498986730587 0.6774078493947079 0.7198332108795276 0.7487390545461744 0.7421557825317281 0.7780403457974525 0.7629452034933133 0.7973861488565376 0.7930748081274981 0.7625416716103298 0.7518554998245542 0.7626769332109854 0.7478569956388451 0.7813243218583056 0.7596570574843088 0.7224056929676556 0.6743192728821226 0.6436937969785589 0.6837786826291924 0.7322195800813837 0.7261653863855692
0.4538077877357406 0.4773127898819259 0.48552462245927674 0.5467860299486497 0.5553394755590808 0.5432759108953994 0.5690934503789787 0.6014409207466739 0.5818463962528637 0.5998290533362529 0.6113011547226099 0.5897950664277547 0.5724047481689094 0.5720163880667082 0.5841734297507253 0.5933562753267532 0.5984203981183495 0.5921815072117281 0.6187572378682186 0.6350303967651467 0.6581180530892171 0.6934574349359364 0.6780753130314453 0.7124112157547782 0.7197721366730356 0.7260492771080196 0.769087045598911 0.7924212607402259 0.8248990807939861 0.8296624253894853 0.8134672313293442 0.8038418055767886 0.7633161489313114 0.7881920539100635 0.7704244614829805 0.7607245759889952 0.7521235611054405 0.7132324090141479 0.6983439825805556 0.7017855428692399 0.6962952658188015 0.7123924382766945 0.7153310485180233
0.4723267725882018 0.5084942358815997 0.5454077013788949 0.5779677064316491 0.581668613537926 0.5222920964293634 0.5343011289053688 0.5254369923929607 0.5383734593322093 0.5624394974787205 0.6179032504597879 0.6283254326074519 0.6144150711476641 0.5789606090991299 0.6324398905069037 0.6408194274493377 0.628426023457901 0.6205716098021984 0.6189453295511822 0.6216683286985311 0.6443607546597978 0.6780835598164967 0.6879881420621058 0.7224975445972691 0.7300809292509296 0.7455886879339225 0.7804116963854372 0.8296955937100764 0.8677017152244012 0.8516916234652632 0.8214192349257902 0.8116251288286067 0.7887482413518139 0.7974013262722709 0.7576508248092709 0.7409382126726338 0.72965583343558 0.7740989970429525 0.70285158722395 0.6836157845853638 0.6646759209491276 0.6937662693460531 0.7028991865752823
0.45605759566267057 0.5016925285768742 0.515693895918881 0.5721953195679087 0.5767997057582055 0.540780322351667 0.5103729469376789 0.525324178642983 0.554564589290014 0.5745425185273048 0.5765353504546562 0.6221020668171218 0.5947898065033638 0.5843494874738836 0.6288988214763437 0.6546144098202102 0.6334990343093312 0.6202325224908019 0.6523734916680963 0.6464912206868486 0.6845097173585879 0.7029676404140378 0.7020042161892934 0.7379542276271439 0.7547382545918296 0.805758039466319 0.8074946933351477 0.8674095946704855 0.8644196638213985 0.8603288002749566 0.853450789385422 0.8533176242365694 0.8495928229728048 0.8366708071989885 0.7934445347771256 0.7711737092607414 0.7493127322653823 0.7412295194622456 0.7590360269417861 0.6947317730245209 0.6874220538951119 0.713661836677589 0.7306388018901178
0.460265793437823 0.48620595200950945 0.5163195449315027 0.5823042797627836 0.5766758436597642 0.5271937683599007 0.560312222862351 0.5312820449272995 0.5320429820928939 0.5982289288363407 0.6138770420993718 0.6104368089188364 0.5965693162521694 0.5699314469785661 0.6047844717273169 0.6350354858726631 0.6537790114635809 0.6394585001380193 0.6662319163057961 0.6429841775053868 0.6974899469088227 0.6967882564042519 0.7240082350953954 0.7189799004514771 0.788460644396664 0.813495566918571 0.8589586863009718 0.8775523038061921 0.8525955430093474 0.8244586737609565 0.8411885246731796 0.8602189693609159 0.8516452405937531 0.8394772672681446 0.797983951161425 0.785956485738385 0.774838981861996 0.7707843433671165 0.7443489138107434 0.7052383141148355 0.7153056243861255 0.7463674640730074 0.7279417350881188
0.4698975881861641 0.48810828020195396 0.5551469719134827 0.5553248765691318 0.5382927370843997 0.5630615467540366 0.5682722808039765 0.5322859029868059 0.5347310351290431 0.5724315106797229 0.580941639634925 0.6062720827089859 0.6095482459638251 0.6120615029176306 0.6119569029112638 0.5981495948755357 0.6147854106443101 0.6253792228992632 0.6475688044094512 0.6528966275038601 0.7157181085291562 0.7431406397188121 0.7510240579865914 0.7962806047748866 0.8087949416010912 0.8221307896321264 0.8704795373445003 0.8526225729849485 0.870693434663704 0.869685172978265 0.8399845318537728 0.856996881444757 0.8444519924069895 0.8159811712515866 0.831179672479076 0.7961157987171837 0.7956786969938189 0.7849609240009203 0.759961565006558 0.7607000632354372 0.7701775208031526 0.7404160948608863 0.7488298982481717
0.4816929482978819 0.4787276042096289 0.5365109539139057 0.5675168858438252 0.5420985981612099 0.5559769072996552 0.5350165550001296 0.5556962595834299 0.580405764658725 0.5583332658949685 0.577132379205491 0.5577482299834784 0.5902830430559148 0.6006553892279086 0.6249423857125808 0.6091946598252627 0.6175263000938201 0.6396710176983271 0.6993345485520432 0.7084616288219836 0.7292321463156685 0.7905813658583668 0.8294660467961885 0.8603355637003286 0.8327071878311346 0.8669877285280345 0.8636980871298018 0.8305252781360133 0.8644961153577913 0.857708032533899 0.8534015783084036 0.8543932150843655 0.8709890414391119 0.8481330173860734 0.8410863673720411 0.8566538061367878 0.8171664207371456 0.8264857819414158 0.8018218903747103 0.7673244248667377 0.7830794444907888 0.7782821094224032 0.7452164231095654
0.4951626567541286 0.5139507012795991 0.4897169941597949 0.4957232176939378 0.536386149373458 0.5483660794727013 0.5285295770705437 0.5710453054342242 0.5857091889159762 0.5852688670206729 0.5885347032476699 0.5893716891310018 0.5723474032395439 0.5916344099068088 0.588711198769763 0.5959720493804236 0.630799220044028 0.6920082795130866 0.7080128006021297 0.7269368514402217 0.7460253958841527 0.8088734125585854 0.8545137774142816 0.8631590210261476 0.8778295638525674 0.8988139126143373 0.8696743310242389 0.8563360486357375 0.842982037061894 0.8442842995586343 0.861027337908053 0.8436133040425393 0.8496122507884458 0.8424682428050458 0.8927371025128193 0.8928110268463052 0.8354607283237183 0.8108993880870058 0.8360618374116539 0.8391866054300892 0.8110045661535644 0.8017740139655761 0.8005569092395932
0.512040878372065 0.4894838723246285 0.4823336070044308 0.4818226146580121 0.5479574821831374 0.531785711811508 0.5426421452615505 0.5420695758352595 0.5977166738227163 0.5931797296087716 0.5840012689024864 0.5736761005003893 0.5944028340639448 0.6283011116856145 0.603264552968668 0.6160549960513896 0.6880068028046343 0.7224644130453368 0.7307117668055733 0.7522890990286243 0.7786037024123047 0.8168554123402516 0.8686166754938407 0.9164247644364324 0.9191788150449172 0.911411846700178 0.8931647423763477 0.8463117610993809 0.8650678041969457 0.9059106811002567 0.8846885177109206 0.89800176846499 0.8510818591301395 0.8828658032031999 0.8808870435623931 0.9226150313087094 0.8495777307371601 0.8401995533380867 0.8602235915701176 0.8941170757727508 0.8601585065213749 0.7951806277652448 0.8323251080687707
0.48228845781635254 0.4943033215475603 0.4820420554111807 0.5198944487117938 0.5371757096233376 0.5176973458648139 0.5554012154992436 0.5543825287179611 0.5651199851562038 0.5927103252391884 0.5984114209184651 0.5630500589151433 0.5694626284095209 0.5902294666759037 0.6443423002597994 0.6641741969582521 0.6923821680461322 0.729953821537441 0.738728408458085 0.7732270720802487 0.8167785406775777 0.8255916252929402 0.8496151165993023 0.8549948261765785 0.9048833718335666 0.9028621054267111 0.8537060511893242 0.8488629046812338 0.8372525630072155 0.8384970623360368 0.8620811986706031 0.8526658182346071 0.8813479246000681 0.8874462300501388 0.9130116453141529 0.9364869370581543 0.8897943820461032 0.8885205952944721 0.8770141909933067 0.8616575111395126 0.8515809420953702 0.8096788762410225 0.8174996122835315
0.4615453487725481 0.5271481736795204 0.5269985654471662 0.518102711018845 0.5385204322092592 0.5192889127515213 0.5523909403271283 0.5867809088617243 0.5717672875964938 0.5941133063483987 0.5852450725825445 0.582423718960572 0.566413888128329 0.5939317440001817 0.6535588734185058 0.6853000019326898 0.7255613836058025 0.7568610698757328 0.7786872334774468 0.8144867424623113 0.8128377997682708 0.8567934469978782 0.8701667077961278 0.8420619176661577 0.879921317992185 0.857046363639662 0.8701092541266822 0.8390997897737231 0.8459225655208973 0.8492264740758722 0.8832081237428983 0.8709877035849461 0.8466083494366807 0.8691642745324042 0.9169056036303576 0.936085164555755 0.9298358480848135 0.8965501475625037 0.8796213940075501 0.8528959755678485 0.8236594147201202 0.8293698384924817 0.7862330208764295
