Raster_benchmarking/Raster/continuous/raster-365.asc
NCOLS 100
NROWS 100
XLLCORNER 1743163.7332480298
YLLCORNER 5469277.945837179
CELLSIZE 10
NODATA_VALUE -9999
[rows 0 to 18 of 100, columns 0 to 42 of 100]
0.44406773006325073 0.42896996944775273 0.44674641581829033 0.456619167908005 0.4737770513455769 0.45410951241297043 0.44446496069356833 0.3738874329333163 0.4069438425497273 0.4032835538078745 0.40980775138340797 0.42500321498352717 0.44036104720164004 0.4087533870040511 0.4019364185356806 0.370486385796206 0.38653930586912344 0.417536638427816 0.4290873911292337 0.4291735886900216 0.5000841450079067 0.5053977882670311 0.5225776711654242 0.493902036232445 0.48497331226335344 0.5157151042231333 0.4961282182715868 0.5387629611176853 0.5392633299305093 0.5451664496576965 0.5547152960340332 0.5859249245131332 0.6018701587654797 0.6333016852499256 0.6252318562197406 0.6764521850716463 0.6677306492589516 0.6685745223334162 0.6449576243661318 0.6325081263453486 0.5870821377718914 0.5384657431523592 0.566549618934515
0.4775211157773302 0.45529488388671124 0.45539930449426264 0.4645461905261422 0.4655717592356339 0.45293636612816124 0.44735867122117723 0.385712047304311 0.3946569632203587 0.35542140009241774 0.383375302791275 0.41138612162540217 0.424596642719488 0.4272883123740362 0.3819762494536255 0.3667844054965983 0.4036617404613409 0.3761849188958242 0.4030380437326834 0.4670475089151403 0.49115855769081423 0.5140807830566027 0.519754086950059 0.5410910046942676 0.5006725457236229 0.525896013048917 0.515998585333541 0.5160623192897081 0.5559753658367975 0.557885923627125 0.5662932254321844 0.6018971112502645 0.6391312375487269 0.6401910535002803 0.6193527697845469 0.6255365416672723 0.6232867160005767 0.6452444142519494 0.6097769791371311 0.6095565342072387 0.5954842112352816 0.5725625436389611 0.5401427009848864
0.4528918269478679 0.4868015488214474 0.45157965168938863 0.47419970431095443 0.45338351405969846 0.4759327140830625 0.4528859161946509 0.38422246195933 0.3870036174774466 0.33999112994708197 0.3928820236979969 0.3734004269761084 0.3852314802859007 0.4054494622895978 0.3891844403802166 0.39852450917770893 0.38508607974927683 0.3717681001858949 0.4293247087037818 0.45297331969920046 0.4655664117477369 0.485592573750245 0.5272170453999303 0.5533245373873296 0.5474335447041995 0.5247388243866682 0.5240359697358297 0.5068774766611016 0.543287103446426 0.563440150170052 0.5808379404714952 0.6308087691599303 0.6256784841332962 0.6009260365153034 0.6151777774316054 0.5891551036766687 0.5797090576260676 0.6011670443812424 0.5888887984610144 0.637570892010731 0.582141999407864 0.5765117754839235 0.5421445521287938
0.4828144951777882 0.49353935244670166 0.4732270529922955 0.46786178955005414 0.46666709956056035 0.4267394792821388 0.4132877903991376 0.39595874988465196 0.37697068609407547 0.35257688765996903 0.3990651249933293 0.41497139190949917 0.3980642033388005 0.4237094967889683 0.42193058108733655 0.39364874289967905 0.3719942813743046 0.3862896151200558 0.3873679147112657 0.4561991670979076 0.44317557602455293 0.4996976807983135 0.5353477276430869 0.5308907210403343 0.5456275818207466 0.5220938805372435 0.5170688509670995 0.521572683999443 0.528789805146405 0.5421121998837389 0.6229809638004211 0.6343878528804106 0.6063562403398514 0.5945259932179104 0.592884879943252 0.6022619157068753 0.5943005201712765 0.5883597314911032 0.6079086264162132 0.600528675928639 0.6029635392821954 0.5661258643420488 0.557594414771138
0.5228629826075406 0.5280981822719557 0.5222388074019667 0.4774290566296332 0.46072923098023144 0.4485052768729405 0.4101933973501575 0.36690728023729047 0.4034788066510884 0.39730943973659966 0.36926304815869965 0.40285075826249167 0.40425950883084943 0.3778258452882693 0.4203426632762318 0.4329852087239983 0.3914590292197488 0.37999941108741836 0.39422017573323537 0.44733373286158856 0.4347213478218212 0.45390156276056076 0.5165043618624146 0.5445111526001245 0.5260416156868645 0.5389555172191225 0.5603191376187939 0.563365643164704 0.5257137540734154 0.5564014456907134 0.6236304431942504 0.6389604653285349 0.6133863260477195 0.5981514259070777 0.615801724281074 0.5861170364366793 0.5789190754941479 0.593538138203328 0.5779558036143165 0.5849344549621581 0.5522558419449761 0.5599512818312086 0.5763304961161914
0.5061096839783611 0.5349436998274946 0.5092606068903129 0.47831916676470226 0.4633986203818949 0.4270357719784303 0.39244842682115316 0.40558149573068336 0.3856652686941655 0.39188695369970844 0.38026260521196037 0.38503288811480435 0.40166102157139183 0.40123330237310045 0.4085018994301477 0.4317389085961158 0.4142793825742802 0.39666263198123436 0.4409145753338087 0.4490825802729982 0.43461326931702104 0.4902874947821207 0.4990549547422826 0.512519756407896 0.5360391150196921 0.5408537423982626 0.5346343069892533 0.5673836729039673 0.5577288381817632 0.5892307251012049 0.6037371545933774 0.6464557481398915 0.6118345808211932 0.6115654645258467 0.590083491314925 0.5678542458944794 0.5709110399951877 0.5885744157277706 0.5729334247815816 0.5902233751359699 0.551577538743732 0.5421537845675451 0.5748441357011299
0.49769895010939785 0.5805162029464077 0.516337174821588 0.48103043375002813 0.45033272488546433 0.38416055115724873 0.3932645131898053 0.41315421301070193 0.37734458027175494 0.3389853068811293 0.3678197435595018 0.38062115476389136 0.4278450572193445 0.3999365734878812 0.38128192044164166 0.4023150835947091 0.44105446005752114 0.4404929021177058 0.41828842561632307 0.4398412735268493 0.44143999531387 0.4921417843559306 0.5130642411282581 0.5080984127569727 0.5246259209781665 0.5085166000349874 0.5230187117549654 0.5763020991909521 0.5666425797277876 0.6349591629044353 0.6176556316187782 0.6492244971686908 0.6263425833790585 0.6621690414709469 0.5852909448894805 0.5740196277973072 0.5561149004154845 0.5783125779711994 0.5643697655034374 0.5532584962959617 0.5576602010615753 0.5804301622409994 0.5887547187937807
0.5151410826324785 0.5555236597511748 0.5237905192927261 0.5054076640235554 0.45213320103111054 0.41434428384899014 0.4126625244143452 0.4145464103272452 0.3742323867422893 0.35427161230905263 0.40463112901296366 0.4316675440242319 0.42965633828393107 0.41861325530685267 0.4002296406012502 0.3965142001927135 0.4462807291143881 0.4155352560023752 0.43165279070789025 0.460529495936809 0.46145566421009654 0.4758978168992327 0.503133395422749 0.4954516919939011 0.542310594223969 0.519747402410741 0.54271896438892 0.5815231986835224 0.5819287895670386 0.606107890499129 0.6209660085035161 0.636280861019577 0.629161610366002 0.6079076308588148 0.5791086308778822 0.5799729956341798 0.5656948952156262 0.597518070563414 0.5635940597927197 0.6015063757999118 0.5917678112556264 0.5872987989354238 0.6138832336924084
0.5179567241075278 0.5039798832422533 0.5037147594930066 0.4761620292661963 0.4787420987309579 0.43326868678711455 0.4035144931081198 0.3949336287652872 0.36387767780971764 0.3601100564975532 0.3968073331524583 0.4397668119738068 0.45258859168142607 0.4373495008121109 0.41992104896188204 0.43300400299682473 0.43781231636760687 0.4275349132275292 0.41953440164907346 0.48013240920700534 0.46711691372670866 0.5219242903825592 0.5135746774272151 0.5280103179050397 0.5354725567381347 0.5724405449138532 0.5691317648861868 0.5819313446673458 0.5944888905388716 0.6302365253259379 0.6358688162907997 0.5971033015461209 0.6099303432266873 0.6007844397133768 0.5895025834816966 0.5680883747326201 0.567466262630168 0.5909848075445309 0.5878843303416333 0.6159861379707197 0.6082596620689612 0.5838304909818954 0.5969707224002787
0.5112392446112752 0.5016121729487474 0.5195393561523307 0.4692254074685055 0.45975782887940786 0.43115427175125315 0.4272248072584589 0.43441184535395433 0.4193846891432008 0.4129979228264641 0.42245093184314536 0.4318582152760103 0.4159859142539849 0.43037813531476543 0.44932858811051474 0.42341855342844426 0.44457971028677074 0.4318172911422581 0.4378004602310745 0.4738144632989763 0.48450466360733363 0.4964238659172334 0.546206337101424 0.5322226060433193 0.5510095048496825 0.5462166589812906 0.5677992581981165 0.5933030505018853 0.5925527537426648 0.6233103606476645 0.6197516550818196 0.5982733237198351 0.5842405038481927 0.5911733654578973 0.6053055648835288 0.583933529484818 0.6147477689343618 0.6013841374024548 0.6116923144888827 0.6242722457278344 0.5734964693063339 0.5561448540718853 0.5483156326366536
0.48508224775278086 0.5269318361226581 0.5211059695397224 0.5120347107125511 0.4697181779453165 0.42465051744179705 0.4032603195813672 0.40985000803416965 0.4009652566636663 0.4334244557353463 0.44938076203123606 0.4525989930067121 0.4351029424780886 0.44028163253382757 0.4104107769597049 0.44011771444108777 0.429765594178056 0.38884721665939176 0.39616049633232897 0.4284028475473564 0.45879785067096357 0.520554666133895 0.5008376746910942 0.5137773269437397 0.5346821739843478 0.5996140018744605 0.5457497825199917 0.5725276245671871 0.5912591788751539 0.6001492481840228 0.6147092626941563 0.5921816375876504 0.5820918807450679 0.5667478309784132 0.6161996777440172 0.6010040803009441 0.6199616838824804 0.5961786931146953 0.5772789324325989 0.5982816023779044 0.5881305680090748 0.5517615639355773 0.5401209830796575
0.5075307553759215 0.5114530705885436 0.4915763648603035 0.4635106294528871 0.4555058678734934 0.4288199986858612 0.42073200234219726 0.4082605094263537 0.41142042605483686 0.4332543043368889 0.4285563891665364 0.4284057072384747 0.4453146569373338 0.4182032118099702 0.4104631582328247 0.45640186073910866 0.4650781327553995 0.4488259395077571 0.4270286219248058 0.4187320362527026 0.45724289363291754 0.5021662784344245 0.5285264290088492 0.5412713733638154 0.5462400244131778 0.565474708419018 0.5471810676377488 0.5410088877504973 0.5506979365017953 0.564866086802058 0.5964073035308737 0.573124464894115 0.5668459211656653 0.62416664849062 0.6260990669690188 0.6229533810030734 0.6241190831223716 0.632574719986999 0.6074242363637097 0.5716364160852084 0.5866558770613014 0.5697461748884591 0.5739383282699962
0.5149937618794463 0.5149107538254453 0.48808302468546527 0.4595327328939674 0.42980189743495073 0.4168687443402368 0.3818763316713533 0.3971938761295052 0.4076847055143223 0.44370071308751735 0.40329307979152934 0.40885712768535026 0.42950534122807016 0.40207690308232696 0.40480866300712515 0.4644971508311301 0.451075140999531 0.48054146441827017 0.43648532597370343 0.4575333990932123 0.4909095820906525 0.5078391727727315 0.5195513434848187 0.567402916126769 0.5485234111150044 0.5387747385156214 0.5378122737211004 0.538272585327074 0.5447995944879185 0.5696067028481121 0.5819525361491122 0.5622364331035055 0.5727963818108238 0.6363721599521434 0.6287548838222197 0.6127553471161604 0.6469861574864204 0.6369194627895329 0.6072966248493923 0.5899559724760275 0.582875095565884 0.5463079338655747 0.5524059517355925
0.4590676982826455 0.439649703145187 0.46025715739491463 0.42260452443531127 0.4312098169632577 0.38252338464869107 0.3630782114356171 0.3793509414333123 0.3999547591579089 0.40956699212883646 0.4266634934521174 0.4087233435044877 0.3913020587993598 0.4167002319288471 0.4311194944659936 0.4601372743444766 0.4417463916164763 0.46877066718252575 0.431809494241657 0.4444775386987465 0.47280778843963156 0.4796392741884272 0.5238444881811837 0.5620612594817035 0.554260735378266 0.5526086585746396 0.5386445752866696 0.526710774710451 0.5389089712945819 0.5483420450500713 0.5665991351748298 0.5903912336868211 0.6158289080218594 0.6477665690580398 0.6429699351071039 0.6257054051878977 0.6088666309673504 0.6056934123303946 0.5972713100585834 0.6290716000251384 0.6081649844631987 0.5707799947435751 0.5860783464496517
0.39345631466225195 0.39680967292373626 0.4092557921890593 0.40946769757218554 0.3955466031392197 0.36392030426320915 0.3433617333112817 0.3458917022737205 0.3724201643281312 0.38456761343090534 0.39690975227969516 0.3721293521013528 0.39861566894369765 0.4122882656014716 0.41652381978425346 0.4017282716751884 0.4183554332275839 0.4456405272072517 0.43707602373269555 0.44619029387674175 0.49357218510146483 0.5192788817911882 0.512815428681113 0.5181536963745036 0.5400189691056444 0.5045696568948833 0.5518761277044907 0.5595240540184082 0.5852939221320018 0.5624543991711377 0.5714060219285727 0.6305815918401816 0.6151028085122483 0.6440763036710584 0.6011262165739852 0.5929457481407416 0.5823062554001321 0.5708641230903941 0.5762209581700882 0.6241744981823141 0.628517415430236 0.5882728439739006 0.6052463141132385
0.39112885625118493 0.3737943635919948 0.37462849148218 0.37623101720301794 0.3428591253987251 0.31557126303384697 0.32325151141571484 0.3656095129319218 0.3735048031291712 0.38315557449999355 0.3885642136894114 0.38690266488614133 0.4102756943653564 0.44412343609473054 0.44617571781400095 0.4169626419632893 0.45391735354667734 0.4359364635565217 0.4585560500088561 0.473245735497249 0.4887051340402649 0.5146125244035556 0.49990115235017424 0.5501200737547597 0.5327541194849921 0.5254315219957786 0.5346136873207138 0.5833178793779895 0.584686859249382 0.5775344016924822 0.5718605788810825 0.5999088702474782 0.6242244173240921 0.6507274999999337 0.6123982489432295 0.6338663555515818 0.6398877234863771 0.6254080737121954 0.6049055666799759 0.6151508789669405 0.599029739203481 0.6027513529984968 0.5995522357372718
0.4036009558295177 0.40481069856233587 0.364210180289867 0.3528710688706221 0.3274879447794546 0.3164724973643982 0.31621459120114076 0.3492795138567998 0.37847143463948135 0.3437179674177284 0.38417751343624323 0.44322774940541515 0.45452848639876153 0.4741963858986787 0.43299146698759106 0.43107376215338783 0.4565912407064372 0.44189570276677126 0.4780521302814711 0.5324217622376305 0.5382982516102276 0.5019330802547972 0.53256771570008 0.5489598030519145 0.5734739980027557 0.5453130697520391 0.5361470515460646 0.5556172843107576 0.5667510191990925 0.5819671943069857 0.5582476979191505 0.5813026058401893 0.6288336039170138 0.6300228948760537 0.6037824458214472 0.6522328017428843 0.6532576858717635 0.6620067480721918 0.6156856575875629 0.6391995608911305 0.6200905538090122 0.578233222559245 0.57610085662415
0.3759839560778747 0.3799834272175638 0.380227545756827 0.33686255923647385 0.3485756234100795 0.3558786908994587 0.3493144546869452 0.3472219183196522 0.3843375168042728 0.341327574329096 0.38016840380840056 0.4170105895640486 0.4611336897923799 0.47618254546679667 0.4791821666314054 0.48188270594899674 0.4462599721408043 0.4531997001618254 0.492562843491515 0.509234974473771 0.5506387696996715 0.5255187314447649 0.5711224958388527 0.5975876320985097 0.5841213396416768 0.5732928328436773 0.5714143263343064 0.5669017673710982 0.6035530556680397 0.594356434773698 0.5514079760380776 0.5682947151393384 0.6019608767665615 0.6060049980136416 0.6054730899813172 0.619707045199664 0.650464402893743 0.652647096216225 0.6601500926358257 0.6471813694130599 0.6086101895593984 0.5718388209927056 0.5806095003470769
0.3458235220931139 0.3733571128759455 0.3539237063845098 0.34296032009438665 0.33716349574812227 0.33404315495321973 0.3474002195184367 0.3869640680148223 0.37473089670759707 0.3597267767219132 0.37335132644353025 0.38506400027124454 0.4423422814968664 0.48120162447371123 0.46321347266277335 0.4795813468493403 0.4666103606074012 0.4680243865561594 0.5170717923144684 0.5634380862996996 0.5604475342779814 0.5826661829232761 0.5681455823340785 0.6022818704279786 0.592010071125403 0.614377726929464 0.629091505026672 0.6167146845184985 0.6302444697556223 0.578511306296797 0.5734343932088564 0.5544361938375598 0.5890333629092637 0.5671755431674377 0.6162456689726422 0.6267882359780245 0.670527766041011 0.6524620398569098 0.6469797013877925 0.6590108577122472 0.6234011330120871 0.5909414401840406 0.6177484732774423
