Raster_benchmarking/Raster/continuous/raster-115.asc
NCOLS 100
NROWS 100
XLLCORNER 1743161.9524006902
YLLCORNER 5469282.3116282355
CELLSIZE 10
NODATA_VALUE -9999
[rows 38 to 56 of 100, columns 0 to 42 of 100]
0.6815099003195716 0.6452497965873234 0.6395570059347495 0.6165814148997124 0.5961354879261087 0.5762815652500795 0.5670554469272366 0.5207660950614218 0.5364064587996404 0.5100577217214892 0.4839221141532563 0.5002677900477034 0.5010427912450915 0.47540932513148193 0.4604167830709513 0.4211289733905788 0.4102515950625055 0.41930085341440226 0.4328698403248892 0.39953722253760804 0.4337248272245049 0.4338198594790679 0.43363642435985256 0.4942287052266937 0.4769405914978964 0.536672342574698 0.497532760566113 0.49252674248863165 0.49392073881055365 0.49995147054726247 0.4989462451118874 0.47830395799286585 0.4716548954681391 0.5133994959622256 0.4853666663605307 0.49115594048578154 0.5226057545370453 0.551018874896035 0.5786286837321682 0.5640859803383222 0.6189719830130531 0.5990234225681635 0.6014509120620589
0.6706867495718326 0.643164531228962 0.5911839787697641 0.5679876935018765 0.5471280673778814 0.5277701290720326 0.49514899845438337 0.5272029994526999 0.5001510189663598 0.46176277184439773 0.45814568653451626 0.46165596025997535 0.4336937686940445 0.46564923386257034 0.4582856937219366 0.4228809579051003 0.42368988186222817 0.414137190444683 0.4472982905436127 0.4203495921148056 0.4012575674977927 0.42445089297656124 0.41704839848005204 0.4301355912651822 0.4544120424991041 0.48576100506234765 0.5038966880032634 0.4899602757562854 0.5020873948996531 0.5099939069397202 0.5272448980362192 0.5214307802514673 0.47472840065430755 0.4703251106873743 0.48814298109462245 0.48168408709402805 0.4880945834719428 0.5461473187444748 0.6023568244462221 0.5831773630711494 0.6228280189962607 0.5654531735722149 0.575416882994634
0.6855767904711046 0.6041954713331458 0.6043998482554577 0.5419380286749321 0.5268785943838205 0.516786061532923 0.475957308042162 0.4934735041010892 0.4847245744446592 0.4807689707484273 0.5014408643844313 0.46586479272255904 0.48974641238193145 0.4496212565766853 0.4984694138476879 0.486517224619991 0.4549955340231504 0.4731190493643433 0.42598547832200245 0.4416205543543442 0.4531622447219893 0.45784276421305503 0.4419981449886534 0.4540434760222008 0.46363574645594574 0.4751664777583596 0.47464048558607663 0.5065991951286245 0.47635026531189095 0.5086552908889294 0.5275721810770024 0.5034098594320964 0.5071297234978692 0.48700697474980126 0.5183677268828535 0.5315983733284411 0.5497833543783714 0.5741156194090238 0.5868328449327659 0.6090572803284338 0.6029855958941022 0.5673175984888011 0.6015547496205277
0.6631136033193922 0.6113511657402915 0.5965720131442827 0.5555594647369755 0.5326731865163299 0.47141833736613087 0.45748048566900346 0.46531137125477856 0.4772969356395162 0.4769032705527792 0.5090002644521805 0.49720117855213075 0.5211799566698746 0.5141346181302275 0.4884550090204272 0.5293547729207557 0.511699435130142 0.47091486482133127 0.4403551682330586 0.48830874252200435 0.4646747559101918 0.4498573018716036 0.4496975390831453 0.468901252573704 0.4622879326217256 0.46360291730216613 0.5128450985137015 0.48968124277412434 0.46674504534523553 0.5020189435808453 0.5022504371015 0.4872864646282665 0.4763885162185507 0.520681153117569 0.5188691320950894 0.5119390851949978 0.5527333588315968 0.562721583054706 0.6000094149305781 0.5706236373603165 0.5608001747216441 0.5976551853954388 0.5897531854193434
0.5748582074899161 0.566326844839807 0.5268459494122228 0.5235207472963146 0.5015515504538487 0.4486064507223677 0.4793954189713315 0.46800879036841736 0.4883189754113329 0.5010391554502746 0.48081249300383305 0.516451565997079 0.5209041971582048 0.4974625920005747 0.49654266219420257 0.5219566240646943 0.5480026967424855 0.5331472926542073 0.5115912066809871 0.513253367521626 0.5027841291393074 0.5101570174475643 0.49251132539261 0.5202821393344709 0.49075714832299444 0.47973879065475117 0.4681312851489228 0.48605726865968363 0.4653452410239867 0.4373044313095335 0.4723657781756259 0.48569031540645946 0.4555723352868278 0.5019246531244348 0.5106532060380369 0.5151953135177852 0.557785408721362 0.5482602241584208 0.5381946251184737 0.5410167708425486 0.5559663478496967 0.5675193077183331 0.5955011206996864
0.5601944506107803 0.5558546928259194 0.5198558920507085 0.5239470320752717 0.481311531914739 0.45344792802807393 0.43497461908367424 0.424425343663178 0.455104008741009 0.4831551176125873 0.5053225718536916 0.5304560151955059 0.5152855335973411 0.5086109567911423 0.5022561692847284 0.5533267623342414 0.5699431119572358 0.516002453477815 0.5244681784316441 0.5433679039976348 0.533748862531036 0.5068176718098022 0.5404287843566714 0.5438547588778739 0.5333567528335498 0.4988024393018578 0.495554412308164 0.45025163565531706 0.4366206708174439 0.43648310621037484 0.4467828309202681 0.43069743633085206 0.4119431652004668 0.4768989339838931 0.5213961739045456 0.49489828026484106 0.5541904558025873 0.5339706779973868 0.53318879520197 0.5336445172127718 0.5635257712119974 0.5796660659566991 0.5663598050242495
0.5757842060890352 0.5512360633184159 0.5232463602795967 0.5041444211104669 0.4967638178065669 0.469189611161469 0.4585355043175724 0.444774798420142 0.44068515309424144 0.4835333938155696 0.479430858607325 0.5319902476235581 0.5593506687725854 0.5480700731756095 0.533143303791455 0.5475314091832151 0.5260326409505505 0.5204753894792717 0.5302215369156419 0.5098991722353283 0.5065343476391176 0.5219791851943978 0.5023662224593269 0.49781939906505274 0.48148073050989093 0.5003742576435782 0.4680035063413033 0.48246949748277573 0.42984345471472996 0.42891095228994613 0.42052527327166395 0.4028417340266409 0.4164322605644859 0.43377539862493614 0.4593606828088727 0.4998060076734834 0.5137424969942225 0.5454846691728971 0.5756402226468065 0.5857983844554945 0.611847389698428 0.6176478338117634 0.596931259721047
0.6479927212029781 0.6292265187567 0.5865268834823374 0.5278155084972261 0.5233535844701561 0.4946977413197183 0.4646401256249122 0.46270524015503484 0.4180581951720921 0.4316815288199951 0.47909365089635164 0.49937442866532844 0.5372347085774334 0.5665717137657904 0.562852903681501 0.583386319749338 0.5521555382142324 0.4916854394180113 0.4941093169782018 0.47134150185341006 0.5168001802347233 0.523763045956869 0.49069463862711876 0.49883507924725434 0.4483310701707472 0.4718196686755798 0.466752075235928 0.46619848450383844 0.4265546586399177 0.4411522405398422 0.4443086125534247 0.3981791350961996 0.39170687162500856 0.43940173344259714 0.4719968741680466 0.5053227143844187 0.555088164085555 0.5769215777373513 0.601357270173017 0.6354326964816587 0.6282367614250505 0.630842904638292 0.6366118126856075
0.6216691680702418 0.6309425728183754 0.5979397220915542 0.5750228445831244 0.5560846994072682 0.5106414472983133 0.47424175837887006 0.4832908626946968 0.4332603690294551 0.4498583638971985 0.4781498753637276 0.5230230373883842 0.5612774467876978 0.5724058728805445 0.5512365551082691 0.5652606835648519 0.5579717382574929 0.505632706636582 0.49913286202904494 0.4648394814553779 0.44977286009927975 0.4536780842194596 0.4552489700723803 0.473149225851984 0.4689827817292081 0.4569191951111909 0.4543050679643197 0.4250252355980272 0.43829721659427245 0.42664306406132196 0.4304279386073511 0.4051126960475612 0.4069695230884145 0.42431742798816946 0.4710716403659733 0.5146290227780279 0.5515571247135623 0.5473797557375282 0.6133615870732694 0.6158290155982671 0.6548103504888959 0.6173229257207795 0.6087929756522541
0.5868152770140046 0.5951471770678218 0.6092475421572361 0.5902124892090655 0.5310957127084261 0.5371983006761781 0.508645063176544 0.49497457931018934 0.4550384872085913 0.4924003742857526 0.5171681383875871 0.5312061583714554 0.5996080821709874 0.556543444368773 0.5619584597765808 0.5523344472031406 0.5597569064286468 0.5307647457269901 0.49645171685866757 0.47212041196263344 0.43548608553924983 0.46086361371960627 0.44216766230103827 0.4444536569125364 0.41395764311812 0.44557013726714845 0.4216595252922581 0.39205947504837246 0.372900796255757 0.4046128012936444 0.388413467378476 0.4069299059246662 0.37446796111021224 0.4012927031283409 0.47866409795367953 0.46168115280388683 0.5121000695778324 0.560746958486616 0.5962138135276005 0.5986609885843309 0.6461719313688887 0.6454783230372013 0.6585056919709135
0.6255790852215413 0.6274258287935529 0.6148772193581249 0.5747282124983766 0.5410862109406707 0.5395846948714698 0.5346486192208534 0.524068143707265 0.4636631285931218 0.4817466892201129 0.5073100268856797 0.5460247077508389 0.5534189740194995 0.5773977060006079 0.5607306465534266 0.5713425966565056 0.5260601765917514 0.5209988751429742 0.46601875275286814 0.46733131235814857 0.42506159033194224 0.42542367384742846 0.4156799177196342 0.4061722538727788 0.36720544650599385 0.3937261908978523 0.3714158075653111 0.38156368193549395 0.3703176349804667 0.3692719854101843 0.3797325648810642 0.3900856280978623 0.40451032819189253 0.40180976101535365 0.43574821749543524 0.45241634404050185 0.46395352864680295 0.5140456659253537 0.5552033889106206 0.5987147969483162 0.6230690961741173 0.6395761466161775 0.611991464099257
0.62325254026096 0.6330106190706031 0.6036774448973026 0.5751462100807607 0.5679530631722247 0.5893574643639455 0.571578679434266 0.553846609134506 0.4906676832171404 0.5368713237940955 0.5447744180411562 0.5258635751256121 0.5305298244371593 0.546786356133012 0.6030223364541221 0.5558219862139354 0.5214126579949419 0.5119892028665207 0.4611695099802143 0.4192664779323923 0.4163837690968695 0.4161880424084277 0.41258357266651785 0.36755328703056256 0.3582569633172378 0.3760428719777125 0.3297719530396049 0.36381038327350446 0.40614602942747813 0.40116193114722065 0.4093508849487199 0.4205545577743197 0.43636259760660817 0.4163748180821165 0.4194843366337665 0.4588453122437661 0.47933115173175345 0.4957296649126179 0.5016379765680592 0.5679525309569274 0.5797489803392891 0.6196911871462248 0.6120414859861298
0.6517635627007481 0.6150191383355008 0.6129561185766942 0.5982291665035491 0.5963883576528634 0.5742321774558451 0.5762707198091992 0.5617808834682129 0.5296201672724963 0.5534688457431263 0.5478732873719825 0.5767323726665755 0.5247910950307815 0.5481167970633821 0.5876518907092121 0.578215356941091 0.5252726547623768 0.503674640315737 0.44958665623729754 0.4444676373946198 0.41186685291651237 0.4061652031417624 0.39547148633526374 0.34112108223407483 0.3347019050323278 0.3101355930856005 0.3252737963004059 0.3083724962836076 0.3851831852368808 0.3913791667343825 0.3986310033219332 0.38869772821309667 0.448103401046248 0.43179398580105255 0.4155275832117621 0.41401199461621835 0.47193990091357363 0.49118369644217236 0.4750360189280533 0.5134883732470373 0.5345035743159843 0.581189802507667 0.6136059112397353
0.6986748070056771 0.6738503649857263 0.609546175040925 0.6023558799980604 0.6273014676167742 0.5880760350319998 0.5468700530558945 0.5297380261193328 0.5407270807220055 0.567629995537455 0.5654247502427773 0.5877862160228045 0.5554414874223927 0.5834127978003608 0.5635552538426696 0.5605439617461773 0.5562037393257749 0.5134862145994373 0.43593159336418036 0.4427802982899472 0.4145461620180928 0.37647392545736996 0.35094300587829635 0.32913474641556534 0.3044831581232593 0.32175109879579233 0.28077029344850446 0.3017245190205594 0.3280136739013454 0.36475480299205976 0.36942638866826405 0.39243559715880216 0.43429081872416364 0.4122602063884282 0.41500214094935056 0.41678308098643796 0.42409972442206606 0.49375472907729573 0.48756075693502693 0.5156543673940732 0.5456965068994375 0.6003909040927996 0.6120181549812602
0.6822770460828126 0.6828549749199384 0.651391103676187 0.6249993866420113 0.6304895682889378 0.5562407585531728 0.5711656841004223 0.5382974546376623 0.5510060793596068 0.5670667913505173 0.5889100727404321 0.5583063524252803 0.5541575676635586 0.5970343979290395 0.5908638076826095 0.5564872068702851 0.5437419379757742 0.49177931178596923 0.4274224152827845 0.4169472618301083 0.41442040541038827 0.37539129439325636 0.3287939212328248 0.33915302087080207 0.3403890410023509 0.31892896621084227 0.30059614707959276 0.3505510722888425 0.38578872296927164 0.3983814917320969 0.3845219476667347 0.38110032436805236 0.4008815084248323 0.4462953533561677 0.4490181948953308 0.4242135364309255 0.4780399503098285 0.4891637493374455 0.5181971402260132 0.5505317960690378 0.5375692950384763 0.58288330914345 0.571029400214267
0.7221669910661359 0.70108624747866 0.6878111944775445 0.661757557662825 0.601065298061068 0.6033004227961055 0.562127760759332 0.5530621609032461 0.5577834324562595 0.5863998259122015 0.591383494482403 0.5853148238911577 0.5841895222586831 0.5925006549479538 0.5811933261499878 0.5288303242285205 0.5267114072015914 0.44522483658244016 0.41686488467750527 0.39796242151004435 0.3395947881157092 0.3502449435223154 0.3385871404076229 0.34425630864164475 0.35782914945500816 0.3222647202426373 0.31749927744831247 0.34347297728287124 0.41576163231640806 0.44484255605199907 0.41244460097520835 0.4255871495657934 0.4081096511572133 0.45049824176495 0.46886823295660346 0.44608813684189963 0.4882640014486672 0.5133412784428046 0.5581654327457781 0.5795333668159641 0.5774095044389668 0.5444117361329917 0.5492198934940355
0.7017063665357172 0.6999344606703295 0.6584345399158794 0.672772797848638 0.6437139499860073 0.6003869526799774 0.5802064735354383 0.5359126365893278 0.5245335107638214 0.5864431976106662 0.5664135299845813 0.5652281597701024 0.5861939364311868 0.5531100976045775 0.5535938596565364 0.5538413500391729 0.514403911589649 0.4536216785264418 0.3882939661597091 0.3652534726680338 0.3628752600147502 0.32884254679661234 0.34205839613209404 0.35769948518714706 0.33222839266717 0.3307074566015111 0.30789878779982444 0.35616066463648255 0.44355319496598894 0.46523817637054543 0.42010832980684143 0.4294615669034799 0.3992413771381545 0.43425885547803256 0.4822642712720513 0.4927037638609961 0.4918620898178 0.5432397495606137 0.5184360990328135 0.5530064488185302 0.5451477690291958 0.5721220850479015 0.5751932133367094
0.6785124896912128 0.6785255690676218 0.6723549831181771 0.6830888550337201 0.6924283417751533 0.6252414233371818 0.581104314807117 0.5317231752907243 0.49584461172426425 0.5869932088570581 0.5980884181763395 0.6034083575110111 0.5924621544885826 0.5916793082111871 0.5532569914420454 0.49676009593084086 0.446191860667216 0.45539423246933347 0.39840667104760935 0.3835480403745272 0.37315812574234136 0.3407316774551006 0.3510946228136817 0.37584274124758243 0.3518963684271796 0.35391769238557386 0.3318430889680825 0.37221485117564956 0.4671012910691256 0.43987525305035385 0.46926630423372434 0.4239390590384933 0.4178798843149574 0.44008130162820414 0.4708234867442824 0.4994540477077705 0.5556617161373396 0.5463289035167921 0.5197875713075759 0.5487977091253007 0.5717147482026876 0.5558588946432862 0.5777216865257588
0.7246208126300808 0.7039101834792426 0.6766054366907587 0.6998157407868631 0.6569647321218244 0.6245513255556064 0.600273173153907 0.5732951537438161 0.5707027077095272 0.5746322238202674 0.6108600224478814 0.5932232397314132 0.6240779913973377 0.6241122979840172 0.5757270785220467 0.5431043847563797 0.4440983579400538 0.43445772320921555 0.4194113963850251 0.41233579893833205 0.3934149546446568 0.33984541972579724 0.32882478409336957 0.35749888434504673 0.3552466966106206 0.35534240540477363 0.3387628456971228 0.3986652246183016 0.441792609032984 0.4418686079404207 0.438311607937039 0.4186096104336378 0.457082446519719 0.46180421224181833 0.5076185541095333 0.5114646509061235 0.5270985877595065 0.5581568939133554 0.5401123393830806 0.5340582128840184 0.5541295803191281 0.5480175426011273 0.5550184454658933
