Raster_benchmarking/Raster/continuous/raster-486.asc
NCOLS 100
NROWS 100
XLLCORNER 1743165.02814211
YLLCORNER 5469277.480988706
CELLSIZE 10
NODATA_VALUE -9999
[rows 19 to 37 of 100, columns 0 to 42 of 100]
0.7161983377166938 0.7598223658622872 0.789541111347568 0.7970844072370806 0.8234269086915699 0.8213153055020025 0.7872215159603745 0.756586791925757 0.7344343737875222 0.7080455627360492 0.7230340756335562 0.6886533745547201 0.647248690198387 0.6379599500295564 0.6632606775827014 0.6453314961463816 0.6210727713689478 0.62239359961407 0.6134084792521747 0.6216963757787998 0.6251915040395309 0.6110346374131947 0.6017440247155273 0.5791632751111551 0.5679704570731958 0.5756809787663157 0.5663080692847113 0.5602344320298985 0.5653852688191445 0.5452718610746075 0.5027971138992076 0.4923665389681346 0.47829176496615233 0.5043350950593352 0.4735098348182394 0.4725229487394626 0.4765789875344212 0.4849614844424744 0.48697353155950845 0.4915849866144555 0.4582474036078635 0.43815528816679644 0.4139024418738671
0.7227303269737261 0.7536310268413918 0.783410189789243 0.7904034677035452 0.7888277818978392 0.7964207430366202 0.7652720995125593 0.7437822321531307 0.7211856339898566 0.7184513829443494 0.7095955101402363 0.7005226995372522 0.6553151206702348 0.6516730792909543 0.6128554362536264 0.6155957934250813 0.6293955544185116 0.6270943189399765 0.6265536006103141 0.6156727320023773 0.5956110617990085 0.595412744210772 0.5737994308932273 0.5685354053468087 0.552215022984865 0.5415744528235134 0.5348364629371688 0.5473530388145016 0.5105092669122113 0.4982972617802154 0.48662584440093765 0.4854255530978687 0.47952782906352853 0.4826062984173079 0.5092572672561554 0.5017289602460496 0.478153970496329 0.4765591671343231 0.48654623267497704 0.48919809069788905 0.46149265055529304 0.44277994670543613 0.44079706866208784
0.7226655377719488 0.7539909299267541 0.750018367456434 0.7746384701900022 0.7707433432631793 0.7734172417063496 0.7629611777597951 0.7263629774338022 0.7318038239724697 0.7441384305875146 0.7164310301535818 0.7086039338058776 0.6646378433039974 0.6263274748219603 0.596906549440664 0.6018297907054112 0.6325255048169403 0.624142193510265 0.6154845634678627 0.613105293169521 0.5844896313636533 0.5562422739509838 0.5169261526184954 0.5112154875382063 0.5312491639449788 0.5017307255570342 0.4854945422734501 0.5013138531585238 0.4980205873879237 0.46645724597380445 0.4577416600807597 0.48334802227532436 0.49120100736739564 0.5101838315661466 0.5261022369826726 0.5052258037753901 0.492592697203288 0.47938046863786393 0.4753642128266589 0.48000965362617504 0.4890001589382916 0.45590142943085216 0.4585282745935555
0.7208015818390404 0.7370478934336148 0.7669361603851937 0.7469267415000611 0.767602362936165 0.7746091323805306 0.7364320603275779 0.7306527552224302 0.7606094406678767 0.7507351544438096 0.7374424226714523 0.7211483034039523 0.6828018770470674 0.665531439288306 0.6154646380122193 0.6100452535687051 0.6289120443076648 0.6214752149253406 0.6181188287182983 0.5959861492496622 0.5808574029931247 0.5582213147118295 0.5064135431864812 0.4839556422083107 0.4863177278641788 0.4954770161340526 0.46665716665651386 0.47472765361498 0.4537239863252989 0.4603120366026394 0.47222016410045303 0.5011362069697036 0.5239419760470697 0.5429509580456314 0.5619323046343334 0.5118480457964898 0.4986083563269897 0.523111279853518 0.5159795655036133 0.506805144452379 0.5081825842732485 0.4850964159590124 0.4731055306663272
0.7443139666438708 0.732331159640015 0.7537651624458808 0.7342949206966224 0.7241798760805586 0.7503965234912577 0.7673543750968089 0.7670083463139258 0.731802944170139 0.7233884849777281 0.7030990744692884 0.6953954030372557 0.6772130073535373 0.6847331760135059 0.6502123814128552 0.6111632797170334 0.6349676671393862 0.6225613054596014 0.5959056901123079 0.598815859187255 0.5746958204445771 0.5323702511761848 0.532238858797401 0.502568510054804 0.48233633603318465 0.4855084442399948 0.4692534716982771 0.4942657847024597 0.4825759182799231 0.4771679746572299 0.5034318126358192 0.5005961245873007 0.5137114284860251 0.5425096475180826 0.5196078975481043 0.528628188427841 0.49886698835698334 0.5237282834420259 0.5102305870846819 0.5102553272890042 0.4938757352999927 0.49172431937648015 0.44459971362751277
0.7392174095958581 0.7641879331720146 0.7414659257714781 0.7304703208966906 0.7266863946838359 0.7324956683041631 0.7513175402936489 0.7602120133711491 0.7536048031403975 0.7388717833086836 0.6974525149057929 0.685727870906355 0.699744819426485 0.6552596616354555 0.6615472634465187 0.6200586849314258 0.5960906006099355 0.6056225013233075 0.5861936242583469 0.5721541388750407 0.5415890025411829 0.5295296712528729 0.5227285734438063 0.5333630280089241 0.5001923429129991 0.5189752256780145 0.5090672202139019 0.49795867065816707 0.47869806365140455 0.48289354892348224 0.5235781011819847 0.5008754366712599 0.5312433100645734 0.5538914665616836 0.5244024716745692 0.5022374805982555 0.5122515397203826 0.5013909538820521 0.4901172254582706 0.4955571894609103 0.4784855632948853 0.46371242620262093 0.45245297773916093
0.7257887349277822 0.7654516926978548 0.7620880359668962 0.7563380552466332 0.7503400014035655 0.7453432348707911 0.7199689614199136 0.7245746716700755 0.7433197500705698 0.7340231970022032 0.6902862787687576 0.6712147728776056 0.6480927979529783 0.6516027683966561 0.6305498771252542 0.5996245114236637 0.602099319997593 0.5781414534308517 0.5660166844320038 0.5824626272733138 0.5717513408210374 0.5329412724085343 0.523398103863172 0.5385681659229 0.5428388090218698 0.5333044340269913 0.5044834668266183 0.49371770550154115 0.466297555438853 0.4873271569264998 0.4964628073162589 0.5021401905519073 0.5023591916587867 0.5385752410535077 0.530588113918909 0.5233796992103585 0.5043216447489113 0.4932427695245106 0.4830435444057888 0.48380049888494814 0.47263200246662473 0.4517028704891915 0.46119675242352676
0.7502940849285007 0.7484105867043371 0.766117071535933 0.7383551142157924 0.7274770314188311 0.720243384528232 0.69762479947684 0.7023463297918762 0.6938582617808243 0.6845278621673151 0.7168366185869155 0.6857470926667393 0.6345625150588079 0.6156881946427996 0.6209265091256306 0.6029635556251353 0.5917395586292763 0.5655282806885458 0.5918653618440715 0.5694031422686843 0.5649620576883289 0.5454685633267667 0.5600309637792309 0.5433913289766208 0.5453515231080407 0.5089088070857378 0.5148015261467259 0.49850221212490453 0.48706210242410547 0.49445636443387014 0.5167843061240975 0.5338942413776295 0.5187533207817514 0.5010978683177264 0.5187813253218692 0.49888168435239355 0.4972244420996014 0.49453714857970993 0.5020440515190397 0.47693762582605453 0.48347244555194446 0.47269129145456795 0.4547504007180242
0.7233597228305915 0.757119854933435 0.7391289509628848 0.7365469797993239 0.721010014064799 0.7393059902434882 0.7316493009034233 0.6983230533939019 0.6843064227045084 0.6731906291546732 0.6689172426171047 0.6668498252385785 0.63010581772733 0.6238424609601116 0.6143006494209778 0.6294489860143002 0.5930783799320343 0.5777563228799883 0.5696681357836855 0.5885894195541373 0.5766383883327466 0.5902735323698148 0.5717441127613956 0.567185357891589 0.5362114303694384 0.520485812967098 0.5073428101409935 0.5014163060575956 0.5047342605672126 0.5027343700145604 0.4969282729709938 0.5219609836766878 0.5259618351838119 0.5004790267597048 0.4907705473365716 0.5279608273984039 0.5056099840279085 0.4940034981505353 0.48327708283730253 0.4812888413952068 0.4745007473055302 0.43846616239291547 0.43206047598888053
0.7045956327792365 0.7427449551410275 0.7572923679105832 0.7386720428389817 0.7543375933116407 0.7349265360033723 0.7479865569779429 0.7162246112660943 0.6908998456498032 0.6598681823528523 0.6325062675947299 0.6115129181568161 0.6098106681925389 0.6066705300735517 0.6223082119019109 0.6361686158354605 0.610487205925925 0.566851420701815 0.5695687435106572 0.5810751535290706 0.5985089598591778 0.5668515004055917 0.582446160931646 0.5580540384196371 0.5138315271382494 0.5014213001087561 0.5183004921903994 0.5016723391550117 0.4892048170075907 0.5211815807619852 0.519219525905107 0.5145702726988532 0.48727851501516206 0.48394880290346626 0.49611464636916974 0.5190528608288062 0.5191377783842389 0.5035248266100808 0.44145784548409606 0.42837911377793736 0.4178507237174494 0.40550857519085937 0.4174398073083159
0.7267394164200605 0.7264843267297413 0.7309681990977162 0.7284012139770368 0.757092347454473 0.727358522504089 0.7376304122580976 0.703294846885 0.6956540920907769 0.6721396127936425 0.6318424220722875 0.6176992805269255 0.6182266876332092 0.6011027709262208 0.6155743614855047 0.6040913578128395 0.6124888552666254 0.5879999189685537 0.5601766749613825 0.5918147972119239 0.6053342525286941 0.5780948355939636 0.5849481485125225 0.5650116044017545 0.5442307651896546 0.527269819216679 0.5047663883935867 0.4893324702557697 0.5073095732730342 0.5198926925598744 0.485925226779212 0.4804099843975797 0.4776111880291884 0.4562501836536688 0.4911534801253306 0.4744489718571218 0.46978450324588517 0.4850870378836138 0.4675571925840345 0.4308329606742032 0.38991475634864664 0.3822148250901644 0.3745463592661029
0.6962031656761748 0.708731876856939 0.718691094281076 0.736569359318928 0.7464499508944764 0.7256532712485219 0.7372179786104324 0.7162484769923725 0.683760395285007 0.6623004624882881 0.6351320311063285 0.628626136130027 0.605979166412997 0.6111041064311469 0.5820836225402208 0.5790413283066028 0.5868585875993827 0.5770318781226871 0.5673017315192147 0.5724941012435378 0.5814937036676046 0.5757575491979965 0.5779761190495938 0.5624008562082801 0.5298624970226923 0.5427315308230896 0.5150945022225824 0.513605537122523 0.5039055759688501 0.47892608878835696 0.4934714415222736 0.4525562180513743 0.4552381664222506 0.4445581836384946 0.4661868980753107 0.4668554504442408 0.4539109902066472 0.47337970208720986 0.46347108946902305 0.41497509415818135 0.4089200387759508 0.36713811519322825 0.3011593490168589
0.7001593216611691 0.7025631672600127 0.695115546015625 0.7025855068428322 0.7162155240871805 0.6970737312571094 0.6936953474481082 0.6789486044187553 0.6640048411635284 0.6707377693733253 0.6518288000779804 0.6283838872883201 0.5983842210984399 0.5821887828291294 0.5530958840491439 0.5671288366017923 0.5491434117423682 0.5771617218933104 0.5741278705355133 0.5787203602585667 0.556753792799521 0.5703750929054913 0.5731265268993171 0.5399681021316841 0.5434484691055139 0.5347240210563875 0.526089366620874 0.4988042651659377 0.49418987795737485 0.47584881906005805 0.45720056029327766 0.44986049994034094 0.4475074768256527 0.4389725024902736 0.4689719324202883 0.45416013717711984 0.4571471627396148 0.45288528681127804 0.43090833612648843 0.4241451755298244 0.39469703373148246 0.3392058090041941 0.31904190782614694
0.7063585206473322 0.7097675460092251 0.6909284233149421 0.7058927762406989 0.7007752014263996 0.6883718743786118 0.6836008136813876 0.6990986574851222 0.6883604056230014 0.6541422856699358 0.6436174146350908 0.6266552662268554 0.5631726147649776 0.5344749607643877 0.5239242454593193 0.5623396969641643 0.545020058077307 0.5453981222651992 0.5460010104708415 0.5407032228797652 0.5406460177779743 0.5433079906581028 0.5521265661040066 0.5654913248373082 0.5496570249277489 0.5110747160792846 0.5040249733129749 0.5009229255647742 0.4871811882096456 0.48727084449627694 0.49120530234881016 0.46046555013369267 0.42982563335545426 0.4173900320561258 0.44125909447767053 0.4447860291492025 0.4655114253935123 0.45296544580184966 0.44698262460969623 0.4096460384249652 0.35258332843901385 0.32991397939267875 0.3015559960342724
0.7094436496245371 0.6797207119766783 0.6602924680871672 0.6981624807937926 0.7002744307281554 0.6786986818917224 0.6797442958678304 0.6870909998334278 0.6672756480875442 0.6570036235266998 0.604184219443486 0.595882076382849 0.5665808096737399 0.5399540510862092 0.5471550891742843 0.5359627356771259 0.561273023616401 0.5724541374851779 0.568117277796243 0.5294611832342498 0.5538987799781442 0.5455823906421399 0.5334332874667708 0.5550466792009671 0.514895869070383 0.5037081785438923 0.4949485586920418 0.4995732971845689 0.5066396913244344 0.5109031113026614 0.48281678402080913 0.474456700181728 0.4593890257020913 0.4419876091918868 0.42803684548427984 0.4293843124432153 0.4543812268224908 0.42685971143505796 0.4366263137675247 0.3790462409992577 0.3410330138723485 0.3352347177566036 0.3279751873638592
0.7304888920227505 0.7001619560745876 0.6502258214763306 0.6623327972548324 0.6985971266716083 0.6635118652433826 0.6717977534896962 0.6692100048728493 0.6464605025473125 0.6046674138924247 0.5861578106473765 0.5839217022729931 0.5730312933438534 0.5625867604740361 0.5342806201092329 0.5363545516417624 0.5786256822488095 0.5868050582106142 0.5702322781208272 0.5490971973355616 0.5345365587300626 0.5380154554770229 0.5418937936831763 0.531929292519936 0.4947298654610248 0.4873440392582967 0.5287058511281524 0.5071946082040528 0.5068582046345295 0.4728938193005712 0.4879367940997111 0.4844979359710812 0.44483363630821915 0.44465482415065005 0.4081736330743472 0.42137598102130686 0.4472639259748026 0.4422314561573638 0.41998466612904123 0.3815449171255611 0.34467518383653273 0.3408018012383478 0.32136290901860043
0.6965459862958243 0.6592120494824099 0.6622079510631169 0.662778687282311 0.6793568703850542 0.6752298887923279 0.6641209985626485 0.652096711080667 0.6296329879796753 0.5992245425697497 0.5696832699742217 0.5878657144686451 0.6069964708651635 0.5889353575985062 0.5587141773735869 0.566144448006085 0.5585234575247562 0.579125462543458 0.5646420369931571 0.5427510691524731 0.543848034642516 0.531265519525853 0.5119347421157912 0.5018410302148874 0.478481756987811 0.4814928128399244 0.47855577051602277 0.4783160000195919 0.48624939015617763 0.46034373214411844 0.4611323473443626 0.4552665748118426 0.4419179032073292 0.43887495845786634 0.41789632236121127 0.4378492063056361 0.4457093723262806 0.4140143054366283 0.4153510025647077 0.37279945559863165 0.33678762749871327 0.3352399474472234 0.3521000216669301
0.6844394305707694 0.6652969555002506 0.653180950074787 0.6691641376610942 0.6796444781789905 0.6748594222624238 0.6886583444690716 0.6371010463847262 0.6122610730620595 0.621143426732531 0.5801118525081601 0.5852185390731806 0.6074810968997025 0.5913302648776395 0.5899962934392027 0.5569133106540618 0.5600514170018733 0.5483421025015283 0.5384558923470381 0.5286794676310084 0.5449071454399902 0.5452587571625462 0.527227757555513 0.5121934784281789 0.49356591667329985 0.4827713283048718 0.4486801040863164 0.4606804010034794 0.45456362086217506 0.4508720914377522 0.41817375588577815 0.4345931663052366 0.42774705130682683 0.4238775880610195 0.446367108632385 0.4502737280584324 0.4644690610860622 0.42305269171026016 0.3926100297852263 0.3643175192689202 0.3632654388228769 0.3664338067223561 0.34933459692061103
0.6885566434552934 0.665728748551434 0.6577839312319763 0.6561035154564537 0.6582843492874768 0.6448133205205666 0.6699030239976581 0.6704790258038854 0.6204352519345511 0.6147804225216137 0.610990790476733 0.6140768931178412 0.6226336185808272 0.5823615840720318 0.5769644984364192 0.5409983662321538 0.5439234164759666 0.530947153740889 0.5215414348977292 0.5315146733618377 0.522938466422806 0.5058087530416462 0.4819138565265718 0.4713706082029196 0.45135134882372563 0.42904441811540933 0.404410379684409 0.4287405850646223 0.4310263801744467 0.420889139104975 0.4460713305200485 0.4477150589143244 0.45743782703639974 0.44629359974672955 0.47326396142332183 0.455293250317976 0.45816512740181387 0.44043851677592527 0.3958143786789333 0.3635686725273836 0.36987057436396165 0.35012878371130157 0.33352518490394883
