Raster_benchmarking/Raster/continuous/raster-235.asc
NCOLS 100
NROWS 100
XLLCORNER 1743165.9217367386
YLLCORNER 5469283.689909252
CELLSIZE 10
NODATA_VALUE -9999
[rows 57 to 75 of 100, columns 0 to 41 of 100]
0.12007828477700958 0.14214178633635285 0.20806654856345136 0.21163882998568292 0.20696869367432116 0.24751437648909091 0.22580045372311547 0.1911619021156859 0.1939199670980271 0.158396811748027 0.14942588310264626 0.19952554259160027 0.21906256775107916 0.19373177530654412 0.16085151837956613 0.17841880761243312 0.18144697093089482 0.21968367300734293 0.16599256199022633 0.1687722009798021 0.17776175001427938 0.16884524870109047 0.21564514575120258 0.2500800727877488 0.32392147016055145 0.3591319287265324 0.35670027507802016 0.3891306103658016 0.4005374353957535 0.42329297155668566 0.4422461590138492 0.44870773314634094 0.40760918655064887 0.3905561047862305 0.397003578704093 0.40862671634790554 0.37657366648283574 0.37358388114325536 0.3326677166674239 0.2387718953704106 0.19019637253391786 0.17456457367784045
0.1475610477174403 0.15007313965718905 0.16790512958026702 0.20464177920207482 0.212324258674103 0.20106285023743684 0.22403893854130305 0.20334056685517152 0.18149385016359026 0.14458232970832344 0.155845789698228 0.16391410060865963 0.1848675706938069 0.1862454093068042 0.18034060956622688 0.16561930137731906 0.17967120905868864 0.18428991794198174 0.18418941406837222 0.16934132560961862 0.20659570798593963 0.18857907397140486 0.19679370582790875 0.24119242842960878 0.2812297015751406 0.33593314292682447 0.3531824769635606 0.41048935187517444 0.4399201581767836 0.4579884241433329 0.4418356724767761 0.47651780807581695 0.45195563254276233 0.45105197180381124 0.4653231735544203 0.42406917827950014 0.42624641104153393 0.3763949939372096 0.32058517990762353 0.2660885767798611 0.25432723734200113 0.18828211970566483
0.1320191419752472 0.13103762639755392 0.19322347128307638 0.23545752662141545 0.21313216830252366 0.2367260220429134 0.2581118232643413 0.24168329218847917 0.18238445361964575 0.15969789060157433 0.13580232591536504 0.13957679948511356 0.21030133299557258 0.2205440625118639 0.2169005989224487 0.17192175858461237 0.19493110240391698 0.20132849607649037 0.19262206063933943 0.19338700430448297 0.22118491365305074 0.19472728689302385 0.22479602242369995 0.25444096750406553 0.28225557118539796 0.32986191143295834 0.35958404236084673 0.45020237565956145 0.4475571323103886 0.4864663041304471 0.47841487117763487 0.5059614508241148 0.48527614699240923 0.519125243597709 0.527706694932219 0.4796996571115801 0.4449608912918888 0.38424301294817653 0.38392514794511784 0.3191677337728023 0.25550427716904406 0.21046556931514473
0.17087594859019267 0.1764075320697749 0.17055377753340437 0.19327512089132304 0.23518992202762964 0.22489673810938682 0.23200038673338175 0.22925609849965414 0.16900939681168436 0.16018114600287456 0.18848981457570943 0.2138807578845668 0.2038333026328586 0.23282682694235918 0.23453331231312818 0.2139418245953223 0.22218554098974622 0.2495683415600555 0.21402684892175153 0.24141811418780465 0.23359542184916032 0.2197385865901429 0.2601563067595504 0.28942172839688585 0.3299532605482957 0.36573253996736993 0.41968478529077846 0.45205053394577865 0.4770912454005194 0.4843723126285227 0.5107631982066531 0.5436555635708132 0.5195736752022498 0.5680863053554365 0.5534516198343244 0.5340024571766746 0.4956069110968727 0.4524601368006809 0.40982278718555615 0.36509226124179495 0.32955710354666434 0.24467485229630437
0.16095819746230836 0.18793799496257507 0.20154279669757244 0.17727099189198692 0.18689458028787595 0.19396989897098055 0.19457581546512195 0.19327086204559799 0.18557794066041194 0.20490588843343266 0.25908310160520504 0.26994070035538104 0.25703589293302853 0.21642084760925132 0.22660513932005724 0.27796623460709124 0.2351079803358131 0.25527986819883747 0.25396174965852125 0.2271545746217258 0.2687554485569996 0.29053324292921207 0.27886167198896245 0.30300214227127603 0.3875125357082535 0.4139835541993538 0.4240934933672432 0.4601005078072428 0.49805758050937443 0.47844561576732214 0.5296998158502267 0.521938172777808 0.5677160391718863 0.5659483796636184 0.5567401455338198 0.5767106802667381 0.5208107251396143 0.5150279908751026 0.4425293422934839 0.4565535637964269 0.3893148589888331 0.309577477043767
0.20803783313536428 0.20901494320409733 0.228599572617279 0.22751459907792881 0.2231426209859164 0.1981354953110949 0.19346218618154754 0.21248248118368102 0.24940188415516187 0.23596089827064473 0.3068018828995476 0.27719550400850407 0.25599232632045577 0.2652156240694392 0.27645055433823335 0.30571159869531567 0.29564307401832646 0.32258264456136865 0.29790124032029097 0.26388229049289896 0.2873449733383866 0.3216904588296458 0.36451558806250317 0.39184972357380393 0.42057499277634725 0.45093652844618964 0.45089557906260896 0.5100433495382012 0.50889230435337 0.47305501716089016 0.5107891449560894 0.5113116257605411 0.5417649230346647 0.6039593958402562 0.5946290438366438 0.5995153306540398 0.5716525147620608 0.5073429692594851 0.49794838860741525 0.5074026188560485 0.43643782898780564 0.37854059209493496
0.19498004545987818 0.216507619902472 0.2539081892444772 0.26732651293693216 0.19483770359898114 0.1940265290634963 0.21975071534877164 0.21781855834437394 0.27244639556386 0.3015502261381009 0.3068674983692242 0.34802225294369643 0.300993479666977 0.2999477529305539 0.31538570721516745 0.3145378207782832 0.31437799134162797 0.33660278793529375 0.3545563666576587 0.31779081722810043 0.35929256197993764 0.3679753855814533 0.4208783685056059 0.462275564581028 0.4863722440161527 0.48657064858744004 0.4789218924687608 0.5404891497667544 0.5312835191241486 0.4957908486070078 0.5357465805700874 0.522767919368446 0.5587097086337557 0.6013090807864243 0.5783625195535067 0.5942515108549931 0.5445516585038347 0.536525272865533 0.5445287755912441 0.5240518724583761 0.44137430341287437 0.43604980812765504
0.21046362927965623 0.20125382799578354 0.21800312598545854 0.228577633569774 0.2142649137988677 0.2028375156533023 0.20722175932438655 0.2637108431180415 0.2952352297613486 0.3281211795243847 0.32826377337657464 0.363857448415324 0.36286260939236387 0.33294332654881736 0.33012922575255144 0.36064897440755733 0.34251783778758255 0.40398318393043453 0.4192940424367622 0.4156254262623328 0.4103550634195858 0.4141859551459032 0.4640951835689434 0.5164890184146801 0.4936983164881323 0.49864638729523797 0.53881527505171 0.523427863058488 0.5494418923843574 0.5564427864511395 0.5908183741704397 0.565155842526411 0.5870053984709677 0.605627167267976 0.6181397744838583 0.5927143600203012 0.6008463734921029 0.5484182101338018 0.5482181947548304 0.4803705256313193 0.464728373219821 0.4570153157500519
0.19206888580574705 0.19995911599041627 0.21715935877326403 0.22203179428694456 0.2210893650255203 0.24559320341382848 0.25889823334604645 0.26216073581493676 0.30902280188018133 0.3128636732937878 0.36215961338769703 0.3799462686976729 0.3873864740715514 0.3636385074947402 0.366245159912736 0.3730790362300553 0.4081128942873989 0.46988697839871996 0.4969122626004565 0.48373960313403547 0.4793927532391644 0.5141747874515121 0.5284595132579898 0.568315501580801 0.5649778841923572 0.5459440742652314 0.5455035234084846 0.5330131949671869 0.5702711698697019 0.6348889922610694 0.6070809293645594 0.6490038480703507 0.6593957173529446 0.6817808294185391 0.672530422113939 0.6268012712187297 0.6022231898481087 0.5588371211645099 0.5179827556350436 0.500292777663347 0.498058752771409 0.43623985500431106
0.1410518974748849 0.2013385910281362 0.20287003747727012 0.22894227994674177 0.23248738403627187 0.21748341426675227 0.24028244763478185 0.25196568540472297 0.2854919207382979 0.2961936137843857 0.3322214891038591 0.36611795452801066 0.41716276742754804 0.40656631947660377 0.4094682236477321 0.42351705479768775 0.4735704947792898 0.4903575205147721 0.4953109212764865 0.5034303804744393 0.5646714793146753 0.556022109839866 0.5593233708285598 0.5616671155103623 0.5510816687193774 0.5493514677318292 0.56337843586705 0.5743780431919442 0.6031920054616946 0.613862198730085 0.6563413087341595 0.6928794728303515 0.699907761150083 0.6789474161338559 0.639669518146664 0.6315083170686617 0.6345971273185571 0.5821022340433941 0.5303552462083767 0.48326234131877543 0.4737542300264718 0.45139399987391043
0.12204379213060391 0.1694079090090225 0.21516328097663667 0.30914560782855854 0.2989182128815361 0.2522147852188728 0.24973924868025926 0.2529360229790672 0.28087618187918323 0.34173306334864034 0.36990257125575404 0.4119431606247407 0.4097976021728402 0.45697576294937603 0.4663742504834026 0.4668973206939983 0.5241109747437708 0.5350325548587882 0.5111501829286877 0.5695257513477676 0.5433771179390864 0.5979745832475579 0.5988153896950539 0.5796159457552421 0.5576033600373879 0.5914158263591267 0.6006786367397418 0.5546879019734267 0.6020878763679927 0.6537773197157691 0.6944944296536104 0.7217844975044785 0.6681726888934771 0.684325554512769 0.6442656880031241 0.6897228521284559 0.6338410988666814 0.617471316408367 0.5796949918417434 0.5274179215327588 0.50386454369655 0.532898828448398
0.11279089382946142 0.19618403595742082 0.21740382948489476 0.3067890558775362 0.30177681496827347 0.29672611679287314 0.2942253016153678 0.3027158696813875 0.3474427882109432 0.3518729937970298 0.3433866658966899 0.41218864131494043 0.44280191164086585 0.44059948990978015 0.4796578445787693 0.49535719388976907 0.5282834407729643 0.5743568699236714 0.5371204022104122 0.5757412628486296 0.5626106444600236 0.6012435895060189 0.5746249841964559 0.5810483743161589 0.609233241035618 0.6321718123599271 0.5871100349552698 0.5793108130307242 0.6145922501259742 0.6707253795282407 0.704292181461543 0.7140145670251067 0.6495936205679457 0.6750651707864843 0.6353648599557356 0.6823559951617687 0.6623373441172968 0.6026932340705161 0.5946417073595446 0.5939531921598497 0.5695448239102476 0.5735813674255693
0.1568594144455935 0.18347018706681 0.2591110044937416 0.30212280471307923 0.3060816618406017 0.24872077692476025 0.31195104342359636 0.3235898267072979 0.33418754444297216 0.35215506824305726 0.3313094958670492 0.3732139275935864 0.4070069957231542 0.48215297275379143 0.47513413008325195 0.5377063510120748 0.527103548427853 0.5855226934868378 0.603310429850718 0.5808038099405934 0.5829599965997482 0.5935261801775109 0.6121649723420828 0.6047152751638708 0.6267744693201018 0.6435964359675775 0.5986437161586622 0.6091190063087372 0.6444306145284721 0.6437719981748773 0.6716403594670067 0.6822332815156801 0.6733665549169561 0.6189539676872261 0.6170052572069976 0.6699395194135933 0.6645401712553048 0.6373355794866016 0.6236763515574814 0.6308539281966545 0.5927614639856252 0.5721246820227935
0.18478416037518525 0.19148961868920814 0.23506007719257332 0.3076166262563955 0.2955718315502334 0.28063578298749164 0.27193492384527257 0.3060091580894919 0.30921611456324727 0.358243178798773 0.3451235220956927 0.37301167416449055 0.4336312780091005 0.49044172697380894 0.5093515107692476 0.5059151170810134 0.5119977695700944 0.5371791445048099 0.6053638148877458 0.5956340137340034 0.5616667518702654 0.5475374955742476 0.5912151822711991 0.5849695637631631 0.5969960185355637 0.6138467003900582 0.6376176082799476 0.6552992643280654 0.682612530982917 0.64559735487573 0.6700062632127674 0.6931696371235591 0.648887752288713 0.6499805881273372 0.6258285071753698 0.6582942049863287 0.6523106734433392 0.6369957926266184 0.6210281456732683 0.6449175312737706 0.597986192698628 0.5986752507630438
0.18448133103053854 0.2600876951257605 0.27733136500733424 0.31133861546012204 0.30941892464185544 0.3052994703963267 0.30929748996716594 0.2725318439852483 0.3273748726855667 0.3378179578514411 0.38300439373789735 0.39073147189792296 0.43476091938304945 0.5094993068521466 0.5066274323531018 0.4947466058846911 0.4928106756289557 0.5266854873744881 0.5603658308701207 0.6381085648451238 0.5855628246322004 0.5557027009839143 0.5699988465764292 0.5679047897200333 0.5582152049061998 0.5892838067609276 0.6375103181261665 0.6627389870391668 0.701989828975621 0.7103402283707538 0.6500118879108979 0.6515654605527879 0.6051084060441222 0.580889872457185 0.5821888911682134 0.6211390000321285 0.6165174566855245 0.5864552130778905 0.6095326438319252 0.6052477319266549 0.6062634740932468 0.5792050510071197
0.2006875877864934 0.22491257171629322 0.29729674023914177 0.27235156323325915 0.2883494714052731 0.28440961744349874 0.2787578532179688 0.28607297110068874 0.3167431571715196 0.3680328992796047 0.39150686463709355 0.4164270808462981 0.4710323706061685 0.5304147870084256 0.5144495511927573 0.504843061706429 0.530541816117098 0.5701407238167483 0.5680875378423995 0.6224350858615545 0.6175910627542485 0.5813357642666731 0.5813053733240654 0.5517326422545208 0.571365737297375 0.6076593716452989 0.6107672907624119 0.668052557930718 0.678369481697223 0.7089841397244231 0.6707213730518673 0.6532616084217115 0.6429905567391517 0.5961303837451369 0.5687110227387153 0.609652983099317 0.6207830259043055 0.6036065978920201 0.5885087596709921 0.6060683857334683 0.5794029291284736 0.6056786595577357
0.16870192567433834 0.21597000788944376 0.2782062108628082 0.30545839254684687 0.31477486958042156 0.3182661721421777 0.34855611764178973 0.33858917091694374 0.35392125324301593 0.4152221014226575 0.4695483923165553 0.5165271128548217 0.5050368662227598 0.5120203743046006 0.5183105109780274 0.549737196666823 0.6029126354903195 0.5923986437242729 0.5816349607965605 0.6305556357141476 0.6228921775149461 0.624179688277583 0.6081803588170639 0.5439397058593248 0.5972919682885094 0.5684309955687438 0.597631564259592 0.5982011478599293 0.6312101580343378 0.6960222118849864 0.6632561008444231 0.6333068494677542 0.6416037072368038 0.6179594534093956 0.5933515962291981 0.5794428299492622 0.6359003454057727 0.6142026941409607 0.6483325549468987 0.6553281643564502 0.6137424828887739 0.5832282599705794
0.18650876429569935 0.1761372818370268 0.25902217095090707 0.33303132294635696 0.3392237358523914 0.3621363137037946 0.3957683020141851 0.41210969717928114 0.42564161257887534 0.464120296007912 0.48389938382225783 0.506464625397183 0.5587659947178546 0.571722017805453 0.5883149211250728 0.613588777536855 0.6272625682684204 0.6020954664259914 0.6403940628847687 0.6536834770482153 0.6450491150304175 0.6012182906006911 0.6185513913932876 0.5896973464658023 0.6039929665948627 0.6253474439538257 0.6122377846957798 0.6319749561663115 0.6518164760745384 0.6680354264042198 0.696771638877955 0.6944138718403872 0.6641589458072118 0.6654739547486752 0.6085506319727159 0.6206157965204527 0.6324714449837784 0.6180730691504674 0.6815962973174696 0.6805101864951405 0.6284431361050331 0.6188932072144556
0.1813349029743399 0.1516974257478481 0.24365584705657387 0.30956590219118685 0.3564032072797789 0.34138266696150227 0.4040606793516966 0.4676179273045175 0.4874453211380173 0.4997360814631684 0.5117560819235107 0.5412667064466082 0.6083567083231409 0.6266639728103698 0.6213031104131385 0.6547091309989787 0.6572012791513774 0.6374411913867739 0.631617301756172 0.6736225622952767 0.6210611651435947 0.5852458713774165 0.6038548345775149 0.6013087400907848 0.6144333886648248 0.6304813149737165 0.6397689676808184 0.6493374614788935 0.68686391548577 0.7325368002743083 0.7088640544424826 0.6900088409186759 0.685609405255126 0.6574398695422407 0.6197609079034351 0.6468198346925437 0.6330041694208114 0.6408440357872579 0.6685151615645623 0.7170919008180732 0.643433332618649 0.6142587010584379
