Raster_benchmarking/Raster/continuous/raster-110.asc
NCOLS 100
NROWS 100
XLLCORNER 1743167.331117552
YLLCORNER 5469289.970642976
CELLSIZE 10
NODATA_VALUE -9999
[rows 76 to 94 of 100, columns 0 to 42 of 100]
0.7365171175231222 0.7184145152600958 0.7599897187366389 0.7479455492686443 0.7634656812185031 0.7836762356652931 0.784317485077726 0.7411158845413752 0.6903574290977507 0.6778052182656329 0.7214030551865941 0.708440977343173 0.6770196835085391 0.5999075069337225 0.5745585572392573 0.5771005153563021 0.5436023043822329 0.45794932501443514 0.47717863766930196 0.516984560127584 0.4369165318133733 0.4162238552756279 0.43524142566664487 0.5076428584943795 0.48789002319089164 0.4262555365859292 0.4240064492664226 0.43127200853831965 0.42554206156539354 0.4051715355909055 0.36117218265110096 0.36261775841985605 0.28196753261686286 0.18391640334276754 0.16191087606068663 0.14677180093957773 0.13034028716505788 0.09294402786490685 0.1557488431589706 0.14824508983486406 0.15098938338998522 0.17650122369854668 0.1414224582904302
0.73305963442622 0.7619876351644517 0.7600644792644655 0.7317991299597993 0.7240344778784296 0.7528683266367902 0.7733959296364792 0.7019041161722916 0.6858347161550611 0.6323905076043418 0.6582474345558652 0.6397683244909852 0.604253397943533 0.5388072568765634 0.5764654397887645 0.5564941690075966 0.511586985571162 0.4827514429364396 0.4385944393861136 0.5002507980364861 0.43549202263561476 0.3938991249922269 0.41756764168522537 0.46845709992623263 0.46496723542501867 0.3964210643143466 0.40725744750443194 0.3739245224929686 0.3819483889398746 0.3657767702005415 0.3704711819653725 0.32727194575167706 0.2438937867711648 0.2136807123430174 0.12367758255328154 0.07100301246089412 0.0627629643797308 0.08226836939608216 0.06709445608976612 0.09914700018785752 0.08696754994558308 0.1288287115004594 0.13291898203643876
0.7565218681218542 0.795303360603292 0.7779763121563968 0.7143097679578491 0.7229426564997535 0.742686786038477 0.7171989821255059 0.7329024747789831 0.6526778373460332 0.5947525989632407 0.5794593423868017 0.6010345508043727 0.5317820534650066 0.511661785583206 0.5126667315370637 0.5126009418096944 0.4430301387183098 0.4345399671814228 0.4553291586505206 0.47868993247332553 0.45332521189224567 0.4430658865732833 0.4427260900813428 0.4314434695870243 0.45731875453998305 0.41291785461855746 0.43040468188781494 0.38756182554472224 0.3583597851707794 0.38382387325145445 0.3500363503387317 0.3341296154664584 0.2654013557959765 0.16737087287249616 0.13346940342733873 0.07791097793303137 0.09209132709271795 0.0760585831016435 0.07370902202190718 0.08193947903339248 0.09664591938370488 0.058161194380862556 0.03841355950178968
0.8015902838568376 0.7315174305251467 0.7242705671808497 0.7431401695135935 0.6983137211757234 0.662878269394219 0.6859014401144611 0.6677020078144965 0.6655093681573485 0.6131232360706431 0.5903086834231616 0.5437143278773116 0.5232817269710189 0.5368158772353069 0.5356618026967758 0.5063064811470583 0.45329788814609256 0.42001841163181264 0.45125266250156826 0.416583089800168 0.42987496232005734 0.41796290348790294 0.4220945422571431 0.42644692155147557 0.420387486714424 0.4123470128150263 0.383912359455566 0.4213058243790418 0.3748159452095357 0.4004256422358507 0.3694864628937968 0.3216554760350832 0.2244085982188239 0.20139253707196386 0.13679380169617408 0.08971296142585941 0.04026100127175907 0.08408162820535446 0.11159912013527724 0.10687896682481009 0.09984488421208537 0.07194101989440653 0.04070905976236406
0.7779997973533043 0.7099882940720382 0.7059540348498883 0.7331106862958429 0.7116292879700653 0.6652982346364557 0.6735444446458211 0.6189156299989175 0.6287737724328719 0.588394142875253 0.5999128571517036 0.5237036766114914 0.4843741776997621 0.5345818503309563 0.504810984839331 0.4627663982344503 0.43591894744855597 0.47235853751131324 0.4349280413211513 0.4032623324309558 0.4315375045252048 0.4091298863841992 0.4093116526934078 0.46014199782453985 0.4296852306879313 0.43594680791457185 0.4172264020077257 0.4421115625146344 0.3485548665454129 0.35177593396617535 0.36020230502723394 0.30391348879102476 0.2837692627055343 0.22328935813973944 0.14212521227924646 0.062728103714571 0.07332729302499003 0.08338740311157147 0.06998168111994298 0.09067756386086726 0.10343506443279649 0.08110725826937389 0.015573466468963248
0.7280657873101734 0.7252707440599842 0.7254831633170632 0.6948378779023452 0.6823011055363996 0.6957469314673917 0.6525054970409273 0.6394403962148827 0.5922153280700729 0.5675856672534251 0.5889130421665961 0.5740376732512561 0.49490797352030674 0.4961618202515489 0.46620905212174907 0.46968690973419547 0.4506065890451704 0.46318901252862554 0.42015618206772165 0.3918071243477468 0.44413047706261005 0.479065036044054 0.44335515711899404 0.44876704379353055 0.4932008265503357 0.45141830122812954 0.4394904082473824 0.3812160235994935 0.3507660472067558 0.3393435541651664 0.322151151948204 0.2518895786465258 0.2562747424249571 0.20083678287266984 0.14004246186899155 0.13238457089549613 0.1047089594582948 0.1587789682398027 0.11634642344036283 0.14931640252670852 0.09770320937561111 0.08222021582228706 0.06663805241097218
0.6921499819632217 0.7130143951181463 0.7422901280379058 0.7280228544147753 0.6923059362085536 0.682448108602993 0.6616718175456274 0.6172634927433609 0.5780864453431552 0.5800897033592831 0.5857906606448763 0.5827466923423831 0.5429569808495869 0.46896627057365003 0.4793970517315327 0.4053294673629897 0.451926990288256 0.4201207669973915 0.40240386711446113 0.3879286310666383 0.43896316516009987 0.4936572606915112 0.4387022259575227 0.48548270415140765 0.4930956696354737 0.47171369955855064 0.4227654850562169 0.3767676536539895 0.3410586956673343 0.28891242466741734 0.237709568266661 0.2048775221939787 0.1850926286034442 0.16246076303224855 0.1617932944822363 0.15095205191753439 0.1472666559907561 0.19667108240874118 0.1513161991924051 0.20400446481407522 0.1330017468534252 0.09152916934740514 0.10992117012004401
0.7100925826541645 0.7147726080834946 0.7065725765243689 0.7049503074695408 0.7531364425959202 0.6971709748124206 0.7021521260908695 0.6872058051322899 0.6144827564426676 0.5976137616608169 0.6218364901886074 0.575348526878107 0.5196758697437602 0.512681737478282 0.5155347558239631 0.4355827226281313 0.43895557192542095 0.40331228432381133 0.42231309599906747 0.4132131445842335 0.4301371278911083 0.4168708093771166 0.4262659414203295 0.4280438914046812 0.4625727157316808 0.4184418444139154 0.43886410610317295 0.4035274875503518 0.31831397887065427 0.28363573560470384 0.21479898019700852 0.2276507792981068 0.21440491690934266 0.20624665316107543 0.17098357926283733 0.16001067788239123 0.1872288592118754 0.17845578113479826 0.1802762004511164 0.17607391665872796 0.14089420549283266 0.1316769017857112 0.15680622674932945
0.6941428948094035 0.685291613624391 0.7083233432932777 0.7227283363843261 0.7027750226318715 0.7427324574142405 0.6811705874010513 0.7235403273374948 0.6428623877937995 0.6008511684727862 0.5745438430607616 0.5880705440230469 0.5893318242690888 0.5742704460910003 0.557471360255833 0.5071272403131952 0.4799754662397715 0.46503867329379267 0.4822756753605053 0.46976780031324616 0.4791876042047982 0.4374691693914339 0.44586640748905326 0.41880125003186236 0.40644442697494154 0.4085747907927631 0.42826423260203506 0.44291684413697097 0.3162198157670367 0.28936349206442946 0.27048882281394365 0.19640218916109387 0.26707613804135316 0.260552747240813 0.24501718700003924 0.20743511828481906 0.21006775968981772 0.17938683709715994 0.2057572540987617 0.20580047049189373 0.15756792242765905 0.1640308642195626 0.17253434627523553
0.6718091380180794 0.6965726813361689 0.6939304640353673 0.6986756921217142 0.7261489583268498 0.6941987233182993 0.6688825010503514 0.6524688157877295 0.666202266736476 0.6268478460940005 0.5837982489438125 0.597623868655297 0.5625237745585707 0.5298576701912688 0.5634240080276244 0.5101574638916654 0.5040315732622773 0.46180915878757056 0.4980247926584903 0.46041437963808834 0.4797480227481305 0.4402921026078298 0.4511730865360323 0.42069022722215677 0.4527565656097511 0.42263062092540576 0.4609464782207023 0.4433449699536636 0.3503785641085742 0.31031360320358053 0.2870042540582394 0.2941213051829613 0.2849456142266034 0.279181449732002 0.24794471210544564 0.18542150140753327 0.2185525077207176 0.2555858893996131 0.25629738893110093 0.2336370076135637 0.21731215945683702 0.20857999653661558 0.192572659088507
0.6602151939003257 0.6273276370337244 0.6687176307193061 0.6670899415329075 0.6717750471713544 0.6317064965781168 0.6145476958013544 0.6849133243926737 0.6528609637173408 0.6814490749478039 0.6012559629606531 0.5739526536307509 0.5594229000985865 0.5133853176065546 0.5470317654428479 0.5187947463199507 0.5114546351812855 0.47009587638009975 0.4913692536839204 0.49423099930323444 0.5036095381223358 0.46652540167549716 0.5077981753528865 0.4888025361320451 0.4543416369219783 0.40829017456687733 0.4286920794232545 0.44622930408206035 0.3897464724106719 0.31172862169514365 0.3241964932347634 0.32325128437360223 0.30040260939982777 0.2781971107802052 0.27889157926931485 0.19253372027995422 0.2485440471223924 0.2488558533668834 0.24265036174848797 0.2941174800009795 0.2707165535644105 0.20155157260079787 0.2186078689390447
0.6534020795837961 0.6314222881123878 0.6166556204205419 0.6403789084722753 0.5981555308677201 0.5842312256284709 0.6018960339234652 0.6570658573829052 0.6354421976004615 0.6402696074845756 0.6036507973477256 0.567321962364985 0.5401696563847971 0.516924824341217 0.5310139898113194 0.5531363335893605 0.5197078341054647 0.49923708727570737 0.45799188131527774 0.4755035608357412 0.464870632861054 0.5064178675057478 0.4950308620357859 0.4942955182248825 0.45049470354485954 0.46401086302568434 0.41467195116819633 0.4544728300676453 0.42976499914928956 0.3326763263378634 0.32193747563228287 0.28528692468999295 0.256356342759515 0.29340271600424367 0.25454939727712494 0.18756119166501728 0.21637376352935356 0.2551320519184069 0.2582519554136831 0.2619289136305041 0.23390226524668672 0.19768406999914404 0.22364632950304542
0.6395069352819138 0.6588902843306975 0.6081196405756474 0.6547369960541238 0.6012302332034151 0.5828694475836447 0.5966690009584225 0.6223869904353623 0.6412347288616836 0.6536374728861027 0.6557425676005453 0.6439609186015253 0.6119365239429758 0.5145145453830509 0.5184968776123962 0.5205628282466159 0.5122241732182068 0.48051626378416173 0.44632713016024417 0.3862569957538116 0.40820182076346045 0.4701231439818732 0.4674200245919697 0.4831711593966614 0.4616745691095744 0.4715931922081369 0.4633467480251756 0.437672323657893 0.3995996000815323 0.38070878937079067 0.30483498980560736 0.27377621084858705 0.26580557278571704 0.28942581770725684 0.2344303793816488 0.19878818677485544 0.22213542386304158 0.23330705231291582 0.2973817779464087 0.2860564852630158 0.2863060182617869 0.2492171553708264 0.27551936786267545
0.7023394417064155 0.6521941954876082 0.6287165300563946 0.6288567416485162 0.6441976631685199 0.6346865274864769 0.5905947638576448 0.6230950065511165 0.6491784386441831 0.6402141320744423 0.6467963333266639 0.6258439873004991 0.6102083155313114 0.5753945928758212 0.5252272832053285 0.5092315866333663 0.4893680633605316 0.4713399182087686 0.5128133541136481 0.45258886491192685 0.4459107897187546 0.4815505107872066 0.5004192308335911 0.5224752727201668 0.47674059358452076 0.450265513631529 0.42803078187562543 0.3935441566687351 0.3843662558972535 0.4206098121181367 0.3510735350046381 0.2927831320400399 0.3134652047225353 0.31450036172319784 0.24060462117207881 0.2421520368288624 0.20697298388371926 0.28834244332858877 0.31161098600287584 0.3580476026142289 0.349101869208152 0.34592427311128415 0.3477593631547982
0.6728812955731592 0.6762090422192165 0.6675211943687406 0.6201204930888867 0.606348379572657 0.6175066865291683 0.5928053944840144 0.5674502192978428 0.6104954571464413 0.6205118357804371 0.6606173467568581 0.6738195963691557 0.6712851595579891 0.6070978576208401 0.5287062867884345 0.5102468107249429 0.49378238422324944 0.519707954133152 0.5241203363390268 0.5282186410590631 0.5101699328668723 0.46299974318050746 0.4647978880202847 0.5107292805390172 0.509534680283886 0.506277377035519 0.4359962705047973 0.43618250802980946 0.3841762476904212 0.4253569813194001 0.38624317668979924 0.35363412184583276 0.35559057277472955 0.2873795078572604 0.28507799748060814 0.22326223065322698 0.2855117173622665 0.2945844685916786 0.3640687625866687 0.37892300975404664 0.36044555707302967 0.4009335656363136 0.3729663520246
0.6452802297776755 0.6015278835195034 0.6136813629940886 0.6358726946009321 0.6537967375527853 0.632678694888465 0.5987635706769092 0.570630931032763 0.6212966238850278 0.6338601898205238 0.6601518533662982 0.6818287319961865 0.7121778175207794 0.624859113987342 0.5827745080695029 0.55606114858994 0.5441597173148843 0.5148791799136425 0.5377623951168172 0.5615012640924034 0.512588753265742 0.5105065719573852 0.5043573105957722 0.5018905365954068 0.4811448753035502 0.5054204015403365 0.4722769095619793 0.41531970556958 0.40967446036383576 0.4031303786029484 0.42133114153525114 0.3518359495100809 0.34479348425207373 0.31922183111685826 0.2674033571723199 0.24566691559622894 0.29498857265241224 0.3138311366416866 0.3533167455879398 0.35002094660014543 0.43284953618223543 0.4222729319871461 0.3824183248345734
0.6006348866784474 0.5798135607285065 0.593487751119061 0.6596447053303987 0.6270059146348093 0.6731554072122388 0.6252607904972017 0.6349480577262974 0.5985628549497165 0.6304883746704227 0.703629980378184 0.7491020542652091 0.7302643806363737 0.6749463134381064 0.6224374964469693 0.5481402005215507 0.576343396496604 0.5551962489524254 0.532402420516775 0.5862393310111311 0.5581947202301103 0.47306864021165784 0.47368312487008696 0.4818470868329135 0.5015153608865119 0.5130502230521515 0.4780629515956898 0.419745226381047 0.4246115672721394 0.391365087917872 0.4101837616796024 0.41298604629370983 0.33826787567951755 0.27845317178576934 0.2676109713032722 0.25843999036893645 0.3244446589196493 0.3385625439438407 0.33828697776747746 0.3763462163895102 0.39374940009215015 0.44328417011340027 0.4356159926976762
0.538848559623576 0.5812251197095331 0.6056802801228482 0.5962410266486404 0.6588859591885876 0.6262658863160611 0.622426073283004 0.6338046939992458 0.5980801705971316 0.6711159863596692 0.6850998440503395 0.7164010054954969 0.7387807885987031 0.7327037142991675 0.6552920262625036 0.6418127106282946 0.6338045560332535 0.5752551179892115 0.5839087129616748 0.5676120306063324 0.5478336240478608 0.5082440214755775 0.5134724078247057 0.5354222771054087 0.5125980937681338 0.4755966822839631 0.466789071389141 0.456393059432595 0.4092831149674296 0.36824284486400166 0.37012005980241414 0.405491437488703 0.37014821166296413 0.3022904744895942 0.252549200092654 0.27342422805290084 0.3119747427239628 0.3132506064660761 0.36516932207602115 0.43081358926681884 0.42793378163289525 0.45019735529423255 0.3803602799412965
0.5310060267003013 0.5330387335857976 0.5946687532793055 0.5893919878091098 0.5984412456234987 0.6584535006372749 0.6300133175210902 0.5959151577832544 0.6420960311050595 0.6492337964927722 0.7460008598369661 0.7816548021804389 0.783769652925189 0.7704151095769306 0.6932273617867749 0.713240057172149 0.6851847725711185 0.5814575643713691 0.6169658907592054 0.5812545531991137 0.6099204833826155 0.5991022725910555 0.5823473921636677 0.52383394888058 0.5074141665874717 0.41793409433720613 0.4244461842884564 0.41434848219603304 0.37443442148248635 0.362492570178579 0.3658110564609364 0.3493233895913423 0.3601882657196832 0.30725378432322575 0.2828654078732528 0.22805365349089707 0.29576471813823174 0.3433263635274103 0.3378826763404558 0.4136805785460953 0.39052994173484584 0.4190985559666218 0.3958511909421592
