Raster_benchmarking/Raster/continuous/raster-242.asc
NCOLS 100
NROWS 100
XLLCORNER 1743167.867844516
YLLCORNER 5469292.307761359
CELLSIZE 10
NODATA_VALUE -9999
[rows 19 to 37 of 100, columns 43 to 85 of 100]
0.26195584333984945 0.2721402758978904 0.2469166507548583 0.24181019038562215 0.27399719788447163 0.24560189958387227 0.24122878804694303 0.25703396731814576 0.24724187149803475 0.22237643763321546 0.21036041648270415 0.2174930208122561 0.1822532817793022 0.1883004577482649 0.1509607225367877 0.1341074816505616 0.17633171807636758 0.12161984593827418 0.10672062900710379 0.10314889960068047 0.09599715469743476 0.05561110956538471 0.0627834639648978 0.06572974485562588 0.059092688222879754 0.03845549783065676 0.06013832354625516 0.08488116574803967 0.05912187308170532 0.11926737310932449 0.16224183816421295 0.18746442768674917 0.17949565005079807 0.23571658881171498 0.2661618486978589 0.27561312149229583 0.2757409165617953 0.2960451205974088 0.3064951253834682 0.318206191797995 0.3109851374721263 0.3473199800469797 0.42682394412939156
0.2898967779983051 0.26220194495349536 0.24825909386203845 0.23298151036398362 0.2632665014827545 0.23272321826480752 0.2239364648284235 0.22862379580250608 0.22291069757430876 0.22289521659162953 0.24723792711019116 0.2273560587223942 0.1717280488115932 0.14606352812710158 0.12933233451720985 0.13147090835387423 0.14404747767864395 0.14804837438436114 0.09660744002756379 0.09352000213063244 0.04603515887901179 0.02050620758094224 0.02966219576105812 0.06789188617779983 0.0661843397824454 0.06469155641523978 0.029833691317575357 0.03519412346520248 0.07311868032301294 0.09139045774415393 0.12697252349395563 0.18590972819834392 0.1803659102063765 0.1997455942006492 0.24591136430647242 0.2973965000056245 0.27880272922814126 0.3545233404911714 0.33193498238869734 0.348076292284179 0.33963262369058334 0.3421444989295184 0.3803644046459878
0.29430437037705476 0.2865577907816365 0.28178836719256634 0.28242906939015927 0.2678361606481024 0.30797096496071363 0.2919482437561144 0.25873520241710735 0.1916329835700386 0.21828359954952908 0.21231538770147257 0.1702216006397602 0.16678828068969914 0.16899695579220617 0.14509721651478363 0.12266140025967943 0.1654783244887322 0.1327452183294843 0.11842939376450688 0.08962071745617543 0.036375700368143964 0.014511347424168061 0.04486950528038 0.045312410755543604 0.071938155875819 0.06277735312960436 0.07638940769273274 0.09173546102736001 0.09060150528707231 0.11307721158753349 0.15717627785723706 0.15730254914842376 0.15652220256179739 0.1647555094486863 0.20043124734123302 0.2743336206809713 0.3041448882628391 0.33888957107854806 0.3174318506140343 0.33843689207889366 0.3444932280594549 0.35202823297691627 0.4053760221999865
0.3088439668175017 0.3170763298379399 0.28842614811890566 0.27058949229032075 0.26643305337033774 0.3271182150566566 0.26942203405686577 0.27776840377256845 0.20574261052469553 0.15448121020420794 0.1578895133225819 0.15445046937575058 0.14569983066330555 0.14838255720100582 0.13898436795812802 0.15458506249734444 0.1493418888050926 0.10756971104525885 0.08350017058213662 0.05355592017056299 0.01537580238145769 0.0 0.05174194919663454 0.031702321400647764 0.06280033759868024 0.044368964773427846 0.0654544600981553 0.10010093624861506 0.11137230382479221 0.12095725343207087 0.11555034881907872 0.12375222081159268 0.1464938522068462 0.1723475515673144 0.20008326327987055 0.25042086316909334 0.2550644066263303 0.28575080875211767 0.34999556224861667 0.3745088210802126 0.3598189125770905 0.3593799273800781 0.4221112649655002
0.3133437405560685 0.33394096587807076 0.2992687210302069 0.31316642176170867 0.29439934617315033 0.29473949631516744 0.2827403949264045 0.2449432675033378 0.22703221419637948 0.1377695119350257 0.12176918371098205 0.11275746265919205 0.16529108141055834 0.153767494351823 0.12441979208482913 0.15502485501048 0.14211213346825868 0.12525364658662747 0.08423910501367718 0.05675321151476973 0.03690125192625557 0.021458860555713864 0.07073068791686203 0.08157415928582093 0.0863226734610277 0.11241992445380129 0.11033734102097267 0.1390596458581542 0.11039010015782029 0.08412338874160567 0.08321535906519069 0.13790827879640064 0.1787974629259622 0.22152122742885041 0.2015689287651888 0.22935174064404293 0.25839566194058533 0.302254306177856 0.3644924883484598 0.3872790037103869 0.4086434457890686 0.4137147290138474 0.4303205316900986
0.32732962743803723 0.31479586209172683 0.3127915234352461 0.28694209377888197 0.3117790427588909 0.3227541060213542 0.317987284589413 0.2764919270823148 0.187566323981067 0.12997153290632266 0.16304333879132088 0.13164154993608237 0.132678499310789 0.12489747333000488 0.13167342227452894 0.16397887880286507 0.09601777385192933 0.07487318593475166 0.05218968132754836 0.05810999098684785 0.04623949306027656 0.07668663980735393 0.0837894938231425 0.11822153781770646 0.10984116841054198 0.1294135908968939 0.11277867969301278 0.1182034302916406 0.10169977278903787 0.015420926184691226 0.0840186882416394 0.18253401428895796 0.1664329237445414 0.2238144404081953 0.23015953266443887 0.2529602871630796 0.289349547225339 0.3331172237726503 0.35023316817608235 0.3872409929568184 0.37873185663838854 0.40497587259674395 0.4226035218747718
0.3762825425499601 0.33234600432727823 0.30813805769857383 0.3365114323389231 0.2978906435228345 0.3151218835881155 0.2683607398709127 0.22273506979437332 0.2195254458510753 0.159323175706823 0.15783336461385314 0.14916945497935236 0.1827735449820178 0.17223330140129817 0.13367960139759558 0.15989453929344544 0.11375637941570257 0.07549945922011936 0.09117319324685833 0.07811248390815939 0.10459210779242327 0.13533278421307185 0.131161142607053 0.10091519515046003 0.12297065155331616 0.12487521311306991 0.1029481683640312 0.08273841090286146 0.07310639617358052 0.05958458594088362 0.10862040902061397 0.15897695199608905 0.19496165534984336 0.21794329342874785 0.2315201735426108 0.24956175038514303 0.25999906115764015 0.29126367486576477 0.3310139386825516 0.34009737581650695 0.35228551574778827 0.405316439772596 0.4239170287650239
0.40706868284513686 0.3916972948419284 0.3593995180219672 0.35210168363186656 0.36324335383888573 0.31614212041992334 0.2896688972660707 0.22782699209905433 0.21038282396215266 0.18703774415655097 0.19159634854034094 0.17528137963749535 0.17096333251618964 0.19974792620475904 0.1846619754800155 0.16109587495666278 0.14860367966179508 0.07613005079924513 0.09547747666630117 0.09636952862693485 0.1179410756905104 0.1245960712369176 0.14342957085799832 0.1375354627582766 0.1543506835468421 0.13482316286549823 0.07518188342763799 0.07762808125595347 0.05235444667336597 0.10771315205830712 0.13241584731827258 0.18576585133114923 0.2112565187362281 0.17213518084983312 0.22822694019404102 0.24461592668588417 0.29184335123608474 0.2862373379316154 0.31713242931072183 0.3271241612921891 0.31016634973994406 0.33201396729254185 0.3903181831917314
0.3977784567347018 0.3578849230404915 0.3504663402266337 0.35737024945580886 0.3657673025414802 0.3323680772806851 0.30590343772755907 0.22187719341601592 0.18743975827729603 0.1981615779675092 0.20032102706888708 0.17214180798841663 0.21446449669928974 0.17392674196652447 0.18225150526317171 0.15737225490704146 0.12283299287139082 0.15355527977754177 0.12077478781084862 0.12015767870019099 0.11931046155037438 0.14192942165875452 0.13569303743344233 0.13994807604966097 0.10735748200315462 0.06614066629091941 0.0910809087118376 0.07300937803480165 0.05977470974861181 0.06709905107224569 0.11507090236162332 0.19483462644348107 0.22372417061114164 0.21640261309871708 0.24604191858388316 0.29234957951135376 0.3093397062080152 0.3037204749671669 0.3063128508764067 0.33832105676120633 0.33560397662950653 0.339376840910265 0.38617219140689235
0.39958253854307474 0.35101432160639007 0.36619188929266583 0.3373574726539853 0.3708296443111082 0.34324131004436115 0.282517844538855 0.23129323221315928 0.23875017378624286 0.18919420278877655 0.19593870463659546 0.2202025305305284 0.1926568170357028 0.15626371563033356 0.17814147481596923 0.19227411113457465 0.17344621638038416 0.1759069170406568 0.1445273579329261 0.18056155117976203 0.1545932139801807 0.1457881647672373 0.16385277886022845 0.13821268407913762 0.09297354246333775 0.05341357226509361 0.04616011119136188 0.07359319986776998 0.09317581403871189 0.08361389900572845 0.14105000015543448 0.20370578225629657 0.20937037708107165 0.22959246414360124 0.2845589435168364 0.3076735459410161 0.2845805306891632 0.30688438145204044 0.3010103694738312 0.39370142005509107 0.3746995431802679 0.3818887562865469 0.3922071496482203
0.37418412797370265 0.3607089786800289 0.3620341157469971 0.351482603644322 0.371024584335005 0.3790887422366143 0.33541016743106716 0.25989385783809643 0.22723594838124123 0.2062944327912479 0.2117547721623092 0.19550228939120456 0.20349728441527473 0.19776566678264537 0.1878697495811966 0.15646157857242424 0.20538385517857763 0.2211846374405671 0.21207748405220642 0.22323322948985888 0.2089398181050858 0.195270219905853 0.19764959419870853 0.13209880289670778 0.09319283384831589 0.05331090471436569 0.05374838157313717 0.059746455432468364 0.11084873455406857 0.10975562041845188 0.15055363298074256 0.19222280681826118 0.16885442809023293 0.18749161588025115 0.28135674366355523 0.2792406066544997 0.29568718301975255 0.29074769957665897 0.30364886307119837 0.3423171173981116 0.36427657276962255 0.353534852196235 0.39903038567157434
0.3727393323267768 0.3220871904958083 0.3694048981384598 0.3800986187949456 0.3732171904708927 0.36365246319192024 0.3638131989591117 0.3224762106180595 0.2600733556236545 0.24004941902558094 0.23717740547926897 0.1811521774176814 0.17953828967114097 0.14462174011446738 0.150632585822451 0.14839290001275499 0.1903243158803415 0.2522580547429814 0.23620258685933518 0.23591914296781982 0.17998314547607058 0.18890528975659765 0.1905337643568793 0.1992522985489979 0.11057848962755187 0.08686503378308964 0.053705617789829636 0.08060113580655776 0.07488818070706656 0.09487747110261024 0.13445497742893855 0.12751746212878973 0.17104860353907494 0.19246635920034658 0.26841675486111854 0.30265838899565395 0.30851843471031765 0.27389019877822296 0.29978727418199147 0.35967432101056207 0.3563429568107507 0.374650868708709 0.38927875212434515
0.3598457005027863 0.37973140914166237 0.38512853623896476 0.4115059321014133 0.3925345836321461 0.3627937837157488 0.3569229806202928 0.31486792593130336 0.31150629033450916 0.2891708855328998 0.22109610243072625 0.22286700130053805 0.16919049574221448 0.15977436376721513 0.18339896538881306 0.189259151220883 0.1812115407258814 0.23296719098824542 0.2202317177898021 0.24427984340216358 0.2025479054069137 0.2211679690629323 0.2203841140032445 0.16965528098344965 0.16278043974777223 0.11139476034094442 0.08342102394403443 0.10203619972558543 0.10640920765406038 0.09598276716579719 0.12896223934326093 0.14478748134273894 0.1570935034795306 0.20237970352374274 0.24453466103949037 0.2528018788871923 0.2733993512736626 0.3309258268196727 0.3538608105198175 0.3645092742575987 0.4015185211015258 0.41279775028823135 0.4344099665317087
0.37891208888407535 0.37115199565074614 0.3548829374176407 0.40140151434748345 0.4233812150519708 0.4130500553391747 0.36663384778085817 0.3189682368021026 0.32203121956654784 0.29011403933619406 0.2608110900154158 0.2108480445493967 0.19365284230834584 0.20443353490128957 0.1747324565829886 0.1636894327158915 0.18284233479128711 0.2435808884649869 0.25281324924677717 0.246581677955763 0.2051259593487265 0.25958666169899625 0.20192119685400373 0.1952452234862941 0.20630606043329155 0.171094118609432 0.10449354058016048 0.09923385111014055 0.12198175752145074 0.13583017036416178 0.13193506013120598 0.1135804984405701 0.18976010323049455 0.18946934680882474 0.25854446160060246 0.27121821775909355 0.31150091687732806 0.3245264882701485 0.36758103272403314 0.43547150344993013 0.4530529557985345 0.4695714358002054 0.4527631412128542
0.3727593940457758 0.34821432217951837 0.35466741819722264 0.3570306798504538 0.3827049668445436 0.4127311505656133 0.3637935793713691 0.3441244085874489 0.3225763208532152 0.32855392531858346 0.3379242700600255 0.2685368104862362 0.28650602248179646 0.2776187858517466 0.221780891133644 0.19832011874257555 0.2608417642439228 0.23181620332363856 0.2203623646297851 0.23949966006141601 0.20594511274141467 0.21594491036706612 0.23341948234227428 0.1845366826820241 0.18594226913050343 0.2120405108499667 0.1652628698519345 0.16995616991280132 0.13607791693101925 0.15824270227887968 0.12607972929061684 0.18078756306075616 0.18492071486664952 0.22906717996427248 0.24416380875179186 0.2818458678615333 0.29496360261364346 0.32991277635813704 0.364474142014733 0.44610467166417395 0.43948989272605476 0.46209024581685115 0.5189849180012029
0.38580731304514576 0.36224562356538625 0.35785959799244194 0.3878019950278904 0.3994824367191561 0.4367529925817504 0.37103630036672886 0.3922473729455439 0.4122792007960261 0.388472712418261 0.3831101270822925 0.36041573711556324 0.34325093248042865 0.28066002480567026 0.261947276811985 0.24063767883845674 0.26283855890514657 0.27685600208468825 0.23429552379712745 0.2120804379886911 0.2073262761766501 0.1932986083067041 0.24149564012287453 0.21486456776423613 0.1997535927395664 0.2433513006950921 0.205994351500097 0.20191781971755904 0.16182746398819903 0.18880329310661853 0.18513084937884655 0.18829764413691108 0.15623778068645966 0.18481618293124497 0.19387099032795693 0.22105819969739685 0.26146230155961675 0.34381215516118696 0.35683409428022694 0.42982923448390276 0.4843872979898168 0.49591529491621344 0.5312623123549239
0.39601620624089956 0.41513125766651626 0.407545118795468 0.43055633459842996 0.42568760349851503 0.39290078152510866 0.39182203026326473 0.4220560167369737 0.42450467135504294 0.4102542149233949 0.4187099534752152 0.3849643401567394 0.3436226461370784 0.342306645433561 0.3230331336898968 0.26905010998779977 0.25624037844757175 0.27700911767620884 0.25417033152523016 0.2029555323256753 0.234539007942862 0.18993520553249352 0.23062731534032435 0.20620132926184412 0.24083532130708726 0.23415159539931432 0.23153407647975702 0.2435724448068547 0.1918830101904706 0.20554554759976093 0.20368230095753734 0.21650580441593403 0.1814111808978834 0.19276270658941286 0.23087142411981615 0.2312289222772024 0.2441649614305405 0.3215465387228708 0.3905231909756743 0.4477819856918998 0.4880924921036204 0.5196724878855751 0.5138360528723175
0.3921238913018966 0.37823626785924513 0.3678330962041291 0.38582867865890136 0.4164043409635327 0.4084636989567707 0.3762989193394415 0.42555027910810156 0.41571182717953725 0.4253385995219808 0.39800671076337096 0.3846364774625435 0.3932144299070985 0.3797032807141335 0.31413339367048176 0.30529951666901045 0.24419176838190199 0.21890933965718895 0.24811923835946656 0.22048559062621803 0.2255373997414662 0.19839337986952651 0.2319387412616857 0.22574463403822922 0.18705488545274931 0.19627754279222853 0.22074908006192123 0.25103064473448733 0.22606261408797645 0.24271467204064584 0.21311882433767212 0.1941358800086743 0.2318481099259305 0.25220062803981724 0.26317327262015283 0.2359259226368749 0.292464702332624 0.29705543868028067 0.37402738138990355 0.4279986673331881 0.4614477547181842 0.4858691761290984 0.4755201032554296
0.4128471156275351 0.4216494332240202 0.37170789050760344 0.3666182248587397 0.35567643894050993 0.38688370871297356 0.3875384210257684 0.4240041379408267 0.42114978589423063 0.43067939009876716 0.4287432655517708 0.38669050620918943 0.3837941984013582 0.3827359895047914 0.3314394644613018 0.33075541648586393 0.26136696922464786 0.24614881974028954 0.24796261653953777 0.2592222028487499 0.2173753088011209 0.17996437311050015 0.18077190743489435 0.20762489715017 0.1706118608363182 0.21314347456811636 0.21254359498109582 0.18610975942126667 0.21260188905611757 0.2521591454110298 0.23333943698658025 0.26003643867509874 0.2676356811328006 0.24266008989791116 0.25593565202671137 0.31416988530777484 0.32017803444003057 0.32489543339442906 0.35814945423265887 0.4074088709964742 0.4628340385383721 0.5119656390379999 0.5092361328391234
