Raster_benchmarking/Raster/continuous/raster-455.asc
NCOLS 100
NROWS 100
XLLCORNER 1743150.0569198013
YLLCORNER 5469294.544011593
CELLSIZE 10
NODATA_VALUE -9999
[rows 38 to 56 of 100, columns 0 to 42 of 100]
0.5067694600909389 0.47100858223806347 0.4437088996524261 0.4869279980351571 0.5467795868210964 0.5457321417872852 0.5425182403922388 0.5441100664527108 0.5440547767286384 0.5083619881430922 0.49385871375928153 0.5027082502266246 0.42276209491756567 0.42753579912249695 0.4676531881051854 0.45823713581675296 0.4889269730089882 0.4924098413975095 0.5330223975476402 0.5291291539857891 0.5324976112974781 0.5599162510173908 0.5266913924990311 0.5188786474363012 0.498608415475485 0.5429520370913883 0.5065909051638876 0.5211153523968948 0.5837451162983105 0.6048613233992618 0.6724056906440377 0.6423278781600051 0.6185116776598161 0.6719616178851006 0.6907010086410429 0.7173440950868698 0.7324332122844452 0.7149568368247121 0.7035310094081896 0.7074836054944046 0.6445498677184947 0.6218381683064942 0.617559687327707
0.4841241693317365 0.4992754922588921 0.46292199641704146 0.5106120022934939 0.4599179597308436 0.5059788539026504 0.5917887808846076 0.5308043154295867 0.5668517348558301 0.5475070657893921 0.574034732255155 0.557900085173868 0.4676135669616287 0.4992124704409491 0.5163067423882008 0.4920238790033891 0.4602681965760117 0.5382825102939758 0.5402989678731588 0.547735700693912 0.5548056033607505 0.5886216673677067 0.536065917247389 0.5701898724617229 0.6214619228382131 0.5851647225669303 0.6257706138389032 0.5782200367589466 0.6099387629132256 0.6514639971696755 0.7074626935234083 0.6737667826280525 0.7100697405493619 0.7232821221315509 0.6924290316938646 0.7463628940916087 0.7525904203545268 0.7487074737631991 0.7008885193740213 0.7047702070511734 0.6390385035522399 0.6168210426456961 0.6173481190868637
0.5010658923248785 0.508539836754216 0.5080092108086313 0.5088626714947917 0.5020144032735515 0.5164182771362706 0.5607398630899495 0.5560264122132771 0.5746078341479784 0.5480348553716591 0.542708564639889 0.5130054809338459 0.5248181945846734 0.5049733068684965 0.5440964226527848 0.4991944878761849 0.5144726132172379 0.50496156598245 0.5698055360552389 0.5794874900686604 0.5475477064228201 0.5798837790555939 0.5755821868192932 0.6016074737588148 0.5943003523703224 0.5659699683695942 0.5621449695702482 0.6082297962603588 0.6236997749315863 0.6900855772749824 0.6919821766345972 0.7315104453681202 0.7491930720381476 0.7472646170064006 0.7537259577464756 0.6938704841503117 0.760438025067547 0.7775901870504506 0.6914566405589619 0.6821173537070861 0.6369922328064891 0.6128657825667027 0.5988829511342184
0.5035650293970864 0.4766656514751798 0.5489139538234806 0.5056216723228392 0.45596076429190874 0.4881990981218377 0.5341091493407741 0.5583811982507759 0.5700563261475801 0.5046898513094049 0.5603106661355339 0.4969366492873724 0.5517840983705361 0.5309481231653099 0.5635016206457407 0.5998138267535169 0.608972352376087 0.5342635189644976 0.5470909208488874 0.585262997575635 0.5743158820609183 0.5748280341207187 0.5808716971026792 0.5732211587911162 0.5616333474142451 0.5349470956793797 0.6214032774467412 0.6488830199226499 0.6657197350862628 0.6289455810079496 0.6886066953781876 0.7551012035658975 0.7466297596260125 0.7547082917426585 0.73581615042682 0.6939359325320354 0.7485441504938896 0.7323322160641381 0.7509373964035743 0.7030321214051981 0.6232664394389483 0.6500064537904713 0.6181429031384799
0.47174778430823155 0.49587351626076326 0.5557073267327736 0.5501095874435181 0.539631904623001 0.5556991184653116 0.5391076687589389 0.5122221781078202 0.5468149402237554 0.5069287009915445 0.49120055121376843 0.5317121971854843 0.5386755603195171 0.5019366863560045 0.4993702825245787 0.5543061703167909 0.6451294126848037 0.5968459196551903 0.5980500875126783 0.6250755640880211 0.6508724085853871 0.6507276425025534 0.6513885912377367 0.5994350169504334 0.5799520411010585 0.546156092817315 0.5808986420987932 0.5910496581795236 0.6401343798734707 0.6053065472507879 0.6317961980163939 0.6926868946463596 0.6679216354824413 0.6875091688495895 0.6972133181344532 0.7056422958830941 0.726363064772972 0.7492322368656863 0.7904810256155052 0.7400276123558109 0.6520208562951056 0.6322851877232778 0.6141460593880197
0.5173966176004726 0.4877303113936103 0.5647922368479261 0.5707680393797824 0.5580586860177392 0.5537982066041139 0.5202538135075888 0.5414182722696033 0.5226131087410499 0.45202407866043715 0.4429857750724559 0.45234763585151816 0.4341642900660256 0.4950116752388178 0.5183779838352353 0.5527592914544908 0.661866262294932 0.6857776058218632 0.7028513219400336 0.7014512545758878 0.7139118135346989 0.6495342421922309 0.6437140370635268 0.5863898933561413 0.5913650109352392 0.5980201579360657 0.5357316148113874 0.5939609142992268 0.5976715097336593 0.5899494282247818 0.607943537428696 0.6565754622048309 0.6906245187350405 0.6980114251622155 0.716205134135475 0.7084614205237572 0.7801884410024682 0.7234526911446745 0.7717401791515909 0.754981138074678 0.759678423835559 0.6501508225752841 0.6846380180576876
0.48414488693605906 0.5135654197021376 0.551101198105846 0.5500682604178244 0.5012503219003037 0.48950341119184165 0.5299537175525644 0.49509909842124844 0.4588221179328807 0.48355647620994097 0.4819954194176819 0.47442024906788705 0.40327639142962896 0.4396846787663355 0.47239294551169275 0.5342863898252195 0.5811237419661935 0.6342605271080979 0.6704350950998414 0.737123378244081 0.6718188756668694 0.6675895113007104 0.6430790839429193 0.5950236723832834 0.6481854333718955 0.5899392282764357 0.5798139158667086 0.556978482618757 0.5366221103474655 0.5666484211465433 0.6173879826117639 0.6130549613892613 0.6804503821561845 0.6359575092654887 0.6349061709607774 0.6813780661493578 0.6881010668018334 0.6711514664591336 0.7288936288452404 0.7084074144026754 0.6915825923413031 0.622281691170518 0.6487304427713869
0.481371245768155 0.5051472768030121 0.4940000547894222 0.496111811465805 0.4715666597932494 0.460975566685061 0.5381910492765998 0.47678433774214063 0.4695621432830758 0.4609845358761894 0.49004205530110584 0.46230851898477937 0.3911143655561271 0.45842647353112886 0.484695031182534 0.5666580538790005 0.6317724119756033 0.6535954009805574 0.6611972725215194 0.7219539352408916 0.7141888594594608 0.6426145681975102 0.6550796762804186 0.5978661212361264 0.6442971352127347 0.6289845447662034 0.5931057893510052 0.5819922889252882 0.5603124689995485 0.5883188807028448 0.5414239630947046 0.6249026569885278 0.6182270488018484 0.5880286647250742 0.6266512314212264 0.6280762710848381 0.6567730275738337 0.6396753052516966 0.6494642576355387 0.6644612075068534 0.6306082588927041 0.6242948021375395 0.5826382909697936
0.4902205055892667 0.48997017437180573 0.4716702245540171 0.4182372017487926 0.4311149962828553 0.47301301569015974 0.47141525251692606 0.4616904559873607 0.47678432382695435 0.5143316970002652 0.45736140137984466 0.4232556644681236 0.4140381434847165 0.3972904460614375 0.4621375485164293 0.5542955341236704 0.5677437833527861 0.6777530786123293 0.6440593951975974 0.6986100480460761 0.6734084754976716 0.6377125859229493 0.6582454760474835 0.6518628026601864 0.6204708685468325 0.6210538905119386 0.6348145243576094 0.6384453494077326 0.6245246498786425 0.5295161290518905 0.5100943207781387 0.5782249310547167 0.5474483633620981 0.602847884715517 0.5993898485686155 0.596106597331236 0.6294123846832756 0.5857408933804504 0.6336824355036895 0.6371599492114735 0.613107367702014 0.5963911664303698 0.5439251155935247
0.4231689410250088 0.430173429419973 0.42149363515787674 0.4200020788402466 0.38174653835458855 0.46158291152942954 0.48952105184517003 0.46441749518670056 0.46293819749935544 0.4869976125024246 0.4682127261822275 0.46088452248373213 0.4220023355080623 0.4127031959690804 0.46336245025671446 0.5475812415146366 0.5657297407506743 0.6287707754664653 0.6927685284198992 0.7030595950806906 0.6499369758236012 0.6222077940855507 0.6016677612682209 0.6458159353333548 0.6399123304458035 0.6520431314601896 0.6420780464174656 0.6183025572321703 0.6081051242456575 0.5235003725622451 0.4887036968364713 0.49920020611525673 0.5265449676697819 0.6045091778755323 0.6269553809662679 0.5431539067593195 0.5479892427384736 0.5890816450185756 0.5399878520241328 0.5736292139636201 0.6302454723023706 0.6309572676099475 0.584448714112669
0.36243993003264346 0.37523907756503416 0.3413849018084611 0.4056529320781695 0.385355039186231 0.41582972524608874 0.4130820403368391 0.46140451909438385 0.4274560233869134 0.41780574109699536 0.4546231155874144 0.3662466883219715 0.3564822569976483 0.3805328031233068 0.4835357156776211 0.519676276276815 0.610996717655142 0.6315463648554205 0.6616485145285902 0.6382019057346385 0.5964592341615937 0.6108618238936603 0.5886776231134895 0.5840311396336004 0.5935221507921242 0.5581786160706804 0.5451286855422642 0.5473836950236958 0.5730209940520201 0.5192507558522702 0.5603308157679708 0.5357154382782969 0.6231103543643572 0.5832353107870741 0.5955212386026049 0.556858534764864 0.5176994557852963 0.5222652409708561 0.546835536330184 0.5751737594539563 0.5582073107054648 0.5697302919886086 0.4982583857011123
0.3935787233105212 0.3713468093542449 0.3372056022089079 0.3788459617265459 0.38293743523807583 0.39557020773264745 0.3699033650599518 0.3694357605762384 0.37679661929348507 0.3368254730144761 0.4025780322398655 0.3927815087161787 0.34173619765593677 0.35558824281541196 0.46317766856640447 0.5440986600888063 0.6076847533277479 0.6484077623166268 0.6319301961401456 0.6071970479536412 0.5722307874867325 0.6221555516634941 0.6094480207118883 0.5348017110842668 0.4924407672031799 0.5624652424234778 0.5469742793460465 0.5347518308233318 0.5664683356481158 0.5090180742399958 0.5404047498758036 0.5706646876756173 0.6749355282832695 0.685197589345741 0.6279374719819097 0.6252136175524415 0.5750545099137628 0.5486175325439974 0.5938591899644348 0.5617446700738143 0.4665830123659244 0.45667583323357913 0.4461385725905882
0.3694126562175783 0.3519571097667211 0.34429301828211295 0.3177914418382999 0.30843556647414566 0.2961224080988269 0.2933763711448121 0.27347821386320514 0.31807901655072846 0.3044747183542027 0.29671281132816957 0.34632654931036655 0.3496844711951455 0.37327943426139387 0.4192967151626364 0.4791562481100951 0.582313856948898 0.5787083166790086 0.5701143243135693 0.589083461825799 0.5556217440140514 0.5792139058903978 0.5523204732582225 0.5031329147157957 0.47109898548669293 0.5018937328822091 0.49397807547403894 0.5556786368087878 0.5532616556823154 0.5596076414197724 0.582454922086123 0.6589228097928158 0.7062381596836365 0.6912706861109127 0.6539616240294609 0.6320988877619583 0.6263432981338779 0.5950693848190962 0.5199192094495875 0.4711014380150288 0.42420379493994714 0.43985132474363925 0.4694607002953021
0.22780215641838708 0.2925913908178811 0.3222672906162347 0.31772306982160764 0.31249106936349974 0.2659890783223351 0.2924627846812998 0.21440764249245253 0.2103308384240268 0.27041249359418684 0.3051982010467867 0.33242092014244357 0.2771153383899748 0.3637206318532981 0.39728461384790437 0.49886094669638487 0.609075506841841 0.5829284398246933 0.5508218431706593 0.5479190264553484 0.6142804971444862 0.5936965120452814 0.6023899211861007 0.4706040978074478 0.4370544191960393 0.524882360906807 0.5418517426105715 0.4963073403472496 0.4710113806644951 0.5136304371301122 0.4995503447095831 0.5852215799631523 0.7510902481286045 0.6221499237669125 0.5912866811030482 0.5847762055496538 0.6630842273464568 0.5802707434890776 0.5789531187219622 0.45492584066364855 0.4078272319332534 0.4438277048938588 0.40705731397162354
0.21885727561274412 0.2557128006569204 0.24578025147419633 0.21726414392801457 0.2594669972088656 0.26094169570956033 0.27112597099180963 0.23321490534294587 0.2614305323132815 0.24920544343796955 0.2617618335750123 0.25913955747204315 0.2582728255723435 0.34250906171201545 0.4370150885515091 0.4668170711772463 0.5589832262881037 0.5597259967341627 0.5415767973583474 0.5664338754739868 0.5706260554926467 0.5664347610832894 0.505894154162644 0.5086792394673578 0.47200112791414084 0.46642122936392316 0.47866515656374425 0.5098210080018761 0.5002225594472788 0.43524919507407134 0.48980196146674276 0.553192347365936 0.5888645574384446 0.6245442274313077 0.6406446643045484 0.6046050429673204 0.5489369080376816 0.5548151986257603 0.5092189728299643 0.5161404439499974 0.41846559245171 0.4041485682068522 0.42519836888480383
0.16931247593792217 0.15876916359399257 0.15245908511678935 0.18869799920220345 0.13376647396042565 0.2161181164701503 0.22545337184476028 0.18945246244993458 0.24244725652658106 0.2310632787882931 0.17122664623431647 0.22039687857042708 0.27426879100331697 0.3029731149773774 0.3769543177211564 0.48175837969571633 0.49682838330702606 0.5397852832583545 0.5848503105550177 0.5576776201981415 0.48473605697121647 0.5445504641390632 0.4585334536931444 0.4648965261358322 0.4294178246028718 0.4719733656949899 0.4675705160479721 0.46657831645113035 0.4331031971918134 0.4855051955961273 0.5100160404089411 0.5797305312497039 0.5964981373018439 0.5817414274526039 0.6143238198464359 0.5288840379628618 0.5442585874018834 0.5475438483161519 0.506795478563697 0.46687620946550457 0.4382034082807501 0.40835979147102286 0.4079923115054071
0.15107090610437707 0.10139733345475947 0.1271417538913782 0.14971734147604798 0.10775243852292282 0.15324592194751732 0.1609530149645709 0.21987694299734956 0.25330883544331756 0.19242495338526194 0.1894358581838956 0.18342801752044316 0.21348157705210905 0.306612232654811 0.40590459737772777 0.46529696195891435 0.4597330074515736 0.5026583457810094 0.5135629628368844 0.50445082089903 0.5167376752275302 0.502337610618369 0.509183554518653 0.4800481327330848 0.4393094037953156 0.392742260957006 0.4001434802413059 0.42311314221155455 0.5086386003504818 0.5280952712294056 0.5393173379219806 0.6029818811312492 0.5911460277590993 0.5622833356722519 0.5744344811383645 0.5256390020211932 0.47339110443172966 0.46034514861794273 0.44790360928839257 0.46896502284987207 0.4426973438769994 0.3689123563970963 0.39551431461904707
0.10009545014600006 0.11337272477734138 0.10098224730396527 0.08733844454124692 0.07321358996598869 0.1559699627138273 0.1360071820601674 0.21987860123073324 0.20947259101545598 0.19884960239336774 0.2348519677028038 0.20247052109584693 0.1766500359459383 0.27959172745229716 0.38487312578934907 0.45366209673430685 0.46797928489374474 0.460142441513711 0.5161831769321162 0.4843832926549377 0.49859946971872604 0.49227130992710944 0.47660587839777746 0.41748263858197654 0.4269060064322678 0.4260933214478036 0.3866924093049734 0.41556990286220735 0.5133032891660109 0.5060580087578407 0.6010644640786604 0.5515735462350548 0.5488900440951211 0.5666703341028141 0.5890436513907668 0.5205178173673903 0.4703610757101244 0.4289009455298958 0.4345900225971817 0.39382910876826216 0.38190864653354906 0.37414990892452177 0.40854426322169207
0.0910587008553323 0.1156290108978008 0.13408269612698956 0.05717809975947909 0.11712856478644018 0.12732417853071376 0.17916527489786377 0.19516914320027853 0.16034385855332303 0.16949229860313741 0.20168675869881053 0.21244884087145016 0.25365197420104435 0.24848484558748932 0.31476162433012506 0.3456199124164324 0.366404941197491 0.381749841500938 0.3913086538748316 0.4663837546135811 0.48384026734552027 0.44271562331977543 0.4661452761187415 0.4129943654898288 0.3975023177768202 0.412567248775279 0.4127211057945937 0.42938718495482336 0.49627146928344945 0.5322733245071676 0.6171146991553024 0.5789792387646839 0.6078885927311972 0.5662459216597441 0.5537850498496586 0.4955860518792649 0.4627072126424626 0.46828772068136376 0.4253010673287161 0.45834790908227224 0.40651986975492965 0.4503762860667221 0.46435702608453555
