Raster_benchmarking/Raster/continuous/raster-178.asc
NCOLS 100
NROWS 100
XLLCORNER 1743166.2422127123
YLLCORNER 5469285.637359816
CELLSIZE 10
NODATA_VALUE -9999
[rows 76 to 94 of 100, columns 0 to 42 of 100]
0.6732981993044206 0.6907747244080418 0.7173158038288644 0.7394629975541233 0.7267007073676383 0.7183000218107727 0.7434063003718429 0.7227210035017053 0.7069507455146503 0.7091318491759657 0.71342718814901 0.7315040977347675 0.6999627253619893 0.7049533508436908 0.7083967582978328 0.7246530109507039 0.7194727261758994 0.6672822392415375 0.6544815045272314 0.6617694402255552 0.629233928435755 0.6116088582199058 0.5995626655672861 0.6263440865838309 0.6323081305231344 0.6411266019841743 0.6050558499098904 0.6007573918338236 0.6224761621803292 0.6081048857162733 0.5975638809049805 0.6173620579103013 0.6103805585108012 0.5997354222037213 0.6205722430678359 0.5941664169310004 0.5920644804576203 0.6294254600987634 0.5899801985985135 0.56027317848745 0.5481875312931225 0.541986777627296 0.5197184855733895
0.6698566590699115 0.6916286134922486 0.7263248285314583 0.7246098509934139 0.739582328074357 0.7189106004213853 0.7260186533749898 0.7208357951957096 0.7130072968572148 0.7070315017452945 0.6864376735862826 0.7192474319194653 0.7192251442292912 0.7085803547856795 0.7124201959646406 0.722941075848087 0.6982555717321767 0.6556428346449874 0.6487549540040471 0.6535848208638779 0.6233000449624635 0.5922652967006159 0.6086235357223913 0.6367569731564778 0.6293577228563386 0.6478252821234832 0.6274347758144071 0.6247564919037059 0.6319015269092323 0.6077243633366403 0.6146803950365363 0.6005285054705178 0.593912088062438 0.6038976105616812 0.5846999627549031 0.5960653151913724 0.5882210685603267 0.5773314954266844 0.5737960675012688 0.5559712843518418 0.5315597810179232 0.5233138135155001 0.5235220180967682
0.6744085370532388 0.6758436346587292 0.6909323171049561 0.729582277901524 0.7042279982707933 0.6988432561840108 0.6887498639513493 0.7254620559308519 0.6878054584381847 0.681924616685119 0.7073777993748017 0.7035159603473529 0.721204643815762 0.7356067866137883 0.7252291337178285 0.6923777163580002 0.690816696962855 0.6496552516323141 0.631149515251509 0.6490957793561807 0.6324413260964334 0.5878194585566345 0.6129469731089903 0.6022622472708496 0.6322092553911332 0.6286694405987319 0.6162190225804719 0.647941566197414 0.6547353432483799 0.6402571716649966 0.6007722519476376 0.5987453680199348 0.5807007791755894 0.5805832475817843 0.5638363548061047 0.5852815315733811 0.5851388688125736 0.5709072907276432 0.5537119349251972 0.5537185597439308 0.5602209499901677 0.5466347836798059 0.5569307925934806
0.6601633138526781 0.6705219431422892 0.6852364830685197 0.6777148699712352 0.6892744229354353 0.6597892976141196 0.6701227678132746 0.6788129570012174 0.701226046994896 0.6967840598704625 0.6853338689170962 0.6863163561805378 0.7294751144853312 0.7011662469788281 0.7219221678965423 0.6721403926440433 0.6432030486158655 0.6541419202753936 0.6458946262488751 0.6483262118932885 0.6349287031781564 0.6108424804590783 0.5802969883080982 0.58757231203141 0.5951372015795572 0.6000571174209565 0.6347161641565457 0.6434268795682467 0.6260923235100063 0.633191332554467 0.6077378553836645 0.5968192944351717 0.5846874793090754 0.565408303593194 0.5881413506160391 0.5758676305683899 0.5902284592831033 0.5955281812912628 0.5742045323719515 0.5757060634258102 0.5867062107014255 0.5773347530561677 0.5747524831494997
0.6478369169513267 0.6787949389232085 0.6756621361824265 0.6906699347833912 0.6854843885987223 0.657806052309361 0.6682834627018717 0.6762773581960224 0.673718373908933 0.6854960856497203 0.7061721720834437 0.7066835488583876 0.7223512625445017 0.7012796272688205 0.6963374585466153 0.6813930272732707 0.6620036101691787 0.6131448951928385 0.6448823265436807 0.6329050135184614 0.6095387889383281 0.5967460778684859 0.613893230556577 0.5780269207087313 0.60272522309766 0.6010147210562745 0.625391781374213 0.6104494079822483 0.610649410133137 0.6239687797112842 0.6093054791491364 0.5675146648161336 0.5854272131667237 0.5680490488169356 0.5549163143743682 0.5698704202047497 0.5932944967871223 0.6065180438652269 0.6124183526061143 0.5950927297546269 0.5948114225750819 0.5722272463288203 0.5608210830527539
0.6288894173627906 0.6365838372664987 0.6513110210124855 0.6782670064450762 0.6555199870900695 0.6863126664081389 0.6989570754068091 0.7072526651481773 0.7112688322866579 0.7197957391299802 0.7277276555019138 0.7253667193995129 0.7166540935987803 0.6905092424617747 0.6790865305085304 0.6942944733983856 0.6603352195710619 0.624483753408069 0.6036300272744998 0.6004629327488292 0.6176507346713495 0.6060558807032583 0.6215292601151257 0.5962044698310613 0.6223208096827876 0.6270045729050535 0.6167313650110555 0.6115263867240568 0.6327522435439802 0.6336047556251505 0.6145944163453396 0.5956897534052102 0.5851404184204612 0.5680563704982134 0.5618294620174116 0.5936145959730414 0.5912098477797525 0.6048226040689861 0.6094939000526953 0.5924273296407679 0.5969085629661349 0.5875853655740272 0.578934510125649
0.6110247455960097 0.5946794631627489 0.6185086914511101 0.6641786575837073 0.6700811656103857 0.6897404999446449 0.7074762224330653 0.7298654028100515 0.7182616947789353 0.7592304995251035 0.7628216708294889 0.7506632502012214 0.7340780845842769 0.7128810948498466 0.6741653529838324 0.681503928506848 0.6763710334122487 0.6213636723742241 0.6000755014411091 0.606290180958031 0.596463120385353 0.6080364264082216 0.6099177497084666 0.6430366485818066 0.6447777399305633 0.6126339425984877 0.6109829013560824 0.6491447067844636 0.6575125942118838 0.6407879834903739 0.6017058958824363 0.591723259730059 0.5927295543284119 0.5396623019294142 0.5550828346839171 0.5702430379797112 0.5715713300416614 0.602437745551239 0.5997695110241811 0.5800329021778019 0.5938781680127516 0.5915538737229518 0.5921070768364219
0.6136382197778855 0.6268778750811369 0.6352483816513288 0.6486880796179029 0.6427519520931356 0.679945573994329 0.67145780131254 0.7070973696115994 0.7479849485377077 0.7365088597953813 0.7679764781601817 0.7653759143248738 0.7212068567980511 0.7054355481329063 0.6852867974023013 0.6781359450011007 0.6811035471671177 0.6653661741942618 0.6261293159001015 0.6427097956409158 0.6337879321274597 0.6126753134117665 0.6293365623730218 0.6453228409736653 0.647288554701632 0.6469915190197854 0.6197034362222763 0.6504683094790152 0.6377054684267548 0.6476173597616758 0.6373637880092827 0.5905725604066882 0.5804827907968583 0.536011636740237 0.54928014690846 0.5461699870796513 0.5689491820737947 0.5960003967352294 0.5930973661418166 0.5898820418411941 0.5898607957083288 0.5924087646358495 0.6108124002404122
0.6082226842080387 0.6185529636470332 0.63987489619238 0.6503607014766967 0.6205391250047788 0.6387956000314426 0.6868047417838148 0.711263742210285 0.7177448885448329 0.7514277172187032 0.7478619363650496 0.7396968974163196 0.7054783785967076 0.7240869284519678 0.705051786038612 0.7010325424256666 0.687119391013309 0.6817171375997175 0.676751669986128 0.6592201895222848 0.6544173298367102 0.6191038779197773 0.6150724197108199 0.6336276604601564 0.630878642464884 0.6374045520515373 0.6478396081133782 0.6253478442125822 0.6657492702766065 0.6658485881153675 0.6388510386414732 0.6115727504890859 0.5922629650396127 0.5350113975491416 0.5636985518160272 0.5318555650395975 0.5326542595144084 0.5516268465299289 0.5719539940806961 0.5956647806448845 0.5928533540095077 0.6061387678749429 0.5975284908763018
0.6015334433288269 0.5936859369229291 0.6190051408838607 0.6457436380961031 0.6272500484097187 0.654662618594502 0.6889361287138975 0.6853183031857694 0.7111658887785742 0.7241470744215516 0.7178530993378989 0.7349611539575224 0.6992631400602756 0.7186943999874229 0.6772752427481701 0.689587292605871 0.6759896039424409 0.6663726096569845 0.6945194596124598 0.67350105050183 0.6490265370990329 0.672046318411179 0.6587434842720711 0.6266419219432344 0.631081740804769 0.6352091873620164 0.6554825836236781 0.6388146387101276 0.6609942467327022 0.6401548550188063 0.6361077499474919 0.5826701621439467 0.5617386899045126 0.5603095343782919 0.5600015640520193 0.5641560597789419 0.5575943328582939 0.5319880341943342 0.5559455284520525 0.5928805540556591 0.5970149301642936 0.5820728939954224 0.5969949376361058
0.5770025112584564 0.5734338352426009 0.5841913289013662 0.6329700705125125 0.6420315707543136 0.6345953745475255 0.6500019036605564 0.7050056888254347 0.7015586754264819 0.7324515707732889 0.7085494360559483 0.7057630300624238 0.7160114687384942 0.6897665235614899 0.6965078025752746 0.6770566779999465 0.7033824429874498 0.6952579880193159 0.6889054608311324 0.6656705012675403 0.670863399510216 0.714286839337865 0.6892846958254604 0.6536457415893757 0.6559016464943263 0.6491152784457388 0.6411981417281584 0.6603852164148092 0.6417815551810467 0.6548183521375186 0.6166963944743349 0.5970093592664228 0.5879102156270524 0.5733810708687035 0.5344165515848706 0.5358344965479135 0.5453088469159061 0.5423928314012754 0.5562769997804082 0.5916617981264931 0.5961354040032346 0.5810892090897551 0.5631235366047337
0.5529134315367015 0.5899277476077022 0.5763742103135482 0.5834690324529209 0.6197044580976897 0.6126862872181356 0.6496994401613176 0.666448713010291 0.6967995654062603 0.7014132942455383 0.7018191467318019 0.6860041496498951 0.6888215315334363 0.6959650423046096 0.6696000025689763 0.6710993869019861 0.7072390374262667 0.6924874236552062 0.6908198995497843 0.6828486966496657 0.7035312031054942 0.690893587597897 0.6571730040632491 0.651774142224737 0.6635930960555846 0.6825091650069128 0.6475922884107359 0.6568388240481687 0.6116665735997381 0.5937337254424166 0.5736447967095876 0.580911413999423 0.5572105613952198 0.581608068616136 0.5455207666727881 0.5324512769449435 0.5543626109035716 0.5199347725857133 0.5422775083225936 0.564117038706406 0.5587781979907965 0.557764412204311 0.5424356786631759
0.5809826354456867 0.5906815242790568 0.5574059137650187 0.5575048306477143 0.5780730038454966 0.584864020504539 0.6211949225279988 0.6424297174023952 0.6679901758366112 0.6985316636762651 0.7097152963318064 0.715803363205592 0.7160793179980685 0.7202085645401181 0.672864434041318 0.669244265005543 0.6807604569782759 0.7199945627756088 0.6884610262493572 0.6857681301689541 0.6974436128801184 0.6679238739296651 0.6848157728794011 0.6606253119118535 0.6551213511381101 0.6888627917989915 0.6630096035319516 0.6259469973566764 0.6016179078075581 0.5692414202236378 0.5399811882226103 0.5555850975884647 0.5742281996072867 0.5762665873258592 0.5870643154662082 0.5701586938055608 0.53017429119308 0.5142733881474328 0.5095158961378805 0.5265660386665091 0.5291805882437686 0.5024515394343493 0.522517040565652
0.5646196028488505 0.5633427818843859 0.5686551686455568 0.5661640091615016 0.5783036300770191 0.582901172189605 0.6132771716409542 0.6357753178475645 0.6861389752411365 0.7092704750109784 0.6989387257679847 0.7006640729184247 0.7232475204422666 0.7093356582639411 0.6953484611034311 0.6975312599595243 0.7084965352113642 0.7446058915755243 0.7320451994610289 0.7192172970776952 0.688428185285059 0.6923473392128843 0.6794026130323851 0.6585496327978274 0.6788112303610639 0.6755596382648729 0.680561597697737 0.6376970907288269 0.5919999374340743 0.5627517075934908 0.5377502228617211 0.5569735308797832 0.5575796723903571 0.5845627494788548 0.5830885420026564 0.5864410912381787 0.558796301416917 0.528235453854377 0.5119573986209612 0.4974357187032624 0.5015121515449052 0.4998939466522248 0.49853395766371694
0.565956754750259 0.5595868797814627 0.5637706925399601 0.5423422940942396 0.5474496041465667 0.5854212497589504 0.6036595060349665 0.6159003848413527 0.67201133204546 0.7503617573105734 0.7203659796974302 0.7121569530151513 0.7126347803029303 0.6659935213717875 0.6770711757759847 0.7134216845738168 0.739866962008573 0.74914642966812 0.7417013832856256 0.6916823219443324 0.697118806936682 0.7220521914682787 0.6800689464373247 0.6685811138353399 0.6628242841783498 0.687714544588139 0.6571130236393397 0.6379342648328693 0.6217067039279759 0.5638129637684102 0.5375038254172873 0.539226687961287 0.5447632261629581 0.5523725967683522 0.5888110093409098 0.5860668531632853 0.5650900286844311 0.5311162061526146 0.5252505817723752 0.5218183197766875 0.4902262744656268 0.47267445566401445 0.4771883505063069
0.5765881195091401 0.5737275018839704 0.5426497143842597 0.5438486691982931 0.5631557971744614 0.6026694868356918 0.614273008631953 0.6061135694299397 0.6512482599715388 0.7028322589615902 0.7197398599948235 0.7065120087125358 0.6745420154342628 0.6437665733990441 0.662381578523315 0.6695675214503707 0.718410433869405 0.7425892901414924 0.7258214957999921 0.7231997439212728 0.6966146826841991 0.7176951074884557 0.7088845934522253 0.665428772181554 0.6781965104650778 0.6457167394328236 0.6390309678531227 0.6434416188627171 0.6189264566833306 0.5863045541753467 0.5531258255168903 0.5302345729465462 0.5468158286485054 0.5566944367904515 0.5587079358135081 0.5474040204134887 0.546200169356367 0.5306999818210845 0.5005788820792583 0.4932423026330239 0.5028798171421774 0.4556157084193805 0.45828474436338984
0.5733665582001044 0.5734147994740644 0.579025189586683 0.558503769523238 0.5626982268389688 0.6066814940234281 0.6129885356089224 0.6251237305712748 0.6487575599866006 0.6949615007416329 0.6993787411943901 0.6754992715019175 0.6468982940491625 0.6368888822784295 0.6558860493604461 0.6593773075987815 0.6681875221110037 0.7061373652409361 0.7187702716443009 0.7061419956057403 0.6925393551681536 0.696513335129629 0.6976988324381806 0.6831416355490986 0.6339719550337599 0.6210800922073029 0.620695536427619 0.6127857994851369 0.6176303193006663 0.589117652782861 0.558315112065018 0.5546719776883597 0.5646851569061258 0.556668347124445 0.576265385927917 0.5829825480673823 0.5255545167941191 0.5112401821977879 0.4842441273401736 0.4842004658860297 0.46545433648993334 0.4669586920763531 0.43785967864011865
0.5762512936721261 0.5874239925220875 0.5935041557083582 0.6067788840241771 0.6031984912287297 0.6157515848638166 0.6144841673875514 0.6145085476862922 0.6383797742098574 0.6512243133823251 0.6591112854703856 0.6427529850114182 0.6369779467812358 0.6206536821577527 0.6207657551544147 0.6610408409863493 0.6672238124897966 0.6702791810492035 0.6583799437842002 0.6517158203821314 0.6552035990637992 0.6648309269519923 0.6622069741888928 0.6299192960891176 0.6159489501199141 0.5895442900031796 0.5810476428750645 0.5824395639139156 0.5713305452018898 0.5656936588269402 0.5709479835779295 0.5390141498825036 0.5403430018592091 0.5859203233858323 0.5898058740176801 0.5638404790005085 0.5371915135171859 0.4960257424697668 0.4762686916089482 0.4512271926845639 0.439810701601301 0.42688322562933045 0.44833757901073157
0.5744891057424603 0.6125241894601114 0.5877224775225075 0.5898480772307542 0.5938750504150268 0.577953803410113 0.6104142272040268 0.613571898569449 0.6225693482600432 0.5872485958907036 0.6192575027994607 0.6172904410431488 0.6009569418220184 0.6079935863088096 0.6328192612339798 0.6340778505011024 0.6596866600373243 0.6569458001088119 0.6518455286518389 0.613775066819715 0.6021461586687321 0.6118760958111423 0.6279877338587608 0.5981614368743329 0.5825020785630696 0.5968170905801438 0.5930115090456067 0.5648485822865202 0.5586901602003923 0.5880261066542214 0.5739579302834189 0.5320434376823562 0.5538429369968197 0.5836957582338208 0.5639976586801133 0.5662569315880212 0.5492758266591474 0.5312391236113251 0.46982994266856337 0.45505598904227035 0.42127314281164085 0.42981280222969614 0.4251881226662577
