Raster_benchmarking/Raster/continuous/raster-313.asc
NCOLS 100
NROWS 100
XLLCORNER 1743157.3793844962
YLLCORNER 5469281.301033156
CELLSIZE 10
NODATA_VALUE -9999
[rows 57 to 75 of 100, columns 0 to 42 of 100]
0.22993897954267362 0.25139379992307076 0.2239035345149062 0.22769527814066598 0.22448341086465903 0.17937289712113968 0.17512956014867856 0.17384915305273704 0.19244960417279955 0.21342290219095605 0.1974370860474943 0.11675892259475538 0.15141760204708152 0.19542092138393377 0.22671980670138497 0.21441866728368167 0.17576471395005852 0.14731036852049262 0.2048714841025161 0.1779048189574688 0.16666664708974754 0.16271031510232103 0.2055282062316248 0.2325651559421397 0.2106183996185927 0.20210055187043713 0.19652110494908026 0.14195987333280968 0.17580334807351156 0.22763986682716789 0.2171704800097567 0.19079409627149754 0.1682737629550592 0.1267790796997997 0.11599827716260946 0.1357574620662049 0.17325305670951582 0.14782250019263823 0.16729226110747497 0.17456522649183226 0.16166560269744346 0.1604612383194849 0.09669189887824431
0.2084814898172509 0.21781164010720394 0.23988270598119302 0.21762442436816454 0.24171387153947352 0.1818027741044767 0.1509745253569946 0.15017715062004922 0.19749270535457544 0.16801769234241556 0.14045509679949006 0.1477501777069272 0.11918848799377565 0.13031801987589828 0.1660248621801893 0.18624034104963647 0.18068900866501234 0.2117455630038589 0.21494136693801758 0.16568118341536678 0.16273147746618807 0.15060786177113902 0.15880042805227035 0.18338859144944603 0.1723349510375138 0.14800602547145508 0.1171950688823372 0.09084258540048068 0.1409594854615801 0.20483342581006084 0.2219373103222094 0.18895950221969102 0.1957677126111464 0.18445563284695468 0.13055376310484074 0.11986722548936524 0.13804820107208857 0.13470573621091952 0.13542760029683634 0.11449334346758067 0.11353205784400562 0.1340881117566453 0.13752917028855763
0.24711135667331433 0.24007676166681946 0.25153982158373084 0.23686844578763516 0.21213344828179584 0.2049283080119928 0.17229196743907726 0.16573100381858222 0.1661450995624509 0.15834276278499815 0.16666667985167374 0.11806078055625341 0.09135927450177533 0.11887285072215255 0.18377982602485793 0.22013977298684556 0.22001665182961067 0.21370788211050784 0.2218399128669182 0.20068604866960618 0.20251474034827707 0.17089556336981543 0.13686335576558875 0.12867099676385219 0.11768448672694777 0.11357607049631532 0.10067257798894944 0.0709374637013808 0.08689192796317696 0.15531724469943403 0.15343299917605974 0.19078784148035097 0.16939295095651638 0.15906559566078055 0.15519012564273468 0.12152615622969713 0.13343105763371316 0.17563120427124884 0.1180320818752001 0.09713026429301792 0.11512343453396055 0.14017429259542727 0.13104052274767702
0.208009715792026 0.2689938289394911 0.2670115006094575 0.2738885308294424 0.2240897091287748 0.1882059500060461 0.16662556298778686 0.16527268198726278 0.18088420477572925 0.13430938771978115 0.12575359253702798 0.11073441081807266 0.1183898631351348 0.14069706715594085 0.1826001507672363 0.20166679719589767 0.21263099288123988 0.23216917164803366 0.1975075132015899 0.17310235395991866 0.2048530118715562 0.20403118344286808 0.173972896887435 0.16015227939989657 0.13021702417534944 0.09193125312519376 0.06941757754160728 0.05909960725102746 0.09621446794789565 0.12308804964789062 0.13414783491828322 0.12246036430841975 0.1361635524221048 0.11939912618840874 0.12972499961257059 0.11993151117888473 0.13126907401159932 0.14558780743528577 0.1379318191969521 0.13571251154756872 0.10410161013014874 0.10984754033800842 0.10811144743615425
0.24058037917405728 0.26584103029741224 0.3062169939290701 0.3491275206850164 0.2549396608858128 0.22463894954050473 0.1805589781259593 0.1666575735782294 0.17193630333039456 0.16897094377484378 0.14349595932209372 0.07541637765742383 0.15220500504753606 0.14735348871400078 0.1954368527140477 0.13897244961224794 0.1730448865603278 0.19921544183870296 0.1885029056953702 0.21169443815504901 0.23045289193667245 0.24737325085712872 0.22315617817242336 0.18627932836540984 0.16226375600108792 0.10088881497042348 0.11176372866572498 0.0674303432103945 0.1136687881999851 0.14430935627156036 0.15602018692607963 0.12129005761701486 0.14130904036979852 0.1395344854626853 0.12351277519244053 0.12447499035609373 0.09705259226790157 0.0992982161774189 0.13286835048483037 0.10431728514311116 0.10037214044975766 0.09397949384738935 0.11695295170101606
0.1984092371594745 0.2761995468885214 0.29353944807733046 0.3255222621076969 0.28743416202758176 0.2633157067069965 0.22055793088171488 0.2588855357300123 0.24345031213597745 0.18493040805529393 0.16194144073536798 0.18524385136650726 0.1428400769878059 0.17649381851178905 0.19601784177835763 0.17383523154165248 0.2010630726577006 0.19789801614589583 0.21522440014507097 0.25088173555956006 0.2732374336061364 0.2175725960735796 0.19349298144236593 0.15487056061237187 0.17377036830329762 0.14651741475033414 0.1204625481416894 0.11483502868534158 0.12244193062910115 0.11944372377230135 0.1248584052004112 0.15843039606877055 0.15330418153445272 0.15975618942360395 0.169193139520853 0.14195175339853366 0.15054863348800213 0.16537194438605107 0.15586043806950362 0.09794058524838785 0.11285868420180638 0.13417331356916032 0.17115899412793908
0.2407751153985941 0.2674798281650337 0.2772753781695192 0.2745233334586034 0.29925949037279065 0.2590296068261255 0.26695127352345727 0.28352063573908315 0.27394579135643105 0.2391637972987273 0.2297182781799421 0.2517343128770829 0.2005096036940366 0.18989229638959798 0.24580825389062552 0.24374370276982996 0.23325535932806507 0.2841807077656703 0.2758285779442416 0.2720724723775031 0.2778378912770042 0.23953214057218833 0.21822243317975581 0.19258706336953066 0.2167228240484522 0.1951740082545974 0.2195564188784142 0.21019537156494264 0.16960279370937822 0.14311538430752704 0.19265763158968244 0.2051652475984037 0.19066178594983843 0.16444373515351116 0.15641273341411613 0.16416527673857875 0.1529788079937631 0.1707052249337252 0.16348405216461864 0.12768800995649326 0.14783372771097605 0.1789070968240991 0.18664783328925127
0.27836385197262453 0.27045127536456504 0.3326890022267441 0.36289733474293784 0.3433529777517676 0.3165998976100764 0.32025593749453823 0.31306760628880137 0.27644329922392413 0.2779499406781078 0.3263641160062323 0.3280272162542632 0.2888344893626776 0.24028332161580637 0.24959546675800076 0.28826645331828765 0.3296591558430666 0.343464088660881 0.2991783058151746 0.3180643532293552 0.29601286253972353 0.27011994196380357 0.24427234391306235 0.1992518150523083 0.20350320668453592 0.2573412654376286 0.2510876410667688 0.227114776349328 0.22244085175639627 0.22605897489867738 0.24141781815532412 0.2223656934762473 0.16300124500121466 0.14232406328609076 0.17074900715555832 0.13725936943941894 0.18214668888178856 0.20178383414732662 0.18282873333781038 0.16450499963149834 0.15935034951542007 0.20329663089965824 0.19275635965481583
0.26594577717040124 0.3053900566017852 0.3288433157241783 0.3985507758372422 0.34580095193392596 0.3211845619787254 0.35119162020478983 0.3340274932954108 0.34138606006171063 0.35826660808142624 0.3216544204754256 0.3495969887985086 0.32441997044086923 0.27177929216604196 0.29743066489416614 0.3146516049916353 0.3113344765187397 0.356228163913842 0.3451631695730009 0.3046783072375106 0.2930386742029662 0.2527194775347843 0.24592973224068826 0.23854139840070454 0.23229829050368161 0.26638989025845033 0.24905129271000281 0.2620060501340217 0.25865928244819264 0.2677735462053976 0.2247936210160539 0.23075643060473702 0.2009970410036494 0.16609464878550206 0.1958576149385942 0.15316383052598667 0.19630122800627314 0.20059117255713985 0.15318722884951166 0.14339863195883443 0.19374724751886543 0.24134441878308274 0.23604123180269404
0.3341190057438574 0.3415263817092768 0.35622852366894747 0.39559678480340255 0.4105395252600252 0.39152696249899377 0.331967848410854 0.3667158177765639 0.3662687041740262 0.3504104466459828 0.35830310945068755 0.32537338907174923 0.33585776791198974 0.3440006904095907 0.3167894075931475 0.3613139658501923 0.34636130316873287 0.3414411598080161 0.3325799297840444 0.2974243648354115 0.31694734280974146 0.28271340554628765 0.32036165228798225 0.3234398344710055 0.2696447469175683 0.2706351107968836 0.279778552728608 0.3034158177379018 0.3151347012272647 0.2558509765619536 0.2371621557767479 0.21283925319503735 0.2475041603018531 0.19454786713021427 0.21830635178122476 0.2007419024345243 0.17076186286627282 0.19190143574265797 0.15078226546007933 0.1403753186902655 0.15540962513397122 0.23122219058058346 0.2408956089399639
0.3053572121622003 0.3181973739245353 0.33886636353285815 0.39543469642083273 0.43045114833215686 0.40094213060300526 0.3698634751615904 0.3405008161220167 0.33811682756870187 0.3673204059142765 0.371123888175507 0.3827049412467014 0.35747586154183164 0.3961400569805455 0.34900000228057926 0.3909341509280926 0.3605585829409355 0.35917541108262946 0.3648552000565311 0.3337280825513475 0.33957751639161016 0.31439152468823967 0.36869711502807184 0.35555318101553335 0.3056132284214499 0.33298769673770245 0.3310563067320095 0.36728354637059474 0.34838502379347935 0.297334336163857 0.2577197921916337 0.25856451879129433 0.23338186592329596 0.2593451025987225 0.20250615547305087 0.17772143681219305 0.16838735840149413 0.21217314519809005 0.15019514190515615 0.14488524457172347 0.18564462922845085 0.18162821725717537 0.23099584434031922
0.34383603213415476 0.37169466968370707 0.3664649860937497 0.3531791706672792 0.3945626930035939 0.4075425498211004 0.39481119070049603 0.38521248713628875 0.3727896342041961 0.3842204113680546 0.40967291479117596 0.3915862982994489 0.3893704630428209 0.38639380908529575 0.384703153066909 0.42782683963651114 0.41486207588071405 0.41594894888716727 0.3829349924182595 0.3960193751075219 0.3574590200074687 0.38497510166510923 0.3859596441987467 0.3721396125343098 0.34766578532867876 0.36324622260733846 0.395600014398779 0.3932776820089342 0.34411981690851434 0.375276397166496 0.35497221159616416 0.30286551921780347 0.2678274080793253 0.29591331462528764 0.24642549983392986 0.2417040362891451 0.2083220310714767 0.21841858167950529 0.17775857519815078 0.177247059066102 0.17061682604500755 0.22160988742085155 0.2624225326768649
0.40806593594564977 0.39553132780353467 0.3746422182806866 0.3298610361437249 0.3848566362744109 0.4143511910884307 0.4194663940082591 0.45355145302247973 0.40221428626659234 0.37948386100832326 0.3873159048494944 0.4288855151247709 0.43564162488084784 0.42190532921153384 0.4315996088838707 0.44411703099170685 0.40821722374715025 0.42493658865911654 0.3941289339490626 0.38861346753517845 0.39351284145496684 0.389509215476622 0.3925724367225651 0.3634790338298359 0.34695381984726503 0.3835766151996269 0.3833487059167279 0.39152532652021715 0.3725364957711308 0.4116342062935638 0.3590879979131457 0.3773209343674747 0.3021027371000084 0.2900679805556937 0.3115117586037679 0.2896083184957118 0.2534975388518226 0.1984249769571654 0.2042094707354238 0.1893292470540848 0.21668184559057652 0.270291550098095 0.2523642907996703
0.4582025868879773 0.4135339296331561 0.4081563925181811 0.37900268890950656 0.39885153208039426 0.4127016974486599 0.4523694396897208 0.4588327114654323 0.439943372291348 0.4087434443098233 0.44800426621255685 0.43618885903023435 0.40313544432611514 0.42073445743341464 0.3874417453828987 0.4299734454898876 0.4094096779475574 0.40032482678996506 0.4002899053513763 0.40755360005725944 0.4005188680751639 0.4057132872031752 0.39069633640359985 0.4231126136190254 0.38293657480186055 0.36862121457165686 0.36564036145857864 0.38219867536847735 0.4011351278625404 0.4230324017271405 0.41240219196976746 0.35982843326083797 0.35762522191454477 0.3451612910536816 0.31725497096885613 0.2831350069905658 0.27169324259326316 0.2553802478793739 0.23006588392011296 0.27184918607834435 0.28064739025714774 0.26511171807210365 0.2510963465218099
0.47105276150099323 0.47735651555573216 0.4063397949748915 0.37476856928085656 0.3916198924500767 0.41993171077824765 0.45109681475700025 0.4236520898712833 0.44448040069960026 0.44311473510945365 0.4329809353858931 0.45596514800122157 0.43792733593503536 0.3729519254333035 0.3458435983062472 0.3767260272947871 0.40129206367579723 0.37682995987915385 0.39679373301577214 0.3945431269213202 0.41425270976889655 0.38563484078520927 0.43750881712021344 0.4432671113879254 0.4252658834012339 0.3753752621134638 0.3894161031521952 0.4201779701774466 0.4442780497585844 0.4174356006141209 0.41611393799083435 0.33174398525350735 0.3371891518844859 0.3437088561552111 0.36417478420303717 0.3625647182529536 0.34028179052636615 0.27505613328751227 0.28081515967665993 0.2899717856324542 0.31037977286291657 0.2702369276414591 0.2506748156172018
0.49909104829806905 0.5079435947842028 0.4463908749801968 0.3957190689501094 0.40669140750532273 0.4110738348700735 0.46649110398231114 0.4412161683879198 0.4663106679203193 0.4409125200017126 0.42489920821746757 0.4276069764956428 0.3986391508127677 0.38470037107190286 0.3525424888262457 0.3398028673800743 0.3854176092849084 0.36932450721166327 0.3904996981397587 0.39714970611816214 0.4362374810920168 0.4221744896434451 0.4536329714578395 0.42790213639976454 0.41074309926991065 0.37316494836111336 0.37616335377131177 0.431842912297273 0.4492719957699187 0.41952044280596873 0.38946548761695526 0.36200179915382724 0.36274270770390116 0.3481831376992969 0.39093461121903095 0.3984847637492916 0.353789369773481 0.30428261433896836 0.31066931217031457 0.29985227417794885 0.285805239865034 0.3079405144132848 0.28341851426923004
0.5271013902241491 0.5437292467815914 0.4492429861878082 0.4159449733797646 0.45300194279989753 0.44086872836995933 0.4336508038910274 0.45651796204419265 0.44438230286346303 0.4812934956715797 0.45950011371336585 0.4267430069049899 0.4036647772571828 0.38109907879240795 0.3448422728990305 0.3174847234853684 0.3546436493262551 0.40540903213379487 0.41689948311188363 0.42595159800142884 0.43178393836420065 0.4673817158626061 0.4938778759670886 0.47999729206785735 0.42225492711505086 0.40437512172093787 0.4224808992991341 0.42445599032534365 0.4031460738559724 0.4414003637575722 0.4301468534619873 0.3774853193446768 0.35509327590349404 0.3703480722035329 0.3498526706386143 0.4006544779935827 0.3554745512607518 0.3677605171815163 0.30015386303034325 0.2723044546133579 0.2721886394263592 0.32007310433005537 0.3086981382323216
0.5605346299221334 0.5189661115808836 0.47687162904376484 0.45478464698474114 0.4501743732317537 0.4721844618160108 0.48793771192102675 0.4612737869642346 0.4587921668520671 0.4290134274838624 0.4335395189249203 0.40823501789147026 0.421763393627608 0.3966709959525386 0.3879053509014993 0.3466627570988154 0.3942444339930534 0.3736692543426913 0.3874557543387793 0.38291214142992785 0.40758698154071965 0.4473087811956266 0.45562019245640084 0.44393489202318404 0.42799797418552554 0.43920832788933645 0.42603984289333846 0.3909565243021595 0.4156370761728172 0.395775795300486 0.4388966468298597 0.4166108015396555 0.4117987648997307 0.3637471143294831 0.36067777873591456 0.375005938840124 0.40086190760403584 0.3863374361376829 0.31486316276766074 0.29057201406994937 0.28913000003988154 0.33857421385131914 0.3248734575925625
0.5829523319875909 0.5606489676358672 0.517822342176284 0.50478046600796 0.4829349663831429 0.525895046464125 0.4891458038401859 0.43684043724852356 0.473912503575323 0.462858762209788 0.4119633925248511 0.42812351938887927 0.38827094422904923 0.4023847174284536 0.3727447126924529 0.40232674128893636 0.40251664662324005 0.32551302216900785 0.34788261897283845 0.4159295899595403 0.3840270810493969 0.4424085210376774 0.46316412198992557 0.4081843953827934 0.42366799442372866 0.4526600844495925 0.4074721981649172 0.39042975330323404 0.4274450410732575 0.40487665181104726 0.4221327779308882 0.42797117151638003 0.4144009721736907 0.39618903803270306 0.3659693921214772 0.36809799186338626 0.34743213259551636 0.3484732008960589 0.3219004024872282 0.29968134220895354 0.3091460195700795 0.30828862536306484 0.30849901613651076
