Raster_benchmarking/Raster/continuous/raster-313.asc
NCOLS 100
NROWS 100
XLLCORNER 1743157.3793844962
YLLCORNER 5469281.301033156
CELLSIZE 10
NODATA_VALUE -9999
[rows 76 to 94 of 100, columns 0 to 42 of 100]
0.5649185799182096 0.5778305695938435 0.5831168752146698 0.5988286570776881 0.542804749233534 0.4950143326166721 0.496021919203587 0.45585758330614423 0.47396177412356655 0.4349600605511433 0.3957170194730036 0.3880236645430406 0.3595166127810435 0.3537504836956749 0.3572147585565631 0.3755597529635597 0.4066859926946364 0.34970127953290703 0.3867972573370844 0.34736374176447804 0.39013593945840336 0.422376104325981 0.449373556871443 0.4112954056383785 0.408395054268365 0.45917780856158036 0.4330730871687537 0.4415344304673796 0.42028856782577706 0.4068162801854854 0.4165099081700831 0.4619372098772492 0.4658403123705965 0.3908620817891664 0.37761326875441625 0.41150322539886086 0.3519336017352573 0.3415951017102454 0.3497752593967816 0.30276561253805184 0.2892337950489915 0.2984906572851418 0.3074564877178406
0.5581772551158444 0.556457771936408 0.5975888715135359 0.6488913722826299 0.5638369250205513 0.4940804083569364 0.47375799245300965 0.4357327217364618 0.43269041871059416 0.468133099954549 0.43336742959718494 0.3191937418465297 0.3588559601488212 0.34072277803259204 0.3906356960936996 0.3813529104430251 0.37149895120209386 0.40096013164362887 0.3854663476532591 0.30166905106297176 0.36621009126248105 0.4253543773373572 0.4177544320062029 0.4318595033526362 0.40693681300261164 0.4605325033277521 0.4815882572573825 0.4924090165891261 0.47960268953647 0.4345707811283379 0.48364418731341785 0.5167974680325541 0.4767436586521756 0.4316646484413829 0.4272071771718755 0.4246724417701052 0.35706360219552413 0.3311564701670129 0.35500298381373196 0.31515430801650046 0.3111668968789491 0.2983297478861592 0.2936857725197638
0.6105393314107773 0.5870885463277637 0.5780012854490822 0.6441402830883317 0.6157815534529322 0.5440002010384978 0.5324438233530293 0.511512176078906 0.455834965973267 0.4292487064921672 0.43160170950689236 0.3419297221916196 0.34035420434866637 0.3730499588423479 0.35986739166276166 0.3753170169465252 0.4236058697888792 0.40856852701509927 0.4057702052920017 0.40764371917894826 0.37193955096691395 0.42421807884826784 0.45898971926406273 0.43679045926378307 0.4348390027086009 0.419610725488836 0.4516804351789457 0.47486192645320907 0.467339463573784 0.4377339695575028 0.488013292101971 0.5145527350627429 0.47807752656204244 0.4190413016675329 0.4357470284031213 0.3846131478701117 0.359771417243102 0.36586447964718594 0.3163407487819744 0.2857170308360471 0.25883764056005504 0.3119203089621965 0.33347622709974906
0.6044534001484894 0.5853074786071598 0.6191053082982444 0.6195486724677999 0.5933233661761504 0.5744666392343717 0.54421908712031 0.5266852435572489 0.5065938496515604 0.4775871034325402 0.4547998169758793 0.35866249795615657 0.3574501804300295 0.3955942504143 0.41392701294643713 0.41766148388021984 0.39794887835147424 0.41115281485180094 0.4528465788260057 0.45002464416373195 0.42334319557998495 0.3915446082751162 0.44426700493939736 0.4602582134448888 0.4458413872188519 0.4229753612179572 0.4551940427428079 0.46354619989110474 0.4345158056048674 0.442605259666735 0.4918842624929773 0.5291325412166932 0.4448575794093483 0.42404134209912314 0.43779899076081613 0.360904166864394 0.34714491879331516 0.3306614107121561 0.3033837371196986 0.2705115540263434 0.2960549171575619 0.2776769373753676 0.30891194403603234
0.6254558086873643 0.6389501041153612 0.6010217975761406 0.5984002322359858 0.5734105552524345 0.6037480625702643 0.6039731856807135 0.5514191544677225 0.536871176516199 0.5098031409332991 0.45830286227540595 0.447800611694226 0.44456934786413704 0.4504016417687365 0.4587626892078299 0.45934687106066246 0.45394231142965374 0.49887922535818957 0.491279851352677 0.466258507521434 0.45124701137636297 0.4409512304540677 0.44583959229996883 0.4433667849283628 0.440476554799359 0.427176237137298 0.4611841964852224 0.45770455314927805 0.43512960964334507 0.4803836326343824 0.5116408571536959 0.508068061614243 0.4609186237126075 0.4494583096078954 0.4176094667161403 0.3637966046451988 0.3357836028692066 0.3441679267283966 0.32518931185493616 0.3428924975069034 0.34427488095468006 0.2933431799948024 0.3278649717736738
0.6436944746284184 0.6554965705024747 0.6458561911816145 0.5995336861025196 0.5927984781010788 0.5853036906908817 0.5812325034030009 0.6456626458423372 0.616077306220963 0.5790710899883823 0.511280371868731 0.44460915462158307 0.47935844988361725 0.4556028712413152 0.47623349143409166 0.479337994803358 0.4791844439135888 0.5156127303888758 0.5067001852280736 0.48346941057239273 0.40606638329615263 0.41314101456131547 0.3916072753020774 0.4236393133460109 0.4564727927625306 0.3958578634728827 0.41444198849310376 0.4414877708104136 0.43211979050329014 0.4428460557253401 0.5201786956272881 0.5206261930210574 0.4589296171127621 0.4399902534081274 0.3904632024060298 0.39283595289356843 0.3559356967056921 0.31421447602706704 0.3394495625356695 0.36823603454172 0.3265087977588413 0.3442272818448223 0.2762857839445671
0.6544561964400623 0.635468364273917 0.6542234422884861 0.6360444678845107 0.6242307924325133 0.5816252056569022 0.6098710793887584 0.6581956631098218 0.6296276420348664 0.5940591351187295 0.5586503776935884 0.552018659768076 0.5095822879258886 0.5235201981693486 0.519934360830586 0.5059078954071674 0.4992362078270719 0.5150582420939696 0.46374872326219285 0.4619013254032204 0.40003322095651983 0.3692319288447967 0.3812394780939977 0.438871417873151 0.4388824271801257 0.41502458151488897 0.43758493292245554 0.44939622804525586 0.4766629991127791 0.5095078243673501 0.4861934000322779 0.4800917962438944 0.4645112539949726 0.4206280053261306 0.4059378080089645 0.3732929672853251 0.3876705761629963 0.33200368809947745 0.3359226411880472 0.36774023365212727 0.32476696353425394 0.3009043895731478 0.27368455935263336
0.694150528176233 0.691860605555839 0.6462100445128329 0.6629994127702721 0.6376184452707974 0.6153340201643986 0.6576211034342729 0.656714473282282 0.6547612637168213 0.6233729841412186 0.6143338985477993 0.5745720217445301 0.5573348153558851 0.5844691577301272 0.5434692176315695 0.5715866291805964 0.5535190483848107 0.5009885388984651 0.4446776042693506 0.429322782119026 0.37882239000100243 0.3827455756486359 0.3746227479299612 0.42919119317152393 0.4294613175954061 0.47470952594884563 0.5100484642233032 0.5313760534212714 0.4870053036315961 0.5104953258514696 0.5086907671898749 0.5127787204897059 0.4623267544575981 0.3972877247366226 0.3952805330520156 0.3536936350426895 0.33212718831773874 0.376409484649375 0.3514147829490654 0.38838727696652164 0.32526447734256514 0.27111654891482956 0.2945326074351664
0.6810927615561548 0.6608950444110699 0.6787358138891731 0.6513933446574942 0.6711005887309596 0.6501660916066486 0.6482376287526628 0.65588291772879 0.6511220363974627 0.6140861589676158 0.6321160594719795 0.6230278077123782 0.5687321763455778 0.5753715341248714 0.589060681011486 0.5656001391626347 0.5564484089709815 0.47686645468728023 0.45295070253809316 0.4295913959144289 0.40416563910765924 0.43211306480022044 0.422110806882239 0.4479797441755251 0.4486996600428641 0.4798539975869644 0.49466524357632985 0.5268566152610432 0.5257303835615383 0.5461276255920559 0.5427598767649721 0.520074936050684 0.4634139369858025 0.420907538055462 0.364445126031996 0.3142293824645712 0.32409975142822495 0.325642965097557 0.3325932804737385 0.3497369049501237 0.31437807159618103 0.25840443041405403 0.24709693170218106
0.7002048183113987 0.7053502203103378 0.6922829617741548 0.6989530134136697 0.6648380541133553 0.6199755021743237 0.6494614797456937 0.6061955045333605 0.6193399626472756 0.6098340286849511 0.6428015135586274 0.6309100156090404 0.6037565585560313 0.5895400355045961 0.6184209518607646 0.6157750530254286 0.5336261763027208 0.4993309457370743 0.4513431503120827 0.4110241316589479 0.3937630921045047 0.4207594784564684 0.4315011129405758 0.3890672407443724 0.4773822574259159 0.49011237286769227 0.5141725625804986 0.5018975253315925 0.5433517185734091 0.5710006180286421 0.5430502631812842 0.5462627709983443 0.4891445538332737 0.4572858756752297 0.39457648455966504 0.33947205221418403 0.33708188261590194 0.3349233638134418 0.3658481776167895 0.34945187436935404 0.3003060943060908 0.24520450828702436 0.24262603257545332
0.6923944976994187 0.7300624997563491 0.7035891346613654 0.7343697127105505 0.7080080644269066 0.6468886412088758 0.6557522952231145 0.5858870267525078 0.6137779946073043 0.5848421216082673 0.5739240064715639 0.5752409481825306 0.6010246138508382 0.5774376962364247 0.6070960470659877 0.5709783549683755 0.5337663024414241 0.5396440506596855 0.4992023079258046 0.4569028416953215 0.41873364009392966 0.4389597511987662 0.4166083743594215 0.41115254841746984 0.4611743767433531 0.4408662268415771 0.4598291357893248 0.4795132538449917 0.5244959526427672 0.5516098548096331 0.5354155509179996 0.525280033674875 0.4604130361088389 0.4275156366196286 0.4157915772223723 0.3795828115301901 0.314195320680016 0.3037698531610408 0.33852280684315944 0.3475225414201635 0.2778268420678802 0.23551728568219282 0.2715350045351059
0.7196686632049659 0.7253642492419365 0.7538555063047023 0.747561873732763 0.7177116451284644 0.7166054450408702 0.6343981184379803 0.5825693334643505 0.6158253578758583 0.5875156631741353 0.6123392830190756 0.5906680204120631 0.6077193083121839 0.5751020622382265 0.5580964495493346 0.551845526113659 0.5354654572086014 0.5103572299763846 0.5216924821747578 0.46997133421449727 0.4511952315409201 0.44650543854675984 0.45649208678726844 0.44321205022130733 0.4551716244616509 0.4234974572746462 0.4932467631415332 0.5139341163126779 0.5387890069332507 0.5611420218630081 0.521852257012963 0.48347544474254456 0.4502263169691577 0.3868078673773824 0.3634144365378436 0.378749741993605 0.32361176809937536 0.32138727506320275 0.30058297669859274 0.3127116261110833 0.28375428001919617 0.27392602833238794 0.23886492744609525
0.7355071252700093 0.7290088510814909 0.7702704330785161 0.7841471979279522 0.7363312966200443 0.7289390681909349 0.6649159869515526 0.6103384356469725 0.5867855414549389 0.5757190341286416 0.5931358787983805 0.6242599827701738 0.6380132568789877 0.6038255640163855 0.6160626381059313 0.5588750498853153 0.5276111933588454 0.5238327500205862 0.5186298545386022 0.4699769524811592 0.49044545891526703 0.47697115365174675 0.4581530192889054 0.4600339859061283 0.47779022961179496 0.4584835455609694 0.4589959283721701 0.4831658798111901 0.5135066357222097 0.5045027363047178 0.4913213823255738 0.47912671406601365 0.4726553484316037 0.4233003649271532 0.37381748987529395 0.3547939913350688 0.29758773200923866 0.27991182731054665 0.2613186895673347 0.26090947122825725 0.23878670774656666 0.28376917282485614 0.26682950188180937
0.7727699471989004 0.7671503719755605 0.7575113477062687 0.7836465193460377 0.7541771126253051 0.6784450449928671 0.6698961722170532 0.6233018282446626 0.6479834039339767 0.6266756599050743 0.6185307475553893 0.6503713168849227 0.6184579356654366 0.6411232662176718 0.6392402034173398 0.6034225727153024 0.5572338696461087 0.5045572000395987 0.5349943667625684 0.5228579716808136 0.5140820839096789 0.4461761440706901 0.46616485646979955 0.4636358414308636 0.44849309220253575 0.4786352523689175 0.4872892146695992 0.5079251182685252 0.5362132127496 0.5238916473856802 0.4764766154109281 0.4884381692510292 0.4287251035995841 0.4127240860385746 0.33514776355027354 0.28427498706984916 0.31737163781448485 0.3086391114353835 0.24967374461123548 0.20265587697222442 0.25313816361708263 0.27787154864162716 0.21839701615577048
0.7692194098967287 0.7340539101305532 0.7582653322768079 0.803269594611659 0.7746295201598932 0.7013943373280798 0.6705263220747226 0.6451196878340432 0.6362852160549887 0.6281908967089638 0.6609459447580527 0.6272180969337436 0.6022536988687718 0.6118151613561412 0.6075599532768857 0.5966804078518325 0.5892170021917342 0.5658455838803876 0.542382763174445 0.5232829749949018 0.511635648882072 0.5007490356967905 0.49453470854541093 0.47300451739074895 0.47665781854255995 0.48253437856018716 0.514519205916108 0.544325930881813 0.5183228420897388 0.4846705744347587 0.505243040777078 0.4480987626712199 0.4081118067017497 0.4077057297671563 0.36979637155270756 0.307944663206326 0.2964543841942056 0.2577272288480925 0.20947092898270486 0.19674019687853533 0.20917627001540845 0.21206254669560928 0.23230747250124215
0.7305054166427246 0.7269831523527831 0.771882614577719 0.8009309295692346 0.7289641006032215 0.7127564779917752 0.7081340513304593 0.6971915475454672 0.6386128721053635 0.6760962321570606 0.6862359582734553 0.6430109331127319 0.578680611219241 0.5869926102952827 0.6028099282252317 0.6354823748347355 0.5970720677065311 0.5568251448457167 0.5665133514204357 0.48716665900318057 0.500192099085403 0.5278299122937677 0.5219631399315618 0.5114221577302219 0.45728557638932144 0.434131345024256 0.5228310394667119 0.5296828620141534 0.4920418189980697 0.4870895615242529 0.4564921877886469 0.420004735196673 0.3819775748697139 0.37415625521525725 0.3751179919915741 0.36933417260470486 0.2669002427390732 0.22067221175073598 0.17120155070827855 0.1683362818593118 0.21694893471151372 0.21837482077768886 0.1824783963384875
0.7593104839010073 0.7250530411319362 0.7459816339520978 0.7646255582759134 0.726981171617946 0.7109971697900687 0.6959358219341246 0.6663673150692956 0.6558613502783541 0.6702429730543291 0.6708210358292003 0.6519683623753179 0.5910531493155669 0.5932919417386714 0.6154867296472447 0.5888482830747082 0.6071348292022037 0.5871138637638269 0.5581000763542459 0.537911818549099 0.510860050142062 0.542208907425298 0.524561865294993 0.4749266617505957 0.45130605783994954 0.4536840046722389 0.502635412984748 0.5428797315617916 0.5207647104762763 0.4697415095347481 0.45599577630873106 0.4277565154531971 0.39581269275214215 0.38954202390528747 0.36526101684794204 0.3777541754219009 0.2865103313804291 0.2518022554235393 0.19341784578690405 0.14920968626766967 0.18399440421617413 0.21694999290167352 0.18941353729993843
0.7026438453641515 0.7412011610302902 0.7684274915682374 0.8014011042562383 0.7150627636354272 0.7015546980534051 0.661170871080438 0.649731082641394 0.6200429411037597 0.6160465136902121 0.6304847855426299 0.6441910089262464 0.6287647129716046 0.5880042439416311 0.6078388651086705 0.5844248425328217 0.5892128212799985 0.578468604806387 0.5672275673114989 0.5135060456432226 0.511675024695851 0.5206020918779231 0.47831611500293886 0.47536527916288046 0.4735794134454355 0.48018356446159655 0.45787424862909526 0.4920291725198124 0.4905032226035719 0.44906677037554593 0.4463031484629447 0.4055089999729601 0.3731215624281617 0.3422220326062784 0.39651816813546215 0.4163402008330601 0.3211235176455151 0.2665108630114893 0.21533592011512973 0.16905472569037142 0.18229693190123972 0.20157080686136208 0.1798284720521106
0.7065919924974232 0.710158259048126 0.749855559604245 0.7382727546934149 0.7241021822879458 0.6987869980350099 0.6628820301880952 0.6407812298858416 0.6619106688072799 0.6643750835303809 0.6140243995311531 0.6003748252506723 0.5929907434398608 0.5949935484053879 0.6033959140271624 0.5724921100911627 0.5775990652148233 0.5821735186975213 0.5432273315527629 0.5099633843591892 0.4899669754378997 0.4776515175750254 0.4647080691920058 0.4437465618983873 0.4474530918762804 0.4593561340552075 0.4383288238135427 0.45653693553131725 0.42333851716446447 0.4142695334907835 0.41156227105626786 0.39871619320311136 0.34535940064490983 0.39134777198190357 0.40065352257284803 0.3995079368161462 0.34937829618739885 0.28520409064580726 0.25267187612046677 0.2166026653663073 0.18320625923892658 0.15675029648554142 0.15397196591635365
