Raster_benchmarking/Raster/continuous/raster-382.asc
NCOLS 100
NROWS 100
XLLCORNER 1743160.8740068506
YLLCORNER 5469287.165448305
CELLSIZE 10
NODATA_VALUE -9999
[rows 0 to 18 of 100, columns 0 to 42 of 100]
0.8035012511584065 0.7885605462738834 0.7836244547702278 0.7630083884366613 0.7599971937873359 0.7559690226294284 0.749370100907806 0.7830510736354829 0.7608300727055267 0.7525008776733397 0.7338068427037446 0.7188925717897512 0.7384550834287886 0.7426356677501581 0.7397052442269921 0.7526512681877259 0.7612166499452007 0.7671033696295972 0.7805630926565121 0.7891535285823689 0.790149836643094 0.7613389496715762 0.7580166777173878 0.787156734649324 0.7827961610839617 0.7751088385199676 0.7997981271119822 0.8069987343347687 0.7644899840580868 0.7574723736931614 0.7184613662526347 0.7080101461386542 0.7066387238836827 0.7139933372079538 0.7272819760840316 0.7313405748275926 0.7355130239452415 0.7502692013512856 0.7177491657211459 0.7403439563742998 0.7390794966307364 0.7214356166825128 0.6995746487583623
0.8173713331309125 0.7955064021550223 0.7551278481635992 0.7563885066296818 0.7515780672863827 0.7459091058129103 0.7579265991743208 0.7986570058146133 0.777114668032162 0.790461172043415 0.7524769672744652 0.7296956671731646 0.7384247814678755 0.7195078954239125 0.7103698855871119 0.7353434870449455 0.7560804053785352 0.7525627260102957 0.7758540762699804 0.7794131754289907 0.7872927324235969 0.7839855850037216 0.7802872589864696 0.7596323686981238 0.7718272815253486 0.8146532141404725 0.7979350901301849 0.8009573343407268 0.7862873667203502 0.7495951741003452 0.743169507667408 0.7619690629076219 0.7616102785417665 0.7583387751918077 0.7812745921459644 0.7756903691463045 0.7969498664510466 0.8064668430979064 0.76361724046801 0.7800661150541334 0.7530106712211504 0.7352644328256296 0.738949149425671
0.8494211464640796 0.7951185897006399 0.772052818415382 0.7497965362611463 0.7602092253107401 0.7492137274501658 0.7794451828428468 0.799026839506096 0.7915750588199114 0.7555097335973321 0.7295558647924227 0.7269531448794088 0.7208594187084566 0.7116565947233381 0.7051933373808231 0.7472518553635251 0.7498277123886747 0.7628109122055743 0.7521489869963974 0.7720891833917035 0.7542164671580517 0.7375865148581818 0.7690277615119729 0.7579820564259242 0.7630499099742509 0.7977639876793394 0.796314099924839 0.8147738621154779 0.7757776348238923 0.7600194353366161 0.7750530991617016 0.7822756861457264 0.8218408717653055 0.8282431758528734 0.7976570315828931 0.8166049245398788 0.8055379455736436 0.8364979198341572 0.8171798743804214 0.8274699758942058 0.7963045610238736 0.7648804831896926 0.7761598462903107
0.8723498605331008 0.8534726497932948 0.779965636190256 0.7614202968038085 0.7551913497660281 0.781730173939702 0.7636476014850633 0.7690059342716913 0.7874568629926718 0.7783480785738442 0.7235543555810633 0.7122518914052691 0.7201207467733143 0.6994031142457168 0.6961357908246091 0.7195928124457953 0.7254569526933662 0.7065516655110333 0.7374340520648235 0.7530567140304093 0.7418780095306804 0.7287443003837588 0.7562758355115435 0.7537001017096047 0.7480988911507493 0.7675989775980773 0.7837114872708776 0.8173503550276928 0.8185072865375183 0.8229616003720249 0.7982623113063446 0.8307571106589003 0.8358505102833046 0.8809294270144904 0.8681230699627704 0.8690397560194152 0.8192064495023906 0.8235042649943183 0.8438485198815141 0.8409803871649881 0.8268632316016654 0.8215255771886195 0.7881356095559184
0.8493106352906014 0.863781597130653 0.8241857011166565 0.7973320440396169 0.7749051667245299 0.7449101697423425 0.7475373529067192 0.7859142508614125 0.7766794888409804 0.7240705764454601 0.7118992411761643 0.7224759283812557 0.7246122476356869 0.6978009056427521 0.6978694639544749 0.7162984685878214 0.7093003405020097 0.7120875829694544 0.7399564879188365 0.7498652771226556 0.7328547822758344 0.7628103731205582 0.746600591564117 0.7629635433901248 0.7829170358405877 0.7963549981632835 0.777347593000181 0.7981799835307806 0.8222844757347739 0.8386893978616867 0.8435167298010057 0.8670204800190306 0.8910770522909058 0.8853511035601511 0.9039955226282236 0.8777252489693917 0.8680056171353728 0.8341967706663611 0.8299249539119853 0.8181343335465208 0.8412618696258936 0.8647962113091472 0.8277477227520599
0.8333798277795398 0.8534516983332721 0.816658556453172 0.8217640393722541 0.7646343844614331 0.7605581831090124 0.735663272416802 0.7667097162077481 0.7553118660692892 0.710931952053603 0.725783158110269 0.7147938903800585 0.7178494308962369 0.6874822108582637 0.7071948361642926 0.6936770302697249 0.7206890211123176 0.7317478140765512 0.7264981002041111 0.758515410911763 0.730492704084635 0.7604016517235106 0.7550768594870977 0.8000778499459916 0.8147959146405018 0.7914114091265111 0.7971549359348933 0.8211298233645984 0.846618935905066 0.8674150163568216 0.8748188995637302 0.8584857913026293 0.8855395872788602 0.9105704107179938 0.9103603724947622 0.9285314432675592 0.8824158211814088 0.8982110153556281 0.8729716665677422 0.8403803501514301 0.8654313338259497 0.8775333034405867 0.8432835260207718
0.83370489283955 0.8596669500628507 0.8441523568927897 0.7944959350160071 0.7738448916816986 0.7622560964978208 0.7489812646740273 0.7245984884976624 0.732244137989113 0.7554514170586503 0.752374271484357 0.7272184307985107 0.7419671475522857 0.7118490290290691 0.7353976153532409 0.7359317633642749 0.7123123977546075 0.7293417326509386 0.7193217246839795 0.7436077748395025 0.7592826268345597 0.7690010453536393 0.7738137692896071 0.8140716479947726 0.8137853742632641 0.804050269613118 0.8515891915602736 0.8691124018795351 0.8559243492371458 0.8782551822321848 0.8589350990451913 0.8842750977880548 0.8684945339944177 0.9031266319968487 0.902714361256941 0.9153392777598606 0.8968319796026264 0.8781785027596604 0.877821937132606 0.8407661987333803 0.8790008161984757 0.8651360082052171 0.8651035675839545
0.8400958509208635 0.8399959256293936 0.80857209088114 0.7826222864052552 0.7531406567160635 0.7446416975275465 0.7486229325696158 0.7313023354848841 0.752857243900044 0.7428535130168866 0.7523948744869433 0.7649278731340732 0.755469720455128 0.7309186135685514 0.7342098392975315 0.7447311945582158 0.7575651850881965 0.7519717475843125 0.7485974924635944 0.7268066444413653 0.72024486139379 0.7392523858346858 0.7824063377863915 0.8072096764331715 0.8013374137575814 0.8474914007861079 0.8631012950066006 0.8608743194036017 0.8681023730874948 0.8492456769555959 0.8776148279744005 0.9005659673954538 0.8946625168512066 0.8647583403193182 0.8717056569288514 0.9030491996493977 0.8968412371629516 0.9096156252393497 0.8789369803295719 0.8577863836904942 0.8333300570326186 0.8512850657536016 0.8362100560569675
0.8251980732056269 0.8135740377685039 0.8061056588948047 0.8114807128972764 0.7791516754316156 0.7513045569970873 0.765174103014886 0.7667416048376 0.7670403900617538 0.7260359798286139 0.7319834781232287 0.7528471551520666 0.7343275093643822 0.7199157829231766 0.751175319008585 0.72947923688088 0.7352197698484136 0.7357635968261468 0.7060231686829633 0.689092082797289 0.7380285555472156 0.7576495173002593 0.7480423863215342 0.7691448350656339 0.7938418302707422 0.7986240457536049 0.8116979142209395 0.8166689932593307 0.830742665266742 0.8528536972393307 0.8780792672535445 0.8839139273174721 0.8959745838757059 0.8717795895992958 0.8922189317058478 0.9169374147962646 0.9067160018796119 0.9109473362055641 0.872873400142842 0.8364965614095088 0.8222988448090376 0.8382805811680624 0.831833386534606
0.8138192259737702 0.8048946039766822 0.813545416196771 0.8298738319800313 0.8003485459482349 0.8106913752094163 0.7519097065640459 0.7517132974154682 0.7411836650127277 0.7552514974819162 0.744610691365442 0.7218622432754055 0.7632359866173861 0.7555864550837992 0.7378812693122744 0.724419318628572 0.690037946849847 0.6595361109274398 0.6936887304870721 0.67607236419034 0.7411010859649789 0.7700784349000617 0.7526090998851455 0.7619175849921449 0.7662181143632698 0.801094676735854 0.7698176782206534 0.7895283880229202 0.8296197040875605 0.8395381368540609 0.8909119066790536 0.9018629218541561 0.9143711486398794 0.8903832711294101 0.8811806140110082 0.8845097986896658 0.888693421125173 0.8897980569769214 0.8673771496542179 0.8567144449430922 0.8440094618210152 0.8163155155442255 0.8358946188406036
0.8306504153742741 0.8046968144095956 0.8312491473862988 0.8221545366175196 0.8241397137602654 0.7698209918436342 0.7501624315439045 0.7576665159456271 0.7391367772068796 0.7710488132446034 0.7642867161997463 0.7157424598682354 0.7482136693292502 0.7646154260063761 0.7444872619718628 0.7278952714869805 0.6691738207658734 0.642021302404832 0.6594898623669518 0.7041960491086591 0.7352487653721722 0.7437880354611436 0.737950511396573 0.7683449737649609 0.7821288959394455 0.7914259409204714 0.7680748210988346 0.7664507311672304 0.7798868222124071 0.8257923973603486 0.8497021392703054 0.8857615097015369 0.8810175683189658 0.8536444450510451 0.8509457125125246 0.8426683772812589 0.8716738890929344 0.8988842003467775 0.8805490111237639 0.8799036045922588 0.8605847466311776 0.8538303536974053 0.8375315983883201
0.8462326549762544 0.8127632666005856 0.8025658693643497 0.8269007784761383 0.7886811872657428 0.7762738888069926 0.7807093584903305 0.733027468624778 0.7647177132744121 0.7697581700305024 0.7722441489838809 0.7225982803322304 0.7619545596770108 0.7599932072524969 0.7434199979928062 0.6898489859823558 0.662668334522448 0.6743723271242046 0.6918938213595761 0.6981835816718365 0.7291028351863937 0.7202716352264548 0.7235629364292347 0.7320523208327627 0.7366842668617428 0.7625199347076393 0.7854969114078565 0.8103364553586312 0.7808137134316422 0.7604289172783736 0.8006980629853037 0.8307846348020999 0.846817198656786 0.8372028660353646 0.8583078359189932 0.8352837668548612 0.859935086216269 0.8950947053259533 0.8736154588876631 0.8343158598379382 0.8704306645793349 0.8785293387413792 0.8865338119573782
0.8217125744277096 0.8260695154884915 0.8265043866869183 0.7999817636882424 0.8042163958250902 0.7995569756569102 0.7904268678364984 0.7725231535348761 0.7388951012562335 0.7552335358985054 0.7421286420956841 0.7609220954445483 0.73676685846964 0.7265276451626582 0.702001931986175 0.7121726841169427 0.6897769271686691 0.6482994160098982 0.6700079193687621 0.6755310398158411 0.7118528546163911 0.6724700967490916 0.6726713203350121 0.7140768740998784 0.7288638702783745 0.7332587494940285 0.7793808056984745 0.7825102382989387 0.7716169724313834 0.755557399679369 0.7622548926652291 0.809597124343966 0.833721528194043 0.8395064594327027 0.8221081776489648 0.8306258033044863 0.8479096878218179 0.8524506981179333 0.8643800459885219 0.8597934294317939 0.8732790185361903 0.8623840804681543 0.8526735472834494
0.8474613751190452 0.8191593547224707 0.8263716724592353 0.8315434539692766 0.7928566739837496 0.7911673173446628 0.8076601050703978 0.7918854335298535 0.74271429767456 0.7255608352840779 0.7176649700180996 0.7526776139188902 0.731376041285538 0.739644994602101 0.7005298194259508 0.6987534116867824 0.6584804968062768 0.6332365585820712 0.6642870132732404 0.6956264614887342 0.6726773504794266 0.6551502633046368 0.6728940702238777 0.6749107757367405 0.6891162415294663 0.7342334986818645 0.7504493027152008 0.7444529936208939 0.7538813722170928 0.7190703444643968 0.7676961843624623 0.7933332998994843 0.8054970854844723 0.849080912664573 0.8642711997720375 0.8596133208160877 0.8453825173236597 0.8689311767716216 0.8707260400549456 0.8669871967127479 0.8593764824728872 0.8346630773595993 0.8423198493892519
0.8530779309228421 0.8234071426945256 0.8348489016697898 0.8175916107071521 0.8030243581627351 0.8083935837562116 0.8023763433815781 0.7759468491958474 0.7716853600225685 0.7332316775934973 0.7248338564070204 0.7477042118646201 0.7314602086438285 0.7202135313632366 0.7107646511112719 0.714937282114957 0.7025281344209342 0.6793939563098379 0.6913394740294079 0.6737314683992615 0.6931366454067263 0.6739794514520895 0.6601740956470448 0.6585093485956995 0.6943453142394443 0.7373890726251243 0.733836346865032 0.7280561778399084 0.735650995160972 0.7219655171345446 0.7622867252867681 0.7825174865762146 0.8129445617028525 0.8313771009881287 0.8550521866894529 0.8956421500175931 0.8791529551065433 0.8723575974177964 0.8812353832208513 0.9023557585790046 0.8833850494830852 0.8603424653613991 0.8440751392139203
0.8641543995690261 0.8010398090200657 0.8166400990102344 0.8051378449536536 0.8087320726078867 0.8134244081060689 0.7977019714799302 0.7746872971219352 0.7568610935772528 0.744928126097974 0.7178922660869427 0.7417858328178141 0.707712688978718 0.7149244202960787 0.729207034976824 0.6958604369710188 0.6870571445711873 0.7024688015102751 0.674279963555588 0.666886897343676 0.7065625261411086 0.7022074681057545 0.6981103399373803 0.6720302415707908 0.7151571897661378 0.7137154231164837 0.7103240354962534 0.7238069875166753 0.7298825506453023 0.7644614582069573 0.7798070626769081 0.7916600821844316 0.8360412877752716 0.894814453121041 0.8637546602280327 0.8947988854558964 0.8951800479427678 0.8645447473980936 0.9083407675523671 0.9046493778735301 0.8717743975033418 0.8576714933121256 0.8733412882236238
0.8347314508852526 0.8284943660586538 0.8135334185620541 0.816439792199145 0.8209970982084452 0.8190378658462673 0.7673238662709144 0.7477726321414776 0.7363041409106514 0.7199693744906533 0.7381266397082232 0.6895712414576227 0.6809344287126244 0.6699233104170117 0.7095299494276414 0.6867282509994233 0.6999254536000672 0.6793667668618363 0.6850299611047059 0.6594727158435488 0.6903996590307359 0.6927364299226421 0.6993179426529196 0.6889447952485426 0.6932720625265556 0.7131232163676866 0.7509488169456897 0.7566015310656325 0.7807258725103714 0.7907365317225196 0.8059651786068021 0.800567674125255 0.8390096966521612 0.8956756221546153 0.8910792649758182 0.8997927321940282 0.9125171221945317 0.8829063524609901 0.8939875092585676 0.9113079450765725 0.8966927914582318 0.8711364296453289 0.8773098959719258
0.84859522535177 0.8212725026059778 0.8232361940747734 0.8347365772825232 0.8303479669360074 0.8076572586444544 0.7727244142044944 0.7632790547665346 0.7451401495076867 0.7213265079590516 0.6887442943465621 0.6781806759933903 0.6585522864925132 0.6578758300874245 0.6702063719685963 0.6836448790537767 0.6947744196004031 0.695319745958139 0.6688108443982113 0.6607094979459758 0.6758055957916709 0.7229440627439596 0.6987798312453712 0.7327340911956092 0.7146759706094313 0.7117492166440269 0.7568846611417879 0.7986724943465147 0.8431759025179404 0.8585716696199659 0.8475010235377494 0.8521052087449952 0.8540707233783273 0.8911556871257684 0.9088173396566651 0.943055776684864 0.9268295415855006 0.9232242546874802 0.9159919603432849 0.8962517113293259 0.87924502902165 0.897718681876402 0.8715112180969107
0.8674435214641449 0.8433781772403043 0.8299417643825459 0.819000150231582 0.8049412204257221 0.7887585779365005 0.7818490050876081 0.7553333252063286 0.7513448700450949 0.7346475273974171 0.6809154152004411 0.6611958129868042 0.6740223393805249 0.6654856475286336 0.6593414224533747 0.6893156970590306 0.6915413078814187 0.6686850868662285 0.6727392259285707 0.6948506920966564 0.6888962989090401 0.7162217257304945 0.7058901039321137 0.7185482125788215 0.7084635873058068 0.7657535649563811 0.7807651318194916 0.8294460072245711 0.8719450354537595 0.8617716202278105 0.8498747149365972 0.8689879783596681 0.8528948518213263 0.8896209623475443 0.914914240455704 0.9401361452188434 0.9204149997360976 0.9344887262146391 0.9229311452786864 0.9235639988825567 0.8910703347400103 0.9020321960986813 0.9212845658908352
