Raster_benchmarking/Raster/continuous/raster-285.asc
NCOLS 100
NROWS 100
XLLCORNER 1743168.053781191
YLLCORNER 5469291.75683821
CELLSIZE 10
NODATA_VALUE -9999
[rows 57 to 75 of 100, columns 43 to 85 of 100]
0.2887892499343914 0.24223434595619178 0.21284273356217595 0.24346576311491183 0.20943791224993596 0.21435924571964327 0.2252116623804873 0.21786403285433661 0.23523050632359616 0.2672334822504542 0.2826696580662783 0.3480102368571085 0.3742530876012335 0.3868877839019277 0.36877812860035747 0.3886201604059364 0.369729112448471 0.3985599671895861 0.38867847428594365 0.43191797011309185 0.44154344167477955 0.44776553795633706 0.4462612053031822 0.47625253663405254 0.49085137450872984 0.5113906324291223 0.4818226468763678 0.47910492258651804 0.5202831652376967 0.5039011726702737 0.4772895300216724 0.4979333280585888 0.5021639350370927 0.4771215926876144 0.4515685860004289 0.4188233236510404 0.39662754293174446 0.3894361097210947 0.41429532714612605 0.4259950611695692 0.4165746065813299 0.43057846525633897 0.4567145768632941
0.3175930944433449 0.2556768191256029 0.21415230028728696 0.20660518478196907 0.1700509291793411 0.19593864748232873 0.17288964327379716 0.22011934626740481 0.24254725396256457 0.2800150538782692 0.3289262633355922 0.3365851426784131 0.35614281645430457 0.36691987169065743 0.37865557122299764 0.3893356629930677 0.3566042791651806 0.36306286836368523 0.38158073598803993 0.41772878346478587 0.4362086239995839 0.44086169315356 0.43066701361545845 0.448540522852155 0.4502163143638484 0.4775038318429 0.4320042053986487 0.4401574276363193 0.5113955624653651 0.4828496136145159 0.48312048567163235 0.4806163495146651 0.5141526899102394 0.47332377446992757 0.4718758761030782 0.4232825415258743 0.3437726538556249 0.40078154824219153 0.40408033127257054 0.4255189922343677 0.42823422466210215 0.45570550965298184 0.47635636734259174
0.3080928586903482 0.2818831354230985 0.2505990317821641 0.23842904207081464 0.21975960039139414 0.24036770745969674 0.21255572323852773 0.22162263632657225 0.25570276429780353 0.29688435715783346 0.3171076628270786 0.3544725311654398 0.33977254070964485 0.35676692959952194 0.3488242483799937 0.3514427169760196 0.36538163531799084 0.3739727762623218 0.3908285040871993 0.37941465792715146 0.4286449695635093 0.4238555688981713 0.4299995958342733 0.41790573592918695 0.41739384841948585 0.4550045605908151 0.42842364943138367 0.4202688508324815 0.4447428542451715 0.43963001222820963 0.443769157584127 0.4683897784181092 0.4775866405380191 0.4569045312704672 0.40241370693359735 0.3696685698376097 0.3921297335500606 0.3881073415846999 0.35775386167995316 0.3928350541745886 0.42016906870594295 0.46418593562280186 0.45258646891094234
0.3199795777909022 0.29649755153775925 0.3074174768951273 0.29639533600404316 0.3066733185128282 0.2721057980309918 0.2242718987687704 0.22782269922574666 0.2737011596672872 0.2969818845662609 0.33022866329882417 0.33543571542946365 0.3126274064744265 0.36399503442057335 0.3884593536736868 0.3757666930813995 0.3607704172042339 0.35849678071743946 0.3439167775557587 0.38623500055712384 0.3851051997601515 0.38473319825746005 0.3962776691607627 0.4311258576716018 0.4431678125497771 0.39528762152001545 0.403157234760182 0.38107719851442234 0.4026599320181032 0.4285277227663518 0.46453231962501923 0.4332996679133537 0.47239702958207974 0.4303752962705095 0.39275206875772023 0.37352216101335173 0.3727012360823502 0.3524594978788166 0.34267090854030136 0.42432792880272313 0.4413949335718145 0.45442535042508775 0.42518756272975966
0.3197158953105487 0.3339742694792133 0.34108999467056894 0.3510947684468938 0.3418967855115624 0.3198344266663798 0.26075623050723734 0.2601974457089569 0.303534129262006 0.3208029840647118 0.33493490642778295 0.34745479599062296 0.3393430202832478 0.36633309249703616 0.3905033414650485 0.36354488341425484 0.3745417129593079 0.3329385478440403 0.3547922404074629 0.36580170888875774 0.36714022575764754 0.37209115351330646 0.36671302770486325 0.3909867499094331 0.4220267725950991 0.3749106428287167 0.3772273205796151 0.36182601112066537 0.36180820109747663 0.4233376040916219 0.4030243089302724 0.42381765183239534 0.3906339124020923 0.3874626436670957 0.35180905975965837 0.33690972425885224 0.3580544832499144 0.33261759758732135 0.37688843381303005 0.4161098598789451 0.44290924038284973 0.4266482404903921 0.45275492921092936
0.3523573350928849 0.3219331842907566 0.36636853644725703 0.3391258063441035 0.3542267686233748 0.33066627531802967 0.318480705899374 0.32361182977117187 0.3192144976396138 0.28710661314449504 0.30231069363483265 0.3485123888958712 0.33355003169477576 0.36254450030619517 0.384288341712393 0.38799376765249727 0.3674579724532177 0.3415832433328405 0.361945848821427 0.3586200729647972 0.3049387282901413 0.3242970269553323 0.3413209915587899 0.3696314030054441 0.37389247674660325 0.33880174981646816 0.33699410292032933 0.31538486751895717 0.347147823134176 0.37397458227199326 0.36989530193783243 0.362625490537213 0.35531344884936245 0.34570174008552357 0.3413553679402284 0.3050963250725394 0.3173399685580483 0.3363254670279666 0.3656796019591363 0.42544095679464317 0.45908370345546307 0.4040587649873204 0.43125146100809386
0.3153236025270069 0.3358345420213655 0.3369411143572152 0.3548172271886568 0.31008509536138495 0.3318106869074919 0.29559708901213094 0.29424662294104076 0.3331573851738293 0.2997759579178332 0.3038982775931571 0.336510013920584 0.3495144620256435 0.3737714312771324 0.3605654843148975 0.38216834588629794 0.37387683443944986 0.34676632953035547 0.35785768455898487 0.3230913529240842 0.28894136762244305 0.28677453471704617 0.3179011150488415 0.32761235677437733 0.34067574630226094 0.3514159914553505 0.3406184961904437 0.3191209199430816 0.335153753019956 0.31287679964024095 0.3140530293939114 0.3126107894843983 0.3105610405577438 0.3069709123175748 0.3239514093349041 0.3254174730971197 0.2769523888831315 0.29626400456270313 0.3298021647802399 0.37815064745113425 0.42863708479134977 0.4028714607508884 0.4314070574405373
0.3067196259764969 0.3169727191632842 0.32317055808033973 0.2961540586595126 0.30591985611398387 0.28739048227114905 0.29706345859338534 0.3231239033909801 0.3087011665056923 0.32446293262985876 0.340236948822306 0.34943464524713364 0.3197195494148376 0.3632847864745473 0.3681519096707448 0.35734106413103156 0.33137612821296036 0.28509893863080754 0.304548738619729 0.2776147588709172 0.26062958796473706 0.2619310922671627 0.31216159024962126 0.33553668800046427 0.31294558533683603 0.32630248259135264 0.31250729433378616 0.31994618618648246 0.32540178022362887 0.32317293261942087 0.30350000768341245 0.2862000922289449 0.27447919522314634 0.31870208614012385 0.33671863799972235 0.32540658701711284 0.27777661599917275 0.29664376994281294 0.3341433922506687 0.3526672656505971 0.4139589797936606 0.3719088572098763 0.4100739668986483
0.3164329334860015 0.31314193242621563 0.2950993528734434 0.27451426224988035 0.25794865119520094 0.2781869003862622 0.3268241306694023 0.3135777255713357 0.34006052782064133 0.3764751023998017 0.36983651481218943 0.362615641069035 0.3819330581277811 0.3705236097950721 0.3540465113264366 0.3502660528337787 0.3093850420663132 0.2689627418834 0.29892174593328186 0.260222453869728 0.2437227485956749 0.2951312613151345 0.3205088122569082 0.3171194614053395 0.283151311493306 0.27565054583554865 0.26146478321360117 0.29384333856387607 0.2955331468288935 0.2606504700931717 0.2517811658806026 0.25396672863432684 0.2546993166417428 0.2803092623581741 0.2758392382092399 0.2859543154941137 0.3003922936118705 0.27501522902298803 0.28834211976345275 0.3450589211079524 0.3486956172983764 0.3455441659939214 0.406125319429166
0.32485332335613 0.3142998330254862 0.31829608084063793 0.2922652963148404 0.25819597970130487 0.289589703449895 0.31769964844877496 0.3327257814918079 0.40420748520730526 0.3557219188459434 0.3770108647165455 0.38897246262950375 0.38356617520476227 0.3747150868846148 0.3584568385712182 0.32324037516575077 0.26488429081154113 0.2732896961376999 0.27211580666313523 0.2561885150506034 0.2424818902158474 0.2779229744967193 0.3034068451660673 0.25030312279992195 0.24243831590424267 0.22318919546354388 0.2300015346527727 0.2684848990872296 0.2301967324863962 0.23951491481982573 0.26981754677296466 0.25503220934183995 0.24358306112109088 0.28723063771240587 0.30700129543511606 0.32043812754190376 0.29726074597307556 0.28619365493915483 0.2889904946871667 0.3397018943276657 0.32242986816098673 0.3198770556649131 0.3460721402010869
0.32939552207414413 0.2857127029216597 0.29273674080434336 0.29659633930120477 0.28116462282443017 0.2933244184256932 0.3034862224445964 0.36627741871661545 0.3809168999799609 0.37284632863213507 0.368500263269516 0.3823893400707279 0.3740774161035699 0.33566525438112793 0.36317861080085184 0.3388374845438 0.32247590376443264 0.27767685161246797 0.29437201666449414 0.26714570334707083 0.23149436537818044 0.25143898253028196 0.2812919892659885 0.24732523745910656 0.2590519438354786 0.25278108295071106 0.24009238596238855 0.23157856143019617 0.28129850108440135 0.2833499047634809 0.27589427761925533 0.22908756424352392 0.22677357741556126 0.2273830557358574 0.2442145899359874 0.28610549214625564 0.3217068455052806 0.3084934460539276 0.32443021482538625 0.3292490336657693 0.3560685172794475 0.3527174008869625 0.3631517506433834
0.3064124280098759 0.26434437963893487 0.2685280225090499 0.32506433617279457 0.30818546091545646 0.31799657738872733 0.33237886571243297 0.3636479310692628 0.3498572140796793 0.3550640731770003 0.3898750872954778 0.3667362283391398 0.328445171225773 0.34646783824225835 0.35037414319499804 0.3213830971623236 0.3116847784579364 0.2958353965276129 0.2728927494059913 0.25433799577480387 0.24676896209545737 0.275073157250133 0.272432098637156 0.22414792902847322 0.2141584623540507 0.239168825983498 0.2199311288370535 0.21171417251714073 0.27314951210091226 0.2353951449637182 0.25357866847028643 0.21060528150819563 0.22171274442683525 0.21693411757980013 0.228792819428712 0.29153606240239366 0.31571366386567623 0.3092086331574613 0.281648917944444 0.2960610543208931 0.33570415568697315 0.3752708449291502 0.3869199115403857
0.3326643373632321 0.30543686735240344 0.3097170807111418 0.31976489431012844 0.307430078078061 0.3372163910610932 0.3418448170836273 0.36766337624050793 0.3843458569306138 0.37756546570567495 0.3787994668004569 0.3702493028128621 0.3742025015666387 0.3753051303305396 0.36395283843693416 0.32650707015349556 0.29563941302903923 0.29404142244331344 0.30695750380477865 0.3025026096210652 0.2808099626514609 0.25982732205593506 0.27068259319839244 0.27173130703174075 0.26623149053938056 0.2419868197402042 0.2153227652804844 0.20698370238658131 0.2396895722120395 0.23322620416686296 0.21812398919084683 0.2199189280454306 0.19278542100946622 0.2048315149015999 0.26294643795612976 0.2952647157910242 0.28664407757368976 0.2957237979404688 0.2888370592598902 0.31539721373663826 0.33081692290611703 0.34423078623538444 0.35748407958484657
0.34934771575941825 0.3695098495999707 0.355876733284004 0.3691361453481928 0.3284344758443692 0.36325099698122676 0.3961246054813158 0.370015591328124 0.34450341015094915 0.3654026386782382 0.400744627292427 0.39316298075301104 0.3619295556541797 0.374923284181659 0.3629468979591968 0.3255972159154328 0.3098027797133329 0.290449000210857 0.3130356043064444 0.3174035381391614 0.2681994309184093 0.2904372754511864 0.2582940146358895 0.28829563152422294 0.262010398992297 0.24758007007947164 0.21447057342938913 0.2094851097693766 0.20940572481886677 0.24230482651053412 0.21217670449527165 0.19963381085065823 0.20737335934570908 0.24110511976216387 0.24333978896094677 0.3121727998402188 0.32443765199367486 0.29096046935371506 0.321519311989549 0.2891509850628418 0.2575960484777004 0.31255303894821795 0.3100435042420311
0.3489178461672565 0.35505618890075585 0.3913046157103702 0.36286010924484574 0.34233996725358257 0.36400705699863245 0.403874577262167 0.3926243493984201 0.40349338276431923 0.40695199795452885 0.39168276572405203 0.42610700911942173 0.42709463106030693 0.4050059889711155 0.3896512510741251 0.37976676210291854 0.386487656714404 0.34402540606762394 0.3448369986303112 0.2840178462387515 0.27832395442140706 0.3113465117213453 0.2984499547504223 0.28100455860381235 0.2929654571229446 0.24970450943787048 0.22112345079374407 0.21585945841442652 0.2222452747695758 0.2043377221425613 0.19278031706556936 0.20955737091944038 0.24262904562672263 0.23081926937333802 0.253589895058025 0.29433609559335033 0.26306564714469255 0.2616365590470113 0.2702338350502857 0.3119493310307654 0.3092434914230778 0.28782443936865193 0.3205213465962634
0.3972762199929067 0.3927493369019905 0.380583460360015 0.3491355007447671 0.35823652703573616 0.39894477633360753 0.4131056139734745 0.4356681097212293 0.43292708521246887 0.40982594779433795 0.39479257947048463 0.4092106374763696 0.4377127359888269 0.41944420608943844 0.3970624089047219 0.3925739980356221 0.4091545546253822 0.39438987656535524 0.3348246018647485 0.29818495767493786 0.2970127917803579 0.3286738043801134 0.3290658636376641 0.28339517094943106 0.2713292590818558 0.26132666538503835 0.2571098850996368 0.22008678610732715 0.2191081211254702 0.2587117361700989 0.23400843388830297 0.2396638648461929 0.2643168126439974 0.23472852124419102 0.2645057322587232 0.27636468770222705 0.24104081110738296 0.2723120097371236 0.2390608389725577 0.3025334104263997 0.3271906025771253 0.3417634059681271 0.3595412776744879
0.44849546349118186 0.40962950506369844 0.4136475920268431 0.3794976384002925 0.38722266569369507 0.39246053439511963 0.4227540137101405 0.4431663741098365 0.4530110010379731 0.41968829503621474 0.40251126702189755 0.43378190163114977 0.4546996904555759 0.40391430982371873 0.4191587040853936 0.41700441010196493 0.44831310932041224 0.4088032826828915 0.3585293421626793 0.3608287598417495 0.3204232832706722 0.3292340456209281 0.3148294081836143 0.33525555770233384 0.31178123071206026 0.32473725342624515 0.31083480661746127 0.2679920880253052 0.27871020428189036 0.29599242543059356 0.2826822839798076 0.26423577473762444 0.22762423500027437 0.23587597630918572 0.24369501555382853 0.2530071697763771 0.21419189034659966 0.23677040834996388 0.2666412180877746 0.26686356124918337 0.27215327833264225 0.2909582601716345 0.30121007221718027
0.45644586057147474 0.4201556061560123 0.4370622634920161 0.39522447407248024 0.37311055317641817 0.35429919195578874 0.3765177467346718 0.43483951687179534 0.4383211733973387 0.3964499404483242 0.3977005078231731 0.42030345164497646 0.4574707386464947 0.4227527969099532 0.3990738455425144 0.42887941512703315 0.45619017507711973 0.38300898294783203 0.3664314011851431 0.38795094006997494 0.3993882517254932 0.3303936055858435 0.3106498615806285 0.3257101416665129 0.3366222514586238 0.30839708906719704 0.3275957719014385 0.337381010687341 0.35004419514340296 0.33364479855404716 0.2807713008709766 0.2772367599561765 0.23090381644157665 0.215314835645081 0.2042121023054961 0.24605434114031713 0.23773694028606504 0.2394576613280197 0.24601552446162026 0.28173326934257564 0.27574314582318055 0.29790865962697266 0.2830194883318768
0.4346399403793381 0.4301482664152244 0.3848125634626617 0.4011562557766088 0.3563519245312654 0.3780304046877651 0.3745068414536289 0.3886059627181281 0.39595264394351265 0.3949109701367564 0.38024601632638866 0.40626094696902193 0.40966263940867514 0.3979512211661031 0.4167036499623007 0.43067849031583233 0.4418168422499111 0.40433506123007573 0.3824514967097962 0.37165963555431447 0.3653080434832118 0.36718977462217955 0.3178396702500157 0.34015567561610255 0.31347345081256744 0.3210563126145025 0.3352326994692904 0.3276359718025934 0.3027522468379527 0.3187819181539479 0.2726717190468764 0.25212781741698237 0.23402554604653222 0.196094637394886 0.1914288661101639 0.2102520290865742 0.20718352034102017 0.2280811250762837 0.2107499428629359 0.26096778024630596 0.2953363124294703 0.27575606141193393 0.2551858341930928
