Raster_benchmarking/Raster/continuous/raster-285.asc
NCOLS 100
NROWS 100
XLLCORNER 1743168.053781191
YLLCORNER 5469291.75683821
CELLSIZE 10
NODATA_VALUE -9999
[rows 57 to 75 of 100, columns 0 to 42 of 100]
0.3639062566101773 0.347765424711679 0.36768966738168274 0.37738314571842346 0.41162439109561233 0.4031476854891507 0.39871735886034304 0.3965777196463166 0.40373465095231525 0.4219230192171518 0.41020315096974097 0.3756596550587383 0.35718770210678097 0.37540544045744634 0.3599560788519142 0.40131256090606726 0.3923325747949164 0.3975596842611134 0.3895854010317493 0.44673110645173814 0.4256913338229694 0.45165488561350237 0.43315779350562544 0.46749119525099814 0.4546831062554392 0.47351061528866595 0.409394844487931 0.39702425671045255 0.387559955793332 0.3818454832339214 0.3723201130155255 0.36412370680945677 0.36072726906271674 0.33115847945182914 0.33361183737930333 0.32883733989785774 0.28439058509994525 0.2877354420691354 0.3228823594506745 0.3412541195022699 0.33099759463039347 0.28736595584157903 0.28008943794400604
0.3771373969082061 0.3748733299100873 0.3656170019788421 0.4308793735340717 0.4142850812182605 0.42971032928067704 0.43930077163266856 0.4308825999988099 0.41653094800552876 0.40396469340653646 0.39089086417019725 0.3948670281829381 0.35618557391472266 0.3491209367091699 0.3929848371166488 0.3827169702076844 0.4267176564995252 0.4241955221778757 0.4544020328579497 0.48707046241617463 0.47407655030173634 0.4339526271083698 0.45888893285007165 0.5033794481841025 0.48341846811149697 0.48646313990982454 0.39402600386391223 0.35063303961151454 0.367593738908013 0.3977122505915797 0.35853917931201607 0.33249042259750605 0.31639408634760313 0.3367269984648151 0.31917584100629814 0.29432599001160814 0.2703753380603356 0.30487763014466945 0.3171360292237831 0.34723608184148713 0.32047116780799084 0.35166192305477095 0.32412181461907663
0.4024483550591698 0.3849872824560398 0.39827384476173205 0.4522786878645151 0.4477485361814762 0.42760936702470453 0.44489650192309604 0.44071741195067227 0.4469900278405875 0.446921283826859 0.40310103360023075 0.37663977866824 0.3676551867184445 0.3481602350924477 0.381184205558793 0.394497880066074 0.43963801243727363 0.4423971862303869 0.47879755965868986 0.48166059943913264 0.46685683128655775 0.45360633565948627 0.46252902340430846 0.4663476481826693 0.4564965711976715 0.4570268244349825 0.39225201802744614 0.38630528440070355 0.3532445602905419 0.35388806996155664 0.35655459461375366 0.3633946114760621 0.33951824909379535 0.32704704054932376 0.3275132455302921 0.2772037145100122 0.27905918246641004 0.30572054542099997 0.3496168290773919 0.3499626147887374 0.33593099231723267 0.337062086604017 0.34624039088043446
0.4576399051194324 0.4519480981637317 0.4531366368993734 0.4208815163173847 0.4364363777728476 0.45310076860157317 0.4951089795154481 0.48872703740177176 0.446825161508929 0.44918338657395246 0.45589545792957104 0.40705291491581314 0.3831632107098611 0.3859380082819124 0.3941599453959244 0.4145555453387265 0.4586234959993156 0.4346197188886917 0.457180708472368 0.46347883555110364 0.46897364997730334 0.42521454264199793 0.4614549847661983 0.4953254056440705 0.48947524588473884 0.4494503571291457 0.4040137316996231 0.3639537909785115 0.38003364817792606 0.38529326726297414 0.36387364898561314 0.31585587981136487 0.3506777838826342 0.3190548537597138 0.33315933579587154 0.2642015053386673 0.27571748278608277 0.29296434435141266 0.3538183649613571 0.35940965513481593 0.331283480927692 0.3512175934781327 0.3226619121171747
0.5124777055974236 0.49524928535427615 0.49866693233402615 0.4631348975836079 0.4559817745856259 0.49488432462324 0.5000227735568988 0.47978519489349675 0.46882491950617555 0.45374932183390115 0.46069010494923135 0.4676396502965629 0.4077943198276672 0.42514494394851526 0.40982706307453376 0.39657311710526527 0.4450198140897213 0.44208274911063933 0.4264995306352654 0.45589220641943057 0.4471819371721672 0.4417833744303587 0.46724708214259564 0.4963928065856062 0.48324765330993413 0.41981465935553375 0.3969862695495641 0.4118862594166702 0.37194945946554875 0.37045847481895733 0.3882400298844529 0.35017470059278377 0.3233968983791373 0.36147223925729083 0.328293107522736 0.2860452050914797 0.2784234786773146 0.2910773930791532 0.3061530547747281 0.2973928369716585 0.3326899802556332 0.3569107319310981 0.32038225104147866
0.5961967008745159 0.5586384060239191 0.5576620577589483 0.49230052472573876 0.49030758942908087 0.512287399139665 0.5013867613871098 0.5605381398143131 0.5291222391664392 0.48335485973771214 0.4838293564312594 0.5142377887644268 0.4557187005089038 0.42520877940719404 0.4314189572757431 0.4012185410899186 0.4093581126587147 0.42261036844689603 0.45022494409011116 0.4342289663152104 0.42442176715801555 0.43594413689421135 0.4909399681470079 0.46305776341255117 0.48281711755204426 0.4296240080913519 0.41169617643552775 0.40822930701856486 0.4335316855640761 0.4066348907402509 0.40659436061563553 0.3820449345347188 0.38959745167477494 0.38082242855205806 0.34423857094707927 0.31317878433270835 0.26603241253925536 0.2592650049675733 0.2841748443591166 0.27410415770498514 0.31387668169850536 0.3436963215458969 0.34190126385906017
0.5961947558177795 0.5828028955230086 0.5774177237867867 0.5228277262696222 0.507661383725002 0.5432350793709779 0.5222328665190644 0.5657859020037349 0.5722114458596359 0.5283747051653931 0.5180541510612984 0.5024637691142427 0.4533447951400589 0.41722719429256283 0.39465643343810286 0.3925969389821232 0.40286429388236983 0.4097832912305886 0.45245563916303017 0.45986660642070104 0.43189393298103085 0.46069534671569795 0.5000237887581958 0.49271158887003036 0.4573263194899209 0.44602448202685596 0.43865650839966475 0.44282869171486544 0.4520275275093642 0.4390192939931783 0.4357742368243584 0.4192443322757977 0.4140814775653938 0.42172032963389733 0.39737215378402724 0.3563413598771948 0.2881925011456496 0.2591248011379051 0.28829640998488565 0.2930652273307503 0.3307717175391445 0.35750797091183867 0.34291924442668853
0.6008193352971295 0.5841608226447924 0.5770935467993504 0.5796437145737205 0.5514857676411037 0.5391769858950054 0.5721282035455617 0.5888093918748635 0.5624756625627014 0.5664267724932145 0.5445099883559498 0.534920266543981 0.4690853893668865 0.4221956692961062 0.40922674243225177 0.3786523657794087 0.44512207899139333 0.4538089856050302 0.46181555641764216 0.44567955822593935 0.44135953974094044 0.4861902087892146 0.5291712411736004 0.5216232476197076 0.5409629309162938 0.5202235565196487 0.5082929583067506 0.4814978706232947 0.45213862875706856 0.4344805474861963 0.4490397173145818 0.4552066085599902 0.43267953293544686 0.4348513572331623 0.39581045087017264 0.37508058818016093 0.3484822510655249 0.3123428124064186 0.3503732703558327 0.3688752076058985 0.3518560919706222 0.33608095092607637 0.34425363050578933
0.6317370677203468 0.6355421393539704 0.5833302617037953 0.5740350301385534 0.5595447929305788 0.5522145243857711 0.5497574409311557 0.5435284547760233 0.5432222467893092 0.5376409499510418 0.5284861452357492 0.5223258679570734 0.4665924751843635 0.4242404468909898 0.43841145274520266 0.419826134539367 0.44835006571329783 0.46540971217470334 0.44716426028239453 0.43859201371089557 0.4700983037395722 0.5072538435061228 0.5252283502934155 0.5164364845132181 0.5531015498155107 0.5417363432746487 0.5021598344092982 0.5207535380720746 0.4669591647746434 0.49255092978106957 0.46411697563819543 0.4248980708598173 0.46510983818959706 0.4434979649790922 0.4130522842492542 0.416613204177637 0.3946262495138707 0.35414759995372436 0.356961560987194 0.3620401187513184 0.35195262334075267 0.35481812476598296 0.3126720953433041
0.693759555737144 0.6546383449869276 0.6154896642616756 0.575688884236005 0.6059329090385559 0.5873320127109005 0.5868507731234419 0.5595616768854177 0.5378362765693492 0.5306138365484263 0.5165214760090311 0.5078203645551223 0.47566751023170556 0.45190827939962885 0.4601038681020207 0.41234595872756064 0.43599667715902013 0.4883576094438791 0.44309069982470145 0.44989947039398526 0.5150723617630865 0.5313025987936412 0.5265039053464475 0.5078974025387369 0.5386923978187919 0.5625233498672735 0.5265445586243712 0.521946130616479 0.4999879571420497 0.5083209327258613 0.47603238409824955 0.42464400910847283 0.42175518704971515 0.442526850471497 0.447497386037723 0.47462740353752914 0.44838351509819124 0.41449265946892483 0.376994818477966 0.36809374245468174 0.36330862062516084 0.34054064996360794 0.3404835542217372
0.6962324980439215 0.670550516717191 0.637684164623243 0.6276914417904393 0.6187895527376367 0.6369920012961146 0.6197459804118035 0.5903306420244797 0.5786591776242151 0.5370005540433656 0.5026339171188278 0.4979486443715399 0.4647743186771574 0.4428219655823821 0.46587907065675327 0.4284170701023989 0.4466065885556176 0.480530574670336 0.4753540035225197 0.5027854226531117 0.537503715784226 0.552958503026204 0.5324665796473443 0.5142173651646845 0.5147199250651153 0.5596121431114063 0.5676610451520633 0.5621881614123493 0.5241162507091176 0.5148389473919568 0.48665851910253444 0.44246767405941756 0.40731361266925364 0.4524872407278782 0.4592280615481077 0.47512405436599325 0.44751922471213296 0.39199881441717094 0.3952922253204345 0.39507923289176516 0.3570899286219598 0.3518825227145139 0.34151278845004013
0.6572830781518519 0.6700087517118437 0.6510619932211397 0.6347814996835635 0.6233079178341059 0.623458882899973 0.6321334290871395 0.6081433890847967 0.5719478201424889 0.555798142470801 0.5410813374919256 0.5085414831723005 0.4963254182341063 0.48319955504520246 0.49129653354220276 0.45107949406014114 0.46111708742886276 0.4929557762466191 0.4993997808395304 0.5519868989738866 0.5235854847340833 0.5428701497408553 0.550676806572732 0.49839967622854026 0.5145662141078167 0.5292534345382907 0.577229132431873 0.5691250507447572 0.5797538392410229 0.5248647926713351 0.4698842033483791 0.4263199486130443 0.4232002783772717 0.44661210592555667 0.4577117529238849 0.5069075163966233 0.46607441794444543 0.4111930005685844 0.41067787438008485 0.3739254110352674 0.3480618961949016 0.30654552514786765 0.35240119060787634
0.70489337196296 0.7093862787003297 0.6998441818629629 0.6547573183467171 0.6848855446108548 0.6607510510749951 0.6265278963630558 0.5940175520282276 0.6099957346456051 0.5963469411400246 0.5569238589558587 0.5388143244524461 0.5055748512540316 0.5186185792215554 0.4836347792172942 0.4371356068752529 0.46511068098730685 0.5287871971725925 0.5536310612627569 0.5458171904908441 0.538425441065261 0.5346075484699067 0.5590811058514145 0.5214447930917278 0.579043055067473 0.5806011309763804 0.5653007947121274 0.5993109880852917 0.5924822208678394 0.5416104251807133 0.5074961140487827 0.43953527138212756 0.43180684029888705 0.47709558886242726 0.45745651815593613 0.505155181721771 0.46243072662188833 0.46209619958579384 0.41520687015535857 0.3479720788043001 0.3373786653229876 0.32081410825350637 0.3522420788833871
0.7013183090311145 0.7445131954403093 0.7183965553883813 0.7062706730050116 0.6724156400941009 0.6782223378247956 0.63578321600023 0.6335514616249468 0.6053183278380663 0.572302296314322 0.5574629746512636 0.4857325471922502 0.5291677008995305 0.5011394785148371 0.46691573680381854 0.4278715376352265 0.4916635169142198 0.5194191145787237 0.5702887517887091 0.5971651690183779 0.5486197204812423 0.5414055756063441 0.5740430140130716 0.5587180055317184 0.5972652161561676 0.6199619211092634 0.5710107612923627 0.595844397231549 0.5936777018666429 0.5907103410705425 0.5123490445282811 0.48302960193897004 0.44745196196818093 0.4764292370957088 0.46793367927665563 0.5120745223742568 0.49139433060435045 0.46067981453439394 0.3999425373364717 0.34677265250164757 0.352333323039813 0.3584495564199101 0.3628758465190931
0.7396840465321003 0.7440792927871805 0.6980117223437978 0.711607291781518 0.7285240833589239 0.7106931740461733 0.6512002127149644 0.6437781927348202 0.6175412479635172 0.5954683320613482 0.5656810724835541 0.5286404545191502 0.5227567155107558 0.5278675399650936 0.5004952616322353 0.44676389850945913 0.455551955067355 0.5000646900141082 0.5505174206853983 0.5780443275537976 0.5729280056603345 0.577959931630791 0.6123900497487124 0.5719265429129299 0.5777588070397013 0.6003126623363195 0.5968395484720588 0.5969303561078886 0.5904639938921379 0.5894277375583759 0.5424005443671533 0.4956363740810487 0.4812178163947626 0.488182071021932 0.45299202711577385 0.46076063110984306 0.42764741105555404 0.4101734731314533 0.3938001121877097 0.3937165716401509 0.39641511703786453 0.3697358591705792 0.3771851362827141
0.7231281869052382 0.712812443750167 0.6846485562261962 0.710350854055681 0.7029059432294688 0.7078398844838194 0.685114217121084 0.6303255329515802 0.6329450929541431 0.5925942393974077 0.6143350855863728 0.561969266201047 0.5259055079840695 0.4892958375218937 0.47047996357613087 0.49075393544105833 0.4804344266234873 0.4922006414451181 0.555486492689562 0.562861384496877 0.5773298466556825 0.6302624987910032 0.620426224430515 0.6213615169776884 0.5834288110137265 0.611278707082643 0.6378246982345972 0.6207013359524939 0.6340798725822079 0.5942160234079304 0.593028872726286 0.5647286280177009 0.522979308324776 0.4742333424431956 0.4721709916407407 0.4377849151839891 0.4076439071747123 0.39913385153757786 0.3804099720045044 0.3713435574532794 0.3870157556018341 0.447131949864427 0.4006448059249331
0.6638175107629937 0.6726462770085839 0.7281268193842442 0.6928531751410822 0.7018619246606173 0.7182458613087196 0.6952619035465535 0.6822642761567812 0.660798559373213 0.6309864627748953 0.6584343759179534 0.5857342703816071 0.5562634834367491 0.5162103946973748 0.49112112749458403 0.48420789120538327 0.5177462655321664 0.5103412023917351 0.5408565069052278 0.5792778541769326 0.5983623450569815 0.6440167596927173 0.6264043150990484 0.6435724203991017 0.6176526721769677 0.638105781775894 0.6354475118391237 0.6163876742884642 0.6236178058426508 0.6090324950665921 0.5713766257158521 0.5304515279019452 0.5209371424468684 0.49750053467802036 0.45457717617928933 0.43187931698748666 0.41370114827908894 0.418592893056011 0.451050629253322 0.4465754916965099 0.42235866608546235 0.4224950029422693 0.456711260286573
0.6526763143945804 0.6811043498296065 0.7024526706385202 0.717291884107607 0.71758784562568 0.7589762674402946 0.7141846837981243 0.7504641183792935 0.7251972790152829 0.7242526440188153 0.6680773544613118 0.6763861502250278 0.6378531214445131 0.5830674210571434 0.547996442266519 0.511308892203095 0.5122158767909533 0.4983093102859669 0.5214987414147686 0.5915506358507797 0.6247744202418458 0.6577696400819877 0.6297527365324428 0.6584746244768098 0.6087386239788717 0.6583744602142149 0.6212329953497797 0.6111606791248366 0.6216047295931811 0.5607990695036107 0.549200066031097 0.5214205247028834 0.4687185770597542 0.4329980863677869 0.4311916417602723 0.4282622719379549 0.43329833823022773 0.4648950206822484 0.4680520907189911 0.458492836099984 0.4631832540003871 0.4621539804116056 0.4254393307169643
0.6395003826072454 0.6729635391611745 0.6541369891919018 0.7042834021135027 0.7237880956822423 0.7208143803364451 0.7133379912313552 0.7218710432364501 0.7409388066395867 0.7283871234352447 0.7142641210834603 0.6711077772375001 0.6320270394781982 0.5844461402327442 0.5569581757884022 0.5145631072461194 0.5161210968643699 0.5329390598069593 0.5523137101246129 0.5725776085687313 0.6061771310622663 0.6122204674903303 0.6310664049628113 0.5910858150086489 0.6027276189478653 0.6358059424909761 0.6407912088760312 0.6134709126426069 0.6135130142130714 0.5383872920353263 0.5176235973514086 0.5155412663714475 0.4834281164629716 0.45837583766352197 0.3978533227393188 0.41095965794632505 0.436900867890822 0.45470744264869134 0.43897270536225313 0.477088248300039 0.47416839141230605 0.4643414640203301 0.4370357944091543
