Raster_benchmarking/Raster/continuous/raster-439.asc
NCOLS 100
NROWS 100
XLLCORNER 1743168.902496596
YLLCORNER 5469283.447737298
CELLSIZE 10
NODATA_VALUE -9999
[rows 19 to 37 of 100, columns 43 to 85 of 100]
0.30498046427567277 0.3266105570864597 0.3210523295781588 0.2778358813511457 0.26893449274512377 0.27706326932906433 0.28135787588498246 0.24594790722452867 0.23480713754704916 0.204000129532314 0.22247002708625863 0.20649242642947577 0.17787273991992542 0.16037273621472978 0.15243505785915207 0.15305708684663047 0.14076802603852093 0.15694645438156168 0.16449706264466707 0.14828056042926577 0.1802084189331236 0.19125733927767108 0.19618272391597796 0.2002866941478895 0.19238685362014105 0.18253475889916418 0.18268268444980107 0.17990165094478314 0.15771262062348854 0.14867378262029685 0.13268436790728447 0.13445871208700771 0.16525227301056367 0.16188400011159348 0.16653759146761202 0.1682308890820804 0.16751520338691736 0.16620631613165157 0.1707024730360526 0.1897050234577302 0.2099741157310582 0.21577853553661266 0.20778824550579325
0.31549881819956 0.3111329160822914 0.3019830294122245 0.2975725193711064 0.27207732892565584 0.2969030633875149 0.2874489543154596 0.26854666181527487 0.2354033206037013 0.24590111884236615 0.2356999850553581 0.22880064680747836 0.19636204665736134 0.1695012678219411 0.17376205133945571 0.1552106047851 0.1624118769048991 0.15899176694763445 0.1515358940620849 0.1383318104726553 0.1657823114805247 0.17499119360631638 0.1867288364079739 0.19092333282780052 0.19890867385307343 0.17983026768996926 0.17480237770563686 0.1752725810817708 0.17858695726163257 0.1735432705866509 0.1521295368450504 0.16193652522099744 0.1633693722416312 0.15318274968839793 0.15721717889186326 0.1745776927379327 0.16842596433900459 0.16782172189554165 0.18299687238904758 0.19989288350957882 0.21173245838626617 0.20838883908574388 0.22400911117108266
0.3009271040083164 0.3079732374367288 0.3069098070709403 0.28607330710229684 0.29057923723051 0.29015376211528177 0.27402601850887814 0.28284816803203194 0.2690973711535945 0.24886706076627021 0.23711893184000923 0.22259547949454847 0.21998658095941045 0.1939808327666185 0.2009234243829778 0.17502454244953383 0.185334109096652 0.14745324580038588 0.14421896584380597 0.13548487021722216 0.1518928838359013 0.16993432817907814 0.16524403472995 0.18484099813479038 0.20020679205532768 0.20395946756460998 0.19877669477425297 0.1954988890550675 0.1761479304439784 0.1769593740246158 0.18517783278892447 0.16615725002029264 0.1639209141819718 0.17728461577063073 0.15351998689493163 0.14554422971263906 0.15338890547727846 0.17723530602450177 0.18406527688433422 0.19526475301423166 0.20537824503932786 0.19326316030849536 0.2013727748916383
0.30806467947663696 0.30291134088324273 0.30468342440555096 0.312551205608609 0.31641228437262503 0.31522479597314773 0.2968962772891638 0.30154134715252673 0.27106884377088775 0.2376842836707333 0.23110349802547184 0.2409673956195498 0.23000948739553226 0.22600609378665082 0.22138262833146705 0.20967676627689535 0.20397620302916367 0.16862680335529923 0.1736713511812952 0.14130833719570146 0.1592583055184739 0.17266246665739357 0.166656624061036 0.1731176916871923 0.20171444206138373 0.2098711359644701 0.1835310594936206 0.1716929036081639 0.17865975359723132 0.18951255425088148 0.19161948509699922 0.1976118396432054 0.17629090101322908 0.18338798221024008 0.15052644657729752 0.1419234901745467 0.16573852949421122 0.18410764505519045 0.1748237840829869 0.18784193662684925 0.20078182692158658 0.20760309623580672 0.21379644791819144
0.29873072169039094 0.3070702008867561 0.32733591757404235 0.3405358326336978 0.3208051115990998 0.3008119642829253 0.3120740484429571 0.3059870914288986 0.27179892591564525 0.2581081114738422 0.2568581883246445 0.23884648247100632 0.25367366038327793 0.24048610517438634 0.22125934686330925 0.2326817786772 0.20712790694332725 0.20758042962639642 0.2002022059521267 0.15065785521314187 0.17745540088976725 0.1687645209031602 0.18772686626272314 0.1884666797802918 0.18582941167718411 0.1909965750978144 0.16279189224241591 0.15127826352620513 0.15773024654286183 0.1663091974098779 0.1887504828410655 0.20063208406410107 0.17963882516415589 0.18423767830830684 0.14707924487280466 0.13383905426698714 0.1705573831813495 0.17236617202401877 0.19701633188767512 0.21127526323050486 0.20079169070209757 0.1957634408572951 0.22173771704838743
0.3287662432525291 0.3267577245472065 0.3139445237506138 0.34295776511693526 0.324826845402582 0.3072999016024241 0.3048505449663298 0.30980501806780963 0.28147929038759983 0.2705515149514958 0.25772190035037795 0.2646290338229601 0.2597274936712556 0.24368708426766025 0.24189750188102221 0.2224687488262021 0.21422459071744543 0.2212396912520027 0.20949757975432007 0.1933809291539815 0.19386526206418978 0.18891228216780337 0.18018182521122944 0.1668794759928219 0.18555396440442912 0.1768407831293768 0.16670638302417798 0.1507216395821542 0.17258002465777852 0.19103157155014053 0.19777751513518999 0.20500775870942894 0.1967903367327309 0.1965930177221717 0.1662147572700761 0.16196150548059887 0.15908387072611593 0.17365360884763428 0.19852465206595868 0.20900452271213826 0.19311942086262943 0.21106622505482042 0.1993474986389806
0.33086048391558104 0.31282004355253845 0.30891223303125986 0.3333228624604382 0.32767281391050507 0.3097764796975427 0.3065773858542709 0.2926634563758667 0.2961881420671786 0.2860341766990115 0.290321981295499 0.2942230447022948 0.2789250376365862 0.2843273057164273 0.2503200336361862 0.24147936855656726 0.24869469310016373 0.232619882756381 0.2056823145826475 0.19250304215281655 0.19220829997064992 0.2032217493366972 0.1908745487079379 0.1708469877428697 0.1846555578615384 0.187619770958297 0.1722739266954459 0.16744933896233163 0.1883533628765266 0.18817301441552342 0.1912134718747408 0.20453540131662684 0.19492273561722673 0.2046002805544446 0.2049065884618285 0.18565396938235965 0.18515838808198953 0.18395631310808147 0.200168003695397 0.19489222833679515 0.19141650183323036 0.19931693407607695 0.21277843365761245
0.3021273332423062 0.3227991094239743 0.321923641429566 0.3106966716103816 0.30995253710216936 0.29258169012862945 0.29079676897849616 0.30304334409898515 0.30764115577688017 0.3145780690552718 0.30034678040722657 0.31129877975227077 0.290750697740433 0.2783909130546032 0.2533874597845887 0.25852777464955395 0.25174652630342637 0.23173365012390654 0.21819889521685915 0.21563936412341803 0.22064809756440132 0.20433142710153188 0.1808301324905188 0.1728179672780946 0.17571820134764377 0.18840174939868737 0.16525103683929782 0.17612641302519633 0.19890552778197473 0.19519587641866068 0.21586505491710217 0.23403319798230396 0.22502432930533853 0.20445709421566138 0.20927477090644378 0.20384395583424317 0.1934217151406128 0.20912741352716413 0.19415140861985242 0.18549476461264802 0.21853369845447446 0.23363503242832598 0.23306836309647738
0.28367751581098377 0.30620617245840936 0.2954171636239947 0.29642150720097005 0.29291267260330023 0.28294629347334876 0.2895660343307137 0.31247144751960954 0.31016290471359714 0.33428791841761557 0.30944588206081924 0.32439186051267044 0.3213193372860759 0.2948454452665175 0.2684625586204727 0.2438965940519556 0.259404385301263 0.2544401493394023 0.25533869703125966 0.2504355717444199 0.22488284473874043 0.20641819412067713 0.18231384638474707 0.17859923709172937 0.1686778717972903 0.17605865141462035 0.16370196962073297 0.1754227695263466 0.19893393710969295 0.21244076213317686 0.2306111319253195 0.22982706508161516 0.24368094807201704 0.23278906250475154 0.2120479566308673 0.2260331316206661 0.19890913801692142 0.2062506580992299 0.19117218675862852 0.19061820228986906 0.22710090018475532 0.2335005887790263 0.2617161540931188
0.28926282863975106 0.3155405566382174 0.30563381128098766 0.3187850846270939 0.3006812905314067 0.2929270343349062 0.2941932207318305 0.31848200485040007 0.3109638475243336 0.3295864062488693 0.3361632951582898 0.3190047344824373 0.3216728123563552 0.2916409439744147 0.2762580760807752 0.2756452930759956 0.2624286805663322 0.26696984939252194 0.2661945213026938 0.26382220665563677 0.2558781302173982 0.22109969475437805 0.20252534671955796 0.18102633439671625 0.18680762594817452 0.1711478389388632 0.19330751322434092 0.1848433857579682 0.1910000208630693 0.21585004918553785 0.2133998911440174 0.2354023613749574 0.24356500451192012 0.24487609022330986 0.22583553589129748 0.23964856039174215 0.22442225797113324 0.2276786373782873 0.2134405900195072 0.2302573459237434 0.24055736937860764 0.25232576720931094 0.2738492183090601
0.2981222087906165 0.30904849477914526 0.3013107025573573 0.31757281307680757 0.3283494932931995 0.31038610393887694 0.32101992770473675 0.30259042536334774 0.3377082885969503 0.35466285447712675 0.3405486697720515 0.35212913650528405 0.3479313869295313 0.32861163167645335 0.30200051495913377 0.27825102256661666 0.2770447855343537 0.2713358345863372 0.2650502349683687 0.26304511980577444 0.2639516502762788 0.2536369524014061 0.22793785827311522 0.1968842978631702 0.20756723479239453 0.19050014553585998 0.18481497799712376 0.19098746469923342 0.21172308917146837 0.19844482282776515 0.21041943699848364 0.23131195216958317 0.244068523804474 0.2522508715359434 0.22984765489574657 0.2426158523043021 0.22274899672714799 0.24070523082470874 0.23313974550706582 0.25770812249195013 0.2743406521331879 0.2850189358431222 0.30238922779708755
0.297457941679787 0.31144376856106604 0.33299269758562977 0.34735819357083 0.3353715158113795 0.33274814538578035 0.31447540426273174 0.31768830448013835 0.3264621930342658 0.3275486977056367 0.3482771063775344 0.3471247585944831 0.3280162017128176 0.3372792185905174 0.3084552018947901 0.3153312072206145 0.2970283014620473 0.2858152379391102 0.29511641524243815 0.2606688631554649 0.2542639647175953 0.24423037553812096 0.2412992271063581 0.22387091071051266 0.2017853957245296 0.20537723987866932 0.2188383137286172 0.2031972120943509 0.21170507993382837 0.21752168475710906 0.2213466364433066 0.2503699075748343 0.24377534612037374 0.23944286411090862 0.24164973905259307 0.23519463733506105 0.23752388233715735 0.2507408641099377 0.2665459999491248 0.25833435983765246 0.27501667639595584 0.2753487102834665 0.30517267388688313
0.31424652333858166 0.3340093851122193 0.36622061511055803 0.38590122907436586 0.36613576034865725 0.35006043592181313 0.3350368063559067 0.3380508548264327 0.3403212583085304 0.34350085388095836 0.3494125498917537 0.34797317499959185 0.34761833180660495 0.3378439159136947 0.34965058223163986 0.33899981013056235 0.3148761091024743 0.328751635489459 0.3040522469986303 0.276461339556038 0.289717783941259 0.2841512007891194 0.2669878846426101 0.23582793594663506 0.2143844158600331 0.20516350720235252 0.21775163823100935 0.22696192924649025 0.23146438252838225 0.22741766083633383 0.2546719831569834 0.2497142848552671 0.2675649970596188 0.25232093060665395 0.25573372412494894 0.25294766333061935 0.24703480515419618 0.24137604850195293 0.24911964469664524 0.28573431713278424 0.2766174323078035 0.2916467083354638 0.2913907662345494
0.32143483885916335 0.3294049406433663 0.35192394772271873 0.3670529646220365 0.36313757861671075 0.3822467319761401 0.36490777506610605 0.3541666129586514 0.34646019425584934 0.3446482718011602 0.35250590178041574 0.36427261890385165 0.368750218623037 0.3583353503389476 0.3596544687116262 0.3550495410692478 0.33541155835573955 0.31393878871718556 0.3065783787936741 0.2815678996744352 0.2834463051491182 0.2959722122686852 0.27958889445159885 0.24277198987897142 0.23432373778918764 0.2152320955129185 0.24392566475544822 0.2331949279975798 0.2459468096555016 0.2407277441457486 0.25859249955079455 0.27093265684414547 0.26474917965233563 0.2474613170533008 0.24440836539107977 0.25292480623354213 0.25928564174439517 0.2442880607236182 0.2647382270779352 0.2854298334472941 0.2772103076299461 0.29151156164038233 0.3023492326231422
0.32602832632856926 0.3351934390681574 0.3602651623379654 0.35436605866615845 0.36523296531690796 0.4002050227835769 0.39148703748890884 0.36681422271693614 0.3804042352131059 0.36835087363091007 0.36349766526662947 0.37566394909275447 0.38405730355043666 0.37509534315584947 0.3521674808682292 0.3294378576834645 0.31849786908648353 0.33366667726794685 0.32057972640641774 0.3147383674357001 0.29545763315228984 0.2863227114682792 0.2780289151875431 0.28082744560041795 0.2550404633811965 0.23970791718671114 0.2500720564582556 0.2618159168586578 0.2621723470990317 0.277035833317334 0.26632417077038767 0.28649471915744446 0.2514039083549827 0.2537216209187622 0.26117439835044715 0.2745768327438539 0.26156882189030106 0.2524582116992788 0.2675427704729353 0.2858739657167562 0.282202710825528 0.2836906787054765 0.31248303350232054
0.3143938315139829 0.3377739845001405 0.35660529772843097 0.36436791078842923 0.3893066920125339 0.3954227173951161 0.40117600558307004 0.39595197622652545 0.3885754520695339 0.3865333336048468 0.38755360686973084 0.37759370631921263 0.38819977776951764 0.38066414166681073 0.3629435016530656 0.34486172318123665 0.33499801438225896 0.3396638581300119 0.3435473190855322 0.3356595237731169 0.3242901274168661 0.3058241732492528 0.3227076239547058 0.31837341882089604 0.2918671179535684 0.27925709467303145 0.2538547858096168 0.2429046640798002 0.2597237160235999 0.27540401996691055 0.2839004556720694 0.2872381756418535 0.2561722226610947 0.2690687807550674 0.2747740206753783 0.2799821721079081 0.2831453347771725 0.2836868146051976 0.27554363317109815 0.30023223347492356 0.2885912018473438 0.29648945159311213 0.3103429485741766
0.338133433624864 0.354262528485427 0.3721033413417131 0.3835234101837101 0.3906124969586384 0.4296876990498354 0.4119715002956577 0.4326577186339351 0.407694959514763 0.4059728841460576 0.4055494026548297 0.38901716417849175 0.3894369345166433 0.39353330913404755 0.3745864862691158 0.3488574259178356 0.3645335531586533 0.3579966565904745 0.38054790454902127 0.3934913430680233 0.36347183777714576 0.35261841510253905 0.33287177717557664 0.3262718570037573 0.3137105864428438 0.29579832918155563 0.27354454734427114 0.25769850355199897 0.2814476648194324 0.2626300804407774 0.294548582634825 0.27221771993799226 0.2798732851668834 0.26460673083510905 0.292824431829752 0.26529554876786066 0.27259200870266803 0.2858536818753185 0.3014346856732528 0.2993486870610667 0.2972238078748605 0.3142584461771075 0.3293830048150486
0.3409885358047245 0.35247600847618904 0.35599762722710415 0.3717800500288375 0.3896293967545502 0.4317031904393789 0.42603853723276625 0.43408209534425934 0.426018966737911 0.41934146764376184 0.3969381583766095 0.3864748077335504 0.4048989406152097 0.3915320383233067 0.39476495617750734 0.38413241932946374 0.3767172277246009 0.3778795109303374 0.3833923687695652 0.4131254659644579 0.39176719214312256 0.3562282813362675 0.33587632616562635 0.3503711139104632 0.3307285446548554 0.3158736241802167 0.29288070924065723 0.2815481014487065 0.2913930335860506 0.2921847813175256 0.3055274364263909 0.29392044682879603 0.30465984579573385 0.2835133207743778 0.3077980997805269 0.30420089303198855 0.2912172896579453 0.3116761588734895 0.31865225361961347 0.2979217747336401 0.32536849745454965 0.3206820787987001 0.34293049887524923
0.3264631150032467 0.3250900367389934 0.3318226348361131 0.35559038298995366 0.4045506316415299 0.42272481625409736 0.4308021341790439 0.42294864677026756 0.41470476847810334 0.40051436277322794 0.419378756898749 0.40270828134531617 0.4097907164894981 0.4046819398941499 0.3870151601894889 0.3862938294257225 0.385069353108948 0.4011516820121793 0.41278306463521053 0.4277831975695479 0.4035879150444204 0.3673864428788828 0.3646105630257904 0.3546299631427863 0.34221799710283113 0.34060476252177296 0.3257194718238111 0.3041156362061638 0.33224714200057814 0.3394331708105486 0.3249456792704179 0.34050417097536073 0.3284163052257093 0.30859849185723953 0.33920580167876985 0.3473169197621113 0.33808450134104023 0.3252574812313737 0.3101626374732214 0.3083931739225727 0.33732124361920585 0.35401035315833673 0.35566324992547643
