Raster_benchmarking/Raster/continuous/raster-36.asc
NCOLS 100
NROWS 100
XLLCORNER 1743150.9625848928
YLLCORNER 5469278.062687075
CELLSIZE 10
NODATA_VALUE -9999
[rows 38 to 56 of 100, columns 43 to 85 of 100]
0.4292544254843296 0.46221735246525797 0.5007774723867648 0.508650660786757 0.500020912572353 0.5375370264729853 0.5470742340620196 0.5816394248034498 0.5670221147148451 0.5883970313178328 0.566015994846367 0.6015630015455952 0.5895771054585749 0.5808421250274352 0.5957504778374663 0.5820865333055796 0.6149554908744485 0.6124570275884876 0.6269040559402079 0.6441813478037889 0.6583890886875026 0.6784599956213696 0.6828159627467362 0.7099569596395234 0.7127117991812617 0.6971583826354723 0.7075442194923771 0.6916187552615368 0.692935685326063 0.7094070613825472 0.6780435235809023 0.6866351809514332 0.6546497185579631 0.6514070473189985 0.6575023402478041 0.7033511855253908 0.7056493681613588 0.6783189498241878 0.6548144779344609 0.6641326431340644 0.6267077172965597 0.6139213737913307 0.610658560644764
0.46639640147546507 0.4571664460398953 0.46873972615385445 0.47953160815392076 0.46858161971485246 0.5276520635128404 0.5674610702451857 0.5568901987876981 0.5618988192408058 0.5536955380368126 0.5745487162185818 0.5727529221521096 0.5946810681255016 0.5992726743189137 0.5623434105023388 0.5570715559652267 0.5729690703044044 0.5979514408826309 0.6027546536575485 0.6258068576226818 0.6474596176881486 0.6533834177897715 0.6951846581641893 0.6809147854105758 0.686901738119113 0.678085031086638 0.7071929949417071 0.707053503886048 0.6953034289675775 0.6646543890482096 0.6489770464253168 0.636903379744268 0.6287879695747048 0.6613048625381989 0.6576916824459238 0.6531116376935001 0.6933467054879445 0.6682222660425011 0.599541082843063 0.6494808482290169 0.6386164499244973 0.5963395248545104 0.5659888769795742
0.46615437107541535 0.44827725761982345 0.4652221539000588 0.4427987817958853 0.47023774355592113 0.46259682215294134 0.5190575934853617 0.5184148632821554 0.5428032007538163 0.5538541780055629 0.5531639924542733 0.5553514382174614 0.5578413900129097 0.5719667247480671 0.5868034251056106 0.592314539155526 0.6030288662793931 0.5979099646127592 0.607942668475419 0.6094120490372484 0.6460641292120314 0.6796023189734597 0.6981895366895278 0.6574242992033442 0.6944464339348825 0.6779741639346262 0.6798308344926647 0.6684372607126222 0.6765993020305358 0.6548620098588369 0.6208120167953822 0.6430515363908444 0.6516673703142314 0.6446876944919637 0.6468822178160373 0.6409209457891768 0.6566297978041395 0.6350656601223436 0.6213001835329195 0.6058134670595987 0.5827652996791026 0.5924228898599029 0.576367126922608
0.4938974013984735 0.456181443122813 0.43805782373621643 0.43139346800780537 0.44585264298361843 0.45613486568582645 0.4592792739344765 0.486140198873447 0.5066952568672277 0.5354573436181642 0.5167552173421841 0.5413151902664276 0.5655322593630197 0.5652126685065813 0.5554494000657096 0.5787212254768991 0.6186567470824922 0.6120224566856829 0.5810632243530137 0.6197680033066619 0.6153384903879189 0.6439709343066452 0.6750897232083779 0.6489773526708855 0.6618836402899113 0.6713444831758352 0.6301055835324726 0.629122223138907 0.6350652667693208 0.6333734475428953 0.6255331689463708 0.6514528987015497 0.6673549892138516 0.6457515440588428 0.655008899272529 0.6274074807946403 0.652912290728221 0.633153110463756 0.6459690160193211 0.5862110962880953 0.5598831629943695 0.5582678933106299 0.6024659346459951
0.474791079753011 0.46215179460468053 0.4423071350972009 0.4696502561854556 0.46234516816990395 0.4513061349336404 0.4736369703470585 0.4879958779899065 0.48688081048699655 0.5266942760332151 0.5083178213049929 0.5073120263152405 0.5451500553626825 0.5253679802406598 0.5268882074616092 0.5902978434001995 0.6064306084663572 0.57865958824119 0.5888029262189586 0.6224007313496313 0.6210908418422724 0.6227175528818102 0.6627878084585016 0.6327684108847895 0.6456842384899816 0.6343153438141598 0.5920639938768847 0.6011829637048891 0.6229521698285934 0.6224481601686037 0.6043047305224254 0.61822016479056 0.6127999427138535 0.6383269198951084 0.6608029981028369 0.6393585971889801 0.6465765021822583 0.6333774605331697 0.6359534663578896 0.6074397692700287 0.5883702439186375 0.5560280396113295 0.5654015350358358
0.467853560246028 0.4683625057724605 0.4409628215212143 0.47562187706202647 0.4775722663762858 0.47480167495647474 0.44751652217563526 0.4871542823242483 0.4942856908726237 0.5129008229828067 0.5013858876266262 0.5108757942737189 0.4944182880901348 0.5290867778072376 0.5223290754454185 0.5497425831779044 0.5755759693119792 0.5986051663514831 0.6312643941522557 0.6259615683647469 0.6220828365500497 0.6234177851468908 0.6610437532370719 0.6393502011829113 0.6167128757112397 0.5977484695906508 0.5427008592865699 0.5829269708931462 0.6099000157649151 0.5967222985129494 0.6301051747424715 0.6440066060168387 0.6106897524619241 0.6158704090196467 0.6346347172958573 0.6359250607493174 0.6244648668950775 0.6119034333172721 0.6362949689347479 0.5966256435216863 0.6025633075421162 0.552556056503444 0.5416662859274013
0.48124600369444925 0.44386910927756845 0.4424678528314888 0.437102096795446 0.45860797465824193 0.46415643963076036 0.4659405942004806 0.4622981571660517 0.464189495602926 0.47369457116251895 0.47401430097226804 0.5073883952390367 0.5185310345803124 0.535057052356703 0.555852035044699 0.574603362558512 0.6043883485451399 0.5900111658489192 0.5944110204002484 0.6007376503435302 0.6334860695702319 0.6225863516490725 0.6392694539851083 0.6026428925965642 0.5871785209198561 0.5549731480821752 0.5728238005630195 0.583843988460719 0.5957712905147253 0.5972540871800638 0.5980447998559114 0.6333373756811052 0.647622948185513 0.605817965753111 0.6190111281022401 0.6326977649575426 0.6415692258786787 0.6068811431665613 0.6269729842793291 0.5936951215216416 0.5982799563551264 0.5715709025941352 0.6083385884940834
0.510780287050887 0.4741699193179086 0.43164513896512025 0.4434524760183181 0.44188475891329587 0.4446840009319713 0.44039982802220756 0.48935195621710864 0.47697404870064436 0.47945226480206615 0.49208852908375017 0.5042281245752466 0.5089549067271362 0.5413484618553339 0.5456363134652902 0.6039292113887583 0.6081641996362344 0.6068409259619199 0.6302035226233075 0.6093536678715896 0.6027337868170963 0.5802252502034375 0.6169578352145219 0.5734070253390263 0.5388364247308014 0.5586409080420531 0.5737792593440226 0.5609533118716055 0.5933224174296783 0.6225493956375566 0.6039686988382557 0.6539790983459083 0.6534693998283534 0.6539492445914593 0.6137093233198665 0.6288583832016124 0.611066091949721 0.6240343120767504 0.5922567218266538 0.6210408058356414 0.585399389298711 0.6036420313912172 0.6185295349815465
0.5172939116480442 0.4766681084772532 0.4604823928439125 0.46483611316736295 0.4722848500608883 0.4907029870607768 0.5003170293026358 0.49154417391493416 0.5028024730569195 0.47979640468355783 0.4993014472994938 0.5364844027005581 0.5447614622561452 0.572066548372311 0.5661877754250482 0.6101654753408934 0.5893349516603957 0.602723168955146 0.6252091800987987 0.6179346040177576 0.5646129298134697 0.5566358629163066 0.5510274431049843 0.5407912119989547 0.5500634458038263 0.5396752164239756 0.5380272831236239 0.5638510517744338 0.5984148825338605 0.6156794567812098 0.5972167178670893 0.6318342051898431 0.6542779224921538 0.6514255395338224 0.6206643906299455 0.6475621683588303 0.6436814918460356 0.630773262797897 0.6329092377020625 0.6323024801866066 0.5998787015732144 0.6053972541127096 0.62307515371445
0.5360888573723936 0.47481165142236836 0.4531026594935278 0.4743748529842432 0.5257814090813374 0.5096355020532587 0.5437240864777633 0.5321292895712304 0.5171612406768021 0.5020726077844418 0.5245469913742831 0.5616093710094529 0.581677383115311 0.5920059357314242 0.6135014054675814 0.6223115179511653 0.5915972707071392 0.616936579373182 0.6047354158961304 0.575651775383943 0.5574387746954378 0.5515091995435643 0.5077445522287746 0.5365452278224536 0.5025541517728411 0.49970981452804725 0.5083176160584784 0.5690912873326857 0.5983023244515017 0.581672161397787 0.5858780097213171 0.6030912436787351 0.6198209442735395 0.6360200972000005 0.6563174505296663 0.6733915571229093 0.6826855512597233 0.6568527486023301 0.6334850823649096 0.6574660419718265 0.6577897388131914 0.6571299726262692 0.6345678649079455
0.5284673984634777 0.5272425716720227 0.5003127835156034 0.5049086963035521 0.49967233535399724 0.5273762258457821 0.566587577887833 0.5498619313006768 0.5327053246038987 0.5311050358073206 0.5242901183059885 0.5400810168978653 0.5423156573969233 0.5591639546753499 0.5660018773806742 0.6003085682249567 0.6195495191478497 0.6083116480965968 0.5816708049579156 0.5567269175410483 0.5742687568305063 0.5506417183979707 0.5343317800653553 0.5337266800840087 0.5167570605956542 0.5258562181465632 0.5344444436021032 0.5752899968880157 0.6075268233265374 0.6030584273776332 0.6152735150734951 0.6104366636703985 0.6556313363592515 0.6727731530392985 0.6675945165507093 0.6889196136398861 0.6847006797180715 0.6417826335538341 0.6128285917781221 0.6218026642842328 0.6505256391514407 0.6443705186645049 0.6361642576646284
0.549425827302905 0.5028548094301614 0.4754237276978029 0.5164038501232561 0.5301658103777769 0.5542234840816312 0.5638541998452825 0.5286499441880322 0.5078060536829324 0.5364406083402143 0.5510757710437751 0.5589732368939 0.5430354960380118 0.570330161287887 0.5798064166412372 0.6066574646784896 0.6130771059881593 0.5932941621430583 0.5972823281051011 0.5843596002604221 0.548743675701496 0.5600208821897832 0.5313593193182777 0.5629367458636902 0.5685719511827138 0.5615145628500376 0.5297829831268512 0.5576589405309834 0.5948225555819332 0.6041681464864078 0.5795805092361835 0.5986547882731044 0.6524861948698606 0.660713243871287 0.7071566230532919 0.6810627997643353 0.6906244910247225 0.6690774053033142 0.6233363950282016 0.6346028209368438 0.6239662968487778 0.6070938572446869 0.5985850481926804
0.5509661702339745 0.5011234318837708 0.515110874433899 0.5022478253096031 0.4995600234294818 0.5227729931251762 0.559640657887436 0.5432229773861424 0.5183344835737846 0.5015996358588308 0.5365305980969481 0.5510844287537133 0.5719088351584637 0.5787492819395437 0.5621525674820199 0.5777806932527957 0.5930075066564994 0.6072026812351173 0.5944766268390647 0.5990603757166422 0.5814551734442488 0.5444096854807841 0.5568183876754638 0.5716111190284701 0.5549393143886497 0.5781423715875708 0.5687673565300784 0.5653501899611102 0.5883897722054093 0.5732335587697613 0.6132879142083274 0.6290756225465881 0.6344013910096192 0.6819231587454413 0.7154134314200877 0.7151763022046116 0.701254287725919 0.6645147452782069 0.6793479337346544 0.6567379429541372 0.6623354328357441 0.6235169940024957 0.6297013520760307
0.5356453599040383 0.5133600163155784 0.5126810548915579 0.5349470557521752 0.534829867000126 0.5110314512026833 0.5420833938552592 0.5243457990497101 0.4847820015991814 0.4911610182662945 0.5297837032814021 0.5463687897695196 0.5497205140685157 0.5821607713978612 0.5952917335044403 0.5969465831220081 0.6015159595184953 0.5959422127753964 0.5825063285012593 0.5644243721926021 0.573187552554475 0.5961523142035197 0.6059900174164744 0.5734768478145361 0.5970648946177014 0.5686958601590354 0.5404843842589634 0.5810644484645574 0.5593371750347651 0.5645999811414654 0.5958573972953217 0.6208802605132145 0.6543140221417121 0.6408192110580938 0.6750231733264038 0.7019729194115322 0.6951744813592066 0.6870037524807099 0.6788521435685198 0.6659660980076315 0.6708590306324388 0.628631485578189 0.6129659417487326
0.49105495127300647 0.4906738144064311 0.5118483278956197 0.5101122119111985 0.5236028606819438 0.52309231642553 0.5394334477117209 0.5210346447339355 0.48555213892989757 0.4968898584815834 0.5018865293089602 0.5204096099327341 0.5277749384542448 0.5711206320373938 0.5712023676065469 0.5859430354861088 0.6119024976250985 0.6125965357201634 0.5742282000313143 0.5796582067822653 0.5907896653948049 0.5766454734116134 0.6043508457034577 0.5652618231772322 0.5793198486323798 0.5514224434897452 0.5490616306135314 0.5682535781333913 0.5931088847809078 0.6179635531847751 0.6007099070896745 0.6013948811587808 0.6332561902059872 0.6283295002956324 0.6469741360425588 0.6407094514681385 0.680818438164773 0.663792544493874 0.6843101190764038 0.6734014744027166 0.6723254711572303 0.6702322385789501 0.6585134046186998
0.5086340468886587 0.5055630680402194 0.49480029946782234 0.5086356899162339 0.49578334441787547 0.530265392277043 0.5043033591349356 0.4884981434688318 0.5151813770994949 0.49789821352559516 0.5072286073107451 0.49809155458996396 0.5245747179869851 0.5790982472975563 0.5989859044261234 0.6194848631294081 0.6173616855928031 0.6182098176863403 0.5737730200435593 0.5620185060125087 0.5816279290561179 0.583570980666955 0.5835789509665323 0.5420750780604774 0.5403701697531503 0.5704136819046763 0.6075146406490283 0.5833225103629969 0.6026847916557321 0.6197998338154735 0.6207653748919554 0.6062482222173331 0.6092468521443652 0.6201007060701206 0.6031949251252235 0.6431339162709794 0.6739375598629357 0.67161574921862 0.6495138836263376 0.6638722173272307 0.6476424196500841 0.672599973380892 0.6665883827570431
0.5203947619211484 0.5307132921179358 0.5104178355131729 0.5407283609727633 0.504242885679296 0.5074347005122478 0.4819695156059602 0.4871025059770487 0.5191168777781227 0.5159965097277588 0.5214699332957843 0.49212769519860367 0.5151338400314533 0.5706795415440521 0.602267161120983 0.6114263791125366 0.5729509373427218 0.5807517595763851 0.5588910759888718 0.5842853708081576 0.5797156053100552 0.5995993515947364 0.5530718321404982 0.5640026906974427 0.554891158561719 0.5890472773394302 0.5893390832254126 0.6227446427141426 0.6095589876982522 0.6376634806152509 0.6384456242986079 0.6090859232416753 0.60614685991704 0.6032190462524903 0.6072140237099347 0.618163143313228 0.6478387841260546 0.635286621619595 0.6720367997801951 0.6661051338574191 0.6775138469500827 0.6679706244953321 0.6760161936965713
0.4966414835401783 0.5302425177302167 0.5607873509285747 0.5372544905292681 0.5586842188701429 0.49935377059184627 0.486700880365354 0.49155330956734095 0.492142248110384 0.481619036370398 0.5029900870456647 0.5376189232253566 0.5251721980469088 0.5676795098430647 0.5979138917298279 0.58537403414445 0.5748855210541796 0.5626683385117736 0.5889542690512509 0.5869319765977186 0.590917779356011 0.5927521895468825 0.5592857312037925 0.5683807191267864 0.5912054421633949 0.5866501455475837 0.6075359604788373 0.6379750708321545 0.6319465795803763 0.6366313351699602 0.6098402679644676 0.6120344211040253 0.5800972726135475 0.5942754215974444 0.6056691626460287 0.6439652680232602 0.6698024496822816 0.654804125950047 0.6417043095714836 0.6464731662599327 0.648022113977568 0.6950453701811845 0.676103256208661
0.5145817559161211 0.5235630152425573 0.5730315521580015 0.5479434501504539 0.525424982093162 0.5337520662889107 0.5164058570667073 0.49615638763633124 0.4814463849634339 0.4880222449899449 0.5091222346196336 0.5376970837045887 0.543693441802129 0.5784330719203505 0.5648864599503715 0.5730573759843179 0.5678390256014166 0.5709233306298901 0.5833700252739465 0.549196328073009 0.5612085209020179 0.5601075381971202 0.5488334602958878 0.545300077471337 0.5447904115216781 0.5747280343177208 0.6156335624754907 0.6277023303573618 0.6136579881074381 0.6102756184057884 0.6091893928688874 0.6349270236106778 0.6127743536029194 0.6185167241672694 0.6411749978925899 0.6314780016177647 0.6650450434124601 0.6664350457820931 0.6462686579012099 0.6623294485059171 0.6742473739010894 0.700639480867702 0.6762819784735827
