Raster_benchmarking/Raster/continuous/raster-52.asc
NCOLS 100
NROWS 100
XLLCORNER 1743168.8362484502
YLLCORNER 5469292.754628685
CELLSIZE 10
NODATA_VALUE -9999
[rows 0 to 18 of 100, columns 43 to 85 of 100]
0.18186559090689722 0.2145101077144555 0.18497155172970045 0.24049428346977073 0.223502001839595 0.2610769840532382 0.23673426935745814 0.32391753889510944 0.3242089375398273 0.29866654017201677 0.363270003524846 0.35031950836138515 0.33774563524205853 0.3762402689004497 0.31891764395986993 0.36741441820551424 0.39411463836266986 0.4024972117914793 0.4440795585274826 0.49472522761237403 0.519827066675299 0.501432558189637 0.4531839230026738 0.43683563854992274 0.38666417984995366 0.39862583785712036 0.39897896003787436 0.42344521665456575 0.4294313972445892 0.4375541245685761 0.4033109895125945 0.4237024322795085 0.4070576093192649 0.4012954595337308 0.3499437711520435 0.32175318127789443 0.32224609219500105 0.27931028385891393 0.310476644028445 0.28272232700583905 0.328704443902316 0.3310689291025124 0.32062567452109914
0.18937167217461373 0.20509698778304708 0.2169171254032763 0.22367484901507773 0.26147236108093447 0.2673456894318382 0.2389234026925698 0.2954829213213049 0.2683581494619537 0.2855307185240499 0.29298000125591 0.355780534867287 0.34775547929549594 0.3675913331280324 0.33352592887187754 0.40239254693396165 0.43531752771674903 0.4241749536352169 0.4579886434935051 0.461965363566836 0.4633673460330489 0.4653279313320602 0.45262761828918324 0.3866566394986146 0.3824451862141287 0.3479162921383659 0.37867241322396655 0.3789725632264242 0.4102802569355507 0.41935812805260336 0.3892694545503325 0.3875002459124994 0.3603966483952568 0.32836977824306773 0.3561000319227225 0.3089117947187532 0.2943934604048739 0.2390849442115988 0.2522356598849476 0.2619674541100163 0.29667294107986125 0.2839588723277727 0.2900575546039803
0.16702841754973213 0.21014794506298662 0.18510814587461544 0.2564799533637227 0.2710820393732621 0.2526676802677102 0.23324487781628772 0.2198847445745803 0.24656694567662435 0.2821896634105732 0.301157831382915 0.3491537953318385 0.30343379555645317 0.36637188051814995 0.3686375724412687 0.41680486885983575 0.4139815627913461 0.3932872133186633 0.4633389051275553 0.44051975200322235 0.4146020499696551 0.4080589303497213 0.41030932892159944 0.4024126529349661 0.3650702445110232 0.3419789160062526 0.3771329461880285 0.36148736214965504 0.42661507955567635 0.42729718288556456 0.36950019992790467 0.33643178458902107 0.2937730525110046 0.27366262191121754 0.3093383439116583 0.2806239182708609 0.20256678109114284 0.19293614791092534 0.22795369511589347 0.23283429265999547 0.2706992621401514 0.2677737349766473 0.3499785560034916
0.20376472530002715 0.19860725141161673 0.20569466353478333 0.21708724902606008 0.245195069317077 0.2471940037701122 0.2294479841203643 0.2414225173349299 0.22067335648457467 0.2648546260663057 0.31844488227145046 0.3068515148773896 0.33859200208679674 0.3114709940726881 0.35284205393727 0.3541370884963629 0.3972284318969701 0.4009571935822228 0.3786695205986965 0.3954841263346935 0.34946997576690564 0.4032719271655937 0.37941395917935566 0.40497744018620047 0.3758165317094433 0.38326222914376334 0.3994105828583869 0.3745646632399583 0.40248479588104313 0.3586093678160403 0.33310205331357123 0.3133454315307926 0.3200616222670756 0.301732856090383 0.32352970483862814 0.28685039147691344 0.21263026610927516 0.2357467466241479 0.26637964110835544 0.2616260808044456 0.2636529129539077 0.28660449725273895 0.26544047691803024
0.20320452796745533 0.231532973037067 0.23227233717720133 0.16414831399464855 0.18148421704791018 0.21691777966021425 0.28236531963952305 0.25215069348913827 0.23082678678749216 0.27300838730885374 0.34012851240956216 0.34764470065819325 0.38114549608998055 0.34023465601745334 0.33104408289468873 0.3346526567686838 0.36196650717856416 0.4105280421671952 0.3645015657491402 0.34461777033533 0.3211102037647511 0.3176529767073958 0.3801467556846695 0.4158367173762571 0.3980817632090418 0.3756655455234248 0.34143067590276044 0.3227966451806942 0.35351161112858426 0.3886390913592845 0.37932720411685944 0.307226695138409 0.3325469416392121 0.25644731776582075 0.2599822238659003 0.24326049891742088 0.2486140817296458 0.20809181280239553 0.21422536270359424 0.20345797463972468 0.20066744340071774 0.19812112148250258 0.22407692250587113
0.19690071640058338 0.18336118935471915 0.14637375877238634 0.15733746295446643 0.15614935159387608 0.21486619407769222 0.23414679279525222 0.258220404160459 0.2165777355302862 0.28214725354839465 0.3341143179698743 0.35820542209408257 0.37165765356587727 0.3547570666696427 0.37930189314634 0.3873974107897096 0.37241416710775416 0.40543971784290533 0.3539892278298591 0.332493443708168 0.31481202354964466 0.2986217669779185 0.33202016685681707 0.35691533559285304 0.3778935212273096 0.372565791242826 0.37645513187972457 0.349335306354993 0.34707294455861054 0.35732146940688925 0.3454290591580625 0.30523829841840733 0.2720685963205268 0.26319276468814384 0.23071024506043714 0.22568145790195243 0.20231739652441694 0.20813833607158164 0.18611784906293324 0.15066627910258726 0.20286732269159738 0.16109057612583452 0.20096549454857565
0.1407835257706373 0.18324061412109954 0.11178886699614683 0.17267021483498124 0.1408469642595342 0.2141689678843849 0.2583052232040568 0.27837620199398844 0.2345880554889652 0.31816372703152396 0.35305069410357165 0.3535166660478038 0.3735266664345493 0.344314037877875 0.38555002484064366 0.414420406231313 0.4525645706045449 0.4211613424256807 0.41466497292119836 0.35583777356755875 0.3125509142201064 0.33743807362099254 0.30185746741843306 0.30750724751446573 0.336054108504592 0.3589246096334833 0.3654430852943122 0.3489637172048996 0.3162498259424585 0.3203932112954447 0.2774426899602628 0.31008090367888863 0.2976670113155252 0.2650087252607603 0.2343259535650269 0.1918096327184952 0.16687801687291604 0.134108489508722 0.12794218753388018 0.17960290070224988 0.15689438961101285 0.16422921634491347 0.17355599481608638
0.19208899414791317 0.17941989039076733 0.13664803734086495 0.14279062115537025 0.17708306819789046 0.24687715972526492 0.2653029857855069 0.2337079005993923 0.23402339027431046 0.27843242454824885 0.35356043228376427 0.3991396009667655 0.4051921503024264 0.37076635280709547 0.3881717911503692 0.3756754551317194 0.4283686695819416 0.3997456343523109 0.3829538087452575 0.3225365259586735 0.32689005536693055 0.3567827970957429 0.3682935971456667 0.3251696658870499 0.3592558220869085 0.342578575596426 0.3103217745880164 0.3258682894593186 0.3257552343221988 0.33263977505599046 0.3165933652866595 0.2814083192221091 0.29767478686232274 0.24537658939276852 0.2147363277572654 0.21516042128077828 0.15769222767954022 0.1398079501406907 0.1856274911400021 0.1596536299348208 0.176478536254836 0.21848945984755866 0.1702272055274659
0.20393132056280203 0.19566469674931697 0.1674717354338743 0.16854175567903776 0.17960283822681414 0.2704193150432246 0.27539591161921445 0.2960663142904891 0.29623534561667925 0.30597305261362717 0.3458309796044501 0.39488474969079257 0.40472714973487006 0.3792182586587592 0.382637522219017 0.383019685722896 0.3590416703386235 0.3605040988800604 0.32425645781857815 0.3115962019496984 0.33379023916834355 0.3026041692195455 0.3513994233684183 0.32035480387618825 0.3557774226909177 0.3176126306117222 0.33357937851853264 0.33012409395120623 0.34339738811499276 0.3369892662686896 0.2929024184442662 0.2628125119700037 0.2432148585293849 0.27216031857675 0.25561523768267697 0.197729264252443 0.14546427777515533 0.13701993256409667 0.2031170955180394 0.1789851019965756 0.26766426769693313 0.2202813707311551 0.20312524324531392
0.2229478716443318 0.21333228054076933 0.23046642144730053 0.1992406463388742 0.21375200249447182 0.29654517130891084 0.2850411304086293 0.2933892559779179 0.27132308155962437 0.3038396580701298 0.33250756679661136 0.29665504012693183 0.36137297725616807 0.35728636107972894 0.3648299950757242 0.32708851108215287 0.3459000439647942 0.3567640979883583 0.35285012110008906 0.32102281209704925 0.28107462847921955 0.30233741162446076 0.3492509671042655 0.35527494240178464 0.31657492848448254 0.29810378000430815 0.30616040349821216 0.28922975645979315 0.2557674134423703 0.27101796038642645 0.27505888153502467 0.21156997752592183 0.2460805820657424 0.23006805828653487 0.22089683496930224 0.19673874508769026 0.1591995125419777 0.1761576133083435 0.19410155139200708 0.21606374480882512 0.22624204608001502 0.22940279763765462 0.27890110540573076
0.20693066910017544 0.2271550200882947 0.28837953826700663 0.25301942818410356 0.28671821484109516 0.2993376237024749 0.340607620800116 0.3128879811157 0.3240078412609704 0.3006907178428447 0.27833761919094446 0.2831117064091552 0.28925710890741524 0.29731447811230427 0.27799968457090074 0.30463186863676095 0.366537552635477 0.2953336675297231 0.3016940752504449 0.2949486898183577 0.2725687379790717 0.30960454979932334 0.3326519647911857 0.2754187537602671 0.25632439145127145 0.2351464430204629 0.21954002464156294 0.2568569047390968 0.19893004923546725 0.2463970935289788 0.25206999111940287 0.2306760929057127 0.19514334672013256 0.1740099931376477 0.14415783599160728 0.15997167931264164 0.14234812784198134 0.16618457918887453 0.1604531299248191 0.216129153440451 0.2768578561356381 0.3003025038851698 0.2766953564884297
0.21351904286580334 0.2339512955184138 0.2738396551099489 0.3241714251643533 0.28934333454182065 0.29811463259269827 0.31839539377303977 0.321074418701854 0.292743241789469 0.2684189317245304 0.29969962463546096 0.29261998012903784 0.2556261489676165 0.24343045992563994 0.28298102672088016 0.28989162484555486 0.2795977567734008 0.2547036351631458 0.2822503109629094 0.24728159101853137 0.2595508298243839 0.27530411716557623 0.2631420823673331 0.28609415882225825 0.24874508392783912 0.24233058911312738 0.21382857300609404 0.20624102538607894 0.17679207047584647 0.21076156840011434 0.2127800687538568 0.25168011401021634 0.17851059604679814 0.1668122843697198 0.2080955942712226 0.19998675759473525 0.22228273250421943 0.17857444464251984 0.22135200171713335 0.22830450952544176 0.27069611297595575 0.29401515188756655 0.30143789888753075
0.23373167789100668 0.21580448121581766 0.28032117360992664 0.3246797137929684 0.3059565064642676 0.35006359342177407 0.3414818421610713 0.34585403765792344 0.34895055219557525 0.3232913449574408 0.2592922507602841 0.29692327657844986 0.24609543095287337 0.2657260601489096 0.26875758134734523 0.2979357849826532 0.21300827128567087 0.20536837478995293 0.198464583889439 0.23553321238595373 0.24147188090009905 0.24568068563713774 0.22499309916195018 0.23759798017214226 0.22331132359870645 0.19307999941068615 0.15105709117550675 0.15561692148356923 0.15707550185012714 0.19320939728374195 0.2487925455232112 0.2054001004471399 0.17433714325014404 0.16935451472588395 0.183136445725645 0.19066358370058775 0.23109927822535242 0.1926614903321784 0.19495978293467148 0.23993349531311328 0.2627854685517142 0.32182537271166994 0.3111736717808071
0.2720835846764356 0.23311448938369475 0.28630633424446283 0.2873408785923234 0.28594989837770385 0.32356293132762376 0.3179023004415475 0.35347843036189713 0.33099730813941125 0.29332199208476883 0.30764927682630094 0.267753265507481 0.27157930603040925 0.31986037229522196 0.3215791589967993 0.2879938965570765 0.2133723817876148 0.19992747592351537 0.22909454105391186 0.16575009247705477 0.1832390257739233 0.14304717343744677 0.1821609817566533 0.15020614317440836 0.17915334122393795 0.17391338575435242 0.1617389010800553 0.175388377433788 0.20071639783199716 0.17915496304652165 0.17648646945217275 0.18866834665090385 0.22498753147984127 0.23531098918212776 0.21074802672349155 0.26258483868832583 0.24593858932796012 0.22004814552886945 0.27449457946592526 0.2827518492724713 0.2916510305470342 0.33577801396206053 0.3415559294019636
0.22750482767677682 0.28004775485226424 0.2805861563893029 0.30456910031918316 0.2876040338844685 0.31656855247959004 0.33506740551131237 0.28371700575093733 0.2509891357419059 0.25930291874515454 0.2954404737843377 0.33404417094351513 0.346783535017349 0.3578585637701493 0.33235022192465896 0.24609641540490979 0.2010919205148704 0.1802961971481824 0.21800895364047349 0.17901348294779826 0.08811757612701046 0.13477052521298144 0.11604066584260574 0.14394412715917348 0.14946768534352362 0.14702723619722158 0.1751213637113867 0.20336578940265077 0.19603798049985996 0.17867740072380572 0.23193544000595293 0.23800659127109783 0.2314783811060086 0.21478093577000973 0.25982009708558595 0.26572980739923596 0.2460302999401689 0.30248986066624517 0.3221518788204939 0.2900479540777689 0.35127070073947836 0.36050020256145443 0.3902719163124138
0.27042177339384654 0.2482067798343446 0.28104220473620295 0.2838748226225829 0.23616579650614566 0.2658870363110873 0.2527980692408915 0.27863007564070263 0.3232722352962339 0.2920815787487126 0.30639584030435396 0.3377440005240701 0.37757971423981024 0.36450829983541905 0.29696213354531975 0.28440891150085734 0.22018731756290297 0.22865499936448994 0.18238752262327707 0.1548829382833054 0.15283358144964018 0.1660774884758089 0.14606015585648044 0.19559700589741946 0.1858437252965672 0.19894497590247145 0.18765015056760154 0.1943523649506024 0.2096737061069788 0.1986035024426366 0.23620081319682623 0.27969711134095093 0.2560408336798595 0.26193745113729244 0.2657236148160392 0.25406396524220926 0.22877375113253182 0.28759334086854726 0.29030621128561496 0.29120067162692753 0.3430355750353697 0.3973921289450258 0.40731636621258005
0.23554527301478126 0.2443117795427819 0.2918343891961693 0.24591231140181663 0.20360880474608012 0.2696191781258104 0.23504415044315 0.30922246760644584 0.3314472976898138 0.34952171966333595 0.3397590324411593 0.32648322135852753 0.35986956716978974 0.3829903466837891 0.31709490193816214 0.2701600131931519 0.213518587959728 0.22607951400169718 0.19020787562044297 0.1709261091285543 0.17106819882854996 0.1474164984402528 0.1661594229979444 0.18709361847502864 0.25116854781574993 0.2462426608040277 0.22047227074456274 0.17941655263748982 0.18373500986923125 0.22522313948752695 0.21175356655459415 0.3041602510397115 0.31032406567045256 0.2861009152572798 0.29236548730500717 0.23412307092306034 0.25063702780197883 0.2770179053792583 0.2845473491939372 0.308279576842876 0.31762573438140046 0.36415585131186506 0.4284254240674243
0.2423816403838896 0.21780170627573098 0.25410589391735267 0.18232811562126577 0.18838645752836072 0.23493445379728503 0.239778671262151 0.31257021614113484 0.29727024023443527 0.2999472542910943 0.3329499450796525 0.3297132127205049 0.30552690903642526 0.35019348621865887 0.31561824316241655 0.2527754140119642 0.20640145189341103 0.16428637091530818 0.1490300603369055 0.18962555758878757 0.19497052259656847 0.20587902906206657 0.21146854446379698 0.23776114498968315 0.24242729009447883 0.21430884161007308 0.2138590735818862 0.20743562666537513 0.1690415235992709 0.18338858194199706 0.20913675154254177 0.2806908664868308 0.3015702891118105 0.31282435952121146 0.30949063006414845 0.26308216846577964 0.2765214413824837 0.27175586787961953 0.3267920258410858 0.32681742221957566 0.33909062127964235 0.35328789793376053 0.41322565322074306
0.26289913834485634 0.229314715649747 0.19391661223130008 0.19620220232803046 0.17388875487345518 0.2170008076270865 0.25035574730450993 0.2856997668639621 0.30897377500668344 0.2647304851934733 0.26350870658809383 0.2684940312619592 0.29129664257557003 0.2836476899690704 0.3155855092716153 0.24438411915847652 0.21129485193270814 0.20696599018000397 0.1379034462977627 0.168386126859659 0.21838250982691837 0.23172410738275523 0.2323133291329835 0.2589199347559963 0.262690251393841 0.2468513263139993 0.1940178960078728 0.17002962316282608 0.18338193033879116 0.23466484720417113 0.2555868490403408 0.26265267642918894 0.27832482540922787 0.34646053557718126 0.3231614430964518 0.31327362670225994 0.2974724252989427 0.3085879195189133 0.2986861758862711 0.3154236438858212 0.37255090546698405 0.39521536295243825 0.3959970055380304
