Raster_benchmarking/Raster/continuous/raster-63.asc
NCOLS 100
NROWS 100
XLLCORNER 1743150.8059812547
YLLCORNER 5469288.655931759
CELLSIZE 10
NODATA_VALUE -9999
[rows 38 to 56 of 100, columns 43 to 85 of 100]
0.5095052248467731 0.4535351635321292 0.43634622861917177 0.4558593197288154 0.4273111495980137 0.3988181088553607 0.387315477979664 0.3536778777522611 0.3333883544267883 0.2657138060772778 0.2680208085576552 0.2669837795681887 0.2774030370386105 0.3329635634530434 0.33324471563479785 0.3296080616438963 0.31832470052282336 0.28092994589474574 0.2746030952058408 0.25061077510562385 0.2677907556506788 0.2665347586557362 0.2773566864385042 0.2525743304548771 0.2517989874811611 0.23299633963587843 0.23264223688994817 0.22613993780806962 0.16984025202626374 0.12833349575749864 0.14883537159936944 0.10825229951863881 0.12513893959542313 0.1316908719264357 0.14137699225549036 0.16949608987457868 0.20544426767532273 0.1974464231679742 0.25866919259154875 0.25874989509118895 0.2592073911438301 0.2423046062299521 0.2967825935810787
0.4558461367430325 0.44720772947101695 0.4271114765414313 0.4106457983183198 0.37505975607319925 0.36533807360127746 0.3692140323425945 0.35696918735881733 0.3294696473518901 0.2725699574578015 0.26452667431301724 0.27912604511972394 0.29002272374105503 0.332183751359261 0.3221339228508267 0.3073433772796232 0.3142786510309585 0.31764196118287963 0.28197569819010726 0.27929309246796963 0.2687113896609496 0.23116359323155977 0.24593054539230913 0.22208631230684633 0.21684361358230908 0.21211093358702643 0.21639847145750046 0.22430305210840912 0.21680869348522147 0.15450930981341193 0.15861342360909245 0.1405237288704365 0.1396407154584015 0.16644606364417533 0.15714901436615125 0.16521608356240772 0.19796260973807187 0.19880502153411553 0.24254244223156543 0.23862082547997404 0.24099905876502864 0.28208486644653585 0.2959734478060536
0.4580643132161896 0.403570725641313 0.37337562772957594 0.3381926579260226 0.34037523673497166 0.3445318245132773 0.33410886503224957 0.3440275258216333 0.3323866742104099 0.28445824807841613 0.2596831165100739 0.2693318188322555 0.31034225211338234 0.32402151049004174 0.3039987341024669 0.29868864498679876 0.2886454380983599 0.30333748205225103 0.2849015500730426 0.25166662390005684 0.2550129128636267 0.23270354724077172 0.2673489357757095 0.23458157401434718 0.20062652272431417 0.2019128646538947 0.20762352962505157 0.22933906016075442 0.22949385400928657 0.20642854837476243 0.20011678818242631 0.17152450629269003 0.18466159579233515 0.1812010167557507 0.18604079845502905 0.1758636430432084 0.17688387764605304 0.18980830422425501 0.24135012649044482 0.2321940241990596 0.24411468400132835 0.30317353732440344 0.3240224270196649
0.4317792030745988 0.37590998483754906 0.3747694088133131 0.35501154277230085 0.3123549926429388 0.31601183044661446 0.3264157867537179 0.32928765740909954 0.32166515587657407 0.27675940005776056 0.3001882029401557 0.30156806186809765 0.29976910533019924 0.32648699924869085 0.29456036133267144 0.2894241266947026 0.3071979552908655 0.2992806229283777 0.2923596574143086 0.2755628844505154 0.25156126862663164 0.2501143658971509 0.2686867714989108 0.25913332682054513 0.23677545535917646 0.24350433067582097 0.22755970460759908 0.22814059512659998 0.19095085344167964 0.18047615223150051 0.18227350624497463 0.15661274816250528 0.18598228332715552 0.18362137257902209 0.1731598348054886 0.1668317112127644 0.19288922927119087 0.2107287900513335 0.22843701742180003 0.22726327176509364 0.28810086185116796 0.30282463489619327 0.35250735108728193
0.3984767168031719 0.3775226878449052 0.3636024609608413 0.34812799658396326 0.30048956968822654 0.2657603691468666 0.2771620902284397 0.2922271632155607 0.29823694292743697 0.2899117456763111 0.2844625622730176 0.2688970485355145 0.29723833331749366 0.30456122948796077 0.2825182036001093 0.28628287314081563 0.32211307416232615 0.2954416791694178 0.3014522485101635 0.28331825178509207 0.28815906096677707 0.2809568867267811 0.2754029933817385 0.24606151055729092 0.22979344541636126 0.2538598626253577 0.22218663706023264 0.20070480131598184 0.1995273162243081 0.17168225685953625 0.15558369982163645 0.1597279365822006 0.19517316097304746 0.21697631842503906 0.21520982017447812 0.17062346962950498 0.18168913276264897 0.20832914172295935 0.24046025537363377 0.22831118469515155 0.2725231284030694 0.3271675801285894 0.3645270822836821
0.3921054467331498 0.36144744988998895 0.3616052320556385 0.3331031340580265 0.3142067737739018 0.2651824999624579 0.28972822550611566 0.28860973251295313 0.28849509585646116 0.2965806653146108 0.2650685698937587 0.2753224603029842 0.28369152903217665 0.2992326671810847 0.3000189270003865 0.3173897078196284 0.32292536117850973 0.3215618344462698 0.29662218372851695 0.26817113023434785 0.2676423289459509 0.2658468281664074 0.23634019575920975 0.255871545591882 0.23554306515453152 0.2652435014030396 0.2371698220882115 0.2126012172432133 0.1763418569776987 0.17531895168975048 0.18813179691283186 0.1670124790591421 0.17578119773462134 0.18094104097230818 0.21514210623040114 0.2126338471645224 0.19379532538943164 0.2210647046335238 0.22293566102191795 0.24034518472086433 0.27989918745592063 0.3111678893679442 0.3209909502397343
0.38178277772192176 0.3538241532270986 0.3440100616190441 0.3381520489848952 0.3270415521309766 0.2772995094954709 0.2914192362057547 0.28589704281591954 0.27777605704398817 0.25439410644866384 0.25710714959354974 0.30645300205628195 0.30293924944216566 0.31581619039563597 0.3070962548851094 0.3090193474564862 0.3115764364847338 0.3257238024182679 0.2877149999699816 0.2846272644183596 0.26590171242312416 0.2334464155596278 0.2168989444916422 0.21857643633324136 0.2246482804720238 0.24215611328060252 0.21780964222331553 0.20420575470688943 0.19853882438463138 0.21568254225172878 0.21500439112178985 0.21158616308945455 0.199090104874831 0.18185926487208423 0.21709325903860174 0.23526018572482638 0.24681588752016312 0.23855818726213746 0.25285234063885115 0.2315871419639295 0.30179953849459373 0.32417272712899503 0.3038154384605615
0.3504913176424128 0.3409070920368421 0.3375131302504433 0.3134861234318292 0.29370328139285506 0.24722578523050645 0.2550893586807358 0.24106205037442613 0.24331627823212407 0.2538777356652192 0.2732365367547345 0.2731037246133836 0.29983903721033317 0.2914155928823167 0.27821578890475496 0.2879464345138764 0.2981926189734219 0.2993466141912799 0.27806200939489584 0.2793645197041487 0.22071940978527668 0.22616354291132268 0.21420933329027028 0.1996739173522615 0.18129513707990663 0.18443301794997957 0.21887739219519944 0.18677431984453133 0.1958221612542717 0.18871113743198628 0.19563883979760857 0.2161507544501245 0.17517091616785485 0.18098888419094744 0.17617305819637388 0.23284413672138346 0.22762438531806073 0.2139139509922803 0.23879612798164196 0.25170597794957544 0.28697278403702026 0.31787504579710857 0.2938824869290277
0.3678235311669404 0.3246921618795218 0.30279435973970786 0.31347700173997656 0.27267863614772686 0.24154421497597067 0.2624780862969413 0.22645577606430706 0.2438349690033786 0.23015507152451234 0.25925889524444756 0.25859936573671677 0.2722389114429728 0.2640142785808522 0.26555956324358826 0.25669346023476536 0.28757394916368734 0.2906007709414673 0.2918789558203002 0.2513221806789697 0.24699598951989513 0.1868060282403186 0.21289387831186113 0.16256164082210242 0.19482809503685403 0.18395860954413298 0.1952649550931923 0.1939215651398053 0.18667453401873754 0.17503377765073394 0.18810613330509193 0.21725082318911976 0.19137881081416647 0.1768035707986792 0.1950090583473043 0.20151313260564402 0.20778230116835406 0.19003544484506005 0.23435725172671415 0.25243484001242056 0.28690935775068455 0.3096983909920333 0.3090189443243355
0.35163849743610054 0.34220232359048175 0.29471182570960264 0.32618705103245815 0.2929877138451021 0.24794945270627197 0.24395175331090344 0.2673447719351439 0.2621205614697504 0.25376533815674673 0.271265046424902 0.27346043563084776 0.29951490003114917 0.28037826244131653 0.278942488205386 0.2765842110454785 0.25683154610707515 0.27307675143372057 0.2788839945428636 0.2663835667322229 0.2427391923566755 0.21383434944071136 0.21512633922738894 0.19395446208353015 0.16720218240554613 0.1651595501483326 0.1804578451149748 0.18771436499613225 0.188408426901093 0.18763689198350367 0.19146735594002998 0.2209862893609368 0.20253823645900565 0.19074059439474791 0.19860261969990042 0.19050949134627862 0.18461661001787302 0.2121481357155687 0.2415078425487296 0.2559553334484389 0.26042564472556495 0.2990757398009818 0.2833481542539425
0.3552369784831163 0.31875300905069515 0.3383597166747091 0.3113124489518767 0.2864070456890361 0.2983263531050478 0.28995192523356905 0.2961599117310007 0.28712731341802133 0.24581897662245838 0.25174887326746476 0.29626717261477886 0.27827151440046877 0.3075502037403274 0.28751174484374525 0.26783055491522706 0.2926284059614891 0.2885324969514103 0.24555748918787026 0.24043903179454423 0.2387657569327617 0.2349823145809118 0.20164492809531118 0.20180621060199436 0.1948221533721731 0.19676429334435652 0.20928731856161775 0.22973011540549718 0.2089896182927691 0.17811692591795236 0.21415426667682377 0.2039766028896955 0.19782422071386693 0.16022813891458437 0.18253155208612365 0.1848429073485598 0.22276947685543907 0.20860742885798603 0.23138101785232482 0.266372743581179 0.28068586191800143 0.25933901496768164 0.26640152772982667
0.349943164843894 0.3446717960756964 0.35602355177004635 0.31633983747222083 0.30398008144620237 0.2906109573817743 0.314490771340623 0.2953061935622586 0.30258664709929245 0.2898682076673465 0.2812369753590874 0.29463558366650217 0.29924477609179767 0.28841014031614887 0.2677859737409538 0.2851200107164733 0.2835747209801273 0.2984491289259766 0.25436534942158784 0.2691870521618897 0.2566374784935739 0.2232095919024057 0.21110798368775743 0.20195799558144184 0.21859730254876844 0.20113560207967388 0.23195395204488523 0.22292846546699016 0.18116142311455716 0.19841510289148978 0.19632906397018504 0.19492874573683314 0.21040004889326244 0.17945940630664658 0.19603423724015806 0.2120282866749914 0.22154295342224692 0.22066451302502507 0.2587029988409337 0.25877610413232227 0.2713418999380153 0.28356913054186084 0.2855886738536495
0.3475318052840608 0.3950439820448376 0.3691739264618459 0.35426318692572756 0.3207020034636293 0.297031429519467 0.307612393308772 0.27415622242011783 0.29962165220793824 0.3125353239221753 0.31168738247364713 0.26843631518150624 0.28543998904308715 0.2501562865896904 0.2660538708410613 0.30286817555886814 0.31155350928126546 0.316071860970997 0.3019015488918408 0.2498139462093285 0.24917653741869294 0.24982968527497026 0.24813293828351687 0.22876198299333628 0.20873359528991312 0.2199564523364526 0.24162819196073576 0.20442737511538556 0.1984094432274843 0.2034766227229464 0.2216071420634377 0.23565520065458928 0.22885834655085288 0.20667514546037016 0.19495960306082794 0.2274439412417207 0.24609650674442157 0.2052771100190806 0.24739817060551525 0.28483708494569815 0.32048942147534487 0.31061657981312896 0.31542416510203203
0.36839273109870274 0.37398305202148263 0.3565422910620501 0.354173118871678 0.33773416915923843 0.3365579110478881 0.3001408623715585 0.28438580422116816 0.293263641736337 0.3128418405087236 0.3198183708189119 0.29692259686997463 0.3171573940597025 0.29174977915900385 0.30310257145110797 0.2963553283781994 0.30121936624539514 0.3104627194757809 0.2978729822192503 0.27363616573996785 0.2735508918724161 0.26512408606451576 0.2608442848648163 0.23972806642134123 0.254506249262885 0.2682952969040987 0.24806118502036115 0.26103196731358996 0.25987078947338027 0.22171106744573582 0.22835421869065867 0.23092948140740788 0.24114108339019935 0.24029495512544677 0.23888851079013618 0.26617946379341995 0.24382475958241864 0.24992336148730207 0.2830990695508275 0.32066173781327456 0.3265887881000587 0.3248692133032945 0.3603878680458732
0.39228138939067025 0.390321092952975 0.3673435861033629 0.3602580020513176 0.3601518448099266 0.3239892804135257 0.3287749506412339 0.3003130248538358 0.33437610433627213 0.3394434056521742 0.32080311529114075 0.32195193636656855 0.32124630343466704 0.34503180397599814 0.3421435163080179 0.32716518166738146 0.3336513160403675 0.32525750811723997 0.31328181927921833 0.29565031093282684 0.2848379252522355 0.2787420148782868 0.3037517788234288 0.2951205397372948 0.2851252836622144 0.31956153461303644 0.305577999680565 0.27645666934353846 0.2668987944815441 0.2759541290197697 0.27478733824273377 0.2896083684395391 0.26408486636169076 0.255116137297674 0.27649544520360153 0.26379525169950674 0.2577984557618479 0.2958448249332175 0.301066549515203 0.3282862441617126 0.3409919861024047 0.3277077059985664 0.37685817249260034
0.3946448363607336 0.3774229463943517 0.4148828381579324 0.3831909786496151 0.36426720831919784 0.3726181716457634 0.3522428744184551 0.3102878199722731 0.3346278510803118 0.31613826217889296 0.31996504726795494 0.31527694800337863 0.33913681778695176 0.33883172457848504 0.3329785317303269 0.36117336889154966 0.3496725992189113 0.3411417956398398 0.3270438236611607 0.3576877608493535 0.3373728705305001 0.3412851088615451 0.3460463207186336 0.33132892550297116 0.33482871520009677 0.3361686485736747 0.35305649657808696 0.3058620817899309 0.2941722085963511 0.3058081748127234 0.3161669310759665 0.28453975582424157 0.28616377404298293 0.27589103397371284 0.2918293044704075 0.29874857558699724 0.2920821179379316 0.3269168151386446 0.3342618020051487 0.3636119054328163 0.36775400058279406 0.3401813942167897 0.37160289794729146
0.351312881482317 0.3997975608710589 0.4047934305117086 0.4196984661124978 0.4046368865136858 0.4048259608401446 0.36443387982155084 0.33157405282311825 0.3155593601361766 0.3407005755108684 0.34642767123703067 0.3105153739598773 0.3470728151200861 0.3818361783905128 0.34363304108496623 0.3449855596276954 0.32990494402107745 0.344264742179655 0.36811746692456165 0.380677643921454 0.35387705408426956 0.4085866275273263 0.38147378887562183 0.3444302785079087 0.37109066145917724 0.3899277781257722 0.38946995921491834 0.3485479014118444 0.3432827261544027 0.2987463354241233 0.32741300117883837 0.33886571209574 0.33880141416889586 0.31909521161346405 0.3171089246959033 0.2813187696471127 0.3127763303696104 0.3521263797482054 0.3421586173977863 0.37177787431061254 0.38955884971968024 0.3634832989549912 0.3949791009559585
0.3494540045865505 0.35003877977192766 0.38502502384077336 0.41806075042944013 0.3896116805370646 0.35609804105288506 0.36757396824915345 0.3551144568043335 0.3390591737014197 0.327896433798861 0.32341322784515064 0.3283407713913326 0.3628473563949178 0.3981240068023541 0.36968911807669824 0.3818826948400904 0.3573604208044013 0.337881909667105 0.36015300466797096 0.38358024785693473 0.3784073806817205 0.3923941355015149 0.39586503848425214 0.39831038587188095 0.37554208298136194 0.4055792813362337 0.415805318933772 0.4209676399635648 0.388641714191229 0.3440689167590813 0.3515374256043174 0.33022056485880913 0.3186924173511712 0.33321690488761097 0.31586382748413394 0.31981303880760714 0.3354567547442919 0.33128236232278646 0.3463470852542785 0.39366098139321715 0.38537249010576496 0.368058027784763 0.39958020280239137
0.35274425024825085 0.3482180611031377 0.36291435553940177 0.39863401823574357 0.3567533841253618 0.3344001180855257 0.335165584824125 0.3271052927303595 0.3156895233428327 0.30060507725708535 0.32426828046151135 0.3427973868610667 0.3871774276545236 0.38814912906204785 0.38438357356665065 0.4047203205352286 0.3912458261539551 0.3506731196800869 0.3397248521352666 0.36251959035814624 0.39460668355648454 0.36035780524278516 0.4066293095767322 0.3982215030245875 0.41490899431457523 0.4423704912024014 0.4569608158782251 0.4419343371692148 0.43213833931496565 0.37273256808093397 0.35590031941030975 0.34390909747756343 0.36936785334725225 0.3343633329699795 0.31599476439487023 0.31558709156416626 0.3453783062167172 0.3335607450678233 0.37505507706921376 0.39321713505549316 0.3867483715660266 0.3974077433037768 0.4314987313136334
