Raster_benchmarking/Raster/continuous/raster-485.asc
NCOLS 100
NROWS 100
XLLCORNER 1743151.2142807865
YLLCORNER 5469282.5870732255
CELLSIZE 10
NODATA_VALUE -9999
[rows 76 to 94 of 100, columns 0 to 42 of 100]
0.8274778726539885 0.8572679318675821 0.8857554806284943 0.9144096955377659 0.9389702956628526 0.9375569867730809 0.9117748110846553 0.9222739852901999 0.9169229429181874 0.9514163701502212 0.9537290758341443 0.9519983200796179 0.9674579187546247 0.9616948169279447 0.9529760769629781 0.9409326392230934 0.9449182496623375 0.9609659603275329 0.9613134132372528 0.9852736152152641 0.9515973517314986 0.9439905249148974 0.9109611310593159 0.8945813306057167 0.8505071519785135 0.8641152343132303 0.8104398157979675 0.804538896852862 0.8005927483513124 0.8398622063589746 0.8407369321589515 0.8379729735790501 0.8212862513523528 0.782976987082041 0.7645275332210355 0.7479688344003157 0.7493319684883222 0.7141674130266177 0.6860592145857536 0.6960037647917888 0.6628094602950381 0.6711579224604659 0.6841160205922608
0.8409917806694521 0.8814018292648024 0.8924929768761045 0.9243252490415084 0.9333115290032947 0.9440545778094487 0.9233592076998735 0.9556162738892714 0.9483151856238099 0.9603112682236061 0.9672786114465086 0.9669098781513866 0.9503591821604973 0.9290958547737207 0.9345909759901296 0.9336755975874527 0.9374684947940742 0.9632841905220524 0.9820249950821401 0.9653758560221879 0.9620822086187442 0.9543405143877169 0.9294608189938329 0.8999869902082194 0.8440283636426992 0.8601379897492293 0.8508779151697957 0.8148411423986678 0.8030161961266882 0.8190110462203094 0.8083884087914485 0.82312219198384 0.8175386361166956 0.7647527932808507 0.7708554172760417 0.7454443402567993 0.7393036363668356 0.726618834012991 0.6986450592869167 0.7136946431302289 0.6960652127866864 0.6978142435701651 0.6930211804335082
0.8725647209273402 0.9051386594798189 0.8907727370706211 0.8980155843631414 0.939243173138633 0.9414019062269758 0.9466396549095749 0.9436355256773693 0.9455482858740688 0.9321917525344755 0.9628397048517642 0.9664226833979566 0.9525763257138973 0.9450680261965265 0.925086905958867 0.8974273489494716 0.9145447142156549 0.9270729060522 0.9505411416922324 0.9720987727215676 0.9547963334381595 0.9653588812095649 0.902860181734388 0.8541673640534553 0.8652628235645664 0.8209284078207759 0.8529436623522777 0.829524844306848 0.819214399403662 0.8058438598802591 0.8132183141305483 0.8248807317162861 0.8131887938513256 0.7723464108811954 0.7443804936651374 0.7371941090314474 0.7401713608877094 0.7453108930942063 0.711657781154347 0.6870666905620613 0.6759882739926181 0.70638586325804 0.6834376635866429
0.8623357252068897 0.8944822623570772 0.923397251465344 0.9198191613885576 0.9182112543174684 0.9372191409378915 0.973805420979383 0.9507698445976024 0.9619638327674981 0.9756166942115339 0.9457458016970988 0.9613095909001612 0.9550596263795614 0.9451293633959288 0.9153116009651368 0.8957441326252372 0.8877706996379454 0.9227352977419445 0.9401539267467901 0.9498282193096501 0.949641773804574 0.9167266600375581 0.8795654323618655 0.8791682079260273 0.8608474545709691 0.8542738665636439 0.8277385104716118 0.8452282206476358 0.8156997831147363 0.813592864388434 0.820585066046996 0.8209125027742311 0.8129363109057 0.7905207485101923 0.7540329029319218 0.7474923365671241 0.7470299591342243 0.7556141566830518 0.7324256937689503 0.681911941421555 0.6881582050874506 0.6744551882995505 0.6874118202047297
0.8793132592126095 0.8930657614967117 0.8980294646648143 0.9607741195241362 0.9274726737263332 0.9335969402175209 0.961842836399722 0.9935684817599997 0.9719659904891198 0.987346833037622 0.9886575553240986 0.9763912211064043 0.9359924583656011 0.9068472591812446 0.8957123899453068 0.8800154673278803 0.900665714750808 0.9265792073637502 0.9192816081901721 0.9708533309556544 0.9311396512365266 0.9107046258436973 0.8672999640558281 0.8714266878552578 0.8689300724270286 0.8221914226348757 0.8484009712071943 0.8568415445402774 0.8447967821386196 0.8305276267251072 0.8198697809783475 0.8339046723187206 0.8352665240017981 0.8056609765352762 0.7519139101652693 0.7479377222878355 0.758423560805354 0.7558038341064194 0.7310369621445103 0.6673965111641319 0.6651493567532049 0.6930029324525994 0.6538374279973529
0.8558185969388036 0.8644659648442099 0.8975357449124871 0.9144103536970165 0.9384924519232092 0.9684915376021875 0.988555502168681 1.0 0.9846411516379338 0.9495113287767738 0.968320983507247 0.9342689695725048 0.9169052921221659 0.90420184441693 0.8936765619401155 0.8970844526194854 0.9093257987827759 0.9061420459824213 0.9152711479666058 0.9371651501027716 0.8990002167373068 0.8879909447292096 0.892498226108619 0.8555339688706913 0.8360888439624103 0.8414497003700778 0.8422930541745627 0.8184826500798084 0.8212696896347539 0.8347778353292922 0.7994263384191699 0.7939495766740303 0.8148297422934796 0.8051589839356244 0.7524514213577956 0.7673090176721024 0.7642924718008393 0.7677503389644443 0.7220692913006197 0.6788285824703045 0.6951443373758015 0.6823122743137033 0.6709809970496161
0.8629694634615196 0.8628673991281011 0.8763214278368592 0.8877335296334519 0.9090120406380464 0.968077454184694 0.9697926693337459 0.9902603341137797 0.9456943591756344 0.9332576845205015 0.9563845263233505 0.947799321662267 0.9105147097473248 0.8904353983163018 0.8870545476425427 0.8930339060056632 0.8871087178901799 0.8862798530554591 0.8833759656153051 0.8820989210851212 0.8782170059022169 0.9096008088903661 0.8807413349687624 0.8430587833646244 0.8311409937048494 0.8453459640321741 0.8600994022676273 0.8321845807092664 0.8112282985668319 0.8208658348448069 0.802265672330123 0.7959974280219485 0.7852960319148858 0.7807267425621363 0.7474205840986109 0.7322105763496894 0.7646862404861885 0.7434869271587539 0.7124977810620782 0.6828125611107061 0.6752734584069562 0.67777803891571 0.6643381778285871
0.8989651975136573 0.887117664841404 0.8892883600229475 0.8846972389045643 0.8874235894446045 0.9254312449414701 0.9625048438111703 0.9346269861371347 0.9172332343518916 0.920220702505613 0.8911274247551274 0.9242111247437161 0.9082915573380449 0.8863192186771727 0.8836934587934873 0.8685793080560873 0.868239833161225 0.8593716283985923 0.8622670569205584 0.8680953309006769 0.8795863213277119 0.8588956397387394 0.8555773656340536 0.8671606374335808 0.8574607859112494 0.8632003575042415 0.8461857054247468 0.8414157308596145 0.8129386545923237 0.8056823316135265 0.7870947458324825 0.7722765015196362 0.7787438191765474 0.7989213774138753 0.7762596891913577 0.7403250030546376 0.7547477525572865 0.7545452070758406 0.7239539600333256 0.6835251135661267 0.6804422557514569 0.673680966000629 0.6504340787708717
0.9153184150298895 0.887556653503288 0.8991788084609452 0.8708670094807532 0.8951414040283487 0.9022240049425864 0.9199227236919967 0.9248838059348629 0.9225730298966115 0.8736485747900439 0.8862073999940608 0.8840312541558867 0.883286189970911 0.887333037418017 0.887798314784556 0.8518531771322456 0.8442930566425615 0.8633534142387066 0.8793896351964442 0.8526042099434167 0.8430749888645566 0.8468975384226879 0.8659100013147514 0.8561840628424109 0.8315123169137056 0.8650085572672528 0.856914091059448 0.846966583582145 0.8261279338180081 0.8205414446419891 0.8062793024131254 0.7789113455624361 0.7919712103885693 0.8040232148144322 0.7722078450735275 0.7714790908714787 0.7534971199393184 0.7143723399041819 0.7120784572324487 0.6889816313431952 0.6633921112218848 0.6730953883609686 0.6409696064152727
0.8817453487155682 0.8757514565009019 0.8854460801652454 0.8900070979595001 0.8984966221536475 0.883881623953192 0.8965740224584187 0.9136932897633113 0.9032719086039301 0.8845595979788957 0.8622752619297032 0.8863106648293568 0.8950249097872803 0.8648172609829139 0.8438362787546092 0.8378486559563958 0.8338663930145707 0.8595002252306662 0.8558757810602188 0.8644028044240293 0.8534744016784851 0.8479501478951424 0.8511658703827638 0.8243129162408913 0.8248423872726965 0.824110812405726 0.8300721495828768 0.8228037801116491 0.7868340617337264 0.7973151283218408 0.7635652361315544 0.7523862373990516 0.7647029845348479 0.7880370753758233 0.758661542978732 0.7440601033360569 0.7169759920465403 0.7054611681954237 0.6582983870343977 0.680563322101698 0.6429992642021716 0.6336510103989735 0.6291277407571622
0.9047997819721235 0.9001198286970327 0.9024692264713808 0.9052610387875016 0.9021882844348446 0.8511291955613345 0.8674242980662095 0.8820970053956231 0.9016518146096538 0.8886847505249383 0.8885317283687905 0.8811484183660202 0.8814784728635906 0.8533910113528689 0.8332083419788098 0.8492069848946808 0.8359621858208859 0.8170977108131152 0.8305521687162986 0.8157317371599948 0.8234603020359648 0.8534911772244141 0.8143728074049227 0.8284560377734054 0.8254981844210503 0.7991027738707265 0.8081575197771484 0.778921149342762 0.7903921259945154 0.7618891157372454 0.7394700640258624 0.7506774897658968 0.7539650232044719 0.7655340450357391 0.7453085739175407 0.6917959531943678 0.6939007982567134 0.6496767759704448 0.6436466237726932 0.6477086187466081 0.6141849331457045 0.5999151478241121 0.6049814945456428
0.8867131731356156 0.8994933663114244 0.8891067201681468 0.9149858662880848 0.9055526015368467 0.8910191693409625 0.8504445813185222 0.8713132057844727 0.8901323098288738 0.8799110935032547 0.8832521568808849 0.8540910934938455 0.8769555584341922 0.8674328186362554 0.847463454367679 0.8163237012282321 0.8302820262221096 0.8388958104894167 0.8237515477929281 0.807500150328619 0.8264337814952024 0.8074125042778637 0.8053483383677167 0.8156295080700857 0.8181379099808039 0.8282136480797848 0.8081926888030412 0.7802407574689089 0.7681185862385052 0.7749536249802516 0.7517208909726356 0.7519110450795176 0.7230461455554369 0.7370682136346359 0.7358858477158674 0.6807207241178311 0.6492590123702641 0.6312202053775886 0.6401008984555775 0.6228129205085569 0.6040191877673287 0.585362549804405 0.5415020230421478
0.8671182899415587 0.8989536174345591 0.8882558882578055 0.909072461952794 0.8827739544767453 0.8928390602998615 0.8797547072615998 0.8413844516719926 0.8781740309695956 0.8789664697564987 0.8565916412884629 0.8377368552014445 0.8722224756189398 0.8544825798565882 0.8486395053832632 0.7901842397740769 0.8075349709605473 0.8427403812475661 0.8277949816094375 0.8318702361124677 0.8131579572575354 0.7932235730570075 0.8084668730647214 0.7707035322662935 0.8159874589357028 0.820751723885057 0.7935724163883175 0.784810956994225 0.7559523946480401 0.7615481007504261 0.7671131374570881 0.7445533656557883 0.7094702337156302 0.7164403939384607 0.7117722224623559 0.6987654064682042 0.6721283354047027 0.6314216928851674 0.6351653405535007 0.5700002942818269 0.5675861572060125 0.5526201135211155 0.5504699466486238
0.8832315474885903 0.890890383629758 0.9280547979823764 0.9166181378732184 0.9084257966326879 0.8645456729489651 0.8722362468131444 0.8435780998275031 0.8594373886565178 0.8647827264591894 0.8234876862324916 0.8283781204655579 0.8510554154133015 0.8475456626345772 0.8298238155299914 0.8047972462205862 0.8035678291901907 0.835416992146578 0.84294021029881 0.8313583340329175 0.8290504807523038 0.7989436780249863 0.8259533870422228 0.8145520978210317 0.8216271612458247 0.8129028772698018 0.825778894044804 0.8211642546508147 0.7901353576308844 0.7725350287681956 0.7673357610421611 0.7496035316604184 0.7291679986904959 0.6949658389632158 0.6951509446978886 0.6759943570033428 0.6534210427508573 0.6565651412999594 0.6172755627637724 0.5879059658262369 0.5444551081754633 0.52109779387446 0.5543012392983692
0.8981757869289155 0.9382337174604888 0.9041139045297253 0.903912469893444 0.8992174646963378 0.8571903375644561 0.85595146646131 0.8142821064659691 0.834447927876757 0.8440027025716016 0.8419119502398652 0.8107892116637617 0.8501070384384161 0.8316809936319868 0.8071860185755938 0.7897184780697498 0.8228606283476584 0.8257895939073983 0.8455255763400673 0.8491426128929142 0.8297306996355889 0.8328762886750979 0.8434922225728527 0.8429370190939165 0.8302116646752259 0.8306314588745604 0.8250906001714738 0.8363411526018932 0.8181505134198912 0.7613273912414286 0.7643613066010542 0.7625420026994559 0.753612443707188 0.7222184478215099 0.7152793602498659 0.6887052103877298 0.675187778594093 0.6411990352951356 0.5993513032307344 0.6015553504929325 0.5534241431247839 0.5182543549145061 0.52306217491888
0.9068119783714162 0.9210929525945022 0.913340347877758 0.907227909652692 0.9127446707126188 0.8779529419135337 0.8504847761024276 0.826795611636208 0.8054056952872448 0.8237893345218528 0.8200416705432798 0.8147572113974322 0.8231400445351479 0.8308180178321586 0.8348676136419858 0.8143529655759013 0.8056203099942107 0.8388573243541104 0.8296848842110817 0.8235054691140995 0.8349266666283706 0.8345811925304069 0.8261970765438849 0.8275033211022746 0.8291938638676496 0.8275262226578193 0.8526228154866456 0.8288073975170619 0.8241536811882286 0.8007974990927282 0.7645868752542714 0.7499573278527585 0.7620070890469065 0.7232050213331458 0.7128980506034037 0.7167447009914364 0.6766903858142718 0.6367432872112302 0.6149640816286558 0.5993972882601818 0.5475428256792509 0.5262336153779802 0.5073521942637563
0.9269289386380528 0.927260912211757 0.9294558041441152 0.9249233300993832 0.8937095047569655 0.8862082248220751 0.856036998957155 0.8120267904295022 0.8138515471064711 0.807874501306641 0.8205705588096541 0.8121440933811029 0.8205958274033431 0.8110128249122621 0.8227270329345123 0.8290563122311043 0.82824484066456 0.8195224800477301 0.8100018165501931 0.7994571970503739 0.8076390460151877 0.7808734128186092 0.8163264581701681 0.8128112249090533 0.8309162792250654 0.8555084927606696 0.8551781964769715 0.8362834611734461 0.8286652365840482 0.8134495066500835 0.8061836277031268 0.7733565365856148 0.7550724629832658 0.7357944636342074 0.7273327629028188 0.7359366187941034 0.6649404100579555 0.6640012477908422 0.6287596115234028 0.5748886873154617 0.529312350869733 0.5240151721613266 0.5030040921424938
0.9219150621241945 0.9369219868903542 0.9613846846817209 0.9271313529122092 0.8981446224882644 0.8727449147681304 0.8715113529080898 0.8200410832514708 0.8211028008704223 0.7858640755078922 0.7922815599570676 0.802960801552073 0.8094180250172249 0.8193464694695346 0.8100402319222093 0.811836744969944 0.7936134675994274 0.7955384802378985 0.7641471619273961 0.7433109685995054 0.753236258354434 0.763909829177148 0.787603253873685 0.8156411301096688 0.8203531391257824 0.8532227915292006 0.8466721112659344 0.8178742385692391 0.8058399859313375 0.7964067131875845 0.7931712644398494 0.7553949039533477 0.7508506188370638 0.733449330576527 0.737958345489973 0.7164290722635015 0.6648320382476086 0.6307147388115174 0.6147973818406601 0.550123595522666 0.5349911620333517 0.5038237671896686 0.5207793708915368
0.9414245961334174 0.9546198027639237 0.9667283765667201 0.9563960514773117 0.9123138029834866 0.8963103987291597 0.8720750978918632 0.8234412465620634 0.820256561460517 0.7780068784904289 0.769357624032197 0.8113672006492638 0.7937089260028926 0.7895914743157638 0.7964173430893647 0.7474145816281128 0.7633040961632155 0.778897956124293 0.7347730955978956 0.7393279458868737 0.7394834192834515 0.7649232184543665 0.780372822029576 0.7808375817167832 0.8256360187481023 0.8463332347367994 0.8436838430746829 0.8107638733586598 0.793746628783084 0.7752641623514858 0.7891417284290818 0.7612549767256779 0.7680123298685597 0.7260601295683488 0.7047502964609722 0.7052655123918729 0.6610001355242172 0.6191039622847114 0.5871517793969969 0.5332118460410971 0.49920611492517813 0.5079922862909735 0.519753512359698
