Raster_benchmarking/Raster/continuous/raster-135.asc
NCOLS 100
NROWS 100
XLLCORNER 1743151.9066166764
YLLCORNER 5469287.6650491
CELLSIZE 10
NODATA_VALUE -9999
[rows 0 to 18 of 100, columns 0 to 42 of 100]
0.6000960539741319 0.6106742110494209 0.5863171163712321 0.5066238087304172 0.494693617524863 0.48679039085809006 0.4800899095147371 0.5256844418461208 0.5058241767240701 0.5106218259894918 0.45519429937943306 0.4098584683558585 0.37670447341336266 0.3573790326072754 0.4180456818890563 0.3969611375808573 0.3811551382659298 0.40820450328143093 0.3471401355508081 0.3485337614846272 0.35296851855899464 0.3843378376661322 0.31399463908887465 0.3033384156858223 0.2457921480041895 0.2214141122160179 0.23047812800095552 0.18467295741267284 0.2210053306805258 0.19430232231666658 0.17933652457303229 0.15242152780905996 0.1362935116579052 0.1304086790641843 0.10739416849780727 0.10490320953501195 0.14759691516132886 0.14887783961447779 0.19198253404140253 0.2713391304850476 0.23804183217046906 0.23095626569850514 0.2550747082251513
0.6526084061009527 0.6093119864914903 0.5835215381320439 0.5687375447733707 0.5484325744846053 0.558563562144391 0.5444641037541209 0.5046324475603619 0.5355303107073804 0.4659979612507396 0.4416186072065633 0.4712880637709565 0.43558975586897397 0.4241478229224251 0.42406044615144367 0.4190321518759856 0.43136551823066005 0.45032496806103317 0.3869278604495913 0.37754813092071515 0.39066895407209895 0.3374075116477626 0.30614200346055165 0.27913150359026123 0.2735831043744336 0.23675649244164435 0.22628605456159573 0.2479758300510521 0.23595214628843225 0.19076056462862126 0.143893106846598 0.11624749255018726 0.1480509562629693 0.12264819077147332 0.09785651050714995 0.08725860776586085 0.17854864848202487 0.2184254901550263 0.23038091969576577 0.22010136825625817 0.23202796888569277 0.2584664424126195 0.25878413428771113
0.663793311048945 0.6730290489075534 0.5923111702061628 0.6044563406364403 0.626673778038422 0.5932544205949102 0.5346853082626959 0.5114916414211695 0.49750998309520383 0.4759816499842811 0.456698638943115 0.49612742760721323 0.46317385052598903 0.43756471710673245 0.46414617011429893 0.4712266712730569 0.46665293640263433 0.4992531759409861 0.4436278308863324 0.4073374176334389 0.34853135106323996 0.29376567367022527 0.30741767012632243 0.25109352367012 0.24064978920812397 0.2851172383192774 0.2356563687632497 0.2745748607040466 0.24953941705296526 0.22602117224316184 0.18907717257314474 0.11648319131218368 0.09092676787388272 0.07427249477756184 0.06686736695479391 0.09784571052523132 0.1469587123383187 0.2422797018882605 0.22077718426921794 0.24222185971888066 0.24649259132120635 0.24230091980415078 0.2366489553368328
0.6325258643113778 0.613934605667262 0.6357512579360118 0.6312494926753814 0.6490920255774504 0.6224990865097043 0.5960374272070935 0.514269378423987 0.46878083488415007 0.4741018672163413 0.4926697860475549 0.48050265281423604 0.42305637162556464 0.44919180759352373 0.46290503662567245 0.501059233047282 0.47720440444807666 0.4951322039905228 0.44821897585067744 0.3723585234770074 0.3281100715464836 0.30043244477919345 0.27848120630793693 0.21303760261007118 0.21530738643017286 0.24973965359473144 0.23328620894340066 0.20692608343405935 0.2108669886030053 0.1619570205862361 0.15574844478762584 0.16332790479592205 0.1316405112083288 0.07953362363663154 0.09033448892991065 0.10766720271009288 0.1545785206618365 0.2342790834162815 0.24551459307366333 0.2542434359659991 0.24317365268258503 0.20361853418509465 0.2044223347690739
0.6188338384333077 0.6423653948449466 0.6612411403432108 0.6526225578619799 0.6195862670524387 0.6282881212772841 0.5933676301685772 0.5197242296031412 0.5009199614691758 0.48034674620977813 0.44253867627345594 0.4465903275995778 0.4126052429540324 0.41544286624777094 0.48363784269544713 0.5149477181800798 0.514464544075969 0.4992148923579153 0.456061231446064 0.3690329840428665 0.31587807688454334 0.29735783994952764 0.2285771774214359 0.21682496528457648 0.18597029191381093 0.1954003746103496 0.19633010568313866 0.2302394956140587 0.20518579906729356 0.16354377052683716 0.16825734126605926 0.17231364253108425 0.1291621521550684 0.09337405251347444 0.10465769005485424 0.17843759178706384 0.1319364292039165 0.1690026404699432 0.23414280908913207 0.24141660079935853 0.22386319719562767 0.22606255958935528 0.2562571222221507
0.5924299613417148 0.6189813936735253 0.648871458516198 0.6307191931942946 0.5994298902790891 0.6000461812759502 0.5368875419479866 0.5465497436532569 0.49561910099641343 0.4820246210624514 0.47595105732272214 0.48001911442571804 0.46008390845230474 0.4508011266769409 0.48380738738604834 0.49412649592538527 0.46608048556749354 0.45445350329131723 0.43928674982274585 0.3916458835410236 0.2913015662471033 0.2676573523268939 0.21408321137551564 0.23075687608560547 0.2014913481783543 0.18797160034661825 0.17466442044269945 0.20590588515895725 0.15472624908343988 0.14234899274338975 0.1747644696843062 0.1402664491901653 0.09509866886603811 0.11098169689388054 0.13144128837302788 0.15575948829907324 0.1543015665550793 0.14071930358280155 0.18570549159415467 0.16714242442034044 0.19303212464553074 0.2224614018152522 0.25941436003177326
0.6390273548842359 0.635938646790753 0.6471753761260644 0.6297815784559588 0.6200317557285326 0.6015659361440783 0.5335611408637344 0.5198900873545652 0.5262441332096881 0.46634192071881503 0.43626815409252595 0.431756823326499 0.47202871220160403 0.47362130533217833 0.47336270392421304 0.4960368528805142 0.4709704747120828 0.4581437798160991 0.44617363764855017 0.3659581331503994 0.3149179173845357 0.26367328753165536 0.22404422793079273 0.2021937510472203 0.24264140101535475 0.19611605168787355 0.21558413066278806 0.18575683216920227 0.15291081870070497 0.15815668479090633 0.13521891250650211 0.15565848072224223 0.10852575513206694 0.0715372700660295 0.12596970027454787 0.13270339948697482 0.10311338821909866 0.10835718114439745 0.18607546662123803 0.16234711956786593 0.19900590039745683 0.23488931777615155 0.23063844215609272
0.6414602404194659 0.6675004794170057 0.6525998156303747 0.6178646254366014 0.5682860744460811 0.5308227192888593 0.552466324132189 0.5099601003190191 0.5240282254368807 0.4679966356754151 0.4392980012305461 0.4210701062009999 0.4259185618859755 0.44265970280359934 0.4496542597907818 0.44130256623664127 0.4580077310946819 0.40887534352479554 0.4254585266848784 0.3928882015007905 0.33339701517946685 0.30032077270641117 0.23534096866550375 0.21058508541411855 0.24426319508729202 0.22106605463583262 0.23484042327025764 0.23565876427930574 0.1561352648275 0.15651516542938726 0.10130531886662916 0.07669141051790566 0.08164495294047863 0.10059762960577819 0.07589101479840354 0.07768879972565239 0.08232926090127207 0.08994209572764061 0.17934755842102526 0.1868283008853932 0.246707147764704 0.23862283222752478 0.24611119191662265
0.5961891008962587 0.6364249239421073 0.5883256301426417 0.5859488214098717 0.5357457136709827 0.5275040754951166 0.5615778775982574 0.5548404316957009 0.4889013661402784 0.4607429258672622 0.45877426135377875 0.4157639933216454 0.3920543102864464 0.3735617621436689 0.41583787593808735 0.4060722703908792 0.4105616084267179 0.410486792025527 0.4463761137757682 0.41455659509077686 0.35477175928461896 0.29495750448684854 0.2512641780918951 0.22372823675854503 0.24004717980968224 0.25371686997944315 0.2413865683625378 0.2468398811724821 0.1765746674878836 0.13552853966736095 0.08262242106495975 0.07032368781636979 0.06757743860959194 0.09727262184776236 0.045506176466657174 0.014541504648250624 0.10489028042150104 0.11066291087004064 0.17022637166992624 0.22341521241346254 0.2427262797052913 0.25324578343680604 0.257365205615154
0.6018339173063298 0.5527042600763121 0.5334123432962944 0.49695467247385555 0.4976939730910345 0.5294505734930063 0.5378506006426009 0.5261558291340396 0.4783108597148617 0.5064637923455213 0.48036723114615826 0.47960929152648213 0.4460833938991168 0.40916520979150256 0.3702312669402666 0.43181580237162615 0.4226796485590308 0.42158929821681074 0.4183058678248628 0.42388960042446244 0.3949140896991638 0.345392752597826 0.2686030224571176 0.23927184510359206 0.26698820650207955 0.23856838743237613 0.26757394451524513 0.21252661595757763 0.1811365541151332 0.14946468857388104 0.12560666448665514 0.053914768052605776 0.08874656363764685 0.0766090245745085 0.08102721685521083 0.07424675000886904 0.08234366073831614 0.11965838369656455 0.14601219080467012 0.17517539246586758 0.22789338664675454 0.27423315853072494 0.2771481061740777
0.5325998669774751 0.5232016595980856 0.5259672005594289 0.4795385633143308 0.5095694143731476 0.46019133042672616 0.5108219420775385 0.4784903727085053 0.501078617976928 0.48890560804785665 0.5098584274694162 0.504925445305655 0.4791385847307416 0.4193977353315601 0.41434791304244056 0.4083101191874096 0.382901654701328 0.4086078726271571 0.4098923971656414 0.40292437050991975 0.3880831287284893 0.33692452543287044 0.2553769510201129 0.25116317120149384 0.23110750051428988 0.23017291048611488 0.23159652114956678 0.2429067259454912 0.2224232851773227 0.19180358649431833 0.11484147641112248 0.04676604541056246 0.01375544443584852 0.011868317959840672 0.04903155810548916 0.08273105722193298 0.07487073224741195 0.08451314917594907 0.18236870168792618 0.2200446209489325 0.2305591228069166 0.3089529177823667 0.267441689643755
0.555246829286349 0.5086596383898522 0.5233416404859557 0.5092030100585541 0.4708430029629514 0.47473187115265336 0.5162120702726236 0.4879577547487421 0.5305279991330102 0.5028428740900633 0.5091274780821131 0.4748361986119958 0.4616284197747954 0.4171978719297819 0.42689735989615774 0.4390026752894783 0.3965582930370642 0.3932112349506599 0.4121701725658965 0.36915891666450984 0.3399228069376125 0.2794562175498193 0.2555497331166362 0.23258872017107263 0.2186047836301169 0.2518424291673837 0.21272814723749262 0.2335658066584134 0.21869772519819256 0.152263307212046 0.10540986807737485 0.09293480776649551 0.03791006648077846 0.07075381732710732 0.07114228764901469 0.08784088582215487 0.12677584228015643 0.1524997770617268 0.19510466232521306 0.2517465777643586 0.28469886759830215 0.29066292120515413 0.3032668351628967
0.5148325664509391 0.5314021600037501 0.46409642037854076 0.4454301913663635 0.47802910188794995 0.5328295300584285 0.5140211068100299 0.5460482468947064 0.5074410865521405 0.5570880148072713 0.5440820558746028 0.517841828548439 0.5162978207611327 0.4854050866913524 0.4445156423685194 0.3996404259320541 0.3725214011479703 0.3650210345463042 0.3405681382284336 0.34095725970231205 0.3484255334312365 0.2754406245841931 0.300932583121712 0.27669765738516733 0.21492055378772024 0.22888262820167335 0.17941020217117282 0.17148460479567026 0.19215696371603858 0.17470568743996442 0.1121096315668471 0.1084471998072664 0.06719468946502286 0.05058675426417285 0.04751163810838906 0.11421297945301503 0.13737770752904352 0.18512288815386965 0.1536396343080216 0.1862943154973878 0.2525183687135905 0.3123460064385084 0.32540196729811716
0.48550710895066257 0.5054130238785877 0.47264105151765745 0.4907824438514322 0.4939250435313872 0.5455362596498279 0.5586830671314269 0.5078721252830166 0.5177833192637065 0.5152996902768892 0.5021671110789093 0.4766528889621464 0.5024110792516677 0.5176211132342243 0.4546576709609875 0.44198149515469415 0.43913443165548255 0.4375418183617142 0.3556848300451593 0.3738350349508934 0.3464499898369228 0.33777515614278025 0.3035334583664118 0.2875265148077511 0.21972218633736465 0.19273274203003737 0.1820206868839103 0.14242043673047441 0.12753570622767166 0.14874253311665897 0.11034564864130827 0.09929007788856527 0.08155511323089915 0.07152237493124684 0.07397256700186974 0.09616403186258568 0.1417490780047983 0.17118900561007772 0.179488528244781 0.18974506187203907 0.24376242285825583 0.27168503484122797 0.30523771396100163
0.4721234205759931 0.4327573160003082 0.48438175608745215 0.4638245901191279 0.5137388172057791 0.5055897925859476 0.5181179127827688 0.5235024987611104 0.5482672200718646 0.5508543383979835 0.5301163966164146 0.5070961087549586 0.5195633277331526 0.5149757812433111 0.4657171015667324 0.4244480395138758 0.4437014315700719 0.46460290265274606 0.4153624900562912 0.34064981944192413 0.31882923078280484 0.30885920710557807 0.28611945320281423 0.2774048861495814 0.26218709910164917 0.20811181866786935 0.19270911566767596 0.15854856374376455 0.14059294725388363 0.09339093580297905 0.13838717758659796 0.14153323151066793 0.08815798656983063 0.06754160723543608 0.07065980415386977 0.10228563779090805 0.12388388177461837 0.1389937081682151 0.16996477599184023 0.26189396254130476 0.27454715693070186 0.3400779383799099 0.34438599494601163
0.4606618893728444 0.4261932687926142 0.46949883880619214 0.47956776313757166 0.5288560654827761 0.5514548152099988 0.5178331876697997 0.5078090900826359 0.5446825828687838 0.5927920362537714 0.5479201312197979 0.5231201927307332 0.5399334572719463 0.5222345398411226 0.48198146261727587 0.4867987099873881 0.4842796963032687 0.5158063446563729 0.4612714105119287 0.4094753750638415 0.3778429470250334 0.33520734708780286 0.2764122755504484 0.3142904633763048 0.28265837653841014 0.2070634760316902 0.21522558137714393 0.17791139971372186 0.15916609096852033 0.10894664376340468 0.0829394685239274 0.0851823959190726 0.10812473053286065 0.04487975419414345 0.08239763981255978 0.09898901528519449 0.12927217718469017 0.10990558880374128 0.15866258146142784 0.19768265378778926 0.2688157759986797 0.28520658062086135 0.2894034004914986
0.44706318378977883 0.42838943261898316 0.48325982808045764 0.5062104172275926 0.4904084381001072 0.5214341910319328 0.5127042826954041 0.5696048386664223 0.5788222923288197 0.6090778490636385 0.5924093166586529 0.547558269176721 0.5161940257961624 0.5411100963844049 0.5121555807268486 0.48802123702342476 0.5139872471873095 0.5326119787465091 0.4998669414127625 0.4534155113335256 0.4068536879830355 0.32043163038816574 0.3013805841205835 0.330097914053619 0.287065910395601 0.2354847483110374 0.24405231099578287 0.22345450322268676 0.13497797278700807 0.09325887215036309 0.1274984043757363 0.11840202011225143 0.05270465093354267 0.03870402412513711 0.0841903940573423 0.05065952890203202 0.06106519181193696 0.1098466776838266 0.17401304501347323 0.2005284747216246 0.25074516825761695 0.21898810392643125 0.24586956115261457
0.4939180340609501 0.4467565135626862 0.4953047581256205 0.5039102431692205 0.5287101703777807 0.49463393373181647 0.5038561789616426 0.5325097739559855 0.5628240168361133 0.5750644999941361 0.5636441642209787 0.532662166717304 0.5163598997673253 0.5421841419276382 0.5155888245854024 0.4944489334818595 0.5034055882383388 0.5394928133989367 0.4919305336554713 0.4525416125596228 0.4384997422302007 0.3925759876073838 0.38330986059015615 0.33504234689138734 0.3375290744373475 0.29345469008352104 0.3208352315111221 0.2911922356883794 0.18421999933200386 0.17050143564090456 0.13393128914779626 0.13004271218741847 0.06253007028835632 0.021090608930438508 0.03487437323068769 0.07633497737080146 0.08294788547290796 0.09190833565082775 0.13275326891239203 0.15737207677808243 0.1963652386620961 0.2188804850634349 0.23215099618247773
0.44764301272253126 0.4270606074352047 0.4653473500512096 0.5374393050305495 0.5134464554650964 0.5045978806246186 0.46848570790746713 0.4888083553732718 0.5394785886836851 0.557045534334745 0.5594270272014376 0.5811385531011676 0.504502596370935 0.4937973062893204 0.46471906259803153 0.47483455800998103 0.5269981730035755 0.5131239257323426 0.5144806371194782 0.47644375235664554 0.42537454796651447 0.39218432990831126 0.3696054246728914 0.3895010927199308 0.3973886875515636 0.39245138692749554 0.3761390830408047 0.33349809501282707 0.23340953250053845 0.15925784561891695 0.10171549584513515 0.0734825549715266 0.04478436604407399 0.040639435128234175 0.019178499185383252 0.0200477943728483 0.04646448122708201 0.08163665880022569 0.13688460573187552 0.1587983041309509 0.18586951175967534 0.18799839967136345 0.22589394068369228
