Raster_benchmarking/Raster/continuous/raster-46.asc
NCOLS 100
NROWS 100
XLLCORNER 1743160.468387071
YLLCORNER 5469284.408676759
CELLSIZE 10
NODATA_VALUE -9999
[rows 19 to 37 of 100, columns 43 to 85 of 100]
0.5880785635430271 0.570206605966781 0.5815415639822872 0.5494956939306079 0.5746688974049344 0.5460876279259067 0.5583993436900522 0.5214827167908734 0.5154343909937908 0.5781253508343029 0.5548733896793983 0.5233843565990585 0.48962576606215413 0.4826040994625579 0.4623709772447476 0.48878835573479584 0.4789757016722533 0.5446441018270043 0.6074092992424425 0.576475507555499 0.560161448769755 0.5899351508652559 0.5783304709782457 0.5967293950157821 0.6170594298060942 0.5971461958089951 0.5851487019204724 0.5417356954399714 0.5361844223153698 0.5831926809063942 0.5713539251002678 0.6192664130496333 0.6067927571386558 0.6229457448517326 0.6296244470234627 0.6828423633281838 0.6951929472786521 0.6847123565960763 0.6712229365360881 0.6693417329629152 0.6723900179873432 0.694497100741094 0.669844539186886
0.5907380154199465 0.5730684604719767 0.5746110868417603 0.6100608801644205 0.5797018535805089 0.5686915331365989 0.5697789043024075 0.5418497353435908 0.5353926577350974 0.554813756579441 0.5465352140318634 0.5249409650335617 0.5013219327191694 0.4499367846980727 0.4678461840598986 0.4793384415170579 0.506189784012211 0.55550054790988 0.5611264279616857 0.5844891222151651 0.5683289072092373 0.5587751671664918 0.5433922265476938 0.558669450645274 0.5730470253357719 0.5834573260839079 0.5742835892296061 0.5831868624409943 0.5300908689475314 0.5724379289659398 0.5578078354918802 0.6063575882543839 0.6436523063045849 0.626718500059741 0.6583191116503753 0.6857257971634723 0.6992862627753237 0.6926557599049362 0.6348115712350655 0.6647094228637669 0.6186398835536461 0.650331893159792 0.6597791863044384
0.6036010126625225 0.6186517412400722 0.596733447173025 0.6253128202088581 0.6038955936756015 0.599061027417593 0.568296512964814 0.5605374996939594 0.5540566339413999 0.5383879921317993 0.5034210588162306 0.4790017607747545 0.4717328642399598 0.4590616232732538 0.473494327742817 0.516320307665521 0.5109188631502881 0.5489122626835485 0.5379957802938733 0.6074195225332475 0.5965549597603241 0.547817046875081 0.5715971104080706 0.6083779849638291 0.5765818272587369 0.5562531704999251 0.5806562484054212 0.5426882125667224 0.5357554569006907 0.5390198453028149 0.5699592175284118 0.6132607735845471 0.6480446985278494 0.642603266528667 0.6513889733509461 0.6296141355867788 0.6849526271438446 0.638904111792808 0.6172850613820255 0.6087166399747905 0.607122714763974 0.5798185585549638 0.619814184277557
0.629200948934126 0.6039923484829934 0.6006609528059854 0.6472000489220504 0.618701659021776 0.6443311037939438 0.6150180741940998 0.600240324876085 0.5751400051039947 0.5703979209695772 0.5587986434630794 0.5216427251901526 0.5518944373516383 0.5421771374593981 0.5311261786648354 0.5173771174496657 0.5215465617183234 0.5588629326069116 0.5825646361446715 0.5890799600789192 0.5728333654594746 0.5666620476749196 0.6107382114816927 0.6138658877053716 0.5845461903269445 0.6006420854416362 0.5929291327440901 0.5781672989292944 0.5729002468528577 0.5637773907789789 0.5887767731856617 0.6348389522656318 0.5963681338601364 0.6363848682492208 0.5997304383378351 0.5912357237272541 0.6126691641253156 0.6167261816388028 0.5868358159794524 0.5467788344488255 0.5384922065660347 0.5507268657522364 0.5423305289592429
0.6361427485774719 0.6295173500904965 0.6688242239259702 0.6876822041870628 0.6726452867627248 0.6820719489754157 0.6652420861845477 0.6131812374170933 0.6035932346552384 0.5775242905872822 0.5928451415306188 0.5937554818411918 0.6030015742918721 0.5432730537762556 0.5282081518273023 0.542843716493078 0.5408872192697141 0.5844462902623552 0.5599560973300783 0.5501954207387346 0.583851375376314 0.537257857558387 0.5882420341184773 0.5760236295192233 0.6201534378407325 0.6149322928730133 0.5856863149246123 0.5764968669788771 0.5844263207278653 0.6117785549931453 0.6334068484728624 0.5960669104130796 0.5804645476434056 0.5654918764274887 0.5879326488585863 0.5635458754758491 0.5646491020834734 0.5501303765003367 0.5316823587575221 0.5554257912268892 0.5436211248689032 0.5091247477539008 0.5232160837779365
0.6134797281737707 0.6196535215122699 0.6777365898128045 0.7189740248909782 0.6788997557857492 0.693911701140832 0.6718452188618125 0.6813390067408899 0.6128933894205312 0.6323011878376613 0.5913306735873799 0.6365694468401342 0.6373109134451908 0.5894935969448667 0.5954057629039691 0.5978847605783132 0.5522595361807746 0.5682557761746555 0.5751139587116311 0.5630349974985055 0.5281794885945893 0.5252082691812726 0.5440916886308982 0.5817561106379866 0.5441928150981387 0.5456485778602556 0.5654026045567185 0.5940860106190418 0.5844645120423024 0.5585745604307167 0.5630237022481965 0.5716820220913628 0.5575078574501532 0.5560909041407688 0.557278785484664 0.498959207161216 0.5018273990099333 0.5109183493377543 0.5197826411810722 0.4948337405420463 0.5225281822000535 0.5243072042535192 0.5183309510360471
0.5541385635455609 0.6199090437046099 0.6869064582385804 0.6934255400493244 0.725372641202892 0.6940682891477599 0.700873207370905 0.6961621007251263 0.6523689876164857 0.6344594549447853 0.6140917230161008 0.643980051258904 0.640582060522849 0.593049430212185 0.5880798226134737 0.6179801093393561 0.6195654719033908 0.5955397502965638 0.5263229908081994 0.532898884272877 0.4820441500473279 0.48957289186174885 0.5153808640589818 0.5557536181381753 0.540448795236357 0.5097970385155486 0.5292258652236541 0.5301449143087172 0.5709709571118002 0.5878297554323793 0.5522360712400619 0.5819548142657412 0.576134994610029 0.529553975226502 0.4623737783100521 0.45508729047477287 0.4901718657893616 0.4850672010055695 0.4475266336163947 0.44090088837997615 0.44874784882039254 0.4984867626427073 0.4892644301846132
0.6261171247898112 0.6158530348440711 0.6307371422664825 0.6885122248049459 0.6781266872792526 0.6617568440164361 0.665982423779282 0.6368817821681476 0.624513293431234 0.6149727858317101 0.626923183366116 0.6352967450612963 0.6093640396993438 0.6443250734788568 0.6013587544753499 0.5896473080761262 0.5873856675149843 0.5762582156507225 0.5482286646734217 0.5194289401296402 0.540159047469125 0.5166140130230471 0.488392025686061 0.5105771748094848 0.522324390510364 0.48114460548363597 0.4710320363107048 0.5220580743232852 0.5292386330333431 0.5469301922542535 0.528840127014796 0.5343441082995257 0.5133948314731889 0.47686853454424116 0.41862745151433245 0.45520093658047256 0.4447577097830222 0.4238797979120806 0.3956217927562322 0.41747055121977544 0.43270849785785176 0.4516496311341422 0.4437714882035832
0.617700538107955 0.6266749510902246 0.6484992444527665 0.645214239699931 0.6640801709006592 0.6329063105139171 0.6189286276863861 0.6074303896546269 0.5890018121887205 0.6137054351922402 0.6575617399542698 0.6156368464257531 0.6049784215717149 0.6430959741154393 0.6204786904610957 0.5869508367767967 0.5966749009999491 0.5869359527220912 0.5608905051230548 0.5448700313236583 0.5227832701015229 0.5052831274523227 0.5212572645731752 0.5160329286001731 0.46070195317301205 0.44558481450821075 0.43427174801085844 0.447327050264807 0.5030331173990632 0.4919658942514665 0.44156475525951366 0.4436196936920302 0.46586359555901713 0.4190454359188471 0.3984940678954741 0.39717785586477683 0.37144751665007125 0.4060167662485325 0.36977075044271 0.37152500267643956 0.39084069518553666 0.3662270912768928 0.38544326062529843
0.5773241805072259 0.6266556213362537 0.6352389565980445 0.6438449841891654 0.6716971329963732 0.6368349913577742 0.6166400364903801 0.5594649002792738 0.6045006110723263 0.5906408814037748 0.6414216793234285 0.623672124424432 0.6069018578482169 0.6322576951718144 0.6001256173717598 0.5529487987672969 0.5356701898586975 0.5432575591315775 0.5132812656457278 0.5218890837066592 0.4703890114398309 0.49982504239090414 0.46460316744849434 0.4545015781269591 0.4181785172245541 0.4418566121220351 0.3990638061513221 0.4414609503207099 0.43683497664092025 0.418869610478394 0.4252561178670504 0.43447083589372454 0.41200727218406136 0.3641843985301656 0.32762062984735957 0.32946900983860034 0.3076572033090809 0.34695720989062584 0.3812862697092898 0.35931744615735745 0.3395302599407969 0.3598395964133051 0.38157203016186925
0.5650141419455019 0.5827211895523827 0.5738491853942584 0.6378079551662584 0.655660583053821 0.61862249269531 0.5563639107780737 0.5709927047960911 0.5672046011970039 0.6143383455044151 0.6311841004169625 0.6070724627526439 0.6416828091895606 0.6381057809935928 0.5793828042784294 0.5824279860452309 0.5105841934574381 0.5245089503397032 0.5384579295498924 0.4821526356198795 0.4480265745450332 0.47780936569432475 0.43269746990717545 0.45195803746842533 0.43902867665488754 0.4007834667358974 0.3769946986905086 0.4047031307615754 0.3762045243307059 0.3982201419294291 0.4147934526527306 0.36641499552214135 0.324782148304588 0.3567050268221736 0.3204066621296116 0.27331212969927227 0.26583717566149095 0.2684900756389758 0.3330063839556323 0.36327197674854017 0.3660257677511838 0.34401338912767193 0.33279229906382757
0.6048771516821786 0.5659976248302194 0.5585483844053779 0.5983113781968907 0.6336584994408894 0.6168489743976998 0.5616325146959432 0.5669699273493854 0.5290026016637859 0.5479306321628807 0.5597616814822793 0.5734316233766148 0.5898813840600464 0.5804663312903365 0.5952609077452414 0.5734221028653598 0.5612136242631194 0.48325901481567407 0.4780342964252365 0.48202893832865207 0.48603098696747343 0.45330677437422984 0.4684505483789964 0.43847389626543326 0.41866936151687406 0.4089721444046996 0.40988907164612554 0.3585943726479795 0.37086796435171 0.3720805387300413 0.3796559800993229 0.35754929174011335 0.30477344625446684 0.3305707073743884 0.2841943066983647 0.25766782585079623 0.27099370440260767 0.24998716548525388 0.2741014331686756 0.29064111320237607 0.3280118875941144 0.30865113338928013 0.3519655762256097
0.6280492872340859 0.5813578602705215 0.5999519248591022 0.5985257564735509 0.6140400413280195 0.6341834624700807 0.5888057614177481 0.5631763764445346 0.5448078326719437 0.542243419900771 0.5638269969891673 0.5596895869036682 0.5737249566083272 0.5962955331556594 0.6103214037467825 0.5456405540247472 0.5600929708503308 0.4657529897320275 0.4261636589891223 0.4105944296878064 0.44634346366286864 0.4198820303674383 0.4408005413338913 0.3899439723289276 0.3806580450689206 0.3718489282144762 0.37309974376554056 0.3365612715449752 0.3161054332333412 0.34817940034325223 0.34639252141402277 0.3252539155205454 0.31833499197787807 0.3186104869446252 0.27474214794974766 0.26366650028791105 0.23127785575177912 0.2581085480063626 0.26177582860376275 0.2652763980759545 0.31447930023018567 0.324435320738994 0.33208968372649017
0.6447624594103304 0.6270717730935828 0.6142012829853247 0.6368241899894156 0.6287628005067976 0.6340323801621567 0.5992891302056825 0.5828931793026724 0.6092323438237341 0.6071829697678158 0.5639110645413982 0.5992340817819685 0.5899736450967272 0.5698036733373275 0.5464521739430868 0.5533571736629698 0.541071016898222 0.46835215717720513 0.4145592294110779 0.3917875321990167 0.3927144994593031 0.37239735595097007 0.35300078977776844 0.35048818061872566 0.3593739458970211 0.3424471105305455 0.3534275791666732 0.38036897479045245 0.326307731190325 0.3326285224995517 0.3187509540251951 0.3149362562009423 0.27864992039633146 0.29038890224814057 0.24651289590505807 0.21424485718993638 0.23342014402867717 0.23493574624096197 0.20479762836573404 0.22491421101504827 0.23098625670050035 0.2501532788041293 0.26386564822003095
0.605180733494925 0.6277713064714622 0.630700075181731 0.6472304328519445 0.6221234179609213 0.6269431295103325 0.6361308818952927 0.583632418165056 0.6437250873481892 0.598566889922325 0.6012539088992404 0.582157219963166 0.5966723946148529 0.5704767810272261 0.5751947746484396 0.5196933618023859 0.4848115970700709 0.40986520561509243 0.3860291318855452 0.3906494046356846 0.35561705602668015 0.3699221325451724 0.3482501503852036 0.3631512846497445 0.34124844255930814 0.3378068752107479 0.3571395572702793 0.3465496447360519 0.36409747957632627 0.3141710052021032 0.29217663745023476 0.28999790404786724 0.3044234020248194 0.2532431845717435 0.24670835722715032 0.20184952313297708 0.19780502084153204 0.2241631252743481 0.18851502837143527 0.20642887135905125 0.22503887176076373 0.21687591826834804 0.22839069503074932
0.536271613460207 0.5740959895035979 0.6053462239031602 0.5878083982828183 0.5608411525715864 0.5671840226994381 0.5890778507763784 0.5827517017297416 0.5966948301814 0.62074683905424 0.6128612303804475 0.6099383846542846 0.545645636953748 0.53126763709622 0.5513177000413854 0.5175042339523878 0.44392616911320193 0.40959221047459254 0.4109889143609346 0.3882027196159438 0.310111069067655 0.29837820858619385 0.3115044714659595 0.31759032411950555 0.32763974002737406 0.311203502093423 0.3552777058048998 0.29813517187441463 0.3183611714591172 0.2591188392557064 0.2750013801299769 0.2477050836490378 0.24459761394613216 0.21324950000702006 0.19350699890249864 0.19651500471724784 0.20518540128536916 0.16678283860706825 0.18634502109361636 0.18286406834511967 0.1705269384041569 0.21371747636390065 0.20475597129213052
0.5059842357717141 0.5764082615755209 0.597413907487486 0.5692502072075336 0.5844162754668019 0.5726986395596708 0.5382765486843079 0.5587870913753192 0.5795701713030424 0.5714684261713825 0.6008328490712578 0.5675673861141354 0.5363287574651423 0.48420386403329746 0.47691359104999503 0.4555242286424796 0.4098768665128604 0.4373312183750845 0.4245367865481553 0.36475228681312816 0.31701165447867435 0.28371426075501327 0.28940683974727754 0.28453864813335944 0.29978934234536186 0.2990442092672367 0.33107928373948453 0.28671483333955355 0.23298212205832552 0.23617457317269916 0.25282108923567603 0.2679848628665018 0.23636755728225667 0.22414562041626662 0.17699573422463982 0.18845545329106053 0.13964602374205154 0.20318262054230926 0.17647781272837523 0.17851541432455528 0.12118771374994927 0.15591624270608975 0.16407250819734523
0.5400400082595103 0.5470904134821502 0.5428368025352097 0.5503947107930464 0.5694934325206551 0.5427934641343234 0.5412733867547518 0.5670279529256733 0.5324683651822838 0.5531377947516087 0.5453668378713151 0.5436191910371702 0.5070787741246229 0.5133172749278008 0.46556556716213315 0.43472546959599734 0.44951970595784657 0.39844109318497467 0.4030122625931978 0.3693276791028761 0.3334432451552794 0.31355051751064117 0.281688459982188 0.2797152283920405 0.3107692673853282 0.30026693149236067 0.2871393223346668 0.2568694753580018 0.2419305112333122 0.19291477852725364 0.19015002760610383 0.22663744052576001 0.19565730010940158 0.20546332495144068 0.2030951596714402 0.15878309368258908 0.19200955430384867 0.20596449614759396 0.1834028316302993 0.1842603464514009 0.12565944664091525 0.09791224843840751 0.13366567695339354
0.4951791133575324 0.5219937965278615 0.49850824815411204 0.5429670455883886 0.5855296680119119 0.5672156958032226 0.5570381742788236 0.558097960314465 0.49744137429999846 0.49819801221693605 0.5193794664106022 0.50584417180066 0.4618791836356744 0.4755191794043096 0.4752378122543847 0.4459449456166265 0.44407791584437367 0.43090093640017035 0.4135974231835891 0.3548199301093114 0.32268614877556073 0.309895393534832 0.33403240993089445 0.31459570650145646 0.2780066432969478 0.23859265924656534 0.25102193395254124 0.2392476601875947 0.1904304058399549 0.20401682569405225 0.2058654215987064 0.19701880125778837 0.16123645211403534 0.16255215460817624 0.22244443077562293 0.2102587898169799 0.20707694507931276 0.22681087141731718 0.21893686389352798 0.17828026354683804 0.10981459572508943 0.10598563223612076 0.1140531020308146
