Raster_benchmarking/Raster/continuous/raster-429.asc
NCOLS 100
NROWS 100
XLLCORNER 1743166.2321218974
YLLCORNER 5469284.605998359
CELLSIZE 10
NODATA_VALUE -9999
[rows 57 to 75 of 100, columns 43 to 85 of 100]
0.33434406188646887 0.3389517808311004 0.2906765532271291 0.23440488698093037 0.16066540985587505 0.1558272878527173 0.1808323003169503 0.15703222325154037 0.17441424174037853 0.1350413450223219 0.11961184319287999 0.11196958135223066 0.07383329720869172 0.09992598596637463 0.08327222929212359 0.12219467184352512 0.17794939772170995 0.1572742803190333 0.1597795242050125 0.12015294740765906 0.11464487116023546 0.0540712215567439 0.05396863692303136 0.047212760143124276 0.14429789974512594 0.14750178631860267 0.1700130521424767 0.17106512947601485 0.19423188688605117 0.22092928383584481 0.21338458213410513 0.21729982871596307 0.24940834554959362 0.23253613486528416 0.19131259217251181 0.24304829444182086 0.22211073278598872 0.27206047745627737 0.3076466169177607 0.30905697665000414 0.28506171854769624 0.2748740170748216 0.3264824342519797
0.32985940229106947 0.3062156595435557 0.30640871534250946 0.24510498713093978 0.20761185181063968 0.20580317223937078 0.16794852701352758 0.18448446799256743 0.21936147083182886 0.18992559143713506 0.2185166353997393 0.20282472727202552 0.16822845157795255 0.11285050860238892 0.12508553014011392 0.14681183650755278 0.18142615825815267 0.1416870964118147 0.16177351859093503 0.11487941008125607 0.13235416384454812 0.10216042061579954 0.04765879766546981 0.08606202625163266 0.13993471714735128 0.11319081135620704 0.16351392425873765 0.15997220441635046 0.19496045102768159 0.25019216525301935 0.24713154036888377 0.20674553725999337 0.26696352141556784 0.22920147267199908 0.16492183561496182 0.19282080897414738 0.24881907567885767 0.27744400632925265 0.24898019657858678 0.31273993671369427 0.33332922126932774 0.29418524239627 0.312092632396788
0.36274520430117285 0.35165567682406434 0.35809060163144507 0.2886642243657023 0.25663678110997623 0.25309264942312 0.252747242121664 0.23880714989835347 0.25773244459257916 0.25973541382635323 0.21595799132668672 0.20484338134766297 0.18143030825297587 0.17299423337759395 0.21762098044114614 0.1700238929763019 0.17289010489021 0.1289599085836995 0.11870666157087426 0.08313398997492355 0.0706028139304576 0.08753074911732056 0.11448553915354431 0.09018864329085027 0.08881721431074095 0.1279764722099615 0.13779104636819084 0.1705712779142938 0.17648942260936418 0.24206600525748326 0.2383695375258444 0.23870013232261114 0.2010414183859775 0.16887888031709017 0.20809475598701604 0.23215579253628868 0.22123155128142974 0.20833437012916278 0.21396884007718278 0.2674475811442526 0.33598060566787874 0.3524188893819901 0.3461650534150483
0.4263897690107849 0.3554648717071647 0.38210215956918764 0.3588238451901067 0.3150230295075007 0.2507909277907542 0.2266817608582267 0.2650388623312305 0.25295855547954543 0.2913532922520848 0.2664337348230143 0.2544907935632551 0.21643985298180224 0.22591402401601193 0.27155487777002146 0.1925130515869335 0.23503052065742638 0.15683625536988502 0.060785301972709205 0.1134053617051157 0.10092743752073689 0.11338307623648469 0.13838752894873357 0.12944728175138065 0.05132430650139277 0.0964191514578768 0.08096466334249382 0.15291668764010355 0.1578773775255127 0.22069284475453713 0.24803197532633495 0.2533991356026864 0.21941408327992448 0.20119462585330739 0.14115272714416754 0.21098114237157542 0.24650528768150978 0.18352804057021235 0.22840261565155898 0.29579405662676567 0.33318791635905703 0.3204593919152785 0.3291152113911456
0.4029466321792414 0.3322658451874856 0.34638276163561865 0.3019922792381805 0.33870557905689425 0.2759737003744959 0.2385947835419756 0.2512057944805303 0.2906288533613732 0.3207619326058923 0.3455438936988986 0.3354476565458895 0.2910553607857709 0.25908366919295084 0.2911842290773621 0.23996972580993509 0.253783956429575 0.15719879265496853 0.0900954261444722 0.09098533125191705 0.07435028259461575 0.0793081544790575 0.09066940726577474 0.10311181126382514 0.035503610288878155 0.049945548721332375 0.04194965518754414 0.11503948859295579 0.1377441698875024 0.17829958915272623 0.2636961937897491 0.2493264885365093 0.2172655177277058 0.2161546528465172 0.21306452181878938 0.16595713822785485 0.20615494674632473 0.1937719911806123 0.2711642443984559 0.25324054932402107 0.2917877210355375 0.35531478812278317 0.3180114715308354
0.3360240211415599 0.3557921234028661 0.3102663702334787 0.3190962939798003 0.3377213992290714 0.30637678186692807 0.325933986389403 0.3331433446744471 0.3271602056028207 0.3139146385821812 0.38286364048616095 0.3649469281444548 0.38476310004846503 0.27503549355843215 0.2549171814470564 0.2618048976874294 0.2516059236961778 0.23614358601072535 0.17588811137178698 0.15030089270908747 0.12165862024672802 0.06673436463954525 0.09610082364530727 0.08345553119618768 0.05131978642297485 0.04451085263219345 0.06104467663811327 0.08909937639014298 0.17692547534746172 0.2309650111003214 0.24072100234563312 0.2089661627394604 0.216629144274451 0.1801540454371761 0.19911054541256615 0.2148874417469513 0.16620778198776925 0.2084861406985252 0.2807139328357444 0.2545390472041983 0.2923557472733466 0.3114354617236515 0.34541561678808075
0.3435570620861851 0.33965715745236014 0.34350777216626055 0.37113118293647257 0.3742249629873177 0.42041882038196754 0.3804001019618312 0.4016932816623674 0.4043971865205733 0.35762758611821027 0.38629688855809347 0.38135267532967704 0.39331649943264063 0.3422615841626566 0.30915257090616216 0.297186537085492 0.25576777907628406 0.2401724120813543 0.1718297666609048 0.16592808070839787 0.1002044921857905 0.08116275321284962 0.11880858406662109 0.08207785098738234 0.06392899017284674 0.08833451358929903 0.06966112777229204 0.14055721586406958 0.15854949243615826 0.21477784953345638 0.2564799446204875 0.23528162898307906 0.2225637061074252 0.19721818529077967 0.18261491791696546 0.21476520172925487 0.20464018738286108 0.27874917261003873 0.30975766629495044 0.2755340054085666 0.26597764278542146 0.29693074411609477 0.331297255270097
0.4352646209147163 0.4167094452767782 0.4183076916027623 0.4165740586752663 0.42614538216826797 0.43041821881069753 0.4611425607144312 0.44126580021369216 0.4530293355292705 0.4242354956108259 0.40493645903029973 0.4354272257107995 0.4495923985637881 0.42418855947301276 0.35649346111543395 0.33599965576187235 0.2869042742676997 0.23415876833127447 0.22895543232343685 0.1784493019142298 0.12999876619441547 0.11595764333710337 0.11039415120066544 0.056246928329576916 0.04334579328288056 0.11087383071892852 0.06885736377443752 0.10927299506151324 0.1175444752449161 0.192578797312347 0.24385269781208585 0.26015777433466203 0.2086950028016873 0.1972289647014833 0.21321302900319572 0.23921336978828303 0.2582551038330551 0.27374855017985616 0.2826462082236841 0.2556942211698864 0.23416975523680264 0.2797099724036259 0.2918005427402288
0.4376913007371106 0.446500740483216 0.4723696723147955 0.4306345034663469 0.39767387717420727 0.42790782009032236 0.44163997713753306 0.4554706205462913 0.43622234290854534 0.43699256341004206 0.4047683946847099 0.4529304663391013 0.4218558051318786 0.43913326221719046 0.3976935918129417 0.33890966853800064 0.28647884636483456 0.29455832167638496 0.23459528192623558 0.23854195686272534 0.19112474813592958 0.1497119101614412 0.1044011674675902 0.08648702171221923 0.08399488528405787 0.13066180349709403 0.1323605199367885 0.09573212975386687 0.19661661270603817 0.2359346964236708 0.25409137774506646 0.22840199245170387 0.21684967898560364 0.19291813408351857 0.20797516713182926 0.2039524370796545 0.2239375790563783 0.21425034612857757 0.28138776132545135 0.28777913438449365 0.2410110568325463 0.2681695378197554 0.30855847753265103
0.512219949295555 0.5005830695692846 0.4940194193330512 0.45198880605720715 0.4517708449994762 0.4283706538718284 0.4825560938463642 0.4866184905308243 0.5047178588110333 0.49663078481030476 0.44911412030604486 0.48832697217839355 0.4907610807973723 0.4719917592244135 0.4054992187177614 0.3682622688118761 0.3499172251498983 0.3283600338681778 0.23827058049269595 0.2672917310390553 0.22663217436814403 0.22026363644778332 0.16799246866874293 0.13119403931510848 0.1521007126583138 0.11067378939191719 0.12493295442470592 0.12408571868712662 0.20755188332614974 0.22415236063849717 0.2814405091241228 0.20965794011260205 0.2126500782229655 0.18428043118386397 0.1690017134468837 0.1561216984040496 0.20571421132840872 0.2386169839234016 0.2283034626966357 0.24835553804684152 0.26839733972642654 0.26088863570654564 0.317307995764019
0.5697553778378932 0.49821768036739583 0.4897523256667874 0.4708688784343573 0.4517259319559974 0.47558647621337713 0.4781537243658984 0.5186911745302966 0.4990630945304228 0.5433135711836661 0.5370493772354055 0.5206394010320436 0.4637533090623122 0.4773322718313153 0.4420864099568113 0.4152943666777172 0.3961782624325244 0.3118997557343054 0.31070027449731197 0.24211457298303676 0.2300385539975026 0.2130699984573337 0.17788560160300076 0.15956460051645688 0.13820256426270028 0.15153218503417729 0.14208050490537644 0.16306145945059028 0.23930753909616728 0.2528733958651054 0.2690215035600002 0.22178201329528863 0.2141115684117215 0.1742883717305281 0.14405943094785634 0.1750911695850361 0.16419968227923507 0.20776342674562928 0.24366356846526063 0.25562922980354047 0.24972498326209153 0.3132528345535135 0.339970677643277
0.5504304409648496 0.4973103549452154 0.4439288037788188 0.459611627903746 0.5046434007266596 0.49583423247962666 0.47534328001950393 0.5362245435412893 0.5379980842821349 0.5633240089220524 0.584900940846916 0.5396870233448043 0.5124207653219566 0.5587601638303304 0.5558378568375841 0.4489134994624315 0.38102616673302486 0.3858824674018496 0.33141341925793594 0.3014549126543616 0.2268373619176154 0.22762140126401348 0.2506282521571184 0.20871834097703346 0.2085081615668406 0.17750791700471275 0.23499032482866625 0.22255439942146912 0.23227832626737782 0.2234191905950954 0.2741199282749449 0.28134003808032637 0.2591826680380973 0.2000850852675462 0.14721865077153515 0.21849502125900896 0.20543422433569472 0.22935422219399468 0.17997975690898027 0.2686734354339412 0.2986333022703743 0.2971915331590402 0.30499254243323953
0.5247755296417378 0.5206648703186912 0.5308904716753859 0.4996569909793167 0.5387879558322853 0.5441389022075251 0.5142977599854184 0.5596564920836152 0.5893166310156037 0.5876708053021592 0.5836696955503798 0.545863272439458 0.5860279706310453 0.5751764991420929 0.5440126554341504 0.5333392031444435 0.41234790521573916 0.37978348937956147 0.3796245199352334 0.30310662036454666 0.29591529703019065 0.284075823982088 0.2457622017559909 0.23928993576476726 0.2402049815392587 0.2512770709054696 0.29970537397775354 0.30588764663412626 0.29840947870585277 0.27625581406843935 0.2828725235672485 0.23012234938940207 0.2217864639148777 0.247011129777551 0.18797357703288273 0.2066171409708919 0.25193981986703395 0.22542061080726813 0.2887558838508269 0.28462122053582795 0.27769732813235776 0.3176536054334659 0.3376185726343819
0.5097101352571963 0.5676175046988834 0.5467564755082785 0.5068559799282437 0.5013274378680515 0.544495370393002 0.5588440955970573 0.5829081967749619 0.6223639105447636 0.6003263185713423 0.5419442856021991 0.5790272952727057 0.5855291273746162 0.5690845184105079 0.5863792821725773 0.5088307459019794 0.4679195981898321 0.4519213779096583 0.3690717226317067 0.3853428751638597 0.3426897324098714 0.36220487077102437 0.28758079628967337 0.29192356829318367 0.30528977267185464 0.30552923647153024 0.36193357238599194 0.3328285786088247 0.3032990843444994 0.2774508075928168 0.2759731613826715 0.23156778136979214 0.25390475259614753 0.22664703870335393 0.21428452146367252 0.20952954642505836 0.2720053321958781 0.262546544163286 0.32416181381604675 0.3325494851273548 0.29472457143494535 0.30691669291566 0.36235936773819893
0.5273254342193281 0.54659883029773 0.5542259358985444 0.5786003462545305 0.5749032160226603 0.5789789945710437 0.5682715065328564 0.5833426849584531 0.5773306028418173 0.619623241925867 0.5985024989073517 0.5773310882272005 0.5713160259693991 0.6101752860221531 0.5749515089589899 0.5187418903938282 0.5130359812390554 0.45470094619032597 0.4630703134654878 0.41448013847349313 0.41781958712081946 0.3882456700530105 0.34045348721766105 0.3159775905522997 0.3637998651786583 0.34439282923100983 0.3357063632082191 0.3162716277289357 0.2694736595873145 0.26630964016805614 0.24513937145845308 0.22590661170330387 0.22995965208162775 0.23973171146083005 0.2719377309509219 0.27288445182397164 0.27145974292486247 0.26989251729107994 0.2879543973939038 0.33153054745019256 0.3112913750014739 0.33639181006437247 0.37456878918878495
0.592026391205208 0.5801816027750737 0.5568723721927732 0.5697284373918329 0.5698282587783061 0.5712725571018623 0.5907669316230947 0.5628531403210854 0.5868492269553139 0.6092170889542701 0.6217286442609536 0.6195742467643577 0.5933324238956897 0.6080985692615459 0.5358903910995619 0.5434977423161674 0.5011020362421956 0.4482566674014715 0.4669658264799831 0.42983520036537803 0.444587152513755 0.3696454279478867 0.33415021272400064 0.35069025104757984 0.35376455341957774 0.3620356154825158 0.36596683965380944 0.3146393595765583 0.30712056034506735 0.3137952394256993 0.21967461397352864 0.2246590563782479 0.2761529730116461 0.29097690764161405 0.3298014498746468 0.3290345400557304 0.27760449310782803 0.29944093211676975 0.3097194712500765 0.3027571937793679 0.26040683032733875 0.3185069067136568 0.33075760427632306
0.5763123729503872 0.6168639312444095 0.5592207914367735 0.5432982438039461 0.5970127472997553 0.5699626516961598 0.5907252487918007 0.6024936903986887 0.5797127696480818 0.6079402518183783 0.6590732102996679 0.6486118895485655 0.6015380779019186 0.6234072317577782 0.5585497619769609 0.5168919422237485 0.5397187330817974 0.49635865775636834 0.4763164369665446 0.43083231335045447 0.44808326983865654 0.39221035715662106 0.37839918843226855 0.33506267079566177 0.3548886632003277 0.3398027695422792 0.39271101655688456 0.3733691635034405 0.36630239294718375 0.34436951791068615 0.2948169505222333 0.3007164211690687 0.34843465241089455 0.33921442755679093 0.34048255669187993 0.34587600948400427 0.3026395294259557 0.29581376980475227 0.3029734413600057 0.26271051659897304 0.27632063084128716 0.2971482210386123 0.3437809679533444
0.6013184284212776 0.5916624022320003 0.5796053534923254 0.5396189541763858 0.5644801216823554 0.5642213696786204 0.5445528669649123 0.5724562795287945 0.5776790128588136 0.6041033107785226 0.6383347161877868 0.6305776750814513 0.6181888818746294 0.6305898194241574 0.6013954996713724 0.5825524036781773 0.5357360743404074 0.5031785638362762 0.5137946130626546 0.4603361861345932 0.44422995016131994 0.43025685349344955 0.34045693178244724 0.32183908730346505 0.3403706946929714 0.38645889990450943 0.37388659340987546 0.38262228664849846 0.347546754068803 0.3888407691470573 0.37822912987697216 0.3492069107168219 0.40225442866871797 0.3962577341058442 0.37221945066299245 0.3530711127206427 0.2903719129740063 0.27120205483084703 0.24170093453443273 0.28182043586537847 0.3206781196379802 0.2704365503166378 0.3413618881000555
0.6035897074695805 0.5864300923410265 0.5578039383821224 0.5820287679154206 0.584839177871009 0.570512414127468 0.5805750269620319 0.5654185827712839 0.5648830493699205 0.5871253327480227 0.5991092858931449 0.5913471510080758 0.6117812160742427 0.5950131161171728 0.6384767863115504 0.6006430931695376 0.5548577638687093 0.5537505665383188 0.5373136052783398 0.5019337985502587 0.4443827883571552 0.41137859671154187 0.39672681911909324 0.3330468503818605 0.3783383907134435 0.38920681998114076 0.3678511873862193 0.36700058980952416 0.3852813977343304 0.3690065717258334 0.4098044249158202 0.4026978011813976 0.3651974802367812 0.3647447849623451 0.349552894837674 0.3037842527167354 0.2608436720738076 0.2713739887955815 0.2913816497910788 0.28014092551180814 0.24580133386737973 0.2675058555367567 0.28204934899706907
