Raster_benchmarking/Raster/continuous/raster-429.asc
NCOLS 100
NROWS 100
XLLCORNER 1743166.2321218974
YLLCORNER 5469284.605998359
CELLSIZE 10
NODATA_VALUE -9999
[rows 38 to 56 of 100, columns 0 to 42 of 100]
0.417632480086286 0.4379621742188094 0.42283361668415853 0.4007912482446124 0.44050815293614226 0.4081811587574885 0.4263802455315659 0.4640084971433007 0.43941458076368595 0.45384413676571295 0.39912920581426914 0.41974047010008403 0.39105570588332467 0.3987798009480828 0.4204462417425186 0.49229300995867536 0.43354309655591305 0.41116145743205124 0.4253422802885878 0.33836749500097874 0.40289236108260995 0.4025879745034635 0.38131992540341547 0.34129131572902793 0.35002647977283635 0.4096926459614334 0.36425446963943736 0.3832982074719053 0.43389005133221104 0.4396038472241412 0.4204130226013339 0.44445935629994854 0.4031542123912057 0.39466661661303637 0.3626501878888534 0.32314475922652036 0.2560300582866789 0.18651269441096485 0.18097116593463947 0.15232974729670365 0.11699278796559393 0.14462708065603025 0.13235215005740625
0.42075396950359734 0.4254397294562974 0.3691645921189267 0.3824887504975002 0.4246992334747957 0.38822785593875486 0.382941456790217 0.3975266264120463 0.37608347068279363 0.39586188627391466 0.38443927451496807 0.32389304393804 0.3411329553053483 0.35567969594442417 0.3670615720081785 0.3871173644851162 0.40819397075020813 0.40165420355231 0.4268884184520009 0.38370393463156455 0.3389295241894607 0.3377376853922316 0.39785794434713356 0.36544310097614097 0.364018277723078 0.3737053213062254 0.42895835445791386 0.4072253253035433 0.41748611324374063 0.4620815727334937 0.47171285137133595 0.46825271936407536 0.4275114133419846 0.3930312670796646 0.34038920816737395 0.3018579339549852 0.2846800808442307 0.2187743815136422 0.16969544872409337 0.12906181556428298 0.13255984351363193 0.14819581413026828 0.18522098097287726
0.4046409643180006 0.37972516290262576 0.35719291622042665 0.36159487257237166 0.3914471630469917 0.3802044714229551 0.3546576690666652 0.31635702350970873 0.31567331098654766 0.31270556782925 0.297941661583201 0.26597856640797907 0.27604189550558544 0.2873967301234757 0.3190155191265945 0.3862158669340744 0.36953943376068066 0.43880406288918494 0.4141254662876828 0.4345357213507279 0.38543900860560293 0.3264577294808157 0.3431072962887705 0.37469241349496646 0.3652559572352869 0.43082142686985747 0.4062692357948663 0.452839821664065 0.4667275519860915 0.5027537259893313 0.4878467969524337 0.406453515149632 0.39966000534084223 0.35494386106713227 0.36687184565917286 0.36350867909090956 0.2733944656780066 0.26222304518681266 0.2528469200351548 0.20097012340712792 0.20121540818930145 0.1559022909545408 0.1781776175368827
0.39056598058560055 0.39878252097271355 0.36858410442230183 0.36119066398117294 0.3555980709426399 0.30885930334481065 0.31759283181389886 0.2909219927667146 0.34319173497313726 0.3182205193366651 0.3339332888956894 0.2702652493560938 0.2945932857173238 0.3005680384440511 0.3450810865671048 0.3249306024306797 0.37574912256020787 0.411862370244311 0.43540172581465386 0.44663608914342456 0.3877778660281211 0.35617397133634215 0.3108825749207063 0.3497949878562395 0.38248809427611125 0.42598035431475445 0.4099522404163999 0.425087761439436 0.41236526057786893 0.46290172439473726 0.44176059302481707 0.36119414413466394 0.36283971742849924 0.35588627973093445 0.4005968002753044 0.3838656300355271 0.32317248494706247 0.23807116475297962 0.2681741006969873 0.22035211519559905 0.23171856757909462 0.20581368058529545 0.19728329216571142
0.3529608933099491 0.3238640742286615 0.3550493974032363 0.32652987058027305 0.3438653967313502 0.29114406379485447 0.3476121436277856 0.32346796063297323 0.36143332578562537 0.3615788307742351 0.2775879859484563 0.2498965918168104 0.27141514501833575 0.29159948045203016 0.2759077516538902 0.29265286564714704 0.3498902562135458 0.4318558076681005 0.4373325591199752 0.4069410778779218 0.3277261573249828 0.2774126394034664 0.3210862976078254 0.34022101445863695 0.3917039149229759 0.3798842295635643 0.3705743818342756 0.44524887615116404 0.3844197620098431 0.374422705598081 0.4233065589549406 0.37409408769490266 0.3800904448924024 0.405345114607693 0.3822525049842049 0.3416259743944371 0.3093183454893062 0.24222802620373102 0.28687853734909546 0.2706089860424901 0.23105657524316825 0.28063437653569 0.2298661345473043
0.3921910219379353 0.41366367658053393 0.3966340988482962 0.3579897669257059 0.3121379009706179 0.2715828815012728 0.31869146058865666 0.33984218431377466 0.3841775579890795 0.3818544390386784 0.3004530553129657 0.22788826299203976 0.24804407390362138 0.25515595102451627 0.24468501750919316 0.24856594689795217 0.3559248017259641 0.41352155439414334 0.36326092311059877 0.35871656009484715 0.33195787266632776 0.3102029797537275 0.33693891789818053 0.33209713110604255 0.34310434479428537 0.3287591561502591 0.3762606459174142 0.3682824546453028 0.4052643677567557 0.39473744120523224 0.3580185595656992 0.4231010949112503 0.4423202338046769 0.42178319811958326 0.40587281918723384 0.332455306711927 0.28968224409614735 0.29440768265233697 0.24428349666167423 0.23939389246109716 0.2618890340121079 0.24262938068191034 0.25448404989807893
0.4411625798208459 0.40464066781347957 0.384476275691811 0.39070951543556776 0.3463668923896353 0.3031182541444917 0.33578301618465967 0.3373725820487363 0.3638397972763282 0.38191477136641644 0.2914736587603994 0.24755545203945425 0.2524162075265646 0.21954983520204072 0.2710761883327489 0.23036319190952753 0.31972069969348693 0.3645598496026333 0.38012132328137 0.3261355688777639 0.27477467199704836 0.2584306550623973 0.35202045698294715 0.35926582465959694 0.33724155766524483 0.33220230135358414 0.33937873506349314 0.374484585387492 0.3777496686701717 0.4070759100831166 0.4172232412915729 0.4038788719986469 0.424132192580904 0.4762759012159094 0.4067511299466455 0.30727999065250633 0.317576308010158 0.27436683629749054 0.2595947453485838 0.23874044880670733 0.2877061423687259 0.26576026133959807 0.26895847694087094
0.44331856711054174 0.36584886563401753 0.39629183630117065 0.3850526079223458 0.363401060714694 0.3634544607124123 0.3223335704054488 0.3381083817648416 0.33472279532015753 0.347781628941056 0.3313670404232337 0.3042029995926019 0.2605324914643447 0.26469847690468606 0.27803826926468606 0.3129967742426579 0.3338429954094485 0.3320817048242156 0.3467384986169024 0.2837722119944882 0.2778536819533127 0.32817475570505344 0.34083071704561335 0.32910713146462595 0.3265423285452654 0.344033459889633 0.3258798193063967 0.35856442026159063 0.3772753920945977 0.41925016298300855 0.4040603778651905 0.4182839870089349 0.460661670191171 0.4588868720709307 0.3644036228185895 0.3311855438502382 0.3122230143266755 0.2859505575900262 0.2996594004645711 0.28241350811766025 0.24199482403553155 0.2709961565364183 0.2877183426611278
0.4498187061345941 0.34430315888153845 0.336232237923105 0.3927969908365695 0.34731036450218367 0.3734253628870775 0.3197193094392998 0.34618144060782813 0.3634301143853727 0.33815950722062765 0.3134053007073337 0.37735892848057645 0.3051432684307982 0.30894386589870554 0.2682289603249213 0.2846141044573936 0.3159936636751109 0.30898106330433245 0.3171042224713432 0.2891506779789462 0.2954145347754546 0.33663445263072267 0.33824888859493957 0.3253616164572304 0.35888906474127735 0.3769150392684288 0.35491286041837733 0.34710195902476654 0.4230147762434383 0.44339716737038604 0.3902800069067774 0.4263674020620657 0.4428814042237272 0.3955025713103909 0.3956663253331101 0.33252825675715686 0.3760433056205407 0.3462731685569919 0.31988941428771167 0.323324075213491 0.30174087720953285 0.24839579674441664 0.27135733865013667
0.42218260021263637 0.35919967395368024 0.33137263997689026 0.3313228162286779 0.3686415335731735 0.37170472971300106 0.32470111001796426 0.35435313099970916 0.37313992556574294 0.33946003891061105 0.35158822291574715 0.37278728670565575 0.35842817174046115 0.28012202533708436 0.2890510068562015 0.24915427676087956 0.25983271530804836 0.27520456942306587 0.2431794741768789 0.22650157359785933 0.2614612410365616 0.2807950901523373 0.3407186218545727 0.31636164979773646 0.3473724347572104 0.39146646956648395 0.36733044146616706 0.3766875159773504 0.39995170609870095 0.395289997510135 0.4265778747698331 0.39287354338280295 0.44115019395503996 0.4139858009388293 0.3479738739250449 0.3384971154833068 0.36520401393219515 0.321928465109095 0.355946489932853 0.2993686739550122 0.2937656866430059 0.30688113056090843 0.27002620028374585
0.42689387564237885 0.34641556692540765 0.3805177255036123 0.3509519972912283 0.3332454413392967 0.34945089987902755 0.3646774018570225 0.3683793428528834 0.36864689592446626 0.37718779734016444 0.3249112465305376 0.32573080177295644 0.2907457678316139 0.2871492513312822 0.2541535517688616 0.20655515800909865 0.17614184281739897 0.14176715233775278 0.22623560422649058 0.1995410140868669 0.24139787184222836 0.32869713247723364 0.27938822726199175 0.2931533597959314 0.3523059036075658 0.44807938932103913 0.4178069271092125 0.3947892776055683 0.39789929356187015 0.4034292794115683 0.42385828873261905 0.4252869307175977 0.43782045533150243 0.461113367157298 0.4167044851101771 0.34327602707143384 0.33239912506368496 0.3241034776131618 0.32523180773094723 0.31990924851314634 0.3348929424613079 0.35714735689258126 0.27012549374040074
0.432098939336501 0.4340469288483775 0.40109064799113686 0.3773078075897168 0.34113647530494834 0.37434384831849127 0.35218679219059773 0.3495168011451341 0.30153944029304985 0.28085716176507936 0.2885291923869679 0.25744989385704653 0.2668556608522009 0.24867971488985657 0.22472020999737502 0.23467641299613456 0.17907790042286034 0.17317594185618118 0.23371485094874725 0.2682964006463093 0.2560644117435233 0.26809019631929726 0.2728473231107562 0.30570759120881075 0.36915848387861544 0.4167731933979556 0.36520830010030414 0.36030666725036786 0.42511095046606456 0.4043430288296154 0.3886024643324698 0.4287745288070667 0.42519064070782236 0.4641825997776519 0.4039325412396359 0.37274630976378875 0.36084885015762413 0.3653144263344969 0.3441143668221143 0.3358045247241827 0.33174182585822787 0.3025649756990344 0.3021927165921435
0.510426727067701 0.4847553923680548 0.4115378790339927 0.37210736769137276 0.3617081572524866 0.3751287038168554 0.31790021882124453 0.30463363203222743 0.2541742811069056 0.25092042648318824 0.2856052808740874 0.22601467384209678 0.2068441563000872 0.21769198102563955 0.26198824227291617 0.2656037890737771 0.20522744418666045 0.23770730146602964 0.2374058430718498 0.28733459941555145 0.25802897805218916 0.3076780597971468 0.3222997340878186 0.29751256643774066 0.3292522396673567 0.36146608496407545 0.36732513737972894 0.3706598597977632 0.3624289395747768 0.4036557787448369 0.4473708259467571 0.43193519654910206 0.4314539221377316 0.48073932306559813 0.4151696843084917 0.4220580387585927 0.4123931915984441 0.3741468067197949 0.3277161937114952 0.3225647636500725 0.2810059382772475 0.2511473267534084 0.2941667792005404
0.49685917979634403 0.46469656204913046 0.41920402625015835 0.42903044197951873 0.4042432674580525 0.3304028796376092 0.3117126803649152 0.27195266472270396 0.23852297069871928 0.24054641364135368 0.23419867616457843 0.21073095728766006 0.2265780950750425 0.23443871110227113 0.25780621791146424 0.29643195090625923 0.2535278571209794 0.24714653581956084 0.24791783225712538 0.2688647898023422 0.29046722275594455 0.3198281398771251 0.3106159650562506 0.2666617958506356 0.29313908956269075 0.3490153297483422 0.33432547683415303 0.4027678020281307 0.3828281641104045 0.4012430024142289 0.43483497215290934 0.4452739200512175 0.4517244597758237 0.4658932097043717 0.43802881315079234 0.45019876160113975 0.4032453775884835 0.3914763060237928 0.38663533385174365 0.36306128085384326 0.3225298959072167 0.25725435928275947 0.2564247584938602
0.5325822059440719 0.48339700852025347 0.4060426503856547 0.42116617355428754 0.40308216055453827 0.35683569149401057 0.2904741668815568 0.24300163269448985 0.23277648837859335 0.20404601113530094 0.27585764625675524 0.26631806349848447 0.2364452181569978 0.24168354646362253 0.22342840591351126 0.27674898941307735 0.28978492355132224 0.3118256110827281 0.2694586462843772 0.2528453460170187 0.29460334761362383 0.2670474229060523 0.31581464557272565 0.2684400036894492 0.2813170823660471 0.3590714416531982 0.36914604245571353 0.38247570305556644 0.40393505532083956 0.4709870407714797 0.43863753585336923 0.41619605214667743 0.4538802263935142 0.46885636140634107 0.43697653877168585 0.4297346912776104 0.47798078516176956 0.4871646901682373 0.4084065508635536 0.33943205796884224 0.30620329179046774 0.2637941209884609 0.28795604358679777
0.5029461972555269 0.45184099924422977 0.40912651730855776 0.43043909892115123 0.38311591656860255 0.35908508248960475 0.2896296422038519 0.2708122079876317 0.2386060847583117 0.21562633745712448 0.26112029044299795 0.205815307173621 0.23627291295763495 0.24675609187491943 0.2636286918782312 0.30435191011913443 0.3160168517720697 0.2930181131325485 0.26516156508878724 0.34346856822089455 0.3377879195791229 0.34620678772543684 0.3313895510182904 0.3067989630566525 0.3366642384270129 0.4194727878980682 0.4318498736565401 0.4046653705228777 0.39625671443248356 0.4557462797303834 0.41788631993824144 0.43357205072336297 0.47713350863592674 0.4505251920063638 0.4932226320588368 0.4368804030004886 0.4622256081410178 0.48487570411413267 0.43689671122790347 0.42478330236203354 0.36145899413519855 0.3095486373503214 0.3090811752061555
0.4810267604307978 0.4003492820039146 0.3640653220742857 0.3649852004473876 0.3819475179598555 0.36517917491152846 0.2898347417555274 0.28812138994561015 0.30949611249864845 0.27991853279265755 0.2514372916298065 0.20727509049708512 0.26939765896633533 0.29255361716509776 0.25527052358239144 0.26984953250300936 0.2701288773864643 0.26264561792537267 0.27746781413480626 0.37974856700541565 0.3967284159476604 0.3902394790119509 0.3775818398426939 0.3674720811572967 0.36793515286963896 0.43949760588068704 0.4508302798752109 0.4014461189603812 0.4058640521740284 0.44361351214504635 0.4359167435961318 0.4344473859719015 0.4386464161266737 0.4468937684245979 0.5067820818024852 0.488411392246686 0.45018162697469294 0.4622422995049114 0.4199199354018411 0.4521615857501849 0.40195125245332036 0.3811992901275796 0.3144616777847195
0.4367971677420775 0.4112613813259691 0.4125779975043334 0.4102618524857549 0.36208563191908566 0.3686078888979643 0.3134155176615142 0.3267820393186813 0.2931373260758659 0.27597871478599395 0.2916968472159551 0.29913643092974546 0.2749458728239958 0.34002870495123 0.34118739901683337 0.28259805690441125 0.3177451378871582 0.34230037549530495 0.3333666487149797 0.39990251252464043 0.46665725529596885 0.4489918823403367 0.46104840140507103 0.4439165332262016 0.47198788243440687 0.47515451740693065 0.41460025957544683 0.4448897410677112 0.4208903824411083 0.4399207059143724 0.429320630512429 0.39603131310846285 0.4164800818892471 0.4759994425776023 0.5011274551038469 0.475053717275242 0.4570879261325679 0.4568436027329952 0.4508549878248373 0.42070550185946715 0.3902990979143201 0.3790933276564636 0.31027052799617005
0.47083900456764227 0.38798520318571256 0.4300181299087666 0.4089683989841254 0.3632653935388684 0.30030852084575205 0.2774344296265299 0.3229406417036854 0.2500334154203882 0.22437535243169054 0.2758354330745476 0.348540249088562 0.30840118727158294 0.36016306933425346 0.3101558738652138 0.32251008859674374 0.32644952542597133 0.33262345721320785 0.3875057447453373 0.44908598233550795 0.4837093857936499 0.5005237072848352 0.4798538604967712 0.4449894381656884 0.44486954921502614 0.5005956275455531 0.4633790227667621 0.45132620998191664 0.4595925937020126 0.45901260753040524 0.4705467904885936 0.4375500210818373 0.47687839861591147 0.48954737438808044 0.4451263936891372 0.46767639657563054 0.45512303067050874 0.5244493558622036 0.48970409208004473 0.43618423393494654 0.4253892365330554 0.41612388001327716 0.3662855882131548
