Raster_benchmarking/Raster/continuous/raster-346.asc
NCOLS 100
NROWS 100
XLLCORNER 1743151.8776306645
YLLCORNER 5469290.319375314
CELLSIZE 10
NODATA_VALUE -9999
[rows 0 to 18 of 100, columns 0 to 42 of 100]
0.22455445992183018 0.25301636062027866 0.2639772637151651 0.22942940217154967 0.2330092141362833 0.26148935106902665 0.310732923254043 0.35401075683573324 0.3587657166396859 0.4019912293319731 0.39274885198521137 0.3896899970503746 0.3924076371605076 0.45217303352363164 0.42554211744653475 0.43395595036900475 0.46324048855452277 0.48125302405754805 0.4558022157687074 0.5069832923596947 0.5161870594574393 0.4649342150013835 0.4919044627361982 0.5488172474491928 0.5730669391721404 0.5748692314277731 0.6120889392590473 0.6323731969085283 0.6569002150739063 0.7125244254135621 0.7124943589661631 0.7789273359979467 0.743280308186134 0.7590992193406357 0.7715928748621911 0.7450307416498482 0.7694676816750717 0.7850928943544194 0.7910688270295311 0.8457660341843564 0.827056597001046 0.8344114498906294 0.8507694649251965
0.2357947400733209 0.22135086105120824 0.25929859876823114 0.24727760029548154 0.2585012332475913 0.30998726773967017 0.34095940503331745 0.33042029283712415 0.37040333847847334 0.4152274326083076 0.41466191035591377 0.41133599537150384 0.4385718020989977 0.4461116237148026 0.42817148865067456 0.44741092033659446 0.4589054187886751 0.48299245465937557 0.47808269602640124 0.4851057087761902 0.49076510969134607 0.4902236525126215 0.4873158550104231 0.5257806821846226 0.5814544174424073 0.5737482857137404 0.5813879667470582 0.6447289644205576 0.6723631352624364 0.6609295191280159 0.7171742327942424 0.7523957336621118 0.7541276571299105 0.7678739926746383 0.7716413111932765 0.7586783349706143 0.7419071314732676 0.7946013995835984 0.8031676163090063 0.8456595308690169 0.8420067160839834 0.8390416089929859 0.8662484076599485
0.21336650475838326 0.23263646293946175 0.2613342175327338 0.2904421184776406 0.277084670611353 0.3255875113444551 0.3275438781382865 0.32659534711498506 0.36757641066002983 0.43015548860347336 0.4279154203785917 0.48317198645608056 0.430532949944552 0.4504221128993347 0.4459569009145703 0.46502986931287815 0.47901415068617575 0.4580595682899967 0.4568504965144127 0.4521256547711297 0.47488411517648277 0.5006093786485033 0.5230084867477399 0.511431289956313 0.5779701370010598 0.5891555395674635 0.5764335518611138 0.6193856662430074 0.6579660048153155 0.6530287521787045 0.6987978974017496 0.7187585120232883 0.7450528546632093 0.7223883688039783 0.7286120053190378 0.7646048302930828 0.7316455440515771 0.7342222275362627 0.7789133097558746 0.7982580643952112 0.7903518846199188 0.7801989213394361 0.8078252500647067
0.2165251079121706 0.24859447717712382 0.2554321885385208 0.2790746103359838 0.26946984028540416 0.29926519184149 0.306251949851065 0.3181541238238674 0.36711496616841804 0.44806362588335136 0.45418427345687373 0.4495829529303899 0.4614529936619022 0.48971145858600107 0.47653725753625326 0.49401278393440223 0.5213556333411592 0.5036636292101623 0.5051032085039259 0.5082825140223545 0.46217715914097923 0.5129197236008759 0.5023344030080239 0.5222551436363788 0.5628690528199417 0.5820042050590862 0.6167559950847346 0.6113754313760466 0.6080039146739941 0.6043836719221111 0.6612405619854522 0.6968114559049627 0.7023392247229306 0.7204117663608715 0.7094752262627227 0.6921639104396509 0.6972998667751494 0.7389214490723033 0.7679154537544556 0.7996463890011521 0.8070700816361316 0.7705946810912447 0.7865419147081532
0.2512660095410293 0.24769121416544798 0.21821544216445288 0.22034150704914116 0.2724122748109021 0.2560877417135125 0.3168785851261881 0.3677674490139929 0.3970077009763295 0.4529312774436862 0.466904481184163 0.4607725879535316 0.4598987554489225 0.4970590881014572 0.5141353126083521 0.5301654373998815 0.5365647225888885 0.5394262357331415 0.52749317324568 0.49887057795798057 0.4835767133646039 0.49889771623446555 0.5106375974702474 0.5790863080040997 0.6019217510357717 0.5854938890571829 0.5889082025372671 0.5721091191912439 0.5878816837871291 0.599861406930671 0.6445505444982653 0.6923829645503028 0.7002982783296191 0.7318336124259917 0.7073347098496524 0.6867083986886086 0.6960048633568509 0.7082911047220217 0.7721363521679188 0.7714136494106121 0.7597283279569745 0.7892268465959074 0.7879806118743625
0.247943911261222 0.25127602075813515 0.2129615040929335 0.2318796377603719 0.2374869119803764 0.2491695945172928 0.33488316785956773 0.38218799685887356 0.4154631662623814 0.4739332657183166 0.5035322610814884 0.4558124981141319 0.45699238439082274 0.47620588905119776 0.46515121332197285 0.4845618264229665 0.5348732935397443 0.5382099207793092 0.4952740312652306 0.5191685435783627 0.49636362239435183 0.5437114911768848 0.5666324802892282 0.5887569392707926 0.5770737520109123 0.6012240129546615 0.6012252943639632 0.5608225309994863 0.5899470327762355 0.6379100404641721 0.6901581143146239 0.6960264077336297 0.7150204328429669 0.6798780868508368 0.6848015966061453 0.6699131106133455 0.6695327634911247 0.6830527856364268 0.74561673042679 0.746304285006176 0.7385725325210682 0.7728183131758984 0.777294501150742
0.22830837169899088 0.1883395918742986 0.22247609789533965 0.2407820027559398 0.2893312355382612 0.28144657726283273 0.37243805161100446 0.4147574080729978 0.41097083086895597 0.49754354124144556 0.5179697800884038 0.5053127172056173 0.4692153769079132 0.47479421114185955 0.4706206059136053 0.46473704005805133 0.4665170213229398 0.5023621668280245 0.4736090101764543 0.4854964776495348 0.5209540394205265 0.5474159773432489 0.5486940003702494 0.527154413503475 0.576040533629338 0.5901916143219491 0.5714221373631355 0.5771726284402113 0.599586937703633 0.6820275396815377 0.6672835307800008 0.7165383924411288 0.7254886340285749 0.679423989852252 0.6779640685182289 0.6837015384457688 0.7127487305667378 0.6850204235891292 0.7196235708854887 0.7532937760619965 0.741092450614148 0.7371641773938762 0.7554289354552347
0.21193018365145264 0.17684584600005718 0.1933775663745407 0.2136365853548011 0.29216975414244517 0.29873828180517953 0.36318603749291445 0.3786091471439369 0.41794309350912606 0.4771088558118595 0.4523233897671764 0.4810828398676596 0.4761234403212383 0.48004344659276144 0.5050456905392189 0.48446955706784056 0.46658044903488044 0.48951657191402986 0.4755037274354128 0.45591737741326727 0.511957582646188 0.5194750676913094 0.5594952820766977 0.5671486649493354 0.5857431419558127 0.5624332787451073 0.6011021646863224 0.6360300396026485 0.6625487561924475 0.6661001829107583 0.6646359359798036 0.6695704996360331 0.7125923880900252 0.7421143354615606 0.7216717611832637 0.6726490908178065 0.6992470565845782 0.7056072346343797 0.6844613881474602 0.7101137891174688 0.7059514672164053 0.7287152368850605 0.7109677867816256
0.18419723949360842 0.18722883063333073 0.19519290759133948 0.2341422453501342 0.27271084041915217 0.35547103418549364 0.3821052771921169 0.4114023448836222 0.41245509521975243 0.42679951522434845 0.42871547216780703 0.4672466222994738 0.4851796332485835 0.47294167756784067 0.46574993893559924 0.4957971720724968 0.4948300699860254 0.5101617105038387 0.4518795162494066 0.44964564856690825 0.5044501566995071 0.5008584495781522 0.5384547859926814 0.5855161408038257 0.5788207476974414 0.5717786615896715 0.5811314197672652 0.6229175353133178 0.6615717639973017 0.6619616187630951 0.6702644174721847 0.6677317161199712 0.6967970434987699 0.7520348001307988 0.7420833673908748 0.672662741062475 0.7067614311440821 0.6687659568326969 0.6607401403943932 0.6442459575399655 0.6894470571490865 0.6633746609112888 0.6848308481049251
0.19339865625053426 0.23412721816606027 0.2610905793707482 0.2951002848836825 0.3134586096017883 0.37041150178743576 0.38971215377824703 0.397562846086304 0.4075252752807378 0.4181990744937478 0.428524059858357 0.4393139903195452 0.45442220649596005 0.4720967419517446 0.4658479739267623 0.46326412604632283 0.4808469805822164 0.4612707226701055 0.45341345231003743 0.44165049983003507 0.4853937770019808 0.5319821994309644 0.5682757915172241 0.5465997510557357 0.5750030953505184 0.6056181315092924 0.5782095742923432 0.6080508252556033 0.6320429036980143 0.6509731410803468 0.6384336593917531 0.6672025611731315 0.7008491426853408 0.7289161100655973 0.7125918806087598 0.7015244061914048 0.6855506958659205 0.6762153221928747 0.6771116827241881 0.661389873490879 0.6667995358035731 0.6567633994325267 0.6818127163278773
0.178499439684824 0.22390428428026693 0.23712806707168244 0.29875629863582087 0.3493930733155401 0.3693814336319795 0.36848600526528963 0.39428560977834237 0.37753273409563687 0.41385795538575243 0.44997076372093736 0.4522312487380146 0.41662794744138953 0.42818167850170546 0.4098509749577237 0.4107147182724696 0.4099667559057468 0.4293949172403364 0.4357966413978737 0.4659742461961899 0.4923765409789727 0.5350421987769275 0.5803705094028295 0.5709540529500882 0.5875738892943945 0.6036788617607755 0.6088971440293796 0.5901185314257316 0.6007161371935446 0.6071487723405584 0.6160043988373217 0.7085326945215997 0.6740002328799138 0.6784769619927199 0.6898767022266066 0.6829587992920126 0.7105478351229189 0.6996951502092843 0.6611568692975262 0.6813002192354176 0.6584017060714802 0.6694397844064138 0.7176620984945096
0.19856352805254587 0.2588479525307516 0.27424090096284454 0.3297486975331184 0.33136157717227543 0.36381054404471214 0.3883441759849487 0.39165757381781924 0.388160298698176 0.4317699153675655 0.43661632733629197 0.44507361727919537 0.4395200754160359 0.42722517637582863 0.41725272710651745 0.42305295397702986 0.40914200366615805 0.41958562880273303 0.44800353362579515 0.4551733992805711 0.48199921751347835 0.5132402660590711 0.5327033363269166 0.577063921785417 0.5897441268832438 0.6291425633839123 0.6198239650995591 0.6004975836216676 0.6088956853731963 0.5936739758988048 0.6190289851584001 0.6463273086649167 0.6772782220733716 0.6759330129857593 0.6837770331345397 0.7204093927462634 0.6960539716721974 0.6843788096123206 0.6968320495649863 0.7202890082809668 0.703587921656549 0.6834822133085432 0.7093206444621447
0.21740522568118767 0.23153954189232076 0.2781034969303979 0.33860629438840245 0.32892637686661086 0.3309676773016446 0.3591475909385811 0.38882637659552216 0.4212158859566291 0.4279141018844013 0.42856444814364075 0.4300461611742391 0.39212815972424886 0.3693852562975122 0.3798224111639808 0.4449395611441518 0.43468636807912847 0.4447445950744283 0.48371880756532265 0.5193649332849787 0.5074350622169388 0.4964560018386809 0.534636657938936 0.5848266551043468 0.572992102561455 0.5899620125925417 0.6133310900816876 0.6250850564725151 0.6212708494829927 0.594202785492298 0.6200325417375682 0.6380371562477223 0.6802524453515907 0.6862684391710728 0.7106380102224515 0.7041312713074523 0.7295175134743713 0.7310561930747026 0.7112115788415622 0.7255928594854968 0.751151068239154 0.7272868570446498 0.7063280641645135
0.24280855570517504 0.2848929701301067 0.29094312281465917 0.300583473606005 0.3099216507787036 0.3097421118814951 0.3274434938182728 0.38266961832992735 0.4079820598737538 0.42610967341713213 0.43030502820183575 0.39611900300345165 0.360190732676061 0.3620997927660151 0.39263713005237116 0.42242994070673845 0.43124591654512523 0.4706463648435058 0.48609298712210336 0.4826541005833246 0.47726695305567723 0.4889074067816882 0.5486343186054294 0.5796250927585203 0.5620561858626267 0.5850433841730868 0.6202155228077013 0.6388487959305338 0.6474658414217753 0.6556478832256414 0.681318262272308 0.6535007945696036 0.6669363543366847 0.6896945787771175 0.709547972983851 0.7021542900092202 0.7156597738993626 0.7528336548089831 0.7574361544570409 0.7189621917041451 0.7490498580767408 0.7119143179246099 0.7317521208908844
0.22895908277737984 0.27476151915605 0.27263273371065266 0.3054102939134321 0.302249101306318 0.2989136953669617 0.3377122947621742 0.37235900143257633 0.4052563775160687 0.41628052875873345 0.3950126918963116 0.368370766509833 0.3219343105128824 0.30813751858512783 0.3315739134635256 0.3647450457967373 0.4089213471224866 0.4134374160907714 0.4419316960699104 0.49944933191035656 0.5067107725068106 0.5045893011569765 0.50799271215445 0.5318650528616995 0.5534587880611898 0.574059175894355 0.6031621908506495 0.6065530097421781 0.6307913924879597 0.6861151861078404 0.6976101181920564 0.7223216222106426 0.7031380042827484 0.7247245072530651 0.7129636999855058 0.6876927769471352 0.73231812333466 0.7588030342101231 0.7689098217435153 0.7413128707903645 0.7647744393514576 0.7153600005928813 0.7360737151418781
0.23168933150024845 0.28117392405609304 0.3043538712520464 0.3295076749152398 0.30226735670980137 0.34466581956115766 0.34707151951586956 0.3389112685287147 0.3794052087239416 0.38946876260181174 0.35247267559738776 0.3552545785124824 0.3372346019881531 0.30089215083733506 0.30732418326911964 0.34865947586160084 0.40528640589944315 0.4399726925582483 0.45700963473599754 0.5096950048148288 0.5173646126473941 0.5277443125130731 0.5395196705747008 0.5529737048490031 0.5776957860939581 0.6271435593652902 0.6579025517278513 0.6473371988980877 0.6835138874198841 0.6969957581833307 0.7081078999936111 0.7231497598922204 0.7582760604451689 0.7644959132469092 0.7378697175725232 0.7349353664619573 0.7434189942995832 0.7204290972215018 0.7476689368286316 0.7330347659472148 0.7384774117361085 0.7202710923122394 0.7396917707667195
0.24507505289163273 0.27279398955627554 0.34144511220734136 0.3413170216296623 0.34740776886773855 0.3381531488157573 0.364484514093827 0.36434383676402476 0.34298614521320514 0.3169831576798526 0.31265738853255026 0.32113935074558725 0.32048668622577603 0.3111947984672747 0.33414697479751376 0.32685808199986144 0.3766223343765336 0.4062167907218087 0.4785703336053484 0.5085151730775601 0.5620998798692316 0.5852648100349164 0.6137353317009687 0.6018848777692406 0.6479750233306941 0.6469505732056137 0.6533183171119847 0.7113428761927576 0.6977425825541124 0.7554729045153633 0.729048104340083 0.7525953518709847 0.7440511482032793 0.7330966292872223 0.7278894464880039 0.7225599853551761 0.6900826842664265 0.6955269363699623 0.7377581155667953 0.7019196996549241 0.7492555662370167 0.7708280766658588 0.7705909091133073
0.27936230555437247 0.33485634006572185 0.3426284652770046 0.36699052584385367 0.3371855340455708 0.32510502273907976 0.3421390329664905 0.33045899882837043 0.31492076553132403 0.31902324819836786 0.3353479055441454 0.30644455462758646 0.31490864939174396 0.2925765136708974 0.3303607481078504 0.3229064111311346 0.3871823108272932 0.42397266325790345 0.454425698175652 0.4977931198544546 0.5533128179251923 0.5941971446627775 0.6209008832681335 0.6355925103488461 0.6553159083759428 0.6457328508349123 0.6528614925220789 0.7255181007367546 0.7197983754350136 0.7115761986694655 0.7272135605334143 0.6776102630197015 0.6895534943353282 0.6823569869913215 0.7066466277337473 0.690496796188756 0.6903260873526773 0.7180612956150694 0.71283712941101 0.7417979380394377 0.7312986942613532 0.7414716720222975 0.7911040401345536
0.2587326153795181 0.33429548708171014 0.36796521858503045 0.36390208653058975 0.3239194950818236 0.32775425583775636 0.3241398377565887 0.3485870462447768 0.31343681562560016 0.3404064442430459 0.30899743957541836 0.2634105759748851 0.2955163290046864 0.32490081129644505 0.32988812788151317 0.34330715928918176 0.3569765980076723 0.3740461768786548 0.4561244298803425 0.44827711898432226 0.5096621605082551 0.590486671703646 0.6159171299992594 0.6039161108512895 0.6251888621146962 0.6639524375981464 0.6562729485944031 0.7034741651196899 0.7086963811476911 0.6705167883310135 0.6940133800273752 0.6537010538045978 0.6666532460085434 0.6582843816370157 0.6760894765502488 0.6919632173814119 0.6765146608190166 0.6969953573999381 0.711750142977697 0.7443489842345867 0.7509978231214111 0.7860235476527556 0.7644653096706697
