Raster_benchmarking/Raster/continuous/raster-310.asc
NCOLS 100
NROWS 100
XLLCORNER 1743149.8836940369
YLLCORNER 5469294.860713655
CELLSIZE 10
NODATA_VALUE -9999
[rows 0 to 18 of 100, columns 0 to 42 of 100]
0.14343814876688105 0.1660427174367784 0.19832179238468473 0.1826096334195438 0.17571733884549504 0.16917749402369384 0.20342187684913182 0.1720335936836272 0.15536243867043018 0.12772089077700663 0.20799835161213417 0.24135090465463616 0.2127746180602286 0.22332610550488538 0.27718006001567963 0.32322250000315766 0.3463440908765836 0.3851251075183779 0.3711877410710621 0.3764526228898758 0.37804184436077665 0.359384555314976 0.37697394574899534 0.40094092220598243 0.4247475394376897 0.3974586914952729 0.3536904869921564 0.3386154522467463 0.31688857015821376 0.26923007563780166 0.22393840449906796 0.21218536461876303 0.17049788430323976 0.12329000767318966 0.149106252756736 0.20277853290540504 0.202552710662567 0.14584585980235634 0.18289936969526396 0.15708640012196154 0.16145676113305005 0.11612843933632218 0.09189496095198535
0.1423411325719229 0.16622157599399257 0.20127375440387027 0.20885847958231324 0.19572581565651184 0.1827589776918563 0.20439053085516598 0.19942008437865677 0.13841571734800898 0.12615798583792776 0.17266114133384852 0.2341911678255016 0.23322612690142228 0.23860023107935363 0.30473682413141384 0.3258207661041004 0.39437645321208564 0.40184134471186245 0.41496038098892635 0.41679600737272143 0.4092351157607557 0.4077775307399085 0.3836177285007094 0.3874845994418566 0.43118184298311385 0.40847288363535195 0.34348702291329725 0.3225903085881705 0.33158624518417484 0.26344413601410377 0.23650252386504217 0.2124321448635047 0.17874345241458905 0.15753037103576675 0.19122549962914434 0.17494385746374794 0.20032692428598334 0.1558858024907013 0.16217155003140607 0.15914966418551574 0.14983110888217457 0.09940644138781995 0.12578691009084106
0.152414366995801 0.15644322791781332 0.16803702837197138 0.19450380245065618 0.22301753060929563 0.18737376579792608 0.1875159392725933 0.1822713951243947 0.17991675433499474 0.1551589819320726 0.17308435102294153 0.2517324781031136 0.2829162776436961 0.30261693786907 0.310443702005486 0.3539845462277069 0.3606515722598576 0.40869611993290267 0.4143115989328779 0.41013275287757794 0.4036680720345802 0.3729320303720156 0.36148725573610846 0.4109065398515006 0.38537822848742787 0.4061742911152696 0.35390328154637735 0.3436949294453185 0.33988975982710884 0.3032434096898555 0.25274785664076904 0.23247921741946082 0.2494738047885183 0.24750668247180524 0.19414674592140058 0.1931981218814805 0.17244978961910637 0.18855397165326032 0.15906070303942058 0.15934243731810668 0.15013981446351246 0.10203646017979318 0.12549831826869515
0.15703024309135108 0.1624948148982592 0.21856977007967177 0.2308566904794625 0.21913984631645428 0.23546364815719878 0.21553803542462618 0.18566790091420046 0.17264486945085392 0.18082325254534493 0.19945458898054658 0.2366203670325235 0.286689518476955 0.35350893160414404 0.36787488705842336 0.3541729051493237 0.36641533803663595 0.36528273979365217 0.40672454820349546 0.39178420419674165 0.3966672878204102 0.4034395232274226 0.3858534439912678 0.40364795936034237 0.3840633887904312 0.415302522041687 0.3955132193245472 0.3186688071323675 0.30384158281602464 0.26975610253046417 0.2681128970755078 0.26840582698565124 0.2599506526325278 0.27218168947484933 0.2208146418426398 0.20548034910627247 0.2185174622198728 0.1733473976566412 0.18098669162362302 0.15166876100633012 0.1383463610116925 0.10459570874589859 0.09308080802820821
0.22017985591206968 0.1813720854572895 0.2343790759274963 0.24239927002655187 0.23299141934137138 0.27764647718612967 0.22666044272143238 0.17662830971797744 0.1991349397372807 0.1744303014566456 0.2174195241706908 0.2545223026764489 0.27173723382178544 0.3570374222051226 0.3415084891076388 0.37908340571450105 0.4015399458147275 0.3899435407336427 0.413609764540924 0.4058332263239909 0.3819263557176905 0.3967936343111624 0.3838628561833815 0.38380818508472914 0.3893435055655638 0.4231475406674387 0.3516652171418117 0.30368509348935896 0.3193817285693661 0.25566450037906024 0.26061246932586823 0.26889741082277346 0.24597619012767685 0.26969195954679187 0.23310329471967425 0.23543263044146523 0.2178432249276741 0.15511627432370237 0.18137956920569237 0.16354883640847315 0.10797293574647672 0.12470471283256807 0.11976304110032533
0.2511971461635496 0.22235535705023515 0.22491378279806037 0.2585385745885561 0.26026864583836146 0.24379296977735065 0.261709918988961 0.19507317081704256 0.20141544712860443 0.19488785378972978 0.1889071939037298 0.2254726359072215 0.30237068039067855 0.3471679125428859 0.35478571297646677 0.40224268097802524 0.40176064306980447 0.4305434629666631 0.4403842738590407 0.4329236424911406 0.4063620734754539 0.3982242553050002 0.4095197219044294 0.3861640669302511 0.40669408724150086 0.4210343518487154 0.34853554392864294 0.3184365557908694 0.3094316707795402 0.2749462708584146 0.2784707966215414 0.28944953237294246 0.25414616286600356 0.23667075947018384 0.20725307519859745 0.23472378517042033 0.19313284740237996 0.2030471595481263 0.1722721602792488 0.11562717749582364 0.11997813522093899 0.09321070288450854 0.10895160452594634
0.2653639852491838 0.2866354995784609 0.2541883763091506 0.2261490305722788 0.21779878420392762 0.22069264003228312 0.23881788348268296 0.2545486729438703 0.22026552233406824 0.16921266571570392 0.16857910553843888 0.22523114916642265 0.29344026708329435 0.29471342858023664 0.31852760219594445 0.370836859528505 0.39085127282952525 0.4336053633785668 0.43874677461210443 0.4355460310501136 0.38644544558009075 0.4002400622071889 0.40563959814016715 0.3757332930964883 0.3713558820672954 0.4083610414367497 0.36114042148455905 0.33947468297399874 0.3355334961013707 0.26705731096682506 0.27947545826866615 0.2675666766663067 0.26927710028489876 0.19722626092350742 0.207387574968536 0.22169870287705185 0.19006546605261312 0.18872064483713816 0.12731602963080968 0.11739465334273884 0.08724218378821712 0.11620663154312913 0.11679283736265024
0.29575204719106174 0.2755991474325362 0.2528943097009379 0.21246383433420732 0.23486596991288575 0.21720813516003398 0.22840541597268604 0.24511398297314654 0.24985487137015958 0.18560953975226252 0.20857792425014665 0.1994675880027221 0.2609999003255535 0.3192620819271472 0.322519800704885 0.34573915292257434 0.3649733575606162 0.3904689029988009 0.39013211668264786 0.3838043667776774 0.40493327986318634 0.41288144310389757 0.3955304351348956 0.40074667109138284 0.3966753068413035 0.41957268955895244 0.3856012727154003 0.3579685225567412 0.31138872437640697 0.27311142230680285 0.2295683941576095 0.276121850978374 0.2704348075007087 0.22546760534940136 0.2362743592851763 0.192052009191191 0.1774225875714744 0.12438596737319085 0.12778240088099044 0.1220435525015058 0.10476676957025334 0.07441451649761589 0.08220041690098458
0.2975518784783581 0.2884437889533682 0.2299954384929932 0.23611902887716466 0.23304044169332236 0.18522760498369428 0.26789708942851576 0.2842122614205956 0.24121888634605076 0.21078133946344613 0.2113620624956157 0.21044561468927628 0.2371182614682827 0.3241719407163621 0.3443703683704908 0.3727958293547969 0.35616043699502603 0.3930209389219771 0.427634767637069 0.4158771294753326 0.3857179023882859 0.40369523072951846 0.40282652866820845 0.39184557457288943 0.3783609192516996 0.376317507520415 0.34771188904193745 0.3217255706472241 0.3034287595560528 0.21784742341469893 0.27671695770076576 0.2794292131357726 0.27696872261527766 0.2266144487006978 0.19374885598580918 0.18230212237705526 0.18188193339341058 0.12043534698807626 0.13538373937711792 0.1766750233130988 0.11603611530390245 0.0919180733584702 0.10005047414170967
0.27484787923302284 0.2502013649131729 0.24508534238153304 0.2077160003171084 0.22369112011854508 0.2161914587996792 0.25546067000642003 0.2950057287225923 0.23506617663337678 0.2554897535173204 0.26415914897751797 0.24988891851514825 0.252369656368281 0.3067756089263564 0.2870596464126611 0.3129843488734154 0.3201504217192269 0.36212275198565314 0.39289050409676746 0.37566555824350945 0.37740409004039227 0.38267924277536214 0.3721176795428542 0.3572756381313632 0.3409292403753418 0.35466227598429306 0.33309973552784633 0.2910763719162043 0.26510797345482157 0.2417395196188434 0.26833136091278714 0.22810595266772274 0.22257471167122153 0.18925086665074028 0.20581640773841017 0.14439358163816976 0.15132807319493613 0.17244534609964113 0.1709478481443062 0.1468264121235543 0.14472811579768116 0.11353796817949223 0.13891046277657787
0.24855372715874394 0.23875707705784374 0.2734577096428638 0.234996934934947 0.21956018837869737 0.2572191652925979 0.2778895857735018 0.2923065397587101 0.27201437914605386 0.25372440788718115 0.2568648169134878 0.2659665065044351 0.23962667534699894 0.264722708433735 0.2745191879125487 0.2754649815449454 0.31038346865204697 0.30718970165303233 0.3830330814326132 0.3732441485643239 0.348821532564468 0.3861765453619584 0.34627580546559983 0.2961547023821639 0.3053163517567043 0.3507000066439786 0.327935789113133 0.25255007839491495 0.24973348292764477 0.2545104623066839 0.25311457463346637 0.24123415091339312 0.19858926312245562 0.19278102377901163 0.16400675979586563 0.14700081972800644 0.15812925158815405 0.12980162543565982 0.17750715616045262 0.20948537654729116 0.18803615672680102 0.1771456946789426 0.16481201962368497
0.2511715994990295 0.27928882614356404 0.2903819431177454 0.2596258753344775 0.27227768137713343 0.28039389710519 0.2789355870247918 0.3180668056738503 0.3120148944690492 0.3030481383541667 0.2563322883603305 0.2684066233393465 0.26608334628716585 0.2584151701492086 0.2128379066621182 0.2535987357606294 0.2854643475605502 0.29494809212066453 0.3405007725028655 0.3667509027303677 0.32428532867711 0.33651260810952927 0.32854223315757397 0.3141481924035737 0.33569326316223236 0.30563252641899696 0.2702445627389757 0.2458186002886089 0.2504845963309173 0.2601620845351253 0.23336232234015458 0.23424361928486656 0.22143604672846404 0.2151289569306237 0.18558579478550719 0.1599039597787381 0.16876338841456132 0.1640882776381472 0.15947687102699068 0.21206168026070513 0.20552726233972493 0.24108954695259363 0.2625656160316873
0.2593833059595677 0.31931254204794807 0.30112655019449924 0.2925594188396705 0.31088220831167235 0.2842409565629427 0.298245708550483 0.33822904169802687 0.3356877131100618 0.29837638763002217 0.2979830469353851 0.2812101921436472 0.2637029789231733 0.21325354978134484 0.21580079638797756 0.2002836881540506 0.2388419674356955 0.26722698782699705 0.3152345747648626 0.337783294393492 0.31219164234538016 0.27646071000097383 0.29933184468589796 0.32847016893312797 0.35604436789053845 0.31122512882328107 0.26723439724410364 0.2180778251727879 0.2242049565904219 0.18429178845959535 0.20315409336866586 0.1642774488348843 0.1988747853247751 0.1756539328444901 0.1830695477048234 0.16273912318878747 0.1838691859578482 0.17853677270127202 0.21251786010808454 0.22157971130754667 0.25403984568912563 0.26437588076252544 0.27807471325908006
0.29140084850702497 0.296473863725729 0.29609681434012824 0.28962114704477937 0.2878843051172781 0.3090460674983212 0.30468784155566153 0.29246313741912583 0.2949631987224195 0.27222813091836046 0.25315710818059717 0.24510728775189314 0.22365380764449375 0.25960975213518805 0.2127082752059512 0.2191921623844677 0.23121026457097735 0.25265116270463234 0.3149598169189954 0.32770346757680835 0.3442572616972839 0.32103949962784145 0.32491658637697446 0.32871758626319586 0.3533782118885587 0.2835403421272832 0.24492860361592217 0.24283040656058305 0.19120979790202705 0.17830426608586128 0.19580350453419215 0.19602773459923106 0.16914200783720237 0.16574615518030247 0.18300945897327747 0.1822601296510391 0.16415729644727417 0.19814166642306588 0.2287637220061721 0.2543977876849311 0.2685368549486579 0.28239946545376027 0.330789598268799
0.29422628301253395 0.3601773722854582 0.3027915371024687 0.3251841299770852 0.2895602564887166 0.29091340977344804 0.2633361585168542 0.28217692258662047 0.2926238907991264 0.3001275772498527 0.24845172108731353 0.22662073658520532 0.2511768363240037 0.28587419371211753 0.2753013720480838 0.2379163819723781 0.2737212424408801 0.24673013562082627 0.3196827999580198 0.33291127919349145 0.3524820260968569 0.3292224614683026 0.3064960256932719 0.3311186489467532 0.3102905691086453 0.3239382252356206 0.25407612046698064 0.2159287046155432 0.223935947431915 0.16829088147385002 0.15399813348749114 0.16525747633510476 0.1864005115728684 0.19636629692294066 0.1596664625537838 0.153636620916739 0.172998150356878 0.2391468711397815 0.2642000243892868 0.26710333234924605 0.27167039394141557 0.33456675814764336 0.29643853467535675
0.3529280126503889 0.34240597417924384 0.34013536915728565 0.338616205766918 0.29159043302785514 0.29152912734050607 0.2919601071145053 0.2907323315899767 0.2769789210338829 0.274514662121272 0.23297639395751676 0.19887271743871385 0.23095120303674913 0.2707766426659346 0.2843578000280769 0.28815188259732866 0.29060922310253595 0.29394838514240157 0.285093728674083 0.3161275955650495 0.30431330619576114 0.3079965338995695 0.3023493236500743 0.32648390981208286 0.32068254647827543 0.3295621285214716 0.2626686754966591 0.2548466921789154 0.22970721716013387 0.20068388295094275 0.16710210467130526 0.1822694519292379 0.15741311657786852 0.1544603793658764 0.16379301423558604 0.17510845031950276 0.2221947176529161 0.23994332538876573 0.24745437246891605 0.28746122847473893 0.3287255965556108 0.3102708690484193 0.3253863454155916
0.3388774699250069 0.37127076233874046 0.3541459937559845 0.3519634807088999 0.28632395592076937 0.2768946723649234 0.26693632752428953 0.21782936882549142 0.2558979131152979 0.21159179618069648 0.23373518985705208 0.20636581320706898 0.27066952581084525 0.31824812033273575 0.29122436883499964 0.3157290563579388 0.3092451610833637 0.32006113245919177 0.31848704435084935 0.3363932769626344 0.3140543761002462 0.3365200308849332 0.31308473556824484 0.28868140452428387 0.3356574039360161 0.29612122417625375 0.2733571346687029 0.265523458967204 0.19751249348345265 0.17167711387473253 0.19610923607229055 0.21228715907405002 0.1805697837771287 0.16090703619850927 0.19872558108734842 0.21383384107919953 0.19385619729583617 0.21417089895634842 0.2712533461207314 0.3039029872412085 0.35098651149048465 0.34355043344085356 0.29677693883838685
0.32372497304383646 0.3520729115465165 0.32228444901131104 0.31692364628651776 0.3317993954603278 0.2771443428703255 0.28421317674879076 0.24700735503804694 0.2068036328320453 0.16877854874958698 0.18523196800122166 0.20834436448262908 0.25164495486681365 0.28686692203317604 0.30005198940370637 0.3035776666314633 0.3426172016897038 0.32918796987105403 0.3604981470472729 0.33858396744030694 0.32405129634296664 0.3404357145825403 0.30808196856150766 0.33239010995013263 0.3209670276844694 0.26778631211181536 0.28385630432653 0.24519509002746703 0.22917134593710387 0.16003625695144558 0.19582884017782168 0.18908155393437193 0.18154549019065472 0.16780171370686436 0.1973409850518421 0.24155896037358096 0.23256014752665732 0.2680254207644297 0.3034367477811263 0.2940937263657721 0.32302137664401054 0.3135146300867063 0.32955637403273547
0.31176888063310143 0.2989822168488654 0.32635036222289526 0.2973795586515585 0.2843354787581813 0.2932811269369197 0.27033466549318225 0.27338850531772113 0.194241375448015 0.1734094814609772 0.20648201009157216 0.20708037967443274 0.2388979335026768 0.27588588498145666 0.2932831539028033 0.29693375481337214 0.31062490563546025 0.33507545355145996 0.35993279466080413 0.35108700177013924 0.33725869108495493 0.30098610303776274 0.3417295954568781 0.31181255677502084 0.27734368507364865 0.28734070998508493 0.2736898704833782 0.2517506409797548 0.2283338861142459 0.1617228320937766 0.19178729862195154 0.19751405840557365 0.22379035518345428 0.1768179118115276 0.1905614066051849 0.2331381981909661 0.2651029876521593 0.32556037847275526 0.34763147462009625 0.35137661274347504 0.35397289883320027 0.29931395453036297 0.32786176431446923
