Raster_benchmarking/Raster/continuous/raster-324.asc
NCOLS 100
NROWS 100
XLLCORNER 1743167.2490033752
YLLCORNER 5469294.330516288
CELLSIZE 10
NODATA_VALUE -9999
[rows 19 to 37 of 100, columns 0 to 42 of 100]
0.6944410786108925 0.6729944388514386 0.6564098363157994 0.6420548388558067 0.5787555894001093 0.5564273687221809 0.581284939774814 0.6024075752710822 0.5997256834703768 0.533719343662754 0.557065447968242 0.5424389988968547 0.5297807811194141 0.5536680754328064 0.5556628249080573 0.5148321502219706 0.45666165997213903 0.4227722060239279 0.421434509697243 0.38539522981366525 0.3869321675378889 0.34393389570575245 0.382184305496404 0.3535268435082909 0.3494972532299583 0.37255250589811817 0.35505608278606887 0.3781217866152053 0.43253462411038446 0.45400889481941176 0.4387722671701806 0.4656037714514175 0.42061414425719734 0.44311179560644576 0.38755264138646517 0.42306733754893205 0.44225181005142017 0.38804651307147864 0.4030956511094719 0.424617330674708 0.4163670322140522 0.36755237553459746 0.38984948986621304
0.6612091998284518 0.6753446922292761 0.6445842493964155 0.638159317230007 0.5866852360559474 0.6080570436740782 0.5846914829123977 0.605705595750657 0.5820690240486407 0.554079038524009 0.5740585751589418 0.5214352727140663 0.5082043630899741 0.5445714574277543 0.5298337074904281 0.47379908615577077 0.4451967894315812 0.42487905190589353 0.3783641677876158 0.35134611219972195 0.36060967587396764 0.3483451594445204 0.40133850496382545 0.3531509090706226 0.3694050261438263 0.37937578795117644 0.4010792730966638 0.38174358836979133 0.4460515889008215 0.47055057242758375 0.4816514285549709 0.47955213972707966 0.45278538630599013 0.45255956920655466 0.4248027783539115 0.4305063851363896 0.432657567448499 0.4432459664801115 0.41117318786808416 0.43042247811752715 0.43402255810430446 0.39027453311113247 0.36534387279346286
0.6585568937081332 0.663881086480927 0.6609903902337616 0.690705695185822 0.6685711297904829 0.5824654449560193 0.5621825233751794 0.5880216560155559 0.604974805170133 0.5767598818242179 0.5641726154893903 0.526567374438632 0.5358014439105967 0.49602979879134995 0.43202037753776873 0.41931340909446213 0.3649218516465831 0.40889639347438345 0.3797345234013793 0.32756335919407226 0.3499937963814613 0.3469515551337605 0.4003288964278157 0.38326804793703734 0.33019075824564953 0.38288189631591224 0.3781941631466042 0.3844229186479813 0.46271348269569124 0.5050159835685616 0.5145756772841402 0.5049934429009372 0.5208771411676312 0.42365277154705894 0.3966906841486143 0.39423629991298176 0.43100334725873174 0.39251631884435384 0.3661938202791411 0.38063379469776604 0.38582151939502807 0.4039091455078753 0.3732555390883309
0.7238455108648728 0.6822265922796996 0.6314992583363134 0.6639634595606305 0.6499338736212281 0.6175007669478446 0.5713870226184669 0.5475036446381649 0.534167253248802 0.5336857654870288 0.5264573139782937 0.5840331350542959 0.5725046138589127 0.5316493390627145 0.4461178032499518 0.448983867326392 0.458657200772263 0.4353174298293262 0.3948417169972018 0.37783415505400475 0.3479956887693294 0.3323471504888878 0.31888633324561505 0.31854952254294344 0.3052017464165378 0.3255375558655055 0.36876234352926834 0.42929723350861515 0.4029428255466729 0.44136032156220034 0.48235186130325897 0.44501362301010006 0.4340908124063144 0.4013186922312952 0.3967654917796275 0.4087150314055041 0.39664311722785706 0.3933523889978365 0.4112750895368975 0.39993686414720947 0.37748119895821547 0.39692043943946526 0.3810011221200846
0.684162688558196 0.6451736432013051 0.6180320285338854 0.6846248462233764 0.674107291281625 0.6529697282095815 0.6200865067488901 0.5297429830851613 0.5479601185210531 0.5745281468469892 0.5680685494619337 0.5416390502946575 0.5495934754323457 0.5019752818561308 0.5041591721816729 0.49135523354402366 0.5000529068376994 0.4930105138784547 0.4217431892263922 0.42813537796589357 0.4162915573595224 0.338472965913226 0.3051664794360013 0.2983701312069301 0.35959586782284636 0.3675026144260655 0.3510172010590066 0.4055345495040893 0.416992748175053 0.46307745627145713 0.4356830048544771 0.439228892746251 0.3954543101762421 0.38123826240359737 0.40434784723334855 0.3940463657623723 0.40950952751857767 0.4013769397730424 0.3633609175168021 0.379037208277274 0.36202369683417 0.39179857342211954 0.4145260643244357
0.6670365630642602 0.688483003293856 0.6977418086455598 0.665105333040191 0.6756155315874273 0.6719986998335863 0.6127934849760399 0.5502577492957141 0.575438039230564 0.536370198220304 0.5961913892291628 0.5712392580201849 0.48361881679591895 0.4692087057570827 0.4693242914176687 0.4580532009869702 0.4875870213194976 0.49640899951153533 0.4785496227458751 0.4789567060467418 0.4394465367873708 0.4194549244771002 0.33029662623862627 0.32477839603947 0.3490624560246486 0.3776643953475024 0.3792053103602347 0.38541403551322784 0.43538150445033774 0.46062091408978595 0.40387384013405925 0.42357967094371435 0.4372502999370766 0.4100958912152533 0.3737307648613515 0.4016377653769071 0.41934563158088617 0.41656994958857474 0.412619019626673 0.3661727520350744 0.37416963765251576 0.38691849080632607 0.42626563738928336
0.7022241972196657 0.7079716642628436 0.6730610223012454 0.6945758166570173 0.6209943528032954 0.5973873587636472 0.6274457852305328 0.6045012886710144 0.5274543738927203 0.5429692216242363 0.5812649100548849 0.5121571254786146 0.4750691004656938 0.48837600538747744 0.46483870737095884 0.4788607427141651 0.5067255579656116 0.5107300119382879 0.5129261356617356 0.43716123046630095 0.45626644046205994 0.4555455847993236 0.3963317510197879 0.3557884554509565 0.32554099030509515 0.3559946116781199 0.3886036794140082 0.39341491972297127 0.47278527558055355 0.46699354345911903 0.43024457164584323 0.38545871901657597 0.3816546291947278 0.4035872404406231 0.4181734542352807 0.3654483605166255 0.3804089899659462 0.40592909522948445 0.4214016766727335 0.4378477313826534 0.42447739299331105 0.47004038305638596 0.4776374737596392
0.7030897356786298 0.6711653979938794 0.6895328584302882 0.6685477936170919 0.6028702369013113 0.5956025400987047 0.5464352534036087 0.5611932389061541 0.4978539879651482 0.4954690976435361 0.5001439171328406 0.532110297690614 0.4421230019492502 0.4440354977570136 0.4999288808010361 0.5001381035732946 0.49633156750023916 0.4815977988755685 0.49908901644101356 0.43315565679442786 0.43823624656662996 0.4239841914051061 0.3687196208878415 0.385540959497496 0.4053281833816656 0.4042306877695398 0.3813130804538818 0.4091453657402095 0.4613116632740803 0.44446797111949754 0.45262186545396277 0.45929818025410885 0.43279492419849086 0.4027350551529307 0.3521489029382829 0.38101743160243556 0.3704408656041123 0.3787341937529212 0.42301808801262547 0.4555862660632506 0.4491008194385296 0.5080220455271429 0.48276252785394164
0.7114696316078257 0.7173215979255646 0.7055834231596454 0.6555397310446547 0.6286616491823926 0.6096721059583593 0.5310336621065533 0.5550951125370907 0.5124650222938836 0.5174081406878986 0.5020489481639105 0.5168415333997215 0.46389624607247143 0.4343869850970955 0.4734674591318971 0.4602535343826972 0.531157956341506 0.48977706313366043 0.5078876249905588 0.4290012796301229 0.3879683505919069 0.35519195252161956 0.3496072212677476 0.37862514420223464 0.4257843568131105 0.43868799129992925 0.431404430755604 0.44858852902535834 0.42003217284881217 0.44166293991482 0.48918607818704307 0.4615374196028 0.4579012832538625 0.3766610447107421 0.3561448077286545 0.39743220962629644 0.36775751010003144 0.4450360775128454 0.4516650344989953 0.4431603671755358 0.5279171664783466 0.5458515404242009 0.5052293693574457
0.7152746954973714 0.693156941878217 0.6551143026694357 0.5844221843876436 0.5708737238762985 0.5697909879245425 0.5103550476418767 0.5268598194849616 0.49736713805390714 0.5096815755952974 0.4830838744953975 0.49695243101576 0.48268573956778754 0.4734601964051776 0.4663435617630686 0.46833773629621595 0.5241902737760146 0.491980745406105 0.48213765578061485 0.43595768321621775 0.34026660669118935 0.3502587344824153 0.34598908996039934 0.388892937206194 0.39730488746885756 0.4588924716394858 0.521361387584736 0.5115518690901377 0.5182438738980654 0.5061587593411154 0.5063244750153298 0.46483819341031396 0.453544216598424 0.40698638599088083 0.38955972603518274 0.4341948666071329 0.4031222095732534 0.43196466487487173 0.42523375280058456 0.47421554720114145 0.5268202739566639 0.5759770985967312 0.5322561421648573
0.7303219322128455 0.6394310005630806 0.6223560394555296 0.5777076206398702 0.5243288296887098 0.5173656467951357 0.5307611056623248 0.4941354596432805 0.5421910147946688 0.4939738619868807 0.5185791720618506 0.5040113728801906 0.533152224900647 0.5289150598336315 0.5196716529158236 0.5177887109925735 0.4906647491547887 0.475283110786493 0.4539830954671025 0.4296333911524989 0.3207129713737035 0.3196737835449885 0.349763241022176 0.41454638280307404 0.4303383834627542 0.5184224093028401 0.539815304960074 0.5565418770931008 0.528691199704175 0.5385494113357018 0.43967958787507483 0.40054510219089856 0.3902014324370277 0.46995411900211326 0.4254111341825544 0.4205801926340287 0.44712106248641426 0.4420697709552893 0.4647362767241414 0.5314363014688781 0.6050936548850786 0.5543726989042926 0.579451839797618
0.70876095553182 0.6645392788863747 0.5947702986497236 0.5408035219741358 0.5110857351850029 0.5001228788743579 0.4898855090949075 0.5293341313232441 0.568966733482447 0.5587032686522588 0.5186971194336519 0.5404608549842682 0.5192089129593375 0.5125449140106734 0.5057815172388959 0.4707043580941252 0.45744851315648927 0.46044225566154295 0.42865572398289414 0.4326539758354276 0.41507043610843625 0.3704536084456569 0.41701657599584546 0.4132032492051169 0.4695031866416072 0.5500756243002192 0.5622629850285886 0.5298384531270888 0.5089727512081853 0.5330690341304408 0.46747496342844264 0.45057747392861963 0.43975177471053883 0.5154953157793348 0.4670540558208189 0.45487802876063943 0.45420780011724876 0.4531033387312289 0.469312932927985 0.529128610533173 0.6049086523197743 0.602082663186566 0.5573365665152389
0.6287751112648784 0.6226937211649467 0.5260376855954187 0.5649075295814524 0.5517124626120202 0.5174356515875574 0.4930051330894043 0.48241062361634507 0.5207751288544678 0.5624878902733984 0.5291189773589166 0.48405029034684544 0.48237899119246075 0.49538309005931846 0.5041845735464872 0.4456513495515245 0.4459627978127687 0.46328117801963303 0.4659396248416543 0.4956812386774922 0.4584344661363287 0.40668411470174454 0.46353410106839255 0.4788388641970264 0.5260326829826517 0.5153121560656189 0.5650128714262135 0.5337487008545391 0.5945853529441262 0.5698994553633309 0.49342536854060115 0.5203255352602784 0.5385981237832551 0.5359149860122477 0.5576643985106635 0.4901509631950903 0.49266173117286677 0.5078663610784652 0.5249530243165804 0.5135145885175348 0.5997810318879072 0.6130015603225554 0.5886395704001985
0.5956882041200813 0.533329589060588 0.5098809191530315 0.5150629108502961 0.5054920928248895 0.4947909983844237 0.5051261500859175 0.4986714405748959 0.4694490678308233 0.5063328082621504 0.4643420371117313 0.4855410720587968 0.4927621316717572 0.49060201527632025 0.4877982160174191 0.5034647933783051 0.4943789356989251 0.47619289781616647 0.4977716147077453 0.47972050508933006 0.4952600562558594 0.47609909791334387 0.5266145314000452 0.49185147650593514 0.5469127989331763 0.5691783838181768 0.5327457287198747 0.5463229041047123 0.5683053269642208 0.5305950432751985 0.5921916151102232 0.5678530867455022 0.5533824023890963 0.5662917685717409 0.5723033381520523 0.5801458426622463 0.5618966179399363 0.5287581215128754 0.5060251905500587 0.5225139419738375 0.5589625652898758 0.5730079819036311 0.5383672151175934
0.6040663287351581 0.5165238741081041 0.486733021485526 0.5164643049279072 0.43717520531982246 0.4439917324448069 0.5126119169113085 0.4557390927128164 0.43290450235415856 0.44141442218953225 0.4600746125380903 0.4740065645628074 0.4651384760718713 0.48516204881166936 0.5167488167336352 0.48919269338933924 0.4032407428072382 0.4309716011885592 0.4709404988322305 0.4544825286991691 0.45590465437063443 0.47010359647537503 0.5353376181518348 0.4908666581607701 0.49778779063075196 0.5918369505299802 0.5905765024160822 0.5964441083946392 0.556724965482006 0.5572269360285756 0.6289121790458805 0.6228529451162287 0.5714636151119653 0.5431397300715878 0.527024416667232 0.5812103615090273 0.6058211433233232 0.5698415840232485 0.5522488988336899 0.5497060993644836 0.5186458660568287 0.557126281893688 0.5642084960375288
0.579706595934051 0.5475432713936343 0.5397674966294518 0.4854225373691039 0.43831929533185093 0.46136353855873014 0.46337578620960224 0.45948269999094166 0.45774061612269645 0.39743403692181517 0.41175036358779815 0.45781106870847843 0.4718923727217898 0.49612482557113435 0.4793629233430102 0.45288813284575924 0.43649646042682066 0.43494174778348826 0.40540758316721426 0.45077953801262216 0.4503650540935646 0.4959500213156011 0.5297795945898629 0.5352855564142455 0.5400179404709393 0.5730409979608625 0.625944004676964 0.5840592090889185 0.6267160449295057 0.6133644587281555 0.6537398852923132 0.617688877149916 0.545734982960608 0.5529054100560624 0.5760788892258765 0.6290949543776363 0.6122663508438941 0.5442718827068139 0.5435690638448133 0.48292365210064453 0.482448760946367 0.5375877890982517 0.5253634487731861
0.6301180141066303 0.5228264146369557 0.4925937832579199 0.5158624937761892 0.5200579707619013 0.4991170748674063 0.43768369516055666 0.4604253071867122 0.4124061308276003 0.39394528738417794 0.435046992695279 0.4473321517138636 0.4360916475282848 0.46000284118037055 0.4740306679927265 0.4407415533329844 0.41252897753067963 0.46740452948559275 0.39717624147643027 0.4210346931558398 0.42349530672244556 0.45235631696969497 0.48232922843177783 0.51306940880391 0.5198561867382016 0.568822995830117 0.6024282569626068 0.6330053939493571 0.613434398670644 0.641840253766873 0.6639857101273076 0.6213894197987258 0.5938645348592118 0.6411462320898695 0.6310036125846696 0.5972529793754099 0.6025561321360904 0.5953558039944826 0.5001681471654261 0.4987499677244254 0.4595715505966093 0.4997880442106543 0.4712955085328693
0.5949570802567062 0.5489632160410287 0.49469751672941464 0.4722925371303187 0.5238210293991823 0.4720408982076422 0.4740258229636347 0.46010303593598223 0.39951342705421783 0.41187616899684426 0.4573208173962328 0.4374049078156151 0.4562620561046972 0.46665798548978377 0.4636365722232598 0.42984339033682023 0.4620969989845769 0.4782043647130971 0.4662414275195992 0.4369413505084359 0.46005218899262695 0.5008312301458233 0.48721083206989557 0.49392750945726166 0.5328084182751421 0.5484867041146841 0.5998998341217631 0.6002895164844886 0.6178159530715501 0.6676439178637585 0.659583792461679 0.6912290451031998 0.6898187595680502 0.6711877486300316 0.645602580156428 0.6261248372356872 0.6284878971172504 0.5881500908461492 0.5621568054391443 0.533448836543933 0.4835589853663505 0.4809780556548112 0.4753005850815863
0.6341257337329202 0.5781141664918834 0.5186736182698295 0.5480349772019073 0.5073012512790357 0.46727639100081014 0.43763455179186506 0.47163768514776283 0.4485645461469239 0.444045994998113 0.48738355077021683 0.4572517005011581 0.425387616776572 0.4740769696581813 0.4813060403476795 0.45714224542586096 0.4525962932349473 0.49360769793046044 0.5260891695426523 0.488915475988597 0.49724987950254085 0.48597054620038194 0.4521773566069223 0.4782178678580179 0.5198650548938484 0.5412153843377286 0.6131408238308113 0.6067460670283285 0.696129359089192 0.7059124414746439 0.748554782401961 0.7059585195226551 0.7205386068752955 0.7248922575377906 0.6875746848884381 0.681812464440027 0.6495817709262731 0.5801464826150838 0.5726199577364419 0.5444975911845537 0.4768256785014194 0.5230702086411433 0.5310284372806032
