Raster_benchmarking/Raster/continuous/raster-486.asc
NCOLS 100
NROWS 100
XLLCORNER 1743165.02814211
YLLCORNER 5469277.480988706
CELLSIZE 10
NODATA_VALUE -9999
[rows 57 to 75 of 100, columns 0 to 42 of 100]
0.6538470991447818 0.632190017642174 0.6132990697246312 0.6252907499406972 0.5898448726723764 0.596855452973181 0.6001849288288448 0.6246460974926923 0.6175341713864814 0.6077787434842654 0.6385968388663218 0.6207606379715315 0.629088559498162 0.6335027100745202 0.6141278792662308 0.5956668211987171 0.5657345026877669 0.5472807151534059 0.49271629088115426 0.4983115929089124 0.4956978953221985 0.4546115329420151 0.45101244829946624 0.4724697067764572 0.4727181597423504 0.4818725876263146 0.4721410500803765 0.4627185118422107 0.4541371005394956 0.4184941114616184 0.4073775314487835 0.40415818875659104 0.4037030324925874 0.38234542810583894 0.37680997485955475 0.3778671493187001 0.34745744722432764 0.31373946894191407 0.316243803155434 0.30190611226402475 0.3082511296197801 0.3322606695954718 0.316002582442035
0.6343346156595459 0.6282347441088707 0.5961181941033455 0.6206984025940188 0.6001433597030481 0.5703583703238964 0.5862638113351407 0.5964048430224009 0.6181325132837763 0.6073264865619982 0.6215684904915676 0.6181781991566044 0.6044716587194578 0.6074109176365549 0.5649134699416674 0.5480887306937857 0.5599980987570151 0.5332662778259418 0.4849798190881789 0.48181045199402933 0.4561028481339216 0.47241600398033945 0.4448238073683926 0.4647688965533785 0.47181300740461096 0.5034108588868708 0.5055571144790644 0.4849174014981663 0.4460032157662478 0.43440310649629144 0.3960714314581531 0.4165717151874326 0.41517439721433735 0.38227075638027946 0.38645704930871283 0.3817787318331935 0.33508748097082747 0.3501334663203397 0.35273795092769844 0.3525672646514774 0.3165399717770216 0.3511260913209408 0.360214458487005
0.669929235936544 0.6507741934164575 0.6084372144658354 0.5875409094208228 0.6039083262279242 0.5770883354325832 0.5801509186123969 0.5619601481874528 0.5664214119797215 0.5852703415014028 0.5929165384885384 0.5691597864104363 0.5809021005300642 0.5464101412008412 0.5178659148412245 0.5211573136540475 0.5107621519916111 0.483091899187906 0.47552989240936816 0.4674070525923373 0.44848513744097196 0.46104093930205886 0.45695918511183625 0.4389437394447282 0.4459420022545113 0.47809867309894843 0.4895087115694737 0.4791126916774334 0.46294448635909774 0.40682405222051865 0.40485347017273066 0.38219378975742263 0.40670660624805194 0.39094540389354265 0.3684015046279938 0.3640467302680631 0.36757267405486127 0.37633830090196796 0.3716171367306521 0.37042995705491966 0.3391293936797993 0.3253980227371479 0.32988880800129805
0.6693338908996181 0.6706266523963622 0.6389196126979247 0.5864716809579044 0.589543783849915 0.550660266945803 0.5433547909583216 0.5515451789405241 0.5791522557698092 0.5454988720039589 0.5331698356163032 0.5668174458696174 0.5349198893356619 0.5189628188325401 0.5193096550818423 0.5112780132726131 0.48684194021523325 0.4824416256588616 0.4821021589379975 0.4716985719817385 0.43021982515277635 0.46580352315292217 0.4433520592678422 0.4364176458537949 0.4689785425441591 0.4892946331135299 0.45463714996727267 0.4767018517072975 0.4510431314009151 0.4091376871052783 0.3772575357307671 0.3892384687882765 0.4018410179190885 0.3827231216208302 0.4055510697309811 0.39552023866582103 0.3705378352285308 0.37655500317185964 0.3941442366113494 0.39012024541035756 0.35131929905055737 0.33143082544830754 0.32394467361043194
0.6694068259094585 0.6598176850096571 0.6463117775538307 0.5890085294461753 0.555579052917337 0.538703485123585 0.5403447224118871 0.538427393496555 0.534500780855203 0.562171677877133 0.5483521052863739 0.5493185084570916 0.531890270046055 0.5395479805695755 0.514460911976057 0.4887614372414811 0.46675402497146445 0.45883421839694016 0.44450202444189696 0.4689606927283811 0.44773761702009063 0.4625124986079381 0.43506834262271366 0.444072263418719 0.4556513870322389 0.47800800225297047 0.47517980267471815 0.44948525378661436 0.42457820665580953 0.4203862376878733 0.3921608161586392 0.3855340117259685 0.39960248987783603 0.4143267687226 0.43265643974005696 0.4216836727671138 0.3870468924827045 0.3988578623510355 0.4004703720578252 0.3675180807533155 0.3554575669323181 0.35062537449871944 0.311320910982184
0.6169137878712486 0.6511809142248651 0.6334818841163817 0.5934358308456203 0.5753756396642924 0.5580636526766031 0.5207143081862661 0.5374562562105135 0.5377107654949602 0.5478138990655744 0.5167154638508054 0.5153269043284132 0.5362928016489574 0.520152095743549 0.5360811899754899 0.481122183053975 0.4639791029849143 0.44528286080549856 0.449751030392534 0.44946954316341503 0.4412399312224761 0.4671170508020176 0.4704716156337895 0.44006761455949134 0.4399133648434645 0.4799681390304529 0.4943028862032511 0.46185393519486145 0.45495827120828 0.39197226240023403 0.3695859470252792 0.3797200257570959 0.4218448827317861 0.4277222388650672 0.4306081337306477 0.40891115120749083 0.40770554556071775 0.3817956100219705 0.4040882386468059 0.3708174467041967 0.349137707250181 0.3327965507798837 0.33650692651339265
0.6383159737563958 0.6189227504240031 0.6095760176170711 0.599427918307645 0.5878557767035585 0.5453747986510733 0.5552192447537093 0.5465578760041614 0.5365451863531864 0.5107942582512052 0.521907495592786 0.5230104502319752 0.49386738003738767 0.5199415011295688 0.5198603297638047 0.48493807258410787 0.47952839830454724 0.4501395998828661 0.46119780897640805 0.43155219732341193 0.44715897918612385 0.45356244854517463 0.4695251189491863 0.43982707626881484 0.4533356003782316 0.45424244293890736 0.44261674179129723 0.4571305537967638 0.41667410817771156 0.384558174797886 0.36576902632457325 0.3847635053017193 0.3682077168396768 0.38467652546714254 0.3787987576410483 0.37561096860031473 0.3699104684366547 0.3767540516609353 0.3853931244932846 0.33850826524429867 0.3502554297498359 0.35075622049700705 0.3340044524392628
0.6171272929420671 0.604808057842589 0.5974139627987411 0.5710858669363147 0.5586488277286983 0.5574010710309271 0.5488019663946752 0.5163070508536293 0.5044497619655133 0.5136979624363993 0.5062117921819553 0.4992330026879514 0.4785413375557526 0.49134151549562627 0.4629651390962594 0.44273573840858943 0.4545284514958068 0.4407247681872491 0.4318874499421059 0.4378845658797412 0.4193584412130786 0.43442684742859183 0.43194966446380084 0.44617351872702565 0.42004034122255873 0.4172089450703428 0.4414504612242079 0.4143876040312694 0.3888855817770305 0.3978077665893126 0.39170303597048794 0.36588055780681794 0.35999393465035984 0.3430263706616017 0.37754075945886706 0.37256518981191944 0.3548143745223482 0.34980024420532935 0.3577451620605502 0.35475488287235823 0.3226552668732065 0.32561917449535865 0.3148847174488901
0.6205725753319962 0.6142086739339035 0.6003917781459336 0.5808312741728504 0.5614361233263238 0.5675405993128319 0.5396541715245536 0.5475134574837548 0.5379273103661875 0.4829063433573317 0.4589903471128293 0.4558088128772231 0.4340943153380467 0.43943662246475274 0.43567862045328737 0.44511872721002166 0.4315686525718917 0.44263496056405593 0.41247962042093883 0.4261203974952709 0.42563790286601527 0.4313954605386798 0.41281518279808516 0.4210223722933232 0.41991554560050054 0.417024917352691 0.40333124032103373 0.38300208238327044 0.3679773982728776 0.37772464990795995 0.3806021159509801 0.3494957185980568 0.3533856767001818 0.32789261741468256 0.33820905265941265 0.3405109893713238 0.3541456288782614 0.36740600329076595 0.36432482560613233 0.33102970794182873 0.32010073615111306 0.30399287544183307 0.3096411310363867
0.6072604904078546 0.5930542832254739 0.563078086215988 0.5576204791178098 0.5671014261218644 0.5756097414925194 0.5554376239606309 0.5381363757053551 0.5350413206134974 0.47974239675454533 0.4646010371948241 0.45598967130018075 0.4307626789456691 0.40345472336944654 0.3912506370869544 0.43963007099773527 0.441526907667747 0.4024069459768891 0.4034332982449825 0.39371809377162253 0.3882433547753339 0.423748685757721 0.4268602989049132 0.4041012243142651 0.4099360539955325 0.3824273102699033 0.3769719716379751 0.3742891536321576 0.3301007087610099 0.3361335420759873 0.3583620189689866 0.34837761536640177 0.328445975580721 0.3075975898601542 0.2960704931516501 0.3187079564553466 0.3282364181502881 0.32323169908947785 0.3532213989900599 0.32956605259336774 0.3124974250873515 0.31670458934441464 0.3343388670696617
0.5969439981960644 0.5630970662534168 0.5906815330631159 0.5661894433816238 0.5677330118674065 0.5305214486051617 0.5364707643176639 0.5176385396664954 0.51433145900083 0.5060435037938116 0.47206646081060155 0.4670387900721146 0.4533398473510266 0.4176069448516762 0.4042071849446692 0.3999541025057633 0.39965091561781846 0.39117517438517235 0.3814792800638383 0.39802959339713906 0.38805787417169163 0.3980058463069615 0.41029778371625814 0.3990593307051861 0.38496030227118966 0.3622049091172054 0.36242817301307817 0.3273233477894451 0.30236314360069266 0.3184599906017449 0.30635293839578925 0.3311415225856342 0.30742838713592235 0.30964146212299454 0.28919266869106514 0.2962416426599706 0.30799842805822447 0.2968371788846038 0.2909277958956873 0.2917757658094707 0.2956380681004468 0.30625430006067733 0.3329641020596538
0.5706197610925011 0.5633574301630213 0.5930718999765324 0.5653367151055325 0.5298365489370771 0.5127633134772136 0.5107587560053605 0.49630232449866263 0.4775000512410063 0.504363982218439 0.4986491489195482 0.4588506217014782 0.43533104082711305 0.4017739177714251 0.39083003839915575 0.38814321040038674 0.3915708857219378 0.3700269404559648 0.37757123285649646 0.3720436871176542 0.3407338135988092 0.35931320340553824 0.3914387445976083 0.34790297131175957 0.33036884274550565 0.35955523014592133 0.3563466064263592 0.33561399507347733 0.30025681898578105 0.3196709281125689 0.28754781858492057 0.31595612594720296 0.29335946782087224 0.2789943879461755 0.2793556179708022 0.2879437261420959 0.2581221810614197 0.263281163723612 0.26968093856743525 0.2665821219168348 0.29001061030700953 0.2920133078952024 0.32550398745318726
0.5857308784029761 0.5746424963449719 0.572797783430018 0.560418229988056 0.5278518176356469 0.5254330836653648 0.4934042538169193 0.47712417688872005 0.49780355153891653 0.49490830120919427 0.5036738011469519 0.4775446003731772 0.42829522213745425 0.4012302477369085 0.38830436355785575 0.37825994013251235 0.3883100713674442 0.3710251058921848 0.3642710752744861 0.325894038171867 0.34714853173809895 0.34926932853224096 0.3704071644104499 0.341870203853225 0.34576306693872205 0.3223632078922703 0.3189991469890861 0.28952008009654356 0.2941438092196205 0.3017900692604689 0.30618502146869164 0.27040437969771475 0.2905893192125429 0.2686906334289877 0.24916784149735968 0.2513297795002197 0.25103673964928935 0.24150727785100096 0.26799394697691964 0.24990947989805626 0.275084754589994 0.2884613583807503 0.3298028214815431
0.5502056152996788 0.5504816092453615 0.5806598615334727 0.5426507051455386 0.49616759933983196 0.5073343079718073 0.48644040548676654 0.483904009798952 0.4862585965987098 0.4765889140257853 0.4830099428649922 0.4710861378559494 0.443560542313577 0.42320634416523367 0.37578054237225506 0.3539760551258575 0.3342369986403451 0.335032924764574 0.30003358826292437 0.34245643981890267 0.3557137864644753 0.36004732575740384 0.35469783047154546 0.326745639400008 0.31764976210594237 0.29272938691615225 0.2789377542351076 0.3034569672819626 0.3015565845431796 0.3250209979156024 0.3051954565908481 0.26258261687912 0.25453171516537926 0.264397979278217 0.24569864736091232 0.23342340984566992 0.2554378172966571 0.25474001422875203 0.24786406676065642 0.2648476512429497 0.25627216459617064 0.2862854398165934 0.3339201403941773
0.5643030248721724 0.5500756058594235 0.5274911865170341 0.5345443652748851 0.5158259278999 0.49564491929355536 0.4675453876203107 0.49498630297265045 0.4875593222470866 0.4605303459692331 0.45849236321600684 0.4451884773893998 0.4163968157098493 0.4054724149108253 0.36259656255659656 0.3388024585861061 0.3220293523471834 0.33489507019585696 0.3037698746066695 0.31684500309021485 0.3164559805611562 0.3228332030730902 0.3116998711838234 0.32671668240716295 0.3080597283987019 0.29025347570094545 0.30469351459270094 0.3062342738386275 0.2949109818699782 0.3089273139760889 0.28026953634949414 0.26924696070716025 0.24946112313238378 0.24314281045937983 0.26672058181837643 0.24835070426330325 0.24034124762545256 0.23991665183605873 0.2441607249656866 0.2727860812512191 0.2642370992365156 0.2709936271746169 0.30068636023740686
0.5289724071085681 0.528063815316398 0.527316617496882 0.5078507287803123 0.4792123547212975 0.4660144982674559 0.4611260186529256 0.47777171623701437 0.46799563736129646 0.4458514097057135 0.46907181778883444 0.4538723313125049 0.436683471431918 0.42873899636955204 0.3834562236853633 0.35824771683268325 0.34129893049472154 0.33271718620076507 0.34406219450256603 0.33107676307598516 0.2973131301762994 0.3067537532884047 0.28503310345818733 0.29280018857084794 0.3029412040034116 0.31626400176363767 0.29911551587736096 0.28424354624433246 0.28962655169777013 0.2962113678962469 0.25971810665485306 0.2785652207646691 0.2605782757573638 0.2747467804940286 0.26233483138189323 0.2619022422727085 0.22647016840768036 0.21544523743337898 0.2447632333199487 0.2738132544458311 0.26964854176445746 0.2629523545840103 0.3049241052711918
0.504235845095144 0.49541022989626543 0.4804821729178948 0.4643800221418133 0.4468140925129205 0.46455276249364263 0.4546143109666077 0.46954645640610115 0.4374916108708229 0.42825449756353745 0.41705117011288967 0.4183249792241127 0.43614940583586453 0.41535395848777756 0.36760084575888424 0.3545310867978618 0.3622829240246622 0.35076463899019666 0.3480362341361486 0.35084474139406063 0.32704889458393355 0.2950376319761231 0.2838991390789614 0.27888121778015357 0.30330150546795664 0.29982153766983477 0.2818114335488078 0.26631324299185083 0.2616726237229988 0.24739934421074167 0.2356024915041083 0.2644632062564773 0.2686071840047814 0.2571780414831424 0.2690127916046611 0.25513010855228097 0.23509049374664365 0.22333464128196498 0.24330691022016088 0.23306568619126142 0.23513878217816414 0.24224257757059484 0.25876632837742963
0.504054698168236 0.48422558988125874 0.4694288138721344 0.46862624174501155 0.445047392506442 0.42830086287349434 0.45460117820242013 0.42598957224492845 0.41212430775704084 0.431674347505707 0.397562494309544 0.397603755605685 0.39402957036262104 0.4114393367074861 0.3757058676879537 0.3454740078500838 0.3287489352272388 0.35301996836925853 0.3517298185276724 0.36465253993271524 0.3515242266649202 0.3330148822772821 0.3032289472306119 0.30884672614086184 0.28640325720537113 0.2909127930818549 0.2634381109899784 0.2648626674247193 0.2720259720522974 0.2667317913789229 0.2382636776057095 0.23906754590044302 0.26628055631602315 0.25519044765400045 0.22671520439745613 0.24582277700801936 0.2472368952549635 0.22273161074315775 0.2027180652061554 0.2329222799054143 0.2112159403003174 0.2132226713774111 0.23819778358495142
0.509922136102896 0.4851629377960979 0.47815233204957 0.4438210441125281 0.4492139611258101 0.4275298727944343 0.4347317594449135 0.43978901317115915 0.4282559061606358 0.42833397645352395 0.39974948098438373 0.38750389577508876 0.4033745667356814 0.3912406751196031 0.3659486820405537 0.3402323156854332 0.3383398823940307 0.3440412025355332 0.3395582636897383 0.3635029611815234 0.3547654572329872 0.31405792770418267 0.31013343985113756 0.3111377791947377 0.29223482160834224 0.2634699777593554 0.28665444030442105 0.27531477425672735 0.2684281804502228 0.26376894746143664 0.2506400683519281 0.2578116392438814 0.2558263352359724 0.2379846079444187 0.2281478631370174 0.24602631660049923 0.26622980101639004 0.24368320326395967 0.21989637391697642 0.21414865217482076 0.18718852034062514 0.18186425319893368 0.1957463822628449
