Raster_benchmarking/Raster/continuous/raster-132.asc
NCOLS 100
NROWS 100
XLLCORNER 1743156.747486494
YLLCORNER 5469277.988832736
CELLSIZE 10
NODATA_VALUE -9999
[rows 38 to 56 of 100, columns 43 to 85 of 100]
0.7822872809463621 0.7405922209222201 0.7484016609823947 0.7646166291969214 0.7501899240658116 0.7581449068350001 0.7609679126671327 0.7489603164265664 0.7693440242693433 0.7145138816603582 0.7178067315140909 0.7101842260618298 0.7377119034846613 0.7219839184802752 0.7484598943517393 0.7452790930437427 0.7287964328172148 0.6977500964498019 0.663391594573745 0.6377141376232957 0.5906621534104924 0.5625506580254039 0.49509948540266896 0.48181849646141983 0.4808477400085734 0.4906891292873338 0.4492260606679312 0.406309898638299 0.40752849107406 0.4110989180830602 0.4516312368328067 0.4296881464577045 0.42926874666630815 0.3958037615710467 0.41582016679061007 0.40389643834937233 0.41582381331119866 0.4363443586586159 0.40838469945201816 0.3824893897555428 0.3746182215097367 0.38824532910404314 0.3701422796959895
0.7752459359443894 0.7524714908039024 0.7734309577226818 0.7269819173350557 0.7340616322642383 0.7425969496132482 0.7498871535164149 0.7855558390345593 0.756068579137771 0.7485587082290013 0.7396357349017642 0.7047822155564374 0.7044740518203914 0.6933737405676879 0.6952303153998378 0.7556451571891403 0.7483569361147635 0.7255716902000602 0.6664978615652535 0.6728970962248876 0.5745432576432591 0.5555456079642312 0.5036603845022387 0.4567975593825669 0.45555261945661646 0.4716639445561562 0.4627833422486893 0.40648283703255506 0.41409365896224815 0.4230833281644146 0.4478011617413933 0.42447089413718425 0.4260893304024211 0.41364266492414276 0.41239650896230345 0.44516321212921595 0.4104410348065664 0.3804803965019603 0.40095934638795283 0.3443889352232879 0.337499517116756 0.3462788763456948 0.34792194759851447
0.7784614073109402 0.7788339109372656 0.7797069667118879 0.7425070529181503 0.7376241934021942 0.7093608941508682 0.7290413432461671 0.7682948790986341 0.7656423575943018 0.7788235533409249 0.7339627077430191 0.6967477137641578 0.6938003754544096 0.681238637609231 0.6842013352143275 0.7046028797777716 0.694786089527222 0.6571291813715774 0.6473296190909362 0.6151496914105079 0.5641023727450383 0.5213997320792015 0.46816778871003667 0.48156229780825444 0.4503304040937006 0.4768803776124118 0.46163166207340756 0.4486657535169616 0.39975665712119146 0.3958043374826603 0.39993840369004185 0.421052155018061 0.4371831577371136 0.43297264053735307 0.4169025114497281 0.4398578145295576 0.41956957527098443 0.42470351208049456 0.37976590395765414 0.3428373536486139 0.3401989941347814 0.3501528486465222 0.3422432759377537
0.8003190438218105 0.7982102041308948 0.7788521752067677 0.7730666127917387 0.7302555113819721 0.7297291742054638 0.7301206972540332 0.7569653352066164 0.7729469827585388 0.765086092153441 0.7649119398198144 0.7326030453363072 0.7154654115732578 0.7050372564048786 0.68365947167696 0.6472752177307222 0.6743494324108871 0.6649827324875107 0.63553271910078 0.5666037997456196 0.5578154760792545 0.5028991949961036 0.46338086174608467 0.45302607638919806 0.4747538756629197 0.46915011738651835 0.47696443927985027 0.4406267371128788 0.4162266613056672 0.3901714423338707 0.400256032483622 0.4157654185934794 0.4335300414320938 0.4045974430428103 0.45549040437277116 0.48480809186108215 0.45652605956993214 0.4457679818684421 0.400704355501536 0.33643821493036913 0.3245582189214037 0.3186500884550507 0.33357640407868777
0.7826697584411791 0.7876182974641307 0.7841336486382421 0.7763114991308305 0.7236242374456696 0.7398731189032276 0.7602332978189352 0.7473352283239127 0.7308643813327408 0.7425167378048637 0.7242234551731398 0.720219999470883 0.6908895369933256 0.7013742090514525 0.6725561549090615 0.6410063304697372 0.6599605070275942 0.6130060337699513 0.5879934109203536 0.5572802325149931 0.5644022402420539 0.5288060125015537 0.4749178603748221 0.4643762184988791 0.4828658830795008 0.49326982139327985 0.457799152437438 0.44417384687760075 0.4166483976845743 0.4052311890348068 0.38554209328823896 0.39086925416447776 0.39576551931184417 0.39386805544565073 0.4480385727076858 0.4633026246041907 0.49144898547652666 0.47354280391908155 0.41338473544469656 0.3508766479642235 0.3592451987406915 0.34676384518140013 0.3353005315990937
0.8105639385234796 0.7599118695156593 0.7375458765206219 0.7455965984811979 0.7183310868326718 0.7260010143166931 0.7479176892392654 0.7252803931976264 0.7396878875105677 0.7019314461678853 0.6769171845549666 0.6718062747693273 0.6438961900834208 0.6624673136410196 0.6570462275122503 0.5860985086442625 0.6120746937608544 0.6375242578259096 0.602889234001711 0.5700299062982261 0.5225317092966362 0.514759202857005 0.5006784539448101 0.4496475568040196 0.4455604318346631 0.4588662007763842 0.4237125534627731 0.41267362071561564 0.3876030266453242 0.3740614288203154 0.40620064316031523 0.4247896254984267 0.39951953684529856 0.4041062330052493 0.48255795487050673 0.4860828902310648 0.49928555552672554 0.4936107056782945 0.4129068058477424 0.374174823311367 0.37873397470914055 0.3939248910400005 0.3644546338085125
0.8118061874379486 0.7799952034883928 0.737680353060052 0.7321034718383083 0.6783342072474242 0.662105481167818 0.6778148958772846 0.7098540476051428 0.7121568215543458 0.6509467350015341 0.6364159031736737 0.6146944038586463 0.6173321735677524 0.6092541335070936 0.6189577035653748 0.5776393042087896 0.5894849133297413 0.5927301414557682 0.5587938681127358 0.5434963212357934 0.5245441049369372 0.5146055782199684 0.46425357402760153 0.44778799158783333 0.44328669301542145 0.4181474600364176 0.4232752225754849 0.3791263916499783 0.3971404206296067 0.3936759953547151 0.4334020488841065 0.4532416298220034 0.4617766973137202 0.48048471566325424 0.4902099943107256 0.46519250019723607 0.4750216434693156 0.506007168487217 0.45918642385082425 0.4473161248856113 0.410588045142822 0.39022454653564315 0.40364943516190904
0.7644698212898701 0.7570938674627036 0.7506550805523435 0.6831801265431577 0.6923791050563614 0.6571946624674797 0.6521902490251547 0.6853142012796652 0.6533919347564505 0.6454466073514427 0.6172070018954694 0.6165979506921511 0.5826389001846447 0.5829471528873864 0.5854853340796516 0.5955614087971087 0.5658870179759314 0.555972019171281 0.5246503995159971 0.5218564779820295 0.49163694581085493 0.4863822716925717 0.45793018088817233 0.4810027862031523 0.4334185130240399 0.44338060058537426 0.409667604759853 0.38715777236026455 0.4119600137590852 0.4186515376567045 0.445872886450378 0.4768578987448864 0.47359733684199556 0.4727282753469862 0.4877386096570901 0.504477935663718 0.49319892390393877 0.5025330080499304 0.47871474160759636 0.4778473684400004 0.4357019775998397 0.42447226903681873 0.36344739930197223
0.7757186537035863 0.7529714005867059 0.7175020021446514 0.6875342296748238 0.6680559565008409 0.6407363900985131 0.6702698338149027 0.6860906125424144 0.6636720123970684 0.659192638163016 0.624871836502108 0.5861748025960462 0.5904352004699606 0.620421305491818 0.5964660031081007 0.5961394023402845 0.5391985575324488 0.5427223816750477 0.5245227789396113 0.49827733947522607 0.49785118002470613 0.47401586147800856 0.4441107653420567 0.4703766488166305 0.44179266673858136 0.43888621885986523 0.39251081613735733 0.363995338225748 0.4144108585864315 0.43179877270280714 0.4125104511190468 0.4334914603215245 0.4808591537187955 0.47532046003602924 0.5150130721881221 0.5178350838497519 0.5038722469648882 0.4901090175547041 0.5136336405007179 0.46703060906001875 0.45735829876453293 0.4035695644713971 0.36546665719639404
0.7761781023540124 0.7062646574221746 0.6996013814810229 0.6978273643044927 0.663826837506203 0.6479944517315779 0.6306954720589192 0.6350881145110765 0.6057058105347474 0.5955560138215884 0.6325341499473363 0.6062193836037733 0.5953012800935482 0.6090939547812944 0.592162130762557 0.5618306236965801 0.5329815113224428 0.5039131770799107 0.5303129524056522 0.5228470093371003 0.4822944716931632 0.4269384550616351 0.4519602088677178 0.43050955140482394 0.43888539085445444 0.45364031403283794 0.4018967326811447 0.35456535353116386 0.4047389581089408 0.41288994470924206 0.4502665140881461 0.442755509482607 0.4580405182654631 0.4903402451991697 0.48086998202960063 0.5255540235052105 0.5131969943551128 0.49730313019937106 0.45721334789859897 0.4757887274001165 0.4151466923493114 0.4071503294327376 0.3604329477223614
0.7975701529610771 0.7425561812184812 0.7414873698170968 0.7207770195883291 0.7126293151459159 0.6932678633074322 0.6592373412151269 0.6532210412719627 0.6295334009640877 0.5914918479430503 0.6216935964402529 0.6061396513284761 0.5684121802633848 0.5711816376430191 0.5411734883026948 0.520112680412053 0.5390689448489349 0.5272864130442652 0.5182991974316238 0.4848056186110382 0.46366375105972824 0.45295505113643225 0.41713444549236556 0.4427184940915754 0.4338024279695349 0.4304507039405654 0.4068130937857165 0.4024181829648689 0.3603211200046586 0.37832632627068585 0.4428016475395247 0.4161974715924146 0.4307740911516664 0.465074245133245 0.4669304074766154 0.47919662057518664 0.486053613840142 0.4637026348773499 0.417011450081483 0.40990854065341004 0.41166876709005823 0.39274573806298296 0.3684215884306778
0.832140741644685 0.76783073238864 0.7829912220470313 0.7254696737609444 0.7261771590782619 0.7176914897853381 0.73055612163484 0.7080725672718697 0.6781412329390996 0.6028076853433538 0.5954568319110585 0.5977629624714839 0.5473384404559661 0.5409856935283793 0.5189746923714312 0.5418168642382923 0.49425967928037073 0.49432710437769667 0.5079751517659132 0.461813196956048 0.43729044808644 0.43789850021457616 0.44542206677550183 0.3965649530051846 0.4083250993343587 0.40625550971637764 0.42468862043802164 0.39374220373064506 0.3857243211462235 0.38579727075101916 0.4154510914860116 0.44277322914019485 0.41602974693706324 0.4368330628491155 0.4403583063936163 0.47980460955047743 0.42120934367175117 0.3943097659683406 0.38395664633086124 0.40761319123703266 0.3928181769055801 0.32785649203068806 0.3383722294783179
0.8484792167491519 0.8129853672062892 0.7933528585163719 0.7639882820462532 0.7740484833424577 0.7475641220567463 0.7358283189265924 0.706070399333688 0.6686446713782055 0.617188934984223 0.6018393719691821 0.6019585420127617 0.5500955983295054 0.5419530936641942 0.49755882734431783 0.4765538052242875 0.4653056782902399 0.4497515060369764 0.47508283744859964 0.4802637820472274 0.42897293875384634 0.4302132442382812 0.4331834038266261 0.41495093637183816 0.40235779814344125 0.38707424768706483 0.40599792358087194 0.41446519930003556 0.4035167852855591 0.41063293760169506 0.4408118469511101 0.4336996290002971 0.43813521552785706 0.4298068786073522 0.4158136507198166 0.4030647169301315 0.4012834720362071 0.35677479385000616 0.3907369777902397 0.357401237383961 0.3454273770125574 0.3112597710590846 0.3472680292194603
0.8806727136390711 0.8552514074536411 0.810136286459445 0.8037837928214194 0.764780195030645 0.7575335283981379 0.710521573865247 0.7162562208409516 0.6815684291836059 0.6597108184365943 0.5866792783227605 0.5833618908713248 0.5447147015693146 0.5191894955012408 0.480733773060619 0.45242334055131855 0.4825896045542417 0.4472036514882339 0.43311228320610073 0.465521289973645 0.43432984393247004 0.4464220840426921 0.42844099677465547 0.38913963974854515 0.3796352899355793 0.4315953374715879 0.39076973165052004 0.4202240047677234 0.4373876971846545 0.42723504614780505 0.40930297148827843 0.425601664461921 0.4649284771892692 0.45478623327936724 0.42505416236647 0.39683194800829025 0.3531607315616504 0.33151610325109465 0.3537276688060949 0.32485883451292247 0.3261426224801432 0.2910491967203949 0.32622533891824806
0.8794564454692296 0.8580114158912253 0.8053725234826801 0.7708506215711556 0.7552756763120677 0.7096663994373764 0.7187822744522097 0.6936023462536527 0.6999905932164967 0.6437928632486479 0.5849581878548912 0.5803916899460876 0.5331791781873508 0.5483477166107588 0.5182069355049748 0.48568809137275587 0.4666221547174207 0.4441017383180027 0.4427725343508513 0.43656741547681144 0.4199369841191734 0.4366114655969225 0.4152664274057318 0.4146897003068675 0.37345440121964685 0.3851705079528842 0.3884372300887409 0.3891807637979617 0.4195908665280062 0.4183360124939355 0.41286436505714724 0.4240696662573522 0.451376450994839 0.44288704598168516 0.420824974409026 0.3629127013402748 0.35965103061334447 0.36645576574059313 0.3454515762463102 0.3147160887449405 0.3189705008812943 0.2998180690770461 0.31038186385067257
0.8611366911659109 0.8288400090884541 0.8547833883875444 0.8251949245428343 0.7620753560452345 0.7084479945544021 0.7073543653236317 0.7128785867899051 0.6858905644382027 0.631360276798285 0.5916823911099816 0.520946206306219 0.5020013741387498 0.5255790906808856 0.5055196633649487 0.5034066920976993 0.48892731364102165 0.4654516961199116 0.4638111888911827 0.43728333707429634 0.41897850178586493 0.42341721917556135 0.3942518202358225 0.3917834667758886 0.3562937147774205 0.3403556765129243 0.3643924499071623 0.3752549157365377 0.4210960247472601 0.39531091793696554 0.4228244345686459 0.4025237426349361 0.4420295047488874 0.44474275532896523 0.39068078418249497 0.3727507848915489 0.3528213068436535 0.37317534990714085 0.33782547777731303 0.31193906479318995 0.34831510207361177 0.34276411424604186 0.30959721093114795
0.8819002653948839 0.8818664216354286 0.872235155821787 0.8223100704396318 0.7622980446811557 0.7024902017085198 0.6891722790988345 0.6456820562351469 0.6438429634490885 0.6447270511981597 0.5847050813449193 0.5108606068218078 0.47921400733459263 0.5138163059913748 0.4996663557995578 0.45969529644566415 0.47210037282909156 0.4324371154796063 0.4183680687220276 0.43211797020949333 0.42940852680739167 0.4037162040998076 0.4198847430243461 0.40886186141120595 0.39924092035459496 0.3509472198406269 0.3436980148740173 0.36613263941958274 0.38962298921539557 0.3747262953090193 0.41200154367638403 0.41188455757211234 0.41186639062297115 0.4311455290267222 0.4086297468995543 0.3816574404735972 0.38049701353131965 0.3812317069559988 0.34339381777819333 0.30856702132836156 0.34543665250472955 0.32773862242770485 0.32421483636913917
0.8778883237025207 0.8860482930797806 0.8626425902428279 0.844316855315427 0.7808376120744837 0.7002694201305467 0.6868016959812453 0.6304836942193636 0.6333154638314129 0.6324982549245646 0.5579445511809741 0.48542715339872955 0.48444632149424993 0.4468535165492342 0.43647237605742156 0.44107680394147486 0.4707827810021363 0.459810653060501 0.43873418798643465 0.3689572632389758 0.3867017310715696 0.3858358849996272 0.42451455340675853 0.38689162777474645 0.39116389466444906 0.39623997686427415 0.38558653550242233 0.3250277801341997 0.37178047844528517 0.3722708826314369 0.4169718205542154 0.4007277870803226 0.374802974845872 0.38529349167670535 0.3685083409502054 0.38161284574828774 0.3560095954616119 0.3424997619940624 0.3169928992682848 0.3058368923836869 0.36014506899579324 0.3679977312856198 0.3505844461054767
0.8723906667140138 0.8495436330982647 0.8259744535563148 0.7882637361055091 0.7629031674079858 0.740685666514624 0.666673245239983 0.6411841275959391 0.6560315585349717 0.5886352248249658 0.5464975923452686 0.5004390406548477 0.4862608091003694 0.44276927040186687 0.4279343506038717 0.43064033906731286 0.426926054989807 0.4225099288786312 0.40545436807330903 0.3968049866307891 0.4280230892734936 0.3954195366153711 0.4024354107186007 0.39225607995550277 0.36343259714970133 0.3822340439501393 0.3710006560750845 0.3284949955083135 0.3752615271161907 0.4023853707138221 0.41662299381919626 0.41830594932237974 0.3711774907030354 0.383819451625632 0.3975773057429061 0.3856688559594222 0.37135912972802537 0.3553844074717053 0.3461553903997303 0.2993002740044978 0.3400136659603963 0.343725136648822 0.32162209987074464
