Raster_benchmarking/Raster/continuous/raster-485.asc
NCOLS 100
NROWS 100
XLLCORNER 1743151.2142807865
YLLCORNER 5469282.5870732255
CELLSIZE 10
NODATA_VALUE -9999
[rows 57 to 75 of 100, columns 0 to 42 of 100]
0.7902393259349071 0.8159550820539948 0.8015756035774778 0.8068707452706542 0.7924020919456594 0.7981507331924705 0.7824418178623745 0.7875823849736842 0.807855816085843 0.8333762077306599 0.8084177642636243 0.8228543374868859 0.8174916302319437 0.8017197458781358 0.8071714481854979 0.8288024344343558 0.8142439659725116 0.8351775190258209 0.8332051902542803 0.7963426935235396 0.8034841454669641 0.7909683562338877 0.7697989821796916 0.7313695806602232 0.7116893674090112 0.6573429987123044 0.6585815388644207 0.6689041207181746 0.6578469907961857 0.6415020489337997 0.6113651158839449 0.6142812287035609 0.6327497860322897 0.6355356973546891 0.6072916348867002 0.6310141348886028 0.6351961973022838 0.6127851399757239 0.6165690718741372 0.6236445022859097 0.6442770036112014 0.6577502803225933 0.6657530232949475
0.8111242183498253 0.8278507665241555 0.8381234199087515 0.8364505153798838 0.7996180729798759 0.7795284469141268 0.8048288889604159 0.8160973194139902 0.8383890874103076 0.8488755221962898 0.8651819389058676 0.8589122963105217 0.8532107644482996 0.8243412999872887 0.8351608912933318 0.8322995317957315 0.815442861304524 0.8175029671389327 0.8311124782276372 0.8090486262429508 0.8063749855497413 0.7932952408268616 0.7451425839028478 0.7144864241504978 0.7019171534289221 0.6752055739300208 0.6985431412057388 0.6869010659136511 0.6732906384574926 0.6693309466175895 0.6770154890615687 0.6586363532930851 0.6423235118931307 0.6504081690619019 0.6341838969688257 0.6325497593181009 0.6233622854238849 0.6201065419369993 0.6540529113063595 0.641734114965821 0.6483912060287407 0.6456434059278279 0.6777528480016691
0.8155607886041645 0.8512612750737257 0.8500835617431365 0.8251865397062799 0.830192469405091 0.7956776517125378 0.8030555157281142 0.8308414238831048 0.8252523657762285 0.8691280896439152 0.8609794312865129 0.8504495714688436 0.8359301379587261 0.8298813226277664 0.8510314824687373 0.8627284560278892 0.8586200313599329 0.8366934134801366 0.8445577322649164 0.8338197319974688 0.798986239330097 0.7695118606978784 0.7633681105662077 0.7274471963575347 0.7028083202426184 0.7185106417548361 0.7084614300384202 0.6975744099723569 0.6863295098794703 0.6675285878258506 0.6833442559641029 0.6573758059516859 0.6761735942607191 0.6630710929381661 0.6585187949533202 0.6488744444676875 0.6326720109497557 0.6297913284829787 0.6633082237123125 0.6457056849598494 0.6696388698219408 0.6832307445121204 0.6583270076574643
0.8420169493453066 0.8476282085316398 0.8553619568973019 0.8187962479593047 0.8335732908256083 0.8221418784916151 0.8371106222564004 0.8357783918315085 0.8544835722632658 0.8660503432429676 0.8533907339059275 0.867005609171196 0.8687168340759669 0.8624065889251505 0.8703094675871463 0.9409651037392094 0.8952463160993955 0.8419590587199074 0.8613156594816235 0.8478664488755222 0.8194335439144144 0.7873481565294188 0.7636398840221144 0.7204978677564611 0.7341727128940436 0.74293478369425 0.7303392984330309 0.7231832744753174 0.6891395631622349 0.7034169449453044 0.6903850533170625 0.6840155521978883 0.6967287670037531 0.6944301424663953 0.6819272199748727 0.673845757498772 0.6831660764412353 0.6819391999599733 0.6759738025462975 0.6667710978090796 0.6599368488486455 0.6800167676330386 0.6548006024048576
0.8581633561737184 0.8879177563353584 0.8663685078397483 0.8618672234248025 0.8423605217697606 0.8545018913506999 0.8684958825681061 0.8565580994567206 0.8620983902065509 0.8705056842864389 0.8922262490836603 0.8962502789790949 0.8735763977122976 0.9042252552031693 0.8844933150433395 0.9015542295554929 0.8884581926298685 0.8462913058088382 0.8447405151448395 0.844831768675517 0.8346218149826056 0.7801018482187304 0.7525665361124545 0.7253960514186265 0.7536469331576356 0.7518933812607945 0.7409923841732216 0.7013351155511963 0.710828238646145 0.6966445786578631 0.7157327320136156 0.6987691106635465 0.6822260457473074 0.6677495612219699 0.6785739407600134 0.6748102906812589 0.674252071511575 0.6915236357385393 0.6748351414705767 0.6707648531622874 0.6784302759086993 0.6632611040555699 0.6783102274599018
0.8771259108299244 0.901061440631375 0.8798725942430251 0.8526704886791565 0.8469474887458983 0.8587310127865047 0.8693590151668785 0.8778216767615996 0.8541556001342117 0.8635584103529045 0.885830001955819 0.9218287632660483 0.9057994231605554 0.9119321991297524 0.8920554251927618 0.9003432681139707 0.9014738878023557 0.894040184961384 0.8952135481303563 0.8572552597569552 0.8396480974432552 0.8136257407970204 0.7814792811381488 0.7451460504701698 0.7330131942347519 0.7373901112385948 0.7376802003704087 0.7014919991756089 0.7153167607816968 0.7147780015975332 0.7264158536637375 0.6875935757920311 0.6857628567969091 0.6938505364899498 0.7059712291462545 0.7212387818962683 0.6982086135344066 0.6861351936943235 0.6823221334360006 0.7163821171825043 0.6873792366341963 0.6711835785984435 0.6838794150881056
0.8908687088028097 0.9052529911344054 0.8844726045087308 0.8691157696372049 0.8462055448690984 0.8673675682919523 0.886692814343034 0.8964229046793919 0.8626895934086357 0.8935849147787424 0.9061774384510394 0.9323537969009187 0.9321647369241784 0.9218270557973866 0.9165463726594838 0.952185184105155 0.9381027084114287 0.9205108782965634 0.9148298136883575 0.885321028634733 0.8630219830098385 0.8540995734472426 0.8014671200410917 0.7564012698148384 0.7454590123996434 0.7460311581167399 0.7368625282151096 0.7152095861270776 0.725254808706863 0.7121581394308903 0.7075190381246824 0.7209824136028727 0.7352979960782169 0.7127163469081207 0.7264133899414636 0.7554818459175179 0.7325241751411968 0.7138729142107436 0.731068328372044 0.6999282137485799 0.7157948889573775 0.7005695741439172 0.6966296384087689
0.9071911020424612 0.8749617521486528 0.8905896270460131 0.895694192844791 0.8647717128590363 0.8544191796524643 0.8768322256774054 0.8762756748482821 0.860557877027416 0.9073072159527185 0.9397365576364686 0.9568050130352881 0.9518797563150663 0.9278683578246382 0.9456726432760448 0.9723701261375145 0.9360391967872507 0.9258132775932846 0.934240298389147 0.9470969764680273 0.8903033181994296 0.8645310265363906 0.848632561907309 0.8138920949534765 0.7671204072197224 0.7361200633713062 0.7349754782064836 0.7117833961208382 0.7054923628848571 0.7163652862280139 0.7179382468035703 0.7268475341024205 0.7242490425202236 0.7497870778048694 0.7609370085652801 0.8030903826789725 0.7823227929232704 0.7574653685074232 0.733117453613465 0.7218592434675034 0.7080930687892645 0.7113645596638177 0.7196680358409333
0.8926242810140246 0.8739485891079439 0.868076545048504 0.8727504826992419 0.8845738253416513 0.8653504338837016 0.8440270885015089 0.8704064260232749 0.8618287867819401 0.9037212354387898 0.9045980967459315 0.9121144908190476 0.9248932561899911 0.9622910530160703 0.9726065348997184 0.9810254871084164 0.9468344855383651 0.9503447414353126 0.9466506826273743 0.9517116694225269 0.9002596437771557 0.8629127898866698 0.8520059806438312 0.8278903651890354 0.7763027421211458 0.7504516088737484 0.7206055230356091 0.6990742917663005 0.7202045106745433 0.7188368519924156 0.7290573729905263 0.7240735532228416 0.7344446444083986 0.7546134937597464 0.7418571470609774 0.755706981847208 0.7536903879636003 0.7325881808710496 0.7236975712023744 0.6963230172446027 0.6885231379329018 0.7028793853792165 0.7204580670220881
0.8884662174608159 0.8712632648708667 0.9028181020090484 0.9012730722135627 0.8857178169056539 0.8706744469918607 0.8742777088802068 0.8447461817072387 0.8758729188546962 0.8877647505227995 0.9168168312951375 0.9046781900720767 0.9375828461010357 0.9696186216452525 0.9717087880811917 0.974991828578358 0.9560655995363956 0.9283164547756397 0.9162302456974084 0.9445688921570313 0.9216612800908328 0.891276045424316 0.8388143557763824 0.7986291752221778 0.7761645250425107 0.7783787319811477 0.7338816696303604 0.7232463805074486 0.7184950267202901 0.7150909532851333 0.7362213793098138 0.6976333843562619 0.7125325944766375 0.7104463222320746 0.7243504287446376 0.765980960439287 0.7564346549132772 0.726580418092172 0.721903572046391 0.6811614987182777 0.6716919682361645 0.680398362154362 0.6827808958331087
0.8836523542423317 0.880264683069356 0.8918567428848044 0.8806967623771026 0.8898860467940336 0.8747570709252391 0.8755495205533328 0.8675771893762594 0.8818504843101966 0.8883174304083215 0.9264235870688537 0.9430212122448856 0.9286549767045235 0.9560240648996153 0.986049791927106 0.9521732841366565 0.9218764307437003 0.9067626125890409 0.9092716520653603 0.9208353931418962 0.9048193019266133 0.8955234283309205 0.87334098927481 0.8321653004345675 0.8001534647314443 0.7891511479647186 0.7582187821831431 0.7621347966951676 0.7373036936487398 0.7395981563290988 0.7287028095751704 0.7073509102573401 0.7223069800242029 0.7017012293839177 0.7255397828447256 0.7328014566286687 0.7415371736386112 0.71895041754579 0.7240565533029735 0.6971772819186632 0.6816064682625557 0.6481409488509615 0.6554889818087081
0.8670025311380043 0.885203385399072 0.9021838493928139 0.8772676986076595 0.8647717745424456 0.8568216423605358 0.8624075462840176 0.8734529481387052 0.8715338115166872 0.9200799377315431 0.9218680496015432 0.9296119477260594 0.9355970267255361 0.9535995216506626 0.9684185659509104 0.9646091891505391 0.9108154590275692 0.9043342046107963 0.8860741043619077 0.8905138030843545 0.9081525303733713 0.8881084653014465 0.8495560449154084 0.852482987347571 0.8226396889081531 0.7999499429195337 0.7932494037279464 0.7704714601206049 0.7326463011794906 0.7436792453735384 0.7568346440467288 0.7196979782221379 0.7080718787261283 0.6945369517272109 0.6958577213484458 0.7342173278303522 0.7282719159543118 0.739419969764306 0.7189851621078645 0.6833805698209641 0.6583312717982296 0.6537721382656217 0.6861843950198901
0.8855773337791191 0.8845758942914381 0.9107117941058142 0.8901259203158856 0.8717359051681719 0.898629862052357 0.8833471939733475 0.8881618545004113 0.8904156495639725 0.8908479712839434 0.9052450280641834 0.8999701520381544 0.9229737781066093 0.9602987055797255 0.9635578892895437 0.9544064166222751 0.9220543565685619 0.8917025478898838 0.9004054980186031 0.8935942276259993 0.9107619360673173 0.8945068656196226 0.850788012989184 0.8236900287119221 0.8257987064160941 0.8025711520128623 0.7896796181974384 0.7823856026449773 0.7645215219251242 0.7488991976655999 0.7561782148469589 0.7237480368599852 0.7089967304866467 0.7142112374361413 0.7125923691348293 0.7293380661460582 0.7196120563160109 0.7436238558373947 0.727124820457409 0.6806354279409208 0.6690213931018882 0.6536069410150154 0.6797699025552357
0.9030637745470358 0.9288105663215466 0.9270281176056153 0.9172990923446672 0.9042017023065928 0.9036519346967509 0.8782177880570537 0.8746444121848528 0.8879281589004863 0.9024285493780551 0.9261463785322105 0.9120268123016548 0.9496880005730018 0.9447563710019516 0.9608957787475932 0.9186564186944639 0.924580807779599 0.9155626218848141 0.9226442818054101 0.947969936245699 0.9446344992263205 0.9040759355674267 0.8675454893486266 0.8393565726133001 0.7996455286256623 0.8150994544414792 0.7994077680643759 0.7854091319350841 0.77632311870507 0.7548007449632035 0.7518879088342059 0.747108024272093 0.754142857652111 0.7315895625470981 0.7183297968485144 0.7307706721082086 0.7175167785726436 0.7560302048205195 0.7437407756864638 0.7200285560417655 0.6857256738694801 0.6539231954312218 0.6807022345816027
0.933219419813187 0.9217079685160547 0.943476134749799 0.9442899597757689 0.9172187526370107 0.9093507014896203 0.8738291481820206 0.8895872120209766 0.8865068081995938 0.9168192429106844 0.9023705070808543 0.9163191717907834 0.9457776055765088 0.9545887821548027 0.9361550541806404 0.9289148657597487 0.9505118646425513 0.92139184147865 0.9367286570225114 0.9627477106218754 0.933608421813352 0.9137288785669188 0.8635437940937709 0.8320691797644063 0.8037260385451165 0.8150325274061929 0.7833444037257906 0.7579381886581638 0.751115833599555 0.7345520425752685 0.7580441946578078 0.7516812594804874 0.7467706289160773 0.7498641174824755 0.7543015539868798 0.7430656055511274 0.7320627504497355 0.7244714913486906 0.7049617581503872 0.701506405394474 0.6948419576788875 0.6942491430021244 0.6787730233141456
0.9486140336539921 0.9441364084545378 0.9537292348122184 0.946242711273641 0.9076392915877953 0.9102195724566955 0.9107348450299461 0.8711921612416932 0.8884288616632906 0.9095853601861948 0.9209367363815123 0.8958802177558004 0.9269003652999975 0.9501869837928214 0.966962696644168 0.9702005097099033 0.9573887441561584 0.9388701433263529 0.9601084198698405 0.9559038207946879 0.9260766877422931 0.876119740914259 0.8602377605113409 0.8188258360668245 0.8211919722387806 0.7973955916894995 0.7659229536753187 0.7500057157737503 0.7558255462389302 0.7489656693230238 0.7792312405344912 0.7822469929776014 0.7708010537805302 0.7753881431502563 0.766413086560242 0.7850576734892354 0.7436350460431345 0.7231672565963785 0.7150169075770694 0.6844756799073712 0.6896564649699322 0.6704143040603275 0.6691795203522806
0.9174898898174669 0.9511258354693986 0.9515136602331744 0.9136603539404023 0.8947224199945227 0.9158051413920161 0.910626587964133 0.8769388783094042 0.8971702017396771 0.9015667881791525 0.9323553998285821 0.9228790511609588 0.941038473972478 0.9450383425536165 0.9582901652878278 0.9679165040605815 0.9635821846886555 0.9579293132015846 0.9530698090521111 0.978426758813526 0.9502813788397662 0.8864727857709636 0.8499651086705582 0.8281213746819029 0.8114705250137834 0.7786618314354575 0.7583202434827645 0.7755246479172158 0.7772766532171655 0.7677073515188222 0.7686789807258827 0.8065441743892326 0.8079897084633305 0.7918672093308755 0.7838129873390773 0.7549122210653679 0.7340344717237526 0.7293646579109179 0.7132587319391976 0.6771925408712716 0.6876052415437305 0.6659581245761796 0.6605609661799929
0.9023252527416603 0.9140399907174711 0.90601563958839 0.9201807274815621 0.8866267589435964 0.8817335011056264 0.9237914993718184 0.9062061092109943 0.8877947988483748 0.9059107421329192 0.9309505516884548 0.9477436952836219 0.919735476001008 0.9077214578654837 0.9377252103030568 0.95922972763769 0.9842894761621596 0.9828870549169809 0.9602568212913254 0.9938569546370793 0.9631468488056306 0.9445785503469095 0.8817480062353398 0.8383789936131324 0.8145002318119985 0.7975681091403192 0.7846986113814175 0.7546128708835725 0.770330015587817 0.804225743683745 0.7864875708018225 0.7825456689360354 0.7770450510730553 0.8091893085748781 0.7852563825942886 0.7573438454620405 0.7244567322582018 0.7174668144062017 0.7203529422751068 0.7069605173725809 0.6993300506128325 0.6951989525374497 0.6565126280417993
0.8480188009870873 0.8854374821469999 0.9035499723348024 0.9297630375535051 0.9122414911749127 0.895934497461247 0.9222422009119705 0.9373912150295473 0.923006722781915 0.9327871055657168 0.9296920936154838 0.9261438775272801 0.9446430670276236 0.9346144916094996 0.9467909387264603 0.9588081755436483 0.9655750970614576 0.9566259744130364 0.9649003945750904 0.9967032139001902 0.9874567781196804 0.9488572215030714 0.884467158243921 0.8690560302654813 0.850731845302775 0.8379990936896871 0.7914075962560587 0.7769960978942761 0.8042154583460829 0.8078346177163448 0.8154437551247832 0.8020640648636898 0.7900713846576627 0.7833708565571333 0.7898697886070611 0.7685031680165673 0.7196746612656642 0.6936649377066577 0.7080300247250445 0.6758514740117915 0.6719057150321094 0.6768322185156987 0.6762642039581538
