Raster_benchmarking/Raster/continuous/raster-230.asc
NCOLS 100
NROWS 100
XLLCORNER 1743164.2568078877
YLLCORNER 5469287.266906538
CELLSIZE 10
NODATA_VALUE -9999
[rows 0 to 18 of 100, columns 43 to 85 of 100]
0.6995582609557865 0.6495185861991669 0.6498068933985758 0.6560208646740618 0.6499857023004109 0.6478518913247974 0.6629756847272076 0.6517794233566842 0.6968579604041496 0.7061470422934264 0.6871750783602886 0.6866807851107944 0.6718565986846112 0.6858203710314466 0.7500707844422134 0.7535819792130887 0.7474831529080174 0.7793280703486246 0.7876384138986284 0.7794225283940172 0.8052076963589256 0.8050660021593442 0.796574715150544 0.8426985816957093 0.8307539098002685 0.8105890767842583 0.8069872095843327 0.7717462573925419 0.7687006744208736 0.7903141486217236 0.7722276235992852 0.8188156481628232 0.7686681176840069 0.771271982510582 0.7284944330227798 0.7139139145499115 0.699094467349497 0.6966800380695778 0.7058695896215585 0.6898432158797339 0.6968441548250233 0.7388438246716207 0.7124935410044364
0.6449672302561945 0.6257647382131952 0.6457556229268391 0.6196447972745701 0.6076028043889536 0.6198666919552418 0.6507633338092481 0.6759339477801635 0.6840577419228324 0.6879266539037469 0.7083681374855842 0.6975082069581738 0.7049041350869305 0.6989898104894041 0.7227398467880015 0.7320462814784892 0.770978878515237 0.7780195543768577 0.80317681888857 0.7921198166925169 0.8004631403878045 0.7977646341839513 0.8026068350522434 0.8361556060029603 0.8218875401519127 0.7966574076484069 0.7691798121450528 0.7915144205965119 0.794681205245539 0.7665877014027799 0.7795692021346786 0.8027897513433379 0.7637119411946778 0.7545056285983145 0.7318240972619514 0.7224230719314241 0.6981833138210246 0.7008042019831109 0.7039710694103547 0.707885237228679 0.7287223295938543 0.7364042960520627 0.7481311354066356
0.639098644948292 0.6235978190135919 0.6215674049671432 0.5950003389936888 0.5994619778738763 0.6149830388172306 0.651214384184249 0.6474773451644041 0.6490357968047302 0.6429420655691018 0.6932109592480566 0.7060612892649326 0.7095074652971133 0.6927523455226103 0.7258219469594331 0.7583355420389183 0.7442624549399937 0.7621922724836419 0.7643349248755931 0.8007345820839809 0.7817798802464646 0.7844987759629873 0.7829777885904357 0.8059456416751717 0.8241227692615427 0.7892389301190462 0.7862672235227649 0.7978429113758747 0.8064253670908579 0.7949019807947456 0.7538919215084006 0.7772863391757082 0.7679263012206317 0.7359441717937677 0.7496615263924573 0.7354838498258208 0.728385017375042 0.7019551663994149 0.702045469611686 0.7118242069643194 0.7067443804378146 0.7289288183752105 0.7394199701046725
0.6244500413804266 0.5830714954491475 0.5904515603607159 0.6076049083422405 0.6329986466363279 0.639017099446534 0.6578795045598812 0.6720193033821915 0.652427873225872 0.6495309095658411 0.6505149128667412 0.6796346384116774 0.6803703690503726 0.6733186318759133 0.7073916676307386 0.7054291175692127 0.7506404984454591 0.7601967780108374 0.7530426543268136 0.756621224623901 0.7609830338294935 0.7929951335131061 0.7960870799576706 0.7956806457824611 0.7863939600502663 0.7619637630915459 0.7917839299664066 0.7912012130407062 0.7838530813484675 0.746082492795668 0.7231815565126107 0.7298010811152255 0.7448464348137674 0.7374721373498134 0.738974161241006 0.7487530489310239 0.7236856677296971 0.7310060326848998 0.6970004899631864 0.7050087593916019 0.711668063130588 0.7546352661659046 0.7510724001023342
0.5818564424633911 0.5803372482071137 0.5814034250931073 0.6297739293571448 0.6493487281903011 0.6704085437798118 0.6645764924846606 0.6715777036081272 0.6700125201096855 0.6831493550782778 0.6744072645409743 0.662781063205321 0.6820690097130067 0.654028827821374 0.6703846651812472 0.6942811609352254 0.7082455063221533 0.728834723055529 0.7392202960777642 0.7403212919465938 0.7496211462989539 0.804411300928318 0.8054157456895277 0.8208058145491496 0.7977030061571959 0.7628134520609926 0.7528585328053466 0.7819460546901187 0.7489506952283227 0.7145391194999147 0.728001808336596 0.6944626875220938 0.7126494528030696 0.6857141794946802 0.6954043828383131 0.7362946372166045 0.7095725446404171 0.7109266909208813 0.7044476224236158 0.7186516882637841 0.7353906512434455 0.7425916979691979 0.7343524414308852
0.5829383143419661 0.5808280449390395 0.5994783353613604 0.6121599511291382 0.6241548044085706 0.6554895272587982 0.6445886672372683 0.6654227476139823 0.6966248367061414 0.6764877656051492 0.6808438301795573 0.6575872517710298 0.6642342380297115 0.6575547558721784 0.6685254401228089 0.6737483173466268 0.7164904375411987 0.7137496960032423 0.7012402178842455 0.6950455670126414 0.7354668117094747 0.764260773719495 0.7995670663567341 0.7789169504243723 0.7643875868685646 0.7783099783381856 0.7484931231780798 0.7659872950408576 0.7264149423470679 0.7281794290703851 0.7035738338024052 0.7052698389503725 0.6887692102680253 0.7081172854095537 0.7118340871382329 0.7017205440903727 0.7175744258426427 0.6958637957969448 0.726752462561693 0.7293543431129451 0.7298493768323311 0.758417477328193 0.7498963358914718
0.5903738729566442 0.577388386475432 0.5842934881116193 0.5669338147933605 0.6207905408412135 0.6527256711044739 0.63237374518441 0.6622010138946016 0.6864069600582109 0.696472154410713 0.6961043610248374 0.6807821854454444 0.6936024283640065 0.6557043065327968 0.6572934460635735 0.6714124041101052 0.7113745081877408 0.7263599863950412 0.707954593408991 0.6956926080815835 0.703772284574202 0.7437565133397761 0.75821095256162 0.7413926379526192 0.7604119709654646 0.7758472782938252 0.7328188674901599 0.7267447399312978 0.7158499851420737 0.7432151212771736 0.7151375997515786 0.7291125533646053 0.6897299684218708 0.7055369008290392 0.7145567133809743 0.7258036572938086 0.7305432348954329 0.7091319254038576 0.7331624653063785 0.7290684232754795 0.7420113236418643 0.7469830155565091 0.7419863293281261
0.576460398131675 0.5864871755854613 0.5575744144931113 0.5833618063624352 0.5939336487488317 0.6361641170809816 0.6295071915265603 0.6622808107847872 0.66141976981574 0.7012767787265529 0.6981325865998186 0.6759256031449524 0.6850092690154234 0.68914361298147 0.6684474278234634 0.6519153097545053 0.6827826080037013 0.709580228637785 0.6725645261932595 0.6855914710530472 0.6944996544504808 0.6982174412134312 0.7231605409777957 0.7158295648742916 0.735904513963475 0.724553914808793 0.7002066501900348 0.7164981284480594 0.7027236986456684 0.6979512837085917 0.6917363489458469 0.7086535948412048 0.6862098756429932 0.6676741755839379 0.6738979926726639 0.6989665409270474 0.6797504808316277 0.6734267969167071 0.7138038328460727 0.7021787878362161 0.7066756242984676 0.7577586208101763 0.7353772482894498
0.555660859030047 0.5631706964044567 0.5628128068262669 0.5303444226351788 0.5869447309541834 0.6009224583776566 0.6110640877716642 0.6698997972379226 0.6583953926945322 0.6966430216537624 0.6867958798590791 0.640889034915509 0.6509428970490384 0.6757191573149731 0.6721919516923038 0.6655258559562899 0.6748208529762267 0.6809146533728192 0.6507229575803132 0.655793431422988 0.6795407033449781 0.6984167592407658 0.660305971555397 0.6739727337451262 0.6979288377525865 0.6839501223160342 0.6954021371435017 0.6863304537367251 0.7128144087098723 0.6983644703554248 0.6965205197949911 0.6784183689738217 0.6742859808792422 0.6788708352821199 0.6817352983241188 0.6744237390839065 0.6982218569674594 0.6824331131619273 0.669226103720311 0.6426573984628775 0.7006966574044716 0.7633307278518265 0.7359104061743063
0.5389554361895346 0.537217276853099 0.5330656555577249 0.5444975410683353 0.5784337004850485 0.5861523087498157 0.6003121371318076 0.6266401871847109 0.649783391989295 0.6786520520552022 0.6638581889975067 0.6350561050733844 0.6410844920259542 0.6297699854920266 0.6407726962334234 0.6141452765717194 0.6300512224460525 0.6369490565027809 0.616468333555355 0.6351668911982764 0.6575388117250344 0.6623949478199417 0.6362278846293297 0.6356219466086991 0.635879591530013 0.640422448880862 0.6601464959209202 0.6844796318994774 0.695579045793541 0.7096784031871759 0.7147580096156695 0.7124193694037962 0.6857374226339507 0.6944529511616995 0.6708352328740059 0.6933322641349491 0.7256758982413433 0.7067334897387519 0.7009884457125863 0.6850459412274076 0.7268921457893477 0.7664062933849075 0.7688546543745864
0.5439347076314033 0.5423821311923701 0.5421494120579263 0.5190383018565247 0.5687112633860817 0.5756786405506735 0.5794692811374 0.5948825629625077 0.6388033611672865 0.6248029626643177 0.6245274477918001 0.6097374978258681 0.5946151326350577 0.6099479336341196 0.5952974025409882 0.5843450113912801 0.6180945973001141 0.6053090861228999 0.5950344885803626 0.6152716273737256 0.6051200144285352 0.5994216602930325 0.6414283970229806 0.6391413844950016 0.6065873927902793 0.5944167056029336 0.637932967526085 0.640702099819382 0.6787603870210009 0.6911071808204137 0.6768671365096383 0.7189834389721501 0.7017018580702844 0.676426232539984 0.6660522535080265 0.7282433772668329 0.7445217686051051 0.72788459861434 0.7438156525038838 0.7388735715846552 0.734903429917471 0.7554142312055809 0.7835032119824805
0.5393687553306751 0.5376711638283518 0.539710779174426 0.5598652172851564 0.5767731178898525 0.5835303815352086 0.5933752490097437 0.5926122663946263 0.6285033605794849 0.6042927159393207 0.5940716393737556 0.6048016819371903 0.5916094895333165 0.5813430680415969 0.5929528251295263 0.6048108695140895 0.5981494742835768 0.5817532197367059 0.5990905937448491 0.5886250272500225 0.5749115938697811 0.591453240032326 0.6029325399459423 0.5915840915476436 0.6057611908997094 0.5827822276097823 0.6071475574132003 0.6247753667547893 0.6573554446789179 0.6427745878857386 0.6673832398456225 0.7179242261816539 0.6993963075382246 0.6977263756883019 0.6787889000734117 0.695069477439378 0.7084256681128691 0.7517282654427759 0.7489125088285157 0.7753222018698702 0.7527594633137574 0.7790445825460754 0.8156447121068059
0.5714175430055515 0.5708608897639155 0.568051553512048 0.5532675881773289 0.5650788569361879 0.5816143070481731 0.5802486320668163 0.5882660870089922 0.599835323930874 0.6372541520916808 0.6190607385679928 0.595703037107798 0.5930377482324065 0.5674976151605818 0.592288661921194 0.5860302459482457 0.587463426059196 0.5992226619662848 0.5690177980528371 0.5603846708729577 0.5799242184774079 0.5646315169640609 0.5572482326867096 0.5798506787904582 0.5824144745664963 0.540379298304517 0.5630728217814158 0.5774010320436153 0.6035864971644254 0.643131679655944 0.6578276891300272 0.7023521874848373 0.6712652391581514 0.6771474591296676 0.6748716198889955 0.7051290395223961 0.737812509338477 0.7360224159928505 0.7220037980287658 0.776600775405865 0.7840385977953066 0.8251621225258284 0.8175475507504503
0.5735213839317352 0.5800414687395341 0.6052026861264469 0.5787916182369383 0.5882561325829134 0.6235129447024416 0.6068974745287973 0.5962657324177282 0.6208588922650101 0.5967273965586348 0.5986179062032897 0.6005644427245421 0.5873520613728715 0.567933723052673 0.57810502503692 0.5948317481645062 0.5996345177534416 0.5887654718815212 0.5805998347987736 0.5827370034009295 0.579222501751402 0.5897999233644629 0.5547599233779253 0.5419349871567224 0.5630156334593643 0.5412637994922475 0.530907356394684 0.5824038288634373 0.5818729749713453 0.5990983849755903 0.6565823048126712 0.6607239525658608 0.6918689239889403 0.6860872951056185 0.6973434070237624 0.7037623993141735 0.7099809196089487 0.733727661835579 0.7166249881916633 0.737829848506902 0.7647127291729583 0.8008126607416515 0.8184559951058419
0.5768568746662281 0.6007633926395536 0.6311394285975005 0.6342420457742166 0.6334933005367028 0.6393557048963565 0.6149685866425719 0.638198474865917 0.643033612703531 0.6058635779206336 0.6011246012470154 0.576499027936503 0.6022383088228976 0.5583085565192578 0.5489535283586974 0.5432469616012792 0.5570266482001782 0.5898939554545667 0.5667846481438604 0.583707513679098 0.5605900020065578 0.5693558861965713 0.5320251768684767 0.5208737592133565 0.5430154111319232 0.5188210375433977 0.5260154010323156 0.5642601672957573 0.583324075544389 0.5884210435091641 0.630241397736787 0.6242460905118383 0.6803137679084994 0.6708466883339347 0.7140880904127896 0.7051101245187527 0.6882976455888576 0.6844604905303682 0.7233904424306858 0.7317027307564106 0.7834506312621841 0.8160362977343206 0.8022283600745458
0.6229082044828647 0.6297669165620394 0.6436521367444842 0.6616588023700228 0.6577814383598597 0.6273834601107756 0.6185318625404645 0.6048070762204156 0.6189035349359597 0.6073243500886922 0.6219346981634275 0.5866319043318833 0.6016594378527745 0.592479730291042 0.5517396951190147 0.5669283092617673 0.5873699797908728 0.5722182887153786 0.5757158181434489 0.5543199643771831 0.5306112603372393 0.5508382344529508 0.5154687568124726 0.49191677770908215 0.5160515473985505 0.5522985608132863 0.5391679193429857 0.5659033428833002 0.5702890940093476 0.5839918195123623 0.6258952738470096 0.6409699841158739 0.6536294797899967 0.6500326121222457 0.6926744843614215 0.678735813229351 0.6817780957756558 0.6689055512329182 0.7162618246051726 0.7503370953348028 0.7437383011121621 0.7655408776924515 0.7681086700274192
0.6562705696740856 0.6603693387612297 0.6379292894605635 0.6566308959013986 0.6642799387566403 0.6420052996745267 0.6480658820779382 0.6322752590472953 0.6125630242819897 0.6124593828761902 0.608434082634735 0.6257005858315972 0.5980937834901261 0.5808003245519014 0.5982643891906948 0.5794286889945638 0.5954412679197469 0.5862781430116673 0.5642973534344331 0.503357630280431 0.5369159588747826 0.5436936363352816 0.5127973777237206 0.4914585559828093 0.5100742123073432 0.5501305887996755 0.537566373053166 0.5200751480982796 0.5671916310582887 0.599515196386945 0.6265351283519284 0.6122863721571423 0.6459352316693697 0.645593500027183 0.6473273953649844 0.666857665773757 0.6846087659694363 0.6863611728660574 0.6915350292166045 0.744257843548869 0.7298875391015591 0.7348279629727542 0.7650800557146004
0.6616903262903279 0.655626842523886 0.6576632888972719 0.6779634132051838 0.6599274201676852 0.667532715005216 0.6299062672134405 0.662021690078307 0.6597276066724715 0.6524963150654316 0.6236476285391552 0.6349543818196283 0.6363959878383694 0.6042748120409703 0.6123226224340637 0.6101948831226759 0.5826873017930663 0.5443751743261263 0.5229846286535149 0.5135835950912215 0.51188577881306 0.5063091745724879 0.5201137865613524 0.5157581175010215 0.5228092776482897 0.5353425325505943 0.5139943008608798 0.5467235922197984 0.5586840579116182 0.5544006565570379 0.5915238470903674 0.6004491813806441 0.6334623758169228 0.661429518232614 0.6416059858418741 0.6535906091171741 0.664620281858615 0.6713081614890766 0.689116573737916 0.7242491790152719 0.7162562539267284 0.7192867439565344 0.7543137964153793
0.6669953302336951 0.6552221494428546 0.6466664784415342 0.6605269361992357 0.6435422739497122 0.6731632278450814 0.6676198052078445 0.6343206492940251 0.6901214862943091 0.6814278497274432 0.6454881337954048 0.6476701573171048 0.6565678795279596 0.6228824735030611 0.6118884738692486 0.5890513908728935 0.5560424398161383 0.5496577997819893 0.5292856886328831 0.5069592602203539 0.4876841863390271 0.4935999094055881 0.5036267780855957 0.46780569259042754 0.49154230055720627 0.5150493709483832 0.5442580606495038 0.5361654031768153 0.5266308798762395 0.5532320189048959 0.5663739118423753 0.6056671571197919 0.6051827815697896 0.6495056838381619 0.6348214220539192 0.6710835754813556 0.686375991534599 0.6726324591310635 0.6689525895440166 0.6995613641603633 0.7221420717702252 0.7477321012446693 0.7523207773519552
