Raster_benchmarking/Raster/continuous/raster-355.asc
NCOLS 100
NROWS 100
XLLCORNER 1743159.4029824326
YLLCORNER 5469280.52758977
CELLSIZE 10
NODATA_VALUE -9999
[rows 19 to 37 of 100, columns 0 to 42 of 100]
0.6312923774542224 0.6752840175577668 0.6820697105378745 0.6799137060771462 0.659570209096187 0.6184003609651366 0.6001055784982394 0.5951121293402296 0.5627898118532522 0.5902872711869809 0.6080729473301676 0.614942010930337 0.6753082867761144 0.6863471696007841 0.677906540788498 0.6918261990418796 0.6759818683633464 0.685296558743492 0.6946370734787147 0.6885929122245091 0.636549945113741 0.6563008927449933 0.6571722538079539 0.6731169457355702 0.6606259496614701 0.6939588226509296 0.6858971405153439 0.737578968508588 0.7464995494712662 0.7453598853701366 0.7393504382291137 0.7592978296470356 0.7582930854218228 0.7265754531769663 0.7126027195059634 0.7021838377486466 0.663340336470645 0.6594901433813091 0.6516347952779492 0.6362426492822284 0.6047620835247163 0.5581012724255159 0.5558261299437018
0.5575669454877833 0.5722999571634588 0.6209763336397824 0.6337829145382118 0.5830629959335117 0.5580691302940993 0.5267661624172864 0.54489958108009 0.533498382758985 0.5039927988240288 0.5560692685333225 0.5561692312244689 0.642421957042155 0.6792320225074147 0.6640806122043078 0.6574085596280747 0.6893704635970863 0.7098238562078639 0.6681599335801246 0.6284817326649139 0.6052793825986494 0.6011028180439035 0.6585788534410306 0.6639881222882179 0.66444354021429 0.6549767154141812 0.6547611608766564 0.6951037722734884 0.7018735496134892 0.7152066179175576 0.7284016882459029 0.6829954594155977 0.7201993720911589 0.7269645638363349 0.7101665680834182 0.7180713153823484 0.6476617516751876 0.6474203897897122 0.6417014462665497 0.6347728355521436 0.6035235361623742 0.5178375442719771 0.5245960911740206
0.549256229937525 0.560637210076069 0.5714839289653779 0.5506556268317099 0.5587585622900222 0.5482252003584225 0.5112853450536046 0.5297320532508866 0.5018396873505494 0.4965128193822055 0.5226744425298262 0.5227937064211442 0.569371582432599 0.6432460336715936 0.6473006364601109 0.6103354644253322 0.628283889332626 0.6690691589291337 0.6453078764617103 0.6076864852219026 0.6203442347937085 0.6283377393938275 0.6330619731397007 0.6452169340682941 0.6651094612301188 0.6395007605322873 0.6242869875820325 0.6082476444360196 0.6508737866524067 0.6803263386534906 0.6916609190417659 0.6510546839499937 0.6801936903923071 0.7144476768474093 0.7064325648972477 0.6558097612621662 0.6691188096289088 0.6300900084823902 0.6265174847983606 0.5772541789395977 0.5595346137406063 0.5511934497725874 0.5069329852475828
0.5328040066269439 0.5587693329026286 0.5399348666175557 0.49572501049773104 0.5065100232017917 0.4790136543454277 0.510193630392479 0.5166697849481663 0.5133666530980471 0.4959910723704643 0.516423779292981 0.5234294182495279 0.5497591128440794 0.5954048727328455 0.6232960564269266 0.5927255933098258 0.5956877750995536 0.6181858307571843 0.577895671048173 0.610970600793868 0.614350924362313 0.5632027807778196 0.6023145828816273 0.6241866499641409 0.639403509714731 0.6052942323102934 0.6164287294079059 0.5838945733566203 0.5849778106663872 0.6348841935447589 0.6278180873599842 0.6653346893114163 0.6633954762120312 0.707267036189951 0.6955928610257253 0.6343720842387365 0.6116908167000197 0.6064725454843787 0.5659589852196377 0.5505311537339892 0.5118872251585888 0.5023085864818317 0.4908254600039147
0.4705490815183541 0.4501182331910784 0.4550926570116164 0.4646857592044138 0.4333132951940159 0.4658051313186216 0.4853346677757698 0.5139798862064952 0.5074309580787241 0.5086755453670864 0.5316950986188171 0.5019520514717215 0.5564529642167837 0.5312668915941496 0.547931007926042 0.5552194385282565 0.5314118655319294 0.5723839584823631 0.5609389008389796 0.5714499314342608 0.5484278539184938 0.5262614068574298 0.544478545246232 0.5545462263675163 0.5879013331319114 0.6149641567533222 0.5871862586416966 0.568820746135248 0.5678568940225084 0.5534240575752715 0.6019437976484888 0.6474987084484569 0.6359220167143226 0.6431065478002324 0.6736629063226657 0.6543502153768762 0.6324138500262905 0.6296792186615645 0.5661275951270845 0.5279592712059717 0.5197579522112236 0.49107275641409187 0.5031923162476382
0.4201422684303448 0.4356365538365891 0.45510668232168694 0.4064596611147948 0.4189502471799347 0.4516162473965209 0.4771228088834556 0.5390703446351255 0.48129452092562014 0.5150824694211481 0.49505729438497875 0.4910267699284421 0.48723646284044286 0.5173827816362296 0.5229220095576356 0.5242264930124035 0.4737817659096927 0.48002855401497524 0.490079749353845 0.5142850491381548 0.5188570296565238 0.49975591356177407 0.49289140446212587 0.5005418048933394 0.5312243903961595 0.567644108688797 0.5842982207472818 0.5934291351381408 0.5411600749440306 0.5239042468505736 0.5801019351413977 0.5885393304780497 0.5978777109026487 0.653907989564657 0.6417021370125907 0.6434089224386045 0.6413902483621613 0.6082210506862291 0.6063962708401343 0.5750585153193787 0.54166610218445 0.5035462124459466 0.49981310528375955
0.4033917741082836 0.3947496914744824 0.4104323199698463 0.4408227933518401 0.41641294927749073 0.46739174730809957 0.44153210906612095 0.47447171875077626 0.47538074157207527 0.43427453384302295 0.4455913671362994 0.404468439053537 0.43672748064923134 0.46961458786963745 0.44007884905738204 0.47317120134437185 0.4412267446541135 0.4838855826044593 0.48081702076174326 0.4574133977308453 0.5090690004616086 0.4757546238953662 0.4656251699185148 0.47562559733954146 0.5297664321302903 0.5595811463333338 0.5305131604097245 0.5189396974619064 0.4832027370017095 0.522841304438118 0.5217334899456187 0.5181550491086022 0.5401596853089343 0.5504056132541645 0.5862345494758963 0.5708323197435303 0.5628257124583058 0.5766052419712372 0.5550879055382433 0.507969176668159 0.5158575856279108 0.4738497142829283 0.47765662546730353
0.39890495895892286 0.4013583207019467 0.38627280670034025 0.4375985521249888 0.42640159505546527 0.44729880280075485 0.41846788736004675 0.3949861227156479 0.39925736503619047 0.3968878313476996 0.41362259758189224 0.3624988144864176 0.40092935593006485 0.4170333888107047 0.3950379083481534 0.3948476160282608 0.4148230689216133 0.44905932509275426 0.42048171867232753 0.42870464189670693 0.45383631459720064 0.4736623862447748 0.4928764650903819 0.47378314635255875 0.48675252990422335 0.4875956690206053 0.4931101277714736 0.42987231126658426 0.4342550961373637 0.45284457085534613 0.4881057856082508 0.5173060621202156 0.5259297887633058 0.4710596872460608 0.48258293617954734 0.5240118736906297 0.5057701083045054 0.5194650031293173 0.48767755373932314 0.5068667745865968 0.4484627277659654 0.43690737960152415 0.44146031259373614
0.4031747680033872 0.4017131406727875 0.4189279895368337 0.43491790691841237 0.4260489725686185 0.3821854207466052 0.3625662166857185 0.3472556606133376 0.38124255991178096 0.3809304787377422 0.3319674483777179 0.359654833899411 0.3437034583309594 0.3576069093399717 0.3605818298276717 0.3614717938173844 0.3623058462412466 0.38713859765390374 0.4336181385597181 0.450205557169997 0.4470232868546875 0.4933186782729556 0.4901217967009569 0.480282384960091 0.485151910944988 0.45616894344158376 0.4382635028476423 0.3806227914542513 0.39087848702516065 0.43992991061343034 0.44238812517614895 0.43552444617627956 0.4772193671378187 0.46709810614999725 0.4618369391956012 0.4275589591073302 0.4380250207573133 0.42866902942301266 0.4418451902873829 0.47038878189774663 0.43870108846537464 0.37832233303460105 0.36930097462363515
0.34952325078301466 0.37932683562492336 0.3899292723127453 0.36110412697514205 0.37813839296836005 0.3466069050475051 0.36743120051307715 0.36603033200091983 0.3663881659117892 0.34896009715092746 0.3022009762963872 0.3051475365976693 0.31440899102487224 0.3294610740178069 0.3728128213958954 0.3538872369633419 0.359839549910511 0.3511364359373345 0.3939705730988707 0.46031561870959803 0.44587373833930555 0.46624533185010797 0.4663798274970109 0.4448009060824112 0.4458395200626268 0.44919811422016326 0.42972817303176886 0.3518561757773422 0.3984936026376913 0.40802957150911695 0.4412453049638802 0.4251354408230086 0.42364853819344866 0.41649368472862913 0.4274078926276214 0.3905835623420056 0.43432729323369346 0.4272002249636704 0.42238823460289016 0.4317473895560538 0.3930929449073479 0.3583212018456974 0.3520503671039024
0.308453838258681 0.2846878673588763 0.3036259361761094 0.32858509106779976 0.3157221327368204 0.3325867610803617 0.3480370310940022 0.35717450562383235 0.35185176545643654 0.32036891994563127 0.31009665744602827 0.28810585620570256 0.3294426517401168 0.3108934127052345 0.36599304501055685 0.32178601817638397 0.31398473891316425 0.3217865310277754 0.3756089113783693 0.4369563292973675 0.4217311947442904 0.43793921999356783 0.41413395645639745 0.3966706346862014 0.45217948924814805 0.4428463554894442 0.37090801601408907 0.35717469342207886 0.35819200915060984 0.3555365497261828 0.39427031214092795 0.4493977392636807 0.4122787328362874 0.39620055906351903 0.428477038425888 0.43946724177680907 0.4119501805088888 0.41377337022140903 0.4216419263933863 0.37523797097308753 0.38913109513811983 0.36671731996170803 0.3443131908483529
0.30623000532993483 0.23996994980509498 0.300875260216595 0.2946036073374099 0.29253633145963465 0.31792583873719266 0.32198276270047577 0.3764204057511836 0.3177027105787343 0.34172737473822523 0.3259044932406603 0.3123519459213681 0.32514872862201194 0.32892366955739116 0.3458881421437614 0.3442316492826829 0.3258650289343541 0.31962785462664606 0.36459474014326787 0.395141632387364 0.4021771959555113 0.4390248019266153 0.43295513078435793 0.3994293628482781 0.4030954416323139 0.4014816901745831 0.3500345047407026 0.33968960329013514 0.36839059353760645 0.36597293671867576 0.3905607531207344 0.446241361553214 0.4582838251652211 0.436511221763329 0.3967472641076379 0.4245002850698893 0.3954041425171856 0.3818595724661665 0.3521528908163575 0.3369658422097631 0.37137078171225874 0.3928033502972038 0.34047159460575105
0.26449576275310976 0.2875066908397087 0.25897599161225854 0.26311370954164226 0.2925716048656357 0.27035774330041534 0.27170112875966695 0.28530748187093724 0.3131582211423741 0.33646403939183345 0.27214797293285553 0.2946221504712745 0.27568118570336464 0.33826495943950124 0.30505998978444543 0.3124124446557889 0.33270850690457787 0.3087029918370016 0.34272344849063374 0.3643773199848767 0.3746696227722119 0.4171999755289505 0.38971818068264125 0.3650278769662726 0.40635835629619843 0.3723340512335979 0.3654083268701131 0.3292869201774132 0.3296523510157889 0.39770571025536117 0.4208652478974738 0.4408252412221196 0.4436970978344624 0.3922900229015868 0.3845119565550086 0.4124890441586389 0.38812916617134596 0.3908152594052892 0.3457891138458903 0.3615811829123493 0.3803358141808259 0.37150398925085815 0.3608901977554234
0.2526413621677604 0.28453221127659123 0.2394003871361866 0.23769299019239506 0.2627686360286013 0.22033538674096997 0.23998092967608942 0.2723328582077161 0.28641291928192236 0.30109706336132624 0.2647477120790965 0.2249229295865002 0.2539269920218507 0.32538052630025965 0.30097550776147325 0.2875460789218091 0.27938612176780814 0.3197492992907114 0.2966614838292057 0.2919464272412999 0.33910666244462434 0.3678923749049282 0.3527568255988064 0.3583309030062324 0.36591520903739594 0.37110240755666746 0.3398993884636648 0.2915568032056908 0.31510417663474477 0.36350595937864333 0.35846719048255216 0.3839951690625154 0.4260590080650696 0.40753997041881457 0.40271879785301096 0.3791598259221029 0.39098752768203654 0.3721542471826984 0.329688048732578 0.3134670669575468 0.34510775598099974 0.3832788112347837 0.38347484145062233
0.26746867642166045 0.22752069672214562 0.21514800127291203 0.2346905391109413 0.2101022574787517 0.2186730454553116 0.20585297903696684 0.2030025369071051 0.20369172501791155 0.2024441006482983 0.22167590135176768 0.18573442915170435 0.22673737867072238 0.27329196524200455 0.3132406193684257 0.2854762002378156 0.29490657454252633 0.30947608610093463 0.2997337069527414 0.2553423019715566 0.29727308532791347 0.3270826168552175 0.3489238085519147 0.3146930256792993 0.31148031978056767 0.29097247743276516 0.3174186921679274 0.30620435679477226 0.2944388919572709 0.3373228714957245 0.33105059063981784 0.37140105513271804 0.36332624273178504 0.39379771777924705 0.36502129426756424 0.37718788628979094 0.35820236647887854 0.37137480495046865 0.33240484521823427 0.34613219265921874 0.32090290300353036 0.3081601954066285 0.3135218306557653
0.2647192524062129 0.24315211446951465 0.2493621135385333 0.21097742431395988 0.21792312141106684 0.2195413225248969 0.2040817811401886 0.1769611653471452 0.20734017182161696 0.1834111491047533 0.2139877997555376 0.18062651167285923 0.20207818661727395 0.26221956034215005 0.27106567175421037 0.2804243223825554 0.29510707780098666 0.28464941227570556 0.27180018622647495 0.22892387768068917 0.2452510147160622 0.27762300420481234 0.30984191567579106 0.2881966171826488 0.25293886955675726 0.27111000707106675 0.28522287231911453 0.26358335027431473 0.28810012108251115 0.2952757639629939 0.3080660993699688 0.28712633007250016 0.301553842584729 0.33913407216539615 0.35153768273147107 0.3437481509229355 0.31473608803373 0.35203702640493423 0.32326943529451235 0.3110057676617447 0.324464949747724 0.31559142672030555 0.3191557927209731
0.25680237682327983 0.23488537619805555 0.23879706647530713 0.22842420979754444 0.21242764353074844 0.17412379390440877 0.14817162893967742 0.16453207497425207 0.18222769656662885 0.19717813659585787 0.15734315625438558 0.2187879339450291 0.23618450550081083 0.21267676391802215 0.2565542244771423 0.26135785171727527 0.2379826742134727 0.25899323114517714 0.2301597894527764 0.2581778585131724 0.24232520530245175 0.22846122478644812 0.2702815445102628 0.2556472720393594 0.2628642773798138 0.24853862403015675 0.28546198622229757 0.24934073233960183 0.30293966062750566 0.29036056885170136 0.31126192679138776 0.3115448587360334 0.28160346875675 0.30999150078002524 0.3200130428790821 0.3106461761252377 0.3225236983981475 0.31621986660853657 0.30923177267903046 0.32893748115543286 0.2874780940030157 0.280029551136741 0.27863727003462646
0.25124919269021245 0.24423754100969217 0.24878716093003242 0.23551574852592902 0.22876164416030215 0.1663236017335805 0.15518253065927526 0.15083800551313148 0.1616992966594538 0.14765309745715194 0.1650716099706086 0.1958289175252534 0.1766312610511629 0.18459442216908895 0.23892570731219545 0.21250461905910986 0.2644983769640288 0.25483733486304677 0.25456328827692903 0.25529976047372843 0.2612769545727957 0.21880616171377987 0.24458980195889302 0.1855161776890734 0.24851812635162657 0.269832009582756 0.26078229651339474 0.2652966197970118 0.26045482584493185 0.2787649891027164 0.2623024470222919 0.28237357165097515 0.2927046020544234 0.27222608983879276 0.2679530097980053 0.2801955382015324 0.3170463048700284 0.29890032480433865 0.31367314763534254 0.29589150309205003 0.25367362219132183 0.28128196517956344 0.23768041636259377
0.23440617673822028 0.23366892501827935 0.22477585035079573 0.22752036162385114 0.18967055771468536 0.16902240979818198 0.14421508497366942 0.15511408458554207 0.14652772955060778 0.14669446438340925 0.17296228600723365 0.18708494257249705 0.17466907322226455 0.189461067446072 0.23579239368515265 0.24856673731127513 0.2584175240696671 0.2791427987616073 0.2561413095030415 0.21395299495592235 0.2205622033557362 0.21322075451059758 0.19170359891808353 0.18036004739672898 0.2251539638542 0.2178818666331491 0.2625527489459941 0.2611229585321264 0.2857755291802368 0.2720135992737266 0.27161341251809834 0.27871104741708846 0.30377810445368186 0.30465256870939766 0.3172319360557795 0.3191196150253711 0.2971558660148595 0.27640967615453604 0.2721418399865509 0.301789396113637 0.27142716839392333 0.27207916895826745 0.2365627757806644
