Raster_benchmarking/Raster/continuous/raster-413.asc
NCOLS 100
NROWS 100
XLLCORNER 1743151.9503682582
YLLCORNER 5469289.40299207
CELLSIZE 10
NODATA_VALUE -9999
[rows 0 to 18 of 100, columns 43 to 85 of 100]
0.48913490501740403 0.4499062327738689 0.49579894964531085 0.46957159911708324 0.5225832404776951 0.5231772366886783 0.6175117971137092 0.6207357625252978 0.6536974166494571 0.6273564282445476 0.6441571133108277 0.5983552199729539 0.583663911288662 0.5507114029040561 0.5700512980717395 0.5505977344715136 0.549618451466063 0.5200243405671825 0.5161192786408442 0.43957087862806205 0.3512720607985261 0.3543879079971345 0.24500198513325105 0.21529421712979518 0.25478707025017766 0.22691426122183314 0.19626045071692194 0.17539236392572327 0.1886919506253355 0.2002711338038525 0.20115166197853449 0.18907705728034652 0.12193294627392705 0.11785097665981381 0.1340368297053785 0.12885961866092266 0.16277025640537948 0.176984729874286 0.18870878895725762 0.1702276546345855 0.16817119812651835 0.1822188452312715 0.2006326768169963
0.4396577874513477 0.449556761970792 0.41371946080453803 0.4353024737618787 0.4876179131634977 0.5393772097237346 0.5991387931780633 0.5857157950605679 0.6377246801033777 0.6477613026395743 0.6928042841516383 0.6560153410633258 0.6141103459114339 0.5789636041042966 0.5851183954935227 0.550219531191698 0.5312012091513526 0.5550401704093864 0.5356599134669081 0.41105514840020596 0.35604614380127364 0.3203436983528147 0.243642356980674 0.22100977514511055 0.2032226968320209 0.2339140619085002 0.18965296935966572 0.1428786593462538 0.14148924603090005 0.16756932589222842 0.12991746246204158 0.12490833010888103 0.12762617929246306 0.13278102632728256 0.09320463792509953 0.14003154198760323 0.11781344868629043 0.1740871483248638 0.2620954062005604 0.16385248867561522 0.1515252752734022 0.18070610247917307 0.17278323646372304
0.47148986995875386 0.4370045473458206 0.46675050815871244 0.5079369686545385 0.47986945825531185 0.5318234684921763 0.5816724335177706 0.6289728750268258 0.6779442909370247 0.668792032169764 0.6437644758943813 0.6505810096833943 0.6498611246121333 0.6237030011339602 0.5492178931615033 0.5074374258657555 0.525629914311865 0.5384174888325531 0.537281818082106 0.44569220613192384 0.41263271500536103 0.30845839532589076 0.2962924997143323 0.25868780147873305 0.28422345863051013 0.26398739125124604 0.2402167408505085 0.15676270469705786 0.14322312109622176 0.10310383359435231 0.10198245381336854 0.11416361585058035 0.1278573869934943 0.13828312495828204 0.1169063907327397 0.1362120429756765 0.19298964015756642 0.2193072550625094 0.25270071564601015 0.21804413596829259 0.21484806276308205 0.16243646073808377 0.24537148589529664
0.4801067136418709 0.4684951508442909 0.543664719343968 0.524670193363124 0.5056826170102797 0.5817953490730446 0.6412271457817668 0.6367841552701824 0.6907058432969195 0.6888468761994694 0.651321658520838 0.6263676328974669 0.5965822901183591 0.5734048848982426 0.5582649404513679 0.5667441299323897 0.49522142434924155 0.5274881966279353 0.5095690067614616 0.4683036598648786 0.43893360018055655 0.33056963675099155 0.28384292619595264 0.32116083220316005 0.3257738750113785 0.2891489643111855 0.2720187765609122 0.19756179932389872 0.16345404166175034 0.15562735338865047 0.10330006585468836 0.08422764826669966 0.11010697640815591 0.11684675231818857 0.1950160378814615 0.16988777318071965 0.16925245752866505 0.24339862123113823 0.25555695190965744 0.23341544232019482 0.18093119116802323 0.20889623890262216 0.2669768231058133
0.5320942796268504 0.5322068404258415 0.51797364146644 0.5054462301073095 0.5280032812131424 0.574569722958083 0.6448741986662834 0.6402410227048538 0.6225626371936342 0.6223111126027344 0.6307922140019983 0.6452310485929504 0.6160391785555983 0.5744240247788608 0.5559164261400217 0.5770956183425471 0.5625647046471722 0.5324253286008052 0.5025043788457281 0.513810335893724 0.44351199389725 0.33618114080201156 0.2885137110373169 0.2741490134266616 0.3064522879300972 0.3330283186915928 0.3247308699027998 0.23765695912177393 0.2190731293114432 0.1648482389714603 0.11784705474859498 0.11403539573920829 0.13390761591864636 0.1635936105521833 0.18467720377916244 0.16393801174829062 0.1552957618809447 0.18417727661644928 0.1789535068427263 0.18950537071064422 0.21733771348841172 0.26482712594665364 0.2827976388095135
0.5978023278051078 0.5907366390523192 0.5359408045348617 0.5561622917226607 0.5777459002576113 0.6227565595767535 0.6175460826206564 0.6159063115273898 0.6598802575775148 0.6305335268454347 0.6245268360605787 0.5870743892740091 0.5881034856414838 0.6200530312255433 0.5878895474445367 0.5506345236656468 0.5323623731401266 0.4933871292194004 0.5111575832496473 0.45798220871644935 0.45214157932633814 0.3582737698623786 0.3055631628440109 0.31507309067509626 0.3169238199486981 0.3149185490061018 0.32536830041100234 0.26120023081642374 0.21274035134534164 0.1910978809779104 0.1553437187801501 0.16865175866710375 0.16242571329427058 0.1436171927530598 0.21487687309151146 0.21926632289458195 0.16710413377665634 0.14915455247467205 0.17837017737486738 0.1469174644117858 0.15958565432836122 0.23141452810316324 0.3065479976973068
0.6170220955925192 0.5792856704118444 0.5760455235565877 0.5490183363968274 0.5872762127360821 0.6205304870836811 0.6201971220035045 0.6388930885017197 0.633338036637403 0.6149728485650654 0.5769314163358187 0.5673112294738079 0.5956717850227047 0.586840839707237 0.5344928654547767 0.5105622473052944 0.5208086203005319 0.4676468850656845 0.4095542768408314 0.4131313430066833 0.35897857124334664 0.3889861222201356 0.39031770734031856 0.36733174623126713 0.3627706296832985 0.3558256914660594 0.2810741357724319 0.24884879578468164 0.22700075390625238 0.17624883874441802 0.16104446849321982 0.1524698360577887 0.17828379880454823 0.14884225860917522 0.20934420527300696 0.1949104327548889 0.20849734889460883 0.20092229118183225 0.19881800033935296 0.20850136374789743 0.18925745510098355 0.2207962399226444 0.2158838731828277
0.6120977577152663 0.5831676201336292 0.5446134542449089 0.530660556413436 0.5645892915268187 0.638776580775241 0.6206766338328172 0.6398909697184174 0.5824284506523479 0.5870989698634647 0.6023747387297977 0.5587110643075653 0.5554788418437503 0.5779247138193989 0.5572304630609715 0.49905650744890656 0.430465355182744 0.3834244904636638 0.3706655319887555 0.36815974062201173 0.3225118702246573 0.34658363227052796 0.3978567094508692 0.40542201001139916 0.37032199191025367 0.32207260528099474 0.26744994188676746 0.27415346598491774 0.22643184453201692 0.16375432813471152 0.12141795020720328 0.11139341879675033 0.10016765175096917 0.1729130281143455 0.19146155647734536 0.17488547174683075 0.13400533486263128 0.20590874339672707 0.17939058403475164 0.19767468452919565 0.21663079462413418 0.21970022108224418 0.20427392446019715
0.6064879221032075 0.5861743082645822 0.5571044581182049 0.541946332241444 0.5941027084834203 0.6117825095056616 0.6349194001064934 0.5878934164451386 0.5891336596493169 0.5742618942579178 0.5271929182664916 0.575833678791646 0.5441204115340356 0.532546656619775 0.5512890205756755 0.46705942897225927 0.4016393087825477 0.3831665711020555 0.3289940728384135 0.3738208749093552 0.40464887505311986 0.38390694304924916 0.4026307655354163 0.3819870895310752 0.34489656476755814 0.30760279515640826 0.2679928685909791 0.2676466018006085 0.24152970011063496 0.17879866371783723 0.1564000016303669 0.13600911356471282 0.09849667392294945 0.12614117796045413 0.13391237669004988 0.13400226363748854 0.1715989222475487 0.20110815063917623 0.19845246154203014 0.20214107116148505 0.19000209929646236 0.18174668976961103 0.18425146038800178
0.6208443449739148 0.5984290007909542 0.6166294038471964 0.5838209369077993 0.5801987329918318 0.6263503173497251 0.6316803690939499 0.5842628029483925 0.5451908316832483 0.5568994861233798 0.489402890578961 0.5300508582321137 0.5562760383676488 0.525611191431165 0.5136336865530229 0.45655014395103216 0.43400663805291617 0.4215005209118028 0.307109381281201 0.3492312423293713 0.3894442707228864 0.4214952458082761 0.4056166033231162 0.3718348919654426 0.3172006838917519 0.32029228498667817 0.27860827699482127 0.26791981121295433 0.2068315654745632 0.21458965859163365 0.1766509550946442 0.17136204420382167 0.13283011876965928 0.08765457800096457 0.09300464843324749 0.15380765199601532 0.20654726421001554 0.22052059083164843 0.24992987803220593 0.17685581694678434 0.16097846914508718 0.19580273727573874 0.21158595690033954
0.5604167019234875 0.5525665061383501 0.5309717692637314 0.5319684536234763 0.5276955659924344 0.6004207765218725 0.5708524588383874 0.5543222725951547 0.552236945339178 0.5590309066845236 0.49042097613339625 0.49215994102436533 0.5076919075307533 0.5019472760668825 0.5239949646908894 0.4822142609381693 0.45554808683751813 0.4376337241895231 0.39054250767948023 0.3945727448406917 0.4248398451308502 0.40108711455839174 0.35897173259774756 0.3466240185160533 0.37518113824604077 0.32919279003345253 0.29551949343945927 0.24236402188648368 0.18069784100634265 0.17985619651315976 0.17697533725842704 0.1608082457281397 0.11888875212633218 0.14167107134903092 0.11179674523589864 0.12521849740835905 0.1644783790572794 0.2452803133199459 0.19383313009509132 0.22383749871109684 0.2214172437620836 0.19595850707555335 0.20905306308948424
0.5821448919606099 0.5487607089101688 0.5178145636331957 0.5474954317484261 0.5449853094531248 0.5413159031249557 0.5502685149855906 0.5330742303305144 0.5795752689234964 0.5823194075021297 0.5462494045810603 0.533932935854603 0.5130395715320998 0.5132930431346044 0.49914294818903804 0.46019968688826546 0.5198056827448189 0.4601745140921774 0.4218307097008907 0.4314829789323943 0.38662101810944605 0.4297384772912802 0.3971291031320095 0.41000922974050696 0.38590248803254207 0.38364611007981675 0.3669822189023996 0.2776535703827068 0.22791057737045944 0.19098174034678594 0.22032503854719535 0.16092908712038442 0.16793383514119253 0.12992751058403995 0.10375050292984281 0.17279016216399407 0.20072732524847325 0.17533360396803846 0.19083016815985693 0.1670715557286288 0.17688602870778652 0.18020245005469396 0.1810299121701423
0.5768998772405994 0.5089192399553791 0.4915462040506932 0.5504196374397382 0.5409661878062237 0.5209157788196768 0.5103255261839253 0.5445328631265526 0.5342944697025417 0.5423319272080106 0.5428658278074199 0.5624048342142389 0.5713008987463748 0.5501988099373514 0.5212230450243154 0.48827246470849694 0.478753220213069 0.46032241779825855 0.4279360400894706 0.39655553932577203 0.3909258748577126 0.3910088109785177 0.36862981599250233 0.38562869547834216 0.4089523569778631 0.33212842331657716 0.3479742259093042 0.29784869034606626 0.2786531377387345 0.23443219495346743 0.24738704835977257 0.2113419563620915 0.18334293412193153 0.14098039426759176 0.14432624669130126 0.19771754579299014 0.2245312127448812 0.170054873546441 0.16106391600332412 0.1650001649420129 0.1918008255111816 0.18381054563728602 0.2357543161956728
0.5417148138064478 0.5204229311221064 0.5200298098249319 0.5637641005875214 0.5834321627220104 0.5911628042989386 0.5378341928040018 0.5614778438744703 0.5767944904752074 0.5021955661140428 0.4890163098754814 0.5440698326089417 0.6140228953859237 0.5480381284805442 0.5526647525217115 0.5161244808992883 0.4637490781110237 0.44181263373749985 0.45941052069144617 0.3990205761434893 0.39218146230384376 0.36555405276992026 0.4108121265970247 0.38363945703891467 0.3873222949823936 0.36392587557525324 0.3268994142348288 0.33721758859776546 0.311345917888055 0.24408213810700902 0.289150627890658 0.19970729743450558 0.15579675903577328 0.16308698299639066 0.16735129938346582 0.2281180822609 0.21657698920978272 0.1527492304483555 0.1460526512409211 0.16670179836590324 0.16238668554032318 0.1932532792739862 0.28100071058926657
0.5126909365144043 0.5228461122045446 0.5001010584693195 0.5340470007169098 0.600351667399325 0.6159948797444985 0.5620878633513968 0.5381923720586879 0.5232439171061092 0.5450450202895869 0.5868797738941549 0.599655158927227 0.6343581854154346 0.6018910455158681 0.5619131581081552 0.5036558019947522 0.4831152103903678 0.46870249774841233 0.44436919289826976 0.4448477676251762 0.40939470602390515 0.40493593203873907 0.4013558724777966 0.3782981378388916 0.3497242918648437 0.377720057067332 0.3355586693024631 0.31629553557359447 0.2731422948272111 0.28793636503174286 0.24491323286231687 0.21423846563078025 0.17897711355716578 0.18883693881154157 0.18957893034872803 0.19657110257842428 0.19777382385365663 0.2067030594079529 0.16185555225721412 0.13880176198082833 0.23018592668755866 0.2448669257826923 0.24743943913333763
0.5204096934205542 0.5024708121129274 0.5318261104225938 0.5549435290731631 0.6446789974634249 0.5844696076396203 0.5663345466558145 0.5809788320609899 0.5494975643998362 0.6112033811720311 0.625373672713061 0.6407017675942476 0.6497407634068524 0.5815305753711323 0.5372489872665559 0.527729094815429 0.49960147191067644 0.5171500925746331 0.5075863508873479 0.4512474390441484 0.39941704860993377 0.39391665014956495 0.43346840243223755 0.34785893846590055 0.3636398204990228 0.37267812706539166 0.3141409365722844 0.31334373424052886 0.31551931446876924 0.29058672899864296 0.20389177163831945 0.220686311789367 0.2177050439802842 0.1995808600303721 0.19074449018603035 0.18841371404954244 0.21220072977704427 0.1829911408786776 0.15124369737670518 0.1544744485263651 0.23229346514728397 0.2730249641365942 0.23049051038704083
0.5693929499493285 0.5672588198644196 0.610881605516275 0.6430279496684695 0.6652544213080482 0.5943450576554226 0.5971650976191786 0.6184627239520224 0.5811114153244158 0.6151059692567482 0.6596823404067966 0.6737627724931082 0.6406076721216236 0.5989107619094292 0.5860727493202846 0.5526132158651059 0.561421824784953 0.5415996435818453 0.49161365435105747 0.46189020430532285 0.4491703811192276 0.41285448895953136 0.4069536429526778 0.3416056197808437 0.3000594121281042 0.3467940506283263 0.2929844881434763 0.27686988068366397 0.2626537106533724 0.24004853083634023 0.1847025956765517 0.210005659330078 0.19722727342807916 0.1977549145362371 0.20080091239210504 0.21358429311846688 0.217969858345967 0.18098826147690922 0.17673604540829668 0.236753442772627 0.24593776416464366 0.23434315928270885 0.23830580151619266
0.6194907446833116 0.5953566476921163 0.6343713768705871 0.672430456507235 0.6468139919789831 0.6632640112932989 0.6436010655842243 0.6404834694267357 0.6113705103261364 0.6650735467425939 0.7424038795327131 0.7335260390944719 0.6975091952491963 0.6190000929489661 0.6369009904066995 0.545277569511926 0.5107112961417776 0.5310723102893373 0.5063478724359176 0.4395775663174537 0.4196901536662568 0.40617047553790236 0.3542895592050027 0.30863989233252337 0.2700219407141657 0.3337910518693016 0.29255062191197145 0.27333772657579875 0.2567021929566877 0.1867717072764226 0.16172579853730967 0.21273975570181028 0.1911042031577948 0.13308110432600312 0.11006357409599746 0.1648281946446817 0.24427709211209955 0.25860670550622705 0.2592557535576688 0.2094805564183491 0.23014211035603083 0.2929274761208941 0.29734308694524064
0.5789021077347548 0.6172262796876662 0.6698676406262722 0.6654825663786278 0.6714617008431012 0.6729912193289062 0.6872112199723898 0.691858384573059 0.6322891067588924 0.6637017150880983 0.6748420118425833 0.7150662891476328 0.6644269984373368 0.6641313027900718 0.6278466473786783 0.5480715872350521 0.526608344782405 0.48308588933014857 0.4805865408800535 0.4340425777026431 0.3715394454823175 0.34927386603111554 0.32839640266828624 0.2662194830802671 0.3011900462641321 0.30898153156595715 0.2975862640154274 0.2956355691267189 0.22553603496170885 0.22833926309871994 0.1705981690964806 0.17254421866505604 0.14918695287340808 0.13775345623659233 0.15305996704165542 0.1827545280855329 0.19736825610720493 0.2740096832484471 0.2782729005598428 0.23884228672510743 0.2768473020842712 0.2625230720188856 0.275280771305302
