Raster_benchmarking/Raster/continuous/raster-77.asc
NCOLS 100
NROWS 100
XLLCORNER 1743160.2684018936
YLLCORNER 5469288.328855876
CELLSIZE 10
NODATA_VALUE -9999
[rows 0 to 18 of 100, columns 43 to 85 of 100]
0.14346659429294667 0.0956417711019224 0.13459291127674422 0.1584928725673505 0.17369085387699731 0.23437498189676031 0.2715410819567478 0.309349813085367 0.34345225203910607 0.3360927975133204 0.3796555157904275 0.32948949022060725 0.35198884112532997 0.28631044632827846 0.2545049586912967 0.24317538863272245 0.27606435871738616 0.2706584204467122 0.27426747759922293 0.28317621245078667 0.28681100049077773 0.25952478382018435 0.22008525472919782 0.22564069745327914 0.1928451805930479 0.1731263989128024 0.16160107747826635 0.19275696213649354 0.15861520750674993 0.1843976311789976 0.1632859788331733 0.12213548683894052 0.10978005780878863 0.10978936867634805 0.12870399054440654 0.1124851738675915 0.12631223358118782 0.0793308875532291 0.1249921325265724 0.11752165108689903 0.18789483268147697 0.2008146410649149 0.1174630857860035
0.1785296722667808 0.10551632955560841 0.12084978362196018 0.11366672568802146 0.1819642197322508 0.1958201405677196 0.2527670098667623 0.25794003057507575 0.32930403988775075 0.36646177861644263 0.344898239974328 0.3805859647260446 0.3909980072889072 0.34592529871473515 0.3355588634146761 0.2801351379629758 0.3426322245739107 0.3709275574194156 0.3472714152154779 0.2964387186658714 0.3055331453644064 0.33034264982529876 0.31207993459008654 0.2604734583310453 0.24942147602108597 0.19787624351572686 0.2133836143903196 0.19951537776113965 0.168211746787777 0.1593578800638507 0.13730025240186453 0.16086631825309713 0.17634954259300906 0.13786065182854573 0.14326662679733043 0.16158339608469738 0.11461747360557205 0.1217767547537961 0.1444991039883362 0.1712849348262375 0.20666725142552797 0.2470800696711408 0.1855087565795219
0.1819506301183156 0.17495127160010382 0.1654484032029671 0.1579719531675577 0.17137622636941602 0.20566437490087033 0.2715966666504941 0.30488998450596194 0.3662529891246088 0.38543233814221894 0.37483859187793733 0.3469126091966137 0.3780210667440786 0.33046598795143506 0.33979471165812103 0.31207472113557294 0.32958719095800443 0.3332024595592806 0.3526358117795559 0.3546386220746295 0.344112107413348 0.33546510683915964 0.3394112232692762 0.2843184697977581 0.24142046403560402 0.23449687157403226 0.26929302842183067 0.2054819810462201 0.22897250877276334 0.20169623535272793 0.18702979039258882 0.18858781969568078 0.21926853602196456 0.18231688371852628 0.18275066018781394 0.18335289503246435 0.1861980926827922 0.18993776269854415 0.15955408562950374 0.1862684934782116 0.20249419031975469 0.23553209855826626 0.20788421930482773
0.1669318229768319 0.17508687762062772 0.16408205879628673 0.2217765542700254 0.2693322182847526 0.2684160764555509 0.3196448606997841 0.374975618865315 0.3425503842576404 0.35660096759195514 0.39776804582452546 0.3582775159138576 0.3762562941753999 0.3662032082851626 0.36203071011038546 0.3335912409484855 0.3540862581460856 0.36445795912843826 0.38698212341824806 0.3738518848893034 0.3951378198063827 0.36125898184346344 0.3044448771605604 0.28300981936693126 0.2874495514931507 0.2948984331120021 0.25380237901067276 0.25277545192544243 0.2241062927020666 0.16919432959316488 0.17201869641331988 0.19733369495250852 0.23843108404520832 0.26638263839405796 0.22714496272124976 0.20990330161182882 0.18954289564519455 0.19144708549218425 0.2165200062065282 0.23480987408460535 0.2487846830929694 0.2571710488301181 0.23042952380535925
0.15807948652848758 0.1669978180444011 0.17254866525702736 0.21142283295209682 0.30692560182665635 0.35736707984824645 0.3611611150378289 0.3876315336440945 0.3473427786264503 0.3545787750903986 0.3731617176463604 0.367794679499881 0.34104556353759136 0.3411744438468129 0.3392431376523712 0.3793852512679018 0.3880161508051041 0.3436391360267903 0.38537200128677424 0.40890335881575113 0.3942923093232848 0.3562535283107454 0.29360859646488635 0.2637681249545502 0.297225734234503 0.28980056559129386 0.2801608397382949 0.2753849375462333 0.2669373282142805 0.2637901005055271 0.20331327852372513 0.21892664478135906 0.24119518170550716 0.28236897205851064 0.22833428957510993 0.26094220481216873 0.23264788249507554 0.2523856290804326 0.20993060366397118 0.22785671298854598 0.275203324287313 0.28821426769192937 0.24262131300524295
0.19730593340332658 0.14752225884184283 0.16977368401150114 0.2601627197776583 0.3066351634482136 0.36100738308823266 0.40440216317769445 0.41654449630694446 0.3896912623218388 0.3547513707496171 0.3814773184577192 0.35331296088381486 0.3823371287026908 0.36914359137830094 0.40802172792273866 0.3932376555102946 0.3934669296785688 0.35188184563968056 0.3829957501783093 0.3747892576957498 0.378072301674241 0.34581473168446736 0.3388726650694389 0.3191298953033571 0.3063781981160821 0.30620386195603055 0.31460240099246817 0.30585195094032824 0.27441052717339937 0.2872956694856844 0.27397307150497263 0.2234943199416511 0.23406188238679185 0.30798420594065784 0.2575550061286772 0.24303347930911984 0.28673219029665475 0.28425774306061136 0.26327210792038735 0.20840598095942514 0.21493849759118883 0.2647219804956693 0.25201207984941143
0.1993245694628651 0.21662625485428086 0.22480476635292473 0.24140910414088732 0.2943411925598249 0.32293357407493845 0.3667242112831681 0.41925759539709895 0.4056389046890184 0.3655955195353909 0.36187359651482026 0.39189017172409124 0.3897183710238448 0.3824564840265004 0.40009116642930415 0.4327208198153681 0.4236327054735674 0.3735564072121509 0.40761550181422923 0.39668972527789703 0.3714058892785995 0.35681869580304965 0.3355199214067438 0.36825731310576304 0.35501672793838396 0.30759530998816537 0.30528532520661855 0.2855971355839396 0.3248701563033678 0.30613718359578557 0.2638554506681941 0.3074338132996195 0.29418168208029843 0.3156951241435308 0.28417152044844124 0.2788343754700583 0.2986682209290074 0.2828151453512656 0.2623765021433633 0.22040791068580506 0.23155393893484788 0.23846731512893063 0.2816320692079762
0.18839969884376387 0.21686522011836457 0.2599145741948153 0.252527676204 0.2868432052856306 0.33245016285093454 0.3736124823501482 0.3839457495535165 0.40635344791880784 0.39863983993265883 0.366931724071494 0.35932760224866456 0.37184685616535196 0.39447412161335 0.39306254636809396 0.4143489574732074 0.39154230955089026 0.4319281067503502 0.3898405623655129 0.38810535748728453 0.34176638932732684 0.3194857985206646 0.35793930461371454 0.3663629837870702 0.3556877757359482 0.29664343954852745 0.30828122279114945 0.28028251803925236 0.28298239436318423 0.3403516503964235 0.33356806372990905 0.3150924740853564 0.3215189713453321 0.2753578689023555 0.28727476128070967 0.2787989290290913 0.29617541670413716 0.27226051828736814 0.2601058069581236 0.2669865335805637 0.23327699503063162 0.23533721964973725 0.2632148334229401
0.24219931053768695 0.2310406642689689 0.25241896698397537 0.25399061501643855 0.32119549024788924 0.3444139577654044 0.38984978863705444 0.3729079170914156 0.41193653464494534 0.39602251530040294 0.43356688652909336 0.404029508175443 0.35267539293551026 0.4144662196624257 0.4126487050824446 0.397702303568539 0.39257042308717904 0.38938925444533906 0.38677333343882947 0.3717848480033208 0.3037311006303357 0.28409112435641654 0.31553106878278336 0.3339749305814746 0.3350253437753592 0.34433246769246495 0.3145847687408487 0.33811778822993394 0.31335659125017057 0.3134224875598544 0.35893587243620134 0.36938492479657653 0.34846629191506573 0.28189102320442844 0.28154300142025657 0.3511922828625997 0.33903362348302957 0.33095531385102267 0.28290983784118046 0.2556110945031685 0.2928891654676041 0.2762313565609218 0.28995322065069223
0.22473853335715185 0.1852520046936317 0.23507001366079253 0.27701387408662725 0.31251206411963456 0.3561641566411766 0.425184091925643 0.4224359209700452 0.4460431877658732 0.477195906448322 0.4025767051850153 0.3891662468043531 0.37417855658934446 0.3964710906770175 0.3598263042536657 0.36365970444030976 0.3665702914998562 0.3848693583934359 0.3858799006012276 0.33430237937210927 0.3368644664035954 0.3080306367793498 0.3392386957824135 0.38334378720001866 0.3785836353141997 0.39409638502351635 0.35479188094773867 0.3502958187491035 0.35743486514809336 0.35978846429176015 0.3919139911248978 0.37621517460339987 0.34052317464682386 0.29493605243783905 0.31520849139479473 0.3719850120951935 0.35280383769259055 0.38568156809932436 0.3695610811424891 0.31614378358360895 0.2650192810200736 0.2534130067581178 0.3105300110265514
0.2312913209910594 0.2582477791986038 0.29622197348161283 0.3482555898460776 0.3570953259911603 0.36038827456776645 0.4284409942529679 0.4215754541186452 0.4347308044031728 0.46961953329077843 0.4181838223103142 0.4014110470902589 0.4039407047823724 0.37997286596397495 0.37146209611871206 0.3821562867203495 0.36469502761736444 0.3666192508337496 0.3488916717923667 0.35282176890500083 0.3826655584542004 0.33741149398791714 0.3581478493047604 0.3949985161363718 0.39899237870655735 0.37094818047687345 0.39661463908860384 0.35951296715952974 0.3938075015445113 0.4164617662327521 0.3724011260414616 0.364712921770316 0.3453602582784272 0.3159355417166246 0.3235161360667385 0.36911054991108555 0.352206258852895 0.3727544718882599 0.36092240384600793 0.3374544295978389 0.28373928520869707 0.2791868217811677 0.29473279837939764
0.2998113978415146 0.309086080457113 0.3220704903167504 0.35704416738245276 0.3993061708799539 0.4164201483934687 0.40471417785442465 0.3960812571481513 0.4612256456811068 0.48860826110509953 0.4345483283579098 0.44527683690494196 0.4016618540899326 0.38482829033926985 0.37364644242126327 0.4089116798851199 0.3792750331645178 0.34433868435243403 0.3982137681326879 0.38514873841127795 0.37561925884422825 0.37521161289100025 0.38743241914128373 0.3842580234467465 0.3848983529080998 0.4114677123057228 0.39029998036653163 0.42238548986520985 0.4233626750484709 0.4573986393485095 0.43540287609405454 0.37002129884210744 0.3996503073282317 0.4058848978693908 0.39622231731003066 0.345104471397061 0.34126547422684533 0.33845231545784354 0.3175537886716625 0.33966877115723904 0.3316275150149758 0.2901972119598297 0.2765495015946907
0.30439638919987627 0.27839642181104823 0.29232377122373865 0.33094353859379094 0.39926561776004066 0.37430234115330546 0.3949786727504538 0.4160642436722218 0.4657087325097902 0.49517776097369465 0.4990592648034523 0.49409408064483834 0.42557617154343574 0.41474520770732326 0.44998834159675505 0.4740980387958985 0.43431818087650415 0.3637522964155081 0.41852964883280225 0.38850264751968877 0.40336825715651853 0.405587503483113 0.41362814779119744 0.38707936085761585 0.3991846620134331 0.44436243347403576 0.422467619110204 0.4382768448754386 0.48374105864191147 0.4802010460912245 0.4279110581021855 0.4305060913589835 0.4778994455754096 0.4334284631596025 0.42405014750132153 0.44018353708782415 0.3880330184201738 0.3425701046495228 0.3284695911405952 0.297432380924454 0.3132120744645919 0.31213503318852737 0.2713427649336346
0.3406121903916541 0.2939558093436238 0.3191599665831125 0.3229299800066115 0.3864977860525373 0.3879704012059837 0.4264595648204049 0.4379174412076954 0.4534187511413175 0.46362232750157384 0.46392624752442607 0.5051876695008058 0.48909541232077963 0.4957439144634862 0.4527970787329301 0.4915603120599254 0.4561438957707594 0.3827115029944813 0.40328641914766816 0.4241483339103217 0.41660594659764705 0.4206039105543257 0.4393456745288838 0.42517161279090093 0.4453645719654238 0.48098435074023704 0.50290365011213 0.5119314443440763 0.5041341915782043 0.488404735707308 0.4651557006088189 0.5040825582615069 0.4981917048271943 0.49450798387504424 0.46498570338108375 0.4674182305152908 0.3864127288312945 0.3381106795074153 0.3555155692353919 0.3136915148140505 0.26706064497797866 0.296782270743373 0.3015355788419164
0.36665870273153484 0.35932193664900164 0.3526839061779129 0.38656226701941904 0.3572670954670139 0.3955256346079543 0.4226408239258875 0.3968365613938665 0.4204845208807358 0.4060242277118445 0.47371896378221484 0.442370731056402 0.4834752802038053 0.5000004601605096 0.49213978824274374 0.4560246088743209 0.4409102763125497 0.45771932110356595 0.45639515291564975 0.4292635121779732 0.4429918684786897 0.4482255737238555 0.46249489985942854 0.4765293852204352 0.4753762737903107 0.48491407928435154 0.5273692899813802 0.531864131049088 0.5077968186712939 0.5104903381069877 0.5180409964808058 0.5217136449637785 0.49076986732969113 0.49623998257629126 0.5018352240543336 0.504343589510749 0.4420276384055462 0.41453457013016143 0.3317336124482961 0.2935215193333877 0.2632840733530496 0.25909186592207684 0.29042559246783345
0.40410551961627333 0.34232752791367776 0.34523369746909627 0.41165092971318223 0.38783111317812063 0.4042421621064267 0.4248157351767834 0.40336308260545567 0.43814308376954975 0.3834341017746659 0.4253158768587305 0.40539898379671657 0.4713432158616203 0.4606336016618075 0.4713813038212324 0.46752122501821963 0.4323139941369502 0.4631823864687017 0.49321358509237617 0.522207361410628 0.5254810654172104 0.48648467345488383 0.4761437206743168 0.4244421284034321 0.5010438087877251 0.5636912827683793 0.5764009043959065 0.5684937527036662 0.5545822954775282 0.5337923130276255 0.5471161673395158 0.5184688384128532 0.4946171530959464 0.5161944954019043 0.5200601470161255 0.4904840615626291 0.42749375998744704 0.4292350838515084 0.3625634741879947 0.29871730140575603 0.24254051313575298 0.2464757132785846 0.23926465062572666
0.36351724691188847 0.33411209162884886 0.36532428099555286 0.3971158371951679 0.3778373884270076 0.3969566980841609 0.41879049004336655 0.4356417196974665 0.44781716012591355 0.3999846784543354 0.43487421866929027 0.4137652866212632 0.4188951473818117 0.47256138468351533 0.503435988916537 0.5205143702904179 0.49187406337771467 0.5379651311714525 0.5241543445799098 0.5568024115836545 0.5287576629225258 0.4894390401217417 0.4859598558152283 0.5016576135116103 0.48896432902860326 0.5110447597926924 0.5501520979881438 0.5102061563118248 0.5160791910612192 0.5278353399604773 0.5519317951824952 0.5300412644875522 0.5034213299620476 0.5158144643917758 0.5023202492475976 0.4781769820873015 0.4272039483431526 0.37413118699609954 0.35075539773158276 0.29860523487673896 0.29016494128864706 0.20812123776023017 0.23961710914592316
0.35740854705701103 0.341691977913298 0.4041024856219316 0.3836184592844959 0.40114017507845445 0.4354742506483588 0.4508072645014869 0.4610668572929586 0.443298465003465 0.4202702907924023 0.451136077454062 0.4307282019622104 0.47836211215450236 0.44654590090530694 0.5332513365633454 0.5317569290497326 0.5450641786072172 0.5959852770829457 0.5655212272385708 0.5567840539315669 0.4772363169998675 0.45830731258319973 0.5196067407357134 0.5097824855849458 0.47265353379275793 0.551694005135252 0.5189081508562517 0.5162867430782232 0.503154557813839 0.5508490815030577 0.5404000705272164 0.4975487279809266 0.5087175264379108 0.4958228789213227 0.47362222166020457 0.4236175135271005 0.4017624969869263 0.42408589946581815 0.37479717509029525 0.31665633865299486 0.23351347030540848 0.1747479909482687 0.18345015057182165
0.40350864822162175 0.3815630129092964 0.3895760260438048 0.4004075155165661 0.459505675313491 0.4501400424199225 0.5015501110324992 0.4690830008784211 0.46014253714490844 0.4431369850211579 0.5002998159592228 0.5229967681938762 0.4939966552846246 0.5173351939052951 0.5363282136371661 0.563182020318794 0.5595408922538487 0.558779439455123 0.5600263191361825 0.5024949419404703 0.5008626498736383 0.49675204418507407 0.4868313735117988 0.45407446241872024 0.47150599954477623 0.49906393159025264 0.504630487255546 0.505502292627185 0.5274992957942629 0.49912773547802564 0.47010369999391943 0.44896046881854135 0.43813570146211805 0.44915574129636765 0.42648017977559016 0.4001957198154293 0.4039000258986434 0.374226838238387 0.35138657971289405 0.3251367440735141 0.2546572562392015 0.2288241242072595 0.21452298396489686
