Raster_benchmarking/Raster/continuous/raster-310.asc
NCOLS 100
NROWS 100
XLLCORNER 1743149.8836940369
YLLCORNER 5469294.860713655
CELLSIZE 10
NODATA_VALUE -9999
[rows 76 to 94 of 100, columns 43 to 85 of 100]
0.7880433877146231 0.821847034682275 0.7853902244791965 0.8117856980655118 0.7983965701488421 0.826895608624028 0.8165503289940994 0.8448562902794536 0.8113189295116602 0.8219116733967697 0.764974564895125 0.7632276407598214 0.7599079460237133 0.7713010954296033 0.7694827330414424 0.7339402662929493 0.7028312992402 0.6679022684135372 0.6462701911931102 0.5925100181048374 0.6127532059822137 0.538862931839135 0.5545643943351827 0.5456766523608355 0.4992313175662393 0.46963307450432473 0.4460454392762177 0.46582445794003446 0.3868300596300609 0.43115422749628035 0.3791103940493351 0.39056222024691406 0.40350749116289636 0.4022005519532465 0.4010050477774339 0.35787009871598424 0.3720360398921949 0.3815148752445547 0.3397219702962057 0.3622566474497459 0.34255190890692216 0.39985931109986367 0.4302638440099189
0.8006059075571821 0.8101575329689964 0.7958628146840094 0.8357268783344945 0.8068029115466134 0.8270732857221413 0.8332478024033202 0.816092919918209 0.822018074207417 0.7708107260304263 0.7562726246774997 0.7727603871753853 0.7116187219692163 0.7031996743337046 0.7227435493178287 0.6801523217955887 0.7121389637561544 0.6731038653483914 0.6286533201656936 0.5983064209359038 0.5590819477452877 0.5377464577450215 0.5278145883573864 0.4940061984016648 0.4828657815485928 0.43888197004272 0.4638540200415279 0.46725184297131855 0.41701291741865776 0.42782068768350845 0.4215917066605529 0.3866915883889248 0.39375018071492535 0.3908523791273348 0.4053328560600681 0.38170678546675735 0.3622129746593595 0.367510937187888 0.3649785973883245 0.38243995633065164 0.4009312841779249 0.40354539799505634 0.4127110391122711
0.7782392554503809 0.7767713055991451 0.8178093648983378 0.8228997343201154 0.8672528919970817 0.8258274030879742 0.7988429260897023 0.7999106437373383 0.7931374402107902 0.7851168995974708 0.7612116683816661 0.7232203008920676 0.7102911913431464 0.6863177155706671 0.6599910328075451 0.6630822603580536 0.6748147393539953 0.659987517640383 0.5948638585605139 0.5752617898701314 0.5177168062159928 0.5103130900762651 0.4421498776341424 0.43760400366139185 0.4296310381994368 0.4679423040155239 0.4712388330407314 0.44537305184616666 0.460152585458164 0.45850385821884476 0.4218135732272217 0.42152636442601316 0.35949147678916243 0.36925685694724597 0.34810965195175914 0.3494176315830326 0.3671014873702155 0.33776084400802747 0.3515155057023707 0.3455092414626934 0.38785527055540725 0.3859125128021344 0.341930362685276
0.796262213218737 0.7964586125033073 0.8339573198605253 0.8735456552628005 0.8391544615354647 0.8342487621882073 0.7767745482352613 0.7623451084237493 0.7471092576680773 0.7331716541373046 0.7250894769388839 0.7389888956970304 0.6978181280784777 0.6917405847772189 0.6511319140405164 0.6728079776418948 0.6369927410831516 0.6299517971575389 0.5809317383164294 0.5686485388681243 0.5145247278330901 0.4894046942470564 0.41633874324985193 0.41032433604693225 0.41924024061344917 0.4505809610842892 0.43436743891727153 0.44465268716632034 0.41912942567702594 0.4422701729348582 0.4153562585278905 0.4124514369394468 0.39370366155188136 0.33240564906075715 0.3222083306280853 0.3386707295326628 0.33892159207204303 0.3290517347485856 0.34745227136770346 0.33113677978940825 0.35190246257716545 0.3202641320446204 0.36621939648062196
0.7889714611018349 0.8323924681063284 0.8770170205373446 0.8585543477585449 0.8570666952141066 0.8453456706756867 0.8127202798207509 0.7842806192219022 0.7481769758334426 0.7147712040686872 0.7066412975050517 0.7324767295767531 0.6867164730060689 0.6857692822501621 0.6208567708173275 0.6558410734580636 0.6537310578614807 0.6393277190867251 0.6002353034696477 0.5377389156697564 0.48710760937886094 0.48489361528708813 0.4403116562789 0.40773089985641575 0.40009669109600793 0.3871424415318984 0.4088683170905551 0.39591151465713287 0.4079954590700272 0.40568794539351033 0.4560109157298906 0.4167500853489429 0.3723223823675747 0.34535768638569647 0.360738672798935 0.35556506021803597 0.3417713923415018 0.3511653253231726 0.3016229750344131 0.3151097497802531 0.3346315665557666 0.3395633658928334 0.32490687796172946
0.7982229573476696 0.8036407877365731 0.8448599099274614 0.8360204986079417 0.8363680959394204 0.836955485330484 0.8323722361495524 0.7803920198433056 0.7780004784404176 0.7457147424252853 0.708487866510275 0.7130643632573214 0.6832184145015057 0.6336394685552036 0.6108359715882865 0.6324002395179233 0.6256136132595985 0.6162730737536379 0.5690306019376572 0.5222115537729831 0.501604479380982 0.44318582870434875 0.4430066128942775 0.42269022901575354 0.3875236033328286 0.37989018170318467 0.3824744160323562 0.39150953932281396 0.4241772145962112 0.3897502854179374 0.3955555006185503 0.39207204639762766 0.38011044433725116 0.35875709872638756 0.369434501381977 0.37427997094782445 0.37241101158228757 0.3501313998349012 0.344583110396689 0.3274621228146011 0.3280803871812076 0.3197212936380457 0.32443112927366163
0.8024745850989086 0.7986311010148353 0.7647660569252489 0.7714108546724343 0.7738906084262274 0.7843284065509024 0.8065290547520045 0.7893686476647708 0.7703102596011125 0.7357112254528859 0.7132912957365329 0.7101127355762487 0.6941748099236081 0.6064325581284438 0.5822774248142497 0.580313030093777 0.5649108530278085 0.544769722182062 0.5380051453492483 0.5416216121783796 0.5053446294594599 0.4653359469426455 0.42004531932264577 0.391825952000557 0.3741487628286686 0.38129919772886645 0.4066999872798262 0.40557636121493396 0.3995292808451835 0.4179548596449645 0.40718878811222026 0.40185485586198716 0.4130596244617337 0.4037091004646864 0.39649337157373316 0.39092780596283805 0.3466460692435032 0.3590514841076871 0.30645060116672906 0.33937756574216676 0.3385506642786452 0.34131086188847715 0.3565960134208595
0.779990047161526 0.8030380483117804 0.799708029969668 0.7526530612368388 0.7691991654599459 0.7588537224037748 0.7641006033501478 0.7544058208903502 0.7482005495302374 0.7291395520498244 0.727884428326552 0.6960283713705755 0.6514752264156966 0.5962492772577234 0.5916641161505334 0.5328254665772459 0.5236450697263203 0.5017961340617297 0.5165812455387131 0.4871465157168561 0.5064753136091671 0.45731066264595205 0.4044691317000478 0.3951054655500861 0.40550523566907676 0.37207129747575635 0.4216597116821686 0.43853642955956207 0.40372170944219893 0.4263497739068154 0.4106108943561683 0.42431248862463083 0.4420583957083399 0.3979362853015754 0.4293226738553174 0.41870810714776974 0.39008021555086886 0.3842487882060757 0.3526987270882507 0.401366442173714 0.41946048668857483 0.39321330600034693 0.35042831987244727
0.7793977180336251 0.765587644507266 0.7787888849522061 0.7859061200173295 0.743131076185492 0.7549881569314867 0.7059206556568685 0.7221946907123428 0.6681117047788574 0.6695911982728591 0.6853304211995488 0.6662387115508205 0.6164284872152713 0.5800495666054641 0.5747962590224733 0.5449743775877679 0.5212097596366823 0.49359934139814216 0.5006547180443239 0.49320416977896564 0.4822192859905456 0.42226987923699955 0.3553503738961771 0.3517392896221028 0.37943213725130587 0.397293052421029 0.40210912183981606 0.4433903653097169 0.45621906826322284 0.43839316419415236 0.4326968953827321 0.42647814727311373 0.4719726600225987 0.4439848583505663 0.4192837124541964 0.45745481030661833 0.472915651626189 0.4187080260118093 0.4300363314742687 0.39695707763523363 0.42714653123323687 0.4059178833951403 0.35754524987843467
0.7464385207288039 0.7627934549615991 0.7919904504658566 0.7763296780180039 0.7604316687420962 0.7619259312205526 0.7284151427609407 0.7099281469192822 0.6778829036217437 0.6536505533817315 0.670132154198873 0.6605836825286557 0.6223837958491678 0.5877928063087462 0.5396693653050451 0.523814204328596 0.4950516044433086 0.49875824486434306 0.497427662912912 0.487130403245459 0.461524135871057 0.4252267602139122 0.35668160334073273 0.3415744545008462 0.3418653249143943 0.3793971470866722 0.363289325672611 0.40051714224725626 0.42954680046031274 0.4332764432416479 0.468535399269809 0.4531214812483666 0.47466821934953496 0.4411936057777164 0.47870448703574486 0.4918593992419932 0.46620568362760484 0.49413272881875997 0.4518427069081781 0.43563027938571486 0.45477093511310507 0.40799931041825577 0.3853002453835956
0.7608346837820923 0.7911768905143346 0.8019894692012337 0.8324993838323153 0.8469880333970755 0.8121968785360602 0.7458076374155346 0.7583706834399991 0.7017510609405703 0.6920896375257479 0.6559835890723438 0.6203208314199058 0.6158777499130841 0.5616724471634618 0.5371701453685894 0.5103070274275318 0.504176066479336 0.506475306628231 0.4606418656393442 0.4446714471166452 0.4220474314463664 0.41985455361979246 0.38145947768414956 0.35053028168415507 0.36688127108544555 0.38621605063275155 0.34609133385537916 0.37545772095739954 0.3993602418157444 0.42243901305977716 0.4435026998187554 0.4662209632301981 0.4497545587001642 0.43631968155416784 0.4928663177633417 0.527203779567561 0.4972946423976525 0.5074087309764055 0.49668436985694875 0.4499213466927383 0.44968451725410513 0.4240495247949603 0.393045242520779
0.7902597009046014 0.8116546927364415 0.8521652331314954 0.8549746849378334 0.8637702028375599 0.8536561787122215 0.7944843565585116 0.7825894139037992 0.7297326134988735 0.6934595482822686 0.6357623682565124 0.6225622553798064 0.6243793290716063 0.5803710868966769 0.5758547463457417 0.5240832974220101 0.5545804605287796 0.5161398795638286 0.48346561672247634 0.47954865699074817 0.44655624954226864 0.4161523831438841 0.3782978880097646 0.3891356560982051 0.35734880238680744 0.3431916165975641 0.3468523850933697 0.3980756221688039 0.45290886441554107 0.4841513160054785 0.5013552165742448 0.4523821634401376 0.4923395275948125 0.4681232064949349 0.5130025072402788 0.5218617346848641 0.5273687250643452 0.49531911911599436 0.4817703713371792 0.5177670531442635 0.45854492865581886 0.4624510969817971 0.42239668511363554
0.7840687869155714 0.8092683620077877 0.8585034677721011 0.8436031597212535 0.8737997439868855 0.869801460881273 0.8800298351659874 0.8177297787713618 0.750851105925456 0.7091730898709953 0.6594307225392902 0.6569023982450876 0.6548267721158989 0.5857039660401332 0.5697044505670039 0.5619202592550865 0.5722033310854723 0.5394295952276036 0.5579140360543502 0.4910537411608159 0.4287369390617389 0.4110795737690345 0.3601464639375901 0.3512840194302254 0.35697868966861934 0.3448690342227101 0.36398564678549 0.4204629901065408 0.457095881162559 0.4673062574993398 0.5260703103780915 0.503825621867531 0.4997796424864763 0.5006726585522339 0.5040844496923975 0.5253062413549519 0.5202282708829563 0.5354404264148056 0.5324468550244332 0.5403975316634284 0.4947883847078622 0.4575020715055884 0.4984180976248774
0.766502434436311 0.7755750097977822 0.8021807534857058 0.8515753800931917 0.8762309512317449 0.8634197497347037 0.8580837612221304 0.8148606597520645 0.7561093701740466 0.7199141771538542 0.6688707268644525 0.6247709589264302 0.6139032167085305 0.6117514856211642 0.5760204742219043 0.5542893918062488 0.5359696053481987 0.5556675149168218 0.5515043216971565 0.5124820137540822 0.43887364548536323 0.45163182867300067 0.38711689771075264 0.36419482059768604 0.38702268050702526 0.3731383199789688 0.41350313169248004 0.41410167349988203 0.4613061191658595 0.5026651146285858 0.5000171415589224 0.5143637789211719 0.473003804415874 0.4873988108870308 0.48167285699771867 0.4807038109044627 0.5062045449396889 0.5229211285842079 0.5713999517088645 0.5344839465828782 0.5409433132416279 0.49307573108222136 0.49539744230103866
0.7794332097648737 0.7494647528059731 0.7748049441773881 0.8344042313441554 0.8493593026441959 0.8303541431442519 0.820406075773182 0.77890636932905 0.7284401925938538 0.7060976570085558 0.6350848811540698 0.6304845672768234 0.5906359274036471 0.5820415269546109 0.5830846969416202 0.5741384085580188 0.5379899067408518 0.5182515855252654 0.5165462084336011 0.5215570235795329 0.4592116973257474 0.4277122763332703 0.44596910308612037 0.404422872832704 0.3943773071295017 0.3854491235832659 0.4582114896276595 0.45164557625481844 0.43111286870617205 0.47675611073734225 0.5274089090207462 0.4710708538590719 0.4708839364146981 0.4645546683089462 0.4788598638935163 0.5134219023149413 0.5042259625860102 0.5447161288359704 0.5797231893305064 0.56950611818686 0.5278220408565474 0.5109914569260029 0.45365431446482235
0.772896000022324 0.7717715109264714 0.7715639019982988 0.823772360275703 0.8600521804598439 0.8536990329153534 0.7992255406945068 0.7634525884153451 0.7079255108968125 0.672793920511396 0.626068610773817 0.6421403383059653 0.6515779209742059 0.6380942014091413 0.598557813985616 0.5792920716480265 0.5584516718580113 0.5320305177538004 0.5247062488257302 0.4920772156939542 0.47573851708168147 0.42149475632335726 0.4486100467447557 0.45029491500464175 0.43162473105033006 0.4144525516204707 0.4385694657261845 0.43254168442973456 0.44322564246136953 0.5085895426266452 0.4883311301893127 0.47766735292926993 0.45463295982152585 0.4745912868749981 0.5140909711471393 0.49693731536844193 0.5391025961545935 0.5471822499363121 0.5481727868831269 0.5683322222467714 0.5610487557062989 0.5033822606783616 0.503182826456276
0.8242329503329674 0.7960139566581445 0.8045593583997901 0.8129553056283801 0.8625375452150216 0.8482938775882904 0.8716992195921341 0.8120087186705919 0.7045196694429802 0.6635498051400894 0.6599718745977574 0.6370706118268756 0.6236859141578902 0.654164821575242 0.6549226526257278 0.5727794720481464 0.5536560214895054 0.5572798767444858 0.5162867760157469 0.5186577754067861 0.47882587975755636 0.47472802979130097 0.4209110991027029 0.4273374953666324 0.44970111149492925 0.4173587085824033 0.45276443781387493 0.44663217614955775 0.4310174350127648 0.48795666800957255 0.5402344697207463 0.48567066287595934 0.463790713553114 0.4736701373832335 0.5044181929158987 0.5036075770771985 0.5721761840328518 0.5678291924299835 0.5699078900126512 0.5666643349460986 0.5462544689424499 0.48531160325926354 0.4949930050361454
0.8293244232698992 0.8330971382281538 0.8549360307447176 0.868616569276967 0.8552660199244408 0.8884089192628052 0.8322418542162716 0.8103487112449531 0.7179142917037851 0.6625468744952528 0.6811803467441686 0.6509291973402254 0.6578449265415737 0.6290478176505727 0.6367848405052295 0.5981853412326671 0.5778624350993982 0.5236973337790581 0.48087605338820405 0.47388919693027626 0.49255576169054055 0.48000507718563507 0.43212489344585553 0.4384863403333789 0.4115954434180682 0.42099100095083203 0.4731436904050336 0.45508494945758926 0.4196875249218063 0.453503079250357 0.4676366307753237 0.49925868266065443 0.4924689373365762 0.47427291693352946 0.48096627581085194 0.5267571111059703 0.5743712304489418 0.5788911271756015 0.5498053003021897 0.5499572562654174 0.5461605530035167 0.5127525685077767 0.47266339940690016
0.8217490427098233 0.8393121830814796 0.8712307493157345 0.8515053843840579 0.8912831532467407 0.8660692205951135 0.8258213805801354 0.8077110976635932 0.7274463995525714 0.6636276814346252 0.6759544463457307 0.6383809920800525 0.6695046878287718 0.6287145221016175 0.592554465209096 0.6042550181511067 0.5678454675071185 0.5108998880813787 0.48021527485326637 0.47979053020987417 0.5065109284110918 0.46893216083644806 0.4241582829273278 0.41396116569468144 0.4211072611796734 0.45170025691661675 0.4627288482377839 0.44841198897302625 0.41534180399538057 0.4253665816066333 0.42512046411255255 0.44431113013829365 0.5000653260703672 0.5086930175533696 0.4826982960970956 0.49844315439245523 0.560280495494824 0.5583973554412918 0.5621924567988849 0.5733075119742799 0.5375190023553381 0.4912550170141146 0.5038392765282503
