Raster_benchmarking/Raster/continuous/raster-451.asc
NCOLS 100
NROWS 100
XLLCORNER 1743157.3990484376
YLLCORNER 5469284.365865321
CELLSIZE 10
NODATA_VALUE -9999
[rows 0 to 18 of 100, columns 43 to 85 of 100]
0.6178578919746129 0.5912538209932867 0.5643910898603045 0.5885669489899572 0.5837168573582815 0.5559474471952108 0.552624655946292 0.5798655944652489 0.6102802092418909 0.6414682928794726 0.63945307118172 0.6573351528848652 0.6884900106439376 0.6826557477166271 0.6640068233161539 0.685022132862386 0.6786826802749047 0.7168035263352927 0.7141940292374056 0.7234964141036047 0.7332113946897658 0.7702558423025043 0.7869722112931226 0.7719859632585723 0.7724385857736322 0.7315930249738346 0.6881767079849257 0.7052318712633535 0.6766876178576213 0.7017757880240083 0.7594518312891869 0.7817759369238637 0.7899690175458696 0.7836275293531264 0.8180444281156795 0.8391594737947824 0.8219255035144757 0.8936576036280887 0.8840047675367311 0.9367507133280587 0.9481812589109213 0.8888177102136635 0.9086280998561072
0.6187083264249078 0.573522578565113 0.5651795289451325 0.5724116361120576 0.5832101755324514 0.582257783994306 0.5428117365237111 0.5732246013093044 0.5917819465997305 0.6440662189289484 0.6723543174497381 0.6726657592324613 0.6892912564810194 0.6976897881819563 0.7140751187247624 0.688749747560468 0.6976593698201228 0.7303231834640332 0.7128445516937666 0.7413840140329164 0.7583633754010711 0.7811344128594742 0.75563891768904 0.7353508115092096 0.7269758716456093 0.7474152709363511 0.7163188550244721 0.7251669992819035 0.6756773531651034 0.7052951238796555 0.7612665883226885 0.7799251075008601 0.8002775736889106 0.8093133989463449 0.8402403886415073 0.8646825428374397 0.8778954070184662 0.8895858282850795 0.9035370864786022 0.9374496347722429 0.9384457455184455 0.913929871930799 0.9140440347161786
0.5872284599018796 0.6219300289080903 0.6301019936984943 0.5909391110393616 0.6098499478118901 0.5637479536119445 0.5707392763949887 0.5812603712231221 0.5844951605698522 0.6452401761431618 0.662245539100868 0.6809995624608736 0.6938937561842967 0.7278579798039743 0.7045238848355104 0.6908241017041319 0.7215669238600452 0.7528031371541095 0.7458657939083528 0.7453140723284974 0.7805071236412068 0.7886578142802616 0.7406339296879952 0.7459449830490221 0.7280774489563142 0.7333863569167219 0.7449479231067877 0.7383404006671593 0.6873631670707315 0.6927084943560239 0.7149683642380724 0.7388469021520867 0.7658605777352244 0.7842042891409152 0.8156161103351158 0.8801387026990496 0.8994092347671766 0.9103584467557354 0.931358974606085 0.9464414262738989 0.9689949459738865 0.9268302916868417 0.9373316575177251
0.5940882349221142 0.6027264854195904 0.6160768537727811 0.5936763537076964 0.5790336333766467 0.5539787252008995 0.5445517933477737 0.5329192297912971 0.5636148320697667 0.5884475700677405 0.6641449007148373 0.68740865191058 0.6992206030625733 0.7117596931597325 0.7016830633063772 0.7232837697837681 0.7444161281671484 0.7648328834576704 0.7810525250573983 0.7924205752698379 0.7685386276585043 0.7693906746415893 0.741034614909734 0.7397851869927534 0.7577041249759399 0.7434751074107916 0.7547578230571935 0.7329148338164124 0.6974998725382308 0.6993259470642715 0.6996814499772008 0.7197859720330964 0.757718198990149 0.7808346135696164 0.7957104434720612 0.8448177535077629 0.9216819746749713 0.9301433261000223 0.9723165992080218 0.9795971443604339 0.9354558956185918 0.9187640546828003 0.9448607124814687
0.5792638939529118 0.5546738179681026 0.5781457455231389 0.5667556362321174 0.5581978235526472 0.572007113185654 0.5360432265032216 0.5175597594659056 0.5357518436106435 0.6130686179848646 0.6541837002712776 0.6691611427432121 0.674767519168528 0.6995268156717904 0.7304589445919782 0.7376620753233877 0.8084286727968603 0.799768442464769 0.8421802154016211 0.7944943431735728 0.8155371092360548 0.789271622018196 0.7654732719783077 0.736737802775871 0.7200082118838557 0.7178839523803014 0.7664839298868582 0.7340800171523595 0.7133202798044457 0.7556576754524402 0.7606913830227714 0.7485996053373969 0.7386067108029208 0.7425933630973438 0.8069760913354882 0.8944588160768052 0.9620961141585826 0.9541762427768449 0.9857999241818195 0.9899497543750613 0.9419915198683928 0.9116540154099115 0.9106092241063484
0.5774309389163248 0.549865193571486 0.5565860170009733 0.5543744228223263 0.5393934650565596 0.5390113732243692 0.574358544524191 0.5670683016342569 0.5895705648898723 0.6178013801078266 0.6288612125847041 0.6329252878343566 0.6413318571342481 0.669343101529773 0.711370603861017 0.7751216877179921 0.8022787983643282 0.8403412598305938 0.8543844292311881 0.8290876159670799 0.7782854948257869 0.7744751204262474 0.7837716862921419 0.7231536702712575 0.7166062031753281 0.7214786078019603 0.7566454959487054 0.7636112457474445 0.7347691369475984 0.7522049970788238 0.7240420158086935 0.7362709677160851 0.7331153823219394 0.7406551891428662 0.7896154385876317 0.8752727254504096 0.9166893844100272 0.9251234602262436 0.9272024267713344 0.9611790087187906 0.943206357408953 0.8840704145874652 0.9161493575185451
0.5484383239888082 0.5401184519489085 0.5711428864509203 0.5455464505613022 0.5151272209809288 0.5244640379033424 0.5620236301850189 0.5649652957558021 0.5761246956768626 0.6204447247048802 0.6405218331590049 0.6317038945906388 0.6693288154322508 0.6482794365563456 0.6982905808367866 0.7378998967874663 0.8109390198141224 0.8196050423989267 0.841597038226456 0.8130671608712313 0.7830465653518771 0.7743175975286138 0.7840308173085717 0.7660567201170881 0.7298225093634859 0.7260454145805335 0.7763942092648782 0.795813890541388 0.7838064318453373 0.7832607897862625 0.7277919231537701 0.7543262157499974 0.7281586361597503 0.7642460694086693 0.7946228043103983 0.8410089998319742 0.8490552900472144 0.8735586396256187 0.9366017290412465 0.92628532519148 0.8998527065856826 0.8774470516799251 0.8874587662224657
0.5774640706626012 0.5456961396794919 0.5433889041109721 0.5313307878094862 0.5275383818892774 0.5484475012976661 0.5505748236182604 0.5888521369999705 0.5749524435968105 0.5795704406194379 0.581810538354519 0.6223359039615081 0.6388871755091637 0.6550137165871395 0.6580743128846882 0.7088108005846384 0.7744163671292947 0.808151780558235 0.8174688675241162 0.8266165941168857 0.7910692922458809 0.8024112358861984 0.8093315398389042 0.7672464163398577 0.7395763821086699 0.7699314799490365 0.7767667217336449 0.8025746954460742 0.8133210093028428 0.7718123662871316 0.7713188668869853 0.7640325079596636 0.7976968605807031 0.7988839807317166 0.8137640282517865 0.7995351112325436 0.8539618568121569 0.8582115033021871 0.8994289377837386 0.9291884911489038 0.8981455897503159 0.8969428005871023 0.8913139487020377
0.599010018848404 0.576135103908327 0.5127232274150872 0.5055606059569748 0.49746166806102393 0.516169697333851 0.5348066334772802 0.5981079581121087 0.5835476460937827 0.5883248654174308 0.5746363027134007 0.5917564405132529 0.6087730001514591 0.6571531009817779 0.6410820505267537 0.7244288062092576 0.7721620544781156 0.8133908735690052 0.8280447300814942 0.8165447062957206 0.8512670502798257 0.7981568655280314 0.8109089183391058 0.8151577118205345 0.7699206638478728 0.7806752398567469 0.8036216796831983 0.7898399369230756 0.7943236204967227 0.7757544499248828 0.8046379978805619 0.7896545438743828 0.7924526764991141 0.807042442560267 0.8225046039741039 0.803350980899485 0.822618849412316 0.8709263293669403 0.8972576194684728 0.8885076100468053 0.9268007407015296 0.923496075497955 0.8895892502768386
0.6024103375860297 0.5764855147814394 0.5074032550825873 0.49953765063698324 0.49697335540797033 0.5397536127813563 0.5282969045742821 0.5783186027138971 0.6243112950232027 0.6228992007481082 0.6259242991135202 0.6106871788896401 0.6292498445219294 0.6316687466911259 0.6263331895423548 0.6789380047682437 0.7614690324445167 0.7664714702319287 0.8031847441157227 0.8027787355193601 0.7963213375402686 0.8348165169811415 0.8466306702097018 0.8231535511216893 0.8207885898865662 0.7913947398024312 0.8092086350501836 0.775800770787006 0.768996789629495 0.7691283681196618 0.7903928904759319 0.7785586695415336 0.7936543958131135 0.806542210740011 0.788681424638613 0.7990335434808953 0.808808873729622 0.849017635743697 0.8427405483630722 0.8633443347494516 0.9086208050066086 0.8975967231072489 0.8800352216313477
0.6067533266193235 0.546415192207705 0.5262229430094818 0.49438849066178914 0.5236654309896019 0.49943968981628994 0.5299663569358111 0.5404313762818372 0.614109082422513 0.6172371404357031 0.6143920434584309 0.5761156246031905 0.5918777930472382 0.6362910515040906 0.65168095064403 0.7174556484652896 0.7589696904358507 0.746500152710549 0.7949987316696593 0.7900258369392904 0.7979954878380219 0.8263426073068068 0.8107018489437664 0.806426577754415 0.8175595827889794 0.7954024122276059 0.7629367021160622 0.7906004865557379 0.7696230472391159 0.7951974821625316 0.7722438413819621 0.7657294893035047 0.7667667322721518 0.7874675854608364 0.7546034466343294 0.7882730393113899 0.8497344303724456 0.8801116156287303 0.8592331177972093 0.871850685113633 0.8676129054599213 0.8712137217591839 0.8748640494544521
0.54811811885837 0.5685273803800545 0.5564614920365486 0.5339422733119717 0.5369668413354679 0.5051765369674797 0.5360731033226916 0.5403826638858913 0.5981435634728827 0.5766644209246214 0.6124025963479317 0.5828951026841148 0.6061416321813364 0.6007890498571681 0.6587715181008952 0.6998319591109938 0.7317994048525316 0.7434690393650926 0.7478432849470861 0.7760169131684509 0.7867251059533518 0.7866310954172115 0.819910057211695 0.8103512653805105 0.788354407601499 0.7905784985398828 0.7612364730933874 0.795658835625669 0.7947026847859071 0.797163630427762 0.7478307157706834 0.7783641054396206 0.7239542315789919 0.7358862588620689 0.747086262086906 0.7904542322412682 0.8355595733135761 0.8543021414696998 0.8159400236800409 0.8454399419245484 0.8426639142928842 0.8551965257042006 0.8277137998737221
0.5360960724589305 0.5654466229804352 0.522530195917282 0.5306593558674021 0.5455379015005547 0.5053522080044875 0.5030993898057797 0.5368179633573793 0.5891997580654923 0.5698290094114602 0.5867397143049415 0.6187037423093803 0.6168373708286277 0.6076964631660903 0.6381804433770056 0.6790601751197352 0.7614872222089217 0.7455301485819578 0.7226375936730696 0.7446707430627987 0.776574490776826 0.7758058063250757 0.7893504151423176 0.7870700440818629 0.7616234792906587 0.7770730140598402 0.7988185682261011 0.7976163928800835 0.803812709914411 0.8024276153148798 0.7509579422507534 0.732524294039718 0.7192642717035349 0.745712302402917 0.7428884984840546 0.7619358855731139 0.8473774833759209 0.8233423511886186 0.8011137504909025 0.8312471682137688 0.7874318170387059 0.7808680712001548 0.7835247959981116
0.5751497733316545 0.5730037065461737 0.5350262043032086 0.5617280193362433 0.5507754241744524 0.5202493651400149 0.5098824527451136 0.5679430733501406 0.601375231216759 0.5680385898827651 0.5737549336287784 0.5883464928431592 0.6012216076742359 0.6311156363558006 0.6685482624205878 0.6993876064091585 0.7315746319091699 0.7517771041984175 0.757298955683221 0.7423917123524373 0.7423536084427026 0.7342653026799815 0.7172101945246127 0.7330403587524686 0.7594173188785647 0.7626221201803602 0.7911726249485289 0.7654939952408181 0.7385940264803812 0.774844336354282 0.7255125413140557 0.7245670248950793 0.6961928324001009 0.6983622066566921 0.7281228683136739 0.7553546358373909 0.8103722549234961 0.7938479515615696 0.8032318666000524 0.8118045406003593 0.8029932573556404 0.8018409609843599 0.8188376650272596
0.5796217323137665 0.5469310628880556 0.565255480428209 0.5774905412022742 0.5696671762296482 0.5381870802105172 0.5244898977980577 0.553994592425691 0.6023784064277773 0.5827653806087042 0.5731562788485611 0.5557500231898576 0.5893476690421064 0.6044688123481852 0.6152168145961514 0.6567361057219038 0.7058462039728304 0.7130654895224651 0.7146006988868988 0.7421276568274163 0.7347295367585966 0.7242694288050778 0.7114469834985531 0.7076031726580873 0.6778681631324713 0.725124780544954 0.7453341982973914 0.7448265837618404 0.7133001398424783 0.7346346551623012 0.7473946857888746 0.7342807407566947 0.6993004244060731 0.7209133117604355 0.735741358411055 0.7447629900008119 0.7801816598142877 0.785580517907434 0.8073036986809993 0.8084690230182937 0.7745595013519572 0.8110863525723107 0.7688957031478005
0.5634455952151038 0.5742194622203556 0.5449897438608514 0.5737459973343623 0.5612511213551393 0.5779907670357811 0.5670617654937844 0.5759547960395235 0.584163258369718 0.5868419866872402 0.5959837248819815 0.5772586910297467 0.5560663439110484 0.5845263669353603 0.6100597425142611 0.6404427181273961 0.692194704869327 0.707588575069196 0.6961071785520203 0.7322737343295259 0.7251374548532948 0.7043697252442694 0.6727872445081745 0.6782182364861302 0.6667658455045294 0.6793935614473844 0.6851017664843442 0.7120703968417416 0.7373371668156423 0.7351490399123615 0.704763572769997 0.6730654613304433 0.6822937886988266 0.7094117346739086 0.715042047305439 0.727642322813586 0.7043723921657816 0.731169247584729 0.7838120948494947 0.7720565965582102 0.770724909640547 0.7963494399659642 0.7777588271962607
0.55914354824027 0.5154356071744246 0.5339409857034678 0.5413132049991218 0.5606929860246558 0.5896454678062739 0.5779936886847947 0.5595121154841306 0.5681632401253264 0.5459778985660989 0.5741312509015974 0.5385619425323461 0.5442283363315722 0.5935211283977023 0.60952259978166 0.6282424292061405 0.6103818684042613 0.6547587008112565 0.7070251661909586 0.7102715481032523 0.7098039250558659 0.6824025535037935 0.6786658896179234 0.6880869863617054 0.6438768571749223 0.6316414585228755 0.6625804362649208 0.6705394437762254 0.6978606327460359 0.6895958931978646 0.6945866916610731 0.6581578705516331 0.658483227567497 0.7027707477730917 0.7048431173870702 0.675902008350656 0.6620148101740142 0.7169213202525958 0.7636196547759658 0.7552953854899128 0.790695577274976 0.756276036107297 0.7448013912064705
0.5256640766258407 0.4835111532257589 0.5330324158032428 0.5351109625403336 0.49853318387067863 0.5336127873175733 0.5593869092402273 0.5623962434533639 0.5390126450766479 0.5392514916079012 0.5171870933616768 0.5339085329373925 0.5530060860531493 0.5815693749771556 0.6166871315746768 0.6205278467714943 0.6141707871324866 0.6177181791469301 0.6875700424121369 0.6945651222910825 0.6919271649904082 0.6689609720951009 0.6721576473642782 0.6553183270369071 0.6244890119063823 0.6349543628427045 0.6658687586634379 0.6677949920232279 0.6647084986095263 0.6599530601789465 0.6405073609051694 0.656015658175359 0.6761875751193193 0.6340077668347477 0.6666567647108116 0.6533136994305636 0.640811579607592 0.687583869088959 0.7306702456933907 0.7411225072911399 0.7300438475515741 0.7483764869996884 0.7475779620396592
0.4537887358205669 0.47578788549232626 0.4707630938430112 0.509388263951014 0.471424428945153 0.4818719519807815 0.5073000526056066 0.4886001255495992 0.487623464006529 0.5185993588660518 0.5120951432441067 0.5337123331920851 0.52853687686746 0.5891524293479937 0.6164740521976226 0.6084584786667627 0.5975962664731311 0.6061426696883897 0.6489998766292137 0.6871815923557917 0.6630253723773855 0.6386853234377287 0.6633561373551989 0.6741720099276696 0.6720422821334929 0.634728147335356 0.6593238092412116 0.6435454790835682 0.6396516047604853 0.6268493497968107 0.6037144386965656 0.6207094410300594 0.6624378920721063 0.6243968577440226 0.5944640615466033 0.6112228309306461 0.5971155331678117 0.6574794959751679 0.6981784884503249 0.7095228225838219 0.6892620292391842 0.7322113408978637 0.717398585228702
