Raster_benchmarking/Raster/continuous/raster-212.asc
NCOLS 100
NROWS 100
XLLCORNER 1743167.739676887
YLLCORNER 5469279.195899842
CELLSIZE 10
NODATA_VALUE -9999
[rows 57 to 75 of 100, columns 43 to 85 of 100]
0.24243313321673318 0.25261061855748496 0.26993608611316783 0.32740499236165976 0.3566671334453508 0.4309411846740461 0.43861485379499804 0.45383272839367866 0.4988214237737639 0.566989173944332 0.6001976176143421 0.6122064550609602 0.615433866302226 0.6567397922543569 0.7003087215547483 0.6996159380321918 0.7474611514144074 0.779251651742678 0.7887997733930454 0.8022622004647689 0.7793294771424304 0.7492705890130319 0.7322521895268499 0.7582902876779786 0.7681862652864209 0.7380369321538892 0.739210346787061 0.7410235252406894 0.744424657752742 0.7364928076078003 0.7380117825127388 0.7684543676130985 0.7641816532041786 0.7442874671711174 0.7573653888213403 0.7765767192431035 0.7937351343189819 0.7691869177507014 0.7777243414252824 0.7681790399023908 0.7494545758600155 0.7780133414647017 0.7971388358882627
0.2643056389540961 0.2666790377526171 0.29118515892603897 0.35259838688441686 0.36734427232723216 0.41679756469450135 0.4356563100795468 0.49805048316990547 0.5281590028146838 0.5728769601945609 0.5863101856132903 0.5983600723860583 0.6167723062614152 0.6387697688929661 0.6865630676103969 0.7082921385178041 0.7292662143928469 0.7642356287368025 0.7724000698408179 0.7653925050075531 0.7807311513704321 0.7548870051407612 0.7453029844875779 0.7432807295306935 0.7612642079729144 0.7677156879629958 0.7204696766034429 0.7066760836855195 0.7365222558265928 0.6935566782897561 0.7039300095987049 0.7321492901077947 0.7651082314770228 0.7780945319363944 0.7866281453605479 0.7577821861415227 0.7825035374999157 0.779963903204123 0.780176392085575 0.7855992034524023 0.7535269478990478 0.7596270630959318 0.7814477251495261
0.30467962536892296 0.2860503502551649 0.30520316005733894 0.34299668459469823 0.40422288804985285 0.42141728382583427 0.4367558030280422 0.5059131186174514 0.5478317446665886 0.5669698887234154 0.5954981417528644 0.6375541610805161 0.6015127756379872 0.620207249394252 0.6688558144089972 0.6924206708522251 0.7138118026117928 0.7676490413526923 0.7624899350916374 0.7927154143253317 0.8043374952027897 0.7899413065537776 0.7704781896151728 0.740849854167348 0.7426149254009922 0.7768038870935826 0.7289478236191381 0.7088700810162643 0.7175652952314501 0.6680456538102835 0.7123524382234274 0.734667219721764 0.7821725021180561 0.7899253552299744 0.7758544079637227 0.7688849787801619 0.7567060256326715 0.736537348651954 0.7604239313142646 0.7842190198270416 0.7610654087189606 0.7730891057468937 0.8024720152460304
0.32250031144168717 0.34020361746569283 0.3318891067653263 0.3553892417337297 0.3943183003880372 0.4192091751344505 0.45902552159807375 0.4871753179978903 0.5048580755025428 0.5364645299874978 0.5910430656690293 0.604236954643924 0.6116991082031031 0.649434560468842 0.6779137170217087 0.6912768682993344 0.7012400671403743 0.751010428814527 0.7383668630014202 0.7803541178760214 0.7873309914891374 0.7948978060819859 0.7601162270095287 0.7502847502632284 0.7436731779477013 0.7333274631829386 0.7577594342147583 0.7437063539284874 0.713884629831671 0.7172381304043456 0.7308669077152061 0.7615577245936141 0.7542383631347689 0.7839555203424927 0.7751699137848839 0.7617148512244988 0.7351258857083018 0.7190252531603948 0.7305529431302146 0.7722649411386137 0.8011819859683629 0.7979625975937908 0.8073246262246822
0.34568046880252284 0.372928138280119 0.36482584727977685 0.40131347017703617 0.4228907305058552 0.4352675428811676 0.4454693220377027 0.47781748493906623 0.5135008960195057 0.5354898895507826 0.5919663703142888 0.6087348359757154 0.6296145258008305 0.6295537755443733 0.6783055275809486 0.6859491395947268 0.6758059094600432 0.7102915323360985 0.7485749903780832 0.7344189393512119 0.7552378052656129 0.7602350640494323 0.7342348406780639 0.7259158283204213 0.712052678451996 0.7376372496960104 0.7311893845553766 0.7179595320820047 0.7223997749807038 0.715669519367679 0.7325942908737023 0.7527617956491913 0.7762368617386742 0.8062062636827887 0.7883886243778951 0.782932468212282 0.752987566284182 0.7351537526629679 0.7242564054273217 0.7488206504702459 0.8133663540548848 0.8281888791115015 0.8571123732328234
0.3473385380275567 0.3776260899498525 0.4046595142835946 0.43487071124874205 0.4326935650357136 0.4248505894034486 0.4491118873677207 0.4930348791372388 0.5258511037194662 0.5574670319857744 0.5615658360533538 0.6015605793030291 0.5940635398295976 0.5912850936308538 0.6395067493657195 0.6407472395853202 0.6688015341521397 0.716723684429865 0.7338676734113213 0.7571790787521976 0.7500038625293611 0.7498093319799622 0.7257042246037476 0.7258543166969127 0.6946448966972277 0.7013374170617652 0.7251755205363916 0.7391027008327947 0.7089712519907386 0.7083716822014928 0.7301853902904845 0.7594136707688467 0.77170240179343 0.764617053365767 0.793025887677775 0.7615301574695899 0.747047678483498 0.7262342407985086 0.7369693619284882 0.7532701910558367 0.8038590388708267 0.846680926670945 0.8694813110161008
0.35470459944402843 0.38907554351945084 0.4010859152828916 0.43904400798149656 0.45434614727088884 0.4498793515111722 0.47388605663338534 0.5215034387574724 0.5320338105094732 0.5486762909034858 0.5815778016487463 0.5846299539415407 0.6065082096656474 0.5624356086468647 0.5847971101374358 0.6104733418940202 0.6619162377557967 0.6895594825811093 0.7163072114599213 0.7184196466966536 0.7224495152997987 0.7179364771607329 0.726740452005855 0.7016266246664234 0.716801848218895 0.7048871475855971 0.7220028666629659 0.7368289337799434 0.7217699181105218 0.7419975019530574 0.7542377090141769 0.7320775987606577 0.7777246277128682 0.7720495893903827 0.7567671354973016 0.7829830225609329 0.7674366931994964 0.754606569703946 0.7828054761939854 0.7795553132634561 0.819954011186764 0.8432178299647329 0.8792114407053262
0.37969773113462274 0.3934190912730934 0.39646378362125384 0.4368264969933696 0.4590145865902406 0.45849205877310617 0.49157068571159324 0.5039721286649212 0.5277016312986819 0.534909251511715 0.5416154323175104 0.5636447951523657 0.5927912364732459 0.6038308857790047 0.5832122616946275 0.619485593297623 0.6690774139601774 0.7034209644924214 0.7088004447203139 0.7362479439688583 0.7240812274167651 0.7093688229932865 0.7293302401118926 0.7122489170896442 0.741185063121411 0.7516744850500517 0.7530435986030465 0.767934742860673 0.766266546301605 0.7811824807727977 0.7707214033821641 0.7472648411884959 0.7478751818764168 0.7689035801831775 0.7621668340882546 0.7986420169778435 0.7849059306068319 0.798469892324891 0.7878447828763729 0.7779025141403196 0.7697102495222142 0.7910118561001546 0.8410700673992022
0.37661981099439534 0.37704024810565295 0.41386013490681456 0.4085362724792933 0.42316841932671356 0.4682348593367264 0.4698452731910701 0.4781260162699903 0.5280682665188805 0.5340380853913502 0.5740571966977789 0.5881365404486334 0.6070608051076121 0.5972417278993826 0.6273533708855383 0.6080248419381177 0.6564745155299543 0.6917990738819247 0.7174881341779776 0.7093238624478532 0.7252110987397905 0.718140065015641 0.7241339576960578 0.7390290802516986 0.7587020751257602 0.782516378020773 0.7877412287888681 0.7614745914520575 0.7611263158169933 0.7539086020368516 0.7969280583996531 0.7756243278160777 0.795982211985108 0.7688908231522179 0.7849569893242533 0.8133257642947367 0.808776768118516 0.7792373228776889 0.7787758338021206 0.7582309340571641 0.7490469639981158 0.7696116839556342 0.8090992235424671
0.39958688090505107 0.3770267504169696 0.38211295097444986 0.3909738685437944 0.422935030448748 0.4318567062765025 0.4688398150418932 0.501616486368477 0.5170134835870804 0.5523572517178766 0.5663090022229802 0.5718101158510588 0.5958888912120569 0.6276201011917608 0.6430915919646661 0.637071869844098 0.6547793291107344 0.6718330527915245 0.687088122384305 0.704480869180823 0.7245305847122971 0.7192333150847603 0.76800743772658 0.7930386754570168 0.8037846367352104 0.8078422641319114 0.7673614675307301 0.7759860009441201 0.7908560028335376 0.7675698658342754 0.8086386969975683 0.8218560741508587 0.8262592660145085 0.8420546893828876 0.8323624469138338 0.811951281384427 0.7862328094029022 0.7944596304647012 0.7656153838704871 0.7697616166477351 0.7840966346884324 0.7945328629676283 0.8078633672821507
0.39511237210118155 0.39675615766290645 0.410156942765126 0.43557974021064855 0.42262879154990834 0.45349399223391157 0.494791924772799 0.482951327874633 0.5146583505709613 0.6029125111299546 0.5908790451603878 0.6076838016183814 0.6090574373573889 0.640156473245602 0.6436219946678668 0.6882925993260839 0.6769820341002051 0.6840909927305353 0.704813127253756 0.7107609367752689 0.7267031664711797 0.7408266471990766 0.7781349761060296 0.800814620754423 0.7860010839586227 0.8030751964864775 0.7947016606777482 0.8047299802166502 0.8036056132030264 0.7904729690807852 0.8042468539346985 0.840437392585653 0.8627228413744668 0.8571886573203137 0.8185067994172873 0.8114372308887611 0.8123451177175286 0.8089008982489503 0.8106523707391771 0.7815965884741072 0.7876036471363115 0.7712348180217947 0.8241472638607205
0.3944891911011929 0.3769074079730083 0.40952296245951264 0.44710115845328846 0.4538129904045044 0.4953711535887727 0.5013552736246402 0.5207650753233565 0.5408750189739374 0.6161413682502827 0.6286808484494812 0.6462375690843994 0.6435254381854534 0.6566954468013875 0.6620404591990383 0.6851531616679163 0.7088203404204347 0.726671092010523 0.7363935326787894 0.7269839492722389 0.7587858297223714 0.7656534196814513 0.7933546627024082 0.7999629632309897 0.8093219051698708 0.7860023279682194 0.800135683787221 0.7764147556551152 0.7648317901401931 0.77995635754728 0.8195331382613453 0.8415849713579068 0.8439283567403958 0.8274082094061559 0.8054242075001966 0.7956583306490765 0.8342824996965863 0.8201662252582584 0.8079942801774254 0.7988637193112482 0.8188828119056676 0.8134368631323379 0.8176953178462366
0.38141246041477816 0.3894878621462209 0.42736485644526534 0.4240786299524553 0.4618030311141587 0.5178598991694775 0.5238820881749086 0.5123744894267503 0.5478661006792904 0.6234344711082921 0.6379233953466383 0.6735397802783991 0.6924584957199017 0.7058564537086796 0.7136715181330694 0.6957813386939922 0.7089494162196068 0.7239790292334837 0.766089659958196 0.7773183550922695 0.7900322511569767 0.8140125914661026 0.7899580523819877 0.7916867986854529 0.7978614008608019 0.7856799205690209 0.7587300046131898 0.7592253283754566 0.790042713128306 0.7879998303677866 0.8123992017820116 0.8361740281873831 0.8242953415753446 0.826591866960208 0.7931913489490254 0.8008131377592339 0.8024289873837664 0.8379909313687445 0.8319568370034636 0.8519320349917927 0.8442924089141799 0.8477953090200689 0.8134612650067204
0.38668379508427264 0.4165113455084736 0.40598755931938246 0.4256463603840003 0.4909963982833546 0.5365124163224062 0.5199748128822167 0.5219131686776908 0.5544016530437383 0.6079189192269299 0.6572635972221826 0.6927232184526886 0.7249326179360374 0.7307115112224751 0.7292024724710785 0.738590329426589 0.7701299908029401 0.776470067539341 0.7597478052175392 0.7713827417213148 0.8129124026857267 0.8111818489021433 0.7887830316878569 0.7606190739609333 0.7689350545740106 0.7564661089087528 0.7619452354315731 0.7680148654382704 0.7909325317716527 0.8126525696245391 0.7971801339649099 0.8026409346246148 0.808628594689744 0.8265979649893294 0.803969385299052 0.8138476618472298 0.8068778893890539 0.8202339677874493 0.860792853729882 0.8626112202013364 0.8454808493479095 0.8554509800871988 0.8359859171546278
0.4090152829164126 0.3994013553556006 0.4052492045836376 0.43850008958213454 0.47956727190081844 0.5305562760327537 0.5346617794587518 0.5275363840436857 0.5561188985562421 0.5904329524210281 0.6526461751006942 0.710383212775537 0.7337159479018232 0.7478224764770336 0.7429315598462115 0.760252798973229 0.7837430571204639 0.8199768421378065 0.8123877657856301 0.7911487537064416 0.81619624795015 0.840556788070146 0.8046994571526211 0.7678930813941248 0.7849104016576801 0.7890728103492726 0.8014730569700417 0.7791043163783109 0.7741858616883587 0.8086320140429579 0.7929926809769229 0.8129081983907669 0.8340112583074243 0.8234708472552305 0.8135011279794462 0.7865028989961662 0.8029779244576887 0.8653600940446631 0.8365098750364297 0.8325659893758384 0.8619073902574826 0.8360366523398512 0.817472025174654
0.40953094931331263 0.4061365976728889 0.44905391534114997 0.49044942603275815 0.5187022511138827 0.5529021201061871 0.5520401622487867 0.5411789009044189 0.5726952573040454 0.6242233540868671 0.6847060781384781 0.7281352242228386 0.7505539463920601 0.7363438606257527 0.761767997107789 0.7926536195023157 0.8053391302558311 0.8161784112793689 0.8085490516492857 0.7903068493309546 0.791284521152001 0.8099444798291969 0.8007933658140252 0.7609024136166662 0.7883422792317132 0.7641390104364211 0.7874989417726445 0.7930486280705014 0.7862471920537082 0.7791391854208543 0.7899756543966348 0.7887881920805688 0.8056923838210798 0.7999500607239967 0.7867226768328547 0.7748613969035693 0.8215757757941111 0.8542808711458163 0.8352497129461756 0.8158827763317261 0.8424180709461665 0.841864137163597 0.8395720356421932
0.41358292921507234 0.4579539235578604 0.5040074659691957 0.5282202792373838 0.5416704106973654 0.5283134898887715 0.5475712059429915 0.578035716037438 0.5929930319428184 0.678376353992814 0.6958707855557594 0.6976133975502141 0.7673365728483749 0.7755755283002135 0.8045895244398427 0.8197025932935638 0.8168791431240359 0.8248078372914991 0.7998248173059693 0.821414035637106 0.8048740655402901 0.7994924295521126 0.7717884633837302 0.7635492644152523 0.7535688506332924 0.750708399201982 0.8027550831997499 0.8213893303262191 0.8224696901573798 0.7981248583140675 0.816443736210202 0.7797220499362412 0.779377699787351 0.8042923790649243 0.767282492817434 0.7785930065582959 0.7923931516500491 0.8075693905890495 0.8425144539568895 0.828361329400592 0.8610103816920048 0.8795365565513672 0.8805906563653118
0.464095707598118 0.5081191897394367 0.5311934459622388 0.5549887214054494 0.5678401814876696 0.5410889846350163 0.5667003164040668 0.6053640575941948 0.6290455448186987 0.7063212175860603 0.7140741203455419 0.702908827263294 0.7555820650063381 0.7793820746510215 0.780523694263236 0.807808572142556 0.7883627213031026 0.81500385746412 0.8142806030545497 0.8118607295932024 0.8061805224156133 0.8078962962745116 0.7895353319423133 0.7975933170637531 0.777676350602706 0.7709789997793123 0.7884315612292953 0.8330814379812845 0.8098647949698559 0.8064602932392017 0.8271599764202454 0.8122080781758803 0.7871140384512066 0.7837137568143513 0.7885255063727995 0.8071777219350859 0.8017111628897852 0.8338544795280332 0.852240285679384 0.8756768138101856 0.8867592855216534 0.8676697392240947 0.862869876186209
0.4995939223068166 0.5188809084135807 0.5503887048621193 0.5388677020223049 0.5661458648746378 0.5904160180769306 0.5886326616755411 0.6167842878700662 0.6753364857936023 0.7183586381525735 0.7422244769542611 0.7228351807805858 0.7514789788220935 0.8260794108915774 0.774863609971039 0.7811518794745606 0.8022789162955482 0.7790308104314035 0.8057611832210317 0.7572546887360507 0.7811188036756995 0.818983926147515 0.7850846907805525 0.8063095674188892 0.764714572416883 0.75396656475941 0.7804049541060344 0.8344538393221649 0.8216426555692533 0.8285204896492011 0.8427624287924967 0.8295388443247721 0.8151760650092663 0.7737099942728158 0.7785471759193288 0.7970675865253762 0.800913552369165 0.8071857528748978 0.8360454066725994 0.8736323845877645 0.8717231173854013 0.8967934103771994 0.8758027015966408
