Raster_benchmarking/Raster/continuous/raster-238.asc
NCOLS 100
NROWS 100
XLLCORNER 1743155.9674332517
YLLCORNER 5469279.01003582
CELLSIZE 10
NODATA_VALUE -9999
[rows 19 to 37 of 100, columns 0 to 42 of 100]
0.9421169457291444 0.8861331625482693 0.8719737889617685 0.8009557834042744 0.7811761544923228 0.7493717555839939 0.7186315465952002 0.7132958277877176 0.7102554265995896 0.7139151982765772 0.7488199613524305 0.7516116636416783 0.7922953005402321 0.787608249078855 0.7658029968281026 0.7289431969137581 0.7457871491868067 0.7036685745244898 0.6203716249950347 0.6353239418355875 0.6050601628098654 0.5972482287329399 0.6116880890890761 0.5248897738569029 0.5197474882509336 0.590947826327405 0.5841565286465217 0.565416528661178 0.5377769899194886 0.6039408341315816 0.6015472599036071 0.6858279215003443 0.7323722043577022 0.749804376766044 0.708356845157368 0.6887924319106048 0.6841074419828512 0.6864886211711942 0.7319596267237362 0.7327902072186783 0.7879363337703187 0.7258667536562092 0.7333052777457655
0.8529202136409708 0.8388001472941251 0.7790814586075879 0.7711656560033179 0.7557823452980884 0.7623738213314766 0.7525974994061218 0.7242249605333287 0.7368129688310356 0.6957688260523083 0.7557157668866957 0.776363614757315 0.7364242170515181 0.7750337333258934 0.7024656247634219 0.7058206969540753 0.6878486970204881 0.6730573514884455 0.6395170753234297 0.6148422878588641 0.6354101927426199 0.6289579706693067 0.5969570731906986 0.508081541324703 0.49505520372989853 0.5334096669426234 0.601870122491587 0.6048258221365158 0.6119637081034792 0.6370763384019756 0.6601724038072498 0.7038346474576901 0.741050823768888 0.710559677008003 0.7720024378525212 0.7362960901046345 0.7457090056405388 0.7227420007350879 0.7547194179546399 0.7459553646874154 0.7428112819619631 0.7686840961484558 0.7747285341418065
0.8068164385808384 0.7705137973736734 0.7644993447438814 0.7981571661066356 0.7469491751206748 0.7755032940477289 0.7218849541164775 0.7225656617356832 0.7736590871612733 0.7255364339617834 0.6973271500903251 0.6883788037396711 0.7426961737131189 0.7385000209085493 0.6766080963869663 0.6453668754152815 0.637450898942371 0.5878702582010159 0.5880070309466455 0.6132820400378223 0.6699826946714937 0.6411507359930981 0.5521481690299133 0.5438077148465208 0.4898712403432902 0.5676031541981628 0.6220984829243196 0.6649984077987481 0.6675644350698666 0.6656462738187018 0.7284351079851711 0.7222696507922686 0.7510779090777355 0.7673057791818971 0.7857686158203852 0.7395552623936098 0.7370824729413198 0.7070649235430443 0.6803122148551068 0.7207969527142741 0.725642618061449 0.7793324099317261 0.7421508242773365
0.8521460292401105 0.7835848792849441 0.8130400984616017 0.827875567055273 0.8005155635316548 0.796883963152773 0.7528996725687651 0.7595502674256255 0.7674692500543466 0.7529919073734114 0.7209712932852045 0.6818606196645618 0.6901914095086678 0.716740351334334 0.7256801395199605 0.663198294529536 0.6501505155946656 0.601427441826722 0.6156365714455172 0.6387276539445176 0.6367034841734929 0.5663009925049564 0.5881318164777137 0.5729500168767009 0.5071736066204864 0.5255327045149726 0.5846469887897625 0.645987237874338 0.6578960917761764 0.6933753415347236 0.6692093067038121 0.6937073158459064 0.7549951361471038 0.7324843387958211 0.7777171309300465 0.7399151066485595 0.715076785356527 0.7236191994885673 0.7185133466567177 0.6730517824595633 0.7210090465209575 0.7317094504792719 0.7484747339324526
0.8160696546410989 0.814824201007523 0.8532165517841516 0.8561689321274562 0.83571715705207 0.7979080693790053 0.8472894383929611 0.8233934388335334 0.7983740747041382 0.7185540422999284 0.6971061703649967 0.6694260239810019 0.6685911820749948 0.7307960620247784 0.7233244185244997 0.7173352702622474 0.7067939492357483 0.681163818987673 0.6208338685677014 0.5890085100883555 0.6044698158124121 0.5999599746726929 0.5873261205667626 0.5827316789255075 0.5503379771834269 0.5096547319826881 0.5629807867440074 0.5807470935564655 0.6311798915485394 0.6434626670437784 0.6416542243807952 0.6865140081602161 0.7457274339402379 0.7509265881120094 0.708614073104669 0.6925493331887739 0.7455468894339279 0.6907269672388356 0.660343908308786 0.6953857510515589 0.6361529862916011 0.7128173856437476 0.7353128581837199
0.8409728332001065 0.8509914872367644 0.8352997765556803 0.8399952958149991 0.8313265044606148 0.8594039824620247 0.8280634365252066 0.8139917510565495 0.8125069886896065 0.7645477548473302 0.6979164647616464 0.6558891642042772 0.6560653505827838 0.7135718567154296 0.67344868017244 0.6706778905305532 0.6581590018190161 0.647947036089039 0.6332797491894211 0.5635700917317046 0.5536219197199596 0.5375634993966214 0.5394211477541463 0.5412587249778774 0.5169126342341135 0.5393816844071883 0.5444045177039593 0.5673832955630225 0.6564328383376464 0.6632934356416339 0.6798490233279306 0.6668048976224542 0.7038040907380951 0.6918438756557451 0.6837972289246577 0.6966259162562132 0.7219047786267243 0.707867998719403 0.6863063578913169 0.6940237038953887 0.6502866173887498 0.6970287217286462 0.7644216795873284
0.9452830380829497 0.8909983669529403 0.8450801464433486 0.8319804466410196 0.9040331467673919 0.8995430885788597 0.8437200710830488 0.7838406500665175 0.7646765510477058 0.7392453708525485 0.7074704509661751 0.6923243031085516 0.6457995874713434 0.6539262264426765 0.6766627217906452 0.6458239634907385 0.6979023918703063 0.6208045319558685 0.5959542791282477 0.591848282747856 0.5076383776025206 0.5415004095666031 0.5740159630130642 0.5495419444593044 0.5836789992247988 0.5945804277909772 0.5519613900005401 0.5598244047187955 0.6661871139301777 0.6736889089295097 0.6078230040243792 0.6443084836574025 0.6527016409485438 0.6460881347011733 0.649569573902802 0.707376949745572 0.7205980840805529 0.7040804153071972 0.6685322937175602 0.6414777252381053 0.6598816595636006 0.6910795000829383 0.758815030528919
0.905974435168827 0.8646571591579065 0.8796550771837315 0.8730564513994944 0.888964325602858 0.8851374057640594 0.8520401638732739 0.77769865269633 0.714382704457478 0.7136714985285415 0.7054753181887324 0.7066841059895894 0.6484332369838943 0.6725571723819057 0.6609989797273502 0.6136998140643355 0.6309787618308694 0.6108421483362169 0.6256513020370609 0.5835149421596232 0.5442921535801823 0.545653186012376 0.5449866968786538 0.5611780066332593 0.5423894122817553 0.5621939302871465 0.5989130735371315 0.602534459592366 0.6130788918925781 0.6725681910853983 0.6517212429950157 0.6601954339496366 0.6373292725990266 0.6445889708888071 0.6674309584667875 0.6827700254649502 0.7278562257694976 0.7025481641752881 0.6513218103056975 0.6789757490446588 0.6757233527487165 0.6701438423188152 0.7364030466130366
0.881676655769821 0.84955204530329 0.8678939482828896 0.8329077098348411 0.8285388825182944 0.8036391534202111 0.8242974575383327 0.7671792092780113 0.7029818967374832 0.7097122737646762 0.7204829728233271 0.7008652656316116 0.6418523039644686 0.6720296880586684 0.605469825530872 0.571835834188573 0.5851818450965797 0.5761530704659719 0.6424595166445729 0.6119764070272774 0.6171109977289564 0.5898947753708421 0.4972870104080235 0.5336858283132606 0.5208513437029506 0.5102302412006987 0.5542888767491116 0.5730268903227224 0.6526045644547472 0.6794190489003661 0.6365733239662316 0.60299507865625 0.6666445769245658 0.5897631815250375 0.6179942717720347 0.6076430515139968 0.6704459066382016 0.6758920576569106 0.6608680877276802 0.6717241243416902 0.6432930132182662 0.6861932902264876 0.745444179234125
0.9134077949063696 0.8668000839831689 0.8316218626391707 0.8239543865394016 0.7621263902636991 0.7719997898946844 0.7700323572411799 0.7458101031176493 0.7565839820068178 0.702140567634052 0.6697591433252207 0.6777067737258364 0.6168513729322687 0.6279749119079086 0.6196077279520653 0.6256330004507762 0.5931602992378026 0.6121935784325897 0.6393845267407214 0.5817307568642223 0.5938032029858071 0.5924999331524413 0.5436122210057445 0.4740572828383662 0.47088885444380274 0.5519052257167764 0.558032286291572 0.611948791751088 0.5984257911512727 0.6534974453725446 0.6425369597201643 0.5985111613323942 0.5660632402741198 0.544431468245061 0.5278267330586479 0.5679502548314703 0.5972797990771073 0.6084313386510414 0.625123132771317 0.6886748225130023 0.6604039926498292 0.7108796800196773 0.6693805049804075
0.8819640566947242 0.9008385714644583 0.8808993072886385 0.8345050062067693 0.7515043933070025 0.7363397878682668 0.7268324942945731 0.7025650452856754 0.729252818235871 0.7240688216938039 0.6370969971461473 0.63532635664799 0.6351978151699644 0.6727055985307031 0.6472970412561101 0.6132223599445356 0.6427082970417746 0.6160028205515969 0.5805321394676638 0.5604910428244507 0.5719698851519337 0.5627464646250777 0.5358407343986188 0.47532268698914076 0.4536471775492924 0.47640692310207017 0.5416764339087973 0.5402576711996107 0.6134471955684184 0.587232728594771 0.6003880317334859 0.5806116683543063 0.5197792166984606 0.5592583305390464 0.5048409622720175 0.5141665005948111 0.5087076932070199 0.5602479203918144 0.6440606015340726 0.664429100841219 0.7113533475608033 0.6919263115005437 0.6390186860807054
0.9352746634647411 0.9223405840111184 0.8521772949345098 0.8372975168834653 0.7714499894855611 0.7167953771407772 0.7570673375543737 0.7509775140428873 0.6949774143039497 0.6804236196495689 0.6242486156236919 0.648366396473784 0.6240496331073666 0.6323372974321148 0.6017706419236104 0.6342209805844243 0.6275125297155343 0.5513452684832431 0.5377124416263213 0.5381822092439156 0.551757802355626 0.5329459556938173 0.47297475311449033 0.49902158721584805 0.48759580581754625 0.4586314660627218 0.4707955488620407 0.5155535727334537 0.567877054266539 0.5583071986605066 0.5846110790679048 0.558626042591251 0.5038255395515413 0.5306606889714044 0.5084992209190154 0.4978947432045572 0.47138596551806927 0.5454332150682415 0.5903345732507073 0.5987438892278034 0.65122807771685 0.677588056262405 0.6788021790714152
0.9556304326458156 0.9334576194895461 0.9046952399666796 0.8459339287935992 0.7400141522587935 0.7616783328004452 0.7565180974801058 0.7521801955072985 0.7011007792110243 0.687081539456421 0.6295164231971068 0.6506158668571221 0.6000957407062558 0.6352761078150067 0.5837958696753202 0.5887048374378006 0.538077779012121 0.5449813747411888 0.5805914263540284 0.5613177250507775 0.4851880411401572 0.5076731189972423 0.4747154891066304 0.47500885390109865 0.4829113690000579 0.49137271072885547 0.46347570537151195 0.5401415229787502 0.5214133779139387 0.5277301631102979 0.5715602055079237 0.540689652320908 0.49083287051874297 0.5305440498927974 0.4916072676025963 0.4220344031610694 0.4147945522328196 0.48993041875959986 0.5133427391596335 0.580586550516067 0.607658412709686 0.6362388749971846 0.6555985624869002
0.9789661331748335 0.9809440592943536 0.8983076150242392 0.8253745622793862 0.7750511187473512 0.759620432681979 0.7219800185886999 0.6864136371143399 0.6660427291284173 0.6514602674446984 0.6277716611924639 0.6572074915585134 0.622491140766288 0.6246499059780862 0.607651932973786 0.5262248621316663 0.5251176642830543 0.5124187242403763 0.5658022535059433 0.5036383241541951 0.44508638531574946 0.4445661031552681 0.43995185545850035 0.4467900745435381 0.44834289492828144 0.46459590151650126 0.5089675668673028 0.5146659506711624 0.5090006989817669 0.5551447667648605 0.5600652468728653 0.5501272932051835 0.5380734388855078 0.5003589061118974 0.4887936037434774 0.41618389192444555 0.4389316990165127 0.43695056642687763 0.514591069839124 0.5287848712137234 0.6237312591031323 0.6177410457637619 0.570851225256173
1.0 0.9915359002877213 0.9352275336855483 0.841654006427853 0.7418313344252027 0.7697348903779734 0.7470620815347119 0.6648183316039598 0.6664755798251552 0.6716067169772725 0.6812043230911592 0.6806038831878994 0.7373281430229146 0.633616803982648 0.5764447684926337 0.5715877266165661 0.5327995059271078 0.5595341262596044 0.5264285672605701 0.45312866738455526 0.4108634262409321 0.42235141051255215 0.3671605900847663 0.392255260852663 0.34832124671550124 0.40498096283396495 0.46535270661295325 0.49913200358274934 0.510165491951123 0.5247078865918205 0.4979978145623899 0.49216686473677435 0.4930666024475928 0.47558140540487914 0.412223816866431 0.42672270685151015 0.3922188660099328 0.46593751321136473 0.4518406817591659 0.5352630374447146 0.607532528817549 0.5789356190436904 0.5379681952534876
0.9983046617105477 0.9587845745487755 0.9062006409625487 0.8279578230649269 0.8180262531402674 0.8179286758594235 0.7970286571524972 0.700316087717014 0.6803609337709215 0.7074560762256966 0.7313451113955055 0.7406490090093627 0.7444282566013986 0.6686101724261988 0.6211620319034131 0.5907792749285297 0.5436410345702081 0.5374318895286221 0.5057424290834817 0.473272715399409 0.38890163014389617 0.38897724135745837 0.35922998568591247 0.3498624996312168 0.38932259822916176 0.3620206450999368 0.4241689770750564 0.4761129669446047 0.5007386764519896 0.4894114295400542 0.4534612903526789 0.46069349738867515 0.48604983609056956 0.40578710308020755 0.42799623586986457 0.3962504858374039 0.37270289830173764 0.44268484353235626 0.46162123350767525 0.5516860152699147 0.588470837083446 0.5563596169801682 0.5890039969175691
0.9867809297400616 0.949744414347172 0.8893923549645915 0.8734179400033042 0.8921414840954813 0.8773987133880014 0.796491368786323 0.723311332536973 0.7278412699788053 0.7663620267795053 0.7213267678642379 0.7307521042734222 0.6959710592093822 0.6651005316902026 0.6275489990785471 0.6089289400864957 0.5666271642674134 0.506996017544186 0.5014797043445878 0.4460973565116986 0.43117384650899293 0.39735405928112066 0.412465630398263 0.36074887369422504 0.3761948656450008 0.41652776917124495 0.403207148899778 0.437703980336749 0.4026219539617145 0.43966682833072634 0.4946084261359851 0.4166361233496592 0.4394217363809212 0.39466466480290857 0.34912941555033056 0.34847316786275 0.3744942540271823 0.4352433614630031 0.47336337347969204 0.47574695533046285 0.5750924050598092 0.5336503944025776 0.552161179336251
0.9732279846082668 0.9127356494573192 0.8842443039581139 0.9124036265735546 0.9244579662992269 0.8742466340928531 0.8261584791043819 0.7915457449722664 0.7501969824412087 0.7698633850106071 0.7387424913946181 0.7453300531740247 0.7333975286844371 0.7087922077517959 0.6375815977631525 0.6442117440592263 0.6188147450630254 0.5513125332694156 0.5200340998562152 0.4796334178161751 0.42048069394314747 0.41826548079774656 0.3896325953577749 0.4070594030158651 0.3922810783204713 0.42720908814766556 0.4052653013078585 0.43182825436696376 0.39198305188200716 0.4100239769931671 0.45037828590731893 0.4076042579004259 0.3867182174171466 0.36993987787300303 0.3421598402041197 0.37189308768978163 0.4005739250867341 0.3888800927588674 0.4053322114303687 0.43909071424531537 0.5003953601850307 0.4953933557807157 0.5213300857458876
0.8897822993785451 0.9588654769872967 0.9631089876340632 0.9212412764865647 0.9078061231307282 0.8419799121801141 0.792152976818242 0.8163747543838659 0.8327234643169137 0.7767155829534366 0.7424903303243544 0.7618076759871688 0.8089936787954488 0.7573173395348223 0.7181389843651419 0.6307164910340204 0.6184846950004151 0.5944762415834935 0.5378832005742243 0.4367159876218646 0.3947303985024362 0.3835910911205632 0.4096616117499078 0.41366556575452446 0.4203222791430267 0.43859802331964387 0.43870187156504675 0.4712860819572919 0.40912038905453274 0.42282546882343924 0.35150658269493923 0.36425319590079 0.3533194660282019 0.3314415519718002 0.37443608741892603 0.37674538856428463 0.33552353760589065 0.3889662862005203 0.4071613441622279 0.37163641407622366 0.4126939287776188 0.4229268092760578 0.4356580546975117
