Raster_benchmarking/Raster/continuous/raster-36.asc
NCOLS 100
NROWS 100
XLLCORNER 1743150.9625848928
YLLCORNER 5469278.062687075
CELLSIZE 10
NODATA_VALUE -9999
[rows 76 to 94 of 100, columns 0 to 42 of 100]
0.021819935029227185 0.06827930819150384 0.09160846177707847 0.11843526237278999 0.1258797677923218 0.12549944008929118 0.1546001600630209 0.15188032883262445 0.21348790523256236 0.24011508182228458 0.2441949381853367 0.24808397640820384 0.25560524727239475 0.28604477273137385 0.2884204447997948 0.3449050218604677 0.3400472929434178 0.3603158130076504 0.37411751185812275 0.38864528391284464 0.4033737719345875 0.42025543512890695 0.3962042092134262 0.38519184914852295 0.38700719300202663 0.38218627780596126 0.378573567702223 0.4424942570253389 0.48133550934913577 0.49409166088754203 0.5083041721297148 0.5082614790536549 0.5255449865077592 0.53530967205954 0.5375758162271064 0.5527528555840862 0.5438591111283835 0.5327519576032835 0.518120937083189 0.5050626557871113 0.5321993474493519 0.5448666997070306 0.55157005471115
0.028843038563953052 0.0469764709859842 0.06250263089035185 0.1100397725656077 0.09451260449282066 0.1094553812234934 0.12541726195628317 0.16842035594340352 0.22335242438369926 0.23843662104208588 0.23128818608341192 0.2634308907423333 0.27779921283359615 0.3069645852666264 0.30610103923851617 0.3184067962476123 0.3486523571062716 0.3577741058840582 0.3760207675745038 0.3666451921720902 0.378403106344138 0.38483179795628886 0.3668308373660693 0.3860533484744267 0.3925411540534042 0.3535943564479869 0.39688245769338576 0.4089868599591729 0.48790484280586227 0.5123647377631791 0.5254011967038354 0.5261616129443349 0.5408794256614927 0.5335018577821917 0.5363966411034482 0.544284852911039 0.5670968831220007 0.5239863408587844 0.5153579796729081 0.5235851936508443 0.5347375192614653 0.5951790515898081 0.5976271134907242
0.030794632755184705 0.04318836512786821 0.07345305055290949 0.07752702928504605 0.12246952138430735 0.15297439178071795 0.13789329596687794 0.1870522018268937 0.224916610430291 0.2555202125605755 0.2525662487955606 0.24875270918709164 0.26218875366953126 0.29458866211985946 0.3079405623687036 0.30365175400691224 0.34231783545996375 0.37800728883425194 0.3789669992774301 0.35052163963475347 0.3426868642845591 0.3668314566880555 0.3750796987968791 0.37559808726833865 0.37707278221139867 0.3823944304782877 0.39111643972611826 0.45967486819473813 0.46790921693188753 0.4956783745024927 0.515413641532225 0.5342315962886661 0.5319900360745944 0.5634673024162624 0.5381333230075724 0.5746887354104592 0.5670276158118825 0.5586039656044958 0.5791683636154941 0.5783959367589567 0.5665832752952699 0.6149117885393202 0.6110624566522492
0.05418897194955134 0.034864642048486875 0.05709595816404438 0.09115510663288068 0.10444337113128378 0.1483981772668987 0.1765426704213718 0.1561720394329893 0.2184340820263912 0.25944368986286537 0.26975244875986815 0.2699628882624184 0.25773372872455214 0.2704267012691494 0.27459258538951264 0.3102353988617643 0.3490460686237409 0.37714060121750337 0.37979318297603415 0.3680784131375381 0.35669936093485477 0.3454304848870534 0.386935223691375 0.40346863345325185 0.38440368651009105 0.39781103328514983 0.4115657487575668 0.4779143602223016 0.47888073824931654 0.49355760349501104 0.5290560407882342 0.5587935330372308 0.5518128021158987 0.5548775594019316 0.5759550340369969 0.5743060563317302 0.5764899916762712 0.6186270778453181 0.6220733463199032 0.6164476901817793 0.5932274371404876 0.6078281357856506 0.6207939835533021
0.07131872606364999 0.06238264778256797 0.06545597904273412 0.08713439096626686 0.13461695438998744 0.14844254265773987 0.1840243760242972 0.20686427533203747 0.23610456162695218 0.26882386628456484 0.27531721276675597 0.2508177191341095 0.25183779149941055 0.26402170952266707 0.27650159506156596 0.3326963998821614 0.3519606848778166 0.35983550234006473 0.36306107247628006 0.348217757580473 0.34396452246594017 0.37164424767599863 0.375256924655867 0.39464640431727416 0.40289612192974655 0.41098105064404755 0.42438544028767594 0.4812951823161213 0.48589448663959184 0.468536125942986 0.5078406343414092 0.5241693005652613 0.5586305851047314 0.5530071540502451 0.5704782586035398 0.5912317007646221 0.6216588247460956 0.6336748289739451 0.6210931035280473 0.6279078813055904 0.6308498618100157 0.6009015598592174 0.5987188351449506
0.03315931288366132 0.07658594651455218 0.0876968496071089 0.1030295685578948 0.11527704312107195 0.15721601070099847 0.16351208522406377 0.18752009218578378 0.20069311572815765 0.25561947426209203 0.24340892866076563 0.2525412913713948 0.25746114287817623 0.28717089894814446 0.29236090556710076 0.3285965646357956 0.3112688950612155 0.35152161916087676 0.3730679405252567 0.3795141530086098 0.3630751288530087 0.3728245153836705 0.38728851949728266 0.4196563117755506 0.434120888887938 0.4370077702517461 0.4423164856602945 0.467633786254577 0.49078101723875367 0.4765487954582165 0.5170565832726636 0.506335900518644 0.5616815029477517 0.5868662802787941 0.5887338814624169 0.5765565960315903 0.6248823017408517 0.6216641631206109 0.6560770490350522 0.6496964613244489 0.596803927438412 0.5726557878239661 0.5698111764249876
0.03803826545034517 0.05498364169957575 0.0845753688537374 0.11620407691580534 0.13706930270963633 0.16047570943643605 0.1596315782190509 0.19122007249015469 0.21414206547607867 0.23038233303490507 0.22901666385442637 0.2476090290890171 0.27101230849665714 0.2891146205522615 0.29918158508812775 0.2892237317257067 0.3059939598057322 0.32941130093395227 0.33452350749082166 0.34973378262398674 0.35134228824312513 0.3455902582849739 0.37282648741399876 0.3941798068775302 0.4105892207194655 0.40720376589795015 0.4277488126558375 0.4438076803471152 0.46409256556205825 0.5261840226316461 0.5194286483237771 0.5529206925268509 0.5644448849949419 0.6046538318661862 0.6121680216849154 0.6044553501504338 0.6141139178204975 0.6592562557262087 0.6620367029261538 0.6457797658723857 0.6042244256883295 0.5676631165183902 0.5642555874174592
0.0558706744400242 0.02344633998115204 0.07990436277983906 0.09013487877621643 0.12756374427548556 0.12133146160612303 0.17476726075994536 0.2027072507480488 0.21852135717869972 0.23694960986835747 0.20761572729680647 0.24125886719502768 0.2542647099094746 0.2573714268614962 0.28515990612874736 0.28300995257849976 0.29362785577609507 0.30715355848717 0.33280203543107567 0.3315661559472814 0.36230172815043865 0.34668720196232683 0.3466994975211846 0.37853722265695816 0.4262577126119992 0.43691842320976354 0.4269682163059553 0.4377167972220927 0.4798678944103926 0.5561735389444529 0.5277400192162612 0.5444824385566369 0.5679159001052095 0.5758526661590739 0.6063122968672772 0.6377264140576181 0.6372728889735414 0.6850818491525839 0.6539891415393896 0.6786604007736614 0.6277013449984447 0.5743346537131502 0.5720638643135024
0.016512800602078354 0.03322458874186255 0.07929366249820098 0.09399265696875135 0.09279898664899047 0.14289126399757493 0.1748868074155382 0.21553484231610007 0.2117936351577021 0.19880305186815617 0.19375091590186497 0.2152178018796138 0.22280557264824616 0.22176441694741875 0.24280162226462337 0.25749371919534747 0.2839317712300034 0.32093305048889154 0.3311033043111009 0.3557572098944307 0.3563309937887608 0.3627194034023906 0.36118014448965946 0.37641865680532355 0.4068638690875583 0.4141416081507557 0.4299327775965976 0.43123372154136974 0.4951337878983932 0.5254692462458302 0.5528034050014022 0.5551890112548519 0.5591583581190482 0.6007133188063857 0.6287486678091437 0.6489775582766683 0.6684797580081671 0.6542611689576002 0.6620746778534714 0.6772943672643812 0.6264552357908196 0.6217008636659394 0.5906414030092643
0.023441111341109593 0.052291027443362274 0.07995405812548288 0.05964810766195845 0.09506072453838961 0.12039596623783824 0.16068894023468325 0.18803644896725066 0.19530247938133397 0.1754464348652831 0.19575274214887653 0.21262849453123836 0.21584733245081333 0.19023558411590194 0.2429053118383797 0.24136333581263955 0.27089327446791606 0.29946789049617834 0.31951635944728246 0.3574027489490374 0.3667015280707342 0.4022712765180118 0.38804333972599947 0.382854437587277 0.37513786518021325 0.3652141107448797 0.3934864101922703 0.4295317448066678 0.4640447627579304 0.5060526205646305 0.5278326462323951 0.5632848492084802 0.5851498924422637 0.5792829869009709 0.6194485864854269 0.6641149717847049 0.6450907129928042 0.6367939359532955 0.6444949839574938 0.6642538663170875 0.6627992047833112 0.6583952177430178 0.6267380550596594
0.04104730918809807 0.07439586247442091 0.046922590509085746 0.07439098395902981 0.10022116250712299 0.12761027941743613 0.17015053313920517 0.20685698873871713 0.17376528774596373 0.20560643771070022 0.21005524948522142 0.20774191532824088 0.21709736368405655 0.19620181280613685 0.21668453629413265 0.21189186334512802 0.2683531279828682 0.3034707120752538 0.31915143661983847 0.3693224206494219 0.35229058444887756 0.3642051001634879 0.3650584317367906 0.3738071077440456 0.33539944214550327 0.3554451411319805 0.3665231330891192 0.4074065135398941 0.44125876224284516 0.5031135324959373 0.5306826216947245 0.5414655717816583 0.5816492691042223 0.5919459739515196 0.6364916924901945 0.6632748792079582 0.6390734324856266 0.6554558455194958 0.6720125595753039 0.6758158570703744 0.6837521799006488 0.650534579456736 0.6637600673332861
0.055100583634316684 0.08990868442606677 0.0635075132533879 0.0737583658793351 0.0950258358823565 0.15617034484285083 0.18646830257407895 0.21542933657440744 0.1653430163893616 0.20553675506809962 0.2243982941349955 0.19634933279947223 0.19083351129812928 0.1915258645539254 0.1964887946014984 0.20727952698939184 0.2235783519948305 0.2651926499255926 0.29581974915430254 0.35905943755329134 0.3357315110601646 0.3660687190391221 0.36944754855713885 0.33013052062988885 0.33792513642662564 0.3557176534434345 0.37555116741676475 0.38926018663048817 0.4365785613877338 0.49108144724444586 0.5209941169161914 0.5463873489394127 0.562491892993397 0.6139982705412913 0.6382966557816598 0.6357003277521058 0.6367853853318163 0.6862272597642746 0.6509973536001326 0.6699442079369474 0.6763131752433994 0.6641658890508866 0.6680766971208695
0.0666810964556066 0.0788855161082362 0.09765430410159942 0.11149319377175591 0.11043620927529078 0.14657095828069597 0.15209760768254138 0.1738585419629741 0.1584554879510021 0.15324280396713927 0.19331481354814958 0.168964989813132 0.18311311474443487 0.19753303230750588 0.22132444937054116 0.23066773101084362 0.20947367230997646 0.2711202967311049 0.28344623214550785 0.3310527500008939 0.32837562708489115 0.33394325141869086 0.35676815045796484 0.3445929657798063 0.34874629512800154 0.3511972111927229 0.3867039097249876 0.39513866140682846 0.4452051931574011 0.4973931926351184 0.5169098406605456 0.5072398617681805 0.5477256483370745 0.5707123578906104 0.6286799261747855 0.6416752615011958 0.6281695058524276 0.6412887708431759 0.6639034866619202 0.6807952187145299 0.6710173236886694 0.684829911735844 0.6968672136357622
0.06820875647178609 0.03630596193065493 0.10097045456570823 0.11788610812560771 0.1459816409034354 0.16893178171832737 0.1681159320197448 0.16236344026814195 0.16993452149660215 0.14476347141768806 0.17353088110309983 0.15358014986257645 0.14952597183070487 0.18757056162555183 0.21832990000627583 0.2241579415962353 0.20523680579562284 0.23568777084236034 0.2957895867346643 0.31319312767533103 0.31019240431613804 0.3325037556828862 0.3583463322690864 0.346221034214681 0.36858974023546115 0.39334510545192974 0.4121801437994843 0.42142561581925947 0.4530474742494595 0.470087712208233 0.517921616476734 0.5131402949244084 0.5430659619760353 0.5649872652580561 0.564925583752297 0.6082346684967125 0.5911814659330777 0.6035869741252202 0.6640002061111715 0.6979768087361627 0.6547693640964608 0.6785145740362826 0.7135727625421442
0.039620043555355804 0.04951527475149414 0.06480250439413071 0.10646181256318063 0.1275189843057411 0.1593716008368743 0.1918093674749912 0.1606631425252222 0.14285059466545189 0.13937967348751976 0.1582757847112167 0.163210528935732 0.16168761527998093 0.1769507299758321 0.22036531445388907 0.2338739191675318 0.2433138570657169 0.2751036643275469 0.297419502866201 0.31019387334994764 0.319742843588191 0.3351292919662592 0.3489422248739399 0.34000118800306284 0.38728401638602755 0.40067532965731606 0.4093126275113841 0.4347921989079823 0.4605054155395703 0.467195156852991 0.4920421665739568 0.4838629794434051 0.5077837600746048 0.5412390116153384 0.548142128798456 0.5875404020459878 0.5682931260234636 0.582805951688497 0.6525152024408447 0.6688938716905175 0.664061524952681 0.6740459443588167 0.7280048941578934
0.012190640295906678 0.0 0.04000783688350294 0.0741406018971062 0.12861643203891582 0.1723984979355348 0.16388517804752192 0.19280947449138577 0.17810103334006205 0.16294341193325584 0.15679301237809876 0.18448490358142017 0.16255996342760076 0.19060216533056348 0.19737767555189573 0.22089985587941238 0.25246257902838815 0.2661507513923249 0.2908386262108286 0.2830254550566823 0.2874340696120016 0.30906059769583305 0.3344100543636737 0.3433592499783123 0.3629991216327082 0.40114174642083733 0.4256809238774569 0.42085507516463344 0.4335691605763503 0.47012103712858866 0.47966475150838767 0.47476526731342267 0.4887272191873884 0.5163326781136611 0.5266639178416946 0.5592438922857812 0.5439288124057338 0.5760817599328119 0.6242878920415182 0.6450297509278874 0.6688205458269637 0.7178063576649026 0.7285306108908368
0.0132613020511766 0.0010579467707956818 0.06276729285484073 0.08099675758287314 0.10900848077279385 0.14062801298148078 0.15598226594583225 0.1734798595850256 0.17421294913067173 0.16156586298737896 0.19063189690265003 0.17694482279959467 0.20367350999144632 0.19163089403256697 0.219558638936512 0.2392013220352196 0.22642140043916642 0.28685599466701733 0.2953618032598382 0.286403003259945 0.3300554407511327 0.3363776135669597 0.36886972935536944 0.37617954763517736 0.39219876649567254 0.43014022180816974 0.43906069346347465 0.4273601590518185 0.4355810576441538 0.474592037136746 0.4628571322198615 0.47641824793386484 0.5090604520449211 0.5260793960175704 0.5541819627718624 0.5672671533802971 0.5625006872014763 0.5919326157307581 0.6241101771734399 0.631482300211473 0.6656513620561932 0.7059197767654178 0.7145190155024332
0.019982204162712087 0.021177976706848622 0.050605939818304906 0.08799609809417781 0.10987200352964206 0.15972015999525974 0.177321028343812 0.18568251872300068 0.19142921145234412 0.18166258668843388 0.15149356299030367 0.14151593214467167 0.1852627499704733 0.2158924190523868 0.2132963415322458 0.20915401328706554 0.22502029758723358 0.29941942218775036 0.3234366354569027 0.290506142985216 0.34911357637199436 0.37606127621052854 0.3905209848359501 0.3773353479567187 0.4224264001305528 0.4194474851317125 0.44873661211252425 0.44860318743464755 0.44906976929909975 0.46435436765829036 0.4855741840736384 0.48486132502253393 0.5176183843320902 0.5329710815585514 0.5246398209167102 0.5570477899220566 0.5594158619006547 0.579813150261806 0.5885918692695478 0.6368260811390215 0.6452369329184119 0.6956111455733209 0.7136373137475337
0.057953191450690146 0.03578071082033131 0.042971165363841685 0.07146243160004104 0.08686597970310501 0.1553597127798974 0.1703230767322427 0.1850594922214816 0.2090770594939681 0.1780038285491978 0.15131708255065804 0.13137304749528353 0.1518680277699576 0.19017073710763685 0.2294103597647767 0.22773146828325633 0.24665617280389912 0.3056941223528726 0.3360995889279191 0.3507252866336244 0.35237556808038895 0.4110274087362756 0.4263639984140922 0.40996005693239346 0.4351185134684651 0.44109488113067735 0.45819814669888265 0.4441512204796642 0.43881350725203633 0.42926535043096153 0.45357393047252365 0.4835470232345423 0.48273649045501404 0.503909919368001 0.534966338697908 0.569114010218173 0.57594957296641 0.5630096027769931 0.6019877577300196 0.6495716662672099 0.6573411906493751 0.661632749222064 0.6839634790510719
