Raster_benchmarking/Raster/continuous/raster-181.asc
NCOLS 100
NROWS 100
XLLCORNER 1743155.785796805
YLLCORNER 5469291.363150282
CELLSIZE 10
NODATA_VALUE -9999
[rows 19 to 37 of 100, columns 43 to 85 of 100]
0.3060052705773214 0.3259544202632745 0.2971147482902449 0.29947583759671736 0.30605899925676255 0.3022884673127575 0.3428999190374019 0.3479368307528987 0.37726507821066113 0.40101966029210084 0.4111324477140894 0.34795304898437573 0.3522568706048315 0.381388846779324 0.37352241934619435 0.3289150364459534 0.33360228035580985 0.2738726493151523 0.24136875863444837 0.21277011060231518 0.2142269414807079 0.2515759069398503 0.2840598507362115 0.29704937125544023 0.3088806785406332 0.2933219963482983 0.2956993234179382 0.2878868741522895 0.3234398056162581 0.3394728482272467 0.3314523434952765 0.3882897722480371 0.3951213678119064 0.4026421821276511 0.4121599010081128 0.40766852279928395 0.3916905312658406 0.37820656861855345 0.38657436466141804 0.36158608897549893 0.34056013575883587 0.3455462011560119 0.38220529304924056
0.36549508741784287 0.3513234660969335 0.3304241456882639 0.3189160051712997 0.3354109625374123 0.321708347108456 0.2927357003215109 0.33495566323448683 0.34085214067850134 0.3788377512149594 0.355475686029946 0.3549105680753516 0.34472291944359545 0.36074708217604845 0.33295355369242785 0.31801504170903866 0.34585249344808244 0.3048852955449146 0.25448606432344434 0.1942845709397339 0.20625252296399552 0.21040694442463784 0.2300374175245116 0.24571920210809559 0.2784717082118696 0.3171646803556935 0.3003466731174806 0.2991066517777651 0.3321485734168091 0.34494332355486806 0.3633240713780625 0.399047051684593 0.3667313005286594 0.4048791586085494 0.4019488122196672 0.3949745398312625 0.3534254144893687 0.3424668558259929 0.36553837868738115 0.3342414530112501 0.3680480510539969 0.3341888060662381 0.3533528135270717
0.36142794756193475 0.31380201591594575 0.34620635401010724 0.3055122853499038 0.3264008803360631 0.3138216149170903 0.26914859427512877 0.3015767934855862 0.29723020915251624 0.3220111570318319 0.32212355386445235 0.36448120944367257 0.35647880918833535 0.3434801325926927 0.3173340305180657 0.3120716403988873 0.3455940490926533 0.30702045379334797 0.24078927796662045 0.1967244373854946 0.20199935554818288 0.1875199423830091 0.22457440361669392 0.22697114955315364 0.2730743896859896 0.28645179017987954 0.2826728423908249 0.2894488660051942 0.3565350481566954 0.39738089572160157 0.42068038450296835 0.40540474304346985 0.34700013700717497 0.39815494974898114 0.37875890542468327 0.35697076608800216 0.33527087900185215 0.2949546691638339 0.28158384544952825 0.34367240521848774 0.369758268330251 0.33225880591014745 0.3497523774193517
0.34765963900928754 0.31367054937311445 0.351374637617498 0.3504917742471785 0.3231990596135945 0.3391761480018735 0.3269496455284842 0.33083581041436677 0.32763943977556464 0.35852946713125106 0.3355455047280712 0.35246762364266354 0.35802776575581186 0.3393353170629565 0.3539983164279674 0.32011842467579443 0.32863598210366873 0.3132719972357076 0.2779180429717143 0.22920954428951149 0.1920133293461466 0.21252903702730033 0.2462465699620458 0.2606329213319765 0.2684769403491131 0.2876689317217219 0.30053584041758125 0.320600030084015 0.3221948985163572 0.3943941950895176 0.3775158742156095 0.3868865458959151 0.3987578059631427 0.3997448121725372 0.3676456299307625 0.3391912242851752 0.3531441611366119 0.33832411310292654 0.3491543310461503 0.32741403916506784 0.3545764200705086 0.3983633555877736 0.37261504745348817
0.2971261003978567 0.2999855151427985 0.27525683159177694 0.2990437564653059 0.3594876366052028 0.3290577904029088 0.3499036429835289 0.38058136255780406 0.39634484307134416 0.39723944871440847 0.3704291383233571 0.357751715469237 0.29803796671804833 0.3168883573990737 0.34098401245306104 0.3057775185319762 0.33248133978421773 0.3203848698860399 0.27166313539274783 0.24359450175030936 0.20332327172273845 0.25509068377747424 0.2784887586779319 0.25723709902811126 0.29401497837566953 0.26912748038522966 0.24590796071939955 0.32889632284324755 0.32341558540304494 0.38825991545118116 0.3637131836030168 0.39555817240541896 0.39494627825718814 0.36344290409207036 0.3638066029724708 0.3615692007834311 0.31647491867838046 0.3260798600220703 0.35738394642251575 0.3610716558268141 0.38561771190297894 0.3871625008117631 0.3877232217803066
0.263742012792278 0.26546623812434045 0.2555917340389322 0.32515750870830834 0.3601654657157192 0.34960428193926457 0.34512146661604043 0.37196566558501887 0.3897910263427503 0.40859158025988307 0.4018527289641334 0.36957508167004843 0.3683199528326745 0.3502989065499568 0.3267281558471232 0.3428271246400326 0.36352110306352464 0.31022260489737596 0.2895590669794797 0.25550450134991015 0.22502254634364707 0.2272237589646692 0.2432516819820441 0.2564064693691413 0.273111035126801 0.25519668455824546 0.2845723117638503 0.31937907791244896 0.3107414552790538 0.3755184394568117 0.393431378120583 0.3963240337297133 0.4139556870970062 0.38143521324733787 0.3617893062294207 0.33720121655006075 0.2951642988875081 0.31702026953293044 0.3719121049844943 0.3948298666669391 0.39332408270716723 0.43656960958281704 0.42422337716033576
0.3041648795569234 0.29835211305614195 0.2758929563688813 0.3363689632747895 0.39704308650514997 0.39402110099087967 0.36063314052930046 0.3803745985922242 0.4244609939709051 0.4085451336203432 0.4316154954431495 0.3739709751085475 0.3740585388131023 0.3727226500127218 0.32814132354309783 0.3822895111459242 0.36454211622415567 0.37669893517434344 0.3488013453395468 0.26728011406826335 0.22576074779358754 0.21359247661728792 0.201493835718924 0.20759442645925505 0.2183746864609165 0.2530698419563388 0.26799452008650543 0.2966470845847355 0.34649040807062165 0.37639469193403846 0.3662572264935463 0.3906717770998193 0.40192996779142376 0.4270076120205577 0.4299354130717762 0.38473912926308407 0.3212734785656417 0.3131089669837916 0.3311622371085003 0.37097570354890763 0.3871207324257554 0.4505322263984512 0.4700559414763595
0.28347624361895973 0.2660685508655366 0.30652619610949006 0.340121010286606 0.3701237776359434 0.4003359032107381 0.41051931895241517 0.4087072232878455 0.4495520774206388 0.42879262996918927 0.4071897234737554 0.39844970532799767 0.3965464417918732 0.39314597153632613 0.4008274105732531 0.38569962573641636 0.37866198548539026 0.3628120916191275 0.37694818939870306 0.33631955976539485 0.2559622323238422 0.23616278978920519 0.21734868928594753 0.22118526049313914 0.21270212518048703 0.26878569677643394 0.2984185548970862 0.3016900469847545 0.3081154371124869 0.31249495142645883 0.3237224358815813 0.34093973436473896 0.38902003973745586 0.4209594971083475 0.40417528412519566 0.36651037043829576 0.3267530346799261 0.38188731134381415 0.3788852101454057 0.41211922141175233 0.4446473111191604 0.42484654554103 0.4861062202082091
0.27593742983896097 0.2846904825170117 0.31166053368811075 0.3411830587484919 0.3876335676259297 0.3809736881735646 0.3563916636033875 0.40447626679984755 0.4251797070289578 0.4479036190630742 0.4258640478663741 0.42393419986121234 0.4168451278371643 0.3760907846319986 0.41330964762924016 0.39156367891999305 0.39787493182329287 0.4081022822922951 0.3891839631332793 0.33622251093447586 0.3029247027994095 0.30613030019682086 0.28907845417512895 0.2719735498205018 0.24912129193056032 0.265478564653918 0.27088698848253295 0.3082172304632026 0.3101228195521054 0.29666550908762235 0.32817986093306856 0.34262448501010867 0.3494865073969139 0.3702825893451515 0.38880862136416156 0.3851048480903653 0.3490359766414233 0.3660038498649278 0.41572537234329343 0.45688067257533743 0.466241790288531 0.466902930406342 0.48658125772607846
0.30912872427622234 0.27983857556597314 0.283241537512958 0.3418536316278399 0.38159707319309105 0.42416108497356947 0.44173655417568086 0.4171753991536504 0.4198888960341952 0.440353558957733 0.4110474538799126 0.3936970148832184 0.38501172223773933 0.36944916162306135 0.3722495269563644 0.3721785564399942 0.35801033884994365 0.39426462219666897 0.3642226738844016 0.3295341288213653 0.30846084792110134 0.3193203889338736 0.3314228466282674 0.3030230782982579 0.32635067952449953 0.3300352819107409 0.2884110437392977 0.33763863201699756 0.35783840718341636 0.3470524464743266 0.31251874359817267 0.32159916343950734 0.3157613570751821 0.33559710397816234 0.3463136255210888 0.3457701091374943 0.4028560281399948 0.40105853991970747 0.4457697792133217 0.4367285751265681 0.45129604355133596 0.49972850016900117 0.48592037582238123
0.3276913155996927 0.2988761181383883 0.320884285837795 0.3741794602738219 0.3899357704540125 0.3910516165768308 0.44897773904238353 0.4298857284110279 0.36526239904098373 0.3890888483052126 0.4458877811837061 0.4100849730972821 0.3702522253928534 0.4019763711030226 0.37970340832006 0.3943281242843681 0.3798214376005547 0.3599618898036858 0.3268882213062172 0.3711151283677245 0.37438086832604894 0.34511649199421135 0.3565799053257636 0.33845730158581805 0.35344407331425054 0.3646700134025507 0.3345682676491406 0.3424854735366565 0.34135190873843063 0.3244254526908918 0.3711356211384257 0.3759639565500776 0.3289437728469722 0.3228734660783146 0.3572502085881777 0.3648968300596619 0.3968644622041302 0.45247688254693863 0.47394046991599487 0.4872893733774451 0.49004566276746114 0.5238726396809579 0.5238397622088982
0.31772315819892216 0.32621545770325194 0.33105554810837323 0.3503765157124907 0.36152683271436015 0.39517827000200867 0.3891339227450626 0.38774220389049296 0.38963609176052433 0.36533738103497715 0.37164669615530316 0.38777220752553604 0.36864650127780496 0.39052238804837974 0.4078052542163214 0.39931662453667505 0.41096984906924494 0.37130291934703735 0.38358475854191404 0.3752924380904043 0.3629663577355481 0.3642954242936137 0.355268479289699 0.38434290958459616 0.37627388370900716 0.37403055901139665 0.3710960513365149 0.35984418709957716 0.3632691425956866 0.34652161667893394 0.35700008412194406 0.36367883259091793 0.3440426735218273 0.36023455829961454 0.3910685890132112 0.396662793020356 0.44632207952340164 0.46716741022311864 0.49913325979275847 0.475798977976206 0.5219821297628934 0.47960857391314266 0.5216025099805108
0.33643609247079836 0.31375698779292577 0.32366820322216094 0.3844446557620709 0.37157055003455475 0.4182555519263114 0.4243539257765521 0.3917898668297737 0.34808350465127985 0.3312730229373377 0.35054775997743987 0.38952467500939575 0.419754446237225 0.39033836562025725 0.3779089340165427 0.37951762813715023 0.41405111109955356 0.3804924575664812 0.4069908053009367 0.43840753100693947 0.44460201679956957 0.42394235393467955 0.3885750064105035 0.389323305896538 0.37637529295266126 0.3501788686360162 0.32043475237281 0.31942906036728247 0.33460083356510734 0.3263864458481178 0.37379889529320154 0.40155415068476236 0.39194229654749235 0.39796579391007936 0.3801668845850429 0.4143695249013996 0.46464292507683247 0.4889586544544072 0.5245032008249954 0.4956223009163039 0.5355230634793825 0.5095230334677014 0.4882683733727002
0.394306425020726 0.37516994180922486 0.40110006238689755 0.37932674204746925 0.37761622429107305 0.3916281004541274 0.35851756336942847 0.3987373948334741 0.3795061314836042 0.33674476037028006 0.36897957388849245 0.40347348641850933 0.4491927914135622 0.42576951884365816 0.4235657948818684 0.4341843354761855 0.43224573002335265 0.4465247211054977 0.4343404013513296 0.4453086317281815 0.4141707930705594 0.4244137124190538 0.45843196276237896 0.4225241953979892 0.3857245580027001 0.3618095079813383 0.35933749445454805 0.34025305525579763 0.3419180073950201 0.3242209869343419 0.33466876524094685 0.3819760231626469 0.3748155110280344 0.37688397993627976 0.39276030459839545 0.43260964222958326 0.4796921547315158 0.49593529226795796 0.5042675866679591 0.5418536742591841 0.5085927227237698 0.52608515492561 0.5294925821952372
0.42281361420900043 0.4079673576536286 0.410430666989978 0.39513157720760234 0.4124041494813559 0.37211408291710163 0.3240409008305663 0.33121196709081363 0.38044953892036526 0.3620422067233645 0.3538024578203458 0.41705094796689735 0.42793792120493895 0.4270861187684678 0.4577040162811723 0.44330823173099326 0.4496631107770655 0.4572451945757124 0.48103409223233384 0.45703088126334834 0.4218304688859143 0.4251399953217756 0.4746874709730055 0.4240951342101634 0.3615259364668604 0.3620577100273749 0.35539858318961814 0.37193109747583186 0.3762592448411889 0.3331870151417082 0.3308716420287924 0.38334987218969196 0.33911298105085735 0.399753129805505 0.4051720913040821 0.4682264928746453 0.5018378943747683 0.46548313812765707 0.5006900395567 0.5107782576512685 0.5390858828157853 0.5201941864843819 0.4836169201402057
0.40932846972318615 0.3789837225654802 0.392551612290062 0.36719148676046753 0.3736852595042389 0.3587339039076879 0.3428916273676559 0.323652502679307 0.3053386530381474 0.33748796901974765 0.3669018032367221 0.40479453291404877 0.424228486158777 0.4251658844272936 0.5030557212482254 0.4990070277428233 0.4745644019604209 0.45449386403000175 0.45864446622109517 0.4503823294033841 0.4099231979822625 0.3921679697063758 0.4350773836387989 0.4001796466335897 0.39287315655487665 0.35939392085659294 0.3754410385774082 0.39076088190424585 0.4049352329131001 0.413339031072683 0.3660515485323547 0.40119315614707474 0.3609860923680249 0.3757108514151539 0.425035970473656 0.4369293516909554 0.48110952182843547 0.4668265756504234 0.49929709287356067 0.4991504309389609 0.49458269846641767 0.4696724405732867 0.4815687204385146
0.36446970991888117 0.3651992577469736 0.38562988899955586 0.36887483533274296 0.35183257675134083 0.32770144061201445 0.35998291362478535 0.32746635296179893 0.29156459611325974 0.3389405906251032 0.36717603117108394 0.38378204364206425 0.40702015188170054 0.47843157346049553 0.5085169880332217 0.47400370397587477 0.4882377899183343 0.47799517532486513 0.4408200809045012 0.3954526292414433 0.39360636511149083 0.40349291703713447 0.3897548219787592 0.3986293273839337 0.40285319002912995 0.396133257315346 0.39437641975393745 0.4310786890001804 0.40302060789576866 0.4097032848331164 0.4347339436352116 0.4066712786354802 0.4316610942630482 0.3862856650211254 0.3719419023937165 0.3936942342398878 0.4601710427672533 0.5043919910424269 0.5010498544325435 0.4830846063825517 0.45792195843128497 0.4676385336371154 0.44834340550092977
0.3368641200856438 0.34811373275296037 0.37111330844541124 0.3187996307746769 0.30775834486794607 0.31993300970655747 0.30072302567723724 0.3139894989325459 0.30050869124327084 0.3426686233330812 0.362430073987794 0.39409099512100093 0.4051190163933582 0.4663829051253743 0.4672616420829183 0.50143411039487 0.4732311664836152 0.4216950173611033 0.4345916870364814 0.4140160385731745 0.37099380099938883 0.3774013721780849 0.3865750441494702 0.37982243247363723 0.3999120179658103 0.39953540687923245 0.4274399778337499 0.4362024876705773 0.420790711966661 0.447165780486201 0.4220264103856085 0.4453405475863258 0.4087199282471232 0.4234741836688843 0.36375442473485775 0.3840731565337052 0.42753034108079274 0.4726386135371902 0.4649279763348486 0.47036666990740245 0.44232644623816336 0.4534792389602462 0.49695365566672856
0.35716980748698074 0.3594757914181412 0.31004229965299596 0.3298946402362826 0.3093088507598589 0.3160771597519887 0.26941703183337273 0.2907206653048007 0.28604790831738797 0.33285266544370345 0.35586282314109124 0.4044067579332347 0.45589253012358955 0.45590743353793045 0.5015094687014559 0.5109679524362768 0.4617864310567012 0.4141886641950857 0.4032380051312985 0.40732873196877706 0.38488758337931284 0.42149727088407873 0.41542654271558715 0.42535412479880924 0.4262895047665619 0.4314884931437235 0.48869260641458057 0.44733038290790367 0.4334343315165941 0.47578331554112796 0.4445091280824861 0.45936219267933787 0.41222970463639164 0.43062913823817706 0.36721345728024757 0.3820416472042434 0.4574363140849477 0.4229347039099186 0.4298421297692601 0.4463329150693884 0.4978310691948895 0.4879909854204355 0.5050912227687959
