Raster_benchmarking/Raster/continuous/raster-470.asc
NCOLS 100
NROWS 100
XLLCORNER 1743156.1300145704
YLLCORNER 5469290.217201433
CELLSIZE 10
NODATA_VALUE -9999
[rows 57 to 75 of 100, columns 0 to 42 of 100]
0.3190570362327029 0.3031661626204346 0.3432282522912595 0.3640896513227762 0.3980691020036405 0.44852894698758083 0.43788937796765204 0.4578676302110329 0.4550202212597158 0.43109646385478284 0.39105360733298916 0.4285959787755613 0.3911226561707943 0.44535839976180935 0.36582346591945225 0.3313735462460988 0.33818117592812463 0.3089341981826921 0.31152353405289807 0.30271842078316946 0.3544580909408281 0.3423086399195977 0.347200317142216 0.3457600429570508 0.3769953677709201 0.38182482551968544 0.38360362052842467 0.3961197597048865 0.4464347854832736 0.4701988034340387 0.49890216091352896 0.4732500401558432 0.48205562042838423 0.5519006064765668 0.5786329439333172 0.5643448869032525 0.6180516753841654 0.646227180250817 0.592248873400102 0.6069599816448967 0.6661129613165313 0.6898932289109909 0.6833974233055407
0.345599353600503 0.36230893475762416 0.33110509447827025 0.36777645012076354 0.39458489881431186 0.4536890416852232 0.44424507820778897 0.4491089008274803 0.41281441433354865 0.4004079976271703 0.3983180381209041 0.3602100287708505 0.372627846102605 0.39740607787894977 0.3301107509861313 0.3472887404241856 0.30801067060014736 0.33794654751379416 0.32671653182849764 0.3483233712189709 0.34746538711673985 0.3441647729114689 0.37771147894914425 0.34025304943374046 0.3787230065940268 0.36939550710494073 0.4219746427151068 0.4348648095801218 0.44326047957581977 0.48103023614496426 0.4886475686747071 0.4658947914748674 0.5074337887399253 0.5279745794942952 0.5836552402116011 0.6064762361168423 0.5990369899072717 0.6483338338635014 0.6320385877207408 0.6574768279810521 0.623187072088145 0.6474976003850489 0.6757303679572793
0.35506359971043133 0.3524424086158202 0.3670590434602806 0.3693300528397823 0.38605098092126866 0.42440291912041206 0.4452243363512916 0.40858754891193144 0.434420383914277 0.4087438970229813 0.3526159477395243 0.3441144254799862 0.3534924880628777 0.3283349428728452 0.310452599751071 0.3106838754179489 0.33022161057621063 0.37333036711277234 0.36752032954064606 0.3686175876029392 0.3749625504457539 0.40935807607326585 0.37408104196190006 0.36089752704812533 0.3365110038549018 0.36173024742592086 0.40510411235186405 0.45057776527406396 0.4427747800331635 0.43487784155366643 0.4436300833384109 0.501254628483702 0.5228604550810763 0.5678840113835838 0.5478911597579694 0.6110063479806063 0.6078210862039066 0.6656396580533963 0.6633116725898055 0.6568912247597223 0.6382130327138595 0.6332115468312386 0.6658946434381932
0.3304731005470589 0.3681536885723674 0.35900511686733544 0.378432769403866 0.3868213158831101 0.3822906645102368 0.3974781222248466 0.3817755902482917 0.3952894508321697 0.39935804699305144 0.361350353695651 0.34680163759466515 0.3398109651109903 0.3140700148892359 0.3209248924499552 0.31699416388505036 0.3302499067442888 0.3204211344126346 0.36506048845365136 0.346756900421217 0.40220944084595533 0.4264556305562447 0.408118019188188 0.38982551026871687 0.35698408387106584 0.358985811714563 0.43841385031217295 0.4542130805510097 0.4703162773448806 0.43760074802830645 0.44757224845567156 0.49277104185424675 0.5414567797417088 0.5421832083943257 0.5481149619312026 0.6062712036790331 0.5871847243580901 0.6569640423924255 0.6411321095261251 0.6744991370960253 0.6726570599827467 0.6988379634845052 0.6773868542057963
0.34907634388468234 0.34590406412751934 0.35443466706004406 0.36665881687258844 0.378721972926809 0.3732663442101657 0.4005673976571833 0.3768186254459199 0.3400544522403325 0.32860821004005336 0.3513026891307843 0.30007642886612607 0.36488322383822785 0.3740634610024052 0.34591315220746904 0.369726855800001 0.34753262494177317 0.3046543959781996 0.3230851646028654 0.33699640607321635 0.3312518307714494 0.3727063883296142 0.42923630866277385 0.41462675356129447 0.4046560671683519 0.3645976730768782 0.44382575933086427 0.4567501490469284 0.456525474459854 0.45101170250045963 0.45916497459251004 0.5095252383297664 0.5118503607933076 0.4781010267282619 0.563440219400767 0.5693257518120984 0.5852857377038085 0.623172230397476 0.6132832428490997 0.6289812409403296 0.6499865014766292 0.6915204798413866 0.6928019480629104
0.3140657419281883 0.3200423327477495 0.34948040805613245 0.36277522397872375 0.3641884254833887 0.3576856145377885 0.3393856184915203 0.3470840667728819 0.32725931380728057 0.3489148733458033 0.33410108036799446 0.3115497695847779 0.32399031622629954 0.3490055448052432 0.33393641768931015 0.33736717358465335 0.31255599554769986 0.28216151480776464 0.29845638069689395 0.3005825804036668 0.33150685620358283 0.3807209701437047 0.4313873222555064 0.44669831217849504 0.4336745276056271 0.41517279607846636 0.45447657313919626 0.42780634526445616 0.445023259254109 0.4174551190149666 0.4553630765857318 0.47304834866888557 0.4820527925126385 0.5183836763161166 0.5666556774919334 0.5894344897106423 0.6142127974130439 0.6138258694073964 0.6290628668559493 0.6093006074945105 0.6332688812318439 0.693087474408179 0.7002489150731199
0.3589778375135589 0.3223765316443116 0.3208284827251047 0.28550646135150337 0.32092742715787603 0.3106251967891529 0.2990365411639029 0.32392996944213576 0.3444870071974312 0.3399685369421355 0.3459060976778894 0.3377764848624333 0.34468878524573976 0.3562978978207087 0.3216129299195347 0.2980141368740303 0.2612402004243804 0.2896396774454195 0.30286333501848484 0.34937035223901686 0.35146984684644833 0.38567870942964594 0.42960313955420515 0.4405651016714756 0.4321570924313178 0.4614548837758911 0.4301991238007079 0.47196345342464746 0.48609974682399787 0.439034350432454 0.4449503142602562 0.4849079683514346 0.5389584670679369 0.5680362950687706 0.5853146001027899 0.5735765433881619 0.587041614608374 0.6310369795516833 0.6470885699539729 0.6251849649788809 0.6469644939976245 0.6786317666759697 0.6743705108775305
0.3402953138616151 0.325273219728163 0.2813270668819527 0.3187158446197763 0.2960105883384943 0.33725851581220834 0.3275245789233056 0.33097398348097146 0.3220548037989968 0.2950282651439418 0.2797544020437731 0.29912863967053577 0.3097615117227237 0.30005340261327285 0.2782853154662039 0.2694364102038007 0.24248367427508735 0.29520714907469886 0.2867593704817408 0.3289754747809863 0.3450544798491751 0.4276145756277829 0.44323869526974724 0.43274616268412114 0.47133595010565393 0.4649631276110019 0.44520835584570095 0.4881737933757812 0.48082235933257084 0.46195049242379094 0.4783266356552371 0.5296869005407943 0.5297886199776219 0.527667138204689 0.5482840118256235 0.6125377723987934 0.6314208196446598 0.6508800221957294 0.6297663418401805 0.6658343006425351 0.6608146601837614 0.6545851776844023 0.6313547277629288
0.30015535227208034 0.2766252551598334 0.2742954584377318 0.29883676813045634 0.3075875838205171 0.3086948454993231 0.30618696306230336 0.26760849239836293 0.2631209676428075 0.26154127767684293 0.24457810475082303 0.2612551364174515 0.26101411909168915 0.24735494603637762 0.25396638510636 0.2398378282128118 0.28379782529644826 0.2502470397418258 0.2936771889363507 0.32185594279515484 0.39199286345657247 0.43175874800998604 0.4133088984273596 0.4422447943289338 0.42508408179760226 0.44436948740429605 0.4254796132349036 0.4485318533106949 0.49418853997126516 0.4559887192965289 0.4877732380410736 0.5122684908441352 0.5546188448518586 0.5564561088400772 0.6018919953169232 0.6032884905258348 0.6422922675174164 0.631219041726605 0.6454731034064548 0.6903416959772151 0.6614840085379827 0.6614202136265863 0.600573552694615
0.2747505129655192 0.28406318499025357 0.33204887375321784 0.34561905500837153 0.3227978761991924 0.32254507726495363 0.29867778525222094 0.24301772471853303 0.2523990720340168 0.286012422246376 0.2563768516301501 0.28305547512107526 0.2713836676988286 0.29058301012175447 0.3080013606106831 0.2819681858523891 0.2964993580503756 0.32080889374924626 0.3391701479574361 0.3765392809444015 0.44320552313798534 0.45465406212957943 0.45651514407185795 0.4508431860200706 0.4498021617738282 0.46592026551147014 0.46375866757217277 0.5090657295292915 0.5083650361328977 0.49764314332993453 0.5001074882799391 0.4974565355775408 0.5396449901661338 0.5434884384524992 0.614054274831867 0.6003908326027092 0.6557819328006013 0.6707870127256433 0.6405533911143065 0.6486963856366895 0.6589314363664248 0.6769775897157476 0.6269586505065324
0.27926778732692425 0.2985554701256982 0.3141629744819094 0.33317852074561516 0.28606627715719485 0.2636069152663658 0.28602898232198576 0.25625679849340427 0.25893210430248453 0.26534300241284914 0.2695032614492506 0.24924500364099356 0.290768068642762 0.34717635628435983 0.30343945219865026 0.31158066860269057 0.32057881037492963 0.3915178017437498 0.406522984981285 0.4562718233338502 0.4779346796864024 0.475366738545982 0.4661607839806987 0.46615173665973325 0.44169534565153196 0.4791390678245438 0.5051574146433371 0.519707514724218 0.4998794744910278 0.5246813466434523 0.47909288292333396 0.4653082183143032 0.5257666286417483 0.5724477566624822 0.609851425842853 0.6318249308252034 0.6450833366449488 0.6629352189281598 0.6626327086309546 0.6768730983059951 0.6247962529321239 0.6662735670482451 0.6276950806974324
0.3044479624383395 0.3144136540296454 0.35197181907286545 0.34024808716244137 0.29300731731303453 0.3018026202058966 0.25427379530701394 0.2883491167209585 0.2550067207292781 0.24131185334613334 0.24752817270096428 0.2880905667523084 0.3613690591034272 0.34133833311835643 0.3543214556817041 0.3925953744305319 0.4029649547925372 0.43870385733468725 0.4535562272498698 0.45662365529814414 0.49232242168038515 0.46974196559213977 0.48677646499500465 0.4547785107888888 0.47119676800251936 0.48185624599037524 0.5073684800810346 0.5131048053653795 0.49795330823647294 0.5347859421429735 0.5381320032114981 0.5001647583568463 0.5179048586323712 0.5782679325866255 0.6098907844226453 0.6434680977821073 0.6542722821841885 0.6704056060828575 0.6336624137472382 0.620928611089443 0.6152392163653491 0.6418060415452411 0.6563697295227022
0.33082908917217313 0.3174649469397882 0.3124615589813637 0.3631828679800369 0.3343494701304191 0.29421537911803297 0.2823944144785775 0.29427150677942543 0.2961830062559318 0.2481453406607357 0.2656051139055558 0.3296536912051617 0.3576957332276456 0.4204848835004418 0.40969360017867246 0.4043186627010523 0.457606259027805 0.5047438144138976 0.5181476232216883 0.5153586489789377 0.47317266407903574 0.477853285278504 0.5091140784013612 0.5067983852912211 0.46914573505225615 0.47995553607272584 0.47508437275002763 0.5019109939664267 0.5092506880502957 0.5191359944828311 0.5692308486176311 0.5534504861557723 0.5037484573054316 0.5175215117820481 0.6076651046755797 0.6574989884015469 0.6399515328280788 0.6545095378898501 0.6044440378421624 0.5961060981290293 0.6074541957993351 0.6169097688980113 0.5978208760480466
0.32875170166897144 0.3141294310813065 0.3227417319106437 0.35030281918240624 0.3350994550776247 0.3028579547848876 0.32074380273347375 0.3168947810197578 0.3044264009791334 0.2884307729891248 0.28529254382998986 0.3109012288594364 0.36390395756069427 0.42158755821708627 0.4222549960803627 0.40785597553624486 0.47304567521451546 0.46912153585365624 0.5002015349153813 0.5354859060950669 0.5044282433175002 0.5306925950799585 0.5140014095229807 0.511499048387793 0.5192266980598044 0.5107013507485878 0.5088828435088676 0.534485485526638 0.5747210148199728 0.5693110053119345 0.5489648490707822 0.5602317713658052 0.5252573587374182 0.5824376316254262 0.6182739826432557 0.6582463285282514 0.6616745609670428 0.630133563642823 0.6090530314611642 0.58816707610617 0.5873464205013942 0.5841968796950568 0.579489945804063
0.3172645330566646 0.3360139645716881 0.37500712954666854 0.37751692014757054 0.35614105364182175 0.3470648140173652 0.3443361089380447 0.35131079417229566 0.3058822098773624 0.2872638300023219 0.28644631501353185 0.35913173330179476 0.3483361821265881 0.4082785776875955 0.4398516888614447 0.4427224329225977 0.48065058241703934 0.4978578895099182 0.5295211231288433 0.5102712653637418 0.5369922068338452 0.5625304745253363 0.5643611053580861 0.5389120383056833 0.5544251697694367 0.5842980206725945 0.5615350855847262 0.5805147906574132 0.5749076145392097 0.6014247382252269 0.587633460913909 0.5527746773927834 0.5291365397013466 0.5505653083584896 0.6237352809075257 0.6304445444533763 0.6137595180127953 0.5903334421596895 0.601479545339575 0.5905570373127819 0.5829661962591077 0.5668027886256676 0.5357512813648779
0.3656590209678685 0.3943550525352129 0.3829507903614216 0.328741151754837 0.36022222916713736 0.3436514545662309 0.3436304780599052 0.3479142207039017 0.36438078200740565 0.3207778076190103 0.3354498044010034 0.36279806864413167 0.36059622909928823 0.38464172832261906 0.40125171682413224 0.42624620190717366 0.4910576886385807 0.5369499683373647 0.5325226928257507 0.5292079448403353 0.5392338276696517 0.527422271713123 0.5896779286764214 0.5821188243319997 0.6292684643894992 0.6029759341414435 0.6018815013922754 0.6082440094738077 0.6406051765945484 0.6393891237909305 0.6156456426382225 0.6151784090198816 0.5975507706259767 0.632019643266205 0.6205648277674445 0.5852158134013443 0.5860584532153734 0.5766128012817864 0.583978198959263 0.5450930487369395 0.515410198648624 0.4914663823799065 0.4567822761588328
0.3674227243826131 0.3976671394534703 0.36645316843126013 0.3025024950559456 0.32329260577013386 0.3555297735399515 0.3303800026827321 0.38542784557114773 0.35763288131093324 0.3340038345963871 0.3695615465528844 0.32600078594836995 0.3752108502602589 0.38464909185116536 0.41204443599126345 0.4841629302225929 0.48683924741456497 0.5391102188001721 0.5167984622179785 0.5206915406101347 0.5104551387256353 0.5308847583075418 0.5552763015566048 0.6149927518404811 0.6544311031345089 0.6794633903247206 0.664409526482163 0.6163408017545196 0.6671862898313358 0.6582359823280289 0.6703236527534422 0.6449460870707705 0.628229884420164 0.6611302122830447 0.6159971835832475 0.5736563500486785 0.5637883478537227 0.6104790545325697 0.5486525286214963 0.5400002601698434 0.5019096254853845 0.39720827691504534 0.43371060902703196
0.3444181043726548 0.33918461130547795 0.30755906994096305 0.29707905766441584 0.28535569306017555 0.2830714453375451 0.3070226997256185 0.3562685274260042 0.36763434061931144 0.3673070347593249 0.39420855144614103 0.3568492963919637 0.40363658489198456 0.415840213987749 0.4618497216176129 0.4626692698255437 0.536442000571872 0.5532435779302324 0.5252459073622632 0.5328326909484504 0.5558419981080892 0.5886470115012389 0.594799378645798 0.6094282902753199 0.652341894939228 0.6803421950170211 0.6839327318810875 0.672221734320454 0.6626787541635853 0.6867733726062374 0.6866395236049363 0.7002264602570383 0.6696763347555658 0.6445080126323738 0.6201535994687193 0.5790180086638067 0.5912512539015565 0.598840559867662 0.5403179455486075 0.4789091199717199 0.4545282755220149 0.4442027180476664 0.38965039842578636
0.2956606424524784 0.3241071077577401 0.32660489191857783 0.27793596439115403 0.2498420922930116 0.29140266918584184 0.27176734186310336 0.3078588990739227 0.3494991499419937 0.38994878589752435 0.43275227946173617 0.4071297323893186 0.40822599026540124 0.40448835354963397 0.4184701910112189 0.47489854076278515 0.5212372173017745 0.5517417889728418 0.5663613705395305 0.6110349812866626 0.5789914994671829 0.5960206836805878 0.623034827571539 0.6607870826006095 0.6486068988166739 0.6898401800095697 0.664091529618244 0.6451650013682727 0.66613353135682 0.6682610563260615 0.6887237684955025 0.7027186456462056 0.7045900941431927 0.673404810145804 0.6357756890461974 0.5455824902992199 0.5222286038690905 0.535322612054753 0.48649583802992374 0.4374044304197218 0.4245291254537432 0.44685328146749104 0.40306507354451027
