Raster_benchmarking/Raster/continuous/raster-179.asc
NCOLS 100
NROWS 100
XLLCORNER 1743166.4143638047
YLLCORNER 5469295.4443423
CELLSIZE 10
NODATA_VALUE -9999
[rows 57 to 75 of 100, columns 43 to 85 of 100]
0.5737925749803712 0.5941042622725575 0.62781459421558 0.5864466465812649 0.6018524073485882 0.5839741109190218 0.5612708008287237 0.5605132777139404 0.5389126448642007 0.47155217308718517 0.45133216220807854 0.41621991080040954 0.43975565444497805 0.44463637254888594 0.4336400322363978 0.41344243484326654 0.4042708713108692 0.38688297732743476 0.4453726165742904 0.4381146337450304 0.44686363799797174 0.42070852245095425 0.4465651406496525 0.5156623076056417 0.5660537847002588 0.5420417341443091 0.5745809853918198 0.5785440288344116 0.6004755573536054 0.587796699056256 0.6382345902086911 0.6753814300509531 0.6966634221181799 0.6796827130841755 0.7155661742462263 0.7244798416170569 0.6887068368877645 0.6575362952100221 0.6478432223884634 0.6821874777216121 0.6840136594738127 0.6894156963288233 0.6984393919261256
0.5921242818651467 0.615678801583887 0.6098204459804436 0.6139331459695168 0.6592923566881062 0.5816374400457168 0.6151128876637615 0.5857205186794756 0.5123202279267062 0.5045571598601915 0.43184445747767813 0.43675932205135826 0.4226095242435518 0.4383943190676023 0.46932514631636246 0.4293211859091211 0.3693307149855377 0.4176601446192518 0.4422137861878137 0.4318104589056639 0.4126588074220899 0.4769903683940638 0.47376720560627916 0.5273319360588498 0.5894242497101125 0.5610026469701173 0.6057461643434434 0.6095899993627685 0.5497989397317897 0.5959750502926555 0.6787566123200651 0.6709350587634857 0.7139361307719766 0.7131596532316696 0.70795169333123 0.7285138827173373 0.7358868798373928 0.7197720135603005 0.6805599938875818 0.703429823412689 0.6977346142791827 0.6906482763764352 0.673482411752066
0.5706320119112538 0.5821389125258236 0.6281976806608717 0.6222272704316503 0.6348433424513287 0.5787870051121614 0.5650535538614483 0.552312346579587 0.5576405059677407 0.5204172582806595 0.4844518952583698 0.492312780357041 0.49141413950145585 0.46172174916765274 0.42621201136258896 0.42941301918754393 0.3976537415949931 0.41235705201906353 0.46014675027671936 0.42846191032936315 0.46599515148339526 0.4810173366536167 0.5290235924671214 0.5962313722289708 0.5934221669751448 0.5857815236419298 0.6191676245808695 0.5982115609202455 0.6346243170282485 0.6650503115379726 0.6717875827155817 0.7044305347329285 0.7031224560350208 0.7102301408064108 0.731468613932235 0.753271500922802 0.7539966836275818 0.7520955786662804 0.6899690563033881 0.6759253263425182 0.690711054582503 0.7200394972627188 0.6944961893992773
0.5705769768031135 0.5752882272346311 0.6037142894049672 0.6062749896173726 0.5787318318841705 0.5860235970865724 0.5536782710506205 0.5747349874434993 0.5888606153505711 0.566685392936587 0.538785553378707 0.5139095160499387 0.47195713540668494 0.46537760683103985 0.44175479970190223 0.42976839612807344 0.40715091450609403 0.42514204117354054 0.43917797759487925 0.4825822894931729 0.5133976270374432 0.555413783430315 0.5767710462183245 0.5937520000163542 0.6344627010040023 0.6073107864395387 0.6362781493175502 0.6340645340436409 0.6527126016585268 0.6582986062075901 0.6795034529122034 0.723128621958173 0.760832533401945 0.7558164145729864 0.7100482091162926 0.7864928563596105 0.7873845177821713 0.7790414262627934 0.7516131473504054 0.7177972701492862 0.6900494247284708 0.7228278583630113 0.7143675144838317
0.6053542642195685 0.572980070108523 0.6046958915547432 0.6393127576277156 0.6190665977086076 0.5779864417748615 0.59586897900362 0.5928373586056165 0.5781627037641187 0.5855193840995816 0.5489329483117772 0.4926223566343506 0.4810225607375053 0.494227301328813 0.46374143164238235 0.4441596756752945 0.45081478580245377 0.4059161028691921 0.445173105657291 0.46365312243630075 0.4816243206306571 0.5319290437451901 0.5965979753059183 0.6040664038402592 0.6134352577905798 0.6345845846501139 0.6334826466139092 0.6882561031374779 0.7020459271163805 0.7088919519532179 0.6925681698919677 0.7151359724434512 0.7378189891947692 0.7419236953448902 0.7580808159319895 0.7759452729899322 0.7949210302235122 0.7666031104914741 0.7372605025190558 0.7079037760142732 0.6692055073693214 0.685315153735411 0.6537821452996794
0.6065604266170147 0.6170163633141981 0.6309080258918833 0.6143401731665874 0.6523237253763837 0.5839644999605272 0.6132638497217049 0.5900261642972158 0.5755081681020896 0.5780029475645749 0.5215279253461221 0.5421426125370465 0.5114124061192207 0.5241327719804235 0.5398867028277201 0.4618085936408687 0.46208931560752253 0.427157414171516 0.42962977123873103 0.4834712679533206 0.514361103223652 0.5448931823108526 0.6251470075329201 0.6202037519403659 0.6404738535112399 0.6759218663359895 0.6569749300782055 0.7007154763221226 0.7352183141446892 0.715470944712059 0.6936056625119111 0.7514619286490004 0.7804389806503614 0.7379559537788672 0.7591694061752469 0.7940430155969619 0.7859577430354378 0.7451390775027746 0.7669489620912677 0.7114744302878964 0.6812769118511813 0.6589602586799098 0.6176663379672475
0.5844147393610687 0.5663931064029707 0.6233353247628478 0.6051735956968299 0.5963836675777108 0.5695354645262136 0.575734609253532 0.5967241070394212 0.5269661526864481 0.5215544142208585 0.5452894011225088 0.5401994115307653 0.5151699235609747 0.5182051847443166 0.5054770904579446 0.5037737147882816 0.4697085612297613 0.48682876005508974 0.46859049533086355 0.49465763688279424 0.5499422128033254 0.5856558553465643 0.6412933361075208 0.6476863905562732 0.6367607702759344 0.6905871511575484 0.6736477618280525 0.7021743497792697 0.7524019080450505 0.7475736734053995 0.7519785260276626 0.7895154400037757 0.8158748501127848 0.7869821286220529 0.7710086654686329 0.8047024399875725 0.7739805659596332 0.7687062201998829 0.7459027316576498 0.7204858177280761 0.6646900394419032 0.6391281665515205 0.6079946767016524
0.5306348757631044 0.5603901608191513 0.5920918612314383 0.5931283104447337 0.5641299676977403 0.5495989379760349 0.5501564840075633 0.5585261407733025 0.5359760951304791 0.559708094148567 0.5267735636415362 0.5230398261693944 0.5135959743137435 0.5126465592785706 0.5410870362734288 0.4989192653179961 0.5026023559460088 0.5223041235397511 0.5001374897323257 0.5067449937849365 0.5297655035878799 0.5758326584011966 0.6689460982793253 0.6744771444711897 0.6655737673094988 0.7208176074947616 0.7000239609559659 0.6906310231017405 0.7190815647757907 0.779188569527697 0.7852148613671677 0.7721557245009073 0.8071087537148383 0.8405554763873756 0.8166257312483973 0.8278966912611504 0.7764492947895264 0.7348769517804715 0.7082524137985631 0.6936785126298878 0.6387888308100904 0.6295707426315917 0.6344040797946373
0.5370322753793417 0.5526558738392653 0.5827684262540935 0.5612134328839369 0.544769715609837 0.5698951194234343 0.5861384360623112 0.5293474598891345 0.5605224201037119 0.5707799134049655 0.5700399168161704 0.5475301524958329 0.5648409208024462 0.537937597880672 0.5426833755478763 0.5121632671590634 0.5148600816736947 0.5383189282513123 0.5774387498729318 0.5792718355904651 0.5769862851727582 0.6127781106344522 0.6650949823718328 0.7144009037026898 0.6938038155608848 0.7279531756555858 0.7464306117188604 0.7386982071651544 0.766712712167736 0.7975483181179016 0.7713949348967563 0.7917016057814571 0.7951944682185084 0.8434120381752229 0.8527200551784494 0.8133084378185275 0.7872716649463809 0.7371118405981553 0.6512663524987005 0.6321225789577771 0.6232303927536389 0.5981084420099715 0.6070878567266585
0.5676053544182674 0.5531682895962194 0.569131763695414 0.5337514965581737 0.5713169344782927 0.5668698044599094 0.5989828819737997 0.5800452969232132 0.5478257090797469 0.5848814297240096 0.6056159567707694 0.6049499431341423 0.615579948203887 0.5458714838325254 0.5219130875291268 0.5526599641055893 0.5493223812403186 0.5660385758598695 0.6007349942153694 0.5820778648040619 0.6033180707762185 0.6256249196120997 0.6803707937396427 0.721551786127197 0.7599863815885513 0.7524387822504379 0.7507984850684535 0.7286358161670683 0.7758081196387014 0.8050654072343633 0.7963748827086877 0.8250914561021364 0.8521596154982947 0.7962184122251389 0.8358721267482707 0.7840314888667548 0.7810221007580693 0.7252632679461581 0.6424111781830864 0.6026881740190286 0.591328201196705 0.5926490745020577 0.6221814521039075
0.5054926341345529 0.5473333037835804 0.5117284523106568 0.5115400818300069 0.533584446665011 0.5583782085383691 0.5654700844453242 0.5683923266921259 0.5684395954854804 0.5807144301120294 0.6162848343705728 0.6176535410574926 0.5936104808600556 0.5648897286623158 0.5651922578275935 0.5672005804351912 0.5820424527024192 0.5846081478036974 0.6126102596814976 0.567543177590267 0.603287268890354 0.6069036854666395 0.6770442267548745 0.7174748616032046 0.7116122286628134 0.7579849694814291 0.7398244240333698 0.7417752973108022 0.7475249115571961 0.7719193006488544 0.8019398388605669 0.8042250394864 0.789674302343351 0.7713002154223112 0.7875403532290723 0.7769031445081889 0.752571385500921 0.713142780400726 0.6363155559562185 0.5970501036483876 0.6179557744435004 0.6101092051139877 0.6410461703595364
0.48220114440409606 0.47613997207012815 0.47018644598503617 0.5135530585498079 0.5533780103943278 0.5846499538730836 0.5997783417378416 0.5836434517826011 0.5192944038094721 0.5414819735040373 0.5986335551447967 0.6128302355053431 0.6395210806256514 0.5941797566126671 0.5673783904834354 0.6033609427312286 0.5707929958154799 0.6082265394423352 0.5748652197158801 0.5771532470316587 0.59590043918308 0.5802968651353273 0.6208026586659156 0.6750912429176955 0.7143560476646399 0.7444822050647261 0.750190883746256 0.768888553766628 0.7786699653380111 0.8132332390683771 0.8318801584024899 0.7798119298716603 0.771822692638803 0.7859084469977046 0.7483110889449338 0.7568942977538445 0.6912789972379958 0.7108360178850743 0.653898224335616 0.6098709752535262 0.6052656223981716 0.6336113870431689 0.61582946455592
0.42760193270797603 0.45748700508647083 0.4529611745002397 0.513024908513934 0.5799036224161355 0.5948548677527254 0.5847286014601742 0.571110658899564 0.5231135687972281 0.5717086641335994 0.5631808280054607 0.5870655472972475 0.5992660434809148 0.621224059907716 0.5869769646418657 0.6118481925076352 0.645999424217934 0.6280558428683273 0.634392886839849 0.5954989959255665 0.6118433421669826 0.58995934328212 0.6425148833387968 0.6721058807273613 0.6928213953461209 0.7707544309734244 0.7541065724659831 0.8051528221297035 0.7721587186329457 0.7800200731216175 0.7604536815087543 0.7682262047063931 0.8030367112973513 0.7770296884277212 0.7805733486717044 0.7459801813346228 0.7408842501949473 0.6763020686195295 0.6492047451623235 0.6102285055615696 0.6298135131500445 0.6315867059391411 0.6019741986871293
0.37206500859597513 0.3894701465071106 0.42013544609346265 0.4846665419925665 0.5398797834441231 0.5274515986325257 0.577636540774845 0.5341800212816293 0.5367260183546066 0.5164404440006896 0.5664136821175904 0.6100382197373927 0.6501901138766678 0.5953485919849432 0.5924980216985709 0.6269358878838045 0.6580824830375136 0.6658422909103991 0.6390702917257703 0.5876998461820231 0.5772764546790246 0.6004887074174611 0.6038633275136763 0.6746894492162704 0.7368952857740771 0.7775269495311737 0.8030248297479066 0.7977626023277964 0.8351701498339074 0.7640777206495865 0.7694476700025948 0.7886858296206425 0.7797826137256972 0.744663586756548 0.7961919423836098 0.7879117880721347 0.7710064758078268 0.7063256828806201 0.6919043011418926 0.6222266725787132 0.6094003046133101 0.5842175303691486 0.6249072185115752
0.3916129173188189 0.4142880254385438 0.4157482313618381 0.4870313789225999 0.49310998545859297 0.5090047733557768 0.5478849887849045 0.5210548931965935 0.5327490937380007 0.5093023551372126 0.5404288231305409 0.593588930509517 0.6305174924077176 0.6276667325966433 0.6248334857871604 0.6078212483938559 0.6285485415111691 0.6600836174999076 0.6083026166964128 0.6189294421346837 0.6065782458188048 0.6054782750839351 0.6405441552833057 0.6764972928763164 0.7302903351747733 0.740479442417124 0.7555200101243432 0.7594520725468468 0.7702718341116915 0.784404563393554 0.773425567738618 0.7434004991587668 0.7437278287785473 0.71995813338152 0.7609198201197099 0.7443166002349153 0.738039443397682 0.7168346029106257 0.6670137499568803 0.669675683778009 0.6449730758442802 0.5861871909823991 0.6243113344816821
0.40279213355860805 0.4422299632591629 0.4367201673790605 0.4430110130465193 0.43951649262764586 0.4452948082548467 0.46787050720241113 0.4977691813301196 0.47319432424617597 0.5192887953372185 0.5479670318325781 0.5773317838002361 0.5957830240767654 0.6182036280321237 0.617895418996808 0.6345562921643612 0.675045421180002 0.6236186396009044 0.6019452883094875 0.6177048015488089 0.6356443186867128 0.5971247481151274 0.6540059673540535 0.6449762597718643 0.6694481184385068 0.719652072941891 0.7536881865495505 0.7695757640594683 0.7589535158141083 0.7289933052737719 0.6941822559985446 0.7400884280712633 0.7200177368007917 0.676422053009202 0.7054436477464597 0.7270207234496753 0.7484906007187083 0.6865376189488078 0.6387175264636484 0.6638404676674144 0.6407599361312899 0.5930911176684369 0.576337204198233
0.39402353845809984 0.4421932644686932 0.4071929193637225 0.4275932392135334 0.4311990852093029 0.3889910138611537 0.44228220057432827 0.41929997134729047 0.4158730433311134 0.4961376372973235 0.5411243190301875 0.5437621602841366 0.5633517059358413 0.585686576709397 0.5990600755917143 0.6159836991233377 0.6140421302176975 0.6204065699910004 0.6195501250727404 0.5822223125551427 0.6046131118580919 0.613239451907671 0.6336790414520682 0.6635662191979563 0.6842927251228393 0.6931843100980652 0.7049381639341201 0.7117619788093704 0.7170949426729765 0.723002539131276 0.6703211145559634 0.6900122829289916 0.6991832966647703 0.6439123003583062 0.6893266396815533 0.7020452389054161 0.7120441230226761 0.720183790577441 0.6831021799709596 0.6635374738484239 0.6497577371148179 0.606110041145319 0.6134442784699169
0.3971994641650602 0.3892697546382925 0.42483112241091164 0.36756714218371345 0.36272112378293486 0.3535691900782579 0.3967095106740813 0.4012911104761893 0.3953713214766328 0.45951053821006316 0.4699602205219016 0.4777553785598446 0.5066924588110685 0.5818321980403318 0.587840314834038 0.6090343426675282 0.6186987684936667 0.573030144532302 0.5670067662427732 0.6038955113874686 0.6182475784935638 0.598388228923481 0.6366095978723887 0.6615548448307702 0.7147041917835276 0.6620605253954736 0.6561832131983758 0.7023185070513132 0.7009081367711925 0.7242977930913366 0.6860104097827493 0.641627198953566 0.6289595539738438 0.6077003290917922 0.6233930799525403 0.684260153161124 0.7089738701567992 0.7269941160248521 0.699206496099658 0.6565509266760585 0.601476632365127 0.579863973275876 0.5924541440634483
0.42569774417930245 0.37843026018409626 0.37200319150527 0.372535568239381 0.3590445612763119 0.3720476112405401 0.37065279345121926 0.3783059912706814 0.3858282733027529 0.43729634637060205 0.4385834498569236 0.49157708055590144 0.4869594951158449 0.531556300500443 0.5532637418049683 0.5951742589269028 0.5671095592646663 0.6013325703248744 0.582203822459076 0.5600366235093965 0.601496836497667 0.5929605638093643 0.60060632080971 0.6639483288383382 0.6745303915107957 0.6560305264859502 0.6481880790661443 0.6448041575742983 0.6593857913097816 0.6673736052192293 0.6442095994480407 0.6408417192461214 0.6639010546565938 0.6477558273982531 0.6719439047934593 0.66137565843601 0.6698382767130244 0.6910785764663944 0.6899363646203165 0.6431945810915506 0.6566206187629872 0.6197390505701962 0.6026655005517604
