Raster_benchmarking/Raster/continuous/raster-319.asc
NCOLS 100
NROWS 100
XLLCORNER 1743163.4015314893
YLLCORNER 5469289.349711109
CELLSIZE 10
NODATA_VALUE -9999
[rows 38 to 56 of 100, columns 0 to 42 of 100]
0.6520988691126849 0.6442013624146394 0.6325415496009542 0.6487848996524705 0.5983380287480174 0.5820431623539525 0.5721144790409489 0.6226295297863076 0.6442867582843224 0.6861659310166557 0.6972040171973808 0.7185396739462326 0.7301620890500868 0.7356842914671826 0.689149992929241 0.7091613080995911 0.7189834561162426 0.723851868101419 0.7257190818567938 0.7436961720844981 0.7723031728020199 0.774185923474958 0.7967919731620565 0.7885273087284302 0.752420598904769 0.7423297873488679 0.7411439100615406 0.7657221416846526 0.7475202860305423 0.7091202879922831 0.6848409129317249 0.6649505794959484 0.6639730736492713 0.6473198713268102 0.6486264565613371 0.614777606844652 0.6025106693226672 0.5973358070887577 0.6008251655039587 0.5805636118146121 0.5955619152395463 0.6230280315312738 0.5883485348727314
0.6311550695949617 0.6305271026174034 0.6496504355702883 0.6180918374715236 0.6422104339017424 0.6108818096554964 0.5804739450230514 0.6268162703058646 0.6507841824161045 0.6766483041966814 0.6924570652982951 0.7033587475883675 0.7381089942891536 0.7270167546869455 0.6990700399719176 0.7069210123186189 0.6832817329462547 0.6857807143088679 0.725714502930593 0.7106504187173239 0.7138664268572597 0.731920339858415 0.7679638613122834 0.758387477162398 0.7306816124082669 0.7571850280573182 0.7501061226725776 0.7659099238369623 0.7187943041228951 0.7047094295725538 0.6990848414336146 0.6506725435137453 0.6463513597951299 0.6377689191071838 0.6185994722897209 0.6053988440787615 0.5828340320416177 0.5854680704428457 0.5859182327625031 0.5707479757155924 0.6152572492671833 0.5786984690262342 0.5795272480820665
0.6745316896398222 0.6621537398680243 0.6252655866329138 0.6105771465475615 0.619607890298909 0.5850948857277122 0.6016696053076295 0.6103634069147742 0.6108549676427594 0.6629823784360155 0.6716810393930782 0.6791380165444699 0.7164689591866196 0.7142723300556988 0.6809193286428697 0.6824092932040225 0.6597634206293113 0.6858356070298702 0.7113686441817079 0.723850421768945 0.7342949359412687 0.7713383141357573 0.7917863358362203 0.7719768964963389 0.7246701760932911 0.7306848619690102 0.7673196162587896 0.7482453096680398 0.7187091432061998 0.6774537923380172 0.6730017853197258 0.6511857635918483 0.6047801360891747 0.61318523034886 0.6283672353268097 0.5979025647818201 0.5633853062012528 0.579740803481128 0.6017559675498154 0.5895498563981876 0.5566734947412912 0.5803523842775754 0.6048396035891858
0.6517221787831918 0.6454276396725004 0.6256509471358431 0.5981682077891274 0.5767856928906644 0.5717794410305321 0.6116012635079178 0.5698186927399986 0.581647953951602 0.6522534938644307 0.6705498848101834 0.6820388751962975 0.675351240501361 0.6709231937357035 0.6895918625081979 0.691191018276163 0.6365332855473785 0.6290222648958356 0.6424695602716788 0.7013010536052205 0.7134857042154692 0.7636903359776229 0.7912339814803852 0.7896657032435068 0.7493802182002575 0.7578098048625389 0.74331645452836 0.7071952255458102 0.6853567223953265 0.6808825440451293 0.6790553742733155 0.6244372407669162 0.6079171354320927 0.6130261790629778 0.603127773355123 0.6259130627240155 0.5876721649717925 0.6012026666986912 0.5690436367081633 0.5431931877569497 0.538090405502095 0.5644685762144362 0.636739948013439
0.6657555275761263 0.6312906859198112 0.6113686538791955 0.5973675966915227 0.5860028004380488 0.5762406601416414 0.5602194447283688 0.5680471532322257 0.5986095707303761 0.6102002301165702 0.6298316065374193 0.6225362753862034 0.6407489851391367 0.6700615620714317 0.6606285373839954 0.6670239563165596 0.6232989859066267 0.6265421137351045 0.6696955025685642 0.693463214282348 0.7356619302842902 0.750421031380153 0.7508391172045831 0.7461441841231422 0.7260786992680289 0.7290926346226044 0.7163637959833508 0.7194994565203557 0.7128900334968198 0.6873744558120315 0.664863350937682 0.629723136944409 0.6203564637795015 0.6009892365613407 0.5921281414849303 0.616471023470429 0.6145300985833653 0.5934731763687108 0.5618868543130785 0.5687466895764097 0.583817679065846 0.5919596806484562 0.6505431025964529
0.6771758745584293 0.6300615355547875 0.6449294639580877 0.587801102791757 0.5509873146515716 0.5648803027343509 0.5617972215147491 0.5791977558741322 0.579766027498136 0.574054234016349 0.5766822069220957 0.6300193653235705 0.6592867130603649 0.6558792429030293 0.6670149338786981 0.6346274588129067 0.60206428840318 0.6164501982711749 0.6165641219036689 0.6979312990859659 0.7070156909934432 0.7694383765031548 0.7750556274038457 0.7531017114066841 0.7694059377851654 0.7545906286198032 0.7190830437747826 0.7217549283757156 0.663402491301462 0.6568468097871564 0.6907749559530192 0.6707515188793188 0.626868504670434 0.6218476444480517 0.6056944016489073 0.6248389381511972 0.6143402482880932 0.6091394224532786 0.5651997988576721 0.5786603759658954 0.6009610538553978 0.5942286230397991 0.6280303869713322
0.6807015820561074 0.6409008030455068 0.6194520417067318 0.61542993386684 0.5756611609772405 0.5299626998812413 0.5537953161694353 0.5533140063708379 0.5657819721522629 0.5551205291127765 0.581545856837579 0.5910182171344106 0.6230426232198972 0.6571901782795935 0.6277652488289718 0.6108552068896087 0.6044765129856434 0.6344636658942469 0.6273528794494792 0.6863394093569966 0.7304537088098406 0.7445649908615479 0.7684035060363591 0.7541779808347779 0.7324944237059141 0.7298353512641825 0.7285994661865394 0.7048835013259236 0.6669389830554925 0.6817736512870209 0.650942392852975 0.6359334445638476 0.6442157885726111 0.5981183125522643 0.5840290980108923 0.587992226574225 0.584386666742653 0.5710787028490115 0.5676756927847832 0.565154537744098 0.5988212690944144 0.5979843792694892 0.611491445391913
0.6301374710505622 0.6169180185998104 0.6491756729434438 0.5827383440473213 0.5572256451225344 0.5361789034056487 0.5135444086833575 0.5532077478656694 0.5247042803089118 0.5296084919564535 0.5605305717599945 0.5903524750791538 0.6273878795705901 0.6098412942146966 0.6118686756029319 0.573343961479337 0.5819782939007033 0.6209786164537514 0.6739249555047044 0.6842286581414627 0.6998098573359743 0.7103088123514706 0.7356435232223894 0.7491104500311215 0.7773281647351226 0.7598086145553643 0.7554523123358539 0.709249849053571 0.6963892534698103 0.68449596987311 0.6809566025402477 0.6454678938578892 0.646991202604426 0.6093010916034259 0.5988510731687647 0.5922021249453244 0.5612484799759525 0.5453652550995916 0.5493478802910259 0.5731066852799666 0.5847718176944627 0.5820761384365177 0.6004847025987631
0.6704658912688843 0.6211182003915757 0.6508544036942536 0.6115420361360966 0.597421877012469 0.57455723015939 0.5611325023102988 0.5293700029323174 0.5386477969689473 0.5796242458990764 0.5739458174732168 0.6231600790456892 0.6419139087555458 0.6042713667102231 0.6131810281021539 0.5792066152687545 0.5836967511943049 0.6227938852684209 0.6468454212626873 0.666100100090154 0.6902806900810208 0.7028256080905808 0.720210786708687 0.7373102292972561 0.7353851542058737 0.7417898149337946 0.7428789903917334 0.7423415895921542 0.7146443837670334 0.6911673944637033 0.6752217303825281 0.6764406372228794 0.6356339788078317 0.6106247528990673 0.6013755007808442 0.6043163573886612 0.5728480645701163 0.5604378072739025 0.5490253766962478 0.5697669383805903 0.5818515542895417 0.5751744672060515 0.5811569336737755
0.6408365556964056 0.6240225858172411 0.6435857858970991 0.6196996785903717 0.611907581431487 0.5851178303144672 0.5582959978880389 0.533746160667904 0.5368249232774132 0.5967648646132673 0.6028448507036057 0.6164115905104818 0.6317280283676887 0.6021622452163161 0.5743340029841996 0.6071750071847581 0.6478785448843744 0.6490475942342648 0.662633770627339 0.656345810137644 0.6415759541075398 0.673166928898121 0.6966227959879597 0.7454292005582729 0.7630901017322903 0.7374900669972848 0.7235642053154174 0.737872123194469 0.7072003292477307 0.6762676029895456 0.6823190388880221 0.6510655323688714 0.6473567311585356 0.6364394095063449 0.6197134508069971 0.6163835191358656 0.6205931903190367 0.6165969828691846 0.5757189521145524 0.5807434423796781 0.528098682925918 0.5522613849680604 0.5621120122208694
0.6979720798354412 0.6676350870057717 0.6554060744175242 0.6521309002182081 0.6113685623443167 0.6055383627722419 0.6023974591003933 0.5964260832422945 0.5608774144775934 0.5985250561985511 0.5770980725675496 0.6016229352924922 0.6122904026676197 0.5900341888388506 0.6013540267525886 0.6307662265502686 0.6332037042471206 0.6550490686260263 0.641034403864755 0.6617538245733157 0.6433746201643447 0.6732408771932961 0.7147014659419526 0.7027681482136562 0.7414808538052732 0.7350285256563944 0.6887195701780312 0.6988555152398823 0.7043708800812126 0.6934593878907199 0.6854810428912836 0.6847595587231576 0.6542425485984801 0.6434815777791316 0.5939705570477589 0.6110200598125484 0.6115030699272365 0.6161497579389578 0.5859220570559013 0.5478833141385372 0.5200664933799072 0.5131219135539321 0.5304755205034389
0.7091230289434882 0.6930760555707515 0.6467183186348677 0.6600451491450423 0.6309481228886935 0.6281844049618128 0.5959539027292066 0.62563371977833 0.6079442045952721 0.5751663871625242 0.571966092379981 0.5881088722666364 0.5852054557384871 0.5764643907711171 0.578051369964864 0.6219517667601655 0.6403642694873117 0.6388003978095448 0.6140693440276925 0.6491763764682317 0.6345050457855412 0.6623471313996813 0.7127663315603973 0.7087841684452751 0.699937076168247 0.7284777360208549 0.6869108596553273 0.6779264090664361 0.7049770767104281 0.7022865309162378 0.6563822196743073 0.6548731983458578 0.6506836147430509 0.6485677918203295 0.590619451330821 0.6069358050227633 0.6124059404604778 0.5830220198514022 0.5702091345098703 0.5628402853455109 0.509990309872639 0.5416793044778252 0.5462187827814547
0.7223215272350881 0.6753540532786554 0.6619899318459874 0.6307805698501393 0.6381520419165997 0.6116393550296787 0.6040251368257855 0.6356600422166798 0.5975154009248188 0.5870515349182988 0.5807179200500702 0.5989588137840939 0.5932737510477085 0.607766300863102 0.6240877912359922 0.6122387665165502 0.6483785521485111 0.629313570927744 0.6235274442877728 0.6412270781200555 0.655300522862044 0.6419119334371481 0.6785661164781651 0.6908588594014448 0.681051299877405 0.7003845184744347 0.6827410695781403 0.6984573935302185 0.6886323880367758 0.6736289396268691 0.6677901419503902 0.6448634665212472 0.6214670533058856 0.6148498926127673 0.6117238007353636 0.6169742034597437 0.5870435021829489 0.5558035873536932 0.5452438932948971 0.5239534639280219 0.5148796000199489 0.5086818711766272 0.5293845247419448
0.71659102521963 0.6869696432723109 0.6905350288737977 0.6817868755071957 0.6148266949466951 0.6303471776141809 0.6055459112108709 0.6198364340551049 0.6351200663697996 0.6127398383113084 0.6115286111456215 0.6308446116138346 0.6278224096993453 0.6640897468092027 0.6636920987879626 0.6549815256283648 0.6372581651068552 0.6456614568573881 0.615701809261804 0.6243082846320165 0.6341930752300509 0.6432027417852334 0.6639232913703994 0.6962142727978438 0.6772543112890599 0.6947264991961887 0.6738052795182992 0.6712654300851189 0.686774520152129 0.6822740695114347 0.6488894446721317 0.6460748111935235 0.6477499672002733 0.6240102947741787 0.6091620098116278 0.5745795702722476 0.5996360507111025 0.5671491637968491 0.5006369458072667 0.48257997078378684 0.5084056136193887 0.48870680213710704 0.4772786574996716
0.7328581844904937 0.741965826834084 0.6895683898394457 0.6947745721304721 0.6280516555190573 0.6352407193630725 0.6538405909970714 0.6235104924642377 0.6566520959818402 0.63997074197866 0.6612331734461355 0.6638147199000876 0.6472623190902012 0.6602897855881884 0.6327301868398383 0.6250631559374847 0.6122666675287145 0.6361848337850932 0.6519145657113141 0.6478991159333419 0.6728617812813866 0.6655193953210105 0.6520537397444484 0.6900864554550111 0.7101916579194962 0.672767443654735 0.6844792028256034 0.6700780980450943 0.6408043359426067 0.6450279294453484 0.6330399874950725 0.6346187464022276 0.6254082371008982 0.6082971640232855 0.5771942290984136 0.5551211897467758 0.5479297136807768 0.546445881935437 0.516990796475704 0.4890196291185682 0.5122356533325414 0.511037913333982 0.49609636274109714
0.7666523816598536 0.7506041137275528 0.7213051782914472 0.7057288537551109 0.6613841103473679 0.675964168535899 0.6843035702542987 0.6552148874488405 0.6484106293744136 0.6594836660356068 0.6611100376580304 0.7032375988526821 0.7027884740248503 0.7019650130595783 0.6409298686876941 0.6017752059945012 0.6040757859407794 0.6547780743469763 0.6648243434460595 0.6665182539964888 0.6824431307584331 0.7036917347437592 0.6768333444603873 0.6897648601072462 0.7032623538477428 0.6617366740762128 0.6634498360482146 0.6281922120027795 0.5794207713229577 0.6430348035551687 0.6333786479657182 0.6347043797473604 0.5578117292909638 0.5722190137970469 0.5890952376984755 0.5608545905662338 0.5225870953017572 0.5269009234406545 0.5335047582473588 0.4994616139985731 0.5042493978847747 0.5218387629151319 0.4735254352271805
0.7637974443060448 0.7594942350685587 0.7263893745954559 0.7287388692705077 0.6762042868800692 0.6805461661207338 0.7062841902465864 0.6999451654895541 0.7227624266403747 0.7141460939257669 0.7195811825246723 0.7235608878139225 0.701638440759324 0.7139469502671638 0.6593426454301037 0.6379890538540368 0.6292184696046252 0.6170933051479217 0.6508578204622979 0.6708204943606522 0.660007998600642 0.6935960630818474 0.7167262489113497 0.7033612507652559 0.7017311089222356 0.6854106427169657 0.6534995583850637 0.6335603880500434 0.6516108474917778 0.6499669271800682 0.6688238205478728 0.6400687697559881 0.5918860746313123 0.6055139610827031 0.5615258415787493 0.5887382087545193 0.5710729525774281 0.5626293940193005 0.5578464787695209 0.5485977239249981 0.5303650295363853 0.5359769018476401 0.5050551299320855
0.737779155123713 0.7351457418426376 0.747845080166222 0.7208761182290953 0.7319047643627168 0.7358967533210966 0.7126011066425062 0.7478237679812625 0.7516833249831153 0.7510973623751742 0.7020660696684463 0.7017695155224536 0.7364609362687481 0.7483062941716677 0.731951697300094 0.6532455833881003 0.6221144146046653 0.6375149716279395 0.6245343944417397 0.6638540305343732 0.658410923378451 0.6660070065541248 0.694737221909797 0.700826777109532 0.6954813677666044 0.6923807770921362 0.653915874905195 0.6830592446769609 0.6836937687259245 0.6506532657734763 0.6571375874136093 0.6464979965996501 0.6441975918651408 0.6177946417120996 0.5527870046285084 0.5671695082820453 0.5913692200631239 0.6075585653458883 0.5964958529625555 0.5855524731680742 0.548114641756399 0.5506765736339753 0.5240802949410457
0.7211032107881347 0.7106474004181087 0.7492641317903055 0.7382001763144698 0.7217023488567053 0.7431311701451416 0.7639920301507719 0.7857525900886118 0.7764066551101633 0.737504684590399 0.7205464616619287 0.7444190945368468 0.7574219004317695 0.7445420100821939 0.7050919287718297 0.7022247745908167 0.680798883940239 0.6285637246361183 0.6441478200109317 0.6331607954680926 0.6531081197906101 0.6685248387506649 0.6644666923462034 0.688879200582774 0.6776942010122765 0.6736570980253364 0.6860761366004373 0.6945935807787225 0.7125967409266162 0.6976847752829807 0.6814251742629469 0.6503859445040943 0.6465650154981246 0.5921614662696562 0.5945602960538057 0.5932301113924772 0.5972216352123669 0.6163815850153315 0.6179035164190679 0.5718121373439001 0.5729487013681773 0.5662969231817643 0.5419209072175398
