Raster_benchmarking/Raster/continuous/raster-209.asc
NCOLS 100
NROWS 100
XLLCORNER 1743149.573381714
YLLCORNER 5469280.14534227
CELLSIZE 10
NODATA_VALUE -9999
[rows 76 to 94 of 100, columns 0 to 42 of 100]
0.37358951697816817 0.41146713329157514 0.43793102179674154 0.4213689218363463 0.43907142864388743 0.45293625491181116 0.406369326626586 0.40954120082016376 0.43593915770342556 0.4201916286593293 0.4175931954743721 0.4039448732468429 0.3241963279795519 0.3277087677266312 0.3611672681635078 0.3519002466491953 0.3566836203799623 0.34423684000337657 0.2972898468005001 0.28073281090821756 0.24844086017296302 0.2791170080944428 0.31050682769209315 0.30694146786275595 0.3024900056199404 0.31681087322575624 0.30736286792214274 0.27781304058066114 0.2816696783640425 0.33460404426635815 0.37409231287282185 0.4508294372802481 0.45773862952242417 0.4469255620405473 0.448673366055953 0.48134845370206525 0.436156070957381 0.41339147585180774 0.36688505008922484 0.3778529277604416 0.3491557630298149 0.3743818843676251 0.3493384009154622
0.40376156618424286 0.38894693481445686 0.4183923418403122 0.42862004691956856 0.4251998475767893 0.4096798249012339 0.41469020903270754 0.4498308398368779 0.46012383555948755 0.4427267769758551 0.4282399785362296 0.3995516021442798 0.35591458497853456 0.332418428398371 0.36832311811994173 0.40348073876834756 0.3834894868470053 0.3331070034147385 0.3145148908883281 0.3233213657539919 0.2780617485960676 0.33067444548962105 0.35630859359480854 0.33007104578597896 0.3309222441176112 0.31990140347526586 0.32592707816410915 0.3190625010069276 0.3568262603929857 0.3919788089893666 0.4202484284441584 0.4661398363219491 0.48071045936457935 0.46525178517205945 0.4640033816988402 0.49275746580843766 0.48937071950544964 0.4632601636787288 0.4287713695884997 0.4218503321813021 0.3719525383963776 0.3554717288530299 0.38639894937049074
0.3897831076487581 0.4062618615705939 0.4366660177813399 0.4629675567143964 0.4648367678851662 0.4494852546307011 0.4444657657219751 0.452659733925515 0.44957184924228777 0.44775145322911647 0.4225729427309471 0.4105774191561695 0.38936373535301694 0.3625503239049742 0.4028477162287573 0.3908694927177865 0.4002763041101769 0.3918757677066017 0.3534104436876662 0.32484883882148324 0.3337151040797724 0.322782544144501 0.34362306446200713 0.37193211681958976 0.3573704887685162 0.35718938039778486 0.39123089705802283 0.3802763579551214 0.4108926078718811 0.39758960454275305 0.397004657899531 0.41480137219133767 0.4716373667969717 0.4618577949881597 0.4229665644036826 0.47652019127350154 0.45249920044364406 0.4945372126305864 0.45878279294671254 0.4021728191351107 0.37952239877741845 0.36409302850419856 0.37452026936231625
0.38518163641630326 0.37349520772139305 0.4252193695049895 0.4782925709092917 0.48929683876210156 0.4426295450056916 0.48848270467501403 0.4744890954287167 0.4684972862334222 0.44912070731927567 0.40168679949290764 0.4102853256799085 0.38525506342034316 0.39801651421886236 0.38273847567545627 0.37691592904925264 0.4085427934203703 0.4223092491725377 0.3885125523976987 0.3330525130918762 0.33140980354322896 0.3599568105826455 0.32385428140952105 0.36426640857517134 0.3889598506215926 0.39477666774769354 0.39848886142155476 0.378642731889088 0.4137192162415145 0.40288019564763866 0.4194403924947662 0.3908561288503442 0.4126787857871161 0.4455426152497252 0.4055261894320993 0.4312762682531798 0.45593799072313695 0.4497219309681607 0.48503069411730615 0.43655996499628746 0.4071732422379175 0.39046717891145516 0.36080091792646546
0.41041187608956237 0.3841806128035919 0.3808160819734708 0.42672661179453353 0.415634636767504 0.45451874020057853 0.4848897782589415 0.4780496366241049 0.4862296645870265 0.43812376961774824 0.4089762649791506 0.3999034638620004 0.3542660834521665 0.363344850976578 0.3618154653955967 0.40436451435993337 0.4115752606714427 0.4240135846355947 0.3851506816387846 0.37964561178797324 0.3321087336198384 0.34312258656156547 0.30553961496055243 0.35291893136447355 0.38641246936397006 0.4046110625051751 0.4003752064792915 0.41492134066883407 0.40915298725704863 0.3864317929445631 0.4121591049631119 0.4350379977948477 0.4616736527921116 0.4019659338681022 0.42332595725015343 0.4418320141440504 0.42619362596465654 0.443844416057168 0.4846187675592317 0.4667600190183403 0.4056999664717273 0.41496767895886943 0.41024588780439303
0.422837416979732 0.4308154506429239 0.40288630581814 0.41596203258510894 0.3945818835350207 0.44686797902646563 0.43752433787320555 0.47832526815255755 0.46122960170631866 0.43182128776360346 0.3909464770472231 0.3689997311726843 0.3317830243829489 0.3351836143818134 0.36666643308314545 0.36315265112128986 0.4061800299825905 0.4125433871040359 0.37861686757608903 0.3495365130109534 0.31610123883276775 0.3002559741272075 0.3146626489988174 0.3355411123884996 0.380102335430642 0.3652913828705289 0.3894322885972115 0.3927264397844881 0.4051273828087074 0.44313164047055253 0.42474292199124275 0.4246976484273718 0.4827618920193312 0.4765341736493271 0.4194507081174963 0.4469149379421266 0.4555229280370461 0.47151613166816597 0.47713381027974366 0.4797536192412374 0.41686058672404197 0.4456567802667216 0.46734551538782426
0.4686752108881267 0.44443909305031787 0.37514070672736083 0.3788221879154976 0.4232162751783769 0.41776462291021593 0.42543491384611715 0.4245420896929299 0.4256091536328461 0.4335050532069624 0.36798577097963125 0.3484996390661098 0.3446941430804764 0.3421119257812532 0.34824486612059974 0.39140658590986527 0.4120654131486054 0.406790178555968 0.3703481769353703 0.37370754726876754 0.3512501017137885 0.3191722576376119 0.35183856478073755 0.3329633179356569 0.3457123504286441 0.37376452641790725 0.37716716005571077 0.3543486976965791 0.4323060370694536 0.442698142212398 0.44474675760027765 0.4247223316002126 0.440791717092728 0.4827963335335752 0.47965865449854345 0.48881891848327197 0.4561978390838033 0.4831824333979792 0.45364876521736164 0.4437815266167391 0.4272787522359699 0.4872533149231407 0.46385616981966893
0.46662104404085664 0.3951127051538247 0.3777449027408388 0.41290222574159013 0.4350351638011321 0.4524874218969302 0.4372523842102905 0.4112221672552155 0.3990603623540656 0.372138909028267 0.36854751703884975 0.3330700771418346 0.31873355791013114 0.3080835448498918 0.3235906762387174 0.3410174701080275 0.37214204457063066 0.35851015706531003 0.39100442545062647 0.3569500119092266 0.40077976968592127 0.32564113840363557 0.3508550006189747 0.3613927212740969 0.3064035642358666 0.3419428392775044 0.32599278594246284 0.3684308986736809 0.4061053199996165 0.4406210521779058 0.43546818697159173 0.42889191209325134 0.47277887403238933 0.5023917140329978 0.5081667640449923 0.5014790478506584 0.5170287015540558 0.4616910651896369 0.43462909186037957 0.4647363480254542 0.4462296166756194 0.4595060326794183 0.5178951141564128
0.41908221751380564 0.40273769407627036 0.37140246735463656 0.38971455912595415 0.40465510799801796 0.4340145734658674 0.46212182318344597 0.4160696889231551 0.38341670222974866 0.3599063294749626 0.3467420833920427 0.33674738785451336 0.3671155365581473 0.3307691967612441 0.35189533015018637 0.3678386922546144 0.3618436352304812 0.36994120939235314 0.3542259387093668 0.3339295389250494 0.354192923292635 0.35143339215221914 0.34681026275616156 0.3472871579006419 0.35397011125415634 0.32754115685128976 0.33051510875602136 0.35112708297805 0.3562205033161344 0.3827969613851744 0.3926238306532378 0.4127894500090754 0.4538617384597046 0.4626496322639865 0.46199086319692145 0.5093217896697939 0.4566340601660809 0.44392564656433614 0.4592468741759954 0.4665272867482449 0.45544745741711334 0.48187491996656917 0.46693833848682564
0.4080204382431826 0.41777484632489276 0.3964374023458294 0.42659977119153547 0.4623273309186687 0.46881437949236954 0.4521200867994566 0.44165914954612356 0.4082971790310029 0.38326441154833274 0.3612364618682127 0.35174023607585625 0.36541605098319463 0.33394856816714874 0.36029439480607073 0.34421741908155223 0.34111411990830015 0.37928283630998844 0.33809209010646396 0.31817978292216054 0.3145445287130972 0.35018007538616075 0.38662766799539133 0.3764609921613215 0.38905387241327405 0.3488354658370359 0.36472620971564396 0.3789070550127043 0.3490867641838078 0.3987607868302805 0.38244084463191297 0.4256746306731478 0.4235958526876235 0.440091581873048 0.46097649821765896 0.4717540068542052 0.4600179347317274 0.4647906204250282 0.46422912520336385 0.47840950887029565 0.438156393458428 0.44185169711484606 0.4786014876412041
0.36901898654310344 0.377537646344157 0.40458791682759565 0.4430248125313956 0.45893600215599367 0.46757463862730275 0.4725904946750432 0.4721845168276095 0.41401568913198433 0.43336281779139574 0.42112092507214927 0.4095272007760762 0.3871682795991303 0.37004883912087805 0.3744214309273145 0.353340781705355 0.36621967340064093 0.35932926565012013 0.3025526506551057 0.31040785565891404 0.3251099989928262 0.37273229248004924 0.3850008417119885 0.36047950215578783 0.3664991248741255 0.3535229918845537 0.3664735049183331 0.3416019088902046 0.3706729373837602 0.37092119566098547 0.3569321414223713 0.3833042850709288 0.41547457167604884 0.4329370421186063 0.45582070229570115 0.42153125389332263 0.4561974025430365 0.4335859259516034 0.46492451451487465 0.4491953424748226 0.4405738414726247 0.4470203483609823 0.4649135336021505
0.34752116629204816 0.3750508078519148 0.3651908683013097 0.3915088370774023 0.47995397905720283 0.4651707830648568 0.45954479426434003 0.4391252499312116 0.4509121897124199 0.41797048800378006 0.42674033510772436 0.45108492799194994 0.4508294965355664 0.36204416134715783 0.35350697971551825 0.3832126498135002 0.3802929973642501 0.34717865326342207 0.30486341044440646 0.341740280535057 0.32201990714591827 0.34574559996802473 0.3503072232370757 0.35666983822277554 0.3588537606155543 0.365925175393807 0.39768320032084387 0.3320059317944959 0.3233265095044918 0.35568447572365025 0.310332486959546 0.35968139955996714 0.3673212872280725 0.38425795186930223 0.3990746118730348 0.42214058991184666 0.47258407453472834 0.4355414123879164 0.4001546711088573 0.4405862998325768 0.4136497436734648 0.4209611873755923 0.464697278626121
0.39178306280327746 0.3760175238258926 0.3876984649516146 0.39593852218598746 0.3972883402696889 0.4435430821159307 0.42361445659550384 0.41491632534315565 0.4068527176169521 0.3996715194341953 0.40987852772368216 0.40075846564419565 0.3968812754715889 0.3840377293085291 0.36037731077374763 0.34910046519521726 0.36946277444101133 0.33247979694596896 0.33794737534249597 0.349741835888052 0.34300349806319547 0.3840443755472102 0.3402683817077781 0.34025610422223995 0.3417266726189587 0.34166978368390705 0.37485952237929754 0.35293047141176187 0.3632090532051563 0.32520029148318025 0.3096612805215356 0.3347329802404432 0.32032854943212963 0.37087294653250696 0.4030666526416604 0.4485059018521709 0.4322983838718857 0.45123326801688873 0.44924327038254486 0.3938646737834762 0.37576938732721515 0.4353732621513266 0.43851451322566265
0.38600943373595836 0.3998160715327021 0.36694218073966206 0.36907390022110015 0.377904489838055 0.35119291593683544 0.3653296206233898 0.3990959025055767 0.36449051221658835 0.36953039719183534 0.3700908816636334 0.3901831891077864 0.4343094546075265 0.3695257795871956 0.3910774018647558 0.3758799283494263 0.36412326921398946 0.35901028709355015 0.31395503517455214 0.3270579439159494 0.3831799950065744 0.3810963066183576 0.38457375809864575 0.4052997368403932 0.384918651591928 0.3450395540469625 0.3458251212487594 0.33663453578215974 0.3565003249312657 0.3568279916947747 0.3348667056411113 0.32159496449040914 0.32091952007107 0.3923053795908581 0.4154093403595658 0.4309453085837823 0.42437819038712593 0.4330005864219456 0.4425474864008154 0.3962201130901004 0.3750191139573862 0.37794687765703455 0.41134168870010773
0.34536153867014885 0.37601129010233936 0.3424729705123824 0.3515336013820833 0.3524180543009579 0.33272530975169373 0.35123651266121353 0.38413872671448646 0.3559186021095303 0.37748364854188204 0.34836205681523785 0.36827906185716097 0.4130894471948078 0.3642413700267495 0.39925968859915767 0.40327055643995074 0.3576660372204374 0.34067787179938414 0.3250838461023556 0.3485635175121081 0.33246823193043623 0.3674498632955123 0.36215692727943344 0.4005657845909324 0.4116560506338457 0.40201866643040834 0.3230719209229721 0.31391088985898086 0.34002578525357424 0.31593820022852714 0.28857570225608514 0.3009644500100139 0.33088001505430076 0.3521585070909085 0.39423271939605636 0.40082240608608655 0.3996148568793295 0.4321211461088485 0.3986787011386033 0.3882649801139157 0.3850142932316045 0.38785470144698203 0.437724083214659
0.3488763106535374 0.3430521720324993 0.38652525260336806 0.3707804678792133 0.3102225041793755 0.3278108290927968 0.3328117652484618 0.37774224884301566 0.3831475729796399 0.37188651861867217 0.3919612605281023 0.3586075942393218 0.3726705062998111 0.3439991416270869 0.36196123162273586 0.3906159550898261 0.3993096635285275 0.3973048860298306 0.3726965269157843 0.34550025201555035 0.34699674039697304 0.36196583216075534 0.3753261533043193 0.4284933897010117 0.42924701975295154 0.3668650741049259 0.3381828181658065 0.3252256268993399 0.2813577684743362 0.31311687129706756 0.28169259884041975 0.2803518528836686 0.3466319157791534 0.33841283460574045 0.34380283896609387 0.3853970175470124 0.39560011611999707 0.40234470405723544 0.38228369016285996 0.3823449826933336 0.39294960867352335 0.43134543858741203 0.47981540616494883
0.3569119367935222 0.3363471318033968 0.33653714230447307 0.34271925347341364 0.31945285855718974 0.326039850611725 0.3384692776156962 0.31704876527995035 0.37990332560042434 0.3654648106351114 0.390811747173309 0.38461749436725295 0.3826554356737989 0.3898830985202884 0.3532071226280259 0.34560948180982437 0.38357267455476457 0.3617575639360829 0.36870455744594555 0.36254707950749954 0.3478871068741751 0.37764392027414284 0.3722028279381738 0.3940922104383902 0.404854600351076 0.34868627873868874 0.330353967132169 0.29868854697811165 0.2751809878606269 0.2599960392075474 0.24776696236916487 0.2777112366478134 0.2894399220071792 0.36111638257078316 0.38338125674906937 0.3487647346748192 0.37768875408552605 0.3638471851891169 0.3953542624969879 0.36303951301625625 0.357178184222661 0.41981061564404343 0.43124207495723405
0.31879910041640996 0.33930005234272315 0.3171659201686071 0.29877150131404917 0.3083508603989731 0.3194436649889222 0.32620710995673247 0.3203842054586826 0.3344084208885016 0.35432300751987533 0.3907269610143946 0.3886554264250646 0.3530660558777375 0.3862974488791225 0.35179461022835484 0.3188247770478531 0.3189527644624909 0.3422278003970845 0.3362438198239918 0.3502364759548303 0.3357427922047719 0.3672036905820401 0.3638869103730489 0.34640084816648226 0.33308994447372814 0.35322031707273366 0.3428725252016393 0.3032012493628788 0.3299375628946558 0.31308383559152464 0.262489741162057 0.27813684393788113 0.2738124710074096 0.33543533699368316 0.37331397431733526 0.33796505657663295 0.3494906222553967 0.34722287456764517 0.3824193887574932 0.3938486726736345 0.3551700673572368 0.35555628344782625 0.41710764573293146
0.23348467906079562 0.27892289282331223 0.3067013862200564 0.2952869472265619 0.2648546195361097 0.29827877155380567 0.3071184943902016 0.3365943774861271 0.34505852492854366 0.34571452786752127 0.3976365688296248 0.36888531361312776 0.3206490947295597 0.342010776658719 0.3611294925856414 0.3469818931365828 0.3405712585252816 0.3291996057915543 0.33440539172879263 0.31761763600849635 0.29164554395138337 0.29910766303146447 0.3097817466087415 0.32670894662027805 0.31756955470079723 0.2983157611446327 0.31884980800992946 0.27228510075136525 0.30011802390576287 0.2940713372776354 0.3015420461029128 0.28544829106842834 0.31477528027158724 0.3259363891219362 0.3379403989149104 0.3237833336703302 0.3245076497793046 0.362203344189378 0.37661878195102316 0.37635913476644106 0.34147556515295935 0.3245825479386799 0.3750527271085452
