Raster_benchmarking/Raster/continuous/raster-258.asc
NCOLS 100
NROWS 100
XLLCORNER 1743168.7508264922
YLLCORNER 5469296.992669932
CELLSIZE 10
NODATA_VALUE -9999
[rows 0 to 18 of 100, columns 0 to 42 of 100]
0.5073178574088414 0.5080756598738897 0.5445634174594376 0.522547271336145 0.5521969540425513 0.49741078333476196 0.5100479804687701 0.476738948568608 0.4244362605566072 0.437221872676333 0.4829141358154163 0.5393700957879549 0.5573348929066536 0.5319025791297944 0.5060522292157225 0.4780293005288779 0.4766939818883279 0.4729305443347741 0.5272279652654224 0.5295478124556319 0.5096411851656221 0.4825658353753707 0.4879478941317827 0.47252079053408125 0.45118686842089123 0.43287017065396943 0.4479005619757461 0.43266392716485436 0.4392904485433708 0.5273865071030235 0.5390392408533424 0.5938687143074922 0.5948366641187797 0.5930095307677472 0.5767878210772709 0.5691839374486903 0.6287717782255917 0.6453772841040355 0.6456901297705302 0.7168145050461745 0.7746424039746584 0.8563004733206863 0.9091852990897888
0.48359379251078566 0.5242167403834381 0.5029250548999215 0.5585248641474522 0.5641188412508686 0.5605488179781547 0.5198173420384078 0.491010887624093 0.43565802822232835 0.4678710540471609 0.4901911007276815 0.5609311384512254 0.5586224399571065 0.5553900030062626 0.5495714428077324 0.5094689734236612 0.48939673747512114 0.5156644782394513 0.5308991907899825 0.49855031263533456 0.5048265480000386 0.48774436491579076 0.4630601364336738 0.46256105625514937 0.47293783327616523 0.45145444721360956 0.444327378095875 0.41799443383819357 0.4460750778232653 0.4905406909102535 0.5522755506453074 0.5688391844270346 0.5832885481025805 0.5773488979851803 0.5761309114294633 0.5545548335521487 0.6038005751482581 0.6640955632340727 0.6824487983519232 0.7514378079111135 0.7967584044122725 0.8285640680627567 0.8540864134989032
0.5241634442912643 0.5337003296669774 0.48828040143674867 0.5399056001559474 0.551102928395225 0.5588728629941699 0.5480429105968858 0.47506717524010383 0.4799477772148644 0.5211813054934697 0.5327535270519465 0.5740728971563105 0.577706076457393 0.5772929056740487 0.5575562537864804 0.5171512565689896 0.486839400682718 0.5067860715518031 0.5392206029682396 0.5060625226404987 0.5115532749639319 0.45262990902625827 0.44095421985058153 0.44801386644241104 0.4728057696072296 0.43911626092791484 0.4223659248389918 0.41450627762070713 0.43175161948555973 0.5188538988602218 0.5519983727103588 0.5599766648628932 0.6210904744107951 0.594731342422666 0.6000615443260677 0.5760045732652777 0.5657798452429189 0.6241916747161937 0.7270206004049096 0.747253398950885 0.7909425684308033 0.8794960058246651 0.876562973852362
0.566846335478209 0.5126147393267483 0.49223516956732766 0.523295937029102 0.5693241956807811 0.5939719146530312 0.5771217220154491 0.5355849586843984 0.4691790781733591 0.5225303486929739 0.5715825164762363 0.5883831395733885 0.5716578226930664 0.5659833665974112 0.5419286510288005 0.510305309740938 0.5232372750249535 0.5123103333011269 0.5021758186067264 0.4707504279728394 0.4928513153039917 0.4179125316209528 0.42297004948299693 0.43120120324867195 0.45683373497453905 0.45812029314079333 0.42757627295520784 0.43483634114104064 0.41814009738317853 0.4952156522196641 0.5637556002946388 0.6031085500781571 0.6256003875444156 0.5712896750404931 0.5435747058074945 0.5496293890390992 0.5623593192083134 0.6249142315683408 0.7367528691241242 0.7718936735975718 0.8503230205528715 0.887128248423925 0.9023371391829347
0.5760356204865523 0.533921345869248 0.5315135909625986 0.530965986525631 0.5675848659563211 0.6103851268242453 0.6033235454276139 0.5454976393140323 0.48656780548668155 0.5181031733632172 0.5897297292946871 0.6030203806099911 0.6088851831584152 0.5666807180319111 0.5478933183070102 0.5645735868783779 0.5489076494775893 0.49971432042585956 0.4708058661527872 0.4564535112368892 0.4640775748011653 0.4234922367942315 0.40104164262563324 0.4438099806927605 0.47912127815367933 0.46833512547547124 0.46985809418407815 0.4455173987334857 0.4628097181333981 0.46678269203146144 0.5214912154831552 0.5861249174175189 0.5967619705165617 0.5898281824691084 0.5928266189804108 0.5591330226563478 0.6034457889549748 0.6421118838751054 0.7051386219776414 0.756146918684738 0.8038629148777794 0.8218007902280443 0.8719833289523289
0.5640811597594401 0.5538452622069092 0.5150183912488286 0.5260911379361399 0.5977168160180698 0.5842858479358064 0.5758754254874007 0.5763292631504614 0.49782206164556336 0.5487018128808939 0.5876325061581483 0.5769267732170553 0.6296190437437774 0.6115165614492939 0.5931203468631118 0.5427205773825197 0.5440825442821673 0.4646701152966899 0.4610238969418879 0.4709618432910837 0.4587381906966477 0.45477747077502945 0.3995831491768459 0.42985832197713114 0.44487197786879035 0.44578460180727447 0.4227991535223168 0.4540693378080562 0.43389063321763804 0.5049172222534671 0.5679340728705139 0.6108857642521508 0.6366093899966506 0.60021088106843 0.6157187703633441 0.5806611293879359 0.5827191371916888 0.6262667039279434 0.6860539623498819 0.7608345420869037 0.7924806857696813 0.8381339846160475 0.8408364324024306
0.5366684538621996 0.5074622180729956 0.5114773030348132 0.5693566054090112 0.5953636709384477 0.5719054799930966 0.5570344032262663 0.5730917901080149 0.5677792621933797 0.5303807739956996 0.5595364508680081 0.5609435918804344 0.5772981633220424 0.5687165502267656 0.5724953195578657 0.556573819910999 0.5056344033385443 0.4725718702389745 0.44539016584683716 0.45289761053423505 0.45964789259910027 0.44836752454714895 0.39609829029237764 0.40729343745041424 0.4176099320540999 0.39400450134396253 0.42390991135967787 0.4554126009570113 0.5000395956021099 0.5133662214761419 0.5713166593731549 0.5954581045456315 0.584091261749431 0.6146390165360868 0.5823367568126698 0.605202432039036 0.621387345923927 0.6244812572458959 0.6911563117105002 0.7618066402641245 0.7816122217739517 0.8528839335457797 0.8376665140436937
0.49745615697883727 0.5361408651784136 0.5225030710476765 0.5587859361209325 0.6069281682358079 0.579296890605574 0.5990136212663083 0.5867074895213776 0.5615302598493311 0.5318843898054832 0.5597702702357878 0.5472036390670912 0.5852991512245113 0.5452308525013931 0.5527035944777806 0.548852472873888 0.5393344838628374 0.47612396587329164 0.46344716741466535 0.44719611726749603 0.4204620736724147 0.4570818004838519 0.43818130406213457 0.38069566162636853 0.3716460651873817 0.35184594294816607 0.38159557558877466 0.4206135487344366 0.4750470916992714 0.559591651251641 0.5861859032088693 0.6021771734799406 0.600184512561793 0.5743564085256065 0.5740665363799139 0.5982549701651797 0.5976975663782998 0.616625191392523 0.6597103470474999 0.7244951228076981 0.7978454705919306 0.8374540408700254 0.8649485009219315
0.5064527747896693 0.5042203469460343 0.5315802889189007 0.5501954058942294 0.5755581989491869 0.5438564736402507 0.554453884889969 0.5180223548275994 0.5385403578595876 0.5363323921353749 0.5745587959675394 0.5564676040752875 0.5744594283311476 0.5259400949395134 0.520174609011385 0.5496412783020885 0.5366178314663759 0.49679021146745667 0.494166702527902 0.4510003664741642 0.46278952338915114 0.4703531159541662 0.4257286198947491 0.41955036637220366 0.4020343074022486 0.37552402154821773 0.43200908302143326 0.4774821704848777 0.4920258188165403 0.5468083892752793 0.5453186083175159 0.5804725124980976 0.5917092793407572 0.5915051581566364 0.5811375344297687 0.6015832871167619 0.613969991051619 0.6478990990591252 0.6917773807241665 0.7464196984361353 0.7977639921987818 0.8100899447115174 0.8530115691961287
0.48741005921530306 0.473289733981693 0.5078386136810099 0.5438029629387059 0.5287348482720851 0.5395672358523163 0.517069834266232 0.5178966474745096 0.46431832343328494 0.5127404438732945 0.5317650171204873 0.574865229477295 0.5556173500371546 0.5204658930824202 0.5209530271474223 0.5295997435667389 0.48760081240347647 0.4511859300966973 0.4882164030126761 0.4770213297623692 0.48200420009175493 0.48300087996697705 0.45406263221500476 0.4167975655857415 0.42891496164963533 0.429164575010451 0.42825749974127925 0.4964755254445661 0.5142349550649397 0.5129425065008284 0.5202365344576525 0.5131386822667309 0.5217824774032219 0.6004470139540838 0.6301230705884723 0.5819806598139257 0.5995574387533814 0.6578909568386391 0.677332991857633 0.7352247477808731 0.7900738108019497 0.812765054929467 0.8512248069223964
0.43976398919321347 0.443069353111558 0.4635079945595359 0.4817488670260455 0.5147095208406623 0.4761452310044451 0.49947340559650755 0.473941262969852 0.42756361957520267 0.4463590083130022 0.5079840736565749 0.5489378281871105 0.5270365500193882 0.527286866306957 0.5214610418764823 0.4746381255783095 0.4255267902168657 0.43871100812747044 0.4303948625654826 0.4679856673296964 0.4572492718352254 0.43844034147256383 0.46628225696608105 0.4435696568663344 0.47949982554788034 0.45731406181895723 0.43973632881894587 0.48567751012481186 0.4825405252991019 0.4624022182473918 0.49567786788228513 0.4748776203282445 0.4980031062778823 0.5599554227719947 0.6402713542752163 0.61757340693242 0.6352940121230239 0.7024653896069883 0.6952882551924107 0.741902150812754 0.7980175283331993 0.8332709376067398 0.8683389877281251
0.3530416899501332 0.3719774224211821 0.4095285978725086 0.41109808781793095 0.45372548015765135 0.47747345386536244 0.44941807659425 0.44092400007178606 0.4264791164059771 0.4407868977441406 0.4623749058941074 0.5075187918954429 0.5944663235487093 0.5377208917498104 0.45038521689642885 0.4251090374696971 0.4193366692681654 0.39640697950311077 0.3914185580516025 0.4454469838875476 0.434296413711828 0.44963221551595867 0.49661256019568323 0.5008411889406849 0.48502399453206824 0.45403650543501023 0.440875543741067 0.4599367563415171 0.4462661025683788 0.47521870321690424 0.44672993140941236 0.45023009787378987 0.48095406964867043 0.5613015180375068 0.6316232615625151 0.636626612300434 0.6697535643683448 0.7281224276993631 0.7656287243462696 0.7701869793814641 0.8155991124179267 0.8100562040609607 0.844373334598039
0.38512319066109946 0.38322477071947203 0.4236702899188581 0.3881504014093789 0.43388425244152695 0.43813456246031424 0.41260014761730196 0.44723282845587925 0.3959534118619842 0.4147677081888004 0.46798170573688086 0.491823167726059 0.5318900108337048 0.4647731807566971 0.4351813748490734 0.4633064095832658 0.4420219287318603 0.42699074942504106 0.37223667146334255 0.3828296330159127 0.40749402228171894 0.46725316448821635 0.473659837328025 0.49998225364412696 0.4730804060391306 0.44828463775641597 0.4723216061383268 0.46070486140670575 0.5014088402071256 0.4682992602918043 0.5052062633661353 0.47378876747885335 0.5067803470190804 0.5780013096093006 0.5974739804793823 0.614705994902262 0.6525049451873712 0.682179764406593 0.71306114239363 0.7569999826344073 0.8040152318259847 0.810670607355868 0.8137795939692843
0.41749473115904356 0.40013899438616396 0.41599571075854985 0.38235133184192377 0.39457335347746975 0.43865855751244237 0.4295557607655005 0.4084806650257025 0.41580801090513353 0.4542075013761715 0.46527046581746984 0.48433646730217367 0.48419010398193557 0.42626995737039625 0.43691739874396873 0.44201168016029785 0.4575165486681584 0.4122905850764896 0.3946353993410917 0.3849018730625398 0.4297124775221354 0.4468830394049118 0.4891843202130634 0.46765708400052575 0.44114005002176204 0.4409041344364589 0.4780214173710973 0.47736305042885907 0.5546482334140316 0.49504734845938514 0.5214522340668596 0.5351080815593388 0.552511523188868 0.5530324377012619 0.5611440533745985 0.5940734597002445 0.6247561499778662 0.6744906313784255 0.6951268998591914 0.7971433495734058 0.8329759117034237 0.8247073447134664 0.80279037591998
0.3919751946193564 0.4128479305312429 0.411571025202933 0.37874042086275367 0.4053323718149107 0.3842610343545399 0.3960293269584074 0.3993835897733945 0.41801723469175717 0.43907903922787916 0.40468076660524105 0.42748545965487383 0.4045041031951781 0.42684255641054836 0.4397179981970243 0.4468909514187017 0.4227780479746116 0.3974260314154374 0.3736699811442137 0.38927070194841074 0.37695952360145546 0.4119718861705821 0.4328459666391469 0.4729811217470977 0.438457416376476 0.4758516872459448 0.5326749640810292 0.5338982541700286 0.5524873738183864 0.550919555843898 0.5527089021047866 0.5518816633179474 0.5378593167516289 0.5398858289582935 0.5420955668721121 0.5912091717738059 0.615521546796838 0.6861186405606411 0.7304320886202924 0.7864251841252595 0.8323729668925527 0.8190825253555971 0.8363920319501956
0.4376286403135319 0.41166646465106854 0.38170640982438936 0.37769959578230805 0.35887320966864167 0.3811456862735119 0.4395656004379682 0.4240579095894707 0.4136784092553768 0.3775340076062371 0.40116841112733614 0.4259292583774961 0.3927276824012635 0.41308450947693076 0.3787039827910887 0.44245544437783424 0.43540073067727525 0.41586530423448004 0.37375282449774433 0.35507111181638495 0.38309961391368447 0.40250298406184865 0.4642559879759925 0.48230792344787987 0.459023487504719 0.5265134899759278 0.5522804701856353 0.5733533077325897 0.5960340981276622 0.5735731467993538 0.5795652841409685 0.5556048803534244 0.5541560306686898 0.5799583820166124 0.5760058479474388 0.5988834285175058 0.6726135783523153 0.6964687728498825 0.7359375401575003 0.759711610828529 0.8284980097744448 0.8304681861008176 0.8470336898341261
0.414467482499423 0.3677290185706049 0.3635025724586207 0.41107248576297684 0.38232852229182945 0.384982549092762 0.44367755325301605 0.44897381292651095 0.396812004475609 0.3795978421741746 0.3776531369902242 0.40797039845037264 0.38318660723265224 0.3851377834241723 0.390721293710854 0.4235024316636535 0.40790292993161037 0.3928653765193706 0.38994766690668675 0.37581836005923547 0.4311927320260104 0.46814415241932067 0.4979234329808494 0.49125606250416 0.46630742656937857 0.5106105580625193 0.5311201595150918 0.5555532608535187 0.5816511188003541 0.5768676048183338 0.5874810749464874 0.5891098393835161 0.5841095988949977 0.6089336001909584 0.6243733721469951 0.6694946584502003 0.6482062239533666 0.6836648927298021 0.7365135665335263 0.7669238485080522 0.7946281744462714 0.8099663135612941 0.8737726849016417
0.3699130290707085 0.388345379198433 0.39538170954067425 0.3767600351082363 0.40878761329526225 0.39999206062854664 0.40578749698429256 0.4304052972532363 0.42788106142334736 0.3620626675749193 0.3539330393626868 0.40755267221994285 0.4122253223124355 0.3817890141800274 0.41362000728140524 0.4136395061947436 0.4153160794765266 0.39034607350018374 0.4078056198634274 0.38078453836389464 0.42477858939394264 0.44886844213959154 0.48180247943786053 0.4677365380521022 0.47787602028929255 0.48004889027755526 0.5038166377801533 0.5976810018064153 0.6329470302799023 0.6494721387305046 0.6015115214812385 0.5991393238718451 0.6593240654640196 0.6815857734679248 0.6710606603364201 0.6576289143570724 0.6642753131894898 0.6965377211052032 0.7400353035671081 0.7586418628719032 0.7780904348474877 0.8250369284963791 0.8733088354216217
0.39570008171764537 0.32928935796343295 0.31534597219560356 0.3731020727347922 0.3453734703978548 0.35015848631371194 0.3874757727531487 0.38333635692795903 0.39419400997290177 0.40230952099682415 0.350906562206399 0.3758886915224678 0.3938843338695968 0.3665976192940139 0.3658894463723046 0.374536566216162 0.40784824916539375 0.4169244813434053 0.4290427839047899 0.42209277669086726 0.43383530252422875 0.471161349491409 0.5182474697817464 0.5127346194540668 0.49011896514405834 0.4877016230607795 0.5245984990827196 0.6017470525104954 0.6073416949278784 0.6655431998390786 0.6520711523405467 0.6450573760551657 0.6470802917179933 0.6838448992216823 0.660058558198389 0.6863780507765229 0.6519966697542263 0.7069548522496731 0.7617044273540486 0.7896116751619193 0.8281134991822482 0.8489368219394673 0.8388508772664709
