Raster_benchmarking/Raster/continuous/raster-169.asc
NCOLS 100
NROWS 100
XLLCORNER 1743150.6733769479
YLLCORNER 5469291.675396748
CELLSIZE 10
NODATA_VALUE -9999
[rows 76 to 94 of 100, columns 0 to 42 of 100]
0.29918113522364514 0.28772095713614604 0.3582456735084232 0.3451107030755177 0.35910642967794415 0.4027313065156909 0.441598519249639 0.42324559279984936 0.3726904568976067 0.3715795958027365 0.4176657160014272 0.39942391795544746 0.4320751396884854 0.4131439017066771 0.45174980327757425 0.46957782942686255 0.4176849752097076 0.40256475230333344 0.4426054713219429 0.4547791600267911 0.5292388730383243 0.5507962354685414 0.5861697329010896 0.5692765086289787 0.6077183566240203 0.5980135692841665 0.5923182081729539 0.5879376126256398 0.5605628611986897 0.5806542984350981 0.5590897369368869 0.5618942247830557 0.5678204950035013 0.5738869553138584 0.5722866291843898 0.5405278902949449 0.5080207116286738 0.4808341064102194 0.5175460445578898 0.5272097265287233 0.5560981818291928 0.5812430713830802 0.6436464570318722
0.242159574279013 0.25136223813338865 0.3091947380200972 0.3221821600345032 0.3637895418266771 0.3592229824581084 0.35487526527259605 0.4038265444875697 0.3380811878889984 0.3560562451072513 0.33376510967102696 0.3450740004723837 0.3466714522027527 0.419555647633967 0.37843794562617367 0.3920375439580397 0.383575755042922 0.3990265145024243 0.4137246764088024 0.4408059096923115 0.4868264971579609 0.5831617788779377 0.5500190156099242 0.5924152459256202 0.5798598227279078 0.6151723598280832 0.5952358326802992 0.5223058399919634 0.5046310594537545 0.5362124256991714 0.5547706097552519 0.526111444259264 0.5576462592776572 0.5934258271036338 0.5371241952092255 0.4898231064575968 0.5242365980584404 0.48916867161081784 0.4959528667174005 0.5212246884109549 0.5497198311552381 0.5936276406279659 0.599478200209805
0.25748437588771306 0.2795910883268197 0.30462972414346123 0.314808103144021 0.3230214879146956 0.3038735881646353 0.3151679806070496 0.32351292488007016 0.3212106256861104 0.3246573381231979 0.29666396160270836 0.29479726471174994 0.3073023722603933 0.3238857063840553 0.35462227386040523 0.3742032209711088 0.3384102621050728 0.3505487672146574 0.3868853100637265 0.45981272939665097 0.500982761096879 0.5087028735937253 0.5610966183678597 0.5745237019093151 0.6062867916388304 0.5741600380989842 0.5684198283439831 0.5568177718279105 0.5121231905554212 0.5248062272673784 0.5469791457343018 0.5772584161937252 0.561277912329509 0.5728909266528276 0.5728472854356935 0.5191607489959845 0.530002192804676 0.5020332201758386 0.5272782154168628 0.5497019853261546 0.5582008584772898 0.5876125697882411 0.599741979165939
0.27661105751988246 0.26557368782651414 0.272572108984586 0.270617604560806 0.26933676602112777 0.29951655241859426 0.2797066695650062 0.2657701124511382 0.28573295617784283 0.30031514616236105 0.23811507625363215 0.28146353832731674 0.23329223569619573 0.23641730397316965 0.3141110527218152 0.34234122010319556 0.32075822780703717 0.32398500020071963 0.3506398187233822 0.4031785801625191 0.4780569933764407 0.48320648132348015 0.504947327129806 0.6003087886950479 0.55878649929234 0.5882525555251656 0.5425178982132415 0.5128378073659892 0.5194790327259021 0.5558941659147102 0.5764968897171056 0.58217869997483 0.6008968038464702 0.5726041597094287 0.5633123554919431 0.5532897688056214 0.5680305566599656 0.5778880682374535 0.6000087473996187 0.5889070765467358 0.5556208359291923 0.5806796020956829 0.5766207269498974
0.24276408696661395 0.2828445092409203 0.2865710127338566 0.2814709161618258 0.251516371829117 0.23093514478122742 0.23347846109525852 0.19975067766067894 0.21977803920455904 0.1913275736016159 0.20120397993399877 0.18411859263724278 0.19244392629705592 0.19931256764552024 0.23960457312480038 0.2684302959154039 0.2924660049009812 0.2821193893585955 0.36332051994721426 0.39734143310699127 0.44122157806185547 0.49828048693174115 0.4987243879600595 0.5121973959970939 0.5501495737426056 0.5725328948111655 0.51311215069625 0.5527261357234686 0.5584971971563016 0.5308011095653932 0.5255301280520289 0.5515819296369187 0.5910975467621332 0.5746900442677698 0.560775153828817 0.548144289573468 0.5471292182024083 0.5799474164266861 0.5963078590763813 0.5821131696216508 0.5816323830037394 0.6143586616578418 0.5856660178675693
0.2258227834969779 0.24525103451787297 0.24174588163290042 0.23180707408840345 0.2230058153324581 0.15303283568919335 0.16426616534277452 0.17397088506815128 0.18203086665510973 0.1435882981054467 0.19293850093933726 0.15784625484383036 0.17879293349469597 0.0891464830842488 0.15367410955366115 0.2239454360735625 0.23082384307472675 0.2617937290347703 0.3798264753991069 0.4118032451800941 0.4030738187655496 0.46156699463036194 0.49019365320582164 0.5228634079170389 0.5249798125842899 0.5353930411998045 0.5198177030035547 0.5168977474607015 0.5794598117458161 0.5320357440262916 0.5727721196870931 0.5621501598864044 0.5572699953443291 0.596099777788064 0.5867089238109486 0.5703834435292835 0.5491045221057168 0.5417891663100759 0.5486842782198461 0.6145569253566296 0.6004253577824001 0.6393216973876298 0.6246030898573427
0.21816126330624003 0.1883808324824709 0.19940147110805287 0.22728398578226877 0.2266735711427191 0.17628962506622264 0.16675393477640071 0.14546471374214173 0.15833572673865182 0.17329101550771683 0.14681716240996168 0.1751892358190113 0.18076119057603343 0.18577058322677353 0.18945267605652896 0.22449616173502743 0.2410333460555097 0.2800831220588242 0.3540700896936418 0.41588497799895124 0.41710443750082965 0.44362009492073773 0.4928221005981639 0.5107205582403483 0.5405817790165327 0.5263223649299479 0.4987675789469302 0.5627132664195946 0.5841216468055123 0.541972515925715 0.5598434565758885 0.5847135003783572 0.5648973763201087 0.5871235525183135 0.6056808457135409 0.5636057811883869 0.5509100823706251 0.5568036392612815 0.5548781914730153 0.6038620530011338 0.6364629836810043 0.6610784992029616 0.6187696111284664
0.18732199539177766 0.17685193840274804 0.20438942534730692 0.2380019673205274 0.22031817660730355 0.16737161214689023 0.22320900907812094 0.20866520732770177 0.21626721508742677 0.1742109608375547 0.16475096374731513 0.20483204561432813 0.1936110048003186 0.21799709902584313 0.21114929455539183 0.22907256375013005 0.2429380791452071 0.29228950452598523 0.33002256033009664 0.41568574271162334 0.43572388040859855 0.41345178052609427 0.4363878843812447 0.506056077129716 0.5322440432422841 0.49257858325882464 0.5157555982987204 0.5556635697647654 0.6220572595561004 0.6120988493111471 0.5864388065423437 0.5872660726794635 0.5926740012406971 0.5494707558398302 0.5578077854891904 0.5847098831442995 0.5360304408839462 0.5150091065578127 0.5738420951441167 0.5871312688308383 0.6353258976288315 0.623982677628411 0.5856652665762498
0.218442938242271 0.19765033980294944 0.19641591069692071 0.2401835725894785 0.2108583028792339 0.19023968186116763 0.2195627504978191 0.24041538327438677 0.2179768293488901 0.22877145665069792 0.21263789091244034 0.16786324002852113 0.17069154768050854 0.19257159957848696 0.258361311966204 0.29693053153697563 0.2744949241234326 0.3267029850117803 0.36302974799308135 0.40160461974972245 0.3883104257626868 0.40559061135222113 0.43777201110431124 0.43313013618493107 0.46125408823420205 0.45251112541769384 0.5099083359675257 0.5335777032770401 0.6162394479515207 0.6005290350587843 0.6309255129913272 0.6358950836062067 0.6002070130287219 0.5644419117299218 0.5438214755705295 0.5126052117332779 0.5008219627828272 0.49441260365380596 0.5467629432003255 0.5610533053626194 0.6062435443044474 0.6363126111235466 0.6057783884151031
0.2376190542809763 0.20168799224748737 0.22219206522191104 0.2835074726453883 0.27278886593179175 0.2725927405357224 0.21216046845174624 0.1990528738212368 0.23909377252691824 0.18332936501247085 0.19280129824131684 0.2042155949736603 0.20507808950132025 0.18874452121618585 0.23991938641670232 0.3213411052033748 0.30937776650399446 0.34110162025941204 0.37170488294206594 0.38568558294820626 0.37441970762734894 0.3966852592594531 0.42714068350190393 0.45475013874037945 0.45387507100922014 0.46133397085371314 0.4892429531640187 0.5515023868431281 0.595276535591575 0.6160549554940813 0.5888951963175734 0.5936727175771593 0.6147332492634803 0.5618963411163013 0.5124674261716115 0.5155577321653646 0.5464691754986212 0.518869666616253 0.5515092595341095 0.5228673536903611 0.5785007578133217 0.5773382075804616 0.5826238460684113
0.2940665654401362 0.269267511072254 0.26935016082939556 0.29154209401909015 0.3225407258213741 0.2858132361381416 0.2249778085153305 0.2519584317856629 0.22877633713166623 0.21597358813490225 0.21843074634432938 0.21177359644794977 0.2721780560261105 0.26559857918348534 0.3231569660803742 0.31552077173966453 0.33874493324797067 0.34362780173699464 0.3932044798413552 0.41078081926213134 0.4145013359205474 0.4573382549331094 0.42273789444020593 0.44728538003784457 0.49043919469501485 0.4857566442678589 0.5033672002661399 0.5618781391081223 0.5915954664367087 0.6253227511084115 0.5897626750028887 0.5838484791417937 0.6168777616400718 0.5962431256671176 0.5528763538591206 0.5685678840075243 0.5463775195818155 0.5122967214352228 0.514418692118219 0.520787354341319 0.5795568873557727 0.5839354281503986 0.5479800314330147
0.2922862204126488 0.2864266649637008 0.3281498081947348 0.33295831862335357 0.33543912823519123 0.28641730387012687 0.2527645996366618 0.24123796663234223 0.287962682386094 0.2925390646744177 0.2514581541337927 0.2600179976885997 0.323148392563514 0.33276274897212893 0.3695138165314815 0.3841816660844037 0.355185381417544 0.38861583426034235 0.43275102375907887 0.4743239965459242 0.478592240016029 0.49353934001955485 0.49042264299429933 0.4442479681502229 0.4876733201066617 0.5450707426154158 0.5343958436878281 0.5494103282868179 0.574813918733482 0.5904094820078698 0.6120400724733385 0.6370458608728661 0.5919040944661739 0.566185697731372 0.5400054860693625 0.5320410370226909 0.5424211069319935 0.5508970126337469 0.527962278995963 0.5729866362613816 0.5808561131302699 0.5770564872060695 0.5136569987087927
0.3313388607144699 0.36389664383017906 0.33272834284075326 0.2999221439437018 0.31892122246830723 0.2930369825169465 0.2906386352102471 0.2758962185084084 0.3303276827628249 0.34893944359705154 0.30384507870554384 0.32947898565236 0.3480858237476233 0.3769747275520791 0.4046462766287027 0.4073754901141763 0.42471334666934135 0.4652792652934062 0.47313005013169074 0.5083155443887566 0.464790315494416 0.48303978544452925 0.5161401202905471 0.5126886705073564 0.4982551886682337 0.5036153780248964 0.5300010258174567 0.5809240263431389 0.6053162936662637 0.5762499957375585 0.5862302818861194 0.6102163832962354 0.6008894771962158 0.573626847312304 0.5450498180629206 0.5618815163676806 0.5196371313865115 0.5152017068120671 0.5346931207287636 0.5298939054536266 0.5618494794165282 0.5317177246057835 0.5130666250240554
0.33160530549687184 0.3721730139403815 0.3158814543384142 0.33726678827021267 0.36080671190191443 0.3544456522379787 0.3220607564576082 0.2921411479383744 0.3048107926873151 0.364821272816585 0.3787557296103049 0.3834963634686567 0.38599133289892595 0.42254928108661294 0.45322025971321384 0.4512610110100025 0.4794270107126563 0.5080782176404629 0.492845525091861 0.5087667198585514 0.46715756269492126 0.513387324351391 0.5466106153137401 0.48962952439196555 0.5003457456352574 0.5023413453275802 0.5456263379756376 0.5743152759886839 0.6135434202869763 0.6158741872636665 0.5694681013732701 0.5930445178883531 0.60086733769896 0.5666980042793305 0.545741498693772 0.5826254423440155 0.530451901534644 0.5167634784902191 0.5209425226652951 0.49862311173051843 0.5036783059880342 0.4922444463038071 0.5166668201328692
0.2849277835384631 0.3448320262079989 0.3126772125296223 0.2870791078769561 0.30446935809362746 0.3381981832705505 0.3153858247034286 0.3071374080717353 0.32540734312275027 0.3446439872003154 0.3727059852758031 0.4125229524267344 0.40747023557255185 0.47353535355816934 0.48445395560793525 0.47455745507341307 0.48004390267681335 0.49862798225825006 0.48314841361876154 0.5194213877985168 0.5101821175722332 0.5026614129507566 0.5379166463018065 0.5279173780009639 0.5357929890058036 0.5537986063526977 0.5472098161481904 0.5491458231440982 0.6105726649524675 0.6112899879314092 0.5932231559777341 0.6113631852582598 0.5903219253078319 0.5858555148338107 0.5745028095508712 0.6004833449950837 0.5549820641366935 0.5233939708744831 0.4767381445830764 0.4789623503722929 0.4590664939519558 0.47255748085906574 0.46692168165780296
0.3119710650730387 0.28307527476498656 0.29786432594750994 0.30236619564812295 0.2947892976584886 0.35418560541446675 0.32961836102973274 0.31322862002517804 0.32634784926954763 0.385878400430629 0.37353312349579704 0.4138418323072779 0.4437204574518807 0.4808940349588199 0.494428821425668 0.4747057726065297 0.4986279536337765 0.5008088444896912 0.517595564415872 0.5195181700925012 0.5519429172069078 0.5337353636876164 0.5349644941266082 0.59009484461785 0.6216876122458314 0.5698678560793576 0.5343198050145613 0.5586229709513015 0.6115538183205532 0.602723245663932 0.5779088876180817 0.5414249546819098 0.5463300161228191 0.5368775363996612 0.5460540541561771 0.5820370744058969 0.5277894735977299 0.4672768086673142 0.4486286003814615 0.4431237589235094 0.4356886333901502 0.3748697995338349 0.41758989308853117
0.30471066439817535 0.3487708780867878 0.3666496355907265 0.33004793157057316 0.3276257687845502 0.37488357530293814 0.35536951881016726 0.3378194370479278 0.3630591534760927 0.3936552718892943 0.375571991481063 0.42611045240659434 0.4538274358261112 0.46268955067033 0.5109566045045507 0.5267310227952937 0.499407531077935 0.5068049848192001 0.551687630394913 0.5730213287465763 0.5644207770313105 0.5646373671630613 0.5782275573367562 0.6220030374712703 0.6616870865214423 0.5889734356890945 0.5638047433307051 0.5691011049865576 0.5701498428013173 0.5941653423761907 0.6119188821142862 0.6194266181066311 0.5959767927170195 0.5873084415184766 0.5311543244417449 0.5268279299031766 0.4814914262922378 0.49337885164147394 0.44072441397217077 0.39936298930997843 0.38078263809126434 0.35010738584526935 0.3735861740489009
0.29113414286558154 0.3532198399105364 0.3960930509910739 0.3964731726955947 0.34293966221374833 0.32985665497927624 0.34749619173836305 0.3349812897499094 0.39895604305753946 0.39095785618717854 0.39466360659549554 0.41153792029458325 0.4541763957465454 0.43178243099705954 0.4764547660300026 0.5486468040484376 0.5558704776123509 0.5449900694382372 0.5535778036256868 0.6025680403134105 0.5879832679946284 0.5722711330723018 0.6457975294660281 0.6773054597577344 0.6615183063309561 0.6786854146525853 0.6313206443514714 0.5781269828078011 0.6109162501861999 0.6121669255055332 0.6079536326332412 0.6002892507183312 0.6199473210031564 0.5778113585539706 0.5263612509686915 0.5242024657576105 0.4816006919662548 0.47453124509608197 0.43917710120021464 0.465823471674172 0.3965153083567736 0.3313393043250445 0.36851008507128435
0.29462469707531797 0.36003646498000824 0.39884566173308494 0.3662337547898845 0.3544593060195971 0.36385778660197066 0.369903804163042 0.36266987722097566 0.39637737302551285 0.4345642012437228 0.43815930273008 0.4168359042223281 0.4575502261861734 0.4731274234154003 0.5240048942215308 0.5879050269667283 0.6084900360236305 0.5924579104218534 0.6378366514937659 0.6483381515844238 0.6244458645887636 0.6446050354930741 0.6372831167564642 0.6678955792272622 0.7258936551644581 0.7067804831147299 0.6964551809080954 0.6562852070356467 0.6067578691556397 0.5973430076580752 0.5887067286009114 0.5809368954358783 0.5876257265189587 0.5459784156891615 0.5044413485959321 0.5132002997796394 0.4627863251665108 0.4672966703502419 0.46412089227599124 0.46822794668617296 0.4161949363016884 0.3374558494390172 0.36471325037016167
