Raster_benchmarking/Raster/continuous/raster-13.asc
NCOLS 100
NROWS 100
XLLCORNER 1743152.9497655132
YLLCORNER 5469293.111808743
CELLSIZE 10
NODATA_VALUE -9999
[rows 76 to 94 of 100, columns 0 to 42 of 100]
0.6403817940923693 0.6262025147232443 0.5773102649762998 0.5376131989166505 0.5035052855742806 0.5055813264610863 0.5515893203934621 0.535013621038817 0.5279421064390866 0.46827102287341366 0.4650334196514659 0.5168168370435133 0.5274136307693307 0.5426787184237561 0.5744619839956656 0.6060444582274259 0.6366935998797629 0.6989894040185156 0.7132670516447697 0.7001573100997197 0.743636813838862 0.7318819906457246 0.6592530889836858 0.6628327379332676 0.6781376486234656 0.6791272262423962 0.6867939748938432 0.7203826796666906 0.7693534572836681 0.7407705255646998 0.753555715751194 0.7824113189757578 0.8186113715126649 0.8199819865499821 0.799598426753385 0.8125501454366515 0.8142304289210154 0.8078268143822434 0.8183023424275043 0.8562209679040771 0.7976837466014316 0.8400200640146314 0.8276371578763457
0.6563133091101508 0.6480732835201051 0.6158275101438306 0.5712997702447593 0.5895203107707641 0.5757364163019437 0.533932376459375 0.5432256138345583 0.5181843339261458 0.47243259022753165 0.4543536251199006 0.4729542024980969 0.5346631788879206 0.5387957139774596 0.5630149503489441 0.5868786562779136 0.6561328656944498 0.6809928979662826 0.7082349253592585 0.7134933074960182 0.7291988486440617 0.7271900225889756 0.6562898697947213 0.662931893704377 0.7013490570813354 0.6719825956995581 0.711676380294864 0.7013723047926944 0.738026389944407 0.7308066659185027 0.7466538358287111 0.7622541467908426 0.7884893908653184 0.795933710742504 0.815928007136206 0.784263687560835 0.7956430933170305 0.8473121106629377 0.8458530295068322 0.8544753804612722 0.856324931066077 0.8313445150964877 0.8384022731180093
0.639499921942031 0.6348542664823495 0.651617644865766 0.6390147089954642 0.6109032234073863 0.6146611468418263 0.5686286499290933 0.5600848104731837 0.511063904363978 0.48788242791912556 0.4999859710205388 0.48386696172510535 0.5027792397468649 0.5220178701165948 0.5730455069087729 0.6243703478504696 0.6380056207970398 0.629743362071186 0.687680253080735 0.6684599764726656 0.7316308628867656 0.7295373357734233 0.6838508563620741 0.6971895723423306 0.6929206698735575 0.68697887155449 0.7046430914780133 0.6998879438179814 0.7075810916550078 0.7045259867127462 0.7216319848419066 0.7804135298089849 0.7887611936224838 0.8087738427457246 0.815273748105561 0.815345277027612 0.8110202603884059 0.8448001585735128 0.8397855243079483 0.8453265056642214 0.8890436363798601 0.9050519443958972 0.9003071357650339
0.6837428378701755 0.6474060238765744 0.6106052350129999 0.6163611203842013 0.6123934874477048 0.6065649877201068 0.5956329590203919 0.5425092112184868 0.5555682289205398 0.5302602810572714 0.5200786061116583 0.48631187971936946 0.4782244328209847 0.5268423982960148 0.5485886387003008 0.5993909165911495 0.6048145456901358 0.6238041397072895 0.6568332210970079 0.6525860623607506 0.7088274763527644 0.7151810453886914 0.727666151327493 0.7028912431611632 0.7197567039571898 0.7445944442250468 0.7412012769942767 0.7047314010656409 0.7267952493141031 0.7360895715359659 0.7439564374543325 0.7504178950077545 0.7889204524383756 0.8352685595375303 0.8307745575611257 0.8686255983253282 0.8405498947931113 0.8482611948890285 0.8263555737531607 0.8394666488953161 0.861683509835845 0.884425412129518 0.9089541299268862
0.7134304635585633 0.6523244137178731 0.6377742298339365 0.6241964628465186 0.6199725284574977 0.6210770070838683 0.591225198290015 0.6012557874116051 0.6140963508004877 0.5677441093542409 0.5599663228513887 0.525184476525369 0.4878804730028067 0.5345661914206572 0.5638764171458843 0.5846690874676552 0.5207343461301387 0.5884358178908091 0.5770936558963079 0.6616530312272951 0.6952762329523315 0.7160233474315695 0.7426474488231012 0.7697760098354575 0.7644699016712682 0.7365078767658173 0.7287901814890089 0.7134287261140843 0.6611844786707398 0.7375852505085781 0.7617784571585994 0.7553293091466733 0.7957140324820352 0.8551912333301401 0.861879044147184 0.8655040415609833 0.9002132674827662 0.9046358619523285 0.8887101552259286 0.8625120784021298 0.8497646392410524 0.9154414357837299 0.9351526063251858
0.6616844567989064 0.6914792640175278 0.6549121317027037 0.6515872918604932 0.6426068838679404 0.6351352260539845 0.6422107856942479 0.6257647748505009 0.6079328430106942 0.5785752338258314 0.5528061202505635 0.5464058494634221 0.5526927634511618 0.5414701324990382 0.5375830722847001 0.5433561263943192 0.5547779157456415 0.5638062697076195 0.5712049755737044 0.6380704687784096 0.696123333921415 0.6992368537299843 0.7496209902321191 0.762660873138107 0.7436740280517335 0.7674837094777766 0.7208135371658724 0.6835096707095509 0.719289672198254 0.7386235141714845 0.7743395280387725 0.7881324119456854 0.8097818114769789 0.837437191361635 0.8133043754750762 0.8417877468525121 0.8630659108283159 0.8803319970066025 0.8801278195669936 0.8983287630248522 0.8727998856558569 0.8935414257320456 0.9097843310336184
0.680437128207413 0.6635267107646786 0.6675241539097715 0.6557160386529441 0.615765771403463 0.6439541739036134 0.6473806375010803 0.6347248746961279 0.6265164436154641 0.6004128414906126 0.544374160156566 0.5548721976632168 0.5670526075060995 0.5422096732394892 0.5394914829211326 0.5684191593128245 0.552895067064959 0.5599990614857545 0.5711107340182857 0.6410085590532653 0.6528475861357023 0.6989065743911429 0.6865328216404833 0.7252225432583661 0.7649540115867496 0.7666455009428155 0.7225911115848859 0.729303253670082 0.7023977531003502 0.714374862646941 0.776984970074381 0.80500609281243 0.8061583191967374 0.7847992567900461 0.8266971103737377 0.8493971772806196 0.8938280519638445 0.9029079021318914 0.8898359091605964 0.9155909320453989 0.9237635253353542 0.8960927992177479 0.869807945655263
0.6933246265605422 0.6757031588973593 0.6614299707570179 0.6510579437579957 0.6850495202928528 0.6756747147970411 0.6675733213764841 0.636446270873487 0.6163472271713955 0.6330445573378672 0.5889253916858499 0.5626320698625333 0.56132330471408 0.5466339394359008 0.5449972429718279 0.5814521714120126 0.5843202710286378 0.540289851288597 0.5614082545219544 0.5863604560240658 0.6119321977597417 0.6599978555023103 0.6568060032262832 0.7036451886628481 0.7535010289544888 0.7104015548672264 0.7453924609612184 0.7447996067268994 0.7445950686038734 0.7485357425954422 0.7642680341893245 0.7891606148564912 0.7908698272511598 0.763734941739717 0.8277269708296897 0.8200571174522302 0.8305661170112763 0.8642772926901063 0.896767500763533 0.9023990628496069 0.9038439373480798 0.9260679317380544 0.9015082098397261
0.6811645571887777 0.6972752555168913 0.6647352049798589 0.6866542896429226 0.6974992255845942 0.6714545255139218 0.6941961273124834 0.6433341120081599 0.6604089288657863 0.6348197176700644 0.5993056720845467 0.5642598044656348 0.5501752286437532 0.5836840699156693 0.5590982718883613 0.5444869785365055 0.5761059182347381 0.5858148285324783 0.5417836301512581 0.6089254662534609 0.5940300430287158 0.6465793510660247 0.6579299627471962 0.732210395873321 0.7335648929879768 0.6964432252871042 0.7186713776917372 0.7216385015853607 0.7295671193358393 0.7303445256626091 0.742149109892203 0.7648896703725923 0.7457166293974931 0.7416656326497302 0.7918489877283625 0.8218589951319694 0.7857927413103429 0.8569874052330613 0.8971859279962009 0.8789146487291875 0.9333725167749906 0.94700185457165 0.9285520576784438
0.6864874892396491 0.6905841083110329 0.6800258574019006 0.7080147911742564 0.6903688302147766 0.7110190076453815 0.6796187791799025 0.6702673235137873 0.6890350759226658 0.6655315564809341 0.6566671779621674 0.6025134758266266 0.6164893208239145 0.5806261448153787 0.5956153807010434 0.5667337917630187 0.5763275831050289 0.5875285841757365 0.5615626064556879 0.6098509970742761 0.6437093045256211 0.6622048450460126 0.6923913181333105 0.7208668256518157 0.7202314810072955 0.7358568415156022 0.7144162272864879 0.7292038550030822 0.7628457388892449 0.7252605050129735 0.7560319474781004 0.7701044661881298 0.7736916176350017 0.752294299324204 0.7447836354164604 0.7746380421792343 0.7931857305005869 0.8607026149397311 0.8525871216483606 0.8822360880765882 0.8978283453756389 0.9145436468578075 0.9235848213911182
0.7485830581839712 0.7347381079378318 0.7278651055270224 0.7438845859088009 0.7577233308448703 0.7624997122797735 0.7466316498106327 0.7228063068691919 0.6478426911646815 0.6728568376300382 0.6532637178421401 0.6413577608545241 0.6525916533156827 0.6470387248640663 0.6095223148318789 0.5918753410346558 0.6193717706192392 0.5831371255216307 0.5827944937118369 0.6266946387186474 0.6599890501018001 0.6868083431723078 0.6760838419383286 0.7277413055671195 0.7257646096364718 0.7467704114467902 0.7213060316429535 0.7574209375269709 0.7562192414904377 0.7762603802600929 0.7753292147698186 0.7262014051066074 0.7179977126778131 0.7243885211400936 0.7443992369721967 0.7854652468599644 0.800753404703927 0.8431777413550609 0.8712930201506122 0.9123131595270363 0.9142456599343113 0.9279026772027852 0.8926944627073272
0.7555227896612314 0.7446896682770027 0.762219348495177 0.7684653350638792 0.7514669156342425 0.7411502592824036 0.7251154851253764 0.7259001957623945 0.7113343570446289 0.6696832501437265 0.6825668733138498 0.7163486277124014 0.7357899509249118 0.690518389297493 0.7050697768560537 0.6729076190188826 0.6241396769781972 0.5872947483771289 0.5759681059155635 0.6126770512688468 0.6584611195850593 0.6627311416816954 0.6943663284212304 0.7309172335709871 0.7399946168515065 0.7295797036050263 0.7385689642452543 0.7155337592418924 0.7330158233274994 0.7368678668291411 0.7565055675073012 0.7366521254717086 0.7431360883558463 0.7497857310133501 0.7500981897138322 0.7827221385231597 0.8067778709005329 0.8550306325687356 0.8696913483639488 0.8815956288546724 0.91622643461313 0.8816293345345122 0.8824912871603561
0.741112735340083 0.7417079463095774 0.7459235500915591 0.7992703612968743 0.8002830421663927 0.7543235503667739 0.7664789800321463 0.7141830225832239 0.7153327855061347 0.7134719708480713 0.7584112677603675 0.7779154012827242 0.7816168063196028 0.7554537901394143 0.7344903478774126 0.7078700056568973 0.6384053308364555 0.6457672695306701 0.586881337570402 0.6107411289625418 0.6281298090187551 0.6363941218945999 0.7038042511476611 0.7203581104218366 0.7166678349715129 0.7240883116237269 0.7152874276600871 0.725493195053271 0.7818233077786159 0.7364245073173302 0.7424820913535133 0.7677392676394625 0.7684781423190292 0.738257633927989 0.7627040049192314 0.7819947615042278 0.7990136504151906 0.8687477396103194 0.9017929918775613 0.8702623449032987 0.8888852174568564 0.8757047151980724 0.9277491506765877
0.7288428609501756 0.7312220658983803 0.7488560719614727 0.7704942858316726 0.7919154855392107 0.7412368216720425 0.7246177659002072 0.7502615083874892 0.769751118442242 0.784208478912427 0.7582901248827516 0.7945364601104266 0.7608011713900165 0.7326211950302267 0.704035801510033 0.6751603589434833 0.6575897562606179 0.6663813060717344 0.608530017440637 0.6210818567775468 0.6578395970778749 0.6648939337597085 0.6755021087726502 0.7110186188738413 0.711573694676784 0.7168959919103991 0.7394042698161316 0.7686061706132196 0.7641102861983403 0.7727262403689716 0.7636442710873219 0.7503850694254345 0.7704149600088878 0.7454951466717127 0.7735275507965996 0.7689958762238239 0.8129557887389641 0.8429903846201195 0.8855965097012317 0.8672255346237857 0.8823761799029183 0.8860375391367917 0.9499199321958253
0.7794233242992299 0.7345984530134853 0.7247863725224629 0.7754932638814085 0.7629971561122648 0.7652473745430937 0.733049511394548 0.7670112461249389 0.7916888915171425 0.7864092763606771 0.80951650560531 0.8030857791145561 0.7794367827199534 0.742488677646284 0.7470778031093607 0.6857121237602614 0.6898190396271897 0.6479111616290142 0.669004352601195 0.6522817721035244 0.6064683498608047 0.6487596686637777 0.6412105215748501 0.6590695026224472 0.6933999606430123 0.7654878307030861 0.8017697114880922 0.8127298599168913 0.7598848525482761 0.8033751445296036 0.8109537423657224 0.7908127543882076 0.7482342967852176 0.7810306330881798 0.7755634705610702 0.7905384464365323 0.7975727538063156 0.8193720209216697 0.8690514598320215 0.8559675170004604 0.8664482316139306 0.8837219718670136 0.9471631182606939
0.7441874147746378 0.7314093197546198 0.7655956026626246 0.7606705248973644 0.7325714211963219 0.7264532692289384 0.7325453693339958 0.7949667038460434 0.7906694250365247 0.7959966941339832 0.7932425949897399 0.7580178728816067 0.7326157082038608 0.7243272357716504 0.7396862616225045 0.6870017747672424 0.6507863416481202 0.6668448064033304 0.6768026681106696 0.6310821414247667 0.6526869521736202 0.6360068238405043 0.6742031138629986 0.6926769305952354 0.7460603013630218 0.7571247971943312 0.793102159451865 0.8153957561475116 0.7996697900008463 0.7637665123848463 0.7508855983248933 0.760199413768324 0.7383166578706688 0.7757295291562442 0.7791025470004078 0.7806598853527046 0.8409978585734817 0.8332491213164082 0.8150057909513989 0.8298072831763719 0.8798626310007136 0.8897949084522648 0.9217531774104725
0.7402179787233268 0.7250943609400152 0.7526042314832638 0.7531611866594504 0.7833444484087534 0.754171379988263 0.7396873003795265 0.8063149769287805 0.8199235924524894 0.8286172774319045 0.7884785352729418 0.7728324624237436 0.7451740880348704 0.7596258207831832 0.7109724752028795 0.701126635333333 0.649224350009281 0.642038243355407 0.6963158193920265 0.6356391519403675 0.6516581310931697 0.666822231482414 0.7162498447307583 0.7160379477301628 0.732899325641455 0.7738951525186517 0.8025314576088665 0.7799232116984833 0.7984030532529308 0.7695995290566046 0.726545541460255 0.7429653476493868 0.7753488620780075 0.7589207570113718 0.7852896498266411 0.7838458760247239 0.8367971554165259 0.8225816813473675 0.8064015586909172 0.8456745327226259 0.8521302072711336 0.8527680179104943 0.9169209376208467
0.7692995716010631 0.7671202632797313 0.7762397882344433 0.7728741633992025 0.7754016712236567 0.8036132896722367 0.8073710797903494 0.7922136935975209 0.8199099773235295 0.7996535433593673 0.7875284063120341 0.7704325429941001 0.78623561508108 0.7690210234313002 0.7389048340913268 0.6992288232098974 0.6798743472311917 0.6289105050390958 0.6723010505926992 0.6645658325190514 0.6459541250661681 0.6837808261806747 0.6863075050849633 0.7105766541305429 0.7369991080865606 0.7251958426081656 0.7466323162119929 0.7422537656579539 0.7634288373909889 0.7213380094118605 0.7386663373890183 0.7258591362129042 0.6954616535036942 0.7088243440282226 0.7470714105661196 0.7853704208660821 0.7702071053476206 0.8072573347926155 0.8073045444047037 0.8111131837168926 0.8193554511985062 0.8466881917107963 0.8416558290100961
0.7983694272866434 0.7881228512230548 0.8310214042979421 0.8167359084000694 0.7974834336737243 0.7932999693388505 0.7995766100850228 0.7832304570071014 0.7771710970189173 0.7840404830029979 0.825425178493817 0.7917016779673791 0.7975547362113132 0.7761491797896125 0.7526808772718966 0.7206291254986403 0.6460317805052813 0.6071220944071187 0.6259923672436334 0.6441348878464109 0.6253524201843341 0.6640118590243649 0.7038114631974629 0.6619442263374483 0.6664876384891447 0.7199334719649698 0.7374567258596074 0.7318629022641034 0.6765276204982869 0.7058997627051032 0.6759530326336533 0.6986802860296327 0.6494857115511444 0.6733704565340268 0.7297909726258919 0.711525787192639 0.7178539529349722 0.7744595889843834 0.7729253668811678 0.8047601235292472 0.797115543656978 0.7778576921204609 0.7921358603997957
