Raster_benchmarking/Raster/continuous/raster-426.asc
NCOLS 100
NROWS 100
XLLCORNER 1743154.78381661
YLLCORNER 5469285.544333752
CELLSIZE 10
NODATA_VALUE -9999
[rows 76 to 94 of 100, columns 0 to 42 of 100]
0.04862625205808384 0.04888293589766163 0.0626358629256454 0.01175140159764028 0.029301391442243564 0.04720417412094516 0.03730416664194334 0.042862297963148235 0.10032151953533117 0.12138280489103956 0.15545916678954208 0.16139833744476884 0.1195321743012997 0.13154617885132439 0.14418194184081848 0.19514213077601647 0.16009179179307786 0.15053434441307678 0.17107211667963293 0.14058351226631458 0.21235229191090474 0.2640276862117274 0.2996504437702246 0.30625977667547316 0.3047002978949566 0.29323303396944 0.2795536115779047 0.3000141548526167 0.2922116639835807 0.29441135764727694 0.25191650743523936 0.2250130783137705 0.2372844943965296 0.17868696662392297 0.15411528881129913 0.17409919834080267 0.1540387728711331 0.17201427760071158 0.1914506957461466 0.19495334791512467 0.1976928777954036 0.19268722923945153 0.24462744386079166
0.015357125823731993 0.03450881797481257 0.05020668495716104 0.0855348158699837 0.08853433433301003 0.07020320309001077 0.05109269758960079 0.07623457819390139 0.09790966850503095 0.14229396007254233 0.12288447235980314 0.13290705463553362 0.1303997589490563 0.14033039071679201 0.15766871191865822 0.1906351453282023 0.15301510212998473 0.14115866026544496 0.1593486665773427 0.1462256408693681 0.20896207897274066 0.19796111264570865 0.24570062207606821 0.29402668081341443 0.29002629713343614 0.26693960483062656 0.31674686947387437 0.3241503023946718 0.3403952851852179 0.297279405930966 0.2686687625434898 0.2475952047818629 0.232221259011246 0.18880796656387633 0.1656584648991333 0.18367359148797358 0.20329162496723202 0.21416303514433438 0.21249010044311714 0.16825243512822302 0.1962490210252073 0.25154686722044695 0.2727056804200698
0.016618227889285183 0.02594455590963822 0.04208463960360814 0.09127976133916976 0.108993882206132 0.09514733781857652 0.10728582513579009 0.13337312594251946 0.14726945864289828 0.1824774705217111 0.151506070276915 0.1365740001580516 0.12380017959520556 0.13060314261975914 0.16144193611880356 0.15953448821158914 0.1326400841014817 0.19297089526097944 0.18079400178511798 0.14991016335614796 0.17198731687591906 0.18578263724959038 0.2214430310447749 0.2963679120943474 0.271871212270115 0.29594724229335 0.30372694959217805 0.3487134222566363 0.34370290757378413 0.34394938446235224 0.3211122432679691 0.2554049701698017 0.22676645006905474 0.22400305555531 0.18000186114470215 0.212740553698514 0.18163407352231856 0.1790312190649215 0.2021509699928128 0.1895767077790982 0.1829760820761013 0.22338830574865987 0.2569198633459107
0.0 0.04131694920875315 0.030053016806162614 0.08336762610758076 0.10591954586267417 0.11988119933770626 0.15122179486290102 0.13859498277942464 0.1888056555514182 0.16585626416789398 0.16536649970738707 0.14031033342402882 0.1349786884022486 0.17171837094391573 0.19870893757400301 0.1939137472771977 0.15034903698842372 0.12948118216766152 0.1568643126077595 0.12304121002436232 0.1561522221697561 0.21048491487165108 0.2726350666810231 0.3097581468671947 0.27754276731998695 0.28258333371732647 0.3089342264576332 0.3372098041348324 0.31614215979608445 0.34088642178900275 0.3363206311200133 0.3138655650659142 0.27020655618684447 0.21868194123182563 0.21964563197961462 0.24565050590398174 0.23006831299698327 0.205140572185901 0.1839584666143855 0.2056787093809656 0.20530560932760875 0.2540792667068711 0.22875711005453833
0.03013810751684333 0.038470691244368915 0.059821964129742076 0.07349610832399033 0.08289106250021136 0.11579165462754329 0.16583353448141266 0.18701362282181652 0.19801756512611313 0.1894880526976945 0.16411928068283557 0.15004885324890904 0.18647479491856564 0.1952473423258238 0.2008646365166053 0.1949582441707026 0.1902882019709706 0.1425168855966751 0.17333270173068208 0.13724372385718192 0.16698382650630766 0.19105624372903174 0.2888310039590036 0.3093180336970372 0.29042750000531437 0.328099520475783 0.33039128390627104 0.31478249638442724 0.32527353037121615 0.32887019305407167 0.3289548882107755 0.2914429891152931 0.25216500533058533 0.19726882212396607 0.23464406144815947 0.25068366432092004 0.22007113120821142 0.20002894275914682 0.2064909268283938 0.25636710534312773 0.22898525602635894 0.2594184472349898 0.20395099964059643
0.020687554650267545 0.056534091664183425 0.03839170858328809 0.04387642785843859 0.11536932941488678 0.12923238782736526 0.1345645486191041 0.15695488522985554 0.18076212939053704 0.21235942474350084 0.20297735885206297 0.20888351040590156 0.2108630642012586 0.2220793137785066 0.1961879923521598 0.21270119598190282 0.20527727355100975 0.18614187117424535 0.14623285899428387 0.13104502569579968 0.14143201012053572 0.16909453774152225 0.2603412254853588 0.2936980989945818 0.3490276696344408 0.3677677170185481 0.35254880869578137 0.3761631899844689 0.3629234859312976 0.34179113646710974 0.31968750004597846 0.23833287279479798 0.2209960077696488 0.23713979489853898 0.24586191261403106 0.2039142264983871 0.19294640717525732 0.16726646730127442 0.21905065383469832 0.24378766444811378 0.21799034503290743 0.18842322682322102 0.18949573547618626
0.08128731379548321 0.08401323604324855 0.05724812707465582 0.056044222822916 0.1057570929114769 0.10837150683276403 0.11708637150394395 0.13731252605047892 0.14129204799603967 0.1942068093979957 0.20337211899956636 0.26037588153359725 0.2466613076325731 0.2130177633692218 0.19872324523512047 0.22181990831049583 0.21649815166805964 0.16131842070804295 0.10135242670163445 0.0906977668878828 0.13164846743783726 0.19380468174529747 0.25595891778212587 0.32436511820937064 0.3202761994710191 0.34032223546599805 0.33591876818459504 0.38629659762673874 0.373849750576296 0.3466742483248471 0.3196090156898585 0.24296480631595768 0.23944356485748194 0.20040171359854264 0.20809387874965704 0.2095927967805755 0.21701229669779803 0.18440773993819823 0.20839736223238184 0.19945922303691044 0.22597340589231577 0.21214401754328624 0.22928357789229395
0.07532102763905348 0.08573161078724685 0.1158189196463208 0.10734171639533378 0.14134256614610446 0.13710063459509114 0.16387095546089578 0.13612050676666287 0.16654128840408164 0.21323870821842134 0.24873026991865502 0.2557735312353209 0.23680984168751 0.24345523142715092 0.22703443683850852 0.2362967439637825 0.2093379995418891 0.1334858047773366 0.1090116693338881 0.10513331208259596 0.12135230681348666 0.1953508157035517 0.2451106036539915 0.2866896964826636 0.28691048659677026 0.30008459419503325 0.3741992351263744 0.3997452467756997 0.39600488901137915 0.3704490439281389 0.31763377142584176 0.2914453773732571 0.2808638746338117 0.2513152348812758 0.21781655554783863 0.19816699136753696 0.23508400548734062 0.23510875479120522 0.24699579470029676 0.23839367796882469 0.1995230104833674 0.24416314771076356 0.2207276348927868
0.08229402260756877 0.12213113353192658 0.13373187455409122 0.1273341855937779 0.20288082061288654 0.22414508195926616 0.20460395206369422 0.19913739625479823 0.16819317372237066 0.21800291475908165 0.2563152956211762 0.2512693517727019 0.21155081713879864 0.2242077098516457 0.190279042899858 0.23413998431395047 0.20983301192652962 0.1288446586366405 0.16024894271305384 0.1460195886860502 0.1281352855877376 0.15963242024267482 0.2123603406754596 0.2103494411064614 0.2823156349845757 0.3220724173122542 0.40309835276279204 0.43402740075532986 0.43856096526196475 0.40546319008195814 0.35975331293631496 0.3484456222144022 0.2820647915945324 0.27662421402430687 0.24248803526798654 0.2292510139277163 0.21383868255821414 0.2520654820751237 0.2779908226424234 0.2409174544387641 0.20694681797063422 0.2311496195538189 0.20345657527236777
0.1563820444910224 0.14145992937949428 0.19562790306771302 0.19648610690556761 0.20108623769471423 0.2659566203564671 0.25402836457507005 0.2214794306376984 0.2137489969182037 0.20901916013737992 0.22852704638471394 0.22821235068220244 0.22286438675661344 0.21489166503019355 0.17994511187186396 0.1814328958147489 0.2012163896915312 0.16980838793501343 0.14116120370815416 0.14869127060262446 0.18598587724049012 0.23186993445178908 0.2323250149126127 0.2131641820016928 0.2578190208555081 0.3301441639698524 0.36730136745748354 0.44338361424879247 0.4372961606111442 0.4162867016713793 0.400369475851874 0.39945569625582594 0.3378923214316349 0.2935229921764676 0.24509355788047374 0.2210461230563227 0.2324468190662507 0.22391190165743252 0.2762890791694069 0.29335187355353176 0.2686357996488065 0.25144088297011713 0.26027654108404924
0.17226228628042511 0.18076539311199377 0.22669070756511722 0.23756260046872074 0.20913736268588062 0.2932297619505583 0.25079390459277245 0.26327945679259307 0.25765310002964215 0.19703979714076636 0.21386931305070914 0.1647421940901221 0.1733185750517194 0.14350587493041347 0.14507385275342202 0.16579774380573467 0.16722689181705325 0.1646633272995432 0.16887913268321303 0.19778776639964657 0.21010030800842855 0.23783235063101418 0.2283563322616648 0.22771914341897248 0.2912732271396239 0.2820088152607623 0.326175782368048 0.41192561951278517 0.42592009556094745 0.41117870742541707 0.3911990804160084 0.38961747215839 0.3531282490830143 0.27195244697184756 0.2675760471703974 0.23627288154524756 0.26442191839278456 0.25375513801939403 0.28203154220647697 0.3360604544429272 0.3011033849997237 0.28482696525069773 0.2971389595002022
0.21816216108330183 0.19802223226110605 0.22123772381320703 0.20910503594167953 0.21690163100740506 0.2797509908429864 0.3017330382447115 0.2786995668430272 0.2710957272758102 0.24552490742542715 0.20705197915849752 0.19176116463933643 0.15742391876132347 0.13314440707904068 0.16797751730135033 0.18529363456760023 0.147261689295602 0.14990471773830932 0.17471824372716063 0.1889602171229097 0.19073808521799632 0.2400267287281663 0.21440835290783736 0.25336296472890074 0.32974100867787337 0.33401100971113423 0.3216379369397714 0.36803281698742607 0.3984944883405512 0.3964075648899151 0.35668163455927177 0.32925613177573115 0.3032439736031609 0.2906554108043839 0.27484860693356944 0.28010559213569974 0.28116572569754716 0.2624675315443325 0.30215161433682797 0.3346298918107186 0.29123171656633023 0.2873575330836001 0.2920162362726724
0.25836249124893323 0.2163718402668956 0.21288855238251783 0.18860715011763116 0.23631636518014612 0.2487368319426516 0.25684367355976434 0.2894696318599081 0.28372730764990556 0.2745362466947053 0.2659106122493444 0.2334218199486385 0.18547279229269759 0.1558310977493719 0.18784088048705808 0.18939726046476046 0.16540978450143093 0.1940610404843902 0.20487826871413653 0.22064423767711278 0.22980848842925827 0.20258194411407052 0.2729811620132373 0.31320186980593584 0.32374787834079993 0.3804013639692857 0.35541914969792077 0.34045559147617677 0.3255876917692516 0.3492127186006529 0.35404546986563573 0.32485767583833564 0.2897697467351967 0.3300885667569166 0.3097974982672814 0.24740524016326113 0.2690917900078497 0.27687001217648355 0.32430555080922635 0.34980694672025914 0.3544222323410651 0.30785058134585824 0.32441963897134596
0.26228887115818394 0.21017402188528037 0.22894674844331467 0.21141523890770858 0.22190986708070856 0.28027935010494526 0.30068838331013403 0.29269368813110647 0.30151922263563846 0.2493007825917576 0.25242844883919374 0.262716319705556 0.20365711904404368 0.2251362179999791 0.21134877457180043 0.1962386341857718 0.17488090813557805 0.14712326775230675 0.17376161738758625 0.20589901698324029 0.2183381594471439 0.21972728923526044 0.2549521756507694 0.31785788905606766 0.34296627631173215 0.3806262944531164 0.3722350233411428 0.3725991168145288 0.3424831399085386 0.32079446951250884 0.34362971595038594 0.3193461696471718 0.27485602953257643 0.2978885335293605 0.2734765486515139 0.2881613697783024 0.2632145601676202 0.2535209146485396 0.3119941657773103 0.3199519266513268 0.345474415865347 0.3020354592665832 0.34299072170089345
0.24283632371679623 0.20264993892087368 0.2113376373318848 0.23744704382671114 0.22391955365384936 0.2875900417115382 0.2777552543233108 0.3325730343826428 0.30321547476755834 0.2500199942724304 0.2950750885753418 0.25240670831058115 0.23851942083414404 0.20801471380018405 0.19468945679313485 0.17557511359827066 0.20217953403021344 0.16840215007135037 0.17947334481303923 0.16175420847637734 0.20236151455817833 0.17535307374334325 0.24924292783999255 0.3158759561219358 0.34071934117778213 0.32988760025067865 0.3641918734200026 0.40961825722363376 0.3568634872074018 0.3203748629875318 0.3049397899209973 0.27878157496121286 0.2737796321512498 0.2540760092133491 0.2537309052599348 0.3074156743783638 0.2558098326857704 0.2802952478594029 0.2804680471746213 0.29030377407552294 0.3126430458179213 0.328449566625969 0.34584650932402833
0.256617880463005 0.2720807370168687 0.2537890615696035 0.2635252582465299 0.2631256502935743 0.29027923938425443 0.30991474276945286 0.3072857437191444 0.284237526913712 0.2909483745687598 0.3008329628359779 0.3008632142969954 0.2777474296354839 0.23370011646630445 0.20837023889997655 0.20754419383686035 0.19807473702386277 0.20721562144286534 0.15638432990527243 0.1603134042520568 0.2155147745618578 0.19265571417510374 0.2169755279261986 0.23661362073205497 0.3044174465478698 0.3122833567420438 0.29794916829019913 0.34348656075062367 0.3330749533528675 0.2909617024597776 0.2869675673131588 0.22347683992400585 0.2251667224110297 0.24071021433665432 0.23620337168929262 0.28351413311785545 0.2371244512179894 0.2678483430228485 0.23419605281585337 0.2385036509106693 0.2918264454415222 0.27367031522655155 0.325995368932549
0.29149945845107056 0.25520892038030646 0.28461220034451673 0.31274393715008564 0.2914530211397872 0.3097202886531909 0.3048474944569328 0.30832459571488646 0.3011461495311049 0.32007748579842815 0.2999338149909883 0.27308713092165005 0.26176358169252795 0.30787092744348454 0.25992607353414243 0.2143500082518146 0.1814100220387604 0.19419510559682426 0.19141568180212712 0.1784357190771237 0.18971585668735 0.22863173865222527 0.2522264692621201 0.2220176131180867 0.23267556547414395 0.23767710922439503 0.25008066103321136 0.32796810196164783 0.2857993165120762 0.31425567529071996 0.2760560378529014 0.2312618871856128 0.20295963904853725 0.25349081939822227 0.21558258755858192 0.2287291698530869 0.23389155006021656 0.1974735242058741 0.21151802894207852 0.23588750915139925 0.26165841050833427 0.26970753226368177 0.29553822036656147
0.26833955552509176 0.22285971759589723 0.2312211998640512 0.24792691983558185 0.27552710825225935 0.3030409834445577 0.2951042900921111 0.304196429658308 0.28455518414424535 0.2880989819286964 0.2893978933046337 0.29016748988290575 0.27941980569854047 0.26128490380961483 0.2698644441678445 0.25294967873773244 0.23948260815906006 0.24251630493239543 0.18230466325148528 0.17924755326654943 0.18458457364458225 0.2096885445665485 0.21386039949091895 0.19178176693368196 0.19314906425401873 0.20181290775635646 0.25168237643951247 0.26252794603433893 0.2623027249728881 0.2955934617328102 0.28244212842624394 0.24093081314840248 0.20135815391272616 0.20898778935114326 0.2189864527699593 0.21640982768761718 0.2051751840073992 0.22516511188330704 0.22430299994368422 0.2609907562605181 0.24888207671226398 0.25433149262837995 0.3454632372660342
0.24625732594314878 0.24508824811584534 0.24254549989992907 0.23870888313610286 0.297275836314081 0.31351991740406165 0.32131243595524783 0.31322864618749985 0.2900073026498648 0.2926305531662107 0.2678752164661124 0.27694870764575036 0.307649212669441 0.28575797557173394 0.333349130036029 0.35045594666691826 0.29612468874746173 0.2948519354213983 0.25154914537547546 0.16230784264247541 0.1934941991810929 0.18554522110046748 0.17153963420862794 0.17543269954077612 0.19386427345108215 0.21052592482248225 0.23192068263457796 0.19896390335681785 0.2520597204642928 0.20774606592543993 0.2319514716594704 0.2532245989038696 0.23077358074918441 0.18574583671135614 0.19899896820857121 0.1735107833405152 0.1574705547369681 0.23447183233592064 0.19544393709395363 0.2288817353625817 0.2573799571987289 0.28004685702340515 0.34269344681571634
