Raster_benchmarking/Raster/continuous/raster-169.asc
NCOLS 100
NROWS 100
XLLCORNER 1743150.6733769479
YLLCORNER 5469291.675396748
CELLSIZE 10
NODATA_VALUE -9999
[rows 57 to 75 of 100, columns 0 to 42 of 100]
0.7378811344620613 0.7347298495377201 0.7271029295249647 0.700447473777687 0.6488390980857139 0.587637421662027 0.6104538916925993 0.6142619934329823 0.6736520922667782 0.7454368134152775 0.7396090227861196 0.7060690631450997 0.6748334351349411 0.7288447240661309 0.6815324801209023 0.6693574218867386 0.5886539607543403 0.563701662500063 0.5677570893564512 0.6000350140159656 0.5817841315459752 0.5372344595701707 0.5701607867318108 0.6154238568571688 0.63935645097204 0.6310857004157515 0.610831469338882 0.6103685076320418 0.63214478126625 0.6881495435015832 0.6388395897063902 0.6175309215773761 0.6426430691319397 0.6096326376948664 0.6143127298132653 0.6586004542884047 0.661339374925393 0.7130806396625614 0.7460157864302636 0.736701605816405 0.7291408726946291 0.7387931435796754 0.6901523919661106
0.6890895562929823 0.6892522851662486 0.6666127773424222 0.6488742138016028 0.6653282146227665 0.6521549514301932 0.6259704430867837 0.6194530358818345 0.6715012583425078 0.7408482538997372 0.7465191602570742 0.7103608506137817 0.6948576392200984 0.6702890925133752 0.6811509632424965 0.683710242256791 0.6422863989666331 0.6362337164333589 0.6146406529024636 0.598791546610798 0.5597141877296729 0.5502358325837041 0.5790328732862495 0.6055794933373645 0.6365040217436273 0.5915631539391675 0.6317577403941496 0.6070446265160306 0.6068989917314237 0.6021800262518918 0.6214402507140613 0.6556231589227973 0.6265352704915846 0.5951738536254126 0.640236681348116 0.6192963304373911 0.6588435089735142 0.6664811170975361 0.6934515286592026 0.7050710089081886 0.683986491781458 0.7224924773393552 0.6618238732538888
0.6653111663191029 0.6334613401977884 0.6267881974963273 0.6241896037026574 0.6386558656537629 0.6249722074352165 0.6302291011468152 0.6369204597732172 0.6591080476369628 0.7115553423002655 0.7498883443694957 0.7291886343654113 0.7132123085557244 0.6957846615174774 0.6654298333429698 0.7216025561552627 0.7061353075472989 0.6849492844275331 0.6083022811565073 0.6224944917664392 0.5922662574695559 0.6059605315588262 0.6022154541999422 0.628701021467353 0.6304056968843125 0.5825495206064225 0.6130253879784986 0.597953068573845 0.589272182478046 0.6172590736664306 0.6424488923559656 0.6603373393570957 0.613445752939052 0.5969109474551866 0.6237127006663721 0.6300280341404518 0.6377811868799222 0.663878288924166 0.6733387969613315 0.655102686743414 0.6694928978958015 0.6833462833426099 0.651528475418514
0.656454857729891 0.6601493493320728 0.6069717783515881 0.6560804045150836 0.65340113137429 0.6607902167423317 0.6409240464925504 0.6459293709713163 0.6898536515678793 0.7470402139554783 0.7186208796906902 0.7035594896782461 0.7135684142756579 0.728300804418069 0.6894357735998794 0.7149113790037048 0.74147854455437 0.6869906012800263 0.6428489260857271 0.6527873843388302 0.6291616981924586 0.6234841404339283 0.5803906583470494 0.6326256189775761 0.6128683313477972 0.5753932547447099 0.5971426286134796 0.5720050795397243 0.640443170945025 0.6226829349493894 0.6097805428310674 0.6298872769325146 0.6494131136100794 0.6417222181871242 0.6268566492486253 0.6156104013797395 0.6620295816802673 0.6525086583612535 0.6495613224315765 0.6534473545898082 0.6538990237911447 0.6573776955568895 0.6353561397661367
0.6016435431525716 0.6395756641642741 0.6318034934949225 0.6232405913841431 0.6306283558328412 0.6213632639101612 0.6745972668938404 0.6704742854989255 0.71861306679955 0.7382048070578029 0.7507081545493249 0.7609883547817714 0.7266694373179251 0.7260770588697539 0.7233535045238733 0.6861611510474594 0.7485619918164473 0.7547769146500789 0.7164275669491539 0.6325555616675799 0.5936778142189338 0.568956063501044 0.6013022594665404 0.634744688731844 0.5991991177191142 0.5925015339143185 0.572170046505118 0.5811116902435566 0.6167472241236073 0.661916540097176 0.6608884984398333 0.6260024596416683 0.6548956663999395 0.6269847224172773 0.6147132575407359 0.6497655523176169 0.6260125312647343 0.6633450149603709 0.6236892986727783 0.6551145620202133 0.6196280798083335 0.6385619526705388 0.6061864607935733
0.6219797365372414 0.6004975979466007 0.60417259047334 0.6027177440900093 0.639866088632235 0.646881358145431 0.677822617694014 0.6832746146269844 0.6969680653003935 0.7281959430656554 0.7398360829030737 0.7921729757502547 0.7593954219372911 0.7252690833680526 0.7372427978734873 0.719057142233519 0.7270909733144807 0.7202435902887059 0.7317079361330009 0.7028528793032088 0.6245658308335829 0.6119308313953025 0.5712488085785721 0.6181344138939424 0.5692893648721506 0.6052225887838728 0.6151923772089737 0.6110434979682476 0.5939795389253105 0.6122609969050387 0.6362934881736989 0.6192323897156238 0.6294622057933217 0.649091673704989 0.6546269525545045 0.6333826580851377 0.6302710915951042 0.6592877853411178 0.6183335983603576 0.6255494126533925 0.6465421333066829 0.607786393004689 0.6183636731497464
0.6118132299109348 0.6051880641969438 0.6298718780406147 0.6057604409892817 0.6078903543140062 0.6230796104335734 0.7044725376022622 0.7074506738401228 0.6975511436893559 0.7478967599855137 0.7891079176063435 0.7867053519395328 0.7590016857350181 0.6912798991178399 0.7367155828884783 0.718724054339864 0.729317979286205 0.7612520590239561 0.7373866384245479 0.702531440518512 0.6302641789287825 0.584737442105061 0.595166041898583 0.5749840693177188 0.5733850778452851 0.5990966011725404 0.6089308768751335 0.6081505846099804 0.6578387809652388 0.6505618599947444 0.6617253347879827 0.6868409062071146 0.6873010552534298 0.6410778887131018 0.6595963831599133 0.6198651495633694 0.6188937146260743 0.6713654836962053 0.6226080820738755 0.5984563753543425 0.6067369627940813 0.6396989528845444 0.6637379532882914
0.6404321740817122 0.6186653940839512 0.611707682408886 0.6698061329561777 0.6850395469000552 0.6703780380704597 0.7047816152569389 0.7406053176763893 0.7499599464959905 0.7618963525559843 0.7502701240926009 0.7503545909705635 0.7451982534616698 0.7246919702129427 0.7085492170505142 0.7168139480029689 0.6950047089040191 0.7407818906893524 0.7116986523667876 0.7015736222572313 0.6817021836011086 0.6216369698102397 0.5851846821268742 0.6037297113925502 0.6378396073346135 0.6036064071894196 0.6486989886968482 0.6544152403924245 0.6657492719093652 0.6335721683378552 0.6250909854603192 0.6216333576483914 0.6650013527398798 0.672080462279073 0.6441205234719564 0.6452007810735609 0.5981817788834918 0.6096470363663544 0.6361357160190247 0.6209116884562087 0.6143510663418772 0.599212203361634 0.6594886573257741
0.6690658545980591 0.6301522570560047 0.6407065907317432 0.6630037607148719 0.656092203318049 0.7223700955168139 0.7047832139751521 0.7632813772836661 0.7441258883027214 0.7784261509759155 0.787544246290968 0.7783613900065448 0.7138951853988791 0.7220852973546751 0.6866073829017918 0.7103362892943691 0.7046015089124853 0.7128211965009782 0.6867564022066672 0.6847198921828351 0.6837470120537739 0.6729935154919006 0.6423232476901701 0.6390190170442649 0.6166048391034394 0.6408095519738899 0.6180667306320891 0.6152802936783087 0.6652179221474942 0.6598602474569637 0.6748568361267551 0.6225951806623649 0.6665814406229814 0.6319103983567195 0.5972517983166925 0.5993480979875379 0.6276569274556895 0.625825527761399 0.6470419972916555 0.646209121657675 0.6525630009082874 0.60018660157939 0.6456620521318802
0.640121576884606 0.6161592855704054 0.6460087552189651 0.625392062478607 0.6823239446731462 0.7219716166071038 0.7039847756974876 0.7010068059828197 0.7184620346838895 0.7456164603057062 0.7639059725658213 0.7051378906401471 0.7226031097346848 0.6791466851597702 0.6573658168035331 0.6626342278237265 0.6579778389050912 0.6716147926687599 0.6398947475963799 0.6163893822784812 0.6360577256519041 0.6720173469239119 0.6749173087733055 0.6843377079412559 0.6601088332738287 0.6815565247144566 0.6458860782615147 0.6439423285921935 0.6359196145124318 0.6923855035474079 0.6780299471026773 0.6359786359449012 0.672978514462122 0.6584457084980857 0.6225026651328635 0.6331129064875242 0.6385535210234891 0.6627526802753437 0.6627026732003656 0.6108593335626503 0.6420523472222549 0.5864854243395817 0.6239175007362541
0.5904814886855693 0.5897599650533969 0.621043671318704 0.638707792317917 0.6405417658143517 0.7193953384742904 0.6641505134765866 0.7042226608723258 0.6726442253383286 0.711453611960241 0.7124845422429136 0.6570229574894301 0.6496613916000923 0.6120705224842256 0.6261060896685716 0.6124557197928819 0.6368849709203591 0.5700396590205371 0.6163443122623898 0.6161021540021817 0.669395093254154 0.6902978636037169 0.6796383441695886 0.693866398373357 0.6928635950736066 0.7194347233258872 0.6907811197257109 0.6847577970735077 0.6739452626114599 0.7055136289595303 0.7302550301762226 0.7026521291665067 0.6729576579045389 0.7034180938068932 0.639677404899932 0.6787317291041043 0.6194519723763803 0.6452000590059207 0.6135193996020298 0.6211376952361256 0.6420636464007013 0.6102643483454429 0.6320012652868108
0.5794997758408247 0.6007292437040487 0.6156290073987392 0.6249582518446914 0.6549428019057566 0.6446329670740203 0.655584999310685 0.664601750669568 0.647204641968327 0.6374579206949572 0.6027591389861423 0.5914132888572502 0.5727531609723954 0.556020495606727 0.6075676087283115 0.585149871694963 0.5913305397954977 0.5637862458878469 0.5473495101457824 0.5908324379639687 0.6195677945554297 0.6347086181269826 0.6146312597935445 0.649941890528005 0.6404062387856311 0.6639331998956142 0.6786164372879916 0.7004504256526223 0.6839604139155753 0.6918677448445705 0.712445485739947 0.7022967083771212 0.7123386491925517 0.6662808936382814 0.6710580798343455 0.6363497279440946 0.6302157256494505 0.6008224485965 0.5975488178026501 0.5761958126542606 0.6087394507898108 0.6277439591315723 0.6251552415518251
0.5233721755515188 0.6183461218232154 0.590537787858061 0.6140456492934638 0.6620119721822301 0.6799810632091664 0.6514934806366661 0.6427865000726443 0.6463687871763893 0.6000698511721619 0.5590085286679011 0.5572112153922099 0.536312238785023 0.5493290271636896 0.6121154868461072 0.6214716325800459 0.6182213637110728 0.5438552094997227 0.5775515266521868 0.5875432433703086 0.58654003995049 0.6015371744596865 0.6109276453157643 0.5956454867508283 0.6526320066783522 0.6848569157400565 0.69244575055007 0.6629360112836242 0.7230366662186611 0.7289461975931169 0.6802322653620269 0.7028348710106522 0.7374797968262679 0.7113806897805036 0.688740335911317 0.6648658857784538 0.6450839569136697 0.6559915126693779 0.5877714516337583 0.5675684318449109 0.6194710720657794 0.6006583689435674 0.6713164856223081
0.5065015594808895 0.5666416974871679 0.5561590950770882 0.5565305110751518 0.6211953382139384 0.6650590369784353 0.6689331462780246 0.6231711390041863 0.5879896621331001 0.5568259894100334 0.5710072917598511 0.5717020756713307 0.5314013743972492 0.5536056822405274 0.5869476121510881 0.5914599660410917 0.6048770885000746 0.5852266101284923 0.5199941303947534 0.5306892156832554 0.5966705322640726 0.6151874181097415 0.6352297450865872 0.5838280947318083 0.6043897416149993 0.6282291231387487 0.6526724669099319 0.6850627893823263 0.6949623230423295 0.713957058768908 0.6986935955595238 0.7072773295077349 0.7217620279550813 0.6790196874235134 0.6713031339528844 0.653893254747901 0.6074632620536846 0.6109742925953391 0.584374304337368 0.5520389617129641 0.5755789291754266 0.6483952074191679 0.6659935780080083
0.4685172820665703 0.49541281902585993 0.47747709691777585 0.5046231438871295 0.5672045421792032 0.6298033973589101 0.6371773897898888 0.5931124549999058 0.5855850343161093 0.5952522118517111 0.5288199037801098 0.5337360144032899 0.5739466458953135 0.5963140756607401 0.6023183220207271 0.5719397677072606 0.5402855020762934 0.5505083824606954 0.5415597216628085 0.5017825730756577 0.5633177572786202 0.6002477756367272 0.6182735162807721 0.616797099900114 0.6220910936473254 0.6281708827820423 0.6203248329329685 0.652122823281167 0.6638088820957477 0.6441048090111718 0.6612055790260241 0.7070151643052188 0.6831981204531751 0.6978018307233427 0.6209367503636347 0.5869397966474189 0.5987616794043953 0.5727493534165183 0.5782336935043099 0.5930660610024535 0.6334616930483645 0.6606420289767224 0.6641968198676064
0.4376422660394781 0.4492584184183137 0.4536654152079239 0.4518733608774597 0.5327849167541147 0.5399072709521653 0.5468466855052232 0.518566573402348 0.5273450194368995 0.5231079153678841 0.5296442401952259 0.5326814513273412 0.5172300823563774 0.5379463046837925 0.5388135819796889 0.5282366301734887 0.5229540820664795 0.47956558101304264 0.5015815633881163 0.5118746517164908 0.548010258703074 0.5982876104340624 0.5748638711012088 0.617847009569446 0.6148705440896217 0.6201402665428397 0.6301409577857167 0.618783796516928 0.6194360026915688 0.6337417741748548 0.7023718753263728 0.6748756676215385 0.6968547063514547 0.6350873192921659 0.6448277148024707 0.5786371611351865 0.5906613535595924 0.5411509917254911 0.5782830803041682 0.5776396875542442 0.607631862772121 0.6175054169914436 0.6662711312763335
0.43440839178375806 0.4212199783646835 0.4368710320402815 0.4156781432602934 0.4973002881724779 0.5188856119220946 0.5052461205019104 0.49995202106524134 0.48572099450013756 0.49064727713242046 0.523114337313871 0.5088368603733608 0.47802852383479516 0.5332558275833629 0.5139888669698739 0.5295789729151914 0.5022237826671565 0.4702442997627172 0.45999041532183044 0.4712901252070519 0.5341701272448938 0.5787307152440849 0.5811332121463977 0.5858477618503671 0.6003325244048613 0.6292338955978646 0.6169957459693595 0.6282983507331694 0.6012122115761391 0.6847077428728955 0.6685551278050583 0.6930159952885878 0.6754283542679907 0.6067396970448514 0.6060043452556929 0.6049125005636684 0.5791757564034332 0.5367574754034583 0.5800039707789371 0.570694187474039 0.599321671581981 0.6435674841904909 0.626835282342929
0.40657709713814477 0.36724073947946784 0.39398360942554816 0.4280701775854151 0.41939004313683165 0.4531733782346278 0.4618040737304934 0.43310752102232797 0.43129253459983485 0.48897261333311826 0.5102902953844701 0.5107304714980766 0.460704827154005 0.4809144612088352 0.49291456611941925 0.491685585269269 0.5108818509403024 0.47476891953465056 0.45848554227073235 0.49178436470235504 0.5534889646041873 0.5684933091326945 0.6319986590102095 0.6248420195912067 0.6399368715082142 0.599053975481614 0.5932668862577989 0.6254107491310075 0.6011133718464836 0.6261161403167738 0.6608097264949089 0.6473729509823495 0.6180906665696417 0.6063571307356378 0.5511067785117082 0.5410817794492343 0.5477966800815689 0.4967319658056992 0.5318748079329803 0.5643446940717185 0.5511172470990485 0.5932856275895797 0.6179310057224927
0.35091928253509486 0.3326957974504081 0.351282992669073 0.4198402885158782 0.4078086928720737 0.4459133055270778 0.4412545184423175 0.43059842054915637 0.4447384501633659 0.4276131732771692 0.4302322682882753 0.48808845760633235 0.44411500663632564 0.43031860341116035 0.43775235739151086 0.49538724098868936 0.46995610466957954 0.45978445878062707 0.43244838667844304 0.49487247898617154 0.5622033351358536 0.6103218153666415 0.6275604350571157 0.6205089836706169 0.6371021528712854 0.6144337056642062 0.57337332297789 0.5638353317880427 0.5616401287912752 0.5933658966965977 0.5809893960249466 0.5627886263117332 0.5765706454271058 0.6084248502884609 0.5933679892874753 0.5128026258883864 0.5288586180358131 0.47948917988794193 0.5366210059118672 0.5397911804878077 0.5234613333831046 0.5635704355761418 0.6081388527996316
