Raster_benchmarking/Raster/continuous/raster-20.asc
NCOLS 100
NROWS 100
XLLCORNER 1743165.2325003326
YLLCORNER 5469282.026041812
CELLSIZE 10
NODATA_VALUE -9999
[rows 76 to 94 of 100, columns 43 to 85 of 100]
0.7226443937368343 0.7174083059083429 0.6873985446871466 0.6828128309105507 0.6653527127950819 0.6735883541958361 0.6355361682357782 0.6145908100094252 0.6203790488536244 0.6168297722545594 0.5941090172363911 0.587141496035708 0.5816858046953902 0.558883508439362 0.539397676057177 0.5640278283509317 0.5163700486006715 0.49505857559008665 0.46297749801942184 0.43874062777773953 0.4091925132029121 0.396458318775056 0.37574387414567806 0.371460647470461 0.3273315687573483 0.3017541619298658 0.2883350633425894 0.28543995538674477 0.25969478785876915 0.26877794304191516 0.28946972318593545 0.3286855779881537 0.35087881541854565 0.33090194278669005 0.3052461471695444 0.3087221291429748 0.29815804504342147 0.26559380009637956 0.2692776375841885 0.24137292530549728 0.2809821734985852 0.2623377938608275 0.27659321373388446
0.7353953098292746 0.7139573328493135 0.723729621217049 0.7043991787965941 0.6953282405728174 0.6761456280921392 0.6761861567228671 0.6391868630093551 0.6135602535925018 0.6196585058885881 0.6389333133255266 0.6118910725253552 0.5696169605550171 0.5811102638212018 0.5879766632345462 0.5563262753006604 0.530272852348685 0.4840306483247881 0.45056096004268237 0.42652551094254765 0.41312322854954675 0.41821528722277834 0.42094501247386473 0.39057509679640884 0.38425317942186643 0.313728555363329 0.30289270660580564 0.27942343220128535 0.2859305276899784 0.31251010080159397 0.2943112136428842 0.3192629740687698 0.34680549426125057 0.3360020564122057 0.30784638283457266 0.3206015673632538 0.3194867406804327 0.29646028952740516 0.28136227414713016 0.3057877495695943 0.288460799567623 0.28750728674991466 0.3244288277958045
0.7606237098343824 0.7610292534391283 0.7436958367030708 0.7378800454523228 0.7308063430597962 0.6907612080887202 0.6803316959717499 0.686062371352443 0.6635709902013809 0.6538661702686622 0.6454838609573732 0.603380260113101 0.5775115183129859 0.6039334720141427 0.6018245448025235 0.575844318058165 0.5555885310670325 0.5145466144373748 0.4818344933931457 0.4892225961066138 0.4445975636622356 0.42372579061784177 0.4459718907259975 0.42638159953566646 0.37569529182585176 0.33537387084169507 0.32581549413495403 0.2809747590596752 0.28691648436051376 0.31805258233898254 0.31256874501249177 0.33254191711815356 0.3439332176361489 0.33563309463309976 0.3086255073052332 0.34234422237060574 0.3313240357726234 0.33175217828044434 0.34669827968790795 0.3302107326337565 0.3411885444224407 0.3181329153400369 0.3321364730453611
0.7321618909041313 0.7684127456663177 0.7781570549473192 0.7713300063021 0.7477952329560674 0.7354527214461251 0.7247002086875387 0.6896523737702781 0.694615996183774 0.6616710603418363 0.6806551146137755 0.6142875179530294 0.6162844130056571 0.6097512656108902 0.6203278309430172 0.5923850903467225 0.5297584131744558 0.541400152232647 0.5445078506377176 0.5071460234837258 0.5132443976153598 0.48096904400903845 0.42828575325240803 0.40324542952159764 0.39287336796385175 0.33926491646534024 0.3251138734444114 0.31582632014605516 0.3010628518936143 0.32138979996091865 0.30318807123027314 0.33717936387909114 0.3344710225106755 0.32672585170225227 0.32876652177676385 0.3525230295423053 0.35934160461700837 0.34235210604646327 0.3893954109098721 0.3727882053319109 0.38596101243486086 0.3559220377318925 0.3458367247191341
0.7249453664884015 0.7428385183893882 0.7586345456520759 0.7602232748562756 0.7646683871416128 0.7439759835606728 0.75360375821571 0.7242746128750871 0.7059351979161261 0.7025673643062058 0.6765034779128309 0.6384856061013143 0.6313087804540941 0.5946498186867085 0.6223792493561175 0.5859437483455601 0.5707868014056933 0.5551674544562333 0.564161761345931 0.5564379083110642 0.5408709080401916 0.47857121622722415 0.45719339557858696 0.40600558668946124 0.3669107587758432 0.35752888606581 0.33619150728320657 0.3571839299962551 0.34532735158151917 0.33595816243853066 0.3446737831089892 0.35897945146398474 0.3860888992024254 0.3687352146154425 0.35095876907384266 0.3383386847667682 0.37976663698441 0.3696677018744511 0.3798360236515228 0.40423305612286525 0.3903876779484437 0.37574808373284996 0.36738301395470224
0.751652351065386 0.7628613124034731 0.7706226158596982 0.7797918153468958 0.7799336417017049 0.7392869766623772 0.7542111695590853 0.75305354897323 0.7414526854056409 0.7278722123117628 0.6735426262588425 0.6503189592016255 0.6213284748604263 0.6147712266657767 0.5976663856845789 0.5757649683438463 0.5501118968307754 0.5991219282099729 0.5902609656186518 0.5810950863876707 0.5300684966160989 0.48127751312573513 0.4804703769668802 0.43680446977196935 0.37619359419516385 0.35823696768067087 0.3676285362056515 0.3459519780723844 0.3460694122566714 0.38103888559956495 0.4159929566007468 0.4145681328375903 0.4265023196414037 0.3727060801475929 0.3688128213146373 0.3627141587208932 0.37879361768832015 0.3896709031790907 0.3890413497701385 0.4040395740592414 0.4029328076142813 0.38239079603431714 0.40482786297802914
0.7686423749530289 0.7526402547248968 0.7906286368104672 0.7810922131079538 0.7583655682788976 0.7577624138335843 0.750027701841748 0.738884869421403 0.7117208325084248 0.70213998915156 0.6613635475810996 0.642631575125233 0.6168972952123282 0.640621134631657 0.6127595946313643 0.5927126722288902 0.6160615797895306 0.61030934547923 0.6117252477917017 0.5870793834816709 0.5453183325892949 0.5159378062885883 0.494384695241461 0.4407007760331398 0.39894964721786547 0.4066711189930415 0.41531199371868954 0.40191379989030357 0.4094626453831515 0.41390599987378845 0.40565118566023306 0.43776253124700737 0.4008658764050098 0.3916946434200991 0.4209847539289862 0.4129498420512324 0.39003485560807666 0.4227687981637829 0.3787410424165275 0.3782657849159388 0.36863145426153154 0.3719384373417775 0.391006119647842
0.7624622682141076 0.763415066555318 0.7754178078460169 0.759755558702884 0.7483627844467657 0.7396395330528037 0.7312261400322436 0.7414102668880189 0.7391730040370365 0.7240373390479795 0.672205109236952 0.6657685510166804 0.6335348636441652 0.6282946238656446 0.6526446389854723 0.6181975063202739 0.6253542358875714 0.6253310634534407 0.6252130910133543 0.5783968686896998 0.5546416200183674 0.5213789316343365 0.4588068983168854 0.41932301123970295 0.3843292591918427 0.4169900143837587 0.4408158215001053 0.434931281557719 0.4474120669586435 0.43805775741809766 0.39501772588360456 0.4130791860099363 0.43548971477393483 0.44838857473789345 0.4225388398730497 0.4544128156679436 0.4370819286031695 0.42791208661463753 0.395322117927634 0.3906556316406702 0.40517261098424745 0.3677448066685007 0.3686222025152245
0.748644772902035 0.7810635308328695 0.760878680319064 0.7634582411580049 0.7564399916184726 0.7396806725552599 0.7159140124543945 0.7357269238411254 0.75892789506302 0.7354751883072973 0.7106136291006027 0.6733000065278752 0.6453867221111217 0.610939576247966 0.6165879706099674 0.6425150738410464 0.5963943973447551 0.5913117181125613 0.5942077471946221 0.5737464780707382 0.5319746039155734 0.5123819061752901 0.4897647109590773 0.43093299580719435 0.42019064077973106 0.44201789974617395 0.4607296982199291 0.442458474844833 0.44635447847252624 0.447349379215233 0.453895748564658 0.4478442877167422 0.4429582626122531 0.46850692958939943 0.4629858750759695 0.46847494072001816 0.4515808200018149 0.4456158051933694 0.415013993173244 0.3989195749988167 0.4192049644518787 0.3926333548775305 0.3930004787208533
0.7720002472095435 0.744752336359763 0.7779995866394182 0.7712499011826076 0.7296009018887745 0.7441833002506942 0.7252321790586861 0.7260050575309346 0.7699850731922618 0.721975086883681 0.68646356749728 0.6577326017273255 0.6321905834519727 0.635634359399486 0.6130296071297815 0.6226882115295056 0.608507860851444 0.6028871390972012 0.5995681020422962 0.5786101611703334 0.5556722579421894 0.5378838453489022 0.4987096638474753 0.4614073523939177 0.443369542321335 0.44198614390242236 0.4764833294617478 0.453308448525291 0.4537322566176954 0.4458487163956351 0.43689431945396534 0.4464961035993071 0.49055745160570485 0.4972945196149723 0.49437660126235755 0.48572734216112123 0.436169875986951 0.46017035127628675 0.4225269182555233 0.40680871940960206 0.42694421012592976 0.44087495689709194 0.4320311626033318
0.769665547544792 0.7342019788764035 0.738499256011815 0.7641494538444218 0.7569921558177707 0.7556869907593308 0.7598582135453393 0.7534804055552868 0.7538059723920219 0.7416206625669414 0.7110348475286005 0.6548581042893382 0.6336308523481469 0.6309633705959901 0.6191053020325569 0.5982217173712481 0.5841434244963848 0.6040558536881492 0.5558098298902189 0.5461882619487404 0.5384457465723597 0.5229979239389108 0.5163704830021286 0.47271406893632567 0.49168967681926423 0.4987290865991748 0.47518994782617086 0.4453675806048084 0.4608008075402095 0.4297571764056873 0.45200858141097994 0.4873776976194809 0.5050971456876575 0.5245146468252478 0.5136642413612029 0.5082502249531504 0.4841012334634595 0.47438467868816864 0.4706339320984313 0.45911921341286704 0.4428783598946674 0.42586919753880664 0.40846878037571227
0.7376128562543883 0.743481196955766 0.7234445818779027 0.7681726358412262 0.7719018394319636 0.7699004306441048 0.79758738728201 0.764574976761572 0.7789518270818439 0.7384395742015598 0.6728085920724427 0.6645286307705651 0.6537517945210923 0.6340748231803872 0.595397401142963 0.5692925713388535 0.5576422584557397 0.5838233821659328 0.558886896613956 0.5571956171824105 0.5403370579696971 0.552756109101532 0.5325665347362017 0.5387665053883288 0.5065158805021331 0.5046596609671268 0.4777460000137295 0.4372601189189036 0.4347079142861284 0.4372676981172281 0.4733399428398588 0.48633229431421315 0.5132272850277453 0.5387866255136784 0.5314102370808838 0.5271000743842519 0.5050390158099513 0.5047892401306884 0.49882617618950276 0.4654300636864378 0.4852859429800924 0.4697220692309149 0.4466757979919937
0.7452087428587622 0.7540097173484325 0.7176791190929421 0.7349143136295189 0.7514054655806258 0.7681599709176259 0.7716455864031975 0.7643456930782753 0.7452550372702592 0.7196244099791579 0.6790837498480065 0.6429844600105658 0.6540877886928161 0.6397020293620509 0.5873029942660561 0.5894946893767917 0.5617049164172965 0.5524280220004648 0.5505991560604359 0.5318741280810119 0.5644575796216273 0.5623866789086528 0.545758731086102 0.5630413873887963 0.5427557264625098 0.5035035642184208 0.49041841955915577 0.4804920424648731 0.4803463402372672 0.49387637362010756 0.5028261394838436 0.4904411905156127 0.5101482705491325 0.5231521845324127 0.5408170796220751 0.5161541599554761 0.5173191912938263 0.4977181477154128 0.46347012633884827 0.45141834324197744 0.44118912379651354 0.4724771052986717 0.4522813867796263
0.7533306756530367 0.7545512618936552 0.7215238061119049 0.7429369760433073 0.7778268782069084 0.7943000857057106 0.7661057502416541 0.7600383401455642 0.7126027033558475 0.7006109885158538 0.658008337645624 0.669335963286443 0.6643063409053208 0.6307244473632204 0.5983397895327264 0.6069615055885107 0.6078014281856983 0.5698441890685322 0.5638085343249714 0.558600220360818 0.5569697534657448 0.6005958548801105 0.6008475028539019 0.5678663742273353 0.5460160481544283 0.546813360824653 0.5154218065712466 0.4951835872102348 0.5040017258267626 0.48177727978162826 0.47928408992123156 0.5022597618236014 0.5092821877600772 0.5242280786979565 0.5117669272211585 0.4978612688828182 0.4577910535008761 0.47330327985114473 0.47406059137213613 0.44140208087780525 0.4379345757035106 0.4413180101408766 0.44030469873377553
0.7886941120132448 0.7714696218628783 0.7736322719782891 0.7738106356899923 0.7779799761781578 0.7746899545211609 0.7778370570341523 0.7346187625323731 0.6868051126556118 0.6964059826500035 0.6966072356014469 0.6440541298150345 0.6236187759376667 0.6250982701176541 0.6084568416686205 0.6247236227442072 0.6443289604215836 0.6204789189227673 0.6059591593239597 0.5940181699953277 0.6174804312730766 0.5939545160692908 0.5940568373973464 0.5921109924189023 0.5688250466408362 0.5580518726977728 0.5230228771035127 0.5202361869246762 0.49576670430808295 0.5019547292608174 0.49518643316795635 0.5211313397249885 0.5364903301968571 0.5101720193576403 0.47595903390437305 0.4906057161138906 0.4837160413052857 0.4514909491854481 0.4472092433892789 0.4397538838644866 0.44867055018483337 0.4422396884290849 0.44213098547481755
0.7990420624160668 0.8084918124267502 0.7932923026319054 0.7636834430110677 0.7343368224483314 0.7566749840966066 0.7526895463024672 0.7120704566669608 0.690128655858946 0.6998155708969305 0.6972110698284932 0.6432965876250044 0.6342548616715009 0.636259018288477 0.6446564241366982 0.6311242602045855 0.6369808868787511 0.6547457855458365 0.6445389375623021 0.6220509122054535 0.6642357628659342 0.6516664370838461 0.6291761233642955 0.6060799382705014 0.571407294956638 0.5621634207457709 0.5740106619806866 0.5626203307401393 0.5196292954466051 0.4991655506640225 0.48064809671646386 0.48965109983804445 0.5245527055031697 0.49671034736297676 0.4627039963048954 0.477337103465778 0.4729789851515045 0.47122851477019617 0.447887659289471 0.4448495241389305 0.4253861833749631 0.4469916327721249 0.4569377484227182
0.8313721549109648 0.812460400799245 0.8149064944317895 0.7959426571485695 0.793469822026513 0.77462526301411 0.7683758035246342 0.7159683562498705 0.7113110583696406 0.6927012883701644 0.678534515617024 0.6749686943329247 0.6732644248370809 0.6673065372429304 0.6892584627775631 0.6650688611608621 0.6831477239325542 0.6763322919100758 0.7008992335738927 0.6679669285508043 0.6812307210741766 0.6376060014601245 0.6434149100765058 0.6110518810344886 0.6049620088849871 0.5954329725160719 0.5765112532156434 0.5803226778514341 0.5569220901780313 0.5357335558923493 0.5399094857357466 0.5231746818058433 0.518073627155024 0.48868513563915195 0.46928365011146816 0.47273471542576456 0.4736441141541359 0.4611446014151964 0.43886988156438494 0.420265966813844 0.4530098120269501 0.4427615945553896 0.42776617218765284
0.8101790348430025 0.8157520483367003 0.7812735282357895 0.7885826464045091 0.7896781579951249 0.7455788633172115 0.7389568176092627 0.7211373618851569 0.6967013012876037 0.6886428006722918 0.6905596901198222 0.6970408093519694 0.6944679742197164 0.6824181162032578 0.7033845450286347 0.7069961247627364 0.6709021243807325 0.6816360148688339 0.7233824858690843 0.7076819975335158 0.7019363010674565 0.6325361707254559 0.6146736207346962 0.6380722453205032 0.6259311817450345 0.619707267087157 0.6134871522714331 0.5923248714854202 0.5836994129987049 0.5528002036159947 0.5316996496547683 0.528149400026128 0.5187678339311639 0.49655402347185035 0.4666606512999338 0.5057265297210798 0.48468357090300795 0.44645494798185625 0.4339842182954149 0.41221411720419915 0.4425884962308347 0.43251177524953677 0.4228736069098681
0.8332102612571243 0.816362569883238 0.7847165268013699 0.8165144959100027 0.7819244370069537 0.7574896611720033 0.7146742297534552 0.699514245766036 0.6859041690225064 0.6712635384005825 0.6985817902542949 0.7026937850224628 0.7090784273959507 0.7357949376610844 0.710546741849464 0.7074459729952652 0.7029415885820975 0.7200748299505512 0.7044084662950576 0.6988718292006298 0.6656115072806753 0.6580709515269312 0.6766687397747385 0.6496968119257407 0.628075401329013 0.6204061009075433 0.6132744944342733 0.6139268526052981 0.5967278182768265 0.5806614637234666 0.5457814111878648 0.5239216637550579 0.5296425612704009 0.5154676031713024 0.5156758373823777 0.5126165634041338 0.5023884283771275 0.47990653771757485 0.4770087040474769 0.43382639593163963 0.4377621814852615 0.4059915065397949 0.41197940137168987
