Raster_benchmarking/Raster/continuous/raster-396.asc
NCOLS 100
NROWS 100
XLLCORNER 1743163.2776359234
YLLCORNER 5469296.462764422
CELLSIZE 10
NODATA_VALUE -9999
[rows 0 to 18 of 100, columns 0 to 42 of 100]
0.3532076115734516 0.40485776628837816 0.39025296723205716 0.3418203316746169 0.35540563397697494 0.4097878152773848 0.384282814550261 0.3979454027837396 0.4107318677046099 0.388533892162071 0.35566915725594644 0.3330458863803166 0.32090817474466377 0.33414128722536734 0.3623293433713024 0.3275098336523503 0.3305525263557269 0.3823915854757644 0.3644905945243459 0.35406200836567464 0.308394689939726 0.310265710696171 0.34330064015632616 0.34689187845069325 0.4130314183093304 0.44363553924912164 0.47791210896262726 0.48328146266057154 0.5176959277327123 0.5381307786896541 0.5739552686299773 0.6453754716357885 0.692695867425307 0.685954751786217 0.6812024433780842 0.700473997136087 0.7518574253628796 0.7053256680166698 0.6674526712401988 0.6387162061447754 0.6154511401152605 0.5916453230833084 0.5718326839423185
0.3526664004346051 0.35324121431318195 0.3704851969000949 0.38486139812924697 0.3929274838520772 0.414417692129537 0.43158134510744434 0.4382367749666969 0.3940259375127582 0.4025632250028593 0.3837274677430634 0.34641176468271845 0.32926628162485067 0.3216262038980498 0.30077608138562933 0.32723441115026997 0.3120442137416126 0.3315981080690844 0.3057734802546803 0.3326712317445509 0.33568403765397914 0.32077518515095726 0.3319945690894993 0.3551944593019777 0.37987475271731747 0.41830377690722387 0.43540344858837704 0.4731141691464903 0.5137239940106055 0.545273403298176 0.5806125397287388 0.5812837224584867 0.6333570895262209 0.6577602138894273 0.7182647462367667 0.7408855269362642 0.7611986072446436 0.730053766525379 0.7037981591477217 0.6191609316519887 0.5961912028034501 0.5902975846682986 0.5687942753246
0.35928740890841104 0.3178766094762049 0.30899119752449916 0.3549308442010662 0.4132449343297691 0.3846975422597666 0.4292567502208583 0.4403316846250869 0.40660521667053173 0.3752879029296673 0.31615939889196926 0.31935701556846796 0.30176281674352584 0.2962290682740935 0.2690910945816114 0.3179387877918633 0.3023055406155541 0.27923315767353096 0.2805077315480434 0.2693666599282487 0.3177489681359179 0.2970046999544304 0.3100573095159714 0.34437428230169986 0.40652831767083303 0.4105132936897332 0.408520372897857 0.47217380524335245 0.4551171510465099 0.5265610706903624 0.532173772689155 0.5647679245882694 0.5903968436173231 0.6728189614577582 0.6984826632886171 0.713677007466698 0.7826343162688981 0.7474144068291089 0.7267091427760402 0.6131959100249347 0.5877861774731462 0.5797098089267904 0.5574067436430191
0.3692932121948541 0.3507277444229017 0.3381432587392096 0.36751047842120377 0.37360813865704373 0.4015023053420975 0.42530182320159643 0.4211961214968381 0.39189890654262854 0.37951356211014264 0.33408346932167327 0.3125158022582564 0.34482472930590435 0.31457298152713675 0.2849640746559827 0.31168535236593664 0.314899653824424 0.2876239551451813 0.2607806538541095 0.27273474193098196 0.28819092447773115 0.3276564526047819 0.3619112210219178 0.3883902481483206 0.422460043625676 0.4141577446783785 0.42053164500107987 0.4498756841438318 0.45864166957807617 0.4746386494080518 0.5252238074926758 0.5799421836314429 0.5777451609306327 0.6429211290400967 0.6667109606440694 0.7422225715320542 0.7542710447363015 0.7544749040169794 0.6946068593206515 0.6264995286750463 0.6398060210250579 0.596776194858817 0.5310656862612954
0.3683980303065018 0.38960495038673726 0.3493479324397327 0.35151653435609553 0.36703777042147717 0.4033172322250228 0.4342990101819772 0.42018777339911634 0.36941160514586147 0.41046565974908117 0.4014270784933886 0.36986523318660247 0.3234893340069963 0.342481627795114 0.34662419111773246 0.3242227215067013 0.2880844889580903 0.27313280947805046 0.26924338159604755 0.2533755408964738 0.2819871207916647 0.35301478384681906 0.3644473421369994 0.37308083211886744 0.43843918240322816 0.4115992328823341 0.4858283274011196 0.45790210135286763 0.4465491495954594 0.5159728835496642 0.5544983190959314 0.5691427504818013 0.5844121927742234 0.6447824323367563 0.6790967261835583 0.7026758133728358 0.7569581930287179 0.7165419486267768 0.6635036051708852 0.6529812329585569 0.6483283866299779 0.5837606187531935 0.5705330547610443
0.4006567129257233 0.36428393551933175 0.38574846936552043 0.40707997008195485 0.36918803199870753 0.38974807673008577 0.42661981842307356 0.38552899015871006 0.37565246543179537 0.40967820389611775 0.38953397541496965 0.3890140839583598 0.39387462533224954 0.40582576924193847 0.3937605081641578 0.3821062342783336 0.3487772751248826 0.30498763985377547 0.3156662195753778 0.31766289323771074 0.3063401545375934 0.3189895897068551 0.3948470739352251 0.39069832009076044 0.43802056232634456 0.4330135123475933 0.46555363461052174 0.45911561087422276 0.4373638890440156 0.492472338564731 0.5619240194146541 0.5736604987748941 0.6180311999682294 0.684922564730218 0.7121691839876274 0.69204131758486 0.7318738115402572 0.7255834261199239 0.7117775622663773 0.6636761675174275 0.6208484009640493 0.6225940228517987 0.5886901967687238
0.4518976746289044 0.4298500045952357 0.39952350292897665 0.43216980264140437 0.3974588025698813 0.41779735927391953 0.4465495315877497 0.3844202369036681 0.3665710550482883 0.3967602376072463 0.4153362674540265 0.4502258338708786 0.43769782997227685 0.41929744735248237 0.41919120385173053 0.43168200316115657 0.4062358724609248 0.3991807802976774 0.3548672429783324 0.37724261985144625 0.3444337439093348 0.35984164731541246 0.38291147878010867 0.37431174247755455 0.4098470446215212 0.41826773346891827 0.4902427122286172 0.4887645312416052 0.4622082402100561 0.4867260227641292 0.5128315185705832 0.60244114412438 0.6379990749742497 0.7121027715251379 0.7175907446754205 0.692275743132411 0.7207926627680052 0.7117185426439883 0.6732641904914296 0.6760576062292472 0.6175927348081557 0.6065170138529772 0.5579108506026658
0.47366060286936884 0.43781147337302834 0.4458085208197305 0.4390053850878687 0.427581913748524 0.4690107432803274 0.4535507284070317 0.3985651291987856 0.38324644712160333 0.3965056254668637 0.4107377021560358 0.4587204009035962 0.42587202884309144 0.423733158705188 0.4193449125306277 0.4704147006770293 0.4495675213058127 0.4040121787119369 0.41129206113882494 0.3928877143911995 0.39534847927773986 0.379651655981965 0.426007689523459 0.39579990258618936 0.4414564300191712 0.46498485759706987 0.49606198436554216 0.4917114233095813 0.5095447494421795 0.5297875919617898 0.5459425086534172 0.5970250819680086 0.6566812149447843 0.6956073261265726 0.7067832589451251 0.7298354214365906 0.7291774890010014 0.6921550959173278 0.650013489392494 0.6687649209446029 0.5952791518843888 0.6034014920646665 0.5825580841163183
0.4624540440868162 0.4659039031099849 0.44126086512555396 0.44302919148858555 0.515939229996811 0.5124038544002462 0.45385323185754595 0.4444119226087644 0.39059703734524215 0.40316231899166294 0.4006625938623739 0.46301104223630984 0.4749439276122172 0.48411244949202586 0.4775187049984243 0.5028452769209606 0.4717500977712277 0.4568143442961736 0.39771041360916004 0.3781686174719564 0.390675657826216 0.37965701826134735 0.4503923207647585 0.4036022213256604 0.43682304092287777 0.4399216691625694 0.5348003974968667 0.5309676827998513 0.5511204559075557 0.5235635060156757 0.5674637282949481 0.6273231417180389 0.6836982312410234 0.6581246174215372 0.6638622932854938 0.7305325600341827 0.7430806682538896 0.700249885353822 0.6738513302211999 0.6748482777849717 0.6196742162552381 0.571711479097847 0.5713170193877507
0.4789185705871112 0.44957610609817616 0.4497091102745872 0.49017894653905336 0.49376201987569296 0.5206079792291074 0.5167841542865397 0.4831512933789262 0.4616721021439804 0.43860276407945475 0.45067315229805904 0.48058774908724355 0.4748579717290413 0.48510587371558084 0.4611346300469891 0.5085081560704606 0.477348726402244 0.4668235488423266 0.3959582245877583 0.40049840050812513 0.38404971478924965 0.3915158356084582 0.4138537260054772 0.4008479824718586 0.37949795863189684 0.436400906167783 0.5235044236886623 0.5608884370105471 0.5399922463247803 0.5526473649414078 0.6308732439429532 0.6530464753951232 0.678379569541043 0.6550825681903675 0.635462947325883 0.677957640916939 0.6865786496265901 0.64775082288475 0.6546254937075268 0.6402321993529806 0.627504077149199 0.5797643758354804 0.5560040330740565
0.438064106974576 0.44756229535288017 0.48146135732369943 0.510517828969915 0.5382416477863046 0.535122347372166 0.48602596803414305 0.4793708625457803 0.5076839774806673 0.44323241959563653 0.47622146775099367 0.4499833035543778 0.4626571641031298 0.4429538390457003 0.4949449027099729 0.5117151605910025 0.4811226878471367 0.48091397750192416 0.4341239732542079 0.3966328149842862 0.42990758058468875 0.37143182079041903 0.3838907809998142 0.37214406655473503 0.3717168788029967 0.42252039405162584 0.46633363148374074 0.5178744748885495 0.5694367430828341 0.5728363667128517 0.64392082099847 0.6770802575813549 0.6828331377192505 0.6523168434183166 0.6293618737092872 0.6299638549020394 0.6435558679267348 0.6733022174745961 0.6478715409110717 0.594138305348863 0.5970957688584497 0.5692283411752864 0.47826875117651313
0.39593057656259556 0.4147681366362078 0.4761259795333132 0.5184705384950833 0.5689399043602078 0.5427611130486597 0.5079875165460486 0.49984010090127734 0.499262492184467 0.471343872210513 0.4730497378356551 0.5014952446924202 0.43742249596852234 0.45375268260201695 0.49196011313428833 0.46738950418032843 0.43588943396463176 0.44974493386461895 0.4239201048138593 0.4126569558906546 0.3638751059842099 0.3633388255085153 0.3751823663953211 0.4049417555758794 0.4005726887702205 0.43569405224679847 0.5014127639223837 0.5450569526270264 0.5735704760819628 0.5846173703898025 0.6188397684666066 0.6072984169352655 0.6254204258948997 0.6345049733256756 0.5938711387127784 0.5906365248628159 0.6023326627529145 0.6513156277710564 0.6462746803386363 0.5699693837649877 0.5131805908695122 0.4949693538838078 0.5163338842630347
0.42265664820527327 0.41672756709303516 0.4368718466343447 0.4847660572102034 0.5511653299969944 0.552177819415158 0.5222488533445507 0.5464336951668791 0.5420892825425526 0.5088034054038052 0.4850299745266799 0.5138435570315361 0.45612796879421535 0.4274378502489315 0.46308035778938655 0.4492375661894823 0.43697092798155757 0.45424198511890135 0.3811299140517239 0.3973203912571263 0.32388257231612216 0.37255758442760994 0.3593948016661866 0.3954254165995706 0.3996296196548 0.4656923055501263 0.5033281025185075 0.5511609423672565 0.6181825773332782 0.603768226721276 0.5687155283105509 0.5895474310735113 0.6290291575882618 0.6170360986553601 0.5662262281605082 0.6100437767267753 0.5872066694941107 0.5720943112513809 0.6034088494386637 0.5416613963333856 0.49261407957807296 0.5453944846839508 0.5281792390362433
0.44858027016394164 0.44578871237360873 0.44606566396092057 0.5096047501576384 0.5150553401046711 0.5218252806321152 0.5112860278314377 0.5435533598004745 0.5431627030618538 0.5087162081188719 0.5095592998537714 0.4860351188533416 0.47288776565971186 0.4299215537862938 0.47248931524379084 0.4302430224591491 0.40582100439289864 0.4398174026672702 0.3960806718096989 0.3789474368202549 0.34170745600999863 0.3593327690330802 0.3274028763730818 0.3549398293303722 0.3790154826481437 0.43609100476256724 0.5064128798768555 0.5091307298160535 0.5619652901308205 0.5704124988256005 0.5798389296075285 0.5721611913288972 0.6036372015103657 0.6241330833705506 0.5903307430961147 0.619901001862869 0.6173354567996675 0.5731958316038874 0.5641383968577982 0.5739313749467261 0.5523177905520738 0.5494224286288026 0.5280144847610098
0.465325925355808 0.46354100962847256 0.48896134081066595 0.5107451940885206 0.46043783914002756 0.4571424924872354 0.4555463761257559 0.47621771836709154 0.5286674149409799 0.4964954640386727 0.49062719860062526 0.42812148633246566 0.411677343729215 0.4665773512755254 0.4727487169401124 0.41407743288354376 0.441535784976709 0.4234170002718855 0.3739121365094368 0.36970477351368747 0.325525134062414 0.3641917689440779 0.34578739789758595 0.39240086575484096 0.4383702728039291 0.44775267874078595 0.472485385596017 0.483964904774948 0.5536670758496839 0.6004736263762375 0.5853839821305181 0.6032831194408604 0.6127712620998947 0.6000082115067229 0.6003907916699659 0.6088501682369489 0.6112131666911035 0.5706478440124657 0.5947858885694745 0.5702106477810143 0.5593355305985415 0.5288911947375367 0.5294018847981743
0.4460395355545144 0.48215277828473857 0.5136843946253271 0.5302790948100737 0.47996642886812224 0.4694403191409087 0.4872058551265896 0.4855739405303919 0.45545127023371323 0.45866429025871974 0.4855019901156688 0.45055114751025144 0.43826659030087683 0.4281007468784988 0.41970569784688777 0.43336232171047523 0.4097489173237088 0.4125246355873105 0.3693766903035568 0.3513324063712881 0.3429804018152371 0.304047935762525 0.3184510441820882 0.3883212213164546 0.3752849807491263 0.4401436113750869 0.4407894779902347 0.499829591915899 0.5561292994176797 0.6011114003721373 0.6459314576523107 0.607139634903332 0.6339146420004768 0.6696375103729717 0.671549222743783 0.6454198571338368 0.6402170809792748 0.5950858383110164 0.5732617409656272 0.5931874768284129 0.5667018201288584 0.5089307712806026 0.4771878485739124
0.4699608224227545 0.45622592592857514 0.5279608095858737 0.5129656749299656 0.5161681871482466 0.5025887428855007 0.4716011860211124 0.4484945532276177 0.42513443453085475 0.44931026627349396 0.43761315862921435 0.39865277219894535 0.36944647920223683 0.42023863881009443 0.3745229814555865 0.37897950544036046 0.4407866204305687 0.3638490606500815 0.32024767283569444 0.31836900309419636 0.2890589319643478 0.3356384522024355 0.3470306189342132 0.3731793903874653 0.3507497463808939 0.4133176506509383 0.4711976136676167 0.5260101271841611 0.5627666304266559 0.6017739848726101 0.6615507136996842 0.6218492719703929 0.6660419415959823 0.6495086973484638 0.6708077594572291 0.6650119724760423 0.6476784645624499 0.635519241447475 0.6204369616880059 0.5941579570520807 0.5519922277553442 0.5280060233598919 0.49686537708806056
0.44276608716410953 0.4506875114116515 0.44245449262311987 0.4778657333373669 0.4855734573718071 0.48580977358665295 0.47982289136941325 0.43990923428035705 0.389283737935516 0.38587563500148336 0.419540695920953 0.4250865072233444 0.40458430756910474 0.3955361207236361 0.36971513095493647 0.38256938181057953 0.3892513125791813 0.3607098798476966 0.3051038176353523 0.30447633188562545 0.31495413918832693 0.3265675084201389 0.3239215706160916 0.3322016689963618 0.3397121475612376 0.41652384302295514 0.4908352719166187 0.5326523019438756 0.5413469503596569 0.5795355719443692 0.6209279370633444 0.6213345497645983 0.6308313370082737 0.6213493033148666 0.626232876466933 0.6329906863256309 0.5831411830182816 0.6236756722154725 0.5770791850604008 0.5893398126282008 0.557247429713492 0.5093847678431863 0.5358810464165256
0.3657965097510236 0.4414930976747871 0.4317301737612539 0.42410431361336753 0.43513604869507516 0.41283767067849064 0.39536036884762277 0.4147584635749086 0.3771981784472983 0.35374674110203036 0.4063884249648142 0.38993277215523675 0.42059490001439553 0.4200901271993463 0.3831767560957402 0.4105234596612425 0.4270709389155941 0.36169597090965205 0.34865866840638 0.3486022684748593 0.3146183206124577 0.34419328352859874 0.3460630120908978 0.3740007307254787 0.36060099481207547 0.4123212055847232 0.4505829679019189 0.5173265390244344 0.5595446374405233 0.5862339792855644 0.6445846482202079 0.6346934639222472 0.6359013908683959 0.6621536085249984 0.6372462248962094 0.5923196329378702 0.5383883490421405 0.5556267907580932 0.5646086771723069 0.5721388222495022 0.5755047111126075 0.5453584203226894 0.5271144198908065
