Raster_benchmarking/Raster/continuous/raster-417.asc
NCOLS 100
NROWS 100
XLLCORNER 1743158.939962752
YLLCORNER 5469286.43623475
CELLSIZE 10
NODATA_VALUE -9999
[rows 19 to 37 of 100, columns 0 to 42 of 100]
0.2876136911898073 0.26712982961392645 0.3079386550265926 0.3161658844706437 0.36924580088958814 0.4429318154156184 0.47287983493196234 0.4875141558516607 0.5131790660527207 0.5343250649498785 0.5870369793792249 0.595077167489434 0.6354966040514386 0.6719301829483065 0.688613149643181 0.7047295325268013 0.7451215027887628 0.7166559055026045 0.7687134215144635 0.8060335122547397 0.7889875092607416 0.7914941534540282 0.8249583379934028 0.8009907574690123 0.7862368794338576 0.8307272122757996 0.8733302164855011 0.9358143472706424 0.9107622585850006 0.9203923825622532 0.9230827463851365 0.9728108243751615 0.972345573439497 0.8987558600942026 0.8898141725931346 0.9017668085228242 0.9106267013220194 0.9056871945499756 0.9023300644975321 0.9174659151320752 0.9086497533602912 0.9400163060638873 0.9151868933594405
0.21986080948785594 0.22594413030388838 0.2825365357475293 0.3223561141281316 0.3071529719386603 0.38788360394050014 0.45604400466219847 0.4695464835593443 0.5388856507923793 0.5407596210292681 0.5898202511453196 0.5563644592853491 0.6032674511298961 0.6338501165171885 0.6776897917281847 0.7415521139244013 0.7514518494049107 0.7365717138013106 0.7337772936595092 0.7793769923440196 0.7884723933321269 0.7477656071061509 0.7623080086499175 0.7517323498525249 0.7936491611668445 0.813340671778396 0.8956654906018545 0.8836200490852386 0.8988139411998237 0.9147484312877768 0.9584445199756375 0.9716666967556925 0.9516492485272185 0.9158391488283278 0.8557300012813296 0.8791283730310238 0.8885147481854165 0.8742141922815895 0.8680460397920061 0.8659444421855159 0.8949534727495102 0.9025356758365664 0.9054501747382494
0.21258719877697932 0.21834901539012336 0.24995839822358532 0.2631096336090273 0.34068009736779953 0.40386247402885844 0.4713754721454327 0.46385865132150905 0.49677170846529095 0.4957641011624823 0.5388035122855519 0.5718000699890474 0.630348472530245 0.6534199387292661 0.6637178247853885 0.7022910374250021 0.7384703743261748 0.7038208748601922 0.711207341607541 0.737158473831005 0.7174301378600035 0.7296858128798218 0.7472775929249521 0.7461575705079688 0.7632374274192 0.8501969696342052 0.8842866237059889 0.843438790258078 0.8611644927810015 0.878515331359622 0.8805206059639027 0.9099683889214893 0.8955045516246029 0.9035011167361539 0.8650321297609525 0.8640393030938301 0.8571300383369508 0.8897038477318735 0.8649429169164711 0.8885805759280379 0.8792989244989662 0.8871663408256734 0.9390391612414413
0.16521922734040606 0.21487899834954557 0.2762151522667388 0.2749629147504912 0.3159608571706261 0.38530987036514647 0.44229122772049606 0.46439949907786143 0.4870124544738493 0.4626360914808815 0.4852015165201111 0.5409935586165537 0.599373924459986 0.6328828066175387 0.6562529666987824 0.6637942489330612 0.6995213495359772 0.6854271201973327 0.6798859027539748 0.679904126525434 0.7124199981794354 0.7471689157345642 0.6887679822066872 0.767615740145328 0.7802547502832321 0.8129482035485843 0.8575223323373856 0.8366901358848717 0.8593905501861169 0.9065029783874635 0.8994979727981793 0.904317585114713 0.9105577038825803 0.9023817553557224 0.9139541690352976 0.9196799476840091 0.8709450605779321 0.8763995825626325 0.9074214954467468 0.8768948866895393 0.9097071009900913 0.9140083394908953 0.9680156941912512
0.1567087713570441 0.2354005671198102 0.28497729074224837 0.30758443252274387 0.3015988205715001 0.3345577468883597 0.3854226614415214 0.42785760363117303 0.5073768958445254 0.5026062266614963 0.488115811227055 0.5815875054157538 0.6290339888581485 0.6482078189888201 0.649747400862311 0.6368604653101326 0.7040656539681704 0.7089980321652988 0.6708364234957681 0.700704826930838 0.7079169131937707 0.7262345284363504 0.7094524981181028 0.7485901605268598 0.7651343768063307 0.7987252270174521 0.869503956744027 0.8388698733381269 0.8828209785096183 0.9038873921757669 0.9432193902263822 0.936849174127645 0.9067154439126981 0.9012480328179098 0.922650716573604 0.9012041258530292 0.8767021491781393 0.9076323209225869 0.8992959833262322 0.8769699129041576 0.866694464930977 0.8833092560399136 0.916909655412586
0.15612488377884498 0.22843326051546028 0.25740087658302824 0.26691159706643164 0.2872814133387448 0.3791552053286664 0.39783414469369927 0.39707334812649997 0.47681149736394673 0.5020387602130867 0.4902177368721657 0.5802458546006826 0.6237053107146681 0.6408974454879334 0.6414000562391049 0.6140136597607188 0.6650996246585631 0.663138084155965 0.7125510243902121 0.6882919206937566 0.6643863063544518 0.6817186239533749 0.7255822559175322 0.7631732303645968 0.813545765956158 0.8171241372819266 0.8757521330426581 0.8796473200369067 0.8718546876381854 0.929319445903907 0.9259475134199693 0.959042707271179 0.9312347919715156 0.9498577452695366 0.9647136469414439 0.9408533932028795 0.8748878459745691 0.905781362191359 0.8610259256316909 0.893717685954149 0.8428681631143317 0.898310114949539 0.8981834003916983
0.17695681565316768 0.24018075869875694 0.2973251345229289 0.31734601736032353 0.29815950500863597 0.36145381181224784 0.3715942741500221 0.4045498765411766 0.44866225374284 0.47422095944527765 0.49540973121528037 0.5576661432723408 0.5953280086012476 0.617886447838019 0.6393272826633049 0.6282034085365595 0.6834781287982125 0.6816429431377233 0.6836583345401018 0.6973950589438278 0.7294127428430316 0.7333885462063178 0.7582658476591728 0.7555133980327116 0.8081158396562204 0.8498866373132984 0.8291513494078772 0.8433207115507281 0.8682291294316743 0.901558777013248 0.9125810272590085 0.9413213563765649 0.9072060019777135 0.954527588409807 0.9230144829676581 0.9198309011428955 0.8991161653333584 0.8795340720962147 0.9221467315287104 0.8665451401092379 0.8750114912214639 0.851498258479744 0.8709270450104317
0.19378303082439294 0.2687478001668968 0.2852805095350557 0.30539441257576694 0.30842430274931837 0.3240193354372826 0.3720977822379207 0.3719983988712935 0.3584508370023143 0.43041144298555867 0.484042334214725 0.516009382839899 0.5832732436378981 0.5958116002847577 0.668590317444612 0.666997580220113 0.6564223315000886 0.7128716901009519 0.7106425318142571 0.7005107082723782 0.7122247807619899 0.6729719544518453 0.7019642687469495 0.7768764450718497 0.8245475170398985 0.8206070635572746 0.8645682672395613 0.8461948636163187 0.8730648994790973 0.903079439627086 0.9542816276863502 0.9681395453930212 0.9182781043964784 0.9576220202338044 0.9208982494430906 0.9462807782977014 0.9395880387582106 0.9260279719861216 0.9681039815953987 0.9074930996526417 0.9013014486070011 0.8433917505412987 0.8276150304850444
0.22617685764935963 0.24533338730628323 0.25846736757296507 0.28316502899725676 0.2733916928321232 0.35183101720289384 0.37477922165984673 0.3391480295620795 0.4071814732846843 0.3862776847034771 0.46943609046277174 0.47755724124036364 0.546651818825944 0.5652651962702386 0.5811158776638966 0.5997498372672385 0.6359630211349876 0.6733565559252812 0.6751616634898188 0.6901817418766556 0.6579783433309326 0.6781749693840691 0.7265212857068813 0.8041576931720896 0.8046068429438982 0.8668687011490914 0.8452078568395164 0.9077505614560868 0.9377341622488244 0.922643172545323 0.9164377404589275 0.9625291050012372 0.9238633183729409 0.944431980698567 0.9671840192396276 0.9230371687479385 0.9304749054220982 0.9755470123132195 0.9510823731297479 0.9326054905027211 0.9213483513306044 0.8629129854980722 0.8394175867972014
0.18526396124133884 0.2130689368435943 0.21201256014174827 0.2829654490035524 0.27085188833872315 0.30612587791682383 0.3249019706181956 0.35753026992009 0.4089841793390675 0.35297649522749863 0.40444205130014715 0.4588415722990894 0.500887088628659 0.5665342907719759 0.5672704757739063 0.6022703550779633 0.6068572949867923 0.6296382811137944 0.6091728859988909 0.637559988612337 0.6686707990705031 0.7504669911401055 0.7430405750326893 0.7837717675848104 0.8429181085291075 0.870974865834487 0.8482365031064022 0.9037512204891984 0.9571044566666546 0.9224318592974726 0.9291548612880579 0.9569611905693651 0.9665275574244684 0.9827638886866679 0.9744931071075165 0.9864759607038281 0.9635153112508845 0.9620638619347356 0.9566466209240236 0.9113637547933574 0.8996468675955598 0.9088162345826458 0.8960070765433661
0.2405464599126288 0.2513461250434492 0.26177409475559327 0.25505787956310894 0.2709457432692921 0.2969836735122957 0.34804834064272844 0.3339968482207281 0.3733214333808737 0.34794036212734786 0.4094407899274653 0.4114012480453701 0.4996725088031025 0.5127548023413069 0.5276945772697207 0.5083893418601522 0.5663963318442248 0.560045109357799 0.6604639427382285 0.7085639618112997 0.7670688711589525 0.7744597983421765 0.7696332085668531 0.8029902742350994 0.8416706012041681 0.8589550447267585 0.9086534429891362 0.9498230675650936 0.9249188548012012 0.966940904853725 0.9840768170788143 1.0 0.965302194286218 0.9945198917354766 0.9880622702866115 0.9714473445495762 0.9420190414557849 0.9876674661237338 0.9615013806901349 0.9323885014175577 0.8770926943694426 0.8912045817516662 0.874100860910481
0.2609957083901189 0.24874138866728174 0.21731540528960447 0.24471059025799535 0.24181876475502834 0.2942605380289133 0.34511617335266537 0.3414597544280613 0.3398326065043224 0.3407621954778789 0.3539107719366716 0.40612428903704034 0.4470835675349833 0.46033291748365 0.4768166310143752 0.4653635766202223 0.4637323875642958 0.5421442243572646 0.6562318843216645 0.7368084292787489 0.7922495031121264 0.7585009444104891 0.7753517477910765 0.8151575234222297 0.8718081724020105 0.9343033004505076 0.950313996934347 0.9403371073452319 0.9471895001042441 0.9740420977151707 0.9973047019923782 0.9716560339371344 0.9716685519216073 0.9373221726589027 0.9378681936504975 0.9631245235862106 0.9803742654052476 0.9928770832835645 0.9252606827371279 0.9151484977333993 0.8715464229080997 0.8467047794068455 0.7873850939660794
0.21527927381449596 0.20700669489981485 0.21862467020673612 0.25842948910416375 0.2836909577477328 0.3341703597763228 0.34004753696829243 0.32468235810860485 0.36038244420315535 0.39070584550683785 0.3602634768549716 0.3824842277049908 0.45341433886429766 0.45425140345764964 0.4764732667446877 0.46879150675731 0.49633760237133295 0.5823005112650897 0.6093712267965654 0.6759180725296131 0.7303855351466348 0.7963095056993409 0.8106174863340032 0.8490000961411392 0.9104093126092461 0.9254268085396717 0.9776189802275606 0.982908152554904 0.9480032338427964 0.9747546367519077 0.9889815425135768 0.9577324839473923 0.9155442416933757 0.912925499729038 0.9321273249879425 0.913985978481909 0.9251442632602577 0.9518239548227578 0.9316631238270363 0.866045905969614 0.826175459712107 0.8063459059249122 0.803209769448711
0.19125879646442343 0.22287608689517546 0.20584252428745003 0.22718899740262138 0.29657207882963066 0.309804274968039 0.3718455373231595 0.3531842219570267 0.3223924524718686 0.33883664220285303 0.41346152111559004 0.42290507052766785 0.42997939010909175 0.4440741275167906 0.5109180128549502 0.4642488724470739 0.5016020214941874 0.5450184821426793 0.5846652277728243 0.639640695354434 0.6867948193572566 0.7371626840812776 0.8419356855196349 0.8413605350414153 0.8906856406532486 0.9027340156517378 0.9177014535468414 0.9803324817670691 0.9925104328261966 0.9566930272607924 0.9830731495408325 0.9891462684693991 0.9341272216458474 0.9466065719944264 0.9039835264101295 0.9066679448535274 0.9211917758020884 0.8873908712222315 0.8941839925364427 0.8982009331931204 0.8722176042329761 0.8357991679898895 0.8127199762185541
0.183140833615125 0.21884798914852854 0.2589708363506062 0.2570583106568965 0.27354393243450525 0.3040844364061437 0.3409004478276284 0.3610520009586247 0.31845548919263816 0.3422811755961116 0.40950411707284456 0.4395011264347985 0.42841307714874305 0.43419575955719325 0.44010289713867373 0.49749100408140046 0.5463746269719498 0.5503722375726895 0.604699723148649 0.6603015272958467 0.6887481595722771 0.7534388426416475 0.8168891003916834 0.8454265615531672 0.8686465233044821 0.9108266048731194 0.9093707779719314 0.9286848182354618 0.9601632074103206 0.9762293961882864 0.9767383276592189 0.9845734949395282 0.9465663512652793 0.9229062696624475 0.9082414029655879 0.8886453452810644 0.8475187243569154 0.8511855437647409 0.8828618871665924 0.862713381463332 0.8512403872206 0.8364844695898317 0.7878998016654922
0.17282972739721442 0.18931124564090662 0.23200500455760295 0.2556011702007875 0.32037546277701967 0.32036439246904325 0.33892320438441426 0.35233979049541936 0.35636418117568214 0.35565929558731535 0.37690817779416097 0.38875402361706307 0.42284615623822847 0.40437320818557565 0.4298933988223002 0.49161546447470944 0.5088478212184704 0.5420975697099812 0.5946818715028227 0.6462330673699531 0.7452833879164725 0.7777723180382917 0.7674039128320438 0.8433893986973875 0.8840398810795915 0.870799201037996 0.8437709260384694 0.8880936082686743 0.9380800786746983 0.9259057884871715 0.9492467973040092 0.9888036646005901 0.9606420528629551 0.889686742393238 0.8326460536069069 0.8529184988729891 0.7702207003702076 0.8090889549362689 0.8663148726680565 0.8565568213562483 0.8516206738095852 0.8455065102978506 0.805044346482192
0.13349821140329007 0.15017634575272276 0.22608884993246944 0.23705289851259584 0.28612187301951963 0.31611418834135147 0.30045164392913537 0.3413937568933061 0.36638383954116893 0.38385235734461504 0.38564288985552836 0.3890837329167525 0.41822292083828316 0.4513385439477391 0.4391697669216052 0.48803846912433285 0.5555354354273399 0.5849101314279755 0.636256117476147 0.6566559211001363 0.7733888707584936 0.8006206533159873 0.7890767270743482 0.7945527915139801 0.811696057419981 0.8456665290962678 0.8357258521525 0.8224933495764288 0.8462050210031693 0.9287972866091879 0.9281790278855557 0.9232664131609543 0.898005262828112 0.8798959351477202 0.8312959693060397 0.8068111024840225 0.8296864867104382 0.7863363936271295 0.8088779395416883 0.8391809722475759 0.7753704465980661 0.7784848105764519 0.7679537998518071
0.05302718401086024 0.07049110427363366 0.14925073967115426 0.21247179762605087 0.22281631134009722 0.28342804193145116 0.26766795668869037 0.31988058929465985 0.34832578712944984 0.3710107542732504 0.3780177307958861 0.41172962241727495 0.3908520729681435 0.47178740546183734 0.4821052768956105 0.49945584756482925 0.5086871371972683 0.585798441649914 0.6572141184807497 0.6739771350041666 0.7638957272635778 0.7533895445461619 0.8247788381611023 0.7990247977947544 0.7832741666961163 0.7701705942365564 0.801200361175446 0.8373998900037235 0.8261090106511044 0.8648091762158565 0.8666488186185759 0.8905831547934273 0.8679137138341567 0.8987260686713952 0.901064153432125 0.834860377459644 0.8438390994045545 0.8225596133988472 0.7469602475451366 0.789598750327221 0.754120143682284 0.7597508096323228 0.7709304532892752
0.03475391279684546 0.05631005651381447 0.12466430942833981 0.15720440795810717 0.16144166842249963 0.21609932737396795 0.23848607933133625 0.28443090223562856 0.32727805073972166 0.3810446499104111 0.4153944133064324 0.3810574644235572 0.43680248043267467 0.4429371381238359 0.49826269151902053 0.489025562216763 0.5400085688838623 0.553925210117265 0.6061377940970091 0.6725453407314403 0.7078212826537259 0.7494881302578187 0.7610169754571808 0.7776495933433041 0.7947123824929132 0.7770237024276615 0.8160101926834911 0.8439051581224155 0.8219813567036984 0.8603326073675666 0.8654240683447271 0.8639149327384827 0.8511912339779416 0.9021287063680554 0.8697412913751837 0.8417003359471681 0.849392690453382 0.8437838202746979 0.7997465795416039 0.7497167946529147 0.7304203979540119 0.7672054754598864 0.7513044059793011
