Raster_benchmarking/Raster/continuous/raster-272.asc
NCOLS 100
NROWS 100
XLLCORNER 1743161.2429102012
YLLCORNER 5469296.1589082265
CELLSIZE 10
NODATA_VALUE -9999
[rows 0 to 18 of 100, columns 43 to 85 of 100]
0.17234083827432997 0.1697243792631357 0.13978890897202997 0.10162896051637664 0.08298565909453423 0.08449076932542093 0.09790361934581795 0.1408858211117583 0.1575556402698273 0.13509762913622395 0.11941911179285633 0.13222138307677742 0.10944045994425852 0.10536149413210533 0.07016858007116877 0.05821132301202058 0.04165780206899399 0.04114318345413239 0.06933211900186084 0.09459114668237 0.06350974844986829 0.11604202474625147 0.136531908791161 0.1959108015178585 0.264331345381817 0.31725665814817966 0.3471098316586473 0.3363881149860939 0.3588111387620883 0.37259895263832543 0.41747125366280236 0.41772472660207494 0.4154939543751153 0.42926274251825786 0.48179068699437394 0.5313062335856399 0.5165349211919107 0.48509793197604484 0.4814098310926967 0.4529402057108171 0.43291801496486787 0.4409316640499184 0.4574128694228334
0.21999122793076803 0.210886670614275 0.15277811036043698 0.11603855950259612 0.0944904486569772 0.06738534838252774 0.13091186189601406 0.15714819026219423 0.1765935350887157 0.2188159228388637 0.17041409042251665 0.11995365213703504 0.10030415025225249 0.0971259027134834 0.0701076344647638 0.022490768112192413 0.0 0.014917981039859052 0.03568738342235639 0.05604068427174601 0.11473906111028638 0.11776306703113978 0.18208300203301245 0.20429792581499603 0.22712703272010767 0.3086215872353098 0.3525298346725078 0.38385414712806526 0.3817472903284868 0.42138717796125985 0.44019096379533906 0.4481138907257783 0.4585002395087496 0.46876483542016883 0.4747616879392764 0.5177076427082903 0.542093631782358 0.5529020087233084 0.4798660822406569 0.4708977050533248 0.5031750158757636 0.4745898012305319 0.43897216927971777
0.2047998016868123 0.16747218628148433 0.1770376539593518 0.1768806049311005 0.11329254992578353 0.10509499767406227 0.14662033123346138 0.16512666475637122 0.14037467352361682 0.14605091753231944 0.19271196744658214 0.17919407115456595 0.1485755367149746 0.1146940779159992 0.08093427375491863 0.037478488580836154 0.039556810093896215 0.0776236540904682 0.0972655440225069 0.11390720607348165 0.13975122123200454 0.13827822128768852 0.20220865253883252 0.2097224398218723 0.22358986083686463 0.281424640159261 0.3571611860226209 0.3779543862942218 0.35368041667106165 0.3562688558867279 0.3875991682740057 0.40298982950599793 0.43436092817127303 0.4510641723503255 0.48463907183351207 0.5084311615809443 0.570938862978439 0.5466523894077789 0.5002389271082927 0.5047865752181186 0.5282608637553253 0.49989667279602495 0.47417834463123876
0.19981180438248575 0.18069794640013684 0.19525701376143245 0.19287737337481922 0.13969749489494815 0.15511239459942247 0.11872531629177364 0.1285495860131291 0.12132811278335492 0.15241203069594375 0.19214601304755138 0.17276574080167603 0.12914388116984984 0.1058415911831788 0.083858493122698 0.06462544607652665 0.10122389325448523 0.14285115378006275 0.14005468140136837 0.17854049232527636 0.17465669972924366 0.20016507205979367 0.18573728166057785 0.2141119885832562 0.22120026290448724 0.2762790321428068 0.3378559547290178 0.35748240491545236 0.3700978924171357 0.3647860250774115 0.41763216185651625 0.4236298121402034 0.48258562557947926 0.493414867598412 0.5439726286559607 0.5765140011483165 0.5534837841779401 0.5234132947874824 0.5085968939420005 0.527428200186311 0.5514268074003581 0.5185026708940773 0.5136835688139489
0.23385669847997834 0.25384728899456527 0.21425064967695964 0.182988759434353 0.17897943431365598 0.14537654087762708 0.13874361725008744 0.16669586951017468 0.15135315714390074 0.1750197044290238 0.17773103178294467 0.14815423344139342 0.1460930382896361 0.15360375060005943 0.10236276475768737 0.05983890481692947 0.09897247420048999 0.13898109114955823 0.1312863461146506 0.14296108538446112 0.1990621159205838 0.19060442769786098 0.2169036881959082 0.20852229230217983 0.22909774381360762 0.24229493803725133 0.3232533495355056 0.3357345992570528 0.38216024567397655 0.38083454630326585 0.4251156096081426 0.44985248341971323 0.4655205181385778 0.4882757267833959 0.5145089611357181 0.5602059114398714 0.5645407443852879 0.5478068249690414 0.5585382268460133 0.5535854408222651 0.5640712689253627 0.5499793625331227 0.5318445373989802
0.23067165609015125 0.26361274448901206 0.25289244775196373 0.18714277584072642 0.1850425527032163 0.11717412513012845 0.12086192338438938 0.14857047424151923 0.15935201091745418 0.23648088010760174 0.21694294430227823 0.15282285376375057 0.1723071630066117 0.13919691365834003 0.09205628478647251 0.07807926409670214 0.09655563734365334 0.150718205511125 0.16826403262755402 0.17034340174240487 0.20147669898373466 0.24578532485114565 0.20064101742336596 0.2301495857574105 0.26683123314808715 0.247896587339986 0.28976881494395884 0.2930263349256763 0.36485980675330126 0.4585577155137695 0.4487082656611432 0.4690379822952707 0.44975877659595137 0.4712415316436854 0.4885393134350523 0.5566191179072933 0.6005192627359303 0.6074774226442976 0.5881055502820485 0.539778751041969 0.5797154449667328 0.5475547660929554 0.5223525580039132
0.24038250944574527 0.22695606276656424 0.224918215706793 0.2155898871050551 0.18248577715647074 0.1798278823553495 0.15350373514073776 0.17796690902583157 0.20414947214938567 0.23267278517444087 0.2058931941266194 0.19034309457137544 0.16222241351101152 0.15985693376796073 0.11755374297615859 0.10568914119320068 0.09632335500999849 0.1663543443246022 0.16204868653834412 0.20273229855088515 0.2012511675894098 0.21098802786519813 0.22223333898036654 0.2237085945795071 0.28636872041831113 0.29895711114453705 0.3100464821668458 0.3227973978787347 0.3628278269258897 0.38882365797918916 0.4408506639096993 0.4697095874501884 0.49876051550608175 0.49680806037486247 0.5206188294205928 0.5702788994363206 0.5759901879996359 0.5670171447455528 0.5563792409702977 0.5653947482079943 0.5854122251536218 0.5422339359554077 0.5783820151974944
0.24662779185109399 0.25490314491837357 0.2567380792099572 0.26065113601176687 0.21696755557530858 0.14885077271978842 0.14365093387938543 0.17488790888157923 0.19646414402778717 0.1854625495735361 0.1943875400595184 0.20247974135647592 0.1470237937021469 0.13179671408960203 0.12253265170927422 0.10082409004999326 0.08529945798295113 0.15250878673622653 0.1301591951073945 0.19312372741374337 0.20646056681100594 0.22187224507073888 0.2577722610903283 0.26052911028573056 0.29299812743299647 0.33423745703271596 0.29305477217776893 0.3027085234771817 0.3391343519849957 0.4027824994245924 0.4460118645556574 0.47105057361187974 0.5077604496955602 0.5033476236612292 0.55327103082725 0.5667596131762669 0.5704286010394216 0.5501538663037958 0.5652745250024963 0.6128424219190669 0.5727583887631094 0.5715298799734946 0.5730378361736314
0.23429926743582033 0.21202390688446787 0.21872931251558955 0.22730783139215485 0.21955975441544992 0.1789167604900084 0.21445193165913756 0.21241789999209898 0.1541127596987182 0.14913953204726743 0.18883670099863128 0.15323179442364843 0.13820456467608558 0.09580654009182718 0.12530847081004676 0.10374355288093261 0.06862850547466255 0.13376034160716158 0.12489345831956743 0.1542908403735912 0.21649387633281453 0.2207836245190934 0.2453294999086289 0.24857884791260496 0.29108885166905124 0.32200619885953397 0.28966648993307653 0.29900142265444524 0.3581100929837682 0.3554209259043801 0.4109456525271877 0.4443328288443888 0.5197949214897588 0.5303513894695318 0.531908328313923 0.5408553605421594 0.5447804190716232 0.5800391404112651 0.5687695736552335 0.6324718105974982 0.6260500254437892 0.632003799104539 0.6180617398175153
0.23815877614291633 0.22912545776730484 0.2588073691964591 0.24159307968654364 0.26117867245199167 0.2386379984687765 0.24237523056941102 0.1837399308 0.17854228832784266 0.14524519100871064 0.15351456560908996 0.12205241908439755 0.07586433876183474 0.08522554386472364 0.05899544929550494 0.07301435973731636 0.08645146164385295 0.0675667384715397 0.10809668129433635 0.1496516025650645 0.17157461337351806 0.20523025768753791 0.20882891153083805 0.25275951944147174 0.30495993002449107 0.31784340725930965 0.28953029948954845 0.3170065694302741 0.35987354543833033 0.36198069158463775 0.40712814881450976 0.45881936508941923 0.5049852736675777 0.5921012100462013 0.5730381320029669 0.5835384096229864 0.5430544402875624 0.5482204568350143 0.610866288602617 0.6724606159808294 0.6627898657852298 0.7003115494282226 0.665812476915707
0.2248603003536597 0.25559433102035456 0.2507994211584331 0.26612193580538607 0.26617075303577564 0.28355786439449215 0.24544468204567252 0.17603061535694084 0.16671541765917622 0.14189360070620413 0.12316749801214553 0.07069496339320612 0.06765199718421974 0.08952380387768677 0.06150383018040283 0.05773917530184884 0.08153736265526493 0.148104076442251 0.13374883910426105 0.16406144323966806 0.20972087365080894 0.21570508385242426 0.244653164860311 0.2668731727047103 0.28336264989290516 0.3155065999355424 0.3263250995194936 0.3195729668260189 0.34904260871097914 0.3960375237593151 0.43263460387696645 0.5003469009796214 0.5542381425568739 0.5917500727374577 0.589493753363811 0.5740700136245669 0.5619828409328479 0.5682159263157902 0.5965291142142538 0.6599549153435819 0.6705528144675633 0.6810565697486329 0.6829082365734307
0.26415016295898447 0.25747540792188267 0.28452421728570787 0.2767124368455252 0.29145124555194024 0.26652724163181246 0.2871712948080354 0.2276899505595243 0.16249678259761016 0.1367380993484709 0.10708111217371495 0.09319820163307353 0.04811325079358075 0.04320150919884188 0.06799124586064559 0.07800649687591144 0.1389162355297946 0.1940997266387402 0.19341205785526194 0.21120707295694224 0.17773267894765504 0.1950705280024251 0.2600732464012797 0.2866012560732389 0.29277838727693006 0.27889155233153673 0.27706310568307957 0.30415072465251447 0.3803804776558782 0.42377927860551334 0.43259834546141507 0.4795765371844082 0.5388646677609836 0.5903812940641526 0.5868030944289964 0.5811813542717741 0.5783206841884351 0.5743911046705462 0.5990363541970638 0.6339808771303548 0.6518535425166171 0.6092605836151518 0.6584404876194366
0.25244179787908055 0.26934679532609995 0.2592921241420823 0.2948966407805086 0.30160647322903544 0.32027707676818473 0.28874543983797546 0.2842111141249294 0.23224891351291027 0.17862552801431889 0.13889881818804503 0.08095185444185464 0.07518908009997803 0.061455457175503714 0.0769960480508963 0.1271942004531447 0.164338209188794 0.2161808398855364 0.176673224272387 0.17156531662527827 0.18672464158159466 0.17604682068304284 0.2491867156161878 0.2777767564205363 0.26659802459478515 0.29462779695408664 0.3160247742677301 0.31143897230778805 0.3647554261952839 0.4464473591644776 0.4609590596879254 0.47188146579394946 0.5559373000884132 0.577903071520557 0.5694300109930498 0.5915651892090696 0.5546398987465583 0.5817036944520261 0.584837240288888 0.6406051537677979 0.6053184866715957 0.6009633521269084 0.6302059110102113
0.2900163310298411 0.3061750658811641 0.31421226123756424 0.3164912539815248 0.3006629144358256 0.3141070477889675 0.2830649563852596 0.27747764974243483 0.2457998749825905 0.19879814832405984 0.14557490856150995 0.13820263220449527 0.11741589722404185 0.10668151060570266 0.12347945645695892 0.18967653902717796 0.18037127767569786 0.21448947112499914 0.20409690274872186 0.17757091694964533 0.1631673148748597 0.17228646805270362 0.23518922894921546 0.24770816602702134 0.26678028893447814 0.311749800285954 0.3532532748404 0.3843856010425253 0.4092137431410901 0.42625670851531317 0.47730848321946656 0.5062052865630564 0.5324996968720626 0.5766612638627718 0.5757964902746094 0.5520513907330171 0.5952350436244218 0.5864251434615515 0.5697661438918054 0.6256808777040825 0.5838136522124713 0.576745528434129 0.5963914421954132
0.3208128580684628 0.30066143985651184 0.32026958870490907 0.3347302515438972 0.3099374206736342 0.29740949521874604 0.2948636151754583 0.2256493716218791 0.20524205680355856 0.20617329009617413 0.21699027157802564 0.19302287784080052 0.17455043279942473 0.1342422700145538 0.1635625485086413 0.17213083896355974 0.2249521151975448 0.22044565065080204 0.22709609879603054 0.16900985144632139 0.19268372910733794 0.21574693075750928 0.21520479554256772 0.23384988312201518 0.2795463471345395 0.34578476458685764 0.3289292390651787 0.3930158575398508 0.43220794238195864 0.44821087823010614 0.4928872431618881 0.5551376913432734 0.5363970535287236 0.5473503106148512 0.5641963087271373 0.5817871754851927 0.5709060481727263 0.6031050317668787 0.5758921151733849 0.5950239612053257 0.5723534243477935 0.5773633924413849 0.6284765605910702
0.3807203220528915 0.3656015372450352 0.3216324776151422 0.2945292436656044 0.3160935605642939 0.27173316539218584 0.2447742024329606 0.24710933827168025 0.2238826212958218 0.2032699066815662 0.21422805067147346 0.2643245781451414 0.24384503181423733 0.1927345856284773 0.1969384503049376 0.1974463082334425 0.2180228908611264 0.21020824592368698 0.2071120140761644 0.18752128612323118 0.1959578207025625 0.2320179934977419 0.25961349554700275 0.24633437229174598 0.27314816693791816 0.3611910725542767 0.37789909534983074 0.3710352833576685 0.43932528553544936 0.4872710616530653 0.5317553330210747 0.5740414640075177 0.5990421913540057 0.5789255342413188 0.611417714560354 0.6084052590784105 0.5900043251289179 0.5984147461899332 0.6109999119479291 0.5937616056432791 0.5583794044254613 0.580769119565484 0.6122146277314311
0.378496076291757 0.3534595817718342 0.33806369285878424 0.29394355210798073 0.3053546578489774 0.2531437182439219 0.2490233632459054 0.27990910255191725 0.2310152432095127 0.2727182861087797 0.2810718147461147 0.27420774858787966 0.2659016087409224 0.24068650587734888 0.2617592268448035 0.25587283019785556 0.26792712321202283 0.23043150985002758 0.25893912581783995 0.2814113347527434 0.2605442093213609 0.2934578160854082 0.2819472266249914 0.2705445004109015 0.31512006552926586 0.35131754068179355 0.34809101916960244 0.3546929134942501 0.394333776767047 0.44504428676363567 0.513335558942875 0.5892909702432741 0.5942889075585394 0.5825726511254908 0.5988988684055108 0.6383259042784731 0.589562894101392 0.5655709236352661 0.5737392322868632 0.5714843098888297 0.571870592505339 0.6028585093137496 0.5743863310873488
0.3598863557759352 0.3245327225719131 0.3198736054486462 0.33414983466876436 0.2933669695512432 0.30633926335828604 0.2701523542946074 0.27098126823084834 0.2896166471038443 0.26453188503356184 0.2712011522459792 0.29538209236488894 0.2744300504327582 0.305556136228511 0.2806697854910453 0.31106996096708045 0.3255818414800717 0.2588132043453256 0.3108488395473336 0.30784934134772823 0.32694189964589065 0.30798485380397994 0.30794755821994435 0.32820553604671765 0.33916574398881655 0.3282601870795304 0.3135349261412152 0.3555183251695867 0.3907755172660114 0.41853742728730803 0.46748844730613337 0.5766436213736734 0.5950291274464518 0.6733942936622715 0.6039873741654844 0.6368055447820978 0.5464972387463967 0.5106275191573559 0.5510176699054573 0.5343257000234521 0.5929201532392265 0.5873694738130212 0.5617601370245863
0.3545538040131803 0.33821947592688795 0.32235569405663134 0.30742225319078825 0.3214241743840416 0.34169915565185605 0.31826716592516313 0.2897546381461918 0.30792976253055687 0.28818100175485356 0.28576930989052957 0.287594971238649 0.31654198584567683 0.2842438184017371 0.3005685045406083 0.3157501410373199 0.36082778272848515 0.33139744343331695 0.32733728755331293 0.32316586768719696 0.3297982782074663 0.3058479272171648 0.3318224499896699 0.3688690442216866 0.34739072756424166 0.350253362627702 0.3089191001059885 0.3611375249567354 0.3972875528595475 0.4558197032004427 0.4715019676484793 0.5367778552646639 0.6148143348528764 0.5928694847637422 0.6160776759605218 0.5871215158573039 0.5333308406346446 0.5318532363139238 0.5298651945040691 0.572454414459287 0.5976010666003845 0.5937838614926031 0.5985014720666384
