Raster_benchmarking/Raster/continuous/raster-311.asc
NCOLS 100
NROWS 100
XLLCORNER 1743165.253287363
YLLCORNER 5469292.774965531
CELLSIZE 10
NODATA_VALUE -9999
[rows 76 to 94 of 100, columns 43 to 85 of 100]
0.6289590894135106 0.6080361144337143 0.5940232589606753 0.5599984548198257 0.5658677440708327 0.5520736215251157 0.48501648023241706 0.45548466318859226 0.4398900119794586 0.4148628502155174 0.43385909541275164 0.41228071766209556 0.4153309893166759 0.43649277750329385 0.4540703956849125 0.4675250365613597 0.5026038775606622 0.5021137195984616 0.4717854402070086 0.4538747132692588 0.4160755953627479 0.37229221949855346 0.38191899084796177 0.360297319604796 0.31942495851709124 0.30753802725329465 0.3175173791614021 0.29559927968090055 0.2821994496816011 0.28292967039698763 0.2799506582804983 0.24362796027783656 0.26991696352174116 0.25067406353734345 0.23521460981141132 0.23627754649015087 0.24962963802869736 0.22738477373368587 0.23045507633473408 0.2781861969954362 0.2741519242859943 0.2785255100139305 0.21805932606217657
0.6417976672706587 0.6323404539118704 0.6094818642292773 0.5807727453364336 0.5614859951225786 0.552063982859084 0.4950352241337833 0.45056974381078 0.4329130563401768 0.4429383603337235 0.42937578494435225 0.4502561859733343 0.45675573463425473 0.44353865211650717 0.4420080353584718 0.45910163911877927 0.4674116344472574 0.4844164778870244 0.46395351866613854 0.4579533392709331 0.3988934375590458 0.35264313313175477 0.33222915544984527 0.34682074415464054 0.29950578314624066 0.30266799671681865 0.28070840181279383 0.3032953639347687 0.28456402184316604 0.282912978304318 0.29614058194455634 0.2626285250514091 0.24985978271830966 0.2772487335408347 0.27820198102681704 0.27341856163068695 0.25234203400493793 0.25162175569235506 0.23899341985349415 0.24246555266948677 0.2564432312874994 0.24388405477241695 0.2117606018136696
0.6111425419009306 0.6398913118462721 0.5914163297842089 0.5617250247642598 0.5491982769478047 0.5216738543245035 0.5093771391968244 0.4706732702128098 0.4569006733680135 0.43573130145902583 0.43017874620653684 0.4775851063487674 0.44687744186894024 0.44258013715147054 0.442045324832128 0.4521950532160767 0.4246754905868577 0.431787768811033 0.43773502091783767 0.43498943488834163 0.38277293347436875 0.3370646494938119 0.3528717354802596 0.31885812532741875 0.3169984656199003 0.28233065464461465 0.2834243498573867 0.285719909083963 0.2807731291766629 0.32248194973724725 0.300460015232217 0.30123000191979993 0.2722900478392674 0.2750491773907058 0.2654592389037627 0.2742359211072852 0.2793639433817437 0.24519288295741856 0.25423520421141615 0.2758361336224791 0.2608385245400952 0.2146064063222711 0.1918186271304451
0.6129039091714102 0.6197878019642822 0.6091960303701127 0.5888940104625752 0.5385064824885029 0.5374045277063862 0.4926874678769181 0.49471147153117745 0.4646013987200023 0.4645361969117326 0.4575724078505192 0.49145043848036124 0.4829678657751315 0.4704504493119487 0.47541280712746664 0.43537427806453316 0.4241085739141349 0.4186268606106267 0.4421866726906955 0.4111547276090812 0.3680401580826779 0.3637887292974172 0.3500157770353438 0.3307004094292336 0.32121941292634687 0.3030373920513208 0.29650356255496585 0.2759121758169649 0.2955467328916707 0.33151794737450396 0.3233951610824358 0.30545870217437876 0.29971582430192734 0.31211540552677464 0.2912832802991246 0.27385677488283966 0.27230579369091573 0.273495434562403 0.2501473553241332 0.2655628369026023 0.22783242765963796 0.19559386907347076 0.16174258093997465
0.6424086403327193 0.6569830477520313 0.6218042870702649 0.6118523233364728 0.5520862382928335 0.520709200447948 0.5250290720854791 0.5219642385970116 0.4824554900527498 0.4936652087781608 0.4599735160946558 0.4972092759826265 0.4659541091327527 0.49178700007898996 0.47530580421222896 0.44142235733732327 0.43261053788359144 0.44546362404645423 0.4408867472851473 0.41879618791495016 0.3646379035057117 0.3352949967431375 0.3456651168657096 0.3300214531107074 0.29544831737357846 0.28324824368990703 0.30122891259524215 0.29302279771648904 0.2915557026805765 0.3194444069502115 0.304468730410326 0.27726727418523217 0.2860816569285612 0.30374824074451323 0.2904390284062158 0.3036210160911719 0.27850028478071925 0.26198810600623756 0.23740930801998994 0.23249536720018207 0.20941648911251043 0.2079017207282261 0.18242341608178128
0.6354704593478704 0.6390628077427215 0.6242226046549064 0.596360988086685 0.5869488678047047 0.54672266534576 0.5219989168782034 0.5135511325709305 0.5104456962125371 0.47332262427781413 0.47134453853747577 0.4902958267955286 0.46066593251500176 0.4401451254167173 0.4509865707213911 0.45440766323271986 0.44795719733947703 0.4508291631798918 0.4310627945275145 0.4225818436053962 0.3920990132905273 0.3535773998602813 0.33453402358540923 0.3436020402173132 0.31810257028334776 0.3191680034478318 0.32660217608595893 0.32034791442658955 0.29612774470984204 0.29452627431486134 0.29363246806263044 0.2932369428253832 0.30339616922144663 0.2889735225585432 0.29976696301613026 0.2930017946284909 0.2879938567538465 0.25716181711326763 0.2251504404474016 0.21485799645521114 0.19173030842242203 0.17763953877360272 0.17759431250686988
0.6451161744121577 0.6217564631707954 0.6115735623820399 0.6100425495733636 0.5969975684367875 0.5324751532911944 0.5064767714682564 0.47596826376524326 0.49844542731977787 0.48269952330797755 0.47040248624361736 0.4606654834502002 0.4398148296238233 0.432463218239758 0.4153375049567083 0.44715204457033325 0.43178246020505806 0.40525988541077074 0.41328674964876205 0.3765510605159876 0.3868985737199646 0.36213633106595405 0.3295658513840781 0.3408124399435206 0.337866069353719 0.32922619275190074 0.35160252044686513 0.3355948207754371 0.31049283438025566 0.28337683109087863 0.27957169673720444 0.28870915989410584 0.27159556010644975 0.26416779489337844 0.2922473344619451 0.28217743412615065 0.24672248631435845 0.23720464988856832 0.2412348722893622 0.21925327566293965 0.20540602741478742 0.1665331983584481 0.14912634072080028
0.6419501744202765 0.6202471718090533 0.6186271083695849 0.5878745224155673 0.5885769334312444 0.5466508171290547 0.5062545453374894 0.5040106269633106 0.4834159036575175 0.4803096761777618 0.44097208169054936 0.44421682549086217 0.43208606500038216 0.4185201399561316 0.4037469662672657 0.4328250408840828 0.4241649979890928 0.41238694526057484 0.38089840725236834 0.4037737986592684 0.38737644748473854 0.3759058999944897 0.3272271867862588 0.3396890324153312 0.3509536826512036 0.3404721025506509 0.3622773625249218 0.3203815798069823 0.30649685427016915 0.28789781913657225 0.3067172488764771 0.2874544364966806 0.2940757624773832 0.2653339510249263 0.2684969232040022 0.25413023482945457 0.23872204561797994 0.23996636327122509 0.20857113470153818 0.21745279287040592 0.1756064949290736 0.17735828785473634 0.16167390248623037
0.6130511388422385 0.6175481941520777 0.6329179304751518 0.6063193659054644 0.5724359039888527 0.5463186858040469 0.5331058764439526 0.5239607223834057 0.47898107360704484 0.46132286107718057 0.45730101263820544 0.4333030541370562 0.418584637462394 0.3978151907161719 0.407951777638117 0.3866894111743309 0.3991085455581683 0.386092014974365 0.3721170096169262 0.4070723059982639 0.39544976487082034 0.36006852321315064 0.34345494017384703 0.31428250423222287 0.34378203987661704 0.3601084774286745 0.3480760165407974 0.35207847808450826 0.33827214574885134 0.30598879938628176 0.2889584905522713 0.2930520075734601 0.2973658307150571 0.2812302299511799 0.2798820405567239 0.2810842639113442 0.23886563705685226 0.21909911037158084 0.21906361219094883 0.20374192612691788 0.19950612573507562 0.17182749515995882 0.1998818601444512
0.6243717000642086 0.6249665077050771 0.6103932676654369 0.570515981270125 0.5676022054963124 0.5399530515492468 0.5408260336289633 0.5032757137940551 0.47575414073242794 0.47621201590257045 0.459593831539605 0.4529484849305665 0.41654393122272443 0.37781106625668603 0.39315162909912105 0.3804032078293225 0.36432750722879836 0.37843040312779863 0.3801411528950708 0.39764241546540147 0.36476133092927615 0.33829876822377425 0.3499760955501652 0.3377940690854115 0.32415165357685694 0.3168864510335101 0.3306284146203474 0.30914120224912733 0.3151592069002341 0.29390166214385083 0.30350977040489024 0.3148052602003976 0.29682187719451086 0.2936501789897655 0.2910157075074719 0.28097078944129605 0.23035014962147313 0.22976024354144967 0.2203798191244779 0.23248228574191834 0.21087381996042154 0.18053249385965278 0.20665407445756598
0.6126118217463221 0.5975521013394234 0.5723782832902319 0.5516672176882069 0.5527399173033171 0.5541929051212995 0.5154651469428686 0.49611236467981207 0.4874456142930532 0.45820325054787325 0.46576229925438395 0.45379507231300364 0.42331119320659133 0.383426284287111 0.3918215041367127 0.3832816098109871 0.38506659264935156 0.34787557109881817 0.3617955038034985 0.38349069822942367 0.3814032117822168 0.34656358325333386 0.34308778202846724 0.32969183652435324 0.33867704748072314 0.31113994008659085 0.32271367537716855 0.31591700827805375 0.3026714293686698 0.2836460844762212 0.3005950495741533 0.31163674409849407 0.29034707068794763 0.2901919112347812 0.25215525278250994 0.26242954322802364 0.23852183048784248 0.21525480918191864 0.22729531683935067 0.21874317783943434 0.18800139034967203 0.19642890465237373 0.2223843285112194
0.5815929505440015 0.5769278449565675 0.5555250942157025 0.5527064974103588 0.5244391792348723 0.5293419340785472 0.49411494167454223 0.4714985974710648 0.4556485439246775 0.44182576369325743 0.44822261611000014 0.4452661591165764 0.42666460161492337 0.3999839961354263 0.4113058746249838 0.3818896482825147 0.38580083391445474 0.36867902725471074 0.35425845398438255 0.3980716610985613 0.3855262858070949 0.3514199266714585 0.355820683486316 0.33521015269398774 0.323244770260014 0.3175578384733852 0.3206589205666254 0.308075530484661 0.29182803537099294 0.288899870175261 0.2703008161971408 0.27320246625694267 0.2677523610259597 0.27284687857034656 0.2400347522468037 0.23065547845663983 0.20215146084751304 0.19945411712721853 0.19588460959247006 0.18421143707647858 0.19442113813481915 0.1846199586698634 0.20032699333148019
0.5569799371721326 0.5299536388687127 0.5441155839817534 0.5379601966927113 0.5063312982051056 0.4886280479842918 0.49515519617961334 0.44470221903641954 0.4596999566518239 0.4264558500907256 0.4388441130438245 0.44003807052524546 0.43927041904763786 0.4234161997552892 0.3848509475504901 0.38461266981760567 0.3844790705417938 0.3679412354290635 0.3594598315474992 0.3895843907194446 0.3706690895799859 0.3507874701044763 0.3587443706145146 0.3619949952391523 0.33467778814533095 0.3434653015716585 0.32505012740279215 0.3048021540117845 0.2756679111689538 0.2724981094113445 0.26783909262320854 0.2568402931896496 0.27663270797789463 0.2635286055823823 0.2106172813058772 0.19381219719899995 0.19631132267091056 0.17038530742085525 0.18796186289350766 0.17441427246404245 0.1841760848272344 0.2266692243917572 0.21813695174905298
0.5529808556387277 0.5349280944171212 0.5252529959434742 0.49444519309337254 0.5167224501912752 0.4871883431678709 0.48200123574620507 0.466681355406821 0.4598810446646608 0.46174728448652164 0.4378881995257725 0.4188125665591146 0.4247728906484091 0.3939057746180509 0.37049733945624597 0.3654523736878884 0.38334563597111565 0.37866644096869406 0.3785695977198805 0.36646258243961705 0.363003368967501 0.3708348724661613 0.35389777628394 0.3696457928331174 0.3692229956152182 0.35025828363217487 0.34405021207470166 0.29260082686940464 0.27217830003329746 0.2591924209021933 0.2665428765565956 0.25023455501914843 0.2696166861064149 0.27052358008490685 0.21358583886591198 0.18075911843943945 0.17661010998535667 0.1561277517427725 0.15497716171102757 0.1616350597048088 0.19048949596669287 0.22012704526878477 0.21406579749295607
0.5017725832181624 0.4779762309610696 0.5036435128077426 0.4762040568731018 0.494179598232828 0.4919549439045108 0.47854131617832085 0.4867219925270654 0.4570401063632136 0.44718523391303694 0.4220296376895623 0.4351247760091421 0.3947169927047407 0.37371946673075923 0.38006453296565473 0.3687702038135533 0.3388078448769593 0.34863170290323386 0.34150182627038494 0.3648611318506062 0.36257050849302597 0.3966535480508727 0.36296602386790683 0.3657357758847717 0.3724071187972622 0.3637807246436602 0.3193307356096574 0.30042794375825477 0.2917330654135753 0.2775490263398071 0.28714929782007353 0.2695891080999952 0.2574583213846537 0.2768845595073426 0.22729446297275932 0.19452674134496947 0.19679867936859521 0.16752477485474868 0.15854602566689957 0.15334347436211712 0.1530985886530906 0.17358770640795657 0.17859663641381804
0.4900819989385592 0.483594532285395 0.49931341297423587 0.49028220128500205 0.5071292654830644 0.48694815375957595 0.4839827563247496 0.4689521942705137 0.4534671642282523 0.44053732131827933 0.4326501342572268 0.4195917326437735 0.4000573826271647 0.3647483165009376 0.35354752288944347 0.3651669811844261 0.33086567579650267 0.3136443517537238 0.3314084343996585 0.3488939586107707 0.3718328918603327 0.4003150729084146 0.3695490865528812 0.3682414396825932 0.3602876968383101 0.36029099519164914 0.3406887053703392 0.3161464944242105 0.2994699987869644 0.2898120171073056 0.2731859850955161 0.2744370181688333 0.27127356281023723 0.272040323341796 0.23931768410912488 0.24489998179453076 0.2131873040568764 0.17682866297166236 0.16349945788766038 0.15269826207487955 0.14915573448825042 0.15466361045738267 0.16960494370185628
0.47622053256489305 0.4698831727674422 0.5073089247332712 0.524246214816626 0.5090532566093695 0.5236580039976293 0.48573806106581585 0.48205961439251194 0.4404187152918441 0.4399456865062925 0.44489050559598714 0.4467145830949071 0.40317958092036194 0.3936849440952807 0.36045844332535515 0.33881322315264617 0.3286545424138537 0.31220005900064757 0.3497325233492335 0.3491414487773124 0.377088631174254 0.38728317591595307 0.37029131276555866 0.3689930948160249 0.3481822258725237 0.3701392522083999 0.31957063940138264 0.3193052382111996 0.30124061985581885 0.2525395601815063 0.2514069733015662 0.28596640921336725 0.2865186153387587 0.2964167957724736 0.2781937282067906 0.2530166669794164 0.19746315861617536 0.17610267474412303 0.1847591882615902 0.16737800257437593 0.15868051673068836 0.15084625329427745 0.16951391604830693
0.4947959850694368 0.5110991118161995 0.4920674742461616 0.5242222544020547 0.5124031334121623 0.49526646183950973 0.4954553791165933 0.4828887244239335 0.45298518954720596 0.43295938942176687 0.42398331483229834 0.4063562137711792 0.4071073090516564 0.3971496905205703 0.37109257042811583 0.3481753790530837 0.3160856768746225 0.3343872351963849 0.34486909558500406 0.34442190279097074 0.3619513470401062 0.3627480715296894 0.36962762061285803 0.3859215092013095 0.368967799154853 0.339444581772723 0.31743694815984985 0.3242828591744282 0.27359006694299043 0.24839567315438468 0.2610157100784331 0.2605684451950851 0.2718910295646631 0.2680686855501044 0.27179693468844457 0.24757689618861636 0.21318668036593927 0.17775482007860957 0.16784652098223055 0.18686758353950655 0.1451485609978949 0.12985788750976152 0.1567504045869294
0.5008082306140986 0.5227402310778368 0.518129293722991 0.5294600145900078 0.5258736757363975 0.49225786770833885 0.5037870496531339 0.4663670468225743 0.43117877388613707 0.4004086396584667 0.3829199570870759 0.39007826176259874 0.36338428391407684 0.3527991007127019 0.35501140419859345 0.3436385618355822 0.31419514342922555 0.32764744681033464 0.33268830615120293 0.3382801300105946 0.3641852355502151 0.39428433117014366 0.36297465008642577 0.3701706714944046 0.3338032463998304 0.33209503968254306 0.3388530305320941 0.31283626996911074 0.2943608713009467 0.25064804454724693 0.2503461991142729 0.27792197363071414 0.2592971600521447 0.267122844378492 0.2631997917985023 0.24651582850012924 0.2340353040996121 0.1900269661207452 0.1953772994753469 0.19057936478415147 0.13670916026260754 0.12005817563423138 0.12731115478637595
