Raster_benchmarking/Raster/continuous/raster-150.asc
NCOLS 100
NROWS 100
XLLCORNER 1743163.4195163774
YLLCORNER 5469277.995914267
CELLSIZE 10
NODATA_VALUE -9999
[rows 57 to 75 of 100, columns 0 to 42 of 100]
0.0495083877929607 0.030924156584454757 0.04285565021500937 0.07437732109427883 0.07368922573214622 0.13114914232861857 0.14499008203826333 0.1814122379692267 0.16797603421224155 0.1901052890955919 0.25789864823021696 0.2518243637298053 0.2750251477003256 0.28695011165972684 0.26512712516888964 0.2658073538885984 0.26320354178070043 0.3220096586993881 0.3126590454663834 0.27566804357288277 0.22349325713045082 0.21687074258372732 0.26216352657417485 0.2549068473296845 0.3065361564738692 0.3367601195419283 0.39023044418452696 0.3609739417049357 0.3702742555331321 0.4049973557105125 0.41480708750152356 0.41012727997975884 0.36445388833163994 0.341364209645596 0.32033383244524427 0.3259993599484372 0.3241838887024629 0.343220886498185 0.2865327652315645 0.3010237126257241 0.2752258433454635 0.28655269855313104 0.274667126872
0.09484162688001956 0.06220746226975932 0.0723257681627497 0.11371083246848294 0.13089555317936885 0.14929386838473216 0.1738329578342272 0.1961690008147778 0.18744737255570632 0.21165007585639045 0.2578407085744494 0.25202914726026493 0.23587754782438214 0.24939481924420465 0.2657445760102566 0.25719504333999316 0.26660239913210787 0.2590051811956736 0.27995076642678945 0.23167287347261753 0.2061899341383136 0.17502606993541525 0.197540107641353 0.22632861089218956 0.24933994140889298 0.3244131692083249 0.3368301653377771 0.310703539797223 0.34652995398963216 0.37606862045671247 0.40327344265299875 0.3480161236731191 0.33771199568374005 0.35748479979860043 0.3172427937885266 0.31448011540334264 0.3336152858999387 0.348888069356663 0.28392293071786584 0.3104182929853856 0.29403331508459374 0.29700771368034373 0.3037790983398017
0.11832808747715849 0.05496002879729361 0.07011186970813395 0.07890653942140856 0.13496392136647523 0.12114040819920649 0.16556677795420394 0.22512138485268 0.20416867487184284 0.244072826990192 0.24805272499938383 0.25581109431240523 0.22723899993805935 0.2530992997809732 0.24108887121959277 0.27839658187277566 0.2584815186379641 0.24419125239438544 0.2418102845743963 0.22987069488849732 0.22314227389951313 0.18955076611419747 0.21866466518241218 0.23175883337127834 0.24147489363686464 0.2731247754850282 0.2638167099596251 0.2667254213495535 0.3201757242828781 0.3735775322386964 0.3566053900541937 0.34388836367688147 0.31270187696768514 0.3196720880826905 0.3491344969623173 0.34359906076821134 0.3048482725409214 0.33359903931148055 0.312948069030109 0.2617282161136981 0.2996081488499549 0.3326135502200948 0.31526415028708865
0.11269212556519502 0.10274917410441373 0.10311222404969865 0.13975059354395786 0.11878836560289932 0.1561249829380357 0.17974442380517902 0.17009699953677965 0.22901668116923254 0.2550823250683456 0.2197849778320611 0.2387028506633029 0.26117372842349446 0.22984039433190764 0.23995185711657305 0.23283112859854252 0.21900894702891643 0.21896773470814743 0.1927693770098547 0.16911178959380294 0.177124054681943 0.1784803774535771 0.1861522859200285 0.21825378390298836 0.19935919090787954 0.2166425273847105 0.25139231020322195 0.26515906816533596 0.2979007938652402 0.3342834006740842 0.319119280538451 0.3286378119491908 0.33488935470588355 0.3561770706174859 0.34677155328986925 0.3369580118347761 0.29278272111972725 0.2939110601393738 0.261321969338209 0.2750841430193753 0.30855724230162007 0.31179243440349513 0.3348105818891402
0.18263545566450168 0.16224157125107716 0.1551502886405403 0.17283129183641052 0.1712764323981812 0.21779023698461583 0.207635803473899 0.16203256579876985 0.20799749135722737 0.23974896825914943 0.20419180542362067 0.24937574465836593 0.2583050707926334 0.2319032061969965 0.22531569903795848 0.19311152711107746 0.19188398697476017 0.15510690316227985 0.17222436412960182 0.1531673586627599 0.19198034842663259 0.19198202621222651 0.2229647354142425 0.21062781953615808 0.19829725954197341 0.1998049689427174 0.23983628714497007 0.22190884057368684 0.2620077174957343 0.32220503619244695 0.32304576919239464 0.30097834886846886 0.2984367769511098 0.31493988006605056 0.34097303233264814 0.3132255173254657 0.29355987303175557 0.26424099064518797 0.250548599598149 0.2508499054277124 0.31289316651460386 0.3355260454261068 0.3181180720522265
0.2006472570546146 0.18430766442447277 0.20602909405711176 0.2201689941329099 0.21516621901999586 0.24400747947510226 0.21371136483200384 0.19864285042102015 0.1721130322219799 0.23222545227386274 0.22659041636226407 0.23352759411705457 0.21354064734692052 0.1974054208540466 0.18500661089445072 0.13798774392097465 0.14752896169889565 0.09547887930668593 0.10976851135042132 0.15411000913063294 0.16846636826629807 0.1657690442798247 0.19449391543048145 0.20257628117468035 0.1829485073230198 0.19940781058272003 0.20770847718828406 0.1837440749739887 0.20986160250760708 0.24377633408138086 0.24736811605851608 0.27929204439893557 0.2994456361574542 0.2985397871763487 0.32684396979684355 0.29179261166049614 0.28533149807823527 0.2740931004140432 0.24691774833552635 0.2760525243130688 0.25393484233371694 0.30868060038877254 0.31669083590234814
0.2290884304155226 0.20052201226025007 0.2160112259016429 0.21638081566602843 0.2588157688536716 0.2675409518451811 0.22341812580218665 0.20257539164506347 0.21497000647999 0.19758640361582033 0.2237372299128078 0.22375838740264667 0.19827237782286963 0.2124559034003856 0.17918457752124675 0.12602597462973242 0.15093526495567974 0.07838545722149852 0.08150335451211606 0.10581132355359178 0.167630009303824 0.14065373393762357 0.17396505252065536 0.15024137387476366 0.18714717084063062 0.19887465060222576 0.17124239695917978 0.18504781935564485 0.18918829094997794 0.20999768336939553 0.25131057390292394 0.24837206616446728 0.2810790841349517 0.2998214388012114 0.2777132441223964 0.2702421230697327 0.25608042417168303 0.30345895967596725 0.2828402472482346 0.2728457260974887 0.2471569234138969 0.22372801822932448 0.28248688995212334
0.23022147104576268 0.2312188421651188 0.26253106031391893 0.2767629385858121 0.25753731988498874 0.2539134251079072 0.24177020998033685 0.18912186774730697 0.20737648051755336 0.22178156541962854 0.172029031570312 0.21012286151094606 0.2161211269956367 0.21017495462025837 0.1384427491917193 0.15040456951793035 0.14653661306789803 0.1380916677433254 0.11754445425020237 0.08533553061231441 0.1386586118439059 0.12323200936975211 0.1741378873255716 0.19037003155036367 0.1557559065934611 0.192658342123216 0.16494382480165992 0.19561295324534483 0.210528088723447 0.2003647446703818 0.24575531144251028 0.23747408973552936 0.22040790839424784 0.2577663418555743 0.2456400209326796 0.24027572730999627 0.2570728504720554 0.3094906039252229 0.27403082796847306 0.25183831164230935 0.23629723780202647 0.22925480413365631 0.29157021036702296
0.295392743310628 0.31154462675003236 0.25686861467572136 0.2590899014723587 0.2714104253768854 0.27405389499277566 0.26963732352329833 0.2126309866002622 0.19388108108800473 0.21571012652465169 0.16678916090176327 0.14376078310701088 0.16153095558180205 0.1782569129016867 0.1612137943640679 0.13533443853921373 0.12153180969814278 0.14198693168023976 0.10170003683814653 0.08902214382959381 0.11194974629069218 0.1262182352735502 0.15573910622654177 0.20809724505187374 0.16637619418515068 0.17462561263997906 0.2062997126423453 0.17020514944663312 0.21222568926055166 0.22282700439935688 0.1898239317888936 0.20010964230143574 0.21454314146355133 0.2004254736291692 0.25297441920441854 0.23035517683387952 0.22756885139122915 0.3051832742051685 0.2583589089554974 0.27035261947555844 0.2587024340626814 0.22096665904634133 0.28584877197613484
0.31414523989273346 0.32570411259869114 0.3052990698168483 0.31132359188648395 0.2855382510524978 0.27588464100752136 0.2789440620467366 0.20720614920026664 0.1888528082247079 0.18572913749433487 0.19534306554488298 0.1916515534651873 0.2003970765874093 0.1733412022114886 0.14999118251584156 0.18351725193186666 0.17369917340265822 0.15774095218042458 0.11624266974949311 0.08907064958443461 0.09762691378527295 0.11520797945866346 0.11695033871236202 0.14974707216532077 0.18173633660638677 0.1974066102868039 0.2003930599497 0.2198397730377768 0.2074264028578352 0.19924279540365575 0.17100540495913344 0.18421346395173765 0.1674932290036527 0.20439712751651737 0.22145718883196025 0.19785591250972073 0.2304191879638952 0.2714963313477432 0.2966417703553686 0.26467935386782854 0.26605023724169635 0.23764480882977834 0.2511446099176962
0.3490609866913175 0.3376328571371852 0.3076818025193576 0.3395543624468824 0.3084127593496934 0.3147489406276593 0.2884690653049587 0.23830740853238563 0.21091070433693854 0.16339887908391282 0.1870264528108864 0.1835631925757157 0.1951050614861382 0.19249831190833722 0.19030634334231322 0.17623395914239123 0.15550790982889673 0.19131331593792578 0.14295475329825524 0.13978911413698913 0.13229161006330556 0.1199879732080493 0.12391125174866027 0.1313112929249174 0.14551184769918324 0.2020900277213529 0.2242734156799595 0.21474508522306573 0.21256470595958016 0.19213098775418752 0.1845332887438949 0.16356742788190534 0.15936693508390423 0.18605144709581714 0.20678399145818802 0.18781771827620794 0.23514829456955053 0.29840298339972415 0.2805914737733219 0.21342931030910248 0.2370696875426282 0.2409787021162775 0.23574960757801908
0.3519885977863335 0.3163442029288899 0.35139893936790223 0.34087454455683935 0.3164590098179324 0.2882680649496446 0.29011297166680244 0.24472957866905373 0.19353999942574437 0.15965946764808048 0.17827758513199965 0.18262658638108586 0.1751024980933261 0.14610903623366647 0.15849381947247998 0.12778868758975703 0.13964688416908708 0.16136161085070272 0.12250588945184993 0.14989028018943465 0.1544281533850159 0.15527698581182806 0.1829935811545999 0.1662283051318672 0.1691507849789831 0.17619259859007755 0.20049679546362753 0.2034426212215628 0.20336629908553372 0.1665678639736146 0.17927190240048888 0.18068083330651613 0.19490930869223227 0.1948819418233515 0.22413779669511355 0.18788972312993268 0.23546623625998214 0.24037736220148795 0.2642883936111859 0.20777361607971162 0.2266961421434609 0.23610404909150368 0.2251277441832186
0.38321870803401986 0.3284719183650469 0.3588670220484093 0.33506541494198794 0.33022772414959645 0.3077194631763329 0.2805842904936852 0.22613643262702046 0.23011098493103968 0.18403772166158935 0.18491889038501727 0.16046671349334435 0.1482773245435454 0.12461314231418778 0.11572241431532695 0.14526368104057547 0.14013401427269845 0.09349153106266389 0.09244471887520225 0.13644856695177898 0.14911162969955824 0.18288304617807574 0.16742468024973378 0.1894490195144474 0.17577097460420535 0.1900553302412305 0.22088707396448903 0.18978490175343254 0.17524923864993516 0.17416269234978674 0.1970963550395279 0.2537520035177629 0.2751460784341672 0.2717719699747234 0.23220757172925638 0.21587879570939203 0.22307530930109742 0.26979796466454015 0.22976654545345548 0.22552069937621066 0.21722378335780845 0.19780643792072977 0.2152724315970498
0.37491296163514104 0.3419546340953957 0.37085063964020426 0.3774363057917103 0.322482636275049 0.34014815124549186 0.2745428967144122 0.2593935656337145 0.23012112889063657 0.1877149532901565 0.19228431174719712 0.18990035041528855 0.14708743014021639 0.16339406692411337 0.13187344443026808 0.09597574751654647 0.08909971713563328 0.09151012406170134 0.10755022545587756 0.14321695127976078 0.21195114911279594 0.22086108213088243 0.18836364598945074 0.21867686565207156 0.21573227556770014 0.2155995801965317 0.22798711187594786 0.19056829516788618 0.18738145116039012 0.21541963682579937 0.2170495828399781 0.23618361243116318 0.2664842178484658 0.2297593975822867 0.21426603713889147 0.2149050292872726 0.23967734971864033 0.23350238147571106 0.2520796695651146 0.24111831890386606 0.21041775187042677 0.19060370791744305 0.20303696049314326
0.3811817978565251 0.37739870857121366 0.41347810688082 0.39499535733921975 0.3625678943139352 0.3655425301248777 0.2876625862022109 0.24487213289444293 0.21906575229139008 0.1738657169727323 0.16283860242188103 0.15325212232081709 0.11926268719142662 0.14864471283083855 0.1575644555442245 0.12130342104011238 0.09638908499891302 0.0813898602678711 0.1415992458272697 0.18993552735230942 0.22820366071159867 0.24727215129648436 0.22118812947399275 0.2521272240936703 0.23615161082436856 0.2829899395661665 0.25720616036084176 0.21151633429034228 0.1994687597567948 0.21144271986154786 0.2666778865658013 0.24487757185732625 0.22601251263455185 0.2393650419194191 0.26059958968169067 0.21444230853229887 0.2650099874180251 0.24848919427683652 0.24657976843492424 0.23141462989191608 0.2429433860466523 0.2471050438813942 0.22217315458107562
0.37798549528233233 0.3830879342227887 0.39177215047277353 0.356946242482958 0.3458735612567735 0.3421764216682356 0.27933840252103315 0.25337624244017204 0.23052432581462845 0.1443435893635017 0.1381117923555312 0.1468493630271945 0.12459598043262546 0.16545556081175217 0.14083763591033724 0.11736891773345463 0.09354703969935062 0.09676923517963058 0.12009352734104443 0.15328050090691495 0.23230188647608485 0.22503106872718245 0.23296928230404965 0.29350656538410524 0.31247155729252024 0.26746117415027104 0.24150550461295567 0.2419995429071374 0.20508488050957452 0.2580362936071092 0.27501590746677507 0.2566744308408093 0.2622092421337451 0.2750115200689857 0.2702774821304944 0.2779361430818354 0.24321307516562396 0.23648544921817294 0.2736395810923419 0.2697241163505991 0.2520127446190038 0.2469297979985465 0.20553943968416036
0.4106685026248424 0.3925163951471274 0.38693070965667714 0.3827494398694567 0.3228205518109489 0.30722753664897023 0.26573724182170455 0.2778256857301403 0.1827963831625247 0.14701383018913144 0.16850380044290514 0.11995070935874771 0.15988121940100758 0.14105593291950885 0.14743320659188736 0.14048251223031483 0.1406623988029054 0.11775453078579673 0.1165396398090031 0.18209606995999889 0.19757879456667968 0.19396912108039202 0.262398297834602 0.2796339978064105 0.3302737279846663 0.31901144497102724 0.26149597677166814 0.2702836995503601 0.21553539194839139 0.22906931821133145 0.2651061048564164 0.29617645932992365 0.29282403830454795 0.34295476251599255 0.2984865974636568 0.30392705971846523 0.2794508800775834 0.2554920887542757 0.30989293523272304 0.3030201490441995 0.2526131754286035 0.23922697140840346 0.22268374605331123
0.4049218211365668 0.3978871063465873 0.374709297859906 0.315692273751549 0.3096485556145119 0.26668533475594086 0.2630214530746348 0.25314194971925985 0.17386270991910627 0.13179363915598225 0.15321679513507805 0.1353247415529941 0.1697625524143489 0.13279276352199385 0.18200870845404332 0.20091911794318165 0.1988450378874821 0.16735046579063456 0.1542581501118052 0.21412193210021868 0.22323618525115527 0.22916795631911205 0.2657740079209664 0.29892190946942504 0.33505669225913337 0.341802487447942 0.33101214010210694 0.285774522915426 0.2760301062177377 0.27416852798087205 0.24186094217077872 0.2904455348695071 0.3454314128481915 0.37660233482913635 0.34342338622224355 0.3367944757758038 0.3415151000488049 0.3218976617879726 0.31713322684290157 0.29971099160661846 0.27207889515709166 0.23099633450930337 0.200741455283915
0.4169805856651712 0.34104379534960155 0.3241612240728106 0.29624411058748484 0.3071954518177817 0.2768634953556362 0.23980709951718593 0.20343875631240177 0.2032650728320957 0.14576584241323448 0.1329803138548652 0.16225563105030275 0.1390523787748921 0.1538453450690857 0.19268793547730212 0.23656303127488978 0.23660860686828677 0.1917108216359419 0.19885574518949492 0.19315030911898423 0.21359167198052903 0.23947532770378696 0.2581319282852937 0.3154366804373626 0.32507169784939455 0.3557740105067087 0.32785502444973735 0.33204539963036706 0.2730707392235453 0.2582657661365565 0.3085426460712029 0.30118591840695125 0.3753927543954742 0.38956220923722906 0.3862007769194865 0.3869660622105348 0.3659834682483075 0.3215172739397982 0.29746042460650596 0.323906242658944 0.29386826659239973 0.24610910039403305 0.2335414188470264
