Raster_benchmarking/Raster/continuous/raster-142.asc
NCOLS 100
NROWS 100
XLLCORNER 1743160.7775149685
YLLCORNER 5469294.17164576
CELLSIZE 10
NODATA_VALUE -9999
[rows 19 to 37 of 100, columns 43 to 85 of 100]
0.4545037005268907 0.4378172630730342 0.46713002603539505 0.4859059907577495 0.4575410998186422 0.4398189936857502 0.46170968497507037 0.4931824800160977 0.510273470422131 0.5340706436165066 0.5498638264029168 0.5148010345087136 0.6044980137706913 0.6072286109240591 0.6120838005664824 0.5497120194701456 0.5433434126663383 0.6110963338622927 0.5712717779079506 0.5171286358219142 0.4981669954105697 0.43187331782008076 0.392386465027717 0.42848404046919475 0.4119806506588129 0.4985048046616982 0.5189239886516207 0.49959083507087465 0.4385005275597261 0.45276257841921275 0.462555154620506 0.46629987975623555 0.46981400369250587 0.501182148542235 0.4318356835530254 0.4770850420778231 0.4793432927464083 0.4642381109129971 0.530145690617141 0.569238756932182 0.5420072406533668 0.5718267688845853 0.592893084877038
0.48167496627712614 0.4551234032497333 0.512349649628866 0.5081590205263835 0.5345739465651149 0.4802629201919279 0.4594212751920073 0.45496761571386907 0.4376354202550569 0.4647653739595302 0.5247960053042898 0.4930906684857983 0.5596866526261354 0.5920174586142214 0.590625456174826 0.5831497068217968 0.6063211448495069 0.5936115965152365 0.56772807906472 0.509188720163725 0.5013311442707302 0.40840694503638836 0.3985162463572095 0.38988443192036704 0.3967343729623283 0.4991463157538261 0.4806896357071351 0.49649531514998324 0.43868066794658234 0.41947353950697613 0.4378658763561037 0.43851916386191475 0.4611665183563258 0.45678299817084256 0.39877422601438706 0.3991396718814561 0.3973530774924484 0.42520948529953084 0.4355463507629065 0.4943547488173308 0.43734409571601235 0.4444272982989013 0.5085321825499569
0.4357373669621716 0.48726249545770844 0.471934240067344 0.49751686614285084 0.5585810803262428 0.5428762372255413 0.5221688513109203 0.4258526781441834 0.4083172177276866 0.4487947613437616 0.435715252783117 0.4529070626426871 0.5333361542924935 0.5511948817321037 0.5690808250727594 0.5821786426430409 0.5938634265878878 0.5612591147040591 0.5486056209841553 0.5236030326549659 0.43767195254092933 0.44283074055583044 0.407255112498715 0.40352186039429944 0.4349729184520246 0.48646185045175233 0.48546873104845906 0.46251864551466065 0.5066642905294386 0.43779390901639803 0.4206700593469266 0.4000532175191992 0.3684127978461044 0.40816347943400727 0.4379580978639599 0.3716476125696233 0.37201711005434224 0.37976187459618416 0.4346877656299754 0.41536371161151464 0.40248281844583067 0.41571697393644597 0.3801043531478918
0.4868209099269837 0.521255055709196 0.5285341485413728 0.5046361815471487 0.5043384601474412 0.5535054250539511 0.48260967834858765 0.4262710477396274 0.44268916016200754 0.42375833180931644 0.46029212753649923 0.4792024204578887 0.5193212094294697 0.5255018883292709 0.4935379376341337 0.5230538334258782 0.5262896075173588 0.5157129015605755 0.5161631974504758 0.4964449875387635 0.4466440628507011 0.410046821992315 0.42310148701172234 0.478203028150401 0.46844637006354545 0.4893773460589277 0.47645251494439633 0.4437067993709323 0.427942572282356 0.4715346138125267 0.39301916553053384 0.4076822098576275 0.3341935953060613 0.39811341442204423 0.41002170671898963 0.40348150725832727 0.4139024818647399 0.3542455803976542 0.40563766944857704 0.4031482450292911 0.4174668652644158 0.3923964544645577 0.37131232911018214
0.553365702983735 0.5321871778977058 0.5875677656366486 0.5196879986966977 0.549261056920373 0.5259185195975438 0.46596479871319424 0.4375494388919754 0.3666291747197408 0.41667775868739265 0.5082464834291549 0.5300864330944168 0.4964462618827765 0.47165647886514867 0.5129494765832555 0.48998112283538636 0.5198215459141519 0.5578418178124288 0.5530095470697417 0.48248101668672855 0.4922809281446464 0.4020651810876667 0.4304279559066594 0.4475936553269535 0.4977774296739344 0.4346548282802598 0.40083418473843685 0.43577505090517793 0.45671085459435506 0.4131144763373903 0.37373510601807847 0.35112279656118345 0.3136763112132458 0.3633900784751416 0.34805236072504303 0.37651029403365244 0.39416295527485135 0.38319926130308285 0.33057861060372706 0.35630256635104196 0.38024674850414797 0.34994188185171154 0.3546098777635128
0.5742090170639145 0.6072169373137083 0.571751496670154 0.5424716670992439 0.5284818792925 0.5134806983400447 0.4237140625167758 0.42269254358297753 0.40989281939201216 0.3869166133319052 0.48760712126876216 0.5203808898813582 0.5275308011519042 0.5009525325059504 0.5588425272259844 0.5495075126901594 0.5431665215560982 0.5099788666078398 0.5179967739233522 0.5233582967537509 0.4689084989724329 0.4193218586326154 0.4294918424089084 0.46156418447373354 0.47459480203035126 0.4503733056225229 0.43674472522386537 0.36971134372704956 0.4135133718324626 0.4176432788043052 0.39549753644993363 0.3108809768945701 0.2792260586131429 0.336053304578285 0.3359812958215466 0.3911889954566673 0.40412212811125625 0.39426351495071754 0.3333591075804076 0.3615397287333995 0.3620783324983689 0.3588627374020909 0.4086294029142551
0.6617627354239458 0.617003807001711 0.5938330461332103 0.4822890656132209 0.4568326621739787 0.45347509620294896 0.4570745378127662 0.4411579996870324 0.3616742482445559 0.36864671605199023 0.46715671074866116 0.5100619215081403 0.5260254270140805 0.5346232411234102 0.5144288940133217 0.5209822802383134 0.5431539871864141 0.5529573918049033 0.540875014676965 0.5009275194241809 0.4774083018668781 0.4020029831049289 0.4151258467481674 0.4500199342926826 0.4995561448701928 0.4115421329400898 0.3967195639448063 0.3858445426756907 0.39008596836865833 0.4054331862803046 0.3726433717352094 0.319741753384936 0.313684813342095 0.3592806022986471 0.3427588758147905 0.40981688118700704 0.3963210518852253 0.37199787384855154 0.3918304698585098 0.3686568612509446 0.2802770889084122 0.41151568234048924 0.4487571210720684
0.6439205247532893 0.6136455831298803 0.5872576739145745 0.4765072774747116 0.47416417113175413 0.4295434392568182 0.41183188148711064 0.38866549597550504 0.3823759800948127 0.34331570526906874 0.4231329517051819 0.4541608523606647 0.4686463823334765 0.4809132244351734 0.5055640310704872 0.45267213918577426 0.5075007320173577 0.4614472077086449 0.4702165037582347 0.49025729306811144 0.4838819227785563 0.44114973056412426 0.40591601004755307 0.4535691432897453 0.44735446472687657 0.4362224123288571 0.45669238733482725 0.3950891358227085 0.39422043291152764 0.3770938533196475 0.37630043864988333 0.354028991652126 0.3299263890495541 0.35665682381909397 0.3995903765167251 0.3783977131118643 0.3984374147352097 0.4303798685862335 0.4081072024849845 0.3854252078471316 0.3638891812728524 0.4183263317886484 0.49033617982025457
0.55300678999716 0.5894689474457849 0.5508674846640554 0.4999032134339705 0.4673197453695595 0.4469766593936152 0.3821106346170238 0.34436084861440697 0.3133341012042477 0.3256022460804725 0.33754228074268283 0.3872734278886785 0.3745613420154885 0.4527010505369156 0.49797362708259446 0.4972513343647375 0.4223797107970275 0.4559570218426491 0.48651104210586404 0.4816794293531482 0.5038125849934894 0.48087607476343525 0.4162968706839131 0.4343578155672965 0.49176026160628344 0.4335583424299809 0.46554741872257344 0.3929476126025323 0.35177866030612026 0.3670649216145212 0.32071578833316833 0.38839878937688965 0.4039067176883588 0.37216247313655854 0.3827914674502136 0.3800370029099181 0.42842759803630015 0.3958396843972553 0.35586619974215944 0.3807331118270322 0.37304443666507636 0.4163018421484464 0.4619392747051381
0.583157743797457 0.5691669893901755 0.5536970053865146 0.5086264603132872 0.5055494775804035 0.46605597002743987 0.4069789251961983 0.33068169165751926 0.3033064893466355 0.31165592360848454 0.2965866406203626 0.3245764400590205 0.34494908186932804 0.41000808906482555 0.4068171479800849 0.47248553768768264 0.4751075410798859 0.4353613387243911 0.46395484120259295 0.4470613473338924 0.4498318776087683 0.4804846019477278 0.4324518698848303 0.44461597689742915 0.47180222985498343 0.4564297500166705 0.42787909143657815 0.41540327176562325 0.355219234807223 0.3012243014098566 0.2928103897867701 0.3587420128330194 0.42765590389741176 0.3854322581012857 0.4301324276164766 0.449466888448932 0.46279709274840025 0.396240143827798 0.3557034468422156 0.4178868679084925 0.41528147844950436 0.4797145080489898 0.5418747565323777
0.54903670278522 0.5248929977522532 0.4972325239982982 0.4812668420399685 0.48453262895376253 0.4478879376245516 0.40642969884440494 0.3658348477729229 0.3235424638458733 0.2737951337002248 0.31385447629292684 0.33942256494716955 0.38812678310851784 0.404163151922869 0.38725471692811625 0.3783094487968767 0.42640008824756553 0.4459657691788204 0.4585908586130446 0.47141755484279213 0.45538080518284346 0.4018604958285943 0.39359421227847646 0.4502283123699897 0.46719823110659964 0.38502069494508817 0.3499844679593044 0.4041305645567833 0.3539403722233368 0.3374737735400292 0.2876276525377639 0.317357367988584 0.4304533715819859 0.39947082533223177 0.44784257120660836 0.4704819128601538 0.47743668462551886 0.40529716689958123 0.41976398388151603 0.5060491212808776 0.525346513155486 0.5084545848914016 0.5728932107505154
0.6100887600343485 0.5916209757232411 0.5599795764777542 0.500111088367703 0.5278275653141477 0.4460540061564918 0.4047777761099098 0.3538522494518198 0.33837701833872397 0.3054797142135054 0.32586503840143544 0.37474145778947904 0.4373821302416799 0.4507630452495743 0.4416418036289409 0.3591022525492297 0.35850734079375635 0.4176898490266659 0.423376734283573 0.43995695820867897 0.434908738829892 0.39836034537543846 0.3734814260161406 0.4246349367186852 0.39935153600338336 0.3391146042355298 0.33231708684130545 0.36868010616076086 0.40171880022301437 0.33202262941553157 0.31802039310291186 0.35782834549432474 0.4335399538923955 0.40141931891891297 0.46009011732078575 0.4702134861596088 0.45961976707108504 0.4851763638376676 0.46869177086507113 0.5265478087107609 0.5510584994777186 0.6203098275560815 0.6015636507864547
0.5791520919740726 0.6138103670183152 0.5929736722495969 0.5175900937079375 0.5332573709564694 0.4981690586372717 0.3942419854506089 0.33197338956148376 0.32673960237592764 0.31743463575560593 0.38318052150678816 0.3843533372764428 0.4519559727741795 0.4093661244239846 0.4228664992472674 0.3753746157940653 0.34697352249052027 0.3492758881476758 0.3695112566715112 0.4184693828733706 0.43052596366756457 0.3544212364644526 0.3611095507693738 0.3915740254188724 0.3295241335069391 0.37926732617448 0.3586321443861711 0.33401030173022744 0.39504197822818715 0.3157907758413303 0.32587098893108013 0.3488083905148872 0.4103398545594572 0.462455714506837 0.46248079597564573 0.5275944266627661 0.5273229986230826 0.5338843618108834 0.4989168838466929 0.5153445255500851 0.6340213078241271 0.64289405623918 0.6171408295144921
0.6306283973227991 0.6242525755497644 0.6008187055720811 0.5792338988667137 0.5609707463530782 0.5002179257704726 0.45199274234557385 0.3680426085514164 0.37088878200117587 0.35960412752909515 0.3811654609843749 0.37538140671498965 0.39714665032170265 0.4373409668706478 0.4778114403088444 0.4366943587413784 0.3537894733521652 0.3427742362312012 0.3700822927446396 0.3508446539776538 0.3710398273551296 0.33015640706077204 0.31661328029908503 0.30100140757121596 0.3026762886744323 0.3415783468181623 0.33430906590307213 0.31913149951945974 0.3301718441362983 0.3096323409972267 0.32642599793112875 0.3314311352496157 0.333746215910221 0.42631339759725945 0.48332191038495664 0.5265478302519002 0.5000833903730969 0.5375341115221205 0.5330648708619345 0.556441008275147 0.6074255458074628 0.6467020257457993 0.6852968525278638
0.7583118202688076 0.6216141098841497 0.564214424059757 0.5900384730163646 0.5232377428010588 0.5146534533333991 0.4715841306532981 0.3864745361472368 0.3880134515210746 0.34313321386826395 0.3556320105223999 0.38800159077930335 0.33213520201346414 0.37169811703179123 0.45652050479727674 0.42935540076997797 0.4048085333988645 0.35273493762630687 0.3720543611787759 0.34159503594744584 0.3008744768849708 0.30020206838630875 0.25347123660321913 0.2765660114298958 0.32671047550856547 0.3491416402641939 0.2826864369711953 0.26295586049197095 0.26277479756158784 0.27360450603193004 0.36735192851836923 0.3495553193443998 0.30231689944686546 0.40092485265051353 0.4350963893504198 0.4707542727753362 0.5599469574652365 0.5746952645089602 0.56694729091717 0.5744101052845629 0.6921991020781878 0.701869138619116 0.7038959148573775
0.7714509797400141 0.6726356695440516 0.6225212792344862 0.576539337434917 0.5125975573261257 0.4899381302336456 0.47584660424706204 0.44471043310162545 0.39750888285004826 0.4127181620013248 0.35289355167827674 0.38676070385255973 0.365955818495205 0.37131482032512986 0.4506065205013269 0.4337297480690098 0.4146262497261354 0.37234981174958004 0.382660400394391 0.3152638116484169 0.28485250505788695 0.2642379761172307 0.2125699084224192 0.2329493034961642 0.2722417679285632 0.2988654614156931 0.2950038463609792 0.27824317262386 0.27587772868599797 0.30247625771317227 0.3077507022828925 0.3587296156861945 0.35461552913530053 0.43809672202473104 0.42178876057158443 0.4678520220720154 0.56297776833352 0.5935854239092652 0.5539320127933173 0.6196797726809571 0.7060982911854312 0.7191420329830818 0.7167742316046307
0.762324985327432 0.7208523363580824 0.655530594977513 0.5718888355941885 0.5543689323522103 0.5540863890045071 0.46571985807227007 0.46074255180113144 0.4182904926033424 0.4361464866836531 0.40650329101326294 0.363523424783176 0.3676308215275161 0.4352340619435407 0.3886472243120294 0.4316570622666108 0.38392107669444975 0.4284876403131603 0.4076740056250805 0.3600002206907779 0.26735802896949235 0.3056971819112821 0.25701143574001256 0.26117295996930057 0.22217298255063395 0.3116056647872951 0.2938963846135521 0.2633753037094338 0.24802765716487157 0.25136614410298697 0.3022784061062592 0.3822042013626006 0.4273752926349528 0.4476399438727236 0.4582339200286696 0.48857460166826205 0.5758600788155601 0.5892194596275283 0.569340345662463 0.629847390920928 0.6672201331345894 0.6677602881700998 0.7005814526781632
0.7151402133464301 0.703381010974608 0.6514329699034923 0.5941603846913633 0.5666457015429107 0.5613443349226537 0.5739826918833392 0.5575871199113414 0.5127970138458108 0.5158106221191021 0.4028005632860291 0.3801076246535902 0.38229846320951943 0.44804726659562366 0.40591562373455337 0.4211891802653201 0.4050021622504126 0.38946477670436036 0.3852452453203541 0.37148863237048657 0.3283398235875075 0.30871666945582027 0.2904084381453434 0.2349871369279374 0.22969099345139263 0.2735601638987702 0.26583978073590486 0.317065423195072 0.31515106544793203 0.26385926598767384 0.30766111990318373 0.4025558829961013 0.45382213895463536 0.47206895962059114 0.4834830328776845 0.5233431647426983 0.5407789891047506 0.5493982955197204 0.550466303524453 0.5981623699739487 0.6297007624393745 0.6355001583818038 0.6321024957811839
0.7134817304377052 0.710064556947472 0.6946879001094032 0.654041237284967 0.5944773826041914 0.5644812915859376 0.5974041047546305 0.616428817044935 0.6336707603839926 0.5259208263290197 0.4419762975317288 0.4355648757573203 0.45520452642134807 0.4457733673228468 0.5016815170815452 0.4345599391967469 0.4317318453162747 0.4434218443225258 0.3530353270654995 0.33341990072055266 0.29559003213333235 0.2620975557779834 0.28744500582694255 0.2926712830594907 0.2116989671096053 0.2775862064486217 0.3174701143423486 0.30278193363064526 0.2796540170309767 0.34370696192960115 0.3211144234307331 0.3815462624971933 0.449211933812047 0.48930755552970207 0.49352385323835946 0.4439099773203451 0.44343459900755555 0.48849237119545147 0.5246209793202045 0.5859725134996138 0.5612955035797801 0.5497867585734142 0.5721174124289543
