Raster_benchmarking/Raster/continuous/raster-271.asc
NCOLS 100
NROWS 100
XLLCORNER 1743149.24013461
YLLCORNER 5469279.78982901
CELLSIZE 10
NODATA_VALUE -9999
[rows 0 to 18 of 100, columns 43 to 85 of 100]
0.5336316133933015 0.5760748021895887 0.5813013429132188 0.5120155001901141 0.49722263481239354 0.49367009838189685 0.5080142464751788 0.519063214102947 0.5099986889314461 0.4363641448408686 0.41991439370621886 0.41984429163778847 0.4006856631218243 0.4034195929583827 0.4014066338096474 0.3241168939725222 0.2764574458359597 0.24448007003312058 0.22625825114501064 0.24025180147245445 0.18336853451237736 0.18113516712477645 0.2122424640412549 0.24701506722531946 0.23780786848936372 0.2404328955781114 0.3001676902686389 0.35420170083059094 0.3781349652744278 0.3521760206058275 0.40022115292042937 0.4570206098775649 0.4563015041593588 0.5011531966122375 0.49477010671737387 0.47822163076191304 0.41020868988061526 0.402611121234336 0.4359288793072289 0.47348743446735037 0.5068299815526277 0.4533995308342643 0.46333919753849795
0.5332928907079241 0.5610683442771753 0.5798592222956742 0.5675650373051873 0.5663932753881931 0.5652455812402485 0.5625547561421604 0.5430327020150235 0.5465957272203037 0.4853495320570531 0.47952997334292985 0.41625051995222595 0.4400862721267957 0.3850723946770636 0.44246219621333227 0.3065387058123631 0.2604673899773219 0.20622293122149607 0.22472026498767508 0.2637584481622948 0.20448284039290338 0.17105157827847758 0.2040221684430928 0.22507730918239816 0.22632899833160028 0.2661252051774495 0.30951628901254513 0.3406786133263467 0.3972492493669024 0.3751455203581042 0.4114406240098949 0.42733651681694107 0.49116109942939745 0.44257315056470853 0.48527278648174416 0.47318314403658257 0.4475524751824251 0.4685592437843861 0.4674627247359348 0.4643223923496787 0.4856996583878712 0.46965886303965765 0.5262968834320093
0.5616877356232494 0.6165278094373501 0.5454999970975164 0.5403013515779052 0.5278803856026133 0.5359079600874223 0.5166280382063698 0.526420082086677 0.5439260097518208 0.5034190779922754 0.49079129489653894 0.44965409914602456 0.45069468099166005 0.373726710565747 0.40393788968650385 0.3347675505539306 0.2689291013978187 0.24608193363237746 0.19643946657783207 0.24988519497333966 0.18459476938534639 0.19571720520102423 0.22792856697372094 0.19794601304519976 0.25940629707513385 0.3000656745529626 0.34494525104194873 0.34947543425141464 0.34866615639747156 0.4234914834840974 0.40752008021631403 0.4353431963793189 0.451637243456126 0.4166814281167476 0.42104202090300846 0.4411761351242658 0.44855360358160085 0.41971520911994553 0.4551911346023896 0.43159705276687693 0.41001315656027604 0.42811132014295294 0.4955160299408176
0.625206288220102 0.5869723366740309 0.581273645353599 0.5311984987479172 0.544176167951964 0.5511616489481954 0.5646797010656894 0.5446726067966103 0.5285629434998064 0.478415417930667 0.5184511413496838 0.46042684072941653 0.41612406449278916 0.3726600756303332 0.33752994049528473 0.31340923715697233 0.32134703279120796 0.2959314171470169 0.21600128962615728 0.19762026486308854 0.22230493863048842 0.19501723400931278 0.21442941592285156 0.24610521434054058 0.27993284934541396 0.3072942324430932 0.3247171377624538 0.35942736214240006 0.3691571945599195 0.3867432457514543 0.4252414477230951 0.4331436644235723 0.38530065859032003 0.41001699923763035 0.43295486540283856 0.4540797709360495 0.4083041145224004 0.459558358443259 0.4739421193139753 0.4127747959184996 0.4056964011203775 0.4245663920030562 0.43871609368980535
0.5671901049557432 0.6123290742587036 0.5899862316636094 0.5785778524301235 0.5433138017521036 0.5027520452281123 0.4812129633605413 0.5016262954446907 0.5089881558671399 0.49307485447995836 0.46827203407065826 0.4580823328545861 0.3919427997607273 0.35547680207732113 0.3738450873085345 0.3842636920473335 0.3684340434777746 0.33373417327946614 0.2762968064126627 0.23906056639186374 0.2517138465098102 0.2912158722490016 0.2410570269871621 0.2555435806228158 0.24978551872322388 0.3271577130618026 0.28357521173484657 0.30434560599228927 0.3619918343538899 0.36872400477621553 0.38454411555531937 0.33659607972789973 0.3297814997930464 0.3740171069543546 0.36255421545388855 0.3827048954175393 0.39348139100664004 0.4296513633306415 0.4584234177374457 0.39760306602710305 0.4172504245820122 0.39441738368784685 0.40091042086175327
0.5277348428659393 0.5851793353246441 0.6219468149600204 0.5919423779308609 0.575459102766764 0.5133471784294433 0.4557525117873646 0.45417156708859097 0.47555256095562987 0.46822799495717865 0.4877687243085087 0.4495737520230573 0.4284155477094642 0.3989238794287066 0.34885720346928334 0.3980272460258482 0.37821544911827415 0.3322463452975333 0.29489631082069157 0.3045627604764106 0.32588646200112814 0.3113896440346945 0.3390458098763552 0.3177170015905336 0.28344214163430914 0.2964736198828982 0.30420140860098777 0.2801365576134763 0.3689495450911695 0.3772727240683055 0.3565720366631233 0.32721465948409434 0.318247602238827 0.30064494179044815 0.3346431845152577 0.36911472158845066 0.42384189408606904 0.3896457648775721 0.39145823422494613 0.4154691567154727 0.38836049363242264 0.41360309576185755 0.37446344771523865
0.5380526111406811 0.5812356519983989 0.625764787798138 0.6044909270229756 0.5431243579842161 0.5367033728414687 0.4961253756307366 0.48922500795548884 0.4688453374335577 0.446604614890828 0.4316290582569643 0.36996449397892783 0.36280156344929393 0.34216744335948085 0.3573342966912589 0.3352303849866542 0.3827339370071152 0.345311017983611 0.3365808072497593 0.3706252724029341 0.3426144697334606 0.31729771656863387 0.31504112607381524 0.33120878475953547 0.30754973434096433 0.24705702370678487 0.28990922814975567 0.2880740681497792 0.30212190513271875 0.3382382632457385 0.32857535012774064 0.34774220422068214 0.32620067785469403 0.32524797771912267 0.31901406990067727 0.39584690481316204 0.384664488625847 0.44232293910172765 0.39995408917990927 0.41146763066272524 0.3903291405574222 0.3769218045177462 0.38378962471038525
0.5541464301926878 0.5636337827651546 0.6216861569828449 0.5896876077483986 0.5215921277689617 0.4776036244129118 0.5223941536824476 0.49459142198886497 0.4791164883596272 0.42807803746001327 0.3360010428226924 0.3333841107653023 0.3146402184832068 0.3374431385958929 0.2813844863061806 0.2928173192239949 0.37123549452168947 0.3995876410701799 0.37241927045286854 0.38250483930648843 0.350187616370161 0.3377836802919012 0.31714115295302253 0.3233149974367576 0.27465644994113964 0.23430588264131766 0.2767474827751712 0.28244607306967767 0.3209657057037778 0.36882569345618016 0.39735138519743257 0.3363799367693249 0.34123616856191985 0.30014404822698426 0.33121904532312857 0.3950186652810865 0.3860723094315205 0.45021182943055466 0.48014967890459476 0.45150394704630764 0.44529510168625513 0.36785689897052976 0.386221281084907
0.5837392185829771 0.6096381477531801 0.5705790315760614 0.5262601181018202 0.4705793235719432 0.4658162440409814 0.5115971471166032 0.48599556944434136 0.4259969777674032 0.3671514959456556 0.28213966361220166 0.2913135753382961 0.2833189302608316 0.28060449317803626 0.24696403789593285 0.2779364435736108 0.31313879043674964 0.39335861118064586 0.37784616374377133 0.3849964193665525 0.38383907924451294 0.332371555879305 0.3772252574302063 0.35854345594168124 0.27778705864896597 0.25572839257941027 0.2589886419028345 0.25292374478170027 0.3202917216791876 0.33100921840128755 0.3743402447040057 0.32509674497468083 0.3610722324941713 0.3280069705226464 0.32397479357790965 0.3477784509824452 0.37361718666312543 0.47402402787965847 0.4867781587957389 0.47422588181887804 0.4111722900723821 0.39549842980174615 0.35721754604773115
0.5509119521009936 0.5388227005160898 0.5860133446208898 0.5509367726935771 0.489511454572252 0.49545737298920955 0.47527517114913487 0.41058561862140747 0.3881044460044917 0.3182619430933717 0.2843763289237973 0.29598338681312375 0.3172587177720835 0.29780974169898683 0.2365171597517867 0.27631288857363456 0.33426051299451215 0.3820425230141185 0.380587112958695 0.3889808786302384 0.36801209954958986 0.3416081312577341 0.3859184966701695 0.3492730555219797 0.3217989792525329 0.3253834086723865 0.29827538413863386 0.3056741780151435 0.2614410466985031 0.3480065798325087 0.38196231531564356 0.33304473957384106 0.32212680484670997 0.35916365540941536 0.340028993007696 0.38369120066145873 0.4355538618399522 0.4521748344819917 0.4469762455625479 0.4411087169718105 0.3858344160362828 0.3788434880184065 0.36178063370539043
0.5068569672574296 0.5496139340077973 0.5369411045974881 0.5263034822223858 0.46434100939812056 0.4743359759727695 0.44903672915026527 0.376720846020424 0.3458253244712783 0.27382614574406255 0.25646246442641596 0.2631868543733724 0.25798703593919126 0.213281962213968 0.2374152713035139 0.23467739731391893 0.31052947836989614 0.31274540759912806 0.31395269568995204 0.34996810364316194 0.3945899259005468 0.35533516593992814 0.34309386641465467 0.3169363132808371 0.33067385920042924 0.30576751716331496 0.2631674723136287 0.2776997615442827 0.23468452960660127 0.2857440675743475 0.36738000561275347 0.37184842292832454 0.3276175608158807 0.3225972813982207 0.3489584371638173 0.37300908681154116 0.44054436847088935 0.4643406335563602 0.4263532305921231 0.4289650983124349 0.45593065521328086 0.4070892516108774 0.3792085146608573
0.4777386070605843 0.4723874994046195 0.4421188170451464 0.45886983880755233 0.46594066384193156 0.44269690988015126 0.3489254327328496 0.31532925144562063 0.2929148420939403 0.2765846080828849 0.27262423858864754 0.19378987041366577 0.18165972079817844 0.24638482314563429 0.210975583771009 0.2691953649437034 0.24962730842689426 0.30828793989352615 0.2975943593554878 0.37127093907196196 0.374953823722494 0.3324208104274723 0.3399110413092043 0.3126258634722826 0.3573741711140664 0.306234458783385 0.31709108100878575 0.30028741275793913 0.25414909270611286 0.3079645237884284 0.3402637874637355 0.3193778267279736 0.3459519640448962 0.341948937162419 0.3841875292759299 0.3749216665490369 0.43951811072346614 0.4176708154835586 0.48135320591456066 0.48949952236442995 0.4655261156509115 0.43063226375094077 0.43819814170585697
0.4894755365200609 0.4256887390408932 0.4516756774391981 0.4556383456812309 0.40151883214531314 0.3745901372939083 0.3260376762769833 0.3134152541925132 0.24825487797448123 0.22746523082185685 0.16670657681600107 0.16600156278652917 0.2094278873611176 0.23094998317914614 0.2202245819145081 0.23273957502582188 0.2555087480158763 0.294899861765151 0.3448379850841971 0.3863255236073914 0.3767208802486296 0.31647018763410245 0.33034484774440254 0.3425118608368797 0.3472486095500604 0.3298143883681315 0.328733465877112 0.2749195845758466 0.2696343572769832 0.2954974703545984 0.3466583381922714 0.3490759922104027 0.351795740565775 0.3492679917474481 0.3417105615570365 0.37154732832810716 0.36301798657074746 0.41986298132353667 0.4389440312062494 0.44122169694440144 0.41162411686440076 0.410173644750941 0.45056336398961483
0.5181878801332316 0.4125749961847839 0.4029578199754743 0.41621434610778857 0.43126724186054777 0.3545905039957106 0.3143868909446786 0.2600268519529481 0.268181499473669 0.2010385823088035 0.12226693087492872 0.18374688497130007 0.16390373408133094 0.18044184166400426 0.22111127223988153 0.24797890890661056 0.2576991168274506 0.3266094327689455 0.3555583587810236 0.34046740444757 0.36952943988075443 0.3141390676710552 0.3089743658359644 0.30722862109130067 0.3130686833556311 0.33319685665833604 0.2697419204392233 0.28103677368569624 0.3404706002585796 0.3173916890727629 0.2948986349750083 0.3278041679702812 0.3110293106715383 0.382651985766444 0.41308224114702424 0.3875584969924515 0.3508136027970955 0.3552310160982409 0.3761522863646 0.3962630650482603 0.4138220391066851 0.4434879710275846 0.44870437625434606
0.5043266943130515 0.4349541493048035 0.44979921631091474 0.434465815014613 0.3940856528121044 0.39093887810828987 0.31232564158452575 0.26194356373084143 0.20555012483883425 0.19908579233920098 0.16598810086859958 0.15171989659552695 0.15073746922566608 0.2345755038494641 0.2476540318826125 0.24045623546703246 0.24691970602789523 0.2609631915422581 0.32924586935210537 0.30297174757915907 0.32293750458014964 0.36011749111783364 0.32443246335488074 0.3170129582475226 0.2672159519764746 0.29458130376332314 0.32610711889456895 0.2952522130845205 0.30835258895650197 0.299085166863392 0.3115309350350333 0.31240597896611266 0.335430945080238 0.3187954698461492 0.35774307923696214 0.37718363534948834 0.37797095086657695 0.3593313117850269 0.3576866721649873 0.3531037912188618 0.39564396145318165 0.4382643308382837 0.455239713064326
0.48889436274127 0.4269523557229755 0.4278730013336941 0.4441934454932484 0.37876346056119203 0.34728858842326227 0.35777120841877996 0.3265417748995509 0.24235028304373898 0.1953073350911251 0.2371131917696297 0.17344635504654102 0.19730249311151277 0.20654935591882417 0.24954338892270644 0.21618408369104736 0.21931153784633295 0.26579817339525896 0.27023320403535606 0.3237286079365853 0.3186790860391565 0.35597035186387005 0.33122536026861316 0.2735585923848563 0.23169142364252182 0.2855873589217101 0.3209542243681823 0.2863097676934558 0.32582726241324605 0.3143187552820647 0.33723333226411123 0.3315308620209741 0.31441645196092655 0.3179160368309335 0.3719205815829318 0.349542859391124 0.41577225010277336 0.4250495231533782 0.3832736031031587 0.38443356551996216 0.363371947719582 0.39021394597625414 0.37571695302950037
0.5094282632710222 0.4661134150192236 0.41244288453419947 0.43996931722772203 0.39827964474194844 0.3489378474828799 0.33260092958704707 0.3096076849523742 0.2746514049422406 0.23279825345188224 0.21894316173706727 0.19798292944722412 0.15243955644641002 0.15756397944328335 0.22345430869663513 0.2100945556111243 0.219691111219526 0.22408468185672445 0.23619121768266696 0.28762374664663815 0.2596337838732444 0.29122529474247455 0.28704403990229516 0.29383485282273764 0.2657269504396916 0.2278468078191432 0.22405363842095816 0.27588482281511645 0.29469428222281124 0.3504690923996246 0.3657491088648682 0.36767838775162015 0.3668610433796304 0.3607489388749423 0.3711707721663367 0.37248229977037034 0.385677603501812 0.4092653969147445 0.389686182488239 0.3604574641288056 0.3364942270452316 0.37826141175752226 0.3924913332550438
0.5118684111715152 0.48428931698104927 0.4218160645005026 0.44839768888083004 0.45117634832193765 0.40111183551296226 0.33345199832119893 0.28310493668306297 0.2593020572627465 0.23207747740427678 0.18397176255394626 0.15377867117692665 0.15978999005724825 0.13379629097267615 0.14697402569867188 0.15532581262535838 0.15581453777220153 0.1553862718669048 0.17307336836776138 0.2534755962408685 0.26533367098353555 0.2898368655342849 0.32890374121919314 0.24626397230873515 0.2558455230347701 0.23470663505851977 0.21528023783585756 0.25883365110717754 0.28463290138751307 0.314020444602739 0.31947830580377856 0.3606115752042816 0.35493958858731245 0.39140360539300373 0.4195071997890657 0.4122126072811267 0.3833324263425681 0.4028819119066126 0.47556543374343563 0.4046170161447824 0.3636302805558175 0.39809843531383554 0.3889071909482544
0.5216982236555974 0.457428194423417 0.4479991156026112 0.4698704780734701 0.4600204138134632 0.39389619374807255 0.3651591961148664 0.34935004587520035 0.33063335753066897 0.23355504377276629 0.21304247113037933 0.20371815161615967 0.20274909563827528 0.13596801754272023 0.15891620690675648 0.16599001719516487 0.1821092370738151 0.20377739910636858 0.1496982755609823 0.1718138296719306 0.24239253249688586 0.21505599990226487 0.2547897045972032 0.246375192507571 0.21055345705496334 0.21068388063670732 0.22444180834200766 0.239551861882414 0.2709429815809615 0.2602370633687945 0.29785221785658667 0.31772068355807553 0.3386596551408053 0.39768850549469126 0.4228749669907514 0.43778022244720033 0.44827212349730783 0.4096153288532128 0.40309071726213536 0.4216350228536511 0.36317470912161853 0.40682415193632837 0.3741615257828139
