Raster_benchmarking/Raster/continuous/raster-110.asc
NCOLS 100
NROWS 100
XLLCORNER 1743167.331117552
YLLCORNER 5469289.970642976
CELLSIZE 10
NODATA_VALUE -9999
[rows 57 to 75 of 100, columns 0 to 42 of 100]
0.9556897800355219 0.9214752895621773 0.9229334535504934 0.9455481849571252 0.9469905446683843 0.8891194521308867 0.9013421204971005 0.8868365186947073 0.8705379801400164 0.8695325099371936 0.8937065725421395 0.8130473133647702 0.7665771813610553 0.7515558894297988 0.6860997686116036 0.6821648157287041 0.649279322661172 0.5793853871329299 0.5264159226769056 0.54213744021907 0.49537547701388324 0.41255144374463965 0.3956491387877046 0.34514563825521266 0.3320161762188025 0.3297666456171326 0.25490848309717834 0.21941509607583282 0.25002927025588234 0.2549442336383759 0.28243153916907987 0.2628139421866878 0.27407286517146623 0.2870395308393844 0.3438242487974468 0.3205102681655256 0.3142222299259716 0.32209558350981066 0.2744539164369617 0.2805925149751297 0.34507856070067217 0.3290790700922356 0.33571175472360715
0.9469604834237547 0.9343072615592842 0.9093026336489042 0.905686930962815 0.9225946737632474 0.9170524911663341 0.9249774004183758 0.8965503247341879 0.8587687900420108 0.8620080496353819 0.8457704952432575 0.8547011624250004 0.8118146039141456 0.7112442605514567 0.6540600110731384 0.6586413487545151 0.6541773430539722 0.5792929339490308 0.5072714614384842 0.44063016508869346 0.4325784556904192 0.4358339414879175 0.39219727542070154 0.3553336288524166 0.3274648939915211 0.3053371588499009 0.280746919962276 0.2863910577003278 0.2553922908338921 0.2798132659331548 0.3083190898561135 0.3568065248848409 0.29691157317265576 0.3188276046093115 0.34963595054195834 0.36477255674681186 0.32297961383770435 0.33009243010645817 0.29660023649382244 0.36214456727227085 0.3056862386921818 0.3024703004138636 0.37814143545922674
0.954878066199921 0.9323298814001029 0.8864513693406658 0.9329527276490092 0.9066235598179102 0.8746345140657757 0.8557314904418772 0.8856982511825028 0.8514753108276018 0.8649580594599712 0.8908775972373876 0.8180360044472865 0.7918020955504342 0.7627554370504729 0.695242575375928 0.6865771150251283 0.6374888323787842 0.5438224434221651 0.4676857610847889 0.45386928569121765 0.446408540408723 0.4194113248371585 0.39686797190540446 0.385530782198728 0.3279497034665323 0.29363742974269036 0.3096670174262566 0.32547181595615565 0.274343873405228 0.32385549959623067 0.3149608601987413 0.3135808050013573 0.34728872180809595 0.33071681937494696 0.31887099270506003 0.3263682397880019 0.3075890463783284 0.33795135952564315 0.3126438364582334 0.3385571518997583 0.31652496754721804 0.30181165247386094 0.3708244898971761
0.8819624796096504 0.8520145890841858 0.9171655768097534 0.9147092778844097 0.8834293446046104 0.8504796345109378 0.8771062350220996 0.8543222395783622 0.8853558898698235 0.8566005545407852 0.8961435782847881 0.8693534631153551 0.8191901772601515 0.7277392018237573 0.6544902704652802 0.6729357029015806 0.6158504836039218 0.5080323279170937 0.4365576476697915 0.38463680379760923 0.42555262283651446 0.4103873568185765 0.388050577431869 0.333472783030748 0.31004667596256646 0.3461412003491603 0.34680583858106373 0.31994212292055857 0.33851719679746367 0.34029994769413974 0.3532448424031237 0.3712992135091703 0.34193585309225183 0.29739407327016953 0.25628714441566136 0.2644351159672553 0.2661204596981756 0.2631519572321113 0.2816086560299874 0.32422432015418434 0.31775754240115256 0.3611157312598111 0.42365717266502106
0.8492628351029015 0.8813367017432838 0.8920252140962718 0.8929794463042685 0.8323035998458891 0.8272999438312267 0.8854761758542139 0.8967564999763712 0.8753713014918659 0.8678818240378587 0.8595005487925432 0.8301458072533797 0.7755104957366415 0.7144842303793045 0.6256383330628881 0.5912332259526929 0.5617504804347232 0.49840597744981263 0.43666263538023076 0.37774019227043615 0.38237707118557335 0.42459342914291687 0.4002694278901135 0.3844828452150745 0.36985280512060104 0.3162300875963812 0.29364864483194747 0.2980454476393787 0.33735603955514776 0.32594246268733956 0.3156634744193605 0.35282069763624363 0.32554691541701397 0.2724817263872657 0.27898985685800054 0.30435708270603185 0.32513117129922403 0.32097307912197215 0.2815913209719794 0.3515846317746836 0.38567585323435066 0.36971175583544286 0.40138165504626605
0.860234818341702 0.8455232507251278 0.8485767041100545 0.8313048233397865 0.810770545313438 0.8727244502861613 0.853898318882874 0.8849242154051886 0.852145951281928 0.8656476885109214 0.8166689658024104 0.8146861978269773 0.7338533491393492 0.6819068121964253 0.617105212121604 0.541035953783025 0.5162038231869581 0.4616133993108747 0.45317334123734004 0.3876283232036231 0.3811075461000666 0.39811629226420775 0.3871038500171063 0.372430666487112 0.35562025707864786 0.34401938614543914 0.28890269785547057 0.25355279133929853 0.3121186632536726 0.30123297738623395 0.2983464472138395 0.3426839706721322 0.312217358771822 0.2917275884961051 0.2890714475960507 0.30160113636287883 0.31052022579367383 0.33325650972011267 0.328129648957578 0.32460413012484063 0.364024440170989 0.4113169017690564 0.4563357175989637
0.8161885654605828 0.8374318664397468 0.7890577160128229 0.7966240651305583 0.796247665526057 0.8328177940727233 0.8390365609712771 0.8622111447177879 0.8216945768069631 0.8227862673298652 0.8422881314764963 0.7958554895420191 0.7718394382319945 0.7011197956493684 0.607318997670276 0.5773718009325639 0.5333152599615978 0.47213967188891814 0.3869614005926517 0.34647109183032254 0.3816947177842054 0.3535313157217825 0.31902208101575963 0.31616858266970577 0.3068974636379968 0.29002961385637044 0.3040920061684328 0.2320703158157697 0.26550451191019975 0.26275474907249335 0.2967224118109931 0.30245233636412855 0.3224438217828904 0.27695696233881495 0.2919977720379164 0.31656424445535475 0.3213987583585209 0.3030538391090931 0.32888618560721555 0.3117174454238858 0.377054445332537 0.3934926433680534 0.41181377223535076
0.8455440578616972 0.7774582557599593 0.8073438999470708 0.769847134896886 0.7623216937200883 0.7973564113395765 0.7853784858698484 0.7893381675793573 0.8372590134567861 0.8345510573401738 0.7797031528801244 0.7707823592670118 0.7520329941015306 0.6849451512368127 0.6592118298432417 0.5634790119321575 0.5554378104335038 0.4380718044534762 0.39000404784435255 0.33483837513455567 0.31240694684069314 0.3182051473062392 0.3094221441594472 0.2984680485645672 0.2764417394785028 0.2695405509367162 0.2524515532820394 0.22851657247991675 0.25251688743208955 0.25466781134362654 0.31386415245279037 0.34821973594286604 0.2882276170305298 0.3153120889207156 0.3255979986829013 0.31151365051600444 0.3092849888360695 0.3533033167307872 0.31592104470356946 0.2962621901384423 0.35370497585295674 0.3966691154509939 0.45329769650699153
0.8120674351735059 0.7970736103338049 0.7576885139857822 0.7914762587522426 0.7887677678156156 0.7916849928528857 0.8236256680376346 0.7802138717491602 0.7697414899038626 0.7926431056080795 0.8037891880392317 0.7980503503147451 0.7497469622395468 0.7070539679021067 0.6479545091020154 0.6182404309615289 0.5442408385878331 0.4587103325887076 0.4359309555606648 0.3907304119184987 0.3354191574259196 0.34588578274664433 0.30992035319154554 0.30968211698403864 0.29307030905098774 0.28752370355848134 0.24756480216932178 0.21901836471271136 0.22104824966351852 0.24806860116187437 0.25181738456063224 0.3062457434864001 0.28384431158968515 0.26147967966289964 0.2772920783332863 0.31766382851113006 0.30511999230496045 0.31277819368633053 0.3293056798563925 0.37663734023477485 0.3831910874553838 0.4292922504962856 0.4078189093911781
0.8031054261577322 0.7906479261515771 0.7772904838771295 0.8297867644492519 0.8339855781365446 0.836663608958924 0.8391614256226847 0.8073780261262558 0.7852617559453613 0.787729749047404 0.7544765744061194 0.7711618966191472 0.6995866006436973 0.6796353443780917 0.666200853447209 0.6289900807004474 0.591437555282694 0.5090622046763704 0.45984869966018965 0.38381207500555736 0.3516670110484798 0.29064306793191547 0.30470881330924254 0.25608943134549417 0.26807665169464834 0.27589818944013 0.24860958797399418 0.24223417320923352 0.25356514561146437 0.24508001002135715 0.26285417562871505 0.2860948414077963 0.30302083292662707 0.3001776428268766 0.31488365539350943 0.282885359871222 0.32670168618742484 0.34091408511540344 0.36579325862787265 0.4010822373341382 0.36996713305578494 0.38812211201536395 0.34908189749637875
0.8087333610079311 0.8300668951498235 0.829725822998273 0.8321791115392355 0.8054818925307115 0.8166091824592242 0.7829917691612319 0.799692393681887 0.7564170853502638 0.7328473387719064 0.7048766277730721 0.7217053676422799 0.6958656455477363 0.6912704528981667 0.6599088648819158 0.6478432420686896 0.5427651207135509 0.47023779611016053 0.41294933857870114 0.35346475121290855 0.3200834593915349 0.3199186137081218 0.3334353295384037 0.2809510976486407 0.3076585567574879 0.30090236130491754 0.26646835187104395 0.2690999070074185 0.28769993254361287 0.27305828640431806 0.2903574278154784 0.2979162320132771 0.24528011963711105 0.27719041269081895 0.305913237763845 0.32387238696135134 0.32936982268347254 0.31104183961071125 0.3254859615859117 0.34671658314854814 0.4030588930337309 0.39471242253424654 0.35156386245634924
0.8330283548953195 0.824889199297356 0.8415836084086019 0.8288819133207482 0.8426515649591886 0.8341647812067347 0.7586775053402027 0.7415265512232366 0.7494785939409129 0.665363899310537 0.6497718603578759 0.6736887451088948 0.6324015972733935 0.6236520126537618 0.6280246779923486 0.6324656301511592 0.600318893070914 0.5023656997578778 0.4057365463502202 0.3403956668110215 0.3834779556466602 0.3500672547055537 0.33102088293787246 0.32052204665839396 0.30124485665014583 0.29512187122053035 0.2567652819522889 0.28406214970536803 0.2982488657917072 0.3249868584900957 0.3137238639709403 0.2656769788173008 0.2591273391524899 0.23108631797675566 0.29288220663893283 0.33947246554440375 0.2958396610352231 0.31401695238904503 0.31018418997396896 0.3863270244329754 0.35004103729057523 0.36488363185787603 0.3063649751943697
0.7838008894197334 0.7675303054949376 0.8103536540418357 0.8162911925511048 0.7648365398622822 0.784805670280183 0.8147969685409925 0.7497762906591794 0.7001288786433973 0.7070640749949423 0.6485292144504802 0.6440036134462009 0.6652691869792693 0.6328517352859249 0.6619902025305129 0.6446995718189267 0.5936067601941941 0.5343515897236358 0.46933475322029433 0.4253140084678287 0.38158889102990756 0.38487578068757194 0.3493177007264467 0.35123743457058354 0.34372689444860804 0.3420148953197975 0.30365401393582886 0.3634348900045793 0.3626130585418844 0.3599390749674948 0.2635976736849501 0.2587633432608499 0.25934786498777657 0.2548262073584485 0.2420019142003207 0.28274120325666313 0.27783791633116567 0.32911673226500954 0.3243693027435378 0.3375016152622538 0.3390228203006641 0.3570756650182119 0.2790147788846141
0.7425609236823845 0.7433454171290471 0.7182143415748532 0.7307057836724352 0.7570624376888315 0.7900350307618007 0.8052426452649454 0.7910557956438049 0.7081735310908469 0.6826288828002544 0.6829915074412035 0.6652127833267372 0.620347158601221 0.6276661434565832 0.5941165881595173 0.6271723532538463 0.5919409454751464 0.5104323743069856 0.4430244735135616 0.4438800355689162 0.36365412303103717 0.3433638651659004 0.3546358350859265 0.3133322790649316 0.35383356918373376 0.3591789422570463 0.40206972840975963 0.41697451884421777 0.4232039552515372 0.36430502988017877 0.30979838589235226 0.2160215245594498 0.2524231912967041 0.22123974189237594 0.23691468282322103 0.24318888768768993 0.2989868640385597 0.34936804367104085 0.3278218297930809 0.3878325271858995 0.3287879814186172 0.3237475173468645 0.3157782909253859
0.7569406144354629 0.73259405129171 0.7288622614224669 0.7356353766173177 0.7302162320639055 0.7433456649220515 0.7600151613836003 0.7523685586063742 0.694650885081978 0.6896878122119382 0.7101272353984177 0.6766271655286046 0.6658437208406628 0.6334913151497618 0.5825857754093714 0.567897389945489 0.5660060630057988 0.4948077782483363 0.4367041762176799 0.456471963076925 0.42684108353700173 0.3936483691225639 0.3652258916705407 0.3975430166269208 0.41754014380142473 0.38691387787522696 0.43258359122616846 0.4371704968357345 0.4083311480521618 0.364371350744178 0.30772837060379565 0.2563368720364209 0.22333500357381111 0.2359895034402629 0.23781912568399755 0.22068858271625644 0.28288180610046254 0.3113897956947161 0.33864667971072837 0.3540230398592563 0.35786236196362303 0.33071952446050423 0.2958818654147352
0.7984629523899622 0.7369131130692367 0.7158675866334847 0.7240178251444552 0.7772536856138961 0.7719141537509551 0.7656733060629212 0.7191795778705885 0.7144940261441384 0.6672340286817174 0.7169915616828949 0.707158994155052 0.695168980094787 0.6262360259541221 0.6172410673693173 0.5239412218559046 0.5195557072308518 0.49299215872631774 0.44140664560742165 0.4083021120100496 0.4273711303033593 0.418278573297698 0.40839044808796265 0.41254753707513553 0.43699651930223554 0.4490453960391787 0.42885052360955195 0.43702525778520623 0.43766356730629463 0.4077731671224315 0.35851754102149413 0.253735885934979 0.27765683359258636 0.22840410169316977 0.25484143708101475 0.2134574061555549 0.22357585173000769 0.23088220925291236 0.2705981239516116 0.2648540317124271 0.3101795286950767 0.3372048524673618 0.30073994038491797
0.7863210025601886 0.7414083851478854 0.7397778040313493 0.7240299994907716 0.7529937792002513 0.7812913100352193 0.7383136849974272 0.7460241107816729 0.7547947066983474 0.6943229800613682 0.6710652782586602 0.6756719080675536 0.7031072254773615 0.6347248195309735 0.6093349630590087 0.5758044754132868 0.5291309493105762 0.5118055112263434 0.44764199717052405 0.47014195004017295 0.4540583390582368 0.42758834380906535 0.41163233772593033 0.45674345541862066 0.45719345662017674 0.45418920977872435 0.45655691124818026 0.4304580269079879 0.4227346588223856 0.3741817246911941 0.33710247710751934 0.31693814703138573 0.26787586589622314 0.27909045052224524 0.2757435648563052 0.26165587962800774 0.22416109275319324 0.2041778023127082 0.211259254755244 0.25937780851290104 0.30527436909685884 0.32566831835312193 0.2615408395593237
0.7825643065385307 0.7988008346326058 0.7866888566880947 0.7727123230576223 0.7291727207436037 0.721162587350171 0.7571661231115995 0.7401975020353766 0.7478819911912028 0.759389723919146 0.7300706002679775 0.6687745716748755 0.703997072007486 0.6799032658290151 0.6291990140875445 0.6148191595367527 0.5317478855510475 0.4921664028996659 0.4838957004370191 0.45428647648316106 0.4279259423166882 0.4181396358858842 0.4045526144068882 0.4516535308585864 0.4955837355812516 0.45654559609454143 0.43221891951870317 0.44430433865471386 0.4080904105238768 0.3987014354781036 0.35525011747508023 0.3271819272724473 0.28700947516193154 0.2979133331624912 0.26789679150374646 0.2774300249523088 0.2532135109750893 0.2297657530956353 0.19265664661641124 0.2452535698859099 0.2537029315927275 0.2716721335720971 0.24277831700499505
0.7619871103602521 0.7467474204868658 0.7608560495930851 0.7532303830788436 0.7874727353345942 0.7334035417152298 0.7581188421372093 0.7649486839223016 0.7515638587113735 0.7228144772870952 0.7356198053020522 0.7169633915979362 0.6868143631395396 0.6089209548108354 0.5924715570234006 0.5706394917601685 0.504597923364645 0.45844477696232616 0.511930829961523 0.5029750425671221 0.4447738752384059 0.4241768983013675 0.44682627051947593 0.4647375181329721 0.4733444445753158 0.4795434300876232 0.44805523059652713 0.4379601727812094 0.4234431808558105 0.4036060223138282 0.38471341216958144 0.31443858571671907 0.3075465289978155 0.2860828645071892 0.237279183202141 0.2065334176140402 0.20626489674566262 0.17839029418452804 0.17930379964803947 0.1757244122677004 0.2260535793523892 0.23346609163977153 0.20632100538778492
