Raster_benchmarking/Raster/continuous/raster-97.asc
NCOLS 100
NROWS 100
XLLCORNER 1743152.9598686858
YLLCORNER 5469285.213176996
CELLSIZE 10
NODATA_VALUE -9999
[rows 38 to 56 of 100, columns 0 to 42 of 100]
0.5439685879349715 0.5517548400611597 0.5564914656220669 0.5205575831530798 0.5658131799143519 0.5712062734492412 0.5458447357710021 0.5244004651162218 0.510837886245328 0.5074765606933465 0.5036011114132029 0.5184206498146928 0.5052213745158249 0.5101945185137863 0.5262506412992505 0.5741143403233733 0.5229606229583396 0.4968121782319818 0.5045254101184055 0.4693433171627619 0.511265981956059 0.5074621741767604 0.5271199986160867 0.5423848116304296 0.5428764333073447 0.5794757644887879 0.5562191991213864 0.5627491378354628 0.5636603582164414 0.545012620465932 0.5336597918379463 0.5439118165718884 0.5198513270670133 0.4629593326545547 0.46760924318152003 0.45863112771531084 0.4657879741807824 0.47028642475958343 0.48379476991215864 0.5078202545623272 0.47712776904575155 0.4530584862569772 0.4518172723312789
0.5549174992661274 0.5615947957476358 0.5440897592871164 0.5414308452453988 0.5240507496271155 0.5657885253373084 0.5559222848202828 0.540884346084239 0.540309574369948 0.5514109475352594 0.5425874200806794 0.5498046159090573 0.5533006908528696 0.533082366085629 0.5302283957452127 0.5333997279400049 0.5135698387902984 0.4824234422222293 0.4915422767042331 0.46623106546595205 0.47669742321196806 0.5059292308037104 0.5208043147092194 0.5439197930910364 0.5446383014939836 0.5312456226320204 0.563067770962456 0.5751862958532209 0.5639053578699353 0.5428253768813359 0.5223558307251609 0.5135986175360601 0.49193695475668464 0.5054863769387986 0.4788863374379597 0.49786504137139764 0.4799410855057422 0.5038541414245308 0.5114082188385753 0.5226030523866033 0.49675095921808127 0.44031828281053526 0.4437131076683074
0.5099486942821231 0.5444708187970361 0.5181751319758195 0.5132968786868061 0.5228013871984429 0.5352741416283001 0.5249897132058331 0.5076797841918704 0.5394672568191875 0.5516444817085617 0.5866219473128728 0.589234915400354 0.5624327828484686 0.5401952881954006 0.532922082598865 0.5426482569280532 0.5138726518070741 0.4857975049938193 0.5084450973740968 0.5113497935985774 0.5063279367941215 0.501630233010787 0.5354764738309519 0.5630908210482299 0.5285060752080317 0.5181971981940241 0.5331009848714068 0.5373447566676685 0.555194676864174 0.5350864564602228 0.5462518589479387 0.5032980253447836 0.5021817600264704 0.5054817543114257 0.5097721773394261 0.5276313325558885 0.5216983342215061 0.5326278199872336 0.5386326450593877 0.5185646676131377 0.5051966148990241 0.4595401206764132 0.4188588677795765
0.5207619086060511 0.5268046793946819 0.509430328136799 0.4845694768160039 0.48293467886854036 0.5264735925597053 0.5227854944145 0.5224131359471077 0.5577051244983791 0.5677281405651141 0.5868846456522206 0.5676517401340949 0.5726191132366513 0.5560027709898026 0.5378853359474292 0.5513735820316865 0.5368403233194998 0.5212310384260613 0.4960241121183117 0.5225948545867249 0.5186284267676301 0.5333286205205398 0.5556284450580883 0.5289315490369312 0.5450352670233938 0.5229140010983487 0.5297734299780792 0.5302443255641125 0.5474778520967973 0.5205893531678104 0.5427175722839713 0.5250616033668238 0.5331562987460775 0.5000577069155052 0.5060125113236199 0.4995128886511089 0.48990850540961645 0.5077447363163925 0.504719682544249 0.48176872247824376 0.4588900422782496 0.4432366261144208 0.43472940263929516
0.5391703385670007 0.5393934281969899 0.48428186713244026 0.4641913231905334 0.49347880495273816 0.4871331730245067 0.5355352679727116 0.5744591206868318 0.5384264529323225 0.5665420379531073 0.588519404428127 0.6135404818037662 0.5866178147039627 0.5489259516348867 0.5619838682790449 0.5275059570699424 0.523992733601728 0.5372797353253779 0.5145573935648459 0.5114486116446199 0.5262154947479506 0.524709289256701 0.529602855869069 0.5433688312931716 0.5394751722000336 0.5012126984581015 0.5279819794238793 0.5282338556566484 0.510255879808959 0.5137350846601872 0.5529457288526791 0.5451391849002877 0.5498087503383923 0.53609083971225 0.5367530147435596 0.5160194122495132 0.48421430439746976 0.4723426278188306 0.4730007396143943 0.49544502042909827 0.46002851410945655 0.4478399918109013 0.47314190294260194
0.5060307065873121 0.48328728877006205 0.4763014708703221 0.45083554666307485 0.482554438982566 0.46538291470026477 0.49918508370838294 0.5190295330350283 0.5288699699763039 0.5676395877936234 0.5817624486397547 0.5992282845291295 0.5834648321591726 0.5475102559233634 0.5434861831316605 0.5299994110065158 0.5448942558767093 0.5519240357463533 0.5441348305350703 0.5337601502078688 0.5107542900862413 0.5038711805193015 0.5391271228181846 0.5439416984479759 0.5168442040288683 0.5000852296893536 0.5137238094380622 0.5334688078705666 0.5379558867529592 0.5325070111949385 0.5204143474133385 0.5334797705482857 0.5165370239444453 0.5051392826324255 0.5166889742359944 0.509228270527435 0.48350638497797105 0.4987214116751457 0.4899254698097817 0.4798455021776439 0.491064719042921 0.49205542028293753 0.4652679541307019
0.47379506834149154 0.462863490991538 0.4708251659725879 0.43202976299051804 0.46631668004978416 0.47775213009427925 0.4576132875399032 0.4743466723754865 0.5045791821708993 0.5459495290805152 0.5594858861608444 0.5980048835213997 0.5625198924210979 0.5711004957338717 0.5363546979297482 0.5552183979835819 0.5697556038377223 0.5549444366704642 0.5480925699212328 0.5014026048761328 0.5337018332880227 0.5329619246167148 0.5655005421366719 0.5713383757703333 0.5666512625878586 0.5373263406375062 0.5349093252929034 0.5222579638004189 0.5543138634568744 0.5273274788471856 0.5111022000068124 0.49821430336219447 0.4863006256345761 0.4825739011185394 0.4876708664555173 0.48872256555284227 0.5001989581041028 0.48988132987230654 0.5019661402446107 0.4915634976854312 0.4743085053558515 0.47724409544853147 0.48055449538372774
0.4674442036595274 0.4436114935399952 0.45061280460525016 0.4446914619462361 0.46837986250782737 0.45095348888322184 0.4664894255290649 0.45268684485633437 0.46616748085664406 0.527197357745319 0.5301457788074126 0.5519731571357825 0.5428958914583378 0.5493456896885746 0.5476747422293662 0.5739164395606429 0.5609045883301753 0.5684769027495186 0.5495608984098296 0.5283834618784948 0.5215244442117144 0.5628114046933349 0.5650179732221666 0.5884193346315509 0.5869969238590756 0.5704814486005101 0.5623618522684694 0.5711899708023194 0.5627323195150765 0.5316411428349077 0.5392279884502919 0.5208461358607764 0.5022571616724533 0.470016984388514 0.47693942663173633 0.44755520217732825 0.46258498052308045 0.4608270892892967 0.4986674670852828 0.47485404023119626 0.46557486862506403 0.4764012731682964 0.491618198610672
0.44340274564490845 0.4259315536034099 0.4554844955637121 0.45412450381764535 0.4700576146889779 0.44789982161978903 0.44391807055008087 0.4391051111424501 0.45281224423030014 0.48511994781588147 0.500393878954723 0.5285507852755967 0.5244356658987325 0.558182655456157 0.546529895697191 0.5716403969793374 0.5557943730004401 0.5281713104542907 0.5549884212863272 0.5597733309401187 0.5456212687218807 0.5683385190682285 0.5578774620625757 0.5782333229968024 0.5775845250821061 0.5890505588861071 0.5921868654408488 0.6024121275154515 0.5678696694487093 0.5412345813287052 0.5321673489947394 0.508707408103688 0.5042801122403876 0.5068378618464502 0.4880750218345909 0.4423438722010063 0.48155281952182927 0.47988965508180764 0.4919628722315014 0.44136722373044845 0.47495734289356933 0.4675414950465827 0.4728817207412083
0.4449825393831975 0.4495864508945254 0.41585922266603625 0.41991213961169643 0.45066275718400756 0.43785889497291663 0.44575511031162274 0.46480815337456277 0.44759102079618873 0.49366168469979255 0.5178796936568133 0.5605113489120954 0.5592549604763498 0.5758608139609055 0.5649243783358351 0.5746097251401777 0.567971354423329 0.5615464901179027 0.5607792308307655 0.557567354517465 0.5523674216207686 0.5478369591750863 0.5682074372798137 0.5678913920953531 0.5987170778301271 0.5766455018777946 0.5973406937736475 0.5601173291527854 0.565327993954819 0.5666887837425362 0.5320331903909711 0.5468009420775041 0.5404032758326065 0.5024000277114867 0.4746822640457293 0.4904232834989568 0.48859964907113235 0.4854385115498145 0.462335292078468 0.42505106637206735 0.4420624825316595 0.4646405037452803 0.4681649336455688
0.4361910170403513 0.44926669428573385 0.4160268893561009 0.40652621913990183 0.44472777207591696 0.4507076142610228 0.44184385638867224 0.43449207373313686 0.44380847824175707 0.48769010293288156 0.5284003311125844 0.5501707043421624 0.5470955683287693 0.5332293503651354 0.5634524892672345 0.5823084265161781 0.558238655515749 0.5413903315906557 0.5565869052169671 0.5240013547565189 0.5600441864771278 0.5369816545528071 0.5425604344428566 0.5911471035916176 0.603935314818154 0.5637554148209364 0.5806796412812776 0.5662587161220466 0.5923245420806297 0.5780247270064208 0.5619912189544929 0.5705272435663185 0.524142431526481 0.48271143482892953 0.4920963498237389 0.46258260447603655 0.4948107963788161 0.4951816998498387 0.47013896323338356 0.4476827728897501 0.4822504891987529 0.4718028953055513 0.4892764264114026
0.43426287542585834 0.4010208089692174 0.3936824864630192 0.40378796817268353 0.39917864420043053 0.4485809442410796 0.426087218555164 0.4184726783394554 0.46025072261875444 0.4873575228637312 0.5045129820747537 0.5426207152222098 0.5428518053089774 0.5414589258541714 0.5716396117390973 0.5528195044975021 0.5639972860205333 0.5445754299316969 0.5666016505205933 0.5367676721766141 0.552633866695553 0.5572103540366485 0.560631355009224 0.5703492955954002 0.5767748105403719 0.5800253845762795 0.5909540495463441 0.5718645890543975 0.5999856932704294 0.6017170171317587 0.5800284226146272 0.5495974942863168 0.5591438138192846 0.5598835271112091 0.5324482163664237 0.5250220354430043 0.4925899165348635 0.49114084230773636 0.5098932815498294 0.4698700033523243 0.4775649658800786 0.4936869398369815 0.4695695740797887
0.4007294678947257 0.37204978418901663 0.37913296178294253 0.37146027719127495 0.41931633885423725 0.439979974379088 0.40951050665052346 0.4316213793179981 0.45109182264013375 0.5165128274703481 0.520969091837481 0.5313235720542956 0.5055945290504064 0.5195257319800831 0.561322382276907 0.5824103010766637 0.5599748409325893 0.5732993578292332 0.5633536119662963 0.5507720583690295 0.5288596416820622 0.5623933501002142 0.5475692685477247 0.5619648082268853 0.5910060161952804 0.5827891499258541 0.6102561241293124 0.6104656228935286 0.6121167279059264 0.5584496513650893 0.5656888322575578 0.5817865256126123 0.5679292221934031 0.5794949521112632 0.5529094784961041 0.5515885538556892 0.5206399956722694 0.5186201347830687 0.491220510827238 0.5187554868403161 0.4944646826269583 0.5294392834742006 0.5158791006120603
0.346987674531398 0.3466689231788461 0.3425046521439574 0.3611150268688505 0.4037980596354257 0.4438990148016483 0.42704692976240316 0.4328936251111244 0.4746705437338331 0.4859739472195809 0.5083127773564777 0.5258251548409464 0.49734070527860813 0.5243928919190952 0.5435607533933086 0.5479834075118458 0.5643109381668746 0.5412161193443844 0.5574232832221397 0.5552743480747868 0.5193817248607393 0.5548039033513091 0.5487401208502906 0.5898662331136314 0.6022254867629437 0.5751991389883234 0.581580086623642 0.6078391551479595 0.6036453333677461 0.5992680546440806 0.5853736424426168 0.5873162958008776 0.5540677381612789 0.5638357210444309 0.5752762649493683 0.5451417578527349 0.5370272264435059 0.5277721767197475 0.5054442586693936 0.49832764419000647 0.5315232787959527 0.5064670773184079 0.500767720696202
0.3339047460370074 0.34716186995041165 0.3515190322297019 0.36870185500183705 0.3973534300474114 0.4490950179766487 0.4398992940970385 0.4425419806244935 0.4701290215415225 0.5100623195493257 0.4767878171008596 0.48437375777716873 0.48115929997435064 0.49376134885974826 0.522046525596293 0.5208530670505304 0.521055791417931 0.49968502252077135 0.542320313922481 0.5345523299402888 0.5342105452102327 0.5079341990125533 0.5457811434826508 0.5828399621741793 0.5921378201601075 0.5908686746274003 0.6077616504069923 0.6096879760165054 0.6065107644966808 0.5902853767215187 0.5702719717794605 0.5486238278888288 0.5332618765059528 0.5556379444245194 0.530730663233675 0.5226155132151455 0.5421420847781163 0.5277252720199711 0.5197731670221594 0.5003693698236437 0.5119394200384032 0.49597227319392506 0.5123112068676212
0.33497854011326783 0.36684422172224984 0.38847531500956284 0.40872662260941334 0.4224800083604013 0.4526436043756966 0.43331206759561836 0.4673481582851612 0.4648876812534127 0.4888479900352081 0.49383817865565915 0.5068801703432322 0.48536097522125327 0.4977567082109885 0.4700991496745942 0.4864224014332124 0.48711796112095784 0.513757612655445 0.4997994978083845 0.5182786567875658 0.5129947313645842 0.5296217452073557 0.537039536470284 0.5851524012391784 0.5800313863949029 0.6034453418658913 0.5868489522108673 0.5894225339780677 0.58631566008074 0.5692731700396678 0.5284856708529764 0.5319262177679988 0.5239910286352767 0.5078627627599787 0.5028702482155984 0.5262847324481972 0.5252608266097805 0.5144276549202084 0.5141798945034153 0.47751614182205265 0.47580299958722183 0.4629225954164261 0.4890286506114178
0.3349265140381076 0.38874319895991827 0.40204049488042926 0.3831006269741059 0.39623198677485993 0.43914929962465293 0.42806548195174726 0.4592376411462583 0.4588709994258769 0.44408305179089813 0.46376115138342233 0.4891216995295133 0.49344992388522996 0.46535200394563775 0.4366484361995179 0.4372797567873121 0.48111749915600666 0.5000728029523512 0.4919585120308067 0.4919437565474425 0.49950035298328027 0.5416047902870594 0.5292009163566955 0.5783061456348062 0.5677244417573389 0.5848001374882014 0.592251754752195 0.6206540010568188 0.5764797129822115 0.5428259349212756 0.5291582039591496 0.5092395591528214 0.5014743244845362 0.4895800420949451 0.4757153154664456 0.46702451026850367 0.5039907412191433 0.5182207766505922 0.5392972285558685 0.5122516915968408 0.48946283945247054 0.47248718871037404 0.49022642855619153
0.3633033173135978 0.3857966808980883 0.3680973409822538 0.3637263635295434 0.36587085227807414 0.3781038495033228 0.41193476228481735 0.41624707775722386 0.4280742007210587 0.4404564904878113 0.4338299677299249 0.4344267922318427 0.4650197631323621 0.4649214143121134 0.44256108299451274 0.4230840037822731 0.4579781653205073 0.4893467338105735 0.4923494015288098 0.516156529861637 0.5422774819958713 0.554302008401549 0.5432698898653908 0.5523177930441068 0.5614050416034572 0.5504278873033837 0.5642196012813547 0.5881933852798668 0.5965656318060121 0.5485517176932119 0.5188565034196133 0.48089198013901324 0.47163645996511755 0.49136527629669446 0.453682142125633 0.4548558775850583 0.45912207310149333 0.48439469165706084 0.5213459643475159 0.49545456952125494 0.4885048525545517 0.4488361190097519 0.45931987477056585
0.347863658868433 0.3683292485111391 0.339130458807647 0.36402682460995434 0.3489209266367147 0.3592572783543374 0.39714808520746847 0.39426842882268615 0.4104925712514352 0.46865499613674877 0.43973151179423864 0.4152170516050345 0.41155860199436245 0.4078854354294744 0.3997033691831514 0.4146515792019248 0.4412912360157641 0.48179522402765307 0.4813268413569915 0.5217157671789211 0.5280594508785352 0.5498406556332766 0.5417513190172247 0.5520035398362615 0.5702203265432649 0.5729488965114302 0.5449905191264587 0.5690994735474856 0.5780029790012348 0.5744908996793678 0.5360495615675563 0.48373497534787235 0.48519230046626644 0.4604407787092227 0.45570257112277723 0.425357126287691 0.4495589107423309 0.4860473592092887 0.4964542664872665 0.5017368459834418 0.49094366829254577 0.42944762194937985 0.4079025907778831
