Raster_benchmarking/Raster/continuous/raster-290.asc
NCOLS 100
NROWS 100
XLLCORNER 1743159.3102432876
YLLCORNER 5469279.866833107
CELLSIZE 10
NODATA_VALUE -9999
[rows 76 to 94 of 100, columns 0 to 42 of 100]
0.09966103119559848 0.08882838254318884 0.10460812769802982 0.09650630391737901 0.08822233657477611 0.15469962067732815 0.1355157438718291 0.18089417334823832 0.144730496992816 0.14949693014733464 0.1711118689617021 0.23222158280659919 0.26658935880384016 0.24292439275250785 0.28573702713434007 0.2746526467049427 0.26566411714837257 0.2866445242672975 0.3640225569177142 0.37480295133136254 0.3610133142008486 0.3937410368552437 0.40834081414617984 0.4279126777731394 0.5092842983714452 0.517250166402061 0.5177233777636172 0.5543746836041186 0.6215126197081411 0.6465589837640637 0.6196394786197561 0.6636689578845404 0.6942385692327118 0.7039355717354217 0.712210574374725 0.703693509954609 0.6937664076752195 0.7089189935211022 0.7263045971115356 0.7498269596442299 0.7606633300360505 0.7445552895245193 0.7995504111072015
0.12224467825861937 0.11247995553334707 0.11383120385175888 0.13114316014538627 0.11597819365689901 0.14219876679788312 0.1870534134757142 0.1840976200932852 0.1538472225036133 0.13714676791588085 0.16626815236165918 0.20073573274487508 0.2208126018015387 0.23072217366775083 0.246579283575082 0.270460385293189 0.24992302512581238 0.286533229106863 0.3108817649548248 0.3363371514811642 0.37951654143084074 0.3937970882440024 0.3980445403126491 0.44462866549110014 0.4880823257596643 0.476771125652138 0.497970417123896 0.5571936291872839 0.6120146508727083 0.6545844125278764 0.6745299086362289 0.6442181935301484 0.6477160077448088 0.6862731255097044 0.6670176806606881 0.666861199580763 0.7130485769222313 0.722210580782322 0.72744023025432 0.7764078867343399 0.7629876012325993 0.7394406696658374 0.8008893919889073
0.06208872674278915 0.07241087999233262 0.0848851875831829 0.12247591073966811 0.13149023534867 0.16608760451791144 0.19923980256022478 0.2127646355452359 0.19974199171985146 0.19179852435323824 0.14938653277782488 0.20871446445112715 0.20765219902229878 0.24580609293451813 0.26311031911378385 0.2639433989818263 0.29001407739261015 0.2996970146792707 0.31560347730883903 0.36391655709990356 0.39411824533723655 0.4108836667863431 0.3997596914652542 0.443156087156322 0.45843033329890925 0.4891899789518308 0.5157912819271778 0.5498364805075164 0.5808937299197902 0.6311584274391748 0.6868122824784029 0.6771239320426561 0.6412808763864054 0.6486973987075664 0.6675948692229241 0.6677692914033918 0.6706988706252015 0.7206474890054513 0.7810561971949207 0.7761797058859711 0.7297957475836038 0.7712530576740053 0.7535900286592877
0.060891198095373904 0.08096784983010012 0.11417385684021661 0.11449175947294833 0.16688318973946947 0.16526228180706376 0.1644214805700839 0.21501626594038445 0.22018121223249462 0.17121103941864374 0.1768853107095828 0.20377715012863024 0.19539886897454456 0.19908058539115522 0.21700204352199745 0.2682140338541012 0.2922854949852632 0.2869371317309047 0.3145934955721683 0.3412046158082395 0.4006356147015946 0.3907055163540877 0.3906866396006677 0.41944059489191743 0.4366267308837015 0.4773694652550683 0.5165607968612024 0.5509220543174458 0.5932821026203758 0.655455157184452 0.6794944050796031 0.6379459406461983 0.6414240342225046 0.6485136073362981 0.6453086394917241 0.6620161627362078 0.6606260288651971 0.7115648644262603 0.7043414416140391 0.7240536467413986 0.7523710336124831 0.7449683123486912 0.8022989387854944
0.07137655553828373 0.08622931884488289 0.06062825269073541 0.13259690650676567 0.14846470554672098 0.18100912632150018 0.17897440629689973 0.17400601735710788 0.19138778144282143 0.20694629458147024 0.20145362874407413 0.17606771944434677 0.22066633597652788 0.22054046034448269 0.2087283137711919 0.2480978910481659 0.26218200438319433 0.30367421865425853 0.3399969193940031 0.35190660563800535 0.4259651869356485 0.41863158049629196 0.42997904912167606 0.47118139272679693 0.4956112515912336 0.5000051724762408 0.5466114778936815 0.6101383603895216 0.6323364531431388 0.6290657274046517 0.6518688568833633 0.6300580761614365 0.6697608711916544 0.6730859371739537 0.6469881487801846 0.7052778226571685 0.7134391964767718 0.7058336117159916 0.7104838838322548 0.7267815685062236 0.7671426927573033 0.7896632366924289 0.8188158281627043
0.09018959823192087 0.05222649526352425 0.06872121407663187 0.08947992282396841 0.1339128128761006 0.1540214694689316 0.18018406082914112 0.196021809207572 0.17343594632873716 0.19232305836026262 0.17916517144918126 0.18188451946165093 0.1916135929276237 0.19467218882540177 0.21712213746322237 0.23785670260893854 0.2611700905948439 0.2920926524116332 0.31205106786759307 0.3712654225874993 0.4395491077838114 0.4726483623863347 0.505967778050476 0.5241254259416006 0.5681253022961364 0.5642617765298615 0.6018641941116959 0.6307381421524204 0.6400215678934469 0.6662607398924728 0.6435391741184173 0.637623617461666 0.6362317319018641 0.6293022697290029 0.6756295712327888 0.6925020872532335 0.7009937152030004 0.6778941780402329 0.7272296318869176 0.7280025715114926 0.7721408386197033 0.7540259628904596 0.7581605042245987
0.09205566296482254 0.10271797913464482 0.08192227544995433 0.09995987222838308 0.10470394014898575 0.12409654580597504 0.1382796123988506 0.19424876341155894 0.1761052143492493 0.14093583448242267 0.14088944487759808 0.20105008579246728 0.19442308296641891 0.23902171927023108 0.24590451973231972 0.2866663511471806 0.3251220611772119 0.28913185053661994 0.3121516680854823 0.39678442975857375 0.4331845485661778 0.5080694208919895 0.5431740356227355 0.5480631284697977 0.5755734067454676 0.5926034729214756 0.6225920976492534 0.6365196377821599 0.6692786671453351 0.6511776651002497 0.603561548501665 0.6156443046111988 0.6524190582730435 0.6271586152358872 0.6252719184022377 0.6323340460321478 0.667997545776782 0.7079633159116923 0.7337579726873743 0.7150610676645127 0.7583076130321229 0.7489611273436253 0.7731089998896936
0.13041109825673475 0.10866535349145748 0.15990644181989794 0.16385711831121808 0.1217735651707985 0.14840581707147726 0.12309511632944438 0.167540849872481 0.15897263305300094 0.1359165039661672 0.14629346139948776 0.2156948234354171 0.22448155493874666 0.21876032984470997 0.2646362785296887 0.29277909276238195 0.33255281106082246 0.34292014594276216 0.3775593573045965 0.3734695114246637 0.4360065752968172 0.5080356754893621 0.5127064220509756 0.5793474643573112 0.5517695726005588 0.5798857239782337 0.6286034204199304 0.663019273454449 0.6419345758562666 0.6535078496771645 0.6772750363468568 0.6776629460300722 0.6854920895951852 0.6537666091485973 0.6621770569573212 0.6484473878320905 0.646007990128983 0.6878766961967248 0.7174797961716166 0.7532034468732016 0.7914965303677743 0.8159439215461984 0.8258390839753063
0.15740288258723478 0.1771420387013694 0.19087847740178324 0.1516231935971692 0.1616657478072447 0.15625798179365866 0.15447045205646595 0.15632869044446396 0.16549187180187003 0.13449630170559243 0.15210341135793354 0.21335212074904117 0.26962812377120854 0.22746203685994468 0.25215433265598725 0.2866457512503493 0.34135911115327494 0.3664332278375527 0.4077658532824458 0.4259445624992237 0.4556146027250855 0.4662741617656033 0.5086661714827108 0.5275833018021898 0.5781956045869276 0.5641090815194055 0.6143303403416531 0.663163024201353 0.6401166964250586 0.6595722461502145 0.7197628585533047 0.720036633390195 0.7088187723874066 0.7064449225175513 0.6611663560559808 0.6542713371344917 0.6758499410723422 0.6961655679242569 0.7533660454005959 0.7936705692509948 0.8424871828718437 0.8415422017729559 0.8914497654091481
0.19798540028657155 0.1835792456240706 0.1926920848191646 0.1910994521107743 0.1840218569472869 0.18364412153123502 0.18140314533393048 0.15801105414437996 0.17445404887895505 0.18321221584251066 0.21642367933492312 0.2354475174157134 0.28144487518625594 0.2646861783084332 0.27086353511569267 0.3088124694299615 0.3989607124007426 0.43368416442900026 0.4159726668506314 0.45543998969201815 0.4610253064111274 0.4913607248711655 0.48676083404922643 0.526733656674744 0.5741215969687407 0.5955421524565467 0.6646722292766571 0.645142051327348 0.6602438426414753 0.6929892620639327 0.7362588289728376 0.7202194484726528 0.7047085820499199 0.7120162103152696 0.6857469414267792 0.7026689044114485 0.6923828351892974 0.725012948067403 0.768219221197126 0.7812937327423608 0.8552397936326953 0.8976850794907566 0.9503185295676125
0.22540842509991607 0.20515788509805247 0.17854049602576727 0.17627503363714467 0.18622655206905733 0.19710162179398377 0.238492116989214 0.17958932590107873 0.17853131936800223 0.17826560880014522 0.22802248337630102 0.25033991895645497 0.3169457675020493 0.3141690586448441 0.3198700378562962 0.3454268476146413 0.4014632270937398 0.4179621879330832 0.4691934490106085 0.45117623310381755 0.43795906360895487 0.49769092052554825 0.49326830936875454 0.5165296992894125 0.5365634660926624 0.6187219848163492 0.6949562032949581 0.7298121674759571 0.7466849971099968 0.7471147879688391 0.7665507256870635 0.7635595310342074 0.6964375821798023 0.7434135745750055 0.734654424106049 0.7346396803718562 0.7203665788926737 0.723428909384097 0.7680793625774363 0.7724387519611151 0.8125216836105161 0.889267023545164 1.0
0.2033021470402663 0.20397655858717595 0.18461714493026493 0.17317809854553545 0.2291947032960389 0.22768925090659872 0.2125381482667039 0.2186398321007026 0.19606591947373106 0.2217043598810506 0.2804284046551935 0.26930471981823945 0.3149657446533116 0.3290010616049342 0.32108722868635714 0.36033976165651554 0.38186102819259937 0.38396114430274964 0.4426540308632194 0.4077857519069686 0.4229001767629073 0.4757436799996207 0.48726914175256636 0.499651778197328 0.5725504151039585 0.5958167778572732 0.6675008390076999 0.724867339961813 0.7479839360502817 0.7773185091637386 0.7960604180331 0.7576576057198525 0.7277955847279582 0.7518302323979238 0.7455881025779296 0.7408308340079336 0.7742699074924771 0.7591148829547615 0.7661685075821066 0.8251629602551819 0.8259228987022915 0.89588100127999 0.9330103360427798
0.20979718997112243 0.1843338607996471 0.19735825985909705 0.20158410680181635 0.24583697292633563 0.23354384564485997 0.2815220110351938 0.2728772372429554 0.27132308230690355 0.2557621303404193 0.3112167647817753 0.32924362261187207 0.32303817760078574 0.32272170563947855 0.35273349209604005 0.37223733189349456 0.31873103439139927 0.3610403535948232 0.42667214621214683 0.39407334168674996 0.41045663860544573 0.4498100249541478 0.4673420495383854 0.5096076534156981 0.5737995147085838 0.5902383271307169 0.6834696425002589 0.7178879168285789 0.7221119658642554 0.7564467996452631 0.7716241747598999 0.7534094144311028 0.7445235273605033 0.7589654506733068 0.7705277617694942 0.8072226062286396 0.7929625797269761 0.7998854776804206 0.7894021967791858 0.8327704298356694 0.8184464436782442 0.8397899204628603 0.9017230376096291
0.20541577903376024 0.19879502168008104 0.21446504136519642 0.19921726990361344 0.22194716415276217 0.23016428765306438 0.22948993152373207 0.21765978737575775 0.2280103871976204 0.3081255644547262 0.3290618285947727 0.32893933394212765 0.3055987471539039 0.33136236789477813 0.34545942018812553 0.3496573530816147 0.3765327282368849 0.3965083142215342 0.37694695471304507 0.3997007653671547 0.39957393039983113 0.4178816578527802 0.47748069340545524 0.5397730998431163 0.5716846853556199 0.5720158217660697 0.651189169703752 0.6961618881668007 0.7369593454627145 0.7266134067971028 0.7519030164955848 0.7302509212217478 0.7392031070970595 0.7870250942185297 0.8022151917840296 0.8273529316206563 0.8179946130403682 0.8277103619514915 0.8030266857139347 0.798677846838379 0.7908672053232001 0.8211149125339536 0.8506038666984232
0.19899053755030252 0.22508557407993607 0.2137418789019371 0.185836376867348 0.19225320904564608 0.18495580729791775 0.1814253984431849 0.19884765670263174 0.22784662792478502 0.2789775257707846 0.3169735590990344 0.2685008741313331 0.2647345934219606 0.2729590236430535 0.29865371965743664 0.36507810548251757 0.3918099612163207 0.3800635540289971 0.38046898008502933 0.39899512777556156 0.40929182675327297 0.466354934695043 0.4948262706807154 0.5262932896114416 0.5512942329811803 0.5511537409800389 0.5665602819565765 0.6326959927172461 0.7051160636018059 0.7385570763782254 0.7065783986873343 0.7357086879567082 0.7470747407787521 0.806829039903574 0.8318746228105666 0.8520289750180079 0.8281121965067914 0.8347897773248191 0.8607962353158984 0.837102385599998 0.8404341624624394 0.8256297474967627 0.8245678126790171
0.1938156420653326 0.1990858037928727 0.2140334215430333 0.18691013735817008 0.17002203477059033 0.20771617521207994 0.21315240070972913 0.2059815171920897 0.24903457829986528 0.28452800450511445 0.2873994300377029 0.2716705434631676 0.2635275784187414 0.3080600564565579 0.33969685835476465 0.35937558758651017 0.4106936967165952 0.3942465963714398 0.40242827562972144 0.3995469413090543 0.4136373221562826 0.44233743431359485 0.46065890220057215 0.49585630534505526 0.535275656599869 0.542530682621042 0.612228538789801 0.6309316500554522 0.6953031740569673 0.7278354068962576 0.7113386398779223 0.750440161839569 0.7635756237986959 0.7872193535422168 0.8296161394901409 0.8059133271695835 0.816788408858699 0.8231369899451794 0.8383580723538394 0.8343454981919086 0.8399470320642431 0.8146130122189433 0.8130732628482101
0.14114288715051118 0.1500550033442719 0.16885428249447837 0.14789695352336527 0.19639154313255094 0.18549736546678844 0.20232709082535372 0.19933260770657268 0.2162258197157901 0.25458384496810516 0.3005087094042627 0.3103733919909808 0.2793375331238015 0.3375745430420866 0.3480435479112971 0.36729019447433836 0.4174739709694949 0.37705459963966526 0.3876617930548546 0.41158250623133613 0.4455799521850537 0.48314112197190445 0.49697945961332674 0.5121523786115433 0.5422373267060457 0.5997200648877562 0.6158543669637276 0.6233381410668309 0.6755867355153505 0.7079163397128874 0.7449875321337407 0.7249331924851278 0.7486224959406318 0.7610663300664537 0.8480532356911663 0.7965065754828049 0.8065277309223756 0.8134145680740216 0.8505835899087372 0.8478301403133331 0.8282971534732716 0.8261876650975803 0.8345868505835925
0.1385738714061248 0.11548719633189672 0.15879907532130014 0.14952484183236195 0.20454253142820375 0.20254328445401365 0.218281817557214 0.24016388592123442 0.2644631381612367 0.2820718138696098 0.24752103625401517 0.2773397567445914 0.2856582372550305 0.3284170813007938 0.3579220548475078 0.42134673406476575 0.41135928183545906 0.4245358936689546 0.4043894421235411 0.4485695634914705 0.45753422659670107 0.5205930696682142 0.5392489901765259 0.5547541322279652 0.5961620056729822 0.6170859514086077 0.6354278850153448 0.6263592123317704 0.648009592281135 0.6949943529862807 0.7420347735451803 0.730942728585126 0.7721401182713211 0.7697475662900898 0.7916683479146058 0.837884724722758 0.8330544651297667 0.8338254784825705 0.8433093697468489 0.8425818015764734 0.8243030542689047 0.8370018957772788 0.8109341478657777
0.12090777920878731 0.13523401897943754 0.10318050214240315 0.16555137625906244 0.1920475481325552 0.21859219918852074 0.21199884211571374 0.25315701110864297 0.26035954185213483 0.28064735100021565 0.2348980091212748 0.2956841732665751 0.28670247558929934 0.3614028429848841 0.38015274435818697 0.43990707737456325 0.43572212680849615 0.4411777224264288 0.43860177402254996 0.45304408546245606 0.499790099802984 0.5423004277856862 0.5764634091522464 0.5935271767593512 0.6175188529320711 0.5810448778291432 0.5944771826964407 0.6069031184330448 0.6030917213570508 0.6627859095209051 0.7285003451122463 0.7049437240018307 0.7519353250903281 0.7882129413464554 0.8245386102365475 0.8365301983534328 0.8175350658551509 0.7853394331845817 0.7731906651298694 0.8119557588081786 0.8068012397769855 0.8191746087527324 0.7889976783218727
