Raster_benchmarking/Raster/continuous/raster-130.asc
NCOLS 100
NROWS 100
XLLCORNER 1743151.3880482514
YLLCORNER 5469289.689483746
CELLSIZE 10
NODATA_VALUE -9999
[rows 76 to 94 of 100, columns 43 to 85 of 100]
0.7991360912439597 0.7666928077959756 0.7568800196654863 0.7617346838263014 0.7479325323527923 0.7344874077905565 0.7343940663714154 0.708075257381431 0.7397916614475564 0.6910576864838189 0.6790228083912032 0.6677880311373163 0.6051943561036233 0.5621683274097895 0.5238153274270108 0.5286270542229606 0.49055218000906115 0.4749635424572792 0.5089472964260421 0.5166847708208459 0.5310593296413829 0.4917034772687076 0.5063410482665488 0.552412868075987 0.5760171454131447 0.5848148838388476 0.6052397337667811 0.6513269667944951 0.645911318873583 0.6951037973044688 0.6798390417048286 0.6344602848789282 0.6227341776451306 0.6448100291690974 0.6484042368339091 0.662497236583331 0.6668098495451722 0.6267627600360617 0.6116430438498972 0.5944447203992743 0.5991667428549199 0.6127609093272623 0.5716747846648493
0.7725319255539467 0.7281940153739602 0.7285264434620337 0.7394338954930669 0.6846886391701573 0.6773369560528831 0.6873898503851275 0.7106508964863307 0.7195986187426329 0.680817675937539 0.6898737227522128 0.6378852010780806 0.6017495792439198 0.5653692108675099 0.4864506432247976 0.47670984406584577 0.4681367124810894 0.4624734644092714 0.447355214852847 0.48155199626361583 0.49064739855592787 0.4793105973335438 0.49397602646198585 0.5078785666443784 0.5566429040284745 0.5498225663611426 0.6213044741790628 0.6346640911049245 0.641839006999012 0.6553461060991225 0.6856083481852359 0.6728383458495293 0.6215568583386821 0.6142727983144796 0.6487789496389856 0.600227092615722 0.6091318788143923 0.5926990420331741 0.6334172550164521 0.6099425917024898 0.6114471295777161 0.6157207524642657 0.5789064706010583
0.7523141678471476 0.7231065431951572 0.6962483252791454 0.6759552942104013 0.6910229701602014 0.6652386474999372 0.686890318185125 0.6478646045338509 0.6694444231558184 0.6614195988570337 0.6164872462738471 0.5769424180821722 0.5662737173291534 0.5509743053360159 0.47790204890618604 0.4840481302321256 0.4617404038479299 0.4540798538625654 0.4556556744539239 0.46975411091126573 0.47476114300258593 0.4873904610770084 0.4960042522623234 0.5073625690413022 0.5375830749073615 0.5338997189770643 0.570726801311367 0.593018309127305 0.5984185260899072 0.6398187575156198 0.6179290973050987 0.6554562028950092 0.6466507153619322 0.6061569799743347 0.606468005545893 0.5805055528874064 0.5900460840421174 0.605407724600438 0.6153216692987781 0.5751578035226835 0.5775987295959517 0.6109732366515742 0.5971621848596073
0.7546861054331869 0.7344939470406704 0.6919107147433282 0.705290906471987 0.6960694328023432 0.6611404451779478 0.6659809414953959 0.6268604542687057 0.6138389037768801 0.5939617060138209 0.5700852884549538 0.5391150781830755 0.5170322956484016 0.5058144256642599 0.490647814989532 0.46568286329237235 0.49255460763767617 0.5029816995857627 0.47716450035902386 0.48676936277903654 0.4924475546256178 0.5015932819014015 0.47047464738970496 0.465765427753798 0.4519913986637145 0.5073947163919439 0.5133496290186143 0.5341695173463267 0.5639538120773286 0.5643019372907957 0.5900823549923386 0.6257185322429861 0.617841488357908 0.5748005297622099 0.5363652572566026 0.538906863810509 0.5501892337569121 0.5882462806426674 0.5841372864321798 0.5478767378270579 0.5506979795351088 0.5692652042162395 0.6116034458687125
0.695845802805547 0.6836037667667972 0.673147062328106 0.708606912633502 0.6950451073057122 0.6695171048881985 0.6589931969616463 0.6469880760461605 0.6340521960987809 0.6121632466580993 0.5940542963767206 0.5340159837997064 0.4941156359522231 0.47111891402825573 0.4953149013987741 0.48770045743255747 0.5014357838393774 0.506595804852651 0.4675750251679975 0.48640930167421215 0.47484473893577983 0.44924306113547674 0.45505893073237164 0.44063500986024695 0.4327233264458652 0.4840793053451255 0.5108916557550276 0.5183057169099543 0.5674259807131583 0.5575664303499551 0.5870007994084478 0.598859748253442 0.5734930023191341 0.5864397287749233 0.55812471102641 0.5283943036078749 0.5501641408147185 0.5654215073986831 0.558138147957836 0.5399700606592505 0.5325348118157557 0.5923550837396834 0.6080030682756381
0.682173119485769 0.7130646578125271 0.7161600492539122 0.6798757256524208 0.6913167578878061 0.692598834388271 0.6772296723160746 0.6663124687179399 0.648188262471389 0.5687680954313353 0.5522297105700528 0.5063768729139703 0.45870652748177154 0.4600784661522663 0.45880937653199055 0.4526897111006086 0.48211899283446985 0.47548087494934466 0.48140116435294245 0.46755512604207555 0.4977832507691001 0.4267490928859745 0.3921298715004075 0.4439502406733405 0.43072112648005967 0.4544338081238607 0.48029077323862535 0.523431396802701 0.5395536697024194 0.5186075800871794 0.5677875489440359 0.555969447474684 0.5684370716506875 0.5505787576204616 0.5179935721665445 0.5170129691379762 0.48434428126919693 0.5014865041516213 0.5423516489895011 0.5293024099179233 0.5356013450070445 0.5570813038025925 0.5965716793417377
0.7011332289036023 0.7084004413112266 0.7009762994612546 0.6813152891520486 0.6888540388903229 0.6525584508645046 0.671580549459913 0.6557614342424443 0.6260863892720149 0.5729800064522748 0.5416143630239545 0.49300620124813294 0.4623519124306951 0.45338122780257023 0.4746922862000894 0.4810370144748738 0.4528880366729546 0.4832782256800155 0.5002718754739326 0.4946685840331342 0.4841905729307282 0.4315885334086933 0.41606062238111646 0.402869301429985 0.44138857203842574 0.4404037092580534 0.44849856186012677 0.4657517754721062 0.46910377071350967 0.4902383970009035 0.49673817792987196 0.5378908294269354 0.5265788473412686 0.4933386475072311 0.5158557680701898 0.4792333069359662 0.4698707761857827 0.5123216974054638 0.5120215324618722 0.5126487210698125 0.5464350877282513 0.5607967634343621 0.607605829213879
0.6398687684272424 0.6574312980059185 0.685677062265102 0.6548424746770415 0.6519020712574574 0.6657221847064088 0.6575873264755546 0.6291053433932081 0.5939300826940004 0.5348568657317511 0.5132836979848093 0.492712728962289 0.44688329277153677 0.4663701772805014 0.4915010816632216 0.4640359600302202 0.4481938212681001 0.44216005336023656 0.4581511741288685 0.4486297177528298 0.4586723745242729 0.4490719726831359 0.3956579665728429 0.42178529672317394 0.42944166563538494 0.4196380513576868 0.41354406946667066 0.4512912052534249 0.44421393330280284 0.44977883348392866 0.4903237767292375 0.4654070827373173 0.4832652858317441 0.4938445488772751 0.4902671664396081 0.4579499354311561 0.48915899055591516 0.5122944091681483 0.5207787981427163 0.5086118236255023 0.5571136454291729 0.5791158889703132 0.6158466004514924
0.6264513521496036 0.6299155769789117 0.6014353939916641 0.6225288234398952 0.5951272977302007 0.5988078675762798 0.571883924330368 0.5774010408775272 0.5676814051232781 0.5425122430429018 0.4851689058882536 0.47287877719597576 0.49454208330530636 0.5026869439106275 0.4673233262428862 0.48152908043151005 0.4595608440168612 0.43442831471853166 0.4477814044302972 0.47865633161936677 0.445565778606171 0.4648076431632115 0.4558649890227348 0.447625678897297 0.42901510054982445 0.41508204572122076 0.44046021456500345 0.4370389615847621 0.45116604256391646 0.41869129945048983 0.4282989210155876 0.42524326086842107 0.43478647542416243 0.452835776547332 0.42774185787180724 0.4433474420786571 0.46958230541355567 0.4864767471723624 0.5039263115811209 0.48959831173064333 0.49759381309619116 0.5795052104028375 0.6001589331455126
0.6375344225068653 0.6187736674341942 0.56663868048273 0.5394176705354536 0.5455224926032202 0.5735733146316374 0.5307779902851558 0.5200790935744933 0.5374363465763279 0.5139765357031759 0.4427614495865429 0.4530787045227332 0.4910029596172684 0.49646958640049416 0.47548574600075266 0.4621522668373228 0.4786083954233832 0.4745459465081665 0.466497481875206 0.47592226159151824 0.42879553181549357 0.442825719053548 0.49344974318829427 0.4731785450660789 0.46986645642805097 0.45496074925297997 0.4325029749047314 0.42435961894690655 0.40490441185218123 0.3930268656153784 0.3679681503018644 0.40746019813109857 0.4405516480877664 0.4445898431714543 0.4054960863098427 0.47175830922599743 0.48048484926907653 0.4843729274550125 0.45111630402801733 0.4555835426068582 0.46919515912987525 0.5254442747581809 0.5805820662334338
0.5916259201315289 0.5837330500232035 0.5733696108015459 0.5243701480221774 0.5282818812579383 0.5524066864591771 0.5429794419892056 0.5097796079306973 0.5258566110985349 0.5203804665666737 0.5032693870312788 0.44729204433084147 0.43602275011290254 0.4545222913886985 0.4899584838266796 0.482687431887862 0.49497856682651886 0.5093811437763281 0.4694388576281834 0.44858426649642863 0.45045061714352175 0.47507567900357417 0.46523697337563674 0.4921489004629094 0.4607570373519836 0.4742427151224889 0.41848594332665295 0.40159245082688455 0.3762752452232475 0.37262133462118685 0.3675557564946177 0.34809758140208735 0.37020163882999296 0.38870622638605595 0.4038577055786332 0.44895997161585427 0.46819987078719993 0.4529690844398722 0.45098898506227 0.4969235520383701 0.5018489978807015 0.5107413764921065 0.5529213609566034
0.5693412930699278 0.6061798834005375 0.5821387460052931 0.5571597269074227 0.5046921534095992 0.5263257615107267 0.5502440262177661 0.5041671164921523 0.49654170708730244 0.4694847781575753 0.5009807914620065 0.45111408097206995 0.46165393317290226 0.4230648179608653 0.4651787669744141 0.4688214727710371 0.490958159749979 0.4869874102252827 0.5011193116873537 0.47518954299175753 0.42760318689187565 0.4762484225390487 0.4628373376601311 0.49588195138389346 0.4674222912024184 0.4691976142687636 0.4437442648549809 0.36606490214408444 0.3236910941498416 0.34717955275072787 0.32753355070717705 0.3401364013539017 0.3189782820852496 0.3974800301292292 0.40660249025458606 0.3893486190524711 0.4048120663050035 0.418424684403369 0.476471349606504 0.48895507998870835 0.47813588696417403 0.533276566650927 0.5428190327432482
0.5852214277324306 0.5844681712019527 0.5962958620208912 0.5673607302956174 0.532367903030742 0.5464375498336705 0.5556418325942067 0.5101600821974024 0.484839407237328 0.4618675492929941 0.46040928566663775 0.46282858057765797 0.47159596711994745 0.42464651716996565 0.4449845343661197 0.43199564371992083 0.46395283754010275 0.4756959337154657 0.4804280493323455 0.4372260921040106 0.4116413303029698 0.44834931693368446 0.4337244968586975 0.4497186699500236 0.41771555315545544 0.42382904289811996 0.42728730088501277 0.3772652651700703 0.3520942121144039 0.30413684138310826 0.32257369815731407 0.3103175536990231 0.365631613029258 0.3696379603916319 0.3643468487729702 0.38755351060246834 0.4421623912167975 0.45051418732216614 0.4739483157478033 0.5008921148771839 0.5101169424071585 0.5357201179863195 0.5300339854511398
0.5817047163263739 0.5910473683292816 0.56142071970582 0.5454429675351313 0.5679560757167744 0.5159374849160446 0.5290583051584489 0.4876371984691917 0.4572558430937823 0.4854502212557143 0.45713275034427736 0.47701331360884086 0.43997393642809035 0.40562091225671715 0.40215388338068864 0.42202055334165134 0.44974226590029687 0.4394376885747856 0.4543297999062849 0.4165819651889678 0.4105503817102001 0.45057500687930635 0.46207446050425965 0.46425039733964535 0.4039851961727904 0.41968809956226505 0.3744618802522657 0.3867676145826663 0.38223746698851774 0.30470841662806575 0.28511601026252725 0.33410636423324674 0.35836717761157494 0.38282050852539035 0.4067328760569903 0.4283778651652434 0.42604465918706547 0.4224802893489923 0.4604709923506042 0.5073529156131269 0.49932341870192065 0.5374419840268148 0.5277319485441668
0.5758929381920747 0.5868874334517191 0.5689041691747293 0.5465433559665861 0.5371849236649688 0.5134993732228383 0.5072140202885164 0.5218609559525941 0.4616713914800499 0.45991105841399377 0.4630718849496235 0.44843168177391857 0.44089398936042007 0.4223110307715022 0.4230764581572314 0.44411847038388136 0.4126187966781445 0.43100118757855443 0.44584699132082134 0.4171322727639876 0.43290136914311117 0.4281542194061426 0.4554585869611869 0.43582319365747074 0.39611574069251027 0.378981867611423 0.3884882716736002 0.39777426221883116 0.38174910112647437 0.33938286302619947 0.3536755635365298 0.3347267814591613 0.3557839883482396 0.36405386924138833 0.3943672090327665 0.43666989552628105 0.45556034840706877 0.4304216737555123 0.4647157079990408 0.4670567787352671 0.4836698974641517 0.47370558914285765 0.4713039357371318
0.559419081991378 0.5509115065542718 0.5691736312844928 0.5120782528869011 0.5199630416686761 0.546277332743989 0.534614418630207 0.49091010794997264 0.47153438250906726 0.47378250096632035 0.4872521283522577 0.4435644588451428 0.46448688194998755 0.42013771158174956 0.43476365801073746 0.40276645098824876 0.4264835985056838 0.42170025430914093 0.39149650619324305 0.41789707741520854 0.421066714443986 0.4479447890155831 0.4661867927930615 0.4415162351167265 0.3969050753778731 0.37220262978776464 0.34492997567557676 0.3746159212237829 0.39424448841114684 0.3665474798236506 0.38842893718140215 0.3424961290492926 0.3619908437571526 0.3663509209736624 0.4153498002129773 0.4512177576070529 0.44260021819412165 0.44330817176353443 0.42372710393223834 0.44077508587774716 0.450229858322659 0.4477798936481929 0.42531666959232345
0.5483241933521277 0.5311340282066624 0.5280843821626426 0.5182524872820025 0.5205950651183325 0.532328681311617 0.5255037500499395 0.5158499083383074 0.5133018040824694 0.4806077939884508 0.4478217239898708 0.457719748399374 0.41634291438397114 0.40224298122504976 0.38681968652543364 0.4075975132958397 0.43869071591858727 0.41434297094556616 0.3961813046444775 0.4309896998609225 0.3926168658989324 0.4258558788778771 0.43384824604896305 0.4429892495742317 0.37298402925009455 0.35458483647135913 0.38082179444903 0.3890408630958437 0.4026099076419395 0.39812770906966755 0.38756572407188117 0.36075209815242226 0.40441418232736737 0.40697772702612206 0.42803170204609864 0.4181722362590734 0.42077935831577123 0.3799569001042026 0.41173378243976844 0.4192652526254164 0.4224243208991529 0.42020020997459046 0.3997389475970131
0.5799056146971323 0.5215673436615802 0.5128909102618685 0.48604238285169693 0.5018682036128207 0.5004333254032634 0.4693855658735492 0.46391163053604734 0.4832625537575134 0.4349672663540181 0.4143525366428241 0.4024035727143874 0.38462288710085313 0.40739183565711184 0.39687419941494895 0.3935172198029523 0.40277983561616815 0.38314486696549555 0.4316147851661431 0.40140560761436794 0.3872740788779665 0.3946818780652026 0.4647484139431552 0.4051234073973899 0.3782394404176683 0.36032303372124413 0.3985883789278591 0.38634691044998054 0.4174483862398231 0.3666603086113509 0.39005874447075084 0.38984112184534275 0.4071738143693302 0.3964287412789143 0.3807683816178885 0.4070477379423933 0.39650098853828397 0.34252371051172603 0.36731638402235167 0.37103885437040823 0.342463476965651 0.3674889110103505 0.3696579568329526
0.5800151858131155 0.5549082584146819 0.48585825581772135 0.4747700405724112 0.4979226085933462 0.4647110499829637 0.45859959752695567 0.4259641391915509 0.40164933333455294 0.3981577007617788 0.41420501304431956 0.37646691198121934 0.4116942010342338 0.3734956397796124 0.41834998370603704 0.4365475266768962 0.41979225474167264 0.38610880226389993 0.40098680626493993 0.38630378261059656 0.39694942007218853 0.40533786228207025 0.4000398265965935 0.37324881493977097 0.36425567405999537 0.3574230062812395 0.3836676501683479 0.3612982703337036 0.3593965811769728 0.34353473354281844 0.34749984417046675 0.3627401884761579 0.38357781372308414 0.34703659980265206 0.34119490246691153 0.3566357399129624 0.3463429466107016 0.3302534647340092 0.355313322467199 0.32904942554639655 0.3075590512991346 0.3176432407721615 0.3615201764480313
