Raster_benchmarking/Raster/continuous/raster-476.asc
NCOLS 100
NROWS 100
XLLCORNER 1743159.3431403786
YLLCORNER 5469293.614509872
CELLSIZE 10
NODATA_VALUE -9999
[rows 0 to 18 of 100, columns 0 to 42 of 100]
0.3395965922655239 0.3265610234537635 0.32261597283414567 0.336865111183816 0.34262037678640567 0.3904765283081775 0.3611786986958061 0.3766690615067269 0.40370531805298704 0.4261654855937856 0.3980396781227947 0.41438492918302977 0.4089039816456519 0.4523480651420551 0.5027732829881955 0.5479469586146658 0.5273362936762507 0.5484378156060116 0.501885952055367 0.462693202385393 0.4819214854575505 0.5211975249386888 0.5285559108008226 0.5003495123783567 0.5216992003458669 0.4922846279543713 0.5262105271603934 0.5096268568091484 0.4935843749070072 0.48648232350764364 0.4606778939653326 0.4852754924124491 0.4377702918705515 0.41940593521697705 0.4169054136396316 0.42648578127371917 0.4313630602890431 0.41385465845226066 0.4429120777394441 0.47022189279489435 0.47359614776244624 0.4677193692477594 0.4687003706317282
0.3381115389873734 0.3321194683605255 0.3310195375116098 0.32864433054003284 0.3531240422219069 0.3489242965887816 0.3707067153173653 0.3909391292911219 0.3879063983374212 0.41273682663822064 0.39348020928617083 0.4177862917535299 0.4211349797184388 0.469931565571141 0.4848925504790056 0.5178839512483678 0.5329756958143348 0.5327802770911999 0.4916979246015966 0.47755529890908543 0.49502764699291546 0.512424981321863 0.4815381505575635 0.5096781903465152 0.5072832913230728 0.4726863423168893 0.4898886360948988 0.45828311894019197 0.44038851626945175 0.4694837142152998 0.4661044589131998 0.45553009732857647 0.4411194227946774 0.4281762303782077 0.4107247319350876 0.3946881248161979 0.40426926787122025 0.4334820711937675 0.44042730714004324 0.4713517269224682 0.4959337335316235 0.4962608434256141 0.4803146892412529
0.3353610732536839 0.33663955699791764 0.3399667669873093 0.36754008388587334 0.35567542747110936 0.3471742019593204 0.3767999314552933 0.39793278739343313 0.39999713444266194 0.39391952776420625 0.4113194486876592 0.40991955572795036 0.423019513330409 0.4388134209613615 0.47606794664943286 0.4559581108353253 0.4841175889201584 0.49415910023872134 0.48749184107009225 0.4640608283407976 0.47557885175823195 0.46775366002188673 0.47214108450295766 0.5005984486450504 0.47924535631087 0.48521877129693003 0.43741658258758015 0.4092471472698448 0.4373150647684572 0.4409157652594606 0.403923611425105 0.41283744691887364 0.4124588449837714 0.37819299189622435 0.37669588576471835 0.3871571487969612 0.42094296141347504 0.43673970764341563 0.447360451665638 0.4695319825335317 0.49269414157566227 0.49422334034900905 0.46826369420715946
0.33245014197547423 0.33317465572700383 0.3669596664091074 0.3920103878851091 0.37216659916247474 0.3821783744199234 0.3916546996140943 0.39475310497742583 0.4159993529275488 0.39216187711324285 0.3968970280605562 0.38658974707108373 0.41461151896435033 0.4417826345050937 0.4587430757275562 0.4674141584590753 0.4886040436806124 0.4965244843858552 0.4548251758558232 0.4488798501478266 0.4368291124104006 0.4629352511905691 0.45677594170733676 0.4548838673970128 0.44444005117672825 0.4443324948196259 0.40515640581544315 0.36854171847876005 0.3789761826458816 0.3889364223771722 0.3656452157000192 0.37067445309944136 0.35276605326742944 0.3689189728677916 0.38017994200962163 0.36637827731310413 0.39298129859027475 0.441264768494475 0.4246469950164788 0.42958531016691676 0.46701897793282054 0.44443136734149824 0.46737524983497386
0.33613624844556494 0.3649661379062366 0.366521739583669 0.3800430789272577 0.3590053188216688 0.37259234728184054 0.3868035119774842 0.3789059384660654 0.3881960681004508 0.4177156509665754 0.417242067454506 0.398651212287794 0.4094645976441764 0.42041411066563356 0.43975180154682536 0.47657588415322544 0.47141147514839327 0.4753630963203112 0.45147774411815567 0.44981590787161807 0.42219985111532127 0.42664535157841066 0.4212761240967624 0.4510290231041766 0.4395571908098591 0.3993148549329405 0.36810067852810835 0.3446337944201434 0.3585473273047972 0.35065264181930245 0.3319998100535703 0.33844404077812673 0.33129424486454456 0.349789732774626 0.3554850957605831 0.3797890516764601 0.40852732449374274 0.4358164078333753 0.4022319679165043 0.40494178536810055 0.43869887631571663 0.4176260014010082 0.4580182099249429
0.3398671796089749 0.3733777814474307 0.3605581898234851 0.3812715949787119 0.39155832283836656 0.37127011314717834 0.3727168371020336 0.3701169136863653 0.39264837037211414 0.39393459771940964 0.40030589863710686 0.42173070591295575 0.41289030763276047 0.454257221280853 0.4618452574095479 0.48453808957835826 0.4727872483669994 0.4503752853321109 0.4362512910230648 0.4389596522406103 0.4477524878887302 0.4319746031021388 0.40275878047702357 0.42391405841130647 0.4012006652352329 0.3751630377928351 0.3674229830337761 0.342980171945932 0.345983947295893 0.33397130212236936 0.3339580852054921 0.32223590603645813 0.3340344774114243 0.3416170421217303 0.35499477916757455 0.39143070504948224 0.4132476662716752 0.40534299903429505 0.4208854821502321 0.4374186165126874 0.40472916843747986 0.42808523029885565 0.4332379953536235
0.36495973199825665 0.3639911568694017 0.3642786401885715 0.3720287198290316 0.38524953473497275 0.36654301840295206 0.38330114898853773 0.39352444832066086 0.40984147463780624 0.42550501997556056 0.42877412062541664 0.4434554438331145 0.45023787379445873 0.4521650047857565 0.4536068496559826 0.49050453624254997 0.4986580693556328 0.4535972940822353 0.43111795428417 0.4447070181131312 0.4157512805737211 0.4028793928701664 0.39301509013407343 0.36623066802265436 0.37238904813227247 0.3327296378878302 0.3341542419273465 0.34312181252053875 0.3137927380180232 0.30809583786836703 0.29186699920568565 0.29952042211613783 0.3077536963784336 0.3457601131050887 0.36768361053446563 0.40502220808248673 0.41774812325633603 0.39718342626556047 0.41650016918554844 0.4388277658093563 0.4255624059978758 0.4299601064467197 0.430165948483257
0.3754573920019831 0.3568781229432113 0.3698695679796158 0.35341842063115625 0.35872921142591446 0.34025379980684595 0.33724930611041193 0.35249451928432074 0.37723949504691767 0.395280157897262 0.40606512652741056 0.4216892872147601 0.456735573378214 0.4533614353156724 0.47717775899408826 0.5050130617423252 0.4960246776574366 0.4640262504476509 0.4400000913600828 0.39865588322134893 0.3798142011032563 0.3895707809950173 0.36132233820028714 0.32937156192806705 0.34640284154840756 0.31736757336064503 0.29662886600886074 0.29146236802299497 0.29608492746197895 0.2689968314383287 0.28162758817877237 0.26528598140544474 0.29615809065521226 0.3281903096412509 0.3449453033239014 0.37963629094827533 0.4085501757889556 0.4116447225119078 0.4183852428443182 0.4004074597693182 0.40035852126155785 0.4095569013774378 0.3978951150270888
0.4097535627759003 0.386549993945868 0.38785095329905184 0.35653136054326523 0.33063619537610717 0.3251151053888854 0.3227233406841515 0.3236206977286953 0.3663781698991463 0.37966633739100336 0.4098920456333557 0.4592707808509967 0.45497184278582076 0.4856231356355892 0.48971718299344325 0.5337771112171532 0.4909433432756147 0.4824136318248339 0.44537112280068736 0.3867423824754582 0.3507492337016025 0.33876016058563374 0.3279440237073932 0.3130290719079128 0.3153326343580326 0.32649882230110827 0.27207168993496145 0.2524680440566769 0.2604360378033643 0.2460158206733052 0.2585882575578888 0.2561569881674592 0.2746413223946543 0.30229580791850047 0.31977393053223474 0.36451599414521474 0.40035271803125533 0.4023774168403882 0.4034313065851072 0.39305558181547456 0.375605653808586 0.3988864211512293 0.40516395252299814
0.40531762101101093 0.3837764105254516 0.37079430665669594 0.36858578189050123 0.3471528082736443 0.3292289226784785 0.31697073620755944 0.3360546266839293 0.3382469752758408 0.3637637540860932 0.40584112838700936 0.43021772103575434 0.4405802510140549 0.4748665695032525 0.5019164921380695 0.4973290822865289 0.48075747927919 0.44216296238691033 0.4116688505846018 0.37435393448686355 0.3612496861759793 0.3195637188387952 0.31305734049994166 0.33320018988680994 0.3206391728361688 0.29651073603848005 0.2926163869128072 0.28066048216333717 0.2848429989955742 0.2689708012093914 0.24705678949772392 0.2576248426957794 0.2826324120511421 0.29309232755343656 0.3074934753229444 0.35200680469235684 0.3634904043203516 0.3746503788004425 0.39797680781448597 0.35191693209174285 0.3478003164482376 0.34401851041623993 0.3383144517718276
0.40479325836045954 0.39968167142560557 0.3604133820314606 0.3531917305015085 0.33660907975429716 0.3266187834495049 0.3162649572703691 0.3040771677216243 0.322857096055511 0.3790791199483767 0.38484719281700885 0.4196078628135607 0.44529273763803706 0.4485267308739832 0.49642407517494924 0.49796148767462806 0.4727509783042174 0.4288152321706594 0.4035670095862755 0.3945233049843927 0.35648436710117637 0.33849174607823174 0.34461576189934534 0.3327207409464085 0.3021727856168771 0.2848750100310099 0.2742798114221676 0.2956651933208263 0.2794385048117995 0.28690478620789567 0.279072981353988 0.26209071830704106 0.27360810309053785 0.2788960049332741 0.2925194651686481 0.3390300947242197 0.36212722148374527 0.37006998168448135 0.3696008801040836 0.34674466062157994 0.32840193471019946 0.3186194776394885 0.30826152981250027
0.3618836344422953 0.3933261909179121 0.39038942298793666 0.36291940029770337 0.34934244597773106 0.300803228888357 0.29404337834995714 0.3320531573719337 0.3331554705308934 0.36348007739798577 0.40570048934049857 0.39445015449896487 0.4313990388072612 0.46680847992457675 0.46271051508851274 0.4911083816222721 0.4694333291520324 0.44206703896300786 0.42011875866264864 0.392284234441101 0.37919553614855966 0.3883298941576446 0.3573689169563558 0.34371229036323503 0.29543066746333024 0.29704943751946866 0.271357366540865 0.2691675922583445 0.27427740258068495 0.2826864087699894 0.27736339120064385 0.2921119222769161 0.2659373866943167 0.27877732685008977 0.3167939065074663 0.3581603272135061 0.3647227567424964 0.36444529109929563 0.3635672538872559 0.3358061205217573 0.32802283036662977 0.3101823952097967 0.2970786284116048
0.35530036805905607 0.40214533196774266 0.38051080266791376 0.3707436467635067 0.35263477244737157 0.31932314727810374 0.2965738859355544 0.3108060349496898 0.3263812381747661 0.36125959471420227 0.3785355054872 0.3968128235736665 0.4260747340711712 0.48288295775240553 0.4866703901105087 0.49294492245629723 0.47408067296209966 0.46014134511803384 0.4290068845933038 0.4297045900265923 0.3920079214551835 0.3990162083905498 0.3844473822469873 0.36257264125520805 0.3050799048834761 0.2765320869824638 0.27147243393554754 0.2499339000798336 0.25535914299907364 0.25928209703492494 0.278227121356888 0.2924499000904217 0.288739390196313 0.3110040907084893 0.2948865978520171 0.33931081705556104 0.3618464248533226 0.36030505836839105 0.34212675055418323 0.31422009762614694 0.2951010087254222 0.32661921897249563 0.32565641637300624
0.35580839847097373 0.38341814791595596 0.35429116936027927 0.3572997781315375 0.32730198817057254 0.3267371318316664 0.3243050152543077 0.33898528838395287 0.3464355945924119 0.3561572679546382 0.37096098570869673 0.38887056298267125 0.43917429643660155 0.4591288687297953 0.4552762826156968 0.4801002331244811 0.45055700759654377 0.44138479137045755 0.4464846226145775 0.41991517616398233 0.429375493798271 0.39996709848179435 0.4059761822013056 0.3743053684003863 0.34729589651118453 0.3243707079326343 0.28854288557371854 0.2803308819840339 0.28729359792044773 0.30325675218774656 0.2785980747485628 0.2705638284829746 0.27395078322043326 0.2923794319020646 0.28958570646757253 0.2945060156495125 0.30766680555066145 0.2941820748302207 0.31350162161922834 0.29810029114535264 0.285038706675686 0.30060974227729775 0.2978612024679495
0.3632942258885622 0.3605695185479339 0.36456059823356113 0.3346424206684967 0.340175975738994 0.3091178082904303 0.3264315053700486 0.3075676341666598 0.32839147714644945 0.33866687456829053 0.3519859550348712 0.3748743677338447 0.42965316135602766 0.4489718251971965 0.45498044820185246 0.43752592926130385 0.44758898907225086 0.41069560084452195 0.41621244771196997 0.42229556664759516 0.4014319354493036 0.40905677929372597 0.399513797582554 0.3762236832563708 0.3542062348328767 0.3355889232618303 0.32001472216499094 0.32669384849303246 0.29604759508801975 0.31707920508069465 0.3029000317153131 0.276712119270825 0.2874715269751822 0.2637861065009636 0.25367305845534077 0.2709417372429766 0.27815897975127263 0.2779189947996569 0.2739680593515895 0.28887819294529093 0.25509964588427575 0.24205321608128597 0.28470360639581754
0.3967797227511769 0.3776439113926919 0.35401078842674333 0.31955359260908195 0.32531737350472073 0.329836886878811 0.3414807942277647 0.34170847681467426 0.33904092310612916 0.34649853084720494 0.3438939752826525 0.37463822936006447 0.383155825152593 0.44004376879383333 0.42646245142442574 0.4332775008867611 0.4143488067755741 0.4276453483660046 0.407338232083127 0.3922451343316894 0.4195318452106476 0.4057923832957214 0.39246659280395924 0.3637832566184773 0.35537713828534245 0.3407345495681417 0.31490376969217926 0.34968355068548324 0.33296621022796763 0.30317477541953464 0.2990630502847076 0.2785408319664522 0.2742617054809327 0.24132143124497338 0.2637435310428879 0.2560636191965535 0.2508911233418076 0.2496102946989941 0.2608043256292257 0.2584498344160921 0.2651952752029926 0.25317167640176674 0.23688659176526802
0.3975650733993518 0.38648852230059083 0.3826213525235308 0.3261155651987921 0.3402068775484142 0.33688832078542497 0.36000479916611644 0.3569856443725601 0.35010783230647624 0.32925909176616935 0.3236126806657218 0.34519195038786765 0.37740472920254586 0.4177301071581772 0.3936659105313708 0.4436946478883551 0.4312458282667556 0.4238386007235097 0.4121295600007742 0.40601650816893226 0.3899520314809946 0.37092248736355027 0.3506980813776955 0.3329007158486039 0.31679065331178624 0.3090807503051384 0.33723444879776415 0.34779862736065836 0.3245726507488702 0.3301318901419741 0.30900302550080055 0.318495035949718 0.301537733847086 0.24442134645690333 0.26810990425876785 0.2305043060305104 0.2580281409026328 0.28345854446298874 0.25468560515106126 0.2689095034645214 0.2296251274209561 0.21275007812905197 0.20724204871676816
0.40280122135145857 0.39329702837265296 0.3888287807028543 0.3738180132770513 0.3516616250058718 0.3450945064524484 0.3620810760378824 0.36445128120649445 0.34399776755662037 0.36743586481204493 0.33533263364182864 0.33946778126745314 0.35675268325557935 0.38829417664351146 0.3715827737093592 0.37533464679241313 0.40844748210131115 0.37891896965015875 0.39928212043326156 0.37316351891889477 0.3792756184622325 0.352247066863115 0.3506962520084456 0.3560335788098277 0.3421499295173815 0.3127515473476053 0.31462605411959454 0.32437274684925305 0.3170969898990372 0.3043614501396903 0.31749138299121116 0.2775920235660501 0.2835043870703358 0.2608951311041753 0.25041124201807474 0.24931729406923667 0.237881056193038 0.24916183015648333 0.2565906576835535 0.23106853859046428 0.22578161488750229 0.20883212253748293 0.21098101442886044
0.41642457091464957 0.38656533960344225 0.38864119019287663 0.39285578214303174 0.3601984499863025 0.3688677953505303 0.37074037672506205 0.35210297579703115 0.3601941638543961 0.39061243295546827 0.3696356715972146 0.35040451058408806 0.3589015782033628 0.3249839930144993 0.32881274824335954 0.3440558544940023 0.38501362181639204 0.3632362464688464 0.3916367684171421 0.3826082447555056 0.33669553714566663 0.32017556411807474 0.319697280249373 0.34479465810105225 0.34639535780996655 0.34756485854393904 0.3386709376662195 0.3201336324397352 0.33363860967829034 0.32876974732189895 0.27486529427197925 0.26164927846120817 0.25969229806187943 0.26187067229011696 0.24074062411354696 0.21490737864024462 0.19975893578315945 0.22988203376100572 0.22952705633390064 0.23832018625626733 0.2045256842635866 0.1957523507396909 0.22983235076289465
