Raster_benchmarking/Raster/continuous/raster-289.asc
NCOLS 100
NROWS 100
XLLCORNER 1743162.3505446136
YLLCORNER 5469281.49312138
CELLSIZE 10
NODATA_VALUE -9999
[rows 76 to 94 of 100, columns 0 to 42 of 100]
0.1573863140225432 0.15216313876815907 0.16929001005549846 0.21205626551430481 0.24693277905507713 0.23678296731762488 0.23903504584612492 0.24522598908491092 0.24960162152802748 0.2845212005159752 0.2638044394949469 0.2936629135967726 0.28028539434834876 0.2728808651718213 0.26012283395394226 0.2706704580058446 0.28176746150488774 0.27543382871772637 0.26737252439463016 0.19856851934297448 0.16883184778188529 0.16507337630694838 0.14077050691363252 0.17949971222229763 0.15878197746588926 0.16328085971902465 0.09917491005994915 0.12292560705717757 0.12812541109880204 0.08733179567261222 0.08444223324910026 0.10913368049269476 0.0933324495301182 0.09737267084719889 0.12549701590253312 0.19366290578516074 0.173245975542324 0.18415599544846997 0.1879149019862494 0.18349603791808236 0.1745836483087662 0.20797655636184798 0.21397273883898887
0.13081199248386183 0.16829507744759298 0.20848642379007168 0.17300513015787006 0.19767367778387138 0.18697995890209324 0.17278926309564707 0.18376793428024255 0.2729904048481703 0.2815336741248393 0.31281603784656264 0.30195306791374776 0.3085210765504948 0.2918922826299693 0.23426693877337768 0.2381995888743293 0.19334623353722027 0.23658308865305852 0.2035547875390932 0.19800427192297465 0.23081056193518681 0.1597818250610162 0.14570076776544452 0.18099918334195095 0.20798923939213898 0.1876443610585179 0.13649870586071725 0.14337763560899286 0.07920730463650238 0.06866026861070988 0.09583004557155231 0.133132292283874 0.09574149719234475 0.10852153869868415 0.1841776570583403 0.15524452034816438 0.2003839568249053 0.21808627016605897 0.21504479587360115 0.23079117397172666 0.19718250076215682 0.20775916166402011 0.21654902075884
0.16868421662426022 0.15685229540217205 0.21822044191393122 0.20286951133471695 0.1748742488979283 0.15776784383996872 0.18869336976926915 0.17144860059475453 0.22902640617321382 0.2806863949767353 0.258541381513835 0.29014630055040713 0.3080108162996088 0.2566595943259526 0.2413800580839461 0.21115267606270458 0.16384561915852502 0.20065596424291685 0.14644148955762318 0.18129251967441048 0.23449270954895268 0.17901996369581047 0.19821151041585106 0.19888237709443304 0.22114893236141042 0.18808278523397365 0.19828774601874335 0.1978967870253024 0.18504318477864923 0.13154138566104395 0.12137840145392871 0.14407498105012456 0.15607018933893513 0.17048491525595078 0.20312604038982615 0.17294552079351244 0.1852503068825398 0.165971161425934 0.16903203467247907 0.2067618051657492 0.2261779940168622 0.22067600845286167 0.24070353357926874
0.12499615706584592 0.15620657964166587 0.20145418302963194 0.16354612249072495 0.15636112128758944 0.1539816942936891 0.148153894341628 0.12615432517293587 0.16815615434923248 0.21737862225907018 0.2527835491038361 0.23658582103319437 0.2622377633358016 0.24785503835466174 0.20445497848796368 0.17487355258814744 0.1785132605864981 0.15627367957788232 0.12173631441966369 0.20590886418843163 0.22391874791929717 0.21931259795043698 0.1671576645325392 0.18542967589671425 0.15945098353099318 0.2120695368212503 0.254507806995457 0.21495077963261333 0.19918582324875722 0.18858579902646402 0.15961570079494414 0.13818708366306073 0.17872925449553628 0.2133637228841724 0.1873365330797583 0.21325906206163375 0.18388873414566934 0.15299151246469367 0.16442297516831292 0.18545214777397107 0.24060861468468941 0.21560346660485571 0.2353206975090763
0.11200591478591243 0.14117462257122326 0.14560992449944007 0.17045244766762446 0.11422334922648533 0.11735052704302286 0.13792589961541846 0.14175477255059685 0.20567446293655298 0.21869336890896762 0.22722197487707743 0.19626376321083935 0.21575217927790097 0.1696971907571832 0.18646305945787423 0.1527733279107723 0.13107699215259558 0.14545647102535678 0.15365447603409282 0.19214547053044284 0.21010925848362336 0.2374655983610359 0.2293466919334862 0.19019421563843425 0.2160084734693551 0.21951810753502143 0.2533963169624958 0.21388998127043857 0.2005520693125417 0.17382492465853866 0.16763480742152934 0.18242805601413667 0.2027542564293751 0.19616912687989643 0.20958996050935472 0.22971099142394746 0.19195546431027563 0.21783609786540017 0.20950114528493083 0.21169805283014928 0.2241815132308939 0.23257629980827604 0.27047452237012415
0.13723220988783513 0.09314200120635537 0.10171501493265939 0.12531946568131394 0.09251433741281574 0.10445593615517947 0.10291165331143425 0.1656213373296166 0.21277337622346443 0.19677417361635383 0.24319017513414373 0.19069435217944125 0.1453856703873411 0.18068544801998443 0.12213663288789746 0.14515735487616507 0.17471825833253687 0.16841359199530073 0.1932073532589665 0.17352548020446865 0.2069218169648412 0.2284372892007115 0.2193955191107564 0.22138815570730822 0.21480191567543414 0.23070288947777795 0.2009784981448651 0.22687803260045086 0.267656994044438 0.22103364134013073 0.17838224174669062 0.21213547924868914 0.16745789129590705 0.2131801141079998 0.21798159980856072 0.24922917120058383 0.21887950667027886 0.20022237816059535 0.19166808245427205 0.17630938262768903 0.17509206758811438 0.19863059419600446 0.23972757781819096
0.15675869677075943 0.12555531326378366 0.11856399297480412 0.1248721279513087 0.10412111205143358 0.1182745159308283 0.09330397610597531 0.12204344431124364 0.16754763225957384 0.18495986820158872 0.19197274927061914 0.17283705033224728 0.13357113678355553 0.1526900109362641 0.12980630438825344 0.13784693937825515 0.1354633092002446 0.16224983769113618 0.15576473772194485 0.20962290398967903 0.19257245710787269 0.23134406405642527 0.24410293915323555 0.1990017399227792 0.204803205107673 0.180445722327625 0.20338716315681954 0.24127941530797034 0.26454587183441564 0.26999476528183564 0.250533397377717 0.23947456543055745 0.1961537817923587 0.18633479170310893 0.18801121798636744 0.22362367468081357 0.2430821515219292 0.23523851950547742 0.24071398089787738 0.20830990455683945 0.19532554866036167 0.26213217933927624 0.2575313339729224
0.158954246062903 0.08896051615479131 0.08176998584052177 0.11603866007841006 0.1495498577591103 0.15688009287455618 0.10394409799872477 0.12769211810207792 0.12397672773186579 0.14004161701950998 0.1828254295347684 0.15735123196959605 0.16492549806668688 0.10868834063135702 0.05599794623328334 0.08055671293021875 0.13192494447189299 0.13247166568681043 0.1532807762323458 0.22945471657223068 0.24169368021984283 0.21156027634203498 0.23675260839488296 0.23010424595260637 0.22863961158376278 0.181309044655039 0.19292785456346037 0.25132721759969384 0.24853577340052532 0.23914350736231188 0.2580245110413677 0.2569205314165468 0.23338183543028862 0.21044487720110133 0.24544955358379877 0.2675558983555846 0.24172300527460241 0.22245040275312508 0.2670150475662995 0.23858761357245023 0.25111795135505566 0.246004618086428 0.258266173136823
0.142851036441646 0.12238627800413719 0.10388786146079715 0.08306257275843697 0.15566119646169538 0.14015993567490573 0.09559038783328862 0.10477722242561323 0.12833897433288127 0.11217335860166017 0.12317745314966723 0.16110906030980096 0.1480847777120364 0.10576163530836238 0.08748223473570231 0.125746746916508 0.12551863512638656 0.1625169275527521 0.17290667334211132 0.1921989186551443 0.24471364743894655 0.21253383423182196 0.256851822340044 0.225044213108753 0.2366071855891451 0.25648816721452894 0.25312497523461475 0.27678546295549156 0.2593329712337653 0.27924161028204764 0.24848863260123355 0.24784217626084817 0.25519251239723373 0.24851141076429784 0.27571733552405414 0.28799672769312396 0.2351790346260808 0.2415088575320059 0.26701970587342916 0.2577012413341667 0.26521111050318696 0.29042689977235 0.264916651416983
0.09371622822989897 0.08841845132001659 0.08687953176016613 0.087369157775502 0.14684198599039325 0.13555811665801745 0.15046794831525367 0.10492656985938295 0.11616225220562777 0.1336511435421341 0.12533083128828054 0.1707517530424412 0.18067385272369726 0.13511269718130775 0.11535208547751807 0.13308360667304897 0.1604459363338559 0.19590323339735424 0.19083657495986633 0.20409650598707796 0.2162383191857976 0.259436938556794 0.2594481431492314 0.23888844522020874 0.21656302278495035 0.25565023150925853 0.27628180115709505 0.290554824587383 0.2795735872253882 0.27600329767382314 0.2681479796827434 0.25030819815867167 0.3001625256188703 0.24936921725359942 0.28244068877336853 0.29518174454606233 0.28187586907680057 0.278401226109082 0.24210116447866878 0.2634922129094254 0.27331438871533165 0.2524504314037122 0.29703119686558765
0.07402657566071975 0.08273584713708741 0.09815020130223866 0.13945883125725653 0.1628634588968859 0.20279975042783638 0.16635552499840298 0.16018300212942554 0.1678994677544426 0.17701803434497937 0.14023231351040408 0.16261589440010119 0.16218547738804376 0.11743896663814862 0.11931596016087397 0.107869537465282 0.1481325397406536 0.13971284941923057 0.15135877362814257 0.2114159935816138 0.24927841049420185 0.26333881265033743 0.249485008353327 0.2685231466034671 0.28728814854125123 0.3027638164644916 0.351565314118013 0.3027955299468536 0.29187078019752116 0.25428487752202467 0.26148099409460607 0.2609860649320968 0.2936578447608459 0.2653345617418683 0.243697355187784 0.24610115583108116 0.24924637584792922 0.26157390077583664 0.24258692819470284 0.23234695933703234 0.2915634732887647 0.25970051033943276 0.23810333840399994
0.07943035573486928 0.10458956442672458 0.17629122034894634 0.15159079313257112 0.21300284342501127 0.20543290762771219 0.22663898196419166 0.22819406726721572 0.22736898723831664 0.2008285890040063 0.13678216210301275 0.1671685149177671 0.11645884100944902 0.1300557390254147 0.15176500252830763 0.14194537786772454 0.13143911729059873 0.14625002326354564 0.13388881536526454 0.19776495702344582 0.2246984426827772 0.2724436746096168 0.26341827548044455 0.30613039395078984 0.3705343353973832 0.3570675987385468 0.3977454340142211 0.30846382895240954 0.3217270717289492 0.26861945711804747 0.27092444213615 0.24308204985280762 0.2205019994889359 0.2211555063952984 0.2695124658991118 0.2938934612268982 0.2568365491011982 0.2766669926231614 0.23074203091216378 0.26848711513672924 0.2788816991850988 0.23020954150999054 0.1962416016135578
0.12631407650484736 0.15061959902563163 0.20880808781795407 0.18210070626713432 0.20581466715031566 0.2393276186648459 0.215379497169387 0.25934134594170244 0.20151273983190757 0.15646633198660456 0.1452217916513882 0.13399651096158754 0.07946499300600399 0.09932658760754985 0.1260885283245289 0.1227604349455278 0.1177048860990865 0.13840916630811767 0.1821081235989494 0.25304049874621815 0.2558391060205221 0.3032743750247255 0.28084788781522874 0.3545601370128232 0.37001015034696455 0.3827129101687802 0.3204818943027053 0.2912265483689338 0.27453502014429915 0.2845777332141003 0.2962500984297091 0.27063613377410645 0.23249275903019426 0.24793027489062885 0.2404392321694678 0.29500467776628 0.29400708612044324 0.23110088392314881 0.24334413607631158 0.22397702357358326 0.27664056645620305 0.27341699095709543 0.23378528541472918
0.1269500688092202 0.19180415504076795 0.1953162136769242 0.1963612327876782 0.1918558577924549 0.18824747100148098 0.2547685894103203 0.2313170803466444 0.22324347350040788 0.17449141077207037 0.10360184177053529 0.0968118847095468 0.09902014489912377 0.13138624723012549 0.08660394436685784 0.13029281444944013 0.13392148200914067 0.21833707703080676 0.25298708988388474 0.30529431497538256 0.3313769044648497 0.3465645081591743 0.3172786054805831 0.3784247371276737 0.4035623994200578 0.3655965680132401 0.2955602857322661 0.28303388715916006 0.2762877638001359 0.2888544934816751 0.2566733848030692 0.3026543952536525 0.26228405899971685 0.26886104173350533 0.26354109445101476 0.3205070217855291 0.3332273733622769 0.2472345156876415 0.23583144903059552 0.2177932244216094 0.23127535897109686 0.2582153695736795 0.25740961403172563
0.15944167774626913 0.18773578609217448 0.19819191171893122 0.1964196825578459 0.21276780535618647 0.19491300738061562 0.22979133904304844 0.20080225129209364 0.17189484693142518 0.1712328222732627 0.1599611141805997 0.14186119810347184 0.15670892026598066 0.12410140072781359 0.12612665575018667 0.17372510116710077 0.2028025355723505 0.24890241688752143 0.2676904610038087 0.33021006496506683 0.32181941675433806 0.31226095747119864 0.3352111941755528 0.40156852194388815 0.36230440431925864 0.3319478910913156 0.295241623912334 0.3210845016947052 0.2711722770421212 0.25724740348727665 0.29933733669255747 0.28899281501542745 0.260717200821272 0.2936179633588246 0.2930154969711836 0.31458796065901856 0.34273858998956075 0.29499202331041646 0.2610336743611693 0.256690267286191 0.30131725071183946 0.29289590152211453 0.23536458701975055
0.1981155895902114 0.19285933908354883 0.1731600579476505 0.21620848033225518 0.18349405738405675 0.22451669685161701 0.19722513244749187 0.2259770948559737 0.2026999735167227 0.16901350613501728 0.14597877340083518 0.1625973353744533 0.15862009600108287 0.1473740328078837 0.12231150300402603 0.15800161547962313 0.24393999233205202 0.27514980668493605 0.3109064688256415 0.30637118185133233 0.31347289053268634 0.38132075924381525 0.41741440751546055 0.43537180114525936 0.37885196753442 0.323050299439664 0.32509064086531514 0.29464890947944394 0.2858197400247329 0.2807940769713447 0.3080951739383686 0.29112723015179875 0.3235511089831296 0.3510240411189417 0.3998316826961996 0.3465683361695724 0.3393334249163392 0.28392042267923406 0.2948282111323418 0.2822789935288392 0.3475460165515904 0.31517003664894694 0.2936736277825157
0.19815360513144664 0.19524666427549422 0.23016084984652427 0.2172836694802064 0.18497913202332705 0.2132716159789831 0.21624385158996287 0.25791524414620864 0.25956220835252614 0.17382379335558587 0.16903081118118335 0.17226197601115875 0.1965542049059681 0.15177517282829245 0.18411567603355744 0.201323262442952 0.2741045261959731 0.2769187631711493 0.31835250373693613 0.3213975995712362 0.3324349935136517 0.3507764266747964 0.3683496084133556 0.4152514267912368 0.3763640410702318 0.3579000618213063 0.3800533779914926 0.35760172980276905 0.34888562252596633 0.32213094737389597 0.38799947144412134 0.35668322417892495 0.3925489230366888 0.36615567430119195 0.3434884300439547 0.345730640468395 0.32314269016605074 0.32566082150591275 0.29275661552994287 0.3417696022913352 0.36357946198386787 0.34094408479358923 0.3005649709095206
0.21405871054026418 0.2447463809433733 0.24120350641457045 0.23177221100699874 0.239949881282765 0.28549397144564903 0.252805694185993 0.2579117296114476 0.2900755213161655 0.24067658500263894 0.1851715711577462 0.2162392004028246 0.17661593607332723 0.18336255732953943 0.24492346743224322 0.2794744132956417 0.29861259324136785 0.2859327167637657 0.2698868736999415 0.28916859207326856 0.3007880092169787 0.3218512333553039 0.40574472966582975 0.4281492091309633 0.40412606249962385 0.38237160189526925 0.3853595660147585 0.35802197606311836 0.38677971857535 0.39908068867162466 0.4379200985533862 0.39758225736624564 0.4247395824529377 0.4001787280422687 0.3607374444162023 0.3271544769225922 0.38333374836393624 0.3519203037288054 0.3128838812591817 0.3013812254419574 0.34964745131712255 0.36998669044461613 0.3389051644814652
0.2604140383111566 0.28919475490589863 0.2595704745957563 0.253385140066166 0.3021134170165398 0.3105783554904922 0.3319155188067406 0.3463784718445909 0.31828742500347673 0.3272671884273768 0.2876496055187552 0.24274721850602482 0.2661671120284726 0.2277058774522243 0.24684874338896817 0.3010385706018553 0.34190904225380153 0.3119454353878086 0.2728491502626241 0.29426316266413766 0.3114116273337523 0.2903550391640947 0.3616336297157923 0.3587279215352998 0.4251409716533036 0.3832811686151241 0.38632107473983734 0.4230619193543221 0.3954216508239599 0.41561342353848985 0.4091311030432457 0.4180953764099848 0.3948782715036993 0.4268062570556554 0.3968893789693791 0.3334282230807991 0.3373223064121032 0.2921771826643178 0.28805786931422783 0.319754288308413 0.31941798000037375 0.3638878383517764 0.3783361742524482
