Raster_benchmarking/Raster/continuous/raster-176.asc
NCOLS 100
NROWS 100
XLLCORNER 1743163.478942864
YLLCORNER 5469284.163442586
CELLSIZE 10
NODATA_VALUE -9999
[rows 76 to 94 of 100, columns 43 to 85 of 100]
0.9057276499010241 0.9662641787194801 0.9857384980277756 0.981859725785963 0.9325541715574847 0.9033491854038754 0.8856719857556513 0.8683655265481972 0.8217419831543026 0.7471077126787287 0.7423395534281076 0.6931032569179564 0.6173758341009958 0.598875658100289 0.5340817567976577 0.5727363584333263 0.6256430973518731 0.6110878043883193 0.6330951788575301 0.6200576125403459 0.572452524378428 0.5663358446998955 0.5426722753749883 0.5509491862377006 0.559998816449885 0.5137364576048206 0.4765998208788671 0.40383933724307247 0.3837416232946567 0.40348505979716964 0.4054503159830646 0.33725971923615616 0.36816040441011055 0.40273555901894104 0.41447209835667614 0.45497734538731327 0.45065670028864874 0.45328499041899 0.4995425716226107 0.5122162393413513 0.4605225424501441 0.5235058710090083 0.5319573584031139
0.8668348088080137 0.9307364304489902 0.9675032925952727 0.9491132446210543 0.9484843547292411 0.9219557801744575 0.887285534884128 0.8063352947133756 0.7901660525214306 0.7793268906283259 0.7624430886319831 0.710791890627999 0.6506008171220381 0.5680337908068327 0.5931957340178238 0.5935710653736065 0.6326336935768289 0.6345775334100048 0.6256600861659788 0.5965131101682414 0.596711116420396 0.549157890666099 0.5492591701086135 0.5188825569957521 0.5362969504722376 0.5558091892703653 0.5181638692573588 0.4326883176010276 0.42116877642364936 0.4408961787297823 0.44391072393132186 0.36921146389689585 0.4291084578216336 0.45367860090210144 0.48627373949500763 0.49271608284045276 0.4631122279333483 0.45244297290839713 0.46510588692545274 0.49865596603244505 0.5062986784952684 0.5025316386301859 0.5308728160793614
0.8953088519621364 0.9311829293348781 0.933170578809619 0.9331503539367502 0.8990527693126713 0.8479481934329886 0.8333512231318192 0.8194947844169319 0.8098655214186413 0.730857750395175 0.7250497805723753 0.6716962414701366 0.6305172109313609 0.6231641786161763 0.5812774142439188 0.5447078537882982 0.5850424459601062 0.6200099816680589 0.6155528946415257 0.5898005571963252 0.5943488888603125 0.5563073150722472 0.5888090892456745 0.5535615421566141 0.5879505315789316 0.5442120585586189 0.5100673311246723 0.4484925399388733 0.47634310844006217 0.4579163466505298 0.44573201467590723 0.3914522564054456 0.41023242241929525 0.4755154858926657 0.4784863100115243 0.5236513658980969 0.5144806248995744 0.5196414611804198 0.5349093552812202 0.5739017367646028 0.5677263468024426 0.5475977088047072 0.5839835503219503
0.8473005468547791 0.8806781207783967 0.8891631214265455 0.8373455456706037 0.8806305497557356 0.8699390053999542 0.7867723770075913 0.7941082618980762 0.7486533193767819 0.7445301244413588 0.7209457799618189 0.6368620540769718 0.6444104921070005 0.5906299140809631 0.5820069576390189 0.5602113108653008 0.5598419040600917 0.6049615088693314 0.6085200265238275 0.6039961729093655 0.5853036822394212 0.5412425610938417 0.6165671357097773 0.6063738140029868 0.5619484903291706 0.5801621037107956 0.5369967503192122 0.4797857253111026 0.47202240594213274 0.48882083216290184 0.4880547100015833 0.4280791365973483 0.4799789962680412 0.4775431475099674 0.5289985495917576 0.5156654997215759 0.5176623275974022 0.5715665942274069 0.5701551639060248 0.5718346285388655 0.5587669907604561 0.5978918514210223 0.5726446310236005
0.8484901618036597 0.8044204236176339 0.784356328756989 0.7807029213241823 0.7794102933081664 0.7784472568827414 0.7737720723251245 0.7272485154478637 0.7299488471244843 0.7181814715111005 0.7329088586272824 0.69814501819088 0.6247617429805322 0.6023844675525528 0.579833879570584 0.5679139970056204 0.5747542001263545 0.6014787087479169 0.5965308774337493 0.5791076357959025 0.604518736837572 0.5867308666465214 0.5972991162056642 0.5970842197090304 0.594090331822546 0.6084722762917089 0.552311076974537 0.5393700445835002 0.5549406738049815 0.5512014608992913 0.527559486668074 0.47674357290750735 0.5222773744724531 0.4873308634392551 0.5026555340546268 0.5265718424869741 0.5097322656256525 0.5308161834085883 0.5282446329779363 0.5697853366227842 0.6037070655246087 0.5622815190459407 0.5339842507610106
0.7749981645751681 0.742380909221812 0.7311980839534538 0.7974645834338692 0.7666437371447842 0.7441473206771285 0.7496810173136127 0.7147529865413598 0.7158990312624541 0.726854267108773 0.7256386103965276 0.6909935516034643 0.6991313407269732 0.6912063068962196 0.6531739040917975 0.590983245516041 0.5666186996054579 0.5852758975529028 0.5672666112119421 0.5467002769294573 0.5636281036855716 0.6105043113017306 0.5713044794693064 0.6252714870201067 0.617849393652397 0.6127399430013978 0.6014993705532807 0.5724238679835925 0.5547491411260087 0.5583309249651666 0.583547439589845 0.5615767780942397 0.5867849498031014 0.5441385604748501 0.503450538234 0.49662856734838057 0.48397816743884803 0.5325994915810576 0.5515821621988725 0.5644627195953607 0.5988265070143068 0.5706392232375176 0.5327932336268556
0.7788755668945679 0.7257394077006849 0.7217717226440439 0.7098679445352593 0.6960743188371771 0.759967278669473 0.7498552912134452 0.7578580494992503 0.7367129955210243 0.7029346249921938 0.7037827653045216 0.66095121455651 0.6842914139966298 0.6414164448419251 0.6576868032926704 0.6489465547985735 0.6032768686674631 0.5794770926782261 0.5325915841901052 0.5521372317075252 0.5598265395762525 0.5795844835828073 0.5806187460093322 0.6032281157523001 0.652917032254542 0.6233548538311808 0.6490411279543206 0.6145452998470795 0.6091410596091945 0.6023202381161826 0.5751467134979145 0.5938909116631745 0.6020390966893775 0.5571320207533534 0.5597164492408798 0.5029543037644487 0.5371986259485879 0.5257450923852791 0.5831487548424692 0.5626028042188518 0.5315399801444468 0.5300049845624988 0.5289189429479677
0.7803903708669679 0.6981572854357113 0.703211120912834 0.6599455421981179 0.7202777774582327 0.7219410408015647 0.7350191936397781 0.7195932270246832 0.6943348121775436 0.6975494102259499 0.681266031816292 0.6449621536273964 0.6258777949014663 0.668596048023445 0.6660658918253283 0.6239022460905607 0.6007110299981091 0.5245708049441031 0.4987532421964583 0.4833914094502184 0.5295973899175348 0.5397394659839748 0.599209936684643 0.651676310306326 0.66711809714256 0.6642445391773957 0.6685645385357055 0.6055957563499339 0.6456277869361929 0.672690955081198 0.630704132481684 0.6243527277746524 0.5691792216655834 0.5470098628321313 0.5797741400844317 0.5338678473343108 0.571482991092155 0.5817641444225737 0.5642325317881135 0.5422930173316337 0.5258583183138399 0.4970490368372914 0.4894615228967397
0.7352979462376678 0.7158281985512971 0.6504262783083116 0.614021066405314 0.6635493892912271 0.6599969719102787 0.6643196667058688 0.6392715328372897 0.6162490542599284 0.6270879405308006 0.6432422587029006 0.6380994213678204 0.6070816403813996 0.5805090447649851 0.6269635025485916 0.6000298694209807 0.5694933249074878 0.5026490840801083 0.4958399078162729 0.4886421770144623 0.5169884540889764 0.5202985076680587 0.5629556797360789 0.6278225310574049 0.6260591920885534 0.66650509793625 0.6420458933011748 0.6855200309499969 0.6916004855039828 0.6789184648460086 0.6930919714584597 0.6699721872945467 0.6268554969697631 0.5859475214755696 0.5732504300441876 0.5571381494961738 0.5758032169300902 0.5702850727870846 0.578973473428897 0.5762928838050251 0.5638861181599922 0.5334479222555961 0.4908050355263285
0.7293447768534355 0.7277801505648775 0.63040276795309 0.5930046186041311 0.6217856033165733 0.5718152834572572 0.5930286179068703 0.5803412995866315 0.5533174956071514 0.5586413452726213 0.5592630961739675 0.6142943237710422 0.5580354848926107 0.5254146990791595 0.5577739642481526 0.5529925891979102 0.510380407352988 0.508503660915255 0.486271046815522 0.515298954411211 0.5300205268369328 0.5386590594050149 0.589406984850199 0.578365986236843 0.6205298390615973 0.6226973640766913 0.6494495372856489 0.702832174513484 0.7396028792826764 0.6971800987080581 0.6525361785269671 0.6531809002214023 0.6068310243929371 0.612020221492305 0.633890734106139 0.6595564395296982 0.6244417278938761 0.5753441666144745 0.592506112685292 0.5934811157106091 0.5828895407070321 0.5415795808069477 0.5028986158476837
0.7108329070752747 0.6677939102486299 0.6238228473495715 0.5711826408867597 0.562881500102893 0.5736381151302042 0.5574628482578883 0.5457568051608808 0.5005940556519681 0.5692395708117655 0.562530085307114 0.5404283522207399 0.541048496990722 0.5127038625200883 0.5406847858578457 0.5001534248494073 0.5145503093544795 0.5375038638529659 0.49475905314903385 0.46841604027250827 0.48246877895281276 0.5454067495780702 0.5568681361719745 0.5821115306969273 0.6224126986716471 0.5805070780194512 0.6165530894794325 0.6691543070776039 0.7314895559821859 0.7099015594657342 0.6924252439882387 0.6824576696639539 0.6062497591110778 0.5966718234008994 0.635303858194866 0.6882076738436885 0.6689814379341369 0.652438229691593 0.5941472409494442 0.586289146143835 0.5583452969449868 0.5488857075988988 0.5268100126412203
0.7135230122698812 0.6602252294747527 0.6458849171578465 0.6066238036815143 0.5741881468432711 0.519093215590341 0.49960898712071916 0.46642650325315776 0.46622649179634534 0.5207231851696177 0.5197933638072747 0.551472456232426 0.48151902399460345 0.47030483159744096 0.4945087393771332 0.4894995716628402 0.5505133810149799 0.5570668167842124 0.5244817298380182 0.5106271034016737 0.5400320035678434 0.48560983561805793 0.5756825540656416 0.593224376343374 0.5797449990543805 0.5788123772183951 0.6208007123705536 0.695328287342918 0.710215599804241 0.7362860889897829 0.6498474546787557 0.6372682079913778 0.6185355600413492 0.6314409066355597 0.665079459669048 0.7140549724475659 0.7041012908545374 0.6758679665842932 0.6091263409349704 0.5661994915604835 0.5314578044363316 0.4968551018588849 0.4844950737792085
0.675546748349559 0.6076961933523941 0.6101358038928535 0.5092957508570068 0.48125219315962736 0.4800483783093547 0.49416883729785854 0.4896473975581621 0.5178644276619933 0.5106999911901249 0.5305717709280009 0.5104185412211364 0.4618633142168207 0.4452439298459432 0.5193531460370079 0.5636230904955319 0.5389006768593294 0.5325189482875796 0.5237209092627724 0.5239080553530567 0.5677404319132878 0.5362084547591258 0.5446643129480281 0.541291215841878 0.5905064694714697 0.5910077375668061 0.6427756651905437 0.6341192978495434 0.686602642593428 0.7199724782493383 0.6748302926644176 0.692125234518953 0.6332622072313276 0.6176097267724214 0.6971924465463449 0.714709861173565 0.6723330649197541 0.6258107960702538 0.6008470120870246 0.5781847426849901 0.5792204749329113 0.5640179031460363 0.5629802901046513
0.6289378305805597 0.6010718052347939 0.5802122139696775 0.47734928688390743 0.4459160404432298 0.46335029314753573 0.43431128820228365 0.45431949002653316 0.47732172437379394 0.5042200403399867 0.5066620930235046 0.4326439909836377 0.4402240593121272 0.434594335255774 0.4711955981993882 0.5668390014500084 0.5712531982893447 0.5129879178099128 0.5863274817287157 0.6046183643657479 0.566326205003997 0.5487994730919743 0.5760754234659278 0.5456012573528727 0.5821284263630475 0.6449968828449049 0.617330415350975 0.6354634690503551 0.6907166813331748 0.6570053623135665 0.6546870382084324 0.6828817676443907 0.6916814215930276 0.63839223135788 0.6416391231677451 0.6904184243047808 0.6865701967011416 0.6689119154029738 0.6141042604833776 0.5911918321886985 0.5781276312304756 0.5487340583789329 0.5560095132550682
0.5769935773279025 0.5803633724849283 0.5096099839673905 0.4643362502098577 0.4515681868727551 0.45879912528590355 0.45658212736886955 0.4427699351671783 0.4360571955336059 0.44842721880216485 0.46258547577603576 0.473701389902959 0.48640398529107665 0.5033725797713002 0.495677123575344 0.5525282564533919 0.5641122736510257 0.573386268588242 0.5944980874765279 0.5712493882396573 0.6114257083888622 0.5869448568686436 0.5422799315359487 0.5986295649157602 0.6599359341805192 0.6498134933475758 0.6354618817839122 0.6563288498488897 0.6920049042550556 0.6917081420883641 0.6475072201168284 0.692613721435636 0.6739575671859965 0.6609503855058882 0.6569339977292873 0.6916773031235373 0.6288422320306564 0.638625935925514 0.5918478843465421 0.564298385453632 0.607844159576532 0.6197383376630659 0.5826258466672928
0.5637816242362371 0.5024977123554142 0.48753246807535844 0.4582352167654541 0.4471215400071007 0.4284424847667454 0.44629116829204424 0.4338887274974901 0.44773853358986926 0.4328571188361556 0.4580859755749873 0.48956881258984764 0.5160032809239049 0.49094469244710026 0.5179388240656191 0.5328270508686097 0.534854365752795 0.5519314851552152 0.5646945779293995 0.6155158588388328 0.6190033039552447 0.5879691109105489 0.6243618188695987 0.6273026982712818 0.6325178665838685 0.7054512642740365 0.6433803922890148 0.6830278996818311 0.6553481318889517 0.6621538278668323 0.6647966305584014 0.705931505183684 0.6659156366750768 0.6262840169709261 0.6152811888329808 0.6612776858690096 0.6249566752677232 0.6261615544765223 0.6263418064044362 0.5538999579157201 0.5714168481235573 0.6379864772905081 0.6277193610921865
0.554245799655298 0.5376251064261414 0.4886650503228374 0.49031042896985855 0.45198105895261415 0.4497156504374932 0.4352257883103241 0.44867010193794304 0.44937875607814787 0.4371714829347721 0.5025510656748264 0.5142022945727059 0.5657844875435251 0.5624233913531175 0.5808839997259636 0.5564966085571555 0.5844585889965377 0.5832884117057455 0.6281512921547916 0.6543537409647525 0.6202222913461564 0.5638585740490888 0.6153201483267507 0.6361763304175053 0.6265374936020687 0.6801903584811337 0.6708414812110703 0.6794617071215033 0.6900727027577258 0.672722174381887 0.6540650318689698 0.6721527873449662 0.6521777468424782 0.6341749828802705 0.628239238404685 0.6356876893895663 0.6130999374916294 0.5783581875717292 0.5966337953083798 0.5984267816826924 0.5904923102158304 0.6219010116150009 0.6184927974950447
0.5606239499832937 0.5210954489186932 0.49127125935907195 0.5144697008194106 0.48313383206094657 0.5050944310718738 0.4622041158170591 0.4574595871004828 0.45745731829351344 0.4512406074146856 0.5432468476684458 0.5571503104664769 0.5890057124310158 0.5998005593371815 0.619310163273219 0.6008874912076271 0.6294656055799078 0.6468705671220466 0.6502129927728751 0.6158705876516898 0.6260203269537968 0.5688917407417504 0.6246272997612216 0.6139874416048008 0.6500942255582153 0.6944042074208001 0.6916209834963875 0.6835660428216328 0.6455998828192773 0.6761243735266725 0.6695057874830015 0.650941501789446 0.5903467430867827 0.5558618224528756 0.5384942919424601 0.5301155082002825 0.541518373741537 0.5510328013919015 0.55726930295638 0.5664209587546644 0.6334216393341197 0.6725702343660037 0.673243783632927
0.5115936671412646 0.4845082426205245 0.4921395143463689 0.5273975939498983 0.5155846443998527 0.5013392915280311 0.4578201981673906 0.43777344468834317 0.46878071862073734 0.5275513954088046 0.5203106033141088 0.5773724776211381 0.6206789748797109 0.6138215688015969 0.6412632325312742 0.6445965978113252 0.6274334046540728 0.6353806345816302 0.6191790466835695 0.6521968587601069 0.6060258094567098 0.5963717998435218 0.6152168659085503 0.6532277742863237 0.6688857565055669 0.6532590031160511 0.6703541240453974 0.6435982587360025 0.6539015180265584 0.6364639017486283 0.6473805992700616 0.6150381952697712 0.58679114553756 0.5651988811366979 0.49903001745492875 0.5018997501278274 0.5457809119991875 0.5399885103649443 0.56131525501004 0.5499760147788277 0.637144115616841 0.6485690074187842 0.6861767970025605
