Raster_benchmarking/Raster/continuous/raster-4.asc
NCOLS 100
NROWS 100
XLLCORNER 1743152.6266707613
YLLCORNER 5469280.857176871
CELLSIZE 10
NODATA_VALUE -9999
[rows 38 to 56 of 100, columns 0 to 42 of 100]
0.5884578123644528 0.5889476478223498 0.566049368714134 0.5595819164068466 0.5578610694164962 0.6413343439259195 0.6104709428760218 0.661921929611467 0.64920864915341 0.6784792058503125 0.7124531521122619 0.7322907915278145 0.6934137367416257 0.7457391542951632 0.7059713206839393 0.7259288839487629 0.6914995160213481 0.6363937773633317 0.6582637407483543 0.6392257709990369 0.6273167173163545 0.6743559069954302 0.6730638703123325 0.6355008421755662 0.6518014132109967 0.588322345348347 0.5069288326446323 0.49158757275175086 0.47373345779546716 0.39683051657803664 0.3713981379948017 0.32847997884791613 0.3457855081451301 0.4027248121637451 0.4197495785371189 0.42344783627568694 0.4030724206728921 0.33415498365939844 0.29588926428038625 0.2921015422934054 0.25375954855350763 0.2987710826559866 0.3397031508671158
0.6106394062608568 0.5637431583774999 0.5929723669794842 0.5628323353049302 0.5722656036426974 0.644548729681939 0.6209486310037323 0.605556013913993 0.6133519128194118 0.6440560365842785 0.6521059621024425 0.6607957717142396 0.6939401158327521 0.6844069472195706 0.7222042044265045 0.7026959904741918 0.7020776659726037 0.6423734780177132 0.6341386330793178 0.6935144847961348 0.6802541041119824 0.6553339580422115 0.676222729182316 0.6515660685996562 0.6330490019053305 0.6067282560977514 0.5547159549047684 0.47292321980510477 0.44737788330571454 0.4022114214339265 0.37848925457818744 0.3134949041189522 0.34751088541128905 0.33489636040266807 0.360558955133303 0.4138231995122752 0.3718928915446276 0.3159403191707217 0.3185772206884199 0.31476522608919133 0.3060284455261638 0.3380078112625367 0.35018461001228707
0.5542052109394686 0.5803800252081277 0.5824245691826795 0.5886358037614428 0.6486377459665663 0.6292782457898144 0.6253335819412634 0.6109352839970457 0.5851706787399097 0.6140815889619134 0.6375307017739072 0.6709784760918467 0.7204211822109908 0.7049987616891199 0.6451458417985412 0.6378686851229175 0.6642806052543102 0.6242748895369153 0.6850905670303775 0.6311590921749687 0.6623461673356938 0.6223478865812605 0.6111113443254345 0.6231049367649206 0.5977030673271287 0.5449115050687681 0.5360840004523145 0.4650499010520121 0.4662924954785913 0.44332393891934213 0.35679045833547524 0.34191904912771 0.3176697241896649 0.3227414347617085 0.3843799090511837 0.3872213795102281 0.3938236143780605 0.33379768291887363 0.28049977365657697 0.2908923473775367 0.2842048642021711 0.29241416963867284 0.3384664639568173
0.5620697575560716 0.5706957141890261 0.6114618582285055 0.5988538389758709 0.6133086861999824 0.599433915202468 0.6386022860424743 0.5953644409425564 0.6130392938712866 0.6537294075058575 0.6039063444690754 0.6250480130102827 0.6611160014844526 0.668777919296863 0.6609447295478101 0.6431051151334434 0.6801032525504959 0.6083898092689275 0.6520992470401187 0.6271605569242554 0.594703317720601 0.5986219806822156 0.5509019759058541 0.5294199022626188 0.4982321853058142 0.5397780986148665 0.49304975600201856 0.44952392478082387 0.4476630003200125 0.45356350926165984 0.4125240587576252 0.41376207947569194 0.3456640875452068 0.34369804421256 0.41703809922295343 0.40440960220097816 0.35431729775192533 0.3430719629514314 0.2974864942782694 0.31464510309411786 0.30742242800043473 0.3204283203120149 0.27352544769539383
0.533646905365131 0.5797711524907798 0.5523669233351406 0.5238883217458764 0.5136024835804117 0.562624546355793 0.5963031922309184 0.6199520252097526 0.6531294948316096 0.6432426479592402 0.6164262140414357 0.6530594849673185 0.6521536296508317 0.6580755050712813 0.6180839090071798 0.6078819786602497 0.6511711947047396 0.6331919255886757 0.5834164645788599 0.5809055244378509 0.5995743569379588 0.5603191176579231 0.5713633437220074 0.4900099470419893 0.4786359830000252 0.45134190137432273 0.44842695741520716 0.479429568520947 0.41668668095129285 0.45610535208336606 0.4505216805880309 0.43203178143989984 0.40099831321011914 0.4172405001917046 0.3928977302842419 0.39152754063535145 0.2942156503219296 0.3157232295409427 0.36938142969797805 0.345133692850003 0.33832611729851614 0.33538619530176755 0.2769719556426614
0.5491685112369911 0.5410265698401601 0.5344265204673062 0.5303187537222743 0.46905324035218804 0.5001285920042629 0.5851077337279857 0.5706413217567331 0.6188960210467366 0.6153961391836913 0.5816117117011882 0.6261344348485522 0.6870348592426041 0.6606964500190858 0.6131562590189832 0.5759705257157058 0.5623471440122455 0.622971488200894 0.6006018295496308 0.5778599820423226 0.5529095747586483 0.5643143938604661 0.5709163557830614 0.5018922851659736 0.4863811790763668 0.4662430103606565 0.5119807260424775 0.4776097934056766 0.43850463813517276 0.4294178167976502 0.42101421516436316 0.45847730787189306 0.40990294234612523 0.38161428939462144 0.35838312425212876 0.33710894595385893 0.28089262560169165 0.3045641886167342 0.34426029252306506 0.3188684085620858 0.2988494656293705 0.31373665550019714 0.21949541660600874
0.5744349396665874 0.5390472515528216 0.49215562436596205 0.4887815776275788 0.47491454990327747 0.5283339481494402 0.5411689770293803 0.5313089850075272 0.562141126547967 0.5569799478457871 0.6006410733884858 0.6351306948988004 0.6777059654797299 0.6014753479719727 0.5894963060302937 0.5413037502087175 0.5458388149332246 0.6211976470712376 0.5998061699868573 0.6059991676645264 0.5942674955621184 0.564194334019366 0.4991059974359365 0.5338876582357251 0.5081194958650878 0.538757438573601 0.5353019802912654 0.4875154901369917 0.4816893315290689 0.4482273621819305 0.46592186743737446 0.4534541703747778 0.38589721207931504 0.3748944045969588 0.32370716613186623 0.32217385437400814 0.27670742790693353 0.28492410852649047 0.3115900424483517 0.3389944160692057 0.26400531521151677 0.26072665822046026 0.2669374347209994
0.5890566681023751 0.5580324067821032 0.4848865015861549 0.46165707406030687 0.4958696282193153 0.44631758140199274 0.5236460515130857 0.5315680125378018 0.5286976171882946 0.5489959095355335 0.6334026213142454 0.6454648906518557 0.638088434464073 0.6289508315136876 0.5370099625453022 0.5296644112464671 0.5435957731825437 0.585304740840963 0.5800515392303586 0.5247223974547189 0.557526818038944 0.506277795528948 0.5292412469091378 0.5176227948093989 0.4974355041505772 0.5147955679695 0.5456614761485471 0.489519974744779 0.49047416981543884 0.5138844223510425 0.49575539011391984 0.4235509335881152 0.4335782685195516 0.3667147894134519 0.35919631890580694 0.33044486402018486 0.2812332919469597 0.304107737973127 0.3498313727945608 0.3223966419607807 0.3209400938282704 0.2929943901113406 0.23740174735317635
0.5451666122022052 0.5136959756291901 0.48300093689011997 0.45386629464131234 0.48018421592143956 0.46646930224180905 0.44157701412305694 0.5113856234410625 0.5440801303630608 0.590457493377823 0.596607433203301 0.5728925566449015 0.5867648281592833 0.5924191531401185 0.5198076730445823 0.5182460927008677 0.5392167641589348 0.5595400098649297 0.5017425109052457 0.5424754077785896 0.4957053812108155 0.5412097936459037 0.5329214253980571 0.5552168913440992 0.5169154919332797 0.5187753434875216 0.5625193051650231 0.5136767010181262 0.49736750560081017 0.5212731670669469 0.47962383399574454 0.41358638186821045 0.41420216686688327 0.35649761286998355 0.3328579159169387 0.3361184492830136 0.30107222553441937 0.3061890486282958 0.3372363983164608 0.3482453770542145 0.33783605358780716 0.28749629226278334 0.24338075825568004
0.49913416927895615 0.48719586852654584 0.43809185164101255 0.4427726203927286 0.4302563181436621 0.4461031064688958 0.5015888661198666 0.5020736838322546 0.5436734454800597 0.5695026080033624 0.574331187486443 0.5512796183455576 0.513782831806395 0.5565297072272567 0.4961067858485888 0.5301881520612252 0.5208771252951242 0.5462248739175818 0.550421216051393 0.5568345395481789 0.524187676376015 0.5348496002189661 0.5657653702937641 0.5738242178339764 0.5713192357100628 0.5883983867026655 0.6273004600016056 0.5624962745798008 0.5055127036673022 0.49644952488807365 0.4711049357034007 0.47242514392888324 0.42538111615700697 0.4332251973207741 0.40354349657123234 0.3624584765144002 0.33860709033157127 0.3439118761157986 0.31484217308797774 0.3353612472012832 0.3462318718597471 0.2950288482088424 0.29910458501832426
0.5088497278755977 0.5241966562269459 0.47192154548252746 0.42315522105600734 0.46455684903817474 0.4638658027376735 0.4882410397643828 0.46578929834697297 0.5089259997107082 0.49937802982340623 0.5233737758563278 0.5495889337381391 0.5153493019945542 0.532195659014548 0.47166611950234805 0.5420918737128814 0.5161188530327562 0.518876522683395 0.5387073258514377 0.5512561130850203 0.6042014747311778 0.6173021509361531 0.6110083198809835 0.6113629632592362 0.628655204263148 0.6008852135535001 0.6517082840639917 0.6310858853169317 0.5916538812283857 0.5572260717411204 0.5502353858075542 0.5182217780223081 0.4408491614998676 0.4319195768676933 0.406553761341014 0.4271066240017855 0.3723856661720587 0.38184960459521505 0.3566387484357498 0.35660120058907946 0.34193262167081323 0.2899613619256684 0.2521780303820223
0.45456459404560773 0.4841553837930649 0.4497283077358779 0.41774825803785565 0.45239606986606207 0.4457159103416923 0.4487217282832291 0.4924919368988234 0.4866219702902907 0.5468544398727636 0.5815782207469938 0.5473141977438494 0.5369500882170571 0.5545191324053591 0.5119684799043505 0.4957530507158189 0.5306611923070439 0.5060648570583096 0.5594792043357121 0.567316256066403 0.5270224432266525 0.5872282537163734 0.6450046282404642 0.6516804924137978 0.6222837895297727 0.5884095399373319 0.614192835845301 0.6054042843190515 0.6083636592274305 0.5928320084392897 0.5548096318775706 0.4872695845236172 0.4086625372419611 0.4159420059199109 0.4159925878935639 0.41540255734167764 0.41206158042512536 0.3505573532265466 0.31396578279471393 0.31875562862054 0.2978720300159343 0.2620283455165196 0.2608880620462685
0.4825316015807525 0.4527013070682229 0.44553798765771135 0.45587988614976754 0.4321564156412869 0.4663978200574233 0.45244392628238145 0.4863833302474301 0.5418106277346063 0.5829674318573482 0.5926878544114632 0.589302845894886 0.5951862242469482 0.5616724487619656 0.49162195801640984 0.5151125818883298 0.5138132197304911 0.5058525480020758 0.5425030837822191 0.5260728916227326 0.4909339163383833 0.581404375996573 0.5899080784104207 0.6433085430427171 0.6547487567009482 0.5674150081114263 0.5682936175822181 0.5637579625390388 0.5613677550784597 0.5552482083113319 0.5512034787145891 0.4885700577617992 0.42778672561133163 0.42378426681797277 0.41062152818204284 0.41392139922315685 0.36909187192882437 0.38716848678417304 0.37632588595448446 0.36189156285440177 0.3051091133541791 0.31393608713323784 0.28119524377833627
0.47189922055086597 0.4568267170397246 0.4566587140378481 0.41502294108387733 0.432500677377717 0.4006844029931631 0.41255729229239807 0.49635829434501016 0.5362233377431563 0.5511181645440902 0.5732053732353645 0.5314529293430402 0.5681401282369221 0.5951120648938476 0.5286759071855871 0.5419841075251651 0.538839836888327 0.518476398822775 0.5092327902780648 0.47410723696989715 0.45533953688962825 0.5258151245808724 0.5853426316973899 0.5902522502882837 0.632282668508293 0.5732273389423979 0.544098788208983 0.6073140972930793 0.6125275821091102 0.5475876568383791 0.5512179338141512 0.5128998488736293 0.41460124661780395 0.44479268241565895 0.42552143919401425 0.4012131292362018 0.4583455170603462 0.4249410282136462 0.40810851810356 0.36894183489448545 0.3818203827287467 0.31601814086516883 0.3371163167795689
0.4494110857242164 0.41435030453705934 0.4413675016495352 0.38033190641556996 0.3386967711599154 0.3849969296572197 0.43843209499396907 0.45711217696324796 0.5465429339297142 0.5269921771771138 0.49373192504791125 0.5197524817079062 0.5532848186897682 0.5814500342572699 0.5900364711165346 0.6028173345518958 0.5537906659364877 0.5351155662553324 0.5452610432618006 0.4605374362181354 0.4446772439032259 0.5108128625885722 0.5284609590740741 0.5707460497795791 0.646088856864051 0.5949157585097375 0.5780224892263948 0.59144630281111 0.6485560699792416 0.6171360912418696 0.5308705053621271 0.5222491941631501 0.42498575478799394 0.43889044014184286 0.45793148548165824 0.4459188225740876 0.49042836007712337 0.42353321513181874 0.39041117994080476 0.3732155928160607 0.41707825708937024 0.3776078934100327 0.3672152327063391
0.4065812167533998 0.410691887560669 0.3885666321842898 0.32881805269571146 0.347437094145231 0.4011770498362419 0.41990208389198824 0.4418409849348543 0.4725473106176389 0.5273979133435763 0.5114321315248919 0.5287804518389189 0.5211007896027313 0.586302612505637 0.5780269975487614 0.5991204698425038 0.545150774407815 0.557627228536685 0.5031982439014671 0.5175205523319971 0.4576630003592514 0.4425006451163068 0.4724834574681599 0.523576411587693 0.5523180644162593 0.57074522208957 0.5893476498929863 0.6090872144373768 0.6391319432121672 0.5980739990454947 0.5661397192168446 0.5141508712327058 0.46895427136956636 0.45733914615585136 0.43565799218278195 0.43793770786061587 0.4668256303556088 0.40603622756020924 0.37297666640298804 0.4101581475157154 0.38888431960515607 0.40250729879825714 0.37440568283885417
0.4184081439141066 0.3401723164378044 0.33235506466619186 0.3219203490637198 0.318413865957143 0.35872242892127876 0.40873846152740173 0.45389519904876313 0.5075440009070219 0.49513866262932704 0.49145347318771204 0.4807000751619238 0.5113465393721442 0.5611828048108357 0.5505341001834003 0.5968126967991285 0.5964910958040439 0.5340238829608165 0.5411836161580407 0.47263144310497307 0.4302868763330887 0.4638461268781044 0.4633858935372087 0.5132480114899011 0.5537288974763955 0.5868127345636981 0.593362206422385 0.553238103425313 0.5978365166727997 0.5821948993406711 0.5223549288964336 0.5170134365750915 0.4350365910784872 0.43600968957905056 0.5025983056474499 0.4405586282374079 0.3999818494131076 0.42017706263166454 0.40755226327947913 0.3792876241612575 0.38231493694194324 0.34667249101218045 0.33345998015407424
0.37665391728493297 0.3492703954391595 0.3547405290907332 0.3247682831098936 0.3376369014592736 0.33463978508092673 0.4030978711416442 0.4252112232914677 0.45961849741917915 0.5151968855074422 0.528616051764772 0.5284533059248715 0.5892151583818854 0.5993082886758592 0.6125682174257886 0.6186997512959316 0.6002363330049971 0.5845224103245981 0.5501091239264498 0.4523927825382618 0.42478311735997 0.41612805403398345 0.44867926284087073 0.5163859876832206 0.5076267800526819 0.5220504794390174 0.5629126489692592 0.524466099409301 0.5485609955200341 0.4829682392162614 0.44557252490581767 0.46555803209310165 0.41802454336127026 0.4579571563399557 0.46582478270272853 0.4510882180537062 0.41271798929734593 0.40089400838598055 0.43776317769562884 0.41386384716362856 0.44480884654328995 0.4061432655057956 0.35548063610091957
0.29521858622946456 0.3228867383323212 0.3572210932889729 0.32520180851760794 0.31542950144942655 0.34288417751335576 0.39104240241395843 0.40450960316646933 0.42843961434700134 0.48590332510189177 0.5932430991869708 0.6245475339991716 0.657712784836556 0.6384061901894648 0.6683972169054316 0.6429850244423145 0.604755192657236 0.5450654170402183 0.5122811165973401 0.4831072168607028 0.38045106611777313 0.39538638578712076 0.46407708073754733 0.5075226163620168 0.5045365323185949 0.4891288850811291 0.4827491149238996 0.490162563903282 0.4443069959123073 0.4571391565876265 0.4084668841183466 0.37929702697686224 0.3911466154377628 0.42114729422562475 0.4583306270355889 0.5006678346285167 0.4436853310302374 0.4813078606714505 0.4664066389788674 0.4655744659481322 0.4349841755493361 0.34500165705073693 0.31877850579784806
