Raster_benchmarking/Raster/continuous/raster-451.asc
NCOLS 100
NROWS 100
XLLCORNER 1743157.3990484376
YLLCORNER 5469284.365865321
CELLSIZE 10
NODATA_VALUE -9999
[rows 57 to 75 of 100, columns 0 to 42 of 100]
0.08878245430637183 0.08056107139749852 0.08392081244742094 0.1460886800214009 0.1541743077931717 0.2307973870551583 0.2616614210973281 0.2949735246660961 0.3400004949674794 0.34737175869921844 0.3792898079021297 0.35700241257637105 0.3895956203433579 0.42721271638501457 0.4485062466322253 0.4825898062594314 0.48720604775825826 0.5090924341671776 0.4876058603068775 0.4846586162609751 0.5113412893814505 0.5243825603176802 0.5534351303824306 0.5126436181340974 0.5351963467036481 0.5326208854219459 0.5518157901825137 0.5948741558726375 0.5968297247380738 0.5710391829929545 0.5900602203307448 0.5841778869876 0.6153001233038462 0.5914935888618552 0.5768942353593002 0.6325483460698605 0.6491390218249907 0.6247299280889257 0.6479463898005544 0.6891534797783166 0.7135104306105196 0.6899626073661281 0.6942943682868797
0.05422152292910799 0.05790371696284747 0.11259708685214385 0.13611553378545133 0.150499912706987 0.18177648115652142 0.2347659583456979 0.2939403978689935 0.30752135015201876 0.36391059594185804 0.3625928833918383 0.39826751419376827 0.40629624672662423 0.42495356385586774 0.4414759862855677 0.49878765154465293 0.5175161487845874 0.5211701260367102 0.48488199466540416 0.47897920725471416 0.48939446279592164 0.4861718876293945 0.5132200936394024 0.4943353001652272 0.5048042960761944 0.5241023714327678 0.5512353605171993 0.5438080928200753 0.5336666904143857 0.5420569431511595 0.5574130247456411 0.5953641213883122 0.5752707794682969 0.5675491537067203 0.5830700479396093 0.6051565789327337 0.6090577623220526 0.6467818220582249 0.6389695494233883 0.6927560201911841 0.6958424558828961 0.6747876021196316 0.6824739615517652
0.048699058745262126 0.04527147602716998 0.09950641368539538 0.12859993070421194 0.17347427731681153 0.21006845813538463 0.2744274127661285 0.3291677675413025 0.337279155090277 0.3538849229081772 0.3907164003906582 0.4381154276461758 0.4515070007254426 0.455890706557384 0.48815234711355193 0.512333602708844 0.47761328520785884 0.5111041529844894 0.4803987990734478 0.49767869961704786 0.4743872745760782 0.46862396025746333 0.4840902095499591 0.5063569194430758 0.48009921295067165 0.4638466583258854 0.47747562819329403 0.5059634789817773 0.5272525713777951 0.5184410080246268 0.5459433062851915 0.5534019008691411 0.5759110510695018 0.5438600449745791 0.5618430125476844 0.6130101154862381 0.6168074930424673 0.6409505802912063 0.6406387599850301 0.6290693811112756 0.6673553825609051 0.6648572641254153 0.6309960722064067
0.0 0.022660000907772135 0.07931401445668902 0.1502335311863195 0.20053146711927025 0.21688184405782207 0.2782866773318831 0.31427120613643483 0.34872024403693724 0.394674089724307 0.3726355930016055 0.40415961130572503 0.459914240150155 0.4807427735440283 0.4922259207925993 0.5092863869486521 0.4770969031524399 0.45654100906842043 0.4508033522467455 0.46645577730005544 0.5020675059806008 0.5112130322108891 0.5117937614725916 0.5016607964543791 0.4631757069933928 0.4666442671599734 0.4607358198892673 0.4788992319186077 0.5343120995463951 0.5542961819700314 0.5707143611668967 0.5600936200939267 0.5340157307957649 0.5479220532373063 0.5848575538939356 0.6151009190678647 0.5946104274317163 0.6180588532847866 0.6251295343909996 0.6122961688916633 0.6018626126560619 0.6112271358714098 0.6051597198968961
0.010256540338788615 0.016291363187558004 0.09689590865374548 0.11316642577144861 0.1550515803637885 0.21657482294808247 0.25488021651726483 0.283377559255055 0.34851436659806945 0.3613582996336588 0.39028082254690766 0.4083517531780344 0.4148339128570803 0.4597963330320075 0.48990340854710773 0.5066099946834969 0.5016534427910746 0.47860623856606505 0.47767616619999564 0.4754399018714303 0.4627601227322366 0.442928677340102 0.4744753620562825 0.4782410634623984 0.4811493978548607 0.48867689165637057 0.45643805699593276 0.464990416440985 0.4868447855297752 0.5263329910273581 0.5182569599995743 0.5162892950671696 0.5427907539589868 0.5501918857067823 0.5816508789518793 0.5893055225152866 0.6183699266680972 0.6067906401661148 0.624175098924485 0.592608475608425 0.6086827884676904 0.623150654476036 0.6387655473201647
0.03232409749811045 0.043860013610194516 0.10658905121945407 0.1234331828751406 0.15790831780107079 0.22893733365769137 0.21388201756347844 0.257466767084587 0.3206786160294032 0.3555474555848421 0.35869889187822457 0.3895693688844082 0.4243955884966455 0.44385645505385707 0.4512025088836031 0.47600807216062846 0.4639050306659496 0.4753615999171683 0.433525497312704 0.44637129142479676 0.44779370822421743 0.4168338950746577 0.4426953208473199 0.4582125586163022 0.4740396898269192 0.4427619187833576 0.4721595626087469 0.4419667009374733 0.4516577234894556 0.4846945728071725 0.4726157928663783 0.4899993144668541 0.5330288529807939 0.5690602296222814 0.5656572104419205 0.5542526881036499 0.5846792272964764 0.5975222094070124 0.5920761286001734 0.5976216714124728 0.6023572066251819 0.6657885679365235 0.7102575484058953
0.10683823252895933 0.07292675551947161 0.07879252073735503 0.1173354337605757 0.1820829755852078 0.19481622738635318 0.20427633894493347 0.2233915509167802 0.28323018496257485 0.34492197224244187 0.3812738805228617 0.3910365135000454 0.42936229316328234 0.44859848411057646 0.46866717681255315 0.45898593576077346 0.4770941124083263 0.4215658298220129 0.4180209139621144 0.39887204123512904 0.4379968476119935 0.4493396006430575 0.434202912011769 0.44440855158850423 0.41975096296419584 0.41721122103455327 0.44541394813862406 0.4346949203224783 0.4455349292603052 0.46557791385428005 0.49950146643738197 0.5234901806779235 0.5155067247034212 0.5263247021498758 0.5247657336100289 0.5223772696448763 0.5755288776399233 0.579122470639326 0.6132633606076714 0.6005268839620524 0.6060899468796735 0.660750769929681 0.7201047370807643
0.08860035242515939 0.1309739892432278 0.08830840074368099 0.11941131924480308 0.1613983361116497 0.16234240453646415 0.17754549458967755 0.20494739053905023 0.2721765019884141 0.27132973811922945 0.32804862512578836 0.42672304565959784 0.44157625144121565 0.4234327958762821 0.446898772241589 0.4989907756801384 0.43925450641305946 0.4109817046674475 0.4378968372938226 0.38641739009607384 0.40721571096222714 0.4125719037527656 0.38368588886373184 0.3728510314626621 0.379177910750803 0.40542723278214093 0.4546214557235357 0.47501368062754 0.44895505348899767 0.4859244764449445 0.5049294286907026 0.4869826326663437 0.5220815736005725 0.5034529274176616 0.4862814292707626 0.4936204478669653 0.5714891203574304 0.6008037927255564 0.6019396633276084 0.5887822576459987 0.6086191031772468 0.6422929017664298 0.7129595716944783
0.1149599560783983 0.08410108739244057 0.093839712994537 0.099155059552183 0.1413508521116393 0.13465021015836862 0.15865839095177034 0.2227924752450337 0.252840394405032 0.2783777989217622 0.32206893635419453 0.3602216786805067 0.39472759678576735 0.403623138968841 0.4692527469548783 0.4589706414327822 0.44326024151940674 0.45397507406095017 0.43418289878308747 0.4369261827898467 0.40837902641537377 0.3813202620121187 0.40182001426130715 0.413840392090771 0.40911546539288113 0.3905537409307452 0.40816936941402177 0.4660639359946559 0.47621576135818333 0.4995940725080995 0.49409948462059183 0.49277866273132714 0.5149957854401293 0.4885904677551565 0.520424676765953 0.5124919475305393 0.5441702720935045 0.5956091841624339 0.5923250773416772 0.5607671207513177 0.6075069327017739 0.6674857167150149 0.6984966714234982
0.07622494349501831 0.10307258610757163 0.10942648063076042 0.12085075137420674 0.11046319488303859 0.13667730860660945 0.16443247167440023 0.19438091968267676 0.19961499726986157 0.25325403196506147 0.2954478320847174 0.38853945451014144 0.3936654339866184 0.38220970212007943 0.4176834105734026 0.48518623963572655 0.48717366798671197 0.4663632554999978 0.4223620342823626 0.44896602187618817 0.4181844821096888 0.36702811329992413 0.41471324568914475 0.3953351010971424 0.3724492350553308 0.3676849872438722 0.37963208357718525 0.42812133662839713 0.45266381778019904 0.45630672049121435 0.5149891311474618 0.5195901327462 0.5296538215149875 0.4984416007593394 0.5081940066970414 0.5268802672900504 0.5448765619243687 0.5618852070943486 0.552857007585069 0.5618798632449153 0.6377345781715966 0.6651805413291445 0.6989107130219283
0.05811282214030314 0.07009414717695306 0.05630782433595229 0.06154123007541776 0.08955530973974092 0.1374657747560653 0.15882450069758397 0.16711681208899232 0.20383646583516135 0.22776963034004225 0.26883640330124225 0.35244766052882437 0.37793427131392826 0.38015501365401977 0.39093037167059125 0.43722903086758 0.4561337849113035 0.4389858475327425 0.4403005083096795 0.42006884123587085 0.4065637210958161 0.38827165633020927 0.3999876172561654 0.38490605499086783 0.3610981549405056 0.35335161063032905 0.38207024350785823 0.39056741993437916 0.44473091521776575 0.46142848835835243 0.5132135710037473 0.5257777088104889 0.5230368154801784 0.5057270732582768 0.542519086653667 0.5408748390514623 0.5567874040293677 0.582208790813792 0.5955486848230248 0.5752611539519937 0.6115842078573923 0.667246898189878 0.691455895912043
0.029906078050503382 0.02333235678138447 0.05683002474085844 0.06388542100455728 0.08062112976655758 0.12625379352266736 0.14876857044612932 0.19910368283273353 0.18351363203876878 0.19754911697558292 0.27688807485940947 0.30984009852276356 0.3465231247747063 0.32335807808670963 0.39962265904876443 0.43089039209843777 0.4070203271129676 0.39185014687852926 0.38750581120302235 0.43589524362977 0.4146201509674611 0.3788294463610981 0.39371184748836247 0.3746519090541014 0.35992510978960995 0.35931699996748995 0.3694280659162016 0.3638790025443822 0.41262100112183225 0.47018366506925235 0.48465516975545625 0.5500357540185999 0.5151102459090142 0.5289050698848402 0.5358655739133816 0.5597598586171126 0.5860961519275979 0.6071920603981492 0.5730828897003613 0.5540122203101829 0.6139969615741576 0.6254800023319237 0.6610451086702855
0.04909896813413218 0.03028675396970568 0.053149793181521 0.08354982434827768 0.09993715467071153 0.13451314632117023 0.1480440558120422 0.1942278332205394 0.18608850505474234 0.23290180095424712 0.24911846341682892 0.27016762755975354 0.33147214174863887 0.32869192159963895 0.38366356309613325 0.3986039407532957 0.3724673221725938 0.36115102599305543 0.35060129719354277 0.3706164943266456 0.3897404437883822 0.36053316073106717 0.3586876547340226 0.39377785056931713 0.375194611740863 0.33075613804070825 0.3420785911132162 0.3781241664348297 0.39553864614159334 0.44800454525723005 0.44634356683844206 0.4990491934415366 0.5402596428225462 0.5681971378207007 0.5396750326811076 0.5674615672138426 0.5667565772830098 0.6103857276779421 0.6006176778401693 0.5913031732583692 0.5950036078246652 0.6353026606173954 0.6180428103639998
0.09635705533467495 0.09772043193565179 0.102835684095938 0.12552591471684327 0.10928490402616559 0.14526046183273844 0.15810421048470705 0.15611120377218773 0.17760171636787436 0.19471192036365645 0.20742239626283876 0.2648171684022336 0.31546217725102116 0.35220169971834975 0.31064029405712834 0.31955260647333794 0.3437430524067351 0.3207288572008308 0.29811006117922356 0.3071580401058593 0.3128238042120442 0.3577479565393889 0.3741385192492154 0.36734940349952333 0.34138168997236334 0.3504844958954529 0.3720647838485734 0.34476907830156295 0.37673386945905885 0.41038622855684037 0.4513108497904729 0.4529069766657668 0.5075098015214519 0.5684238919767487 0.544359495649795 0.5718499368858732 0.5555513813503482 0.599035947976657 0.5973362659788072 0.602591619781975 0.6234993223004642 0.6337622847204373 0.624077606185685
0.11609019539583132 0.11667209778932931 0.11107982401900598 0.1541574083715311 0.13860737947897644 0.17790040138795027 0.16558575494536001 0.17939998008340213 0.16598348093819265 0.18499909528350528 0.21334647347170574 0.2744812860853229 0.30347486726149975 0.28573283313585124 0.28563978855197625 0.30749021359045214 0.309558416011762 0.2866868186550654 0.3051299909761648 0.2677321710871615 0.2958076669063854 0.29671107775570826 0.3254105011304829 0.32476952759664984 0.34749931702702697 0.34520844865081324 0.34210538023421905 0.34504906097110943 0.3918335106489433 0.4230642548258234 0.40383655079072706 0.48280103694470483 0.5205188443849793 0.5617818110849201 0.5489605118770131 0.5614408074595655 0.5783073933409496 0.5760151934039192 0.5954073494218823 0.5871965940410485 0.587942741349026 0.6364016272790238 0.625512650956222
0.1301847547206251 0.15766816462762845 0.14176372849403612 0.15129612752019783 0.15428048266538458 0.17665384301926504 0.17319771995131783 0.15019616379383824 0.1456143444005373 0.15357848263963364 0.17836043430479853 0.25502292059294934 0.26681114395132177 0.2726067979059425 0.2554777519621724 0.2615126513953327 0.2724742438446578 0.24540447453476746 0.2503359259944189 0.2459359741211536 0.25549996353862514 0.2600277115390338 0.2834374489479381 0.31346981670709767 0.35146235101377304 0.36833853019572316 0.35892844474133395 0.3597263712401391 0.3867610869126174 0.3915781768077276 0.44295101095669187 0.46021418486498356 0.5030831162443525 0.5336726520743752 0.5314070240843892 0.5382950069978335 0.5351470287169018 0.529524175745799 0.5568133664156507 0.5746007513451931 0.5998922190655354 0.5973044494321463 0.6226476149267932
0.16472198893802154 0.16297181551852477 0.1442217380972212 0.14154904924779085 0.17261502104655763 0.20678126610001143 0.20223280743825783 0.20527288447855782 0.2036605161106078 0.20381921445394874 0.18471976600924617 0.20605848825971582 0.2720304049891656 0.28722354914667275 0.2776097197864837 0.26340553439717534 0.2533453560002164 0.2356674136304165 0.23818549082516718 0.23805863073437536 0.25120348135532344 0.2614664661327799 0.29884646627296274 0.34099706252565704 0.31563762364398384 0.3396996994689931 0.3580894925032497 0.3381480855311584 0.3783628117910645 0.41241562578974555 0.43953356011908035 0.4456010626308051 0.45823105651399687 0.5026507918803955 0.5003363243717208 0.5399912109033516 0.5117122574954793 0.5385277137114897 0.5295951607740785 0.5681265525085052 0.5942088720359691 0.5817981689621023 0.5899579230729883
0.1408731225214528 0.12942122313881133 0.12286739246746876 0.1592343090806256 0.18973339774899023 0.21626743110935548 0.19679748002539538 0.22577126826530305 0.23669012617622814 0.1936782801841249 0.1942036578114344 0.2050634484853362 0.24447037425141233 0.25185151319008137 0.28244232435154787 0.2650499912528481 0.23280914453664003 0.2530387482079906 0.22593205782965348 0.24433791519819037 0.2321416469307621 0.2833472567931561 0.310966393477905 0.3273320950914937 0.33776026572120166 0.31457200928916695 0.3176314104559532 0.3345131398990611 0.39985806275027685 0.39818874590258774 0.40614769249835264 0.413724519999416 0.43092249847694336 0.44736355523489485 0.4748959819741876 0.5089972357538982 0.5359206106377821 0.5579695680147578 0.5182012555740746 0.5536969998054164 0.5994094804003571 0.606459206535094 0.5843977643286087
0.12554990689771525 0.14044927843324512 0.16107834535647433 0.15785026520702217 0.177513979562269 0.2120174796632346 0.20199611663297504 0.20556253778530845 0.22213603669234644 0.21832966577353027 0.22158884000481513 0.19993970012206153 0.23305834993667704 0.21668716799054766 0.2416186822627185 0.25671645681147076 0.2363516022353402 0.21729032022639463 0.2572681655187634 0.24837377884523829 0.2379960826278275 0.2677375758263 0.28374253308718217 0.29351022403520577 0.3359302475680722 0.33550835298419185 0.3438702910466506 0.3744716652506746 0.3851311302035461 0.3733590218981202 0.37186234815628577 0.3628615189740027 0.38943731229207257 0.44930408402598665 0.4684752739271228 0.4670008458576577 0.48288585057096983 0.4910205782828422 0.5107335275507289 0.5526728385421541 0.5396795116582136 0.5562594298119564 0.5789186065868178
