Raster_benchmarking/Raster/continuous/raster-232.asc
NCOLS 100
NROWS 100
XLLCORNER 1743160.3409162024
YLLCORNER 5469294.954109538
CELLSIZE 10
NODATA_VALUE -9999
[rows 76 to 94 of 100, columns 0 to 42 of 100]
0.4074515158089188 0.43466879239457323 0.43455796157312987 0.4373015235684072 0.42111413573213696 0.4300008482688514 0.3999214111323887 0.4202935729248763 0.4540292137347256 0.49122839223977377 0.4426576990812275 0.42198324190252745 0.39861652921932245 0.3905785960030572 0.38795205957701556 0.3698267636690271 0.4112236673334786 0.40638891396330074 0.4216474642758794 0.4327071608996967 0.4118334478409187 0.40687087815096246 0.3879272635599142 0.4082850291741611 0.41907323193984397 0.4384586728555319 0.45762785988822874 0.5005968390038165 0.5012896538459947 0.5396099711551096 0.5047754206022416 0.505335186470736 0.5236098423506784 0.4938029484462936 0.48334043709957364 0.4865567589526239 0.4536119193643357 0.46543396722646085 0.47687004983434095 0.49865581742703935 0.500253331284495 0.534014596353161 0.538575325512321
0.433051079860981 0.4748918659529619 0.469788001754214 0.44066492011408404 0.41730765013917437 0.42356923629765825 0.39252333981199455 0.40826644034960075 0.4772551175929063 0.4634113913521609 0.48229198190418776 0.4469529332603402 0.41659059651405933 0.40200588526192116 0.37160222762867573 0.37540858509066555 0.3585724049247795 0.39672106589470446 0.37929922870277905 0.3909089438468546 0.4395705092043047 0.42563544567304723 0.37845143966894557 0.41925583871772487 0.38587608631816356 0.454976091586759 0.4792572037069029 0.4607951159298047 0.5009268824136055 0.5018384051344644 0.5002471395997399 0.5261697060818609 0.5334963901007863 0.47048129809143074 0.4548014386809245 0.4629382284631525 0.4696787269263638 0.485674995116395 0.46853954191940417 0.5091662398155693 0.5212706836536767 0.5300379684154302 0.54283591670079
0.44614626098542703 0.4624459825133911 0.4846131688369499 0.46725133105524297 0.4455836416188519 0.4376206566458374 0.43369050631357425 0.4276691135332943 0.4743774057920899 0.5028923864885586 0.47914512938166054 0.4671538120713683 0.42071113010039424 0.4285423124013297 0.38317208057610685 0.37960103173341936 0.37358460470985516 0.3887630889610839 0.4174624857652555 0.40377442347976383 0.4293347904814292 0.41092985341139465 0.3759456124076914 0.406018394752809 0.3848749455180544 0.42036859947629635 0.4326634954263474 0.4366906815234069 0.4713790194693093 0.46448945141696335 0.4793484953747168 0.4899070490804595 0.48959084643507184 0.4994724220999422 0.4945759029885857 0.48639445393631375 0.4823960841374799 0.4916872513589628 0.5020649926483925 0.5175206089798899 0.564447449415746 0.5647365443186237 0.545348426033662
0.4655313103552644 0.4834475555428879 0.4651196884348894 0.4771356753240886 0.44361667244890457 0.4548653524169972 0.43743407885776436 0.45595008591037184 0.48674764009402727 0.49938643705823743 0.48275312238684165 0.48428388055604515 0.46755878981955923 0.4058190891233255 0.38768844572919553 0.3741832315178531 0.416205457826093 0.4261980862636856 0.432558944994965 0.42311977308140225 0.45760213828955815 0.426593477091963 0.3973168072224181 0.4207550279988478 0.41161043076915066 0.37952738910305395 0.38016573927249425 0.4047364718530129 0.4436774278345012 0.4603568752698802 0.49224755602285725 0.4744342260083847 0.45150222442694177 0.46371771422998903 0.46743004167277963 0.5077938158575426 0.5151406099254486 0.4916124364889144 0.5478095180585663 0.5231022937890479 0.575066950625992 0.5565914824930492 0.5413732295157604
0.4536567976938759 0.4631852216606324 0.4652275307223969 0.46182349925363214 0.46184908908713374 0.42285990392517975 0.43063638978667385 0.47201893327022704 0.48293606432110203 0.4872175997673053 0.45468584850059174 0.4696229862130872 0.45591370652089785 0.4331749270305849 0.4165765351545263 0.3895575835062289 0.3770384965311068 0.3975307505379698 0.422776830696433 0.4163135607609813 0.4141556849240425 0.3918852876343791 0.38577989629852516 0.38185576937038757 0.3793822804192933 0.3566947464699389 0.37703257132981866 0.421001368036598 0.40983772887366693 0.4233268606229463 0.468131692346187 0.47705202043731987 0.45337803265273724 0.4728034722236662 0.4497427482001801 0.4586359842222272 0.49425573713567733 0.504884285677767 0.5174037138047539 0.5531763163406942 0.5600932027112112 0.5401123761984776 0.5326063445552915
0.4458781679055952 0.4502152302226607 0.44203937189689574 0.43940269764786827 0.4495378024227955 0.4312919848082684 0.42734222628700486 0.4708664156700169 0.4398573926128295 0.43593918534221 0.4660561871729372 0.4408268590662289 0.4383700302568029 0.3880739300983256 0.38095840626440736 0.39602105279777383 0.385157741066755 0.40962903621972824 0.43066674644958114 0.39688978627144417 0.39561013384486166 0.392950042803315 0.3781434755378795 0.35849739035881817 0.32332894423105357 0.33656883694283013 0.3475707175905568 0.3845929441180349 0.42672725831878605 0.40491038860834916 0.426124453853622 0.4672436760687717 0.4738659523539469 0.4712176284136012 0.44708093319890396 0.4781945724078739 0.4929118771606126 0.5027170150719368 0.48712078318988156 0.5190581290362649 0.5308392492988748 0.5301261624658864 0.4838724758276049
0.42647602356912095 0.4212246100970984 0.46307321982675337 0.4754281256209314 0.4396882655333593 0.46482665146522306 0.4270998919558256 0.44355923084458776 0.41729911219504084 0.40578677854807166 0.4271556650805165 0.4350952690972887 0.3856946758203503 0.3869001726560724 0.4067642414629701 0.3979178122618841 0.3842616047637051 0.4056861456701179 0.3975822868409796 0.3648518571580277 0.37983168000687423 0.4007680253101927 0.3803282074256581 0.34295456544837727 0.35539892882508795 0.3808675745598689 0.406772927898037 0.40793603791643523 0.43448390039186763 0.4151639116567778 0.4486117983114819 0.42161982809052256 0.42620269218213047 0.4702423298116563 0.45686167826472085 0.48482247977732407 0.4648527997729464 0.4804732633227213 0.4547310281294475 0.48948892916169523 0.48469492853327056 0.504078966109239 0.5116636127335366
0.43204252058787984 0.4604803078149738 0.4539771138491014 0.4827718016573119 0.47265948479511327 0.46848708858125776 0.46913571464588244 0.4034213821888483 0.3789134117390838 0.41073792627284045 0.36647079689675716 0.4152298716833769 0.38630958180483976 0.37007829428240097 0.4008242010323764 0.38621993695081497 0.3729588504345301 0.3650321258824971 0.3415205663819274 0.36594423312048874 0.35489185149039465 0.4002718057106963 0.38747596863280137 0.35253864916509225 0.3562879694963096 0.35926623526024415 0.3954884483839436 0.39992346647241445 0.4109912338848366 0.41927048195683386 0.462811397995508 0.4208432482989293 0.4268935386661113 0.45140516929284935 0.4395928489410807 0.4712437921834453 0.4769662865531062 0.45846026995169126 0.43932636999102515 0.4651298806996677 0.47266462736292775 0.45751771331216956 0.4916777263139537
0.4149630160990866 0.4340815389738367 0.4531319117118619 0.4406626553599185 0.4394892246236931 0.4515109710194571 0.4242799185661331 0.4054145157405198 0.4060415963003577 0.39483623430933 0.3989712585454834 0.37709539852638324 0.35407199944734197 0.35291014529533354 0.3578244168513748 0.38033028039655004 0.3392648850307121 0.33977628135626836 0.35151423930228964 0.3384524384747825 0.36278745590523875 0.3572180810296701 0.3748243999020984 0.3434700600077591 0.3621992280317981 0.34143932719305625 0.37648421778602986 0.38633784651290853 0.3990062439092556 0.43317956511130457 0.46820515285688463 0.42843625429842397 0.41135220867258243 0.42182630361035145 0.42950655364597684 0.4710584829405444 0.47187960400358125 0.430890648154004 0.42297361516946963 0.4229315511465207 0.46018079813609425 0.43452058367399893 0.468104244671392
0.40325212022269424 0.4270569921588721 0.44326980111307696 0.4447018292754051 0.47044382669286017 0.45543268042805024 0.4135512005114986 0.4223683911276607 0.4099081713524222 0.4113798919062718 0.394467714970196 0.3491239442922443 0.3195368290140392 0.3517515253572461 0.3453133408179991 0.36535430007659664 0.3275393893769646 0.33241419290749225 0.3815777771074473 0.3249099039587495 0.34605802657010004 0.34245284466245723 0.38405066788363007 0.3689351594417149 0.3294070817815016 0.3584591064042608 0.3607726853231113 0.42578617597473123 0.44650016688665906 0.4248539350112696 0.4568564485639813 0.42364736367450645 0.36378839970504495 0.37714549919199436 0.4294490092778118 0.4421978074060917 0.4534722343203396 0.4217397312181729 0.4455045737429414 0.43453113722685627 0.4313591137258917 0.44783093612218877 0.4470750040197852
0.38725206173952065 0.42124829921260193 0.4106482508987103 0.4269506377285177 0.41235081075670504 0.41094398091286416 0.43319195905593044 0.39583130061940436 0.3990458535783512 0.3818855369703988 0.3702734936656502 0.3584461334538532 0.3470646609466668 0.31745134719435647 0.3172297098165342 0.34314629731024693 0.3609327355520644 0.360788940494577 0.3280455590596796 0.3262623031117489 0.3038641575134351 0.32633322120940383 0.33620645255088927 0.3442954630668673 0.3850877501127221 0.3846140991450014 0.4173693544817975 0.4157184523048157 0.43216821239880787 0.43349238047133365 0.40862822327507203 0.3910053936534586 0.3716269980875995 0.3976509365591883 0.4342811274013303 0.4006901086915889 0.41438288575490867 0.42557161604567306 0.39937637409604443 0.40162547113645025 0.4462434829113495 0.4435075276051752 0.4474536863648104
0.41186681657953794 0.43651044938054145 0.40455720661376804 0.4115826645560372 0.4117202660654729 0.41631080611480364 0.4172734988882915 0.38348170163971773 0.3858973924871856 0.3436178011818442 0.3287622643853465 0.3255119722646609 0.31779870078495925 0.3074143702606021 0.31343481698756803 0.32611981083254743 0.37202847890987406 0.3435901830396829 0.34460493345663923 0.2981147708145928 0.3024430397479219 0.3086246721679817 0.3249155247351132 0.37543079527215223 0.3977375275372839 0.4089689426706317 0.40816748874945247 0.4199999642159219 0.3853347007247192 0.3848529502038488 0.39915047028714873 0.40711675620434556 0.3786515530255208 0.3671084537122035 0.4097239577142428 0.3654450081063811 0.38100037827886885 0.3942204238423964 0.3590479964093213 0.40059992524684956 0.4065909983284423 0.425324582912447 0.40399075572716353
0.4256299870052441 0.4223890908119247 0.42419797755843774 0.42420046687374363 0.41970063967572924 0.4153727955887072 0.41437453166093946 0.36285298432704727 0.38799849174232054 0.3738794815443976 0.3573674421426133 0.35186093670108026 0.3642863359592676 0.3155714494580143 0.3279405152093932 0.35451416134924235 0.3457554181298966 0.3544059159112258 0.36905747413241863 0.32054243939081706 0.34257188482906253 0.32181934519748895 0.3302911057551871 0.3761399678196343 0.38718558779567475 0.4372622256505027 0.46187633355653984 0.44733846264806165 0.4036945590592108 0.39662838142415663 0.3827537161155316 0.3964041270916201 0.3835862687715 0.37907145325466746 0.3679592198082937 0.3567255237861455 0.34466107845089466 0.34566575477269396 0.3307601320458519 0.34607662469156375 0.3238699676314052 0.34282439220586247 0.33561609902490147
0.45002430981000136 0.4503215543034573 0.40796887744820176 0.4288480621971935 0.37766120483292265 0.3883923363584859 0.365680959461499 0.35568698837611545 0.3415632677521405 0.357926724273566 0.3751047013649969 0.3490338793861525 0.3741028801399276 0.3717342069206617 0.34515108760355456 0.37938411423995627 0.35553858315922404 0.3621048076969866 0.36808183877349876 0.32454538290542595 0.3298704742484578 0.3274816802811824 0.3608727176310694 0.37575093572698504 0.418425537696666 0.4552270877203353 0.46288018305321427 0.4564333329117207 0.4372049203880933 0.38145838361302603 0.398604112586006 0.3903835735668926 0.43240808218542653 0.3952834458488378 0.3597043918778269 0.35777117634445843 0.3693739859275259 0.3346664416307459 0.30741244066613826 0.3127736013461966 0.29702914323739027 0.3211654384466018 0.33794351304727777
0.4520934900437609 0.4283485895260292 0.4242923125998168 0.42576005397323696 0.3861528658252934 0.37601843766745585 0.3954283433069411 0.38045191593421956 0.34735953110582113 0.3817144633515942 0.38582086913188207 0.38606203949167606 0.3910288843872805 0.3781333508805572 0.37553853247572294 0.3863275204623441 0.4004055528760699 0.40170650404934477 0.3842598147627866 0.34966045990967815 0.3451846916063116 0.3705959916210575 0.34240487019326193 0.36187586981992703 0.4076222412626193 0.43835445269098805 0.44181435734735924 0.4096559791806995 0.42942071222611333 0.39206807253233183 0.3853706180990744 0.41510411171014583 0.4110144013243407 0.4196709569989137 0.38169621662210756 0.35177870179083337 0.3717034644720532 0.3622198097665039 0.3295820059252264 0.3451553485041129 0.34489258950978197 0.32771547745615676 0.3341006298510161
0.435173978341575 0.4048745010737568 0.4247529321251587 0.4179737962149904 0.42489992391534004 0.3969773965209739 0.42414721197906546 0.40732333058453657 0.36484382344907673 0.3450813858848363 0.35779595894743865 0.38291928874263864 0.350242194759258 0.3911340528139638 0.4084156835955178 0.41674993541558997 0.4169865392704804 0.4130510296736315 0.3993623365156046 0.38993417593038443 0.3473146032362582 0.3352130583288835 0.3545020678954508 0.35506173567134786 0.36450451922356397 0.4070782010596129 0.4190559066303242 0.41191411508229653 0.3972947300389226 0.4049981675733934 0.4242880722880112 0.405328613996089 0.42929817731064035 0.38431275489753497 0.3559453385449959 0.3313600265052263 0.329529799095401 0.36266747520426407 0.36962117730362715 0.3722816847897497 0.32440317214015185 0.3344889073508123 0.3462054355528204
0.4057011540583623 0.4163431911666469 0.4019143460059448 0.4409609465078515 0.44983394893229034 0.42330302352314564 0.40204862199005287 0.37325256460353945 0.3536066066972176 0.3526199967722706 0.33896268193533685 0.3404301912140925 0.36290894141881164 0.3633627267933323 0.40150656433454146 0.40108105167404956 0.3871627124786923 0.4059241499332902 0.372082602402418 0.36600591833670293 0.3693296919103255 0.3276467590728079 0.36091406855921654 0.33795181058230894 0.3457753182047433 0.38315204733577174 0.3756899955378308 0.4226469295048903 0.39026670213395853 0.4085922358345083 0.41636358619127917 0.40720633123639166 0.4051120997268937 0.36052277252856535 0.3625667264323842 0.3462612178962623 0.3141997621694779 0.35164525353702325 0.3480028139251348 0.3670466511947251 0.3310413419277137 0.3511287845227213 0.32770653422797147
0.4134898027833517 0.41317189795032905 0.3838227182596121 0.40824736511251225 0.4377260702917728 0.42032580062597996 0.40441664343915434 0.4175648306769214 0.4037717158369114 0.36988405611951575 0.3585745647094194 0.35594286252661 0.3912700960385003 0.3717969844812984 0.3915646277971424 0.3950947862489462 0.36140611094250014 0.3855976568078059 0.3979250616171275 0.40062074475204484 0.3739586653968575 0.3354773844163342 0.3302852649005043 0.3498700909492534 0.33580296664121273 0.35144625581356337 0.3771700579677306 0.38434471337578235 0.41346424220267947 0.37743001667733206 0.3887547260559098 0.39188322553550253 0.3299874574137546 0.3251573133603381 0.30095117754538436 0.3268495979170892 0.32688691250017465 0.34963038491278897 0.3684045686625635 0.3726099352299635 0.33744742822000895 0.3318824400002286 0.31748084045328706
0.40494110840163633 0.42696670932253183 0.4021602457272705 0.42103799490669486 0.39836153800374646 0.4294007697258055 0.4148884197239359 0.38774598578719 0.36252518238916054 0.36601968879683777 0.3865758954030944 0.3944224402007068 0.39482776883650605 0.38846495952922433 0.40121336352730413 0.39922570808639124 0.35864022111672117 0.3688764818572717 0.39388676526610045 0.39094711523789993 0.383898185579911 0.33993065796402144 0.3560621124423833 0.3264313127930677 0.36018266397895293 0.35940077176351637 0.3773124742208841 0.3631441304193567 0.384872814856078 0.3745206418071791 0.405490135595608 0.3528399102108979 0.3524331989677769 0.299416752810433 0.2887006303675513 0.3224251909444242 0.29058049730022106 0.3106646616935422 0.3096638917730081 0.3252581289862336 0.309752773730421 0.3106811102149832 0.30525672905561957
