Raster_benchmarking/Raster/continuous/raster-0.asc
NCOLS 100
NROWS 100
XLLCORNER 1743168.0837878918
YLLCORNER 5469293.827752204
CELLSIZE 10
NODATA_VALUE -9999
[rows 19 to 37 of 100, columns 0 to 42 of 100]
0.3933109794135438 0.3522402941976729 0.37533193639540713 0.33508789231927516 0.27802557656575716 0.20892478275607954 0.1470541601850764 0.16034088972556543 0.1913906617039153 0.25540498355537533 0.2645141785100834 0.2759349054184839 0.2690770799381855 0.25792297291479654 0.2649079794758985 0.32075597350776125 0.3931818482704104 0.41458073290335085 0.3997212987283036 0.46685357185939086 0.40892072465783985 0.4185808626437598 0.5174395554870534 0.5570959573025778 0.5800914610022675 0.5401982533565948 0.6310195139348468 0.699286205396753 0.703006858834559 0.688813218490133 0.6821211956343776 0.6348523179083588 0.6471176142789072 0.5599441200775245 0.5786316008207092 0.6477361944549007 0.5812204149049257 0.5619582691027459 0.5848717169036827 0.6365861280652002 0.6892373422757612 0.6712707967531398 0.6843310666211793
0.4059895825309545 0.3773882900110258 0.3647242415124405 0.308157880220872 0.23373020344822612 0.18936427060879665 0.12867896015076996 0.11977852895441521 0.12059428010899755 0.16749784419041738 0.20658607307992058 0.21976335537963865 0.23502459716682478 0.2174483842928268 0.2806936453152366 0.3162756627035719 0.30961636338563714 0.34608229063950047 0.3842093715809091 0.41428897001077086 0.39640160060053986 0.43946021277155517 0.5207750542827485 0.5574990963081597 0.562075920699386 0.5546823174482418 0.5410232004711142 0.5757597941997263 0.6452010266734484 0.6570988465645304 0.6212452410708371 0.5702072716870403 0.598089622987134 0.578602797270487 0.5461999736923125 0.5320295168444392 0.5784870537898072 0.5889983164905035 0.6148332765688017 0.6046155778342649 0.6245494055255235 0.6730445490709701 0.6841224801077678
0.3608947701638119 0.3100397248772487 0.3437601098888929 0.32767623175888494 0.2666058369763852 0.19419175896196622 0.16577048477525783 0.10071988017997736 0.08506524883581039 0.10011675384557762 0.16034289441677313 0.13640711192046567 0.12787004219604847 0.14711546415752322 0.19364734441564221 0.26195801549120745 0.26187847366187655 0.27680110826049215 0.30572217164746734 0.3299901962569302 0.4115217797512561 0.44745395537237836 0.5099294238317541 0.5086227456064516 0.4949583686715414 0.501824281236925 0.4987487967861627 0.564146532777594 0.5645702938787321 0.5368532665380837 0.5370226897793396 0.5590528236550586 0.5314408304590365 0.5139393509561799 0.48047509037601527 0.4671706629787227 0.5435194226873028 0.5388186471227356 0.6040149918757138 0.6145099728740577 0.5858429674023353 0.6594738253675988 0.6999057204560486
0.3426894632442454 0.37538119002694115 0.3566648216215539 0.34123737905967816 0.24722468028160643 0.18977290273621855 0.2015898933252201 0.12013370319039296 0.0604797343373247 0.039174971577107726 0.0591641828062208 0.04096729150021478 0.09702484888874313 0.14297099172631417 0.2064718759549014 0.1879786215227266 0.2366444161009239 0.2760590779087717 0.2590954011171115 0.277405692882877 0.36689912618392506 0.4198427916198853 0.5082955262534151 0.4822895262701627 0.4969797026495377 0.5170347753943847 0.4752002146078842 0.5481906583954115 0.5712269932051349 0.5263566878027637 0.5781633492180247 0.5691957439065006 0.5320431190393593 0.5121384750862888 0.44338124839817156 0.44914921784066203 0.5038797684198024 0.5483388787363297 0.5827100581706042 0.5842939777012285 0.6015537152106263 0.6250817455219727 0.6727511439886805
0.31738475279339295 0.3402055474650035 0.35388948074463145 0.3218755855103764 0.2584166552010683 0.2733780703516755 0.21847883208806412 0.08509525813274448 0.046369316741213876 0.06004440746273872 0.06842563587846413 0.022304930937940573 0.03536033523890026 0.06397442039451705 0.1314907040020354 0.20407315175363658 0.18596570432909998 0.1979599409316609 0.2123598084928001 0.267670898094964 0.3283527462052589 0.44119769620154725 0.4831226387786614 0.5196729237832185 0.482366135827501 0.453436311823299 0.4450955146252861 0.4923727306897574 0.5042146495150157 0.5650614956745277 0.5622094899174138 0.5557116548141393 0.5247561918456664 0.4855640168944719 0.46964381843390135 0.40737395043691504 0.44763581707373407 0.48618807908478273 0.522996001899098 0.5431723478368552 0.5690246807240075 0.6536999647608783 0.6794292550332447
0.2927027528425013 0.3264878874542113 0.33443387882561637 0.28281152564332146 0.3198551075768622 0.3009237440842188 0.19008543656493831 0.13381946717952414 0.09900817525459671 0.0910275362355912 0.041337330822123944 0.0 0.04522622223440187 0.13298769427266127 0.1273525223212238 0.20105559808921908 0.24063901967217236 0.22784595284589676 0.2782167940417017 0.2801149252288677 0.3818494412460201 0.4375002346276911 0.49896235720972854 0.542832266824354 0.5032870355837687 0.4591375378339081 0.40535050025797603 0.4185797724800601 0.4403154596583109 0.47514650406933256 0.5317310648630031 0.4604813385031167 0.44235650380341446 0.47500125146058836 0.4567507481651065 0.4168529133374279 0.46925174765449057 0.435303210056014 0.4668014330766663 0.4819602911267685 0.5511905223591836 0.5857851646143315 0.6791079357197926
0.2737386553877563 0.2802210849226134 0.29004088386055316 0.291676764163973 0.2815019876942551 0.2833813961431428 0.22371854471181876 0.1686099051483465 0.1306228287127835 0.07877000897761423 0.0680537474821013 0.010613363953265698 0.08186343751888585 0.1412223001520029 0.19245793700303512 0.22568866844848529 0.22091293979220739 0.2529773290405592 0.30977426617590503 0.3231726205706101 0.40211003644045495 0.4120199330101597 0.4872439678543293 0.5020828911625866 0.440284444828487 0.4166382140159679 0.38023942942473005 0.36705115845155184 0.4064248906324572 0.4488441681920029 0.4802283926150761 0.4416928042804576 0.40207204367044386 0.3888423794880216 0.44748880787466094 0.3955308868982646 0.3816702581657896 0.4322085907272946 0.4857549047571721 0.4949878597290328 0.5388535848874068 0.600737467437711 0.627702199623144
0.3140880813467893 0.3233475707077337 0.27603416231555233 0.303580206715094 0.30778125215192303 0.31175852618777444 0.217461593877041 0.21514347377140772 0.15791286615265573 0.10729881662004775 0.04876092995960753 0.0804271591819452 0.0619134650648498 0.13406913002440285 0.16868009795420372 0.1937513226028041 0.18064824010810265 0.23975376152938968 0.28298200734902196 0.29309849836841867 0.3455592166646995 0.383852639225034 0.4443468196003313 0.4813769439227739 0.4821600829307963 0.4136047468301996 0.36553939128433344 0.4002234515726026 0.3630376956757657 0.3577891221540397 0.3697570261641669 0.41499588193397724 0.36861244308547864 0.4037629666800636 0.4238962849232706 0.4108848575234705 0.3844954194405476 0.43782555566700293 0.5074676549208913 0.5490149330649008 0.5361655225056736 0.5947415238172064 0.5836797937119624
0.3325068130628166 0.2752762845594257 0.31500673070389834 0.30508654669211865 0.33171258905516965 0.30054648889199403 0.19500229439133446 0.17365253412322962 0.12262279077088908 0.1538762073264853 0.11549845051591318 0.04159519345041876 0.1082020151040113 0.12970868468601815 0.16780183587684183 0.09979554315842466 0.14319289651874226 0.2595127810468829 0.2664462590429219 0.30495293462123335 0.3679902194663146 0.3621189743693108 0.4110013013714312 0.45324183959263226 0.47893583778677906 0.4796365463215347 0.4352828204559819 0.3533033637036248 0.394369431705566 0.33969226187439155 0.35522886264861736 0.376007483839876 0.35828805819934506 0.40938519202586543 0.3927929660433254 0.3898704770701429 0.415929937718544 0.46315315649828065 0.5561180373059362 0.6067303435007874 0.6052816447274219 0.5705004180428347 0.5628052285103732
0.3338382385563983 0.29735541430777235 0.30014465932890344 0.2589639514172612 0.25959226632823434 0.2354426142211161 0.2318530203606455 0.19056781731583927 0.14727141135431573 0.16103698711780975 0.16648778581820434 0.09963528222841031 0.10968653478700403 0.1708763544794844 0.1464051917524814 0.1484834518683626 0.17255237979739196 0.24091323520652735 0.24994128241132657 0.3076895002318391 0.33333805608881817 0.30457991941283913 0.3471270752944246 0.41298809568283024 0.4327515048123229 0.4177725228792316 0.4468046759978639 0.36711834840020635 0.3822934929362137 0.3380318386729296 0.3770287204237278 0.3916477832908869 0.40020519471005944 0.39163718412604426 0.43205454331813625 0.426975602767324 0.4417644982837919 0.45857427453891814 0.4913885607493956 0.5374274645436103 0.593373754365054 0.593967428256681 0.621498303931615
0.29480931621096335 0.2949310893368038 0.23131360397797948 0.25229901639806623 0.1789677381230991 0.1841935899348481 0.1831736154336783 0.17519723757522257 0.22002832509906625 0.22278429667510985 0.20056458057627582 0.2271248872090379 0.15464068670312794 0.16508931424526657 0.1652041570315193 0.2082843558272591 0.22447427146927612 0.1804065171671826 0.232520546249257 0.2882325587990803 0.28824657106257373 0.32027426225002453 0.3812228373897234 0.3706847825552997 0.381471712560222 0.4451069392063804 0.40816066422197084 0.3502059372117826 0.4081209548022384 0.3479648800468807 0.367046986112639 0.37362291044431567 0.4171077607271528 0.3941716171644449 0.4159999974166256 0.39914820407198 0.47204161407534795 0.5040221108459912 0.5296841827666596 0.49753249956568596 0.5250807534803095 0.5999521140203606 0.5802245666960807
0.32843624373591995 0.2533458020402817 0.22021995530231103 0.17624698653060286 0.1787555214623759 0.20791177003914008 0.1984490879112816 0.21749359299083712 0.20919126314078176 0.24222662049639587 0.24428049642211502 0.2428070470362353 0.20826626764105768 0.21366364982715172 0.25510745513210487 0.2444077116221735 0.2091783888158366 0.18347450372940063 0.22717905769378421 0.2487558580806848 0.3200791411020869 0.3047986746090996 0.3707662454984044 0.38240416460699816 0.37832541405161113 0.42296361629475104 0.44953764581298034 0.400062078653041 0.40585184751295034 0.40835930887248073 0.3656192446168973 0.37787707798973075 0.37123277058200493 0.40829342207248887 0.3918131924895581 0.42972791041914005 0.4887890588887144 0.5568464310046706 0.5511700574206155 0.5321794356721473 0.5477973443279381 0.6122116903169433 0.5690261301927019
0.33323078020794544 0.3131184931754949 0.2223534037192934 0.1397847838750494 0.21826723231987727 0.21650153462814958 0.2197109113963097 0.19592082543290068 0.25251575179971747 0.22196229625329175 0.22836287005575437 0.26923853881278265 0.2696796577485875 0.3024967415660481 0.2651231185471374 0.23853549109353137 0.21860667123841193 0.22995973469795664 0.23755770722857222 0.283506478234428 0.29957214226517415 0.3288321824840903 0.37266098447240886 0.37697284995312375 0.42433572576774736 0.46394903603849086 0.455358894635643 0.4755092332028674 0.4064119647506212 0.3566089451705312 0.34744120930991346 0.3345713307356451 0.3277799136825846 0.34116519530096384 0.4218713526888238 0.5073080905955899 0.47154866660104666 0.5389102729187881 0.5796563660334545 0.5422985253805522 0.5739679272125023 0.6065033322167014 0.6019282161304143
0.26374686697347033 0.3041699183376093 0.2250744851401843 0.2331322155020148 0.21602181005842397 0.2165290748649964 0.2769949690093643 0.2674805199772855 0.2405455915431204 0.24690133152879426 0.259833773510217 0.2915024246534753 0.29002871277444375 0.3208206549996036 0.26966914817960635 0.34094568232997363 0.3078135054846336 0.3090451007026627 0.35822074924550756 0.3916382664857389 0.3800636335334273 0.33922675237918687 0.3825001477878179 0.420037460831266 0.4412633121153736 0.4708870370085667 0.395661379870326 0.4016844171319188 0.3759055984244386 0.3310871247085801 0.3125680839097858 0.3419570394783032 0.2995481256068484 0.37514634172049593 0.423585968068807 0.4570444982184656 0.4922961515044338 0.5165375880475196 0.5370425954206118 0.5251092201236359 0.5137483784430757 0.5407649451216362 0.538811831450003
0.24633063150952328 0.2560368252328351 0.22329475464616114 0.28338856379135813 0.27661723972109864 0.2811554225630128 0.30257404053365305 0.2914781291233015 0.31577300509618794 0.30067101307566807 0.30756127249274434 0.2464625460582829 0.27664904962957315 0.2794153537557296 0.33888697688126407 0.40015973414018147 0.36751792152586643 0.37266165556904196 0.3798805058919714 0.41295143844902327 0.39623739314087436 0.3806363653189368 0.39490628050661325 0.3599520448157921 0.3714302806784834 0.4380750802435959 0.364528571325716 0.336465483055355 0.3825339332331981 0.3665334411708001 0.3495361895215889 0.30176877409071223 0.30133089567585863 0.3694092872951413 0.39127429816352927 0.47943901961581925 0.47645823366771595 0.4673390473484479 0.5172906020814199 0.4769001390868907 0.4918520119208759 0.47440296999392284 0.47090386046296717
0.21988805606285608 0.2602263992807469 0.2842688993228457 0.25257250896267636 0.33422263512423583 0.28719716101623216 0.3306549137204372 0.3224797104085944 0.32192161643952816 0.3575702167849124 0.33732781126308814 0.3368223474185451 0.2922785057799408 0.38082382696420863 0.38163636304685955 0.367395613014059 0.36238181364236477 0.3779660671525704 0.35639605154791226 0.37514748272354614 0.4295975979666081 0.37853027984866777 0.39119925652703674 0.37230174439827446 0.3982987477763426 0.3566402753003072 0.35327264147831666 0.36735841825580806 0.3558943279504605 0.3905949881221317 0.35398989967726363 0.3305559215362749 0.324046372596603 0.3658319624439268 0.4123954625836095 0.4423756141390985 0.49391504375345263 0.4834385725614736 0.4883338101251315 0.4889555490066843 0.46503004685797944 0.4201249435651718 0.3741635649581941
0.24186322796499365 0.18073374108215381 0.2317775972437652 0.2663653612672887 0.3280790564881908 0.348166584422749 0.35845169709877694 0.31706126150091196 0.3699020425820332 0.39016285179205495 0.3277996148526529 0.34766457260920247 0.3993078687372498 0.42077400229897527 0.39707264169165607 0.4507097479891285 0.40541267818020316 0.35123150113145274 0.32136609347476774 0.36353429386675484 0.4230696245079595 0.41535720055447684 0.3896261828098651 0.3684378632207873 0.4009210861220197 0.3348240121837813 0.33223913565167446 0.3180756673729153 0.35207930381890934 0.4180192121311802 0.3559034529144556 0.3603374593988781 0.33010467276382827 0.3929289082784297 0.43376965655115146 0.5269477593075386 0.43957176906147044 0.4222639428103716 0.4159496602225626 0.4701399409605031 0.41995104724407833 0.3600727971412188 0.38036844929659086
0.2588382561370237 0.2443245851907454 0.25265473229988994 0.26775349535132015 0.3424893880675471 0.36711743756124954 0.34639455156209836 0.32550565035617823 0.35831267341694856 0.38706546611149756 0.3727326823704048 0.3440566557879162 0.4057890470847086 0.43080207199633114 0.43610896390606374 0.44725351229564897 0.45359323485804975 0.3679711518964012 0.36194620393581395 0.40295681409126183 0.3947870842598142 0.3591850489409121 0.40077491458013104 0.35083305265315523 0.3656437400432965 0.3195984591229837 0.3443070653701073 0.38002521136105655 0.39849605172543073 0.4126076388292669 0.40841269222315985 0.4091807978477456 0.39881028800468693 0.3698786650153487 0.4433606517699756 0.4074730610036742 0.4174333843920996 0.35618873520295746 0.3753200829971451 0.4207005919300606 0.3805802071735215 0.36951259871193165 0.353755613658592
0.30401532696072125 0.23863100162701423 0.25167171303083147 0.3078600850067623 0.31584822344997127 0.3453191688113126 0.3314042629157856 0.31842463859103354 0.3245573568359719 0.3296428104901321 0.40239225040360416 0.39230432865631404 0.4118407632614012 0.4842601287408667 0.45263303926047127 0.492482621851046 0.4795878865695213 0.41472103562884954 0.38467438946621607 0.415732794380057 0.3414014252099467 0.3445689210355556 0.35039019998075077 0.31971813598131577 0.30922842723606225 0.3261302414395805 0.3302230297103159 0.32287145759958624 0.4008813043887664 0.40338771656785516 0.434731119340803 0.41332667444454385 0.40171977022492217 0.37784617192632447 0.3734788642872405 0.37578424835298935 0.4071435748412496 0.3626983540337204 0.3677897440118107 0.3995213309401595 0.35285183873339443 0.3056997996563673 0.3151247488296681
