Raster_benchmarking/Raster/continuous/raster-0.asc
NCOLS 100
NROWS 100
XLLCORNER 1743168.0837878918
YLLCORNER 5469293.827752204
CELLSIZE 10
NODATA_VALUE -9999
[rows 57 to 75 of 100, columns 43 to 85 of 100]
0.2985610531950283 0.4080935590241076 0.39604084915042626 0.39870991003996903 0.44010983833728395 0.4544181231255766 0.4503160529923381 0.43444935014807046 0.45165761805715365 0.38695039873746634 0.4000277855871993 0.39887536667256623 0.3563395491535754 0.3712692136530998 0.3196307639255631 0.39460044055020027 0.3820241559620604 0.43374014659481974 0.48046275396770466 0.5173886720008604 0.5196219473394034 0.5426017926502444 0.5030707276058992 0.4719222135971285 0.38999158095620345 0.4225802403909519 0.3856032822732608 0.32950671895166245 0.333680670771829 0.26541787074357664 0.2086009711031754 0.2166203336672879 0.17024988463952048 0.19892193505054548 0.2199951693438849 0.2788589474303925 0.32434307274099766 0.39983351729010425 0.46482580805544776 0.44689417023001565 0.4838788115949809 0.47297513045157885 0.48777318743792536
0.3523990145810814 0.37693386314813526 0.36203218884198524 0.40172427819901513 0.4166785778418648 0.3992466899339113 0.43534788203054514 0.4611617389301346 0.47520747371605465 0.4107814543924218 0.33814534229619503 0.3287637774246307 0.3338123522449612 0.32614381150495003 0.35621930435293 0.354647109044495 0.3971532013404071 0.36212941319024855 0.40949183565457375 0.49823398262484125 0.5162587425086733 0.48427016806399864 0.4158854153554262 0.3791527581583013 0.36201285612011835 0.32450211526814665 0.2719697580796581 0.27994887320838896 0.2973051034068784 0.24266770165171558 0.2558302386115958 0.2214037274805328 0.2282964577189932 0.2316546594173522 0.25905454941714695 0.2714519884069919 0.3150500988110946 0.433678919959722 0.492659094661425 0.4883587552815922 0.4312200186846572 0.46145163086695595 0.49793968525482646
0.35329929669024346 0.3505430963714468 0.36126282466579707 0.3731599115775475 0.40624109616719756 0.3849723231662061 0.3693199562751398 0.40738605318247245 0.45952133429976755 0.3624252819903176 0.3262362213974696 0.31898046091325016 0.3135585873356387 0.3139046046878577 0.3958581182106579 0.35422939705614975 0.3533264962208262 0.3933496007494756 0.36668774502504425 0.4737326224017789 0.47003449623591015 0.4562501411440718 0.38376192156077577 0.37478000086727115 0.28885857336656146 0.27124285484868743 0.24593327337172177 0.24334785936810915 0.29149531238145726 0.2781334164883793 0.19877791976894413 0.22860067788940105 0.24740618820902593 0.2895478563697079 0.3067207633903258 0.3707191873860627 0.3641089801086979 0.4049115598984943 0.49564982809516595 0.46572685250934165 0.44019304885384275 0.4573669857257686 0.4970726101126366
0.3342280617756661 0.30112941470523197 0.31490202796653116 0.3516820583228801 0.33562522745986834 0.38615946902275544 0.3563865737237355 0.3521605869087491 0.34975018489800547 0.33086070796485084 0.3636463165293066 0.31561098158268847 0.3115075254008801 0.3616784605520177 0.35016928675529435 0.3566723635219688 0.32604898185644676 0.34080562516846274 0.42001964000354347 0.445735499508512 0.3902511067592919 0.3543802768046704 0.3461707158480973 0.32626753533372566 0.2956383401618017 0.2513393712019724 0.2894330614474355 0.27477708211980684 0.23939610719560642 0.23992767296805514 0.21746361113858229 0.22397727384707497 0.22423826109541958 0.2852878098730825 0.35626148534865176 0.3955959230514484 0.43044265082346167 0.394875041040589 0.4574275736444214 0.47867480469768686 0.46452171691696686 0.5052653184829569 0.5244876125786406
0.25180611559664473 0.26819513035398423 0.2512394168968042 0.32357375903423774 0.29797362146543 0.3306853456078673 0.3131454165107704 0.3439363384323486 0.34614562126138226 0.37421011504529395 0.34631005320893643 0.3271711130152734 0.3954966519785034 0.3750233700216697 0.3303467975529729 0.31499392285760797 0.37878171639512453 0.3765913328856344 0.4143917424797962 0.38001516597278184 0.4199182922792025 0.3627548394503392 0.28596865460249904 0.2840345524729109 0.21710777082866037 0.19519941553962825 0.2520622581973095 0.29772382368691735 0.24365442677372695 0.26566611339067026 0.2327532960746172 0.26881864454873866 0.23610827941289989 0.26678506617311865 0.3432782054394086 0.3744766034663799 0.41827829080623363 0.4497942937345115 0.44733549146662205 0.5046053329656431 0.44041956147520683 0.5204989941113681 0.5731856432869494
0.28010221626275655 0.2342071524256388 0.22048551473015543 0.26373144137592597 0.3057229963797911 0.31200495995582367 0.2952559381421754 0.3467043982681022 0.3223015592767287 0.3275783275758914 0.32997491850996546 0.3954465830517553 0.3972420937524734 0.3778319711675077 0.3565176875492901 0.34620083338634344 0.39389542465974753 0.43960719972945883 0.3676257322839107 0.333038707373778 0.3061820038389389 0.29752214423293183 0.25617114851905287 0.24222402997346315 0.2332703869988733 0.1867353573312842 0.29537328150786485 0.31639700345789445 0.2832813311445803 0.29226903200592513 0.2820772534021458 0.28839219316365766 0.24713181016049646 0.2602659264365911 0.3250426339342605 0.3702803068960029 0.38790515918450547 0.4300139824771381 0.45225907294836504 0.5045121444857533 0.532415539627603 0.559011517256418 0.5566257431429448
0.243850423880384 0.21086016456264145 0.20295297440374505 0.27380437395735663 0.2583643771735941 0.2780372936662909 0.302089213920242 0.26878358876884345 0.30172128772441387 0.3370654685248751 0.3204862743068301 0.35784497276203764 0.40183617224145113 0.3795886701813579 0.33811720390203986 0.337024221965406 0.4431343834123363 0.38133090893986044 0.3868529261257444 0.2998106164018373 0.2521331276327249 0.24898405918605487 0.25168563168544905 0.2266567956023006 0.1358235596549498 0.17101088885354127 0.28729434376265073 0.293215005227378 0.3294662226540396 0.33812106562535854 0.33945307690796 0.2882379043753157 0.29356897873922033 0.31243204838664634 0.32551588984131824 0.36968532128761855 0.3598957970618699 0.36805990534825545 0.4666397806013021 0.4859738944671228 0.5565025271519157 0.5496022536994396 0.5771726412339425
0.24585935879933643 0.2481299309644717 0.20832947562282544 0.2347644032248276 0.27304899694980267 0.2825614351779908 0.2338764111944165 0.26684237648131337 0.3161053887288515 0.30546803415757523 0.308553524512767 0.3377508656311671 0.4025097825180925 0.4146596333534941 0.3680107260398059 0.33832304505157107 0.34843173233875613 0.3860970122119024 0.32840973178254335 0.3387094956736046 0.24329447187895806 0.24860108594581534 0.23211650021331964 0.16380959605809192 0.135862612893813 0.17048123698335044 0.2539576189937058 0.264859300340963 0.31315867194277835 0.33724019292782653 0.34686052701618836 0.31281177639556873 0.26712206793371207 0.2878763634133181 0.2727529113062451 0.32105956400149366 0.2981658947906389 0.33148569357402846 0.376615169856847 0.4489083481904998 0.4833659772236683 0.5253051789099328 0.5686925822658471
0.20162624757075168 0.2783452591579686 0.2725259001794412 0.2675931576079532 0.23792196013618785 0.2631604690925011 0.2349278920110435 0.25022833252827537 0.32159788581646914 0.38066386862910306 0.36838672168516035 0.38874338814044346 0.4108479484992798 0.3541458956327519 0.3566717873896641 0.3766024580629643 0.373195527819632 0.3189221479620031 0.30792417372752046 0.2415994109611011 0.252115856172589 0.23667391907920443 0.24650602564478152 0.16830579029577952 0.1739419970696711 0.17853179583629875 0.24131208129314002 0.27361752057397004 0.3348828962441207 0.3626065252141684 0.33519148391529957 0.274797192599911 0.2603069203883848 0.28803983247412096 0.28708177205005164 0.2962180168257812 0.29341342225489087 0.3051225776644889 0.3390491176866411 0.3700039594214267 0.40721777991925273 0.491349184988256 0.5177564142493408
0.22217268437686383 0.27154967800322793 0.23041849258272154 0.270057737143618 0.2322375199881133 0.2068732494148747 0.2563844049842092 0.29599562297123644 0.3488015871232421 0.3814058647281991 0.34632446318916704 0.3825432041089362 0.39849839197145964 0.38227527077394363 0.37904603978826334 0.401171540069864 0.35427350258135043 0.35327612122111246 0.305509376543605 0.21334255694264984 0.2429133668505916 0.2509025195960476 0.2328576690062997 0.24543528377241688 0.21773741413066375 0.2110973095300693 0.22818948180580498 0.2990938878282374 0.31357561676184 0.3285676514140605 0.3196814348992615 0.25447732311194465 0.21931220873604895 0.2215805592637071 0.23886412596091264 0.2715317449015361 0.24529482097095257 0.29097362632423174 0.30805672804567447 0.37792187147160444 0.4244268973805379 0.44986282612903955 0.4520085688459261
0.25136899823344744 0.29014371849241827 0.2641769608529374 0.21312598022713602 0.16988388865902687 0.24854763674946279 0.3202392079147532 0.3517585352915774 0.38800446219436535 0.3588452599039023 0.40037009209610946 0.43234947537212 0.3966243274686083 0.39911603848322535 0.42368148914327963 0.43260463300115665 0.4218020220707186 0.3384737080833642 0.25704350894009625 0.2162798679903058 0.18427294361985377 0.24504321286143968 0.18555291845403526 0.24154379498403789 0.2292732042067995 0.20707632322486402 0.22023100616819896 0.2589012068513254 0.28376614465103545 0.3281520955148552 0.31138481902155274 0.23462473700274342 0.18368059440706208 0.20348873117249291 0.1692471958759404 0.2597261379301357 0.25293812777138724 0.2724222826196856 0.25961296782159843 0.34546876225014306 0.39387855308080305 0.40594917893351756 0.42163050423024195
0.227871483338434 0.25505579517362276 0.21895228709811063 0.2752043269976975 0.2166790740656272 0.25963475756650245 0.32051396397701626 0.3305852533218908 0.3489317958846408 0.3806032927694707 0.44580437928822286 0.42226004994057037 0.43910384383613227 0.4214896853995814 0.4247252223648045 0.3903676545340143 0.39123803435139554 0.3693358187028073 0.3360431731141969 0.28783206539846873 0.21258622634095034 0.2356100530233588 0.21012720904268073 0.23157518592517454 0.237243814709428 0.2032273784076942 0.24746775806524862 0.23388829388699878 0.22683277162532406 0.244900152191033 0.26624727000975745 0.2521308241380845 0.1858180608294204 0.13723888620343017 0.12565079839684534 0.18854732841131105 0.2319974400413719 0.21274318578427098 0.27899893630716854 0.3465833671653271 0.3402924703661905 0.37559492748641116 0.45226568154463054
0.24083964863798893 0.1845327032539447 0.2367423432039723 0.28184121870550405 0.3113078863676435 0.3119052111078909 0.2844470008598277 0.3503718842701749 0.40279397575842485 0.37540253171268034 0.4228542691886644 0.4305615806480602 0.3583383618570808 0.37167642727610917 0.4382166190467652 0.3592486513557938 0.37594828312344547 0.37048561224545934 0.3052404064800654 0.26961842630983485 0.26364874261832794 0.23140827951082504 0.2588591501788507 0.20333343363141218 0.18301431719725886 0.21871729662148223 0.1950501592093457 0.2712826815775231 0.26862536226594813 0.2681433974327748 0.20508668353926116 0.22200754563382208 0.1655915366249532 0.14650415960592414 0.09953185038686689 0.16681049160997302 0.2080807928349044 0.2132823182937832 0.28458980456672656 0.3122930014553391 0.40242154787133216 0.4232379239198522 0.43349770969922896
0.19414816604625865 0.16159133301712061 0.1848215477374737 0.23419508249678528 0.286989248999459 0.31569837639195614 0.3090158718973218 0.31850601171288717 0.3748500828718781 0.3628761085795323 0.3493956661665686 0.3727605253316705 0.41037463301071575 0.38859336064291444 0.38253333364312836 0.3816088407814939 0.37569789922706015 0.33024811352480365 0.3053729979200498 0.2776857680584899 0.2914394914924944 0.29299282537609334 0.2958781923006645 0.2526024764312626 0.19867153788503286 0.23908098778370654 0.24081078864872574 0.25511787263210856 0.2439393008530403 0.2027165106623579 0.1956112199279975 0.18203762421076947 0.12693050458130645 0.10933056217640431 0.09582407479816124 0.155332728207777 0.16265503034057657 0.24835059180847185 0.29819612551750263 0.35722718252663593 0.387856723341089 0.4345124423232839 0.4676031591232172
0.10161743034421813 0.16503990276033598 0.16389785913790536 0.2294645121533499 0.35692569952289444 0.3359723206198699 0.3690419384172673 0.3584364257315284 0.3659582340925208 0.39924317864872394 0.35954559757256466 0.40981402509208664 0.4195785987868619 0.39749291988736274 0.33140176758800954 0.36290047831001676 0.3348177171496395 0.3199129534196772 0.3157445772661657 0.3132229789493386 0.2992660711724353 0.3335489210406512 0.27778354448628373 0.2529783131803452 0.22960584873632148 0.28557852123266475 0.2725391006647218 0.28025150550778855 0.21316399317524015 0.19648861127820322 0.2004296676324214 0.14834205361539027 0.06138044384846634 0.10136962289853425 0.12980931964377596 0.1275140637672859 0.14606127173169006 0.23889254451086261 0.3188030115474486 0.35232830825747113 0.44574386596459237 0.42886244250674627 0.45216116375399773
0.19312791701302948 0.1829848858164658 0.24352399611380576 0.28275937844643295 0.3093266199803829 0.34392954718098273 0.38343698062796727 0.35353351978366754 0.3714380416657934 0.3646694693031996 0.34327825120744765 0.3549050539983397 0.34111433217472736 0.34182349469219947 0.32892809907642273 0.3195969302677601 0.3756999529634201 0.41349573235717657 0.38730045373400546 0.4067024627500411 0.35073541137099873 0.30602136189988666 0.3049829118897663 0.25250200262544126 0.2782169117762077 0.28770428571608203 0.30471987902158315 0.2914770938231745 0.2486623002075818 0.18802864103565556 0.16414278646846586 0.14020677713323823 0.1191798904515665 0.10291563201409692 0.11421254973453604 0.11937759956407847 0.19050773933429813 0.20540671605164662 0.27982594239844727 0.34025935625061654 0.4040187810039384 0.4221146256752444 0.4840804303271505
0.18321270319583785 0.20265095547802756 0.22072455919263673 0.2766957948173698 0.2752620753146113 0.34930260885061537 0.3801591762584895 0.3270996105195401 0.3340253492803337 0.30712778630469656 0.3448868680716843 0.3585441410915773 0.39143638440302775 0.318726761305238 0.3268527292087703 0.3644452121753077 0.4133729657086389 0.39586588192196054 0.4391233151744886 0.4263610773243068 0.42616137169922724 0.3845261044840998 0.30269241648554773 0.3015380731654097 0.2551283158516612 0.2785167683320691 0.2687996990683371 0.2684872241925926 0.25626257908844186 0.2066649442026669 0.18677859923777174 0.10445455887738106 0.10889241082041191 0.14621807186318184 0.14268474308354787 0.20439164662182657 0.20969687455279906 0.2700769861533154 0.2703725691225526 0.3712621573109393 0.40755894155472955 0.45766669140164506 0.4660685287178564
0.17825630391646366 0.24993015371812344 0.2938777639670748 0.2686025206145165 0.31532494824757673 0.37057829607092596 0.39212787772294966 0.3466353287472155 0.3393730589125505 0.27708415689778226 0.28153277376182184 0.2963375511397909 0.33215810843918747 0.31481876148769455 0.34722401522706187 0.41710394713510024 0.42054354929265253 0.41895155112284976 0.45477961955970986 0.47498673846585615 0.48549473223171913 0.4379614671097582 0.4141924995614351 0.3428105728001565 0.2569770480905899 0.26921636735087584 0.22674118758386622 0.2513856636858689 0.1980898601259228 0.18381257765425044 0.13592463523779702 0.13093389479375447 0.1281137982243867 0.10179258254338386 0.17151400659844265 0.22847724137918257 0.25322562101068885 0.27436163251455425 0.29720767724272656 0.31685712635064234 0.3829025216444378 0.3892139851377654 0.43712366347703374
0.14875918934859686 0.21326641571508004 0.2917306530779961 0.2705040771650672 0.3809442488073792 0.4017177670571589 0.35790582914659846 0.3112957607064443 0.29660068075473944 0.266279624602275 0.27982978294132044 0.27868744260418327 0.2951778127202828 0.359497064554312 0.31832027212589015 0.36495396752642323 0.45836336275121875 0.41750470567237 0.47463848671972864 0.4986364872095483 0.48249488982604627 0.4395545885284487 0.44312476974892445 0.33206292680503835 0.2978073130851784 0.2700195069728944 0.20888139328039307 0.1933929468833198 0.1733050410388439 0.20341319863354432 0.18328581869684568 0.16153215641184632 0.11208461449988 0.11722241461220022 0.14560102172673972 0.24023103490835626 0.2594775740930213 0.2595006552912302 0.2720248456209396 0.37073357741620827 0.40980576135444324 0.4466544993282606 0.3932663330286293
