Raster_benchmarking/Raster/continuous/raster-495.asc
NCOLS 100
NROWS 100
XLLCORNER 1743159.1461283413
YLLCORNER 5469284.7255600095
CELLSIZE 10
NODATA_VALUE -9999
[rows 76 to 94 of 100, columns 0 to 42 of 100]
0.8622467902955172 0.8604699714182683 0.8304261522191196 0.8351730722097609 0.8452164779636098 0.8478685955955364 0.8131231762162276 0.7848928953737093 0.779381487875925 0.7548370124015227 0.7283517955713802 0.7323462445683834 0.6579648546657002 0.6203976219739973 0.5875533539009193 0.559650133755847 0.5727652128476024 0.5502852681458809 0.5154259001044065 0.5408448621966024 0.49872514382959493 0.5224982594692663 0.5067141141289471 0.4414394864772206 0.4742508956505105 0.4587838543955244 0.4080177446799706 0.42628001316801645 0.427563619334941 0.40757615905992656 0.3686651777034705 0.309006040382221 0.3163335267806714 0.2532868332357655 0.22884679213361359 0.21033140392267222 0.18948450833252029 0.19858703718547172 0.16534095162963233 0.14618053402977835 0.14705540666750633 0.12884978908667316 0.1541719447494877
0.8734897886458126 0.8321759975052189 0.8117557432868013 0.8536431965027191 0.850137654630036 0.8208494213574804 0.774707438757773 0.7642386876021473 0.7739503708068235 0.7556402808853252 0.7079679207047311 0.7208446195790311 0.676854066909296 0.6511566618004226 0.5809627554465623 0.5774962609790136 0.5747565327244101 0.5455153001352204 0.5374343674753983 0.5182637190320956 0.5246106045501301 0.5083947014479714 0.5060920355837927 0.46529558780784325 0.4786164579334965 0.44824313372359836 0.4362600614347187 0.3926016505872521 0.37571554937977064 0.354862950583366 0.3305320186951077 0.32364198437584224 0.3154753005106158 0.2756139771502594 0.2598038105185027 0.2590088863796385 0.26245973100704445 0.22429269716438022 0.22530275714475811 0.1665508323408566 0.1435838870421603 0.17364785276856148 0.15667366982507297
0.8444253971314075 0.8181710573231978 0.8095784425562217 0.8313752638506224 0.8616186142613378 0.8408853312681737 0.8046545134528865 0.772161416092882 0.7924811966552593 0.744043983850615 0.6879779121581022 0.6663738474534961 0.6446570151350729 0.6314062855887675 0.5889787495666507 0.5929121063012959 0.5937793493820416 0.5442148310545202 0.5179463182829179 0.5090487262647114 0.5146678137532961 0.5216343655816713 0.5048544736634852 0.46419638372000216 0.46765296037208604 0.42961968247682514 0.402487538516601 0.36898853298359163 0.3188116011667096 0.2999556302399748 0.27685029602285016 0.29547312818928434 0.29342043062676204 0.25950106245081533 0.24816776158139658 0.24345721337204765 0.2273619515667881 0.25700616493435763 0.23375597011218002 0.17411425010525283 0.16838036572435713 0.16606927047333864 0.14655417543188212
0.8406047087328843 0.8090756485922955 0.785875692172695 0.8036210940801075 0.8237017859335792 0.8494672365717408 0.8302912312841221 0.8301586503346868 0.8045131257777419 0.7414962555814842 0.6777553156663043 0.6755648425341653 0.6278363130462484 0.5885973534648125 0.5941519698825736 0.5690749687848298 0.5961455130209873 0.5526461202594417 0.4983504102751973 0.49302891748038014 0.4898107652845871 0.47616711820811325 0.481554652918517 0.4718241737407735 0.4583839004575286 0.4344557515730146 0.37876122064969986 0.35242340169904834 0.30232563899865306 0.2771643685660659 0.23777257976354063 0.25527423437448243 0.22921699119940164 0.2558461543500639 0.2481897902418907 0.22850644638318154 0.24878914142695618 0.21595627171738283 0.20052441152952072 0.18394562096569464 0.21306205353104768 0.17205451200197672 0.1856936319163816
0.8311079073618356 0.8250697394062194 0.823095239898539 0.808563376055606 0.8087920626711306 0.844316898531242 0.8107402620152179 0.8127413881321303 0.7852841927830428 0.7516923872365554 0.7181816680656108 0.6745496008476212 0.6357026029331608 0.5791267351530105 0.5921124677218246 0.5837897871636247 0.5729433376520365 0.5367698918404719 0.5437327321275436 0.5091197836177291 0.4983022938897467 0.47619364097472916 0.4824704984326038 0.42918278670559534 0.44138982403487614 0.40099867402917794 0.34607301055833034 0.33714094521692023 0.2986372755369358 0.26957801993280084 0.25156034466887917 0.2138545348378014 0.22216346650973584 0.24013869552753428 0.23921095787871313 0.2302875542667806 0.22307742568074157 0.201784304100257 0.18649377787365307 0.18637123534029487 0.1689527470624242 0.16444690192482306 0.14646076703167832
0.8588605529361225 0.8454033529450444 0.8254687182251732 0.8500007145515411 0.8279928022908989 0.8111682772282679 0.7954826566785531 0.7830402517670352 0.7825774176780989 0.7240331921080164 0.7040148065927444 0.6265324768584636 0.5882085947803619 0.57065428761715 0.5890609588585884 0.5724634405392572 0.5636457291353889 0.5659246035483775 0.5323327370077043 0.5044244670874825 0.5197056797230476 0.4701926885132424 0.4548318467087232 0.439972516744073 0.38861666466615014 0.39628662884281907 0.33240103259219606 0.30632279100750215 0.27021917683634256 0.26191730145869413 0.23890942583825783 0.23673099079183893 0.2162103986121944 0.23848622147377704 0.26715370742481787 0.2360044878946322 0.2128995324443565 0.22156191443214757 0.21526307184998844 0.1805829035476347 0.16602494524141606 0.1890351754582371 0.1610973691648499
0.8601896028120172 0.8579755749942832 0.8448322437080892 0.8466566762314955 0.8389724543309838 0.829171384745407 0.7805578606523345 0.7715715789698188 0.7622941324008815 0.7433814360354718 0.7027829366036872 0.630892923235737 0.6091303085769718 0.6046063736430065 0.582677140201918 0.5449849319426374 0.5565700654862861 0.5814266184043654 0.5804715573273328 0.5413091419053835 0.5129096485475672 0.5091422095072345 0.49247838487054496 0.45431091141746616 0.40061000315238415 0.37420853880577165 0.34714869423410377 0.3068773804430802 0.3074474525235902 0.2773624184984803 0.23672612614404098 0.23465145994471356 0.25415633500864543 0.24844163992585325 0.27037374548990506 0.22309630667972666 0.22611654137934106 0.18509759066783488 0.19964242118707315 0.17210750383494297 0.18199408166523345 0.17514741558267033 0.1477290708537691
0.8836439824718948 0.8787501780312318 0.8803930319550146 0.8773781572844068 0.8409426174736971 0.7983472635665049 0.7955184410761987 0.803641244503259 0.7760561164030322 0.7742437862910906 0.7410351043840242 0.6794391799011547 0.5927869672365839 0.5745769259249641 0.5679641735356763 0.5567636414132207 0.5457009563183705 0.5714302577780044 0.5941005146227312 0.5400861035295036 0.5589724439849314 0.5287604125662553 0.5084511126953198 0.4643872925250777 0.4049589927204075 0.3678146883471499 0.39186723485542985 0.35779292847136057 0.3133285846862188 0.29567299287028487 0.27670594279304017 0.28493115565524185 0.282439711234001 0.2393905030126968 0.26293348484264956 0.24272196666038817 0.2145117624464598 0.15436877987451572 0.14772730328494932 0.16494690801467413 0.15340411552540084 0.1805895279916461 0.13004117565900958
0.8819810219051382 0.8765227798320254 0.8831313406291225 0.8675968436919131 0.8412404720620795 0.8024372056536382 0.7864493743510591 0.7938425459836561 0.7682413654744878 0.7645507967146529 0.694582674186618 0.6547488142833432 0.5961419967586861 0.5673518051059675 0.5572259932217959 0.5698694199832676 0.5706826698873807 0.5569514779816652 0.542777836645086 0.5223169522624702 0.5042690359994141 0.5113927205260659 0.47746160435099827 0.4498679532501024 0.41827437871500067 0.38915748089123303 0.34131069764541483 0.33229274507807605 0.3226416733065901 0.2946701777332165 0.3087867057402903 0.25543319580142215 0.22985293052376587 0.22981114740204006 0.23496435185510228 0.20159790802575317 0.18124822193974274 0.17088232749439997 0.14610089002180376 0.17164477936193454 0.1997605468519445 0.17910695671022048 0.15003049813368868
0.8717869606989047 0.86457635618585 0.867027582731098 0.8805795355057708 0.8527269594276514 0.79675920894524 0.7642008969674504 0.7774658692106008 0.7563000836601386 0.746377574639729 0.7189168880007107 0.6527694507714897 0.6096470205941774 0.5872650590422824 0.5651686313580123 0.5850981566416473 0.5561677620371338 0.5627233630792187 0.5718484783702368 0.5366629699295317 0.4664897511951936 0.4813114334760779 0.45275934822890007 0.40745627996041517 0.39671016462131625 0.3908432301290157 0.3518762015349907 0.33931195932139974 0.32665770033257896 0.30006152881622594 0.31539072691187925 0.25743928580551606 0.24471645432643271 0.2280431025234489 0.2050768665490212 0.19197405982339502 0.21978054526383398 0.21147560188961498 0.17797329806358433 0.17563250405845507 0.22734673217487683 0.1881103011188289 0.16425486862916697
0.8696350650533161 0.860105035162909 0.8769729623292866 0.8687393396842562 0.8218554598236649 0.8100647519246418 0.7869478960976964 0.769357997733811 0.773014266475099 0.7667339620869889 0.7485676982093231 0.6967476264651373 0.6428359272186417 0.6027466095867268 0.5867488767300286 0.5635814406741068 0.5627641463841765 0.5901704927791275 0.5669587496653564 0.5419751575488847 0.47843676466702334 0.4241707672125281 0.4173513116189856 0.40768950824583167 0.4036473063058786 0.373792280570248 0.36479813072423733 0.35388582964823256 0.299527940697092 0.29657171576638375 0.32757224346917674 0.2781851328230154 0.21953254253564902 0.22202962807313215 0.21815552792234683 0.21690386088693625 0.19343911434245523 0.17759202711959143 0.1654999566725747 0.1986588024908334 0.24396089449812688 0.22760863482574922 0.21111225369132178
0.8725446769455129 0.890532920432131 0.8447364310215913 0.8555531302661774 0.8221028118539948 0.8143891709653381 0.8188990410992292 0.8157124699170684 0.784070576954606 0.7527023397916942 0.7163134992998635 0.6970644050201521 0.647488617863588 0.5990481038626745 0.5960213424861085 0.5847949172340247 0.6282173025679287 0.6193377004274985 0.5870000229074481 0.508780590325935 0.45446540458972995 0.45532791962428754 0.4068506546995728 0.41837572276623936 0.38021011010831374 0.3797268108204676 0.3453047149497148 0.36117750614552163 0.2915240924422224 0.3081878105975226 0.3191362921814244 0.28030956762803444 0.23198367898471195 0.21636158830748406 0.20414377926364422 0.1984521163490065 0.21293449081984267 0.19698349825050138 0.20155676589411473 0.2120620566449488 0.25264366699963414 0.22902487839469735 0.2159062195818624
0.933174227611593 0.9041111276782551 0.8779613313648997 0.8131658059510981 0.8113381804602897 0.8083125311502295 0.8307813733339824 0.8028058869255625 0.7845731779846771 0.7469739803415861 0.72182930143528 0.6732591006418862 0.635769791314964 0.6281455464671103 0.6186700445261342 0.6113042625154964 0.6290389002131151 0.5895082586584891 0.5838862258882798 0.510877366417778 0.46883704210441723 0.4855057888907893 0.4312777046393742 0.43502431004091563 0.41469253856185245 0.3683559781743879 0.3572028679319958 0.36712112641546274 0.3526564311287511 0.341074833012215 0.3215253921549842 0.28203942759377587 0.26455972437317393 0.2551622892038386 0.25007738730939166 0.2186163286534299 0.20561066370191453 0.18832795528996332 0.1881589212830254 0.23494994905908198 0.2635126771691008 0.23343976197564817 0.25827734641250694
0.9509286036961164 0.9064135915769168 0.8556949877946481 0.856638462161303 0.8182850589791256 0.8088072596751186 0.7955710483325469 0.7951986683391765 0.795909815828472 0.7683068460391405 0.6956357257797692 0.6678653478937405 0.6208438734193423 0.6377800465834792 0.6519795124223037 0.6234228430543658 0.6033468019781091 0.569102372813197 0.5653991308394599 0.5376300665660959 0.5177708978538491 0.5180260401443366 0.4787255222586263 0.4297221198751379 0.45504048686515225 0.41006522417541796 0.38061388246751715 0.3826073740711923 0.3613571570030379 0.34528386144466955 0.3512630262463297 0.30996956726505176 0.2774332014078022 0.2619337404042812 0.2692785529040969 0.243719947777308 0.20127178438158685 0.2056691661676925 0.20451106370993372 0.26025396205319806 0.25929762022394626 0.25967470168253354 0.26173832662180635
0.9739560415978369 0.9193395326398931 0.9069657348365965 0.853403939430192 0.8391975439409642 0.8428668235534823 0.7959348531838053 0.7723837425097568 0.7881988063042251 0.7504716887464467 0.6962584104769403 0.6809234993648148 0.6729278918887095 0.6285078518378981 0.6036537599782268 0.5896416753117035 0.582390272343508 0.5659338597957684 0.5759019605173252 0.5297601781068066 0.5131558306840422 0.48719837769388696 0.4554694535197272 0.4476449034725027 0.47272172164995513 0.4444826196110779 0.4168680918543148 0.3755470888944432 0.37841033487536924 0.39020043155684747 0.3944586858788651 0.3584740591365738 0.30645326659324884 0.2964300532330827 0.2678262786805192 0.22520444941141732 0.20745152239016165 0.23071655823912102 0.21938401331221904 0.23962528793310334 0.23007544063484336 0.21311670830642915 0.22939083240365432
0.979141709223618 0.9548895401211085 0.9373210633972677 0.883091914116156 0.8978037581900079 0.8440035352364872 0.7795664804351974 0.7874178562556668 0.7505605135236982 0.7629078442337931 0.7032637125966641 0.6818478375179774 0.6600729547167571 0.6351515549705686 0.6027736318827717 0.5739666102806682 0.590095713211837 0.5790970195218812 0.5839049148891305 0.5075577318707668 0.4758651677428703 0.4736169315982702 0.4499653691251672 0.4607545295638918 0.4483746053807888 0.4394652226695147 0.4299198885751553 0.4002321534992962 0.41967572597786224 0.3949549038260152 0.39912980009981697 0.39372086222405545 0.3467792881893257 0.3151388843162525 0.26908038726751315 0.2610664965839175 0.23292509886439505 0.2260980324493207 0.2039546173234673 0.2187381766041474 0.2451797645712608 0.22541508428923662 0.17380797663733294
0.953901049674221 0.9578008707178224 0.9169745050567025 0.8929099575446668 0.8525439743641461 0.8364024450359128 0.808730597570455 0.7933443041489974 0.7904175818248146 0.7573964587773416 0.7217180879193292 0.6778438591378951 0.7119538518060005 0.6875809440267323 0.6139379280975464 0.5996787018836134 0.6091822536174394 0.6064672431569781 0.6067504053216854 0.5345181184288897 0.5388936185537883 0.5114681279320927 0.4805289136708109 0.44274093220915073 0.45610979548880204 0.45979047784116867 0.4354646715886411 0.4259123168362733 0.404112170578001 0.4289334268473674 0.39707080061762184 0.3806929224571936 0.34829141522367413 0.3207071485727492 0.27981019292808634 0.25285357782082024 0.27081895487649393 0.24482966982906054 0.23332667853244007 0.25839742085595396 0.2584115328278962 0.1952252110467547 0.18320585014073437
0.9676366419895189 0.9087478196099986 0.8952756639735814 0.8709032237038277 0.8746671970298238 0.8301629391986054 0.8092341515596415 0.787629744594222 0.8060830858957371 0.7515259873965473 0.7150616121574499 0.7160942940847556 0.7347045395835214 0.7005090962402398 0.650375264959735 0.6555418831987736 0.6496839596264384 0.6376767640654221 0.6028854769397565 0.5753981933310085 0.5547987113049688 0.5264612009680616 0.47794935561384244 0.4534608295855596 0.4698135912927828 0.43778215250588415 0.45064687706714873 0.44604109903035927 0.43675172432686427 0.41135800254254684 0.37385893316909435 0.36672581472035604 0.33638885159672743 0.3138290390565344 0.30069114182185924 0.2961519468472007 0.30145225107822327 0.26634814848699867 0.22681462972194932 0.24605104247982498 0.2575385540584576 0.23268877504759353 0.17527614180661671
0.908859216449237 0.9014062577965428 0.9019240097872393 0.8826080555592989 0.8699355769397416 0.8492650986428596 0.8496264412778972 0.7889484226899204 0.7994389969032748 0.7359250235893018 0.7522301780800066 0.7574746263116866 0.7618370245283917 0.7151764931213234 0.6632365080107635 0.6993056583267472 0.6982029387723891 0.6417031765829301 0.6093457241602174 0.6038881965759958 0.5509044576712705 0.5061286757838382 0.4941675884067462 0.45447971737383225 0.47320070429703587 0.46162589486914996 0.48216037430958353 0.4613569260381271 0.4463797329996982 0.40693133817652155 0.4072820867806159 0.38636178879367095 0.3533257458341355 0.3498156391065381 0.3119539139724959 0.2956419479148597 0.2932555659270357 0.2832269262322861 0.25613028936333276 0.232588740120301 0.2343717470071189 0.23836810557164226 0.2223308646769643
