Raster_benchmarking/Raster/continuous/raster-18.asc
NCOLS 100
NROWS 100
XLLCORNER 1743168.140402972
YLLCORNER 5469288.691973009
CELLSIZE 10
NODATA_VALUE -9999
[rows 38 to 56 of 100, columns 0 to 42 of 100]
0.9488061379214255 0.9319300250911708 0.9537778227561794 0.9292297926320621 0.8972919828036711 0.891556918013427 0.8544076721357556 0.8569523017863787 0.8610255910984715 0.8982458558499585 0.8746522939091688 0.8928688636750526 0.8662984076664847 0.8371569418803452 0.8351288012455835 0.8523262033361994 0.8676582915153495 0.8537532879863166 0.8815841860152452 0.8917868162401077 0.8553545459827537 0.8626189020640858 0.8783060063264563 0.8587888409383266 0.8700843142649561 0.8714485491464462 0.8340367697577156 0.7921554065351558 0.7663087879194967 0.7716844588677844 0.7280713866489736 0.7268866535719584 0.7348088685050579 0.7115411052243508 0.7153036169723671 0.7100229019836356 0.7073102246458326 0.7225186798505085 0.6897022783868823 0.6705898994908362 0.6902220452613831 0.7172360792898141 0.7112409339585776
0.9185189381086426 0.9039803496499417 0.9300705797328563 0.9144593181005071 0.8777348366980555 0.8479388596556663 0.8310799700270237 0.8408535044216047 0.8441737670718641 0.8505484064544782 0.8540788711223243 0.888459332743372 0.8380368903046755 0.8084976117801908 0.802548957301082 0.8104623987444508 0.8540378859661936 0.8817903991765634 0.8992062568098471 0.9045821717133082 0.851974391364116 0.8443474537758786 0.8433349666451454 0.8815275685394451 0.8717617912064505 0.8409817654644206 0.80533531655706 0.7730942853312543 0.7860918335745958 0.7876047304420358 0.7499861380158046 0.7486007547841573 0.7213478994107166 0.7360358461000144 0.7274836335963689 0.7432368891310727 0.7458999989142449 0.7265288860727863 0.679564649736199 0.6873652744347195 0.6702430719994897 0.6568300251575475 0.6670324728257918
0.876904110830397 0.8809803102434318 0.8694853842608633 0.8731909474530779 0.8750799096403445 0.8428029837556645 0.8271746729152906 0.8596561780444965 0.8399663263889949 0.8368904790882365 0.8398780913568651 0.8390668713730631 0.8412871566424017 0.8396361058631182 0.804923851092793 0.7970771670717092 0.8323722514150399 0.8794733563101451 0.883916258932843 0.8826437444434831 0.8412818233565355 0.818310935263558 0.853703399508825 0.8690372447648865 0.83677931107287 0.8538728091347698 0.83105555519649 0.7922951044088613 0.7568339263096449 0.7478799016608951 0.7478750441377773 0.7788432577773153 0.7609760567374836 0.7574628437470472 0.7738279553098875 0.768506480055688 0.7502584719871047 0.7226859207767362 0.6770207283012217 0.6837575954878673 0.6829065422319774 0.6550932647393685 0.6922565020074911
0.8375903789304705 0.8539120576252348 0.8819605279638038 0.8870668159192571 0.8609547957918217 0.8307396602403443 0.8062053319100378 0.8341411700999354 0.8283193876159889 0.8180143441804767 0.8250154610242143 0.8490168426006971 0.8057636451006926 0.8106295219317322 0.8205136973078003 0.8259575752372307 0.8532108899891937 0.826684710030547 0.846859603078841 0.836953459075068 0.8122077848993864 0.8140874390101247 0.832350251792915 0.8440398280327661 0.8310513777718942 0.8301735888195819 0.7935512314194753 0.7842986344581824 0.7642304999123789 0.7455086393835159 0.7798603609624915 0.7767767006567571 0.7574300920061624 0.7924561541792638 0.799378444199087 0.7889009679511841 0.749363614831965 0.7033888814520128 0.6630737147370167 0.6864770697835744 0.6516499380719502 0.6428800561363354 0.6506012179646457
0.8049404747387509 0.8427678947198053 0.8465295197541117 0.8609508852373131 0.8252677745030562 0.8179359413363382 0.8028116204498245 0.8521372128327463 0.8270304405787995 0.8083769469617994 0.8222715220879784 0.7988772590814477 0.781989798653982 0.8244018188340194 0.8197165500119851 0.8159362709040329 0.840392105658672 0.8060992390185139 0.8270754156113929 0.8447484849967959 0.8046792723021058 0.8251887292759874 0.8234966252353862 0.8306527988434148 0.7982876911931572 0.7789003969839547 0.7795704039870041 0.7659869328222799 0.7608022383431443 0.7750775103372642 0.7683358837916592 0.785539734352486 0.7865265156851665 0.8035235613680949 0.7761735260405442 0.7898913071768168 0.7502490481997586 0.7015433037783018 0.6632005956697307 0.674459860153055 0.659996992131216 0.6607511543663838 0.6506290309201768
0.7662480725797971 0.8079787073816195 0.7866609591921537 0.8061370924041482 0.7831280722148215 0.7654799116270686 0.8096600695714682 0.8504094099537203 0.814540334383519 0.7945494707662002 0.788430831347443 0.7664911293047394 0.7999897607863791 0.7937238661892604 0.83912566792636 0.8379721895003268 0.8086813604954972 0.807287940489572 0.7985879401850636 0.8265665559090909 0.826026918548113 0.8226087399211215 0.8236740574541863 0.783030407738657 0.7826178442329903 0.7987245921901703 0.7953559332588281 0.7632043554572094 0.7548962033496404 0.7437340685306068 0.8033532966952056 0.8102402225556237 0.7911836734956205 0.8095400567174429 0.7766653994901206 0.7525695440999391 0.7097488215500006 0.6677274054365012 0.687545822769977 0.6439914445103406 0.665832388590013 0.6207081075310785 0.6621113669348849
0.7313599268299946 0.7515522529695071 0.7818469119866863 0.7880180391422147 0.7607428842949402 0.7629169645540356 0.7556435538726894 0.7744733715621984 0.7659803133805585 0.7529976365701901 0.7422198670405143 0.7665129913831507 0.7930466383983142 0.8103401621726108 0.808620064563832 0.8169229671098267 0.8232651050633524 0.819828206473668 0.8060094829774138 0.8063056357302697 0.8283810367011136 0.785780224571508 0.7833804960486006 0.7661919369936462 0.8002701761363378 0.8217640925997362 0.806490378367216 0.763145187486177 0.7882548861596372 0.7792589006654372 0.8030138079872443 0.8105844905766016 0.8044308623340011 0.7857285539542707 0.7549039599077192 0.7301010412610455 0.6967216166039316 0.6873805040608815 0.6824650619545107 0.6913671001967242 0.6674885322574635 0.6492637113758231 0.664506941819868
0.7153182436623765 0.7158369418987324 0.722100044782206 0.7066702759241038 0.6988341672866578 0.7104761581327346 0.7073895450839391 0.7252024907459248 0.706483828503986 0.7119507859759692 0.7228697623908784 0.7454735295720075 0.778962113489216 0.8082421842936757 0.8133866977720989 0.8374252762979888 0.8013835913193755 0.8220777269174728 0.8271445548272482 0.805595341261314 0.8252550878285521 0.7862114866293262 0.8062030220434555 0.7802092640021382 0.8223188844239343 0.8058200695591173 0.8057457345779453 0.7817630221773408 0.814585568245091 0.8114800923287552 0.817689229949543 0.8232131108167143 0.7750665836112645 0.7629046133677061 0.7380856878497027 0.7609070971577832 0.7301862344894737 0.699838958635262 0.6995398528260869 0.6953590138849516 0.6854718455265125 0.6567795153855226 0.6490411530665202
0.7140522011501611 0.708041601489309 0.6689391794873959 0.6836544903362409 0.6718234926699238 0.6945086478860409 0.710584772910916 0.7028944607369387 0.6965327029719622 0.6987747686686948 0.7054198812203626 0.7348089128785475 0.7674786770578617 0.7946645626074365 0.8118864861829931 0.7944032292763348 0.8164091763566511 0.7942778078581963 0.8127716094943342 0.7848123879745125 0.796476687088852 0.7831763688244763 0.814304955635741 0.826497195152475 0.8125160248435883 0.7827103026256781 0.809933548487403 0.8353331448047648 0.8281968874826341 0.807481033906036 0.7794369339123168 0.7938365598449586 0.7590191316720756 0.7359765028355048 0.7593136066401343 0.7400405500980027 0.711805701942804 0.7109944338294809 0.6877585769380653 0.7060044909896236 0.6636118883622619 0.6586087366152086 0.633206251169582
0.693460376080325 0.6676315330520802 0.6477919254478871 0.6733546155369926 0.654582057817076 0.673745996815459 0.6926153923030488 0.6551753631092796 0.6553536122822523 0.6901702882197831 0.6955658057054149 0.7253207368650721 0.7264285887407963 0.7594937209462848 0.7526305949457475 0.7715299638830785 0.7746580073972197 0.8221451520149322 0.83663218478592 0.816800703653195 0.8007392890169341 0.8290258257458468 0.8299031839324974 0.8190033824030414 0.8209255299010534 0.7820224711905472 0.8224026779594006 0.8465895221122194 0.8221452891704348 0.8153379020775525 0.8032094268349625 0.7576985901078893 0.7581530769484123 0.7593740775402973 0.7563000547648101 0.6998279016765456 0.6806737764134891 0.6849688186287889 0.6552679992603565 0.685570202039895 0.6687642238986105 0.6048011925774653 0.610953456386545
0.6534995002592247 0.6689386732049566 0.6384924603809428 0.6515369757762913 0.6516198485928458 0.6384830854208322 0.648321614353545 0.6266128257036073 0.6553940138008424 0.6613982956537753 0.6928011033931952 0.6761846015959027 0.7008840544006452 0.7256325584378964 0.7413432840252893 0.7546263250082885 0.7583900310865075 0.7967928538971745 0.8010321863724533 0.82669570034184 0.8455895376643361 0.8265705075687076 0.8275695582682163 0.8307126283698998 0.8391450849045643 0.8214104488834678 0.8238860992018805 0.839234156145635 0.8409163519233438 0.8192592562073251 0.7706792522019769 0.7776572569588356 0.7573058660591356 0.7290280840748633 0.7296084000457507 0.7257990047679475 0.6855625699678211 0.6613685348021168 0.6496763082934699 0.631028645960578 0.624407721813304 0.6007629969785281 0.6146841099590789
0.6726840374223232 0.6337994877472142 0.6444608452378359 0.6146730006404594 0.6404608342023145 0.6526565295998017 0.6217691242682615 0.6111122242218503 0.646728875402808 0.6197870502220498 0.6654564595497361 0.6637966288957702 0.6586687826049057 0.6716930762200918 0.7342260009058653 0.7604184888034518 0.7583677700046756 0.752181920550832 0.791376443862583 0.8348499890706216 0.825708957861006 0.8227023809762017 0.8373435615072977 0.8468523749862972 0.8548329607311228 0.8111894654898999 0.8001094158074286 0.7930241226085368 0.801995431998561 0.8136695047363555 0.8121688303302089 0.7749140137091703 0.787748191042269 0.758505826126591 0.7476179466291094 0.7522420319998047 0.6954381493169529 0.6699414203472116 0.6548740827259442 0.6283970633359658 0.6072615924465133 0.5819602602247567 0.5959967967573916
0.6387147190734562 0.6447266428793924 0.6271518151437839 0.6265978177239391 0.612261438527118 0.6146162231759176 0.5976694551233647 0.6158359274679925 0.6270896026809216 0.6470140017699361 0.640174566501044 0.6344772172250226 0.651459084148057 0.6818780327512288 0.714112276724361 0.7204540883809187 0.7571765216426786 0.7772314172421287 0.8022796834309613 0.7966052243852397 0.8040983902670177 0.8123774949956447 0.8147768900767571 0.8322025191404661 0.831326434275502 0.7895766166242728 0.7901516870949841 0.78946239110209 0.7883486541214539 0.7916381079827789 0.799691799709994 0.80156042434761 0.7754700134431061 0.7652938712426545 0.7358716084589071 0.7343047266320568 0.7061952969688131 0.689489298856155 0.6372049761432668 0.6228370622939381 0.5735219924331192 0.5977529576250645 0.6240375950680093
0.6526436059753601 0.5987439093713746 0.5895272643697009 0.5797697001423378 0.5811712272204508 0.5794454377627423 0.5704940629775109 0.580037754492524 0.5848866834634623 0.6141690281640462 0.6417441225990742 0.6249323565816156 0.613882310616055 0.6452438371327753 0.6807782140730395 0.6963704449393295 0.7234278800902127 0.7515451988484964 0.7785338577551383 0.8132251116788797 0.8143759311807527 0.8280300941903167 0.8127574284701878 0.8560930162936984 0.8074796426583867 0.7744308140647604 0.7547008898998139 0.7635408901358579 0.7902296666289185 0.7751879761032401 0.7993604982862991 0.8001203248879969 0.7875300032667378 0.7717312522229418 0.7330632255446847 0.7269145295878982 0.7176413303365522 0.6502095851234048 0.6145196487690425 0.5628786087183891 0.5701874726590965 0.5861657968913453 0.6184038940527663
0.6324259308468219 0.5745579666712892 0.564475271452159 0.5508624915309043 0.5839059029922335 0.5850222070699507 0.569077191457325 0.5910359879139317 0.5824957361395446 0.5803569878490911 0.6274506273578127 0.6208713192290746 0.6213156281619905 0.6182946387036732 0.6734443654575781 0.6990185834703149 0.7064247505180148 0.732244271936513 0.7781837508707946 0.8138852263943006 0.7991886408432823 0.8165925546803136 0.8324186597593074 0.8286951267364431 0.800000124144227 0.7702231959281403 0.7783548623250597 0.7847269514860988 0.7810008811570717 0.808779408403854 0.7819940715909725 0.7681399315357229 0.7748191385538158 0.7621636508309376 0.7597568306185515 0.7456611920542223 0.7096492028074428 0.6400858998112782 0.6056133237273893 0.6036729723487203 0.5896058977033606 0.6101061352217644 0.6131282819267588
0.5949201430644508 0.5830346554845581 0.5783555260361758 0.5564166167801916 0.578739920382844 0.541583156144602 0.5708632870142003 0.5584344443925066 0.5440741570515196 0.5847973194051178 0.582808141052098 0.601983112582685 0.6363310416291971 0.613241918504374 0.6677333142960745 0.6642535373927928 0.6970690239977844 0.7728857578765965 0.7654609816350674 0.8112704152651649 0.8162416619642395 0.80512491829366 0.8068979915743291 0.8115230046793638 0.7641561346548136 0.7798279984358956 0.8146459216050196 0.8199585206829854 0.7909282747924544 0.815460383953309 0.7710332648025806 0.747784673489975 0.7594359369122292 0.7840711507533263 0.7282050637673536 0.7171189145710918 0.6925752033435718 0.6666624253122074 0.6324336758647732 0.5740927082454873 0.5895024111006363 0.6156838968912098 0.6254247205817203
0.6151125444788547 0.5933961150897001 0.5811452605063301 0.5769962440498181 0.5775242580649511 0.545134917082207 0.5596043759307232 0.5347931799228319 0.5258931613713276 0.5486127607060884 0.5882319319231428 0.6095125706751047 0.6265219172730456 0.6667993176108263 0.6804612778520674 0.681893154004218 0.7336118904537368 0.7298827281299543 0.730348150555078 0.7756828197702645 0.7854912480021149 0.781450019871936 0.749376992259955 0.7565058200816961 0.7574496831592772 0.7734190546457911 0.7927016718058568 0.7897906310584721 0.8050225649988116 0.8262782631936407 0.7981082357154414 0.7759335635070649 0.7829897640947667 0.7582869148138284 0.7413145928921436 0.7066961669038541 0.6900941260296428 0.6280330860994415 0.6100181951997641 0.5656927851350424 0.5957108246845441 0.6111375158740797 0.6504413076511857
0.5937639678923063 0.6114521872394124 0.5829982132704368 0.5730427222293554 0.5770489683610034 0.5754419338606956 0.5355968300984558 0.5011411213994669 0.5420216812529217 0.5398659257569068 0.5770368491331143 0.5688003545244305 0.6037479266134278 0.676751936001833 0.6967663070939522 0.7158945731276113 0.7135134918666712 0.7183546622193054 0.7081140219883951 0.7053435224982906 0.7213182573196818 0.7691776975163344 0.741407377723199 0.6999297435076559 0.7160112202391895 0.7481879516475068 0.776086696449201 0.8032917317582421 0.8142741864229418 0.8057204231619797 0.7898759767995057 0.7367218029876016 0.7366966816369205 0.775942814638978 0.7400587818783265 0.7138114743163481 0.7080176307990568 0.6249223304364026 0.6311345671633072 0.5795538806545664 0.6140276879178156 0.626856514716453 0.6243200580197862
0.5763470174680715 0.580118521238725 0.5894013842741888 0.5771224854798677 0.5625018582635458 0.5560790562315051 0.5410417673238502 0.5433865301103386 0.5665365086566005 0.5432212603229928 0.5582903873232953 0.5848819040421326 0.6090746797626478 0.6389253751031151 0.6851703423870943 0.682202853403661 0.7211116571893227 0.7099925158059432 0.701564921551994 0.7000286132784659 0.7079029289951374 0.7556292796954515 0.7414051206568819 0.6944522987060049 0.6882971756330127 0.7061784363199343 0.721862990363318 0.7332367800930782 0.7765422253311924 0.7524511710006702 0.7488656751270317 0.7162564179058962 0.7410878582696849 0.7592967236188157 0.7438103424360735 0.7349203308796491 0.7104561868213465 0.6497423060858133 0.6371134026587321 0.6462148060850885 0.6458100765104506 0.6519294799517975 0.649147875138535
