Raster_benchmarking/Raster/continuous/raster-470.asc
NCOLS 100
NROWS 100
XLLCORNER 1743156.1300145704
YLLCORNER 5469290.217201433
CELLSIZE 10
NODATA_VALUE -9999
[rows 76 to 94 of 100, columns 0 to 42 of 100]
0.27035548831634054 0.2797410273694453 0.2757236120625651 0.2821523953023878 0.25798941698921746 0.3012761520558129 0.2839242317308636 0.3143153538643226 0.31709000806193244 0.39546711565742315 0.4209985459635456 0.4047979731162247 0.44139241469648177 0.45767165004760524 0.45247798903752523 0.5124245846259706 0.5241842803855686 0.5606627334617791 0.6130549005869165 0.578854161733873 0.5929332229055618 0.5958854978951436 0.5961975782383298 0.6372667417856345 0.6978225013648542 0.7163486358874511 0.7042101590790418 0.6402380950437713 0.6738722342344865 0.6820567485573784 0.6821737272158775 0.6922836544409624 0.6562805269933415 0.6105984729894842 0.5873818382981636 0.5302073946305783 0.515358469158051 0.5153233029837675 0.5050538537097212 0.48177348323522456 0.40870291443065115 0.389555977667908 0.4009148304835225
0.22150994079754532 0.244018155532382 0.28641937924615907 0.23830440516428653 0.2682730884301201 0.28325721530778714 0.29572445019098575 0.2915114603667652 0.31548881233648157 0.335958303743731 0.3706734660653918 0.43707991081695313 0.40936004394084174 0.4495764111477098 0.4900517293222432 0.5046237599478205 0.5135419842346373 0.5829754063203604 0.606424853719526 0.6185218476024454 0.6028473017567278 0.5921316749746109 0.5982921062040435 0.6523021927212116 0.6719049126205646 0.7190763137311216 0.695155633697307 0.6507576582550876 0.6692383617036027 0.663541999528049 0.6282284142774174 0.6427719362715655 0.6498357471563417 0.6396738432902641 0.579217106716635 0.5608260864484883 0.5013161228046045 0.4687954382500044 0.4779984887294818 0.47378049944334527 0.44556158543976515 0.3752844640798366 0.4008328423788174
0.27498851392559653 0.27735784510553063 0.2884557039786885 0.2915039718859393 0.29343935917326275 0.2844038087968417 0.31624588982436697 0.3397368391781836 0.3402110820342706 0.3593257102320538 0.3907760621669919 0.38770407914143146 0.42775260827542105 0.4343088469587541 0.4619642963300434 0.5069445367404977 0.5392177027269142 0.5429213275022602 0.5944686885884934 0.5976570780195045 0.5821699225088454 0.5972623688625226 0.5867904184223298 0.6205630672861604 0.6671033726719269 0.6949964841000771 0.6812587464820391 0.6341156472217807 0.6245844823443945 0.6188619323681938 0.6111951041119849 0.6304628435247795 0.6040599999895215 0.5869498650850158 0.5472711504297466 0.5071424315506792 0.48819588949418347 0.47775386933319425 0.46692353104051043 0.45183531765180246 0.44489570673737583 0.3970560123391073 0.3873980168638088
0.29899895583843444 0.2961888327462951 0.2949194333110726 0.3303455501523597 0.3331838123286589 0.34798900432782587 0.31319836538980556 0.3135299515709683 0.3135019932220657 0.3397007162356769 0.3980653260870657 0.40906284843969026 0.41402349621061246 0.45865811863588224 0.447346287922246 0.46772160169203314 0.5090842425802723 0.5721862274124512 0.6174806592282611 0.6432332497161649 0.6400949363092682 0.595192908623093 0.6405107696262218 0.6279418240334342 0.6153218332813862 0.6616941736786388 0.6285809420447274 0.6361961110752548 0.6226085242921453 0.5815665972529175 0.603862521578493 0.5656008882049878 0.5943743031871347 0.57752229283314 0.5278384277694037 0.5078133535515857 0.5105082395433352 0.5259644065262443 0.49160711165552007 0.48411302857205507 0.4334313020479882 0.460250035262862 0.3817980385171641
0.3374022196088085 0.2842499533982151 0.28704065622776703 0.34545885705860746 0.3485577966490338 0.3549248690441876 0.3550445868379208 0.35376014265911304 0.37034561673812144 0.39304289155560707 0.39419974408581887 0.4350550726446246 0.4535014339087024 0.41971071294774465 0.4531260620663362 0.5098811868908386 0.5549098144532023 0.5661881083899202 0.5915032421037484 0.6524174321385262 0.6655452398784686 0.6136245605318628 0.6356663199771464 0.6211779101346491 0.6239098765923994 0.6580043263504274 0.653524381077358 0.6236559076221049 0.5798233047823177 0.5850804387066221 0.5742347109323402 0.5187732494887842 0.5432034613197094 0.5058601248892464 0.46075682862894884 0.4523913765229187 0.5133176219077868 0.49217950795422694 0.4761406821073548 0.494640592147495 0.454374212591832 0.4808058621210536 0.41231851392615076
0.3158227339568794 0.3325364891087843 0.33577361744286915 0.30143461057788073 0.3724253667434554 0.3600667433043494 0.38667801549932074 0.381976660518476 0.37505557706167975 0.4104311313036138 0.4036585643519985 0.42787541449595157 0.43518608228772976 0.43258044417420655 0.4541564823826267 0.5094922047518683 0.5508007060307917 0.5599658963519987 0.5883526880819233 0.6566153713179121 0.6565774531372153 0.6460971020227181 0.6380097309546265 0.6597648983477902 0.6311770399957259 0.6003633822530247 0.6227950415388794 0.6368341175763276 0.618665406949633 0.5748952826137753 0.5160970893913557 0.48550790466545757 0.5041386400271504 0.42626826639846804 0.4213662760961514 0.43194996592821977 0.4529603506583498 0.5078031451924309 0.4635623945964985 0.47728662050839044 0.4591197844256602 0.4929853623896045 0.4522760906044812
0.30751300993942887 0.3044467997028575 0.33102598045774273 0.3624852003328251 0.37873748867929413 0.4039568426371375 0.41190027183108147 0.38540036918981635 0.4349310542549384 0.42356637005207215 0.4176559604104987 0.45641977696374675 0.469355984631062 0.44887485221879225 0.4928436017054921 0.5133316625146622 0.5336104469812852 0.5907102279165095 0.6283817343970117 0.6054552021508893 0.6321791708386659 0.6100129740672531 0.6558642019142394 0.6840136444550781 0.6448793474610264 0.6240701100658808 0.6331683113274454 0.6221558569109197 0.5674407080538965 0.5746919709682508 0.5341963874260923 0.5118145859916978 0.4769382496085949 0.4770202815487246 0.43573792721754173 0.4595693116482132 0.46859830434774447 0.5054150212320722 0.47653123305033357 0.47166667470908574 0.45900213061760364 0.4351863958055704 0.4411584661233823
0.3438122538414488 0.2990460797234808 0.35244594008391866 0.34743813220618314 0.35932878616359726 0.44250549679616463 0.42187945047443415 0.4325325972836856 0.4416987539118697 0.39780581724871356 0.4541522527323081 0.49494167059264693 0.476159008665267 0.47176924999826764 0.4829097070332016 0.4988788102217798 0.5368296002376518 0.6142475160546434 0.5856892166416583 0.5830843743728208 0.610966188486506 0.5847157528314634 0.6597606453714262 0.6667635201183941 0.6529621281720398 0.6673340571436199 0.6056468776365627 0.560596803534735 0.5382094206462781 0.571521604196031 0.551078171133488 0.503225490508066 0.5076475142648313 0.4965361412286538 0.4614739003062393 0.4760413209899373 0.4763374167597701 0.4683423951716637 0.5131344557433102 0.5220925023055453 0.47071436847951387 0.46090507044179746 0.4457463672147717
0.3358418461277635 0.3478292018879102 0.333032775524145 0.33628640281028255 0.3824023053087821 0.44649943306229456 0.45143799487005604 0.4143195942293879 0.4298538422957024 0.4393594923843191 0.4412016660883191 0.48436049175053203 0.5132207717895882 0.5064944866112604 0.5036570048331603 0.504285213356542 0.5791723427936836 0.6077072484786907 0.6104940771448494 0.5907192650055603 0.6191275870679033 0.5840245601194879 0.6110914338743835 0.6267276403979622 0.6711386632971086 0.6552879367563119 0.6416552074503505 0.5767849396261755 0.5728378892135239 0.5708215158123032 0.5748826135951178 0.5244968837070311 0.49953288618705977 0.5268925448056374 0.5028025026957451 0.44580422935623826 0.4443447830938509 0.4191436857173245 0.4647068318061903 0.45628343620721495 0.46394299534913763 0.45545416800609867 0.47987220380380563
0.3109833286409559 0.33333378008169134 0.31603909927486434 0.34912280720430905 0.4057052944628593 0.43712511239748897 0.4503237018621563 0.4152342006639217 0.39861678417274865 0.4517897499462289 0.4806118664542669 0.4372645210407111 0.47658011091494806 0.5532116525182186 0.49460869122898965 0.5151266620907488 0.596960703507951 0.6416263428299869 0.629590123106263 0.6125460454475019 0.6114969136518038 0.602083830630044 0.5854163084873699 0.6162456911856607 0.6628564139619908 0.6715887544964823 0.5989915248738188 0.5731799217147739 0.5846669191012357 0.5614480561067587 0.5489856763163895 0.5443048613013112 0.5129911440346814 0.5252944709377629 0.501681531163021 0.47786837109255126 0.4726335876730145 0.4180713621228942 0.4376039121792516 0.44218777640795914 0.4357714465371888 0.4694927497813107 0.4807445596502593
0.3599634655291888 0.3572265749025228 0.3397540067024756 0.3546708695204976 0.38151883946576204 0.4017919350404629 0.43066961460188824 0.3869405996833816 0.4056476718000058 0.4376935974822444 0.47726042337813673 0.4672548525498189 0.4768045984282197 0.5228403064276568 0.5241713067272676 0.5278218666600549 0.5782121493461404 0.5773983898156506 0.6233591643283601 0.6083425993583932 0.5695489304206509 0.5725753942298292 0.6193978582207036 0.5974902116338695 0.5992996723948223 0.6205494377269634 0.6055563854015031 0.5926430980946008 0.5818068286567871 0.5592033865353464 0.5375538111992314 0.5473560500592461 0.5518944091462135 0.5045981306508173 0.5002429651838789 0.4543884046971191 0.466378856262582 0.40785248164787513 0.4420986992984263 0.4735459667429301 0.47920799913836165 0.4423384135808456 0.4563315467234596
0.3610094816723293 0.3725848088699672 0.3389269439874097 0.37628496910283893 0.39043726133636075 0.3780792807096358 0.38243620074114687 0.38652631943744153 0.3862831133565498 0.4549903835350491 0.475187275369263 0.449857985213749 0.4650266162896848 0.5247835945181584 0.5291103199645054 0.5586193243450694 0.5968678927165465 0.5842614717772274 0.5605362982031319 0.5717115708077696 0.5744603017207263 0.5968866211509423 0.5816287233300552 0.5842165836678928 0.5855088055471005 0.6101298326280331 0.6033239727313997 0.5528291593199619 0.5734904811674502 0.5732266000390018 0.5316465512197167 0.5284021678822078 0.5011385358124291 0.5057120785238924 0.47062527007025196 0.47504580625750253 0.43554164327782147 0.3997226219644264 0.3981169415678082 0.44030054077855024 0.42706290744089587 0.44764546441740816 0.4351375450016207
0.33244546143307485 0.33393740769386115 0.34850977669998495 0.32528530034540226 0.35003341122916526 0.35376863896901634 0.37106734397259533 0.42608407171507334 0.41653233145134794 0.4538349491762155 0.40984449078251045 0.41430767257496376 0.4472037068788097 0.5045426266544184 0.5007606195119164 0.554222092892248 0.5954133888584284 0.5949659412674073 0.577151070334503 0.5893413020605965 0.5757211933334672 0.5746806091138651 0.563757444235107 0.5882586712719569 0.588904237910724 0.5679275283283751 0.5699653194027537 0.5888912682752234 0.523106316803481 0.5271227005595157 0.5272920246052698 0.5006390163842197 0.446938699307573 0.43951549039454796 0.42626279551777585 0.436885533375356 0.4189279230727948 0.4215555618057179 0.42780020781368605 0.45405178381515965 0.451263934308045 0.423651349153937 0.4514199780609594
0.2917411157219795 0.28389074225879696 0.3288973954111496 0.31269232269054614 0.31684597550714766 0.3780427438888439 0.35610536335580534 0.4128075528921607 0.41887828353940876 0.4184309679741564 0.4130952231893465 0.43249569302476276 0.4515983251564143 0.4476458665286875 0.5094352098454772 0.5445691237464821 0.6028070391816784 0.6114768241291436 0.5850924804146587 0.6013662885646835 0.5524970149880142 0.5303190724825265 0.5934400418022142 0.6108038173567897 0.5992380343679883 0.6102171688845711 0.5688301681099316 0.5896879334044312 0.5133871305590126 0.4958668492061346 0.4647607253263973 0.46354794519244774 0.40299914679335175 0.3806599656709367 0.4067861684224924 0.38517925350156407 0.4059621436041273 0.411977539969514 0.3877299809894417 0.4199821099423472 0.44021506042591885 0.46546799719060783 0.45873852484084093
0.229393820240087 0.2703304341104151 0.2644752290087958 0.2884427988272224 0.34039563094289405 0.33620823496220253 0.33958656124651493 0.379553264488839 0.35781300811312117 0.3877046256297169 0.41718384673727693 0.44647246799137286 0.46057336967749324 0.4397822170571754 0.5031811560755075 0.5095059680717651 0.545186004980178 0.5479855396965017 0.5874125546786461 0.5871141733956096 0.5505652931725 0.5682977024692798 0.5610328954682055 0.5991635855409075 0.5773610517535093 0.6160546722128852 0.5938582467734432 0.565315717236224 0.5155722779189197 0.45558588986718945 0.43366328162018614 0.41156975708272164 0.42156095231943164 0.4088521110415745 0.3932345923697278 0.3870649654838617 0.4200690392554894 0.384561960999495 0.3999955433706805 0.42973044544770056 0.44585499746781215 0.4425606979068803 0.41618590644741615
0.2275063935038891 0.27859159486256635 0.24352210893386692 0.2893614578686267 0.303754437231761 0.30617990126166994 0.2994313234950637 0.3110746137741139 0.3254607873538614 0.3268816278301222 0.3845492309270074 0.45479733755195934 0.43576510236981275 0.43724934704775353 0.48001778364552133 0.490550637389814 0.5096187521583176 0.5397988076525353 0.5285210652012318 0.5435973528029208 0.5396163623621589 0.5524223147392138 0.5253672528270573 0.5542774679774591 0.5698967071440028 0.5766577285495936 0.5749241945142366 0.5062428508741832 0.46586218255858425 0.46858784834160017 0.4661587373055053 0.42462885920433263 0.43223646323632076 0.4024911432954201 0.3712240204715645 0.4309908357928998 0.41007822249247833 0.3778429055649266 0.3842795001794939 0.36552904641081874 0.43849085240932467 0.4167445101840717 0.3914421160334317
0.23208873341980785 0.24069792878140106 0.2464559183720932 0.2879201589928807 0.3164331028098222 0.3245257808032194 0.306215735139571 0.31101502868548747 0.30262541194669046 0.33946437976481175 0.38161960390507016 0.4369995208060811 0.4392255739713839 0.475905833913215 0.47723032480826777 0.5181995592746759 0.5589132131728007 0.5597743996315474 0.5326161022936373 0.5111170786687386 0.5141781836833859 0.5410717206494358 0.5359030540411291 0.5150654599533409 0.5250246867202886 0.5081759378327434 0.5022802169531376 0.5037428393679602 0.48464335110977197 0.4708541892052637 0.4589785580871448 0.412915096616203 0.40902761788643954 0.35397253413326446 0.3713177107870951 0.3817358610072231 0.3656458509072677 0.354734283446352 0.3920648935217511 0.36983953421395477 0.4093705253422942 0.37958495588188773 0.33246830300804003
0.18571527033716806 0.24964329617448763 0.27866433889894915 0.28150112825969337 0.27959157409987656 0.2913777716294076 0.3092581470077047 0.30215646803701707 0.3214448711551862 0.3083511970707133 0.34948594270591027 0.42770286624027776 0.43627400237732944 0.4641734011686251 0.4945487032712073 0.5231085167492349 0.5537808329557848 0.577308683865875 0.5807521825390293 0.5750728474719616 0.4983630368511742 0.468312209571809 0.47845752505644945 0.49211550963687545 0.4957682478113175 0.4813717876337937 0.4730260314311265 0.45945351568668075 0.4096441905103244 0.4106463732693351 0.3965765906375253 0.41534152126230117 0.39533581318362204 0.3542659950715705 0.3351315009129849 0.38403976989608485 0.4020211150170196 0.38574739236739136 0.3686249970051066 0.38948194891868115 0.3840713778771801 0.34689997110372717 0.342263145321089
0.18821014770119843 0.19151901926513243 0.23445110058466 0.2384539410989549 0.2634261590337458 0.3266162179000184 0.33600229377823393 0.3448979946403745 0.3358457532954292 0.33420295448377724 0.37831135898105933 0.3868715408995767 0.4223378170411562 0.48790075501019 0.508698053760339 0.4910228882176307 0.538163631885712 0.54076357898205 0.5176444787647242 0.4937386495637397 0.4765885134720327 0.4661165831884054 0.4550466089662728 0.4735039681455332 0.4316066857176656 0.40506234299542504 0.43852376900400536 0.4299087352003918 0.3978882531427411 0.39288573346329625 0.35786860153234434 0.3950274569219625 0.37585566214412375 0.34668757503038883 0.3425127816527805 0.3507292934426492 0.3696752802516312 0.3203556852642864 0.32917782635071746 0.350658256285636 0.3892019556364871 0.3499221512084414 0.29110614647612865
