Raster_benchmarking/Raster/continuous/raster-313.asc
NCOLS 100
NROWS 100
XLLCORNER 1743157.3793844962
YLLCORNER 5469281.301033156
CELLSIZE 10
NODATA_VALUE -9999
[rows 19 to 37 of 100, columns 43 to 85 of 100]
0.3233966624141048 0.3027156401271923 0.2859157353898818 0.30000610626777285 0.3241498996663184 0.32684595605375794 0.354785914226239 0.3304861920907518 0.3400723751271459 0.4029917021644265 0.4006758661658804 0.4059885754130387 0.4867230553163147 0.4942986637954904 0.49621317843106116 0.4617856318821572 0.44744041723782396 0.41685222330588345 0.4460040875651106 0.4240818627895189 0.4002306407333194 0.39632640506677547 0.44053289309884364 0.4341606208660524 0.43154938964693884 0.4062496981474905 0.3866517712268113 0.4117124185168805 0.4461351083301494 0.43214598580388214 0.4401191468963568 0.5014942623674703 0.5168595072886503 0.5025402436428317 0.5183584273687084 0.5468110098950025 0.5727135572875868 0.5301979028996283 0.5312171198165369 0.5818921781189931 0.5641189172518417 0.6485592051590291 0.710325822381048
0.2925274459559072 0.2619099218220095 0.3066442438374648 0.2809599546936924 0.318284954826765 0.31623109218170925 0.3454273508173874 0.34303686384898685 0.34854435846488774 0.41289075291177085 0.43761334829419263 0.4395069247037087 0.4786289369487609 0.4604949101213728 0.498658817592414 0.49078565700385585 0.4893388984196801 0.45815301353583143 0.4241104368649638 0.42692061067806614 0.42313515814730013 0.4153030917974453 0.4586911977022605 0.4639140416834228 0.4748119097841855 0.417607247855576 0.4225269379733432 0.4657016969694757 0.43166897822164657 0.4417664709184201 0.47883483115721176 0.5078263315707117 0.5648596324106713 0.5359239115512958 0.5585677474049434 0.6178303887949135 0.5751441090947632 0.5817601045610183 0.5703484866268888 0.5914690579471945 0.6104223721658028 0.6468407546163264 0.7178019990012121
0.27688297542774826 0.2526473034336434 0.27512857415369507 0.26397898244393386 0.2840016978796941 0.30871617367230103 0.32629931335943146 0.35322504466114507 0.40027588868534897 0.36017888607726617 0.38704281339471475 0.45186018858355825 0.493133425898405 0.4836583386484691 0.48776990351912464 0.45734649178535186 0.46682891877078403 0.43852246720877436 0.489022409864606 0.45616471193367525 0.4329061314032052 0.3947709487689129 0.4320344411059773 0.4413289296582642 0.46306611331802355 0.44052385212112055 0.4796394770955536 0.4852866383328455 0.4471874691420538 0.43786581740152997 0.45595590740811565 0.5353249860274988 0.5763668478519534 0.5651322058679793 0.6269363153859681 0.6515546977282638 0.6540540874353024 0.6178387723429479 0.6630904624431642 0.6325529365971 0.6763944018251349 0.6625192565813135 0.7556621904004563
0.2921164463890091 0.27527699643797504 0.24676553685353203 0.24850456543724936 0.2457807777641613 0.284454286763294 0.3109498559660099 0.34176853603682644 0.32832021311354803 0.36356748367627484 0.3726933304083402 0.44646472001690973 0.47111651781055824 0.47896288554411864 0.46077708823217095 0.476972180061802 0.4859601219387131 0.4612256437860736 0.488135643806354 0.42623603150045186 0.4126011111816796 0.40888223439054344 0.4508857839688904 0.48555085140604526 0.5084523291647616 0.5073803339277925 0.5082805202251219 0.48743098439748733 0.4910496694532156 0.4701581549528639 0.5200726516172111 0.5870888313881234 0.6040191181094647 0.6315521489866922 0.6177735921992826 0.6663549041285858 0.6719856498386234 0.6759222024853068 0.6663815236057102 0.7188665437497728 0.6812116959978727 0.6776228142065562 0.6830690408882256
0.25188196151310166 0.23683953052392906 0.22110020662745525 0.21231439728231294 0.18832444372588858 0.24799790797116747 0.23467383132610803 0.2697516798770831 0.2923004535763226 0.343358767974504 0.40223189862784015 0.4321313533964599 0.43903544477841083 0.46426662195360224 0.46067993971096677 0.4233788606230396 0.4589491664149132 0.42777377164118113 0.45652434631147937 0.4314782306027746 0.3758982154519964 0.37533265579549907 0.4261968612972144 0.43877605210185316 0.4954249864994198 0.5313926872265199 0.522780995598264 0.5419542842985109 0.5374295494107958 0.5655077602858039 0.5661438163157463 0.6177801316056065 0.6231903248044687 0.6159124099909683 0.6468610098742222 0.6584631402345058 0.6828880585058908 0.7083288515497795 0.7055151757879741 0.732248471732216 0.709755225778547 0.6927388991487127 0.6476509045063837
0.2253300926724489 0.2133811080352756 0.18231057537948045 0.182448687161473 0.21176218607193942 0.2183919548141285 0.24441811806059707 0.23809073871579312 0.2934505771829926 0.3077440272964886 0.3642586250228652 0.38740323788343695 0.37282663719840753 0.38758364695300573 0.38220994378112216 0.39531611878975625 0.3880282250021703 0.39761144185632846 0.4375511699342354 0.424213429126762 0.4090326717356061 0.36869319943130696 0.43013437773094393 0.459158254483222 0.48672438590382977 0.477488971208765 0.5002989092162592 0.5663257124694598 0.5363396144017563 0.5920918055714972 0.5817434991437945 0.5792032972568011 0.5757052016206732 0.6460237108861923 0.6597493357093209 0.6569026696230614 0.6819438389066431 0.6542192021588362 0.6925567499645887 0.6832857029427836 0.6472026244235889 0.652222739360219 0.6736796304781264
0.23965961650106343 0.1996070964627794 0.15457033474774243 0.15691940289101003 0.1568027404065344 0.19595107313489654 0.23620336248912713 0.2504886668064509 0.21652325064687994 0.25671646191555797 0.30604507128696185 0.31326206071787854 0.3537461615161477 0.343194025420897 0.3187077281188679 0.34972271196476107 0.37226613311308787 0.3828488089536537 0.39754536936193824 0.37330062096891486 0.36408536175697453 0.3485727208872762 0.3953586761412672 0.4407868066307432 0.47973848121651397 0.520623255779562 0.514252136267589 0.525926325284625 0.5720725621416091 0.6024074749434926 0.6299481695359986 0.6229442144309745 0.579223800765586 0.6162990017763462 0.6299342054564362 0.6523923061312756 0.6310276106841933 0.630034885302399 0.67756769612992 0.6507174595542679 0.6510803052079042 0.633740162937428 0.6788553424659075
0.1804278249604057 0.1551487498098946 0.14257018544308087 0.16613931944962793 0.14839844230490223 0.18690550835177983 0.21320376426496812 0.2524703213516371 0.23532008692867076 0.2449700024185149 0.23730699687298165 0.26757236858259087 0.2846813695932304 0.3324383791521205 0.34998411860853185 0.3548694980442521 0.33525513101133975 0.36710597001536904 0.35713650458961216 0.3956095794832329 0.40728190956243165 0.3899371483301601 0.45712745843734937 0.45612875224930943 0.5103980155321313 0.5254454074620584 0.5536625782074278 0.5290894845726645 0.5668817326820966 0.5631794290066451 0.5747911834290528 0.5924485340209995 0.59221561285296 0.6454534552137429 0.6734011595807312 0.6733087409465729 0.6241142627280124 0.6266461231315654 0.6803526032498276 0.6459717104048184 0.6536392520309295 0.662707927781005 0.6370151141676734
0.15186510099328837 0.1681750841254723 0.15384165897421082 0.1533017435808435 0.1379230166530731 0.19322616548587104 0.2099611535491523 0.2565906425291501 0.23438620030480878 0.205824551431217 0.22556250252875965 0.26250234948242146 0.27362030533634946 0.2816310323721786 0.2846398253051479 0.291928072327789 0.340286640794863 0.3421817518863361 0.3421271345206445 0.38926755673086433 0.42874093467875957 0.4294826301559075 0.46305112780316837 0.4592171900955227 0.5350679551451079 0.48976043848001277 0.5260630449451038 0.5417418303222915 0.5753214050347664 0.5996272995141279 0.597047713316619 0.6365519916190892 0.6671193054087488 0.6772329427869969 0.6850392559815536 0.6624884476852362 0.6457869525774492 0.6528203524528434 0.6714080507859923 0.6334614991183236 0.6763032010267341 0.6534979372153311 0.6253214324634829
0.10663948526687174 0.13164341986146744 0.14905235426362926 0.1460131724195055 0.15177331032651784 0.1632160752549662 0.2185931461150704 0.22569684419751648 0.19061124162745524 0.21143785222302242 0.23139727424172613 0.21062237992213448 0.22218094393757268 0.28590779993686916 0.27337485795417726 0.29907088381003494 0.26248396078448183 0.302011154051458 0.31695677395247635 0.3650699879540207 0.40632049956343586 0.45774213251061224 0.45426452720617144 0.49241209203148156 0.492377420244963 0.4942608159083098 0.49334599506867993 0.5517060714367383 0.5417272327961058 0.5588331193095984 0.5876692651717733 0.6730830231139322 0.6789130410930868 0.6879892870687214 0.7219183871958538 0.713211468048185 0.6873651140315497 0.664367036864639 0.6614352388871971 0.661637982212239 0.6576776612724463 0.661349279976741 0.6813004898711595
0.09352633057081566 0.1324116156409842 0.08771086003360373 0.14420171013737096 0.17421730263255886 0.22365270671145232 0.228142815737731 0.21195402760207024 0.15134857710771166 0.209359248221133 0.19918712613011252 0.21934151478492353 0.20376171121788172 0.2820803723022982 0.2958936580669573 0.2985499101237652 0.23001714208385737 0.3179681088029501 0.3200491576930346 0.3561401404470881 0.3630378812603348 0.4371286719339274 0.4518149173196173 0.4690887707220009 0.5334536959450721 0.5081187593538502 0.5076548567487631 0.5317565974781397 0.5656588080938575 0.5984333236279971 0.5765307132368792 0.6889330224868644 0.7328321859739946 0.701027607698451 0.7529202362609907 0.7256090014360125 0.7098762966368576 0.6783873175960411 0.7252348397700126 0.6432573187408682 0.5976610649182531 0.6423941374311802 0.6678259022216202
0.12772188194970832 0.13783614047728224 0.11797447734393171 0.15519869446982562 0.18115914597069963 0.20541507237381304 0.18865812545059243 0.2243073448535742 0.2005053584794174 0.21424294040136893 0.21391365501221482 0.2055351774482894 0.23112837689675375 0.24615334697046778 0.27786698845777846 0.265141479697537 0.27141960575130564 0.33362723613080003 0.33385668944746105 0.3429730523603528 0.38878980208670927 0.4652756872154481 0.5019660570033105 0.48203955367596374 0.48117496591422093 0.4952395761079192 0.509643343482488 0.5460474215916115 0.5662195951574478 0.5877770104499407 0.6050948345909364 0.6510600619478976 0.657295391933103 0.694592601922481 0.7097658702389068 0.7105963747146469 0.7243253350809981 0.7229563029736221 0.6998560104922954 0.7051172715066661 0.6459290321400142 0.6563665251820829 0.7088562943708092
0.20619381853023394 0.1937835214399672 0.14148205776522815 0.13739847276143047 0.17107676154703835 0.20309420886660495 0.1998418582493225 0.19216981354315316 0.25067124699181026 0.25810575037763994 0.2295547047137739 0.24161841476183252 0.23434232802313149 0.24670348596551514 0.2857542239455651 0.32312142898673396 0.3456332626030093 0.32349515832974274 0.3542236091818292 0.404168012855778 0.40721712568323176 0.463532580567108 0.5489796619857079 0.5128592946658684 0.5141375829236345 0.553368347191357 0.5359215357222393 0.5705060363155202 0.5630211097655826 0.5796063952326022 0.5967508345148178 0.6451310467394894 0.6427517647609182 0.6485854364627505 0.6929584497546106 0.7265169602204833 0.7287730144212607 0.7405800424452292 0.7471834328518797 0.7054665662772157 0.7016968809360875 0.663504843494801 0.6895348961141602
0.22810822639096712 0.18123642038830723 0.19502289570527184 0.1864821294629084 0.15761902071033476 0.20219403710883213 0.21551815390655465 0.1991795738226466 0.2131859978076409 0.2457753082525188 0.20691662644595676 0.20361788646715004 0.21742512749538329 0.26470189439242325 0.29618144600973356 0.33152849211505364 0.33785283261414756 0.35289179923878555 0.400280692720297 0.44824097168170607 0.504347678823071 0.5227336732847996 0.5742764790004273 0.5977501415900833 0.5950137342540072 0.5759376364297909 0.534088304777154 0.5595374232812813 0.5942339261356449 0.5674244607608367 0.575212380624743 0.6233391361437272 0.6254119532772353 0.6833550489618049 0.7262446512851554 0.723453934005521 0.7260237190248944 0.7229457998506282 0.7002383748613367 0.7008565269557366 0.6986709719287653 0.7114397186321259 0.6775390291691246
0.2095237221455235 0.18687089620248346 0.21501520482900838 0.1625536278229941 0.13969343756706998 0.2216410228257157 0.24560485995382098 0.2130427921138151 0.20904093520850298 0.22152660199700613 0.21738220864135407 0.22730740057458937 0.20570090310816605 0.28417627120757016 0.2748763840470026 0.32248531406467773 0.3047034798177582 0.3513066010340639 0.44377580381862836 0.45220572937511516 0.5218637593059473 0.5581882201194586 0.6097746087229815 0.6147945357284801 0.5983334609384101 0.5978091538864649 0.5714651914880606 0.608366650203971 0.6235584001207011 0.618806415955515 0.5768268337149127 0.6134851733556278 0.6468657772784999 0.6532939209213176 0.6934083171695056 0.7386839132048305 0.7397838025209135 0.700164286640205 0.681455715473235 0.7319750868670847 0.7421912384452357 0.677834684538092 0.6903254938579824
0.21058502331159218 0.20050718212388127 0.2137362629122644 0.1732893137712498 0.16948263244007244 0.22076568508700153 0.25932417593145296 0.2273457630803455 0.22927481358776547 0.22575702286788166 0.2244041458667338 0.2564509794144894 0.27047608378894417 0.2751292105801817 0.3166453496439114 0.3421553095075605 0.3479920114118136 0.3907387168238846 0.45772200449725936 0.48532833287338834 0.507146469390999 0.5679828646445165 0.5917536183694332 0.6209928748657987 0.5860557017565943 0.6146026698748621 0.5901753513072364 0.6389511705232794 0.650115615553412 0.6351752281136233 0.5884507892304169 0.6070917945532435 0.6303640707741316 0.6880282704607183 0.6969517053935664 0.6983927456373124 0.7453641354039209 0.7119864706980809 0.7022761945840635 0.6813264307555082 0.7247009779763368 0.6906728838453554 0.7096249802931267
0.2526948721469808 0.2061601342666724 0.19490230166684114 0.1773331833618875 0.18005708940884796 0.189063776437617 0.23390011938989191 0.22537201787292666 0.21642534711774747 0.21596376210698226 0.2701059686882312 0.2248185605529706 0.23455006758196853 0.29100436658808737 0.34354541907574276 0.3279542220752075 0.3714436267892762 0.3641005757853123 0.40060879392025667 0.43893769745778877 0.4922211898632551 0.5685776773923128 0.585418278561416 0.5788322503643585 0.576089974394809 0.6050664810191763 0.632075054269517 0.6575982875032852 0.6423240691870672 0.5990105585549323 0.5949595435028816 0.6030590827890142 0.6561096560938006 0.7024044814049032 0.7492891354029956 0.7414429995021689 0.7277381850428881 0.7215181544841054 0.700895921260759 0.702543075372312 0.6928594195785911 0.7010667877052293 0.670226225586483
0.23162365563911508 0.21267236815523485 0.19605974566912612 0.1785268744697749 0.18443617124300696 0.23384190456688939 0.21994265835480137 0.2071472171963788 0.18822568686014526 0.2495946045757007 0.23892330653774996 0.23646130164257492 0.2611952752961562 0.33621036102002033 0.3263803771835733 0.3417546867117938 0.36637004476493706 0.4139430669079709 0.38798927957362617 0.43858456650352345 0.4839262359278643 0.5029501777422802 0.5316312849003704 0.5549483332908283 0.5989065204637314 0.6157067116568063 0.6137607927161769 0.6057315695839827 0.6057112168266479 0.6300576848781159 0.6184112523219546 0.6323746656111865 0.7065200885063071 0.7217962517089412 0.7502725201158524 0.6948844295240346 0.6882932462659163 0.6749164547733365 0.7048221321864404 0.7229723967480727 0.7267163096697988 0.6688628740635351 0.6810700035286963
0.22129106544919652 0.22241663075179247 0.1561568051941435 0.1488028798232255 0.21082035654047113 0.21401930279354106 0.21524961065634576 0.2286116062106147 0.18889475665885636 0.22052131114609252 0.25676151094929023 0.2664876392941456 0.29740333257761087 0.3547886331654267 0.3677960456939987 0.36151826263663 0.36059413771776977 0.363710428943825 0.4242396430713509 0.45218069156037677 0.4773330121552587 0.5212056731549772 0.5048271159852856 0.5491010430195681 0.6222694231603522 0.5902137599503957 0.5660126105856411 0.6034972681477103 0.5718108620575776 0.6047918518997351 0.599097348179805 0.643866045236281 0.7179252407501834 0.6975974200686843 0.7147551572037392 0.6852465811838102 0.700204284970029 0.7193035960658959 0.6871454696981093 0.6792705482109597 0.7141011872392239 0.726190048628411 0.6960978058612737
