Raster_benchmarking/Raster/continuous/raster-266.asc
NCOLS 100
NROWS 100
XLLCORNER 1743149.958719606
YLLCORNER 5469279.329563946
CELLSIZE 10
NODATA_VALUE -9999
[rows 0 to 18 of 100, columns 43 to 85 of 100]
0.5160969091275488 0.5246041105462848 0.5620262541966636 0.5494686130043083 0.5358061875928374 0.5185924993492284 0.4870350433022983 0.5249888143300343 0.5714784581685507 0.5461807838109847 0.5560777022069808 0.5976917477879469 0.5985929013297636 0.6003295956857552 0.5861011732094629 0.5866167650720375 0.5459431687582718 0.5743574004500882 0.5963575679185567 0.6441720599071006 0.6139055043739 0.6350860047338862 0.6288254858491887 0.6128948862747835 0.5683179441980434 0.5526345313218275 0.5894012995741917 0.5354054909570178 0.5181611647656299 0.541781900305419 0.5479790794112039 0.6127649993695455 0.6148373607119191 0.6530950393157465 0.6601607033015047 0.664630576415409 0.7005688920609847 0.6860181788220968 0.7055773174781488 0.6961401440633144 0.7008941386945181 0.7086452674871703 0.7133855612210692
0.49133923949204317 0.5105336835007228 0.5201334189811436 0.5228774188514582 0.5170440027380819 0.4975474565218216 0.5073791033434799 0.49485675834160797 0.5577081252561574 0.5583114953905939 0.5707989455632682 0.6048450948994714 0.5863456920346265 0.5999804564878656 0.5769410914420803 0.5720086590265717 0.5717739028827452 0.5757504218994518 0.6177514644772666 0.6226960982071355 0.5863458714088943 0.5958560304431116 0.615033061430468 0.5736687683834985 0.5470699196458952 0.5327757787568903 0.5624650275651316 0.51493503116874 0.519516256200224 0.5135202732701926 0.5449597900759972 0.5592394175297452 0.6025044927872054 0.6030115026457016 0.6489110775277732 0.6413752600707375 0.666956796855577 0.6903562636303433 0.673860679705072 0.6557254728614977 0.6308877989986795 0.6548837199903819 0.6990299724997873
0.533220224867958 0.48896096901704045 0.48375439657716474 0.4904929019430733 0.5366294384238154 0.522828128243896 0.4955564629381319 0.49148163425435065 0.5063360756679529 0.5107976155293941 0.5761933955319103 0.5763008044751767 0.5934218018210082 0.5953966154461142 0.5792036653063395 0.5632878583913753 0.5513672092934411 0.5673521599306905 0.5892392848555825 0.5949552006954741 0.591091030630669 0.6088295801978398 0.6068922599120995 0.5920337879257127 0.5502972293526424 0.5152640690525545 0.5169210566804345 0.5148970636703002 0.445627226823388 0.4566872568159064 0.4857990303467278 0.546127604528585 0.5576095947734023 0.5749094696097861 0.6141016619971537 0.6261254994323276 0.6451766124105761 0.6333363381088302 0.6049789664160843 0.6286305446658049 0.602493351538545 0.6155092662508357 0.6580380081489666
0.4956122208699022 0.4982393743679928 0.4847481825868368 0.4882309337370159 0.4962480639431524 0.4956286113920145 0.4947004873775968 0.4999964887729682 0.49570741026659176 0.49305836243758727 0.5151017381683333 0.5424282466983973 0.5448798470752458 0.5326478166102944 0.5311962256678427 0.5375887820102633 0.5183742587026097 0.5360601067125005 0.5200049417433559 0.5396499929248554 0.5424710531076513 0.5587913593642051 0.5606745608644048 0.5429577566639839 0.5351735760011304 0.4786513992825717 0.4755675709356437 0.5057006072699044 0.4681867124788534 0.48331981006955277 0.464459911933374 0.5286497487558718 0.562277230578724 0.5586163003822086 0.5794040847634482 0.6134769706346824 0.6620391433252196 0.6371809453005159 0.6195700237472691 0.6457186250019933 0.6459116352826287 0.6191714696297751 0.6533051870985606
0.5166484251570386 0.479267623105008 0.48084765374627086 0.49586135578417756 0.44955047232734 0.4654257302849843 0.48151232438856195 0.47044898406089997 0.47500996961135555 0.44798325053308985 0.48837121853591076 0.5020888730884343 0.47952441349621383 0.47438598015365324 0.4778172574096909 0.47479725504786097 0.47067201753863663 0.5081317598734718 0.5047790694867402 0.5032014860415442 0.5119915258025078 0.5111434225542384 0.5272881557135012 0.49229878270450866 0.4790742093353167 0.47441056080379274 0.46926059656844515 0.46665999326978647 0.4848016504656947 0.4775393515476277 0.446182074453218 0.511505006688388 0.5359190190182547 0.5649922469385269 0.6158093004089762 0.6136499431063277 0.6476973224782396 0.6213852246942656 0.6366998534903111 0.6449987637017703 0.6394034771786966 0.642873530574803 0.6530543099488458
0.4878366704564419 0.4736358177115056 0.4508613171053293 0.4609073872729149 0.43481534658306453 0.44461351224169976 0.435781474247752 0.41145100004241514 0.3989600121479664 0.4351431699926923 0.4355084281860612 0.47894082545995775 0.44439145259293567 0.46062541139400615 0.47127570162119964 0.4584787422645649 0.4844054879806604 0.48828642160245483 0.4784943991276013 0.5162753323288299 0.5162688919175759 0.5175337446771682 0.4912679442363109 0.48822621642554104 0.47272717926853275 0.4520250019770935 0.4574734399995618 0.466265887100725 0.44150926420113795 0.4344377987594752 0.44499893330766993 0.48294720754437825 0.4872428375827156 0.525903099145272 0.5394071110161257 0.5680095117771646 0.571760786216856 0.600810359110999 0.6261494963527912 0.6067942775970554 0.6152851787944517 0.5900345079533813 0.629757030634006
0.40257709833776284 0.4068051138897778 0.43701636523011395 0.4686759670258905 0.4438074799155295 0.4510990032581048 0.39056967319339725 0.38082628868341756 0.36501718147202883 0.37924174066291305 0.4122711165643777 0.4101684402799916 0.44265736377653614 0.46421529015341595 0.4359626795167422 0.4835684521732397 0.4967593303111301 0.4977405779731017 0.477833849426294 0.5239619546240756 0.5537266525842804 0.5157442365106365 0.45994710018787704 0.41659563394216065 0.41938741609182795 0.41043468378386927 0.410812182515228 0.39137188311883747 0.41466165122586834 0.40966662599203735 0.43584728823439545 0.4584521265882693 0.50756727294274 0.5198692130029307 0.5105598664719476 0.5278786458463993 0.5750192849503526 0.5724642735448471 0.601163171243134 0.6045174315064392 0.57829465677401 0.5610255208118782 0.5916073828565748
0.40508057230598826 0.40193018789893764 0.39976165034172695 0.43372265498575485 0.45150268723762677 0.4360037877611781 0.3821592455793233 0.35641577388070145 0.376924628914284 0.39463570797527087 0.4082542441494446 0.40162858293623543 0.42654960083291155 0.4171132846898514 0.4221526860441279 0.46768619312761334 0.46820700718264235 0.4561556379970307 0.48393199475295323 0.4781722769435933 0.5029732482464161 0.4779831359105288 0.4502594631463443 0.397945003623226 0.3735083143821854 0.3614900462425255 0.37821960624524037 0.37043240863958043 0.40562282577705133 0.4035618598530254 0.41200056756480585 0.4503562854700799 0.44573109679380996 0.4860616176151332 0.492181745599621 0.5210768400822265 0.5145044477265304 0.5371822699969585 0.5691312515898871 0.553157194936133 0.5318785134750618 0.5126557919403874 0.5289445005253238
0.3653422514941586 0.37260111501766224 0.4033606949494914 0.42227438506742093 0.40831435287297 0.4332587967894087 0.4144094858602237 0.372957567364683 0.35215076228151515 0.38117074690222946 0.3997068546394684 0.3735449602830983 0.38160045913644663 0.41059286271656925 0.41535856306464214 0.42907615162537455 0.45932794786732756 0.46184709456972994 0.48970951310218086 0.4799273275320855 0.4627089488471501 0.42640963223853773 0.4061276870166988 0.37197165905449436 0.34547364644981726 0.3651187425907455 0.3445355044083706 0.35113018833796444 0.3491117352375254 0.35294553372807763 0.38256393418198836 0.37644043047444664 0.4114347303913037 0.41794102998350846 0.4536335937837146 0.5016552873017096 0.523082775933424 0.5065191587537254 0.5142707157760402 0.49480650994550984 0.47698737860810264 0.4682734134428752 0.4880957553065911
0.3900654455349077 0.358273563992255 0.38491597720784343 0.35097104969159626 0.36544477885196347 0.3836897331463276 0.38688561852248593 0.3734247939918057 0.36368296913480347 0.3974623723099161 0.3808971139767426 0.37498697447554963 0.3632919567323106 0.4095301477210054 0.4234664942358289 0.4396177678330623 0.4718057130951836 0.4756447615916051 0.48655727056299547 0.48380527606168816 0.47394701696366415 0.4168974329112424 0.41534871656658784 0.37435497493335734 0.34093995478899675 0.33810812507807275 0.33047105970030083 0.31109773376735544 0.3040046930834436 0.33344419718527013 0.35221143576027536 0.33951833990169344 0.37763833660288676 0.38289396768855055 0.4307188755002978 0.46319106691158374 0.49375099175066495 0.4992696816903825 0.5075209662731073 0.45712348208771125 0.4493679751918888 0.4675720545560445 0.4546729233466372
0.33937901951532656 0.31381928050251817 0.3371376008175667 0.32342041304826463 0.33934695329346304 0.3320928616804359 0.3478622111780742 0.3372991596370804 0.3400453679594866 0.36878667036860147 0.4032695951787775 0.41093575668398374 0.3820988131976876 0.3700799635283548 0.3786460554938674 0.42508600996478946 0.44464570147226795 0.46185648071627283 0.4542400709618365 0.4543130128016196 0.4520345360096099 0.43207266987989207 0.40541332536739594 0.37224020469872116 0.3283207243858263 0.34354464964367326 0.32549745020555776 0.3202950554226177 0.31056495007379015 0.31039841298075205 0.3073736440782781 0.33206249230749474 0.33591009486989093 0.35069620867235773 0.3770583288120556 0.42563512677065257 0.4173030220008073 0.46859962642568354 0.4556646078030581 0.4608740990666801 0.48140696815382594 0.47240575151506287 0.4869357129050737
0.3002704632765077 0.2854565905557916 0.3063912171770817 0.29741815375027075 0.31714345256981713 0.32927640328448615 0.36985995804706967 0.3318234491363901 0.32402763602468954 0.36357731086054484 0.38740286849519684 0.40572751896940457 0.3779236608444261 0.3946248178473182 0.4017553223396376 0.396003047432962 0.4335456348841714 0.4034485410341667 0.40407332460894685 0.4326037125767453 0.3908518321556136 0.40180696268585 0.38695992485500597 0.32380370069698583 0.28062253774693924 0.30528190503377806 0.29172877258567187 0.28124972707293344 0.2962805386164519 0.31520134678853157 0.31359500020523273 0.3133798485778123 0.29471317106215444 0.304650668926354 0.3358300771778727 0.3625882603179569 0.3658459163513792 0.39818912409145024 0.3936305512245974 0.430777958031373 0.4447601199974861 0.42192014641348846 0.413238002054805
0.282731430557794 0.3143765178121801 0.28503873476300207 0.29984485758602086 0.2807622149247583 0.31753095220098854 0.37030142660612786 0.3635442999133837 0.3581357783175005 0.36323399159017467 0.4048124903117015 0.3833154389823358 0.3792638890452225 0.37847401092846017 0.3965116024493683 0.390763583539313 0.4285121876092068 0.4044675139091026 0.36241280914818824 0.3869885008638665 0.3588055059504438 0.34968600935934696 0.31494942736577697 0.2894516399701197 0.24665549683734397 0.22990671610118252 0.22086109821350303 0.24577002628431127 0.25777880605568126 0.2705013548621548 0.278598019002982 0.2727948002982098 0.2944109061654394 0.2931243723251118 0.28666070700483376 0.33424282855102094 0.29514262468283503 0.36397672897662753 0.3725199508767374 0.4293773137203209 0.4324686671001503 0.4241353465396706 0.37785615668570116
0.3108027223697971 0.3153448721609881 0.28995854684582956 0.32148233514857255 0.2908090673137247 0.29497965873088816 0.34849048653646525 0.37598201950338106 0.37555564652730966 0.3931250768038607 0.40523189336861865 0.3989629157146296 0.413073056125584 0.3720601217743349 0.38770431832241947 0.3866821405768573 0.3821843509667878 0.36157877467033545 0.33117787350724254 0.3556894001786888 0.30808777317939856 0.3018415545179787 0.2927432284994432 0.2635144003125259 0.215915815116531 0.2024743044525665 0.19206269646699936 0.18470138622769675 0.23794584484652814 0.26362479295951813 0.2650327743297535 0.2839147949176343 0.2632117481897676 0.2720146636711398 0.26144002967596314 0.2982688074665087 0.2775450846684763 0.34726613818692614 0.35465337383898704 0.4023290697396326 0.38906813644897437 0.3719587443209565 0.3549981823068639
0.2745818161246536 0.3206520424455598 0.3176481452581425 0.33177730698875285 0.29770533699160545 0.28535710620368443 0.31059446299892773 0.37582561918112245 0.3901504233572521 0.3886990552815141 0.35948114375755047 0.36751008380595407 0.3989322597120917 0.3929743227485925 0.40885461933901057 0.40132270001566156 0.4097991672437156 0.37678600286501096 0.34867050205788824 0.3315938283291359 0.28608078257998365 0.29818205287398913 0.31369114490173694 0.26916603286213064 0.19218912594920765 0.17243362259097503 0.16423313284986682 0.15811275968477156 0.15363486625331318 0.21924326512013584 0.26079600876931885 0.254691446888283 0.24737218765383065 0.27854997300740797 0.2923682425277905 0.25629621420127113 0.2695499215616974 0.32367878219222757 0.361022833144924 0.3337204639310452 0.344836669533326 0.33931369695188435 0.3642389617821681
0.2886568746431528 0.30886340310892374 0.29963704037255773 0.3067400826289067 0.3078092122408909 0.28512063698687806 0.30914008175489305 0.322482400164564 0.3326883316752609 0.31749082864837774 0.3104546534493998 0.3480853735675966 0.35266774098769615 0.37004370782640306 0.3284164984014367 0.36353153302919833 0.3740501608508573 0.3226301456303576 0.33055995551996675 0.30625679674980516 0.2941392681802314 0.29208255263489613 0.2890207699311972 0.24529280693018762 0.20667428840111385 0.1763356570855613 0.20991984759962642 0.17413531640946073 0.19536257469006954 0.22823666423106634 0.2679093179793814 0.2438904135819764 0.24928839860809943 0.2631821385341474 0.2432032967295686 0.264464984679725 0.29616733578312543 0.30845690167231493 0.3412632941416824 0.32132601933255256 0.3166397334323297 0.3637374059007649 0.34506342194516054
0.3094269728216883 0.3062499730313064 0.2867088897240397 0.27578012943471986 0.3209133016395825 0.28803480942071563 0.2925421359498963 0.33052300496786335 0.2924184373424846 0.295074935918588 0.3216093638190407 0.3145867523380357 0.3166369030901813 0.3243590210568062 0.2774537766441881 0.28478104630259365 0.296632730393924 0.30171311792526717 0.287151537560239 0.31281181965946936 0.31373078046766695 0.3173021022808864 0.29250859301373133 0.25111546004962154 0.20991795768619595 0.20033611426482265 0.23553799574911674 0.2062900781182127 0.19164773376524796 0.24339544261113563 0.24922709802461163 0.2600182939248175 0.24741223644762325 0.2578156458766381 0.2510351466711726 0.27343859568527873 0.3027843112727388 0.29802635999227567 0.31152364284091516 0.3303987599511086 0.33493449950161164 0.324159263221964 0.361664318757103
0.2709123625246677 0.30843321479739894 0.26320063271446836 0.27393333084628535 0.29206456844125467 0.31147858934705486 0.3067911223991115 0.32248210805035116 0.29546181801321103 0.3239927956567092 0.29919811915221706 0.2706799986516992 0.2791519613451655 0.27862185150489266 0.2639153433071759 0.2687804850799968 0.27734957408651656 0.24305673838395983 0.24570753639656873 0.2923742507001976 0.31167506184850896 0.29305211876658693 0.27880665341835403 0.22283348009992435 0.20823247920208007 0.23172918091333533 0.21099136158961918 0.23971026943180784 0.22296458515475853 0.252315726052615 0.22160768014277576 0.24125905424426086 0.24788226452062692 0.2790293428253178 0.27264893314100264 0.3198415682567828 0.33835513604167095 0.32983639580330426 0.3298958774753864 0.36870719062965446 0.35366258782982446 0.3406645804528311 0.3525248016821134
0.272472113077607 0.30451407883225284 0.2641552439356965 0.25094938026370617 0.28195559395716424 0.289461636755529 0.30840503262942454 0.2937702198008426 0.2933313027365601 0.285702336838547 0.29969338242828186 0.2545970593895269 0.2178520315071046 0.2512088388018109 0.249503909215382 0.2666368629116799 0.24496024511565204 0.23119322371226753 0.22558684634785311 0.24484893551717107 0.2865196790022453 0.2895148274079719 0.23405844480820878 0.22124772723195887 0.2367979953229016 0.2265564791382865 0.21631188660423448 0.2526375915302948 0.2577104567242462 0.25258445409044367 0.24004909738397123 0.23965493425662132 0.28954553072212763 0.3191792999459362 0.33440868417237846 0.3559337915968676 0.3417510655790826 0.3524964473805006 0.38794974056163223 0.39280485881191385 0.3735609731300335 0.3677200369182898 0.3222092817923535
