Raster_benchmarking/Raster/continuous/raster-269.asc
NCOLS 100
NROWS 100
XLLCORNER 1743156.4330914002
YLLCORNER 5469282.134673967
CELLSIZE 10
NODATA_VALUE -9999
[rows 57 to 75 of 100, columns 0 to 42 of 100]
0.531665481088887 0.5510832389558153 0.5454890234191678 0.4876599851318562 0.5009030841585503 0.49521160747272897 0.4725330485975944 0.5039255560445872 0.5183038000520058 0.5687461074058161 0.5680724593639133 0.5705768866183017 0.5568847217299775 0.5283243547517683 0.5672473044495919 0.5265566037238336 0.5601807952844104 0.5362958187063577 0.5750978257024884 0.6240496544360474 0.613756894321708 0.6584929633567657 0.7238780891235603 0.7199283263747298 0.6910154231538536 0.7000432700336248 0.7479528406506265 0.7646595458443037 0.7908010801786001 0.7846416688051537 0.7970862457334739 0.781800886252102 0.7961396741266556 0.791480735461726 0.7414020805667096 0.7225443649573516 0.7567852882481282 0.736660780879715 0.7804798854554655 0.7854078032829686 0.7473170360462882 0.7381196889250061 0.7452272312264492
0.5274428756501833 0.5360480958329535 0.49030455967675846 0.4645397573911481 0.509300763054892 0.5053789701808712 0.4932673572677465 0.5075105136248201 0.5334041095593408 0.5146557184275448 0.5550480887654378 0.5243857756452128 0.5015038881749515 0.5145227566018924 0.5238477358372753 0.5036626203696962 0.5254343514450669 0.5277217597005096 0.5909803294858565 0.6051219013541911 0.6220454969100204 0.675945824841728 0.7048621718425813 0.7289420187178375 0.7035564194946001 0.7366794280011553 0.7713334840355502 0.7920299921156091 0.7999432016238497 0.8081986473573788 0.8238749692866295 0.7913128271535529 0.8069148087407888 0.7513225419745118 0.7539647083346828 0.7727841574823954 0.7692800590052565 0.7656770821692463 0.7416867484279643 0.7711214313076387 0.7650608453148544 0.7628708959832678 0.7400619518059569
0.5446561395517173 0.5264359150735606 0.4940249457349019 0.4723630615854522 0.46158720210682136 0.4907002381489272 0.4833280194376879 0.5404382510304572 0.5014825817048356 0.48078284413417544 0.48166549288785004 0.48073697242484215 0.4629236260279066 0.4615815439473757 0.490962015251064 0.49199094227209095 0.5019782719986284 0.4882595058856853 0.580263988487343 0.6043668346080856 0.5955134325372181 0.6206815113255585 0.7026555022981071 0.7612042244101485 0.764539799903271 0.7296640756987104 0.7738584946655155 0.772402177117731 0.7890099259300485 0.8264194386782616 0.8250966289370868 0.8191680849440507 0.7904205583020759 0.7434509042717288 0.7481559631516936 0.7856311491564103 0.7671989010202063 0.7822107230842097 0.7553573740669937 0.7639138495389103 0.7533411006499435 0.7446211635525675 0.7362099005755283
0.5321859650102649 0.5202339254082703 0.48282407499350694 0.4906698248829423 0.49188341078273257 0.48617914579634436 0.5266227288338466 0.5103973102371753 0.501382345165076 0.4882770535236724 0.48906614197005466 0.49219461179786933 0.4838501187695414 0.4856049820336048 0.44275386761337604 0.42864593198089423 0.4569164079561566 0.4930710281048079 0.5254433597384768 0.58678956426126 0.6027857304594822 0.6422477370189368 0.6779033568168036 0.738920801509301 0.7751373855218084 0.752030455771081 0.7401950761196365 0.8035130998711647 0.7864172822954644 0.8394872710143961 0.8358716465131768 0.8418564110000819 0.8254691649658598 0.7788014291291896 0.7636815962449341 0.7689254560921518 0.7549713753131527 0.7758499688423818 0.7606634173373195 0.7537316904043605 0.7308929860859648 0.6941167859762735 0.6897133398630484
0.4976490549408647 0.49170327720408075 0.47392653885068814 0.472718788914084 0.5265701224815871 0.5478553037479906 0.5518454314622968 0.5002859085001767 0.48632724638930896 0.5125619454955896 0.5125305368074418 0.5082226123657719 0.4793106647901546 0.47707713459308526 0.4802082135932916 0.4423712456123028 0.46608768769578757 0.4644681097670904 0.5359495338419492 0.5353561428145998 0.6026046332837112 0.6326040695195101 0.6771889211285188 0.8022374266903813 0.7798541403442931 0.7263104556882598 0.7564644357606836 0.7977363310309792 0.8252152732918836 0.8535333198920633 0.8638566518429003 0.8537464911250313 0.8059747461508776 0.7917841980084137 0.7672698569027003 0.7363829154017861 0.7668340651963225 0.7804646152102859 0.7622755368088359 0.7486868218201657 0.7306192991498879 0.687063898179285 0.7005081488121339
0.5073165593444596 0.47544611995375086 0.45175453460097004 0.48638949436077383 0.4781992003952238 0.5379444169302632 0.547554663365601 0.5441044073328887 0.504498843043436 0.5270855960585952 0.5149226708882327 0.49181138860382945 0.4944376355710551 0.48413033711172765 0.49891617443232456 0.4866015132066121 0.48025221805211843 0.47782536572399104 0.5024573724028976 0.5121220549038051 0.5664977905028187 0.6344005991957445 0.7128680026083806 0.7484327656239652 0.7678486334476304 0.7376299378436212 0.7274852105747585 0.770175826424814 0.7853549916769238 0.8026782986232979 0.8043334922871586 0.8269008306476556 0.7863196596031501 0.7732156766291807 0.7838831632256914 0.7519519485653567 0.7603159228870309 0.7898126463616771 0.7690441520155065 0.746247973624979 0.7186062012742747 0.716147371317454 0.6863072266832514
0.5036788928892748 0.4630249160056323 0.49533282513284044 0.46176450646906236 0.5197585519976494 0.5389188529564815 0.5493530026713314 0.5109570963248247 0.5130467055739764 0.49173052841215115 0.5318551963405125 0.5133662850699362 0.5350583275576555 0.5108277675771429 0.5249345682796364 0.5230771273156839 0.5137030414760968 0.5810674084710818 0.5323497808853006 0.5446997487528042 0.6124449727196299 0.6683529393532721 0.6834525439875607 0.7299544751672098 0.7771420413169206 0.7673437800685758 0.7207555371889658 0.7367589868441224 0.7535087496804445 0.7429761939973022 0.7364462772657189 0.758317568954253 0.7326259072465343 0.7596237655180269 0.7872372587798423 0.7763078688835567 0.7811839424428256 0.7357248418926864 0.7514004423570806 0.7769235513184756 0.742988407790183 0.7199159591221792 0.6588757270723107
0.5177123414092397 0.5047816683286223 0.4878108157269301 0.48854566969642454 0.5160485123909735 0.5328622214063393 0.5021104927600974 0.4743684903793294 0.5079003395620519 0.5068354811490932 0.5243911437367904 0.5035481717216821 0.5108716203062938 0.5382341784255619 0.549182798914916 0.5520343659942409 0.589890920389185 0.5668479650826042 0.5729251703204989 0.5956829246596315 0.5801584059048052 0.6204672335674281 0.6848803292923494 0.7318531001776648 0.7591686431059476 0.7343466414997041 0.7570422320586998 0.7544190615871782 0.771650344026428 0.7633314304796712 0.7358281740542024 0.7160357922392498 0.7203000792348251 0.7507189810185263 0.7603016198733538 0.7918033118201903 0.7622733832061768 0.7476305987073764 0.7462457347780396 0.7788407620818191 0.756477515522112 0.6744691710545169 0.6641503492720924
0.51203514217837 0.5406073564444236 0.5521779390191052 0.5241108221297981 0.4962135823446977 0.516719844481531 0.5020071506168127 0.49390459934056236 0.5132051701770952 0.5461418870538824 0.5512296056604564 0.5326524933232307 0.5279660519226164 0.5349801087961092 0.5460001653510994 0.5916545325929993 0.6106511281901341 0.5962989889497412 0.6055965332869532 0.5753607284362998 0.6115440067743874 0.6070405181728168 0.6797624560673523 0.7166539416182274 0.7555816664775153 0.7180940894595986 0.7614108607849736 0.8007649643532027 0.746252236480058 0.7462734653432771 0.7053587473672958 0.7055490946170407 0.7395434220893141 0.7386433881312767 0.7347463797885375 0.7813612945502597 0.7671023352588024 0.7952441074733578 0.7915404438624667 0.7790257329153009 0.7377561323586642 0.6595940735032287 0.638943670722721
0.5441643055190813 0.5298815669863151 0.5573827320540833 0.5474069158228525 0.5455991325840231 0.5205068512598476 0.5216106056733848 0.5324366046822417 0.5798297940623839 0.5553941498267099 0.5605883099788295 0.5285400627787189 0.5495363192807989 0.604484062675218 0.6059440998141955 0.6021587832382015 0.5693775053796581 0.5617592209821574 0.5987993618469164 0.6170314745076311 0.624411127027378 0.6642561912009933 0.6599355493831475 0.7100730223576341 0.7166430160644621 0.7360077383152813 0.7608038394948949 0.7443915283406448 0.7845362987796328 0.749875579621416 0.7293990528648464 0.7064237521472937 0.7540534408362974 0.7135335983579706 0.7261230926342651 0.7667587374791568 0.7334141376186392 0.7689989249474167 0.7445038113456417 0.7382903673792722 0.7219273239601365 0.6642395510434015 0.6637675206571438
0.6075275706397056 0.5804289834140438 0.5950043196880015 0.6063093607308152 0.583504982195787 0.6020891415743818 0.5715937780884564 0.5625372632982941 0.5707089202768442 0.6016333771580139 0.5992005870586532 0.5829410878156653 0.5981597679695554 0.6624461466918498 0.6439750167938278 0.606355693714823 0.5763647745843432 0.6027288754632038 0.6456108790704186 0.6646988030435855 0.639749180863075 0.6533076921939593 0.6694548554891337 0.6834413296800246 0.6968959247718008 0.6825903139020337 0.69586311919047 0.7496042351587616 0.7457200904595638 0.7432314477846474 0.7367214646282156 0.7321812682046723 0.7102238663239839 0.724895427844831 0.7118032759246694 0.7324223566922591 0.7152015797582625 0.686586244035483 0.6734983394491137 0.6790582033114607 0.6950145872732896 0.6977614062794517 0.649932064347875
0.6437895815980056 0.6262955092019789 0.5916216028427723 0.6152180052634533 0.6063894552027245 0.6306569816197759 0.6362037484616647 0.6235693101103211 0.6430551522593008 0.6398301092544347 0.5961047177418904 0.6464871386926176 0.652170400459502 0.6608018167045683 0.6771118691806081 0.6348470629314954 0.6341659376588228 0.6076466376881066 0.6304319507572155 0.6136555157892165 0.6468642657966522 0.6178426049793326 0.6341799776311176 0.625173368733973 0.6406803527841453 0.6467790160672561 0.6911002065623728 0.6971672038904587 0.6921578399353605 0.6909943276941254 0.702947418390285 0.710402382972227 0.700223999077733 0.7030455410318418 0.7249499150335815 0.7342284512222628 0.6874891654298977 0.645281063755051 0.6475608087635699 0.6194412526686004 0.6401475833084934 0.6824855189066399 0.641815459869062
0.6571555845398184 0.6299470621453626 0.6218955546072573 0.5830251649911949 0.5950827684026427 0.680831608708028 0.6471904820861286 0.6688896390784582 0.6555823072125815 0.6246427147172483 0.6162003731401107 0.6611201374357208 0.6401102916006677 0.6325002187720205 0.6438273554881075 0.710625723307945 0.6584984107716092 0.6387060306009672 0.6178348107823037 0.6259485592724594 0.6239712130341404 0.5935282213579038 0.609020300931029 0.5980332280294753 0.645320785703698 0.6329052824377867 0.629277260061398 0.6680297554475493 0.6472629092132023 0.630964643910776 0.6328419298335861 0.6659277429047685 0.6971100265806399 0.7274955491802059 0.6900934126836924 0.7225265739060821 0.6450881622988307 0.6215871935311009 0.6574441387722407 0.6272317737088277 0.6483213427578027 0.6509388978473547 0.6347166716005369
0.6412224748742411 0.6345972008309889 0.5830762124458532 0.5783843547180856 0.6103668254435762 0.6461178124853655 0.6841205947670415 0.6484403062858431 0.6077339859723894 0.6338260209986879 0.6444625829305266 0.6356593069522358 0.6641731447923835 0.6516962172846253 0.6617933099334187 0.6295034016226746 0.6439851572268395 0.6097045840747194 0.6012614302036416 0.5972440685465038 0.5940667514808293 0.6021727326426771 0.6254135239056454 0.6214708869431345 0.6104900082357839 0.625143249345915 0.6242748484727162 0.6381205032258686 0.6479723304450077 0.6073224629789165 0.6367439117956674 0.6077761256068847 0.636905384225853 0.6898594525713717 0.692798767598455 0.6690836648700371 0.6433045676643367 0.5880581361193491 0.6136952215456577 0.6140119256943922 0.5917510054312858 0.6122154448100541 0.6254181446710545
0.5781545341863158 0.5915891670248146 0.5989679127091522 0.592320951858998 0.6481565651235146 0.6844666298756509 0.6736977362427319 0.6561344538687558 0.6233231592114997 0.6000856363366504 0.5838217354394378 0.5926163453633946 0.663682497136629 0.6703747389956466 0.6326587423629448 0.5964926097632857 0.6040710710483179 0.584122532666009 0.5893927235846228 0.5821355111619169 0.6097112071233501 0.6232411493409717 0.6090636570894704 0.6629469520790713 0.6286751136649237 0.6408803502340151 0.6471619106560026 0.6583493428269287 0.6142680383802223 0.597289019618874 0.6296712049164933 0.5960378789953501 0.6397375523606549 0.6552251235160076 0.6368574569875318 0.668736803833484 0.5949985756542504 0.5777328514528716 0.5681295991290952 0.5683365592274017 0.5588641000316548 0.62203014098838 0.5838165274903655
0.5828138619999985 0.5804669001590784 0.5933049839431259 0.6274332061289806 0.6300534791634153 0.6806468921921913 0.7017288020568824 0.6724910823191111 0.6619950145068026 0.6354296192655875 0.6033661083677211 0.5748658231946056 0.6179044946862914 0.5961493191470634 0.5722442760547019 0.5734591596470932 0.5523224185070529 0.5983539836000215 0.5832902403278702 0.5742110301864252 0.6070073835114913 0.5984220039927256 0.6434151060839278 0.6344674360826635 0.6290245132248493 0.6501309059910936 0.6165930378343574 0.6231979872145306 0.6046362243563267 0.6212389568309026 0.6236073159635048 0.5972157915710662 0.5875171459605592 0.587478985891209 0.5875134747668999 0.6093002648605408 0.5611220767173764 0.5402927327839538 0.5448554948641507 0.5449895646163342 0.5532160447113099 0.5842426975984523 0.5621399950419326
0.6114933171701656 0.5741987384976364 0.5929332893442149 0.6424658998360442 0.6843215842580761 0.7123977490423852 0.6947856852206965 0.6727479991679102 0.6254228625243966 0.6174700898441308 0.5912927430616 0.5697644498645447 0.5743012882300461 0.60008383056343 0.5606956842253906 0.5379066143101255 0.5601961963362294 0.5659390289686851 0.5770303888983093 0.6255216976430281 0.5984209226994872 0.5716215732264539 0.5978874325885648 0.6127166546133431 0.6001125956164278 0.6577367116974617 0.6320688131735325 0.5817658793035293 0.596337120654092 0.6415675211832405 0.6178122079142547 0.6356387058114711 0.6025868977981412 0.5527740271491924 0.5440640345320079 0.5465771743584092 0.5709113659558849 0.5663833551725935 0.5570372456107301 0.5522188301596482 0.5417050062848221 0.5825234676763484 0.5530095039242747
0.6011481523784776 0.6062439104215719 0.648971446239707 0.6765551637356647 0.6836171964862409 0.6837933460563821 0.6947252894733335 0.6562374762297288 0.6503742273281358 0.6069401863472523 0.574185235246364 0.5519420857346302 0.5930739753844848 0.5999895477495147 0.5747561910366034 0.5504077310301864 0.5569904553530861 0.5908370734711534 0.595587730588951 0.6289505951814972 0.6065397914123088 0.6082228244351437 0.5721942033809619 0.5589963672122779 0.5767918733290721 0.5773271421342804 0.594891806411498 0.594756512962007 0.596686545832224 0.6046837851638601 0.6271628232733253 0.6031139614762574 0.6010539418546198 0.5848761557699821 0.5623868189851728 0.5276396156333512 0.5480091064941953 0.5673085747352404 0.5234234528281699 0.5706134844650786 0.5640470515394695 0.5545470234035932 0.5582294137255394
0.6515911231086077 0.6425950202155064 0.6705201357105234 0.6842648975946091 0.6881493571747621 0.6581964945532013 0.653412346909342 0.630624225597628 0.6455865090919763 0.6069370422881478 0.5903355847371377 0.5867560751087647 0.5605311440074643 0.5400989467487348 0.5261713882833005 0.5397896488224453 0.5380930312766397 0.5923871600235919 0.5738858121933386 0.5882714350769995 0.6157523939776992 0.5999404257928438 0.6037615822231728 0.5528900603977129 0.5686022670098302 0.5980334857658772 0.5797664011444943 0.5803256271428339 0.5868925406634323 0.6085995455253067 0.6251937259095708 0.6178738033959891 0.5504440893972101 0.567653061527738 0.5548487775513151 0.4947422726730542 0.5060679602736193 0.5260553921014415 0.5404187359430653 0.5622600582254557 0.576186006577252 0.5556090518197112 0.5459903418984434
