Raster_benchmarking/Raster/continuous/raster-290.asc
NCOLS 100
NROWS 100
XLLCORNER 1743159.3102432876
YLLCORNER 5469279.866833107
CELLSIZE 10
NODATA_VALUE -9999
[rows 19 to 37 of 100, columns 0 to 42 of 100]
0.29928304942216083 0.35575205707756385 0.32273203651032023 0.27540179020873456 0.22389450589100943 0.18961898372154656 0.1835019576586742 0.2088837112848649 0.18773547670572113 0.1463570143385594 0.1445360101314818 0.14306915337508674 0.13299908775818362 0.13601709198820786 0.1673700357602586 0.1868928460651156 0.1794982050315806 0.19730008103881513 0.2635719162568502 0.2678978939516192 0.23708714765873942 0.24576635782249523 0.24471006463817369 0.2917169279901999 0.27131745213815084 0.26128569338633917 0.29729566643230354 0.30003466511214893 0.26195809431329714 0.24635477649300977 0.25381953975987886 0.2338134932831594 0.21523566076939055 0.2174548358213895 0.2024225180220026 0.20848822654614171 0.22164753324984923 0.23399173644497687 0.22142800882406846 0.26875203630393385 0.2861215632359396 0.28319031290912344 0.3005676177477864
0.30702038596008924 0.33318146487224315 0.34448472265259644 0.3150613123657697 0.2436748850631061 0.21261329558555778 0.1750558179417735 0.17966080308636048 0.1656688053285193 0.1584832832594631 0.14620927579903806 0.14399583121354945 0.16075911404157076 0.1761582139804593 0.1782186263290121 0.2261522050087562 0.21924523209117097 0.2322419761355183 0.22052268211187742 0.27922841506344565 0.24847345528682696 0.28583879098798914 0.2879589637571385 0.28552295619247164 0.3075658413921916 0.25994009391276496 0.2825723834827513 0.28852256634480106 0.2680422334708559 0.2308836712311011 0.1986179618574101 0.21075288935202652 0.18081866220354917 0.18677236238409017 0.21213523584590568 0.22354171278758703 0.24705386233766746 0.26529526542313353 0.26813757828588897 0.26621313550287523 0.29294309542659847 0.3149391420693168 0.2996634442305672
0.32347846269653874 0.29450418320474725 0.32348758244651055 0.2802411466749237 0.2552418946350109 0.22215586793755637 0.22634807473467186 0.19510839480286946 0.23129587894596262 0.20552065580102524 0.1773821502107672 0.15626176995563051 0.17713676527708774 0.19817068907247845 0.2173947506366973 0.2316376383695057 0.24586560564295462 0.22145721649578445 0.23253503886090623 0.2693689496804571 0.2897985827434562 0.3124936701170158 0.2992262364791639 0.3093849444279854 0.27900250823189726 0.27113558024286116 0.25999339588784115 0.23811370244469243 0.23433169479059568 0.24047109295028637 0.2132526206396701 0.19645753348955558 0.17840118782731929 0.22386879439944007 0.2546258073093244 0.26709028804574386 0.26661072850411405 0.3025579259536292 0.2879649507849344 0.30141327743630186 0.3242366622378824 0.3224646902656052 0.2843296086846221
0.3173553879391256 0.296176284125943 0.2888745365988544 0.26643114328503775 0.25998182401179265 0.24931866598697477 0.21442659209984175 0.19785331358311925 0.24446708024818087 0.18632426377161634 0.1535025231657443 0.17549869806496896 0.1652364696197821 0.22621300278461934 0.2397555270513201 0.2477021854653897 0.2872395562648028 0.26712311942868316 0.216752698250398 0.2870757165698288 0.2913411852730865 0.30111618650248706 0.3473699242700322 0.3060952814706149 0.3275940375244969 0.3180123898683252 0.2718862013924853 0.27585362357045307 0.2253078769306714 0.23814873998568897 0.19347257871317064 0.23128408851808477 0.21693496271430907 0.23455473915525485 0.2158909554544618 0.2650704097308618 0.2933187742414722 0.2782419115187506 0.3083565936796754 0.30584977783993705 0.32830577633192115 0.31334383886788747 0.2738542117678485
0.2952158461079471 0.30084778459623424 0.26474464606347653 0.2648617370066994 0.27992536866793044 0.2770122994902816 0.25410051002278017 0.25257359045861405 0.24325686177529085 0.2221110734148179 0.18844982643415914 0.23129859143283205 0.250268376147009 0.2614806633820911 0.2770773916402292 0.25861927985113453 0.2794523935120373 0.2582416973387443 0.2378191144095486 0.2727090996370368 0.27733485562659266 0.3067954213844355 0.2812394045431284 0.30216814880110177 0.34324814963823114 0.3256258649869307 0.2608119980576664 0.254034172512856 0.2301038865390812 0.2178813423522295 0.22141851045531605 0.2411547993365744 0.2170165111720116 0.19488054799914023 0.22775894639975106 0.2560720472756608 0.2659402079431184 0.2654823731396186 0.284797891445818 0.3073581383363304 0.3555440751699709 0.32374747956932104 0.31449748336235556
0.30106037375588496 0.27254256698977736 0.2427611030338719 0.2534018435023096 0.3030464526273757 0.2895551675882983 0.2409153517068207 0.2365472510929355 0.2546806569041096 0.24263368331718796 0.21742287133962993 0.2542581885332295 0.2831703985917438 0.29191188977331706 0.30263095445321514 0.2534235859779641 0.2876190485019185 0.28527779199646786 0.23452811334068685 0.2702851290272239 0.27181950316642844 0.29478720000585756 0.2691966230525129 0.3370327069707317 0.32794221736591284 0.2827434570304539 0.2701179308925128 0.23704011807642497 0.2278050069437645 0.227313161276926 0.21670617383169735 0.20482194168569395 0.2228233202579005 0.18713744996627885 0.19966665723432261 0.20957276463816005 0.23805288401608063 0.24682067360814358 0.2853466705833644 0.32550485691171716 0.35181167148121334 0.3424575512988549 0.280133830956029
0.29720095760157195 0.2688435710102391 0.27224743117005096 0.2654702491705563 0.2909032763414323 0.2963144141503298 0.29917306194527515 0.2908983836391525 0.29332715094185624 0.2710459849610111 0.25353159655638574 0.27962628945166035 0.2903176986798687 0.3075270419979508 0.30410584019025977 0.26303150888974663 0.29171757205760707 0.2820025799312115 0.2500243813339514 0.24883690555547616 0.31079720771718017 0.3277287043310688 0.3225039162155061 0.34162574432599063 0.3213402297367501 0.29850329990287505 0.2982429590509352 0.26552323689718077 0.234731646901272 0.24788547644920814 0.24751510181561623 0.22710551231866508 0.21645824600372804 0.23654511256714553 0.23475689991415877 0.24169671126011483 0.2581887783983522 0.2839207795638292 0.270029650589693 0.30213672261042435 0.3154297591724571 0.29865301567391805 0.30485126842771276
0.28195262993223213 0.2614055137190089 0.2634780952196243 0.2643555027784436 0.25878136751936154 0.25531142089321057 0.2824289080467425 0.3101675339627878 0.2847468243541744 0.2660896657721332 0.2875287161449119 0.301514686836239 0.26400696230519577 0.27335233736805914 0.2759098724437526 0.2590697220006218 0.26027090893432725 0.273988712031037 0.23009599067796263 0.2638001818838958 0.3359648526954796 0.31550830225937565 0.3239678520300538 0.30731014872291823 0.33874849556149655 0.33605971416841446 0.3293944468041979 0.27557360262886194 0.25376411620346245 0.2396886223839959 0.28215847438563657 0.26734073434127203 0.2957758593360977 0.29712511518240015 0.25334426383059155 0.2900179345447245 0.31430133406096994 0.3222627067556859 0.2695789021028752 0.2980547287928732 0.29063139975916275 0.3422702626005208 0.3701515443186095
0.31084086983654907 0.2769477576095529 0.2883985172819315 0.2902073105364894 0.30590208704256805 0.2817470675701939 0.28194916421959704 0.2724814119076196 0.26735311677879714 0.272352449615 0.26129694208538806 0.2791320243371463 0.2856549346889575 0.2855963911924332 0.2760182085059028 0.3016336714076954 0.2547193230572527 0.25978224564022473 0.2648754613288037 0.27380986055903883 0.3233872389486155 0.36179229901289567 0.33793805945320476 0.3283032143703318 0.34121406864548914 0.35123684891187845 0.3219456180463519 0.29827500253293693 0.2872214326999641 0.26587552400134684 0.32104464771137575 0.3413287349972401 0.3475412600611647 0.3091455107089319 0.3395003621103291 0.32876139199909 0.3139091534593817 0.3357418060225648 0.3349985600760042 0.33382321089855493 0.35153731946204786 0.31478345689394993 0.36270077208367374
0.34048720416332917 0.30409423980016137 0.2575213315645513 0.2695768548707905 0.27810579912628397 0.26331922237894434 0.24865092421445847 0.22684368458970372 0.24873396087099703 0.24258820800544895 0.25767679444093045 0.2544695973219561 0.24900261372258772 0.28332594342474526 0.28110490299755014 0.2674406755010092 0.3121773682953293 0.2878912221577328 0.28664813043007165 0.2855858111295561 0.34087645603360306 0.3780117648425706 0.3536616186176029 0.3336064541365177 0.31569913930971955 0.3344169919592122 0.3207237255680062 0.33238942857893444 0.3135205534441655 0.3262487749611298 0.3209980837680653 0.38135299177473075 0.365025281837738 0.3368873589264364 0.3708397642602843 0.347488162370444 0.35786861697382144 0.35233529782713807 0.3427335340603995 0.35836251695031635 0.35432583141505347 0.3473288212089919 0.3157333893953803
0.34766142433120234 0.3153122933496962 0.33056472606252085 0.3266043216045829 0.32257609781341173 0.28268917467636157 0.24909736545892322 0.23668942884681843 0.21179101748532272 0.25325955902138725 0.25890902436003155 0.26124954994319216 0.257573429676178 0.29127367542032684 0.27687894157796406 0.2742051713729641 0.31740306006496927 0.31193983458523816 0.3462809091506972 0.3357019418042107 0.36019821299879856 0.3911291010522834 0.3702758432532372 0.35992819788639685 0.3451094225421534 0.3745969963863474 0.35435466157949636 0.2986791667244566 0.3508406629379777 0.35774605751991845 0.3694400196862165 0.3815150130502809 0.38669487207422326 0.41114475139767764 0.4126430599476701 0.3932881545135254 0.3728299771993102 0.3758347205764225 0.36102659888086147 0.32140204154320345 0.3427369504261094 0.34518229720410004 0.3614681803320609
0.38470983036163253 0.35995619397810147 0.33093490935195563 0.3403153398908391 0.34334520648306616 0.28357933749479713 0.22985372408737037 0.2431758069597386 0.20516021190911937 0.244160711167932 0.24055690118267792 0.2652007049372798 0.27788227000594784 0.2839621375995544 0.2732548270137219 0.31881083086902057 0.3332718265411401 0.3304235203979018 0.3926921021856241 0.3523072959699169 0.3851593707356398 0.44083696110524856 0.4418956295042882 0.4353455242589734 0.42044345057946114 0.36008734439739354 0.3407222372491939 0.3142666432352512 0.3351363768630995 0.37375776295889745 0.4168888185853253 0.4470614257718852 0.4650287650748006 0.47112356045309567 0.5062737371077569 0.4107840920892014 0.37000515809582696 0.40158193620389365 0.3503339678996759 0.3751647652341903 0.3370148668409733 0.33869012635893236 0.32220448350034137
0.37074622061932666 0.3884130501288363 0.37999851834781706 0.3685733015105771 0.34362270972849296 0.33401773069350404 0.2772698227549202 0.22309941374457612 0.22569375515833084 0.22534327612898417 0.2633831708157245 0.25596516584204704 0.26004605178044726 0.28729445459335123 0.31829282477932713 0.3314924897360935 0.35493704687690314 0.36938259135950674 0.3652934104245598 0.3968513219777255 0.3900430294803167 0.4294519513529017 0.43131846421067677 0.4652557360577581 0.4605534520943513 0.4046460848935528 0.39349984680185074 0.377521325292479 0.3702471206729515 0.43463298474793544 0.44382543843381944 0.4560692826037373 0.46528914429836626 0.488713165847904 0.49506911753334243 0.47747135100781757 0.434914321058431 0.39317538212147574 0.4174643592005786 0.3856521738708567 0.36939509149831 0.37937004136419805 0.33150309297943276
0.4275140662339499 0.39472043045678823 0.350464999237523 0.3671167862134569 0.35672313334387906 0.3076567298386553 0.30544395201347013 0.27252666988644875 0.23700408964885172 0.24100485871710614 0.21883061109323912 0.23387722029176242 0.25798784088002535 0.315623026854002 0.3515696510094891 0.33403670221508064 0.3628052187143456 0.35254512524844667 0.3917913137470933 0.39912691240617165 0.377626808242127 0.3967958077127866 0.42636508562832476 0.4463228844669019 0.4679668668131811 0.4433655009952385 0.4379713678491487 0.46571510290820073 0.4510673837732625 0.4535304290086904 0.4711228069033788 0.4826091825068768 0.5107305370350682 0.5047977119433613 0.5474071973069584 0.488480012155473 0.4525874350436022 0.43145685930717315 0.4260149876527623 0.43925266247378475 0.41526484768217253 0.3916238829709759 0.33728108370360577
0.41373888714746754 0.40073507340309894 0.34794738499915556 0.3413214688751381 0.3277155137581299 0.285023172152767 0.3110925101264455 0.2796662209974178 0.26401825025171033 0.24524952674465483 0.22463875983842801 0.26067237402921994 0.2834706948610665 0.28996312374554245 0.33299114349814796 0.4004653175419554 0.3768893740491558 0.39189390305646765 0.3993242921444266 0.37491401727763307 0.3783089690866002 0.42711352998274227 0.458789486648379 0.4599217198046059 0.4925769294607872 0.5055772437767356 0.5166711105554059 0.5057166543601509 0.49475431762613453 0.4839470209329219 0.505520647336826 0.509330307225371 0.5393304578943171 0.5193645479836618 0.5343408474356759 0.5062731951871905 0.4926340036101453 0.4896416604222865 0.49625500382919624 0.46089496047388234 0.4131697289573606 0.37396189473360714 0.3550174053643942
0.3980518176080317 0.3986023463814618 0.37107159253449956 0.3598462059503249 0.28522161954426045 0.27286125459731325 0.29776505755836224 0.26508420256537957 0.22463250324496667 0.22459074627575434 0.24412939056684926 0.2610045946550727 0.2521313165716402 0.29574912902259626 0.392069046978414 0.39208834180563723 0.3942638238252373 0.4039933036074852 0.37133224130946496 0.40124208531408806 0.37812383159758073 0.41065706284056097 0.5013439715557239 0.47288548570292305 0.4972340249359402 0.5011237824097083 0.5786764853939967 0.5140564859648575 0.5010288590358065 0.52201651062733 0.5200191911143356 0.5378769046912203 0.5484787517243698 0.5317960988738802 0.5391817942920154 0.4998520128862006 0.5234615252723508 0.5177115174967276 0.5036880216631426 0.4626303224234078 0.46028717018370807 0.4274100472176977 0.3742372247069621
0.39674059530398154 0.37947979462068376 0.3651186233338601 0.3435917466928678 0.3160703335858191 0.30306873225513126 0.287016156441226 0.302864282040632 0.25167578978126526 0.26450343911255647 0.270913972944135 0.29287575396737286 0.27902326637998653 0.32405143443421447 0.359493509065403 0.42191014501133445 0.41764284773700855 0.4312022059090238 0.37699969516813414 0.3811392373219878 0.38840998766942303 0.41933099532442825 0.49625140328864686 0.5009539582278677 0.4846595457465345 0.5338964811478676 0.5571764980944678 0.5416920192967277 0.5066176767079392 0.5167681589936566 0.5491264525662791 0.5518146718859873 0.5632744559207182 0.5285562559781706 0.510591476299735 0.5303389462682478 0.5782279754189301 0.5643292904031642 0.5488335004676552 0.48427681874358564 0.47967547586861226 0.4305312902898498 0.41622379425857503
0.33048368332307587 0.3616651818204014 0.3447820074034212 0.33084802172751493 0.2859500695821348 0.2899560303476734 0.32579468069632955 0.3012937589450333 0.2813508647502818 0.26176191024536605 0.2824307649595083 0.3070082841916827 0.2940263357096938 0.32790965029983965 0.3765921978141968 0.4202772243394685 0.43117783365906087 0.4076897285366889 0.4270831328598215 0.43954492151802044 0.4301493909490982 0.45374962681932607 0.47933246098311827 0.4910505239128502 0.49917058023696304 0.5457351682561232 0.5702229725324871 0.5881778313856321 0.5775782707332304 0.5609902340862915 0.5603427320943447 0.5319028784998359 0.5219338514475627 0.5137480383669064 0.5347659972707874 0.556072670699257 0.5971916585176411 0.5788563895836464 0.5450984460387284 0.48615911885340923 0.4795988062455391 0.4623610785121499 0.46258521843548944
0.32855385861982084 0.32983636670194605 0.33505118276947066 0.28739253410985705 0.32430553662269423 0.3164874453356153 0.2981863127973561 0.3008826716602692 0.25588220917432375 0.22483062601856516 0.22944743209480237 0.25249818825859255 0.28175984863165576 0.31723160633866454 0.4054444285086146 0.4349623623107441 0.4241676251859643 0.4391514960574304 0.4253435847712497 0.41861162333617263 0.4596559456165944 0.4574698826741835 0.45520671272279406 0.47334949721117137 0.5026173443905796 0.5260910085339454 0.6019043062805389 0.6224467047726694 0.6063520335558852 0.5634531480187969 0.568286773034487 0.5689385295437908 0.5381360559311346 0.5813931841021094 0.5996721237090278 0.5945365684021183 0.5966120612784929 0.5456371064243947 0.5179585561832916 0.5511024102180286 0.5422005621052188 0.5084837246279702 0.5089495961854102
