Raster_benchmarking/Raster/continuous/raster-207.asc
NCOLS 100
NROWS 100
XLLCORNER 1743161.3150848777
YLLCORNER 5469281.621664909
CELLSIZE 10
NODATA_VALUE -9999
[rows 76 to 94 of 100, columns 0 to 42 of 100]
0.511322907355016 0.5127057258839666 0.4999744619211473 0.4988011140724891 0.4906957077131879 0.4548371040917785 0.46866290235761776 0.48911465713562197 0.4752195446146983 0.5018661656470522 0.4834045108997727 0.4708930509632174 0.46973137858387803 0.49549868192816515 0.5048036236362413 0.5383528878578526 0.5291585706098694 0.5431346573486746 0.5395172336733928 0.560310662472125 0.5631202266288361 0.5316782837695749 0.5615881963144614 0.5549786027046474 0.5666331873050113 0.5494282794785351 0.5440410484998353 0.5625913577510812 0.5471626067082266 0.5131287258684012 0.4740018762738139 0.4624298653287114 0.46905941255180034 0.4756614709901871 0.47644754335732964 0.45654373192099484 0.4694834587379916 0.42670297396252443 0.4105688331003337 0.39291192642028105 0.3922907491487093 0.38972970066687457 0.3695092209264674
0.533963837279612 0.5120286891905443 0.4969022477908925 0.4932674797598764 0.4443913415055098 0.44100774049742286 0.47306851054204063 0.49267557199618245 0.5033696341269526 0.5012392195436566 0.49866523656008443 0.49505439077269986 0.48170150573577264 0.5093523970364735 0.48727852011475675 0.5119089801064012 0.524926006971422 0.508310082983268 0.5172373889209646 0.5402706944401957 0.5555161381689302 0.5334320533863866 0.5711331455036156 0.5410124929073228 0.5271421050864155 0.5700033947131679 0.5675431579045708 0.5728031041581051 0.560749479413967 0.5198147330513292 0.47427404633391174 0.48576713401322896 0.4431826069577809 0.48726568883931226 0.4645815752942492 0.4393000189491389 0.4437296774164201 0.40591955811837843 0.3791243038711555 0.3744677488751395 0.3955308464190481 0.3833728708458498 0.34385916181147874
0.5389618165513004 0.5073749040279183 0.5045627501784508 0.47051469076614916 0.4869789784506124 0.45594852414618153 0.47265366776040796 0.5196716875626294 0.5195470587350898 0.5182615888506705 0.5129909478549671 0.5067976992783039 0.48704939741782016 0.5090882146814033 0.5283494784201246 0.5146945498393017 0.5264243812256522 0.5150625314340055 0.5247287638883164 0.5223642592223275 0.5356445388890553 0.5400870898191049 0.5469776749815084 0.5478041928605591 0.5229634100671618 0.5473183892021339 0.5726339078088871 0.5740564150743055 0.5229811344882616 0.49626899351335846 0.4950898242487776 0.4801634799817497 0.45690453950748516 0.4768763635764463 0.4461226123825952 0.44340513740985465 0.42642395651659115 0.3865189037871743 0.3949865490294186 0.37677842356815977 0.38722727491400827 0.38498303858199123 0.3262629835828614
0.539402749593937 0.5252149915610578 0.47096304221698626 0.5108596442974441 0.4986340289316794 0.46525417681800935 0.48176997083432094 0.5018355281387524 0.5312671053969252 0.5476935160391598 0.5444825008487273 0.5471899846830766 0.5261644889455575 0.5484872721637267 0.5462728952545614 0.5421713642165524 0.5345415861540636 0.5008524323031639 0.48061923561374265 0.5184260800982121 0.5423111846561236 0.5457706932059502 0.5568474417956429 0.5187029983303079 0.5078378597693298 0.5198314187993204 0.556573714831612 0.5472558361741179 0.5225156599538489 0.4984614509964493 0.48855842290910395 0.5074573867873136 0.47112579398332977 0.48055865893653477 0.47030135643294796 0.43152845900717623 0.4162773706649966 0.3882087004515564 0.3983704588189465 0.3671126267481792 0.40066530218121776 0.36066872459553717 0.3400309362353752
0.5324496262801494 0.49098406077861545 0.4905743919006285 0.5131514525870937 0.5271199045922655 0.4891042499232525 0.5163243235584286 0.4971314205345832 0.5403340266609808 0.5287548043732633 0.5340257375708137 0.5222711080788706 0.5527178911840659 0.5352378479909783 0.5385613376181967 0.5500996008340024 0.5158265020447454 0.5084399647368146 0.47809080761080064 0.49015655218380433 0.5266857759625654 0.5127391635518409 0.5297589265081332 0.5114500524757642 0.5121990939933557 0.5168790803091374 0.5583885655235916 0.5489654534154271 0.5089813368735436 0.49473146199036583 0.5247679325346518 0.503775121676276 0.49567081864753065 0.45153697726268327 0.4311625793842126 0.4418554497576043 0.41115635250760874 0.39676892047345147 0.4101562466381856 0.38120268194343776 0.3685080718171467 0.35432413325232875 0.3407822185591138
0.4884831076943764 0.4662879672582611 0.4884717592597438 0.5254391608126854 0.517806281914663 0.51170341286427 0.508900595761262 0.5158996772812241 0.5195562735435887 0.5365864287652213 0.5329038657350043 0.5197860419831235 0.5461369113681391 0.5389431308514244 0.5461698733863822 0.5245708616298491 0.5036195268786247 0.5041284713258959 0.49502870361927453 0.46113544604148515 0.47602852636619036 0.5014847170270655 0.5189744087639003 0.5297630250927688 0.5425893768068059 0.5206392957314284 0.5235399186750971 0.5263980853519553 0.524801085365457 0.514787251112716 0.5240203590395132 0.49268925710907563 0.49361260866726053 0.46033170579506233 0.42045797336547686 0.4229211035310238 0.4370090902235332 0.408077566910708 0.4106570735938152 0.3715767372744681 0.31554866767696493 0.33377679123011816 0.29769651566775013
0.47244630480806954 0.4819377378860791 0.5177238078224268 0.5199268531366591 0.49797574379999787 0.5052144306123961 0.5185800912836822 0.4917329204482225 0.4829306050919792 0.4876567996879789 0.49871558618393247 0.5307075379142859 0.5040620132049879 0.5225060719125985 0.5000736797390329 0.5109384607155384 0.4950934603570221 0.4852003875086253 0.4899237881977779 0.4732546407491657 0.4623723373309298 0.5038859561892004 0.5255489187295186 0.5369803642570159 0.5125690846644496 0.5324050766266768 0.5307398740925224 0.5291484231201817 0.5069794110346731 0.5052929028698208 0.48091406259005515 0.5046298657865896 0.4658637693506061 0.43770672245166964 0.4091659704974671 0.4310021693498621 0.4259275076863836 0.38672445026120983 0.35091006051449614 0.35050215243351157 0.32717675763462856 0.2903111193105437 0.3039871610687447
0.49310853035081714 0.4783973069671998 0.503189349942199 0.5272312042368474 0.5089586455886469 0.4885615803688855 0.47923215760726395 0.4613126548072994 0.46643377663259267 0.4841171410426875 0.5191593040700625 0.527345950400801 0.4943893387768598 0.49366290972646815 0.49657317928934747 0.490731154904643 0.45745297381942346 0.48386045687129686 0.4800743875555865 0.47835502419514747 0.473347290336265 0.4860788690405928 0.5141456903053248 0.49097532564175983 0.50846403808631 0.5113281015220232 0.5049894943050185 0.5028663051964889 0.49958480386266 0.4675142440474836 0.44904891859074714 0.44231655702755623 0.4664705680870995 0.4187836240688134 0.43666360236350227 0.4312971322093464 0.3773041785997624 0.39791298045866474 0.3406523643514702 0.32881984921381807 0.3057705090613929 0.31404394096796895 0.2933121022892473
0.5188123778688857 0.4989448368306598 0.48253510020619195 0.5139290084370294 0.5219927629606896 0.5009750774878099 0.4660906910746936 0.47186186293589466 0.47852470217611365 0.4995456498490842 0.528718548361345 0.5065973436612482 0.47845965077461217 0.44637424748130383 0.4545414520211203 0.4343930771892617 0.4495400867144047 0.45308660557069724 0.4501452730130673 0.4941807277538941 0.48339134625042934 0.46798115850248884 0.4918024923246872 0.4924180551099477 0.4813865804564574 0.5147361535043945 0.49780599880439474 0.4897939780355683 0.477024414970778 0.48202142148584914 0.48818525004247326 0.43998416470854423 0.4326119995920999 0.4185462518333289 0.4233496947097844 0.39973711698689274 0.42830980739824676 0.4130744474503088 0.38115956439064114 0.3637272612998033 0.3362664821142665 0.3265579681246481 0.30753731529213635
0.5143649645982475 0.48768270838010785 0.4996216868299752 0.5147917895472209 0.4891140771123409 0.4982677949366092 0.46584686895106237 0.4743287723547134 0.4302029839790587 0.4851366153602612 0.5017540848615129 0.49303789470067827 0.44523792984537586 0.44535933901591424 0.4228111148081559 0.4454631974535846 0.41060866954378766 0.42648991581663825 0.4430260989891952 0.4693366997744904 0.5137950809109085 0.4745556228410032 0.4477518860568585 0.4745170804470909 0.4626030630536155 0.50769572870746 0.5221683007022058 0.4674013058718142 0.47745980622117995 0.4712200611285214 0.49353029885753796 0.4643409895207547 0.4255297259274115 0.4211490733657578 0.39970399907627874 0.4314667866966729 0.43979338806252555 0.4214726317948022 0.40249426092405427 0.361145582193918 0.3229455328135641 0.3188591840344841 0.32360657336824455
0.5310277210442713 0.5247979747833522 0.5269446864872701 0.5342871424967917 0.48823391151989537 0.4905800714040286 0.4602575780569616 0.45873849456240595 0.4571061304012413 0.4699229635853751 0.46736878318066427 0.4574242950807544 0.4267672343756937 0.44222451586303496 0.4133632728148114 0.424286300312182 0.41738449162794344 0.41196926871034734 0.421729073514332 0.4770529400230098 0.46436922238922795 0.47240075457873293 0.4428616626736138 0.40865392952722734 0.4549783697900442 0.48034058162394005 0.4685102062625625 0.46748748621381425 0.4745273183518799 0.46613187179186866 0.45624370481644877 0.44340516031613875 0.4305514311118983 0.42202976878399856 0.3945786483535142 0.41810591685659576 0.41042534120033 0.3901664479801182 0.37942643156584566 0.342592343021709 0.3188999195342399 0.30732176297630204 0.2979157937585275
0.5139248040075013 0.5571807735225863 0.5450520872462487 0.5193367268896438 0.5282627294455914 0.5103162125677418 0.4716965118914991 0.49222670861134543 0.4780715246258947 0.479499219723995 0.47322453198853925 0.44580357494919737 0.42506585802920416 0.4346268895923618 0.41967808972881776 0.41427351302786636 0.42777833764566575 0.3960434878865609 0.4294236236241993 0.45881115379830534 0.4455455653580838 0.4535953809863662 0.4011542069452086 0.3884410367276197 0.40928407568960656 0.4763284550548123 0.49161537906816966 0.459142842601361 0.457325447199899 0.44809998528700923 0.47286352168043083 0.4713386537096572 0.4540422557477875 0.43622326177836407 0.42745022610567 0.4282082504072343 0.382869194685631 0.3904169729873634 0.36062318081201483 0.31329025045981784 0.32552407336679146 0.31333853078598783 0.29863987913660983
0.5588618412608807 0.5584550983697486 0.5269769353401337 0.5548926409115583 0.5326745759682777 0.5118409636947108 0.48522456693094485 0.48759535177121693 0.47444566523641546 0.4929877293475664 0.47445151030772736 0.43801298012100987 0.41162747172191794 0.4019009567917128 0.3792412180290117 0.37436323197295085 0.36312426109935814 0.37413608164396417 0.37910036868676594 0.3925328772958207 0.37826406842436383 0.4063171471420398 0.40381186215084575 0.4084617394275767 0.43439573465682535 0.43796239454136615 0.45036304980027203 0.48828455691310635 0.4615962611591102 0.48478578025662794 0.45158083077073696 0.4648696636787982 0.43840295845384936 0.43694607954363857 0.4398480460988067 0.42504707173130546 0.39296451353067097 0.37073380992774685 0.33152813764314487 0.3157393599364938 0.33341011892680233 0.3362719934320322 0.29588890935163054
0.5799584248231978 0.5387226025475832 0.5359120857563863 0.5665347284506318 0.5690675284985367 0.5152498661833721 0.5133066487574162 0.4998270393261529 0.5190137505238851 0.4911803861171923 0.41916433998521396 0.43010600174377245 0.4066822585883943 0.4071288373254745 0.3636628461300396 0.36301932933552955 0.3398367354447207 0.3554509673518777 0.34830680360927246 0.36129575572649053 0.3597888765658831 0.3972772923290845 0.38828907560988984 0.41221923988578346 0.42015836510383725 0.42828180756063894 0.44567102967530026 0.46679457050738676 0.4866876156100309 0.47795737037556546 0.4595543283029905 0.4477892764650893 0.43313100035286056 0.42379792099656344 0.4431651644158838 0.42084279181445283 0.39851950094559574 0.37944418809783553 0.3256194204959841 0.3126835882613786 0.32036628263697964 0.3097719210325782 0.32284788732515474
0.5602288464019524 0.5477073063503675 0.5272713364306669 0.5320993257156182 0.5580844281069623 0.5478554337026176 0.5177944800136534 0.5145522736028721 0.4791181075344349 0.4729937089476225 0.41055782745230757 0.38169588386319137 0.3854294883046978 0.38315382808209725 0.38684738817729974 0.37294385184206946 0.3644743688043619 0.3877639512261452 0.3527121260456732 0.3499213124208767 0.3351743280914433 0.3434371818984347 0.37228262371027154 0.39513812397929726 0.3946521446652802 0.3994301511319846 0.4525188705326058 0.463325427909178 0.43820655566281014 0.4332991277409098 0.41166864166697426 0.4372791157538575 0.4354625499694129 0.41712684456380156 0.418608327899383 0.39545747466269593 0.36728314944064205 0.3602798981927035 0.3268998150941613 0.32152224850920286 0.3200644923071957 0.3150090293606394 0.28015154970750256
0.5798357703881517 0.554214507671347 0.546419721671407 0.5279391591864784 0.5554024556178006 0.5424344040712881 0.4943591784349638 0.5174681434556418 0.49125446037673975 0.4350707606328173 0.3923071716619581 0.3727945226957794 0.38537291318323597 0.3955409124679895 0.40248347761988973 0.3770094247409916 0.4073614095295903 0.38834788318182206 0.40234671797067095 0.35568235119710406 0.3433150313418044 0.37412738403856727 0.3543901388324455 0.37979110772355057 0.3680026401492576 0.39750622847831774 0.4374475431463823 0.4536389378053529 0.44726622230109775 0.41888556023242307 0.40654511819018607 0.42998489113241833 0.4165512867201649 0.40369765769110555 0.36206301352554066 0.34389335974147844 0.3598201247881495 0.34943086724411543 0.3292431193111938 0.3050757276040272 0.2812952374442658 0.2575753235342355 0.25801575781420033
0.5587001340536177 0.564747473710497 0.5476689624834472 0.5463556222526238 0.510030505346887 0.49397237822385875 0.4932929295782744 0.48781895056618313 0.4462663707475259 0.4255772122939621 0.3874171645771009 0.36168486108292414 0.3883498215050751 0.3841998948535011 0.37758491554138796 0.38795445775923937 0.37365517698215367 0.4127975159641086 0.3925288862403996 0.3870449488263485 0.36918490934023335 0.39316774587256065 0.39484033032957655 0.3822437135080136 0.3963899661735738 0.40455938810490555 0.3902848270443086 0.3973115440513883 0.4046761820408505 0.3785524514334588 0.37951504042491757 0.38479113782704455 0.3831582884895111 0.35425687940805495 0.3493200433239339 0.32144513152013504 0.3146818374301702 0.3202003361079763 0.31772749279530255 0.27638233618458846 0.2640978189238973 0.23410396217582 0.25534256668753064
0.5428424420131028 0.516813953825281 0.504729134108003 0.5092132633928756 0.5276706664211613 0.5035226989807703 0.45538374302893597 0.4420452958074624 0.4218297020000728 0.4063155717647036 0.36472801756978684 0.3576381242130728 0.3681679131492573 0.3627622318703738 0.3386235574714361 0.33767057750930735 0.3729214643600387 0.3839048644455534 0.37682974018923554 0.3633677696584845 0.39915380360245634 0.4041057684712744 0.39594166337216663 0.4056139235018735 0.39279206103117287 0.3701637970639298 0.35103534805375286 0.37433489306284623 0.3891472848388233 0.3827262673587441 0.33117685861037455 0.33388105223414727 0.32011960359692965 0.3254085635118738 0.31844351139678617 0.3048142601318603 0.3144816802516031 0.2978917232224903 0.28167588658249887 0.2630735129615621 0.22996170615309094 0.24971831926296575 0.22718206742627312
0.5137186268046489 0.5193062500809924 0.49881168930349834 0.5157755620371937 0.5021704930040651 0.5021440144340407 0.49330503836333506 0.4607387756854792 0.4258999272138606 0.4034344521552345 0.40124563676910197 0.3597659660241434 0.344564542393767 0.3336631315887515 0.3572431178422691 0.34271818291590006 0.3348417359134059 0.3731045961026275 0.3942424889448556 0.3802293399044792 0.3835085680277102 0.3919529048715509 0.3743635856784158 0.39564002093745865 0.4036218218579727 0.3684132371971446 0.3392865976815953 0.3790314760142268 0.36961400561914853 0.3645570935175689 0.3461617934055388 0.3146838107884026 0.33617853804296444 0.32185208881515204 0.3027376478174925 0.2962105191654148 0.308251710896396 0.2693974776479062 0.2861112841963033 0.2782533947138431 0.27449188416195647 0.24803613483434167 0.24005382010594026
