Raster_benchmarking/Raster/continuous/raster-289.asc
NCOLS 100
NROWS 100
XLLCORNER 1743162.3505446136
YLLCORNER 5469281.49312138
CELLSIZE 10
NODATA_VALUE -9999
[rows 38 to 56 of 100, columns 43 to 85 of 100]
0.7227344275589931 0.7246109414751306 0.7687231354248288 0.7361497796007981 0.727922597842747 0.6773756721530371 0.6601731281039667 0.6203480052913659 0.5840939965307781 0.5540940119241919 0.611014448801485 0.6358038626494311 0.6207414410611453 0.6716435556571658 0.6767723099401919 0.6988068306300016 0.6948706369543395 0.7758445028217412 0.8482496909127035 0.8722001881134529 0.8531176732319944 0.8637351448927147 0.8789863552640143 0.802164315048968 0.8047900754540324 0.7597531490814962 0.7661874070484266 0.7486897559936642 0.772172123241992 0.759917210495641 0.7533521666193955 0.7403161597517137 0.7598442501892135 0.7871799456620857 0.7634002679654246 0.8141468139740884 0.7785571584569934 0.7799885119673126 0.7671503201767815 0.7513551754180764 0.7180582149632672 0.7277665962239948 0.7968056740726904
0.7648484026610701 0.724193635202732 0.707570632851094 0.7205323662686218 0.7121018671097723 0.7429795586021883 0.68468144557328 0.6561533342657463 0.6436101614664811 0.5884488155051556 0.6034815067287277 0.6194928902181135 0.6332973990147357 0.6054911162880025 0.6495366646249658 0.6451772455809822 0.7362166728603814 0.7781523469736683 0.8353235882661617 0.8879197890262366 0.8635304484475891 0.8783676644428383 0.8459132132829558 0.8540886954555337 0.8342449556473264 0.8146520862815384 0.7373340317036354 0.6978875616635041 0.7873300347705716 0.7932227841017245 0.7770663031262249 0.8357004169780787 0.8314447799999168 0.8621477261388227 0.8518737312786686 0.8269316563603979 0.8445890367867395 0.8088329165792604 0.7826941520850028 0.7551413961674444 0.7620937117365871 0.748863510194124 0.7739830194263504
0.7606064330798167 0.7652706463628292 0.7501134718153455 0.7604026279802393 0.7589568863629587 0.7363435885020414 0.6770494456338292 0.6413429016373062 0.6240749586362794 0.6183748554710369 0.6139949496002554 0.6501329786664438 0.6482923537745992 0.6563484633789591 0.6711834947129953 0.7001018745232256 0.7431060814629284 0.7720824133697373 0.8009238650880293 0.8220245806509282 0.8668678253865825 0.870560002227924 0.8584035069767186 0.8222925331188934 0.7999666909027519 0.7880145312996026 0.76210101693602 0.7528234507434638 0.7729960627313418 0.8031664718141808 0.812355459669566 0.8099162628884341 0.8306998051859925 0.8883306876405537 0.8918618410811755 0.871994304331461 0.8928666649631746 0.8692606204355703 0.8651382144590085 0.8518933617881475 0.8059447542184391 0.8286266372262353 0.7987203158764404
0.7436068479372109 0.7256581192728107 0.7526727957525995 0.7809772598305751 0.7655978945726664 0.7680424977083634 0.6862113481175883 0.6530310424406238 0.6221341523527348 0.6277746184647166 0.6368958843949095 0.6176855962369805 0.6622968202122266 0.6688892165706869 0.6837552923557844 0.7536987380383577 0.7633495934704638 0.7578952319521369 0.783330433929896 0.8112177256666305 0.8467338297639767 0.8279161078002552 0.8220218387233831 0.8343981874986611 0.8143503079559654 0.8178180683856122 0.7869351036935129 0.7787117640976352 0.739811599532715 0.7770738462248608 0.8289177093698666 0.8131316056583638 0.8501821112213686 0.8542706136505215 0.8808938549638328 0.9184803297082486 0.9142219522300916 0.9361966578985831 0.9126355736039797 0.8723479603546714 0.8285149339993979 0.8531192582635136 0.8227393822731672
0.7193236036271483 0.7448465714447184 0.7783167643252183 0.8237516340569804 0.8078764901987736 0.7901504150071949 0.7231661365040374 0.6753800351473973 0.6428012055649818 0.6124653721948119 0.629486011516558 0.6536035777303693 0.6584336745920383 0.6470750684786942 0.7210327677956977 0.7589264033651559 0.8154416982003007 0.7845133436963592 0.8423754378812983 0.847250276334566 0.8709176603652796 0.85339923625131 0.8084466914864848 0.8167901734090017 0.8055712863596508 0.8199552875951677 0.7983844838277722 0.794227469463073 0.7535406758447977 0.8115377900140733 0.8512764049941655 0.8562601610155766 0.8519172634970286 0.8709871898113201 0.921254538336412 0.9792583026497548 0.9612003357490811 0.9733876437866975 0.9389829110761821 0.8946760284442925 0.8672335391594556 0.8783187061931772 0.8849529832210667
0.6779096654333614 0.7680245772033356 0.8234801793984899 0.8638588618334738 0.8358547226490345 0.7841831839922427 0.7037198925937771 0.6799612640237634 0.6425415682167663 0.6667174879731527 0.6805739150663721 0.6457789305852403 0.6901678642237944 0.6556380118502354 0.7626565251252803 0.7924465392805511 0.790870945318957 0.8302354150996799 0.8685962566510496 0.8755705948678613 0.8280292743058681 0.837744008548728 0.8098333854744657 0.8304660626635442 0.7893282356261826 0.832886309815461 0.7532102569648533 0.7317117906646502 0.7812336236151118 0.8266037903152188 0.8680907275706399 0.8805539893741665 0.8763906021276858 0.9091563821841406 0.9392560028770442 1.0 0.9701504763279496 0.9306268337376287 0.8995134346598351 0.9492659298887433 0.8783790307269219 0.8614551558089557 0.8558341056884473
0.6775643609282836 0.7196389110268798 0.8215774690680274 0.8544894466963234 0.8113165070742254 0.8106910946696494 0.7390411587673097 0.6936476786342702 0.6700929764094721 0.6775830357574091 0.6731695885628192 0.66123539282898 0.6801337315862938 0.6681219983413401 0.7517673693508633 0.8109987576440363 0.7837946821674853 0.7885322498630295 0.8003897835313364 0.7819737756796153 0.7854587678000651 0.8258768395869869 0.8022665703484011 0.7902810253347801 0.7925927403950396 0.8066541845347721 0.7356388947201002 0.7574557876382833 0.753361195739825 0.7768958000741442 0.7976169850303967 0.8316311492133487 0.9033386871043037 0.909850361324337 0.9342249909539362 0.9537616900921284 0.9398011918481082 0.9150021644851133 0.912235238326685 0.9402425787632437 0.8947548083542918 0.8490327950776051 0.8700205252765435
0.6945236487224362 0.729338963824601 0.7890124215306403 0.7941823254156493 0.8326494081187814 0.7915445784421844 0.7965233970032431 0.7415555476325837 0.7330005563089423 0.7088586903760247 0.7203321891809176 0.6464877357869602 0.6844824534825027 0.6983185241232104 0.7246685698230994 0.7950553511127272 0.7842475713478292 0.7751300171817831 0.744450721400863 0.7490310781404657 0.7516556135315252 0.7944663216837473 0.7692472673347464 0.7352520217573628 0.7645997710612696 0.742998637097076 0.6836490452368083 0.6922937796719426 0.7521313533488148 0.7644663794325128 0.798100640567265 0.8466986400639722 0.8628433895087758 0.859407504246129 0.8822315088859934 0.9603266653032548 0.9536600522629192 0.9476660282311524 0.8928227808569327 0.9024019373149753 0.8967520666049611 0.8851907710276277 0.891789036931539
0.6849249637948924 0.7259529315200325 0.7382068730597946 0.771442575824762 0.8163726340901283 0.8003938234527015 0.7937849462923634 0.7763465773916989 0.7620950188818169 0.7314064487696273 0.7197255573599487 0.6701400293740691 0.6731510751038073 0.747453919584372 0.7736998175916517 0.8050424462819952 0.7668019526705224 0.7431897638619018 0.7439921040359349 0.7592020089271615 0.7315697576946016 0.7459882587059027 0.7561467651070339 0.7431015116430087 0.6950839492247852 0.6848049871478281 0.6824337454441324 0.679716805045454 0.7230586293103441 0.714783336351909 0.7827349444344 0.8157533310189398 0.7920819096249564 0.8647955513895715 0.894621292774002 0.9445554692581895 0.9237906045544954 0.8859733988323324 0.8550956320522569 0.850233211127034 0.8226722715308845 0.8397292145896055 0.8482632565407826
0.6813334719731454 0.751568513528846 0.7407944579839821 0.8063376004332231 0.8286370540019266 0.816694210223488 0.8163370993980094 0.7473940126023342 0.7320176066468279 0.7259409343324167 0.7011410392339863 0.6808149759656119 0.7124366776980758 0.7210956049886692 0.7712505809954584 0.8300814551486958 0.7739488219297569 0.7826559480189073 0.7708905906665452 0.7536637810382849 0.7318278604545234 0.6981127967464142 0.7002622073904753 0.6856021617013683 0.6702942779102798 0.6489498464859793 0.6819282120880426 0.696028633791019 0.6854839350634331 0.7208645817917368 0.7295475546899662 0.7163656473754154 0.782925688759573 0.786598850269759 0.8177741095277289 0.8735648113472373 0.8208137099729764 0.8214188880189878 0.8075932383602187 0.7840145117067115 0.7792453200273501 0.7942671821872033 0.8087802160540482
0.7019206998372715 0.7005214826035863 0.7023593411072145 0.7283125942639715 0.759857235159673 0.7963221052058304 0.7955265116034169 0.7478663973801285 0.7373072467975924 0.7654353635678849 0.734140050264967 0.7150485595153178 0.7132068689080121 0.7376842046379055 0.7666484944757261 0.8364436960842895 0.7913361614860639 0.7453384157918157 0.7609513712606256 0.7566280803152409 0.7070950918696213 0.7236342672995277 0.7193976606800095 0.683899058812072 0.699697790286044 0.6797220099106549 0.6989476113397229 0.7194692969442719 0.6804176692224729 0.7235549297302033 0.6751963173485457 0.7218403770492703 0.7246922410466504 0.7485557350542896 0.7829864644289385 0.7827907243458444 0.7776440727815711 0.785566551806253 0.7735753962215719 0.7739792415210028 0.8267352702013381 0.8252262432821512 0.8461611566450128
0.6828575435345875 0.6639866806684173 0.642627479790565 0.6646345763550191 0.7464152240083378 0.757470382959156 0.779045869054055 0.7468771818579948 0.7578243436913076 0.7406382498638118 0.7541682705034232 0.722715366195889 0.7337445170364351 0.7806801547249779 0.8330539684922805 0.8420740489052772 0.7743886318041602 0.773452313370927 0.7242721004432819 0.7336169465058987 0.7026376007055857 0.7066106287827956 0.7197402522347269 0.7036634635016734 0.6723953202048267 0.6705905968347013 0.6818794287661569 0.6881127774911512 0.7000632726146162 0.7170372197635071 0.6961967001393876 0.6467814437593369 0.6808700311107875 0.7225964097964704 0.7182819772960631 0.7502748024954587 0.7722225571242773 0.793715508028225 0.7715306369090074 0.8102836675616026 0.8159304305654772 0.8592783252220514 0.8392564992656731
0.6486585785956722 0.636293970618721 0.6715163043112753 0.6802936738803175 0.6814450101308889 0.7102365161360785 0.7853854196362379 0.7959326547082953 0.7709510523028915 0.7607551564703426 0.7392025216891831 0.7608143881539584 0.8135862688987945 0.7907246587406217 0.821758514146925 0.8028235894266075 0.7619042082070352 0.72686942983888 0.700403058646893 0.7157127837477821 0.7212580866416208 0.6720204704115927 0.6861062100282878 0.7152849358551834 0.6900188201336717 0.7224539702112437 0.6911210546221999 0.7350817364780408 0.7379422289196725 0.7118473625886023 0.6694169104424051 0.6479659644760151 0.7014385303555155 0.7425987335914438 0.7249082909709027 0.7169019859942972 0.7534244151822 0.7649666231558101 0.7591762158864536 0.7860218035134675 0.7943141812937001 0.8037770125684713 0.8245226192961942
0.6483698599471951 0.6431552285022639 0.6386686740647388 0.6290516735740322 0.6537911035176738 0.7391237907877137 0.7728864952593205 0.7941151836963082 0.7211063669060994 0.7160150034746104 0.7498478853707654 0.8382769211640159 0.8170891296725216 0.8332921860897727 0.7993346253266904 0.8085504932947535 0.7715085502387282 0.7165664963706944 0.7326633312843723 0.6674894561868563 0.6862071263982198 0.6883875400617653 0.6914389041169436 0.66609774963508 0.7147360876003278 0.7459241854698967 0.7292125212230601 0.7765985332851492 0.7511662047607435 0.7567927789080099 0.7055313758806194 0.652771040912117 0.7141452953903229 0.7358789101449752 0.6873818228614202 0.6934669467749012 0.7156537684602139 0.7533613354840496 0.7559563139066521 0.8121772509983013 0.7738937599985729 0.7620411001120568 0.7957122857464733
0.6259647085466005 0.654068926824102 0.6700180191041967 0.6691022288565273 0.6839188027279374 0.6872458326601848 0.7167714909584504 0.7331038389668018 0.6988664221834819 0.6789210806832862 0.7364481195107335 0.8197323015189241 0.8381184448955462 0.8419218597965491 0.8250060960966794 0.819786599005907 0.7981428080887891 0.7404557956783503 0.7263434945608407 0.6948022827552514 0.6749002606064756 0.6718009126276401 0.6882304920060133 0.7286212604010722 0.7484621397601677 0.7469252012915321 0.7398077521521244 0.7829429991701773 0.7708588715731388 0.7630977297786369 0.7051539938697134 0.7198584556575518 0.6968986599942961 0.7127068986304664 0.7161897028413383 0.7209920484214152 0.7774747837352185 0.7746258463085021 0.8092303354372993 0.7955941962223714 0.8033975509976243 0.7713902750089026 0.7689158401841628
0.6479754284937476 0.644290819231025 0.7085662484790537 0.7385748931233379 0.70147908740554 0.7286702791488308 0.7335181143871446 0.6715684635180129 0.6715081949442424 0.6957809443735268 0.7516218389482617 0.7636059793779894 0.7978167975557998 0.7908527973924682 0.7995408289315304 0.7853863432176745 0.7557712295789109 0.7783175882379973 0.7096676949616304 0.6532217541418023 0.6491265840480455 0.6308825697226317 0.6556234146453724 0.7419810833669248 0.7629168020296753 0.7932493412903191 0.7767930878119863 0.7422645418295575 0.735244359150181 0.7224351673448439 0.6915645101775286 0.7033371198732158 0.7218505079455982 0.7736217689661521 0.75838022339189 0.7834779629934358 0.7579307664635525 0.75402421182342 0.8118512559690495 0.812938592040744 0.7782217077665091 0.7290585556094255 0.7555197126207203
0.6375177821205313 0.6950358911707482 0.7003036474850385 0.7535445729850607 0.7535951594387063 0.7309075089750149 0.7171394698336951 0.6908147580901168 0.6742991170559942 0.6981325700639399 0.6856831523425131 0.7541173882045042 0.7724578854273393 0.7784063681072088 0.7631706300224423 0.7645801655849215 0.790786629521433 0.7599175838417014 0.7147437786256613 0.6556616999098058 0.6175097028856948 0.6560278822859805 0.661676016532675 0.7026403755668955 0.7706035098096214 0.8082114018713192 0.8140093259486604 0.7713269000294227 0.7879795893870049 0.7396706051645573 0.7446245935766085 0.7806549925351062 0.7856848608253657 0.7656466840310322 0.768263085048161 0.7652419597924529 0.7437568886332547 0.7329878206226725 0.7501381913511332 0.7921987980414957 0.7466802724899756 0.7482157347545152 0.7265770702654307
0.6756195004522787 0.6749820057565865 0.7333295342396031 0.7628870251403704 0.7640121788076817 0.743139030706424 0.6908195546385761 0.6761334996613546 0.6930956506378113 0.7239695762716953 0.6826385249428386 0.6749831867202579 0.7709298960585086 0.7977545564560916 0.7878512962573897 0.8063993807916169 0.747899142220633 0.7453575660401421 0.6740225869433263 0.6253758969852259 0.6324770255486976 0.6224569996648283 0.6636285575344287 0.6758749518967679 0.7183888606984853 0.7562263645620326 0.7787052992682802 0.8412187851316195 0.8395521594237588 0.8259136714337596 0.7567686275880093 0.7923949067135889 0.7765540385119758 0.8076398445337528 0.7766063885829433 0.7617274448431052 0.7469876454481025 0.771695914273929 0.7486084547824653 0.7556733049150287 0.7225202344734403 0.6835845867254118 0.7028453523570564
0.6780912689077137 0.6654748718523449 0.7521058730558029 0.7376029841097825 0.7594515183062662 0.7478289199726256 0.7093923287682741 0.7306354809435938 0.6851533815837497 0.6838950223961102 0.6974368179205077 0.7207654266932308 0.757143665645076 0.7714247066166707 0.7700040965327559 0.7576809080226797 0.7393022726062676 0.6788275336154126 0.6712032671010125 0.6785966489399788 0.6368789996738077 0.6747016717994021 0.6770192902395011 0.683312621701169 0.6964196155040288 0.750766135744289 0.7898257434862791 0.7889667703564907 0.8224162337227008 0.79392536947686 0.7909528142451694 0.8275667219148187 0.8100401154469846 0.791074534238306 0.7697861380709565 0.7624293387730097 0.737628230335101 0.7643212342997541 0.7552283382119763 0.7394877087853113 0.7063859816355086 0.6956011362616455 0.7188766924801454
