Raster_benchmarking/Raster/continuous/raster-396.asc
NCOLS 100
NROWS 100
XLLCORNER 1743163.2776359234
YLLCORNER 5469296.462764422
CELLSIZE 10
NODATA_VALUE -9999
[rows 38 to 56 of 100, columns 0 to 42 of 100]
0.20227629247545587 0.20017410521079748 0.13211541591267284 0.13432714920858174 0.1723755638418306 0.1304605989371822 0.06735899466028909 0.09020715581762015 0.10613572823859682 0.1316405473267629 0.15905079592678772 0.17014423531712186 0.1780608838627173 0.17618978628851126 0.1777244166816009 0.19538858988447172 0.2823047506585413 0.3022549142223065 0.2862730514187281 0.2556813608631618 0.28883521596059053 0.34281664234545134 0.38819774513247113 0.34486520155189265 0.3589017529436342 0.29662009855095417 0.2976188068893634 0.2816785586055764 0.3077291408326744 0.3275731599552963 0.37135894702116684 0.3408434338351126 0.33230544901811104 0.36486709831052905 0.3184279739456245 0.382459848976344 0.36023305007747625 0.38505565577130657 0.3912633573726217 0.4050906221680245 0.4683912758855053 0.47201328922842795 0.5370472810291753
0.139264739608395 0.12880639742177571 0.08495788418714313 0.089065972302824 0.10434198492408311 0.08412586920399998 0.01865648754150233 0.040487500138237424 0.09940966258402066 0.13159124056593366 0.13109100058513615 0.14154899861419445 0.16928286423213632 0.20592403625319758 0.18430907329189358 0.20385016393989894 0.24734811016079492 0.24301255282577633 0.25227992193537396 0.2658752233748756 0.28796571576428137 0.3737940954330008 0.3530008122814635 0.3507567903091223 0.36628152958629867 0.32847587082925495 0.3183428663298016 0.30570101737135214 0.3491551490613979 0.34589458987654587 0.3672527512925415 0.3389457538499843 0.30530675074929436 0.3238182720049045 0.3343969572834436 0.3352736773208382 0.3329147499412786 0.3701578857758885 0.37697016590189697 0.41277817134809275 0.4661820315599302 0.47072897566817185 0.5122909341973875
0.10667093112160299 0.10610443923983254 0.08094349723892169 0.10009567088878259 0.031920510028137165 0.025292532604635688 0.0 0.0348391893762043 0.06120846034178694 0.08822796341307877 0.08208070793573587 0.15227441210691414 0.1426789226269986 0.17776650617678474 0.2262591160220538 0.19699699702675613 0.25147203676419594 0.26134792422672304 0.2596053707927119 0.3135783619321055 0.32995854171988637 0.3205753531542631 0.38690318986692146 0.3859115978151906 0.38262687405250534 0.34172416070103623 0.2961262080633202 0.3438932221168824 0.34144965388821535 0.33348294071900847 0.3914262909417488 0.33226363202544396 0.3284677611440856 0.36467534626878517 0.3274654152949226 0.3313411356693088 0.2906332685322492 0.35578171661823116 0.3599783834321057 0.4063504843323913 0.48173939073954447 0.5043932854845072 0.4909114278518275
0.12630808612632383 0.13705934878890214 0.09536066442276421 0.09511257146778027 0.05827430394554365 0.017429613032696255 0.026546712190328267 0.06453010203200327 0.05447685731048811 0.10658501295074185 0.13624249492537543 0.13617124833519223 0.15897361581076483 0.1935736463210277 0.1980057620104448 0.2295568907998626 0.21879862271783723 0.2354990951416028 0.2522229482953037 0.280531890207075 0.3118000624005238 0.31508826920432315 0.3333601705754097 0.3453229366277289 0.3259038637824874 0.32814018006448437 0.3403775795270015 0.3453160535343658 0.33956835505119126 0.33820791850008436 0.3699526848658909 0.35477821647590496 0.3367210575888159 0.38326907650922226 0.3636965817476626 0.3043512740536273 0.2963716492011534 0.3532269582158453 0.40127436460845517 0.4018008776484811 0.47695063786274 0.49430736093430444 0.5133568573912383
0.13511171796484245 0.15911966222328333 0.1404684880946789 0.10032946036275252 0.058768561455802754 0.04692297535726315 0.042762306228040024 0.04866561498255926 0.09198396253000012 0.09846355234893499 0.12888124866923062 0.13783815262842639 0.19094603781074349 0.1889643279337885 0.19040978712430806 0.22083186531112076 0.2386054095113451 0.24680339901622947 0.28222389294825556 0.2625665980232163 0.3160581068184974 0.2954720075228139 0.275511486005569 0.2852528701106933 0.28470764389230296 0.319866795421852 0.3065314146847355 0.3064131903335003 0.3494876734750936 0.34649066183413585 0.37310804801275615 0.3715104323046638 0.40025767941955886 0.351973321453309 0.35060937502005374 0.31000000658861704 0.33159669618380083 0.35245112191350075 0.4077373924987787 0.43957381657014505 0.45292971017254996 0.49488409261000676 0.4817622089220623
0.11662098765631353 0.11204304593289384 0.14207778980155822 0.09781422237697514 0.10589355990202211 0.06431586735461443 0.048452325985212916 0.04475199474728649 0.061939175066692075 0.10544157613577597 0.09901932339443544 0.13175036085493713 0.186168719912208 0.16520055079867219 0.19904850729347742 0.18306234115437306 0.2285101775640415 0.23890859333457212 0.26454798593007706 0.2386923685621406 0.2450887928729937 0.24999826410177695 0.2676227319750748 0.2639829386930169 0.2350225318529861 0.2837357711709767 0.30594822760943413 0.3233719000867021 0.3331298681577201 0.31457535990709035 0.3356588556935429 0.37435660681936006 0.40572331629557024 0.3880916301250905 0.3631678636868104 0.36073867362535755 0.3631487318680593 0.37675531045433613 0.4127556161394785 0.39716161199714817 0.4306688854290942 0.46950226199658984 0.45782881148328036
0.1206921792413795 0.15039222938943062 0.10633456681976344 0.1050377316790087 0.10431503645844431 0.10589556699945406 0.09306118665472375 0.08157228899775124 0.03644952692551053 0.10339387124477248 0.1460273695953041 0.14749165165417402 0.16931097615956192 0.17053760083818825 0.18349419833079197 0.15666265402591406 0.13875173357408968 0.1810033222792541 0.21554366684449408 0.23038171646908134 0.20297420587334816 0.2314466725513192 0.21829775208139296 0.22164664402614773 0.20371104118005637 0.27238107238271575 0.2957640813217745 0.29180903775181205 0.27495675499770383 0.29030068558862654 0.3239991181277014 0.34333233522052525 0.4226853304968146 0.4145170631980553 0.335648521181325 0.3648772483572459 0.33643457747736555 0.3598496048419188 0.35779186765627846 0.42264156587951923 0.41978919624534144 0.4447728985797646 0.4247408789644305
0.1018398264549566 0.14717007073892913 0.09858693945332914 0.07137310781831586 0.0661423282629347 0.10377598030233433 0.06797692972025428 0.07524924574676202 0.06959278941958247 0.12256735792999965 0.16447671066222197 0.16448397426311845 0.1506348632876439 0.16456362788615103 0.17083139036632908 0.17319674777782051 0.18549465365772835 0.21596629336845816 0.21203628711213546 0.25215468286362136 0.2334861068651589 0.23839254710627267 0.21432254666057138 0.2037251321569396 0.202712017439036 0.24381841564330337 0.25500051051551254 0.24565378441083655 0.26199112567411476 0.3038054693235265 0.33908661831057996 0.36062900448969526 0.3738829821677576 0.4154995895200517 0.38456306306618077 0.36039543781198535 0.41527262896086997 0.4222241558629119 0.37666426896857963 0.40918101437977167 0.39086386544606033 0.4315133613464931 0.45278547332337526
0.12365579023134818 0.10734648111903373 0.11465631725326571 0.10364653638008658 0.049992346473048586 0.049761761265037625 0.09760936056468557 0.14855591420827605 0.14482867225096097 0.14028233937499562 0.19313101179490486 0.19985315897527503 0.13260647512418688 0.17757102905478378 0.15409275020100185 0.20569691603416007 0.24215610762795836 0.19462369827679699 0.23217388336794864 0.2583539588984129 0.24501448093209793 0.24127870455463296 0.2253100479933217 0.17596652340902574 0.18027946855784802 0.2392897394203676 0.23526381591379847 0.21626122013013171 0.2645875086114205 0.31426339599068853 0.29872856657957253 0.36242420796379 0.3757620460984715 0.4098472690351589 0.43435577579392537 0.39812619818751693 0.46043432164360615 0.4276601003939943 0.43162194335561244 0.4504159084557139 0.4078988609007582 0.44783400523241873 0.4727371656868907
0.11778679667486215 0.13593510276388826 0.1452455441930267 0.1316289512751044 0.10739019247928411 0.07336837655480392 0.08359554820613403 0.16171878769281556 0.1457338706698268 0.19280461601971532 0.2083963422868907 0.18610233969107223 0.13456732769860608 0.14075200552569997 0.19798494309214987 0.2412415725411381 0.2125039519452621 0.18578941387112 0.1694263682340067 0.1919722878308794 0.18917030645794614 0.17406938117418108 0.2122439820220295 0.20572537007184255 0.17413690978364013 0.19024139603097254 0.22337283076518427 0.2306247020019904 0.23463944452550103 0.28307797958138525 0.3066161662064829 0.35955521836357046 0.381947538497436 0.3892124472845652 0.3759456949176624 0.4136652239869423 0.4642471743809156 0.45908472132508954 0.46142734203385133 0.44922615234277713 0.454940305888122 0.47160447490212026 0.468581259847718
0.14042774270696806 0.10244560276155883 0.14015799710138138 0.10530370631766871 0.09959788045712664 0.09633188787686923 0.12257023472807428 0.18751221094462314 0.20332628166322075 0.19081995034778276 0.21400931387363387 0.22944712196897663 0.2030430512570514 0.2229733194612291 0.19853718986849336 0.24982112693777717 0.24341681055787598 0.2298466545628442 0.14441968524267138 0.13247007177582154 0.1315286568604329 0.17957090033050122 0.1333504671812295 0.20419320734200144 0.19447485378176058 0.1872087083670037 0.2102185648258379 0.2583332297784367 0.274736924116745 0.32907219248842245 0.3354176826765626 0.38905296487838315 0.4348645362990285 0.43184099758612277 0.3727614816363184 0.3802597864907251 0.4354176100659235 0.4586801148613878 0.504386179365544 0.4803494507821327 0.495290386654789 0.5025799302038595 0.4441560018696848
0.08343610105996599 0.11697067078299948 0.15833993165706944 0.11533748541918368 0.11212402856117175 0.11458888552508133 0.1553045269332405 0.201313674854533 0.22699399364003997 0.21839041810414597 0.20831380772694008 0.21694927556474206 0.24549158395724183 0.2633479406457245 0.2686645577974849 0.2608039564293591 0.2581229793797691 0.21996835096300543 0.14550130794428892 0.16510710292836098 0.19506352078073405 0.17671337888475175 0.2086316309803291 0.2264133071187954 0.22234743357725323 0.2505628738476525 0.25024547432514804 0.2448450380812712 0.2797020683336105 0.32913791860561686 0.35940356332941326 0.3845114501361385 0.4420519187199416 0.42042349398349727 0.38911529319266047 0.4243362691559393 0.40377956778954927 0.4136189326408853 0.45611457256254634 0.4955391206617238 0.49799633933504694 0.5216010756732001 0.4976541915080946
0.09085595193341177 0.15523863007051245 0.165994772625013 0.12255636503136534 0.16495059254677363 0.1384190944851144 0.19496884741972825 0.23245648119507276 0.22396372743677936 0.20183234860659696 0.19509744540317778 0.25044112565254284 0.29027040746709293 0.2545880641289034 0.2662536514270387 0.26076264057931103 0.23066900624182016 0.189609172459091 0.17463434705680272 0.15813297889878478 0.19112349212730326 0.22812951352354563 0.1951917125004354 0.2161837166849272 0.26506407502838597 0.27293772982265196 0.283485286472834 0.28307208103680526 0.3099946340278017 0.3773290835069161 0.40581572141650674 0.417400926350739 0.42701099912559043 0.4356965409866752 0.3883981033018464 0.3953282079499671 0.38440297118650946 0.4016515552381052 0.45769475314203556 0.4917287121552551 0.5432626074373683 0.5720092345183856 0.5267329457932849
0.12724987188983025 0.12117782304642642 0.11603909303320563 0.1365283979583186 0.1419994788484838 0.1360358587900944 0.1836806730855983 0.23113770592805802 0.22161311352057028 0.22036809782071062 0.2507285474576088 0.2847413782195438 0.3095739490558912 0.2793347692266721 0.25423010604535995 0.26781518502955537 0.2339043675771966 0.20349758891714131 0.2358853252366971 0.18265075753130997 0.22011616052101785 0.23057275324543922 0.20699159540901801 0.2528006166226452 0.2665326692165247 0.26381531021644167 0.3186203702827177 0.3355370256511246 0.37694152793707913 0.3718411065486006 0.36451360372497393 0.3837573903731008 0.39426566045880324 0.39214753433956534 0.413576357462555 0.39865378113464744 0.4279826384740324 0.43884119103516 0.4371847017333863 0.4919600528888845 0.5123983384370283 0.5867128509750027 0.6024946963057077
0.13012796829261966 0.10092829253817279 0.10342921740637268 0.09749702327260365 0.10117444734261132 0.15442507364034652 0.15552616564687372 0.19762030475580097 0.23715550885731376 0.24684864570989176 0.2604148251872681 0.26553576346224744 0.2904970515246978 0.2540408887178752 0.2771393740880239 0.27278029877891247 0.24379207465531214 0.2172562364505153 0.2619454692622949 0.2061850802934704 0.19901491197729967 0.27184736171219115 0.25988748906734577 0.3018490900673181 0.26522297540635603 0.24209903443614555 0.2735713235442808 0.30767251516201977 0.40350481366391905 0.38431698663234287 0.3613447957678102 0.348963828568664 0.34896627709323463 0.38044975005294107 0.37939035193291526 0.39724292787668547 0.437830252592204 0.4703519900598598 0.48739638821995684 0.5304426470635963 0.5463120353786338 0.6254300314352851 0.6351213129761353
0.12788844794282705 0.11821960074642551 0.11516949234689626 0.13053180402241008 0.11683641409154705 0.16228823907659604 0.18083085208359384 0.17903554576755126 0.20167862817821747 0.24533421826662102 0.24036492640398707 0.24438955599383064 0.244419723187793 0.259303654924295 0.2713499835340186 0.23150269176173113 0.2556781428306609 0.2588681128092188 0.24199831422696952 0.2770880266219024 0.29798108249851574 0.3111917928560466 0.28160968662120983 0.3243769424775453 0.2613176090181397 0.27580087907811857 0.33570465283404244 0.34469681745607295 0.3356881826483223 0.3678369210647042 0.3570887406318286 0.3719147435681244 0.3745633399903845 0.3688301791662166 0.42334310584552787 0.44767558128749363 0.5029512166636865 0.5212471561890724 0.5042100969293118 0.5160902535039461 0.592244626588477 0.6058331473841441 0.626426415803205
0.17045186722550745 0.16499965012480874 0.1547078482555556 0.13286753928650832 0.18428131753610463 0.14656544298857635 0.1236158358988123 0.17358905998031554 0.18261272818557175 0.23516378464923626 0.23766502212269677 0.24229952266430446 0.27985033444297297 0.22536097664119079 0.2210265891520678 0.26483574854296554 0.25011417250368434 0.24799157028357888 0.2839043748239718 0.3109312710249875 0.30323821499337705 0.3548863194497274 0.3594325971233436 0.30616673091540386 0.29530585505364015 0.2820061174997026 0.34597271559197573 0.35917265783556246 0.3221436084577504 0.3734901591073261 0.36532805905082366 0.3953007177760667 0.3907969784757988 0.38642884884866374 0.4453969388136373 0.448351381893947 0.49792086622781034 0.4936008470067581 0.5408499173478021 0.5909392257393519 0.6046731892635023 0.5958312370707122 0.6668925367889234
0.15818074239626048 0.11675673811400894 0.14728855746518804 0.1802119294273101 0.15229824526884345 0.14142252146865203 0.12651493011110995 0.16480679339432042 0.1899311959812057 0.17557084807921106 0.21006425906560738 0.2388545978963273 0.2567662479023927 0.2409013604036431 0.22315875243533062 0.2764709858611506 0.2738856265602193 0.3088635695958811 0.3677777104155347 0.3860265073297081 0.40595345610529715 0.3739862807870723 0.38520248514805067 0.3366257213259219 0.3134266493266298 0.33808065773278634 0.36205787325564737 0.3331031102861471 0.36806922154367516 0.3853085705124146 0.4054218507011837 0.41259051890783277 0.4295841263912445 0.45408858299278004 0.4980767566770333 0.5187219151697856 0.5330737038146227 0.5366794323146 0.5860367060242712 0.6078310528822474 0.6342048675673343 0.6224645306540281 0.6453752795444485
0.09082719727453577 0.12330817822097538 0.1564814367768999 0.17829151728760365 0.1473481676767882 0.17122392493838307 0.18896838199929789 0.18624444760985587 0.17990514643768776 0.20108472390360224 0.22934927523454185 0.20809935652356346 0.19755835714168715 0.2129984677468088 0.2756646865129685 0.2819032781706529 0.2951032596463458 0.34257238640270976 0.38977768221360143 0.4458030728141238 0.44670633251220937 0.4434676400449756 0.43035510700258023 0.3849009177848439 0.3595669769232146 0.3747545369515466 0.382483630592444 0.3566386689209991 0.3822660088676971 0.39755352516763726 0.3718861477298459 0.4005846935614346 0.4125116031671849 0.42294930023032495 0.4682778732547413 0.5751144016310009 0.6431316653147274 0.593888137996587 0.5912298671754972 0.6055431507403699 0.6288551992377328 0.6336169983052701 0.6996373978207926
