Raster_benchmarking/Raster/continuous/raster-376.asc
NCOLS 100
NROWS 100
XLLCORNER 1743149.5890659387
YLLCORNER 5469294.719501555
CELLSIZE 10
NODATA_VALUE -9999
[rows 0 to 18 of 100, columns 43 to 85 of 100]
0.1935121079909678 0.20826852468046725 0.21170579035925108 0.23052965278503923 0.2346806386568191 0.21441567330092529 0.2157940246835557 0.2294531837902319 0.2667862667113122 0.2595254923964329 0.27901758305738295 0.3002052494060254 0.30768332758710293 0.28242780566313 0.3238916365564783 0.3354801376954972 0.31228283523780515 0.2776598816675456 0.2781298090446709 0.2765171909948033 0.28577956268277316 0.32837549231389257 0.3449044998323003 0.3353772400281937 0.3694025125154984 0.3822982549317118 0.3541154920329913 0.3489194430415755 0.37045761748776124 0.4250179817554038 0.3831842626337227 0.4010057846664066 0.3830161527229389 0.3729477608450955 0.38896916905749496 0.37178011560520907 0.38169212865105967 0.39177018069666053 0.358746898989188 0.35801624039819246 0.35988570537844966 0.33383978398809444 0.33844366435419565
0.19534055397640385 0.20602024672205685 0.23550893686240246 0.22253992638385903 0.20934108838767176 0.20981205739574316 0.24221281217910157 0.2303960344869684 0.2675856328746361 0.29183101453066695 0.29164312991883695 0.32290661792166736 0.29537347819560544 0.2702395588363394 0.3111012837999485 0.34210210714381467 0.32376166263888884 0.2745711032096067 0.26775874829573315 0.271375482652321 0.27377747082760573 0.27427194624153584 0.30042886353764964 0.3184001764079251 0.346554655720935 0.3449311874161539 0.3168793262335104 0.35811134957794166 0.3702282432963772 0.3553136204187692 0.35192599014560694 0.3647327482527875 0.3303959195916766 0.31153484648248403 0.3391681818664254 0.35198316981877764 0.3548592950916065 0.3624061647098321 0.36561892633014564 0.3596588645522306 0.3262483663353782 0.3305869273502266 0.3200949219074825
0.20801190513176132 0.231335069966664 0.19039133252575416 0.19684363119757103 0.22924752185420025 0.22815167679892723 0.25926385930469253 0.23903322256495207 0.2568393011039314 0.29887576242814623 0.28691249797898094 0.30933695071681916 0.28862933271634245 0.2681521101369405 0.30136984159292785 0.3114341301984689 0.3333029576368859 0.28291911954356336 0.2725485401999014 0.26364837466075985 0.2645952964997541 0.2638794132803578 0.27774243179459046 0.29849974956496267 0.279116291936351 0.2917473230755611 0.3099794678324518 0.31449920480159765 0.3496903047641857 0.3351950614420123 0.3416529474663443 0.32810011364297437 0.3176618917579634 0.2947030386398952 0.29307982239108454 0.2991841641223124 0.30258511576797786 0.33643202281110457 0.333939220731634 0.3572322089996158 0.32723547725614427 0.322233903220226 0.3336951703538091
0.21843517015378378 0.19275895031559606 0.19062682661977123 0.18711754378610554 0.24354171969568833 0.2604594895850888 0.23530477488214677 0.2787000621316275 0.2747967703270235 0.27327720445050824 0.29144013084513054 0.29065563155110596 0.3160982202843665 0.2986865730574911 0.3250597571011827 0.2965436537550149 0.3193824705095609 0.27973003631750326 0.29213731349131655 0.2777538576410591 0.2414220767555275 0.2694296124455856 0.2590630402189585 0.27088914266188124 0.25731192918496076 0.25081021342074095 0.2930755793506965 0.3100656572216888 0.32614903903896897 0.3141368172876299 0.32155333421144416 0.31920992776251783 0.3341451368027732 0.31102799681798393 0.2933325208308587 0.2749662512734921 0.2604237517571359 0.293031694912679 0.3348361767024272 0.32310098017953237 0.3257452796307566 0.28598663053015727 0.28816958733826326
0.19757257112077703 0.18924837813992967 0.20193652702654963 0.19748017029650758 0.24749769649432019 0.2585696434113426 0.2556960633297442 0.2973337046593911 0.2647355283962346 0.3089313226785705 0.3227777659184443 0.29828572350286175 0.31707831759778216 0.2971497724490534 0.318035147124393 0.3268380879964517 0.3211485302375082 0.30616315642267367 0.26190920027837117 0.27073183724298294 0.25750146401153895 0.23931558673654743 0.2857968420766033 0.2908695716040926 0.26283046336426924 0.22285044728568865 0.2563117387675806 0.2583183030922527 0.27533958676565684 0.32468397530221077 0.31064355074047795 0.34265044192183525 0.3012528642860835 0.3100296662239442 0.24987245133202146 0.22418101984934294 0.26783329512755355 0.27323299428213726 0.27300836942917894 0.301964867356501 0.28878021785983443 0.27332366225516064 0.27081421635802877
0.19042197516312462 0.2251549645115902 0.23813890112076355 0.24107546626492865 0.2594526378757223 0.24561095732672106 0.26617623266636586 0.2639252018981032 0.26883252708608696 0.2908005919481206 0.29646110337410486 0.2868319528725212 0.268726295460749 0.2644656420977431 0.288003527341008 0.26018945642621444 0.2716455806447932 0.26722135218274073 0.25161055873478494 0.2437760848231111 0.24485584490191648 0.26497774304607447 0.2602385564146755 0.28718488664220837 0.2788327438840733 0.2735300708703678 0.24790458481800273 0.22468805507009001 0.24081087882790456 0.2504829898603542 0.301672223701219 0.322557468478225 0.2956506802217059 0.248377858481456 0.22511184849263785 0.2194200535046145 0.2382094503461895 0.2681348229528143 0.2668119223132033 0.27743025503485697 0.2551570807452036 0.2590393205886427 0.23987252747511253
0.21174810754809595 0.2502562966977871 0.2741011527454649 0.27168726847348107 0.26116722472584913 0.2293476478497508 0.23456405091312377 0.2882753018953645 0.24776087874606303 0.2685094196652197 0.29177087214066927 0.2905260371301707 0.25939426456659115 0.2773993840356317 0.2674839612765106 0.2375992219018717 0.23476825382275873 0.1953659151698204 0.21860480640340377 0.25360148131937105 0.25644952925861886 0.22792347685993034 0.23820206723065399 0.25569104253543107 0.23951314194702994 0.25962874129419805 0.24944549080653983 0.21784325230914123 0.24060442585173306 0.22182847458763108 0.2633031705751799 0.2605912068860667 0.2590048020395091 0.18049365132779632 0.19930254176404363 0.1741098097518671 0.18797806661893862 0.2005799645566712 0.20652700710371905 0.2273644116701916 0.20286141501785857 0.20132469975075712 0.20022343600406453
0.24045169732014188 0.26969641408624395 0.2793118880637118 0.24187698243571826 0.2534521034733791 0.2177183432840431 0.2446144586943061 0.23334195084889073 0.2448484462062852 0.25986382049131007 0.2613742281049196 0.2546131581247273 0.23282975626735092 0.23348420958474145 0.22439018316168616 0.2222771358835034 0.18694924095707027 0.15682691877431656 0.16938384736382103 0.19052678039030013 0.23487337837505898 0.2150467524159614 0.22480349531885757 0.23182224880045604 0.2349718411226977 0.20311467812064807 0.2108268795093992 0.18862791042574306 0.19403756758394686 0.22344010179938006 0.2154951073591488 0.22771465324112353 0.2040452086149128 0.16354602358392406 0.14918742491282697 0.16728877161266623 0.14238971663633324 0.1698898847080214 0.16160367709549317 0.18886613560320079 0.1725277047072502 0.179831289851195 0.17898661452243325
0.23374619838871455 0.30164526113225437 0.26127919711090314 0.24267080151935672 0.24019827851735667 0.22016688063822595 0.22467718162653277 0.23760688514425438 0.23960356351227638 0.23638542433160972 0.2628226071577356 0.22305989151063646 0.2207597802438885 0.17885428033028763 0.1868073199353121 0.1822546530826494 0.1792953353367636 0.14301770859573432 0.17152560899760447 0.16529551209493595 0.17484326555235202 0.20567082555056154 0.20906380563853544 0.2480625581428542 0.2102806589135063 0.19708959575295779 0.19135033381943992 0.15965364548009375 0.16676239568704507 0.19879298980491802 0.17504172215791744 0.1682556329733894 0.1507342839725392 0.13124717415684606 0.1501027575168121 0.17019802717754384 0.16571118294107443 0.11717202864713193 0.1477679286367801 0.18021360129180386 0.153826306964632 0.12289153644600603 0.13810815676923044
0.25543803144025845 0.29105762366629845 0.2608063073477694 0.24261966021817874 0.2544130334036422 0.2439993425582315 0.22631847585409196 0.26232819992795264 0.27167808581888636 0.2442661163984528 0.2616535452091167 0.20942578390044772 0.2026722058404931 0.17272872772218842 0.1687293974549456 0.17344210308309307 0.19015750056713654 0.1815300671483126 0.16986057089179532 0.19061090300700276 0.18787687868148362 0.16987566712420132 0.18990011653702238 0.22749703004820032 0.2208558879810084 0.21254738024540082 0.20149709804328814 0.15657178384789264 0.1977847203989194 0.2108776331094411 0.20327705665035842 0.18117006727921664 0.15699759131453067 0.16633638702306103 0.17633517523295242 0.16176433284016484 0.13663887525731094 0.12562815341970454 0.1422306202292469 0.17956747648042337 0.14164705828992374 0.17114636186583465 0.16163443998094634
0.24077807088479458 0.2622912764017816 0.26745091278216754 0.24310488673328176 0.22000024466035753 0.2152105568487135 0.25008184243658654 0.28269371464933696 0.29787677011697483 0.2910264828830752 0.2635607475725568 0.245429128691015 0.2169401523955453 0.1855293259501003 0.163343442352495 0.18963244434855953 0.20304269993004598 0.16874706236532988 0.18240847751872083 0.18224364921643316 0.1805880825888635 0.18796355542883544 0.1744432935999853 0.20517438781638844 0.2161201917685849 0.22354159323510517 0.2113600782083081 0.16116962009879737 0.21546910827811472 0.21411162708409306 0.21436242920037696 0.21981732176057822 0.20942379939961217 0.17275808700208425 0.1917298392107684 0.16951794197641137 0.17730726797496488 0.16638300102724007 0.16751213405782633 0.16848634437030524 0.15354491284122695 0.17553332739825492 0.16877859218809305
0.22957570598509094 0.23493353561310523 0.2508310441415382 0.21635390044183708 0.24156677004366842 0.25143265894025785 0.23980113637294745 0.2669313354235326 0.30402904331037206 0.2840961989215186 0.2703659249080855 0.2668602398820515 0.19546019373045953 0.19637540005921145 0.17706903699276913 0.17910229322379395 0.22771913753713077 0.19118253860926823 0.1960861909808464 0.19847394976752758 0.21698900543735278 0.19595507204747734 0.18508564198332583 0.19212900960081242 0.21974829622549602 0.22292075887514037 0.1683882896362231 0.19154126188212803 0.19514670071511547 0.2150088844591865 0.21388748692551432 0.22017147062555978 0.21485041008288375 0.1900798232558697 0.1939447735095955 0.19581420780273995 0.15363176810594736 0.1524075314175295 0.14434677131829332 0.12950270896855998 0.1583972016524188 0.1938386027421257 0.18837026057627923
0.22706360782673607 0.21596072395986982 0.23669895054488854 0.20980081565474598 0.2138298511964696 0.26165719976878205 0.24126070805801259 0.2760151294973719 0.2737316467341857 0.2856535117164611 0.2890915792934561 0.2615194121188639 0.21987450959889748 0.17565250141692768 0.1802506551540478 0.20877957219882415 0.24072898729740355 0.2570657718130489 0.26178026333332954 0.2630320985113164 0.23899547732649962 0.2411573186928755 0.22626903936300022 0.17866375904895831 0.20310453155193445 0.1970488504167896 0.14433296180921945 0.14740491759375815 0.16238081800006526 0.20812767748192887 0.2130487070103478 0.20867920115349742 0.19467025295180987 0.17998825467669385 0.20458917443789523 0.20449151015809247 0.1457723354236194 0.141777699828981 0.15082896626039283 0.14201207811261624 0.1420975235293433 0.1939840344863044 0.18492406426879496
0.21560945900208733 0.1905779747175832 0.18912025271178282 0.2127616827412102 0.23007937503569934 0.24780746871062354 0.2536937198499603 0.2638070762133274 0.28655202211920444 0.2772784309231126 0.28573022532616116 0.2651543467011129 0.243993996870518 0.2356259561944943 0.22786824453610596 0.23334629360052134 0.2257153690851866 0.23456923500995874 0.25023917946078017 0.23661253256534778 0.23604789834891585 0.2228151920854979 0.20459555000225518 0.22547078270082946 0.2161510478605724 0.1854541095757486 0.16081064203642847 0.16792200845025843 0.1828185304879797 0.1911195571836318 0.2054544500667464 0.17925070264085635 0.19669405295912254 0.18384058665972808 0.2229927943418079 0.22217544315377677 0.17934855695477717 0.17644956511732973 0.15492942556968237 0.13856496025800327 0.14203262339301573 0.18721826061864164 0.18280178690800364
0.22964981260254563 0.19544440241146988 0.2039177643614467 0.21027717020433348 0.23177353489614297 0.24991553808474112 0.2641582558896359 0.29797369044605454 0.2794265356432749 0.2581561641696193 0.2455910514573924 0.2614455400877533 0.24172100994972467 0.2430755071481751 0.2497547500101717 0.23194222439489767 0.22021722840074065 0.22148490193505124 0.23154869451822976 0.26406466510389315 0.26203047151296893 0.231954912645605 0.1983603886294329 0.2107973507023385 0.17896549806491785 0.19813847256315117 0.19923615056627467 0.15940175325704273 0.1759014328532034 0.19861135736794444 0.1733603562548966 0.16636974394858323 0.21849710121680985 0.2017366039449848 0.2333008684045342 0.22258246729331238 0.1971877141937445 0.21383656572844495 0.166678233992358 0.15620877991907592 0.17681404544495502 0.16831613912792862 0.149971918754789
0.2549828272880967 0.21815069485771935 0.23447719175740855 0.21849539753267916 0.26188385111099616 0.2606328172420979 0.28381423935124933 0.311932941400116 0.2731595889819897 0.2810202267827218 0.2613877051877855 0.2638829655068947 0.22258993037456087 0.2158097878977826 0.21941757063714454 0.2227139485729406 0.2474313703298405 0.2176064424536932 0.22462365032081943 0.22244875889647206 0.23740866012789827 0.22468057500318014 0.21720522404652592 0.18468583347700462 0.17064465884299312 0.19308100310688822 0.18503170097751304 0.16045914347279572 0.1881399405836441 0.17209672080523722 0.16750828157008255 0.17060147604117457 0.2148079777579079 0.23562231854659538 0.20936407298677512 0.23837342449737495 0.2167012428117008 0.20113698954877546 0.1847057176487055 0.21115915166873048 0.18705646098818685 0.20323304208520765 0.18190330045351494
0.23490528275023945 0.24358612457432394 0.27081162835304723 0.25161553205747805 0.24522445430770287 0.26032955396231544 0.28673701265566826 0.298779687041699 0.28992319656332 0.26191726542053373 0.26024349628768734 0.24522334618982142 0.23240736391851843 0.2315929500443394 0.22583379025127057 0.267265427471996 0.26428715634934563 0.2308447783131053 0.23817461931636383 0.2539193898881291 0.2579747952917732 0.24970213913777373 0.1967799740377382 0.1877994183772283 0.18711661438634433 0.14929818613430035 0.1748538924172528 0.16308221708601434 0.17402784050131528 0.17463079251262464 0.2003333934415665 0.20011799205323574 0.2134934845279198 0.26296136392312236 0.23006105776568825 0.2415154495750503 0.2400832203134117 0.20956409450953334 0.2397462326188431 0.25357298984369225 0.21618806678504882 0.23408590588432307 0.17975924553620964
0.27848751560002916 0.2971634036360827 0.26768652950375604 0.2669664267170477 0.28141387073076524 0.27085115979860686 0.2885505427236094 0.3140378424407844 0.2715151415949651 0.2680652270974698 0.2389881433420848 0.22812286692891806 0.2507871802537819 0.2558023852647573 0.24874013171169285 0.27596439772982506 0.23805185517651883 0.24655203692646993 0.2386144174015727 0.2373543883596988 0.22886687854961138 0.2441738655611657 0.193230247848698 0.16681142333264198 0.16319710806354853 0.16872154271861772 0.13813013488777418 0.18465164689246896 0.18178711645858306 0.17654777885674158 0.20184375351013562 0.21873583780637126 0.2283511975957189 0.22614222797202602 0.2074819438142836 0.2349937296000613 0.23755618892339136 0.2307839940217501 0.26980738052873204 0.25342473648642017 0.2520618541460713 0.22435149435277552 0.18773944866854275
0.28589737725251446 0.31128263148437246 0.2948969915088649 0.29196319042404606 0.2852045497729174 0.2662179821086654 0.3090369692961058 0.324297326609524 0.2973818043736593 0.2887395745436783 0.2754839815009296 0.2408334463694523 0.25651921228340424 0.2533220748800773 0.272973288677576 0.2590013520239132 0.2246328586308433 0.21395935424365217 0.23387251851621232 0.22475727140271834 0.24018028179866185 0.24325467958423436 0.20843383504935353 0.18028356258340925 0.15459846370247085 0.160796873216357 0.14431039789100253 0.17030131930453482 0.19824510217171346 0.22416417030960833 0.2361587086563422 0.23390532943405726 0.22487103940239536 0.201133167555439 0.21046222206220053 0.22035782387232916 0.23471385220092436 0.24798142937683912 0.26740753767150155 0.2716086129613211 0.23969620215940932 0.20615670139331788 0.21433891878560263
