Raster_benchmarking/Raster/continuous/raster-178.asc
NCOLS 100
NROWS 100
XLLCORNER 1743166.2422127123
YLLCORNER 5469285.637359816
CELLSIZE 10
NODATA_VALUE -9999
[rows 19 to 37 of 100, columns 0 to 42 of 100]
0.6551564045369216 0.6488241222286417 0.6957144554644396 0.6865084637305783 0.7045642249230977 0.7385397104099677 0.7423289453709869 0.7129923092159021 0.7281038626068563 0.752050503127388 0.7386121656489913 0.730449201281986 0.7481068300272455 0.7718499086561753 0.7636554053923843 0.7687907039006586 0.759313212797814 0.774292810338527 0.7717701480242734 0.71945833284796 0.7111211188629546 0.6969818318740887 0.6975427798548703 0.681808279634622 0.7002531042285083 0.7159267814203691 0.7055811575479861 0.692928801368469 0.6630975579870101 0.6352154351138475 0.5949596337294142 0.555496579015769 0.5608344666810982 0.5476231725575406 0.5123019981479543 0.5503417965725752 0.5301470582909787 0.5294470781212185 0.5028584648610204 0.47999668857850336 0.46856041629511436 0.4646839900392588 0.45907655322386026
0.6392379262484568 0.6366548739232804 0.6568991265866829 0.6976804890488189 0.6883674845425157 0.7235584482488409 0.7174190186095024 0.709558024856391 0.7209895532857661 0.7630181717142773 0.7506957811497992 0.7331761588995193 0.7501614205102346 0.7554716958765328 0.7453418938213552 0.7430135903764126 0.7293147128509558 0.7558576410200979 0.7239224899109548 0.7306285106716423 0.7168258247366502 0.7037389018496422 0.6908524488189038 0.6742772005467487 0.6977962634704447 0.6939526946707859 0.6682917789299362 0.6798333318630971 0.6698616955674492 0.6238710565089551 0.6072279002937339 0.5564211856787386 0.5572329250993056 0.5183461262905589 0.5419529087819318 0.5428794334224076 0.5301959634261472 0.5218846194193627 0.4976751693061765 0.4901848860182718 0.4591871724029668 0.46336075911280367 0.4408716516977
0.6629814229724221 0.6586223607353536 0.6724165643067881 0.6717573951927586 0.6982722301503473 0.696025903794936 0.6906812389872613 0.7024640835578461 0.7315993778770377 0.741439268423888 0.7375392986833198 0.7213114195453261 0.7191215172908195 0.764828961910017 0.750754766671952 0.7350330668149588 0.7364012128339599 0.7538618540333852 0.718963818278988 0.6913555591595673 0.6867363124751197 0.6769709189206768 0.6482292475834878 0.6727059934735641 0.6658903376642576 0.678921350660366 0.6493163173751602 0.6622499995121706 0.6318235435304246 0.62705443207244 0.6061452123470372 0.5907905600167085 0.5860075317637872 0.5462440272250086 0.5649484349989472 0.5688923841025414 0.5540799513608197 0.530271136540126 0.5241526726499591 0.5102900855006753 0.46626696702305853 0.4863179134789096 0.4568383755614557
0.6343675145801838 0.6405277596131456 0.6441903217471986 0.6538680022908488 0.6658885818711683 0.6615219755403058 0.6686988901722491 0.6743217706415876 0.7180466480481431 0.7133504356673959 0.716773744540371 0.6760823850900642 0.7208226225381104 0.7535076097347015 0.7276796478936214 0.745417052457123 0.7296934004135108 0.7313008586997481 0.7167028955163005 0.6608592848411297 0.6526815408869756 0.6148978060703192 0.6360347160434108 0.6206871927685379 0.6442532298328567 0.6329437773239799 0.6197843377620144 0.6379401848971235 0.6371240890665029 0.6357244461559749 0.59246989265951 0.5977304196399191 0.6067008163676911 0.5890207845899628 0.5662748859320472 0.5427189842917609 0.5206201934100397 0.5331641825725865 0.5085259144417513 0.502699972502639 0.49531293572891577 0.4897841262077208 0.5040443177071383
0.6263277613161293 0.6363113983521271 0.6585446387173148 0.6608202967371087 0.6700937888326234 0.673412791721542 0.6575360961769806 0.6627354150095234 0.7039018738479796 0.7025631847905623 0.680500903476761 0.6824197199193565 0.6597260952693934 0.7064453558477816 0.7246039720545944 0.7333872713905235 0.6979720989534939 0.7034123122973871 0.700195536937452 0.6852463351983744 0.662921020710996 0.6302853328221363 0.6417049017455 0.6204259621216641 0.6221099662635347 0.6408509479786058 0.6199573864036945 0.6054831307102966 0.6153093126690272 0.5861415934071096 0.5823702854172159 0.600522227362829 0.5786575393594604 0.5967289566847984 0.553415144099083 0.5537445033196463 0.5303325424791496 0.505727146366238 0.5247986970068335 0.5125402395876754 0.49922809733267276 0.5174450633567164 0.4999617040107355
0.644338865287699 0.6623398187728115 0.6380676405668547 0.6309374859250703 0.643468014559025 0.6696531469888233 0.6592114204259693 0.6864725061698542 0.6612300848049328 0.6816987730817783 0.6389309870476808 0.6455456238937827 0.6503079430051445 0.6409918769079729 0.6744244412507636 0.6967049090276949 0.6649860482638273 0.653123212938507 0.6520101614206054 0.6748188022443488 0.6645266087374568 0.6204882055543247 0.6398259609562061 0.6374524338432134 0.6178631560576787 0.6223807151446734 0.5745246899499095 0.5897898801342375 0.5659768138140798 0.5722639513016169 0.558902582817039 0.5912206316473749 0.5718737899726251 0.5996808886088665 0.5726649074571708 0.5394923952643847 0.5102619589165445 0.4888186578968819 0.4800295844893959 0.5126503369769363 0.5016039266840187 0.5198214100194699 0.5230151225351984
0.6475263757355315 0.6561818214837437 0.6493245668445388 0.623842340256889 0.649768012228423 0.6771481758977576 0.6457139520333678 0.6567140201261921 0.6521941219457098 0.6434567892867508 0.6313749289491933 0.6581080447366464 0.6423836708278544 0.6231514729846008 0.6380720527830249 0.6695701636260517 0.6346199340131811 0.663210969789159 0.6640800148496312 0.6802157625506852 0.6650412818326975 0.6469369156295728 0.6257138143520005 0.6314915527873127 0.5942343039153458 0.5825380442440989 0.5465380322407101 0.5327737520982998 0.5379039128909285 0.5555254544626687 0.5379795722077667 0.5504165817556721 0.5836615320653621 0.5943196758959419 0.5696636813694712 0.5301003205343711 0.48532234325068124 0.47245527503322443 0.4648820760460288 0.49149544003903817 0.5043266861672827 0.5012519573415983 0.50486956654404
0.6736125372741619 0.6568616782546534 0.6431307189090856 0.6188599772765584 0.637265836295852 0.6729941008687188 0.6183538301388534 0.6119949498413035 0.6257196448703108 0.6108818533894284 0.6234954252141098 0.6351157937112828 0.6133650390098191 0.593943582125344 0.631076786969055 0.6362439747560863 0.6499269477039179 0.6328369474410422 0.6678078810387112 0.6720931587708131 0.6480486805550012 0.6450982876385993 0.6047378881617836 0.6211589951092379 0.589667450671877 0.5285995225447366 0.5381326847996191 0.5147122911270542 0.5006102245748953 0.5141074775862746 0.5367318222915729 0.5369733142762935 0.5727632500041455 0.5484337037421361 0.5571193713136405 0.5386289689583533 0.5024715872146271 0.45573390045404244 0.478671265140233 0.4701628263453182 0.5017580056054741 0.4683878137522866 0.49998234780617296
0.6648123609912531 0.6498263694479339 0.6339968266755731 0.652117970813392 0.6343333340972642 0.6398055127994039 0.6269436770911934 0.5952297079933082 0.6047722387996479 0.6393172690996987 0.6222781974604319 0.6503941802856803 0.6299608453495124 0.607375367956812 0.626782460036432 0.6516313308495462 0.6543646064773561 0.6648255094096069 0.6598309026897535 0.654670629142806 0.6299929856981449 0.6377113252113861 0.6017029740862738 0.6022128677934205 0.5570765005684839 0.5450492725356694 0.5285822174615715 0.5092427142757645 0.5080218367845363 0.51809517662214 0.5119800003951183 0.5241903274847645 0.5481066139668133 0.5453571109485549 0.5392900524132284 0.5101759612988799 0.48121862597393544 0.4724590989801647 0.5050315874607011 0.5135917467662378 0.5203439531565305 0.5144439288640873 0.4817291059199311
0.6499137293639541 0.6344805687372536 0.6173357177618723 0.6447297992300072 0.637053461243049 0.6360859833209652 0.6342227958372929 0.6150857945474116 0.6054414357242078 0.6366324167188353 0.6232864172443032 0.631082246685271 0.6236477951375566 0.6073741650934148 0.6355835055343918 0.6263059374327397 0.6374553347087157 0.6478999381416427 0.6437348288675171 0.636513183730344 0.6348690959460279 0.6329521253385002 0.6018893897149238 0.578262510520357 0.5636628268371718 0.5182323746577047 0.5242640032037414 0.5553897634562786 0.5143794138438076 0.5239420881667741 0.5529929900869959 0.5474569618240775 0.5541390098624859 0.5009740460153895 0.5167850480630243 0.48893035686305747 0.5030184964879548 0.49777310114616413 0.5358080511836677 0.5269227977876978 0.520183707432261 0.5440230249445307 0.5272237507173968
0.6276017864815289 0.6143445084520491 0.62308328032421 0.6516205135517926 0.6536754180770713 0.6536565800496974 0.6116917337612158 0.6320593089042269 0.6196819209830975 0.60731769936636 0.6071597213296465 0.6211719265907035 0.6048868791509626 0.5956570171816814 0.6105992550268013 0.6057772231427435 0.6315626993668709 0.6314581863471153 0.642793458970366 0.6568785220157143 0.627214242249021 0.609380693384299 0.6137702346337627 0.6137421179387524 0.5792858694038364 0.5395558258040699 0.5581491389283856 0.5588655436501622 0.538378550041913 0.5275755191756895 0.5586361089131768 0.5705647316935979 0.5373953229258528 0.5002056657211926 0.5167511856650816 0.5011791659360312 0.5245910032819863 0.5168249407604499 0.5361877606525597 0.5232050068482597 0.5297805891206843 0.5598089435743062 0.5504684382354587
0.6530832397316834 0.618341433206192 0.6296403801234876 0.657499992182143 0.6486057921316896 0.6336018016308477 0.6496906907195836 0.6331659844923486 0.634890299142695 0.6398605618381251 0.6102770493729849 0.5922437904502498 0.5990708615460006 0.5513073272395194 0.5989158547799529 0.59897616147353 0.606134781218874 0.5878002975253735 0.6069982715603043 0.6415882446526928 0.6256479864733967 0.6376844532518929 0.6215230303335879 0.6029394877205184 0.5621143721231877 0.5337268529555059 0.5763507742761466 0.5692309308426221 0.5697452313245496 0.5640748088158332 0.5588611673840673 0.5706610925823579 0.5638057243582735 0.5171351509854831 0.5474208794185401 0.5462131886303289 0.5222409776492498 0.5120714557433563 0.5363756439563784 0.5347644044564591 0.5359894816318405 0.5642215323380945 0.5614501089215231
0.648529072892727 0.6447668433622483 0.6523703305500189 0.6713629150595202 0.6504005722978843 0.6725322502008682 0.665887029717 0.6477295160978377 0.63048213065469 0.6416184155668637 0.6164537332088306 0.6146962744047271 0.5687966771332585 0.5702345125653804 0.580059080472799 0.6007384468634851 0.5877770220420158 0.598986813749908 0.5877675727809716 0.6132201038255598 0.6355874738602155 0.6393937348815074 0.6346628047786133 0.5985252915230656 0.571764715808999 0.5676854199922879 0.5626055442667244 0.5836929892112057 0.5724537296352616 0.5948434848833128 0.5930949010024796 0.595526701033479 0.5592285980374875 0.562386221253203 0.5649647467500918 0.574731527995913 0.564960541955665 0.5293097603838343 0.5556430568529016 0.5528564960708712 0.5525270202846999 0.5497736295336622 0.5824821970910955
0.6726465900867867 0.649272180057981 0.6789813021067042 0.6887238619127738 0.6806483516694403 0.6632506786753667 0.6765348981667816 0.6539929462808171 0.6212719245519788 0.6175417115322103 0.6125087428362332 0.6161860812118015 0.5744268018626624 0.5919181305371705 0.5787108792628304 0.5561126368476418 0.5956116161064757 0.5948333420451408 0.5850992473886505 0.6066993630244344 0.603418769156818 0.6141693056535388 0.6305080493921159 0.6351705355737542 0.6031492082538776 0.5581012707030877 0.54660515343092 0.5623405780740044 0.5872728042700963 0.5843551662656385 0.601533892495008 0.5858818183622618 0.6087735654157794 0.6038959597402024 0.5797770484608846 0.5855497447972381 0.571947146916673 0.5485513269004006 0.5437052132600623 0.5610523010581061 0.5558519800203376 0.5799488098446697 0.5953724165037998
0.689438144406213 0.7003719875415247 0.690429484089757 0.6792838025194045 0.6922513397949068 0.6967913778349599 0.686676157758941 0.6509266995300031 0.6597534483028965 0.6164474779025743 0.6330337937228485 0.6290177066622498 0.5968414842681143 0.5963620528513627 0.5837917558483501 0.5798581796530233 0.5745919029963696 0.5767865563668518 0.5716106080028176 0.6002640350785353 0.6141046362686623 0.6266033556711613 0.6308882858481111 0.6249923732515847 0.6337589169389051 0.5939503357864837 0.568920897881402 0.5726699504883217 0.5852905862642321 0.5725013095083101 0.5961552830575886 0.6135663435419719 0.616527163455805 0.6278852132232247 0.6016135693199485 0.6072564464509065 0.5886708773082727 0.5719600425991845 0.5896383878155199 0.5921383282495445 0.5790615499141576 0.6138278128479108 0.6026510878492964
0.6773638433558874 0.6927489666511362 0.6587078537510895 0.6561496724321706 0.686376615591051 0.6877071168332789 0.68467790175415 0.6632425500707518 0.6373126379471321 0.6271717820123885 0.6432580473178277 0.6152221743170809 0.6080538609013652 0.6173798361886247 0.6145867453707269 0.6073029191572138 0.6089105467851071 0.5729325126179643 0.5682502981121643 0.5899778469746114 0.6103163032221062 0.6435082412423052 0.6449536682200703 0.6551811720766104 0.618587227780233 0.6103310073376647 0.5805663327494884 0.6013237914816176 0.5902553525443 0.5478312378934038 0.5819151245500597 0.5851165543863184 0.6067931852735928 0.6380964371466655 0.6482558095098636 0.6228765731339998 0.6082733999201341 0.5829584526031397 0.6021000954353197 0.6043200946883117 0.6154632763995275 0.6284850899054376 0.6150753378892426
0.6773614377288245 0.660395120882915 0.6629186050660362 0.6586717148771669 0.6721728121383246 0.6801250330932286 0.6747536374784576 0.6617155337349423 0.6339580128437788 0.6410732155185861 0.6338976402854873 0.6528803616299286 0.6658984954999901 0.6715622714831624 0.6364523464785447 0.6141484502720141 0.6146328624762409 0.600669887120745 0.6113451753388667 0.5998644812622054 0.6217836022620692 0.6516315239494512 0.6714741453686109 0.6467693693352412 0.6200408234344609 0.608510141496735 0.6209176306735806 0.612006622689941 0.6021778297440874 0.5901221139527537 0.5954906116015564 0.6161247676064051 0.6123724327692338 0.6192741351348655 0.6472937991781768 0.6219361172856263 0.6068377287430647 0.5914879140016763 0.5954557925390418 0.6303670019355175 0.6521183134050332 0.6241411329348702 0.6131946119091727
0.7059311407238585 0.6847727353728242 0.6816646818400368 0.6810045424695151 0.7149845288669405 0.7124221817256498 0.6877888779224814 0.6528452505202931 0.6714533221813429 0.6570047324074613 0.6737619597970511 0.6820479984014498 0.6890124819736676 0.69930146095867 0.676765711356229 0.6452243152926126 0.665438953563921 0.6482187329339958 0.6524370540024876 0.6442398333384179 0.6594912232599749 0.6747553616023937 0.6438873847214261 0.627876626954445 0.655573825236559 0.6660552369486791 0.6506455447070251 0.6208458151078466 0.5949284222519795 0.6034983860227449 0.5926374864032079 0.594722347329226 0.6313699262601506 0.6392717260872737 0.6448690437724189 0.6070202227803799 0.6119176411943545 0.6138856953059016 0.6411075283132945 0.6623856295193591 0.6653178028315544 0.6497645509469532 0.6205993795372142
0.689182682307325 0.7032915553333372 0.7008775042733413 0.7035204601687823 0.7154037983184124 0.7075368541237899 0.698934395905998 0.6904215069013708 0.6777303396946754 0.663661618457945 0.678047436501334 0.6889090037216513 0.7239184870369738 0.7192380369807526 0.6773577371664834 0.6929628236273148 0.6944203165891142 0.6902198549385614 0.6808436253924719 0.6901572785921345 0.6839483395411485 0.6786790923094738 0.648607184090623 0.6652468422428262 0.6445980398564144 0.6484079312749623 0.6395218110951385 0.6395560064742024 0.6100213599762666 0.6031101620272302 0.5939208005315447 0.5814534573913772 0.6042416356855996 0.589917206151442 0.6042361288840691 0.6160724700473927 0.61498629595626 0.637545112929716 0.6581989306146386 0.6433775218060618 0.6542566081826867 0.6539430970372188 0.6341380732541144
