Raster_benchmarking/Raster/continuous/raster-63.asc
NCOLS 100
NROWS 100
XLLCORNER 1743150.8059812547
YLLCORNER 5469288.655931759
CELLSIZE 10
NODATA_VALUE -9999
[rows 19 to 37 of 100, columns 0 to 42 of 100]
0.8035276037803708 0.8156710879913307 0.7833206131789261 0.7898964695967775 0.762584290452346 0.7400961325309139 0.7348840142092549 0.7659251132162216 0.7585425957669228 0.7419122251103418 0.7697647942111085 0.7808411183562707 0.81202685457308 0.8068129219177338 0.7931541106037321 0.787927417109279 0.769652670621733 0.8016766799096213 0.7940975728816589 0.7556612516972274 0.7503911625286129 0.772129214227615 0.8151012975879726 0.8296977099935203 0.8115601679935925 0.7996487970560959 0.7872284975697477 0.7915714762941187 0.812546185053982 0.81337792105843 0.7652691168935101 0.7179489625618558 0.722679047874544 0.6968546908653319 0.683607706148084 0.6927674282560606 0.6839409702788292 0.6583643072458579 0.6401493985724044 0.5910696631637489 0.5624604524360409 0.5590250620143491 0.5785188153972851
0.8234217046359538 0.804926590122918 0.799011263337264 0.7728341371093289 0.726248133303138 0.7066082475958136 0.7231957682665163 0.7251983960128966 0.7283323184840913 0.7219983199498037 0.7442023820003268 0.7631978341890525 0.8011850010905781 0.7974870047807364 0.7880371655457471 0.7543099421042764 0.742767154061778 0.7589259176374279 0.7885394588660329 0.7751950182611865 0.7575938816753609 0.7416786362814334 0.7690360651324399 0.7919455706739331 0.8069288307775151 0.7873898531512032 0.7609374955126204 0.7919496195031713 0.8108030515973709 0.8156817480379388 0.7740118364761345 0.7402448344752507 0.6907111657312613 0.6808733645265346 0.7053450838711289 0.6915088844703018 0.6718044598415588 0.6389879508576969 0.6221888076768931 0.5846346889374184 0.5685482423599733 0.571588000065871 0.577386379211834
0.8202199080712942 0.8286359040347931 0.7829798423094115 0.7468232600277138 0.7384848899840208 0.7261337747301926 0.719089386750555 0.7555706381370234 0.7760215401032594 0.7606633240943994 0.7540037163096863 0.7383053747839058 0.7516154846923784 0.7473105008687675 0.7496114723739191 0.7521801255801559 0.7401438343639724 0.7723740966244498 0.7422763199593192 0.7448621341328052 0.7329977536047749 0.7278215120974074 0.7625103955045328 0.7521035856938778 0.7539606382693694 0.7448278338475103 0.7493737957454957 0.7525382864650331 0.7567937266997796 0.7735679155066431 0.7617765276911622 0.7356829734982379 0.7119103651592458 0.717890031180294 0.717304866746851 0.6897232807019676 0.6713018579815391 0.6562411929121538 0.6452608016973879 0.6029733478674357 0.6098246579941748 0.5819871752229835 0.6103603114086369
0.8126576074895157 0.8293988755980775 0.8174312538273543 0.7433967459894014 0.727455418530367 0.7233755130154811 0.7584215420394562 0.7315323949233322 0.7687967097073323 0.7398887032437701 0.7345606602877328 0.7247009356238673 0.72459912222944 0.7099907873249602 0.7334939052211006 0.7456002117307391 0.7163566618078344 0.7399848197913299 0.7496446156957992 0.7654741033356169 0.7350257141087102 0.730758636646065 0.7319680811851131 0.7406783975741197 0.7238417037149674 0.7415577791872147 0.7131828253342601 0.7199208356603436 0.7568188304873773 0.7233538104157852 0.7095956454142981 0.7394385506469975 0.7108703133490896 0.6954160265833172 0.7135580317843304 0.7162115126180535 0.7034704589369989 0.6642255871702764 0.6710550268483777 0.6459508101712473 0.6332906567546743 0.6042520527882401 0.6082310980541873
0.8249395043119324 0.8246707256743585 0.792599585669173 0.7634989863703375 0.7351071550491111 0.7108912607296812 0.7247017986590817 0.7244185792967077 0.7494048727174475 0.7466625335604199 0.7395114991576442 0.7413227852560265 0.7275321182645136 0.7190714179796511 0.7479757700369741 0.7048007644506593 0.7429120415173055 0.7488485869690513 0.7576790331801727 0.7627334581653957 0.7574760377432828 0.7377386955686385 0.7185943507491896 0.7208963758764373 0.7054827394167854 0.7022569957653834 0.7030850099184074 0.7462570408764505 0.7398226211944802 0.7143726740944797 0.7409285212856793 0.72783692239412 0.6873867707073162 0.6877614747137194 0.6742077552076348 0.6830016225160728 0.6759055371692783 0.6686347226307408 0.6715480712154106 0.6441299362724641 0.6220905392190378 0.6326684310684666 0.6082822380506332
0.8027362337217251 0.801782627838044 0.7777081042127071 0.7760114861341473 0.7414105901647988 0.6951227467568817 0.6798295688716128 0.7218102627527088 0.7348688492751662 0.7006896254513807 0.6919475629411996 0.7212463548348503 0.756432595002573 0.7605714391858196 0.7498007192886709 0.7296551901869203 0.7090283264798592 0.7260212703101024 0.747796468499628 0.7234636828367821 0.7346643432455158 0.7347530967369001 0.697923153852772 0.691653613728412 0.6852707513661042 0.7094407168848901 0.7180669631801294 0.7034809962356845 0.7159941016244162 0.7302878242039321 0.7414095747288365 0.708377241255817 0.6942366703149957 0.6923893266171327 0.66702995143225 0.6465928529014713 0.6471965469849597 0.6606126616520313 0.6627052526058473 0.6387740625310283 0.6185023676132132 0.6181880240479227 0.5890343838615516
0.7644728122394002 0.7749191941620864 0.7661500828603003 0.7438361604237895 0.7173440772452012 0.7311248167655517 0.705737252252102 0.6895793436118357 0.7107338084373676 0.7066639913788293 0.6899547201826901 0.7336211931586291 0.7531965936118294 0.752345247164922 0.7454905473721909 0.7307394148058538 0.7338237299529567 0.706649858812802 0.7037967393419212 0.721580368222657 0.7070228059994467 0.7185401617276769 0.7270242743557613 0.7060983452807504 0.7063143018189295 0.6737940357503585 0.6835097588180189 0.6750926045485421 0.6806504899274438 0.7247232182918439 0.7156019356078195 0.7193115711606972 0.6942974620591739 0.6534390679274952 0.6581311297582947 0.640735368262404 0.6465656753696274 0.6519508922092883 0.6375197561338833 0.6438134366301799 0.6586385395751445 0.6052721501361975 0.5737724211266997
0.7344474814338562 0.7425078483433386 0.7139085868697223 0.7125163902054918 0.7121040330845376 0.6962032398295723 0.715752519720681 0.6840143937837002 0.6630275649916907 0.6772065674555381 0.7065028848402897 0.7077328369724204 0.7192472515319622 0.7291574955773721 0.7239805605811551 0.7297633088870257 0.7208987940334501 0.704223239083716 0.7144012317543564 0.6855232816586374 0.6895529560683197 0.728086571272258 0.703725269044522 0.7221150553822904 0.702245426551728 0.6884701070075157 0.6661112953408022 0.6621960257137146 0.6854318568367304 0.7015766739043084 0.6976409925178636 0.6960527129180982 0.6746129701543115 0.6392501116821852 0.6478728375750403 0.6220405754058433 0.6396223347058778 0.6786507907426861 0.6753305096384389 0.6921887848677316 0.6974021199611199 0.6472181758235535 0.5943899706341956
0.7338624339507718 0.7602129496372457 0.7574082407010927 0.7529487773540808 0.7343162839723469 0.714648144199121 0.6923922260533701 0.68646905629833 0.676792215776019 0.6776927454841468 0.69694356494429 0.6933197848590071 0.7020506348526734 0.708699883826321 0.7308506481160475 0.7522213075018713 0.7694047343591739 0.7469092630908745 0.7212969377282602 0.6975975659169706 0.69098300669049 0.7237579744720052 0.7035333537514262 0.7014837564695379 0.6852932943278194 0.7133120536493148 0.6734828681615871 0.7106192401492708 0.7142995578267716 0.7017952622189183 0.7183871045010286 0.6940975335348409 0.6823843762218644 0.6491360769698094 0.661619368714117 0.6494871587954287 0.6499312049851056 0.6858772943063778 0.6729268951474854 0.7054549421423966 0.6986666407494525 0.6660616737472805 0.6224889139777803
0.7494941303172195 0.7815016099822972 0.7696698910686464 0.7508926090986612 0.7330920942621052 0.7360704470456352 0.727143213774332 0.6909492060367682 0.6756128409083184 0.6744043857018285 0.6931422448596207 0.7090201033785207 0.7156011757641798 0.753865297436895 0.747094926583637 0.7480013416683943 0.768744856074 0.739246938551866 0.7059562364217757 0.7148846575658602 0.7069344654224278 0.7046764100929258 0.7448667416059636 0.7125252381686428 0.7165110976219145 0.6969887882958498 0.694359607747784 0.7210503972611162 0.7227041210296775 0.7233136116965683 0.6970738796311535 0.699160276794173 0.6841714302231929 0.6609692179909495 0.6814519400818047 0.6604645513553522 0.6773395820151802 0.6700965122226686 0.6953386641303874 0.6908734167191151 0.6696430490008091 0.6601129613105726 0.6530047664262528
0.7428715252677932 0.7646052539358648 0.7792061953042881 0.7761713022140235 0.752655873943015 0.7616109206540524 0.7611947744421173 0.7438412139266909 0.7316581736629213 0.6824208126869477 0.6899359969687239 0.7297075678501183 0.7235976912119836 0.766627971138865 0.7576452757077473 0.7547555883533686 0.7692858548667495 0.7245037561326807 0.7297576835812105 0.7286645921865903 0.707173908408737 0.7066639784269809 0.7306872784431888 0.7332886328834438 0.7309718010864416 0.7170545960439395 0.7118816002944004 0.7014617502768755 0.7304080679779812 0.7097857227352745 0.6964324096523155 0.6871609727763777 0.6757118262455126 0.6819481727992848 0.6934887545903624 0.6699984979818546 0.6334998446774802 0.6512016855689539 0.6725413914945731 0.7085783519889236 0.705793726779912 0.6640586512412825 0.6198087629751567
0.7329139907856739 0.7458308045942746 0.7428520472967232 0.7699220337780648 0.777426741983521 0.7849455713554795 0.7730997713275563 0.7341551269072619 0.7459443539339603 0.7382837867990573 0.7063461345530401 0.7117017412566817 0.7421858638960157 0.747229025855653 0.7826800896631393 0.7880922507384365 0.7837676074810388 0.7289168699073973 0.7192777258323526 0.7375521997003489 0.7159567537584506 0.7102914814674882 0.7222421728799756 0.7022272383522277 0.7257248333274949 0.7138860011342146 0.6837018988769565 0.6846678309964297 0.7305292831747829 0.6910342425891869 0.6747992894498863 0.6835183746026975 0.6855416379634713 0.6692627353614724 0.6672575547265824 0.667914757645898 0.6260015866942255 0.6482485513928816 0.6701754940964294 0.711997494683051 0.7209144045727243 0.6833935435741247 0.6322827273495437
0.7678212724333058 0.7858648818982575 0.7874506483858893 0.7682643592533303 0.7572597760593914 0.7815222661065504 0.7554489873071025 0.7411828743123728 0.7292309223961114 0.7488438771192771 0.7564121091983137 0.7349090545084518 0.7166738134585143 0.7458786780907845 0.7616366609741023 0.7800857272971666 0.7488814367707407 0.7344463758384782 0.705338930249522 0.7145992792004338 0.6975040664366945 0.6769074065942103 0.7128014084060582 0.7138947389109856 0.7038182307456722 0.7001391070995209 0.7086500177751015 0.6809212756321388 0.7003739206584717 0.6710663850369684 0.6994698103904725 0.6767740824959644 0.6829463933267275 0.6443289212964093 0.6600408671784228 0.6186568428828668 0.6425927234619699 0.664098002993653 0.6910590616973722 0.717065615967038 0.6975240815222785 0.6640569174149499 0.6557639253985285
0.8053429681831379 0.8151831698919878 0.8130315798048904 0.7760814639271162 0.7654695250280469 0.7600880230861793 0.766937624721604 0.7393695032791506 0.7476781111244509 0.7416240408373043 0.7802276218483247 0.7485319124340936 0.7112150769234015 0.7201776708319746 0.7354827378438709 0.7670988528481778 0.7400681807589771 0.7280971801961379 0.7182234811110585 0.6818083431417671 0.6606835870344472 0.6577319751723146 0.6878648209948077 0.6704970577611143 0.666134671714599 0.6843229882808824 0.6913686163665834 0.6883665675237117 0.6526133662553578 0.6834088317040588 0.6829836872652943 0.6550974874345447 0.6610526382720101 0.6221628063646232 0.6172142822685509 0.6341032857030316 0.6395941520990123 0.6666802782951438 0.6785342996071663 0.7077918361351198 0.7154546569403697 0.6745165749988207 0.6319049267796925
0.8006009675910927 0.8114271684147034 0.7832951720913912 0.7877419449328256 0.764955844543075 0.7674080589049952 0.7805744596040867 0.7793477495022277 0.7558117478262858 0.765490286777044 0.7531480409909903 0.7467517114198315 0.7061718204315862 0.7313267643141504 0.7003530496041944 0.7321418349905845 0.7487655116366199 0.7107716393231709 0.6895250914688088 0.6843539830651957 0.6459750706085889 0.6716522653031521 0.6691390304537049 0.6546540388174863 0.6480108572926461 0.6638907814584133 0.6747143635552758 0.6615018892403018 0.6411619609318575 0.6532579497802096 0.6733427125975187 0.6477291412136457 0.622912701238054 0.6198763000269726 0.6123854473795209 0.6309275794830349 0.6594939971663765 0.6667517081735477 0.6867576733538912 0.7085946151870137 0.6740056444375782 0.6398422865697257 0.6068880101199919
0.8371021382321844 0.8145555756793611 0.7867713722848068 0.7734997530346672 0.7571060899115566 0.7758714548932065 0.7970546435012672 0.8028183840222181 0.822868807025891 0.7575171081710784 0.7417851019884422 0.7287313918382466 0.701762079331221 0.7031759285899952 0.6855529836836627 0.725575410768659 0.7328281695352936 0.7029367659831044 0.6909319782629353 0.6517988990176851 0.6288069782763269 0.6426321112123826 0.6620592757642514 0.6501572579790699 0.684267337039519 0.64931952440475 0.6229066041569765 0.6442680357282237 0.6074878221101974 0.6425482534680548 0.6600765417676592 0.6375834121790908 0.6112397671758735 0.6106231610753343 0.6091867046696305 0.6407298354992581 0.6905779675624006 0.660963203552577 0.6603510619751148 0.6831301350325025 0.6906644003135053 0.6376691323849057 0.5783481796451797
0.8142779480497861 0.7846810682614799 0.7760823301658134 0.7832950561224689 0.759931712830576 0.7473826420538945 0.7466881617953328 0.7776605842495463 0.7619287905788567 0.7603508906023995 0.7627514240519145 0.7364818573990736 0.7204216419268652 0.6900199437565575 0.6857204640354344 0.7001960115796957 0.7200222384036528 0.6898758313679377 0.694605461084667 0.6603714278686367 0.6469407975417452 0.6777310889404917 0.6778909715680155 0.6598342326870308 0.6610544750968079 0.6500589112520871 0.6497363638611796 0.6391141772370525 0.6136143651988949 0.6121489947620794 0.6401887938964199 0.6286825096413876 0.6260464694451164 0.6232790310163755 0.6535453773820054 0.6350150311232957 0.6475685933893094 0.6448905923635538 0.6603106201501757 0.6575639275557486 0.6370481932302692 0.6275770864765655 0.6004702695165333
0.7832278504055588 0.7779721072084902 0.7416137228503179 0.7677424212797066 0.7688915042949018 0.7305784051333626 0.7450445001532181 0.7372381695577594 0.7071090153075489 0.7350022682281777 0.7209551797998782 0.7356710574738062 0.73411604536026 0.7300130917197531 0.706278035327613 0.7103198172002557 0.6950324706303446 0.6936629471502143 0.6925487374850186 0.66638418518707 0.6307430703336772 0.6579052667266619 0.6995715091724743 0.6800754893803888 0.6482839849672173 0.6518632242954204 0.6284426794742435 0.6531776698178688 0.6129893796357795 0.6086298774377255 0.6468271927973464 0.6098830244256886 0.6048802005094475 0.6455760924882855 0.6613476089411692 0.6420439091713437 0.6514599140422933 0.6260418570859919 0.6380936220369889 0.6562229955375186 0.6441799671256728 0.604085229489721 0.5750265180846039
0.7905624656411341 0.7570218951801829 0.7268256554992751 0.718994636276652 0.7459671892158052 0.7268013614170208 0.7421447702634504 0.7085902804001126 0.7221010192077328 0.7347191027591295 0.7258577554156076 0.7220806227310715 0.7381765018612052 0.7264617240809177 0.6864180052640376 0.7037022421102738 0.686360431441243 0.6919607044732062 0.6526382585651946 0.6534418239938767 0.6684456511515235 0.6811721458020426 0.6974754458132045 0.6891106984441758 0.667842752911762 0.6566270815144594 0.6684927437749746 0.6544652361542896 0.6419631771457727 0.6396391603347976 0.6357485294160726 0.6066786243497063 0.608951090772669 0.6215814167085025 0.6494777999931667 0.6657265368027265 0.6665702982405137 0.6579550116765042 0.6452019306982282 0.6310623190395172 0.6020167714014184 0.6080241110823728 0.5559776448843063
