Raster_benchmarking/Raster/continuous/raster-266.asc
NCOLS 100
NROWS 100
XLLCORNER 1743149.958719606
YLLCORNER 5469279.329563946
CELLSIZE 10
NODATA_VALUE -9999
[rows 57 to 75 of 100, columns 0 to 42 of 100]
0.6139662017251787 0.6541216947938308 0.6568885139679209 0.6533520156986755 0.6222455877774947 0.5928669926309388 0.6067657781363222 0.6079908129905345 0.5839091212127596 0.5458891240750006 0.5451089689268525 0.5572938123699914 0.5273476498220302 0.4742584232576707 0.45079463555960697 0.4526750462537265 0.4398522831230835 0.43788686971220786 0.3998458945782062 0.36727210334436894 0.3676937765621409 0.39099462632238263 0.38723117808849783 0.4249178720599837 0.3919584481615417 0.36591904650853585 0.3787300572354711 0.3958006613936884 0.38643501977689865 0.3828443764972029 0.36076354315817377 0.2895297492742315 0.26850998389295366 0.23040757884027044 0.24121332755590547 0.23097756483852586 0.252278128889534 0.23387984991876226 0.21816736951073362 0.22323684626878681 0.16560112126703616 0.13924379878551738 0.12011549965342912
0.6198900472149262 0.6450836160592454 0.6359661048843774 0.6275239285817138 0.6112013518159367 0.6493979510903006 0.6123755050927256 0.6332014595465505 0.5981306647393905 0.5451251429593185 0.5029650484199074 0.48553633790540096 0.48294284556882305 0.45651882584953507 0.47376093674329167 0.4505639698991209 0.4187387713192512 0.39900363659032534 0.3731201678718585 0.38572444283503987 0.3716468748589944 0.38576262072403095 0.3883099381610896 0.4360193134853193 0.4074512738021982 0.4089211510545944 0.4141633840455212 0.42589943524080626 0.42332264842406725 0.3838786911423494 0.34929342122120677 0.30712852488256526 0.27877757615338616 0.24750758168668194 0.26184947002373776 0.23511697490103922 0.23202399886415706 0.26190676276876773 0.2510582721078376 0.21747325773689136 0.1834976062411204 0.1374407705109556 0.11424573963780713
0.5988144390456478 0.5912710274870291 0.6283313646845848 0.6000020132316579 0.6387733655326693 0.6177965794338565 0.6221178208474599 0.5933500987156012 0.5713048720861503 0.5438863815589589 0.49041657383044385 0.47939831714774384 0.43620555096267605 0.4437212934472876 0.44602348055811053 0.4332784163336405 0.3858416157096241 0.4015121931208107 0.3666844890466512 0.37732927213861756 0.40918089178228784 0.4218448453382139 0.412877747170057 0.4358343155019299 0.4266818286976014 0.43656343236630124 0.4496954485922444 0.42432785607726226 0.39562001643785183 0.38134743527853787 0.3378461026239251 0.30177514263318334 0.2809242812312777 0.2673280279520437 0.25648290520999206 0.2570713099171425 0.23879190733538638 0.2540089111133678 0.2396760460237764 0.22413460936366988 0.1904763521499927 0.15036924555421105 0.11757312782568957
0.538266651756709 0.5589001484932372 0.5818922314256157 0.5926570931518513 0.5974848563932387 0.5831042371904306 0.6038622038452438 0.627507191045663 0.5748152981156748 0.5140057362340096 0.47484741963513355 0.4777989784045971 0.44059054341296544 0.4146764561975889 0.4223843220555585 0.3789193876809282 0.3956038749877482 0.39874717634401996 0.39030955762950176 0.3737463427261212 0.39660198632725374 0.41222863335314736 0.42002074988861515 0.47214865799418065 0.4587114123024922 0.42850712770538957 0.44147223921599327 0.43451584082414135 0.4073974349631728 0.37383219944630536 0.35936364786536146 0.35933523387928445 0.2954824851788995 0.2669774069549098 0.2398945347220639 0.22270374735797294 0.23894187362953528 0.23511790806125615 0.24262897498024966 0.21470786937309544 0.20756058737458696 0.1616017242257958 0.15839634103109934
0.5440444234843212 0.5494816771838105 0.5929558156935396 0.5866089822390085 0.56308270284315 0.5541676452454672 0.5917276338785732 0.6294003969664855 0.5905090898657078 0.5277995742558328 0.4851423291833162 0.4799256648822754 0.4699048302060588 0.4365416495050451 0.41487063877266067 0.36139102830540665 0.36688955481206126 0.36123077386471975 0.41313930973389823 0.41680416435118717 0.40622833027186345 0.42095247879862885 0.46740993957865173 0.45153244701817796 0.47719548537178913 0.4300870033153901 0.3976789543329322 0.39746919032059236 0.38748292207348695 0.36793226361652887 0.35472382233766314 0.3617712595113127 0.3119586475164004 0.272874139629223 0.2591388723095827 0.24398786988160537 0.24078142391660118 0.22260323068177554 0.22518854092414495 0.18014423737721252 0.1681333438430807 0.1734144546998646 0.17359358688459223
0.5398375262488871 0.5720397899561943 0.5574677262346622 0.5621764369320666 0.5577096299775702 0.5827440772603072 0.5947819986027785 0.6212289992214344 0.5428135217431971 0.5029696046931169 0.47347374430939987 0.4599905869279347 0.4719509940168356 0.4588729839637733 0.4337451431232097 0.3394820656572304 0.35286732649713004 0.36823211407992124 0.42512529737485505 0.4184551455998913 0.43731766944398986 0.40109027587878626 0.44391861683742956 0.49305767335105993 0.4840401049312148 0.44078228444506024 0.401688216159234 0.3674198533373199 0.3469022532137749 0.35872418088964086 0.3471591932018644 0.3556971873227383 0.3310656271344799 0.29560207976963593 0.2694161794076683 0.21357757257574514 0.2363505145034669 0.19116616925338223 0.1952813368694801 0.1839051512627852 0.19484417628144485 0.2020515533238873 0.17198027898006749
0.5120930273460164 0.5248284734574585 0.5305230218126944 0.546065844641539 0.5568929771015355 0.5880023309569444 0.5865058083826699 0.5965577909775608 0.5628349456642723 0.5068164803994143 0.49947771022797793 0.480136451814229 0.4720227296867035 0.45086377598128025 0.441698509238594 0.40349299199882227 0.3786810670364535 0.4264992458043325 0.4033599458586017 0.4083887561248245 0.4266451053951659 0.45100954403304117 0.4521753335844227 0.44300135858877143 0.4522337771700023 0.44450731363481705 0.38819356594089527 0.3885577881233006 0.3798822861191528 0.34519081736922835 0.3574898947240304 0.3154142625705329 0.3086482489582363 0.29842921502609976 0.26674524689207163 0.2319580793052143 0.2425997969468459 0.18004991085461053 0.18530537301421354 0.16901147426778798 0.17822379527662294 0.19114764446629137 0.15532360403655437
0.5190165986388446 0.5055289437303044 0.5303044662967015 0.5384495610795335 0.5549126022665325 0.5643515982893493 0.5757883119164222 0.6096490227903372 0.5843017976151985 0.530366481186637 0.5075755223386553 0.5042149320408409 0.4650958723988545 0.47936957562307947 0.46700789659339065 0.44370463995987103 0.4511030116164503 0.4507012439218473 0.42323782067317645 0.4151506974522133 0.44452550781267813 0.45827956798540653 0.45226112005356417 0.4715966261283224 0.4668495791622128 0.44754312964616905 0.4087150580884735 0.36428546682971624 0.3646616785016659 0.37240695723382267 0.365859666227339 0.3326872644843573 0.3449448695519896 0.32883482654697405 0.2853214225394056 0.30113378940162694 0.2667588807395113 0.2051917066146096 0.1875625187751806 0.18536044729645332 0.17505026658692666 0.13930929511603038 0.15819746816609917
0.5077620329721275 0.511063240504427 0.5415103947373222 0.5339532391508607 0.5795298292483007 0.586459204990715 0.6330243854321272 0.639819128801149 0.5904409914348271 0.5329263989554431 0.5295776485036973 0.5251656552874436 0.4987454708971171 0.49116654422449113 0.49029336431269327 0.49496264909574533 0.46832322021162137 0.45047078470277746 0.4596479890095463 0.4235981422537618 0.41979086785042163 0.4130860007446493 0.45475004554521536 0.4701726092842873 0.43588720293573935 0.4194959406032062 0.3817883531559538 0.3681789614153955 0.3483256503102427 0.3336968891101855 0.35097688734550864 0.3434884431466295 0.35054722116322407 0.30897715836100154 0.3124764185296412 0.2729832857882724 0.2613041763293968 0.2104343551903668 0.2145810985790211 0.18227447544093933 0.17161241819800357 0.12745689979934133 0.15747661940038912
0.5037259105850678 0.5168750365535234 0.5371278120693358 0.5688162812838117 0.6019391169212761 0.6234331082240957 0.6349673765538906 0.6445777274495491 0.6013357413550154 0.5609946296772824 0.5257772361537776 0.49941734675284327 0.4777465597995215 0.47350102880807354 0.49115129846460726 0.4916753060377155 0.5014824608583521 0.4945125839233683 0.46093022266869293 0.46547559964336205 0.4519920869912954 0.4030835935575705 0.4115686440618197 0.4216007904163768 0.40526682489458987 0.3670592204342363 0.34421599080292353 0.33313913994423966 0.34470895971221915 0.36063818628950445 0.3405336490089947 0.36504537352570987 0.31996856827549786 0.28103768907589977 0.27535083200430605 0.29659154762198986 0.27236719285020716 0.2394655916726834 0.18824007516460117 0.17977534810047946 0.17282178091600256 0.1454116190324459 0.18258448470325986
0.5409555565616898 0.5125647007549357 0.5495486642313578 0.5612044133840561 0.5629849676004958 0.5766744110481447 0.5990119773432587 0.6314071984253052 0.6107799156609159 0.553085341316391 0.5506280839567694 0.515170795101996 0.5011262418586203 0.5061446883266532 0.4714384366572292 0.4706126677505757 0.4856298463984401 0.4895091639013638 0.4973661391987135 0.46678900213878916 0.461008500029655 0.4261069603405953 0.40130591553575606 0.4053046871759588 0.4226013913097936 0.4015609388034164 0.3460429087217339 0.3399778286029387 0.34205535064271614 0.3233527902322233 0.3320067166245201 0.294102250024572 0.2929291707130737 0.3103314193653372 0.30995492449848916 0.2871541140472685 0.25359094894885076 0.24685885399415264 0.2128422900248893 0.2151511760149755 0.1781384671013247 0.16655536717274372 0.18805412224092619
0.5327415158691583 0.5430450057596207 0.5536678189045843 0.5501216876282892 0.5517977303149999 0.5792361392317332 0.5761818770287004 0.5805048832301147 0.5993042713261142 0.5794265043978102 0.519882875388513 0.4884212927401162 0.4784310285601515 0.5087424344257327 0.5006098790024034 0.49096062606282975 0.4645134129467759 0.4834279094269303 0.45932581387197163 0.47403808391519026 0.4550982187121068 0.4231032007582697 0.4195264757986913 0.4637672444726712 0.4433789297021052 0.378183448735889 0.35492379748004965 0.3828104897459057 0.3500548212998942 0.34831423137906753 0.29817997484920455 0.2916479792768323 0.2989600642879861 0.3111045214149278 0.3224333952974705 0.31362871959270505 0.27185934780693854 0.25095093623137193 0.23116451092228926 0.1911918710237191 0.2130501255208182 0.18651381257014285 0.17027575280055432
0.589282808703406 0.5936121262743596 0.5742062555151817 0.5673275970491315 0.5823464224347775 0.5490379994244975 0.5622907726773101 0.5571257807715615 0.5628211646870335 0.5647633540519273 0.5476244264522301 0.542305167016734 0.5049724580698052 0.4871392873987495 0.435335429710531 0.4308132269296006 0.4414928099399038 0.4811770643315632 0.47816116620108357 0.4601629343959858 0.4703275926130111 0.42993139953488013 0.43468999889665133 0.42833389871885225 0.43999936503319387 0.39362617571790337 0.37045295355056573 0.35377597952903217 0.35001674058436155 0.3431413916851009 0.3224274340929417 0.2883286350249889 0.2942139993906588 0.3228784353605968 0.3297403034430797 0.28961882298282904 0.2725852985711456 0.24557673471341185 0.23048581002547103 0.2002841195083862 0.19004367782940879 0.16691096429212926 0.16513897773632671
0.5960141871482559 0.6153453142535662 0.5861807184683292 0.6293812703241565 0.6264972790229139 0.5639346305380115 0.5628386139994268 0.5929922906802806 0.5719596312660385 0.5638357586620133 0.5342203931538466 0.5270691319583939 0.48903852421217464 0.4404749025241421 0.416328090780679 0.3803276532679144 0.4274118315794111 0.4491564102196704 0.47354567225925176 0.4613592166623242 0.4484277361493826 0.41993261029912643 0.41537772855423294 0.46796036568073923 0.44999926161763537 0.38400239330559705 0.3550533239674794 0.35820841250771074 0.3890342819230038 0.36219382500708136 0.33655123812517834 0.30703057279686585 0.32168977492517 0.3197507925773726 0.30058505750160225 0.3207519747622559 0.25450700077118266 0.2503441614431256 0.22616396915860482 0.1501258738368091 0.1673195598397216 0.16220985097940233 0.20181561748002866
0.6420528849637225 0.6332137303181734 0.6219962582769262 0.6267502728831956 0.6240734120552592 0.5924191175498879 0.5736809638958171 0.5558753564238524 0.5353352066148385 0.5026447237590372 0.5153552681896132 0.5171370950159991 0.45290819344908917 0.4383590569320605 0.40669949057200044 0.4122783756081615 0.4078888308222938 0.3973403608048232 0.42843975892887254 0.40729416144714553 0.41380799763671233 0.42199197482882317 0.42487121497741887 0.46046049161025676 0.4278570061650258 0.4061413476735261 0.41109736077473935 0.38179705063727615 0.4104452216753101 0.39646563627246684 0.37159365520676335 0.3285664816254886 0.32562485533121266 0.3343618283293185 0.3284183242594844 0.2895987381213037 0.26924728154205685 0.2193421735878 0.20364950061236403 0.19705288820957872 0.19774952229904555 0.18557547082855655 0.22395668765870574
0.6533665623397206 0.6467302849055977 0.629955905520253 0.6432756494758737 0.6502974819061589 0.597823441582878 0.6112077980327163 0.598659176261341 0.5438618366637319 0.48946265848912895 0.49013193120271187 0.46768528736961884 0.45606455443268107 0.42846561022823837 0.42974962970949354 0.4276753651093062 0.3904881587474823 0.36302572463286964 0.3752011914206838 0.38838921439183133 0.39752314306356895 0.42979456701041996 0.4018954881811759 0.4407468349383898 0.43751165180384355 0.4259612607644337 0.4433716597906416 0.42983291518852923 0.38964255454744295 0.4045038861870551 0.37495795167282114 0.3341804439893173 0.35835033656840126 0.3576663875430684 0.3330480700642191 0.3056213808037333 0.27686923658176454 0.2539787462816516 0.256870617632797 0.21625394478654977 0.2090050449760056 0.24988661720956948 0.2761492782782837
0.6003018926603907 0.647158619883602 0.6175188614008139 0.6559752969371989 0.6321298407382812 0.6128340265573079 0.6069884160140685 0.562432717853254 0.5325979437715511 0.502561098725734 0.4582818674016859 0.4658778423986713 0.43001937915520405 0.38625744664456263 0.3846513464195464 0.3795062742329122 0.3742732167836704 0.3905212309197275 0.3801531408270451 0.41230878602002485 0.41638681709898195 0.44378896542034973 0.4110846639363237 0.4091358267988969 0.4137495323849338 0.3956381299454287 0.40316444527599843 0.4150383159345765 0.39044289271371563 0.41834052839910435 0.37283685294071667 0.3490306761790683 0.3764178875756647 0.3467656963907385 0.3219135743218403 0.27633189742676717 0.27803000201971656 0.2637218379078675 0.25879163013623113 0.2769238153581283 0.26461082023803345 0.28278672720700615 0.27894140847944754
0.606701787705421 0.6176646047244054 0.6066290234477315 0.6512734845037582 0.6506669724457589 0.6356339718314603 0.6116184645734523 0.6063150925818611 0.553618314640946 0.4961942354639034 0.4423842241577797 0.4094623061158471 0.42371919114786616 0.3762304425044018 0.40438093143306175 0.3771881011901879 0.3748742608435337 0.3509393764680692 0.37833117567147767 0.40844382853610295 0.43425028799708654 0.42082577466904636 0.3965506306980378 0.3386109586612026 0.36485191651671894 0.40182875460538964 0.42666728379883556 0.3890510957943063 0.37167226783184704 0.41521378980604745 0.3908525918744752 0.38671234223714007 0.35253230948172043 0.368097868046555 0.31923931231408137 0.25302299715017906 0.2724127952102376 0.2616366214994996 0.23664299797437852 0.2715981382674658 0.2955579794083231 0.27580728372483365 0.2610509379505217
0.5779114108124593 0.606395542097902 0.6121830552528325 0.6271589602255347 0.6196425651341522 0.6368474198683264 0.6121451252757657 0.5902325600466437 0.549807014677131 0.47766754638455694 0.45848972652486364 0.4287336774045792 0.42273765657804385 0.42150322406753155 0.4058621288542048 0.37817948932491446 0.3542910207512187 0.39699679274663396 0.3932042953118588 0.40244407251224007 0.415311946121615 0.38601100876657646 0.36265004939416273 0.3584445268859376 0.38349291949412473 0.36836863517377944 0.4110114404820074 0.39080111028341274 0.3946412934340425 0.3926027635195273 0.3771826165306322 0.36502608070957016 0.33401810769690216 0.3266142718189723 0.27022928011284764 0.2717708683146944 0.24991314165726383 0.21891764346624834 0.23330341766935447 0.2722719790201295 0.2756198554193085 0.28159355263994573 0.2500856867201567
