Raster_benchmarking/Raster/continuous/raster-486.asc
NCOLS 100
NROWS 100
XLLCORNER 1743165.02814211
YLLCORNER 5469277.480988706
CELLSIZE 10
NODATA_VALUE -9999
[rows 19 to 37 of 100, columns 43 to 85 of 100]
0.4099728853640318 0.446611007395785 0.4445954988582578 0.4660450268776784 0.45524660140431766 0.4553151295502467 0.4287454282773212 0.41351962133681264 0.4019136805407127 0.39546422455134966 0.38938534846061534 0.3796513122478878 0.3994662939451568 0.3829622784081263 0.37075163355626845 0.373199648211071 0.33387300024531713 0.3434512682783188 0.3305831945279207 0.3386384988936251 0.3425811778575239 0.3206696806772016 0.3269131035794592 0.3443091913541263 0.3628192284907127 0.36746829833929856 0.3430541261430357 0.34561893866124016 0.3560956219985418 0.3364851308599088 0.32833179346322583 0.3263621632544803 0.3275995570896794 0.3387732597097702 0.3068034444564539 0.30593079409269197 0.3225234131821754 0.3126194361745305 0.3045397767398653 0.31190164917725316 0.30263936804614033 0.2762668193927259 0.29243205039095777
0.4398399906082707 0.41754044860878475 0.41229403912998247 0.42170444327460355 0.44106312510736456 0.4330339814315486 0.3944235868925341 0.3875474477695211 0.4155074963333548 0.40881648460079867 0.3785005162139397 0.37825374636125864 0.3974780356217407 0.39718352862027634 0.3698422907998972 0.34859339318977167 0.34744225100428316 0.35458113513496 0.337522599906551 0.318439527871897 0.3170289476454924 0.30255978415434576 0.3226367816178462 0.3411027328079914 0.35756145697895564 0.34505268517501275 0.33417308931684203 0.32420292604434386 0.3137107608541969 0.31642865888380706 0.3047716473619204 0.3364233311436256 0.3069131491060749 0.2987274509009497 0.31279648493352225 0.3061271491126788 0.2637160783482283 0.2692423701472514 0.2914019551361797 0.2862741826687855 0.2895466364519031 0.2915708288174063 0.3059617814191929
0.4357411288664925 0.4079512486922209 0.3972907404343945 0.39056218954943167 0.3978748613023371 0.38762373034029074 0.41045911934860135 0.377035822325025 0.3896752231011308 0.3899884180729281 0.3995764551693323 0.40228319162782833 0.389104204060078 0.3595904803345889 0.35553685523208917 0.3296384150071575 0.344565550764118 0.353388287080669 0.31018782286575214 0.32157389942373077 0.29838402860770924 0.324750426627516 0.3272017657733381 0.3194894317840194 0.3128755283287128 0.3329798992342525 0.3116106793744078 0.32219726851569563 0.31440508765071723 0.3064690290923951 0.27829373078522557 0.2975625920485751 0.28684084415031924 0.2905015246801587 0.268214654259499 0.23535852867355367 0.23679044458579313 0.24242669463910402 0.2681306691391309 0.25950078677513155 0.2897288218450635 0.3210653355178655 0.3230888845177184
0.451790356158402 0.4107075569457824 0.39903595607930537 0.40249108033478215 0.39413101479818313 0.3846466986950759 0.374973052770284 0.3647538436022123 0.35455170284017284 0.38770599680191814 0.36470361018945513 0.3825501325206108 0.3462190069033074 0.3263917129931774 0.32662127841760724 0.32093635407924836 0.35116045254792166 0.3410806455515501 0.3382716445701003 0.30562871746911646 0.28451027322015643 0.32188321421709554 0.2956195884448081 0.2797766721452111 0.27465206304731515 0.2894176001168601 0.3174288280421909 0.3043426072296926 0.30777964735156504 0.292153902866326 0.26979567871791926 0.2404508088721591 0.25439471522109824 0.22858325128759946 0.232843166178233 0.20955316453449882 0.2148660350525322 0.24355106799311685 0.2367343164980447 0.2484067250575225 0.3010449523041152 0.32754428475635977 0.3073984480852429
0.4218744010406111 0.4049880514200083 0.3888502612430522 0.3923197170442577 0.3722017330548539 0.3618628560239145 0.32593525457458394 0.33141870629429776 0.3490958346328898 0.3594570799027636 0.37091513844685253 0.35402809211267705 0.3618140855872303 0.3272327982874283 0.3318843124296228 0.3082420350213586 0.32241450251103804 0.31681717925622566 0.3178496176805251 0.2968870530116746 0.2938162436651672 0.28843037644518504 0.30476344337946754 0.31359499198551377 0.2924329357298093 0.3063458458398678 0.3000895563563017 0.29383410177328845 0.2622676355254446 0.25079698797545996 0.24773964954381097 0.23513206390653335 0.24642209882582855 0.21877503673716542 0.2374510787940117 0.21239137019667267 0.24686290631367402 0.25844806129299314 0.23750555790624298 0.24579711700974963 0.2859749431416965 0.30130004970753604 0.30396085050757055
0.44205149191186877 0.42302552992656917 0.4137598476440419 0.38189759948972263 0.3564771948812734 0.32286750386360574 0.32267366310858214 0.30323256320544295 0.34497668437025475 0.35528686326302233 0.37080514728605896 0.3688003290889184 0.3267966041724308 0.31988573403676146 0.3304732333613378 0.32004056127872776 0.2979670900209832 0.29756908772168034 0.3008716776450065 0.30427585583080347 0.29141538842722375 0.3073622470550531 0.3111281455635889 0.3180648855450799 0.3103346777506859 0.28798127247913646 0.27587838314202395 0.25613624085349146 0.2727010095881961 0.23479517751713655 0.23753759191173285 0.24344064833543666 0.2222084004760294 0.23297114504066205 0.25219247205612616 0.23738053155887 0.24192709848822486 0.2704947063612925 0.258896312954966 0.2600658720004408 0.2892323767505536 0.3209694339942708 0.2871040147567629
0.4128086981464418 0.38494966092242877 0.38475733848141797 0.37839372053019665 0.356760140457208 0.3113966038374362 0.32428471973074263 0.3179217738007635 0.3208537108087491 0.30785689356324103 0.3392817494437797 0.33860286626617386 0.30422035549718063 0.2787105520362591 0.2910840527247605 0.29117877397893954 0.3247222734843923 0.30872925140989954 0.28207594221006954 0.2812837387375985 0.2977743472287227 0.3198482631090486 0.28899517045372203 0.29952519148595336 0.2917204536290902 0.25619666619999876 0.25351197362203237 0.28049630778278456 0.26911771783062494 0.2578119838014721 0.22796597486968093 0.22890028126089235 0.21797930679661323 0.23022652679423145 0.2228924226504729 0.24674405400321936 0.23310933529493805 0.2702305300230802 0.2866109909004388 0.28470611208017327 0.2935942260790284 0.2910946079249822 0.2921536132808815
0.4295217853281167 0.37180299622063956 0.3493152391455976 0.34896948447978976 0.3428281779347651 0.32368754413780415 0.30437589527068765 0.28617796270272416 0.2758598199000144 0.2902073248895158 0.3002802985094886 0.3130328641510307 0.29027280233163594 0.26403588959717916 0.28073735812902895 0.30324732453422437 0.3090702162877533 0.31516257719804625 0.2929747956782868 0.29188346271491167 0.2757790546711139 0.3055546765819033 0.2816691171005362 0.28217171777215216 0.2685019215754322 0.26123551361865277 0.23424190141638954 0.2639449330679952 0.2659951934000243 0.2516842801378704 0.2390094378152672 0.20005777095166297 0.20846580736428486 0.20003394712968067 0.21219107654214653 0.2205925560298031 0.25556398928713814 0.27555240215022864 0.2873263269818902 0.32699140399228427 0.3334400929686059 0.319537501879376 0.29404692327210585
0.42059976723264825 0.40279990979338665 0.36436896686073217 0.34855003595377154 0.3362473956037156 0.3051148269032507 0.29810088499551707 0.2980250656690323 0.28514120237720164 0.2877377037503439 0.32117458633544177 0.3320025632536926 0.30003970819296694 0.25843071708487214 0.2705238338953723 0.29559166134645387 0.31832958256794347 0.3251013294541368 0.2900818409012283 0.28108322825101334 0.2805403450616248 0.2808742278593778 0.29310839321144067 0.2898792148893556 0.25555386778942235 0.24961415180646668 0.22969330785355085 0.23393182124842915 0.2521237256010763 0.2412554421147364 0.21416312540737453 0.21117408726991754 0.20513284337511714 0.21498475013701446 0.23030628367412959 0.23975894556745395 0.2542458796225448 0.25276442998765414 0.28642671059075026 0.29196615915038987 0.3306801371310002 0.31883814255183734 0.2806050917828122
0.37304884675282923 0.37810848405793934 0.3494801290352174 0.35066299472119 0.3134660829231556 0.33854987940362213 0.318755786673255 0.30206495903612013 0.2931029010744388 0.30956215982163915 0.30638033575120427 0.3274290265329411 0.2911316983691624 0.25405075647125824 0.2812092150047788 0.275073289678094 0.29820214889832775 0.2975404802819501 0.2814588498549841 0.305244901476127 0.2681711800396753 0.2824441494908688 0.29020295622322406 0.2517316174068551 0.22650845209722592 0.2338148300485961 0.2148553703167726 0.20775043106284705 0.21292608467920388 0.23847787118145117 0.20626836877709545 0.2157519904613226 0.1977763771028205 0.19336425389562617 0.2450065330360607 0.26481857467249204 0.24692270529193158 0.26804454380754456 0.3033260738481659 0.2881306994526335 0.3202282865693275 0.3235029911558446 0.28851586317446215
0.357308086944344 0.3641963662673262 0.3364769810898087 0.321638910433421 0.2976686455526743 0.28297101224943233 0.2971476579449885 0.31961051264945567 0.30288939771914686 0.3264704631660191 0.3295012734874148 0.29933832927630194 0.2827878698406041 0.24382098661407284 0.24321962111131915 0.2209342460717453 0.26036395469112633 0.2787458115861655 0.2925112874710367 0.3069576341889371 0.28258627400291353 0.26036700883641223 0.2691054129474256 0.2820465739650116 0.24633471264439932 0.22951278189006274 0.21047987189349288 0.1983683234005147 0.2207167597934787 0.21653467699629084 0.2076110027181053 0.21962214717075104 0.2325230393213809 0.23999319185487936 0.24824695292212698 0.24624312848691574 0.2551171225551548 0.26178015490847195 0.2986838124574283 0.32543951746688626 0.31069079341053557 0.3057263646143807 0.3191443287996209
0.33532987762558897 0.3309143265886471 0.32520838730794527 0.28756627039710897 0.2945865507327319 0.2759338883475048 0.2893203595355201 0.2956832913234121 0.332205606580609 0.33242061131798356 0.3181618934132502 0.3162592947591479 0.29866550398196295 0.24733291298559554 0.2115676939533554 0.18532241203028738 0.20702846343020864 0.23761911126949142 0.2648081761909267 0.29433493642166153 0.28312443268601767 0.27370642093214287 0.28781078438759394 0.32413084231088735 0.258605421071992 0.2358489397955813 0.2137752119349566 0.19971744383544396 0.19065751120160981 0.1944723502143407 0.20318601171429415 0.2245980075504466 0.2349127072324185 0.21779310973138316 0.23764326023751525 0.2522693903178516 0.2924239518687785 0.30157271658428897 0.31519531663645006 0.3543105582834604 0.30067640562975456 0.30534083381060323 0.3286142048721813
0.326894964286922 0.3170273036670444 0.30987007153969004 0.30773328920695325 0.3075189492160699 0.2965758241238151 0.30407463576350563 0.30455250738320666 0.3194196291210485 0.3136870166511403 0.3370184935050554 0.33208322684327646 0.30192015624187224 0.2743374972135949 0.2377549503014306 0.22799012187056106 0.21734107409902292 0.21437413538801242 0.23310791356052563 0.25921799604138795 0.2712692095416139 0.2724536326825711 0.2731829594057943 0.2470673050962131 0.24634726546443092 0.2144414246997274 0.20940416315262836 0.20355783340740918 0.21964632262781889 0.20915260617995488 0.2266498510594189 0.23556928598334376 0.2484377196311869 0.25788900072000065 0.24856917966972875 0.2924017549413848 0.3092686497094496 0.3123512417094705 0.31688584472962456 0.33243123994042256 0.3108492014868774 0.317497834480561 0.3321380106258755
0.3259318630900378 0.3152645474009216 0.3106169103169968 0.27705335591292896 0.2913968743792917 0.3100998585760032 0.30678412833770596 0.29991611687695435 0.34051129359009674 0.33075584542009484 0.32664631169135755 0.3305368480000045 0.3063435941093495 0.2689408389516062 0.251152256401125 0.21182451425149232 0.21621913410955051 0.20307902056414684 0.209644841386508 0.1966099894073606 0.21333980574442596 0.2443829047514274 0.2144746801025299 0.2104351644313697 0.19720347204507635 0.20424345855168374 0.22440040433363198 0.2250099846466696 0.23177666876741398 0.21857140212540127 0.2508835465871946 0.2421088634787983 0.24610873328017926 0.2759228171218452 0.2859532415886383 0.302746440917775 0.3200803591051141 0.3174131307972572 0.3179375942309073 0.3276510771069416 0.30308912775774366 0.33062294559839106 0.34906874427431045
0.31808717575093376 0.300172094651438 0.29058708909202646 0.3018660667020585 0.2943583170394054 0.32804235014292 0.31339239690758686 0.33860962110010834 0.33367016296939955 0.3173059772093686 0.3227184656238652 0.3009247306458475 0.300254554831249 0.23834352871380388 0.21804162480847916 0.20933110242916714 0.19109011540543624 0.21462320004754074 0.17427707790470837 0.18208200268760458 0.1889801828075977 0.22456997446957405 0.20601248578502696 0.19706513382884175 0.1870993483082142 0.18427783792943908 0.18357871583292049 0.19910169267885514 0.22835577950303484 0.2592337034881789 0.2524690132048954 0.2556240835658308 0.24780193662128885 0.26558969448665265 0.30361853778457054 0.3121717726888234 0.299996431654375 0.3072217361728911 0.33737135626741854 0.3414468550244087 0.3136474621206538 0.32369735282613715 0.33232340251750886
0.33350327296589416 0.3227217851747795 0.3219393392524915 0.28899706627530397 0.30000349236872087 0.33945787148952944 0.32204633221664486 0.3258263919448313 0.3081040353918717 0.32586727452734576 0.3257335924292487 0.2792053584980778 0.2837331159639023 0.24184443065668318 0.205305245899903 0.17366053735435893 0.18252688580121915 0.20987799199355714 0.16475488400698673 0.1668467438223718 0.18000821034477624 0.1862322796550647 0.19572552548068725 0.18793575754773423 0.19150135039707755 0.16448049164894013 0.17660266525412513 0.2106791038596784 0.23600349899884146 0.259624917537634 0.2525759133176176 0.2848704867793973 0.2627983296560372 0.2583755678182464 0.28333824740704416 0.31171473681102363 0.3127505746263324 0.33892374019465377 0.3357844535774177 0.30752897249992256 0.3080185800465728 0.33372415122108595 0.3242313517550492
0.33958761555881395 0.31201321147835565 0.32110471436951 0.3225302100779048 0.31950864011648206 0.3158193460935511 0.34702567584643035 0.34534815847294176 0.3201171792031954 0.3077833232094159 0.3051648666134679 0.29914121098879026 0.26272544629891725 0.22880516428023873 0.20071250829337267 0.18984685323943376 0.17844371544307466 0.16424099769933276 0.16227358797771926 0.15093038449020205 0.1644833676399811 0.17453144804040488 0.1613350208683702 0.1859218835283121 0.19576181973533252 0.18428621990048155 0.2082099030442925 0.19673649850649422 0.2226046603681688 0.22336013880123826 0.23956514620728345 0.26314882583759586 0.25569843113960405 0.2603330769674423 0.3136271814104381 0.3461456316966604 0.35653795515520065 0.360826283268938 0.3519257656240218 0.35713360563148755 0.3353503897507526 0.3367622657842736 0.32582815510898694
0.3467672764274006 0.34554585386758285 0.3268842779450927 0.3082724357024295 0.3233314747803936 0.33284520863378264 0.3471530749499628 0.334521563298075 0.3254954836188898 0.3174026820756718 0.28140715667465854 0.27555883601548337 0.23139308192029923 0.20480822820940156 0.18813407671253574 0.1947046557018004 0.16707373336119596 0.17287706303533884 0.15581407465085453 0.1413109186930674 0.1422644945763407 0.1313141307070444 0.1721049158810774 0.1738337484996393 0.1651066726172718 0.18274264698236595 0.18376445436478386 0.20329236669480572 0.2093144739656051 0.2129836080980634 0.21395195996906508 0.22230812945539438 0.24183185861949577 0.2945868592370023 0.30634183842117685 0.34694970588598917 0.3675927517390617 0.36887373679164703 0.3490484610388241 0.3524886774276796 0.36903995160712205 0.3395945365334738 0.3459568797010093
0.3373236685577422 0.3503999246192658 0.31455067342620024 0.2940338412217647 0.31556465230640474 0.31841380027361493 0.3139516777104669 0.3087591669406443 0.30574556165830286 0.2781994728561247 0.2734646233719269 0.2518848958901292 0.2305426480799957 0.1914698562304661 0.19786272197503113 0.18261931220647987 0.14932383274036776 0.1317814023021939 0.14671095420693028 0.12311877582899444 0.1369851491472895 0.12674056621665414 0.14213770329971384 0.144459578106087 0.16780223086435278 0.21181956148574152 0.20439108641456155 0.20622724590553393 0.2148310459733402 0.22595747465581986 0.21552641068487943 0.24175104432571745 0.24978998771241953 0.2613521192034606 0.2984553903213623 0.31469964442513587 0.336385603006339 0.35750784314155215 0.36036994002512224 0.3873209571917874 0.38133813992815985 0.3659065233986053 0.34266122562031714
