Raster_benchmarking/Raster/continuous/raster-242.asc
NCOLS 100
NROWS 100
XLLCORNER 1743167.867844516
YLLCORNER 5469292.307761359
CELLSIZE 10
NODATA_VALUE -9999
[rows 0 to 18 of 100, columns 0 to 42 of 100]
0.5491083664816959 0.5188909039861376 0.5198387922782317 0.5805822525780961 0.6102454271792858 0.6071546998465523 0.6040282977446442 0.5882796243604486 0.6212396563449895 0.6133820896406043 0.6493622015541913 0.6265075949264102 0.6173634427111516 0.6125435578613792 0.6134437952549296 0.5597393786507313 0.5387376193848478 0.5657068622649103 0.540183982741666 0.5503602437792082 0.594346171966753 0.5931207269048399 0.6214874519924783 0.6305311473709647 0.6073121569255359 0.5783181787452502 0.623341256710739 0.6253192299209616 0.5878816969189579 0.5835614232308293 0.5556499736917726 0.495536610651368 0.4607668236403896 0.4878729010473981 0.4623438128901217 0.52557170623783 0.5301081175152991 0.5376121931636284 0.49938050009753304 0.5246460594376174 0.534065566100953 0.49113432693434783 0.45503621245217235
0.546801018234451 0.5619823220542824 0.5420677684920626 0.6095840694182715 0.6319952712501764 0.6523984487452735 0.6488051779199274 0.6305399926835097 0.6401999188046816 0.6437306760956476 0.6336370617588974 0.5985927938281559 0.5592328687163794 0.598368222510618 0.5873820496499118 0.5578493084837736 0.5728535686680487 0.5553541876094752 0.569037773892365 0.5654590006830021 0.5497605764979611 0.5670603325775702 0.5808976588030029 0.5991855076096039 0.5617364862801022 0.5703192158014033 0.5715843930667791 0.5988560067206703 0.6056054698660377 0.5294959718908445 0.5453066970183238 0.49811379720224397 0.5001936221102271 0.506318817134487 0.47883418819867635 0.47441541010037447 0.5400971116995344 0.5210846479389294 0.45747660658396627 0.4644441148769464 0.42709646390062417 0.4394858268255693 0.42703661592820646
0.5601944633683007 0.5993374953349191 0.5820031973461715 0.614245157243893 0.6506989023481835 0.6402889302709005 0.6576595638057045 0.6521125212504761 0.6673708203634354 0.629419962881729 0.5553827991659459 0.5665031150228221 0.5349668332240488 0.5627327702338073 0.5840046350472788 0.5906226706174962 0.5391458931065014 0.5458176744921776 0.5134749936461622 0.5319806990237561 0.5346979355154108 0.5850669161676404 0.5806625528318964 0.6192812407263439 0.5828724733392108 0.5791754572447457 0.5470226244865213 0.5494220823600697 0.5860718177763349 0.5321626634615385 0.49454447621456504 0.5235376177809391 0.5099338341089827 0.5117947044804648 0.49759850046335724 0.49816754070534763 0.5181871000047503 0.46349146600788316 0.43286009294223254 0.4224115978690471 0.3819273143942886 0.40836125369749754 0.38648815674585496
0.5876514130898974 0.5722800763668764 0.5951885048047995 0.5938747899328385 0.6173451034581715 0.6316625797067559 0.629793886583988 0.6680859162865634 0.6494014844342564 0.6406339773075678 0.5775658839526778 0.5291403823258922 0.5541803086120046 0.546936398918591 0.5702870295328243 0.5617450865038309 0.5252641422094846 0.5263492990316173 0.4953061668521576 0.5282362062806627 0.52080868620383 0.5408753046597351 0.551786521477973 0.6001006253339937 0.5540298350202045 0.5770580390520271 0.5526243224789493 0.5827632982153323 0.5690544782191241 0.5485807106438674 0.4849736663262573 0.5137314973340052 0.49058239601950104 0.49739482642973953 0.5117666115541003 0.4997122448432105 0.500858691688865 0.4701926509293799 0.4354162632075165 0.4007945470522561 0.41433246654603956 0.39717922341116163 0.3708385505578475
0.5504655251004507 0.5923462277971492 0.5944029425771927 0.5590847490659271 0.5516468137436124 0.6247582014180851 0.5906749464747191 0.6242750487147815 0.6689727124896032 0.611491867557453 0.5930541938157378 0.5212414389781761 0.5049127383952425 0.5203076610916308 0.5549661429077279 0.5572673893191965 0.49907477404192774 0.5067320832761079 0.4798775062271609 0.4784741026109011 0.5147471853039732 0.5626912870617342 0.5488108485834408 0.5997673958066467 0.5766007438562653 0.5875911759709874 0.5885966430999466 0.5937295345291079 0.5907370285592883 0.5438978411547282 0.4901281755349598 0.5212592752624337 0.5181358537430644 0.49671683672437966 0.5066144928668355 0.5107025305523231 0.46398208842410493 0.46940863598072924 0.41260373694731833 0.384205883987333 0.37478060584291073 0.3466277535400414 0.33187792155490814
0.5719070669121835 0.6222182803876806 0.6140706540206977 0.5998193255159224 0.5833332813368032 0.6058456217992508 0.6217768441612156 0.6608659919612534 0.6209732688413787 0.6051592671959832 0.5527470031988055 0.5479657444252211 0.5654298691503683 0.5575799373498329 0.515188794572344 0.521222191173914 0.5238435470760628 0.5257596997029803 0.5226618150970582 0.49465906470536897 0.5191841034598491 0.5522003336936445 0.5597935890363993 0.5617037619605374 0.5767175974695316 0.5936227170081018 0.5916673951518612 0.5772133966816002 0.5950510995758008 0.5542494167458245 0.5113716974570526 0.4926295474047457 0.5179971610596837 0.5231201072344179 0.505200345629719 0.47278932669761975 0.46668112103852094 0.4498025738934297 0.40744893821997547 0.40092517544016193 0.3666546222925553 0.3357547894438568 0.32305972462707744
0.5874786432495341 0.6095800379496903 0.6375642589581227 0.6098643144696188 0.5871502954552668 0.597438167970186 0.6418245340443146 0.672563881031587 0.6572846398215256 0.6333546634727474 0.5672784622817274 0.57487204934229 0.5620447146415732 0.535453371527982 0.5053407629351205 0.4710602655228146 0.5006258860458578 0.4737456588996971 0.523040845060101 0.4924982543494906 0.5453286776517239 0.5529645126493087 0.5375250799196601 0.5983769015284386 0.6098738075605152 0.5979948330285111 0.5989057198268758 0.5739811272146053 0.5545546735880503 0.5621899745549317 0.532516421190477 0.4973491099829199 0.4895170530532135 0.46680687072788085 0.46651076695058014 0.5086958637477498 0.5135894164614867 0.46699291327002923 0.47480948534170075 0.44653863643894903 0.3845271097147287 0.33483175042656943 0.3291314843070817
0.6132008971078021 0.6187852557084906 0.6202384482024795 0.6172992445520217 0.648370320689216 0.6318892380494635 0.6634276022069233 0.6978546430810861 0.6908949303994275 0.6625119025144378 0.6042292413894492 0.5776417836709791 0.5777130297072931 0.5478991904927334 0.48432645895815 0.4451644120351212 0.4463917619153846 0.46012220640706075 0.4671474472440147 0.5032240264720368 0.5066387533668574 0.5312579472889819 0.538305100226215 0.5733453443425943 0.5741543996809987 0.599279269743232 0.5614159883121141 0.5663768543825316 0.5193794115627799 0.514272654795724 0.5221369684145535 0.4776736575957568 0.47284266504080164 0.47842402146032637 0.5007871639883779 0.48690316626993796 0.5139564251040427 0.4830329680723256 0.4601951336432876 0.44143031290081425 0.39489280728629833 0.39009934479442593 0.29569646673208577
0.5914882560144288 0.6084814348654032 0.6358278551061401 0.6444619295397016 0.6888429284098994 0.6531343763857134 0.6841778336141128 0.7011587426013638 0.6895559662039267 0.674041505148072 0.6659234990868939 0.6290694145898235 0.5823047634930828 0.5564846073265906 0.46730089076292436 0.40407549376493884 0.35465631929487856 0.46418160078051507 0.45255417126666175 0.48378916371807656 0.5246344041590032 0.5301962974552948 0.504276410103034 0.5364950834907806 0.5845800311378214 0.5923611099862908 0.5996139536621051 0.5434231413257263 0.5061296235515512 0.5009726073719627 0.5274006592679011 0.45421544773401207 0.3929448286953738 0.4442120554664551 0.4643531991958567 0.4590306606833126 0.48375301665064646 0.4388477351981021 0.4448101324569478 0.43727153717061773 0.4484431828217133 0.39298336672251455 0.2949538848400713
0.5765991189662537 0.6183159049946815 0.6170277004333398 0.6809056505634882 0.6654089505282839 0.6904313636490647 0.6651041533764651 0.6901450161864433 0.6381793281971175 0.6428070215870054 0.6202326995890841 0.6228043795131044 0.5518660043167776 0.5257475137236762 0.4977929355452369 0.4681342844508877 0.4792078216411126 0.4841765735027229 0.5134841024771525 0.5083437375726674 0.48430415968890944 0.527892971392818 0.5020029813612915 0.5592143628182926 0.5633107979058203 0.5826590515395512 0.5851594473121173 0.5452816089997216 0.49885887597105216 0.518484906367549 0.48803596293719465 0.48354236372254 0.4652562014805421 0.4648745128823281 0.42880660322369707 0.46212804529737644 0.47932876713945355 0.4624554148615768 0.46178697706729316 0.4219034642214506 0.3647249944621297 0.32904074104311826 0.3144315157555852
0.5809458412834121 0.6386656685188719 0.6011700443724679 0.6577230871274521 0.6858442163357527 0.6585894318806208 0.653602561293683 0.664245398873747 0.6495515239707446 0.6555080792054718 0.6565606824130511 0.623475035896356 0.5499015510436877 0.500785140640836 0.46925110260865555 0.5083346024006473 0.5168208284747285 0.5098797603804454 0.5018847946396906 0.47291047983320855 0.48003365140835513 0.5235794033463276 0.5229055013246009 0.5254538768565291 0.5083306316176542 0.5459018298129071 0.5709640638224344 0.5166641105692806 0.507719054419015 0.5254549849255152 0.4948963556768276 0.50599947309167 0.4594468500204412 0.44759391983031144 0.4330506942110259 0.4458203237632556 0.4784229224603328 0.4759692885299189 0.41610900256615335 0.38551653182568735 0.3761100034792197 0.35695447626432286 0.2817106250402679
0.6052104631943293 0.6384204263317538 0.6209436322466237 0.605049328442109 0.6603089011840876 0.6348636118016381 0.6218378032122319 0.6487639567162876 0.6610275599050812 0.6703789085827776 0.633429138645918 0.631077364894257 0.556296966244878 0.5688178250290776 0.5040253281561914 0.5270332119200503 0.5196040278601581 0.5198369633340668 0.4986296467606182 0.5068770706186246 0.4627624129939614 0.4745424497058217 0.5146737040830531 0.4889743962439743 0.5061372532650678 0.5274972649608819 0.5187927872021556 0.5062404499157661 0.5101677608867902 0.47698088079518774 0.49124689107072333 0.4779309900441219 0.4539685958600728 0.4547051346633883 0.4586346279658699 0.4867140039873477 0.43640342788073616 0.4601421398385328 0.40279359466160136 0.41042582862422883 0.39783035905786596 0.31921720701212647 0.31804328281248406
0.6219103480039683 0.6388714311934109 0.6362112601276823 0.6322108098747801 0.6019677512281532 0.6052640895341811 0.6545924295615823 0.6701415632356882 0.6393172474219899 0.6460460050603156 0.6231537607930936 0.5997301952309888 0.5864256003321415 0.5932891724120971 0.5705853351681955 0.5364076937689521 0.5421256340602885 0.554515787575403 0.5519603242618861 0.47022809788369857 0.42739920806001197 0.45701254628113924 0.49997449377547726 0.49316495782442055 0.5093122824539573 0.5128531702842052 0.47130976077709785 0.517583680567337 0.5113152118162637 0.48390841441425875 0.47948345888794663 0.5157933848719454 0.49976371347244347 0.46126275792535487 0.49706584853693847 0.469520749548393 0.4395561955589296 0.41711022528584313 0.4460956572919102 0.4223236903363498 0.3945551308975371 0.36669510610063805 0.29528624762159505
0.6405423644918213 0.6444701799591737 0.6269596572630208 0.6768334310388125 0.6728988971263881 0.6490460260855849 0.6783675104756436 0.6579697503806485 0.6567743363246176 0.6713511345444906 0.6913307072169438 0.6513076781391475 0.6357431269994555 0.6559397546691094 0.611558373177323 0.6253532977954552 0.5948419343320184 0.5682767316516357 0.517108606597678 0.47030052140342654 0.450610117763415 0.44096610981078976 0.468569420012256 0.4840957460214051 0.501538885601963 0.472794384947253 0.48316964701496845 0.46391266886653765 0.48865849354842644 0.5289254773680783 0.5124609367242943 0.5039546204964718 0.5222722166341257 0.4786701629550586 0.45736993380612195 0.4365506050329576 0.4381216232604278 0.4077493991578734 0.4030931589614543 0.40733100818723245 0.3727585101514489 0.3428739292596833 0.30216968328416105
0.6626195832175188 0.6776716839728807 0.6515773503201298 0.65994613555012 0.6996703784904635 0.6980465102866632 0.7019883360047623 0.6796584636336547 0.694057425171382 0.6928550336546164 0.6976151854841152 0.7131346153857491 0.7063158160493185 0.6828821641677489 0.6438675686431169 0.6090987623036653 0.6295915448170472 0.5692582096629778 0.5482418919089884 0.49524444149285146 0.4633226102192899 0.4274819065455437 0.4268747405133153 0.45670803055458925 0.42449205415920144 0.431368142615992 0.4467351458363174 0.46949003852119986 0.5283258181427327 0.5325619070315655 0.5367438237605923 0.5389706007921252 0.4885199913800965 0.5009537776460622 0.44025699254990563 0.4257625366955761 0.4040057562698805 0.3820545410453136 0.39098035325499236 0.38803551995039753 0.38218960553763626 0.315910085948904 0.30169102821646276
0.6929092933738574 0.6855243535574409 0.7042077702772105 0.7091308596366405 0.7166656419703065 0.7185413860346516 0.6948359095413047 0.6969132900569585 0.6735859676099734 0.7174832439677438 0.7164787921854933 0.7133010189373448 0.6909261868104238 0.6912086247564591 0.6280690462819334 0.6261753462961096 0.6373809184262124 0.57911350837111 0.5427442545354006 0.5188393807863776 0.5215142608015977 0.45068043196753066 0.42885704135425035 0.40840891396408924 0.4339204787962049 0.4607365889946559 0.47490963864247104 0.4888709270757456 0.5136151181602916 0.5101991301558048 0.541819603544721 0.5557624800342076 0.5364113926490737 0.5088441797170415 0.4446983956521474 0.4589086403078308 0.4269221429365152 0.4360144472754475 0.38080285913843326 0.3872417561222596 0.3609161510004181 0.3277327948694903 0.2570892335739733
0.6645302882542061 0.6802591992436383 0.6879651782318558 0.7212652733520982 0.731773123630573 0.7607019030353135 0.7610704059602027 0.7290858122551707 0.7027673578004284 0.6772228131265642 0.6750765414752573 0.7144338208910289 0.7368185544910739 0.7103410531673063 0.6616590608747535 0.6197206710588309 0.6342419926281205 0.5804553113245089 0.5472050439388585 0.5241205057736715 0.536072776988999 0.47052775718665124 0.4189195998768201 0.43522079487882215 0.42150889677791226 0.4236557166136453 0.4710842739380662 0.47320155332958114 0.5001491501886772 0.5003303031817768 0.5871259693804086 0.5695445497797264 0.5769244927161671 0.5152718023550995 0.45666152524407977 0.44167770463047595 0.4424210865754264 0.4082738320801401 0.40378108431524834 0.3878668319929322 0.3204943783299009 0.3143057766148211 0.2527280988201551
0.6891475595685133 0.6875871859745688 0.7251108950525229 0.7371376759525167 0.7326685470632447 0.7420907362328261 0.7705329958906706 0.7406490277494138 0.7393668764844908 0.7001187037466756 0.674484260347331 0.7356440663494025 0.7058904905357162 0.6795267314133325 0.6535521464971944 0.6530401745865732 0.6297873066929446 0.6109720444729452 0.5544096630580859 0.5706088323361749 0.53736012866812 0.47954650889622674 0.46485772977325873 0.4589938573684927 0.4345786874271148 0.44783492944077175 0.480975501635831 0.488248323854268 0.49957195328611004 0.5136247544409726 0.5487671658212159 0.5310601346953662 0.5035384649818403 0.52259116145814 0.5252392166922519 0.4988229932180376 0.46138284838989396 0.43924296024763 0.42965291806705225 0.40300445137571017 0.34510916238908307 0.2934191571687174 0.25097846756164954
0.7102726599457111 0.7395415544041883 0.7101449897119375 0.7439844393232824 0.7316260633565294 0.7133222261621801 0.7511709105050957 0.7404746193138902 0.7298179384217413 0.7210850916540978 0.7023127192851497 0.7168442117107551 0.7440609199317445 0.6595067853813196 0.6449624049309346 0.6354631586398257 0.5917669884904371 0.5887485425381875 0.6027331583260689 0.5559013347923982 0.5883455815252763 0.5370265494960509 0.4512384505585171 0.47525417858588165 0.49362688294798146 0.4596307620532896 0.4710802650436776 0.5241758342141232 0.5263548870550804 0.561520102343681 0.5484811410637004 0.5479428398023335 0.5037121059290177 0.5343541378917446 0.5337933930316271 0.4796186618987217 0.46366378396176305 0.4428527338136516 0.3963071286559757 0.38115080394778905 0.3966298433602656 0.3360455388510522 0.3014231347946076
