Raster_benchmarking/Raster/continuous/raster-18.asc
NCOLS 100
NROWS 100
XLLCORNER 1743168.140402972
YLLCORNER 5469288.691973009
CELLSIZE 10
NODATA_VALUE -9999
[rows 38 to 56 of 100, columns 43 to 85 of 100]
0.6639376426470898 0.6729175967228337 0.6455744680780899 0.6718545083085903 0.650495990294468 0.6236314261602159 0.6119367702404966 0.6153042924053602 0.6085103916491313 0.6165133174506999 0.6055723799342833 0.6302032856911275 0.631656954524231 0.6583276067306156 0.6421405902647253 0.6438304718546841 0.6370474592290633 0.6372125547908675 0.6273975944592634 0.6258077196251653 0.6177282246057464 0.6389617620654366 0.5886379171571232 0.5811697289606068 0.613786235251066 0.6144599057099327 0.65268627127756 0.6536801203630618 0.6586207596896241 0.6604742429471836 0.6713143183532034 0.673570794823469 0.6608373277568661 0.6745607976379641 0.7029559034358774 0.7062847522556094 0.6843563181903917 0.6544271653918147 0.632691229735557 0.6425573151465992 0.6373434877052601 0.6589592587578575 0.6446240818368261
0.6811960202107031 0.6969888635304838 0.6800179067846289 0.6599539351858754 0.6595973425315727 0.6538510962128309 0.6159834383669396 0.6112013985977703 0.6292444635043881 0.6322066533588759 0.6142171509849249 0.6328933643819383 0.6577403357235202 0.6328893203028653 0.6311612689280484 0.6383875330048908 0.6041893444827922 0.5932566170708177 0.5797420248255452 0.5946118448351596 0.5985533215296905 0.6234458881666356 0.5796812082117433 0.588827273502477 0.6039119501686788 0.6121647493441421 0.6404042582644347 0.6098782961793642 0.634499920444875 0.6319642844625033 0.6047887671679519 0.6305087508300867 0.679030725578635 0.7097262050905158 0.7154748912542196 0.6817959374403774 0.6781172312158564 0.6774234123976548 0.6720866345516179 0.675824764346342 0.6714670920619287 0.6685428945318942 0.6808878943203392
0.7044515927646575 0.6631515523933272 0.6671746567338933 0.6519668007404875 0.630205516584703 0.621450293081274 0.6189870487725705 0.644860593122122 0.6685542654243299 0.6239765294412171 0.6190585553880613 0.63199663054793 0.6753077746466419 0.661455558954807 0.6192745566124352 0.5818042376534291 0.6084477478777446 0.5767752495314094 0.5743174383334478 0.578681546102292 0.5911284794651476 0.6045633502761782 0.5878457466309828 0.5986715161025838 0.5944986758358278 0.5941134086464672 0.632170203938869 0.6048813487016546 0.6282407322885855 0.6236794656395109 0.6089536331086889 0.586015282209253 0.636292582448995 0.6875888501319504 0.6825900012077392 0.6802024777106516 0.6770399778054338 0.7043210494541059 0.6935619590161051 0.6686324333438454 0.661550003098822 0.6704319723504036 0.6533354518548962
0.6978850573635491 0.6928509728951157 0.669715757938733 0.6739945644089269 0.6428689524827795 0.6452461778357962 0.6628245048714314 0.6475041523476831 0.6799755427335328 0.633970064857549 0.6439647122159105 0.6420836200114587 0.6791271389857715 0.6605632816519162 0.5919932970622293 0.5915376495301707 0.5884613843422358 0.573093226189966 0.5656718667322663 0.5640343879874384 0.5730452199282488 0.6030999396378861 0.5845439113464994 0.6174843547161488 0.5961493225500794 0.5894045914449783 0.6063303040066614 0.5927474037307368 0.6162688843965007 0.6106191150308955 0.568482473984826 0.5751536866146503 0.5806744857763837 0.657609261014889 0.6876485114817921 0.6815731568255018 0.6969731027110082 0.6677231983869251 0.6779469164129164 0.6618696885993998 0.6712993960934971 0.6233566264775084 0.6307961450589608
0.673322904455914 0.668202753742637 0.6770418653897778 0.6642815619964648 0.6491087494665803 0.6460510003185791 0.6546566873979047 0.6795316513728956 0.6732275038247658 0.6628290950333433 0.6361252579778622 0.6517061614227421 0.6718223972699093 0.6273183045019618 0.6160679540780413 0.5771609610801781 0.5813488174084641 0.5517988881584504 0.5503910276431181 0.5422096418962928 0.5942984893513258 0.5953453927664172 0.5989096178336162 0.5942858154006563 0.6060260425870967 0.6047852752022773 0.600763084566019 0.5902817816276327 0.562861530943902 0.5696886012758147 0.5646221872191641 0.5562515988477807 0.5945359242074215 0.6118716371355797 0.6414320196542231 0.6854667593852297 0.7024368543708223 0.6850188058943657 0.6720912165932629 0.667916410592754 0.6422779202425596 0.6152934985346254 0.6185043099717576
0.6689341399690557 0.6869621197025412 0.6649391544977146 0.6399849387450672 0.6810136031628122 0.6610095712606607 0.6394425551658486 0.6439479384861863 0.6525761324334135 0.6594905763722162 0.6436743985679582 0.6511642609859374 0.683947094504013 0.6707448197688968 0.6476442868422766 0.5863179569507693 0.5565241477627091 0.5412512388517187 0.5484114212755026 0.5603447096930032 0.5789662320654758 0.600034488906082 0.5972945753573623 0.5958348150858354 0.6419064574728318 0.5948772860545748 0.558415612383754 0.5443646000930888 0.5558332770790634 0.5383068434949418 0.5810338351970276 0.5469890502334169 0.5503267879946899 0.6223274394036309 0.6372203616982693 0.6527549446386264 0.7106895131075327 0.6678259061981688 0.6839133166819646 0.6555561112796418 0.6317624163709722 0.6371385672306502 0.6222668920306527
0.6820272669565571 0.6514834316912569 0.6657801066206631 0.644636720693078 0.6572885990265314 0.6363097833053452 0.6460921988853722 0.6475900098531973 0.6441733738549451 0.6374927124220767 0.6646617859966416 0.6534474461553338 0.6861857843444384 0.66171799072735 0.6296064175027445 0.5853871691978009 0.5621509543494534 0.5258421592961635 0.5460238474693137 0.5374514567516003 0.5387005986493062 0.5593127162101442 0.601848243944151 0.6055424138763765 0.5957334969794508 0.5683319665670522 0.5488584639960402 0.5345170998070162 0.5525174343354712 0.5296518671702195 0.5357242996912444 0.5274092957343144 0.5707114787652378 0.6095427732832919 0.636659240826942 0.6608843369008108 0.661633958725773 0.6553791816113271 0.641523841291302 0.6149349812302338 0.6282457138063379 0.6395338002385823 0.6043827396380718
0.6683658706247764 0.6338143995479443 0.616659750930794 0.6187631079390268 0.6176698689430011 0.6066904506846408 0.6251885330585959 0.6474335285771055 0.6535584353050543 0.6130777005511359 0.6434617456373606 0.6262241359925653 0.6566680725110274 0.6442135427559852 0.6549938398140617 0.6221721320282821 0.5626195314163579 0.5588880675896244 0.532762101119962 0.5457135696925901 0.576295306294906 0.5573175384928118 0.5789391236623207 0.5794369543965712 0.5416032510310421 0.5595213272378112 0.5412796597703889 0.5386191939745857 0.4992498875631738 0.5087208425687403 0.48751155911383093 0.5422731708049524 0.576538803271093 0.5864026614664343 0.6097579878228175 0.6230729201555496 0.5974508276389712 0.606594775572557 0.5741773618716915 0.5726235920590567 0.603058546731005 0.6000947780629622 0.6210865139245266
0.6307628606095282 0.6504029329001659 0.6526098862031275 0.6378365824578676 0.6357479899831417 0.623553454639494 0.5981587235260725 0.6124985746685062 0.6345057641270029 0.6145057566243556 0.609084311148512 0.6334595025060002 0.6404469688759764 0.6425650024468674 0.6398143698069588 0.626220718573154 0.6071525498055845 0.5774642183045816 0.5700577639707424 0.5517182139184044 0.537024892546177 0.5438801834052136 0.5527515342058794 0.5353427417210979 0.5444232389641966 0.5221075455125451 0.5439982003042918 0.5190277781460816 0.4694194315086096 0.46097822893556006 0.49064843671356145 0.48032795046180016 0.5458539030128958 0.5431707928554288 0.5624471963948745 0.5675160791585887 0.553273550319435 0.5469608163175963 0.541065413306805 0.5389780036134233 0.5720761500356495 0.6045484174848302 0.6325983773868051
0.6211994816000849 0.6422751736631647 0.6290291622726221 0.6040729050515047 0.6157240283835471 0.5919718956488104 0.5831325730469279 0.6155293927998341 0.5907274400778368 0.6233412465763144 0.6111500922747259 0.6615380329812097 0.6741741683598143 0.615218191683221 0.6102205486843315 0.6286873665013599 0.5817059794152045 0.5977184399315055 0.5427969930888293 0.5665886251986461 0.5677282410817222 0.5737630891578134 0.5338643143404572 0.5386823606050127 0.5638050841508291 0.5243455054612427 0.5198267412749007 0.49523975786466906 0.4887116968101316 0.49107196961709115 0.4559447871069528 0.46080174922017847 0.498561458299577 0.5046296347242801 0.5329728090135463 0.5274517313896042 0.5269933181756609 0.5079211888369054 0.5101629816376582 0.5409767378143167 0.5332067477172246 0.54415230849203 0.6059613933974766
0.6369195887425657 0.6176263844640247 0.5887444066252093 0.6020739880036022 0.6068138043567763 0.6152424466792168 0.5898094221672985 0.5917753061445833 0.6250932519045821 0.6372736492007118 0.6213967199468421 0.6532459881603909 0.6256476704313749 0.6274290005653923 0.6325176937372198 0.6081752855338486 0.6293663167892597 0.6016117006540456 0.5510309487478147 0.564400570573036 0.5414596626256183 0.5606690431020512 0.5507560087847005 0.5304101689223697 0.5436669261734954 0.5345829093301094 0.5122071539562281 0.49492283025625977 0.4967587717665337 0.4985878740203963 0.4815164025096249 0.49359431398495734 0.48953423765492804 0.516031555070512 0.5007357741131585 0.5213067721084509 0.4990158734337417 0.47861670181132104 0.48753670839122554 0.5018611744536903 0.5303834553752085 0.5191185563097467 0.5533877623166839
0.6157105237872057 0.6263578007128416 0.599556082696188 0.6360149934609785 0.623191642188802 0.60661128261552 0.569627797656892 0.5632901681929517 0.6184309826690015 0.613128084223979 0.6364372894835656 0.6422339291338394 0.6219938818526508 0.6226212986074205 0.6545038622240893 0.6459973429527286 0.6405167995676005 0.5906175088889235 0.5551170145158635 0.5315259722341065 0.5057793392630605 0.5421463682894341 0.5577840981143116 0.5285678787924544 0.5578028820688782 0.522671576272365 0.5108102892748465 0.5188413781464171 0.5015461217552971 0.5264802819975669 0.49794772427823836 0.5062309591208779 0.4888623172680569 0.48842882121049264 0.49450888675645044 0.47857374426212135 0.4746026745222332 0.4491470370401508 0.43905562761027034 0.44634521315433545 0.5006408591481614 0.5007525195944317 0.5177674953061135
0.631744970369731 0.604951560402061 0.6301033957524993 0.6360073427827011 0.6172496694312751 0.5903317811686786 0.5553508436721625 0.5681521367746515 0.596240335915791 0.597254308492819 0.6096274338345208 0.6373525457494876 0.6309670691225172 0.609852536179713 0.6063573072003655 0.6270528585548525 0.6209299805126104 0.5836659506300789 0.5586383471200238 0.5455202355273858 0.5112381679474276 0.5162832499007318 0.5051728563040436 0.5498241211319829 0.5384260753713751 0.5373546079673981 0.5114592344880797 0.5423508705571192 0.5279215048235046 0.5392962504455171 0.5285227023435273 0.5045861004185493 0.47440533116875194 0.45433555406178405 0.42188859500439563 0.4362374866186856 0.42388778171885255 0.43944069246761863 0.42811934337769497 0.4287815170986086 0.4378274437527574 0.4891100994599465 0.5103658390556314
0.620773507329327 0.6328129421044849 0.6209967378646097 0.6140146818754523 0.608069194723274 0.5854923670565929 0.5818409806475022 0.5540463247147551 0.5572393915904581 0.6120913871791215 0.6380291772533538 0.6287206780938179 0.6340652161310558 0.6016547678456403 0.6018264751637444 0.6279475693673462 0.6139530584624135 0.5598593767771506 0.5373803236388062 0.5454789204096732 0.4924249529302176 0.5215416957563633 0.48871576035171943 0.5230562209182851 0.5107993861121275 0.5284483460561877 0.5245466156256638 0.5333798585238944 0.5538492012031861 0.5412735640169308 0.5237246310289808 0.4717561548194102 0.46215858114226527 0.4604435786140789 0.3950520825481777 0.38983907760832637 0.4051350310132718 0.38928294905742256 0.40471017262225945 0.43958929352578896 0.42971083862742027 0.46811704702524826 0.4686717346570746
0.6396793436409377 0.6197377678502409 0.6278984750296145 0.6078216230384194 0.6083250885063541 0.6029667943105947 0.5888330236361838 0.5492727850466667 0.5678126589427801 0.5693165736057297 0.5978512062546737 0.6275361001396853 0.5950029495582506 0.5852932401275572 0.5831704258305501 0.5962657567401158 0.6062692171153462 0.5485813916252478 0.5469598035128912 0.5342041564591486 0.5328748508143927 0.509010251143596 0.4981833169192586 0.532556312789538 0.5386051773670685 0.5510053545906018 0.535962612487286 0.5493417361666122 0.5547701508104894 0.5394138021864073 0.516186190474575 0.46711764535150424 0.4393241003042258 0.436122109847418 0.38465475897986084 0.38678757829749894 0.416470727226683 0.4036176914024383 0.43471727880539396 0.42950660903003113 0.39868888541503894 0.41419074695812325 0.4568534939661877
0.6467883784281651 0.6438111553612472 0.6125809356943251 0.6191129124407004 0.6170762103559636 0.6107241308047906 0.5624362301328613 0.5331179674469667 0.5324186166632418 0.5505076491876902 0.5616464905946916 0.5610214206760998 0.585290295974619 0.5793201596061425 0.5754760282318317 0.5721758127676245 0.5728437563272355 0.5523772207847981 0.5374314401716678 0.5266584301471966 0.5154708729580055 0.518250619887069 0.5209873468013595 0.5460423648365532 0.52256149297086 0.5181459459078762 0.5640316170299018 0.5488336060334074 0.5030271862392778 0.5170700352533352 0.48811145394134214 0.4740092182100117 0.4567595470411441 0.40952352265639747 0.37363959899414817 0.35736601972806237 0.3829986537063608 0.3850158584231281 0.42182095761063687 0.4129698366189831 0.3880044274178513 0.4196211673018901 0.40863405399099906
0.6635394737519433 0.6193715930571554 0.5816827396414346 0.5967040242442481 0.567310598923023 0.5674314480666702 0.5354362308706799 0.5342105632098614 0.5567731274275003 0.5444126629302044 0.5287582598013142 0.5472526328079902 0.5367340487567726 0.5459324089168586 0.5782510995744 0.5851296056152588 0.5891239403241045 0.5718929785859956 0.5493820339064581 0.5151397849770376 0.5157042485407421 0.5019873661595279 0.5295014410884986 0.5419751671162591 0.5474708395607031 0.5314567668219095 0.5417572167474225 0.5096786634022064 0.5003699898145472 0.5102913004603696 0.4763592941163714 0.44733335533962604 0.39911496912862765 0.35686707376519905 0.3525019609107547 0.3539855682388528 0.3776471046539028 0.3753629517138942 0.4150695017858618 0.3909124207692861 0.4045527525662816 0.4235101859034118 0.41415228796688025
0.6458374018607496 0.630959919446748 0.5858672544400128 0.5755807147684152 0.5680136089320603 0.5696093471732295 0.5458204431001366 0.5737589913829714 0.5545696093298044 0.5389522287439323 0.5306592207243144 0.5208483392985641 0.5259149043875504 0.5532291207453996 0.5637364768874036 0.5371605134788289 0.5682865195088728 0.5568905154317167 0.5178189561734073 0.5384545742734791 0.5464669734229094 0.4875507995525402 0.4938404967950283 0.5291076916824409 0.5353723089000555 0.5495700787008645 0.5346139500283096 0.5159915393055604 0.5212086964584239 0.4855279794594898 0.4592770706890275 0.4276515888704472 0.34907866745752636 0.3605427838048641 0.327514523603558 0.31068634648043175 0.31151078808992505 0.35506911874272384 0.398167198597082 0.4007125969336887 0.4307283737152746 0.4380355896577662 0.4324887214919745
0.6321644004943856 0.5928907307783858 0.5666324350564985 0.5589038470273252 0.5816668054227144 0.5540498154605232 0.5499477544629856 0.5843562357483318 0.5528385945263204 0.5575449353360163 0.5477299964795184 0.5100723292578867 0.51854150760927 0.4926682572821433 0.5241258628220192 0.5065628275827702 0.5431612160334355 0.5453718381920458 0.5038593833362361 0.505402176956211 0.5098944597596374 0.4947824212685824 0.5348094762167427 0.5415833412570911 0.5559928569959091 0.5222893464122835 0.5272754368819077 0.5311950900508791 0.505484620297228 0.47988832158673894 0.46395220723910957 0.4102399040812423 0.33336672193679434 0.31277099880413806 0.31514463543683985 0.31918550736898454 0.3131116827618554 0.3169206224261899 0.35519554999565905 0.3929287094462636 0.408163134732767 0.42737388395385284 0.4091758841247273
