Raster_benchmarking/Raster/continuous/raster-207.asc
NCOLS 100
NROWS 100
XLLCORNER 1743161.3150848777
YLLCORNER 5469281.621664909
CELLSIZE 10
NODATA_VALUE -9999
[rows 57 to 75 of 100, columns 0 to 42 of 100]
0.5621182251769204 0.5547822045475062 0.6133054623766983 0.6496270081071339 0.6409370371613474 0.6146232682316558 0.6272660734889846 0.6238188403486448 0.5834698333508239 0.5723999335180361 0.5302445004313553 0.521889534231579 0.47152008484429575 0.48011022784355817 0.4949733088930181 0.49616177972530456 0.4588063397044756 0.4858991246479228 0.5290715326682215 0.4918670923230383 0.48432799402104565 0.5194811774092001 0.4911253302127158 0.5168746177542494 0.5038190882828861 0.5186106143972432 0.5492484070312481 0.5332601400429612 0.5399951115191077 0.5843782589163875 0.6060358012096323 0.6236601467415165 0.5929178373612985 0.5801791944376943 0.5700338501537666 0.5873361880038275 0.5891551615271202 0.552269327626321 0.5529436164729751 0.5230602717725548 0.5274636203649111 0.5247864002459979 0.525170002275335
0.5535250954894372 0.5624007814921117 0.5738309063130272 0.614351111929236 0.6369953666968573 0.6417978777654896 0.6086425804842533 0.5978604830532459 0.5865379065563556 0.5759196813706776 0.550162015264426 0.5179428235129968 0.48996312108578555 0.4815970198248836 0.5112908498789087 0.4893560501107813 0.4979281952068036 0.48264666260876743 0.5210884911511383 0.4904768562609308 0.4740904004702263 0.5142434913385896 0.5296712529927886 0.5049507617964683 0.48687341705695936 0.4999953895167297 0.5354156251383891 0.5711341405199758 0.5723122304582665 0.5808262353590095 0.6134828389540683 0.612741577252955 0.5786388394333902 0.5554832825982146 0.5608216105896864 0.5717557839715426 0.5667282065346081 0.5690476076321127 0.5439704587074722 0.5289696069467541 0.5348353390615189 0.5227858103005597 0.5282252053008915
0.5335467743240337 0.5437888209681789 0.5527378351691752 0.5941435654157263 0.6025988138112727 0.5915071792010508 0.6066817155158725 0.6074066651730754 0.6153857995522194 0.5691444794382412 0.552691360975437 0.5108606949790757 0.49292093381611657 0.4925544102732531 0.5307729991196387 0.5085696047373718 0.4900098260279328 0.484775491389995 0.5144225447267998 0.49984429484177473 0.49912283015357023 0.5349224177711274 0.5282903431526357 0.49845567048282213 0.5102913785515555 0.5258814242520438 0.5134439097007725 0.5685537586711682 0.5916158849080189 0.5894781964044422 0.6069601815098619 0.584741486159315 0.5631666947485978 0.5808208336255616 0.5665844991605608 0.5844112402041592 0.5848107107735171 0.573097400497167 0.508993043714049 0.49366812184997044 0.4818291614203049 0.47841629106453376 0.49102550832652664
0.5322102637027044 0.5212701630182739 0.5429741396420039 0.5695513758050823 0.5963173789125243 0.6032983193589873 0.6143677711470007 0.6122218424381874 0.6125081290507427 0.579352168715473 0.571601755171299 0.5511369196517566 0.5282466870805207 0.5187145921314595 0.5062173625508017 0.5175738513452025 0.5071695617217087 0.5414719285616072 0.5211545892723808 0.5414207324995572 0.5237831623106569 0.5238176123169918 0.5451242343138041 0.5416992487288542 0.533498721984443 0.5387545356626482 0.557859801658353 0.5835328477615997 0.5678252880231226 0.5783044028725989 0.5714861717727315 0.6050200085673458 0.6009513400451273 0.5723987730134007 0.5740781196723151 0.5763003530369817 0.5689341341409404 0.5429396287008992 0.5334934586034936 0.5196188824455789 0.5019018962162102 0.48497893932047853 0.46504283926612555
0.502197715105094 0.5208044888360958 0.5444245044759162 0.5580168877909569 0.5969872776562732 0.6177399063979688 0.6127405804045588 0.6241049323037842 0.631192040215138 0.6207318115388412 0.5995728140831439 0.558769586504101 0.518874620745005 0.5166768556873798 0.5211497089467205 0.5490981867698922 0.5451404758670451 0.5613874485434109 0.5677445556180662 0.5624643670644226 0.5623797741375604 0.5467201081584298 0.5140725762284852 0.5540388514072704 0.5715273290307197 0.5733593267943878 0.5703771880287991 0.598847670079087 0.5778441807967347 0.5475539050397993 0.5507586668385628 0.5829773484942393 0.610584817514149 0.5871191900695187 0.5503713388049831 0.57752396378511 0.5299783172347168 0.5214765471139483 0.493263757387127 0.5057602967264914 0.5210620089665376 0.5037774912722829 0.4943864264923468
0.5402046254224067 0.5560818267519864 0.5748296606793568 0.5760196748758912 0.5804344011744977 0.6113160936074513 0.61338420687697 0.5958765726833651 0.6157967323864694 0.5948685931197435 0.5797781458489929 0.575188624632685 0.5631862489747266 0.5557527953285757 0.5309368696443703 0.5360509714831395 0.5746545459060851 0.5797941651099656 0.6012450542157685 0.6000148508246334 0.5825135425531778 0.5480440120517167 0.5516094198942603 0.554390600284257 0.578366541398517 0.5932188901893702 0.6042278408547246 0.5725492725022325 0.5607696282424943 0.5628608834464024 0.5786335788431028 0.5876244900687082 0.5772697750131373 0.6006356827194347 0.5832205083634158 0.568293332140872 0.5298660499707811 0.5475082074064667 0.5198649301885861 0.53361751381135 0.5188029931920117 0.5183957575556565 0.5115320082802598
0.5679078916623506 0.5601271874974855 0.5944850138802974 0.577546006031328 0.5904011060118006 0.5892264941017199 0.627152078891563 0.6227112796961787 0.6005338922808044 0.6159509885759369 0.6101478141867622 0.5860980263130794 0.5957755340328249 0.5457153899072085 0.5396647985886487 0.5579722465436725 0.5834418319839533 0.5777146076388099 0.5742872068509833 0.567134439197211 0.604893224134855 0.550365646727671 0.5336832823679069 0.5488601818873043 0.5785355631037143 0.5601888443184688 0.5934202238414562 0.5787797985072678 0.5975693163128888 0.562092207351625 0.5474427952280602 0.5914042847489277 0.5972995284882359 0.5736517828006373 0.566818775442312 0.5443551246515337 0.5524283582797753 0.5484202876154216 0.5667817190647321 0.5333026117023851 0.5277722672656411 0.5133210621226715 0.5268469416870298
0.5713627868168422 0.5995770121513667 0.5613369055604958 0.5658269529281188 0.5849597297935242 0.6136989701881496 0.6249967974989964 0.6325460225564385 0.6159588181751735 0.6208398907202084 0.6041469549995175 0.6184456753867127 0.6034744404503393 0.5779164311696356 0.5185811440122652 0.5201762916909353 0.5369890495501801 0.5584615611277622 0.5424314485872496 0.580698063649968 0.5793617040765415 0.5624953291393693 0.5715965413267522 0.5553002310641415 0.5682595485219032 0.5635604665517104 0.549284682137823 0.5635304662210473 0.580528833983559 0.5886318189649898 0.5349185503587757 0.5486559108250563 0.5569619726837574 0.5537156968837889 0.5746825931955846 0.5529511649990564 0.5371719374946392 0.549071989221624 0.5619397230093539 0.5365584716296563 0.5310392672592477 0.5386767481386823 0.521928323659303
0.6145734162734612 0.586527648639452 0.5658963101788977 0.5625954300467089 0.5599402134562766 0.585642725128254 0.5948561031764358 0.5994078391315611 0.6238669904636973 0.6163856259810734 0.6206088456007386 0.6236993339061333 0.5877796319622566 0.5396287188200177 0.5194333061135064 0.5368389889170324 0.5284900050408737 0.5683990820990913 0.5463243679182338 0.5822530517733059 0.6014858223331772 0.5840466856215694 0.5904796015034145 0.5735677791093398 0.5429999540640115 0.5661609389280589 0.5466271838571185 0.5736148132119996 0.5959850821700812 0.5814418604885435 0.5384594444913293 0.5629953455355851 0.5590265806570416 0.5422699809097775 0.5637798327674463 0.5454862951203217 0.5633288543670931 0.525774006322191 0.5404166919471823 0.5600695949302602 0.5439424197679323 0.5236199099600242 0.5509325950777447
0.5962308875954575 0.5722000849604453 0.547333227300604 0.5248542364392076 0.5307019344769883 0.5673244518272899 0.5523885339309015 0.6018540623214005 0.6084857793228509 0.6144165933079839 0.6146176589459963 0.5896592408602627 0.5811692287786732 0.5354964559970001 0.5189339657283142 0.5275502281398947 0.5252581760260009 0.5564182958588467 0.5671598904402564 0.5499987172174857 0.5581871303799824 0.571667720092529 0.5775912503252251 0.5916266624053418 0.5642331281898452 0.5448271223882711 0.5764787052846143 0.5663509820415352 0.5746834034797427 0.5692159922992046 0.5459842723635016 0.5302559004275647 0.5603850972942291 0.5672904800772212 0.5595703408629634 0.5375687489890064 0.537991395031772 0.5298418589796029 0.5271952169254889 0.5348846593859476 0.5487090878979183 0.5355010970678135 0.5155008082527454
0.5708451248724599 0.5442307253462282 0.522318699994494 0.5315111919535979 0.5198781260306741 0.5244559282770996 0.534544126825125 0.5919764058764351 0.594135849102352 0.5799320481023574 0.5919305015675631 0.5561064860579893 0.5391292000807932 0.5498872131588077 0.5579003975834697 0.5507356746382556 0.5692750212329574 0.5691020366060325 0.5824173055178322 0.57324173807264 0.5367414790150762 0.5499754701592273 0.5742492152122352 0.5868612733876087 0.5777687296895195 0.562017469865342 0.5905863115968313 0.592441464982973 0.5864738112704313 0.5580407665326985 0.5604263523916444 0.5320375047057464 0.5441217191340321 0.551978392693645 0.5529055375492888 0.5250062198425385 0.5531706820569463 0.5584072401327362 0.5433113781262637 0.5251806160540964 0.5050064884126259 0.5097759041612456 0.5142335719416951
0.5189162937020428 0.5379767910298495 0.5377564725805463 0.5146371538187413 0.5333212881877913 0.511016477750591 0.5421631021417571 0.5670985597523464 0.5953313373016915 0.5931102596061572 0.6046179754442268 0.5713647556404982 0.576007632856735 0.567507822336706 0.5448543545323499 0.5598563083622716 0.5685556140570959 0.5882769025589295 0.5620028501214255 0.554313723748092 0.5324650694558438 0.5648703664403726 0.5727428451582692 0.5765282064061577 0.5806052071927743 0.5515230422710868 0.5310153658579749 0.5467525095214144 0.5543023395370645 0.5519201603531201 0.5599717655140514 0.5609618913300949 0.5311408174997049 0.5161281816373505 0.5092761596574142 0.5328419536305063 0.542810833925758 0.5504741932486932 0.5569617763576523 0.5561776773988454 0.5289934717769571 0.5251526407840217 0.5216346237933638
0.5246505184621938 0.5509115973043011 0.5386111017354497 0.5109808121688703 0.5011386256448739 0.5191504994862156 0.5334918802429046 0.5321104077904967 0.5866232760826744 0.5911088571136572 0.6027026044545062 0.5834000459822077 0.5700315850788409 0.5780881190262357 0.5469408312569763 0.5501109158139664 0.5649837894896554 0.5822108167428484 0.5630953468409718 0.5671395372626373 0.5237755093150617 0.5583757862721364 0.5543668972399622 0.5606638573015503 0.567798758154495 0.553191058442012 0.5233680364035009 0.5320757922553391 0.5344530430021003 0.5425242719317582 0.5228038296822412 0.5201025011393733 0.539381692861397 0.5152719638379527 0.5087342400858098 0.502021280341441 0.521085146605567 0.5363250599986021 0.534865402545166 0.56026391024833 0.5610253704430268 0.5252725657526597 0.5329249175293116
0.5027758224701517 0.5251164251951403 0.5290724066158125 0.532153957224319 0.5083250173017332 0.5192596951718822 0.5374661380401874 0.5291127893745358 0.5579367235586394 0.5645890643363327 0.5822821664781883 0.5450572991561401 0.5466231295728509 0.5431512838176414 0.5331950336625546 0.5664491840397496 0.5644686995738055 0.544038089812144 0.5259526548266806 0.5351073269965303 0.5091999013703239 0.5160060710450599 0.5669992966088421 0.5523453193561282 0.5823964538248321 0.5634689764038742 0.5200408207379804 0.5146028573742588 0.5146678502093326 0.5462064729530393 0.5339907466306589 0.5455318029930118 0.5231575541793845 0.5376166375874449 0.5190099789776961 0.4984594580587154 0.5002222240820321 0.5289757563660821 0.5376850306349138 0.5288014112135874 0.5370225669701311 0.5324768863512541 0.5371394534295291
0.5111352822614864 0.5571126125356952 0.5558342101908351 0.5519527783536963 0.550629697780929 0.548135173710402 0.5179963236958993 0.5315030295828085 0.5564686460025529 0.5429116868213768 0.5380158852564103 0.5190443437071197 0.5190183798585793 0.5432970417369437 0.5247935153861961 0.5225099129357877 0.5496984551762651 0.5133676547055375 0.515093367953144 0.529645957726504 0.5220166456319606 0.5216716943630884 0.5547507517383156 0.5567152929045283 0.5682013928681656 0.5800333319276518 0.5304376914529618 0.5436690004375176 0.5554095088145281 0.5357248948688034 0.5739178893037438 0.5448012049640868 0.5485812051937871 0.5235742559743817 0.5184773110999833 0.5117159253705627 0.49067424195035847 0.5004048241769644 0.526635248835836 0.5349247600486251 0.5339175060463097 0.4913199830949483 0.48541763182700765
0.5210507503826579 0.5498449713770818 0.5331987474993186 0.5624128132653565 0.5444321456148219 0.5285519304634023 0.5181431912783288 0.508390280237265 0.5302022721292512 0.5206740705034237 0.5078566501696256 0.4984277100035327 0.4908126193120611 0.4943440787650099 0.5191429658233319 0.5082471288435888 0.5367701934134111 0.5141682881287671 0.5142771932868928 0.509613475164526 0.5289561918561237 0.5626062486268725 0.5855726361065806 0.5748092025455778 0.592632338752268 0.5707299193308386 0.5420555072682737 0.5517208110810237 0.5410437942369667 0.5500557013647017 0.5667240725973162 0.5512942440859143 0.5149579530287249 0.531849988925084 0.5062085623592458 0.47091954754403315 0.4836001838392955 0.4883308777138711 0.4823658376013348 0.4784946358508224 0.4994957340237447 0.46322287161889186 0.470584802018396
0.5236069012500663 0.5535470902368544 0.5436765741651138 0.5268078882804544 0.5348415489175229 0.5124113585359701 0.5143551960586792 0.5007888912972929 0.4830758307525331 0.5039555117977238 0.4856108827510312 0.5043393346923585 0.4615071300340518 0.4649404261009721 0.49514388854909774 0.5274642648769419 0.532803912738625 0.547824406313101 0.5311074315344653 0.5226660438204535 0.5431386906639267 0.5585661671238044 0.5672228108472821 0.5588536177351021 0.5797876235253988 0.5568802009294194 0.5549580318844161 0.5412003576133051 0.5727250960987249 0.5409786841568723 0.570348317438799 0.5314822322244634 0.5099491421024172 0.5055420186930354 0.47649276034302546 0.47310754469988586 0.46120392471375676 0.46409731576880453 0.45365319296229883 0.44600909505225167 0.4357851380614753 0.4584003881116827 0.4129862867117876
0.518755105473712 0.5267939820982515 0.5197567564053353 0.49785923851357505 0.4829712518433284 0.4918490227840805 0.5009014962884621 0.4907262063561711 0.4880819657644958 0.5028418115830429 0.4873277080538158 0.4883918608172392 0.5032251382270405 0.49554903134644857 0.5230092171092668 0.4996044250419269 0.5455182865502652 0.5632945401835758 0.5596447127615274 0.5603440678283432 0.5621031731913885 0.561857715746057 0.5669768211989735 0.567025076354041 0.6006277393015121 0.5771492996238154 0.5509562247951996 0.5543877098759685 0.5701909389974658 0.5452431911110893 0.5447287708192547 0.4975424668180176 0.4865557730600527 0.4885626525573173 0.48950879639212186 0.464564594936062 0.4380164230422316 0.4494180099135388 0.4432543398627966 0.4494058412568135 0.44696409847992163 0.43077081963312214 0.399732269170196
0.5178504988237413 0.49405219494011227 0.5082080679969718 0.5156199397084793 0.47398962789927007 0.48443583036163296 0.5084952951617395 0.5067876017943989 0.49607222613936647 0.47815352280202744 0.4692644898884556 0.4845085939593166 0.48944148743907073 0.4991863082342774 0.5174728326907398 0.5192520605452383 0.5389428795099093 0.5667074476547219 0.5641163923748486 0.5432470665374327 0.5134270533076133 0.531679031782115 0.5353064821642568 0.5487440886186946 0.5890638332256241 0.5911330967681887 0.5820077986872116 0.5707953269121195 0.5603216243420213 0.5297571576331931 0.5058975307880874 0.49490221850048993 0.47739322798019784 0.4743972924396844 0.4928507507237578 0.4489582061356517 0.4589000562782056 0.44331676896316946 0.43208809577679846 0.40779640631263314 0.42634812555301765 0.40329486045875995 0.38472993776200315
