Raster_benchmarking/Raster/continuous/raster-346.asc
NCOLS 100
NROWS 100
XLLCORNER 1743151.8776306645
YLLCORNER 5469290.319375314
CELLSIZE 10
NODATA_VALUE -9999
[rows 57 to 75 of 100, columns 43 to 85 of 100]
0.5548499166761364 0.5155471878722021 0.5082500969947996 0.5469788610058117 0.5202299924019862 0.5767539923349094 0.5804911094801828 0.6195364988728235 0.6225295384371968 0.6324475672222369 0.6521681401466537 0.6910698390998413 0.7133942611159336 0.7546802333091724 0.7534078526461716 0.7309510715367397 0.7493206245361081 0.7661636851041854 0.7950481801679636 0.7633718938618614 0.7844116702278675 0.7477448415351936 0.708927745867826 0.7068520307797779 0.7079893864649213 0.720598164691484 0.7166798590126433 0.6803285447258 0.6541220692719975 0.6401806921141544 0.6131016597838839 0.62700318267413 0.6078940210245033 0.5563013093559549 0.5905360939874513 0.5676231573866224 0.5565267469049949 0.573372046980726 0.5395128754705181 0.5072719556589628 0.49092641777291934 0.4918405300649846 0.441148398599847
0.5307691252403933 0.530790882335388 0.5407036729883934 0.5791250885393988 0.5457051371777684 0.5878423756053499 0.6267059294793945 0.6308133115308888 0.6528159513937796 0.6714216848147706 0.686746515221222 0.7529816438655828 0.7550926926170823 0.7642653785067365 0.7858005199767806 0.7714307276214154 0.7546753468897396 0.7657805737319988 0.7677725504996985 0.7884159989375976 0.8001642763239482 0.7703749963195147 0.7389539202305199 0.7615126458003133 0.7369925333751391 0.7059192364472677 0.7489057047050818 0.7187118435937088 0.7026860814879418 0.6695238936156869 0.6261775616656162 0.6449175361179905 0.5960747636673086 0.554415195191437 0.558217215736569 0.5782407397276068 0.5878133735243607 0.566224084198974 0.5208831474981638 0.5302483537073377 0.5178719421399269 0.4754801244850289 0.43009934621509605
0.5395555662724193 0.558008774794054 0.5572720340437526 0.587177020693452 0.5996670922154432 0.5845469167574964 0.6144249263869332 0.6275713256121426 0.6857647521886123 0.6890793375009924 0.7517044069109171 0.7667828565207093 0.7586317766795124 0.777212190548635 0.7879937349034631 0.8123932124967814 0.7696368109826259 0.796951589488169 0.7944880226965713 0.8042653472673563 0.7767426858795953 0.7982472044730721 0.7912777658052215 0.7498645650973146 0.7312406554779693 0.7144280324010488 0.7594367694172611 0.7257116729015302 0.714704782967517 0.6635491644919589 0.620064366929656 0.6378523507082067 0.6100328042194848 0.573287504173382 0.6091733797248374 0.6112753112370192 0.570482628486528 0.5764251265041783 0.5468280961601315 0.5261338665377523 0.5362601675702611 0.48634843960544455 0.427576404257774
0.5917991538910364 0.6090640300222637 0.6180270760174247 0.6046789304910277 0.6497268400404618 0.6216654567738948 0.5964813290600545 0.654661601399819 0.7061893634299438 0.7441184617242125 0.755329743584118 0.7903362463570432 0.760822553865464 0.8092510465605669 0.871675259441076 0.8357279213898676 0.8033862412669344 0.8186865525766766 0.7640469711692304 0.7924555119104543 0.8165483881241767 0.8171227189111401 0.7796200536277721 0.7368837247057898 0.6963917917178417 0.7224240670802886 0.7341516541735206 0.6745143241680086 0.6647791678644401 0.6481834282898655 0.6516311142463407 0.6397456459014086 0.612715576266449 0.5936502353987362 0.6157193354495234 0.6111901109849759 0.5802598692359998 0.5776772806301622 0.5664339247673952 0.560662676219899 0.5259615721656259 0.468156360967252 0.41886466994196336
0.6012279920953022 0.626223658756467 0.619830126399466 0.6575597050101788 0.6372976700052962 0.6503216344645166 0.6534076374542798 0.6672662001743995 0.7348101086506406 0.7355500978462827 0.7977965112135011 0.7984028370365648 0.8192478244070963 0.8496026132359066 0.8622581383838392 0.8522892129190285 0.8414298119581011 0.8298655555237548 0.8295035910364339 0.8060138270903561 0.8037232521078977 0.7957700256977386 0.7758518920734208 0.7298737535913512 0.7090785030687913 0.6824381833230542 0.7001787788329498 0.671532826924454 0.6719106642494765 0.6882854412988846 0.6455761586526421 0.6601833243673553 0.6480274601984016 0.6544923842532933 0.621760609647736 0.5919798507683571 0.6134011739898525 0.555491406295553 0.5455676720187592 0.51969779957607 0.521200365379409 0.48431928920417255 0.4478402846739609
0.5581145600035949 0.6204939683557357 0.6464078999898255 0.6472296880588844 0.6508363701265216 0.6550708403528231 0.6444396703217978 0.7215656440959712 0.7315493585943461 0.7600461960913387 0.7913644240050903 0.8116739620555349 0.8034348847882415 0.8374005957187056 0.8504634991224006 0.8541519685749228 0.8634691509637799 0.8528132375300207 0.8666498068751691 0.8201946882380743 0.7880590476571705 0.7338427930703714 0.6989656434011027 0.7103814928797685 0.6709445829254843 0.6539015084922749 0.628989970108837 0.6583433221258991 0.6758241202759533 0.6757696014010354 0.6956238275584764 0.7086862333318951 0.6764576599709053 0.6271050662574404 0.6193577710425865 0.579980739470444 0.6123171209357243 0.5405685815950958 0.5397826333964961 0.5360206929654002 0.46779254418752886 0.4654002243960576 0.4704780627462054
0.6101759050662182 0.5945296405782613 0.5917581561526133 0.6269483082021859 0.648915413243336 0.6555595415762485 0.7196475458459722 0.7558796775409207 0.7886333776518039 0.7900607864177235 0.8143345914607112 0.8288196423705753 0.840585935433679 0.8584722606572663 0.8398898833218117 0.8385858827922219 0.8405697981738516 0.8549268171408017 0.8703704342121469 0.8273293454300935 0.8188944088529077 0.7664140034073389 0.6780018975108817 0.6520925338342219 0.6244886679327262 0.6074284377457366 0.6316556337077748 0.6301192773750669 0.638018753954741 0.6555854430237974 0.7014288601130344 0.7081850296072335 0.6713153550558679 0.6623365656302694 0.6449907448463595 0.603698497775061 0.5929060492836086 0.5532194185391687 0.5622579335541009 0.5226498142551251 0.5219323549489685 0.48770098854735006 0.4998130437905624
0.644723900714933 0.6410122969711306 0.6119714317001234 0.6550763860631506 0.6563087152225179 0.7021938182076329 0.7842508509203289 0.770388506798173 0.7865707345984955 0.7902176565125592 0.845213266164279 0.8480552349596023 0.8516101720560529 0.8463988667661895 0.8309193768313049 0.8945539895350115 0.9000308297518812 0.902385094945868 0.8941279407157809 0.8575490293316451 0.8447512482262448 0.7564938468380922 0.6966667904572714 0.6740616011048756 0.6337278597337338 0.5853997567971054 0.5823614858665066 0.6361666143076816 0.66505658804202 0.6897958380208545 0.6908922167071747 0.6887517968191202 0.6689965122034844 0.6750121968933441 0.6084664141244194 0.5931667672897052 0.5972935530572506 0.5751249132829594 0.5735479300602041 0.4987104206722655 0.5045090244971094 0.48722377354925944 0.4967211832411323
0.6504439783082148 0.641956889707374 0.6502571094660684 0.6319006275628409 0.6568426166272404 0.7257686100561556 0.7857932047798052 0.8055942664236273 0.7935298582313309 0.8128991819238836 0.8540204369197263 0.869417066855035 0.8623082390049036 0.8484317931154389 0.8833733508880839 0.9103850312518018 0.9292817653394859 0.9104775919364108 0.8780501532565543 0.880177479693536 0.8493111441060499 0.7701021415072116 0.7075614111274608 0.6600790742545783 0.6202227851382297 0.5976386286517131 0.5933277483404269 0.5896361070653183 0.6312878402776676 0.6691704455516729 0.6533718696846925 0.6825870622515354 0.6463531685182723 0.6559565449001719 0.6337326515580549 0.6192111884383642 0.6083251040591785 0.5792200579694053 0.5431034490124873 0.5048134915539277 0.49632354222646036 0.5018167607764988 0.49463150776173653
0.6593912379329643 0.650040061880173 0.6657928008761056 0.6570470928025063 0.6620738554523291 0.6994561913553563 0.7959345256395937 0.7928241409360405 0.8029552664259748 0.8016253655911225 0.8367818499818933 0.8700069011061681 0.8404153430729933 0.8708266824353871 0.9074401507487909 0.920486345668976 0.9111952240568093 0.8884528750351436 0.9013340325110584 0.8734238379803225 0.857727575987325 0.7630267406643139 0.7500415770679301 0.6955972110322431 0.6527307380024298 0.6381651500582937 0.5873976122954673 0.621031256103214 0.6093268424631184 0.6580137163591336 0.6347516142206092 0.6434343764088638 0.6751247287083917 0.6483708941291367 0.652357844385575 0.6450003563321516 0.55764032429398 0.5568079636189419 0.5111662821514366 0.48875431712185147 0.4869209764380834 0.4616677781447722 0.42710252132094484
0.6378279261447319 0.6387530515272638 0.6239992399009416 0.6296513164531582 0.6366597382213003 0.6964753522173942 0.7808457490250316 0.7881084744130415 0.7774166939476378 0.8307753969584983 0.8376549003515921 0.851999370392036 0.8767337649358982 0.9018315049065028 0.9097829709625748 0.8938823081647681 0.9240297004851564 0.896174802257573 0.893880606567986 0.8712144449016921 0.865171389194424 0.7787869997139583 0.7342260248820457 0.7058363638216116 0.6915995512494899 0.6649442682479342 0.631488294429175 0.6028735796825931 0.6212053271029554 0.6689586010862247 0.6896865483416914 0.6732107317041326 0.7000211933541999 0.6737936933018926 0.6490639827496775 0.653623092605631 0.5772000234510527 0.5296505755223772 0.49939856695811835 0.47593020757210924 0.4362991760762017 0.40567347224180084 0.3511669354656634
0.6226259125946881 0.6228951984141885 0.6085470759174426 0.6469587322707008 0.6397003677062253 0.7222559606004232 0.7746128473785538 0.783219902258547 0.7971134598811316 0.8163869265140749 0.8741135101265437 0.8891978155515001 0.8424143782770712 0.891521643370525 0.9466412588801679 0.892119706743304 0.8909301173674802 0.8932441339297216 0.9290177873587245 0.8641723270018395 0.8403991956722167 0.8072113919792071 0.7699841820132585 0.7433359360638746 0.6872098291210192 0.6822248636570181 0.6656801058065865 0.6537665765262154 0.663992919800721 0.6587513515385366 0.6688359599264951 0.6654887522906935 0.6639650146331468 0.6874700865995379 0.6690200164171998 0.6436347730824158 0.6241012773645154 0.5627331969777618 0.534873166409442 0.46317095838166644 0.4497717221784335 0.39036602819346494 0.3347878821410034
0.6345287266578011 0.6234827752241894 0.6565497317913606 0.6653992552420845 0.6561598794182664 0.7216405528186196 0.7632065978500041 0.7469835566355616 0.760088732656056 0.8211990742812516 0.8522526717253521 0.8760078108683146 0.8877959025425443 0.8884789776206028 0.8983988662919213 0.9207854218150757 0.9268382371582519 0.9140127545432852 0.9194765927815959 0.8842407098595381 0.8204606014540116 0.8108319490988101 0.8031799674252623 0.7611195458700577 0.7259266542465816 0.7149009577770076 0.7181676435752836 0.6966399952606493 0.6948146589120305 0.6573556965294639 0.6833221810329627 0.6468504822272119 0.6174436664816305 0.6418818492604069 0.6240233896239943 0.6349875696411807 0.5894021055882643 0.5477342776074849 0.5021905339678159 0.4562701869070962 0.41535329052526837 0.4013010483051799 0.3838879520095128
0.6731281189366944 0.6443367563880356 0.7037668576089195 0.668192643103668 0.6652179482685703 0.7372958412267804 0.7107641733921386 0.7772659769402882 0.7838564424385902 0.8130387236494344 0.878168105709065 0.8506199488676957 0.8507662892547408 0.8961939476061174 0.8763241758002737 0.8731146938949045 0.8702622992715628 0.886489764219984 0.9370442045633226 0.872614924255164 0.860896826636373 0.8073913248010144 0.7955913309890845 0.7390166060134159 0.7295899265591069 0.700086948937827 0.6860737221077747 0.6987650325761531 0.6632188719322449 0.6762302643330371 0.6943685825166256 0.6511682355061953 0.6220236836562842 0.6176068136624328 0.6335903534770645 0.6122347738569521 0.5554383368376554 0.48675735551225896 0.47648481080708566 0.4215127910977726 0.4379793391639353 0.40036357120938176 0.4025174804246667
0.7110715199500811 0.6913904256699609 0.7259290276979478 0.7227963171693659 0.749600802621995 0.7409033974111056 0.7334126757828631 0.782699082674801 0.8165742873003491 0.8207473481962807 0.8703822924613747 0.8694245254162563 0.8752620121590675 0.8856815606597339 0.874240068700036 0.8906135722648836 0.9163597393457744 0.9256975836355795 0.9334493468707095 0.8744052945421229 0.8567732942665998 0.8211629620512682 0.7667565897498252 0.7404336554012362 0.7113373017526492 0.6911005281705317 0.6673076297427778 0.671275034661639 0.6407451175041434 0.6679884533559274 0.6695505463798105 0.6297328202171389 0.597466262853636 0.5961671733726359 0.6208603747086794 0.5863156023567178 0.5064423521589292 0.4785550842930938 0.44706927599788104 0.40576822955021374 0.3856714530562514 0.3710400267862507 0.3439361322573051
0.7025416620125255 0.7187150898538671 0.6939527073227604 0.7517666456351951 0.7578339498769397 0.7626509274582866 0.7407650548503368 0.7925706807387525 0.7978496055860502 0.8572354037266118 0.9234906015815596 0.8726740378795751 0.8520214544843131 0.8714374413183841 0.8492075921002621 0.9244516869227509 0.9255450164121741 0.91981155817544 0.932259436686333 0.8801057270466559 0.8081379543098339 0.795815796812654 0.7687008252095879 0.7340137616964917 0.6868292503434585 0.6914601588207238 0.6471399006097144 0.655849899723714 0.6728041044182931 0.6615877244524765 0.6606802959837409 0.637039038257735 0.6256791540540177 0.6198249000730024 0.5696431012964049 0.5346144273943053 0.4725953261502968 0.42528854869241933 0.3833838353629218 0.39899490826072204 0.3490670538127716 0.32423266390596905 0.3511147264335283
0.7359579031641673 0.7122218808184863 0.7205117685931541 0.752699025857485 0.7830780244552796 0.7877543237947623 0.7660307529207131 0.7818806434157004 0.8413728393282297 0.8908075912552975 0.9106524989431803 0.9187092147863248 0.9072882224042876 0.9047941276193396 0.8803680622233986 0.9349973138926464 0.9135147715974262 0.9066975342790463 0.8989230086896476 0.8755772476465459 0.8242455662811646 0.7700619108859188 0.7621027081527221 0.7002431484425502 0.6836592540557178 0.676760958175507 0.6640043033898715 0.6445976117548106 0.668469418745479 0.6590795843746231 0.6377653158677514 0.6001249969376297 0.5793042436573744 0.5847487807982064 0.5531855823183706 0.5135250446499797 0.46762119993292633 0.42158732602364796 0.35798317895371634 0.36777339101378287 0.34369060878120633 0.33467058175304654 0.28585196064196816
0.7579881526490921 0.7631765764938371 0.733657744028238 0.7615680056850208 0.7972179036038982 0.7783592270885176 0.762579598955422 0.8222453507223302 0.8809622962937318 0.9085364827299733 0.9214371237185125 0.9422716796270113 0.9460587806011472 0.923641266864488 0.9375436446758109 0.9221852298433012 0.9253541591284338 0.8754932543887063 0.8670880010063393 0.8448575485870232 0.8343485925747325 0.8131094500128458 0.765348239910015 0.7077620643924893 0.6815288894824609 0.6675047340460009 0.6009973830339941 0.6270956315175464 0.6311343861881276 0.5830410097188679 0.5984291337681915 0.5929843306046083 0.5321655498421285 0.5313313230643842 0.5410143104009651 0.46095466336704194 0.4346359021172249 0.4330665851226972 0.3491148261758189 0.35708571441390197 0.3235693373152789 0.3231794010213713 0.2631024502122132
0.7742186667179273 0.7574975887128192 0.7790755272217802 0.7897059659296662 0.8005764441438675 0.7925515479560512 0.7870654360977885 0.8132038514658344 0.8390573097538416 0.8735081776747664 0.9174148002197926 0.9366928068885498 0.9376074648443894 0.9193443803602315 0.9195008430136666 0.9395499524121074 0.9092675079053174 0.9160029772416952 0.8912155832104368 0.8590195437233399 0.8289055855058224 0.7899534336579412 0.7494180746990474 0.7505657542236363 0.6707871645467404 0.6388631502521774 0.5898211063367603 0.6029016355668453 0.6007544893782716 0.5543873466363841 0.5559394626463833 0.5652710345107053 0.5557215957962419 0.5245986489089544 0.4891926089373884 0.45710467166561486 0.42818618140992715 0.4126833321549319 0.3574210698605389 0.30391379798295753 0.32834513298963025 0.28582207467174026 0.24988461070908177
