Raster_benchmarking/Raster/continuous/raster-413.asc
NCOLS 100
NROWS 100
XLLCORNER 1743151.9503682582
YLLCORNER 5469289.40299207
CELLSIZE 10
NODATA_VALUE -9999
[rows 0 to 18 of 100, columns 0 to 42 of 100]
0.18891103845507265 0.17090540884658662 0.2139700723320724 0.23960815864666218 0.2871406404570723 0.2619113161220968 0.3222861200113429 0.2822076922999388 0.32959915703619325 0.3009419544359795 0.31934897568703524 0.3138059550609727 0.25906003190769317 0.2633737274143426 0.29176531611981205 0.33867202490511394 0.3272966351518812 0.34569854655469134 0.31184571079517015 0.24774037886937664 0.2833245193739353 0.30303398233869205 0.3128664812022571 0.3300934143613477 0.2930619004572042 0.3685875195636134 0.3660902772762758 0.41866174219338265 0.4793982402426335 0.4409383336099726 0.5031544989070785 0.5033237812338613 0.533408932527502 0.4945036432402021 0.5017828358389108 0.4568856615771553 0.4567534773522393 0.42187670088428597 0.46581045530347887 0.4511528178543405 0.4607997072299814 0.4512817599843491 0.509062019739786
0.18291364363780624 0.13812519790959693 0.17092353506655347 0.24128007627265607 0.31400796694057637 0.37138469303243293 0.30734346110938326 0.35852049818564263 0.3448606139886307 0.3286271559675146 0.33076512220124105 0.3142666343688981 0.29163948839711273 0.37131985211142704 0.30950330739639714 0.3248726101558224 0.35796145179832367 0.3317689887128183 0.3145163295808143 0.29060219704348417 0.28909104395426766 0.2744168295264687 0.32733281760253713 0.3020853452643948 0.35177672524066905 0.35563114461386425 0.41829344494135745 0.4719088912778752 0.4806594252521382 0.5010108730430253 0.5575662437531603 0.5709258341096659 0.5428875964599938 0.553642718420433 0.5498707497652218 0.4645756767401245 0.44706266286093016 0.463797458137245 0.45735616665569695 0.46781747132536056 0.4826607786379452 0.4374063194849382 0.5041240929992798
0.12636859773783687 0.16708649918319815 0.1812935053136209 0.2386421846549807 0.2822350035283833 0.28824639849787187 0.32104331994586294 0.338975086244478 0.3343500506559973 0.2874990102934906 0.3091331618072738 0.2842816600884724 0.30608802791768386 0.2990184333834872 0.3317307308811372 0.2851951955985187 0.3149419728380191 0.326596067884125 0.2684325455431185 0.2914428238593296 0.23092615803863167 0.23206012745269872 0.28038597535531384 0.3054581077908117 0.3390106768338434 0.35183404937933827 0.40809882173824724 0.4464229428653899 0.4631456234080828 0.46072732887708334 0.5296391254821449 0.5449423723845715 0.5128878266307411 0.5021623894252957 0.5421057745578254 0.5371497716758343 0.4924495100913642 0.48364316502872307 0.5299591658499921 0.4979029196771658 0.5254893981038552 0.46662761257497054 0.5030527557586255
0.17932729112148357 0.2057931026386633 0.19703072750608253 0.18492438366936842 0.25915168959884965 0.25274408933998727 0.2586022107809718 0.28354698961941593 0.2769828025485063 0.32373824014777175 0.3155287158206727 0.30019878642813896 0.32767481352875616 0.2722169767248981 0.27146051309078995 0.30314906532988806 0.28246714474839724 0.317785201947015 0.25508169312913104 0.25640996464310684 0.2350842111948235 0.24005283147443188 0.28546052332605576 0.2686200709684664 0.35636832575906685 0.3537775681531111 0.43899130191651686 0.47729463267409056 0.428641498343216 0.4388904671784428 0.5146276954336799 0.5353439436166292 0.5424449805414885 0.5279814269669603 0.5765228630396174 0.5755305522126157 0.5872321948009658 0.5850489006362256 0.5638536250295094 0.5420113972648898 0.51433569808252 0.5282982454964854 0.4918903131541857
0.19033949939795616 0.1460477708595678 0.1643164015853182 0.19312417733664392 0.19713348423948296 0.20937797751221676 0.24102987143410007 0.24877772791928385 0.31004355504405456 0.32087894354270075 0.27541171453797564 0.2989483287130293 0.3048596826342791 0.3025203531919859 0.2569509750738186 0.25303619191701365 0.2984780914676953 0.29529645347538785 0.30755138955059963 0.27558422073087047 0.256686036047653 0.27096070800973254 0.2578397852491449 0.30189208467559525 0.3470091843313806 0.3669022645046479 0.4222825505329025 0.4655886384568851 0.47153913427604127 0.5069492992039913 0.5191767321593508 0.4862000373778262 0.5123594175869899 0.5506526541651036 0.5389467188599986 0.5692113530312982 0.5651337057053257 0.581942429248465 0.5535095049117529 0.5509684829043184 0.5827702165442258 0.5795153920762321 0.539628446087437
0.1893420153980454 0.16252999172196098 0.20907784042350583 0.22023636888933681 0.22922196878915213 0.20531396275214853 0.22409272180188128 0.19379870171439917 0.25788459807285613 0.3186606250985885 0.32773940998201023 0.29946633054229976 0.274854395476316 0.2402681651111606 0.2610538507192933 0.24777629549474828 0.3194431768145178 0.33893076472208994 0.3296578386648099 0.2211640067323072 0.25980619430368324 0.23215297186696426 0.23904313244160277 0.3112476212465905 0.3544822904374239 0.34364235383689506 0.3700240251482175 0.4570410184290764 0.43760299823432125 0.48981611898459554 0.48474312148577275 0.48474637909045504 0.5173081137200864 0.5416760977770387 0.5425269787904158 0.5413956927148615 0.6090856730363918 0.6315502108462926 0.5809652077457477 0.6033185828358154 0.5547085937106464 0.5930951406143629 0.5809573528333253
0.1934005658598656 0.16342856333680253 0.22594062096280237 0.21319434387836678 0.24534877161335936 0.23960022135254094 0.2213886740124006 0.22758652922847786 0.23515808758522658 0.288590431183092 0.284056863266511 0.279651555525373 0.28997707143201773 0.24610775123215387 0.2637143710658688 0.2646863764140191 0.3175996270213456 0.3071537570100717 0.3083994703809499 0.21224881050355862 0.22792479715456457 0.2694101300880544 0.3010765295038968 0.3661045205175327 0.34640388164813346 0.3723994706868291 0.3879920778010582 0.4131485354216776 0.4007010992556023 0.41754127229313215 0.47404676399907736 0.47686889869699184 0.5165871402286979 0.532835619099886 0.5230245224280851 0.5745843087574354 0.6152924573567979 0.5956349272577564 0.5935295814062629 0.6089926904894156 0.5745803339757682 0.560584200965181 0.581795728354736
0.2490335106313182 0.18737630217046405 0.2359274111824426 0.233950260880511 0.2011558896471025 0.26781166078381574 0.2124127332121032 0.21626727140328084 0.22116199921310198 0.2545171263124222 0.2751733574148189 0.22674275198013744 0.2867928862592259 0.2718753293660984 0.24198764892481897 0.29186081907196076 0.26538030907653426 0.32103514072678246 0.28746741392513614 0.2363830724688818 0.22100905835087487 0.29536916836444566 0.3017727684396182 0.35957521197787523 0.30730018570286755 0.30659245162799015 0.3898613082847355 0.37429509629468355 0.383371644522452 0.4033200005455666 0.43470922499075026 0.4456791390234029 0.4921996043152932 0.5372460372761316 0.502636301931727 0.5415409090603053 0.565984790130291 0.6041932337692366 0.6547664124989347 0.6620580145325939 0.6228851089450953 0.5792940775149484 0.5963910277368796
0.25615551656052743 0.17270871339177482 0.15774950157065612 0.16696137582770046 0.19174782695992196 0.2406158256911775 0.24323687450360243 0.24953488977690538 0.23886707723371983 0.2856317344916569 0.24658454177440642 0.2126397265845855 0.2579291170324085 0.2346832150545843 0.25310757413736024 0.22040478546468983 0.23725196464781872 0.24299909996037455 0.2385249818129145 0.22863195024725377 0.26741760132975734 0.26268871870059446 0.3026160766695674 0.32394967519891804 0.3019055549799153 0.3627980127215434 0.35123874377879977 0.4313375308242923 0.42439910762030475 0.42367784476303905 0.4042136492141272 0.43300950239241515 0.46404511280886235 0.49481576916606734 0.5179069480759618 0.5385459988841222 0.6015756360977368 0.5872539272458877 0.6244065814951459 0.5860213596959357 0.5802337819676042 0.584355208121549 0.6139648820790506
0.2517458180999728 0.15388334531139042 0.2119190245171162 0.2039098763189485 0.1912002862169768 0.20290898051440656 0.21434994606952976 0.2793048120194606 0.2993687884893776 0.28391279247559637 0.2281767081448241 0.1955686004253225 0.2269851718755447 0.20895076002918103 0.2008368862318168 0.19283857245554556 0.21286234076588975 0.2082503502047769 0.25940783608522944 0.23277055882670275 0.2577582314615239 0.26126014474701226 0.3065787915146085 0.27561706805141634 0.303526920680158 0.3725082639736998 0.3781643807118401 0.4297127277163745 0.37414050284676514 0.3527261540599665 0.3743462793518099 0.3755938124956808 0.4333524758612368 0.4067760166842483 0.46790164911712445 0.5450873539767004 0.5595353534856807 0.6236232748256124 0.5939855454155539 0.5862129778806441 0.5412858691346143 0.554915244943718 0.5596911675245358
0.22670733580599056 0.19412928948801164 0.20411120120583567 0.19545249952553567 0.238838648157186 0.23924823315159177 0.2350309581840795 0.25716717139982503 0.30678250311221805 0.29645884037701403 0.26509370892352724 0.21198014323338957 0.18065897771970169 0.2074796514619557 0.23088104649578 0.2218752636552817 0.19776691282809628 0.21287487638512495 0.27504450489217 0.2848816556350633 0.24551121278214513 0.2574449179373278 0.24008457768162314 0.2568981859077838 0.31953101149114405 0.3172466201712922 0.3876112089288245 0.40612749143449756 0.38521134447605593 0.38749347544092305 0.3551920898701238 0.40739909672726166 0.38277360458295645 0.43506095688190816 0.4374307666613747 0.5099958256256354 0.5086002870655499 0.5637384308939355 0.6123927350762974 0.6146113228074626 0.5847257696171584 0.561419146448883 0.5749314385507366
0.27170884357071434 0.2605215327794506 0.279687806430197 0.24388128199571016 0.24280331730763544 0.17119249406381065 0.20374020673785112 0.2761678966858502 0.23349104394535083 0.26154433355981294 0.21353269390596938 0.20175935843460532 0.21144398943333478 0.2523550367108936 0.23089093473769648 0.19995722388351325 0.26138818910506695 0.27149120722147685 0.24450454561310794 0.2437316586132707 0.22585606990420012 0.2657309542762401 0.25311517373581705 0.2934541215792922 0.2641501265674362 0.32660030455982636 0.3608766772621603 0.37177685532913246 0.39663803882751886 0.411434059687465 0.43419020590273205 0.40540592272967774 0.3941560664481496 0.4056345458844628 0.41024188390498045 0.4474402134449472 0.5133904447530555 0.5624922730289025 0.5395435641514563 0.5292666950058574 0.5673858631754443 0.5492125696653264 0.5299414567052262
0.29132463536836783 0.26298185038832944 0.2753422623160622 0.21200362236219883 0.200409262844246 0.23611260986984847 0.22464449068257977 0.2446179678858078 0.22558707184462118 0.18302967337607362 0.17837864891120894 0.19940062555838886 0.22804166275445312 0.20380471543932047 0.22194041378544302 0.21899685628385945 0.24459859894485675 0.2316737679118952 0.2852339393826276 0.22496288020018096 0.26082993952560724 0.19940436676576967 0.20471266105052627 0.20842403287523642 0.2522635381588276 0.22668776762928097 0.3111930037438658 0.374584408521666 0.3532369863445055 0.3869090220243987 0.440553886384991 0.4183688592518184 0.4245417626660378 0.3635044487672837 0.38189363341194205 0.45328108481978785 0.5022277513764357 0.5031750017796437 0.4697372395794052 0.49144284943235855 0.4750200563414412 0.49805872549020325 0.5374247546271957
0.25303329125875 0.2974308231396929 0.2592927938382435 0.2638528161912836 0.2513000505861479 0.20047348477903462 0.2074258358283426 0.22819044707911118 0.17477241999957643 0.17191906584875224 0.1739168468356359 0.17462677363603657 0.1694249909415451 0.1840311803631609 0.2135212695874924 0.22300099730511097 0.22863874534119458 0.2655335905262275 0.21330129624284608 0.24736783089812683 0.1768399314471001 0.14424653701104456 0.18568100987007913 0.19981100479795394 0.16416498546168418 0.15731199650194383 0.2296184088190523 0.33059319133966514 0.3264242223167346 0.4034841748767083 0.4028555445192539 0.41576105364823573 0.43172122398819684 0.36637693961123785 0.37241615634722247 0.4034660793586118 0.43913644828156095 0.4754354061359764 0.47943337842865646 0.45701490471231865 0.5106687713592083 0.49200679442898776 0.544394927515371
0.28071148866233175 0.26022950368052544 0.2393500470424159 0.22152687759670842 0.25240538140296087 0.20882737669466941 0.1949203250194052 0.18258311551033551 0.1758150998932632 0.17893853667784307 0.18126638897719644 0.12634304625818987 0.11924389103450868 0.1318328373981795 0.180734199488156 0.16804653521224913 0.1707521544951824 0.14411523447983873 0.1629365207750412 0.17625471959216146 0.16581913202737922 0.09029442568202244 0.13256687827227048 0.1366558188750462 0.18267994718148278 0.2096742990210852 0.26829143140875766 0.2878545871919157 0.3515202235364495 0.4059499021743548 0.37433865483764167 0.38006916715260786 0.41775725708226197 0.4167743776215473 0.39036786846325305 0.4320216561304875 0.4137732249327926 0.45230173291706743 0.5005637459553969 0.5285284559362416 0.48891363589040754 0.5008612557961197 0.4907836286417132
0.24409191746036385 0.23697597795727143 0.20984213671084123 0.2591814811640333 0.2762007173286691 0.18557567075812814 0.18020485961638577 0.16087902431932166 0.16282489162929195 0.17704585111001034 0.19950262206460231 0.11896774112690937 0.09314442506101646 0.14881777477811503 0.11223990437273065 0.10814029297877731 0.09919422711092243 0.11103951460097214 0.14426956511210426 0.1240955262101312 0.08121165700595029 0.05127083526507196 0.1473872008841527 0.15383652524505181 0.1714700626067806 0.1722298615761639 0.253422681288184 0.2779523622803895 0.35748045238447007 0.3922363468656047 0.42247393099623876 0.41007437963005666 0.44020610866159227 0.4405759335135483 0.42372855277045 0.47754158586422574 0.49010541864082746 0.4448560258407451 0.46725332204462594 0.5586048271552057 0.5086392570271009 0.5342103346973363 0.4989574317670237
0.25221798645272425 0.19085664437145458 0.20133055205746228 0.2172613579442529 0.26040566673381454 0.27898549288821234 0.21898436837231605 0.21844216010730644 0.14852946759396554 0.15314446440782903 0.1803764275760553 0.12536160702839744 0.1288774343718807 0.1590915631305327 0.1219816258758324 0.06674284662653217 0.06084210539326677 0.10699372771820147 0.08899719427166056 0.03810275019163905 0.061055457524202286 0.03944021001254357 0.13835935127344481 0.1268891163163451 0.16404631144460158 0.2238216835037017 0.24184221547757137 0.2613318114482415 0.32392284435516644 0.3307448960706632 0.37944729489461754 0.4360787044556325 0.4655561859891862 0.45290792803781377 0.5097330645280478 0.4804521070509478 0.5060826028894517 0.5036080192888917 0.5019340061960472 0.5112893987812721 0.5848059874109055 0.550410525258408 0.5423218142473508
0.25524523229635465 0.20359979412513698 0.19173395777784366 0.2296613688238568 0.28044452832092687 0.33166828489736494 0.2993199179003956 0.22118445590217378 0.22152363353175264 0.17634297635226123 0.19659461977938011 0.14600882103178123 0.15150895594518712 0.15880639709443667 0.15295631122320885 0.10922565375512136 0.062348848918063166 0.01914779434716387 0.052934644272095224 0.0039062356304252538 0.05973320293297526 0.02105641215046618 0.096709209800482 0.19467594723140602 0.23183136408663174 0.21922476945520947 0.25260420145575285 0.25034439775869144 0.33702982803153203 0.3708717490241309 0.3560684012360859 0.43435979232119004 0.4378408824913996 0.4950436045297576 0.5305219065783003 0.5252165775528294 0.5204749809417594 0.4927835575285032 0.4873908964077943 0.5268156164649485 0.5791215120229133 0.6008901616607732 0.6081509015027313
0.2190390996962063 0.22363902942178032 0.19276757621158766 0.23412219429954467 0.23571404814387747 0.2632429441080975 0.2788177384101945 0.2437486080445921 0.20694895566949761 0.2331415096687967 0.18049007179048135 0.18249493435386707 0.1970486527800088 0.15793037024675033 0.1524811508967768 0.08368924689023734 0.0189829521059953 8.502436142503872e-05 0.03625448081475026 0.0 0.004684300691472711 0.08787628747345788 0.15405928478520836 0.2214632516819503 0.20670642025502267 0.22643727061762425 0.22217672138799732 0.2887486490578443 0.2970791919260742 0.3520433765681458 0.3893365171681838 0.440667035135923 0.49129320064719023 0.47808205443641216 0.4823036789154395 0.47237184674860727 0.4958162498066312 0.4685038879928603 0.501602041961426 0.5250959478152987 0.5288657299772 0.6051859186567827 0.5984804781266948
