Raster_benchmarking/Raster/continuous/raster-373.asc
NCOLS 100
NROWS 100
XLLCORNER 1743165.6399122032
YLLCORNER 5469288.298421741
CELLSIZE 10
NODATA_VALUE -9999
[rows 57 to 75 of 100, columns 43 to 85 of 100]
0.5431863385275816 0.5909997917001863 0.5966780052305203 0.5832411216623501 0.597202048864084 0.6290683176117139 0.6525111323492035 0.6321662541086643 0.6951643375278519 0.7046348089429341 0.667433048847964 0.6469056503214883 0.6364683203474 0.6802893133656532 0.640044391503455 0.6400759872376051 0.6568377500497322 0.638544309378481 0.6724690703598561 0.6366859526251566 0.6279509055964692 0.5525242396765294 0.5212561445451616 0.47693714873876986 0.4541853063537273 0.44832935040197586 0.41861460454519395 0.4102030218616769 0.42323013878007465 0.4071209381186541 0.36765928635935397 0.3851929364402405 0.36147086959080266 0.3394501832218404 0.32674889391457806 0.3153470426020089 0.30729648474034976 0.3074170984698705 0.2792480370627333 0.28554653845591926 0.29666047727322237 0.2561275964423604 0.2491006626239219
0.5412188472513165 0.5567286702624917 0.5849926771219656 0.5772031656368564 0.6016281440253652 0.6101035657875182 0.6186720093002845 0.660521660809328 0.6673382377027984 0.6947915745207 0.6755575978385963 0.6910807353506517 0.6904050096017373 0.6930734795580867 0.6405621388036769 0.6773593233372284 0.6578224561758045 0.6853854041184348 0.696715794801853 0.6519000951382442 0.6282830605530901 0.6022797600146345 0.551008508347624 0.5416672198806848 0.5156161283085305 0.48247783424520935 0.4619973952691404 0.4238423629480376 0.43845318782550763 0.41350314825649553 0.42190393717242797 0.38134365955114674 0.37778192202401856 0.351172612818472 0.32600397342371046 0.3502103876846959 0.3624584879930415 0.34805613235987165 0.29788596417336927 0.31092713655873155 0.3343117260771118 0.27916300561652996 0.23197551451383258
0.534048237475162 0.5701055855172833 0.5733437589544979 0.6098044806608556 0.5991038033646653 0.638610760794733 0.6510670439930053 0.6476402353309386 0.7013740202891704 0.7125435446301234 0.7405960882548607 0.7151543789527253 0.7296335543017382 0.6963416415491205 0.6590460629997372 0.703216466695759 0.6992481542255224 0.7086595298449941 0.7225716158937399 0.6955432323290289 0.6632846055293196 0.5913185550641169 0.5797062549220241 0.5774352719663759 0.5594475306435958 0.5119481602364473 0.49281262608925225 0.4633933530764318 0.4611510836765964 0.4705572332498595 0.44069150925724765 0.4127979376552935 0.35950406641060406 0.3542833524276295 0.34279290727729966 0.3868991407587817 0.39041762876798636 0.34715111557921596 0.3246245005375242 0.3193688769778942 0.3433740195534289 0.29578938104823255 0.25719631784173236
0.5752575655183076 0.6032480423632954 0.6336697095059056 0.6347186504323318 0.6229013080430154 0.6507431770484274 0.6458919389632405 0.6708117549244605 0.6784936973731854 0.7234397198791004 0.7439268183333825 0.736157077340819 0.7240182142164695 0.7125054039253391 0.7241332098037477 0.7206108012535801 0.7313947059073223 0.7247521591477715 0.7226865703296449 0.7000424125909094 0.6363485030829361 0.5939821679794646 0.550752026812428 0.5314949244059325 0.5052205932117142 0.5073183683615523 0.5043481843070924 0.46958769815526574 0.47788858959491454 0.470823394645425 0.46820443371879217 0.4659397570342156 0.3972240483279046 0.4152051348678034 0.42513551412498396 0.4171035027161139 0.385895480173751 0.36232148243677237 0.3557288916429502 0.352955616765447 0.3212503356837493 0.32621401703185315 0.3004123304318543
0.5893008811735758 0.6215103215810062 0.6492651568044595 0.6262521965694189 0.6472805562315227 0.6778155569252948 0.6710762576010981 0.6856641357785679 0.6970953151423589 0.6880711464598764 0.6895281709700672 0.7318670068811569 0.7105113867579057 0.7387652444939763 0.7359778335088013 0.7360357527652488 0.7280758887112291 0.729119056822976 0.6956932100711744 0.6559759734122086 0.6231829023158947 0.5915978158813527 0.5523175568698996 0.5235590162206303 0.5043411027430841 0.5068893625829066 0.5379593837790433 0.4907770309628584 0.483027177190858 0.5262825412321724 0.524208499332704 0.4935895874285243 0.4401063346441945 0.4441816641189558 0.4249292195362955 0.4246550605764496 0.4050167608108897 0.37377949567752355 0.3798212035714037 0.350270474539345 0.35827391613378146 0.33257232654575863 0.30519233146295077
0.6485345078373811 0.6404021039482611 0.6712365585616064 0.6694197100953909 0.6987987647013167 0.6959892666132378 0.6910103202504357 0.7363169772684857 0.718967332987785 0.6928798335552653 0.6942271309785194 0.7027206609180876 0.7006358084228496 0.7452734426377695 0.7091404629792832 0.7059689919781871 0.7220250963551079 0.6933698974527495 0.656661919849462 0.6589380751277116 0.6258459627428762 0.5658670827237635 0.53491856951315 0.5321474031887067 0.5500605261697825 0.5372635551721745 0.5685894928004621 0.5407228147532966 0.5436846542449365 0.534455322737137 0.5428865774987244 0.5064623942776223 0.4804256381775644 0.4552532765698721 0.45482287881304834 0.4366504350858735 0.43651178036606836 0.4196990682494831 0.3890027628752978 0.38475059986021165 0.31889340091689916 0.3246979329355532 0.28731171723032545
0.6689614883904619 0.6728055658514143 0.643977942668068 0.6552276662758728 0.7023788628835794 0.7049546996134792 0.7175607589069489 0.7182189833078417 0.7544914240929605 0.7330457237346907 0.7279302870426961 0.6873872476002001 0.7016369228016818 0.7091665632382866 0.7400334115568371 0.727291822017245 0.698412143711992 0.6814852103440368 0.6832730279513087 0.6490618939839506 0.6127168599236955 0.6026739044357284 0.5752035976226676 0.5447066062947938 0.5197275520187717 0.5580521254184323 0.5727428195368058 0.5554967678617105 0.578381574713432 0.530927996548972 0.5586390151659358 0.5113612488557595 0.5233630377084801 0.4821395542539159 0.4946494733783348 0.45948119080106437 0.4533630770764166 0.4020320321118222 0.41515787731150944 0.37184051930124024 0.30329073817237195 0.2970037056073961 0.2974244054368411
0.6585487246125271 0.676810818481161 0.6806700577503405 0.6551956114012467 0.6987627216325248 0.7203886747682704 0.739775209844648 0.7284649892948469 0.7553972094291597 0.7236928680853089 0.6956153072416714 0.6888222884519648 0.6688496622483664 0.7035001105379016 0.725374710081824 0.7305153524048047 0.6866033385512128 0.680843458536405 0.652113011610145 0.6617420214450807 0.6456991698829806 0.5956953019955437 0.6067342389671734 0.585052469388334 0.587603502079518 0.5572334833349831 0.5418125825911654 0.5828279373812266 0.5771473883791204 0.5452132301693416 0.5531017373384693 0.5648669408257426 0.5570658713293148 0.5110070262914107 0.4540338860015411 0.4350622739572956 0.4620892319180933 0.42255514490000645 0.40498914658686197 0.3284625174442994 0.2778414023971331 0.27588751485168767 0.3038128399877908
0.6360786014505541 0.6876349634374708 0.6827230989531109 0.6548402106936111 0.6498049267170672 0.7029460502493534 0.7055141226003946 0.7434311459143144 0.7090849151743944 0.6967312690543664 0.6874098778591944 0.6943425613970353 0.655865642064281 0.6617052908354464 0.6736001342692036 0.69002333155317 0.7215729016677891 0.6613956249480824 0.6469459963716474 0.6586619429809626 0.6058439598876229 0.6244702372115726 0.625183681155081 0.5872825199044226 0.5995595982219042 0.577668262694614 0.5488317647632834 0.5877376373387051 0.5784991226772006 0.5731637482603201 0.5703825524068384 0.5439279861327243 0.5208848109351191 0.4639652393927668 0.4346825713166678 0.4300140328310633 0.45670697765749835 0.4087867193324094 0.3479273305876121 0.3446245080362318 0.28101454386650593 0.27980311298044486 0.296018579966803
0.678883863414539 0.6858352382320704 0.71257000013794 0.7076347677111035 0.6695517334600525 0.6799154864440384 0.7147247399757787 0.7246403507793332 0.7512861919034325 0.7158444154115217 0.7052023658894782 0.6870978067490041 0.65076034593285 0.6712213755068562 0.6506989305993239 0.6894865395677465 0.7309433931448795 0.7003614534143221 0.653589482184745 0.630114988735257 0.6400979095020719 0.6197185866635746 0.6032588898363075 0.5863711473850924 0.5694134559012315 0.5770384103114853 0.5957395527296684 0.5947454040027403 0.5621091636276048 0.5455194894535316 0.5513089955994536 0.5357025364185889 0.5034754929519171 0.47878514560956714 0.46004590608492224 0.4491340008717946 0.3993071045199975 0.38098176273869244 0.34891631375295895 0.33971957180495976 0.3090973841508215 0.287008377252472 0.24760679107660788
0.6834334337989099 0.7253078660918181 0.7406951623846283 0.7272461148420734 0.6671574164814605 0.697712811162239 0.7176052095369053 0.7228810782336937 0.7537458939771837 0.7561520204997548 0.7395988883309322 0.7094110882027284 0.6863386960266817 0.6579678320376366 0.6677495517312971 0.7136668766482109 0.7531027212959294 0.6953266283522689 0.6592817429406308 0.6471247311208761 0.5981186791399133 0.6378601120342279 0.5932822625491411 0.6187470436805518 0.5979750500793374 0.594484643411376 0.5616108695238832 0.5765857293532686 0.5876073410788121 0.5465447029871294 0.521168071779897 0.5340716821708963 0.5340168669368077 0.5217831459361196 0.51063485063688 0.469824281654102 0.4095886777839896 0.38633225456942943 0.380179098537036 0.34768193282278625 0.2651757789297863 0.2716033464480662 0.218852501325752
0.6888795585576881 0.7273606138672136 0.7616126381897176 0.7423334455205112 0.712211630918074 0.7341843840805775 0.7397501615012534 0.7567476094696223 0.7705659949934294 0.7599291857311579 0.7534933428963768 0.7360949731674751 0.6864606216703153 0.6685244759769511 0.665934531565193 0.7207631814702069 0.705010035662168 0.7161426465396119 0.6938964237079949 0.6350034183951169 0.6373761453057273 0.6416917412730644 0.6335930539239247 0.6380657488338931 0.6316886955743245 0.6520565893024679 0.594167470350518 0.5946111101445569 0.6103331414829805 0.5585864637503393 0.5404642183154181 0.5383223427577707 0.5355998691229221 0.5368093032289306 0.5122187385919087 0.48349013786108314 0.43737939707604173 0.398652420654111 0.3698010043513979 0.32917473833370114 0.28914978725509827 0.23929605044311636 0.20475836357477975
0.6839333009290892 0.7316734388672129 0.7606202614004013 0.734404327885272 0.697832314272161 0.7432191080995881 0.7491921673688747 0.7582920751531985 0.7214765977723353 0.742498512316547 0.7583767302545911 0.771039222453721 0.7390685138124871 0.7131375665480758 0.6802498022878172 0.7233026642730355 0.7019945897295006 0.6888002128433938 0.7020740133441749 0.6862649620971698 0.6700184990596925 0.6356448139831846 0.6569251134428025 0.6757612923201964 0.6965129277609224 0.6906771302016501 0.6737231638019373 0.6220783264365053 0.6337706956714705 0.5788559023330164 0.5565662025153947 0.5667094250292446 0.534101469119034 0.5476089781110279 0.5054739551787237 0.507891767246748 0.47512428684458013 0.4002850067919708 0.3757380961181185 0.2915608234177694 0.2543074585725348 0.21379955884172044 0.21553052277884482
0.7128907376424393 0.7501492814843603 0.7734808598405822 0.7401981489270405 0.7547482469519262 0.7773183703400817 0.7780320059084648 0.7864447369315082 0.7760996552323982 0.746394376378476 0.77659558818502 0.7791385060061046 0.74905111261934 0.7129106019874561 0.720471344994077 0.7315352973752538 0.6824448026500957 0.6967910337382545 0.6926473554936542 0.6949326874243609 0.6698307973850058 0.6821541871837188 0.6961921045609457 0.7150044752651894 0.7105715803937599 0.7234665495151649 0.6978699867907517 0.6920615525774133 0.6631145512741914 0.584291869379115 0.5831750960884965 0.5347016518877721 0.5314381965665554 0.5321576185833631 0.4879409866405524 0.5157627931799751 0.4592278921000884 0.4327444265618659 0.3810554678778271 0.31384819150365195 0.3020160756173471 0.24110588442428407 0.23243083659582672
0.756326989597254 0.732135114432221 0.7610102019793431 0.7708855296237386 0.7923467997733576 0.7646278340251109 0.7953030318595395 0.7626856487857168 0.7949148492332458 0.7445291662020218 0.7595676736596062 0.7800926649341653 0.7588712766426685 0.7225579977525484 0.7503345043221481 0.7583715472862521 0.6899644187532264 0.6865465080710473 0.7353991551323396 0.71693364852614 0.7212308857217739 0.7408776683725703 0.7430099054166104 0.6983769030715541 0.7369330782660305 0.7211786907698767 0.6860861902971437 0.6943780123170475 0.674281717066809 0.6095016523396984 0.5698887563648551 0.5678421432572698 0.5491690233766373 0.5383200601833994 0.4995414137942166 0.500315472083051 0.5216484104542007 0.45964889715956125 0.3666492347073853 0.3589240788378927 0.3202052553071573 0.29417505689258455 0.24620444068338582
0.769009008005833 0.7540723681273259 0.7367802601057359 0.7710452758253681 0.7709661761378944 0.7505471796660783 0.7422559908507993 0.7714262836406935 0.7533247004469564 0.7757444400619297 0.7565098940602294 0.7381763997422913 0.7284633647564555 0.7708387992583954 0.7728990809727256 0.7562625455045429 0.7025636685510521 0.7074368121998847 0.6988940779685825 0.7222755469287044 0.7084096840816356 0.7205245500533408 0.7046775413368241 0.6973796707422525 0.697638359372355 0.6938028398773429 0.7252570494792521 0.6786122558258456 0.6709846643494711 0.6306635998677779 0.6075839181980528 0.578991368556703 0.5272280670217809 0.5344075734703219 0.5313947991330314 0.5268439811667729 0.4929112666418479 0.4313278696387763 0.36215746869414944 0.37154305551738737 0.33589341893254765 0.3339784921013748 0.2867838743440731
0.7806182602404806 0.7743804661662711 0.733258852907741 0.7321830824312681 0.7774046625494959 0.7443251217054339 0.732038188867986 0.7362484600825946 0.7720636763141075 0.7464148715426787 0.7343287253820218 0.7060066664354209 0.7243980877096191 0.7536113386137342 0.7544762524280885 0.7711164338214653 0.7544462577975539 0.7118446830102191 0.7077844803211623 0.7208982803417654 0.7420740050263406 0.7316994532989458 0.7156631017121178 0.6994212686382997 0.6910535180256285 0.6939277438993412 0.7363458230815119 0.6779678196386392 0.6639536420759367 0.6313097609459811 0.5922435001611047 0.5732036678757472 0.49634231041794014 0.5198042336231327 0.5031359570724545 0.516172160154273 0.48199687005947456 0.40851095164751605 0.3781050024672867 0.35626290143418676 0.35524822168144754 0.33699157556231246 0.32187462763835206
0.7844080203700254 0.7458126928189015 0.7688853573532259 0.7511274095182722 0.7447548439978938 0.7563342735043976 0.7411350013591134 0.7474334740051926 0.7469187698722132 0.7235035869905991 0.7549550441365761 0.7048419868911491 0.7210226976598952 0.7031028763762087 0.7170003008611427 0.7209434922301449 0.7610976599270047 0.7519635399446839 0.7399835508326692 0.7597823212299014 0.7492221064945513 0.7460185035179563 0.7416725109723987 0.702220142638789 0.7068053128226047 0.684198699595751 0.6939544363525512 0.6824001276881779 0.6494999549543399 0.5937008296701427 0.5461009172883439 0.5235861674017427 0.5225781907588802 0.4802177084461434 0.4853778836951712 0.4805458404704287 0.47121166982773227 0.4452916515591332 0.3971337210726475 0.39836963485244664 0.36608170754830216 0.3138858773663211 0.2836762053881593
0.8015219547917432 0.7591938667036312 0.7706344911181662 0.7631520351380305 0.7464859768567587 0.7724906814272757 0.7625006892702253 0.7247426121819208 0.7146459065946744 0.7158018738846916 0.7501679533397374 0.7004770635052943 0.6731154914641051 0.6749807411813863 0.6741399421620481 0.7080414472597648 0.7208746738274119 0.7225278760093585 0.7348200609989155 0.7504393952080634 0.7708822917223705 0.7351820439145573 0.7354026365099334 0.7184707532837221 0.7136775013446772 0.7077301891642451 0.6603771016463313 0.6434639029784863 0.6746369206049287 0.5878632039596873 0.5381911668264528 0.49887482696336505 0.5010652497217905 0.45624394539443613 0.46971865486247805 0.44973370208049307 0.46726782909676784 0.4363663567900266 0.37049053704472895 0.39357343951551377 0.3851194580864778 0.35063293842652266 0.278026293099792
