Raster_benchmarking/Raster/continuous/raster-310.asc
NCOLS 100
NROWS 100
XLLCORNER 1743149.8836940369
YLLCORNER 5469294.860713655
CELLSIZE 10
NODATA_VALUE -9999
[rows 19 to 37 of 100, columns 43 to 85 of 100]
0.32781135654309546 0.30039978608531903 0.29907732256458747 0.32297306123810976 0.2961833239879489 0.3618179494735624 0.37112873654134687 0.3662187785156787 0.3665464165255376 0.3502697803920755 0.3477403345815979 0.30756736936892937 0.3083434897794652 0.3116568289016664 0.29053687641881315 0.2731553541205833 0.2388152716306635 0.26193357110810367 0.24574085268225515 0.28046553142871944 0.2962646453446138 0.29255223185389034 0.28049234129091194 0.2879842582939073 0.2562459256137497 0.25468188954616117 0.21374684748290754 0.2348525539628 0.29995469416698434 0.3057309224323241 0.2813492863110301 0.28708703196003704 0.3305832217429985 0.35811795898858834 0.40468321022144804 0.39851120622311764 0.3780367871235073 0.41269032644210824 0.4394604384424654 0.449298113272639 0.4725481566892232 0.4861568303940052 0.49104931474352154
0.3339021987443423 0.35085852959155295 0.36024423407635725 0.3464623631474125 0.31336116158649135 0.35734034279051635 0.3827739927130285 0.3599872666359279 0.3370924710069558 0.34778605340591756 0.4038626576598996 0.38434745999733244 0.32599723727998764 0.2983499099968241 0.25716871757748205 0.2744394776615056 0.27514064674806593 0.2626322217042141 0.23566798651853652 0.24122997239999072 0.295249074885472 0.29852425040838737 0.3007029587268444 0.27519868080066323 0.20845086077966823 0.23257481408800834 0.18122122437153604 0.23980771522760416 0.27715551733889576 0.2836780284870639 0.3116055240090402 0.3237293747978026 0.31263501696222334 0.33044385977860924 0.394050007361804 0.37514745015418066 0.3653688191872368 0.36424124368697314 0.40230377206780693 0.4237538042761639 0.47800002277084247 0.4695843419697953 0.49835288878589296
0.33761117823752895 0.3296358913887534 0.33794512541450383 0.33379516494519984 0.3410909300851306 0.3731436006868977 0.39562054509282885 0.37054024328270824 0.36124479454408787 0.3560093634817235 0.40895759329624604 0.3823397460016843 0.3377279262574399 0.2970530173995673 0.24929921437533514 0.28188532112961434 0.2728498038681003 0.258299202622677 0.20360798839027613 0.2357756150284913 0.26711869316401654 0.24682613513368476 0.2415104835136167 0.25721221178454773 0.19522739919615956 0.19527509805623236 0.19153893180222278 0.24916564058793383 0.24388209210768083 0.28326883320439294 0.27665234969664404 0.32119016117815846 0.3485408943048527 0.3272445343878118 0.4001215824097551 0.3920451350915051 0.3879178911176405 0.3675695998350899 0.42346117875359685 0.44105836378080326 0.45080796020751285 0.4620452261960284 0.4680425586076453
0.35895380101450197 0.36593821758351014 0.37913211956954673 0.3575844096647364 0.3900230725589879 0.40073905430986656 0.4226867420374673 0.4230329991156423 0.3854913228137145 0.36017676600473725 0.38303528196125214 0.41753529088388996 0.3839240250303681 0.29346016948853265 0.2542958007187913 0.2729712478190612 0.22400537578622223 0.2205024929641701 0.19977144267729438 0.2295898631135049 0.1939023657540172 0.21708559553953663 0.22628213222543841 0.23457102709541128 0.20227485486674368 0.23160337470908524 0.25245912072752263 0.2383631334990017 0.24683878146537966 0.2618093422360274 0.28213527827386115 0.2967273555840799 0.321696435801053 0.3057867025552453 0.37408236176058174 0.36598649926332794 0.4063048049385391 0.36089513383008753 0.38741621273686827 0.42656609257503836 0.4199688688831147 0.47049176432241946 0.4705806813400975
0.41380590165545145 0.3967154862800164 0.3805331231955061 0.37689313009185355 0.37694532995579877 0.3818886733268621 0.40341333109047844 0.42366527258081166 0.426727881733879 0.39083980391655415 0.4353648472172232 0.42271642144438454 0.37628995128708753 0.3534069711226482 0.29531308542701523 0.28025295017077584 0.24557496952581714 0.20736169167804963 0.20242216472443367 0.2190127354004787 0.17624387868366867 0.180238595899039 0.18381056852094438 0.17953729817059425 0.1994025045501932 0.2332417991636428 0.26402954396045275 0.2515679865990599 0.24214391401933352 0.2309842981169615 0.27181090130592306 0.2844597048352292 0.294237342146758 0.3148030928935528 0.3191019558719221 0.3717507041955024 0.35392750244185994 0.38805898011254053 0.36429532404496917 0.3937845815143475 0.4232949866555975 0.4344420055925758 0.4497521814816587
0.3855922358487217 0.3663085369332697 0.3664682546134524 0.3521552165562666 0.3584522452475597 0.3617787905587475 0.389419032460284 0.4079297461143478 0.44629794435914194 0.4307794382173183 0.4477494723458136 0.4658978237513475 0.43708395179735277 0.39458509416307785 0.3154710193666612 0.29688578807240923 0.249344432183548 0.2036090866699667 0.21856520567962723 0.21499826826951784 0.16942427078099967 0.18569271773727564 0.1875512436913391 0.21100661770021412 0.21410271795407795 0.19071102545233556 0.2059845079399317 0.24008982197699796 0.24485116073342125 0.21831064293480187 0.23866513163391814 0.2570625478230336 0.32796216819065965 0.3096718817001404 0.3300065861590851 0.33995403514365846 0.35586578981314515 0.3966219168161216 0.4035414941912907 0.38333184977301016 0.3613200090702072 0.4045204465449525 0.3785962850229859
0.423049740349098 0.37861043057113924 0.3661625765965317 0.4006170487780464 0.3850485369200591 0.40631347088777786 0.3975729761757436 0.40752559374296593 0.4045720848830517 0.4479298959846179 0.46100546672210024 0.44922785074370075 0.4371810869488197 0.35772917214398076 0.2977996594966418 0.2723074794631546 0.24206476156259282 0.2559068671036044 0.2823299811756787 0.2578078191566174 0.2132576006004399 0.24642167959437541 0.2188669893147278 0.23047654408659934 0.20795697535771343 0.19309972986367266 0.20317310696023624 0.24356766304709754 0.25299138040359875 0.26365698141894234 0.23257878576260418 0.2863776453243082 0.32546165707347874 0.3454091192746233 0.3733264530572436 0.3550626332989603 0.33846337365016405 0.3292277667960633 0.3553045119555962 0.34514940120124643 0.38607667543467317 0.393276917327826 0.37805850162840215
0.43992191992605756 0.4545949794426319 0.4166835161976307 0.43205024694792993 0.4674970062108088 0.4119181110880876 0.38041656143840435 0.42515050692470713 0.4203754277072176 0.4447086968117634 0.4657171274844341 0.4479111740414763 0.4337676523191607 0.3845436550815056 0.3401124861412471 0.3345198989343399 0.29492534433998646 0.29119523452286156 0.28229619242569165 0.2786045548313571 0.27379623813019743 0.2602539055909161 0.2983580493013455 0.23408835280424453 0.2139840929517866 0.17235460058707797 0.18183101557441264 0.24370630585974046 0.26812445987477734 0.25252607298939944 0.23068792972892024 0.2601983417976049 0.2628985818832819 0.29327616009760493 0.3669492289526779 0.3588615387322913 0.35806715495638886 0.34744243933597735 0.3012518952037767 0.3279395095877894 0.33893111969180634 0.34382803123573535 0.3771903971906298
0.46572064565023574 0.49723301685615323 0.4987269364838487 0.502960392347563 0.47722720732305457 0.4579383120137849 0.411920367301554 0.4320269487787244 0.43900578349957825 0.4727655723384693 0.48448029641416057 0.45431112862718415 0.4113130024640376 0.37861497129945254 0.3533742320890506 0.3423832919926064 0.31722653551723945 0.3292134227546808 0.3092814251176942 0.3332854324397397 0.3049943430474604 0.3145129198545402 0.3361415743169252 0.30022359011081406 0.24733770439116304 0.20835299621575679 0.22076257941478325 0.2290277926065504 0.26441938326929315 0.23755897287250644 0.2467065229794879 0.23370713178157942 0.2639905923508013 0.2898326275614865 0.3049771840754798 0.3613073217489181 0.35401450518023586 0.29071722077833934 0.2986942305419772 0.3405375146211029 0.3424398816668338 0.33850065858642153 0.3601241050581766
0.5102929407118628 0.5479326586980733 0.5532036514707317 0.48488394953371566 0.4584382403744198 0.46596385013932645 0.4234887327223238 0.47649599497565204 0.45393548670970585 0.4561771818768483 0.43538320804665015 0.4615413939082676 0.42963971682167024 0.40368565741521717 0.41377172340917756 0.38445316498438314 0.3871248339192972 0.36991379441224553 0.3883901024325468 0.31254678619627585 0.3081604619829257 0.3119791905218881 0.37039190834217306 0.29475978112862944 0.27189657197821815 0.21571888315506588 0.236515133424548 0.21539388624821335 0.22550158320608085 0.2622330515185293 0.25238005412590886 0.2599901066425137 0.29983741937017233 0.3006323775884983 0.31961419768340266 0.33953668985118823 0.3151688061289921 0.2994241828055758 0.2600972456073414 0.31008872010609145 0.3451776463194269 0.34062241662188597 0.3232675467510014
0.5002834319351012 0.531499833796256 0.5256116395531564 0.5349196867601848 0.5583039685651363 0.5336994268045832 0.5167424128246689 0.5000755112309045 0.46611464473907005 0.4822030813494688 0.47413410869684786 0.4358459042134749 0.45011882388150615 0.41105466083143466 0.41584172965773647 0.3530814664213243 0.39056023524432404 0.3774210412992786 0.37984374204523236 0.33577623694173997 0.3140264807060184 0.3308706484055738 0.33594581179276245 0.32566186991850143 0.2995594008330039 0.24071882590931898 0.22533705175780921 0.2294646400958762 0.23225555740459708 0.2412235309404525 0.28778206579447557 0.2868569213434145 0.2976763461846431 0.3187874803458376 0.3035127909589013 0.31577872870413465 0.30280129558305763 0.29755686354122113 0.2868124244283095 0.2604653081888209 0.31452500861710664 0.30202685581084193 0.2979274287099461
0.5365194764236003 0.5655965332299788 0.5454915769423543 0.5901355625348643 0.5891748583488123 0.5799717476662288 0.5754572133168303 0.5535807101852551 0.497788927970771 0.47813024989832176 0.44660744615969156 0.47446470089927156 0.452290929143645 0.39278565422828354 0.37339825822172235 0.38142283142627387 0.34893848222942636 0.3686624183482915 0.3830987065629976 0.32098955483917513 0.33484987458748583 0.3699687597905538 0.3383283576576345 0.356869872658025 0.29656523302907484 0.257041455089843 0.2726963778380489 0.26080334419866 0.22718170724831296 0.258520424367483 0.26372271892564136 0.25219366643808205 0.27391919340796267 0.28632253504532224 0.3211188163564207 0.3228167060762367 0.2753545566093699 0.25595525295235866 0.2573417858557458 0.2788703997322123 0.27654050445823186 0.3085778637812788 0.28311167208903676
0.5949160945112688 0.6041540410621822 0.6153333071032983 0.6068836996035238 0.5855827210073623 0.5993604319157968 0.5742256362172609 0.5635182370021787 0.5344910238097146 0.5069338914193171 0.49036905156778654 0.510223497245019 0.4586040764118743 0.4065002557209252 0.37286051021759 0.3314648379301034 0.31884304687003284 0.3209498667791857 0.35824783862111753 0.3400710929231445 0.35830696310881804 0.3850342199435174 0.39473514050792774 0.3839260224743424 0.3419654275778876 0.30649820190124777 0.31310179880452815 0.2563918415032444 0.26415044050003683 0.2880297212111564 0.28101308473006464 0.25476376622878355 0.2717743647488136 0.26701254188294143 0.27182857846428626 0.2621131938649124 0.2556921522521008 0.2475519135290078 0.266920005104615 0.27421796131317977 0.2894605129718362 0.26021269876006736 0.2769761043444251
0.6390146420243742 0.5963265422306117 0.5872485112125235 0.6108109276931978 0.6197516222273511 0.613861497246124 0.6436589164988198 0.5950466444738292 0.5760616452179177 0.5815347190732495 0.5988124036742423 0.5563248502326629 0.4504148002173076 0.4482179359477177 0.3800101042069821 0.3536658607627384 0.3387986906465043 0.34554567028294125 0.3276895906897277 0.3411628389801776 0.401811104880338 0.37615446109983525 0.4110324868041767 0.38686395803628354 0.40425419428728643 0.32213157093657346 0.33699412715942095 0.3183947989193716 0.3010517466118586 0.27377243086823866 0.2735094854648135 0.30563801311769895 0.31003995339706975 0.3091674361026829 0.2260203091106654 0.22949705720920666 0.24851844843639584 0.2537781322139366 0.2937136881439628 0.3076454785890869 0.3239762303545221 0.28896752296967354 0.26015757988282945
0.6592185482459797 0.6322205178850695 0.6178670837124854 0.6144630306025265 0.6257913121459182 0.6716207739164044 0.654844022974226 0.6017934746788555 0.5979559342435694 0.5891009605630918 0.5883627526063124 0.5669356823354684 0.5185414350778675 0.4452566069004946 0.3961686653249625 0.40256950977327505 0.3560250552209883 0.352615647259965 0.3470928549526932 0.34203121766917605 0.38072106522299765 0.4213898912004916 0.3930370916734756 0.3919511427287116 0.40522958732042674 0.34581902960640826 0.31372398014917396 0.29353231245160327 0.30135975474663124 0.3012705695206472 0.26860937467736723 0.29867892828505666 0.28167340399753765 0.31634104941278046 0.2766101829920672 0.27921701059126086 0.2898163139044209 0.313190018283034 0.3063668956918345 0.33072386576141505 0.34194807767753516 0.3035727657536499 0.28930057624116823
0.6181205997783255 0.5963804356729857 0.5922230568023389 0.6308540759121763 0.6669022805678745 0.6892651893584446 0.6406086167244996 0.6493543056308817 0.6165778067229526 0.627143046424829 0.6067823900448605 0.5738049324636199 0.5330322970825576 0.4803997795417269 0.4645825959464252 0.4516088329401179 0.3826413522712556 0.35989606145748876 0.3550662611006367 0.3536675667583094 0.39021794008369926 0.44221619346001634 0.42286443432126614 0.4136645434166104 0.4333396750071577 0.3703530324675151 0.3220486151757162 0.2936134406379517 0.32782723968773664 0.30790959839545773 0.26815747372384025 0.27890929402056897 0.318295938492679 0.30895208260388585 0.29857950604981737 0.28348528713912446 0.32433912951357374 0.32544233833316005 0.3817436664548739 0.34837774222269446 0.30366817914453104 0.30109179622618026 0.277589700577888
0.6007227871406098 0.6342507485129667 0.6262977845710067 0.6270665451090888 0.6547243226146203 0.6715235868762677 0.6640313488073996 0.6345280622293269 0.6619904225043364 0.6229683635836343 0.6007832063629831 0.5873597417176967 0.5750232652761185 0.49040292399320706 0.4934104944054812 0.4646896059071738 0.450760317936814 0.4450696550044541 0.42056714828598063 0.421537728029763 0.43178740276377603 0.4231231769833915 0.41979893899012344 0.4230372132149388 0.4108626976507963 0.3934645092616492 0.37206453903088693 0.33978866025881893 0.3188338717299224 0.3168324844170835 0.26819629351299734 0.2950648857770933 0.3250816601061481 0.3021651583947517 0.3157500294066922 0.3384063066644682 0.35717942153597304 0.3596507342210734 0.35291826771023005 0.3628059658248059 0.3296741519319323 0.3277628767431064 0.33196103021259676
0.6171004664284878 0.6330725886178579 0.6105410212705273 0.6543915819612621 0.6863506179979122 0.6956056152279924 0.6788617351849118 0.6676268614251839 0.6583838774005152 0.6438012543900841 0.638111483632472 0.5884428156943271 0.5796471683519957 0.5278587000845223 0.48742750155034503 0.48387132200221755 0.49987106250581265 0.47519549969555847 0.461704999514563 0.4334406853926618 0.4586991012227125 0.4422800817019651 0.4375714033562063 0.436700870297795 0.4080673793110607 0.38840832982143736 0.3577856431416002 0.32112749998156964 0.35522819641885206 0.3390761146902552 0.3097157656370759 0.3463455921175737 0.3424586354984224 0.2933966279512548 0.28775812403068624 0.3563141654383863 0.3695297208225353 0.37267615586793573 0.41345552115065975 0.3685487912323976 0.3993276761170807 0.3694737507302895 0.28404425045944887
0.6205296763028504 0.6357605026763411 0.62241076248501 0.6344475349660782 0.6674258722429608 0.6496747332307299 0.6544112290912324 0.6609169430858781 0.6876986165285118 0.6570207274657061 0.6391730021727268 0.6068757321824205 0.5998526275720683 0.5307775076461364 0.49626017266680905 0.528004741343882 0.5215364507375458 0.4990728365025077 0.463874856270552 0.4751825395218136 0.44746128711839106 0.4388549212797186 0.436150284970425 0.3856445681584348 0.3654931601850927 0.38422054718076626 0.35765658327430117 0.3354831677026898 0.3535959464450798 0.35031906861237955 0.3550125886459423 0.34551788032768216 0.3604674445697668 0.3240704304660589 0.35019927901407727 0.356453940923903 0.37391674377902845 0.4328285911308423 0.38952731420814746 0.3852462769996298 0.3984854656921037 0.3655598060991751 0.3253166545824026
