Raster_benchmarking/Raster/continuous/raster-396.asc
NCOLS 100
NROWS 100
XLLCORNER 1743163.2776359234
YLLCORNER 5469296.462764422
CELLSIZE 10
NODATA_VALUE -9999
[rows 76 to 94 of 100, columns 43 to 85 of 100]
0.7198872696918536 0.653455650424019 0.7176795452282653 0.6811484205017276 0.6731848146650778 0.694284826108213 0.7433441460765651 0.7235254368762152 0.7897904840656749 0.7687827915563767 0.7745978510834334 0.7285746921039777 0.7236588969507718 0.713912422407912 0.7612681460387762 0.7939340969067284 0.7966982148529627 0.8022148448356752 0.8102686722255246 0.7838540506199154 0.7887976320294354 0.7485864610859537 0.7162757792005744 0.7477698832636246 0.6858213964804593 0.6730277566409625 0.6095047886650737 0.6104199263216008 0.548045563255029 0.515017914836683 0.4663833421739806 0.45600246597298144 0.43149803270054055 0.4659286511892003 0.43951543044452895 0.40361454636253496 0.36917226956519905 0.34566482938928433 0.3527392779537334 0.3427320643311755 0.37683654788781723 0.42430633139008145 0.40818421162513285
0.6930311344721873 0.6872008404944667 0.7116957464962281 0.6726603219214365 0.6730939862403773 0.69138825749589 0.7039197118157955 0.7500154930414591 0.748359531151122 0.7348400579419897 0.7650074716303571 0.7889111873959488 0.7624169817060331 0.7567582069438984 0.7365644539302927 0.7477420626838819 0.7448973529904588 0.7976793511901568 0.7689467271224667 0.7327836110113547 0.7287809591907906 0.7127441389388969 0.6855190797961587 0.6745326943836464 0.6457147734135011 0.6353606660065582 0.5983331362248225 0.5433924552594497 0.5062106590041646 0.46677280490103595 0.48051324627164305 0.471769412143423 0.41789954772672194 0.3984141361144157 0.4115072288882077 0.4221825936265684 0.3627031410531551 0.35628340487416515 0.3479397529951321 0.3329614901393308 0.37175646328873047 0.39069995024068616 0.38844350207640327
0.7205454782767151 0.7257578552070858 0.6846457685735772 0.6606481597994011 0.7221139006410118 0.7479462142594817 0.7292081670274679 0.7386174528560302 0.7668138556731868 0.7225554255927378 0.7663385439160374 0.7714587054714221 0.7149858448349894 0.722223878894703 0.7247028527199462 0.7173660389449877 0.7555597501903514 0.7568252833156561 0.7576341489696707 0.724910368688987 0.6861095494342593 0.729687381331671 0.6346392880081506 0.6089170133658557 0.5974997362870975 0.5740779519768461 0.587087076666961 0.5147002741157951 0.49237028925916476 0.46458589351199736 0.4278339408563892 0.40677463785098056 0.40741825505634416 0.38256890207189337 0.39787343505226574 0.4574147664274348 0.41867056760150906 0.3649502056041695 0.39849925478374754 0.37352733158724744 0.3813879254098526 0.34331622520391625 0.4012991908454673
0.6767108396825541 0.6747651202272522 0.689430035070803 0.7325728130548353 0.7515978029242573 0.7613037719473025 0.7640653447654926 0.7531561465085622 0.7453531118734418 0.7618684774901268 0.7331107428840705 0.7612226057231858 0.7241652445927573 0.727256010216019 0.7276672947197209 0.6888784395512778 0.7075463314322837 0.7113795171047246 0.6912388008729304 0.6541268585987515 0.6719119115199021 0.6544115431429892 0.6338368196730353 0.6287189204422313 0.6009284771187722 0.5645641939729086 0.5536949849389943 0.5137209105463053 0.4696390646643469 0.421029104559564 0.38790760815724573 0.4137718226854343 0.41303513164913075 0.40095059490390583 0.4024603780783428 0.4061241296142268 0.4179309709528241 0.4384867863184557 0.4045620343635094 0.38425461722486526 0.3582830182460111 0.3553665937766046 0.38827417123331315
0.7234821627097776 0.7067206637835131 0.6966573405439319 0.7143239013503051 0.7537833837653971 0.768629183643233 0.7454604798008865 0.7469571354960705 0.7404846070215765 0.7706370805642991 0.711935675966611 0.7178374242409934 0.7340619741277321 0.7180480575149973 0.6925906630519449 0.7178402487051402 0.7251227240943219 0.7158827547516814 0.6313955150361028 0.6199572604235477 0.6536146868706848 0.6226794530967544 0.6318965640447298 0.6215114900212519 0.6144611524426211 0.5831910369801844 0.5526370828074912 0.5531365121638707 0.45759504387965694 0.42698234357380116 0.42771425271459745 0.37157626362027524 0.3907583772460742 0.38392657265826957 0.3939188697252367 0.4035015970022877 0.40948472878863484 0.44660348257828786 0.4108717700811854 0.33131884156767133 0.33811954899427976 0.31336486712785144 0.3880644209651589
0.7107447313878552 0.7133654506972773 0.6760522900350641 0.7323937240471579 0.7086016374549273 0.7307892673825336 0.7272065095519277 0.7294287976191425 0.7703464138805954 0.7656362703230437 0.7272135211470878 0.7009928528113994 0.7348755251913764 0.7405282538393707 0.7272751328255279 0.736777107081421 0.6886785066222195 0.6573551217151563 0.6265525567739906 0.6003835331714171 0.6151108302332495 0.6168270814446185 0.6180826052006428 0.5995777901093587 0.6182985100224825 0.6083519722125713 0.5792073783789797 0.5164277175322008 0.4937479633650502 0.4647875366954442 0.4537508338430977 0.46325599989205085 0.44315025285943194 0.3986919119206405 0.4157770145940821 0.4325249316475196 0.42023641773162485 0.4404825042037048 0.4103138419743858 0.40564238658604573 0.3448884984266084 0.3902121839372096 0.3724480853850494
0.7113330600261022 0.6672672859820282 0.6442055742680558 0.7053030786674779 0.6901464799828886 0.7000341261966538 0.6862225999235796 0.7022464778817089 0.722290861587437 0.7334625479956817 0.7368180602550991 0.6973774723859948 0.699504644451227 0.7274924187645287 0.6841569090425729 0.6877333406360195 0.6976649232993182 0.6986144800636256 0.6553730658558579 0.5960549855323957 0.6187022927090104 0.5653470743263608 0.625737898512957 0.6174699730788553 0.601160749444558 0.5786707403259276 0.5534223681500233 0.5270999625504211 0.49300795735797354 0.5026605254818376 0.5130947599127306 0.47797423255642973 0.445035709754854 0.4773884695917876 0.44051930355861707 0.40805116616835946 0.4233340001643467 0.43902618117623915 0.4077612031584993 0.40743273196941104 0.43338707657309306 0.4347666595592328 0.3987541586269284
0.7150718224587277 0.6361002477965768 0.6538258280504403 0.7058378693298418 0.6926461827701493 0.6805903118612807 0.7081795226402469 0.6811496894696114 0.6879089423017501 0.7039175643440206 0.6784681578639141 0.6630103747007973 0.6743564268899763 0.7135070215669133 0.683623474158893 0.6833796303216002 0.6872760388822926 0.659962779457004 0.6029086814445209 0.5861444999808293 0.5782524862894719 0.6281236046477899 0.6136107526633372 0.6241696877976459 0.6391738973661405 0.6208144361849822 0.6044422529392086 0.5843335407354683 0.5585457748109509 0.5196499165220704 0.5127186311510175 0.48646836667901255 0.4977794830757027 0.46088857284337176 0.48143567489369815 0.43780622658127 0.4823272395587996 0.45236191872022274 0.45616184446519387 0.4539172701923791 0.44432306804597327 0.46736995309286655 0.4537061088545522
0.666925921505078 0.6269898556195568 0.669058701047619 0.6835125568682301 0.698940763146451 0.659893603432602 0.674240116507527 0.6638203537262831 0.6672688846228255 0.6384939434130562 0.6713562736908587 0.6961546795623159 0.708282481572665 0.6585125989589821 0.6833811444608335 0.6348881452602407 0.6718177570797813 0.6173166498741973 0.6471051311884485 0.6182482812978323 0.6212821806389557 0.6300360292301671 0.6338701730058413 0.6318183225265646 0.6667459907158558 0.6572234315020404 0.6247791206153198 0.6095216857139291 0.56185982423222 0.506054123543289 0.5307173020893711 0.5493944951521769 0.48722850851371274 0.4585270184856842 0.5057253617393581 0.49266870784703837 0.4696654564522236 0.4821934614313509 0.46796977517800203 0.47054104614437847 0.4987733419040138 0.4941848842413251 0.46312688515036055
0.6627580910187271 0.6245282552182815 0.632451476879878 0.6174847614229224 0.6329771309441509 0.6703634434854996 0.6659656809718387 0.6168672394981698 0.6341877661085302 0.6226514776936436 0.626289847049102 0.6840967576673866 0.6856703860425059 0.690066239160534 0.6385052371815964 0.6202906208675831 0.6197235605435453 0.6581380467338352 0.6544732581853613 0.6359933016141904 0.6448253072455761 0.6467969325119002 0.6691567781538547 0.6315477623427384 0.6601850353451468 0.6865049728962012 0.6488241625775238 0.6214673950371956 0.579914566024852 0.5540662427063627 0.5302087400433224 0.5507942312136718 0.48978769884249074 0.5165419633563196 0.5034819671480344 0.46939368520482555 0.4676853394457356 0.4810643492547067 0.46297480091584037 0.5288056912068219 0.5289094922162505 0.4846986978620199 0.4957608342998922
0.6657106067757574 0.6325360289406876 0.6239751097582263 0.611732908807577 0.6085405310012069 0.625177314153244 0.6185599796744657 0.6251882709379731 0.6353920252552131 0.6385426385059506 0.636566939317656 0.6593707997832736 0.7101100715822546 0.69774171428896 0.6258515411121038 0.623351384735334 0.6479976732029769 0.6209666887707747 0.6419918166566723 0.6339539785404652 0.6407625825135451 0.6292237089058672 0.6849501558047146 0.6774522442437539 0.6365717863640302 0.6537995380471263 0.6642946832065959 0.6030552004931988 0.6094494522135266 0.552278925796544 0.5950634634450267 0.5686093831795703 0.541947207699333 0.4889814821528118 0.5389415804667222 0.534036290987436 0.4875800326314317 0.4592210380768344 0.46868372029123606 0.5373922429507338 0.5712101559442364 0.5442633304986879 0.5264607355287412
0.6510143901638753 0.6456997450383117 0.6401185431462495 0.6339907224342048 0.5997589648835034 0.5873554411131988 0.6277615802494897 0.640941438610455 0.6137070292492535 0.6044817714764055 0.631939093269585 0.6807484374011765 0.6912784230613028 0.6433353573703964 0.6316636031865644 0.5968747259238548 0.6373516163291677 0.6014699642476795 0.6089122566574041 0.6508863795328632 0.6211183076358155 0.6757524520155382 0.6741473987512756 0.6671631161912092 0.6763114581755691 0.6740644779992497 0.6308394386163441 0.5973438660694572 0.5988569112374776 0.5996731714706267 0.6034987360629682 0.590355072411634 0.5409135677564223 0.5203324989795279 0.5266681843832925 0.5328101794118126 0.4695186054479919 0.4761125894437392 0.49820838447554844 0.5153045220993968 0.5497524510548344 0.5448608286036974 0.5386205938892592
0.6456650179730531 0.6319742055535543 0.6206036838440246 0.6451905076019159 0.6000698545999421 0.6180844202111653 0.6092367982079165 0.579264992134179 0.5927895354721169 0.5557776686805298 0.5955025311773162 0.6538433722666366 0.6259818474430195 0.6630472161873678 0.6242877638655915 0.6226157942387441 0.6128248088576623 0.58317545141468 0.5904897612647021 0.6317548723950243 0.6675330332785215 0.6793029633208375 0.68730072606664 0.7019594335407895 0.7124347192773987 0.7121948437634693 0.6856791604426172 0.6568779164950009 0.6229793836029147 0.6653828574578895 0.5985103087148049 0.6135380128938666 0.5776655559220746 0.5958952658099558 0.5456684689438369 0.49641901243762115 0.519292916159547 0.4988987960864656 0.5276670793247399 0.5332542320941196 0.5589906660853744 0.5087642045537885 0.5586740416441752
0.604251263364167 0.616079137466505 0.5824420260876697 0.5941148049359541 0.5929384715478313 0.5869733790727018 0.6074557745110096 0.5692582420804271 0.6021604617062085 0.5669522477652774 0.5859681918548882 0.6361610516462302 0.6111906018217945 0.6384052485869885 0.6130525212671389 0.6150196349791962 0.6153736378836758 0.6298937196961029 0.6146904026002953 0.6596168725432906 0.6620086710368859 0.6836568790528139 0.6594404351096715 0.6364220348769372 0.6398276432990182 0.6413340167586942 0.6826937193983561 0.6904848622323013 0.6748307797371434 0.632344761843874 0.6350081478679899 0.6486145138567494 0.5935947905767213 0.6284511284414885 0.5853900120110466 0.55161116729292 0.5144687942438659 0.5029202297700349 0.5237939591573386 0.5275225846201889 0.5556018915867903 0.5544629300160432 0.595270562624131
0.5904582753794377 0.5904659373836104 0.5586296773988434 0.5820643573661334 0.595159221993182 0.6191072543772465 0.6030914168538967 0.5539959364777725 0.580837043840098 0.602419926826642 0.5788535279171834 0.6278278751445391 0.6196687582484317 0.59529203793503 0.6164331629232259 0.566151545685638 0.6007091326558958 0.5994062272833297 0.6405603216820387 0.6201980264297681 0.662314616444483 0.6358467499815466 0.6414880021718274 0.6326231513304255 0.6019762381401632 0.6074609957568089 0.6492422594185728 0.6640672988188728 0.689173487964652 0.6807351915342197 0.6749297089348985 0.6265892049023822 0.6452603669342961 0.6373847480486392 0.5611197138004272 0.5322725173838732 0.5275938194503165 0.5529218459612487 0.5559324584999366 0.5232141912835382 0.5570970837692545 0.5888375177609013 0.576818398584581
0.5862946739679807 0.6310702144695703 0.6046717866187908 0.6261477863227949 0.6191155017880933 0.6054739306561628 0.5460416751835929 0.5230264649735522 0.5462063973381942 0.5881099237833382 0.584634400557167 0.5947174336977764 0.5665085273390725 0.587226103846717 0.58630553107756 0.6069624034053069 0.6112984589787566 0.6233389528514317 0.6147359542121345 0.6499061087300563 0.6639523442038613 0.6605838464677415 0.645020267934342 0.6241615949082897 0.5973823740841091 0.6288523582046384 0.5973397215562571 0.6769816570019417 0.7011342097556297 0.6655586069778008 0.6784889314921424 0.6453506317712605 0.5955601244279171 0.6098226118487327 0.5890343489540392 0.5605648161762637 0.5064232155528605 0.5597424966662305 0.541673807719758 0.5276924292626779 0.6049701759112741 0.6262708950795748 0.6193465331445926
0.5905714634021954 0.6480270096038032 0.6408206558916805 0.6564758514414702 0.6189264701806245 0.5813576917524536 0.5768235788671466 0.5532720685523986 0.5639392497368939 0.542134661041904 0.5714890074790694 0.6047164550523116 0.584329564750197 0.5606819831138647 0.563136376239219 0.6091522769640974 0.621331305640589 0.606181991225861 0.6314513511262086 0.6357693076216171 0.6729646495497649 0.6378550168936574 0.6504752046241381 0.5881883843757629 0.6016529828204679 0.6106979074927313 0.615770726801922 0.6261252690079052 0.6770671551861902 0.7057019890502134 0.6523644984000677 0.5870051666178817 0.5865626357737768 0.5874987798394838 0.5698222360032041 0.5148222296244964 0.508346164677407 0.515008317520529 0.5155026338412274 0.5318276262372742 0.5743541272786528 0.6766755088092774 0.6549867411506946
0.6327386160774457 0.644990129675014 0.6830416264690662 0.6516934450945585 0.6133691449628066 0.5999116054851406 0.5906088856539784 0.5588478970297205 0.5552311894571721 0.5195287619828174 0.5680059190975413 0.6034161603086448 0.5631051385601007 0.5513632706097693 0.5823243742732548 0.566118246439978 0.6033509487875799 0.5970817734048482 0.6113812879897362 0.6037470073606309 0.6335906300425922 0.642372779845145 0.627710615544106 0.6414767327218961 0.6340370505154901 0.6510496274482349 0.6357545500426077 0.6692422199368868 0.6410752822563826 0.7022295039135881 0.6386773143369313 0.6245030079141755 0.6018431710779898 0.600930147810224 0.5515991740471542 0.5161969192183109 0.5511978918345221 0.5810182372741164 0.5364107620687687 0.5555003668817696 0.6039862981699168 0.6826952922417954 0.6714740804483749
0.6325763082797626 0.6855255426747137 0.6792073873434257 0.6779117092030188 0.6709906019037057 0.6602514783480629 0.6436189066736725 0.6135546771041918 0.5611681534562857 0.5402148764865176 0.5865660577138383 0.5807861697352132 0.6272973742151472 0.6190339793403749 0.6119039583249508 0.5572822135053693 0.5888274654078721 0.5497929691351241 0.5657738293936104 0.5705959940328308 0.6073105254143821 0.6203326093509057 0.5993892632205289 0.6128329294855238 0.6386927681895562 0.703101124204498 0.6545875340060293 0.6582276373153105 0.6350261403532639 0.6967012839329275 0.6347658578595712 0.6213155954206754 0.611163757332318 0.616869636922128 0.5417844054795331 0.5398774854222688 0.5981492753432878 0.6213660502051106 0.6034047615529533 0.603500027134639 0.6605975520593194 0.6666834758245048 0.6611424363115839
