Raster_benchmarking/Raster/continuous/raster-316.asc
NCOLS 100
NROWS 100
XLLCORNER 1743166.9033425031
YLLCORNER 5469291.101690736
CELLSIZE 10
NODATA_VALUE -9999
[rows 19 to 37 of 100, columns 0 to 42 of 100]
0.032894579155330034 0.0104582502704567 0.0 0.027727045649648903 0.0331694488783293 0.06270907961206712 0.11725904927584795 0.12034195816072649 0.19018856369085646 0.26797400455114645 0.32064175770923 0.33381752854622576 0.33277497841269593 0.3574710226217995 0.34018284671050564 0.34296967253767896 0.3871403895067246 0.3955665951127084 0.40689494666957815 0.39684908844294103 0.34251155558307145 0.2909456989241613 0.33161385364810547 0.3151812856650246 0.37249291377534227 0.39577231189595574 0.38808508760971866 0.39099643993739663 0.3666996747925403 0.31805697621415413 0.2977553242552756 0.30491773352869495 0.2874825792016075 0.3062426793012546 0.33296901458494244 0.3652034235014522 0.399679953116827 0.4652409631558194 0.4409893892980884 0.4376675877595892 0.405182218769255 0.37139564138889014 0.36740238294579936
0.04191654660056369 0.05980620944235931 0.041791543770086335 0.09062267159740504 0.10571719902343528 0.10800954477441642 0.13164537603003015 0.15254268033062116 0.18583613174113628 0.25639368226623976 0.3235535052019622 0.35604488996311656 0.3626524714887916 0.3521796748043953 0.3417292089846815 0.3516869839251142 0.36174095891548763 0.3757418018949467 0.3956301389213635 0.3732309712100136 0.3553867987580357 0.37004345825517465 0.33704258494086 0.37620940472935205 0.3815824716370945 0.38501515253632584 0.37702742230885145 0.3817924503134715 0.38306329986389864 0.3466397552027273 0.33524640338001527 0.3298385806513993 0.31794369900762415 0.33810540174163456 0.36709387669882765 0.3807341750091848 0.39230063464514514 0.4186066294902165 0.4035236424769426 0.41909349590659845 0.3863425528017437 0.37671402708622254 0.34275842012363494
0.0815825512648282 0.10002605655615608 0.0952093630131957 0.08289525796515818 0.09434958343464231 0.13860385791967333 0.1342772391219615 0.16187086270706455 0.19063156264766126 0.2643911981020212 0.2861177670423837 0.3408232192022266 0.32203744394397854 0.3490801096500686 0.3882475450372671 0.41230721824085526 0.4113570748686688 0.37681375371626163 0.40522733250263976 0.40268929318997265 0.36563585437679075 0.3999922390499871 0.38945151492614705 0.36502012755495894 0.40500034029759957 0.39768280418301577 0.4191135550984408 0.40170501745879106 0.38470980854633835 0.36026205101090686 0.3522959846104906 0.33235907985903446 0.33142686313526265 0.33772181173186594 0.370521205091138 0.41473654268124277 0.40131891635941486 0.3809610169570969 0.39284677540449064 0.3842941935377951 0.3709261313105339 0.4058279553026883 0.3716416887199538
0.08200180269624985 0.10515560596114779 0.10224854189383413 0.09443777980800057 0.10235090203060668 0.12881186116076135 0.1539428265348894 0.1500204360621319 0.18260643745401237 0.23980259114075492 0.2776706903590601 0.3050665866817176 0.34533209436906254 0.36746504950368497 0.34065861388900026 0.393655315224489 0.40343144212156457 0.42100434872418857 0.4075943975022773 0.4286804057993716 0.4144005805359529 0.44413895731278813 0.41774658227096434 0.44891538383863605 0.42980410832949134 0.4085924171534302 0.4033988878719415 0.4268332377350462 0.40596761530532777 0.40887178974039506 0.3876356424652754 0.365539664573003 0.3573779586337515 0.38718265644291666 0.4148918292308902 0.44519066717042766 0.42015257180994886 0.40747115021517333 0.40593587400924197 0.385637531840052 0.40344544001119415 0.41781106861562856 0.38849287968025814
0.11221540578696258 0.05208763799050885 0.07692248993696311 0.09884858281412964 0.07902529128209533 0.06485065697364438 0.14575142170383432 0.14956597621493925 0.19838845958797155 0.2559976383911341 0.2555551198799426 0.32812588340023285 0.3194568623893185 0.3250638439135038 0.33655397357821976 0.3817297890503956 0.4062378492207455 0.385334689370759 0.39647821820173007 0.4145297817847258 0.4490637425731634 0.4474338425221577 0.47637019236479106 0.4745796694330084 0.4912853391999467 0.4603458700591407 0.3990613034721501 0.40543124483789295 0.4072659721295543 0.39421750329560074 0.3574363216326696 0.35098904120489566 0.36159718110938205 0.3873217679496137 0.381889463455674 0.43373038646925627 0.42273659386619045 0.3721284341858657 0.3728502955272265 0.3925007717253052 0.39090142866136085 0.3626457468396453 0.40106657115287553
0.13409861231409856 0.116875767103962 0.12428026440699387 0.11369207116680717 0.09935958336810802 0.1407280872544666 0.17736107546691035 0.2022901564162172 0.2108666214206214 0.2536255636601311 0.26554067773608186 0.28617447642320004 0.298754238126902 0.28764596070921483 0.3063218912223888 0.3394069749334326 0.3685220254054273 0.3605912831676591 0.38097242096221345 0.40028638692166646 0.45372142050608233 0.4806164664673791 0.4763716859241503 0.47412099219940523 0.5062591110124864 0.4528243212603169 0.4258365805879321 0.41876552048800275 0.4462129482284431 0.40442784196895 0.4015135052575116 0.3864887320741131 0.4125154648594886 0.3743712642063941 0.3953699188595866 0.3919090610563483 0.36189759238980823 0.37455392948860017 0.4028189359569009 0.38492362880950315 0.40643558438451793 0.3929431612462179 0.3687740758735252
0.15660724938916018 0.1498171336025332 0.12194754256406048 0.1362127987040448 0.16834458802776067 0.19449708928013182 0.22085760351487102 0.23329339701786098 0.23018262751695112 0.27058564811737545 0.28788452176134144 0.26609158791734433 0.2945962680916047 0.2798262410794759 0.29577129219094866 0.33534236212947405 0.3729861802751689 0.39238010970656495 0.42135611381536064 0.4152220257355689 0.43331304927542497 0.5033215638368211 0.5252062739442634 0.510253841838824 0.47763726783668264 0.4829264924825914 0.4620033890564009 0.4562874962321795 0.4322212378779981 0.42921889392856905 0.41197928513893906 0.4158668916174759 0.4015660620098891 0.38405388952484565 0.39696894981036046 0.3908937433336505 0.39038425657914233 0.3575802677856767 0.3736127791929585 0.39928001749056813 0.3512813748116307 0.3636465186482917 0.3623162671107254
0.14271263450630944 0.16923361767890163 0.12247333173580711 0.12615559586420136 0.1603798981674076 0.16706011206491947 0.18384062186259756 0.23856777239303203 0.27040889287651404 0.2690875273704179 0.30107583147367645 0.2543880171095167 0.2649436875019766 0.31144829980433736 0.321536243054026 0.3546346752911191 0.37142566110507674 0.38409539063245834 0.3887720974775431 0.40939921692054837 0.4665029092485574 0.5130268887190177 0.5334463462442409 0.4904962917104424 0.5076311464735108 0.47440221023788914 0.4531960586676273 0.4581003714893889 0.4675775430320708 0.4111446640542578 0.39682660038137435 0.3999808986713277 0.38125319494476484 0.39359382094010936 0.37230778116783586 0.3795204572425381 0.3832078775885692 0.37972121649154267 0.3946039559968411 0.377884483077174 0.3351614647614743 0.3635794273878206 0.3282717895547382
0.12853448053987562 0.15856569931251174 0.13132976840026855 0.14175614743848491 0.13752251322685147 0.15749110461616322 0.21156421718250196 0.21860875601316423 0.2615838535654648 0.2870745328877135 0.2852649043706276 0.2778979211267788 0.31994949225227626 0.3467565396404776 0.360619092852044 0.35138460423459617 0.3316612499687027 0.3483753974032755 0.3865645973349497 0.39816416917860975 0.4724399105695138 0.5149408742232607 0.5251053965937025 0.4962511817469249 0.4773460290997245 0.5211819942759711 0.46864797043660816 0.46043966004155595 0.438390744979023 0.4230054566673385 0.42534628806460734 0.39632563209153904 0.37517179182298266 0.421493923298327 0.3874593849353906 0.3682255628872603 0.4036576391278984 0.4219306160535674 0.3809191513529353 0.35536323518922036 0.3523775298187242 0.33345237476450784 0.3432021641946573
0.12178152589473291 0.16925914184037946 0.15383327721341078 0.17498125986229757 0.1809511606475878 0.2070005619347005 0.18845526955982816 0.22445637727476941 0.2304219736878377 0.2640225420146147 0.2500984074304838 0.2543693019821816 0.2803251392989797 0.3262592546722757 0.336379234600691 0.3132870275449422 0.3534545914439897 0.3392709209267418 0.3747460286939095 0.41227887887881925 0.44829022504063104 0.4651285005702795 0.49988109324045266 0.49972328306612646 0.46863113488047686 0.510461170839267 0.4647110468014929 0.413883363075517 0.4005759659830046 0.3899351792766009 0.40878225297940285 0.4098856607864748 0.39907198820597733 0.4121896270236418 0.37874596692833107 0.3814357957802757 0.4079425600560353 0.41126227260556913 0.3915002179118486 0.37133864409153583 0.35713177111176864 0.32261632574278704 0.32639618534900716
0.1290685029033233 0.14680365945052085 0.16122651962066925 0.1881849928567019 0.21580184018175472 0.2294288330809995 0.21132741666392027 0.19889132130589582 0.19199472536864906 0.21470804160135565 0.2207433016292346 0.25238955159642057 0.2973598637326791 0.307668467408406 0.3041443212125254 0.3241786899768908 0.32330332837210846 0.36654431087633793 0.3927961217668699 0.46223359516213086 0.46283790470605335 0.5047493735979349 0.46980256484145616 0.46084628626129104 0.4636767362009665 0.4837592091588296 0.46246877078521337 0.4031924737028832 0.40223754662055244 0.3523537209427084 0.3605158575327843 0.3524501917676767 0.37974132292682977 0.3921354745372586 0.3932521404133865 0.40900177605698124 0.4016610839321979 0.4207933453166012 0.38418483904429057 0.31847370661588 0.3003780577151286 0.31247064089442006 0.3134117069216814
0.12666884379853538 0.15006634808674235 0.1449878880429989 0.16040637697439056 0.2024716997158288 0.19369014757721006 0.22104353236555166 0.2145013670739954 0.1900640743527044 0.2389378444974542 0.22561800495786857 0.2072452964838127 0.23918343562446104 0.26136486111513 0.31709749968541695 0.29274858067723414 0.3220034310228828 0.35778866611864363 0.40531509402572724 0.41766081450771964 0.46647945635537336 0.5094169912306502 0.4905858550121307 0.4751551888243498 0.4603979871606013 0.4169284995526669 0.41181958929181617 0.3899594468811354 0.34698658741323807 0.32259046405381203 0.3215580426681234 0.31139973079272243 0.36480150070906214 0.38531883907403813 0.3615054856972314 0.38214798408764566 0.37650108179887 0.371852484733691 0.36907813108692183 0.3111943770819088 0.31267836988847697 0.32847925292599056 0.27600472094068396
0.10788112040852743 0.1215858719184311 0.1466335957917876 0.170379895225248 0.19943157640536505 0.22301322779437752 0.1789112464201333 0.1795146506291707 0.1860466586620079 0.2153923001115297 0.24430412656126738 0.21673010913413004 0.22241965525988092 0.24216375225482267 0.28254778386671203 0.2848804856755878 0.357018963369119 0.4166746079822613 0.3872489997646155 0.4060890417326999 0.459618785735579 0.4661967653835794 0.4674234855022603 0.42508307013361973 0.3899116616414484 0.40437147738016427 0.3774827402879409 0.3667725769883706 0.3191980051966093 0.3465816576472713 0.30621484096400237 0.29561308783826634 0.3231347260380477 0.3314272822843223 0.3276933796135318 0.3400436956193026 0.34033422873854774 0.3594215355879227 0.33095987625149054 0.33166271884486376 0.33696909823599 0.3041431227032431 0.2711668332284872
0.12688199667692318 0.15737312571271125 0.16605511914341978 0.1495054144503875 0.1743233467181048 0.2108620153488056 0.18575423618906897 0.16343475762937446 0.15595769082581243 0.19796090048362464 0.21523647659178025 0.22859424425877123 0.2327444334004625 0.23312303125988768 0.25691549588506885 0.32526091954896214 0.3607883049473991 0.3716778258851419 0.3999361299909993 0.37612504427858867 0.39588003284641177 0.408304383730038 0.4137290465376829 0.41567352305277816 0.36164328813997193 0.37646889566879577 0.33662951109997435 0.3422847301187137 0.3279648763740065 0.33473225518918676 0.281919056240979 0.2823792470789587 0.3313211872091939 0.3371734822418814 0.3238528968372078 0.3075447205274649 0.3071933050681166 0.33382316281820495 0.31732573325494884 0.3174868679330105 0.31488451984039206 0.2983319099208408 0.2686984083348297
0.11834405106732897 0.1541796343729388 0.1438489505870355 0.13000526781196486 0.14946029694709434 0.21327233772982238 0.20247380104079096 0.16494480926715474 0.17978183724383293 0.14877673515720538 0.20513298694338403 0.1901234307192251 0.20041171686036552 0.2280128465414261 0.257992662342057 0.29360478931373496 0.3202174091483541 0.38846643323602337 0.3543348869193215 0.39238993690728247 0.38608256858984924 0.3584338306300796 0.3672770626188772 0.35526837215572027 0.3508821677836309 0.310333730745372 0.3169342322192354 0.3282583707167868 0.28195146954672967 0.28988423130900415 0.31187231350362543 0.2979599679842609 0.3360303221095848 0.3051730563121035 0.3107081319663437 0.3371095270526429 0.3168246339406541 0.2937263212518371 0.3273715733020645 0.29938981180062885 0.2882196833838093 0.2646946430479099 0.2916857780627734
0.13164695840959761 0.1328821821405718 0.1626083630755183 0.14814228876350014 0.14093854626994926 0.18672641869346673 0.15790567524741672 0.14395483742592022 0.1751493148647025 0.17597365533268186 0.19959778092081962 0.19207312748120822 0.19434521458592643 0.2028920674437874 0.2670750302785074 0.3024519509052317 0.3172014541173854 0.3267576871898224 0.3385010948765811 0.3475861340683566 0.3377275936041237 0.3213084031417373 0.34026599595827745 0.3319518124455817 0.3000504783492103 0.29742129260162675 0.2895480096818786 0.2982577258526574 0.28185054791220465 0.3007587205155296 0.31679902492943246 0.3360752441571975 0.33513140479381937 0.35729515074735924 0.3471007355279456 0.3673088223155367 0.3462997195485354 0.3411211773709557 0.3189901832168498 0.28961903875808365 0.32414377057215066 0.2986570213916764 0.31928305989725625
0.16446589346544943 0.1708177468191654 0.17070554297929746 0.10928923220775028 0.11203305269317539 0.1513264499258059 0.1812717780263543 0.15997623234716724 0.1756018496380783 0.16419707648701126 0.18953659773981008 0.22217331561161976 0.24431975902818112 0.22201707001980397 0.23526935503119328 0.22264652894595072 0.28149619641038237 0.2787840724469922 0.3364417714045265 0.33463771175927043 0.30547589298379113 0.34377304340643083 0.36813187265486846 0.35281723043296265 0.2962238898055902 0.29087372101088116 0.2638531356171254 0.2827914679496091 0.28985318939032434 0.29948949365299465 0.31981088132447505 0.28771973197478073 0.31374194091593877 0.3865380753915044 0.35902604013827527 0.347265882277148 0.36758829164336754 0.3348048180158702 0.3529347172338744 0.32204039295695774 0.32010281530376034 0.30852494986482676 0.3044566485913819
0.15867540032842803 0.16760976661774507 0.15946911093244984 0.15140685355275443 0.11954581612195977 0.16160505890089033 0.16587875037057426 0.1530659430267181 0.18135314309605496 0.18747953768802741 0.1647299484779597 0.19467311050106906 0.22784693306279769 0.23815288520742006 0.23181749578085153 0.22750768978771188 0.246786729177792 0.29598601057863877 0.30815339014609966 0.27366546266727576 0.28723941115183227 0.34819115314964855 0.36163553158511047 0.3455972275921544 0.3532414593878964 0.3028436560521015 0.29248605529493776 0.29770572658203337 0.3167623106350669 0.31235939680793273 0.33054965018215515 0.3088256526917033 0.3481877355174604 0.37445413391493865 0.3400681738894641 0.31953285882349797 0.3510918996045479 0.31580609234756957 0.3282839643720523 0.33868603918292994 0.3203156779658375 0.3255372572901281 0.2976719998888471
0.1598609108724716 0.14177443394170397 0.15107253645350383 0.16438733800286712 0.12307990147880031 0.1208140651453852 0.17345670158827425 0.1710845815335 0.19893677951805916 0.15404712650204025 0.1604195650999768 0.19298246881940456 0.23539970888207234 0.17937251411321303 0.2235072657587131 0.21263519758966332 0.27249285449377847 0.2857669636706204 0.2541046858230063 0.24849799242056705 0.29657889725766395 0.3004547545258866 0.3055543971514044 0.338988272977148 0.31661680915330515 0.3314540418030212 0.2858636969558535 0.2788383895932517 0.33233103016633003 0.34329201110385144 0.3087017841898929 0.33140231494668565 0.3725262848492053 0.36937552954330105 0.3382642226772405 0.3109781153790851 0.31119082735271675 0.36007439867590124 0.3122821811981887 0.30960543845301697 0.3331711467796906 0.30872356073722845 0.35264680064041953
