Raster_benchmarking/Raster/continuous/raster-258.asc
NCOLS 100
NROWS 100
XLLCORNER 1743168.7508264922
YLLCORNER 5469296.992669932
CELLSIZE 10
NODATA_VALUE -9999
[rows 0 to 18 of 100, columns 43 to 85 of 100]
0.9169258524662129 0.8989405923282798 0.9243838817271184 0.8891731051332771 0.9159859376416374 0.8903231811951343 0.8484175779865334 0.8625916706546359 0.87399311370661 0.880957067128839 0.85737250226648 0.8491988165844194 0.8224367709918563 0.8268482481579285 0.8678209766981664 0.8725623531622121 0.8825448945457224 0.8837764569107446 0.9211162903049296 0.864467754289885 0.8574163372336272 0.8614106287399371 0.8445897413805362 0.8195185129451171 0.7958539460535121 0.7736091674629001 0.759694273327714 0.7912512427677306 0.7921067652285063 0.7678843562611568 0.799345270972124 0.7378404183353964 0.7252294577388525 0.6822631283642732 0.6900690873245989 0.6796209870429007 0.7117606143783853 0.6747608987739734 0.6937447923236326 0.6395654963715027 0.6385384544440544 0.6388658040498093 0.6590075816379608
0.9105996271163109 0.9192121764660908 0.9264966104080274 0.8814642723060279 0.9074746913857442 0.9089617315586638 0.9073785721523481 0.8804966683423404 0.8554767476605946 0.8977801293357108 0.9072518109761952 0.8855245486755174 0.8447778003725334 0.8803857196553759 0.8521509882438971 0.8963587778767357 0.8844075969074814 0.9250940460917336 0.9315026968802522 0.8751129818098194 0.8840035096356504 0.8377146768223535 0.8227738080727072 0.8090675949698874 0.7628928865187199 0.7346867465604751 0.758253969248891 0.7508234173055226 0.7295623552957148 0.7283294062522531 0.7965430383758154 0.781634604073312 0.7224670143395079 0.6900421381807221 0.7120713658846924 0.6888284665787157 0.6695797043444688 0.6521079798550089 0.6696923250644808 0.6384786658973967 0.6384849359587952 0.6287010880674362 0.6556743946323463
0.8944456672292461 0.9209461102623717 0.8836997410780542 0.9028507909440856 0.9076505748904854 0.9443068107226852 0.9008191281317164 0.8899477009252058 0.8889133159721063 0.8786520059179531 0.8799007537525926 0.8463800427095182 0.853323119421041 0.842575360710653 0.883200446355857 0.8732961669809117 0.8831883017780519 0.9178769788834198 0.920707193029493 0.8997897941873785 0.8613440530297423 0.8765667573817123 0.8288203612647284 0.827550597025148 0.7754796055465925 0.7042707738882583 0.693838121996903 0.7385803329840026 0.7557934079726323 0.7149204753899215 0.753506738904627 0.7321317376535008 0.7459089275550107 0.7272843634270526 0.6888943301821328 0.6625675584016765 0.6699428302484937 0.6318628871272671 0.6598658244099438 0.6489685173585679 0.653813076480042 0.6050649078355368 0.6304885186387442
0.9161343648293657 0.9015306921334865 0.9343332418882835 0.9226010306139747 0.9365660385865052 0.9787346536559951 0.9182472272929476 0.9185065794717002 0.933533998919642 0.9187035875104401 0.9014970109839112 0.8899122198754817 0.8863266771462616 0.8309165146383506 0.8577921124013946 0.8455346624468374 0.8585798412556375 0.8757314108340319 0.9046697981168668 0.8963902273070993 0.9121336572929007 0.8985250844820151 0.8698429138075291 0.8405986163192173 0.7665351601208125 0.6578618693035035 0.6947996991676283 0.7524123935741398 0.7278148069023459 0.7109342619520211 0.7455106847063185 0.7285928253377256 0.6960533428680941 0.7004942857686168 0.699793860170583 0.6663494507554508 0.6659930228551612 0.6516235153823519 0.6257573687341428 0.6394500963353522 0.6102992701528797 0.6236456827177781 0.6198263581738751
0.8863007715836555 0.8721358949709032 0.9083223768606832 0.9074898068363458 0.9058831169135522 0.920098375318678 0.906316512060845 0.9423633397095311 0.9239925746354648 0.9225078347389898 0.9037612419188098 0.8545428913098642 0.8548914874984267 0.8495032529894659 0.8249620098716801 0.8445573094240187 0.8724899758836046 0.8639222687684949 0.8959250780895185 0.8867903919206035 0.8870927587595716 0.8774538697789803 0.8408084439390151 0.8015193779404682 0.7464096356010029 0.705194538246662 0.7287740702590352 0.7165805524805147 0.7339766230868127 0.7480171120654979 0.7179287127119711 0.7000961648472218 0.6999520872771176 0.7221240692117721 0.6833451431811506 0.6762812567964807 0.6764787470095247 0.7044985415071929 0.6687162200067872 0.6291535038227006 0.636500411198059 0.6171138807951267 0.6360041430734069
0.826628031796244 0.8231833938770686 0.858002555433126 0.8640405317451966 0.9010346607148019 0.9247742673532433 0.9342277329533784 0.9039713555482649 0.9263516025500197 0.9142737919453232 0.9010293300431905 0.8681692386610849 0.8452275996362515 0.8690416355850729 0.8731784942406581 0.8610337056432003 0.8733891890904907 0.9194080152453292 0.9113049344779574 0.8859272793232043 0.9185921239359679 0.9026309407975075 0.8670269036130818 0.844761458609549 0.8034901140204629 0.725479900193622 0.7127909229725619 0.7413298167367678 0.7399615663435125 0.7079322128875956 0.7313114588313862 0.7531955616827524 0.7400405542489505 0.7145708132094865 0.6773129036751632 0.6854826898921537 0.7214973410272911 0.7109895090567429 0.6618277126401865 0.6345065559065172 0.616112265902795 0.6424480467668442 0.6375648987252853
0.8222157603757223 0.830922934826309 0.8386348496260168 0.8681782470548142 0.8569877346774504 0.872123202878965 0.9377865594616717 0.9423056371663249 0.9016017910590453 0.9533927607210809 0.9079082343711402 0.8925098753514301 0.9004257223859874 0.9062765707806887 0.8618028842217521 0.8963969275353514 0.8758629549854875 0.9337257800225537 0.9310621184552856 0.9414976222360156 0.9152146796230644 0.9173052666976713 0.8630299271484464 0.8569168983265164 0.804651052244354 0.7968563106065152 0.7533842192469492 0.7310534292792061 0.750170090398522 0.7586757172957755 0.7375784277739627 0.719764456732643 0.7448402011526498 0.720338861169138 0.7428142830258928 0.7265939486093832 0.7107801515592097 0.6709905290212326 0.6470601323215945 0.6269262557772475 0.6489495740862936 0.6452524107734003 0.6598389929556077
0.8537381779648479 0.7918269321431529 0.8026569123329884 0.8149590192687326 0.8309031894208541 0.8861802175913364 0.930467258712495 0.915873960093072 0.9380980496097252 0.9675157796593609 0.9442409685858996 0.9465861610484418 0.9267504871091508 0.9155562291359421 0.8670809854046173 0.8999622049619991 0.9126968627200492 0.8953819666037616 0.9456653491956761 0.947744584958838 0.9423602451994842 0.8966847030777639 0.8829032836414813 0.8119815096221981 0.7964047340514764 0.8117047879096254 0.7851717761149504 0.7551745395152759 0.762739040664416 0.7197175371958304 0.7152143397172877 0.7505605266378446 0.7693618905925907 0.7839585157181076 0.7160557528834154 0.7077470115436937 0.7402162148567435 0.7087204449043719 0.6841248262079717 0.6520402966013706 0.6678879538512932 0.6348831111794774 0.643354898110729
0.868856084972599 0.860315813774175 0.8262346389317835 0.8557796194239439 0.8432064572365525 0.9189188680645669 0.9360378566449425 0.9773057808340395 0.9734100646131467 0.9326312764888512 0.9534012991415012 0.9712861712814848 0.9451467654748508 0.9201815658642288 0.9071404163221513 0.8796285033218629 0.8870188506978975 0.8922302925081348 0.9391329378671077 0.9139180789265294 0.9454331587107869 0.8987940717994248 0.9039580221206167 0.8527415179094932 0.8789588097170317 0.8625938269821619 0.8107002510586077 0.7490395463856184 0.7112736161244291 0.7189737370347872 0.730488118215511 0.7436711152210969 0.7244916190476572 0.7591665588325939 0.7276142072541572 0.7320303567507978 0.7189929888409956 0.680620808520993 0.6988075172115324 0.6780879294244314 0.6792750872226376 0.6945363813783417 0.701861383760464
0.8783843965149495 0.8763249432986377 0.8747943932379872 0.8769836814413278 0.8619712233698527 0.8944820764753441 0.906582034841104 0.9659259882128208 0.9254388015317704 0.930153426990268 0.9546590375987463 0.9173087729531755 0.9074449714754637 0.9214894676489012 0.9051996321355809 0.8811677254515873 0.8839821785938297 0.8739173757545751 0.9298241137611395 0.9245158367708691 0.9024251874631016 0.8945834781157631 0.8850365842097058 0.8964340480108139 0.8621308350475674 0.8744767380684334 0.7988949110432706 0.7810034340413732 0.7235950109566747 0.7027936608731895 0.7001203619671468 0.6829327058300966 0.7413362375593159 0.7653388760873423 0.7354581408867064 0.7569306598098878 0.7217406626101907 0.714963964651776 0.6895443578770566 0.6672288120091325 0.6576121869195752 0.6785415326060783 0.725953985326359
0.8283592135557706 0.851377054615359 0.8949260922737982 0.9092864671612069 0.9218674053867347 0.9374918820288961 0.9530599674578337 0.9235475697799919 0.9315195235663363 0.9251441166979762 0.9170637921549255 0.8922151061344412 0.945284658552503 0.9599050650466566 0.9386955952670898 0.916378213854549 0.8936675952711254 0.8931627383644557 0.8959642774413864 0.901410714114916 0.8621654601909285 0.8728042133406425 0.8896406273934933 0.8585077065613554 0.8382197566591418 0.8419435293127212 0.7844329396839405 0.7867670154544651 0.7118641360519888 0.6842361734857995 0.6776702735575219 0.7107966927911198 0.6928858314193824 0.6989035293284307 0.7136991002622725 0.7400047027109747 0.6955835333338353 0.6877139588614412 0.6833045197999027 0.7202263621355139 0.6719013830905973 0.7160144682669597 0.7043119492801583
0.8335713645983724 0.8516156319295761 0.8663811673475555 0.9405073273322557 0.9246850765914287 0.9798823950676019 0.9801369500796369 0.9611699320597913 0.9387407458268079 0.9385010513997704 0.9033927040436617 0.9094092547506686 0.9233561984388757 0.9565719860638239 0.9616701521325551 0.934304992954282 0.943218008732824 0.9374369364683718 0.92346788946369 0.8748955354162358 0.8362731017691424 0.8743444597719203 0.8500617338167593 0.8214701370923169 0.831937425520293 0.804317930011473 0.8004029872674505 0.7837702598022953 0.7229555764968612 0.6774272281746557 0.663622212157554 0.6908878210678048 0.7009549707919477 0.6889954896318221 0.6818038115746722 0.7129205698691355 0.6802838329297487 0.6621076896161825 0.7204045947378287 0.7382007461176894 0.6905127403490938 0.7122136458646104 0.7523876391264048
0.8489215747473039 0.8383463217824147 0.8772636765905669 0.9401037552559073 0.9349337606887036 1.0 0.9970342999451162 0.9470389334829015 0.9426441664678799 0.9332268046671434 0.9147885701922922 0.9613352521495594 0.945421571931782 0.9539948961003029 0.9459283878275244 0.9253714140734102 0.9445549909595665 0.9282843352601207 0.8830541880517411 0.8729470377922698 0.8389681777473544 0.8579936582576796 0.846210424141685 0.8089215541459495 0.8153408837652973 0.8411645382888397 0.8076159105839679 0.7395422375122873 0.7138994365189517 0.6932827857669622 0.6916383912194309 0.7045261787560274 0.7045018239115469 0.6486790001457015 0.6747968539312416 0.6826674723864867 0.6838724341471569 0.6661487704009821 0.7083522868379182 0.7356370533594551 0.7549708872225751 0.7822590060165097 0.7511931807029361
0.8512237786915402 0.8751388758252941 0.9326049906090181 0.9473597163240423 0.9351175941810445 0.9945043303027387 0.9627743133248007 0.9687662225034829 0.9645681324470584 0.911693910602484 0.9422083785472173 0.971970108447448 0.9588124902660161 0.9486255507022745 0.9604365679499668 0.9614152945707214 0.9715419548517632 0.938020499102777 0.8986753322265827 0.8862924835008761 0.8525387013876713 0.8079133463833587 0.810818025744707 0.8390362681838585 0.7981375516167176 0.8156678690067264 0.8202683170962884 0.7645088002611299 0.7282340927215922 0.6876290489527526 0.6756443989855391 0.7004560382785223 0.6747534935373511 0.6440527064010909 0.6857356038685652 0.7065261557732909 0.6826077375691005 0.6924408392916769 0.7336668982790538 0.7435170327592697 0.7904556434677108 0.7913074842011958 0.7718493764768221
0.8424553739517847 0.8574741995826044 0.9145022427959087 0.9606127771652269 0.9429776574981795 0.9699150287290625 0.9344099909339458 0.9182645866377532 0.9300257883710019 0.9113538168195455 0.9278859692160923 0.9304631398238791 0.9641266229556757 0.954592412464113 0.9309109763701295 0.9472636487379192 0.962422880027428 0.9475440042291666 0.8973125569391635 0.8620421187248049 0.8224811257920107 0.8546450805408895 0.8398342560992273 0.8285698033231835 0.8053352297676857 0.8167069459313023 0.8332229362358614 0.7713560177765494 0.7573849581695637 0.7192823789808552 0.6741069433252254 0.6649871412460208 0.6589309180669165 0.6378010303766223 0.6478499859377898 0.691005861993996 0.7212644694904452 0.7481350890818647 0.7247345546173136 0.754465843583145 0.7932102266249018 0.7903783830631556 0.7895517754804677
0.8900250674721031 0.9024452501016359 0.9372580689530132 0.9704077577771921 0.9113632447028687 0.9164297913215274 0.9327585192669317 0.931964887855526 0.9455785482522732 0.9250358223541955 0.9076394362656598 0.9052495057420195 0.9355114295463475 0.9553992534529131 0.8911838458894782 0.9021595095940123 0.9009731852631151 0.9301179715664831 0.8706415117119637 0.8448912436553523 0.8273893533066874 0.8282897110121515 0.8391727407597352 0.8130383699141701 0.8328737825139552 0.8350114519250039 0.8266174413683178 0.8115658456427052 0.740423923388758 0.7084297960080318 0.6575369741467267 0.663900532046092 0.6378495495378348 0.607396597904508 0.6594542018942101 0.6518096128737365 0.6967724020765227 0.7607611774935797 0.7723899949686588 0.7685031073576286 0.7693256494917147 0.8094888418771649 0.8215629165986552
0.8739603929198935 0.8815480538260783 0.8973516423626887 0.9557940434824854 0.9183533693939305 0.8815800217107828 0.8927335283073221 0.9114220797116884 0.8866197622342984 0.8642525718200771 0.9126081656018707 0.8852021904500015 0.8901271876928035 0.9055802387420281 0.8814512954124394 0.8792464164204639 0.890415540042833 0.8670311733924305 0.8710154653055138 0.8133327373460464 0.8105965118369332 0.83013578190946 0.8308229940275299 0.7667105393818925 0.7704193056600674 0.7677422601218353 0.8008140235427644 0.805667464837248 0.760766448914133 0.7140955299629098 0.6821467736450461 0.6545156725955046 0.637515660429485 0.6271544796061117 0.6224891344220512 0.6247502321411857 0.6988259606335001 0.7481177986170398 0.7906632046382881 0.7820719652312806 0.8051137688749685 0.8236216733529725 0.8055974087013971
0.8931780736532522 0.9155270579365405 0.9299206230097126 0.9156536550297123 0.9080967569009823 0.8656258960445328 0.869097851663192 0.8686948715133186 0.8459070044158762 0.8517261044952077 0.8893674121332298 0.8492488401280157 0.8345645664403288 0.8765669371629689 0.8878860433813045 0.8778887532318763 0.8777141403097387 0.7965197292091958 0.8314559745997477 0.7930490011528208 0.8027400382482219 0.8366132155625283 0.8097560798793866 0.7647145916534869 0.7961114401231013 0.7574781167548728 0.7443536165633757 0.772055922866224 0.7295723055777494 0.7047506013340792 0.7186345783663732 0.6863884693544664 0.6623052063731303 0.6537898663942558 0.6358535949151259 0.6194047270496468 0.7116178029316104 0.7670315400702761 0.7919276162299346 0.7642295815164124 0.7679181306496953 0.7710912733344225 0.7667051981224884
0.8617182834616071 0.9014126971563483 0.8885432503983598 0.8752939009016361 0.8510523030748708 0.8738343806823289 0.8608905347132909 0.8523282228289141 0.8526226153481418 0.8603554508054205 0.8550416218019801 0.8919859003428366 0.8376362738353074 0.8542160039529224 0.8660552261358055 0.8900282144247167 0.8342249289230363 0.7759529503734288 0.7846663987868013 0.8255499552501581 0.8142175116294049 0.790734301808842 0.7939933776461273 0.8115440202821687 0.8027359186708517 0.7578012907355582 0.7562059213354768 0.7624293910020684 0.7081409934763736 0.7205159209300858 0.693700684066836 0.6511928192526707 0.6325677491353191 0.6061566844148341 0.6024153657276294 0.6207662908334783 0.6938831713165157 0.7622172388050725 0.7422051886800258 0.7738199205090406 0.7803553593216774 0.788623204899502 0.7907442461640233
