Raster_benchmarking/Raster/continuous/raster-220.asc
NCOLS 100
NROWS 100
XLLCORNER 1743165.7820805127
YLLCORNER 5469280.332775563
CELLSIZE 10
NODATA_VALUE -9999
[rows 38 to 56 of 100, columns 0 to 42 of 100]
0.4438371602650201 0.42653179388663276 0.44842778903215347 0.4647180392815116 0.46580605488146254 0.5300966143054636 0.5326589755909583 0.5529716038830512 0.5389840811690823 0.5768163128529494 0.6047657710756074 0.5877664680688637 0.5823110762572298 0.5564211349321716 0.5380766324450892 0.5322234183596762 0.5356530095337505 0.5838519925571024 0.5744203481209735 0.5221348046219306 0.5426053601980702 0.5620060451920008 0.5258014332054332 0.5106595913264645 0.5276292227139064 0.5112045315605964 0.5139934966511455 0.5373868331608922 0.5346080959012792 0.5310751857120344 0.5495527474252208 0.5742019433568422 0.5828120525424171 0.6199227976850147 0.6327142796316492 0.6628794521622694 0.6633692740627262 0.7285273257875061 0.7383312227933958 0.7632516119963891 0.7750587346681341 0.7522486265934447 0.8004097259909971
0.44492937611804784 0.4494123445811759 0.45390824985584255 0.4726766182714489 0.4859318286639134 0.5490334832127043 0.5374384503886875 0.5528163512380463 0.5436022226548803 0.5549028637363829 0.5618627249411208 0.5756495998897304 0.5783637789734435 0.5441333604100638 0.5592525765004174 0.5903473402621292 0.5610774481344181 0.586655226676518 0.59003620103927 0.5735938522847632 0.5515504814082243 0.5615041885470757 0.5338188669109154 0.49030003559214713 0.5134779879239862 0.4858336642886427 0.5325359607896311 0.5168849666901435 0.534650815194111 0.5242503044189665 0.5647868728084013 0.5958164025755867 0.5789460766754574 0.6159018096115944 0.6569746352351974 0.6591776870629619 0.7076449214802355 0.7217730139571276 0.7400455349068081 0.7435475157227499 0.7492861132267046 0.7927739047737133 0.8056106017861114
0.4201353149052474 0.4298112517814271 0.47623478310759704 0.48398736566817496 0.4902774057090099 0.5525107139997734 0.5207909482079693 0.5344721553264692 0.5346898906693529 0.49924371850058585 0.5404224101999273 0.572794726653289 0.5394366803015661 0.5240001753772416 0.5878639515213654 0.6096972565112564 0.5819912334943004 0.611475742091769 0.6044328115631672 0.5906985230793436 0.5298803279626728 0.5211808796247674 0.49597952069165213 0.482896258108859 0.5043060285642681 0.45610917901594117 0.5360309922104595 0.5582896828536583 0.5704023908225012 0.5577469646216344 0.5686280041052697 0.603118352521419 0.6257218117429889 0.6026584889314954 0.6739638517969488 0.6727411053749521 0.7030870490534634 0.7118167544845196 0.7417507516307087 0.7500357944098769 0.778957602349649 0.7890895865705928 0.7804731328035366
0.41623649567554866 0.44020900939250157 0.47911270787100096 0.48020339916167853 0.5027638270771754 0.5644264886782542 0.539043445282725 0.5545072042892374 0.558129452861625 0.5609544361394112 0.5325921619031011 0.5517170251703092 0.5659906777971934 0.5570022228441621 0.5972510679369084 0.6129652666711108 0.6210944266357707 0.605517893392471 0.5543862939628624 0.5745745778383288 0.5440363818577487 0.5249123728795217 0.5254319881989827 0.49053921625443964 0.5143727762767271 0.5179170709290241 0.5442342095615966 0.5407254424793759 0.5654285461353997 0.5866349706751575 0.5716893440872152 0.6035895093550416 0.6559384583588125 0.6543813604365383 0.6613388777697754 0.6804869590643592 0.7050445408991937 0.7415077029101713 0.7737874416320044 0.784520245757146 0.7607596681983915 0.7858818393997041 0.777014847525401
0.403636965103669 0.4537901952682306 0.49520454274441794 0.5062263672715884 0.5081878265003129 0.5642087802538772 0.5521419912952942 0.556707779218121 0.5493499851565926 0.5486296279109303 0.5475725820131871 0.5552106339890892 0.5850324152364823 0.558808165317227 0.5930261374694453 0.6037208525465895 0.5835329978063708 0.558488692344007 0.5699923655116972 0.542436380119618 0.5076966313288384 0.5356910385481749 0.5067938120531212 0.479614369741715 0.5010611577510351 0.5461774736165204 0.557226202327877 0.5677893562791044 0.5761856135845074 0.576914552878374 0.6090233406492773 0.6377715031031826 0.6469021852122168 0.6772606010237562 0.6921849550650524 0.7053535476533953 0.7100031200542429 0.7526098953860832 0.7746400987029985 0.7980508391811116 0.774207123227751 0.7915247643266311 0.8060771306916786
0.4129149554274226 0.46314801886468776 0.45584640478655347 0.5115677049457277 0.5474481138042053 0.5784429975648244 0.5840782092167097 0.5979389942685658 0.5989304277382744 0.5874586311233659 0.5665488246627259 0.5489970500608864 0.5893248231427315 0.6052213185023347 0.6110503914002023 0.6050954759675825 0.6083831402824494 0.5985189479971111 0.5508641678688124 0.539528884680372 0.5091243322270895 0.4865235189603994 0.5087270608790195 0.5109492206035636 0.5506592545338719 0.5494732527549113 0.5641509525688903 0.570806091672883 0.6037475307488471 0.5759285629484815 0.6012958166502025 0.6646543487517658 0.6551366022072648 0.6365238378229997 0.6710313822445808 0.6763946839792284 0.7268350015864631 0.7785114230125948 0.8200789109865537 0.8219797903429067 0.8295887617371324 0.8297569552804719 0.8384351222307098
0.4084792479253513 0.45776044009539907 0.49014401465440016 0.4909399937823763 0.5316915295151491 0.5523835749256398 0.5695297110273546 0.5761450284827864 0.5782680250083538 0.6176945706171171 0.588416981431079 0.5523850953511892 0.5766226960747483 0.5970491084870988 0.5855090608575335 0.6281568744862236 0.6072293910127382 0.5782347476373866 0.536596658961629 0.5124326545834684 0.5152744821341166 0.47838024464337586 0.4997629627747759 0.544059912217609 0.572372269833024 0.5739763759707518 0.5624274325672596 0.567899169910208 0.6203631558495184 0.5976329809061157 0.6500101003550484 0.6731769807928589 0.651682439171029 0.6425944086529578 0.6808124250690178 0.7024458574623141 0.7352328369416334 0.8315504596104648 0.849318174489431 0.8466320263741436 0.8550754821197611 0.8047399977324722 0.8174673460458344
0.43102009064343966 0.43906629925304347 0.4922489317825487 0.5220373178858868 0.5432111626490582 0.5557135935269021 0.5770598869884734 0.5975201203937217 0.5902621787748827 0.5794903789787028 0.6184595744009102 0.6171579594649041 0.595371606340266 0.6026140621375623 0.5821081308083251 0.5689079206901262 0.5634644690167316 0.5338985633383816 0.5554912648920441 0.5493519835412893 0.5089286823907121 0.5104327703378575 0.5090693468837224 0.5171867827661516 0.5738095053616697 0.6027789865804689 0.5731774475924639 0.5814221167931912 0.6324392796388913 0.6654910098285374 0.6599880243539769 0.6521278311925092 0.681001547966421 0.6658052444279862 0.718288471296198 0.7483119283720447 0.7540410163571962 0.8058517712977488 0.8319988490124962 0.828731411630692 0.8525033824160435 0.8250023118695299 0.852568107477128
0.46556489259238204 0.4432671005062838 0.4781285679333139 0.5108696006500104 0.5284013485668738 0.5693019259747217 0.5457701675929364 0.5434486552815659 0.5632491811914405 0.5885444330629331 0.6032580124482131 0.6107763826481516 0.5674574483631637 0.5546566388632928 0.5724087205687515 0.5741565830941983 0.5735791510103968 0.5265301150094721 0.5307269548764196 0.5314245764769344 0.5210243670574237 0.547468019173265 0.5458279180357913 0.5156693201062859 0.5483913532887353 0.6025985947343514 0.6234444490568243 0.6321565700107781 0.6655940768460687 0.6789072770277806 0.6446438517102101 0.659720526819951 0.6908653048001198 0.684294035670242 0.7097510352319536 0.7855102983108995 0.7867725318598375 0.7967577061890697 0.7952422830583805 0.7945027776107882 0.872134987838885 0.8680694609863052 0.8992592802536716
0.47409545546837883 0.4914262665993838 0.4848667523838569 0.4784371897259676 0.515568786207381 0.5357198931956497 0.547893474296397 0.5670927465604638 0.5478837715922823 0.5565940537428273 0.5693948397066141 0.5584696589768339 0.5722816016073363 0.5826437590542942 0.556510065513195 0.5679178065601703 0.5511883079233509 0.5539848324663179 0.5520772988044702 0.5405261470997674 0.5571525821232891 0.5452351858962712 0.5205772946913924 0.5089347833394837 0.5363857802553946 0.5744369004647017 0.5904628444544173 0.6109139413935981 0.641620282060516 0.6866435794539252 0.6605383103849689 0.6835729137079098 0.7115238267737224 0.7381656208166089 0.7430139199797122 0.7516436528526217 0.7660120636361004 0.7770383477320009 0.8126286136767868 0.8148817175626653 0.8704058026566288 0.8614291014519881 0.8830445464351567
0.47212444348906196 0.5154875229603988 0.5040623000021782 0.49254030451117387 0.5201082417794267 0.5238617190623404 0.5537363011593665 0.5845594700062406 0.54138412879361 0.5683859949614828 0.571631132810005 0.5788980506813389 0.5992090570211172 0.5799792684880668 0.6016161001677848 0.6090305072817636 0.58356768930802 0.5549427889135565 0.5527416661154402 0.555732733919394 0.5135410121675905 0.4934987388608392 0.5160029043443685 0.5067690792302203 0.5412768717111243 0.5338409608632635 0.6005895162953995 0.6468775571550199 0.6495208020917842 0.6769098458717041 0.6508582813910225 0.6694404522531582 0.7190982384355715 0.7423764135465952 0.7357921644494309 0.7635518218255524 0.793229470661119 0.7998827920122996 0.8053259568726835 0.8381897162763539 0.8744520412873225 0.8936441194174007 0.8693054812788656
0.46385326836337104 0.4710355494684567 0.50821219761202 0.4886847173588307 0.5043827873928787 0.517749138759338 0.5689619384611694 0.553274259422972 0.5620128590293375 0.5633894421553114 0.5722837323319329 0.6065111479361825 0.598054282532962 0.581590260310832 0.5600133337714296 0.5447385646757097 0.5383133784272296 0.5499169134710328 0.5206131690140962 0.5192675026728384 0.542694825276588 0.5254232195406278 0.5122645030071461 0.5571081194402964 0.5823929625849982 0.5869649969119266 0.609147243765004 0.656983721638465 0.6879401467608198 0.6932237869368408 0.6886889166640696 0.6833192992782993 0.7178882278375368 0.7413557700420071 0.799232119990017 0.8298471454164307 0.8188000242312666 0.848372178497044 0.8214637076815583 0.8411267680522063 0.8566968166242439 0.8841118805735518 0.8960445580171716
0.44415226259995827 0.48145470095891185 0.48088027592531635 0.5128179446247162 0.5205860067281153 0.5463383660828782 0.5503303755654196 0.5761152796284579 0.5769632675167088 0.5679097938329305 0.551413922786442 0.5725736671949226 0.5804247559752688 0.5780626968717297 0.556048665728828 0.5530798533479905 0.536580140239482 0.5281732664720766 0.5345481268740929 0.5330842012510089 0.5186307471069199 0.5425309292370549 0.5485983814443764 0.5743048601507929 0.6282275399583389 0.6285895779172622 0.6254495453794358 0.6652402738965323 0.6984054259061705 0.7065769986257089 0.728104163122045 0.7180465909648373 0.7773637512814564 0.8036496115252514 0.7971984574654886 0.8555165740995806 0.8298001400175294 0.8486271567349657 0.8614984909113822 0.8528877539701295 0.827024741183039 0.8545168357096543 0.8741484017826977
0.44670044020238053 0.4606258265433063 0.5054902670410063 0.5134387332630275 0.5517595276333624 0.5693269754133693 0.59266568615695 0.5616242609100002 0.5665564088752627 0.5642210049268008 0.5928702280112771 0.5866059436815367 0.5944773164672346 0.5836502558040798 0.6230998630069638 0.6084834703596274 0.5798982479199246 0.5894760981382722 0.5774211622554879 0.5597421274298038 0.5401034087063464 0.5228093290502758 0.5396943328144213 0.5730017721449971 0.6261849343781463 0.6206384598001752 0.6670023168598598 0.6690248173740996 0.7252269384397226 0.7545550413584159 0.7574944585694414 0.7591179542094498 0.7788451208453377 0.7934043411757682 0.8246035386825363 0.8343244869555106 0.8419292217241974 0.8534056435881185 0.8602202314114996 0.855638331642328 0.8459238984800836 0.8402187044176048 0.8938397000201477
0.42653065293965586 0.4813680081972304 0.4913438531317101 0.523975108500821 0.5533118157968074 0.6231804725475236 0.6149571918263628 0.6158560477118598 0.5946984832158765 0.5726335509696857 0.612701123884898 0.5880488618575672 0.5851620989792261 0.6273267242364169 0.6103950191469247 0.6393234473852382 0.5982385395417746 0.6042700906787524 0.5864402170279392 0.5653853751740089 0.5455884726821582 0.5215327789989889 0.5705622079492189 0.6067108531624065 0.6284288198231085 0.6064702130460242 0.6360478118113274 0.7196303584299644 0.742698877194555 0.7622839393917733 0.7972925139260207 0.8071743478069207 0.8144284236265139 0.8186640443805833 0.8155187869922539 0.8406496332615339 0.8506584582246344 0.8931177030134014 0.8773661274780146 0.8968107962667524 0.8637168461152687 0.8521241958658639 0.8915383086201681
0.4423367566777121 0.507013137456353 0.5411315055840185 0.550913242917943 0.555604695135967 0.6053635254371688 0.6171054716558027 0.6149787370926613 0.593838585385669 0.586820780401491 0.5946095343935507 0.570088453316963 0.619449553840458 0.6268553705427088 0.627222565901842 0.6493513959419546 0.5976627763205344 0.5783580284358881 0.5915723583578036 0.5870168849689326 0.5595612729772935 0.5572170987513917 0.61449558353512 0.6373408313002629 0.6117476787516686 0.6598147129747531 0.6525407505955609 0.6773417639034897 0.7220947241164964 0.7138010097417324 0.7748937188274304 0.7960622822879906 0.7997865050815904 0.8479357192837303 0.8637787316107526 0.8871155652128991 0.8591117803920781 0.8496955988467625 0.8860960154925939 0.8778738299321227 0.8595525103457469 0.860566773088355 0.8913472764393334
0.45406345119526337 0.5095177001226602 0.5463700246636045 0.5460321724180872 0.5793686438478663 0.5822992391609063 0.5839855160114948 0.6005978683954487 0.6042324325510979 0.617761921007138 0.6150075585250292 0.5592293521320406 0.6162024651196154 0.6416159716895143 0.6494047049986467 0.6468157534840221 0.5987149195641204 0.5949237495355872 0.6299487053852896 0.6444201509637554 0.6205057764325401 0.6103776992959691 0.6410991699264477 0.6578990832170508 0.6751478444183597 0.6699831709784221 0.6912490309419009 0.6670090162425465 0.7172096637499427 0.6932018386784498 0.7365448608799329 0.7602805175789252 0.8096687036353489 0.8252336976205334 0.8609970746223711 0.8841830755012124 0.8637981570282488 0.8466172103484122 0.8579447344008612 0.8398785110412095 0.8373098337424303 0.8775074167505373 0.8781966867264094
0.4438818824378342 0.49140537648102744 0.4857023053182466 0.5395960234571384 0.5598213563717034 0.5258132498367323 0.5618976838086319 0.5767246270156035 0.6101729086573756 0.5945365148932613 0.6165745094267097 0.6088879600584541 0.591212676572398 0.594896090078214 0.6200551639137436 0.6168742077713223 0.6375487837349445 0.6124054668251387 0.6058798711865605 0.657420883436131 0.649048957242527 0.6150301798342587 0.6300655210274412 0.6600104971492367 0.6783204520889919 0.7097399601391813 0.6924530343124883 0.6924683432153638 0.7129954641590539 0.7266244393765403 0.7607663091117739 0.738815078327932 0.7831962366453262 0.8130800397499411 0.873616124266216 0.8704434831643093 0.8400486362519501 0.8720007242130209 0.8827604912061577 0.8819367395517028 0.8706981075602912 0.8787411891726091 0.8793537847805287
0.4481703390157766 0.4367874304218955 0.4924668643107993 0.5208739548097288 0.5098113049702085 0.48820399951845234 0.5040456181923102 0.560516330442426 0.6141367710566236 0.6266373287357261 0.5929039173881485 0.5792488216674481 0.5998055112268585 0.5748473656369044 0.6051144011645321 0.5906511645306526 0.6180278845411692 0.6442474910683814 0.628975525992729 0.6299833695101688 0.6316431256273661 0.6304138512948234 0.6248751946002704 0.6732187789471131 0.6865558577281542 0.7011409194872041 0.7184450739204971 0.7408259490551881 0.7697659006620589 0.7573885565143823 0.7563168552546677 0.750975260764594 0.782283346369357 0.8550916884451496 0.8428124319617188 0.8534586450570512 0.8776253920441202 0.8634077594144429 0.8803141099259665 0.8804369259960062 0.8666039350698828 0.8772174458669658 0.8893574247893906
