Raster_benchmarking/Raster/continuous/raster-282.asc
NCOLS 100
NROWS 100
XLLCORNER 1743163.227056999
YLLCORNER 5469294.001561833
CELLSIZE 10
NODATA_VALUE -9999
[rows 19 to 37 of 100, columns 43 to 85 of 100]
0.5491904208387517 0.6077318195503933 0.6735180628110311 0.6917672821050825 0.6880838483853188 0.6842511047781518 0.6689236764309723 0.6597735878415657 0.6791261791700349 0.7264455908793432 0.7324791576815528 0.7614591598189324 0.7640100682363414 0.7475129760942429 0.771396338944649 0.8221338974489723 0.8856191847287227 0.8309322014498537 0.8500032470438138 0.8394697324985659 0.816737631026186 0.8176212304247763 0.7922786980011166 0.7666092691671792 0.7656535644506162 0.7862403174255884 0.809373337831589 0.8178387727235693 0.7892459091508293 0.7968601871985054 0.7851150255098666 0.8016008360279312 0.8317600747112958 0.8031248585697112 0.8427306530767357 0.8039716067002158 0.8491363555203234 0.8275865053512783 0.8106594630223696 0.8378128154089112 0.8780726375483989 0.8799395434595948 0.8828193492565044
0.5602787376422614 0.6148804545041713 0.644791934420551 0.6470038529669796 0.6891231807129169 0.6895604437671479 0.6788270724508831 0.6907871841806786 0.6563755493584343 0.6882525395179584 0.7227545397020019 0.7594341817582921 0.7813663311239581 0.7932885493199006 0.8268550936799267 0.8636841253182822 0.869676715250627 0.8693995569049 0.8479839198522663 0.8687183343395797 0.8598550277669554 0.8033762281748552 0.809832022204892 0.7749492230819558 0.7536466638624005 0.7702098200449224 0.7957187520130801 0.8147275883011754 0.8084976295479057 0.8145746912857574 0.7907879858841254 0.7900396650343049 0.7769294891795967 0.81783890993725 0.8169444551252154 0.7781658050238505 0.8066588626186803 0.822965620133135 0.844781967081367 0.8437353535640703 0.8567580175107218 0.8396751357975878 0.8465889165041548
0.5828900015729072 0.5960336916653359 0.6677427560725887 0.6892618874027641 0.6613960608687958 0.6644956359273917 0.6498551970921921 0.6574294135274371 0.6597460625219401 0.6656557761922378 0.7106384237078888 0.7487094278299288 0.7606724014369763 0.7975026341803656 0.848973116790654 0.8428838037735431 0.8453794187906561 0.8356459409818768 0.8452270963981801 0.8346765778863099 0.8707917354516923 0.8236165203933146 0.8218617831968681 0.7781603981369417 0.7825929067540278 0.7736670056799321 0.7927664362834447 0.8233162773637919 0.813646080446576 0.7889997204485717 0.7724524319337861 0.7608696527083916 0.735445780217692 0.7827737512392613 0.7577376162919268 0.7773467906478507 0.7540789271776726 0.7763695713492407 0.8183651437502971 0.8093729029370406 0.8602199075884707 0.8319885573152573 0.8228927962465648
0.5577099574502925 0.6148247084109789 0.6495561542638685 0.688748394609072 0.6612985997399506 0.6603006685601239 0.6541356045824058 0.6520511825041178 0.6317902965092256 0.687237836079176 0.7356863390380388 0.7501467278271001 0.7924946033366804 0.8474172017328999 0.8727944018771986 0.8716748748449423 0.8869409974659491 0.8668598200015936 0.8696460557563781 0.8502667337395471 0.8523523815571435 0.8387960722893026 0.8001750378095989 0.7869832200404642 0.7793484759970859 0.8109379730055207 0.8106970823398961 0.781929534081212 0.8161427576638052 0.7814316865727354 0.7557179524318919 0.7620948130310227 0.7486346113211033 0.7670901225963749 0.7591932249234012 0.7599602101884583 0.7512708193027836 0.8032195800570859 0.8092850532192891 0.8129989246037715 0.8107142933609258 0.8433099955659679 0.8266863522724904
0.5666194649422133 0.6071017051988353 0.6643488062259393 0.6703782907782748 0.6967362797386022 0.6870527454685774 0.6245944849058721 0.6419681693948752 0.5943953332950938 0.6810802870987416 0.7044113814635715 0.7443552822446796 0.8336561207560456 0.8597522693968414 0.8618972146839651 0.8422669969776961 0.864451946232804 0.8851153233497011 0.8662975604006613 0.8637042294996823 0.8374115124256545 0.8459692392338023 0.7952854620623147 0.791999889836613 0.7544902712902677 0.7962361184867838 0.8233619415498337 0.8085878131728208 0.792865298112029 0.8129607536284057 0.8036611766600014 0.7895213730959354 0.7364523858138405 0.7721246904100222 0.7510192324594825 0.7259701700944469 0.7327000487237849 0.8111515804681895 0.8278326004314225 0.8148717901767539 0.8028510930247763 0.8058558156788885 0.8064536263396712
0.5519047332334164 0.6093997075603975 0.6279917705779365 0.6655076099721003 0.6849934352777991 0.6680462118058241 0.6368490995822778 0.6654304105832597 0.6366692999076441 0.6725232741408002 0.6921329846453633 0.7396117403230271 0.8145197097684734 0.808362412740543 0.8203582692295408 0.8331668291666271 0.8711974322735742 0.8776651882104503 0.8661166186115188 0.8319237406360185 0.8216505566486155 0.855697470233558 0.8388695644718887 0.8108539687420344 0.8013305700133878 0.7918120011062711 0.7876090797268609 0.8212702581439875 0.8197569855924997 0.8050644127973829 0.8073787773567443 0.7612862597234098 0.7496676823852076 0.7318811003139651 0.7521207277921288 0.7472164435613734 0.7627981488879103 0.7815475103597017 0.8055262842100708 0.827863616132158 0.8167363887749688 0.8202605923056708 0.8475020698003366
0.568092339730424 0.5707193290110733 0.5785799397216824 0.6570592736577828 0.6834195798335307 0.6741135865769678 0.6910255599757128 0.6995935817852463 0.7036172181940146 0.6786344970415954 0.7106830826184446 0.7498670490190162 0.78840606252606 0.7929532760729635 0.818714388303213 0.8427333651217007 0.8534500996213558 0.8625068028543875 0.8783479588422942 0.8739952576536716 0.8447181634750168 0.8696006982386514 0.8426917522577546 0.8688034861393432 0.850050182012714 0.8459547183597823 0.8122104787256184 0.7859215816351848 0.8047094129684038 0.7866486061599851 0.8058140562063048 0.8069130367303116 0.785157639316337 0.7765980322155316 0.7512722570489517 0.7796450416195458 0.7865785608365611 0.8040358012900997 0.8076320076132838 0.8125310258688845 0.8554935780333006 0.8543217822323341 0.8895615267951363
0.5867544552361958 0.5559954832758178 0.5645658141976005 0.6394683756796392 0.6428955170773152 0.6852196486739833 0.6531735444257417 0.6807350961166284 0.7318003380059411 0.7198501181996754 0.7397602175753696 0.7692760199321247 0.7855254944579476 0.8279988182199269 0.812654528626043 0.816947537145113 0.8152975421677078 0.8783379802783376 0.8526012405320941 0.8607705854941616 0.869371083391556 0.8573492236489374 0.8601402428678364 0.8982547344942277 0.8670941175969502 0.8292153185674325 0.8226594119878895 0.8075678948178292 0.8215572784247581 0.8253593295317472 0.8378791245089932 0.8107051942220188 0.7704987718134149 0.7734887416122044 0.7556918223480013 0.7828126396465658 0.7788081999899026 0.8082153188927349 0.8219583794114651 0.8174702294848272 0.8414719416861307 0.8803415555427611 0.8648914946246414
0.5466969941138379 0.5765131275747446 0.5802267548270309 0.5980516660704079 0.648805447703415 0.6649052960779612 0.6550117693994659 0.7079539983840221 0.7343854185997527 0.7439435565561279 0.7363886499711113 0.7958127877941032 0.8243195182094631 0.811292516132855 0.8293442705892121 0.817926791061571 0.7958639025820304 0.8423340097645375 0.8803913023883252 0.8847569097458469 0.9091869619962968 0.8845727829872563 0.9269974385441678 0.9041972066493289 0.9023489406117091 0.8740625535775259 0.8304096115313887 0.803698892859345 0.766500026726364 0.7918295418141934 0.8297262297908446 0.7864155024529863 0.7546086914063512 0.7520262286223478 0.7812279532524404 0.8026528551302643 0.7836947429056509 0.8024692496419867 0.8394050651402027 0.8586453394887764 0.8459799067725084 0.8679520332741039 0.8409248962647101
0.5119508148550163 0.5352685842150136 0.5930422536006721 0.5966685616329078 0.6457045096521045 0.6385891081243398 0.6696285144067612 0.7213726640192413 0.7666957110558364 0.7511381073226256 0.7575974988963694 0.7818994779698336 0.8075705364681524 0.7950627492530923 0.8147931870600993 0.7812187995681688 0.8035415841917148 0.8222800946822008 0.8492134528768336 0.8803923839057445 0.8873296979529814 0.9244018078313695 0.9325985242907717 0.9195245044203796 0.9026232341660968 0.9149247310844939 0.8630686010411868 0.8531375508290011 0.8304145719339309 0.8443415447356492 0.8504946557432318 0.8276644477516495 0.8214677205412572 0.7992340162392862 0.774186292508705 0.7736632168009953 0.7673038965134552 0.8334793031824977 0.8196660883930335 0.8431350191218575 0.8624432702601387 0.8406724273159827 0.831642076309587
0.5336425709240574 0.5726926994378997 0.5817180188643304 0.5950632021962903 0.6356656037029502 0.6573777404842528 0.662006508254432 0.7221449479031333 0.7604532265432808 0.7986731929012023 0.8232851653865418 0.8238128623086896 0.8053065768782356 0.7791439718292774 0.7987153976017889 0.7920675569225651 0.778287922092065 0.7947252066524293 0.8316848070009194 0.8306334305758404 0.8609827156158613 0.9158622875236586 0.9198465720710133 0.9494163980892028 0.9350988239629001 0.9195202118949374 0.912150622660932 0.9003067166225357 0.8701695557541819 0.8396739050016061 0.8206829298382124 0.8096483769647859 0.8164096422944354 0.7973122237927183 0.7611397471344147 0.7803183096572731 0.7801959161782 0.8240007876506635 0.8535393118364756 0.8280022604300648 0.8558436591571473 0.8379138468709362 0.8397699943183459
0.495931087339897 0.5519041332565179 0.5651220990668867 0.6089189491581787 0.6102316658260367 0.6484761661243655 0.6779690851335719 0.7231652265087553 0.7529949303029781 0.7613211240247185 0.8080316534725192 0.8216919028814843 0.8210911339691794 0.8228478046375416 0.8325713024215496 0.8064569488033765 0.8276262847087529 0.830152009267454 0.8161397734279546 0.8547065888416507 0.8645279300162872 0.8906890566614998 0.9013256297798707 0.9284746931257779 0.9272815936697214 0.9485795231697568 0.9084109790831573 0.906828245477331 0.8786481117833371 0.8640531658210078 0.8432328558188338 0.8372543506306878 0.852116589985519 0.8147906660016291 0.7842252450302166 0.7827122823920845 0.8070489995884811 0.8234161540426076 0.8311576238084117 0.8578992222239111 0.8430405352497768 0.8786412836587796 0.8619001597761562
0.49159868555620445 0.5397442731476318 0.6097578976909277 0.6370000674645959 0.6450180468765977 0.6447558449187583 0.6450011933481088 0.6714693359214753 0.7269394236161645 0.7643929469491993 0.7594604531001589 0.7974818105230801 0.865991490270968 0.8250506951509299 0.8594282812479919 0.8171843401608381 0.8392402054706329 0.827039868071665 0.8209424039993487 0.8139116511723595 0.8419645341917394 0.8701769751733816 0.8768752366758897 0.9163935316385857 0.9059404660053989 0.9507458307441009 0.9394435840066477 0.924925114679055 0.9066898014238245 0.8846807433885903 0.8316219002309333 0.8391611823327082 0.8520941438379008 0.8188429603772737 0.8424551298317234 0.8070379288969957 0.7731976039707212 0.8188398420290744 0.7993403886458003 0.8090542199978034 0.8482612300194717 0.879865470033778 0.8978704391425701
0.4825345384091738 0.5329315277730358 0.5690667763796003 0.6101455027265653 0.6201630016444027 0.6352225095029121 0.6442154499444415 0.6952885440946008 0.6913485351461731 0.7228083367760454 0.7622372073801028 0.7836978065111921 0.8537316450001697 0.8392559562402715 0.8284954180044721 0.8474428454674842 0.8060106305349989 0.8135372154014201 0.8009964015219554 0.8080368831244996 0.8271777646746552 0.8600360088434896 0.861090433794437 0.8703804225293009 0.8996818457949589 0.9112667228881712 0.9051615416711494 0.9092949652562088 0.8833119688237486 0.8706772496309457 0.8408438466091256 0.8175379534981424 0.8437206784102966 0.8522754932981573 0.8616793142852838 0.8251715107727761 0.8091433784546993 0.8279056112547721 0.825618305422583 0.8151863621610629 0.8157092864661292 0.8599807956969542 0.8882668190610187
0.5189438280979897 0.548170471272817 0.5646995727923603 0.6121124158650736 0.6106979974151768 0.6788260102268326 0.6858912385489836 0.6891911878563588 0.6943469074450039 0.7433525465342278 0.7486485632524268 0.8102273810481224 0.8482158034045076 0.8410332127223119 0.8523273145830651 0.8167802566050382 0.757620329457304 0.7702652964975653 0.7583001434703368 0.7788793909311073 0.8172509088737132 0.8565197128697262 0.8351200906418959 0.8724280891887832 0.8836446226868161 0.9112457740267718 0.8916305347104156 0.880237976187901 0.8538451399330358 0.8385461088090234 0.8312279909564554 0.7890574898282919 0.7864310177861593 0.8018951696242691 0.8232268609031054 0.8094602407274105 0.8302483895233124 0.822873456281276 0.8541885996219505 0.851089948554268 0.8401841473810924 0.8640176236378402 0.8948988160979024
0.560792070685894 0.5377207880733171 0.5960506398329523 0.5950835365154165 0.6643121909990974 0.6899762046750108 0.6838056656078331 0.6997076165559541 0.7128005810594892 0.7491379532242965 0.7801231606262125 0.7934594465053114 0.8194800055113243 0.8013238651642542 0.7688019546126175 0.7638543878545361 0.75962138776379 0.7534847877281906 0.7601700981388378 0.7841906418561232 0.7793278351627155 0.8418922427284914 0.8410810676359196 0.8739314323989125 0.8752614485215532 0.9184711690424131 0.8873127505252063 0.9041805272715351 0.8532338432954044 0.8348336093746492 0.8476577111743883 0.8039685391286657 0.7625115590275174 0.7752794445781844 0.8021524432103074 0.8463142674428193 0.8625348806816038 0.8657920159743983 0.8685280388382006 0.8705601790346551 0.8506170919893112 0.8694374457097451 0.9184650513808363
0.571785059642284 0.5993371336098096 0.5855991023475544 0.6360150244439424 0.713555015489666 0.7046548487744209 0.6740033486103519 0.6801334797580638 0.7002721852834163 0.7542878045975621 0.7512776544392725 0.7505560112537548 0.7887613527783586 0.7630630303806918 0.7304209463284036 0.7420936342721269 0.749754396434173 0.7583846401337899 0.779520434271449 0.7712863197847555 0.7590955508869437 0.8377668733681543 0.8794420650345441 0.8756445963405672 0.9172315274345518 0.8954943613579467 0.9097084823726106 0.9021785475792781 0.8842271078355719 0.8720927359621831 0.8256084549398944 0.8039577183118781 0.777586546217138 0.7858697390796248 0.8106469282978693 0.8146394899454182 0.8274594249106407 0.8265178876893273 0.8648547173891817 0.8646145645247003 0.882766850335225 0.9004650709763271 0.9425223960811256
0.5862585128553586 0.6156562280803229 0.6053109581403385 0.6441033564768447 0.7192767803375876 0.7243128193599866 0.7106994536780701 0.7391116190028394 0.7362781152320456 0.7253004619582542 0.717669104156795 0.7277835551599644 0.7206643471920655 0.7125996766348378 0.7169375206282879 0.7135400166195043 0.7264123309509 0.7361959375672896 0.7542039386963487 0.7648066582212515 0.770753203462405 0.8106960337182855 0.8841352292723236 0.9054400013994259 0.9029966522754073 0.869789586691253 0.8573123171648863 0.8805078911895914 0.854519677832498 0.8564860455916903 0.8322835798563104 0.8135023854976439 0.7570232787294126 0.7458846153455908 0.7724631896312499 0.7676640237839725 0.7770455589760981 0.8383836226302286 0.8327732834968521 0.8885970584115134 0.9007035410064343 0.9026968672054535 0.9338189276938441
0.6546865010053186 0.6196911974693018 0.6244939555235232 0.6366891859453793 0.6907456185276484 0.7108324343632755 0.7338322841268485 0.7459256179750113 0.7552274788011312 0.7218967782830603 0.7004212139009035 0.7078782459181899 0.6735456875981056 0.6886001918760116 0.6979036379255236 0.6840672953635819 0.7255306797212777 0.7053886938884676 0.6975700555314944 0.7157855893095222 0.7836177584114062 0.7872400199945241 0.8429712905542038 0.857672260971958 0.8892194859722612 0.8615560783925712 0.8648041273299902 0.8236674173661689 0.8151260979723496 0.8303997435020899 0.8280366268949546 0.7923846373872704 0.7497675175764619 0.7522456487485644 0.739914614869636 0.7631851121326491 0.7611868043163895 0.8300129746603179 0.8260045835769116 0.8827715255505687 0.8950955670015975 0.9200753041100027 0.9430464158963828
