Raster_benchmarking/Raster/continuous/raster-179.asc
NCOLS 100
NROWS 100
XLLCORNER 1743166.4143638047
YLLCORNER 5469295.4443423
CELLSIZE 10
NODATA_VALUE -9999
[rows 19 to 37 of 100, columns 43 to 85 of 100]
0.31273398567843474 0.29881654155089665 0.2618197016682446 0.23017946395325953 0.2256306891706829 0.2513542581513548 0.2534251175153213 0.23058410118466122 0.19637914228135828 0.18905053884655254 0.17278038847274746 0.1554043266087342 0.13207139774582619 0.1541207543668589 0.16598423161267878 0.13900188628006382 0.12594171778982527 0.16433350977580313 0.19332055132592743 0.20972753456315857 0.192717469941502 0.19485061276383964 0.17280935872103312 0.15590676010620189 0.12961745204662875 0.1332426043257913 0.15867399548633818 0.146476633341373 0.15189173953877624 0.19162168851693523 0.2071669679977863 0.18225664114746837 0.2012373185829703 0.23229292388324263 0.28328255029451505 0.2877099444501045 0.2644136215200361 0.27689748801423486 0.28441476497529894 0.35452591363891944 0.3846823821295062 0.33941394042689904 0.3631095455027105
0.3596060318568923 0.3479967366318464 0.3377359262942171 0.29305244853145407 0.2776315661851299 0.2623453286309477 0.23452169228632755 0.2521905026972046 0.19879869860925445 0.21159535489408013 0.20765784958342365 0.2107600195325484 0.18546678751981577 0.18968729635215728 0.1806064177549777 0.1588433244909866 0.18094895475874861 0.18056629118164957 0.134477908918278 0.16897747556083076 0.20121987861608728 0.16493763384172802 0.13040119856064228 0.1217986858062604 0.17677112054147706 0.1724034976271686 0.15466725875269302 0.1848625981452724 0.17653534332997212 0.17697152576025701 0.1680491626540068 0.17125297769798142 0.22428769993155023 0.22090403741650788 0.271014626753253 0.29691387268995584 0.3014461029033947 0.3128234382205796 0.27166093032106337 0.3442462824552542 0.38811413092008973 0.3690202180293958 0.39584687900280235
0.42170986550786127 0.3786066158062167 0.34284135421206635 0.30784945695397015 0.33446083596823584 0.3186959003480241 0.27881572160036167 0.22195024380252393 0.21351632662512188 0.21385240094804803 0.25308939718683954 0.2342010447002084 0.18353194800474765 0.21637759309724128 0.2284510138404059 0.18021581337595308 0.15238825032262063 0.13698768993676141 0.15093931471511954 0.14221255598271496 0.1581341929468795 0.14647877698311493 0.11834928700849814 0.12334026561429141 0.1210542721939603 0.13978457994378052 0.15993717208618247 0.1540747483067669 0.17738813493530228 0.16525484555001738 0.18064044178958127 0.16963126432651207 0.15632088381529458 0.20694859827753218 0.24743720317876627 0.254355297901882 0.27412943082393987 0.281213670444532 0.2766995867775281 0.3424867936941513 0.35551168144828527 0.3783945742775273 0.37032336361484075
0.4610152205868353 0.37548476295393013 0.3431309357290746 0.32074066921175964 0.38657475885861253 0.35513589492114356 0.29170084439109323 0.23378969852207454 0.27167120145070767 0.24877327439747865 0.2607757616678429 0.23260519934987733 0.21697650244348762 0.2369495643512792 0.22007528951410982 0.16225945838551314 0.18265156593383475 0.18793154297341202 0.15828437822625183 0.17126083571886977 0.19253123520302218 0.1414479875325041 0.18033551757434516 0.11319542534209079 0.11747676846432811 0.11430621766623583 0.16774351822235836 0.1365972556177555 0.10467809184334739 0.13280621347177268 0.12814060104618163 0.16016261822103933 0.12410336722125463 0.15567254526436305 0.15249344114796745 0.1986097767052305 0.23840004044666732 0.24482356538065822 0.3108880594508592 0.2974807487489049 0.34295027729469385 0.3631052859475643 0.36085254359166463
0.478409433743726 0.42233719204740716 0.35950798471104345 0.3597904013744332 0.33557545791876353 0.3321294321521921 0.2700223678672474 0.25634105336005203 0.24591996369693783 0.2553470350927303 0.2552910825350428 0.2184979039039017 0.2099968940669226 0.22477993490012824 0.19858759255564531 0.17354109093020123 0.20859110166377604 0.1859904706822927 0.18314656261905185 0.15880800665701872 0.16991549773424058 0.14615713919061893 0.1299413654661996 0.1532664482946673 0.1634550551707627 0.12544412457965115 0.12741799652202643 0.14615908093673233 0.15899624281069777 0.15125022111370176 0.14691832698356005 0.14412284506505083 0.13934092274653906 0.12068950546056738 0.12878194766910728 0.17760974602133242 0.20199640889094217 0.27130970619478484 0.27225906351275053 0.2817970229529041 0.33489363845507236 0.37118569198671497 0.3868322863565321
0.5017795541695252 0.4449487618756339 0.3760192352484194 0.3804652412396693 0.36487032397803726 0.34312080585305177 0.30042590954972975 0.26891984281180414 0.23971553687064906 0.22694459289237662 0.18913878036034246 0.20370016615145214 0.17745828839440603 0.1725713942067348 0.17468586866363844 0.2094720333763001 0.22524026587263146 0.2373288195968199 0.22865578528584488 0.20080190160695088 0.14076797200456725 0.14592310274988834 0.16220161083054277 0.1898072660495371 0.19266651074447336 0.14904989995836448 0.1408206798697133 0.14422453614679487 0.16811505708700944 0.16552658212039884 0.11000562101399974 0.12714049736683264 0.13804543897197608 0.13602673252945016 0.12911218162803376 0.16438835951882128 0.1682426643747698 0.2475538176942725 0.25883329751668366 0.26089611663419987 0.28092811290453423 0.34660281620908195 0.38204728917873293
0.4741600328138145 0.43945872375108774 0.382649200031725 0.37162653232698917 0.32254149929854664 0.32026946306357146 0.30259974323561606 0.23972725746531956 0.21695529114205275 0.2324881552395994 0.18778275588477597 0.1851555675962744 0.1672700703788135 0.170760604118015 0.18131317232136687 0.19987591185528542 0.23421895367871048 0.2185653928067201 0.21785910284189425 0.17282382489404163 0.11438254592733041 0.1272188008638722 0.14778510955615778 0.1462261036977584 0.19845862457971533 0.19003123150245402 0.1407836791549722 0.16202309989512204 0.16790849867436228 0.1404323554407567 0.13278146163653906 0.12467523414202372 0.12156453592692508 0.14893316116913496 0.1755079166876599 0.15048803929428825 0.1833724505796285 0.24923376854200707 0.2726411419064622 0.25418479046670417 0.27503791604037947 0.33353613781589414 0.352509641605277
0.4966739795732617 0.4264192452361098 0.3625386935524495 0.3579346805449979 0.33364552812520554 0.32151485703634786 0.28177127859141865 0.27494052404947666 0.24397236954927295 0.23323207211828212 0.15423397950567141 0.12876147045613665 0.14282665013484588 0.18517338538617226 0.18636558892387786 0.18058216307581781 0.21844565227520438 0.18079572385945986 0.16733088576963415 0.1340596477417758 0.12975536050772868 0.1263116945462673 0.16916254155459565 0.1319189319342054 0.17179366029878024 0.16515616929961421 0.1726148614956822 0.15477757687869687 0.11726282641068711 0.16003966631798938 0.1542449223268172 0.13860520934414383 0.13794723557429692 0.1473642501944229 0.1849005018617276 0.1645627293236906 0.2003047097942046 0.22369465795687263 0.2652832723758424 0.25829375248159664 0.3005470067882384 0.31008001712105576 0.30286404900522573
0.43973909854199733 0.4086982604800674 0.3770716841755244 0.38866733347575777 0.34155479362760266 0.3117139411519022 0.3156866650327041 0.27799680709303104 0.2792569666938198 0.20332375771784372 0.15234236092767686 0.1534813289099105 0.126021569005718 0.1236384541285447 0.1440984404091356 0.1653540709814208 0.17138760623560834 0.17986123199017423 0.15489178019597255 0.1209951743205817 0.10509478819053597 0.11866333306989636 0.1585726376377728 0.14700030785352913 0.15209459142878393 0.1693676451579822 0.13381586134117987 0.14319623993649935 0.10623494005192868 0.13528105987431305 0.19221199428334362 0.16616380318946397 0.17111305732788049 0.1540284503512938 0.18859196464553094 0.2087829813034912 0.19133837854195182 0.20362453289529361 0.2324632464730908 0.24941131924665794 0.30578829168252086 0.32374341110127525 0.34401400731876514
0.44121298130847014 0.4343714230983135 0.39337993681906014 0.41101910279863185 0.3809772229644061 0.36223848056545405 0.3274716604534616 0.30773514400315716 0.28820370018406455 0.2526392578254854 0.1860412759827888 0.1393678061858348 0.1228523619930698 0.1597191811787187 0.1260631155829673 0.1533556729667729 0.13205938305356385 0.15451322132992767 0.171296307049227 0.11989366108051137 0.1292856436819051 0.1625454225161028 0.16500507713057483 0.17129897728703128 0.17678759046275946 0.11733254737042463 0.07477328900676011 0.10577384692247656 0.12434804105850086 0.1495845085040612 0.20342438005175284 0.211066643665766 0.217241369430619 0.19820862025099853 0.1790313773546827 0.2046895580156121 0.16530067091369036 0.18884724412032666 0.2231034818779507 0.2946218339052298 0.29189829108788456 0.2844961620390358 0.3293894206622083
0.46361766207350646 0.4329322161475501 0.4191423287339055 0.40707392644260915 0.371774709761636 0.3391421120341135 0.355282802899182 0.3469544401045537 0.32276501211806263 0.2597142787108319 0.23925297227448736 0.16099460361140383 0.15981222656146657 0.1495511017389456 0.19375438632752603 0.1740833117583474 0.1793729315436926 0.15146889005111216 0.13635652686520408 0.12064027900647786 0.13765675987858447 0.12626852387797413 0.18110794508090977 0.14256009720666543 0.1423381596509843 0.10621421573140989 0.12429398719538097 0.12136366011182827 0.14060705545554866 0.17696642896054451 0.17332906042623547 0.23919096698741857 0.2327737826647752 0.24788539541484747 0.23508430114250953 0.21104511369514076 0.2411768447947768 0.23890783998442708 0.2670574091409238 0.2931815358966744 0.30378860935550206 0.2815829349964764 0.27239038757306305
0.49681230873440396 0.4505000316473773 0.4409688894330005 0.3913419058507579 0.32778293317071727 0.3574855700600871 0.3523467297230628 0.3757123286243596 0.3498944725756233 0.2875268507026086 0.258969358595644 0.21355129514709673 0.1879072480036158 0.15995291955459431 0.2026064848338953 0.20160109259452322 0.15249736517385046 0.13365348050871992 0.17630579407945873 0.14480298086820653 0.11411679273812952 0.16439144075645468 0.18974814380023017 0.16456525852482046 0.11680309265174073 0.08343993595902745 0.0810447440831769 0.10688233087932966 0.09907329807160109 0.14618249240791376 0.1822235448741527 0.20364468106764116 0.263260130833815 0.26013064375738404 0.23438762953056513 0.22600941257909485 0.2634112772940553 0.28552810190559497 0.30001018831898446 0.2950454157799315 0.3176155210268266 0.30359592545346087 0.2604417675612781
0.4939784733157273 0.4711617139497639 0.44522587170580397 0.404972105523643 0.35523748360005225 0.33502343622477054 0.3418682574518181 0.33842179836958486 0.33172309797139143 0.2617590453473596 0.22036771773030317 0.19586993255191334 0.19457791982365968 0.15245629928010565 0.16936165214397886 0.1793625018256441 0.14386425594240093 0.1707817759586639 0.15465755242733262 0.16647073914014374 0.16211083446297092 0.18647913883506673 0.1662732822075187 0.13287035993124738 0.13878041834613652 0.08567996933570529 0.11130508099570392 0.10649936266318304 0.10070752252660943 0.15802933810005798 0.22728563544121683 0.23390005051977197 0.26247138971103146 0.2933350803255988 0.31941875601780717 0.2999293532100972 0.29054690078533957 0.28155888956410474 0.2876926153618419 0.29116446632233484 0.28306738027301387 0.31210684621443824 0.294969898120103
0.5144095647540845 0.45355086864650623 0.40934601748090577 0.42170304079968035 0.3663983710870047 0.3367461559840582 0.35946533732701513 0.335451855368666 0.26094417256357805 0.262034723440979 0.2192277975403325 0.19301838775111718 0.19278527220521835 0.15243480252588792 0.14571692089528065 0.15792799975370395 0.13908151970167262 0.14970536726947117 0.11080961172210838 0.1660547927192229 0.1700370815544463 0.1596893499333117 0.18469130322430755 0.152158597058243 0.1166083365054282 0.11566590299126658 0.11371695464284728 0.14844108671477996 0.15786348848146775 0.2093561328402243 0.23405754201712367 0.2941870764520751 0.32682049910860556 0.3260672717970707 0.3403562472673593 0.290141238214576 0.27985255791746083 0.2914609087489944 0.28506500035532595 0.31893559811171523 0.30302537061580626 0.2994062477206291 0.2949120855038687
0.49860748808205935 0.5233230117998124 0.49959049373520253 0.43823577133820496 0.4041355271892328 0.3751692123055512 0.3635776597064998 0.3632807871203629 0.31952094390237284 0.2486002592435923 0.21021428105781093 0.22880329062244936 0.20004943602448716 0.1571251626114396 0.14002301530987313 0.14878932188665417 0.12815385324044162 0.1614329422482516 0.13834408086907649 0.15894511262455022 0.16238631547665994 0.1875157899568972 0.1797113805497737 0.20558667754542004 0.16595591709246432 0.1723918627322622 0.1794684029745074 0.15449935907551715 0.16123016861790634 0.22614023807187544 0.2685832060370835 0.30308612935020374 0.3184324671752486 0.335283699982374 0.32496943317115284 0.30074100155679995 0.27699848518265696 0.3034999330157797 0.27647078145785914 0.3263317828373337 0.35570252120969936 0.3334209642714588 0.3006938568889249
0.5220389469447333 0.5023151517513518 0.5320492950919101 0.4891970588348911 0.4654560073389364 0.44771909692701845 0.4215786171859685 0.3939323630855051 0.3180507920686468 0.2704152884856625 0.25105546581851607 0.23983474548094721 0.2129502716755066 0.19908521476440666 0.1544396398119378 0.18454541261711704 0.1690733580441127 0.19534915143701714 0.1848695803255573 0.1626206114612694 0.18708868530095638 0.2361404534284495 0.2385326873118081 0.21477599313615836 0.2379622942508931 0.23720584549148926 0.1783211162349882 0.18909894418761203 0.2014523562115845 0.2528912398128848 0.2844591810193514 0.28520539812699786 0.32483572418902756 0.3066176874205588 0.27343622607562407 0.32713863283740546 0.32982529786599607 0.2958750885697334 0.2905104929991479 0.31722200949589874 0.35408357950130626 0.36041786279591187 0.30832996018252395
0.5401262485139846 0.5340763543931342 0.557943378233719 0.5006137947418384 0.48838181651108403 0.4616317954484596 0.4629376894469179 0.4152456016060389 0.3740433738980848 0.2889077054454439 0.3118590856058403 0.28613428375174216 0.26692998023351827 0.21667139304731553 0.18454642957371037 0.15868367042674042 0.1639604203988849 0.16442152396514556 0.2111156383354432 0.19965867638931953 0.22429508577555338 0.23815487040109526 0.25242235631346777 0.2597849825209249 0.27403022244670966 0.24861529453986528 0.2656656158316978 0.24203879692869906 0.22486159541998887 0.21792652398021994 0.26467436955590823 0.2559577028546603 0.2947310788400366 0.25586116256933505 0.30955652594160243 0.3218472366754442 0.3306735628702327 0.32603751851447715 0.3693763277841121 0.368267309913022 0.34855591013594767 0.3396197904349087 0.3271607264420791
0.5740329634791675 0.5505806305674046 0.5566578907485668 0.5652803081234279 0.5203931512745701 0.45569190741271354 0.4586286587162374 0.4002184856353436 0.36666017377930654 0.3691064392025732 0.33824072010714 0.31659528449297786 0.24743109527898524 0.23524792818012985 0.21639458140025752 0.22047453308449125 0.20851587182339076 0.18529305749198954 0.20919103418069815 0.23911649387595765 0.26430049949121626 0.22598805156165855 0.24844067307065779 0.27039017465208004 0.266566583458419 0.25662003686790985 0.28559832814117964 0.25343368843972897 0.24894102201991758 0.25406069553008837 0.21611634554067835 0.26716002791933524 0.25832377519590516 0.25431288947213637 0.2776362211440134 0.29273984065353587 0.310594751106807 0.34989027550192275 0.4000784635967258 0.36366802213012367 0.4185218502637443 0.3642386604080495 0.38154956593815453
0.6151015672853763 0.5920166033214512 0.5392665904579548 0.5714794939505777 0.5738892519383654 0.49778315071953355 0.47912989378088694 0.42956569075947726 0.4059213745230718 0.39456916992257657 0.3260932317266516 0.3082496576116895 0.2600922997332566 0.2871328448405346 0.2734062943638098 0.27775349504154945 0.26569525077239825 0.23354168885681922 0.23698645474769944 0.2640688376388517 0.26893510163631057 0.22909579342739458 0.23466049786813062 0.24845480741446338 0.26462570672533464 0.2939969590280818 0.2967424026192239 0.2587399201438016 0.25991566595618626 0.2201799281991574 0.25775371390440416 0.21949090943828414 0.2087664986991154 0.2232224594285829 0.24447070546732544 0.27964570799037175 0.30694803106991475 0.37150304544243856 0.39004249926257956 0.378008008708724 0.4034483059412288 0.3992444972779985 0.41291150151610245
