Raster_benchmarking/Raster/continuous/raster-100.asc
NCOLS 100
NROWS 100
XLLCORNER 1743161.4702766016
YLLCORNER 5469290.528687156
CELLSIZE 10
NODATA_VALUE -9999
[rows 19 to 37 of 100, columns 43 to 85 of 100]
0.2929205735039072 0.33283113259998004 0.3242868214132593 0.31950525366194754 0.33712396417658214 0.3171578250037554 0.29399527999863345 0.28223446041281386 0.25979801761196797 0.24607158099818266 0.24667330344463936 0.23105454903972944 0.2545747554423763 0.25692216251551087 0.2795824882745702 0.2880681054760733 0.3017190348144835 0.27762487452077594 0.29647544298280165 0.27529238034334574 0.2757882545626571 0.2694341014305428 0.24848017552950832 0.24224184189213724 0.24768673381322637 0.2432561590713712 0.2734600341152531 0.26867505124581736 0.27391355719266947 0.2855319797385411 0.3004643579789424 0.3246466025362577 0.35852633327233646 0.38411802475778833 0.41375153372705903 0.44316863713809224 0.45108459187203515 0.4626673735072782 0.47219469695137084 0.5033613267673693 0.5133243874870542 0.4931634350236032 0.4950495302418538
0.2721716410479802 0.2977607688600581 0.32585108823334163 0.30774831780460615 0.3290512596806433 0.3535287022644991 0.2925081081787786 0.28021588183105506 0.27965307544588935 0.27543019730677937 0.26477536441422994 0.2218476277929015 0.24865542262552504 0.23285431643546 0.2523973785455434 0.26172918789448746 0.2730977064822642 0.3187121280337781 0.3111963842089653 0.27365370676444634 0.2770741708363977 0.276622489251705 0.26925484120279813 0.26885812695860395 0.27467654715083706 0.24610518586162441 0.2550112508313066 0.30069198334267133 0.2980432182156069 0.2873376881613086 0.288091021943146 0.305676675004397 0.3390320154186215 0.3589837353181685 0.4050701301513441 0.4508782912256918 0.45509287318942043 0.49668749253883104 0.4748722061397991 0.49684874221694075 0.48423030896827557 0.47052911249340956 0.4810609550994971
0.29494716551179384 0.3067259405860555 0.30698681667543676 0.3413287457751438 0.3426684453763838 0.3127451504675313 0.2979449461887004 0.2876031343766543 0.2987415754313741 0.2752613903487926 0.26672612279191493 0.24878941628793533 0.21923929783489457 0.2284459879052104 0.25710259709289984 0.2651729548186793 0.2841772425425748 0.2970272163426275 0.2822909349891984 0.2718147599109686 0.2927727797580955 0.3016055244603786 0.29150206158948794 0.28803870251758285 0.2910882142232981 0.28455153745809536 0.2834899688467884 0.2983657666991588 0.2990252930973885 0.29057737368557923 0.2997748815398256 0.3175171396898035 0.3646824982052743 0.36096144500207256 0.39139565810056337 0.40564181283628253 0.43022616657968665 0.44417837195815574 0.47682476903078197 0.4913066836706247 0.4708293697258323 0.4697085577360727 0.49357421417251296
0.29832220958734607 0.2995646503379995 0.33313267749809083 0.3318894249117867 0.32984054152242404 0.3082286462818189 0.32320456064154307 0.3189976931928433 0.29861781188179104 0.2860813861568791 0.2874310456302933 0.24972109735324083 0.2537487569673973 0.2442128459612682 0.27338310166205276 0.3012513657457483 0.27478789235790235 0.2839738032026942 0.2806178416203686 0.2801236739744355 0.29948156659906605 0.31711941850517805 0.2971487506163012 0.3066935310333029 0.3038998038543533 0.29767762209827164 0.2920127040695866 0.2667839704426307 0.2873919659986444 0.3284881978545856 0.3020700519217048 0.3234059995547143 0.3600619822762936 0.39422779249000633 0.3755616919671813 0.3933159239753094 0.4293329331395744 0.4369294505740793 0.453822269848636 0.44882158549863815 0.48108096437208747 0.4895369860565261 0.5016159972294904
0.27170442174771003 0.28917222637205564 0.3158120425667084 0.314444529927868 0.3354174351801417 0.315895200304211 0.334769866534016 0.30571233380178214 0.3165046296547736 0.3059660019671098 0.2805396285176535 0.2859608643467633 0.27546576386095245 0.2997257894114918 0.29734142543703557 0.30285223208734957 0.31401579193729806 0.32537894960373237 0.31040387138493436 0.32728460952259075 0.3150538545450171 0.3255138181007124 0.31064472162347134 0.3074754895140686 0.3097630794234774 0.30425540795869765 0.2874345719084289 0.2761936748413031 0.3121771437546522 0.3445038394910811 0.3220202126904333 0.3360225575101909 0.36493768539233745 0.37684921694602946 0.40044819282007776 0.4073785936791539 0.4318196442614407 0.459943065522623 0.4391560414729624 0.45678241515603885 0.47799441570939816 0.47335597454274936 0.49135730969864344
0.26798222192622795 0.3043309442471383 0.28438257365278824 0.29965305243066437 0.35198891016214545 0.36100821929802657 0.3409233602223696 0.3231159969296664 0.3049680358806982 0.321797286000906 0.2900384875812507 0.31525298047866174 0.3034975735436752 0.31150351814660276 0.3252606235237442 0.3315932742427135 0.3429672768870533 0.32775303557998653 0.3148451491795816 0.3529745937357621 0.329250700725611 0.3205651389067509 0.29829681271785163 0.29216975091184827 0.277244724193979 0.28839615209035513 0.318926269617505 0.301898468659289 0.31947006188641724 0.34066519891017566 0.3397671772283474 0.3617450365586037 0.40296008593605653 0.3992858972626794 0.42512087051338004 0.4278327027477713 0.43005455809930365 0.44868112799844534 0.4802172625428431 0.465429752864061 0.46748273471379265 0.48210848301753145 0.4779219191664814
0.2425872828530771 0.2678458222094676 0.2936405883653483 0.31784349841574905 0.3430467559989507 0.3519088073482024 0.3000274795775333 0.3102312801552144 0.3074161296262877 0.302020636308602 0.29459597983925445 0.3053304633212517 0.34223141969920784 0.3377759849363107 0.35292156844438466 0.3414308954346136 0.33161057466563404 0.3413253626313229 0.3399228684951919 0.3709413820838791 0.35101334122561073 0.3108319717162835 0.3141357503855149 0.3044387507356272 0.29042879751244227 0.3074327207239665 0.31500605021733136 0.3597148387467169 0.3636723927301824 0.34182319290331364 0.3745786740419794 0.40108821591482485 0.40371897561303716 0.4016921904755004 0.42053583649009574 0.42580228880517146 0.43250595010081816 0.4507347759617824 0.4855021924481229 0.4983416041408868 0.4920149697133771 0.4921983683439772 0.5023058186205033
0.2613199563966281 0.2616879305050883 0.27968690810899155 0.32435209262719233 0.29786679585234876 0.31824250789695024 0.30844907254461684 0.28255078122666377 0.2816663186834747 0.2814325566673022 0.27065846128378074 0.2960232001506967 0.34709490151009326 0.36271457860359463 0.3687438411224961 0.35350271250686466 0.3605183765821443 0.35280271413492725 0.3470452263368656 0.36678997404753294 0.35347759194230066 0.29076118515974525 0.297901968164442 0.3086106440910977 0.34031670459662694 0.33552064672940457 0.34960830858541336 0.37955312654576906 0.3751471729487303 0.37206464166626757 0.3914454537273581 0.4333074201417821 0.4305406984343152 0.434169229132919 0.4331722066414009 0.45744452227486065 0.45172002697864644 0.47927768073637744 0.4817025872199432 0.5048954111014714 0.5180749201067687 0.5405117227228047 0.5405320352792283
0.2389298439204667 0.2636451418342845 0.2656345186304465 0.2772305666479006 0.28065672954165893 0.2880626468845379 0.2648107993394453 0.2757600238474419 0.28295991134329007 0.2846326182686944 0.28096146643927716 0.3014254807795555 0.3288216597210237 0.3503112328091587 0.3815823173010543 0.36175680702848345 0.381634422935692 0.39600326426100074 0.39214592006516485 0.36730437448512543 0.3240295107471736 0.28925305281753516 0.300164666976076 0.310035812659364 0.35149751101694265 0.3573671525256821 0.38260128714281444 0.3992114089917336 0.37857694611648113 0.39058912953085634 0.4203920488627572 0.44294603552010736 0.45164806263954693 0.4602730831011803 0.47680237394604286 0.4859917263363588 0.4884451417369005 0.4973928261800176 0.4979100790727678 0.4918906787489447 0.5080156872127003 0.5054039677011938 0.5157105076679939
0.23763048514001212 0.23821084895942263 0.23444104202997965 0.26503375449383 0.26992787773349736 0.25212487524582455 0.250024214221115 0.24450236965727593 0.24239141064530134 0.2547479565246959 0.30507788137038794 0.3214695232303761 0.34539894532858606 0.376139834865569 0.3620346830095014 0.3851196881256418 0.40723739598718484 0.4054664413885759 0.4099500743007163 0.37161713877213776 0.34452981225446433 0.3044475299027433 0.3455088063455888 0.36309705326717345 0.3663598041320681 0.3818400045156572 0.37634978002567293 0.3718462566800555 0.4082529080554142 0.41538964443279236 0.44008111563480284 0.4228150938949384 0.45781147100289116 0.4987253314855464 0.47836492251727786 0.46537021985113164 0.48481866103644644 0.48742895626924565 0.5191062657651883 0.48718265466717087 0.5131937481706436 0.5141613738535531 0.5633287011985865
0.22275098278471056 0.23912570757863907 0.2368169452630485 0.24136141726061064 0.26017178281396003 0.24341992555459233 0.24992754605556441 0.2429158100220998 0.2681967626636653 0.2837688734384651 0.3144143392135969 0.33670610198277356 0.3553371186585446 0.372384968565003 0.3805863102721294 0.3931631936720101 0.3858090874219746 0.3929902374806636 0.3875766867362838 0.3713689728229017 0.3479517137476887 0.3333514410672437 0.35938201507307665 0.37712519728742294 0.382315259022101 0.40005340445882265 0.413974608534872 0.42262542730189206 0.4028554530296824 0.43536564449943554 0.4274535719786523 0.42116362137866403 0.46007370224413807 0.489102438868065 0.4950294717279928 0.5173341072077549 0.513755459893654 0.5345994353704343 0.523954846487552 0.5158719509548135 0.5406657156220224 0.5478270214501489 0.5909982202298886
0.252660816287065 0.2299088420405167 0.27046976790059357 0.28502634218953227 0.24608016691267728 0.22798985963417548 0.2579482278348813 0.24097826405897238 0.26407793318393186 0.2601380398750086 0.30576534217926804 0.3624685516702759 0.3884550842157736 0.3874561727075713 0.4046503178853975 0.4224355673417206 0.3925167040070243 0.3853747588872346 0.3775200961206991 0.37644302619629194 0.38787928705044133 0.35360576777111696 0.3556480724112657 0.3874640787820049 0.390556309878451 0.42724915911502076 0.4229161647726125 0.4249736424015429 0.4325999839786862 0.42257615465133236 0.4257904574637895 0.4534092665402889 0.4933143091081315 0.5321023590963064 0.5053121908030621 0.5452999952188191 0.5549523063045713 0.5353232659824547 0.5409430670923269 0.5763835889292974 0.5977058585817404 0.6018659205352138 0.6295456427712377
0.25194211013677414 0.2685181509293705 0.2674944509007184 0.28095327882148524 0.24104324019594453 0.24803559480324308 0.2622449487220435 0.28833733947063706 0.27408652593751875 0.3013782554403107 0.2968516478196229 0.33708217260033446 0.38938755521655044 0.3876903616574094 0.39327679627293777 0.39213791761916406 0.3941071829078056 0.38954988614149155 0.41111381787011997 0.40649927564621763 0.3934749080271237 0.36650912159448923 0.38128299148703887 0.40304544402246767 0.45051207235896085 0.4575738887853741 0.47273335933185656 0.4428699125497328 0.438377475022881 0.4452090663135089 0.4657764873925357 0.4685068387116433 0.5131990215791257 0.5146697473290422 0.5338803308199871 0.5446386500304935 0.5786409963703446 0.5786341089590238 0.5804114513061943 0.6289357632418195 0.6287112975673985 0.6394039184125745 0.6296332817363988
0.2548782884680339 0.2881280753690579 0.2914761148484575 0.2781716294826229 0.25801429417585403 0.2374210657410811 0.2585390539527123 0.3035650713407106 0.30590456706793834 0.2978748009206176 0.2945835087532043 0.3473140339163562 0.3834680332196544 0.40919661170295846 0.3892909885659132 0.38945459318645553 0.3922563103643593 0.42625640593618735 0.44038328401172205 0.4259106564059071 0.4128782490533159 0.41024243923465054 0.420253447238302 0.42916186206962725 0.43766664033075225 0.48173282427404707 0.48970936280404764 0.47943821438233525 0.4694248299115419 0.4507393205419768 0.48941641969778066 0.5047729975148487 0.534494933399604 0.5158134086754708 0.5462247145279053 0.5592317715038705 0.5793587409622492 0.6349695982547122 0.6131302586131071 0.6541076929143732 0.6401642048511615 0.6553150787227585 0.6484634080925405
0.2542623955524048 0.28248359807706946 0.2497834332943584 0.264744505931314 0.2524352305325186 0.24297101722271014 0.29237414028421416 0.3015848872896658 0.2870459913004578 0.30630358616510367 0.32014161579362355 0.35442095281879527 0.3986240219000701 0.3966596830813787 0.4068451794539985 0.3963453597926388 0.4368029817199706 0.4362999531444542 0.44951749447743916 0.42170364775462055 0.4463441216277568 0.4435533173570064 0.4509853447329375 0.452371613824783 0.4465815227573139 0.4666918830387817 0.46835853931921057 0.46896336481353146 0.469684440166371 0.4825133053117848 0.4724426095383535 0.499897822704832 0.530416225360638 0.536151429015575 0.5769109553051945 0.5821706793783551 0.6246360107755676 0.6351046214654755 0.6625126154316442 0.6726679069887156 0.6777626983643044 0.665431212864407 0.6755395645852821
0.2344503869219138 0.25475830758205553 0.2664801675424781 0.22702276726725665 0.23282566986682252 0.26335046298877957 0.30492941374719135 0.30278905187288546 0.2977627826680045 0.3165496576443909 0.3515450507495664 0.36548729992372087 0.3899515173024928 0.3974119240090337 0.4299164583000632 0.4254901575086529 0.4063196705529643 0.43273133910789346 0.44573319205832185 0.44660501002408853 0.46707078395409396 0.4427557691043821 0.44169555788235504 0.46075973689664007 0.4525969941928687 0.4591126105897889 0.4787552937354823 0.5086456611791659 0.5047448450015637 0.5042433549352076 0.5041053271837687 0.5122741418801455 0.5155277097418682 0.543298749780424 0.5857685017886741 0.6192077493140685 0.641002267199502 0.6524910031864489 0.6903149700680509 0.7054824495211548 0.6868282591022203 0.6674724977298795 0.6594854500112589
0.2504165039936447 0.2601899842308708 0.25894514495876075 0.244107125364158 0.2572840919423187 0.26911605656654036 0.31390524674644715 0.31979808533174875 0.334247657331704 0.3207708813544982 0.3325806436341655 0.3438460385128031 0.3727783130511518 0.372091426527549 0.4044634997049731 0.4253931620836713 0.4141284372602173 0.4453427393667818 0.44431518960782723 0.4619184620520579 0.4568443656175501 0.48306108534670394 0.4792658208620412 0.454971116812083 0.4607858753709782 0.4848441715769796 0.49761707419077783 0.49673161178385405 0.5092546321968454 0.5350725132266863 0.540912570061233 0.5520652033311549 0.5389490891969705 0.5841534252167764 0.586841542474866 0.6398930705345489 0.6629521751188276 0.6721166892459414 0.6744432864141082 0.6761163575379436 0.6986666055251034 0.6844103499172082 0.6762606202448449
0.2577978986282964 0.22381092360365176 0.24929376909383363 0.28179291163405207 0.2838154264840058 0.2999418414746596 0.30702058302826507 0.3317529296724561 0.32750975181849185 0.3160350500046174 0.3004138417276552 0.31723876327820033 0.3409275641466688 0.3419309980742111 0.38808505854333125 0.38210381478954564 0.4453716133971857 0.45305129200689587 0.4415540277964325 0.4540776204272268 0.47710715401172715 0.5279638848461313 0.48067909118408153 0.45256221245067785 0.47850321736332424 0.4691272187485178 0.5072829950769618 0.48214714654884927 0.4954930931163837 0.544500353796643 0.5459351440922876 0.5536529658993459 0.5820728968822741 0.5874784271334569 0.5856879031510958 0.6335712775200281 0.6721613897056824 0.745799711562801 0.708009899976835 0.6734318561958084 0.6785754457050618 0.6754262188462055 0.6645568606340997
0.23333656622415117 0.2409368351804593 0.2556563976836813 0.2516870047893635 0.2875390243833616 0.31984497625865543 0.335066267622656 0.3415569399249318 0.3569358562496236 0.3237307625915905 0.32026501830838566 0.3283143998139851 0.36787227176139725 0.3953867286687004 0.3877907472599246 0.42822584787282997 0.4470135324234887 0.45674355938592703 0.44748267194644664 0.48758266340180717 0.49517301639260214 0.47396642367954334 0.4611652171729904 0.47412490875708363 0.4603824566228046 0.5010711113365807 0.5008280913316232 0.5128064143053404 0.4909560843526212 0.5192349060783913 0.5412538294089505 0.5777437213492937 0.5902072229300046 0.58964873938134 0.6178818015866037 0.6514144500011664 0.6503195075467862 0.6742952668310522 0.7025596668433105 0.6675673210330798 0.7001086861026381 0.6877655354795202 0.6641577354145555
