Raster_benchmarking/Raster/continuous/raster-355.asc
NCOLS 100
NROWS 100
XLLCORNER 1743159.4029824326
YLLCORNER 5469280.52758977
CELLSIZE 10
NODATA_VALUE -9999
[rows 57 to 75 of 100, columns 0 to 42 of 100]
0.5027185060748964 0.47603603270485584 0.49972425959163613 0.5216246602647735 0.49232758574790647 0.4813728589493823 0.4105797456101632 0.37482841690608515 0.3213059176596986 0.28740190184780895 0.2803924885947544 0.2345340904649114 0.2497759658625628 0.22905365761115548 0.2627912296366297 0.24902419948720037 0.26043720696323286 0.28914747789889483 0.2788763966420352 0.24197795455225968 0.23092578326392593 0.2161993637071473 0.28318257716976486 0.30048505240554163 0.27607765041083365 0.24068852617558656 0.17812868931376116 0.15933339660445842 0.13540490063580723 0.12558088669619516 0.1578650710458581 0.11372585516756525 0.1361666889912258 0.11293056542665218 0.06667850206047311 0.08901166241171073 0.09996090859009196 0.08852258786767976 0.13601927002117414 0.16937690139441008 0.11081556625809398 0.12788977782167446 0.126519275449874
0.4958688124468282 0.5465732109462539 0.5467871609817948 0.5362401140265616 0.5005766150640959 0.5021631898832883 0.42700077752926213 0.37853101264792777 0.32942659745813396 0.29459711965273566 0.2975711028632219 0.3140798071156225 0.32781410753825835 0.2638303618120028 0.24450414429521045 0.23642666244450986 0.25504595047706546 0.2827773961079007 0.31251072359371335 0.3152053806341175 0.26762761528560725 0.24073745271930744 0.3038345698368509 0.2829766052215076 0.24645779639142573 0.2406826639929348 0.2017830607279609 0.15113952997045088 0.13321527358560523 0.13500168091956938 0.17006489687151555 0.1622115761363262 0.10774076643683377 0.07890967881231137 0.10133696773217643 0.09555707066494672 0.11205174509333715 0.09231116462294243 0.11233861765120097 0.10471752467227788 0.09805597618244823 0.12179051783973244 0.14468541700725013
0.5179939320194507 0.5331147062845571 0.5448973710977376 0.5663038515507701 0.5755220498349067 0.5505347014974364 0.5009353240371521 0.4464403604676141 0.39505884425471577 0.33733977017990185 0.3414784083897687 0.3310341423843259 0.3667023630519374 0.3567716656882624 0.336636497473312 0.2798488277511081 0.28862320833373817 0.3332809335332867 0.32507501860513116 0.35179568676723527 0.30001624600799004 0.2771180376874642 0.28653236378428754 0.27418424887376175 0.270333150328615 0.2966749447759583 0.23545641237776208 0.23471388657966966 0.2065185619780116 0.2029073144900569 0.16978464347324648 0.15009379152454988 0.10277231510815653 0.08743171474767598 0.09504820517204199 0.08430258924739303 0.07339074974595933 0.10874403701716692 0.0982592617340695 0.1027757503016339 0.11998612102644413 0.15176421302731985 0.15822149685431652
0.5867650996512355 0.5578311545150586 0.617871779524644 0.6236108246005572 0.5905023813185846 0.5960746439685743 0.5499598396265154 0.4505874280206048 0.40660017807981946 0.4129110425963989 0.38729499902494813 0.3971347453883802 0.41566949826755034 0.36849463690119133 0.362958502233208 0.35563488278169253 0.32834030296545325 0.3153598744709013 0.3096433930872012 0.359107500142527 0.2973304257969636 0.32048575849705147 0.28568144002974283 0.3092274289214281 0.3245932992565152 0.3467685503428146 0.3157160685620626 0.3112581592195105 0.24525573409345283 0.2563533780419991 0.20986585790309428 0.12670334384370255 0.13357766939901933 0.13301176914900625 0.09699138756019883 0.055512294757159436 0.0926347559224803 0.08367903418061093 0.09485193975299397 0.10322670361825531 0.12954395094826518 0.13416277883623198 0.14200842029735788
0.6009849150759619 0.6203937351974717 0.6464028163044571 0.6416755621862187 0.6401002813489789 0.6055804785639882 0.53870849073835 0.4826353773358931 0.4802285516402478 0.4570368140090377 0.4046929066782418 0.41115124504853584 0.41037736551689646 0.39967860467201977 0.3734266581594868 0.33063077585726197 0.32410058437840217 0.31228353462128766 0.28641159745750394 0.3207279972690736 0.31245444386138216 0.32236918178848484 0.3300653731240295 0.31540527276337305 0.3271774316391085 0.32474865449281143 0.36015023807330176 0.31373733278386695 0.3038901124916235 0.26768134176617114 0.22024055657516806 0.15923471667591785 0.14035170538380556 0.17133538278722327 0.16246851556522807 0.1038119660886638 0.10318725727784032 0.11416066763361582 0.10735477134977069 0.11065537451441754 0.1304688787998966 0.12459434560432675 0.16784753723539758
0.5973076939091695 0.6634408612231103 0.6260589638090093 0.6231369828575412 0.6222713942421024 0.643944902907838 0.5605809912967268 0.5039769051596504 0.46821025644700426 0.4304948649120265 0.42276086084748327 0.47572100178064525 0.44562990435444905 0.42460560535900077 0.38106312672931764 0.35710546976583296 0.3023749582788341 0.2902397144085273 0.285750096029164 0.3015755235414384 0.3018100406892519 0.3347732917991776 0.3308581213707425 0.28740694973624825 0.31836648468822715 0.35273293178326864 0.36748914926587 0.3334607373437597 0.3152006731781154 0.2690270677870168 0.223405501451257 0.15421249061784217 0.13892790447494288 0.17809207488209305 0.20200026580458103 0.18115013157344317 0.16223776876128151 0.12985470549957065 0.10832414971071753 0.1519013104966366 0.1575560506154984 0.18488491048119157 0.2053516775349225
0.629873364812775 0.6607850210276487 0.6916386293961799 0.6899768789639742 0.6347887304927732 0.6291324126680514 0.6160497996195688 0.5541143358052004 0.5096443331192135 0.47274006442340205 0.44391560415607517 0.46362315011789773 0.4482600572715687 0.42747276930978095 0.4102152244325441 0.3845271877791975 0.3413251881992831 0.3470259752248594 0.3147952063641763 0.30471811666398474 0.3425654095115672 0.3177534728032588 0.296408482787239 0.30217029483963304 0.2775312502387559 0.28954139997105327 0.35240786295944765 0.3377637888658614 0.303342685937808 0.26223032409179586 0.2237810924124754 0.192761211630868 0.1814157937618526 0.150387416702331 0.19046096302551058 0.16880971756200053 0.16604986062451246 0.15086177685273963 0.14453161825490227 0.17664575657101636 0.19368536460652336 0.18312682361987986 0.20610979519408454
0.6513007914044321 0.6423325853985221 0.6566442624569494 0.715890480060143 0.6784209506843548 0.6338736484646726 0.6006922216309182 0.5930236311270219 0.5223036822402066 0.494933486047345 0.5057463893357151 0.4889918735676533 0.4374889112724641 0.4227367565265316 0.3789555695855913 0.3227283869951906 0.3610939311902762 0.36491267256624216 0.31721866224015144 0.29638355950651984 0.34532502618195804 0.3712140076891371 0.3457573208928616 0.2754907407606233 0.310150651271073 0.27931095618546237 0.30927998082003955 0.3796565488829463 0.32057073616594217 0.35133754036937104 0.2987426259851085 0.2170453449511831 0.17985374896468564 0.14341022839298026 0.18358112223650233 0.16298550011156507 0.15391774763834334 0.1746715199652162 0.18537732453745273 0.20951195207437684 0.2116900015127954 0.1933359737409377 0.23511995597886554
0.6484957649312334 0.6352699434657688 0.6408368453273408 0.6680187211940382 0.6308170044563903 0.6436191088449107 0.5909692778798522 0.5940261353583577 0.6001140177405327 0.5454275282307938 0.5334743879157364 0.5478652813763759 0.509916332806583 0.44387406379956523 0.41902682100581057 0.36148142145418777 0.3788249316004904 0.35670518141083823 0.33910172393774524 0.35078249425811997 0.3327374619645034 0.32841228910428016 0.3214238984595052 0.34977230961402717 0.32368729163886145 0.3092225768207917 0.32960184010197224 0.34602979637767467 0.34311906363071587 0.3714133457308873 0.28400088748471913 0.2399571297280314 0.1891583438269088 0.17276113540586902 0.17791047087518758 0.17323885896174568 0.20418042042226392 0.18395392077035627 0.19346911225932464 0.20217309084593169 0.19052503617017744 0.21291053926525302 0.2524798455433706
0.5843494883224384 0.6574565716301498 0.6666169635783795 0.630505602787944 0.6317172911896899 0.6062232169515356 0.6279131421091878 0.6308102805006996 0.6084824723166455 0.6052796442359577 0.5679868634120365 0.5425028279292501 0.532733886912238 0.46858941256291314 0.4108447646341161 0.4420943082504821 0.4161427561651226 0.3763457747520588 0.39090687589661594 0.39351705768350487 0.3908878594967376 0.37151035495536466 0.36911670690284804 0.386981363613846 0.3433172020135524 0.3166268551627784 0.34347483612952995 0.327453533069744 0.3570527940418261 0.3885661511626884 0.335600989831769 0.24996590535862812 0.24915807879873808 0.20937365106020997 0.23677348093320832 0.2435432214285029 0.18242131124618777 0.16976058654207532 0.19748336426968696 0.2220023972640524 0.23036977771894607 0.23115199634685038 0.23327784175480784
0.5730621042191698 0.6025470381658538 0.6172332971455291 0.6133516497085136 0.6481926183491289 0.6691409877838305 0.634992194732774 0.6458215564883593 0.6387503824694587 0.5907632024684698 0.5520514682365764 0.54106110981982 0.49223502404962 0.4565697773621559 0.43095680380969076 0.44287125122844506 0.40772421635188916 0.38281403833535826 0.38962575705868946 0.36071150433234594 0.4160824458069185 0.4072045661748057 0.3710014830216195 0.3768595512793665 0.3681079288684741 0.33118976914728676 0.3353916457460294 0.3956551939379492 0.41580510426622724 0.380681932094954 0.33684794317379124 0.3233511266564185 0.2995732327181625 0.269553155521458 0.26450367440952594 0.2592187948857829 0.2127304686891885 0.1743470540640662 0.2239135931483335 0.20178730854158203 0.18010923782643215 0.20127678401580593 0.2019342022964681
0.6081003290284355 0.616768025869112 0.5979540491087807 0.5712581060444041 0.6407223857236323 0.6782782338778816 0.6520635916489125 0.6702795433710466 0.5960434890718544 0.5596700887944083 0.525102083800622 0.494742160240695 0.5021111214084426 0.4919425404226414 0.47004281367655926 0.4278477564784443 0.4152288959807727 0.4448002074990405 0.42550406681033254 0.3393783788905369 0.3924681608378416 0.4385112094227409 0.39245562763582054 0.4059192696455843 0.397898277900785 0.38133227476652476 0.4070903216032384 0.4049074050469814 0.4360269580498742 0.43328042795376126 0.40543918829562264 0.38020859931807977 0.33696793552204435 0.3280461965542082 0.25802226815426316 0.2569796614659381 0.24065605525914194 0.1995157681980717 0.20426515331467976 0.2052027136280481 0.1624697070769919 0.17086825007540105 0.189361730459587
0.6089422515389895 0.6091874331536361 0.6357095572170419 0.5989695568878406 0.6436160185635207 0.6966109118578399 0.7075767629422702 0.7037899985295182 0.621018837806597 0.5889878908397129 0.5781911725965875 0.5689213720624585 0.5371320020008956 0.502078628015337 0.49638536310847003 0.45230112506447984 0.47973786710601846 0.491210989888507 0.42076917249238965 0.40074963587536 0.43149784393421153 0.4247802183591487 0.46291264802757215 0.4300468825204893 0.4304145655863397 0.3993607158185568 0.4176883255476405 0.399177658054228 0.39927495476473046 0.3970479051966869 0.3828570569112115 0.3649808248368975 0.39451260486011464 0.3293625465331017 0.2763890919066249 0.223361999021797 0.20899098160937254 0.22745747548418346 0.23031649660034934 0.22349460848510352 0.18298578806148874 0.1960314618847884 0.19176241597481722
0.5737989342744665 0.5794749816292836 0.6054542101202819 0.6612059391807649 0.6511473110644674 0.6876440879464656 0.6989100307942355 0.69443679576212 0.6751559299032397 0.6285747614512451 0.5919454530511552 0.6143605729739618 0.5480166237413312 0.49202761117115623 0.4997335137988551 0.5216059586977327 0.5287043425935987 0.5000454632896527 0.46809730851196196 0.4855584057107469 0.4904465986395089 0.4762272427339003 0.4620724765360963 0.4321658534968533 0.4296129381962217 0.4295398388963124 0.40470261301645755 0.40968054538434195 0.3872827474981289 0.4278195999636776 0.43062353627474176 0.4060144863964176 0.38600024826547163 0.3406864370523477 0.26032125202305534 0.2593855521973123 0.24999919998773745 0.20237736026909514 0.1876244671112999 0.23538142997274047 0.18133215793170535 0.19182647128828859 0.20362402381617914
0.587725581856595 0.5857056473971808 0.6241723311742405 0.6558237725685345 0.6787223014367323 0.6653838027571186 0.6851803198116362 0.7090342677647121 0.696465068291462 0.6572287221259878 0.6462174108537859 0.611854103219519 0.5875404507968734 0.5484060048113908 0.5589743026176226 0.5551490417779243 0.5305091353196915 0.5263745349338345 0.5352657069589606 0.5390516492149298 0.5209621791546075 0.4812514907540762 0.43468181622795193 0.4271118327117237 0.47198306990109506 0.4805840206780869 0.4642536839280886 0.420738512943105 0.40082112475121734 0.4292660258587885 0.39074211900168226 0.384936707703308 0.34847595975318496 0.32310499868946196 0.25542131526699324 0.25547579062068154 0.24057968024209475 0.19177397551187253 0.20470375826793255 0.21544442450676343 0.21896069910354998 0.2362214024164879 0.22718802429493185
0.5684633652595139 0.5854057000343331 0.6142223206707632 0.6454660526856725 0.7020698175243437 0.7167208122874946 0.6815338500612719 0.7275431906169914 0.6846052479133102 0.7159923952792335 0.690472812337208 0.6425510710844721 0.5837618569136794 0.5882803917121694 0.5621838178775403 0.5975572998427124 0.5517078102987164 0.5219145816258837 0.5085701867719955 0.5362811579244486 0.5343821668825295 0.48043586951911155 0.47017844297361716 0.4549448661123559 0.4957002990423619 0.4496432950630338 0.45699195173038837 0.481382757817708 0.45087950053994685 0.38807859355167623 0.36408654578627864 0.34175832753480284 0.3029092973400837 0.2939490740597679 0.26330632093354284 0.18116701139514446 0.20598415809936846 0.20371534977178726 0.21567803979788486 0.2537325810447346 0.19646608512515784 0.19449753667755332 0.23846762453015144
0.5899074026684922 0.6285764133524284 0.6363854673718419 0.6850238976320889 0.6967703052987944 0.6958011408317897 0.6958180492733982 0.6891022301827557 0.7217458139291987 0.722787336366914 0.6621128022930671 0.675167264062277 0.6119574325671779 0.6045501205143241 0.6065615572336052 0.6019303309929834 0.5989103032733942 0.5635180972635174 0.5392206373394851 0.5436049645401502 0.5499704852234364 0.5265719340668595 0.5091226501073447 0.49631500032831255 0.5077687162303035 0.4951180477619663 0.5015873712399803 0.5107560088749479 0.428661394928111 0.3955395178642201 0.3759296236166297 0.34120829460210267 0.339158273086679 0.30356164676892033 0.3110379097554872 0.2890947778276026 0.22328869853842914 0.23160031155436775 0.26254185836808264 0.22348048505886153 0.2374875032961489 0.2590468974392343 0.21873820562156016
0.6850793791872676 0.6807992917794634 0.6860564279744484 0.70821768593544 0.7070897334452363 0.7180258529631439 0.7140311827293367 0.7224795201109812 0.7004733125398847 0.6946366070397995 0.6781327040014558 0.6634559672867875 0.630868327818679 0.6602523757332486 0.631552291426635 0.6410150377293736 0.5844492692208392 0.5478849079284345 0.5545255498548571 0.6067122272992066 0.6126169077201111 0.6022797133910768 0.5903460911902634 0.5798811679993134 0.5561403626910032 0.4847048729976923 0.5332129865710337 0.5212276730075656 0.47871684191779124 0.3863798749864266 0.410971323347322 0.3620555464307988 0.3211544089608919 0.33813968151103013 0.31267427892316474 0.32119674782785684 0.27944247383089627 0.2715351860276655 0.2679864747055368 0.21383983841874263 0.24980779561563055 0.2636243562083798 0.27571654162147097
0.7000607791525839 0.6802904368773867 0.7241683179182778 0.682254700016754 0.7183264354875851 0.7028895698425075 0.7205364630862318 0.7456428338320636 0.7121702212573798 0.6665276364028645 0.6710329811500374 0.6988272642657931 0.6961927645363719 0.6561643786919942 0.612537216022776 0.6404854296462598 0.589718958027659 0.5387069750544375 0.5587007553634891 0.6247082831673799 0.6161181574365145 0.6269209610919115 0.6014711863052893 0.5810640925900528 0.5384835772111811 0.5316778796556025 0.5353219766473021 0.5368702349728444 0.4620465586145784 0.4572524288546673 0.3964466041704803 0.3496731085878404 0.33882381065591743 0.29638883985683084 0.29043597167404717 0.265813361857626 0.2547725698658155 0.24107563012260763 0.21442514754725026 0.20592967565551576 0.2512584388618973 0.2575074533503869 0.23312581602057045
