Raster_benchmarking/Raster/continuous/raster-130.asc
NCOLS 100
NROWS 100
XLLCORNER 1743151.3880482514
YLLCORNER 5469289.689483746
CELLSIZE 10
NODATA_VALUE -9999
[rows 0 to 18 of 100, columns 43 to 85 of 100]
0.3524638244000795 0.33908001505104707 0.31435837617463247 0.28494687415966635 0.3170446668829311 0.3563626085384878 0.3559045166997296 0.3851247324076291 0.3464130954045559 0.36927824507007206 0.3723706497909277 0.3811198554792012 0.3918764962438915 0.39811461068849907 0.38514295472549437 0.37143375816205415 0.3970533440027038 0.38887683828620545 0.3734514890801177 0.38832035138056037 0.39717433270776104 0.41118669107872485 0.3838711049933261 0.3631168674214839 0.3721999000247863 0.3481802771828689 0.3168135782091541 0.3209570952070817 0.329989595335771 0.3216999029216214 0.29330153850923757 0.2807299439987334 0.2467881253784586 0.2531774220316445 0.25708646044109684 0.2813036188222185 0.24288342206108549 0.1938979956118334 0.2181091742888369 0.2161867834161129 0.1881964220574911 0.22202047638944006 0.23112984902805855
0.31476933688536285 0.33422151293614083 0.3018506150329887 0.30660497670637 0.3338363161748811 0.34947269964384364 0.3966866385008561 0.3769811847539397 0.407427337621595 0.3912765431423084 0.39920009671712164 0.41570872451748236 0.4663041697046962 0.4405355328000852 0.4580586388064727 0.4375943849297986 0.4048353976998939 0.439046694415294 0.43841912352719586 0.42444074068130005 0.4558713767001279 0.4383229349616728 0.4318602077002433 0.3968158950293292 0.3735210157381401 0.38063653252625407 0.3865158282798869 0.3707442593532665 0.3331757906895119 0.3385755145276231 0.36320004146138857 0.31234369024792324 0.2649915093183349 0.2453790962564249 0.2522060220008734 0.2521946477099037 0.2808061532309597 0.23135023727264123 0.2198755284537708 0.2133052190029717 0.2168404125172013 0.21824150396457404 0.2646053795026656
0.33314094240334413 0.299302278276553 0.316542667335037 0.32441457735320506 0.336213172923434 0.3773818528713437 0.37182098379227896 0.39637914239915173 0.3853782948514791 0.40728228183449133 0.41814281020188976 0.4653814509023917 0.4818730611286763 0.48350021755695316 0.47598992442312055 0.4573237165174561 0.48002925503949 0.46353939338932604 0.45439616164293134 0.4548778959016515 0.4981444842872768 0.5077676142457458 0.4731160011627697 0.4708611298261886 0.43299689207230696 0.45447020599460936 0.4269547191321001 0.40563644772748014 0.3892852099998277 0.40871694775985995 0.3948351358196832 0.32729880377059 0.3317590393091461 0.2830163127338262 0.3115192305377069 0.30329687861138155 0.30186792477673946 0.2619148008971753 0.2585031243597993 0.19811626414109113 0.19286193627023349 0.23718187865720727 0.21179161714440248
0.32682459582242124 0.30399536734174304 0.2971868879909706 0.31185601073104047 0.34678392933970137 0.36604026059104294 0.42723354216228504 0.4243621654244231 0.4031851484034909 0.4112919190739033 0.4346939946872381 0.4684103727885773 0.5235562252963359 0.507185622685738 0.5269435847500147 0.4995039693077689 0.5047435770907645 0.48589251021049906 0.49955430790892097 0.5089906333909823 0.5333061512352127 0.5322633655141886 0.516097680796996 0.5158408400066968 0.4837557069394537 0.4771443488848784 0.4750362553858455 0.4314621421308541 0.4520906251245048 0.42887658785000893 0.3769800310078173 0.38824436912075344 0.36176427618499 0.33389051988830803 0.3153221445497795 0.34221059391867537 0.31216270352166103 0.305489946091861 0.2550369742059974 0.23724942218339418 0.2090991469216382 0.21304246836758253 0.1887065610897376
0.36680740744237755 0.34038124233016465 0.32558514195115257 0.36617968482184765 0.3720431464248074 0.41324768309418386 0.4114669315046987 0.42205409004716765 0.4175835647729879 0.44711331818911404 0.4705860674321082 0.5269973812722084 0.5420055703533279 0.5756621247648405 0.5863278597549413 0.5546132170380064 0.5216421686763398 0.5196071896099554 0.526382894615211 0.548076925451583 0.520766955207832 0.5542855553460521 0.5557453875736352 0.5185474157241943 0.49854013235297995 0.5250648273288275 0.4959782763136836 0.47834555859447475 0.49212051612302854 0.4721914238755499 0.41714206939283516 0.3829918019685642 0.3736880868326689 0.38730022393214536 0.32849788164633487 0.3363328142300138 0.3571119311603945 0.329299007987628 0.28177530551225427 0.2658592292529756 0.24858821377842405 0.24236718589051962 0.24169219849209703
0.37088745741701373 0.3586211066642126 0.3852707208163741 0.39502453749782146 0.4136086286418037 0.4334724377485338 0.4298978206800631 0.4410532362459462 0.47434925834573444 0.5006224677952794 0.5495220033911951 0.5750505186353564 0.5372357379871846 0.5879560554236329 0.6205091944218932 0.6039216611132915 0.5516532430906259 0.57282349796063 0.6005619552348711 0.5911406361519319 0.5493390483669255 0.554563537501946 0.5815123001242664 0.5815462590626338 0.5684230397881136 0.5369231009351357 0.5417381808555461 0.5459913072606057 0.523299049768925 0.5105164409913422 0.49628986643141715 0.4523623328151468 0.403545970484885 0.4270637970603554 0.36321190602599424 0.37594324100241555 0.3638920456123587 0.33134432441561257 0.28514470085942245 0.29087849493737844 0.2623654894964345 0.23510183269625817 0.24345890091693456
0.4133263914981803 0.4154623464677701 0.4415653854818487 0.43404544117465166 0.44043479279963527 0.4313695632388168 0.44247228604372196 0.4782034184281311 0.4683736202733752 0.5284527107991809 0.5727519682321669 0.5816454242721699 0.5917103608284998 0.6052416089946748 0.5893116149527303 0.5973286519700892 0.6092165851355688 0.5808626157530161 0.5688040393110706 0.5600254122154875 0.5863858880281022 0.5732849314691728 0.5868563808964254 0.5951386194087074 0.5324132009890937 0.5438328213663166 0.5340023989052931 0.539942891590541 0.5478801472907419 0.5353036059703256 0.5398871719545396 0.47657105501525376 0.4534676578462176 0.44728922185609343 0.42252135059297175 0.42343950587597917 0.40850648412052587 0.362571906216943 0.32748167776483683 0.30234347685078605 0.30297489021050295 0.28602674977649456 0.2459957402110125
0.41698648998891014 0.4228280146716888 0.4295674559659856 0.45983652141876225 0.4201791666508419 0.4650457136563446 0.48326786610311484 0.5216495154293297 0.5034745074253469 0.585460614486867 0.6105566475512788 0.6324277046329737 0.62264152757334 0.622902448932137 0.6434343996416769 0.6298222823025802 0.6012776616921331 0.5519909944966676 0.5661114520338891 0.5506827761417878 0.5819680156434686 0.5940566800544781 0.6025225606503309 0.5567944268474737 0.529888046507473 0.5403486377874347 0.5578179238084482 0.5354079627884686 0.5549718550560366 0.5680698953648162 0.5773000493786024 0.4987364699457251 0.5192363810711053 0.4961954936544114 0.46626951096267727 0.45519440257848587 0.3936121085071623 0.39542668950331045 0.3776101089227852 0.3424742355579866 0.31850198839576355 0.29400048714975796 0.281247506674448
0.4868385872179155 0.486256956932608 0.4521284704433624 0.46165710998566495 0.49593057528549866 0.4891640305388541 0.47028532180192667 0.5171669474934625 0.54234692303768 0.5969489110481278 0.5922123222626641 0.6155705973816498 0.6091281749818847 0.6203386744092675 0.6444639387769997 0.6146660437959359 0.6040652143029882 0.5548751427355346 0.5715552254760969 0.5868874913593347 0.5995117926309373 0.5696464298503274 0.5885154513228216 0.5319801703283409 0.5239109541617016 0.5403214428873501 0.5353406585948658 0.5542992438312995 0.5400192927983561 0.5393567866900053 0.564135817878654 0.519447016463826 0.5180329995111107 0.49265711783045324 0.45260903686445336 0.4560058943758197 0.4139339815452981 0.40607917337929 0.40487318060065336 0.40815560243672855 0.40200944434020025 0.3532580971661648 0.33913738153613976
0.4916438695312826 0.5241356208149802 0.5333445851699635 0.5437314352832393 0.5584774847414423 0.553233815393692 0.5022163010334854 0.536854850963165 0.569998804518054 0.6221965523314625 0.6085986136465904 0.6063372456516579 0.6172933511155065 0.608495967219269 0.6295476024373283 0.6089761983559296 0.5916450258364709 0.595961117566089 0.5693630412113326 0.5998249485002553 0.5843932941344854 0.5912595984328479 0.5729680519875112 0.5178018660012843 0.5252717086176785 0.5324414751508348 0.5070015414991605 0.5151742606270734 0.5170057388810924 0.5450221430209397 0.5707204602530326 0.5668126464197899 0.5111242040152643 0.5158875401291296 0.4749795889502028 0.47059039519166773 0.459575535693381 0.4690386891576315 0.5039319905280034 0.4611977229803087 0.41815255139294333 0.40032194770058915 0.3638203339682074
0.5258540778042562 0.5208900654850489 0.5483827973749859 0.5740388974409213 0.5953323431327819 0.5963610073708523 0.6077234029595963 0.5780579071321045 0.5757895967647564 0.6275084477339258 0.6587613392081921 0.6470959401168282 0.658237413352395 0.6454679607757238 0.6409576266120651 0.5993090284916985 0.6350260343335292 0.6185643145295654 0.6028212492879227 0.5720926779441405 0.6017980344002026 0.5977910425816885 0.5786600695535465 0.5221828577036244 0.5352265560118415 0.519806479564561 0.5093160404844425 0.5439231370571135 0.5621437983525831 0.5462441457024785 0.5947624458617463 0.5831473852057292 0.5436720545847743 0.573029188326819 0.5318770787188233 0.5106135045879676 0.48743537062802234 0.5075055658313482 0.5122594401391627 0.5051885601898851 0.4433717686515278 0.4261784960386735 0.4318358009064875
0.5588199492574092 0.571860395520862 0.6069348702830818 0.583214922982073 0.6049159964817741 0.6047520766874798 0.6415058029996075 0.5986390895032078 0.636816672296043 0.6325231981976545 0.6704652666141762 0.6843364324575996 0.6845049508679834 0.6498620703372026 0.632816631187079 0.6603531867607083 0.642379518770376 0.6499820103196084 0.627841077542362 0.6152754734317681 0.5868780885442012 0.5605524192730503 0.535087211117619 0.551539013400529 0.561867349786782 0.5503876851717208 0.5672273872234299 0.5430666826810701 0.5870338896631727 0.5571485238448175 0.5704142403094222 0.570957345241851 0.615657558044796 0.5664863208821053 0.5862269884683774 0.5835229291824401 0.5625979082156797 0.5505771902217815 0.5281780538180041 0.4939174165413853 0.49187379912973267 0.46957930955943566 0.48008234850458165
0.5767765722696958 0.5792425473622305 0.5710030974026529 0.5851513328496513 0.6079685768598407 0.6246495113691154 0.6194421838697919 0.6179035027587947 0.6095371919449916 0.6381227593437375 0.651828072763497 0.64212858647045 0.6736136398945116 0.6738987461155314 0.6652984081612792 0.6537843460420056 0.6567805879693774 0.618180122888428 0.579219819008556 0.5675206806461743 0.5593160254139599 0.5832349535981697 0.5508018062833466 0.5613137694182547 0.5538742328293293 0.5746942531716289 0.5794078714957647 0.5781037465807497 0.5946378143115646 0.5998534121997597 0.5772436745046766 0.5955140419000025 0.5841220066582616 0.5736697305032968 0.607957470438275 0.6201289027471776 0.5954941220229105 0.5722094241489547 0.5747817212656019 0.5428534959799385 0.5195365470775531 0.47119135735573797 0.46065125173432725
0.5886092128461016 0.582706747792807 0.5643749697024051 0.5865585338031318 0.6147896256087506 0.649214763085924 0.6442538828449206 0.6164267236038488 0.6157044699970966 0.6057147295888989 0.6333241743804214 0.6318685431889747 0.6336485704277355 0.6728275270399129 0.6763499260711643 0.658705614962722 0.6091445628348726 0.6054879752297884 0.6066893857226288 0.5632118625273975 0.5536879007488629 0.5323422171506513 0.54379031622236 0.5841682560687407 0.5864693750200014 0.5834387971500151 0.6088738739448771 0.6054789741002785 0.6199758296175071 0.61361938362545 0.63757446523964 0.6033978409214138 0.5943339897424822 0.5926672655964106 0.5894661504599245 0.5953135774002897 0.6327333887025229 0.6299905894699972 0.6108023456795894 0.5825703752041573 0.5254527118029523 0.49071938553693245 0.4729541972398639
0.5909057187679161 0.5969149888318372 0.6108357368185909 0.6334028296059977 0.6690485764658726 0.6562816631555523 0.6193368104083656 0.600484174165649 0.6314794924197675 0.62807418997084 0.6240941894970066 0.6360101942113172 0.6437716764986859 0.6469037575830828 0.6375872388688131 0.6543094203753982 0.6260896025734898 0.6420541514538635 0.6264433246315649 0.6021003480947791 0.5583892876930786 0.5281290499373598 0.5295507451175666 0.5476827699725287 0.571722833631923 0.5639166645555989 0.5722752487935401 0.5896057745268355 0.5874433296242275 0.6180428033216075 0.5885326504874909 0.591485881500833 0.5992015336719747 0.5729495795666909 0.5854613822193276 0.5834201130191325 0.5951041697688682 0.5924078763839113 0.584737289537626 0.5445547117963971 0.5408098291707958 0.49312086978249065 0.4876683195569186
0.6247839207076844 0.6309549510216111 0.6657425735912939 0.6750842456061007 0.6754346819998922 0.6433454011420299 0.6150527410697467 0.6070769971581679 0.6255709320615709 0.6680826176026012 0.665183634856292 0.6182449493053247 0.6405248766704171 0.6635926282023394 0.6401330680653935 0.6269447983792954 0.6131018185427082 0.6367598112896611 0.6357489247823619 0.6057334634028937 0.5556279559837134 0.5431383855846318 0.5340134405669773 0.5469717857759779 0.5772700966122907 0.5494229383775809 0.5728139181476823 0.6147951271517239 0.6147301398853096 0.5920312207414249 0.6054953403762036 0.5866973905810625 0.6063661377433949 0.5777268109151055 0.589873383043511 0.6047411336499127 0.6020003345149004 0.5960638342212019 0.5592780585580632 0.5406738448451045 0.5439862994246754 0.5070305415281597 0.49355567439178083
0.681467334046885 0.6669024044761308 0.7247603026389635 0.7184449069362233 0.6983382297797345 0.6676825370712892 0.667029016073064 0.6694327967551176 0.6805664591185836 0.6459839590418285 0.6556940727092265 0.6377221383262566 0.6377445217648885 0.6522977641507025 0.652220284447008 0.6331962264364416 0.6691423075463918 0.6526825786341531 0.6569811782709372 0.6163754145097865 0.5659353042712655 0.5863016000747462 0.5741601404929882 0.5378196748269655 0.572835221689357 0.5624712961806387 0.5768131582354737 0.5792610287309949 0.607318116141916 0.6038287020575952 0.6029514368306312 0.6045161605977979 0.6359266635170007 0.5948176778872902 0.5984693157458127 0.5774298240225774 0.5848055547424368 0.5850599680901316 0.5861151912864906 0.5557898988784848 0.5734909982954607 0.5456716951632502 0.532880244531998
0.67123156216824 0.6748734986122938 0.7449038169777635 0.7401750486478766 0.7372403196091586 0.6779377749886489 0.6979826479012898 0.6746053556109938 0.6703259487050071 0.6525158480805753 0.5947063933968083 0.6079463369606153 0.618601170970899 0.6652624155049712 0.6596033104390211 0.6496527773488294 0.6745982591145722 0.6309889361192601 0.6399129064447143 0.6210239914933019 0.5804293991214982 0.6129340784969656 0.5879018608135497 0.5379615292952863 0.5444732433574909 0.5490180670231375 0.5850216536075313 0.6116622524140167 0.5834772393045903 0.6045068024003059 0.6020669408149848 0.6287287453739452 0.626029284641471 0.5943995978322923 0.6175023826504064 0.6083564295253215 0.5826444211221293 0.6169094549177252 0.6420258947992008 0.628156175383573 0.5845459640284993 0.5524602583695761 0.5820622249191287
0.6780011071318188 0.6897689671838048 0.7455336738228733 0.7410536421156954 0.7093343239433331 0.7173752376941815 0.710516014694198 0.6586425524777595 0.6745119204063917 0.6618986468597491 0.6473312549471848 0.593183116467709 0.6182267909192016 0.652146189560488 0.6737784176159755 0.6467889700760441 0.6233325636665797 0.6294065408208738 0.6185409126886596 0.6039177746464045 0.6032729022129665 0.6166933600582735 0.5975629993942325 0.5780665352231016 0.5918017716553073 0.582954906645647 0.6137507836960209 0.594393837327875 0.628962205538787 0.6320136068959514 0.6487018743768085 0.6028515668916977 0.627130404500001 0.6211360406540416 0.6058927554750143 0.5788116438798836 0.6163790044239201 0.644194449191423 0.6563364510348805 0.634065869719382 0.6005845478135226 0.5615920219541463 0.5759922160573455
