Raster_benchmarking/Raster/continuous/raster-64.asc
NCOLS 100
NROWS 100
XLLCORNER 1743165.4159760214
YLLCORNER 5469281.492090276
CELLSIZE 10
NODATA_VALUE -9999
[rows 0 to 18 of 100, columns 43 to 85 of 100]
0.8852491472635188 0.9106838907380063 0.9544662675903296 0.9804462532046883 1.0 0.9454092393120688 0.8922570004274035 0.9023132620513483 0.8802121915721486 0.8851962531728257 0.9190165193165422 0.90686116519385 0.9386484079994841 0.9134621549952135 0.8978968710578387 0.8538336436636456 0.8707336433647913 0.8365243225605565 0.8033159731245206 0.8033106472573236 0.8287093549079856 0.747215968313716 0.7058307005292938 0.6518425769480249 0.5947168294713352 0.5303113534252439 0.5166498083329853 0.4833043699696101 0.47316599322395286 0.48647160794381994 0.4809107244948105 0.47540717347661055 0.4199048064371685 0.383670684290628 0.29191481572583244 0.3059802275919533 0.23901798766099988 0.22846249543974256 0.21214769122372515 0.2273129675278042 0.19658330148213077 0.1734396096917142 0.15138616705971294
0.8894103310464618 0.8753827110127576 0.9280854009730838 0.9355909757100374 0.9340895630773141 0.9572526103121479 0.9277659290222972 0.9258007510003781 0.9350443269611359 0.9117022555289541 0.9407334741257085 0.9311112605975606 0.940480852186669 0.9099680101868759 0.8731484877808846 0.8281648784639832 0.8467883882279581 0.8258140534088765 0.8080171357851467 0.7907880472599502 0.7576197484339309 0.7125320504174186 0.6961376267131817 0.6173141745333486 0.6111143292296027 0.5479223775514932 0.5378882340879881 0.5373907572490889 0.5013609686510244 0.48573083320568483 0.4920776395972702 0.47962731364506633 0.4507379613939094 0.37629098329907085 0.3188099701279748 0.31667226661246745 0.2766018918349194 0.22026059590310262 0.21915330965035634 0.23009633372066077 0.21693225663060728 0.19586665958382354 0.16646659621090715
0.892819343011572 0.8679416634829461 0.8836861888386743 0.8969750029512166 0.9367027806755264 0.9172007272688859 0.9453629235410456 0.9415971430396313 0.9054328951488841 0.8745593374713504 0.904456388857457 0.8855910155587842 0.9014002493203884 0.8985957914828514 0.8548392622833586 0.8176963881166419 0.8041840613172225 0.8262733200543917 0.8212434659669496 0.8026167707347736 0.7407827069721656 0.7465982030094811 0.6847082139495902 0.6075943149921234 0.5952629677662848 0.5900939386763497 0.5759686504187624 0.5643925183967138 0.5197004346847804 0.5026349635776768 0.4737931364178835 0.47120983097943026 0.43892055478971176 0.3611890312669096 0.3439733598192354 0.31837451255818405 0.3081615357121085 0.2653466811203954 0.2359282177718089 0.2270965175524509 0.18664448543621334 0.19939195121875047 0.14488877537603842
0.8302770970234545 0.8540153023446206 0.8824577113490775 0.9143945022496784 0.946262424884725 0.9303229109823132 0.9006365992271341 0.8934594225945254 0.8830444490458306 0.8758422959339824 0.8485317074758434 0.8622410640700092 0.8498961468168386 0.8361815032080553 0.8226115221244249 0.7887364863335049 0.8087288278464535 0.8138069500228441 0.7849841187812762 0.7660798559172256 0.7897749240252235 0.7459098123478017 0.7022340225797452 0.6480316626352983 0.6224130420485211 0.5609601154586106 0.5470806527104952 0.5238646672624359 0.47096975923383533 0.45096865007588544 0.45805812737910157 0.4318331992556301 0.4125143648966443 0.3967629820189651 0.3188898807138093 0.28014159096442426 0.2843426559711945 0.2547503918674143 0.2482572660559442 0.19715266071707674 0.1596628339242363 0.19246150480918606 0.15514451949010563
0.8138100026030817 0.8531570466016601 0.8762137832461695 0.9049409109323816 0.9466622124244046 0.8705111148550742 0.863848744673092 0.8679086909773481 0.8992322284816769 0.8561138617053335 0.8420527356423837 0.8241190204911966 0.7540431122046963 0.7513086561718705 0.770419154394776 0.7445727088843678 0.7620468647023083 0.7996988861306942 0.8078058480171781 0.7579493536328868 0.79684826464789 0.7314551996509626 0.7147649865660226 0.6678339270044745 0.6107110912833293 0.5959540810561519 0.5660516091650944 0.501022281931781 0.48212495492617546 0.472400801082824 0.4298489293236661 0.44586864200973825 0.43702293300335404 0.38911600890449016 0.33785754475109453 0.25449553391363844 0.22189913330231018 0.19811963757569048 0.19477513086314646 0.183250553435011 0.1647669492526877 0.1501473457812588 0.16025795236476903
0.7613237937557081 0.8287455419049096 0.838548115879995 0.8384980922393585 0.8661218916358808 0.8407513608443298 0.837094916602376 0.851337870668184 0.8483713493748675 0.8473346220860082 0.8096287509790981 0.7665460407218414 0.7341511426983204 0.7528792623910262 0.7271980430161116 0.74031083827378 0.7318467623384431 0.7431123104586186 0.741171401914754 0.7582460509915905 0.7300310230409678 0.7555307981837075 0.7028826630126742 0.6821844034322592 0.6606900926867488 0.5947587178004559 0.567323344800981 0.5247712082443917 0.49884311667475334 0.4912246943188114 0.4537560032888928 0.4181848556898374 0.4166402217026173 0.3651640958392994 0.34229250156720326 0.26665649511236933 0.2640913159583747 0.20900732379123785 0.22516888823890774 0.17575886359696255 0.17281285808346686 0.19560023353351308 0.20912577589318868
0.7478691607650496 0.793314079200983 0.8341144660937113 0.7883863073710563 0.7935880195480683 0.7963866881345227 0.7984445495345392 0.8251434643797679 0.8161353525408771 0.8271549720100451 0.8193822869300945 0.7697428108364373 0.7625898211485044 0.7465408918690524 0.7029600657696141 0.7068636831293831 0.7053207316419869 0.7079971801294962 0.6736092910615099 0.7273003216427547 0.7224742364529355 0.6840686625640799 0.6757370077052974 0.6573354669052195 0.6386744618211933 0.5868745595229401 0.5401583701160549 0.5282554151628484 0.5505562804236905 0.5092033333918355 0.46412643605832443 0.42758258716907493 0.38628539460063926 0.3742651508172469 0.30153804205444795 0.28203507073661166 0.2813435061523732 0.2233692182209517 0.22001895901798116 0.22595692191247413 0.17827113492038288 0.16987843657158538 0.2049043806915042
0.7213326952459581 0.7580232517835064 0.7925461389304064 0.7689971600230077 0.7702611326873507 0.7782062946802398 0.8143786903238693 0.7910758462619518 0.8154380812979024 0.8115469701285943 0.8119740780161503 0.7844906774298099 0.7574067458579663 0.7239539884148481 0.7139473570576561 0.6660937900729891 0.6831776547642299 0.6690268513375344 0.6879496471550774 0.6620953686472261 0.6610944819671242 0.6679669307803973 0.6985737121703627 0.6509261383487467 0.6149665891354428 0.591056799460853 0.5832909980113155 0.5270823894383708 0.5125135733744495 0.5176007934486604 0.451147713959429 0.3895958057723151 0.38293189238669667 0.3698591223517096 0.3083362523303617 0.2936404028244972 0.28567265816774745 0.2865159751008655 0.2740023528252094 0.23077170901817187 0.2218520045225408 0.2008887320380793 0.24356534317447892
0.7155630661989624 0.7600094589080529 0.7983512270927171 0.7487428461227059 0.7451158784059343 0.7764885748630248 0.8218582348738149 0.8164846445937094 0.783620847888088 0.7993483783203296 0.7706072833321216 0.7402772953648757 0.7358533209724158 0.6978508759223735 0.7039965384783108 0.6709756671933149 0.6362810886559425 0.6419606838729537 0.6282959414206726 0.6775416726607869 0.658585271184708 0.6753990164365115 0.6999631797593533 0.6856604527276903 0.6543953725768945 0.6024242668223115 0.5747704622049717 0.5306350258679208 0.557134760956569 0.5166465883419925 0.4256987209351773 0.391756675286359 0.3690855521442829 0.3348023106031388 0.34516014619557467 0.329959235698734 0.3612245719566007 0.3325440537608467 0.26946911041077587 0.27038127485513486 0.2305836014281909 0.22474166240528207 0.29852183503685975
0.7183683401973757 0.7297162220661048 0.7831237040223525 0.7712039287918142 0.7650471051966398 0.7715782018025439 0.7827367181971747 0.7747789026587348 0.7981867957844674 0.7777645043631943 0.789291470929569 0.7469915806261129 0.7382442714729737 0.6930039420999783 0.6707219477696816 0.6771719077581884 0.6372775675439004 0.6247944174284876 0.6452699889681563 0.6488242040467247 0.6476646820495878 0.6354537923992898 0.6787010882329015 0.66961017037641 0.6427863726443513 0.6132930360691842 0.5571224940266698 0.5433164652497537 0.5025086148534342 0.5002161163167685 0.44381298777370953 0.39969460228163983 0.36837123651165676 0.3562025300743821 0.3356821463132364 0.31630160019369236 0.3282910548795748 0.30347689476636514 0.28897716643117144 0.3140981900988279 0.26532321946260584 0.2736787375056265 0.3182456509912287
0.6741096067114883 0.6724808696245498 0.714487323303899 0.7479390440278066 0.7313504484326709 0.7800095019397608 0.8220138064575663 0.7967504485716416 0.7773230636364701 0.7579064104768675 0.7664776269045257 0.7506726707272469 0.7530231315770624 0.701816166890907 0.6781664400074054 0.6621935307024805 0.6059641121488307 0.650151201545148 0.6486869135351431 0.6547037233151164 0.6566116652409886 0.6368530940533409 0.6328675556316472 0.6563427709894263 0.6098669670906982 0.5820118786369278 0.5186418424564857 0.5469168291959196 0.5199913117366453 0.46333162840264325 0.42790880139346144 0.4166577713853054 0.4292270711067129 0.3782796545161675 0.3564285025450315 0.3272904180186121 0.3060946872065384 0.34292833600909167 0.36234731789875047 0.314303001962698 0.3001610426749249 0.30749326683588946 0.3382227914333753
0.6626714724521172 0.6850313139780715 0.7288005706440914 0.7596327214092637 0.7277333298004952 0.7692963826065187 0.7789113861303356 0.7778209864769582 0.8072616750290541 0.7975384749431343 0.7764651567580814 0.7801151511139097 0.7774599902632181 0.7324192678328587 0.6834992462373771 0.6571813237444806 0.6444910896050892 0.6423229914124761 0.6119748400394427 0.6173734770999446 0.6464082863407025 0.6562295388192808 0.631013909523808 0.6314805651495641 0.5927247900972452 0.56329488234563 0.5308173830306097 0.49508845792298894 0.46129668166470456 0.4755949585106492 0.44788803255012527 0.46538068773778285 0.4483777366966939 0.4373364414683889 0.3898060031534919 0.3442011095337458 0.3240054829730087 0.3228328777729297 0.3690682194320435 0.34441410299324215 0.35346669185377694 0.3492638086741111 0.37337922086963155
0.6836874396518943 0.7052581784548697 0.758184133256193 0.7469919205856347 0.7638410061913228 0.7631035933151945 0.7941842777256175 0.8092253577472871 0.7981244938868964 0.777013762318682 0.7720719937584077 0.7649355618787903 0.7623866458890197 0.7528476230456238 0.71076323658226 0.6460886735058421 0.6510943764398351 0.6744744858706937 0.6275262317276398 0.6210514989418582 0.6263496249040857 0.6328569408396596 0.6373403681469283 0.6017856364806659 0.5671227437079607 0.5854880187755224 0.5291444632667773 0.49270627493690655 0.46545781774980316 0.4697703451523339 0.46861247327867206 0.4407963783671598 0.4537152956302119 0.4148463908649156 0.41784410417462686 0.37677231838991804 0.33501069022911806 0.33803621338264506 0.3723630913946136 0.37196260343979476 0.3871592568967197 0.3660048297492249 0.3517897135251417
0.6730742954865574 0.711046753814338 0.7214069027396585 0.7479438428426433 0.7371367914546049 0.7162845746686934 0.7313634762714275 0.7644942596320856 0.758834747034671 0.7097799687901204 0.7029411476934049 0.6977702533236235 0.7051375641519114 0.7030860751364082 0.6742614314687086 0.6546478052649051 0.6633687754972593 0.6712656164051353 0.6594678748909206 0.6874319723428693 0.6832109002340255 0.6595982582141134 0.6410187549025527 0.6370133295098596 0.6328176462515976 0.576562215626628 0.5730105185369669 0.5329384231038791 0.5138526431000016 0.49061776523971845 0.45718357618829625 0.44667702801686643 0.41764666226420705 0.39939608513546093 0.41695481302999876 0.374207865453003 0.37306888385925824 0.3880787049958723 0.36421663433560325 0.35783460452724836 0.347120072692158 0.3547096244901059 0.37512002888914203
0.6818403711983863 0.6811854660433546 0.715090877811241 0.7145974341878635 0.6951095451783437 0.7048643012793604 0.7183557283324212 0.7467367973566773 0.6785791275892283 0.7029699689592387 0.6780464397721808 0.6856590394737786 0.6544665097104266 0.6792558937365217 0.6603798938907504 0.6796128274634837 0.6690344809483579 0.6678969413960371 0.7198333356406735 0.7161884778443954 0.6638173368323097 0.6768242972074461 0.7029346102510547 0.6937245380930273 0.6388546153560815 0.6072030773668519 0.5767476326328553 0.5717297803438572 0.5130462783991018 0.473791874924285 0.4382390156612963 0.42483523029416453 0.42608669910780095 0.3899826971780786 0.3924448749597173 0.37090727277663704 0.3772879565435424 0.371581848603373 0.3974047545207048 0.3560116334225037 0.3662016623250602 0.3830285192979237 0.4025399335124669
0.6927300523030019 0.6975078504493418 0.6996429053587228 0.7303268332299664 0.7038837645286794 0.7014137030582175 0.7267927967123192 0.7222932382480629 0.6773536781006683 0.6700217438535522 0.6457173591677554 0.6322777214968888 0.6375559082944781 0.6799647329992925 0.666574789311067 0.6675082991146439 0.7056269283042976 0.6719244499840323 0.6687040797043082 0.7016336275499824 0.7479594108322306 0.7448889055896206 0.7140001147685687 0.6895369130955568 0.6668810662011065 0.640495657627255 0.612413486717381 0.584146258236486 0.5270692046673773 0.46679374496790177 0.4716027106486547 0.45430277671570374 0.4156453933075975 0.4217745396851772 0.39469377423907986 0.3663503391639044 0.34889471950334494 0.3892880043069423 0.394082803122189 0.3779807280188823 0.34382296322443423 0.36913986196678794 0.3635459298514819
0.7510073345621683 0.722521124826135 0.7429659963017442 0.7595569284784821 0.7437958356510693 0.745489450012773 0.7583826215754734 0.7121442130378237 0.6848658462339451 0.6843441639141838 0.647478361742464 0.6296320442252161 0.6663786520152039 0.6877783222996218 0.6767777545595062 0.6833476078800544 0.7014903707216408 0.6739922742279901 0.6780259106825701 0.7018550810291139 0.8006209182130445 0.7355116109689582 0.7276880142068285 0.6842914528433387 0.7159872058215195 0.6413052478082636 0.5838076202947223 0.5583902487997086 0.5499327843486745 0.4787523066732148 0.46151207420767393 0.4553607740213789 0.4058700143661284 0.39000766814444304 0.4170801541926149 0.3746052860246312 0.3802312990257477 0.36537845346025 0.38510617787885226 0.3849880292543274 0.38009609129782923 0.3807926169120328 0.36878454967944296
0.7551298365342027 0.753347248228324 0.7590810225876301 0.7464099783749165 0.7383312609974105 0.7559122442762523 0.7365462431953866 0.734829212338268 0.6746107529015154 0.6833495347283853 0.7111934549600458 0.6865461147888307 0.6783825536218112 0.6892356033507405 0.6729951591710628 0.7137491160895034 0.6820129004725903 0.7036466038306993 0.6741221519474084 0.7181610163841278 0.7248954002292031 0.7448581988137936 0.7071942333626459 0.7172636890562442 0.6807529787763116 0.6531954873281575 0.5824682061708182 0.5356601442547027 0.5135711699014681 0.5204222168460487 0.47704232515779615 0.4227345242137907 0.406109449052646 0.4165557116837386 0.41957637801323155 0.42155926652389675 0.3924132397746429 0.3634874162449809 0.38175775074143736 0.4019188756537269 0.41846193006750365 0.3763207639382647 0.40617149680101916
0.8152099210097195 0.7737280792741443 0.7979975030550901 0.7627515523396536 0.7147982194278403 0.7438257497131381 0.746643771590179 0.6986807001016083 0.6894226543109478 0.7042251642244108 0.7383812722836226 0.7151760038413879 0.7561097644539098 0.7425576783477675 0.6641895108962766 0.6981860872314383 0.6971200003003383 0.6763081849342214 0.6797114701808276 0.7004939297689338 0.7125503537905482 0.7208171006334055 0.727000086074809 0.7070010555668218 0.728800737846176 0.6228580294504303 0.5712963662938327 0.5662152206460981 0.5293081032359804 0.4810535632939069 0.4638948358541227 0.4638884015369515 0.43690890337254545 0.4192534150506952 0.39266975354019834 0.42722955894580655 0.40021357336863617 0.3877326027437222 0.3558229915746246 0.42204140683374736 0.40947046722101504 0.41248843564120524 0.3900648692797834
