Raster_benchmarking/Raster/continuous/raster-84.asc
NCOLS 100
NROWS 100
XLLCORNER 1743155.487830711
YLLCORNER 5469277.91451003
CELLSIZE 10
NODATA_VALUE -9999
[rows 57 to 75 of 100, columns 43 to 85 of 100]
0.2338268936659885 0.23424304453851402 0.16494325151472009 0.13691344023536292 0.1381491549865575 0.1490234460520962 0.1369194852295176 0.12281503854121699 0.1187546534312313 0.14247511706971233 0.17806922590041704 0.1955050507053374 0.1986832497021229 0.19659376011051172 0.21235447710814997 0.22553733978477566 0.2862229415282847 0.3337663845364785 0.3618877391397861 0.39998062981822763 0.44010816515592516 0.4245399323286034 0.4452248993434531 0.4222533330653033 0.4598629509815084 0.5036341195837041 0.4967821912536832 0.561223479726958 0.5687971545474566 0.5822268709656493 0.60590852750865 0.622777552436589 0.6498432704671071 0.6712715194288412 0.6453860162813062 0.6346240073996972 0.6912328104298359 0.7260277591788493 0.7383671823614695 0.752233774883906 0.7439367638646075 0.7249559233412041 0.7691415079641277
0.2612018605387487 0.21409371246834666 0.1691288733439724 0.14497489884385575 0.12130668532641747 0.1436645181634628 0.1810543167935239 0.17532632220013253 0.18249876626688752 0.18345910548053956 0.21582575570644788 0.217264208628531 0.1925959790271134 0.2263450539334046 0.22164631251236164 0.22359716726130033 0.2610267634280266 0.3286677428309996 0.4007341059044865 0.44633738366992615 0.4657702180453811 0.4202709961579393 0.41930639579425144 0.42139143369235676 0.46201376960851825 0.5345587696352303 0.5356185904058908 0.5957993026531179 0.5990149698506901 0.6332983112038556 0.6513814059526848 0.6251618409810528 0.6640872719582911 0.6569687191858158 0.6431445846555949 0.6663380500563987 0.715661720083499 0.7315824645987581 0.7319645814532776 0.724215456957211 0.7382129348683785 0.7720723493126429 0.7845103872463833
0.2200033560652704 0.1804791957170347 0.19891804249946365 0.1872615511548281 0.15043064464478414 0.16915782871079807 0.15981977235714348 0.1883951722768892 0.22542006939358905 0.20804994741012886 0.24473532310787088 0.2326950933901824 0.2338824866210243 0.21135241266103413 0.20232462081196026 0.24241024683634244 0.3045708457418766 0.3336569578743418 0.3807882919823765 0.4256235431261002 0.4661823951234268 0.45844524110962515 0.4459485667126637 0.454729541422432 0.47729878667690795 0.540749892141203 0.5885662559810143 0.6016471045310173 0.6255097329076879 0.6480832186495692 0.6460327259944438 0.6441721125547943 0.6975422723468548 0.702465158973721 0.6965429569784868 0.693651462841544 0.6809666623071582 0.7046946449420635 0.7108914182743872 0.731309277819723 0.7507668276072201 0.7452316120124005 0.7797991954567337
0.17796388708699895 0.1668040842549313 0.19640983099771933 0.18755107398196713 0.17202612438807888 0.15174434678831225 0.17774607737417422 0.21691507208753966 0.24270113572969282 0.23096977669607832 0.24375346011380977 0.2428368748073469 0.24391202020604616 0.24775632289612878 0.22848850662704123 0.24437230356740156 0.3010971961053282 0.3544929523307684 0.38905432998072076 0.41901308701735224 0.477503304815869 0.4915716904364441 0.467358994082215 0.5288373901841122 0.5495215698733364 0.5713489872983509 0.6025914662084141 0.6077027590636361 0.6807554709287649 0.6401009384490429 0.6477123301964567 0.653370362176552 0.6900157119828816 0.704139237999227 0.7283646902774145 0.7085042269575538 0.7011462649192711 0.7012877553776651 0.7067630559350144 0.7249537160909759 0.7834149344717222 0.7871288326238056 0.7547728140377316
0.178005921754065 0.182031177450432 0.175779288871072 0.19440599847236098 0.17538274798568612 0.17811603344671828 0.1913255723995876 0.2233713049432181 0.2307446391108914 0.2547271211843099 0.24257264243721416 0.2320659629647308 0.251894758993979 0.2544852268521215 0.24145197022003095 0.2590984860636757 0.2852995042636344 0.32340937224740257 0.3835505560158614 0.3937141108647379 0.448665602032121 0.4678695097112707 0.4974596766101817 0.5448158961941065 0.5996526350032949 0.6096594529920134 0.62096584158362 0.6365877023990227 0.6752207579971613 0.6616323572380169 0.6531926274578406 0.6914325717639341 0.6761560219494797 0.6931678540663258 0.7001695661345078 0.7337251943750455 0.731763731931601 0.7226939038348675 0.6947175466317715 0.7282505104610375 0.7594263879923605 0.8144871952226505 0.8121828993561802
0.14418401245025506 0.18623090069471063 0.1711065203328475 0.19453018913140996 0.16762032101802565 0.16872078273748814 0.20666689164417928 0.2361169347819675 0.23795827873330005 0.24031895760383523 0.24104325548637176 0.22266986598384717 0.2152584032820315 0.22860086649509406 0.2691584719352282 0.27362366420603335 0.2338221222635264 0.3081098836828678 0.3335355074618233 0.3895829223711304 0.4335238752372082 0.46235952228333294 0.48154155293784495 0.5549412264640354 0.6197522318635803 0.6405836943289813 0.6365141809504155 0.65513380219212 0.7076704076773211 0.6985914888370396 0.6465527537564839 0.6639634115969436 0.699318335735078 0.6950789534343516 0.7016628036195022 0.7314143664607986 0.7098029246469283 0.7357620292559177 0.7038648154235334 0.723497445628105 0.783038783182254 0.8270086005536595 0.8417198440878924
0.21864112199709407 0.21525632999231775 0.20557786191596544 0.1977090758300776 0.18173316326964392 0.20227286476952167 0.22330738811931494 0.20592850773372742 0.22304183068211994 0.225672883999548 0.22858487722506593 0.20414775367208723 0.1854172315856509 0.20927901232524435 0.2576717835668613 0.28564072634935145 0.2721505359031342 0.3129225921054682 0.35916254266520253 0.3797957722056188 0.45179836825079506 0.4704129703692618 0.5325650982527839 0.5751553918153998 0.6037859588386197 0.6296707561946425 0.609480862454757 0.6308086462269556 0.6561453604793116 0.6953090809364041 0.6686655889999789 0.6797581735226411 0.7057106745224522 0.6929261679445051 0.7174961333048115 0.7111647085900357 0.7171650791205954 0.7393819976826532 0.7141663672476573 0.7436863882328981 0.7792140014081891 0.7819953843896363 0.842088192476528
0.23415588187753256 0.25758117093005695 0.2228778967262497 0.23146886431247635 0.25824293142111604 0.23382348122725452 0.25375516438019874 0.23716800053083195 0.2011866691491155 0.2153417714999789 0.22224542294764643 0.23299481920581733 0.19470703023341118 0.2121287257435997 0.23612200491008953 0.2677167489064809 0.33077680439999557 0.35123696300377005 0.3459672307525269 0.4189469536060826 0.48664382909117027 0.4965404798807361 0.5582777089142301 0.5975779054109429 0.6089432250816281 0.6298746117837352 0.6255969821831892 0.6258672576294018 0.649618735681822 0.6651151328139684 0.6853297244242172 0.6844608406355042 0.678173090875282 0.6944821770399723 0.6992025717246384 0.7256076482380892 0.7321707237840133 0.7329177902183941 0.73812012473717 0.7762547935516926 0.761308304887812 0.7818138954197794 0.8258326313773007
0.27954025154902656 0.27655824070869883 0.2731744673158844 0.29301040740308776 0.26596351878864716 0.2854233229016685 0.25573747319781825 0.2575767506099271 0.2346308719775462 0.24603156311865132 0.244660742786416 0.21307789747556488 0.21879451600322722 0.25754620889375057 0.29282383151053415 0.31745626426574225 0.3548930890348814 0.3642073043584489 0.3730874835819649 0.4222866588658527 0.49518801646269306 0.5069742505368835 0.5379143202928346 0.5666694665655698 0.5794869651516171 0.6045754165117411 0.619778110466155 0.6369448655465089 0.6574959010713946 0.665401645700404 0.7042799311987025 0.7105309219017625 0.7016032166643262 0.7044703464669809 0.750050440788477 0.7596722031788772 0.7835307611221264 0.7785103009637178 0.7631006768954037 0.7656302588512667 0.7817230011879844 0.789011820567079 0.7923015845298048
0.27409149021263396 0.2842998466923475 0.31190448352457034 0.30414183834997344 0.28888602038817063 0.2659310459378979 0.24083494097244348 0.2333465498023453 0.24901876492714814 0.2570913538676045 0.23864269163481885 0.2536591585601759 0.2437918756557016 0.27578346607155685 0.27721654071330837 0.32412734088491973 0.3709633566279995 0.3796524933479806 0.39695250949850036 0.43473227028190115 0.50671505846513 0.5476371508177061 0.5446805014197582 0.5761684598914961 0.616083382238105 0.578747677230072 0.5993860722129518 0.6249927420027608 0.6567126633292868 0.679048463511125 0.7073992720609834 0.7308087760143374 0.7580416096888148 0.7390554256128485 0.7694747182060401 0.7992893859440152 0.7895941978156965 0.7793043333026762 0.7759001891681374 0.7781018029031186 0.7467240683854969 0.7687101085799493 0.8081801071859127
0.2943428195865341 0.28605074541752573 0.32240891485808 0.3106048270491102 0.2986419986749962 0.29022651931240345 0.2660424740684623 0.28158976465285873 0.259728204819009 0.23092384510210504 0.27179712550930496 0.28338935329168735 0.29707829950721487 0.2681970641033248 0.3070506746792883 0.3044515761709469 0.36460354581381554 0.36445442705598907 0.4070490211161647 0.47046927522703674 0.5037378623582949 0.5353251640718536 0.5649955063589758 0.5755520271377507 0.5717090400302152 0.5926702543926444 0.6329239030621187 0.6665702302093558 0.6775347084027527 0.6752108216426032 0.7284503465265639 0.7588212648817038 0.7391148711273792 0.7560517687906564 0.7854799343776026 0.7993556399904453 0.8015176142217584 0.7565042457840531 0.7749399525969567 0.7496033309677806 0.762878224507307 0.8035184687599466 0.8209409529400464
0.3460997523031343 0.328711068034422 0.30809642688347716 0.310255838918845 0.2537169575867837 0.25891176708540314 0.3038583131758669 0.25701528409139646 0.23528884195119273 0.24590994867768928 0.2568738469528138 0.2913819840099373 0.30204593763773 0.288571860415529 0.31947976458087407 0.3493884257915118 0.34445656993836243 0.3816805124633688 0.4411059303702163 0.4922442578220898 0.5247572927414844 0.5551836702207471 0.5432504305006978 0.5916483622789588 0.5901473945618886 0.605035541495082 0.6507236154141912 0.6662690177044815 0.7010609152626609 0.7309500367966673 0.7291470363718784 0.7685140673595205 0.7667946627560918 0.7866527044029346 0.766440633600074 0.7657810662678612 0.7750555138343028 0.7649391196263258 0.7714686096873172 0.7771709623870818 0.7646033853970402 0.7852968804870489 0.8035595631926182
0.349803890393926 0.3132563034710792 0.3057322361588081 0.30673104066775697 0.26659746657246564 0.26361156445860456 0.2708560950007977 0.24195882690484238 0.24413748810346583 0.2467063787312007 0.24875014987053168 0.28418535353358587 0.34608155234650845 0.3527745577402332 0.35286886112851523 0.33718600435430707 0.3720221616875305 0.41179692841555476 0.45194581154222885 0.4636122759245447 0.5287302847909157 0.5466144154564792 0.5534848575345055 0.5885227431668009 0.6415152883383165 0.6363374107700953 0.6834567354111587 0.694986693662841 0.7085084402742294 0.7230535638681662 0.7474737090305543 0.7278959037552916 0.7736831486066845 0.7753321006965904 0.7629806944905474 0.7430216629356076 0.779993906091328 0.7463489622586004 0.7473656699652603 0.7507831792544396 0.7407078242977087 0.7700860045270819 0.8127366551956514
0.3218071807152187 0.34331226242622354 0.3261946534588741 0.306179239636589 0.26227837881728033 0.24734161646378633 0.2609483112147602 0.25638411250196186 0.250582148767889 0.25577591294245056 0.29138137093102745 0.3055324951183203 0.3705763421476332 0.3388235195239226 0.3267228686464614 0.3267436981251764 0.3404293287639404 0.42915242621328736 0.45102231788866 0.49270505676188675 0.530134060080907 0.5541058232489704 0.5845783788317865 0.6373364997007123 0.6687912558471267 0.6946746120771038 0.6916863489171631 0.707660908347928 0.7440954369091727 0.7210702056834762 0.742060836805932 0.7542219319855363 0.7603017143250361 0.7705671329885595 0.7460544831584723 0.7422330765517273 0.7750830016283105 0.7802046111242704 0.735610187097364 0.7625703037786871 0.7462688462774139 0.7827715256435402 0.7843422244877463
0.3360395385406873 0.3493152507813296 0.3242683699174318 0.2998945859635426 0.2596827946020385 0.24655264873590368 0.26240028060810117 0.27232785329522824 0.27073434883509523 0.31802826818092256 0.3049820335138369 0.32620473704598857 0.3498502515397372 0.36518361094495017 0.3480633841389036 0.3499744316849248 0.3710432748720728 0.4456355456934193 0.457763264335908 0.47184980406984095 0.54505705084094 0.5673120949848645 0.5860383540191308 0.6460705838934677 0.6464573891472665 0.6918448981680837 0.7278052280633878 0.7433060836453216 0.757042958309759 0.7622871738309909 0.7577817174542381 0.7721286434865395 0.7893915054847293 0.7807999585141896 0.7973779231028544 0.7948696171320544 0.7781276396766771 0.7787113160498177 0.7665526779552032 0.7698864507773597 0.7835585965699373 0.7932454611289639 0.8043841711285653
0.34888324177798913 0.38363815909686577 0.3595606233316341 0.33053454067395666 0.2619252806609642 0.29212522633077065 0.2689895229117522 0.27381653528741545 0.2778499420956287 0.3390491608799562 0.37406340466564897 0.36159523664869786 0.36045375922927436 0.36566822931704923 0.3748546965471416 0.39827476824310193 0.4478405839728715 0.46872639643468966 0.45816573703742874 0.47428770562394135 0.5305664533057425 0.5700660377583877 0.5992435912247772 0.6247963800791467 0.6512213465886088 0.668757296991742 0.7288352427973338 0.7460135489073088 0.7235213762162716 0.7590633939979041 0.817487369381918 0.7980034775567739 0.8162990960720454 0.7829317127134436 0.7967175221575962 0.8227838293484698 0.821598389240909 0.820599022406865 0.7824198686343676 0.781071414458703 0.8171947436715055 0.8446803956860486 0.8689054789198571
0.3341723384229583 0.37782060902448406 0.36756759087005636 0.3214274242822989 0.32429000637550853 0.3069144389456743 0.3266693655068508 0.32215732507859673 0.3376770852789566 0.3351888485786922 0.3447168221721096 0.36824342537471266 0.41752816745396315 0.431829634968619 0.4214692665858968 0.45688606227846024 0.45123466533444 0.45321000790570387 0.4884048027534031 0.5153211068124257 0.5312380148516682 0.574828116372215 0.5864329497174225 0.6435199413071468 0.6588048906568448 0.6941954027159201 0.6951417417740465 0.7136955308059674 0.7786339926639374 0.8139330057631 0.8269052027987448 0.8490884228952063 0.8203583525862376 0.8319875197981287 0.8357925834200969 0.8051764193267281 0.8060319504077651 0.83084540029143 0.8250126436765836 0.8038498060217008 0.8486716398768136 0.8594921813085166 0.8785314515842851
0.36986568658275926 0.3520457469406122 0.36709684369922435 0.35016430333908477 0.3209283061096007 0.3240302631351881 0.3479825867189401 0.3508618561797695 0.3258241072349788 0.36541118813156864 0.3783778395229575 0.3844834363481165 0.4284549383923069 0.46617918543666614 0.4731101068983674 0.4649239901348696 0.45107094312078955 0.5198519509524864 0.5549855049612546 0.5340640683848461 0.5742391630402643 0.5775978347041839 0.6189023612301943 0.6696250017781462 0.7282232841313706 0.7064662735886751 0.6929530405175552 0.7461380160749843 0.7723001554921078 0.8236295271970178 0.8583399916215299 0.8569209291139473 0.8448535124656876 0.8349186268683066 0.8460941711186521 0.8200898468419396 0.8412308850663569 0.8244941300042984 0.832436589902197 0.8184909914799978 0.8428792206298366 0.8827868313216523 0.8713031026180452
0.3668275403408102 0.3811031404695882 0.39409261778090054 0.3673456965509712 0.3765000405857736 0.34061179825028404 0.3781084943944623 0.3398089348649724 0.3562991541647991 0.38717268510963476 0.40838133301721635 0.4409625371916059 0.4532236770949953 0.44809391137935933 0.4598008342842164 0.486056369466643 0.5393185673014355 0.5513383340714735 0.5795625057473404 0.57597281360864 0.5920490170505008 0.5950923250920734 0.6250556355856943 0.6882020748132082 0.7244534517895185 0.7320394347174268 0.7229338672145863 0.7184292564528637 0.7882667031933305 0.8410514156728026 0.832889271525927 0.8268522768424148 0.818060425919118 0.8224605576683763 0.7934164073543828 0.8076089074584172 0.8353184666946507 0.8351011428074633 0.8308865851428751 0.8597953723040666 0.8357073355146901 0.86458574702 0.8815003069485969
