Raster_benchmarking/Raster/continuous/raster-331.asc
NCOLS 100
NROWS 100
XLLCORNER 1743168.9173486598
YLLCORNER 5469295.168232057
CELLSIZE 10
NODATA_VALUE -9999
[rows 0 to 18 of 100, columns 0 to 42 of 100]
0.5087634945686409 0.528723540082255 0.5575484708382498 0.5498597006994673 0.5678143333738342 0.5548796303155422 0.6077344713375131 0.6217689305056004 0.6624409978635617 0.6606000161502154 0.6328525926231399 0.6430648109446961 0.6004310581586336 0.605111659021077 0.5983903584518918 0.5706500681453791 0.5836012657822585 0.5546945214659112 0.5905227734089432 0.5806320348534928 0.5774911649821158 0.5827966586127922 0.5877208119103056 0.5486065597150288 0.5261711658869426 0.5346740992104683 0.522692974103185 0.5304548101363337 0.541336744080348 0.5713300734323626 0.5382888607915493 0.5202270426227591 0.5188274296122036 0.4975186573618058 0.4839769999210219 0.5316491969813021 0.5214888292040538 0.533166117172969 0.5364249073568355 0.5780536706762883 0.6005518339422066 0.5730221787489868 0.5692829714868267
0.5607229840703941 0.5296799318102586 0.5827637391266922 0.5908992437708659 0.5541888150490885 0.6125275917979732 0.6447217411435884 0.6548893964529585 0.6513658001052729 0.6651657364671157 0.6494926393400082 0.6366067134674185 0.6411876482944957 0.5822064707697688 0.5899072322328196 0.6003874762428955 0.5645387063387266 0.5579260021337653 0.5606062759231513 0.5826520413749126 0.602545763277144 0.6016066375566352 0.5836399877570483 0.5641438380304823 0.5283057471003864 0.5568967439996668 0.5395148620986766 0.5827957946642313 0.5928218663005486 0.5449316632633191 0.5526932631683209 0.531257854044528 0.4951517826185451 0.49670753724441985 0.4930137069602875 0.49255199335898886 0.5390343964589026 0.5150195843456354 0.5153231952527989 0.5659238133388435 0.6003335197409546 0.5772721151683724 0.5921517367372342
0.5459146563519278 0.5432790987306624 0.5611211988004681 0.6038130231082144 0.5717208445079449 0.604226233175656 0.6166872720663956 0.6644636554138035 0.6605153400265491 0.6817092810606296 0.6582038616586878 0.6645727410270139 0.6484542076957627 0.5954287628177817 0.5765671274002913 0.5764556521363284 0.572188826457605 0.5382874631480784 0.5676143561732192 0.542398800220239 0.5348333261983893 0.5497009913822447 0.569172897792263 0.5411982358404032 0.5357217701080506 0.5423520513433869 0.5419766660443421 0.590710033446611 0.5704505663350247 0.5655918081438766 0.553705110733828 0.5666286048208263 0.5315334958243956 0.4854512540812483 0.4858102718211381 0.48190502454980294 0.5186221343416029 0.523572206524035 0.5278660383788119 0.5524226483869372 0.5741992789021407 0.6032278821579932 0.5514606335284249
0.5343020837743688 0.5420076125948413 0.5773569111234084 0.6253113129706841 0.6227305976387152 0.6162958178519308 0.6462870650971658 0.6789310880012639 0.7099423897907581 0.6808193828449585 0.7157803827572261 0.6681068170637715 0.630595172730153 0.6085922631658637 0.6150295607597285 0.5568530494089778 0.5626572553003528 0.5621366295748901 0.5597268005824033 0.5759499232625432 0.5445860734334378 0.5752347267367192 0.5476740308300132 0.5115397459757245 0.49172935633343995 0.5331211953034891 0.5203984747562574 0.5873989675655492 0.6124832877128097 0.6083604144311574 0.5955733990940937 0.5581129099308144 0.5252334786133651 0.504049671151037 0.4796730753032489 0.47099858418741297 0.506025847447344 0.5122426982817311 0.5225475537898362 0.5743007974443369 0.5826791793166565 0.5567061074462133 0.5524274432020918
0.5421016006162088 0.539175919018348 0.5903921100460046 0.6283355054324022 0.625441613258301 0.6318883851871521 0.6577849950267435 0.6610295699113847 0.6751871421972884 0.7153928960406127 0.7296796310622358 0.6857432076745597 0.6632731391476605 0.6083196775637899 0.6135006847707399 0.5746770659675168 0.5747017063198527 0.5676673930664793 0.5717787468341098 0.566539478596282 0.5454094521491093 0.5620400000613687 0.5609425590266431 0.5162542312992775 0.53252797021869 0.5241118602864998 0.5336853298345015 0.5669937839154905 0.5718245081069107 0.5704961777214113 0.5560643927224174 0.5433787152932295 0.5518034732572894 0.5275472581163394 0.5286668440711866 0.512809401089618 0.5083786505896676 0.5138389176083096 0.5532856942162129 0.5860949236037801 0.5693476750842158 0.575475661170283 0.599345631032689
0.558313420930181 0.5768773836244367 0.578050177732373 0.6424577355923695 0.655177708385397 0.648606985599494 0.6561651181325441 0.69514155284424 0.7130920778865484 0.7207213526819063 0.6982927921158151 0.6860818128193684 0.6576427007064699 0.6219243718969478 0.6003922389399682 0.5793871546842077 0.5904842453218485 0.5804221643945447 0.5959527515627028 0.5710254332637792 0.5593827523514067 0.5409799919349013 0.5578282145426622 0.5157795628080365 0.4989158712769592 0.5252855327702719 0.5126302738099506 0.5215901679951613 0.5282193610636357 0.5835114683662703 0.5890562246019317 0.5696676907953401 0.5069992513343533 0.5237312923553548 0.49953914271191 0.5193133785256189 0.5027499963720187 0.5574229585107818 0.5948339772624007 0.5899133771086414 0.5518368474813345 0.5907551145828389 0.570954003646358
0.5896313849695864 0.5719189676228983 0.6275806063597581 0.6277397089865857 0.656698536612859 0.6712372293035764 0.6651331923562636 0.7174651819302754 0.7339567074757706 0.6884632592326967 0.6977531609868771 0.6648318629416128 0.626371282424677 0.6155471446511531 0.6267498814072973 0.59648405415565 0.5925386372802101 0.590955576541086 0.5862645585665092 0.5647775856295005 0.5885247736336309 0.5588774959857704 0.5496747649608533 0.5534662835949345 0.5460227535467548 0.5260855107221748 0.5258741291317961 0.5169895369302421 0.553022348268725 0.5628012277550317 0.5885784063773504 0.5362063093315473 0.5049144233088436 0.5119170523489901 0.5095008350358086 0.49786048214284473 0.5140784557565695 0.5407455814616944 0.5816901754867077 0.6163914002314893 0.5775899827554652 0.5740590346875821 0.5749042359037824
0.5910380817512408 0.594988255453375 0.6322221592492119 0.626385448352168 0.6652384623315563 0.6886389815427739 0.703852460787187 0.7014792167911778 0.7237844881571698 0.6746726041966606 0.6872796574049822 0.6559649698329546 0.6407623418200391 0.6535232079972401 0.6199996393428505 0.6329351460551021 0.6173278535691727 0.599591454747323 0.583701269405624 0.6091529654733945 0.6100472040654678 0.5965213320712077 0.5396513661300844 0.5396843159747072 0.5569207949125896 0.5693914490681987 0.562179362663359 0.5578434285529776 0.5554432467212401 0.5966524115836022 0.5800983492918398 0.5838435719801796 0.545284766568395 0.5200585699997983 0.5324380016493162 0.5538550714037841 0.5418318069404194 0.5479020719017776 0.6203014660097127 0.6089376194605773 0.6099687725941965 0.5702428618318336 0.6066792761573309
0.5819633281148194 0.5854403491483621 0.5976820045769803 0.6292291588353854 0.6570744397716771 0.6819622927155748 0.6856473625511101 0.7135383882170845 0.7429178101778459 0.698665337601467 0.687684260579993 0.6791592174481192 0.685850958157208 0.6633767182585503 0.6506102864597507 0.6184702999032811 0.6377775868266305 0.617503526339551 0.6138924673877388 0.6092600470687252 0.5778138627856795 0.5743401686601441 0.5566027532863731 0.5503468474208765 0.571882919991443 0.5552572907849203 0.5525521245925531 0.5472783556036158 0.588571319987688 0.5910008274755798 0.5704167946564925 0.593087763863226 0.5340920676157057 0.5342538837871547 0.5382431685149802 0.5458206237008602 0.5511349458555581 0.5529192657370852 0.6009605907093256 0.6057611355462943 0.5964811964061156 0.5891873927076876 0.6098718240360702
0.6076502512852724 0.5989862159393287 0.595544610996018 0.6389004836258945 0.6867392273701163 0.7239678074685948 0.7408759195185606 0.7494556840844527 0.7468624028614226 0.7377643231400183 0.7278366206653052 0.6864944154129698 0.6691357442109607 0.6927790548451643 0.6510798527337568 0.659244926775433 0.6508708842663885 0.6003319654054922 0.6037693135656186 0.630997158153036 0.5734920815751836 0.5863927132306823 0.5786601549718515 0.5851600379654096 0.5593938952062447 0.5676078062307818 0.5597815270630123 0.5534912543582812 0.6062442284759847 0.5836375771409049 0.5967194022282546 0.5870934941072335 0.5564267898778306 0.5611412868969472 0.583777780715505 0.5568941271141297 0.5649424920246277 0.5789207593535771 0.5775406093116956 0.5747127405278553 0.5840490806910414 0.595180482483692 0.5804850550462435
0.6150666106487067 0.6273176124926527 0.6190469111601627 0.6511362449291795 0.6629222467545185 0.7083017152857236 0.7342034807457405 0.7164193733792996 0.7455332281570994 0.708469693306181 0.7313079589826417 0.6901090185621243 0.6740924928463331 0.696868654847903 0.6751907829918451 0.6409279071861674 0.622225483287764 0.6156172092701154 0.6015705469633281 0.6366509116330609 0.6147592274512669 0.6117185733009023 0.5672865858868336 0.5862387289639749 0.6083953156277322 0.5950345344281707 0.5691181922114292 0.5539431066256493 0.5929969310820047 0.5694448020028804 0.5423082721924406 0.5535583912051643 0.5634460327683165 0.5772042216873177 0.5488996531285952 0.5644187674428501 0.5589044994626873 0.5194612456551924 0.5625005464044139 0.5670290415835033 0.5395808884748189 0.5639727366508303 0.5519133756853375
0.5753413772083732 0.6464952138487213 0.6401765898556175 0.6660290577198044 0.6929703884982852 0.7271145165592824 0.7405286436689653 0.7470117641074605 0.7291568321102527 0.7140885370101372 0.6978605268768772 0.6852573406066074 0.700153933554693 0.6805961773174771 0.6743448787705577 0.6671298638257791 0.6555820159233122 0.6721810145923657 0.6538539079138472 0.6712656410363679 0.6282917324619889 0.5871426989703182 0.5910340472559233 0.634630705032252 0.6389897045009796 0.5870823348685961 0.5649666667111914 0.551889524582545 0.5683857165050716 0.5396776867582609 0.5317827015311799 0.5426358797559725 0.5717114450670896 0.57923318319872 0.548060611836792 0.5548845817595967 0.5036996199385471 0.5260387093640835 0.5068112579218547 0.5498525815398426 0.5231670413533569 0.5002253529950306 0.5300737650699862
0.6019457389576585 0.642278005641518 0.6856638383894433 0.7089441373518872 0.7094290996402156 0.7146683524291698 0.7382263855997993 0.7521469579677972 0.746778071363525 0.7206346687632791 0.7090860026666632 0.7247025851995219 0.6996601633085002 0.6775761956366828 0.6966675645524395 0.7018478372606225 0.7120124174216623 0.6836161256517926 0.6845654349078065 0.6825782500804073 0.6312607080966532 0.6146780663832397 0.6003904338721542 0.6209672572282015 0.6515851569346267 0.6189056977165189 0.5908535359673279 0.5559242548200015 0.5740035460734075 0.5356430409095527 0.5539013792505199 0.5389514820210842 0.5229879849981801 0.524283413526045 0.5401844536748648 0.5274649109590416 0.5164368685401246 0.4999666735224577 0.48424670802367903 0.519422631097459 0.5101620359390119 0.47798522524228604 0.4868161901048301
0.6129348223053611 0.6611263290762774 0.6948374590960501 0.7274819708153559 0.7233245977219573 0.730353428590399 0.7764792591755981 0.765110374273321 0.7876892051857972 0.7350492158081929 0.7336873656862397 0.7311688379707902 0.7298067747587248 0.6990402328156475 0.6749825216069578 0.7200183197975148 0.7030544286851221 0.6986939422012836 0.7016834975236035 0.7034183544829017 0.6544612482658788 0.6451610968778533 0.6209907181028389 0.6165443906706817 0.6285448138208396 0.6049370772837482 0.5607847992167776 0.564855878267327 0.5433427491060042 0.5581963503857159 0.5555209040216842 0.5501100775810679 0.5113738269240083 0.5197630586186056 0.5248707346077415 0.4908742931031465 0.48195457335504166 0.5039756167753927 0.47210285780499245 0.50428467559123 0.4898358122844245 0.4800223690908003 0.4394929096492324
0.6248334494851009 0.6681358849744349 0.6737159464304592 0.705240894757359 0.7440794278422657 0.7221148208818595 0.7410968632020714 0.7482377774010986 0.7749340577195364 0.78630127242275 0.7504828161990343 0.709777426072838 0.742461637212798 0.7097571447251366 0.6841250107826671 0.7101930039369964 0.6814618350073982 0.6810058858875007 0.6841893794167924 0.6855836855409684 0.6751582510788021 0.6570702835845722 0.6314074997148549 0.5752664434859464 0.564708427149932 0.5634781644396729 0.5738104188542836 0.535891066177693 0.5309989363995028 0.5473938986381489 0.5595326954028265 0.5449460379369367 0.5290156942540863 0.517153620441126 0.5090480825411735 0.5082525020300842 0.5097518223653406 0.5058800014593078 0.4769705220343209 0.48109958855505625 0.47765215747159895 0.4675460287392767 0.4702771744146004
0.6225793131065045 0.6362695878355489 0.6531535907573545 0.7075762536318583 0.7382506698599193 0.7209692608178961 0.7307155418157667 0.766637497089331 0.7924726444543405 0.7713043417329684 0.7560441143229658 0.713991054516289 0.719158076489526 0.7296506548764322 0.7332408595816802 0.7318234261470925 0.6849918135169915 0.6709357653030047 0.7044395876339676 0.6981541348117251 0.6961372693873352 0.6522232136032979 0.5944455923034649 0.5625922150594019 0.5544465497973382 0.5558912435170485 0.5714402791558034 0.547561067182844 0.5431779066219757 0.5577922040757257 0.5494948877214475 0.5821579458826597 0.560370262705869 0.5437019909287761 0.5313881343879545 0.5535729516178409 0.550735913346527 0.5123541665386256 0.46245244656167905 0.4400654154742341 0.39677674100283405 0.44409154321983485 0.44812030301678135
0.6519542025311285 0.6785798074792446 0.7010847143537483 0.7104853743763239 0.7386085655859791 0.7333806395615673 0.749746146674828 0.7407885383789945 0.7621508276880224 0.771357177288193 0.7399535167059633 0.7183092113813239 0.6992088211597024 0.7358249529404306 0.6977669873971825 0.7048850525557154 0.710343247120348 0.6872514876097925 0.6912143521097477 0.6954298625176126 0.6610948433422755 0.6703242065739751 0.6362720137258276 0.601454455114258 0.5936995103746956 0.609211996330119 0.617696658581154 0.5828303627800638 0.5658717546741209 0.54989402535072 0.5631508705357247 0.592653108713402 0.5926357727495293 0.5614331226035966 0.5357000228633438 0.5561404681038716 0.5652072545068095 0.5393774777191384 0.48347871604379644 0.4241280022774536 0.43686505291487776 0.411012082419054 0.42941725664223335
0.6794082668044298 0.6601382597705543 0.6707113976816272 0.6841812807753394 0.6965067797091312 0.7418934339832566 0.7365974394956217 0.7726836716089087 0.7712972872897 0.7784076629259002 0.7524570002846164 0.7298431036382709 0.715594358936063 0.727396248245654 0.695014385733323 0.6933891650414127 0.670302032862254 0.680706009940131 0.6849499472286331 0.6812087165981751 0.670055957439051 0.6877800695133205 0.6784469269887763 0.6518527665000642 0.6794166899888725 0.6472292892087765 0.6357956637250218 0.5996226221815273 0.5739037640485076 0.5921249773963401 0.5998707041834729 0.5938584496376812 0.6188222547363408 0.5602615719871891 0.5651922333040036 0.5662877057155196 0.5447735597609322 0.5444439709751938 0.49592027332817673 0.42834906549972934 0.412616022083851 0.3837513276750027 0.393206978457502
0.6357414916462886 0.6646751807058787 0.6787043697331852 0.6928712003738395 0.6724627495654432 0.7056870778593122 0.7038005077870588 0.745638433628951 0.7398819165942042 0.7565465652737527 0.754611082928002 0.7278013446719737 0.7359045766691175 0.697597671218534 0.70051000416819 0.6840796805862389 0.7096587989267168 0.7212870438068979 0.7176754723714256 0.6806645798475802 0.6753877589049607 0.6961786073519715 0.7141091355282123 0.7046462071081948 0.6679958182273744 0.6475490990840035 0.6341242874323014 0.6299522095176814 0.5931195211042588 0.5601286769061141 0.5963651179107466 0.585556124537928 0.5697568855933192 0.5528953879753077 0.5195812731131476 0.528778791756709 0.5145793774546416 0.5075092161650094 0.44840490391272775 0.44798476367548 0.40285413566910816 0.39538076155241375 0.386413176663967
