Raster_benchmarking/Raster/continuous/raster-150.asc
NCOLS 100
NROWS 100
XLLCORNER 1743163.4195163774
YLLCORNER 5469277.995914267
CELLSIZE 10
NODATA_VALUE -9999
[rows 57 to 75 of 100, columns 43 to 85 of 100]
0.2932492874635688 0.26849041563616616 0.3227790572232352 0.3395457885419723 0.31339614762676477 0.28050733525730986 0.28194036561648084 0.3220095115854249 0.32226111292407883 0.3156570501151931 0.3151173959845702 0.33377506956181824 0.4030270867143028 0.3712574745614246 0.4004356506612099 0.41743352902728675 0.46299649418252226 0.4848641038968971 0.4685087446526328 0.45096446703787896 0.41439846858252904 0.4281134422124293 0.39098171448660896 0.39118053157752875 0.4394664681619062 0.45949920848644105 0.43323948216592184 0.47677282625003686 0.44326205898948096 0.45725857536952774 0.43245860237482664 0.4684101446722262 0.4675588264811151 0.5184061684422755 0.5341116812752216 0.6069915087480481 0.6235129036160991 0.6058031847292442 0.5906760496372297 0.6337602036439853 0.6392393467979672 0.6705800310361772 0.7170466475235673
0.28524324256808115 0.29352381801290217 0.3434718069911114 0.3648170439613147 0.34888392453587724 0.34783166916557934 0.36271433181858825 0.3370215392609184 0.32294837059163606 0.311170828215054 0.30437616431084785 0.34528729317645085 0.3828489065021616 0.4086139574415061 0.40198011200390044 0.4332450352707193 0.4472184422678873 0.4526744489934055 0.4643649886612061 0.46763724862316264 0.44198781130209275 0.4175171242001175 0.4124184093842357 0.4032083062668481 0.47205504771725837 0.4793661010040413 0.4714155816347287 0.4823301048969454 0.4388048499204124 0.4429298115261493 0.4551204760857786 0.45358182453926027 0.46896149911328716 0.5065867248052189 0.5551373389114375 0.5795247302837864 0.6084574270297298 0.6039074046005627 0.6358870622310434 0.6555135277771142 0.6734755522314901 0.6609343174158872 0.734145054655001
0.32419885154751193 0.3336862251949472 0.3199310594328872 0.33618193278721564 0.40103325122105576 0.39881139307146624 0.3965343278431971 0.3281661065065525 0.32806792436751503 0.3089047072566392 0.30132183302682997 0.3817848879098645 0.41610784988975635 0.4231343618152573 0.43302320718790754 0.4179213610812753 0.4430902936775929 0.4681489189128934 0.4616800529138521 0.4653796775778939 0.42136211770737075 0.4068238017609864 0.4269039882676737 0.44233657147311517 0.4655905159394764 0.459879719459768 0.5216933749311288 0.48027011245939 0.4963303302309751 0.45368873226229894 0.42691953967483315 0.47255625089285047 0.45360511662035685 0.4969545972204097 0.5678235096882505 0.5889991951956872 0.5959871573363675 0.6329606029002602 0.6529520371799804 0.6683664065666239 0.6490475243187435 0.6797237272447395 0.7258150853321315
0.32839390064488716 0.36288264943624926 0.3571797590471962 0.37050030729574296 0.40264806322470453 0.3926893970612681 0.35660631035754203 0.3550556871914112 0.33197399605508204 0.3073419359542272 0.3161240956748359 0.38621211273576805 0.4217134245797974 0.450045467276739 0.4197420915685105 0.4457789498154971 0.4631923691748257 0.44040879698649793 0.44321134446976335 0.4038620487717895 0.4297471494388996 0.40273917281132304 0.434385558807948 0.47247130666028647 0.46336626843307915 0.4869724446298242 0.48109067040856685 0.5381465855051506 0.5449084315024131 0.49732243718861 0.4624046115398625 0.47650770464909364 0.49487418739573585 0.5123850449389493 0.5778381997663355 0.5859644275826166 0.6367185310384669 0.6795452226537656 0.6677076015732285 0.6849519715428484 0.7150642196943456 0.7246256232865409 0.6959567956239933
0.34768113068882694 0.34334432447852087 0.37777748042940207 0.40418823472447285 0.41508277999464505 0.3882206078663527 0.40083667650519755 0.38554706557276014 0.33331459731395546 0.3309218205650388 0.36371855151135013 0.3784622952902728 0.39397005372388316 0.4308130191129863 0.4547517026734722 0.4410374996715446 0.44901615611477547 0.4201104503351517 0.4162275222810251 0.46015306920357096 0.4349560739700417 0.4370263782934372 0.42619922201442506 0.4750237189121971 0.48795003617423094 0.5011176707648639 0.49474872662703684 0.5409842201300761 0.556068731456412 0.5401191096304385 0.550017598593038 0.5107121757034688 0.5163200360392928 0.558349962384836 0.578251783965768 0.5806148909960508 0.6652170215175655 0.6884963065330468 0.6959069496998304 0.7198817811399348 0.7421200111555596 0.7078266055583013 0.6873978576276335
0.35902925028720367 0.35818285628170743 0.3545979337063194 0.3861887898290288 0.3713196018970187 0.4156442369387601 0.38447858370042004 0.3891905668819892 0.32094714860024187 0.34676990212223735 0.3442343714359986 0.38022663768082476 0.36397223593590367 0.4037326364377497 0.39789402376753497 0.40064900657749014 0.4246484485546976 0.4224814373004496 0.43451869463389836 0.4727860417522936 0.4816480100673194 0.46128217050259235 0.47077675429721866 0.46520414848027036 0.5295682308270536 0.5436402932242925 0.5721340749638449 0.5617158185504584 0.5409085973670481 0.5188146622980085 0.5270260811744518 0.5355144804156552 0.5490112057562564 0.56810190728427 0.5869419679981835 0.5872584401641531 0.601584985195338 0.6547985212543989 0.6785381367966918 0.7412014547593302 0.7659913473524148 0.7297323363544634 0.7348229514196724
0.3177720186481639 0.31152660206251165 0.33700667788798844 0.3434171261140546 0.3833527719674072 0.3910219930163412 0.4189831922364621 0.3766062276020623 0.30193669607867446 0.340307528202939 0.33153218335097473 0.3231708196427206 0.3385929545273963 0.36180550408907586 0.4210840803407457 0.4083781053486327 0.37875699641965965 0.41527245140352137 0.4489069087620427 0.4863309953448685 0.5190942040252603 0.472967329396209 0.4953221798281593 0.4766754563876769 0.5215998826399479 0.5216877169151434 0.5780414736336073 0.5484391678694595 0.5147373195276026 0.5256212690923888 0.5067278302940915 0.5365693861448231 0.5187879169270242 0.5150413758181436 0.5493969845144515 0.6055382329686344 0.6064827600236354 0.6311072629079258 0.6943114381936184 0.7331312435642824 0.7386101406786203 0.7087003718140253 0.7364631421639671
0.2871974833621151 0.29384323565509873 0.34341326076856526 0.372669147346729 0.34178674015815785 0.3604599628215798 0.36256345401812495 0.3402108684886852 0.3078362795936963 0.32059745739597567 0.3061274931561928 0.33121648149384675 0.32500985835828844 0.3413123038160496 0.3708062598295787 0.41246777905943055 0.3898930850503664 0.41670345546515297 0.409801540257078 0.4620423144279046 0.5358756573458073 0.5321505099327665 0.5103652520721642 0.5309416183940873 0.5011398268206395 0.5499612011409589 0.5667191188940804 0.5600513003851783 0.5689982824554702 0.5588554320953331 0.5273085819789559 0.5467911823339867 0.5552936041729937 0.5237206541417807 0.5381429140498214 0.6002303811675109 0.6472699954807166 0.6727355634430593 0.6699469732454544 0.7221797454772011 0.7209938062388567 0.7394150208561593 0.730504728690784
0.2891103623869982 0.2861460681022062 0.33257507955456217 0.3234171782458034 0.3548577158888071 0.3497960938360494 0.344753989596452 0.31776683374958703 0.32242357115505843 0.3560668621784943 0.3361245351437068 0.35922838648707456 0.3571848311058673 0.354770620937607 0.36261178753093787 0.366524089086051 0.380755750998962 0.3840872851851915 0.3950273708534166 0.4552626969373434 0.5214454883932015 0.5160114507185848 0.5492792754454778 0.5477867251833695 0.5085350564163001 0.5265072961067367 0.5564548739797873 0.5724486986535617 0.5445750708551672 0.6107925403365232 0.5967656736007816 0.5955424030498688 0.5665912649027495 0.5536778452412261 0.5644528230249527 0.6170290533977357 0.633616973093817 0.6681261440615668 0.6806167567178714 0.717256747666449 0.7066078586027814 0.6780592120783261 0.6660481984270076
0.28240314260488336 0.3146485759492677 0.288057877818284 0.2934431967433193 0.3333657280930933 0.33650943916838255 0.3309991099431369 0.3249594275567389 0.3568683440415536 0.3564238247339962 0.384548153068127 0.3718891118596612 0.3626551242144371 0.3877528646436344 0.39141812701852585 0.4043044044557241 0.41306178384947373 0.407391234648596 0.4298238467334003 0.479953958617581 0.5120643642568729 0.5018461844825942 0.56015617972498 0.5777773816159985 0.5622088177522037 0.5602358988271748 0.5591737687464194 0.599439328899156 0.5903019085577017 0.6284785982263968 0.62564204679889 0.6065809937958633 0.5627503567686096 0.5475229942938986 0.5807523558179482 0.5765744681053317 0.5844635566180957 0.638577042586231 0.6064397555121979 0.6438640072816877 0.6695306486610015 0.6817905624726166 0.6276661687429276
0.2847544301301425 0.2589361548419467 0.26512136284087845 0.2522915546175172 0.27277663433314736 0.3033522442464107 0.3188431269914236 0.3743884639782774 0.3879602002253031 0.38248081311534987 0.39081380264279836 0.3882730261220818 0.44344527092397107 0.3900087987676385 0.41652027966915534 0.40496180557213973 0.3911754472309921 0.3857392308303966 0.4288958170699908 0.44517048543712534 0.4880397542715534 0.4945843654159314 0.5589285097898623 0.5747653952840087 0.5844534776282143 0.5938590861120359 0.6024531896442489 0.619631286823689 0.6461157754390652 0.6479285707577148 0.6472819382236512 0.6203495380443815 0.5978091434336563 0.587611923081714 0.5554348556996361 0.5329919479797094 0.562501148374776 0.6031653638816651 0.579103874163882 0.6229209011189113 0.6448442893401098 0.6037404760722355 0.6300591288364409
0.2860060578008294 0.2820150866883972 0.2815117325722676 0.23269365717229298 0.2767052151201793 0.24402953604450353 0.29072353696499614 0.34925401383698046 0.355989370186838 0.4114487513200301 0.40189088333110895 0.42876348012747445 0.44285480835943153 0.4245086526347476 0.44989160355171887 0.450388399254744 0.40492999479950686 0.4309401210813586 0.43071684307704167 0.49223353327812414 0.5338650164482177 0.5235120916877924 0.593488664829852 0.6120227590822376 0.5867656572508483 0.5909743233027756 0.6171589980069289 0.6121688140532664 0.6546544843502693 0.6283097042949568 0.6407667454850752 0.6510583204308305 0.5941231144695083 0.5854797383264826 0.5946837961504298 0.5533002030528542 0.5821420587388576 0.5799757303887265 0.6047930965709925 0.6434904767482635 0.6439020961760876 0.5767282678449203 0.5902211388973383
0.24315382124091828 0.25938241266719525 0.23777040198392366 0.2525777406711602 0.24980038942709057 0.25656717893498066 0.2514155484086022 0.31446112285359346 0.3452254986238208 0.3830720135662981 0.4269875770491422 0.40822470162906055 0.4473870133217902 0.4721861973885986 0.4866650553551035 0.4602877130119576 0.45892972643597874 0.47911969071957233 0.46980609764229925 0.5265550858292248 0.5583262514291475 0.5364229644169106 0.5899860972663558 0.6220850889067946 0.5999767796433276 0.6275843707341019 0.6545171418263642 0.6079419476268727 0.6244306787053713 0.6636145131437731 0.6668125258668748 0.6380215488255107 0.6302426264996064 0.6074930883395706 0.5923166236395063 0.5912465068964456 0.622081389646369 0.6088407719391075 0.6512570424117369 0.6479058602311223 0.5938997525060077 0.5684739215057633 0.5372459730420037
0.22440420795724186 0.21443889357862575 0.2155927337082632 0.23639224095852007 0.23106357299401636 0.2569639719956578 0.23313722243349785 0.27343098722127723 0.3009720806753457 0.36106170513111996 0.38650805077585665 0.4045346669269309 0.4200247243403667 0.4742287183350212 0.511607558055952 0.4739390781519095 0.4507279339539816 0.4508960348653044 0.4606572228264761 0.5213365273929673 0.5055581211395257 0.5424364661662484 0.5585209267458242 0.5938099717991638 0.5908663663565167 0.628669620695152 0.6533727820833976 0.6333113030113011 0.6102621576932017 0.6242284846511508 0.6185743901362808 0.6591346684517561 0.6274253727532093 0.6083604518628262 0.6065688654256841 0.6588112006340037 0.660785418464821 0.6856678103804308 0.6307263639846649 0.612238636308203 0.5915602238608433 0.5994232910745471 0.5727350800508882
0.23356718166338886 0.21444849228189336 0.16191789579638632 0.22052551335449308 0.18178058521500864 0.240474482994199 0.256221550975297 0.2833273212572607 0.3050080661816638 0.30901440346615905 0.3312717173414787 0.3953159091785986 0.45291421260890935 0.4696013963528748 0.5043098882488368 0.46627171410198887 0.447364801855769 0.4451104312585056 0.4810426169491339 0.5206046678164556 0.5046565932374316 0.5311329700498697 0.5694257939176736 0.5601005885207253 0.5752843572684306 0.573309568445462 0.6336417513869043 0.600607228736786 0.6192892507605133 0.6446577845441547 0.6247162545247748 0.6227391131347351 0.6122540268553548 0.6167377680328369 0.6347972867216849 0.6828641735697003 0.7078478917423413 0.6966163831509592 0.6817472282683832 0.666479478423874 0.6184805817217734 0.5829429004809271 0.5442936656982885
0.1788238145006797 0.1878398722633879 0.16038217481637435 0.1975521636807198 0.21542041583239455 0.2074622736507638 0.22700527779584193 0.3024711071693364 0.29664970420989617 0.34829207848337673 0.36806514735729584 0.3560240377099634 0.43493775361586556 0.45518280602025535 0.4293780025376434 0.4549121606922824 0.41883939169873974 0.4802321354082814 0.4539297146732907 0.4885950511946067 0.5352870008460198 0.5355906040027579 0.5838502625691985 0.5574913557414286 0.5596831504996332 0.5597609449740965 0.5700564759067991 0.6110514032060471 0.6204924063712866 0.6178996552521996 0.6316317179231914 0.6363168186692767 0.6106757926993835 0.6231860400522765 0.6339685769806601 0.6857434525593205 0.7184588370764295 0.6879824069008444 0.6911743249438195 0.6688376283407622 0.6510664481068233 0.5908442768701737 0.5524375292890539
0.1859694564310621 0.17011792263952186 0.14823697741813432 0.19524013711837876 0.22200053570840678 0.2226700530777428 0.21056868831269288 0.2587591865953544 0.32969406602504786 0.3415264765966992 0.35284798420147045 0.40107186984229326 0.3873862577700512 0.4174977267195283 0.38353148514957563 0.4137084504868948 0.41179107238461543 0.42124599579548155 0.47739995050037726 0.4653149975204869 0.5084441463863688 0.511904064918049 0.5660360674641007 0.5725242904333003 0.5768052339534373 0.5851063320926978 0.5665404000985846 0.5881463027785596 0.5638375637627285 0.6200931163967025 0.6441857332125454 0.6043441616451325 0.6136685954098403 0.6452543068243423 0.6702886657513012 0.691061541321243 0.7035060480803671 0.6962194988362638 0.7057332211899444 0.651130758081436 0.6242145275983216 0.5692496648974592 0.5377128508426046
0.17002866604126876 0.16248756876075773 0.14528824268290136 0.1690230324144488 0.1969282656653304 0.22860066541664908 0.23515028106092842 0.2566995110165698 0.2825925998110791 0.32894014433581276 0.36443521026848535 0.39079236525450217 0.4016254836595245 0.41581189542729774 0.38403615059557866 0.42379760729282023 0.4122320072256911 0.4025288819745444 0.4499348532799562 0.4452581098620093 0.4792178043587701 0.5166467292066114 0.5009615058283461 0.5218552856344051 0.5584424420631476 0.5714363877595832 0.5750844026843265 0.5313425379600316 0.5453175929383468 0.5745656620999003 0.6009679665081756 0.639414276443303 0.624023582295218 0.6090774810755372 0.6311750096096256 0.6473407548198687 0.7010546228498458 0.7113778559892929 0.6939824939155824 0.6705381228801388 0.6447888493729845 0.5983676868386886 0.6003018406259507
0.16368061959706384 0.17645716539119619 0.20312988463831042 0.1955897771149645 0.2129148955997397 0.21774767130574954 0.20343400929482114 0.2579159584076384 0.2963156966858628 0.3051718958987299 0.3320508108418332 0.3867179794721299 0.3850555077331455 0.3892080613908845 0.4198447664247812 0.43257720361960444 0.4340679909785539 0.4047466800832103 0.3958730511461862 0.41525441027434684 0.39244965099231277 0.48366827057675943 0.5077330324877313 0.524631478946519 0.5512350098342501 0.572657150064955 0.5611590939871236 0.5195559545270607 0.5327512411102475 0.5917121951238051 0.606058261417473 0.6272341891254485 0.6326418433075054 0.6075326070009398 0.6104939452113742 0.6517165693359238 0.6498906774371508 0.6704482371422603 0.7030550075587578 0.6380163962995123 0.5797810521263639 0.5929663594445421 0.5746338675525955
