Raster_benchmarking/Raster/continuous/raster-238.asc
NCOLS 100
NROWS 100
XLLCORNER 1743155.9674332517
YLLCORNER 5469279.01003582
CELLSIZE 10
NODATA_VALUE -9999
[rows 38 to 56 of 100, columns 0 to 42 of 100]
0.9542154160353814 0.9343327995111306 0.916216823045988 0.9249563743275696 0.9067089230146566 0.854239340741356 0.8112422914988385 0.813105991354342 0.7950718627956028 0.7631870041063087 0.7821756041733954 0.7525395525453428 0.7786939729673219 0.7045433856741398 0.6503463511614067 0.6144222127950948 0.6154626490181095 0.5278609167902496 0.48598375843586805 0.4484929181973811 0.39469042801510895 0.42885146261186113 0.445617864144807 0.39528844838862076 0.3809381181190584 0.4330565697593042 0.45383527671815466 0.47030436589869773 0.4820460257422526 0.4121397805429186 0.3733660523431125 0.3833485896010913 0.35830144926706864 0.36626350991491746 0.33206493303253876 0.2970294176193326 0.28431463278509045 0.3286181474559297 0.3546390345229035 0.36636256395252526 0.3660191091749302 0.40558899733985615 0.38879034565209913
0.9660821014327396 0.9434361988688369 0.9174551450707432 0.8399013831137495 0.808131326370319 0.7823032341038182 0.7694631531987801 0.7567939255175437 0.7395639981381239 0.753567715974015 0.748385381068128 0.7522107667780285 0.7414618762212896 0.7124805570894878 0.6169353688424768 0.5933379040844147 0.5989807433512446 0.5443236976423764 0.4604366095911753 0.43767947105297683 0.4562516018608283 0.39714471427679404 0.40516883089530137 0.34318045853288404 0.33939632628673844 0.3542508225070477 0.4152708250594011 0.44249471445761573 0.48978108893655337 0.42208333609625376 0.39514633442858055 0.35949849309649623 0.31417465732379674 0.3368082516033659 0.3003646229728022 0.2824553742080112 0.29484559421617773 0.3176882952960011 0.27197782144235244 0.261537499487088 0.27291539950788135 0.3481669038017379 0.36656808248524697
0.9660858070784589 0.9162895604442424 0.8498802148649165 0.8506766898494379 0.7631066217544676 0.7447578066788515 0.7268569126025791 0.7557731384056168 0.7082457511188531 0.7335363033917082 0.7486410004237267 0.7205503149073172 0.7086218703954721 0.7053644894009476 0.6537123611457815 0.5832707925379035 0.5999135962933789 0.5304044747424713 0.4440781414638954 0.3929498009318266 0.405226894473692 0.3783766997795912 0.3432372736341667 0.32523920919150034 0.3413082691011926 0.36525081673284016 0.4379254987409912 0.4922756911056454 0.4859921465207656 0.46973101548302737 0.40221642864813295 0.35089243890704624 0.27518778901230423 0.27305521814045297 0.2850860403049289 0.27060304039543354 0.3229402709368555 0.3107194056156742 0.28361523182764836 0.272541814373396 0.2627426181066578 0.3110928248853842 0.30276506738586995
0.9244971000098764 0.8539148480985623 0.8177018854281505 0.8021567336203345 0.7908601977751983 0.7037097643265332 0.711548101361445 0.7102746397982176 0.6998671971077811 0.7061386949637342 0.7466799074952478 0.7350680131844376 0.7010814549502472 0.6678337480515303 0.6423955208480033 0.5718555979641025 0.5869070557780101 0.5176335340767875 0.39315538836639585 0.336756713612069 0.31836562411668107 0.30772278334779657 0.33640430622302253 0.37548937849241165 0.3371051747820771 0.34679816430196403 0.4048649518493348 0.4895282751566659 0.550843392308318 0.4796221303184412 0.3791679681283044 0.3378147027381216 0.3066474945652435 0.2769143344851857 0.3146197261195517 0.2910688649354026 0.3240871854056806 0.29155128779405437 0.24709525687220074 0.24664973177606495 0.25273658546119315 0.27677772074881196 0.3187427434121192
0.8976240523198613 0.8706493692753692 0.8130750944615969 0.7897222830720413 0.7843873355460163 0.7090798574477266 0.712476104181003 0.6763590553040292 0.7226283589636708 0.6955401686725436 0.6771523266609586 0.7118473454157715 0.6559129242422387 0.588425010413826 0.5467198363753666 0.5425981692535433 0.5013673329105457 0.4466353494592744 0.43164929058842194 0.35812788339853696 0.3596856677121019 0.34159180713200354 0.30904168389024 0.36149306805129794 0.34037406229856415 0.3633642701481222 0.3895319168421339 0.43749360775697255 0.45532856669865623 0.45357729233528027 0.38510780170213854 0.36418673899281034 0.32816436230032076 0.31776772126664404 0.30783544648638717 0.32501343276095684 0.33138876468842937 0.3374859091412012 0.2641913881617927 0.27885657092965715 0.2635278260742794 0.29514584565703533 0.29066542267725715
0.8628060653093648 0.8492640553248357 0.8496059569316645 0.7779905829166959 0.7131386546269379 0.6914394305232441 0.6180285016841285 0.618204865518352 0.6994744451494024 0.6946247662875116 0.7021396730713916 0.6408715571058154 0.5767958538729295 0.5402478316552403 0.527992875249571 0.5373119431789348 0.4662295419540228 0.45073083906559663 0.4524438919651946 0.39957185280755353 0.3481864301192661 0.3074363210909409 0.308685457059449 0.32073339486491076 0.31971041172719755 0.3750845121316015 0.47356664905555007 0.48732286965467636 0.46379677284964144 0.4734058491840027 0.4219340228924661 0.40969652823671776 0.38802328395411134 0.36202602438829673 0.37167675056220195 0.3545977404860213 0.4236361564947755 0.3619257330224391 0.33683729177455446 0.2944802845213338 0.21650613365350987 0.27188703506041995 0.27743406109733004
0.8111085854124753 0.8117003108260483 0.801638726189962 0.7729759775307641 0.724298708636374 0.6515660893407879 0.6317959401366083 0.584497115338255 0.6313171752864178 0.6332173449348474 0.6467273263613427 0.6190830990765807 0.604617051886603 0.5208499664032962 0.5514120371736796 0.507990768209166 0.4553455600910258 0.48051410440644016 0.42201669697249716 0.3797407868414069 0.3250118132871755 0.3252010588124548 0.38475255059336383 0.3582524521258222 0.3477096366246957 0.4108938376583645 0.4275984073392147 0.4594967889455386 0.4626519036943761 0.4537181315296424 0.45183702952903804 0.3817524939948421 0.3970198340218211 0.39558971031850676 0.34106389562026507 0.36529603658625803 0.37786800400991943 0.4019451089306463 0.3210746746114607 0.2702363744579141 0.2507450274997322 0.2741705717393907 0.3101844068029625
0.8379002201401599 0.8420281006402898 0.7986369998447665 0.7200925837527866 0.6173844205264338 0.581729672882449 0.5345931028620847 0.5851073252243304 0.6056468571996139 0.618433835650869 0.6216860070619485 0.6290277435856771 0.5721840037472992 0.5282722046088383 0.5481584561748686 0.5189519392323746 0.4879085823697399 0.4945678893142521 0.417809117624741 0.38135305540077785 0.3581471394564605 0.32555751870385324 0.41354636272600415 0.42904899178107614 0.38076534360263214 0.4675531881563238 0.4992194442159167 0.4714046517930497 0.4699099070088429 0.4452515482971943 0.4677039625224515 0.3952829969872423 0.3873138564570958 0.37383518210760924 0.35964573165999214 0.3984819033052989 0.42232160516963585 0.4205433433108677 0.3573944365321071 0.2824233263821966 0.2429871620441412 0.2864575835141264 0.34623417304804577
0.7883323702092075 0.8084333707151614 0.7780648390973112 0.6541931606607119 0.5763489362535805 0.5772984643324793 0.5555160517802096 0.5753935503970296 0.5514189168884599 0.6032734896048397 0.5820250811491849 0.6000662550242458 0.6063329609203418 0.590255273987444 0.5407282134456906 0.5404795455261766 0.5051896288319682 0.46548634710710873 0.45622379101036437 0.43685380046442485 0.36488557665016197 0.35670280132090587 0.36638920668159 0.4320691631090698 0.4594368772143407 0.45908245064635655 0.4533801213031039 0.4795153807165621 0.4735224832522054 0.4679370037029385 0.4692685945309802 0.41680528534983224 0.351780503018817 0.4039864114625792 0.4165634172258894 0.4129670860766146 0.46008977884317787 0.4558306102177449 0.3651966881754022 0.2963957436278602 0.26899872310120826 0.31354253865222476 0.30395846293927026
0.8278225430596097 0.7895368212091414 0.7508337015830406 0.6627888089242102 0.5594281866499557 0.5790259683071742 0.5410538161490634 0.5731598382108857 0.5529537792063018 0.5720324896255069 0.5730637933346396 0.5764307543902658 0.5676165934004879 0.6172371570149251 0.5907000725068624 0.6113058405402706 0.5849303608986938 0.5155847554956348 0.521717194304777 0.455972315009515 0.4158349360889384 0.4082270737452724 0.3853179957703325 0.38057213246933047 0.421888938611555 0.4499782009383031 0.4457308475203807 0.44796514854246666 0.4707629846610139 0.47446215145166015 0.4594808534459257 0.36959067195649703 0.3357532986270817 0.39469994101880274 0.3937858743735562 0.42228015206138814 0.48020237829278145 0.45696950204667114 0.4215069181577096 0.33588570696848885 0.28161639997646953 0.28199649400787186 0.27899094401687324
0.8179377015790488 0.7717021521445182 0.6917494142979885 0.6729058205925654 0.5705173239923017 0.5308802925837219 0.5648736709368448 0.5497644644221045 0.5020876115140128 0.5422098383107006 0.582830524717784 0.5965885710890921 0.6332790517111079 0.6295112216865983 0.6592891034232596 0.626949011687004 0.601805508850296 0.5821123628869789 0.5019384496888394 0.44635651572835183 0.4570038021836892 0.4563132892850612 0.45630115781976266 0.4121976548916136 0.417105611736322 0.3855478129595683 0.4128348469394248 0.4544501761786571 0.43999733716165684 0.4259030473825018 0.38200174286100896 0.39216109515687564 0.3942932329486988 0.36744588559060914 0.34563833000687405 0.40590552497003035 0.4651118984273636 0.4924855172758088 0.43681263887873634 0.3742835315188698 0.3220863810455461 0.3510155259111189 0.30643137500569934
0.776914090673448 0.7244647290134621 0.7046830490128502 0.684005275121939 0.5831652502487477 0.542596641800731 0.5641492006469264 0.5865616357131037 0.5128021172181488 0.5601061213351659 0.6224774553203999 0.6203422065731548 0.6502079177040068 0.6336940029048005 0.6606968596652246 0.6678837423761264 0.6454915650882067 0.5458801157669845 0.5252252978436489 0.5101440073431827 0.472634616457912 0.488343880751735 0.45790588975617824 0.4172107074441903 0.32385302586201276 0.39888279291720236 0.4609598778752678 0.4840073063715422 0.4494963863732883 0.4504398154170217 0.38343649210911185 0.3458793258477985 0.33766474041983807 0.3531575666823893 0.36733582160447126 0.41116061358905587 0.5060040753879328 0.4746346454756383 0.5087999453617309 0.40933787663519083 0.42945844467433136 0.3552657915273626 0.3059634159640327
0.7268140395646191 0.727726269734194 0.723332994607829 0.6404364072323568 0.602304584258513 0.6120944378664687 0.6019989972114281 0.608757741382134 0.5453106739290753 0.5584310793402767 0.5895211156409692 0.611566753301961 0.6609270131083899 0.6398676475760658 0.6119724497188743 0.6037398743836374 0.6201251401984933 0.5593453112913531 0.5494648128443433 0.487546748787537 0.48569683270750375 0.49267560836744434 0.46303280295710947 0.40044134183091773 0.3842379967596881 0.364907705466935 0.39178174784658765 0.43436054607132785 0.4224469139418158 0.4269286373831436 0.42813148770599246 0.3973250415753121 0.3752932108375904 0.36627187197252764 0.44564125519489817 0.4508052640784471 0.44774814457015855 0.4887975880132122 0.46967858864974094 0.46212329120207374 0.4662052678052973 0.4143236965504772 0.34939201440520906
0.740909343495686 0.6960342092795581 0.6878552591382442 0.6613195466507215 0.7156148988140283 0.6778239619043106 0.6275520576875738 0.6385042689518492 0.5942045852863588 0.560511091679163 0.5573158734388515 0.6028913400714657 0.6022557451844555 0.6212191864969439 0.6545078202145801 0.619129577804822 0.5760303252333899 0.5933258096708273 0.56055443145639 0.5065933826922002 0.4778814843697366 0.4590946553219757 0.4244102357667024 0.4315664523040575 0.3584416286831963 0.3784219448920801 0.42016575073251333 0.41899595998132605 0.450506247499867 0.42606275014082706 0.3552712516158904 0.3501328653090321 0.3712976874548509 0.38149784369764334 0.46998126046992267 0.49410211001118554 0.49296027596556974 0.4495688747581492 0.45170655499828277 0.4263460819019877 0.45100105629913456 0.43528541305424506 0.37212821254000533
0.8357983891729899 0.7685505555790182 0.7031869974080832 0.7528446700483884 0.7359551975836683 0.6671276812520467 0.6740704491081151 0.6225037904614287 0.5744154476095066 0.6154703589618926 0.5648344365401482 0.613039112521552 0.6093917363200317 0.6137161116639376 0.6028026630867229 0.6102230777404483 0.5670553626921104 0.5621620541811273 0.5396671985256026 0.4820788791650544 0.4849791220736945 0.4464766273543154 0.4205834350835091 0.43317691758304244 0.3567755419148461 0.4158882777378284 0.4154763276296462 0.39914620964614417 0.4144542626360545 0.3907053628000101 0.3541318512218175 0.3596697366574734 0.4056437472010073 0.4125195620318176 0.38275000787776503 0.4219714088506685 0.38602761969045146 0.41553197535028047 0.44604262166924646 0.4091080749194338 0.4319557115929474 0.456458030091119 0.4083019459550977
0.8618472959418827 0.7829577107207949 0.7402233746681572 0.74721732426282 0.7249910859460178 0.6848745397154398 0.6431695755178777 0.5901427052174969 0.5528392919420547 0.6006673243794675 0.6075678406202937 0.5993385650357319 0.6016132179502712 0.5702288906836357 0.5718670567660114 0.5983512389978296 0.5673638946518489 0.5478918235800667 0.44364112268787903 0.4468474537654116 0.45815992367803726 0.4243804802521865 0.45991077233052097 0.3902053693992636 0.36482637053945327 0.39817642674909204 0.40878396793964156 0.4143171078647174 0.4362541614928279 0.3871175436560581 0.4020348743335311 0.4043224686907048 0.43570366579405734 0.38937123862684136 0.36361507545588273 0.3516566706262424 0.3455910299270448 0.3795055304058186 0.40177372673144257 0.39947489538683345 0.47134495725613185 0.44356876472303275 0.382842317699433
0.8689311110869286 0.7862552320889578 0.7755121590311072 0.7154151326181803 0.7218872197721002 0.6525251464137669 0.6145423312005073 0.5632917411695033 0.5457436354580958 0.569351012443965 0.6148170373081132 0.6145558022256424 0.5553880896258454 0.5800119832692328 0.5531005013058965 0.5711871172886333 0.5577838752958361 0.4675670432768541 0.44603631284212314 0.45732201082019047 0.48417310872715263 0.42969884916785717 0.41546797732576507 0.4149701487888392 0.38378838394088943 0.4099926347149717 0.41092455146008977 0.4155437302378336 0.36493925573316544 0.361138909910445 0.35639882205162005 0.3853503057384059 0.4059017322804719 0.4063594584414752 0.4010117108195594 0.3467929862859775 0.32060777228147325 0.3809031930951311 0.42612007359910886 0.38476863919695375 0.39388925029204247 0.43012383983144065 0.3919465854778875
0.8471778977718469 0.7834256491609058 0.7619839803753382 0.7353417317906976 0.7233165553314953 0.6843321638517463 0.6408502930601384 0.6129915262042966 0.5605565603486922 0.6103180321713337 0.561051487975802 0.5667591305036765 0.5734580208283409 0.5674238763039576 0.5565828246037346 0.49866060188447503 0.478582436180556 0.4535731026021771 0.4375895669765204 0.455515336823161 0.4411406501839232 0.41289063965290485 0.4055851796276047 0.3936302797079478 0.34252125831190045 0.37027204152061366 0.4102880556227745 0.35765672198665427 0.31862458647436764 0.3510025062063004 0.3791674538504387 0.4240469688713757 0.4224099265480215 0.4094519040805675 0.341486260814659 0.35479802191571963 0.357388952594715 0.3818519367987101 0.38885771443025413 0.417959197869334 0.40854092442072454 0.37410042914614106 0.3787162712332927
0.8702463240675471 0.7934926362979939 0.7542541638212549 0.7520657042373535 0.7290148466293991 0.6574093327722467 0.6263524771208593 0.6126701015799618 0.6139015285395724 0.6388005634759448 0.6394874307494147 0.6075241512714181 0.647505141964694 0.5930612914269489 0.5867920905649018 0.49641676904117965 0.497788709549171 0.46203937683393714 0.4214549082146276 0.4415709637797765 0.4096422865235452 0.43567392007773353 0.430334851163228 0.39701174715645443 0.3810248127184369 0.3439207883701012 0.3744072401263428 0.3201528601935833 0.3086600981408274 0.3064196275703027 0.37787964977655775 0.41428027850428456 0.4376185035748538 0.406326577510489 0.35351505528192834 0.36480165876434184 0.3606191829475568 0.322441702844115 0.3244686409203586 0.3938592814066782 0.36393036799754624 0.38778253478970853 0.4263177145773499
