Raster_benchmarking/Raster/continuous/raster-342.asc
NCOLS 100
NROWS 100
XLLCORNER 1743153.2964537512
YLLCORNER 5469294.537896954
CELLSIZE 10
NODATA_VALUE -9999
[rows 0 to 18 of 100, columns 0 to 42 of 100]
0.6993907475750484 0.6783552571663236 0.6814450781305936 0.7100540091907467 0.6695350484433802 0.6841215423343668 0.688570592222136 0.6896279692637761 0.6928709955228919 0.7051585654076956 0.6960528107206861 0.7160573482124877 0.6732506487536369 0.6916311310715337 0.6650320665243608 0.6716188362033064 0.7135318117219094 0.7365141121557495 0.7441900090619968 0.7089009260352658 0.7038913950928082 0.7049215039535232 0.7317997672329132 0.7436563029512819 0.7294044145906668 0.7598062578163798 0.7447616264003514 0.7207346778562693 0.7171365183953132 0.7171856288467566 0.74961054430846 0.7706349269167979 0.7430171964545337 0.7394517469067565 0.7008120256137158 0.6434279879569051 0.610346806900325 0.593623759590656 0.6055841273656546 0.6000234826587753 0.5615140154485408 0.5643719941887194 0.5516662210690512
0.6964210852469493 0.7133209624584284 0.7099745447055983 0.7031921645348898 0.7061116504279826 0.6799988834016635 0.677923620548096 0.6790080055286056 0.7072902882799476 0.6792944777148456 0.7098036379769385 0.7371664545058791 0.7279735706708363 0.7139173865910898 0.6727023303488097 0.6941797430298858 0.7094835913327604 0.7469074996821904 0.7505935340835932 0.7400090841424187 0.7403597089294703 0.7431790360420044 0.7543818369826405 0.7829310202572535 0.7872332062275432 0.7501709804587716 0.7428716157585414 0.7409099528197133 0.7343016304955051 0.7526164770019766 0.753704993365118 0.7476233201411641 0.748856736177147 0.7340393672216777 0.6945505317708163 0.6829132731932536 0.6602552187812665 0.6094631464703758 0.5934182944161854 0.5813498496495204 0.5841805629429574 0.5941722584516913 0.5635631492146252
0.7195318144582415 0.7375358404153681 0.7315117877054823 0.707250998510153 0.7278874633295009 0.6942122653109007 0.7052678082985898 0.7062677600608082 0.7082521127160127 0.7257908727852839 0.7169894306551661 0.7167749205708446 0.7304137511365184 0.7234995225702406 0.694003571817734 0.7143646510002225 0.743793609347005 0.7303532929195892 0.7378052914371762 0.7494309312071363 0.7518477619438645 0.7543923555188825 0.7802632124337203 0.8160266089105596 0.8153105254049955 0.7801471336933342 0.7673055010908505 0.7480351784893455 0.7567171139810223 0.7587197587230644 0.7281844189120091 0.7244749276000121 0.7348578666031634 0.7501051810502741 0.7296365066141692 0.6730084659743202 0.6524606958647847 0.6657102020085262 0.6261453501094574 0.6006010923934231 0.5581321664071327 0.5788940461282859 0.586626229826912
0.7320369023406574 0.7875665473242991 0.7782943281681779 0.7471250204820588 0.7188970484310163 0.7311492089657968 0.694548200906674 0.7032641317656494 0.7197947240750244 0.7410584532356822 0.7151629222533451 0.7473235828478418 0.7217826063687375 0.7362189699855055 0.710458999247107 0.715742612900123 0.7181162541562643 0.7368496685934854 0.7714813398747449 0.7513388543019147 0.7790244059951686 0.7759454372047541 0.8085794392313501 0.819630186307877 0.8170983976379322 0.8353577620832815 0.7748732116725108 0.7637192824227417 0.7277910559360447 0.7098906101048105 0.7070473487569974 0.702119083276522 0.7083357022922142 0.7407922955873408 0.7262363669281111 0.6870392824549473 0.6864320859357739 0.6964435763079077 0.6476426069389827 0.578994397957024 0.57072396633877 0.5549364244241206 0.5832044997643543
0.7541693416007499 0.7920654871826569 0.7631766739523619 0.7642789795989738 0.7553802555752629 0.7342873488137256 0.7132226104688038 0.7191803757786506 0.7200913604875662 0.7113626780190657 0.7257559778776156 0.7456912931794442 0.7273025243634206 0.7309185836037162 0.7538406162114145 0.7651844499596496 0.7646982336338882 0.7742157326693849 0.7883143758584201 0.7709083929687943 0.7863098983789774 0.785476907424187 0.810144948190054 0.8138160000981498 0.8310737263346717 0.7849221118107053 0.771323366046986 0.7481050742336341 0.7543950411579875 0.716869506244625 0.7246489614333419 0.7305144865205597 0.7373295813189845 0.740992963496702 0.7401468649089696 0.7334126797578722 0.694964531754058 0.6956571199285893 0.6349937011614267 0.6235574343986371 0.5876816833633359 0.5719294202071382 0.5707251015743399
0.7489582126519685 0.7903067345942533 0.7575474047620833 0.752888102921489 0.7637114603485621 0.7230745741994253 0.755944684980366 0.7544318361829958 0.726502413732032 0.6983953287104059 0.7215746492387901 0.6989071733811557 0.7258862740562377 0.7425570059378597 0.7351150218554913 0.7565210391421653 0.7518069434986242 0.795973367673705 0.7844574733862448 0.7845682491775822 0.7893747568576451 0.7739501024146878 0.7800140050913762 0.8190469217134277 0.7897695580258685 0.7694707655740664 0.7692829419489966 0.7808987839340381 0.7396185703161045 0.6937454748815246 0.7031974732829867 0.7083403921541375 0.7085164638087896 0.7217464883967929 0.7458547917952916 0.7278459031283935 0.7147640339902744 0.7044723146261768 0.6472540231034991 0.6317160714622696 0.619963231206161 0.6192323726360267 0.5870276396586335
0.7498181598254692 0.7700599511546256 0.7686731137465003 0.7481645490237215 0.7378639858142021 0.7391519589676101 0.7551173273221912 0.7761257640356467 0.7515926278468226 0.729282514099541 0.7084016677945635 0.7017620857769068 0.7456111066911529 0.7169972498601317 0.7297504591712813 0.7529289592924591 0.7335624362317104 0.7800166607453516 0.7819656283487492 0.8048083664393313 0.7902180351427917 0.7855667119687693 0.7969716056423373 0.8205382326295694 0.8186451163783512 0.8113805454659523 0.8053161169431491 0.7869352497714656 0.7362935036034176 0.6891695787936012 0.6807052443423232 0.683524903626724 0.7122266360757799 0.7092485661374359 0.7309487970304254 0.7395243258592353 0.7322309693003854 0.7119703423400029 0.6965642094191643 0.6404657952005006 0.6489815335503984 0.6134265390089977 0.6047123204635435
0.7436807123875405 0.7406786162583442 0.729816856809472 0.7250342069499326 0.766306260371294 0.7833952825123046 0.7509824968593737 0.7602928374257111 0.7474384109563178 0.7356579694978727 0.7313792042024362 0.7268835955801325 0.7206681212126059 0.7257480427996905 0.7404641980933906 0.7075483711850779 0.7213841248987678 0.755850730617076 0.7757667641244822 0.7884836524545294 0.7916784430956401 0.8096010098444825 0.7809239707314422 0.8019347971404271 0.8314374095124282 0.7968307934868908 0.795519015099558 0.7946596728606311 0.7392329920884534 0.7030201499037636 0.7186406027337311 0.7061591873874603 0.718125136970228 0.7034573480795407 0.7291154912132947 0.7262364279189735 0.7438914988750486 0.7385290035061072 0.7130446819130084 0.6604838823177298 0.6599954708445414 0.6310984076018739 0.6472493155985904
0.7149314446477966 0.7145919498066473 0.7313165217061428 0.76204573791966 0.7463200285525398 0.7707415501902901 0.7684774403637985 0.7335309465210813 0.7518582233698238 0.7515134957491453 0.7573142798517098 0.7195523357366668 0.7090071958590577 0.6910870108253896 0.7073578271947945 0.7229995838764243 0.7477099229328814 0.7624387463789292 0.7437731080581642 0.7848746877252478 0.7958989928755663 0.8264523253657529 0.8008135028747105 0.8247248608261203 0.8228165192983689 0.8106599161941539 0.7932119923285567 0.7927849382873656 0.7619947705464721 0.7216080247477485 0.703565206101574 0.7147264292116423 0.6836034108030863 0.6745167305565345 0.7019567914843007 0.7354398689480828 0.7158772602189233 0.7295730366079508 0.6865575590147387 0.6617234689694342 0.6482971411945546 0.6403909084144938 0.6603681947728863
0.7337771295051407 0.7228613172374977 0.7538941809359329 0.7648605340257432 0.7404609465250512 0.7393489748627312 0.7228673607944959 0.7193618186761673 0.7170907157955165 0.7627152621595092 0.7548731166004103 0.7443606052206357 0.7377095553796736 0.7136136360292351 0.7026633632032597 0.7257968882196228 0.7094058394493633 0.7558102667510621 0.7558093671122708 0.7435940849432153 0.772833665268671 0.8154123307298229 0.8145038664697338 0.7862614731372878 0.8097927993273121 0.8248415138176769 0.8213260708042934 0.8044899982044573 0.7781213688852154 0.7327947426890447 0.7203881823944616 0.6858184022461014 0.6837124916496912 0.6839847887285715 0.7178281651532289 0.7296117932783542 0.7294649976850482 0.7162022113876941 0.6963234928366806 0.6885590119077877 0.6827590711889855 0.665122189843728 0.6858151429288827
0.6982387824195425 0.732103055863155 0.7476116338405442 0.7339883553624116 0.7549526314128551 0.7182712052357015 0.711164164568287 0.724602252346116 0.7131110207207328 0.7499158530898702 0.7597707639913113 0.7482433602711478 0.709571506841817 0.6965414054678541 0.6895847135432995 0.6855923927951802 0.6965683382351984 0.7093854672002059 0.7389328614933343 0.7827468390343062 0.8232384337198536 0.8059666087281165 0.7920373606910847 0.7871863881533279 0.7996301356682952 0.8241982787157369 0.7917289485489696 0.75760478962074 0.7616678728988242 0.758506279589001 0.7419387978674916 0.7261726469026982 0.6793434897531396 0.690299566491252 0.7002599967022725 0.6850962186339558 0.6892440667979725 0.7250783920540617 0.7111381820054421 0.6903182839263268 0.6968292904878923 0.6949636866137614 0.687215631243972
0.7229413800274952 0.6931855569644778 0.7088345920017957 0.7368763112036998 0.7372991738466302 0.7446691807670873 0.7263505785923355 0.7199235220082486 0.7143549935307594 0.7268240752219461 0.737857389524374 0.719484057139989 0.7394869212200746 0.7052123509216432 0.6890210992426585 0.6809528365240142 0.7137248561096108 0.7105609539526333 0.7673144204599271 0.8053520658830428 0.8393835435578336 0.8418016591957378 0.8004155597398923 0.8035653765356275 0.7927148720534488 0.7944916308558898 0.7764377500822428 0.7579573369992206 0.7664694951719244 0.7784964271935316 0.7766248319677374 0.7403399157271945 0.7315840264545023 0.6944007886940363 0.724330502118098 0.6964927579689466 0.6827351361550174 0.7056135966613718 0.7152438865567727 0.7104415317950643 0.7209063431316413 0.7200069748190397 0.69792835830091
0.7121585529383403 0.7308948680642742 0.7368728835262077 0.7141629795831314 0.7246488064676287 0.7213232319400779 0.7413381966235378 0.7246448426908416 0.7110622482107857 0.709818803896923 0.7422620526298801 0.7255904072575643 0.7479287854845998 0.7080941114884752 0.7174356781653781 0.725054842716803 0.7273224309174016 0.7291208332687314 0.7490732999702676 0.7797679627698988 0.8319347742600118 0.809390370767115 0.8142588962830548 0.8145564059579605 0.8058742152354577 0.8012250138987341 0.8011258419985359 0.7500559173304998 0.7464146716950939 0.7571387898075626 0.7827852142322357 0.7523219084013361 0.7592814628399616 0.7357918415587196 0.7233967441773421 0.7267124069088311 0.7038661771976621 0.7047996528796346 0.7077465079986829 0.6851999462032877 0.7075071712768837 0.6892177370348863 0.67858708222008
0.7504162860370464 0.7417656975326833 0.7354542260383378 0.726303921457585 0.715481626961403 0.7178941383935994 0.72530892058789 0.7451603088323375 0.7363216600425604 0.7224055638158101 0.7610376749085571 0.7517311645002764 0.7533195640498426 0.7307150919396955 0.7311951147209397 0.7319872978340801 0.748948063170236 0.7514921333503969 0.7872298641310695 0.800568569294751 0.7983827441395065 0.8058528419841351 0.8362105351246492 0.8426577572684252 0.8451440270534839 0.8051484250060666 0.8021740826712468 0.7714917544904859 0.7610054313392571 0.741793188061395 0.7745199209922805 0.7836365525596983 0.7520833946979059 0.7333622676904143 0.707465611069903 0.7104147994310736 0.7053118533151833 0.6828696991328034 0.7065859321395257 0.6830881761701044 0.6775710653333209 0.6976002034369075 0.6746446750799147
0.7541865129137301 0.754111580091408 0.7482408011062669 0.75472090467431 0.7591070067411614 0.7405003700989901 0.7693298976846846 0.7710050653597429 0.7620298709760601 0.7306929364172347 0.7470181273963423 0.7416029778501309 0.7339606156450236 0.7626043903524142 0.7527548857606503 0.783051832173866 0.7650828848903743 0.7742210840375693 0.8043620102600084 0.7970371713670552 0.812474397442171 0.8396953847587365 0.8575757456935487 0.836856811738688 0.8516082903707073 0.8274018914287817 0.8365200415152572 0.8114350337707626 0.7689412704972115 0.7870679527737862 0.7963649225306293 0.7780346851614295 0.7741734106676975 0.7335993158728672 0.7269351735781958 0.7290840678489819 0.7193149847643835 0.7197067411862329 0.6817294961897625 0.6966729157251825 0.7006706227770196 0.6765167435905889 0.6593916256471617
0.7678859496939147 0.7751485045420082 0.7919777073464337 0.7536002147068461 0.752826205647954 0.7545967493590517 0.7833583882393922 0.7734902841413325 0.7609355149124386 0.7390227973073902 0.7459612273336877 0.7569594010051122 0.7636728661649812 0.7629657644427967 0.7855780311996429 0.7950016973714394 0.8014356811186695 0.7906899984958129 0.8208267874149763 0.8237389157820448 0.8628585471219958 0.8927814598447069 0.8877971091476006 0.8461371217813868 0.8549481054662799 0.8394375892505374 0.8205707122219826 0.8406645926117647 0.7981589951241274 0.7669394331446239 0.8163817731438078 0.8049677265020886 0.7759363700599674 0.760484476360651 0.7406389495725664 0.7319001848627809 0.732908277992365 0.7182469251100952 0.7398689773575505 0.7321876085177681 0.6873818516520223 0.6850923819377844 0.6776256436182722
0.801199425798326 0.7908999499679326 0.8055876275803361 0.75839463329991 0.7509666393124862 0.7582230457476646 0.7726230536110432 0.757176245122241 0.7645833376589186 0.7499483950332934 0.7641752598912771 0.7909625400329604 0.7693271017907378 0.8083867749853296 0.7953309481475058 0.831466701941057 0.8265999670711911 0.8338871371960848 0.8187758510154676 0.8271703523789519 0.8547661843174201 0.8901537851680622 0.8962979782835685 0.8622006485042971 0.856152283468814 0.8350279512375335 0.8435850554783907 0.8477038750221227 0.845621935053501 0.8031171454755818 0.8259417007478858 0.8334228241385161 0.8347570550125424 0.8152676769311478 0.7795361399204982 0.7544837889469951 0.7506262736386655 0.7446183542929045 0.7373065049411845 0.7666138040207144 0.7203614497062408 0.726194828530916 0.7056408716262146
0.8062956318172739 0.8036006397871204 0.8055308290739805 0.8061104583858059 0.7847776871324379 0.7678004332878474 0.7937567461416991 0.7680624138804157 0.7867922783528237 0.8217180228589028 0.785039496776964 0.8020314405578759 0.8280898236096201 0.842813767459311 0.8495819358099845 0.8523483122733119 0.8450965480221847 0.8709149840905442 0.8502984725339339 0.843467302432922 0.8514150003532835 0.904328973006199 0.8749595265871508 0.8683036282789292 0.8605547493934353 0.8691759504559653 0.8587921484453028 0.8961065089150206 0.8771640857270717 0.8279185218495179 0.8380780867892937 0.8593666447039092 0.862761590228675 0.8475965506598581 0.8121116091965732 0.7625600787747282 0.7567212200726171 0.7497225467294037 0.7650778947120596 0.7887154406855915 0.7605505129050474 0.7424381715844681 0.735264365975979
0.7978345927493837 0.7783879715774059 0.7891437172472685 0.8009244089319252 0.8076534947908666 0.8222544874877938 0.8136877624392159 0.8193603437752827 0.8147991821552635 0.8551345356192066 0.8378262757895409 0.8457750555848946 0.8688503249175261 0.8698912157783315 0.8629835000072693 0.8371833810766387 0.8497274188356051 0.8764435546159713 0.8604129838277385 0.8803396329707659 0.8662262848934063 0.8780532868092562 0.9086094018908362 0.8823474268646263 0.8918870005542078 0.8807018351850016 0.8912486243574007 0.8880623887070702 0.8583624455820998 0.8509653695162666 0.864783340295233 0.8758389860822166 0.8530774381258711 0.8390069744531272 0.8548403816130721 0.807123469805463 0.8001570986492457 0.8166014965581703 0.7847173910578091 0.783104596985994 0.7811578415959093 0.7921825142640765 0.7655988557105112
