Raster_benchmarking/Raster/continuous/raster-106.asc
NCOLS 100
NROWS 100
XLLCORNER 1743154.3948533516
YLLCORNER 5469290.419947216
CELLSIZE 10
NODATA_VALUE -9999
[rows 38 to 56 of 100, columns 42 to 83 of 100]
0.31222224740704485 0.3089096719076505 0.30638129838778216 0.31207836230584896 0.29167873283036777 0.2729654570335621 0.3028275065812951 0.29387815696819014 0.28839488659972995 0.3048023563856579 0.27656421908708523 0.2846216947294069 0.28234908433495315 0.2656833879212699 0.2679110095813434 0.27278993343320157 0.28070403335800875 0.2645559117848054 0.2729446402596766 0.31236111175584674 0.3168686220725954 0.33406518862904977 0.33805591965561194 0.36317904055699685 0.33709648343661924 0.33748908073273093 0.3545171303933751 0.3451296899677946 0.3903103483038558 0.39440577342344335 0.4272029981807308 0.43565199739843324 0.40057259993425504 0.4118652603211109 0.3966938560285787 0.388380560215664 0.42653432890726733 0.4245864016406163 0.43053174388237286 0.41593302603504967 0.4326870457952291 0.4381548619603395
0.2838081162658518 0.25585500022941843 0.29656517472924204 0.28651310007027947 0.30789624158657736 0.2964616956006551 0.2805270062988903 0.302247960690504 0.293684445672303 0.27288239491404226 0.273929867972953 0.2627920112543466 0.271297398768033 0.24919812916588144 0.2639632494707983 0.30125435824114344 0.2960341560137567 0.27739984736650364 0.28409417945553955 0.2741968022866245 0.2750330290973672 0.29238612876067177 0.2984413150267067 0.33278405153878365 0.32024043388592655 0.30901904309252226 0.35075336150612324 0.33951547855183467 0.3555617544697657 0.41376735426905153 0.3817488109124152 0.39956602526209123 0.3747248643966633 0.415019549080208 0.3851049846664289 0.3962059854121817 0.3950033398610242 0.4079799493025893 0.4149515639457013 0.36756172047330443 0.3882151278697726 0.4154789479292336
0.2594756208888818 0.23710316450710894 0.27234304674728677 0.2726879899058056 0.28359073337107327 0.3073951296315497 0.30801308152669843 0.3073310367703707 0.26917672254585756 0.27605177716665025 0.25018158123493045 0.2630028739746695 0.25998267228459615 0.259653888992249 0.2835196837725425 0.28379766131310913 0.2637470284357913 0.2760617432835781 0.26948638265330765 0.24911528424286628 0.2510465097086305 0.28651590667269905 0.3104033542762316 0.3241228008048881 0.28381698127266974 0.2745951860890568 0.3246874516149033 0.33255849917609753 0.3490676762191762 0.3743045592329974 0.37353558627919675 0.36989826895436706 0.37382924790190664 0.3682356465059136 0.3911998265771512 0.36521528695025146 0.3686389920977258 0.39719428704389437 0.37396767415575716 0.34898735342154247 0.34314640394117124 0.35658219844982664
0.2464844288133161 0.19538753988214205 0.23183148578480153 0.2642008383286074 0.2529631973738067 0.28649377751378 0.30488605769409655 0.28771952413484286 0.28649336135584713 0.2627795922071942 0.2667689140521509 0.269210763723189 0.273101411562745 0.3053723219644707 0.2725708755600161 0.29790592049528875 0.280554389190731 0.2576407715878054 0.2644262357568944 0.2211461857529438 0.2436083233316694 0.24562737796367032 0.28804893508002855 0.28090631329367577 0.28622474911390483 0.26986892287163405 0.32364903974631376 0.3468478137110518 0.35381805484986834 0.37688662458865496 0.35517790837337987 0.3846021046542296 0.3591993500131306 0.3802137789931125 0.35074705581282617 0.34445769441996144 0.37958336623740613 0.3982893775711468 0.3347245814485088 0.3214819949812917 0.33647006251584594 0.34210220724646623
0.23489449073811386 0.22496176591426 0.19214636758360287 0.24181784650561147 0.24908276437066276 0.2436131717852442 0.2739671637790451 0.2743717345353253 0.28208399631590103 0.28331283258004303 0.26852328332799247 0.25219043338372693 0.28018239495083613 0.27991555687093717 0.2870189361484723 0.26951164633761227 0.2467954811670173 0.26542861868907497 0.2521024759651837 0.2572154500690244 0.23074922253844457 0.2303048550752903 0.23042473451583734 0.2579211726511412 0.24445776338511468 0.26713545991820536 0.28280115743856604 0.32653894707446096 0.3377630005913723 0.30332943219735115 0.3188993582512119 0.3464353142638416 0.33882126685099545 0.32928190673395097 0.31144431792700245 0.3217118340658477 0.3388833453617098 0.3504754489450146 0.3352294887739825 0.30981378040230506 0.31851135134302055 0.3176784446299159
0.22279170009998994 0.2049174909894369 0.2030180465051742 0.18175945218283251 0.22914317827678618 0.22158710352967959 0.23187965320384335 0.2545591149669669 0.2522422570405834 0.2370343744271289 0.24142342832192792 0.27288432748374886 0.27007692216885515 0.25732691561703136 0.2520218417707548 0.25071533304644095 0.25942405307838845 0.22712433067627313 0.23726885612757814 0.23436865041170096 0.24609238037499823 0.2472909026066844 0.24118612468608847 0.22859724395763967 0.22560985786555102 0.2430066383154897 0.27488162845175523 0.28612829114716365 0.2599290560116229 0.2566778909297033 0.28499349057815654 0.2625279383149329 0.2740204968932088 0.30628514721824307 0.2947018149476467 0.2917289547326677 0.31628312797757585 0.29343307684414 0.3154994247044848 0.329686758798847 0.3313161619388043 0.327892426837077
0.20138274965246716 0.21664921904843407 0.21932001219540678 0.22427698837554966 0.19443606059007754 0.21145293742845764 0.19786839830657038 0.22493015702644997 0.22306801344385543 0.25888002164811524 0.25009616448863925 0.2334772934904228 0.24052825302605638 0.255055011285097 0.22069466645275562 0.2084200851663177 0.23150342422180165 0.21643918353607436 0.20701387967454804 0.22395787678286322 0.1928401943444901 0.18220547106367968 0.192177485622769 0.21504469571704854 0.2305078263886688 0.20905084069282806 0.2484600437574828 0.23624109499965523 0.2500758074315043 0.2552857643786709 0.2460545879981141 0.22869256333566013 0.2701939735770726 0.2661427123172371 0.2753181855068828 0.2703132099826171 0.3040517753531513 0.28522760761062715 0.3123445147371456 0.2980044149113789 0.3022184670374145 0.31048144338421235
0.1984465444370715 0.19409218858861932 0.2091889922607988 0.21150634397110998 0.2103438053474773 0.2013355082924445 0.18532274373722732 0.19095057914602306 0.22430608523629508 0.2404847073666002 0.19832471030357346 0.19224100706760225 0.21438930107892723 0.21123337409852405 0.22224445699085404 0.22040751751337107 0.21475201214937398 0.17736244482642782 0.16201996794526688 0.18768312678148336 0.18523319115817471 0.17649876896125713 0.1891682697444353 0.20227093546992006 0.20165394644547827 0.2047877391911319 0.199219393279393 0.17989189513620396 0.21057516790981218 0.2178102622738924 0.22460862166978343 0.22277547526625122 0.2266615625522557 0.20047324412349182 0.2366056442546613 0.28548674390800194 0.2915680439845606 0.2807912138609784 0.29588514281074213 0.29364277285279766 0.28674224019988725 0.2667708508322211
0.18703320804796825 0.1793973235352626 0.1630654583301726 0.16428997831249934 0.1494513829690993 0.15357449093725495 0.15238990927236085 0.17079503325085538 0.1524902417664816 0.1867376169774426 0.17282389092118272 0.1861299502916642 0.17244459285810676 0.20499235876057603 0.20996283290606627 0.1894167007499733 0.17864914456525072 0.13627208767275467 0.14129925374725633 0.1723381240132193 0.1685821876692064 0.177838000342655 0.19455589453054423 0.16656292179271254 0.16836885698543771 0.17804753332787596 0.18621049442640344 0.1708156148605298 0.1541106442783184 0.18244343787869932 0.18972034616935127 0.18171266429373442 0.1913699148700863 0.22225905502024795 0.23524066928890222 0.25969437164859316 0.24882147829360135 0.29413243834326364 0.2940636766557168 0.2869279855437225 0.2864398284146857 0.27816465646651506
0.1631221053133092 0.15617492149329226 0.13711575501436912 0.12823823692199818 0.13470449727486628 0.10511898432924995 0.12052293571945015 0.10325108190786011 0.12782728372702482 0.09993590652157726 0.13584090907404497 0.1556659818336886 0.165444428234954 0.1716974162593089 0.1653026196590096 0.15311064803561517 0.11793544285295379 0.09933790707570732 0.10454783327717343 0.12916094239913 0.14111887823040326 0.15512972975516567 0.15643746930392982 0.18086586098539695 0.1561626055114778 0.17365434712144198 0.14205761526247773 0.1371440122714026 0.17097598882724574 0.14727878783741957 0.14801399944671195 0.17032197793342563 0.19245395703771334 0.22321948174924264 0.24105263368488064 0.219752344883748 0.2389288347063025 0.2680242823719381 0.26845528930713836 0.27491618928159883 0.2501084057021784 0.2297611006893947
0.14416195532220655 0.14307520284517836 0.12691814577636426 0.08063006518572499 0.08862189741580176 0.08383810172488827 0.0668541298891066 0.08185854077879139 0.08193446575576446 0.09280678518323841 0.08088626886223409 0.12464844386246328 0.12308515199713352 0.1113060296362642 0.10513323209098942 0.1251638428456879 0.09427834942547558 0.06699855983758393 0.09665093070604984 0.1001097916206336 0.14321691868311415 0.1465351779199337 0.171034272093711 0.18254881871884668 0.14735896862946454 0.12013577072082478 0.1289788497078906 0.1420390915831622 0.1588551529680848 0.14543442728015438 0.15714620799981027 0.1683465154654687 0.20278898094223574 0.19772467292676074 0.21877958241617368 0.22193557344259424 0.22279681966278017 0.2527317536262392 0.22291064175970227 0.2224269619376157 0.23332830807159197 0.24121940421621482
0.10986797371595261 0.0851650107763804 0.09092053336838007 0.05853129052982743 0.05380113044328937 0.0358352773653752 0.026013608467535095 0.02827860382594518 0.06987861391895508 0.047050367420931515 0.07917756811487964 0.08319216377126762 0.07855993918449516 0.034388756508679987 0.07817686505696217 0.08509081392551544 0.04500747523547962 0.05914059910226682 0.0733113694980427 0.10863770795606928 0.1365201576930862 0.15952919072672903 0.14797253502744953 0.15652159380603634 0.1121892493057377 0.08648833058511812 0.13448908772949209 0.1465098809307397 0.16473796524723705 0.14241241467956878 0.14573730305539467 0.17353660238268148 0.1862642837698012 0.16946637920273674 0.16776667449235627 0.21904073079946765 0.22215491062943105 0.24227213712970697 0.185496542643325 0.1929202926759212 0.2387289242609761 0.22872176407519182
0.10683072189962377 0.08937043946850853 0.0661912721193251 0.061924465053156574 0.06594426734094115 0.038613116573336194 0.02861890582839815 0.03508794834999326 0.06657289158588946 0.04061607727329297 0.06139533351671971 0.054747856514019984 0.054140961171807916 0.044864726412705155 0.036267498917781 0.04220832196397107 0.03071722760574643 0.04456480395428781 0.07825103308452483 0.11571464282543681 0.13463603324027565 0.12024813636309255 0.1324527145663175 0.11895497943910174 0.14676649765395083 0.13644713514942938 0.10437710835814618 0.12947513969535704 0.14034391021107043 0.13845170210089228 0.1350025526856276 0.14082899674540514 0.15360580055762266 0.16571891835503888 0.14991604999811256 0.15683778948650098 0.14627955502248427 0.16618567496448136 0.1748933193283911 0.19057265830777595 0.21291002273866924 0.19578334981672285
0.07926471509088555 0.04626432239208419 0.0641525226079797 0.06022985988957035 0.056064173148797095 0.03519857411911864 0.06221392749385085 0.06940230828551142 0.0630437724375556 0.06626059964413918 0.08566508833301431 0.07280686046807239 0.04513957925574812 0.03467852008240177 0.022498268647070902 0.009254576249430048 0.023318928731885447 0.047119591147248105 0.08006198945253552 0.09992357489394325 0.11245738364135707 0.1323342787587019 0.15016997268311164 0.12561689070794954 0.1515743451475039 0.13415536863068653 0.08863038377389876 0.09603160985765706 0.1302513206980627 0.12931215755794717 0.09184854859422502 0.07461359056140528 0.13101185716644442 0.11935245212785801 0.10069101635958987 0.1016503447019669 0.12220041471206065 0.10957835292314384 0.14966989761196597 0.15738995211054663 0.17496163573233603 0.19348011055976624
0.0816477457646729 0.0681742228789608 0.07852664931615096 0.0766266653868783 0.042375116351873 0.04045882543049659 0.02932906018516093 0.05475875187848974 0.07898724182839598 0.08305739319043767 0.07159031024460656 0.08632996973432944 0.07172294391142855 0.05235060521496178 0.006079223447736072 0.011585175450188287 0.01935334470503811 0.03198891544030061 0.08292582178589436 0.10347495972510824 0.10474597757746298 0.14554044623923523 0.14271027334612904 0.13059226246293096 0.12710808203121587 0.10550264940743118 0.10932171735371232 0.11793039519524148 0.11281970050710492 0.11121690177360814 0.09830049530027782 0.09778175310845445 0.08996751539034552 0.0835816272037335 0.07773745034892102 0.08342775473215776 0.09093030522498263 0.12188325603892668 0.13944107231809552 0.15590374989809225 0.16349330995732117 0.2068526191675108
0.06131701629146383 0.07529454030082268 0.04953536708160504 0.058266846250687405 0.06143956763813799 0.019070207717389518 0.053782472823690315 0.08470935557219035 0.06528370980897565 0.08518077056983375 0.06766163516817306 0.0869805020737796 0.05740119397353439 0.01950091688485792 0.033458257814723655 0.028504397311124433 0.04022410653224995 0.048461394696213904 0.06061249569014984 0.1186413114118312 0.11994652844231311 0.14973386898273489 0.13876898537009208 0.1369259131519847 0.1459576154549691 0.1350784573050783 0.12699696233373453 0.08911125370805824 0.07130523974939974 0.06995102161256947 0.08524667899522745 0.09580714804701064 0.07944856318966337 0.06128081651618043 0.07146272654148668 0.04621224029374348 0.08834193907734966 0.08195390876234392 0.1293991658528905 0.17551875355537302 0.15788541849144602 0.20345369517796333
0.08488176008068742 0.0774927940149483 0.05902470395178499 0.051666262205467266 0.0784700603351077 0.08236756903197699 0.07968405391975729 0.0907002379840365 0.08911634492139364 0.06237804205371791 0.0520975697846082 0.09059769473829674 0.06705030710698426 0.02952719351309312 0.04621526528940174 0.058775792100680346 0.05970665098891222 0.03509612216408542 0.07085848831458595 0.08287302391357543 0.11451911550169211 0.15102203906272682 0.15462862203140798 0.1687872285799152 0.13270185714593893 0.14089423891035577 0.09748115091567269 0.11603382363077362 0.09398233943188405 0.08784780099137446 0.05745912303499839 0.09071576564927951 0.07311206896149999 0.05910542137517696 0.042452849416402746 0.07527251924752228 0.07421205926928676 0.11016126051784896 0.12775055027983973 0.15197994996262612 0.17207281972511593 0.15871345968933048
0.039808539857119865 0.049742362146773286 0.06035683721547645 0.061643987463866824 0.0987108419046113 0.10011058098776553 0.10981469124750826 0.07418442994001202 0.04589032382899502 0.03887014307247333 0.06811424853103483 0.07898614405415749 0.05706727739773077 0.01604583015470056 0.03710461001138365 0.06116616585592241 0.08297536725970145 0.0508911215905752 0.08071725818268886 0.11795373075185761 0.13845946952863317 0.14583647697081 0.17068638533542946 0.16989395195694254 0.14509672703791243 0.14586418238442944 0.11157357692901666 0.10268449890592715 0.07776937764829418 0.0874541399546193 0.08224806236915833 0.053523161404012774 0.07272799865966638 0.0693635633164829 0.07676203212283846 0.08238049806914192 0.08113608719586694 0.10618499600894675 0.1088608313903211 0.14635222634868617 0.13712154901577467 0.1654068310243458
0.03324659404732526 0.03282203123245688 0.03550429566754557 0.03790497609813034 0.0715948794390159 0.08179891769239334 0.10654120645090458 0.06293485458345116 0.06357656668616639 0.05424505207263385 0.059565634225033526 0.086165723610357 0.057734175553434956 0.03439894312570275 0.07076251194792252 0.09861099498214758 0.0921135441024846 0.10217999168265741 0.09202182978605702 0.1119582656590679 0.11196196449277536 0.1397274292998213 0.15585490337533345 0.1273639920719721 0.14033336205030253 0.15705980357978727 0.1346416877745509 0.09973212870759988 0.08431838979535114 0.05804278529333489 0.07058704616434627 0.041801827011076 0.0701256329372006 0.07536083624766124 0.0714525102774637 0.07630910478377212 0.07596185845533415 0.11873916668945446 0.1148053717804527 0.139549445132728 0.11935822951340819 0.11162938830431787
