Raster_benchmarking/Raster/continuous/raster-20.asc
NCOLS 100
NROWS 100
XLLCORNER 1743165.2325003326
YLLCORNER 5469282.026041812
CELLSIZE 10
NODATA_VALUE -9999
[rows 19 to 37 of 100, columns 0 to 42 of 100]
0.7899983931234875 0.7567134264911016 0.7526071420465211 0.7772839918600862 0.7653687190603596 0.7385128680825752 0.7775305126229439 0.7471493491706115 0.8033833518593362 0.8091318294089324 0.8211820766014373 0.8517253153436306 0.8058854242714535 0.7856701620898906 0.7835756067392698 0.7755623069236691 0.7665797694960101 0.7571118152589482 0.7350797982756092 0.729647660188533 0.6836385760292639 0.6013668805272766 0.576936391707801 0.5727635635988501 0.5463443541625118 0.5206826733515525 0.5364743553640099 0.523038647928961 0.5220966100965683 0.5280173639144755 0.49700497575309155 0.47419034852814607 0.476750526906878 0.4572432705526995 0.4495599966417377 0.4554413014728687 0.4397564191605103 0.44454863913893145 0.4116177105708183 0.4393438331988045 0.39951746669468086 0.3938216925449017 0.3926779200915182
0.8184013884267977 0.7796396651411586 0.7912702264941093 0.768336257561395 0.7667231339453384 0.7577186335024821 0.7867412629698756 0.8165936082548375 0.8124004046416823 0.8408708598566998 0.8538025575506787 0.8165268138616708 0.8009839887579563 0.7857125213634185 0.79821125183074 0.782135141612673 0.7769129923915792 0.7741680501980157 0.7368831821487659 0.7072860856340476 0.6810384145884762 0.6295811097538301 0.5994706127865151 0.6017285096526525 0.5605479767695968 0.5490033122459379 0.5357349957291314 0.4986848122338309 0.5040574970749407 0.51873030279762 0.47340694304680975 0.45361616089061063 0.42508019121304325 0.46171589463793505 0.47047253450148224 0.45784733170774056 0.4499776043979125 0.44573824462953077 0.43102866346405716 0.42414270831431783 0.43137650531515553 0.395399123050153 0.38499327679226253
0.8074736057917861 0.8018960114901166 0.7836527680870992 0.8091923843078591 0.801358416506241 0.8191941225235945 0.8105318854522169 0.836368388771919 0.8283139305219968 0.8658101207600314 0.8571287138647214 0.8266365468056555 0.7942719278168044 0.803451825320903 0.7906887070404542 0.825309254871098 0.7797496952152934 0.7630342747320547 0.7570494408964339 0.7283786819954613 0.6472687666652347 0.603162409577978 0.5930455771105304 0.5821104881966943 0.5506333030432535 0.5363699336964864 0.5202081136541383 0.4851914014291438 0.4625817830188616 0.485266543661381 0.4433853934138798 0.4123467018824687 0.39799887697341646 0.427296617097024 0.4478714068987681 0.44889627658702186 0.42120326599122554 0.41893240141620763 0.41250962873876484 0.4429029714441375 0.42958427642847585 0.4360447091496467 0.39066290624826494
0.832456401558648 0.8103448193322689 0.8203363660881496 0.7970221467238543 0.7947100232610141 0.8188861884302252 0.8364786623992659 0.8573986068970031 0.8771271454083328 0.8677120578733275 0.8467871119880122 0.833173452958658 0.8291420507212341 0.8385008754179063 0.8039536948612701 0.8055593368487797 0.7974110302925025 0.7823218384261071 0.7555275283172237 0.7045913840757584 0.6697241938805091 0.6242383844364899 0.5699164555814413 0.5506160139142908 0.5242377640597783 0.48771894156751583 0.49676007245798276 0.4825338919926653 0.4462585473737181 0.45544002164192904 0.4435450638569434 0.3940608563988173 0.40608868940201354 0.4073501857237408 0.4070928816090169 0.43197572748555796 0.4199075113646935 0.4344029263845263 0.4062002599363561 0.4127586990209059 0.3943686633465223 0.39740625590809714 0.39229747634713374
0.8440063437600581 0.8571407795981867 0.7996515706863976 0.7645266822895936 0.7780280791937948 0.8210653358295874 0.8294487418936678 0.8609059584911732 0.883719419735056 0.88973192330723 0.8818716773858509 0.8503937984985946 0.8226759652563854 0.8255235163421313 0.8202804201182758 0.8199634220369055 0.7698407370592542 0.7779676419058751 0.7505456114326959 0.6932367181911259 0.6544328321821596 0.6107941168110251 0.5585277886532416 0.519984872478098 0.507680540641374 0.4628433114396489 0.46475227719786616 0.4568917989796388 0.43077966341368756 0.42917211761146307 0.424790968195199 0.4036138635830213 0.36992917236407735 0.3969730857142593 0.38542183184221257 0.3665265472957965 0.35937387845420576 0.4014346290228546 0.3736921413905792 0.3891212259247127 0.39843558772006177 0.36464586072013433 0.36045180944293226
0.8498859656294123 0.849382883016981 0.7999607143829862 0.7735791330726913 0.7659669109207087 0.7914990736121327 0.8108036741502465 0.8324970269098589 0.8813997903102261 0.8909995341733868 0.8620828721656972 0.8708036509348118 0.8541283516377901 0.8309157384745737 0.7913467233856339 0.7604796519996233 0.7656390819076958 0.7320650487490908 0.6958701878320774 0.6744456953423544 0.6606632918994384 0.5932858414088699 0.5725418671869542 0.5503355236214983 0.5131746518799163 0.4978318187361139 0.45579915308973545 0.45052433436551204 0.4549565834352933 0.4056609727424464 0.420576068479397 0.3997998224375397 0.36601584022999756 0.35517874807024397 0.36797137626726345 0.34297141023936883 0.3432420838875163 0.3967214313733978 0.38565834012345485 0.3698400826770204 0.36721983591073554 0.3798866805327031 0.35558131636442775
0.8501165472705482 0.8345003266254256 0.7978684808738088 0.7546339444829347 0.7547576432680347 0.7793807304362108 0.7846359422304392 0.836326418497034 0.8671491941793209 0.8578254461493678 0.8386122818905846 0.8567604263150107 0.854557523646021 0.8048234284833545 0.8006346739401996 0.7585961844800864 0.7269249517383992 0.7033079784847254 0.6911453974837388 0.6786305928062865 0.649835731109301 0.6154828774646242 0.598448527648796 0.5815319479091738 0.5333095610215616 0.4799649032282095 0.4463359592012661 0.4506512988269788 0.41025936875869123 0.40829862904214326 0.37164238221339485 0.3783881889689836 0.34695056046728584 0.35395729949675214 0.3468851151388325 0.3283110821363977 0.3233790944872681 0.3674143018321048 0.38816315641954596 0.38893992809188516 0.3949917076129878 0.3569355126256641 0.3739798267431934
0.8506678207014602 0.8234745766896353 0.8048529894597315 0.7757497083139978 0.7823910831647586 0.8025715104904182 0.796548727111882 0.8043943620573935 0.8364958674098738 0.8752902581384043 0.870786116554048 0.875393419336203 0.8191407557859676 0.7815319195725117 0.7634223692297155 0.7714446339370925 0.7384741830270196 0.6742058551836628 0.6742043534644465 0.6560701320932564 0.6371444064864106 0.6335937024578658 0.6081166476484929 0.569109945866143 0.5484930857161822 0.5209606395717221 0.46255599286241816 0.4332194649728663 0.4073978062663346 0.3813388851989205 0.37208559395028973 0.3589627899346095 0.37719252193443564 0.344487135325889 0.3202669315670454 0.30762594369345614 0.3197431854518147 0.3621825667731102 0.3673054264011615 0.3873154494611993 0.37939246779810815 0.37553623794024443 0.3691851815110232
0.8663037831503622 0.8070331248676167 0.7968820162789978 0.7781175009832224 0.7684895522420938 0.7678002215531418 0.7856461174055586 0.7939922641203069 0.8083027542584162 0.856934987455287 0.8751542350489036 0.8653375061567343 0.8099307648721441 0.7880198956344601 0.7947182338173959 0.7874121045715251 0.7188591887119357 0.660775992156599 0.6477860920958967 0.6373247443404669 0.6289508520985175 0.6173467082384733 0.5969351617114419 0.578417228559228 0.5500754727357046 0.5198140520401693 0.4638087269169125 0.4082818041742273 0.4208216663556678 0.3875870400118427 0.3769445970831758 0.3727307189603037 0.3697707672505604 0.32768296075716913 0.33472789249392637 0.31158848223920227 0.34204233764844516 0.3415261307609905 0.36834747568568804 0.37669504780668955 0.3584009730867159 0.3298603989369987 0.33978597020181217
0.8936651655216892 0.8502132347053111 0.8347409910334447 0.8155336888079606 0.8259132230636683 0.7986717236797132 0.7815593225218507 0.8159150810586863 0.830741249900194 0.8304697691154748 0.8662957247380301 0.8250981658293608 0.8144534065514119 0.7762264457753324 0.7787989246238683 0.7436332526264694 0.703872023958729 0.6642083756829386 0.6339751376349998 0.6383865482130567 0.6030808900089145 0.5853798118076491 0.5679108999224252 0.5581427392224404 0.517755737010123 0.5073368380987713 0.48302847571556373 0.4304254563989431 0.39903182486051264 0.39652428898558334 0.3764340961434303 0.38859385871947844 0.3714777098792 0.3456499807285151 0.3429576355147521 0.30696553641049573 0.3289670810146947 0.32779933220616064 0.34410379426815835 0.31735069711207636 0.3084053059305881 0.31020724338643935 0.31964512888825236
0.8787595466953111 0.8643659275856089 0.8321674144010952 0.8346127255348667 0.8210044658303419 0.829589317215539 0.8001489913103302 0.8009232374410878 0.850313696681824 0.8449908762804887 0.8608439136675128 0.8288739268058747 0.7971471514654982 0.7991455489163022 0.7484864542632765 0.753662579713012 0.6900039159229946 0.6614310445188502 0.6335563694068013 0.6204872912196938 0.622013821642015 0.5839566609328872 0.5668888501415186 0.5150932136609337 0.5282312802318557 0.4911486715064043 0.47132745768438095 0.4231330310091079 0.4271819831947565 0.3852482990799829 0.3961495605835947 0.401989516763043 0.36755623225070827 0.35561378227295715 0.32031768296818447 0.2982793204029836 0.3299309563338002 0.29858864646281086 0.2868523680117741 0.29247953684463296 0.2855797059879802 0.2891868866030615 0.30522947110053883
0.8827068196552416 0.8946966387746278 0.8597864634081501 0.8437027489061284 0.8065395279961844 0.8324478604512632 0.820105022080936 0.8160158131859918 0.8358381332066385 0.8144242107208582 0.8342553469859664 0.7934365346379532 0.8047138335412475 0.7726086741553329 0.7394298810211197 0.7303525487794187 0.6904611329276347 0.6740714309411223 0.6414958408035629 0.6321208982935452 0.6061086107043062 0.5762571104319367 0.5583648101255224 0.5236278386531573 0.5129094520445602 0.4869154532372083 0.4810835825371672 0.42362121154189775 0.4180604368559264 0.4054505031099149 0.4211055709383628 0.39413713571017384 0.35980969584177214 0.3707192202487512 0.34373347714116426 0.3203853797324941 0.30210961517336454 0.2881646298843813 0.2960620770422486 0.2897510653268458 0.29191392825842044 0.30281425814130586 0.2859309476332573
0.9039998644768886 0.8841589458937472 0.8666993493484929 0.8068324381636355 0.8279978828776872 0.8377215486735191 0.8119991602366006 0.8162727516994072 0.8053607630807318 0.8214440340406608 0.7895232863269562 0.772724271536256 0.7740430796841451 0.7562163650616367 0.7107814814524656 0.6864228101008699 0.6591695034159375 0.6589713011851642 0.6377663742518723 0.6168423881681995 0.5986388631789129 0.5713561061711927 0.5490046046062602 0.5609227120936294 0.5477686677785017 0.5270336730799853 0.49700700524567804 0.41304619276352145 0.41964841018990273 0.3898896952825157 0.4117840202334715 0.4152754395458841 0.36368722142982407 0.35060925172793805 0.32856813192669904 0.32219223029777966 0.3125859926490358 0.3113255527400234 0.29381964335555444 0.27494321678171035 0.26071066517107766 0.2545954742732437 0.2553871246099457
0.8626995137480592 0.8627554766634608 0.8312848367107676 0.809745050950246 0.797138118991286 0.8202595711842408 0.8081777230297333 0.800156785820592 0.7964241803940748 0.8097702609534312 0.8000605590797765 0.7820324650373128 0.7515660119818057 0.7498742910535539 0.7307418059839158 0.7119394473905797 0.6751959641362466 0.6662587373238071 0.6588620505414128 0.6286746823529212 0.5864238741205713 0.569810977052298 0.5772363613735567 0.5520572791285439 0.5174128241975551 0.5273850494375203 0.48036151906839336 0.4254473956356071 0.40822650059498783 0.4176775784347332 0.3937622596896548 0.4169352866171656 0.39684893755808465 0.38634516316154816 0.37923675196534895 0.34483291196645033 0.31428808905724726 0.30474530401227057 0.282800836001409 0.28775856676364253 0.2860511039840248 0.2610925788875529 0.27342095211853784
0.8888258077597373 0.8332030253861905 0.8281021969964338 0.8323558153391994 0.8297428986791051 0.7978873453752496 0.80861041626325 0.7917390842797557 0.7968759547426523 0.7800622506093599 0.7866334110799741 0.7867136236568028 0.7810876149296514 0.7720144927398787 0.7242872796840468 0.6979267294873958 0.692149390326946 0.6592186320279132 0.6576606723954477 0.6372654697266511 0.6100188028228639 0.5832216657330725 0.5593045947007118 0.5461681751017137 0.5291028864426168 0.5217943165130918 0.44884504967110145 0.4250353812830051 0.43600612221996254 0.4093928809884257 0.42855162566855676 0.41797790067553825 0.4206756946429695 0.43266725855731386 0.40670871352858295 0.3930321698633399 0.3431190549752998 0.3117027997009429 0.2778140628579398 0.2784183808764386 0.281840988081493 0.27152273711720615 0.2810175574077451
0.8568289271984708 0.8357170031146058 0.8190614930396083 0.79094294031453 0.8046624546378561 0.8039698947611359 0.7771454282381509 0.7752341193248269 0.773159478278447 0.8042392642686649 0.8056187368613654 0.7745177472739305 0.7538079184115964 0.7443235768381335 0.7469909913331125 0.707230136406028 0.6641510129280385 0.6699727254345819 0.6290835047685653 0.6273991623841744 0.6007474383887952 0.5724436939193797 0.536227387172178 0.5390411514435701 0.5135076038434273 0.5028180370790192 0.4480222457895259 0.4487559366290178 0.43317400569502096 0.41398780558960585 0.4349799613118742 0.4476716619112552 0.4681429840804739 0.44817376242075957 0.437486171598618 0.39421876287548746 0.3704060442245444 0.3279081008665364 0.2759160795563883 0.25122848037832524 0.25587595196743784 0.24746203581884135 0.24626074647861873
0.8904458149013512 0.8335375397587149 0.8239912587112772 0.7721623305769615 0.8138036318694667 0.7940558447399805 0.7727737108322644 0.7430920650768024 0.7370751499134918 0.7742050685332776 0.8045303863356452 0.7975724140376492 0.7724101949048929 0.7514030719474297 0.7257869176625548 0.705205624415655 0.6953938400412903 0.6590097118979787 0.6310491893839687 0.6044652729204698 0.5729075614590652 0.5606043211300821 0.5559888064550688 0.5331216971600075 0.49294453005779165 0.49420572141094865 0.468978288266626 0.44261492646312106 0.4401811898693659 0.41022610410365873 0.4392969628321364 0.48455532076789465 0.47523605075038383 0.4612039751671597 0.4093211058680129 0.4104428820913421 0.3836666648356705 0.31789851711736744 0.31876683643410103 0.27469658620461335 0.2778317173725778 0.25333345231462423 0.2503977233073289
0.8853946609705798 0.8573636498816165 0.7944768757591737 0.7997757978118255 0.7924443367133014 0.7879729058500528 0.7490297262274271 0.7138468745696446 0.7269132350641941 0.7326954799173784 0.7662291686144663 0.7842713865493105 0.7566329506611843 0.7577383702894497 0.7117707829213824 0.6806414778821707 0.6820242209742233 0.6572536134993354 0.6044903517531973 0.5822045486602854 0.5708358704313852 0.5549112090109233 0.518151549809936 0.4976924554982776 0.506141956221348 0.4646279059544026 0.4424541108311057 0.43924001922438727 0.42927330137763103 0.45113991718704904 0.44285291587575093 0.42418671225104176 0.4308445917334899 0.4035127384690315 0.41021408543800425 0.3791461947314853 0.35452971177221887 0.3403687654380543 0.32698247936833524 0.28742940314203863 0.29179756882372704 0.26258996250757033 0.2420762139504268
0.8507533393006786 0.8568508701034365 0.8088002750715331 0.7833764467687379 0.7784256255415407 0.762683686084754 0.734097111848482 0.7260925680404069 0.7601345015283771 0.7462224202383871 0.749201904758199 0.7716748005330267 0.7403755603824453 0.7278472572145693 0.7253730510581338 0.6979915773297549 0.6516429346453451 0.5990913699677012 0.614134796060231 0.597338846834515 0.5536314055143078 0.5267218879201621 0.5100469526919358 0.500486763654981 0.47460694958626864 0.4420642822928917 0.45045686246239186 0.4699966102606767 0.46775659436581074 0.42913184899613654 0.4374719072299113 0.4243813529099811 0.4176053478960151 0.3939416681881362 0.37729298017925966 0.3365848885809366 0.36559208194517734 0.31996107784563094 0.3096964576965679 0.3244415691252983 0.2860326327226899 0.25522404147266636 0.22220508283978121
