Raster_benchmarking/Raster/continuous/raster-185.asc
NCOLS 100
NROWS 100
XLLCORNER 1743156.0805232748
YLLCORNER 5469296.434247049
CELLSIZE 10
NODATA_VALUE -9999
[rows 0 to 18 of 100, columns 0 to 42 of 100]
0.15540445909283546 0.15592804894938012 0.1776922896505401 0.15108388034517828 0.12488852110966628 0.11834570220846286 0.1318356885031789 0.13092663626699702 0.1009819743884038 0.10836724734731476 0.1140661200085067 0.09213403606027598 0.10441657208804733 0.12651079593523 0.1355697360177407 0.12313286824913927 0.11004295540848143 0.1347307423262101 0.11440967338517335 0.0846208959557372 0.09507584108594616 0.08288185939763679 0.07886640547571971 0.06025994133622212 0.031619533042342454 0.034791996497939924 0.07689791922854844 0.09181492932095724 0.09704252886757407 0.10241241182193553 0.10857897451855968 0.12195428615538852 0.08467101047276253 0.07585863645310262 0.06393322100712741 0.07750098476336144 0.08228480220733939 0.06059784227163134 0.017859240741438104 0.017824746579733885 0.05440005321020451 0.06918547830337535 0.041526629614993725
0.10834435869972764 0.13433953180442598 0.1790429501495615 0.14162699288083588 0.1620737409787168 0.14652355213562873 0.15587739026538958 0.11806974658259331 0.09862591731824578 0.11373626171717768 0.09587657299621971 0.13608320134905053 0.13176156611563777 0.13419477644329694 0.14482918830049477 0.13104749220016726 0.14870397342059258 0.12292484885001183 0.1184495865215205 0.10566867249008662 0.07589806163996339 0.05717127056505178 0.06605998720407871 0.03944415215635592 0.038083569376802094 0.04765056643659201 0.06686913192321228 0.10630038519301581 0.13104302071429424 0.10188059883411517 0.12395028765337444 0.12438778332602535 0.12277957563931327 0.06784844846589108 0.07926188397475994 0.07817103727835785 0.09285408566037849 0.05895106160430851 0.031247921756468944 0.03581016591098809 0.03351258236149891 0.06129351824642241 0.09714100840405641
0.11903127148852506 0.15307635539831002 0.14286960789851977 0.15594603472876004 0.18398834624065008 0.1724708019210384 0.16856624114832577 0.1419022942657184 0.1516527474482331 0.13533993923143586 0.12270068092063888 0.14087674851501292 0.1514524181724743 0.14140642155420421 0.12664993404932534 0.14365499572881799 0.16167461067048547 0.1399201833951493 0.09529605671900256 0.07523933768929264 0.08461363336578558 0.08469800253807168 0.06145711072429911 0.05840027705282564 0.057883748289742146 0.0361636843585401 0.07337840320209514 0.06270240398334162 0.11644428586093616 0.10255544233761911 0.12007542836140066 0.1212861124970213 0.08060073655330355 0.06614906611748973 0.09522050337596717 0.08878992994130552 0.04872547929910602 0.040454554293474554 0.033637239214979804 0.035048870900915255 0.03799281642759253 0.0907094863761034 0.09667501755756182
0.12563995369238382 0.15761020119608343 0.1500664030918613 0.1583847029890929 0.1831080395698597 0.1642852398317648 0.18209486361061555 0.18409717397527237 0.17283978821516605 0.16456840804694817 0.17090847590594108 0.17365079030980454 0.11892232836000989 0.14723774383345764 0.12457258385525806 0.15592244587140616 0.16658035002724025 0.11469828273185362 0.09227388239596082 0.06350455808241552 0.08011939898744981 0.09427893312408032 0.08737979204519862 0.05008750290831027 0.08049133598921411 0.06710633695698624 0.04182896764191812 0.060585911528254995 0.08550994835024221 0.10808463951936556 0.11591369858005907 0.10436906188370064 0.06555664222117293 0.05674196585649931 0.06818534445424478 0.07662835950736778 0.03247916177870707 0.04086008281279835 0.0343904566979103 0.034089696336930035 0.06361597737526559 0.10170211967089123 0.13016215447517795
0.13915488643693286 0.1488443198302874 0.1466950291667662 0.14950532633721006 0.18202901113305675 0.19979325967333222 0.20469873220371546 0.22353701934129663 0.1895724824005983 0.19387200567702265 0.17758189397194513 0.17943539366839525 0.15548882049777007 0.12791081533315837 0.14292760546910524 0.16444694210457939 0.16731860958091174 0.13404982735997648 0.09431461146377346 0.08951229479920345 0.09029478496325154 0.06730152928012505 0.082805433469611 0.057737911841309594 0.06257221851229341 0.03306578402500706 0.04053285166089189 0.08127838303759517 0.09998348340067297 0.07182836972700223 0.055668411751581263 0.06433036259879377 0.06100829984617164 0.07381623234287715 0.0649881425054105 0.030677934032731356 0.027779860390867196 0.061030948748778284 0.059777079101942014 0.0683113621550016 0.07875316966733212 0.1244298467695316 0.12661975858709568
0.14297871831401723 0.16653844455480704 0.14978953951038046 0.17885873185995266 0.18818137413041985 0.21725206793097837 0.24003642159104469 0.24647613418208134 0.22566270158727966 0.22490418579103147 0.20001266290495248 0.1685819064515995 0.16871127500296568 0.16067660406199805 0.16240007381946736 0.17683364192466666 0.17634173800650996 0.1582054575112304 0.10943887448680119 0.10319174292774545 0.05545870197270485 0.05673485060871962 0.04431700210637227 0.06839116690291538 0.04678506322436456 0.031083569934437755 0.0402980228830692 0.062203996255380034 0.08656281193944117 0.04982644986072571 0.05030385372779108 0.0649714172825807 0.033405184780635304 0.06535777771948763 0.0570943790448342 0.014765319356583737 0.013061870712600076 0.03368561156302656 0.08730814744044674 0.08146144959090507 0.10026883283021598 0.13205052850552046 0.16512361296891265
0.1597588767719955 0.1694981705894743 0.19265404927011065 0.17063954479255727 0.18198570842432818 0.22597597381349294 0.22808178656178643 0.22939075633248565 0.20318732913843118 0.2224837942363425 0.20932050623696713 0.17141395948831595 0.15855822345953258 0.15640191173935003 0.17826635400178636 0.17517954245958126 0.17849849515396146 0.14096511712625806 0.11177307314939192 0.07427076937815806 0.0712784687233829 0.05064555514728763 0.05552841712456257 0.08134800346043207 0.06694376440397289 0.046603488653577475 0.04960767727767655 0.08344587266428831 0.08236400103024509 0.06343481660262713 0.09015395429904564 0.07241213470561413 0.048187703272336 0.030260254668009832 0.043939389477467214 0.02154982354131251 0.01245820609904447 0.03276962613305938 0.05733560625389266 0.10046450291307232 0.10670535661091819 0.11804915239648431 0.1239890809149652
0.16424738047179324 0.18839073443034385 0.21030807204989596 0.20558428690914277 0.17937663012697083 0.19800566519477752 0.23799558194983442 0.21380659672496807 0.21330684608143546 0.22778382182723833 0.18565462084974568 0.16392755134851697 0.16262434326140912 0.14807218126223315 0.1585032732967311 0.1613750313480177 0.1768175842443244 0.15959744653894048 0.11238007204725094 0.08115143037314891 0.06288379525822793 0.08716176717923703 0.10330205312144106 0.061573723888652725 0.0630817982815889 0.0682918831654639 0.10097002785467644 0.0908307082459046 0.1057885239109474 0.0752026982283055 0.08798201714005348 0.05258481625223114 0.05359443633673221 0.02775891207637768 0.0 0.03966493491336734 0.02025654888643903 0.05903528319411222 0.0951646544630322 0.10553976049067684 0.11525300628231257 0.12455288054036275 0.10669867600971035
0.17399212633699035 0.17644336277720568 0.20614223634650616 0.18261014546247245 0.19284266757901794 0.20453740676116966 0.20779453392399452 0.232455045727885 0.24234167157974204 0.21356334742126293 0.19253088223418383 0.19553798264236041 0.17298083736816605 0.1712724119005969 0.16276484771890645 0.17912940369295716 0.1440269037640381 0.13611223070796266 0.11667929072543372 0.08678270352902866 0.06222613007076295 0.08954077609490677 0.07974049842790477 0.07340475158509818 0.08958140890220774 0.0774852896900425 0.1063878393653158 0.0756808451655285 0.09206948588114224 0.07820139866845811 0.08351285114157882 0.06412111104074729 0.06520475722435883 0.030079200597208325 0.04738913588786023 0.041347353724243856 0.03826470715035494 0.06823813414318536 0.08912230983015162 0.11468185207797202 0.11039035733090444 0.11329803284657824 0.14066376639322883
0.19158325553493344 0.18862484988972625 0.20519616768040916 0.1814239213513954 0.22103145457410764 0.21605823860584908 0.20548408786876923 0.20872633879012473 0.23568380323233562 0.22032015481566938 0.18446781590666728 0.20949431115327372 0.19449699669245843 0.20558892115721447 0.18227614259661884 0.1785158131520759 0.14775876375891303 0.14543073348659172 0.13875988785873983 0.0781520356607813 0.08240694752778861 0.11568569814429983 0.1211482713265952 0.11433444968493808 0.08968445700751419 0.06793467704590757 0.08590086564406466 0.09655516820150623 0.07700776008934843 0.09102756317352421 0.055173213521665945 0.0726598966543621 0.03592608630300445 0.05479577461711828 0.05157551174554274 0.037540093106860586 0.04289737296286873 0.0751754071440086 0.06610067481760155 0.10780568406247604 0.10567247342864398 0.12456444178841658 0.15874139812660995
0.2045642208537111 0.1970989420952498 0.18299087133391154 0.1979247993013555 0.23999216396568004 0.23135059595098298 0.20852863873732566 0.22204279558749307 0.2117347268609597 0.20045975407693595 0.18236483289965547 0.1927416454013893 0.19113521894183622 0.20056098427535907 0.16470493565001385 0.16973770314593356 0.12254620027345245 0.12392616660609182 0.09375072360276804 0.0859355317005898 0.09379756355081613 0.10182706869677137 0.10319506504255939 0.10004517862421497 0.0941004670926584 0.1011779163435727 0.12298414357335176 0.09932495445651202 0.10643981338631969 0.0983795875566137 0.10946519876109612 0.08573284995659472 0.09870367419745707 0.06817593399793011 0.08649636719034193 0.0938881803711869 0.06778893107488312 0.07578719759582944 0.10090027799409075 0.11506223006883538 0.15724644294743356 0.14871530926012347 0.16507372552593824
0.22125899016730108 0.19247869841882592 0.19318737946584372 0.21366676620350564 0.23181891218521242 0.21642772132745514 0.209502089270084 0.20484377544002905 0.2011148995223229 0.21503068783433757 0.20037569074503273 0.2212492783071261 0.2238932760918374 0.18734790954674632 0.1825351989929243 0.14857166656394347 0.11598798982650901 0.10927785290101918 0.0758645955801215 0.07593130992346865 0.11158308876113086 0.07655973227694152 0.09540578516403696 0.12983137273356962 0.12140674584807111 0.12320356058819225 0.12158226370526028 0.09841323198290375 0.13039525228976476 0.11124433858471575 0.1262513493567616 0.13839658813190014 0.12669937080345434 0.11583990141171752 0.09743931727130109 0.11993062645115796 0.11638206917970279 0.11994743779544842 0.12237568022038578 0.17206772129053166 0.1876207593345406 0.1670505252697239 0.1778493593889221
0.21910133801336404 0.2136615806561715 0.22668558145493584 0.20517565265725074 0.23271513521703346 0.21173933415088242 0.22015096599899275 0.21274573968601593 0.19593406328631652 0.20227784972214052 0.18226769779034907 0.2102682557804383 0.2075336155071019 0.1948635139017155 0.17917044751699984 0.14849987956981822 0.1314841739448504 0.0771360988450662 0.06866076055355676 0.09572252867526221 0.07298651470423592 0.07862812488983746 0.11123307273756641 0.13825029636373967 0.15201441191745915 0.14695868382715258 0.10941107110922614 0.10464878826978015 0.10138285399525031 0.12281665903658817 0.11290200369193992 0.1465634291191829 0.13336436176066957 0.12451906322628141 0.13337476543013527 0.13500004488801554 0.15692884829948003 0.13915536155705358 0.14957487194188795 0.18056247359203975 0.21627277935384562 0.2026202121483806 0.18153507463917787
0.21850340840475937 0.22643660261587348 0.23528338243841898 0.2404871240701265 0.23066623416104037 0.23648250800577345 0.22235639503483104 0.23568842580979257 0.25421956387333516 0.19632848583193627 0.1977747835662488 0.20035381865582502 0.1875505968711594 0.1855135818856491 0.13165823941774363 0.11928806392056508 0.11308255612890145 0.11548225715831661 0.0699922202985343 0.07108278468890726 0.055284891143397304 0.10091238565534386 0.1370832344395285 0.15470806112792343 0.13971510222923594 0.14620740921515665 0.12200482440008056 0.09941661994167714 0.08340198460549296 0.10466422191016884 0.11683574841752804 0.16568396625341253 0.18482405387109604 0.1667201239265558 0.16233975002482207 0.1668889186719838 0.15298760028270278 0.18615861021427743 0.16849161905957932 0.22256485079820038 0.24066174345108365 0.22039001038954914 0.2334092691384858
0.24663298745890197 0.23260523828212007 0.24461553358584448 0.22481794269931324 0.22930512356210608 0.2512534828829693 0.23918889886199085 0.21431984232109408 0.21631438831176225 0.20896160093331975 0.21219511155104023 0.19345512604695447 0.15710138251107084 0.15509658174331167 0.1427387409013316 0.14660821668001317 0.13382583468086934 0.12363002243980716 0.096355627829303 0.07802598637474385 0.09726116698622236 0.13060162321089913 0.15173158833651676 0.14094423873005996 0.14945701207603074 0.1690826428245687 0.12641480959950918 0.1193327904584548 0.12523033771270187 0.12405452813516242 0.14738159571499546 0.18545248691755686 0.21252040284187076 0.20228819903625728 0.19108431905907544 0.2087574546249583 0.20601063916703807 0.22814691917442206 0.24426313268547584 0.23057057162977337 0.26035380139750347 0.2766016638601254 0.2651004911809182
0.26717550566505477 0.24991857785150073 0.25842335598506666 0.24118615218550032 0.23102315948108865 0.23861428757502823 0.24855370860108347 0.21981694473828162 0.21875885355541366 0.20579274866429234 0.19287422267657178 0.18954223665195533 0.16580684867125348 0.17401668663207584 0.173171189071584 0.15454948637274452 0.13476625603833853 0.10870921499636631 0.09949523070765574 0.08248572043367201 0.12411137476134022 0.1195516190473291 0.13096747820485652 0.19057092627568767 0.20765953295620065 0.17309603416709998 0.17722530370838185 0.14290054430134633 0.14564109830037034 0.14058752786578038 0.15126230935880802 0.17775582816747798 0.22681812085309624 0.23201603214772065 0.20576151837135792 0.24889394947244953 0.23567463922171097 0.2627016303004021 0.26877991791440875 0.2663634213608556 0.3025168241694009 0.30195416093051036 0.3411345621766056
0.2455284864120852 0.2531692473342139 0.27822294325702446 0.2601278071389372 0.25123638826884226 0.23760224965820104 0.22059999966003035 0.21307680938961276 0.19180468042246912 0.19977097751134704 0.20460541545544073 0.22063077118680136 0.19526651199736167 0.17377911437046623 0.17571574237851778 0.18660787191361233 0.18620498206910474 0.13831217162704537 0.15068295011214855 0.11164741331313638 0.10656493417254705 0.1592025166206612 0.15234984033310675 0.19823506727055998 0.2028271834385244 0.1870315021639908 0.17823572155818518 0.17298219718901842 0.1776991824766986 0.15712184801380408 0.18921910000561773 0.21875514039917762 0.22859708704192733 0.255508591117245 0.2406033373160533 0.28001947556241485 0.2728546159839786 0.2931817875631321 0.30219927381760564 0.34157852155149654 0.3368551550560899 0.36651893153593784 0.3489105831947727
0.2614340709245671 0.29027719270826324 0.2808505737418803 0.26718946900584717 0.25576634809818727 0.27308145664750644 0.2359192881195562 0.2180289867793829 0.19365542529056465 0.23799898162867592 0.2447368653465005 0.23396572111253375 0.21428728474454728 0.20254504224690975 0.2094046842696325 0.22859553621760006 0.21025354298036342 0.18528910297967546 0.16798550696346798 0.15022000575768188 0.11366962620925086 0.16837150328741057 0.19859230539815245 0.20925849897689996 0.23726112352609738 0.2244817448625104 0.1868886534836421 0.1722245655695007 0.17339991245961237 0.16796918800736962 0.17448017217225964 0.21093062486845784 0.2500538402512455 0.2734457019352728 0.2644938928756134 0.29015588553292604 0.3571038317605427 0.3240400652327807 0.36183460814392077 0.39813582065965564 0.4214207457144618 0.38416366768955357 0.39338188395855656
0.2874655484673884 0.2805567825930823 0.2863467129967079 0.31140116750973024 0.2965443164196284 0.2791052125272391 0.269102499387865 0.23411455294296 0.213526028234787 0.2351160959190785 0.23879952473012223 0.2195323063017092 0.20686338629215806 0.20722355905564074 0.22250282554353493 0.23742555458073136 0.23618454686523116 0.20684305084229943 0.1969865631654274 0.16541357703309179 0.16034862334795888 0.1727819028538036 0.18399452102405442 0.21611187188120182 0.23365304695960995 0.23787631953459568 0.21867139675831193 0.23142378827127397 0.211278472433321 0.2172966731509994 0.19913736592696626 0.2193851832449486 0.26212853011398096 0.27877629367486173 0.28960715498570344 0.303685287709726 0.35134103757315577 0.3665432912868518 0.37923974208808436 0.419305277067888 0.4388498150298851 0.42190368760725877 0.3929608552910306
