Raster_benchmarking/Raster/continuous/raster-497.asc
NCOLS 100
NROWS 100
XLLCORNER 1743164.791359704
YLLCORNER 5469291.44982257
CELLSIZE 10
NODATA_VALUE -9999
[rows 76 to 94 of 100, columns 43 to 85 of 100]
0.2998809601542475 0.2873974722313535 0.2668080642692925 0.2675469907994005 0.32382730581490415 0.32412729326684575 0.34474402084228595 0.34220907439694037 0.3796165417958067 0.3486607270578089 0.31545800230909393 0.28583111248253135 0.28236376264546975 0.2648432304508606 0.24114201876121152 0.2603793231224936 0.23994196921538533 0.21686380514859308 0.2289548818524836 0.2550639652142821 0.24872417724695292 0.24778760737869468 0.23088731546282082 0.23488047189714403 0.2196993410650704 0.23160880644825618 0.2891372979074727 0.29044287142227343 0.3215052409202414 0.28757470069988555 0.30707777624168886 0.3025921586763526 0.29607282344272096 0.32293835955008776 0.4021608461017824 0.45238401307098036 0.49474365508740115 0.5262035915379546 0.5479576677072517 0.5307175218469727 0.5351579728387055 0.5735186220867942 0.566403874199514
0.25417563735962 0.26923331431243036 0.2668367561904821 0.2600738213147885 0.30041750291698904 0.3087220608309986 0.3027964232820461 0.3439504230304772 0.3545064510548806 0.32641794954464964 0.3142685620288194 0.2681893937761436 0.2502236662336985 0.2346375636121691 0.22188070352508057 0.20523185117723605 0.2544683972515844 0.25155978312212285 0.28168168940996263 0.2773790563663827 0.27214027236627125 0.2406896807856596 0.22013841112232804 0.20654028225796403 0.21946753578059924 0.24824244299336257 0.276878548664177 0.3367188810817574 0.33923072281534017 0.34231871406818265 0.30162774832180844 0.30997096572236704 0.3571486620430829 0.3704264193023908 0.4073861200710144 0.4504782741715512 0.47566106734896946 0.5266313801978331 0.5665371090037887 0.5552312201480583 0.5794664856981433 0.5845376370411761 0.5823358995039819
0.2714539794996925 0.26730403986929524 0.2680727402900684 0.2374498010627255 0.2734358602711685 0.3000822512424928 0.28449129592695777 0.312301337265944 0.3157490670722173 0.32134841874404835 0.29349663712119506 0.29877489048294525 0.30426643766962747 0.27264934256534046 0.26141453350988547 0.23894548640028754 0.24903405533749706 0.22500105721771127 0.2655028330829135 0.30060797727040606 0.28891341072181037 0.23735332183578006 0.23435043554529764 0.23806063124100102 0.2506669366035338 0.30605147765437335 0.3040961517379869 0.33510038816705356 0.3542735763953119 0.3407580029088645 0.34881365314501545 0.33855419773597206 0.38662796363067875 0.3758798438023688 0.4140617537212468 0.45897191193465303 0.4901626659348572 0.5180258859072817 0.5528535633869633 0.5735799740064984 0.5441326645772966 0.559253187269657 0.5372828022763466
0.26827097960221263 0.22640575853527128 0.21045998098163174 0.2187993085232414 0.28328327708249273 0.2849755832232614 0.25540615694420515 0.28936755851205304 0.32170457250138745 0.34403400190581307 0.32291602617404835 0.34011410898016536 0.34390494681432526 0.31201257269542104 0.2695796950596097 0.31058745250911446 0.2795236443776916 0.23588558967686418 0.2854261870321391 0.2867110743380493 0.25429219896424793 0.27025734525524137 0.24552716551019307 0.22458098806565607 0.26273068005542055 0.3306247677925616 0.31499154404617885 0.32587262538454226 0.373246119720727 0.3735118982581314 0.38502277675429786 0.36934924238998984 0.39895519139181557 0.4150720199602705 0.42068825588238423 0.49426362520744366 0.4765590169005263 0.5114577415203543 0.5201940299351732 0.5407254474138997 0.5516131122119011 0.5538001712587237 0.546574835646645
0.2357899324660489 0.2244782446390202 0.20759033192671975 0.22561324650114714 0.2521203709361905 0.260528508134696 0.25338220488545665 0.2824990846556113 0.30910582266998615 0.34095084859381314 0.33605112626649114 0.3424374123611833 0.3362067086609866 0.3284456250703106 0.2926000072015515 0.2926779430735535 0.2902003957599116 0.26574261323826387 0.2564935666664661 0.2799967442806505 0.2500155289734406 0.24289650366275595 0.27824321783206457 0.28526219480162757 0.31923838078529837 0.35613786408597287 0.36329975769176237 0.4042823902328259 0.3960367071256915 0.42033870208102003 0.4009508187788005 0.39287398873198903 0.4217393967431374 0.4021114133331249 0.42862637828171996 0.48554454328609076 0.4733117833574711 0.46901862368511354 0.5100998994103404 0.4941873267253092 0.5006721038746756 0.52873180347698 0.5270276413950221
0.17675642996320753 0.23418583885484648 0.1923722180688311 0.18402632186650525 0.21628962575869923 0.22257788853007615 0.24874661473615356 0.3107434590066786 0.31894098378010294 0.34514200776885123 0.3142601591637018 0.30263823240216453 0.3308386387451006 0.29638059098517244 0.3025613265504542 0.3154890748550022 0.2853102120151456 0.284903569746326 0.24972810280686983 0.27212994610523117 0.27642017176320866 0.26893846566130625 0.290689209181235 0.25678843255788136 0.2899340565625922 0.3791923359454639 0.40907209468476213 0.42671732823659786 0.4051892934280109 0.4255853296616523 0.4757083960030007 0.4812138682719421 0.46441055167921347 0.4099203765854316 0.4524614319231423 0.45418239408615574 0.4479154151122351 0.4612262288391478 0.4569980689802533 0.4682668520136149 0.4836679718384658 0.4799438091181599 0.4901696148533685
0.19480513631218374 0.2248754484263095 0.2281951495965932 0.2397062936687414 0.23825202882139837 0.21933073122026042 0.2732425132986968 0.29032875456252993 0.28031617714815793 0.3087929130515841 0.3015050445123201 0.2971276943839921 0.3290656445304154 0.3248571946709397 0.31805434332302923 0.30685205010870664 0.29622969931334275 0.28462900285887155 0.2792556089086995 0.30053551507234494 0.2934381850638628 0.28793827419078144 0.2561847293347178 0.26503445177196516 0.3003286786495338 0.334396284051661 0.36757309054558485 0.4129400625802714 0.4167749010441411 0.4831139936379783 0.49439157556470975 0.5004503358089047 0.45288141307269936 0.4623238547676897 0.46635440778233817 0.44999154626489757 0.4577250598735898 0.4659593286644897 0.46644772459427075 0.4614649831776646 0.4973443085147653 0.48105111772434156 0.484582401640271
0.18915172616292125 0.21664923390450838 0.2367415391881827 0.21579023770904765 0.22881623648520769 0.23810419796833768 0.24245642568432124 0.28630705340182566 0.23905687833500625 0.24689583784234118 0.30059835301419724 0.3406530651976274 0.34358158705754377 0.32011889466938037 0.3072151614012495 0.309449511772919 0.292549434653673 0.2995088074794339 0.29572348832619477 0.3220626133358091 0.2695917333606095 0.2607363387858512 0.2286710971862425 0.2572889625869607 0.2836307362184042 0.34628544568686265 0.35460151928617417 0.40378795181395477 0.426805477061848 0.49049882073620377 0.5011097318266339 0.4840177985811235 0.48875828433856705 0.4416873846576269 0.47517334477896905 0.4911413897404353 0.4860169677817258 0.5006192164399295 0.5041146431292352 0.49822258907554895 0.4961373238720575 0.5484158163508973 0.49923672002821434
0.22047515461126208 0.23822956518388536 0.20753141722006196 0.22633295211866825 0.22422614753167902 0.23353127853464684 0.2616112931710546 0.2635383426316992 0.2381125826537756 0.26812154827149953 0.3183359818490463 0.3336588488784477 0.33255978468280056 0.3124902594837991 0.31808659090239094 0.2800409569847954 0.2962927926345595 0.2806037449180748 0.3178073112435636 0.32492773389275525 0.29848650463588067 0.2477811515134206 0.23992940198894783 0.2480702708156264 0.2884350102228126 0.3228135804038865 0.37574473374991085 0.38436511131293144 0.42602113503568184 0.4627605722317197 0.49051439904669497 0.5161228592119881 0.5029575747248977 0.5115632876304679 0.507763224791702 0.4953428873568959 0.5089220053601826 0.523600926632713 0.5187047839814651 0.5553051314472219 0.5447061854922227 0.5258903374756506 0.5375764276732695
0.22570187611292472 0.22417390917614563 0.17206707297346557 0.1999798400440034 0.19803746314140108 0.2131146867340718 0.22789743638795953 0.21388708425099406 0.2164467434618036 0.26993180753812096 0.29908318891918 0.3176835612161405 0.3226141012669053 0.30443123413918893 0.3137909871381649 0.2728118210909451 0.3099563727231774 0.27516808906617385 0.31504932236575606 0.30467913466418606 0.321897957309231 0.2602296871426088 0.26284822218761283 0.2645522754230811 0.31748567375322284 0.326126921172748 0.3780543821573005 0.4076272930423173 0.42574851177371703 0.41639563915964733 0.4792800908005993 0.5079416760892491 0.5044073827845366 0.5229320294056621 0.504748650921879 0.49141132948367894 0.5089216426202299 0.5516437766895685 0.5511693968524274 0.558605852677957 0.5682537595427274 0.5494865321597948 0.5454833056394929
0.19942776307786253 0.17412246803756345 0.15899238814289082 0.17118655677862507 0.18609479045474311 0.1780940708513663 0.20767425561486733 0.2435599110611436 0.2279678971877788 0.27329382059309143 0.30094712690437114 0.30626350449692313 0.30762122214972154 0.30513152839297797 0.28770074254440214 0.27055184106011076 0.2985132149958101 0.2997645563871666 0.272262652327596 0.31515816000385116 0.32052404683825964 0.3128978732383826 0.28029178243148706 0.28290444107622215 0.32055302838690863 0.314096774005106 0.3507084304056254 0.3991581849298105 0.39871914402473896 0.4525197960451856 0.46795699644792654 0.4915285634682124 0.5286124785979054 0.5261498901509264 0.5303096107738361 0.5377002618359334 0.5555690955948895 0.5818730267472746 0.5691288156920347 0.5326734834690251 0.5442478891073148 0.5735275778215301 0.5394386589307008
0.15371681775973203 0.1412427113112824 0.15311100528479965 0.17472186060031325 0.1498250955794757 0.15553354647022968 0.1899311394738428 0.2437311727484579 0.26793642653584954 0.29054928314757494 0.31349296595320686 0.35603989339831804 0.28682862445911217 0.279178182383309 0.3058847250510641 0.307060165991329 0.3224977264027812 0.30629282920019923 0.2696394437590016 0.29056381783187546 0.3410522854204823 0.32503311818140046 0.3189693860320741 0.3381239947828063 0.33240632844542123 0.329000791309036 0.3522496295165003 0.41329408718896077 0.4316786856428932 0.4259110531935449 0.45418468572210485 0.5220229894879215 0.49883859203818115 0.48876521730996825 0.511038916744646 0.5391454474814519 0.5619017121501039 0.5451689470972327 0.5294191276892012 0.5518478308368089 0.5859847651957408 0.6079097854258714 0.5704864362792247
0.15298382527051677 0.14975457520447782 0.15398087916587574 0.16294312755613852 0.15577211618737918 0.18933710522695463 0.20675322989640035 0.2551715028735633 0.28179126484686207 0.273166095486092 0.33260958019124487 0.35305541711572175 0.30462914858783646 0.33012127303969346 0.3341479884022176 0.33283731519581417 0.3065919108801607 0.30579868374467895 0.31325102262771853 0.31617004951067124 0.3376672831301271 0.3476784196222643 0.35622353051004096 0.3263571185427536 0.3566518175109181 0.395202265178649 0.39621442985441996 0.3961401087253444 0.44708221582048896 0.4544965690154473 0.4938311861235162 0.48403001359949455 0.5145670552929601 0.48415707322448853 0.4658332057647451 0.4848300332124548 0.5142037144133049 0.5294231081030635 0.5576039156291508 0.5896035793043375 0.5696024203715725 0.5921987220345494 0.6315746695786686
0.16752101107740455 0.1516317052527696 0.13048658526470172 0.15776474155860465 0.17854701414962804 0.18207081249042115 0.19509810089572713 0.21998351295437216 0.2496415452567536 0.26728978303320344 0.3360579496130681 0.35798923125808607 0.3384175742684133 0.3260617189285276 0.31431173017282116 0.341971653019269 0.3465058640386122 0.3704490115403691 0.3664123721365451 0.3726375594735656 0.3762681201148141 0.3332608759631742 0.33287828622875343 0.3514052537686272 0.3684739564346821 0.4036968288017491 0.40091010708146424 0.38950088302838287 0.4407996059360523 0.47275775080109017 0.505925404223583 0.5025967708474478 0.486365134926399 0.47189461294871154 0.46674504263082145 0.46265268968115714 0.4627741412878224 0.49162054071461997 0.5552644574502815 0.6159560288965072 0.6111572188846447 0.6063779238581009 0.5945557258236861
0.15826403770983943 0.14108343516820682 0.15920300282054187 0.18011450803298681 0.19055135348932178 0.2017345751600237 0.2099428232925974 0.24822436114810462 0.2847710008358815 0.27249111155141087 0.29361391676842497 0.31215757004714234 0.3403957476996518 0.3493054364855223 0.3372857242073426 0.3106839972549717 0.328721891703838 0.36869839660149756 0.36528716479382 0.3597766789127872 0.36233715690694324 0.3804192690013845 0.3776961873925135 0.38951265700228627 0.3661945571203577 0.3957818949390088 0.42353580011669967 0.4345850521493657 0.4133154071395999 0.4188267442038785 0.4519663808834513 0.46450761593353473 0.463077173569088 0.43613077992224614 0.4430477666169076 0.4478648901523999 0.46824770371591945 0.48869844626748604 0.5442661176027177 0.6162086598654809 0.5856676747636277 0.5966865727044008 0.5763358382340307
0.1899614593663593 0.1760498910759742 0.1606600873727809 0.1823802914177152 0.2006504062003942 0.24345825247385058 0.2552961038738063 0.3010227366747742 0.27343206774393247 0.2582065551204751 0.27528681557457096 0.2660935702824948 0.2898566308124038 0.32995636997062355 0.3225691062039022 0.28835832621005486 0.2949252738583672 0.35109995175580433 0.32414977655828037 0.34823012139814097 0.37094141378749823 0.3678372971756564 0.361864295583979 0.36801255870883387 0.3949707332165392 0.42576344183498804 0.4383917269149403 0.4495727833335489 0.4454409074712925 0.4398796747191863 0.4829515771709333 0.48506011233761037 0.4719216727216223 0.4621564709347731 0.47949912384031057 0.4787515418209342 0.49402335646399864 0.5000028826443852 0.5754387494036356 0.6123948746737924 0.6056292126481442 0.5959187084136006 0.587950577076353
0.17825179669757707 0.22580420651894886 0.223671815907133 0.2300518440873989 0.2715648644580128 0.30202422473560153 0.30632780181518027 0.32614448577944793 0.28716658986420734 0.2706859195964338 0.26831833991119164 0.30200106270096694 0.2801703796480954 0.2630917086301727 0.263815463002988 0.2838668198660285 0.3116628982007666 0.33131523829412246 0.297018762474919 0.33578857923945615 0.35146280988477563 0.38553681199059986 0.35168600535759625 0.380241558101967 0.39068161615896474 0.43960658257457386 0.44416324229425774 0.436360821565839 0.4404583846369108 0.475852418094524 0.4813670179263257 0.4484627381560183 0.43754331603628394 0.47711166666487675 0.46408320066282277 0.5255799918557431 0.5370346704880196 0.5102088161557123 0.5491920909628824 0.5630175348513936 0.5816553291517388 0.5994278564729185 0.564298145429062
0.19097589563069334 0.25263175639647956 0.28261522859713095 0.2936956734822956 0.2687103961091561 0.3073797593437193 0.29011592132673375 0.3344288445069884 0.27602060521702765 0.2711037918075713 0.2722116184291645 0.29763722701050604 0.27609057637929785 0.23428146860097443 0.2669540313200976 0.22766544867083105 0.2879549936450132 0.27577979389046914 0.2980668257984332 0.29091502639687367 0.35182329968534953 0.38133325104910715 0.3614183363599979 0.38254535178691307 0.3882544462449078 0.4286619469363773 0.4383031080752546 0.43284082597491225 0.43408886765175286 0.46297402575148056 0.4857469376950421 0.4573873974409478 0.4258102847045755 0.44390635980046816 0.4751605217521484 0.517729829897664 0.5493048827887426 0.5504471963083875 0.5459682588331313 0.5687813884374001 0.5393506904417633 0.5515742641858955 0.5715307333783399
0.21366709860579536 0.2758784788933264 0.2673969306375662 0.30658495223789506 0.3031466482160483 0.27216308460211147 0.30914463945925524 0.32967357957900795 0.2797076834486213 0.2752926973821026 0.2579641737792011 0.2584373173262614 0.24382203665303642 0.24143475992711738 0.24272399022142996 0.24369564444809025 0.29112857681763793 0.2542965983747357 0.26618642900857004 0.2922404530230459 0.3133168183695039 0.33493880596744646 0.3566550327304625 0.3723241343824918 0.4082276333841897 0.4141016066193149 0.40139427708579023 0.45325846106226025 0.447873524472236 0.41205380482292364 0.4516027949637485 0.4235187422761747 0.42479805097764894 0.44231521762457643 0.45416820207206016 0.4652152117612114 0.487289834623411 0.49152614500449116 0.5118487909028495 0.5543665653765567 0.5439356513988693 0.5041042438731143 0.5299086488867728
