Raster_benchmarking/Raster/continuous/raster-147.asc
NCOLS 100
NROWS 100
XLLCORNER 1743155.5814047793
YLLCORNER 5469293.421426257
CELLSIZE 10
NODATA_VALUE -9999
[rows 38 to 56 of 100, columns 0 to 42 of 100]
0.42846012525136506 0.4052310729128954 0.37922628875308145 0.4096615655539743 0.3905142669102488 0.3584532894965083 0.3961357757048041 0.4006405538492922 0.3530336291401244 0.337529772515083 0.35782488592295153 0.33308720228453875 0.34688331819256496 0.35515384223149027 0.3275415250630631 0.3450629397506452 0.3629245719933643 0.3342559859829542 0.3363441567997116 0.3691835691087443 0.3898726989765221 0.36307572620213546 0.41160201712542577 0.41207846724303454 0.4223654433241138 0.4431923143262507 0.4319764140433567 0.42747920100389764 0.38111064290218366 0.3758246801561374 0.4136713336481419 0.4303823253156388 0.3800893967696147 0.3966273348755793 0.4235665189934657 0.43640319238205066 0.4633741475086143 0.5256429048222157 0.5137122776217155 0.5470891504203689 0.5254289382409726 0.5042921840705656 0.4328193510505506
0.4238856299721762 0.4392247446185587 0.40570671774342615 0.44900169135149004 0.3977609454483535 0.3548188584005082 0.36209448233977126 0.36075719053300087 0.34961204950271074 0.3678307344790456 0.33686040712181337 0.3146143337030004 0.34244982379698974 0.3907731913794486 0.3685981799464872 0.38076380138064636 0.3761721517585106 0.36126019590716546 0.3331852696827721 0.3490065371147047 0.3346230039330195 0.3490867811556507 0.3540061652060076 0.4136873234135873 0.415947864670117 0.43416771207729404 0.40151526767774665 0.41191433488598533 0.42243276046321754 0.3758246580805004 0.38534926932134994 0.4105178483873878 0.3774155022510344 0.3639208370921116 0.40254933803801196 0.41400579600698123 0.43124222908588083 0.47973428319704803 0.5354646228254876 0.5454637030582989 0.5155161130115058 0.5234525468574649 0.4790549705392863
0.45476232756769663 0.4370264372114197 0.4445231895626017 0.4366556650146975 0.4189146052684215 0.41444784626301073 0.40054666802517713 0.37081493815630007 0.38114863800445525 0.41384177423850194 0.37894561884497535 0.33969190092986923 0.38096973079887225 0.3668849685855925 0.3781975578332212 0.34953769265271495 0.3650712402984222 0.3912805353899522 0.34608442667730405 0.37566355316596345 0.34425185813438425 0.36023970710457676 0.3368477280570917 0.3783969930657353 0.38193390848451525 0.3941776127454759 0.3737671974860357 0.41884332427107585 0.4119133780433404 0.4293674548701262 0.4338581435003557 0.42806623195215193 0.43040376726114643 0.40970999168607386 0.414927118260928 0.41746963702879525 0.4585657147226882 0.455439795961403 0.4887681270166588 0.4890038856197467 0.48244200741780574 0.4980751245162125 0.4693197063656198
0.5250616383031668 0.48907159835304537 0.44740793281007 0.44541295833965644 0.47134082759029816 0.44244867398732934 0.43364297825772974 0.4207625699692096 0.40036907343193207 0.4393208857212975 0.41659025726042465 0.35662235940027 0.3912576254909169 0.4081695271367394 0.3642323308079659 0.3722257107772939 0.3756399020493958 0.3834207336473632 0.3847732113691024 0.38957635816101255 0.342383632061481 0.36236421905053773 0.35420317554505065 0.32291668908621696 0.3439193201370147 0.3546028722363236 0.39203448603038066 0.4095593440944457 0.40881376375419154 0.42167325099585695 0.45327570522120014 0.44935253218521287 0.4097542427363043 0.42502637742236415 0.4398290538290606 0.47201141478999437 0.4609038633110802 0.4786730348750663 0.4463862305244713 0.4716465120396958 0.4712684676641824 0.4844660684991031 0.4373516752455252
0.5265121446660436 0.5062890443419031 0.5002795644127471 0.4576228522883062 0.4728212525427607 0.424099512441006 0.4416196123399629 0.4276513833640772 0.45795518823059633 0.4638812459942401 0.4291679166763504 0.4245922405688302 0.39218574153162694 0.41475804515420817 0.40651606461546164 0.3813905284956707 0.3715395585702672 0.38173177075022774 0.35597236117213477 0.3515378586296684 0.31780495510791745 0.30058108206396755 0.3280669513752169 0.3489180312532874 0.33836654730226845 0.3349497917681511 0.3695664817100191 0.3400686555464663 0.3823312061523398 0.3785774925713265 0.4041385929192014 0.39764107438071306 0.38398772508041723 0.419273036940503 0.40797994815825755 0.42906123304437777 0.46870064452673893 0.43126298770245136 0.4235301182050457 0.4479052390229331 0.4471629978093194 0.41719212504574743 0.44392663825164036
0.5340256040781843 0.5226965429559264 0.5203793138998283 0.487402346743586 0.4851318987102492 0.45277685136123275 0.448011143526638 0.4585914615919773 0.4778618453823919 0.4404337846952679 0.4074693225523667 0.4400059596083272 0.4536094743296152 0.4410881693242239 0.43082927815673466 0.4233760304802155 0.37447363185524835 0.32245920896012115 0.3534343640143484 0.2983138932623751 0.29352632261189593 0.2965975883468414 0.3174617475754281 0.32830569951069655 0.33784788156660395 0.3126192013693456 0.3154934441551022 0.3037777436007251 0.31454013231149924 0.3339789277940348 0.3582382646183641 0.40639431390306685 0.35575972764359914 0.3675887370787274 0.38202069228789537 0.40070301657563184 0.4167937815808862 0.43486962597061074 0.41485843748347445 0.38215840948625984 0.3635833933313325 0.37231432348198473 0.39346902590073024
0.5540583971001538 0.5277375450090341 0.5348766429991467 0.49906853981919014 0.48624707235763265 0.4462097361367157 0.4267086018578181 0.42393910415367764 0.4429905598727198 0.4408046715085913 0.43358464547799724 0.46818857475987025 0.4548882810685066 0.4249167744646925 0.43461823258500043 0.3917904693999954 0.3691618752260127 0.3472163861956919 0.35607634585858194 0.34191772202701864 0.30757468983294367 0.2873527423868624 0.3182564272826416 0.31361919658526943 0.3186096150854477 0.29210559782679235 0.29527852659890186 0.29927810865881327 0.31603047702549736 0.357546579746363 0.3593915434907785 0.4024157711693226 0.37725184761390645 0.3405725026348992 0.37037391458229374 0.4201518594325257 0.42986881333382737 0.39483268554167866 0.35374887587126186 0.3303703320603775 0.33768306859868474 0.35377054936039726 0.373208471645766
0.5462423399673985 0.5006679461834128 0.5531900455298621 0.5249817344632945 0.46810651593109154 0.45676167191474915 0.4620918749505253 0.4323998478224818 0.4532688181192958 0.4754231463886101 0.47055529492606685 0.4653249629713606 0.4684508637105183 0.45608637507722466 0.4585035272148936 0.44813941208078073 0.4049380322524068 0.3764641905859641 0.3765326775437188 0.33137261103761956 0.32328883937278574 0.2536419961428325 0.28053485143863865 0.30170813766129273 0.2823908106792074 0.26376407253560136 0.27884833006686516 0.2550653381942637 0.2857703489019889 0.3057494141712299 0.29746578235992555 0.36537283866322046 0.3707644554741461 0.3573371769259989 0.3948793980494305 0.42758028950232935 0.43850409005537166 0.3823186811306535 0.37019698415955704 0.32791249731901007 0.3266228779722443 0.37489870690640875 0.38134241469441166
0.5261893623814446 0.5201431144880129 0.5460603834005613 0.5238165839435703 0.5006225696563356 0.48736902932809784 0.484294330515425 0.48185848410545007 0.4719863542339336 0.4686527826482597 0.46762333580774323 0.45451859436745806 0.4556826041155426 0.42197952722752613 0.428160515678898 0.40556446956269965 0.411548129430225 0.3797113427877135 0.34396776356130815 0.3245379401619205 0.2852888491814614 0.2894144511623734 0.261907046167871 0.2716429573912211 0.29886659711043484 0.2637219156650284 0.2825855195296613 0.25383287562921647 0.2957857373412507 0.2903406479150507 0.27450361237321086 0.289139765938484 0.3351335096517923 0.3551757731519776 0.4005445113694051 0.38855012237785375 0.40407523232414394 0.3910604806376725 0.3326580858698804 0.323091212182904 0.3598070440610205 0.3789998391030899 0.3721464695589081
0.5625093365936754 0.5534221965449265 0.5428422978155726 0.4969562376165536 0.5194049837737781 0.5478809608068562 0.4930942733548423 0.5136490213406673 0.47858588458441564 0.4471707836113155 0.4359428414148964 0.4281515315949434 0.43546975952899686 0.3883062057793698 0.39769598140463014 0.37771398715259513 0.3743554000168979 0.37082351369653505 0.31120480169824993 0.2859558232136651 0.29606076284992316 0.30420514621386485 0.2885784748485908 0.27718441671116656 0.2712036807326107 0.30578561787043707 0.3113689593863043 0.2969775389748216 0.3015031995150465 0.26597701809599894 0.28569498794151565 0.2572708522326288 0.3106150706631005 0.3501931664934933 0.3536660071967242 0.3866853068509085 0.40206000516032264 0.3797018168729264 0.32831193752420895 0.34203594255545167 0.35611442344936106 0.38762747145364446 0.37346969011350745
0.587316954885661 0.5947181448857425 0.561334764875756 0.5504974643008043 0.5141050769927367 0.5236077622229921 0.5290988672782374 0.4941933436240894 0.47606494333606897 0.4608487055264233 0.44824304592323394 0.40482140203195505 0.40965843946575736 0.3607463996834165 0.35481208966879246 0.33154436974764634 0.31527947853219257 0.28640376720661487 0.28252685250801796 0.2493103448096101 0.2820976200172564 0.29043593201789614 0.27328570025886373 0.2644688367695667 0.2996771545824667 0.31011549334266914 0.325757879801549 0.30821549856883956 0.3031886319426977 0.2510504983385595 0.25498081999715566 0.2541789641615817 0.29589421328538573 0.3494276223621967 0.3802099778996917 0.3477135907607577 0.3711841199175172 0.4004021730491288 0.3504319959402745 0.31636189916183666 0.33149963172134356 0.3740502298167275 0.37523598098283717
0.5736849160774294 0.5944252299857601 0.569162928520246 0.5415161216455596 0.5148310857258025 0.5507963672429388 0.5321774419380552 0.5025234172063139 0.44842091776715504 0.43564454834825883 0.4457571270660764 0.3792702338926042 0.37581996562912784 0.3313935927578964 0.3280204729906546 0.27926356086196413 0.27119186215535307 0.2798373387166348 0.25389800924659583 0.22355667815824365 0.2296540008095167 0.2560986524814276 0.2690357115415818 0.3140797264397262 0.28421301338810756 0.29645794625416855 0.2778401906522548 0.28939276077157383 0.2954402524831202 0.24576249311539658 0.24882892956562427 0.3114060923733637 0.3292599982283795 0.36006540741681636 0.37981017072184586 0.34173017464280375 0.37095472239708777 0.3963618771610033 0.3290860499773113 0.3289966181397208 0.3390135044056725 0.3409342550885021 0.34647810512482174
0.5761982804283798 0.585063709555031 0.5773227149732413 0.5408852644288314 0.5567794182281267 0.5183056841428719 0.5023539820356588 0.500574998323683 0.4420338193292479 0.39825475212208 0.4190910193571297 0.38015867371821904 0.3574676174960063 0.28693130660678756 0.2705066280606033 0.26760083228271875 0.28333282559383577 0.2822425671298348 0.22133434805469107 0.22035026754363646 0.18897422765752372 0.20696596319196275 0.24807268451618383 0.28481404998521265 0.2829648389550975 0.2697472300660869 0.2847645601256812 0.2687910989090692 0.275481372725583 0.2610555426850914 0.2758735259101196 0.3096911820828384 0.2972185891290967 0.3467508468264073 0.33585841787456705 0.35013001029405344 0.3539151119671183 0.3554315737138549 0.32185459744485856 0.3297849574154762 0.2997134831070582 0.33107599237863405 0.36897172838920206
0.5355717402494861 0.5324326523977089 0.5434153667910976 0.5494505744072997 0.5064030729748915 0.4921730984915667 0.4877347081011114 0.4563690207663825 0.4405774990359991 0.4029157065439795 0.38473431646251344 0.3731318727972804 0.3079779976919731 0.265168229344235 0.2660097311157574 0.24861715005897173 0.24061042351123874 0.24632639815282104 0.22647535748534112 0.1680746335388204 0.1706741839300942 0.1844215220792172 0.2010430476031777 0.25927331102291135 0.23080023152174814 0.2681020792389478 0.30171153425256964 0.2928504708701527 0.27590596697391706 0.2422596338452254 0.28446513208711466 0.30525079589061765 0.3060348521615714 0.3254521461378612 0.3209963988256603 0.337425805886429 0.328051027647516 0.2970716623651104 0.31293922337321506 0.33944238093981327 0.31672134437489474 0.2974950993356527 0.34016355974462475
0.5114263635503938 0.5449325300800746 0.5299826480047648 0.5290174916804534 0.5313746861486416 0.5374379400226146 0.5258627509031251 0.5088330165414974 0.4520229850978556 0.43107749243769333 0.3883489254177475 0.34668259244455435 0.32247706212859123 0.2649611496083361 0.2400765756010739 0.22269805206936427 0.2349585321078349 0.21786689242175664 0.18017017051541098 0.19100990241802032 0.19819625551893497 0.17148630116829772 0.21199123866240915 0.19939284472887975 0.2220535414597206 0.267364794175725 0.25773985572391206 0.29937062909280715 0.2745973189663545 0.2793459445804121 0.2633023030858967 0.30616516968585716 0.31129910357488966 0.3118176527533666 0.3039445678880429 0.32448704170379417 0.2975342252551972 0.2740629927772549 0.2965565103622304 0.31306884257110096 0.27609537418890695 0.28733235479345626 0.3050418432697043
0.5241343396189617 0.5147954878979711 0.5106749974547496 0.5065046919658017 0.5501031547055718 0.5546701633600378 0.5565469849558111 0.5300874783160034 0.45668347053273856 0.40475000866416466 0.4019590714080619 0.34675170775419867 0.29882029669828586 0.2651614987614091 0.23736014257246377 0.21499497690783498 0.22133639739863353 0.2139957290270852 0.20435361529969354 0.20596182943944907 0.1959320692919416 0.15416820243349127 0.17417176513027877 0.1487414182700591 0.1677748857983594 0.22501087164069006 0.27149289726462805 0.31645602016872515 0.3243713875429463 0.3172425561695947 0.28262536026913815 0.2603552903929797 0.27185350080072224 0.29165332951722706 0.25054033536296166 0.2666343920139898 0.26659021375394965 0.25034668900898677 0.23696306072638398 0.2538353877912414 0.24765303802555433 0.3218443171937846 0.3359767318725522
0.5185936348936088 0.4969570373855055 0.4978862696199931 0.5521059500846442 0.5282154692783197 0.5647764816990205 0.5186779669073799 0.5229878240487006 0.4670011357464804 0.43726218276047263 0.380775592754582 0.373810009010341 0.30947390278437636 0.2874350349654964 0.2690972996339874 0.2177639110334891 0.18252826658666446 0.174031495210744 0.18116308341936374 0.18952585975121955 0.13533686138747236 0.12936853485423644 0.11398456982631444 0.1419126993997304 0.15622156421866806 0.20274855045115783 0.2733963609613622 0.28105694662338054 0.27880241208544226 0.2891927729590044 0.29774942854579073 0.2796073432834262 0.274401017456003 0.23824632379893732 0.24175094101385036 0.22615132053340944 0.23979718975006703 0.21859923701262227 0.25209105835295387 0.22687863951324364 0.25145529375966486 0.2686928863842566 0.31025650361806884
0.48936098087769087 0.5149836794715658 0.49862992934399214 0.5635295133031808 0.5425884190852526 0.5439563433120579 0.5350369536950101 0.5206912794796051 0.4437421602117863 0.4224522433282683 0.3693429056554883 0.376473996499698 0.3388833105093482 0.3305687115194423 0.2541264551364693 0.204145026180798 0.1573949347653289 0.15682150009532325 0.17613229127449903 0.13548640840363574 0.11895186891595762 0.14040035121920083 0.14952381204465676 0.10615179949224454 0.14519200228549692 0.20032144426373363 0.22458842834199177 0.2603326370395555 0.27085810824099993 0.2940941392093598 0.2624895671019881 0.2789236302539459 0.2298259792581718 0.2515303943276166 0.1910681954314065 0.16995957318647092 0.20402553336367127 0.24108832172872835 0.22091725587654257 0.22445027186411176 0.23323821045192944 0.24281225739102497 0.23604576638817706
0.509300600210781 0.5184582005372784 0.5181399967537809 0.5118904110806701 0.49684324920397627 0.5447331013686333 0.5214714147239804 0.4755304050857852 0.4498875978060361 0.42801683198861296 0.3978837000649907 0.34475055065526006 0.3073723128155884 0.2828752568138687 0.24630175588287168 0.23803400007734724 0.1821168139759943 0.14596832683596422 0.1453442942097443 0.13350546720611345 0.13662529236235887 0.1135395308822748 0.1370815608839405 0.1556345364693463 0.154789642286561 0.17536305004867894 0.20869901595242352 0.23237763980685408 0.2904928467247672 0.26989699158022923 0.25633366748963315 0.25858227403561207 0.21880655452021766 0.22039697854102233 0.17035278802402845 0.19240866086672834 0.17483327260612574 0.2120463097766488 0.20776806111733287 0.23660609581666378 0.239111841020551 0.2716479904385822 0.23315352953679377
