Raster_benchmarking/Raster/continuous/raster-229.asc
NCOLS 100
NROWS 100
XLLCORNER 1743166.3907226867
YLLCORNER 5469288.625542409
CELLSIZE 10
NODATA_VALUE -9999
[rows 19 to 37 of 100, columns 0 to 42 of 100]
0.4863836643566281 0.4839703314184276 0.5295366698543007 0.5325286030281863 0.5276626550689532 0.4746801326565872 0.4615668532985584 0.40418409633507 0.39074072824329964 0.36132750406163067 0.3567261490019922 0.34847994811795363 0.29551740432196943 0.3295180718564829 0.3244688253085768 0.33806936414744243 0.3709562990256146 0.37940867313882876 0.3600056368919108 0.3285066220550766 0.32024943985095844 0.3381442964925416 0.3389607189251875 0.33173213043711247 0.3131386892695562 0.3050316066372919 0.3180654004639025 0.2980128669221451 0.2531124557004137 0.2436766637270478 0.27653351767238177 0.23692503668415907 0.24059451832766146 0.278267078828714 0.2678128259471496 0.258448182132501 0.2481173156169516 0.2626932337856662 0.2624846911910116 0.29913266509233616 0.3082483376848606 0.2809548626917596 0.252608935977395
0.5267660351876623 0.5170594152702815 0.490464297684146 0.5357904955017433 0.5348482684361032 0.516173913264877 0.4788528929632149 0.44674460012940953 0.35610652734908776 0.33935249843883825 0.3463222697305526 0.35147369378703847 0.31837072749476436 0.3358765678110041 0.39030402886786464 0.3560018520884134 0.392867150436061 0.37641520789261224 0.3646340748242361 0.3881864875980815 0.3339704902578511 0.3553104955859412 0.3277367821132557 0.36033418607770107 0.36455158670169974 0.3649274887671793 0.3467341784535767 0.29109925534496495 0.2832686256809822 0.2780348569083319 0.26900815451319326 0.28606208529194344 0.23950387984040739 0.28616183339574974 0.25683145555248654 0.2322704086409336 0.2503224039621449 0.26698871046834216 0.3101106920880862 0.303435555138292 0.2744721912727924 0.25817976249960395 0.25213859873327016
0.4942535506609281 0.4855814864910124 0.49044627875935015 0.49365528335082814 0.5288938569592131 0.4867527074974401 0.4575908045942247 0.44171423468512133 0.4040344286537113 0.3486175638498196 0.36490852137160423 0.3660746161196329 0.3441588089840895 0.37333612254447457 0.367341190487213 0.36579560501372915 0.3791811031426319 0.4018897353004159 0.41238748878258874 0.4231928149961195 0.3669872257962877 0.3854416062538673 0.3948455800760056 0.3747952732420463 0.3565623749421047 0.35156290374931987 0.3318643959192568 0.33205088468736954 0.280552324751968 0.28526946489385335 0.2985790011733612 0.3139906028146113 0.2888531432090127 0.30955362195177966 0.29040761827794226 0.26504550152637985 0.2904502808220645 0.26674033228047045 0.3035280310624667 0.3036208256689794 0.23185288370680984 0.2403809969905301 0.2918264370120917
0.4857423579350442 0.46259275644294806 0.5071262184117954 0.5082633383040632 0.5259807294159972 0.47125206728501984 0.47903213394443117 0.47237366264321046 0.3935642086765497 0.39054480653013873 0.3955448029130544 0.4042212356289244 0.42456095414700473 0.38807213186428424 0.38676989425378083 0.41861862165670105 0.40342484064618656 0.4442256955018294 0.4494213853987738 0.4667527792774439 0.4372187004559876 0.40075879657736535 0.3836983209908695 0.3921878927735322 0.34549424620935687 0.3795846715694488 0.3842873618795966 0.36857690786263714 0.3352944883495342 0.3102512433936592 0.35206956154109326 0.33060733433772915 0.339633813125311 0.3538778706249496 0.34669911119103325 0.2698843732897048 0.2678357792752883 0.2889207339209915 0.2943755106638024 0.29784338639660873 0.22122018666759857 0.274508425663348 0.3091334583532575
0.4958593400087325 0.4751730446050834 0.5039806963023192 0.49139022212320266 0.4640133017419232 0.4683966985082111 0.4540542885672355 0.466671165276147 0.3948256576463858 0.3873287919881203 0.44438069525843554 0.4516064552150845 0.43881856711419687 0.40443102149679583 0.450113606969048 0.4281592800383373 0.3987042945715723 0.4093240721744122 0.4103936925813757 0.44906239666198855 0.426063030531754 0.41619239891762055 0.434458086366634 0.37947503468557764 0.39293546973376736 0.400632580399039 0.3910690091409063 0.37108367750895216 0.319716277774698 0.32659652036111436 0.35360707833583027 0.35439912525970746 0.3264523940641205 0.3389965241356688 0.3214987173502032 0.31215700954080045 0.289758242149882 0.29941209443346817 0.29052223021954243 0.2645623684190087 0.25232578449316523 0.254762624706258 0.3024130935584218
0.4840239114084201 0.4946495458243766 0.47511071627875606 0.4712452384280104 0.4548886331341306 0.43823192333630956 0.45655252770348076 0.476189872097872 0.4358829378069908 0.4053533880428261 0.4374284344716066 0.41781174998986614 0.4462630863481102 0.43172566171573834 0.4667629026056179 0.4215261925509611 0.43680310776471654 0.4232706712577618 0.44581001883630594 0.48142066001688766 0.5042441437106742 0.461411956908708 0.4444855414557082 0.4519935178416404 0.3940279601763535 0.40779297159840455 0.3834608552708677 0.3802284831454655 0.33562300360199965 0.3566484458887933 0.32242501182708116 0.33288249397272385 0.3053948343052016 0.34976478409453254 0.3509131840075046 0.3410382503400385 0.36121747349616057 0.2988459053429304 0.3132492412275749 0.2813046042122494 0.2960370610089067 0.2617183593478937 0.29772960772329204
0.5402630786820951 0.48504303475245025 0.49229468360155565 0.48693450736515254 0.5055347956925683 0.4763568447686488 0.4319316793682793 0.4332968785539805 0.40394600683394455 0.42145672109934845 0.4541215991114394 0.4510221570917933 0.4643148314703886 0.47318285883950445 0.47761270865819705 0.44801204720956506 0.43329911610071387 0.4251093148291721 0.4413255953175427 0.47149753870439687 0.5217837697277449 0.49254265841653333 0.5139100637413198 0.5017336831143644 0.4757875779184762 0.43337986525132105 0.4336829693037665 0.3722843812935352 0.3485253194441127 0.38110640188263945 0.32745724311592056 0.3086880996636025 0.3211056629032469 0.3405761020836577 0.32571967153431747 0.3477032339908073 0.3116025577377316 0.3017309309318948 0.3226746344319989 0.3146099020661433 0.3090900795531287 0.2954207599704433 0.3388267858432277
0.5637990388648553 0.5454261569921242 0.5323940964085978 0.5127674622476129 0.5008076208348606 0.48149749864678437 0.454496346184818 0.4348840541181458 0.432446204402545 0.4343798613197648 0.4267655498392975 0.4041485882203094 0.4121129998861002 0.4800259811064514 0.49776221143613264 0.4734214145656362 0.4502819939200869 0.46130570396862647 0.4485945839459191 0.466128440184752 0.5276694285559305 0.5045052529500931 0.5645071212736825 0.551510490277407 0.5198730769573211 0.5153787626196066 0.48349690074644563 0.4156545072812981 0.38970864230615604 0.37108425945294754 0.37304478473977903 0.3443291053688661 0.3414244968230593 0.33808775884241954 0.3468517345044132 0.3203486170563421 0.3328946565957904 0.3285712955651861 0.28854989537086057 0.3035207646006975 0.3447295670878848 0.35459472098247435 0.3278937148188603
0.5674331136954509 0.5192190805378046 0.5484053870216218 0.5216728193646132 0.5459998885862618 0.503985285238693 0.4870948714802517 0.46261821658059127 0.4824390988265651 0.43640781975349013 0.4069736683028296 0.425151296376546 0.4280107595876057 0.43175331961246416 0.46219212524733905 0.4958156331583459 0.4917422241396308 0.4640570497261963 0.49136426941169936 0.47183395515211657 0.5227998279290769 0.5320681446713494 0.5348463248845132 0.552776779727549 0.5134785179011742 0.527605705827351 0.5246991417230571 0.4860712497396078 0.4492476880397516 0.40982774317857074 0.38222182033981555 0.38212043165494763 0.374135201262765 0.37878835856355314 0.3660017982852602 0.3329241949178918 0.3425002973232974 0.3092076851315743 0.3272100730482578 0.31199826207035625 0.3382966345197033 0.3463188734252548 0.3554385426403302
0.5388586322817432 0.5445032436672191 0.528577255653602 0.5789046162312989 0.5817476300592698 0.5694294597680492 0.5596961558094655 0.5476155113136029 0.4912193254893356 0.488304159383929 0.4360982603918725 0.4409867890490935 0.4111313376668581 0.46223421297851025 0.4712540167341948 0.5190218234249545 0.5052794357485755 0.51576922908436 0.5018722326046676 0.5102744826175845 0.5145925768813205 0.5262743566466712 0.5827158109510412 0.5513209437141235 0.5284353556508533 0.5391104934028916 0.5179695320724381 0.46901944980677085 0.4788199205479327 0.4465305727679546 0.44762301433639134 0.40183367862831376 0.36410833285304495 0.3602292443767023 0.3494580319033874 0.33675346817099217 0.371634638681386 0.3316638549112452 0.3396396006716409 0.3041400084356848 0.2884858115816059 0.2977128372519078 0.30893746867372956
0.5391940280350734 0.5617855865089899 0.5550393025114844 0.5881876672597088 0.6172098963960595 0.5806133106846288 0.5664009228077713 0.5666401702256233 0.5524209086419707 0.5380128459491389 0.4899671675274398 0.4483012336559691 0.45423231843311607 0.45222633697714654 0.5147652871094511 0.5276912908079342 0.5401692200865799 0.5445769799711638 0.5099686929167122 0.5447910752779097 0.544336788610888 0.5511179940143274 0.5969482516165346 0.5523802583696301 0.5423996501331334 0.50014032922067 0.5013111472925434 0.46705363603140526 0.4490980817480706 0.4405298579192417 0.44086119617501096 0.44042354666926603 0.39106846907436577 0.4041298915477503 0.41317820932878907 0.39644358135153335 0.3817444917755165 0.35854462168841433 0.3340678494229635 0.3122160851974533 0.2893832736782634 0.3140681869542762 0.3357386157144334
0.5544268085791113 0.5516303605207574 0.6022007722935987 0.5994972278905113 0.6365899710540834 0.5829033580751217 0.5680264022957969 0.5574453089046035 0.5899394519794439 0.5388056385521327 0.5237304769184724 0.47335998281148334 0.43404021045266156 0.48097294829277226 0.5088712706277421 0.5193477599665595 0.5392810402050126 0.5286192140503092 0.5194073775192036 0.560198390197643 0.5831936232910876 0.5672901272292639 0.5866759113351308 0.5619775252832832 0.5609060395427127 0.5389356286476706 0.48200694008541667 0.4637695234275908 0.4583699966990884 0.4732782574530827 0.43741394279268475 0.46170185308565165 0.43044321600763935 0.39515742474343496 0.3871991602408864 0.4443103863132977 0.4395265278090874 0.364125147764308 0.3455297761202293 0.3275965893988512 0.3059266539074205 0.30112345624511133 0.29967335114244925
0.6135314178171847 0.600898794144073 0.6354525914389691 0.648238144344595 0.6351980376838879 0.6323816366461791 0.6302707406988833 0.5993048419210716 0.5582049212237188 0.556978508656151 0.5234656622176165 0.5070005835146465 0.5302848288442996 0.519154428996813 0.5055957508248502 0.5318911314478614 0.5192568901015312 0.5379052953705891 0.5176747397478643 0.5440349646473941 0.5676044386979522 0.5694122806174078 0.5909970977236032 0.5787565631280638 0.5977918444243342 0.5784258564115273 0.5643208975021701 0.5179366107972005 0.48418906586509797 0.461403192316686 0.4555181687921713 0.46485746853646104 0.4175375440252108 0.4256884312346037 0.42619830002072917 0.46106098540459634 0.4555239215216529 0.4009202615038567 0.4066750633157862 0.37141423863824446 0.37248402242552847 0.36709996136635903 0.34507363160150556
0.6144593845477981 0.6243046410444039 0.6731116298936527 0.6681946616324543 0.6310286785255407 0.6469071604260525 0.6124256968198566 0.6134265939902442 0.5577654301382563 0.5469449015311754 0.5654813534970927 0.5502518728742656 0.5594083516760763 0.5275845582717723 0.4755871918042205 0.5076280342884355 0.5265902492042369 0.5447112821849808 0.5395327178522333 0.545290502697764 0.5629654864426641 0.572804639263909 0.5577762026701482 0.6069406703910676 0.5951619583626344 0.5960622513344465 0.5670820449371448 0.5650450923262881 0.5277670859086089 0.48140479598723457 0.5274531073721989 0.497076146952266 0.42857595882969524 0.43696217472526383 0.44654309630347555 0.4592700244317633 0.501236624582913 0.44669547236626606 0.4136816983627821 0.4248459004711105 0.4160840355614793 0.39960268803700977 0.3481335935995657
0.6393304896258314 0.6274108441021996 0.6540782514056639 0.6218996547958734 0.6366162280393316 0.6187314149309225 0.5935425534577473 0.6243246782122769 0.6139550989632495 0.5658740105907888 0.6058697112222158 0.5910245840360161 0.5828796863671521 0.5180927277671955 0.5125481533450841 0.4890264009937637 0.50541192855186 0.5540485499735857 0.5597323864043321 0.5885692340058486 0.6087887379564347 0.5839903088073191 0.6142122881195797 0.614090907855649 0.5950264487186412 0.6040366218156517 0.6144011337078507 0.5874320194628394 0.5693415280179377 0.5154427230755754 0.49790751273591344 0.49919826115263677 0.4456637559379155 0.47423094098748353 0.47499718628729715 0.5138435977848813 0.533737481798869 0.49794513100143495 0.4306103319865214 0.3939264831538898 0.42308124289958304 0.38802218241400244 0.3674783386236669
0.6903049426242859 0.6549877612281435 0.648330530153401 0.6562964091740345 0.6447946961392302 0.6154775409418763 0.6026104589495653 0.6349810355098774 0.6193915638663537 0.6164162186021803 0.6183636243266613 0.6169602857470542 0.5759698865342009 0.5648260588561763 0.540112636381632 0.5137562450561777 0.5208494161454909 0.546354523050965 0.6205427432620302 0.6110986540846229 0.6339263359368371 0.6106133098320712 0.5931700934588181 0.6160371974232568 0.630726035243883 0.6388971514285053 0.6499262627188749 0.6173191364977169 0.5813399780700563 0.5415947310707481 0.5127295509204168 0.4899934717690521 0.49272195059961815 0.5215885500862548 0.49788367766937575 0.5019786733419652 0.5393943117497099 0.47598937742900094 0.45467802379513284 0.3940309078475683 0.40665519018583735 0.3796171661070198 0.37708052724324354
0.6764789612213992 0.6700165291546469 0.6294891481429107 0.6620928528980619 0.6579389113823155 0.63065518928171 0.6314163304938231 0.5963554161771125 0.6286817211268968 0.6283211374385708 0.5930143481059716 0.5737132360756692 0.5959906269901578 0.6047255283609846 0.6166687685288468 0.6053653894245283 0.5692430505022551 0.5924193771853233 0.5955752240434025 0.6220689282577327 0.6721333705042093 0.6511321833926702 0.653207831480241 0.6786621457396743 0.6381653298673506 0.6487805861069793 0.6532379679309773 0.639719441082893 0.6441332107779761 0.6036870506629551 0.5715956671751362 0.5565401130520372 0.5365003920548895 0.539507055323421 0.5191301934737292 0.505381149184677 0.48378842190085564 0.47674275756053813 0.4555469545044907 0.42994118182604857 0.4077245058980788 0.37105581706055885 0.34864327597616956
0.6483726583271868 0.6384172188624195 0.6494692280386863 0.6317651868048165 0.6168175538244343 0.6364959831542529 0.6132252176808436 0.5826738220439783 0.5840194698790926 0.6024361338091212 0.5826823133677422 0.568225471467762 0.56312708196232 0.5777431692053537 0.6256565038988154 0.6292421064804249 0.6348770942180711 0.654103345181787 0.6237960914545005 0.6686781118703309 0.6837013968327159 0.728359064757108 0.739236750271883 0.7404038136930294 0.6790536276236758 0.6702129573635673 0.7091405861566672 0.7085609372423757 0.6877084629276647 0.6508835846324452 0.6064188158472503 0.5645661561875077 0.5591516089323849 0.5458466533996139 0.5444877327179785 0.5302341222311598 0.512385729020509 0.49375997591036974 0.4738795821804767 0.45745810498877915 0.38682709844907714 0.37264345895484585 0.3404181545824719
0.678292545269906 0.6853265809255944 0.6984481787565328 0.6848961045750658 0.6816712235084568 0.6819148120223512 0.6278906421852557 0.6021260496372111 0.5757016794896045 0.5869966176435482 0.5844520898384883 0.5878523306443815 0.5768184767748403 0.5925651531427666 0.6556447203270613 0.6484661099956737 0.6846777491454472 0.6997951238585629 0.7058261930733872 0.7187228250465069 0.7210197322794581 0.7503838920658346 0.7639012739643902 0.7497892836779072 0.7316354380258705 0.7478981951771239 0.7492069121623515 0.7439410414601325 0.705369448641294 0.6788594075901909 0.6429462800751045 0.6361895579071111 0.6261823998579417 0.5698628150316848 0.5283019500792249 0.5238474247151241 0.4984647977044968 0.47256608397636796 0.44344173465186704 0.43299439775196435 0.4161801519605989 0.39409597561606674 0.3567820241139777
