Raster_benchmarking/Raster/continuous/raster-467.asc
NCOLS 100
NROWS 100
XLLCORNER 1743158.620540181
YLLCORNER 5469286.267447871
CELLSIZE 10
NODATA_VALUE -9999
[rows 38 to 56 of 100, columns 0 to 42 of 100]
0.3839610090299963 0.38180848367453596 0.3733435438974721 0.41145521369372584 0.37554061906722064 0.39272919594225125 0.38362055622755004 0.37051103982054806 0.3120957723407395 0.27691709053658253 0.26751801831243377 0.24877777694705625 0.2619735199374597 0.2499919090630663 0.28065846584475457 0.28772152350020075 0.3304440466708117 0.3436542617410414 0.37908520509235777 0.3791605140017155 0.380128406283913 0.3518836596509151 0.3888968120061007 0.4206165297115421 0.38176516837860236 0.38142163691391606 0.372994537809098 0.3870673898587204 0.3391789121788027 0.3701932388275275 0.3413684478191338 0.35212442620953976 0.35603562566579 0.355653444442762 0.40692195945785425 0.40315628623445643 0.4097146502639634 0.37247855973255073 0.39643114560362824 0.36603323761178896 0.3772533580372413 0.39686315278426754 0.41305960841957584
0.3940930689853079 0.3712819474026163 0.36365969671416 0.3637666441981731 0.3737839967256373 0.35992763815955303 0.3673636631587306 0.3458765323301822 0.330731912914334 0.26595831037761203 0.24651219428988017 0.24748231373650634 0.26583803131288963 0.2618105314427899 0.2736906184513659 0.2650465183583785 0.30519064156528913 0.35567131001802194 0.35570334028148887 0.3648721794369488 0.3493081470053658 0.3641759834830364 0.36749946171962117 0.3923392769672 0.37596309766032465 0.3138959236191966 0.3075979360587997 0.30043387718960135 0.3168740565124503 0.3311134652062487 0.3475527022283778 0.3245960333940901 0.3660831649675797 0.37285838903260127 0.39118198740213606 0.37456745801940966 0.4235075109050102 0.440269106410566 0.4301608814322308 0.4304071583073743 0.4057018934977576 0.41690194079976156 0.3683405259145571
0.35072523167090697 0.3324682398621594 0.3292540405816123 0.2950073078610039 0.32700364295143347 0.3015014862093897 0.3388213231381267 0.33421608120603125 0.32125536282557715 0.2687194981402825 0.2425880111235504 0.2338875992782154 0.27003605587249513 0.23359248593914878 0.24360294412592814 0.2594168114146536 0.2928576326519128 0.32682941906539503 0.36717879499424083 0.3641814190635827 0.3232405296924677 0.32526698998815584 0.3411269011590162 0.36742749679325154 0.3194245560685808 0.28900254214814525 0.3082991148916422 0.2648218938881042 0.28215943342230826 0.28018496013810407 0.26946847869194634 0.2835398675517373 0.3096000120871523 0.3663510220192212 0.3454217226884538 0.3774132605241718 0.43241908548071684 0.45798194289114197 0.46598211156152214 0.4606847423071137 0.4379697762969196 0.39089473113595097 0.40083652105832374
0.3282118015048493 0.33744516751068354 0.3026962161237061 0.292013417383513 0.3112627452413858 0.3225287735155753 0.3147817484903063 0.29527319275702973 0.2921592646224803 0.29071173201952105 0.253815941450212 0.26727654954410107 0.3023049853319029 0.2975934524842359 0.2489730282752011 0.2728533247338494 0.30406263447716403 0.30007504485740477 0.3446053936801297 0.31562609262135816 0.31252081124884046 0.3174085855980303 0.32871254000140165 0.31740049767557016 0.278070258097315 0.30028807087932924 0.2874750888112537 0.28438408745502264 0.2905124670529805 0.28691947890106656 0.24913382053865313 0.2921168523900479 0.28450264455857516 0.3235587070158784 0.3483258206735689 0.37349523705840637 0.39241841410905387 0.4577910713666222 0.4705052423203889 0.4408381119490001 0.4489355989614189 0.39998103154784387 0.40908550144627026
0.3011315025126845 0.2997083866584066 0.28912533783407146 0.30851003346745814 0.31039663014693913 0.3147690724603004 0.32304124256903105 0.3267722745002291 0.2725252237845083 0.2655482164280765 0.2889255750533759 0.32360623820736656 0.3251546433181058 0.3151493311296449 0.26829941732625867 0.29167590216341305 0.3152631315064985 0.31706250891036014 0.33707773816694725 0.33827761142731483 0.3123019475297454 0.2746843136980787 0.28031869907792983 0.2812660885347066 0.27174590095423795 0.2720486955866196 0.26120012237098844 0.2870677571455268 0.24406615467408557 0.24527812718085423 0.23532391315255852 0.2886501966874125 0.30296107988044657 0.29732919006866554 0.3585180938559623 0.39018701037376546 0.43119134329839237 0.44203353015614266 0.4426153135535098 0.427046276364576 0.42374084309706733 0.4262692721375706 0.405155312348356
0.2842423030054985 0.27130153524938283 0.2853320222390032 0.2904813775639019 0.3183442354065474 0.29165344669369603 0.3236006516580836 0.28821288757111957 0.2758822193259723 0.27452043150604544 0.3003641092318411 0.3440952725990692 0.3347447103210625 0.32526404838048395 0.30542303169270635 0.3063605055109197 0.2748123119474316 0.2996235863815052 0.28578157351201705 0.250777498164346 0.24919068711708053 0.2825220842646832 0.2756063493933374 0.27298582807330035 0.25146984268283007 0.2810068914396504 0.2591277944592785 0.25787569754674267 0.2573095105981544 0.2687432166437525 0.25883925996345286 0.2865555026415151 0.2848624003195681 0.30991324696807826 0.37444343452926293 0.4090463464509864 0.40002134800324574 0.43185673310186584 0.44626016238741706 0.41967111673749635 0.4365153600156115 0.4474158994435336 0.4453459861267536
0.31690329404506923 0.2974406317945834 0.2829030809631212 0.3058702555338189 0.27331395240574474 0.28259316197612794 0.28423517710599894 0.2816707508393749 0.30512124665995205 0.31576254562959566 0.33928477799622453 0.35219918306463666 0.3270771093661032 0.2903003871761521 0.2807184548334418 0.26403423385427793 0.2884778663701371 0.23573264993894336 0.22986236325013598 0.22770263705330576 0.2387738443676863 0.22445786967786352 0.25975594457306356 0.2896516835824909 0.23880362835388508 0.24477511336248198 0.28591079775550976 0.24238355072830572 0.25023540423036444 0.2721433229534166 0.27271350620161655 0.28771960159165677 0.3016854725868042 0.3485611835512013 0.39250678537555117 0.37557623807801893 0.38301118762133385 0.40308005706529487 0.41772806851284194 0.4177568496795538 0.43807212592003186 0.4269514791134777 0.46978002255185647
0.27219646793508573 0.28176220237192035 0.30208510163374463 0.2964232032466844 0.2833771519818541 0.3145029413672677 0.33670204167756057 0.30879262577412103 0.33386349767052903 0.3115556423521299 0.352361341304851 0.32775503408928713 0.2939588924502354 0.28670118021803254 0.27423025226828734 0.2768999544530911 0.28116639134416793 0.291150342198281 0.24933894184318292 0.23687579597788888 0.24219611515697534 0.252838535824082 0.28565065904971704 0.2944688098309345 0.25222418244422723 0.25624038103149616 0.2907794080500784 0.2833360332336254 0.28405259489279827 0.2908907785647699 0.2841945152750936 0.305917939404581 0.31727288855575814 0.3671006938480204 0.37554948183090403 0.3830560339771004 0.414212117497792 0.3717562632296595 0.37197056734906137 0.38490539992014244 0.40771333498790746 0.4492366301149045 0.4419295002190222
0.2652016779259367 0.24898967403205172 0.29434122841988364 0.26043749491187806 0.2868873326100858 0.31526180540517446 0.32141048625171786 0.3665265900456033 0.35442004773575536 0.3451528167376655 0.31926254568462253 0.34048310995544023 0.28449288552083696 0.29055202698080895 0.32107238389956694 0.3329150050033605 0.32529097388494754 0.3095970233029837 0.2832360663537024 0.25609595063403967 0.24388872534038397 0.2651009977043692 0.25554361957352645 0.27043198154651266 0.2522034065197161 0.297331658585036 0.3094430845973792 0.300242321421554 0.2995238138483505 0.2606675981176827 0.30104972910835776 0.31407438764381035 0.31806376968026856 0.34822009095449363 0.3830062389461442 0.40262698853466655 0.41319653657466426 0.38305875741327383 0.3773744209843583 0.37624318199667817 0.4036799372868654 0.43372459214814746 0.41064006133697856
0.27682244844360343 0.2890908412716822 0.2856567273459095 0.2898834035942407 0.30550886529306337 0.34003857915033664 0.36504817778787413 0.3724812111592337 0.3713432270804664 0.36068487239286745 0.3457333359460074 0.32379758341067044 0.3144991538381675 0.3083884164485428 0.30809948266360826 0.3171365058762867 0.3444988199744706 0.32606088065325317 0.27916489957514934 0.24773880720155303 0.2653346601788764 0.2938708917432182 0.2770057807154757 0.2625492307772231 0.2644978256582835 0.2777039485851494 0.2878235834308942 0.29624401193140726 0.2772077574737004 0.2588078266375451 0.2894257045491798 0.3243051825819599 0.3240513151857381 0.36744174513123573 0.37001577111654305 0.381778902842193 0.39600036197120475 0.4116332796729554 0.3853755700262883 0.38405585797374264 0.37574482229906403 0.40053301873469516 0.40679532087667697
0.22801083619248413 0.2564214512478408 0.2809202389308339 0.2778072752993051 0.28128332012855345 0.31574865522949824 0.3218082437970983 0.38619081419393464 0.3691438303290737 0.3405694599746277 0.34025421003102974 0.39324422721473334 0.335098821124113 0.31133100557635185 0.320124017269137 0.3286330985548371 0.3331265607338589 0.34097690273326536 0.29974722401707576 0.285718448297508 0.31367455870744415 0.3128446885054732 0.28282901252919024 0.2335403130469413 0.2612429478893787 0.3071715740918779 0.27268945806330946 0.2698045230682234 0.24958778501755788 0.25501150394175565 0.2886350752626726 0.2997531675404425 0.31703506557116207 0.3801293639564133 0.4069850821335202 0.4512542858018249 0.4229762447400546 0.4259363284454751 0.4124459434718505 0.3606427811248172 0.344424446575622 0.347507174664064 0.3993298293536822
0.2317710039713729 0.24845709181905354 0.2462762612679928 0.24675305598123284 0.28134962421951226 0.28916709857985906 0.3069741184758552 0.311367297380226 0.36161917896264223 0.3447199858905483 0.3759123650071328 0.3760951550622148 0.3487123910546821 0.3436919411616246 0.3390913747446802 0.34270375477153964 0.3134671700086143 0.33098727475119977 0.32994221662261636 0.3014184184578736 0.34103168192642486 0.3182381301150569 0.2706762093471874 0.23824557960399428 0.2842797051440143 0.28377007299016593 0.29644400939958215 0.274378950696458 0.2585428341045483 0.28917860434589737 0.2612476923019023 0.28107294923947723 0.35451450933453615 0.36439984180107926 0.4195468584453052 0.45194996292923784 0.4406502176457292 0.4183712379933548 0.42604074158178834 0.39650181318994243 0.3524089460061011 0.34386719102740376 0.3636190116038977
0.21074081898474686 0.2074453949322741 0.2455046464040955 0.20652206550800378 0.2695036395693484 0.29266225934249823 0.27716265467609097 0.29105485774179485 0.3579128660568271 0.35930898531803085 0.33538206592059944 0.33721493521899726 0.35965793967275533 0.38289862863441826 0.34845099446493516 0.3612353504565919 0.3422491993776173 0.29634729424672884 0.3443279957890329 0.35386231989781414 0.3477771166045268 0.32116580818929347 0.29530407495510824 0.24237380964445507 0.28757988008240787 0.31763413358238124 0.31350988078563946 0.27527092795062735 0.28833322090070657 0.28441347139930323 0.26339483603958147 0.29126215635308816 0.34722430510301416 0.393521549737403 0.3902786914892077 0.4254592632112327 0.43990389242870226 0.4058830038471298 0.4082426119309421 0.4057954592916441 0.39098032522841253 0.3515713385367866 0.36524383698997076
0.23596299198165333 0.2023169506039414 0.2182530940607932 0.23391507534002387 0.2353636871003818 0.28320870559067485 0.30136941241855775 0.2946575895090249 0.3233308466336066 0.3353806995064602 0.34002410550633294 0.35819092054318025 0.36313321069947263 0.35065323908816076 0.35536425495447527 0.3704278589498011 0.35855084670875337 0.34801960389030656 0.35248812367008053 0.37037587088442603 0.3521962398011211 0.3442125304444551 0.26827982677157336 0.2334144137111061 0.2565575587227572 0.29991231565690846 0.30365972563305105 0.29549771249415757 0.28968980970894315 0.3180093347675572 0.29538803273696534 0.3196520407522242 0.37421744684687414 0.3627109789134936 0.4024676831768898 0.4585823444018833 0.45581102027108233 0.4137285085631318 0.4205813804279419 0.4146464418115829 0.3888938907821013 0.3610112685920107 0.36866020220709955
0.22867747091991497 0.23736084479916553 0.19517245501571975 0.18686070179500494 0.20802005819608688 0.26355543256123265 0.26636369160705575 0.29465319500427023 0.31368178417256287 0.2866098487270957 0.3083783246557997 0.34213728224322987 0.36531611700138494 0.35466047772862647 0.3523538247236874 0.37428092309505867 0.3709168837225475 0.3055108096073539 0.33464393322863983 0.36018180365252367 0.35553749734220036 0.3417413542937344 0.287256699623464 0.26499919333359373 0.24812768665883864 0.28098641597255053 0.31430622274149894 0.323278285982198 0.2938896449379594 0.3224109944917491 0.355608568409895 0.355086688968512 0.40071220145758335 0.3869328601261957 0.42797527220036324 0.45478853005522646 0.4152209043393885 0.43131498609450536 0.4422603296812335 0.44140825484649177 0.4373088224227754 0.42540774496347783 0.36068127731347505
0.24099441012843298 0.23495793007016275 0.2108265625477175 0.2095236798023195 0.2225139433596315 0.2783673314469252 0.2816177757333559 0.28639001718032014 0.2708979295006436 0.27848287994249105 0.33495342249689114 0.36372793454464947 0.3550091230476706 0.3294393399059642 0.3411236787796178 0.3475360213371627 0.35211516218618144 0.36963316075407854 0.35324285548720974 0.36205138039394635 0.3332608264903561 0.3065680182619733 0.2900879029513804 0.3192279288605419 0.29072435549064113 0.2868166084240565 0.2874642869099971 0.3139948499787193 0.2907491977742901 0.3076930677322091 0.3477337951737237 0.3789518248849055 0.3816319872707878 0.39359514692313896 0.38831493891670915 0.42744587105613224 0.4184009131213453 0.45894611428373694 0.4607590604245902 0.4347885415356187 0.4318426013707876 0.4039959117176933 0.3642456633679551
0.27395478866387935 0.26878226832997293 0.23816276569894218 0.19236434342599204 0.2044053568696975 0.25145887635142755 0.269614586572353 0.2682723493635743 0.2970552109532637 0.29540513337463165 0.36274437035639945 0.3779079174331382 0.35188153942707023 0.356653750615099 0.353478706586669 0.35575337738645013 0.38494881688547666 0.36975678342786256 0.3378428607701502 0.31789175004036274 0.32016390191264965 0.3263637015734307 0.3007765276749989 0.33203097287447925 0.2947540760770905 0.2678556045113483 0.26859840115274564 0.2953876760038189 0.31001962692858653 0.30895070864011387 0.3105989411253751 0.36851555118368096 0.3787832491583618 0.3692301706922543 0.36754477591018103 0.4265980550291338 0.42992942881364 0.4563167042308513 0.4745386776463327 0.4771151765349989 0.4365223246733469 0.4095407736784254 0.39485960035780154
0.28480304321698346 0.25394345984540145 0.2467762094521509 0.19830567191986298 0.24294006891537115 0.24987617954361638 0.23853407028301254 0.25978324797305224 0.3038774479077052 0.3296107757795354 0.3555440690915666 0.3519147878799425 0.3955424204023431 0.39104258814168863 0.37091232018395365 0.40504174582415414 0.38924139550737924 0.3791069516410888 0.37595530080979284 0.37315591547266397 0.3199826013414285 0.35025948188464323 0.31629308702007136 0.3499021282423946 0.3338372379025572 0.3152827125602725 0.2908966041703356 0.2665891962321368 0.2919127022283449 0.27126350637226376 0.31695330801095056 0.3238334595436673 0.33348049814437025 0.348893181442404 0.370138044609661 0.4314519019837385 0.4608880033528957 0.43286128233484317 0.45304026893434896 0.44494271239071737 0.4511392545706453 0.4207859559621078 0.43137113010698036
0.2969942778432989 0.2888006630805506 0.2732816200429852 0.20939678725347496 0.25228390790219474 0.26654706380903687 0.22846953203238934 0.24950837095991707 0.2787582907271147 0.3506257327827118 0.3319226018133579 0.37640290281031397 0.3960566656110038 0.3939647365626459 0.40833805975723964 0.45181523618470865 0.40995214362254895 0.3600301322281199 0.38804644497417023 0.37842363683878516 0.3301992779902625 0.3546408034590904 0.3483156997998597 0.3515156458650893 0.32175326621316336 0.31946745394463066 0.28824109467040826 0.2706394587529638 0.24144326061606106 0.24975036526431532 0.2564819538941503 0.3129859495048157 0.3486059374489097 0.3485853828303205 0.3556147198275348 0.43016009277500067 0.4374132582695876 0.4589246539278481 0.4554221076096999 0.4678106150175405 0.43938945190227174 0.433037776085578 0.4417575900842308
