Raster_benchmarking/Raster/continuous/raster-183.asc
NCOLS 100
NROWS 100
XLLCORNER 1743164.0255814963
YLLCORNER 5469283.564847079
CELLSIZE 10
NODATA_VALUE -9999
[rows 76 to 94 of 100, columns 43 to 85 of 100]
0.324521404849005 0.29863120324924325 0.29510684475709104 0.3102994420727569 0.3108096663487675 0.30801634860410804 0.33055183161534635 0.3468179037987321 0.3527603854894896 0.31459954832685055 0.3247397497651952 0.28997919437331326 0.30286712163325075 0.28910229266548537 0.29461789250714754 0.2522860098163434 0.23728136559785368 0.2521714377445051 0.289348133500918 0.28605518116632245 0.3004379216642424 0.29948987010116185 0.3036376448479718 0.31926827541710917 0.31849045056932784 0.3103973216163214 0.29893391148830506 0.3083599597027233 0.3235804892565435 0.33056005728792653 0.3632578201283707 0.3522086105109016 0.38309970049082553 0.3644180524784124 0.4093570688897133 0.41978786457245487 0.42097425298861707 0.3925263325389429 0.3808212655225731 0.37614146944871524 0.4048626934191915 0.37163439606991094 0.3714313527974925
0.28408707467191524 0.2906344678797631 0.30357883183017126 0.2779422604009395 0.305090456567989 0.2973214776906561 0.31980876766698446 0.3680802922364654 0.32363399038787394 0.31417482782190465 0.29768521539575665 0.3288316544710012 0.3293291829029069 0.30747281566053775 0.2920230582712313 0.23493421136528297 0.22859840442045526 0.25531728628403527 0.2756587183430847 0.30762424322007503 0.31197623958732773 0.30705378424760266 0.321407828205656 0.35052584530284553 0.32326309208063403 0.28731038057835323 0.27415024261301146 0.28400641815044464 0.3070157894191695 0.3173910880635604 0.3267750812049795 0.35045883542549533 0.34567584019180364 0.38148707537357146 0.42050240925743154 0.4330503444031718 0.38518553759270013 0.38162020869561836 0.3848771729921015 0.40136382714878266 0.42432538807764625 0.3813519451858149 0.38331372355145993
0.3150114382507337 0.2855566518150893 0.2933487491580087 0.3239269487935261 0.3098883350937684 0.3156801400699426 0.3423297798707442 0.34521392225785535 0.34036614023308387 0.33753989224864933 0.30058207645218293 0.2926320440284597 0.3125460498351118 0.31106845768754154 0.2856675151571427 0.2750733709695295 0.27125243236960156 0.26089922895059875 0.28191736389708016 0.2954362685096672 0.3113224964748168 0.3077446745585078 0.304303617120925 0.3325301584960033 0.30131164339837563 0.3149379418959118 0.2950249601105891 0.2868129713958309 0.30342291704452773 0.3069962442527003 0.34383101750991474 0.339223919398666 0.35481057284702733 0.3926009438110189 0.3790503167639494 0.3687418997185191 0.37538179963069196 0.3722933399685332 0.41579596425579773 0.43093091584758514 0.421186642995731 0.4016291078678959 0.39130618271202916
0.3145319128164673 0.28971750469734886 0.33604303673701436 0.3378408845165732 0.3219777438261502 0.3197261753740545 0.3444617453400038 0.3241718838569451 0.33333905418764087 0.3209047066847105 0.33186644005511384 0.30853478635309367 0.30055057461152623 0.30673296755186025 0.27887839381470614 0.24887978222256799 0.2706683480331193 0.29592883323960906 0.3041448407004098 0.30338736719880716 0.31990627173981523 0.2966740633419715 0.302325970149446 0.31508799549618577 0.3166015107769349 0.3332916187966157 0.30563831600436486 0.309473624530678 0.31696586876739236 0.3212674479745842 0.33928094807138526 0.3698990534963534 0.3541870113854017 0.3999275099377502 0.36245423883502137 0.37435966293988826 0.35924975511916063 0.3619024394017244 0.4090376097892081 0.4378113019678882 0.43386994144245944 0.41282307061409346 0.42025908641557363
0.3333665033941647 0.32532796876960907 0.3493609700196271 0.34592998730467006 0.3323115452541639 0.3225721442225731 0.32470706056518994 0.32438029704404653 0.3107900275658603 0.30287525125336034 0.3111785726081461 0.3100701653309377 0.2894204710748916 0.2920996803830437 0.29068583176017787 0.2793898350710654 0.26626143167862515 0.3117204591045664 0.30813637764469326 0.30268687646280285 0.2908753962431236 0.327739691089329 0.33737547894769954 0.33170543252289525 0.3205198249046724 0.3173003317753025 0.30852048246333 0.32160174032021127 0.31725769952758354 0.29837543367651237 0.3240336171047111 0.37533539340006694 0.3750600035867403 0.37688573326769853 0.35846186648940476 0.3585164660883367 0.3301981849519202 0.32748698885709737 0.37713699893450686 0.4006917827817381 0.4411468017439948 0.4233940241784094 0.45863765208556484
0.38890934032295876 0.38318975332436866 0.3886912026907653 0.35885031526440586 0.33243492000150293 0.314415925233064 0.34394254367000443 0.33545956811355176 0.3208141882554103 0.29218073150956747 0.30941794798169564 0.31696647458892396 0.29116936554134304 0.30765172655079975 0.27933684504833356 0.3062196839191812 0.29240754292242666 0.299227559439081 0.28847154450802015 0.2880103616590325 0.311267885545316 0.3330114668118777 0.31971836784484164 0.31921125853804405 0.3180294888261013 0.3396970065374774 0.32378826446780395 0.30040435584841585 0.3244617496790623 0.3007011648448723 0.3295278748924984 0.37449113548931756 0.3862587101108407 0.37658600786642554 0.346613391473482 0.32802387132328265 0.34153737809106194 0.3251748844635657 0.3694987593526662 0.4296189384992568 0.4206884370253222 0.4506196325030945 0.4323537955868598
0.3689452582889488 0.39970407915294076 0.403246568689386 0.38664287412208836 0.34532241368031585 0.34728837624305897 0.35342268778625324 0.32905426858449416 0.31458037374949316 0.3140917071552469 0.3227334216572973 0.3305956456549448 0.3166941084300609 0.301071220828287 0.2951695581217321 0.2932537949727828 0.28633625617635 0.32143603338253884 0.3167852574118492 0.2864928263834057 0.30886054362808857 0.302425688029447 0.3080437876152075 0.3317888364796424 0.3311605869689807 0.3173918732832658 0.33792568850372134 0.3044753927921606 0.31305457978752455 0.2802627376364069 0.311304740932154 0.3317451359493788 0.3312560838602449 0.3496113937895549 0.35264195505139667 0.3497501085118001 0.3386644341547452 0.3205105356022508 0.3807796642652033 0.40642413636882246 0.4091543272816673 0.420383581148685 0.4428918636981562
0.37951425766698804 0.4198009580940338 0.4322395957102046 0.4251066498949512 0.3795822569042447 0.36973480654952395 0.3356861641753483 0.3198274045697174 0.32450084432149434 0.3015532100215835 0.33103624783730223 0.3340327287852931 0.304857656691022 0.3237197180531674 0.2943920232404854 0.27800766716912784 0.30442926317806346 0.32013767906520507 0.2967790579224308 0.31194088704694434 0.3244336146030061 0.3002144627045936 0.3169439487266316 0.34095863337510735 0.3333294322917688 0.30322511135293245 0.3264623097880791 0.32798339338810234 0.32119733547542867 0.2831853446096936 0.30180242328614587 0.27998763262836923 0.30961347457069993 0.3169441019897388 0.33506284096533046 0.32589756165078093 0.33471082590421797 0.3244126198543745 0.339192601968417 0.3963463418898444 0.391970751176408 0.4024277806243502 0.43490775772083073
0.4292654936274309 0.4218212568536417 0.4182729498062024 0.40385170146543914 0.4070125800972303 0.36773586711533146 0.3505579934712013 0.31861824033439606 0.34138843519606155 0.3417186901343541 0.3130237505749057 0.32917873861072666 0.33263246459793433 0.32050424473098355 0.31074459921675707 0.2869789257336621 0.27384549963728727 0.2972368593673347 0.2843381215770385 0.29615248352289797 0.291870052260034 0.2837998349760905 0.32401986308623204 0.3469329311412971 0.333102066184863 0.33280447388323453 0.29691860935529846 0.3095135659982536 0.2805893493538956 0.2930256471926425 0.2713342882306938 0.2682761042507298 0.2908721512899536 0.2797644660087414 0.2926301501904924 0.3301642158387071 0.3285964468375974 0.31935218772825397 0.32479016818793954 0.3448720846298039 0.3889392713713792 0.39063625759946063 0.4152757946494231
0.4074125445043387 0.45616677754804863 0.4130622222103214 0.41582341659725625 0.387509747216793 0.37720085108446866 0.3702106316369515 0.3315427378880822 0.3183534258561666 0.32586019588693343 0.3356689677630396 0.33949254388104877 0.32436996290161413 0.3245192229194067 0.31101862936366925 0.2945131458327101 0.27466701192428117 0.2821905405864261 0.298794009013996 0.3097234065794299 0.30500135446943555 0.30164534255983166 0.31886522690640795 0.3389843382475468 0.31337247734036777 0.32502400134958825 0.31157395039206104 0.2925760569047863 0.2826945077152543 0.2655459751543748 0.2520934694767534 0.25599417751472264 0.2767770132143934 0.2749563205873996 0.28526970743292207 0.3089214772838866 0.3109118527285715 0.317117779245863 0.32037616294091553 0.31938563112098295 0.3821184799832659 0.39427129388953075 0.4308072773090699
0.4294318241362356 0.4261656444447199 0.4248036911301969 0.4260261332402821 0.3924614107820722 0.3582605005714944 0.3617418470925325 0.3338620136627651 0.3617228602031865 0.32989812795821283 0.3176797003597668 0.3040290438672997 0.3099397425338543 0.3015533758815072 0.2970916304149243 0.2898795504340896 0.2957527006666285 0.26586057752169695 0.27247023895490796 0.26081135318783494 0.264092935882596 0.27770735649524103 0.2868800985186038 0.3160916399748049 0.2941202465645209 0.2778061008136863 0.2822077624922382 0.25771298633636947 0.2564676472170819 0.2716417806215414 0.27482713162843403 0.2569423655786301 0.2810633161551265 0.28389700905639564 0.30458740635770065 0.29961065367940537 0.31695281604816405 0.3011056111398555 0.3199400518882122 0.3500248745766062 0.39478701556722995 0.40192316996564054 0.39868754044813226
0.4451279755934485 0.4518978927515945 0.43129761161734625 0.42148915880530036 0.389320559937108 0.3524330440301992 0.3495147183738128 0.35832433269675057 0.3352987581814755 0.3467251474695739 0.31936503267572885 0.29212427696677234 0.286184562772588 0.3101641361707165 0.3033748830535603 0.3089070882378425 0.2790457639817733 0.2510754240470327 0.22695839423548267 0.24535627172518554 0.22348902622813188 0.2501928150220706 0.2593260273549748 0.2730938090829876 0.2965054618699635 0.2540728762703704 0.24638117762236741 0.23281413312015284 0.2567489935668137 0.28725226090167033 0.27719590139635913 0.2808418875130324 0.26217600351807085 0.27510898219147795 0.2688980626550933 0.2961971566586791 0.31355740069573196 0.31519199563591344 0.3279896832067544 0.36837244346135106 0.3773411350009465 0.4193315953254934 0.3966317276980585
0.4330753268940059 0.41698450178505325 0.40121050386973883 0.4136476546251357 0.3945863235176197 0.34670288967134255 0.33062304616071836 0.3161447015634061 0.3493246994713047 0.31669317254515955 0.31560362782420864 0.2906228440498917 0.2696106693346101 0.25678264515509075 0.29366407910928227 0.28069897834580537 0.2620397725507787 0.21919498075640398 0.21165217737465405 0.21352533612679991 0.21958308803340076 0.26194142471361737 0.25674316469618347 0.26726615939436343 0.2938762921334074 0.27814565492112286 0.24662050703020544 0.23657900716409275 0.2563543863656357 0.28764950137102596 0.2622912404014489 0.2486591255574276 0.2577206540272284 0.2598375255382526 0.28041367091008085 0.29778985957750004 0.3161029803391422 0.3428578590093315 0.35298419890168004 0.3495352305582643 0.3861736934385659 0.4169438912602146 0.41425005511602325
0.45505239310586326 0.4127666084492637 0.41991417597953373 0.3991034128670993 0.3787915479991914 0.36126217823734535 0.32258293197746674 0.29472469317108124 0.33469847184309903 0.33614322877223635 0.3126813746987115 0.2899490474373731 0.2767611510176353 0.24176979394156844 0.2385655429075943 0.24191015024919882 0.2576757811681979 0.2273182022312779 0.21554547752551495 0.1986530191001157 0.23080522325192016 0.24098679729525596 0.23467161065874273 0.2862039103411061 0.28812946789760846 0.2768430525530586 0.24185545446651016 0.23184260816559332 0.22270494112034 0.2564931486750991 0.2619691267916019 0.2760332995960231 0.28523717794591436 0.27315067551481376 0.27490264609967185 0.2676167671078818 0.31654935266800227 0.33313313240586423 0.350284059942373 0.34232666996419236 0.37640598601586817 0.4033994079642205 0.44025126568762024
0.4308447784603842 0.4049827750570456 0.40799346867461717 0.3633014305268666 0.34168479832703275 0.31616568280953483 0.316831087404707 0.3274979246368683 0.3058762745901253 0.31925225467764384 0.29142625872612143 0.2546642047343681 0.24611642466562866 0.2685648474860996 0.24886919583864145 0.21656277281226197 0.2439039511126963 0.23131254487793676 0.22876536083803944 0.20959320439899431 0.22537546289586027 0.22606513457009098 0.23343404143712831 0.2699276642611143 0.2609130372608994 0.2466582991155682 0.25889491328217484 0.21486387949062574 0.22755640465872723 0.2527978872706817 0.2647549758281078 0.2690649020901902 0.2801690829439336 0.2899612262189512 0.2732943072170008 0.25873650219851063 0.277288912555205 0.32541939574055695 0.3297070420042207 0.34430471584263506 0.3432683834116244 0.3973186054124455 0.40793763989959325
0.45238597952356685 0.4144453473396306 0.39115778356823844 0.36705806839181476 0.34240172216414383 0.3259624293313192 0.3125511784349015 0.35183433780378814 0.2996943761303867 0.31690078210383865 0.28592307775650483 0.26363927562291495 0.23841139955889892 0.24949763858729268 0.25120227631643993 0.21823208369183245 0.24941998277571842 0.23939802072524227 0.21561557686057475 0.2397624937943631 0.22488289213988152 0.20870292497986762 0.22388489369033668 0.24937165234712333 0.24699994267725583 0.221852070439525 0.21344481295783557 0.22260352814159792 0.2482580806699231 0.2812004493434783 0.27409956140726704 0.2906152108928537 0.2660972302394895 0.26729443858033936 0.2701887849675011 0.25646182347718943 0.294029373671298 0.2891033031155954 0.3488203406794072 0.35550553775964 0.37024029096621075 0.3600075369951362 0.35901427784251694
0.45497696468403526 0.4257362553983686 0.38787452119107 0.3858898909286216 0.34875282113964934 0.3114312606628406 0.3095828504930586 0.30551561812127426 0.3050896606149162 0.30433279778886557 0.27725201042476794 0.27442627749244203 0.24032599934367105 0.2382601030245583 0.26490959429910194 0.24102113607410064 0.2398542994811937 0.2162966470498309 0.20501880748854212 0.20114571056566044 0.18052352108471467 0.16623571390214292 0.19021952257239985 0.23000184539455085 0.21657537971498148 0.21281652145615795 0.23446050642503705 0.2283333647549908 0.2559794215357121 0.24757321793428438 0.2944104335765277 0.27710783829932384 0.24699331379528927 0.26200003911162933 0.2481817894284245 0.2496327266302269 0.288687760993381 0.3269574677597245 0.34740515472564654 0.3513666412046657 0.3606982246006538 0.365638433389064 0.3362354211340598
0.4097066555095961 0.43447177348977434 0.4221590778521543 0.3876054983005245 0.32723624761592063 0.315948929200478 0.3043393054924158 0.3215753721734611 0.2754054192806736 0.2772026606078363 0.2603540527504483 0.25488802280760997 0.2361518989004905 0.27697459001124514 0.2823444695982136 0.27225113419190755 0.23194413438643763 0.24437516557902758 0.19463227800739283 0.17961210634025362 0.17221412637863737 0.16250887913075598 0.19033339900389226 0.20442212391076883 0.20186670462687945 0.22078529317422896 0.2409711716496562 0.24177156671552788 0.2573727226010806 0.24707716935962612 0.2877744984200021 0.2898021498167163 0.25736252733102355 0.22865953837510225 0.24012115233340633 0.2315696547431598 0.3008766433329083 0.31837750381038304 0.362317080098374 0.35828124924663446 0.35715702986749376 0.3364245663337418 0.3647977819730521
0.40809221369565135 0.39325205857582246 0.3968087324502211 0.36833495879588524 0.34146182045660955 0.32535282257252784 0.3196732775895049 0.2816904581449195 0.2700366361659125 0.257912295720509 0.24102902240475077 0.25523319923215676 0.24857141652913692 0.2573521937167246 0.2801100851345379 0.27962381344887444 0.24547053574014122 0.24264555342113678 0.2314845715325914 0.1963629738501353 0.1816806097905749 0.1893008222547034 0.1804214683667027 0.21154334846145414 0.22455107879933348 0.23578795511613954 0.22796665010609224 0.2393072480512972 0.23086893213756687 0.26267108640701603 0.2521647124271425 0.242194577123022 0.2535531164591432 0.22185232170802235 0.2339114706909762 0.2716705169688971 0.2957261011045386 0.30530205784005426 0.34485058586276846 0.36794372140197584 0.3671090819335982 0.35372984509861605 0.36180594010338946
