Raster_benchmarking/Raster/continuous/raster-435.asc
NCOLS 100
NROWS 100
XLLCORNER 1743166.820725093
YLLCORNER 5469296.332312629
CELLSIZE 10
NODATA_VALUE -9999
[rows 19 to 37 of 100, columns 0 to 42 of 100]
0.838917904461541 0.8314227393762794 0.8088476357061128 0.7777768821971951 0.7991074460437613 0.7761867995629933 0.7124320599617414 0.6933544391878601 0.6765420075494215 0.6979128996207458 0.6947382746745415 0.6644950578628487 0.6180073600776794 0.5926648747651563 0.5943071241160343 0.604963305370344 0.6071393643595053 0.5802189031997919 0.5715621042619534 0.6038672530821546 0.6046208924271771 0.6133964465932398 0.5955566915414734 0.5848092713750587 0.5532599973357687 0.5573224984093295 0.5455196884087177 0.5514956604558754 0.5450848844812074 0.5667064362825739 0.5601049398308785 0.5414489214676246 0.5184052213510217 0.5591351136120336 0.5621119041157145 0.6009478891068698 0.6120805150902778 0.6401031557740796 0.6821900204703458 0.6837721495107305 0.7001470960044991 0.7312958332108163 0.7388683846189004
0.7943243826908705 0.7746763401942893 0.7889945447801934 0.7761266243873158 0.7624155007828501 0.7537162977142052 0.705361159876258 0.7056570211309998 0.6753841038885137 0.6831576655914701 0.6796918422759157 0.6727874376152608 0.6193327407716851 0.6153553572832859 0.6010537164224661 0.6032539040547791 0.613121976197343 0.5902819132624034 0.6002047620815323 0.6238390164648643 0.6151371167663684 0.5959922207986948 0.574569627106272 0.5933383298575082 0.5526264670278596 0.5477283439998313 0.5657980660762283 0.5654280717130731 0.5639649442034952 0.5426783879342489 0.5405657160685401 0.5360260127660661 0.5359184151919143 0.5584875208029032 0.6030153432596793 0.6142152849178432 0.6447079987493556 0.6339647572303481 0.686043573677576 0.6989903539124979 0.7015959462772774 0.6885713979728335 0.6933053990550778
0.7289479539025383 0.7446100229990978 0.7470532344831325 0.734375212635548 0.7287373123471417 0.7131876084202339 0.7045113051867565 0.7295793330383245 0.7043332214696818 0.6887997674492466 0.666008814545711 0.6717652599448751 0.6456761546553863 0.6399168477897256 0.6036920409008263 0.5905494648801103 0.6145079722116482 0.6340326368744144 0.6281786913521654 0.6178822693138534 0.6132736503288253 0.5740760692422666 0.5690939187708995 0.5740053600738632 0.5742588268462548 0.5848575775242343 0.5682538816165861 0.5609674024982605 0.5661262477882942 0.5689755343145965 0.550285588356481 0.5513087398175073 0.5405301512995863 0.5821604418094526 0.6069904040221438 0.6107250963488856 0.6482353183866985 0.6244175703524978 0.6638795536819484 0.6686022178931719 0.7089276886123651 0.6925557499343991 0.6885345882988905
0.7175421597502813 0.7133923322695014 0.7295080987957663 0.7362237603004663 0.7197605353419227 0.6847473705919264 0.6871940814039447 0.7236485726781461 0.7271409318903407 0.7147875380572282 0.6708224100572184 0.6841889111569626 0.6612282724542408 0.648249925919333 0.6377615761524167 0.6227848348015408 0.6032215884853667 0.6285251470028667 0.6387942324254424 0.6458125526948213 0.6189595416951896 0.6001388986305913 0.6083969526143026 0.5976016090673321 0.5962828396472089 0.5805273314960182 0.5884521894618927 0.5621648827022072 0.5557214623001718 0.5785062355407133 0.5459152105431543 0.5500607556951012 0.5765166459745839 0.5810253021193366 0.600558700711691 0.6037103676523429 0.6012235119024884 0.6293019932921282 0.6267770816325532 0.6450399740253051 0.6545219686430582 0.6705122362245157 0.7027057209403391
0.7053491379436032 0.7413524581405715 0.7285579126260231 0.7382794472555096 0.6846757074113369 0.7028842980143675 0.6950690533194245 0.7194960278026259 0.7282846988241987 0.7217538213274033 0.7021293084302158 0.6970206011737835 0.6718118753748831 0.6488300244125632 0.6658267636614623 0.625772077458892 0.6183945808904977 0.6364186392478673 0.6410467733513712 0.6518334107107046 0.6306902723135943 0.6187094924351407 0.6152630532169071 0.6143002094285223 0.5714607615282172 0.5701819149650824 0.5721913195762784 0.5662072971160317 0.5657565228754469 0.5816787422598566 0.5612068220161799 0.5638745384601318 0.5963110248653956 0.5851384547591258 0.626296275204005 0.5931749851773532 0.602413065071661 0.6355722002022104 0.6223805167618832 0.6405775209732449 0.6255990453585607 0.6457493687748636 0.6729906859507809
0.70847840920475 0.7362346843824126 0.7483486192036579 0.7242830597871791 0.7042504816739663 0.704014832087877 0.6893269500289404 0.7135282337898494 0.6966701512646244 0.6895597810637677 0.6722241346606083 0.6739847857282006 0.6503702925284375 0.6621370479464203 0.65971871820572 0.6412127405096968 0.6474997293932451 0.6650850173791956 0.6706438378205082 0.6503964055370806 0.6661483388122403 0.6649426042558446 0.6449013005667601 0.6202274276790517 0.5896148125799209 0.5906639725889108 0.5928515627276442 0.5898013253456951 0.5894359714495885 0.5574375584168169 0.5714275859688048 0.5887334980440357 0.603061789673994 0.5950747599300604 0.6158516463612153 0.6079118057445924 0.6205877086309112 0.6182356676220487 0.615414605938087 0.6205180229037881 0.6335224481126956 0.6373153208873776 0.6519065970889121
0.7009477679297059 0.7350776267461879 0.74732773965566 0.7376984418857834 0.7158371893266139 0.7019126258399464 0.7181417820206468 0.7153032469057419 0.7317313078809011 0.680406533196281 0.6718985190480654 0.6736210747610805 0.6618070022790088 0.6776979340293989 0.6488524866198785 0.6645505906355391 0.6515835814221385 0.6756862144228245 0.695182439037862 0.6774230381675188 0.6962937760674568 0.6525063118218634 0.6517879203905016 0.6296540209597934 0.5897673411065182 0.5698088972948647 0.5634691952500015 0.5892768729739777 0.5870288909121818 0.5951158667605482 0.5739885518821504 0.6068819286632777 0.6224901762314798 0.6190833675013216 0.60948416101929 0.6239282960561312 0.6499791966251318 0.6331516080502657 0.6047769723276177 0.6182393432442527 0.5976530289836298 0.6367386456551557 0.6624187069325584
0.7424494379200339 0.7450541734779 0.7583594236891903 0.7354543316213678 0.7360609867057298 0.7139117498501462 0.6981308389401011 0.6959889762435673 0.6943150045772234 0.6744886467760802 0.6943305505190306 0.6931331749792702 0.6868115698153255 0.6767643615922794 0.6607594576420867 0.654317488512131 0.6578325388893518 0.6555077842812259 0.6832327744552403 0.6920994562096966 0.6813390843351833 0.6809372026927429 0.6413266353545155 0.6184240099735263 0.5950462450433962 0.5821557394478771 0.6091241737669199 0.5881296443661563 0.6014537722091476 0.6311961410584532 0.613036157563996 0.6144851165484757 0.6254724078450501 0.6394162338342375 0.6320223585611605 0.6394252781251603 0.6383328596912324 0.6363233550576552 0.6290307315200548 0.6136114582248334 0.6383882051137688 0.6394423698068247 0.6259178360688116
0.7559979630640701 0.7621610125680227 0.7626718232007503 0.7265283600196588 0.7160617563090768 0.7425501937270605 0.7117701045303275 0.6885301062841418 0.6731165115794246 0.6803520611648295 0.6729495182165685 0.6778561996893022 0.7002536764137938 0.6804402800010825 0.6952979530517396 0.6876743537265324 0.7011958075860147 0.6647113056679727 0.6574079316819245 0.65023678085528 0.653975318164389 0.6536639271485536 0.6441889234956936 0.66075512046257 0.6322093299627318 0.6340046621474303 0.625664423172441 0.6339132764142781 0.6248044084224719 0.6489583933039698 0.6553307554332347 0.6582209883822444 0.6426662071227993 0.6565354914810324 0.6660298946159491 0.6377734793693789 0.647610155440546 0.6351533783215464 0.6017222458629244 0.6116066393035614 0.6366341577753131 0.640675508365543 0.601578811370631
0.7667497181264515 0.7744296871446905 0.7579354105341083 0.7438884274359296 0.728187738277454 0.7510416889750969 0.7250171493315561 0.6912918999094294 0.7008780528677394 0.6889527708022876 0.6866459034483533 0.685925288424446 0.6841142315770544 0.6965253578026631 0.6867635028875091 0.7164963309359366 0.6787942719339841 0.668473656577729 0.6777144863139544 0.6522879908643434 0.6483060025383185 0.664005984922823 0.6665193283782334 0.6847658974671088 0.6699448289212967 0.6766536885146686 0.6690549521736938 0.6527472951415513 0.6474998811836552 0.6494446038076451 0.6572161932453429 0.6747529399269313 0.67729023088405 0.6808601229104672 0.6686476558254473 0.6759527129150784 0.6661335908630429 0.6376846191831061 0.6228338685665269 0.6454434146071308 0.620287491829984 0.6232546111963841 0.6449620071051145
0.7686470235890029 0.7849725971933884 0.7902005547425109 0.7491515334660915 0.7749190059802052 0.7657726262366272 0.740675570929898 0.7304749095328316 0.6994779357322741 0.6990464574831765 0.6963257310126669 0.7020765624554008 0.7358224638500004 0.699259491428758 0.7130794619946181 0.6909293771835553 0.6935066941373319 0.6706100500992763 0.6708674229038234 0.6407215096919994 0.6606436870433808 0.6449340985133568 0.6577654614790033 0.6856189474382575 0.7305275686168242 0.7012270651180119 0.6909535259402232 0.6578348880793005 0.6769827136408598 0.6475428230965892 0.6452034024733765 0.6584389673804673 0.6806797979478967 0.6797404492796789 0.7007706504409297 0.6982787205676642 0.6884820340633244 0.6635236792398437 0.657169024548345 0.6309460051067846 0.6116155984430951 0.6107091633973661 0.6465095189203625
0.7901846857000638 0.7726783919272181 0.7945955185255851 0.769191906480069 0.7591850767336564 0.7479204532443912 0.7071605442898192 0.7283354610316692 0.702272458654397 0.7297506567902994 0.7283723631509921 0.7372235768301441 0.7282465652323566 0.7250561403356125 0.729616094736201 0.7099842947136892 0.6951070041126348 0.705316025017491 0.6618779842965815 0.6583004116736519 0.6675366115367944 0.6605633855115278 0.6818455283209571 0.7047983234547301 0.7003394227864533 0.6966598083280976 0.6740987880034705 0.6936867676181019 0.6787404799216775 0.6705823062627446 0.6557166215879717 0.6498613030708874 0.6615205623929221 0.6829041431491631 0.6815191282242433 0.7045405553430449 0.69373081153485 0.6662108101918036 0.6562012820217072 0.6420566046117343 0.6572211638879311 0.6426907752355475 0.6469066833725892
0.7627309645882685 0.7642954619083466 0.7663659724973256 0.7671238679747048 0.7557437440270777 0.7193206579496285 0.6827726539562481 0.728299524538 0.7144076264505369 0.7165445752538593 0.7256364878926715 0.7107841729566987 0.7289014591224459 0.7219204112919294 0.7105145809014551 0.6996998153754743 0.7096701282757302 0.6969617381869228 0.6786334385045163 0.6859083600915138 0.6836670716024397 0.6755568692546885 0.688560922600188 0.7066314563031004 0.6780158869219102 0.6858455832979753 0.6839323253210405 0.6842595322889473 0.6556157345717573 0.6545896137553896 0.6393367850642074 0.6362841712668889 0.6338058475541466 0.6529740081633492 0.6574999907854144 0.6732746301453565 0.7149418245018027 0.6700347942593662 0.6640149973087968 0.676989590692026 0.686129451237442 0.6804137352861367 0.6631645353001644
0.7639654380616637 0.7624992700347717 0.755394735366214 0.730973143786323 0.7343535772459957 0.7043168912566974 0.7094967223911949 0.7072606004273764 0.6881943439356859 0.6789973862138423 0.6747570639160547 0.7120359805729773 0.6959398796616142 0.7002938686846553 0.6925542315738616 0.6594121801173243 0.654729468869636 0.6711408042675445 0.6703456832033687 0.6793760942813084 0.6802898328997086 0.6828999157318913 0.6863642824779087 0.7125184614777842 0.7107000738057193 0.7057159383294628 0.6833328118196295 0.6547651955306408 0.6372808790926211 0.6480697404457865 0.6432337041527556 0.6776615923846028 0.6491832341932761 0.6477360358706966 0.6520939524606454 0.6753410873728692 0.6847728362305834 0.690051572133315 0.6976153790414644 0.6959258178353649 0.6826384366576641 0.6898853444606291 0.7034239141688882
0.8115414661284829 0.7671734143070694 0.7891154085969148 0.7240076613105266 0.6934384140581004 0.6917699577613736 0.6949865457512602 0.6985242590086994 0.6636578664078951 0.6570600198715278 0.6599933441135508 0.6774374692082582 0.686532248896717 0.6894276073880503 0.6739067615816766 0.6540247415442219 0.6217832602936784 0.6511165873526296 0.6695847539860645 0.6346181228537049 0.6451956547067053 0.6674578550850485 0.6829436125872768 0.7256854526864267 0.7238955467069831 0.7025805972418971 0.658001869875584 0.6675697404162357 0.6335559827175773 0.6588267780323632 0.6875947808927825 0.6688287860065064 0.6710399326585728 0.6741312274353165 0.658200438538351 0.6824356595626143 0.7084291828333571 0.7161872087858825 0.6932559732195241 0.6865369374798067 0.6938299737224213 0.6864331795656562 0.6951275587486337
0.7863801833048419 0.7893804228647364 0.7639649821092467 0.752727504653652 0.7183575046256299 0.7217145114131758 0.694656073798318 0.669597025836621 0.6872478861423101 0.6724980010617212 0.6746242932412435 0.6358118796735891 0.6653228879706494 0.644561979927576 0.6471849499471802 0.6249290797188123 0.619760620488596 0.6181471540881756 0.6244417284712129 0.6267218061469277 0.6428581386238329 0.680385262289025 0.6817990515484493 0.7038076180018169 0.7028134508748113 0.7056440233404276 0.6726076758209246 0.658516330637462 0.6367993139978406 0.6519912892687111 0.6868271031727122 0.6816404114463719 0.6706358829676222 0.6589650264637332 0.6451630901588997 0.6805939208307181 0.7210613835408397 0.7140622779990304 0.6976010781427955 0.6838100422761234 0.690350413698538 0.6734004529822047 0.6825979017598224
0.7845389127240765 0.7812645958104576 0.7605825344638176 0.766790460892994 0.7387188186168758 0.7169162695977952 0.7055855152007967 0.664640152486462 0.665655157317558 0.6592253313779862 0.6518377770488027 0.6533510401596103 0.6150977287806582 0.622037919581013 0.6279024484576603 0.6133415111679228 0.5856945461597675 0.5960944878213609 0.6158316660516359 0.6360761412271261 0.6227379487325564 0.6388647581538119 0.6966965627747358 0.7121763493382356 0.7162347744750016 0.7291908082930407 0.6991674288812134 0.6928453632781209 0.6800651411910196 0.690197508565792 0.6817541270666242 0.6696667992995947 0.6445224655969741 0.6507088311391827 0.6599178214354868 0.7050528719222049 0.7082531838798041 0.7250733866875405 0.6772910374070065 0.7038640036712914 0.6787786886798962 0.6688719312290302 0.6778900601128438
0.7978118073478058 0.7655375756277434 0.7644004348510383 0.7632657815931675 0.747656034243971 0.7277228058769287 0.7157044149298207 0.6760303426846922 0.6944457038747459 0.6818513304256835 0.6633604894982886 0.6446527325282003 0.6343293717221582 0.6270513958912236 0.6216523917402403 0.6039710842819906 0.6135543717967964 0.5976681725247118 0.5992276381341735 0.6115231287748375 0.6168897317354851 0.6362681385109162 0.671323944161225 0.6617275902852642 0.6956781246836298 0.7129316469606265 0.7002766150992273 0.6924690763107236 0.6678607546013265 0.6649643710754434 0.6727305636380171 0.6367626778127236 0.632303630575354 0.6603619236349605 0.6822668166322984 0.6994348090341045 0.6943511567631154 0.7189632522856881 0.7144191221116416 0.7123787310595052 0.6875555524276533 0.7073021379209958 0.7073482654908161
0.7890622755838874 0.7901941389952922 0.758368005188082 0.7449152342649876 0.7231204835581876 0.7061668429374173 0.6985014619052673 0.7109618526134457 0.6977685657289516 0.6737345069733696 0.6345804975702931 0.6380679686142656 0.6184424026701956 0.6082646522867535 0.5981333337840734 0.6133312771709967 0.5861413663805219 0.5849583710758259 0.5977280487114554 0.6141968542977354 0.6022676702673349 0.6278868993484662 0.6258816226409784 0.6728050878464966 0.6768398632800157 0.6957514429014066 0.7038424689044649 0.6947902121504045 0.6892314945017936 0.6804868636419034 0.6307075194148188 0.6520026338450404 0.620372647419184 0.6555774139449801 0.6488393083168562 0.6740374490669931 0.7151452384877841 0.7065124954491632 0.6955814852528235 0.7159169306139485 0.7203336408353487 0.723724519253296 0.6708707461578965
