Raster_benchmarking/DGGS/continuous/raster-421.asc
NCOLS 100
NROWS 100
XLLCORNER 1743153.919795847
YLLCORNER 5469283.625949866
CELLSIZE 10
NODATA_VALUE -9999
[rows 57 to 75 of 100, columns 0 to 42 of 100]
0.2470520557089659 0.18335989104236944 0.16967535810291046 0.12719407460813695 0.08878115459075989 0.10182312321873266 0.1814541509569006 0.11987539245880886 0.14379555523643628 0.1683848816659002 0.12861763068458384 0.17019455484577178 0.1879082565617198 0.2784198415279847 0.3192490995522789 0.39066180643547516 0.5074412251702742 0.4847845120537087 0.500525524174179 0.49376173978431226 0.5070015955304816 0.5292689121173426 0.44386853107454877 0.5093996295273766 0.4919686089574374 0.5337578506662356 0.5986289207880048 0.6294814122791614 0.6142387234179051 0.5946821381692933 0.5665035164813584 0.650823376474903 0.6714517001020166 0.7297785897919513 0.7140353746158121 0.7691145612158552 0.84577135776647 0.812815259463491 0.7951514671436708 0.7741113038331313 0.6555115294574768 0.716236188703643 0.7119245605910418
0.22995117483202718 0.1977839700609873 0.17761398321944807 0.1529354811863361 0.13824650008332348 0.15597434110851155 0.1924394016832834 0.15743211007427757 0.1239373859820259 0.1773353767413229 0.16415039646900711 0.14767712962208235 0.2311898247418778 0.2892319756543179 0.3054758437796315 0.4196150521974383 0.44976526076234097 0.47916232316399215 0.4567046640288128 0.47236647409178445 0.45919346162296987 0.508385895728982 0.46262926628339235 0.45363407582375087 0.48955935620140784 0.5131201192609744 0.5474575673907481 0.6001844231573701 0.5459296337259014 0.573980999748719 0.609810149550311 0.5693414759182682 0.5935454775506354 0.6462727636533802 0.7154768757238699 0.7642159308230534 0.7711846341289671 0.7881094914729521 0.7976400635883009 0.7601197653054729 0.7450331084161879 0.72016164634945 0.7272191719779153
0.23746990132232595 0.16057679446606482 0.11877564171939768 0.12531691709236112 0.16336063304885906 0.14768447982159968 0.14596189950233612 0.1430783065195264 0.13873988269557366 0.15739208018078862 0.2120279465510028 0.1598057920737755 0.19985845066510255 0.2966764931459009 0.35099639652865905 0.43839415206218774 0.49284049752763587 0.49463074002137686 0.49503405575214227 0.49230908117853805 0.49144067294003846 0.4768979514370215 0.4610325972052919 0.5091036159500141 0.5532505804283889 0.49634158893318847 0.5473588702498725 0.5240399612275876 0.5219743839666446 0.5074643133880846 0.5702011105052844 0.5662813764392087 0.5784707466682636 0.6549063762572305 0.7265287670900844 0.7251404729759516 0.8167974885693727 0.7412805311638397 0.7887106326582574 0.7346307622341921 0.7129416083885768 0.6966119803784715 0.675822087094049
0.20558690196516297 0.1608986060454167 0.15553293394059783 0.12280880548798052 0.16819955264531833 0.13211833365162004 0.09827332154145321 0.1525822465041072 0.1631022325332794 0.16237900138794453 0.19962482458993902 0.2058356799544317 0.22934778529759872 0.304721843407625 0.2956092473612611 0.3989748073542142 0.41761284938677795 0.48387829359001305 0.485075767697718 0.46324709559804245 0.4456445174227097 0.445292658454096 0.43682571037478984 0.5129429758847625 0.4801009758105134 0.48308604627828083 0.47867324790696036 0.5123536709004679 0.4852776847854951 0.4624570972833342 0.4992154409371985 0.5768003888673378 0.5538463503098618 0.6210449465270388 0.7180551519146788 0.6992808665029688 0.6986868363138393 0.7347942759294245 0.7791217932350879 0.7257662203910367 0.7137079747600604 0.721785493413439 0.6686889287621344
0.2358250978278991 0.19742018361180938 0.18087046556296518 0.11958594005791767 0.14030046557805695 0.14750363011003612 0.08811279459431098 0.10865769339494755 0.09072311888813336 0.14893632331895967 0.20090381131424032 0.2101789061625643 0.2583742835874058 0.2944331238723095 0.2637207680153157 0.35078293120454185 0.3949826849615254 0.4670742569476458 0.48064914553073246 0.49073052227643194 0.4651409197497519 0.46757355997347655 0.45480815298648536 0.48285823314964077 0.5069870029172112 0.48151547561213176 0.47598716014920905 0.4949695130251467 0.45901013658822976 0.41336682364893607 0.45706296136615027 0.540814181712551 0.5736776316162034 0.6591260325103157 0.7050450967928477 0.6916022994006147 0.6693935396578397 0.7219754170941426 0.775726678096038 0.7855590529279702 0.7347600908335021 0.6969646412599398 0.604974801655708
0.19229704359484645 0.15805476121092285 0.1435692297425768 0.15150371039779317 0.17674877310147366 0.10123336320505867 0.13406327667158555 0.09486813996098635 0.09439223621244042 0.11445004032814596 0.19518347392872998 0.2139346842836738 0.18593996618732525 0.20978360657483985 0.2494970856829619 0.3344781620672694 0.36840194200526694 0.38500855878796886 0.45526916112240035 0.483760578245624 0.5099273984959256 0.47818910919476443 0.42235083746873636 0.44224249402618737 0.4482023130883463 0.45854171232114344 0.45456707979014754 0.44993933618938026 0.44676996597044527 0.43687154699185365 0.48486150891373603 0.5229519354135537 0.5571416219559484 0.5871621800521045 0.6515254690808696 0.6152495170541119 0.6856711516514653 0.6807180898912253 0.7615255530226819 0.7452281046932827 0.6658357810575926 0.6246574382183265 0.582958384258037
0.13461026098736123 0.07934966162715751 0.07476657851438188 0.15118489438619212 0.16467091871250006 0.13678651241124484 0.15263002469470296 0.11499729082064028 0.10077644401907643 0.13525645048014068 0.12058145793830764 0.1589240016644218 0.20552920923960355 0.19623795717669884 0.2665638411440949 0.30408928939102287 0.38415370007264066 0.3640842956135376 0.3851097471526632 0.411163786975075 0.4724666121251402 0.44007055107219756 0.41589959641178564 0.42483941213445425 0.41821172357437714 0.3746849834061396 0.39267173215908446 0.37983355158937976 0.4177659595494499 0.44649687991211223 0.45376263940196526 0.46606886890716503 0.5694392847693664 0.6175657080940931 0.5882606774571448 0.5847408162936906 0.6451968529486601 0.6138315235891622 0.686205150361296 0.6287992158655151 0.6339295293411498 0.6036686858701505 0.6002548606510898
0.09343321775135714 0.06960265194309873 0.04112594922241157 0.08552786502568235 0.09609154526147591 0.11185532611099658 0.13779568426723232 0.19092733111968618 0.18203035103017778 0.12467597282760902 0.11518350599359341 0.1409373478195562 0.17363115966364032 0.1756260445830975 0.22251174441114435 0.2728930195159975 0.2718715256169544 0.3180670655233885 0.35013758083286606 0.4481193379669436 0.4054050179600878 0.3631037998243088 0.3530577514851574 0.4083466708768112 0.38911950718611177 0.3810309398543668 0.3653598854050204 0.39328499561162394 0.4201619559268778 0.4340000928959779 0.47688163986355003 0.46782798367210054 0.4979408030063233 0.5803058129972728 0.5802111139243167 0.636343551090603 0.6364783194661884 0.5922880945727856 0.6008891653259215 0.6130067220999923 0.64705608889721 0.5886254715549402 0.5977807976109425
0.06390184053573714 0.11539812450744483 0.090972235054468 0.13843029808066026 0.08790308824897135 0.13731008499468222 0.14511558798670354 0.14554628072224235 0.20820595045478382 0.16125478531817003 0.10185595331088652 0.11454247926915312 0.08746278201728518 0.17305433741565862 0.18293391204174417 0.2704250181909556 0.25899418481013975 0.30920601611616894 0.3943820598665666 0.42007726421211344 0.41051723993883144 0.39165019888841185 0.31464672666619414 0.3752356289504191 0.32871470190440766 0.3611908493874978 0.3283724781762129 0.36565075018400345 0.47436770588120863 0.4785118374722903 0.41805308670917096 0.4973729242811066 0.47879648388187773 0.5328253337739091 0.5798151048853197 0.5909205847045937 0.5784650400726439 0.6101191932450302 0.6130440026730246 0.6206929415185796 0.6544601584473488 0.6582935521623036 0.6187012164893172
0.11956618886228577 0.11332628711260612 0.14673906109685017 0.14087045070058424 0.10456513267218423 0.1320145625415546 0.15871602919809927 0.18276715483464956 0.19814724930012767 0.16220808534514733 0.11175356196596962 0.0976005958589775 0.10625734546747181 0.1416155793340408 0.15736015279203905 0.24721218044088902 0.2329161905317164 0.3156790596337589 0.3737368753865874 0.36087993021720255 0.36676914886419115 0.3487756341559855 0.3318838628298591 0.31950167265719176 0.32040233887287206 0.3214209919908242 0.35917516125856447 0.42856986302395933 0.4969877324717592 0.47319869476270787 0.4525274286600268 0.4953523866703659 0.48453199535096425 0.5345270500705661 0.5309854200290539 0.5691005278349828 0.5742189100234762 0.5695541032484955 0.6172746280167828 0.5852512834753393 0.5861562997804799 0.608154741314108 0.6528851538700979
0.17590455037853517 0.23712942867711692 0.22028112965674418 0.17970389031485065 0.15799061875214715 0.17273759531343905 0.1773237857990608 0.13160809503653093 0.11889515001120156 0.10547408530611849 0.07412867656789422 0.0925086803416832 0.060292570246012006 0.11287232904669928 0.13093024812783383 0.1895914335239184 0.2635482288072236 0.2584034514845206 0.28569233342574113 0.29765279481075296 0.29315720755059865 0.3640747212927611 0.3645821513067423 0.3774270220169545 0.37108107451392275 0.3336283295634739 0.3094199630617201 0.4302708540140221 0.46390163885581187 0.40769293207081414 0.4532828289683126 0.45093995620779026 0.5210874306554524 0.5274256004966836 0.5980106664232607 0.5770199864373574 0.5956376540292398 0.624757135653193 0.6087056343682955 0.6267512457294429 0.5978093215234741 0.667867925457753 0.672379653641147
0.28446971193823384 0.2816860682202106 0.29840354376277145 0.24878683650845043 0.18277498633443637 0.19952720943701446 0.19877580258950575 0.17010637912332505 0.09938381681027887 0.14456956259931641 0.11595101976986712 0.101841631231367 0.08555226530581203 0.14449372684568113 0.1406111253721896 0.16863794914938426 0.2552919899075615 0.27389849554151285 0.34213979810998113 0.33480023509418966 0.3434111224212 0.3572391644931736 0.3241482776188834 0.30392500060776056 0.320221937854101 0.33396336276689553 0.3142480256895852 0.39844554721612435 0.40152064541813914 0.39615108823838097 0.4626725651649687 0.4944142491854657 0.4939092675241327 0.5217561396582091 0.5763072277899088 0.6384179464330765 0.6383510629329062 0.6321374521390075 0.6147411083395138 0.6219701775779296 0.6312356694548834 0.6745562522401222 0.611794057527701
0.28210953847414605 0.287819419684956 0.2997688186743793 0.2996920030433484 0.2667221226263388 0.24616185466062748 0.23721767211093858 0.1460002067649942 0.11469538027655606 0.09320956065995753 0.12279204658381987 0.13071037801137436 0.1412874625823942 0.10839542010622397 0.1276208903109483 0.17585699832841764 0.28101344821245755 0.30433924870842405 0.3115776615405733 0.2979932953846081 0.3015129656525314 0.3085139095809656 0.34708945551258985 0.3204743658630777 0.29427057034938375 0.30204358155588884 0.30713030971100824 0.33291099206381286 0.3655333659565336 0.38100977023149807 0.4122501692420257 0.45921601701091763 0.4640661638705565 0.516332630029612 0.6159918546995522 0.6115036570548206 0.7209431314448357 0.6888333106097779 0.7040062300963392 0.6218823597337764 0.6491980248821182 0.6585108170195905 0.6310896082718733
0.2327900000630332 0.281883074304028 0.2874313499102228 0.23811241401591426 0.18586595749089288 0.19740809645149335 0.18145580374163858 0.1747645835107243 0.1592103941892247 0.13608174637073012 0.11597212636477593 0.14540307878682915 0.13770496055924164 0.13484521831746402 0.12058660274557678 0.17047802031063972 0.2052893016727532 0.2615812557230073 0.25953603283337867 0.3146444223724609 0.29778381821654776 0.3044710428623743 0.3209293020665547 0.3410932710563785 0.3367654810054034 0.3345508232297983 0.34254925063077984 0.32701518225821574 0.3496242900710403 0.37097447457797555 0.3720603798104652 0.3794771919356519 0.4593949318822455 0.4910904199106467 0.6135172011437229 0.627490790483564 0.6509359542480112 0.7150938490038875 0.6916114985863255 0.6347669707686622 0.5716628545533373 0.5606639964370969 0.5313245947873985
0.23214667651103837 0.28594714214803624 0.2932990412048449 0.1880793656364912 0.18698010856803043 0.16488278746628224 0.1932097080160209 0.15086836805693485 0.16015056042479892 0.11256614540613916 0.143196597937651 0.13113917134367284 0.14557709639373237 0.10689219059997157 0.14348828815389653 0.18355984871873882 0.17101012820362757 0.2457921553313336 0.2455681847637391 0.31598305016647565 0.31925457136539076 0.2947242004274781 0.31868150359415587 0.3206723112479734 0.3250735015276121 0.2959253697023425 0.3043346272452129 0.2947395356749541 0.3016282193608421 0.32016532490472793 0.3470117282958389 0.4166312147538945 0.4361006015974786 0.5128043931452083 0.5701168821145146 0.607523115053773 0.6200049934779309 0.7215847106290151 0.7063809499801111 0.6356411693962984 0.5524998438099933 0.583393741934343 0.4996520191126493
0.2942266773128639 0.29024423249901266 0.2574495343065809 0.19199905516462773 0.21908554779078288 0.2319945589824425 0.21120251251206715 0.16247089725914501 0.1670967325846445 0.16544089833131287 0.09931018603185275 0.0852708442353363 0.10899135002651156 0.10609916500996962 0.09926371423866204 0.15101024741052776 0.15922647638967366 0.19833148492943822 0.2636008428714048 0.2762293638468123 0.2815875901850229 0.2396577314887849 0.30144549125076225 0.273978199527032 0.3263763222808407 0.3108477576992532 0.2913975705341583 0.3400553700355806 0.3323371456502541 0.3528360063720619 0.3290664845361258 0.3685401056702734 0.4606926977882131 0.4701745005388048 0.5740879696120736 0.6075758206368154 0.6820885226457007 0.6842399852930349 0.6084919755575813 0.6057387715776181 0.5476374430519644 0.5652220480475884 0.5429442918278555
0.28232591439632565 0.26579829828364504 0.25770380259080006 0.1927971893097073 0.18211247111970652 0.20993674419549832 0.22703245871471145 0.13751211091082996 0.11305763518352653 0.15566390565827887 0.08360152908675353 0.1211160117584624 0.09296292400506648 0.08390316111296571 0.07210118925633406 0.11917104533763154 0.16797773842187835 0.13600006028899322 0.17094545087837287 0.178791412622675 0.22105325866398465 0.19973049586597627 0.2144473592314095 0.2977703611508586 0.331052532628525 0.37893445386676955 0.37362029082914533 0.30143407265925104 0.2752810676262017 0.31736988274539646 0.341850430773568 0.3901201269815993 0.47292259783662216 0.533106494450304 0.5317125847800495 0.6217580152002162 0.7544275104437431 0.6866535235594985 0.5973556926404223 0.5985724963307818 0.5955737823102831 0.5604278635087354 0.5709903979931793
0.3089212421305799 0.26191501510573395 0.26814883540460616 0.25297977333888666 0.2324577115706845 0.2370171123797169 0.17051911351654148 0.17930875793668524 0.19804902313532172 0.16241280376566725 0.12024065956483036 0.14468945736954994 0.14606461051357922 0.11040990409832117 0.08575061317978239 0.13571229423516684 0.16154214642633605 0.13906970614962616 0.12635896341055736 0.18451380540743922 0.2220724317268039 0.1695646440903512 0.20537461046360928 0.2984677086463001 0.3016851000602362 0.3685186363385527 0.3371447774365956 0.3223034679418144 0.3382864726132882 0.33215200928552113 0.31254127712275 0.3646599987176385 0.44492885194837656 0.510852527774656 0.5603918069303169 0.6474086469787521 0.684561468903639 0.6691747058116029 0.5864882766234055 0.5848428362359009 0.5992226487934904 0.5536052914984726 0.5459210192457128
0.2766173732844823 0.2584708719656392 0.26433282572985933 0.2158073887840351 0.2406850849677943 0.2534012506988084 0.15983658112037658 0.2136945934367381 0.2006542598495678 0.154004908993734 0.14979585409398527 0.19118164115210295 0.19615117560196582 0.16967179226074092 0.12900828735523162 0.19653844985142152 0.1969102132699066 0.14139222045492494 0.0951883926245922 0.15422646108591456 0.18989739705459835 0.1312139568108055 0.19755360184541143 0.25937838503899646 0.2917617412226331 0.35281860283228333 0.3384371229826266 0.34550163802317124 0.305166294438051 0.27121346107312505 0.2929400452080909 0.3254653519274899 0.39725126290266327 0.4446426179543967 0.5506102708763718 0.6375750713894247 0.6465149639944067 0.5751998220117648 0.5425278343009626 0.5732361449638018 0.5492437247793137 0.5285998959820788 0.5907389768011695
