Raster_benchmarking/DGGS/continuous/raster-481.asc
NCOLS 100
NROWS 100
XLLCORNER 1743158.274160246
YLLCORNER 5469290.47063903
CELLSIZE 10
NODATA_VALUE -9999
[rows 0 to 18 of 100, columns 0 to 42 of 100]
0.7716893560043404 0.7977074856837144 0.7460294499814537 0.7206735350887807 0.7430523737025634 0.7043964645982527 0.704958332345997 0.702427172417186 0.6543361863627521 0.6269853509228595 0.5960298441306935 0.5441361740760118 0.4929727686594459 0.504733896181533 0.48302093623918857 0.5119480808553064 0.5267296371725612 0.4856694785884962 0.451039306793611 0.45921194361351436 0.4892331460350474 0.5249599217846639 0.4905719786939733 0.5658215406570003 0.5559780548529883 0.5362179955523023 0.5500579704025345 0.5832592231878392 0.5963917453996571 0.6039651129160735 0.611834135943596 0.6939925211170197 0.7183996976829066 0.7171317248239351 0.7543208186400826 0.7575591573492432 0.7914402343626963 0.8281859885884445 0.8495478775066525 0.8217075974952328 0.8411178114141784 0.8435631828814651 0.8239622601288779
0.8404940693227763 0.8014895476583039 0.7843674311624516 0.7343100216569919 0.7039623830796189 0.7083763473764947 0.6769967918351729 0.6916266751941769 0.6438244505233445 0.5821939701553074 0.5884788647799785 0.5466796545482812 0.4904233358477875 0.4610453290495208 0.4251770564050109 0.452379612597739 0.49621992968860634 0.4817725354866849 0.5019535817012432 0.47934341324241597 0.5322166825239427 0.4854320866218221 0.49535754044513725 0.5337727590679445 0.5193487196307175 0.49800722640707 0.5442057520615065 0.5514799488143635 0.5931086622847715 0.6274988205332279 0.6314039468621364 0.6567450316464282 0.7048992677254557 0.6852687831100885 0.7113609895034135 0.7338397740785033 0.7386952074475608 0.7972047614660583 0.7772427619297714 0.827947196773261 0.8816853372945497 0.8223790674151762 0.8623721546471592
0.8384665529306147 0.776516966538839 0.7455159176860972 0.7718795275698912 0.7279531497302963 0.7168818334749879 0.655013970136741 0.6568740592800112 0.5881845138141775 0.559586002445569 0.5147887740901357 0.5279807266499594 0.4188825535527818 0.38677815803984605 0.3975023496265267 0.4317114815882905 0.5003602974470112 0.49349845152877037 0.5345671940110444 0.5230630019419165 0.5123734219047973 0.508848373058312 0.5066958016939048 0.5294364184002707 0.5155291833297738 0.5074488331380038 0.5400016250088999 0.5293938795556751 0.5620209852060222 0.5850950324832688 0.5916870481980954 0.6336405884559806 0.7023279573088315 0.7192000537757179 0.7083692936853057 0.7660727333623618 0.777017738763713 0.8025135621715987 0.7674829754396278 0.8154861617292094 0.8648936589843481 0.8324761664643717 0.8545678704427375
0.8439017995696255 0.8102890461451139 0.7699682076931352 0.7095164849857453 0.6947494366996046 0.7022634585868748 0.6557352018651013 0.6283130371131834 0.6113946502346249 0.5712681532239734 0.49960698727883623 0.46737934657315955 0.40714695039354015 0.3689481451229558 0.35293599980834134 0.3801502526834266 0.45421491102333494 0.486915294867721 0.48333926534415106 0.47998242376156647 0.5082702797726085 0.4965287818508024 0.5232521403764174 0.5609518443513516 0.5200805056720061 0.5515270129877594 0.5540158821330913 0.5323908765102383 0.5433108011803872 0.5859345147979227 0.5998886488096241 0.5949094210063997 0.6996564114013099 0.7130548742558935 0.75927107368878 0.7359493130591074 0.7781696353613198 0.7980886221320065 0.784109665363971 0.7712100553029549 0.8057643630578051 0.7713966834550683 0.8197204193969192
0.805016106403396 0.7829318745231701 0.7517621355448156 0.6868990311843656 0.6620472437259965 0.6321267278763937 0.6017437419833792 0.6383318471332116 0.573084001078903 0.5558382464119834 0.5506990762909171 0.4743137068367347 0.38601352665036787 0.3575618914258769 0.36463732917611685 0.40362873408209354 0.3978903119695081 0.4550578846780435 0.4367626408527141 0.4548771913113428 0.500687698215586 0.49914453203444603 0.5194279519079752 0.54349241947913 0.4934528601823165 0.5425581448646929 0.5399092656240366 0.5425195504653072 0.5358562100137749 0.5557024450666184 0.612098513552034 0.5839795808675955 0.6409900179070556 0.6926335546849052 0.7076446215401437 0.6900322016964534 0.717525809542991 0.7050402835174339 0.7647781782400935 0.7359755401700917 0.7560933756169003 0.7625283889858919 0.784794669752232
0.8382590616174675 0.770253522602506 0.7615012168621275 0.6426323251359082 0.6132884684485164 0.5862703573660853 0.6081085509062546 0.5842122717220279 0.5500636744723192 0.5142217767695162 0.5510614347242658 0.5082167603608608 0.40051217546491397 0.36209765274896677 0.35009872872587466 0.37009788485757156 0.4139097548956097 0.4071988709746423 0.4103178123695211 0.485544128018933 0.5218453193304127 0.541295658805253 0.5193417217455856 0.48760871862645266 0.4865162469876439 0.5381387217796699 0.5520820280083059 0.5687835919879705 0.5573984059281177 0.5537538458404457 0.6028586669595201 0.5794559421108499 0.5645400833408569 0.6150105321881406 0.6257338181742038 0.6160948009051891 0.6406916259279858 0.6802765990365452 0.7140867812149058 0.7435608557915306 0.7324359701756759 0.744814924136933 0.7377907967158694
0.7788608409286629 0.7321218501352367 0.6664387121311551 0.6259503913873556 0.5649291309262916 0.5690482417342767 0.5910220139251785 0.5606243660791956 0.5321448443106415 0.5067471568802625 0.5010552348389952 0.47792036253117837 0.4636432383922963 0.41233906333127 0.38391675126789254 0.3530116022923849 0.3964423449152056 0.3982326845753235 0.44632663777233694 0.4875072900177678 0.4613262904920702 0.5029903024970215 0.501065981605906 0.5130108197169326 0.5503959468000348 0.5372540910344176 0.5238325482861681 0.5252148716952771 0.5051032093807766 0.5502512359900783 0.612248308991077 0.6084860669334279 0.6074474662710769 0.6120480993465245 0.6032292698117161 0.6303358618376567 0.6071872884219518 0.6239741370670755 0.6363947063141255 0.705397274709607 0.7194673263607052 0.7071407627567482 0.7629533209475545
0.7181022522951185 0.6711863614640325 0.6318385071143735 0.5853683154214803 0.5667521474157571 0.5417926708141807 0.5592911218602475 0.5553637317873251 0.505591851510197 0.5364483919718509 0.5445394032371397 0.4558516845151142 0.45233018222108523 0.42588797697983655 0.3291062301511724 0.3415534513920735 0.28442872614464154 0.3810908550880604 0.42581587048550923 0.44951199345492926 0.4579920577417962 0.5280217799011617 0.5292005317819448 0.49952137301705474 0.5546520076266637 0.5306812252636475 0.5508391146251671 0.538861740254578 0.5013295794025507 0.569890752507945 0.5806356415974757 0.5474501117322015 0.5601280419365271 0.5846290122893608 0.5624592037138465 0.5608341353950541 0.5786123374616504 0.6281401576841582 0.6349293944055545 0.6412428916565028 0.6238610025202831 0.6948621311108476 0.7170607391359353
0.681856062100584 0.6735284984868092 0.6277543556277538 0.631523961042643 0.5931640411690172 0.5897890990893225 0.5760660030687642 0.5390034579245553 0.5253633539361403 0.5272193761197422 0.520879391502479 0.47091558858082533 0.4404684529247806 0.42678679035516004 0.37289538636565883 0.3637413167539914 0.3382260064055669 0.33690429114025405 0.4163511542238218 0.43319121738106126 0.46945264534236925 0.4991926656604837 0.4909057384259997 0.48668576834810023 0.5120188211455301 0.5134310148917971 0.5264586579480282 0.5048913554820249 0.4885337363847116 0.5137788382016096 0.5380747410202706 0.5319611513590647 0.5325372142913152 0.5364687352143489 0.5474750761220075 0.5849106318219577 0.5660061437267746 0.6246644589717123 0.629332316533502 0.5937616111460194 0.6240842573494398 0.6542030421636471 0.7238517058947174
0.6963666805057926 0.69889056078127 0.6362990050277247 0.6188078699941469 0.5950515818115408 0.5860121344614981 0.5931178617494498 0.5863839319265121 0.5951080565546755 0.5279013091044352 0.5389104100730624 0.49594604345515664 0.45706615611097107 0.4226317821685419 0.429245891553995 0.422773314619648 0.38664761454987845 0.3935543709321936 0.3823711563199888 0.4037643111349668 0.4016905821993441 0.4817743058267374 0.4914252325745219 0.47166707360244725 0.41866470448386983 0.48790159851539355 0.5016720595254353 0.5344413453540868 0.5011633903578363 0.5096177875666483 0.5033105339575905 0.5297375884268919 0.5118636618779064 0.5210459703675797 0.6078031888275467 0.6205244558128448 0.5878031639202346 0.595399388472684 0.5682912328735358 0.6039353571607575 0.6603896160097846 0.6953738495137565 0.73582553923557
0.6295969971670909 0.6552480131321 0.6318127937462805 0.6128596471947959 0.6184145664875924 0.603492097476278 0.6241488227046847 0.6067521445056298 0.5517645286258629 0.519629955762304 0.5512403153321985 0.5217945279080436 0.47724767424012715 0.46449940710328125 0.49103718463776874 0.4872815913141767 0.4355706231307686 0.41661625032382843 0.4400764411593203 0.41400702776088794 0.3992186458315543 0.42017379765321405 0.45828442581030526 0.4468624115580495 0.4002890879183026 0.4657439773663318 0.5091632122888721 0.503753862705157 0.4658242145668879 0.5002355091393952 0.516493306381147 0.5534733670822407 0.5256393731360032 0.5395841732826975 0.6150700526481284 0.6409560479414186 0.6162184755102333 0.6289547266867088 0.604041050300493 0.6419724701936357 0.6485404527530682 0.6877004119560962 0.7204843820609359
0.5901534080562534 0.6021482565497152 0.6181763371343095 0.6200673869373072 0.6385504808536813 0.6301011370532704 0.6191813783230632 0.5970969181930409 0.5370926134590331 0.5022997788377113 0.5218212936309897 0.5349348652375724 0.4995598513096977 0.5056478720419697 0.48453116306313426 0.5414501128819492 0.525425526656844 0.5151731188873331 0.4647783041978613 0.4089816994500048 0.3881360620329331 0.44265706989530434 0.45562725238250196 0.38324035339167073 0.351969231057319 0.4381070005158018 0.47047867657421144 0.4408219488344029 0.4476264467199107 0.49040543123181807 0.5392342259929391 0.5467242880725645 0.5724919142411979 0.5805997065453604 0.5954235210347686 0.6095595457966496 0.666595736722325 0.6322933624495377 0.6749910224655848 0.62118854892149 0.5766209412509894 0.625459559133678 0.7036123425201942
0.5679737019238915 0.5819058885366484 0.606763411977515 0.6514099179523448 0.6586664023929394 0.5975604819856742 0.5679781210340499 0.548158456143076 0.5489931260979191 0.5320624240500407 0.5101941949227414 0.4934415199327708 0.5333918672807724 0.5123403431095218 0.5597635938713617 0.561654119038659 0.5306492595325962 0.5256583954375227 0.49920665974684575 0.43265220499501866 0.38902711154339975 0.4068802074084029 0.44708178295504647 0.3918128868201229 0.36671283430224 0.4302565021357492 0.44049840487512404 0.42099665632619543 0.4551614085474126 0.5104504990575331 0.5156179735984796 0.555740584575777 0.5737884026990459 0.5741632400592264 0.6181426390012256 0.6392006037665673 0.6576637581951019 0.6394905259136794 0.6525658193095221 0.6139551692535467 0.6019805892811577 0.624659475060648 0.6761291540219438
0.5581081401799454 0.5550475025533287 0.613673760869515 0.630900678372902 0.6279645831399144 0.5993495157976733 0.5544328032707251 0.553109742320517 0.5917834993873634 0.5271713910439488 0.5230843726176236 0.5216478733597877 0.5078354681472464 0.5499763888902667 0.5562137324869246 0.5781165368646332 0.5734662474496416 0.5456385684427113 0.528345111409943 0.5196002457256825 0.43029044146207374 0.4290360070770348 0.4634864266241527 0.42443616451613064 0.41512651014246243 0.4180097950930319 0.37916221188487176 0.4458172016660988 0.48701753155530886 0.492007696862068 0.5640912243519022 0.5473033255905951 0.5271539962967717 0.554873240296693 0.5478811939423447 0.617776673715603 0.6464084260482162 0.6218379828950222 0.6638529660801786 0.6083796587687195 0.596985606708579 0.6003765536007915 0.5938862763740155
0.5339118005724817 0.5362511930342518 0.5764511163790654 0.6214203423559089 0.6110814282135517 0.5926116261166309 0.5682806285642364 0.5859427402872273 0.5776063190204833 0.541330544352721 0.519930896811358 0.5426517804808921 0.5181051895971247 0.49070420471459925 0.5479538712102774 0.5953203629838304 0.5699436695956781 0.5970273939363362 0.5774075675293558 0.5517946025979349 0.5038544858283256 0.5134147089344379 0.47930631389990147 0.46239850442319874 0.45203577694288916 0.408820170235522 0.42259987083329664 0.44882876933873755 0.452986152774952 0.4700754723267045 0.5239082002776436 0.5199637775497584 0.5880013605384941 0.6012715994993931 0.6199529789841615 0.5915322156958225 0.597581349133963 0.6413044849529266 0.6520648798624169 0.6316317272844977 0.663160963862088 0.6489617423767837 0.6541734803199554
0.5419374265913328 0.5095259528770212 0.5563364228340739 0.5547585124967298 0.5716121146014934 0.5780018507313357 0.5197669213048538 0.5934500423248711 0.5779699395424953 0.5642567926267196 0.5696251772113405 0.5684706092151326 0.47959207717120395 0.5100666396305447 0.5299708803274535 0.5704285588376018 0.6268546394437261 0.638190532614406 0.5710489657259085 0.5991438208619476 0.5650125815537966 0.5675871079102525 0.5194677568297732 0.47254612169716903 0.39407021650911506 0.38330236033443443 0.4318207608679285 0.41964822932932944 0.415818179285497 0.45690425808408963 0.5007108535320198 0.5664328577387477 0.6049573468990959 0.6450248380324392 0.6207537517095271 0.5668056757021471 0.5576135979289585 0.6529233973331587 0.6692312083253235 0.640234605498321 0.6498480940990793 0.6792758879066708 0.6546946297355568
0.49551814831347357 0.5244692615391783 0.49339696792288734 0.527323279459081 0.59224416905669 0.5750378609713934 0.5101423382584471 0.5693729263586171 0.5538717223436178 0.5836122711818397 0.547231581996947 0.5558750780118145 0.5541839680753364 0.5247562990252217 0.5207899700307415 0.6162453716967431 0.6091413522728529 0.628034607457965 0.6035402514385133 0.6041604904376379 0.5519044666223202 0.5606944926262495 0.5419204442738409 0.45382313918507583 0.4002032221939493 0.417195963226965 0.4498728993034402 0.4383898525721397 0.44135053876825703 0.47489686127602343 0.5356756307480761 0.5692304001733881 0.6070808834646536 0.6334085367673958 0.642489668140769 0.618869006928065 0.6200975005593328 0.6268208711660183 0.5993140971029486 0.6211652196742535 0.6306657844623943 0.6399587896127047 0.6330290334451609
0.4498653808722863 0.4457866829741702 0.47068141203472413 0.5325550078221386 0.5755901443991293 0.5672903459841591 0.5046078297266434 0.556048485807015 0.5612214854309913 0.547428554582124 0.5106702409553197 0.518770005244609 0.5347700971880973 0.5338554799891421 0.5344044999155233 0.6053486707220762 0.6376451533600164 0.6224726158716968 0.6209538165568785 0.6092304574605195 0.5470765034862712 0.5291412965334572 0.524963656430234 0.46166906024458376 0.4449451959732024 0.4363135295899833 0.45882305239653043 0.46553338206152656 0.5196554311844475 0.5493161348173599 0.5664565384426725 0.5873132193354493 0.5940725991853595 0.5819753258945191 0.585006946921351 0.6328138895336112 0.5835108321125003 0.6187369697505616 0.5801995575395016 0.6280393163766977 0.6389458441941328 0.6382765505824717 0.6909283006013635
0.4124873415781229 0.4288112232220799 0.4456558330119783 0.48354554154806006 0.4925883688777188 0.5030673467622232 0.5315808412293328 0.5233177474232522 0.514020179831081 0.5530352354726275 0.5014126141278015 0.5349502686621208 0.5174465741449277 0.5335664066776437 0.5619324888576063 0.5891419974933962 0.6238665808753965 0.5866945689823359 0.6109126666561608 0.5708315605520676 0.5333731956707024 0.4895261088691462 0.48976027091784496 0.4974239056404528 0.5164773183931513 0.511770700013399 0.5151359637769807 0.5060827223379426 0.555807820893463 0.5667469483910034 0.5890416915552196 0.5635924951393363 0.5816422657099805 0.5592338927442747 0.6299217602952302 0.6282304421524713 0.6143814611554219 0.6086886216344262 0.6550600970802853 0.6730579189027456 0.6440223106551732 0.6845381744652435 0.7064786471645905
