Raster_benchmarking/DGGS/continuous/raster-262.asc
NCOLS 100
NROWS 100
XLLCORNER 1743162.8284347893
YLLCORNER 5469279.297905566
CELLSIZE 10
NODATA_VALUE -9999
[rows 57 to 75 of 100, columns 0 to 42 of 100]
0.7560708534718623 0.7891582492611382 0.7850956985287872 0.8260492184127273 0.7800092902670659 0.7744185389359982 0.7601241010578093 0.7679097811915517 0.7214643946059839 0.7230938587917106 0.6791073630413764 0.7032710582464935 0.674171567645209 0.6842012840628253 0.656315377776815 0.6376136474977039 0.6484376826843645 0.6619038741602542 0.6339883794481054 0.6526957121337497 0.6300588375499053 0.6279383904778605 0.5987779610413917 0.5840998999560296 0.5301676552959971 0.5247170337263812 0.4866393751512945 0.4809892726196435 0.44667251819716236 0.43283202809390936 0.45274598906879204 0.48017387408478096 0.49654931544047265 0.4953790520770268 0.5037637740221335 0.5270370931729379 0.5702515927308645 0.5792076805533413 0.5380957764090417 0.5157181277995198 0.49217605137151416 0.4832843031584046 0.46090201678537157
0.7522042043915359 0.8037369632421212 0.8238062581371457 0.8283430013295908 0.7616496448123096 0.7393160007331282 0.7518472960972634 0.7329483813183263 0.7179290901194347 0.6766334887285134 0.6833472492673126 0.6389460510000408 0.6652844424833407 0.6685153338728727 0.6304287837703292 0.6125564055751347 0.6388798984380223 0.6178918000764834 0.6467917590646268 0.6373362497905627 0.6475650096473036 0.6265293690105019 0.5840960457600493 0.5495495046511993 0.5483565880677209 0.5382176846187062 0.48737086276344604 0.45711988479679033 0.42407573121725817 0.4240486787535475 0.4401970955187892 0.45333560497170117 0.48011513795846356 0.4748379087513712 0.4751589908238767 0.46445494923608593 0.4990150700696008 0.5294651109703182 0.5061669617582473 0.47703663400210883 0.4832989756903152 0.43498103919823 0.46161974392203875
0.7870948985418966 0.8057778520998153 0.7870869462579382 0.8086315550808441 0.7721611142619875 0.7537437389209347 0.7591632864160068 0.7215959506436267 0.7404185796813058 0.7039423469852696 0.6478392836808627 0.6764978579196501 0.6557046556557502 0.6695429755708434 0.6564433364027622 0.5898914117706986 0.5906212902021628 0.6292245220435588 0.6178242680676194 0.6059273858284446 0.632951273643501 0.6012268155650119 0.5894070160920165 0.5803926743669914 0.5223940900078492 0.5566102236672203 0.5127691983223767 0.5135424139261907 0.48164411082478037 0.45400538352413844 0.43244983410357474 0.46245528078604997 0.43868265699138126 0.45098431596390237 0.4245536198858401 0.4231336415919018 0.4699635813235615 0.47755093087161155 0.4546005227018044 0.4504311887641404 0.4597609737506625 0.4260507095682625 0.4472723068606953
0.763691197910248 0.7730685880983772 0.7633082545295017 0.7900651771653167 0.7662591296769194 0.772421452490239 0.743074734107448 0.7362640138649296 0.7271437878752122 0.7033719922003219 0.7015986851725016 0.6763009780478917 0.6453291795787854 0.6209580324553369 0.5893860266416626 0.6130301722595144 0.5852725033701354 0.5950270341369335 0.6551853649961151 0.6484958171608356 0.6264969183229728 0.6350315508784923 0.5810584949347801 0.5742601966824193 0.5468877736358005 0.5393153816766673 0.5169628976153189 0.4899025268810592 0.48564255520897986 0.45537652029844117 0.44015803193533015 0.462592476934004 0.41756756281919466 0.4283204163448726 0.4024248133397681 0.42987322278689416 0.45469244062400765 0.4466948426616037 0.44900356198885294 0.4534668545237879 0.41238770148789106 0.42267007146795466 0.4464507332852359
0.7879703512344831 0.7645257122962831 0.771088141241222 0.7458644773663133 0.7764999375015578 0.774130060925969 0.7519273274413631 0.7131928248850419 0.6911078242236197 0.6710084768419659 0.6944422481495259 0.6831023482630219 0.617832268711958 0.5959708493079515 0.5727447768451654 0.5631606451818486 0.6238809357232138 0.6031180809631632 0.6456949418753826 0.6428652477774615 0.63291674636309 0.5929147603250127 0.5749266896639473 0.5733221000303593 0.5759443455640952 0.5862037469371084 0.5286412661725225 0.5241084795039007 0.46441265392682857 0.475192657420325 0.5017529928157259 0.47033026995343524 0.4358166037925838 0.4041251125321755 0.4165663540364295 0.4423987239009292 0.4408407121663351 0.4224416147080779 0.4481916532280084 0.4251627882918152 0.41101591427937323 0.3797291020025126 0.40059356658343814
0.7855468987417867 0.8096252210794076 0.7447456630134439 0.737753322271591 0.708815120961132 0.7332143378039826 0.7065974184131738 0.6760586879941772 0.6557275399690504 0.6660750463768504 0.6632464808772952 0.634856435865974 0.5857674177899964 0.5371779450374347 0.5759716955122686 0.5457859301612014 0.5847287250978692 0.6353627227824528 0.6096210210754787 0.6298111630254786 0.6423235433689991 0.6116418403861765 0.579866209101955 0.593038757620835 0.6017002647847949 0.6125493028379699 0.5687090970175293 0.5203559594101774 0.47309507756576075 0.4887679282273173 0.5224747371569382 0.5104034575483185 0.4672772029886988 0.4091274471826657 0.4204264367799724 0.4567900492556994 0.43494796274794995 0.4180039648961553 0.4150108498975261 0.3968645923778711 0.3959694076456428 0.37898811098534624 0.43812182147959144
0.7374970927556964 0.7503320949702013 0.7365112145595794 0.7227568563651716 0.6631262582681829 0.6887563438197398 0.6539477573587945 0.6676750437189974 0.6780814206086228 0.6946431780294748 0.6630073252814626 0.6459127463817936 0.5973078196636761 0.5663707864975137 0.5772479923631881 0.5509470963589472 0.5632942346432032 0.5697353346181954 0.5962895323171369 0.6060878078217447 0.6039485501379457 0.6059030130913354 0.6072588493696263 0.6236058427609292 0.603285372442099 0.6140505718722133 0.5522564532095245 0.5119160871885285 0.515597201607191 0.5192253563680217 0.5111811361943113 0.49039709975024187 0.4826050888773632 0.47227477726813893 0.48843978529442783 0.4703857765685496 0.4701758941152153 0.42494886802488707 0.4187581055804114 0.396782497747527 0.4026288668260886 0.4109123607480819 0.4274724732447512
0.6914228150941226 0.6921108344234126 0.6589480176123476 0.6573938238779737 0.6481626232142015 0.6244852867598097 0.6679837347996497 0.6728440742222855 0.652975295593161 0.6700187012016232 0.6430906806016198 0.6020421553047676 0.5794958039132109 0.5691756020882376 0.5658343572283288 0.5690473460365765 0.5909674108173543 0.5700767448554835 0.581148690382246 0.6105050819764393 0.6228232983253164 0.6291495066140723 0.5938558695970271 0.5912555856164047 0.6198024483094636 0.5932805010343536 0.5607225788711955 0.5178327004483112 0.5281539865439309 0.5413307452286096 0.4971099769118402 0.5028305279656244 0.5098536385585384 0.5311869924117588 0.5109882167461217 0.47509492812870835 0.4536858250400338 0.44901829907985247 0.4344176242928567 0.42942123561999807 0.44113588128092956 0.44755454876475675 0.4751758871603137
0.6416652784062797 0.6457884058350513 0.6298066854264353 0.6350125671654004 0.5970962271324902 0.5867886610366064 0.6453287400266555 0.6297352761047373 0.6686843753133834 0.6621995251535525 0.5821218479991038 0.5764210533373556 0.5601493891759854 0.548910338950278 0.541452922281156 0.5666602902614519 0.5600696212633435 0.5574114998516704 0.5731396525177476 0.5952750055184964 0.6124425060833986 0.5955314911673351 0.596776276162094 0.5913957822076384 0.5920806806124022 0.5662951128081041 0.5495074524640311 0.5174454223839221 0.49547049851574354 0.5236669075575117 0.5460506167564996 0.5563897363475523 0.5321202560289934 0.5586840615737279 0.5342996139845536 0.5082351329204478 0.48952455624736313 0.49572170931676574 0.48215117181975087 0.501201271181766 0.5026161312139713 0.4899977050017803 0.4524955567650501
0.590075053978698 0.6118197794634125 0.6044326886696486 0.5693090484825353 0.5839939363381463 0.5645333841395478 0.5871789242591672 0.64557182035307 0.653627710858113 0.6331592907713329 0.5667000012927502 0.5341005053260727 0.5234468362903134 0.4710423030176219 0.4948737828018409 0.5310268850623424 0.5095203277297421 0.5030080789613554 0.5233710557425496 0.5497277100107341 0.5629178877147414 0.5829664552734738 0.6143603907752293 0.5880954799416923 0.6243832766330992 0.6165210532089385 0.5466638323452033 0.5168120717572634 0.527531591967575 0.5052923335791645 0.5172252289883857 0.5438289573441787 0.5815052146420626 0.5463226297463647 0.5235791737529245 0.5158600505931132 0.5167351465082664 0.5765667963971456 0.5402051838657251 0.5398903946600034 0.48050890317285333 0.489182156176158 0.4611739869793655
0.5941373040544927 0.5631533045109893 0.5505314567827481 0.5360036077911859 0.5795434124166067 0.5633894260976297 0.5625960014612333 0.5912924774936189 0.5749335129367084 0.5868248942891395 0.5455903531737177 0.536752195924079 0.5283548681246526 0.49957256075548834 0.4925605555608314 0.5306904121797706 0.5307751764127799 0.5065130727773721 0.5076746836806871 0.5662254970167948 0.5507990807182183 0.5998401573452092 0.5770619682041725 0.5844056043422056 0.6163827112881655 0.5837161886278182 0.5760550642427523 0.5475585548972508 0.5520494416423964 0.5556705779407738 0.5724517639873788 0.5974066892656608 0.5893514588097059 0.6084127051299817 0.5865259093595314 0.5757291965167874 0.5501315507697346 0.5706071479236866 0.541621101555103 0.48740052937036266 0.474098501551099 0.49492750770364263 0.4739575989515329
0.5557086876881503 0.5451328869177987 0.5637682812964302 0.5455295926989254 0.5434373673137766 0.5833415408898198 0.5453476704586093 0.5428753100949647 0.5600107789872207 0.5775265094117267 0.5566403283930683 0.546601156207946 0.5500633322892085 0.5139505771927575 0.5166705242929904 0.4986524402974485 0.5102520956644802 0.542801086630149 0.528817646363706 0.5496849211507648 0.5752365973150971 0.6048025058549722 0.5831840911373222 0.5589805852850168 0.57861495858098 0.5949561879024466 0.5743871847817266 0.5689712561584298 0.6134991637465422 0.6311659805433063 0.6043352705022857 0.6011955624188253 0.5908528226763833 0.6349745869404374 0.5843786377056756 0.5848816502652282 0.5322975981578946 0.5306136510434196 0.5008552243573277 0.4872783794369758 0.4964733358217014 0.4555815989056682 0.46559165225227483
0.562705664525051 0.5579806526187961 0.5588397497280956 0.5370615137453032 0.533692977299877 0.5189406459715141 0.545929288894796 0.579334875649313 0.5857227077186602 0.598420241498091 0.5815774412756611 0.5353989368433806 0.5115513169807845 0.4925095455511516 0.49323457623655675 0.5316585663566439 0.5417939920294018 0.5332236568368336 0.5479285124161946 0.571247514904286 0.6051943405508408 0.6046382917846495 0.6202431495082098 0.5659184943769008 0.5812484159728535 0.5772135247046082 0.5999460339338305 0.6275839822726396 0.6515600943080637 0.6593250636418934 0.6535667134785312 0.6468121867784826 0.607052401091713 0.6531787546074959 0.6305481595223411 0.588299936459649 0.5629319512667884 0.5411399731051838 0.5280011227249874 0.5010348143095107 0.4589011717939254 0.47587098371219383 0.4538634548485359
0.5316831257830398 0.5189316918727523 0.5556350264141994 0.5595161870124544 0.5487351463545508 0.4962949089108149 0.5551572818852727 0.588910241591579 0.5674084343598436 0.6005136748767981 0.606580592512498 0.5806311832386295 0.5121192399079609 0.4927345618622262 0.5357560993289268 0.5585438797818284 0.5385889773039784 0.5421324968669375 0.5780346908200847 0.5654386851509431 0.5795798229432038 0.5965988109229803 0.5871614124619492 0.6172660303662413 0.6340210213846968 0.6302399968728789 0.6214669821438278 0.6256305379382328 0.6380525540021692 0.6741851698593856 0.6516136066181409 0.613579047863386 0.6329466867301438 0.6714265691785062 0.6187463962745107 0.600588740477383 0.5593392034302027 0.5727729822783237 0.4973225414248241 0.452554913819365 0.4230684702696525 0.4207808667591592 0.4760085343729941
0.5099813856094911 0.5255817222253554 0.5124795570259708 0.5131225791983892 0.5146920465870707 0.5163186317619552 0.5265792100670217 0.5492873494256423 0.5735165246312519 0.5837476676091363 0.5497857395663125 0.5113053865588192 0.5052130399162833 0.5258026722199205 0.5194692030031967 0.5769205260982256 0.5514544307599862 0.5462998011240097 0.5639152405443266 0.5381490501909787 0.5677399080741511 0.6210753548193951 0.6156285421050585 0.6190288874314821 0.6580008474809101 0.6403389002185521 0.6509894591736392 0.6244769594035843 0.6523117004632414 0.64082610840887 0.6212770697838693 0.6339112537377434 0.628149025341826 0.6280116441404475 0.6106674071978135 0.5535457120538052 0.53513906274869 0.48422321648436817 0.4731740748317195 0.47904018501993406 0.44196633577854094 0.4201318722239534 0.4428477472795463
0.512913596596521 0.5510934337302006 0.5470577111176108 0.5053373976316426 0.5448661686063028 0.569637341060698 0.5617559684787845 0.5593751191525523 0.5377482692955524 0.5408443566107913 0.4995248655725655 0.500874084527447 0.5001660627810656 0.5467166563303311 0.5313699915828329 0.5670339672058349 0.5455762836644791 0.5258650836935445 0.5587568476207888 0.5379028881319857 0.5955940056482529 0.6345603435159897 0.6223063256940671 0.6480542639491395 0.6595230309256794 0.6803279931537111 0.6564015588277772 0.6664514331809404 0.6800911525572935 0.6555441131828859 0.6428436869254847 0.6319195280747585 0.6150379904263036 0.611398703733238 0.573851267673629 0.535149647504414 0.5122901148925653 0.46914017479407827 0.47570228203109755 0.4793181074503551 0.45677590514883765 0.46640239324299126 0.4535072614925585
0.5364248995767408 0.5014212978882305 0.5405119454449641 0.5167291640882 0.5321930671421924 0.5537013625671365 0.5730259716859054 0.528527897604207 0.5356939481136853 0.4941219971681058 0.5011168874898807 0.5219996104696611 0.5193558942576241 0.5819947450781323 0.5756940906999848 0.5492290373363887 0.5390467129436695 0.5467716239111096 0.5627673514075037 0.5674099854334765 0.5637963670165592 0.6184458891368926 0.6536427129414234 0.6538260240349908 0.6690447038705931 0.6648076811580781 0.6618518599305064 0.6574925935310643 0.648100243525195 0.6359153942055988 0.6218864317421766 0.5931255289381703 0.5824813346089539 0.5809033445623509 0.5920601570901473 0.5705208450572863 0.4952705942453582 0.4888542857845125 0.4972691192963464 0.49056172391062497 0.5040946738128664 0.47960384389477223 0.4710410169442185
0.4817269252119362 0.477848552358269 0.5331138042580799 0.5141838257003146 0.5245894627685251 0.530849646412843 0.527411271242628 0.5454106202647403 0.4963310311103852 0.4881525923936642 0.5197109137621215 0.5183934622986038 0.5500780678348691 0.5726516730805817 0.5511148783270662 0.5558680753352857 0.572791238974362 0.5447923093750242 0.5696570139014105 0.5286452171190942 0.5639751822898321 0.6079892365473031 0.60926520457173 0.6545854921627907 0.6208072748143079 0.6095753924696997 0.6194540706685983 0.6027995671972749 0.5817172271229506 0.5694851387078156 0.5867887563987436 0.5865309742125004 0.586206776360414 0.5900387334812586 0.5781605633242826 0.5615712989699148 0.5035500458362077 0.47317920063594043 0.5195738468072922 0.4952767213675759 0.494558685227235 0.47787629791005837 0.4648713647828321
0.4727136332060182 0.47700079093303716 0.5095762986813853 0.529384667656349 0.5240952565822238 0.5369906349834926 0.5487790097958655 0.5700887889346494 0.5286932758111552 0.5376857508814548 0.5095704784416133 0.5488628216374781 0.5449920590381587 0.5468129688002156 0.57971894959458 0.5409133089364796 0.5639174556758735 0.5908667773089837 0.5635999524900464 0.5344197926412462 0.5577294619516677 0.591586717373959 0.6121475043950633 0.613359905476311 0.5867367990594058 0.609277102682426 0.6125702530769866 0.6238666978195375 0.5951723689366201 0.5999005949785543 0.6147570580808372 0.5845385329437757 0.5788265071508875 0.5967246111789344 0.5724617792963393 0.548782274642649 0.5278766278401973 0.5221035597929258 0.5080336489399465 0.5076787190005835 0.501343886659392 0.4684010688347728 0.4930772113238969
