Raster_benchmarking/DGGS/continuous/raster-111.asc
NCOLS 100
NROWS 100
XLLCORNER 1743154.89162572
YLLCORNER 5469278.196077875
CELLSIZE 10
NODATA_VALUE -9999
[rows 19 to 37 of 100, columns 0 to 42 of 100]
0.26064927242278196 0.2961182661196134 0.29689642227481816 0.3039199324691719 0.2552865185405676 0.21082409958887535 0.20583368915285166 0.2658697951797933 0.2441820014792005 0.2666745065903293 0.24184927313607466 0.24059249692030651 0.20414498862460476 0.21763381173518603 0.23609029217911254 0.2945799484931308 0.2960146359369612 0.28410282557693134 0.27317893373549923 0.2591552698252417 0.22135196045749117 0.2015114975408826 0.2392605981297457 0.22035216941554342 0.26080971498167915 0.29541782581591597 0.2810123703910818 0.3066888557274491 0.3376233194237697 0.3335162505439334 0.34753439164378697 0.3480839810916825 0.38060828870412106 0.3973230337301176 0.37727967977263493 0.3488837050955624 0.3314000966986113 0.2989245514044343 0.26566848050604686 0.24968573466436303 0.3007626133981431 0.3065171620761098 0.24175570711077582
0.31838667249732433 0.2960763492106601 0.32399816095094364 0.34369814819418676 0.29631446890859164 0.254117247128945 0.24992685728282532 0.2662028199487212 0.288998942914465 0.266723048886197 0.2833713104232935 0.2818318495282689 0.2306747919463057 0.24245465909027272 0.25894756278432274 0.27885706696343937 0.25092717954040494 0.2712926112272997 0.27554897985826937 0.23362072608485518 0.24680567911362622 0.24177979036251576 0.23252611076744484 0.23956776183317777 0.2396675419080466 0.2547535262179842 0.3006222914257029 0.35347025121268305 0.3491368347032665 0.338047798409596 0.38558072915518476 0.38799279508172246 0.4230443318553962 0.4111547366254103 0.3638474180129875 0.3706888271022647 0.32571435374747093 0.32562325817681465 0.305500135657946 0.26066220616961766 0.2492969377997714 0.25819004458933936 0.23427664873873774
0.3594293182374153 0.29864621922060197 0.3366675726981918 0.3584366817992681 0.3550010707406483 0.33922316126459245 0.2832812958619699 0.2538523827312909 0.29279202264779824 0.327915110859299 0.3285207573221292 0.305158655207241 0.235639098833748 0.21102795578481184 0.25381877464398167 0.22802373759878872 0.2125091484312673 0.22933324732314248 0.24361476110173896 0.24037494331989526 0.25079733055606085 0.2892321407686627 0.24323037434574896 0.25538067425963934 0.2410289362343893 0.27225370605956745 0.32700380848885413 0.3474350912091315 0.35499902106087344 0.3534938178202324 0.40560471443530005 0.4705944356893044 0.413759659802733 0.41988429435046737 0.3445023888346043 0.3503271533368393 0.3257504276904752 0.3294917022161448 0.3149518593137604 0.26612643627446314 0.28750925521928755 0.2514691462456341 0.24811746851868544
0.3639666204053046 0.3686577263436492 0.3610285335714014 0.3475419081260121 0.3673173314778975 0.33088915698463195 0.30445079329298425 0.3108653719749435 0.2922783678151773 0.30137952012014374 0.3078097859805682 0.31501506913983346 0.28066821046693663 0.2728838372801862 0.24359363286550398 0.2602208883550976 0.22181425732360022 0.21703898170877706 0.2502888461240678 0.22835502251638093 0.25359735052245463 0.30965883766624264 0.2962281464333054 0.3101155418609407 0.299671731142009 0.2970061298830892 0.3345937349983042 0.34521475261778795 0.33017555936171744 0.34556789766177254 0.36201127614950296 0.3819451838265817 0.39600353865663357 0.3732938432941971 0.34332213976843257 0.34636644385746185 0.35342157325723866 0.3304230572970135 0.32709761715200636 0.31531094710319013 0.2807151983157595 0.301865381207246 0.2999377552633236
0.325704306164864 0.3626585580945317 0.36629967611527203 0.34586993655291 0.33373548289475563 0.3621293965975315 0.32070671259981853 0.32030045463602486 0.31503808924556986 0.32973567684032445 0.30970259437646297 0.2641739204669121 0.28958880722739805 0.26194147230295156 0.2554663962249553 0.28184540079331377 0.237197485256949 0.2548666675271005 0.23427852143295638 0.21856152363620998 0.2593452300160799 0.28898806174572433 0.29650877272522497 0.3137066619514803 0.31534424877808 0.334873242965753 0.35180259978951217 0.33014017918015015 0.3214799447326657 0.3595843234887619 0.3645463379984185 0.3538392617479454 0.3434819745236881 0.3437677263509786 0.3349365641073967 0.3652500977112736 0.3620758692700444 0.31747769403401094 0.35816100423020336 0.36132790060996106 0.34553778284258596 0.3489508722155802 0.31964398706679087
0.30096265572181896 0.299100552757513 0.32507516274643544 0.3435894888804224 0.3536019234428761 0.3238404928529891 0.3439022872938493 0.34277659558358703 0.3214643679349333 0.32567099466085864 0.31920415131324315 0.2819580133183541 0.2935222532015718 0.2607612010288766 0.26107569560850863 0.2464283408557395 0.21217474736170727 0.2103350121016139 0.20264952905786382 0.18912488194893892 0.21701881315659172 0.28979600094143937 0.2904622922666783 0.28334222068748205 0.29537391220053427 0.34234941053293527 0.3646112713208528 0.3856378709772038 0.3546328073801702 0.36341696886217223 0.34340902106467425 0.37629102070338916 0.3832699043639902 0.40029652897642515 0.3723223829219802 0.35437825056229344 0.37282811541984745 0.3675340750403891 0.3719774389962958 0.37382545492512353 0.36994208644245813 0.3488873241990837 0.355303800377024
0.25826677905950224 0.26755781670766854 0.29171882513486613 0.3400839433510839 0.35491676774793623 0.3167915136854247 0.29734735021269293 0.3103763448452719 0.31999947087337316 0.295558652239263 0.3023979315678144 0.32183091359021293 0.2834907689038717 0.277732385037022 0.22537100158071635 0.2047411351593088 0.1807779441507844 0.1684157841356713 0.17755687836857043 0.19957497230163374 0.24841123048172378 0.27084536956803223 0.2773836070503809 0.2770758621945921 0.31960892243280875 0.3292608917456863 0.37846953371975617 0.38827667505269664 0.3471546613342713 0.35406230566675634 0.3351213658974182 0.3274730480730365 0.36493941776641836 0.40300476681424546 0.4034180524793916 0.37835184985363923 0.3657338879898882 0.411550401880181 0.38699937841035603 0.423218931621659 0.388511595788404 0.4211692630135628 0.3933906281750943
0.24620781872727288 0.2954046303113614 0.3220550032504286 0.3613747274841069 0.35343416763994323 0.34330466418535466 0.305903168060483 0.3312677661109288 0.32111621926048844 0.3001734915416682 0.32173707690987685 0.292954023431955 0.28222193448729277 0.2729741756736049 0.24175666422503433 0.2407288677382427 0.2022748092459341 0.1966065251691304 0.16584414844021403 0.20943104367962623 0.20772697113356905 0.22462233590946873 0.26123997307068847 0.24811068566029934 0.29969488158058083 0.323043353219047 0.3262875124898636 0.3548927216089102 0.33304605621461353 0.3250615375565327 0.3260761395699276 0.3556479507540091 0.36248116739343605 0.3876730716920475 0.39014490008746694 0.3883529416051989 0.3883274622165916 0.41511136558991635 0.4179147933305723 0.44263850919823383 0.4312650869638775 0.41790848354830495 0.4054008698540992
0.265113164757965 0.29498023999860573 0.30701092030847604 0.3627944967549851 0.3552283506655835 0.29269243251536065 0.2913066263864153 0.3162860477429993 0.34166576595793235 0.29568857138776744 0.3165721875319585 0.2905908564732668 0.28715269215178124 0.292493992278178 0.2665231394828968 0.20656685642697264 0.226405023172132 0.17666451334315647 0.19954529094870807 0.1890504576917285 0.2224430855811367 0.2185181114006747 0.2286506167592339 0.22215073646361216 0.2689543116860686 0.2856370164534823 0.30491663864192764 0.32279794361715297 0.3216119238050275 0.3261883777150576 0.3449731685374714 0.3778723705294696 0.36132743913923165 0.38114421468608606 0.3779029566921318 0.41917384800796664 0.42688177160143453 0.37907984826762375 0.39438611837332566 0.43507472596027136 0.44447937872372156 0.4419324933120216 0.40389896324487534
0.23946280166198552 0.27662195970727144 0.3059402682307602 0.32443814368127805 0.3452419290627236 0.3254291721233091 0.3403402569000592 0.3417448992764433 0.33073635922020084 0.324324259746251 0.29179225045624274 0.2922959327765492 0.2951107610422853 0.26006848752513195 0.23247466602365188 0.21921954612339464 0.21850800301638507 0.21920465581322318 0.20612482555640685 0.1925591633462846 0.21447066895368197 0.2317135879471841 0.1991063234162753 0.21292938660858488 0.257581852536254 0.2956053347682998 0.27016093358901316 0.2928758450771276 0.2872683778500241 0.34312970510078733 0.36884296661136245 0.35989540473057735 0.337303513313625 0.3841106304811236 0.41404360585512484 0.412923604032609 0.4142644736164142 0.38149227345046866 0.41133682521569565 0.4042054899657934 0.4282466210176053 0.4021938417138155 0.4249159320822965
0.2545821440901073 0.27234076678041363 0.28134553540137286 0.34116627708195085 0.3104063680856237 0.3310338039639257 0.35438700826894654 0.3458063459517501 0.31475522123254523 0.3281199436902308 0.27269000717114084 0.28863130295004097 0.30336232448495803 0.27340980222213623 0.24540283528370854 0.24906455977364997 0.2330166528966493 0.19716691059905164 0.17981920436835963 0.18479682674642195 0.18472572253995975 0.22781098398258193 0.23276593625550587 0.20047798092883398 0.24733247984127582 0.272794360965167 0.23974496301936335 0.2446540997037349 0.2806512931875147 0.34445396050077143 0.34248053431020425 0.353632455249726 0.3509032002179537 0.34192083856951333 0.3824283077495487 0.4587236239078046 0.4312450229897706 0.37755421030041275 0.42889544223554216 0.43484351859879694 0.4333850428228277 0.41180705711458626 0.39071049537185565
0.23281129007645088 0.2446870695721655 0.2901666399470963 0.28848510822981455 0.3054580522987385 0.31446166537291514 0.32143515468597 0.2772172448732887 0.2798300066133151 0.29598767697298484 0.2680080236977758 0.2714254579254825 0.31541781705122574 0.27534431124808906 0.24641434121349134 0.22081041012687963 0.22186141532823328 0.16901648468045816 0.19328128339637626 0.16342018188833354 0.1916103044799234 0.1774329223011919 0.21096137633404036 0.2089849357380841 0.25676603165634576 0.2537097097487433 0.26917177110314816 0.2566059804600735 0.2783874696556522 0.28726415001308486 0.29206812183240366 0.2925317135794504 0.33772082059987085 0.35067473397215754 0.4207542428419322 0.4429484719670735 0.41179906117001236 0.3986272817041275 0.4300268947870178 0.4424651337901253 0.4111160476285854 0.39916787490535827 0.42082757785450836
0.19369216218696694 0.2583546728315071 0.23346538955493973 0.2193041133590793 0.25290488042113063 0.24447552343950424 0.25152491397323046 0.2650998574621241 0.281891234994064 0.26869719779199497 0.27819943615391457 0.29676641801681164 0.2957519469616851 0.30391999309270507 0.28070410069569823 0.23373582965927814 0.19587018345394155 0.1687164012093312 0.1691305235518505 0.15904038338214174 0.1517747764799089 0.15370445841805233 0.18683180302183625 0.2493386419079499 0.22773461460463876 0.2561640420361889 0.2401471632521228 0.24724351655663585 0.2952905170236792 0.276602810527029 0.266019702824004 0.2742963166890957 0.299130999243533 0.3517591254954744 0.3741471913072958 0.43507462727961665 0.42287831877462606 0.3865123806697303 0.4133964611440374 0.42406179982136577 0.4175306964973262 0.45396341378328997 0.4101035684416446
0.206321477371986 0.23566504318341217 0.19652352742947837 0.1843562580470309 0.22593590349155498 0.21108634867580092 0.21464417329073363 0.21475423252425171 0.25526344303409415 0.2681309901181078 0.29700812003827487 0.3139769876329251 0.3045055932305233 0.3053140133295483 0.27932944412855226 0.23840347558620523 0.17250863516890222 0.13135797079816955 0.1310672791061853 0.12331814415502558 0.16741743986858737 0.16851396480988806 0.21648794041355007 0.21998029100273275 0.24610072267851058 0.23845776730073287 0.2246148936848445 0.2347928269339566 0.2748302579840991 0.2908348800158529 0.27314633717872083 0.2796902193915152 0.2994519818807641 0.3074208348874661 0.3659712499549248 0.37050742115937785 0.3845662302233137 0.41283872677396544 0.3852030208902842 0.41631201922494404 0.4562281188163965 0.43167969775029014 0.4660864860778807
0.21336008389495653 0.19627366860943932 0.19892170355830274 0.19563851504224852 0.21206853399048678 0.20421455829105759 0.19486633665666633 0.20150597630981648 0.2348401577345116 0.24956698590340712 0.2510708739413751 0.29283676882783505 0.2834323103420549 0.30769283579324874 0.24668410973756152 0.20485346498053028 0.2024347885721002 0.14232791035119752 0.155064077942846 0.14384357942571577 0.14553624913806074 0.16673734552202238 0.19350777145922407 0.21017694703325876 0.2514482016543114 0.2609264971529436 0.2265024603847288 0.231769050790355 0.2520567881904644 0.2894453349699581 0.27891690218131077 0.29595374664122925 0.2913588387843751 0.28964306773333726 0.34193874720544765 0.3785537896811538 0.37616369909510433 0.43186274118612056 0.3981434526806474 0.3912254351228223 0.42122994898969424 0.4562363213926327 0.43456687506220415
0.19753230856957704 0.2239687671430041 0.19326935766181555 0.19950773209918374 0.19284574002777044 0.2165237186434961 0.19111553611964477 0.22186079665021535 0.22883193002410734 0.2587171046105964 0.27245207664043 0.3055722706275148 0.3010145869886651 0.30502775921008923 0.26343441439953136 0.20525025013606524 0.20830920919488946 0.17865079758775942 0.15154205036267906 0.14436976667673046 0.14190776087560683 0.1343000045788644 0.20060662375295815 0.21590491301441445 0.24261334974769042 0.24596270049833854 0.25746825106795423 0.23822916917198578 0.296184008040155 0.30968890113641545 0.3419619518342539 0.344531253776172 0.3324044807428167 0.3127212461532696 0.32843607434496425 0.4078536460977416 0.40461935220109263 0.40734799299356805 0.41813748250662874 0.43196122368341955 0.44794253940305767 0.44123696281252683 0.460773320681027
0.19096456930887548 0.20156481571013898 0.19688018807799892 0.2543337717509245 0.23070277047024917 0.18474718850678123 0.2060555666816968 0.19071515122197089 0.2107246984483446 0.25680048048896775 0.29166661186595294 0.2762999914766315 0.29794277241871703 0.27997138472629984 0.2114351751049091 0.1937142150905389 0.19120616053308473 0.2236082544439199 0.20969972238634266 0.19012986559477965 0.15774385995218945 0.13527610552356742 0.15762909770527594 0.20367751065695813 0.186394098167917 0.18529255044293336 0.23014868707832142 0.2510390563418511 0.2920554826652601 0.34088879172702435 0.33376246623280026 0.35779127955560897 0.3509254781139044 0.3167753704237648 0.3484101692449064 0.41642790478616504 0.41131687818001345 0.45206497355919434 0.4535790732038984 0.4253917752686552 0.45953832975979336 0.5024302576968912 0.5069906177029088
0.18210456545739076 0.22495264451781147 0.21919330677489662 0.2514654393896877 0.23921012311019366 0.2299039780097221 0.22259988373058723 0.20495211176445569 0.26502295317761965 0.25746466113898553 0.2628314976340802 0.24485266354940055 0.23490455162686785 0.24198766431463675 0.21708983150797143 0.24149044071588185 0.23495566359911096 0.18330808390549858 0.18768762818753384 0.18510398245584334 0.15778578336442384 0.12833155810283994 0.16569069452038176 0.15060624937422692 0.1598224109563947 0.19490428290929554 0.22511113659515863 0.2846866400082829 0.3229834233428649 0.3491576621821536 0.38539216956519673 0.3809288892412906 0.3468691921447736 0.3361561935596449 0.3584159745156615 0.40682349768426485 0.42256196678004704 0.4405481605974784 0.4944653516729708 0.4977639164520652 0.504532654641236 0.5211452713554073 0.4945954633466694
0.1961525839189268 0.1870808933289857 0.23221190493680005 0.2608326150131674 0.21435321535150928 0.18791184460154084 0.20255455980242815 0.23627396711818374 0.24569586063529456 0.2723516398477943 0.23992395954288004 0.2517287808458845 0.25775498072794056 0.23080650918404116 0.2589859616354852 0.24090151399840382 0.23175822891791079 0.18291168045692155 0.16454912617899708 0.13850445449600932 0.17584556504243798 0.13062107666163228 0.13991239220375284 0.1519932426502575 0.16457427053444015 0.20208958113595482 0.2454011864471323 0.30338416010227204 0.3377405063925742 0.3762991133462204 0.35835763249338637 0.37203008434600165 0.3471788252043865 0.3335324512505571 0.35756463480231626 0.39063077056631534 0.41785507438749614 0.4834461971556613 0.5001793338557113 0.5225840411517175 0.5013643215222189 0.5429745732683434 0.5263447411516732
