Raster_benchmarking/DGGS/continuous/raster-279.asc
NCOLS 100
NROWS 100
XLLCORNER 1743157.8662706567
YLLCORNER 5469285.084893334
CELLSIZE 10
NODATA_VALUE -9999
[rows 57 to 75 of 100, columns 0 to 42 of 100]
0.740064317986424 0.7282172924991344 0.7429999254360188 0.7275850655444509 0.7680717707480982 0.7129648525440712 0.7288876788960447 0.711864016404096 0.7017454317575949 0.6358258266644717 0.6192555707486757 0.5956241882922513 0.6339236911147933 0.6639036927703283 0.6707351511185219 0.6859105217828889 0.7069989462138354 0.7248172526176178 0.6898205658324887 0.6718177503608411 0.6747865900873895 0.6462629351784626 0.6518567739096058 0.633786439495917 0.6822741112866061 0.7011751387652034 0.6671006862642502 0.6497644064846131 0.65521188619169 0.6825243684903824 0.7210461757449259 0.7169985307475966 0.7037950900604569 0.7087845963734598 0.6872102083606135 0.7263820463540662 0.7475821382156919 0.7472518985977807 0.7548464745920194 0.7180611300335662 0.7266111129900514 0.6946503838164115 0.7310685782839442
0.710667414605596 0.7326828879192733 0.749774136128342 0.7630386596704901 0.7193574554335299 0.6993523384973912 0.7136501211242267 0.7103838269675755 0.6732734415195272 0.6758367672634975 0.6314634067559967 0.5865322254289187 0.5994960158906105 0.6192702371528586 0.6662994480256756 0.6999965575664332 0.6916516342557477 0.6469172716292021 0.6855554759252721 0.723986933367071 0.686335535797927 0.6607357838753304 0.6844719514152028 0.6508950406081793 0.654800160157304 0.680653484636131 0.6562594016342643 0.6101662892925439 0.6259629420294581 0.6731305552737615 0.6792599714578107 0.7091763236368235 0.7293735310942926 0.7056175776692164 0.6914435756319923 0.6861344812604948 0.7160221237670252 0.729533582069689 0.7346008729185505 0.7607414427109792 0.757255026237238 0.7379086722512598 0.7250569528702446
0.6967410628100668 0.6992463856043136 0.6836278164938202 0.7385483939745383 0.7162161719405756 0.6909489927264351 0.6681024561158148 0.6705398388549197 0.6411487469194098 0.6253946269309292 0.6059681497338957 0.6001391052202013 0.5993702735825868 0.6197766269002425 0.6311784251106988 0.6725365865798861 0.6245864734191757 0.6208234076282539 0.6623809196769138 0.6812694319672892 0.6632654232393129 0.6728891751963706 0.6649631758019342 0.6546198989552064 0.6470318042556447 0.6236232847447796 0.6298219144997117 0.6730175491311423 0.6575642078717644 0.6976660647455167 0.6748214411400011 0.6881880640654806 0.6878145714142898 0.7074304121102547 0.6857314571951884 0.6722087987441623 0.6950416300768666 0.7064680259445111 0.7246607841598822 0.756861367428589 0.7330328434393085 0.7357817714791178 0.7050272635329892
0.6647747202657655 0.6486963825631961 0.6401395169614058 0.6918443240539563 0.6794810939166818 0.7109986394966169 0.6380804231864087 0.6068698778161168 0.588294187653897 0.5776033450878388 0.5742181283928727 0.620913521110407 0.6247847147489392 0.5881280971714921 0.6189750392984068 0.6290763970267553 0.6170279739509138 0.6123662873742177 0.6000716513326111 0.6346833452620796 0.6336421756089871 0.6645232896225927 0.6301859353335921 0.6599425080553858 0.6142945110343299 0.61696570331822 0.6381579212068023 0.6810227721531172 0.652014592706003 0.7011836704929203 0.690231864749645 0.7035846485713386 0.6900053825864331 0.659849046392452 0.6905206705236904 0.6753242747245345 0.6837575386434798 0.7312344842502659 0.7534629649879137 0.7832745499940214 0.7687326073680916 0.7344091380728979 0.6947391193143724
0.6402449944862807 0.6280822215919957 0.6372557793361084 0.6599723451966099 0.6418641042596532 0.6286367523027735 0.6089512903711974 0.5811511833832439 0.6047556313876813 0.5821456281514177 0.5879730799410968 0.6116763521706107 0.6083018921481639 0.5815877944035399 0.6125219361826547 0.6000833124649346 0.597079394607537 0.578974070904397 0.6056251430923881 0.6154960767052984 0.6494439743489709 0.6207842246010751 0.6423350984948448 0.652407715109187 0.6426000680592726 0.6529134009568001 0.6438754760848482 0.6901374705411609 0.674880981766086 0.6613952881599884 0.6437155132321724 0.6701962656530519 0.6450200598867991 0.678832011447945 0.6610160925786 0.6604280093763031 0.7055671813534871 0.7137511455505421 0.7571977827261471 0.7551330897429399 0.759992326703563 0.7240490343160944 0.6720783130924786
0.6474956984521767 0.6702585013632334 0.6765619455982261 0.6470533287053576 0.614165136701587 0.6037175025414802 0.6081246248842791 0.572184740174448 0.5926526370845328 0.5603836983653251 0.5535416371527624 0.5826845910300391 0.583269645988381 0.5987761673586343 0.5668217960229123 0.5476628934333883 0.5659469564603747 0.5795061951345545 0.6244156712646148 0.6166484099144736 0.6187829581296743 0.6324373881585381 0.5961279737162896 0.6187355084577907 0.6545121771957596 0.614839608231929 0.6454496031653576 0.7108733478674052 0.6619702191666722 0.6376738430240237 0.628444174771323 0.6064139467421342 0.6056534523208001 0.6436515734002862 0.6835058025663575 0.7018011428791527 0.7181224951304667 0.7066073374576981 0.7122050430011364 0.7414760207935467 0.6993858834872833 0.6798212137452073 0.6621555554580909
0.6215805530484523 0.6660109048496937 0.6382582369140979 0.637911223542742 0.6303555342498256 0.5852869394541431 0.6038063512560269 0.5704033519242023 0.570862329127769 0.5964965323864398 0.5688278670681314 0.5743990415624379 0.5635958626801616 0.5835533060460605 0.5468627734273555 0.5243107482808315 0.5453613784332861 0.5905922861968337 0.6027004919486745 0.5948896800498363 0.6084516075171312 0.6138502348490509 0.6045926502984705 0.6296058023149999 0.6322371942418815 0.5976702517640985 0.656250417487748 0.6649263532885008 0.6631739671337674 0.6737666195663717 0.628301104330466 0.6151941823154239 0.6087262894466008 0.6471298522482886 0.6264246491335457 0.626719819335707 0.6549283512442008 0.6794299920300731 0.6802854816451841 0.6972396497511598 0.6590564453568191 0.6483049731232723 0.6506171535162748
0.639171097840398 0.6369074804443376 0.6130703035160732 0.6670054848956393 0.6311539561071059 0.5969868632525622 0.5877113717627416 0.570199710163818 0.572870444295039 0.5849780545547774 0.5887037011845361 0.5778142600054577 0.5900395134659192 0.5371155612031714 0.5416739403004587 0.5419910181676624 0.5573349935707191 0.5962364439047788 0.5686530289519101 0.570711140657309 0.600805622369544 0.5630568324349845 0.5975671954305883 0.5947862308527689 0.6303850868013102 0.5980024340964216 0.6082363017689562 0.6107474330671226 0.6253234177256002 0.6597364931771464 0.6427877166265814 0.6194741269548338 0.59582016705667 0.5973672792792668 0.6253956598532487 0.6209885761618205 0.6195258463948483 0.6678781378064272 0.6639416882830707 0.6504143792092874 0.6312220785593043 0.6224105781594745 0.6348207489074511
0.5865273633541075 0.5771766879226039 0.607803249570557 0.661111624141954 0.6371971023809309 0.6056808226826991 0.6175967462302072 0.5866010634351385 0.5618688291895092 0.5579604864479224 0.5673864086422468 0.5749542329202072 0.5744421889214029 0.5850557581223872 0.5419482681300787 0.5864228335655695 0.5872444020558429 0.5680570028094045 0.6053495715593987 0.5628493568565313 0.5630702690447245 0.6086624456119789 0.5949800226025355 0.6278125873426368 0.5994175539584059 0.5790873989430391 0.5913429216586934 0.5726013311296896 0.6002903889337438 0.5935339835402851 0.6330058285808817 0.5954819107835297 0.5712257597001207 0.5436540558027612 0.5581170951334387 0.5587967780653673 0.5915016967424505 0.6049909476390635 0.6280615309712311 0.6312596769797466 0.579759120906156 0.5733150167232439 0.5946216164674716
0.5560057298492209 0.565152076280999 0.6093173340827222 0.6262368253602759 0.6442217390555963 0.635041314644378 0.6067939447069407 0.5928475501092999 0.5577083837616038 0.5746898092531177 0.5535714396853553 0.5974840220808616 0.5803691812671361 0.6130775650751363 0.5918188474743448 0.5777563362554018 0.5894302750056591 0.5741864101600023 0.6138703886469545 0.5775356638220475 0.5994286122435933 0.6497075073269404 0.6538232519260634 0.6239599653470733 0.6038913589222549 0.6213535424501595 0.6233095683382521 0.5850719525686404 0.5446129870926818 0.5547891758954034 0.556703432048256 0.5834411305236902 0.5739378503677245 0.5192497730163439 0.5321914894690056 0.5760057037130859 0.5679640923342947 0.5695344082133825 0.5688203191596819 0.5566892796532419 0.5609021333602396 0.5883475126875304 0.598872896445845
0.5150530814003428 0.5112840095650206 0.5574253681158841 0.5722758527463937 0.5837969933386282 0.6039656055856379 0.6193514417494743 0.6185483260603312 0.5676264753057025 0.5881050431404645 0.5802978791610288 0.5904476785123781 0.6037978097583389 0.6044286442208568 0.6101485051957946 0.5773958196772191 0.6149195963503249 0.5874538780886569 0.6014999715222371 0.6133458068359577 0.6218640479347848 0.6643034724766265 0.644177198445662 0.5821545302282526 0.5768115871348624 0.5777572364575069 0.5958201229370531 0.5441522421979941 0.5448490316092609 0.5685392379882589 0.5209466844074748 0.5121753771329267 0.5252634665698656 0.5246729698470578 0.49872409559940095 0.510082107107623 0.5482589863760569 0.5562241159460795 0.5635737258674547 0.5297782263756283 0.5253881568050432 0.5507026654082385 0.576070590923445
0.4906719342589624 0.5034418707216965 0.49929344223704525 0.48103268408115607 0.5160465019587037 0.575968724918368 0.5840670499771646 0.5927617220266783 0.6044433357019042 0.5906523989479395 0.5807817395668806 0.6314495810519228 0.6413414969534572 0.6361325548119778 0.6383374526643589 0.6026537210829817 0.5916679070595534 0.602218379856687 0.6048753828415053 0.6284826802529144 0.6555530640846361 0.6507218210046755 0.5905690488609933 0.5768966272089695 0.5656609588482951 0.5877158792078325 0.5491078462670399 0.529931605750103 0.5730331017233893 0.5575337805064763 0.4999695010307628 0.5015748740940809 0.5139490121816029 0.4822078541210758 0.49204363846324695 0.5288449170173031 0.5607875377055079 0.5410510927911863 0.5095770685722266 0.49253758756276517 0.5366344319729682 0.5432625791793632 0.5012825742533182
0.4568176667295413 0.4734604865680274 0.4692063008069004 0.47719153550973004 0.4902958421227428 0.549876075210635 0.5932844965218477 0.6081232448009065 0.5770995234672565 0.5942323716675095 0.605722298190614 0.6232251074902218 0.6491681394327701 0.6549802423932805 0.6486347376693407 0.6359032201448452 0.6428196363365954 0.6222197665750048 0.6678033225001971 0.6375746267149293 0.6252222606747334 0.6089668245351723 0.5644924537326427 0.5460263189501661 0.5842413008883318 0.5738606568126527 0.5756310750638861 0.5730455765244967 0.5531736233354793 0.5355262696291575 0.4851176655916495 0.49937544783912563 0.4610775384015444 0.4470795290639108 0.45505048632643497 0.4923481927124236 0.5129995743575869 0.5404134253025202 0.5173094594455563 0.4793249770561405 0.48944296153120653 0.4648637360160513 0.45633765373059165
0.45775886235237684 0.4619460645107699 0.42324218998915 0.37932200847577324 0.4822681413602066 0.5400397197701148 0.5823936576615998 0.5644982355903478 0.5405565093729459 0.5665104163434826 0.589702823111339 0.5956066867733251 0.6020208625313217 0.6611186162624985 0.6696381004717776 0.685270220097702 0.6893941418035497 0.6568076273150636 0.6866390858919403 0.6925726859284588 0.6399797113814246 0.6135016756562329 0.587591423504883 0.5225985009485656 0.5399444966642821 0.5591353001051895 0.557959161866463 0.5348850082760336 0.5354465190971753 0.4873504026518025 0.4789395001541404 0.47555963375629456 0.44637294714132675 0.4873617881346106 0.4321862414790818 0.41971252942769516 0.4556716688397234 0.488449013840992 0.5205288663769787 0.5208902129449845 0.4892364443047323 0.42653356647562957 0.4147276533842354
0.4153346593044414 0.4552278815647012 0.42616377505090514 0.41061613091598903 0.4258489795924122 0.5026452069819506 0.5483857144524499 0.5578893769745417 0.5153410740354357 0.5230107174955697 0.5202111538431711 0.5495101205871106 0.5798723297417956 0.611569498575557 0.6651460749697441 0.6699916716729298 0.683035662210684 0.6721748875877885 0.6957652247541221 0.658508293347966 0.6407587478898398 0.6073771215790543 0.5351495013112646 0.5520200284175669 0.5653949011178265 0.5708905562402308 0.5093201403497125 0.5055526218552595 0.4801437400124067 0.48469574869662024 0.45351059972418817 0.4712430432980248 0.46511971512787054 0.4830077938303651 0.42943794739285907 0.463375787027256 0.44965976588098583 0.44174040381884633 0.483539898125259 0.47245666534677966 0.45538737873869817 0.41757635320875586 0.4423710371120176
0.42988951265042585 0.40492024946352173 0.41803196445026464 0.41350498494208787 0.41934953713782686 0.46743855749065955 0.5287913400352396 0.5328600889212488 0.4772834492898654 0.4728902814393797 0.5007702234978281 0.5036793056546859 0.5740561878884594 0.5963543641589055 0.6337726076412743 0.6415203185107891 0.64680752835207 0.6991335850171455 0.6729448857239173 0.6250997538428293 0.597589033789459 0.5827466416157484 0.5377127176079693 0.5032002607270377 0.5351971091524672 0.5737594344302933 0.5020968939892306 0.4815303795251089 0.46651171635837607 0.43836568170732754 0.454499794005721 0.3935452589660475 0.43198125175944807 0.44899821938010936 0.4550925477152736 0.44733821419546566 0.4597354595032464 0.4138029732971346 0.4182428187580348 0.44337313333785866 0.40811754893618485 0.39964879050209895 0.3971779143796559
0.41033495579667945 0.4324709673389562 0.3935853277645407 0.39376566064703883 0.4095768880506194 0.4199646965076931 0.45298416364978206 0.4941589132121625 0.46733225638798637 0.48254514806702253 0.5064704916996827 0.5100882022810311 0.5417351119311247 0.5364544636813626 0.5835914893773526 0.6049984536600714 0.6414819222597317 0.6668943625978206 0.6393880390972239 0.624311569242894 0.6113654747659285 0.5934782640425917 0.5288880694988091 0.5194721994261464 0.5479571739493955 0.5700495677381862 0.5055915834486255 0.48961989932959826 0.4520531436464041 0.4420126426370366 0.43093515454411535 0.41904646788355276 0.45363659913773674 0.4269418452168949 0.42305931682549835 0.4428913048372115 0.43629627310858804 0.4630766103916891 0.44332693063556466 0.4112356499142579 0.3855972595352406 0.392648256271265 0.3992988155498588
0.42534875542041495 0.43112857236302093 0.38726434073528665 0.37614082292173284 0.4131267908721418 0.4420639892681551 0.447655252909336 0.4493958002966621 0.4534226500441956 0.4907084152165426 0.5068899024778426 0.45634747770532297 0.4856261856426063 0.49910136603637245 0.5442368141020391 0.6083845509718921 0.6122910402551247 0.6056844530842523 0.6424392475238863 0.6543537913384395 0.606819406308734 0.6043372096602626 0.5521560876357765 0.5200142982552932 0.5367643562243883 0.5490675353075744 0.5076384222819867 0.5251880019095553 0.4489626590783489 0.4584027113552949 0.43111641350006336 0.4018967607285407 0.4527298274457791 0.46454724793205565 0.4572451606263665 0.41959623783619343 0.42520726160313776 0.452794256807824 0.39227324302642724 0.3566875619123494 0.36650591504933966 0.3723247936214396 0.39954335733740953
0.39474860313646865 0.3842284129138276 0.37373732176751684 0.4170520777923162 0.44083457646359264 0.46895416153587904 0.4435861307047052 0.4796777072055634 0.5013362898365694 0.4651343725984902 0.47277579608436754 0.49151531902927154 0.4917926168434504 0.5304690585588875 0.5596261248882695 0.6116632051956898 0.5816490896340208 0.5787803716506138 0.5907758933937529 0.5996576404417593 0.5737467021551177 0.5504134180057749 0.5534602922436903 0.5228528791941014 0.5045471286087923 0.4985690524704745 0.4808364246580699 0.4894646186578339 0.4582523445063333 0.4503099040870159 0.4573563679630086 0.40854346269431974 0.4215704284429107 0.4292061935709899 0.4637176341475798 0.4581211340978173 0.44339208977673145 0.4391189142434488 0.39966092401142767 0.3603138512950194 0.3479075138251777 0.3605819640052698 0.4067902414258993
