Raster_benchmarking/DGGS/continuous/raster-300.asc
NCOLS 100
NROWS 100
XLLCORNER 1743149.2701317538
YLLCORNER 5469285.557204261
CELLSIZE 10
NODATA_VALUE -9999
[rows 0 to 18 of 100, columns 0 to 42 of 100]
0.2108753636927623 0.1950289690436039 0.1980221985360596 0.1575904501852633 0.10658498719229353 0.08333606633957852 0.09866748143641316 0.10017180431856855 0.08600139183818968 0.10907780688054539 0.12738046280094406 0.09355431759574027 0.1290875051125419 0.130106920237051 0.11753325487907496 0.17806866095186738 0.19165268192462748 0.1946993523649775 0.22531414516132553 0.23208416554528297 0.24568215127040308 0.2096976461383253 0.23900645288747477 0.23553356218671187 0.22564105576495852 0.2366848480158369 0.27643095615935537 0.30891510730958205 0.2841836602060127 0.28172552356217234 0.23745151128632713 0.28326791512933136 0.25964874463002513 0.2985166807034073 0.2853103983763169 0.28021291248122543 0.32240614600533246 0.3464941366607751 0.3578269515742232 0.35243468198195615 0.37355388686271274 0.3812385995981637 0.35808709898127583
0.21667682860104565 0.17014480454464245 0.17073941211515772 0.11115282111807845 0.08077284351144101 0.06318240505573113 0.06637565641111155 0.04981842914737298 0.07773524254145038 0.10682625040661878 0.09328120774300454 0.09481477448700096 0.10606862446389803 0.10167644546287471 0.13498012023696743 0.14141315084440978 0.1793681560827567 0.2178882177018583 0.2381814704105247 0.222449194340197 0.2346362842442708 0.19715031778094674 0.1970939873632503 0.21309659245440482 0.2204934597170538 0.2492466248290426 0.2466205605951193 0.28694075287769416 0.2927317661948659 0.2854143375709843 0.2532490659007659 0.2943596244213196 0.2734513548120975 0.26587900409241294 0.26033592983480314 0.2952578053026184 0.3277129224400048 0.31829551167020886 0.36277873456841153 0.3703891509264203 0.35165304776887146 0.38530401100025974 0.3864371782108263
0.22288573524701802 0.17725888890195513 0.1143868841526779 0.13373004792707552 0.09368019259455519 0.07455213469238275 0.04451002922040584 0.04226050357961709 0.05971811141276204 0.06474254135780752 0.1044883069912301 0.06686489048803695 0.07380011590946271 0.10743520642846859 0.1332882045967095 0.15669030602290704 0.18782811258480847 0.2023091415972231 0.18623676390395288 0.20862168989186017 0.17745554713034448 0.15680612539117678 0.16397179886535324 0.17950057506763284 0.16276964175252875 0.20688294051676953 0.22677200982274615 0.2911256454079659 0.27737576262680375 0.28200843868181513 0.2804762888429021 0.2683502081291219 0.2952969916707159 0.27291603085145644 0.2986747050478857 0.3210267821076154 0.32073684244134765 0.31299456996108965 0.34797797530122504 0.376367905117576 0.3739012002826286 0.3581623827149738 0.3549946676285715
0.16977855663692018 0.18453965481213702 0.14003743907969893 0.1266718154677766 0.10889570145238019 0.10556142911416407 0.0773557197595939 0.07516253736301193 0.08500194189964944 0.06406197514662976 0.07866263121524497 0.07537276577232857 0.04531398609232245 0.06921741604504393 0.12866856994322434 0.10907759693709963 0.15112433521405705 0.1525609220869302 0.15102896802214597 0.1563715993770197 0.1262444889826315 0.16294533005981635 0.1795708745467019 0.19491152276525228 0.21214602606366564 0.22264216780798782 0.2489720936805176 0.27127201381154303 0.2772577354594558 0.2846391794526552 0.26185700900310527 0.2683119683510995 0.26783324589660423 0.3059743590938885 0.3249457528640077 0.29941667524215665 0.3082777130052326 0.2960927758274781 0.33776327367105974 0.36910762656300683 0.39757287806439146 0.39942611588679033 0.39868981228250816
0.17845471715989134 0.13559407793866252 0.12408956532155814 0.12159486712763055 0.1319430498244452 0.1065953141805815 0.11432231557174645 0.07985338117786805 0.0787096337462532 0.07103420940056815 0.06629400937720878 0.0583429584562955 0.06130881516707583 0.08179016122261394 0.11121335682006019 0.10845811664779159 0.07242385202813295 0.0986197293622242 0.11992700517152945 0.13164241508595426 0.10581922268335432 0.16262731912887674 0.16777006862653804 0.21186250495623074 0.20084122922076128 0.24851050140823253 0.2627253122129629 0.27210085049478533 0.2544317413529864 0.2357802721548529 0.26294161289023643 0.2644722269275184 0.24816231981947653 0.27241778938627836 0.3071371382314788 0.30859864762454003 0.29986934513198893 0.290075422281058 0.30770597389385834 0.3894458546904676 0.41312729878782745 0.42063180793921373 0.407338960606161
0.18846481436984747 0.15555252796216143 0.12760587056460826 0.15581414168437457 0.13743134358080153 0.1219985455946982 0.10303040390802742 0.08552922370909098 0.0818357229710204 0.05681642513445203 0.06422091972829229 0.031472088634995864 0.035986489405530585 0.042720644746530194 0.053352942533919104 0.07155805753156373 0.05676255620309732 0.0637719133064719 0.09925375189790979 0.08645744018541389 0.12745104830856926 0.16450181308450018 0.18694902124534393 0.19902654732963646 0.23181118475175785 0.22529348403933935 0.20803929545292274 0.23656995442750536 0.23790893594253706 0.21108425540858278 0.20688288132815386 0.20997566807068252 0.2227216894587146 0.2550252290968786 0.28237900358900975 0.2780529653664767 0.29914017109068575 0.2888806951172999 0.3284026144010612 0.3864405516069431 0.41641793064206545 0.44965022338187494 0.43791198266676534
0.19625411050635352 0.19560571994042694 0.17694284464460464 0.1482666793126403 0.16687017937990106 0.1494533729460023 0.13418425382058358 0.11767829313919859 0.10877895486292698 0.025843096786313777 0.002213602334065773 0.013683834570673422 0.0 0.017207368911551703 0.013563765513580676 0.06891437404245049 0.04271950465968489 0.033362641513137996 0.025539363038635642 0.04962641576795964 0.11232239552147355 0.15194415752400542 0.1729745967821743 0.18930349601087926 0.21009049009484843 0.18884940053855312 0.20336032767821732 0.2034208610577937 0.23363735063233382 0.19705061539593208 0.17037633869590063 0.17585552881275077 0.2001470140150291 0.24751046157257728 0.26600961569841725 0.2675738909609689 0.2840761351316425 0.31371910442814477 0.3341030964137553 0.3545633561075075 0.4083805631554598 0.4484725001815364 0.47666813520501644
0.19449928709527017 0.1784613141066497 0.192039151838811 0.1746863399962647 0.16548438883767597 0.16786834263279998 0.15671348887351572 0.13395398737107767 0.08993191215920167 0.03150715032290977 0.05560699046347688 0.05096758277267132 0.05214563798475847 0.011806065588932376 0.014284848763576993 0.04705913052698728 0.010998346423959887 0.025473918350943977 0.05617661095452786 0.07846705241870991 0.13586736910230812 0.16334841403529085 0.19059541592505114 0.18190766243064538 0.2024096610671072 0.22225495607671278 0.19829666790878098 0.20278075675834853 0.24211208572103862 0.2304915528291906 0.19623400945221448 0.21124477972023145 0.23360351468680193 0.25041239309671276 0.24728199782831303 0.24790295331265985 0.2816415711921303 0.29430945937219943 0.30489190865843263 0.31678048384976054 0.36546472557719684 0.3796744074931547 0.41011688062241874
0.1965465790241718 0.19850104819571582 0.223408762475003 0.1833283693099366 0.18252932436845729 0.18532210440477284 0.1559094298933134 0.11634155269736657 0.06389475299473937 0.025189971144329592 0.04228073403278935 0.055808556371151744 0.09677054731471542 0.02794047329451833 0.03994525561454478 0.07011422996135575 0.03273686988220815 0.061824068433949456 0.06709191433984822 0.10363629075128565 0.1453406291470011 0.16151971921459093 0.1399847370714093 0.15546203751181964 0.2223606924321078 0.20809668770563308 0.24973620281239817 0.2009998466084404 0.226215247119196 0.1944998909451098 0.1982324898601107 0.22500634763303962 0.24915409383499457 0.23040818803160226 0.2395244150060398 0.23397831264037708 0.27898236914489216 0.29003765582315316 0.29847947858322815 0.2934308435364989 0.3241460758586818 0.33754122067883824 0.3414025787174365
0.1480493211913101 0.1999686614208134 0.196762716831747 0.16220881684173255 0.14545549870491553 0.1398033460304319 0.154605518735793 0.11065358895350297 0.0676432101748761 0.064741381322954 0.08313455596906397 0.062306109385367646 0.07219016912736054 0.05363014863712986 0.08352314567137159 0.0856361573678081 0.04620817810767638 0.04758064075330217 0.06504824821369973 0.0827319095495919 0.11803204551641022 0.15736515889839647 0.15749396256090192 0.1635541677042236 0.1854896475249729 0.23087848114686083 0.22532131186662308 0.22096917624557402 0.20924154190428407 0.21911072494851308 0.19578473576806013 0.23425121908607133 0.23691190693116204 0.23584432291038765 0.2558931213054865 0.25527415667822356 0.2552116048342335 0.29145034871116177 0.30335059372241846 0.26957420633023854 0.330737639765181 0.3270547666503867 0.30951013565017454
0.13159307472500836 0.16038829329396648 0.1947768310256576 0.16972609703720956 0.1323100791412985 0.11454877195511962 0.15388608481527308 0.09778171011177365 0.09543478958543994 0.07948342747655837 0.10845120333311559 0.10207745205392958 0.07984486496805306 0.07426339188630489 0.090259240844015 0.06332199002437491 0.08733903185192034 0.07804885899599145 0.08994255669876627 0.07634747046969173 0.09804113701236995 0.14091757444643604 0.14261085904671109 0.16683035163746912 0.1672573850402733 0.22195891019538608 0.2003172799586896 0.21938407006324018 0.22759988902908324 0.223217906315934 0.19916542239420512 0.21458620022616218 0.21073943041160512 0.22812701060151405 0.2395743806345468 0.22652059504779426 0.24338168342048713 0.26327007826647525 0.25611917862259737 0.30419277705330555 0.30394096596779924 0.28722367690831674 0.2931637614691885
0.145850941504765 0.12095384105050334 0.1371618536511789 0.1190571513360773 0.11715587581497124 0.13082403917982602 0.14251927175148218 0.135952562309046 0.13361548972350581 0.12552702426238344 0.15797041057880373 0.15531349348105244 0.12605016000456798 0.10070650265350364 0.10503721717991878 0.07908821723577676 0.07367835882061052 0.09662512734250381 0.09375528008804689 0.11570667028991449 0.11289742514189252 0.16595170999285602 0.15670443445112217 0.1705798066956486 0.17405020253165285 0.20820750474103455 0.22805793750546147 0.23466878245111228 0.2534259573384202 0.23439300425055384 0.20222597877412019 0.201501418136639 0.19489626910462945 0.21402083435635247 0.20055676115725388 0.20655658174551275 0.2360250769975971 0.25723143900909023 0.28540727043518876 0.2907577165195725 0.29663410355444647 0.3016254252484302 0.3028352483019934
0.1377850206742547 0.09626829036847197 0.1128224030780864 0.11490344310250544 0.09974143442174947 0.09769473604569379 0.09288726866149984 0.11148980376015291 0.12293844487391878 0.16210710828184954 0.1802877654962091 0.1683205530393578 0.17798938199140313 0.15697567699429918 0.11006907574367507 0.11375464799716538 0.13315178707878947 0.10805553789755346 0.14442218169102136 0.13065983900478811 0.14905272268750241 0.19785122639093813 0.2220953174416976 0.2134480549558887 0.24896122353680983 0.22694596639592843 0.20915846144933983 0.20562115622254903 0.23504261965600765 0.2504033238522394 0.18781408904833533 0.2093106353118562 0.20313444228387145 0.19001845763167755 0.19110982751843722 0.22233351925353856 0.22016109898016473 0.269794743993777 0.2758902537964023 0.27261546365845946 0.26840468840112736 0.28945328865011094 0.2519829242331783
0.13685259190139168 0.11127395119254335 0.09452217716366174 0.0856741829771258 0.06884850393130519 0.09657349729348577 0.11351517112582439 0.14624487659613616 0.18487776941544481 0.19359849880503724 0.20839351009832535 0.18698271152411908 0.20335048290000668 0.1832899298786717 0.18070232441419184 0.1728797743835924 0.15831336626743642 0.15645736085528544 0.17209503359524614 0.13667409288725954 0.15548272978145553 0.17162091024283482 0.18715374710984717 0.24547394790379817 0.233749863247712 0.2783798827258978 0.26179594514383286 0.24457232557133285 0.23866861438451156 0.2408597665240526 0.2553214082094285 0.24603909213413477 0.2297149770440583 0.23244834959528207 0.24101094120755776 0.2189062801040714 0.20341641362956167 0.24345821336307744 0.25278120223280465 0.2801577368625665 0.2960515376613331 0.28219841648161176 0.276950294375962
0.09587518187632701 0.07516710527131872 0.041512826052034435 0.03499480104672685 0.06653496638528764 0.10384507175069624 0.13940204496550157 0.15893700267497982 0.17295836148524513 0.19521798458773895 0.2014721210564149 0.21206132057983582 0.21518757224390458 0.18202579815190253 0.2063057499490377 0.1577194034817705 0.1510890257933388 0.13149004920611934 0.14622187803893513 0.13165183072721728 0.1431113953055562 0.16697603566929548 0.2053077371555651 0.24772011677038094 0.2655865707578853 0.27289176174490193 0.29677880241977317 0.2404761459714738 0.23107231367235279 0.23277812635298717 0.26286062006488625 0.27500157439508605 0.2902465993184887 0.256454170511221 0.24262844572886783 0.25325603160996935 0.21187492158374963 0.25004339039664697 0.26255086580005593 0.25762510416567586 0.267006358123286 0.26611642687529347 0.26765643267658373
0.07746390482927683 0.08115015896607568 0.07861856265608032 0.04409833454014411 0.07429306275991938 0.08550214463589065 0.11384218493059217 0.1638419460758148 0.1904411476758317 0.20933343294699322 0.1993418182259818 0.2157556028184532 0.19040160590413266 0.21607912189885703 0.1945026976051557 0.15814227655185464 0.15828444988747506 0.17538607298478817 0.17156827727310936 0.16478678043954856 0.17690924299764677 0.21240431288989542 0.2349276871643468 0.20926498322025772 0.2619419388125807 0.25324724751547806 0.27738475141810304 0.2585862175679771 0.2818346474002338 0.28804759806135966 0.2922103918745035 0.302063873413789 0.30713027764205186 0.29225599639861155 0.28128684989815067 0.27381146970405035 0.2326556820725255 0.2729700602765731 0.3027484826573271 0.3052953604551874 0.27231199472852907 0.29728149409226273 0.3376799092966382
0.06830899837137865 0.07163496725048096 0.07915164288048944 0.09256427821726985 0.07794823535015336 0.12822665813537815 0.11063346002190697 0.13647058689225458 0.19666311219679433 0.22040779546596098 0.19462432674153962 0.17010881844538953 0.17408768645961087 0.18522655139241198 0.19228630477628378 0.15658688493842418 0.15375524675100227 0.15028301298893562 0.17285406925732708 0.17950938300738195 0.22987632221195695 0.24280675899161272 0.21996657393388497 0.24821404266730326 0.23801400383829718 0.247132690427401 0.24405316054120307 0.29472137079989086 0.29551989353579244 0.32470269177226585 0.33080460343494356 0.29889544510576393 0.3020005913106649 0.33289500394833865 0.33304391307304076 0.3209361981454496 0.2766736777810549 0.2891984002559006 0.26515543335052055 0.3163491477502663 0.3208486393377784 0.31254995682235936 0.3261062022689193
0.1033329854082629 0.07034142379995674 0.08034704852851052 0.10809018790551007 0.1107677156572761 0.14499431103869362 0.1540862474799794 0.17818013479429476 0.2152311391264605 0.18459777800329463 0.18498511861560635 0.1869970982338647 0.1751519590204622 0.16100839642839948 0.16832914990453773 0.20103193968338703 0.20548532924320442 0.19121420671880174 0.19962517268302785 0.20215152851085316 0.2473053555435835 0.2459504811592742 0.23253236595235818 0.2567581220299273 0.22904723779567548 0.24469128635439608 0.24071150912771394 0.3021591191138906 0.3342545961291298 0.34625746233181237 0.3496232307398147 0.3530852996727826 0.35290584700950695 0.35623007097530685 0.3759762555792461 0.3594709291955955 0.3078985082146677 0.3105660594402093 0.32575377026202085 0.30863329241602344 0.3338995719392543 0.37019090871489296 0.3546624007578044
0.10986908334488776 0.12141662665562032 0.10253687306689244 0.12269693093962353 0.1793055858864226 0.1535792632978254 0.19548116716336716 0.20720783500528137 0.1957360706979734 0.1891638604504284 0.20638125257856274 0.20199493065117027 0.16624302599533936 0.1722769410109109 0.19589883789672552 0.20698872378558192 0.19338432459529994 0.2009130269899534 0.21672736974517007 0.19160576655824083 0.20836177932483496 0.22894537292724262 0.22752838462309108 0.2387310023225521 0.24936527302373088 0.24205868226002777 0.2405899304788576 0.26489013829671704 0.33878287324117196 0.35699141180832966 0.36132302820299617 0.3528628497410648 0.34148248058877906 0.36369411299404564 0.40010696418629466 0.38119554149493495 0.38398788499183345 0.37155239302493936 0.3458520602596455 0.37217975252969593 0.35849482492754997 0.3802985066493254 0.3720971659349245
