Raster_benchmarking/DGGS/continuous/raster-188.asc
NCOLS 100
NROWS 100
XLLCORNER 1743162.8187409837
YLLCORNER 5469280.540289386
CELLSIZE 10
NODATA_VALUE -9999
[rows 19 to 37 of 100, columns 0 to 42 of 100]
0.46584432089872274 0.5015926349034857 0.6086636258377783 0.5973402543981281 0.6389788104045047 0.7288775187955094 0.7961057843943881 0.8607915251272094 0.9243839314618152 0.8763101528911352 0.9034352713821321 0.946795364713238 0.9630228710136464 0.9220513220587495 0.9274137758230594 0.8841241295420945 0.8631262135732136 0.8842387718753351 0.9530059202694801 0.9777807203605589 0.8934389101087248 0.8590253932189491 0.8205330032236681 0.8062429109998938 0.8401082221979321 0.8436665712213332 0.8340128679844394 0.7922809218007325 0.8224596394000347 0.7889661451157252 0.8530341939477566 0.8222350145341218 0.8314994588695767 0.8413753011041292 0.8519117037263777 0.8923392187360458 0.8392504241252342 0.8701992601686694 0.9097493618695283 0.8421083556890913 0.8107204603873559 0.8139422660671227 0.7362489043885644
0.4970155691075056 0.5263125225041262 0.5689493724724086 0.6639369858627832 0.7135421076866103 0.7416545214807991 0.802940279081312 0.8582056461863771 0.8910455210521693 0.8798018235064133 0.8721941344116355 0.890116458773907 0.9148729378086932 0.8875440508903758 0.9269495006838363 0.9220603086717531 0.9460811383636473 0.8968046357337586 0.9470021362078596 0.9706818147633258 0.9471676705579314 0.9341430952820163 0.8655419377773935 0.8211568172400835 0.7889604683784622 0.8566171126189165 0.8247345955757557 0.7685746127069589 0.746499500185758 0.7780112914103147 0.773970212606416 0.8408502735721894 0.8659517018181556 0.8688195347287663 0.8824807518680923 0.8613317341035285 0.9073997096608767 0.9182805974100442 0.9059724313338251 0.8748855472755964 0.8641581432834751 0.7614460305642657 0.7118580661178942
0.43825593167774773 0.5391537099620568 0.5915137916946014 0.6112491731156283 0.6947484903743001 0.7461363899781353 0.8651081337797035 0.8884114443741739 0.8928656405151894 0.8700844432548224 0.8499029779474485 0.8655703782409665 0.9090188441877693 0.8591304801960125 0.9081792111076272 0.9032503029222327 0.9510883440423838 0.9777002369899724 0.9520462763383255 1.0 0.9700387242023562 0.9204923812527832 0.9205554019923946 0.8129158974032973 0.7967029833025554 0.8079310021480769 0.8468855782789046 0.7500710928845092 0.698369942902349 0.7067444689294798 0.7329278098704197 0.796243113039629 0.8343837168352314 0.8378568244197282 0.8943900471270559 0.8693945307951323 0.9254700276447626 0.8604408084536045 0.8731918718599733 0.8312753371011171 0.8935901321345611 0.8364085049636261 0.7449895541912888
0.40188058143574085 0.49699575803506485 0.6175679750018618 0.6329816048685345 0.7014160992740888 0.8207326356081698 0.8373595240724001 0.8929808183078333 0.8594447947942802 0.896162700610758 0.8472231722055118 0.8778364744570425 0.902421917384343 0.8823860908889444 0.8923335831770638 0.9146658099997595 0.9223199048364129 0.9521721804420599 0.9938935522413893 0.9804680964005021 0.9234264561598232 0.884452718166241 0.8764073977009015 0.8215841016433587 0.8509611519220267 0.8261334987722843 0.8481956036925373 0.7802567968183958 0.7908262120057259 0.7766247841583876 0.7467183673744837 0.775596052886323 0.855921087977724 0.8404943853649136 0.843004357557775 0.9018211240301993 0.9099260192685346 0.82159115308347 0.8427911248631356 0.8201385774076729 0.8309184467240862 0.8317216336607464 0.7798996773288149
0.4128265621419715 0.47324264141655836 0.5897220122887205 0.6488269059186829 0.7320469707756412 0.7897704210723452 0.8351183282761913 0.8188581961041506 0.8462875806113781 0.8626301079109154 0.8594521424953526 0.878039386698381 0.8539031874627655 0.8579164379175761 0.8514697628789736 0.8663844222245027 0.8674758787370394 0.9322446235805937 0.9520088982882865 0.9181349939385005 0.9536034229143436 0.8983896508812279 0.8358841293185457 0.8646504046421529 0.8814550055806992 0.8305305098008778 0.8549726512392511 0.8075434391620856 0.8513419836033128 0.8330563132850353 0.7603963447321209 0.807329920130429 0.8323984177344419 0.8810321534223875 0.8822006065497356 0.8506570306196394 0.8405379420925277 0.8510924083516752 0.7808503209456399 0.8151976037229028 0.7636198726380146 0.7471980260098496 0.7973414667124983
0.4458530384771301 0.5077347830123629 0.6033295815848329 0.6525150727528891 0.7473806067648292 0.7943369735199165 0.8091994445849869 0.8528790534860159 0.8954937362267986 0.8750433429848947 0.8643999925680925 0.8649252332642001 0.8868888181886526 0.8717504799133311 0.8074366389897353 0.8081809824984 0.905098065932278 0.9277320379568593 0.9518565172954976 0.8926015198697551 0.9010298417330428 0.8381536042479915 0.796448131714226 0.8665292148073935 0.8662075091265151 0.8961940552979688 0.8617832385732349 0.8342241689336284 0.850721735715429 0.8565877043396387 0.8042744648407958 0.8288440460834147 0.8393675004457645 0.8150416277531477 0.846671584658513 0.8312245235799144 0.8006369194489249 0.8361925573276481 0.8213685074621094 0.7587121223223855 0.7124249530224851 0.7245633689810924 0.7677276090447103
0.4017023001135419 0.5005517671924159 0.5783095952217451 0.664045066760599 0.7469461736868254 0.7851601745138731 0.8127089762403662 0.8457576261137751 0.911972112156282 0.8926311213409206 0.85962244337427 0.8198706353844258 0.856282912653874 0.8477053656265385 0.7842466375607702 0.7993362898209715 0.8852633483779665 0.8593320028455355 0.8925568362835669 0.8609067052564793 0.8755021036058243 0.8384172080060204 0.7707740958734591 0.8061157874125195 0.8644247703262805 0.8363535421809906 0.8932067106916934 0.8380614687302784 0.8382922205021314 0.8627282964872828 0.8266383390569937 0.8118827749968556 0.7949317454525483 0.7563241715807748 0.758060588167072 0.7801899128619502 0.8142418931130856 0.8062779005860606 0.7508898471595512 0.7277278229856551 0.7570746817851283 0.7411383937996334 0.7365237572646258
0.4808899055367286 0.4840016285911132 0.5725657288094792 0.677283493316392 0.7046624744141271 0.7525033454650827 0.7714511632651945 0.8568039413507662 0.8430983213488245 0.853166218573361 0.8479930087321221 0.8379333209888368 0.8663770129181168 0.8361583475093785 0.7640113249648949 0.7573744291424427 0.754201859859331 0.819486772947081 0.7867816238672254 0.8050939310214337 0.7792468441500121 0.793981791336493 0.7928524840381286 0.7840405881004435 0.8063752048944779 0.8030658431070999 0.8648538612032719 0.8646965000266902 0.8314213465776968 0.7788118865473753 0.8000493627550433 0.7795309306598034 0.7544599030396901 0.7568754296001492 0.8014318674882821 0.7935816839252319 0.7622556823645078 0.7365437894367227 0.7316057212185968 0.7104136482643915 0.6506168478725061 0.6503010388928018 0.6709602566274203
0.4703275206787278 0.5449615729991558 0.6124080203208103 0.6712563038910424 0.7074219360688571 0.7325698826448195 0.7270121618648497 0.8053511088185817 0.8207541261814283 0.7973889411407244 0.8200923153990264 0.8760018951356554 0.8632111796189395 0.8206089339718177 0.7778474978063862 0.7110812375334133 0.7121090550547179 0.7522515020831868 0.7498002139428103 0.7357984214913318 0.7740412160356347 0.7848087207699781 0.7668083458492186 0.7435951137987361 0.7076418979413732 0.729160633581067 0.7890490943435348 0.7840450278618933 0.8328729450316151 0.8316746004294885 0.7755695752141178 0.7847728056127566 0.8436715017946369 0.7932538003761447 0.7830426569371589 0.8043052190834249 0.745996041659363 0.7370389301467112 0.7240963425762124 0.7091918245150304 0.6412828581676785 0.5793587233212578 0.6225237001654426
0.534486375851765 0.520318866422171 0.5978607190834766 0.6155239829838017 0.7222594594198639 0.7358781112601506 0.7315527547110553 0.7379248539779096 0.7520811905989391 0.7533041976795867 0.832674312178257 0.8265194190213306 0.7769610112474321 0.7833495475876913 0.7376536460716869 0.7484120103271134 0.7533738763073837 0.7344682715232349 0.7463760585739991 0.7719302815473852 0.8362540954159225 0.8303580353040695 0.7626684917962198 0.6941807559972669 0.6554209171968283 0.7214890545401326 0.7796658242471578 0.7706379947950366 0.7742102648221153 0.7842738365084115 0.8280959462826817 0.8065671255123925 0.8116591974745998 0.8213841417155266 0.7780802409432788 0.7707225646027253 0.7023910161485282 0.7086886136229411 0.7253736370457111 0.6723952742576358 0.6521700112255735 0.5622202542373937 0.568375807461435
0.5551062068215927 0.5590963265136535 0.5601614992519648 0.654925597100657 0.7263196894827616 0.7407402120477824 0.6962664930982558 0.7506230441423231 0.729266125539064 0.7204394796127763 0.7858583738917483 0.7900547762560737 0.7789321040952578 0.7950997676095125 0.720614486235158 0.7007680874331036 0.6798946201517674 0.7364192732437784 0.7438164321705593 0.7821438522420119 0.825773581304845 0.8251536582292629 0.806724550043552 0.6800709179673261 0.6352143128600606 0.7180842885727562 0.7190325773383897 0.7749530007178854 0.8104319222339453 0.790197326623521 0.8337374048133591 0.8125848648686207 0.8722367984568253 0.7608598555901579 0.7413254531282145 0.7501608351211961 0.7063489526148696 0.6786675926566395 0.6974501531630473 0.6161591716319895 0.6028484644041169 0.517866720639736 0.507611691675429
0.49871486021302947 0.5124716479124121 0.6018796266579586 0.6568917118634089 0.7016206547652052 0.7272349345977974 0.6760829931419868 0.6803607455529233 0.7460143053589661 0.7491634781578541 0.7688956231886294 0.7390486446623106 0.7583927007396681 0.7812446190064581 0.7315605686111234 0.6869555613934859 0.7399224463307824 0.723161403983752 0.7447852151945172 0.7559736204405593 0.7945456926320403 0.8007169189371524 0.7590930652722435 0.7008294496739087 0.7033633871726911 0.7231894498781182 0.7418264984590475 0.7576642651137498 0.7942246570930628 0.754024404508763 0.7537972346162739 0.8190446087533393 0.828844475408782 0.7646484271920154 0.7400236529197228 0.7324204742999002 0.7339927292309087 0.6925500888497054 0.7181592801349895 0.6260130420819585 0.6005487966537331 0.5323797035507327 0.5088186515910125
0.4578777239250544 0.4573932090157784 0.5441744244731491 0.5828663333145621 0.6776238528270464 0.6762332946807152 0.7068145180085809 0.6651821162854862 0.7218508268359329 0.7080213508906837 0.7582887920409246 0.7345576547359777 0.7870725934984661 0.751643558475935 0.6806276705155657 0.6748262565760829 0.7871897692030791 0.7690411985868891 0.7900532543573253 0.7809987739869073 0.7357647648263356 0.7857461009668761 0.8169525396581243 0.7627223328862139 0.6988802202750373 0.7088441732225845 0.7597585951547099 0.7905533492896127 0.7387310737612939 0.762082486671294 0.7657973981359653 0.7749758554015296 0.7906101447230025 0.7464680955236904 0.7981798281245481 0.7865127878989794 0.6981447508500535 0.6864606918974022 0.6990214801525004 0.6290163449154376 0.6121642968583076 0.5293847208538875 0.528052975470702
0.4166118388678404 0.44382697388856623 0.5039562581746948 0.5417105845967652 0.5826716614804223 0.5992932161473905 0.6700760966374052 0.6740024919329294 0.6887283183273886 0.6753057897093265 0.7000017733756015 0.7421653300764065 0.755065615283622 0.7334666813318621 0.7265658242675213 0.6856410877423497 0.7675591427537971 0.8064581108107939 0.769348270731477 0.7626706738570417 0.7420803590802515 0.721524858966213 0.7998492460458088 0.7920389086574081 0.7884439618212606 0.7570108568148372 0.75392179754306 0.8031416536211975 0.8018245966073653 0.7776802017961197 0.8023287601765963 0.7831373203905547 0.7977650764658292 0.7733427025244566 0.7572543076818302 0.7678627615091067 0.7595930650088834 0.6897749124021831 0.6817718855868758 0.6375908613522522 0.5794737434198854 0.5759229758909591 0.5101004018995208
0.38311005269545895 0.45883525004467046 0.5417729203155244 0.5760146601519166 0.5382599746293659 0.5847097069092351 0.624461279501822 0.6058679353458913 0.6125824733622602 0.681172147936437 0.6525703460270682 0.6666295782776198 0.6749819619348174 0.6726212140879556 0.6528716467634468 0.7495629631745971 0.7786462880026983 0.7509812032155714 0.749879104121904 0.7722717626804262 0.7199852995009062 0.7078771121075893 0.7464447934750591 0.8099090243239271 0.8196455764150242 0.8323766379174393 0.8127567607485329 0.8356526116744398 0.8277038835027529 0.8023090497765946 0.8310537896417115 0.7573424517180223 0.7600277748425128 0.7813888983783619 0.8112645992739128 0.7763183588701946 0.768161079413919 0.7173247231752047 0.6741354799071395 0.6213116372057893 0.5783325086454499 0.5927278897131504 0.5584772892947871
0.410359676868541 0.47778791618217636 0.5112964873655149 0.5720069577403429 0.6071172258526276 0.5804877362858278 0.6413684755873288 0.6563930089153801 0.6643355481662032 0.6462811715183947 0.6609156051619419 0.707730856035492 0.6983988430809522 0.6717072418991228 0.6822446120083204 0.7316095333648794 0.7107478803491308 0.735305331218622 0.7686336326738906 0.7814311227762013 0.7200039975321785 0.7782945449816537 0.8199779950324589 0.8135374923837476 0.8017337976234103 0.8457718643000539 0.8205295962755491 0.8096472936241592 0.8092625258231813 0.817466019277077 0.8002262833410421 0.7714976111447599 0.7779471466411989 0.7347571172881637 0.7607370143299323 0.7411345602320617 0.6957774151751994 0.6897404211993915 0.6610192175920896 0.6289021203409335 0.5793515055745035 0.5291176811507081 0.4991541298178322
0.4222235727495666 0.497486061090872 0.46799978274936826 0.5652431964562904 0.5887149720506499 0.6333798026534723 0.6566269164780518 0.6424075499488471 0.6586186456091182 0.6421696979612296 0.6837254445111738 0.6967313443949924 0.7420545846708909 0.7451550539973638 0.731661235757721 0.7359720274977329 0.6966450593748934 0.7180920178854722 0.7473451471688836 0.7300652055570435 0.7494175348234773 0.7921170048129799 0.8381617270219414 0.8721072322383883 0.858325016795898 0.8207111345144517 0.7960847237513201 0.830253228680124 0.7883072208130075 0.7861422020191674 0.7423037645710604 0.7398523828344243 0.7038369165156205 0.710726137031387 0.7666887096390318 0.7516124507998 0.6755958257621477 0.6960118223097798 0.659986071670185 0.623110449161773 0.5856104183278733 0.5508623200116644 0.4391636054622567
0.42449569914774865 0.5109154772363315 0.525398164509786 0.5248849750096973 0.6021325502447754 0.6390342419191226 0.6773227751919512 0.6527735566827996 0.6080772601172348 0.6520341202438737 0.6559012988181562 0.7023325033025952 0.7445639334364504 0.7274136368590594 0.7404243930964631 0.7272559302884795 0.7302153015975803 0.7471284793868924 0.7238667304763828 0.7859317616763335 0.8286092310582199 0.8463583330909181 0.8575529181364456 0.8304591742522671 0.8503371456371768 0.8620098552095933 0.8369029073380947 0.771278559851436 0.7412686930089651 0.7690904271055304 0.7737698174332012 0.7735391404005337 0.7623615636231257 0.7204983853768334 0.6886157003722477 0.7339102787543271 0.6998583306608113 0.6934751322413628 0.6348428426302521 0.5986330320165213 0.5385931515086291 0.4971927300861069 0.4564072536328261
0.4501199748369195 0.5193728102126803 0.5740732040067847 0.5772395015363283 0.5945113332071154 0.6518495106182773 0.6830570523697045 0.6300487260304276 0.6175165927041579 0.6990301036130876 0.744205839951117 0.7380637613121693 0.7454401514870764 0.7471011934650744 0.7236809777120812 0.752334716254158 0.7275329217348686 0.7483202086496932 0.7233762972495911 0.8126733139965616 0.8910773300121992 0.8305936172342352 0.8080336323348429 0.8555458795878089 0.9064295345338638 0.8893900225384819 0.8019534640203819 0.8143567826630164 0.7831488741122204 0.7818290730123009 0.7060785470754005 0.7224765888092046 0.7962497949122063 0.7532422352529486 0.6920458148482034 0.7252582987426617 0.7060324340620577 0.6659647696594435 0.598891732279712 0.6008976819608414 0.5208558458451643 0.4728837201039233 0.476166715408406
