Raster_benchmarking/DGGS/continuous/raster-133.asc
NCOLS 100
NROWS 100
XLLCORNER 1743157.8752793563
YLLCORNER 5469295.733889674
CELLSIZE 10
NODATA_VALUE -9999
[rows 76 to 94 of 100, columns 0 to 42 of 100]
0.7001598103406264 0.7001486803295291 0.7477429651172884 0.758574447716698 0.7764315868182435 0.7375483655220904 0.7197039712730977 0.7275562172465109 0.6852066955529101 0.6970983483507488 0.6763857600779849 0.6964549794905492 0.6923262929269517 0.6835496178748668 0.6751646814149648 0.6784928370645376 0.6630638996078027 0.625546397251814 0.6666656755322975 0.6849082184062861 0.6742753105782935 0.6887935786376518 0.7104251929947155 0.660589727629281 0.6636609435874556 0.6247766486172107 0.6153554892779916 0.5934023214150773 0.6051146123621062 0.6208890344309806 0.6307034503061296 0.6574865054489636 0.6360890605337775 0.6128701125416488 0.6307608313917202 0.6196036788389199 0.625612844112643 0.6311960799160784 0.6218271736760411 0.6241262227013397 0.6433120887093745 0.6223386439837526 0.6562116435688263
0.7412906281802821 0.7124202059891993 0.7725217227292779 0.7709779619961707 0.7943348771123786 0.7782441121949358 0.7160872175874387 0.7264974249885593 0.7298611702114303 0.7058566297272387 0.6890839627360513 0.7171327472219413 0.7002258005884309 0.6312272477765455 0.6757071580270639 0.6903776099279525 0.6895105979754483 0.6345242820758339 0.6923938178776695 0.7128597293280603 0.6810531419861974 0.7169851421579387 0.6958945066933746 0.6579416552827052 0.6592687038784056 0.6157876225111333 0.652361665540717 0.6324666238104847 0.6626138111721576 0.6568985489965835 0.649618038777258 0.6373393057339672 0.6720975988152834 0.6684189431061021 0.6559239311261298 0.6447976127815933 0.6474505956449247 0.6528094658573242 0.660319756401545 0.6644641843908153 0.6672261513472999 0.6265520323679741 0.6194289798932348
0.7412684282168547 0.7381686551770372 0.7668696675881688 0.7507308929647121 0.7603928817676802 0.7481147559096438 0.7251477848140901 0.7389306430194174 0.735125609026514 0.7305274518506852 0.7137372017543866 0.7184765102308991 0.686440843430768 0.6745999352364135 0.6946299951865694 0.6975159307350067 0.6900863689132413 0.6826903319816515 0.6691315920547288 0.6956485525137497 0.7132932871954474 0.699723576533247 0.693285405209356 0.6673498885928102 0.6737391176389679 0.6710782808591128 0.652580099025403 0.6287600059488163 0.676398781351933 0.702293798793488 0.68714727915646 0.6629103613394922 0.6973418405812386 0.6950087517446072 0.6696556167025393 0.6819116236834213 0.6913809097002762 0.6767231418372672 0.6432769507200726 0.6282203505117095 0.6430429558243146 0.6032804797711794 0.6024590870153729
0.7532094005382989 0.7151056947420426 0.754246793530615 0.787662953564702 0.7798637860274864 0.7496720099508852 0.7291681659112808 0.7399797561283761 0.7479134938567489 0.7212252265035017 0.7176147373019368 0.6980686902747246 0.6976521711027002 0.7200333202035657 0.7136251761116319 0.71938674861438 0.7215279799317272 0.7026585836420238 0.6986129108901533 0.707281255683076 0.7458757009741098 0.7249841813532424 0.7364242557380373 0.7064068707287332 0.6946192084140644 0.6902466947173334 0.6736651001931834 0.6444779272462096 0.6602879747249778 0.7010895036436211 0.6956163562728801 0.7090671921866436 0.7034732198628268 0.7036665225220717 0.6970633167989813 0.6889111953938722 0.6798454817769147 0.6962908984465641 0.6828267432781647 0.6235922022164366 0.6131648127525027 0.6003856349842532 0.6070119729084402
0.75011356607764 0.7496112151485954 0.7893680890229648 0.7998305991374584 0.7926634931453874 0.801596602309852 0.7680404406764016 0.7529128352928232 0.7496735192889813 0.732499694564858 0.7065679564600379 0.6877046819155213 0.6836675477577905 0.7082998462510389 0.7298610849673316 0.7333850701877823 0.7439243273517299 0.7460151710611859 0.705816340656777 0.7074061324314536 0.7536010781109542 0.7700452189288749 0.7720763669996862 0.7512880900268737 0.7222384103693986 0.6869658207592683 0.7118121886171046 0.7050668995519874 0.6856973827624033 0.7156121779185131 0.6876888400321451 0.718666822149877 0.7105331785268353 0.7451590114487555 0.7364539743107649 0.7095272895471271 0.7238208037869033 0.6845716773939164 0.6893775840653135 0.6729294320655438 0.6705269032354287 0.6583292647395241 0.6440143816122783
0.7197488118206362 0.7569105225600062 0.7892081191479785 0.807536119531771 0.8239600778715678 0.8284172753571063 0.8104318587737671 0.7753309639308561 0.7285007864944137 0.7077016433993661 0.7276390730408514 0.7012659219073271 0.6927380246852745 0.7074820969159429 0.7289679383998408 0.7884635302040187 0.7734854858313484 0.7576920621168067 0.7591369927744495 0.7382204260527601 0.7447996886271043 0.7963098925053197 0.7700070733431661 0.7684294778167281 0.7473355374604245 0.6931667400630642 0.7158794237402542 0.7401426480979318 0.7193976711720625 0.7210525288689378 0.7024257745530319 0.7021413046083663 0.7315367244129029 0.7467521918830646 0.7365599075681162 0.7299590131824196 0.7356783043833259 0.7118260112578513 0.693069816326624 0.708597563065885 0.6661134308733055 0.6582952217297889 0.6867763419861496
0.720839941629173 0.7545181012567141 0.7853975606551484 0.8083572979117369 0.7977929447686468 0.798945098095521 0.8085195673617643 0.8031417121289633 0.7625188245025287 0.7328352795238938 0.7143500109277682 0.7579155247445074 0.761762553775531 0.7744835126992139 0.783107061066584 0.809027415148217 0.8029671838583923 0.8053601372217155 0.8017053457291468 0.7768276537214498 0.7775608822535713 0.7834715065643891 0.7899861045498189 0.7920670876641569 0.7581921680026509 0.7717239375999876 0.7747820087720301 0.795771362105792 0.762202539282487 0.7577942264222993 0.7345855190852195 0.6969251304673639 0.7008283928157936 0.7297672097819089 0.7340365206460043 0.7208677357533123 0.7361035263788827 0.7074996108204069 0.6987479642284354 0.6764741090154575 0.6957658410785715 0.6850433297505755 0.6972288601522819
0.7552057114513369 0.739416803047841 0.8005379315229468 0.8104173891272227 0.7996195502977612 0.8157105596537816 0.7912045003945152 0.7851032999576153 0.7708286825328597 0.7529256563777198 0.7710497346298086 0.7604635584788167 0.8132819264301862 0.8144726600548524 0.8361921580303298 0.827877955457651 0.8366049697446052 0.8394942604667854 0.8164012691462111 0.8445001111865232 0.812709474412487 0.7947870910665931 0.815708171615308 0.8039584433330759 0.82368369087479 0.8246474860120864 0.8117537788345623 0.816983929674069 0.7941120972707233 0.7936752108016492 0.7614758804734376 0.7220590713988403 0.7191333286965497 0.69745327685629 0.7109540568561797 0.7119447237812755 0.7010265659074587 0.7165642501164473 0.7268850829252897 0.6831550158432282 0.7260154710516963 0.7188607024770884 0.7229477597906285
0.7482992845286335 0.7625227099707504 0.7870455286618511 0.8256415868682856 0.8388876686210938 0.8492178949789908 0.8176789451226337 0.8380812389014376 0.7907770400804925 0.7818730654581781 0.7845756948494889 0.7983781859929718 0.8290695806801229 0.818750045522623 0.8524181510266529 0.8489226248095991 0.8656752773420532 0.848882300155743 0.8709704655813895 0.85707282011332 0.8020668051971416 0.8202931900313919 0.8127219451953589 0.851831793412475 0.8605498659796096 0.8519625178441212 0.8191647798271176 0.8359521440070639 0.8196916645347554 0.780935631663985 0.7497431738898723 0.733900028052748 0.7057526473756675 0.7397116225581736 0.7588475652842931 0.7284840858524214 0.7326968018684265 0.7336269969673063 0.7406928931822501 0.7205121236207142 0.7264377347820162 0.740550640704931 0.717381379100726
0.7703156706927746 0.7869513906920031 0.7817710985272937 0.8512324427454359 0.8591753974517373 0.8796788921940019 0.8455388836858763 0.8682443927186101 0.8470211316244902 0.8450181558642496 0.8324187720806523 0.8019785859140649 0.8196920081447392 0.8571992976532402 0.862788707594523 0.8579919756576783 0.8618933582396463 0.8812842962079526 0.8667737468986826 0.8376777249517791 0.8244647087968681 0.8046170040893776 0.8144200871191755 0.8634725185439508 0.8743324858389295 0.8653127088552719 0.8394230157399197 0.8291812233374873 0.828261474627026 0.8298882828499654 0.7609975006576507 0.7340433767600836 0.7358986277029493 0.7424375401468791 0.7565083070428343 0.7913719240963666 0.7500658025170702 0.7611446976433364 0.7685337964056898 0.7203361318147303 0.7352918100783388 0.7378024713436981 0.7544296969477404
0.7698770349869724 0.7854004292088711 0.7887214229026364 0.8190005835142652 0.8265681005610893 0.8276739527255221 0.8644341259182464 0.8264873790937848 0.8236228538876127 0.8096732491641367 0.8198502870016661 0.830346774366055 0.8159737864054376 0.8653041721941449 0.8682035375093322 0.857334862510008 0.8472941618047634 0.8514606276888766 0.8295225718528665 0.8145601890287749 0.7905734686406546 0.830401405729593 0.8428776569741109 0.8551299287626218 0.8464481732851822 0.8639118832462735 0.840832486681455 0.8158947113292248 0.8027910980332845 0.8005163742567992 0.7742692201431501 0.7505647582142146 0.7363698908354726 0.7474502798886103 0.7683524110514232 0.7804823987606033 0.7899556810947399 0.8100449165196609 0.7950872883799401 0.7639855385854161 0.7737347490886631 0.7584561310355816 0.7732711762124803
0.7527808412953734 0.7767178717550666 0.7757802623895517 0.8038649037145715 0.7951202322729983 0.8284696091739284 0.8430083313880203 0.8335961247427771 0.8271367457696277 0.8080045923347576 0.821733679259099 0.8106275673596086 0.8264930796750918 0.8428457945792124 0.8358653255583263 0.8341869519330615 0.8318541094832703 0.8528242423274469 0.8199359265748691 0.7796337490222885 0.8087118871817471 0.812588766595809 0.812534141460734 0.8347647910570807 0.8181557895731691 0.8343079766661289 0.8422936078894007 0.8297716133450286 0.8242441619066336 0.788758136159892 0.8009235884649152 0.7907164238641406 0.7471845239639759 0.7460730436066951 0.7663994002736138 0.8142558110885303 0.8214117685596024 0.8326127433014394 0.8123203587353897 0.8472209595455272 0.8093317974059903 0.7820370835439777 0.7940396706759407
0.7681026276441894 0.7911149109655615 0.7688154636785699 0.8060700374175023 0.8058891867139683 0.8291475280951837 0.8077415376632402 0.8494171711609625 0.8521191362924659 0.8364553312299602 0.824050003667325 0.8490609170724046 0.8192059672497748 0.8184301563392573 0.8115171802091781 0.7967863397343012 0.811496163522222 0.7932414030767575 0.8100398059492235 0.7826197667855241 0.7818072005010814 0.7885871844593686 0.8256025567242137 0.8431861693420437 0.8000054557557678 0.8132450789394596 0.8168835946562749 0.8134992242895528 0.8012528663207943 0.8007300424490853 0.7657458104142435 0.7473160832317138 0.7389640451699365 0.7380649929784264 0.7942295918691605 0.8123853671181703 0.815874759692822 0.8561516280452666 0.8404918348546374 0.8536932913255111 0.866377597058524 0.8600845482205769 0.8443887898991069
0.7536930188580827 0.7678907019600764 0.790159384714635 0.8198553671173636 0.8257942422422967 0.8336900455268144 0.8102505934186857 0.8112468139568797 0.8318259427751443 0.8679965803723232 0.842514127957896 0.862135708109205 0.8294326576072107 0.8000436946546796 0.8041629371970234 0.7627221707278711 0.7926668969972634 0.7660971544965572 0.7847976620593505 0.7611057717791353 0.8037344344513104 0.818967316770726 0.8316764030580479 0.8335052568332716 0.8293581575755763 0.7892730405357344 0.8098849057336834 0.785418785462724 0.7763731040913385 0.7591084034884348 0.7464432300125912 0.7489014791016632 0.7725595702686654 0.753539680103894 0.7789144439361358 0.7842875995175047 0.8104594158609043 0.8661974900889535 0.8523704479875285 0.8749502084592005 0.9028171109834431 0.8903916309650675 0.9126446828128135
0.7230682134479506 0.7450814261273038 0.7366490412903962 0.7783770745883178 0.8214147358674724 0.8068725655425723 0.8258646774450614 0.8233679556473706 0.8283948080053656 0.8517734741830983 0.8518093971812255 0.840216635872046 0.8031543297687983 0.7969739371865787 0.7780647106907322 0.745618284248212 0.765265905870601 0.7844498511128988 0.7842228867070008 0.7627646905981019 0.7893157750881004 0.8059655746066287 0.8019038267142496 0.8272161926476838 0.8095577158823755 0.8281520149584445 0.8016120403377182 0.7780445774543489 0.7589221508074266 0.7493083510983025 0.7486931845909794 0.7514044537503503 0.7668213273858596 0.7561195260817345 0.8040359335633223 0.8348636470932504 0.8411423455000132 0.8758947556457553 0.878007649515826 0.8958010453820795 0.8896779914965014 0.9009753211782168 0.9183052424383517
0.6747974743288128 0.7207338334759583 0.7215543556547365 0.7293423013694764 0.7930750185156008 0.8279029668445205 0.8278265195488951 0.8647022393769449 0.8419504308768511 0.8485033931673049 0.8671260299677837 0.8365334059327307 0.7989374422611178 0.7569533168491379 0.7620904570922327 0.7457581855484287 0.7648469013162854 0.7663426307281962 0.7939143193473721 0.8077447645727499 0.814531946350566 0.8004528335421979 0.8035044672538084 0.7791502806663265 0.8051929942380672 0.8177883653140364 0.8264182751536029 0.808546741310557 0.7637970943238068 0.7746441145211135 0.7645536233347429 0.7468718340263353 0.7783154134668235 0.779000563365597 0.8143861834688719 0.8285764172120031 0.8446301451706977 0.8655611211253977 0.8981367090135455 0.8921894676129974 0.9247141472987112 0.9356068322775405 0.903236328545299
0.6569186302047935 0.6780728624248974 0.7135434926163992 0.7288995301106761 0.7409568438791364 0.7665299943126233 0.8165391587524137 0.8472330213110352 0.8415266200651155 0.8628230719038833 0.8402709405925233 0.8372692388680746 0.8107437301607765 0.7716271408379608 0.7605749710649464 0.7406768648326942 0.7467811213518489 0.7406677276022611 0.781053806355125 0.8003923968329723 0.8012705996136507 0.778472278981483 0.7661625857127988 0.7857609704353608 0.8212714713065568 0.7946724902545662 0.7860426991348097 0.7957807794874359 0.7802930124124591 0.747669763278989 0.773985053737522 0.754870560180635 0.7893409597872483 0.7948673718168676 0.8198353712079167 0.8188201308221729 0.8475597440701452 0.8712962762397811 0.891428343441399 0.8956855801601792 0.9160857582595415 0.9064930214145758 0.9140297136832743
0.6402987658375824 0.6720896631675858 0.6912634639531624 0.7107673256494561 0.7387540107168385 0.7335237679878089 0.7865369409365899 0.8399913307525658 0.8631688813315562 0.8809052632942022 0.8325409640983598 0.8385144614884851 0.7967803717377461 0.73927648363774 0.7701378636538646 0.7517420481503859 0.7286034744721294 0.7481680094252808 0.7588071630228572 0.796846477712675 0.761441575556566 0.7758395295283342 0.7775467775919255 0.774537047948691 0.7934934928064397 0.8309813843050261 0.7722733110313774 0.7736762530836017 0.789030553893944 0.7500374818103979 0.7430193604067389 0.7459477439858503 0.7867885366661627 0.807625105156456 0.808740987931788 0.8347400999410064 0.8586791178660848 0.861859766784884 0.889177068008069 0.8749449773739458 0.9275270507398597 0.9251786717181604 0.93755649507289
0.6416146110595778 0.6565922433869844 0.680643749794739 0.7027641626030479 0.6847149190208822 0.7195232603509494 0.7584972651678845 0.8296227190683634 0.823074458426352 0.8548049802866998 0.839772275979812 0.8207821390776661 0.7682330096321317 0.7571706388910406 0.7832939573824473 0.7421083615813833 0.7341725738877195 0.7246833320643707 0.7333894757096715 0.7704150806498594 0.7503802258067114 0.7749207886773043 0.7554562677061855 0.755997321467157 0.8053177882023368 0.7995448539889284 0.7691642001224863 0.7634226385190919 0.7687626319262487 0.7499368022196286 0.7380860916583478 0.7317709929750942 0.773281572314774 0.8128165016731292 0.8277227913797359 0.8098377568801405 0.8348717425671955 0.8522954088948366 0.8823898789151121 0.8801714116219725 0.9140220503445665 0.9215384492151739 0.9243467458712454
