Raster_benchmarking/DGGS/continuous/raster-162.asc
NCOLS 100
NROWS 100
XLLCORNER 1743160.8236235208
YLLCORNER 5469283.380852181
CELLSIZE 10
NODATA_VALUE -9999
[rows 19 to 37 of 100, columns 43 to 85 of 100]
0.4997665655677526 0.5084228779438336 0.5280090806557789 0.5234462512879813 0.499227630792977 0.484277074370633 0.49701527548844326 0.5431823958593741 0.5011572912296182 0.5268482027971968 0.5469513114355252 0.5488432985931578 0.5288157738868424 0.5227484708655419 0.5279638298780446 0.481397136235442 0.4626645505981541 0.49912634675429085 0.5415192194426344 0.5170912885744071 0.5540911006480371 0.5799133136565119 0.5616645179694117 0.5817541672698378 0.5926393351329041 0.5579427043003197 0.5440679410337603 0.5402456052454917 0.5764996934456703 0.5798292229026497 0.5493881568967852 0.5527168966331995 0.545105765746637 0.5594215800577446 0.5595092440672865 0.5980579109470114 0.6239363537212885 0.6176336172313014 0.6199438936561834 0.6071165610050522 0.6046661005424169 0.6188538432645789 0.5862792622964618
0.5262734183125674 0.5243849180511915 0.5660075934060405 0.5672574081165661 0.5222002158315308 0.5307694525367898 0.5223952484967644 0.5594194241559494 0.5491916463523251 0.5957132737318035 0.5733912383847869 0.5924265427052675 0.5457955313342233 0.5254491540005297 0.5475517355489469 0.48268329081278677 0.4822969824163331 0.5012941940041628 0.5162133244015098 0.5273233157270568 0.5752843135094703 0.5738857253548673 0.5703458126469424 0.5776978888495742 0.5980498285375293 0.5748467090534534 0.5495238536817508 0.5755722977798368 0.5511319964500819 0.5400015111642238 0.5211178786396945 0.5318902418740881 0.5804577724757147 0.5575862983078499 0.5623971436942572 0.5784091295739058 0.6157508873957219 0.6074826786451092 0.5854617494475027 0.5653973487367032 0.5844493432324355 0.6003370684674726 0.5951424646102439
0.6082696005587658 0.5929042965470499 0.5771779112702371 0.5513128562643942 0.5850929697731635 0.5769345645787217 0.6174545093440371 0.6114850592301194 0.6334450932967376 0.626425711197172 0.5921850051940103 0.5919976944905947 0.5942511005382677 0.5617010737972161 0.5458170189626491 0.5104505039682051 0.5160901108527014 0.5331332855794692 0.5607901310961345 0.5615713194290892 0.5707526154809903 0.6049439077780474 0.6405857592284263 0.6519922100247786 0.6497035210815935 0.6231753279112187 0.5956607764977551 0.5678647992081141 0.5805884696804134 0.5263174301052017 0.5345849035065952 0.5331239574508996 0.5436905154814378 0.5479196098768367 0.5391284636836035 0.5376345915188896 0.588142883636729 0.5806464943020628 0.568430522295167 0.5793202868010543 0.5618606308387186 0.5771081084641552 0.5863805744129829
0.6231842903200455 0.5798763478540342 0.6085673694977373 0.5924069161225095 0.6060004399871172 0.6183855272149221 0.6601146295795987 0.6162564225383839 0.6588867636265215 0.6467052276702334 0.6300132796802872 0.6022681911244362 0.6130819263866464 0.5892581846490464 0.5346331412281286 0.544379533265111 0.54458668733041 0.5503267298220064 0.5560550096117451 0.5579708984849833 0.5862936025202026 0.6528959582855651 0.6622061141101095 0.6898724730648286 0.7024808024220832 0.6372667891239785 0.6698439347415029 0.5827133866570713 0.5928431716495159 0.5522050499899918 0.49964707913371614 0.5177428836689502 0.51467676483954 0.5230905523584132 0.5276720321279136 0.5653849227018017 0.5555005724037573 0.5528492090179755 0.555966182331764 0.5493590741009199 0.5231834593182303 0.5285882621901715 0.5471241235065716
0.5978698871735396 0.6007443093020473 0.6144095500439664 0.5960996910929267 0.6116942469020553 0.6165919890108902 0.6230439083327051 0.6120511809824609 0.6720128472415304 0.6492996440428506 0.6310023235897492 0.6353646747351601 0.5762638823932326 0.5821073278863425 0.5768422846213836 0.5427532813391868 0.5353023191022497 0.5795751183450403 0.571295957696276 0.6081669443141118 0.6503373192841074 0.6715114046720186 0.6709725772626011 0.7102064892404631 0.6854898201123739 0.6550027903732375 0.6392891220489023 0.5889682014862033 0.5704976276630515 0.5348123173739677 0.4967442175570177 0.489845200660733 0.50373048411811 0.5420808990599096 0.5019928516122036 0.5297970750833548 0.5222193881641823 0.5395386553259996 0.516816574937578 0.5150519346400835 0.5442306370985275 0.5173434050920392 0.5162921272499857
0.611627726569779 0.6013774819238802 0.5864960304621418 0.5750174448893981 0.5793137540340808 0.6209742402056536 0.5830242706311993 0.641034055539491 0.6531530442721696 0.6266316660138911 0.6287038254868461 0.6087719009319313 0.5837461019755096 0.586045439922049 0.5333243130978964 0.5344561919149796 0.5787732041970407 0.6118589019649858 0.5851412512339752 0.6220603391249251 0.7006482964722498 0.6935012640853162 0.7324965525225087 0.7313931178797171 0.6993274726566246 0.6656097674713559 0.6065149148790823 0.5664159480406384 0.5358660517485124 0.5438137996139119 0.5040552389742 0.5230441164311599 0.5417612359528282 0.5024717485072182 0.51213412814294 0.5079944950201909 0.5097359066601223 0.505011361830533 0.48517707209196614 0.49970634761347493 0.5457930131594982 0.5230661188349555 0.5464810319229103
0.6551887771577309 0.6307054177042165 0.6316107758850866 0.5863855805632769 0.5755902795602788 0.5958366307793511 0.6282420768487765 0.6514008935790552 0.6406069090394165 0.6273133684926516 0.6448847181393967 0.622820960513023 0.6371231193165108 0.6229631273805467 0.5623887632393649 0.5667169988873673 0.6085359349026712 0.5982138270622646 0.6244458321512277 0.6556284960939631 0.7406155883620749 0.749988628935799 0.7364257694161599 0.7414122296900061 0.6806667754099451 0.6398277671145683 0.595575515752202 0.6049503708323798 0.5696596497751121 0.5186987552170087 0.49606220166567994 0.5398970452721112 0.5463913433185499 0.5244198804296172 0.5541155833744356 0.554276639764255 0.5345702521402533 0.5307732227026765 0.5124848067398098 0.5324224327909515 0.5765266624912123 0.5686352483223125 0.5548020016736733
0.6337458955856295 0.6111656956744308 0.6102193372078356 0.6172344440048102 0.6069008138270644 0.6283438138663435 0.6258408345973436 0.6500511597100634 0.634013375908912 0.6521688610782157 0.6223198077240591 0.6606819198721708 0.6695566389523997 0.6703117724205968 0.6096892081633093 0.6167980841305312 0.6548866325298108 0.6062876945185106 0.6253126948326027 0.6729317873936067 0.7691378089698316 0.777864157857937 0.8267731868854777 0.737834431115777 0.6846247009250993 0.6659829868200029 0.6176678245491013 0.5894989032505668 0.6049123074821078 0.5573060785468176 0.5044392280395089 0.5453250556571057 0.540796451498372 0.5523872058619069 0.5839660693049912 0.5675087143107991 0.5183389907234082 0.5358297620970879 0.5108401563120909 0.5051818078325836 0.5540662303735086 0.5977779100534452 0.6168038294103031
0.6536788747592497 0.6467587797801821 0.6493896867077483 0.6193422624071615 0.6523549354299818 0.6607335235674724 0.6193618987909374 0.6142062762963015 0.6516059075992264 0.659333364398209 0.6220620850492267 0.6620615255620685 0.6934950641104495 0.6832762824287046 0.6692886535043978 0.654509799339676 0.6613491558801418 0.6460936675799307 0.6437224437214668 0.7223985794743588 0.7321293879782577 0.7804372179800281 0.8170067525486878 0.7664250698649063 0.6688978672556781 0.6285972355312807 0.6206637792592552 0.5913865651959279 0.5912997787148377 0.53139960060103 0.5403695451809412 0.507984666256575 0.5006947190973339 0.5227360070671848 0.5548962052203945 0.5568569102026212 0.5463921619367135 0.5554326319151824 0.5439871340978834 0.5212293596659706 0.5681795430737776 0.609659054739864 0.5997746620024781
0.7228251224781898 0.6705352369910431 0.6400875932142948 0.6265499064150456 0.6523261676157228 0.6410561275516086 0.6773035411195938 0.6774733830663331 0.6287187710673521 0.6748174872432194 0.6431772547072169 0.6809010758516895 0.679127320089328 0.6910871561040755 0.7287304869997795 0.7361885846173198 0.7133095119363578 0.7252095694658278 0.6882261327592858 0.7357071182298517 0.7676608625903533 0.7780504129795708 0.7843720021363864 0.7348268346489351 0.7092443933513416 0.6524904606853801 0.5811266258258079 0.5934953788931296 0.5878809531065805 0.5556174811503585 0.5185424030495358 0.5150507683999371 0.5216391247848852 0.5438247612173446 0.5363428000180895 0.531097757683337 0.5587792931153694 0.5491378121081019 0.5204420020231584 0.5263247363022162 0.5396084475369137 0.6003091146440125 0.6178942730760999
0.7613192737328714 0.7417552429368405 0.7167272185654913 0.6783499018388569 0.6926960973180823 0.6862574871485374 0.719149921940055 0.6925429525047491 0.6507171384402256 0.6689692091945957 0.6829940505469899 0.6963322771264558 0.692264822934596 0.698166649810162 0.7377489535799424 0.7387472780001002 0.7546295242381577 0.7420115007459654 0.7260624304874476 0.7363004378939717 0.7417567476917631 0.7608691431708509 0.7669309469646076 0.7502339445432487 0.6727945487514676 0.6294028205501455 0.6099335619893648 0.6058239734694586 0.5835874418171549 0.5800849451353356 0.5373379282294417 0.5249015416744779 0.5392473350722095 0.5433381628573861 0.5194421691469592 0.5570730368889949 0.5104614604968014 0.5198474805624981 0.5470361738865916 0.5424220717597613 0.5712611316413835 0.5522423488645434 0.6024679587131686
0.7554547691738345 0.7459602757968707 0.7668179774698344 0.7120231402120928 0.7120193873737887 0.7359164944931283 0.7223474662904202 0.6570526228259993 0.6350986080898421 0.6897530061868813 0.6737071199350434 0.6779625843519296 0.73822515435576 0.7560703263889142 0.7526321076008478 0.7505514188840138 0.7754298371447167 0.7504603734509768 0.7627372838293337 0.7652742155873906 0.7795428009719456 0.7564925117941588 0.7457799897374976 0.7313333398454891 0.7129430615385428 0.6279704737200051 0.5708660720115568 0.6185306659922133 0.610287527693707 0.6112242187805911 0.5762254357095437 0.5670924292363158 0.5595278163215934 0.5559146853529124 0.5105379428857821 0.5342625552789628 0.5120025976300222 0.5065169733517809 0.5496245536281493 0.5751600460301806 0.5587911994285384 0.5536950584759948 0.5766396634830766
0.7517907271196665 0.7472276878297586 0.7672494681487594 0.7429111979708262 0.6988049529147348 0.7278556620926581 0.7316416716461631 0.6795576396354305 0.6866273208335648 0.7040303478263407 0.7222266025027129 0.685993195440313 0.7256652456299769 0.7225342218484319 0.7586642736556124 0.7590569755446503 0.7812175831622434 0.7357503300814378 0.7585224871917365 0.7671962597773695 0.7547769198993346 0.7512109863971221 0.7244908916757539 0.7351836912464997 0.6915672124322232 0.6473086921431251 0.585068667203186 0.5964595341882787 0.5853293796887906 0.6082588142169966 0.5947034803149168 0.559367583358391 0.5587979091011961 0.5242799371288618 0.5326430126484438 0.5206851478062163 0.5422329777685795 0.528057273850657 0.56952313075847 0.5528181164453683 0.5215688038522611 0.5450880287304377 0.5734356670052702
0.7561837850751775 0.7621768000681466 0.7524112868392903 0.7268333742525127 0.724941055284501 0.6974309326260931 0.7165327585399558 0.7184088304277008 0.6930681675178888 0.6992633893314028 0.7345190537290222 0.7170856991833532 0.6977552066765631 0.696401469559218 0.7036450742993855 0.7495836397696953 0.7884920913170632 0.7584296473346976 0.7220288909533317 0.7158187150267611 0.731442467190951 0.7181679620832743 0.7154286225532226 0.7197197348028899 0.6797773988608202 0.6417296388489868 0.6027826027538319 0.6166422999388677 0.5923456892808625 0.5826517034577031 0.598809120505676 0.5700863016418131 0.5912369240032409 0.5228435863808633 0.5269704366772472 0.5571942507114966 0.5624439883522914 0.5462643779834745 0.5361968441349767 0.5088308224934065 0.5374312641310943 0.5400072121245595 0.52005982490962
0.7675984318152715 0.7739297032612006 0.7742349423824166 0.7679983607111922 0.7648948902502878 0.7319255751152939 0.6895684199428406 0.6868541679521561 0.6942970565240993 0.7444448918240988 0.7443543965280789 0.7180002314846491 0.7308438781596267 0.7450345235052095 0.7117448740952631 0.7290039256446389 0.7320017836226282 0.758285322597483 0.7441474975200237 0.6875491854560779 0.6808077611357489 0.6824844964976113 0.6893129521258635 0.6744975990853036 0.6680996535808814 0.642061243099835 0.6207890059731583 0.5873398716116867 0.5712072525940457 0.5782674165497453 0.5833776197548659 0.5936158686602715 0.5654036392286999 0.5587971622438841 0.5599157815509398 0.5503689330518429 0.5808852035387629 0.5554517889694297 0.5387296454676315 0.5049886338228393 0.49572280638540656 0.5063016998582068 0.49989555617099596
0.7885940311246507 0.7584705170229756 0.7547934999954432 0.744711160404387 0.7787160031285075 0.726203930061568 0.6914834189792843 0.6971295895059346 0.7481951988092531 0.7558676181892421 0.8016739685527011 0.7395369447182212 0.7313474562784774 0.7610492131556529 0.7528300882454786 0.744591883754096 0.7596348890693214 0.7549321884702086 0.7083199918140775 0.709374870878678 0.6920926327284435 0.6811536877112062 0.6471787936089886 0.6410495148426325 0.6651753826606933 0.6425916835158085 0.5887997049685676 0.6174042692444092 0.5811121739599932 0.5959997597049188 0.5913873334400958 0.5941946065152772 0.5322583130615967 0.5287015323752999 0.4967797299470394 0.53871626564845 0.576656353968238 0.5758386887417463 0.5644201850433987 0.5233981187091389 0.4809776481358862 0.4961605629308215 0.4485655618662169
0.8070289888957941 0.8029146436465043 0.7851088367355675 0.7902264603077214 0.8099689438968758 0.7783227216772806 0.774952211250834 0.7596647666603955 0.7978527515754091 0.8075407150786569 0.8116190924123619 0.7640282082082174 0.7696543383249979 0.733145917665053 0.7382631831285384 0.727843415477532 0.7185410744604767 0.7212540617691888 0.7311556706916177 0.7020510907036166 0.6830447698536053 0.6566802903156638 0.6631136659513683 0.6725918613702173 0.6260117915377792 0.6246058565632899 0.6010768113416616 0.6250348699104397 0.6027799306779315 0.6051186584985057 0.6109915133683923 0.5900868388581668 0.5597484792810381 0.5560048167222029 0.5179468402961162 0.5512451349492715 0.5396036913829688 0.5264152801521333 0.5498708117003441 0.5209980566855396 0.4971542500144747 0.45580332090037695 0.4509377405775275
0.7829082768273874 0.8086529994810298 0.8039530347555549 0.8003448921735837 0.800743981031896 0.7973532383602696 0.7984798540705813 0.8229831639267566 0.821500443993366 0.7824560732088627 0.8024667362718706 0.7693371637691463 0.7482976741296051 0.7512638343839111 0.7579551112540134 0.7432957020888487 0.7309743172054639 0.755940902276513 0.7502216032704891 0.6918348452059799 0.6770768786390907 0.6467185624651489 0.6410539384131377 0.6709722147425026 0.6323591109365292 0.6539916837634587 0.633758082857851 0.6327556761446549 0.6165540567415093 0.6365165607405973 0.6006168790532848 0.5916793748046264 0.5782603035877432 0.5478109087010605 0.5294394027424782 0.5357774373473212 0.5521724264484567 0.5480706967133896 0.5244820995302005 0.4841428821164004 0.4451120052547609 0.42044344686801455 0.44107082537543224
0.766063600054559 0.7868501037298493 0.7781871834737877 0.7705473434817308 0.8015596410627385 0.8360140053422094 0.8440365792031128 0.8389402426433459 0.7958572346770179 0.7879778748526527 0.7747457076357657 0.8001141546628553 0.7441614734883504 0.732522901828549 0.7581633182187821 0.7196539460536355 0.7469567734195802 0.7608689685835744 0.7745066237506343 0.722470449649275 0.669605007039277 0.6491966176002729 0.6202764437965619 0.6353619131868892 0.6211695268908749 0.6508912390526405 0.6583666731786674 0.6466877906023741 0.622815905987335 0.6112974146372934 0.6319116069083259 0.5969998860090081 0.5952084726483658 0.5581659480565331 0.5397985126770726 0.5610015844833213 0.5563794283257982 0.5418644066297571 0.5144567148011235 0.4407130865955279 0.4510879515072491 0.4206380601124263 0.4142553002841172
