Raster_benchmarking/DGGS/continuous/raster-48.asc
NCOLS 100
NROWS 100
XLLCORNER 1743151.3662134456
YLLCORNER 5469288.272439094
CELLSIZE 10
NODATA_VALUE -9999
[rows 19 to 37 of 100, columns 43 to 85 of 100]
0.643040534943134 0.580741785157484 0.5630987316274674 0.5648727290503873 0.5385053459699572 0.5474419608745349 0.5996559959345348 0.5624699141905521 0.5573649798653553 0.5861128952962293 0.5639300469345659 0.5846459590542491 0.5963496820134735 0.5788340872888353 0.580432494359549 0.6176697403598107 0.5969446324914429 0.641637154538724 0.611950513936869 0.5852565133727926 0.6018055947647277 0.5689566098106912 0.5218491435791688 0.5493607190590015 0.5391019255798938 0.4975526326576827 0.49301482312563444 0.49807031169859173 0.5009343189666575 0.5355974944933961 0.5447292857353359 0.5486878755692849 0.5126203605946956 0.5248355057208199 0.5106561148638472 0.486617246121001 0.5302545294315891 0.4942578070985505 0.49810581066851817 0.4673674719475653 0.46525368482082247 0.39960618246851837 0.3952191162334531
0.6100232119798334 0.5674506174356545 0.553077664533606 0.5512710516370869 0.5826770229100839 0.596718678128085 0.6180454611557348 0.6073398857079728 0.5709217000843444 0.5550361009462917 0.5735189782917796 0.6027097308459839 0.5769987156097137 0.5626300979562556 0.5687134568041756 0.6404375511191837 0.6336126959625841 0.6360356246616617 0.6011996763369999 0.5952435582989194 0.5967574336232598 0.5224207224561477 0.48592323031644974 0.48089356881108875 0.5011928679738098 0.5041308844858106 0.4770515486066756 0.4967354854198839 0.4759056777647155 0.46856942697849124 0.463075590332769 0.4828370446389087 0.4671479595294883 0.5049883474644968 0.5284200072766773 0.48061057224335046 0.4486836078253346 0.46672663616568877 0.44375955354421615 0.4580777123858438 0.42628879130071107 0.40242593205159194 0.36465035358501063
0.5607192032382842 0.5891785222823335 0.5489888091286071 0.5804382139873978 0.6396247651238691 0.5725105768711418 0.5724839560631083 0.6026927434749929 0.5728453142240121 0.5489653023212984 0.6278982974768397 0.5806261038609879 0.5653798840808701 0.6180561399664759 0.6195381508891418 0.653824644203303 0.650975335335995 0.6031024544846746 0.5979121323138566 0.5392763286601744 0.5440144166985565 0.4693216442550533 0.44455316556029445 0.44519134161609236 0.4570900244453377 0.47433933777190457 0.4961398074237227 0.4778748895622596 0.46402444856703 0.4402240525392338 0.4432891402374927 0.47626897239968 0.4706258161883319 0.4920928045398088 0.4972883216752456 0.4758379721580763 0.4193275941299615 0.382767584867959 0.35851695915483195 0.4037320171678388 0.3913792906787032 0.3805167890790389 0.3521190734616695
0.6045989616493603 0.5888693427679941 0.6016704985349698 0.6321839728183953 0.6389906969371623 0.5817348284974689 0.5472663369704516 0.5737863509093833 0.5987305885246382 0.5643386859806953 0.5845212924429648 0.611834591753652 0.5616539637125914 0.5990714040698945 0.628811169044408 0.6238202676855263 0.5707165557498557 0.5889783249509652 0.5597163939983149 0.5265237875496455 0.4817110155307586 0.46678839477835765 0.41954177692051875 0.42799288084966525 0.4380281555346504 0.44269311864724314 0.4713494688798531 0.5074577122909427 0.4876399638933477 0.459728199971736 0.494381670878579 0.49558758186892193 0.4443586846876259 0.4518006731200406 0.4560646405863991 0.3981050483302633 0.36770125753221355 0.3255931652380241 0.33489229100766504 0.3506102134763065 0.3495958526136286 0.3494351082109963 0.3752708141268365
0.6584521856986038 0.6296171930558165 0.6173532431625525 0.6530274083434513 0.6329350529906479 0.5846135845783791 0.5864994570312196 0.5801237591119657 0.5821164567084717 0.6114062795141815 0.5960243027965065 0.5698829286059155 0.5611547255882943 0.55580837264924 0.5828602752914674 0.5664394500196005 0.5265932967835639 0.5138919844486868 0.5358729396044257 0.5313478041357169 0.48794017862947936 0.44183887385437676 0.4626724654361453 0.43575572651860595 0.4207107685098555 0.44510822814901035 0.4611421557083969 0.4840317522996505 0.5149128251535107 0.463414598306386 0.4784949306461618 0.47721823621084936 0.48056819996057143 0.4631988887037425 0.39433516805056457 0.32774986292175273 0.29827953051397665 0.3325353881381119 0.31419702496572915 0.2969275180928415 0.29252598582111095 0.28929226478929265 0.3448454443951048
0.642005595940568 0.6404045787373257 0.635040251870601 0.6255203008512092 0.6331594651641433 0.5895926613568269 0.5958837236561052 0.5478612415951665 0.5482443546548729 0.5745020926160225 0.5739174162940348 0.5385858825485098 0.5598898176567569 0.5797367453791996 0.5279771074431663 0.5127076707853458 0.5205070928941874 0.49470317762066707 0.5096270878209899 0.5008824137233904 0.48297919043092713 0.46220611835068476 0.4747941609416827 0.3960984088138127 0.39871474414464353 0.4416823165364077 0.4589169187047878 0.44693259504837846 0.4535133320682992 0.49016469414418434 0.4412115130727564 0.47123871483804924 0.4221366422714184 0.414926362756016 0.3316077903562796 0.2962937128309479 0.24130238148268598 0.28134974449490013 0.30432672821214146 0.26969309094140187 0.2748516218084286 0.2849672905077192 0.31480394297651926
0.6594668462912627 0.6780936372402111 0.6437235353703336 0.6468052870895484 0.6175609846215688 0.6211439917367823 0.5871089354990853 0.5640142045341763 0.5127255667679124 0.5435733342353247 0.5262397247973306 0.5702625847115231 0.5588198914520074 0.5676843447941841 0.5325123638105042 0.5041445379374352 0.526352424924014 0.48838851609378026 0.4805137898487438 0.5031044225166765 0.47321423306468663 0.47275114510167526 0.4599442611597181 0.4410779032477387 0.37107863935990504 0.4423008205471025 0.446070619461383 0.4617228752779933 0.47808052783424915 0.44064136939448456 0.386167793509533 0.39319758186707643 0.4509238865306412 0.38273146969695454 0.3225285570480971 0.2914105631519698 0.2065718384743534 0.2192589136820564 0.2459321717474929 0.2671464024979748 0.29367405318067336 0.2974969953344552 0.2588355956617
0.6274026935359965 0.6566562271237287 0.6457624030443535 0.6706989665297701 0.6170236861339354 0.5953266739417434 0.5927960368174239 0.5600968404836361 0.5129083764018925 0.5377308739058717 0.5561498259285242 0.5399870055323243 0.5589233783938257 0.5654482392077143 0.548836373653306 0.532450319804915 0.5099134065031478 0.5040023364687037 0.4855560819102579 0.4792327022328104 0.4750917239436011 0.45467354810642846 0.46766750227770976 0.4389064462685009 0.4124416442810733 0.4337982944526889 0.41108047331305275 0.4549264334170053 0.4501420703339263 0.3853442937100571 0.3491683267444724 0.37560461579100707 0.4148418379620926 0.4138769265688462 0.36071934680468837 0.31876579069295186 0.2404529640139204 0.2525428447411127 0.27655786999039506 0.29475272971936195 0.3132120721186758 0.2604773223607975 0.2957900623486666
0.6479184319578163 0.6421670008059773 0.719778484220613 0.6846303762948109 0.700453761403194 0.610672058102565 0.5658794295522585 0.538345620569364 0.5430119882594139 0.5161276057132744 0.49519896566882726 0.5459371817398385 0.5621833596634682 0.5617162282493612 0.5436209306460372 0.4936897802219095 0.4958799159659516 0.4644693203575823 0.5139008940333143 0.4571882661358506 0.4287749213609056 0.4244759525446726 0.4242123680345479 0.41510498346849894 0.4495073794862645 0.43883111483603937 0.4274868032551299 0.43585713438178786 0.4387847642652751 0.37942979821002026 0.3525100833700019 0.3979827263106536 0.4166439812429446 0.35633803667684116 0.35766475702420875 0.29549678600785684 0.3007289449796218 0.28289357958682937 0.2776697981893634 0.27844385058061594 0.28853138605421697 0.2682929620013982 0.25848660691115943
0.6897991778872724 0.6631249485833419 0.672377540228949 0.7027097080203891 0.7121242595305216 0.6518358306198939 0.6075706394556869 0.5870716968732236 0.5425005718063006 0.5401444378339579 0.5126963141227759 0.493121226222738 0.5373010607752613 0.5305967294093237 0.49783904195011836 0.5046093098255019 0.4698225691700144 0.46068942943648955 0.45778081613703214 0.460146454003778 0.42423776966666976 0.4480177919876469 0.4015512525396757 0.44313834554748466 0.39149628556755595 0.4121758429942333 0.4274371610844699 0.42196074809441203 0.3943306820533173 0.4033313150460204 0.35136224942333016 0.3738313624571787 0.35876929136115265 0.34693438479042377 0.33580789987934573 0.3272331702716954 0.2835739585674263 0.25184062584849315 0.26443054840679864 0.253571474178679 0.2646718602582015 0.2352859565473172 0.2684966017836081
0.688021063933612 0.7084972849224362 0.6810570126369353 0.7122025435893528 0.6957328168266245 0.67239867918147 0.664733764894284 0.597605514140667 0.5824883287483863 0.5443539234294626 0.5214395680270899 0.47931269122279424 0.5133458658911348 0.5257545450514051 0.5422234204593243 0.47327686121872437 0.4781398961965293 0.41808500042325025 0.4056946225362139 0.4249958355671907 0.45109190922254666 0.4042741497686079 0.4182915332898971 0.39539689204862055 0.3656190495877186 0.3625901914161646 0.34444261974319274 0.3457465645404359 0.36803641719334146 0.3477058512751077 0.32736056167402394 0.33589054292062925 0.28866754866713373 0.3101889840719382 0.3393625265761558 0.3040164977188048 0.29660577241141445 0.2755818607754571 0.2171251507629334 0.23820224830748657 0.1938151864087692 0.2050330544363098 0.2202664662903434
0.6742057212952536 0.6805218837932949 0.7021378618173578 0.6431355930223414 0.6121364433234115 0.6219082716274834 0.6608634890480146 0.6259391629010961 0.5687394553088104 0.5877715804205195 0.570880391328507 0.5179736072288464 0.5121508949934516 0.46442453830795083 0.4887239884818577 0.45382687831840973 0.4245256791842062 0.45040585761363994 0.3871177162465236 0.3742500257140122 0.38279030828140725 0.42689692371175225 0.392314632239335 0.36458634916658844 0.40445621695330203 0.3801919557361026 0.35697431254581424 0.3590124640668307 0.3767454650599846 0.35370107380348725 0.3542185780042193 0.31868946403859555 0.28987046228802776 0.29050478703063715 0.27150538716404 0.27227060122049573 0.24045227378021183 0.2580007791348618 0.2320138915070876 0.21978544860044788 0.24024031577386482 0.2067107459081351 0.21021400230636492
0.7069930643621133 0.6666718048794626 0.6919283274768808 0.6620175508861449 0.5904297713630078 0.6128198533740454 0.6032838852442788 0.6281129501154193 0.5906747207126447 0.5506473528088175 0.5657001737904273 0.5094612879001891 0.45218548766732514 0.4700915180406599 0.4188560903161084 0.44280499892252145 0.43800752188087233 0.4465781700041176 0.39455258169711555 0.3577947664926306 0.35766906179393876 0.354869818141407 0.37082316753919264 0.3845970319813505 0.4004408818332192 0.3861898340749923 0.3555604105611926 0.32957875362243183 0.32876501690621046 0.35337577315202734 0.3634005674588434 0.33273049909028035 0.35985354429706556 0.2706939232228531 0.22595154723850217 0.23001008443883292 0.264228085758997 0.28079014831570615 0.25244711516046114 0.24306971351049445 0.21591645946137547 0.21723887613295143 0.251150860854982
0.692362278964501 0.6780571468769834 0.6203416190443066 0.6349081582154302 0.5852500867112567 0.6025267422719595 0.6088651567390901 0.5767149321443593 0.5911605013188443 0.552957349516098 0.5763185176139023 0.5089162991248172 0.44522673094236814 0.43268622188211936 0.4637189631799676 0.4447138406072934 0.40678025296346537 0.39226236044254914 0.33998702211059834 0.33600596488493734 0.2874130607798622 0.3078293949854913 0.3280469012848263 0.35862333407411 0.3376092001566945 0.3126535228450318 0.29083361711397904 0.33111031648894473 0.3560852058200509 0.3549390541982155 0.37597230350882765 0.34534928171229506 0.34414635996637993 0.3194370695034755 0.24479304897040685 0.1867936247430737 0.2209468812613366 0.24015931613219157 0.24300706555192567 0.19976900490879246 0.2586735839481767 0.279358473732673 0.262863725859421
0.6810794887739694 0.6816547516744197 0.6009990574901365 0.6179976612497594 0.5767746751863917 0.579908065616286 0.630160638050696 0.5942904554799745 0.5902866494178943 0.5897376279141405 0.5608333679607177 0.46400989473228343 0.3740346994744576 0.42582413864940677 0.4443373568762091 0.3953276246716251 0.3531113630115948 0.34091446704907824 0.3574290394979245 0.32667424820925195 0.2716440756643866 0.2596140754260494 0.30913080501105655 0.29069123909285666 0.29716726441259567 0.3092452399884999 0.286343075359475 0.31169560272947416 0.34696931753254207 0.34789364448861 0.3248657940590415 0.36757066233870017 0.3665952526332465 0.2651549372353126 0.20575923135815682 0.16875720375069814 0.15985009317777002 0.21512545739277564 0.19683828652437127 0.21525988145137234 0.25561694438653193 0.24913491961034512 0.2681006647738973
0.6841778237309287 0.664165246990547 0.6376870363917223 0.6084148492659845 0.6068636740890025 0.6005671379246923 0.6241957676178956 0.5669036739752676 0.5329451889677637 0.5661921954826481 0.5463333527894065 0.47941343288226945 0.4363831084865262 0.4476894885198409 0.43503661441878355 0.4024173147926017 0.352181930015179 0.3476656657514571 0.3204130833172312 0.34408045414853106 0.30557453161478915 0.27224721431873045 0.29115215605416883 0.27305902513879426 0.2867576334239654 0.2595300248234665 0.2733100639777332 0.27760421504614774 0.29583622555566563 0.3470991983321383 0.31238722918903566 0.31865210056497434 0.33892632400528067 0.2788727753983399 0.2232356623176831 0.19579168983387055 0.16351137779603592 0.20554097200071833 0.2194371080674182 0.2125859136804072 0.24418435174070746 0.21009930160367069 0.22407499823029814
0.6460820584874832 0.6705386940311684 0.6307370027404522 0.5611461737249019 0.5542988044767602 0.5899605627572387 0.5769552064088895 0.5797086754177593 0.5096710852817038 0.5431855793921747 0.5283755333600899 0.5018275308274998 0.429238152915705 0.445013054137271 0.4367586542310754 0.3760822186026522 0.33116416061529486 0.368162261633111 0.355136332931287 0.31481694695272305 0.3420718559131377 0.30081220997401126 0.2660128104151547 0.26713496725243585 0.20496905391867182 0.24218139598352778 0.30706567401315793 0.2736426144619842 0.25415500004215436 0.3172153128548712 0.35201314796195055 0.35737203262500344 0.33196953859885037 0.2499458224506573 0.23729366131680468 0.185648694983383 0.1847633061087271 0.23956969741698467 0.20375998520544475 0.22780380173297765 0.20124660693008953 0.19289720349669118 0.24403900658777655
0.6850024075657988 0.6431983735710985 0.6012120492210451 0.5807225354402862 0.5538013308615385 0.557252743035994 0.5357706728911938 0.5368611705322204 0.5408345460156727 0.5391572154580143 0.5122840841297698 0.46597479264814196 0.47793859400178734 0.45265695265628986 0.3896140539215856 0.3799818117549448 0.3369578540659286 0.33946373940659147 0.33277663137354135 0.2855742017953642 0.2803265451444051 0.2792754773556435 0.2864213458480495 0.23091802961053914 0.18662458636982984 0.2423972563829502 0.27668104103749636 0.2682224971308685 0.27518890353479064 0.2574392205318979 0.29468806173771916 0.30408835570020726 0.2920880944550034 0.28098547806714563 0.2422717804982244 0.2296326964653864 0.23201450530019965 0.2511059828727847 0.22478313004832617 0.2371250304815928 0.21836327279526074 0.23294652664112322 0.2122660728497959
0.6997418859937079 0.6746718121520557 0.6779608218796394 0.5872170730497057 0.5572187863822226 0.5815756833704362 0.5218564333395049 0.516876937234759 0.5276284298493751 0.5334036322918504 0.48325898896047503 0.5097921589973842 0.5144834270526083 0.4308952844408806 0.3853324413771012 0.36765265688299137 0.3693670496311143 0.3130830231607829 0.2979981784111859 0.26925855949830824 0.2750499355669255 0.22484311632059165 0.2534437768976872 0.22450824041556347 0.15609871154679164 0.23286232462452836 0.2082163526638316 0.25759770179087876 0.21217493603786192 0.2851530449584774 0.28482865956658865 0.2912946619297112 0.31821763697422756 0.2624713463549291 0.29892547658094015 0.2706089047049703 0.26018368651869495 0.29388378314592023 0.2545042083557991 0.3005565757144719 0.26091660478791845 0.28516972114286465 0.2707332443177105
