Raster_benchmarking/DGGS/continuous/raster-21.asc
NCOLS 100
NROWS 100
XLLCORNER 1743149.4638408604
YLLCORNER 5469288.041897941
CELLSIZE 10
NODATA_VALUE -9999
[rows 0 to 18 of 100, columns 0 to 42 of 100]
0.7371885166767537 0.7493952069982156 0.7496165405123802 0.7674645168400761 0.7302086006254666 0.7086998127376948 0.6957722210157105 0.6973871886155123 0.6737871366072901 0.6852776728804688 0.6591244649936138 0.6538737850026488 0.6995206979746905 0.7005159417204151 0.7615459289601177 0.8057306532019041 0.7806820306588659 0.7574445796341986 0.7968486591278133 0.8210206246156884 0.8218526744745385 0.8256510261065779 0.8315846695713742 0.8197282265577583 0.8454879387869386 0.8845283569276031 0.90908700634973 0.9526572917714671 0.9310840799293135 0.9286716766811937 0.9145382344886739 0.9022829945983917 0.934242875573163 0.9121443103771223 0.8784936979218813 0.8816414031878896 0.856920254234297 0.8559944888915576 0.8308932643725574 0.8006939211229946 0.7893130950426924 0.777128626163445 0.7870109462649791
0.7238905944165344 0.7333888469099222 0.7506844403345405 0.736538162308257 0.7133233442730507 0.6924565998439125 0.6830652698627155 0.7134023417394617 0.7076438927143456 0.6951964821248956 0.668566378847255 0.6610632523373862 0.7041532085358265 0.7018419086213249 0.7420436205329115 0.7880111951788774 0.7856596416300774 0.7537087577083055 0.7730487836247558 0.7858483347917298 0.7957075462472598 0.8019684262613063 0.8119082773998707 0.790672647975799 0.8315089099196412 0.8908510383119442 0.9081947394475255 0.9118532306680097 0.9106377961246779 0.9332288780554894 0.9053107440214561 0.9229327174617201 0.9262101576861381 0.9016153451232325 0.8836971979635555 0.8541486381514473 0.844350273396906 0.8225568363053154 0.770783675125446 0.7544285899041774 0.7482781569266419 0.7463071045536261 0.7435375352078152
0.7589208230422823 0.7476051546997321 0.7417227722883367 0.69568671355186 0.6962186765427135 0.6931713784499758 0.6975312443687768 0.7154346124325521 0.7160312191783592 0.7049345920337582 0.6892365146365947 0.6846846752486355 0.7102042185639911 0.7440283602403163 0.7297140925632712 0.7864107926519482 0.7748034242942523 0.7586396079294796 0.782496830544665 0.7928968782611292 0.8028747632956676 0.8097040552843499 0.8210819271468361 0.7904224674150628 0.8277230815508101 0.8671950898477039 0.8823408848785371 0.8842458403964814 0.9074622741803998 0.9105637233944932 0.9381190506736466 0.905986985096977 0.9178744102360576 0.9141301869121746 0.8948700866882678 0.8873836512019702 0.8475683663234425 0.7787762018765294 0.755003798705693 0.736230885049476 0.7431859225565902 0.753922402079423 0.7403031714458705
0.7205733354875671 0.7415132868425596 0.7263043446133651 0.6921541642143004 0.7151833348372657 0.7029794881599242 0.708487347362324 0.7088283665478466 0.7183667699128088 0.7170858506645748 0.6765090582747204 0.6797181230752266 0.7138369930065223 0.696773615664797 0.7205101199271469 0.7362842482397246 0.7770063328839755 0.7824688741382366 0.7768594674690731 0.7768096744308515 0.7755049224160476 0.7893465685321989 0.7881918694145377 0.7918079169610563 0.8397931283841861 0.8843284407837952 0.8878229004311123 0.9148987571073044 0.9043799282826843 0.908345766335444 0.9521862202304237 0.9472191684496942 0.9280856426734715 0.9175671679328513 0.8821629688760203 0.8691071322431716 0.8095360361617968 0.8173844847729345 0.7854916262169382 0.7243264365958431 0.7278194791309458 0.7299778892974585 0.7102410200346576
0.755960854787932 0.7193386385366379 0.741557359807651 0.7102760103113104 0.7318460151495175 0.7418350842067352 0.712917640940119 0.6920277033551592 0.705549856012266 0.6926635044694269 0.6846267388897357 0.6664753178940059 0.6984772822197225 0.7029285870197429 0.698328323034244 0.7357458006268325 0.7446355092354182 0.7581370302933286 0.7736713938447874 0.7811765372231514 0.7850287454901171 0.8079366204396601 0.7826233983894855 0.7826431051055277 0.8237465595337168 0.8546073703181697 0.8912173169594423 0.9604224191924559 0.9110190783551049 0.9407221282573409 0.9288927349076471 0.9760690683096753 0.9480238481949317 0.9253761648628306 0.8979277409759486 0.85248590981801 0.8125064052809078 0.7961900075524285 0.7666311978553794 0.7458931109554698 0.7063447157238526 0.7122308199559023 0.7192814593762993
0.7704292137094155 0.7552244263517249 0.7263711583840688 0.7219221773028651 0.741956980191108 0.7604947216778575 0.7326722608727908 0.7310719337684399 0.6969365429112818 0.6791603209042086 0.6718560571856436 0.6875473203238027 0.6703308802444379 0.6967373421732403 0.7282237687310977 0.7292635375672833 0.7208676873883236 0.7495097139838771 0.7865053298514918 0.7991644217796126 0.780277152117331 0.8155033197336308 0.8005734245134717 0.7858046548865584 0.8153478575804862 0.8336200253823194 0.8749598677212475 0.9379339063854625 0.9309594651621927 0.9305908100764532 0.9287351341532338 0.9359256127397154 0.9262224092665284 0.905692447526064 0.8660159554750682 0.8651927625396041 0.8183388829362122 0.7616135081853175 0.7577943228617796 0.7204843475331888 0.7097883008732858 0.6973203005385249 0.719353038238904
0.8236807379800974 0.7624214123465108 0.7550920031661634 0.7946883993471505 0.7942927941015099 0.8061399661676479 0.7783682963068991 0.762098950834977 0.7299224095158698 0.7117821090771103 0.7105313091300597 0.6641971077674859 0.6481127443192323 0.6714684442198378 0.6815810198155287 0.7181405226289254 0.7352152856591674 0.7148361240060832 0.7708696643782359 0.7989463031463893 0.8003878542079552 0.8099072825910367 0.8011298695919994 0.7919512211818619 0.8026630181127036 0.8469134715226977 0.8900207871054315 0.9214653418069289 0.9476358720869017 0.954191606362593 0.9518559766372654 0.9281338141782914 0.9312901033794634 0.8813313630746158 0.8540834325483048 0.8479158313348523 0.8294554696224881 0.7709180032191865 0.7633600665472813 0.7297459163750208 0.7359903599568461 0.7425748727942262 0.7521336568110768
0.8636929701826357 0.85586807907774 0.8286707852100803 0.8453203170245525 0.8405755322328105 0.8373857910488783 0.7978296281099324 0.7633342137170055 0.7485015232702761 0.7404681273269994 0.736741458644005 0.6842528855510466 0.6728578589435362 0.6582123595630651 0.6802858893966408 0.6936621498231548 0.7036382453234407 0.7116219450069771 0.7520805413688908 0.8006162960706049 0.8140000729215285 0.8081161097660313 0.7850811638224472 0.7814402353843217 0.8228723254643248 0.8786134841440306 0.8813315775553564 0.9129869296616908 0.9331712300193312 0.9282653504097043 0.9431134502969015 0.9157926215964949 0.8962312196373471 0.8713080348837832 0.8829036053164384 0.8503928761056337 0.8102206746030785 0.7746515799055799 0.7776281738502205 0.7649489089984628 0.7711790100552097 0.7233376399469087 0.7134686465287846
0.8686417889456346 0.8708889408807803 0.8296141722061593 0.8431499007074414 0.8355203463600499 0.8318348606836321 0.8145805925606071 0.8234355202543074 0.7714571980781958 0.7677901836441156 0.7739314825449267 0.7228931233255622 0.6927888562517786 0.6989624857713018 0.691635868043973 0.7200632814155785 0.7229861655564555 0.7129784817212925 0.7478781254126766 0.7498988600034613 0.7731717449645922 0.8005811283257938 0.7656958148474513 0.7887916819620058 0.8354338498263862 0.864163045724675 0.8778501117104774 0.8839690100561611 0.8942128671233402 0.9268036121806571 0.8829574943563403 0.8658732227768566 0.8611424859775291 0.8933203460607334 0.8611014445796362 0.834153343999142 0.8082226370427721 0.7856712537115119 0.7558685848178305 0.7694788730574992 0.7533339503971216 0.7464957548764581 0.721217345089542
0.9154218158571981 0.860140140995765 0.8482854981007065 0.8409658591209658 0.8210012614785097 0.8235677593387003 0.8320186769607297 0.8039723026787284 0.8047590075601907 0.7659010770069161 0.7707690717248097 0.7672020188505227 0.7266631517390043 0.7507345709949753 0.7560346585226162 0.7290998880138505 0.715334905572837 0.7571346872919906 0.7507821529146392 0.7607954812115245 0.789875759076035 0.8077376661493981 0.7848194413110968 0.8021811836727379 0.8002867337359798 0.8177958576868476 0.8283748342579476 0.8549770133704863 0.877760288759354 0.9039723421538178 0.8814911732459029 0.8454124952616219 0.872782404113801 0.8646088399382803 0.8554006615762971 0.8457561630026325 0.810471291095114 0.8171231975618082 0.7790560843311986 0.7977233850116213 0.780883079356417 0.7412260385642215 0.7218756929600986
0.9170714761149454 0.8807538970098703 0.8271044098647173 0.8065126754819905 0.8068793025231107 0.8103604770557331 0.8105954181162307 0.8305460811207063 0.8349155061885152 0.8074812896220498 0.807089682771155 0.7685597516397867 0.7747164291329828 0.8083217066188265 0.7557119038532034 0.7475473368552337 0.7587049819831024 0.7654381820760748 0.8116686438439412 0.8326409544641618 0.8046062502128137 0.8105671884353791 0.7909160430527441 0.7804707068022388 0.7782959712854574 0.7799353350081948 0.8144593285738471 0.8328168868397193 0.8242000772479233 0.8470015399495321 0.8439715434588728 0.8406450473561302 0.8224733856340585 0.8262867408215578 0.8556324160554615 0.8255482073238183 0.8098059406740683 0.8343471617789073 0.7643349293527139 0.7761368657710361 0.7798206922437801 0.7681702850665859 0.7382760270326824
0.9216721093319383 0.884687733944409 0.8659943368471716 0.82971886570424 0.8443432749920924 0.8273278141426109 0.8232424064095587 0.8591908109169569 0.8458502881660005 0.8145280763003709 0.7986410722326314 0.822890644414484 0.8137596049139251 0.7903157349335252 0.7865347315155294 0.7846599354512859 0.8192068995433466 0.8000583861614206 0.841548906517653 0.8154079008053003 0.8197636110175933 0.8148195866445381 0.8130942589982628 0.7669375939725918 0.7852896778046299 0.7715793108860719 0.7814936012668231 0.8250656294148201 0.8271009033207113 0.825046947677482 0.8109778908507438 0.7991581372579982 0.8050283855623678 0.8210236336498559 0.8276619521706636 0.8480028099592931 0.8267690941800847 0.781991121908001 0.7572992473743478 0.7389441200767871 0.7631960159705029 0.7440820396773793 0.7486175524515863
0.9105938551124142 0.8558256152237713 0.8544023288796682 0.8503072371127103 0.8552461829990717 0.8460969891744896 0.8289085487833443 0.8605656926437067 0.8552167847573361 0.8581302161830153 0.8395542127302371 0.854713862481674 0.8561393956950368 0.8445406521769658 0.8139072777917022 0.8371105153106921 0.8333576933342095 0.8396663730400235 0.8416628847549432 0.8582080514599065 0.847289437631503 0.8284352750099452 0.8103913139583797 0.7845007863730685 0.7541507713830233 0.77252509754272 0.7994719289054965 0.8078185931398881 0.7797156263557893 0.7870829730287228 0.7711486540836386 0.7657060819526814 0.7936148647354042 0.8107231808082986 0.8095302818615855 0.8235314751028929 0.7639093816656063 0.7497225457546175 0.745491848943068 0.750298733854334 0.751337620800781 0.7030336246687342 0.7428166683185046
0.9178359930168667 0.8682420163415451 0.8387611344297918 0.8199271199760438 0.8290078318996229 0.8065566925093135 0.8324827455982592 0.8262976383135023 0.8112556606420653 0.8453313955835925 0.8643707420548321 0.8670222581844758 0.8167858896048957 0.8447781928317206 0.8541533753083778 0.8541069249551873 0.8215835322801721 0.8204573558954176 0.8372575604241779 0.8405217294036421 0.8204046623447954 0.8262859874898744 0.8213223906693597 0.8169092957017283 0.7571096129792013 0.7379645762287405 0.7583679890997104 0.7643264348994794 0.7657976024157344 0.7697722763713056 0.7358963772194245 0.7581586738056704 0.7455521476772753 0.7536492939564851 0.764047737202046 0.7586157476398593 0.751293047316193 0.7198088818851419 0.7314551913113615 0.7061705823975444 0.7019920423166951 0.7212440968100441 0.6993551747068874
0.9060222408783558 0.8598183814349363 0.8353262322602352 0.8604988337577654 0.8419631510540108 0.8177588747407055 0.8374817879281754 0.7867324184327428 0.7967694593228279 0.8121551661225771 0.8188151524273422 0.8434468762505144 0.8428038920991482 0.8227095642726446 0.8389951101894194 0.8250838565845495 0.8304972090364259 0.8055565865519867 0.8328624939283756 0.7952570565645855 0.8154300780032576 0.8261252134529558 0.8254938361862277 0.8076053565941969 0.76670888747381 0.7509769084103737 0.7505943948163182 0.7428911787556961 0.7596439363729728 0.7312676125160541 0.7351837139650257 0.7180601639133036 0.7657346473885469 0.774897033018112 0.7347976709718592 0.7081529381747983 0.702811718063769 0.7145681333585434 0.6995310695547456 0.6874726043220539 0.701877533850902 0.6989934968592071 0.7098823090643513
0.8630026418427026 0.8478735717224576 0.8619690996833806 0.8588052642472086 0.8180639329105446 0.8135290363764169 0.84077317122478 0.8028472618991279 0.8149084168292278 0.8144285122833306 0.8417599095294601 0.8355122820176616 0.8222690358985294 0.8098173874666109 0.8227556560485925 0.8349395333883957 0.8273350728253908 0.826421630631563 0.840236882104971 0.8076700363047546 0.8174472226595401 0.807988577715799 0.7866538038486999 0.7647175264010659 0.7643431785935575 0.7419363634880544 0.744942989271936 0.7568035921566213 0.7239480679981141 0.7185687201211192 0.7293020363019488 0.7507858248655489 0.7467523808703773 0.7376369691517217 0.7434632759552758 0.69147080657222 0.7068137207107968 0.7280674918215553 0.7186179650461227 0.7209930138399081 0.6902305310153452 0.7027357742873126 0.7221973917596002
0.8219024482691418 0.8376966067726764 0.8563194725398001 0.8258886324489041 0.8123147736187364 0.862742660977739 0.8465460387794433 0.8136752215727072 0.8036152155473356 0.8278288933973628 0.8526864803277036 0.8434694428310815 0.8393520442432385 0.8366758166645578 0.8151380295037918 0.7928299227730046 0.8477044984627184 0.8685731915978367 0.8287436426022824 0.8256272594794978 0.826217216616419 0.8242233571937299 0.7929337925476411 0.7233016186774284 0.7500598196664034 0.7124734071939589 0.749577862554837 0.7306276683783878 0.7159152866017272 0.7257263944496529 0.764223885866999 0.7603968195172237 0.7265597628023602 0.7361788039590182 0.6901313183436537 0.6799015940075295 0.7102847688226237 0.6996262629388704 0.6897724996621185 0.718584796027356 0.7126032150210134 0.6673389106979287 0.7144331608001356
0.8322151091953448 0.8604955024898138 0.8640329803942917 0.8656764285467698 0.8265114028933146 0.841312703125915 0.8309519663294006 0.8348287470415721 0.8395839729935192 0.8362923258844848 0.8242335731141299 0.8082771027161223 0.8288908081096802 0.8559558632261186 0.8183041619119577 0.8093969156483748 0.8615403984034387 0.885389514074761 0.8341261668483925 0.8042296908108086 0.8276444757494961 0.7888114418282757 0.7969224530584433 0.7589394818015703 0.7608517059132909 0.7275444630897516 0.7399732593396812 0.7526301948522915 0.7452930556416212 0.740302141404076 0.7810748302410454 0.7489667556915894 0.7459280317442448 0.712293811158282 0.6871809722178905 0.6835163624859016 0.6931967156346154 0.6991654752717046 0.6865485405233728 0.6781064702525934 0.6854071260263265 0.6894620302805624 0.6946028332462187
0.8502781235802935 0.8409465379942989 0.8345634133151961 0.8788705229814389 0.8367223199675385 0.8382910465251152 0.8191595989760118 0.8630025626122411 0.8240600371403776 0.821832037249626 0.7983312661078746 0.8114076434899447 0.8553124505259919 0.865149906550768 0.8519239292623061 0.8376868037308042 0.8755693979512607 0.8890742139711443 0.8680171091046281 0.8179253710298912 0.8244795803022861 0.7797064017577071 0.7811281927728163 0.7783584101691307 0.7643638508936768 0.7375184647466382 0.7818335563729089 0.7887232187649712 0.796978722361932 0.7756944932101192 0.7561973683491343 0.7809135825971217 0.7343225122121999 0.6963108899379166 0.681198094866595 0.7150625015010025 0.6997551790758341 0.7258224482668837 0.685489523305824 0.6911379698593033 0.7085090316500084 0.7056631378137094 0.6868934057241739
