Raster_benchmarking/DGGS/continuous/raster-453.asc
NCOLS 100
NROWS 100
XLLCORNER 1743167.0005241516
YLLCORNER 5469280.614300539
CELLSIZE 10
NODATA_VALUE -9999
[rows 38 to 56 of 100, columns 43 to 85 of 100]
0.40119671596119894 0.32881193459694513 0.30292070298839396 0.28225214558016337 0.2815227279576245 0.22137311763105882 0.2738684903932539 0.27781049630323856 0.27938123359335804 0.26161417173035195 0.26288432363770514 0.28555922620180213 0.27432788323816387 0.2611864762068885 0.31136456416754865 0.32367142852102904 0.30636120712258597 0.3038855048281494 0.32091391132799757 0.3264676422167958 0.27545273408204923 0.32407499401370143 0.29546343917760326 0.22922200400535833 0.20073370935403043 0.19875693070152625 0.16185492615941155 0.15315646913423772 0.11180224592117168 0.11772127361460857 0.17148465224369833 0.20910051522222675 0.2049092709475284 0.1996903364972089 0.24032971866894282 0.2511421143117139 0.25923129216105606 0.3066873178699672 0.258973381319906 0.23380262366670665 0.25373358962027465 0.3090842303167489 0.32404152545041814
0.39612973798530254 0.3932238689761134 0.3437458546428018 0.29449995441283183 0.2332078255452595 0.22569834678850142 0.24149524323945162 0.2733036836477869 0.2756281732306755 0.27605915077290233 0.2755664723589874 0.25330336794735614 0.2609949694445025 0.2610993518395594 0.31354655336321563 0.32269261947889777 0.3526624733793713 0.33316085909589904 0.32967497223815606 0.2810603039624055 0.2767630044011444 0.2861120166915652 0.2643107458508259 0.2610208021239407 0.21287147496523373 0.2157791669932453 0.21617142040172235 0.2062334479379279 0.1268152031898509 0.16654298616323998 0.18608269738391506 0.17538393519382747 0.19640519850120136 0.22194215428770103 0.23169545573496403 0.24485600195211754 0.30953664694452365 0.28149742556081125 0.2605780694826824 0.2397617949518659 0.2677266865878742 0.2747963233504706 0.28465820976141276
0.4713226672920925 0.4291268566900101 0.3548903282155276 0.2909071764587523 0.2648997975622027 0.23208037239461174 0.26185342847172643 0.2575058589233461 0.3065129285006436 0.3138237220793369 0.2621369628332081 0.2616943430498171 0.2831413254025582 0.3171883337111708 0.29569660413011795 0.3204626740252823 0.3112888079127836 0.3430162722657126 0.2975022209390938 0.2891693874566599 0.29601765377254086 0.2603608546654378 0.24699367279645879 0.28669089212790366 0.2420543918648317 0.25233688074103766 0.21323233150114168 0.20900923568257498 0.14282401297739702 0.11277067532834911 0.14503408277862467 0.18282887724008368 0.19099677133229068 0.20872218785688773 0.21608932422898094 0.28926188804292546 0.3047762456802632 0.29299476899302795 0.22232592964762576 0.20959630223614667 0.22709418191868047 0.24956727987648422 0.2926403282871821
0.45796410737815685 0.3959589230745728 0.38281942767951155 0.31308765259352805 0.28033635932519707 0.2596700891413713 0.22878430688537488 0.26859525704652587 0.2743973649164789 0.27946583664368185 0.28014201495043123 0.2883036803736235 0.33053539434968127 0.34722159638873656 0.3333443358846581 0.35237775853817205 0.3344269619335016 0.3265077943426208 0.3408229080518657 0.34283376102896357 0.3014678209099843 0.2920392305958821 0.2790634366887528 0.2895631809734639 0.28215407446561125 0.27789440204682875 0.20971395809793297 0.19670591436358434 0.17154914994333545 0.16541229818531286 0.18628186552720064 0.21694036602247682 0.18569558882099607 0.22563576482897857 0.23783920933798638 0.26243446709670587 0.28425210711338256 0.25794740645588127 0.24043946124791696 0.2217427536292924 0.182103565506718 0.2236903173228636 0.25091764190411786
0.4495999618700507 0.4093244921246056 0.3639081804252466 0.28080131709342293 0.2601726090450784 0.2014029406451999 0.220259409773162 0.27541452031207264 0.2994351197686912 0.30384496371003844 0.25497076169667365 0.2801914979948196 0.3331751901437293 0.387086081816888 0.35781382749828045 0.3295975259585669 0.34684416135013446 0.3147197360757615 0.3382573578555114 0.31453713963883567 0.28640819881519475 0.3142862876784412 0.306416103382725 0.2869199241689826 0.25527387754330155 0.2670256767338182 0.2112657505700907 0.2314703108880591 0.18107996542294175 0.12413612042324702 0.19729536877647896 0.20281436923455018 0.19347035388392353 0.23715742102297416 0.2575732260769204 0.22402976262948748 0.19718210448659818 0.2147884719133338 0.1738572046748995 0.14859770149369655 0.1518043877474005 0.16779038975478272 0.24581426762234446
0.40585404201589764 0.3647145774475288 0.3389545435123638 0.26086742428111337 0.24836972979956534 0.22605946477502195 0.21103453705951902 0.2610230073417077 0.264075137981274 0.26349910493501905 0.26563757489480655 0.29668600100807513 0.291173071508604 0.3158308965167925 0.3277535024257705 0.3433535247194243 0.32399447234744067 0.3306454312420418 0.3378530401368808 0.3112243415340365 0.28794978516929265 0.3146222586158805 0.2919828550948097 0.28179395699756055 0.28356958159524215 0.25500982034897385 0.23442392816555735 0.22894939510180395 0.19365209660976618 0.14714371872965415 0.16965988019885717 0.20267706682648826 0.2502652926883524 0.25268469418038575 0.25127103169511855 0.2269144617336892 0.1871106410372051 0.22274089479379847 0.17403746401543768 0.17155980117462907 0.16069332703763528 0.1940596322868352 0.21664482607134675
0.3625391833562788 0.30540770056472843 0.3101271466127717 0.2780792246481331 0.24425832181125406 0.2402608145712567 0.2501060420420097 0.2238438666204606 0.27866557825298177 0.3011183576690213 0.2940490260591358 0.28148726105666566 0.29924880760066414 0.2743841912895254 0.2916374921419165 0.3490594479041672 0.37146603426783725 0.3580484262188085 0.323083138797995 0.29969927914341093 0.31000768226231395 0.2923040258316279 0.29719561127640604 0.31457650360717365 0.257796963992337 0.2238001802433921 0.2366635781972086 0.22940118673154025 0.19104309525536073 0.2035424921848063 0.18499404649542978 0.22346054710078483 0.22977934803600605 0.2770774296942914 0.22584957333660144 0.22215646634574387 0.1890897260182205 0.19113110720669954 0.17613728582765611 0.1776606877848409 0.2033280610796591 0.25615733438283617 0.24477044263132688
0.3391723247927711 0.3196393127218213 0.26912050624845657 0.26396920678575997 0.2281483639416087 0.20657101116049306 0.24212853441028592 0.28097377984411503 0.2700196296463067 0.26237292561143194 0.29036082259829765 0.24480616857871157 0.23953493966782233 0.2852249179212574 0.3118892874775899 0.3355475426180045 0.3365829137469924 0.3057054280535233 0.3050739620847824 0.3271054889870653 0.3449046302243923 0.33412894787765324 0.32002416723979077 0.3060921198059851 0.264954018143619 0.2524139106969622 0.23044374674057386 0.22550507587781282 0.22363155101969687 0.25726472583766913 0.23916355024487862 0.20491765629354794 0.2269655423569488 0.25587630482817314 0.23428850715795932 0.22886169690490327 0.261900548894392 0.2500266266339645 0.20071872346091388 0.20716358959904102 0.23653266874631737 0.24951992940166454 0.2438471362429567
0.35523669327690555 0.3005564055423165 0.30914723629837293 0.3002982809358988 0.22598655436398085 0.17150714081598234 0.22900471391447144 0.26479586554717977 0.22588923911950146 0.2687329797215248 0.2698807951100994 0.27486044265789666 0.21785544102632878 0.20833949043859828 0.26002648126172023 0.30546585014879546 0.29329640899456605 0.33698943101038653 0.3176159297866724 0.2872523136943814 0.37241472736731335 0.37465844103966617 0.34107734379054905 0.300759474301776 0.2396146450112371 0.20708528529121722 0.19771501158440852 0.23890601233469677 0.23867290319208617 0.2605242079390598 0.22975353443003627 0.2520092439254541 0.19623983469872677 0.2125846554657328 0.2720972262877586 0.2826037324812007 0.2783357715408583 0.2629884543854155 0.23311073603970145 0.19337719087086205 0.20846156292783102 0.21290100354938596 0.2137936107713861
0.3540342187157339 0.33528094499896255 0.31826088583258005 0.28840027619211545 0.23925765592193576 0.21577613052621253 0.19160125524430083 0.25570593325632873 0.22451603825577257 0.21002374150965897 0.21564894828312503 0.22626539012113744 0.2005498798389921 0.21234047543498563 0.21460651227382585 0.2521740514648262 0.29911125844999875 0.33736425319357904 0.2958569907536535 0.32374724610300204 0.3569779060226131 0.3457203322265195 0.3079016186326007 0.2677440891290668 0.22759150202680567 0.212277385529588 0.22716158952958476 0.26710699912687413 0.25082018592668415 0.25840935454120595 0.257810246624789 0.2148837777809537 0.21461594736177064 0.2275192688201679 0.2459362364963561 0.256467473855216 0.22796622280923318 0.25001424375620257 0.23324503417928089 0.23523821278471674 0.20848124624020276 0.22937202159069628 0.1986759167815934
0.34967469351786473 0.32751989850838586 0.2925168142095486 0.27182024713851866 0.22046300354672066 0.22832345976822083 0.20983924932356973 0.22109646680324968 0.17854719149595213 0.18780263878540548 0.18854438646829372 0.18708623117331646 0.22141089441590298 0.22318163627051207 0.23491909311882123 0.24565793492966584 0.2689178599401453 0.30034587029487175 0.3108335390574276 0.31340690527213017 0.31886012162570015 0.3294904634355285 0.31286035007395424 0.22344414299306925 0.22154536584737497 0.2523839776508626 0.2103555036314862 0.22917689257863044 0.26319981954162636 0.24963994899283407 0.2524149932097605 0.1863125150544331 0.241501444439432 0.2663757539853012 0.23504930608242802 0.24663377728017155 0.25161488804709875 0.22457275322322545 0.2445893656709882 0.271110422250557 0.2503044882708191 0.22025138917064263 0.22081871834099467
0.3299997948341257 0.3154459896901873 0.2765346102756746 0.2501917924045776 0.2500630091287131 0.23633672394508234 0.21543684363119472 0.1784816959746592 0.17106674442842854 0.1386136858195422 0.1606017055747153 0.1554250070660152 0.19553895728698018 0.1804324676192249 0.15140143237475223 0.21415268319289665 0.2239984354584503 0.22618631749344567 0.2677895563126293 0.2877410909121236 0.27316082435224076 0.30555623438983953 0.29083163576793997 0.2600085091179791 0.2232915914397763 0.22725937984118946 0.23526351118345978 0.19629432158758087 0.23286492020670524 0.25517671177545914 0.23143341899387646 0.2517360717366231 0.23673987262303933 0.2277606643361761 0.264661398001304 0.2484591080250484 0.2231941567927556 0.2548047164608787 0.23496717505854173 0.2267740170587783 0.27719271664954503 0.27174388664499954 0.23800128056544811
0.29254865656110585 0.250765986508393 0.20425559729766524 0.19587222882826516 0.20493747699196746 0.18914511424543254 0.21761126213890933 0.2207709079976861 0.20815572650954772 0.1416640318740431 0.1334422161744132 0.15043552287172593 0.18331994127695153 0.1366565865710589 0.17100007198853734 0.12618048524300396 0.16183424037125216 0.16694907292646147 0.2006563175995157 0.2638665426333805 0.2889482207128846 0.2980532934053085 0.28850099189432343 0.2612956108830946 0.19533213956688356 0.18958932879051255 0.17841795002765415 0.19586638841996568 0.2427597989533329 0.24878784917233832 0.2270548745132701 0.2585906678824393 0.26126300627071275 0.21986054999482652 0.24355066564824226 0.20406305819471068 0.22035785879055647 0.30118125133850154 0.25428288145809785 0.24038148905093698 0.2872440541229986 0.2812194593884808 0.29249043443176553
0.26913753060752227 0.26556048063710874 0.18967747132350155 0.18445998926374188 0.21029723968063913 0.16192533241392457 0.20208307089772673 0.17746387100950964 0.20942385658125037 0.2045055667496222 0.16495246654996945 0.14443118828372378 0.17207185894203145 0.1379995409647593 0.16144110882476034 0.12162333675261001 0.11081316638386143 0.13505452617444438 0.1879292067045234 0.23507032674947778 0.23479312968485921 0.26151067801016153 0.21751391671928869 0.22811930062783198 0.17513268352250216 0.14646052313841665 0.16779894783546767 0.15895987519870697 0.1753555678276406 0.22982813599776372 0.22405768049466276 0.1989430462192711 0.23163169860906865 0.23830443129440843 0.22914248326261225 0.2301577996930068 0.2019115498635681 0.2506429694496742 0.2501832615001689 0.26509308250517055 0.2766064752656249 0.253252401897904 0.2766045182001582
0.2769146376367347 0.23465372595738626 0.19184260553975505 0.19674085052578005 0.1955569208299716 0.14486242797767465 0.19038226719494483 0.19263806689778548 0.16944384908553947 0.176294038798082 0.15696577381601087 0.16761926881266315 0.13717379186969192 0.17236528271597748 0.1448402867751382 0.10582227295845024 0.13514277402274585 0.1458342594373489 0.18610331978085873 0.21615001547745952 0.21123697450908346 0.2062098604306437 0.21175943471076758 0.19733011222473693 0.2033984165729486 0.14501309368426604 0.17914315781805734 0.18642160227652732 0.18064192070621843 0.15301506666709985 0.20427851051752713 0.19357470958594925 0.20659741779278928 0.23088168020346547 0.2107998115862728 0.1956159093638205 0.23502542918143685 0.2320844412133985 0.24837364148938723 0.2537202904063979 0.26011216362562645 0.24195279206249373 0.25359135821782125
0.27643947553255066 0.25262415623637574 0.21546275119048316 0.20361764719783648 0.202270546964825 0.18253014724310584 0.17594926191384036 0.19055684854495752 0.18765934896578274 0.20224710070261337 0.18216466809719822 0.18540036196584705 0.1626145576274314 0.11581156299027542 0.10270070822385206 0.07652627192309851 0.11488458926943759 0.16686313113815604 0.1924069907931499 0.22913836607727037 0.22469860127352473 0.26295894917169227 0.24571891413330743 0.23193901447266932 0.19225781382782495 0.19442031872605717 0.18524869785368575 0.1844157538838744 0.19487451016597218 0.14605841748065684 0.17838876373815563 0.15593420812055006 0.1654818992829268 0.21613589987543766 0.21237248910775577 0.20980570989646738 0.2083837192613776 0.20933557397623948 0.18463897953391797 0.2089064450904178 0.21352315508481898 0.18560282732162153 0.2057910469347508
0.32357578951346344 0.31464130616335134 0.23304835620535805 0.2269689192502984 0.20932957918853673 0.18355694435762365 0.18922303308888128 0.18486692913937242 0.21301192890475235 0.20756235889379104 0.23652345163739386 0.21377998539453105 0.17140165720099199 0.1373646632880684 0.1181274939053556 0.10866199427412557 0.15315190014961866 0.18090517165134443 0.1905649029174959 0.21150068517426454 0.26918420302497786 0.30001093437400933 0.2343910201173712 0.2207854419221267 0.20004015136401276 0.20862258064168668 0.18350873335562584 0.14915429052421755 0.15355457752069018 0.1754281132745363 0.1785865758287967 0.1742114596366474 0.1654087559777221 0.173695610675375 0.2150367051226604 0.20329902824966042 0.23543103852290556 0.1969206210681816 0.20773411708807243 0.17734126308319761 0.19104605454755402 0.20336921874896524 0.2099786013264452
0.3468654006173721 0.338661748994527 0.253443521089848 0.20780940312910304 0.1987781944661453 0.1732621294406895 0.2171069238110079 0.18706076308381375 0.16827635231932386 0.17719520312461573 0.2425639637314073 0.2265616281694856 0.2257068038322484 0.19790379631684926 0.16598443081180173 0.1386606680565147 0.1488508648658119 0.18271963706464833 0.1928749353832271 0.22082866760650324 0.23977145188601337 0.24149553386067518 0.24193075755501547 0.22408528745523434 0.16888397033446556 0.1755034323516458 0.14702334335684372 0.18197021047152498 0.16770034066297765 0.15006895553914262 0.16849172152091252 0.14552838414174596 0.21264284903937133 0.1836972693634412 0.18669458404432326 0.20289227905227805 0.236042843813861 0.23670933422779247 0.23724690441786928 0.1878043836294382 0.18688507205271915 0.2205883780586521 0.21905934394842055
0.35127664688578497 0.3228151544279791 0.2807371778725998 0.22700055268708305 0.21403523848451247 0.21596683925081941 0.20298318377696134 0.19002666238964344 0.17661201213730676 0.19779906280569856 0.25921205854932855 0.2335083425842731 0.23962149566992924 0.20368310778354545 0.2203915204947058 0.221033953344863 0.19987572344123924 0.1891475289606731 0.22638170722846418 0.20053120657116322 0.23326544449017358 0.17478639319291048 0.17968542895121042 0.16156920372528613 0.15503329982182004 0.12992100144145544 0.1450473440457961 0.18854274976027516 0.18408836085703714 0.192815700949745 0.132630922061768 0.14888368533261429 0.22367987539431186 0.2340175263988414 0.19713553696122954 0.19831886907555143 0.21624074757379969 0.2557441688964059 0.21478350610759256 0.22240879539818298 0.19960888309201616 0.17460914577457043 0.2019669593112508
