Raster_benchmarking/DGGS/continuous/raster-161.asc
NCOLS 100
NROWS 100
XLLCORNER 1743168.296753737
YLLCORNER 5469280.997956137
CELLSIZE 10
NODATA_VALUE -9999
[rows 0 to 18 of 100, columns 0 to 42 of 100]
0.14499280898911673 0.14776368624751576 0.1415244062555097 0.13671925421569547 0.1285458552763502 0.13196992102971805 0.10145259169530875 0.08923538622470445 0.09885763851281198 0.12389745365929643 0.11677409213369763 0.11409595660248552 0.06887878548979785 0.09795709594616651 0.07942923229909805 0.04423175575666953 0.04879005739316556 0.019931664744053324 0.019857625001417616 0.01301370138627617 0.032671284793977406 0.07785210921379032 0.08110114305834387 0.09467512943478557 0.09093968116756666 0.08657847529628904 0.06525510315273177 0.009472504393538578 0.02139066679745512 0.056699714857402696 0.04591609703174259 0.01883418147587874 0.052325679263941105 0.07078763325679709 0.094937357122458 0.12580249889077508 0.18402555462080833 0.19310126859207039 0.207184154233939 0.19322187386447778 0.21052074673851298 0.2322401028528106 0.2151887254557545
0.142850051624923 0.13947681086947825 0.11002708775856693 0.11234192381935515 0.12399517935558485 0.14510211383848765 0.12581658168961915 0.08503490145469446 0.10084367124219665 0.13392854664297613 0.13245179980452756 0.08613212001005678 0.08602707567052674 0.08008851146108145 0.062427994000761676 0.06817780010693003 0.03481263722710638 0.038127281204017184 0.030953258497524196 0.05678309465743015 0.03945153066296763 0.05180721683650316 0.08301034980351002 0.08191821982960953 0.060553452020264104 0.07335906089671433 0.051720803548821484 0.0 0.03844616560693279 0.0342436261318646 0.047634113776481496 0.02244388047400445 0.034159802044812025 0.05614491450286341 0.11349200186055804 0.15627090714363767 0.1749096350612691 0.1984327262476393 0.21541667525168764 0.20722652308927453 0.234964543672989 0.25224214778400267 0.25414722455787164
0.09583751086676034 0.1319763110687836 0.1133474542832599 0.11584222065289317 0.12143223920003901 0.09918735633993787 0.0864163801872533 0.10942385432143352 0.106205161785 0.11823152774506074 0.12409105732490966 0.08460732202839466 0.10243152263459286 0.12080832264462205 0.08958710656212408 0.0822267679679552 0.02826328868933838 0.04055885776183538 0.03753438770331259 0.04162755670478182 0.042677078094443925 0.05017167959893231 0.04302984807204926 0.0310984752590259 0.0278329223505298 0.027153714624665364 0.03739799126415457 0.02329308562602137 0.032010833680462814 0.023318374489642826 0.01279016347686938 0.025721454704855574 0.058742799647507095 0.07196198943008068 0.11124853694765384 0.13844366443323536 0.16694036870908943 0.1901812797818933 0.18344546239612805 0.19143521794148327 0.23486848677214262 0.23900221842397415 0.23180727597450376
0.0976328276575531 0.09971528683205035 0.07448921009895264 0.0770486203268442 0.12895793020784074 0.12461580990277693 0.09294527874006346 0.07322193290615743 0.108126895601886 0.1064645587984445 0.11853526677261934 0.10413025387209704 0.12786213788827072 0.14418503829345228 0.10748492818204887 0.09312692283815718 0.06260407718182527 0.0018865697642444447 0.023445938703348213 0.034057592003758935 0.031224374688989802 0.0371000880997699 0.017494958924159396 0.018319095125571266 0.011071584402205762 0.002282487125969703 0.03443123735585102 0.03784276934036163 0.04687285222267306 0.019523229870291325 0.026392504096496693 0.0577241869262219 0.07132648736872389 0.07865184323689246 0.10387138462537794 0.11460262110561523 0.13608003270870603 0.18256224784268132 0.1902580947414926 0.20675907156470452 0.21210030388004078 0.19227251579384044 0.23379918596714402
0.10306543290939195 0.0779471800787756 0.0773953316343978 0.07673692439737842 0.11301748566288185 0.12679422672793553 0.09514857678169562 0.10563100956802522 0.07044187668796155 0.10358663032667897 0.10055493494789516 0.11024487603946789 0.1102925869090217 0.09913936827164649 0.11596673669443623 0.06559449142054624 0.043596022937988116 0.02142345155964448 0.03158374291921332 0.029540273415277797 0.030333948592947826 0.013469718730200423 0.0274242880120662 0.035242331293577095 0.04818724179200115 0.012700792114258546 0.04295069830134242 0.04029590774576316 0.03506854271213491 0.04443556851465305 0.07146613101943598 0.0846394290460635 0.08285714704706969 0.08213015314756245 0.10465996592662025 0.11526742874559051 0.157564176281794 0.1817313907106457 0.18978478849595826 0.18277901782022277 0.19266538979953546 0.20770032186045648 0.23557665309247644
0.10253442274493785 0.09625217050553002 0.10589416422613622 0.11771274154256445 0.12267380237823765 0.11875162467538715 0.09460861993263639 0.09979690821309743 0.07569216936372988 0.08143662917793262 0.10374164015512423 0.11779268142819772 0.10482533884260581 0.08738263488700793 0.10910883373860618 0.07907850400834032 0.08612571168948197 0.06101151841129815 0.052358290208271034 0.02321641951203129 0.024466516490674786 0.029765624600002944 0.051694448679277034 0.06768231720314576 0.04952772089420174 0.037873742103597216 0.03707530984595957 0.05785678975126422 0.054223999788224106 0.05346571650150975 0.07749664215323229 0.08048991755783362 0.10796804961795502 0.11302735555869069 0.1296575024749078 0.11937082284804479 0.13977994014256065 0.20022966425760463 0.1859294682184693 0.1984192642967808 0.20383894883034848 0.25397187402153154 0.2574277826838642
0.0918771458028824 0.11456139411526478 0.1055432351879513 0.0981441610272342 0.11962219568305976 0.1309045908909013 0.12113770546830319 0.12239438162812834 0.10311826453092546 0.08766012104287141 0.11615241492179895 0.10257742983512862 0.08452361634869052 0.09029011912666594 0.1009562612764576 0.07278084705689475 0.08760713465697968 0.05696251162964858 0.05152318624349588 0.0647585003338397 0.0396323547009156 0.060223540131196095 0.08234721647469306 0.07979822110651831 0.0875616770420301 0.08423551817448005 0.08712098152795546 0.08041636545471813 0.10300937111032855 0.09859985548587587 0.09989436318184082 0.12314702111556301 0.13343442292815633 0.12829611879154273 0.10531793947033546 0.13074727782236614 0.14090756711738578 0.19064817206426257 0.18280789435630154 0.22071371377940147 0.22446090943920635 0.2471638831054742 0.24995345295220414
0.09474126267229054 0.10900240135747874 0.08125756080364376 0.0878920384724053 0.12721959673526634 0.13405174143403964 0.12128571051082636 0.11456224364807747 0.1311591717463402 0.13372165875582248 0.09850817491146029 0.08506793239804702 0.07029763766830371 0.09682882839917908 0.09827351752500887 0.09012961236809498 0.07329169869856358 0.03298699367762158 0.07101708007217623 0.07914631164261567 0.06883433363455506 0.08759447961586475 0.11091128130377134 0.11763619201075302 0.11861002792927834 0.07158645098853415 0.09554057340138397 0.09461090345763701 0.12881096936695766 0.14557661486837756 0.11172607411221953 0.1289753109655436 0.12513315441352937 0.12579980090553877 0.11158646060995295 0.14133519078582757 0.15030287527282574 0.1623669075578993 0.17329778678120522 0.19375829203517098 0.23325138653836802 0.2599449506350581 0.28281930042488135
0.08643004175896919 0.1160223283215118 0.08381844634621731 0.08722719463258026 0.09685998575591752 0.1207245762323451 0.11735388726517756 0.10797804927252076 0.11538815665951023 0.09762115816314143 0.09359410874930936 0.09522946392496388 0.07994912086525177 0.09017109043979249 0.1035710400308067 0.07705317390279123 0.047099206668321035 0.052324807125296614 0.06029468987629815 0.0678705435692672 0.09129309651431017 0.09137124358955652 0.11948973269496904 0.14762988778053457 0.13294399198520693 0.1368573554975178 0.12319758447914281 0.10911533390828329 0.11713418958305057 0.13610709439501129 0.1213366287463892 0.13386435591776027 0.13127800998725075 0.15808115635822 0.13035587473628818 0.13719547834583573 0.18666003448429605 0.17110533848969917 0.20912325914220212 0.21788844141181726 0.23530181445743464 0.24604630180494438 0.26501836755794694
0.0668189750086619 0.09978254377864886 0.0720361071042734 0.0764128687941561 0.08894553929352739 0.10791571129434366 0.12761444307442474 0.08340964184638855 0.11833475413878196 0.10623152842719419 0.08925917137314014 0.07341770980046088 0.08889951495183315 0.07153691091691552 0.08076074979249025 0.07347783470753894 0.057887296037232805 0.058396742670419506 0.08275334648161377 0.0771633003868944 0.10961100775367177 0.08721820960012881 0.09403867183070282 0.14133665438332754 0.1627394128738906 0.15532720648396445 0.15905811199304803 0.1393295430470076 0.14934272469740822 0.1651821807955613 0.13300016973113896 0.12343763747892905 0.13488225550947985 0.16261603138100642 0.15103688142458466 0.17226116373294237 0.19608688874137836 0.19145666184425125 0.2226330252121094 0.2643659019670054 0.24638565275406116 0.2697231365030796 0.279180719902469
0.05848487196955078 0.06801286976144086 0.10112104560735316 0.09475952990352295 0.11007495963909444 0.1311638474091999 0.11696724193954348 0.09855657254133736 0.10666361439404344 0.09163281962056928 0.09383148083953495 0.05782583860645341 0.05117521960722293 0.05241647787528961 0.053702509527858815 0.048422400710098325 0.07532593764949669 0.05881629162377683 0.08727313621699194 0.0892480276949219 0.10484461232040568 0.09345572889525752 0.11016547913306526 0.1453277410216883 0.14385352869614132 0.14206474220264134 0.14347237045308803 0.16636826720026515 0.16062896914646616 0.16961772661883473 0.15935442947458442 0.1429423470172644 0.13636016014618096 0.14179464047865514 0.14651094687008395 0.17299718131900332 0.20099607472085063 0.19184989103069267 0.25074276736097295 0.2546375483712717 0.29827249541830825 0.29643276658289563 0.27801697644356105
0.06874263628841265 0.0740797263187576 0.11361748012749397 0.11074826140816256 0.1000770687844079 0.11494535908086008 0.11298452378233652 0.11814930739961943 0.10301928243862256 0.051843632402214575 0.08712687028877605 0.08353443797786038 0.058301045148394154 0.04562378766534259 0.04250810202447918 0.05925317239727343 0.07431122185998504 0.03989113335266351 0.09139545192424436 0.11763391341686373 0.10158316332896565 0.10770314789018547 0.1119366923468569 0.11129117902784078 0.16635348654611157 0.17433872563025346 0.1866373319242106 0.19220589368386307 0.17013345773621286 0.1760461014951982 0.18102672725112465 0.18933493113157496 0.17711191643601576 0.14282722103788062 0.14215197841446073 0.16749456122332868 0.1850970181264046 0.20693775439869275 0.2531711896681316 0.29072772616710907 0.28164509885006733 0.2816525347702148 0.2590300799508622
0.09224004626041127 0.10980937955326024 0.09427535955336168 0.09453578531279262 0.1309683556535036 0.11710090103953524 0.13918900731997058 0.09705281281774783 0.07396106899473479 0.05183501033626713 0.06222659274242568 0.07573943240771559 0.07980339065167473 0.07408307263356202 0.03745031175324143 0.03994979681077247 0.06975315064473496 0.07045935589918424 0.10868705344148198 0.09253721226852527 0.10814004748170937 0.11420299347986759 0.11149358255862316 0.1391639002055627 0.16535879395539574 0.17852834063594863 0.17391267902382598 0.19524282779668983 0.17810428302039358 0.18762888605100586 0.20881183986548899 0.18596727345082495 0.17560906311916116 0.1804668858842441 0.20025316729739287 0.19071017612559008 0.2178087950130527 0.21177543427370296 0.249472315585817 0.2879011791835639 0.267153046860523 0.2695117528090671 0.2903738213694074
0.10053254837503246 0.12150844641307222 0.11567898846964858 0.11575993702227827 0.1407020362680882 0.142195738786435 0.13630784350765668 0.1034039231939576 0.10253874259685869 0.07723490922057559 0.07841377029784165 0.07218943957764583 0.0610183041168797 0.076996348017008 0.03121671255380374 0.023672199716700263 0.05846177969379588 0.09102150669186163 0.09121740666669273 0.09752868504173698 0.12242413513582077 0.13452391294170937 0.12946053229243387 0.15615272749116077 0.1694640633616787 0.14062937814520238 0.15491813522164039 0.17995361878786117 0.19626247220659085 0.20946241687682715 0.21034147935349284 0.20363272391267542 0.21209203053249767 0.21772804968315165 0.20403429492909894 0.2033583800501426 0.24163610873503788 0.23063008252479428 0.26236086531946123 0.2725620527502462 0.2781521270538372 0.2975934012800872 0.32061226365672285
0.11264896889214061 0.11783037067162418 0.09937354710906209 0.11172051743616629 0.11219301255845053 0.14347498990639246 0.1225077779416775 0.08869627663535391 0.10812539499171325 0.11202339561459353 0.07244615951764566 0.05611397483850526 0.07177713228791616 0.051784445622060984 0.05123392558541566 0.03488953503467692 0.039239551621566546 0.06940496992008513 0.08167585069395998 0.09670478485418114 0.1294135175705055 0.13987757886380853 0.16207775913129524 0.1789463400647735 0.17348556763739356 0.15503621094809844 0.18269137544951503 0.1883380663946474 0.18544213263745687 0.21910331536832767 0.22481351970728358 0.2334473890448896 0.22319144716105951 0.22945996789409454 0.21981784621093423 0.2310581905057662 0.2634814894601003 0.30592786613218775 0.3020906789904279 0.2981455239089205 0.31280669843919456 0.32659253929022725 0.31640277280223494
0.13332654417810658 0.09303087863300946 0.08829292976837792 0.10026713609850876 0.10433664113029502 0.1384275466414368 0.13105515575008422 0.09112911990365628 0.08526399055709231 0.11140855584461327 0.0705124113262991 0.040011333021101304 0.052880389709583205 0.027803558188229216 0.025157693084304288 0.029070412015968983 0.05702769000232075 0.1003519332818574 0.11604608622454177 0.1207649831129813 0.15544944210408515 0.20538418649951834 0.1590364421612169 0.17011998464930825 0.18105081034565182 0.1539297913183808 0.18422153721732668 0.17023000409863837 0.1762720747260333 0.21885699575988005 0.20993909086652185 0.23349214811393143 0.25471698222129946 0.2444384884156776 0.24539767110386912 0.28871102599288284 0.2914551400103233 0.3541982952509954 0.3422684625646604 0.37388416661743046 0.35768712652881834 0.3873441471477653 0.33693457981959124
0.12188980272986541 0.09337493090152932 0.10061992696322877 0.11382881386802773 0.09174874787107563 0.11952156098914281 0.08517701175223005 0.11012151145656314 0.09330940132408738 0.0893793043619326 0.10593039701634599 0.07955538032818424 0.031258803593787 0.05794579806344564 0.030473765230011732 0.04849736244074631 0.07146936143925078 0.08525318476263911 0.10304251214820637 0.12632104428022364 0.1510225786059917 0.18852556750659893 0.17730965213553398 0.20649838556633526 0.19631078207398375 0.19742407267084172 0.1883212145738068 0.21714977956751141 0.20287754402870503 0.2164968128763384 0.25075204845096166 0.23274943890282698 0.24827911634575947 0.27650198618606264 0.27645289971605275 0.3216942338885867 0.326717045947681 0.35995418084409314 0.3709055435661521 0.391600491765429 0.38580994635365157 0.3581662814942057 0.3849773347003913
0.11327869666518094 0.10526405893382816 0.1202031687126882 0.09789323268392071 0.0920057950373962 0.07959901150013077 0.07817369936999621 0.09487265678160252 0.11291016763834882 0.12961354576768322 0.09674277534089079 0.05990338344408583 0.05955324315866557 0.05418948866645823 0.03493917519619127 0.07759141649265856 0.10071568276189212 0.11091001568691461 0.14092709381788962 0.16470799398302693 0.18112871431323238 0.18205637854647672 0.21009343600973718 0.21210806659282583 0.20433016593828762 0.19581817753367906 0.20191885770911164 0.24760369514959063 0.26002731432846826 0.2519043127790291 0.2645448267991004 0.2732505061020024 0.28804794895253744 0.2610522790304644 0.3101360423360179 0.36311717337292054 0.3332775597533246 0.3668642953264966 0.38278511101375945 0.36505668469112423 0.38485087079560565 0.35979201652855386 0.3779603269000308
0.1517335268333446 0.13679875646361173 0.09334391702797487 0.10516896489119525 0.0857259961639089 0.09200702204038982 0.07571368254117367 0.11414219938165844 0.10222347247202701 0.11394066107463975 0.11206366208650724 0.07943932433517895 0.08265976006306817 0.06189808075280655 0.06372625946610778 0.09323857603452444 0.07693135615737898 0.11636279222655531 0.14754256221575773 0.15929261534618916 0.19471135085614197 0.22243929666440232 0.21429829647738713 0.2407922465446764 0.2320621100275019 0.22634089616006725 0.2643211051858405 0.2873512004278221 0.2706127338236438 0.2666595032869364 0.2969026946169642 0.2889279969309634 0.3034601075030122 0.3125501073019719 0.3322199329287865 0.3472325672437438 0.35913426996738235 0.37953675301817535 0.380375276394189 0.3949461358159269 0.40820496569590226 0.3972185352642834 0.4201068781819203
