Raster_benchmarking/DGGS/continuous/raster-89.asc
NCOLS 100
NROWS 100
XLLCORNER 1743150.1946194707
YLLCORNER 5469292.811013063
CELLSIZE 10
NODATA_VALUE -9999
[rows 57 to 75 of 100, columns 0 to 42 of 100]
0.7661537975378527 0.7702028766791005 0.7896186532713895 0.8157381061882043 0.787524655565937 0.7489844941992064 0.7738968744338979 0.823572626970177 0.8292762474904876 0.869556530104702 0.8705704174232919 0.8764382360483719 0.8597690039716416 0.8744681756926842 0.9298241862468758 0.9170402257774017 0.886655238092403 0.9332085685490054 0.9400582859585673 0.9298467479350212 0.9579000752270189 0.9530394728146612 0.9717876822675435 0.9522916762132585 0.9037594761343529 0.8610535031195516 0.8425551393325146 0.8647387890946171 0.8613749775462015 0.8574959118175317 0.8180804812186956 0.8200379654933506 0.8156051041599696 0.791036350738111 0.8082446308178611 0.8390913802952091 0.8547778656401662 0.8675651498119719 0.8507540652014955 0.7864878095365501 0.7749706189795899 0.7944696900064839 0.8431828556826662
0.7508966636945392 0.8086100463187865 0.82430521277566 0.830365632183682 0.8360095050546642 0.7955465885779719 0.8264138656697607 0.8400599158881841 0.8232073560480582 0.8499665231145147 0.8878295187896676 0.8720918774566123 0.8918166407295517 0.925296473897585 0.8979188234161586 0.923110267809943 0.9004132150727717 0.9345692796859653 0.9739019320078909 0.9767591574352924 0.9721037146298834 0.9270454723603968 0.9469740176626038 0.9189649203308957 0.9182607227694295 0.8642990078794816 0.8896413400978538 0.8871502973214277 0.8901773208905003 0.8611054058361098 0.8046097551517334 0.8080200544268809 0.7989846685117217 0.8190202928942495 0.8291731023875388 0.8099326428499197 0.8274079946229853 0.8448732423880171 0.816412329540598 0.823833524346817 0.7818818132562052 0.7966458791881088 0.817900659206055
0.7541510606779799 0.8127719596112861 0.8426103046368736 0.8468090014131566 0.8442523968573445 0.8151031385117959 0.8281523767326939 0.8164422695522398 0.8588224332728537 0.850811936768488 0.8750599432253079 0.8677380626844253 0.9353236287243415 0.9258543961319852 0.9120725107844112 0.9102882239899506 0.9414215630536845 0.9657790537112902 0.9671765940669237 0.9792129263962367 0.9334850795594197 0.9402623391788503 0.9531359587398233 0.9318066608584051 0.9038607909606139 0.9167713563149129 0.8837044139637446 0.865243664709955 0.9028193722479395 0.8934129276998134 0.8395276779330508 0.8337700414550453 0.8215214685906908 0.8520358115135218 0.8643717977704795 0.8209061979406714 0.8052991785461616 0.8212451001220062 0.7876294622517457 0.8110377806732867 0.8206724360373755 0.8291515982379136 0.8226051767511179
0.7547268597124931 0.8227270128480162 0.8398075626080322 0.8704680746233086 0.8575992110701849 0.8203385168529339 0.7956569121461752 0.8474692198612365 0.8720450444769702 0.8559810673346673 0.8635363585449037 0.8930963785604673 0.914769527467555 0.9475434600151266 0.9387325855776814 0.9501257847153736 0.9497424630532918 0.935493282468961 0.9418190908976516 0.9390632966162845 0.9050939727657836 0.9221329617923966 0.9561459288256041 0.9299235668952984 0.9361383801002578 0.9065354061519733 0.9155369605397808 0.8964765985806318 0.9176929814507538 0.8869511411582531 0.8649566123034986 0.8619581444478991 0.8409035187581034 0.8847599819374556 0.8878472240309658 0.8384436999128078 0.8622906994932994 0.8152181225451202 0.8422954169744821 0.8173461967637385 0.8504813676525569 0.8208115924425036 0.8336684223576869
0.7768441292025016 0.8106188045176805 0.8658068956557312 0.8520111179015796 0.8218446250853906 0.8078882995943205 0.7836367954155636 0.8169394434115254 0.8147029792628704 0.8260379992810397 0.846909831028006 0.876024546882391 0.9229472850012262 0.9240285779325885 0.9196527170011863 0.9577705130910911 0.968787488856398 0.9585430922089967 0.9528502033668123 0.9236176252311755 0.9223195468817906 0.9317685908842801 0.9626041337959802 0.9241107147611338 0.9314150377253575 0.9131550539926041 0.9205470133049612 0.8776132449241915 0.8891176043840034 0.882389102689764 0.9011476831329426 0.8612565160007288 0.8818940879716329 0.8829532010502499 0.8814250090811168 0.9009406214253669 0.9014399847204734 0.8534813318556588 0.8660988058696183 0.8627022526455659 0.8637926759426413 0.8221780832413644 0.8611929407257678
0.7752237199665353 0.8160431334012668 0.8605032207770041 0.8620232114544624 0.8373358225819504 0.7940619263931072 0.7919708453756384 0.7741134836399347 0.820192762640666 0.8442184593535437 0.8463362472369204 0.896665724473039 0.9171517096378746 0.881696983314934 0.9227856573108343 0.9349558359036483 0.9337957209365514 0.9682996909012568 0.9645120648347094 0.9206241552644747 0.937765190089053 0.976381937287593 0.9897368594277146 0.9431924788699285 0.9596617572383896 0.9286001679379271 0.9056232624293031 0.9155859634539445 0.8941810316819999 0.8857898259517828 0.8641804036629614 0.8640815143140281 0.8652571499670364 0.8620664715606232 0.8692463971125081 0.918559327534749 0.927182797941907 0.9254775420780857 0.8968718643407834 0.8936317344055668 0.8728588408619343 0.8308381266532603 0.8153062408633684
0.7909194778718207 0.8346313971469478 0.8562465595849343 0.8584558642622264 0.8390664236944734 0.8098672901000817 0.7717133563731423 0.7570022268018812 0.8314914397209885 0.8476707915658608 0.836920524503144 0.8382193334036714 0.8694817964815311 0.8643606146574915 0.916990694975619 0.9539084543959242 0.9660723565610912 0.9146237194391996 0.9216485515588774 0.9208605735628479 0.9559171550349015 0.9529143467915683 0.9903507792365694 0.9719520905497487 0.9491314276081824 0.9512487681143473 0.9320026264927836 0.871959588841903 0.8473147656940966 0.8282505553770181 0.8315876042398308 0.8282794431035521 0.8709001759193352 0.8432607461724477 0.8789271263074904 0.9243220064835189 0.9370450022738144 0.9283559530691062 0.9692582925104635 0.8883995358684308 0.8552385046242605 0.8170002488253153 0.8467420600198285
0.7934766557596227 0.825393091818851 0.8359148148012238 0.7920970394186514 0.7739650097351327 0.7765571186721247 0.752550567137822 0.7626030024270296 0.8160308530982985 0.8249853788810484 0.8321457422101735 0.8366831968749433 0.8488904396728922 0.8864646466714449 0.8919969301532201 0.9074136609139579 0.8938329184903121 0.9038875148863839 0.8861161362555523 0.9216488152959338 0.9490627152994648 0.9625609887457771 0.9373234620743324 0.9298950363166067 0.9318445449041808 0.897189659926498 0.890768131538096 0.901192251816426 0.8614123100617473 0.8344184683952318 0.8642353958931561 0.853707001368361 0.8297261622631243 0.8548243768098072 0.8788679885438357 0.874564394746687 0.9115933240022758 0.9258625393688723 0.9111862694459939 0.8690800131088965 0.8354644131530765 0.8236082246788037 0.829491639443579
0.8522991148716889 0.8110648926369672 0.7893848753008063 0.768714962029421 0.7730638929221485 0.7913964259621177 0.7376912931328896 0.774475974685118 0.7959762404580781 0.8228656531519212 0.8112066981932498 0.8369995077550308 0.8645071679682231 0.8889251061882784 0.8878617169620723 0.8873596513104209 0.8992971693317252 0.8834184264054162 0.8611726528809748 0.8765436167894997 0.9111193455466131 0.9393735508769002 0.9396387682993819 0.9176024882882512 0.8961379506993974 0.8776204359961812 0.8966068903263312 0.8923077198030451 0.8614346699289822 0.837363806828668 0.8601803196836263 0.8373315977294675 0.8346155300020164 0.8422634422835298 0.8134550610391321 0.8459995209625676 0.8597282958633571 0.8387876836509814 0.8413557800581497 0.8004735211548875 0.7952509772348567 0.7915461420425516 0.7663579942468187
0.8311463952038934 0.829418777844312 0.8075854155627123 0.8061348395968783 0.7875654592547275 0.7885969595447857 0.7894771020498684 0.8133556957377596 0.785352748261197 0.7856371313157722 0.7960448881417205 0.8346613681752331 0.8775811994905139 0.8501090307058704 0.8510702552573344 0.8636522741254661 0.8415515480401538 0.8399511960106104 0.870540426030468 0.8752736521832438 0.8762821297092792 0.8867373446958267 0.8414514083489223 0.8517697713939448 0.8948310531248698 0.8819158313764478 0.8685472037339654 0.8198091826895354 0.7967521726395808 0.8315876517045316 0.8185056406237061 0.7888177472084325 0.7984706512277097 0.7822954828046097 0.7787898008457702 0.7809832754749401 0.8048144533888614 0.8195929397460853 0.8198203890994598 0.8063945751109588 0.7744908472323098 0.7263944238802742 0.7102395816437626
0.7996535893523676 0.7934826496323611 0.7920991049371553 0.7850594293704678 0.7694847986477064 0.8016077975700232 0.7921598029124985 0.820661568556523 0.8293007599101553 0.8066077740556965 0.8145122252574146 0.858992848386539 0.8790468382522844 0.8759744757111353 0.8598528047391263 0.8328784920487606 0.8023500981561875 0.8061502918482173 0.8356579629787925 0.8623959415416658 0.8695750722356326 0.849039145301219 0.779660429172004 0.7886401851152036 0.8372601007593186 0.7984431627330055 0.7856348951148135 0.7564271992126167 0.7513635377863547 0.7664045924282129 0.7429820690604712 0.7633928083013484 0.7272330909539615 0.7629644677109709 0.7922723003876959 0.756402522365728 0.7455953025134997 0.7503446974765 0.7850356535038465 0.7538639462075608 0.7043318048682664 0.6920891710036151 0.7024518695958525
0.8151811708772911 0.8150306543130222 0.7760071721920464 0.752284054564298 0.7827603875613224 0.7938843920593888 0.7798132221352038 0.7896459399132637 0.7969177539318713 0.7960163317906458 0.8399249641104984 0.8424130162450537 0.875700125306039 0.8576092612660181 0.826782890737907 0.8036021576447531 0.7953264645776297 0.7725702966267507 0.7926188826090083 0.8018125250159029 0.8139474020464287 0.7931040403487785 0.7582917252079518 0.7453778398828427 0.7703431680213657 0.745053695264429 0.7525416403442378 0.71083623460975 0.7231013014938085 0.7067630918440452 0.7027655293153939 0.7104916183835928 0.692415428289391 0.713682549717418 0.7547618603916918 0.7299335446803565 0.7650649388505049 0.7559172664564279 0.7482695760844787 0.7231759828954569 0.7178131194312973 0.7242688396833418 0.702488836674636
0.7923002436939254 0.8056547677138658 0.7653077840221296 0.7480453253646064 0.7608873366859858 0.7898429014914865 0.768536422223949 0.8154563824976464 0.796918305401797 0.8034454137568876 0.8492502337154528 0.8412797584470488 0.8630009248634135 0.8393307837828183 0.8232900255207432 0.7891642522859073 0.7746476385591097 0.7579736910104751 0.7321087502399918 0.7825161199531141 0.7641215213732542 0.7360485804283952 0.7266286290755035 0.7042713448591139 0.712071183244753 0.6913057174679443 0.6910788863373233 0.688741270381871 0.6933203645661314 0.6719306630877794 0.6628564847724917 0.6783184677270546 0.7179401233201145 0.7263469513389919 0.6894976355273854 0.7284637345514191 0.7233432689100217 0.7602299542281448 0.7192659218946869 0.7369767185798405 0.675577853436138 0.7062835319875661 0.7111004838879539
0.7679606108707492 0.7583749906555803 0.7769412937851454 0.7833207885769694 0.7891716315357272 0.8184889851659203 0.8083978676768544 0.8181158464715871 0.8053266047367303 0.8223261169077463 0.8381758515617432 0.8419782405903216 0.8151254083316384 0.8428648195362269 0.7984159096523042 0.7843315459208108 0.7418594553705619 0.7192699628862039 0.763999172850162 0.7750359647032156 0.7349212276414777 0.7365486165663684 0.736193362282544 0.693056435949343 0.6912719963863101 0.7191604512799918 0.7071401172977422 0.7180455900148418 0.7216636677084675 0.6743073297644689 0.7039373389511718 0.700462817141406 0.7077646025636635 0.712962514696747 0.6892008424314435 0.6895542676213263 0.7033917926971829 0.7332563897818807 0.7257298062184511 0.7253499722579081 0.70857257363518 0.6868467026590634 0.6851740890721357
0.7721989362974406 0.7527936004177496 0.7992700493295135 0.7859033358486484 0.8262474466588383 0.8235086544797698 0.8119026226180145 0.8023835680310265 0.794041670108116 0.7995169257078008 0.764175726422327 0.781572621914666 0.8081030564365348 0.8261627129280271 0.8371132027124735 0.777200960021887 0.736460379280203 0.7498634813879416 0.7396617704672068 0.7457695853947096 0.7694313574944703 0.7319655850152637 0.6875198802870479 0.6976039837984714 0.6849818974716068 0.7355032217356874 0.751539723056791 0.7162599986598076 0.6891979265554915 0.6474922884105481 0.6655993302803779 0.6693141027953264 0.694324446453482 0.6739142961373219 0.6858458453969891 0.6813642685452407 0.6688600258961653 0.6939234510887821 0.7185776117486804 0.7147893506442919 0.7264829069052575 0.7189804197901075 0.6806083669924268
0.7625401749113025 0.7734620266307829 0.7582583620833101 0.7589343516753333 0.7624789777484053 0.8147066022535678 0.795074754052417 0.8016382907322506 0.7898640996898518 0.7591443625610522 0.7562277725812283 0.78294383060419 0.7798045258408669 0.7928855188381561 0.7967797574750345 0.7557789276769415 0.7677983225954632 0.7541362549380243 0.7063353508696415 0.7227003640980689 0.7492136856653216 0.707800276634118 0.6894575187619038 0.677595135640109 0.6829554275355786 0.694207185255344 0.7177212567808485 0.6701420840365423 0.6863911538619626 0.6579374083019299 0.6473166282976597 0.6300531912368701 0.6434716647411345 0.6540895643708247 0.6878737249239998 0.6913239046077954 0.6709469942640771 0.6645394000702736 0.6791976428422821 0.6976005979583361 0.6907179478996925 0.6788597763504731 0.664117839970383
0.7813881268679835 0.7583217572962354 0.7177786519036063 0.7119946536180602 0.7548770179241617 0.7553664780506835 0.772913607443188 0.8024596642868009 0.7942594513120255 0.7308952879742968 0.7253429949549592 0.7156990386930661 0.7230491996494135 0.7232006065510195 0.7709991931579137 0.7425345550479722 0.7277301235217315 0.7454709955561366 0.7170499550671526 0.690147674478028 0.70580641334537 0.700432633147938 0.7285322201612873 0.7303349728053439 0.711640531523347 0.6736971007988748 0.6542879067799501 0.6523682181562346 0.6486237011377229 0.603145316802238 0.6017061719444702 0.6051506756312365 0.6038832589810927 0.6297991004567195 0.6291156405154482 0.6339883525002024 0.696053423283334 0.6763152195278218 0.6438667340433673 0.6514740716518561 0.6413356852037303 0.6303517012666586 0.6727196606789663
0.7187502883790583 0.7156697616356218 0.6897888738477052 0.688582995892961 0.6915146149050649 0.7316533202054264 0.7361952666822578 0.7367364979854661 0.7182851470772402 0.7407124938949433 0.712583341886379 0.7155862088903788 0.6823915859483892 0.7015839614052726 0.7275877386906694 0.7529870599714866 0.7134455201167413 0.7216651084381115 0.7074166244732362 0.7165945145367123 0.7165166695833153 0.7301293064016176 0.710394226597659 0.7084389108871205 0.6849984511014148 0.6409775854362822 0.6327021505218292 0.6071343312956975 0.6313994643254368 0.5646938492716179 0.5696132495821449 0.5549119675361779 0.5577283166754952 0.5964367067812281 0.6211745845820704 0.6271426205869031 0.6478679140455815 0.6409296264718515 0.6398609094281705 0.6452180486694745 0.6318306557402796 0.6233737535648342 0.6411480613735161
0.6916638440396596 0.7177344466861696 0.6896604891070763 0.6970616321374878 0.6819181682393692 0.6903174797687475 0.7585185195755009 0.6953543486467058 0.7138542017807701 0.6992807323227587 0.6536516774612412 0.6830979388187306 0.6784718680702608 0.7091405492478186 0.6894026564589251 0.691821223367498 0.7268416820468353 0.7026776359138602 0.7108697996292423 0.7395500113391923 0.7360564655815435 0.720258144677899 0.7037758810239727 0.6877913256613315 0.6768182289767515 0.6069435638227505 0.5782732104635452 0.5888653855432661 0.5967416920642525 0.5739328177795263 0.518266701910234 0.5237955271864662 0.5448025079322945 0.5492293680110152 0.5717711706472651 0.5687073063190211 0.6165136734504049 0.6451862788861381 0.6447347575568749 0.6157437155073284 0.5956486533800255 0.6226922487235848 0.6450045741613711
