Raster_benchmarking/DGGS/continuous/raster-78.asc
NCOLS 100
NROWS 100
XLLCORNER 1743165.561884802
YLLCORNER 5469284.327655963
CELLSIZE 10
NODATA_VALUE -9999
[rows 76 to 94 of 100, columns 43 to 85 of 100]
0.762411104440326 0.737586443881059 0.7698811053138768 0.818025138273129 0.778504469571706 0.7726658971471507 0.766538705849134 0.7988191998798541 0.7850819322174933 0.8129036426721542 0.8189604138869621 0.8692477185103101 0.8529378216365735 0.8592246841245205 0.9398639446927323 0.9529704994232757 0.9287654850919849 0.9606426539558786 0.9290783483344522 0.8069050857829545 0.771251925105504 0.7692706155078877 0.7762664354917687 0.7345789369699496 0.7517799976378187 0.7154343770439452 0.7818907948720281 0.7803244303033039 0.7603106338949152 0.7383502921468998 0.7020839424826049 0.6472594285672637 0.6229885906613126 0.5802430120447344 0.5403456974852187 0.5181712826220745 0.5385490444516886 0.452085766197943 0.4447656210097706 0.3767092894587045 0.32466423428915386 0.3015051708951342 0.293576550009196
0.8406504389694045 0.8071698666011368 0.8134203341230141 0.8538918150546495 0.818839264938512 0.8075637157760073 0.8174453310371915 0.76412845008452 0.7455120344479199 0.7838359492304071 0.8072143104810028 0.8250191847885803 0.873820960533762 0.900550066934926 0.9342165075989863 0.9747653366127006 0.9653863168713438 0.9072278010245021 0.8749268061576728 0.8172246270580649 0.7889398967334625 0.7734563056062674 0.7681144675134849 0.7627342980947008 0.7656437781466272 0.7378693825812965 0.7897482798043692 0.8128419051517045 0.8158228265922599 0.7575254264288283 0.6937318918521648 0.6920218313825561 0.6511066349522627 0.6531294382041212 0.6183575588310914 0.5352723033944392 0.5384299727019933 0.5326635913485159 0.4746495063582379 0.4483007335358135 0.3937689985069499 0.34551329822810306 0.28828552814512654
0.907349318672116 0.8684394676528556 0.8862582130699727 0.9214439010256007 0.9061313649029568 0.8039908825078055 0.7858498618215749 0.767108642655112 0.7880480651828603 0.8530994499051762 0.8331124437595417 0.8595517279365553 0.9281958245838183 0.9581462941281943 0.9588750717530228 0.9608653980325743 0.9147154912167931 0.8826161363972791 0.8206142538526674 0.8235071244185375 0.8396023643001089 0.7854886292666332 0.8497940119499285 0.7545004238637131 0.7517857037442549 0.7287180095944809 0.738276504530644 0.7984494758872225 0.8010142398990869 0.7837846315894612 0.7881207894891012 0.7496360031687516 0.6925019578433291 0.6879952852659392 0.6423334327495844 0.6298430407983852 0.5664830168464202 0.5458312137116291 0.5097259458406781 0.4369862795137441 0.40133069846790004 0.3517413502274738 0.26349519915949154
0.9183971238610309 0.8861482692212397 0.8706618263757229 0.8730465966829529 0.8731040714708447 0.8487740205087099 0.8471100300504261 0.8030626918912113 0.8157746262287291 0.864380529630213 0.8974910959854239 0.883275775728883 0.9370073412357104 0.9431154862730425 0.9690018147829919 0.9365913005098421 0.8734676166176546 0.8865080098102583 0.8071103911748713 0.8127283701675835 0.816657635139617 0.8450535140872031 0.7939638542660826 0.7409461243660955 0.719796424836856 0.8019329725260255 0.8184693649558737 0.7777691704193979 0.7552112191193924 0.7191253010850563 0.7767193703708726 0.7605344082984 0.7384613674148448 0.7029202035139501 0.6791662242214859 0.6077785366124001 0.5886979590159125 0.500464424123427 0.5127559546208295 0.48644759230523305 0.4348095210379507 0.41308942250435793 0.33915662722548234
0.94959866353249 0.9079285825243104 0.9384664758947708 0.9013499225785344 0.8830665645108787 0.9109432200268265 0.9170785211294277 0.8907129080466213 0.8557620797994152 0.8618054223547119 0.9253025611509172 0.9352235312695611 0.9159209038381498 0.8846757638010444 0.8859763823534561 0.9437493964087165 0.9195912332262691 0.8653222157069091 0.8476735188642323 0.8575583795289357 0.8914584094673289 0.8143829356710609 0.7549066280622982 0.7930664178281093 0.751075953312097 0.8053430779756503 0.8197384253031388 0.7832902358192015 0.7679586074051661 0.7209913190598479 0.6689221432974893 0.758585424116075 0.7480129908882726 0.7819906951200944 0.7718259709286139 0.6413678479127096 0.5655188492808605 0.5614208875581792 0.47333420208723415 0.4577482561037903 0.5055263812906232 0.4459443039185511 0.35012130677071285
0.8528078245501199 0.8804760844554043 0.9089544618528779 0.9204784789758306 0.8823271244708113 0.8895242749938999 0.9224126642416535 0.9359717273363737 0.8735159694379508 0.9027316271376418 0.9492173591222278 0.9461569084774997 0.9539265249921379 0.8786714188918991 0.8440913959723844 0.8886449564501755 0.9060564691928236 0.8902705361429738 0.8903142016308897 0.8804162227628083 0.8870866496580884 0.8764873273510886 0.8126941706959041 0.8331413629264085 0.8204445925996301 0.8038736039668192 0.7896189076977176 0.8461522941506524 0.7838372683004431 0.7370947682311637 0.7849405667292498 0.751778364000802 0.7355623052455463 0.7830589311008838 0.7521492258537317 0.6254293821806471 0.6226162308144864 0.5396893540217316 0.5545501047674277 0.5235068102836397 0.5373718497536604 0.4236562339899235 0.4297872745836611
0.8234680485729394 0.8536581169523095 0.8812893906583629 0.8404725821778737 0.8361699973488954 0.8249730057381589 0.8682050084094293 0.8781484303590724 0.9704801816879851 0.8951637360577668 0.8791680866870188 0.9240395152251901 0.9167575331701842 0.9062051939208029 0.8540948585415522 0.8435815329480174 0.8785827921974428 0.8598156411647866 0.8924179892200165 0.9134337576707616 0.9244848370241676 0.9079483742474517 0.941504788422289 0.9497770333413249 0.9201614286096629 0.9060097030192759 0.8512010120308883 0.8724663454586717 0.8329795792673972 0.8365950398319726 0.8294891239836121 0.7692307605725677 0.7535566357282514 0.7347887002812586 0.6902299413646263 0.6532360658815467 0.6385766393446797 0.6070746972074699 0.5142565862510372 0.5502603922509793 0.5375742586301376 0.5087609409370256 0.47258752912401736
0.8200199748686797 0.7894983036191433 0.8384238628104663 0.842405627174146 0.8000899076061274 0.8585511295882887 0.9170106264753 0.8940136446454059 0.9601699910124909 0.9033711713543136 0.9412988360086267 0.8701815882371184 0.8334586837012268 0.8359246355308813 0.8824183059761763 0.8497460535156947 0.8319357643769743 0.8857096272266018 0.9123278761704388 0.9159740703079371 0.9326695978280704 0.8983589987774907 0.926353004310296 0.9539763237201021 0.9854072327252492 0.9517039514781013 0.850677790830314 0.8655244814007693 0.8166614752026478 0.8114746607050535 0.778502958567947 0.7909829595620139 0.7554539404924627 0.7006178639228022 0.6354643515008821 0.6457003943445738 0.601372725886318 0.5804597211303648 0.5600790861374266 0.5731407889407825 0.5899441332299719 0.5017223696437121 0.46878788460241566
0.7909151938564775 0.7587571640411063 0.7907587561071392 0.7810669683820851 0.775373976032055 0.8208487813048312 0.9426305311377389 0.9312001630752784 0.9263740128131577 0.941351215980605 0.9706710667900651 0.91862754838558 0.8524529792909669 0.8688662953851026 0.8542533968943863 0.8353754205182565 0.8500308039331809 0.9466124834233411 1.0 0.9744901448116274 0.9614914352601378 0.9730085759807562 0.9187638491655746 0.9325727335466656 0.9857676713276027 0.9714326115493561 0.9001416988900711 0.8336713020077778 0.7903523929250135 0.8511890533687736 0.8308802836105303 0.7299969320233389 0.6960627649532711 0.6477656639484511 0.6134205753566376 0.5910561080137837 0.6206383237923703 0.6549967290500225 0.6456805402407576 0.6008096553717932 0.6208406861066341 0.5245374972804552 0.4685702707610266
0.8879761971188082 0.8362115627764877 0.7623435722510995 0.7600778894742533 0.7739073236972942 0.7784183493184943 0.8374593131611061 0.8471652409808087 0.8913418379336626 0.8797460640620923 0.8391179026992399 0.8231382928719999 0.8213398300927508 0.8315867422448735 0.9012301648878127 0.8477749570647294 0.9087386107815923 0.9007216866022731 0.9305980441162665 0.9884949482225772 0.9424541822467892 0.9458089904194116 0.9588276149852548 0.934678494079105 0.979961107522662 0.9462299026307185 0.8863486374483306 0.878456496039695 0.7879542979674743 0.8344591960279241 0.8432515328799939 0.744569465386353 0.7215109534839393 0.6690402793556532 0.6886932520523308 0.642644812820319 0.6249389174565451 0.6699616709081542 0.6963816756428293 0.6462308950458698 0.5850429886286924 0.5591706045111147 0.4784141472010901
0.858480610215507 0.7842054054309505 0.8029713510224952 0.797080975239662 0.7807437271736521 0.7916764860929613 0.7738171843917766 0.8181776872134168 0.8564994870186383 0.8134677959985773 0.7929497568204592 0.8387808218905698 0.841567729816723 0.8212498845195882 0.9011334640824983 0.9265580084690305 0.891625516279801 0.9443378733049675 0.9886216537538748 0.9487601155215908 0.9803954682180706 0.9040096097012429 0.9180421264241481 0.9126252158856246 0.9332767521187489 0.9204309965871703 0.9163351667696248 0.8889183949248671 0.8209053412438769 0.8182536430609795 0.8283600766755048 0.7305666416538057 0.7018600589181261 0.7017749749660498 0.7080247039252755 0.7073646070155758 0.6621961703315731 0.6478372959681624 0.6688520276113838 0.5972806848455204 0.5581797956545206 0.4859848345635147 0.49531384884555857
0.8179246483758436 0.782627230872425 0.7854714579536093 0.7103046408008191 0.7056449758913882 0.7392750693678025 0.7631615733138598 0.7857789766967402 0.7644085704216427 0.7984750132495336 0.7598604345836178 0.7801917267518454 0.8160716862929008 0.8251390844810977 0.8833482567694466 0.9303605689223959 0.9024057360926513 0.8962288875962073 0.8991299806883336 0.9336283726210545 0.9081925428759852 0.9283981234396959 0.967521035370287 0.9595767468660492 0.9283537635693968 0.9375210001497045 0.8806155414819508 0.8714829270019017 0.8383090639940882 0.8024407241101824 0.7935580351421998 0.7583795879187026 0.7427012150089735 0.6925233366579496 0.6926966866564697 0.696361571876079 0.6936962336524735 0.6301310011444353 0.615168078798316 0.5878030002121097 0.5081720705216751 0.45501966313451736 0.45747979567515856
0.8521227163190144 0.7528745660534412 0.7607890302281669 0.7441002394553354 0.6584124146359253 0.6990219546017319 0.6419665991549665 0.6846858364417598 0.7734354543656773 0.7921368308807296 0.7300975629752391 0.7182094603504877 0.7531368723579303 0.8035030296461819 0.9381297037545663 0.8741180442424896 0.8564564818242131 0.8835953894142246 0.9108203739839263 0.8649423806354382 0.8701550672224684 0.9333167123626638 0.9822833834284983 0.940706815327759 0.9715868548923227 0.9279647055409487 0.8741721335975343 0.8762440671391442 0.8148376549466783 0.7945749984051826 0.8399421869072925 0.8004242823040598 0.7087870388832366 0.6386809298992882 0.6243215225841983 0.6362893480266608 0.6488368101674626 0.6261251873056952 0.6070855787541798 0.5429002404891865 0.5528628147223071 0.45983500350160034 0.3809704776451219
0.8703826531672784 0.7713340539017185 0.7670376710094045 0.7617732642319793 0.7023655951371106 0.6378613541560849 0.6438144616536777 0.6397965599651354 0.6603634406351735 0.7415456166921527 0.7743510854069147 0.762632135309102 0.7604631571423843 0.8434236477027073 0.8721486593795604 0.8852974574286762 0.8918678886202328 0.8129162197806666 0.8375112276207847 0.8416136695182066 0.9137493466348817 0.8947054441570653 0.9358708870983983 0.933921236263973 0.9208782807524052 0.8789150723196958 0.8257308016520633 0.8343318582658233 0.8704568617853113 0.814202312073163 0.867653588376887 0.8155328743101685 0.7324254509705879 0.6712525853243307 0.6629848170993247 0.6179991365996276 0.5688035570960885 0.6051640326847822 0.5652689299278137 0.4898490424687211 0.48742793522982814 0.47130902668119246 0.3866634252738613
0.8903764962796038 0.7888329341793526 0.7501333699019048 0.7659037600322253 0.7121170160566364 0.6107579180090047 0.603646968626556 0.6414483428562844 0.5974447107672309 0.6635576513752964 0.7289111267690449 0.715514171038315 0.7122028373707794 0.8137751796472428 0.8381511596233113 0.8841595865184605 0.8495278735544763 0.8123756934369047 0.7869954363656638 0.7841369061886035 0.8819321559095784 0.8810373698219284 0.8202788165644112 0.867981603583551 0.8239321832603727 0.8339032579024673 0.8502182913848609 0.8339057654614884 0.8483801553663083 0.7890442179222321 0.838541923209612 0.765348232102219 0.7154630665477572 0.7102010407351618 0.6284526231313913 0.5901179426425518 0.50784617641285 0.533902227944058 0.501072090016268 0.4974700715748965 0.46841573629507743 0.4866664031695576 0.4211946846429045
0.776682019914736 0.7855336554226502 0.7656709685220766 0.7443516851313596 0.6641707487034912 0.6341285638380694 0.6105564268771683 0.6493300371951031 0.6672271695413144 0.6573433725088782 0.6619914473321538 0.7139337419804094 0.7073712205926898 0.7136361026073152 0.8088782907291601 0.8698101110534527 0.8273784120958684 0.7981458743427019 0.7910548425983577 0.7813755279424717 0.7453714073573329 0.7758538012889988 0.8122097178727014 0.8186398011370509 0.857230274738139 0.857557171487 0.8504198841108427 0.8413566801871024 0.8076203630854177 0.806691902140385 0.761149342354959 0.7096437346281673 0.6608763416973165 0.6534976366030871 0.5848602833576165 0.5307637492332491 0.5199595810912429 0.4500085911179436 0.4627664544848595 0.4389745958200326 0.4890808541890107 0.41872330402203006 0.42971012022311655
0.7508100623109518 0.7112042058404502 0.7180571672279403 0.658131566230781 0.6295815777521248 0.6620658102881896 0.5930697845222145 0.6146974395905586 0.6854474292736594 0.6887706223729257 0.646953026131234 0.6906917091347369 0.6612239118117239 0.7381028752157829 0.8104427568046535 0.8267303264434029 0.8087328136999138 0.7888137651288161 0.6747362110666292 0.7172456348620111 0.664219356223072 0.7251481860687823 0.7823780256556623 0.8066449640909198 0.8091396617612988 0.8028687357095455 0.8307628404812551 0.8216052493230109 0.7675153403352226 0.7429130788134803 0.7356564421247691 0.7146061935597288 0.66579762368647 0.6525823832931444 0.5459820841772518 0.5134619746039212 0.4398325047152823 0.40983682790097176 0.3503716991336087 0.4097834778354153 0.4618625691079456 0.42521954694521824 0.4493691648612587
0.6906374443666546 0.7063950543814759 0.6698748990211821 0.6315630015487516 0.6057140212746881 0.6238950398768125 0.6740976667867911 0.6776568815768835 0.6490706738824855 0.6749635418699812 0.6397890623008358 0.6513389242010088 0.641092016332229 0.6304954002184066 0.6802328825391719 0.69298394539373 0.7077730706721641 0.7044220276258247 0.6437142376522358 0.6478107064169792 0.6671082824860836 0.660130182924463 0.7512828646552892 0.7524205769665642 0.7559735902592976 0.7487133529841864 0.7651423873941361 0.7074371670387092 0.7234471132526864 0.6533467276844945 0.660108185342661 0.6217789013684655 0.6602682215313748 0.6073918239210926 0.5827627885859052 0.45346260843212766 0.3865427002879457 0.4032032585313408 0.3225470686900796 0.345780204150538 0.3739851204313138 0.41881389524847296 0.390239945279744
0.6680817209875266 0.6258163090868833 0.5793257042397787 0.6399622155601901 0.6414288695857445 0.6777596326068539 0.6471540467605325 0.7112828863072759 0.6934176412945826 0.6543679483213067 0.627772612725495 0.5987095183950656 0.5873825654152924 0.6097087902780649 0.57792331094964 0.658083545210919 0.679259123679792 0.6335465423923239 0.5746643454706226 0.5468059054004142 0.5875111722551176 0.6463346601864509 0.6796082009347324 0.6830950930703236 0.7072931451326034 0.7601878113443485 0.7273341298907138 0.7049790550115982 0.6476227989466476 0.6392718203906891 0.5704664105590557 0.6385923550609123 0.6321178329095225 0.5908737117184104 0.562002934757254 0.4896705516107179 0.37484752824374096 0.33758399228638897 0.31161026404451797 0.3218898820320042 0.3022888042004501 0.3679681882963973 0.3379781819868885
