Raster_benchmarking/DGGS/continuous/raster-223.asc
NCOLS 100
NROWS 100
XLLCORNER 1743160.272808321
YLLCORNER 5469282.770531479
CELLSIZE 10
NODATA_VALUE -9999
[rows 38 to 56 of 100, columns 0 to 42 of 100]
0.7686076452618567 0.715299273337917 0.6779987957301162 0.6675334550717248 0.6663807606713753 0.6389707855427103 0.6627533038619277 0.657750308126629 0.6313600377939725 0.6279173446969117 0.6277219333931722 0.6368754904032424 0.6385456629254603 0.6181412506416348 0.6304340546061936 0.6420444926238387 0.6851091014066003 0.7049948484848525 0.7402390320950887 0.7783003081744906 0.7593345714121322 0.7661683485187237 0.7561066528636707 0.7550498027163275 0.7705624515890589 0.7690821311696275 0.7467502112256976 0.7403683310266832 0.7062438556298546 0.7036432851458301 0.701781399034987 0.6929020282059275 0.7160662460559296 0.7110273731377215 0.7261843376129792 0.7355119230530374 0.7579179728138086 0.7933204563341552 0.8178359205312609 0.8256245043416401 0.8216570831534806 0.8384203872194854 0.7950985686084092
0.7625019223505215 0.7163701565859466 0.6983385483455683 0.6956314274800485 0.6819612270894257 0.6547911446338975 0.6608555743383367 0.6337947724483991 0.6185988335654403 0.6229457348066105 0.6445154148212574 0.6440228420102262 0.6484689284765152 0.6390802690792643 0.6482843896230248 0.6650016603871265 0.6604072398121644 0.7182020974768137 0.7409269198675181 0.7526268295722276 0.7682302062232627 0.756461466999251 0.7111152902131999 0.753770325175628 0.7655225984832256 0.7625865197995609 0.7337161041997885 0.7485492193594859 0.7483463235630912 0.7335945804214417 0.7183499298948146 0.7236919125819521 0.701496249543777 0.7306396176272049 0.7520909571206511 0.7638214351587117 0.7713095180387268 0.7813081323483271 0.8118767520536448 0.8314506639246688 0.8216360859640327 0.7873506313543774 0.7862863308992284
0.7574740493981774 0.7504250590330955 0.7595460173766688 0.7380105986581187 0.6975115366995019 0.7020606704599447 0.68035350628606 0.6245873666188396 0.6325113333757 0.6571145994195886 0.6688403135574467 0.6506769946533872 0.6846458697801053 0.6514079208605325 0.6544495734468068 0.6696322114863235 0.705703841691196 0.7340184184436451 0.7336518721269722 0.7455516097847976 0.7688520125857621 0.7541793182087355 0.7211141153180783 0.7325949184841545 0.741136385310915 0.7534128801357822 0.7487175138115243 0.7209749589867089 0.7212461906204604 0.7255217884463173 0.7287892607248393 0.7322679495969254 0.7250132250140773 0.7245042836248629 0.7499441543035205 0.747860199096227 0.7500726527936795 0.780643023935147 0.8203617000047516 0.8273880872106321 0.7931149521863204 0.7847493037343599 0.8081818101915554
0.7773295124827717 0.757236342331994 0.7638594409724746 0.7499037278901349 0.7503957831247811 0.7314081983147024 0.6586864477566408 0.6719115580296168 0.6435100457949313 0.6743863334774435 0.6680740598777468 0.6711062009425309 0.7034756910353368 0.6570507419234569 0.6592081137201851 0.6611162969892824 0.6876900914295287 0.7224776215061032 0.7677893890155729 0.7378212395225027 0.7494607336863895 0.7649628226698009 0.7507904951848001 0.725087133373803 0.7121912396624135 0.7165616553158255 0.7249949047154535 0.7284541575823655 0.7187519719725529 0.7181004146983649 0.7334507886016604 0.7302163009737075 0.7826651709275274 0.7451624906719316 0.7296197911856662 0.755710972161143 0.7478080423286064 0.7627355776748077 0.805915003342212 0.8200072455418815 0.8005927441800158 0.7767524964282085 0.7935179169341449
0.7727217916858444 0.7714610999759774 0.7705860715813846 0.7725024980471838 0.7378596320407272 0.7270801385298838 0.6819958666736117 0.6880070913476747 0.6728825237285274 0.653200277728794 0.6709312696409183 0.6895420170772346 0.6682346182688775 0.6695518508035514 0.6711717130295846 0.6935231462982113 0.7260285366819998 0.749325593734312 0.7820601830666035 0.7718535562546012 0.7711608371989395 0.7498750539933058 0.7363001203372236 0.7217302018017716 0.6959393911418624 0.7024248353204716 0.6817235612625729 0.7050150747663582 0.7031589112961163 0.7192514181528292 0.7391832067840018 0.7383973452761106 0.7626698408704533 0.7364574106858537 0.7481667382275019 0.7485591372237248 0.7580359128366146 0.7798682743268206 0.7954779484854151 0.7933413207122515 0.81674930269131 0.7813400814474961 0.7972680050225587
0.7822404330525405 0.7539689926610414 0.7433860699738931 0.7683741379728157 0.7648770980220644 0.7113360809322369 0.69836514593488 0.7093672755761385 0.700421162661133 0.6605543331127933 0.6847784028429492 0.6562043595832415 0.6685663914059025 0.6983471689658718 0.7223850085885212 0.7146343944238667 0.7098234785186703 0.7462003050435004 0.7648273111563305 0.7645937644461707 0.7766694933946883 0.7523399593584319 0.7507342933923256 0.7043058801880062 0.6818657580133605 0.675726487481852 0.6614953359295516 0.6905195177214204 0.6566120528353627 0.7013832280213114 0.7158696255252375 0.7252642866152162 0.7508848620011883 0.7477059142310489 0.7669742221459488 0.7625651030185254 0.7941574014423198 0.7940045841129352 0.7756978687883137 0.7954283941201824 0.8098489748061334 0.8058331814890421 0.8021742408775463
0.8044209044712023 0.8005273084808932 0.7764848814445747 0.7764640925625454 0.7574478749222483 0.7267944335364971 0.692846961911204 0.6914493756339396 0.6934541130948781 0.6536204113454303 0.648858716221964 0.6686115416565237 0.6376228572701763 0.6666026429251781 0.7113400154499208 0.6979763685296364 0.7261401763276086 0.7409769398583363 0.771357646014684 0.7854954663230153 0.7646098079905416 0.7380870571430068 0.7366436626050791 0.7325849924688692 0.7024827311104929 0.6836425157676155 0.653768783283187 0.6550550301009662 0.6722239695984962 0.7139387954833135 0.7475599802490265 0.7717813529131319 0.7813583303619577 0.7871322829194676 0.7993388071274135 0.8166018284476266 0.8103222852492569 0.8081521839836672 0.7977376036924073 0.7972115158301656 0.807360417833565 0.819520149813358 0.7944798579162178
0.8486953043658824 0.8000706200709913 0.8085802926806633 0.7962033672114831 0.7379836864328241 0.737853385889516 0.7052406811786781 0.7001422671795443 0.6440229546629926 0.6496888002560375 0.6613103234939361 0.6701145577806545 0.6363792550803892 0.6878819027512576 0.687696783161566 0.7099953522284648 0.7463842704157037 0.766974145614217 0.7797404947279651 0.7658082276985524 0.7327705812009416 0.746601607909704 0.7492333453103376 0.7345641219513833 0.6820145647185285 0.6693395926510994 0.6746305517897874 0.6563850363451385 0.6739047023844569 0.7079592562480364 0.7349389169838207 0.7889222679381686 0.8260479611380994 0.8403319298394943 0.8142334951431331 0.8555536221273319 0.8616225071398856 0.8460149918712278 0.7890639861584866 0.8075935880703837 0.7949283037452477 0.8070287595592733 0.7983185670244659
0.8240076757914945 0.8314781218844676 0.8013679985504857 0.7842963228720027 0.7480332007622265 0.7090859092509647 0.697504898228841 0.7053183860450569 0.6584538443063831 0.6587509467511389 0.6830443520380609 0.6691637832189798 0.6738498792282474 0.7208873718860987 0.7253784899616472 0.7240050196405866 0.7720590372728067 0.7954363107222441 0.8006802966178777 0.767177643416948 0.7608360873080215 0.7562997170258098 0.7250199595296293 0.7189317525042972 0.7235976753002923 0.680795175648015 0.6959483589777102 0.6857826985662263 0.6861498541589282 0.6994099888698899 0.7526725888537646 0.7906179150635575 0.8371924311303248 0.8476345094279224 0.828976771665813 0.8535116758185594 0.8280864021639405 0.8415773828206168 0.794564514227818 0.7881112075846846 0.7927134243384191 0.8016371709813257 0.7781581582522249
0.7914407865686713 0.7831736347485858 0.8002874012708308 0.7738663750527731 0.7390048893075873 0.7500017816327443 0.7331344994576268 0.7000769882863863 0.6802646818470868 0.7007462216053817 0.7101609610499656 0.7203604006359264 0.7452823414953926 0.7432529293164364 0.7497475070023183 0.7491971572160662 0.8015794584891608 0.7935188583653243 0.7840752984778881 0.7818561871589838 0.7920773813855554 0.7580923748953132 0.7636981856167732 0.7304870893207012 0.7442048569122564 0.7100367861146761 0.6989487485274531 0.6995947660661646 0.6990975156083938 0.7245235102709852 0.7623927034845823 0.7758064033858396 0.8241423832667977 0.8228427611969613 0.8680740038235496 0.8770901397761397 0.8450192429054025 0.8210803301774903 0.8442878789478737 0.8005111127096582 0.7903101026610599 0.7883660338111631 0.7855433040913377
0.7766637383355426 0.786826581382025 0.8186620322027052 0.7904465053309542 0.7457040466717334 0.7443288923348403 0.7689542124344289 0.7468116907037589 0.7313269965101425 0.7000949664561912 0.7264236882850592 0.7607024716998307 0.7689218343409024 0.7468955014618763 0.7619516504604492 0.7724129613240325 0.7767662262721157 0.7804966369083133 0.7688852091879245 0.7592480397319771 0.7527107707160102 0.7697284005126057 0.7590568914871133 0.7785052003003067 0.7481334773021276 0.7231632743944378 0.6986052565126775 0.7072395254826092 0.7467148672782729 0.765785801529079 0.7684523499020508 0.797911656773726 0.8157613602150124 0.8272042447466671 0.8562096542877208 0.8587061523519754 0.8567118984241502 0.8335895489890626 0.8354523444091609 0.7941965483268689 0.7822316328047554 0.7819456104254602 0.8056134209451278
0.7845193243248105 0.7800444462136983 0.8231687789323101 0.8025530042341437 0.7459907394808339 0.7698567856972165 0.7638048861293174 0.7658376072287225 0.7515976531152101 0.719172659803427 0.7212833323177439 0.7568787927936182 0.7911887533183513 0.7912875499596177 0.7731002438989413 0.7720270136316726 0.7886947968295593 0.8004767907775961 0.7534493785888173 0.7616123321545917 0.7640115287879635 0.8019321540295224 0.7828305593601379 0.7884103267749215 0.7376924635790906 0.7352054370104466 0.73917970109627 0.75726490985853 0.756318927841337 0.7742331162845149 0.8121292833827108 0.8052978900239018 0.8231153752162559 0.8298053184096568 0.8658232779007616 0.8339296432253707 0.8539088263660825 0.8531769240881085 0.8310699015726456 0.7919618308750342 0.7634798902013269 0.7776073967624719 0.7926179030541307
0.7824199028288902 0.785616314314758 0.8327202858649668 0.8044572383730323 0.7929341328384876 0.7881362703455028 0.7811968333859888 0.7673494400497459 0.7625616459067361 0.7437882272214592 0.7535495208081547 0.7694280549269995 0.7791667129617404 0.8001291434421718 0.7907218775813412 0.8021458610235922 0.8273510790301528 0.8157976727778077 0.7920801642547961 0.7677385646866581 0.7858243378636633 0.8042946740491133 0.7862464950482234 0.769202418390474 0.7650011615861976 0.7361468404319875 0.7512247637454323 0.7868184666930772 0.7953962915581798 0.780162390714594 0.7856461886218306 0.8218985070604793 0.813509642239937 0.8015294981972515 0.8182713251929494 0.8243704702323131 0.8409125997350203 0.8297923665440033 0.8253582526587417 0.7907893815176693 0.7648464382258285 0.759998379407845 0.7894299701341392
0.7716597509224047 0.8005525501505035 0.8296362428498627 0.8155040382005588 0.8380585820303459 0.8278079733931062 0.7754349668867937 0.784199288705295 0.770594687516095 0.7817503981207838 0.7786949034007988 0.7846724628613095 0.8275837475834071 0.828012524605204 0.8331912529609998 0.836929731852293 0.848793261610899 0.8145574752954026 0.8129291861334488 0.8231176839240141 0.804728254069823 0.7809777382894489 0.7896363058950411 0.7802327362001773 0.7443543775119633 0.7544263446400831 0.7744122671460449 0.806148844425498 0.788967273482653 0.802919922453732 0.8120473983594894 0.82008643885037 0.8264974810459028 0.7821874675435464 0.7701439854537573 0.8059895584630337 0.7870300700861124 0.7970443051315885 0.8090988244277068 0.820071629812981 0.7836678278181265 0.7786534060064605 0.7829755108442414
0.8014480437878579 0.8123569577595587 0.834822811618204 0.8560356652123273 0.8412600273321165 0.8267252536188033 0.8186273641406732 0.7815207097860699 0.7847209181021307 0.7716307968977627 0.8042354059307819 0.822167774036604 0.8173059616586452 0.8161798906586442 0.8373574663948155 0.8294723103967023 0.8612728956788437 0.8498930637843983 0.8224360006322701 0.8243517061560789 0.8269701734052638 0.8106646236338514 0.819297017376372 0.795528130330609 0.760827906891237 0.7827998365486453 0.798776857793089 0.7916634397000186 0.7707520536512971 0.7780651216522149 0.792578792308755 0.7985967455492807 0.8146727365666542 0.7837129808498365 0.7907858228174138 0.7558091072559766 0.7462544762099389 0.7803302186721311 0.8079961203592517 0.8186910755679421 0.8210923350243203 0.800962423050019 0.8013139871440105
0.8135487434701464 0.8156458542017543 0.8393609378763563 0.8636833526545026 0.8584430279857072 0.8539699600142084 0.8367940173647075 0.7982370039409196 0.7657731540878986 0.8088636394829108 0.8270616573576492 0.8085302767723561 0.8019546891093801 0.832096264710196 0.8423506776276998 0.8387315663764268 0.8435670017485816 0.8275757072296258 0.8359979071798135 0.8333435249987856 0.8055289831357071 0.8204637318868454 0.8347880507281983 0.8340362576838406 0.8078079226185239 0.8087993443653234 0.810887376773152 0.7979365576712086 0.7978874753773231 0.7792538746897918 0.7811428671849692 0.7907180547648361 0.7607151996466227 0.746673707967076 0.7732882248151418 0.7697933018550116 0.7373125375855435 0.7738836380338021 0.8124257271581199 0.8119403241907976 0.8431668257957854 0.833421215634655 0.7860467611791162
0.8396862537531343 0.8460624370855034 0.8708483096490675 0.875824010085668 0.8487339126294294 0.8271372962262012 0.8106113187929497 0.8138788015467722 0.7880260508519208 0.8123286759633617 0.8224523906129995 0.81700144394176 0.8225797326394836 0.8600800382328699 0.8420454685217537 0.8625261277725059 0.8773669018916154 0.8675686177036575 0.8676146907239313 0.8342083807339974 0.8222066398447342 0.8154825279510787 0.8175710094681922 0.8139833752471205 0.8381150760906045 0.8337628743053215 0.8160867578802664 0.8350649737518792 0.8254651381982816 0.7912586575319641 0.8034574010717447 0.7932147751391282 0.7539843356498361 0.7485291929468081 0.7598707995870946 0.7336091729142985 0.7589287406497822 0.7643785124410836 0.7840954786139364 0.8242666909063953 0.8502610342514382 0.8411336074943768 0.787051919731374
0.8383053782814378 0.8632110951187376 0.8700055170136899 0.8662226279523916 0.84958796681562 0.8292474405986131 0.821013154971707 0.8345800773463977 0.8092696854506841 0.8363174749592819 0.8490587732866048 0.8605202870367517 0.864552190038301 0.8572808718818756 0.8749681356027142 0.8535524033555473 0.8503468770265067 0.8509190174744382 0.8734753835191441 0.8507569119880551 0.8494502123501712 0.8549583725074021 0.8408193382504922 0.8610069323225849 0.8421822046296982 0.8053565290910816 0.8055781207462503 0.829330835637846 0.8383067861418099 0.8106089212654424 0.7599615110870283 0.7600916916724899 0.7824209735950107 0.7612591110167676 0.7272660087513565 0.7427687423212518 0.7813162945553427 0.7809555924806871 0.8055176121282116 0.8402436285507147 0.8431888284887323 0.8284558577407194 0.8163519034939063
0.8329979586032461 0.8472848597503689 0.879547676716611 0.8725854752513064 0.8805174318459601 0.8682751714745726 0.8308916034082545 0.8444421754051247 0.8555295082760751 0.857672698476956 0.8341789332705709 0.8652193300881769 0.866486770398107 0.875208241636781 0.861917730356389 0.860945948333639 0.8776022841017921 0.8626128744284945 0.8840911548841176 0.8605764441073654 0.8527981940426304 0.8354060854919981 0.8542879358338518 0.8621585443950006 0.8471023347051855 0.8163852925892194 0.8443021424695173 0.8487519138895212 0.8073734715492641 0.7861516388161333 0.7701179024961714 0.7539491401488432 0.7319018961462932 0.7240704017015607 0.7280677684589546 0.7719564813722881 0.800422255935897 0.8134631850975459 0.8245098808915291 0.8062577877039088 0.8289688796241688 0.8212425610639836 0.8278756293002971
