Raster_benchmarking/DGGS/continuous/raster-182.asc
NCOLS 100
NROWS 100
XLLCORNER 1743167.3933462703
YLLCORNER 5469297.150882077
CELLSIZE 10
NODATA_VALUE -9999
[rows 38 to 56 of 100, columns 0 to 42 of 100]
0.31605449306543837 0.35721781158536725 0.37705515837432085 0.3274362313708001 0.2908362434966768 0.2301084369139311 0.2520088893557592 0.21950948279662505 0.21925115479313928 0.2889635526538966 0.31771081470110946 0.33401063506698525 0.3337884479024659 0.36735318330958644 0.33512185000151357 0.3162723137380031 0.2942599004595957 0.31184479772328577 0.30962884423474624 0.3140568893084226 0.31606848555202544 0.376056586001585 0.39335872676818534 0.3943767147384825 0.45804901418245225 0.4321088424242225 0.43480309919004967 0.4425881059646883 0.4477734481023546 0.4673075149520587 0.4470014738814355 0.4065079798350809 0.41148623525043304 0.4123321102764013 0.4015801564924853 0.3938657393861297 0.38508148048861773 0.40931420644746463 0.37700943217245236 0.3427696245166188 0.37688361982508284 0.3793271396288673 0.4307244008658622
0.321118367692628 0.3746926480476797 0.37085943725335774 0.30950310327645164 0.30069873006343095 0.27475690928904806 0.21035135533727636 0.23851769213655105 0.23523831979412108 0.2574232629356611 0.2590138146277198 0.28385330708947226 0.32918359737232894 0.3567476689515019 0.32754407978108785 0.3215430270920692 0.3504910302086232 0.3640040538878627 0.3321053045185778 0.36250105394745213 0.34659635933016025 0.37186928274152076 0.40164935592220574 0.43723307667689776 0.46611984713113813 0.47654539519829753 0.4802635133577768 0.43973271034557404 0.4791822693026841 0.4403146466000564 0.4252892874508919 0.37767077460882686 0.39045682887028815 0.41262615086128557 0.39802376433744746 0.38738531257424946 0.38171325056386896 0.42612379115398225 0.3882079873762968 0.3610433823358174 0.3872976737715865 0.39525272553480884 0.41808543758092515
0.3335995130095728 0.36831437352519003 0.3671680049630399 0.3425409434405688 0.26275535333899 0.2443972044882438 0.22443269655659048 0.19375198130146387 0.2471857150706791 0.247166631269363 0.23283640452465532 0.2352734358534608 0.3338222171878874 0.3632331348481442 0.32052041985978746 0.3309967793195527 0.3765882743485511 0.3983730236128213 0.3611505002114723 0.34750427270347317 0.3554496505394694 0.42117751653902424 0.48599344684820295 0.5127431235262196 0.4759137120885417 0.5068980024432431 0.4511472700268395 0.44945796389709686 0.48870346146670746 0.46402757101304526 0.4428425225331403 0.39448923753626525 0.39493335923894723 0.4166466540834154 0.4001821304536909 0.3522848017246462 0.37381289745905116 0.44819437517268257 0.4325959546647841 0.3894561062092359 0.41260371110679106 0.3747135133491262 0.3831517659789152
0.3016302056693742 0.3397619358964593 0.3573520994468984 0.29028722606681434 0.2758457161582412 0.2676178433789605 0.23376549144640624 0.25676613669104076 0.2492522693553364 0.20196927922441507 0.20961248840848232 0.25343464810458527 0.29093041827130806 0.30142861069648014 0.33743908712936976 0.3380991217549 0.35264650780736506 0.39753475904895424 0.3581121388327305 0.36824676317481986 0.41173601705747 0.4128215824947756 0.4862732305177746 0.5151327067557405 0.5209530867806758 0.4707737403120311 0.4474680380386465 0.42443191395971597 0.4541417952230096 0.4569845109575851 0.43096796517027613 0.36729815231469587 0.3666308254902824 0.39401041054452174 0.410407575858188 0.4112008032018414 0.41773311780549294 0.43050232732588606 0.44390600372043 0.4154164856261199 0.3802448260386442 0.39258323047037025 0.39798000564784464
0.2698149702929562 0.304389264002187 0.29514048761455614 0.3019400672690796 0.2828547909497021 0.3117233340087298 0.2734946866872233 0.28041389640138864 0.26568956229050456 0.2076918666576885 0.19954595231525438 0.21858132294880245 0.2818666528429973 0.3344918705192316 0.3241617423935832 0.3094229200790885 0.3340462195856903 0.40683247301522385 0.41793947749363963 0.3849523573505375 0.4335858364147686 0.4259365127220003 0.48009733958078876 0.4949540043243376 0.4856909525726946 0.48430113951207227 0.4737202028228345 0.42741214935590266 0.45174902922901045 0.4282498535088371 0.4304602636133334 0.3758408826907557 0.3947193774040983 0.3946356715743588 0.37784755019662564 0.3789266070728295 0.44757659326320415 0.45388640003635355 0.4365873286879427 0.44356891994542536 0.44221946713698074 0.40171271193300184 0.4149971541393014
0.2620999793015083 0.2560855829626113 0.27017528717636313 0.27872853751983284 0.3383699932547894 0.35642370988045813 0.34012037399162076 0.27892617369148726 0.29244597863981436 0.22871357688670294 0.2251502620789209 0.20526182944977753 0.2645511199519627 0.3429131173311446 0.3686112957508062 0.3257283755326702 0.35878233762636264 0.3977515654327403 0.4007869219924575 0.423933266165654 0.40348012724661103 0.42607332966303485 0.40638974973897773 0.4745913865834143 0.47559450732851277 0.45849520806283667 0.4181390534985215 0.4225912536630244 0.4453500601560447 0.4474614769363631 0.38256438042850643 0.3739988387214948 0.4267204321727634 0.42072912864548456 0.4008681662626195 0.4470493863135858 0.45241549533530734 0.44568138551645764 0.4422499205507875 0.4460009207491029 0.4506580972408575 0.43815010732276743 0.43499535118637894
0.25344721312779556 0.2524446064894241 0.28118604017227905 0.3003391017783635 0.33950677783876276 0.33908273483724893 0.32657565307722036 0.32599904182697304 0.3012849128458203 0.24451276637455033 0.24086478913398546 0.2190476493736346 0.2632602827870463 0.3413705615104162 0.37492026211739465 0.3659351461080408 0.3498517153379664 0.34807835297706546 0.38048290157557996 0.3832132377892856 0.41723802582848135 0.3924272784176872 0.37656189678646734 0.4192096793770589 0.43200359413378625 0.4581699049108893 0.41826452598744923 0.3817388848427507 0.39533681560413086 0.42713949081572333 0.4296494528085466 0.41210616742013056 0.41388536884496635 0.4768217442046106 0.4332380814894983 0.4665030454190903 0.4897968687658038 0.4789157198851919 0.4624330319337677 0.4656211994387087 0.4710441992117969 0.44764874432289004 0.4606105042283282
0.27454463859497735 0.2947061135384269 0.27092345690125486 0.3023739625731591 0.2747596700883751 0.3163364887568027 0.3038746078883939 0.26316029706205557 0.2554421634289326 0.26799947950228925 0.2593255416709371 0.24424850487878064 0.2571296695216938 0.2934135577467418 0.3135763841556782 0.36956895204110307 0.36968347170267707 0.39060228538661024 0.37605824149966854 0.37741572944888685 0.42042531783713594 0.4244187063688088 0.39565581139179273 0.40218996624347025 0.42340998981298367 0.4364969020952216 0.42298495003254094 0.40249960994291123 0.38049936731373724 0.38006992244239957 0.4416445029775111 0.453423035565995 0.42721055396146457 0.4319353702139997 0.48082603272249813 0.4625353253608451 0.44829641409687343 0.4320909455604089 0.4544952034712534 0.4800528725935438 0.45920672811757984 0.45599602564380753 0.458018274635649
0.25367780582313193 0.28063232944136807 0.2533964562673911 0.3043292544584001 0.2996927884887017 0.24310115394031281 0.2742621887494491 0.24839761172302455 0.2684106170394881 0.25146151765911334 0.25241524789599995 0.22651791367612306 0.2854400408462349 0.31321232617070166 0.32265527941442046 0.3116425911094938 0.35108719872461003 0.372826297785888 0.3649724374052507 0.3829203990275948 0.40933825314375244 0.43098993188657136 0.41171833325660256 0.41553922005009153 0.4223128123187711 0.3802179586113599 0.3904767814987379 0.3977692839956013 0.39565912631820277 0.3932751345264168 0.4001360741208457 0.4132426636495321 0.439802975728845 0.45039703049223256 0.482736716122571 0.4862592670782354 0.42562604355966444 0.4069004041861532 0.48465367553973465 0.49371011542261045 0.4759906760658959 0.4646319812183642 0.4725793107534466
0.25315675056240794 0.23641035535521804 0.24565277622160767 0.28390915111270376 0.26712539908125293 0.29111338411458465 0.284653453118887 0.25597028362442975 0.29027967245938635 0.2776091328487329 0.24485324867375904 0.24015312934304 0.29712361377803465 0.2863534339152826 0.29553487567009745 0.3157881418200732 0.354336841488994 0.38667822916037425 0.3794349917199981 0.40867199921070785 0.40720690939375215 0.3896237909926355 0.3737302671216709 0.3877523070981932 0.3876999922693518 0.3627289948828354 0.357817142057655 0.42020593020315944 0.422808454063049 0.4424832684410761 0.4146280077522297 0.4526288237382644 0.43834156975351024 0.4698674105807784 0.48867630038473203 0.46576339777719267 0.48386383977866115 0.4260368098784041 0.4676073415776515 0.4395168249845533 0.4728772343976331 0.4915407530233266 0.46748689085783784
0.20004570260052315 0.20399522043001117 0.2353926374779953 0.25016534386968575 0.2828875900704242 0.25917136637241583 0.2784148689143798 0.3009491062896074 0.29720599224153027 0.25166316757768264 0.2526049435012929 0.2258422752060194 0.24590964986796504 0.303933617230544 0.33767098818805946 0.31235341136204564 0.3312207328552184 0.3719601484998326 0.39899082206152764 0.3868511527673626 0.39075689333209834 0.36644911126259466 0.3706375735760867 0.3501929179332925 0.35717570054181125 0.3515266606345 0.3991277507362269 0.39152663562141954 0.39439763155453883 0.45093879672408654 0.4668120456160104 0.435915041539646 0.4269597524373386 0.4506461417214154 0.5002327251185058 0.4590473348215035 0.4375987094800081 0.460863325384592 0.4392351781634241 0.43461659846635775 0.4575082960405851 0.4634284471675921 0.43279998442627177
0.23008949764836692 0.22663544347668835 0.21324159980605056 0.2650995566263199 0.24608469580687 0.216246577880909 0.21697536577752174 0.21855998846607017 0.23256908577590693 0.23823354943028527 0.2329529290159422 0.21407974782864947 0.26011660054027547 0.3277935970118449 0.34017306251969015 0.3460464288472827 0.38806258003968186 0.36817019300581005 0.38945252124911256 0.4203454994602241 0.37174737165452815 0.37999999178624366 0.3554613865328606 0.3853078146795907 0.4054502952335016 0.39859498958150996 0.4175304037338761 0.39365650033071975 0.4232763938869842 0.4295966594621379 0.4588594633820756 0.46138115758530546 0.4151073296036932 0.42824195398615733 0.48444804835861954 0.444108527019403 0.43520628726027094 0.45632412037248077 0.4355437101606598 0.4664181547805294 0.4757768816427222 0.4227296259617787 0.43399432611462796
0.22369471240608624 0.2403943614463734 0.20725940556668523 0.2543374383586746 0.25318411817281766 0.2155971597427553 0.24888010554363377 0.21001890302064372 0.21376512600007982 0.23916747736715965 0.26651734022866463 0.23249570800930996 0.26029538218304654 0.3041878708544213 0.3807214192116641 0.4072128335433698 0.4369194990721525 0.4474388670381496 0.41247694034324767 0.44924949107173445 0.4353224592117028 0.3900193539414737 0.4055066040540362 0.4032408352435667 0.4165608659850473 0.465548653048371 0.44793453374274733 0.4637335868719239 0.44551173598372823 0.4570916345200981 0.45440728540226 0.41452093259447376 0.42825190273692043 0.46196456211494724 0.46149572289345314 0.4648831534701491 0.4321247957703217 0.46610717374091826 0.45547386004364643 0.47461190860135866 0.45356847844162074 0.4311972998235873 0.41575325425089266
0.25203142593411565 0.22703490644033833 0.2158061044724143 0.2557886181802694 0.2499521448672322 0.22335685116814916 0.23982516236989335 0.20125407696500927 0.20094176649827397 0.2067969689149161 0.24697542696179992 0.2929468043293816 0.3210891237745217 0.34525989498081094 0.38277374652143725 0.39785666309976797 0.3942094985417022 0.41625055364117813 0.44578287915293735 0.4220848515996533 0.4408272810566684 0.4525413474919536 0.4250820056318456 0.41321394315499343 0.4548367835669718 0.4649928543304966 0.4778029413143272 0.4593053573398707 0.4722647988176017 0.451088719178353 0.4906288959984763 0.4899129118341238 0.4464010014923845 0.4518474308537035 0.40856946876689537 0.4242252959033165 0.46268326654621716 0.443604068308018 0.47683250780750946 0.45078523889534916 0.42299167977712626 0.4445438468806889 0.4469012602446641
0.24762281363262487 0.23308626793481166 0.23540711923853003 0.18369300793851814 0.23192913558511388 0.24718263842859084 0.2193100469159305 0.23951570407756106 0.2366202994193476 0.21391645792341538 0.23606939705654817 0.2970010797207514 0.31724825817782715 0.35179384289868126 0.4099533414388282 0.42837886673520403 0.3771296703222137 0.39929121753937435 0.4309940177363336 0.46501873970483365 0.47957234717804287 0.5119354898960539 0.5023998430900048 0.4823685253547851 0.49996793196797606 0.4766291884357722 0.487663138183562 0.47331869488417044 0.46132735413644915 0.508053136122197 0.491892353168627 0.4976429903931207 0.4167023814670511 0.41879271154601827 0.4309027961616168 0.40465158181745353 0.4583726760945987 0.4648315016130366 0.4354563886257598 0.43946480189008014 0.45018092852887714 0.46396985721693745 0.455880040544422
0.23521390658757788 0.24266600787157508 0.21037150286710984 0.1684404855718274 0.21462866864820987 0.19790724184171332 0.21147746884637117 0.19496915505445775 0.2163703882111518 0.182370541538853 0.23343993176433836 0.30327815511769596 0.33002042743350396 0.38132571445541297 0.3972752624180205 0.40358396551112996 0.40565645528504246 0.41561710189154843 0.4144698786595556 0.4133076668909829 0.46072396319093395 0.5243325186992228 0.4831970730633926 0.4744349468707306 0.48335334561333704 0.5386838187963608 0.5244226323928889 0.4774005298369167 0.47453416810933263 0.477965857047321 0.48688788530768906 0.45790423817561055 0.4176476198530543 0.4207105271951331 0.3889474926059324 0.400353050624363 0.3896801903103102 0.40507142540492486 0.4412368593749334 0.4178240382434769 0.388273587002441 0.4157844725618295 0.4169113779584449
0.21839736373828017 0.2435180498458568 0.23758706006102523 0.16925548974024057 0.18974418278641417 0.15000205397101088 0.1508714677553684 0.13302365179095313 0.15356469978017867 0.1708071347954901 0.22241800974720582 0.2735454669577911 0.28149778620945015 0.34989798553275103 0.37939827674977916 0.43994840821569614 0.41172412524186464 0.44026359759077477 0.43294302542395424 0.4099348856256148 0.4826951319427696 0.5198540232951225 0.514901369082449 0.5151857009740258 0.5303920234130256 0.5648582472398344 0.538876863854136 0.5037664447492447 0.5334232413739888 0.5347206721301986 0.4850318690710282 0.47759139087637237 0.4260114237467557 0.37090238263054554 0.40139243208378134 0.3962700320001929 0.3752899765874001 0.37533906904911496 0.38153750816308357 0.3626002663370463 0.38342713905197534 0.3939804477597984 0.42859697927912244
0.20330516630151524 0.2044234808782036 0.22721365352367387 0.17692487672553983 0.19560725668655068 0.1873232000790618 0.11985859039514629 0.1485138263418564 0.12933677901420307 0.17177033686349893 0.1857366886212942 0.2607973424805889 0.27269595643649985 0.2972428262492304 0.3967493301156076 0.41274845979472846 0.42181786138393934 0.4268016639433246 0.3811621094188998 0.39491970544600746 0.4445355033141169 0.5320151004539081 0.5549874613544701 0.5845447509903123 0.5292414082875944 0.5302189988978516 0.5630400389539116 0.5320942581489428 0.5666063967289302 0.5384230036306112 0.470553927125138 0.45469548871931303 0.38747842314869974 0.3603672675899346 0.38665252612316375 0.35405541324001844 0.3507983532221888 0.3362443931468054 0.3469401285330823 0.34380875345913386 0.33916725219279475 0.3876262151765783 0.43217562143469224
0.219377272132259 0.18424235449850512 0.23762738226554414 0.21050283829018834 0.16915736437229753 0.17753381599769305 0.1263979787337662 0.10089147091882425 0.14896723564789074 0.16725691609184962 0.16731651801067335 0.20177143536753664 0.22807168343084966 0.2915792924434222 0.3481665034360454 0.3989381379888998 0.40685510655374596 0.3843111766802884 0.3939479671534431 0.41009097549452134 0.4574559098889554 0.5394897614833539 0.5490910307615647 0.6171239587084406 0.5503846055752225 0.5352045866588258 0.5553835954350809 0.5637251875971538 0.5410546334870088 0.5442433934101848 0.49731275619060805 0.4352508914197033 0.3732472337400413 0.35054894155399996 0.38102462343226423 0.3058907053227701 0.35823771832276685 0.3290718219441955 0.2978841640716563 0.2857750972831085 0.3646262257718301 0.3898381299808109 0.403014464275016
