Raster_benchmarking/DGGS/continuous/raster-393.asc
NCOLS 100
NROWS 100
XLLCORNER 1743154.6864044846
YLLCORNER 5469290.749088275
CELLSIZE 10
NODATA_VALUE -9999
[rows 38 to 56 of 100, columns 43 to 85 of 100]
0.609563887134514 0.5993307936861788 0.6131488731583863 0.6491390961903231 0.6434656907457111 0.6256104154613428 0.6220265614032322 0.6409338424890417 0.6188604328311038 0.631724008423529 0.6325901287529665 0.6425882579469931 0.6664253745149546 0.6572762927401156 0.7028371247358722 0.7246332619343633 0.7178991544895317 0.7127766013199779 0.6849073993411571 0.6778156410451976 0.6486669740619322 0.597747835517081 0.5587560544569599 0.5778103644864947 0.5781814253012594 0.5705801445075775 0.565861185736383 0.5120926566798373 0.47909521125398824 0.4676347900413816 0.43396915413380005 0.4036910307081412 0.3938342527806779 0.3587684944438776 0.3592848886162699 0.37628700529624165 0.36294483949205086 0.366149300475628 0.3779615767774282 0.4012212021372899 0.37519778424666594 0.40923096248851054 0.4464510055521693
0.6336160231080405 0.6466136536736767 0.6761365372013128 0.6286069843064195 0.6306992451479976 0.6260733915788643 0.6183844903150174 0.6355065134625665 0.6187044036396416 0.6367559112775135 0.5866923155460139 0.6093850510243027 0.6387211073322265 0.653648693675914 0.6940765540955374 0.686072595736213 0.7253262688925031 0.7372676662298298 0.7408911146542158 0.7013211097884527 0.6262532239501098 0.5814270166223413 0.5665042036631665 0.5696125591193769 0.6022393867684691 0.54857064687507 0.5461111597363606 0.5042529551870982 0.4751369782636569 0.45040803573315025 0.41250533105020865 0.397317154753117 0.37115132612072094 0.3466895745087447 0.34028205299033654 0.37652871779121594 0.3675058988697113 0.38081054768688366 0.37287422853545965 0.3959391891635494 0.3831513072966081 0.39916198436080447 0.4052471885553545
0.6103985534452931 0.6390231616652329 0.6497071403947312 0.6400006158036425 0.6245696230944597 0.6341841999803544 0.6295730268944143 0.6175432028004966 0.6121378863844216 0.6280251865968873 0.6078601582013016 0.6056017366770652 0.6357611317294432 0.6438288972707771 0.6878254040248988 0.6981820950826434 0.6966667119949724 0.7161686609164495 0.7161333260239755 0.6873819581540914 0.6589667348883341 0.6047109664410512 0.5971033268619863 0.6023146914977568 0.5739582333033341 0.5557146223764985 0.5373760236961052 0.5146938986243944 0.47624257402646025 0.4649722187175703 0.42162880730502444 0.3675371018741715 0.3892498337872835 0.36727524832048575 0.37565835099334677 0.3606974195024436 0.3559946020252961 0.38736667401132585 0.40172455796546364 0.3811330574028733 0.4034286153967109 0.382080570947963 0.3645226348247692
0.5910453899128322 0.6147775766756448 0.6111684992726646 0.6212594196532731 0.6118355305858821 0.6024777482784741 0.6226414769378461 0.5997460081597695 0.6318170735346752 0.5908245264951473 0.6178466464878732 0.5870874420840592 0.6153912147689928 0.6192988813912732 0.6216544286338327 0.6967179782669435 0.7095801790741958 0.6989897098322764 0.6598682447501538 0.6671828928053319 0.657383422479664 0.6342747986240558 0.6043674834110492 0.5804088256981211 0.577191227793622 0.5543994885775682 0.5045763433965312 0.49906383128405274 0.44870656722131247 0.4658113845060922 0.42645934048380346 0.38872248566739287 0.35870469621343676 0.38670498630256117 0.383302049440864 0.3648066513613069 0.37662255006308776 0.37780786873888544 0.38671297488013806 0.37239865070643613 0.395379322612346 0.3985346972834793 0.3749716912299776
0.5981438266985828 0.6020477066179407 0.5962949718096547 0.6122476357328246 0.6101430678207357 0.5878806536110053 0.6248813591430743 0.6036118922861282 0.5905303692202236 0.5708606980997969 0.6079738896003943 0.5914114547454496 0.6274691403489054 0.6310173574770332 0.6275464272773121 0.6623136581322401 0.6704972942799253 0.6486441604323341 0.6670627502859192 0.678524744939597 0.6460842807757754 0.631358862767318 0.6008947208120278 0.5749167885614528 0.5402127553119292 0.5386638536441127 0.48894816693859583 0.468396565983313 0.4564772040958309 0.45573020281383386 0.41057777708650334 0.39586589308411335 0.377408161145303 0.3619082017591517 0.3640314825263808 0.3608851659459569 0.36689082546844515 0.3548488070530659 0.3832360753450005 0.3684839728193729 0.37356126786560856 0.36061212779862617 0.3474696668606327
0.5789114481587021 0.5705825571501845 0.5996235589786937 0.5942812415527542 0.5887109317317848 0.620516637298786 0.6067745592401522 0.5803695471460188 0.5626027429017142 0.589048470804316 0.5681487279800903 0.5993183631797222 0.6204354569427355 0.6159803600311532 0.6346412749430628 0.6501461634558936 0.6379671223498233 0.6371319352691646 0.6750054330523254 0.646495949503301 0.6449626230512088 0.595403354829538 0.5902946098082591 0.570746293947344 0.5237241412305532 0.5298906212580312 0.5078278316405349 0.47341244347721423 0.4610307974243541 0.4420928517138268 0.40302982224019684 0.39003132934610424 0.4047668161408549 0.3433895449979853 0.3476395389301631 0.3483250519030062 0.3688555603244679 0.3715520423633208 0.35590162417803434 0.33783649870202165 0.39252973190235363 0.38018371956419333 0.36271864142183335
0.5328074308537596 0.5690875230483062 0.6004388922496714 0.5890511739618955 0.6038869138897845 0.6253814245563672 0.6242678752573431 0.583315472205073 0.5879321852147559 0.5848154436197122 0.5914249289018202 0.58771050598961 0.5907662128238679 0.6457500103981344 0.660921589599145 0.6432131676692533 0.6300741982901817 0.6587501535074852 0.677796149966907 0.6638641479169052 0.6571390302749399 0.609222982910621 0.5634077208875107 0.5650009883232159 0.5378486819679292 0.5328122810992036 0.5124757600580664 0.4798391768761385 0.45211713542638593 0.4061531248409164 0.37579315040489475 0.38910011290575514 0.36133270193226025 0.34723249974693127 0.3801373860636609 0.3643830641265511 0.35736119047000314 0.33216892022080624 0.3431574250242474 0.3213321123380324 0.34070779565569154 0.3685891287734007 0.3304223602629003
0.47960529251797085 0.5167439974949365 0.5616283888419633 0.5843347376509862 0.5994215213428399 0.6300918443135629 0.6476635284938209 0.6388139779044714 0.5982804458305048 0.5894445862747503 0.6074881272609173 0.6175677570151048 0.6034820385562029 0.6269019161073175 0.6536256869534637 0.6260459703848579 0.6549683264416826 0.6404277436293337 0.6593428252842249 0.6319220844150144 0.6377658370501555 0.5755673435526787 0.5436710148725031 0.5301702654415101 0.5075513988466572 0.521546890278946 0.5308891746627338 0.49562069520390967 0.445777046133663 0.41970996624048096 0.34437503115373846 0.3633761442326705 0.35334902622028974 0.32778763796495985 0.36720048609273104 0.352721400763174 0.2920556126833894 0.29236003276672007 0.287371049047642 0.32792860590466066 0.33573050424366124 0.31027044805547915 0.3162385020688216
0.5190163305051405 0.5157190115609691 0.5402316526232909 0.5491200281055878 0.5971405304142946 0.600464003226994 0.6290404593689224 0.6477767347416241 0.6146648229790515 0.6181045816039626 0.6155454878956 0.6223014713312539 0.6107113655552782 0.5912272805101589 0.6147748423312858 0.6105156313343733 0.619835550921419 0.6410730359008293 0.6360053499350233 0.6173367278865902 0.5769612206982253 0.5639441440264862 0.5270943132684559 0.5405437573972539 0.5387962783453846 0.5382521351546966 0.49571946373988823 0.4793488688593137 0.4420397597685712 0.3836281511736639 0.34527412853925027 0.33729975330800593 0.34260965623876827 0.3328513398202323 0.34680714574712646 0.3367705759374721 0.3230687165925572 0.2857180716971181 0.30419151869289573 0.32952833135916576 0.33862678994775613 0.28857976489861076 0.27382144848573664
0.49063678717726295 0.47022050822928585 0.45995648617253104 0.5001831800575841 0.5607654356730815 0.5800985458102533 0.6246773545606558 0.6324605924118012 0.6290730041864088 0.6087835197289945 0.6488932467404157 0.6488830191658969 0.6326818627360973 0.585537705868422 0.5580821373425661 0.5677299818843584 0.5669890954114432 0.6047333851663023 0.6224450795093028 0.6050299127867985 0.588086819031037 0.5552273020557232 0.5247469743997178 0.5240144556679835 0.5234803003938768 0.5236550877606796 0.5125977225278942 0.43824418594930686 0.39775987595246937 0.3672172046413922 0.3297953845605781 0.3241221445493652 0.3611753428008825 0.3215956331390801 0.3185590021629358 0.2894225173768596 0.3106365093937932 0.3057311024995876 0.3060960934892612 0.33243696100202363 0.3305855037049032 0.2961272831176992 0.2509161319699537
0.5059078177171119 0.4964542442364048 0.485809524863202 0.4948329225739284 0.555780621351143 0.5721767405199784 0.5665288969276459 0.6015072242494686 0.6236714286274444 0.63645809508699 0.6471398879729854 0.6424970755349729 0.6170452599012622 0.6038978218481585 0.5588101130110599 0.5597758183740262 0.543761755508353 0.5630473056937433 0.5886603703144485 0.592647682313078 0.5863283661082479 0.5451759908561286 0.5490915197289173 0.5250370884899008 0.5396327319860666 0.5284012966438868 0.4902476500351813 0.42970694742847887 0.41720990208869013 0.37101372358663043 0.3668016043086881 0.3165827570299611 0.32661066798519833 0.34124212301105805 0.32468944373519065 0.2855949691337538 0.334370572924796 0.327657231299891 0.3218466341469342 0.33473700552055013 0.34760392737934726 0.3043349297982627 0.28877240118152236
0.5102370940779698 0.5350385845817909 0.522016815665754 0.5279225813085843 0.5321144712695867 0.5400141316417052 0.5645882854133438 0.5889266494612897 0.5835744955420444 0.5952336416816492 0.6228515654316478 0.6158246414720024 0.5944247301512826 0.5541160297238371 0.5419700944971525 0.5447783145425625 0.5472061394603613 0.568775670902159 0.5705133599682672 0.5668774251259379 0.5411182635842573 0.5538085871794314 0.54118309338344 0.50057032217052 0.5148775286371549 0.4974228062995043 0.4777456842997914 0.4311576943969985 0.4162424419836554 0.3849507721575908 0.3523550359182633 0.31832276875745635 0.31662964988844283 0.3217958480210953 0.2866553001759882 0.275299157498548 0.32527976762488114 0.29649808833795943 0.3240855716492346 0.33054090353836446 0.3370818122234678 0.29816094848723484 0.2873670658985086
0.5188892180911375 0.5187114416482318 0.5098078658612744 0.5039549897463139 0.5048601642020308 0.5517391715469583 0.5554504710087108 0.5337165894583021 0.5383246329018716 0.5928420925594458 0.6089125662977533 0.5687579141236326 0.5804709219062202 0.5543082104532233 0.5724006633033873 0.5685779470096779 0.554124910428103 0.5282711549583128 0.519273451068062 0.5255318650570554 0.4990913320558807 0.49543635096380645 0.5153864442700441 0.5100678444202421 0.4803367965230241 0.4744430020320442 0.45707197645519476 0.4609678621664233 0.4465713912440666 0.3986405233465148 0.3454288262961925 0.3505809472361397 0.3360865335667263 0.2861929024433668 0.26925546920950816 0.3006005250020537 0.28747119567405344 0.28802990468688183 0.3040561402353899 0.3172588543525345 0.3388135274883922 0.3270831139324709 0.3141016759295392
0.533008346653334 0.5305583559465464 0.5394626632177958 0.5463141372556055 0.5076120652656211 0.5511667312783074 0.5570333803961243 0.5455845126646047 0.5152451406207874 0.5683050309468601 0.563989341912247 0.5573421883595945 0.5366912464399026 0.5285817944468477 0.5708801117318925 0.5463411363114333 0.5214532751263082 0.49551550189832516 0.48007883976479476 0.48886595536327004 0.5163773797506411 0.4926873356103375 0.4642024003935601 0.471242580539145 0.4310249488012536 0.47502707833851604 0.46350061472387255 0.45454339020859247 0.412633896151252 0.37208967703081564 0.3495667461817171 0.32146020302558387 0.3220246061249523 0.3078971772208238 0.3007300671402066 0.28392142914222956 0.2849043455582607 0.2982304879564454 0.2979787689149663 0.32359180144696026 0.3581480806334505 0.34672899120451994 0.33759311691445276
0.5316444613744379 0.5295300812679156 0.5537069175264253 0.5483107674044106 0.5190570598398274 0.5222004099387214 0.5504198690452522 0.5186020620012899 0.5157367856888558 0.5299607603146522 0.5354148020442192 0.49779496641623744 0.4909639952971318 0.5082667878676776 0.508989636566943 0.5159680372809716 0.5185443180082654 0.49961925843155536 0.4712438257405252 0.45355835846287595 0.4541744801285793 0.47148484105514943 0.44128528099745973 0.40494064542631203 0.43037201112814827 0.4507057375785904 0.40566782168305976 0.40123871176345094 0.39435338581365265 0.3706048107775852 0.3694933902593096 0.34050604816403335 0.33367794805839207 0.3118726233856616 0.30009842227975614 0.3241553568021284 0.29387681815346445 0.28267391182785884 0.3225262410218959 0.32918214321487255 0.33267001117404976 0.3189218987369534 0.31830214255500916
0.5039898680278493 0.5101286455538557 0.533251407826195 0.5490823839293183 0.5187470154217623 0.5172634978257309 0.5253721280751344 0.4890115305629364 0.48432800817612975 0.515745247575973 0.48172988008465184 0.46005196827165384 0.4533364525570431 0.47718948512096165 0.49463179952659225 0.5128232090045718 0.5088202678930742 0.4900010807435041 0.44484429319845953 0.45707890812741286 0.4166152711824461 0.4377420224990287 0.39635845341106424 0.4106502809289664 0.42689355637873316 0.4167741261004896 0.3983103136170335 0.3660017565690084 0.31575066175553335 0.34964542598427784 0.3309056629473249 0.3390792169287384 0.32650341673241473 0.3267961146085656 0.35058777741923314 0.34580666078450456 0.330926934381162 0.32097994819246584 0.28593504841715794 0.3084317778817521 0.3246252992907395 0.33235648344435803 0.31955509620474776
0.4623746454250944 0.4793671250416877 0.4973686014658096 0.5057979551779904 0.49383092356865044 0.5150624155306253 0.4979161983714909 0.46746809389870936 0.45804975403397713 0.47115131590450665 0.4650350694527198 0.4559869038182004 0.42332599562272116 0.42602824734527356 0.45163648601834566 0.43839455094221347 0.4400360551374578 0.4462458251982885 0.45681607801523033 0.4442805873511981 0.4491565851700447 0.43027146055562143 0.38350651502440397 0.3889317631901508 0.3934515402592362 0.3626154576141861 0.34679049419651986 0.32175727202711935 0.3489521878648263 0.3198161715685333 0.2915599516522586 0.3158024711788738 0.3245270747101127 0.3061152674152838 0.31907474077557463 0.34863800753869023 0.3577447088816335 0.3403258246459349 0.33205708975313186 0.3526415526260046 0.3532723052609137 0.33543545853030704 0.2947614993999376
0.4290010088533143 0.4575376251705388 0.4391318247073334 0.46594397702485535 0.4878662677603619 0.5058213679312578 0.49705101459344947 0.46657430917758913 0.4434662093573632 0.46122229153207134 0.43260549268485343 0.41452305095638553 0.42093892124115884 0.4214933815092322 0.3971454221897512 0.42941415896466506 0.41547407062356706 0.42777613886648563 0.42332776257041194 0.45045430878336723 0.433848137638829 0.439626807434762 0.41684406501909477 0.3841769322541721 0.3530313551445562 0.3460459225427075 0.30513071888755966 0.34166042768517474 0.33986654159419727 0.2878500631128593 0.25544781951917656 0.2941181947902144 0.32827204637558616 0.285694077530404 0.29243868424116176 0.34500082670208443 0.3555439867122724 0.3372430724980519 0.34257711219457754 0.325046809291369 0.36269829403947723 0.33460340031891395 0.3328326351835306
0.4100054630103433 0.41648220308344225 0.4358862542188961 0.45233831430286886 0.4501003087307072 0.4756281685998167 0.46081219416287744 0.48436182918641935 0.43181606881124046 0.4311413660052973 0.42989225263630015 0.4179363418895426 0.39586862269111256 0.4371110414162386 0.41286097737571353 0.40102961416234356 0.40414003821454497 0.41319746313326194 0.41441362324802794 0.4331524091420627 0.4009623051225788 0.39812744115530635 0.3723152684742273 0.3610889522061369 0.3698748262773778 0.3287928567617577 0.31332286788020236 0.322408909215278 0.338124438652922 0.28389011900763844 0.2611343473253269 0.2997763664184265 0.32834889697051933 0.3002830976089133 0.2827640290457958 0.31597214846788063 0.32997942789478324 0.348398355938286 0.36525172027890224 0.33836667250265645 0.32852796246220833 0.3488897442202445 0.3034672684668131
