Raster_benchmarking/DGGS/continuous/raster-245.asc
NCOLS 100
NROWS 100
XLLCORNER 1743151.7373826192
YLLCORNER 5469293.031121889
CELLSIZE 10
NODATA_VALUE -9999
[rows 38 to 56 of 100, columns 43 to 85 of 100]
0.508739035924548 0.4924628076339011 0.4696677381281395 0.4540738169497963 0.4221514729765904 0.39195335424938627 0.3733625169777166 0.3516697671918919 0.3631831419056874 0.30827935536316425 0.27842685644556914 0.2837325634017318 0.2925648354365559 0.3027024492773754 0.28576883757803745 0.2951288199031579 0.33648621463007417 0.3218875819368018 0.3328058999430287 0.2670233762445817 0.26291368554620526 0.28168277151146925 0.25026246917654027 0.21166701793466441 0.20349275021918437 0.1665939284437065 0.1256323501130871 0.09828516804794758 0.09370377097486247 0.12365522568160617 0.08089683969872356 0.08227680273978484 0.0890475081709737 0.08112597938214582 0.07793592755148056 0.051742178806649136 0.0023437701758175977 0.012665795721713365 0.012235741065745426 0.049080791683891914 0.02723193231641931 0.038166485893871366 0.02206982377295485
0.4801716717506881 0.4713587798845148 0.45512357516272045 0.41966647806587193 0.3978840201398457 0.4080906511333553 0.3750675798576093 0.35060836336434126 0.3241745389698231 0.3186705559533137 0.2616829081154936 0.2560320269234936 0.24680771415634536 0.2622017190237945 0.2930099809953752 0.2867008301455758 0.314257295544294 0.27423996296252395 0.28899191332118424 0.2655052215642265 0.2530719933028821 0.25854558831581514 0.25628283641265837 0.22319201830466773 0.1857003457030192 0.16329854360587265 0.12361969126062138 0.1196158960026731 0.14438097694224855 0.12145604995727464 0.09918246760348702 0.11666480895629425 0.11518908174179472 0.08960770267521133 0.08037665320617109 0.08088844968626703 0.021064337469386383 0.0 0.05338451900384625 0.05062088897561455 0.07154546982677681 0.0597679185629825 0.03350941320911744
0.4464659981985313 0.43117706939755346 0.4721454756270089 0.4139362435211314 0.40438885825748944 0.3924127749584394 0.3442111162427775 0.344651933055029 0.36060822786861796 0.32724802772538497 0.2589739393472028 0.2516635045010475 0.26383757669956936 0.23229899398531395 0.2563712191188935 0.25687494105195685 0.2898752063293562 0.2742125655785426 0.23119587835493108 0.2437469076686137 0.2544222113816447 0.2333303795201294 0.23455516373673316 0.18866728807719765 0.16926900065085224 0.16314287012822024 0.12281311142993454 0.1193278966029357 0.14723563241740997 0.1407853561691498 0.15170557825851724 0.15156181834281823 0.12727880145180848 0.14018818529311952 0.11868506309068397 0.06038487368237366 0.027117214236708192 0.03772758988334757 0.0502443478290766 0.0703312686053883 0.05146233162523323 0.03877434400829158 0.04783242665239047
0.42817466414661376 0.4382087622394495 0.46290512604217915 0.4242351682095377 0.36316107539231157 0.3378040346923052 0.33715842066138646 0.33753665768114083 0.33885339272168036 0.279591115428017 0.2807669790911915 0.2863077566920369 0.23469070420202776 0.2413221954243984 0.26812618748495387 0.2704941865675393 0.26644636747756073 0.20586317445338287 0.22552205283596424 0.24491962912555051 0.2601138604912321 0.23060616672315468 0.2220854191908708 0.21162585870843112 0.1901727398408196 0.14409440841469906 0.16494021210736434 0.16071426591382912 0.16792768691926316 0.21314863467899936 0.1732632438436395 0.1918180858601791 0.18712575925825992 0.1707114238876803 0.10267398998490217 0.06145526281155557 0.011900765784953133 0.03622976943932076 0.046348615698160456 0.07852104495797546 0.09847891215087831 0.07852193973456895 0.09401785281371812
0.4294537277938375 0.44577161460237585 0.42044669160028353 0.3869509401176635 0.3654601111678694 0.33472585646450503 0.3423758558957289 0.3278728549531632 0.30180635452679166 0.282143482585573 0.28272516687313326 0.2901131936481346 0.24919050754203237 0.28442065845394426 0.29474317533063393 0.2624476270334482 0.21068284611514593 0.2170176597458253 0.16910038010241593 0.21567519657116557 0.23298106336241844 0.20797888894963543 0.17168812819752471 0.16985384670138406 0.1709345956517776 0.17994592412345367 0.21204474428811773 0.22887894326829256 0.25594253974106507 0.2586681779184151 0.233775319212004 0.207853562148447 0.21198091953906958 0.18021269080858238 0.13197437756366384 0.07589975348182972 0.024637567366566256 0.03163578351623433 0.04908488030762775 0.08695716661785162 0.09079249799233087 0.06862300488780991 0.08795311032992427
0.3805847078704406 0.43270655305763595 0.4096929650013525 0.3870775821691087 0.38026982806476767 0.3850133664601693 0.3672994020292574 0.3540380030931395 0.30546580079806324 0.3103035145822457 0.29456142938913993 0.2774559621777747 0.23850976089385417 0.2649333104978294 0.2649559688904936 0.23267886971938553 0.17763679683301517 0.20177490742663204 0.20243772259361317 0.1801544335421133 0.2070165688697176 0.21790540639368733 0.20278515372166975 0.17779231981934118 0.16938721571315601 0.20718930533644503 0.22554178767679495 0.2545007436375166 0.25235750800883766 0.2660279498462049 0.23533671499795564 0.24161979636649544 0.23544837312449535 0.18153445237601584 0.1224011782138911 0.07835458127562876 0.041222711416660354 0.04537557302478303 0.06404709040324451 0.03408134468140734 0.05220611092118193 0.0842664122672443 0.06751706489164887
0.34945558311719177 0.3940036825875791 0.4408945432119697 0.42092438335405014 0.40105396350848777 0.3700427288334094 0.3576443162558107 0.33795057472854756 0.3326118156074115 0.2997338351814764 0.24465673909808663 0.24316255790505015 0.26612721215502444 0.22478182131177146 0.20569484906462096 0.21260275824045746 0.16904975590076354 0.19775467970797997 0.20975199965002722 0.21510817664176957 0.19840150132174866 0.19915752811665025 0.16534379445277658 0.180595591026843 0.19337787387324476 0.2320422606743226 0.28326681981877755 0.29339773034724254 0.26850982667978507 0.23505573409047606 0.22002263640411596 0.23942161949392288 0.20706286314323435 0.17333699274574782 0.1466117247878429 0.09611476708542847 0.054282321506415224 0.020969898027797317 0.022689479900339503 0.04553707542251273 0.04169789189707549 0.06046947692522474 0.07629547510593661
0.39211056332701183 0.40455675025426474 0.4222828530481309 0.3904217495031029 0.40499241610089837 0.37683489997376485 0.35993627554639646 0.30671857005385555 0.3009129045873939 0.2546015218369807 0.2305699673407311 0.23981113136688686 0.23757110530642506 0.20025969837328508 0.19621530034323917 0.15987590635406465 0.207724589431628 0.19176944008313337 0.15723644910864887 0.16674652314654329 0.18512134761035037 0.16636215643361704 0.1909426114332045 0.21214718525871723 0.22145408509927497 0.26069249075019624 0.30267965080787707 0.2765067964678261 0.2666598781688672 0.22616420552785724 0.19985347726184446 0.21811673202583945 0.1774341014702478 0.16900962751500148 0.1559438470901021 0.134946241222246 0.0909778996733386 0.05643735607601381 0.05076241682761341 0.031227312334357753 0.040982315675751 0.04440133211213451 0.0711024587712504
0.36827380031070506 0.36465778713316344 0.41926942468905054 0.40800001034741884 0.4060300315605768 0.37871965686801373 0.300948012105748 0.3269405690068026 0.2783324477323306 0.25656755596194947 0.24774850470077653 0.23807414388010123 0.23794558604592989 0.19006479864587514 0.14684959350028576 0.1894128180273298 0.20534370008438418 0.19343772828010763 0.1459964826848599 0.1824213540397452 0.1514452449854952 0.1698680717221518 0.16550843665059878 0.20131039943011192 0.23624416429674375 0.2666715590296013 0.2838163047462914 0.24624674512150266 0.2356067371015416 0.21498470886363424 0.22691772267097185 0.1766862278630148 0.1459880175042301 0.15466071099929443 0.13089389144353517 0.10678155628650203 0.10808101970542075 0.09075115369815588 0.07327714243669947 0.04211580259391447 0.0710014767399009 0.0546183592624769 0.04545473950731532
0.35123043176340046 0.3684975447136992 0.3913551725516452 0.4249419411894934 0.391556711670985 0.3513021338435133 0.3187877423252766 0.3159509698872191 0.2904307633707725 0.26919095194006326 0.24126233664854127 0.2672581787760292 0.27354567634577587 0.2549839916926203 0.22666494249388586 0.2231446016277288 0.21660401968941959 0.20242465781699848 0.1872702189558339 0.1591877165475289 0.1399454260470432 0.13988632953043156 0.1435720892701582 0.18927128131840626 0.21601790758716485 0.28872182058011026 0.28459697985309196 0.2742880829620904 0.2831049783316594 0.25877985032963974 0.24909494966558904 0.2112209353255617 0.1917619561189951 0.16699577838881682 0.17049075935954408 0.1280869156553925 0.13157177491238406 0.10346767676750095 0.09894960596353057 0.077561062453837 0.060706082703888865 0.0717968807727428 0.06348584086084844
0.36994423017590056 0.3615857888004641 0.41741009884579866 0.4287307186398979 0.4034893147144762 0.3880580412089963 0.3445799050339458 0.30516573784469564 0.27454428819123594 0.2638527572219071 0.270085163920911 0.26068984383014354 0.26162012182317634 0.24896554737703935 0.27040480946295675 0.2561927014121312 0.223372328880743 0.2183377939723511 0.1700650931702075 0.19890697354610598 0.1638282908374351 0.1558927237675938 0.1779945166885964 0.23983422478452568 0.2540211121015925 0.2823599789953957 0.2849853361079609 0.275287401766354 0.2575833298387828 0.22818110172315337 0.2225090869962366 0.23618890873506704 0.1925342863563711 0.19506335922620247 0.21130702179200045 0.17310543405419393 0.16126297563279007 0.1352541878039454 0.07336810606160403 0.0749905234476233 0.06874821089272054 0.09405455078317278 0.12342694877528555
0.39020384625294785 0.38271354818359105 0.3733749562195986 0.40243910998112675 0.3711437462165191 0.3477666033060869 0.33305903335783604 0.3346554238603712 0.28864807975271645 0.2853283647016065 0.28115713210800714 0.2614221982530754 0.2820493115978072 0.2749891073101557 0.29890214799381803 0.26669786829664033 0.24275372267516854 0.2477753610061579 0.18780705481842114 0.20960826487719778 0.22639611386277445 0.20415461217608924 0.20493095858185018 0.2628025263977375 0.2886115279787535 0.2890870018140039 0.29416249163085034 0.2659416935951869 0.25078377126287693 0.2585265471680735 0.2616498920187615 0.22234508298024658 0.2143853295261449 0.22059118308051337 0.21092010277443832 0.1737477378982265 0.14999241839534475 0.144030975262037 0.106918196474229 0.06680936695880553 0.08683847369716846 0.10104387716068858 0.11556516093142008
0.3847037590157267 0.3871679845517148 0.3781960880290322 0.35959880248919324 0.35827865162748934 0.3721890684369705 0.380682944586915 0.34743596848342984 0.32706059296439505 0.298301797049885 0.29646905459532424 0.2892569415750128 0.32387981713013986 0.27806363042748833 0.3080626946684848 0.27510510798700644 0.2831152537677308 0.28288298110127735 0.22328235625305273 0.23585304599093604 0.23175750991402777 0.23653803004712318 0.2473808824435953 0.2646292546269849 0.30048289531681893 0.3370622106111243 0.3326275999860441 0.315498325015938 0.28110791799926044 0.3034418909074843 0.28332124731604313 0.28705401866387137 0.26230411840548085 0.22228803791912818 0.21549259560075185 0.18969904715557884 0.14752920015910165 0.13654377682419744 0.11690200656942279 0.1045136534616518 0.09491086355030137 0.10118640666301654 0.10336995299619743
0.3476237897359872 0.36444190593372994 0.38160012528530046 0.3490348899476772 0.34757957694614494 0.3665442579198459 0.3715108229110896 0.32435401370175915 0.3507120895474219 0.332982326540224 0.3014142264900756 0.3078306507812113 0.32552263310053997 0.2768217748182188 0.27553552307267276 0.28963732921525465 0.281447730296492 0.2815353297306929 0.29944457212488024 0.293515119614302 0.26591274266177745 0.31064560584668877 0.3163346033408942 0.30455496145796795 0.30022724386445687 0.3372060042860835 0.3372580627058122 0.3152483262414071 0.29399863815422944 0.3280754823661712 0.28423461379721315 0.28628507423968413 0.2891713979560331 0.26314693805209105 0.2373460596483986 0.24554060124502214 0.21768882767727057 0.1977568146214386 0.17561494463621957 0.1743555571080876 0.14236176815161414 0.14006514907276815 0.1549219504687911
0.31552538457550877 0.3335534961760632 0.38852019933817966 0.3624124146600013 0.3633281073680726 0.342168374869885 0.3396620986549424 0.3550689917795208 0.33639332925145127 0.3000704754704941 0.28584460035293224 0.2866773582271969 0.29115485262245977 0.2911133955488584 0.2848716132652175 0.28917573575052924 0.3121124728829695 0.3146097388673851 0.3450889923018243 0.31990454551327496 0.3182721395398781 0.3528645899278679 0.36594008913133114 0.32962346952579424 0.3266086938887534 0.3421415769963665 0.3851965082688321 0.32534262391093416 0.35007038978649724 0.36162217526212015 0.32940117345503417 0.3183786521617678 0.30669495503783556 0.310182939257001 0.29389064488644073 0.2833949574084008 0.2530309059325817 0.24960212715023153 0.21605791303500452 0.22171529542369378 0.17032189682996668 0.17949841961618332 0.17132490099026013
0.35436558514583216 0.36596049665329417 0.37813890025880964 0.37244653171859204 0.36198534833488544 0.29876889151996805 0.32155371714413944 0.33353840201691265 0.3202207951878568 0.3130940559754314 0.28505058323513555 0.29817057097803196 0.3215524008025311 0.2757497894446806 0.3114527939482721 0.31170593838815047 0.3650902837033189 0.3556069755890343 0.38784888846127596 0.36130815415549383 0.3534901330445528 0.3786579195191209 0.3934135521297862 0.4188842774716907 0.4109472326099768 0.3838228538418552 0.39676837471344084 0.35606220902392305 0.3892184223619651 0.36516892498127407 0.35833744490206026 0.3784793194915767 0.36478202342464827 0.3217271005684733 0.3336028289375043 0.30691138036947957 0.26812335723866393 0.2660334378760671 0.24756215447579558 0.22996105776134226 0.2436562306101118 0.2009525348571444 0.21819080310743946
0.39187589411718027 0.3522422049441398 0.3621262592688955 0.3678469808055335 0.310642535967859 0.2787571115139867 0.24665400655744948 0.283232310736127 0.3405020671311244 0.33919717307793856 0.34189488709514815 0.3248738942187339 0.3302717139913126 0.29090156340974965 0.3030455735813357 0.35871954788133653 0.39074338829879857 0.4023157797664313 0.39025238152682906 0.3760589569934525 0.40082983732910993 0.41765514735470083 0.4863797233499702 0.4379710372878277 0.4094355017602308 0.3861369361716879 0.38849669588417285 0.38406917611602 0.3826286285609911 0.36540049624321197 0.406845260615366 0.38214999000498623 0.38469435658789874 0.3869560183579388 0.40443738811294905 0.32517455598890393 0.30302404881694395 0.3078292344710545 0.31718775733489735 0.29271140644218907 0.2775487541473146 0.2303104107657932 0.2049745182316389
0.3775853965343283 0.36714303266978876 0.3775032652045701 0.35655672566582153 0.3517813955024981 0.32065231647355574 0.2999753559498563 0.3056012259868378 0.30810625370247374 0.28762419393737076 0.33387571240741043 0.3354138167198971 0.343103177334392 0.294975573419724 0.2925542302562563 0.3343780768696498 0.37725473749046795 0.4271717677820795 0.40600521390098404 0.43914438429403063 0.4492236713021387 0.48976071573293267 0.5062733329047165 0.4844211729321749 0.42797250039657236 0.41147856941950034 0.4105275038580979 0.4209638085184562 0.4299071726198697 0.40419857514997565 0.40443714959966587 0.4247137256092871 0.42346147492385966 0.41760326111404805 0.42020797257266884 0.3612784282694245 0.3509197332649594 0.34686542481102095 0.3086217239713871 0.3085068210990505 0.2794819598874028 0.23103009552019768 0.21862993640371972
0.4126602255157018 0.37831036073384317 0.37995922669166315 0.37241107582518485 0.3499745116016123 0.30697398756418304 0.29016102503486335 0.29889850585463945 0.2666301761646261 0.2748779764180285 0.2904941738809704 0.29246700463171516 0.307727385541402 0.2805605329463441 0.3031372797459142 0.3368920776284504 0.4031250356629897 0.4423549209035844 0.47240506654802883 0.4744794614224236 0.48372509593955504 0.49050229705458687 0.5455882934546462 0.4819141147049374 0.4627933677853582 0.457084025858619 0.4337610122851427 0.4546741983792517 0.47113979388179916 0.4425715025603909 0.4601919463858288 0.43558793331208595 0.42570213610750024 0.4373502891310746 0.4131532184687478 0.39429458199872774 0.3517867908253498 0.35472745331074673 0.32067572556955337 0.3092980412226665 0.292736253898154 0.2188055898191287 0.20694696485174238
