Raster_benchmarking/DGGS/continuous/raster-125.asc
NCOLS 100
NROWS 100
XLLCORNER 1743167.7560281968
YLLCORNER 5469277.572742288
CELLSIZE 10
NODATA_VALUE -9999
[rows 57 to 75 of 100, columns 43 to 85 of 100]
0.3810066664193454 0.3668804999823896 0.3590098192071655 0.4001692656163051 0.4222332133753578 0.42768685182319977 0.39108881684415914 0.44371915953178775 0.4630421280564663 0.5354080990066349 0.5802578418690483 0.5468020668299693 0.5133830758728709 0.48602812231920894 0.5047715842345728 0.49610323119811506 0.5351768178834517 0.5162177853950743 0.5320466279890693 0.5227208695874749 0.5152480452491777 0.5417431073949313 0.5663764097268807 0.5621302360013211 0.5099189846779751 0.5129691145424452 0.4764940204946181 0.4921332818861888 0.5240888189185845 0.5024045205196125 0.5037248481822209 0.5487117223163351 0.5553969793251947 0.5452137131332518 0.5622941398489979 0.5575083684330508 0.5794816945850736 0.5691940625487073 0.5458172972774032 0.5153809991411752 0.4938909185185351 0.4935128371753487 0.49560445925242685
0.40569271453373296 0.38686855732543546 0.4112592453619976 0.3989130342465702 0.4245460566207005 0.4403420816305043 0.45093664463251093 0.4517971419948257 0.4583659038771738 0.4907474807784117 0.534689112988684 0.5451577857735521 0.5349692363847433 0.5052420434260751 0.5065731512649665 0.5186716739305979 0.5438656384275166 0.5298045557784608 0.5202103608471433 0.540317331744909 0.5405259856524403 0.5355513059717396 0.5405013527181092 0.5637919879452722 0.5170358336181275 0.502327877488707 0.4875411607848136 0.4938154567997359 0.5154420944037382 0.5127346243918489 0.5048717014921251 0.5330426868618655 0.5698666531954715 0.5835678758007765 0.5450600039027012 0.5451096197451383 0.5477282069516033 0.5310334835540073 0.5532803435569922 0.5146397576204029 0.533407653302127 0.5171476623668646 0.5400213430141847
0.4435806290745063 0.44488552702465467 0.40851279283090947 0.4115357443416892 0.43347673489079663 0.44410657910078416 0.47676625632382424 0.48821552286847636 0.4930287875438229 0.48728948610371864 0.5175228887183334 0.5011709341771153 0.5198666307792575 0.5146122165487477 0.539440442422674 0.5439007501117277 0.5672519363128504 0.5384109088529953 0.5122477297468772 0.5353290076962732 0.5440092033718892 0.560773906458505 0.5664984482198404 0.5444684542248515 0.5324179524434705 0.552492939724069 0.5245353656097526 0.5215769091187923 0.5147123978374335 0.5435642677786984 0.5359211293133294 0.564159091311168 0.5777034119381623 0.573386834477626 0.5460969886696336 0.549331259760238 0.5425003000319266 0.5371941184680192 0.5472908646332575 0.5484143000476465 0.5401125469284401 0.5431803363714984 0.5609034765410551
0.4521704437505507 0.4592863045652307 0.43332788587681875 0.43603540648450084 0.43875973056091894 0.47968181579884284 0.4920944632591173 0.5052700364148044 0.50656853131126 0.4826960443114293 0.4733393553343112 0.507061257298451 0.5452457213457913 0.5429252493564037 0.5660743838062584 0.5747685881777969 0.5812876965498762 0.5560997537427935 0.5212945300992559 0.5500561070046026 0.5444580320436027 0.5807029202106907 0.5732691884871166 0.5712938359093326 0.5711608913465784 0.573228890333681 0.53555669672184 0.5375360199665932 0.5227594476598052 0.5579928160842172 0.5590826072898413 0.557137495569729 0.5449861593193353 0.5487682870560018 0.5381697907559733 0.5300762714932791 0.523921630300293 0.5423378739584821 0.5374287506351364 0.5549226615644207 0.5719833708372487 0.5832568781384481 0.567747890960791
0.5064687666325988 0.4888007499755539 0.4973513299586883 0.46754800525052237 0.47094298534657 0.48800740686146854 0.47405601744562026 0.4934180625430933 0.506142867076468 0.5124279615399835 0.477078692484216 0.5167783712958551 0.5470268030590186 0.5560566125090659 0.5734529202471863 0.5760628827718742 0.5417063423033885 0.5651573058310487 0.5417129171910972 0.5583984496427269 0.5385084413216201 0.5875632251247616 0.5988216119680794 0.577802967014697 0.584240970422812 0.5889057314849034 0.5848982162984275 0.547948576039469 0.5280054588125768 0.5768380795139002 0.565181983306557 0.5612153734983235 0.5728815163130083 0.597615846837564 0.5886317512710856 0.5743603441592264 0.5337501278955519 0.5678298591976706 0.5755358454002114 0.5574903774775578 0.5571239225587268 0.5844550632196756 0.6190573476139793
0.523717808242404 0.4955779880374846 0.4917995338557862 0.4975960227613741 0.513516986844057 0.5040293339378401 0.5055478239368837 0.47627515144765176 0.5171964695332569 0.5041927486000468 0.47236120745909793 0.49540073944936597 0.5267418871511929 0.5651850847479085 0.5575611215605594 0.5536321373324958 0.553659604252499 0.583490620585329 0.5827376738469171 0.5424678305594325 0.542873259267375 0.5753321626283391 0.5755096017554452 0.5955089601381583 0.6012495905801835 0.5830103963597032 0.6107803667121894 0.5660139064032105 0.5784655000661121 0.5976078076115875 0.5983332280805388 0.5961419622242821 0.6009781209827287 0.5933496418155572 0.5708674620568266 0.5656006443210478 0.5361769882059283 0.5382021751823495 0.5766180573238223 0.5483784343982653 0.5580070965241886 0.5573289172030085 0.560348841323234
0.5374006909963188 0.49435339112701443 0.4773785535074444 0.4796954745614862 0.48888471936626543 0.488977261041309 0.5056337277092905 0.5027283101561751 0.5107754613038773 0.4943646737915624 0.4822103464784002 0.48160037720653787 0.5013839281535009 0.526390615531225 0.5554564534398925 0.5586022454862097 0.5818697008050269 0.5591638591761373 0.5817058863021619 0.5604224183038042 0.5446146370945237 0.5883260803376437 0.5948931181097079 0.5745260118809277 0.5572501884256313 0.6133651190570757 0.6283984553470424 0.5874356308411925 0.580675192803073 0.6190771235083538 0.6454921504952427 0.6113870169979705 0.6473051477539074 0.6493006524429475 0.6120016103757252 0.5794006111828205 0.5430668567655997 0.5407389280001647 0.5603730085319436 0.5413124890793845 0.5677799327238615 0.5721678028425846 0.5689082871363158
0.5478348980600988 0.5342221122367508 0.5234329556806778 0.48582550540179054 0.4730043956504002 0.4976037597551099 0.5384214203230064 0.5089630722981763 0.5416970590223789 0.5201865579953097 0.5326490080794728 0.5197797370373103 0.5356612490230394 0.5440548465273438 0.5556500953385576 0.5533335206219945 0.5366002638201705 0.5416495073141965 0.5492861645715696 0.556531727722849 0.5353308938792372 0.5730502514935962 0.5895507808136419 0.5880907072857535 0.5937599829163486 0.6277259499320481 0.6353425795356179 0.6090296211202466 0.5947818459441344 0.6214906049457024 0.6368490294206498 0.6454882470188099 0.663011940142473 0.6593090859752221 0.6022813318426101 0.5706485535934284 0.5654326219312631 0.5746809494087354 0.5608519043015889 0.5813747205067944 0.5591624155465565 0.5838353888539909 0.5501506394311226
0.552827578826906 0.5176249969965292 0.5199006476879575 0.5206532730744552 0.4965139275704374 0.5270669187547348 0.5488066674696123 0.5260560659362813 0.5354622422995076 0.5325599138350889 0.5185606276951696 0.5500993503366378 0.5502060867089971 0.534152578647557 0.5300582724506482 0.518413580502719 0.5250232479112978 0.5185309650152633 0.5296698511705035 0.5287265517017667 0.5301046627261327 0.5609103896309002 0.5503189394630142 0.5790980839333378 0.5935694696046948 0.6100879813068472 0.6496966265644407 0.6145035772234436 0.6224502524026522 0.6425035317018123 0.6728286973333878 0.6716604823475959 0.6755040300451957 0.6328394659169828 0.6266586082105055 0.6063865600306749 0.5835978023312204 0.5686964391307633 0.5260498703042736 0.5570727109354087 0.5836892283186478 0.582296501026406 0.5555918293764103
0.5673986419784244 0.5487433907130945 0.5165165723342127 0.5295703327803524 0.5501479976408137 0.5392580735946012 0.5472778986444055 0.5443143185988839 0.5320947103149081 0.5518769668114345 0.577072090054209 0.5810217792071041 0.5526470509746596 0.5636520927087473 0.5558868178909405 0.5575044856293692 0.5555855996051638 0.538623363304513 0.5442219585019908 0.5568565342527451 0.5608466354317682 0.5926063071254094 0.585846262983257 0.6095447269069085 0.6312910303140072 0.6247297652534569 0.6734514295438571 0.6667741008797207 0.6309663378553239 0.6463338740516492 0.6267557167730272 0.6324938086236518 0.6619548985732037 0.6212641681924355 0.6135467678238765 0.6051903081915581 0.5833590219561837 0.5455050005074777 0.5102906862214305 0.5253687573268173 0.5522349508308466 0.5553794747495352 0.552873377900152
0.5725067365383787 0.5261850093962689 0.5122990357397645 0.5527603785215845 0.5445367475462441 0.5608186752021445 0.5532354463513678 0.5475735487982436 0.566402592657057 0.5973343268022713 0.5775358730940113 0.568296250079905 0.5917072899035342 0.5844314861414313 0.5430969920870795 0.56895918452647 0.5497998824749969 0.5588976171629175 0.5772417279523665 0.5870529440938821 0.6026363883718794 0.6236158349369046 0.6175129265819745 0.6160627122301453 0.6340289833247599 0.659355054561678 0.6785191515614193 0.6387395496139674 0.6389686620367647 0.6399178341083634 0.6188071582492689 0.6192384914144561 0.6362080013912286 0.5994868752349231 0.6045875089967874 0.5947886090804039 0.5498074453365761 0.5300656120952437 0.512324686549901 0.525060226567946 0.5535184685215474 0.5951938411226654 0.5869827977320663
0.5387733563397561 0.5224601551593443 0.5199262524383669 0.5598472728384625 0.5492534506267084 0.5825401953137472 0.5601173301792621 0.5522917112163775 0.5966874014047098 0.6040437117761241 0.6168241347815865 0.60534525735369 0.5955937802050749 0.575672239281799 0.5892880703339892 0.584604095658515 0.5905365831719775 0.5802271181862331 0.5871220551489468 0.5973453646238313 0.6153463474392012 0.609586897369115 0.6181376845123897 0.630231651664204 0.6633742937896318 0.6812796402127759 0.690776193615445 0.6633839822811689 0.6482516159528936 0.6404964929526633 0.6294230766883522 0.6154259645031532 0.6135722069550688 0.6035150071774393 0.5979457813503954 0.58392434686376 0.5648467522903134 0.5242368472602351 0.5262846512094471 0.5533082049398432 0.5721527120391128 0.5962093824128586 0.5969266584053655
0.5547832553284863 0.5299904745134053 0.5399657809562273 0.581580112197844 0.574841684766323 0.5854264624082547 0.5761703810839337 0.5836671284921366 0.5833743167731544 0.5984982899026092 0.6512503965067361 0.6267782295037682 0.594834549410548 0.5672345648634289 0.5920941880446254 0.5807564478129462 0.5926655270522407 0.5900393080944814 0.6306724867719616 0.6351862536549875 0.6300316996402943 0.6474365556266867 0.6649603207130386 0.6619579072632993 0.6569473405319883 0.679094292281605 0.6938535013260974 0.6605462060209855 0.6084439869496264 0.6100564611816236 0.621628875015146 0.5947751347918337 0.6049031451958513 0.5979619062473249 0.5504066105832621 0.5414483949807388 0.5427312567081229 0.5300378674052374 0.5642007089642884 0.5828835305971432 0.5911420793326251 0.5835470466394439 0.5740636915081013
0.5844372686693747 0.5812907505609353 0.5757461841643136 0.5764653272786698 0.5900385295683506 0.5625513545540844 0.5745758633099698 0.6066595285632076 0.6234559540214111 0.6384977056273695 0.6598698918874717 0.6284820468154828 0.6200890371868242 0.5935775046657586 0.6149546390264944 0.5903011971274399 0.597348522316672 0.640805916910451 0.6248687326508376 0.6317439189503095 0.6439483821531192 0.651530657957829 0.6463737244406179 0.6506894698012798 0.6714292961263916 0.6817978890902351 0.6593304237223556 0.6313216613532538 0.5961599092954246 0.6107788394890694 0.5888680928983744 0.622795357869519 0.6147417743963777 0.5771307947158847 0.5535034107759234 0.5489860767714975 0.5510565662792004 0.5313337169002629 0.5348173658599426 0.5729161712008081 0.5768599333538648 0.604449927869382 0.587858140779554
0.6160387430209655 0.6253240610185612 0.5986109643464221 0.5789802998006964 0.5763356752274128 0.5980179275603068 0.5701381900331914 0.6252289707594035 0.6268431896560749 0.6428422603182361 0.6451515880568756 0.6535257597227624 0.6420329883853637 0.6517676241303155 0.6376497054681938 0.6055989464181344 0.6316621024045165 0.6453561495228097 0.6319612121184248 0.6690114581970167 0.6741289512578852 0.6685612908502531 0.6633906600659829 0.6702306004114207 0.6480031825502166 0.6843961572408225 0.6856863961695231 0.6449266961297068 0.6099516963887018 0.5842912643288405 0.5787703828331716 0.5764744966199101 0.6005707939438327 0.5688462906746361 0.5364999799866266 0.5138414565416131 0.520090434560047 0.554533033236818 0.5567162693648164 0.597271110598084 0.598624478586411 0.5821193032040104 0.5693301474514894
0.6569256029667476 0.6393912235832921 0.6636895422467555 0.6110304793314896 0.6025822281434445 0.5927465188179183 0.5875985228454242 0.6229998426118665 0.6170650791899108 0.6276540147236928 0.6668298071656205 0.67762358421837 0.6682939190018603 0.6516073219029875 0.6347785937089826 0.5921896287729451 0.5991638944788439 0.6288479435464627 0.6074838212031796 0.6487820494910795 0.6571119905811883 0.6838069720338821 0.6760921111671284 0.6747394772529112 0.6769636726208588 0.6662379938867301 0.6574253913961995 0.6643992604650385 0.6530354609274671 0.5888442053584355 0.5629465628119644 0.5907528923337227 0.5785544771922152 0.5617935778081854 0.5309654699946038 0.5369866052843021 0.5759846791081433 0.5761971719713987 0.5709321716831943 0.5940324076576684 0.5936451714313483 0.5848185562705941 0.5522301360878563
0.6656094052561861 0.6749108935747825 0.7206435088506356 0.6567234015382776 0.61474784274035 0.6189495899128499 0.6098119966479292 0.6355821597727833 0.6429335233864005 0.6622112489615444 0.679966018084011 0.6746264969863662 0.679690245104418 0.652681016895566 0.568797053482596 0.6055452949108229 0.5928059047334825 0.6172890976379549 0.5958493517203087 0.6330088165725024 0.6202652668691673 0.6878543683831624 0.7020968722917141 0.6864612440670421 0.7031124629742609 0.66091944230262 0.6589749407237768 0.6574282931635029 0.656789407218312 0.6143622956135139 0.5810500586070814 0.5743748564532252 0.5402384350890407 0.5220460933175 0.5245697127930773 0.550713391634317 0.5852119475457928 0.5861593081612216 0.587187303460967 0.5978436939999975 0.6086286996601388 0.5642156803420738 0.548162991039409
0.6968789373967837 0.7259006892762595 0.7040192749980665 0.7030889709764656 0.669821857388962 0.6710743902486462 0.658290828609943 0.6230553331326516 0.6323934686544521 0.6288575696873049 0.6619074332332503 0.6641132272678877 0.6765735969350465 0.6194060471290604 0.5921297901454199 0.5932489512230081 0.5972526077065962 0.6103182069910749 0.6392123957922935 0.6204068977845113 0.6479070403450065 0.6548696407861989 0.7000612201379519 0.6948944031932779 0.6658849434388667 0.676620397565677 0.67057895213292 0.6672570324218972 0.678524372950976 0.6440472972817671 0.5866965023435148 0.6022352583101334 0.5588320009764615 0.5506837296623649 0.5789756285020129 0.6061343973756165 0.5762268688728757 0.5750820159461215 0.563257284958232 0.5895608088932054 0.5956066189667132 0.5896630984816962 0.5676657097238569
0.7409973395060983 0.7226919768241351 0.7526129741017396 0.7036139267818482 0.7026738846467725 0.6867916576703414 0.6649923751692761 0.6432879816690624 0.6496680577365702 0.6624556174765196 0.6306472606209342 0.6643355994268636 0.6778448122751688 0.6612223940364478 0.6169230839311001 0.6310696039819375 0.6054501952882132 0.6200478164963106 0.6374930573045898 0.6390519649670651 0.663008133053049 0.6467645962407755 0.6684208814748517 0.6825742618018632 0.6598299493845905 0.6908395534392521 0.6748266824009216 0.6753416667814879 0.6816771194683644 0.6681068818623251 0.6056650286739872 0.6109249069666995 0.5912534975207442 0.6109515701623902 0.6306681238459644 0.6289804541771149 0.6172511514871505 0.6141793611052461 0.583596242367886 0.5838724738090552 0.5986658684843755 0.6079325688051594 0.5972886093068546
