Raster_benchmarking/DGGS/continuous/raster-10.asc
NCOLS 100
NROWS 100
XLLCORNER 1743168.9669576853
YLLCORNER 5469291.818365131
CELLSIZE 10
NODATA_VALUE -9999
[rows 76 to 94 of 100, columns 0 to 42 of 100]
0.5207035719515192 0.5098438058709347 0.4410406834091028 0.4273403909969372 0.4168828384563458 0.4204658080685826 0.412326275270318 0.3837999770139615 0.33817983889977493 0.3360575229675486 0.30492150067044643 0.2742852096276683 0.2738377561686201 0.23175345628119115 0.2887582647663475 0.33644992641954574 0.308532610452524 0.2767998200523855 0.29897261135852604 0.27479880631088927 0.22438759537506942 0.16163883643612345 0.18035330662329777 0.16981298469865877 0.14725652714609996 0.16162609952980542 0.18024377966770297 0.15845416395708978 0.1700582645843383 0.18672831248965985 0.17167969418713205 0.22648023185528118 0.23162965315731274 0.26194040980078703 0.2496014388590271 0.2395195310372095 0.24485602815424845 0.24938678913124135 0.23369594309865074 0.23060579175083823 0.21696605519062526 0.20394536194374657 0.23555369995364855
0.5101886338064338 0.49962111644766627 0.4279769273068345 0.3913496411508835 0.431254466292503 0.42000711256088813 0.38742780081518063 0.3870989703593491 0.3569052511454998 0.33920304782569477 0.3733422468157861 0.3378676799888021 0.2970575240271796 0.26511912189007936 0.29968318839772273 0.3235123366801009 0.3126744035045656 0.29653367290524374 0.2486090171549051 0.25400065628900903 0.2091036481717495 0.1441306570598462 0.19036263196000966 0.17721107261262278 0.16935032007428852 0.166612394436473 0.15612115364131118 0.11785410870740419 0.11360293189980195 0.14904760692179472 0.16787502268731608 0.2052810013812079 0.17689418616639146 0.21430736672647982 0.1915030721597917 0.17155353694998704 0.15953122364993327 0.17499469613260468 0.19282647393564412 0.15858762211120975 0.21385436495482069 0.17721832990846725 0.20345409432928097
0.4897204793907239 0.47728691675400603 0.4588118521141764 0.4194365622670767 0.40516643234137817 0.46275586457276313 0.4566729565226236 0.43720555454248344 0.3698531243703206 0.386664195373487 0.3990077376689927 0.41169905281010344 0.38069041245762314 0.3250856417800107 0.3131506129159355 0.2962547661811804 0.2964322276386814 0.3061775483729819 0.2669300166017499 0.26468781023405213 0.2388461169650956 0.2029918261231089 0.18182587045531917 0.16891727178538288 0.16788615963683184 0.19632875333042107 0.14857338968994926 0.10996839823934164 0.14480880871920052 0.16499436567642883 0.16072239233638186 0.19751242602293523 0.15857462316884868 0.2016235367092098 0.16941470050147603 0.13439624303403874 0.17381401027230517 0.17929292675759845 0.12940493139689546 0.20157331631434214 0.21461001540730404 0.22910917840526562 0.22832138177317698
0.5080247330429087 0.4763067304552975 0.4463934101365211 0.41464796756558264 0.4528752988633319 0.4572228441346308 0.45161826397164456 0.4687029235059853 0.38348861644348514 0.39360807171943574 0.44616577775523136 0.44164625696956156 0.42666762468832375 0.37314823675654935 0.38125418368088504 0.3456425482102522 0.3028044381678816 0.3246756857223794 0.2677116901287885 0.23972293917457071 0.21245650655274897 0.22940118355290218 0.18720746397424623 0.18616004261599828 0.19697119046860787 0.20379362856074426 0.12139109756772062 0.11013721072675706 0.11285124293527583 0.15418915271086317 0.1776010163397385 0.1797045190112741 0.17858787695472964 0.14965610486652375 0.13973176213317642 0.1330570441327503 0.1233751326230308 0.10715301867404378 0.1607041737474921 0.1769400332473509 0.18817747360163348 0.26905100723640496 0.28056068192475203
0.4748439954611356 0.4908887812088929 0.43852268741553235 0.4538266107737111 0.4387315936629461 0.45954921483856825 0.4291528683359021 0.44876200747396183 0.410155590941006 0.42424766504345146 0.4554707472283738 0.4414985393579363 0.4206147238796716 0.4595832775717732 0.4401866770765025 0.39485792230989486 0.37612929735935197 0.4049008302128442 0.36186882734738784 0.31588705208094225 0.2340650820144184 0.2144162008882752 0.193210051066868 0.1519658846419807 0.16553030746187872 0.18077150322190147 0.15243468418187844 0.12657301166911428 0.15896333382265446 0.13228050077512202 0.15833627430688768 0.13127956801915958 0.14682453045426969 0.15190600799014217 0.1535145335200689 0.1329712794540658 0.12975852683164465 0.11037075235145515 0.16150931293532092 0.17988699302001881 0.21546926143401107 0.297762982233723 0.31848373685671466
0.48417641284561186 0.4609796387002344 0.49497716189991553 0.48793419036849567 0.46640601867933373 0.43258339187542916 0.44372336498428655 0.4084184395607806 0.428323586301746 0.5016551023619364 0.48571350245605466 0.4468235099891705 0.4668228725399056 0.4735272127463336 0.44250442993723793 0.4781314515762919 0.4057819297131954 0.4318851513896406 0.3838852195198068 0.3510917003881104 0.22923457390572521 0.17814055178083898 0.16585704038654742 0.18108895039957287 0.19563470494396762 0.18622201784967246 0.16219692648369152 0.15464391568868172 0.13593811248729956 0.16008370129173227 0.18542445624960324 0.14535202205581768 0.1310899757774294 0.1787997661071704 0.1438304740846607 0.1416428394437526 0.11673367852682884 0.09729006676565646 0.1257370000439626 0.16882409444140495 0.1941806950489649 0.30052883774655986 0.2884529145785336
0.4857327045199016 0.50727497785516 0.51237200698236 0.48564383567558694 0.46392021429955926 0.4120570886883112 0.4323136979103828 0.44965818346560654 0.43558817240865083 0.445267088737775 0.44175819727814974 0.4260606702766986 0.460807051143817 0.446029448317707 0.44776991755654993 0.47545989294526614 0.4236329167911195 0.38024609238985974 0.3979316559482593 0.33314846719377994 0.26455636344131783 0.21613549605549176 0.22858587140263026 0.20003350968010103 0.221546050789588 0.20390482617974803 0.20037124400381703 0.17648203575843616 0.11642245483810716 0.1297987020612903 0.14939575315281156 0.19866611418877203 0.1697363197591871 0.13743747636368772 0.1379477050051295 0.13098723262063447 0.13510697515127662 0.1338299379124071 0.13893330949519436 0.15310878440744757 0.19314550354064317 0.2811715542674889 0.27119228046028526
0.48390623143621875 0.5225517657240993 0.5418045114909614 0.5068057146151068 0.4664436629455726 0.437156458671588 0.4205574365302297 0.45149718783181597 0.4439652010966673 0.4298107265726965 0.4499822206916301 0.4317928159246175 0.4721306528953491 0.45812623763408367 0.45596203523327844 0.43890449563125683 0.43375070765765855 0.3912393866451705 0.3976008360348004 0.36304825319245376 0.29582139797126 0.23907262474870183 0.22622044048611484 0.22167365083654267 0.20802596600147447 0.2213022210128142 0.19520740844888262 0.1346837040768649 0.10905353024467772 0.1299899096550096 0.1859117878047899 0.21004955043093776 0.18877209483222845 0.16122472492996423 0.15858993449593323 0.1349986359029585 0.1171729483194944 0.12047082336512198 0.16809771449460992 0.18610004492917293 0.1976187873924588 0.2388882511466783 0.2518768052630916
0.4679622877528438 0.5057249895181374 0.5422979399262154 0.5273601943586078 0.4703612652488182 0.4696416650990704 0.46152034941232023 0.47323478645881784 0.45544182536001704 0.4627394705760596 0.42359928504408995 0.43414350336197655 0.4156782651583908 0.41059821902654414 0.39396218379669096 0.44267082944372077 0.44876766829634523 0.41160858501878056 0.3774355558056867 0.35680016079237636 0.3092435546643612 0.24325967409036614 0.20730849650066588 0.20701642540833282 0.17623641789370484 0.20897632888630444 0.18365511752440272 0.1289379764898657 0.15198529435317787 0.13773247312120782 0.13922221240898613 0.1389628411510991 0.17274858590361697 0.17918873730472284 0.1244252433641777 0.1008221133410503 0.13891676762580019 0.12220900364204616 0.14526086568979737 0.15444342911017683 0.2255669450801476 0.2092295838858888 0.2535080483919946
0.432311214323557 0.5171382312760494 0.5476107298550459 0.5274793235486223 0.47307037507354405 0.4559814650452066 0.4718801251019438 0.4403616218916834 0.4341915430490296 0.4933256082113542 0.4596847443823418 0.40258553842587513 0.40986283111741534 0.37872109085517464 0.36463772497039515 0.41371634139822816 0.39322230179686807 0.4338165304983861 0.4011441439595047 0.3749683373860251 0.3651725992647004 0.3072806493518149 0.2448414073386849 0.18114785940858816 0.1383118161315486 0.14886430514100474 0.19137322544873725 0.13605814793592388 0.16830147770928613 0.20610263642450086 0.1631885952057609 0.14279951428312698 0.1141315105874484 0.1573889481180969 0.15135377283632725 0.11537934172365137 0.16735396952731424 0.18702400539678604 0.1890702981610331 0.1662886877026979 0.2257670157351574 0.21399207024429484 0.19247931010243288
0.4628150011001975 0.4649841589899868 0.4904617871374095 0.4821761613831757 0.4573220815097111 0.45777175638925843 0.4426318079776821 0.4271114325829403 0.47403359071656237 0.4447706231444453 0.4342618234994083 0.418696455089078 0.43760038831353903 0.41585338254199045 0.39839827023759133 0.3877404511324646 0.390090551849435 0.3833210329851984 0.4003468092792682 0.35080112533658364 0.3435963928889427 0.30320147782416407 0.26787999030490944 0.20219920309947353 0.14311931051131419 0.19353722187063183 0.19106560634709102 0.16059094860720377 0.20954332365683873 0.19882030445623147 0.1280783904085987 0.08647974547928106 0.0988537129775184 0.12340835192837067 0.08590440028510044 0.13718216554371274 0.15485755032029783 0.1756553387751237 0.21377785785243794 0.17537940309499062 0.1811218523484586 0.18841991246149453 0.19980030026183274
0.4561416476938384 0.47662601757249606 0.47752940311078595 0.4988246291267006 0.440047266896871 0.4088159569417469 0.42025333945547866 0.4215098035029208 0.48030722662270203 0.4550995512592938 0.4504513765814216 0.4330763885051259 0.4618628047360347 0.4595305679772379 0.4616667814263228 0.4448928802720536 0.39907206866856526 0.35365526732656366 0.3692572364784154 0.3634846892237064 0.33463112379140636 0.3013886771087649 0.19653094993721174 0.15427917118995502 0.1667414851672037 0.19419760894418384 0.15944023049431236 0.19148141920300096 0.17263209147051714 0.17199516109438573 0.15659943636925305 0.09685063634458208 0.05804548249162992 0.06066873552942514 0.10174577552716603 0.14210126450891403 0.1379697211125544 0.19908091782907789 0.20676481377080297 0.2554024119043384 0.20530908449576857 0.2068192308804466 0.1943369449114177
0.4754938540146902 0.46741729332059073 0.5006638543937928 0.43320642212359317 0.4243502138159882 0.4386181012001809 0.41928491462864365 0.4199872348047346 0.44639738582582633 0.4454978266816844 0.4551396370988867 0.4727374779610464 0.474631338654604 0.44576305523169085 0.4451422205166991 0.41991254665619226 0.3594936631532294 0.3652668726218311 0.33069084815208766 0.3556664722792568 0.26754783015351247 0.20047123272671083 0.1696520097010127 0.12939269893073121 0.12165840231218827 0.16299737135401018 0.17197195297230858 0.1656072879457086 0.173219524155121 0.12766753936537495 0.15487423145686827 0.13754753116482635 0.08815386368507049 0.10016767973262472 0.0820049823940578 0.15773469792839168 0.18083309842422993 0.19872571019041044 0.1967365215097508 0.2561684044978751 0.2304733595876669 0.2655088200786459 0.24483158718372938
0.4453547200387155 0.47642024738059924 0.47994199596700415 0.4246913492728843 0.4383098991418762 0.4621215150393622 0.43694979333131945 0.3688995658091872 0.38101231368647703 0.45272423918223287 0.4345465038195729 0.46966407936775106 0.43115663342460303 0.44212119456259635 0.40705760167001465 0.3492362343003056 0.3612544960079545 0.3654984971055762 0.31891496447933787 0.3407010178873076 0.27499557932086144 0.1804947241537648 0.17918657311786015 0.16971100008563195 0.08360483455589073 0.07088522820792058 0.09362746287273147 0.12852990697579314 0.15008009250995408 0.1390538428617369 0.11610836299206323 0.08876448897240598 0.09360623295254827 0.06598596809361519 0.08339305299046895 0.1668344379615536 0.15765819536399844 0.21583123526448744 0.19065452913018846 0.2342555882435198 0.2267612498242465 0.288169145072068 0.314448486128829
0.3723329690481792 0.36776197085797974 0.395567850138126 0.4186367040934901 0.3933045207752416 0.40627119476166407 0.41252984038800394 0.38386063764124834 0.35881253901091825 0.39304084475494333 0.3792891594682348 0.3735032644523987 0.40289345352527106 0.39941536544589545 0.38282141772489664 0.3365153725184542 0.3036262501891052 0.2997173898802302 0.3388638434737016 0.3347340789836337 0.29471341503209275 0.2103031317818367 0.167046947700999 0.13022264620199947 0.07949249833471443 0.12118529372677314 0.11755053482316104 0.06529604662588119 0.08724288997414345 0.11185629295890515 0.12002474731223839 0.06483112561441287 0.0824305665739795 0.07174243483500914 0.12899646047475868 0.14559258973657044 0.18325914048099673 0.20296602992504997 0.19246235909946147 0.20398396089871323 0.250030086347511 0.26645996785048953 0.2884227198699132
0.3306632606635245 0.35965678587259375 0.3557901068119534 0.4153838189588183 0.35152936465293955 0.3669479851485743 0.3659923697933759 0.3448988502304005 0.3620509469815255 0.37047953508162773 0.3353512430584896 0.33239881941793287 0.3241209664069237 0.3312191746308885 0.30670990762582534 0.2978915524352082 0.3118552155622564 0.3216396224647768 0.35156302511945603 0.3156259451584423 0.2489888545943354 0.24622975338061018 0.17651004666723932 0.12244895247713228 0.06714661654851041 0.08693399280680272 0.06006991618597769 0.05510582088775208 0.01556950732343242 0.030565985544147616 0.042998312545245755 0.0886180144826753 0.07276815231204478 0.12734055206190645 0.13010308828895878 0.15404674902519228 0.16789790252708456 0.1711035002553696 0.19566429494549295 0.19754665741736507 0.21593762480650452 0.2700176466799012 0.23118806900410308
0.33147377922396626 0.32272126437775667 0.30105718032673895 0.35075158891903363 0.3098660318179303 0.319773242635637 0.30304361415864844 0.3286847753714257 0.28057530987336726 0.3036733844311485 0.31616334232234433 0.27866852564194056 0.3042574444637261 0.29708878174165865 0.3113259495322588 0.2893806246997018 0.31250038049374557 0.29992882344584887 0.3330380732453243 0.26269301460491823 0.27103397844390137 0.2299691881942932 0.206156964119441 0.1612094090210195 0.07725364162911325 0.07347220951495002 0.08519224817682457 0.0454180591214323 0.012504397910678755 0.009523280572155427 0.05781340218563443 0.11952812536165512 0.09552225425366846 0.0890239042078876 0.16101242836101365 0.17796339556868346 0.15720757896142332 0.14548808450501322 0.17288302909786366 0.2313130541561756 0.2511980455971266 0.2267784556408631 0.23034193404781414
0.3405782207505933 0.282535437028714 0.2599919979744725 0.2578779677711635 0.25003532567664066 0.23865102363787613 0.2855590200439705 0.2598161079247936 0.2907694765181805 0.26375464775500984 0.2810558114658759 0.2526941681429744 0.22875779207137037 0.20616857630355534 0.27456654073076203 0.28965684138525716 0.27287448216866417 0.30896102600203884 0.3184577984840943 0.25673378816686576 0.26819543490092523 0.23378048847894178 0.20721956304150613 0.12593600385369694 0.08338079527951835 0.07884569440208149 0.06274561173905654 0.014013280359038961 0.04718700178875102 0.05227019777878516 0.057297318551101956 0.11818381785537656 0.11938792281823173 0.09579363023017635 0.13538190827303215 0.14653876249655512 0.11186347499672762 0.11676391311432445 0.16255482452855394 0.20003815621332682 0.1952121533760074 0.22116658432739322 0.229569495209115
0.3046158713005636 0.25316035323612496 0.24719691667089444 0.25278489862327636 0.2778742688045025 0.2916402239824902 0.24273940815770437 0.23151235207084442 0.23005240937712898 0.24737222319687158 0.2400281811214381 0.24158736774216497 0.24599477328465888 0.22348864282018058 0.23787309238558835 0.2338522760523301 0.2921229897045424 0.3000298885531362 0.28917235141110315 0.2120458868522992 0.23701909140156824 0.18909815737292077 0.15798795661294596 0.14278236521266477 0.10826541651614995 0.05273262244868953 0.04934614747820443 0.004354138876923844 0.0 0.05860894642249176 0.0805589454964846 0.12960265804986146 0.08785029977746595 0.12249286716862443 0.13982736947545898 0.14484801249278614 0.11684362963277888 0.11277752765150102 0.1425474494143787 0.18220198476952965 0.22313539835923085 0.2440616400605135 0.19841189980183724
