Raster_benchmarking/DGGS/continuous/raster-120.asc
NCOLS 100
NROWS 100
XLLCORNER 1743154.7815280985
YLLCORNER 5469280.860333668
CELLSIZE 10
NODATA_VALUE -9999
[rows 19 to 37 of 100, columns 43 to 85 of 100]
0.49242657839255505 0.5064842913340001 0.5387090308543622 0.5168433271182912 0.5358930665641355 0.5263250456179189 0.4882326044857051 0.4696572652665859 0.5014342204241915 0.5183753792411177 0.4901576427568552 0.5286370458802437 0.500480220520881 0.521293121419532 0.4771519571914274 0.44898523540729174 0.4243768738301636 0.44499913679227227 0.39636299731698255 0.39138466639066305 0.37058232704655375 0.3564334281132175 0.3557900948402665 0.37557606212315775 0.36547653433375527 0.3285830526918351 0.3179993554197241 0.3049513915284952 0.29958805888857926 0.27566852092302513 0.2733578081953048 0.23316672269741404 0.22233873545805666 0.1855857141651613 0.17465717397555555 0.1701655327793432 0.18149706786416123 0.15513415351783755 0.1873676301333883 0.18121234710577136 0.23032759160535202 0.2749986751760056 0.236795505828535
0.5042391239260674 0.5305729763487841 0.5334300702583811 0.5133155925004637 0.4877742008573411 0.4858213757537538 0.4769500849339808 0.4546555132633552 0.44322663513670374 0.4791021270601841 0.4599260321082489 0.4617812954393654 0.47331557822476467 0.49609998516691034 0.4787568364144226 0.4274430596971553 0.4079883884338184 0.4016844901171808 0.39344897511150545 0.36633964854369633 0.37696560170818205 0.3577117226404633 0.3539235052919265 0.3508482110819394 0.3542531673147104 0.3318405938604506 0.2943537290427958 0.29835555001832753 0.290337046801535 0.262073209075163 0.2648139426041804 0.21464008431715936 0.19098026958243666 0.15778833166628423 0.13810200656793542 0.16645412944020702 0.14631863086097208 0.16520688595397637 0.17396014389779574 0.17475532730452914 0.18997247821103708 0.244050406057131 0.2286544235929773
0.525475567165237 0.5276994131820267 0.5239294364658413 0.519241844201285 0.4902642774092059 0.47158027855828716 0.441582564373573 0.42920853201830494 0.4082788489589128 0.41245414909825545 0.44494929270403616 0.4472031004545383 0.44426337275264344 0.4677981097992233 0.46172996218953066 0.4314322783606434 0.4129301069904644 0.3728577653581846 0.3928666069545975 0.3577597526020693 0.3761922935495423 0.35555797575161874 0.36803040372550005 0.33865547311648486 0.30872510684493715 0.30256524537692814 0.3127493658129167 0.2910791636006693 0.25517098282703676 0.2459177226460887 0.22219775550903853 0.22755842938246115 0.19050253936013412 0.14320879891960622 0.14607320707725113 0.13362791935235863 0.15201144437445524 0.13359863402241015 0.1709785377740145 0.18142980393173333 0.1786454956171247 0.20891547260216606 0.2319634857735868
0.5158208320724375 0.5245081494635415 0.5119947125534545 0.4999951529934108 0.4621687515881596 0.43336403308435695 0.4284050264296305 0.39768841038641195 0.4136827543338721 0.420174503351761 0.41599702169607183 0.45091947956376216 0.45525658989303824 0.45406697364316456 0.4196836562892886 0.4092147175548505 0.4178195960225924 0.3637901507518765 0.36249533928230193 0.34234515019178247 0.35582772406808544 0.3601348799334165 0.34222326430523237 0.30747480157376 0.3076152468874014 0.28474320618029686 0.3070221588516328 0.27665947515357087 0.2528767926389731 0.250464170467496 0.21991816900533548 0.20098885202790107 0.1662126831965719 0.1731395950875465 0.1409286273926065 0.13308462091840947 0.13273885325628423 0.14370496877251016 0.18113024247948414 0.2019175145280817 0.18860441346955414 0.21455474581954245 0.22701128459944656
0.5045045990059666 0.5120090884726414 0.4898199396073364 0.47855487770475336 0.469152567440253 0.4279711974449379 0.40084234171135674 0.40675080921116735 0.38636967835321007 0.38565319210053756 0.4488347226855401 0.4578875153466148 0.4571709955272987 0.4299405105324778 0.42489688047219576 0.42888021142094446 0.41441149020855494 0.36572751922169017 0.357440084033066 0.3612148025561755 0.34906279442557253 0.3229239473441154 0.2877052580993211 0.27860295157943915 0.2664089403146948 0.2812758056574619 0.281450738325642 0.2703804679790799 0.2621987936260595 0.2747957590906665 0.21886864099088388 0.19353892355802405 0.18482096450360377 0.16309634513896515 0.1518768373956763 0.16039464850191235 0.16758615965264664 0.17316423498290523 0.18673930425760388 0.1846807140012022 0.20219053957893132 0.21417574538429787 0.2099893443161711
0.48019623279813745 0.4844028679779815 0.4770564271588387 0.4599450875144605 0.44457628370371277 0.4312112561434595 0.3994883473893437 0.39297335200205213 0.42209034644028437 0.40330816734802094 0.4550752180908956 0.45384247389131394 0.46543242421743175 0.41985831795441225 0.4144353742622984 0.4030157385586753 0.39470996087783755 0.3865929240064845 0.36250809124686156 0.331121171171515 0.3114753926930868 0.30289217543110375 0.27832412623741165 0.2919961596605677 0.27978327058097474 0.28625875445298476 0.2599046421119557 0.2546694663091779 0.2561268528016953 0.2785300242329847 0.2560247711176718 0.23802691046907176 0.18774615399491676 0.19968628217521706 0.19254167743151382 0.18026968706429544 0.16040453137474198 0.1860630868340768 0.1830902308870753 0.19797855692801997 0.19344044708356253 0.20400371587884328 0.22405345196200446
0.4604441937610466 0.48717716267379163 0.4837662037782208 0.46755614726582706 0.42853699880860807 0.41643364796307814 0.4025116092675115 0.41737573895305324 0.4177541627844941 0.42788975852213856 0.457833369769506 0.4623729590085662 0.44454151959107724 0.44550758846884775 0.4276896937991823 0.4274324918540166 0.41628972251051777 0.38589637780570407 0.3713029118156519 0.32689362973305175 0.332865848229993 0.313968783984692 0.27156426066667755 0.262550376807982 0.26081938130713817 0.2814560220961459 0.27700850708921776 0.27212584336076395 0.2718194497224452 0.2418179637580903 0.21412301301811965 0.22831892042133275 0.20413648101891455 0.18942924436355188 0.1609383817891605 0.17897000282760483 0.16495845578114582 0.1761729677055958 0.16042534043292786 0.1508984777097632 0.1819255373958522 0.19311857560967244 0.22135176616593097
0.47078234316781276 0.4712254083995363 0.4760858925852912 0.49450690302047673 0.4571637433619754 0.4420405121537327 0.45666154022324223 0.44293167864466987 0.4047093256480367 0.4357846268960863 0.43067178149074814 0.45618523820510415 0.4503951245234748 0.4416988530766866 0.44570704170609426 0.43032356269125194 0.4364145001345058 0.4264271918376422 0.3846767559158129 0.3493360743817841 0.31407826845123415 0.32021783192429537 0.2803016965348478 0.25743566872101475 0.27263274862517917 0.2876107021870282 0.2563414697349935 0.2429911863562225 0.24898841251680634 0.21115074432818112 0.1935331283507995 0.2170201727834349 0.18923020773721616 0.20000653505018595 0.16496238191336599 0.17948727393633337 0.15482641087365195 0.1614960595692207 0.17032334637744773 0.18389565875288233 0.17797728478183103 0.17263264046169516 0.18101510876163474
0.4781186894799017 0.5007288153726934 0.488602276392045 0.5005316217792216 0.49723056020484446 0.4929486981831543 0.47666988924465054 0.43516085609342114 0.41446464813855804 0.41130826228632567 0.43183103281695734 0.45659124028896253 0.47204199138436964 0.485878341347634 0.4549119301421433 0.4243070028277813 0.44792172154573856 0.43203111214816825 0.39424238548062795 0.3715066944188839 0.3463287967193418 0.3013098502489976 0.27705500987752096 0.2512694711318433 0.2487619043929131 0.26351573904462955 0.28103674964418857 0.25959059884470587 0.24185615715109962 0.17617915505957335 0.18432265011362184 0.20306830467966638 0.2105520759970257 0.18493003042869527 0.1826923550196319 0.1557423162126671 0.17242028436125037 0.18014953158211924 0.15669124716586733 0.1755777403762863 0.16684108769265105 0.1680089185493418 0.205451164533594
0.48825445456127475 0.4945287563548883 0.49360286624778893 0.477264282572663 0.5030326237862517 0.5000312410578799 0.48644978281848567 0.44958448231649434 0.4392532366394777 0.4155393567131959 0.4230560371888392 0.45460035383204594 0.4698738789511812 0.4815187844179108 0.45859631533700895 0.42000910043061535 0.4187559955077713 0.40624150309474577 0.40264939746795386 0.3917719385510616 0.3519536431181097 0.3013078419699585 0.2619959385943539 0.2618995524513945 0.2601438330080363 0.2811471225086483 0.29907914750555303 0.2801554232487236 0.2445373536911887 0.2191752287229526 0.21749980654390427 0.22206221449600627 0.22870199129854007 0.20147889947742992 0.1865664824969436 0.19465265870227919 0.19381591476323443 0.20572771053855882 0.17589181585138006 0.1595152333193425 0.16370635664591215 0.17206566538269163 0.2189117023497335
0.5153921252931613 0.5083272358418577 0.5196585449716135 0.4877886223341209 0.5112533746175197 0.5233095390801893 0.5092457566973373 0.4896541842134325 0.45614030260466787 0.4486840268266116 0.41572924518468246 0.4259485532852095 0.4343582035071107 0.4261232683612049 0.4670493109211574 0.46435966349681296 0.4287647098668733 0.4383361133817351 0.4088631567869197 0.37420327588607405 0.3509668233153277 0.2887941817389893 0.2623730270962097 0.2825823673311069 0.3065597330167585 0.31866589178710364 0.2811059947333788 0.26936432119375436 0.23904473522377465 0.23141350638553923 0.20427893398121422 0.20408094754843112 0.22302957024658263 0.2401422794745984 0.21615040181493025 0.1904289903898728 0.2130074024911107 0.20770002363088258 0.16084410342054753 0.1619490618024651 0.1844757690106096 0.1755328057462694 0.21063304194867358
0.5483071879324063 0.5354279179654906 0.5281959287923608 0.5108132450241775 0.5050628218094197 0.53631322647041 0.5129748034769448 0.4881203335326077 0.46658347054110116 0.4367901312383008 0.4478485821009514 0.4683820087450634 0.4531015337042591 0.4553619137400587 0.4656129126781157 0.4484960050212299 0.4125374484967437 0.39029953174309845 0.38489089861153003 0.3450852478900412 0.32847386291243086 0.32207979954437643 0.2956729167992089 0.3132209959770063 0.31900273835941595 0.3129878898151442 0.28601695049918946 0.2604033425167733 0.2616746900937151 0.2225652324642909 0.23248949969482838 0.21014483094569125 0.23551565092311402 0.22982003657231373 0.20216314231499405 0.1968693993655455 0.20682906888871644 0.17206478567672256 0.179219637704185 0.17470519033938892 0.19053792965870636 0.18528334822974415 0.1982926557497563
0.5512541975136762 0.569497283479987 0.5366918493182825 0.5391443130974051 0.5244024228321965 0.5349296798098129 0.5448894915185236 0.5233425141364113 0.4729638614892695 0.4575593802559321 0.47525734946880716 0.4729863903388057 0.46855563847582327 0.4608469774865131 0.4594520287036527 0.44338354129649993 0.4303284420765958 0.3901240066667243 0.3654544646488897 0.3567227391670436 0.34517881125683564 0.3307027091666053 0.33896020377099756 0.35526566300683055 0.3470922643691028 0.3249496371664894 0.2807932150850807 0.29895178322598387 0.2684051459981528 0.22835371968383145 0.2531094116508739 0.25545467127905347 0.22228279804970474 0.24208632844867267 0.2353275484400058 0.20112570146030048 0.20203970688591194 0.15813897610800082 0.1734347068899592 0.14659365528811874 0.16891939592612848 0.2147027202433595 0.2392023222280674
0.5314114772978362 0.5571811550659534 0.5468199525188678 0.5726994023806536 0.5647896697971185 0.5425259721882326 0.5328725370169367 0.526142137258454 0.522188428882252 0.493886263622206 0.5045609227617722 0.4875088528092617 0.4917778140294898 0.4680993803329944 0.4690074236451333 0.45181492424136077 0.43602570388287654 0.41424765246150874 0.38102300989194104 0.3729803839283571 0.34888378029958245 0.3376728045483812 0.3147007510130356 0.3073262641124172 0.30349954948348445 0.28964455296318653 0.299699679789996 0.32141398613272776 0.2843921439392505 0.2511596617623566 0.2741675946703152 0.24101592963054072 0.23067507743784538 0.22495795212695774 0.21461894513733765 0.21159219031815948 0.19892140492368893 0.196264314654226 0.16326133400096643 0.1515708789239622 0.19874682756310125 0.2207137321436554 0.22559214742836775
0.5355784906207184 0.5562667316559045 0.5352736908853976 0.5567930724794832 0.5709302207828755 0.5812081861976485 0.5581909193765291 0.571788270205926 0.5460456210807939 0.5263576832033716 0.5394683687627683 0.5105468456727329 0.49442315434342743 0.47611863201111065 0.4834870770307834 0.4696765821221268 0.43841259833457863 0.3803759697922456 0.36397510720838333 0.3423998644805482 0.3452038828462589 0.31734143186171754 0.2975857707556079 0.336752674594626 0.3226641861096274 0.2728035562651303 0.292633573388408 0.31574565601003474 0.2879368236204281 0.25057057825352974 0.2563058270561874 0.28583510500882464 0.2493337362631408 0.22154123129500325 0.23090434489718922 0.21670290240447182 0.1935065520918227 0.20906098254579186 0.16445785220229428 0.16578844946402388 0.18020856926751597 0.20152318710914333 0.22544441326107434
0.5662208739682382 0.5940725038043464 0.5616192256606592 0.5845432367945089 0.5804887154947518 0.5984801216586878 0.610954533703006 0.6211043956396635 0.5810508548828119 0.545626715595282 0.5333743865583721 0.5014446116462186 0.5097084585891167 0.4826734133329348 0.5004298181000232 0.49083951554891814 0.4432216289874002 0.4060972364667716 0.3666933839286322 0.3393024322054679 0.34545199661296183 0.29700422001031773 0.3064376919889438 0.32041892599934685 0.29710609325224285 0.2772171599542195 0.3007297676883298 0.2960227849574871 0.308864222442693 0.3094347538187453 0.27770624036471786 0.28259686876603707 0.2738097896803339 0.24115055672237234 0.2250794889087413 0.23698750977725114 0.22248933698660922 0.2061195970486202 0.19238073317594476 0.20603590908611585 0.20421724842857697 0.2149844757476463 0.20617980394246893
0.5930802564591492 0.6099691062845118 0.5908253235211074 0.6034637272604243 0.6141093053654909 0.6397538595807948 0.6444839269838863 0.6419558235108072 0.6197749317437875 0.5983681025878118 0.5462601975027929 0.5305529808633569 0.5347399717165805 0.5106482929602117 0.47471267292250957 0.4631645948496081 0.47564828759618366 0.4458398764531384 0.40373238586415355 0.34917458044408395 0.3135497794931585 0.30037203535094925 0.28281218078312703 0.26937525334446155 0.2722866162891494 0.2557833823194073 0.28074558198502275 0.2784107004208399 0.30982534517405624 0.3145189534231434 0.29379719712365304 0.29348385224556317 0.26967997917374315 0.23679207835599014 0.23747363104056332 0.2218587454886772 0.2362432059544549 0.2251774705990253 0.22330194819443286 0.1993139575710412 0.20207211684371196 0.21142141499187797 0.23668077607667526
0.6069241482192479 0.6018171286391955 0.6065797082080941 0.6528118985411986 0.6559885503042792 0.6310844485076422 0.6385648429846321 0.656094397402571 0.6223823474667904 0.5766390357102459 0.5651361334279049 0.5624783857599374 0.5428560633306311 0.5250549353617089 0.49359842428937645 0.46334531862635114 0.4794439812967813 0.457121647903806 0.39997723924984135 0.38513332874836675 0.3328241232723898 0.31031027302154374 0.26186239198360456 0.26115722837234784 0.27565596363010275 0.2904791749596423 0.2737212767351834 0.292632718392689 0.27869315996074506 0.28460864553669885 0.28154223139126217 0.2827384997315829 0.30078867334696396 0.2925587848838462 0.2816025633666448 0.24165626269786306 0.23882191515301351 0.25345080186095664 0.24057300667606482 0.21938724528887218 0.2510558991403435 0.24969336062113898 0.21468285748294566
0.5895316435556959 0.6198652502145218 0.6430928276421815 0.665066375793589 0.6430835632306102 0.6713313099081919 0.6539542387189576 0.6536358255921394 0.6217082670834682 0.5712326389725657 0.5867368972070938 0.5421897311930536 0.5313715210271743 0.5509184698180238 0.5167095277662046 0.5005751545968135 0.5109564700475763 0.4789396806954368 0.4182523588731306 0.3974534692117331 0.3465193676311847 0.30088844876742354 0.2827661968390955 0.26141058426374447 0.26370346617279233 0.2806555833823193 0.2576171425121275 0.29022553570243426 0.3106772284480628 0.304820356288918 0.30562632456050004 0.2929436606788244 0.2762184732747788 0.2960828526553582 0.3083495285098317 0.3013643457532417 0.2610632381291578 0.28352618414947245 0.2659422020324082 0.24410930864177238 0.2534105168397587 0.27603879499058986 0.2542804221069673
