Raster_benchmarking/DGGS/continuous/raster-9.asc
NCOLS 100
NROWS 100
XLLCORNER 1743154.8492566606
YLLCORNER 5469286.034072835
CELLSIZE 10
NODATA_VALUE -9999
[rows 76 to 94 of 100, columns 0 to 42 of 100]
0.3506360916325612 0.314842454746091 0.299758290731634 0.25974205280616286 0.2772011073087458 0.21709606466028336 0.2525789763347462 0.2253689123399469 0.21548575497573957 0.1927428295024063 0.16136738125637273 0.16954041430173256 0.18691642081896787 0.2336678507234715 0.2873365148419325 0.279469395163123 0.25843741335088627 0.20310520761644218 0.19095866334482592 0.17741181043154744 0.18517238056113366 0.15101213658332632 0.1911634005600456 0.2040257888177971 0.2254353393371393 0.2868283174016967 0.2821809519981541 0.3487863213151193 0.32512655590009926 0.3577162826667799 0.362261889648804 0.352643205488065 0.3203382101179817 0.31241511335489963 0.30226251797449266 0.25921609135368434 0.25512105003878244 0.30687876018035676 0.3531924308094715 0.35909703255358283 0.3168241312973418 0.3358078833058143 0.33170005203915087
0.3339853251667016 0.3115730647401392 0.2528043043081971 0.26537606414204 0.26102640696183244 0.24512007418001472 0.2367704737705624 0.2520030985986897 0.2275838723136986 0.1882969139789582 0.17315384377382637 0.19901575551284245 0.23155853957650813 0.2252886875500351 0.23279664827436275 0.21163932482606942 0.24892513740760921 0.2382888717163465 0.20621069494209018 0.18484161643420507 0.18698490291207123 0.2243253984085492 0.22812211450397288 0.22685805275369472 0.24722889585259122 0.26299342920869573 0.3279158279235879 0.3254034952696584 0.3427299207858989 0.38033790007692686 0.329362348573234 0.36570190995770496 0.3326541525860185 0.3248175611677476 0.2871024192024884 0.29543563900488673 0.28609487463963373 0.3656299133615004 0.3675690579614151 0.36663538189290235 0.40891503129272183 0.3732921443128062 0.41038402178413463
0.3127318843180744 0.3243116973602398 0.29339265488333033 0.24537211123920255 0.2747865681563002 0.27861638918252574 0.22606679697694343 0.19459413764098543 0.23441944509923804 0.2633348558253397 0.24560058227422846 0.20274871534081465 0.19429543014271194 0.20872973518477902 0.24237250581011321 0.18461863386576474 0.18141343754152925 0.22444838844356071 0.22268641105483347 0.18697987309492703 0.20914807397138244 0.21343988009356135 0.20657485615847712 0.21796727395629173 0.21457941761350888 0.2550131538560609 0.3431817600810021 0.3472247602397247 0.3442591293570038 0.3751610884416027 0.33658959886911943 0.350684464837073 0.3341887739041055 0.3492606382755284 0.2960991640863125 0.3071480967525036 0.34604245768297925 0.36568475801911293 0.4094781490693213 0.4075538489026695 0.4319495461910753 0.45582156678790114 0.46390960252286206
0.28834669704856386 0.29742219777063494 0.29414448817725386 0.24561012134091603 0.26579456983486915 0.27308285907946384 0.23871160730859062 0.26601931059288486 0.2527435395277256 0.2911440646552653 0.2772458536977815 0.2566061055299112 0.21721977797904307 0.2023028681934046 0.2266207741542672 0.20979186092274166 0.19663853477673224 0.23498349516124026 0.20567971698628662 0.16497708602366623 0.2017824204239608 0.23063925137456692 0.19893728732597873 0.26960662218946535 0.2577144812354747 0.2650728431025277 0.33185140550043446 0.33047534382818683 0.374655964918332 0.36506804348486216 0.3500413342646905 0.40627127777244787 0.3843009717842053 0.3598282899761114 0.3668530437876365 0.32347448868095885 0.325070596696898 0.3644812126276792 0.40633392928113826 0.41945604159103544 0.45507886445036544 0.46398447840041557 0.45021632484875723
0.2563500382113472 0.2936949930572817 0.2780281492113785 0.23040849136413316 0.2708299823394831 0.2476352344589464 0.2552543317199862 0.29893035409606894 0.29905326956341766 0.2879396196633812 0.2497799932308058 0.2692390011013265 0.22689260014528548 0.26473813056987283 0.24828158179680268 0.18392204617426197 0.15713788743938764 0.17793636805288668 0.20954840036335576 0.16443816564700944 0.19097981148171814 0.20528406029164467 0.20350766869355325 0.28095809863889093 0.2987411787043722 0.31673348074122604 0.30923653139102075 0.3309416053519001 0.33332040037871674 0.37111427046917095 0.4062700659949461 0.4093124390096391 0.37548728075505017 0.36203347173991235 0.3483760568095543 0.3485676320768557 0.3712827681949845 0.3485255604220432 0.372016562463899 0.4468690062128867 0.4353248400470235 0.42896235315283204 0.43140954912650226
0.27018097783480527 0.2569298645827722 0.22685862926969824 0.26703520889477095 0.26379576420069806 0.24958470026821186 0.2790492778117312 0.3064192628948386 0.2974413917087401 0.27821625393772564 0.2833554074185263 0.2812293971756541 0.2543230058514343 0.24956785237451076 0.23513663021872938 0.2188486286756698 0.18598035451455944 0.22899721148504182 0.22088112602772994 0.2367195958553823 0.2335786395492535 0.23424731449139205 0.2576019100931792 0.2922942340907086 0.2483231813807765 0.2599007506545881 0.3127329504205308 0.31213574088461526 0.28652842542531676 0.34708059469487396 0.3589539701121239 0.39405251724478507 0.392395090952637 0.38567291746780913 0.36502915263379204 0.3607444470134596 0.4238613164139649 0.4216636982729595 0.41258383286432093 0.3957024532393131 0.4080552021503295 0.4608491103264139 0.4437601733219356
0.21380278418665027 0.21037697558989416 0.2257697738354233 0.23092839126251274 0.24706899462394255 0.26334567338854625 0.3050278945859585 0.3399771716224555 0.37089648093820043 0.36081938521180446 0.2932129073322556 0.2833552123497608 0.3026521340221975 0.2751812282952476 0.20450018523168365 0.17514715024631497 0.16407763172456327 0.21556723282094264 0.24236402020772288 0.3108053576310974 0.2907033973736026 0.2604039845266108 0.25748342564645715 0.2646056896875388 0.2826813334482519 0.25109141405959773 0.25155038621780984 0.2477096146378819 0.2899631130237537 0.29781742974596537 0.29701381895992407 0.32303216600166823 0.3876700291917429 0.43783962411411753 0.4067373930838157 0.43727048715961736 0.4585947409677593 0.45797839545471597 0.39932278840162916 0.3826671529999708 0.4278644710890823 0.4598736715283349 0.4681416560922533
0.2454063887312488 0.25802544311915065 0.24294634174361174 0.20818153121657754 0.22123148168899556 0.2498989058907671 0.30913222778028154 0.34500270927397436 0.3702994714503017 0.3027781300681567 0.27226516500773096 0.2611605601651495 0.2679145558200788 0.2546797714729008 0.24318180849915053 0.18677784170663636 0.20816948280772368 0.27884812646474005 0.2822451020213623 0.3044356224342313 0.263160224236814 0.27849687385977945 0.28044005002164085 0.30231084652421814 0.3089700049163842 0.29363478747502136 0.2959498858874442 0.3033054788194524 0.2609141139459283 0.26168490392723776 0.3314639405195844 0.3468253688371105 0.41692507451646194 0.4026909805381279 0.4365645975225575 0.4284077810609361 0.46227652665426644 0.4879404165819606 0.4701151135957973 0.4707556546612211 0.4999715736512517 0.503679737419932 0.49204161466778035
0.22847392381724393 0.19834088645223652 0.23346866810859931 0.22739940815337217 0.2277924063185812 0.29785352436769563 0.3250884821194026 0.35224636825157213 0.3078385648798154 0.33042275100904744 0.30501103551638614 0.24761554115688836 0.25977214319810815 0.2262371290227963 0.26070593722458774 0.25345378589289946 0.2458504096826393 0.29346499446371405 0.2807979198872852 0.3209089854241707 0.26196479998732647 0.2672410671216313 0.3061902496134552 0.2998556635136786 0.34305188310008444 0.32758045636319433 0.3325088370445719 0.29620988632495643 0.2582513760999308 0.28913533182401097 0.3657944657544136 0.3637726034669001 0.40796073599095606 0.4067301888903245 0.4314307795790101 0.4482060177084919 0.50291931209604 0.5208347138150341 0.5249981567157008 0.5400485764304351 0.49770761932647534 0.5091503252719958 0.5424047854556745
0.24262150450524408 0.23093318258750045 0.21048964260196476 0.24693771167426792 0.2658651054900009 0.2854285142102104 0.2721434678119506 0.32750918886840386 0.27160486980679177 0.23716732266216414 0.24345094179520196 0.2216008752046103 0.19804246337271808 0.18937899278096104 0.20079848559515714 0.24949442423544627 0.25307042936693197 0.32623867719540967 0.3266757691989952 0.3143632633510196 0.2756847426614368 0.29403068684425504 0.3005379112581365 0.28560679091952496 0.29911716269581 0.3393971387070759 0.3155824388538366 0.30181850768074503 0.2960194180690051 0.34256735059548343 0.34653072465503076 0.34353240273532937 0.375513408350454 0.435095404955489 0.4282679608656861 0.4982310563005987 0.5128860746285641 0.5706095477367512 0.564178720367363 0.5587843490897546 0.5560125507499187 0.5272498836599795 0.560802875077402
0.2601195265007674 0.21718023550585916 0.22367866275233436 0.24232898606945813 0.2584491733828935 0.21835526600867225 0.27787400249629685 0.29827594822216413 0.23373497749534505 0.19711380975069132 0.2334993971132002 0.19197000356261723 0.17129790975136192 0.20492263212743386 0.24689693566552182 0.24093933036873674 0.2467778291202637 0.3150367302258488 0.3286649336636769 0.30992524751291384 0.30353693992249203 0.2747207128585209 0.31236262608707444 0.32219588195749643 0.28240317079721433 0.29043097376250476 0.2969123982426575 0.2532232112955268 0.3165580932515667 0.3287478486712183 0.36347526942375996 0.36956041154931357 0.3814381801211799 0.4458720440889841 0.4231760660460788 0.5179342611495599 0.48930450903594414 0.5491326437930004 0.5240820090350752 0.5728930471966542 0.5675013756067773 0.6123158161139657 0.6150348431097769
0.2740178463140625 0.26563149540614767 0.2617956644895429 0.22722536238100086 0.24828718276856612 0.23220615826163676 0.24092961663689655 0.2913130812133439 0.22430790498333172 0.1685569344210641 0.19162641673016328 0.1978662263733981 0.17299066749500747 0.2288796706991357 0.22198099109670005 0.20389461278661558 0.25329303780050527 0.2963428371484277 0.30159092495086653 0.2601724619626344 0.26179175885959716 0.2922103993678919 0.32119015736455575 0.28342298033185587 0.2664304069167407 0.23967780681535447 0.2578668447777654 0.2681254690878019 0.29822868320166274 0.3513246225045065 0.36372833944685656 0.3830613970329795 0.4176878204939721 0.4503262913747796 0.4252315600010894 0.43511558962190167 0.48548530113282223 0.4941371131280668 0.522021508893884 0.5794120118935506 0.570421999507787 0.5708966957524461 0.566267041421881
0.2659795796285614 0.24667350095198567 0.2618695114317306 0.2379696574477201 0.28680981125437965 0.24001273731975903 0.24969109391421496 0.2896674159932663 0.23125533399688444 0.19627139193393614 0.22711092522698786 0.17476992519184878 0.21638224464119257 0.25265959956221007 0.23081658119449952 0.22031224643993239 0.21020423259967366 0.26356813363661696 0.2864239094874539 0.27372568327933244 0.26516859090782247 0.28984377431403535 0.2595870770943606 0.2655356262468365 0.2705214755368889 0.2774065199499439 0.2349167878391534 0.26745189220773613 0.30650744183522755 0.2999617984108926 0.34597960240570264 0.38880761762558014 0.38802687978635736 0.4114257628936798 0.3921627513808075 0.4255920702722396 0.466615541397978 0.5129270208277746 0.5405113206776099 0.5423122346697208 0.5341718461108768 0.5980273201442049 0.6044932771066274
0.32668911751405305 0.2721825960299715 0.26780975682222713 0.30510478870254154 0.297936347861853 0.26349855848870873 0.2448616756516728 0.26808711087343184 0.20905221449296219 0.2453936544366311 0.21414474269443637 0.24894860282515224 0.22765470044220668 0.2564265739648316 0.19124067127465125 0.15859692048189705 0.17088969078219424 0.17144116878456261 0.2159111958338838 0.2117573398793865 0.2616762941275715 0.22170959582561328 0.23532619501328372 0.22926619931068318 0.2299856213806 0.23165258731216726 0.21444207829609022 0.24993420911705122 0.24403518117603026 0.2825469789279872 0.3675999366473133 0.39955074810448193 0.3892628911581243 0.389287120391319 0.39912226480548013 0.4215043558675295 0.4297084735051206 0.43246059813614435 0.46518156374462355 0.49046395927008707 0.5318346707927074 0.5805040025463752 0.6208598897417739
0.3658739925038406 0.3255730702764124 0.35212497486840544 0.3442694229660463 0.3364978771890659 0.3099978365570364 0.29084413005122806 0.2080413617271575 0.1931230531983508 0.24447113333842532 0.20307042542531598 0.2441502748897135 0.262761244794759 0.23904539030531635 0.20513182574197583 0.16032924480730498 0.18809686591449098 0.1632028547968999 0.21621758056398005 0.19128685714916976 0.22637399397136762 0.20139825302373623 0.1933061857426026 0.13236782419597054 0.23228346726744623 0.22421195068230224 0.20261956810542137 0.19524075894179987 0.25720882522534216 0.3341475740186331 0.3758074778352728 0.3777185791119566 0.3613486472152547 0.36292782930011813 0.38919712331499995 0.44341184016168406 0.4405709721900442 0.4343823689468481 0.42539100948527103 0.4644685786854021 0.5300583698842815 0.60792394968196 0.5913257078948957
0.3388119838645121 0.3442799289381412 0.355611302244323 0.38908877615568127 0.3380702260077534 0.3200258021541799 0.289014056522011 0.24432889247952339 0.2254058032163169 0.2715155554465922 0.24130582032944733 0.2209135927118425 0.23670981613219572 0.2677482562120631 0.217833284527077 0.1727525025810422 0.21351081791666235 0.17963010604688462 0.16803381440673135 0.14946252160306212 0.19285318720438382 0.16925064643167437 0.19289083233559187 0.16288891637619798 0.2076906833678065 0.1962529482462601 0.24365403526766832 0.19497226546024402 0.22195235877127029 0.27875158008766493 0.3175318795704058 0.3575560653786124 0.3704638019808638 0.42939710192220426 0.40440239416001256 0.4249518874574887 0.48001251636290976 0.5017321739178684 0.4676468959997287 0.4607482379862605 0.5251092697660831 0.5691951331374404 0.5971510006526074
0.38064950955481125 0.35983638494227116 0.3700906649487478 0.3821264013684215 0.32522839935080883 0.3012261159816415 0.28770305641743615 0.2496283072886239 0.21977628321376308 0.2745929846670564 0.29303584300729324 0.2748050617400315 0.25515436055109686 0.25216121415407683 0.20757421241298174 0.20561668565985117 0.2418845789786146 0.2432736545646515 0.1947211377532999 0.16637414076154203 0.14813802708901058 0.19277880390837185 0.21101483524857784 0.221234459866208 0.24282410644885832 0.21914652391149042 0.23011221562812972 0.2184663277581145 0.26511131178282543 0.2740314448968901 0.3398661580119075 0.3672117200030078 0.38968744709198183 0.442871437352746 0.47091900099596745 0.4447407079895384 0.47520322016309263 0.5003179785653532 0.5357614381384748 0.5201602182354251 0.589113039234989 0.6139163152607416 0.6134706118667719
0.37117414888748496 0.35787436897438396 0.3702414617481486 0.40405569965552224 0.38680719638889877 0.35012223714469914 0.3054659196490273 0.2602796586253473 0.25552721129806405 0.28078312939717026 0.2787926188056743 0.2914458755985498 0.27404795818179456 0.23247310415855035 0.2760399172732579 0.28727078407351175 0.27092640107116694 0.2657648743396309 0.2361325031834562 0.16584254654615022 0.1757186223851242 0.20842624310554303 0.18712292204708053 0.2081879293158735 0.23854920046739453 0.21688080219328754 0.209451017971279 0.2711831346859161 0.27801721157713744 0.29471813093546106 0.3804846325580319 0.41260177779486407 0.4048105168696318 0.40535910765936706 0.45719200601526166 0.5169639425606951 0.5100909163764817 0.521488012555043 0.5322294905557097 0.5326312248922522 0.5838123334439396 0.6509602748787897 0.6194378234676666
0.35646435232707835 0.40338889835279923 0.41874734155660753 0.38065102522164734 0.3502387208127921 0.35225673293476195 0.31052866429320647 0.21556881279117387 0.24500066115167507 0.22121157835916533 0.2859345708110592 0.29988680866187817 0.28571751997828093 0.2616711404755334 0.3030899933589942 0.299108723359933 0.24799050395560823 0.22535058037865008 0.24536912998626012 0.2140928017915108 0.1958934785519296 0.1746969202746089 0.201857987971301 0.20881620824376296 0.2227867777527102 0.17749139493637953 0.20225125593229817 0.2611532262385926 0.29735897497641217 0.3034431580184639 0.38718956352233147 0.4737915638170332 0.4313336954492641 0.4426472128935442 0.48530429580914025 0.5610703920612944 0.5718794381388072 0.5912252910971275 0.5428424400321319 0.5734407016910594 0.6088304000416925 0.6764890641544338 0.6133983749336717
