Raster_benchmarking/DGGS/continuous/raster-243.asc
NCOLS 100
NROWS 100
XLLCORNER 1743158.7723908154
YLLCORNER 5469295.0694898255
CELLSIZE 10
NODATA_VALUE -9999
[rows 57 to 75 of 100, columns 0 to 42 of 100]
0.7131593612643004 0.7541131781249347 0.7578543112620373 0.7550483265687563 0.7778811218729547 0.784599249784214 0.785975971212573 0.8207538878909371 0.8112586200417405 0.79846020802458 0.7915761073935866 0.8164034446477385 0.8131664183317286 0.8437669864556422 0.8081947006430623 0.7725970780720358 0.7618619141231414 0.7889678390135214 0.762517736976068 0.7509904322981282 0.7768353906340242 0.8058606134427119 0.8266734319893888 0.7976155947129536 0.7760317555132598 0.7987224842990438 0.830319348095697 0.816653909042132 0.7880862728889215 0.740301489277341 0.7477305521055501 0.7518483536784126 0.7580274574162483 0.7684806218305379 0.7234981268332508 0.7306811526627083 0.7706590238146428 0.7802220142481726 0.7679525246998291 0.7266177109652621 0.7471778075143745 0.73424496897228 0.7384409856999148
0.6940565977427694 0.7385411616133365 0.7219842484800869 0.7329706377073293 0.7329506782291422 0.7620401562624792 0.812962725044146 0.7982036581852556 0.8379434992627424 0.8053760827118325 0.806994391114046 0.8176785728965158 0.8197953726325603 0.8206996482773643 0.8015492389898952 0.7682644096346596 0.7815831786602245 0.7780340013498462 0.7872669743348594 0.7684915803602341 0.7631805756612553 0.8128147646860937 0.8123441504101423 0.7913713954229972 0.7806159522150184 0.809095014243077 0.8080683277642297 0.8153507717296268 0.8188858517107941 0.7676481981234016 0.749613243185463 0.747356467071934 0.7400521501851355 0.745582300261029 0.7526155780655603 0.7525570000268144 0.74383271836394 0.7444157321858218 0.7701723838676673 0.739271943578509 0.7646590962461202 0.761899091073251 0.7553659834850082
0.6871506464303399 0.6885588256946746 0.726812547353478 0.7236115510575424 0.7692003929210127 0.7680107855782055 0.8151816286344494 0.8108656469057047 0.8004188648021007 0.8296166894512854 0.8414403735572605 0.8417785207509901 0.8217184192255282 0.8601442802742885 0.8110669808709473 0.7566229124566476 0.7859512548402133 0.8049119110544173 0.7872713910734663 0.767175642073251 0.7985515143289047 0.8223184236585155 0.8236161600273687 0.7986053892331382 0.7877337944031445 0.8235051635965406 0.8121848915889431 0.826685733917031 0.8079372884539913 0.7975694864298346 0.7592319480047868 0.7076687397286608 0.7050688361848696 0.7293865995020756 0.7495755415243822 0.7757788711415152 0.7765308524468393 0.7374361350377863 0.7660142694578698 0.7506554714072983 0.7609880596307612 0.7890590756765921 0.7733059268378412
0.7103241945114689 0.6901543676101226 0.6917216998238841 0.7193785836174674 0.7626437464084383 0.7621883917146872 0.8193987133023868 0.8191605954292629 0.8149847241656059 0.8026232334135063 0.8197211765489619 0.83228387018124 0.8390035068939818 0.8236539999513917 0.830387455816335 0.7996790473564148 0.7757138673078354 0.7524078969375685 0.7774705471994258 0.782398328475628 0.7637325767639129 0.775478011072668 0.8290194375646749 0.8240594190449944 0.7883061361402698 0.8192448327923557 0.81982574938606 0.7930390674942999 0.7706599255210314 0.7790066699922771 0.7633723212970958 0.7375192359175015 0.7363154519220568 0.733092815686878 0.7194732453739022 0.7312374024206533 0.7682630095786246 0.752565241046312 0.7469867534199375 0.730902258794805 0.7391506580258537 0.7600515353578721 0.7903563135059699
0.6894754540490619 0.7043566655138183 0.688830568042471 0.7420243156298695 0.7738525914256802 0.7826419625719414 0.8050596048954743 0.8361824947562764 0.804124764496836 0.806255636330683 0.7869080662138407 0.7814953192805626 0.8338218033477189 0.8318445665793005 0.821283115415038 0.7769403648025155 0.7530610664117716 0.737954361806187 0.7591861216543242 0.7650642705660603 0.7698543662004825 0.7815938169341734 0.8121211418864371 0.822470794126652 0.8122357631136402 0.8006155638532443 0.7936134861059866 0.7931619979541946 0.7981065620508391 0.7641764259371129 0.7536134042893228 0.7329885489011432 0.7433302603332754 0.7085235156315706 0.7283019173379004 0.7228577061176884 0.7361341578002786 0.7595388284914278 0.741524240745011 0.744979104011697 0.7160881752607214 0.7417615359158862 0.7533665643771318
0.6640118963583952 0.651940196775015 0.6748588102411205 0.6820476243555184 0.7157990653553686 0.726569623591407 0.7561311478905384 0.8091908309129355 0.7913225121847937 0.7993380452828136 0.8155761333541097 0.7932539930312335 0.8118600976779504 0.7879451107717612 0.7683826231708991 0.7708293477978624 0.7559450387473726 0.7443015662942161 0.7620928721935271 0.7462423414456427 0.7714805324727589 0.7662670498999431 0.7594084091039459 0.8140076614327751 0.8056460155774107 0.797676289742169 0.8007273442814667 0.8195953623774164 0.7988432952540373 0.7774784464002473 0.7366412304952169 0.720879585520887 0.7269956741799958 0.7362673599020376 0.7569069589967596 0.7207634089243622 0.7527017186607307 0.757044286503956 0.7340800614785932 0.7318209676481003 0.7079751424673028 0.7307351960453774 0.7486926779876985
0.6571699118218 0.6574590518620418 0.673203342256577 0.6609029632000839 0.6940727766252766 0.7085936144055041 0.7372679400713517 0.797752337088461 0.7767002596668302 0.8088383119059523 0.8059564934624343 0.7872367670128626 0.7684229395034957 0.760274857167639 0.7709046633701624 0.7942898551072363 0.7522278256351791 0.7592170602241411 0.7778775228510099 0.7772565518517186 0.7445262505165474 0.7293504939148808 0.7587857948862619 0.7975575923282128 0.7687828538088005 0.7430401318719468 0.7532960443633916 0.8054743279123269 0.7680121178896491 0.7356847247616324 0.7584341220793156 0.7495078158702662 0.7538766326981717 0.7614514263821969 0.7739137354263946 0.7360015382469366 0.7348144313499401 0.7020509903796217 0.7196694239842315 0.7300539704000726 0.7477211366736449 0.7138819032978432 0.7490981531147342
0.6562794150255212 0.6574937627925466 0.6553028373935075 0.6718195060335179 0.691682247697857 0.7273580401527758 0.754162759340981 0.7841730017011519 0.8051209271823677 0.8097093530718215 0.7986853915919666 0.8045430710998777 0.7695855647219407 0.7531269428308337 0.7620952195826725 0.7571239559776201 0.7765458152105685 0.7615393404014975 0.7264501017556433 0.7512285986326607 0.7298550429732007 0.7498690431308825 0.7253983063051554 0.7648771535464313 0.7649995392201424 0.7467623818462974 0.7645631269379786 0.7412583655738367 0.7226907431614448 0.7164599940679596 0.7313708077899105 0.7600300994664162 0.756011094627618 0.7710113063791794 0.7663452329980276 0.7525118702528757 0.7596718400420754 0.7152816989614643 0.7169456182327599 0.7196823800040457 0.7424845080872743 0.7221845478958542 0.7262054118856607
0.6793328252001659 0.6675367284937082 0.6562034879655408 0.6370326671752724 0.6596863731162418 0.6959281837493034 0.7364819913039502 0.7347290580493474 0.765394652182678 0.7837224546147218 0.7816527247618394 0.7648957798316793 0.732456396224607 0.7101476555195332 0.7413681968342977 0.7422646883905596 0.7397329265620329 0.7319693959872858 0.7073667126337309 0.7333755428169336 0.7068084298793502 0.7229265820471714 0.7307891280154607 0.7438971796879298 0.7205252711698774 0.7074569703833228 0.7158875153206662 0.7179951522350548 0.7409283750610238 0.7286134322160055 0.7467436669424773 0.7666748852856456 0.7431940784302228 0.776047224709522 0.7854245318841366 0.7925306748897745 0.7897304551257203 0.7321680349481705 0.7584350439350257 0.7497512390717405 0.7547858085221468 0.7330151107475228 0.7217843781892956
0.6910398175063109 0.6605418659366673 0.6416614001805813 0.6551296683817066 0.692517107519253 0.7310513073494106 0.7193212192868607 0.7733411599968875 0.7504472303499904 0.7539450766856217 0.7554771565705121 0.7301176619439173 0.7077376446533322 0.724015918466309 0.6847132607049687 0.685216114857405 0.6911737413692752 0.6635016583359433 0.7016580332007666 0.7026128285576221 0.6999892530203835 0.6880033343502049 0.6846397193596873 0.6875860430982174 0.7150645260891892 0.7189532121909676 0.6918127542755914 0.708360576616851 0.7228441206484241 0.7165716715171081 0.7128174816848932 0.7197548686230892 0.7557784759003671 0.7655941141125743 0.7988010209544085 0.7840008843651473 0.7894129465786884 0.7447654745634907 0.7426319405822095 0.7294638662888656 0.739320972067339 0.739392403588671 0.7535332172104582
0.7030377171670874 0.6875547132679731 0.649820747038643 0.6455487105147039 0.7030399210595384 0.7418609178813129 0.7629664664478292 0.804567398664191 0.7753026280733565 0.7320570083561999 0.7373727168499626 0.7205390758140982 0.685952213350986 0.7066541106182178 0.6801343790446821 0.6222041713646094 0.6488052950429906 0.6169905617372957 0.6389682073574903 0.658404886029042 0.6899345058061921 0.6925096605194029 0.6797909681675065 0.6291826871027827 0.7035595049742229 0.6864889030404654 0.6884343568246635 0.6841710933738424 0.6965882772814547 0.7142990302862957 0.7361349797972573 0.7140094171852432 0.7308239105404267 0.7384009465411882 0.8005694846967286 0.8326895343703204 0.8155298052788026 0.7777653210436729 0.7572174672833561 0.6994858434976335 0.7605107752881759 0.7524644336865108 0.7238894657474694
0.6533287336170562 0.672132439664202 0.6534420599493471 0.6422390565782589 0.6660992630598064 0.7261303476397812 0.7337248591537612 0.753961926498694 0.7595924867718319 0.7188537661253518 0.6790640095816669 0.6880517454464092 0.6566492103838218 0.6384657298189145 0.6159079116610249 0.6255505366158992 0.6142776737883457 0.6125230676062876 0.6241359186047698 0.6100528732437493 0.6366231525481948 0.6371445169054913 0.6416675557911482 0.6480602854304253 0.691232614157543 0.7075959713157379 0.6828376460093772 0.7115197070840442 0.694528920319355 0.7121396007222817 0.7243259403032327 0.7266475521000444 0.7473816716272912 0.7620635397844457 0.7890037184377424 0.784657865190689 0.7910423816850981 0.7383310636515323 0.7381569995143998 0.7306842742656913 0.7535311073305646 0.7661821185922699 0.7541538758266023
0.6653099136649714 0.6634229238983131 0.6710409522931019 0.6481546942622 0.6527570232627271 0.7072732059677223 0.7246723555301734 0.7161802005353486 0.7362299413718221 0.7133710751180228 0.6693631141357064 0.643503335051713 0.6573461433103522 0.6249176076458341 0.620991318365372 0.5985861288378427 0.5944808314248663 0.6172536878992801 0.6268612190455912 0.587841049181338 0.6217433873016214 0.614243186996058 0.6539024405143616 0.6900454582868406 0.7162662947458892 0.7097686547427792 0.7170762992669126 0.7452306063643176 0.7124777721414944 0.7114088549539274 0.7354676494153183 0.756723875805247 0.7564928720826658 0.7834564705597434 0.772065301510543 0.7623032480640262 0.7881205709763432 0.7405483029436277 0.741659501801702 0.7806662902698862 0.7490986868082297 0.7556206384553676 0.7711352499012605
0.6468018462859731 0.6717403760382491 0.6770700927493956 0.6413793587115235 0.67133515243995 0.6978703692476846 0.7025912815796942 0.7423444019031106 0.7321665453920946 0.730150940056265 0.6951836547107495 0.6482914984799231 0.6587834179557359 0.6151654743506803 0.6188240585488715 0.6051556518594869 0.5697383039262899 0.5809149788426247 0.5964080664750246 0.6336432042893803 0.6256792905021907 0.6182712103000964 0.6647728179054158 0.6655211362010827 0.6994558634495692 0.688428005258528 0.7072877836729439 0.761750808196613 0.7598140522064534 0.7666675827438028 0.7535711367631135 0.7527335537130065 0.7592980986083733 0.7617258836057906 0.763442260733416 0.7850061994673316 0.7687616251095106 0.760774694039345 0.782091453898932 0.8085882916194361 0.7991787165408368 0.8135335341806847 0.8070321317379853
0.6726971987368288 0.6663185426180717 0.6760301601600096 0.6690140694919369 0.6563463314061491 0.6793360253706257 0.6939618101140037 0.7813560740263719 0.7645320284471981 0.7412286471498695 0.6936742918532234 0.6535428680527421 0.6676552822850151 0.6430381265259665 0.6173293674134651 0.541369290180504 0.5848794980943502 0.5699131922634333 0.5797625022469494 0.6282594571546835 0.6398159842702443 0.6273181411822008 0.624997527938229 0.6472381097399891 0.645957483455463 0.6757455367922459 0.7077880038372234 0.7478809501299222 0.7725987151079151 0.7621984511217064 0.7952196492901878 0.8218198249268441 0.7920605902972198 0.7669448552483699 0.7866131963559831 0.7592384841010353 0.7548485062458178 0.7954813836588268 0.7598965781315022 0.783878804192437 0.8074046893717729 0.819504059371996 0.8165470208934861
0.6424272984128859 0.6716981500915881 0.7161558252278247 0.7061286619614445 0.7033620874862477 0.6944015691495092 0.7011624995929125 0.7154547132110569 0.7443674348725677 0.7116002252595461 0.7049339703952677 0.6698001024312354 0.6919350893250662 0.673938174445402 0.633650071864389 0.5879187768398667 0.5668488414006048 0.6044882800468682 0.5813246991768772 0.5996242156020976 0.6006601649121605 0.5912321632743973 0.6210291527301045 0.6475499158613099 0.6445385689434432 0.6846295700584836 0.7027709043673306 0.7410369936096738 0.7345587763850511 0.7291143316220886 0.7451268874495732 0.7586007062814487 0.7683212786726992 0.7579661696401216 0.7745973833745158 0.7673138074731826 0.7408550596829787 0.7545472561358958 0.7633158616142096 0.7856663547847917 0.7834610524873087 0.8147758475743934 0.7984475554932845
0.6477495673308835 0.6877297179901545 0.7203783454969542 0.7507916910190598 0.7477508356068171 0.708156657772778 0.7215796384595105 0.7258346562600755 0.7102691586266557 0.7044820218059067 0.7027478260324908 0.7072552402087195 0.6967460538792792 0.675631216599558 0.6556439891096504 0.6164825918649496 0.5891640251521537 0.6048168086483058 0.5932130665595543 0.5736083901473762 0.5882453789918826 0.6098633643464318 0.6318212758815459 0.6496765526186239 0.656087307040766 0.6922270639754425 0.6972879625398235 0.7484773488710025 0.7432372390946728 0.746941478077485 0.7246860919077727 0.7288974839694108 0.7655560790138586 0.7591934186553534 0.7577767222989891 0.7337350451522963 0.7263696381169982 0.7552394108221075 0.760597371902937 0.8111143683468932 0.7807118811146844 0.8101934962779954 0.7841528492959434
0.6654054735804713 0.704437838038305 0.7252512023854518 0.7687190450958603 0.77132487270563 0.7538743180694145 0.7354593585125434 0.701643964287543 0.6881253419597807 0.6661012197354096 0.6819914076245329 0.6860540902603617 0.6765265903451326 0.6690894266921226 0.6683738628677076 0.6569296518511326 0.6317641341328737 0.6066954913268638 0.5999373581845221 0.5791028646253392 0.5671790599468807 0.5953721746581894 0.602240009385677 0.6283728797888989 0.6879271154720313 0.7090029775670377 0.7390884500377103 0.7558823925289285 0.7652341771065694 0.7699986104005492 0.7348897620850819 0.729215726962522 0.737140134959715 0.7366454084659415 0.7261464172798151 0.7481910045605685 0.7630671299883408 0.794385933328913 0.7866493984321273 0.7719095352682785 0.7867185502321514 0.7749592548990346 0.7895483830753279
0.7013990396660863 0.6774926795467698 0.718608787340706 0.7856378402378726 0.7791526132049824 0.7589867292521817 0.7448400430411576 0.7143415735535347 0.6648498389868659 0.6564131739536062 0.6989561587361881 0.7112568193747366 0.6873521470041092 0.6955814089436817 0.6425701220943695 0.6361196940092978 0.6100107268343867 0.601288117007681 0.5767392426775871 0.5671729462207108 0.5807956219659867 0.5687133261957682 0.6069762001485266 0.608989392699545 0.6364480832284629 0.6994500090693142 0.7200392361794111 0.7536210325278475 0.7347246681378548 0.7397306986752504 0.6942371163982353 0.690925802577898 0.6977448434706816 0.694320595162281 0.7265832505904746 0.7244003028804257 0.7412394227948879 0.7749832581657758 0.7804950988939902 0.7629670683270351 0.7625818440466798 0.7907434898361314 0.8024125110617747
