Raster_benchmarking/DGGS/continuous/raster-489.asc
NCOLS 100
NROWS 100
XLLCORNER 1743168.465259257
YLLCORNER 5469284.667603099
CELLSIZE 10
NODATA_VALUE -9999
[rows 57 to 75 of 100, columns 43 to 85 of 100]
0.6479386333736015 0.6319845148999516 0.6442598825172683 0.6297235962410808 0.6441221481990428 0.635558151698599 0.6229248991374481 0.6162048414191555 0.6042203040062128 0.581160936837445 0.5608670367481554 0.5630545274821576 0.5704874901478473 0.5702552813476157 0.5700361570018596 0.583627882150874 0.5539301091774874 0.5842607934062891 0.5886562118991908 0.5604331414638197 0.528762396012332 0.5190192714748084 0.507766723026817 0.46249017155644684 0.47940946084011055 0.44879693814749544 0.4641086845358918 0.4495492274000213 0.44077465540954386 0.4135372285155336 0.40056993878536556 0.4007542525426962 0.3735557023123201 0.36033418621023466 0.3620166714763976 0.3248960774365154 0.28936313197010094 0.26919992885844257 0.24060778965009855 0.2137742790639916 0.1993725834374746 0.17186016801910162 0.14079622725812213
0.6672922700446781 0.6427453581231728 0.624292738767174 0.6502212162033786 0.6412306052342845 0.6322905942994098 0.6455957669764597 0.5990834507668681 0.5958150665342884 0.5783674069029083 0.5824154676543126 0.5661801640921873 0.565793866854979 0.5750982681447163 0.5591866239625936 0.5717552778269962 0.5606702241285733 0.5758996246493914 0.5789203355616229 0.5601956720788281 0.5249344477752727 0.5174477768075932 0.4935477656598005 0.45552563400097 0.45665628676751974 0.4664488683727356 0.4820027470740876 0.45473610400828224 0.453020510882828 0.4174868983273806 0.381729358920204 0.3900856479714954 0.3879207780323981 0.3669744265854804 0.3602457353683737 0.34836138383978194 0.3248660894614664 0.2681592097394282 0.2205594297536831 0.22643270742304802 0.1903512349637209 0.17613682237119202 0.12450464484331786
0.6662470232284178 0.6514326062047184 0.634157943616278 0.6358150190009886 0.6245762214592074 0.6292095636126127 0.614708198972023 0.6160202424223402 0.5982060177049279 0.6023735402852559 0.6090571561402762 0.5886130528878707 0.5508235163560103 0.5490985484069333 0.5576268695978758 0.5670649343987925 0.588590708525773 0.5744552639109577 0.577811432068845 0.5635873503124847 0.5485113533897918 0.5079219286659725 0.4885436417158932 0.4849411206838547 0.49557256074151335 0.4693227243104541 0.445436986116197 0.4571407863415707 0.4364274133852138 0.4153171104492144 0.4097274687458145 0.394898243269337 0.39790114129123916 0.37455404633754236 0.35531389236470934 0.32892173474546565 0.3333334591300601 0.2863180928379246 0.2638415247993608 0.23734308198776977 0.19266810860684822 0.17523932310779672 0.17046189675214116
0.6303714200583825 0.6086195071469305 0.6241511097926188 0.6226444352443118 0.59741794065143 0.6264509668532541 0.6312019296366951 0.6276944454651974 0.5830218965219807 0.5683329921780718 0.5848587311327639 0.592392950965447 0.566529233797981 0.5513010323697705 0.5456844963012876 0.5593917550211495 0.5818840520737072 0.551834203618024 0.5441608442841543 0.5729423137781205 0.5639135424051164 0.5247759827856269 0.5126659886544798 0.5011089077762189 0.5000386271616312 0.48470412855667655 0.4472745137803028 0.41199217598118687 0.3920385095106482 0.3920332946126145 0.37180102192009995 0.36672821905653824 0.3751334098600084 0.35029988421404434 0.3360575370896563 0.3116971904011103 0.3334796626155779 0.30506540575989405 0.2738193652698698 0.24693630029062222 0.1957943736674218 0.17690762467678012 0.16334012626810462
0.6266545377936508 0.599353394540063 0.5927109643739943 0.5975127114661168 0.6149313841034122 0.6149352759526587 0.6449056746894223 0.6328332073536689 0.621486968777278 0.5815457385413911 0.5668639892969567 0.563430933800973 0.5650217756025542 0.5347551948813547 0.5356814306541187 0.5397730985301558 0.576747647898145 0.5689838871441092 0.5595149253711557 0.5689878147776195 0.5571310758461588 0.5247700160730352 0.49718055253961485 0.5082622955029843 0.5017846257312434 0.46991409399805995 0.44294317008722545 0.3994797622887975 0.3734592738482591 0.3891609320976986 0.37192538639746375 0.3704531433545166 0.3602693366917919 0.36106667429435924 0.3361900535466149 0.3172632419712576 0.31348747493504375 0.274341998693301 0.2551270472445284 0.23249960419740912 0.20975401581309552 0.18936591967706007 0.17375120671723113
0.6098672723124577 0.5801797405868719 0.5860334593369533 0.6099335161663286 0.5904911756160072 0.6076278807313152 0.6435824501015677 0.6432710852213259 0.6342387758859468 0.6057185688356577 0.5691879783511015 0.5810002882747495 0.5514129245533055 0.5375586850196797 0.5368851971436457 0.5515789756379846 0.5542240781373734 0.5603991197588787 0.5719717363446638 0.5428852938114921 0.5463399493394031 0.518844346696824 0.5010283549740614 0.4990513961932494 0.4733807845541916 0.4542007670239746 0.43286554196641075 0.39211428799741954 0.3823312487679622 0.3827896316200747 0.34950081374536657 0.35408089310299423 0.3310413251966115 0.3607104725272609 0.3360958291450631 0.3101737302628675 0.29136692168382916 0.28126586141780957 0.2644498099530645 0.25372503829216236 0.21113246738046595 0.20802168730227022 0.21884560540197903
0.5993350533727345 0.5926813827836647 0.5824858340504722 0.602405767661192 0.594063035328906 0.6229507476046362 0.6412501437220238 0.6156170294100479 0.6131910602346862 0.5999224053160366 0.5786695262043579 0.5685559682608089 0.5501818067296179 0.5238433276891304 0.5205637740579967 0.5231220423484192 0.5528749215820301 0.5398887680743415 0.5546962662203945 0.5364511736355367 0.5085448521871986 0.500517899644889 0.48574423004198236 0.47609049661208064 0.44612790750638354 0.4363428721897243 0.4084944527065744 0.37661007658413537 0.34542869001638826 0.33261565468617305 0.31377066680355054 0.33106163390432125 0.34343866562018527 0.33693766798015007 0.30422386855662364 0.31189323683570275 0.29802065889041607 0.27300690188268684 0.26109657444502377 0.24212376975532376 0.20338233817712256 0.21176374430161013 0.22355864599160857
0.5988569617628761 0.5986978920526742 0.5903133231019362 0.6040430397050133 0.6055599443189444 0.5892581663931837 0.6076578565382486 0.5841420394844961 0.6021598992312118 0.5826858824381221 0.5867152629226463 0.5585380507344626 0.5288614905829008 0.5217334795725984 0.49914382252096984 0.5331567427148569 0.5331301189137981 0.5408292162578697 0.5248734673209968 0.5344107794315753 0.49874846633572273 0.5173343196701314 0.5221138945778889 0.46301581127800256 0.4220765669317954 0.39083056997343796 0.3578144956943182 0.34129666029648753 0.3260377242309466 0.30892402762131266 0.3172512239212126 0.33981030742651785 0.3286336422846789 0.30847854460163254 0.2770266470096773 0.30190843117772936 0.2893668597801491 0.27105017897752015 0.21779942167207725 0.23612142311174888 0.22305251400802453 0.23434618687608458 0.2349428418313307
0.5879558783464284 0.5940954889801171 0.6084757525884058 0.5910365826007701 0.5853800879599649 0.5737658849078351 0.5944791812322184 0.5841596438316536 0.5978329220168186 0.6138566423812954 0.6107944453694404 0.5682843009146472 0.5540819955546455 0.5177442087508477 0.5055465804965109 0.5334510403175826 0.49893926102467984 0.49701968562205223 0.49403322580763154 0.5027470759016179 0.4882892772561664 0.496327137178999 0.5160789439802972 0.4651387932187548 0.4281810198697709 0.4150571190773856 0.381351225812114 0.35185585973058664 0.3215937481507308 0.3199742644085552 0.3212881706239652 0.3439303665359358 0.3313292538167521 0.28612606458757034 0.27050809290859723 0.2660668354572261 0.2751165164570772 0.25093366620750535 0.22092508862497282 0.21248171895897663 0.22180919101556376 0.21208198030920988 0.20744309124931656
0.5653067472347859 0.5916355247810358 0.5946717338264136 0.5748194490654658 0.5721522786213397 0.5630740349667699 0.5749493801961796 0.6023102177816144 0.5991287430160883 0.597193020753159 0.5969456017593987 0.553363752336606 0.5242725254888292 0.5197606748647209 0.5290464811128058 0.5158270120567997 0.5070091189470318 0.4951286846462243 0.4997374446625063 0.5160777781189279 0.5118387418707206 0.4890277452991691 0.5042961340292078 0.4591872041594617 0.45144458804954146 0.4314458795697125 0.3768072659407656 0.3731493895215646 0.3547107712790867 0.3436243619327928 0.3428848590365013 0.3351587390127012 0.3156867465952564 0.2719257075646996 0.29490786201556735 0.2604922451491535 0.2536386147101972 0.22938138788847506 0.2295813792509307 0.22603608334110484 0.1901905062952814 0.1964159672947944 0.19100567675064545
0.5869567527269864 0.5573986413060875 0.5823158003863969 0.566244300182686 0.5696719136480888 0.5675267839250933 0.5957419283816557 0.592518746352668 0.5946828271678717 0.5943637791792007 0.5776048524273464 0.5834431780460766 0.555142037566094 0.5314581421879336 0.5250407959668041 0.5140468297882924 0.5224245364812186 0.4911974887647876 0.5128857596669831 0.5029766749543154 0.48933157492727375 0.47954703733257376 0.497184180519278 0.4529724766945935 0.4503568842288954 0.43342962119683964 0.3902333295698242 0.37214033200942553 0.39114373837865146 0.36823939866564015 0.3583185130557755 0.33725682418247876 0.31964678055610857 0.26493012572931934 0.25897466775881633 0.26531326122191284 0.24633922323305796 0.21200500675504194 0.19472925858053108 0.20322704052090462 0.19169999424978446 0.16578814328656696 0.19415585994458406
0.5824626061503606 0.5741240603461539 0.5600215772886064 0.5609926097448434 0.5867993663031963 0.5851242761522643 0.5997864669287364 0.5790041720833758 0.5882136365410472 0.5883983850720598 0.5846945625685716 0.5588132810747021 0.5676013218615679 0.5399966310781347 0.5338330877443432 0.5089850029410332 0.5168668698616533 0.4892943804815368 0.49980583144014246 0.4788428225828926 0.49758974190578625 0.4724776728281693 0.4802839749276761 0.46544929832209075 0.4237503194940157 0.42177662690525136 0.40576366147922877 0.375760816910426 0.3921709222608534 0.370806624641807 0.32751070418618655 0.29893030254190683 0.2859079628705485 0.24951210605021476 0.22912824195953027 0.24605636598537653 0.23673643342461606 0.19857721926941613 0.20143089893567565 0.18441738844413066 0.17212969805746706 0.16895633477857935 0.18166066727973848
0.598429528123227 0.586943827902273 0.5731575478222344 0.5873868502989011 0.593597250534043 0.5799088344877139 0.5865674757074195 0.5772913521827376 0.5882214766257117 0.5724600171805532 0.5686808414498936 0.5703632054367161 0.552104673539419 0.5686384106905972 0.5482222783272587 0.5304163725870118 0.5233892960868654 0.47819919205667333 0.4636369405923015 0.48321034944987457 0.48198513802657295 0.4938513941838266 0.4864632383936855 0.43655293371839277 0.42650033510468166 0.4293918325113045 0.4026461868928099 0.3839437789048734 0.38398658816923664 0.3600288733077893 0.34328085901952804 0.3067157137510082 0.3043500215321719 0.2580678622606799 0.2530985595754477 0.22704105338379238 0.23842511477284445 0.19615296498479576 0.19055143330842808 0.18341592102070964 0.18738274743456876 0.21294233144461386 0.21692368221987465
0.6312881800932176 0.6025069401379273 0.6011452206659073 0.575396369006114 0.569987260870063 0.5856475693456025 0.5964761082181895 0.5815459133551545 0.581704845083556 0.5967039160205689 0.5947628404322662 0.582056702957925 0.5733015386112376 0.5490083216417074 0.5492885667870355 0.5246852595804105 0.5088416742687292 0.49071171412616793 0.4468183550768189 0.4634773782492331 0.448193197384337 0.4705009565858763 0.48490307547035927 0.4383878438832406 0.43196243240369403 0.39839238118700093 0.3946088719510923 0.39189230374613565 0.36428276279333605 0.3545886816750281 0.3349803475160131 0.33890695835894624 0.3154734298890531 0.2833063981092833 0.2578911270036087 0.23694490659785342 0.2157505032603743 0.22923354712925445 0.20802945427889424 0.20972143930208065 0.2152675749982481 0.22665437431505742 0.21865288051437257
0.616886825527495 0.6024487224909196 0.5835281836412701 0.5942555693622639 0.5948178442201718 0.5988581277292009 0.6137860267879053 0.6060305144985881 0.5960731336840082 0.5966372323124578 0.5998024113567859 0.580709709336614 0.5884881565859196 0.5585027325736667 0.5662158415532769 0.5212611738432312 0.5015284835624239 0.4606118342790908 0.4590788157058016 0.42961681336968394 0.4322909488816509 0.46419264601522303 0.4628325714910843 0.46576966074717807 0.419656788127126 0.4097464090263626 0.40089410578872237 0.37301383192704457 0.34628245665139495 0.3460009290351286 0.3496423211543498 0.3500922971287216 0.3306081779662541 0.2962452495103443 0.25958916405948246 0.25660047785306994 0.2409565980933395 0.24038825811511147 0.21644889498764555 0.19670235054922316 0.2027083102166833 0.1979356208172956 0.22642127553485805
0.6146787477341585 0.6088082524861052 0.6122600114136632 0.5888049608051623 0.6082291189677747 0.5892003565327478 0.6341719837403343 0.6033506098288856 0.6074186418861551 0.5934444850435372 0.6018109025713949 0.5844183492365698 0.5871730081869577 0.5844406671901323 0.573865211970079 0.5405410259463526 0.4870632048681445 0.4890551850785244 0.4478606849532172 0.4232510223793178 0.4474869704532267 0.48053583273705136 0.47380076922082953 0.4630184451858691 0.4226950026119051 0.398714716089312 0.38379708583156386 0.36961491244122313 0.3643679600100627 0.3748575301702814 0.3796662513138153 0.33789632000401776 0.3217307996622167 0.3148012875201955 0.2769827862615409 0.2778465999002812 0.2619315172264629 0.22287136887670042 0.2063961938924088 0.21430451770094772 0.18916660103696126 0.2154537810788469 0.20637711250049057
0.6235685605644125 0.59288660822834 0.5731103527758136 0.5940132975973097 0.57621687007998 0.5878406656957146 0.6188398663329896 0.607086277026763 0.5860213622213165 0.5744852814074919 0.5978495470608991 0.5828775568268986 0.5723607026921285 0.5662285745130522 0.5644103938097562 0.5424747169440504 0.5083703318405794 0.4885284006461554 0.44648164172603516 0.44396386298633045 0.4602232387985881 0.47708358311847215 0.44842281006496437 0.4411025601320046 0.41352274815613244 0.38610680916900914 0.375362397247031 0.39399721507886626 0.39175397259386296 0.3747389678918838 0.3589616242600712 0.35677719563869753 0.34876550056065303 0.31735261857922237 0.29365475679695163 0.2586471933755563 0.25089832411053375 0.21971075050004224 0.19893847762580888 0.19500957503690836 0.191635751409779 0.20977221186915898 0.19375567353820308
0.5960350662644179 0.5974865651899816 0.5673722494245164 0.5660612003544269 0.5926524231961958 0.56794293352053 0.5780513330590455 0.5758637644247354 0.5988486222446203 0.583911930593088 0.567899768114676 0.5927186248791959 0.5775354238997275 0.5453812333277391 0.535411420287533 0.5112801305751495 0.5091028986009013 0.4773313995472228 0.46320226028801725 0.47619856745760836 0.4817756603836919 0.48243374267554895 0.45808879258433693 0.4221179952666033 0.4022471725559342 0.3996489051993765 0.4110283194593453 0.4027748304955442 0.39415261969645815 0.3937950275092897 0.3630881977315807 0.3524471798548932 0.35203900629923374 0.3246759301298942 0.3043720536258994 0.2720400572851507 0.2502659287545299 0.22386053120609073 0.21033397793613018 0.2153476002925533 0.24539211406491934 0.22606033745838544 0.20533011838941814
0.6036996090097797 0.5861418969435217 0.5727262250944865 0.5868538988002476 0.5916107858119141 0.5563705539811737 0.570816548939562 0.5497725493706337 0.5384419218557827 0.559269341961241 0.5654692866993154 0.5755739481767651 0.5707372400278088 0.5692416946064998 0.5221645581760269 0.5122753299475242 0.525581943086755 0.5024825054758879 0.5027530865950575 0.4767821483697304 0.4656468751005908 0.4497681764869135 0.43232498156314036 0.4201825009526975 0.4225563697967364 0.42191330700698243 0.3984274773731058 0.41609126407405 0.39345701782970854 0.401352543059477 0.38332634782219527 0.3479800798613788 0.3153002246502172 0.2995198015204048 0.2852236992666467 0.24488453641696165 0.2526802553798926 0.2547811483618999 0.22728755533659836 0.22276676685506788 0.24455610810673417 0.23775874514436252 0.2326085229248834
