Raster_benchmarking/DGGS/continuous/raster-81.asc
NCOLS 100
NROWS 100
XLLCORNER 1743158.181612774
YLLCORNER 5469294.13019641
CELLSIZE 10
NODATA_VALUE -9999
[rows 19 to 37 of 100, columns 42 to 83 of 100]
0.6369145638535465 0.6708664136107585 0.6548656317484242 0.6905588326204906 0.7140705944681667 0.7107487338360797 0.727634433138442 0.6992816970326836 0.7202042638177678 0.7464731181956537 0.7338535041379947 0.7604208554740929 0.7953179967141587 0.8391095539740305 0.8136203463895312 0.8118780626705282 0.8297534782454533 0.8624298512588366 0.8976561779879518 0.9374232885805562 0.9391827208768209 0.9247112217981482 0.9540893303513739 0.9212141398365686 0.9434490902678597 0.9637439446016648 0.9324447999065628 0.9381157714613579 0.8981740559011319 0.8814086692459207 0.8522474812360472 0.8540375552847156 0.8584488685786279 0.8739023056935781 0.8182738678170546 0.8118356920774225 0.8269042079968975 0.8221769667919657 0.7723800972253972 0.7339893649267129 0.7203000949557559 0.7384882460636154
0.6223336494978882 0.6623847391845035 0.6577330143456935 0.682111211938965 0.6980078763663861 0.7076842934010056 0.7142452415984366 0.7252852745682528 0.7645703040601247 0.775346671252454 0.738337472370706 0.7650652715956435 0.7915620222446114 0.8387396157888678 0.8489207624540862 0.8556713674403131 0.8625017214168238 0.8884452722399319 0.8937191679711085 0.9230653124445881 0.9211127954659307 0.96911880436164 0.9686296813607559 0.9548725150522592 0.9475868369482567 0.9330137066037594 0.909318585654397 0.9226237415316556 0.8865336248580665 0.8628313748740603 0.868863268918806 0.8736460883936517 0.8694580433399623 0.8407583788483912 0.796293851168296 0.8147767455411905 0.806634523733384 0.8003762010917106 0.7489829629687299 0.7461843017640104 0.7105896881269104 0.744640675832192
0.6070969220971484 0.606494404496528 0.6557336262562512 0.7148915680634446 0.7143564141566769 0.69626785173825 0.7350860353187056 0.7460770834094953 0.7444143147579273 0.776835586770512 0.773984187604864 0.7586931743704957 0.784226730578711 0.8249392739000685 0.858204088301616 0.8612829170479929 0.8719527945530406 0.8739486752225815 0.8992617540063076 0.8944197242337553 0.9355939810831438 1.0 0.9847695863181445 0.935188373515921 0.9016315404352061 0.9125852833135808 0.9049663337672675 0.9056850246900567 0.8710940875502059 0.8831166160747171 0.8673965533974795 0.855560206953517 0.8163660298752647 0.8203016106803418 0.7713103417034971 0.7765173679289057 0.7715705920411302 0.7775017529585768 0.7243462243133582 0.7185598919744691 0.7294359598107737 0.7263924713490593
0.5980966498423612 0.6094345609170236 0.6738252052701691 0.710079487011706 0.7166088229452665 0.7491334601053973 0.7577157670824285 0.7872948307851846 0.7719670738927988 0.7964168668873525 0.7725296509865498 0.7850079852075128 0.7683705479510571 0.8190420682849949 0.8246525722119148 0.817621512141805 0.8708866085351226 0.8759994987170878 0.8750952494828671 0.8888124040465086 0.9154882837806275 0.9409125993039021 0.9634928251556175 0.9437975411296204 0.9078289228710044 0.8837302479363188 0.908892429860739 0.8769044129242664 0.8667683921336801 0.8616377757384986 0.8288894051883358 0.8110939504207694 0.8002308152630246 0.793507284410576 0.7825225700681778 0.7754236682937617 0.7357073827274516 0.7546802856760016 0.7448354248573434 0.7382774804156734 0.6936084956249202 0.6816407859167716
0.6338596612751307 0.6333208875401383 0.7026405287139642 0.7295772360925954 0.7558792035161129 0.7551757039735818 0.7770233544566738 0.7819771896114389 0.780440900557351 0.8171413240218541 0.7971794255173723 0.799334249491547 0.768110213240262 0.7654213577971917 0.8054457949598486 0.7896893801058291 0.8556422190262892 0.8715466775120527 0.8830044196650997 0.8751161627486944 0.9146154632306959 0.9378073510659118 0.9507925751812574 0.931201579682067 0.9092853958894124 0.8985493314377849 0.8949779283874512 0.8578268814261193 0.8287801713572938 0.8402954405582516 0.8089653123909164 0.8240324953244033 0.8115400497258751 0.7813893631634973 0.7601066110651425 0.7322465175893622 0.7210415641902141 0.6850279728275235 0.6755331618049711 0.7073593169591215 0.7051708887430371 0.6916102655987967
0.6108995159755493 0.6400593433464278 0.6904196580713107 0.7357596994657414 0.782372567634989 0.7870531033855742 0.7639981127567632 0.7985329900052882 0.7763816385325173 0.759777188355957 0.7593067204536565 0.757050567297981 0.774213089595971 0.7494869920796009 0.768795055919457 0.7630223104885676 0.7947916024305735 0.8378049376829195 0.8414382375684584 0.8411969834408971 0.8938319439376042 0.9071088494455343 0.9356907605778482 0.917758796083641 0.8847988811439286 0.8718738081942288 0.8514679553926335 0.852517466453994 0.8175759141322357 0.8272367734037389 0.8170936772089398 0.7785259251537837 0.780668952654333 0.7425904648593533 0.7104260327725214 0.6739518104446375 0.667763185013789 0.6350986381429107 0.6312866649229562 0.6741263143704785 0.667687220316019 0.668278883279389
0.6243941955068758 0.6600119400571859 0.7171200555483952 0.7692009651834838 0.76718026103312 0.7976960672189517 0.7745613096008348 0.7921078542348197 0.7794538346728771 0.7636214999726167 0.7529907883523076 0.7540514225285389 0.7702226142463974 0.7820758423032561 0.7656319744468165 0.7751871240700312 0.7734130091518602 0.8365237170120181 0.8584340273580676 0.8454358998008141 0.8676374782522667 0.9117617985704034 0.9086381236128341 0.8952898377065746 0.8604722547315669 0.8771838992164159 0.8406088212168904 0.8055162680031682 0.7788102900375489 0.7516732334964056 0.7786561941856864 0.7613679197354623 0.7367422484973498 0.735951998258751 0.6710461226363287 0.6569482498004514 0.6147230651595262 0.6164731976504381 0.6185013463143678 0.5959638737033477 0.6085704065609784 0.6324578670738922
0.6352702102135073 0.6806750614281529 0.7414145153513036 0.766099838241851 0.7970157255159951 0.7948159617264264 0.7844608802356908 0.7737342325289442 0.7455515784745661 0.7342941442372147 0.7729323438609499 0.7849626014116489 0.7825539758341657 0.7820583053929923 0.798094335024267 0.7701607928569525 0.7780740701530847 0.8108821311710035 0.8382227980197471 0.8702163944457169 0.8652907023078033 0.8729028903977023 0.903956571614577 0.8730587734771673 0.8600530351885122 0.8293728368149632 0.8190172142252752 0.7805150676535 0.7538488695697003 0.7395387052319491 0.7626227722473481 0.7717933567185471 0.7313822714637017 0.6897273236662333 0.6675336307227508 0.6085190531137149 0.5985318564132144 0.6206763348901783 0.6172739326341193 0.6001789681698765 0.6025014827898642 0.59872854477308
0.6685986423855668 0.7107857037475136 0.716186745668356 0.7739904051530021 0.763990873601633 0.7692996141435977 0.7778982987722606 0.7462476808315963 0.7417060526401847 0.7410513928223528 0.7835549770721987 0.7662060461139969 0.8040585507124903 0.8115615083670751 0.8112430836626402 0.7774956748052337 0.802567181977282 0.8005720445802759 0.832574989826795 0.8815295116859542 0.8894263979536675 0.9051366100796581 0.9104009879273884 0.8732774551791896 0.8164898246379808 0.7911122308239841 0.8009041158919027 0.7666537799575418 0.748055974161082 0.7840906681512297 0.7511101320052844 0.7362699703875516 0.7064814062050824 0.6545289190077035 0.6463088195088225 0.6082215340098714 0.5941558369539094 0.5989706203774915 0.5864727054246011 0.5701369390492537 0.5413013386168521 0.551889499666037
0.6576081137901867 0.6688732296605813 0.7023519635388868 0.7282395753437406 0.7674846554573418 0.7905885714337065 0.7921492432898826 0.7822834289606054 0.7573082764689687 0.7555937930220614 0.7784585544140539 0.7591341152438871 0.7919921525962342 0.7688761161861261 0.7861087917667898 0.7897278577387674 0.8014917490198497 0.8027266186217324 0.8460157924439229 0.8876400061888854 0.8630220590024097 0.8895367082124017 0.8651499245180246 0.8580989808526812 0.8046906345026847 0.757965015776952 0.7592686736389328 0.7748413092389413 0.7685165546500985 0.7477867482357687 0.7360297327349513 0.693330377446181 0.6836411795021605 0.6640280868519705 0.6310184697555365 0.5930286737871153 0.5772597894722383 0.5493507137480143 0.5458168342922259 0.5234982114747959 0.5358441231361002 0.5437617271752972
0.6706727427557881 0.6753628409934781 0.7071519320784364 0.7132598034322675 0.7615135926299079 0.8239166371846285 0.7988882854799044 0.7981494417239349 0.7778877152286954 0.7567703552796851 0.768699355269576 0.7947561301991057 0.7752118904542822 0.781686819022997 0.7905596729673406 0.8136445008686602 0.8116444741904635 0.8441013559126317 0.8302751750951819 0.8736766632551726 0.8458302334083744 0.8756888446458893 0.8174934525704343 0.8025454306156061 0.7913544636992157 0.7358069190073336 0.7528431151987002 0.7557438229531754 0.7311723396473668 0.7187340660855154 0.6973375108192112 0.6540269096333999 0.6467789914812764 0.6579243038948595 0.6166362093450072 0.5800057150218104 0.5219804399609166 0.4836123962277478 0.4821780115014704 0.477818139955288 0.4822171189560276 0.48040608130183415
0.6196949649361598 0.6618200637170097 0.7067012797075428 0.7047793722865947 0.7384122398094968 0.7853494792536152 0.7984049744056945 0.778837714156659 0.8032679667422536 0.7873415249428658 0.7824854854043867 0.7990441789320039 0.7677293863395798 0.7342477231461281 0.7533286415684957 0.7927367438497237 0.7778512581557996 0.7850135810123346 0.8078069431344788 0.823836572162313 0.7990837630035652 0.8008055172182266 0.8152417084525571 0.753771417598546 0.7313117324063331 0.7130413907276376 0.7367157004716819 0.722078368415314 0.7555361582095657 0.7200168464855462 0.6753270599156838 0.6362735959679018 0.6621752441226171 0.6437674382378564 0.5998561082747061 0.540611674779073 0.5038164991413476 0.46846928481835476 0.4752431164901606 0.4551595842718804 0.4785529861548975 0.5157075111254456
0.6242798137365897 0.6340763832158512 0.6710704536227566 0.7084455619521844 0.735425934383881 0.7401229849250256 0.7458438169134038 0.7805562836285993 0.7698166559008889 0.7955458732986875 0.7697476605298886 0.760331458777951 0.7456210224206643 0.7093580262044519 0.7000920928525247 0.7338217819765009 0.7562176567599468 0.7270223272151248 0.7550364204933357 0.7531396566356618 0.781445887441462 0.7881173144960706 0.7607843848101304 0.7197424041580379 0.7316222746718981 0.7336361323006895 0.7387913530620679 0.7294416747523863 0.7626456424185084 0.742772379492829 0.6687568951709509 0.635883103852322 0.6206001106617213 0.6119577475288871 0.5823760663399737 0.5043280019465426 0.4885869481393441 0.4922071352553879 0.4619615012244334 0.4694897622064286 0.4866710016710961 0.5306337994500098
0.6133558917494888 0.6357522525665986 0.6882047157388598 0.7327628433371646 0.732781757260042 0.7465385777822304 0.7128879391255822 0.7407225494569147 0.7224687353184422 0.7231687160320747 0.7279206323697713 0.7267878728226876 0.6836613753289322 0.7018913065149335 0.7011305110227942 0.7261454610182627 0.7372415772011526 0.7330176397752448 0.7213102476325515 0.724175743405758 0.7617010055244292 0.7429185975153442 0.7406803726959851 0.7439533470090115 0.7369139177252182 0.7171173684341496 0.7240744637490167 0.7362985794282095 0.7394304167409704 0.7489451571526614 0.6937414487623969 0.6398965323293829 0.5872974467583159 0.5877044890916101 0.5278805722301468 0.5025356571052776 0.4851097466058237 0.4725393857306834 0.46941242772858655 0.47820623390706335 0.5096780896642206 0.5071213245027232
0.6152662895750075 0.6265925883268929 0.6728998574767509 0.7243026890096181 0.7127594522618167 0.7189752620313165 0.6892960650990038 0.6796537518784949 0.6880572882848234 0.7199359774019785 0.6976088796377712 0.6772188778309626 0.6472563805027977 0.6488373485460551 0.6984278851150654 0.6922881607683466 0.6900534076892639 0.7258312668070775 0.7238478414767247 0.7021038541723418 0.7185216501445639 0.7312958966552918 0.742433934666826 0.7426470900730614 0.7014355008368813 0.6901642434778288 0.7227236728495576 0.7274027871544634 0.738655106159091 0.7230131890876892 0.6821842889510904 0.6268670391345902 0.597451010456827 0.5383561354215722 0.4849443211852485 0.46177115205840585 0.4369306706788838 0.43238176530573996 0.43694875059101246 0.46791263799270455 0.47362168640825764 0.5059551776673222
0.6199783007100703 0.6140931567000046 0.6506826792317015 0.6819213523621774 0.7117680722363087 0.6973725798022203 0.70485223591919 0.6969466730047871 0.6902055257457078 0.6559276722006553 0.6492972197295427 0.6647152512077814 0.6534990237794218 0.6758107726831735 0.6595341580990373 0.6572412602564973 0.655049741489704 0.703877014612528 0.7065922045099627 0.6991077598782052 0.7108262109190455 0.6865198275646162 0.7058069998036995 0.7058129062923693 0.6866100939641302 0.6945070547850611 0.6753709438850011 0.6641025995298677 0.6886976500992311 0.6812487576224833 0.6684547307570563 0.6309865337126735 0.5805629318639144 0.5259965500767444 0.47794850525422644 0.43004558727462217 0.4199348234854305 0.4065205795985828 0.4554760776671395 0.45820760674979427 0.47873387598374123 0.48531581291101783
0.6348326906592003 0.6270380150585645 0.6503500357465599 0.6850946653782474 0.6945138426171324 0.6775814558677836 0.6548431145192248 0.6465442320041697 0.6242962318535281 0.6195616534928219 0.6518046321943951 0.6590296485993485 0.6437226425231796 0.6433711283154635 0.6274174209559008 0.6167501957160936 0.6264482744027751 0.6644495565830143 0.6666154933588891 0.6954879805332755 0.6693573929523727 0.691323782833875 0.695640198655885 0.6973495972298807 0.653116080361906 0.6375186851876687 0.6646798010540881 0.6538083733342697 0.7110560772795526 0.7119821347071034 0.6713539926171679 0.6598891110669886 0.5672527102970876 0.502811567439197 0.45828234224436887 0.4358377851205208 0.4033828611648949 0.4046582435405196 0.4348720045735396 0.4350656697314883 0.44731683227518154 0.4682520560617604
0.6114323911168665 0.6312550972669227 0.6430642172066182 0.6665483249979726 0.6614987519930022 0.6575180133526695 0.6755182421766828 0.648407831841509 0.6190610730568926 0.6037635834507282 0.613277301216562 0.6406472375335897 0.6220163943112471 0.6057769087537679 0.6080366056173753 0.6059835146699147 0.6287735668900916 0.6380823953555945 0.631969044809551 0.677643534557162 0.6552857072101544 0.6631912924374295 0.6601438995008659 0.6747989344780719 0.6336318405230758 0.6519503712292545 0.6721664053985831 0.6556524250281964 0.7072334242407342 0.7111666317643752 0.7053530025291082 0.6487130052037042 0.5870823122649933 0.5329411023247128 0.5090252896055768 0.45670325635613096 0.42748422723682644 0.4078807694109007 0.4160365575830222 0.43066166246255605 0.44690010086992993 0.45210818788582763
0.5974354123574864 0.5761860650456877 0.5890009392956761 0.636222095981176 0.6814266536600201 0.6986171290057039 0.6499323489045311 0.6104922903311052 0.5943208939968552 0.5972672135572243 0.6270412250770802 0.6064909228715167 0.611561313154755 0.5907688801667524 0.6251728855893739 0.6139733934590376 0.6097835705035582 0.5781233175442531 0.6169902189342805 0.6422231033372122 0.6312430580683741 0.6423332955734484 0.6292452587410357 0.6515495300683729 0.6193840858661848 0.6427708333195925 0.6490042625567263 0.6775531649925605 0.6904533907256523 0.7183051041785664 0.709838121759735 0.6677271746924153 0.584652906214444 0.5186386249525531 0.524735668502449 0.5006577286255124 0.4542401215206378 0.41161478686779057 0.4308096859924718 0.4384032161992032 0.4629954695657677 0.4935576900885675
