Raster_benchmarking/DGGS/continuous/raster-164.asc
NCOLS 100
NROWS 100
XLLCORNER 1743157.7742671361
YLLCORNER 5469291.104450964
CELLSIZE 10
NODATA_VALUE -9999
[rows 57 to 75 of 100, columns 43 to 85 of 100]
0.5525911780134329 0.5416199058024249 0.5241442165219649 0.4915197581125722 0.5049355143344801 0.5252531018219745 0.5282057918001566 0.5428504450597387 0.5529233669340585 0.562763107347821 0.5339160915939387 0.5407562069477131 0.5696685013466073 0.5543738190602889 0.529934734711301 0.5263358913275227 0.4679342268917908 0.44592737055084364 0.4571016713300135 0.457606777721891 0.5005394323892546 0.4926303273649764 0.4656643758542723 0.4463553908724975 0.4317516222200525 0.42167656203462633 0.4055372891093923 0.40673484828123135 0.4243584798596044 0.42371520462671564 0.4365904670400421 0.4625081922679613 0.49998921337321156 0.48011218281938356 0.501665711625851 0.5019052710481022 0.5109547035454355 0.49326756704084324 0.4706466670830291 0.4761173149675132 0.46976677111686677 0.4727432408111949 0.45157785059307703
0.5310671769630028 0.5332096667205994 0.4810052106789225 0.46451363718704775 0.47154978091682154 0.5029371760256192 0.48290780307829995 0.5275064902151472 0.5128710049316769 0.5555224408026538 0.5416952166424788 0.5557988537117241 0.542123576254834 0.507775320594878 0.5213427900276236 0.4732757292229177 0.45053664360753154 0.42798664511182466 0.4303463380911245 0.4798660054186906 0.480035739407655 0.4556200928404213 0.4352237750397931 0.4391642205885688 0.4338385918527402 0.41147994584021924 0.35834834515873665 0.35702239647897777 0.4111831307185048 0.4149870677508128 0.41763767487553544 0.4107712671085328 0.45561122297848117 0.4849441322979007 0.49621572765789285 0.4665900192808078 0.4679014480762673 0.4875285242108897 0.4619746600806528 0.44295755449964047 0.45449887629445307 0.41991853220820957 0.41421303900120804
0.4885906750791319 0.5123597225249827 0.5003222199360723 0.4706961669493031 0.46765599615138187 0.47027967959993616 0.48392128841350207 0.47276058436507756 0.4931957003117985 0.5235460479812695 0.5029314571248215 0.5148829210678678 0.49174133749236737 0.5073799168187911 0.5064576152010474 0.4524464940082584 0.4515925189984103 0.4200506891161964 0.4221011486890888 0.4775035653467497 0.4414774207040608 0.4389048912979637 0.44437890062692126 0.444082241524563 0.4313152473320768 0.361411261777092 0.3326631016512017 0.3320489602813605 0.37174894451683693 0.41562697752292366 0.40436175231655996 0.3742820357826105 0.4371728377954748 0.4303109321275976 0.4656729138407298 0.4851924560270131 0.48748979662136727 0.47629113734152023 0.45818735141335803 0.43317458579860574 0.4234655087706298 0.40076628299164185 0.4241690733480627
0.4998828123348423 0.46284845856795986 0.4673360303184673 0.49871681039822247 0.4687278994574775 0.48479533049227 0.473627304067361 0.4566699457452674 0.4663537368889897 0.4626429147202971 0.4946441382948601 0.5121655671191173 0.4943994114821195 0.4883240984399168 0.4828240082924665 0.4762539350533602 0.46212873059828097 0.4347683051913956 0.4263768994514471 0.42507112899055216 0.4289127189584234 0.42631114615394844 0.4057053651471042 0.40038050519095875 0.39412082050635966 0.3372761901037068 0.34794153287985585 0.33859838382376045 0.3536804048871147 0.3971817159544229 0.3598913029869518 0.3906159054215724 0.41104123399877657 0.42813703222021104 0.4502222014919977 0.45068577681389693 0.4875429646148132 0.48195907478799604 0.4414944989289174 0.4530873038702492 0.4227933757383176 0.4314243322134136 0.4477707301886053
0.528550030991038 0.4654672327715014 0.5098021552384819 0.5017496373200201 0.48969583770905456 0.48841733104050933 0.44745644792420924 0.4291547527681395 0.4417977832770288 0.44449452419178387 0.4475027196911626 0.474753653445287 0.4678648956570202 0.48691966569827916 0.4953914800523934 0.4708435276356799 0.46733628058363375 0.42700216051490986 0.40498150748325207 0.37912318773669135 0.4085076756426249 0.35836086038927684 0.376843889211336 0.38199577317723715 0.3706170459778504 0.3228441913392106 0.3209938259341734 0.34252894121092003 0.37662445552401985 0.37781978204250954 0.38875477769409755 0.3681755254368637 0.40634564859433914 0.42073795178572815 0.4672990711669745 0.47602900870537046 0.46880075112023123 0.4646582746039104 0.4385172633726378 0.46736185842537575 0.45041214218606074 0.43091030808028463 0.41063771181723624
0.5026258324044091 0.4921705830101633 0.5070978701499967 0.5256722740332062 0.5013402590117759 0.4971433719435857 0.4747933312534922 0.45816802375836 0.4280682382816732 0.4048184164671778 0.4436791989325252 0.46785031971186786 0.44636376856003784 0.4712384829626968 0.4480861295027448 0.4558989595863856 0.4320810514569212 0.39388099676470434 0.3869557012427463 0.3716500565179497 0.3754689996901396 0.36290533861746604 0.361736783763353 0.3426352805393756 0.3462768453819786 0.35372535972087993 0.32248859682245085 0.332422920221838 0.37232263034983604 0.3825209954916945 0.393160455056538 0.38506494430642585 0.3902847622578451 0.4127209694374421 0.44565884662726885 0.4852170910281214 0.48784321275659814 0.48906845439269564 0.4454805021228561 0.4223882865854308 0.399534964708098 0.40492921971611756 0.4134197902596868
0.5065397784112554 0.5237806547070168 0.47526109580975207 0.4944132346167722 0.5016826040534544 0.4747771540621317 0.47194318399993607 0.41933307910584106 0.4178830906975194 0.38780465121982244 0.40710272281768745 0.4490213707999203 0.40272561734213097 0.4077351317272728 0.3913315280451893 0.38051501263965054 0.3665677163512212 0.38697146092046 0.35528414218128507 0.3186216089702232 0.34087848104264645 0.3592401031271783 0.34291098835795525 0.3185527936492829 0.33377104953722697 0.3377438715791803 0.3118910878241146 0.3052703964413428 0.3760630632782879 0.37662651695928245 0.35632931501798776 0.37058385544899064 0.38884444105887095 0.40418726865593196 0.4582969878423898 0.5168246975147412 0.48188213279012904 0.47512109612021036 0.43463604278017404 0.4027971856265404 0.3913878744852703 0.3889343709085139 0.394922105080448
0.4951476945522366 0.4858558046621347 0.46454372852872267 0.4636559972246778 0.4566480985135715 0.42049170745577574 0.4255297122785433 0.42169826205414845 0.39262290435405145 0.388482144606108 0.41420038416200244 0.4015797983230477 0.40598612425491737 0.42313103548844855 0.41024205147562914 0.36833444473727467 0.3622365292120082 0.3619750917853508 0.3378570353385291 0.3296247707202844 0.3557643305805638 0.34112712820018976 0.3070606360449904 0.3105100674884082 0.31520743371245374 0.29942995227346225 0.30402049581762947 0.31437112887803886 0.351976316463733 0.3707796265580499 0.38279968068904424 0.37252367236852796 0.4125693210082496 0.40254439082720234 0.4419296836523745 0.4832767594761817 0.48764370953912806 0.4834627818957619 0.4652498104496405 0.4515413596630587 0.4505011290458542 0.41313293891551345 0.41320223689450103
0.47149717975290356 0.4515621460548844 0.44265975391282897 0.4621096477294323 0.4296008903381972 0.4224357358089486 0.38152223659456536 0.35598256104803805 0.36606630964844844 0.3726552513857086 0.38304018717717087 0.3859636258487748 0.3697307514884744 0.37256246795453013 0.3947236873082644 0.3890987093811918 0.3547566687199582 0.38635792373133215 0.34317658394761724 0.347112823190579 0.3485427306345378 0.3473532742909145 0.32838686338764356 0.2850525815847706 0.30244602577849256 0.30114228638144697 0.3005485308896308 0.3048416077154765 0.3641213750203332 0.3708427602808432 0.38677362378281255 0.40987280470470067 0.4192382855532433 0.42283786963222986 0.44375397701940694 0.45384356439825757 0.4379947765512717 0.4450261634016015 0.47837770296509086 0.48999450453692417 0.48180268975963164 0.47108693845710947 0.47270362844010394
0.4610562681716258 0.46415755660430436 0.44443361765407996 0.448051482172236 0.4206270379423468 0.407182962226843 0.3913645861239482 0.37027658197036384 0.3677412188113039 0.37917768166313215 0.36866069535002527 0.3967023678147533 0.375220407246458 0.38891910835012794 0.3622676774876651 0.38377463723556904 0.35489898786560153 0.3929411856196707 0.3808841584599882 0.36673891699556804 0.35599257342093277 0.3508678665331362 0.31023505564737636 0.29688637912075844 0.281600173565559 0.30563952226017344 0.2946168073650168 0.2962720791523156 0.3343296718477366 0.38015735977286574 0.369466734204615 0.39443666730450727 0.4173018197124242 0.3985374364903599 0.44913833885675974 0.4628860136650096 0.4626285288369544 0.47062059981805676 0.49346862690965226 0.4720595618443848 0.4946674012123561 0.47971254561518917 0.45963121481618346
0.42473209369016635 0.46212382427215565 0.42790376377925043 0.43571998085742747 0.43627908316571157 0.41139065728911517 0.3983373993883295 0.3543697741318674 0.3515581561657711 0.3512856936366451 0.3756156159277339 0.3855278026678142 0.3796476249024667 0.40594914971375257 0.37499515133624417 0.37139664561200286 0.3543218773940021 0.35909974811179196 0.35506189998216015 0.3507314535304994 0.31763042253509116 0.3036825426760854 0.29265603594431466 0.32527927882032287 0.30035933153733757 0.29851320953413907 0.3334110582670248 0.3484666770385117 0.34737138394473627 0.3862020666494131 0.3723423260275355 0.3929922872542742 0.41131354635494094 0.39655343052725234 0.43012104589261513 0.4620980049188693 0.4811581747711539 0.496318128544314 0.4857549719623918 0.5022337924856576 0.4862631072341162 0.43007435909356845 0.4637514959016277
0.43137374064244477 0.41064921642919067 0.41208218685021086 0.4059430051701819 0.38163418305886454 0.40443839627891437 0.3795442063826889 0.36810699503337846 0.34680682293526727 0.3563735549104126 0.3593495425382576 0.3464857652578175 0.3759491583703411 0.3782908943234 0.3818385442694845 0.33378653364900873 0.3591154480490698 0.3561246076901649 0.33244455764859243 0.32153483338710886 0.30819232037837047 0.30327295487065736 0.3181985241137824 0.3186654544891862 0.31625483875158183 0.30453404187310884 0.3497363154392638 0.3931493406671621 0.4017881040476488 0.417703034033976 0.4067051324388794 0.40601645444291184 0.38578976180018204 0.38277558836739123 0.43592325494988937 0.4266994803427256 0.462485733034499 0.47502626672950465 0.5007342288482465 0.5040874863000185 0.4770337716300768 0.4759501142417408 0.46307341260323626
0.42386350058963534 0.4120114187285965 0.4019295514736926 0.38317826176603814 0.3694618844855344 0.3895593838851789 0.36041506541845586 0.39874203408807696 0.3850207773247065 0.3785555306218439 0.3618076153160029 0.3350017193977023 0.372458424475506 0.3761500031990084 0.3756670716800563 0.3213468540345653 0.33862823822889326 0.33190416827250485 0.3036031830082052 0.27587835039168807 0.2814796985231076 0.3409373453252645 0.3053448833428421 0.32627383189556763 0.3368675274200516 0.3174602815756925 0.3662351739511031 0.4003471563033861 0.3774272454021712 0.3917573935293701 0.378063608064721 0.385490244021294 0.39875678350559096 0.4025921815168354 0.40112308641054073 0.4148461144846554 0.4429779086041742 0.44647344670762706 0.4410535845633457 0.47213383652561103 0.4628170345901303 0.4613870159920379 0.48219199623064884
0.39663443306959834 0.38432237980614564 0.39602925893204044 0.37396708986179544 0.3617751461468156 0.3636425145183941 0.34676672227809874 0.37012716567650994 0.3666448787621096 0.3425852146298043 0.3681882277750899 0.35546302974159505 0.34016480110674574 0.32642094432588065 0.33166860527407005 0.32039778561465543 0.34112150794609103 0.32168306560173054 0.30819813666978507 0.25329294471053776 0.25789654219161834 0.3213117167834844 0.3180796469109153 0.3397360174669198 0.3248206179688155 0.3241657818655545 0.3491065165404473 0.3715246744186639 0.36939071055959327 0.37325057826023034 0.3698637448805441 0.40205679700184455 0.3704925067427831 0.3889525834822849 0.41492331529549453 0.41492110773293067 0.43611634482956524 0.42914954872226585 0.43968330149762674 0.4631801651409501 0.48309328744106844 0.47701337368665553 0.4628563276098547
0.4063979755299062 0.40558197745827185 0.3888402974397356 0.3647915626967162 0.376057120902988 0.35987954601235617 0.3283996323516594 0.32710659022472927 0.36126510454419103 0.3182937359214956 0.32942793347866306 0.3583814824611214 0.3552362591448785 0.3227150178683229 0.35431604568412034 0.344140750905938 0.3289312719107984 0.3338735491950832 0.2919696948467769 0.21341398278206725 0.2634020256560141 0.29663144557273524 0.29083103450944586 0.33927765171090185 0.3512251063575315 0.3751539696075179 0.3470885708200534 0.398145275861865 0.3605262971744431 0.34230513408989877 0.37429288618788437 0.40460240081670923 0.3970228243992527 0.36985414362804653 0.40885586507803856 0.42019628610997994 0.4039023912058045 0.400346866928201 0.45965963366411516 0.5096966129107389 0.4741774708691644 0.4651693200740933 0.4758942582566263
0.3941278787653542 0.3906415712601265 0.3666117418520373 0.3481627774012887 0.3745915765252471 0.3676299571721549 0.31554790558448764 0.33128184247807885 0.34238312550295363 0.3489848157497844 0.33744657933642996 0.33520910835195844 0.3355393894145318 0.3343769863001448 0.32992215141026954 0.3241300608369063 0.30372067230569055 0.3110936884930139 0.2765283083755713 0.2861257955719037 0.2786972407645587 0.25838083672875595 0.30623453759913766 0.3291965782051543 0.3224672329778332 0.34287155284339715 0.35573687491583483 0.3510229886057473 0.3649258207433409 0.33033106241976384 0.3228399972567083 0.3334751738600916 0.36626666146770626 0.40395580210228027 0.4156083146022828 0.39778890365340563 0.40974481761461345 0.411523497968587 0.42785413409794426 0.4700054536027387 0.4574179757858952 0.4520100082797568 0.48714697405266044
0.39788751862585947 0.38336792236621225 0.3771747584956928 0.36231572177575966 0.3517742168333031 0.34580344859290724 0.3431432981924434 0.32786940881769355 0.31922685868211914 0.3152914173046749 0.3543187861737228 0.37337498529431395 0.3549140532626253 0.35709646858210353 0.3419409027946709 0.292074644264597 0.2996481475789806 0.2915082425306274 0.28568201217594913 0.28112441763875706 0.2889099095164406 0.24830734365886814 0.2650744223822875 0.27976581843829507 0.3125184683511444 0.296983805485618 0.29559199492840216 0.3158896644509826 0.31863257036581505 0.32977147298354165 0.30784403886426226 0.3118180215809407 0.3501974973312607 0.39607254267009145 0.3845285557755254 0.4144778157073343 0.4180647505481173 0.3857220567365819 0.42185700614865157 0.47424914461669093 0.46326777055256846 0.46425829303755495 0.45220837612905546
0.4113134361424788 0.3711026259659106 0.35826138062926166 0.35865736422393535 0.3455085676752061 0.31713195244142167 0.3021480236147219 0.3324643716459963 0.31246982997483846 0.2971004465472679 0.3195863688452046 0.3637406417202686 0.35704867708470023 0.3489892415362934 0.3216885238935473 0.31450123176942535 0.29224714743130575 0.29971170309301637 0.30600619530480805 0.2820784394034875 0.28920086164364434 0.24981526905232956 0.24590390783143398 0.24499627849764988 0.26733399200042907 0.27576463114428323 0.29140819043052657 0.28674770813700223 0.29003971868149364 0.2822004616860468 0.287903609418394 0.30687344510060155 0.3524870819375523 0.34181500345462895 0.3555392472481937 0.39942087660859077 0.3837153630483762 0.35370975924929254 0.4121239213103645 0.4274485260632198 0.4439868427111589 0.42863905230473537 0.45396691423128455
0.4074435092974058 0.3756642496513967 0.36048249590419607 0.3255982194790572 0.30992230626694933 0.2870385204003207 0.3008339217173017 0.3235573181921787 0.304440593816779 0.29155833837255585 0.32865512947779923 0.30985892738069276 0.316990029684484 0.3262069087926492 0.32458250972200536 0.3081109566794753 0.3273661113100026 0.32567297753364305 0.31628392758623936 0.2772658842757702 0.2587003785414186 0.27021109130912685 0.25111171133681337 0.24172144579136626 0.25977163660693836 0.273626109543491 0.25813382160595877 0.2424647844532238 0.27813081212259777 0.2537151019646415 0.2843746354612175 0.2805483221220498 0.3303387629707149 0.32561460461356956 0.3317771822445482 0.3515040341511602 0.3279060439554896 0.32119018995244164 0.35536069232142836 0.4040363192485125 0.4241505306392351 0.40377687141501845 0.43099435141848474
