Raster_benchmarking/DGGS/continuous/raster-441.asc
NCOLS 100
NROWS 100
XLLCORNER 1743163.9896940559
YLLCORNER 5469291.898845137
CELLSIZE 10
NODATA_VALUE -9999
[rows 0 to 18 of 100, columns 43 to 85 of 100]
0.19426875860483309 0.2243503548931777 0.2468296309862602 0.2825131242819924 0.2980406087137279 0.2860579948426795 0.34501444061715825 0.34184276803739355 0.37592112800548644 0.39998646902664814 0.4615578204872765 0.4954714346399205 0.4973890916467185 0.5013897560974415 0.5369631161527291 0.5308150783217067 0.5700537906013086 0.5739752009192269 0.5496239561268946 0.5553251759339402 0.5625980453767213 0.5828135880684036 0.6237020770114203 0.5936073809926348 0.5939607161414711 0.5895973595437363 0.6134472040791167 0.6039034935969481 0.6228730750030056 0.6543962799165995 0.6120900658077625 0.593553140112665 0.6071977046599469 0.5854396691751902 0.6065709870014119 0.5664764905416387 0.5638514884079583 0.5843893362651691 0.6014902187873327 0.6052252933264738 0.6046196835747267 0.6434019054133843 0.7097380354898983
0.20489630847995458 0.21238500279659694 0.23576691879472506 0.24931540426875073 0.2777485155612048 0.28765353446745967 0.32641948578451907 0.318092864473238 0.3590351495320768 0.4064530669247067 0.4432911094073605 0.42947406397907284 0.4529277728847286 0.4936951170092543 0.5009170205697773 0.5433138247405117 0.5414800306928133 0.5316284325375147 0.546913944905869 0.5601595538542857 0.5665190850709454 0.5512608531844605 0.5682342299265049 0.6046771498935551 0.602692909026489 0.5839360590141133 0.571301835552378 0.6005343026878941 0.5970897753174197 0.6178623719102873 0.6132276388082253 0.6067859869683552 0.6106577136923402 0.6087197407830897 0.6033982241878033 0.577250433724976 0.600831745658889 0.6009839263336695 0.6179226578465112 0.6213187040579663 0.6231515437456405 0.6531822435397255 0.698980633854904
0.21024907612129842 0.22471058399125454 0.23286376729184483 0.25803805104694977 0.2975497473958967 0.2898655290874282 0.31392117906851086 0.33165837229292183 0.3710829722324132 0.3803864874001102 0.3904439510151001 0.4327830524874156 0.4457324068989506 0.4928655562686562 0.5169786037674252 0.505585072818409 0.503673310128025 0.4911048973364663 0.5407173725108827 0.5237963401391185 0.5287279399298191 0.538745412214412 0.5558572676561228 0.5585626847936119 0.5938002898952172 0.5626534077878077 0.5898745198758926 0.6134836654825186 0.6261073491888786 0.5990699395744151 0.6154971325268467 0.5981552026822251 0.6024438129922511 0.599330602593875 0.5731642312254555 0.5809932260563232 0.5699818046611702 0.5863275049459348 0.5954174275138532 0.5873683498283873 0.6089765445204962 0.6567582043162927 0.6659855856849137
0.23427110231506101 0.24856252286996522 0.26049132651819734 0.30296552702016516 0.2876601770194906 0.2578089213804275 0.2941951608525039 0.30986824392520856 0.35988233769122363 0.358586327330152 0.3529771194845824 0.3906063316128726 0.4770810079966012 0.5106616865994048 0.49466162189177115 0.522539255887723 0.47492108639131186 0.46586989071240104 0.4714375925152074 0.523127072700353 0.5381424466588031 0.5701577967092993 0.5450405879605501 0.5845096687447637 0.5717054903850576 0.549666811747132 0.6127234189335505 0.6296458442546401 0.6236251895419059 0.5635545510522861 0.5786768629926207 0.576698589629124 0.5511080452829228 0.5836849055789358 0.5488279569802587 0.5312823369186376 0.5134592151472652 0.5198047697837123 0.5750827029572881 0.5654060293663605 0.573961761581102 0.6305043497414506 0.6793451163597023
0.2522775472642404 0.26216512345040416 0.2850173729249181 0.3177761090132253 0.31413415466605144 0.31566279064166236 0.2862946031576058 0.3132268682848218 0.3428896954271745 0.35303838283993955 0.3433420433675132 0.42311860057322564 0.4593961584576677 0.5022446753798087 0.4810326879987976 0.47592136963078074 0.44561524085625676 0.4397203295855739 0.4513745832653479 0.49054524334983374 0.5186390063997018 0.5435707530465 0.5160021892756035 0.553650705913558 0.5274849106044784 0.5559976364127899 0.579621151942878 0.5745937558142427 0.5814335657413252 0.5377059221933752 0.5680009344547581 0.5767285392635879 0.5296839071395542 0.5247419068454582 0.4958565670186749 0.5167597622828141 0.517551554132848 0.5292799646620514 0.5320644617149328 0.5766589642946219 0.5880102143127666 0.6395669868626104 0.6685989384988326
0.2670073927537939 0.293711640644317 0.261432228785383 0.2885813749364259 0.29036648002249593 0.30305307711122287 0.30394809320051847 0.3453799514284548 0.3486775868558741 0.3140688114961717 0.3587187987035019 0.40496995630249505 0.45862223606632546 0.4586230001690981 0.42263822094926 0.4222842295564834 0.4108798401997762 0.4350583606599871 0.4234234988891195 0.46922969291179945 0.4401486367187227 0.47514618762511923 0.5072045047367891 0.5186551317604186 0.4943347956905908 0.5264379868567074 0.5281146862519059 0.5717376616767561 0.5589900927510292 0.5016710692617872 0.5192363761302043 0.5516966588815561 0.5235053103630997 0.5121473403887891 0.4746041142607754 0.4496888036158539 0.47735300564267324 0.48268945285459647 0.5628330491464055 0.5961767283184578 0.5967870222860437 0.6232965851150575 0.6543411351139856
0.30703437852096194 0.27063256266936103 0.2745562942002133 0.2995728263324554 0.3049905606254101 0.3018292490801617 0.2983383701351055 0.29077074291722443 0.310583472028722 0.35301749826845413 0.3545819075832211 0.3997743083009442 0.43198285840003126 0.40947444193503335 0.40380649795528134 0.4204090456441672 0.39746685054645015 0.4135643378531693 0.37903918106677675 0.4131636769844598 0.40074694311719206 0.4040720315331393 0.4608715816942193 0.46699961887877217 0.47741798438326966 0.504556045863604 0.4970220524857062 0.5256356112492003 0.5013528673654127 0.466114526963367 0.46839290602638456 0.46929943602845603 0.4672860454012865 0.44956609055632685 0.4272747772559017 0.4390095582316536 0.45205664255584455 0.47272707503703704 0.5454704124893514 0.5991156813029114 0.5986842646647795 0.5898167722632678 0.626300766813334
0.26535699306168004 0.2950363802174825 0.30756476953657885 0.28937565056782166 0.26987341837632367 0.259434429168664 0.2730130934941942 0.3080398902319058 0.3023611836776583 0.351641511408595 0.3837375364562057 0.37182457450655915 0.41549478613370366 0.42343206004524014 0.3912411919314756 0.39177452414711744 0.36391914845695206 0.35910309574115296 0.3693519930963049 0.3219551285562385 0.3461406885724577 0.3629474794557685 0.4228033736024178 0.4553852821615874 0.46150987253893905 0.43588979606106576 0.4904951947211238 0.5132558346174732 0.5036005238731229 0.4452560414584769 0.4398306070706085 0.4647833174989662 0.44305864028749814 0.43037674331081033 0.4096056276825611 0.4084127937812003 0.4290541444573735 0.44696716184041163 0.5016790883552605 0.5660843045654479 0.5395476352743221 0.5458185075130204 0.5749924674692749
0.27053074063993515 0.26493008848934474 0.29359942999018035 0.3048513687351079 0.2645171776263516 0.3104119526421296 0.32115189477436107 0.3183622621794593 0.3334605723338439 0.3792954765250718 0.371799119617374 0.3630706385534642 0.3634227630310618 0.3537324707592946 0.3546779485390507 0.3421938679274593 0.3642607730448976 0.35083302785943454 0.36094152553700976 0.3369339694752143 0.32918979270941023 0.3468042434103591 0.37949972970634194 0.39836040742268003 0.3999715653966202 0.43788907634300694 0.4553339322045377 0.48246517336452394 0.47387118213313373 0.43130224856499566 0.4148246039947322 0.43610858485370957 0.4159079207180582 0.3820655315295822 0.38889867426458363 0.40469883893416453 0.4357129107466635 0.4311437881034418 0.48967348241001596 0.5298207590157538 0.5208344140694348 0.5171246707887713 0.5434233575643537
0.23432106277672962 0.2732405889261341 0.2574721309951749 0.30675855036148875 0.30549348584051034 0.3013520746993832 0.30054723484598245 0.3530813763542404 0.31849477804267273 0.36503791505705885 0.3674987756083465 0.33103935281286745 0.3211719829783213 0.3262343958338139 0.3193656408103817 0.31540280254815517 0.32476965600702373 0.3810402001668092 0.35686669555285694 0.33265030931195705 0.3293346175929915 0.3504283183928598 0.406005023986596 0.4024261740845956 0.3942385425363333 0.3999132986887227 0.43029384823028943 0.4548564931450854 0.44139134613136644 0.43637436192590257 0.37406916852560546 0.3830296131794411 0.3932201857654329 0.3909525310745471 0.3681985713209762 0.39045242622177 0.3854669897186494 0.4021931029023009 0.44223094062924223 0.4604833469705293 0.48836283839574995 0.5273679457697148 0.5276403317889616
0.23125180490535557 0.27168937633752105 0.2482740274508171 0.2915409551752014 0.2853264571258182 0.2776206507915187 0.3248367574398895 0.29747027303126516 0.3090429204794008 0.34744672561691736 0.35093278221075036 0.35674348142014284 0.3389911855309614 0.3509849124072343 0.3331284145951095 0.33351894383502895 0.33547433032438395 0.3723287611789064 0.3802407158003774 0.3561184798781624 0.34658415469779624 0.39666616074647326 0.39722307352830505 0.4068055755429501 0.38367279316360003 0.4161873994413682 0.4205036271601455 0.4138723796642556 0.4048931871810153 0.4047707863901107 0.36131641825662936 0.37503671716176984 0.3390108424093607 0.32070961127961156 0.33717388408880866 0.33926253412095353 0.36642798927457504 0.3880428415605349 0.41621796222227453 0.4035693918916966 0.426673648087231 0.429426542879772 0.47526294848507894
0.22209630704183067 0.27448183092457246 0.251272510232093 0.24010919236690068 0.2454080402115818 0.28668468642246997 0.2979872364225547 0.27905690458476146 0.3021441591380106 0.296102057939027 0.3298179098983339 0.33466250325785346 0.31102579805289365 0.3363582646402268 0.32143977947808133 0.3012798541267603 0.3031198852022427 0.34701619816191576 0.3801209749523394 0.40122634309214805 0.37216547082124224 0.3871726942623074 0.36830941666502326 0.39800384157170077 0.38112653250493844 0.4106757525363442 0.3857546125657488 0.3839456784336046 0.3884126985771701 0.3501446556305777 0.3038076422719934 0.3213733964649733 0.29967958013987944 0.30502393336524725 0.3213295256938928 0.27753483854978483 0.2937779371227829 0.3327228593607093 0.36024192333181687 0.409687672734928 0.4068908784044283 0.3878278421600188 0.41067032021938105
0.24270419601429397 0.2502548112979013 0.26910227544229887 0.22383084234501563 0.2546860948514042 0.2892926935818277 0.29443212262803564 0.28350143537768463 0.32771100621609245 0.2993827140808799 0.2935998137381503 0.2962918413619942 0.32098910704863187 0.33885912026864634 0.3134247855917257 0.3303439475623445 0.32000161637104396 0.33839168096151134 0.3940031839202216 0.41245295960756484 0.3823070195858133 0.3319081910345424 0.3231980278440872 0.3582618296568707 0.3509903439292813 0.3688404519741001 0.3750617242808726 0.3374666499737293 0.3339198118318623 0.3380020043251795 0.2851000805630689 0.3108649768342178 0.30590114737695 0.2983895199658253 0.2779706532035072 0.2630153357166009 0.3032110704878783 0.3154430541533409 0.364251294493514 0.36057839067434894 0.3875404680800703 0.3825129227654805 0.37780441012915283
0.263353984632294 0.25318698039994797 0.27992367290361364 0.2359945186823637 0.2497349607565381 0.25620638823301894 0.2964523660239207 0.31639502131326647 0.3231009178123573 0.3227743580615316 0.2864041736031758 0.26140661373022095 0.3009871962565366 0.2838580560420745 0.30479818148280496 0.3300615710222402 0.3516366314596118 0.3684514552683826 0.3947638891899199 0.37449686602710713 0.3606307010363058 0.30813578642813405 0.2959570187660093 0.2862391538127241 0.30239535114992877 0.339785148144753 0.3415064668799913 0.33716336684691545 0.29248417903975243 0.27898223887427587 0.2843981511419526 0.26380425418747416 0.2517704849936709 0.25649821145722895 0.24798205850982333 0.2575298376383242 0.2743937759434554 0.30394176701201003 0.33055387642502576 0.3655573945632739 0.3591444632085844 0.3137043042814823 0.3471246835506941
0.2359917894149688 0.22013954914605566 0.2597868298631479 0.2140384571740173 0.2288590437915946 0.2234232367898919 0.27139958824722243 0.2697471420971333 0.29053447433672636 0.28570992249904237 0.2883334795192743 0.25632352433818434 0.27994989086609795 0.28924653703178516 0.31120602780579293 0.29832605467979956 0.3297501432469813 0.34145437493922376 0.34123280049626775 0.3781285278096089 0.36006539759045486 0.3387354687557838 0.3081848943808867 0.26297418912699944 0.2738914615380849 0.2781357155360254 0.29649731766279835 0.2618861117019963 0.2819451285642157 0.26352790607270155 0.20825684515480017 0.190981302576775 0.22306762700517901 0.2186880647404516 0.21379551916049452 0.22453867979681016 0.2702641847431852 0.2941239664581808 0.3385057775623457 0.33779626993453266 0.3132070922485588 0.3044621664964584 0.2956849007834194
0.2055343638743573 0.22296563929100857 0.2507650300504768 0.22662636723364432 0.22261295835665088 0.23358778594407922 0.26353318187736524 0.2632325742111724 0.25658369444695783 0.23105517696753972 0.2666601175763769 0.2680336658230567 0.2764063472638268 0.26872490846654995 0.25941995028598286 0.26492840083789554 0.26149115474459184 0.2693444185542601 0.2890809222090528 0.33896814452059243 0.3173650286397352 0.31350672094776016 0.3026751734915535 0.26144488854507314 0.27909990860544576 0.2774057773608061 0.23611746178292245 0.22686846154469187 0.22392854468967943 0.18558667679790555 0.15439784779083124 0.14553184546634412 0.1723680025301027 0.16915087282490157 0.2287199292822055 0.2266086999801778 0.2808919762721933 0.28446128757509265 0.33022404845067754 0.31982130509085527 0.29575314043713835 0.2996673507948281 0.25846918666356256
0.22162038056086167 0.21981926002942273 0.1927210171809687 0.21406012924512807 0.2195514351365853 0.20016410184036074 0.21022199362334934 0.22920680247987452 0.2266174698124096 0.24676515748575298 0.2650687990988971 0.24942387539380187 0.27356915474164345 0.2690615023213174 0.2526811302642227 0.28449743111564657 0.2732857230804049 0.2726081245486039 0.2916898463370675 0.3054221464821719 0.3113416408684882 0.26229901907583014 0.24093405682374658 0.21989066638589427 0.23664507062758572 0.22306548810867902 0.23111175454296426 0.21618459957492203 0.15436963924630612 0.14711381053994246 0.1551777066324686 0.12314766611791708 0.17038829107882575 0.20460699140487318 0.21442788373196828 0.23369407740686152 0.23811445286842842 0.2882286090563372 0.2981351649532448 0.320104944500961 0.32968387298938423 0.3207410687244084 0.2719306719841141
0.21759124770005775 0.17727136645979683 0.20012031900048732 0.15790916697827537 0.21044788382452762 0.2113532835841984 0.1931438714152023 0.22698952729527924 0.20444800740428068 0.22242639810140194 0.2658037201194771 0.2663737710886366 0.25756378389980045 0.25729359181618433 0.23432744764290173 0.25695502725938185 0.2414689633432684 0.23165392513090002 0.26083295457552236 0.29623126397788846 0.2638814560903452 0.21748216870608592 0.21581048482582976 0.2348249296489104 0.20084312147461836 0.23598484695629937 0.17320636209235638 0.1539586941057254 0.1209423859679094 0.13851365164665508 0.14794564814257696 0.10526342443567237 0.159721011131521 0.1908822628793034 0.211458345136408 0.25466541339812293 0.22506572778399608 0.2804371784940946 0.25785908950543485 0.30425120552583723 0.3038883150512392 0.2969263972458359 0.285701033458588
0.23755211967343132 0.2190076774365721 0.20093471750492511 0.1564414238303047 0.16001981434887919 0.15550915346454885 0.18047229525457315 0.22502303374524338 0.2200365461212718 0.21767273205522758 0.21932749388646142 0.22522451495664303 0.239063917887682 0.2495542969558545 0.22055373127683037 0.25396357128321695 0.2578663219101191 0.22061703374645142 0.2560961671510664 0.27731916271613455 0.252525898265111 0.20416710235622432 0.19226687137283952 0.22364523013035484 0.18835942371789577 0.16781206830180292 0.16229115807662226 0.1377818204354887 0.1307363007905128 0.11591947956511593 0.12616811737507722 0.12960252968364475 0.09611243242099 0.14390416862410915 0.19098172434366034 0.17837328728534477 0.21134595659548644 0.23922952271147924 0.2514709043993173 0.3022117255143615 0.3011890447574915 0.3084478199102266 0.30958088189387584
