Raster_benchmarking/DGGS/continuous/raster-79.asc
NCOLS 100
NROWS 100
XLLCORNER 1743165.4092418156
YLLCORNER 5469279.059741743
CELLSIZE 10
NODATA_VALUE -9999
[rows 57 to 75 of 100, columns 43 to 85 of 100]
0.726661020558548 0.7414736692103214 0.7709691016549647 0.7418348984090806 0.7660755913283628 0.7631142593312088 0.7356719060169417 0.6595969140375559 0.677971177639944 0.6389009682586383 0.6204078128500172 0.5550485599488383 0.5736401770016136 0.6020493338516623 0.5967647307290235 0.5763495820291324 0.5651140690067994 0.5486525661582324 0.5574001770481308 0.5343965622863722 0.5003882710115771 0.533349017402076 0.5006664785562996 0.5146350678164859 0.5379370468222063 0.5003682575293678 0.5093253372520065 0.4798523362947622 0.5005732243101331 0.5109757516174699 0.4467678158350962 0.4084966856300531 0.3787436442610889 0.38237243434748214 0.3609809735707511 0.3688592868499525 0.30339777373754206 0.3146997886785824 0.3478366812335101 0.3557147071045722 0.366349766084551 0.3121147441425829 0.2879341724205472
0.7063438866414364 0.7397397653705126 0.7387964977246737 0.7484608081797656 0.7379336361127878 0.7010334277845822 0.6715594172496283 0.6765236587092944 0.6641626793425194 0.6748273781606006 0.6434613560054002 0.6113846151406505 0.5579950470419335 0.6085218286342666 0.59021647502976 0.5652713683930818 0.5915506494278083 0.5705417272189339 0.5595464388675262 0.5143067593965419 0.502974531856961 0.5482420643614315 0.535119785319937 0.5258239929492463 0.5557655262163484 0.523668605206899 0.4880253228952723 0.5227367256557108 0.5190530393014074 0.4813911743227146 0.4430627672005092 0.44203894099105046 0.411161808252025 0.3917763112316691 0.4414204597340431 0.4062990927521964 0.3618412204515318 0.3598490387858033 0.3903991800373976 0.3838938380159639 0.3576327282871752 0.3522097403721289 0.3438897681855843
0.7003077118790374 0.7264680449442767 0.7237084239760817 0.717455996633099 0.729444442381631 0.6870960084435593 0.6925207537269275 0.7196728255377665 0.6783341737976569 0.7118486142262643 0.6866177895133682 0.6053730587490104 0.5677269790887035 0.5837873035252943 0.5813280254905304 0.5839842120813787 0.5462195026001675 0.5418413752257664 0.5744916599809056 0.5641796548981445 0.5472528088093562 0.5492439393103016 0.5443862011462913 0.51899917701167 0.5067870370765274 0.5244463545046224 0.5093849645241744 0.5261936775823385 0.4935680892828912 0.46951117788233204 0.44993921901076367 0.455909534784398 0.4421331375469866 0.44486724799990396 0.43530196735010485 0.4078794969562975 0.4453879100869298 0.42021014684185143 0.3644660962875406 0.3704079158049771 0.36573049533436347 0.38527679116859537 0.357279451192085
0.7158615226687146 0.7343777070780464 0.7052595071301349 0.6900893846117503 0.6660037049778005 0.6788966153061587 0.69898948951951 0.7136934374303638 0.7290542074899423 0.7418097256811075 0.7041636396197828 0.6662589642556124 0.6269733807631577 0.5905338844481304 0.56254177795871 0.5443362381738459 0.534467021863608 0.5906171180647578 0.5992405902426496 0.5598122848296301 0.5577245717932037 0.557005481480623 0.5590194893774638 0.5182812957762621 0.5007698460897221 0.5074740129733964 0.5232685675707629 0.565676779914157 0.5690675887908937 0.513126414535017 0.46438265381090377 0.49575491148699374 0.4656926226295323 0.4612040035241678 0.45877368993633394 0.47540717623433404 0.48531345085474314 0.4641241146746952 0.3862839116092944 0.38789838412525884 0.4091512382210115 0.38368099736661226 0.3786020296549645
0.7055533711460649 0.7169223732575499 0.6908929434091347 0.6737870341380238 0.6760085163168428 0.6663285414108414 0.6895047187606826 0.714862090399661 0.6823130891010551 0.7177365139160905 0.6725352944728465 0.654553031177452 0.6369581811963797 0.6082714532462218 0.5792860820817106 0.5556230502734867 0.5290468753533184 0.5716674832072369 0.5870476814885383 0.5861915996207876 0.5161803200648647 0.5056029613297165 0.5416500014585719 0.5168854000985046 0.5040709682480624 0.5009205022897619 0.4991360879976744 0.533797661571467 0.5605367324546485 0.5369373439178756 0.48138210416255167 0.498256126388748 0.49791141781815756 0.47217710644808264 0.5043385637297865 0.4808336785634635 0.49740791594373795 0.4729110294507756 0.437233695939158 0.398630289145398 0.40845128210816617 0.42284514730264716 0.38564699677537734
0.7280333193847138 0.6982090093917511 0.7130829476024994 0.7227001122019061 0.6777304398874501 0.7298150577687392 0.7354266958127655 0.6932288450656178 0.6585488825933875 0.7092025996838903 0.6955431447579206 0.6595122852624331 0.5876251075432893 0.5522539738177621 0.5466137420790472 0.5131167144553911 0.5095562637371761 0.5595985936891273 0.5565634637349333 0.5594383689643337 0.5169281579271325 0.487675629233805 0.47586424165125957 0.48707160097105867 0.5081572481121244 0.5099442537352931 0.5125905765326001 0.5686462176139905 0.5817060031255178 0.5576292115760206 0.5296958888809393 0.49794520633006384 0.4645601119989224 0.4749847158927714 0.5075596778905906 0.5317602128114549 0.5281044160270978 0.4964051690381808 0.44351471776351226 0.432505603001149 0.4477934798745799 0.42329483861817224 0.3961017674379709
0.7094874191089505 0.6954661735721634 0.685919102191351 0.7372694358993713 0.7094356455724231 0.7317300108969514 0.7112582725926359 0.6946035370767231 0.6820657640842795 0.6717550094919994 0.6967255947119493 0.6666216621171112 0.6030132716828668 0.5807034259704897 0.5917497701346699 0.5324687748940785 0.5183171215041026 0.5418413474927395 0.512410862436335 0.5260537769944293 0.5114175972017853 0.487665876092488 0.4630948598902886 0.4577207333162925 0.5149104199319441 0.5298587381046195 0.509600725853354 0.5641367023676227 0.5593942456907891 0.5620823780547916 0.5157997120786361 0.49596974622652984 0.48210370180623724 0.4811282981847719 0.49684647961011497 0.5244323011389348 0.5257941962612966 0.5017620910132174 0.4622972760091463 0.46921682808264925 0.45913336186562576 0.45284602621100634 0.3961798775022642
0.6960125253625227 0.7002529474446825 0.6924298913845245 0.7444271023171857 0.7622567285701465 0.7378526469580303 0.7430067459680799 0.6860364821106535 0.6585126517277863 0.6586681397389375 0.660733375034285 0.6584101588020799 0.6683006355720941 0.6415558471906826 0.6229810378643795 0.5578450564037888 0.5342168405238104 0.5292692778366481 0.48826305060302316 0.5107385504700805 0.45205402776848064 0.45758574425531995 0.47143088645988845 0.49280519954761637 0.4578959210718463 0.48450582155313754 0.5287431311039836 0.542478920415893 0.5178266741746969 0.5480318228915627 0.5049642074096551 0.46193180824670965 0.4333041539349367 0.44471853610559753 0.45202135260700543 0.5197620932875103 0.5503204343883261 0.5282067393576907 0.45636177956857654 0.4834896464814748 0.4498213690020685 0.42516004656005346 0.4158399064502833
0.6752142123283715 0.730418181758951 0.7479141689100276 0.7183820627645398 0.7061667091037059 0.7084159962075067 0.7175929267259817 0.66965362261227 0.6758592759595615 0.6444317331974628 0.6311933596956055 0.6578104573655721 0.6790502254243487 0.6484526723781905 0.629008405269496 0.5969617293887944 0.5487564156376271 0.5265443343525575 0.4862714400349153 0.4927905533581995 0.45987593696947887 0.4556356745132516 0.4785056376612448 0.48690565859515944 0.5370757637112656 0.5129376276832261 0.545201502787249 0.5460947995577502 0.5379183439384985 0.49961642199772754 0.53857047610308 0.5051217790322539 0.43819722099974034 0.44071663763469837 0.4841963272012964 0.5370762513970293 0.5462066201964197 0.4984022728460536 0.5173770890002729 0.5204210886481346 0.47914945775653933 0.4640928954302669 0.4517899627085978
0.7210124218824066 0.724544879831262 0.7520827097167145 0.7091056167432688 0.6962130147515783 0.730811751009735 0.6949658392741341 0.6580549517567201 0.6340940681239593 0.6268605573723094 0.6411891092774327 0.6419686848463508 0.6313097897642961 0.6482265643156178 0.6325162367563316 0.6210300082236606 0.5894813720752506 0.5493679097369005 0.5359877769629577 0.5201772418321858 0.44694139917107156 0.45173295899005833 0.46306416890599805 0.5443663263746081 0.5755847591831372 0.5858443074406267 0.5905229657251572 0.5617620184299429 0.5565461652829401 0.5507076757076105 0.5283955333310986 0.5129163713993351 0.46928643312012974 0.4421931160187353 0.4987175848732804 0.5003489434844489 0.5362009930264182 0.5451333589384981 0.5497011503585864 0.5009845462053689 0.5160046669378662 0.503296751006246 0.4664803205541211
0.7354081736963856 0.7484628248282009 0.7323289582411919 0.742689205910293 0.7057509474070609 0.7151873158167941 0.7116582457787586 0.6694485468758813 0.6547912852996114 0.7004100971085707 0.6825812136143331 0.6977893813048476 0.6513578503141926 0.6636805312536189 0.6201989873863264 0.6092492048073913 0.5968696060894831 0.5515449259179471 0.5477944143452753 0.5074522133459874 0.5194819650439402 0.5195154522782163 0.500431363458344 0.5404163963253793 0.5480585934180024 0.5850886144453592 0.6084967448498576 0.5596103468059525 0.5743498755132379 0.5685777985708135 0.49525910879443447 0.462084435802242 0.48285141642644414 0.4671832084475632 0.5215569494818214 0.5094705476297569 0.5458371574853493 0.5575747956817347 0.5731054555451743 0.5359404554843066 0.5505049257782321 0.5289593597555922 0.5265226324950816
0.7636680081100606 0.7435890285736806 0.7614531561521736 0.7445904007195319 0.6840288299574596 0.6927356899590282 0.7516026724203081 0.6980915247661791 0.7102004321696676 0.7322736981400887 0.7236015320084637 0.6995685278860829 0.6966835104667781 0.6606461382133323 0.6757297312043574 0.6349390723263989 0.6179402190515212 0.5694513874233859 0.545277654549201 0.5254350261602827 0.5321006452189485 0.549217988947842 0.5665224342685995 0.5845852438838098 0.6056613812242059 0.58966283593242 0.6076293382506284 0.5878692357868321 0.5804755855183791 0.5220567468150056 0.49827452260669153 0.47929631393133193 0.4630736549757401 0.4817277560211601 0.5073919886811163 0.5019448241801784 0.5633417903396516 0.5734019078869771 0.589016196017541 0.5498092304097847 0.561722156062637 0.5697501798939957 0.5710129856768886
0.7585191423724968 0.7799527609859846 0.76732025184577 0.7231529548252293 0.7150497490681426 0.7158604701110314 0.7387854479423052 0.7320718861349635 0.6861435227940155 0.7055711538381199 0.714730511037638 0.7311093645769879 0.7235129489065599 0.6617541538511925 0.6678226533154589 0.6751617073846597 0.6520947879059636 0.6292622611557794 0.6018499728915087 0.5942159066223685 0.5856286684030629 0.5917226015666879 0.5811270051568522 0.5761172175769953 0.5790979017199572 0.6170462123432418 0.5623861030134909 0.5567196868462572 0.5796803950632985 0.550944940091744 0.516694938584271 0.5049086683552125 0.49577521688409953 0.4903684926508624 0.5138884457214954 0.5172071535056297 0.541603844039048 0.5535806824196008 0.5585132037231252 0.55039098958082 0.5807183838047614 0.548778783413441 0.584300492030894
0.7888142994044638 0.800250200566202 0.7321099937265286 0.7644174222937474 0.7683860605711684 0.7467026861005627 0.7572464719697173 0.7560206591801387 0.7095762058764592 0.7185719361902878 0.7172127410321355 0.7138776132195813 0.6898887575290693 0.6927636913766526 0.6635228324565997 0.6930503672399966 0.6640874990080258 0.6393959270055378 0.6303828018902239 0.6399931158278416 0.5999006679957176 0.5829587119055903 0.5825108282993781 0.5797638279117856 0.6150226066916331 0.5862527965536914 0.5467563026483553 0.5760285570903999 0.5895146084901991 0.5544601913293632 0.5103385381491745 0.5203511830382161 0.5217302306833 0.507088677122585 0.5125438145069092 0.5504574638075609 0.5665999589594359 0.5483735360053233 0.5878956866274949 0.5672616436773724 0.5527724832608024 0.5782634111403466 0.5949676938444856
0.7836765498913352 0.8149076982745124 0.7699357190606971 0.7858317123413868 0.7897983912357257 0.7499193834706002 0.787465163777608 0.7753446286073699 0.7811113252926628 0.7753271212429873 0.7543477971368809 0.7047344042676048 0.7089321395037508 0.7448556362681209 0.7064084850000538 0.7099039898739398 0.6862245169122902 0.6751814723304644 0.6632224569033224 0.6264984580946686 0.6121077643042201 0.6117783610619434 0.644496473125621 0.6332114740624095 0.6106442962817136 0.6002255329775504 0.600641971486478 0.5985963257189145 0.5345315893024494 0.5270601766694374 0.5377858405305075 0.5148024737428878 0.4905606263019076 0.48622258316749345 0.5213417176423893 0.5248090847622409 0.5355010009870714 0.5815179934986121 0.56649125961426 0.5605564662131204 0.565964641863747 0.5602879957539112 0.5398111880374206
0.8426946206854823 0.8145168582413387 0.8252348731310826 0.7976349464354168 0.7990587443983603 0.7838593026486292 0.7904381894844988 0.7674579763191719 0.8116844772709114 0.7763868368989876 0.7529377821534572 0.7695530316252611 0.7642312042891191 0.7318496450847823 0.768875657211016 0.7222825177692005 0.7242108461216964 0.7185245897657804 0.7150734895244206 0.6931492786897712 0.6780237226356015 0.6665422463629014 0.670389210224311 0.6204946712365709 0.5984367435076011 0.6191395160927687 0.6116237751955509 0.5917048316119075 0.5390456597286233 0.49734886765982117 0.4975826509308511 0.5058846828606866 0.49278612850133113 0.4829519202921536 0.48535232577281595 0.500580442880968 0.5255159133087299 0.5354089650509192 0.5528594368075024 0.5834244941979773 0.616319396002341 0.5493839444052211 0.5358830622558678
0.8162882404737211 0.7955510274504254 0.7954335288308766 0.8009223027652994 0.8275029617209495 0.7987296200633346 0.78637305659358 0.8000154830808512 0.8220053075149644 0.781600056605749 0.7872468368822733 0.757546849296079 0.7673762399589403 0.7405915146502525 0.7409742194965493 0.7720179580698118 0.7147845407975004 0.7103510333490954 0.7261802810436129 0.7027383028073492 0.671370985161261 0.6652150979943363 0.6554732070288845 0.6245704272301128 0.5816472825919735 0.5637831916921039 0.5960563420460747 0.5687443324336138 0.5876381495895677 0.5244556111734147 0.4952710750311019 0.5040600056213645 0.46744982724635853 0.4950726279287747 0.4622142828615406 0.5049181224614127 0.4849132181590452 0.49955613205880306 0.5507971807806488 0.5527717608599056 0.5771628698331992 0.5637245988447839 0.5256059191259158
0.8212260952585582 0.7917525331141322 0.7802868633615203 0.8166718100204399 0.8078699723731143 0.7964766295843453 0.7991069554287029 0.7994114576576393 0.7839639275057722 0.8293615445216683 0.8188501097230765 0.8004361319367461 0.7441584053958517 0.7342618405157944 0.756405493922362 0.7361828862111727 0.7549493820118816 0.7168498955335798 0.6887730064434722 0.708919185741279 0.6991571569452161 0.6840831741009286 0.6437476849251366 0.6142091691310375 0.576728012822739 0.5779967864087967 0.5821041233509794 0.6044357632241295 0.6100460137856093 0.545249313674079 0.5280833233253545 0.503388975187038 0.4969428918530416 0.5137871699475535 0.4747775850078521 0.5127692722222162 0.4919626594788754 0.5237845904804538 0.5299016554542074 0.5409311659890648 0.5226162579365827 0.5470561386855992 0.5274101595823751
0.827490149603369 0.8592491761033528 0.815012126676403 0.7864035348211241 0.8022498325214218 0.7967589155064374 0.8052242799979198 0.8273465352940651 0.8580931726500878 0.8445296020765096 0.8059967573373029 0.7956436526713233 0.7984995381035391 0.78948636984821 0.7821143141981248 0.7633949247470749 0.7477498588893305 0.7467817888280046 0.7255717420305413 0.7345113197584011 0.7123896062215788 0.7071561760617328 0.6943255576187568 0.6807120888448669 0.6674613575751118 0.6315716534800812 0.652727613359577 0.6293368131632785 0.6364345574666412 0.5889808166984983 0.5538991830222946 0.5147676771208481 0.536639597853528 0.4952254568553995 0.4830248385708372 0.5249465510024462 0.5374794458951385 0.5098218729961836 0.5289865757178595 0.539201181553263 0.5281377120008593 0.5538019099824445 0.5162713625319754
