Raster_benchmarking/DGGS/continuous/raster-58.asc
NCOLS 100
NROWS 100
XLLCORNER 1743164.4313690488
YLLCORNER 5469278.3942752
CELLSIZE 10
NODATA_VALUE -9999
[rows 19 to 37 of 100, columns 0 to 42 of 100]
0.8791544396454803 0.8378391648145402 0.8719935775601512 0.8614883176467477 0.8435824014009579 0.8546672672653874 0.8824391350404451 0.898256149026368 0.891754130724132 0.8673622598114116 0.8831793571844678 0.8516614129740772 0.8561115515666675 0.8944122563661848 0.8492513338246244 0.8242938177428157 0.7636354042624895 0.7472976868396356 0.7460157980036558 0.7181146511767268 0.7243306364498513 0.6821534392846029 0.7160049795743997 0.7678951624093402 0.7642225140173013 0.7947304819896374 0.7505230131240184 0.7811917673001101 0.7384340552716222 0.7447590736098907 0.7033735682494411 0.7129390201380867 0.6752717265202902 0.624340615481229 0.6188956112578542 0.6261538777260398 0.6402844783345737 0.6224135996884048 0.5667467200157055 0.5629158674327919 0.5560794779344076 0.4825268478747504 0.49552788481159954
0.8824637517307893 0.8813885955674756 0.8895736259290608 0.8729663333624743 0.8477433819314772 0.8700372077817085 0.8562570355438028 0.9014614636660468 0.8879944735248576 0.8711127743676522 0.8816825255669255 0.8567877302964072 0.8662606450598422 0.83377549653477 0.8212087001290453 0.7907508170997244 0.7598441519330815 0.7125783329479386 0.7193056186536504 0.7183750046017371 0.7167215226712207 0.7192732560963938 0.7522667761721943 0.7727937399351493 0.7710327616116791 0.758929603487344 0.7241981756735425 0.7127020285888058 0.7403470338504469 0.7231754587463411 0.6935150271280599 0.6791440617211723 0.6542360919239154 0.606781713411798 0.6122964881420139 0.6213464634813478 0.5937936144333744 0.5614799250974131 0.5709935336569367 0.5539353770787944 0.53050869305024 0.4944518772004713 0.49472550376461805
0.8909568901261615 0.9033286898798701 0.8934166661979859 0.8869750870862861 0.8654899654499129 0.8459180222876387 0.8588500968242956 0.8613051095456584 0.8608361842124365 0.9161195298464759 0.8715651924172461 0.8747250760421085 0.8872013457438636 0.8565567164936133 0.8155683476662978 0.7915059393239577 0.7426254445410582 0.7024674052641483 0.7121624673100273 0.7391994866137926 0.7118014100374674 0.743206399238271 0.7386484147984577 0.734648440409952 0.7228214535361723 0.7170494291200669 0.7093271277392755 0.6929975404652399 0.6892488524113526 0.6895535168321985 0.6467074877532332 0.6209303714107831 0.5798356142413524 0.5704379945192327 0.5707000308305256 0.5786496550407156 0.5522941253920457 0.5470200654499511 0.5279516568567637 0.5156618350781654 0.5466198100986166 0.5139793590479772 0.5121753596305311
0.8542313294043645 0.8849940841059544 0.8969683563115037 0.8762296382597129 0.8939489926479931 0.89227268674238 0.8645401781542654 0.8825864195805131 0.8583737712595323 0.8812624167509249 0.8700385281439987 0.849948162768448 0.8631255741842621 0.8683552311049512 0.8423239788765596 0.7960135315277126 0.7337791352431992 0.683220434557421 0.688811258934664 0.7324338295855475 0.705209151289824 0.6932081960529071 0.7168185636728399 0.7242763845523774 0.6977598897955443 0.7169609212669537 0.6873755408363216 0.6533916069702617 0.6650217052463819 0.6798405224824141 0.6619181090412118 0.6328139395299333 0.5774401299134603 0.568525103523216 0.5807276495218866 0.5520889939944807 0.5501549623269151 0.5634775343548951 0.5505020951873567 0.5431594123546626 0.5266761967501463 0.5126762310072664 0.5023466909632611
0.8542186715620534 0.8828359270081626 0.9075819124658606 0.8778973678920834 0.8944323884563417 0.888376189717699 0.8454274440833943 0.8625522380273178 0.8679195879088438 0.8924101926215647 0.8576614800977573 0.8529129096558312 0.8316156940116105 0.8249896946949291 0.8020281796897589 0.8112404467800596 0.7268640121735183 0.7017172999923167 0.7206374602516358 0.7070537377078366 0.7259427373354022 0.7019425107914052 0.6992397506812168 0.725995723567379 0.7275621425877492 0.6714033305369154 0.6772794740056838 0.6470105891460239 0.6390434263724452 0.6607711332922144 0.6350442474835221 0.6105331756915673 0.5701241131618291 0.5887939347574667 0.5852141694961536 0.5574870774723374 0.5478924959490579 0.5688506894467854 0.5710968370208456 0.5124572296948882 0.5343533094904221 0.5286350084680045 0.5215751881386297
0.867098924966383 0.8989547557214387 0.8988622604100573 0.9222996753359476 0.9198139948768734 0.9000226052769289 0.8691351408717631 0.8581878351152742 0.8695535023134522 0.8534500349905434 0.8282847813281441 0.8223870712561459 0.8369639649191934 0.8102968251847836 0.8315380078022339 0.7918515353951103 0.7571087343067523 0.7477106268218984 0.7183327063872378 0.7378381102944077 0.7250567593545186 0.7550153736057752 0.7528770514173411 0.7213899922429675 0.7301206402027588 0.7187004221587671 0.6770946354235631 0.6794262269204234 0.6704498391381117 0.6608737938458771 0.6733187263440058 0.6570280178250504 0.6027653560875831 0.6083472290615429 0.5758140727544141 0.5773793414341771 0.5590717462200042 0.5806288183584868 0.5536526174475822 0.5600895705812395 0.5648858717513796 0.5814366373417118 0.5762578160477683
0.8880082639963328 0.8679403551798275 0.9052472907946443 0.8964224932823822 0.9169041294498849 0.9155663228224629 0.894170071865811 0.8677202603116946 0.8608907520317787 0.8146162034126083 0.7725984273288016 0.7820229502030356 0.813704636967545 0.8219454067746282 0.7853309789308541 0.7764595445358158 0.7726195344041646 0.7855767636501328 0.7613229852583641 0.747137762759717 0.7544847965191773 0.7759039720497917 0.7793809303347143 0.740338297369658 0.739996807144543 0.7007824703801147 0.7069326977984095 0.6899036694725792 0.6468982382985534 0.6615651652780382 0.6645906734670943 0.6600576950455652 0.6021927291324206 0.5841858631880024 0.588330028956993 0.577402815140311 0.5517566819470134 0.5587835603118086 0.5768078051317388 0.5657943752822475 0.6057960442614777 0.5786804735154336 0.5981538238636209
0.8843065555596751 0.915354555956168 0.9051987378785127 0.9377112069186413 0.944622264343682 0.916917789291946 0.9032129099945144 0.8738083411543961 0.8546164364586704 0.7812048827364676 0.7666829487551697 0.765838726289302 0.8102186122206916 0.7855177733602617 0.7773715901860403 0.7705187166491875 0.7814898100966718 0.747807404282242 0.7600224054999295 0.7619500228406035 0.726416004377362 0.7633582558409889 0.7527978100899687 0.7279894418085799 0.7157665138038316 0.6814942206866682 0.6849233059393571 0.6904294044048987 0.6687899066375531 0.6810521685596561 0.6577785350245754 0.6401276792223478 0.6296677752722301 0.6320276904398748 0.5935291274068396 0.617458205952768 0.6108656241891752 0.5923449718526291 0.5932099947807945 0.6116925687608726 0.6401880177565147 0.6232643026162809 0.6257408447791931
0.8798205513977917 0.9127294699145244 0.9252233676152873 0.96044729079483 0.9527714965614278 0.910555188441623 0.8975274615635621 0.8940199459805875 0.8659290701120067 0.7867066647370671 0.780576932267998 0.7812188815660928 0.7814992062914901 0.7687624843896657 0.7623064220325335 0.8041857331239834 0.765184976481912 0.7607516599300044 0.7759366593184649 0.7318164237307305 0.7504902368283197 0.7538025912801285 0.7473481549213591 0.7451938157421996 0.7291391338249251 0.7191007698141655 0.7112661481467434 0.6769683916106295 0.6927572132588444 0.6794739617938413 0.6508807354157844 0.6608728563663225 0.644459350543989 0.6567665970822398 0.6078385007919767 0.588994540648161 0.6300114124953213 0.631480221314915 0.6457775282841683 0.6701349832424469 0.6572310114195277 0.6968149375831649 0.6638751757556974
0.9019175044380622 0.9219445168267478 0.9486048250864673 0.9589423154178199 0.9464188437369287 0.9367655122337946 0.9174061360041816 0.8975872777605973 0.8465890813616074 0.7789945626977837 0.7693396943785651 0.7672989565227858 0.7926634027818759 0.7822549366323723 0.7739049010138724 0.7830263777631559 0.7575386862156812 0.7751376754825976 0.7520497978853428 0.7571426851215735 0.760984114623244 0.7378054985744471 0.7449734828643895 0.7005087864800943 0.687762928839088 0.6751416194949512 0.7048425849881358 0.6687715311660507 0.6903565928269629 0.6763701803668234 0.6779339360680496 0.647009040539391 0.6731526383387497 0.6529363570848591 0.6451519837490489 0.6074808321568789 0.6345659366518496 0.6267724779506437 0.6577910288310432 0.679757831941107 0.6408702662076677 0.6399723084427705 0.6181931014107556
0.9194768867900418 0.935218057635861 0.956453177050992 0.9586222000741824 0.951027018642688 0.9174915212845802 0.9182439151477799 0.8486507459622228 0.8533557805793107 0.7922678887335739 0.7525882575997163 0.7548476711481991 0.7758497932321712 0.8134819592175078 0.7979772740716936 0.783033162562353 0.7431852454607706 0.7277303537744659 0.7140347472315842 0.7325390188953331 0.7204252634674397 0.750942823488974 0.7477806637412137 0.6871340200987256 0.7029124737622612 0.6836727882122693 0.6659043826010619 0.6598248038604555 0.6788310873541981 0.661949041653058 0.6620278550117782 0.6239778363317007 0.6707200265399024 0.6824805160170417 0.6772283302832578 0.6413883439545792 0.6510423774245582 0.6348836881574013 0.6579566988384543 0.6702819434311886 0.6264046423350255 0.6223059897021934 0.6388768624201874
0.9449650943505843 0.9710841227040712 0.9467572378796935 0.9757898146128257 0.9636638878799365 0.9034105699191837 0.9066372980227473 0.8582379283725232 0.8383707625155932 0.8138599022689362 0.757675551690802 0.7517355185857376 0.7671254354663705 0.7718470743406415 0.7941553021708961 0.7702083628480754 0.7607687066795229 0.7656638115509168 0.7376416328271902 0.7191806865185854 0.6993928741082795 0.7369324323499463 0.718853959782553 0.6746295787680565 0.7063265848122292 0.6709088892597339 0.6601112476859712 0.6526084680752925 0.6326223889902365 0.6141247493152423 0.608003964585807 0.6164880240654979 0.6368066277942758 0.6562134185233687 0.6496422114459377 0.6612968053491028 0.6691141049902107 0.675160168610731 0.648267942137484 0.6713287807210815 0.6522896841692709 0.6416843687680504 0.6292717339089726
0.9541731239711145 0.97866854218374 0.9560893499907094 0.9797032088840444 0.9340575103192048 0.9260465055758961 0.8815566754433455 0.8304112831698227 0.8268031551904108 0.7824981055615874 0.778771744226283 0.7984663263659204 0.77708918251496 0.7910268835446252 0.7961734650742596 0.7703810984464514 0.7472968432201855 0.7957136456505614 0.7221533852597464 0.6966451650085111 0.6695147403161869 0.6839210278710987 0.6709241027175914 0.6679482753458346 0.6928049955556798 0.7097764235571001 0.6871275256657747 0.6621794991891841 0.6185429388185762 0.5876059576643365 0.5857880595412931 0.6001702268415764 0.6183677775829782 0.6553507641316045 0.6486202012592298 0.6864844858058761 0.6953205365219285 0.678251586889199 0.6320346836111654 0.6306491910548602 0.6304931719664362 0.6206557337185217 0.5912206068720963
0.9061629315937917 0.934180462517143 0.9760373465817236 0.9449720726933015 0.9242761330111803 0.9332600494309735 0.8681254761900332 0.8147425067950239 0.8040246567290225 0.7868935922156901 0.8137981753815696 0.8012594939613248 0.7644437672128528 0.7793287862359555 0.7415107655828721 0.717998568157225 0.7407130633012138 0.7395172732302173 0.7370083989803148 0.6871704654633302 0.6543854581501936 0.6345828427183727 0.6673297050452276 0.6785418450928298 0.6579513823889648 0.6633405512119284 0.6961725744455157 0.6492328429248411 0.6453137937655657 0.6185226717595758 0.6007380043824483 0.6096978758899381 0.6101778410082193 0.6457754990403902 0.6815468400775362 0.6995110034239215 0.6897983571487177 0.6955358744123593 0.6540563867491367 0.6426233288907635 0.6586954354503012 0.6556297001577497 0.6204276008869839
0.8865198527376433 0.9301933878641511 0.9184920667865469 0.9121089473066287 0.8907472501475848 0.9194634737911564 0.873476254395894 0.8576764086774361 0.8622364792506884 0.8211258243784205 0.7991514175320998 0.7819747027648323 0.7598947927860196 0.735162054141131 0.7493498432312938 0.7228486736474582 0.7205576101204664 0.7665695026164621 0.7383887501705553 0.6940110749496018 0.6792740440998483 0.6193423216441855 0.6332010333904532 0.6238230294401832 0.6725277629002085 0.6841461230388913 0.6794405742511667 0.6611816562523276 0.6454313839786711 0.6403684484502408 0.6295402582059129 0.6105119672114205 0.6059014758964497 0.6046666023877862 0.6176911527795073 0.6825274476079598 0.6899697909965664 0.699944200015166 0.686683260506941 0.6469980814404104 0.6691794770818112 0.6334843660380212 0.6237526231303361
0.9010596297773834 0.8877644536122545 0.8870519594135783 0.910370486778276 0.9055932144029937 0.8869585978207521 0.8794272182562821 0.871965603888219 0.8702611223206573 0.868434370430438 0.8226476570961354 0.7906877757674328 0.7547657433047869 0.7716611948789892 0.7476170212792148 0.70555090951325 0.7344827807847487 0.7069498658003971 0.7294626028974495 0.7197900443968734 0.6730294759372357 0.6165840105221468 0.638750752602094 0.637906123905082 0.6477026471966193 0.6728178383894062 0.639541886615892 0.6353343709527055 0.6256952666250749 0.6278945076910016 0.6172582446294408 0.5868389021775725 0.5858100425556863 0.5789031553806789 0.6047031725320133 0.6201520995502114 0.6448076590009025 0.6777576000164399 0.6447108070182974 0.63999868669676 0.6424584747506233 0.6633053894103322 0.6891907366848959
0.9321118741244536 0.9020123615522355 0.9032962170952851 0.8828728406803252 0.8948968242467161 0.9055903862864961 0.8867307635197121 0.9134659040573819 0.8846092236365185 0.8853806347934621 0.8526786322496726 0.7967603222299116 0.7555812574095381 0.762316069806452 0.7394535645332778 0.7202491225365595 0.719954259700535 0.690391452013785 0.6963885578684235 0.6892672239232782 0.6631146018339024 0.6003959116697913 0.6130216586138271 0.6348045370559029 0.6341736841097919 0.6229686290333218 0.6144960627300454 0.6136859331078954 0.6548732892348367 0.637849195920504 0.6205146985729162 0.6156909514204784 0.6064596113677619 0.5986517378516033 0.6160875352244621 0.6262477843008399 0.6232721892209888 0.6524126420239437 0.6480791062542606 0.6521968956476921 0.6781385787970887 0.7222068403450123 0.6812522525126654
0.9009941285163622 0.8926380816071027 0.9009262771961876 0.895319371197839 0.8859374653938192 0.8740982589964034 0.9228811472019628 0.9271255610295979 0.8765767114207454 0.8543682888593883 0.8198239973873351 0.7815521495110014 0.7705384419174737 0.7299877117305871 0.7281022130172552 0.730685590480182 0.6936911407746457 0.6707226794190615 0.7057896344048354 0.6945869187425529 0.6632161817948377 0.6243101271785947 0.6440762818104488 0.6469999340320619 0.6223549368961008 0.6385755630556945 0.6420673602208595 0.643211315298635 0.675296381571256 0.6609083625460134 0.6638020139961646 0.6503532847937472 0.6044963316823811 0.625275815408569 0.6150066881679717 0.6350712626258641 0.6564209690416215 0.6882997591658263 0.6651075755247364 0.6365844666993652 0.6520056405861706 0.6574883782656072 0.6826226555458349
0.9308397304040646 0.8739151880787954 0.8621289050722803 0.8675695102096259 0.8570477710597085 0.883408102947392 0.8744824196163582 0.8995754695879622 0.8940684280448359 0.865396093808147 0.8188179104366378 0.8182112050093717 0.7997407759889353 0.7475364551201171 0.7435944113245103 0.6858673815239305 0.6702405061820527 0.6712337727417682 0.6756257334790549 0.6922570015274483 0.6803503701300158 0.6716978022353954 0.6193668709187001 0.6001975201157279 0.6454725668536901 0.6613631727449756 0.6708978790455955 0.6718804611280786 0.6861651742146367 0.6733460802674021 0.6545343002233199 0.628959606760554 0.6263083578745408 0.6126746022322395 0.6405107246789626 0.6736397870671201 0.7024945044257656 0.709804443831405 0.6523522004283572 0.6493938165518797 0.6657853966820318 0.6399008737739941 0.6386215784245436
