Raster_benchmarking/DGGS/continuous/raster-350.asc
NCOLS 100
NROWS 100
XLLCORNER 1743149.4557903355
YLLCORNER 5469285.846868629
CELLSIZE 10
NODATA_VALUE -9999
[rows 38 to 56 of 100, columns 43 to 85 of 100]
0.5980046981874019 0.5988491149092476 0.6025207849381575 0.5945036966110204 0.6409133722138622 0.6440084365779456 0.7133472856146258 0.7662367447852939 0.7623188687603915 0.7602902990794531 0.7165941046326378 0.7462985430139184 0.7915460519272016 0.7983058644159352 0.7700894925091217 0.81068768183544 0.7967830296415064 0.7588361110347778 0.7878066593357194 0.81980732829704 0.8128948219997384 0.8542659326539489 0.8737426584121664 0.887627411316435 0.8575305455548307 0.8511967286415164 0.8429347750889118 0.8022249256140138 0.7807090638089171 0.8022824134955646 0.7862902389528144 0.8232700694789415 0.8154891665875571 0.8257419488585445 0.8119558642236394 0.83491342863787 0.8847329058895207 0.8706549343869228 0.8712175680371333 0.8264767669114893 0.8010638451564417 0.8220973288541149 0.7942345608088843
0.6630301838854623 0.6269307883329461 0.6079054744083557 0.6224906425437755 0.6715715048723873 0.7037587840837695 0.7323216961024608 0.7773519589639425 0.7909174992544086 0.7359844663729067 0.7787681312762499 0.7745653996102232 0.7675797411559894 0.7712408978116341 0.7898294131698932 0.7791046798163304 0.7529922136300728 0.7617660373349961 0.7782415437590567 0.8126470608470631 0.8397542334407808 0.8494901430208408 0.8442143778220214 0.857970314077308 0.8477767216243415 0.8436819395125055 0.8325759496155961 0.81906522177167 0.7980578346007724 0.8027545962558766 0.7866368286049368 0.78429930033571 0.7890522568021796 0.822556697334084 0.85214947873383 0.8768344947411707 0.8687452961466132 0.8569829614318218 0.8277105625868444 0.800885725463873 0.8081002485556756 0.7603807674823874 0.7974442593380896
0.6904755176629637 0.6762554386426848 0.6858752019462316 0.6998604672122991 0.6802480645554674 0.7206798359509993 0.7782461966823818 0.7911074615970556 0.7905927162247841 0.7864864422716316 0.7885431998630003 0.784990682695361 0.7707361987947454 0.7420183297959656 0.7349059834452005 0.7200878384394169 0.7276881061583275 0.6946087402266753 0.7149801798396502 0.7413273976383654 0.7781491662395772 0.7988175136413584 0.8372787778412505 0.8530838516876132 0.8569933606656743 0.8391841241146016 0.8291088136310716 0.8381873005798556 0.7861020546466568 0.7661810514526489 0.7752918421573891 0.7667934668563545 0.7923626893348746 0.8210829211755991 0.8339538447052919 0.8499925703706309 0.8154907246968252 0.7907928202708371 0.8158593451697994 0.806333411273356 0.8086064650222472 0.7982418550896362 0.7605364350420146
0.7163386811617909 0.6822242599532821 0.7139936723843344 0.7334311368986008 0.711059870651738 0.7168050870958552 0.7861347087158904 0.8375597596893869 0.815353330883824 0.7840412526582272 0.7901163913703544 0.8224001155101905 0.7808889379388286 0.7208617157883698 0.7023534642195224 0.7071013473349604 0.7120711972679649 0.6787786539625701 0.7224334053415282 0.7119732096076836 0.780454496463874 0.7813089268731178 0.8242712585649037 0.863259108495511 0.8572754161132268 0.846130883794952 0.8188607917924745 0.8352530075458824 0.8152049070806188 0.771487032432744 0.7686121601311091 0.7051143419488348 0.7540596911447913 0.8010999802660773 0.8436061912874674 0.837582695282011 0.8303056719628344 0.7809974500507062 0.7801194820545067 0.7934277696870599 0.7956384696404533 0.8111260545928132 0.7619489559038254
0.6958268440292196 0.6987971744330141 0.6852614574437267 0.7101499778888242 0.6966292741712282 0.7222181945117673 0.7732803013175381 0.7879561277963965 0.7894518413474976 0.7612579173548595 0.7508203957811567 0.7844376422742103 0.7844303916174687 0.7140140743420305 0.7280318733547978 0.7409541782005564 0.6959572993082073 0.7177734116665203 0.7203168065430247 0.7609047729620566 0.7524999574264318 0.7766245177378304 0.7628432687048298 0.8133069388330162 0.8073534219608234 0.8210536521114103 0.8029295041968932 0.7770115312164397 0.770810299945089 0.7575594205525119 0.7410488963928794 0.7215311627763947 0.7705746422439903 0.7863893803512091 0.7962350370848662 0.8146321648544642 0.7946778375369133 0.7680836452358827 0.7598190183191746 0.7529320089868203 0.7744759398716197 0.7719897949713364 0.7836841965865377
0.6656813247929325 0.6905874043982715 0.6837853775952033 0.696221425792856 0.7246281967538831 0.7354703527626341 0.718691213801634 0.7170170755162443 0.744219329827467 0.7268207825714949 0.7645355827020281 0.7719916198736839 0.756831239167025 0.7237222740697883 0.7098095283974507 0.7390148463308946 0.7039881653160026 0.6944812407807354 0.7175390388347804 0.7584897708996373 0.7369597081618146 0.7344272888654508 0.7426121783617311 0.7288767592863274 0.7414410758417262 0.7829536317894739 0.7623682965267063 0.7557599169827465 0.7661123032333208 0.7533999028601258 0.7493284337090077 0.763065620040301 0.758763121359577 0.7571277650018249 0.7494905580626433 0.7515627490912551 0.7760030200040215 0.7814837920701205 0.7585141347840928 0.7532936454329001 0.7853140089788174 0.7709638086324845 0.7889573373542376
0.6837468794952775 0.697086561515893 0.6929662049533726 0.7463684070771821 0.7268588214166976 0.7216898537692924 0.7271476032518334 0.6976973169494548 0.7322949551597533 0.7441470948282031 0.7340336359939692 0.7287724857412752 0.7168326738824423 0.7198953963633895 0.711070865288002 0.6836152288890445 0.7131793056967995 0.714486544231011 0.7040971015246846 0.7352441026961746 0.7197248090983988 0.7108732019254641 0.7394768524365295 0.7377012969524092 0.713774177066711 0.757959199343583 0.7461461723196474 0.6939685051333109 0.704425056738274 0.7395109176323682 0.7281167249519487 0.7799926177362287 0.761108037347444 0.7569935202320635 0.7782042128868494 0.8022473013680227 0.7725437883096135 0.7586234867207098 0.7689113571722971 0.7428274912255466 0.7682762973149051 0.8060393463791653 0.8005053566460608
0.6540526850593094 0.6954008940193139 0.7253394661300803 0.7651030674385799 0.7107144326889867 0.7254250228271234 0.7206318982122322 0.6744228851444318 0.7014642038835577 0.7349986502845597 0.7567646262994723 0.7252648025870451 0.7046444837892751 0.7012832782534584 0.6701922091504963 0.6622059407202511 0.6882004954430248 0.6987115942997261 0.7110731742359605 0.7334241344990466 0.7219251323395529 0.7420572776150632 0.6962070106604565 0.7048023783993376 0.7381530486919411 0.7423824271409737 0.6936640563280025 0.6642916208435116 0.6828321517643895 0.7274026333033776 0.7431414003203861 0.7681959929191657 0.7262969352836419 0.7250257567294017 0.7680628972307953 0.8038163310612358 0.7933801742738719 0.768072542415971 0.7684023159591491 0.7877274100380961 0.7902999917082185 0.7951329830338643 0.7969182613627337
0.6696970935098494 0.6625753587969176 0.7096793904388389 0.6915882204892 0.6985873183416126 0.7229361309429442 0.7236777573934638 0.7191585059013569 0.7160754772364403 0.7021922206845278 0.7334920300926084 0.7260833668485015 0.7127419078082522 0.6777842211407555 0.6660357467202661 0.6922349090610561 0.6845384545803169 0.6825304077123672 0.6932338975136813 0.7140839018105916 0.6917434386047706 0.7124756474370282 0.6733123104850753 0.6559216802747045 0.6851807691864773 0.7171373931329004 0.7074992454567337 0.6846858606799837 0.6725885294826323 0.6738625438973129 0.7195735138084415 0.7154070601653921 0.7124230644347169 0.7212041530504539 0.7261295246404834 0.7525020484930866 0.7610966581101358 0.7659442949416909 0.7501042014626308 0.745029456832307 0.7775606447873313 0.8045268856679482 0.797351992007305
0.7184751787847578 0.6776358373789945 0.6845705475935355 0.6767996532451876 0.7052277096017072 0.7188259662865537 0.7228669875288001 0.6722058944515452 0.6743125761562717 0.728950599224178 0.7053771642834299 0.7160865417520474 0.7016078848051203 0.6854686830412067 0.6861118223445322 0.7099883903542558 0.720625698031066 0.6749926577917561 0.6861779366511773 0.6885772351294923 0.6904946547215525 0.6803580632334512 0.6993759449025589 0.6641725728273196 0.6778778004099515 0.715083772921531 0.6967907920560842 0.6863646583923593 0.6624345489722997 0.6642314939139344 0.6800134992668196 0.7060540913347494 0.7179340517295586 0.7035481483737039 0.7509936997403305 0.7461716567322576 0.7293621816837972 0.7464018732641585 0.7351235349503507 0.7396119185340722 0.7904968168736378 0.7916849116166409 0.751168745909878
0.7195834153576164 0.7191717792036036 0.7105713095914293 0.7033274785939675 0.6809014806586172 0.7105501693108424 0.6788716424618774 0.659561413993914 0.667291807409713 0.6800588590645374 0.6873572043815626 0.691648676000812 0.7143542282115318 0.6887372907926512 0.7163674747430945 0.7275532663855377 0.7172454581365911 0.688102972201896 0.7106045701035146 0.7031434943995518 0.703558844598271 0.686950859656033 0.6762382210582606 0.7070996579981588 0.7043820661710761 0.6873880568444298 0.6990227293219504 0.6831271246527628 0.6702568416691285 0.700621970864285 0.6839665936091808 0.7037758469973154 0.7145123166636852 0.7281890048895128 0.7607432729695226 0.7328359106377449 0.7696657116237708 0.7600009356843322 0.7751301772746595 0.7550029094119779 0.7521868042372977 0.7796046343848041 0.7676811047837274
0.7397461683886541 0.719653009838195 0.681224026270655 0.68479791554019 0.645594447828935 0.6605463730773737 0.6569068820156052 0.6375890472939537 0.65566061875321 0.6513828415845097 0.6889235274132033 0.7308593992442467 0.7097928180021631 0.6789077932327137 0.703813569373005 0.7322415510051438 0.7223538692184304 0.7210568987905901 0.7165495935445677 0.6986446394350027 0.7133179430870091 0.7025794063248906 0.6957818818917353 0.6803369104826449 0.6588178583158824 0.6883435840742221 0.7077793125195392 0.6883553435479843 0.6624242199145638 0.6949327562338934 0.6613418529449441 0.6476938236596927 0.6745691489506221 0.737034952566951 0.7476622209535279 0.7506214792279371 0.7286966096721433 0.7511312274429395 0.756646132143359 0.7811058959589323 0.7980206803236493 0.7845273939231401 0.7492615818886272
0.7106740853247464 0.6910576000134477 0.6678320491512688 0.6735358912574596 0.6469952488506382 0.6704400628084558 0.6661822319251118 0.6432367124534578 0.6463064576228281 0.6601621731272399 0.6850037195184778 0.6898203635973348 0.7324385613716745 0.7140858398001677 0.7400748925080083 0.7483330569992267 0.745057125098808 0.6885109170547613 0.6884660163532546 0.705912543992164 0.7055747095421064 0.6954969621342749 0.7027725044539219 0.6752419118934971 0.6497970154295105 0.6626507369453544 0.6638605788438178 0.6723849309026746 0.6695392087027215 0.6912671873555197 0.6646115430992885 0.6278926241319037 0.6493717141176036 0.6825983529236234 0.68905453450221 0.6942018149789151 0.7154202992688529 0.7305154878899939 0.7530860655513674 0.7780599573595067 0.7765105855967152 0.7516782517704869 0.734007548553854
0.6879182717073021 0.6914382246348397 0.6513795135411009 0.6169772979288636 0.6208989548898889 0.6678748001686877 0.6454237089143856 0.6427391301326258 0.6325113950186149 0.6512539375933029 0.6873420628642957 0.7113164141659962 0.7188350892370184 0.7349571804708227 0.7242150868986922 0.7373048782916024 0.7217931599920423 0.6949382694013228 0.6968999867560695 0.6439541752013198 0.6759261970698099 0.6770150963704381 0.6551451257036418 0.6709649899467592 0.6171871640511951 0.6190702516497456 0.6638851456925869 0.6647175895988635 0.6651237888350806 0.6903624975693887 0.68941144464245 0.6358713945300541 0.6503025992726875 0.6672928978224593 0.7066270858789901 0.6913998452224323 0.7349121688520425 0.7494319266306853 0.7419966846819128 0.7304591368758708 0.7181654540336274 0.7175636542888764 0.7355220271108736
0.6646810714448979 0.6508395209516404 0.6249543229490143 0.5895292781699991 0.6088968787485308 0.660594908198488 0.6769881160396581 0.681047066725306 0.6535833516417098 0.664941956397251 0.6909145296733489 0.7104686949831217 0.702512108999627 0.730281135086741 0.7011851190861481 0.7143607986427658 0.6962969433178912 0.6754681482358241 0.6936568537166239 0.6718539022671564 0.672426314852535 0.6864397439022792 0.6479686160891371 0.6273560907122768 0.599370128995031 0.5896000518275372 0.6374510213986829 0.6309425271790957 0.6523218297465454 0.6835057551073376 0.6937902932857721 0.6612047035128725 0.6754922497190734 0.6748718354497238 0.7086299990959687 0.7347447607851493 0.7416983133500232 0.7136436422027954 0.7246617089153166 0.7214734991975698 0.7501248176351141 0.7179047957391522 0.7150821951984994
0.6026014326626621 0.6106759850418988 0.5853350488894467 0.5842006960367473 0.6256291871892852 0.6398069291772035 0.684900578062195 0.6841524913151135 0.6899975762576394 0.693285602221915 0.6957654795378806 0.7292315871867421 0.6983441683394043 0.7062782833265384 0.6974083403932156 0.6651894973801377 0.6691266382237581 0.7087979422767908 0.7135000241318115 0.6739850601128975 0.6832643709349866 0.6515424558216656 0.672738011852307 0.6265285844538131 0.6188695590084374 0.5734350999968605 0.5857214938551965 0.6321196708115182 0.6593007101742998 0.704561016453407 0.7056144134335269 0.6675029665965581 0.6902945195492912 0.7313808121632537 0.7016797575879963 0.7162212283371203 0.7355580213698373 0.7426316396143315 0.7232359056653552 0.7333552757618135 0.7558050135675176 0.728968324371067 0.7576680890402184
0.6051257431257319 0.6123205604261576 0.5801155237014524 0.5911911519290242 0.598400084008836 0.6258969910820725 0.6543756211769308 0.6698605272702772 0.6852973282345436 0.6941598574163257 0.7230280924321758 0.6995864979262024 0.7198707846067532 0.7158208766373696 0.7017261686619646 0.6733174585000126 0.6911922571962626 0.6992020798106071 0.6770491869756127 0.7121282310625767 0.69070192243015 0.6821393797886336 0.6696320420991405 0.6481313936114363 0.5959461852883272 0.5748925453071876 0.5641187184270642 0.5975702561177287 0.6465165571364057 0.6641734548946722 0.682953432869425 0.6924192727490402 0.6724601876600907 0.6935471782297411 0.7341761119006804 0.7069013418307032 0.7331479766801907 0.7686902290135336 0.7701031446211372 0.7361630029990666 0.7504173982662757 0.7586344451451488 0.7628468550424756
0.5801568142557681 0.5497537946369295 0.5963636516631722 0.6065056812261506 0.6058379908519723 0.5855271516606888 0.5989376550445521 0.66251575589358 0.6765016711252441 0.7209492652430284 0.7140191249450106 0.6969325791830975 0.6996820521012825 0.7001065563394626 0.7040041035499508 0.7088915319444717 0.6808783252288215 0.690366977760495 0.6975034411274937 0.7021109916265822 0.7176452977592631 0.6716772386713654 0.6498551666754127 0.6438140372165021 0.5938066430705556 0.5634140908032875 0.5505124112073976 0.5912099301796352 0.6052405807286741 0.6789503087824694 0.6659562460138074 0.6453685193941868 0.7132531235024369 0.7200749576158848 0.7101081009382679 0.7304823818641971 0.7398724381714755 0.7974254693730496 0.7915721061033552 0.7729443064965642 0.7888582536592512 0.7526108267823514 0.7811134289812045
0.5975753805452136 0.5659596429137087 0.5720882012008663 0.5507653852547699 0.5778528811594156 0.5822267362904643 0.5898643327120963 0.6529103216892315 0.6636272407439189 0.7107398606246347 0.7384239093540773 0.7079227928844091 0.6835089091710853 0.7011564228344386 0.7053638581522925 0.6913061517082055 0.7182591599025232 0.7040959980284458 0.6960873076180116 0.7087549034461815 0.7131934383806369 0.6831723137167933 0.6304985819270914 0.6390731012768782 0.5967542454366184 0.5487108296334999 0.564156813758657 0.5865608309089563 0.6036806542196782 0.6424571584666798 0.6610317919738309 0.6615031609190319 0.718390302968198 0.7077524372039979 0.7450424894166375 0.7667390692175476 0.7628642092689467 0.7467363522058957 0.7835609250185009 0.7960633470970161 0.7998723271554875 0.777193050492712 0.7820472027117555
