Raster_benchmarking/DGGS/continuous/raster-61.asc
NCOLS 100
NROWS 100
XLLCORNER 1743161.7744274358
YLLCORNER 5469296.453573514
CELLSIZE 10
NODATA_VALUE -9999
[rows 0 to 18 of 100, columns 0 to 42 of 100]
0.0665181279652158 0.09323831508456767 0.09726356296318701 0.03835419493597838 0.07296056625224885 0.09277789111409966 0.13871946814972885 0.1728803257213848 0.16547595855628228 0.17908752542500916 0.17282905568939 0.18188222930986828 0.15472249319395767 0.10746424486630426 0.1473555247971227 0.15828643536683323 0.18579411310531935 0.20969038137463542 0.23691033360131233 0.2627724776580899 0.2497613037580256 0.29606837175972817 0.2818663767759954 0.259533946822849 0.2630021716634905 0.32706291397233256 0.344130428837844 0.3403519145899256 0.3322313614680698 0.28909181050985583 0.3247824879798533 0.31669694677966265 0.38787892677777164 0.408819913731529 0.44047937775926066 0.5672839605700153 0.5243812706869908 0.5489451287387549 0.5893075859518051 0.5749660578887974 0.5987663849025029 0.6513207437430886 0.6113402786676205
0.01779874989273022 0.06887423442192488 0.05506875983207928 0.05127940289272723 0.06384835222281991 0.11225621474913998 0.1036762572997552 0.1002778120407116 0.13479333805229787 0.13389912492430953 0.11777688595484946 0.1518254372090485 0.1347616997896172 0.1475608149662344 0.15672389554360575 0.19182440010225016 0.20976397575322822 0.26729299152347674 0.27579644342261356 0.27293176798352603 0.27250008771847894 0.3039307942190061 0.2577407487550297 0.3040665924498927 0.2934517996830748 0.2763185278272194 0.30621703592209004 0.292946105837226 0.30552985812241457 0.31600810187211154 0.3169693361277249 0.3416066243671113 0.3439343083046139 0.3677457915287742 0.42164513223888056 0.5047407688418561 0.5294496497726907 0.532416538616673 0.5519339923993642 0.5963344563455596 0.6266385828519982 0.6602215295947088 0.63194849922337
0.0369358692436696 0.0 0.03687785337422277 0.09251150333487891 0.13022466274103126 0.1263750694066572 0.10499162301881089 0.09964329395990874 0.08790240388133722 0.08873104499447296 0.09518132198778578 0.13786237469098947 0.16364127897605132 0.1546543566517038 0.17265168395497715 0.1889683846867665 0.21527095381358724 0.2556405740013025 0.27896332601034396 0.3096371321222602 0.2716341799637724 0.2958151614614401 0.24584060098576255 0.2831250810460689 0.2402502038263218 0.2408669548021302 0.2742811162642742 0.32191601547218107 0.3485751140921414 0.3622970555992448 0.3104261482268734 0.30857442983801175 0.32174978245161334 0.3871265371669168 0.41377354587168513 0.4253505283607952 0.5058016685405524 0.5248997769757601 0.5609961922067913 0.5637656321040554 0.6121474496921199 0.6418207131460196 0.6571100838772765
0.03617843093608897 0.0321287085257066 0.03035330130834483 0.09885440819926447 0.11690020853579537 0.1521150967552676 0.12730820825982328 0.08076236134127147 0.06641216572842112 0.10090868174866457 0.11313422754362638 0.15850031927361358 0.16528880669674995 0.18479173448631844 0.19494208375281497 0.24578701348747622 0.2816631950800453 0.2673405189583176 0.31150367514515387 0.28693556751728544 0.2775182989644528 0.27882593746651335 0.25841781767194794 0.24252085695210163 0.2660165383880473 0.2749649465637475 0.2586582377551612 0.32181976965298054 0.3475310933270706 0.34584474069657994 0.3685030891222638 0.33273652962256867 0.3327594479908811 0.3674525596142116 0.3769178352086883 0.3924538242993082 0.4623648816780035 0.517811151454685 0.5335322259876613 0.5535406470488151 0.5950469664756837 0.6138536036967095 0.6548566181674154
0.09765105803542565 0.067361964111871 0.03198226852683819 0.04450342173773215 0.08190654401985994 0.12184468140596037 0.11420752012311186 0.05163017791877758 0.05738500135940273 0.08857897543415966 0.08601958185545164 0.1127692314708371 0.1823384248697848 0.23337453661881605 0.23423722465177613 0.27600786697417673 0.31779086484824737 0.31729463458830887 0.2832227950445841 0.29103422461509487 0.26513634970400296 0.25778895459835566 0.24126632658295344 0.2605711392476499 0.24136379109547124 0.2699102358922996 0.25939840083607046 0.26471380337607836 0.34523686932180536 0.36977839447088895 0.38762886200402746 0.340967511711387 0.31929194596009525 0.3667876558164988 0.35657967143312586 0.39267526639704986 0.43143054037259493 0.4942161285309473 0.5414739593930675 0.6005209799310837 0.5903717593867822 0.606138504093521 0.6423179525715423
0.10199992369671075 0.09751772796831733 0.08319918253840353 0.08114798374598764 0.10044592629365899 0.09073141108161221 0.10859680639323287 0.06973676077975652 0.11356319773173665 0.13425335515706677 0.09582890683509745 0.1250344526511839 0.14409201071707167 0.18183529219008848 0.270745652355639 0.2570350897968496 0.29068226671241076 0.3132533343026355 0.28898711892661993 0.29149465702987837 0.2625009275538623 0.26101724964711964 0.2569211691314438 0.27312184108716137 0.260958692980836 0.2694059127302288 0.30210202566497923 0.29563424822918527 0.36783233542045746 0.36701297189632826 0.37649432705744607 0.38017790234336224 0.3565591794135834 0.3478977167262084 0.3584617231752773 0.43036765984776165 0.44400135742460095 0.47477622065823616 0.5285754811434071 0.597371072400117 0.6362032958036798 0.6151361529856151 0.6284719848915505
0.11922173414093393 0.08689387174685112 0.1342406987417477 0.12052072897972917 0.09202752680964975 0.09098093935163927 0.12640854117172323 0.0588140135244609 0.08771256958650629 0.15458101782773528 0.11859771324541549 0.11043216497366175 0.17405343910325233 0.1982889519503143 0.29127961605254854 0.31309171839410305 0.30677683874130196 0.27062236793846983 0.2723701843220503 0.2859003880390763 0.28868513385083727 0.2948669850780714 0.28890246361562305 0.2905928073132468 0.2811008608987186 0.22862106900568918 0.26919814742180354 0.33713364834574977 0.38929306835243105 0.3929268313751139 0.39599010081628716 0.3439865705318038 0.36468527102755255 0.3619958754508206 0.39660057214048644 0.4245448810818793 0.48165171898943193 0.5003038549155869 0.5593120641546924 0.6282454107598339 0.596743499542235 0.6184895227113388 0.6430100689512472
0.12321169694882447 0.09988657350003921 0.1458344016758657 0.1408979341008845 0.09622415096486177 0.08414440124686348 0.12888312882706635 0.08913804885488916 0.14758937797224259 0.18169543168342175 0.171158509324809 0.13451645068176168 0.18242412248495513 0.2272061799382569 0.28307342050140866 0.2977372196047199 0.32632735480860947 0.2735595557977669 0.2993891209937173 0.269072492779195 0.3088786865817587 0.28245348315356855 0.27651282428773444 0.2355884656848243 0.2386771878957511 0.2302996704871627 0.2785531756001616 0.3473797965223123 0.35097275943463674 0.36223706121114924 0.39691818049335215 0.37729682342475335 0.38248088195588287 0.3866949036129457 0.38598148547796957 0.409113253221658 0.4368793079439283 0.47992083819412873 0.5693675187969421 0.6395281821023714 0.612432002908962 0.5941866960201434 0.670742300303214
0.14618706438917073 0.15202253299627416 0.1612418454664356 0.11137447218545374 0.10854657688698571 0.11312417852799318 0.1456381288188232 0.1301008776847549 0.11622359044985911 0.16994409571306585 0.15380539532308668 0.14828201464092478 0.1817683045571703 0.2136977719539389 0.2703780032069318 0.32656160486981817 0.3080675488122817 0.29248782600162393 0.31806864005323 0.30584890229855066 0.2768186444814604 0.3109789324123424 0.3043893722372599 0.25099084145456746 0.2491992591796558 0.2792246414922878 0.2836295128375289 0.333241491009159 0.381029450673554 0.39402736976440284 0.43656617251387714 0.4345191689301494 0.4078055873511296 0.42783875940345545 0.392969598101405 0.3804971442820911 0.40562141154492254 0.4623597681773012 0.5593246157104212 0.6259648006173494 0.5977911669283782 0.5983194364663259 0.6689017659096859
0.14496634850075232 0.15829268303751937 0.12556986537390272 0.09904567365801041 0.1526888980179916 0.10483802180577202 0.11021800938606935 0.11892178469021814 0.11992477081560116 0.12378956570866823 0.17955663055171447 0.14110094021004138 0.18110293602878894 0.26807723358681146 0.25583177356564124 0.306784293154451 0.33554799124584983 0.2955129497075903 0.30828161157848566 0.26872367570209704 0.2912070565416205 0.30032212252527146 0.3262262481949675 0.3167990248060388 0.31452299290554475 0.34509597701825634 0.3477791825935982 0.36912553567568934 0.3918543076282313 0.4035351380846954 0.4266450123570126 0.4191887015200771 0.43130497975028814 0.4427667288724547 0.39612781262035385 0.374862358473733 0.4474098293771352 0.4973672053095701 0.5451219608548881 0.6079690388603937 0.5867843795366818 0.5919362776117391 0.6567740808961351
0.1142929167665181 0.12756437182877847 0.09919372099006198 0.11771757518051816 0.14008052277709848 0.1586262757278143 0.13969476767885736 0.1344283541128101 0.1646887296783881 0.1389379326111263 0.14160393478947195 0.16804162686330074 0.21067648870311761 0.30229632858484373 0.2570750444446273 0.29060228401397725 0.3328269028446711 0.3384088533932568 0.3019626655114779 0.25709459169495796 0.2565477711957232 0.27239778109396157 0.3102402553420615 0.36212463535909184 0.3691774622777785 0.3913757701094022 0.4116465738576788 0.3867190314448141 0.4070272763446477 0.3730215448606407 0.4198496614531335 0.4413313356185881 0.44323551923507115 0.42242632397002755 0.3923514205179395 0.395038792532209 0.4476025817155805 0.46770932684726046 0.5601799320744542 0.5921759536738689 0.6204601141346661 0.6004611186249982 0.6627935626951654
0.10823988054163143 0.15306964522737856 0.141993679998105 0.1509661943200823 0.17679920337885732 0.17352798204465897 0.15258929643760152 0.14261373361469817 0.16019258360645297 0.16514203511265918 0.1913604567384265 0.22228460371841732 0.23636328125039466 0.28949119559921693 0.2965151120680305 0.32069919090581667 0.34958345218115233 0.2942485018741667 0.30056678675757287 0.2626046375064342 0.2846357895108144 0.30081310983644 0.34166962267419604 0.39945445404886004 0.42156652058589483 0.42222400964921897 0.4286842655679229 0.447609178451301 0.4156595685949127 0.3898175439032693 0.3921071192571915 0.4405725336145804 0.42087433381038847 0.42490959148030677 0.4048721060097512 0.4334238353074107 0.488402140068194 0.526190412626255 0.535228739997296 0.5858901676228938 0.588942878089443 0.6162220021077238 0.6431819297604461
0.1504456776391353 0.15710039717258922 0.14782387447318135 0.12242774528578818 0.1502030056986084 0.19509061094434177 0.1819587505819374 0.21042705159820008 0.19506453526019357 0.25593683798086747 0.24273329054722068 0.23503729266724308 0.2538483650336974 0.3062316994214556 0.3312632914411454 0.35425682262347574 0.3124891190847194 0.31002261079399696 0.30931957148157035 0.31062299154982026 0.27436035669566167 0.2783943187291777 0.3157378292897462 0.4033939330036647 0.4151478322917328 0.43583947545624274 0.4497121104007668 0.4934375705387618 0.4635880329582017 0.4399242928709675 0.40622698070790314 0.41419971785488746 0.38808608060877964 0.3976697256250783 0.4411544469186463 0.5000208812370951 0.4936639383992308 0.5180216040555918 0.5285619083767072 0.5231757936215173 0.571184143087852 0.5981259320073988 0.5955845748814711
0.12251934952680812 0.11823194021955002 0.11014508218526187 0.1105713261709544 0.17024002691368376 0.21510878944487435 0.20953165068437135 0.2462524404498644 0.25323824626822095 0.27659609377826166 0.2576206375435664 0.2875165431355518 0.27353313098708565 0.27227170711020476 0.28794138669369085 0.33428142137235134 0.34105149615061664 0.31290631061825747 0.33686954429245247 0.33338644847966764 0.28511906707995005 0.31057135433159144 0.3579189677025181 0.35306345881595264 0.42178980639454117 0.4359291625821351 0.4619358542814435 0.4610144197389436 0.44368094908237976 0.460521857151101 0.4559272319841682 0.4472903232632104 0.39787894391691786 0.40093491038943074 0.41888599870682264 0.4770035675517719 0.4814315701476178 0.46071736268370483 0.4923467028549864 0.5057076849582374 0.5645819748938737 0.5997672960659786 0.5779358449816459
0.08956334375747159 0.08910065888046007 0.09812572509433219 0.15997123892484566 0.17691579732574533 0.19035957918690766 0.17709273080600482 0.20352454309642107 0.19523467789439444 0.24312219322243994 0.2625655360500351 0.3148662118102987 0.31923119243369225 0.2803174627804082 0.2951120670627221 0.3190235505948221 0.3366430904335151 0.30202930050461224 0.2830559060321092 0.3057833093954172 0.28967772129384306 0.31802025120216143 0.34233731867172656 0.3447948411282347 0.4090678644331575 0.4106662153491228 0.4323951385653077 0.43209944969274383 0.4180058005023716 0.4457220810468453 0.4106808499222436 0.401750343926753 0.411862008216932 0.43104812652144364 0.45604617882920634 0.4467135135580556 0.4575506956861761 0.4455207908692203 0.44675672655916293 0.4675410423481697 0.5336914896921952 0.5485885991527534 0.5460443199466867
0.09534564094079338 0.13612899741879905 0.09551635409835026 0.14579006643963943 0.17887507086820523 0.20885748479909175 0.187934751952164 0.1923569568544994 0.19626249626392345 0.23697260871032566 0.29737464004290864 0.34409082613729564 0.2999467451393908 0.27345476597690366 0.2925007935864165 0.27930392473553955 0.30041481143037274 0.3111643587446554 0.29869049230205297 0.3060846717612684 0.297013048902995 0.3171447628463298 0.3398737407299068 0.34612633220945693 0.37868848306752084 0.4299957059093396 0.4181614830725575 0.4656654859579192 0.45850066563663977 0.4068168586758069 0.44371799174872856 0.41277504439095625 0.4367483881154995 0.42086940610937146 0.4574292809731148 0.4295418591791487 0.4267438020865608 0.4496190658021155 0.4773742079201298 0.45021949788282034 0.49015419344674005 0.5516970732831514 0.567163236819541
0.14426765878426917 0.14857363343410182 0.11926506175560089 0.06989212297623576 0.13777007077040082 0.18487434089152044 0.15308879970263445 0.16961693484800522 0.2175860815917728 0.234663675731773 0.2740350431113758 0.34979261165351394 0.30217173961065236 0.3350323782151851 0.30114140534608497 0.3103834488632105 0.3374582707324636 0.360283385039809 0.3397492210306054 0.33278962858628236 0.31864552162357446 0.3051213575676791 0.34822988274549127 0.37701252818956765 0.41243862008892285 0.4302084969157716 0.4671254091522195 0.4731664566240448 0.4579219950419916 0.4025379599718127 0.44763597991046 0.42089127188452635 0.4413971401903501 0.404021556005807 0.41820638490003315 0.4638201713166632 0.4595985785357293 0.42413955146483395 0.4663566120757557 0.4584098276516085 0.5111209626851156 0.5319500083573281 0.6022871289815712
0.15301378941730506 0.12861998040730704 0.09324431028658066 0.12317157054393464 0.17117812207969232 0.16088504694375444 0.19069553752496343 0.19320629400079023 0.26897958446685577 0.24849035421471433 0.2848718144827942 0.32193595599711644 0.3114172083366472 0.30941839827050144 0.3489634247668783 0.31962195844789726 0.33347827053512896 0.3426062374765873 0.3378029693334125 0.354772107090976 0.3445226043818188 0.36921812494155487 0.3794892874699743 0.41955305093255946 0.4191277973915305 0.45704081776548855 0.4358455055399635 0.4269495997542586 0.40542435675321375 0.425392805590883 0.4314732624665131 0.3925567486930303 0.4021795293709152 0.40088519728239363 0.45122786082477256 0.47677615477108026 0.45061194674669613 0.45143493915319083 0.47061530832907295 0.5050809643492596 0.5307666147810461 0.5167705145739111 0.5521086100914973
0.1660131660613147 0.11627032518768479 0.10908739777217812 0.13782203658989622 0.15230384382624249 0.19816230068970797 0.24738062066243896 0.25678348092070125 0.2569174442219452 0.3108115279717946 0.3130937572862188 0.3125623690615482 0.33969641737081996 0.33177582985343845 0.3876534255707658 0.39667562081254165 0.35163474377648646 0.3687671455403148 0.3153686184347822 0.3232050430220904 0.368217886512141 0.35206507873853105 0.40197469524920537 0.40843427439243973 0.3976672544936515 0.44334752846107967 0.4407084660116729 0.45128574220011003 0.4379598051055625 0.3827594092823244 0.38807877032626786 0.40009827100859346 0.40844531760835817 0.45698734048625367 0.4555459761313069 0.4633366282466583 0.45222791318756284 0.439896348143692 0.4602096140166303 0.51036995191548 0.5113335746492933 0.5365541484008325 0.5769645218844569
