Raster_benchmarking/DGGS/continuous/raster-144.asc
NCOLS 100
NROWS 100
XLLCORNER 1743156.5859325381
YLLCORNER 5469277.894542687
CELLSIZE 10
NODATA_VALUE -9999
[rows 0 to 18 of 100, columns 43 to 85 of 100]
0.2416187525105534 0.25683051018589875 0.31217993019513024 0.31094906208129175 0.3403919928767829 0.3570134287798353 0.332830685744333 0.35646653216904745 0.34423367185684584 0.3132131423819274 0.30305223876658616 0.270058898086468 0.2494076131901622 0.2640710142693027 0.2908994496658545 0.26183171811286715 0.26165700881812637 0.23938852688313828 0.23251879534974818 0.20165296840716426 0.18095242447786536 0.20258782768789263 0.18305075425694403 0.2019774068497384 0.23322773221901266 0.2623628714012217 0.3139452804377536 0.3043166024161956 0.35325084244007354 0.424636097326362 0.41330890887835575 0.427069008322715 0.47362713218043084 0.4962563014318074 0.5248770142624068 0.5474252529361988 0.5535718093476424 0.5705404062781789 0.598190249949677 0.6199037824152056 0.6651791341969733 0.723915471707559 0.7397803210760091
0.24913538815149092 0.270019927406284 0.25497918075265424 0.25097729791118095 0.2826199509787912 0.2704003631000859 0.29918102151250187 0.30693173666897056 0.32377264279994217 0.2987803307018093 0.29766920122831475 0.30142515954499494 0.2986870519711485 0.2560194811225505 0.2764736594089638 0.2616208787319994 0.25204238413564406 0.2791550383505966 0.24228568155993377 0.20587289722151134 0.17084101919731817 0.19324852639554532 0.2373767997299784 0.21995978109628872 0.2486245475342666 0.2540462610914866 0.32645779412011205 0.29934078200893305 0.34737256243000336 0.4228386728481485 0.43929718047832195 0.4439154207611159 0.4925007216692322 0.4997223824441746 0.530656969275021 0.5479922674073748 0.572140714617164 0.5594247657075065 0.5601017175790182 0.6186625226629122 0.6370279607467442 0.6979741624086371 0.7558790007201852
0.20235802649683624 0.21856698510939773 0.24808332987506765 0.25699387986206046 0.2711267905397708 0.22995341378494744 0.23958448345361785 0.2645745989623279 0.2987143236159721 0.2999039832899213 0.28849809446904917 0.2733359182744266 0.27927413226464615 0.26901718313936446 0.24589924185119957 0.24500770968002356 0.2494564474736434 0.26220540431435574 0.2545132841864627 0.20736507885221978 0.2140906546349531 0.2518440796507322 0.2582803493179951 0.26179634659656714 0.30129659202942805 0.31789940255886384 0.32633821311290806 0.3259898637647798 0.37451138363173125 0.43594781353416595 0.4322900308561842 0.4604219545275912 0.48644839976899357 0.4969111324837805 0.50748282711122 0.5088428792978442 0.5336092019289679 0.5665826936074156 0.565808735784639 0.6034770984153467 0.653949901222274 0.7091634572051407 0.7163196621309295
0.19966413388546084 0.2267097886681602 0.21362243394030087 0.2332934551869974 0.23622866436592008 0.2361188068859944 0.2397764683905422 0.24826626902964616 0.27967894308735675 0.28176653481531116 0.28336151329591763 0.32931229671200685 0.2986394599215401 0.251942424983269 0.27224105503104956 0.24195026672237008 0.24535044884738205 0.25407459452272246 0.2828762758463179 0.24238900026314594 0.21626066792898468 0.22919809893973062 0.24333992645966301 0.28610334734804566 0.32349194733408143 0.3337482729987021 0.33677383472624023 0.3806328101589454 0.41954870055663396 0.4531007642176707 0.43657703410036924 0.5016737427782448 0.4988867430688684 0.5109416266377326 0.4917161955051006 0.5082452943869878 0.5378624215828368 0.5369537595892668 0.6091625583357672 0.6348050667315303 0.673847218392052 0.6763802258143381 0.744544581752918
0.17368672924348627 0.21347867875954454 0.22935606236616055 0.22707206250617132 0.20590561692131348 0.2108648370650488 0.22268888653834232 0.24282111033451886 0.2882953030170784 0.31498639671644185 0.33381890634512584 0.32499931120541375 0.31187962229588506 0.27939602042263134 0.2875133024475779 0.23220863903705408 0.2323146161048747 0.2631397056776132 0.26998113546462443 0.23094745693111482 0.2596555319003416 0.2490480655797382 0.28153903651312756 0.32083340591410375 0.32570615979997325 0.3637198896170614 0.3463575414365734 0.38514833320902186 0.43615996529747364 0.4211499805743006 0.4553773342998859 0.47273770999880216 0.45875053682318007 0.4578456421112736 0.47937489214537743 0.5043552117957105 0.5439954015249038 0.5738943845984598 0.5987670489144286 0.641842002197414 0.6629855064373317 0.6754442492008682 0.7143500308227881
0.12792007680062556 0.15396671875080997 0.1792422030457637 0.20475696628245482 0.2172419015745962 0.20983276900139025 0.2491779889732402 0.24562144416097778 0.27080293367690644 0.2895989010490987 0.2979310662644417 0.32692885069686967 0.3090896399843889 0.314934055486468 0.311299909522631 0.24524899894191413 0.26473558313432105 0.24239243717789366 0.2692261936761239 0.23712751074955168 0.28370307043398557 0.3019761311171568 0.31333042919305854 0.28169720298314904 0.30771779097371965 0.3452923453718884 0.4126480648991111 0.4156820757066712 0.43444694617900803 0.42591011775669047 0.40695297730497515 0.39944663421586346 0.4388454658688393 0.4375184689683855 0.48731942350931 0.4855236619520621 0.5245767992231308 0.5481692887732683 0.6082538966790101 0.6155821316068861 0.6811108406631112 0.7244454977507048 0.7196313536718805
0.09354169284885862 0.09270110354494479 0.13152357933469938 0.1566170007493762 0.1627823251430251 0.19745668702164224 0.2129725297068278 0.21233378968543648 0.2834594246044793 0.28414020239566185 0.3182185120881202 0.3527627541578771 0.3577804003363454 0.32122683613450337 0.30629411540052354 0.2801340176505382 0.2592638717023445 0.2693507617375217 0.2700056400352434 0.29062606403491 0.29284217123017564 0.30548897140229714 0.2776674331251254 0.3181689073436481 0.32334009322330026 0.38294889377807284 0.4287328579790243 0.4043423708911083 0.43551621930739337 0.39890072209917754 0.40640028449309623 0.43238756391564914 0.4640007634910788 0.44092502828767083 0.47525588880826275 0.4556114290958208 0.5086220963112905 0.5301342374820386 0.5875264342525267 0.6334481116227616 0.6712598981224148 0.716935571028005 0.7391554718360659
0.07157758678393723 0.09941706647857815 0.10870670151398076 0.1322812470864494 0.1651351970665988 0.16946063105989723 0.20474035469147603 0.2194429974778557 0.2595589330516252 0.30447743390708365 0.2972463124237103 0.3622825039363389 0.36255356700236163 0.33124568891830763 0.30914676800130714 0.2549624440156397 0.2518905553618157 0.23461966872530265 0.24862989633861124 0.26784914852972114 0.29839015003972413 0.3042639027494054 0.3080842378674492 0.2997617735699781 0.35855667825271975 0.38824409826041617 0.3956128950803582 0.45217044718438426 0.4089455307893219 0.4000453762050238 0.4127297537855614 0.4260423377327912 0.4298995538594675 0.4793001404143966 0.4637736539556226 0.45454744955358845 0.5206592714702273 0.5191881817471194 0.5576764834325411 0.6623095016883627 0.6502406913729379 0.6539171061527699 0.6976188004655578
0.1115594902817718 0.11058078978035472 0.13219483493999035 0.13888068205638154 0.18733474354453297 0.1759291107246045 0.21913686613922512 0.23953387641382273 0.2377337666328259 0.25936370913522466 0.3060855768729018 0.31247788627889816 0.3151375691533557 0.30149400684990685 0.3081643199236601 0.2736337928925909 0.2696718467585619 0.2724717735414535 0.27645296589833124 0.3135688121114286 0.31866592208645234 0.31887231800886384 0.3431347445991818 0.32289214939217287 0.3545160272055595 0.38004817982026357 0.4268347747757299 0.4378908096430242 0.41679175224474985 0.43229423338787026 0.42927337766053 0.4488735666464893 0.44642391294203476 0.4350401854989096 0.4865908350043272 0.4669020566094091 0.49195464603731043 0.517534403246155 0.5668371720648787 0.631499826493666 0.6691795216078001 0.6950672522263798 0.6650213509269031
0.13850110044393965 0.1327161956169861 0.12076294081860883 0.1421749360717318 0.20106533532597207 0.2058043668094474 0.2506609054243139 0.24007613001164593 0.23637497105967423 0.27094993871094364 0.3000589458265622 0.3330476299206408 0.2995332771988902 0.3105426755398007 0.27524904464754346 0.2647175138307095 0.267860719374331 0.2913744383173188 0.27484413941199426 0.28675120391263687 0.3273318629557714 0.3062265099610016 0.33678817268339856 0.3737764607864888 0.4052299633272322 0.4402289353357677 0.4237395958900546 0.4116416562168026 0.42280157174248334 0.47885555675551983 0.4512994174930768 0.4447298716497236 0.4662658410381154 0.4222094104155009 0.48501641155948944 0.49692355421341633 0.5396771030273312 0.5211667240436373 0.6055374823852986 0.6523803619979958 0.6555375855555255 0.7022207547459504 0.6803527042263524
0.1518032342554145 0.12602399662759786 0.16836881885277216 0.1628979389279926 0.1873702214062902 0.23626828169014089 0.2598570288560731 0.2452860201918864 0.29457493474170576 0.2801428635380792 0.317485287918888 0.3370108425480912 0.32154236632660127 0.3247823600205878 0.3034541468928628 0.2783768234578455 0.32608963763186727 0.30159011269862396 0.30893950675828197 0.28325277521645514 0.3250694255578531 0.32800872039506646 0.38105064457561133 0.3901914160722081 0.4319771937666463 0.43677322464249546 0.4556614218002262 0.4280123527860283 0.48128659784667077 0.5001293788683855 0.45054943522750585 0.46043035533264576 0.45986145814700913 0.4478926207518459 0.5095966242909198 0.5425186394262771 0.5383198877011245 0.5523852840497789 0.5804703653163191 0.6519818170178396 0.6573785979561843 0.6803805209868267 0.7115151076528728
0.13252793618604874 0.13910745136903202 0.1720870513087439 0.19179372051224952 0.19305595063930667 0.21719753488603907 0.2274882526450854 0.26801718190099966 0.280530257520477 0.3196784360341337 0.3340812055196273 0.3462345085321526 0.3284474965573402 0.3511785820241686 0.33953892165185084 0.3202969656786902 0.30889270878363606 0.36126307617769116 0.32797650198221545 0.31186909864593493 0.3317827175856763 0.35322106281508575 0.40357688163377 0.38508931488406395 0.4100183054484163 0.4776205044819936 0.4596192686629092 0.4567840850192767 0.48981050456837666 0.4765584222710785 0.4693568879360891 0.4569034332762501 0.45916488640487896 0.4827465410995279 0.49613799125561553 0.5264960383631864 0.5827712906443991 0.6088641654741919 0.5971647171797336 0.6164219738910232 0.6474341199719392 0.6838916275920177 0.6905417166452721
0.11926254630463189 0.1408131346605989 0.16108263949992135 0.1739363992843893 0.1519938280576441 0.20949228381119672 0.22441449068531186 0.2135238175312935 0.24220376528789783 0.27480671338827056 0.29073113784064386 0.35163091909439487 0.36050689169626865 0.36304192908605804 0.37760976780149547 0.3641608628650031 0.3260782396127392 0.3579398279083437 0.3580002997231776 0.36148279217167184 0.35849330526767503 0.36537148526696145 0.39738878217012985 0.40568076655715946 0.44250617312567136 0.4586507444333722 0.48598349064219154 0.4779127146247041 0.48760622497126727 0.45748976297470884 0.480160349039981 0.47933104935522874 0.5014524841373171 0.5046018379755766 0.47631742372871166 0.5178759269577186 0.5673920746104966 0.5662903759616303 0.6137041626897145 0.6201152466852666 0.6660671436571645 0.6866702216590901 0.7305458959452494
0.11555687021379885 0.11778590047262241 0.13495449496098103 0.12830613958660186 0.12851974533132934 0.152695070777847 0.19699326838450262 0.20363560283017826 0.2270137900093347 0.24108680767924184 0.2706347080011665 0.3430959258127322 0.3707849386200621 0.36235271550414055 0.3789994096595769 0.3651050187137499 0.3806935467330581 0.369828433487945 0.37390761994760063 0.39369645336762354 0.4403718772558311 0.4442926766749987 0.4690546862327154 0.4662695347225027 0.43812262838448124 0.45312141520804816 0.46155196585565683 0.4833769930143146 0.4667378234892679 0.49950131131697617 0.49645193031314944 0.46662759026604916 0.5117135912445752 0.4914238979059513 0.4669564256161488 0.46480051192695104 0.5193270480458076 0.583675231638345 0.6195272339186427 0.6672658565055889 0.6535071981005629 0.7052615921523168 0.729697940353379
0.1336744397885577 0.11469677496186934 0.07357509108581427 0.061144644453810244 0.12109208544796561 0.11879892488783425 0.1785771123577859 0.15776244048141466 0.17917201248855028 0.208542718888278 0.2504418091808989 0.2876842587790995 0.31670450727519855 0.34565842730335006 0.3326532677277085 0.33887191586573684 0.37270221990432656 0.4253881242824999 0.4103664563953501 0.42778888566293743 0.4676971273684938 0.4483082541978869 0.4742855674328789 0.4363193714156781 0.47735101030931704 0.5036443859390286 0.49440320864292414 0.46842815954475475 0.4659207816006584 0.44553738528932324 0.44862251573888245 0.4701125519921389 0.4772109763855462 0.4583590899282918 0.442078305423886 0.46865285215889124 0.4760576054090976 0.5171330144905152 0.5697551813783063 0.6045220087700254 0.6699172300644769 0.7137824646907573 0.7539600907966392
0.14105092166353692 0.09949772816581473 0.08250418040329399 0.03418459754105936 0.06822526016992424 0.11260399191407437 0.1624644098970206 0.15007912280882005 0.18402162688510207 0.2307268763012319 0.23675288169719344 0.2295992270944202 0.2834790472929029 0.3331073718730314 0.34467338547724413 0.37976767544291384 0.40742281411634196 0.4619469278117339 0.48511689679828673 0.4963372770421036 0.5090257414205914 0.4875830154502248 0.47407619467600987 0.4292252871332792 0.48410647678618923 0.49339290408967845 0.46631780197316 0.4481511818733687 0.45065001619709105 0.43730019060558245 0.47349082747493 0.48432703104048674 0.5007898586154977 0.48119295581456917 0.42109601862644563 0.4076903764138593 0.46676630515816553 0.4946605145174392 0.5521526137124896 0.6141346995554084 0.6467800580703115 0.664746332060512 0.7258638457035343
0.13288279647634021 0.11888667933317695 0.08677884740657478 0.06312052182424684 0.09065752828990824 0.15389445821355088 0.18122541369735395 0.1734811508085188 0.2088599448287218 0.24673868787836323 0.2555500572969393 0.29040232670311544 0.33402687648995927 0.32542570281662087 0.37194758515488247 0.427222112777628 0.4330676084992978 0.48970555387673087 0.5343475802177139 0.5294064402541064 0.5205615631774458 0.5188254011664042 0.5089409865900636 0.48568472256027256 0.4784294340275724 0.5098167204196159 0.4869797436342476 0.47794567813869204 0.4904760688213576 0.48658059131347214 0.44121605172988 0.4668836347810262 0.4528978411914726 0.42872184133446756 0.40429748162374557 0.4063979588549356 0.46564248809534575 0.46883873990175334 0.5091437246844258 0.5654913583725167 0.6212622575562463 0.6365010619513186 0.702800854159318
0.15836321124365604 0.13852239030708122 0.15680726212700585 0.15066180754079853 0.15046789941224686 0.16732736561528386 0.22677154435526428 0.21870479958660918 0.23161257737427107 0.3080523008182739 0.3289732952562134 0.34229926019815654 0.35806919659946695 0.3549079174446261 0.41520080241799695 0.45229520492216035 0.4782490709878823 0.49388119365591765 0.5432567598778442 0.5734023255785967 0.5528133786676754 0.5481577841983709 0.5409516125358742 0.5490039609910474 0.519376136372248 0.46554409814027814 0.5276967831888175 0.5281749331247434 0.5117358248557233 0.48475834746305835 0.4425786970924007 0.41095384713610006 0.430850572605277 0.3948849787100585 0.3831654179507975 0.40618340294504557 0.44823646782001664 0.4441823723570633 0.5010349407153631 0.569439006566358 0.5771153718605833 0.5873277523244714 0.6266643526522458
0.20692596251370401 0.2324672648745835 0.18892965002880258 0.2079871193745803 0.21212053241481835 0.2100951527886395 0.2527157476752536 0.25848928568262874 0.2693264171242581 0.3129248909205238 0.34623625418335396 0.3507349478530353 0.3474018888674866 0.3839579033439468 0.3807433920885978 0.42922735095337444 0.4537143549014191 0.47501630045981336 0.5163937159064552 0.5671801181577579 0.5785634096512349 0.5914954040548749 0.5642388374040493 0.5717104836100085 0.5475597971766428 0.5284423916528734 0.544670339892914 0.5532600584744756 0.4911902457390341 0.4759923504628775 0.4309816315563998 0.4404001242806253 0.41353684826585807 0.3860569903232952 0.3912907473708774 0.3938246011457311 0.4016225053052777 0.4217442768255138 0.4946204003975723 0.5168016849026091 0.5228792089247546 0.5564230963390848 0.6219099539131335
