Raster_benchmarking/DGGS/continuous/raster-170.asc
NCOLS 100
NROWS 100
XLLCORNER 1743162.7664713021
YLLCORNER 5469293.015900101
CELLSIZE 10
NODATA_VALUE -9999
[rows 19 to 37 of 100, columns 0 to 42 of 100]
0.5047237424603938 0.4954516768564207 0.46901591324752534 0.4811097376989657 0.5052806772949379 0.5036650347519319 0.5251718095521806 0.5245843471559213 0.476738745309735 0.4470941643049879 0.45441668394963264 0.45466387438440986 0.4927388263164898 0.5578991341528587 0.5268344064681592 0.5337233497619075 0.5183111142777874 0.5501588195966095 0.5192524626681528 0.4731527200343411 0.4806237508684453 0.521951689566439 0.5156517202030005 0.48527246226909443 0.5049380535265486 0.5211467377347769 0.5241077922968215 0.5174422758272367 0.5512506274851934 0.5554002626809768 0.5957753042927775 0.5760934287946069 0.553735591042978 0.5714044545775209 0.5380308043933215 0.4706275922343405 0.4526498571039902 0.4320181039045979 0.38384740511909776 0.318629251826273 0.33209258084151927 0.2887984272171474 0.3154084848009371
0.48220659897981927 0.48643408932549065 0.459007093478107 0.46745993212252684 0.46114246300965617 0.4407605840183774 0.4639247203173123 0.4852937385573652 0.48671414483373915 0.4737770805589986 0.4403405404239458 0.4734108908436086 0.5172038783837863 0.49942705463871295 0.5263068394261766 0.5315562161545062 0.5247051424515444 0.5186946453261676 0.48817226887785337 0.4932152627622364 0.4758637016619584 0.5050278252032133 0.49563139931297495 0.4967369175538071 0.534935381719912 0.5421627465331776 0.5238412410243152 0.5463649413533587 0.5553690011621587 0.5950045889645629 0.60324229779432 0.6039113878514611 0.5867481409780595 0.5440408676732995 0.5020010173797956 0.4743009225614038 0.4746628765974911 0.45547053360616685 0.4182941704077589 0.3856004038581842 0.3374793188627471 0.33577732489931444 0.34578282043905517
0.44731056854164575 0.47325477885138206 0.43695383803805976 0.4192633796043644 0.4506281672009544 0.42155307309682816 0.4635941910693589 0.4747675914563823 0.48968141328023884 0.45952734105434023 0.4434063794863748 0.46619320974006295 0.4701743811686369 0.4954420507339074 0.5366954715659639 0.5647997898084025 0.5391320525290272 0.49390806919050984 0.5029817163731225 0.4903147958842671 0.5080807720539344 0.4857285757132305 0.48961540061562003 0.5368818632100271 0.5262760938933653 0.5498790234553887 0.5364200837749844 0.5191698535101931 0.5481932685711973 0.6018638412494988 0.6269828228077653 0.621975849861517 0.5916041790250405 0.528621744268658 0.5170432346608885 0.49096536310170424 0.5031294320747084 0.48095208694183417 0.4184956380546817 0.36692920261525896 0.3705812991684839 0.3860196081115877 0.34362298625598153
0.41374175926175333 0.45479845479491404 0.41248077808931755 0.42015825034491694 0.4099531611735275 0.4107255583879271 0.4437290321076161 0.4515825299278874 0.43378728920504267 0.4182676883736543 0.44536333227449787 0.44508293904152463 0.4226706275444587 0.4765579780059061 0.5035115284755547 0.5372559858660823 0.5428755470842753 0.4993951012664243 0.47165651385606944 0.4643773759746224 0.5155699397229242 0.5330892904044691 0.5121864123901504 0.5561137544224752 0.5640249196896027 0.5683060422617777 0.5269912844145458 0.5736558512444446 0.5801406231921958 0.605810381707157 0.5942165611529735 0.5808180817603368 0.5583426444282363 0.5376990482632541 0.5366858281540515 0.5061691652471109 0.5239757421192639 0.4651201301880493 0.46506687150186937 0.4295709107435274 0.4283253251206966 0.4181358446567452 0.3787381593624499
0.451021781779458 0.4271085149059081 0.3916065090524972 0.3968933425664001 0.39838049307347817 0.4259830350444131 0.41660029660395986 0.43497496706964156 0.45259488323157704 0.4367968971750435 0.40027218600363207 0.3893075910230673 0.3939024176372104 0.43185085351744074 0.4549064170247719 0.4790677405620077 0.5110988707288171 0.5280244976692293 0.5009067533378609 0.4681544797335339 0.49224278817151673 0.5520383904920462 0.5353136434442587 0.5744498463692903 0.5487047244066294 0.5429909106682791 0.5778205235975808 0.588841968612187 0.5495472265148708 0.5704094786850988 0.5480841474497266 0.5763741788850312 0.5661525838879133 0.5523949696608168 0.5330627804641166 0.5368602947064138 0.4973022010574482 0.48715788874307436 0.5006558584869838 0.45151459064777477 0.42985329516282134 0.4150282329913995 0.3681058513038534
0.42056948518581216 0.39948340980112274 0.3889179126464521 0.4013313002725015 0.42692933021694 0.43664786465085775 0.447335627238103 0.4576230547718244 0.4379630582433743 0.4495943605786524 0.4107521645011228 0.38802904541831845 0.4307469608286278 0.40742891072390336 0.44129124852827334 0.4549448311944071 0.4978009156347513 0.5216780562066918 0.4979961646060283 0.4978018303174151 0.5003439839233773 0.5232021200752245 0.5672239555235313 0.5361959392132652 0.5448301119569784 0.5533012110337427 0.5636813977283224 0.54408675993495 0.5535094024478162 0.5705421387008509 0.5363738296232673 0.5431225092637326 0.5521867869552095 0.5421889137463666 0.5523160459602208 0.5490981617770974 0.49022159507592417 0.4994243811849325 0.49456285883236434 0.45301321626612845 0.41619519389272963 0.42816917599656157 0.38481849423266556
0.4525485166576121 0.4393006634620378 0.41682432025132393 0.38909340169022394 0.40116882558005434 0.3973269462026384 0.46152470688231473 0.4650098305930334 0.433757856271681 0.43874312988086667 0.4037817374052367 0.39762562229292064 0.4210486558991999 0.4280408388566355 0.422003175276765 0.46634152809421214 0.5104987253220246 0.5109860943446617 0.5111921170173637 0.4553146821153187 0.5111053710628313 0.5521840982550655 0.5772852657426579 0.5526026150319211 0.5488055754096185 0.5711474249533013 0.5729555712305243 0.5635816501418988 0.5663040422569477 0.525567934981683 0.5579350207931753 0.556971326321092 0.5472362938292454 0.519979174895737 0.522775996458116 0.5168787587623666 0.5151259017201866 0.5175527809670153 0.48465656567014215 0.4459499042355149 0.42537753390877353 0.42041206152861915 0.3903535267358514
0.4434883708432762 0.4242128199644302 0.4610564457838941 0.4288362618250548 0.4497368910807441 0.46599925972993056 0.44331518289306465 0.45688025087144574 0.45987254647022996 0.4211155333458887 0.40218662431664287 0.4012742920751606 0.4359818846582853 0.4313151550916841 0.42553923543985034 0.4458437641573723 0.46752542405040953 0.49160766229934333 0.5085215917839799 0.46991633097209307 0.4984595624216299 0.5423151178537806 0.5496772405368298 0.5417028532789808 0.5480550160037133 0.5674661712865327 0.5803501822156046 0.5541426120550348 0.5785944068341214 0.5564921776318636 0.5468886700848926 0.5121304858796382 0.5211942264449618 0.5012160275454499 0.516025697126646 0.5412283361065574 0.516361083903788 0.5080904095948489 0.46419736551958163 0.4610944237717019 0.45260870705925593 0.45449653098719117 0.41246874845828374
0.4941673889548449 0.45416534112470847 0.4957998519477914 0.49111394188735563 0.5052815940206733 0.4777433656897396 0.4451780082843146 0.41807961100907587 0.4498150355956551 0.44071566589403344 0.42511713823608765 0.41506180095052253 0.4047940018704877 0.42690461586396616 0.433409384665492 0.45421241324159056 0.4314598802587657 0.4699548163037411 0.48147587824064225 0.5057511619645622 0.5250399543745392 0.5256005375932704 0.5542173408100696 0.5364464227807088 0.5394512081097972 0.5284868593095419 0.5589254594765886 0.5676847482942873 0.5662200475714464 0.5584115749826839 0.5375854547097989 0.518860044453484 0.5158987622489665 0.5482060481879496 0.544851216936221 0.5426995930046935 0.5043428395883709 0.5357630744371126 0.4924958715633108 0.4575821586876354 0.43802457071969875 0.4452275480203254 0.4120444741686001
0.5136562729116724 0.5034675163608096 0.4973866041778306 0.525744500843116 0.5164233223518421 0.46194081625150696 0.43771805819707316 0.4383560885334427 0.3975551037114105 0.3852595793350021 0.41026770592384354 0.41648240390046226 0.4025927141174417 0.42171849257689004 0.4162790148007812 0.43374229377041246 0.41474837887354976 0.4378428714187497 0.43719249071725613 0.4821784870316274 0.5125941055929566 0.5083492693965124 0.5412950073274659 0.5757318169369325 0.5640574573800522 0.5801971402438687 0.5903598460419838 0.5616109527940569 0.5559775273680216 0.5202372990984184 0.5191707857394677 0.489074509600895 0.5337520441904812 0.5023224419068544 0.492803428702981 0.5052743093316779 0.5108981118285527 0.4994133941246048 0.5072639732197248 0.4796876626567248 0.450270310720807 0.4763351327375579 0.4717325661985212
0.48908525383547224 0.48592336086177756 0.4860586453268948 0.4995198469931902 0.5086965024785852 0.5064594897491639 0.46257807934239636 0.41519738149239394 0.4292069945127575 0.3815350720443275 0.3817613088471944 0.3473128025662045 0.3713023991398215 0.34524374992839 0.39624544405078743 0.39326915965193276 0.3872582630441621 0.4293617133122344 0.4237304132504631 0.4435021021932173 0.5044200721972167 0.548596741608676 0.5606482351540477 0.5867663887388707 0.5977239883426393 0.5796388813885041 0.5800594966485934 0.5862503118675874 0.5831771963914976 0.5486779974156889 0.5047361573636244 0.4797026424183294 0.516967294125855 0.5054737772248762 0.47281333151268523 0.47453785587328023 0.5074120227543286 0.530363870467627 0.5329683114847097 0.5324787380051997 0.46512695222920974 0.46164495724586285 0.47291268399250175
0.5102443718666424 0.5131329607180922 0.49849578849735443 0.4784765828178363 0.5081713496939306 0.4758329701310752 0.4773291967410344 0.44826038850537053 0.45214997637009485 0.42310771331661734 0.3823542002826211 0.3881745957672618 0.39901958541710036 0.3928018100053851 0.3694492801012287 0.38759406838005506 0.40892005934859826 0.4320364579194485 0.4227184292772822 0.4550571470334926 0.520705863418941 0.5538254619337661 0.5449365358071843 0.5761735041601365 0.6048755900734569 0.6077157190602783 0.6129099055413015 0.582595875290658 0.5875983073655753 0.5668933566523753 0.5259546275424402 0.5056427733255568 0.4843969616676827 0.5133679168587834 0.4880159125594624 0.4622694002997001 0.48559051266131087 0.5166123908394756 0.5185710325400579 0.4791913831416015 0.48570805446552 0.4168833558223464 0.4126393930351752
0.4923476191715098 0.46568820399161054 0.5173029560723631 0.5071059901426741 0.5292348112763413 0.5109382510535511 0.4866423842828473 0.45477910451584574 0.47369196329618496 0.46988886243966255 0.44638620673548235 0.4265400076532785 0.41494230394978565 0.3797300197943542 0.3940018529080604 0.4319042840412165 0.4027770167453121 0.399426585464347 0.42318330825969935 0.5099824160267818 0.5373521380581346 0.5409723319341321 0.5665781540756871 0.5829775287691843 0.6181120408220285 0.6314501269705034 0.6292831016205405 0.6300051865832249 0.6334574677091093 0.6125057670261548 0.5814939612766672 0.5286592462259034 0.5447464775453932 0.509079069061914 0.48782503640403735 0.4896952394604323 0.496817824751633 0.4836992861512909 0.4643553810992839 0.45257081255560977 0.42602549083231384 0.3992030375398957 0.3893656492601849
0.470892917511239 0.5094632868620093 0.5190843981696824 0.4884095041771429 0.5314738051733758 0.5614051491239533 0.537983502475459 0.5057066006462103 0.4952157151954729 0.5213568107372956 0.4878593862615094 0.4427965709396401 0.4075872708154382 0.42800041561404556 0.4267111880683967 0.4157232632115293 0.4266475994184276 0.4390094670146258 0.4529717714929531 0.47675988911629813 0.5186512991163871 0.5581563443810394 0.5503187160930983 0.5928114264393939 0.5967161780250931 0.622179111909099 0.6160658804025471 0.6271166491090452 0.6350454948535209 0.626834384681608 0.5821801830243527 0.5792867271829029 0.5503439490314278 0.5655698223263619 0.555223900164688 0.5265511751782667 0.5284970265671839 0.48956762132765097 0.4654955087825915 0.4166517255179655 0.393388469129005 0.3558413990541315 0.386753496811743
0.4663360242494893 0.5199121246020098 0.49933046399455583 0.5017205571047374 0.525680083675031 0.5781964766554202 0.5497872531603656 0.5627517506088152 0.5348144545649283 0.5279896693630579 0.4937748570512549 0.4802563314562706 0.4646069787147578 0.4229200307387587 0.40838023333810314 0.4026986556288358 0.4470373597816766 0.4802415445406972 0.5163985629061733 0.512255735946539 0.5561008051867289 0.5754697070068634 0.5951272926519484 0.5635224228415807 0.5772562240100806 0.574299610630764 0.59800980859229 0.6663155078035234 0.667106377178553 0.6249249478003417 0.638454391735439 0.6392594006125623 0.6143054371885991 0.6035661863407665 0.5720395589174625 0.5242273360118681 0.555526947809116 0.5190992868263644 0.4464590353423732 0.4070893377379019 0.36200470945937 0.3287746267225673 0.32136212447249524
0.5111618540794042 0.5275313717206767 0.5338285773874205 0.5241114848682857 0.5556588267590392 0.5801814273372723 0.5698833868220599 0.5614786155584572 0.5713575552197758 0.5269741921749581 0.5251740063417605 0.48105168970816614 0.4443218757095716 0.4554072546429394 0.4087608660838973 0.4170230585168336 0.45242941164043854 0.4961943508684941 0.5241276160377971 0.5089903694446385 0.5357601810975349 0.5622702874599879 0.5989634559244089 0.6155980630322812 0.5984544955795039 0.5813758296275484 0.6295488312328478 0.6253603682294778 0.6487448898683253 0.6470126438250128 0.6311790372159869 0.642271019557717 0.6127793673172182 0.6027894502182796 0.6051357513442169 0.5964687406880809 0.5528434177116479 0.5142552653787492 0.4923109279719159 0.43861194120416114 0.3765363390027351 0.32936066381447093 0.32795284294322385
0.5353787988206868 0.5337843861610296 0.5679446908104349 0.6021883724776291 0.578252253269052 0.5769151823393391 0.5850318263111762 0.5780291181050958 0.5746929387545802 0.5600111651475849 0.513287155686104 0.4948032715270827 0.45754038855177515 0.46078424119363987 0.46840559647225616 0.4342173784868256 0.48812215739267845 0.5184992819606269 0.5443820891168438 0.5060041336671444 0.5621388699083457 0.5586649862771641 0.6025314733180047 0.6050750357277377 0.6001712333950553 0.6086334175202213 0.612898012241766 0.6124538337242126 0.612249814511733 0.6280208963267973 0.6572674851527635 0.639739889609211 0.6313049151464388 0.6078801645512023 0.5756164966285793 0.6003939527500043 0.5820097778111858 0.5281848139779605 0.5091720991007951 0.44508721627195835 0.3744941115359839 0.35204388617994786 0.34149562587290283
0.5198528522395126 0.5497152335283028 0.5796738585724267 0.5744506478713053 0.5667039760674794 0.587762617164933 0.575186491004343 0.5974503578773761 0.5877634982172788 0.5747174943319252 0.5782275520694223 0.5195336698276638 0.5251852550694869 0.4711584628690389 0.4850171622944421 0.4615494035162916 0.5014272863394343 0.5068156697110944 0.526937919459776 0.5562222452891812 0.5734360107368864 0.6143272141234778 0.6084043570083135 0.6388581886199106 0.6483792035061299 0.6122977636241532 0.6094589926150142 0.5978500813417637 0.6186341081557233 0.6143453703760464 0.6391757987050378 0.646508689948044 0.5853761282727505 0.5577483748789012 0.558995560215712 0.5675453519366745 0.5503549997227714 0.5343413301966249 0.5127179322390929 0.4465519185088842 0.4063793568832368 0.3361186682657706 0.3127358498122705
0.477202644238838 0.5272766584958081 0.6125029887456584 0.6218600130892509 0.6089103280360435 0.5557739571475157 0.6080033339524942 0.6101285718336154 0.6090221758556116 0.5840948089923431 0.5808421374702252 0.5785483431393584 0.5372868343683171 0.5125840793314514 0.4806448987560948 0.49447686420142734 0.5227782384021668 0.5548078135338399 0.5401319764328528 0.5944109333325944 0.6220937300232999 0.6566599073852728 0.6821804008534873 0.7137611907922846 0.6630414567891547 0.6681221964769498 0.606533929230619 0.6109020780970894 0.647758473681792 0.6271746113168544 0.6165265397179471 0.6413148359741694 0.5681662634668555 0.5484792108844765 0.541971984112883 0.5839785087484183 0.5624601400548072 0.5577081324018444 0.5208068964450236 0.4911560448853675 0.41295580643694607 0.33772052491358145 0.2967407626575962
