Raster_benchmarking/DGGS/continuous/raster-357.asc
NCOLS 100
NROWS 100
XLLCORNER 1743154.719143277
YLLCORNER 5469294.228421528
CELLSIZE 10
NODATA_VALUE -9999
[rows 19 to 37 of 100, columns 43 to 85 of 100]
0.6080255049493867 0.59338041055329 0.6030359673014131 0.6014291067695167 0.5967079690503697 0.5852984514406575 0.5723575781698907 0.575760673450663 0.6074395652053941 0.5720350106694617 0.5940626231087782 0.5490210637596188 0.5687457816513656 0.5202234606869194 0.5175295227911617 0.5063337422379208 0.5088367701973746 0.5003704280928651 0.4788110147410243 0.43392139556806025 0.4424275858990352 0.48694740109806167 0.5107346796048184 0.5121714301779895 0.5248714669014315 0.48257049278267167 0.47746271895319 0.450304558276798 0.446514403777948 0.41232690961386825 0.44178795286901285 0.39803582141677635 0.3933329602376761 0.33378691474109096 0.29315653202102554 0.3113504894387896 0.31031456179672934 0.3019418016406412 0.26636466535154213 0.2617943070735776 0.3017650102413158 0.28842798172503564 0.26129895134837483
0.6434540124699419 0.58954674405272 0.5521500057970321 0.5639627228324678 0.5357280362733138 0.5568823036296591 0.5729330520816185 0.5718946544621013 0.5831714453868208 0.5759348042751539 0.5469213125023418 0.5340241336985472 0.5531600795221858 0.5480309568444165 0.5321808570384079 0.5163992704480582 0.47189199431278267 0.46495208740012794 0.44503092989651694 0.44769399550225003 0.45824983827245375 0.48093646267779944 0.5071433861358868 0.4925410878884128 0.5167367432700389 0.5050284712850172 0.4960927461595783 0.46654347338566865 0.4354724944448 0.4268433549711783 0.4408063725441827 0.3921151214109349 0.3822319445895814 0.3493410757264376 0.32225069146260243 0.3055458816316289 0.32631058783042155 0.28865592836606585 0.261452515246725 0.2708592940775161 0.30659644741488035 0.287904641882954 0.2547526152635472
0.63250879696923 0.5763577022714023 0.5284957113401548 0.5496781442868895 0.5160239749251169 0.5108106126660764 0.5102000902237336 0.5348981557248681 0.5545438794055683 0.5595274836015939 0.5310232972915669 0.5361529627470626 0.5324492749865841 0.516205200225988 0.5146497029091927 0.4711485918382609 0.44371574363126537 0.4668809647760317 0.4629873951869706 0.42786050878616294 0.4435432981465532 0.4764757456427209 0.47895094106540803 0.5060354850215859 0.502059673351776 0.49089821105760234 0.46667836901479565 0.45614928007030164 0.419789988399977 0.45212966677438826 0.4404267676528589 0.40762912819779135 0.3718320180219883 0.36348320946200385 0.369775935893081 0.31821247110125195 0.3052054157541807 0.29876594672660656 0.29264574796957055 0.2752595996725385 0.2906526393186974 0.29007051049796423 0.26797015171655253
0.5731831618494131 0.5313633628147175 0.5166052418312032 0.5213589556985032 0.49281064886390985 0.4821579985975943 0.4704761923482849 0.4899351783374784 0.5156237941100227 0.5296081707477537 0.515260438906085 0.5277283504253445 0.5035843545618757 0.49058808930658343 0.4837130870692275 0.4867077460520367 0.4815574304756631 0.45039663197180607 0.43841439059025694 0.43377980776690095 0.43423132217223076 0.45602192569478284 0.4378078474279818 0.45855494610321273 0.463636437037941 0.47093599075355386 0.4560205007580072 0.4403549675439881 0.465532050370201 0.44487857093206057 0.40510281471327136 0.38832561706536733 0.38046074354309345 0.36798238190280363 0.3471154372036122 0.341244054704228 0.3310802173061708 0.3060765448625109 0.3205001471805967 0.33003674655114623 0.3228490480640894 0.2846218450922956 0.2628756102396448
0.5442572719189993 0.5065242554506256 0.48465123942826527 0.4929077603210173 0.4828655911502038 0.4710241325470914 0.4570234946266912 0.47367233679476384 0.45574389828987905 0.48407676178028775 0.505765625184658 0.48914811483279413 0.47239844764527344 0.44232298464266545 0.4373149498451684 0.47272776064631167 0.466573645983666 0.4856632302549949 0.4616115348693175 0.4657311777915521 0.4272087694479472 0.4419840979472915 0.42455178487502415 0.42807349862721095 0.4754729015465549 0.4755406408665608 0.49332030261674087 0.4872581954953231 0.47065831479133796 0.4520159652482458 0.3897631909731756 0.408071242840995 0.41608091530795105 0.36783312650841504 0.3624212475015491 0.33138016298193823 0.34144277598790396 0.339930584849831 0.3156473880623565 0.3362936557719861 0.33814373797922187 0.2810024581421977 0.2812705965043926
0.5292320547781354 0.5383187721613515 0.5053897490807732 0.4939287459094852 0.4874098589097343 0.47760764673088346 0.45227072266130813 0.4363987486191173 0.41517069803678885 0.4203063593530277 0.4236994738049928 0.46335074689784916 0.4312626658354615 0.4562247214672975 0.4489331395402107 0.46839360455526496 0.47265389021278087 0.47015029784841617 0.48912335964607345 0.4732342355693836 0.42984172353852595 0.4410726582214421 0.41263983195802173 0.4361505784326248 0.48439534768367903 0.47083312787426085 0.46404829820833593 0.48360755498189206 0.47812950139499233 0.45821532592967235 0.4245963859345322 0.41446206465885155 0.42542960391538126 0.4033761161001066 0.3630057697197382 0.34402868086533994 0.34633226707886683 0.33066420602301644 0.335615884535895 0.32679596346893597 0.3253251697214803 0.2809237158132664 0.29149577371737123
0.5564413103748522 0.5209415641168386 0.504769795833303 0.5000211485514621 0.4542347188830004 0.4706444488848941 0.4376412355467481 0.4329119564106835 0.4113413117617114 0.40289695240871 0.37286086377471406 0.3939606744993379 0.41099121368443536 0.4184331955585122 0.4496807762213875 0.4766906165636997 0.47238157050910146 0.47514007664571795 0.49165239752017564 0.4443316849618259 0.4594175114653325 0.43265059658743876 0.4406657530018559 0.45705632952072167 0.4725647549535991 0.47076249348813365 0.48658589416346393 0.49220476851696227 0.5007100012706638 0.47728501335748774 0.4340356494867149 0.43156306535267364 0.42906380690351126 0.379472548159285 0.3542011691615109 0.3462687907457843 0.31485039670129056 0.2914753705450811 0.29237610139861486 0.28902968470253304 0.3126879107393758 0.2948209352467574 0.2640028532003128
0.511067454642546 0.48385750631733804 0.4540795112615875 0.4650800740268027 0.4624993277396339 0.42426361070382995 0.4314489429895081 0.411178424529038 0.3880307894474127 0.3795890976267475 0.3256152332548261 0.35612417658785983 0.4152374462240399 0.40489548954672155 0.44942565555051045 0.43797901597261 0.4514421573765208 0.4771780737664596 0.45606653159880295 0.43880211166023686 0.4418451098921574 0.43823835622650853 0.46455746005232396 0.47419954089193717 0.47513789646441845 0.4877395056059256 0.4912681984100301 0.47830146697401976 0.4601617287521265 0.4447872707254687 0.4551543499019422 0.4405126179433565 0.4120682711560865 0.3785656723592329 0.3350427943146833 0.3187518395537966 0.29941664804783813 0.2684631324989815 0.2989811051906969 0.2996020708544929 0.2966413668113926 0.2912902222394998 0.2652855556230341
0.49762746390084334 0.46364144106502725 0.4558538267326569 0.44136574817563484 0.4440479224037561 0.4483473699252332 0.4506390662451178 0.4191373974342581 0.3989685086061877 0.3609258186505192 0.281504155026613 0.3435266308667931 0.3924367926041176 0.37976404564913546 0.4111678282796367 0.4164498497589605 0.44841939390677826 0.4519725886603351 0.4306571539698144 0.4348061906015595 0.43619432893455373 0.4279719823937757 0.46995607566132425 0.49028774875795855 0.4955499188165118 0.500619829791359 0.4944766316590201 0.49241475068048246 0.45543238043280715 0.460004154494211 0.46884898700052674 0.4693524573084726 0.41632006112677633 0.37345290490169275 0.3627394053056773 0.29848027597978666 0.2659202824305248 0.2846462412828753 0.2571659403483486 0.2939613511830808 0.3003551559525045 0.28960641422717914 0.26396390537597314
0.5066065897941079 0.46303687558281176 0.448090566990157 0.44869523697473496 0.4517009964727765 0.44853525607649025 0.46546331109919986 0.43693800062067495 0.4059495280936914 0.37420751893947496 0.33093326481285684 0.33327639003787857 0.363208464188594 0.4050461861180896 0.437631155412463 0.4422439354906194 0.4358255403111061 0.4320180511554542 0.40809673769451654 0.4373014521895688 0.4272445090389212 0.45797561284458754 0.4513976408036256 0.45499428223298993 0.4619768743290974 0.5069556807991688 0.4785959866881334 0.4878057267325633 0.48972271009371854 0.46947718107505976 0.4835156307947526 0.45942025425433825 0.4151310196952376 0.38752998531360966 0.35499154608936345 0.2969320724618584 0.28821058866280375 0.2845690105704158 0.24954972063442718 0.2572333751551542 0.25331476124116886 0.2516973028775931 0.2562099384696765
0.47847080526936836 0.47280474507268216 0.4937756527531215 0.48469691424281014 0.45107640771734797 0.4260113119798324 0.44834580252584305 0.4127296154571788 0.3966977072051289 0.3806121416512357 0.36466162805975466 0.3427310296946817 0.35381795706328956 0.3975746687609991 0.4099534289895005 0.42137804374651233 0.4236114579485493 0.43063022691753056 0.42156281779580573 0.41381846164742847 0.43183322123475065 0.4480196465673529 0.472469211644543 0.4662049772608282 0.46423028456356813 0.4933604374370953 0.48992678432196796 0.4818013308491949 0.4499863939960544 0.470265572715406 0.48131339597952316 0.4613301718444765 0.39762589922425967 0.3582570041393108 0.3423447100473954 0.3175755479643323 0.2886163295192804 0.2629551271942876 0.27256780373732453 0.25658761733921126 0.2492531110257156 0.23300315968370688 0.2774680990598922
0.4718353107898522 0.4668318772076482 0.45206494156910526 0.4611317514931306 0.4512244049874244 0.4355349537880275 0.44789865950144747 0.46563903027976367 0.43190934131187964 0.3743469569582093 0.3655044201566758 0.33936865440899106 0.37159619563859914 0.37894968660469125 0.3910656232305923 0.400534783566958 0.39932347023964077 0.40461924643735475 0.39529902942852063 0.4088058907679865 0.43465337202064347 0.4891661980125511 0.4833373730672786 0.4864997639146315 0.4773292024170237 0.4960558374145057 0.4889108662170429 0.4450062974819825 0.44322324678838065 0.4373815881437773 0.45888088333492627 0.4262641374134263 0.426914205313023 0.38554601542304384 0.34473345299552854 0.30190109557212885 0.29883443896995576 0.2753437783281845 0.2511236237626249 0.24550121605172762 0.23693194948025978 0.23921426368497029 0.23735207005388922
0.4366296366730222 0.4522408363402037 0.4579379222441743 0.440475957681933 0.4311144112565229 0.44357089816237383 0.4943240264249588 0.4740168985713854 0.46051641680126654 0.40223500412320357 0.35514503552401977 0.34071148469914453 0.3664176024706727 0.35994385397449513 0.3456745565627837 0.3842965051185782 0.3697915406092883 0.3666757286390135 0.3714455700375682 0.43526726913347286 0.4629325992719069 0.4816536458344102 0.4932050388136248 0.5036046237481039 0.5182958734444245 0.49443354400609824 0.45994673922857315 0.4428909120975493 0.4203278030830613 0.4198392962385601 0.4765931384043604 0.47318021569083707 0.44380460983575826 0.39401147955861543 0.3433706583905231 0.34902306349897483 0.3296896289985099 0.26310757086548503 0.2452696999566241 0.2524566995820503 0.27086729477952376 0.22603304120838236 0.21948038860080113
0.4376862703043363 0.4646488693480816 0.4496819879730537 0.4560346620190979 0.4404399187541996 0.452617275388075 0.4709357777160081 0.4648566096408123 0.4432369519826367 0.45177737569751375 0.4055137237673084 0.38317150692402435 0.3971538614017485 0.4105603842857593 0.41870291195588005 0.41001617844372046 0.4219638690648466 0.38638533571653194 0.405709389116465 0.41747670686308463 0.4558028244730106 0.44627090057045143 0.46004341661628534 0.486118280543936 0.4787989588315175 0.49802187018048816 0.49691423202416873 0.4702449328139182 0.46319337539730165 0.4286755529678766 0.45072485670740353 0.45100742805252153 0.419534341660758 0.4037262895943517 0.36559722782873133 0.36031164095659857 0.30068955293433103 0.2966041936000271 0.23834641224269362 0.23947437479758774 0.2364485633998182 0.2310471482523646 0.2147417371964493
0.4681678719145654 0.4832282870164082 0.4834141842248013 0.498135909643717 0.4794818161016803 0.45347394429886323 0.47028280908502845 0.49908796197825767 0.47540506086475276 0.46533087308940974 0.4307019023184014 0.41022663251979463 0.44125618658142796 0.4524816734196478 0.41261566158666435 0.3988864911370448 0.42963095956468184 0.41723802912266456 0.37974205309753434 0.40474527717867836 0.4051204984442287 0.42661008270336237 0.450635419103661 0.46076570363084307 0.4933498941812525 0.4920180152413482 0.49602036886195466 0.4485259220046019 0.44432621467342265 0.426340425305568 0.43549647850833945 0.4282704084677225 0.4563204959181897 0.4066287947016292 0.4060615031466351 0.35884845998911974 0.3000203269000518 0.299811442812631 0.25002373833480573 0.22371375827433168 0.2125125770314993 0.18589051770911635 0.16886798021729366
0.4573533552237489 0.464650325969436 0.4693597910971719 0.4886015656816406 0.4927029059908928 0.5012628155526266 0.5297644214515949 0.49639939211172246 0.49490859191938935 0.46081487142574046 0.4855389794973586 0.4815880774526925 0.4797965209234482 0.4613252421797481 0.4208212914451957 0.4176683435949611 0.4210075105884108 0.4389385816091748 0.4073100013993252 0.40441657044569307 0.4010113920016115 0.41418896877399725 0.4473887810688603 0.4383396978907931 0.4532597168370627 0.48333353504117227 0.504944459511251 0.48023731648652446 0.4641861965754735 0.44298476359660127 0.4788056663748888 0.4568166783039057 0.4721052774082797 0.44006023137176525 0.39128972967017794 0.37790310077298284 0.29867625850558693 0.27037139067264176 0.2767347990307228 0.2612959518018623 0.209617097812658 0.20016449443039888 0.18040585941932324
0.48919975144024697 0.4779750115219027 0.470766027367208 0.5165587585377884 0.5471050443071825 0.5408385326003472 0.561435105440793 0.5463461229432058 0.5224374744621854 0.5016659315244855 0.5100440801944274 0.47723320745492565 0.4703753211580473 0.4486777467547938 0.4359070397098496 0.41423584395093127 0.436084155114395 0.451383146013725 0.4164315983045186 0.45609002755563827 0.4536160377589143 0.4444814505450676 0.4171818316523671 0.43979138668350615 0.4557554734426317 0.4539648808275107 0.4889979571393016 0.4629841386471414 0.44366345601149726 0.48369527598971895 0.5004980031766747 0.4590901883125469 0.4638378706036263 0.41771225619561403 0.3997453402670618 0.3512324119752633 0.32775360067060516 0.30473409460616047 0.26554118409230026 0.2643184420072621 0.23358948344029118 0.20888546911426675 0.19783678996356974
0.5207869652772438 0.5125554183615669 0.5096360766703655 0.5310463615148193 0.5615865182646143 0.542806199277915 0.5610042234682501 0.5373272843530509 0.565103200186574 0.5273198332077005 0.5190331511907371 0.49672169156820417 0.4929529710520065 0.448531264447532 0.4697893332271945 0.4322526113600503 0.42550768818999957 0.42823970609860385 0.4371336308600974 0.4536164196109666 0.46881407084819543 0.4619972347769577 0.4603436495131435 0.46516794770801834 0.44617455671207246 0.4842619814819728 0.4579113391180526 0.47330522322685936 0.4733120782343944 0.46796754577475536 0.4616701450195799 0.4656006778687419 0.4263733756485844 0.41442285832105547 0.42626811721901564 0.3789731486974599 0.3295719710852625 0.32614906415817196 0.2997322234430381 0.2656975204211705 0.2750525595122669 0.24686040967314518 0.2342623689698013
0.5585279589450386 0.5361813802353004 0.4960639169382812 0.5496178371146615 0.532011384739521 0.5435960892795692 0.5807925933829895 0.5483544656552373 0.5798278676596879 0.552817906613802 0.5315104486958842 0.49350922200507 0.49655854653626585 0.46157173738595625 0.47394002022410975 0.4700938935063188 0.41623175776354 0.40677435282466257 0.42022827418168335 0.42330378408494934 0.4438670631828746 0.4292400160769533 0.47340465867813647 0.4811175744714091 0.4692211659883882 0.48370783933540723 0.4616038341061583 0.48833846738851916 0.45761171053091426 0.4687219658513224 0.4829159753760342 0.4638212042960135 0.42394134669489597 0.4154538861191967 0.4164760852336053 0.34572628888813983 0.3163402896711021 0.30965573738764174 0.301707461041951 0.2662254599011933 0.2821393320788617 0.24624185589438963 0.20447581310013466
