Raster_benchmarking/DGGS/continuous/raster-464.asc
NCOLS 100
NROWS 100
XLLCORNER 1743151.822352794
YLLCORNER 5469287.048969172
CELLSIZE 10
NODATA_VALUE -9999
[rows 76 to 94 of 100, columns 0 to 42 of 100]
0.5072026431842744 0.5390516491803283 0.5355441445429263 0.5234486006385032 0.5123266742555219 0.47632897514275724 0.5015721424409331 0.5013332590759836 0.4832585286706182 0.46874301043605 0.4558329833639861 0.43199616862523466 0.4433121266243353 0.4613323418160045 0.4452130711673313 0.475517947373083 0.4769266802939273 0.5204447824332322 0.500978366266495 0.5486142424374628 0.5307407371241807 0.48705181255164065 0.44730664329669173 0.4594820054221943 0.42632936748149175 0.4559535875179357 0.475958145324112 0.42913826175002023 0.45772168373087496 0.5341840314551538 0.5273170029261279 0.5052146037482456 0.48247983317983956 0.4647085965467065 0.4502365004968473 0.47286191747906964 0.43117669678077675 0.4485086257272874 0.4611846521426809 0.4619026259001279 0.4883189945837671 0.5049206363398425 0.46557667958542376
0.5108856767895606 0.5329874002258411 0.5286206431482582 0.4885074137832512 0.5144205600585724 0.5028746490998285 0.487478159100683 0.4542521320031256 0.46309267211052474 0.45056005060580245 0.4564825346548563 0.447557583918161 0.4467087628217668 0.48301663522230087 0.48106003920471985 0.4664174664789917 0.4814002721635169 0.49267429462445717 0.5081190818865834 0.5700498287411128 0.5617716493992637 0.5324578672867606 0.4801156386874309 0.44060026035354194 0.4556312727287028 0.47161438324966853 0.4754787594778944 0.4624407725509042 0.47484680071024615 0.5075740211103126 0.5141000837532924 0.4862984397024174 0.48013344039037614 0.44873365251120095 0.4339487832002486 0.44499924590040374 0.4894952437023311 0.48011039184114257 0.5003835407670636 0.4698164845581234 0.47011829013060663 0.4838952714625115 0.47828179109967156
0.518449917959471 0.4526421572545449 0.474485143903691 0.4894164278796837 0.5151312387021704 0.4906471445686433 0.4827845780443259 0.4596740223089496 0.49165454345394355 0.46709507054089083 0.48678865663007836 0.5030682845790132 0.4563751134631175 0.4810788412643355 0.4552233890538538 0.49565822839017754 0.49884269151086824 0.5148668467613592 0.5279979630525121 0.5459905741459974 0.5211154267290152 0.5524345142351975 0.4690694700981985 0.4360462809267049 0.4604957428653626 0.4436887857040532 0.44480415136111723 0.50830412351964 0.4793896139996265 0.5444273301291217 0.5296897031239418 0.500526725660781 0.43442482306975594 0.3968112207562638 0.43021916572384067 0.4611926804504582 0.47052905220762653 0.49414137882557513 0.5069330061668597 0.482047161144491 0.4877364353038605 0.5002726427871693 0.48893120615889163
0.5242961728635499 0.4843446835459748 0.5219259155786033 0.5213253897012051 0.48213699902110857 0.4655633924671336 0.4817222425972526 0.455074600348729 0.4672562848236711 0.4545409129223262 0.5000598529053079 0.49745789886513053 0.4781925058732556 0.47923613687029726 0.4653658595283727 0.4873130463293572 0.5021290165549518 0.5078097227932064 0.49778525567965365 0.5048844658848134 0.4922486650926715 0.4911881891401979 0.49781888085569903 0.47859119857146915 0.4795109945325409 0.4610985326500576 0.4500367146490101 0.48245584742879066 0.4919546201131367 0.5439267665447988 0.5079266499193541 0.5107941935781739 0.4553309248458577 0.4527770576365399 0.43472254917010783 0.42896686842596576 0.4491145161912449 0.4808159768631905 0.5074217170032306 0.4866663283642767 0.5180773002705239 0.5000246958609396 0.4827037553992097
0.561220528407394 0.5343611248407838 0.5381929400085097 0.5241726453225249 0.49502411524718526 0.4731452035041714 0.46729256376602335 0.47103100042975876 0.47357065783827657 0.4737929549834776 0.48528712144410846 0.48014584506287605 0.4662608719025565 0.5007464697368643 0.47234895748325934 0.4379686788623898 0.4552039184889456 0.47175788768850035 0.5100558842454107 0.48966734614385493 0.4946839663664194 0.46854022812971985 0.4602245905942663 0.480192123042817 0.4802249512175569 0.4471599907928307 0.4560394476473192 0.5059573606332006 0.4980566491282899 0.5220635523157091 0.5264415310210379 0.49645838082141697 0.454119085902805 0.42079577676846086 0.4171090326762122 0.42698399803487036 0.4580767548280101 0.5015327264320066 0.481163624748877 0.5185893841658809 0.4824976707521694 0.4794462432157739 0.43280928674904273
0.5288638216900919 0.5362108668386159 0.4903956925089111 0.4994109116905669 0.5077767206044936 0.5085565955981007 0.53751821060187 0.4801763282017218 0.4615441880166964 0.44409522145259045 0.4871437472810556 0.4590298618769529 0.45704997143354814 0.4921509121017122 0.49902451537599624 0.4855133617909372 0.4852716115295255 0.48596811653589383 0.4659788489570462 0.45744373042292213 0.4666527764317561 0.46092631493575353 0.46594289038934333 0.4306990989061808 0.4611798489429955 0.4458152235822455 0.49907613711573795 0.49863311555987044 0.5128593589983887 0.5088535369330318 0.4875782793008988 0.4685251678973086 0.4674889499503375 0.4356982866997338 0.44358813703064925 0.45303703701449466 0.4938992871846273 0.5007956321496205 0.47493274225444443 0.47801475658928455 0.4569864780230589 0.47215672102417083 0.4214150005748681
0.5159245114051185 0.5128855730555029 0.5172375412045898 0.4949205915297015 0.5208038591762101 0.5627304261341333 0.5260258980556896 0.5351498135594724 0.5231545192486164 0.4698454407960825 0.4595858260534348 0.4562276570487502 0.44161169637742465 0.46535624988976926 0.4955475684825184 0.48315943945137824 0.4782253710372693 0.47291864030713726 0.4305891299886978 0.4141876609629108 0.44321759192742544 0.40943951740469375 0.43151164947219417 0.4262139555864888 0.4482791990262562 0.4641753448575613 0.45948102615554115 0.4759202197610218 0.5034305610035629 0.5061738853626645 0.5219561868928252 0.5236402608311362 0.49970035286464237 0.4654451942404638 0.46676317286223157 0.46224473437794644 0.4637526863452971 0.5111705821424609 0.47523554881936 0.46035274652714714 0.4322746615728449 0.4251106175062336 0.4227910382809052
0.5238670490485641 0.5121225590775349 0.4936601331927762 0.5133440535223969 0.5473339348806044 0.584667456897144 0.5477251280107723 0.548316086615153 0.5145985619226587 0.5122574195478355 0.5155298592928945 0.49376686169386574 0.47895296475369187 0.5194556891185464 0.5049157267159206 0.5245269342353716 0.5124150551909552 0.4785472718393882 0.4347402136659251 0.4443270491212238 0.4060065415061899 0.42121439070626987 0.40096747090650187 0.41557421719570137 0.4602445823297614 0.4831002141867059 0.47437348059431844 0.4947158993876495 0.4812668356921634 0.5109128023457258 0.5060821494345755 0.45844360573421583 0.46417979627332945 0.46429265579103374 0.4519870454331506 0.4449729609883586 0.44861806630813433 0.450278046078247 0.4521530278040747 0.45938875473348645 0.4210651266351032 0.394885961439573 0.3742985436972213
0.5159171665424092 0.5163038324868783 0.48935979399266305 0.49832505490106965 0.5148081208932912 0.5754679101869965 0.5703130392879672 0.50122539561496 0.5113889534649619 0.5467058553286908 0.5550573904122815 0.5102490188227844 0.49707388893758436 0.5326508603858657 0.5131445109189322 0.48666446459366186 0.5127206933208107 0.5140896400950288 0.4537594339226518 0.44526043707056534 0.41076391538585044 0.42033749255174935 0.4142183047972723 0.41423778180861043 0.42055126225524614 0.44624881776978903 0.45834394326529176 0.43157085122427286 0.4325804114606446 0.4503516361961503 0.4476895328471122 0.4314557027609782 0.39781150757775546 0.38965344736136875 0.3867641601577127 0.4421285825519039 0.4645570185298298 0.4946837346697202 0.4634888018150002 0.40876799518654744 0.3656903319332553 0.38015963378926404 0.34840577922987975
0.502374922370688 0.4938862560213116 0.5042135096474097 0.5314767708403658 0.5236453665322739 0.5599286657313269 0.5427596642595218 0.5251291150072888 0.5131567219383667 0.5054834056279114 0.5350729130380921 0.5152078195698284 0.49573968359048376 0.49371258753608244 0.4946439153691634 0.48563164881426074 0.5192520751123477 0.49813690885445794 0.5006233035660216 0.48081093885896214 0.4269593221973859 0.39729203112374695 0.4024964289270358 0.4413662428781402 0.4409399958580017 0.43652226734620675 0.42311731463130237 0.4310745208833561 0.41159164042882673 0.4393550386533637 0.4150866763014774 0.4186646655173763 0.3844564818473016 0.37782095132697335 0.3708488088212366 0.43294111136474345 0.4477865878148867 0.4260268794775824 0.44313341570884685 0.39114515972181463 0.3488481280058263 0.35792851171626666 0.35537343506183255
0.4818211691101476 0.47205966200429317 0.4996674112210663 0.5195989723269901 0.5830940138275272 0.6178234739242373 0.56302101296337 0.5239482559143278 0.505421984710872 0.5397561529963351 0.49321836696492366 0.5165677835040446 0.5011058057878942 0.4983216177820783 0.4798274968034621 0.5352353157806135 0.4878754421291609 0.521425788902194 0.4988863087622408 0.4436488870765762 0.3747583736710044 0.3519288646207725 0.3685566377584744 0.4366248127097568 0.4543049999006194 0.4780736091630668 0.4029737876322131 0.40180123686589647 0.4380122973622992 0.40606776217768475 0.43450954416813137 0.4431634269727287 0.4191116376487876 0.3720426024505756 0.37571956841192544 0.38926121445218076 0.38276807116457046 0.42161670012380903 0.38006606631630324 0.3422919639879779 0.3770470795550092 0.36387946257487724 0.32638697646150017
0.5021050430483838 0.4767100398107762 0.47221462008739046 0.5013726264947931 0.5547583956861472 0.5781715548537062 0.5328636985407204 0.522792945008656 0.5099120847447826 0.5001333344686941 0.48938870418389874 0.46418694350843503 0.48304334289278816 0.4566383583056286 0.46962634095288547 0.48169824835758884 0.4784980586866785 0.49372722436417343 0.49716613319528086 0.4230042901610147 0.3932060665158498 0.3752973720231713 0.3864288962767737 0.4353784436931642 0.4283577187359677 0.4185607231813106 0.38867505623462767 0.4330007328685439 0.44709821922213017 0.45767336789015833 0.42953182216982055 0.44341174249728305 0.40183290341676614 0.4186722243423896 0.40052463393867277 0.39507820893037776 0.36935016763670964 0.40119783710393897 0.3529428285357715 0.31955194869191883 0.33772693840799395 0.3331138506635755 0.36416662006720885
0.4979746246339402 0.4841872509809259 0.49390069647739687 0.49865470279459323 0.514589183042432 0.5404995884265209 0.5648549948094174 0.5277811934827001 0.49066698983917933 0.5073694761674373 0.498781062442822 0.43582606137935903 0.4423049196754932 0.4451724458320097 0.43453630233044027 0.49759626664310797 0.46672454105784156 0.4713699671525715 0.4383638165389446 0.44389416732847037 0.4142675961505124 0.38860256168274027 0.3974214703038888 0.38022156708950416 0.39865039441742656 0.3718800558028788 0.364870900719943 0.4150168261268925 0.42850558554697965 0.4544809014971928 0.44061845831921936 0.3838366495977657 0.40332502369530965 0.3895948480174246 0.39131001425258455 0.3557488468976882 0.37728098785177366 0.35762918450962533 0.34220805805901366 0.33440543477168416 0.3166461755638389 0.34344600387699975 0.29791359163325
0.5208999572556061 0.5097366058347828 0.5173551896055979 0.5562277552542086 0.5721383524790926 0.5862468104228884 0.5648257424138147 0.5343654275261082 0.4856304376596642 0.4605086313386708 0.4549786882471854 0.41758239676882153 0.39172131932611925 0.39458936266607636 0.43816810649105997 0.4600804102071597 0.47133253283110976 0.46133291822996275 0.40733114243594376 0.39512011190664037 0.3623802702689676 0.35492515778301104 0.38754881994180385 0.35394785509148696 0.3802986192733081 0.3831511790182567 0.3783811238822701 0.4325163469982163 0.4376444537675509 0.40296641800870286 0.403996952642963 0.3775705432521886 0.3841813874402255 0.3509716489371854 0.36367361530004827 0.3512471452613483 0.32682364459913416 0.31093057825299825 0.31433093180669547 0.2850136738774214 0.2502237534084598 0.24980782394388576 0.24327444676732213
0.5395128222027913 0.5082347801465028 0.5117176640975325 0.5707286676323263 0.5769705122941567 0.5747636338737294 0.5394591630884312 0.5140740765365193 0.47232143527052034 0.42922329131799547 0.40580408892905284 0.3843781451354391 0.37221568171536334 0.3830948672215918 0.4132755563061784 0.4232326536268541 0.40908191607433786 0.4378775744039844 0.39320631905791076 0.3802884527793362 0.3616039456258894 0.33396822649067315 0.35472205573855103 0.37286429457213527 0.37692987994004934 0.3679403468645763 0.37783595429323646 0.4199753360522126 0.3863238659468527 0.41753684589699835 0.4013906020398412 0.3371361284877783 0.3344990826556512 0.332922486837818 0.35035521799814523 0.36774535325770347 0.35050784188478745 0.30275538790313516 0.2658587285389635 0.24321685652115158 0.20302185509332255 0.18549068744602284 0.20077775323586036
0.5570672381468358 0.5501670495852196 0.5603541039954959 0.5535429391974571 0.5430378210730982 0.5833598959990054 0.5367015273967243 0.5126163342093175 0.48313166499591875 0.4565546684412698 0.45108808915327314 0.43800519480903394 0.39097353697085113 0.3880828608643742 0.3627001126173816 0.40640904467243794 0.40125985502956635 0.4061553066245739 0.3781824423443815 0.3477576753143397 0.32348041862061433 0.3243600083110052 0.30788966925381034 0.36107479090488126 0.3726679679234926 0.34674840113836963 0.36279299627859296 0.33472436108262116 0.3478416295896538 0.36353537647093614 0.3724296766972209 0.3344899845347769 0.32904418885509173 0.34820022913390136 0.3414000962162963 0.34442948755571834 0.3024037572523796 0.2500716705690552 0.23975990086403384 0.2163337711683356 0.21022447909390204 0.1907122251119665 0.1862607498958241
0.5616485870291902 0.5769923309098579 0.5501302157217723 0.5482936313010649 0.5595749399418731 0.5707677956999098 0.4964574209369995 0.4915218024986583 0.5046545930623563 0.4831533209578925 0.4525645785899414 0.41836992848165316 0.40527935344104055 0.356600593341659 0.35019176023749715 0.3847864217514147 0.3761249013211239 0.4067163995075191 0.36529903204553266 0.31390065348201396 0.28561082287057493 0.2968725949416503 0.30519902222386575 0.3104031605515186 0.3254364587092015 0.34978616459668793 0.3138449833126666 0.3022078881567887 0.3367561977584563 0.35668811890715685 0.3787654763155731 0.3626435289457997 0.3306878372768065 0.32421808764525906 0.2912291337124679 0.2976791020903467 0.2589586797322689 0.2447736293449509 0.2253636165176618 0.185732112073111 0.18626339472622172 0.14149638826947442 0.1675596214161825
0.5832273517185627 0.5993734272478124 0.5638863044484128 0.5639899097790145 0.5419898137561759 0.49994045871816206 0.4931844145743626 0.4938732804506842 0.46322829217438594 0.4468440849155036 0.4659573329608721 0.4408784069436875 0.4085796836159442 0.3704634315070694 0.3991123643705544 0.36044734315498905 0.37052816418070716 0.3587026133791972 0.3369417125294463 0.30537214917905126 0.3251331404752289 0.305365773408696 0.3059690712210346 0.2937817818297974 0.27962638073164275 0.30763533034313617 0.29118528651108516 0.3039604419737284 0.31050468613933824 0.2998908834155329 0.3416037820210938 0.35970077550293916 0.3031724451889212 0.27630968583095195 0.2663180660758395 0.26437911276244125 0.2342134601875279 0.2368612077073576 0.17886925930389905 0.17016679300694845 0.19073452048183198 0.18242023508751687 0.12916727901854586
0.56142728641608 0.5695879855721769 0.5306822164613593 0.5274662301197894 0.5259289078653375 0.480529237379225 0.44681625417483467 0.42115020955641136 0.44284637758238576 0.421613029751266 0.41833577144238826 0.4427665515135352 0.38448268472136404 0.40010487230390246 0.37266904932169154 0.3869364803690259 0.33148979452717553 0.3206094348198439 0.3014119542779258 0.3232808355836878 0.3456625073073629 0.31896668927166816 0.28653470514418306 0.23711171922817778 0.25006750717264664 0.23252649636898678 0.25151974058673776 0.2516579793439077 0.2954445411610628 0.26511725248587936 0.2823094270435749 0.32485247751552615 0.3137502504066387 0.310922404246912 0.28748443659495365 0.23945373674791284 0.21673336291923712 0.1979218411057517 0.16182626368587602 0.19399147206176912 0.18611669063485556 0.15386901893679078 0.12685961229314816
