Raster_benchmarking/DGGS/continuous/raster-389.asc
NCOLS 100
NROWS 100
XLLCORNER 1743154.533498776
YLLCORNER 5469296.916662222
CELLSIZE 10
NODATA_VALUE -9999
[rows 76 to 94 of 100, columns 0 to 42 of 100]
0.5663633708328438 0.5394373742587657 0.4863923560757678 0.5172358656703999 0.504115046296539 0.501490380553881 0.4722371970161506 0.45792637091338245 0.4488387599162257 0.4472281729988847 0.45332833617945545 0.39550304493531 0.421852758875565 0.3880640742610073 0.39508051078520656 0.4690474654261395 0.4554620596050992 0.42486396024244927 0.4429197815645076 0.4169581766442657 0.42774572086690127 0.46513733094085497 0.4572590362169903 0.4500779873476751 0.4486446978592918 0.39353287253983055 0.4511820662193254 0.4575327317684548 0.47511290160424957 0.5181251257863494 0.507086603353824 0.5806523623811654 0.5895466692433801 0.570882470647915 0.5547369750435812 0.5276335496336749 0.5544768350652158 0.4771923192007213 0.4867817775636134 0.48605882808092615 0.49379560144990137 0.53573618711429 0.5075083960489752
0.5710083962213113 0.5629916658478008 0.5275466633696847 0.5355292322154769 0.5253724731758453 0.4898637464153124 0.5103458497806018 0.49439093567213344 0.4911495947013026 0.46848058232458806 0.4663354400718351 0.4758255469037419 0.40997737757438724 0.4424382191594768 0.4365630597961322 0.4856816231232849 0.5039864027052499 0.4937103928845883 0.47277994271952895 0.4622571264588471 0.4536138929788789 0.48034270191180695 0.43303129599138757 0.4558181016295352 0.43127720420087967 0.41472127946563875 0.4320808102300059 0.4665420496093224 0.48534266141082755 0.47451553537752966 0.5033287375825363 0.5231333310310707 0.535963339226963 0.5429279414173906 0.512432612134553 0.5095963790977988 0.49786724396297755 0.5005136360246502 0.4547300942916483 0.424941638137983 0.4177366089169797 0.41424934672225744 0.4333061951863462
0.530283682668088 0.5700209741654755 0.5336641225842295 0.527996210755786 0.5551136890448152 0.553634169123666 0.5403981945790637 0.49971733594751355 0.5197120372756424 0.47910002051035 0.5206014936965025 0.507906494569515 0.40427778170902373 0.3984146600821359 0.4474231292194032 0.4638251347406907 0.46594141403348177 0.5149925113716038 0.4751079562044242 0.4204846669316996 0.4273212487485271 0.4608876304409287 0.47488152029204045 0.43988782505157936 0.41698406164441115 0.3973047426381444 0.40757855497876955 0.48609111063230565 0.4752566545204677 0.49916258784179 0.48236285891279634 0.4701264783462818 0.5074825395281678 0.5373492717309949 0.5258322317534176 0.5416463111177798 0.5072480272629872 0.4332338143365765 0.39558394215560977 0.3965101397302692 0.40514454844375636 0.3833156107431329 0.40376176862339574
0.5444340499834375 0.5616522154233219 0.5342519409534972 0.5864690048032789 0.5796234697887644 0.5957930971110231 0.5655807437588467 0.5504661250179173 0.5295917656020813 0.5579961040626212 0.5345644420522763 0.5338595130342614 0.43009824254963286 0.3921792059815076 0.4235449836565096 0.4715354926442077 0.4369750851838489 0.4498657764873693 0.45800198330039593 0.4501650188455058 0.47607885169348974 0.4616099077292369 0.48101043258949244 0.47957959916878584 0.4437611250668395 0.46060669243718627 0.4287142366964505 0.5009032280708857 0.5373415161658871 0.5276452932641266 0.500005222613773 0.5138812099687808 0.5304859452430609 0.5585027895491191 0.5745563875122828 0.5478289526091653 0.4996476602224723 0.4752082232324779 0.4062754342880123 0.42209489170927633 0.3657684996876372 0.3402893977995867 0.35753599408466097
0.5351428499675526 0.5651170852629401 0.5328325706178266 0.6159497964829072 0.6046076530610252 0.5507587676890049 0.53654309848532 0.5170541866194501 0.5209794936571566 0.5606817406948594 0.5519666036536149 0.5205102034716036 0.4894679030183127 0.4323043815149969 0.4825658695016547 0.45492092688621355 0.40778065749811065 0.44502814884727754 0.4323690269645259 0.4858712008851126 0.4798293248783026 0.5161151996224264 0.44795552990674875 0.44279097712423154 0.4810808711406967 0.44269894818820715 0.4612570682232154 0.5205437074655574 0.5399583674195649 0.5174539257643544 0.5302044917010061 0.4929073029207085 0.5446755266833487 0.550689520902029 0.5421573167257098 0.5271273964225179 0.466425130932855 0.5118029685853195 0.4260736078237844 0.42722215056867496 0.3708377532291162 0.3885647119174732 0.3442408421132331
0.5300431355868587 0.5059216924461774 0.5579517123694957 0.5572916122701166 0.558923600172803 0.5786726700234414 0.5734490465768084 0.5711412033001894 0.6014565406423247 0.6110742541900834 0.5442668090667488 0.512619571304006 0.5258059608343559 0.5161938931762899 0.5002096435993029 0.49726283967679696 0.43762944952264854 0.4711527022359 0.4430205245500874 0.4405570675174966 0.48804000724238267 0.48021989595813985 0.48673130115028956 0.5018418948345864 0.4981332266515007 0.4883236840654103 0.5430518581902734 0.553871539644029 0.5486399441414778 0.5415085309053542 0.5372706596709237 0.4851410167494157 0.5429339318455642 0.5483197420119038 0.5130083190897263 0.5173120431132191 0.4609814711147348 0.47604313031839984 0.4207403871962043 0.40341302926461575 0.4178540539434553 0.3934229695064578 0.36574215049170905
0.5214017041273371 0.49190311657460756 0.5410292716956047 0.5788915976856163 0.566967325215917 0.6346575568941115 0.5865395782478485 0.570671956311265 0.6018312862193893 0.6401086406705143 0.5615537429202807 0.5249954692622195 0.5252833056485893 0.5608633826409604 0.5130556015494923 0.45212281984794145 0.4549377049524968 0.42326648383243454 0.4533403798373414 0.4239689051183221 0.4738047208430678 0.49470635232850224 0.4715898286608676 0.5223523855350736 0.5397179458329725 0.556815794923037 0.5583429717453818 0.5297238284004528 0.5516999253855013 0.5461073231425048 0.5184284641559822 0.4909295330156926 0.4858641859295972 0.5126824118770479 0.44455682838312405 0.43833794340122567 0.4299800093986059 0.44640947101330186 0.389378706173292 0.36287589013771526 0.4303684412677424 0.44231785225256337 0.3936626428919057
0.5189946937670786 0.4969708846261042 0.557524255732571 0.626262335955387 0.63736464326762 0.6249461314725442 0.6347987605396959 0.5826935479129993 0.6222531007657933 0.6375992770711708 0.5857772419479074 0.5442033301781529 0.5327230412306934 0.5594750699369377 0.5492963956688723 0.493731561040957 0.4680355695807063 0.4092183731801467 0.41045780396597703 0.4132934780005523 0.4437499654537748 0.4806432364895714 0.4918788141032513 0.4804481154402535 0.536900823577276 0.5468969785217594 0.5310345438287171 0.5078897827897108 0.5434903973622582 0.5506222181173666 0.5329200172298786 0.4769597074636262 0.47836163024072864 0.4705331235580822 0.4327497514779182 0.4431034342124192 0.44132176104213366 0.454162552667641 0.37447273494431105 0.34205605724901067 0.4016629874773353 0.3730012669658261 0.36406488013705557
0.5288522446464569 0.5448248175741431 0.5558858600190367 0.5939761899781093 0.6282781153503675 0.6602771616490931 0.6576295366770935 0.6303262670393216 0.5959287189156971 0.6326580917301488 0.546734755988569 0.5274963601798146 0.5284435853425568 0.547559829220362 0.5020019832233992 0.5167882990674256 0.47122016275857104 0.4098226624680855 0.43517302618815173 0.4265562253832523 0.44142775692604475 0.41487690892714424 0.42657612847737236 0.4849484784808752 0.5158198465795982 0.5611754554128069 0.5255800841451987 0.5068950948100563 0.5548176639784633 0.5553485450608403 0.5561039038547279 0.5131634007376925 0.4834359873628913 0.42376951697507287 0.4225374461293585 0.39513808163052083 0.44488787336518637 0.4498477479142689 0.4062329093093941 0.36980835042346977 0.3229152521235596 0.3143983626261774 0.31475870702383263
0.548148791135898 0.5617165639746929 0.539817536912872 0.5585015376071475 0.6023030824893292 0.6052579465088276 0.6601077184305391 0.6574855716687371 0.5920161726466492 0.6054620628134821 0.5744521277031187 0.5671032084986305 0.5101818312614601 0.5373982882135974 0.5009099483362706 0.47691188491291064 0.4619878509202176 0.4682354444417013 0.43274578123830004 0.4525048668093201 0.38290274458313933 0.4251285939644254 0.45054421844094134 0.5043484943432159 0.5394639713004 0.5571063560426974 0.5310716966433591 0.481311338921885 0.5191322118721594 0.5143466348410327 0.5065345507367476 0.4499768372034957 0.4299270129540249 0.43494571564202006 0.36877257898083 0.4187211160663213 0.42128844092509327 0.4459397829177243 0.40699637799597504 0.3911754297981741 0.3026467196369608 0.24759794057927462 0.23140634609085722
0.594407773663911 0.5535091782001108 0.5491396228326036 0.5511460963798982 0.5698020700826321 0.606527817692599 0.6495442688860764 0.6483370767292561 0.5973954728440023 0.5969126095675088 0.5617449439288098 0.5892775463395695 0.5138289897878731 0.47037712008605553 0.514387147159541 0.514774564723458 0.49313543546689165 0.43113651753423854 0.4322120026491987 0.4261738910488577 0.4217174657141749 0.39382230479984154 0.41093851708883744 0.41183368584224994 0.4909724111854412 0.5870260456762685 0.5600412164750046 0.48326923211328254 0.47694433193858066 0.43245125436795995 0.47614319508745323 0.47059886742185575 0.4592680248649413 0.41100423795300073 0.36798549507581946 0.38210182842509066 0.44985284409124515 0.451570958101096 0.4522033460128111 0.37176342828850656 0.3228030901066475 0.2833469418677435 0.26550286949243057
0.5859437577369879 0.5294229573204814 0.5593163616703878 0.5318880598604807 0.5650141281004072 0.6124000485217401 0.5724183989035155 0.5909097450667459 0.6169085098266538 0.570691318351317 0.5779671328497888 0.5534651272068327 0.4811037471324484 0.45524577878576555 0.441531018446237 0.44514645220021754 0.448867615307715 0.39685397187417726 0.39967734785915526 0.41172024594937345 0.4510161702339109 0.4103007947144596 0.4283633082694312 0.43849168640424774 0.4418966116399734 0.5094238295646184 0.5010600195937469 0.48929916378820243 0.49862409876443214 0.47451725436808856 0.44695611973863963 0.46851183984677813 0.423473267961247 0.38428724778054163 0.3857052501066445 0.39159907855684706 0.42744598092394015 0.4164430959770113 0.4368317699051502 0.38681425443456646 0.30740176361410343 0.24734826639093385 0.24527803633293188
0.5349169707293897 0.5275530181891991 0.5046012175914864 0.4881089433623817 0.5436524419695017 0.6083890614257377 0.5453498594517994 0.5474827946784468 0.5499163041007181 0.5375306856297558 0.5622902820916936 0.533283788188692 0.4679465311038146 0.40470858377269037 0.3922244692878092 0.42149852891900347 0.4276471241929006 0.41617157020219986 0.41991607774457906 0.40593795935592186 0.4192361890568032 0.4547502663863801 0.46837397076081877 0.39980964052484663 0.4538619116148907 0.45060839937366703 0.4959331132491003 0.4935728087927746 0.5000472596107702 0.46448717054770866 0.44775464538316373 0.4161094451710214 0.3930995754008904 0.39094273588804096 0.39051603238038496 0.38366228425011295 0.39433794387935645 0.4258049931033798 0.39707772024811006 0.3715977458018768 0.3087104419409808 0.2647864250467919 0.2594247528131421
0.44997658384058997 0.4427166355998255 0.504435004405705 0.46963224446869817 0.5054722097868997 0.555321520243253 0.5960196483659125 0.5164137627416292 0.5016517037161689 0.48918941474122446 0.4941052575521825 0.49959579203672083 0.4119664360655377 0.3739526467251912 0.40427303026160505 0.46334062135460385 0.4593796201845574 0.4739372197346373 0.43894371123643733 0.46178417349002016 0.45900559093881166 0.481130056220037 0.4545119684356452 0.4118035754258216 0.44333782353170226 0.38648961344521604 0.4122669059706009 0.3981607836806695 0.43130157245322037 0.40955750077967684 0.3949038712185472 0.4198952561948538 0.388680627584151 0.43093813347592724 0.4357115040077595 0.4108330182371213 0.34088429931880027 0.32728667450990634 0.3543214150087296 0.34245668629178083 0.26274646874522034 0.23198667852664415 0.2695941686637372
0.4006989205949799 0.4271698165708975 0.43182645122980434 0.4622535158990799 0.5226963234599762 0.556023444960618 0.5760211768031864 0.5494339463348336 0.4929759078886913 0.4667987669836997 0.47812709736490877 0.46044402541090634 0.45229316178365314 0.3780565543418135 0.3978952591506733 0.4504787413963083 0.4417468143727701 0.4713092172885289 0.4487497463227919 0.44189692330017405 0.469845728367374 0.4704807788492268 0.4862063935420868 0.45248427984437034 0.4392810600962522 0.3730723103331322 0.35650429804953127 0.3678752246320609 0.3953932965695252 0.388945437413895 0.3477590536299212 0.36600686423366896 0.4188495975071903 0.469971540347896 0.40860413112751204 0.3559564385375959 0.3414177726364269 0.29654511866272787 0.34796143565163123 0.3106867146970382 0.24680912657108475 0.22855403259772794 0.25155046718244756
0.41579059395137 0.43647640273398547 0.4240384524479663 0.44275018874190203 0.4615932129503708 0.49953688504331245 0.5543672268967725 0.5018684712379406 0.5044837091307565 0.44898250376308035 0.4361378522425946 0.4282842913305618 0.4264537159134318 0.42106777241991994 0.3985339483471308 0.43759783881500236 0.42667471905634535 0.413032501161745 0.43503116486473786 0.4870145710269702 0.47727730094494525 0.45882457936740245 0.4617318440181188 0.4520040080352043 0.3895228861138489 0.36783455864070425 0.3903635116138558 0.4010188876915121 0.354433821742307 0.3382361459122906 0.36344780588415526 0.3816899784886371 0.4004330650011805 0.38743415540864073 0.40538472818894317 0.41677325242252683 0.3586801276449915 0.3106537922712314 0.33810637251899006 0.29852268827506434 0.2961351718640065 0.25276247447894584 0.2985707115807777
0.40090048682678 0.3989667044296393 0.428696808647149 0.42598323565362006 0.4890917649779158 0.546195310301628 0.5669994277820212 0.5339920456903864 0.5444198071248871 0.4783330372201386 0.45028921066132543 0.48053156915259343 0.4506526439281015 0.448926560197841 0.4085733215720621 0.4254365967408977 0.4092401124029778 0.442963478544109 0.4014520323145341 0.46065975597527 0.44234084710779165 0.4150693875039945 0.4370051118103185 0.398016301432465 0.3573315914074044 0.38412595271882566 0.3823110187453085 0.3842805441892819 0.394312354557383 0.36511698739310366 0.3913733902488607 0.3814790746778272 0.3664515966418441 0.3992581023648786 0.41205166407663213 0.41126687240137333 0.4045208280164995 0.3640591474336487 0.31360291195963624 0.28045689997142154 0.27589417283929285 0.27101230482241534 0.28441392347343053
0.43389743978447726 0.40244580971960564 0.4044910795768825 0.41327971862502244 0.4588255407651297 0.516753538673803 0.5751392247900052 0.5856747532913978 0.523615892493835 0.49316985517503736 0.5107255551001157 0.4534984180784754 0.4271889242972855 0.411149254197238 0.4347546637993457 0.4185118103108744 0.39418504581747166 0.38295023700492875 0.3936305936538392 0.39754255667756544 0.4112516552311396 0.376307564617062 0.40760284352063353 0.3497539686859288 0.3403419673473901 0.3585023494945578 0.33233450625984007 0.3520636782040748 0.3811573715802349 0.3941184752036337 0.3370688436260222 0.3982360384390827 0.40264391811173234 0.43881798225604024 0.3998917853457379 0.39381936293046477 0.4008939941221024 0.34998935844310647 0.3446619457264526 0.3001605135220694 0.3504340664974827 0.3242192568721717 0.33605729270996393
0.4146271963864348 0.3712137004234575 0.410047158039296 0.43902388393085 0.47672044998203916 0.5347360975381183 0.592197969056204 0.5746018054489881 0.5318246666724779 0.5212486650473949 0.46189000398679136 0.44405950422188856 0.4546504732097426 0.42346613037097375 0.37524161232018305 0.34230008548638924 0.34012413877783326 0.369597062460092 0.36806423267559785 0.31552352902386643 0.36979077724365644 0.3481195637597955 0.38605179474486684 0.35713346303142507 0.32143898330280246 0.30775060783763614 0.30868333767325873 0.32340249525594744 0.3708093382533225 0.3657007974450197 0.35894054635227324 0.33619698845037727 0.40467348722024493 0.45601168296114153 0.4277711003814444 0.34495418406579464 0.33393357929562273 0.338939299419893 0.380973674319621 0.35416462848664826 0.3905412995345273 0.35529045263320436 0.3586665206773798
