Raster_benchmarking/DGGS/continuous/raster-72.asc
NCOLS 100
NROWS 100
XLLCORNER 1743165.5060028294
YLLCORNER 5469278.892864844
CELLSIZE 10
NODATA_VALUE -9999
[rows 38 to 56 of 100, columns 0 to 42 of 100]
0.5879224420189361 0.59620124980748 0.6071909940710684 0.5940151549126523 0.6050774721766466 0.5807925748056395 0.5961178162675552 0.6008461607477275 0.6019995544523024 0.6135891502511182 0.5800361099110638 0.5685470330198531 0.5834394339897572 0.6047850598212149 0.570496092077639 0.5590436259933943 0.5685525670598088 0.5712860611194219 0.5499855568992165 0.5279572656013533 0.5281591846390723 0.5388546240560615 0.5598225775627194 0.5592626555703174 0.5147621046526213 0.4976663760450205 0.4797592871994079 0.49311322763593707 0.47682755737884996 0.4820239168645615 0.49044081148498664 0.4782258088785203 0.4832476125015021 0.46786942616302235 0.44451252187356355 0.44544918696906993 0.42105383845125854 0.41125391306291714 0.41341694479418856 0.38296774069024797 0.4056661326223256 0.3760275900570859 0.3655678374333642
0.6051570537930695 0.6311428057305457 0.6328494976135625 0.631923419137979 0.6384144642089407 0.6260401329768535 0.6192113939529907 0.5926568526289595 0.6189774631562045 0.6124931130095479 0.5952413959022128 0.574896677995287 0.5727341276133189 0.6014944689233618 0.5917169171069376 0.5743357024401292 0.5524583487422302 0.5432305166540127 0.5610597314232423 0.5352003124084946 0.5593829727605061 0.5745948621338498 0.5776837212125382 0.5754144170019558 0.549083385019636 0.5024661562414925 0.4701724363468795 0.45963876624043404 0.4689951131630862 0.4826553769882379 0.46815624474950207 0.49813292956897076 0.48069574799631454 0.43810769173234365 0.412769459406795 0.4247999467251573 0.4081483787438792 0.39223181069686297 0.40664234042704517 0.368301007033013 0.378537123039358 0.3620184500230647 0.3656255946065701
0.6313863597500475 0.6180744046519735 0.6451608177359163 0.6450894372071486 0.6178387822750766 0.6471611197076066 0.6441181611612158 0.637154590927522 0.6205628400617883 0.6009076088880547 0.5976621857688912 0.5965892181425206 0.5985086308021909 0.5801853654676786 0.5958554505823572 0.562818615311509 0.5594519303074411 0.5552771091333986 0.5447044232725747 0.5586763554764838 0.550403320771226 0.5494277590560381 0.5513199290562812 0.5453261010501648 0.530695534833996 0.5217848632664785 0.4915748376276496 0.4674499913600777 0.4744985685734609 0.4852287467493 0.46291178675578415 0.45622397784122665 0.46371088358397083 0.427940262578399 0.41329786410316943 0.38927553449177016 0.38190653133116137 0.3806482903591429 0.3851566264153707 0.37744050251166444 0.3764943246856196 0.35051457124911645 0.34754450216052596
0.6379827068391695 0.6353552637333163 0.653900703627322 0.6325864717661073 0.636683065549197 0.6492952227918801 0.6552310516752732 0.6601080768925759 0.6512543275444187 0.6286947125687993 0.605576553050471 0.6254908162779567 0.5894239557469599 0.5776896362199105 0.5658835571746665 0.5754713842827687 0.5774624001864287 0.5670095999855063 0.5777186466152264 0.5670990820397368 0.5476448004456538 0.5307437008875567 0.5357122551758988 0.5556395231348413 0.5222595178432304 0.5187289827439511 0.4988871584906868 0.4869337221384059 0.4732009800411145 0.4545210438245742 0.44078997241704965 0.4557989858837386 0.44816583628803797 0.4335618009772118 0.39989141717524396 0.3810522174174942 0.3922140273701261 0.3664915025415006 0.3769982316378476 0.3718754689466877 0.37818567197523967 0.38342779467409693 0.36663806543516125
0.6423294536971067 0.6294183586016778 0.6353428614604347 0.621357850934256 0.6413391108553917 0.6396840646028503 0.6724640782760661 0.6559107570710997 0.6441516956167616 0.6461439576863827 0.6246588710721201 0.6119563013568738 0.6136598200814326 0.584249536562322 0.5857128902050182 0.5698105829821549 0.5723276723758028 0.5662320940236361 0.5604503755380924 0.5779779841354323 0.5454838364036113 0.5299874324496407 0.5329702681646517 0.5511143278241403 0.5266755837184782 0.5413291479160728 0.5279655445214407 0.4953618736751978 0.4846313221068788 0.47981749259412665 0.4535465437176499 0.4678903929770836 0.4425631339133669 0.444946791454983 0.40887882842964574 0.38849392832144175 0.375425844002303 0.3662984398311826 0.3714120734599065 0.3670701851756505 0.38694963236844576 0.3833200061224652 0.34295653777716356
0.6462885279040508 0.6195293959917054 0.6151937578199035 0.6482498642871494 0.6574969951079447 0.6614207293236781 0.6717607679584796 0.6590794706273962 0.6417738689008331 0.6415508352727471 0.653477153910629 0.6288149206132748 0.6151216900929621 0.5822553642927444 0.587294243568823 0.5748737128461215 0.5813769757113547 0.557298148386818 0.5793909268446591 0.5671357930217313 0.5587623861554313 0.5439332420994695 0.5232876500476573 0.5330465962267038 0.5208842869653781 0.5333263685928246 0.5129866588370854 0.5195472938992488 0.49975777350712197 0.4965744600309212 0.4851489565106294 0.45721681094348726 0.46111471752716965 0.4555821819552576 0.41061478813028573 0.38924092269882027 0.39580490097111054 0.40821136196348023 0.3978544729408887 0.398875758319982 0.37950415366544665 0.3811212056114677 0.32394976773038997
0.6494132266767405 0.6449834758643596 0.6250174548616403 0.6485494243555208 0.643062089563262 0.6598343748889502 0.6438536204307238 0.6587260465055259 0.640219837374771 0.6632428727583112 0.6524293581688095 0.6473532082885285 0.6278322717171323 0.6242372688342802 0.6137366149070177 0.5998225432645073 0.592768192484049 0.5880076461307813 0.5621951587972247 0.5451042716293822 0.5612972436485071 0.5544311158955635 0.5195475095214183 0.5324959527704975 0.49941991872692937 0.5140335908384833 0.5027308393180278 0.4868636528794278 0.4878301425335884 0.5005957432798113 0.47697719526595656 0.4749068745800128 0.46265140988730635 0.4695118972492503 0.4358680984145634 0.3989655388322204 0.41301665728185616 0.3924953210506728 0.3934807301474251 0.40449609381213625 0.3793897841937967 0.34080460419128455 0.32119223906429595
0.6702810908607943 0.6652686919799204 0.6676481686555655 0.6336283931581655 0.6243283246217947 0.6443962797700196 0.6483234600382524 0.6530605922400682 0.6648691708282738 0.6803314050356762 0.6673508706111867 0.6825497840620383 0.6481780917553442 0.6317548415669849 0.6308423903779554 0.6108816803143896 0.6093570294725444 0.5690545978095244 0.54268225740422 0.5503167084809566 0.5327829306999469 0.5238359901990838 0.5333389501464258 0.5122109510868348 0.5040633780265895 0.48216667312821737 0.4824951046459674 0.4904772527571634 0.4769349212894937 0.49449016946549124 0.4736427212701321 0.4393696176072634 0.43489268282826415 0.45227599441462185 0.4423081815228799 0.41447304403318896 0.4233816173630841 0.4053881779388375 0.4093654231961392 0.38222738883458385 0.3557672812328309 0.35246474404383543 0.33887975139687687
0.6876482393257075 0.6678991868904479 0.680882080685182 0.6484297715395299 0.6464627325889103 0.6463747613145613 0.6582576803834136 0.6778058033533173 0.679810415737124 0.701309704917831 0.6941661046354938 0.6903750733900667 0.644684467308115 0.6373426203943834 0.6185711186598565 0.6159968238340243 0.5943901581205343 0.5513460666068849 0.5378916535642991 0.5426468558440829 0.5521349922107573 0.5206314365654497 0.5290037289017856 0.5267610886448282 0.5182289156032893 0.4841044567063741 0.4736539293644893 0.46672906329304276 0.49542179516226675 0.4903249734672351 0.4725359631308333 0.4532868479793361 0.43303303671198956 0.4458796692879195 0.4444610486646737 0.4172338338075348 0.4308518419078541 0.4019958624794851 0.38690317162554294 0.361403290195112 0.3464858712353244 0.3314871399951905 0.3377391074102204
0.7037337213604095 0.6839890509405302 0.6899875578836927 0.6971004282738607 0.6961704221289783 0.6762790297173694 0.664156894147129 0.6658089873727607 0.666220544628412 0.6962066197429586 0.6890405190288504 0.6673018167596085 0.6636121908697225 0.628646946008957 0.6172934602038104 0.5808106644588036 0.5705569189236628 0.5715123873823822 0.5475028240847211 0.5139705526306775 0.5196079034168155 0.547077079874602 0.519830576691188 0.5100059432192947 0.5410287626344356 0.5212480596294741 0.49813008390372915 0.4675702089604695 0.4622381734472808 0.46518686040344137 0.47898607911937796 0.44697444024700095 0.4571852723895214 0.46724171091150063 0.42779134393313123 0.4471067749223778 0.3971899592036784 0.3853866634951843 0.3892892063690388 0.3521901801221548 0.352264176149418 0.3295723153653893 0.327711929162259
0.6941407304388466 0.7147890006259234 0.7246670902848136 0.7314685475080123 0.7330782836572383 0.7131730905972314 0.6761750082897491 0.6589928486340489 0.6704805642408554 0.6945455115111104 0.6951255802800341 0.6974884596587665 0.67265761717182 0.6533308710075767 0.6079723528919366 0.5913282667092832 0.5673335134066396 0.5522519847179062 0.5352097586700388 0.5264748731801039 0.5206175826541518 0.517554215301373 0.5416969287315911 0.5311207715667788 0.5412893498773854 0.515729397255147 0.5057281342343467 0.5015457044728281 0.47923945042655863 0.4807207135616885 0.48732369098445033 0.48741594813023564 0.46002664835422996 0.4378466946198267 0.4239240434460359 0.4243146498880154 0.39589666099219817 0.39836761799142373 0.37552256815322027 0.33699387931508673 0.323106509881737 0.3030848551323477 0.3149503877505231
0.7049833935820762 0.7141523451495408 0.7136027134833289 0.7504924646322471 0.7259859676855935 0.7345749815781443 0.6943933921597909 0.6898465364518922 0.71026441352017 0.7013201757081093 0.7103382549016954 0.6971196102256874 0.6698244130920968 0.6773570426261415 0.6406022027129916 0.606637309594758 0.5893563729396581 0.5291886740966681 0.5224528775825241 0.5054696446263993 0.5345807641673147 0.5321356364585543 0.5567087197052726 0.5473362808477803 0.5407223821397947 0.5151644129018368 0.5230195060225049 0.5126276699409903 0.5077655086988665 0.49223103454851136 0.48870969503165895 0.48395350993778835 0.4535623953514181 0.41940426832489625 0.411599242772588 0.434568043225293 0.3813618274811282 0.3855821176403519 0.36178390080165074 0.32589802081746655 0.3069612679587873 0.289400935298494 0.2954511028808973
0.6993421478343013 0.7213136293438814 0.7330345159501751 0.7437750284427478 0.7323386717056842 0.7288245758641108 0.7111823686473532 0.7241597438483579 0.7142987702613994 0.7038438187831725 0.6998892103976816 0.6919775173651349 0.6941869914901302 0.6759032197642938 0.6741877622218443 0.639361026365801 0.5856799724546025 0.5622881989936649 0.5181551223568741 0.5237434644861575 0.5223835035140987 0.5368944546109911 0.5475875456879568 0.5340882821810484 0.5315336073308546 0.515124128439061 0.5036065104473515 0.4910338779969149 0.49419508885703856 0.46852691879555924 0.4786883873916076 0.47819920800781135 0.4311231880678288 0.4194536206934263 0.41839398569522024 0.412044030826611 0.37884079747144556 0.3676023991658322 0.3594647731183781 0.34252953454583973 0.3029647440862724 0.281471432633472 0.29975565938580495
0.6700797656624486 0.6914031521801318 0.7058243281556561 0.7381760511785485 0.7196827750322166 0.7180776487342341 0.7378315518963051 0.7439265467589 0.7108257788486214 0.7113208698638391 0.7333254379574238 0.7351426341098043 0.7166978018359349 0.7010313213942738 0.685746057437707 0.6405374595995287 0.602252060102569 0.5713015416079015 0.5381509399544018 0.5055905559849733 0.5324410909300027 0.5269766895450958 0.5453195224766226 0.5584313075470451 0.5239748011281659 0.5244302339088627 0.5301354904032708 0.5225541332022047 0.47550931639929445 0.4597652903909656 0.47369331939639564 0.45544719962069213 0.4197453245891008 0.4287235035310661 0.4085948675177399 0.40633914701223317 0.38310365516483147 0.36254555966408836 0.3493324055353759 0.3641487334081799 0.3368131083464889 0.29788398980714664 0.291171855605677
0.6609755363009553 0.6767904839086862 0.7039303797667252 0.6999180726882253 0.7324602707526912 0.7231332999522514 0.7132838785285048 0.7397228819955614 0.7131903700508402 0.7313999715471391 0.7255385174996088 0.7063169610857092 0.6968852723540804 0.6828519678328565 0.6679664831382963 0.6295771634115042 0.6081464043353838 0.591777097022376 0.5515456621714511 0.5273111342574279 0.5341287356851553 0.5136136261554942 0.5230634914938234 0.5553267266361465 0.5387056772351725 0.4990073682650988 0.5039182551097698 0.5065534405290586 0.4730059299380568 0.4576885789041275 0.4361861657754911 0.4427375845034815 0.41543803493103726 0.4142049722612978 0.40802576073749364 0.38221111294044463 0.3661068136735743 0.33418176850376624 0.31997530376855304 0.3444426795513611 0.3250915402518551 0.3096156006433698 0.2888048802433516
0.6526817463384902 0.6932825897477067 0.7060826438333828 0.696358736698706 0.7211431422570508 0.7362761557334557 0.7184860720069894 0.7175395992663317 0.7074412523839051 0.7087753466929229 0.6995853499295286 0.6828142310275653 0.6770828536775849 0.6791397424607867 0.6614000611800216 0.6127650668625169 0.595852771069577 0.5864727184593502 0.568772807079778 0.5137840274726309 0.5190318433397195 0.5424713413524027 0.5173276446039968 0.5361995321919241 0.5067754135166193 0.4865549044035925 0.46129835537829356 0.45588855679509016 0.4373017734709051 0.4431991858273845 0.42058063315733 0.4343031099888359 0.41387253212233316 0.3981800353778492 0.38462620754221255 0.35838981569834655 0.3471453435564137 0.32235100882091067 0.3018013939098366 0.30194736504984215 0.30819788183614494 0.29611408115471527 0.2862465045525296
0.6701157530150184 0.6837329265635846 0.6866053617500343 0.7009080644083462 0.7289173967238278 0.7151545915397483 0.7195904367366543 0.7363727859833611 0.699234231507023 0.7077072239213247 0.6894171591082116 0.7031182454575261 0.6808233335255444 0.673928998966979 0.6642701491654707 0.624360330936055 0.6142279134314137 0.5880397383210898 0.5769279618344849 0.5191018703705234 0.5092813187333239 0.5236752763201803 0.530393154032247 0.5269749634246991 0.5008337297344981 0.45312361338130214 0.43812440119206797 0.4512730516169396 0.4240204146588331 0.4290714429671643 0.43294164274636365 0.42406438816918085 0.379394803132812 0.38069088654756245 0.3691366446528758 0.33062905531875064 0.3422446969534146 0.3246831055654118 0.3094746394019563 0.29801904381623945 0.3172702697513657 0.3260811560409248 0.2994601228858166
0.649528405083044 0.6800779471548977 0.6845245194755355 0.7198634204071905 0.719681111198462 0.7366019898261481 0.7442428863830813 0.749242819550238 0.7092724399141666 0.6936496484746305 0.7125994021799092 0.7145233485528764 0.6978302422582818 0.6602748943036489 0.6667102456531964 0.6518096411497948 0.6132924586034944 0.6059957934109489 0.5645568783233831 0.5363899327904819 0.5221217885809216 0.4967879918356002 0.5054917692988734 0.49134571265199567 0.48226329519367483 0.4464420974102873 0.44317071548672776 0.4213209531598344 0.4141723363278284 0.42245516807208355 0.39435221186519304 0.38710361132954113 0.3677879912076941 0.3612429212003261 0.3450691456085367 0.3204247980933335 0.3336547595640608 0.3328928796021191 0.3080003368444655 0.3090399321616137 0.312456080757144 0.3211762258331384 0.2844801370526639
0.6513693367245403 0.6790032919266571 0.6980848427727552 0.7084796942858896 0.7168465587363657 0.7150180266154116 0.7323053818357732 0.7163551106365978 0.7020957483367212 0.7083029287107887 0.7105876632914547 0.7143565842584618 0.6940036697645431 0.6718502517129676 0.6383567200607261 0.6494780090708179 0.6324908247896945 0.5857576428731244 0.5624726954009783 0.5367493989622057 0.5198467622363772 0.49909967350365586 0.4997787833789309 0.4987083625549786 0.4713062158463016 0.4565966007955516 0.43189614950954774 0.4223261453867609 0.40829702913844224 0.4161695024798569 0.3926573438476516 0.3788430192411677 0.35363855594757093 0.3610568204473144 0.3325349015146285 0.3394213361297 0.33685181769555017 0.32378509802788 0.3389222258676148 0.330420657338302 0.33117643082283776 0.31426378709126784 0.2991417208568696
