Raster_benchmarking/DGGS/continuous/raster-389.asc
NCOLS 100
NROWS 100
XLLCORNER 1743154.533498776
YLLCORNER 5469296.916662222
CELLSIZE 10
NODATA_VALUE -9999
[rows 76 to 94 of 100, columns 43 to 85 of 100]
0.48286313407735015 0.45351034215244607 0.40172960200061714 0.4497889501745238 0.4844129248805356 0.5068981521883053 0.4905089985626436 0.5155183820782498 0.48864252201851194 0.47338551645279653 0.4226775351293017 0.46049074346694946 0.5128648893920277 0.5349301421401421 0.49954104468791755 0.5397265301767195 0.5567982195200221 0.5395010331418908 0.563682282584979 0.5919214107725608 0.6245157673042447 0.602702807657732 0.6867409555132926 0.643808784586976 0.6996687093707019 0.6528776273863722 0.6961098131373632 0.7271099911698807 0.746731217749628 0.6812076184580981 0.6832928178893894 0.7075157473484461 0.6477768702502514 0.6980924222458569 0.697266394013568 0.6444454696228119 0.6280688809223719 0.6422312827262705 0.671277364693725 0.6262093732525293 0.5309880374113343 0.5040743227087588 0.5372584272958784
0.4388607013777162 0.4117174450767046 0.3872244907901671 0.382624529391425 0.42489880265242047 0.4298452555050819 0.4859765481634979 0.47737869576342 0.4956015044635181 0.4500745657142484 0.42936963906380404 0.4285268880015151 0.43018231065219376 0.49490967610470327 0.5111723668661745 0.5039307819927633 0.572143211608816 0.5836164089611221 0.6163463231386459 0.6206609915389824 0.6445364871382225 0.6240406865268014 0.6724201057224761 0.6608227133010054 0.659367288760234 0.672231909680842 0.7247753641224794 0.7373146621438585 0.7384069806201073 0.714454202501546 0.7335811217277958 0.6995252535146589 0.6683259534038912 0.694415745613205 0.7366393466142099 0.6733102205253398 0.652981929539483 0.6779675584019841 0.6604669859674724 0.6515616537652323 0.6069782806366311 0.5147578835250262 0.4937194101601305
0.3934232827974168 0.38739559417538855 0.33319106200765164 0.37048688099405314 0.3632294488138276 0.40700024500151316 0.43911111476406234 0.49088713136368045 0.4670528187403198 0.4371786727251322 0.4265281309169366 0.4370740715332919 0.4115054402491134 0.48964347339446734 0.4834120101075591 0.4965252043535079 0.5131071222242412 0.5323715484062099 0.5669927080087082 0.6175730926524838 0.6576735649371547 0.6217471871919553 0.6575803646284601 0.6731625654135579 0.6290730095355924 0.6552229678226316 0.6687688102032608 0.6753697097215208 0.7014100401183726 0.7265890188768591 0.7812035807254101 0.7035229660797376 0.6681759733085807 0.6735316527680406 0.7547464853724329 0.6992887895716984 0.6546510756454559 0.6849170727612982 0.7113141748645343 0.6211083572463785 0.6094202874374165 0.5149065211492511 0.4660067749657758
0.33885038491145686 0.32831640813022683 0.2743887554090694 0.2868772276774486 0.3553800266338671 0.37801564786406755 0.3964597150722799 0.4448911431116198 0.46880963839421536 0.47793077317411004 0.4727590692509172 0.44604368918367304 0.42040709889601363 0.4829882687772285 0.4985937477856193 0.567324378347815 0.552953232608167 0.564607376813293 0.6203446367319172 0.6753882687375857 0.6468107947317049 0.6253243570792781 0.6527008775528084 0.6168693711921576 0.619318302925464 0.6218368186870882 0.6844331446557079 0.7020109419712034 0.6766044969647453 0.7175001502948766 0.7184794713672659 0.7318875149080099 0.6722004842906152 0.6957426232119595 0.6982809019562646 0.6932533825153429 0.6494629854511784 0.7004125079212861 0.6648854164119286 0.6319238895692154 0.6343586183648702 0.5778913193842165 0.523357271676068
0.33887021420579194 0.299280676995906 0.25779275736983953 0.30393491696179414 0.2991328113722431 0.33440223792525664 0.42753140452771776 0.4047228019126041 0.4483267073243445 0.4394218053394822 0.4364801193746076 0.42365846409349517 0.4490639285447176 0.5074589326054595 0.5673087651865969 0.5804663927661652 0.6230839988571165 0.5998794046282083 0.6824737694066094 0.6870320280815806 0.681346582565292 0.607535572388744 0.6299195765308514 0.629266285371639 0.6207614851493537 0.5987573789416505 0.635491395369583 0.659082441957964 0.6628470403919856 0.7025684107042883 0.7303585853848176 0.6988815013823826 0.7096466053671876 0.7176734014868794 0.68127303027842 0.6711121436210733 0.6674234774091444 0.6592928297814012 0.6556318719628802 0.6611861886563483 0.6563936997799114 0.6043414874897122 0.5388428100996748
0.3722248650980155 0.3342492122067543 0.24660662434893166 0.24681441580747746 0.2633331451996027 0.31276822446579217 0.3649401294825055 0.4088078815711768 0.41931782476086044 0.4425187307165618 0.4277540123329448 0.4698719623541542 0.4925522704010295 0.5034468045076294 0.5466940283309625 0.5924032749417228 0.6229683898270756 0.6672020638373753 0.6796375420638215 0.7289300352916103 0.6731679504791981 0.6309383094525222 0.6236704154784646 0.6084909591989965 0.6304902674075127 0.6305378612550986 0.6271423532138061 0.5998265168684638 0.6125950981573708 0.6543472388406143 0.6887660737594264 0.7298968131242761 0.677303172353965 0.6866269312658982 0.6776295033614015 0.6300740534629066 0.6742835249244399 0.6584721134143678 0.6247371154604372 0.6729498429582327 0.6567493976832325 0.6190961410131276 0.6177256011840863
0.3829517556749338 0.2953030879105229 0.2659642918352116 0.2724413172277467 0.29434939108300906 0.32844012795511945 0.2994651710246326 0.39477783000719163 0.39859673265981926 0.41719734232721495 0.4040066100651603 0.41572872492485485 0.4625958354622931 0.503886280010239 0.5052473533460901 0.5470200073543678 0.583007874352478 0.6470284668481993 0.7475192801048117 0.6991601402412432 0.6925359235159441 0.6848947747878099 0.6079205078302373 0.6779377722496708 0.6976560193854626 0.6827773309353949 0.6279845399317464 0.6392798051218671 0.6020253148846014 0.6921068394176209 0.7388244542799278 0.7327717849816502 0.6996684053958124 0.6585645907274026 0.6432814869503617 0.6197344832359998 0.6522238453268919 0.6417554928134699 0.6113356774877146 0.6402215326037299 0.7024275145280074 0.687517964016277 0.6568216096821905
0.30972880380960083 0.3052343061142047 0.2965701669189384 0.30941719255555516 0.3019253457631352 0.28706841371157316 0.35328314999197846 0.3893026912643513 0.37784544423411276 0.4388175458042743 0.4800556662527495 0.46159897554954576 0.526149202564555 0.5369405163307677 0.5791187659506685 0.5828340216511203 0.5718051065989728 0.6605305503405229 0.6750749374115604 0.6984722349867531 0.6750666419576135 0.6763692669039916 0.696279798057183 0.6606376070296996 0.6744096562805503 0.6697771141491168 0.6284114553031067 0.6424513374565257 0.6489766144108806 0.6690648446793197 0.6753291350673982 0.6357566626684954 0.6361693646102408 0.6489960724832341 0.623512673861619 0.6211848941921606 0.6472173568958135 0.6194447828890854 0.6591171761325093 0.683979787931941 0.6797253530123966 0.6919115548255529 0.6494860456486851
0.2686667371845978 0.2650654397377768 0.3184181644491665 0.2868972966928019 0.30042054068412943 0.32918797880855555 0.39494790950714437 0.41725844352518804 0.4080267798271165 0.42465459204539924 0.4755393200758067 0.5008358931162052 0.5583190170235679 0.5967346678838853 0.6434581846758437 0.5890500031799832 0.5977731826943589 0.6033422878736866 0.6419807237523405 0.6664041862256744 0.6280967268173565 0.6485974236395973 0.7199566533134075 0.7222412745825871 0.6980231862255777 0.6683503331573978 0.6186774103787224 0.6044344487268403 0.576630046403192 0.6454731115003813 0.6394671160434311 0.5916790186814594 0.5923649966433423 0.5820834799940791 0.6265828030451585 0.6176913184272247 0.6783580239167597 0.6542138954384757 0.6476318884001253 0.6801895823666925 0.6560292150751312 0.6810734401453111 0.7335202720052111
0.2052167721554141 0.27213874034408764 0.25123317494371045 0.25319730614603025 0.3045541923684921 0.36336105582683176 0.37525149221112825 0.41984454262847876 0.42497665159156767 0.46657883683023793 0.4847435689513874 0.52171006333448 0.5831480436352977 0.6478684278222716 0.6950105445984741 0.6716934893742497 0.605193140462471 0.6299933988437372 0.6445655466344558 0.6232681981244559 0.6698327645285492 0.6734754273756067 0.7264548302668017 0.7238384982836334 0.7129015219430167 0.6480811788274669 0.6100272416090221 0.6098876197133172 0.556512163499628 0.5587845439311163 0.5602267189177578 0.5665585494637077 0.6098322289828525 0.5958536271368677 0.5825983779536716 0.6498576408118145 0.7044194643473592 0.6865929138008139 0.6869560535878936 0.7011179613282591 0.6477470221743098 0.6819848597956645 0.689446582951589
0.19309042838827656 0.2335592402832111 0.21782174001975424 0.237826151122112 0.30571576317167404 0.3751016193970566 0.3563153034596385 0.43025328364605514 0.43176769329923453 0.43184200654543686 0.46923958427412654 0.49518994828602714 0.5429112047359783 0.627583062367087 0.7328463640918622 0.6954177929751993 0.6468742458886344 0.6381493205436712 0.627645657305608 0.6272256049695458 0.6442453864602447 0.6853265246356353 0.77130385309101 0.6742813611202239 0.6437710631829472 0.6006521299581243 0.6039622218641811 0.61065057741589 0.5696284465075724 0.5662406921441336 0.5488279016845438 0.587932537762612 0.5522986982599589 0.5594965029455952 0.59291229809877 0.657672084991053 0.710923949771007 0.7165245731418918 0.7228987095596598 0.7006841128200862 0.6725988172757985 0.7422699818616714 0.7408700520745064
0.24182109541552912 0.2417808952530792 0.24416793547731147 0.28421015649276016 0.31137274041769303 0.349110742764397 0.3924076013504573 0.4406358273360948 0.4294123066369121 0.475996189486311 0.49702732485702106 0.5173387345327889 0.5952464694574578 0.6089615987106749 0.6493554984433939 0.6551657795316733 0.6298051150795404 0.6550847984725546 0.6421271866925443 0.6198222259565449 0.6500806594218407 0.6277834441922938 0.6408344990371594 0.6725859236385352 0.6327554645217319 0.5578839691229441 0.5795264135223256 0.5556201505456285 0.5579132560924327 0.5447455658355562 0.5777349730260862 0.5455487036578716 0.5914247709686288 0.5707590659544154 0.599862138739529 0.6599875518180983 0.669268663699449 0.6507089630572261 0.669345982644787 0.7436519453868824 0.7678425100505436 0.7922511931434288 0.7631890567099723
0.2320963486891371 0.20851773237205587 0.22591364689401588 0.2640558319234588 0.2782497182462974 0.35965711896571734 0.4130686650488059 0.4361381809136496 0.4552321196574752 0.47332247932059335 0.5058612053103912 0.5132147969814138 0.5853587381288535 0.5705326275115599 0.5858544494750161 0.6039880079328152 0.6436654392921133 0.6697322129718452 0.6683930410430378 0.6158759384537668 0.5906063730800178 0.5858917787450438 0.6288191115384367 0.5777620224838503 0.5615554447116272 0.5269311119621785 0.5246527713923806 0.5337779168635827 0.5382271540245632 0.5832212069075834 0.6044356889913036 0.5416951442218864 0.5692132322841397 0.5916112281576316 0.644118089338115 0.6434616629782853 0.6374723486589616 0.6607383927786848 0.6728636590171863 0.7534067275473117 0.8031909347649113 0.8068251377824205 0.841869027160116
0.24161032244905323 0.24561125122554284 0.25758898552423465 0.24358194027251479 0.2792010479787857 0.3787043993978149 0.40199980365769744 0.4422491358724788 0.4630523141856701 0.44326602798023945 0.4734801405801449 0.5653914741669519 0.590619033829216 0.5323670131781454 0.5882331481083082 0.5876157730463295 0.6021300864038647 0.61376902985772 0.5854206743427893 0.573900186469568 0.5832748527093202 0.6059201061846229 0.5526864680060951 0.5720974600954138 0.5486810452749896 0.5159561950555289 0.4996092557747045 0.5266311543084709 0.5191470021782386 0.5856070571235736 0.5833413121496492 0.5875185819378403 0.6051513798679258 0.5913604134371127 0.6191615292228299 0.649126789816613 0.6454386211776529 0.6488949965709537 0.7351185755662102 0.7655637686734539 0.8472414252442858 0.874017283563947 0.8635554171625948
0.28202369694789936 0.27522304000564995 0.26409708269970394 0.2987083928798076 0.318497967896624 0.40269962600379705 0.44375071865953325 0.4758906256272019 0.4393098644291708 0.456899684009427 0.49583600391846144 0.5415455155415269 0.5414026160519444 0.5457357089089416 0.55933774144127 0.5424351607090575 0.5664586938154506 0.6241871208444136 0.6076358818529951 0.5795402767409417 0.539966095942065 0.549323751007858 0.5381790774248308 0.5143105117734937 0.5240999922870688 0.538573154375647 0.5348109518108413 0.5587337286755749 0.5386674947285136 0.5978344150772772 0.579877401517309 0.6099657115349774 0.5885950359838202 0.6005618352178501 0.6089905211918417 0.6398290525592873 0.6263474135049499 0.6364654402903294 0.7151692184323015 0.7472327234317193 0.8309588814553949 0.8243427308823065 0.8829128142759711
0.3171294264071006 0.32153658922866574 0.31366858299874706 0.34463335333897904 0.35293993320931677 0.40918077632436883 0.4143576705976561 0.4642252446473657 0.46339929906808897 0.46441047962602944 0.4976184776458079 0.5161167566508532 0.5327543881325286 0.5773067875379672 0.5473567978180813 0.5938301152652767 0.5728232617393718 0.5889785329244379 0.5438103481724235 0.5493348973676606 0.551082318714896 0.5278310444017801 0.5241008084551066 0.5511300516828427 0.523553906071739 0.4939676990376712 0.5278218689109724 0.5520660584983978 0.6032702564974312 0.6150216846971625 0.5985058275986518 0.6268617602868272 0.6547292911670896 0.6419906206221498 0.6503423263035221 0.6524648977931966 0.6773590010957113 0.6853215577620138 0.7383828297093514 0.8080499316709453 0.8018444575444438 0.8349142383723164 0.8581767037812077
0.3385210005553262 0.36346910044884934 0.33931136336067264 0.34505718248134853 0.39215507057196997 0.39682703745916414 0.4376273846305213 0.3978385027015517 0.4062629199604111 0.45331085299107476 0.47301400284793094 0.5665850553816496 0.5851539795904357 0.5809527953497393 0.5510886500730513 0.5659910524064359 0.6280441480196828 0.6177215309697198 0.5514073865102748 0.5303525756636593 0.5576220416096943 0.5335410610706871 0.5684033480908498 0.5835938301829872 0.5259259042656451 0.5459325465923501 0.5273302115041768 0.5497599009561938 0.6135903221348377 0.6303422000243054 0.6726453562797513 0.6472585088935456 0.6271511263980979 0.6943455291025026 0.7103227619025223 0.7216295550136314 0.7041687908781221 0.7167101303689316 0.7469664815051507 0.8157452578769869 0.8459261136610614 0.8610012851817032 0.8523457018669555
0.38278399996440476 0.3559173111123594 0.3912994242428764 0.39495747846662105 0.3560403373619171 0.3778956837863629 0.4241379374482533 0.39736697013367306 0.4385100046867101 0.44628258621035305 0.4850902517215418 0.555132113417277 0.5542687879888331 0.5669537921950257 0.5183778140979396 0.5363159527152387 0.5633163679025599 0.5670131439903585 0.5800887765970225 0.5328311276649325 0.5477288968560271 0.5636034860603679 0.5431022720197143 0.554035924277174 0.5614421766805322 0.5511135855636214 0.5269765979165998 0.5465219225926303 0.6308573148037651 0.6445642443277863 0.6815722368259336 0.6673189774634897 0.638771910797489 0.7345987224961097 0.7290214932637762 0.7568162519804806 0.7657292991506298 0.8371958052928462 0.840389925499603 0.8437652114253669 0.8398710442025361 0.8660211992733768 0.8652685313827745
0.36032788791605247 0.424120793850922 0.45872486320252703 0.4419976104425492 0.3978049607348407 0.40226394377755526 0.3949004401940943 0.45189532000826516 0.45408753664910756 0.5110061959654973 0.5272668787705195 0.5634036545251554 0.5397960544560861 0.5246710194743666 0.5332995819771287 0.5528475165003619 0.5166327439890962 0.5356291467662633 0.5735541916508063 0.5601651775304869 0.5329861975382967 0.5411016819577333 0.5072851804628068 0.5530484452881289 0.5442038927074262 0.5294487303756303 0.5021254094664226 0.5633793202897796 0.6571106785968952 0.6176467281022506 0.6332391871758943 0.6494564704112115 0.665330296017935 0.7510966779445938 0.8285442066968357 0.7934926113136923 0.8731860818878683 0.8381733280061835 0.9012177921429794 0.8470811925326444 0.8622952259078371 0.834092253174726 0.8666094353977737
