Raster_benchmarking/DGGS/continuous/raster-458.asc
NCOLS 100
NROWS 100
XLLCORNER 1743164.7091191197
YLLCORNER 5469292.687948973
CELLSIZE 10
NODATA_VALUE -9999
[rows 76 to 94 of 100, columns 42 to 83 of 100]
0.24208500133105043 0.27825466356079886 0.29464857604315803 0.30983639113200334 0.3010646723357016 0.26776690718800117 0.25667148351912333 0.2111947613634994 0.21203828444321177 0.1381693247626276 0.13880937163805934 0.10309467516500684 0.09696236074665604 0.11966639169532119 0.11297963741220729 0.11803230777280928 0.10003420355004125 0.1402651815477093 0.14117502513385016 0.14660463382937275 0.17149650993639728 0.1965584928316172 0.1610133056088796 0.1580282329691443 0.18170568863852346 0.16430191631997032 0.1809407876945731 0.17398798102432264 0.17337072145384952 0.1940783898647617 0.21685900678710887 0.2919075575310731 0.32898721626599503 0.35271700264172756 0.41865185321153997 0.4393219725327085 0.4722874696950051 0.49773136586495303 0.4755365611886058 0.5450766642304326 0.5733859593902909 0.6021727557795437
0.19578512319709865 0.23396604127310117 0.28552775204685044 0.2699368219719261 0.3080767465824945 0.2676266232002159 0.24345697547975784 0.23932838874233092 0.22942690448610498 0.14422206300583457 0.11756209419091943 0.12420213252428806 0.11944311709225439 0.11025104884736601 0.12773188915229597 0.12638948134160444 0.15229807710110455 0.18047427504731192 0.19489878285039447 0.185321761551167 0.19872574040384322 0.15459521006458607 0.13144032184088023 0.14140350783442335 0.1595780831634294 0.19073173790613643 0.22669362992391665 0.22655817678778764 0.20445634707520108 0.24874882461336278 0.21526413363063643 0.27079150552591924 0.3405273134893168 0.36753714664580184 0.4106342647348952 0.4413866528027593 0.4659591777065416 0.46989822461536085 0.4262311886922595 0.5388666740381438 0.5671649820839516 0.5803225094198802
0.2044483534145086 0.25623502907263074 0.3042008587470522 0.30484583312402114 0.27597001069195015 0.25292417615870716 0.2531943993630364 0.2341811010110275 0.20942500297524555 0.19053095774937526 0.163416858497384 0.13071773796640287 0.17890481400869357 0.18928753299775558 0.1688228163024766 0.13659272939493736 0.18154394265669993 0.19652194984703047 0.20152378662563203 0.1709804656141919 0.18855958917944865 0.16535782943253052 0.1441218553558094 0.16417850953273713 0.1779479634063647 0.20277103667109866 0.2216046827030592 0.22729933945211492 0.255851905548743 0.2732213542388013 0.2757407315078101 0.3106937361248607 0.3476298497035567 0.3447891979523588 0.3843058813659573 0.409576270502753 0.4272052896896211 0.4610199776999787 0.470252088484649 0.49029835357633045 0.5190218531540212 0.5611363214485204
0.20538658048282474 0.2464748433611042 0.2711362027834287 0.30311488026420613 0.27641260423584046 0.25219602937621277 0.2448572464623411 0.20997145727082217 0.21165186613017387 0.20954723986526697 0.17050752986681347 0.1986894752831209 0.2129023382742326 0.24637554272428805 0.20717230712821816 0.18162464221874902 0.12856647410807748 0.15023105827124109 0.19428277219765752 0.17356588673065595 0.1759429989728688 0.1841579110689334 0.1917250562227258 0.1513512450169484 0.14459696098439737 0.19325177471980617 0.20207402955946024 0.2509183837563591 0.2732736378225309 0.2478082528780883 0.2729786384825445 0.32505871659748264 0.30062538891776236 0.3106879105144675 0.37110046930382756 0.3706306587353218 0.4071622925519629 0.40985043341641236 0.4242812874229909 0.5080347496065871 0.5136099659976396 0.5442693048576309
0.17797952946624931 0.1923407853759345 0.2559057605045796 0.25589217304551365 0.22512828921865632 0.2587760710956998 0.23929519757735043 0.260073448111436 0.24284363632492567 0.2175145949960757 0.25250292070642916 0.23769190946756524 0.23210166784470793 0.26332476860656395 0.22357413385731387 0.20797326340441655 0.15619046326665362 0.14238788388988557 0.15443145796147503 0.14614223723273498 0.14466884043600783 0.199725401066442 0.2251970653832314 0.18033595137606662 0.18969334741894295 0.18217671831176843 0.19035765199221294 0.2184994873826118 0.24232789449045403 0.26067545215919563 0.3067825886258624 0.3000040670940907 0.29690521235760525 0.33096796564775127 0.33592832489440605 0.37859056470539953 0.36986791421107557 0.41358368063749607 0.46774011931390225 0.5206314609328544 0.5701473820097951 0.6170014727783623
0.18880655333279628 0.18039493087698036 0.206925359013892 0.23700855984547978 0.2263188398363284 0.25760580032995 0.22026398140563472 0.2786019462575352 0.24347205265570807 0.24121271995645974 0.263647713579045 0.25031126780382246 0.2596298396232557 0.2736719941654047 0.26043163193357644 0.1685263363656869 0.10866126795098499 0.11240080765586752 0.10458029628713775 0.13927581488319085 0.15512196999361105 0.18367293221092135 0.21839603990971 0.19055124891137534 0.19088750647110012 0.22219280587726728 0.18667094747997148 0.20180749808997253 0.2265393782224163 0.26319681495741054 0.3447049246282212 0.3651329674678153 0.3571415130970388 0.3733908951634398 0.3584665260641157 0.40773993564551625 0.37831811071666815 0.46689958204670773 0.504975917244525 0.5193329798970466 0.5835021245689339 0.6320230405431587
0.22822878549677597 0.2429553561744537 0.2494890882851963 0.2555471996778459 0.2679768519925772 0.2669204156834091 0.2523155396818531 0.2640542741320922 0.2438024193673584 0.23611142747377792 0.2013277866665072 0.21610410673015115 0.21430209684721999 0.2328620689373573 0.21372998703696297 0.16293125127240196 0.10463709488377611 0.12305146671252067 0.11655026411463568 0.13578215938067564 0.20082344427527313 0.2143827821733389 0.22608214554598366 0.26945003026155095 0.24019412772215543 0.21033529473105522 0.23880820228518787 0.2570626394005562 0.23929721670434073 0.2883274709974751 0.36355841764686475 0.3832233276804735 0.39249682776296463 0.37603224201907615 0.3842050310755851 0.41106087051901785 0.4516304291249866 0.4735364945536998 0.5163404351710653 0.5110870023248093 0.5638922688021749 0.6112547159705382
0.23376002904483958 0.27742502076376446 0.25487489410325304 0.26696999038065594 0.27133183167513497 0.2331892321263408 0.24746397749147078 0.2840007554718647 0.2695241929128035 0.25807534488302175 0.21525919010551145 0.18767562523364917 0.22201108321728105 0.24735908675356683 0.23882570590621344 0.1792355346770276 0.147369541172573 0.11016226791320478 0.1198479820560262 0.12307314736204787 0.17570053385016024 0.24399258240642235 0.26303129314535323 0.2585926548425103 0.28384419803056876 0.28217499267388996 0.23843126217060176 0.27820934138882525 0.3095322454209316 0.3226172732350283 0.36720100477101364 0.35500747083007506 0.34424229642124954 0.33990305060733716 0.37241758348583504 0.4337883953578332 0.45172709435069164 0.46342184724486785 0.5198053342501687 0.51338634259762 0.562295977870832 0.6468774710366163
0.2238806811625746 0.2694390470837659 0.2992253083410626 0.2690385551353682 0.26981619379650235 0.2669958834852792 0.26673467015653335 0.29886635359547287 0.26388848019306466 0.2633190007980665 0.262854001147667 0.22349714157822778 0.25433548210214396 0.24111801475851785 0.19763546034088472 0.17232877937755708 0.18101408103621267 0.15507290221588627 0.1420179423404524 0.13609717696824963 0.20878176737351506 0.24448115031833034 0.22478554301589088 0.28942291058101977 0.30326970449386864 0.3149999900479986 0.31571777087519354 0.33651032001108283 0.37584026916902785 0.3940213007736579 0.41876183925859534 0.417250808389289 0.35800300903339255 0.3850440273042582 0.39169324738915856 0.4016185025584248 0.429490163553078 0.49471855481748134 0.5077933093886728 0.5845495294244359 0.5830534212940383 0.6299389609768912
0.24488231257669738 0.27490801246283786 0.33423888891786674 0.3378873329626986 0.2987548507468141 0.34303294679490337 0.3533875129819739 0.32685382871920454 0.25898966370413 0.24955916624862878 0.28865859466488936 0.26631527089216595 0.260169456491074 0.21844219121263336 0.1956604135910478 0.22410268765733932 0.21674741030332587 0.1877297709979164 0.10698823572299453 0.15029818107778276 0.22081931964490994 0.24093304282370834 0.2246959505686812 0.2942380452269117 0.3338213274436259 0.31817402442367343 0.342159453910636 0.33653609475591634 0.3717766000365568 0.3925864538488217 0.450316667161814 0.4448235792865455 0.4046376126699799 0.4150580435111901 0.42300259737106766 0.43197429272394966 0.42670070109795455 0.5002038181656483 0.5314338160116141 0.574047635623987 0.6314771496167279 0.6726224786966563
0.33251230542985644 0.3467353691834196 0.3483996353715717 0.3484021877550266 0.3253382407748834 0.34718109544522124 0.3585420150660183 0.2950242720531209 0.2685053163956561 0.2627471000078416 0.2603716909067509 0.27636061959534197 0.23913815890738424 0.2204384756629266 0.22919452883213168 0.1992173990642617 0.18485428255866013 0.16923444623318487 0.13528639400595585 0.1816202406770057 0.2469209883945594 0.27684772903711286 0.2378575447382943 0.2851941625636835 0.30532809102195857 0.3705850309879669 0.3746472237556714 0.3899576803033879 0.39733171434779285 0.43576282112714987 0.4696940544082844 0.43652043435964144 0.45413634486864024 0.47546247193899854 0.43351319913114006 0.4368963435292911 0.4968519494564772 0.49934328354970603 0.563339072581311 0.5905994886766424 0.5895361979073632 0.6415139979249748
0.33571294464502605 0.38715442910642534 0.365303356366636 0.34732612902449733 0.33425316061660637 0.32031475848885294 0.34973168207549954 0.2915035807920707 0.3306802380428239 0.32532087439400886 0.25753721232969795 0.2511889265874523 0.23794174989645228 0.23527429848606374 0.27481846970069285 0.21510950465651857 0.20600654522608833 0.17595442624089822 0.1663297915964257 0.2523724422640384 0.29638951685425735 0.2927267146581383 0.27064200769147484 0.3162616477343925 0.30249646244484835 0.378733600128965 0.4001416740589631 0.4037767556642478 0.4449597334820042 0.4899744396247847 0.4763697511006573 0.45175437543590247 0.4818167302765273 0.45837638755713217 0.4648655941311476 0.4788089157641072 0.5035097767176393 0.522669346616511 0.5792654656364145 0.5925816422382304 0.5977416307137644 0.5968389587620022
0.31452777392215825 0.37942106762420813 0.3313844773320246 0.32967529329522477 0.3447785945211927 0.28744816024839986 0.30442876997039836 0.2908909260927467 0.2809269163906043 0.32182392008960153 0.3019556940559203 0.2598054896760968 0.3070865988483642 0.276461170516954 0.27242342921402846 0.2513856828661791 0.18990824383528165 0.19041212076266797 0.220158882596891 0.2881863503522711 0.32984759197380636 0.3523044442140693 0.3778040000961275 0.3745339311023475 0.3658702084809701 0.4149615330745446 0.42991347047989203 0.43559935660416055 0.4330077551011919 0.4933684101911857 0.5399135622947888 0.5182862411038939 0.5242195314604545 0.522329347007337 0.5626768477756611 0.5326655747603555 0.5253124021049544 0.592322985456243 0.5852276765563931 0.6123068034517359 0.5802951099466568 0.6096584637648108
0.3245227627123891 0.38009853875632393 0.36600954251048917 0.3594537261329112 0.3043135082588936 0.2748372577993899 0.25660139084497846 0.26873540165046805 0.2712236575421044 0.2873361957687782 0.30615151378845556 0.3035702974545007 0.3359359021923303 0.2895580263809998 0.31653995781024064 0.2516337228335083 0.2414140114450573 0.21618372807608213 0.2652627525647116 0.3208252622281224 0.37165151036007926 0.37890594175557707 0.3850459017434117 0.36785630836399297 0.4253136921511309 0.45916015007649613 0.4557506341417137 0.42918780488610075 0.458080225713996 0.5374538339668106 0.5752174358884152 0.5825156086116966 0.568406469017299 0.6030354257783725 0.6069164311559103 0.5749629638327242 0.5993954215598856 0.6193910588826993 0.6483291353557461 0.6067756060301537 0.6202610099322537 0.6266840134390219
0.3666179182699638 0.3720645952195256 0.33848910311157127 0.3368771819467904 0.3130705300838713 0.2816625982678535 0.29371678147121233 0.24871483077950024 0.27477861473319215 0.2660247802500699 0.274150427506787 0.33778603071409025 0.31680703352083067 0.3538815088261373 0.32231546235398467 0.32500446401010824 0.27166440901382616 0.251840201726102 0.29857525299514565 0.3108245975144983 0.3380650880098284 0.3636900912252081 0.3478961585314255 0.38237599214883705 0.3938113507610443 0.4224859107699892 0.4786659934811245 0.49002782837422076 0.4935110354152644 0.5041169128854831 0.5770054286642506 0.5888379335139389 0.6164933727049803 0.6055280319572443 0.6153289627570958 0.6596871901997904 0.6152827718321838 0.6062848433785634 0.642952050085956 0.6290777113613348 0.620350971079242 0.6419780695098011
0.3516901860700132 0.3261450386472651 0.35847279357158873 0.3116271947705597 0.292974407681009 0.24934265243770504 0.26225104130040877 0.267517006059037 0.2744954135230062 0.2921230740762186 0.2603805594806743 0.2967866532844452 0.3323419957199742 0.36238446212924025 0.3440676469234999 0.3403551328435658 0.28252492389123174 0.3232085557143122 0.2942987260511578 0.3600407133659205 0.37897578341691845 0.38857902641967706 0.37316591045291886 0.34933176553519557 0.3615115735410348 0.363689561893613 0.4177909776305165 0.4447000271227209 0.5175886331580983 0.5326848091513482 0.5809115201826087 0.559859743056598 0.5808776870052161 0.6241138609290117 0.6461075371426904 0.6313021144092397 0.6654020191452951 0.6251797187367302 0.623486287761906 0.6366838777389003 0.6342942992238593 0.6068619331197246
0.3436661508960027 0.3089835415243924 0.27892540074025596 0.28329739903670015 0.29119391045277737 0.25747741720959494 0.2528233282452229 0.24771275059745007 0.2930987886977121 0.2761109555192631 0.266677201715162 0.28394165416862166 0.3180225594033398 0.31796581118619455 0.29240962919567465 0.32888154925617613 0.29825915778041523 0.33545350426150333 0.34304943460318815 0.3672100881797016 0.3944544197896268 0.36809249226955737 0.38751184163680347 0.3872915549063326 0.38056863034425503 0.3515216527436442 0.3819435328095267 0.4342993746948206 0.5112343346129781 0.5513426408903629 0.5418346966066179 0.5572633025597673 0.5923378349439349 0.6360125368079089 0.6796246763305527 0.6691954852769832 0.6532657335058029 0.6516825996958902 0.6859864412279157 0.6811376030486457 0.6610180461245266 0.5801938439324378
0.31865511508276023 0.2763612310633028 0.27055618210552007 0.26245897893815096 0.22512353545238534 0.20394525361031055 0.21617293789993647 0.2496030752150676 0.28075702855565127 0.2619347874828394 0.32362103912695667 0.28059714905350613 0.31523054171344805 0.29132310460148003 0.280593610040662 0.27613017260170714 0.32405559366426345 0.3225727430422729 0.33826021223667163 0.3549596304499058 0.3710419354144479 0.3466923408457337 0.3711782475681796 0.40682586215324285 0.3817654016852347 0.34710135387171687 0.3641508281679775 0.42303812936284535 0.4527237717966952 0.5471975535995512 0.5612232949135597 0.5524173591866517 0.6261114477727016 0.6323265674958515 0.6641529284007678 0.6714646040596949 0.6989823570847477 0.7149931659828327 0.7215278252027015 0.665151361425586 0.634786944072541 0.620576782592489
0.31442173055388567 0.30083027948011487 0.29943365065841326 0.2721067968080083 0.195260673720819 0.20592014858549587 0.2536610164725441 0.28216523396469056 0.2642929189894754 0.2728098636225987 0.30496498720269494 0.31820481124753736 0.3182028498357064 0.2882008751259373 0.2670560140312534 0.2873012946574361 0.32998442022512336 0.3270085100182286 0.3517387310414545 0.36763693075870907 0.3404743838687033 0.3346617794757392 0.371905782045904 0.3947916654337959 0.4143787060661027 0.37962009669304786 0.4110876308913215 0.44340178138024505 0.4771088080091135 0.5337158770317032 0.5284269339074245 0.575605637677185 0.6189015385650153 0.6402256063973987 0.6451321781799949 0.6620396566035471 0.6923135255825199 0.7246145649363726 0.7140659540105713 0.6445794442356673 0.6213922244746226 0.6153010035530821
