Raster_benchmarking/DGGS/continuous/raster-184.asc
NCOLS 100
NROWS 100
XLLCORNER 1743166.7598658015
YLLCORNER 5469297.312392581
CELLSIZE 10
NODATA_VALUE -9999
[rows 38 to 56 of 100, columns 43 to 85 of 100]
0.17047814268992434 0.17832998211714288 0.20165944980923106 0.1541764115556248 0.13289541374988717 0.13345777381966373 0.17426581344193365 0.15675748863035413 0.13299888754777953 0.15213399720054202 0.15969913597208357 0.1145010370853853 0.1145326140919793 0.1298896225996078 0.17925229883026828 0.1592471741248532 0.1824001372499318 0.21676220506921803 0.21543365486794858 0.19438631133580195 0.19892204286469398 0.19446317340879157 0.17810028420867766 0.21925653221100677 0.21393262955980152 0.21447339403796736 0.25756686532217843 0.2575385621801528 0.2495786565239957 0.22804647994992044 0.2503372198203001 0.2137327349760996 0.24037757866919574 0.21805977751281186 0.20563522448797128 0.17283001924768016 0.159119875045825 0.1993125977986733 0.1891914729297798 0.1876550656063133 0.1404504558130855 0.123963988127023 0.062472445220009276
0.20086815542498831 0.20376264919781079 0.17966215992380286 0.18785070342808846 0.1761941033972852 0.15731147801295658 0.18558024082282007 0.17532303977220695 0.15441756324366315 0.17198632884675943 0.17000976896968195 0.16509353645720432 0.14176148973141717 0.14851326718873623 0.16164706740868093 0.1883319212630285 0.2037805523097323 0.2562276044593281 0.23909231756815302 0.24622708189063194 0.22473029268221273 0.19076602228440429 0.17567466187252878 0.17759800209150775 0.1901596920067805 0.23116965682348012 0.22905680827125557 0.24769044793833675 0.23493704385687936 0.24033357952668238 0.25711787906920974 0.23600214414905887 0.21188839062238626 0.22739768949809858 0.21862026898690323 0.1740127234925489 0.14167306653541428 0.16399114358498282 0.18613751097642134 0.1818330958281205 0.16686694960457318 0.13942573323429805 0.12905872770364876
0.1914576061039284 0.21147195601973692 0.20926437155641958 0.21475553975137204 0.22202261152615774 0.19165965383276523 0.1775326970803132 0.14957408315348297 0.12523231736694457 0.16192720382073914 0.2110853655269547 0.1706977115530331 0.1847948578579683 0.20144488730396015 0.19486045933608892 0.23480266872913963 0.25252026423744744 0.27449108948565304 0.29136402278058676 0.26801878889679964 0.2561076503761451 0.24489384164416303 0.21031907929350743 0.20239047021147802 0.1646104328061851 0.22441256281467484 0.2589004638421682 0.27004022572104613 0.24134354671161656 0.25410989825781344 0.23542278633992864 0.20928673136291873 0.1986528986292576 0.1945877660727824 0.21433669650590687 0.1663125353398692 0.15707511913393263 0.1357794663254535 0.1435574593453722 0.17244355651772572 0.16559634239841578 0.14957618421634997 0.12668467339247677
0.22861151093003027 0.20286767266677172 0.19224573101263337 0.2192196658671962 0.21873185126337252 0.23457602210961687 0.18479185500749068 0.18972701448208132 0.17885073161524725 0.2003976737691211 0.22542119167892155 0.18532056471822161 0.18525624651286657 0.18880125242194976 0.19606895618690837 0.21588064437844726 0.2473706457823072 0.2741635463093144 0.303830821742776 0.26812074865440616 0.2640820470231321 0.24501898247386353 0.2497480528676337 0.20412555932511217 0.1954762763553801 0.22648812807099905 0.2627615860167822 0.2604446852826115 0.22367741707152494 0.209325492366719 0.24422277280301788 0.23266083904669585 0.21449385584903163 0.23444038657670568 0.20480233792914562 0.20188397572641673 0.19571036500233244 0.15827539829771492 0.15118489690975198 0.18705495542993067 0.18434825282749015 0.1964618007937911 0.16076765600652065
0.24998898184581397 0.2561266640988786 0.22177165722887743 0.22011851351842868 0.25240373775733327 0.2529159534594493 0.23203024548164913 0.23037414841913406 0.25754788408298424 0.2382211997807919 0.23523927038031625 0.1930342874969306 0.2053798300572832 0.18805264046549647 0.20970135819573463 0.2340026468519351 0.2849052633564609 0.2869941856454008 0.28673428021224057 0.26719392632708794 0.2724974087529249 0.27680558157696056 0.27687637038095136 0.26052182909695704 0.2530377850787216 0.23810635206780836 0.22360866309928792 0.21609799800518537 0.23104299188114447 0.21670272000523694 0.2173566690610946 0.25418554770031526 0.25823911922763554 0.22276959477638167 0.22612041025437285 0.19120913362467568 0.17287765338192101 0.17510764528055042 0.19681031914752808 0.20971494156118464 0.21510285868482637 0.19321171551968602 0.22511562214856498
0.30263224387036763 0.28041260242349403 0.29189020809550137 0.27863793340227394 0.2685723948601591 0.2338918307488511 0.23988961156468178 0.2536400243787948 0.2795852504126446 0.2780947871759308 0.2367035527967949 0.23711981337721202 0.24181750561291693 0.22288136733689087 0.2245062756986522 0.25264159995357366 0.2431763031286344 0.26852845043610146 0.30884583949542493 0.29710595260533285 0.2684572036263808 0.2934865700136931 0.28540891593357565 0.2792791328767478 0.28831433350406116 0.23604997907970532 0.22538574055021063 0.21057356376637523 0.225173657591479 0.24501192998226093 0.23454759404870387 0.2227598045963501 0.2360698764237971 0.24201613878788594 0.21634417705830095 0.1972745517886542 0.1682775855586119 0.17788044892152508 0.19909110120456186 0.20458204756933743 0.2215740978031683 0.1943715516814459 0.21836581454977877
0.3205031994260091 0.29612296038740293 0.29284968860221217 0.25889357912918337 0.2668870061947113 0.2829291918263181 0.2773477002499383 0.3040230047611293 0.29340271857804573 0.2826734870533119 0.23563785855373653 0.2351744802608507 0.24894242974533115 0.2622279610324481 0.23432440623434733 0.2620218771495451 0.25755133824308635 0.2647687669951098 0.31598667985095946 0.29080594393985976 0.29505655285956145 0.2955229871778202 0.2861545878327737 0.2992704724799814 0.293485492875519 0.26544820706932554 0.219812103675113 0.22154840735009323 0.2478018810296873 0.25413266377813487 0.21590168000541776 0.220543277652985 0.26858499585263834 0.24235238924170205 0.26952886035295626 0.2207623714796202 0.20510169026179081 0.22158789615322066 0.22665712594694035 0.20647706017965506 0.19728100080582098 0.19297259183433252 0.23385328700365215
0.2958463432515919 0.2957192741008188 0.3024252188494539 0.28951809580291454 0.27841879765662103 0.28782681229014184 0.2799814084232689 0.3224741852468405 0.29041473502611176 0.28745292348569373 0.2934376068002508 0.2833404482348597 0.2599495182246496 0.2535831552084576 0.26002678102725957 0.2623280160355177 0.27600331283824814 0.28790248714133254 0.30992415533574225 0.2919191463205805 0.2912914407350526 0.2718712567123208 0.2964300910701701 0.2723285290583899 0.27377466330762185 0.2521990433625745 0.21646348013633876 0.22614831874862865 0.22941324372063776 0.24468456301975197 0.25353787991031745 0.2492228098553287 0.2646329257979625 0.26815936818499514 0.2464520899723023 0.210045925518374 0.2141904748566379 0.22315788755595703 0.23539328451965144 0.2312431947701599 0.24487681343199097 0.22950943168266816 0.2725554175083609
0.3188194697293412 0.31316145074029705 0.34263593325634145 0.3353637467170642 0.34432958334267855 0.330027725203588 0.3207572324971857 0.3143461135494539 0.309817854903141 0.3231525883643403 0.29244097424738896 0.3126245114290131 0.2923557610853529 0.2850477268073209 0.29424696689796503 0.29177119201933754 0.25969875177779034 0.2878370966630825 0.2704410547343151 0.2839031697944354 0.26870016281321063 0.3081276458445543 0.2959349824352551 0.27496613626116156 0.2744007991406627 0.23897366680214718 0.23979282945784197 0.25085444958917 0.2326813552678026 0.23786375857975933 0.2618763077076712 0.24753564335563666 0.23780773639918537 0.2682902031437977 0.23459354287990308 0.23799639707046374 0.2099039595076467 0.2409151308412997 0.21935899951382173 0.24043416305972584 0.27221410984785743 0.2949578523239157 0.3105425229747209
0.2923320484010476 0.3093742168212081 0.3588967608540226 0.37688420970492337 0.369473868087304 0.3473482119092483 0.3173442247496976 0.3353824412011602 0.3258189624269478 0.32848854640235237 0.32787379631075425 0.3029657203995049 0.30993347571617325 0.312894905318791 0.30011569057130183 0.3194318696702053 0.29674735500958177 0.32593490892014676 0.3161928675578387 0.3032448484885172 0.31937696592568154 0.30605950627122214 0.2983766980427719 0.27070255762622814 0.2626720370200845 0.2396248720463397 0.23328443352715802 0.273218559192464 0.25697706009048954 0.28216974676000417 0.2630934374301086 0.24109129728262718 0.2293473221996003 0.2560188561374389 0.23070898350417537 0.24388555996920977 0.24510232727289613 0.2461656769009151 0.22684493373459555 0.2667401778946235 0.2700015738978095 0.28226358727852896 0.3185613699360201
0.3004315689259956 0.3125899750705184 0.3615747447376755 0.3578575952706813 0.3838886306537963 0.37702539324151496 0.35236769487776404 0.3722737086939386 0.39600474071720293 0.35668769206986567 0.32998505536800476 0.309939137275093 0.3402769093218254 0.32347901249183486 0.29836022127921674 0.32326020139404416 0.3461345148299789 0.3517124051300801 0.34911141173840515 0.3093304032181591 0.3310377905104851 0.3305003030646555 0.29279737714244936 0.2582803098050071 0.2772091866838067 0.2748744862281058 0.252581503568655 0.2984007239837936 0.2816977789528288 0.3082872033671196 0.29224283884734403 0.2687162439748748 0.2624826788094365 0.256930184243498 0.2597706477776334 0.2431776671499406 0.2878782209905931 0.2651502749196922 0.24923996049851843 0.24433057329239943 0.2344220308758321 0.24788699244365403 0.2913464814738303
0.32943222734273186 0.3449888794038005 0.36786035607393097 0.3770726885178004 0.42170879679001855 0.42488776385148774 0.43291274390786777 0.4218616111857663 0.44493151058074437 0.4107701840015933 0.3895749905199698 0.36224146002385577 0.33521038383712504 0.3199818388627453 0.3428126509703443 0.32915245420140576 0.34283896085126075 0.3498800836443188 0.3078464556557458 0.3273854678402476 0.3298742496512224 0.2986345955081359 0.2873499614272512 0.289009704370895 0.3105265569685846 0.302334440389422 0.29860105102490936 0.3204926496649688 0.3443375112118128 0.3320934243294329 0.30698839756737456 0.30154907598189035 0.2954687865620907 0.2730585665254809 0.2908241395462483 0.2746824424509874 0.2790483608360763 0.2454246523035905 0.24214208530178888 0.24031981904410527 0.23073244938283294 0.26977193092675983 0.2854046721891954
0.35088750547556236 0.34984332926118333 0.35484673933791544 0.4007959545880637 0.4323866341130074 0.4357238978394748 0.45044922773099083 0.4257117034907573 0.456134322193029 0.44949712781860507 0.42228651642682863 0.39580461231770236 0.3592680401043357 0.33330335625621915 0.3550850691757434 0.3593307048979141 0.308873815784031 0.30714709036614807 0.30123243421705104 0.292417485879404 0.2912118741693038 0.3304232795879738 0.3072273236349727 0.3117891333997707 0.3461287742360884 0.31157703908203466 0.34914355674796543 0.3267986171097585 0.35818635797309123 0.3434372457557155 0.331724237091 0.2950213430161548 0.2803153662214937 0.2879058084394103 0.27756363251193816 0.24407171396121963 0.22705815180751296 0.22539046874254515 0.2342286574539401 0.21786730414510758 0.24980965484928472 0.2821802599304532 0.28115455566973874
0.32845906891062465 0.3284386410180658 0.3752636765394503 0.39278255570283976 0.41943919890118775 0.44412319471143485 0.4519931743021403 0.45798823208777517 0.4407545477713426 0.4446730041404653 0.4314068938816268 0.3890636697683742 0.40493409299461663 0.38945770120616136 0.37862368546154695 0.3486552613176255 0.3338932435943898 0.3088575452123443 0.28627002985509475 0.3169288638889478 0.30311787546794416 0.32880690530647233 0.3326183360782619 0.3214113981072988 0.3613242515073364 0.3395274171183871 0.38112220193700685 0.35369381704525693 0.3822289811343174 0.3359941284082974 0.350258892891945 0.31483033233105473 0.3327099216622454 0.3288432066837405 0.28880862749042013 0.27780921570539885 0.2386174343838728 0.26286174777669047 0.23359725904299827 0.23693510615536414 0.2641007843207174 0.2671275876646297 0.29177451415317207
0.311663218094951 0.3483001654061859 0.3815859716038743 0.4056284067750156 0.41265552612412465 0.446659920009669 0.41788812932317115 0.44080908659121065 0.4542387061542814 0.4627855821389494 0.4639494414092552 0.42356660873222834 0.39311996329860355 0.4045199462960421 0.3680271735714877 0.3467511683620705 0.3273350189759053 0.34302945653157957 0.3075872513974934 0.31162998609733283 0.3273913489116482 0.3188647901783607 0.29993339550498294 0.3275359900383887 0.3492682378187475 0.39058171714577566 0.3910174429289474 0.3939447813275086 0.3846461340006896 0.34067283677630117 0.3533920705796751 0.3381962104088413 0.3862309230895866 0.32927542006769567 0.29646990753228947 0.2783167744452872 0.23514356882855608 0.2647712694582025 0.2755323296310933 0.2541658349613118 0.24585310276742875 0.2573285304941363 0.28433794741593965
0.38063140141801644 0.37864248291261193 0.39366146560578913 0.41388667375260924 0.4111600613492255 0.45373595362388963 0.4379162031188326 0.44814588805695527 0.44872733397396847 0.4449031162500741 0.44979892845445685 0.4177955971844663 0.394563768642293 0.38073647429994706 0.3919568624814985 0.34526249193617076 0.33184862933145265 0.35872140914308814 0.3550631744252821 0.35226414780295007 0.345156935232722 0.3291100399136298 0.3255938517202634 0.3749833695884273 0.3791407612917215 0.4030984263750044 0.3870901352752087 0.38580019500579643 0.4093012203166055 0.3793739465951894 0.3814362346007724 0.3653662443766613 0.3675820630175331 0.3257146255429904 0.30568104753705866 0.30478878990762276 0.2728673138281446 0.2784685302942825 0.2680409976943138 0.2767356739952952 0.3042087119183284 0.3141835364123462 0.30625617869129595
0.3819354686040132 0.40822509011794167 0.40000217978685687 0.42907530737447036 0.4390257231153725 0.4393483059089411 0.45274161105043387 0.43921039820155006 0.43540580659096495 0.44127364052863954 0.4227387800717445 0.42986766204817706 0.41214542515219343 0.41638801408923143 0.4083275231716402 0.36334825824099404 0.36845657222824035 0.3819439213415246 0.3552067491963733 0.37977141102553735 0.35757246891036265 0.37504384035745786 0.36330617510527885 0.3863947026380825 0.39156184089048296 0.4255335563766159 0.4287304474138106 0.4175009570653217 0.4018767225970851 0.38902288954090397 0.3977372519414584 0.37434992738398687 0.3630358939726621 0.3346251582779296 0.3488079442382838 0.3300165302629989 0.32170075481524624 0.32603771903981366 0.31035059876438975 0.299813244291192 0.35843107454876955 0.3355290559505469 0.32660895087820413
0.43331064906385136 0.4326105818831397 0.41214978553053855 0.4214905619087747 0.4645711015761441 0.4474767549116653 0.4194757550029587 0.43103917876761827 0.4020925407751691 0.42738920042965206 0.4429421274321955 0.41562224693449046 0.4090038042723308 0.4066449457060248 0.40992624856135995 0.39177290595196956 0.39625122147585157 0.414410760215067 0.3932083927096172 0.39634294401252734 0.3997202585710952 0.3734088364315754 0.3964145162455612 0.4109923713324047 0.39950569353228743 0.40493542948781247 0.43448969456273884 0.42734209394235456 0.45770806776862244 0.4532555571268699 0.42050179270337223 0.41666980645344254 0.41892014898521884 0.3756845544141471 0.35805503042982695 0.3493273427746667 0.33222654264099266 0.32770201518839603 0.34616903653857456 0.3380354846207419 0.37684495128986156 0.36157264816398754 0.36457341888806655
0.44705893926550605 0.4421473172876866 0.41695443391717957 0.43313678188673815 0.4874119294488045 0.43596112187083297 0.42603417196510707 0.40485723962504694 0.39590609473371985 0.4337926097999462 0.4159264704818785 0.44742007004243195 0.4558186331212336 0.431732781570981 0.4259280973231405 0.4422342939640136 0.45796511915528065 0.4609952798555017 0.44963466163232546 0.4417809547380601 0.3894343120011608 0.420982473299471 0.4308589753405548 0.4182646100672321 0.4024866149309402 0.4622879635635376 0.47519617308704576 0.45875238450310296 0.4861818358411466 0.4714957420505488 0.4455682414880128 0.43491661363301193 0.4442496575794425 0.39778586961347595 0.41833558595506104 0.36145938652458937 0.34005558800726265 0.323093508980369 0.33899444728624256 0.3793126435359943 0.3903027757210731 0.3848406721951922 0.4080840387038891
