Raster_benchmarking/DGGS/continuous/raster-177.asc
NCOLS 100
NROWS 100
XLLCORNER 1743151.519549841
YLLCORNER 5469296.715809622
CELLSIZE 10
NODATA_VALUE -9999
[rows 57 to 75 of 100, columns 0 to 42 of 100]
0.2769798439538758 0.26721793623363477 0.27573528197850417 0.22160935019442374 0.20404942115845284 0.1830118915177629 0.11994628316299294 0.10203078714058222 0.062265598377391554 0.03470854775021219 0.056000654994823436 0.08184227235663548 0.08892299463614951 0.05402687575105111 0.05890115516513139 0.08226406473605506 0.04009752890762919 0.04654119587198446 0.0874828891565526 0.08053421127882784 0.033137415524109426 0.032963552555783815 0.10807145717027086 0.16210375469734875 0.17000208755533497 0.16328636247955788 0.1672485503744415 0.16979831649572774 0.1803613263617035 0.24736894516056124 0.28633904650235376 0.24985993119085692 0.2731985673967662 0.3426429814348282 0.3985509652028637 0.4065567176074278 0.38467455493403374 0.4299364982402411 0.4133179952802174 0.3831413711203451 0.39876081552714865 0.40533118676541346 0.4371277188537599
0.29757856270075356 0.2558619436056063 0.24915409450610906 0.20739271125512623 0.20327100067043666 0.14642340015445168 0.14819283700365965 0.08863900807579976 0.05226259924946478 0.06665908165351342 0.07900238732386997 0.03849675160180903 0.07340628972784714 0.04360149919345603 0.09061717571015095 0.10119753784582478 0.12331837178682514 0.08832010460296136 0.09284388441010742 0.07915123168610018 0.034198464947883714 0.05069206912094211 0.08602344635272058 0.13594315215460215 0.13519678997834203 0.1756608016178033 0.1417871987087391 0.134740961766763 0.17915002070434752 0.18270438424543667 0.1984371840311153 0.23730923760178033 0.3161573593864277 0.3407351149512584 0.34439026660688904 0.3838238089775249 0.40310918136782176 0.43665692785836047 0.42884913799668956 0.41271669738887135 0.40001262904779306 0.3934551625490515 0.37184442783440264
0.23476608383914188 0.2772927026401094 0.2625622275149873 0.22240062945614697 0.17887593193151358 0.16608437436179482 0.12201430701678194 0.09996591669682581 0.04349534256306381 0.036278988066410445 0.0735290852727933 0.06975644699681889 0.023174330226497952 0.02153551819421099 0.04600802375464001 0.07921026400324999 0.15832128117863606 0.13836710971770713 0.16985111435304895 0.13745020851732728 0.09252514581687493 0.08292493413891176 0.08024330028148276 0.12020664962246157 0.1710126816296015 0.17013201919180565 0.12393614901822013 0.150082905049907 0.09877257815163693 0.18067704556196415 0.18147403033062712 0.27309366639536525 0.3103628417027962 0.31028362585418023 0.3287530101333404 0.3754816219025818 0.40951319963363986 0.4343704754113298 0.42253966096160694 0.4176013616107617 0.3334321506801372 0.3832931210084098 0.3534940146524118
0.25871033085145545 0.24968093520198428 0.21866673683888352 0.2426174407169359 0.2368309203482568 0.18172301890802334 0.12661403300885427 0.10443083327284186 0.06934607779555911 0.08280375038121177 0.08626808488767433 0.023967648696843567 0.0 0.02217565182079698 0.06311703956402515 0.08516255355630571 0.1715898934850551 0.16949088966141473 0.17639533955823394 0.11164820980457034 0.12020918583739329 0.12123130236004624 0.13618500061712052 0.11530723503652938 0.1649464038956989 0.17892278340612733 0.12221912737240989 0.1371653834533611 0.16302947629046075 0.16739059984631616 0.1809396954050696 0.24535311337024868 0.2450012030885004 0.276072068010966 0.31748853030571184 0.33997467453912583 0.3448108865434665 0.4104730733579322 0.4004952190657366 0.3943800641687825 0.3305940475181882 0.3326023468999463 0.3261617339917505
0.286421679272381 0.2879273342710905 0.22664823514701676 0.21204317470659853 0.23315434188774084 0.1575000859568662 0.12274524031259547 0.13319730146285125 0.10617157063018215 0.06668480867430197 0.05862571928686392 0.009157178559124807 0.0228149861293109 0.05539794702985035 0.054871158778925545 0.12682472622005156 0.16351828487634876 0.15811430280582311 0.17018557919853086 0.14978189766881345 0.08517286209979626 0.07560914389196435 0.117472800056238 0.15206800272475715 0.17781051413745405 0.12828633653841026 0.13400424179038498 0.11449301220746372 0.16220357534625812 0.19191663275165077 0.23304315931921127 0.21635563275387296 0.23162312283048844 0.24500061147095062 0.3018091645189731 0.3360961429654291 0.31233202583394093 0.33678041847777107 0.38744166489375403 0.3948927164453996 0.364777407555251 0.3448071928786334 0.2926254654690253
0.3165227358139938 0.27982946486276605 0.23900445504819443 0.24369400740309935 0.2335041315579859 0.2030903053736074 0.14103196005257607 0.12194839319740516 0.11562981112072747 0.10333401664117801 0.08431039436733713 0.030684802208615053 0.0532970410429504 0.09179174471403946 0.08783972147462774 0.13281612803584855 0.16457355994532458 0.15431543490349636 0.1609546953797337 0.10931507836773637 0.06482581450473382 0.08198350709258646 0.14557403670511604 0.15560193788560794 0.13377663281657068 0.14357554767210104 0.11245148632030438 0.1447334290852641 0.134702141508252 0.20288857685976172 0.19466612159749844 0.2096205644028253 0.21750720986325858 0.24448976071822806 0.2939792075265955 0.3122792523120016 0.3072520450021166 0.35788808839149167 0.3283894610897036 0.34148861170130534 0.32903812361791157 0.3422814225762455 0.3170146313577046
0.27691346972191205 0.2744481786856074 0.20368233047732334 0.22010280880832597 0.20303259471912982 0.14614448644142788 0.12785771825987838 0.10242668662647214 0.0760551804012653 0.08298645031365579 0.09556136397358683 0.0959300799046289 0.0584418197752726 0.12016222458909458 0.11883789774559624 0.09944398552194185 0.12515188057905527 0.15652131379461023 0.16678723073587268 0.1449126117818736 0.09464526024973104 0.11101734750798403 0.10739537190112616 0.10240712641781594 0.12459712033832027 0.13536729360635869 0.13139007267809916 0.11325452100100679 0.13808632637757529 0.1547274723425175 0.15426678585577155 0.17431515974762363 0.18678421776214446 0.2556014831836705 0.3014498760057312 0.3373916419119404 0.3418072626061207 0.3464151609090971 0.34088897347081565 0.356040534267159 0.31754349315249814 0.3590052779835875 0.3445676228480619
0.2634510171394108 0.28348468210727146 0.24453408736873358 0.22190557258434893 0.16679620261582034 0.1439965332837339 0.12863642565994676 0.0842923613921146 0.07293628330349906 0.09010426938158446 0.08500089293187733 0.1113586798187377 0.1309919070396296 0.12903941316468262 0.13759427537858462 0.1182254148416372 0.1526302439518626 0.13650123960515487 0.11894364327019215 0.1329742235670687 0.09471346881696988 0.06019280341625127 0.10973134112140548 0.08980320829789493 0.12978663549600794 0.11526776138546442 0.10717678082451204 0.14129651926638695 0.14194376823808408 0.10467433355505627 0.16924176926144055 0.1690257332075515 0.22429109242976586 0.26086392097695527 0.27977205063651045 0.2780064211493523 0.2888253568447899 0.3322351029518764 0.30905899538053155 0.3145157379882449 0.34799214048914046 0.33428924513098307 0.31532866902717077
0.2756354637739954 0.29331775420113404 0.2648991624630356 0.18839326414426558 0.16147009199293852 0.15217083155621827 0.1219729315992462 0.09508188876491533 0.11212748271356912 0.08393614367511205 0.0996486941238939 0.14915265863041655 0.1712216551687313 0.15010328740261158 0.13294908498740055 0.13862852198557946 0.1580590628525955 0.16216270880520695 0.10889006597015205 0.10022973109084683 0.05332313912020839 0.05701447300735447 0.08392451037220419 0.07858530996650712 0.14521094081683197 0.15985960995408116 0.1230198821988679 0.14503060254931155 0.12483686004743898 0.11624736271835477 0.12474493549623918 0.1711295316100525 0.18081202000862812 0.20317708672723048 0.2891749505385375 0.25904022284150985 0.27174179364761963 0.34500857234584664 0.3552787453304744 0.3564068272314629 0.35606745293831676 0.33426672060791346 0.34098699262218923
0.23133804578860886 0.2497972819596798 0.21714223578384034 0.22159601160642198 0.1517390946938506 0.17241822664013978 0.12948441030776656 0.13027871133651112 0.14358653916276987 0.15077386688387703 0.15351764575306942 0.2008275004014991 0.18070825962423426 0.17015444923943784 0.1803013586465415 0.16543644513128727 0.17505371998477462 0.15088946435272588 0.13200615706071434 0.08143776151938258 0.07857137157170943 0.06486676274806324 0.0580639324983358 0.10277231358522362 0.1575011085636636 0.15817556094287277 0.16190601931713539 0.150578548755981 0.12506580032140893 0.11281404813580534 0.12167152482756358 0.14686702965220405 0.159754227645484 0.17072460543219684 0.22095271673997932 0.27243800547069125 0.3104397699199099 0.3245316387746328 0.3615495266464387 0.3499223661547432 0.3479313122433151 0.30402877384969185 0.28110525880661275
0.23868541939841265 0.21208519169867915 0.21568044466902864 0.22236886686586188 0.15639250400836527 0.1489869666742364 0.1752970254810285 0.13849460307631417 0.12430929722259208 0.16417417344569166 0.20246562900405363 0.23724431208097713 0.24711598091829876 0.2013736958971334 0.18499954719780232 0.16381985907320787 0.19612857873050782 0.14161998447122082 0.13655662095637314 0.08431252478209982 0.06095904667161851 0.06836307846135037 0.0393667218043958 0.11829631932178447 0.11484426146785673 0.15985232403740446 0.13034457289646015 0.11583613217600244 0.12909000605575177 0.15714005850972856 0.13035943710286582 0.1458308586414833 0.13664588033795474 0.15127170137979684 0.194455950300527 0.2219018937915784 0.29199560770254557 0.2867172540313778 0.34743231388410156 0.34906622938481635 0.3294756183190814 0.3204771735525257 0.2539839682860768
0.2814739812886361 0.25682787757911085 0.20505133815223409 0.1976602463315471 0.16311879006738386 0.17123239276991956 0.16363735340184885 0.18795658084241926 0.14905576519125072 0.16750876826439473 0.183499403709109 0.2138382653836076 0.20213076773044536 0.22716392824162807 0.1852480589105881 0.1757501278858443 0.17678396137961433 0.20161063327783524 0.15312068706970372 0.16001328959948527 0.10130663095370677 0.07929426496104872 0.08041158924301899 0.1062107305849652 0.10075714321406615 0.13022477126574278 0.1093827297554717 0.12902610873035641 0.15732194631131904 0.14399155948061299 0.12364403004688784 0.11358737756604854 0.11261081372163906 0.16612449752882852 0.16810527983762022 0.20178441778014297 0.244950373608036 0.3077510214110572 0.3307987296748937 0.3011603255053809 0.28250733958401014 0.3089083076770088 0.26737539363775675
0.2572417580403157 0.23208951353483315 0.19852485538213688 0.20127917055261446 0.21179066258689025 0.17858654247333067 0.17426125882904558 0.20896961279474582 0.20552149009885518 0.21168041354432432 0.24195299489470523 0.2497206607902487 0.2294610703333986 0.201276506741568 0.19279938424761484 0.18608757849871185 0.20649534254230778 0.2070915295273389 0.16102226495956973 0.16787397041982655 0.18368794617753312 0.16270129332997502 0.10135437552463572 0.11297191492523523 0.13647074969325404 0.1613174044355649 0.10878797406026472 0.1645835660900548 0.16970956077683638 0.17833985700036917 0.11231706802647942 0.13084659203045837 0.12692982589243054 0.16874900276553922 0.16821355301714316 0.18760466870402803 0.2399718702819496 0.2598748972337983 0.24530346695928132 0.2623887677472494 0.26911250565196815 0.29009815754825075 0.2781960818187977
0.32227098801082266 0.31005639764562376 0.22519686871078642 0.2144467241744767 0.2185733098422526 0.1757242780015878 0.20966027438043203 0.2057709823416822 0.23172484375568625 0.23578601285678852 0.2624149467414985 0.2819303248281892 0.2693640381692193 0.25527690944225184 0.20309845282486982 0.19779358147035236 0.20088609879389815 0.18465930902709715 0.21311361165268627 0.22749772417117786 0.19721261625228287 0.20040847816959578 0.15407790966983265 0.180874341373674 0.15392931274018148 0.15516679745849946 0.17189041024922552 0.1713704387252341 0.17348524360260828 0.18163363854487388 0.17690018356684906 0.14180607664881434 0.15832976165888918 0.17121061483504696 0.15992941674739672 0.2024648851953255 0.20447587083355256 0.23513471113840045 0.2544154065954482 0.23649160576338926 0.26741932842796096 0.278945045516751 0.24278730833387505
0.3736736534427701 0.31042580589839314 0.2915223556268743 0.2555165219623381 0.20518124430420975 0.17896269302508971 0.1753194841111965 0.19972062574558597 0.25270942203905117 0.2854236894017762 0.30811539562831264 0.27364189418293 0.2927588767689584 0.25018276942548745 0.22089854513811522 0.22125348167374834 0.1557105131686417 0.18717335699217189 0.26190118576334137 0.2339554731262629 0.25440313481574106 0.26567267809946093 0.25216295442062775 0.21015311460383368 0.1646265999490987 0.17483867726348137 0.15853310347810726 0.1615561200015518 0.19190486103277068 0.20250150169456563 0.19930313306802314 0.1507717572078723 0.14747355821481437 0.1365109271962392 0.1492928045505444 0.22474995077328713 0.26490231243358064 0.25272131513782464 0.21415243318459534 0.22735598528589407 0.23962129068123778 0.25850930183177573 0.20268839412201367
0.4271894821900371 0.3780344075470313 0.3040803368611813 0.29771553426310765 0.27348475140167944 0.23453041852372988 0.23519327009080954 0.22364382021005874 0.25179960554853964 0.25780107637469407 0.2642132794126226 0.2569073749903659 0.2786621453834279 0.26042137460720854 0.2615902497306412 0.2706770175925724 0.24900235248043806 0.2258015767067214 0.2496952336499771 0.2787851757491953 0.3153336680654243 0.29335748072081386 0.24510798226290753 0.22750178845001548 0.18863441822284882 0.16654767623705283 0.17655381381097884 0.18313743687311018 0.19446056162605127 0.1750112963769587 0.20259624696401823 0.18892324934781268 0.1494332409016225 0.18941516605039202 0.198522323205217 0.21218476150697757 0.24042224103446688 0.22751086763588632 0.21407634168766423 0.26331902626987397 0.22402026346696832 0.24018579272693372 0.2009453844697487
0.44768591924186185 0.375350068462302 0.3644637385130071 0.34250398366275236 0.2792386924022619 0.2404234498209653 0.23328274957473535 0.28100569796279157 0.3008371707413895 0.24911793249139966 0.27067243744598724 0.27203810449779664 0.24721261949794307 0.24529138522299537 0.29878882988287375 0.3089576356592746 0.289485377519259 0.278092003355601 0.2907354748522525 0.3146139299089186 0.3358535432464642 0.31050102964572873 0.2873634333739776 0.24864241091228012 0.24609334881541323 0.2060336309887441 0.1858205236466426 0.12705903010969824 0.1384217174292143 0.19870274944738597 0.19031107492691393 0.21043723787677604 0.18861197362694895 0.21328401567709787 0.21750382533954282 0.2316919655075869 0.24441321884445436 0.2679993719595422 0.2594739660284891 0.2479683719368247 0.21414775782385673 0.2100509821203599 0.20177104091874537
0.4664185254955088 0.42495641862010064 0.3556593920335308 0.33821613241902604 0.28987224399009004 0.28686644204862416 0.28662083203699285 0.25529017076081584 0.3026982839863216 0.26408330113153544 0.24155912461966297 0.2215610758938774 0.2597260954190973 0.2918168715373163 0.332598566008151 0.2887343001381472 0.3173509869845935 0.34608061882860974 0.31993845838932367 0.32399681132923613 0.29823118852543895 0.3107821923228999 0.28386399341093577 0.2657728145834604 0.27109455654826986 0.21371563837817606 0.13948850785632386 0.1260867065320092 0.14427203840994568 0.16511805823010714 0.17186021402255205 0.17070913585320754 0.17973384322366365 0.2530435593411747 0.22174716789897755 0.2536219539533705 0.23184915598218414 0.22998000283631528 0.2261406557926813 0.2647733902498628 0.24463977660552033 0.2603732961282335 0.22395959405854393
0.4455846787262459 0.3956783003677029 0.3641044950880444 0.3485092643361153 0.3151724763395538 0.33186930543240184 0.2909675221909598 0.3122272852748165 0.28161184399605765 0.2729217659456554 0.24500301226405904 0.22394536243020222 0.2444953254102478 0.313692545101037 0.3441726680431453 0.35223807642171984 0.3481875607902781 0.36701569103649956 0.3590133627528913 0.34914469365673845 0.33817948641034407 0.3308960413739471 0.28679176239993337 0.25513766748387423 0.24111516234921462 0.1941202958131625 0.14700261483438942 0.1305431415250042 0.14779527701289358 0.15502553214732234 0.17996256205518743 0.17981934748575004 0.2221297223878872 0.2696261794973414 0.27622095432942906 0.24464587326337706 0.2421317422818081 0.23859793867199405 0.24681752209205787 0.29351345514022004 0.27645362786947514 0.26024006821903994 0.25148817749630237
