Raster_benchmarking/DGGS/continuous/raster-200.asc
NCOLS 100
NROWS 100
XLLCORNER 1743154.2276695708
YLLCORNER 5469287.190629297
CELLSIZE 10
NODATA_VALUE -9999
[rows 76 to 94 of 100, columns 0 to 42 of 100]
0.3989024301217366 0.37291493242388285 0.38087180764165013 0.3900767514679693 0.4067159453751669 0.4176264748218355 0.4070406769572822 0.3947564863104702 0.37109175333355593 0.3643425070321991 0.34861770244502654 0.3079415607835838 0.2756212958402526 0.26599271945531333 0.26777943740732046 0.27631081907254756 0.28094215089140306 0.25512997517795005 0.25941027949237777 0.265113025065646 0.2699192707785635 0.2972977163277181 0.3233147340682721 0.3521716820907136 0.39699693631819893 0.3832527121546314 0.42543430396508447 0.40216937867433955 0.4212385480830271 0.492335100969169 0.5309547170064909 0.5434130937162358 0.58651822352855 0.5581916361560365 0.550033743805208 0.511955842080032 0.5032671231879411 0.5298043435051073 0.5435231128880968 0.5454878964418424 0.5568471002060664 0.5068117644584124 0.48866737124859067
0.3842659469151476 0.36221638189832556 0.3673050761630489 0.36902719622877794 0.3561922722159964 0.3688272225921906 0.3801085523709749 0.3910601347876976 0.3758381195651884 0.3581981233277208 0.34192904248417116 0.3108931479606457 0.3110881414737458 0.3000947257519897 0.2614808800558737 0.29171353611061646 0.2826222265059215 0.2550325441113959 0.24811002413193595 0.2543691024473604 0.25903517320202557 0.2776412993435662 0.3068572915991525 0.3451443950067514 0.34928501168760523 0.3640211554412204 0.40273889770399596 0.4131040596647755 0.43397776643125635 0.483036317015601 0.503435831794024 0.5312015920553048 0.5431329333933765 0.5535017945182321 0.5437224105541736 0.5250821365492887 0.4879576475680106 0.47890398329731104 0.5011294367416733 0.5224160365725534 0.5298072305436509 0.4999074715331523 0.4710911222247785
0.3248977161104974 0.3396402712440934 0.37148781679786347 0.3711339009838005 0.34350962747361335 0.3435046025134442 0.3707737745412163 0.3538556075583058 0.3472769145156084 0.3528293707530024 0.3572305283870871 0.3120589185344461 0.30293783752100667 0.2993844445655835 0.2639616117917368 0.31017955040629186 0.29221607470585054 0.2544127416106135 0.2624046011155913 0.28178357397438686 0.29254961106481175 0.29611109766005966 0.31033707292794355 0.3104786604988162 0.3282124281084287 0.36973865097046105 0.36385873178438627 0.4025321049954504 0.409897933702367 0.4535444620168796 0.5010196264486002 0.5248928958813629 0.5532363018817764 0.5308389474336139 0.5136520491893499 0.5256142256987371 0.459023013926343 0.48465083468907766 0.4783078104071929 0.4969720780248171 0.5016549347599226 0.48251736339144635 0.44417419000491537
0.3560923560338802 0.3522324132425732 0.353503954456391 0.34620275451704746 0.33885826917143097 0.3765837092016208 0.39174437882207624 0.3821176787797718 0.38222077456234405 0.3762599719900342 0.3649577832342499 0.3102144158334193 0.28720288856378784 0.29782341887988933 0.3064305632838548 0.3110183048744266 0.2789124203858093 0.2732350230260349 0.29100637744740077 0.282229805674188 0.2880694045274819 0.30755376261580725 0.29671843175814944 0.303715385152262 0.3485114995227281 0.3428159457467287 0.37775060218892875 0.3956084927919588 0.4204630549499434 0.45610865788254196 0.5008772149993528 0.517446989376234 0.5225409321121922 0.5472188500245883 0.5126451411011377 0.5160671521526077 0.4911358374630752 0.4666966793978072 0.47320288584851655 0.47742932472054245 0.48799572339384073 0.4519877190600016 0.4723952412980831
0.38363350766426885 0.348154395598511 0.33047312241443166 0.37852918559406307 0.35712681913775635 0.3793984644378677 0.3766779254486013 0.3754304752253545 0.3601906570347478 0.3546754118270294 0.3484404032103647 0.3258036131997405 0.2953939761182489 0.30380570485037744 0.3432994794594403 0.3132460877887113 0.2987526286154499 0.3055950291687701 0.3216193598185921 0.2850336485865688 0.30670547063025405 0.2848838764460374 0.3001112004253009 0.32340870082643447 0.35831831151774657 0.3737670127261086 0.4039921487788249 0.4123570372590743 0.4155370738333904 0.44341439312324743 0.4853782527039367 0.5102793571899783 0.5456000587071884 0.5472987022339907 0.5367471682612417 0.535973108876224 0.5219318952307599 0.48890692573247363 0.49697282945408316 0.4491109565278414 0.44978696019586006 0.429886778187447 0.44531321116140493
0.40488666392471534 0.3810049177918238 0.3761161216383868 0.39175394639409405 0.39505003080695644 0.39419488775665856 0.3709373489000601 0.3603814814987489 0.34834818380500104 0.35325497838732794 0.3284228979878926 0.31888733342107245 0.2968879128731899 0.34995408278332724 0.3615380166611827 0.33217007043482877 0.3329616576387242 0.32074923390861987 0.33131387356746644 0.291197715075692 0.29618440743311597 0.31421629461515715 0.3453554862293043 0.35593740986562217 0.37273225604158944 0.38855744537199877 0.42530260252241747 0.4364552886638812 0.43512088072148836 0.4788496490712069 0.47296789033304415 0.501978188868371 0.5331446480172002 0.5111965371831059 0.5020156897116239 0.5049503525943597 0.49251926805200874 0.4893476388045476 0.4825452819433391 0.4584029800624556 0.4592989171706438 0.46088215091134116 0.46567804204973395
0.4061740191321435 0.3838188864976011 0.40211644485511955 0.37455587364728127 0.3969085471671632 0.3926332663816006 0.3673704197858177 0.39075586516158833 0.357277356207826 0.3642321703684443 0.35722101942488294 0.3316200186409587 0.3159719630613274 0.3336332937780758 0.36791029486721827 0.35745921309032425 0.3263421312276203 0.3305237581427634 0.32898384127006086 0.3269973103778252 0.29785029701788746 0.31358023299205817 0.34292145649939454 0.3437526766195098 0.33437999750522907 0.3883280219589631 0.42239116585777503 0.46781258471134757 0.4797593807992767 0.495305002882557 0.5171112220560795 0.4872024603422754 0.5278414324258982 0.48942984742175694 0.5119058716046034 0.46572027122358267 0.46219781770247675 0.47933116304237766 0.4503991092894141 0.4670995362082745 0.5104331926594241 0.46642609085861864 0.49478863756486874
0.3762925883567214 0.3847390805760261 0.4096062426635951 0.399964977940236 0.39185428608639605 0.36403045923289645 0.3751403513123584 0.39202719351472476 0.37062805200724813 0.3782933876454526 0.3548053383728476 0.32516496138739126 0.3524000605011198 0.34088230381019446 0.3351266901711084 0.3707268500660836 0.3493493790866471 0.35830479438801194 0.3314324049481837 0.3022548507288543 0.28960207413204153 0.3008583843204234 0.3478127126421228 0.3379199124267945 0.36887246347097824 0.37114072348344546 0.4015840215351269 0.44204705716078707 0.47068285912374425 0.48132491148252166 0.46069191150299127 0.47402732670809933 0.4942133139288431 0.4863174595977363 0.4992042745069743 0.46261651556030964 0.46703257768684475 0.45153013490926147 0.4726661250763871 0.44934166371622036 0.4754168631150664 0.45641644867901476 0.44260013346117244
0.3871033427352747 0.3602490266825903 0.36277365440468773 0.3454728560907851 0.35040817061700874 0.37745741265840177 0.4121497644555886 0.3980406724856542 0.3664042309622897 0.3579444438075299 0.35161521242608496 0.3405147469587151 0.34460867270364187 0.33791705798596894 0.3379126827607087 0.3724890445141787 0.3685174790041343 0.34295612504823836 0.32344117533803446 0.298865929835284 0.31820927687414075 0.31507097201954926 0.3185971351798779 0.3601869084188522 0.3454092364805626 0.40147049232674376 0.41243820024901856 0.4511095639430281 0.4789136311930104 0.45467740811301205 0.4545701282770619 0.46383529002439744 0.43932289636902777 0.4736880306902487 0.4578538551960463 0.4425752508139283 0.4600670988055534 0.47730110915924195 0.4613118206990487 0.4673371404798541 0.45472470814992444 0.4718058487053202 0.4470925762173452
0.35154862204256637 0.34966358175528806 0.34285782004955 0.36109054973396015 0.35460533031964286 0.34159097022534557 0.3906345535024057 0.3935426653615325 0.4161849290300049 0.40070003951661215 0.39092055536152326 0.355595928952078 0.38376170334177095 0.37476775958564384 0.3714335537111198 0.37859560834312334 0.37268086790396937 0.3483673189248228 0.36223795743166676 0.3305234818944422 0.3411916953189088 0.3700046879550181 0.3755257153255385 0.367849223095971 0.4040679391464733 0.4161028999167058 0.4421852566527057 0.45139826889791107 0.4617134027949587 0.48623386723608236 0.45157133740208155 0.42617924532267243 0.43409943231651993 0.4548020538922424 0.42233814827835975 0.4393428260804855 0.47588420610720306 0.47883823593704605 0.4767426503539335 0.48398519350077185 0.4668859826921184 0.4459818638171715 0.4443552165500051
0.3015172841062218 0.30276669598550837 0.34626721132039523 0.3498388017835976 0.31632957673515 0.3092942084931686 0.34222008906929174 0.4039701503711502 0.42583967093929276 0.4374413130024268 0.42345051957375424 0.39585889974245736 0.368128223711703 0.376480997688851 0.36808423160759524 0.38640284770442657 0.41509630753936166 0.3703396639585134 0.36267360864111337 0.3775504795539007 0.3905330529897389 0.3822132834451555 0.41192156743687947 0.3806071139855767 0.4068047381477174 0.4353097737355774 0.4421222835585498 0.45812876243011297 0.4838246601689398 0.44460898568030566 0.4481041730054974 0.4225304821114132 0.4545233580686349 0.4140039466596685 0.4166255663211129 0.45394028530872893 0.47792930641122794 0.5064715503099224 0.4934167184895445 0.49924836314327564 0.4639002763686941 0.43562416014705546 0.437686589013937
0.31186880256108823 0.29815057732861633 0.30537779066645754 0.3224956790284003 0.2965476903564359 0.32527050555614595 0.3330595018237327 0.39748624948279093 0.4077034216864759 0.4382326762657327 0.4145754961467731 0.3811626831720555 0.40988326124850966 0.4145235231421364 0.38812233557110926 0.4107586366589655 0.42279057420794086 0.4176661292403763 0.40716387207921567 0.3933940588690164 0.3882665278972332 0.40092112612932546 0.3742617426708815 0.38170538449906116 0.4127910186083626 0.39529118645042005 0.426875004623535 0.4539529331720042 0.4264034773498621 0.4531337639554605 0.4544374367873195 0.4208338337694821 0.4171372127670878 0.4225217940661354 0.405979035606568 0.41833728237312445 0.4711316214022863 0.4919647404117756 0.47463484845345577 0.46390836847054684 0.4594491488011388 0.4558792603705642 0.4464581691741336
0.2662742197822978 0.2986521957004953 0.31515316126888376 0.29250607156733277 0.3104765910686425 0.31345795494757894 0.3450379455463467 0.4041084563651098 0.4358399820762652 0.44966224163151786 0.3994533968899284 0.40846667671521997 0.4156121843616293 0.39892405940297665 0.41453321948680244 0.43057381615139095 0.4147078856901102 0.42921965148560365 0.40405279142575745 0.38081518779934104 0.3560436411874142 0.3702538440504997 0.38248098055024304 0.38468694195473385 0.4014424300408708 0.3935464820578247 0.41241846495418594 0.43676556877251355 0.39365367755645997 0.3947694112296252 0.43066738291028756 0.3978787691923338 0.38406231874822655 0.4155355639763474 0.41059991490553976 0.4220993887979974 0.4574697095878329 0.454171047468755 0.4746203405684215 0.46271068613146127 0.46012275190812335 0.4368030232792366 0.3963716045318954
0.24941560474226024 0.2893434180941418 0.28480091513661937 0.31068280642337465 0.32581750748908805 0.3287897603430471 0.3582348281827294 0.39322603599068356 0.41634911516618983 0.4340937573770484 0.3988015948900801 0.40570333709091444 0.3988085291189405 0.4325342994842534 0.42370475129120017 0.39366598996430074 0.38757586880597306 0.40212960866486264 0.38440050448514956 0.35960157138325255 0.338797759458829 0.35578552763907273 0.39459417192892043 0.380652161354292 0.4141601794577795 0.4283109066858808 0.42585405478254734 0.4054890785066909 0.39646172282224584 0.38096912205841804 0.4053431322262374 0.40489034684875364 0.3687142489007225 0.38400631281515885 0.4230716730996209 0.44946969591139174 0.46184118064833457 0.473262878548247 0.4810024590553169 0.455302214685 0.41992918817645253 0.3849974428243757 0.3859117056199283
0.24481489152311162 0.2585004077144107 0.2592375991901623 0.2651551843509243 0.2874567997756225 0.3284023727113298 0.35924132143942267 0.3811585725049009 0.4199754616639556 0.44047168869604475 0.4097782264282452 0.4103285422747303 0.4343749801695936 0.4141066409902599 0.3799763118164104 0.41279173764562804 0.4138694948394911 0.3907168153277934 0.3824061154672789 0.38993086297531404 0.369678084302603 0.38529537067906405 0.3970441351967967 0.40280595112573514 0.4167755677789333 0.41529428656500705 0.42359895065858355 0.3959011558492409 0.38240025609370193 0.40889107529809515 0.40629614344260656 0.3974946523061428 0.3917985401910442 0.38868798759988205 0.4140424072844015 0.4186806591112 0.44644024485381373 0.46867302881879264 0.46231599382682387 0.4321462841351 0.3664404878417383 0.3738410454046523 0.3757692978996072
0.2611876646498781 0.22778331532873625 0.25189492541170105 0.2589205697169195 0.2916902069449685 0.32091754371484477 0.3465452026162899 0.3969092874796941 0.38185172780295656 0.40895498779005457 0.42105803071584574 0.3948177398658849 0.41113556566209264 0.3920008805647941 0.3813373957894358 0.3716653005746491 0.39411134212309823 0.360104017871888 0.3962951872283184 0.3991278313458064 0.38717366977458656 0.40097018457286193 0.3880785456957842 0.40940789068585365 0.41792715879736364 0.4009500931463721 0.4115703837055524 0.3885772910210605 0.38395186121325514 0.4001568654361159 0.42370216664440513 0.43636339075141467 0.430257898980055 0.4048811938371688 0.40766966700872576 0.4062923753832169 0.44648542779203565 0.458533743185373 0.45175782179495405 0.3960284364653656 0.3772161929067546 0.348088409843109 0.36436488277681905
0.24632219307510658 0.228482904136142 0.22823823702597715 0.2688994693046465 0.25506711187382375 0.30248235337227913 0.3280239756033705 0.3502808663164012 0.39011685610663877 0.3807176426585062 0.41491158510582477 0.3791981299629217 0.4027430944135986 0.38912733859087634 0.37840684022255666 0.3808595907407776 0.35136032356906954 0.35268176455062955 0.3655672096131243 0.3862503523747894 0.4054792334671478 0.38643567271344864 0.42022377481295264 0.407729613621252 0.39947557330176303 0.38917095400726776 0.41166502297063284 0.4349165713725887 0.4186121410124248 0.4321230680461706 0.4088516719120057 0.4170941036354 0.44545056382830506 0.43334156326137496 0.4337321211436513 0.4474686626900341 0.4226672779161512 0.45848113494580023 0.42238963100964777 0.3643342449562998 0.33976828511788826 0.35596239464392354 0.3532747371488158
0.24045271742967994 0.23571637866112494 0.25185754503610885 0.2480439917440886 0.2632239939136771 0.28892261080393805 0.31527116684018175 0.3268453396163687 0.36669926176894213 0.3604211798978643 0.369096222293278 0.39054490128116454 0.3740643794999384 0.3749320639271324 0.3522164546724952 0.33784985379642507 0.333983419421702 0.3438939603687913 0.38096506402617714 0.3575995641923242 0.35807683973845766 0.3840057716532204 0.42240263583718385 0.41242925894245486 0.44401943974668223 0.4217903946819149 0.4172475983911238 0.4504919726401039 0.44842101834583464 0.43588979881628065 0.4217352685432858 0.43210455033597994 0.455931517087602 0.4532179949602301 0.4521223772585585 0.461396166255463 0.45684979963906464 0.44094742544154764 0.43468984703453556 0.367331305540894 0.34899867831356923 0.3286779558660262 0.34054591238978826
0.22807809438629953 0.2552425278175978 0.23846583468059213 0.24774096693110387 0.25701469109166614 0.24406873030016735 0.25516102473874847 0.27804228898089683 0.3450799104329878 0.373963070564036 0.3501664623262323 0.33434713556433093 0.3674945294247937 0.3850335065132174 0.3924699088199816 0.32831543647719647 0.3222858353011923 0.34782972164481385 0.3822571230539582 0.38168171903833736 0.34030311409198943 0.4114581401077946 0.45202778107471075 0.4498228740337551 0.4585996713075194 0.46069357383351156 0.44845736208917786 0.4559450305959127 0.4869000574965006 0.42718418071481584 0.4204390720454213 0.4262881988401517 0.4607261516444517 0.46097905312065396 0.4576424861079673 0.472799575890813 0.4700366369678664 0.4160402651643633 0.42334247806039926 0.394318342617879 0.36843588653663595 0.32705750595136884 0.33560939807567336
