Raster_benchmarking/DGGS/continuous/raster-26.asc
NCOLS 100
NROWS 100
XLLCORNER 1743154.6394531047
YLLCORNER 5469296.358900264
CELLSIZE 10
NODATA_VALUE -9999
[rows 0 to 18 of 100, columns 0 to 42 of 100]
0.5631370168981954 0.5369731769884698 0.5261757944792691 0.47688445388356365 0.4798377840592876 0.4629476088576182 0.49752701278132816 0.49735339417828633 0.4947743480134239 0.48977531919805334 0.5034099776528582 0.4933104016662269 0.4826665930971398 0.4768382835394533 0.5002965463661874 0.46930919863330844 0.4997793652746674 0.4911238223260635 0.4980032668509045 0.5117560022136357 0.49061344583459815 0.45539771379266897 0.42950501791130824 0.43091595017674733 0.44206807977180124 0.4280424961275999 0.41938023452876855 0.3817368547964061 0.3944772083865308 0.3620608578298738 0.36294521742467817 0.3858622471615849 0.36700606387269535 0.3869384579422673 0.37303598699008356 0.3554055758724471 0.33860166860340873 0.32541244561798466 0.355918611135316 0.37556171608848754 0.37130596259109805 0.3736309239006565 0.40631665886840196
0.5737040131717728 0.554410829302447 0.540834853049733 0.4688750017528106 0.469587769732316 0.4738472041436267 0.5145479105904166 0.4880051068445735 0.4957476599167343 0.4721291629971618 0.4980724419084268 0.5092533688703387 0.4828480854617711 0.46583874343915416 0.4767450416099464 0.4597022255609261 0.5039703720921708 0.48436399711895106 0.48973954510050666 0.5141205779690647 0.4899483552159481 0.4382885013662301 0.42584587831092297 0.42593803828392385 0.3905207880882214 0.39445659513998965 0.36980964054465687 0.36095648157593674 0.37489463594498873 0.3360460906107562 0.3727808892382907 0.3867873148418909 0.36382598347409867 0.3478915520502155 0.35144490332105205 0.3301427425242455 0.3257263248597154 0.3765589536805567 0.3849334846032844 0.389096308568238 0.40083014460038646 0.3713772580207478 0.3890993180936943
0.5507995478459867 0.5700277761452623 0.531015456349856 0.5382943097187344 0.5033665372331944 0.5153979765979136 0.5186572164230209 0.5072012153945058 0.5082654720743637 0.5053687302620123 0.5286886694383586 0.5218245093099194 0.5144892608981863 0.49779655365226966 0.4933996909965049 0.48623349626741347 0.4834434144555534 0.4758446400041836 0.4915130218486062 0.4772685747420716 0.4507395271050745 0.43489328804138216 0.44519272552186756 0.433596874482367 0.38164483222420703 0.39264246406388364 0.37148554388068744 0.3575559243660442 0.3151345140661118 0.35004442221883764 0.3596826689936029 0.3698722070302931 0.3284237601330054 0.32850985115737275 0.31043492939168527 0.32079072834544975 0.3263231102560504 0.3493042227767767 0.3792481969643242 0.37892553781532023 0.3850744261461714 0.39983297398884954 0.3958056773781353
0.5315243446482246 0.5665974255443539 0.5711646067016686 0.5703038379506769 0.5388331907746581 0.5408897261944271 0.5500614265186214 0.5145870526530818 0.5260450023511752 0.5451682696541189 0.5446271086987182 0.5492956938723468 0.5474683508588903 0.5384232028006855 0.48435156615307906 0.46143430377047095 0.4732564281434632 0.4622055804378577 0.4743907169045341 0.48198043223608966 0.46370985759567473 0.4555310644441432 0.4216633448612213 0.4212146034896627 0.394884308295962 0.36319063605996915 0.33233278358543306 0.32510699106966173 0.31746360460416323 0.31041621364209215 0.3237952432197219 0.31139363991847246 0.3136276679635756 0.29458729972431136 0.30877336069935585 0.29763558362127635 0.2985175912102407 0.31828104766508386 0.3325701135597926 0.3415836848504194 0.3791990838751558 0.3609394913225964 0.38320943804515145
0.5261161438144237 0.5511640318305229 0.5680008880686734 0.5772364724937218 0.5446466682121955 0.5670410294477922 0.5750014398547884 0.5481973046180812 0.5419767214042588 0.5227075584694192 0.5246129703334198 0.557118747547429 0.5247308864532735 0.5235570045254286 0.5079410599654985 0.4731229010571665 0.45613052158383177 0.463518168174028 0.441471411349769 0.42790478574695395 0.41097444040125514 0.39072351886078266 0.40550332641046927 0.3967369342936757 0.3760331274325179 0.3373486373344293 0.35457145196467504 0.31286709326143086 0.33952017011863717 0.33850240008871896 0.3392480735951047 0.3521091453085267 0.327389580942483 0.28009216576338974 0.30566818062014633 0.27896485849211783 0.3156459727838217 0.3268611712506722 0.2963292307445665 0.3316716747395313 0.3498374377553862 0.37604825855080914 0.41142498565136393
0.5327885250446693 0.5362657444276756 0.545945218685851 0.5678825466981863 0.5822768315977548 0.5907155910099982 0.5906609331276111 0.5793415108489187 0.542611894297652 0.5431664142478695 0.5294589457227055 0.5485075008410217 0.5197287843860566 0.5491558003352512 0.4972404551129376 0.47751422449667524 0.44281073563296053 0.42859629946472194 0.40030701989354417 0.40847084054428057 0.36241331399062665 0.33861121385750914 0.33662219443227953 0.3222537995359343 0.35387180552125896 0.34287767649346257 0.3056166020458144 0.2935495377223405 0.3042263349342466 0.33578332361263863 0.3311145241830739 0.3369574910462677 0.3308750922510205 0.28465289078218203 0.28123921263202 0.27865722137495685 0.2744957150039308 0.2905124563798339 0.2810117953277226 0.31265327842821733 0.3363800021391236 0.39535435158043297 0.41752527872286316
0.5303794699251473 0.5397774320682638 0.5346919773927027 0.5527597525542245 0.5901406154194344 0.595045722546449 0.579278333726997 0.586152326754585 0.5497200514723106 0.5611591869463316 0.5391624963109768 0.5236484966470436 0.5159420865965036 0.5216135340371509 0.5144747121449001 0.48727094565758483 0.4305195698149586 0.4206704251120305 0.401145450306537 0.3879413031524818 0.35762281067062324 0.33367654234199984 0.3403550197840954 0.31531310147139224 0.3267990690639526 0.31396543702851376 0.2947307181666114 0.2812290857682252 0.3089115191760658 0.3392295333321859 0.31490746528257585 0.3118012931951166 0.30832087835667815 0.27427234078414925 0.2707948815030712 0.2672690054683478 0.2754323407196001 0.2865530414066951 0.25681443836051376 0.2917508809663457 0.3050164576465056 0.35485488026165396 0.3623373029690674
0.5449584316950008 0.539938085821673 0.5513643248699166 0.548021253059891 0.5541837141034953 0.5771940233153812 0.5660694049857637 0.5569590291245868 0.5567270354907607 0.5376653153391496 0.5513213317314539 0.5191723989892364 0.5019802449101303 0.5039795064734663 0.482214632858449 0.45177549201681266 0.4560707428111959 0.44961818027142064 0.4344797370213399 0.3873856908500446 0.3737129670759505 0.3274916412609852 0.3160791006104789 0.3428224149440418 0.33723334969082025 0.28855398804094556 0.29979374885979126 0.2832897058138729 0.2994102691171428 0.3050023652386275 0.3069287576939987 0.29122110094647613 0.27662770317177254 0.25672278948707017 0.2495620192939235 0.2769789897613406 0.2754826339985841 0.26111982756425833 0.23913383138278374 0.2577092643742444 0.3109289464756251 0.32558299288610837 0.3534815113404546
0.5324530196250931 0.5268366840091797 0.5326689856995864 0.5241962422971751 0.5584027323478334 0.5632628271596068 0.5776562863069546 0.5675757077798708 0.5648652484900071 0.5313261296434442 0.5463901315204333 0.49464739184991335 0.4779114352090042 0.4816846896639714 0.4418365801242074 0.4242210998028017 0.4636482172092306 0.42750088220459315 0.4140996343058545 0.36171729550395987 0.34800668472682833 0.3348916398432423 0.3278979125614807 0.291952226158449 0.31487877218607835 0.30948461454598836 0.2894313965042143 0.2809584855489898 0.29341991619860724 0.28656812051092023 0.29940556186346673 0.2586959865931776 0.2550811016085052 0.2757702706510376 0.2569615007731686 0.2779124078019742 0.29183980860907666 0.2590214258687464 0.24072368161203755 0.24767693194021564 0.2776478580714216 0.3252880066322914 0.36288357948721317
0.5495595637820248 0.563550340120354 0.5211470142949037 0.519869788858726 0.5218002438100523 0.5278550056412089 0.5474021163258129 0.5782619891155192 0.5660004004874121 0.5397202112340688 0.5110821282871147 0.5022289753192232 0.4922609355785019 0.4784107274014847 0.4344288372159867 0.42256573497242056 0.4412537108889217 0.44288930441119145 0.38987698317670333 0.38933300174962365 0.33640623620636156 0.3454893099042698 0.3284915226049607 0.2766817974336586 0.2684710296603421 0.27328656764592174 0.28257079189180023 0.3275158313224304 0.338375284483431 0.31700105434303266 0.2913877942422465 0.2553903797291571 0.25277467545714294 0.24918058500712706 0.25162902829660283 0.2896610059845315 0.26997883096790376 0.2448587510009284 0.24622391923916123 0.2514475785751943 0.2969923426869467 0.3290989520002128 0.3352076433583437
0.5371612876921843 0.5526978586901768 0.542009639175867 0.5352812305633452 0.5340558867795323 0.5733980286518803 0.5666453194796194 0.5491884083548644 0.5583826620916719 0.5515985822994358 0.502948258004361 0.4876375169863336 0.45314362080138165 0.47528184501319193 0.4225347145611907 0.4106436588921868 0.4271098830223717 0.4160363092191855 0.3975992810025742 0.3873890090840804 0.343594075016953 0.3406146123386064 0.30474122717426644 0.2643046446154095 0.2791804413129102 0.27597111518434586 0.2835649981871349 0.3034076782144322 0.3319651846883138 0.3332741591132477 0.3024241482120465 0.27039185730090515 0.2758007877525226 0.2672224563748654 0.2618306938490307 0.2676240905913304 0.2644107025294652 0.2414131323389773 0.27612528609815024 0.27993850582788693 0.31610957981690185 0.3414629649386735 0.3358748619271434
0.5098925304981742 0.5469199993281804 0.5653787162798856 0.57304886217896 0.5486554112013823 0.578281194368301 0.5555864207800436 0.5665914020551718 0.5583116338961766 0.5279480615036903 0.4926120812111892 0.45108274148794986 0.4595325498238005 0.4521073658000704 0.4157885911815301 0.3966716621581708 0.3699678451186265 0.3672752941756219 0.3786589697759738 0.3501821287237223 0.3118220627526668 0.27690880070926505 0.26922986497170154 0.26755782811172424 0.2601996140989857 0.3036424801522872 0.30610922439351534 0.3184335447478548 0.3324789186609163 0.3020671182592093 0.3012766887100581 0.26959513480440167 0.2878791660197893 0.29764921177395937 0.25288144233432464 0.2441683397318269 0.23838235797366467 0.2530966373106067 0.2497673180722564 0.28278946219001594 0.30477092355276875 0.34712137393459164 0.31116077128602804
0.523048756205331 0.5624403234562064 0.5579265568102983 0.5783793268959443 0.5884186663866936 0.590521129759663 0.5576246957451964 0.5449400648445454 0.5096417184243118 0.47523157338601824 0.4688935251169867 0.41670417938947457 0.4295981960538122 0.4138742734985683 0.40382927394872814 0.37375532731080724 0.3792909998831878 0.35641670054676416 0.317395282717639 0.330091124192743 0.27722734223251694 0.25519037789624555 0.2494988463317442 0.2308766281624623 0.2521863444385134 0.293096740115698 0.3061737884441588 0.3214572807146882 0.3101094779181093 0.3046486907377851 0.2901525683340721 0.306733697724617 0.322794268853709 0.2860093508780012 0.2536549232921653 0.27046403846730666 0.25650828379178475 0.24476397214949905 0.2621948276298813 0.2709645005519311 0.31068445853120885 0.3432767167686812 0.3226106807258999
0.533401931790837 0.541634714773419 0.5543772560370442 0.5693882573741843 0.5696072170879577 0.5459303846102643 0.5676482609896769 0.5561488742416177 0.4873824026613605 0.4811273901988329 0.4760917631771477 0.4103656682651374 0.3988721200202385 0.40602162841045086 0.3812802381386289 0.33850343549275624 0.33036346904731445 0.3291133663850851 0.32961985387745374 0.3066956960145888 0.2887685669721604 0.26335433974554817 0.26692058463886953 0.23885387915208417 0.260590344774441 0.2710168466997858 0.3079285568015904 0.28785245625856754 0.31919882815436823 0.31759312141999474 0.31642697574863043 0.34468017133103934 0.32190535214669574 0.32378926871497116 0.2812883096013708 0.23463489309451102 0.26169470261685424 0.25014479182641747 0.2881894449228489 0.3059466658350923 0.31870826014364234 0.3060739425252729 0.2953966951479031
0.5296064165313603 0.5194862783842384 0.5553346998083472 0.5678963697130484 0.5438868159086849 0.5461707584718292 0.5330862713469032 0.5146303188505005 0.4937823737515493 0.4697845788520934 0.4656864767528183 0.4266765032507142 0.426464587216691 0.4200269893712391 0.39311377095281114 0.3573597301449688 0.34444628197769855 0.3547329423501807 0.33200157351363463 0.29415806575528536 0.2745983581662754 0.2851492820148587 0.28966492099595875 0.259569270764054 0.28045145341125804 0.3268626603747761 0.3149825133167235 0.33388024541156297 0.3479856497835718 0.34215041863203327 0.35191166707869037 0.3765744180568185 0.3407987214266042 0.36118814787812215 0.3345899356110414 0.306074570842516 0.28440745689949226 0.2733738579061526 0.301697590148229 0.31452001250782063 0.3077273024726634 0.3183607710982261 0.3290450569214238
0.5390118312238449 0.4941540344501826 0.5084901499576794 0.5427818227213292 0.5368986502735428 0.5128232749800855 0.4977285932440719 0.4772251149119663 0.46697948227803643 0.4700794047113378 0.4402746822569524 0.44576139856583485 0.4509351507153585 0.4222428062208872 0.4038798699280528 0.40065931746051786 0.34363960226960677 0.32155784948509536 0.33488513457524405 0.3410642486894838 0.2951008623401528 0.27546938385510233 0.31686058644810705 0.32046336155481775 0.3057140874413084 0.36034465244767666 0.38867224248425425 0.3944865516535286 0.37089050796235284 0.36517290622588605 0.3591908841353905 0.3807370453751455 0.3827094539420527 0.36015314211679444 0.32859187484616714 0.36241063930328327 0.34286442973787423 0.34247438749505593 0.3370964190568892 0.348689231694003 0.33623474490994604 0.33581454030396574 0.31239439984547496
0.5258662699783531 0.4963685193303679 0.5058266971788554 0.508908190111394 0.5199378362219922 0.5305149143677723 0.5124441926828012 0.5069471551162958 0.4862157542723585 0.45211874693174536 0.46266780412665154 0.43295075776193753 0.4310662179480068 0.41866173715249727 0.42262082854806327 0.4218747334614811 0.37400713577527855 0.35730208049426143 0.3499492969656426 0.3061034791807141 0.3124033369208574 0.3217803174690162 0.3385641856634939 0.3367474234244485 0.33680121836931526 0.3411277942031906 0.39671233161047925 0.39582372689544804 0.3976270891059419 0.35952374908412404 0.39553814207917753 0.38695555364303535 0.35924403266120186 0.3773538729079944 0.3521544351778963 0.36180932757876133 0.353881987444614 0.361079747138409 0.3731924249656861 0.33382361187620896 0.332400797309151 0.32660866655072357 0.324263195938919
0.5405923610294883 0.5310688772543599 0.5144168570675937 0.5119891766047876 0.5224280976327412 0.5230963049484944 0.5087257305705857 0.46055266791303534 0.45907565627716046 0.4545313302181515 0.4551931110485205 0.484911931857195 0.4489732104244345 0.4425094879653949 0.4331181120330108 0.39897202928316594 0.37729566871401965 0.3526812013705427 0.3177603342963546 0.3082085987711223 0.3250807937072508 0.34336753652856 0.32881090292729964 0.34676191219125135 0.35202062136598505 0.3562771758046252 0.3977637993266841 0.4381638527337925 0.4006024861217427 0.37142792350858367 0.38792110423981946 0.38956119110571247 0.39050478489144946 0.3753181143607058 0.36984853395738876 0.3690986995995677 0.3802452539687025 0.38571106925128884 0.3581151189335656 0.3616816755633285 0.35106024053363233 0.3772456302185237 0.3229829370349303
0.5086786862415704 0.52987761355568 0.5339930638920461 0.5062173317634968 0.5163824007809669 0.4948585612367559 0.5130519925563412 0.5045942171186232 0.4800102817036341 0.4831862027002636 0.5019532241872167 0.4823749287985046 0.4761459997047504 0.45682812972208886 0.4314591085429839 0.3974347809134111 0.39835067406700797 0.3765708210245087 0.32115280489407877 0.3200312387659136 0.3498309067722721 0.3700674803397196 0.3510658782114295 0.3655221334282089 0.3844647683260217 0.3901818390757527 0.4284368678215569 0.4282006829665064 0.3989050300109426 0.3951221475774722 0.39161424848225684 0.4204866090966203 0.3803752794352772 0.371616891536315 0.39656850462680493 0.3918900660151781 0.4000659919994785 0.3751051447515633 0.39391497249031177 0.3701638471991821 0.3912378219489775 0.39613685321266623 0.35636062298328913
