Raster_benchmarking/DGGS/continuous/raster-312.asc
NCOLS 100
NROWS 100
XLLCORNER 1743158.5220153555
YLLCORNER 5469291.015614082
CELLSIZE 10
NODATA_VALUE -9999
[rows 76 to 94 of 100, columns 43 to 85 of 100]
0.6661983575820121 0.7007145123071619 0.6665595884865291 0.6452799206669996 0.6790531812024466 0.7175847837478262 0.7527889885674611 0.7580840387403898 0.7426740034384189 0.7217028333854513 0.7491591105707964 0.6979464052812999 0.7420970202422111 0.714681999283718 0.7528629919780302 0.7264851555660157 0.7800346539636133 0.7687859276044987 0.823309382959617 0.8528670477976695 0.8078112465758011 0.7965593158918445 0.8486293253752197 0.8063124597096296 0.863664688262606 0.8874663545490461 0.8721455214325631 0.8208689903146883 0.8156073883756318 0.8177922298478859 0.8070736454805716 0.7850352568390141 0.7304139623033183 0.7271441089953518 0.7444230469362823 0.7180690148494784 0.7259810815343194 0.7039640297585977 0.6662744310942168 0.5859443485606425 0.5387038329494868 0.5502488073089646 0.5069577997296458
0.6506489755763065 0.6526093377592567 0.7102895578145768 0.6986122400952309 0.6869028915898099 0.7368138399631478 0.7525030145944885 0.7033302072021753 0.7143675371949835 0.7636114659118399 0.7603990750966647 0.7690881846203391 0.7840584322519514 0.7910586670194705 0.7351799060079839 0.7267453963163308 0.7274316858184574 0.742969766053685 0.79232096173514 0.8390868833248222 0.8511824456498618 0.8030126518094791 0.7947585926838464 0.8078792038479838 0.8183280545879478 0.8445834560584189 0.838763307244296 0.832301039367996 0.8618342807357021 0.7906402857746909 0.815370646814996 0.791946075599313 0.7387449270134647 0.794088989322424 0.7820423115994156 0.7605440694746574 0.738695603605344 0.7081757580917465 0.7042470135842573 0.6113020952650536 0.5294257393278715 0.49952560848835154 0.5261784980586967
0.7017450606125799 0.6585087241110008 0.6873324905544941 0.7039547934524157 0.6793190684202487 0.6896665885706557 0.7322549532254651 0.732721030584335 0.7051978989443577 0.7034411699647118 0.7173762299593754 0.7827487210913313 0.7808420487009592 0.8006649102429453 0.732207028573161 0.7501974875452201 0.7574267080837586 0.7373382394565487 0.7971078967332876 0.8139689758702351 0.8254834686633619 0.7745911682433024 0.7777051995192282 0.7825680417622626 0.7933987051057274 0.8038364600844101 0.8785243664832216 0.8395016823971738 0.8761240654279164 0.880023013618279 0.8335446404989033 0.8179604271396326 0.7795961264169375 0.7619965268473781 0.7474121526999976 0.7121408386977076 0.7168269169222217 0.6975960361806227 0.7055587186297593 0.6601693839967022 0.5923421370096521 0.5156478560623052 0.5196654513281739
0.6839679037736579 0.6933930747714195 0.6937587068162933 0.6821719791533876 0.65086488470639 0.6829625218199514 0.7032213562903451 0.742709370875167 0.7402975880202971 0.7123541488893925 0.7357100247791383 0.7632499504267926 0.8002926306252748 0.7916307505433304 0.7637195481836488 0.7580118066977585 0.7332066772453942 0.7592933104839142 0.7682859882171704 0.7722022513205878 0.801527632733956 0.7595123035555185 0.8055440447466279 0.7787795440039736 0.7965269458805243 0.8084637756047276 0.8803448298079923 0.9002169148330254 0.8754681981297674 0.8839341773384437 0.853552277419303 0.8127077551750475 0.7868621847037072 0.7577884681258729 0.7376929618656343 0.7211559454935532 0.7313150617216164 0.68779235129714 0.7314384372780633 0.7029409848644892 0.6140582694569361 0.5738621748676497 0.5111145943485412
0.6926722399984345 0.6920454849633181 0.6789606532723755 0.697774293959603 0.657016472018885 0.649293239194639 0.7151220903988521 0.7006304877756302 0.7039091124692239 0.7049551251159556 0.7123651314126498 0.7237735393588691 0.777606434499106 0.7478466618961757 0.778233446582808 0.8072588226019887 0.7919904211760423 0.7864997671477322 0.7694532257785217 0.8114992355809367 0.770676433826257 0.7971635214685371 0.7643918876968746 0.7990092088619087 0.8562670354585333 0.8486227566666906 0.9249664629632889 0.9507387830314178 0.9127828110565457 0.8597362558745878 0.8610948630716648 0.8451000200584778 0.8263558860341184 0.7710930076660586 0.7804012184672449 0.783649505113352 0.8018019326107282 0.7426996905296692 0.7573450785728245 0.7537746047004559 0.6830883487263887 0.6130962561919835 0.5472453929642555
0.7264771398094478 0.6722908176510276 0.665834909568271 0.7076619345466766 0.6753519495383001 0.6785930341105103 0.7424263703370373 0.708056823520421 0.736739533025542 0.6889257501933643 0.7120527742161661 0.7619982388419653 0.7919234494139332 0.7473333917937947 0.7502475199552712 0.7730172028411019 0.7951512401746236 0.7587810744014561 0.8051784697034668 0.832546326828217 0.842735662989726 0.8498153686228364 0.819180084714054 0.7956016203772208 0.8225258867055426 0.9139811966512656 0.9308410790153522 0.9431621891504267 0.9003004210209912 0.8951945629952298 0.8741570981304008 0.8225544150214038 0.8373000936859867 0.8027446626515021 0.7936197125575103 0.8640062433462058 0.8029296432830495 0.7916870424244219 0.738916089867435 0.7547057005577682 0.6528248285816923 0.5793833433180029 0.5148710640829485
0.741652013759817 0.6869547243328051 0.7001933188911498 0.6936122821131658 0.710690850817091 0.6945571120083261 0.7264516490943254 0.75670552884737 0.737578964580096 0.7424005255396368 0.7882138014551348 0.8012294620973879 0.8106292762465013 0.7569961883675256 0.765086870719032 0.7978675902362072 0.7970656545642085 0.7706029316092863 0.8347533255486478 0.8436875715395938 0.8128324666875325 0.8184862391407213 0.8568250734008763 0.8618052422415483 0.8487448860838678 0.8879693538627955 0.9155808650875792 0.8700093288128936 0.8733004878995583 0.893406867249734 0.8800423885154899 0.887499926550203 0.8241389097296804 0.8291645115616004 0.8591155572826596 0.8220527366485094 0.8300412190605228 0.8231499381872579 0.7699609705772719 0.6890841075817691 0.6489640816623209 0.5862649650798595 0.5220341693020081
0.7386880990764312 0.7374566271953528 0.7562162021328406 0.796042118686358 0.7609757139547821 0.7503922392285794 0.7732523802268209 0.7982610483757219 0.746880138356485 0.7221609304495407 0.7778717366692273 0.8498338978902386 0.8466065438717473 0.8157525085367234 0.8215979731197931 0.7853383076195257 0.8252391545499468 0.8027079932431174 0.7935879286369396 0.8113614794633319 0.8207199746739725 0.8403738690990973 0.8359579530505897 0.8986943406139976 0.8945295228169544 0.8777575277712105 0.9231306886739566 0.8902455504482815 0.8760555771779707 0.8924963971390736 0.8964256924069275 0.8840016853369698 0.8316368826874795 0.8622943856372829 0.8625801009410736 0.877430140617267 0.8256660344402283 0.7681405390498688 0.7424672719427653 0.705340853060663 0.6032721355776131 0.5790167428059478 0.5583831316047851
0.695917899920335 0.7256424658659854 0.7981005472440689 0.7859844211431829 0.8082237499451742 0.7763641517812758 0.7667422062466315 0.8163659315703906 0.8009427059907733 0.7448805005129024 0.7813322420936984 0.8436266962658497 0.8810025220270544 0.8464634832633675 0.8720757156198149 0.8379500230938701 0.7960999231230206 0.8368006953928625 0.8402691168467404 0.8694704026116377 0.823867094485622 0.8388563535463404 0.870386157664557 0.8884690011611757 0.8684673734939972 0.8749217837062384 0.881114067502833 0.8652407752551665 0.8477617168964422 0.816922524029665 0.8417701084836515 0.8879797697273254 0.8812465892940917 0.867259089075091 0.8228985966692159 0.8385584346728558 0.8052114960931294 0.7898455294271475 0.7181766591800124 0.6850718411454793 0.588903661044302 0.5713193802888464 0.5286668513398035
0.693551095529038 0.702533865958672 0.7331517930354711 0.8232980629248102 0.8060286178849809 0.735697527757666 0.7950239931334299 0.7740941598965638 0.7924823955362033 0.7805774102013825 0.8489959015925854 0.8779652901668334 0.8916969369541159 0.8815091625796325 0.9076782944547457 0.8978916344371866 0.8240108460807287 0.8278249927830952 0.8248285409030857 0.8750177807096587 0.8456550605083555 0.889990931643866 0.8981297144601824 0.8457455841483168 0.8107835158459118 0.817213698322332 0.8573102262769408 0.8338328118710313 0.8031999976744681 0.7880468257720852 0.8558493560248759 0.849669463800634 0.8653974290982416 0.8167927910339056 0.8143533987893418 0.8291278864176811 0.7836936656185884 0.7721840413364518 0.6771163460836295 0.6571642623023971 0.5946484503110919 0.5445955376252646 0.5162201534871652
0.736353124339127 0.7039510047345615 0.7119192432703394 0.7606073413831932 0.7816726134155474 0.8055941833112702 0.7907986269068635 0.8212824190637736 0.8406478956579475 0.8491352779549123 0.8594505576774164 0.8761381008709365 0.8451960937291837 0.8783632881737136 0.8768454214938026 0.8700061085172122 0.8741632347529662 0.8470965881148349 0.8710439624204607 0.8844286239210685 0.8559804509018605 0.8971198845513545 0.8789814451213516 0.818184876998279 0.8266677382015782 0.8056215921287546 0.8193582364161883 0.843638886376763 0.7818274959869999 0.7705690302802007 0.83406628196821 0.7797223208911458 0.7743017771835067 0.7891940045708047 0.781252982247876 0.7447707457261208 0.7002273018721554 0.6943985171651936 0.6357921779369842 0.6010359205530755 0.6221050355738827 0.5779207761608757 0.5591170334756878
0.7356926713958286 0.721225800081173 0.7148688868939889 0.7372888779471447 0.7973442261566427 0.7965814134362689 0.8007076288630736 0.8330636788142021 0.8258641222774901 0.8712205769184538 0.8833648354835025 0.8095118243069637 0.8422233323470715 0.8521435180155049 0.8510943698119673 0.8933707495432793 0.8556935948352309 0.8007968878174646 0.8050968376956744 0.8561632379752697 0.8711398539769987 0.8283281876369885 0.8505759059615616 0.8629784324279228 0.8518719028253287 0.8256554939102826 0.7898688454276922 0.7981835108562244 0.7638475092949981 0.8079744386055043 0.8260216039006878 0.7973908717823448 0.7320094534984866 0.7166815296063864 0.7060228819139095 0.6406469223220798 0.6717434858065022 0.6252084791537248 0.6509564433911411 0.6279829878464164 0.5770147576421 0.5478389004438471 0.5509435397763001
0.7080266197633802 0.6958176850878118 0.7289772827593157 0.7831453270002284 0.7902581427354636 0.781891960062454 0.8379364472914297 0.8402985160753106 0.8033577479480791 0.8236774946647691 0.8720896793990781 0.8345691882854858 0.8192077191765759 0.8666163721798636 0.8270842442351065 0.840892297953648 0.8517970593764809 0.8613203484385238 0.8236735078785836 0.7933629328425572 0.8269832490345799 0.8337601555492824 0.8085187793391854 0.8055172201356707 0.7887482578831126 0.8188795992176111 0.8145905765539961 0.8187718930074804 0.8045296127859715 0.788678651677109 0.7625970102567721 0.7596618578892392 0.750710109878025 0.7023384267732843 0.6612766036712336 0.6264747935852752 0.6056336336230784 0.6136563556730402 0.6232635292475539 0.6150272387769116 0.588206941621544 0.5685733613539028 0.5562420634711294
0.6507711929911465 0.6996296407341618 0.7798283873890702 0.8262779423074603 0.7935794449634382 0.8367031764357943 0.786049576552866 0.7791351397070515 0.8211996198205449 0.8370771336794149 0.8207020137053702 0.8323294646248075 0.8251110728927697 0.8420053319243881 0.8414108022419293 0.8141821431581412 0.8362017066321281 0.8466785242998082 0.8192185774365012 0.7683551376268971 0.7907023116340637 0.7788909007392953 0.8055676392370597 0.7606464571111521 0.751058355915185 0.7716900554965987 0.7827657821634516 0.7694724415887968 0.7834908974932898 0.7204486817441501 0.7046343925289035 0.6818465469430527 0.6891343261020112 0.6898933816139742 0.6272347238140397 0.6258932681929142 0.6045719872897378 0.585209652996587 0.5979605754815065 0.5539830737026791 0.5066975180099843 0.5110211591946207 0.5455688711965615
0.6486980421707996 0.7227055830751161 0.7488814823609387 0.8241634985618365 0.840206774862524 0.8214430100225827 0.8276436114287598 0.8083840746253319 0.83673683888157 0.8431686302237585 0.8594072537150274 0.8798188136774301 0.81999001703757 0.7990039056376882 0.8320154841094848 0.8219263839213038 0.8408618760088202 0.858207006974081 0.8408288446457872 0.838421047504915 0.8346257932523223 0.8245238278739624 0.8130361475800033 0.8327633841679859 0.8040418290021409 0.7981657656828856 0.735897288604944 0.7156316400184944 0.7275633637434986 0.6900269978460754 0.6820082512854592 0.7067396147326653 0.6804375277156239 0.6309443124505274 0.624831436007692 0.6263836702520901 0.5782161659953537 0.5782275553326981 0.5769547788024225 0.5221203850235202 0.48824264774490855 0.49329091523683255 0.5604850698971058
0.6761728189913446 0.7554169572904278 0.7502343127365502 0.8290215609564318 0.85955926964146 0.8109370190936146 0.8090420340681429 0.8407171200874225 0.8666992474950008 0.8698094021698176 0.856444941820736 0.8810492988091687 0.8369573735029755 0.8224385264819963 0.8015831611360213 0.8238832462808185 0.8269328558509593 0.7972045232575562 0.795365059182835 0.843006557547987 0.8808400600058546 0.8825505597910843 0.8039087544575696 0.8103882163353924 0.8090154271682805 0.8081763090921944 0.710241088420977 0.6925017768042466 0.6749937134701904 0.6586515149031777 0.6849257286031304 0.6936256953700728 0.6407353987977444 0.6044540389131923 0.6414751018770904 0.6202605172558691 0.6026173246189418 0.5721878847531593 0.5241404258898724 0.5361675630458221 0.4660574910476178 0.4906280848951605 0.5076656610997679
0.651631933803531 0.703436252440169 0.7251700888302904 0.8201266533311998 0.8252507903306951 0.7968659783687707 0.8025498015088359 0.8209790685967173 0.8073275774874834 0.8496257796499184 0.8496491606400987 0.8588312894337234 0.8517198376256929 0.8169436165571142 0.8433761690644701 0.8494273097357303 0.8745414760606842 0.8249586384244417 0.8411022602446557 0.9125848323510345 0.9286500730049978 0.885263509943848 0.8352582956652133 0.8156853369054796 0.7879498662394261 0.7709854630249142 0.7000957368254058 0.649396071149865 0.6458393266132826 0.6029666397071113 0.6435730201837628 0.6129213337469319 0.6464501215868396 0.6152261621356581 0.6305678341082833 0.6026402689424203 0.5566657383744823 0.5427546357277085 0.5420182261208066 0.4878361930394878 0.4813192875439275 0.512834001131849 0.5241966470554815
0.6894817829613301 0.6721013219601332 0.7517667469677498 0.7793343583553742 0.7948326680466928 0.7761492953647965 0.786416750011653 0.788011748774307 0.8186774193856676 0.8087757649036391 0.8088436525119287 0.886058552897427 0.8415037854106059 0.7939211049200433 0.8075196613692736 0.8646836472775115 0.8352337390972018 0.8743532435280161 0.8719775183230518 0.9214790313327149 0.9440668636619254 0.9274122426149346 0.8555436063109321 0.851743602977771 0.8009111830134178 0.7243703768810499 0.7174513710688907 0.6653845600263792 0.622053143763174 0.5956892733800134 0.6354471223190016 0.5930418010005376 0.6308281003418069 0.6404632674065365 0.5988838593444775 0.5740410366868166 0.5313613765639672 0.49862239663202607 0.48190711316614404 0.45650142932023446 0.45784491910880415 0.47768692585777256 0.5069591689514069
0.6845320506376831 0.6997354691890385 0.727623468372507 0.7254092647540887 0.7987874355829021 0.7675934272197636 0.7464095847363114 0.7687156629157126 0.7642454580726904 0.7807671751597302 0.7972960206087528 0.8548427992714023 0.8400737086762201 0.7655890514369674 0.7949622915842289 0.8073995240692688 0.8334265802786943 0.839122993567598 0.815883394410913 0.8758580360906328 0.9039598785277382 0.9099517563608281 0.8826115924955207 0.8107459976120268 0.782182700950907 0.7477574761217476 0.7148617330917177 0.6940925782711356 0.6432544031914637 0.6317860969029498 0.5916460894554553 0.5929903045560796 0.6225378778565825 0.5911490911429008 0.6057055476689155 0.5266566923007238 0.5337083065310201 0.46660299453539456 0.4286503420410907 0.4352136104283033 0.4323254627380315 0.4617760743362428 0.48021217658225507
