Raster_benchmarking/DGGS/continuous/raster-144.asc
NCOLS 100
NROWS 100
XLLCORNER 1743156.5859325381
YLLCORNER 5469277.894542687
CELLSIZE 10
NODATA_VALUE -9999
[rows 19 to 37 of 100, columns 0 to 42 of 100]
0.20431747729978286 0.24529124076823178 0.26047072037397506 0.259413198419335 0.25259423613045445 0.2497682406044092 0.26373477973063536 0.24900050120422365 0.23627197323253352 0.20138666853795772 0.24069009114813694 0.2160426156125862 0.22627302998735413 0.25353506022169137 0.26482502899069404 0.2580370260121523 0.31066011774961044 0.3755484012665732 0.40367101613267503 0.39286596191891704 0.4135305225375219 0.4340618664844277 0.4638378272788652 0.4062771490932867 0.42015801517439494 0.4401073748113217 0.42444597224860814 0.4113624449150794 0.34988106450729295 0.33576802686155127 0.3584650427410695 0.3457884440114607 0.4192619271944433 0.366423390518313 0.3792697908272535 0.34180534817096164 0.29398308000025697 0.29529419260633094 0.2467184373280128 0.22378592898436042 0.23085730808945815 0.26405321806555765 0.2776555196274992
0.23481977143602392 0.23354832764280783 0.2151911161738354 0.252428413517401 0.2464890372731191 0.2974073360390852 0.30478039478701435 0.25295732576317487 0.2526786086151938 0.23782541563589185 0.20499745190510318 0.21224671579734172 0.21146461505290187 0.27620424115108544 0.27540244448651063 0.2994591073476864 0.3085726551813405 0.36224421314428373 0.36656783285922506 0.4183557052791599 0.39962118253674334 0.4274312370698659 0.427370345408373 0.41913614841431973 0.38442583859987584 0.4215811264940788 0.382954289075309 0.4093113989197033 0.3618951994367341 0.36119983138461903 0.3777930920698732 0.3594195924248041 0.37812541127640553 0.39143084740135 0.38530407636289676 0.3504762472195212 0.3277026937626616 0.2912829052635705 0.2812944143211038 0.28740180806247684 0.2866557953377418 0.3319684797732693 0.3407042670879644
0.20744636063281943 0.22504727420413453 0.22883207041189738 0.25589916624127024 0.28175745585398343 0.2785802536651115 0.2972846608941121 0.29274252385743516 0.26835310413361735 0.25639880642015633 0.2235602190723208 0.2446838312518658 0.21189973240338728 0.25518542043080505 0.3029118929870145 0.30186923643606406 0.29071513095463547 0.31803144278889084 0.3452796191616699 0.3864468854756602 0.4253088990384746 0.4541430709576137 0.442996318658957 0.431126905768983 0.38673430979137374 0.40630305428698954 0.3875228154728235 0.39879498077148806 0.40036648252650286 0.36884682624797716 0.32606263066953567 0.37259873905339724 0.39279397261872334 0.3444540884182316 0.33269141407828645 0.3813754620153952 0.3581944629087206 0.3536388147789075 0.3092057750008868 0.2974441173799498 0.3373638939274289 0.35160379045192824 0.40604033771847065
0.22775710586299192 0.2445309819156017 0.2384004884954132 0.23994654608880486 0.2812557241989073 0.2834640037060821 0.2742298304179687 0.2687433517797517 0.28091125629523345 0.21930791693507914 0.19201832802836535 0.22536945865086244 0.22170823108945942 0.2638309371984512 0.2952262519544279 0.3036418534078103 0.30268477009286665 0.31772712962051614 0.3834927815788506 0.4040422137710744 0.43124653480211167 0.42554051588298414 0.4100414030432337 0.4137164205390507 0.3959274746547617 0.39153917865013027 0.3997780937816304 0.3813836547462665 0.39419813631493167 0.3734966753760647 0.3564548508310865 0.3438510646749732 0.38494189986500965 0.3447130729162776 0.36885199476362596 0.3898924279831761 0.37418769160011467 0.39206989356302263 0.36440867635420116 0.35840132988657986 0.38994837686431955 0.4094385505909852 0.4544418244065738
0.25792621440083435 0.2060630016475865 0.19482893965727643 0.2426336895667116 0.254370120295524 0.26551735738620413 0.21841039197988957 0.23758936586730178 0.255400980518162 0.24349462701694027 0.191974811371228 0.1937851477323694 0.22376582395752273 0.24556478513675434 0.2902193108028778 0.31256329843239467 0.2793683278067948 0.358531515395158 0.39634659229881686 0.41614832910706456 0.39330699843238903 0.38597941234198374 0.40096159338491116 0.40221768984241096 0.3887533278032533 0.3598640801969333 0.3717123019883758 0.38334081577055057 0.41340614149870475 0.3909475206104063 0.3383403314188477 0.3744977007927842 0.35124460826144954 0.3793065576065884 0.39239131055020054 0.4155782988617983 0.44077703774644145 0.41173879140764286 0.4283880582370754 0.4127360410934339 0.43502959589718443 0.44766796620921745 0.4896145328866684
0.20862908508772185 0.19430064159742133 0.16495032130510603 0.18958138166264452 0.22643480901448837 0.19575914120267934 0.21938360168995075 0.2433517680188879 0.24326645860387522 0.23763399170655494 0.25775230577110436 0.21984498540047118 0.2531398003981398 0.26161159123593214 0.25841671084745543 0.27450877649125033 0.3165896115452652 0.32973907700135985 0.3473954979887142 0.37513080600024357 0.36597381523006023 0.409502632814071 0.3925837262672073 0.43228609473785234 0.38009231874528954 0.3799791984209997 0.3823372424480636 0.39442680388315854 0.4109715517651103 0.3623957716457098 0.3403790556339765 0.3855741521013198 0.4099209370460784 0.38805414887459744 0.4107682690855682 0.4561141177967522 0.4513586868756313 0.42396662219214576 0.46458337600952726 0.472030897602078 0.4847371809154252 0.5016469786917795 0.4912224674208367
0.18805124700926598 0.22039255687547576 0.1841325113893515 0.2210724693538913 0.2065721865818666 0.20279474919196566 0.20717344290931125 0.21966066248729077 0.241002821123975 0.27493414674430944 0.26982334235286926 0.2853956843972984 0.2914088325067549 0.27641553336129976 0.28323235260598767 0.31054578790480225 0.31210433472773 0.3174436882834406 0.33132029668608315 0.3727338723968017 0.3894264953176168 0.37775341189629685 0.4119334646801289 0.435374123443767 0.4277612166080128 0.38627179272524226 0.406365623635747 0.3967709173272882 0.4231608227309791 0.38521189931460725 0.3719736994665109 0.38889885952531744 0.44300397254758034 0.45160172915135854 0.4611879219807662 0.46165586281921556 0.45304875767414166 0.4645264000915622 0.4751420759794028 0.47735029266826773 0.4805003310700523 0.49676418511159537 0.5140743452881784
0.2157204939230017 0.23413492926133164 0.2440242086430642 0.21080064576140425 0.24556809914183864 0.26864114004539486 0.284157452768741 0.2791787884057223 0.2761025207623507 0.2874649594806144 0.29585196717436385 0.28746705612398743 0.2552828858044555 0.2893570291099821 0.2990344127163926 0.3227286253394839 0.3231454688768495 0.34762875270161314 0.35927829977081366 0.3316670564042926 0.38707277990161937 0.4039719314801706 0.42572309620354 0.41458646300676166 0.44681349555622896 0.43759974576833754 0.422446175303198 0.44827966657875523 0.4236219891584294 0.449154614042155 0.40967587176111525 0.42683389746860295 0.413601356921093 0.40435456603872355 0.4331331794718771 0.4577745671868555 0.4413109766081164 0.4738197788983621 0.4543123435647309 0.48043285322675544 0.5020669056345484 0.5242184713750917 0.5199862899057871
0.23237066816582458 0.22540102212188579 0.2424251322645563 0.2882070558555808 0.3198326207909723 0.28068414283460946 0.3181456952664539 0.2783229957051654 0.3151998183447551 0.28577397311190855 0.2699735527499433 0.24049248051180744 0.2376136671731132 0.2627473850392721 0.33743126650300875 0.33579626126334405 0.3307994971841329 0.3472901712002986 0.3452799967817441 0.3479551572140036 0.3418738307813475 0.39984126293692773 0.3891844406248554 0.4117566523633619 0.4645608193076827 0.44091286591471307 0.47178917841918494 0.46233146822074955 0.4644703704025883 0.43245058209704956 0.43319045510825505 0.44475046851833017 0.39059246104109135 0.39259588463175765 0.42717886255300364 0.4424950813328901 0.44922105325529743 0.43596938110067873 0.44226519666520214 0.4359343327882976 0.4457332537483473 0.5023409054564016 0.5514039083189337
0.2844032638054434 0.2767608235071301 0.31367668107366037 0.3159181007986082 0.3310213417393229 0.3250926158632209 0.31227554070598373 0.29712975294936284 0.3201007337037466 0.3174609467184347 0.3071699696703024 0.2703496351234811 0.2600170107113724 0.24616900628190266 0.297850079565539 0.32019845708687816 0.3409072660903413 0.34065564582259433 0.3432727283409544 0.33515940144918926 0.36192362472853756 0.3652890991828385 0.385760705939518 0.42548765966847024 0.4392558103920259 0.4685827808254906 0.4529238583221435 0.42888040873076794 0.4414132844763895 0.45418924654992254 0.4493820365431234 0.4209081166032132 0.4330476226508077 0.3967528203178723 0.44127070265044327 0.451927362630207 0.43024849853733727 0.43906467666006543 0.4297262523311477 0.43670033457451085 0.434764551575065 0.4879810020685755 0.49907594371621666
0.27201969497657974 0.29739855047356445 0.31132737306566804 0.32220899443662715 0.3351785684300044 0.34360448059478516 0.3016746341772654 0.33693646648579145 0.3261676459128984 0.320342156013525 0.2994537772392991 0.25163606212175466 0.21540704485702178 0.23844557153265916 0.29508471603024056 0.27336410515984255 0.29429207705477956 0.3599221662248405 0.3644055515711532 0.35814000617830744 0.36421263932282166 0.37656986940131926 0.36620710467944256 0.4015788875107016 0.386626248025849 0.42784133529335006 0.46774291636967114 0.4538527096742497 0.42177120674082047 0.4578174231123365 0.40088908348212504 0.42477087285633763 0.41213534124708084 0.3873184515452284 0.4270101087158264 0.428699591592549 0.4362415500082513 0.4526471376437721 0.4260444548722878 0.4615784043458356 0.44865748521186516 0.470134343652746 0.4988238329147351
0.3030224377664643 0.3207820640601211 0.32659105550404083 0.34664219438142996 0.3328656652157379 0.31219808662971754 0.3471660837614225 0.33581552940340276 0.33793127632779896 0.3059463913073805 0.2786294200287353 0.25218674274831154 0.25059552180163847 0.24580356082709573 0.28212643258545217 0.28843013728890493 0.2938809207539938 0.33757129647529655 0.33400491178174735 0.34221207932833686 0.39635862445756015 0.3772973370021624 0.4130749599237026 0.4111186514411658 0.39112015107424875 0.39754118433776253 0.4032094282077998 0.4181514924260338 0.4427616994986532 0.4583652130386901 0.463797435514963 0.43998096026717864 0.4221109587010784 0.3947479271183309 0.4009247955764127 0.3977448292233534 0.3819658316715591 0.3988144101918318 0.4206313093999301 0.46662120442901356 0.49047793193383427 0.46617395196886735 0.496279347821861
0.33142535650542865 0.3410524741616158 0.40966856359322984 0.3763609416192635 0.33810900524250787 0.32216942971835755 0.36808084705936855 0.3295626914031305 0.2929649462625995 0.27958424005619736 0.22604859459284318 0.24184261024925677 0.2394632769654376 0.23000270337565237 0.20874969056980394 0.2551710906364632 0.3201648496300712 0.3097212497515438 0.32663190368488865 0.39196838678273443 0.4226374163653993 0.44000134006771496 0.44646163249087323 0.417527922535831 0.41718067015245297 0.42457786785086493 0.40307464145768823 0.4106182695885653 0.4827145416242094 0.5134619802491729 0.5257183887461222 0.45437641217471 0.4314403578441665 0.41551421424225954 0.38664609983734455 0.42546487104372555 0.3950539986088954 0.43119197809480925 0.44135912060128935 0.4519922759086385 0.4662759060900297 0.447741344415352 0.45300585530822685
0.3808891809795013 0.36802983960686086 0.38249090898879673 0.35262996283983633 0.3357612461144948 0.3233261985737549 0.3069982602586642 0.33896241114558584 0.28044240109810425 0.28318785387325857 0.2405783450842087 0.21288902038169308 0.19886110020597642 0.23110336392368117 0.24799546424618 0.2613503053005333 0.27357104058057274 0.32316090399923486 0.34676602114061544 0.37070106878355413 0.4223284445328324 0.43869708696513554 0.44141068870967154 0.45138701516154706 0.4310593375740355 0.42167659815321185 0.44053183490627645 0.44417921141861255 0.4927832302388487 0.531736461923855 0.5385860869148821 0.48858552722739657 0.44352112912154634 0.44856692973282075 0.4323614912095302 0.409633008215934 0.37690307099511 0.41450010530666914 0.42086809128166397 0.42352284229213966 0.4698080805350355 0.4574304930051025 0.4844929216493974
0.37885182002778334 0.3683501088357256 0.3689619459273575 0.34456070299034575 0.32535999134395327 0.305522107725062 0.2916495894244077 0.3102813985695907 0.31470634588616836 0.31357776092804274 0.2767710617888097 0.22624309042480523 0.20353016242661767 0.20510265438509775 0.22749162163189532 0.24628172595070275 0.26662284320894225 0.276876693366498 0.29271423166645066 0.3280937375214594 0.4024900729887951 0.40956758390414555 0.4636841517718422 0.43029870897107986 0.3882040887732035 0.3981010003735716 0.43616613207053845 0.43698360407552234 0.5029209617173571 0.5483720520258498 0.5304565836153359 0.4914826025172754 0.46949666218827707 0.43999318296080514 0.4392883054747051 0.4340247701770801 0.382214797909685 0.3879472489798012 0.37952654770262145 0.42714668123715366 0.4310386831536192 0.48653558663472984 0.4768607322134451
0.39104812532965805 0.40888081804040693 0.37466368899917024 0.33570264854382925 0.284461758142374 0.30551029412141467 0.2838181190647477 0.2792073855452131 0.280510288941822 0.27144936920132284 0.2962568001127247 0.27588921060791055 0.22309089182328995 0.2592014139703003 0.253729979171251 0.2752017193004712 0.28137574971135143 0.2795407980555313 0.3038979233402481 0.347809595327303 0.3660113634710776 0.43881610495854584 0.4265259330709882 0.4033116490742118 0.4418327986465996 0.45082150627827366 0.4605599571770097 0.4504537375010669 0.47878347362190404 0.5229472926084614 0.4677790935289357 0.46124387273742173 0.4481592977524877 0.43879824434518827 0.4696981980794397 0.43908118394452317 0.429943834113395 0.38080872080203865 0.38615643232569735 0.3911720877431745 0.44135340202254664 0.47028499750334657 0.46156478650739213
0.41209963115607184 0.3837585404871512 0.38911029553030757 0.3259311815880995 0.27826142464981973 0.28387198265061087 0.28682979286129207 0.28765848264861227 0.284978505717994 0.2733415629335158 0.246260454331748 0.2537057742504989 0.2643955738087645 0.2729719174150128 0.3172378996744371 0.3085055348028677 0.30795660814923786 0.3245431235838172 0.3521234940401924 0.3491349622198441 0.3595841072704415 0.38916626948271266 0.4249157016274499 0.44790604233274905 0.4466951477086022 0.44293266294366357 0.42973601888069324 0.4371085656038451 0.48841996199261645 0.4822944525687791 0.45976691257322244 0.42910664222740696 0.4089446444999845 0.4536313488091993 0.47265535802242625 0.4291512630893289 0.40573413662773267 0.4247479483101069 0.3865042119453259 0.43539538849380616 0.4135638908290407 0.46177736514239415 0.479844966293133
0.3574395924212744 0.3566985777237398 0.31987231974873737 0.3087956016235316 0.266348446775008 0.26233216416136834 0.3027734451565816 0.2857470026428687 0.28094150519460964 0.2722017776112688 0.2265033010708616 0.22683889327980514 0.24663199420874757 0.26600041606593894 0.31316292984964567 0.29910509198296154 0.30781332996097455 0.33517051850057644 0.3737941672541562 0.3893013073175686 0.4198485547865863 0.43278508899249724 0.4167066904054747 0.41267099731595464 0.43846467964800273 0.385355445765354 0.41117694804427757 0.43191535001218795 0.4232621697455216 0.43160389583632636 0.44012132694161266 0.4112714722044268 0.4325133679487423 0.44144329164911683 0.4433687789131165 0.4453760775491087 0.4551782490856303 0.42491849372411095 0.4489903917783938 0.44568651623078986 0.42740859258740355 0.43152368121456786 0.4276797637239568
0.34768710964594013 0.35239750246470525 0.3356675914258156 0.29105514707596225 0.2838968328362583 0.27453819337849106 0.29809435443662224 0.2775969337049143 0.2184961474402841 0.22688835934056986 0.24133560663348827 0.21778394858431532 0.23324085866308233 0.2587001287113929 0.3180657246668638 0.32351746342388393 0.340799917851246 0.3474453475641905 0.39967709294479725 0.39230947925602205 0.43900732290750794 0.3943837716684826 0.3997119956417892 0.41409424896368696 0.43443816753573977 0.3759606297569641 0.3380537540847307 0.377611334401606 0.3837374795446012 0.39838175831541633 0.3859588449852145 0.3888236587842532 0.4170509023741409 0.45070225509910095 0.4486652550128023 0.4164762816128399 0.45124375354922025 0.4720737160436021 0.4639668469718898 0.4594812678708794 0.4669720531089292 0.46733752972766723 0.4284639961848998
