Raster_benchmarking/DGGS/continuous/raster-385.asc
NCOLS 100
NROWS 100
XLLCORNER 1743163.2978054548
YLLCORNER 5469297.371109086
CELLSIZE 10
NODATA_VALUE -9999
[rows 38 to 56 of 100, columns 43 to 85 of 100]
0.5025128962419325 0.5307791277260296 0.5405151270937172 0.5289267677603392 0.6019270157912127 0.6338264045344493 0.622183805330549 0.6233984296398346 0.6250879841266526 0.6094813770928267 0.6225226367057555 0.6081949809786872 0.5982379365115342 0.602196753743645 0.6333778380201738 0.6800068522733709 0.6630899899954693 0.7004520971444843 0.6527799411050739 0.6658254463275993 0.661810190019027 0.6569609092666249 0.649595053340172 0.6668593216192138 0.7002674931758064 0.7113550183620845 0.6986406138623826 0.7448505300534985 0.7703001069056642 0.7645223621948946 0.8174648897542989 0.8142129085450754 0.8327494664744525 0.8409133681400516 0.807249327269776 0.8111583981391831 0.8274036085445187 0.8367125557698544 0.8639800091950205 0.9029507943320048 0.9048992260288381 0.8680307351257596 0.9153251849237409
0.49496049874850023 0.5491826969951142 0.5579623731368683 0.5639837112361973 0.5903264521883277 0.6551981277982254 0.6587620530295865 0.6415405923325744 0.6238331385008031 0.6230018410368746 0.6231054532893412 0.6292778257960827 0.6195469731360925 0.642208433977569 0.6266480125672652 0.6533331299149183 0.6524812146603245 0.6599885344221009 0.6741805343778463 0.6728464591004804 0.6531412049417455 0.6685428086661582 0.6476886436234517 0.6542700460832246 0.6980143591191164 0.717797940792877 0.7145866783177811 0.7285807753157789 0.7163399948928632 0.7299911911087356 0.7956752271369826 0.812557529313192 0.8274384554983493 0.8540855484367703 0.8270961427987259 0.8438595133583086 0.8246928212189123 0.8380923583177261 0.8713572931637839 0.9172871230676628 0.9086367035336599 0.878458566320294 0.9052353087426034
0.5193718525755364 0.5198251390071127 0.5569382696660624 0.5607543802082476 0.5987960097770958 0.6523035405926848 0.6526029067425193 0.6710781066231719 0.6481702275439603 0.6457871973682342 0.6532420826039336 0.649129559639156 0.6598392595185929 0.6717013793054549 0.6694186519505393 0.6494793709975875 0.6718397232461393 0.6685427655812717 0.661604038834531 0.6682797204016607 0.6754112014703396 0.6886991972703858 0.6639691110727064 0.669206584327957 0.6872866424285673 0.6802651969445156 0.6991593326680501 0.7011655115161298 0.7348331985705893 0.7228591593112105 0.7427522550401284 0.78342668888141 0.8336166404011988 0.8425939089636167 0.8582344502913394 0.8649164045486555 0.8781621857942566 0.8609793343113491 0.8645605373863048 0.9156698756311641 0.932017026880653 0.9205182043624982 0.9166107095283866
0.5245607762775959 0.5245342582180642 0.5332976752623659 0.5690934125907529 0.6023998297333882 0.6364414398098949 0.6315428511464264 0.679037082299751 0.6801897017523586 0.6502738153542603 0.6671784573587535 0.6709843250125893 0.6579172540327509 0.6666826683633261 0.6363429055290919 0.6486818185120514 0.6678105972813554 0.7040202171170518 0.7158700975848704 0.706138694434429 0.6875708859155226 0.7126800250212837 0.7111213374870262 0.6791982612810781 0.6649323292583488 0.6789190449539901 0.7079920025404013 0.6929502017553189 0.7262748405383127 0.7034743108605006 0.7144509314459366 0.7732882443326005 0.8012368492512173 0.8378380428433488 0.8384789434853878 0.8964624625688433 0.9027826010487174 0.8931352560940223 0.8931651898987242 0.9226157800676137 0.9201216770266698 0.9411292906985208 0.9136586220004181
0.4929340643576091 0.5053115861507993 0.5614489323984272 0.6069212978474353 0.6242637803822362 0.6276474029683595 0.6232733036399197 0.6589943625042449 0.6666010172015495 0.6539589473816305 0.6432128266965007 0.6231980655326764 0.634851963308421 0.6549121451448309 0.6250225532566515 0.6486136050882425 0.7088950288248568 0.748593012029738 0.6930047503870918 0.6954460496486365 0.7321999874230577 0.7213426170595819 0.7001991456180219 0.6970751087063166 0.71015623591573 0.6880322946089853 0.7294671251685293 0.7333842269801868 0.7210824898606024 0.6881167245015347 0.6881887107456723 0.7353496281644254 0.7761097386861683 0.8017665815816883 0.8186869945291877 0.8848082134963583 0.8912831520847053 0.9136706970828989 0.8844844483720159 0.89854206066168 0.9109020415875323 0.9181788514666998 0.926010687473762
0.5298614050340299 0.5164459799741337 0.5523885587456552 0.6118277321495964 0.6217208079753342 0.5911444440011581 0.5986356488673555 0.6294533591454845 0.6330246456362602 0.6387701061596717 0.6483301214490567 0.6355176424453504 0.6472043225560655 0.652963686713295 0.6554377118006685 0.6504645905154085 0.702360970256857 0.7123767759838819 0.708803319188599 0.7367918145609657 0.7459919330132098 0.715769530003419 0.7249595612312543 0.6987047045308558 0.704238263308616 0.7175326559813016 0.7118127226572907 0.7073688737006183 0.7425281980618318 0.7016878435519673 0.7126779854918995 0.7499502512870746 0.778092270227208 0.8358534167585707 0.8414493850455377 0.8581282918373646 0.890502251945823 0.8889152709614336 0.9178973815866085 0.9040246154390059 0.9231664304471623 0.9158497897851094 0.9335832921209781
0.5423958402448856 0.5549125503975999 0.5870901983052007 0.570866758564789 0.5972367601002678 0.5888878023579047 0.6009126461971163 0.5827954112068915 0.6158705696033018 0.6392793442012612 0.6618178127263371 0.65208299827406 0.6416017983850532 0.6632404645398771 0.6402109648251706 0.6485322937316416 0.6919658406888053 0.6999061729526325 0.7160389781420138 0.753487260863499 0.7515947062019406 0.7681945746147067 0.7434354949583936 0.7040388880725407 0.7334684699456073 0.7531410766720883 0.7457186181258572 0.7270296686370034 0.7487264013711978 0.7401843347222123 0.7597092425437668 0.7700123010488275 0.7843711704459411 0.8412006292740503 0.8518127581705567 0.8580384742085103 0.8844362321759637 0.8742377912328592 0.877232924272242 0.8920942123328458 0.9031982478794326 0.9467418654465425 0.9223586563451678
0.547954394564269 0.5444496263646081 0.5845986290238251 0.6134256247751533 0.6093583368631167 0.6057494058823758 0.5847553892549664 0.615434599632985 0.6035667874114763 0.6387041175875529 0.6514010823072695 0.6642964854218659 0.6515535496984287 0.6327713407663857 0.6488115872919231 0.664158740815988 0.6398199058368075 0.6906954412301662 0.6863613269146732 0.7056664746337818 0.7566075864703324 0.7781074290302774 0.7707174996792611 0.7290429656309889 0.722923392167393 0.7579268353358021 0.7561504121622135 0.7672605776272572 0.7818318986639419 0.8041540147820592 0.7935706266973725 0.774448021909553 0.7922080645387766 0.8357513378029341 0.8418817312008434 0.8627625108135638 0.8797243791958907 0.8586125273835203 0.8540313971561444 0.8939407439587127 0.8926667977038514 0.8770140346158832 0.8884243957182387
0.5512568543363588 0.5483475255540067 0.6066424708930654 0.6196883464613209 0.6239472281140817 0.5994124149256556 0.6007346633386011 0.608160945118199 0.6072340114683641 0.5976347455191957 0.6133631156028949 0.6522748803190098 0.6516480349648168 0.6249965815210842 0.6371338177777226 0.6487542716931991 0.6420555450348981 0.6587787026815836 0.6937538435809846 0.7054323245140963 0.733368659406467 0.7657326965620228 0.7981055642114451 0.780895729426972 0.7402004971806623 0.7455708591627616 0.7635526207056186 0.8106670364562238 0.8081732896867215 0.8339707919614942 0.8107631491207422 0.822999391305719 0.8001243197425553 0.8102830905319179 0.8273955869834224 0.8674418308916189 0.9060348573858392 0.899922539042746 0.8941992819590294 0.8476521252252525 0.8828685301983368 0.8684973647208825 0.8493344243052096
0.5660598793454292 0.5811353991875273 0.5820738357537621 0.6271532745742038 0.6249961126674426 0.6137428007331943 0.6289659246203178 0.6074398509822222 0.603099513887872 0.6154292113356038 0.6273305715846922 0.6454334358844102 0.625787714656904 0.6461590540957091 0.6650826947594387 0.6602097676329965 0.677489525237302 0.6726714924333097 0.7054208714779486 0.7037536361919453 0.7592664086687365 0.7671594464819906 0.79542328672968 0.7842861588378063 0.7997892479866494 0.774899724963884 0.7987629659577158 0.8188967862136216 0.8346130222497853 0.8209893255867153 0.8259761406871576 0.8092178211767995 0.8352435963361701 0.8373796433605452 0.8146837427969844 0.8702394004872658 0.8835927020560636 0.8951035358791177 0.8979514045285842 0.8657381831707393 0.8509680051821333 0.8465660890897583 0.8432137796849133
0.5913509300366777 0.5880628898139114 0.6181176662673858 0.6373665979686662 0.6769867527141101 0.6871598072601278 0.6593091739840938 0.6450697686379641 0.6242059670119191 0.62722644300126 0.6005368918708228 0.6292490749237185 0.6309328400557486 0.6360398605952962 0.6781746735096765 0.661010699941288 0.6621484739554492 0.6572382938495742 0.7267666809281418 0.7387907346162893 0.7653165615614493 0.7792558325335124 0.7747989016800859 0.8113703693780955 0.8109927596779394 0.818091640058996 0.8197707643788255 0.8110475385628702 0.8127727327337728 0.8308815095340082 0.815570530703236 0.8211171340868337 0.8445565248376774 0.8172185835788356 0.8264262853561422 0.8432573180585524 0.8905558378177318 0.8710607203219999 0.8650419983892789 0.8768511560120054 0.8334939259034431 0.8502084291642458 0.8431362968402392
0.5622857243527749 0.5680112608422737 0.6052013723239278 0.6276931551159362 0.663095042190564 0.7033658511656838 0.7074337242143419 0.6737756096197921 0.6676701831182441 0.6062404824107835 0.6086589532640114 0.6229065563536517 0.6117005153551368 0.6187129795241245 0.6609213356542991 0.6601681694672598 0.6502768208370587 0.7059607180953877 0.7082489345346648 0.7466659532804304 0.7583406801870484 0.7846672778450782 0.7844604341502022 0.7777861988247982 0.7980396777504645 0.7899658887482774 0.8055832763320285 0.8384614391704568 0.8519701616871773 0.8664177163915475 0.8734649826182612 0.8571389286194777 0.8468351200990418 0.8646536768755487 0.8555312960441289 0.8641739768025335 0.8766294137595547 0.9025152272569184 0.8732257463928348 0.8556724196528332 0.8503603201025782 0.8566530521360283 0.8702183818598577
0.5509503513806709 0.5726809563520279 0.6376149847115936 0.6722907766362165 0.6909391237278769 0.724193153133734 0.6986842653954742 0.6942524591817564 0.6747287291751873 0.615111404739317 0.6248570815116967 0.5887283915226545 0.6143505049888371 0.5913631108149919 0.6238901842981843 0.6604673718155095 0.6727282990821744 0.7108843656415779 0.6923794500975256 0.7064894579169531 0.736815165282895 0.792912601256449 0.7755148907855642 0.7726567147369883 0.808884651252955 0.8049374168883248 0.8307390342190801 0.8522885305412358 0.860823424122317 0.9124776517784782 0.8737041684123451 0.8914944052412546 0.8585155008159262 0.8848769007975705 0.8695745680546222 0.9165703370961825 0.9160485662387909 0.9087504844538992 0.8903221160562751 0.8473404421748523 0.865294230266105 0.8722920836916056 0.8532253914161533
0.5651855583502614 0.5803705108959825 0.6371498938735046 0.6525144384706718 0.6895515449440537 0.7132781866536598 0.685839431216863 0.6888692327943159 0.6498785514306149 0.6245846784615169 0.6102471449839313 0.5960476014544522 0.5970317942575392 0.585212907932305 0.6210815293971197 0.6355260830855726 0.6669220798236749 0.6699617714251749 0.6898709615959987 0.7376967139708673 0.7692356631980617 0.7913285073422006 0.779527113854814 0.7696593219003229 0.7793435067903961 0.8181442091425438 0.82189789494957 0.8650781697595851 0.847040205221773 0.8453104322953272 0.8592452721183249 0.8699926677942252 0.8803495481229913 0.8780782082173006 0.8726692247788723 0.901979884418399 0.8894390369659638 0.9110100299620754 0.8901207939049665 0.8932609003193738 0.8819323534321126 0.8793338999195157 0.8447271984024154
0.6063253468344303 0.5936770847520628 0.615152468756173 0.6562396772038838 0.6638985854735803 0.6884088675035216 0.6871419560849937 0.649702980976133 0.5989477696291932 0.589278704493159 0.5915758684143516 0.6043804380550116 0.5922278112071753 0.6030632349349525 0.6131043558257776 0.6730060369558671 0.6440281468346318 0.6699090044370717 0.6803227864682676 0.7272089004468497 0.7717084235845046 0.7657847807859812 0.7676050876656919 0.7764959453580265 0.7779890870114546 0.769477376640367 0.8280315268641603 0.8563672191812385 0.8663870025320758 0.8513749917406038 0.8608619354274836 0.8778812289988871 0.8454164377788914 0.8679366745490533 0.8642983627844184 0.8981132385239085 0.8806670143495328 0.8619238054668414 0.8758671128213232 0.8833430844985691 0.8707780501215129 0.8645933741412525 0.8118637458794474
0.6157311075399193 0.6268884359353355 0.6429094057081627 0.6679059464296195 0.6449339931391896 0.648991775810119 0.66685576338903 0.6526475779113103 0.6050393608849294 0.5825184890674058 0.6209890165991176 0.5923613639030418 0.6295878068256299 0.6488788398646594 0.6197757955070153 0.6432971538276366 0.6539755399378288 0.6753776371802088 0.658845987751471 0.7060226032114202 0.7459482886162766 0.7669281695271485 0.7899856774756384 0.8045992241293268 0.7688553102899826 0.8034737734937014 0.8100470452281852 0.8099594483489554 0.8432554208930957 0.8186986741630773 0.826269872458673 0.8707778936464918 0.8471638507205416 0.8580604472302283 0.8632660155731977 0.9059083188879595 0.8885445573744603 0.8783305356422658 0.8748494728485497 0.8730254043082831 0.8436439538545072 0.851717831818181 0.8384396651089266
0.6696149268075224 0.7067106308465021 0.6447174797259703 0.6333583608480895 0.6434020034634546 0.6739843718432299 0.6353707011943294 0.5925458194417405 0.6071465708835632 0.6016365448707808 0.6165626217174709 0.5988002371147448 0.6333499528610689 0.6524091239647472 0.6148533616606604 0.6359378980041211 0.6435670441452943 0.62855462496305 0.646175861169947 0.68264071257912 0.7325436272583989 0.7807371195643722 0.7705290127210164 0.7959894697545135 0.766085151227704 0.7968229007357321 0.8104708123352583 0.814057235899573 0.8203525474624903 0.7957845556215133 0.8518024153812593 0.866660240966695 0.8480421822999755 0.8448460485091489 0.8800490873851519 0.909275263157104 0.9071123879021563 0.8744696894635228 0.8489609000593763 0.8734602511873576 0.8518479657316561 0.8447791213220829 0.8095974501752496
0.662128891540971 0.6793954512208742 0.6687156761913006 0.6295655570778127 0.6564791845986976 0.6618342071950286 0.6090733378447212 0.5658485650552973 0.560103990647776 0.5590622759474925 0.5936272625660466 0.6011936093546418 0.6378383230619242 0.6178740563177785 0.6293905424548257 0.6658217588296136 0.661074470933576 0.6384905735391811 0.6764779613380565 0.6806989760300084 0.7296657033348143 0.7386368431398653 0.7683169185890244 0.7740088346665487 0.7844995685546099 0.7586871931051878 0.7818862360275858 0.8098681846746375 0.7913544551602403 0.8213355229368704 0.8270709776418528 0.8397430342407369 0.8384430048286601 0.851437786472091 0.854761023710061 0.8640803246000244 0.8782340875863961 0.8626594895960216 0.8262298800814134 0.8404406068145225 0.8025207449973485 0.7864699794315398 0.7943049485712839
0.6296016057350879 0.6729736227223073 0.6572128251269199 0.6129030945708911 0.6364591570520804 0.6685794831425274 0.628686210555648 0.5833940793591916 0.5518948895147279 0.5575164082090761 0.6034388444289353 0.6149407484994232 0.5924556679049096 0.5981191623640022 0.6444860713654542 0.6662052115021262 0.6589804712823492 0.6477580380325966 0.6722668097822251 0.6679576245654082 0.7137769471550358 0.7366702133081274 0.7507710107385545 0.740334332842715 0.7590468586981273 0.762857042300105 0.7405469652303192 0.7626397547170306 0.777752496571853 0.808392331275144 0.8487429203936362 0.8592290106359858 0.8456349142054115 0.8301118077421917 0.8225527490439113 0.8581930710602729 0.86787767867746 0.8323552733611191 0.8387191978696127 0.8111502415727826 0.7580608123068259 0.7516579223340287 0.7575254471497197
