Raster_benchmarking/DGGS/continuous/raster-294.asc
NCOLS 100
NROWS 100
XLLCORNER 1743155.9463063907
YLLCORNER 5469285.784354329
CELLSIZE 10
NODATA_VALUE -9999
[rows 0 to 18 of 100, columns 0 to 42 of 100]
0.3465648909281507 0.282440731700715 0.3056424447623076 0.35588086667940355 0.3282557954714171 0.325478719142559 0.31289989258147116 0.3471573796789599 0.3861613645903774 0.38557099246682264 0.32904984367231566 0.3160135265543704 0.25206381521734644 0.2362873034715935 0.2287927299899458 0.18705078618688362 0.1950715329259806 0.16103345778336192 0.11091125132625344 0.038320432908706 0.06515272099573177 0.02002943584312479 0.03627603512864534 0.10782831404222405 0.09989106481307113 0.09685869340752085 0.10111055315313507 0.09388148421471029 0.09808857950655227 0.1461384435684251 0.06789480940775622 0.04672283201124294 0.04594134569737839 0.06482863471976973 0.036386817279281766 0.040618869156465634 0.06383376021279387 0.03228801723862992 0.021115157508339574 0.04958815131904261 0.049534794134739914 0.09096600839407068 0.10651610075965155
0.3522843549519448 0.3347450407046244 0.30273618561066235 0.3138976831594454 0.3583736975167487 0.33049803563551367 0.3427793320107089 0.3661079236802136 0.3443415904257408 0.36374337176240196 0.35134780663954707 0.3001137350998118 0.3133875420614071 0.2542240238493669 0.2507595335819743 0.21756569572146142 0.21202516099738558 0.18807149376711785 0.14248671684387795 0.10291396957416983 0.08923349870285482 0.04520110510370522 0.06932851725806036 0.08408544155275631 0.10477074764853213 0.09768756629378408 0.08989730189337139 0.12314913802861459 0.11545395982081565 0.12309387912360541 0.08549709041137127 0.08006602861174213 0.09670374811960193 0.10648058969069256 0.06041219565075942 0.06000391482412152 0.05885639689734454 0.012297747035979606 0.01702945836494283 0.0531401705109671 0.08539843947590457 0.0873762947361055 0.07101985511153784
0.3612635150173107 0.34827157135179243 0.3399115778972093 0.31125465203917707 0.36875706701317673 0.3428692659415527 0.3270543782520496 0.3667045062131237 0.3358558283570674 0.3217040180480143 0.31779184300254754 0.3000415393434682 0.2895423212520082 0.2898142144905089 0.28994479348355995 0.2410771649677894 0.2533872043237179 0.22009485413253696 0.16473363563593346 0.09886166976366452 0.09956554150167561 0.10179783792183231 0.1194826938701621 0.11000444605302209 0.06604296880074749 0.08811849496812386 0.1177418776324836 0.0873394859930395 0.09177542138291522 0.15366440152676664 0.14563259124678668 0.09574765197873657 0.11122258329793741 0.1262641726593745 0.11969345889913201 0.10923186173549101 0.09836427424491268 0.034774986701002125 0.04725546814477348 0.04779954591309978 0.07659326886509808 0.049136179964889365 0.06203876666690416
0.3167933057602543 0.32518151544594087 0.3496803255032211 0.31604896031556756 0.3545291070715673 0.3095149412260752 0.3066331878275082 0.31141077442583137 0.33211901896996254 0.3204290331671465 0.3347365136262514 0.29119805826748496 0.32232079289589705 0.3089516655570784 0.26288086848216097 0.23097387405458877 0.22006734786377763 0.2438704347922134 0.19869083381291686 0.1315245242837893 0.12824013616508778 0.10396140247856876 0.10865810208940864 0.06447243671580438 0.07084948182377035 0.11647439473810792 0.1303240832445714 0.13270878923447746 0.1208903417275836 0.11592780711309086 0.12296214231061324 0.09715169427323506 0.08499301536799969 0.08775472266256348 0.08794162532694694 0.12348092463898723 0.10732875549038723 0.11597421185907494 0.09247467250598847 0.08039697476600456 0.07125145025938032 0.09382153346838464 0.08237823410328521
0.3306900653625755 0.3228497465437033 0.3514975957086602 0.3248945512531641 0.3184620464012277 0.3234816434930113 0.33394849900704876 0.28702333753603226 0.31766180074388506 0.34400599752030186 0.3386087303069612 0.32591502743885215 0.34897386441764827 0.29177164487537344 0.2946554133264704 0.21614241251381242 0.24225768704782125 0.2177593150461056 0.18003909671896828 0.17821611279389113 0.08899008784970498 0.0421551146228508 0.08278283724881311 0.05607832034844871 0.0678380812513158 0.12009155114164566 0.15698709955520349 0.17442884338701406 0.13151964400757138 0.18904276551184973 0.11685875237378811 0.10183039868784925 0.10723264227351763 0.07742647991898205 0.10445229658277427 0.07587726073520454 0.1390331714609886 0.13395750654047062 0.1289095373822114 0.09767841933888059 0.05031420591841687 0.054760780671580744 0.06060376297029598
0.3338789177407344 0.32538969310082017 0.3456513524524485 0.3366059608845185 0.33031233581299013 0.2927451322226866 0.3224432588592257 0.3378697692859254 0.3396015449045087 0.3392254449063628 0.34818084923247605 0.3089374965927189 0.33553890905345557 0.28427598344038574 0.2987837868423979 0.2598152740840083 0.25822068243456026 0.2568173063950284 0.18913128383596953 0.12696782747489357 0.08083567929096203 0.04165666981137117 0.07530733643375111 0.07364141200699653 0.08879843537337828 0.10166733551099826 0.11335689514901828 0.12216307473254386 0.16300093543517027 0.1394072968677626 0.15613066808942885 0.14785340739688668 0.09680643037926243 0.07531258129293628 0.08286527695436158 0.0789727373433164 0.12976262402008074 0.1194019768399418 0.1233094822319148 0.07364883419476129 0.08280268027635501 0.0886667984962056 0.06733253017786642
0.3302111316403089 0.36142591024688353 0.3348732744039427 0.30537159874279823 0.2977422354046639 0.30550331867296515 0.32669577160091684 0.3220358382154731 0.3498547384152873 0.330390830514272 0.3245549276832361 0.3520499705283254 0.3363141875204243 0.2869735035385041 0.30433416758464815 0.30476992513359846 0.2599194320164721 0.25869651249330405 0.20071431844886067 0.15406159112950712 0.11183770263821592 0.036668440043037764 0.04050045151308226 0.05785456201555277 0.10946529421251887 0.11458805098263611 0.12373170472959993 0.11342128179031469 0.1523021192336421 0.12892053899590433 0.15165496080040758 0.1447492910440794 0.11275686160977057 0.14498749353020932 0.10688366668667104 0.11278550899340369 0.09036894856522165 0.10645736303808385 0.12760120982856696 0.11728041364477886 0.06896771546336791 0.03417204835278332 0.04679688277359763
0.2987656596629344 0.3204394380540639 0.3158890701975366 0.2908210880988704 0.2724177067533231 0.23247705888639528 0.24369487024407013 0.28625281470907843 0.2894323323460279 0.2850617773692354 0.2971189327242223 0.33146776046407894 0.30047579069573593 0.30029431132921214 0.3070227720568679 0.27737229904068683 0.28423904744033396 0.21191371743576815 0.1798587651762611 0.1719959269108134 0.13698270560374343 0.08296374625652403 0.08338089341078966 0.11094782351445623 0.09387026489275395 0.10247215464153817 0.08285146157726248 0.10366000477747966 0.09698587108753458 0.12629207421209926 0.14009137982154116 0.08895841454251642 0.07860784207121534 0.09364591069631384 0.07795555048078943 0.1016475052280192 0.09166480808328237 0.15466378185573446 0.13345113970404315 0.1474128749667069 0.13195058312921265 0.09353179532116536 0.07696097286396691
0.33993911474892446 0.29253415152594775 0.2881392372380611 0.28136098853435987 0.205668631386752 0.17688907413795985 0.2193189667818879 0.1998709484171825 0.21781590521934063 0.27230628457956657 0.28524986492469323 0.26812070027920487 0.2940185040036805 0.35406469351307096 0.3493657970072144 0.32394678555612344 0.2619974259512366 0.24336358434761 0.19071287537844983 0.190655444677848 0.11608405840464296 0.07521376167273851 0.09979569811206093 0.1356387944524585 0.10975969518490444 0.10449132398587406 0.0975877089958292 0.1182915703818416 0.08797177394735525 0.11453072091372456 0.10304784950664134 0.08225614207998724 0.09822401690723874 0.06476716838444069 0.1147297557276193 0.0978037230919956 0.12560934602057047 0.1663086212106585 0.16452722765154945 0.15642982409580647 0.14216071494996746 0.09723117634170332 0.08119505246342942
0.3290264318523958 0.26941848674838287 0.29145042806837784 0.23695189864077817 0.2129996149077432 0.19936637251497488 0.18551052020482817 0.1878867054658293 0.22298858522493756 0.26277166104402283 0.2771338733487649 0.30413504274706965 0.30428179730484817 0.33911523994690207 0.3058045343993339 0.31093940806017745 0.27967778983142244 0.23797141457064905 0.23786650750147667 0.1965913041776634 0.15577520931516584 0.07902606308888971 0.11345906163503935 0.15451995290615936 0.12604244392153274 0.15396869015886014 0.1622400346290635 0.12307699602268983 0.13534565060424122 0.13239553560725667 0.1154484951662813 0.08975183968761734 0.059669387379806954 0.09631160428431304 0.11024738820733147 0.13142293302266353 0.10766380241663163 0.1708479235009799 0.17134025948702697 0.15595948119842445 0.1524131089449743 0.12729511585967856 0.09966311195729273
0.3188549964930862 0.2769849513602151 0.28723677441672624 0.2546719569403349 0.24473438148380994 0.21407101322301436 0.1951080734912745 0.23667129085609215 0.25126685605264726 0.22307415332178115 0.30590913882867543 0.2766618513800483 0.3349417995747598 0.3214925827238458 0.3107593092288967 0.2709544294123983 0.2389999939171926 0.2183935519935953 0.2381487734216225 0.17850171819486005 0.15786300715517304 0.08922465005674927 0.09811215875795634 0.12867854537561435 0.13278185351859062 0.1666654919266866 0.12106287337647878 0.15862661950880527 0.11651995037096012 0.10796334706954601 0.09571892703184716 0.09074311438553301 0.07651989114804401 0.10757775321351348 0.11340685037773077 0.1037156003919463 0.13584949674496732 0.1644521535830867 0.14503045307421486 0.16261684175055724 0.18309854782898902 0.1488662786283371 0.12546184255573717
0.30388278087774856 0.28627786998508403 0.30714237262687216 0.25885172698680975 0.2751192985165053 0.28683469757183466 0.23687384735269473 0.2713750032973858 0.2822199008487823 0.26821921237461155 0.31962464326587975 0.294395738450667 0.357453032741483 0.3473763003040506 0.33539841212385796 0.28737201005939295 0.28979762117596153 0.2441545435147396 0.21617852098391777 0.16290887557975586 0.09881238688010209 0.10501156372067152 0.10328644935054511 0.14728546760151046 0.12886434290488463 0.12564048281032966 0.12067933235897264 0.14199721208772895 0.13617768046465792 0.12571772396551031 0.10692424414987449 0.056368232625749394 0.08326378290175042 0.07939685223374306 0.12133469996118565 0.12167191953816776 0.13166035749957825 0.17046068975073986 0.14189904974037323 0.17931765085944937 0.16645115466558139 0.15459612824203386 0.1327745859323694
0.29883489444393085 0.3267090205004793 0.28857909672425186 0.2973393325394658 0.29354738782890266 0.3083681444527884 0.2816605419995419 0.2500012904843775 0.2897339328615489 0.31698471572252607 0.314731808374078 0.33492027893465126 0.3364520498150731 0.3704638107894839 0.3544468588356594 0.31782991198222016 0.2895217294399481 0.28007919073293963 0.1666909892829469 0.11629529916682776 0.10775623213316526 0.08071440072516342 0.12082314043404939 0.15449517296655704 0.10347271047057019 0.089128410513689 0.14230234798698568 0.16831840536528297 0.13665563764298388 0.11615985735928007 0.11961677585947607 0.05545152895298907 0.09512405167929401 0.07662969489232944 0.09544804888091916 0.08186754954404524 0.13486267714486014 0.14337822343136525 0.10723611560100983 0.1365541561397398 0.16285941778033616 0.0939306229819735 0.13303037346053892
0.32039403335832717 0.3210828236537744 0.2839444090060724 0.31981996559912895 0.3114110025427499 0.2654332508496629 0.30279311321670815 0.29554049727654585 0.28292986566509437 0.31037879096976523 0.29774812295390424 0.2894035178956497 0.31023265174260106 0.31720413711442724 0.3080383089429709 0.300791948477375 0.2954215558807444 0.23409688387565641 0.13939943552892634 0.1168717055523879 0.05808696826739444 0.09420642611865256 0.0929405468852213 0.12718969897289611 0.12122871224904809 0.08946210240023862 0.08904929957558128 0.15608414241760818 0.11938779306494071 0.12591718998417667 0.12104684498410626 0.1323350106094548 0.11653261649334457 0.1389173909947781 0.11150606066021376 0.1297917990173816 0.1404448397867478 0.15028007708592725 0.12548049087131505 0.12077826148545309 0.13470607825622624 0.14243578363391024 0.11819129078717988
0.3086145216742399 0.2762329559735175 0.297632451063772 0.27078011190684625 0.2530234395563779 0.24496639379563923 0.2513611649561641 0.3355049446940658 0.31598694655500026 0.32638027305412176 0.31528628540750464 0.2959424840408991 0.3086337612659986 0.27849596915831537 0.2976905634185201 0.31206276319601356 0.263631180719432 0.16667450037356496 0.09398936625937716 0.09600667214145493 0.0448763187448516 0.04720197909618538 0.06924224263121208 0.11987596582986461 0.11773615650654587 0.0657646914141074 0.06842256953258513 0.13646465097037092 0.14519676222083955 0.09840229305542147 0.13829667611485716 0.13980939351245628 0.1533699228386442 0.17176670018374096 0.16461918558528377 0.14302411573494175 0.14885139299462252 0.1081868912188249 0.13469757280920835 0.15163175314696908 0.1353886083757404 0.12074502981055632 0.13356817597563642
0.3111446919742834 0.29656436661909324 0.257409032838267 0.28409758590699896 0.2666648977427612 0.2290733422044657 0.24056008593027076 0.2908785442326671 0.29381072838792244 0.2757466538514504 0.2939477872856955 0.3137258419528265 0.29307536536994894 0.2963020894386775 0.31913834964896814 0.29883987308757654 0.18838007965169415 0.15174690693182394 0.09193867377568335 0.08108566338018929 0.08926947221073156 0.08384498675166842 0.0727402935613148 0.06350203567589649 0.05210798000408563 0.04340809219832038 0.08338055367531515 0.10069713885627286 0.10512654479790404 0.1114095252111262 0.12887477019950186 0.13637844434727683 0.15498857940642757 0.16080205470406098 0.1877928694484042 0.2005739931686734 0.14684046429150582 0.11422847898504293 0.15797719203759797 0.14129432117192536 0.13258680909196136 0.15256722619702417 0.1578025640002078
0.31012373684389954 0.2938544851014158 0.27845681706436454 0.24064220568957237 0.24385907321897737 0.256117792062121 0.26480200141522536 0.24113196801138176 0.26350543703588886 0.3004022959997616 0.29363868664376547 0.327276134186326 0.33887172626511747 0.3221415127022322 0.2616299163959596 0.26000194073836563 0.1918486711734061 0.13660663440654316 0.11082442082185333 0.0581694063568085 0.07724374365102525 0.04275957520665668 0.0850861004781219 0.0857375491191578 0.06518080032254801 0.06395589713954203 0.07110061626694064 0.10724042394235099 0.11072699949127696 0.07752854261941866 0.09033401016096092 0.10948105685577386 0.1596081038448604 0.17345366702227127 0.18326706314636926 0.20106582356196787 0.19733292231539826 0.15818218750329646 0.17894526213909892 0.17194212006181606 0.19295811075186484 0.20093003439244486 0.19231838611655266
0.2935205507242279 0.28241697655922554 0.2697654473898615 0.2784842512063787 0.24866092958465763 0.24152367791191467 0.25044937648403526 0.2561309078930371 0.2529805314207246 0.26919290075371705 0.3471203815616931 0.31352747979181467 0.33859056876337984 0.3325416304779374 0.2661467315600673 0.21659256408056687 0.21896777567860704 0.1875847974686007 0.14273158372370057 0.12568725524463564 0.08583582070845171 0.10121908097666595 0.11221111839332451 0.10564559522207825 0.1099489660394489 0.1108502341001611 0.08751967561764665 0.08601158316323006 0.08485133323895346 0.10209635731962724 0.08063272653831594 0.07454963150558065 0.10088788978868364 0.14107048356361937 0.17556439282187913 0.16444869479877222 0.17869824641020338 0.18924639883312894 0.18986660377681838 0.20161045119912277 0.19318901632543367 0.21324748271981206 0.17149113760593618
0.25659739044346896 0.25674806167888825 0.2915035396300548 0.2678180835619555 0.2461133354927646 0.26046834380540856 0.2607625893925483 0.2865037666371365 0.2551715866830134 0.2744151886967391 0.35448363013305995 0.362595623471814 0.3271694189411369 0.3545163004125934 0.27944956577109575 0.22364603264641447 0.21125806248521356 0.2137840957954352 0.1500251438207239 0.16276751608949838 0.13877142585249894 0.09846944359725639 0.11673589240817027 0.1289062133889428 0.1290454893729683 0.09468286298837461 0.10629234724234239 0.049337598554663444 0.10397494107239962 0.09847817152830053 0.09810276363720398 0.11924767645903789 0.13431717015882594 0.12786718137486958 0.17013207854578719 0.22249160102469917 0.15948726678776867 0.14066245889674314 0.17071112012062578 0.16724397536699603 0.17116409206512628 0.1927502279701778 0.179568103214438
