Raster_benchmarking/DGGS/continuous/raster-363.asc
NCOLS 100
NROWS 100
XLLCORNER 1743150.4159664384
YLLCORNER 5469297.320983271
CELLSIZE 10
NODATA_VALUE -9999
[rows 57 to 75 of 100, columns 43 to 85 of 100]
0.6418919757627262 0.6432000877197742 0.6505946498983175 0.5970302821169889 0.5915371059559625 0.6074467954376699 0.6019900030049342 0.5927587451298725 0.5692918697996695 0.5855901003757806 0.5659573652175027 0.5997465866367294 0.5858861568879082 0.6031796962725529 0.6259226607521384 0.6057193181663565 0.6407703005815141 0.6537447020828655 0.631575887331078 0.6306014808091562 0.6217775453789823 0.5982669175458395 0.5426435936875647 0.5410389637602662 0.5390941032337581 0.540404725242798 0.5343960724477215 0.5244128212096887 0.49909253012724586 0.45257590209462933 0.4488035226955015 0.4357573518280708 0.4208901371018469 0.37053035041944 0.3515364145595368 0.3686133372170995 0.363632905002468 0.33872001882944064 0.31446257118646836 0.2991045700495852 0.31586282291509915 0.31141915596478714 0.3217446210325561
0.6054571884375176 0.6434814778667266 0.6270297308907425 0.5748785651881427 0.5772416438676121 0.5859218551941195 0.5771435016368415 0.5550677466946855 0.5686717120621637 0.5500855213752572 0.5790387597040484 0.5666668036712279 0.5759681238775958 0.543646268823346 0.5862619091018785 0.5580395000423735 0.6104283487978225 0.6215044442401583 0.5958177208445575 0.5589628008982089 0.5609232211122893 0.5787667533760813 0.5131899427851592 0.5070698813677597 0.5472396465065605 0.5167116062527368 0.53632333423318 0.5266403025344684 0.5036869133235435 0.4466215921853168 0.41733274737290615 0.3716200433517286 0.3758192730437182 0.3927287970489136 0.39626872148630976 0.3582751189688661 0.35865087430360226 0.30815476409120335 0.2901378774620109 0.2913148556220318 0.2928740150483736 0.3281096784409145 0.3069554282865563
0.6359363055128128 0.5932530602467173 0.5760377775004107 0.5913772791109393 0.5891055321513073 0.5664345367637326 0.5806733739835493 0.5541745334871229 0.567944298296398 0.5363759134524106 0.5546449538432187 0.5385527617300436 0.5151395718661782 0.5400535259145062 0.5335256603960362 0.5361847414703443 0.5793836839724961 0.6133863641341535 0.5946275610310957 0.5722695285394904 0.5635405360638546 0.5384865196244428 0.5267552635295771 0.537190943599518 0.5478522239512569 0.5058537101125792 0.5200435465021879 0.48988470153922564 0.48291533137595777 0.45700667831397324 0.41336646803139415 0.39141079914580235 0.37945674859967526 0.4061933658517698 0.37617978971885097 0.3956913969563979 0.3799151204769338 0.3455545876033828 0.32024463687727894 0.3185441959866099 0.33933916949793613 0.3331018843738681 0.3247817436528591
0.6152663475490725 0.5918121699944605 0.5775967719442119 0.592072863882395 0.5730036217701215 0.5910684886801341 0.5978363316753593 0.5554720721321891 0.5604124515134022 0.5454278268473597 0.5070655441838544 0.46748632450526456 0.5072234412919667 0.5155977061451347 0.5158871874004917 0.49494442926625654 0.5182295255152372 0.556565586202032 0.5305958533305598 0.5391653175620853 0.5522663301663363 0.5059329534823016 0.5557240252902188 0.5697750487483704 0.5240091983249041 0.5186033271382129 0.49054248310936716 0.5298178910850612 0.4404303824744953 0.40132754036932644 0.3622058791767221 0.32843874494925895 0.34850178393194614 0.3942426865870463 0.36427314705180164 0.3984550241442373 0.39694942136403694 0.3512189320678571 0.3068164185178614 0.3228334622602711 0.33020895769189845 0.3281976715890083 0.35422155524260585
0.6471474702493581 0.6100378071766126 0.5824728163029894 0.5710899586128881 0.6107621415129886 0.5932591231691575 0.5935395542494155 0.541403610380521 0.5271729883291546 0.49559107705135436 0.4944939366246304 0.4895518712565412 0.497968817517143 0.48043216318547405 0.4845500824868918 0.4743587700558419 0.4977103821374143 0.5103750392386409 0.524493826557797 0.4971553647862375 0.5282405442919835 0.4899389000984972 0.5207038111209091 0.5099249042504315 0.5048597464153883 0.4637627170888836 0.46854733865301185 0.4535119622183366 0.39662959994750985 0.3790025187993922 0.3487155790066728 0.33711267524909794 0.3655235819994772 0.35994376330461003 0.34712235040121553 0.3883476576523777 0.35586291507717066 0.34656525666441573 0.33019934025713976 0.3390733983000714 0.3234137699158732 0.3142077998004652 0.3521766548005631
0.6389277404500747 0.5868883969717107 0.5726442118686725 0.5827774295951962 0.5686334276981936 0.5861777481018642 0.5915352157333271 0.5818149560476676 0.5499051186435135 0.5220914919961098 0.4756225882320982 0.4487654960512768 0.4577235711619626 0.4826503944379092 0.47625033993392213 0.5090748217839306 0.49674270219019323 0.5090215225831796 0.5362183065890657 0.5019345559524494 0.5199140032483837 0.47383025029473397 0.4380415378055184 0.43331746086786077 0.4747856480559982 0.4672304237138509 0.4325129304093618 0.40777896379604867 0.3875640951381509 0.35662211479489253 0.34756796591958794 0.3547383334067445 0.3278551034771353 0.3256628117691941 0.3197238651951704 0.3457563066323247 0.36259142538131367 0.36140369079745793 0.36647743347837997 0.34587113564845773 0.33349283837391547 0.31527501468383035 0.3522388056266556
0.625840040323814 0.5939774628755803 0.6038541077709174 0.5650443572529094 0.5673571145152394 0.5857644948960267 0.5779620863357843 0.5257238268515152 0.5342127470356199 0.5134524037341243 0.4876334963893955 0.45372578014808373 0.4750510502089005 0.49476103307040886 0.4610240926427774 0.4640987864060681 0.47832620650908897 0.49118622143038126 0.511932404956916 0.4822651780765939 0.483645060086486 0.4317999864892515 0.41002758391576793 0.3920348478292222 0.4181330124716563 0.4084173432142966 0.4285152085128008 0.3831159587168307 0.3635853724884812 0.3931941110555737 0.3706707247354334 0.3350430855174694 0.3229593866997699 0.32282265231324536 0.36664384566866615 0.34336268362708344 0.35841027618415805 0.3700265598859381 0.35856174154252757 0.36501504421840203 0.32816005586935604 0.35916595735237633 0.3493820307153785
0.6178930948041683 0.6234754629682033 0.6082184398073422 0.587657786511048 0.5905684970061791 0.5440937779411497 0.5715450312395439 0.5063605341629628 0.5316855182261513 0.5116827652502354 0.5037676186560067 0.5020804271772723 0.4777280952886707 0.4529892046105649 0.4303658733797955 0.44438044848619845 0.436800804629662 0.4606193575363601 0.47931209159607746 0.47945263182760944 0.43683369228303964 0.4399770992819024 0.40230303290169594 0.40129303391989163 0.40363847484377313 0.40403155210231456 0.4195955324238775 0.3968262729109693 0.3692584029986787 0.3964876068535952 0.3545151096545275 0.302793786036907 0.32805018217057724 0.3589047419217764 0.37212583400701466 0.3548309284822834 0.3638648391655597 0.40356334000558786 0.3821930970774556 0.34052684181316495 0.3452364138253602 0.35224467135414717 0.36548541698114956
0.6432153700537169 0.6020911834997239 0.6228266579095932 0.6417614763563592 0.6097541276042824 0.5915731444391938 0.5486843538050482 0.5147689990935505 0.51800637787299 0.5347826521298555 0.5391607788553594 0.5082163050671814 0.47013808946353625 0.4667552704453496 0.42519876776759274 0.4435755278164706 0.45788173151546185 0.4373362761561914 0.47783025354237246 0.45464478277783826 0.45157908247733003 0.4379669712826523 0.43559630403539756 0.46740492291872343 0.4557955016130338 0.4428540097642847 0.43948080638767023 0.41992279375132624 0.40272062766930583 0.38328919427094593 0.3763543896356697 0.36411117071511784 0.3511668774789751 0.33337337221466523 0.34838778053829617 0.35942277559631364 0.35677858751481295 0.3777296615950715 0.35915172406683643 0.38138213959156375 0.3532690650911968 0.3683413566059452 0.41075773178282515
0.6143665122332417 0.5961198997242725 0.6045994714930548 0.6380760568915528 0.6170478159013427 0.5776706523078714 0.584573635661393 0.5384648732541754 0.5225417240292898 0.5448691339016489 0.4977938739014796 0.4943948782961607 0.4519620091205981 0.4563339670991488 0.4266077911802577 0.4101721584113833 0.4246240229530295 0.44766840216757875 0.47977933390407385 0.45248266281368915 0.4396062157300412 0.4789959696505444 0.4882651377031471 0.49055247276882813 0.4499918928688273 0.4456272173915069 0.4531877448004316 0.440718541080828 0.4172010801117443 0.421082203463271 0.3673822173942092 0.34422621648803475 0.37686737535567183 0.34668375768236714 0.3407098259174828 0.3366853629752117 0.3428238088780399 0.411830096168648 0.41444501339343726 0.3880032992958139 0.36247217461554626 0.38364550502714917 0.4216284610061353
0.6232475772233353 0.6381598203348319 0.63219150304987 0.6352057599521506 0.5896918259334648 0.5705338936246014 0.5902722031388021 0.5301219774321455 0.5546408008970459 0.5426705903697627 0.49368624519564375 0.45994341330185673 0.4835890005008212 0.4596055105185541 0.43438893469891826 0.42544534958371405 0.4314049952155256 0.40588411475017894 0.4618213956794825 0.4752683117960941 0.45672252290153686 0.46190549559373095 0.4939054781012146 0.4780166556402188 0.4998810395094629 0.49798165926494203 0.4769234413304116 0.4766486970510104 0.44802537828800426 0.4193166562813814 0.3846961434778686 0.37250599047227884 0.3591895484176182 0.3735574983037978 0.3349465701993379 0.3237623481423558 0.35087144327669195 0.38946397591233484 0.39661911015580653 0.39364302633203185 0.3646059894370433 0.35193014420613516 0.3849337214122089
0.6384918285105935 0.5957414750973439 0.6225757159438049 0.6325644154424735 0.619512202497593 0.6170231419233538 0.5721276332639452 0.5456564566136535 0.5608300977341496 0.4955263545207721 0.4902315424673501 0.46524508257987524 0.46553557349508595 0.43988882351895836 0.447717447737007 0.3895131597523933 0.3972744003490951 0.3862589957979186 0.4195819433022405 0.47715555188033665 0.4702663327091977 0.4882212382533438 0.4836403271598844 0.4637670582282997 0.5086783427422057 0.49570344105866826 0.4747823926921378 0.44862823326053447 0.45069234878391545 0.4419640695550383 0.41612674139906364 0.43208150683298885 0.40475062276613016 0.36305200811874616 0.3801142887010714 0.3818252544655045 0.3568358422208865 0.37003026050350474 0.3885269793337065 0.4250679523090177 0.34872459568604053 0.3520217841042906 0.3397177146930944
0.6686981391975334 0.6180852341515278 0.6522871828596923 0.620630193900667 0.6394762419159465 0.6185717212299666 0.5972092476656287 0.5725224505088322 0.5625293420202563 0.5355691494939971 0.47704501767676394 0.444773020941672 0.46472391018125464 0.4484609853649484 0.44786632254393866 0.4165399372458317 0.41019369139909856 0.38509324386530974 0.4367065142125842 0.4568362787936225 0.4467738871274302 0.4496719846523263 0.45691064993584707 0.4741396386861601 0.4967055592430884 0.46248328166182306 0.44533406374805407 0.43703523621169504 0.44079058012154065 0.44510478755743993 0.44227751468691956 0.40182571613727547 0.400816501724749 0.35410692723401893 0.38341056531280515 0.35725815888471 0.33619940989947344 0.3299671600141897 0.36768146260645046 0.35964128921137806 0.35559645990016686 0.3527282213234673 0.35517095463693404
0.696611887340013 0.6648121863467542 0.6746430561964682 0.6303759093508662 0.6220506985963224 0.6661693092969319 0.6273255374220023 0.5904795744658776 0.5525689007761803 0.5515456668044095 0.5455450488015984 0.4813140777077829 0.4665152553613187 0.4300815933490444 0.46446268281428676 0.42299511708657844 0.39429275172744427 0.3950080620999054 0.4042761369860212 0.4235320882059017 0.4297610198860474 0.44996016216447465 0.4860515784202175 0.49553594703968507 0.4523293843587374 0.4882896055756236 0.4446616593454187 0.45692920325952574 0.45680323718533394 0.4194751210555637 0.41895521421006565 0.4141792441991736 0.37837125538701993 0.36980039474662785 0.3590494720899456 0.3253090890870286 0.34566905144702803 0.3423268487796834 0.37804723754697134 0.3844199066276908 0.3521187705020437 0.36262847310429597 0.3650992601858906
0.7218818745674908 0.6907253720204402 0.6549776316063334 0.6693655988834337 0.6558083227017314 0.6359846410588348 0.6139290189201022 0.5936961526698309 0.5914966522077284 0.5557838688604462 0.5638314498371311 0.5132460972229206 0.46864615552776745 0.44147462469912996 0.4570542487304791 0.41117442864764214 0.40935292684516356 0.4446754791930219 0.4395252068611562 0.4157844528318755 0.3921261980521804 0.42632436959736025 0.4361009701309943 0.4723775815995902 0.4378046352407611 0.491586079427656 0.49011783296341177 0.4521481058927107 0.42738860186399313 0.43558462287681693 0.40381777432507754 0.38161119189799186 0.394252032193579 0.3712169868545661 0.3264892412750247 0.30677015654717704 0.328952827168012 0.3447532204523894 0.3668806570113131 0.346448769480621 0.35792479395580273 0.3700889111095224 0.3569779409467046
0.7175103959556665 0.7339270812351273 0.6775147082977767 0.689284453218045 0.6761427813973986 0.6404298197782713 0.6127251716774081 0.6196176601212677 0.5848601358250699 0.6066440273705591 0.5733925611844995 0.5351876556116929 0.5337276318243315 0.5145115998435922 0.4619590305910887 0.44732549453549497 0.4482290552578005 0.4689611106987336 0.4411301100451706 0.3704955689592852 0.3785175109901658 0.37936368556827954 0.3796868887606725 0.42182747150289246 0.4502365135728144 0.45195371050441974 0.44554919617337263 0.4856263116526214 0.4330876559816743 0.44763691660369725 0.4211922387331985 0.4051363828065555 0.3830283323024866 0.3595397719651257 0.3538404281942513 0.3431483286076918 0.31319472607974047 0.3390839347186299 0.34187996735083 0.35157576272677443 0.3650536783555398 0.3757898791656919 0.36619596149363787
0.7304527140349683 0.6985780716371924 0.7024029159456187 0.6752833536682564 0.6658017993239472 0.6511131530000888 0.6270358899808807 0.6305224282547774 0.6178516229472342 0.5924784890475029 0.5498640704743776 0.5645221569984243 0.52298660352603 0.5180271234734164 0.4801248021081683 0.45764285649974856 0.4847338469768919 0.48669701249627617 0.43423647066022303 0.419790766925382 0.37824829629879886 0.36879831078234776 0.3728064427366934 0.4154344694009265 0.4328219510051978 0.46963722264555324 0.45885511477973123 0.43188744919541217 0.438208768398466 0.4262169177423604 0.43211180032292407 0.4387297887175912 0.39175651508402237 0.3373140766067614 0.3543027665626476 0.3477519241824909 0.32003839329169953 0.3433822421820763 0.34046522212008246 0.3251038546033807 0.3393470058824184 0.3730686155214727 0.4057769829740321
0.7175762309638857 0.7071885486291557 0.6958880872024844 0.6995346487179323 0.6787089768837452 0.6366188992045951 0.5930335345791762 0.6056775521618065 0.5785069849315653 0.5785780647647679 0.5614038475449372 0.5465045536302455 0.48101375553079 0.4620540811866865 0.4607787270987964 0.4606436007327809 0.47111888659157464 0.4800964385996839 0.4442560019982031 0.46842680740777753 0.4150431826709481 0.38888269518969976 0.40746071103123016 0.3861882932504973 0.43190520655674847 0.4801536248548741 0.4482854580796985 0.4367637976890268 0.4227081551035299 0.42795795225926575 0.4034946029328513 0.4200366860213078 0.3748262247735494 0.3444995223167877 0.37804364588581946 0.34142251525548584 0.3142652758222296 0.30729836661897214 0.29745008706179066 0.3352683509817912 0.35657444065093774 0.33950078701581116 0.378070338022439
0.772354692113251 0.7664101967887649 0.7370363538894183 0.6782847299857385 0.6801723903336612 0.6198615436901689 0.5913917414956738 0.5393599671557896 0.5501359114850732 0.5253995056134805 0.5142654100803422 0.4890611142088206 0.4934431070034889 0.4849212661536548 0.4569059974514549 0.47773667993822205 0.459522519017527 0.47708523865771096 0.49519840367261897 0.49008068889190776 0.4384948572458144 0.4263682942167192 0.42425757417838866 0.43757918519489386 0.4249641076254208 0.47398368875363817 0.42948642625566397 0.43580950191533774 0.4393987724785326 0.4322067641948554 0.43185831512588896 0.43407858663011495 0.37701800672894714 0.38680967827607105 0.38555091502693234 0.3506496425509544 0.3278679591976541 0.2980393954125065 0.3026656645836646 0.3402173019405327 0.32274681582309084 0.3856112603870597 0.38619533298856523
