Raster_benchmarking/DGGS/continuous/raster-427.asc
NCOLS 100
NROWS 100
XLLCORNER 1743158.564425447
YLLCORNER 5469296.195777128
CELLSIZE 10
NODATA_VALUE -9999
[rows 19 to 37 of 100, columns 0 to 42 of 100]
0.3056021792366453 0.30031595598561034 0.3406511381219578 0.3216272948427545 0.3381710483503423 0.34807883248202376 0.35801349323387427 0.3641196328599665 0.35694306027209477 0.3617937085068109 0.3232492579090842 0.35925989003359027 0.369758716348088 0.34775310240483637 0.3332506335718596 0.3019162008575514 0.2924596414951482 0.2593531770930457 0.25871624862250936 0.25460851856685296 0.23482937580352334 0.24049311054503897 0.22994904194000146 0.26331224588951685 0.2567214977186645 0.23856313778445867 0.27773203502994664 0.25147331891300573 0.2848994125000766 0.2229683308063184 0.2321041895113325 0.26242939277713817 0.24059016165618108 0.23135119148850855 0.23736714085185454 0.26042752753457477 0.26261607068556664 0.23963376002245027 0.19140797547720326 0.18234147142735008 0.15629660784752206 0.1501046583764211 0.10679349154215804
0.31628291979313383 0.2963579461440326 0.34088567634577 0.3552598673759496 0.34776030315033496 0.3790568709432579 0.38504877738494514 0.34664581937379907 0.39326765708735856 0.3962682419422293 0.36176970679539083 0.3627761681286422 0.35706890025869953 0.3924687411216909 0.34868703671878215 0.316124385397707 0.25982165195045936 0.27255084412149544 0.2671679319311135 0.2525077704637641 0.2428033899535414 0.2432337476318944 0.1999463271826079 0.23019033635275266 0.2539509158394863 0.2592668070472616 0.27160683880246606 0.25358396834186553 0.24054903408208908 0.23207109547853744 0.21527910689378668 0.2613746699645295 0.26983847855320503 0.25319161976810567 0.2575512385133429 0.25068896639069055 0.2667820022162828 0.23079750363329385 0.1886971429476361 0.20629256043351252 0.18234325795158682 0.1667956853181796 0.15883872060839385
0.32343406484686243 0.32616997494201594 0.31285286685376845 0.338409886348919 0.35896722525850616 0.3680463221448808 0.3521859353772783 0.3677768241641061 0.4043253441987873 0.4154261164182056 0.41766361791302586 0.4088870479213052 0.4071687705637028 0.35731268596293 0.35775093346087 0.3053165042892299 0.2637269182994747 0.24690532768612405 0.17556757980005974 0.21437633307508094 0.2327641820324302 0.2073649509813025 0.16812466785994098 0.25286777033534724 0.2717446720047048 0.27564316967005925 0.2739566195906527 0.25685339979056176 0.2842512240046908 0.2372443361017989 0.226119064190627 0.23904610301070878 0.23556996489886753 0.28793886699206617 0.2809372521422957 0.29017379052542036 0.2500330240436237 0.21462753386295272 0.22935248949998988 0.21141711665746019 0.1976606959312667 0.17988161853921011 0.12082291261377033
0.3209120151113194 0.31242131800479345 0.3206275600907252 0.3157708879648153 0.36355920405025366 0.3369758167358418 0.3621077834026009 0.34764107750579193 0.37121706732450205 0.3774880119930158 0.3682546496747216 0.37497350861028 0.39000274747588454 0.3640314880942052 0.34176646371428687 0.31666664297013636 0.26787172948911714 0.2083719513642142 0.21846179538309435 0.23788255854030393 0.23391454518973306 0.23302675510632564 0.230091594048077 0.2567442745310334 0.26277103187413664 0.26396103641005547 0.24670046377155663 0.2561454807869897 0.23303164396790696 0.2511730795542548 0.27758482971265463 0.27620533348348447 0.29474549446322496 0.28820482686781423 0.2854206342745682 0.2688574663697229 0.26404608427023535 0.23568084908771833 0.20088418408717498 0.18018108409532446 0.1518983071409 0.14120454341401376 0.13950175852772914
0.3298330653997461 0.2911239894214281 0.29869604570181546 0.35703898406747603 0.36291100725452097 0.3773786039047416 0.36788342323165657 0.3886237119144359 0.36618443632485503 0.3384709828111549 0.3189559224769154 0.34932032682762587 0.30241697682433416 0.2910279665192347 0.3119515214043917 0.3307338149778975 0.2762925690872893 0.26400239101197137 0.22923439281713265 0.23679684393003736 0.23934469663279748 0.2145921363468367 0.24236896020761958 0.23728479764572136 0.24913506464993374 0.21399832849463193 0.196604054862538 0.21749955892600592 0.20094983378023754 0.20498725123504113 0.24892802795303512 0.26478378568555594 0.28326513265870945 0.2757680036740165 0.28381712494989847 0.22942016441177635 0.22028602916010445 0.23770449583773018 0.19781486100075277 0.20227665807029407 0.16770101263192055 0.1437880619824501 0.12799690044081688
0.3089847555657487 0.29464566594199876 0.28160168285409304 0.3405340134011843 0.3514394991086869 0.39975614128474013 0.37391530480720647 0.3765659176458997 0.3826636365955946 0.35718955008518355 0.34035242590864556 0.31687241460846444 0.2705826790485261 0.2817544634646553 0.32452992246380336 0.32400144755141236 0.3088474134031531 0.2740755352384104 0.2371071426793209 0.21724147508181982 0.22203882326750168 0.23569975646707367 0.25640368302721045 0.24104282894523746 0.2572220660509344 0.23343340165525214 0.20982857217075832 0.20769730080999546 0.21865587470028094 0.21253937906394624 0.2362739574923389 0.28773906828226786 0.2950456246368637 0.29493852908292684 0.2700567671201951 0.22253345497375962 0.24193938089324243 0.2424553567055457 0.21341720307995662 0.213701072689255 0.21336137540002842 0.15663991011145303 0.15257722922689274
0.2781593279267188 0.29045718523829056 0.27630027162860876 0.30313355001090414 0.35388562399395873 0.3920089259450712 0.4022787403164144 0.3447407517168766 0.32048412006326477 0.3142016103381523 0.32716412685873314 0.3091433943933088 0.2694590895846674 0.2998267718221663 0.2919656295245448 0.3235802969863577 0.3064662231261197 0.2665844206515098 0.20826687432442442 0.2662158101866941 0.26461626559235335 0.2902105818159244 0.2716015548121081 0.2654438792301043 0.22710797335363245 0.21448679292223147 0.17728270547690297 0.18291189431806096 0.19591466718620315 0.234588478715484 0.3055312365506515 0.26939504217921717 0.27891334243492627 0.2621066174074279 0.2817874434080614 0.22797310416335884 0.19833854048591928 0.22916490064676368 0.2723089277676498 0.2523281888317686 0.20638731611010241 0.1701105165014399 0.16719702477373105
0.29269661956403864 0.2667141712361108 0.30218757113453826 0.28240424479847254 0.33526998192693536 0.35329273232465735 0.38599192100747187 0.37360688138997794 0.34409512757862515 0.3483236730808752 0.3507585888781755 0.3001493692281156 0.3186890467809821 0.2904228890761469 0.27737149403518996 0.27102016926559835 0.291642275955405 0.24516870594067616 0.2640036768152279 0.26815566190388995 0.2829984932337703 0.3049443330225512 0.26969562135663677 0.26356698378295645 0.2198593425913089 0.2472609911643803 0.20735765737285214 0.18323790594223938 0.23659677662371378 0.24954308480411005 0.2692129765598019 0.2724783887219174 0.2654698160385295 0.2548032275934469 0.23237237874296737 0.22460338080105663 0.23314298039464668 0.21057262097417762 0.2099870593445984 0.2250506577741159 0.2088275483155334 0.21747789810388893 0.18146176277073164
0.2868318661972924 0.2598605647071428 0.2925958072808699 0.30089758863747795 0.30970281469802935 0.3443846555740518 0.3602279399391177 0.38278614904852026 0.3482430362693243 0.37364503775930796 0.35716373607209834 0.3256232350488353 0.3342620906378394 0.2702940231098892 0.2725590722891744 0.29461587313779714 0.26243389274702783 0.24675858479377777 0.23644330345094577 0.26416526492946196 0.29832866228271615 0.33001967278187533 0.3021053442567486 0.25093017981502086 0.2493859800016189 0.2726401521280799 0.23212918723390125 0.2382358353746864 0.2182982837044252 0.24703028412101669 0.2779459977419731 0.2385658764748003 0.23361296212461535 0.27430127984445435 0.2353137189667094 0.2249986028351548 0.20291716238254642 0.22503386094308092 0.1782759305756599 0.21535680222142983 0.20844166030940328 0.21515729121265315 0.2179593161878185
0.23078124623852944 0.22870821142481645 0.2505039858213163 0.31143956300144904 0.2934559561454432 0.33708246925476804 0.3697430700111282 0.37467515548082087 0.3849972629521414 0.3601230447964483 0.3548989437934436 0.3588191659500609 0.3191376024149853 0.2812685589341114 0.2757112095210021 0.3049302722032666 0.2877752028256955 0.25771808769540794 0.28980030472123214 0.2830391621315648 0.3184474067095008 0.30780226883354417 0.28895208842375425 0.28031167942725294 0.2779494989910575 0.2577004069605444 0.26674691950961976 0.2829644327604512 0.26840827171454223 0.2779239357156737 0.28001211061568776 0.263646897663397 0.23599444253104707 0.2739485556034016 0.2633161456924852 0.2073807170083096 0.21609943359062855 0.2012238098904432 0.1877721121397393 0.21196531921846906 0.22658690452272442 0.22006762380763967 0.21236363284629117
0.1916160556158605 0.2163831742610081 0.2551584775102222 0.28209205191112335 0.3060619827067102 0.33703169803184796 0.33577307282592733 0.3741838517051675 0.34547987083763193 0.3632622938058597 0.36081369763289173 0.32062259511933094 0.2946942169462104 0.28177707994988194 0.2970818179171787 0.2788291342334581 0.28230377807442897 0.3121037838455266 0.329253518460431 0.3029619899942818 0.3008491434463035 0.2784728783011347 0.2769191284854977 0.2920778252658971 0.29673195914298084 0.2832522409715838 0.2976480495168608 0.3077289209010921 0.2744590745442984 0.28669053875882095 0.26513605116640854 0.24075120260967595 0.2766453463141458 0.25928356444904105 0.2539730808899098 0.2556798716176901 0.19716570949862927 0.1853525521018105 0.1915855091591868 0.23450468593662427 0.25263762326209677 0.2104967579877073 0.24322506521957452
0.21135526645031494 0.2095684435880764 0.2400420790960895 0.24382061902322794 0.29563588153211157 0.30654608557208796 0.33577603581520504 0.36843111202795065 0.3440693394068871 0.37673565339043424 0.3570302803623237 0.3544314783664991 0.3143302314294293 0.29876372687278663 0.33346058197516587 0.29535993289147633 0.31921799180327864 0.30619431086302307 0.3101823799506487 0.2900462836457049 0.2951774612911498 0.33087383359405953 0.28170510820641353 0.282573764008539 0.3180603662726713 0.32555335638580574 0.3097522037199793 0.28191797894208853 0.3027089338561471 0.2808273903923773 0.2901542303296024 0.26547876007432336 0.2422754042855515 0.2780147181824482 0.28892304972249333 0.2630458885327488 0.21601038697879807 0.2124697338394606 0.23339754709126956 0.22168461698407524 0.22051846949533285 0.22936960939228485 0.2572336133768939
0.20924708176252252 0.24222945373008736 0.22856424302030617 0.285569478892776 0.29816375723243166 0.33946497569246953 0.35241064451043896 0.3600945305060093 0.3735738029760645 0.3800191664709999 0.3884536903343008 0.3403616584316063 0.3076449003791806 0.3357121167027022 0.36569861515560037 0.3131620690502324 0.3085727343531074 0.278368771360742 0.2862812057904625 0.29343803904482224 0.3120729967761931 0.31614696689094596 0.32701224430166503 0.29855007017710217 0.3398205373987078 0.3298408062853892 0.3111389849345078 0.30545047742038284 0.27143750737517913 0.300104453679176 0.3060443320483626 0.26008073963761086 0.2380210299933921 0.27519551690645694 0.31300845157089074 0.27803010777483744 0.2679361703077696 0.24735113167751002 0.2530503602840274 0.22883673960507778 0.24275091327590342 0.24586781663894802 0.2579444611650949
0.24549324733408034 0.23316693201052113 0.2320303497727947 0.2724969451083365 0.3207663658203805 0.31096214828425617 0.3166195735174651 0.3076707534592272 0.3371032552562733 0.3509168578155402 0.3294756333361638 0.3360077758570783 0.37369631723620605 0.3850059982192741 0.36073962460121717 0.3480763411642925 0.3215675003471119 0.30704478459036627 0.30610509878845726 0.3377978096734941 0.3069340282434661 0.306522494250565 0.311080422371721 0.35519545080218606 0.35456932745871234 0.3007348539961409 0.27858018274619195 0.30392740504221066 0.301851839491564 0.28467960703444345 0.2922178136403657 0.2471956667226234 0.23832856664964142 0.27141357044483017 0.2673678993027841 0.28666105060031555 0.2848817516312948 0.2886508234635634 0.2964372850580744 0.30455073514528785 0.2883939259040848 0.2657673377352041 0.25747090453043886
0.28879767213572943 0.29910382904284283 0.29134480233707233 0.26744114507096606 0.3178126900587167 0.2890273193720527 0.30084368077479134 0.3290406434715846 0.3043202081513877 0.3092843552138723 0.3439446596920636 0.3550641480524127 0.38319341279708047 0.37227710602853814 0.39383038807273035 0.37171117294438866 0.3924503861044838 0.36173532187676904 0.342509210384054 0.34439957061582804 0.31910958887216323 0.3143868936723303 0.31448584336542784 0.3177780672718566 0.3480797490585046 0.2942716652842008 0.3100331920987891 0.2722560549900524 0.248179108417224 0.25490701349962036 0.26582684119347677 0.26795514352100214 0.23606113738208695 0.272240625211744 0.30809847901019666 0.3193871176988183 0.34132899879323847 0.2950510900796004 0.3287801774603995 0.33768189710437635 0.29840678787079855 0.3003085816998756 0.34924750032383167
0.31771025229688177 0.29696571813953665 0.28074650982458665 0.2964652639003102 0.31324033580069316 0.32977012050207677 0.3272348909064135 0.33058806829488974 0.341348173652346 0.3255999571639778 0.3540025383943434 0.3125519099399326 0.3566829154138192 0.37823724499417083 0.4074718223769343 0.36890344771817274 0.34640139405826775 0.38583642961527714 0.3700026651327634 0.3495830949386725 0.32954980926920796 0.35989938977223535 0.35821012976685634 0.35069775389261076 0.3273240810331402 0.3249541141215711 0.31978266804969446 0.2978362907352528 0.28147878690977074 0.27921764745879946 0.3077696065419171 0.29649906797342257 0.2729517043150748 0.3074920105676 0.3225889914032241 0.34748019080993064 0.3477844669961886 0.3281762210185239 0.3366574338099339 0.3085221172404341 0.33613623513702345 0.34813752424088984 0.3658273979475146
0.3337895987010961 0.3134750744513785 0.30300663537470285 0.3088977293731483 0.32841785664950424 0.3298048084492795 0.30202563903674323 0.32898449111719175 0.3360326281493658 0.3563668144085508 0.3249383163478554 0.2883570003764458 0.30540811237671106 0.340903463457487 0.3802151406667102 0.37137990690964356 0.3471379277838354 0.3746242337411349 0.39229137621356114 0.3639931314761643 0.39434679545301976 0.4135245604345522 0.3889982268006402 0.3818845062465391 0.385202407158779 0.33910225311938164 0.32265680027650917 0.31137820044412784 0.30670910450598027 0.31361768389895656 0.3122251028238217 0.32998554551796916 0.31952209728505954 0.3441734819223193 0.3579148227397601 0.319018752667745 0.34145902653594273 0.3397557350431464 0.32248129813529575 0.34086720185680247 0.35181489143682537 0.3738685720513234 0.34539885306219914
0.30465440520689124 0.3267470031799988 0.33043619043407263 0.32611514128274754 0.33359193834665846 0.3068466890214357 0.3268006388855776 0.3403065412807391 0.3188189944097872 0.32673820926416397 0.2872461261509182 0.2891032398297604 0.3310571520081535 0.34530002083031636 0.37490385563504786 0.3833227842333264 0.3957042691578402 0.39595212085745185 0.3863999546593281 0.4005028019874531 0.3949845788426939 0.40299255939447615 0.36609476367671023 0.3995110324833743 0.3797404540049146 0.35435309509429835 0.3342038013094582 0.3625431711612492 0.3616831949326465 0.3262451115833825 0.31884521112310227 0.31278531148845157 0.3331132586557167 0.33944399649066326 0.3190592305368103 0.31871264612301997 0.33789748350496734 0.345041148363435 0.3370777786591577 0.339086613661752 0.3604458921659064 0.3512973835223816 0.32631411719904513
0.2723687973954317 0.29943789673399357 0.3366145038563804 0.33538542464021753 0.3000362417062655 0.28336873747136976 0.2968900986803527 0.33741442072505684 0.32855312743934656 0.3222135630837881 0.2801657266965973 0.30166842401143656 0.3394036062887527 0.36003860571339613 0.3631180856567435 0.3755691028158196 0.35782401696140737 0.39461245593453764 0.42114590047343486 0.4086585444604322 0.42122395324516443 0.3780428161568043 0.371111729688774 0.3557252266106219 0.34789941801968777 0.3399413953263812 0.38701669879679457 0.3756822067870217 0.34198290699546835 0.3155096695617699 0.325357260930084 0.3257674791700233 0.32278871190232844 0.3237185681578585 0.29158374536778014 0.31183185415005776 0.3226989771391867 0.3352006967633932 0.40368095376528823 0.34160697889029235 0.3680501884943895 0.3518508487257062 0.32562058492337376
