Raster_benchmarking/DGGS/continuous/raster-250.asc
NCOLS 100
NROWS 100
XLLCORNER 1743157.167561103
YLLCORNER 5469292.785914429
CELLSIZE 10
NODATA_VALUE -9999
[rows 38 to 56 of 100, columns 0 to 42 of 100]
0.6452759661311205 0.694653685538288 0.692971581731809 0.7061960261213888 0.7121651178309151 0.6919714387122916 0.690007793629319 0.6892698567066229 0.63515218558025 0.6017375689828615 0.6229283712669477 0.5672654001986637 0.5752557591805953 0.603591515960692 0.5869267281766573 0.5791611859922238 0.4991574450293243 0.5247027942756622 0.5292404025704702 0.48517465278806154 0.4452294023044116 0.4857343423117551 0.482600609583124 0.5055394616417683 0.5330112649322181 0.5522529724652545 0.5426232212586383 0.5466778486853864 0.6089706378645224 0.6546779150362555 0.6775917900997549 0.7450241097269364 0.7473050807060753 0.7850029375968359 0.733209324864803 0.7779598447209612 0.7524817318634979 0.7490486420095585 0.8016024783928767 0.829246489470468 0.8372689683318028 0.8552592136866638 0.8897976500673309
0.6187372646052653 0.6736394045706352 0.6840281439687386 0.6469918256462321 0.6516335850718081 0.6666438804525491 0.6266475493624857 0.6456015451708929 0.6112045147712838 0.6376755965389836 0.6129307254435667 0.5863382087234773 0.6121227486387025 0.6145409364156332 0.5743508591646127 0.5776418625653861 0.5417607738577159 0.5404180372115372 0.5400292125570193 0.47276617620028105 0.4695297173041592 0.4600910144481425 0.5171002094790368 0.5253609404412697 0.5462395622539048 0.525584357239711 0.5743041161764103 0.5953928433680497 0.6049568974207492 0.6509184937053896 0.6812759586112871 0.7171525901074327 0.7405136002615696 0.7440094745535333 0.7184545576361194 0.7619265786131932 0.715089325531689 0.7444869342995308 0.8126180814781808 0.7926814459773821 0.7987094554751941 0.8421873889117004 0.839184542859066
0.6709983640368192 0.6618576470745504 0.714264731932271 0.6601129630453334 0.5979692652566452 0.6295996755589006 0.5711346261985162 0.6361964539017109 0.6502231555944988 0.6415219776603436 0.5710373611392529 0.6015167271511906 0.6124424643641728 0.6124812954069133 0.5897383536486484 0.5543775686912751 0.5777352909826886 0.54322336041595 0.519368770117128 0.4664626065482756 0.4527682832260179 0.5207644918062189 0.579799121666204 0.5762011718857816 0.5414590583109317 0.5544263219904831 0.6128522802857129 0.6254965756964167 0.6638152553379075 0.6640781184949515 0.6830446694696151 0.6812388467985017 0.7563546805366934 0.710557291319551 0.7240802849081053 0.7257456318400433 0.7335646230494284 0.7623449779570697 0.7916240931352103 0.7932066340641011 0.7925220735165619 0.7974952523210784 0.8263518158531732
0.6455383399179286 0.6305656112787754 0.6194317640888397 0.6500633446658557 0.5846241886751804 0.6029831995450601 0.607789794613696 0.5875656979275777 0.6098028185159741 0.5752674287028784 0.5601090690269697 0.5868260113629407 0.6042847546710172 0.5485815162255195 0.5995522460230219 0.5783236964820879 0.5336909667434302 0.515921903660228 0.4960794370381846 0.5301692261284454 0.5098593576642221 0.5126143864259027 0.5333711252336945 0.5391059162497255 0.5466138329850984 0.606810803167505 0.6607898975627483 0.6646741474694727 0.6409295379584655 0.6587576147872968 0.7036623881558611 0.7011057966985973 0.7122209165543133 0.7118926456558453 0.7049886524856732 0.7435126175581183 0.7323206998426351 0.7583171294838814 0.782380178651082 0.7578418756761683 0.7417863954240269 0.7603370049780435 0.7486605244232427
0.6093320644511651 0.6322203969402401 0.5974835232385572 0.5928631680583477 0.613986862263237 0.5970030898543517 0.5923930524751257 0.6250455468302832 0.6144292767308424 0.5700134261586453 0.5423342393081607 0.5279990162717765 0.5622760036384106 0.5471148306338371 0.5562928108569387 0.5159930151685556 0.4970587624193329 0.5052267657471333 0.5324419248139342 0.4753736690270897 0.485773531809287 0.5030184258348775 0.4867627267928248 0.5236782613937171 0.62491080301581 0.6020424148685071 0.6449375077028526 0.6482042914260592 0.6801711911766517 0.6643067556923467 0.7036235264536772 0.710000997927091 0.6811691500651716 0.7101910081327939 0.7669788916235106 0.7844587994207534 0.7500509232519371 0.7835029649634949 0.7226257316267234 0.7474118327434436 0.7620146250618053 0.7825479766198589 0.7388334363620833
0.6595747961947428 0.6063526219554515 0.5922229369206569 0.5708851721338017 0.5684492957496562 0.6084622193936642 0.5979673710931402 0.5831420119476045 0.5843333740509484 0.5677478337146838 0.5198649519849463 0.5340220241141076 0.5257463455993591 0.5389644532674356 0.5342865333519453 0.5189485772516397 0.5062531264802015 0.506128116409884 0.5052618308288787 0.4848747736707124 0.48999482891417945 0.49171813469232806 0.5358068015995464 0.5626413225629588 0.6211936006449157 0.6556160036896914 0.6275619725641487 0.6399048461549643 0.6626445718847638 0.6699139156771597 0.662495399460898 0.6989618316454191 0.7073335209103591 0.740678290452747 0.7858775899101903 0.7641807564210121 0.7688214511929296 0.7946372166456033 0.7955505073339445 0.7498338278204977 0.7292763029445793 0.7872420419030407 0.7688324331291244
0.6547655578413148 0.6293413079322164 0.6373408371806066 0.5626155334494634 0.5424272346199935 0.5695787209210642 0.5963243256330719 0.595470495224439 0.6144400762578337 0.5626311806327511 0.5293898776260381 0.5387789635633919 0.48650466199854714 0.5166630345037682 0.454099244675691 0.4918792401463217 0.46602298470532844 0.4812605813880335 0.4364471725859508 0.4224348060483706 0.4440097041563411 0.46112876590700175 0.4689087143834398 0.5225842189995982 0.6140444688882585 0.6459391303116929 0.6314289284812615 0.6560964598472282 0.6446126711298371 0.6903614878761196 0.7036193532305741 0.7025197637631233 0.7638531224711643 0.778411358400554 0.814820301054508 0.787608637686926 0.8344193710982512 0.7768557198336918 0.81020906294248 0.770305397688284 0.7341779134982906 0.7822871179628225 0.8067424271854451
0.5910010048070083 0.6097512057473528 0.6317480267962552 0.5709880296092826 0.5464937687717161 0.5829683123124652 0.5800082948068638 0.5690923566102688 0.6066632757688808 0.5632995493233012 0.5327753230995456 0.5325368275978803 0.48446110086880934 0.47838337820910143 0.48619732918459074 0.48560566374982406 0.44130191923340706 0.4142140675850785 0.39360834273350825 0.37774501999441645 0.427591089359255 0.429336411559716 0.44348330027482064 0.5225825814213361 0.5969009520184664 0.6021939199504198 0.5975274566849627 0.6038264266830453 0.6328266573594056 0.6835459813404393 0.7293792072711833 0.6964265687869546 0.6966261650499231 0.7512594061883338 0.7754761166020122 0.7522942584343955 0.8100287497794373 0.7624551588179315 0.7675144942469301 0.723589025842384 0.7540899775927301 0.739762248086464 0.7595939375388943
0.597718042539405 0.5746904023593447 0.598417915634293 0.5383890734227871 0.5180718004750263 0.5900025555688297 0.6042213967401596 0.6238725403508139 0.5884511592416407 0.5292369371243262 0.5002219219499838 0.5178884787310702 0.523965552522852 0.497521680812791 0.46199150844528497 0.4469887967790216 0.4546338711520646 0.4179491828499816 0.36436184890741324 0.3825577442117278 0.38156533669188947 0.46155442982112727 0.4865587840426699 0.504952360199908 0.5173560429374958 0.6012440060200841 0.620569810919238 0.6256416639627786 0.6286881747947436 0.6613297949335019 0.7179041649223995 0.7421934710894433 0.7077056399626934 0.7316821549603649 0.7259432371931884 0.7708756670667966 0.7645923998169746 0.7393426993031205 0.6909023637497698 0.7338921993459959 0.7144487006593366 0.7285220527321757 0.7023903615375321
0.5640612403649379 0.5486518040777592 0.5461825022976742 0.5401820310877543 0.4923397547189661 0.5433974434830839 0.6022482359016132 0.6064273650501802 0.5304608545236842 0.5004016891831835 0.5233293570766953 0.5200166688936286 0.5325862240720517 0.4866283867372887 0.48468544116753387 0.46323720215473113 0.4659462710806836 0.4223284698281082 0.3408663718668774 0.34231677338300065 0.36562235612419525 0.4156550392399759 0.4613126173636278 0.5119377959883666 0.5212396564306917 0.5587613271700339 0.5842668304774041 0.6490985267138709 0.6890793840058911 0.7070931370370154 0.7224794643254655 0.7651743845715075 0.7648582748547362 0.730839752355267 0.7401248591085569 0.7068738362582453 0.7221964464824425 0.7455157388080719 0.6870976877135115 0.7251629228872035 0.6901193099670772 0.699340347509834 0.6818622631003284
0.529316284430667 0.5016942042360975 0.4573425130519635 0.4875730871840794 0.495355715459054 0.5275223898627678 0.5890093402975066 0.5490167434164028 0.5215485247058734 0.5324102505148324 0.48024798490543563 0.4914694090171693 0.50529550242251 0.5126740963213833 0.4173240870123359 0.42204397006282085 0.4031415233099776 0.41879618722499107 0.3569654234553329 0.35106032635099943 0.37279914575455725 0.40898902166362006 0.44821491608383474 0.5032020715922516 0.5369694713400778 0.5666406922906968 0.5875858445668921 0.625955265234885 0.6881996481201605 0.7231762105459283 0.7673072165822871 0.7431505689809941 0.7702534758241336 0.7484707716447522 0.7042297115314433 0.7440684203781134 0.71192871586986 0.7137631684833095 0.6928965990878385 0.6782715528623682 0.7009988421760581 0.6144327221825385 0.5845455076009243
0.48958951414689306 0.43292170466315755 0.44240008337865244 0.4696301611815618 0.429671367773606 0.47611854205221565 0.5347984833894995 0.5269963253604474 0.48067833556515843 0.5080576590159476 0.4638465589758839 0.4620438973746022 0.5073212475357064 0.5153284996593819 0.4547852061317366 0.4684373025422992 0.41285783435749074 0.42526412944943787 0.4140165980173876 0.40374309495240496 0.4003985448281077 0.398591908602949 0.4390731067337462 0.5094089979364337 0.5055801114148862 0.5371161991954488 0.6024120256855608 0.6356270209834839 0.6798761915612034 0.6630538425392297 0.6924278907545166 0.742361217378999 0.7313673904888933 0.7368930796628063 0.7525944824478501 0.7472526585521533 0.7148709290582855 0.7483439921018503 0.6696673872661333 0.6525682959335013 0.647585664033399 0.601656034239245 0.609362474525821
0.43250668125204017 0.45719294773483177 0.41890712241118855 0.4346749778512777 0.40203429521062184 0.4163443715231354 0.43698654124569813 0.45277939901816733 0.4850529140687272 0.5176391109515748 0.4478551000801765 0.4594063440342733 0.5209178072430045 0.5074945955366619 0.506302708372153 0.48757109781135594 0.4491358211515357 0.45946591213654653 0.4454570677457634 0.41193926326923347 0.4033826288229631 0.4425698858346061 0.44260131286187593 0.46678509319795625 0.5129187750260643 0.5205086367595382 0.5389349708428149 0.5784575398262077 0.6158110206989215 0.6520714676777218 0.7071671172912551 0.7503976426482502 0.759550460550108 0.7782089103120463 0.7753395834236478 0.7507750220727042 0.7576487540994071 0.7271509170211208 0.7186002772696612 0.6894507497583118 0.6181652702241405 0.6014702389877525 0.545869918120699
0.42658099812092237 0.4269183016462227 0.39800888754743063 0.404818128291031 0.4098496688928199 0.4005622329175595 0.446664878566052 0.43675574262835437 0.5186249657374447 0.5272717915367927 0.47958715972976756 0.5143796873140448 0.49285433289253805 0.5063068265514179 0.5180388664947646 0.44641872490389545 0.4589232845216211 0.4646969217002453 0.4132573451415118 0.4442870222640811 0.44868695712646334 0.4287420114802944 0.5019261151075531 0.49528964543611836 0.5212245720188715 0.5903286836592332 0.6003561034506678 0.5979804101354018 0.6262571968749064 0.645224535754367 0.6877441734451256 0.7195680813159706 0.7292989346824792 0.7809894319581994 0.7599798329304516 0.7443920233011233 0.7560942061022594 0.7132098683443882 0.6745981534818176 0.6916416353762675 0.6578665929440938 0.5686311352902287 0.5800251783203125
0.4292218235374781 0.415288798854769 0.35157840113450944 0.384339162420961 0.37459769359633666 0.41956872825957675 0.42413051817208564 0.4319179466792551 0.5256477328591483 0.519487898956311 0.5272132402283797 0.5445692310796958 0.5344065430973941 0.48163123200460234 0.4829175401910858 0.4461888085992101 0.4158617313236846 0.454300083234463 0.4152548980732443 0.39210644810095907 0.4266761723037936 0.49627991903860014 0.5752344831517443 0.5835230424177426 0.5738138699910637 0.563703963938667 0.6411726036797682 0.5973101302886934 0.6325157874081144 0.6205230618993881 0.6488856110496071 0.6889773223509856 0.7185832505856041 0.7560409415119576 0.7649042382286921 0.7500240132669614 0.7171787261260847 0.7039730551511616 0.6543777047472026 0.689058643996024 0.6643298231290431 0.618360576146932 0.5758497933613456
0.43904216301309684 0.39527920047718934 0.35748953933200506 0.40307773859257484 0.37378137771565645 0.38142742743322966 0.4101356078963331 0.4423010726603066 0.5002689857342311 0.5074352821875954 0.5407061181852756 0.5328460907403347 0.4985473462439667 0.5064200735520651 0.4952815123461129 0.47362743472885777 0.4328947060881494 0.39724707411687343 0.4280149452322168 0.4105452975847721 0.471331953427738 0.523991277796991 0.5737982131751627 0.6004708237001319 0.6132526869925081 0.5741385263578658 0.6023864875293516 0.5987739517238974 0.5785302308374644 0.611528280588933 0.6682593356982371 0.6580243269911369 0.6780277113916453 0.7095508034672313 0.7499057472169799 0.6989158696883855 0.7303242365901693 0.7126613318892627 0.7143312392504207 0.6638937960385732 0.6171956504912345 0.6136367180739515 0.6014430540742853
0.44334432107241123 0.4075723743535356 0.387155712899484 0.3684349376607619 0.3917097012843917 0.3604575169935707 0.38788724200630276 0.4219227641191936 0.4805613891594298 0.4613245498801931 0.5121921567458435 0.5247938530333339 0.506974194390234 0.49376379400390763 0.48701275602717864 0.4823865930950872 0.4431788214593011 0.4292570775834349 0.43237136011075156 0.4183688588128276 0.4401082139007462 0.49674990615187864 0.5440511875812164 0.5427692333802782 0.576924035820563 0.5549916882425019 0.6178471803212113 0.5917752871473206 0.5767294300678106 0.5869787964239876 0.6442342004252197 0.6622808293031973 0.6419675589381252 0.7226161888279427 0.7518444252324378 0.7076275870935262 0.6906384374557032 0.6945766709973141 0.7065595522639934 0.6467856186911475 0.6220091973996507 0.6229289236318077 0.6552268962925111
0.4913965109995648 0.4546721976205907 0.398089760405391 0.38427127793782284 0.39264685205242655 0.35722893788183896 0.3648788993778136 0.4170404314417471 0.4458942950819904 0.45959539825278956 0.4922925502851703 0.5054007017653954 0.4872054586436966 0.45072176043186796 0.41785163636365785 0.44676565896749554 0.4199889548942902 0.45413773011688574 0.45154896264257943 0.4706101847872975 0.4826597342599923 0.4633693307718506 0.5267626654018139 0.5205019460442122 0.5546737969837194 0.5703721141373249 0.5946178784940465 0.5762403179548374 0.6003234347818807 0.5986930118944569 0.62297489426696 0.5946255473394646 0.6268099312318368 0.6546327529079141 0.6924828186831933 0.7350970659440645 0.6926802878282096 0.6709468704312104 0.6444535212762414 0.6481318962598627 0.6256330505097661 0.6065843262014697 0.6443705569998993
0.4536987785730425 0.4453911994397954 0.4477130624417013 0.3861500427344064 0.3563343177570901 0.3256204547321212 0.3572943372250293 0.42059120627653174 0.4637314141201705 0.4442202327384817 0.46898076660715476 0.43413041589436197 0.4104029647828706 0.41994470663419764 0.38626359212007755 0.421300977607733 0.45937501284312554 0.4452558918005695 0.49958198680507143 0.45589931850947496 0.43938463532610195 0.4374737865484304 0.4588204999825659 0.5324814315172978 0.5764420652731355 0.5397745098507598 0.5743161199451223 0.5417309715418115 0.5647492722719945 0.5285894532400135 0.5538947257634373 0.590913990707351 0.6181427451160922 0.6332137216887986 0.7225685241874109 0.6751769886944853 0.6646093317014043 0.6480159489934559 0.6793898463759388 0.6147559410043951 0.623028537291016 0.5867933949490466 0.6329692853734182
