Raster_benchmarking/DGGS/continuous/raster-409.asc
NCOLS 100
NROWS 100
XLLCORNER 1743162.3741842615
YLLCORNER 5469283.798485625
CELLSIZE 10
NODATA_VALUE -9999
[rows 38 to 56 of 100, columns 43 to 85 of 100]
0.6294462894262497 0.6454293275507461 0.658594271164457 0.629438881197983 0.592047990404017 0.5709839983065759 0.5846638990812454 0.555178584751486 0.5499639811746695 0.5336771653551897 0.4987141784219896 0.501978317265233 0.4995287819454378 0.43327543905972077 0.4585509549819672 0.4408370950367521 0.4033893205423564 0.40575192625215084 0.39720214972632867 0.398743436260918 0.4094405127389105 0.4402805788148596 0.4676050481787082 0.43145797754816045 0.4488641517570227 0.46764604647414443 0.48155876408853704 0.506773939591674 0.5429120024769003 0.5541419554740187 0.5451258040102491 0.5300949681267002 0.5340979189085716 0.5187061656327726 0.5312149405937849 0.5468891050021183 0.5614893035089856 0.5452164474419806 0.54781373272783 0.5557987507975656 0.5496102768111525 0.5483527779006105 0.5684228257181033
0.6473389027609101 0.644394940833992 0.6733317044542634 0.6285160587704115 0.6204863722249176 0.5742294671667848 0.5788461797434499 0.5424652118883478 0.5082106147441542 0.5097558669443409 0.5295396299612789 0.49429308658851484 0.49386964826818275 0.4511981013899068 0.4694473484849926 0.448304864817352 0.4266116824856666 0.41278082595293014 0.45082126077185014 0.4128012937043694 0.4285075200750506 0.4734647879479245 0.4633269191236596 0.4533653280230831 0.4209220902858195 0.4426434334103984 0.4976097758551523 0.524104900853444 0.5106210575924389 0.5439627696460225 0.5414919419058117 0.5034432070926237 0.5155955116833897 0.4959482166781249 0.49795143547593224 0.5406735453621273 0.5580562148824397 0.5242622226442919 0.5277091943957904 0.5491437322469822 0.574482971835079 0.590529615747003 0.6190449283366083
0.6403965744965329 0.6896994763212825 0.6688725738966581 0.6601087083367377 0.5983963649735281 0.5760922724338198 0.5419548356910788 0.5228588277933247 0.5328888691608494 0.4946215867958649 0.5320195955206954 0.5231915743683652 0.5083329063525712 0.46404625110000924 0.4517390607777662 0.43559082542319627 0.464506053458094 0.45608435929044583 0.4641386166500773 0.4490121395486031 0.434933728110497 0.4723420345265245 0.4596372780289377 0.4219383324870102 0.4427622142894617 0.4360981181142007 0.4819221525154427 0.4817998941569027 0.47774677174354446 0.5172098044888582 0.4975122101372909 0.4967156361503805 0.4922808396537905 0.5024539986769342 0.5199336441136736 0.516481890733799 0.5410807850456514 0.5599144110210914 0.5321268219803925 0.542174425552364 0.5576318712709031 0.6082251863241936 0.6361952933612678
0.6290740520880886 0.6203774383459739 0.6534235112055199 0.6014101101098628 0.5750080409092857 0.5618293982513817 0.5292542304637939 0.5581933302681115 0.5374565179365809 0.5053619689560077 0.5391939719582595 0.5419386417385845 0.5188562600579286 0.49752113575987916 0.512127325114452 0.5103103888027154 0.45757931192590073 0.46292462549807617 0.44087992126634973 0.43178132661820645 0.4321570585622063 0.43169496203933494 0.46735213907239803 0.4651816995278413 0.44026744073485913 0.4372588358670316 0.4650990431707802 0.48901826442255514 0.4918695503488505 0.4901054604476593 0.5155371052183121 0.5131363845081958 0.49464135127104647 0.49417932176957846 0.5069413532739367 0.5398622410937581 0.5444189724966585 0.5685313731343061 0.5890025987679952 0.5843867237295535 0.6105272350936861 0.6457840035960885 0.6617099660957025
0.628964811862506 0.5911615664092136 0.638951040407082 0.5936307314636727 0.5707455147657221 0.5629628499946446 0.5794538181874184 0.556177985136114 0.5414363225133516 0.5422226696625254 0.5324833167901567 0.5645826213646412 0.5271154656709405 0.5414551712361017 0.5554842793577246 0.548024414344364 0.5089349825577908 0.4817518376534182 0.4788941618533801 0.4551811429931141 0.45413280278744694 0.4308243747143647 0.44972707159444486 0.4910485007785515 0.46856691512439186 0.4555359653875192 0.48603330904449354 0.512409644349543 0.5180089973359098 0.5307136850051514 0.516425128893849 0.4851346306882694 0.49900344854797624 0.5103833275600789 0.5211763529461844 0.5607166118369354 0.5574931183732289 0.5765396778841034 0.616234791444382 0.6096314967746774 0.6714015831725034 0.6974473427309534 0.7021734486477763
0.6335994804554761 0.6375916266506019 0.627555589275076 0.6210117843107242 0.5893910960597818 0.6285825665486958 0.6002573854739615 0.5780031535617093 0.6156859054872027 0.596911262324918 0.5910901881320183 0.5583689999277119 0.5648287453917662 0.5512241580230417 0.564069406202992 0.5700848887465885 0.5619097369606224 0.5397839525855398 0.524089713295702 0.5205820643540381 0.48295488056171343 0.48971259032821984 0.47621734046869135 0.46864753623448346 0.4978122324403887 0.5068384051336634 0.5201352130570803 0.5376921296282946 0.5334924303681338 0.5443857042979765 0.5326637276367514 0.5208307900047475 0.5101547413146438 0.4897495031348311 0.5349635024620107 0.5860182758897027 0.5647112568564331 0.573863849840161 0.6357635453359454 0.6594315333650652 0.6695334971693108 0.6872149257272041 0.7195274734061499
0.623056409693242 0.6129051140654882 0.6450949092092743 0.6472232309041278 0.6389408974632647 0.6586660619520911 0.647097859712818 0.6298510798792809 0.6436776042801362 0.642196231292264 0.6442605769854666 0.5905125738923309 0.5681080555623321 0.5828191456843538 0.5924622348208431 0.563626272030502 0.55904544543529 0.5807695690104789 0.5558597644022383 0.5744298493725585 0.554214923228431 0.47742106444557025 0.4856612990993807 0.495663105975149 0.5075108495677535 0.5484084912596927 0.5424674346936891 0.49825094320413715 0.5402632962435396 0.5066397446160272 0.5282766300771502 0.5373475574020397 0.5313342407614731 0.4905649254624996 0.5171070424436726 0.6016138700679831 0.59168567723692 0.6210582487669919 0.6639901335424336 0.6746768511426982 0.6681043377609515 0.7031145339596229 0.7258849160936456
0.6112202093136779 0.6469128597007578 0.6134461916112298 0.6531521332747778 0.6260689739850728 0.617417367886586 0.6380604670466227 0.6088255264240836 0.6441443895076172 0.622798971631108 0.6471922641654881 0.6383682644053795 0.6164651902961706 0.6260419161418694 0.6094463037546948 0.6335253658589669 0.634681362263621 0.5986624835077919 0.6210363913842326 0.6001137647787835 0.6052225488126315 0.5453082808475024 0.5727485275798948 0.563662858124109 0.5685867745376082 0.5559479462887721 0.5576733377665495 0.5275739334883336 0.531584523992253 0.5288118154015846 0.5433558685316563 0.540508676507196 0.5685176389457715 0.5673901184039853 0.5384794681421773 0.5713457799467839 0.6084465534435751 0.6235150567254442 0.6282373773032824 0.6735242629425757 0.6683631312749332 0.6944587110234367 0.7019253942168063
0.643928744778703 0.6648936520428382 0.6196506003086906 0.6355099888805856 0.636831080810035 0.6366879268501222 0.618377737167873 0.6273524678444572 0.6375418471969981 0.6373382217115776 0.6547632726164867 0.6197886498927778 0.6111009552344143 0.6556592380073515 0.6266234983697839 0.6269036396908308 0.647712977614537 0.6635841103037953 0.6634084073929774 0.6559138515824933 0.6376680568683543 0.6162767248480846 0.6349015243628993 0.5974320836859855 0.6054349137590026 0.5989660535704279 0.5434036408625786 0.5340968970675669 0.5666083313751766 0.5787652079045891 0.5560476210558357 0.5749558209582457 0.55673401278335 0.581915542999292 0.5507134264575307 0.5712012225235624 0.5880484164648304 0.6003678915882825 0.6470547228217532 0.645812512722949 0.6399209588084006 0.6532910167168828 0.670513987713112
0.6574059104020225 0.6336831510927035 0.6356868788690764 0.6324629055743604 0.6654508696162214 0.6526478468754627 0.6339675536846867 0.6127679629904699 0.6129930287173474 0.6421677730699334 0.6157747083109654 0.6379158517922295 0.6307087453415011 0.6336060005762251 0.647339551270323 0.6747465400496568 0.70503516134405 0.6964023534980155 0.7030322366936587 0.6791768426422711 0.670691926903616 0.6787301216567931 0.6531755924273743 0.6541146682235472 0.5896423245264698 0.5630087795946422 0.5617869838886259 0.5437231109158418 0.5214585813394537 0.5485320171294812 0.5602447433858703 0.5587247662467723 0.5791845780301371 0.5978966624465495 0.5741385047637895 0.5777909851485415 0.5918224972242537 0.5948782523055578 0.6388397163777212 0.6623079289966973 0.6591282541941987 0.6880140856053734 0.7005691596704998
0.672565326017523 0.6300390222066313 0.6398362894478041 0.6512889243983362 0.658784099726131 0.7172280626346297 0.6455701161186308 0.6346245490876923 0.6158005955024338 0.6256888550754349 0.6209274992098502 0.6577862698823762 0.6671813579093046 0.6385082652236141 0.6913393487876042 0.7040506544100273 0.7015853562118705 0.7332036920017182 0.6947541073006798 0.6955316267688175 0.6674888675258192 0.673493127095017 0.666952910461309 0.6720920937154313 0.5908193935212956 0.5674225204321657 0.5570734595172895 0.5306857854752584 0.5442620620191189 0.5448351557287474 0.5558366825029675 0.5516697275564525 0.5967166614463472 0.6034119339157358 0.5803131689056852 0.5877798754353821 0.6341409284210281 0.6353146039014619 0.62755821487907 0.6644359284299427 0.713322702176594 0.7225473609689557 0.7331555394633709
0.6765399256691428 0.647370678583163 0.681241741488348 0.6473671174034235 0.6605727179576191 0.6800691034354542 0.6556452111268377 0.6889466523539363 0.6706811224451851 0.6286484704976785 0.6616232418447752 0.6806495530233779 0.6536980109455516 0.6772899660221279 0.669661168322324 0.7092393289802068 0.7151014534867298 0.7030671467405549 0.7171485907218921 0.7224677625567986 0.7259144168518581 0.6923098838113537 0.6926227266509382 0.67317795483938 0.6382280310363669 0.6308396625444946 0.5850988034696638 0.5589605523553532 0.5481689800055399 0.537257635634182 0.5679362767785432 0.5819522567627481 0.5905109933129179 0.599546300778351 0.6164039708715697 0.5920726341262497 0.6222675200506271 0.6445213589604051 0.6478045611147049 0.7193575015701625 0.7407143567664094 0.7561655116568134 0.7182985983141282
0.7129159654430005 0.6938985171574381 0.698895124778999 0.6955167165026684 0.6880372850812368 0.6561517535363174 0.6550878806205517 0.6896847944527684 0.6655130425683684 0.6395463500327597 0.6414301018918808 0.6665101154561344 0.6840694055823063 0.6881671626355922 0.688552490136261 0.7153943537650943 0.7354871805151579 0.729495877565904 0.7564766455109668 0.7440779932273088 0.7397623554970612 0.6978868026390006 0.694586510798091 0.6960879881361995 0.690175246460538 0.6537981302074659 0.6366164279564386 0.5825297768116398 0.6013604359803149 0.5861587197196233 0.5996131154719112 0.5849920688913655 0.5955278333786335 0.6106833845044629 0.6228291465798086 0.6097135435904989 0.6105236053318218 0.6399101257892739 0.6750996602822448 0.727893745511221 0.7290103483156954 0.7523639465229989 0.742692011465698
0.6842823597314364 0.7088706165280954 0.7158034504197544 0.6909990417578213 0.6649325757200227 0.690869160853173 0.6928171404726006 0.7010029070229783 0.6804740191583069 0.6747694441426406 0.6931877887636371 0.7149427477223012 0.6974758159237213 0.7247647573976234 0.7629707901867444 0.7266761837640225 0.7427747210016903 0.7568724839424332 0.748361458738593 0.7322666894945701 0.6927708859740147 0.6862186982382121 0.7290555568460851 0.7217048004399063 0.6979242034574863 0.6662545760501438 0.6450548996634148 0.6278202753796298 0.6437290800260288 0.6712201065054493 0.6518304369566922 0.660428517216222 0.6142503496043162 0.6151874290862993 0.6121115333874291 0.6271872602063095 0.6575202497071566 0.6769495754436192 0.6935559730828601 0.7419284299418404 0.7541599721405232 0.7371866689048019 0.7639747861312718
0.6818338289655912 0.6615177560798914 0.7175082640502136 0.7137870972099026 0.698489588055746 0.6874704100703789 0.7062722336496845 0.6798076636568345 0.71246952173283 0.7329403837749304 0.7093498700480182 0.7299129257028841 0.7590145197313184 0.7806158401354794 0.7785057894605951 0.7778339449038828 0.7812822592607596 0.7983640492776136 0.7796408808682596 0.7355816087169671 0.7090258442903038 0.6991985648141328 0.7281690339666332 0.7302869661467501 0.6850191685987347 0.6667083962174893 0.6719794672704815 0.7111413271803245 0.6818394239855188 0.6992669189690154 0.7060240973118842 0.6906119537789215 0.6840058898594662 0.6631197310652571 0.6360326427709511 0.647149905037988 0.6724383910466966 0.6767488391718717 0.7232904602229814 0.7230377391893337 0.748782450969286 0.7765370266356605 0.7622719020761287
0.7118063611927675 0.7099470545470041 0.7097906332791185 0.7318308453183116 0.7320578121299179 0.6993586359349195 0.7313952001404285 0.7248860086047325 0.7457812213992066 0.7642449390807502 0.7734828969634984 0.7404945830615931 0.7520061835742291 0.8016069607986287 0.7927135774149944 0.820271115667994 0.7962830975535174 0.7978833958763062 0.7788262788324061 0.7328336705722378 0.7145069569129423 0.7072207413916971 0.6999394129221623 0.6962611295779557 0.7192293731887395 0.6746444053036104 0.7149010796331718 0.7003444790761026 0.7086794251508916 0.6835640740962522 0.6770007924325642 0.7107256796167193 0.6888252983142035 0.6978785023678039 0.6947821822181814 0.6978135671615053 0.6990416386619696 0.7094030560320649 0.7137674890056447 0.7282073471804473 0.7277586224262154 0.7594172228790913 0.8037946078330453
0.7355266096795212 0.7198549171181087 0.7441923460722901 0.7518358213556833 0.7253024101434199 0.73924198005026 0.7419160606725527 0.7302651379292423 0.730002730267288 0.7690566803096729 0.7431456125562527 0.773310869065455 0.7773814212743486 0.8032906346427007 0.8222098068085332 0.8559413720072564 0.8410452633749079 0.8125184835911448 0.8045578213472419 0.7714526841958893 0.761287402344715 0.71701638709603 0.7337548084678248 0.6990438675444138 0.6880764075070231 0.6921132305464811 0.707076180832074 0.7397656741048424 0.7241612313990553 0.7098749518297163 0.7129725672417248 0.6857387898973645 0.686003678866405 0.7003523967546257 0.6984704160262626 0.7259799356340305 0.6945207198130658 0.7084609439212897 0.7188223043021346 0.7249468678368296 0.7388163993576662 0.7909561670384441 0.7674882132308372
0.8208083674172607 0.7670447791569012 0.7443918504149721 0.773153004503157 0.7479160669917955 0.7475656803884494 0.7157288900115915 0.7405171516041484 0.7250324442278994 0.7466268755727958 0.730419547552846 0.753933645990261 0.7694150375441285 0.7823356808054636 0.8097999995519405 0.8469711963140232 0.8685077809223332 0.8621716545921525 0.8174929862454073 0.7978725670826505 0.7571909018189087 0.7081735769409525 0.719675677924229 0.6843083129523566 0.6892130359392128 0.6689602154633982 0.706355110091492 0.69383812781855 0.7266122375129983 0.7358807499426356 0.6961395679833149 0.6782062643618764 0.7069315640337239 0.7488401025229806 0.7342393071079921 0.7253417166251913 0.7186159393786291 0.716236886781898 0.7122387688906308 0.7632787781610133 0.7771305030264486 0.761051906996843 0.7705937487292466
0.8596122471590532 0.8292493345961572 0.8090669749237747 0.7565339077384128 0.7505346945937326 0.6913711008328032 0.7212000584588169 0.6994578887798899 0.680728910649688 0.669000336003543 0.7063351066260944 0.7169758364023897 0.7533666486022279 0.8166245723156474 0.8082653782454811 0.8218139625927837 0.8535627442430156 0.8886053453570797 0.8165431517506959 0.7990675969392206 0.7598529211878281 0.7072497210351848 0.7269482794004809 0.664010364476556 0.6658547962812291 0.6910927675403112 0.7120891961023725 0.7033424523832081 0.7033729492703288 0.7345821327872745 0.6938499286406639 0.7176843682348788 0.7608528170019596 0.8047086867014897 0.7859714581642 0.7345463647408111 0.7230209316801858 0.7236717752140313 0.7545639838266812 0.7654922911123021 0.7566667833911155 0.7270908816516011 0.7540431930655919
