Raster_benchmarking/DGGS/continuous/raster-347.asc
NCOLS 100
NROWS 100
XLLCORNER 1743158.944178204
YLLCORNER 5469285.062987817
CELLSIZE 10
NODATA_VALUE -9999
[rows 57 to 75 of 100, columns 0 to 42 of 100]
0.5486961843194619 0.5430977597436338 0.5350675648620856 0.5358455282363117 0.5424387081223979 0.5548266583177325 0.5980784130718741 0.5856470939446897 0.5893054494530154 0.5564528831000293 0.5749160998290296 0.5840673401035354 0.6265239185171761 0.5865672315633005 0.6080913636608022 0.6167674636508178 0.5647458343439997 0.5687719501264746 0.540227633014119 0.5372699186816832 0.49490039387086704 0.476583818618388 0.4613683082399529 0.4993726440060842 0.5140114588956457 0.46757086023924127 0.43953475240575746 0.4690954026618327 0.48887288758838143 0.49174803156026126 0.4951056164414199 0.48160046920582666 0.49673756562599514 0.5089486391782035 0.5108294916527991 0.5101338099825997 0.47415423491204517 0.49637660630677244 0.49232042271735243 0.4610176072295276 0.4704130434408057 0.4753284121581678 0.4604651972124393
0.5366416766998474 0.531264585908564 0.5395824371880588 0.5466988777715938 0.5587952936282079 0.5332428306732533 0.5299648576545146 0.5846421542255342 0.576225314830577 0.5995300170107676 0.5904304257379919 0.5734415370903551 0.6131209611146333 0.6229620468608266 0.620178692826397 0.5758370011151887 0.5595251651202527 0.5547420625877993 0.5350609594270731 0.4816603145891474 0.47809861637055007 0.48082400234684225 0.4670990335719509 0.4493654584501993 0.48868466171456604 0.47504439388842745 0.43437143990363025 0.4872354233704793 0.4980389397261475 0.48221752593668177 0.49187101918026604 0.5008218458334998 0.49332223904290684 0.5116047001283378 0.46771447445098424 0.474229952406362 0.48433463082573985 0.514057433397752 0.5122621563901042 0.5014870340217465 0.5038787427427616 0.49586316000673747 0.5319168911997827
0.554048248422126 0.5374286416482854 0.5497493524933368 0.5300143329197647 0.5512117344645063 0.5311204170950227 0.5115657022159602 0.5506405549467809 0.5879800035667951 0.6170061961750675 0.6078818497729042 0.6027761252018291 0.5947516335930089 0.6305590808311843 0.6269822685501765 0.5531704477288543 0.5303707995013255 0.5212491263744031 0.5101127828134682 0.4658045806798697 0.491951753083508 0.5120315356764946 0.4945606639978829 0.44938329887523193 0.48035074390600774 0.4791265361720689 0.424288157586426 0.43295012430873064 0.4816745331382107 0.4886317080519381 0.49202210006944 0.5056959186474433 0.47190547504564434 0.46246119871589875 0.49978374304950135 0.5036280600945082 0.48803654525273626 0.4678671388109883 0.5384623431844314 0.545277871000478 0.533648920646225 0.5592080964597375 0.566175764926651
0.5494242362154287 0.5639927547685876 0.5617973568989515 0.5428519798873725 0.5350665061588687 0.5201500643076861 0.5116321529666964 0.538902032717951 0.5883086144639198 0.6031230040480018 0.571727087306519 0.5638547218235315 0.5899406661632486 0.6235930931847562 0.5948267700391646 0.5602905603968117 0.5018687787721102 0.5085905915048735 0.5012939157515082 0.49977804605319837 0.4492805774100673 0.4309769012314232 0.4478370489190659 0.44522644382008186 0.4709649410328625 0.4917468485205903 0.4587434972362053 0.4643560499817387 0.51131898553796 0.5296940350218096 0.528000228459493 0.5025031799092383 0.49322548782094544 0.4772048787113432 0.5129222306539286 0.5181126311510921 0.5191009745116779 0.5123243289203 0.5548447348047473 0.5395109419088711 0.5642122121562366 0.5665422620445139 0.5466520883040266
0.5389773343143663 0.5471660996271948 0.5464194647752131 0.5510219119657827 0.5659484427932918 0.5461402123844976 0.5577140301588075 0.5346111838543259 0.589317825779579 0.569641349098883 0.5693861392703928 0.6062220426320768 0.5907115681122969 0.6130570785105828 0.5895528600541912 0.5470128568971092 0.5390923423821763 0.49467987530034496 0.47263884405354667 0.4759363501309424 0.43142569050309754 0.42644407766296594 0.4772466931993785 0.4480622987864851 0.4984221871210307 0.49300403913317914 0.46484371748730907 0.4810987051200559 0.5049897530979686 0.526278113302115 0.5381154751099142 0.5121220222077797 0.531650927346055 0.5371006784698205 0.5088299008765015 0.5090369123195783 0.5729410323334656 0.5935447714892397 0.593723754218395 0.5641505267938866 0.5892135207816185 0.589624043511867 0.5655704394142645
0.5255179784029548 0.5584713100899766 0.56812147158477 0.5629916118506326 0.5626296770929384 0.590656040039049 0.555807389114815 0.540318550171494 0.581118259643323 0.5626632301914101 0.569328602326715 0.5905939905574729 0.637897052077537 0.6128119140299834 0.590146345480754 0.5465228943738123 0.5439478904625284 0.52558374279329 0.5131761992018969 0.4597282024798381 0.4605781421795373 0.48371450970265356 0.4702407019081527 0.4585213953961301 0.4666397312743017 0.469259447239826 0.5007377467428343 0.4600547244456834 0.5020071895058549 0.48208740982161646 0.52712243869889 0.5428254473106355 0.49688444409633253 0.5517169920669474 0.5607823463415161 0.579254110917651 0.5907949396583265 0.5942722712322394 0.6165172921605838 0.5715181522618045 0.5913171421054576 0.5780486284171193 0.5544262234471777
0.5568507383468269 0.5788782735718797 0.54226560484219 0.5427126857784782 0.575613716340616 0.6367640559497347 0.5829047707518754 0.6061148890405926 0.5737910550586317 0.542002965374475 0.5917406479508098 0.639130704907545 0.6420088396872204 0.628225349275235 0.6265556679325314 0.6049288997633494 0.5781008576793986 0.53009391047751 0.503370128252868 0.5057568661503814 0.478531366331094 0.46118637288872855 0.47514587288097476 0.5003194223675937 0.4839740335196774 0.47109869279219996 0.47278526737899035 0.45784215849304877 0.4728524246806114 0.45127418325433505 0.5371365721478488 0.5412123915771013 0.5337325570634579 0.5091157652287317 0.5481474537371372 0.6189953400013868 0.6311973342417637 0.6375610328784157 0.6310842155821215 0.6050538143670627 0.5894845043457644 0.5425070315409626 0.5395016897670988
0.5223986664339211 0.5249152637986056 0.5416232823448135 0.5514960711256995 0.5751732217847858 0.6341357412173529 0.6406336144898097 0.6031126185253097 0.5750830737967899 0.5734634490554742 0.5864270498219253 0.594727954150583 0.6155821764801759 0.6212830572386038 0.596132231793428 0.5864866059750102 0.5540844429160242 0.5059480740149477 0.4774623258195845 0.4902068948778169 0.4539057959688086 0.4596791653355338 0.5223020696851135 0.528118063416389 0.5102821301327296 0.49744637580609086 0.4825215997001943 0.48062192606553916 0.5008209789366124 0.515607142529327 0.5141859619667241 0.5389367599093265 0.5210525913587652 0.5678283092622249 0.5986515700062425 0.644438802565037 0.6246130912874854 0.6059805336513413 0.6039964543213127 0.6048303244229356 0.5923753125146537 0.5728063265894021 0.5801891503207885
0.49066445030287015 0.5202774403808096 0.5466842653675237 0.5623353357431086 0.5828730883879759 0.6536083881918853 0.6588932304241556 0.6381639975040718 0.6091652842756605 0.5715700856406868 0.5845762411452197 0.6124910400515567 0.6180742862883265 0.6137761410779693 0.6063198897655185 0.6027676988226808 0.5491999108729652 0.5238752150306202 0.46830268532820585 0.44797745366304925 0.4847655575866831 0.5131032557741694 0.4762516893483232 0.5055778410779567 0.5090112847680024 0.5291832080976605 0.514535501797142 0.5430331312306914 0.5149802926592015 0.5440345794238108 0.5436878509494826 0.5355200330176616 0.5469736353504495 0.6003133529068053 0.5953287475725422 0.6246871178203953 0.6355181994821619 0.6654735159310251 0.6518685881908938 0.6159140835080249 0.6306768141059743 0.6162335942631371 0.5977299698785373
0.49642983002641666 0.5037169712555852 0.5328938718739481 0.5576162220926575 0.5635437151457103 0.5976381166113307 0.6045417588415088 0.5753742788287673 0.602190320072938 0.6127822924923828 0.6169827750946095 0.6163086040459108 0.6714379738279717 0.6301039852096951 0.6072072470514775 0.5992953059998198 0.5556971588092355 0.5279369419812584 0.49677557886851753 0.4560540863791997 0.44273422625790015 0.43988711659617763 0.4692983813570923 0.5102451542190007 0.5252879245472845 0.5194213870056332 0.5314445878175498 0.5162097482729727 0.5313928834358157 0.5449647854797456 0.5726837840766642 0.5859176375958214 0.5603211094062188 0.5826505902819634 0.6145652265120912 0.6673246113310952 0.6433997318875263 0.6506800802371576 0.6767772980590713 0.6602354473692782 0.6641312415386917 0.6668400858533479 0.620882885270762
0.43069526881183934 0.4207882811731567 0.5076040854707724 0.5243965502546045 0.5424437282820734 0.5901483374330125 0.5959669944767958 0.5569672136731207 0.5608642624032295 0.5870263653945668 0.6448731964716322 0.6728800479393298 0.6771296373505872 0.6787455080037417 0.6454193462109962 0.5909965151021375 0.5264248826340767 0.4903291130523598 0.47207325685245793 0.4132808270875465 0.4497579437093742 0.4476366660962509 0.4447481949345662 0.5188152587754756 0.5406986547683289 0.5374330635512383 0.5216157182188409 0.5594248387542854 0.5524698710513949 0.5368579592292801 0.5395481586666043 0.5601874030318602 0.5710915753165094 0.5690860648234068 0.6337136052093142 0.6738922660412113 0.6918847718668301 0.6984675395124643 0.7075128295866387 0.7348762838469369 0.6763334145788573 0.6664551455374036 0.6908713611020881
0.4159336566160016 0.43045867426030915 0.4750167740088831 0.5101128479177739 0.5689536406769147 0.5675494226380011 0.5629814376379831 0.5581962226489122 0.54846385769423 0.5798841083409791 0.6471958921159168 0.6439884294652162 0.6687315255279845 0.6630245375479733 0.636045940818155 0.5662235226746899 0.5066156721521365 0.46891571949322625 0.4415876799951256 0.4402893473288751 0.42965699360696097 0.4467832326809648 0.45244150464984156 0.4663098321740136 0.5065364562093403 0.5413213518134473 0.5641209607358736 0.5415411013415877 0.5213749285260432 0.5401456999299533 0.5306072972981108 0.5563661808222784 0.5348058772002695 0.6110475184668842 0.6397648253909418 0.6668110685344882 0.6712334100989648 0.6963504352158242 0.7455628507777573 0.7200629563258196 0.7144010944050868 0.6752965256623354 0.6810939143796013
0.3912140381731608 0.44993691123368296 0.45870911280145266 0.5218857009402958 0.5349611497729175 0.5879774192966459 0.587625269137316 0.5800007107232196 0.5495010167521007 0.5851982772558398 0.5908452876284704 0.6288591024378953 0.6550471435537425 0.654627246611611 0.6298367033695396 0.5508771971878516 0.4958245585529421 0.4757799945480757 0.4513343592364627 0.44810593328737885 0.4474435564408867 0.4374925849234505 0.4408648312878093 0.48788896662046055 0.5162128721075655 0.5136541086199842 0.5675222651377372 0.5611045556495371 0.5621045956609388 0.5353935321411111 0.5351395927702297 0.5335296709878383 0.5899265615943834 0.5908141318447561 0.6568707471472466 0.6686486418685381 0.6629290690499348 0.706969427985044 0.7332584407253978 0.7753393121962774 0.7663983230291249 0.7413357832245092 0.7407945457268912
0.3877044644860328 0.43146079158092326 0.4680887155553152 0.46205799411992743 0.5240021618884351 0.5585711108187598 0.5443129458983453 0.5204587298581277 0.5454639203543603 0.582551141927888 0.5919242415120726 0.5980733707611786 0.631916097445006 0.6509622549900453 0.6207668097587078 0.5384560768276709 0.5258740215181972 0.5002300607155775 0.45358412270215664 0.48782927165012585 0.48187019334993775 0.45697952188584995 0.4466356904974191 0.5148654494980993 0.5245234009798213 0.5290057604160858 0.545926901116386 0.5420336206535893 0.5637015087497417 0.5595657466648356 0.6052499969946746 0.6075913490565643 0.6067400702476324 0.6097979777983559 0.637776419244814 0.6395126249747516 0.683392791949719 0.74770242482684 0.7578870420633079 0.7770692241537182 0.781101633072813 0.7929185678242227 0.7976296239619926
0.3830947066949885 0.4042023255986164 0.42153456601406375 0.43879470135005183 0.4659533702131812 0.4754270345150539 0.5075735874657511 0.5262662825835438 0.5105813204986814 0.49814614324375645 0.5371086197348083 0.5660455010169484 0.6350299734649079 0.6851713191040483 0.5872512461701032 0.536046043590884 0.5008884734205896 0.47709727671467 0.502847280159417 0.487684560666237 0.44837227952252695 0.43832927836739827 0.480855291470765 0.5054802087332827 0.5166858006815193 0.483145113230663 0.48730054284107127 0.5188307877691647 0.5405316829616006 0.6265418941429332 0.6337526958740081 0.6159056375922296 0.6167308403389465 0.5802294161734513 0.6309828899696756 0.678647243778621 0.6913344164893843 0.7731697836285522 0.759881109035746 0.8125806976201162 0.7804427205484796 0.8119155236281392 0.7774972934151105
0.4207083036613857 0.44504056432836 0.40442153954558135 0.4363947052807039 0.44625177109828895 0.4994576530523301 0.5100813886155764 0.5252284801515923 0.51337828948603 0.5224504069360386 0.5596767635539097 0.5595103411214557 0.6228329823590202 0.6005121347971142 0.5811988040703067 0.582689095399494 0.5274042610161508 0.48593225572481163 0.48910764369051324 0.47103382212529843 0.46605639304336993 0.46620598990295736 0.4498524382067426 0.5103348265009904 0.49479186391090263 0.4736800086974457 0.5044170483001372 0.4999117435457195 0.5367915650825857 0.5892658650708096 0.6253857552315447 0.5837675135882487 0.6028851777548344 0.6098305334634737 0.6532856693371967 0.6668601952256897 0.7249361727880683 0.7234581227457788 0.7495700316076627 0.7830236177063946 0.7988381775967374 0.7903222309272038 0.8074680794856345
0.4304122429609489 0.4351857582356547 0.39934493993262093 0.4043696281899187 0.457401132225138 0.4727541250827619 0.48825949526980544 0.4836645413639611 0.5335743982532252 0.5644006447481336 0.5503029383099723 0.5783430869325767 0.5953249600317951 0.5639345407551624 0.5890014520742862 0.5898442430237782 0.5302401392772988 0.5510860089320067 0.5274752655337291 0.5372940083068248 0.4894790840238348 0.46935424942228504 0.494355492619517 0.5018018718880615 0.5151732390019744 0.46481384112619994 0.48774662212306763 0.5377979667892457 0.5766539937957699 0.5749187322353678 0.6034240828540615 0.6020038583483353 0.6608899371627597 0.6680230592239041 0.6802714922918474 0.7056292349934754 0.7038754287941676 0.7314994649539588 0.7403674006774336 0.697659486341785 0.7770961120360593 0.7669442752153685 0.80286285989667
0.4034738074260401 0.43905695207466805 0.44473713095278994 0.464414047244279 0.4491523816658071 0.4517951593792518 0.47502165597090296 0.48922206647414473 0.5292894403039996 0.5253646965060442 0.5606914244578676 0.5367802873273523 0.5468534411113208 0.5170483100723411 0.5215225570953258 0.5325217355240633 0.5527756069030306 0.5658535016408025 0.5580954945651713 0.559762872302502 0.5093317128676207 0.4979820700721335 0.480288027027834 0.5001001575097341 0.49791301381196923 0.5247835292442484 0.5460826396449485 0.542475516409485 0.6126042729437923 0.5913642007360833 0.6260645413135004 0.6577135170488283 0.6616276776335224 0.6314910748107738 0.6481557146556084 0.6673899308546829 0.690616310138471 0.7019368725716765 0.6738616188188128 0.6887027861146051 0.7420333270495991 0.759984531372735 0.7731207837674959
0.3554943629859601 0.3723336090954248 0.43697758727268754 0.4617148107679223 0.44805434990707954 0.46871244794520045 0.4905149106981353 0.4726301989223523 0.4868692348548041 0.528397331307713 0.5455362322731707 0.5385859685136005 0.49025291479122357 0.460302442387463 0.49413814515069543 0.49105011884232286 0.5033014804737809 0.558761219715805 0.5796651120050968 0.5726101949960428 0.5387285413452662 0.5266718865038298 0.539323556021475 0.49511566374979277 0.49414926831687134 0.5311969961266506 0.5443905486152053 0.5538701012839002 0.5999461094843752 0.6677719447328501 0.6331472306382842 0.6658220739016802 0.673915892474332 0.6312558617651605 0.6523233250412519 0.6352652645409139 0.6416264688495222 0.6664366471111217 0.7064666551657921 0.6753191827706969 0.6876450515884165 0.7212646573909045 0.7350545530481154
