Raster_benchmarking/DGGS/continuous/raster-388.asc
NCOLS 100
NROWS 100
XLLCORNER 1743164.0558971462
YLLCORNER 5469284.428318992
CELLSIZE 10
NODATA_VALUE -9999
[rows 76 to 94 of 100, columns 43 to 85 of 100]
0.7384695588044987 0.6699286760162108 0.6380572394022521 0.6547154747920358 0.6407271214529503 0.6497954687282093 0.5835141734793512 0.5659195366945702 0.5802295343537555 0.562606879313114 0.547215722933341 0.6272762330217203 0.6539906116581855 0.6196387115260718 0.6474438624247787 0.6162279178694666 0.5884135295079664 0.5548381856352338 0.5434283903437251 0.5575214965397551 0.5792565633338026 0.5368982386904494 0.4367092125160248 0.41940371790376363 0.3948798025740726 0.35831706597633123 0.3453583794771673 0.34491701623080795 0.30510345127272553 0.32390314014324256 0.3434220015188696 0.29946296134110556 0.2885485338759833 0.29202298848153174 0.27594156823289434 0.3451967710436118 0.3282790648566156 0.3093118561263813 0.3382688423057229 0.3388106880158772 0.36093827671371276 0.3277239630594387 0.27662590362444006
0.7454416661969653 0.7468672238519514 0.6760240183171291 0.667238839630682 0.6763740555427801 0.6639260456784091 0.63604433590218 0.6178350547995275 0.6128105516940244 0.5858751485112442 0.5720753439141767 0.6351217787332789 0.6470216158835984 0.653794997084148 0.6707315132477115 0.6356376688245837 0.6134208569683736 0.5973299267779865 0.6136637348581131 0.5963016603869425 0.5871183583650964 0.5252733399673125 0.4235486490383398 0.3979498162185944 0.3632953534465859 0.36287856633106697 0.3794750890520342 0.3483087075654079 0.34588126738267105 0.3134657621462842 0.3183706172521131 0.3193348540182523 0.2876096703864971 0.31863786726655097 0.3413415656422755 0.3078564955437677 0.3615613512975984 0.34519456402820614 0.3606867302951799 0.34617565292067054 0.34069365088354964 0.30186049463203585 0.24869813609202746
0.7958090582153549 0.7362177107305342 0.7150961951365611 0.725411130043574 0.718643505955433 0.6864040151452899 0.5860317385548799 0.6336775001260769 0.585691020729525 0.6176964351986528 0.5984047109490965 0.6404433000762494 0.6702706286597522 0.6498624807671928 0.6684988696467332 0.6708769563645519 0.6356106817494925 0.6475926762047175 0.6302920451919898 0.6208111282020643 0.5941346781217371 0.5073046743190285 0.42352501041851304 0.4435460671224297 0.3950972947749526 0.3708537515170259 0.38045475664614753 0.3769098414010899 0.320382326750082 0.3264321570860271 0.27824851887901497 0.30459133576730907 0.29125334488986215 0.2943247495479606 0.3316307545771461 0.36688630664742733 0.3770563289455711 0.3198809269791703 0.3414030562096861 0.36294213966579186 0.3372952487887475 0.2807265119763356 0.24480118744030457
0.7827118960914109 0.7830119514680415 0.733402167736981 0.7249019409132778 0.740364732160514 0.6893216171580155 0.6600903488521466 0.6174660151516144 0.6143719379697598 0.592521551033036 0.6300221010967518 0.6159998049059539 0.6866591595561689 0.6700283790339573 0.6574183604374201 0.6566460375681797 0.6581175222304201 0.640686958850895 0.5973527269435781 0.5510096833486694 0.5133917162778057 0.5037361449316518 0.4164106346730674 0.4400441106477607 0.39380838085836795 0.37103890396066 0.3715425550362501 0.3299692319617494 0.29019948356905606 0.31937454982574126 0.27997749520889126 0.2915339541070395 0.2894468773726573 0.32037110674144553 0.32363380158303334 0.38498218328159034 0.3827699867357236 0.33978329036676 0.3549371340939661 0.3549216214753242 0.31305717058913773 0.26654579824654095 0.2294975680377592
0.8404968692471818 0.7622461123926959 0.7518653807340417 0.7320083296825813 0.7166560365139355 0.6858275327359603 0.6281382024216127 0.6498872967992249 0.6106533142485931 0.5943366790338004 0.617103914385657 0.6525609461839995 0.668028837897307 0.6235200380331021 0.593230799730348 0.645596319095436 0.6320021016043554 0.6216096556652334 0.5535227279053769 0.5144384251189377 0.5209462245918077 0.5196368219233158 0.43135184962919454 0.39584025192929695 0.3855860519468193 0.3994063718319874 0.3631345831923637 0.3668734439540308 0.29675441435262967 0.3411313071396025 0.3512690263866143 0.30026598127756415 0.32789667070854955 0.3966943582108506 0.38873885021172283 0.3360800288125962 0.3382880794613625 0.3287630169654246 0.381852563092355 0.3847022354093861 0.3282299017353177 0.28547813253651805 0.21476832258368614
0.836866395683834 0.7851338367933665 0.7948966815470557 0.7486125505656447 0.7539749897636837 0.7222116923581731 0.6811073000188966 0.6494705666479139 0.5902377972770333 0.593574166863385 0.5992852885766616 0.6429902706596209 0.5890749191387337 0.604699209414956 0.5851235609181782 0.5817410989103318 0.6222714471031726 0.6072102380010306 0.5728375128402843 0.5160012578444169 0.5394846187804765 0.5256218881337489 0.43542961792980595 0.3988679087556568 0.39011538711707927 0.3609693483077772 0.39627784020745993 0.39163437973706955 0.39731354668918517 0.39744608136134296 0.363063299997493 0.350364368476906 0.350545324622945 0.41824714480890457 0.38047708377249384 0.34438560300067117 0.3423319055340546 0.36132151230172943 0.33825723889411863 0.35899854717994467 0.3353425746035046 0.2790116546638487 0.23357708471398395
0.8308300809628414 0.8099815639284859 0.8430223167029612 0.8046047215328146 0.7594408797884247 0.7168750785037823 0.7229448317519765 0.6962287124465752 0.6416854142510986 0.6499893031167077 0.6343909428416052 0.6377456020413654 0.5740689286443823 0.6007203979822714 0.5548351471247958 0.5835307774286563 0.5865059997301005 0.5512650016207528 0.5213637390691512 0.5224422062437742 0.5662836518517913 0.5488044489365633 0.5023121659514422 0.4329454289454204 0.4005809524395829 0.40850536851853614 0.40453964600090153 0.40437246881612743 0.4153390280430702 0.384330306169503 0.39639495679295333 0.4370449913555625 0.4348706344338028 0.3977487455583019 0.3937018719273684 0.402272901194285 0.33756565939761923 0.3400322459866809 0.35922023704498013 0.35693930696714543 0.28478936239543085 0.27395150816245956 0.2447532428740837
0.8851191839583133 0.8619618753636494 0.8798421386553893 0.7977710783332331 0.8079819157427587 0.7715530007139565 0.7069609720028571 0.6768274878346917 0.6374820137843461 0.6363481681279702 0.5998753127525751 0.6011261476116082 0.5563394508004023 0.5637488999042268 0.561341017082105 0.5211985222969775 0.5415327535181016 0.5840851748865861 0.5296637651424411 0.5513037785379507 0.51636452729668 0.4945895822858366 0.5298450725405369 0.47730619819606596 0.4419668941067376 0.397618339978154 0.40013632814611044 0.4204669326371427 0.4207247647421956 0.4301814487470799 0.44913517378362267 0.4840262472760454 0.48963966239567663 0.45150110196543625 0.41394084410903126 0.4113114521981781 0.42163067133233506 0.41347074692901287 0.393579521878656 0.4037062413379736 0.3670084487081031 0.3572358528261931 0.29133170631231636
0.9344047197112673 0.8748477991719299 0.9052358413529155 0.863794810827494 0.8131769936281827 0.7786593652967182 0.7710766166465 0.7070831761413593 0.6960846531153606 0.662883885457516 0.6329911303007478 0.6163815868802723 0.6078519979754599 0.5767674999745173 0.5309403054873018 0.5361244585732449 0.5372207204791438 0.5339052357679741 0.5690993089533587 0.5102239043461658 0.5001069825688651 0.5074301139307291 0.5165421000265843 0.4931507620293249 0.392339222619081 0.4321001296328459 0.45834299427488817 0.44502607144059475 0.44334419257569935 0.4713392249193505 0.503269416478057 0.5139582631417985 0.5055539055322446 0.5127363220343257 0.5055863867034573 0.42812947799272216 0.48278184167877114 0.44835967188082193 0.4313777586817826 0.4077018945180411 0.40563676387330033 0.3771483265711018 0.36443898662498453
0.8837164592139821 0.8512071763438426 0.8470522514710409 0.8137199476244042 0.8308626355879978 0.8190359222856681 0.7962557161366327 0.7735462892028543 0.7054213596863915 0.673727846121831 0.6033163970859761 0.5937859044508302 0.5692314386225422 0.5473628930844833 0.562284752144804 0.5538719758117762 0.55251516260371 0.5363413209640472 0.49727426905604666 0.5013079395418778 0.5501784750686521 0.5481836260578759 0.5506348143654728 0.4957957970266894 0.4608664877398607 0.4504867023050499 0.4695187742048401 0.4228186068998619 0.4559468344509207 0.48809030311358864 0.5013297870757444 0.4568841389153302 0.4789412435873082 0.4727374229520926 0.46332933926753234 0.4452039841264943 0.44369723264767913 0.39568411661200886 0.433992527477587 0.41147724167025246 0.3765782845777776 0.36577154876389045 0.3584562630807099
0.8536356796312068 0.8561923261329483 0.8445190996517479 0.8336278412709125 0.8099498004719847 0.779535292567397 0.7466753302798561 0.7268703875054306 0.7534642612922849 0.6626744219153808 0.6139994556211593 0.5718808125384639 0.5901233265050531 0.581130680529428 0.5906559149275893 0.5508557273899048 0.5603532186101786 0.5605743562204126 0.5014924409595859 0.4918148911134593 0.5345004804276393 0.5854635209732745 0.5532291377732558 0.5162066331595773 0.5134201423555563 0.44693080848075734 0.4243629417001052 0.4399147835726874 0.47425376579818573 0.4460861615731907 0.46045105147034754 0.4893221182722884 0.49454991119424613 0.45798204152528893 0.4191166301691756 0.4378662129112765 0.3710587092994612 0.3936143006047663 0.42952248295337747 0.39705297828249597 0.41615024710864595 0.3900120075417542 0.3376034777764608
0.9181873744743785 0.8558409023219132 0.8313038993344907 0.8820951712206108 0.8514705433980746 0.8444837204246967 0.8089256761863511 0.7608381075942564 0.7624514826399723 0.6748953789751156 0.6502843271046616 0.6226332538057749 0.5598027175882224 0.5599304916019125 0.5669291014607198 0.5694017371707466 0.5202475342080991 0.5376719833704311 0.5138362818334027 0.5588376196583955 0.565190891999443 0.5773175493331846 0.5728803136730399 0.5317941278512394 0.5510150546373305 0.5017609976278703 0.4726592123647385 0.42990048335978126 0.4731711232437 0.45323350206190927 0.4594342003585664 0.4618669354679025 0.43341486402741397 0.46837053658055633 0.46271145609507647 0.39950946074289106 0.3730263263763543 0.3967381748226001 0.3986502680955881 0.4142730868492455 0.4223409560445341 0.3719473231130449 0.3527323066727731
0.9039083808471678 0.8883689662669211 0.8696171262994501 0.8581324392056415 0.8787952259580487 0.8345612121376144 0.8302374676235618 0.7530690188354151 0.7458052033285779 0.6870686182014716 0.6696130144564173 0.602845020346946 0.566290452711808 0.6025348549013751 0.5855180973736799 0.5369255719579263 0.5370222425459146 0.5523278651919825 0.5516278776200398 0.6184457484145958 0.604656408228598 0.618726998809457 0.5892918443394032 0.5480786516021019 0.5532563161673762 0.5274511671631577 0.44307524812572535 0.41646259536901226 0.43055871058089473 0.4035104825310431 0.41724643193540517 0.4492355584943585 0.3956035323167492 0.4370449877185693 0.45684093409587057 0.4172655187597479 0.3473001160397742 0.38610204080325117 0.39117294116591234 0.4123879621725836 0.3682912343244318 0.343822019865749 0.32334670115743297
0.9274516120428437 0.8852865963946447 0.8731819666475158 0.9110631519533081 0.896047929866742 0.8282997906225771 0.7983569932291943 0.7739525447832174 0.7497138126702657 0.7153902721171223 0.6179105320300828 0.5745956726274133 0.5728321157467348 0.5759350492780952 0.5700163942305104 0.5283619441889446 0.5570850052454799 0.5392279618332891 0.5608965983918461 0.6248365714305345 0.616149552019317 0.6202273044163554 0.5800015936756927 0.5505525309619894 0.5693207546904248 0.5208319542215798 0.4705147056528542 0.417600386791945 0.3963235291709338 0.41818066369599277 0.37977478586837604 0.4222390551091314 0.4112624304595881 0.4657289854979114 0.4159596303635913 0.3683571892305678 0.3698426029587312 0.39228554719425773 0.40785585398227725 0.35469578884903447 0.3330229107569134 0.3491723132574022 0.3009581110562972
0.9403690457067466 0.9022730499609491 0.9497004171661274 0.9156897289001211 0.8579203768369967 0.8410993500683437 0.8067694306590021 0.8054005359935579 0.7345721532720493 0.657694374904083 0.6263770785900308 0.5747391282198814 0.5589192492067627 0.5446654776461716 0.5488533884396801 0.5381719424513668 0.5609681341273282 0.5770695208902936 0.6334181620690683 0.6350610671358984 0.5918108126568458 0.6130731310504597 0.5646292349588908 0.5929516706515539 0.5701835074687646 0.5015428180266173 0.4734031635620266 0.4821641452608435 0.4479060556554744 0.4158286725940705 0.39633222379641003 0.4231484012161884 0.44009682428314956 0.44687084222385587 0.44131087687549536 0.3858564431462024 0.3491051568273929 0.3938666129416413 0.3768708378717995 0.3728887527207255 0.3552242653902977 0.31559549932809156 0.3233898106862288
0.933078930821367 0.9462481337539536 0.9466845422022219 0.9486410943009437 0.8612960831774058 0.8211087019474381 0.8018628255499618 0.78066725298153 0.7428189599399655 0.6751944058623732 0.6380733293572518 0.6439097475906909 0.6226133922516137 0.5746058013194826 0.5491008038938856 0.6032777009772243 0.6048687013591271 0.6195731747588984 0.6244486919211328 0.621513229076219 0.664561043247464 0.6513094136947342 0.6278820111595161 0.5507063456542148 0.5922031928816527 0.54904141834169 0.5267885847819466 0.4761310867874993 0.43362570440943743 0.3953054434533201 0.38780912304234183 0.43775664175824336 0.428815618682754 0.41819490685155997 0.3941203755837626 0.3663608576188497 0.37096878132880456 0.36451936241889893 0.35175694408248653 0.3533319919229073 0.3344619791495264 0.32549139632927526 0.3233866506526738
0.9619182932980153 0.9473852791972083 0.9945947492288312 0.9480606249998529 0.926187526353335 0.8738324831345241 0.8094429131026872 0.7860774187945164 0.6968313940793633 0.7248673575381667 0.7053375432973347 0.6700763651613599 0.5850227439931512 0.5819969055206279 0.5955102119465899 0.6304870529021221 0.6089980092180257 0.6296171098841559 0.6229290746711057 0.6256350709262553 0.7264043247667289 0.670487325896434 0.6206052165946042 0.5997957423166699 0.5739186450786511 0.5319664633144365 0.5220953927154297 0.49633376578763233 0.4638664542604708 0.4591172592739265 0.39857468049338074 0.4381689098264973 0.44778497229855735 0.4287131952049787 0.37402788277717525 0.3957874121275574 0.41525076625027313 0.38181166810125866 0.42102433215122037 0.35432274766733624 0.3250930569057143 0.30533682388350253 0.2786807947258813
0.9736230414628507 0.9805529834873845 0.9531829584798536 0.9263987721350614 0.8714410834871844 0.869839748860103 0.8423437418671452 0.7816218557142866 0.7298214927778177 0.720844036817547 0.6735071402593098 0.696341766017558 0.6901132487498886 0.6427694632278451 0.664645837672651 0.6012409231834112 0.6485668221250679 0.6528838849336016 0.6519729410384595 0.6586519331540679 0.703221182422957 0.7221179128650774 0.6798636514073547 0.6479610144411868 0.6184731729224336 0.5843009050527241 0.5614977656498533 0.5173107251494493 0.5369146292620626 0.4904553827182655 0.4301566835444096 0.47296967898237646 0.462342657659272 0.44550153060799796 0.4156679527182157 0.4299000867241177 0.396007103040845 0.4189199117188091 0.42813723400317955 0.3448820760581854 0.33355218185350155 0.26494457776800606 0.2609741583087602
0.9386499641319508 0.9274948575545263 0.9353035582971034 0.8911908394396499 0.837359566662877 0.8155260372320428 0.7774780503516789 0.7550373994293639 0.7310277391071586 0.7166894352332508 0.7004171617199566 0.7354902729072291 0.7191299156460983 0.6665010609418025 0.7025254854816695 0.6577319851046358 0.6165677210515123 0.6456715526256261 0.709076732829493 0.7164121184873504 0.7070423864647213 0.7213040884369337 0.7308696483518452 0.6530869724467546 0.6761238192715764 0.5801538939064583 0.5313409312444822 0.547974730747464 0.5434440000948196 0.5282667855032632 0.47721795458654204 0.4975261274648151 0.4909296152919628 0.4168636884871884 0.39976905666677715 0.40658307245919995 0.4403400697272902 0.4406000421514711 0.42472823802999177 0.34482526909347005 0.33020780334080124 0.29470325210950454 0.25446756671314935
