Raster_benchmarking/DGGS/continuous/raster-305.asc
NCOLS 100
NROWS 100
XLLCORNER 1743161.1389411227
YLLCORNER 5469296.050910308
CELLSIZE 10
NODATA_VALUE -9999
[rows 57 to 75 of 100, columns 0 to 42 of 100]
0.29251926166320763 0.3227770465555564 0.3250037926228839 0.34414424222895146 0.3501406561548409 0.3326831028296686 0.31928355615583026 0.3317578621425278 0.29250189943117416 0.28594408500150964 0.3166855235983983 0.3318521428953996 0.3252225730884786 0.33546932705470556 0.31151211700602105 0.3024269502804749 0.3361930645347114 0.3350734251036327 0.34228678799555606 0.35051129412792903 0.36138080888074137 0.33494882440673723 0.34779881922893663 0.33493044060913135 0.33646338298651096 0.3389962525362672 0.35849546781054215 0.32025976309717324 0.33626021778226123 0.35863729903161273 0.345745202133538 0.3642648343402731 0.36393165851770437 0.3481986507576976 0.3835625016155096 0.38848134862602873 0.4018165957047175 0.423717123597966 0.42985993363843655 0.42643844393868 0.42759495398565067 0.39607701455883493 0.3831103751196587
0.301148645852065 0.32029450994619296 0.3205660867459276 0.3000518582533664 0.3102038590936612 0.32303551054646584 0.3209816423003558 0.3249738362067454 0.30779186522979246 0.3009814415242926 0.2742008181943831 0.2959326662625716 0.3422692116943817 0.319439279434049 0.30361723458923234 0.328217162293058 0.3312305336329715 0.31599927424095564 0.3166615767219898 0.32033014370240037 0.349931081785373 0.3357060203281094 0.32976039967237764 0.34178356490394574 0.3363694924476993 0.33312911051421973 0.3377284740269447 0.3378039880226764 0.3585343854618891 0.3599125333133234 0.37148999620985435 0.3386996786017683 0.34032638621307093 0.3451156717405058 0.34501112639756437 0.3674189089838421 0.4204272701284984 0.4351664149231893 0.4271511874259377 0.39887602865415983 0.41127913616159856 0.39982446289722373 0.42949493175052683
0.2479336832979819 0.25342639789704113 0.24725651469781754 0.2712576640822983 0.2951749802056698 0.2883887395980038 0.3051218149018795 0.31809779548483147 0.29294369525376773 0.29194773766596105 0.28643538290192494 0.30085524498855576 0.2945596285587802 0.30717345654071687 0.34007403644065587 0.3208292443935387 0.32634420103777473 0.3417206950875765 0.32635184255072675 0.3409268439968885 0.3516269201443642 0.3596941172519838 0.3310129615625476 0.3308072558420652 0.35154131982587666 0.35694448766099723 0.37279764532860127 0.3578099053467129 0.36321897408794596 0.37172268465686786 0.3855316837226535 0.3512355267570737 0.3504071391839735 0.3414197109354989 0.3519239175123165 0.3745939637924955 0.38699486217957596 0.40796864095349167 0.386045302245604 0.3863053677161538 0.3989691313936708 0.4222062300036783 0.43370161665616713
0.200838248123981 0.2381211761916953 0.22013770379800093 0.23380519838282648 0.2783094666114901 0.25343811418985995 0.2604719318074524 0.2920645452836854 0.3019807334363378 0.276912094465786 0.279876342985257 0.31356981022173874 0.2950306135536589 0.3292483543447636 0.34807651526555416 0.31829092702044276 0.34413501101009913 0.3600183847235634 0.35252537010543195 0.34817586139786827 0.36069861635219724 0.3412917188046956 0.35719371058438465 0.35179508213325195 0.32466520444747177 0.3454854029778186 0.3571869969114113 0.35560294442348506 0.34208134026435305 0.3551459165859594 0.38171175242875144 0.3747128049722173 0.3890281462646682 0.3781096827206519 0.3658069995506397 0.3890885752732852 0.3698348467232258 0.40600759124728564 0.37575273660356473 0.3794618051324923 0.3855803462706812 0.3985983037933459 0.4400461787843724
0.18968697643231933 0.20262034691077582 0.2308076536442976 0.21757921411087433 0.23312066141949334 0.2337274082742093 0.264661874760119 0.2538740037691382 0.24627820420267119 0.2631098039801927 0.29670417614499767 0.29681303487061717 0.3155877196926476 0.3557461231065502 0.3455857905944812 0.3404276748405833 0.35898641582404006 0.3403767802579754 0.355954381632005 0.37994092362551374 0.38277678822071104 0.36227471584837606 0.3451046216985611 0.3619721766377731 0.3280203871084535 0.3340423767285561 0.34131029191175616 0.355842006935912 0.3684107326951641 0.35666642470862925 0.3654975035674093 0.38533685840182647 0.4050088306135969 0.3869726710780268 0.3707878545820049 0.3629137433140823 0.36122962108244366 0.3896033537314309 0.39461486546547814 0.40192822384632804 0.39657391568808015 0.4047058996640986 0.41071196889671413
0.20452781443545828 0.19085641309843773 0.21586985404639794 0.23423760697578389 0.22007309851201043 0.21758904677046398 0.23201767217481686 0.22299449416455117 0.24110769149395445 0.2709447850537347 0.2676814775747952 0.3320532557352446 0.3391667132847733 0.3828775671700775 0.3802631893427571 0.3466593822257557 0.35726679783309245 0.356010325552186 0.38916195403689524 0.37653260086734974 0.38673467786979454 0.34960386847406827 0.3577034143554345 0.36578059784893213 0.3427610985843536 0.3655249767816341 0.37023821813243063 0.382749683230001 0.3762302151751765 0.36024206944346404 0.3756335032025519 0.3926105509448598 0.3810294394324723 0.40735510410934167 0.4073622273625557 0.397771784329442 0.38256268434595636 0.3842915550089201 0.38988441883838415 0.4125435288249529 0.40862678628501264 0.4132372746341297 0.44174426657270244
0.21871330372554212 0.2178754653006374 0.2089177996897471 0.23792923123513204 0.22923424803087541 0.21265621564940904 0.21122830577935292 0.2315637094314467 0.26069564241518234 0.27485586474442103 0.3235747145161093 0.34167182574804755 0.3464154270761962 0.37397696982978207 0.36313241994465956 0.3682673316074801 0.3415944571911039 0.38099070932785645 0.375115104819431 0.3890693621123998 0.3570081565204592 0.3394325380722613 0.3301347998798817 0.3519748786337273 0.36054553126856265 0.3489598081839437 0.3590388345399401 0.39972575686598827 0.3946157541180056 0.4023432567677045 0.39760698304141456 0.3963699601144136 0.3805648230776797 0.4088177041214569 0.424028827957799 0.3926210014478376 0.3931577393856143 0.41157310823264676 0.43732305450559816 0.4162312448292822 0.42503218951845245 0.417730234676866 0.4369517952996961
0.22500466574278324 0.23803423659767112 0.24260522873815238 0.2530900174764968 0.2510023208622703 0.2170256592619857 0.19834240602350692 0.24253269621835394 0.23977619729913535 0.2906000033029789 0.3482559645813269 0.35530316641517157 0.33522819175755386 0.3458447151119141 0.37377153980102357 0.3437607073117991 0.34110073084649767 0.3631886255894415 0.3690431224289981 0.3569599804039612 0.34714805057527703 0.36068226890092836 0.34708166168410054 0.3574811256543699 0.3582703040986032 0.37513419051925967 0.3923296825131903 0.3733386883418135 0.39450665706727345 0.41372967148252326 0.44635132654287146 0.41765413470933443 0.4150451500760393 0.40781519236096403 0.4228502653583646 0.42312549441336955 0.4199613767742362 0.4334036880018551 0.4493211371804953 0.4212061347187589 0.39179515559686034 0.4252080825460747 0.43955307294382834
0.226863806345217 0.2637095875616213 0.2565658035804998 0.2662685641308505 0.24446206565471898 0.260831403987835 0.25967093948290876 0.260051231584144 0.2816092826997173 0.31014835409164654 0.31302376493784184 0.3492931321239338 0.34027919170429843 0.37354239474626194 0.3804985405988022 0.36933159904668156 0.36312993813792627 0.3376761129320258 0.3480789177936925 0.3654566790274959 0.3640940259901685 0.3816222698151113 0.3636881823519875 0.3720173232666215 0.37010432234070595 0.3583165639296767 0.3733540940749861 0.38290480318781617 0.39850760748314834 0.3881554479452104 0.4229574821555202 0.4016097473836444 0.39832749938165685 0.42094450900880515 0.4185032050888479 0.39860683538189917 0.4327906651274744 0.44275640577457337 0.4407335554057188 0.4102409966269204 0.4105689091852752 0.41907985183820035 0.4072285860091482
0.2616102338478492 0.26676058065249547 0.2757828511954072 0.2569150662243245 0.2377670067786246 0.24487822608560172 0.2884328584217326 0.3106452389451161 0.3057186937051725 0.2995403194907109 0.3051917514868866 0.3607935947148169 0.3635734460528499 0.38243939667091176 0.401284525281166 0.36918590361229847 0.37658167830013844 0.35064926312781347 0.33501539510386474 0.34869354983225637 0.3706822495270544 0.38622770315009625 0.393548151004659 0.3606774893387051 0.3620906441122709 0.38662847776647513 0.3995089715652239 0.39368857768149373 0.3759817767847994 0.382688615359175 0.3923561729348152 0.42525448969560337 0.41898701967412955 0.4129101118982305 0.40255029979029944 0.4179235943632905 0.43052263978179234 0.4399705861363945 0.4221904615972222 0.40190153964469705 0.4097537501690233 0.41065955575365565 0.3865740045986246
0.28520710996930326 0.2810658200520176 0.2589359581999562 0.2650501134656454 0.26944480264919696 0.26962075443736483 0.2939175503288841 0.31811463348195385 0.328250148851066 0.3279391145190055 0.31271690651835027 0.34156555916457965 0.3302615521042013 0.34526138819104485 0.3873957151789942 0.3574745163503396 0.3713884395550638 0.34337726512488165 0.3512532703453335 0.3524356006349331 0.3668078079433974 0.3725368632469307 0.37046590005024654 0.3903360408518209 0.40303189080139784 0.39535350635171074 0.3593402108557565 0.3742977116615995 0.4023275065400898 0.3924798358116072 0.4005144710936864 0.4222206846036529 0.39468482791876314 0.3990775963652505 0.39711677384496924 0.42310584719802224 0.4046934458908197 0.4109006733196381 0.40979509479188003 0.4067027379610293 0.406101337211564 0.42296626912046165 0.41403916276019687
0.2776265292553224 0.291947956627153 0.27949698770082804 0.27248172419958905 0.27686704405158563 0.299587186059702 0.30256289899941485 0.31495073688169367 0.30994137483444806 0.3083277628368962 0.314131199419019 0.3282662165969783 0.335981096176797 0.3596736614518295 0.3621193141499788 0.3683719168782282 0.3549979058718487 0.328271458809832 0.3140628049828098 0.3369874079289646 0.36589549368596075 0.35437077003435574 0.36313610948395153 0.3808323803524579 0.38840833065596897 0.3949305877465568 0.349735063285298 0.3685640187502342 0.38987536776868487 0.4070966189252021 0.40098247918000846 0.3977752112418985 0.3982514692366495 0.39226469852977086 0.39978136051126506 0.4127697376945626 0.4006275082326822 0.43518928647402155 0.44896839470717875 0.436241986708729 0.41290861446783766 0.40629933341528074 0.4149760625339644
0.29419118588146864 0.26941590646576974 0.2807862590941952 0.29687785087842805 0.2928204008748135 0.30596419738929564 0.32187265342070964 0.3083022625617017 0.33026360858720283 0.3337946313522719 0.34308511174406814 0.3170153449570761 0.34711015080382907 0.36872469550772197 0.3504299168421125 0.3709711547063801 0.36218938070114703 0.3226006296232745 0.312736240836717 0.35435585576169587 0.35056724176451637 0.3708369058330232 0.3645233623659944 0.3662626618493027 0.3655981970668905 0.37634785667314524 0.3546130673150792 0.3750520672128579 0.37703577473024297 0.38339751305075587 0.40801536971936964 0.41061013130019525 0.394062524645893 0.39603320794738406 0.40490380688784616 0.41983731811840735 0.4201904310471616 0.4443104180122546 0.4182706549098152 0.4079006860680839 0.398332597598383 0.427200679736551 0.4238409107194782
0.2921218940224716 0.2978726823246128 0.27525185801515917 0.28498356220443766 0.3196145332477669 0.3290790553269305 0.3182635199974813 0.33759133843819833 0.3345645397492127 0.33209413516250846 0.3667306389851696 0.32622130090697454 0.32262756832165035 0.3525469291206635 0.3773308573037959 0.3618746264225209 0.35865557343151316 0.3306145587010146 0.33396216136952744 0.3508709887023551 0.35365618381422204 0.39481921759806216 0.3987656054712035 0.37405771181411107 0.3586183929539577 0.38193951025079387 0.38673383010295154 0.3756324664221515 0.3729705140975401 0.4002022238441445 0.40275802611640965 0.38372740304745295 0.4060060715050391 0.4063291112661444 0.42831447163553377 0.43972910749437105 0.45057617223449753 0.4342935689710306 0.4147539226524272 0.4319552151366968 0.42799267638220834 0.4304428329541396 0.3890887104853406
0.32856491556834533 0.2891539135328491 0.3189471574951495 0.30418510283893113 0.33208741394252406 0.3212962544903143 0.3010099437434336 0.3220795560324265 0.3313324693006848 0.34720180135359546 0.34541258354919263 0.3504619849710401 0.35974046573695306 0.3272538291352977 0.3605565697383502 0.3389867731875199 0.36622625273756715 0.37005851858802163 0.36130041176459493 0.3726856360762569 0.3823587136424759 0.4004878713791309 0.4081491327645829 0.4120511667503434 0.38477280663883173 0.3690577915167362 0.35580781309346654 0.3748135150260952 0.35364651889120086 0.3690856159393191 0.3869587602353441 0.3865772376957186 0.41122455421724285 0.3976407969067637 0.4251678944738417 0.40515377165079797 0.41028781182003576 0.4298613383695661 0.44003237370132237 0.42510060657641274 0.42947097520348193 0.41298399704948713 0.3877739332075838
0.3298140482131075 0.3105774400322267 0.3308777754451904 0.3234417886627212 0.30240867656727594 0.3323708405328272 0.31691755201126803 0.3242077669414991 0.36841719910670856 0.3699666989189292 0.38222109803486454 0.37887178117413417 0.36468425633962026 0.34573717419087396 0.32570684465428207 0.3328187899992826 0.3380525163850311 0.3716391737953273 0.3661021653706213 0.4042597921132568 0.4058859253019479 0.42187384560399965 0.4428868390332769 0.4159956408696604 0.4196334977749606 0.370271334603381 0.3601721112112355 0.3777921485488113 0.35713718770393243 0.3579572518419565 0.36778444183789677 0.4138392564305306 0.4051342832680285 0.3966767479177731 0.40706774673086704 0.399711267969475 0.4004131001552302 0.4435253289105524 0.42652227879336424 0.4095985910741947 0.40799596962529894 0.373868447982713 0.363582277895376
0.361951446758131 0.35159328449350313 0.3642345611694004 0.3317184433416472 0.3019682242667385 0.30781278138550733 0.32116118223363516 0.34367384907728893 0.3617808694049482 0.39823638378455045 0.37630650745544314 0.3683037853822788 0.37051960878096496 0.3807471442350676 0.36499405191475104 0.36972338974784225 0.37726278778074274 0.3889922990866459 0.38399844671668076 0.42018088284823113 0.4068456340304494 0.42832097196993807 0.445467273493509 0.44281809501691827 0.441363768916828 0.39458964396183205 0.37232324997532457 0.39543359081214036 0.39983061114193863 0.41060733438043967 0.4062680957533961 0.43091275372168175 0.4216531207012083 0.4348815867599435 0.4186915009492169 0.3986156790439396 0.409439027879419 0.43574232075307984 0.42056375710055605 0.40105777663295095 0.41886772878856765 0.3937522541788186 0.35664089530379933
0.3484796575952934 0.38445796840900254 0.3739143416738154 0.35598332757143347 0.3234527771419254 0.3200798336786765 0.35947095404331064 0.3756753908092963 0.3805403155132159 0.38693787562942894 0.3980962420823156 0.3950468039341443 0.4081426372885107 0.4193029528897597 0.41753673755074155 0.42072095929298514 0.421170365413635 0.4294652850831582 0.4126381478406327 0.43447159828098264 0.4308782686312282 0.4148329657015313 0.4456712837919262 0.426120545488532 0.4479920686570265 0.4288185901766162 0.40724445444893115 0.4195584951422424 0.44389594269395705 0.430923006208996 0.45158647820595604 0.44144696633688657 0.4355592613630144 0.45826380882178264 0.4187814372284701 0.4266901312477899 0.4439801652215346 0.4469974742696377 0.40728581812437936 0.4188639741104272 0.4078804385926911 0.3842724495432284 0.35179967985903765
0.3457402455089658 0.3893132883222475 0.3954300143562286 0.3579413699103754 0.3533689617296078 0.3586848927260144 0.3489829453168534 0.35660253894023364 0.35649452178678015 0.3973530788652657 0.3960804520225385 0.424005305530333 0.3987120510389762 0.4173619977351919 0.4291833456300938 0.42985726648753847 0.4202233224342615 0.4466456185114264 0.4335046645244936 0.4345506741069082 0.42034698681332483 0.43823008119717255 0.4586987829697535 0.4417512226151961 0.46634200866028974 0.46513084239061336 0.4248075458917921 0.4323068518890856 0.4632841838151086 0.46289222019449866 0.4806655929975406 0.46325394813154525 0.47347964064157444 0.47165613769352516 0.46531306859497384 0.4786469113456094 0.4532155996978616 0.4494813719949257 0.42921087640680317 0.44375489222714826 0.43704930103154854 0.3812382055776979 0.36326793029108534
