Raster_benchmarking/DGGS/continuous/raster-493.asc
NCOLS 100
NROWS 100
XLLCORNER 1743165.77521718
YLLCORNER 5469283.668051139
CELLSIZE 10
NODATA_VALUE -9999
[rows 19 to 37 of 100, columns 43 to 85 of 100]
0.4769536824376883 0.47918186556952136 0.4683911070223364 0.44010010582942827 0.45894876307021165 0.48586562487791995 0.46606883889318235 0.4996645853814618 0.47867244541074533 0.5286018933083653 0.5624469023865871 0.5403638194328542 0.559899086762524 0.5606218891504041 0.5979155854166095 0.5859293634132114 0.5897528358228453 0.6141332224627036 0.6273131201235698 0.60598688695273 0.6410624567144236 0.6341614409111275 0.6440800783965077 0.6527333581822691 0.7191811098288928 0.7375200208991467 0.7424862358943807 0.7098038982499871 0.7333371274122407 0.7222639821920631 0.6694310406112065 0.6561284092538975 0.6398641097628577 0.6224508807249217 0.5784301301585322 0.6028260264477382 0.5771025645180852 0.5613560084227134 0.574549677806816 0.6389410443236706 0.6524987052061251 0.6708577957615213 0.6884769580708051
0.4580673928255944 0.4692177830472118 0.5029347002994035 0.4785761143361536 0.5053909376998769 0.5148628839215283 0.5027186223633473 0.5160193893137537 0.5465307755084684 0.5493843492553444 0.5444559389915313 0.5989674371816455 0.6157944088720692 0.6180534017888427 0.6161504688132549 0.6599113913233693 0.6708118335888542 0.6588747389688674 0.6541064993103071 0.6410946424523719 0.6586050921390837 0.6893009269663567 0.7111613243185643 0.750079177392512 0.7151501159180546 0.7158633649842864 0.6945239496805387 0.710791660779232 0.7202241631803314 0.7279591045803466 0.6764224894065548 0.6302211649305761 0.6328155474921073 0.6089599477283214 0.6018356693580125 0.640740474499418 0.630966933921958 0.6031683075405483 0.6033913081573107 0.6376705526769859 0.6162826581030854 0.626141490032288 0.6478890768408044
0.5406841952285976 0.4873808998329088 0.48887381095491994 0.4825851628965014 0.528665918794569 0.5005644720886052 0.5075577471947905 0.519243646909244 0.5256910106065262 0.5866687756581904 0.5578172907883994 0.6252112908505575 0.6671371262307353 0.6995034352527489 0.7015069158059222 0.7071689587321954 0.6687993108578798 0.671909702690503 0.6352478821551126 0.64322398238229 0.6331636572575888 0.6917738852536556 0.747659909374187 0.7675860701857924 0.7908790568431863 0.7138731174649393 0.7226051189097674 0.7565491403881522 0.7503883057822682 0.7303544467423324 0.6388577568862545 0.6207841866863203 0.5872157163289224 0.6136360075433854 0.6669113967881792 0.6704097269642836 0.6999654486493411 0.6150879197988749 0.5944381250125295 0.6420845205688186 0.6157161439152343 0.640470638812759 0.6678739854330867
0.513631102941212 0.5408032974090139 0.5356159669834759 0.5288680478522871 0.5519751710655584 0.545440915562104 0.5162334338189307 0.5209605768779392 0.5640072222781981 0.5894416046482064 0.597001732826354 0.6411204238916136 0.6550539747566528 0.7198729789919766 0.7177546244350592 0.7433959225840008 0.7422615272793075 0.6914008695536009 0.668278736360174 0.6822260771771451 0.6466834902190907 0.7199665722926885 0.757555497380772 0.730022850370847 0.7262254146072954 0.7306603781888464 0.7375608288397173 0.744899920706417 0.7137516123085529 0.7111335630294741 0.648326702815815 0.6351802893798596 0.6012488104902735 0.614112778013995 0.6375643065410241 0.6723383956744445 0.6722522498878097 0.6409619130228931 0.6518157558012886 0.6417916591343253 0.6502010039132285 0.6467574058192429 0.6648976647681648
0.5657701226156476 0.5242515590796406 0.5496209548068965 0.5544315671939343 0.5775800136259107 0.5895748952957197 0.5891465456314517 0.5571574096359687 0.5868796473125025 0.621210099546536 0.6555714665258012 0.6874475616301735 0.6676789421768873 0.7014905992445901 0.7417967639296683 0.7698215649666138 0.7631598654689022 0.7541272291433212 0.7046085403822956 0.7183297249865632 0.6676174677168004 0.7267043804360783 0.7357475865333298 0.7117693195055883 0.765225702185 0.7017918996653892 0.7226012022639416 0.7312585277270498 0.6734831141129028 0.6977447303326397 0.6774144036761902 0.6380831014639017 0.6117466379550708 0.6146198787701246 0.7096102049214297 0.6570905982138097 0.6584957726754099 0.6923125697421242 0.6544994730188157 0.6522448420906706 0.703998692381224 0.6814382834211885 0.6621260958376401
0.546237159487049 0.530011410089449 0.5654861623985177 0.5656335009038627 0.5244294586769498 0.5582432275951175 0.5532902572301279 0.6027065949332405 0.6034594963120313 0.6301522095028497 0.6469631700971907 0.6652947821384407 0.7157187728723067 0.7509798330203866 0.7753038879195532 0.7656256012284972 0.7594289183162329 0.7456051624061312 0.7623288179003748 0.7287188500416107 0.727359055700358 0.7583561056095015 0.7725887932067256 0.7321135277169577 0.7587655546361458 0.7038306656968627 0.7080066332725926 0.6703286512804171 0.6740732065796626 0.6434263009182734 0.6479803532978929 0.6327207029983238 0.6552468099228743 0.6454923671735752 0.6700120471080824 0.6775976569714884 0.6562835673904494 0.6905993028914614 0.6946399051729664 0.698439780968621 0.6899540611878073 0.6525264409053045 0.6679928193094343
0.5403063449012674 0.5480223766652649 0.5297285848454868 0.56370102604521 0.5130688933058578 0.5158468654685339 0.5307516554598577 0.6170612604669325 0.6333745548451817 0.6422710768988346 0.6838035574471288 0.684598227563764 0.7429949228977829 0.7719743191192195 0.7560185818981731 0.7753151256174716 0.7874293489213726 0.7940669762510403 0.7844513628080474 0.7415272896559293 0.79239163374203 0.8042626932457677 0.7851652579470334 0.7287800749532009 0.7364362994609327 0.7036782608316026 0.6755658962383805 0.6946227516341485 0.6984318963507554 0.6899023494852429 0.6421121577450368 0.6750405754921244 0.6453320843461777 0.6640160111905856 0.629982607518302 0.6838583536678998 0.6967916452999826 0.7015530163768832 0.6878657300420277 0.6789296224760204 0.6733594276238178 0.6417207736684563 0.6141418164909803
0.5599750165363747 0.5430879316000804 0.5232724976606891 0.5315163753547482 0.521690040045638 0.5718451721107358 0.5653275365325889 0.6283947642795235 0.6485373700110175 0.6511789254464616 0.6687970730603227 0.7375450193121962 0.7642837952838588 0.733073663307675 0.7493374270937928 0.7357627085180573 0.7611467610322296 0.7492321489482426 0.7941127139111843 0.7806047557104578 0.7793570570057191 0.77221119156545 0.7168211308502545 0.7269146713188486 0.7138403528027532 0.6906889675960833 0.6491380071552241 0.6573329620538532 0.6593204421705949 0.6760743704091516 0.6523531259502586 0.6702881166788038 0.691952595559682 0.6694601812103763 0.6405617414574301 0.6397273272805919 0.6473534654867078 0.6710856148460455 0.6692838085517191 0.6877141767410055 0.6676806069875011 0.6617579461142246 0.6590683787138055
0.6271271537828956 0.6083443608402055 0.5879187874819118 0.5786148638365707 0.5766786698098062 0.5745842767077186 0.5938452501968124 0.6049446254036015 0.6435743147629008 0.6902650730975589 0.6948977933083853 0.7357834921205961 0.7275396943212693 0.7212027509032661 0.6917596075895883 0.695705676368288 0.7548246390401985 0.7175925981436764 0.7811654918791602 0.7772257713008279 0.734304204550793 0.7313109349841697 0.6781172133396066 0.6911475404959192 0.7016836918572151 0.6833488267746038 0.6779496839056848 0.6807778078658984 0.7004258953769475 0.663404156523372 0.6799993727361741 0.6676369894999025 0.7167774809777744 0.7033497490608267 0.6712970596549444 0.6363789934136712 0.6803762807515227 0.6788599512690066 0.6824416297610009 0.6549577714503702 0.66545163510233 0.675660862920435 0.6612702655890211
0.5719690738209504 0.6106514049730629 0.6130228464126669 0.6120789156182201 0.5731015309784389 0.6004755774883754 0.6464410832034067 0.634253024694919 0.6730920715530126 0.6897023450072021 0.6576161633330933 0.7050818872332568 0.6752891718024067 0.6770684708677647 0.7111184896487317 0.7140700654337274 0.7090787307143429 0.7092452420521062 0.7220594191934102 0.7402308240508233 0.6848369124993594 0.6890523428638113 0.679990425369655 0.6763307218739358 0.678519074331525 0.6509420517079471 0.6645086299976893 0.6973197301411997 0.6782167900683936 0.6480010371997056 0.671157442179965 0.6953827037207501 0.654737219642435 0.6561068398793454 0.6895264287984274 0.6682259434620571 0.6332189747724312 0.6720898689182285 0.6777192753693451 0.6649658869543491 0.6473339573634984 0.6430768845547024 0.6507582589107774
0.5603049359512211 0.5858234291757246 0.6250770146329159 0.5891730263686393 0.5884592259249534 0.6389355324917939 0.6318517457027291 0.6934081245777004 0.7228191750820648 0.6803284726443404 0.6583378431547192 0.6605626668042689 0.6937892434696731 0.661240210823559 0.7122137825468983 0.6809143745508252 0.6456016545636862 0.7112842193076531 0.7124681460098692 0.7343017958079243 0.6948632275250732 0.6508065971481215 0.6316372913570123 0.6913670957542648 0.6911640708307581 0.6803384589200624 0.6375427256081009 0.6291835231404221 0.6497561579037399 0.6652158273838765 0.634130782241593 0.6540540321113841 0.6615459534468701 0.6626164802069892 0.6540613355996162 0.6333134640531001 0.6038254036630774 0.6517092186585978 0.6769710964398914 0.6600593838876992 0.6858743301467429 0.6857565957261312 0.628276697049133
0.6179517607198903 0.6056882409397711 0.649344789231808 0.6558945348552803 0.6209191001672817 0.6213780925717857 0.6737055403984822 0.6863576528433124 0.7165373804718892 0.7036230943805367 0.6577295234885925 0.681316768175585 0.6950137750802102 0.6478942696115136 0.7073127176053173 0.6940611089654141 0.659255515987632 0.6798638542864576 0.6763474866263613 0.7023804574224797 0.7145598601757195 0.6872448663014176 0.6354350191570272 0.6442992928125627 0.6456876853378068 0.6479638856823352 0.611788856922213 0.633918848331279 0.639692225711352 0.6394913092702622 0.6558914536158912 0.6503806096545847 0.607717604746724 0.612874087650036 0.6265640462975249 0.6051310478572522 0.5827775799655065 0.6106307245372832 0.6425617422907267 0.6440043912237106 0.6422761468531242 0.6618289358347182 0.6336830707578291
0.5923089667694847 0.5939512749990195 0.6424931826890962 0.6641650673796158 0.6925877119970416 0.6391590826947561 0.6449818207289051 0.6821351207680872 0.6883339054462336 0.6732915903407701 0.6457613915675257 0.6444967740396431 0.6595804963251 0.6672687526553022 0.6513925804778318 0.6406758541997944 0.6602953190274968 0.6654503957699912 0.667685992837899 0.6278934673082565 0.6718426605629166 0.684751213767742 0.6452726232519644 0.5967288724250011 0.608079600619344 0.6106989790698182 0.5496904207239885 0.5668612129112274 0.6003650621849144 0.5743877122536282 0.6068670450796385 0.5897170286585339 0.6178242612702924 0.6252200029238475 0.6199715367778725 0.5687967739869604 0.5383508696098896 0.5559350218500753 0.5538763226133181 0.6022520173145844 0.6021093347945431 0.6247288446797262 0.6221136974170945
0.648512613309793 0.6348208374671048 0.6276925419951953 0.7026828526801149 0.6864157109166873 0.656160891850061 0.6864305834352395 0.6670057178125944 0.708365679196692 0.6979662594046966 0.6443040144541409 0.6530686326261487 0.6750882460474068 0.6412488411431574 0.6455095086073958 0.6554058207679111 0.6791064942174343 0.6551410391246048 0.6064865322376206 0.5941755957308416 0.5868502583926574 0.6104295543315844 0.6203102801930942 0.5661248427590331 0.5839785407699833 0.5570227670912501 0.4920964196745718 0.5220314590516669 0.5677493584962475 0.5608241159691826 0.5305336216086403 0.5462901612564189 0.5428748054703417 0.5973168368767727 0.610734192075818 0.5676259620234647 0.5565547081500227 0.5582151332922095 0.5278627533450665 0.5290087994061428 0.5770172732199814 0.6126696379140882 0.5926104329862208
0.6479643393505398 0.6304823568781965 0.6436961690118732 0.7041149566812541 0.7135252368666627 0.7089953177387327 0.6541515646980243 0.6848506039071461 0.6588361653300762 0.6526998231189044 0.7011137688292435 0.6869894878292989 0.6606619513821216 0.6811819683759419 0.6626591562699713 0.6447294741476997 0.6570166507750713 0.6183230773472307 0.5753832578949437 0.5746095374848316 0.5350098711102451 0.5831352680287325 0.5538727743019382 0.5778371035565797 0.5274634758938047 0.48171976010395967 0.45772207563303136 0.4617237413081722 0.5076558015604817 0.513523645097121 0.5174174501555142 0.5025193208629792 0.4955527065855413 0.5162056349471075 0.5526373951538879 0.540925251882516 0.5702073327848048 0.5628317037676028 0.494470435007523 0.4903257903367906 0.5585950233642952 0.5740650835648677 0.5499693819039485
0.6182633345332607 0.6705124607781143 0.6639948686562843 0.7096774837084718 0.7055531219621592 0.6891989855211476 0.7043698054711793 0.6698564840288236 0.6577270489516611 0.6732808205509372 0.6766671788973976 0.6532401351291856 0.645810224977424 0.6568638883540387 0.6462118553185452 0.6820793323598476 0.6836127767167591 0.6142337503807 0.5814030905622651 0.5698822932738677 0.5814409418707254 0.5913464683256282 0.5751520827061948 0.5427075009676189 0.5277839162168118 0.4591215934618225 0.47255414371191734 0.44839328777487436 0.44676367950149404 0.5028056911909836 0.48748778566603107 0.5007518988153722 0.5050138444713143 0.48462039411295715 0.48002037861228386 0.5206406486760496 0.5195193982992224 0.5442343988213934 0.51659057813406 0.4966056457116511 0.5276655433364015 0.5306091181572911 0.5380434918398359
0.6001540997043288 0.6463348353253606 0.7268903120514582 0.7180069427220668 0.7255482077417679 0.7024689462531373 0.6956958907981938 0.7039310638014757 0.6967675866931791 0.7132112162585147 0.662250087227094 0.6316777203808684 0.6259411505929222 0.6701118198819684 0.6285323780052766 0.6826903934730981 0.6614432018152729 0.5933692848053816 0.6060503799664817 0.579058733040125 0.6254228301149158 0.5805753453504479 0.5672139258325868 0.5524278958359232 0.5400016055400652 0.4752428000201228 0.4337770125030982 0.4559234611832521 0.4240055291157083 0.45060838264854464 0.48115773366866527 0.4400550494568129 0.44903832641760877 0.44191360258313095 0.4530772811234225 0.5227104203682806 0.542713203464925 0.5167470086319619 0.5015733896397151 0.4733976415524215 0.48138828040477044 0.5104726859972849 0.5053495019830089
0.6092643355594849 0.6811259601022732 0.6938420097805524 0.7141777107170192 0.7608858823099581 0.7483707685458356 0.707875865312054 0.7097486549466839 0.7135194263431861 0.7015361434651296 0.6813801794728402 0.6714876611169025 0.6748383711937889 0.6817328700833303 0.6286083220857932 0.6619478716841423 0.6352858534883435 0.6004968979640019 0.5961945211623201 0.597701771889715 0.5689654827352296 0.5836745735469452 0.5447771563385706 0.5484578834051679 0.4965842562541094 0.5002614717527099 0.46860434024320335 0.427869675527241 0.38705853049343164 0.4021334799578447 0.42788810947180084 0.44076378937645194 0.4397932204683285 0.4358688643911388 0.46155295357277987 0.48745085007239713 0.4703030144706039 0.48391589213213837 0.48063225939756077 0.4603779770426689 0.4876985843027045 0.5075778072934389 0.5451218803754282
0.6166597757204678 0.6411902520852307 0.6804745146955342 0.7190716148964518 0.7564858261435446 0.7229820196392656 0.7237497869593567 0.7211775784023037 0.726882368943061 0.7377529222147086 0.7034826408418432 0.7155346922529559 0.7159320119916456 0.688692421267651 0.6427680827791346 0.6478519618419668 0.6430452542193006 0.6279759260961869 0.5492265551748736 0.5975507179667161 0.5904100044594451 0.5609160145502965 0.5250495323196117 0.500019591213263 0.4707597948487639 0.4872790038272753 0.45270695589054744 0.4388216854735135 0.36022023610721965 0.401766197874947 0.4128139611466186 0.41939644868233344 0.3854889671344907 0.41516850480267736 0.46569757107969545 0.4916808294470926 0.48928561594861947 0.4514524312041059 0.49501742139317667 0.444228862699168 0.4381778828304092 0.48289604872968916 0.5131381118630427
