Raster_benchmarking/DGGS/continuous/raster-101.asc
NCOLS 100
NROWS 100
XLLCORNER 1743149.4229310576
YLLCORNER 5469286.589517048
CELLSIZE 10
NODATA_VALUE -9999
[rows 57 to 75 of 100, columns 43 to 85 of 100]
0.3349865463562322 0.3292024831656659 0.3041213425183581 0.29217512488035885 0.3049585969469838 0.3162379709548846 0.34173257865005896 0.3297940833189046 0.3244662487606375 0.3234538691170479 0.32791843918627506 0.33204767361179954 0.3507079753116314 0.3463352058652774 0.352813783990794 0.35092621139872066 0.35916067229300475 0.3760373387910284 0.3818156684810585 0.39681609348891694 0.3896345929494121 0.3803272275677016 0.4059955888541261 0.4214055975872267 0.4169187666004526 0.4121409631044893 0.405626389371262 0.4169584332543215 0.440319507816948 0.4450032226585038 0.4332884493037855 0.41931473377895656 0.4401687447819885 0.4324590932599588 0.429456518248022 0.4396512994932703 0.4650235376433016 0.43162321846384094 0.4306526166504497 0.4576478056595383 0.4450367966387114 0.4419215454468981 0.43482005487969955
0.34953545090314025 0.3340803136696606 0.32823678231011616 0.3159410911203691 0.3241429798277515 0.325142884535415 0.34186365698577725 0.3440162121164064 0.3363025879657822 0.3200747323922697 0.33626002538071503 0.36740353470562903 0.36543998076415907 0.3551024108236369 0.34507630424431573 0.35907593587480124 0.3788311153720152 0.3772362068785206 0.3940031928478712 0.39382807572150663 0.41050592254929424 0.4033204605530867 0.40232568643424665 0.4168008602057496 0.4172332832802344 0.40131819110516714 0.41010259107347746 0.41699654260510993 0.4163140902308791 0.420353835558732 0.4300488531642861 0.41233732320054134 0.4044603466940877 0.4140715404442638 0.42849918183247776 0.45929987286733176 0.4640755177565596 0.45191134726282356 0.45356722934737015 0.45120701602482755 0.4293856531870941 0.4429437412145689 0.44616968692040043
0.3376719782320007 0.33478317995505275 0.3189842120290243 0.3436201735422697 0.3568051568001627 0.3411496432356014 0.340014783771123 0.3216518249855687 0.3190404601769872 0.338585095711356 0.3477612315298711 0.37061321116542123 0.39950693757596983 0.3853414237126163 0.35325600600827617 0.34620930445332293 0.35465725099844847 0.36998933090089803 0.4044434181239165 0.40713796647060707 0.4183169299074428 0.4079079740162815 0.3894586722393925 0.4246745858989485 0.430543354371607 0.38199513259175627 0.3801792369538632 0.3844094851469473 0.42811191717413866 0.42126863861632774 0.4160946630841899 0.4007344916222438 0.3845893484555705 0.4048816284229424 0.41754433394944146 0.4400249464532266 0.46198921645102903 0.4709150667863636 0.46002050000783495 0.4260220411642125 0.4447827725909258 0.4224671286525109 0.43608642011328563
0.3490450225823729 0.3371780709294036 0.3123034068577685 0.32944777005070247 0.36429392343145583 0.3509122282477674 0.3350943150859995 0.3441902121633543 0.3259255889488721 0.3347320261320029 0.3533214930046625 0.3825168357122608 0.3647591085367684 0.36639090868535845 0.35486443884980806 0.34831747109989986 0.37429881609247606 0.3935935319760395 0.3980795945242592 0.3875591568714356 0.3780002787333824 0.3737946602315482 0.3990863607809033 0.4006837163738306 0.41099123696169915 0.388159266766664 0.390234400584839 0.3851648800069516 0.37810350210958754 0.36745193433327356 0.38034251554448056 0.39928761336857194 0.4047051996942985 0.4005726549241975 0.404683814333695 0.4171702314769667 0.43679784841536046 0.438936777751947 0.4513198143386466 0.42177780216642896 0.39784613296572346 0.3968592725804526 0.40830630737733115
0.34956769313314495 0.33234123301375845 0.3370039908790216 0.35053743345481087 0.3768685994128895 0.38147453653915686 0.3580930047125248 0.35610833664070174 0.312874557175952 0.32147016059643135 0.33634565891763146 0.3524382642583154 0.37721873410946355 0.3782526505478147 0.35349708431460897 0.3766006252909024 0.39482075226563496 0.4074396525118382 0.4195260993479385 0.40034702295505176 0.38076782808632126 0.37959192193081437 0.3718844643420335 0.370172568673765 0.4104986396580306 0.37324306802727353 0.3701631225069972 0.3726178667816202 0.3427130038253929 0.35497156238141514 0.3539124218306118 0.3830863900924008 0.37903595883166996 0.3911720965128091 0.39481230237099635 0.4209386652136098 0.40583171960708286 0.4185407084625271 0.4262617751186201 0.3955455603988028 0.3816144783662593 0.37252785697993795 0.3839393209836169
0.3439405446480079 0.35248151739430866 0.35342856989092486 0.36995933150543925 0.3888753394460886 0.3939139205465309 0.3624438521496272 0.34646466580591984 0.3368714042392359 0.3408354184108405 0.3294314658869052 0.33498501383957957 0.351727639388118 0.35805488734597335 0.3538775615993587 0.3626550644071843 0.4041605326576799 0.40797050400471496 0.43134598425134096 0.41175887619640966 0.39136863450056764 0.38995653445166006 0.3699644228593284 0.3696220709222218 0.3598004155161295 0.37784458451403463 0.35754670593782406 0.34843727427284243 0.3367384586726482 0.3404146138365997 0.3504338477800263 0.3534150448431756 0.3893175907514815 0.3905257047395498 0.41703279547367883 0.40271229170344064 0.41192248880728755 0.414751735260579 0.42128092759455726 0.38362030842763317 0.3682288675329081 0.38332505403171246 0.35634076373971507
0.3258699886249706 0.33145456817938174 0.34109349344498713 0.38169830290769763 0.395970928861718 0.38233126637169934 0.3798981684974297 0.3662482282977812 0.3185387867333036 0.3379947754101195 0.34329498058898084 0.33422479167309493 0.33267390800091196 0.35921025436986737 0.35717312574167115 0.3525640917420671 0.3812826893365099 0.3882508604357515 0.4258869762777506 0.4242004337496085 0.40136537411957085 0.38246809787391495 0.3824108403400027 0.3799783218056085 0.3466352990673825 0.36102982675570133 0.34061955213388895 0.351334230782747 0.3395856353150592 0.3525172176774933 0.35745743467347235 0.3576683683495433 0.3836585448093881 0.3981242222676377 0.40989211372926465 0.42047053412951574 0.43420665650213897 0.4224520737920581 0.40063565819839725 0.39680077265006575 0.3702891476895488 0.36552162620564405 0.37338089596904706
0.33319209691200513 0.33486415930601293 0.3440059357308823 0.3576785265124397 0.38364528176753565 0.39398392422613426 0.3931120775213758 0.35951875126711336 0.3566098553257797 0.32499873241336646 0.32417217044879465 0.3206879294027248 0.3417869784579973 0.3493199391174141 0.34741897482007394 0.35172404950552294 0.38560881311367096 0.381509550999144 0.39223905643483414 0.39847154135371293 0.4020759301121 0.3942254078302938 0.37102809891152716 0.3509728146556793 0.3424992721264667 0.3540641170676726 0.33459768812686286 0.3494045047317623 0.3764131481987745 0.36559451584538033 0.3573471866116954 0.3687728713707303 0.4004739928327843 0.4138664238819358 0.4036287464385365 0.43051814256518184 0.4297544327870629 0.41276759151997355 0.3873356184824631 0.37660423653967506 0.3765591721125309 0.37827847848490415 0.3550387835184947
0.32366814072308586 0.3477571916035384 0.34902774741052955 0.36906581228030216 0.3777525144213466 0.3969882701806862 0.37852683397293285 0.3815879829942424 0.3679473000288089 0.33159546139271856 0.31446818547554867 0.32175302524412086 0.3511931277528183 0.3372498378657909 0.34947791304839204 0.36862419419706044 0.380799466502883 0.37629854091083353 0.38265681884729164 0.4042887215725517 0.38593199857691335 0.3772974305476019 0.3624941248913703 0.3512776405701964 0.3734989416346834 0.3653195369090328 0.3481803218797984 0.3682709450828256 0.379524803675735 0.38859113904525927 0.3920924308583688 0.37342393744015867 0.39140020383190444 0.4112493701350925 0.4022034227023666 0.40372625003562435 0.4087580842918524 0.4132710467216162 0.3899656446486214 0.39562039364285667 0.38509788813182083 0.383042396668885 0.3498156896098102
0.3375454671936835 0.3476982797912719 0.3463028257441705 0.3601154180997321 0.3669106473358263 0.38813048041287684 0.4038736695026304 0.39766574626069484 0.38803259082402863 0.3346101118358714 0.33024753653607614 0.32648279301935407 0.34862025495578713 0.3394291619387088 0.32588941503086605 0.33213483713657477 0.3376607352231763 0.3646063958591991 0.3891293882869306 0.3928688399012035 0.37097763167624626 0.39455344519705177 0.3749425072729811 0.3687906705007868 0.3636997788564097 0.39382667176562536 0.4048527392048465 0.39951372902979376 0.4069933698278276 0.40132981935141904 0.39625937279897194 0.38153283890706674 0.3755000123766621 0.39365326094199876 0.386133685714909 0.39172393528676525 0.40755569912299294 0.40167042970842876 0.4213902992590528 0.4184237322554191 0.4197899706108659 0.3866926112280331 0.3700733502938113
0.33215734956295107 0.3427412153447597 0.36660474993743547 0.36744673313335213 0.4083611084006311 0.3906508371779124 0.4133357505605906 0.41231411667916223 0.3959800719431429 0.3409252860304596 0.32574525142569666 0.30843147776969065 0.32755855313154036 0.3263419461769759 0.34314227761057453 0.331041474210113 0.3172059148211187 0.34996126704077923 0.3711597078280477 0.36064632184699036 0.3618603742197106 0.38783576552563437 0.4131645362361526 0.37969155047016845 0.3891401547976594 0.3879538620558038 0.4261139923813441 0.42787687477770125 0.42539207391553546 0.4404511848815883 0.4274525241757651 0.40653129085991657 0.3682300496131774 0.3696529257940805 0.37342554718626975 0.38247006313079485 0.41287480951718575 0.4364614155344645 0.4318330726894755 0.4399087117244025 0.4207797349728633 0.3954112202609779 0.3910776270058769
0.3163590354353555 0.3458727255110616 0.3521286098880195 0.38617724126862696 0.39484091840199725 0.40260825197180644 0.3936457240587948 0.37550856953957906 0.3672276395015793 0.3542933424610596 0.329473668159124 0.31450613276719575 0.3089956964639515 0.3351667235549912 0.34680615006338306 0.3446858215114273 0.33520329102576096 0.34687989431325067 0.36422389182772474 0.35240607557048753 0.3628708999291077 0.3778057283760659 0.4097825956665043 0.3993680482613524 0.4079869950831845 0.4052853419312176 0.42664178528988506 0.4347281576098167 0.42130699371421304 0.4406290446360994 0.43592945370409764 0.39254528118920445 0.3898755340391735 0.39199801877389 0.3829536439247659 0.4108159204025921 0.4210080044440271 0.43897406274600587 0.42672446088542415 0.429865503080494 0.39871956360024 0.40487953259364023 0.3657124325900818
0.29280867094918933 0.3211474988146705 0.3662153189810686 0.370387985596751 0.3932048026117457 0.376596053554509 0.356462146269069 0.35413311418729637 0.33199737177605354 0.34530499091366385 0.3070116332838369 0.29958627015273065 0.32490375188023934 0.3386107339743237 0.33056321760979834 0.33324582975263956 0.33412834753783904 0.3598409245110772 0.3685291810633089 0.3740846997988511 0.379857328528984 0.41129922390202406 0.42266337676026017 0.4016406072472997 0.39874256886642767 0.4221569035557432 0.4304324070749552 0.41782941738956025 0.43720181014882536 0.44325306690731725 0.4254457730967198 0.4004757396440634 0.41820448807086197 0.4060773199411018 0.41927021523058916 0.42783104262778915 0.4489090031073563 0.4458816636921945 0.4303019451536383 0.4213040498948314 0.4065131860521394 0.3827714945671419 0.3848880850545525
0.2717062664589071 0.3232681798232593 0.3626936374553198 0.3682945556819819 0.36396512150169197 0.3465825708302025 0.33792138946512157 0.3491502365762661 0.3150469312464697 0.3169785516260246 0.31984134727088204 0.312314794545861 0.32488780866309386 0.3152444626867426 0.3168970559685045 0.31209572867250973 0.3449317466078499 0.3645622806540944 0.39015643191128807 0.39199069035618095 0.4202531308468781 0.4255335489191685 0.4292745769984141 0.4047080284892792 0.421655520793136 0.4143159736260932 0.4047334004899018 0.42109919640409255 0.4347290350670309 0.4021433640318 0.3939874323239181 0.4161905996572348 0.4118889402452091 0.3926033937591059 0.39976127638107684 0.43546889108117404 0.44584531668391597 0.42842681534596094 0.438420666281029 0.4196067488536483 0.3932593590405069 0.39361598784206386 0.38987596455440343
0.26047221795505143 0.29484273007113093 0.3226482784972619 0.34456071754866846 0.3678294065717742 0.33241023026023775 0.3171091354532977 0.3132824629475966 0.33214717092670987 0.30694775267600927 0.3136104836029467 0.2940276484667517 0.2934206302705623 0.28643963069578704 0.308912552110116 0.33675980956419876 0.33329643077790994 0.36497193646957926 0.3924633617965844 0.40493800326770674 0.4278617319201307 0.4078059798545628 0.41198035069905065 0.41303776262292524 0.45034387923879104 0.42005981530588676 0.3998704791032911 0.4024397414128015 0.40707587293861525 0.40610942651117843 0.38528297376474935 0.4028620901128287 0.40845245259655083 0.38164048247708265 0.3918729369703929 0.415915345231643 0.429025014066188 0.4249056901295557 0.4351236063801594 0.4277463341774238 0.4131953334777858 0.40453135378056754 0.3854751084794597
0.25081199561332296 0.2715263238136638 0.29426709597995904 0.33218880703814163 0.32200660224040434 0.33868050703799635 0.3083376956018676 0.30868159844571835 0.3068717458466378 0.3287646442862377 0.3353137445060973 0.2902133256898336 0.2783977867626281 0.2901141601766989 0.30109527514448353 0.3255044347356302 0.3529998599060968 0.3608910037781903 0.39559431218994306 0.4193963971441637 0.4354889734938052 0.4190970142151095 0.4160209905710931 0.4200032852681702 0.45511314857573687 0.43269997004095495 0.4325802915571377 0.39950664950174714 0.4098882190478321 0.4050027345778264 0.3766339332643127 0.3828072282112872 0.3854965260796085 0.39559178127184896 0.4153484966306946 0.4205516050816989 0.40794942783618093 0.42102607055950486 0.43665911196666124 0.41473920483221655 0.398214275519756 0.38327002599829757 0.37463886602425633
0.25113861675382865 0.27073930510098154 0.280756504333857 0.3178093247847906 0.3127011447833778 0.33406612383190865 0.3263906988493259 0.32394639337686126 0.3051493695548001 0.32756598012943955 0.3362895617131369 0.3144293781588228 0.28832641820423 0.32155640253377604 0.3271997873566786 0.34034890858167616 0.35607069751635767 0.38797983879639414 0.4097917239112649 0.4322388349992461 0.44108394463310296 0.4291548116494113 0.4171053218948202 0.41921903417604106 0.46112539179680384 0.4488653397292517 0.4278805021682028 0.43264686437857014 0.40886495950656965 0.4178192899260968 0.3994904795701804 0.4113966684349747 0.3825635090039965 0.38239861523811886 0.3943468921275613 0.41456856812889625 0.41700464919603186 0.41535602935309796 0.4263067853322188 0.41233785784839017 0.36827713659641037 0.35445451156110086 0.35137579570802496
0.25494254484174866 0.2739037085034664 0.27688693295992367 0.28527747903371303 0.30012781624265655 0.2946465822341855 0.3360493676509577 0.33168408808942595 0.3218038176345826 0.3310802414913848 0.33256132955842493 0.3048226810125653 0.2874327308348984 0.31278575195630837 0.34722527671314757 0.3534883155775918 0.38195836511171494 0.3707274614161747 0.401569970542004 0.4044085990994781 0.43044753559980364 0.4371775414278279 0.42082599067327187 0.4409737512581081 0.43367227562632593 0.45153953248689027 0.43444925041022014 0.42075864508213745 0.43776615458355284 0.42553624627233694 0.4093507053231278 0.4122135774201676 0.4110693955338653 0.3863104467427812 0.39025957952630663 0.4149690059579915 0.4323351701809877 0.41482241823617544 0.39039064528683565 0.3864232557365465 0.358234136404842 0.35392838045225516 0.36325306570395527
0.26705486217151597 0.2790782998033312 0.29415379804713265 0.2802012011684404 0.2751849404188072 0.3114977954662643 0.3237266696861779 0.3360896525750841 0.31998604604811115 0.333226492148088 0.3314685415509121 0.3061029720521601 0.29229883268038037 0.3047436673805201 0.33011136652432205 0.3424397892216604 0.3884590410815354 0.3879632678388527 0.3861671531886256 0.41957439747060676 0.44209473156887014 0.422591926924618 0.41551986799284485 0.44912164015884887 0.43679322092643263 0.4283052850431445 0.4505645002628672 0.45370518963898715 0.46508818622342024 0.43179479270602433 0.4509159026051313 0.4209943466517555 0.42060085015205223 0.38679839957173356 0.3754613570532477 0.3853320816384217 0.41047878022108025 0.41126945769676876 0.4037027370293107 0.37402177322359154 0.3734413093763223 0.3675310768724521 0.359875919655517
