Raster_benchmarking/DGGS/continuous/raster-263.asc
NCOLS 100
NROWS 100
XLLCORNER 1743155.4929049243
YLLCORNER 5469295.27957119
CELLSIZE 10
NODATA_VALUE -9999
[rows 76 to 94 of 100, columns 0 to 42 of 100]
0.6353316503676988 0.6337436149624405 0.6572276408748035 0.63968975508025 0.6115910557705317 0.5624050512765028 0.5420416662923099 0.552874552606379 0.5224613998372096 0.5507267005774563 0.5994573897485422 0.6130893353533408 0.5690276010085505 0.5856607773461325 0.5308259052455201 0.47285989481932067 0.49342599417986305 0.4981883998702818 0.46466389781453193 0.47088008684047106 0.44574436237895126 0.42267331910510625 0.41017872703975167 0.4057129288599568 0.4068352755637218 0.3537960874558454 0.32282352884773596 0.26853550969107703 0.25143658234980404 0.20187962579377697 0.16015103682753662 0.14494734330453837 0.1522899849939861 0.16243842898971605 0.15335049195184958 0.08997441350879211 0.08699230377270643 0.10426265700199581 0.11401533182194945 0.15216425925740193 0.13533625875931987 0.1667659577245638 0.1824745839988916
0.6069277659930306 0.5968069496889585 0.6265535173619943 0.6293515242148138 0.5870427779325064 0.5584096623803513 0.5578690855439988 0.5682793316415484 0.5686962995975017 0.5736396821647721 0.6282397188677672 0.5976200590818174 0.5773892919786845 0.5305640254939704 0.5033353610429833 0.48083382104238304 0.4749533678155593 0.4820390140822838 0.47357200110042696 0.45888240942273384 0.41023054427053796 0.3995095668256007 0.4459889765589484 0.42268575870330904 0.41339146800504295 0.3660087810378202 0.2621403392775436 0.23488061925740003 0.2567574810400895 0.19974716975661544 0.1733132187364155 0.14119403118635968 0.14982538439381884 0.14997833949801453 0.13407213710353666 0.10331141744243212 0.14147361078910914 0.14164607689994052 0.17354824463990934 0.16854987410631092 0.18974889930295252 0.188662070411047 0.24651174764831102
0.6309428803578085 0.630448672390428 0.590753317126635 0.5979587261839805 0.5925160765210831 0.5732802722150496 0.5777213203277338 0.5375917616453104 0.5481938856700586 0.5511830766018194 0.5660957310499418 0.5629343442176855 0.5434267488522279 0.5344917371622814 0.49548203974821575 0.46872322859591903 0.447391140887461 0.44146354651355285 0.4407891895575545 0.44524995743692136 0.4455927572378143 0.4126308099057843 0.4178214105272227 0.42613004708934776 0.3739302431186808 0.3680377227675233 0.3000620678560317 0.25501523031344336 0.23871861825265173 0.2561540348252651 0.21372679159132005 0.17689634561356768 0.16667083584057257 0.13966519838151148 0.12169392892475651 0.13849178035705298 0.14401441067700488 0.15100791484020448 0.21247672098602916 0.19879849438365438 0.23462790281387105 0.24097883726122696 0.22090380661877626
0.6311222419710093 0.62711921714675 0.6208618094319037 0.5867046748442699 0.5589961193751454 0.582040597638895 0.5370020640025244 0.5690966313903605 0.5506954148780984 0.5402530702639494 0.5456544792286022 0.561107509162258 0.5292438326701212 0.5234479656553367 0.4969131835173806 0.44647742931163165 0.44654192377065066 0.4557916494238101 0.46683544834017976 0.4418381222507977 0.46994647347948365 0.4249132972715517 0.4246251506517079 0.42202015349306643 0.3941576268376181 0.34730074379058773 0.308447666261102 0.2737730342949282 0.2921603027031116 0.22742297447531634 0.19545883288260563 0.21215418330919028 0.17682594610796795 0.1983827391832471 0.16876779229539154 0.1540319606753585 0.1623146457883648 0.17255791661718328 0.20743453983124646 0.20531066278948856 0.22920081414455762 0.20475900759749902 0.22864983735913202
0.6004859404787598 0.6179263134470353 0.5661886709346771 0.5653032521586451 0.5414705830188132 0.580095548702537 0.5970191768308264 0.5921495511740202 0.5636417417937747 0.5991779528437009 0.591918123958618 0.5785940140592241 0.5315353844528176 0.5300275645005809 0.4705040874186556 0.46907840895326847 0.463869220966955 0.4698056063858474 0.45352888851064804 0.45803609709657483 0.45403180804384835 0.46122081300827883 0.455700113508804 0.4367860617220211 0.39214231106801134 0.3592643056004761 0.3276182400539561 0.30274517491493447 0.25621605228611005 0.2641444898830103 0.20619707835701656 0.19855694293503826 0.21296681130162626 0.24147320030881417 0.25801909948624646 0.19816014852935085 0.22269489701513018 0.18445214509840316 0.18708936138797205 0.18613629911330645 0.18275093202361728 0.18029087514157763 0.22520104778958247
0.5939302795693175 0.5749113824646751 0.5629826762025011 0.5583837768717536 0.5782711400775451 0.5700185413748905 0.5806613365654822 0.5889626776989708 0.5820693452052614 0.5948703376720142 0.6353637018834749 0.5463260994575789 0.5165358859987106 0.5135288517370588 0.4811533741277695 0.4726881280482577 0.5208173605853746 0.4756593418952592 0.4917207731499769 0.4480166891321772 0.4549748405527242 0.44774810426916833 0.48021933094680214 0.4299529836596861 0.44854296989770237 0.38243350885941635 0.34122489854142607 0.3384899677017848 0.275512516740973 0.28933725499610446 0.2638875541842417 0.2532229949939161 0.26036836751011594 0.2700258676702972 0.30898394733134965 0.3032553325882875 0.2676502201806789 0.24940928463163115 0.19344537342453189 0.17758343775743266 0.17055844060974115 0.1522677040289548 0.1565082792904733
0.5988390190573741 0.6319295058132363 0.5916987407797593 0.5726699330990103 0.5814370403599592 0.6252163685846623 0.6051926929945999 0.6195250153041603 0.6365284452160482 0.603773277325217 0.6047847690227057 0.5343251431803098 0.5396773409096085 0.5371220264636808 0.5126626360342977 0.47676344930548153 0.48422594379769845 0.5069755269536534 0.4545607156055261 0.45203528953713246 0.43694293681407237 0.4375158938153135 0.4186800158229502 0.43020939022800614 0.42558151511739056 0.3637287646050433 0.32986265272806714 0.3445446781609237 0.2872302085970787 0.30113354753168015 0.28364293636214205 0.3148032270720378 0.29516384238328564 0.2869085988054775 0.26820672928468925 0.31789387938633196 0.29052456791275183 0.25603455904465133 0.2143631468089568 0.20822182659465194 0.19976242187475143 0.1864505526667447 0.2333572188986921
0.6735974067955399 0.6210951903610499 0.5981315592268766 0.6297819529635057 0.6109878287064846 0.6127486908763443 0.6144001699729038 0.6026478297912699 0.6230595764191459 0.59458860737482 0.5512182504450395 0.5432655260650654 0.5159602539968777 0.5294519281895071 0.5176050333217893 0.4908291879597587 0.4808124710440614 0.4600266880732949 0.4676959082498905 0.448136940569807 0.5051374399109825 0.436835518745653 0.39432785064818804 0.3776919123965683 0.40739408155573426 0.36317532257055146 0.3421830221362718 0.3337687470181046 0.3276365830902725 0.34255403460867906 0.311366742771383 0.31941537857026564 0.32640198727280545 0.2726251165094178 0.27782016272321947 0.29954639251673587 0.299028161129745 0.3095298205896824 0.29387219876165777 0.2591038290491636 0.2565104893478617 0.22358212733551847 0.26555208340626546
0.6207863998742721 0.6180996460048045 0.6651621525747121 0.6507606896891469 0.6500679694215789 0.63387013284653 0.5864418369462576 0.5834321844650368 0.5830876310016784 0.5975000078690748 0.532080668007954 0.5059448463233096 0.48982564752637064 0.5108763872288962 0.5059665068059537 0.5098336797566498 0.4815324440121891 0.47456502339574697 0.4539805219448296 0.48161373500289983 0.4858209471083687 0.4319143856610541 0.37140744341464865 0.3664677753965958 0.3775522475300983 0.4136627964120964 0.37198600667108367 0.3524461265003977 0.34092681604114866 0.3194063006033521 0.3005625714872084 0.3280335075081129 0.32615363127560726 0.2793753736966939 0.2790172781541843 0.28819792596422766 0.3068983587784243 0.2950063006879911 0.32332146845925036 0.29779163604638675 0.26757541953981173 0.2896967067664309 0.2790393042388077
0.6316148596023635 0.61829661238782 0.6872741099421609 0.6659573189441313 0.6174275709658734 0.6281020607042139 0.5991169851246971 0.6009524501941739 0.5926427892830525 0.5732165726047044 0.5353532402246597 0.5211810374839929 0.5087675976006892 0.5133877340049217 0.5922747770432407 0.5618445117391326 0.5260391816750836 0.5270192488999222 0.4838873140524666 0.5016095369462095 0.4646463599699094 0.39664832601102357 0.36341082772644584 0.3851859433169858 0.392172212426227 0.39600488521548693 0.4271783085354937 0.4207434217007308 0.4057507945914125 0.3511395804444681 0.306465603935967 0.348342876311818 0.31546901319688947 0.2784908689498503 0.26013567970730905 0.30500367741466006 0.2848968402652472 0.29587299928178423 0.3190874758025785 0.31603463587609165 0.2993674613389677 0.26162077627554886 0.22088383036810186
0.6267928415614619 0.646712696524539 0.6346750046166757 0.6494584695921702 0.6233673373988075 0.6020258292424028 0.5909971895847228 0.598398792155478 0.5739430502036761 0.576483798180529 0.538385138881945 0.49737053609833054 0.5414873899301549 0.5321906464007341 0.5912035813759429 0.5805580485265327 0.5264916150142978 0.5467935127205992 0.5032521324036602 0.4696747310702753 0.4801532793076324 0.4453006258988434 0.41450022036827544 0.3637473293725232 0.372198224262603 0.4006293535991297 0.4020803242178873 0.4049808041627018 0.39132411166511055 0.3807907586205844 0.3694898102528172 0.3373291491178051 0.29673955750563846 0.28678187035990604 0.2999960091603092 0.30548656772573485 0.32483299804049764 0.30777605343934883 0.32453623056544284 0.3013693395848308 0.2930875084929605 0.24971800418700912 0.2550654167187305
0.5999922124778062 0.5881686625256626 0.6036232223896532 0.6199346619432985 0.672095374722612 0.5926368384318511 0.5776178673589457 0.5722478178086705 0.5706123708176732 0.5209320548713005 0.500417924874909 0.5231483769972645 0.5516686437954812 0.5572516815404955 0.5682503850727771 0.533222077900509 0.5225678815450535 0.5384344877780118 0.5341871125436599 0.4917903695057637 0.4641707285867652 0.46307692659488986 0.41240049468131024 0.3692913617348283 0.39069410616638367 0.4214260421807569 0.40493082173068695 0.41215916948357495 0.4101120056945992 0.3473354667180463 0.333597118067119 0.31724732531136646 0.30684924596360946 0.33988543408126876 0.2937395584752797 0.3227356142805087 0.3536176447725537 0.36672517725307946 0.33155138112180366 0.3248683964731496 0.27378638724421855 0.2374601915090169 0.23528704135920656
0.5892266640180215 0.5863304341272078 0.5968914573398677 0.6473643233684373 0.6256816265999049 0.6043708396840134 0.6178928895594585 0.5979418231775427 0.5448909132175587 0.5345399221828215 0.5453500488591159 0.5088766638675729 0.5057840584994345 0.5355541451863124 0.5654325958657057 0.536325150405002 0.5360154778518433 0.5217512079733182 0.48990161489257694 0.44856494846038614 0.4458383910267472 0.4351547374075451 0.42690316542898366 0.413271442431481 0.41989782851727964 0.40056310534044437 0.45351058008006584 0.4445793110719425 0.38434345225424726 0.37419639039236585 0.365799636586476 0.3496446167476794 0.37808643599756536 0.35315155688718647 0.3554769582040497 0.33824928463485404 0.3784603187392455 0.3645011667790811 0.31003018628914464 0.3063615498707751 0.26220723464086476 0.2624713933636042 0.242014805097658
0.570707713314133 0.5717367736733424 0.6170999373452888 0.6126093888309437 0.6107928605958537 0.6028551999938808 0.6453179462724183 0.5672348859367807 0.5344628633283379 0.5188421818022906 0.5296840708138264 0.5447484211110677 0.5400276717882996 0.5241230032212542 0.557554325274183 0.5646993440297047 0.5368241775284383 0.5309303797291144 0.4887251198364645 0.46808032561703644 0.427381228843056 0.44742517982449653 0.4264193828466425 0.42557271771255606 0.410675232729605 0.4566028007748898 0.44776105334101085 0.4352847750556282 0.4058204466227704 0.42296814304985264 0.42540066772635643 0.41657365151851766 0.4051406516718906 0.3542557227103009 0.3372289436069361 0.3652915735121157 0.3397781499140773 0.36614367555222144 0.3216927352172618 0.3095712807779026 0.2836587163648768 0.27430459814239017 0.28480237484545456
0.5068550854833321 0.5527829692344188 0.5534980443355507 0.5915955009227778 0.6138263673024317 0.6130300644474651 0.6222386103119519 0.606696302039103 0.5478390211726705 0.5561788946282891 0.5569376374473339 0.535651180526838 0.5074263520795769 0.5511557246575892 0.5683810295264661 0.5327937720522115 0.5332720694723398 0.5079703815249076 0.4763297363195631 0.4604272807856909 0.4447564834319301 0.44366082332053447 0.4337983341843119 0.4594026160067117 0.45533741813479484 0.453095086893809 0.4275792301645733 0.42553024910850323 0.41177935903442486 0.3950412068370514 0.41646901130132163 0.38280516574231654 0.3564849083703205 0.35802669600172027 0.3708882154583934 0.3488616054764517 0.32844784851495135 0.31836481507130965 0.3046410977650671 0.31673584301118146 0.3334082866777702 0.3163738937051161 0.3050395629728226
0.4883240245311621 0.5262429665472866 0.5554409076402006 0.6214855547300885 0.657236000514826 0.6337745279339727 0.6113023034375223 0.6041689345731683 0.5455721945088856 0.570455227341379 0.5510989569559192 0.5045701903218149 0.49953734629975166 0.504647691072662 0.5173604246141477 0.49724054175173815 0.4807756972872857 0.4853356490477036 0.4182061633094788 0.42991420974410655 0.4564313687662556 0.45652330462080987 0.44402954637612496 0.46491365582982846 0.4384799904227684 0.4507009027443179 0.4251300402134358 0.4225162102853988 0.42973071564132537 0.4100855700276253 0.3976790390263698 0.40565097291501184 0.3689527443053368 0.38808703813536205 0.3992286534586068 0.3718722666837789 0.3487198049544168 0.3321895806327213 0.324769238280554 0.29294814491809656 0.2963402584413007 0.3183187257148796 0.3422130455994705
0.5335176553870431 0.532873897583873 0.5451986505190748 0.6224837685304522 0.6421030931239357 0.5981192352665295 0.6209021543370555 0.6220810464128723 0.6002494497078971 0.5255718588899556 0.5131931064177685 0.5157856000261467 0.4776836209347235 0.46626729162125924 0.47754557522813545 0.4949004984165073 0.48045581112501073 0.45201832397633374 0.4183904334513035 0.400545629267866 0.42622403602817566 0.4010419739538166 0.40327347747577785 0.44016900235035084 0.43248627917645416 0.4269356686636067 0.4611712516362973 0.4674527505599839 0.4253331972288356 0.41601407293336196 0.45173121292931673 0.41277474149834553 0.40447665972558833 0.39869495586410636 0.43758883880893396 0.43197611707217515 0.3874683452369038 0.3933556073100179 0.3466767002261194 0.30992544898999486 0.309808659957639 0.3649556861894242 0.36365505405457554
0.5289746598089774 0.5503284803444157 0.5665430698553247 0.5932926171691667 0.5953234940019453 0.6076195257290844 0.6136524464298141 0.6312925065700656 0.5975058088262084 0.5324904042723251 0.4943283727104501 0.5231766199530709 0.4604128833419006 0.46881952682982786 0.4996503248596458 0.45720654711941144 0.4794494441906326 0.4257692839542079 0.3548019210564576 0.43354347669175 0.432100739744903 0.3871691478685918 0.35277043579610123 0.3853009898279237 0.4365694817736209 0.48756394615467763 0.5050236214784094 0.4929719975470411 0.46821377925632235 0.42821017301547654 0.46504754771121193 0.43985030706441863 0.39664919609346316 0.4391627608535715 0.42666752921606216 0.46923932865750206 0.44901005121648163 0.4436485785432803 0.38826406888671255 0.3533373624259239 0.34950294060747233 0.3564140444638515 0.3744604061813379
0.4862459509170631 0.49933480853284556 0.5202968634197463 0.5505149698497339 0.5770539543682395 0.6201339112187841 0.6362897720297825 0.5871033681328933 0.5755285688580535 0.5242343026640307 0.4945555570143729 0.5220343214350515 0.513163427163397 0.4812521033250995 0.47344544084147033 0.4589001096900554 0.4471641836343213 0.4526590835562554 0.4451346198307274 0.431129988789496 0.4199516799028844 0.40391561600764797 0.3783570321094902 0.42661450811272833 0.4374453792032795 0.4850566516660925 0.4561058466035282 0.46079124886840145 0.4475994112673689 0.48274615860704384 0.4996666029541878 0.48835422936572087 0.43136830847066865 0.45751771324629203 0.4819896464437258 0.46612409867254845 0.4377994050253671 0.4490131372550984 0.4428282650423527 0.42926106742778747 0.40055040627432165 0.3867060181706988 0.41868069110256145
