Raster_benchmarking/DGGS/continuous/raster-482.asc
NCOLS 100
NROWS 100
XLLCORNER 1743150.1931418998
YLLCORNER 5469292.0501735415
CELLSIZE 10
NODATA_VALUE -9999
[rows 38 to 56 of 100, columns 43 to 85 of 100]
0.7231143200953062 0.7191298761621157 0.756693872579788 0.743024262679471 0.7334215971068238 0.7178453448820845 0.7061493365315101 0.7419661334987139 0.756724186430698 0.7597826374488217 0.7540244584466742 0.7389920416981552 0.7429472990084761 0.727269756325911 0.7162570975094621 0.6821649454921138 0.6847901858202792 0.6892613850530268 0.6626431541349317 0.6942929750622036 0.6848437973587107 0.7161735187005903 0.7042055862815818 0.6851200793431065 0.6755597851351229 0.6776749334270583 0.6615484583955817 0.6813445395948913 0.652670428674343 0.6554151578728171 0.6451112989064497 0.6329775656944826 0.6070404780239875 0.5965484368676457 0.5765151448079924 0.555624020566397 0.5643809757905369 0.5601962441545693 0.5337682938067154 0.5012167917465002 0.4614514745733141 0.44761555061434505 0.4367880746744654
0.7371716532750452 0.7433305519830636 0.7614336196274716 0.7739607245139363 0.7515937792961771 0.7533825836808893 0.7562493922445315 0.7287502708551685 0.7426811810308381 0.7258197310358616 0.6955370129479749 0.7084482344400295 0.7321523578905681 0.7097623764275366 0.6783672563092229 0.6788853520111973 0.6848077261551534 0.6871849530016819 0.6687623452219256 0.6585747616655359 0.6859600750896134 0.692453383018326 0.6910303777036081 0.6860507436960489 0.6551210659785525 0.6618759752033639 0.6784644848061299 0.6772793173480072 0.6489932709188296 0.6760389863623987 0.6371779853139169 0.6335748122060032 0.5955266125734836 0.5830461192045994 0.5709724224240927 0.5711384975746909 0.5548480552504427 0.5446466748818324 0.4879703185811962 0.4531991180475053 0.44222648146434795 0.45092383492352117 0.45040933045710185
0.7686780502063538 0.7709388999583368 0.7799508887403876 0.7854594530538097 0.7813481659262569 0.7497934152352521 0.7578962491142684 0.7242668342361752 0.7048935625220942 0.7068449708240925 0.6860777002717824 0.7006301231362859 0.723259800045598 0.6805766774516793 0.6790196837747249 0.6855111977078246 0.6634441401985331 0.688630723189532 0.6786543672439158 0.6557198180311651 0.6913488290023296 0.6504137062175317 0.6382880225061455 0.6695421374230449 0.6642562623369065 0.6288937145327285 0.6324497075233 0.6444402095963583 0.6751146012351428 0.6753631684176902 0.643975046093623 0.6185514507429344 0.5874890261743967 0.6044233554646506 0.5885539151724745 0.5407848807060112 0.5257022743696982 0.505486378520876 0.4714702774837735 0.43529182606079064 0.42928169704187863 0.4425835727448276 0.4134306925580941
0.7235365481170785 0.7699080289931931 0.7851684894002599 0.7661842276028475 0.7862813732620877 0.7473709978221488 0.7409872202326782 0.7467711820383698 0.6981217774058466 0.7072061110460621 0.6649212471685807 0.6843553068554841 0.7032424537923485 0.683553003328295 0.7016124044404095 0.7022942373031961 0.6952780024513572 0.6450911962895326 0.6411115663598437 0.6566875275598644 0.667304937309302 0.659025283412449 0.6439212407491238 0.6113600669718764 0.6021057855131875 0.6224525469698338 0.6372508505106577 0.6391411455009199 0.6729582945820036 0.6451226387843375 0.6482889877814512 0.6236789540964717 0.5885073669899654 0.5717107503562486 0.5506024355283627 0.5461813668565954 0.5117392387749246 0.47982976730456 0.45440734994931903 0.4248211514452451 0.42042318480882634 0.4003443324244634 0.399869646573275
0.7164851896045887 0.7503877486721806 0.7488200879438106 0.7621826639899708 0.7740268604299848 0.765974298386151 0.7397816718356687 0.6998817730615071 0.7070194460697754 0.6737314029112614 0.6581664913371991 0.7030719982133612 0.6923481102114387 0.7061927654251644 0.6911675143676601 0.709919823108937 0.6915025916178622 0.6759503163225776 0.6378132495198403 0.6381792767802497 0.6403210372008983 0.6252388410554894 0.6179231806159132 0.5970063652991067 0.6019186145387425 0.5884089734277986 0.623125525915012 0.6405697112046155 0.6458028700185173 0.6304860994843148 0.6515149332321227 0.6024001403734527 0.5552580675809196 0.5199556701332484 0.5013404259590105 0.5063724850027497 0.49883408248880423 0.4735331911056518 0.4594060493477504 0.4208920891693668 0.3956847269646323 0.36135649784998614 0.3590638997704097
0.716733202921579 0.7593626610209671 0.7582840405104011 0.7704033471534383 0.7640977794916913 0.7341908662086953 0.692351402580741 0.6701088390623599 0.6586533520283933 0.6868410625033876 0.6799852043562797 0.7043974921146066 0.6905764398876536 0.7107493170968515 0.675310874693686 0.7106516786554508 0.699439490239763 0.669189545507236 0.6449792430587772 0.6383098377145936 0.6539334518314729 0.6294513886590097 0.6173703837212232 0.6232017618805696 0.5828537891618868 0.5971488474314633 0.582557431521655 0.6086296489115438 0.646435952028541 0.6474182779660658 0.6270586724897912 0.6013716163559432 0.5849307698246237 0.5264490150847185 0.5222079427580748 0.5034009133542767 0.4766221389342059 0.4765556511841002 0.4573691273064584 0.4028502023439728 0.39148408958549724 0.3376092645817603 0.33956707508917633
0.7317835527187441 0.7231194294490586 0.7525606775364557 0.7546726952801636 0.7354268458276461 0.6893938770144901 0.6568689553301034 0.685136474809826 0.6612119653703321 0.6785158354621347 0.6781181339229789 0.6755069448153767 0.7083131622642941 0.68914999740236 0.6701171088633565 0.6985357891998145 0.7118031336605709 0.670478118618589 0.6539331043348784 0.6220871102244293 0.622447678510115 0.6214067008847294 0.5968687300522015 0.6100483183641124 0.5915691065212006 0.6144208028291979 0.5898610882129711 0.5984382602674394 0.6226997100312688 0.6331138436725834 0.6156696977293721 0.5791857836660155 0.5698858088626015 0.5450782825292048 0.5072934902618803 0.4721682791787471 0.46368342703399984 0.4685804076496327 0.47092312720627133 0.4089198409617459 0.35706436409987685 0.36211913463202633 0.3250299961145687
0.7322254575948601 0.7277061695021427 0.7382822060970518 0.7413497558985767 0.7499389158892156 0.7109729266385051 0.6797122602531207 0.6924790101158141 0.661976120693226 0.6714853479614645 0.6979256509359909 0.685360056388055 0.6768115738999666 0.6669243825170277 0.6509669487668283 0.6979754946261377 0.7044431474952569 0.6952850243571677 0.6552091665319775 0.6360197812907366 0.6393825504555646 0.5904088806291141 0.6119927723354434 0.5955944953164867 0.62685673466769 0.6209590592779466 0.5975630639223241 0.6094269862532056 0.5997719855838615 0.5698626120265271 0.5765442647846987 0.5533251738305399 0.5549106090968542 0.5067055954216436 0.49242145637510215 0.44844255337630184 0.44791765619079765 0.4295858107013139 0.3950685697903895 0.36321673849393127 0.33900108107313126 0.3522533425945959 0.34874963239640994
0.7539516985049736 0.7498933069237399 0.7344216288029012 0.7263610848291256 0.720448020108569 0.6926303481022018 0.7082366967118017 0.6787623364632522 0.660495324268316 0.6765323472509115 0.6680009872454197 0.6608376441545344 0.6534064636218729 0.681188420808565 0.6404700145743675 0.6753824553485963 0.6894033506914334 0.6663949805061572 0.6465339865544912 0.6267591632157666 0.6365748750111234 0.5908078536489745 0.579182021587996 0.5788274010749759 0.6205468525793297 0.5907389570298381 0.6026747900594258 0.5678208476490894 0.5453775012147728 0.5463569267571385 0.5856480843289489 0.5434260764034266 0.5340423689943959 0.513244165678179 0.45323151605010226 0.46826154025993966 0.4616894281247257 0.4262621662662328 0.37928742192392995 0.36085886823831415 0.33081015068556646 0.3116334643176818 0.3261901296131408
0.748190642693834 0.7306381535462174 0.6953025592649698 0.6873127736148253 0.6929152986073982 0.6830674777382144 0.6931467987301958 0.649016843962496 0.6613105318160681 0.6243214267363404 0.6407474370363825 0.663317163322728 0.6760400270019127 0.677380471471828 0.674732023295117 0.6698883913647391 0.6632645984145731 0.6522729075340117 0.6586588480656902 0.6167148551689874 0.6371366147695695 0.588324323510635 0.5801353041927069 0.5746983583092246 0.592878816962605 0.5829491365090411 0.5971781584009456 0.5813461913327371 0.5472803678191408 0.5351965894292086 0.5358721568312331 0.5198645784619981 0.4856314538056509 0.48647962933540984 0.43162969672142437 0.4245252815545815 0.43111047225911847 0.4189337411808858 0.3631967697981202 0.3695694189578147 0.33338253905927534 0.32305783504587926 0.30573890153970396
0.7350393444401232 0.7245780519220509 0.6989219227481576 0.6841986062627082 0.6872916160851945 0.6633693594866654 0.6516111227375964 0.6593794962728136 0.6259559117777576 0.6108478731918461 0.591823170029009 0.6415723939473139 0.6568221187346581 0.6564668889265609 0.6676819978177836 0.6733319696257402 0.6966146630099217 0.6489501754262884 0.6364849037728683 0.6358586939506037 0.6364562374764106 0.6014585047504711 0.5822833566376766 0.6069095356221713 0.5940399032515717 0.5655078988675208 0.5785761255643483 0.5550125650210828 0.5513779619342792 0.5096699278266262 0.5274781965029095 0.4876132184763713 0.47454631180819745 0.47262518539859966 0.42976774742990054 0.42061603339769216 0.4321025752175083 0.3694015629911396 0.35408664500969955 0.3640269492917772 0.3284644163954395 0.27388296690361247 0.24385640622185953
0.7235921829574128 0.7210139912389957 0.7110937523238181 0.6816268950339532 0.659708948479469 0.6365769319762392 0.6393800375980899 0.6300486276668571 0.6062189774778838 0.6126220297394872 0.601819412647591 0.6114345211809923 0.6012388018907913 0.6121834893066023 0.6166143952858469 0.6614448533918408 0.6716685814635582 0.6501502448833766 0.6544053342403473 0.6218566598475231 0.6162619193273444 0.6228166564085861 0.6154174554437748 0.606894377994695 0.6115891761795895 0.5807782505826997 0.5827772959911339 0.5873846465849962 0.5514071047158089 0.5126094810800044 0.4922594135515702 0.4817252920604478 0.4634219335088736 0.4592062744052012 0.4540056532862293 0.4496739977000169 0.4249756774194563 0.35974260840213634 0.34776139932727185 0.35036795810338106 0.29962836538733706 0.2882865455792272 0.25443496668833654
0.7155657033317191 0.6781273169776993 0.6646114841897083 0.6444826520902989 0.6444216872165475 0.598572715816254 0.5996546019068929 0.5978867469248529 0.6240718252812048 0.6144920162303318 0.5640807526729358 0.5758495261804686 0.6060623222801219 0.61249186097319 0.5925081128877818 0.6046721038876468 0.6402697898908282 0.6395864042526063 0.6629177896574571 0.6151112370701827 0.6333958929871489 0.6195131346222876 0.5867601265928567 0.5768511505113122 0.5805434389448314 0.5928222304515788 0.602734434733527 0.5969296287461302 0.5601770450301393 0.5091723129331027 0.4978825654081708 0.4733801504846586 0.4799106611522069 0.45096217002277145 0.4622658056089692 0.41447984749325467 0.3969499071301163 0.3602458219308831 0.3343841183888364 0.34836941058018045 0.2939841648683901 0.2566890599146997 0.22042191849666892
0.6985017230675991 0.6620120446368248 0.6518559357280428 0.631857622885527 0.6354615271396419 0.6001781782737237 0.6125337956076595 0.6160209238498532 0.6160513128730343 0.5966389741111469 0.5943329092189745 0.581661470756942 0.5972313226378828 0.5850998799307681 0.55438426945776 0.5909570846072281 0.5915996165209249 0.6394676026397338 0.6230794559274628 0.6224298697040813 0.6272690554857351 0.5856359763525898 0.5802247010433562 0.5787730005932122 0.587965578527526 0.5758312443046512 0.5620262155756621 0.5564930273044796 0.5117786080232137 0.5018242294759842 0.49216260406655943 0.4523078318302167 0.45644661609451626 0.4756934337326549 0.45853483612017676 0.4066336069562762 0.4085718568996726 0.3562670601883804 0.36555008909074943 0.32404176715586996 0.28510163039461195 0.2633216116290144 0.23910385593312627
0.6685454329446732 0.6870134457377404 0.6839212600683174 0.6360360882998639 0.6103452607702228 0.6297773490592863 0.6106716168650105 0.6083929284943378 0.6077497950344464 0.5814740927512473 0.5688766448681696 0.5706105407665357 0.5594219395500076 0.5435773787133729 0.5179561043231835 0.5715713427599579 0.5791824618190816 0.5789072863149262 0.5927184971662606 0.5807881672487895 0.5862900514990163 0.5876366149510868 0.5930206238512753 0.5825730273470171 0.5963524267209446 0.5456309811405049 0.5558680026130132 0.5378324055481577 0.48152787458928914 0.44605915731713064 0.4291719217653655 0.4255944548998373 0.4371017188595372 0.4324813559752871 0.44064033830075 0.3837815242975283 0.38583122890520893 0.3773792337998039 0.39306725587753333 0.3559052791897362 0.3248575305129684 0.289355349296364 0.2493698096871499
0.6733161810243614 0.6552917146033004 0.6296387185460818 0.615066795337394 0.622878804577549 0.6177468251381444 0.6233635127997189 0.6205732569955756 0.5847722519906914 0.5641296286214412 0.578826934089698 0.5637356959032804 0.5464507768412104 0.5370782303511773 0.5334312163505752 0.5192061005968954 0.5575217365419315 0.5866961297718217 0.5621187844292224 0.5739453161044862 0.587958105669948 0.6105107983638414 0.6196792733230861 0.589245080578636 0.5761766105196693 0.5378687364887602 0.5364299826270694 0.49772091759745385 0.4865150595654779 0.45879282185295217 0.4045251645214792 0.41502438932125907 0.4179722628612253 0.4509935398979306 0.4452172825291802 0.3932175923177315 0.39047066991450774 0.3689080579608616 0.35591378249413 0.32225382141172215 0.3011368886372501 0.3017914109335251 0.25212931051437976
0.6261539934663743 0.6176223859678646 0.6183963682730891 0.6393894995851095 0.6248979105312803 0.5890810144826814 0.6053189126322706 0.5940980992675086 0.5854942943848248 0.5559725469892839 0.573489510096527 0.5584450505312968 0.49345842890364355 0.5101173404956001 0.5039166208616015 0.5114761341691716 0.5443800161125079 0.5425548826229976 0.5773914978943406 0.565230726213562 0.5764102414004517 0.5960192093151852 0.5947944314751737 0.5623093147131432 0.5414496908520962 0.49023838975885037 0.4743607763967451 0.4894623597540956 0.45876475514184706 0.4232387982017466 0.4058920556292941 0.3978168229962873 0.40833651528804144 0.41615274878302194 0.42609418086976625 0.4020092045752857 0.41000638823975116 0.3810812963190311 0.3456063311659464 0.3058871512713813 0.2845258117483427 0.2830154577585504 0.26444372918520964
0.6470990782713062 0.650230334913235 0.6515565469452165 0.6135025184224759 0.6385310313389653 0.5948144875198117 0.6184005699260277 0.6041548982921687 0.5966598130285817 0.5588508361855044 0.5490837145871683 0.5420520275379301 0.5262410391599978 0.5108840366763376 0.49570266967978655 0.5425776154388553 0.5558662929228518 0.5356165642361963 0.5372840647621624 0.5452195481908154 0.559183505612901 0.5840350950062877 0.5702263798095853 0.5434428484646272 0.4865539004544448 0.4750685318894325 0.44855184881274374 0.4624209297030597 0.4253119527758581 0.4098648641110566 0.4108538650925912 0.40352286369261625 0.42417012514930696 0.4029547496436964 0.38273680919844316 0.40062311815982443 0.38880056357879167 0.3605582901033179 0.3422034385802227 0.2916751381001758 0.2952464507068593 0.25905218774197675 0.2338323074176658
0.6160381134270942 0.632239812951219 0.6541537380638771 0.6307640594642773 0.6355031666280229 0.6344863669656906 0.6008424208588166 0.5851394943347029 0.6034150351002077 0.5452307814963947 0.5050061150221414 0.5244308910688646 0.5382060973117145 0.5241208534663826 0.4990032160377175 0.508568290413755 0.5474451256817557 0.5152702307893844 0.5119726900697656 0.5418930308336166 0.5403541505562989 0.5552106441160101 0.5359019615480204 0.5095968959305966 0.47698086754180535 0.4738967041219267 0.44950190458405254 0.44899275891528106 0.42782058594197137 0.3994669149709655 0.39786318551185557 0.39981901407252557 0.3995606506050134 0.3936858125139432 0.32309495740171784 0.3749397606441103 0.36327300279078356 0.3439823231854402 0.3285699119691838 0.30259276220715975 0.2721827737901306 0.2555037411308706 0.26639816092951246
