Raster_benchmarking/DGGS/continuous/raster-283.asc
NCOLS 100
NROWS 100
XLLCORNER 1743162.6935815832
YLLCORNER 5469290.274941427
CELLSIZE 10
NODATA_VALUE -9999
[rows 19 to 37 of 100, columns 0 to 42 of 100]
0.24585530028865835 0.2356978298683686 0.19090255580041707 0.22323577777915835 0.23498044118288638 0.27662680108893634 0.3336998437820013 0.2921162284587996 0.2956286578601329 0.313006548900893 0.35338040245277336 0.3350393729172985 0.31007461742969405 0.2905546461047602 0.3169390806423238 0.2948244723274979 0.22461941107593394 0.26440793512705113 0.23116439786828483 0.2842507678408848 0.2337175391092962 0.25404674393431387 0.2524106547428939 0.27861236569144554 0.22509982074112084 0.22247118084775233 0.15738154646846675 0.19801362787760682 0.12709608515294848 0.15651778450232215 0.22666123341858793 0.18412732917103197 0.2340450668430045 0.22199734969779644 0.24730882972488125 0.2435457253492558 0.27470258677843284 0.21475988266221924 0.18351951667712602 0.20309442836331026 0.22194296276093578 0.19929695547443865 0.2561615742951587
0.13575594715743702 0.203737571661934 0.14660558224884845 0.21609499993050438 0.2768610465334474 0.2555680746165639 0.3143037194082717 0.27609446792778325 0.2976278234648272 0.31857359380757855 0.32577476978279585 0.28746918015430123 0.32945655121090706 0.31050403278061184 0.25580257730547284 0.22919972946059244 0.21980238959817142 0.23403581351657754 0.22642668180598285 0.2755481582064742 0.23420695066749114 0.22749205596633063 0.24672923517423567 0.2064571614051815 0.22927384595397612 0.19498071737192083 0.16960149879144934 0.15648770866657416 0.16394971708475878 0.17140550240914804 0.2619586830299096 0.27827465738895535 0.28323074402187637 0.21453219113827157 0.27042883263839973 0.24097300702063493 0.3133331731070554 0.21540760978523538 0.1688241256082932 0.17230181438454276 0.21245813639274486 0.2180614444265748 0.24601967176582837
0.09100383801895619 0.151033275104536 0.17036571081679366 0.17875732032297026 0.17287621090868482 0.22959628104183002 0.27834345445191766 0.27919775685186177 0.27838686657845696 0.3216314957063675 0.29146314075011986 0.2878922789974531 0.280572844198725 0.27777026617931616 0.28107847421260673 0.21186308226594572 0.2145461652178857 0.21473813512486112 0.2311847713205424 0.20740820196025153 0.19571638062261243 0.22751456014569366 0.18678172280935992 0.18741776933188983 0.17360464822713106 0.21361179962320562 0.17569167729270718 0.2318366645086409 0.22269638558818033 0.19860197520386974 0.25756458137247196 0.23328449418493397 0.22727900007297613 0.23919928800880202 0.2815342168582765 0.2847319170668896 0.2680607619632272 0.2554954361020337 0.19376410711562064 0.18658485156411467 0.2365022020837959 0.23355826783549044 0.30275712914785347
0.09733588321186425 0.11634391007985126 0.1674710522349213 0.12550641358062695 0.130956406068719 0.1427955690433065 0.14986882624505748 0.2074727045283695 0.2498744543168997 0.23825989365659392 0.2721064050816977 0.21861200933877062 0.23922712814138325 0.2318055302768191 0.2551782231543971 0.1949525951320477 0.16682179732064142 0.17895523968043342 0.2691473003506088 0.20764103011068294 0.2506347357874818 0.26734363054508153 0.2194303971056332 0.20618228647331135 0.21435187317116014 0.20326032540072153 0.18083728022595932 0.2229702106292177 0.2528851365922754 0.23408428633884043 0.21758369779254386 0.19090193473619976 0.21203831919770444 0.19845057058754975 0.2564466653071425 0.23459796167397562 0.23334228910111268 0.2270784231392436 0.25688597298345256 0.2504482649987246 0.2631635022737987 0.2696771762590774 0.33227046632590324
0.09765976119650635 0.1115301439008772 0.07965629908332907 0.10666804867509096 0.06912303428332942 0.14771379617147273 0.14810132724405334 0.15932233738248996 0.16533808092029403 0.21946348270813015 0.2815486840451804 0.22703753629726076 0.24987730181292211 0.2587572994930633 0.20776090445163645 0.21862419355199997 0.14854931377583785 0.1594155924777467 0.20670870692561127 0.22104259626885167 0.19587910357614974 0.24135068257634262 0.2605577190217811 0.21727806235277514 0.2606864068364722 0.2576597224726077 0.24677600868587884 0.25299137832504376 0.2444553406031899 0.2636604493076429 0.20487439756585263 0.24425066523367747 0.2766893609396382 0.23781593679489324 0.23070337114379053 0.28525398015296877 0.2586482983162646 0.30270290677762307 0.297173160805063 0.3416638856492794 0.34504014344001643 0.34369203782005 0.32624537482903504
0.03409926504832213 0.1111932429522426 0.0711797073426461 0.0684690365975429 0.04731567069803072 0.13504322178106148 0.1264453947080404 0.1125223738247815 0.10129116031729153 0.18351614366720845 0.28363150242804663 0.23299243029094954 0.20719043286970784 0.2769349653800126 0.25641736446122443 0.19827767666520393 0.16667337481158864 0.1602019884538114 0.17487684392589314 0.1826143739461183 0.20598685868677183 0.22712828708487337 0.2810855244718233 0.2423995550416694 0.28099195784541525 0.26121829641979816 0.2159122679587906 0.24170013902343102 0.2650147076979028 0.26917761794318507 0.24444079801028487 0.2953963466146057 0.332675212327831 0.3101408192314657 0.2870076898334832 0.3361942240803456 0.3505736024164594 0.37006784587369407 0.3487589010888196 0.3195875836260434 0.3937935032279007 0.388611581903996 0.35596084947917334
0.0970486212651047 0.11251050613401038 0.09964293339829458 0.053504787390009356 0.03828717163701626 0.09572073915359923 0.09449390013861352 0.09678734911991728 0.1315331459763839 0.18518861289539348 0.281946872094249 0.2391081503446523 0.24758025699470604 0.2797873141509997 0.20390839439196987 0.205004018724535 0.21683186458654366 0.18889192812795966 0.2270621617957648 0.1869094536114159 0.1914568083752764 0.24599602218580147 0.26243430279942914 0.3232241545150202 0.346472260132792 0.30247474470646196 0.27935815879616716 0.2531117785581896 0.25702067048904315 0.2890875557472892 0.26661294903563526 0.2967108898118662 0.3353203055648854 0.30332608885813134 0.31756954365555057 0.3761086235783493 0.41370669856075404 0.36687872515222464 0.37473112138015313 0.33813966277345403 0.3954568756338685 0.37665016569417026 0.3968159746536057
0.12672935503376992 0.07943787421321051 0.08493516789495445 0.05644976567748399 0.04396353189627596 0.10116754912803985 0.13921017694285945 0.14087853006578727 0.1413050962237303 0.22308406713032003 0.29287068266866256 0.32992466120327 0.3333321119705212 0.31542291995687716 0.22196977132994158 0.25648826686297854 0.18407258533355994 0.16167043817892737 0.2007251354877928 0.19921552222217312 0.25083406259230806 0.243771113185989 0.28487787624014377 0.29919390722669287 0.3346387234702344 0.3013886128169475 0.29917147382671433 0.2806388159656911 0.25001643155372705 0.31397526573665496 0.36428275853269426 0.3069918955965678 0.3329289606456238 0.3341394302476774 0.3111572512008584 0.3402728969388917 0.4226418811096567 0.36392297658993844 0.37997231963548356 0.4101301312032036 0.38155159276371886 0.41149442983850854 0.4065308643244618
0.1577192697939378 0.13372880416908625 0.1125631310403462 0.06257387763147157 0.09174858890437833 0.0844841681697761 0.1325290272094163 0.1751816705336984 0.22766638250447382 0.28585941841087514 0.296787334283336 0.30556627631294064 0.34580524435385696 0.3153780005350907 0.2820509240553691 0.2800716663392977 0.21405769137079758 0.22922589428979478 0.2842104141516581 0.3140876025531761 0.29591958235488697 0.3169212748464415 0.34310367643397965 0.3018868432395407 0.30612805231464485 0.3355500681280834 0.3360219001211875 0.31406748178581806 0.28897826019796036 0.29233272969757135 0.3313038545664386 0.3288074405456404 0.3126893952085972 0.3301381281266993 0.34385069899267307 0.3928969624969949 0.40347824754595857 0.4081891991028925 0.4153525944915098 0.4043624202309669 0.4622676978335911 0.4556825505422482 0.4486622991810408
0.1998395365009993 0.1848475059123973 0.10444382363107148 0.08277974271581273 0.12210449816266991 0.14501414502949062 0.15556373160314796 0.21513185824721362 0.27779013554107107 0.34373999891110846 0.36523416355567057 0.36482688275331565 0.34070943097003836 0.3113613702606023 0.27315033788443505 0.3168068559937515 0.30470689144841145 0.2655833016392008 0.31944359119461174 0.34124972447658825 0.37871499001530856 0.3399185160838189 0.3255142871840845 0.2896430778273999 0.3328689108114837 0.35459140335678524 0.3626365033976094 0.3008780161682908 0.32560985273940235 0.30588501136524604 0.31999933285317994 0.3442523874374718 0.30563114913362943 0.36540893088667414 0.3748985394584604 0.37601520716249226 0.39682351375059577 0.4090386189837245 0.4788528694295408 0.4733238795315223 0.4795142721670415 0.4565135360568505 0.40513839809613744
0.280753725544851 0.26878303190027303 0.23422255921495033 0.19602585218535984 0.1754243364816395 0.1998306166280791 0.2732093990693071 0.31553696215160165 0.3354185784003027 0.3772548306742236 0.3578222255266263 0.34320691612140053 0.3467028632509372 0.35625975567963214 0.3011150752763503 0.35096388251281724 0.3215057410226401 0.32441946740788424 0.3465529467456281 0.2990303878091913 0.30524757235817157 0.30796110937216165 0.30847412049539 0.2897944840721679 0.28963467125720904 0.3613683931370814 0.3964142226543013 0.3445536573405352 0.360502329728042 0.3337889557298683 0.3150413571344759 0.3711895875623022 0.35250309025457277 0.3524005137257396 0.34798308462441063 0.39514721972019706 0.3998332025201038 0.4317990849895568 0.45974766930518945 0.4525440424691771 0.49424386592524044 0.44864707011365906 0.45103007334965484
0.3445419115535353 0.3226427492992656 0.2672031821308948 0.24892012473469538 0.27999072878993375 0.30919943449694065 0.3507319052071087 0.38747582177272927 0.3262858855701331 0.3641578755682903 0.4016792832269908 0.4164510918663276 0.39623550241863253 0.34825983005087807 0.386980071358633 0.30757068186659237 0.2820004990898839 0.31625819557413404 0.3556020031407657 0.31841211024590943 0.2880430879625916 0.29319930818344436 0.3388595411262353 0.3596873241585711 0.3203773881845338 0.3450859847394527 0.40202742019139953 0.32314630588461063 0.32977058044118385 0.2885931825138658 0.31782082659406563 0.38547509009111164 0.4019683417170968 0.4153337701586582 0.41467857642755396 0.34727542239931714 0.3561584490180093 0.40971266626167663 0.41456596186474715 0.4278600109788571 0.45551880433738084 0.4484206417787507 0.4223155792239306
0.33897896172489905 0.36654024219698006 0.3558185765535965 0.34147814035483814 0.35338619563333834 0.4201225391018894 0.4504528588705747 0.3987572420133123 0.4676859327514983 0.4588582727242759 0.42354678310317834 0.4108228428212127 0.4232179082532615 0.38173022126741873 0.33768067387924433 0.3648222526825694 0.349718282279768 0.343443310126992 0.39136896286641465 0.3315243261689451 0.3744690773362557 0.37907393190878375 0.39463286521486685 0.40106227991687177 0.3793773718176454 0.3498425912886197 0.3892999893423435 0.3315023683250525 0.3234758292805098 0.328193245526804 0.3379233062077186 0.36378190099897334 0.39381648803766367 0.35492972368265135 0.3681859224215352 0.38136991359695355 0.38314097262619157 0.45410093050814454 0.481518895244605 0.49268514444570577 0.4917760641576648 0.44736909809659486 0.4262184496005829
0.3846117758980871 0.3977339855688479 0.416156824860857 0.34891489943849335 0.4240032140443295 0.46486227402445435 0.5217662289919657 0.5141505236620126 0.5267949938282169 0.4765380757139893 0.424366101407734 0.3727962295248411 0.4240379683899062 0.36192922509543385 0.36300590396332966 0.32522366747335957 0.3490413752414863 0.4042569574661125 0.412336074847681 0.4059986563156472 0.340414051821418 0.36253695081245674 0.42826279838143894 0.3701460536424008 0.39656906498519134 0.3750721368549209 0.3688830322323424 0.34682407515746844 0.37553027746097317 0.35212964927941404 0.38330235005954916 0.3704138004101528 0.3661635941706212 0.35187057380908254 0.38350564772608603 0.3739030945168896 0.3919831668982605 0.5038202280046719 0.5353847295732374 0.5257336267428261 0.49794832631870717 0.44236068846649257 0.43609591827307853
0.40899601391247636 0.3981443747934019 0.37471611299776564 0.3600524287194241 0.44086819115259906 0.46099211727468264 0.47103071405512525 0.5234694936941119 0.49832017303003984 0.49203735791700026 0.4094142826463529 0.3774516929017462 0.3615933779209096 0.36787855364056604 0.32722938555075076 0.3528711920531534 0.36985869303921004 0.3726995377219646 0.3954463613631112 0.4046115988535661 0.42846725380543493 0.38997366824109825 0.3940583415171549 0.41594971367690786 0.41895235232531225 0.43737126096149054 0.4221963935271245 0.379843299785794 0.41538124180542285 0.4216226949155233 0.4272020340427749 0.46688301142680116 0.42402982746144463 0.43413466844548537 0.4089832266515621 0.44242768142877 0.4488250962318078 0.4799709114509533 0.5303094318250322 0.5713581151534229 0.4963117134275845 0.45509394565892 0.4209700162193823
0.3213085535017227 0.37167250424073633 0.3425282759530396 0.3840356960632456 0.3973984079274979 0.4278128906594313 0.5296938569932472 0.541462828430414 0.45692107627859185 0.5000162403035012 0.44859761002143866 0.4414497790257314 0.3326648966438344 0.36294322984494304 0.35617610373238107 0.37626391865723924 0.35901154372429017 0.3914310650710457 0.4576167529888363 0.47896136527733923 0.4555217949166445 0.4775609333014757 0.4252044136701162 0.4237770743175667 0.5025727493548382 0.4169678257388694 0.388109409874908 0.393079590761551 0.4804971482394765 0.44462877530343586 0.49244583851679496 0.4565191024561938 0.4777964618761155 0.43757785524754483 0.4947462589008073 0.4895960642688484 0.45582186232065025 0.47827972545526076 0.5635496382283607 0.524327855470073 0.5474884529810053 0.470902262330596 0.4640310247054891
0.3507863229858028 0.3453271609346341 0.34111670096413005 0.38337700124659474 0.39802470637284926 0.47980532735728304 0.5624518396001954 0.5485689531266656 0.5237070600556223 0.5433336118407289 0.46784007912924264 0.4568022281359137 0.40992229575104655 0.3427271008055869 0.40668445221713745 0.41055305380154633 0.40043205148792704 0.36652321937382903 0.416040792282038 0.5024030543191379 0.478722960075364 0.5113986960482009 0.49320494946819515 0.48234780820206896 0.46331125116240807 0.4578059829931484 0.3997064903815586 0.43514113304694557 0.4602198977668711 0.509303222696112 0.48322376862218175 0.49939208179851313 0.47575849778973905 0.4939296754787145 0.5242964489386253 0.5326213634949913 0.5552461861592133 0.531401388235707 0.5037795151151178 0.5101097899536321 0.5000556909438661 0.4884560389805635 0.46959160321803883
0.3797716738451375 0.4174805037525437 0.3749907931338663 0.4178263662903716 0.43328845816748157 0.520134024823979 0.5353322979980326 0.5540334415229093 0.5810964218913494 0.5772644012192408 0.5522077455811694 0.5118732664530464 0.37203146425011874 0.3607577392140608 0.4560562669207438 0.3879710400354494 0.38633998980551487 0.4065154881660354 0.4121013068778173 0.48564521566300767 0.5290098894616353 0.5248214430015055 0.5253092308781477 0.5612392403535936 0.5404705546898053 0.5070661538740521 0.4478112034132683 0.4480831484341436 0.5104644761620903 0.5528240961910869 0.48589869743551156 0.5115485494653079 0.5530959186423531 0.5066390969748834 0.5097017768329827 0.5957024313941023 0.58487021766829 0.5520546143632228 0.5223135720021284 0.5398498101503891 0.5179540879413966 0.528364199852288 0.5702201845968178
0.4139312584675124 0.43328443084521057 0.4014092155981133 0.4313440612550892 0.47028535417159273 0.5645024644571911 0.5948574752885372 0.5615763310818672 0.6172385567986626 0.5957593347748577 0.5241169412244993 0.5158182163258287 0.4482987570476274 0.42393780017403865 0.42024124665624374 0.4351803931033665 0.40670306573657655 0.4481207703685343 0.46088746075305204 0.4596282245493427 0.5275048674451182 0.541916438967486 0.570653601171741 0.5395275083577834 0.5069661617254511 0.5320731236279928 0.4999836003699043 0.5312669247206064 0.5630283033508723 0.620843525594099 0.5810673641948342 0.5412956783515591 0.5860064357359176 0.6074985210077364 0.6011076263156492 0.5943128887993081 0.6218735167174329 0.591232003209245 0.5924553208542063 0.6028200243511681 0.570091952663421 0.5409021363747911 0.5917500013982019
