Raster_benchmarking/DGGS/continuous/raster-139.asc
NCOLS 100
NROWS 100
XLLCORNER 1743157.8707067377
YLLCORNER 5469286.882679451
CELLSIZE 10
NODATA_VALUE -9999
[rows 57 to 75 of 100, columns 0 to 42 of 100]
0.35870925124788927 0.34037527879538154 0.2910380147124756 0.2938995917594963 0.2852465184836349 0.3212090660260122 0.27971129017762303 0.28322099163992565 0.22677490736084951 0.1917296350657269 0.20107419936331333 0.24168802066634124 0.23802227447037735 0.28660378231854333 0.2871251878849657 0.28822591608020576 0.3019121524350486 0.3268423232284608 0.31827310256881863 0.3174223050518543 0.3232190482221633 0.36630085463290313 0.3137563264736597 0.3315527845471711 0.26274124665553134 0.26928965201858623 0.23913072064686453 0.2385714466821921 0.2562768346297658 0.29064825144261813 0.31198154947319146 0.3385012265046352 0.329045180776992 0.35621506848083684 0.33266023458991434 0.3303158377736449 0.36200116796634335 0.3954368227546705 0.3940297153484057 0.41476617357044276 0.4110074644022802 0.45273727577512185 0.42100595602489504
0.31219456829094133 0.32167807833922657 0.2682474862457565 0.2719650925316377 0.25542441039855773 0.2895623343347348 0.2881977032378766 0.26563981099551714 0.23656344713186608 0.23313210675403634 0.19869992858876 0.20988185402353893 0.2542714002673606 0.2729702600782268 0.27935354781603455 0.32770145102416126 0.31860233882416394 0.3286932178235104 0.3349370574656023 0.32181843507506896 0.33192544592643747 0.3672107798196698 0.33289311676513494 0.3009161675615196 0.28106409038905644 0.25116657752485816 0.2353215784870559 0.23097948976175034 0.2622263990135708 0.30445453418852214 0.3274655192277951 0.35716735350962986 0.3590243334993062 0.37955556927860257 0.35674218745903113 0.36917785713243934 0.36635403347512036 0.3797493306455792 0.4013233935650104 0.4139933745199066 0.43436070669259175 0.4256700516020604 0.45841828095097303
0.3351799204115315 0.2784355914111881 0.2768267114994251 0.2555199949396556 0.25109581879319365 0.24228872837802176 0.2820058905907788 0.28749465564838383 0.2699722833815954 0.20379511305687767 0.2196823487009056 0.243175456490685 0.23347646627560295 0.2533353419809289 0.27550142355491236 0.3367700084697504 0.323292258426351 0.3645591309808849 0.333646113002025 0.34999807187213045 0.34091016894948445 0.3923259008673801 0.32714263152485085 0.318188398204599 0.29951785812100257 0.2541979910602917 0.22163530275566232 0.2438834052885586 0.2787072446708982 0.2739675654485702 0.3150238952950835 0.3131355225247983 0.3196831136915965 0.3454705555088346 0.35761338712049096 0.40408325784481325 0.4081259367981514 0.40528752944449253 0.42437587332087834 0.40321050469669006 0.4317917155850468 0.4485259140693582 0.44388556375827587
0.30872238361876375 0.29183916218495115 0.2906997438575662 0.2551474890082692 0.275539629355772 0.2727588312079009 0.25731927710728214 0.27791156362965364 0.2596826498710667 0.20674203898877064 0.22415666171437926 0.2681388469386612 0.26703950941504057 0.27598248021786626 0.30322699322035995 0.3397469280415698 0.33274539258544106 0.31722154437641886 0.3482796656343623 0.34451769879188965 0.3737203144640798 0.3819905903889244 0.3657365529919168 0.3447913918713541 0.32166691346665366 0.27059472251109096 0.25273781016183616 0.24947590689155116 0.2805500482026577 0.24824408270572185 0.2701716532881691 0.3179883790364202 0.300880440044229 0.31622566943977265 0.38674776736462624 0.4146173442701406 0.38556548480096037 0.4117117004878044 0.3963107861228271 0.4287196919732736 0.4242615939725947 0.45352039731919125 0.46519963492124755
0.29016421953722266 0.2608038313534524 0.2779738856404202 0.27414969554441804 0.29003761286607044 0.2945084106945128 0.2556042996897979 0.2754947296663029 0.2779565159345128 0.21733079535539623 0.2374062548864658 0.25929793504718635 0.26785052407532345 0.23440471400092014 0.2671946518819712 0.30119428454591335 0.2919943036222441 0.3088930335439976 0.36342975538272687 0.3677683145893417 0.3653151348289583 0.3458095085263616 0.36857942206656774 0.3830546379883235 0.37179207482045923 0.3376019049243966 0.2907551363058242 0.26508364694651276 0.2681759531338219 0.24960588892229324 0.2856112822872532 0.3073544850776833 0.31054460196353023 0.32660176867226404 0.35703169856367517 0.3910990732808687 0.40776157244717404 0.39992667965871176 0.3828460606790975 0.43519261246523644 0.437415695850149 0.4213528057118246 0.45158091598476535
0.28440617203102375 0.2816537282180625 0.2772448293487373 0.2649464403389387 0.2693431173763333 0.26909374553234505 0.2562766449867217 0.25624284731080693 0.26362020829457755 0.2525137902442298 0.24532808506523449 0.24031300312188755 0.2302945366702761 0.24994678038726947 0.2532381239784912 0.2747005268664594 0.3164717603819281 0.33159036575361117 0.3681528081498563 0.38925566857425403 0.3642689265964835 0.3533426838663937 0.3672599066297148 0.3928474574523825 0.37668426529739746 0.3724666744495345 0.305263492094898 0.2974525050259156 0.2386659479433905 0.22856425820351992 0.25687546044693305 0.25759948251399184 0.29280206567383243 0.3405807088686888 0.3373237626086447 0.36761306863055176 0.3667932450819866 0.3526211992150139 0.3831596280795924 0.394643346309425 0.397720580615314 0.45092895198144367 0.4882204858414423
0.31650211281139956 0.270321563729959 0.26803001372097823 0.27416759503532073 0.27075311970831867 0.2938102079497866 0.2880347137635308 0.2508126624960254 0.2816571076089012 0.28579644449214114 0.24257231643207441 0.25522446994248066 0.23517159131599388 0.21190708922163642 0.2110269911759323 0.24114091855559155 0.2800369700779776 0.3534495860831096 0.3553634744886781 0.38630632317080066 0.4001719292255764 0.3968184296021155 0.3843076750368377 0.40631570616945406 0.40065285262300127 0.37344830214910424 0.33447164122786655 0.27961369286075527 0.25181325739920035 0.2511003392733052 0.2813076908137356 0.25635187714881297 0.26811688732079386 0.30898985871512763 0.30533184180114903 0.3403263129087309 0.3281307633287932 0.33867824297136173 0.38738504546890834 0.4237549690715158 0.44212608581374957 0.4111125328150772 0.4468132716263282
0.3615165960981344 0.320092454515944 0.31081360577190603 0.2843663188223582 0.30946860490931544 0.29739875955594763 0.28235675191562537 0.29896897811878637 0.29499378841981294 0.2553889181786006 0.27640834130663217 0.2502922184184877 0.22166768743858997 0.24720099166367374 0.2163786287917938 0.23345792352050948 0.264722843397249 0.33463737983910236 0.35828764975066424 0.38224540138714436 0.3722948128825825 0.394250934816079 0.3694564369498507 0.370115996951324 0.39284526225783073 0.3486996750533605 0.32420041330076904 0.2847139628886231 0.2520020799889354 0.2711367666711893 0.2705789241251368 0.2954588323946334 0.2856927562278219 0.32376572543692306 0.33496399245939124 0.3231925796054277 0.3326085901649834 0.3707617488381826 0.39815314380836736 0.4134290365886188 0.444404371100829 0.4295136903099646 0.46663091521453676
0.37128854488339663 0.35691259149154425 0.3287061454689207 0.3148999230622265 0.2929606126805658 0.293368860645198 0.29471071889116834 0.2843277242711656 0.2741490184872605 0.25878073220891673 0.22882567602744436 0.21989710143159266 0.21858897522245943 0.2544143023230007 0.25580184467646083 0.24735180527294248 0.27848728029995795 0.28576869189460047 0.3435034821287295 0.3574425145804884 0.3544490275776713 0.35481981124348067 0.38050916869801543 0.3876600040706139 0.35248526879916714 0.34165394370066066 0.32297671896310687 0.29796008897614995 0.27284239686794237 0.2556112253240689 0.26883451659091695 0.2820309096577896 0.30215248280605433 0.32721943664633396 0.3317339603500334 0.3294122209076115 0.35007123561355036 0.33129944149343327 0.4038521000238947 0.42825873358701533 0.4748028969390147 0.47272069397449573 0.5041239237198417
0.3714086969937725 0.3690189766528994 0.33391831172673425 0.30568339233199804 0.258539684250994 0.28494504963573564 0.2993239713740998 0.29090918598859644 0.25021564480627667 0.2682353777913378 0.24472319931140396 0.2017860543136858 0.20510670024390598 0.19674635827523573 0.23102141392586864 0.2642818132948594 0.2684070880928991 0.2992723062172816 0.3063590601123364 0.33632501325276903 0.34584990625384776 0.37459042718549035 0.3461810769244673 0.3818807516946283 0.36939115738893424 0.36763989546294623 0.35273783477434834 0.3524341623681208 0.3144978371700524 0.29660426211407914 0.2658005616377675 0.3027317708204529 0.3041938583056631 0.29990362504034535 0.30440320045163566 0.3165263498422738 0.36063081766346344 0.38205148985035253 0.43107401749672897 0.4688827858856313 0.48325253512816163 0.5010331632831216 0.5141043266678884
0.34259527118236305 0.31835765069694355 0.3299564619127752 0.26764784907190564 0.2670828500069211 0.24816316278804768 0.2711009622716572 0.2749308486569429 0.27865150473449 0.27480488802763675 0.26197053878452314 0.2389391370260212 0.23298045917301302 0.1815968213002425 0.20486633951565278 0.25263922973677533 0.2898064744741075 0.3376862340034528 0.30974528794308925 0.32200974041671354 0.3331995962087324 0.38844589078930436 0.3704317511580833 0.32918427666615546 0.33890765711053694 0.34419424920640657 0.34463596122290163 0.3545278225833513 0.3269812563463532 0.30730315812087 0.2994128052696732 0.28833802608711206 0.2914110691316 0.2941639954693273 0.325785941375474 0.3282776181296805 0.36710251793622245 0.39240523551773826 0.4233561326423905 0.47968878793246894 0.5058442988489095 0.4856918237556868 0.5437876661939793
0.37210816307539163 0.33986456293444733 0.33221531255115616 0.2828603666429972 0.28550570537070386 0.2489055855205026 0.239432736092981 0.26554182556450395 0.24815464409548482 0.20910064905133716 0.2096347609668667 0.22056408622940346 0.20704523241395523 0.21438450943803952 0.2495913940887895 0.24527144324217307 0.2821035282682831 0.3068363779949277 0.3174352124904199 0.29439549192444137 0.32959546780143073 0.32820396899998633 0.32337214182513563 0.2973528759195007 0.32931777436264764 0.3400871696619284 0.3575895755728586 0.3622137243415046 0.3137325224313251 0.31215337027699397 0.3016336367072397 0.28984314022593916 0.31096978299334277 0.32345792894518893 0.3417144620867662 0.37303399324196196 0.4154985239441749 0.4003443149861086 0.44387731350054593 0.45264786117222067 0.48252224433064295 0.5061380361252747 0.5443137428474986
0.3763068586844932 0.3313882567878739 0.31204298784461815 0.3098033920590423 0.279240657514506 0.2580458452802271 0.2511829934550229 0.2525319331331135 0.24116052505040952 0.1846096613099858 0.2019798880001947 0.1682848392671255 0.1712176315895138 0.22239004072831484 0.25880609199214727 0.26588916677734176 0.2722220967571082 0.2775866733133041 0.3039281110269853 0.3010463372037432 0.3308560960251828 0.32506474931692947 0.32143669795546315 0.2942336842968496 0.3212796816885631 0.3125426792561774 0.34597470431007965 0.32921284896661046 0.29048073404069413 0.27988426851329923 0.2809342972994709 0.3150775768516096 0.35409911620000384 0.4013397738246579 0.40244457897389063 0.42203676342466745 0.4449198827238608 0.41887267713901244 0.4199908839282984 0.4445367473505443 0.4684316203411223 0.49431594588523753 0.5698550925165184
0.3376467295595499 0.34806414684759485 0.3378877158103984 0.29130749136485434 0.28507999223945185 0.276527778981356 0.2612688006112718 0.2379089913477282 0.21767140332299273 0.18664134887919284 0.1608119157535639 0.1624841872432422 0.1797148148860882 0.21120468722855792 0.24524172466728325 0.263094447531719 0.2907973426572193 0.32076008888412555 0.31408601160218963 0.2834009685149742 0.3014041722908675 0.2623315212566557 0.2914042199044141 0.2905998263032828 0.28694260909362557 0.3098137672920629 0.3208293411624101 0.3089327689461134 0.2911687279051395 0.2835064705269923 0.31827827040917483 0.3260451939708005 0.3811671676969957 0.41390742874482944 0.42011870617585195 0.43056869698562683 0.4416126078487388 0.4541636872860654 0.42739634542258975 0.48332933208796824 0.48386971819267793 0.5145917068101389 0.5823776609194272
0.3401489151141951 0.3528068641631669 0.29779920909590846 0.2917932916060678 0.2339595618614564 0.2172383028975148 0.2565730910093105 0.2408542365315123 0.18778684635015816 0.155053342068348 0.17136446319298734 0.13388048084422033 0.15479301819774668 0.17622568590240395 0.2452336790168153 0.25474705906946116 0.2592274030595218 0.30520725203135163 0.3131746956950436 0.31390223940939 0.28690059579420313 0.23327536337993857 0.26713337513891916 0.23839989793101665 0.24980162620385846 0.2589586706574563 0.29757978744095087 0.31177300630771876 0.31660431225972097 0.3189906699438158 0.3381818634019712 0.3564066945366647 0.38965352694549465 0.41285742682703314 0.396355622713342 0.40946046317324647 0.42841124969813726 0.4475500983126783 0.44891881803335854 0.4952802250067404 0.5103450080931343 0.5982244257125953 0.6045664305414081
0.34421428025943135 0.3095496231853606 0.2949858050731187 0.27524893749273965 0.23560474067667983 0.24094123382489896 0.2338234504160934 0.21943286580982452 0.17477659948457536 0.18632409014239568 0.16930632257956366 0.15527011043363736 0.17884503921440204 0.20804924561910543 0.23453871230163026 0.2769067646681601 0.27174936965424823 0.30516196277421453 0.29825948630510596 0.27291129350243226 0.26058087151832193 0.2774376313155835 0.24089887045669028 0.21222667891019983 0.22788798622541315 0.2564504524916065 0.262682604044585 0.25772995789507247 0.28008449780215294 0.31222704811226787 0.30093110278209645 0.3054196791342192 0.3497116096162415 0.38257790015006093 0.42768236913159874 0.4156122604692561 0.47154906990766243 0.4971415775303134 0.4720422250968088 0.4878312914488075 0.5155448024284441 0.5796025933239615 0.6223296093990545
0.3389016897528114 0.3030832688927139 0.26870852242133825 0.24838532126463986 0.2566229776709152 0.25441770142648173 0.23505838855231892 0.21783075752819142 0.2034805306239497 0.17270025776392628 0.1808089649508346 0.20093797858270515 0.20616510793787268 0.24941127042436267 0.2303362242060079 0.27020519861067155 0.27684953828151 0.2699677548073895 0.29532532083521906 0.27696940308076257 0.25314541998227247 0.28194574440528297 0.25461002285242995 0.22859760734646767 0.25742901170933735 0.2437295257009758 0.2782656348593324 0.2473183800409375 0.28669356403677215 0.32068226165621466 0.2941730544033745 0.2879087488585401 0.352998197581751 0.3943184012626827 0.40979790514086023 0.44969543413383234 0.4814357223649471 0.5140884913520484 0.49496920272093714 0.5221436074149418 0.5107477423563103 0.5432886793019733 0.5899788076816946
0.2945209840022605 0.27376771737951044 0.2536124403981642 0.2396758422524191 0.21336899321352382 0.2248465536799194 0.21888099672879904 0.2478217235284118 0.22973092259037575 0.22610901573815584 0.1852626046311831 0.19817012004922097 0.22235405783451095 0.22343282931090921 0.2178158460738292 0.23998244972702015 0.2623072260596055 0.2543083155858029 0.26087630543931617 0.2720200198313767 0.24937907854526586 0.24983225829460967 0.28590411729543175 0.27186825445635365 0.28769141577346097 0.2692059901631912 0.2652612750421511 0.2724975200287311 0.2956757448906689 0.3004872378289954 0.31060338508016444 0.306495430766487 0.31065808760808955 0.3863847940250098 0.40895935078594525 0.4426745206318304 0.47328188742610977 0.5255662728547762 0.5062805466449427 0.5025564908532378 0.5422472725759482 0.5489514286830207 0.5659816751294022
0.30273675954381407 0.25337288440936895 0.24848543279187899 0.19778352427594323 0.19412273121913148 0.1730674663315646 0.21757223383258328 0.2409174723123841 0.22600416015039515 0.24917860801006367 0.19256166882592335 0.20665072764068862 0.23229480359874538 0.18475396160828078 0.18818540230036032 0.2140388143762974 0.2720006576196231 0.29527753602814644 0.26314906925662396 0.2729840008890165 0.27880578153504804 0.24821633683805547 0.29496629724015 0.30150296193356396 0.2767539549616282 0.2937033595306118 0.28557163777166034 0.3046114393915197 0.281554064323608 0.2600758139656736 0.27671661931143215 0.2828092414360868 0.30500259217447295 0.3299948359768361 0.4037809939760292 0.4770592298373884 0.4627370613595838 0.5061868089241829 0.5336106628274982 0.5164379633536608 0.5401308128717363 0.5461667648878719 0.5760731108269984
