Raster_benchmarking/DGGS/continuous/raster-79.asc
NCOLS 100
NROWS 100
XLLCORNER 1743165.4092418156
YLLCORNER 5469279.059741743
CELLSIZE 10
NODATA_VALUE -9999
[rows 38 to 56 of 100, columns 0 to 42 of 100]
0.2005605161606017 0.24464543837402544 0.2147328117048339 0.201211053861458 0.15820957731334612 0.1513233796938971 0.14914374822232285 0.18015809640197217 0.13975561177287674 0.1251641060750611 0.11009713596207689 0.14491068842069715 0.1650676981618161 0.12196520932928868 0.12094189248535321 0.14521466084735862 0.19889680160476506 0.20829694603254406 0.23846843365725867 0.3168476866074529 0.33165987774314115 0.3377492328647346 0.3566635413765591 0.35532696049047513 0.417878666315849 0.4204543132439006 0.3935620988786113 0.4019876265639641 0.43434268120966074 0.4585455892692004 0.4515602427221066 0.41688035262065026 0.4794295867262222 0.4707770500862477 0.5122691243489816 0.5660052509435869 0.5770000038639321 0.5878013713930661 0.5642417501257804 0.5581252644254392 0.6051566999884047 0.6196745673136524 0.6292372690578593
0.24798666291827356 0.2132164498870717 0.21321826760838758 0.22636494824567036 0.18603365770034086 0.19400313273820144 0.1669095787254484 0.17985792943904327 0.17116853256653644 0.17001287162492817 0.1596392748293457 0.17989029272231766 0.1627557175629914 0.1668064714293281 0.13000442864586811 0.12510923737081805 0.1790781537741445 0.24960426011160688 0.2827962107141376 0.2941322016654062 0.2913600508080508 0.337959337859289 0.3639791477627264 0.3989180970847477 0.4405275330977071 0.4113076623754171 0.42349116375983636 0.42488612037028933 0.42659509703733317 0.4788348225936771 0.46292875881038664 0.45623641528419406 0.4613379857588056 0.47305171881269736 0.4793288092133064 0.5326535749617802 0.5364595813840524 0.5618665721402225 0.5681340083494172 0.5893503766031132 0.5933004527547597 0.6136380746874549 0.621568960880659
0.27755436259684224 0.2494057145255955 0.2290592404209635 0.2617160118018505 0.2314663435436536 0.2071547259697754 0.16871762383041844 0.14207052385990868 0.17659878642476617 0.1792771246133345 0.18727647129279518 0.14687520169647025 0.20117961170962612 0.19221604818207166 0.17766401484995734 0.14093031846671605 0.1888739058964542 0.2490336416181574 0.2451933496163466 0.2459253817254445 0.3275320169834399 0.3462201485269114 0.40594133282889816 0.4419577505256109 0.425823163409225 0.4445097543031881 0.4569842394083414 0.4384160318857797 0.42419794079451045 0.4587262139258232 0.45484329473216273 0.4430909393223772 0.41262146372102115 0.44267085867683 0.44208133263088717 0.4530239239459732 0.5460802190530063 0.5767586645307762 0.5864557724258977 0.5721610163659755 0.6065215874037112 0.6092953443049751 0.5984401750707362
0.28337765408698723 0.2505182845001132 0.23618214607653482 0.23267511239847943 0.20268639364925772 0.2004734907971507 0.18656243029030734 0.18335868852510212 0.19398709122727112 0.19814744927225134 0.17597815785937898 0.15469967007053592 0.19974246714672184 0.2094798869204072 0.18374285926332073 0.18997014848793706 0.1717992682083394 0.2493778317097647 0.2486020799235156 0.26955525376748696 0.30999194242996725 0.3560224660157827 0.40653615606665894 0.436523766675149 0.42938113794982763 0.44872339439088005 0.4612973945022889 0.4144709481828224 0.4488859456565713 0.42066616550944635 0.4099988063813807 0.4055700516906849 0.39833867111247684 0.4461917859508227 0.4363042415674188 0.4628217623663376 0.5274059210169751 0.5661542125037633 0.564936168970994 0.5655115281620815 0.6083819783069617 0.5775499847968439 0.577273023730663
0.24259518322897675 0.25056732996142805 0.2711410749247944 0.2401298440480063 0.19180639400483074 0.20516661392862443 0.21319808284393651 0.20600000092183007 0.1754397589322215 0.1917741227251024 0.2293676916337337 0.21407779816609476 0.23770663642980322 0.17907181098916194 0.21246624464893787 0.182222985546199 0.2109545708123182 0.22752368325791741 0.2955461130465308 0.29950677624377653 0.3627559887052935 0.4014183113250464 0.407561421748572 0.43399001649643854 0.4509556685906038 0.43783167626223696 0.4499900581586454 0.42070783149949686 0.4235287240594786 0.39134425068229767 0.3961775145487832 0.40820540559154106 0.42836854730187884 0.4166261408646205 0.4629683736053763 0.4589845877436293 0.523885064217584 0.544718384973259 0.5855141258005103 0.5700253376273455 0.6320219304326935 0.6077795210994628 0.6266168285597996
0.2467054551395799 0.233397268487703 0.2488879750585978 0.2510039927864543 0.21756797315476117 0.21658235395347028 0.22931464459625597 0.18669507722936252 0.17986454851951428 0.18157613648094142 0.2217649669380895 0.2629433552950457 0.26219545305673064 0.21428283140110121 0.2155520516135621 0.22144425784718758 0.22171584022854765 0.24104883937937507 0.28911289163809284 0.3138396654227914 0.40110392131503536 0.39250831713634465 0.41304930010611257 0.45814512607753116 0.4084831149270513 0.41323818657024325 0.4211280881544084 0.4020476055419955 0.3701719773833686 0.3777332489914789 0.3802336265440021 0.42171691287052077 0.3832932133521716 0.3943807002176315 0.43585864709854827 0.47942079511311525 0.5008303840203965 0.5380285784369521 0.5766600174267105 0.5885301452134171 0.6321358076114201 0.6368694266567836 0.6398276238352011
0.2636915121682181 0.26701470901832713 0.25356662840093946 0.23335211932942546 0.2529624783556781 0.23759934102623595 0.22937913495781803 0.17044486337923329 0.21632817035902335 0.22117623131055217 0.21289113686162967 0.25927750669671906 0.24020873114718952 0.2880277773443549 0.27952407079507785 0.30357239232725924 0.267612816032596 0.28020719683589185 0.3032393406983206 0.358479273887114 0.4157627118854552 0.4584862621989819 0.4456732618431681 0.4758049217977737 0.42680598432232786 0.3914245770759842 0.3981317179681104 0.37110053341630883 0.39593542957273026 0.3714774468102788 0.384458808667771 0.39634647612415846 0.40101872366566355 0.38878434999687855 0.4325898458180088 0.43358272855761526 0.5274966426835404 0.5841641812540538 0.596068558748815 0.6432365831951776 0.6651236206939595 0.6663115747820335 0.6468967023056813
0.35250912311203536 0.31569674716706986 0.26328350940777656 0.27499097911199516 0.28580891801116515 0.25478494367397586 0.22410354810788494 0.1954604574677042 0.20268330696111259 0.2094068858809366 0.1834329807090283 0.2042181585248579 0.24200083679784376 0.28285172486015286 0.2590662297685792 0.25407908652439193 0.27793243638037013 0.28356450521384535 0.32980555709368337 0.34478306046785867 0.3940452980839888 0.4589262633313356 0.44333912774512996 0.47959462676035236 0.46950197960499407 0.42025957059149716 0.4321090863388478 0.4356526986905328 0.3920391791182201 0.3495254130730289 0.36821516084447786 0.3746256816876911 0.36908432809229724 0.3670567203339624 0.42648537683538446 0.48249118015955034 0.5025500361653514 0.5660364784733528 0.6190712711378646 0.6423280581705278 0.6852990511449202 0.6612927024989574 0.6633533338712211
0.3981416727981665 0.36614939738989744 0.34893622817613024 0.297315258499086 0.26798540819312433 0.2789550348699639 0.27505754702159707 0.22985972820006367 0.18858308105711014 0.16438494840530118 0.17164054972192927 0.17410665612942655 0.24638594180994525 0.2883803811381306 0.2664777797833411 0.24528679934628939 0.28786287823241036 0.35821083798076875 0.35858890401941185 0.3893523029632544 0.3726872401218475 0.43626045807093317 0.4407002038878565 0.48622055576447204 0.5073735496319991 0.4651409684335085 0.44496903591957565 0.43701170172107345 0.36285102093414373 0.3245107488774077 0.31340137919913497 0.3419110768991788 0.3639487697234419 0.3792594470057241 0.4124668976293967 0.48744252097293705 0.511999647385516 0.5258299587178007 0.6032994282515931 0.6579796032085294 0.6858605020414085 0.6798423281601124 0.7112715956861463
0.3744878893276999 0.3717661230511634 0.37686065993344037 0.3688678587667598 0.30422605912966993 0.3077384266334393 0.28542815535238464 0.2574008894177913 0.18751415375222447 0.18613816655684556 0.15901090974547896 0.16717278563525595 0.21673266003899164 0.237596522857715 0.25425331656560757 0.25013554165713064 0.2599032144815271 0.32492543493396475 0.34304161711883296 0.3728460677577197 0.367985158281675 0.3844007296260433 0.4404958885269563 0.46826342497723855 0.499086673467952 0.4999506758641142 0.4653750059618352 0.4511659685074783 0.40290260075778134 0.36552971972946613 0.32935275653598384 0.3381708495556336 0.37694964558112287 0.3662431127018625 0.43313588277136184 0.5107105323958727 0.5070669832470571 0.5224462501504833 0.5819204095560571 0.6170988879787659 0.6499780585227015 0.6978735769854969 0.7073167874499747
0.4152910937267143 0.3584555376974884 0.36880658700290303 0.4080498253020631 0.34443561506425674 0.2897841307086293 0.2965390503705152 0.230090321931684 0.24557090135068607 0.22921091056546833 0.17556353612537343 0.17425887768870194 0.23223610614979923 0.25290333617969946 0.23156039068439793 0.22824221898327346 0.27550253382800594 0.3067067038461873 0.3225283330459504 0.3492165513018004 0.36364452763916516 0.3958289643387604 0.4069013871297971 0.461356151904204 0.4787365745659635 0.48567089222028287 0.48541353104322826 0.4062010139064239 0.43085821333636054 0.3747712538140159 0.3390620562914475 0.31642534735373373 0.34802792729286375 0.38556157427079746 0.4626078472904368 0.516693252858843 0.5033625415092969 0.5233749438860734 0.6129961443261173 0.6839001714271352 0.6458240243569037 0.6766059077829376 0.7188171366682199
0.42576506977540024 0.386426043987817 0.38707079002572675 0.41666553623974917 0.3737388716557866 0.2960120902080415 0.2947244539115811 0.27218741796478224 0.25070278601908547 0.21633467495183345 0.1761983093123154 0.16382050510996302 0.19715201714795053 0.21507333733647138 0.22266239179653374 0.22288206937938798 0.29729145579227123 0.3022203292669192 0.3544567037936941 0.40942705903044757 0.4019456806300438 0.4274749023503352 0.4034446746484208 0.42834379500972386 0.4723461737694919 0.49642795861583194 0.47508218476969954 0.414653993044975 0.4299434918359143 0.39519261598728306 0.41857367972290915 0.4162265225154704 0.42675779666828 0.43526563672935537 0.4771973309416569 0.4867403025104544 0.5329287348200433 0.5578633007289012 0.5803640279461159 0.6073554911534119 0.6469242894369557 0.6921510126134566 0.6937534545389865
0.4080433551091705 0.37776400927346854 0.39166511232178786 0.3933819587354426 0.3479710773277492 0.33196574576272314 0.2859849789837302 0.26219852697705465 0.27626517169893966 0.21703862760755835 0.18838010119050175 0.18362505636400717 0.23056216992801545 0.2137475038916551 0.26512135666566417 0.2398630347483781 0.28469108219647604 0.36182794949798897 0.3880136312104633 0.4267132740089942 0.4274980739796551 0.39939175074485966 0.4032783086238293 0.4441647111586666 0.4961323387425422 0.4876258431902615 0.47564821598396895 0.43237765318580296 0.4053760935399013 0.392714406687306 0.40141495994420456 0.4727784085530144 0.46225707177925923 0.500934533742051 0.4772028236540269 0.4835339375635713 0.5227934671855814 0.5501066441552387 0.5936741696893634 0.6045145298927441 0.69326340731041 0.735105792632405 0.744738203663257
0.40010995428912793 0.35781309842484166 0.39279092436527296 0.3706748458322241 0.33787183702491913 0.30260415915120975 0.3198287717685867 0.318956424283174 0.2933104720377529 0.23690920008448788 0.2544693131195436 0.23834648180443635 0.24902738711686184 0.21206703397560023 0.26685298049442746 0.3020680680554355 0.33965977049340584 0.3779759425629959 0.3832448636922291 0.4281671891402654 0.42718514780559413 0.4359266157795319 0.44693245765016437 0.48562073128792493 0.5113463672010705 0.5013664119392218 0.4449531902656901 0.3990277903004427 0.4013259244713337 0.3997776089111719 0.43506539807816635 0.4664272104481339 0.5046900763919328 0.4935888303293576 0.4773134183862802 0.46451289185949324 0.5086497142603003 0.5537465087958907 0.5896278636847997 0.6274579911756782 0.6688481116649813 0.7268002456989754 0.7419558554432255
0.410417425207479 0.3480103678604504 0.39592876855958814 0.38130596617465723 0.32761977293594946 0.33151638452152776 0.3378017584650206 0.3831135479367606 0.3513904670870012 0.27228836252184346 0.2556723429821841 0.2710695772496363 0.2826245480753566 0.23100681020038258 0.28973266210779347 0.3112749579525968 0.34359756177571815 0.37601300551116534 0.3852784929137011 0.40265052645996785 0.4257669601166628 0.4300052666918273 0.48188118753126485 0.4932094576240146 0.4955537215056018 0.5093644070412908 0.4678142692008427 0.4209879651459203 0.42923299425960537 0.45694680440198854 0.4547847533341766 0.5031746659111181 0.4656390250974654 0.460265645521338 0.4679951827648016 0.4947426909669 0.5279593314969016 0.5855587213998049 0.6062126438919039 0.6116095740828561 0.6827256620795941 0.7023353091867487 0.7421018358503544
0.38626766758616676 0.3822510494439841 0.36633854471004246 0.3883475114888159 0.35750788074135587 0.33207928611784415 0.36092942515277326 0.3299428683506504 0.3520009869460456 0.3064927513965956 0.3034463433698795 0.2851122690976048 0.2809446906509587 0.29518590667100897 0.2881067709371002 0.3157475369101147 0.33944705437406586 0.36671816349615055 0.36419872851386775 0.3793414102684622 0.4028151902132686 0.4145501070355478 0.4815014491707979 0.5038227918321421 0.5183910093482288 0.5086767403219822 0.464543333728501 0.4513995073504521 0.4776494933582752 0.4361584031976921 0.4518564891296267 0.46237688738332905 0.47918541779016816 0.4528543570386474 0.5080382913699586 0.5522247186360814 0.5566056263929507 0.5913006757727981 0.6036947666244635 0.6153801014641036 0.6913308208681128 0.7319237019096654 0.75524322741098
0.3905063921167244 0.4173079456564012 0.40785086282026484 0.4084253541645402 0.4033945538910792 0.3502470059334937 0.36739180630881935 0.3365364464214907 0.36841963466927485 0.3342260904271939 0.34089152074320034 0.32455377840932953 0.3353279107260013 0.2960888668045568 0.3518008494488432 0.3453238609730017 0.34280391457283627 0.3812663723762994 0.3689731790564821 0.39024670375280435 0.39784751009007235 0.4421150939836355 0.488959143320607 0.48195608738681434 0.47743157765302147 0.5094859241690234 0.4988224926341473 0.5016077005791937 0.4901098645361435 0.4369124359332433 0.4319889630397766 0.4868123649769827 0.4753657976727547 0.4814865704863835 0.49054210641809026 0.5528726532900333 0.5724195061074805 0.6091458549789468 0.6197584132699795 0.6133326216863733 0.6655453256264094 0.7302008179448933 0.7587977996149438
0.40678681823305957 0.389436133973732 0.4069689187207785 0.4038542159259241 0.40927518029660376 0.3670986432317763 0.3592089372153068 0.3572821959485307 0.35656689225191623 0.3797980686533777 0.33298262767254716 0.33289680714907527 0.34707808557027287 0.328816820770875 0.3767676989387338 0.38899677862661963 0.4057098789733802 0.4613906835953432 0.4518701736110697 0.44593863888274193 0.4616910592741781 0.46824414374208634 0.4487571569015714 0.45560053114792926 0.4860651650514312 0.49503864497169564 0.4814835586862187 0.47401849027998894 0.4882710781878704 0.4680487319755458 0.46701912903104165 0.4911707697609862 0.5004251110868981 0.4999375450970503 0.5324475366438042 0.5642021304392393 0.5493702409972897 0.5528778213226816 0.5785249016142594 0.5869227955597236 0.6408492963656104 0.6887971764455001 0.7527255432295251
0.40551860950804275 0.4244912161489607 0.4228303021673132 0.37944964176016954 0.4066355081617162 0.40304944544424487 0.3916404206075219 0.38987518151453365 0.4046029693164894 0.38730371948894204 0.390548143188946 0.36128675143094124 0.3636044233598318 0.34033359138863845 0.37816828647339673 0.43568485087672393 0.4527643375585004 0.49235193064057026 0.47364604927630255 0.5093254499612815 0.4661414366344325 0.4845158408292538 0.4937300364653203 0.4758279969877761 0.4891091508377894 0.49007640763066096 0.4785064041052515 0.4661846631569675 0.4723376209931423 0.44715870964917326 0.4455840746430505 0.5286411143484413 0.5112405255972913 0.5048635490240331 0.5618617809216779 0.5852508533170431 0.570610983934056 0.5663873553847051 0.5842266149414653 0.5970247536536629 0.6170382606234285 0.7054794489096147 0.7389098573853757
