Raster_benchmarking/DGGS/continuous/raster-452.asc
NCOLS 100
NROWS 100
XLLCORNER 1743157.0759027924
YLLCORNER 5469291.98391566
CELLSIZE 10
NODATA_VALUE -9999
[rows 0 to 18 of 100, columns 0 to 42 of 100]
0.7872928871027126 0.8065717365754489 0.7730846920702855 0.7815868708154022 0.8082767472054156 0.7867028733504234 0.7790663782260947 0.7995670519858062 0.7707170518529172 0.7462762192708319 0.7645796558813678 0.7723262462902751 0.779137094661643 0.8090868487138952 0.7820849391296242 0.8050041709508653 0.8240706183719743 0.8585830844529585 0.8788835546789125 0.884880238006332 0.9024762829472746 0.8967420654826356 0.900433398813079 0.8988097459764449 0.8914013948810673 0.8980204321461327 0.8956096539048787 0.8658283995730143 0.8886048125408259 0.9009439388942716 0.8899106966863017 0.9029377610301556 0.9287654079968098 0.9693052281982617 0.9702663134537688 0.9750994894687223 0.9755156893299906 0.9968302733336637 0.9923091707948332 0.9839206385880971 0.9578371737746254 0.9646203740154015 0.9887001337607115
0.7972456781639694 0.772154120643674 0.7647331276873783 0.7795648098021645 0.7982454842696485 0.8025685459397423 0.7875506321050196 0.7724625884591595 0.7330173368237809 0.7298446999953084 0.7263677599195425 0.7626219197281889 0.7656287150039972 0.7617062482215691 0.7994960281918527 0.79547576181057 0.8337647911787532 0.8423694685306476 0.8572031613700304 0.8818849053509032 0.9115568852674193 0.9177495010509509 0.9108044116785332 0.9010539256008296 0.8923788309024979 0.8868668740682109 0.8957468817125931 0.8634816377460293 0.8640489672269819 0.8658935942267812 0.9014843880678309 0.9177789409676352 0.9412915057280767 0.9728215866302534 0.9627790301210091 0.9668118073213239 0.9704643354996556 0.9757187209413206 0.9858544260911809 0.9582654892065773 0.9798849772947965 0.9562083795577199 0.9554741398934711
0.7843670640799505 0.7921186336730259 0.775879850754551 0.7898417600171223 0.7869117548286096 0.7611847316161543 0.7593099270048225 0.7324729279232297 0.718962084368489 0.7191388286617078 0.7217367209239005 0.7550182219601127 0.7555014675905114 0.7412662091400258 0.7759377794298679 0.7717709847081187 0.7955714416256552 0.8236922341272005 0.8633606355519543 0.8705611348264368 0.9034370025733617 0.9001433718217895 0.8896421434894816 0.907521675337892 0.8909298792590838 0.8528931925973802 0.8655627113332062 0.8598703360833256 0.8582125142875253 0.8744071788101692 0.9031333321865352 0.9176385103230984 0.9262685093756795 0.9375350982913933 0.9737335177922511 0.9817452777289061 0.9932530802341384 0.9821994790553967 0.9816203582504865 0.9725660879466675 0.9651696226806046 0.9527622106725224 0.9467606510879751
0.7790022190984407 0.7950974092523855 0.7761994226060877 0.7800169389038246 0.7438398671897816 0.7268247067068712 0.739886612901326 0.7063560775866117 0.6996982712236257 0.7041116136751704 0.6943948708914836 0.7078176603493648 0.7283751295343569 0.7227831431450623 0.7344285782036111 0.7619575040050166 0.8013888165480905 0.8673124147787695 0.8633558113640785 0.8611324652980378 0.8573556416227257 0.8977234286176886 0.8913810968720496 0.8903557092444785 0.8892788261673967 0.8318197510411144 0.877267177166371 0.8686186079632076 0.8746977305532815 0.8624674131908209 0.8974450554486403 0.9152523952344067 0.9371278608920637 0.961012707803155 0.9717158345577829 0.9752882261105642 0.9996445791079904 1.0 0.9550382646028049 0.9562631766269164 0.9552812521076531 0.9688454569011596 0.9246153778526368
0.7969007785517448 0.7633614810022635 0.7529628364080111 0.7442250439720904 0.7619082445821902 0.7283717126617228 0.6976932505613774 0.7070630893351068 0.7055300729874294 0.7145320785691328 0.7150180744360717 0.7089355947998001 0.7286485086526892 0.7185181696541943 0.7309477399184684 0.7433895436043604 0.8065915813868689 0.8118766444683152 0.8199640064176517 0.830156380807297 0.851672940344954 0.8672691128657243 0.8869130038874922 0.868705967476667 0.8732345491291903 0.8880373218975295 0.8880042152354444 0.8803110731819913 0.8886929560292661 0.8864512673141038 0.882754324882153 0.881342549575977 0.8990695002623409 0.916247073264468 0.9299060272517534 0.9408566852439878 0.9564007096346011 0.9675666449650488 0.9509390113241983 0.9442336759492996 0.9148540521779033 0.9312637363300907 0.8969671780270858
0.7799175173261499 0.7581860448374428 0.749701807887504 0.7424412754714195 0.7396526923364521 0.7171457079080621 0.7236789283612335 0.7009109615333637 0.716918444324861 0.7188439015855891 0.70095847936202 0.7224042127344049 0.7258157860205013 0.7186462219064921 0.7088771020485402 0.7237599487143159 0.7825724768189646 0.8037681583381626 0.8202431316729962 0.8218870635582027 0.861657636347436 0.8826670840728892 0.8580677511774689 0.8640451171043864 0.8813793091041427 0.8835649215832442 0.8784544644639444 0.8887506203999486 0.8812817832899718 0.8848867413217114 0.8576356133468543 0.8562935498578828 0.8648342893774918 0.8779675410269201 0.8821265579907916 0.9105551210579538 0.9303598433946313 0.912029007170387 0.9131582016971839 0.8899322727082926 0.8715612602215985 0.887854880424715 0.8570781373357172
0.7514622860171154 0.7534652514029794 0.7066010838401241 0.7020508735256759 0.6667222341270559 0.6920946351791291 0.7022511896918908 0.6810379761150943 0.7016695917308207 0.6886204403753831 0.7140436914542295 0.6931176038355605 0.7004204029725805 0.7044180633405412 0.7116106066248667 0.7273397529162247 0.7411079331779153 0.7843629630316401 0.8072697176680639 0.8255006011055733 0.8471679015878886 0.8670502692650461 0.8651827369069217 0.8678946335428382 0.8887768096065106 0.9111135400375154 0.8754459764295723 0.8597885987695242 0.8626907961561883 0.8826296614929793 0.8783846597393833 0.8390916009030979 0.839992029200504 0.8633518149530351 0.8770403466053106 0.9142725004227304 0.9134933791735377 0.8866247430109327 0.8900269533488421 0.8817188425421677 0.8707706041264327 0.8543316409019167 0.8316745436916466
0.7293936369136175 0.7503178230729611 0.6927553948899522 0.6598125314514239 0.6585050658022201 0.6325797386809128 0.6416292423224044 0.6768684426913176 0.677311654632404 0.6744802358821864 0.6790567652710224 0.6749826425545354 0.6666893080117487 0.6673566300870509 0.6600675430561853 0.6849714508301841 0.702106513373124 0.7186693609351148 0.7693115171484157 0.8166876554548905 0.8518595944876104 0.8656178799976466 0.8745377827086614 0.866579659543354 0.9029114037592408 0.9138215169801375 0.9094375637817486 0.8881437098443404 0.871315289848405 0.8381597534165172 0.842748355707552 0.8490342929942543 0.8383111417234703 0.8322139324823867 0.8648584754309416 0.8874129324788959 0.8865124397600463 0.8806576703808218 0.8873095642201607 0.8802029092724208 0.8408772454986329 0.8021610169386184 0.8099456303006712
0.6832174659540478 0.6694193849564977 0.6642401793494923 0.6376264530567054 0.6366656994101076 0.6163215909567422 0.6104953921224135 0.6224111186985657 0.6384703823600771 0.6318182572565257 0.6350742443921137 0.6410507052563915 0.6687046230949598 0.6743752599601341 0.656230557191841 0.7052601908811182 0.7162042584645953 0.7257206420209056 0.7820911837486146 0.8018727089900931 0.828310928755476 0.835558663938571 0.8800958030731219 0.869181170898287 0.9045729049423614 0.9027161385490372 0.922415084325264 0.8853922159653385 0.8911493322799238 0.8704070012902625 0.8463383063462352 0.8298399739777229 0.8313281226539457 0.851222112193935 0.8559837027117502 0.8855381830646718 0.8861422087966776 0.8935615374414028 0.8818364402606866 0.8605449222610408 0.8585799195155207 0.8301723851544813 0.8076477457588277
0.658077777060629 0.6635067895452015 0.6519836795945627 0.6427575279103203 0.6211537060935686 0.5810216068100655 0.5987075615403502 0.5994839033474411 0.5977502853237109 0.5999936116730062 0.6270241182522811 0.6612804127992247 0.6549826188462289 0.6660437301845833 0.6503830683049955 0.6895955788873287 0.7158994219404118 0.7369304799015259 0.7830523796988602 0.7797223889104565 0.8292043639355037 0.8453271625580787 0.8460484383879199 0.8746922886641296 0.8838198197715871 0.9015075790782083 0.9260873516610159 0.9053106066085346 0.8814592661839175 0.8592505568432255 0.871359079142954 0.8567334760522369 0.8702294334922601 0.8585317775862337 0.8559113857859609 0.8982839918595165 0.897949364512989 0.8619907265204537 0.8524259304961361 0.8643508898805843 0.8584489764403124 0.8127784005965518 0.8194076442869075
0.6139085967262425 0.65867609580706 0.6449292664702163 0.6346444604297612 0.5826885139419976 0.5942543981223991 0.5898100436441155 0.5719622016431564 0.5693268472696037 0.5646576717143008 0.6006497741856472 0.6163701584339633 0.6434194587912969 0.6452426238372589 0.6740174424711757 0.6912519145486052 0.715208186185465 0.7241525987367536 0.7605147656673371 0.782310861077003 0.7834157101584326 0.8137287861917264 0.8278648463213942 0.8747742596080118 0.8917749728347522 0.9252713112561509 0.9274030886331114 0.9002413422604045 0.8810101304613835 0.8608675499654916 0.8554755203353337 0.8739408377186848 0.8707188823556807 0.8749050017077434 0.8742212668880485 0.8855619087003973 0.897321709587143 0.8820011342599346 0.8776978714939009 0.8836738589883351 0.8528946720311908 0.7933348243349287 0.7864274313385509
0.6129021958790922 0.6283505651836698 0.6072585125272094 0.604203392549403 0.5977859002175119 0.5834316862553839 0.5690782052197466 0.5721634113314693 0.5658401074394738 0.5700462008063906 0.5838577318122303 0.631574690947028 0.6285573325981871 0.662613505605327 0.6719289473695512 0.6991149725483802 0.679944888519196 0.693072800008512 0.7357042646494816 0.7485329721613344 0.7668738831023468 0.7488780512788503 0.8045056718616342 0.8375900785331796 0.8728516973771444 0.9169992707197209 0.89424654533052 0.9059103840469398 0.8656120559875823 0.8657536940170387 0.8660762870125349 0.8325178451508021 0.8632524229979389 0.8811621679006257 0.8723610969231015 0.8899631350008305 0.8616246274160545 0.8737567483538214 0.8453974203664089 0.8617649418782238 0.8124621433349438 0.8034690380633669 0.7929725510070873
0.6229969433975812 0.6394191782666011 0.619544737945542 0.622072773311227 0.632556811492151 0.6051291321714243 0.5925026985425242 0.6032845988874384 0.5957269175962777 0.6035909354720713 0.5937040121883501 0.6248077396619774 0.6306641325980166 0.6405016653637511 0.670259345733908 0.6994785905984928 0.6863145544759607 0.7185381243843701 0.7252756473532141 0.7456598677931913 0.747192613160187 0.7656377387791489 0.7977380838238118 0.8369462312226292 0.8634493988602597 0.8524036478708485 0.865801787638623 0.8442360151295996 0.8655278369516032 0.8384182255589138 0.8583737942314789 0.8696690051815292 0.8565360169557704 0.8484920538312737 0.8627831508049145 0.8317164382774155 0.8472476271066667 0.8375730560691849 0.8137239049304824 0.8014959793793413 0.7945981430885123 0.7792662791282929 0.7989532870704367
0.6217843318151208 0.6514590054484304 0.6473213452544694 0.6581668000024078 0.645368682424149 0.6228740361101579 0.6048930334304297 0.5891491780972202 0.5928148386657653 0.5993466265121558 0.5944356125265803 0.5912871844645329 0.6009540059640992 0.6348315767453435 0.6515866436423514 0.6644549567098872 0.6765704486855182 0.6926930189086802 0.7285141706306724 0.7097907113699141 0.738201658843218 0.7243992601207127 0.7579859270532205 0.8066619822515778 0.8484477772291391 0.8418861930935907 0.8340735723642135 0.8237607786570295 0.8287729555807242 0.8493075709811728 0.8515562438058426 0.8565665226893685 0.8381917384685943 0.8197780353691527 0.8059217849095672 0.796284377668064 0.7755921504819876 0.7559869056343566 0.7581593228136868 0.7673851884165864 0.7926928753761224 0.7968456736254342 0.7867342613518757
0.6439795407636109 0.6582823499475992 0.6329514812570423 0.6250371374760479 0.6406192716626924 0.6501503100983395 0.6273295548027401 0.5850733247746267 0.5937610336883101 0.6191717130509605 0.6200759301173694 0.6236395375535162 0.6170578552847145 0.6197930469265113 0.6289568549042627 0.6776380917458968 0.7039443448856011 0.6790353177025786 0.7059733097548508 0.7133093578783729 0.7248122977989805 0.7340364399743559 0.7632360440454318 0.7771803927154204 0.8232555076403782 0.8452147068752655 0.8296736121870845 0.8251793620763851 0.8074105784744552 0.8014384388191461 0.8123012648701303 0.8416233599550602 0.8404280487636635 0.8139962128196795 0.8074474703699474 0.7632925805845416 0.7360861041497271 0.7440204996642881 0.756294000751747 0.7356086888340522 0.7361107480508031 0.757478071765528 0.7596950611633431
0.6205152629123538 0.6504761824821474 0.6532862305666357 0.6515803942980517 0.6724649640011048 0.6757891970502273 0.6179840643574676 0.6036570165114603 0.6009750761623521 0.6201810021849758 0.6127285341121854 0.5947297927578638 0.59729576552892 0.6099568131977291 0.659555728085226 0.6885451285393961 0.6797773822773041 0.6955437886855582 0.6839676201732026 0.7078845086807904 0.728862482190214 0.7177921995135362 0.7645068765308561 0.786196700921632 0.8060386566400006 0.814547315586831 0.8305001099080125 0.8151529815907869 0.7910586681428359 0.7858817545158455 0.782318962448551 0.8131111715815588 0.8179964623169681 0.8112271298373075 0.7569215824355913 0.7367856434327056 0.7153795879878865 0.711819024392632 0.751820865924128 0.7311695834202533 0.7078088969105757 0.6966051286558992 0.7141933133879586
0.644433082260366 0.658006408543933 0.6608181999250667 0.6532406831473475 0.6749084859652879 0.664363068165869 0.6324329804664774 0.6359630721614967 0.6182137555165674 0.6408216346006671 0.6280416172405163 0.6020324966895926 0.6032658863226923 0.6152055563189912 0.6646191917488715 0.6861785930004012 0.694054992561355 0.6736582409958901 0.6809652326806078 0.6998410927891816 0.6992719530298721 0.6900975336095406 0.7214600330475542 0.7649408731699882 0.7901266295886293 0.7927476154978109 0.7807616111875877 0.7803594710573082 0.7911648520723816 0.7806300878206218 0.7485745093828602 0.7691737323511945 0.7680936094223753 0.7800041996633529 0.7452334320762667 0.7243306761229822 0.7214220120814168 0.7163335572188403 0.7315022009889298 0.7043294035923074 0.7199708115487831 0.7021062803327764 0.7068372444549298
0.6634452721978678 0.6368097090556069 0.6626944230098439 0.6657545966585869 0.6676967017561599 0.6572072266980604 0.6474202294359371 0.6480320089730071 0.6592394013583572 0.6329772085966818 0.6138990406981517 0.619091491138147 0.622318261501435 0.6324629705073099 0.6620096589564124 0.6449956906755546 0.6622348235317111 0.6677578995525004 0.6701955237721813 0.6689829806523655 0.6782224511950935 0.6890518879119564 0.7142896381613226 0.7214710866027294 0.7578524844531574 0.7640221556622161 0.7787755386228 0.77994855044649 0.7533190087955515 0.7336685407187281 0.7214007532227619 0.7401105611312792 0.737398735697824 0.7320671980048074 0.7404584689568557 0.7355649966855249 0.7223014165242503 0.7045602294515865 0.6910780685327876 0.7044434638175203 0.70378761496619 0.7047742676127244 0.7183648829233903
0.650722141524534 0.6320047550364966 0.6360793423899582 0.6317757737927536 0.6405918543745234 0.6298816792593299 0.6395990975158123 0.6540253839593116 0.6606216866278661 0.6293273338241987 0.6319397633073999 0.6413929350995428 0.610022391552694 0.6044102755328966 0.6293159329772287 0.6503531520930284 0.654248694005657 0.6527300788530703 0.6522108398443698 0.6446670528064616 0.6707730663672359 0.6646270328563766 0.6687329426971343 0.7099251481942885 0.7555738521036409 0.7844005865608065 0.7694312791140737 0.7379462769825573 0.7345855232801641 0.7084692851551505 0.6879591531629677 0.7170654428693602 0.7045383133154781 0.6883592073086088 0.6995918679445042 0.7305721395096257 0.7266567732665093 0.6874933668043897 0.6853821332577217 0.7044249983664508 0.6930735198044665 0.7108278455076912 0.7204038499283761
