Raster_benchmarking/DGGS/continuous/raster-40.asc
NCOLS 100
NROWS 100
XLLCORNER 1743156.9352379823
YLLCORNER 5469295.062932576
CELLSIZE 10
NODATA_VALUE -9999
[rows 0 to 18 of 100, columns 43 to 85 of 100]
0.5199943605046228 0.5962271475842723 0.5988709104877427 0.5695900395697703 0.584799897320782 0.6365419370982189 0.6152984093805659 0.6751498145057001 0.7209263142932237 0.8086451900101961 0.8357666556645718 0.8461234650504083 0.8668058037116374 0.872275931368292 0.9106675377893556 0.95389052741936 0.9389517531781734 0.8931898201844467 0.901692477060341 0.8716090684670676 0.8771636982382569 0.8922420243036091 0.8612831228108367 0.8888329710432972 0.8904568301336153 0.8463152013507781 0.8441120551830614 0.8965907450040006 0.951283215619764 0.9211339640787326 0.9283837510445615 0.9174505718314363 0.8899523602811202 0.8928065220321912 0.8575873065387916 0.8590761264871676 0.8567648445487726 0.7958852011435769 0.7397451410205845 0.7744426225686566 0.7568282309100668 0.6979341011601493 0.7173055454068218
0.5430643176277321 0.5832130671025696 0.5782136046675197 0.5987668804166861 0.5916265728146616 0.6440856677578078 0.6739038778818988 0.6982766508151557 0.7337162202085282 0.8264879952439075 0.8575354096584984 0.9230641507400497 0.9262150704819083 0.8999244611394519 0.8969650571212808 0.9093617517763205 0.9338750572305027 0.9038223316459896 0.925300348832739 0.8883896610426985 0.9246491477226704 0.8946598463843622 0.8587417955806765 0.880859477496392 0.8508940005112204 0.821864038785139 0.8754303539821031 0.8625911115800855 0.924504371691777 0.9110018177401521 0.9300599950491543 0.8970243641354002 0.868188719527062 0.8320661535080324 0.8416719404785588 0.8283890294570255 0.8067367896411038 0.7861924657106015 0.7004491699890238 0.6991918758501852 0.7035939505057363 0.708121881632651 0.6831080868416927
0.536504027279389 0.5704717305804938 0.5727332520949363 0.5990340096580153 0.6075100830162772 0.6375687566688476 0.7089167147757071 0.7178982236107392 0.7790771502391115 0.8025612002827175 0.908313828448952 0.9737444286947893 1.0 0.9301603856177101 0.92320514206 0.9301205376682655 0.9719421154370811 0.9692243076643429 0.9163041048401465 0.8988242666706997 0.9333448513602473 0.8715069498143115 0.842143478902273 0.8139573602281369 0.8084751562766322 0.8022099856396109 0.8605139250254581 0.8921420736519668 0.8904729412973879 0.8830162318062531 0.9071837519065246 0.835268476756971 0.7899318596499793 0.8106828451105728 0.7788741831262279 0.7690284156233386 0.8277243929511992 0.7552675724040159 0.6971774958526075 0.6628778124384562 0.6944742318509202 0.6391238963396777 0.6369922817348822
0.5101887272454483 0.5343373938240561 0.5852662340161218 0.6283225492625816 0.6713961442362388 0.6756156679328104 0.7281504290643415 0.710859056807537 0.7578097110799235 0.821503418520012 0.8602336091904175 0.9542701977527841 0.9662975893059241 0.9216985252558789 0.9354758386950196 0.9485505610510879 0.9591363874987303 0.9623655848844695 0.9097307821390134 0.9379547214021354 0.9247607855524534 0.9151611439929866 0.867004270973526 0.8084735538547447 0.8168632442454313 0.8256675863502795 0.8711611027696499 0.8757008451078033 0.897606164751177 0.8958791414593509 0.8958927426105663 0.8525579472758547 0.8151921180182207 0.7996608214038247 0.7433875727122038 0.7269334191386339 0.7241969690673292 0.6845878204024004 0.667750095865521 0.6422614992200509 0.670077533218863 0.6364012919398383 0.591053867648355
0.5696493619329555 0.5421577926692489 0.5799632733017805 0.6236902337126554 0.6804939315268882 0.7054908325769292 0.7197915667797157 0.7344567877148154 0.7605308726087705 0.8040532423886126 0.8498775567632927 0.8764759347431582 0.9306609063779647 0.9418672423689988 0.9513853395378142 0.9829738983379747 0.9910291631038672 0.9509724720299895 0.8841514275920459 0.8847934228095206 0.9257560755002577 0.8669438085790677 0.8834331288041659 0.8207547055306986 0.8268451120158798 0.8580053206975349 0.8532090008071392 0.8406255006546058 0.8599868873455769 0.8352050569349403 0.8331425206841692 0.8234947492879893 0.7879537438125945 0.783311189875722 0.7265332123936012 0.7099319433754364 0.65900926467878 0.650371000218407 0.6291607509607213 0.6067725358275575 0.6184758322935955 0.6223216864058108 0.5766233879045329
0.5642612589967994 0.5969599615625908 0.6118566999591251 0.6247963318493656 0.643288961810319 0.7201814978867529 0.7271006827242109 0.7471697205498057 0.7729153451555708 0.7905156747813586 0.8810071034063981 0.8805573923581398 0.8854239950611861 0.9390631911858875 0.9235140152766258 0.9444479384065281 0.9769655916182399 0.9354997831844715 0.8878520600445691 0.8752567933829708 0.8958102127116884 0.8632096515041989 0.8523877820582397 0.8389946235679986 0.8125836580221502 0.8052525601517564 0.8111209603381719 0.7972066820950917 0.7988389002443045 0.7833309445643626 0.8219661918297209 0.8182307386426734 0.7804335504261067 0.7522029902893755 0.687269454842901 0.6412278822236958 0.6139564425600431 0.6105005374599793 0.6281139372978872 0.6099156281710967 0.5646387469012055 0.5505321058017983 0.5490800543663522
0.5440101480237844 0.5595994078001464 0.5800176879005642 0.619060668770849 0.6454282998789946 0.7190407990291291 0.7132826874477243 0.7080611747513066 0.7670687955996945 0.793852125572173 0.8849663806786319 0.8999205242778384 0.9184525894229159 0.9284542532330047 0.9560084669055355 0.9285476258603621 0.9432953805778165 0.944116372122897 0.9017437405957852 0.8652717889782233 0.8315994409417136 0.824229025658068 0.8430357860132921 0.8604855150886741 0.824518312487118 0.778017786041856 0.7525766225660971 0.777126293517963 0.7595691257603804 0.8045777972126625 0.7934400250873219 0.7593971254119537 0.7634847269756658 0.6746904348851875 0.6409233866405734 0.6053655332921524 0.5871563843617276 0.5755364180955729 0.6210883226893499 0.5663341136759178 0.5527687382097081 0.5233156521677824 0.5585396283030086
0.6096587465486067 0.6130314434908976 0.6046698135770304 0.6271645001635261 0.6255133414377064 0.698785636533129 0.7116167219050172 0.7332790454183397 0.7612794923224219 0.7993003557680088 0.8581011913424414 0.9176020857057317 0.9321180071389488 0.9471113513014194 0.944204901811512 0.9341222779823204 0.9275230729935474 0.9171295247711266 0.91889216805287 0.8544889489161311 0.84358165901749 0.813093613760586 0.8080074104545958 0.8112026107610206 0.7960877951672131 0.755745847297006 0.7445321421325342 0.7672264599711401 0.7602552837455251 0.7760984017700809 0.7237121624276884 0.7442177323376241 0.6732117312736571 0.6572329028729575 0.5824985360374791 0.5349477320586603 0.5557417546073483 0.5384679404181397 0.5379058185350772 0.5481620561662314 0.570477840378022 0.5269580091135523 0.5033451583573869
0.6530876968508261 0.6282432945084865 0.6749135622211413 0.6947458707257339 0.6539393958665696 0.7365773360289324 0.7320664959244295 0.7713449334315545 0.7710692428592996 0.8307395539417686 0.8593399393705495 0.9357991023798867 0.9458541970442431 0.90320228495927 0.8908038482115573 0.927035481365513 0.9384316446457704 0.8988741839811162 0.9168279876669847 0.8568700973409004 0.8576035717010662 0.781138691830234 0.7595304689847454 0.7846987425101107 0.7865427370838828 0.7374870831870174 0.7727252017747066 0.7413192704832371 0.7524578108964403 0.7088458975030404 0.685257983773651 0.6561785748578514 0.6505142663619223 0.6019561417697736 0.5239571602551678 0.5301386148549514 0.4863096645934841 0.5020203968659466 0.5090350412571247 0.5428719172366326 0.5707769886929732 0.5509819616061521 0.48967567115176214
0.61961395090745 0.688163246656029 0.6869867531372769 0.7136141502414917 0.7109597576298513 0.7368784623657471 0.7418781520541252 0.7948220771463965 0.8544759285466471 0.8710551110040838 0.9103560082935693 0.9099800446927513 0.9243817122426846 0.9404157239572531 0.9133839669804278 0.900314662010591 0.9126915145939919 0.8761198232395329 0.8553661265778152 0.8607628512781278 0.8606780918375049 0.7833952573317455 0.7562342403653778 0.7712699678968346 0.7534638241851916 0.7098577968186673 0.7214463405624425 0.6974129446481472 0.7100565428458877 0.6888864374310536 0.6593599892731338 0.6371432154456634 0.566844391232946 0.5350310726674986 0.4977334742187282 0.49167187594283573 0.4912924099808984 0.49905292888842573 0.5187763185432817 0.4966814306453104 0.5101953487456902 0.49034982555973733 0.5146329712496661
0.5947999783891992 0.6970041002144509 0.733986587078894 0.7229891773871968 0.7542555172630051 0.7443989377375115 0.8228656364560244 0.8321875753428493 0.8599868835485803 0.8983942889725027 0.8890346599978003 0.9136531132706911 0.9470725864119336 0.925708985209382 0.9466062981444346 0.8890095892058957 0.9010673067446183 0.8285466906877207 0.8261256604962928 0.8488032139128859 0.8306814620827817 0.8161728091115928 0.7864185565296221 0.7611487478547707 0.6867203950033132 0.7052297544733585 0.683665953468197 0.6459182369758263 0.6708397057980336 0.634203934143996 0.6162983500408614 0.5297917041756959 0.47887532742800526 0.42963411139084384 0.4002581464320884 0.4276687500193244 0.4444758979411446 0.44883662834764376 0.48389731478792225 0.5123923608280628 0.5336791965369974 0.4635701995503129 0.4805964854799465
0.674434557186696 0.7155365690937772 0.7278721611158666 0.7431468363583902 0.7681206730959502 0.7853571889806863 0.779815356247435 0.844172196957661 0.8322688496704076 0.8638682811656073 0.8860650783388047 0.9054110001316028 0.883101823662415 0.9285333759552935 0.8828702581489108 0.8688153288158598 0.8404246680020773 0.8055891874412366 0.7919168893502713 0.7840342297957184 0.741948558700291 0.7480873886471741 0.7180786310604864 0.7293326561675315 0.6618228536668557 0.6685063258587906 0.6612498084001432 0.6376119389243795 0.6503439737265192 0.6143723398222815 0.5328164149223256 0.48040285817518613 0.43338442820733475 0.3866392876030157 0.36589906092001995 0.3580650833954794 0.3992966183075197 0.4421966679639852 0.4389819612492197 0.4293802895472892 0.4679358920794737 0.4657800198619937 0.4561800813242568
0.7184305059133984 0.7515671004385915 0.7136166505001056 0.7307040483685329 0.719598888024775 0.7762601096066958 0.753309676010626 0.7717384562119121 0.8573818579047146 0.843240785901171 0.88191020920099 0.8672483404222191 0.8721885284270472 0.886634466194519 0.8738310864000448 0.8683548239376307 0.7993967583591348 0.8047480669850058 0.7821267606380068 0.7799409809394017 0.7059012347107926 0.7111841263376861 0.7199860616916496 0.6792757446123634 0.5992602850149263 0.606287050791188 0.646345304043083 0.6039652836505413 0.5817761432964109 0.5548939610644941 0.5341252341607221 0.4675849403483166 0.38895008652987345 0.39425746201943407 0.3340584693840955 0.33526903238780104 0.3213756947574895 0.3641582470360768 0.3984575637170518 0.39716384998498655 0.41311358499075607 0.43827672843461857 0.42710110409068325
0.7087902675770357 0.7368199034452845 0.723358882359076 0.6980014446781859 0.7137708818107085 0.7183237342903807 0.7431428024367678 0.7339496756473499 0.7633277880248854 0.7979731357728972 0.8244340933500517 0.8306754258887389 0.8063782852630844 0.8178735692943203 0.8294017769972306 0.8276830074814923 0.8374113834132065 0.786432932449314 0.7838856563885271 0.7358032586956653 0.6963255051637365 0.6875399604699292 0.6572917332542166 0.6023532059708105 0.5941753359345591 0.5702839697289085 0.5662680220420948 0.5808836969521178 0.5898663428844986 0.544559624120949 0.4988056670003834 0.45914705365491676 0.40753208044191186 0.3881899579220794 0.31361259213605214 0.2860986777881975 0.31269172996982514 0.34324639183978944 0.38167483474363556 0.3538973096358438 0.35201882325328604 0.3550902539097262 0.37979121019461026
0.7552739745104154 0.7640748713858745 0.733133961725392 0.7354473961649254 0.7072527263448175 0.7117565216628198 0.7273474791491598 0.7067578226178717 0.7215093209777217 0.7354449134651648 0.7596447521920299 0.778898859293165 0.7944154015786395 0.8022263939053811 0.8378594663442333 0.7871418751694579 0.811081480972343 0.7577120106822742 0.7350180305003334 0.6933774801021154 0.6509364287545804 0.6116667893703019 0.5860408855404368 0.5583566673922066 0.5497832462673773 0.5511635659237235 0.5907749556452826 0.5597558809533462 0.585863192388171 0.5412166352996194 0.4386648187654653 0.4407857490392148 0.3763062221246335 0.3448524444152677 0.34544603360922027 0.2685043952528092 0.25122138599817845 0.32676632181741844 0.32313195847458764 0.3205057128291234 0.31439051147799296 0.3188206886406065 0.2869204280146001
0.7011551592032779 0.723199605878332 0.7163317855436574 0.7030591549942373 0.7095403878382456 0.6954007325966243 0.7208438728899004 0.7638874778772343 0.7122062538737615 0.7144924495338522 0.7403652792081337 0.752125998014424 0.6973466069932157 0.713735388873063 0.7160386675164057 0.7641721852163964 0.7455643159100991 0.7616714032079673 0.6936941001826701 0.6719480498466739 0.6050392546088267 0.5952220836758564 0.6066928823143688 0.5749172799182869 0.542910652688946 0.5375061370792872 0.5366992775121892 0.5390008157404309 0.5207884585058976 0.4692157893766669 0.45958344796227746 0.39788574066811033 0.34081739242385445 0.31361078160868117 0.27839805892314007 0.2866241008464171 0.2438092898714238 0.2944417325377023 0.296800690178354 0.2634200102301685 0.29275995548679545 0.2808899895072887 0.3174628649590574
0.6653298756103709 0.675920394495504 0.6691214850769156 0.7153113604446828 0.6809400866229828 0.739198400048106 0.7465412465394434 0.7507927249345762 0.7636215604558779 0.7041915152225277 0.7286853589301083 0.6840582700855237 0.6553794021411531 0.6944225390703067 0.6567891834305708 0.6634669184196057 0.6965100826538823 0.7111827488765853 0.6895833259087123 0.606892022888372 0.5930616967048791 0.552727036238644 0.5632949568749854 0.5652337032335535 0.4915262158747587 0.5398683876386229 0.5587164663852141 0.5112886371657274 0.5095952790795392 0.4324162730686257 0.42272586573252885 0.35236325830942034 0.37394299520040336 0.34036185487573795 0.27905897993739726 0.25391315271085096 0.26892129831504263 0.2552336430266382 0.2598579618161958 0.25169792804480395 0.22137828658651082 0.3003894872134331 0.3092675835385892
0.6606470751895753 0.6585291756787173 0.6445742609240538 0.6840054004717971 0.7184735126885973 0.7205013485670331 0.6870024285181219 0.7261963596969256 0.7063292170807633 0.6689215243678636 0.6866714071856944 0.6341812175247761 0.6279731348854515 0.6569714478596199 0.6612967552269822 0.6614901080161165 0.6279071986779623 0.6049772367518558 0.5843535528466121 0.5958841150396538 0.5477841269328539 0.5451348865394444 0.5576663265790152 0.5340415491679273 0.514283927055459 0.4753341310566776 0.5047578579984657 0.5004754589609768 0.47344120237864185 0.4172672451110244 0.3596986985527681 0.3390824812848841 0.3179183572115847 0.291349696506151 0.2551040362595835 0.2910469121606169 0.23337033835795332 0.25735040095389744 0.21764661025354415 0.24077050932813387 0.22714562764577245 0.26284873680916165 0.27117081876935395
0.6530180546802798 0.6470694378558406 0.6380353723124912 0.6946553326263882 0.7136781122520304 0.7100852538311903 0.6819503713289 0.6638592799132247 0.6663028471412422 0.6308844197987352 0.631564740493006 0.655123125433632 0.6365714163016738 0.6551123109815077 0.6109060975592479 0.6264844085683552 0.5566097232231559 0.6137114212590127 0.5729369350399012 0.5981394248935579 0.5789524873154498 0.5365827530008789 0.5536432501491679 0.5518607668138671 0.4657091773287398 0.4386952512853816 0.4784411512704515 0.48908937476642184 0.4411855211901736 0.4070017492912316 0.3294786088363168 0.30975888264242113 0.25982744553022824 0.30966084491708734 0.2753018312707958 0.2844699488251991 0.23187035623512103 0.2507348798396409 0.21381865220638183 0.22456405622054065 0.2157417177411395 0.2256647820606016 0.2575595694718815
