Raster_benchmarking/DGGS/continuous/raster-487.asc
NCOLS 100
NROWS 100
XLLCORNER 1743166.6215866471
YLLCORNER 5469296.250943011
CELLSIZE 10
NODATA_VALUE -9999
[rows 38 to 56 of 100, columns 43 to 85 of 100]
0.42393305180007934 0.4653602510458317 0.4736050211783227 0.4368832732923864 0.471087850337072 0.5049147817012845 0.49535083604360935 0.5123920564050545 0.5043854613471495 0.48674680336945975 0.4995126596210451 0.5201667717247476 0.49657371147026447 0.5149350693193551 0.5253940516110075 0.5763013337128932 0.5436627149755526 0.5377026670269281 0.5564892972555421 0.5438117492165887 0.5393787979384659 0.5635499324075905 0.5702571566412349 0.5950841991593734 0.6157276543153074 0.6037785966392161 0.6287673184135072 0.6083861599018535 0.670212699040881 0.7057755527015175 0.6859077426578052 0.7242970213904388 0.7407666209751725 0.7440089051434111 0.7347216442744138 0.7314256617900784 0.716221116076015 0.7134273972437308 0.7245666194347685 0.749147223819955 0.747576056234872 0.7341132663182657 0.7755871928335641
0.4237265846099819 0.41190725268439315 0.43385790666090573 0.46569954423855836 0.4630256021447435 0.4629528584695309 0.4547766518994592 0.48580429614275383 0.46896572679606285 0.47680353860172214 0.46664802654303766 0.46092451108552446 0.49713174188267617 0.5108181198356991 0.5234507209060592 0.5425851865597411 0.5290510437799572 0.5573164017259475 0.5361321981157542 0.546659744609373 0.5780523727559883 0.601997712713421 0.5710159724535465 0.5871813503025152 0.569806588642799 0.5661113218060001 0.5894206059347146 0.6082217003063394 0.6403793794497612 0.645788484906216 0.6828223388705602 0.7019131191704086 0.72979156570097 0.7305786749774115 0.7084863243086372 0.7208596830574373 0.7358478736756506 0.7399633486517941 0.7243296482369072 0.7364914767668396 0.7203083704249558 0.7567389748239343 0.7715179926872129
0.4133893685050183 0.4097794053132144 0.4381758499517614 0.4342478280094619 0.4418432326225335 0.431846880152709 0.4193461905955007 0.42031493514123747 0.4279593061513962 0.4162983404815921 0.42716648858362216 0.45035582366014293 0.5027240404929384 0.5519793683728975 0.5353937680549313 0.51470230297512 0.5285584043925755 0.5296535801885766 0.5543521342544179 0.588241250226785 0.6044500252408175 0.6307648391021772 0.6032798627860229 0.5915707103732943 0.5542519231292612 0.5794334642698694 0.6066172728622816 0.5861708108287128 0.6112638503485855 0.6572655745459651 0.6536944090672304 0.6725526930128131 0.6975436190694692 0.6806010908936208 0.7171944023328766 0.7298662793763601 0.7280189774582622 0.7191000092658533 0.7215776046835689 0.769598518691934 0.735495614095677 0.7234430519202096 0.76742925481405
0.3979468215248437 0.40317714819559614 0.4160899692011939 0.4169336172347371 0.42513832582734506 0.42694412840670204 0.41919719280633966 0.4327415031261645 0.39537355274839125 0.40994093690946953 0.42697701579307373 0.42919596633424306 0.4877138948225012 0.4997891041671811 0.5336324866755919 0.4998566068516218 0.504991958978879 0.5269781359834418 0.5592825215967653 0.5989262854044419 0.6077798747188314 0.5957644140374436 0.6148012768241303 0.5720308608997078 0.5527654734283056 0.5765940527158449 0.5736115266320597 0.6005109913976499 0.6229749467971524 0.645830999547314 0.66623081289499 0.6767878920997652 0.6575399975304707 0.6814921458769263 0.73095067513242 0.712949208566466 0.7015417004151681 0.715736219272091 0.7591165887962326 0.7733223141288549 0.7352293881140904 0.7501696132230984 0.7646032656743098
0.4140466393006055 0.3681611509341575 0.37916468840599354 0.39848438368332006 0.39547201862854314 0.3798451138017854 0.3998101415384993 0.41978247112111494 0.40292671346948405 0.4050333231717501 0.3912483344169972 0.4089345405826277 0.432787158059808 0.4572293796597897 0.5240486730149756 0.5079572738700803 0.5067576668309988 0.5554938623864561 0.541555502710169 0.5898544976539396 0.6269667899602978 0.6253977859357073 0.6315220364095456 0.582062634180691 0.5579420082972162 0.5582719898140008 0.5724032169947283 0.5562881901215642 0.5900138423639149 0.621340837928402 0.621165552354754 0.6243098003784721 0.6692306596739771 0.6979133247689304 0.7006700105134658 0.7200611959398726 0.6871529257229667 0.7194465265899865 0.7581936650306127 0.7385479937425524 0.7308762061373587 0.7221977663231494 0.7245801801039331
0.37705972028012674 0.38236069993200034 0.39822684909843314 0.40368376879168383 0.3703214651848798 0.38999706077652946 0.3936252595456654 0.41222300596892775 0.38704265139779254 0.35269935745755726 0.3641153136812638 0.40729157123811643 0.4209098606402851 0.46981407118283364 0.4955809223720507 0.4980976268989737 0.50780470122276 0.549183383866373 0.5653646672471622 0.5944724604305082 0.5880987890064762 0.6296489847034588 0.6078305670849096 0.5891487366023582 0.538655713169469 0.5216660239013645 0.529935004869742 0.5365984862551559 0.5468578335340643 0.5779163049910945 0.6150813253732466 0.6163790513184882 0.6637218450811354 0.679037439053177 0.6708897334426053 0.6835408102310548 0.6617338954440739 0.6774142161217788 0.7176719598086441 0.6891118242771075 0.7287432324183384 0.7341322895949098 0.7368130777294556
0.37757991678126057 0.37222934049664824 0.39742713152689807 0.4025634410186939 0.36488487037210204 0.40517570228419614 0.3890399132280834 0.40891506993847476 0.3700019154606106 0.3477199708095513 0.3425391287948617 0.3900263455991063 0.42545287796457926 0.44900057167264185 0.49184219458624495 0.5070273788002383 0.48277982778486467 0.5082027900666659 0.567341752236978 0.5954540418087219 0.6073011822990847 0.6423882051747317 0.6075714450489637 0.543193899010446 0.5562866190288459 0.5107975272572165 0.5347972051749246 0.5226479791949566 0.5447856949188679 0.5309692025897536 0.6239180045125015 0.6527097507852161 0.6595094482451679 0.6624041064380236 0.6372305941430878 0.629166439366896 0.6422092531887165 0.6829920552906608 0.6607757687648362 0.6704667311326128 0.6996876910760462 0.7344169532681669 0.7326964967355901
0.4181710608444518 0.38290164001981614 0.3721594892057699 0.3546044082854765 0.3762875917810266 0.4055421453947334 0.3763990615337639 0.36105437797038165 0.3464357214680107 0.3403856486027901 0.35565777019935346 0.4015176590213087 0.4112228803380831 0.44368625291886643 0.442906643918286 0.49481578809002547 0.5046148085524677 0.5290695635621255 0.5331263461716886 0.5586313193126056 0.5780469521861733 0.5895926651951169 0.5656862763687002 0.5557230971321016 0.5316844329261183 0.5450237633104504 0.5387231615501635 0.5639278870289081 0.5677570675360399 0.603993879277029 0.6335343957411955 0.6438528369869788 0.666898930239352 0.6623316505961223 0.6620953414174269 0.6279776952167562 0.6672330571559794 0.6417198789515247 0.667872718461123 0.656828972343536 0.6899748847692625 0.6780345043790548 0.719103362814502
0.39706618220496354 0.38148539795979974 0.39833619243711493 0.3616244667474705 0.3777050540691295 0.41056412038754986 0.35235706491202046 0.34445396885819624 0.35354941228022646 0.34328099015938207 0.37147241521068525 0.3862990547907037 0.3839734488522545 0.40035129152605564 0.4157964038407849 0.43206588675280416 0.4451212709727355 0.46884954606104784 0.49758868553217694 0.5115146628088422 0.5444832835219464 0.5556271674532652 0.5701411302634389 0.5924944831210206 0.5834038107832276 0.5759127232555903 0.5691621572336548 0.5875858904160821 0.5998903779047344 0.6130510176237708 0.652455051713459 0.6454201075930831 0.6586008652560892 0.6598244621195776 0.6357373270274267 0.6116510503272596 0.6359869982041091 0.6478643969159242 0.6776152921073265 0.6421409244515869 0.6757647696377894 0.6708140610989151 0.6549355793303102
0.4362546711420222 0.40721785075539135 0.3953734046575127 0.37260749976522434 0.3597508536517862 0.38331257061532137 0.35092925785148094 0.33884538727726193 0.35347024119333653 0.3575611573352725 0.38423010168889876 0.3859556691282065 0.4139815423168119 0.3854029603795037 0.4214092598431586 0.4135544652167043 0.4413054439809437 0.4648038694443179 0.45677799911172046 0.46738083909050754 0.4968582930821414 0.5372608092543656 0.5581688888854995 0.5673302520979531 0.560099074089743 0.5859676873033562 0.6065219915543376 0.5808274854488187 0.5703758692719474 0.6211737407436261 0.619097672132489 0.6174435757619358 0.6221493273359034 0.643524326308895 0.6351030227712169 0.6058640401799219 0.6180198398511944 0.6592924541547431 0.6508687956397581 0.642812144684966 0.6561752535900537 0.6690731536927595 0.6502911978994788
0.4463362610605846 0.4098818696591707 0.3995668630982185 0.38105516166352693 0.3989145892513921 0.37038939888023226 0.3881174755013598 0.3684983529155648 0.3763323389481205 0.34998138565280035 0.39020562131947156 0.3778844195761229 0.3926362552308455 0.39051718496055704 0.401082464740507 0.396578837007201 0.4294681755600919 0.43292069727709476 0.4213932238816649 0.42594687489246297 0.43304049588445376 0.4546618799124783 0.5177523156224774 0.5301897234208051 0.5408670209867692 0.5864097836420312 0.5793538753226262 0.5733819494285061 0.5944193847541822 0.5845795785165486 0.6101991363323812 0.5876682114456185 0.6218509877661338 0.631900257766734 0.6262653924450157 0.6137036659564454 0.6308753184368537 0.6371658185432323 0.6341396750772056 0.6453261032412476 0.6614494905878435 0.6305769466589008 0.6025162914805036
0.455340884923788 0.40716405052326 0.3954483289554015 0.3902995399169197 0.3944452627434581 0.4052183448892927 0.37608958636080675 0.36838935451936095 0.37034428216956083 0.376263781745378 0.35470171330751393 0.40323494090067813 0.40582664293724774 0.3952161339736495 0.40000405343543965 0.4370879095538437 0.4617983121579058 0.43294878638089007 0.46876936875562614 0.44373425694210616 0.45784576375677183 0.4455026487101448 0.5034439154645006 0.519531826441802 0.527642840198262 0.5509544398840359 0.5494462336255129 0.5589794716180392 0.5828607169772171 0.5625766552301619 0.5890175763774608 0.5835728071572271 0.5904721229015941 0.6168035542975999 0.6090741232791459 0.6282073489714428 0.6142824796732481 0.600423503551231 0.6255093956622999 0.6034286917389584 0.6155057260103055 0.6485247193163038 0.6292359656933939
0.44399363208991627 0.4466760265191516 0.39436046550288617 0.37319082965275713 0.4041627875418581 0.3821191507532282 0.3919600065079637 0.4065672254733889 0.37065678250136247 0.33980638639701893 0.3371856843534743 0.38026763999971636 0.39298381790910253 0.4304791091587581 0.4429113361528088 0.46049981271143176 0.45348903825885173 0.4576642735835757 0.47939919363667743 0.468843924190024 0.46584529240566397 0.4608549111724608 0.4993855086235932 0.5018707774845402 0.5159335479157335 0.5181890601513259 0.5243858070348691 0.5574688226158494 0.5817694806902449 0.5812880789389389 0.5970432696811698 0.5850018845860507 0.5799710915709014 0.6198888200837507 0.5868594416575288 0.5803281614441778 0.615573905609846 0.6143259214298578 0.5954209462362657 0.5792466285575861 0.6126235636922286 0.6177974374599664 0.6410386073968226
0.4478056425607187 0.4070928805376453 0.39634578814712695 0.40073012076794395 0.38754632358560637 0.35935292207718317 0.3590907665883489 0.37496704137053755 0.3539607615188191 0.3418227812658393 0.3460643893627917 0.39782982021930824 0.41195639663074524 0.4036160464005193 0.42962893898882143 0.4817300957225961 0.4942966822730068 0.49296059263738656 0.45090027122254617 0.4289731567700279 0.4441805609758907 0.449985561287463 0.4791438254055111 0.4816411522814912 0.4951424326719563 0.49459403228234006 0.5095111623090788 0.5086590489112746 0.5271824903677291 0.5483843323260099 0.5468873794694729 0.5646447317513028 0.5867392515168984 0.6226411884867594 0.5998825174100816 0.5658483852191251 0.5934766621646959 0.6138288776662555 0.5831490077458233 0.5957407970634702 0.6150462047233255 0.6159662265037305 0.6337538596178911
0.4388338040492678 0.43630492690049216 0.40851563296382465 0.3771892609350636 0.3966966418635652 0.3723918648905099 0.3610166607476647 0.35489878641392153 0.38331272983743825 0.39693919554438695 0.3947590910043608 0.3546990858044306 0.39642975288696636 0.4167876767856929 0.45015461815177704 0.4628253666736812 0.4724057334317822 0.4987490154958441 0.4387961184243384 0.42855464504278906 0.43605425693489225 0.42820519687136904 0.45588723392002545 0.48674810867211604 0.47262674461160686 0.4749029498117897 0.48188790087899486 0.46856704734852955 0.48320143367306606 0.5102975872581793 0.535059355903534 0.5913620871272263 0.5805226484812583 0.5824715272575406 0.5991486186839178 0.583019831866401 0.5806258945440184 0.5936509447625763 0.5971470467521619 0.5946629762472325 0.6138503847596114 0.6188053893361138 0.6164898425562169
0.43838023100753953 0.4127881407291016 0.3990019694866571 0.4046939142750338 0.38142470941822754 0.35338524134822896 0.3758357415347622 0.3675595240826855 0.3610931201046003 0.40942709093994967 0.40149488626643337 0.38562557724555074 0.41201361059464026 0.4088488510398067 0.43396634845769655 0.4598119374209067 0.5130953186782153 0.4779041889677411 0.45483312846498275 0.4507381779306854 0.41966073486451955 0.4142390533785582 0.4688365345053677 0.4581795796835604 0.4858574125495843 0.48822008752708207 0.5047884161528061 0.49790587639611467 0.4960537758732477 0.5157375292943146 0.5395441746471986 0.5353333501147183 0.5749615198876271 0.5752840678648682 0.5473897363316197 0.5716321215834899 0.5495435798163895 0.584291680850939 0.5972493920446175 0.575655553978262 0.5714836770827086 0.5834204739265424 0.6035430900464727
0.4263599793900271 0.44741551098061966 0.42481079230172547 0.40032029721621626 0.3633316694358784 0.373756996564539 0.361827688501998 0.3740325081359103 0.38562487684908064 0.3973933357193057 0.40579957357194935 0.3897723437622069 0.40951722588088646 0.4531942013911416 0.4530201957915982 0.4849221775613373 0.5148793485625578 0.5150000742851251 0.4873050011990072 0.4622587992677113 0.4567998062488641 0.4130113549884384 0.47831210152414433 0.47379773952194626 0.4853565276561243 0.510219672360573 0.5213848008172473 0.5076354019484811 0.48503791441935623 0.4976715630738146 0.5234081409428961 0.5358679356791042 0.5202776150302414 0.5490362626183672 0.5439298247973662 0.5536856533152869 0.5696748475665794 0.5725054880904004 0.6014821747986715 0.5853902415544645 0.5681213285103021 0.579765889210918 0.5683867384766723
0.43564124145184246 0.44105690191502944 0.41822229604393835 0.3914731257402961 0.39397505523776194 0.4056465059032716 0.39608093094221847 0.3790345162816097 0.39651508128732194 0.3784412369440899 0.3862531010538309 0.3926502811639891 0.4201647442503771 0.45530240130383354 0.47403191167613057 0.48533394506147687 0.48778761050023406 0.5061998042377719 0.4660850411062277 0.4779406540062386 0.45362086782333666 0.46295369613389226 0.46726079205152105 0.489582269541326 0.48097602679108753 0.514327023022139 0.48153800270736385 0.5032997604904261 0.5060321995974436 0.47164527777465876 0.4774168775357225 0.4785148281391204 0.4988697992669189 0.5360018043658334 0.5337677756051167 0.5269606592831857 0.5457286658881837 0.586804709815611 0.5832292435241803 0.5904465588759906 0.5919132340525824 0.5774525202821318 0.6097565689175133
0.44886487430918 0.4130483322328513 0.42999398953490464 0.3897022611649409 0.4346642846270576 0.42839985533280844 0.39807262851802644 0.37888794319095237 0.3858518107587436 0.3856814053765847 0.40043455545159107 0.4177187990929544 0.4308009747862855 0.41770661384869034 0.4368099627111164 0.4480950648291201 0.47778992724642644 0.4734882148266138 0.46400724049361597 0.43063723743515325 0.4680727895947364 0.45817178348195337 0.49001894290946324 0.4661946822364904 0.4653284224765857 0.49478005973362416 0.4762097969494708 0.5021067180095553 0.48014130231360713 0.44217505512987426 0.46118652007502153 0.46083439680413907 0.47982291932067284 0.5490670035807481 0.5195360819110486 0.5291878144330305 0.5520124217766407 0.5676166138070164 0.5739373057928718 0.5742734840654729 0.5658147315574519 0.6084436616230353 0.588176101422373
