Raster_benchmarking/DGGS/continuous/raster-457.asc
NCOLS 100
NROWS 100
XLLCORNER 1743158.0751052212
YLLCORNER 5469286.47221584
CELLSIZE 10
NODATA_VALUE -9999
[rows 19 to 37 of 100, columns 43 to 85 of 100]
0.6723981457107311 0.6962070012083439 0.6883319595812262 0.6982870643072959 0.6951234104659335 0.72748053335515 0.7515437549119484 0.787584461257457 0.7942117930836434 0.7851073601068314 0.8054261715503538 0.7725653066595052 0.7775404102906894 0.7441806782793834 0.7655616219650726 0.7530642530186299 0.721688190251244 0.7650612563071266 0.7658046834102451 0.7610184785398662 0.7023375639881804 0.7233393509471198 0.736870002336806 0.6811551117150195 0.7345831553188977 0.7099388649328057 0.7264207647023662 0.705990758391233 0.6826739319960093 0.6289472980917152 0.6324280893163029 0.6330480242141723 0.6256073999610036 0.6239672328683253 0.615488045385082 0.5994016463599361 0.6297092097624681 0.6650088808586329 0.6268870983828881 0.6404288896143123 0.6386554213890587 0.6252126055443431 0.6352600838653718
0.701116000651351 0.6767258302017569 0.6558811547397938 0.6423415840674475 0.6831963467138635 0.6993735898974106 0.7349392017139098 0.8145589438056992 0.8254353704952336 0.8141858742924727 0.789846317771403 0.7759256930607872 0.7423440277843913 0.7490258399763916 0.7664536439329604 0.7798857013698762 0.795034839107489 0.7781603852064025 0.8041434807235405 0.7732777971761368 0.7658612348852016 0.7898469182278206 0.7517951850342363 0.7328248861168783 0.7717715228298136 0.7767966539224531 0.7542154461049396 0.7060705349572541 0.6938025812394186 0.6571459797696996 0.6549941036702008 0.6166993760326935 0.6567773886192113 0.6182151756740706 0.6230860606928389 0.63449303242555 0.6737420311470149 0.6706662242671863 0.6648996612007467 0.6525078597194899 0.6413253746161014 0.6638921593100885 0.6058371509152173
0.6901934733651764 0.6416081836039368 0.6583252470867658 0.6475790537224042 0.6916248892369874 0.7081849228818026 0.7176578300372201 0.8365297478313095 0.8379115539552885 0.8044188990034522 0.7967438170018954 0.7722403169059301 0.7568797934505339 0.7063232334136569 0.7541555072546015 0.7387813690306677 0.8032517406895424 0.8421110744185284 0.8287258023055218 0.8248756736000209 0.8040545016074827 0.8411977379460237 0.8277899496065885 0.8452753533816275 0.7926113101234282 0.791300154863288 0.7549344203562259 0.7192543709306197 0.7102022115909911 0.7030099540567423 0.6653167196928085 0.5904930528483534 0.6489536719181972 0.653439264605024 0.6574295270774421 0.6926816855399973 0.7085973488047749 0.6960709065407942 0.6965749711969159 0.7080640562844024 0.6902316635650343 0.6711068741536049 0.624481068805345
0.6322260676546416 0.6064676849687872 0.6650867950418802 0.6493366704322389 0.6588062033332971 0.6627263483172459 0.7167061961422447 0.7908769283577989 0.7959457372750645 0.8180242602931597 0.8021493635632128 0.7682241077045454 0.7348885611848573 0.724272170066214 0.7394397524981353 0.7683360394562263 0.7916454512855263 0.8182316405157484 0.8667943726933354 0.8333933115942664 0.8591425601838836 0.8465803160747299 0.8204227749408063 0.8109996637142428 0.7939157648049884 0.7924295139891546 0.7291421349267265 0.7129263921632198 0.7462843620411723 0.7308682831308272 0.6673410446099691 0.6492175977188785 0.6587116489382044 0.7085450006773523 0.7176028226510444 0.6973160759538897 0.710416313478624 0.6846803242183198 0.6809567892223066 0.6933443644812743 0.679979744243282 0.6622778669879572 0.6608600650284069
0.6252895321482536 0.6035591791808205 0.6596646970460618 0.6419038601062406 0.6418226423688456 0.6619014685294663 0.706045645477508 0.7170167991059981 0.7522326406485192 0.7637907444147215 0.7754903080425076 0.7818657458815964 0.7427666819137007 0.765938406669018 0.7660971569393565 0.8115996861876085 0.8295571614210347 0.8499962407983678 0.8798808245022802 0.8986681056256962 0.843725739192832 0.881061456180123 0.8117094372044728 0.8324991312345924 0.778513429065919 0.7855667799593451 0.7721853717126358 0.7469468914090104 0.7568346145950119 0.7625033108861552 0.7334919481052514 0.7130482012291482 0.7041743916459475 0.6996811124995074 0.7009598099484272 0.6991754398473194 0.6663732945597863 0.6870940825067757 0.6967543888591634 0.7059198334523182 0.6773492279908366 0.6816164513783881 0.6543867392921734
0.6310884224063199 0.6065009164630155 0.6330538464037778 0.5941005690888098 0.6322931753069697 0.6650194017059036 0.694227863415354 0.6799986508086769 0.7035819329222945 0.7220049506900653 0.7445484380083476 0.7656509521989823 0.782909191595035 0.7741129492746507 0.7968454715203579 0.8088721061389571 0.8176781833770995 0.8556067220202942 0.8368749369147837 0.881516719723805 0.8454481105712122 0.8477658000739148 0.8262068593323445 0.8385007687162651 0.8262588062313801 0.8055853102774643 0.8051826883566786 0.7811020237975639 0.7854134432826079 0.7623888035361778 0.7269986581260169 0.7364632653288654 0.7372198019228295 0.7244090583198682 0.7129632094874909 0.7250747736929051 0.6946621007348609 0.6885281595489757 0.6765386508327411 0.6735577552462061 0.678648770627198 0.7043791527437491 0.7034610241329343
0.5675870522361061 0.6190963095868911 0.6162269805030258 0.5743129314987765 0.6242049438377352 0.6340535243308876 0.7024176420813938 0.6915094448510012 0.7095986465713994 0.7159097018952603 0.7676352470209905 0.7724429739986034 0.8156820645755006 0.7973826005448947 0.8545884787689928 0.8952711772274398 0.8220573404490474 0.8220821335119505 0.8645036895330028 0.860348177796919 0.8677295533255629 0.8503007377005604 0.8257141293946012 0.8508912938736471 0.8201441657360788 0.8114026330779328 0.7956887703809248 0.8020656187476394 0.7459357353132984 0.7341237903425043 0.7582793702079906 0.7690451716974726 0.7709934422951892 0.6928335036649182 0.6961861226317274 0.7531878470703318 0.7399954609589766 0.7368840046105629 0.6937258296782703 0.6921146540848685 0.674738182805268 0.692551336927422 0.7348430070616425
0.5592156857865543 0.56300835840376 0.5432151054236402 0.5696294099586459 0.5687360475105323 0.638227724775889 0.688208629674338 0.7256502483920393 0.7241285884537478 0.7178913388802048 0.7237587342876493 0.7905830495386971 0.7983642287092904 0.8092845050712361 0.8669479904003853 0.8693195529299919 0.8534351146125885 0.8180590079955785 0.8672249902003036 0.8640736916856524 0.8352614530896628 0.8528748670364228 0.8898216679944264 0.89916915623631 0.8338961952429705 0.8490891925455751 0.8286505215886171 0.8199904700937602 0.7474942011269237 0.7197547875089456 0.7693384704825059 0.766363048114793 0.7670519055929951 0.7462389503672984 0.7357224444895291 0.7537694198929737 0.7727428075676278 0.7420967960437211 0.7326409679847738 0.7114581117923672 0.7141440550001097 0.7235848125380069 0.6972290020235483
0.5767632135030655 0.5408826757284753 0.539686152241173 0.5554323849070955 0.610144960607786 0.6293253224740427 0.6400105732165248 0.6907640818081833 0.7101065611726981 0.7270870216835633 0.746693949581855 0.7523911494171787 0.777115297700608 0.78797520005929 0.8401178399566295 0.8743014017664632 0.843912804865224 0.8438947744008378 0.8640644423055369 0.8840532860186257 0.8799685976801735 0.8557763450166677 0.9097637348098845 0.9102696307912601 0.8685991957706584 0.8231822430779207 0.8261507583108062 0.8157076459329089 0.7747386577614681 0.7285822684591661 0.7280184437786837 0.7613342940724369 0.7865780273535681 0.7579542590271016 0.7538371953620076 0.793670501700567 0.7311742499164372 0.7378347867183532 0.7172959135697778 0.7515663152146428 0.708211909786464 0.684693933052745 0.7022880282217618
0.5547386636335573 0.5232622595656367 0.5265115191723384 0.5640456828742573 0.583234744201029 0.620412577986348 0.6331500999685621 0.6646771515175114 0.6685316004973009 0.6813870090073624 0.7082235910229363 0.7047064341278882 0.725926494105968 0.7611254315748827 0.8310091264579537 0.8568231143378477 0.8833615118358069 0.8638698104306051 0.8334128226951651 0.8603157205961067 0.8824463008777479 0.8646976746692935 0.9007629719398199 0.9049556031358864 0.8884836691124235 0.8217632185653054 0.856569193202852 0.8352556108520001 0.77088060988581 0.7526424053507333 0.7591244398895723 0.7383382119190529 0.7354727953405955 0.7754599524413701 0.780166184519773 0.7600759896490343 0.7387733756208383 0.7792362756551101 0.7667225516663358 0.7573095055412435 0.7291046326854606 0.6915921850986979 0.6853109955238006
0.5479498797771667 0.516514808817961 0.5195082490171258 0.5585643292658201 0.6108202488910929 0.625829277656708 0.5970805748587366 0.5693210706910097 0.6582259722393914 0.6870583426804936 0.6810392357571932 0.6829507136828789 0.7589567570325485 0.780682247388881 0.8377757795713958 0.872890854971953 0.8539440627299447 0.8263270988805721 0.8424171822786263 0.8921468824230129 0.9130455608160868 0.9292113153602638 0.9210265421335184 0.9196993524305136 0.8640256963723735 0.8404816803662021 0.8451599066366273 0.8396295570149165 0.8350305042784187 0.8243709677759941 0.7794108561303161 0.7129277286052162 0.7382459947779464 0.7853270571728467 0.790861997508551 0.7300064525917997 0.746190807896829 0.7946992420847638 0.7766092171871914 0.7885807330675204 0.7288900478582464 0.7094655062455801 0.723462023331965
0.5831795143657642 0.5714052104028087 0.5350217416218925 0.525885035399828 0.5889181881068581 0.5946132251832971 0.613139647869971 0.593876338676019 0.6378556963821024 0.694611666634076 0.6862890359051458 0.6754644610500492 0.7427157012076839 0.754306054985394 0.7986816611364181 0.8151257259444084 0.8223649218730887 0.873624414674486 0.8944215433754891 0.8861210758780665 0.9249297865860951 0.9256123316686974 0.9369696216956784 0.9201182077892256 0.8946065671825688 0.8706548879302518 0.8482566161628827 0.8189776473316263 0.8603952301620371 0.8329224361684083 0.8084673761534965 0.7900631886606692 0.7427903045508709 0.7561741796201399 0.7791948870679255 0.7799817734171924 0.7521086767551429 0.7554615692933182 0.7593773270882292 0.7577301507415641 0.7507509765234789 0.7081297400673038 0.7337125275611882
0.6161637711880837 0.5961336554818576 0.5457763112076551 0.5268705586786898 0.5622661085110717 0.5980965022751127 0.6112873170736502 0.6098440322679013 0.6243012509609317 0.6686135095474883 0.7088667770618905 0.6913721441828541 0.7253516781542133 0.801774934857413 0.8183012619141014 0.7841337624501273 0.8440765977399348 0.8779880546853982 0.9015459626773583 0.9197460307239731 0.9258731132997119 0.9076671427004114 0.8815862745585309 0.8782331440618794 0.8473787448463576 0.8195401370585794 0.798822302179736 0.805515432572875 0.8585277064683536 0.8608499215167686 0.8143488574601613 0.79613401330458 0.7906656861020586 0.7726641229507488 0.7739450745950907 0.7382441799182078 0.7841713109553522 0.776307931215829 0.783602722632419 0.7847292370049213 0.7286132489294782 0.7210505291481052 0.7138090761395841
0.6253075732553501 0.5802650161377039 0.5739620555235964 0.5274968916351057 0.539087765392771 0.5680829644964815 0.5970529616208009 0.5828686711837741 0.6036960607330937 0.6445318540226488 0.7111999505278869 0.7426670628012518 0.7631992773016734 0.7634516534647044 0.7623219085305604 0.7789852402910332 0.8154829177647354 0.8163696429567185 0.8790554047656876 0.852937932421402 0.8866478377525637 0.9106447176485399 0.8911612092090263 0.8775706955304763 0.8775229484863661 0.8347905161417464 0.833377631409368 0.8053164301804859 0.8112036414560191 0.8331330214657451 0.8131835707467723 0.8256553048541472 0.7880475404162867 0.7766137514725214 0.7643110152526525 0.7573588623200641 0.7548797712900671 0.7437740074238857 0.7418091501259417 0.74855378704182 0.703231771243174 0.6654053097717515 0.673042988578698
0.613115123318435 0.6226450225586108 0.5995127180615352 0.5282167897543492 0.537680449758492 0.5622270641191242 0.5509501983997024 0.5539282522416658 0.6270808013129107 0.6598022552429251 0.7247339569746005 0.7593364891444706 0.7131454886564935 0.7356592462716767 0.7543094822170673 0.7834348115708922 0.8251050896875924 0.7798605530160742 0.8582998838687803 0.8318078163145489 0.8730296016782915 0.8696035549244221 0.8613496279729891 0.8232787653468681 0.8639998180660219 0.8650776497145776 0.8681548232577485 0.8307021991363871 0.7885219452299767 0.8130448590373306 0.8309433504381909 0.8529455520810282 0.8312327868095475 0.8112267511268101 0.7500820758482729 0.6900995091759143 0.7096856778322431 0.7709085916571261 0.7413683378960754 0.7537636357641013 0.7036894453601545 0.6706056633316878 0.6554173981466631
0.6612475548965078 0.6638033736548669 0.623104556118013 0.5845303152851894 0.5770473200463115 0.5884520775090778 0.5810807424294127 0.6095413885331855 0.5989475086038658 0.659784134006391 0.6811180672580726 0.7182578409302763 0.7114679380810888 0.7535671183799467 0.7507742577672613 0.7851354645907666 0.8055424953948388 0.78446475944881 0.824079722627005 0.8720785504092161 0.8552580399566981 0.8577139307144228 0.8449024292195216 0.8333364751162053 0.841258336216496 0.8332277429930198 0.8185662758809904 0.854597091965491 0.8183230778051056 0.8139848549972566 0.8685883432997815 0.8467991206351169 0.8378101844977298 0.8199101818798545 0.7274301500839375 0.7019292504875994 0.722147902180133 0.7598314586720911 0.7495500264274892 0.7335262652404827 0.7071792228723971 0.7089771104661468 0.6863195659996684
0.6700908879488046 0.6468701458994621 0.6081816129607985 0.5969189288918669 0.6246577904224565 0.6323780432384594 0.6132381762987934 0.6561595865314105 0.6210482824824743 0.6501156564951959 0.7108605628088331 0.693308613044648 0.7164252138671949 0.7608282298922533 0.7710221562382737 0.7912769313679902 0.7936098805038215 0.8230214312324551 0.838909272060626 0.8726184668694957 0.8306668246046335 0.8281268487783995 0.8073225070852038 0.7986332255320099 0.7928456790801707 0.828161409150853 0.8178310168604918 0.8324111895531316 0.8571434430241082 0.8708716117376011 0.8267254131866055 0.8212442141726402 0.8191216862932955 0.7952428238944108 0.7178341094693304 0.6783227298845009 0.7007165556174522 0.7484678632834831 0.7441849007643407 0.7063546123283994 0.7215724027401168 0.6878159360581704 0.7060377117746497
0.6594106651719377 0.654851389709266 0.6871993684986124 0.6521939437631402 0.653249392765405 0.6461582645416449 0.6541684494748143 0.6833946292775018 0.6974574381231599 0.6925884507912082 0.694781584325273 0.7431312459265083 0.7481097209217364 0.7499817061189732 0.7666691842862311 0.7929581670091227 0.8655268428794448 0.8741421983679126 0.8856721390204597 0.8359934231735523 0.8508793642520825 0.8389368077055576 0.85044140793633 0.811251513152528 0.8155214225643397 0.8266182631732907 0.7824519613357145 0.7894110125798747 0.8075910255634964 0.8268674034478151 0.8425977092287605 0.8232615321262262 0.8095483367115346 0.7980458011353084 0.7579102782462946 0.6827083485428295 0.6871963099515943 0.7360907513148792 0.7344914252915327 0.7246012082002606 0.6968393235254274 0.7174577723114806 0.7075552991275113
0.6427547088678802 0.6966257003625639 0.6701229619845046 0.7079379873486962 0.7119578534775578 0.7211371904870874 0.7212609261311804 0.7091078071477702 0.6843140036395172 0.6878909193678331 0.7211900699131443 0.7208186150203341 0.7570807160122847 0.7502083463894171 0.7938273095670828 0.8493949863809772 0.8344793848758526 0.8957807128905168 0.8794144356405678 0.8592171215036941 0.8627348936539186 0.8866554002044602 0.8772191012138263 0.7894317173474112 0.7979112446959714 0.7603060064025752 0.7601634085686042 0.7789665074294578 0.8300271148890173 0.8002479042172738 0.8503650215124178 0.8928515041636678 0.8590849153232972 0.7729109446645774 0.7628195502785103 0.6913383507569796 0.6925896776840036 0.7397840178147358 0.7352721939986055 0.6937358745295988 0.6714095736377756 0.6564744024373517 0.6771694150939864
