Raster_benchmarking/DGGS/continuous/raster-407.asc
NCOLS 100
NROWS 100
XLLCORNER 1743165.8599510144
YLLCORNER 5469290.228667466
CELLSIZE 10
NODATA_VALUE -9999
[rows 57 to 75 of 100, columns 0 to 42 of 100]
0.15917731633206947 0.17595020012248064 0.1319046536229755 0.19754686147680975 0.2160603966367435 0.20850045597671965 0.2083101745033718 0.19625615397140936 0.19951077101839443 0.3043454778297448 0.3332516247606356 0.4208287967365228 0.46006629796225534 0.47719513127477226 0.456124239848965 0.45920862009419294 0.48278832420697254 0.5208788385864925 0.5190380833246028 0.5304797556865795 0.539405907108595 0.6081002487230033 0.5925401694295966 0.6198489445010144 0.5721203630596053 0.5262378967947396 0.5062321764767943 0.5773778404087428 0.5870840507701808 0.6114038931578039 0.6197886998817839 0.5848167310787293 0.5768272355059572 0.6170558042695437 0.5932501333855685 0.5168300192035002 0.47179797955655695 0.46241138985597047 0.48380944350167066 0.509098922645258 0.47965826069918854 0.5076327753293665 0.4908825251286994
0.15450072962022068 0.14797053256179774 0.14340090836706054 0.18702731830159994 0.20147557121834722 0.23538732089935446 0.24066906772608485 0.18652268685767143 0.1987487872870898 0.22943445924738698 0.28526823789422895 0.3482753968147005 0.43638530931214914 0.44919576855547144 0.4399585105469382 0.4194353663779466 0.4279324881179816 0.41800413563017724 0.4032255937484604 0.40526366757476445 0.46572736681455956 0.4668453843512114 0.5056039783457361 0.4983712073086302 0.5090647374972392 0.5126876558128387 0.5268774190366113 0.5423497651891634 0.5835763573050856 0.5999123141350928 0.5416215548070392 0.5823378218769225 0.5905159208299864 0.5871324630730796 0.5415979146546062 0.5404423397834357 0.512931196561886 0.4974940754951499 0.5197579900397391 0.5454066584455977 0.5162168158833511 0.5545507505375887 0.4865748120711423
0.10070469882278618 0.14743695475186067 0.1287022413510175 0.1727251563650295 0.15134647210645155 0.21635663604903937 0.18917553377789098 0.21984932599028204 0.1849569632372847 0.230817624771943 0.2847553702593382 0.28333474615842386 0.3830088466261737 0.5047304355878782 0.49739087667703247 0.4799719746549855 0.4053674184560256 0.3544198598503501 0.396848422398978 0.37511033691155654 0.43541748326967694 0.4214750391488354 0.5145884144300746 0.52602825034132 0.4884837774103657 0.5070330046322498 0.5595315527075099 0.5110100160770304 0.5418127680714843 0.4961973134228073 0.5507353391452419 0.6126085788388256 0.5823704968212771 0.5888999071659003 0.5045541019136079 0.5206232785537069 0.46745662870885063 0.4664116240353817 0.5093520530585175 0.5093426300441629 0.5180287818173364 0.5390241676752775 0.521784143141201
0.11238786325873285 0.12989530411804945 0.15404440075326345 0.1329192040185588 0.14213010802448173 0.16272146610647806 0.23255426537322846 0.26556300433051927 0.23911546271831666 0.20125997454519018 0.24188693156305308 0.29214785849554137 0.3469408175947227 0.37353914346313155 0.43552163004228 0.3689699738332277 0.3638693056429253 0.335687137795253 0.4086475691702182 0.4270958621890691 0.39400334047015045 0.4425799716018959 0.49102800380443307 0.5110230039543112 0.5312844345837358 0.5407313240067853 0.5482480301830294 0.5140505909166764 0.5042328014361578 0.5217559432661873 0.5250731328625454 0.5371688050354579 0.5482415671034843 0.5308841693849727 0.5346382908780327 0.5631229086007636 0.5200227426753817 0.5290474285987731 0.5115469360953551 0.5053030476385232 0.5115345402280014 0.5512101086138523 0.574051676887129
0.1095201210831469 0.11323260139507603 0.08877443925825283 0.13368688017479097 0.14237515400519815 0.14624199202551663 0.18761514962430334 0.1970852792159028 0.22769161153516557 0.2514251448214739 0.23484536272104692 0.26270507689367417 0.2623158864939205 0.27533241182861345 0.3063071221808422 0.31240052038375377 0.3303644415355772 0.3617530654759812 0.3644300953330945 0.4354122587490199 0.46383293709928713 0.5078357619504541 0.4653600272205369 0.5139863066492922 0.5017954743563765 0.5430976459064154 0.5655838134319414 0.5551040240752433 0.5120335670900467 0.5089854274205481 0.5286519253230058 0.5517948793403611 0.5075921449965376 0.468718825907784 0.5149565687262909 0.52989154364614 0.5327378855636555 0.5642022711576957 0.4976125187723395 0.5328270034005745 0.5080575622080497 0.5486127885712064 0.5420066410897977
0.06880062538950897 0.1166687135389749 0.07466039614047566 0.15573736515984793 0.12222911716678894 0.13874164228857824 0.19279757125139815 0.1430437922948959 0.1551390448168596 0.18812192902771246 0.21889687689138043 0.27174456345910225 0.3042417214693707 0.26365022130079807 0.24440571803712635 0.2639877786029653 0.2660374634669993 0.3616205901785302 0.40347106883086836 0.4028036508264809 0.4325353816077399 0.4807603293920166 0.44226916451758785 0.5117936632191856 0.49390941784299064 0.4854952574337767 0.4938039170947626 0.5347445889683033 0.568790409339762 0.5839250091810932 0.5255998345809 0.5072101520667079 0.5566710609005979 0.5022228848094668 0.48351779628195624 0.504833498092135 0.5188189281649815 0.5148987144025328 0.4969963941925376 0.465439442216198 0.47878769331636306 0.4805521610253396 0.5583047650118316
0.0794139133208282 0.08415240160748634 0.1393641666820438 0.14340877438023916 0.15469787050232006 0.1790982517089988 0.14710582759301405 0.11754841015310234 0.10213072144159231 0.14611650781966573 0.20608345039429726 0.24822950470402097 0.3164637852188833 0.29797596295938344 0.23183438827154695 0.21665165418127844 0.22948510637922456 0.31743401062103976 0.37723217702555006 0.4508347920306015 0.4336781120605712 0.3713732230702722 0.4306633400502069 0.5218075916313957 0.476718384695616 0.48753570696534815 0.4673122955193861 0.5031685200874652 0.5498111633262567 0.5933058374706357 0.5640151643760409 0.5520395426444366 0.5508577212368326 0.48616913526607136 0.4721127037733408 0.47054003228273816 0.5350711112024744 0.5302283672588612 0.44826010155148327 0.43842197766301005 0.4655698412163159 0.44046065231540066 0.5593044525693713
0.09605370819969214 0.12369121227279824 0.10177140254916175 0.12119040263595313 0.17398750263177262 0.13051941416335353 0.12912701683442276 0.1706927572566514 0.1231853225788285 0.17703764581102843 0.2292348908242355 0.23316146854532951 0.2947327437591753 0.26321034159518636 0.29357392764060275 0.27090513592928156 0.2393559221748454 0.29021961340594177 0.3970431893178484 0.4242750106483787 0.40115154803123926 0.43219079248495407 0.5590391276288842 0.5793446146193195 0.560109912558499 0.5121620448055484 0.5188861861653259 0.5599596735041033 0.5489258979381016 0.5686560515031021 0.6526926457460549 0.5927556199845049 0.6039958282334914 0.5472580900881995 0.5826219195842628 0.5929321598461335 0.5624812361512636 0.5770349067209514 0.5006022411186972 0.4796334263320653 0.5074836048202402 0.47306893162594593 0.5509638108007235
0.05863811777715291 0.12787804154789162 0.08174949483485416 0.14904689568051868 0.12368233380979633 0.13008563566720407 0.13090419039814175 0.19754686145700812 0.1428033882302862 0.19347473891349903 0.21390225126069093 0.20090143974254224 0.23380076779827438 0.27296258632161735 0.28302757767667125 0.21899144923028593 0.20932710511716474 0.2862462064857663 0.31900598661342366 0.38788778909760646 0.4311698952808673 0.5397126417621397 0.568468193894419 0.6335371252545602 0.585277432721855 0.6126339755722939 0.6189290982171546 0.565131994797009 0.6472039960689121 0.643691796708367 0.6910159847482543 0.6480599081756976 0.6594378517369572 0.6557534189551624 0.5746324864616754 0.5894194581308583 0.6012877746767655 0.5643681172356927 0.4758872275997592 0.4572767114246777 0.5051408533965785 0.5268977026847351 0.5463425889858727
0.02948203419701164 0.11307033719906444 0.110272058118584 0.0529427614638147 0.07522177701590438 0.1420448176195301 0.1669317321192257 0.197794398257236 0.16044459568383246 0.21330562671086783 0.18491234345713403 0.19074853378464565 0.22379635908364995 0.23135845200535035 0.2447877316410219 0.22373899206911207 0.26387863383695964 0.2798062954292088 0.3542096316629974 0.46561268407636114 0.4818986144549713 0.540074785393026 0.6185732309813238 0.6723049041535772 0.6867592674067262 0.6151721036885037 0.622173177491324 0.6766729156997814 0.6960024162271049 0.7122834997834685 0.674917480662544 0.64052495606514 0.6263041525666184 0.666559200316753 0.6351097477178299 0.6059330650758327 0.5863418008147243 0.5418202583577069 0.5188748864155217 0.5425066367232174 0.5437195445464124 0.5497820936045792 0.51272942383602
0.06433923078054218 0.09692481667911279 0.09325612646789126 0.026359761895655715 0.05672325777298948 0.07098843493134074 0.10090976607780441 0.13713102993281395 0.20757833175812135 0.2531018438812819 0.21439480220539853 0.1547173214213736 0.15428623385669105 0.13603284740877294 0.17455201872518022 0.20848897082718829 0.23223963261969566 0.28763319871765436 0.42115531516317795 0.4805000142976042 0.5416428723827386 0.6963613644466102 0.7116829013630018 0.7199062033004789 0.677647846692515 0.7015857167883277 0.6930829551119848 0.7482635206356163 0.7127369281271032 0.7291401168988361 0.6910414327092606 0.6993046963844455 0.7092495683455161 0.6724592379193941 0.6364463696757195 0.627837512364238 0.574569941602327 0.580952394378335 0.5487590285728069 0.5953370721875406 0.5232109901104468 0.5596399008297492 0.5452152334567154
0.04778679677741039 0.06362297239844637 0.0980005322477078 0.10467118468919936 0.059451574915499975 0.12728381667016794 0.12530117175871605 0.16741242146162683 0.23744234395541594 0.28241352351067006 0.19209044987518287 0.2174952457017045 0.2395902397921128 0.2510145079207465 0.22964348900687334 0.2647579534168779 0.308946395145763 0.3864447884734191 0.4976923805945687 0.5515379174371893 0.5795526192670061 0.6431204200050136 0.7106882268328973 0.7641465910782539 0.74404084032882 0.7550685777298837 0.7499787895943056 0.7330358413820623 0.791747545904669 0.7520194909710955 0.7137782535820301 0.7242096554070645 0.6727712028916926 0.6503352307323628 0.6347697153266085 0.5630862902770355 0.5520674703181296 0.5501901257586206 0.5176701239934766 0.5350403142565913 0.5231787170123886 0.5117381160644526 0.47202318491841405
0.05245135751093373 0.12316443540436454 0.1043111761901793 0.06086102647059604 0.10612477962694185 0.10170327068775331 0.1111957343408808 0.1688402491270729 0.25873380755063885 0.29184806999002366 0.20613649220438846 0.20755203678036846 0.2977808754989431 0.33685439499206443 0.2959881012744867 0.39461764517957704 0.45375856223778277 0.4575480275436607 0.5461611779535527 0.618007699087335 0.6568909788080591 0.6284350800245484 0.7301889519753175 0.7365146918943827 0.7076892132197646 0.7420391973821719 0.7621259436497573 0.8142040141193255 0.7743672233244 0.8091455436639193 0.7416440606054631 0.6991804665681454 0.7072643014348995 0.7163578080865092 0.6346941856031117 0.5545825493679092 0.4974525621119169 0.480072939414251 0.5509544352716883 0.5144147505492478 0.554268729631017 0.5277278062041517 0.44854302930847334
0.035542465839625725 0.11622555363445224 0.08862760299875601 0.08323649073292252 0.07162232894155444 0.12791800667128608 0.15712846224905722 0.1834431314370549 0.20170758988563417 0.279179179273352 0.2963888348910668 0.25225072162198436 0.34957852512991494 0.3556818984507085 0.3590312802988628 0.37237242863553544 0.48086155875218456 0.49205985208433806 0.5758739635534696 0.5521761176409549 0.6282823850203856 0.636878575772387 0.7002898745057493 0.7114683828688798 0.7390516036499986 0.774216644706124 0.8208465865841126 0.8357089272903705 0.7541644130458575 0.741312947296213 0.7411817856773096 0.6963727616044912 0.7247204278743452 0.7278237379083003 0.682168160432045 0.6467748095317336 0.5523620826750242 0.5058186553499894 0.5631325659479325 0.56754955849815 0.5083755872915453 0.46383792424655973 0.4583992799108451
0.08885405635885534 0.06114288905979089 0.11106820465996355 0.05021708173545737 0.09753193147393192 0.13642259738596843 0.10709519387361813 0.12146128912313817 0.2470389110662714 0.2768850006421773 0.29634648827431603 0.306953822584883 0.3824043085824951 0.44876890987315554 0.3792347512014681 0.4067315274979857 0.45818174721619476 0.4997694856391504 0.5120743556619453 0.5633187582956719 0.6396532075752461 0.7160612838152749 0.7346283376355889 0.7074849385567848 0.7492814438340892 0.8503177618590575 0.8047635732516377 0.7886716519514297 0.760302437159299 0.7477050284021233 0.7101835208105551 0.700296785123906 0.6995188381303525 0.6953226218917873 0.6554078905635284 0.6433184446718877 0.6471165485170954 0.5469431334569421 0.6202679906653535 0.5767292564487413 0.5584434044370015 0.47457061982873766 0.4458948907428242
0.1438649155133368 0.14699754109532467 0.10022400991456962 0.10994792420472219 0.13309891958970885 0.13163872454785477 0.17121057221305147 0.14012991474777486 0.21911454532149072 0.25584244037623166 0.32623319207760004 0.335837187282056 0.3615194354113705 0.3777839841114847 0.3846164832372758 0.4378286516133025 0.4593105861558238 0.4866024816802018 0.5379444429368282 0.5793921436085319 0.617276729652996 0.6860528533505125 0.7172547397952028 0.7185861149462985 0.7826663089745026 0.8379357932248263 0.8653956352125389 0.7785681422001535 0.7998213409654404 0.8153375651354553 0.7725372364793163 0.69810280361726 0.7129086628484537 0.7119334630977087 0.730400546460207 0.6874445833432499 0.67946289749548 0.6095897685037116 0.6378911036983415 0.5692701770872848 0.5976769344155971 0.5650602240845582 0.45297071470569233
0.14601443420867938 0.1658150756289936 0.09917226012958663 0.1001550326411526 0.1262581653657697 0.12152151383552626 0.1242778280031614 0.16799359262889085 0.24645819693663318 0.34702067953136195 0.33461684507177336 0.3879580746777759 0.42102539491684504 0.3875152085979121 0.4648777365466116 0.4516031763937045 0.5075762300763081 0.5857806318841942 0.5940514909251076 0.6070987715934925 0.6175240470417622 0.6492311797264709 0.671926643982615 0.7617601357307007 0.8413723601934497 0.8927853058317163 0.8136966972281934 0.8043080131700212 0.8122453143067438 0.8548094963758657 0.7881156343212187 0.7816102374377433 0.7574484715044845 0.7889521585672016 0.755916555969809 0.6715736680989334 0.6869077153239833 0.7113893098184696 0.6231599799772727 0.5988729156242006 0.5653084309139063 0.5689641385036862 0.4866773482874275
0.17824959585065214 0.20988810787685877 0.11500073651280299 0.1411578063159677 0.09270917329493465 0.14834049935929813 0.1413177289058933 0.2045831942842529 0.24380444888252262 0.3554637230429723 0.35842593157038277 0.35446607891802756 0.40775880341979476 0.4742463163907675 0.5187881421860362 0.5327845951250192 0.5824025982454809 0.5991865343452895 0.6220875674511107 0.6450249179690491 0.6336995097091653 0.7246348714793607 0.6968408169507128 0.7379173870196286 0.7990920909817765 0.8390228532848123 0.8487208796894419 0.7888589802004834 0.8077334916561332 0.8449156220081263 0.8376253346825704 0.8488220429117852 0.8266300959225844 0.8342479306319666 0.7920899116361753 0.7257828820547909 0.7421263822350824 0.7755215677430374 0.6974729422806286 0.67435904814112 0.6093880367742364 0.5811549810014882 0.518356166087748
0.1733628964582224 0.2486235234589706 0.1437821319567864 0.08495041007680491 0.08996388906317775 0.08080496962190464 0.17223479621889776 0.19295703055010882 0.23249745314040138 0.3526120488284547 0.3708224071564218 0.4177052243145885 0.49125167605775105 0.5180061186027393 0.5780318447545686 0.5678389935845625 0.5579281971625305 0.5831237287101185 0.6855046929429824 0.6831304805032063 0.7071428622745543 0.7598296770815882 0.7454430527223963 0.7469887211788256 0.7945047796224592 0.8995008982313236 0.8910231811261384 0.8059974000949528 0.8428811435271336 0.8843834335947238 0.8240604019375525 0.8872473713933706 0.8915991362302296 0.8550235461104114 0.8480262059078114 0.8445673840437173 0.8251541771295866 0.8141832972317823 0.7515024834004375 0.6598601834610871 0.6578997858150006 0.6916084017586982 0.5837873281371003
