Raster_benchmarking/DGGS/continuous/raster-306.asc
NCOLS 100
NROWS 100
XLLCORNER 1743168.5273816274
YLLCORNER 5469287.907603865
CELLSIZE 10
NODATA_VALUE -9999
[rows 19 to 37 of 100, columns 0 to 42 of 100]
0.3452028426417592 0.34977292618912714 0.31171224174309015 0.2896283008880309 0.2579694665298808 0.24895321779879365 0.24051902404788433 0.22709441735753172 0.22794575046992457 0.24788416616704229 0.23073320103717462 0.19576270038717483 0.13796539518111328 0.13532413145523478 0.13209789226264768 0.16583795157869838 0.15043959968145582 0.19284507419623872 0.2537139008004339 0.28452338590456894 0.2826740059195843 0.27517742626145697 0.31583855586269144 0.30337561190865253 0.30119200909399746 0.3151115055340004 0.32867741516961824 0.3501062401715584 0.3647115121213924 0.36459624737224045 0.39446694859242715 0.3922199200309799 0.384172032592699 0.35160448080800216 0.36822000051595255 0.34256709099190885 0.3435575742023769 0.3549016877119961 0.33117100585674797 0.3341117635222571 0.3765582735654047 0.34814374601656534 0.3341744691439214
0.37791624365807364 0.3689662823963445 0.32761507101780496 0.3310966434533422 0.2815828300411425 0.2939596029490907 0.28239300771123055 0.26162681964709644 0.2745566663422121 0.26387627088116783 0.2352786087630203 0.23088143277050888 0.17577834726589533 0.16218920499857176 0.17731153095452298 0.1778072445756209 0.16496626030772135 0.21016308775851741 0.2340319413024307 0.2716491246906213 0.2749979605261184 0.3219174875994072 0.34173421641273743 0.3482162265823355 0.33362255342523367 0.3485143467657567 0.36752660872534604 0.3633400040220874 0.3763583946125722 0.36831221407203185 0.37580361985600147 0.37252256544763185 0.3825545948814972 0.3667514447338396 0.38976393759576033 0.37392587482738293 0.353641476216104 0.33082308452253295 0.3183387924395766 0.3355563097657342 0.3142947996029152 0.30825809269867593 0.3182746488690053
0.4117832511974303 0.3726296714683179 0.35853930494973435 0.35085313448313465 0.32747660160142333 0.3069647905567243 0.2994475391717885 0.28975935310572004 0.3329641941342717 0.31537701313638467 0.2892810636181827 0.2798383353412499 0.2577232665381468 0.2231450714919913 0.21798505743477814 0.17945617893760857 0.21191008630975994 0.1957283251257277 0.23492816920193138 0.2647589283985313 0.31358782357508896 0.33229047374927717 0.3350134734044099 0.3495673961231755 0.34149848948054373 0.3496301909638678 0.3839805536814915 0.3630084819116457 0.3570511714630041 0.35765491966245866 0.3962641838756017 0.40742797649490825 0.38912321441951897 0.3721442076420161 0.4103301233881573 0.3804826457151217 0.3517575402818767 0.32703669183124784 0.34117366402447524 0.2940986283364544 0.29309821483621656 0.2981536704931943 0.2776979997844868
0.4566223569154685 0.4217967364659347 0.3762512806287541 0.36385029188423745 0.394460066302359 0.3700863769770814 0.34437833723866945 0.36075604884905227 0.33824578335344024 0.3346016037336035 0.3053515390234222 0.3250897543140207 0.28845972756548466 0.23393436948633956 0.22883212349992352 0.20965649205538037 0.2136803470157352 0.1987025536162897 0.25179444740351214 0.291463952148168 0.30519707169268356 0.3294037406003072 0.3599356937811286 0.3296413518823111 0.3275969527350552 0.34997555118632795 0.36558454984475547 0.39692526848338683 0.3659091698858389 0.3772164586920669 0.3698579648344123 0.3766539304292657 0.3992607263316017 0.3995392317361965 0.3862144810959536 0.39886517518149556 0.3668740681805259 0.34981821800555163 0.32451459715920605 0.29272077444991335 0.28790906200777117 0.2960911673958968 0.26949966369239725
0.48020283596338187 0.4733216219203903 0.4022264129363998 0.38817996705186464 0.4440909427586689 0.4076800128434047 0.4078518778062553 0.4009321148837376 0.36494120326238116 0.37420768939469345 0.3454466796260753 0.3281423299631031 0.3322274067915138 0.2549714166185548 0.21446621500325613 0.23588289193870515 0.20740127233933828 0.2070151758340313 0.24028554586919276 0.30903750100317107 0.3430507391421281 0.33326724544472697 0.3652962646195524 0.35756069051637945 0.3486217387015933 0.36272454221294015 0.42013197366871413 0.3812473966886328 0.3540969091927754 0.3605323250112954 0.3758791846520177 0.38461689761102297 0.40133165366144674 0.4226686388471219 0.42188818034703296 0.4180777412719412 0.4035814675396254 0.3827844566343399 0.3383499491823483 0.27434195718554716 0.2662439743821943 0.3028981740933978 0.30511923008370184
0.5070431935038483 0.4859965666488939 0.4461782424810627 0.4415048520376994 0.4562254700352499 0.43379488350270107 0.41157056945100473 0.3895063930990299 0.3921452353941771 0.3854845003009895 0.38321456399026976 0.34586923750419685 0.3487655634912561 0.3016302947553747 0.24964634555843787 0.238838386244075 0.21939452201638715 0.25785614188253625 0.26128383594024485 0.27178408952650374 0.3196676522773702 0.3557070105008548 0.35557534759181597 0.3479746178109708 0.37068320911016833 0.4144225230300975 0.41271116417464887 0.40161620150416677 0.38105191535234323 0.4062208372231277 0.4085213642769243 0.39637731498326423 0.41659367599752833 0.40375151096030704 0.39823243232789723 0.3707320074369636 0.3519957894141947 0.3361055070709986 0.3340741916339268 0.2998622116084657 0.2860202625810495 0.31319729922105455 0.3068511947546294
0.4901364680469053 0.510988998561435 0.48558569007520375 0.5127793575983133 0.5018220301466222 0.4570010560654583 0.456582955040186 0.42945229272492347 0.4150065722438933 0.4167140227969152 0.40474065049679725 0.38712457451809984 0.3325318565147985 0.3095822464054284 0.260508361706275 0.2535828291702864 0.2585206676474575 0.24897509219303954 0.2663935787339302 0.3153129334967139 0.32837455826562806 0.34552757905404574 0.3503289974725608 0.36120092819025745 0.36476970335803865 0.42792159758659815 0.44022114408938995 0.41704366458143893 0.402506176915942 0.44394999271378116 0.419411296481179 0.42250214483905046 0.40115140074253186 0.3928848603824055 0.3822614695327881 0.3756243577910555 0.34271053479000707 0.3204538376069258 0.3233266079338789 0.33273985220582114 0.36044959210312455 0.3326772788845873 0.3466548476199788
0.5280326309151997 0.5482317594901879 0.5106282609444198 0.5192977448708327 0.4762696247190851 0.480513677274139 0.46823903795564564 0.4392641104093246 0.4225102364640356 0.4047091492820187 0.3970147003751498 0.3826362446934627 0.33295786444108355 0.29340627643351547 0.30381916270843023 0.28393016620315253 0.29171319763925646 0.31031933526085437 0.28581628135205484 0.3322829794962062 0.34015980650682415 0.36153579115400153 0.3911534551301109 0.3867145612568054 0.39849054231243985 0.43762231527524437 0.43286235808314266 0.43807629598535686 0.42100110534954577 0.454473564069277 0.4113836191030311 0.3930773772233147 0.3703157727033017 0.37673130221573337 0.3491583302714933 0.3615502544906289 0.3675310729922485 0.36399578291344786 0.38125257712844646 0.36359360772591476 0.3427546628798768 0.3371074132540738 0.37275982329608487
0.6075167178937128 0.5958097045495601 0.5523736643431189 0.5117886813264838 0.47527169964992755 0.47377115253219243 0.42280527120588585 0.44679568518639035 0.42039643321218406 0.4141227163005671 0.39549609677309006 0.39542856956806893 0.33439841602250603 0.3253677182962032 0.2759839524510237 0.2893949371325497 0.3176685456278126 0.32989632247130973 0.3141424188265914 0.32623020993727475 0.32846777942105204 0.35939273234471225 0.39564579394641614 0.42607920476409233 0.47647589725834183 0.4656373919290776 0.4484225124958238 0.4491470863780189 0.4690063147120584 0.48365343195083327 0.46613653731548993 0.44299151467989817 0.3702401359347773 0.3790257907701138 0.3507427790488552 0.3574819856959516 0.35532570904878613 0.3805884447157869 0.3810518706037072 0.34571104742671155 0.34329642591381565 0.36541891054304354 0.35855662332176863
0.5963377204479994 0.5977575276605722 0.5331295560199772 0.5385685535692606 0.5219167393864718 0.49049889920363254 0.47612788837367076 0.4372860603465057 0.4239072199985413 0.4367911966396562 0.4002852604451201 0.38875068808397695 0.37817900692396983 0.3211358133633524 0.3039224992015404 0.3403273584373078 0.3285530588297443 0.3247845790313062 0.35046174669712027 0.3409822560309026 0.3392252655442262 0.3835591799175098 0.3866706189524341 0.4144072431454144 0.4288134839476354 0.47892182474871664 0.46754451572386546 0.4837299688967102 0.48323066640994067 0.4774622288320346 0.46031417582361017 0.44616339988485537 0.4116062581492262 0.38759149033765944 0.35809718605944674 0.3588066723818852 0.3778773493982048 0.36619999890875427 0.37458788150794425 0.37735538954098535 0.37117075560241153 0.39874951229500405 0.37990451409250553
0.5996344295492227 0.5834780104770378 0.5415799253111255 0.5311105821586782 0.4814718163028469 0.49425368126591385 0.5050634687350875 0.4663239076680293 0.4561301269094013 0.404451114364998 0.3986559820056333 0.40351969936020077 0.39759109684136823 0.38168271113883795 0.33903545651417294 0.33308126423759155 0.3293854665253281 0.30613564140326754 0.32128049185422203 0.34258774944750053 0.3483519194281993 0.363012248557319 0.3780861070104474 0.39321006602580505 0.43912536784530376 0.4906561768795684 0.49891220295064304 0.5152175260624341 0.4573696773696779 0.49642786575211256 0.47739504748716116 0.44495196018924466 0.429474430515887 0.42606155262991785 0.4245971296030027 0.40880151770503736 0.3961153932155032 0.40032900469754695 0.38704226747336495 0.3825085993585688 0.38752742907344295 0.43967635279302475 0.4252707056017126
0.6358264494761617 0.5979598563349839 0.5642590655806268 0.5316555669269769 0.48195487316131647 0.4817171105613194 0.4836904480459267 0.46363641418101337 0.4448368465965953 0.42063981678469314 0.4166364835285857 0.4100952754431745 0.4149641698827693 0.3726227069231279 0.3522251936304511 0.34851217467469436 0.34818690942516184 0.31928387794067953 0.3180773296545563 0.3679709995231035 0.3690248089009792 0.381056503581714 0.43048920907529004 0.42538341157490395 0.4276173561976864 0.4661643386891314 0.4821039078047253 0.5207965349826069 0.5333491722432584 0.5227268557245889 0.4798256050713096 0.4587857019172416 0.4486934161721871 0.422250544798008 0.4523324050440678 0.4317002433327953 0.46154432231160364 0.4329465690387335 0.43867610076435726 0.4194038364869984 0.4325981021428427 0.4665205869708399 0.44480094761739664
0.6262443141483592 0.5940555069738379 0.5541462105986327 0.521557259528852 0.5232339442066841 0.4816995437771792 0.49106139087973105 0.5035604219132076 0.4603141022691601 0.464098520777054 0.4552743514662388 0.4154097658101791 0.4347019492734702 0.4021158699497232 0.38577607599883057 0.36191905325111223 0.35523371024278194 0.34114752467290377 0.33242735154164993 0.38839524121539054 0.3840538323655831 0.414620479570198 0.47721963443588583 0.45216150304069125 0.4823622092558473 0.4825268736388119 0.5367244039677543 0.5284988103858917 0.5367021106705583 0.5128698317660292 0.5303791534389632 0.47888703902085894 0.4639909532509534 0.450429635618464 0.44499133558764953 0.44445113170156136 0.49991223475503166 0.4385828858439473 0.45688201628922054 0.4510641361861631 0.5061085906722199 0.4980511643425506 0.46898560658163885
0.6284941340772524 0.648066731856258 0.6360736477172793 0.5734583072879758 0.56622692758934 0.527885925719163 0.5109277294143713 0.500569340899284 0.49344859205956004 0.5026546008968661 0.46570125336494406 0.4556100925100663 0.4407694650721314 0.4557682714742757 0.41367330391817625 0.3987864459213721 0.3622793407511909 0.3892812946738207 0.39501688893832204 0.4107656234480266 0.4115760462756643 0.4493183837520348 0.46781902651010765 0.4865277143596231 0.5216922360149199 0.544180900799212 0.5762360653986234 0.5590885357051907 0.5802709028907646 0.5600836666411275 0.5390088709484273 0.5082542598079092 0.46699858238053976 0.46755866606947133 0.4947717297252954 0.4897660295333495 0.4981541901961259 0.46589565652254505 0.48860752996208195 0.5047089988349286 0.49171106140498505 0.5182856614720953 0.5146794683122786
0.6685150746808058 0.6819143611200301 0.6882107075505687 0.6311261444474977 0.6160955668388799 0.5609822361655474 0.5788265100434314 0.56352967375493 0.5398039417586208 0.5070866186119424 0.46974348956511525 0.48946646413629014 0.49825045586944783 0.49105616268957947 0.43331717701792144 0.4464893485871837 0.40051542022631925 0.42519307589818617 0.41383951530504676 0.41912779014338325 0.45597935093874997 0.4693874476907545 0.5118706843338565 0.519730117449717 0.5706761504281008 0.550643254991958 0.5809086670376493 0.5657672528347177 0.5891453453386798 0.5770487233902319 0.542506462645467 0.5060327801697374 0.4902962107382657 0.5054068172469347 0.5069064270253072 0.5165119561494254 0.48272925139434647 0.4791602693871055 0.4775532346362284 0.4766832474263136 0.524160025669995 0.509069421960114 0.5173370347365955
0.7284406914988998 0.7086680198811594 0.725819620084301 0.7121258015291597 0.6555194768511275 0.6246002072533162 0.6299976046967348 0.607871505189245 0.5812623810595585 0.5746844559698594 0.5358172927504495 0.527447219091052 0.5116822905385331 0.47579515331801664 0.4646250093120609 0.47478439023364816 0.44301648796896487 0.47641506576914355 0.4880284130274611 0.4721701403417619 0.509864324821951 0.5445272574091894 0.549213715007565 0.5400724508949182 0.5836972710591449 0.6005627673492226 0.6049119143287798 0.6157608174717759 0.6128464890771207 0.6169216744040424 0.567489436416076 0.564203276104976 0.5092135941485255 0.4842985141067493 0.48557617963116273 0.5067317892172183 0.48568855194328464 0.48037082364687733 0.48692184032341773 0.5032677236646432 0.5349322153599483 0.5605383149055804 0.538156937617364
0.7889072725460133 0.7754532243203069 0.719272390661571 0.7331910040447008 0.7227371358734538 0.6662526890245499 0.6328590168958625 0.6181178511976596 0.639637757464872 0.5839092292595782 0.5725392160424068 0.5306395520691021 0.5072769861091975 0.48116748927235603 0.5192383159039095 0.4819972681578451 0.4811866046086012 0.5204410737238043 0.5082391259027703 0.49481710937614926 0.5391280060402815 0.5368574238167113 0.5723894022136718 0.5873717170282705 0.5704761801507906 0.6196917194336337 0.607855919523791 0.6455197040236077 0.6493951473748296 0.6064158000114687 0.5866230790592174 0.5484736574663353 0.5478073071918083 0.5270841052662012 0.477220116685789 0.4737072069339494 0.47384905395833565 0.4795524234214341 0.45594477932149163 0.47989268459540935 0.5204328581263942 0.5499444605387708 0.5829898177188007
0.787684720086533 0.8015707366182694 0.7699735063134838 0.7250790515048134 0.7337558179317091 0.7011142190086698 0.6668378972623302 0.6353597470805245 0.6387437130874138 0.6438001328701115 0.5812234938620288 0.5852870034148111 0.5692246723289999 0.5245771645329141 0.5319376044478671 0.5068702452470031 0.4777599024763574 0.5217911864251709 0.5147332548973332 0.5436482791508364 0.5362233510069824 0.557931460514171 0.6116429545247468 0.6194071529460333 0.5986372221169869 0.612537716165823 0.6512556266309188 0.624810585158028 0.6217880356528616 0.6191205886210789 0.5871955409768855 0.5497183427002454 0.5577168717533745 0.5331122187962555 0.5194434136438918 0.5014670896466126 0.49491379513384137 0.46621721330713217 0.5061443060809684 0.5390218611407573 0.5348629096084392 0.567187229508267 0.564961821183043
0.8591228101269114 0.8366660077497492 0.8116787723219602 0.7851644003987759 0.7384046931997847 0.684465596791869 0.6569142401013869 0.6362488060831402 0.6527015708698775 0.660700576354155 0.6124540294897469 0.5988878630130846 0.5715912448696719 0.5449006184922958 0.5407716190412221 0.5334272618149639 0.485045762881298 0.5151441929440359 0.5093914255775505 0.5461519718467889 0.5424730759276283 0.5798973681199776 0.6145360283088545 0.6121014170070466 0.6335706584906059 0.6314230420760729 0.6783604500031319 0.6443855060463309 0.6116112894855822 0.5889767993609519 0.5819050798482219 0.5445947624521142 0.5599801105178207 0.5793366624913708 0.5521813667940707 0.5149498471643613 0.490404895782487 0.5030553710884549 0.5211037799990471 0.5286248905594609 0.557794778702784 0.5548473604822484 0.5609235312914989
