Raster_benchmarking/DGGS/continuous/raster-293.asc
NCOLS 100
NROWS 100
XLLCORNER 1743158.5459839907
YLLCORNER 5469286.558052315
CELLSIZE 10
NODATA_VALUE -9999
[rows 38 to 56 of 100, columns 43 to 85 of 100]
0.21375870748819187 0.19427534203731953 0.19570099316187972 0.24582176944994177 0.25194889944982146 0.268404092550405 0.24871349267364845 0.26349381353116347 0.2502460500226718 0.26196750844426275 0.2799016752387086 0.26599380423484326 0.3034184044574269 0.34475495369665066 0.3976655284380136 0.42717062003405293 0.46239935332291127 0.48943662803151117 0.4827125987168914 0.5186522823829846 0.5649045533015161 0.5952199801427797 0.5836334427682104 0.6089625901870153 0.5928108993492084 0.6055760065930597 0.6026431958375198 0.6265179324209981 0.6341373362456643 0.6843706869212446 0.6952376326981405 0.6871512862741113 0.6832208220015157 0.6201161130666167 0.6014147972293404 0.5908723935970083 0.6064793530645587 0.6376175792032328 0.640087320368012 0.6129867433098849 0.6251083266009558 0.580555788512789 0.570734701389884
0.27399774180360653 0.2588519999159856 0.23560414866995721 0.25025956682855277 0.290306618946978 0.27252087327617347 0.2598180816212291 0.2997810312489944 0.27405420747860626 0.3034578508450445 0.2674848635818107 0.28302527295805885 0.3002579535634912 0.32925932336662445 0.3909196739427432 0.40716563212807944 0.4434124284534901 0.45477718670802214 0.456020016384273 0.49983876866619564 0.5171532446533064 0.5559759677304661 0.5670263433271454 0.5620004574714305 0.5662267231539794 0.6013192916361071 0.6216855345597405 0.6432527735487137 0.6427434920741347 0.6543597161743524 0.6422151634810757 0.6624878523325389 0.6247322147837969 0.590598040784615 0.550503515495096 0.5538169591148461 0.5506167228381706 0.5757448520400045 0.5768249580386271 0.5805984684732484 0.5663421261305608 0.5723429192859182 0.5579985878867122
0.2776768171349443 0.2483458869112639 0.2753120026046265 0.3035587385480469 0.31751517895441295 0.32802286053079627 0.3138628844932914 0.28714265371388753 0.329184553217194 0.32343906955025076 0.26585949579676 0.3019619564626036 0.2928173695670371 0.3485355410469891 0.3464973566796361 0.40353805433056095 0.4534790515787401 0.42578069952472153 0.4411309701846024 0.45706865817932735 0.48275217008724297 0.5032122505492332 0.5105365076053483 0.5200940046994342 0.5718806541382986 0.5818580027748799 0.6110451432750118 0.6325314723199459 0.6303337043535747 0.6015866674479542 0.5895827245571422 0.5942522858387721 0.6025858670840875 0.5774400315708669 0.5479845248352121 0.5460358912657426 0.5408335590589279 0.567728040828312 0.5729129789914873 0.5539214236324649 0.5386611701121348 0.5648534415592426 0.5382210120844738
0.23707525270328353 0.268137557338045 0.27683118092245157 0.30991768087570354 0.3044299153608615 0.3421669149633868 0.3269304767642731 0.30028593661885183 0.3089666780306697 0.3116964032033748 0.298510142147275 0.30666559189259524 0.31360599503196396 0.35491868706241064 0.36607527002148144 0.39208678484556037 0.4159926162204343 0.42709739527637963 0.46978446520411277 0.45709078951536913 0.45285161309898514 0.4689454369139057 0.4827460135215027 0.5170348562645973 0.5429403940899625 0.5643598024695888 0.5879362832049015 0.6050661868855202 0.5813838938350179 0.5539628884751033 0.5816772258904516 0.5772744071203915 0.5774930677717401 0.579472322142783 0.5634735290421328 0.5227903007679354 0.5465470349089041 0.5601814557004214 0.5394963828216668 0.5438415791127666 0.5430100520742578 0.5821977179520411 0.5580037342501717
0.22544611319957067 0.2895729393622555 0.3041103273943254 0.33800581032408167 0.337253533715903 0.33707029964973806 0.30932497494462946 0.3383708530884769 0.3340769148129627 0.34052744657616646 0.34544527234904665 0.34042573761486716 0.34759826885440265 0.3670428437292586 0.3845060083878844 0.4103852276884706 0.4022934771096453 0.43269663193120594 0.4755622190750889 0.4911510768535882 0.4537168637351019 0.4712816403187888 0.5178281961293153 0.5357973077583277 0.5337097849779798 0.5617846521480472 0.5414189726500499 0.5443194126563196 0.5466864800097901 0.5346981566045704 0.5446344501725997 0.5620155932731604 0.5395833510757834 0.5527313265556618 0.5550508363209045 0.5280729346259696 0.5378530899325374 0.562310765388634 0.5627179152095435 0.56316726472573 0.56050857784429 0.5691494230679075 0.5961633277806987
0.2276795068765472 0.26474225452259603 0.26631999495147246 0.31110399220419954 0.3108425076881749 0.3345012166481475 0.3050102558724479 0.3277217079998646 0.3161154750051215 0.36051907695363905 0.32540302720456266 0.3277040662447792 0.33326181442116026 0.37410803171643187 0.3721768682545602 0.40935617146777536 0.4363552960301239 0.4524453959410672 0.4777387778810568 0.48671689342950863 0.500357561239412 0.5099370153445729 0.4902288211496211 0.5197312095097589 0.5566102679958678 0.5301250201488571 0.5263783313426648 0.5147236364179615 0.543636254438791 0.5283681408706279 0.544628360263142 0.51366875918008 0.49482174962419145 0.5157069388601564 0.5175161984874362 0.4846617752127997 0.4795005897118823 0.5250456328681148 0.5445012403836205 0.560927952610481 0.5573721391019331 0.5864796886866526 0.5828512313193372
0.2104385279094945 0.2688729476972835 0.2730383964146569 0.28464711346093846 0.3138304286394884 0.2998696579913397 0.32794780890003 0.3007894108809229 0.3310406211203374 0.3428383556414591 0.35520153632341844 0.3217510977495949 0.3234191810583349 0.34054195157072153 0.3451453687973682 0.3808508244673028 0.40850647248591143 0.4784562073383452 0.49579301841763157 0.47652488332568615 0.46965671076785953 0.48098415424189106 0.5010867287752352 0.5160059478935294 0.5544908471308375 0.5500454601498572 0.4979023963436864 0.4869602524975931 0.5254903376450754 0.5431955236694227 0.5365931834710393 0.5324294601014512 0.5064356093973065 0.4825240266259486 0.4456105657879882 0.45528769952144393 0.46232350364070524 0.5118276555925757 0.5503993781499582 0.5611717659709538 0.5852428555298309 0.585415386517553 0.5880742842946864
0.2468426739984077 0.24221676500193287 0.24828176794169463 0.27287336761357733 0.27013548244698216 0.28955794767445325 0.3215479835726573 0.2963922269086756 0.30519257154888 0.33137195640711076 0.3448868039254769 0.34527530687326274 0.34891406097256344 0.3740640326011998 0.4067169675744588 0.42988414477854753 0.4517254168533907 0.4705186583266397 0.4947987355110785 0.4915007241011074 0.5028332216312434 0.5112548684802346 0.5192794270844103 0.5331555692222177 0.5333321757856471 0.5292813405385846 0.5274078885657384 0.49573311383050783 0.527202713047541 0.5210850305950805 0.5235038959575411 0.513740687279582 0.5164271508126766 0.4812456028390053 0.43680723159607737 0.4558361775531849 0.4589978964050333 0.47857672220848585 0.5293804875644353 0.5290939851967345 0.5595122726464491 0.5546557838373851 0.5547735357942392
0.22321469975908997 0.27016486188554384 0.29845867387856995 0.2659578156323844 0.2896547467612613 0.2900660638610718 0.297701089904855 0.2782433941148434 0.29225481092383954 0.3653534619661126 0.3826981378344753 0.3368601674173968 0.3426028268496261 0.3783915107666183 0.4128903374362034 0.45152625320727513 0.4698279317742654 0.49002759014005287 0.5283761500809302 0.49697759539498015 0.5286372918899231 0.49952362473543443 0.47255975108956244 0.4947990107483184 0.5224090972203992 0.5073511570804814 0.4956140230461507 0.5139679387248697 0.47877511769748105 0.4792782373218398 0.5258133971579524 0.4985654457463041 0.47343524409500554 0.4795378544261368 0.4455297692239747 0.45368700083792207 0.4657708154243782 0.46957717179643366 0.5211335025003958 0.5305748935633258 0.5394269272288937 0.5073080398475577 0.5060669360847565
0.23395256552618826 0.2878849830677029 0.283397148834513 0.27902414239746676 0.28450371881926456 0.2600496666328617 0.25641729446515166 0.30271299182000405 0.3170963668878124 0.361372367880706 0.3914092080400774 0.3680571400008317 0.3927577270704843 0.38057154673952037 0.4263014666197959 0.4610132445148747 0.4883136207185743 0.5233406591424418 0.5019443276162858 0.5104372072263756 0.5017205369696159 0.49447467109077414 0.5084597162925244 0.5100996250448045 0.5448282254740882 0.5211812789613096 0.4961135402997117 0.5048826031414578 0.4871896844055542 0.48008458394063386 0.5027086211054913 0.4799632017898741 0.4805932887095503 0.4862494465632885 0.4769434288777778 0.4328510314162058 0.466420304402249 0.43956153948182075 0.45600220425667404 0.48463034290900575 0.49116519264812925 0.4684066214649278 0.4875759539148182
0.22848123554154248 0.28886021762082353 0.3048465868602507 0.27041545498961483 0.28581780292065007 0.28808345563261845 0.24543959994516862 0.3036586326550979 0.3035389513728793 0.3376081894567196 0.4012976483543404 0.4141066782951704 0.42794140921263435 0.4075959754520564 0.40736811821884644 0.45783999401986836 0.48969764650764325 0.4981820534643259 0.5160535529215198 0.49870702597809397 0.5406043207946148 0.5126973145139408 0.4928150600403303 0.5365635143075957 0.5288214825908226 0.5054827492434232 0.5105987040481023 0.4985650765105307 0.46926199515969474 0.4864894481134591 0.4635273958353396 0.49586523348056805 0.4837198019345828 0.45480041765146917 0.44624988597672766 0.4617820790487578 0.44409661752184537 0.40587580475432405 0.41105281522060055 0.40157966703699427 0.4212047731062897 0.4427088119544657 0.46225473684303187
0.22601081447458735 0.26341452016646083 0.2687547905179521 0.30940715040748945 0.2809707262427828 0.2794471234964576 0.26041608958185275 0.28092325609594077 0.29774821757008935 0.341374800054407 0.39600546563317035 0.4000059986939529 0.39365350623550316 0.3778291749208063 0.4024597015571684 0.43685605882741047 0.45408595442684196 0.4697826120569738 0.4960743698181107 0.4810059119255107 0.526372236687355 0.4953005837677966 0.4994115771373497 0.5194089731332143 0.5010339506069846 0.49754776560003955 0.5229084580510983 0.5046555993864941 0.49143100521571115 0.4452810399992295 0.4640521852687224 0.47821391267711894 0.45025265046927065 0.45628342701093777 0.43838829559879244 0.430874004325176 0.4140669184575219 0.3854934604714705 0.3656523447889173 0.3842440389591259 0.41559241610554987 0.391611432565878 0.4165214189010668
0.24929701986666483 0.26126747187346544 0.27718841541161915 0.3044874376778299 0.280340258674321 0.29251231016183266 0.2542697059110915 0.2510747057261784 0.2837441992292056 0.3042250068457594 0.3559612930935484 0.3948116853108068 0.3989211077794754 0.36781472955646344 0.3543216702254132 0.4015560810153831 0.40761926642414364 0.43140548791239625 0.4616749142462628 0.46843580395491274 0.4946622608752078 0.47368810638161296 0.4684229226842266 0.5150822334486281 0.5076445981721034 0.508924767046377 0.494922604349833 0.4765274398101478 0.48578374968555627 0.4539581484519244 0.42987792322296453 0.4228015031097208 0.43943437161612786 0.4241322565939491 0.3920662719899216 0.41111238544530593 0.3765331508293377 0.3732783860342971 0.37688138763125945 0.3476535948715983 0.37401843032200105 0.3817805271566581 0.3914722540088603
0.24521775511399038 0.26461461339209924 0.27246411315329155 0.2683963570392818 0.271382130849132 0.2739375081073712 0.2440607729280518 0.25077746749707014 0.28048622373669774 0.32174467728041045 0.3550554444390864 0.3585160258868914 0.35181371714601994 0.3648328993649117 0.37383291688387515 0.3821950577633138 0.4095122099212581 0.45260544075062986 0.4691467191941614 0.49591308392911715 0.4845662836918776 0.47213707437316993 0.46354283155158055 0.48558637548652794 0.47685804024941264 0.48657887971410924 0.4899350714346569 0.4630322837421511 0.4642824036603447 0.4545753180471945 0.42461807440841054 0.40771348055904416 0.40376127681940355 0.42401317017827267 0.4166187288617402 0.37582570562654866 0.35578178093975293 0.3569139620927244 0.34430485773551756 0.3414966806945056 0.3446002283588738 0.36274353545650456 0.3956981252301697
0.25221212637156 0.27974853791418103 0.24598356257432943 0.24515194199211127 0.24811139606178795 0.24495665970808234 0.24372527059849905 0.27669485259720084 0.30874788066947667 0.30964808021242174 0.340492873915304 0.3402636369484645 0.374673108445967 0.38921693708517796 0.36418002958330187 0.3789434076448786 0.42199484077611576 0.46010818027933326 0.4902492788181182 0.46601116700349515 0.4629176129453649 0.48365334999842224 0.4949829883842728 0.4625102243960294 0.4551272723242758 0.48590909925738085 0.5230334905844611 0.4736518491192488 0.4298927976689067 0.40055195830573637 0.385434606337854 0.42777600661044685 0.42529465446881426 0.3995545951660322 0.37760593291750666 0.3855608551629205 0.3392367128102908 0.3488174500537828 0.33081175828890763 0.33954226024698253 0.3657898696932223 0.3457654065049833 0.3762019075808153
0.2618650537168319 0.26286087208926756 0.24541416485422676 0.2574521157690235 0.24910330686765195 0.2848811654290493 0.26722144474049986 0.3038198193980894 0.324038140456613 0.32020112085908237 0.32873313290475686 0.37830930954675157 0.3618832925402669 0.3607204828008354 0.3537883988941817 0.3840383685993336 0.4251463202585945 0.4522809389072081 0.5015681837343203 0.5116195013587124 0.5024758964727731 0.5059077869434544 0.47840263785202514 0.4825661261901463 0.47057665420126293 0.48562451539865936 0.49132494736304344 0.4909950052807346 0.42423396188509566 0.3959976628177497 0.3805344100133413 0.41730070824067456 0.3950327443793054 0.4007489965102093 0.40609634466142 0.3818216893182388 0.3558761013437397 0.35023628297619436 0.3424763731354538 0.34394177441957274 0.34151799938218996 0.3512650387526034 0.36180645547999624
0.3169774320227075 0.30055460726135147 0.28008029029572096 0.282939246666068 0.30025781612365593 0.3016263837686999 0.3189887723725519 0.31947037806899337 0.3108474833878518 0.32906128399434414 0.3325414135526075 0.34127594871562844 0.38738001174395986 0.37601381780565885 0.38267252804243185 0.39588577901114425 0.43367286796167226 0.467929320376695 0.49529674354515046 0.48781846504156595 0.5056803426325818 0.5043952519227713 0.48547777216804944 0.44775428613246193 0.4293734413232128 0.4485564556590647 0.4748064883765161 0.48608141623429535 0.44532144324470974 0.4048122187880112 0.41216092799595716 0.40171457382407455 0.3989772086121538 0.3730518612478933 0.3703650190293114 0.3919094980430613 0.3622249002861545 0.3548611525545184 0.30830480001339083 0.3486221986468999 0.3566125655887164 0.35922699734805125 0.37018545546826837
0.31458677641589466 0.2853237245341701 0.28602051820966856 0.2814834725078313 0.32590964898920394 0.31167818999045355 0.32039370897584785 0.3659583630956823 0.36018569966572844 0.3469867455491271 0.34240460536975026 0.3594331084286439 0.3607178117781002 0.398705377985814 0.39240228272602395 0.429518181774532 0.43279601675639606 0.47451915052966087 0.46220916284194 0.4693934603084753 0.49242533219263146 0.4685100589732726 0.48029337387748966 0.44722585119107305 0.4212144063672816 0.4048239731426463 0.4133700323390841 0.4420721095851141 0.40309598083757747 0.39915119144798916 0.3759383428269707 0.3984907386650391 0.4181879345203115 0.3927208695575058 0.3844336852320295 0.3671698697551648 0.3365719644807337 0.3165572231850681 0.34744738788262325 0.348634940034866 0.36022385766434184 0.3645010962881055 0.39594050086541505
0.3389642846550465 0.31854704519746146 0.29679542628933087 0.33185132749451013 0.3392721836424629 0.3339008645382897 0.37905050282713865 0.3881865281908806 0.4048717116473196 0.3679943639894911 0.3682264951451153 0.3895971233200384 0.3812996279552115 0.40640925669021344 0.4474458290007734 0.46521339768200054 0.4203406891995418 0.47369366115702327 0.46447007612045793 0.44535321923086774 0.47873653734554694 0.48309921234673525 0.4476554660175611 0.42295127088737194 0.4052858718558764 0.41749216150985646 0.39981705203274015 0.405447699298737 0.3778101620985022 0.371850697868991 0.38007321299373215 0.3702589894605707 0.3872307312379653 0.39245713892148565 0.41614416526130366 0.35583875387733543 0.32695973303713743 0.3371977183224625 0.3401991748239451 0.35207024117998487 0.3841202643215284 0.40468224063272873 0.4065266181251761
