Raster_benchmarking/DGGS/continuous/raster-412.asc
NCOLS 100
NROWS 100
XLLCORNER 1743166.1382722033
YLLCORNER 5469291.306336978
CELLSIZE 10
NODATA_VALUE -9999
[rows 57 to 75 of 100, columns 43 to 85 of 100]
0.49596885088541176 0.44856722558623086 0.4319271123024907 0.41816099683295244 0.44108392200617974 0.46181742441255835 0.44847317107767815 0.4530341120466842 0.4269026942246681 0.4332219171824107 0.3954997443146305 0.4047703073435991 0.3654629829488202 0.3742890875634316 0.39319098289482846 0.36584485213910606 0.3872001192810288 0.3983591590446907 0.42259670225062174 0.4539649055104959 0.46709172622683937 0.48651221535993244 0.4576293594136419 0.4773127209344652 0.46226516098499015 0.4549765979874033 0.41171417189511883 0.38165049820067914 0.36468563051676445 0.36106212143178557 0.2938938523222673 0.3377427572303093 0.3441251411617694 0.35947342188294695 0.33092943371659267 0.33325577804992035 0.29977515415172873 0.3062436599437611 0.288808888454375 0.26709345124980344 0.2441716289298288 0.25632407806250196 0.31355091266994395
0.5271278144664472 0.48925328687528014 0.4799990587835871 0.44423690972727464 0.459398337500587 0.42587897684741055 0.4475254518141255 0.4751802802305839 0.4557464701174881 0.43771812748100103 0.3995621609606201 0.41637476660496214 0.37837404394613067 0.4016314152373224 0.4130686245428332 0.39220015543817793 0.38090961275786517 0.3838922024135162 0.3856379667071887 0.42012868220026794 0.4656028625739907 0.4666898304012634 0.42687059225421997 0.45202270408464335 0.4741720407546364 0.4510389181553827 0.42793999415277434 0.38897067151505155 0.36268561458677645 0.32823642556081123 0.3287663996271543 0.31050536309193416 0.32411161571369823 0.3558610489343505 0.31240469113402136 0.31343277790832136 0.3060685888438931 0.3140261748755406 0.24958316032082548 0.24232602355764546 0.24557071288602406 0.2723421605666778 0.30055982146769405
0.5217217396747178 0.48422940989482977 0.45200431567723626 0.4735288300840362 0.4427199082126514 0.4458188192523285 0.458164066631184 0.498301307573628 0.4809955081425626 0.43005140564627664 0.4238655818415395 0.41993509776962745 0.3979769047362356 0.43059499164950965 0.4047138067159888 0.41727418561134666 0.3876290014951506 0.4088212806416489 0.3920261999731712 0.42729389805406803 0.46413551536081127 0.46116862455279106 0.3967714145941069 0.43427452321592136 0.43432341239203476 0.40653143657627416 0.3974747148669408 0.40274310425853355 0.3557268375102295 0.34023901623355546 0.3089998429880966 0.29069349664452104 0.3242693722451271 0.32314989600849525 0.3361372472307337 0.35561652014516787 0.36850983494529665 0.28966010688974025 0.2500899836928093 0.2575404705801287 0.258146514487608 0.26041517218767446 0.25596615253701666
0.4665540062989928 0.47835979694540354 0.5066560698946714 0.4871242289343214 0.47945705546866135 0.47770905966129196 0.5045167719946948 0.5102420923382125 0.5065144296824766 0.457003713626887 0.4622678867700955 0.46852325731443045 0.4776888647608605 0.44073217085944916 0.4028222704469153 0.39265104120385796 0.39735760238998635 0.4226944216435417 0.4049749446779078 0.383290838955984 0.41917505868192717 0.4142613400758555 0.3948989415191033 0.3827855152961235 0.41797621862088696 0.41769674768097065 0.39582992909288695 0.3674450267577558 0.34169012073365757 0.3554471062496286 0.3375993996597873 0.3076024999941185 0.3421294955661474 0.32725564649614086 0.307812599009335 0.3306121429849307 0.3331667684351864 0.3126907161110072 0.2500549046287031 0.215413799526913 0.23974994837504146 0.2417147759502998 0.23490176024797332
0.4718341640504147 0.48262689689584803 0.5211550286197953 0.49957869923160264 0.47430880183693447 0.5054660542204322 0.508186898965975 0.5127848777402463 0.5214979480354153 0.5232669345490146 0.50235633957041 0.478391254402541 0.5064595507366632 0.4477801143390565 0.413727990200266 0.40784814603376845 0.4469177890801107 0.4164312326178612 0.3930726046241891 0.38778147710453686 0.37822749484421575 0.38322230218263864 0.3783666504523234 0.38416185076306 0.4160663514714208 0.36660616876832924 0.3555046447602168 0.32814805158488114 0.3360102253750435 0.3300172267870061 0.3215233193908556 0.32863763383069605 0.31335696876286495 0.2753537325035789 0.27501037345508006 0.2917843908938909 0.30916767436455383 0.26929909359511134 0.23467327138938499 0.240464814947861 0.20774800140334898 0.2341261881495953 0.2031785692536028
0.5011341318193352 0.47803673158472293 0.5160800024218595 0.5125937804923368 0.5213799554669636 0.5163148363297573 0.5211154303217259 0.5437095530478157 0.4982090356350664 0.5098043975372766 0.5147206696587538 0.5032415783546655 0.5060435611041015 0.48446772079556016 0.4734034677571321 0.4564949115895609 0.4534452632915651 0.3891277547102726 0.39426312183206286 0.40099017804883946 0.40562269271221213 0.392423337118256 0.3744220251407997 0.36590433389277666 0.3902121336074954 0.3397607142423809 0.3530032435821127 0.3559785536837381 0.3556695630392245 0.35177776830943447 0.32368836471154977 0.3018995836577785 0.2945415416492115 0.2588270555308897 0.2451336636339341 0.25733156482937397 0.2604944368941767 0.24805574504218536 0.26752346321996484 0.2220043836836172 0.20436476248967703 0.2215263697530362 0.195299388053898
0.461109078964597 0.47544853124841696 0.5295854494403986 0.5229669373538364 0.5002084057434377 0.5269301596485143 0.5414224845695528 0.5454796421560482 0.5228283983345721 0.5301251081239567 0.5593467801036001 0.548407961308463 0.5432618738247545 0.5371649067306871 0.5233980165776817 0.47628901111369215 0.43449429711645265 0.4119585756074077 0.3790681903003801 0.4191710251409508 0.4014858904073122 0.3561302672186138 0.33434414668841905 0.36296140211926975 0.3394584337451213 0.3314351930669821 0.3415630989947496 0.33504629574898853 0.35455676918184 0.3436503922407999 0.33280211261573245 0.2778485760845338 0.2455449429330377 0.2757402720435189 0.27100946410568844 0.2744552840066353 0.227192830690514 0.21850868922913885 0.26094203553346473 0.2042480715184115 0.18338934131148837 0.19105200729418234 0.19420222168297008
0.4808772994150345 0.47992472890765653 0.5100555181397208 0.4917874059952539 0.48124103935656043 0.5153728833312994 0.537757455967992 0.49536080137146943 0.5169235118643639 0.5198386305073073 0.511673425164627 0.5378596765925161 0.501661907528198 0.5213123410966088 0.5187899269085207 0.47563180571721697 0.4552264558980497 0.4517260896370535 0.40452374076820213 0.3935505057786544 0.3631321952849007 0.35013263229801744 0.34567937127835174 0.3358920303021116 0.3465730773219645 0.34220003505118807 0.365910859458029 0.35339140869349983 0.3673305486657893 0.3494861976766746 0.2843748823480527 0.24524144433454093 0.25275134326525284 0.2427434815036054 0.2789638699045359 0.2528010167678008 0.23255586484065946 0.2316469501674803 0.2365443814849923 0.2454858239881971 0.20048388300976056 0.2138963215770561 0.1969935757820617
0.4654896806721312 0.4699400687615617 0.4906586686999433 0.4831461515793229 0.5121524490228095 0.5243144987839959 0.501510183070765 0.4838670125207278 0.5107674694585527 0.5016376208190827 0.5225428375027351 0.5196515530877881 0.49713072764985555 0.5273479759871673 0.5273099150799527 0.537922450647088 0.5101281548855354 0.47910429194428145 0.45809146436619846 0.4265077353261431 0.39428994538215023 0.35062437417209735 0.3551844153750215 0.3530139219214513 0.3480832592676617 0.36723567195169676 0.3546856741001475 0.3489259415315311 0.3377513511387468 0.3073359778233935 0.2713955339844485 0.26751289883262686 0.22408029540359783 0.27090707652382195 0.28058871929522855 0.28801789494657487 0.28230255070594346 0.243698556245757 0.23036694484231257 0.24533619929773612 0.202918622314431 0.24026109600594794 0.23997178964216842
0.4607410906028843 0.448649992518305 0.4667404410953379 0.48139778367116803 0.49466636526853175 0.5265988153214971 0.531737497138712 0.5279493555705714 0.5515982202148062 0.5522684023835592 0.5572986434678481 0.5574241674206536 0.5282419755143762 0.5538758991396424 0.5142979461026014 0.5377475409616096 0.5366603969759246 0.49679895284816866 0.4532074950659412 0.4166410056807665 0.3720111237950558 0.3481349130089948 0.33126705545926244 0.3261699538544205 0.33138982129932426 0.3254469443445462 0.34714214161856105 0.36214591650174577 0.30678380286443646 0.2698017501343521 0.26574233715193574 0.24145779857688313 0.2384557601935003 0.2675489813305073 0.28289539247569273 0.29300684035598323 0.2675832146868325 0.27672066148379754 0.23459044744030566 0.22754918899240317 0.21543148993673722 0.20960611437372434 0.19847145648251652
0.4545183142763961 0.49460253573973784 0.4815487454601431 0.47085101993264405 0.48303020411842446 0.5133022258735672 0.5259808779878475 0.5642746223443431 0.5977628927475802 0.5926937168800563 0.5605379501481148 0.5573043019876553 0.5644218786136945 0.5500892573439344 0.542688726722352 0.5482911952244025 0.5379669920112699 0.5422794580536313 0.5032047373341602 0.43675759981767803 0.408670855769016 0.37918891844967173 0.3314707265548321 0.32687484796814864 0.3406532961986772 0.3260639094902169 0.35473531624913446 0.3676131376113062 0.30904312841429415 0.26919776650764277 0.2548035129540268 0.23963969609844749 0.21150688268304693 0.26673356527843634 0.2661048532605602 0.28696267631194455 0.2846560864073095 0.25278631292465864 0.214583356414934 0.24948475817454657 0.2202828161464609 0.2199635209174502 0.1943715027422162
0.4652553887454133 0.4918911943941056 0.48961444820814154 0.469241261028473 0.4679755196573197 0.48564597363279977 0.547246299782837 0.553043289383623 0.5980402665429861 0.5639378883116252 0.5418109428450091 0.5524290396743564 0.5180869989235612 0.5169419562107835 0.5428080048514272 0.5418603451991053 0.5491994525949924 0.5581328228511604 0.4970189920863391 0.49060583052823403 0.45056324044088664 0.3919021743964872 0.3858187761213333 0.3552239966969432 0.3831535279533777 0.3509999912666626 0.37558237690929575 0.3600318562107716 0.2973779700047534 0.2813550671705612 0.25487512443995053 0.26031127295855977 0.2471480484038363 0.2189542575965195 0.2376025016449008 0.2897120125098524 0.290415749036971 0.2883772246754223 0.24910805001775652 0.2534182619245136 0.21596834416473476 0.19233901484466076 0.20752487165531575
0.4478035213954929 0.5019551298973806 0.4823534951620515 0.509226732826903 0.5113747351620427 0.521320019799588 0.5241475083664369 0.5535969517630663 0.5789755933644591 0.5613099937624162 0.5699519194685205 0.5315556947225444 0.5262678550919703 0.5444209983855473 0.5188904135943498 0.5367061336779743 0.5685111675469658 0.5499938354705657 0.524224797070098 0.5038505332588864 0.46718043269502985 0.43510350454115915 0.374865879996317 0.3554457654808403 0.403021113602833 0.35965512851603976 0.35145290474089796 0.3622728911554471 0.33419654817048033 0.27293767547790054 0.2588741625462514 0.24088037557708739 0.2148847611375424 0.23940182034644863 0.22376232792985126 0.2634085758981941 0.28655162214704816 0.252569758663768 0.2668724074222199 0.24681458203335602 0.21733862437663418 0.18599703381702473 0.1673078610238045
0.4888031825555486 0.48227281080474366 0.5261023098239381 0.5585006830526736 0.5724669754167239 0.5243299805580021 0.5439726933532515 0.5651359414065347 0.549307301927431 0.5537139759721411 0.5691299715731359 0.5275228405006201 0.5432858279983619 0.5204385865910821 0.5334032872531629 0.5439103085701686 0.5599826917339212 0.5275151180150879 0.5148354039507685 0.4872713356192191 0.4860563147161761 0.4359565610414621 0.42561494400844735 0.3924765822293575 0.4230200131374032 0.39273383137507983 0.33840835535111546 0.32079039069625903 0.28346545130961487 0.30149153135840556 0.271278878903673 0.27900281689736184 0.2565573329151173 0.25346534368798046 0.26004103866774614 0.2453932633332034 0.25227978652148253 0.24312471875647068 0.24221381512541093 0.2186700929031693 0.17611599083221985 0.16576810590301178 0.1910230591246284
0.499228327053511 0.5241169654698199 0.562228356374397 0.5529744449077366 0.5965862157093528 0.5221934178889598 0.5314101021942157 0.5392375903526762 0.5242260082696275 0.5298760404576782 0.5363937256064365 0.5142308884255535 0.5387051365201815 0.5274094960931577 0.5220298163313781 0.5394086235691778 0.5757243407379246 0.5223325392749216 0.5415948279914747 0.5213737957962299 0.5016389030908599 0.4846291379283034 0.44980406430043046 0.4323428404253567 0.405308582348034 0.37644991505839237 0.38908313634172276 0.331931531703808 0.27132179208165247 0.27868055524524965 0.28538680519187415 0.31112078624486955 0.297882680463517 0.2806366185180292 0.2489161661910501 0.26127221671678486 0.27200374683874373 0.26175760124518177 0.23812423639105715 0.1935168093527794 0.17439944880443115 0.147359828708884 0.16211996949950183
0.5392473507727752 0.5414069538445022 0.5374084868158677 0.5426259135734608 0.5574506765573148 0.51745662210609 0.49287284758017097 0.4885585763575717 0.47696098925891 0.5024498415910137 0.4880358429224644 0.49382323573674897 0.5017282510967972 0.515711840338598 0.5235161112383051 0.5321181526170208 0.553092591434843 0.5173520187115905 0.5204388581105234 0.5095148958885937 0.5075983309303821 0.4707588325428288 0.4719592637661319 0.44424171060248224 0.3955084879483131 0.3914351380198755 0.39387948252066873 0.34761333505033737 0.2763956555802271 0.293689972910352 0.2881964134119909 0.29830872744443204 0.2991781821825981 0.26285292908797003 0.23684629595389967 0.2669965430624641 0.26720360284244815 0.22273604071887557 0.23061031333602022 0.22095169864794753 0.18660710018243978 0.18872397307268357 0.18540844127257863
0.5222391349114718 0.5139247968195231 0.5126174841367708 0.487446626596628 0.49187677774515937 0.4805629174500151 0.4945252413561757 0.4845167547726511 0.47252707586370635 0.4878556370117348 0.4787738854483817 0.4654905576402321 0.46615268677089156 0.4674726587756774 0.46444297778900084 0.5175748795407217 0.5313713110270711 0.5151685686428872 0.4856737171753412 0.4969800801056953 0.47980846147761297 0.4890306756414826 0.45350799489160687 0.44565329445419866 0.4215388028853969 0.3768593520068891 0.3518056585328846 0.32451297961771763 0.2937748030803577 0.3243456207053195 0.28136435440715124 0.31547083639943496 0.3186323581559829 0.2920277348728423 0.25679838331124133 0.2662846812614744 0.22525529581181866 0.19053511772390386 0.19380694752258507 0.1917396468394225 0.2251318039920257 0.2221657184098361 0.21283500851977707
0.5078138690868488 0.47279542982089645 0.5029314396873773 0.4596228650252011 0.45167064437489857 0.4779736325402317 0.4457588392399102 0.4497772436210624 0.4465411158584052 0.4702571090315016 0.4552773316318576 0.4306982313448144 0.4324702831739026 0.41026560913084115 0.42626904217053024 0.4726923786473097 0.5029855000835035 0.4754545261574299 0.44728526829394566 0.44171146434047925 0.4389851968737526 0.45469039653101134 0.4318128003086765 0.4194459193918025 0.3646280786592126 0.35342322734736487 0.34239100328326605 0.35345730959807414 0.35673450300261245 0.3240475058468698 0.33529555158603813 0.32461127768410897 0.2906930849425362 0.28456392598112007 0.28307868940025777 0.2204208938664156 0.18829544920266095 0.1907849285430394 0.1912414075238638 0.2316988232087132 0.23902237115812952 0.21117373750539986 0.21906532328973766
0.46516954135166505 0.4655406914544123 0.46421391615222685 0.4424231030625097 0.4097514367697384 0.41754952761560554 0.4397188833399814 0.45442076282595617 0.4327789390216305 0.44368573361116936 0.45854487859970483 0.4202500982524745 0.3758107921559326 0.40833826686513325 0.4171783436134612 0.42601476829741824 0.4524323528295894 0.46103380687650164 0.4614751230399813 0.4579762777429902 0.421449287646987 0.4206649625021724 0.38713166950472616 0.3664463283881366 0.36306166733121664 0.3614796949032517 0.34161931363148723 0.34969823481846524 0.3541309274518032 0.33574815210416936 0.32182969111761683 0.304931740940317 0.3258807722679383 0.2712344648419128 0.2803872909552632 0.21278390156843247 0.21858327994439367 0.2122866139452751 0.17577647677614872 0.17621941020971466 0.22955869327733805 0.20147929631584224 0.18178979414190896
