Raster_benchmarking/DGGS/continuous/raster-60.asc
NCOLS 100
NROWS 100
XLLCORNER 1743160.248936601
YLLCORNER 5469292.3429569965
CELLSIZE 10
NODATA_VALUE -9999
[rows 19 to 37 of 100, columns 43 to 85 of 100]
0.4801622164832948 0.5080011419540704 0.47382338354445336 0.40202694983023296 0.3686773380243642 0.3265923510930063 0.24548091541051062 0.22343095645245298 0.2287883841011307 0.1979464851448643 0.2583321058855442 0.2931135061919243 0.3019103101563343 0.24379403170410943 0.2469884981338176 0.29308757381494865 0.261776395896043 0.2936795531851327 0.2597138276795682 0.27006898277451363 0.25169444017469433 0.22154086716752106 0.22900277185535822 0.2517379920824106 0.2385931097582912 0.27667232640024747 0.25191518130590523 0.20490076734328583 0.22021882783613736 0.23375905600287022 0.2538526075758795 0.2963368703783113 0.2572993022335233 0.250854933225492 0.27297410639957403 0.25263256803127354 0.28457457331653363 0.2964389068990333 0.268409864627749 0.2448383733974382 0.2656327211673597 0.31517111990535485 0.35985769413709123
0.46089202859879647 0.46788277238081016 0.45320272200810285 0.3574536775658522 0.3118914892410968 0.2898572988369629 0.26248155940930484 0.2283901263839337 0.18719496440710845 0.23646877815047995 0.23649920287984477 0.28914763297053325 0.29034583143618764 0.29315392084797887 0.2710227980779102 0.2981522119732009 0.27451142397970446 0.24336072123663927 0.27717447516777477 0.257992882333151 0.2372288804836825 0.24862311558870648 0.2840337153174021 0.2639558014486296 0.25624711711908393 0.2873091464580431 0.25914320685028214 0.25805640046619266 0.21142874294318592 0.21462018290001106 0.27878012815565767 0.30843326454104697 0.2735973034848516 0.2604021711196115 0.28281325475126107 0.3139212951057169 0.3463213312836974 0.31492491751709367 0.30338230918556314 0.3356810176531914 0.30213078452933173 0.34178816843072624 0.36905253473731586
0.44018060654583496 0.39540996637832304 0.3947249563518189 0.38532163993014235 0.33700610883627624 0.27552064740935206 0.24755548755300957 0.2570448735822673 0.25394591323869886 0.2081500005287924 0.2608989684488197 0.28003312820106535 0.2819041066188889 0.2802705309701453 0.26769255036028594 0.31273204523150294 0.29915308893440157 0.25103306985381724 0.24235069613844237 0.2760148742568701 0.2939985984944268 0.26385013442214444 0.2947832437923791 0.28251316950147015 0.22905954192336764 0.2174039172072272 0.23241063732554576 0.2273130351983885 0.256447340796267 0.24005053700390167 0.32611332514912345 0.3448317918403654 0.31635519352690683 0.3192084604493925 0.34142120618666516 0.37723854885001207 0.39392269052767825 0.35864946275879134 0.3550447445404474 0.3526590242943959 0.3443761922093204 0.39564186539623725 0.3428591096079582
0.47127966723724257 0.40944003790639677 0.4025556000679241 0.36968999899872734 0.32539320527976456 0.3032879282721823 0.3376238604539593 0.33189400670830865 0.3019202896600276 0.24231022621355244 0.27731981578884957 0.3140804944088315 0.2798040282660606 0.25854633655070985 0.26802111890547387 0.280513412949201 0.31110049468109285 0.29985189492040565 0.23880453109515531 0.29425165697510436 0.2792340064192972 0.28558894486496506 0.23847822900270732 0.2719086537637084 0.2554896330664102 0.23111661378170548 0.22863318930048973 0.28208982020095885 0.2856251765687418 0.3243908388442 0.3812669413231448 0.3787269883557471 0.38006768577833505 0.3968542407428402 0.39077389847401856 0.4004725153619441 0.4068387271614739 0.44130635078280106 0.4333716399041774 0.39079991071263465 0.42824894881818426 0.4382556853448331 0.3886980951892717
0.45081507403633636 0.4153284677592031 0.37588191030209783 0.4244834170915485 0.3535021442585338 0.36031257636159586 0.38262472337576564 0.35353438613537164 0.30272982943172055 0.3108109549724265 0.3409022085532189 0.3471532934234794 0.3540432197514144 0.34916693317612485 0.2977500544911325 0.27192070270137647 0.3378888112607219 0.2990407483806741 0.25880855362040656 0.25987051582670656 0.2670243581619431 0.22031114548997693 0.2274317605369406 0.27225149333903614 0.2557922938060533 0.2735710361116952 0.2872925324825599 0.28756671450168697 0.33479686492063415 0.36280246526679605 0.40461009352473654 0.43634801109912613 0.4334479631454219 0.4187195259337776 0.3916011718284362 0.41911938318025405 0.45443999711182853 0.42743492191509563 0.4644195199044335 0.4751988827001674 0.4403008237411689 0.4762121753984649 0.4088833115415197
0.43140491504384415 0.38608612601453846 0.39279303957193845 0.39150433521936784 0.3935706422712842 0.37131382043117683 0.35923467747872945 0.34312844576082274 0.30750137760591173 0.29632901968297953 0.3254311656266473 0.3181135787265084 0.34255351809330903 0.38595775138118954 0.3391743035327072 0.3593158708602391 0.3341906469877204 0.3039128166179401 0.32614074151936506 0.31221285723995695 0.2694400025387622 0.29301994714524193 0.2524347023411137 0.27159079687008947 0.32007805321121596 0.2923904634426584 0.26687514823185293 0.28549777994346864 0.30841031313502876 0.33471397307262435 0.3858129605104679 0.4304465220788971 0.45392068312940287 0.4653689646397332 0.4441731006051247 0.440341480137636 0.42698396572260866 0.4013242100818005 0.4530431927660523 0.44236557331549076 0.41757998995082685 0.4372470963279845 0.39133978578328005
0.47495540517559764 0.3929848922840249 0.4062128822407505 0.38448115323476934 0.3766790304054453 0.37823182036542424 0.31492795587134154 0.30196986091767025 0.3234908406870194 0.3630789020566622 0.3200909060764266 0.373377191366417 0.35864167148896436 0.3976977590419901 0.3681317400609783 0.35505138787299867 0.3695642411770704 0.32431844700608803 0.331455243715382 0.34473666382958335 0.30405831367104674 0.2998656527103238 0.30700680823279586 0.3089856946094307 0.341634617664425 0.34684177683987416 0.3038917379791858 0.28795217615382135 0.2935337378023647 0.35694962893919335 0.3777661121317084 0.4286236103312308 0.4413740120597557 0.46757480288156816 0.4506036114317545 0.4039594780499177 0.40081715791194555 0.36573531100544865 0.41312870146848985 0.40905200937450714 0.3834171700052706 0.4160028248227575 0.3726029289093976
0.49377401162262785 0.4839006075462971 0.41140044248470614 0.40786564887288335 0.40451436368527305 0.38733876418196506 0.31316987943197105 0.3133151576695632 0.2829217131799 0.31524971812028213 0.3479691497081708 0.33158770690933237 0.34267341581664407 0.3589682309280313 0.40760930444317806 0.3346265626193475 0.36302287542538875 0.3830210239879797 0.4094491502716596 0.40436195020561616 0.343433459188523 0.3547797319522454 0.363610992781012 0.3824489060084465 0.3252990097438904 0.3324797123599703 0.3600737593734841 0.33851581209832393 0.3051049471840888 0.28913232968600994 0.3673018887115239 0.35396880305715034 0.40218552981411393 0.4661837160246207 0.4339136988510072 0.414414129380465 0.3950842708637705 0.43742142387754007 0.44407624691310593 0.40616239189104136 0.38565478253802415 0.3583822347102595 0.3715241379163339
0.4597227215648168 0.5131098065076581 0.4513091765298349 0.45773583744455804 0.4098501424278582 0.38399338071617223 0.31875220205728755 0.3051654722478847 0.26648888815225724 0.3018748439535323 0.33399984571669233 0.3321781941801094 0.3372051160723393 0.41192410316925604 0.36256028509455085 0.3561475978197766 0.4311371686265812 0.44808235133504104 0.4528077969499569 0.4411089848319585 0.37510774267883007 0.40775927419957286 0.3635783065771181 0.3998215866828073 0.3281794197467505 0.34674685370715164 0.3724890319939325 0.3443461494682984 0.3025051401989195 0.2663907806361514 0.32408253693292516 0.33316359074889534 0.3992950041894865 0.47062764058520046 0.4851382892552949 0.45270531166549866 0.42936874077984055 0.46069091303039506 0.4879491292429063 0.45946429751736306 0.4261933943665929 0.3799952745870125 0.3588207634134759
0.4333475368261396 0.46391749785431957 0.47812646298797373 0.4278361126337103 0.41389313398400496 0.4039029540628994 0.39502884671478816 0.3733689493632003 0.3085588753355428 0.29294605742696905 0.33898552216929817 0.3732102140913932 0.3490679243849833 0.37613450424048156 0.38656162549635714 0.3501143421898141 0.4153605125889617 0.43095270096162347 0.4497542180541891 0.41800111541023527 0.38230560909126887 0.43286362110443677 0.3918755794571715 0.4046207586332163 0.36718895422943737 0.3288107364626185 0.3268133614071099 0.3450069737751741 0.28279364724393136 0.2668091196196046 0.30907267988828446 0.3887345266060467 0.41925212683578295 0.4385129918642537 0.4463786770023225 0.4640406661623652 0.41196119536239073 0.4459811290258385 0.47507855108203456 0.4700573173409523 0.4520058519369169 0.3939604038773393 0.4043337434332681
0.39323740573455274 0.44187251899574925 0.48042478472035316 0.48265014265853323 0.4444838989651037 0.426453917334314 0.4240922438485635 0.36824083013556214 0.35076754845546165 0.36213235043462405 0.3359874523216728 0.41079688273472537 0.4001429320151232 0.36550470650935724 0.3573010833458906 0.36562461513626215 0.4045495975793597 0.43867493396771207 0.3880710322038327 0.3710111371249908 0.4111034303859726 0.42081292862451075 0.3419341083686626 0.3154704698172092 0.33297020005621947 0.3238996710970666 0.3088629579550269 0.2909405098338292 0.30934459946056503 0.28426427358118933 0.31229203551594537 0.3815058609231559 0.39252241914564895 0.4529970647409378 0.46373586504709485 0.4308797942247823 0.44073529732457567 0.40340674214280203 0.47947915271139663 0.48425138969714504 0.41670856301045417 0.3737203055554049 0.45094175613282744
0.3779382757335267 0.42140328214171335 0.4349067227855036 0.4918468297877669 0.46531245275487965 0.44866437388484953 0.4164763228772216 0.35178935427509406 0.3793797599360879 0.3672347504199668 0.36418839791230423 0.4191535923223469 0.4227724512146468 0.4275976315148847 0.3811047721147909 0.3877733141884257 0.3684933695828225 0.400994375288968 0.42393890820519575 0.38839364421597544 0.38944622438886667 0.4033197866674649 0.325696065706942 0.3354587867275115 0.3181019505860456 0.3097475847015832 0.33289154452555614 0.3122822463037868 0.29058349050265275 0.32873234935088597 0.3405412379469662 0.3367937295002487 0.4073059849089398 0.4010384603624146 0.4668305871054416 0.4612818502862509 0.41767095169911567 0.45041463059436154 0.41526495936395086 0.4295958949478471 0.44976887087847595 0.40953973289186224 0.4448379858850065
0.3739190305977394 0.3835959960118946 0.4206679487569846 0.5001904910656582 0.46379587034831615 0.43198765644143816 0.420675735922261 0.37984896106699617 0.37053462944034093 0.3828136874137467 0.3936443292235889 0.38468844786483414 0.3977801953751833 0.4079770493111661 0.3828843078916822 0.35654014940081563 0.3938813096204587 0.4155796510944407 0.4171443826284883 0.4782702479530649 0.424948846285865 0.39301140363585274 0.36845462850215654 0.30515648303633935 0.305871533501657 0.3114720415692033 0.31248292858352666 0.2952870736508009 0.29525445701432335 0.32985199839576734 0.3601040119040957 0.3608702150170664 0.36258806504226254 0.40933966760762197 0.44911542233521334 0.4669133733442107 0.4725221574947228 0.4490296802652225 0.4126545902921089 0.4486096284371299 0.45183544900455225 0.41905362094241494 0.40434030983943414
0.3984991921389155 0.43038357674430494 0.4469881449851571 0.46619100207949277 0.48836134235137774 0.43520546629069057 0.44349847167116935 0.43721234983195983 0.42528138987046965 0.40805187799249915 0.38238851003305646 0.3962153688955823 0.3854609243671024 0.39279026929168326 0.393869690230234 0.41924184932102754 0.40370512126022223 0.41584302880773716 0.49048289761379127 0.4532595061800304 0.4762506276095552 0.43138645198332204 0.415471859124408 0.36621196950443946 0.3324585732634429 0.34369631009994345 0.39494758108035477 0.35998566143153216 0.3759869855358373 0.3820379183313588 0.3584491562511367 0.4019585088116395 0.37890329157312336 0.40962698817102994 0.4252051455658141 0.4640727904103616 0.44795839965930595 0.4479116190962124 0.43094920851922286 0.41332434124885425 0.46363412080396244 0.47136929140882416 0.4800079749822035
0.4333695232765368 0.47891819220066034 0.45639781876375884 0.5010684363776743 0.48755765536421614 0.48774990261218026 0.4745685203846689 0.48993122019478 0.4546801325477029 0.41580325331103846 0.45122123711705814 0.43897921159738196 0.44273580793581474 0.3932295386227638 0.3605684782324158 0.406019928434128 0.44224771973365434 0.48040121671477326 0.5168942190573795 0.49016230642153524 0.4890706973457563 0.49978776195637736 0.4194593138126837 0.3731949243535366 0.3836627472534391 0.38965632494958397 0.411824371291493 0.46014558017853124 0.42621937381446473 0.4055491705157307 0.4317967466008883 0.4013841524409909 0.42264141512277625 0.4661460023096452 0.4269172053359672 0.41205579288820937 0.4067987526254889 0.47571988562110323 0.4670823833562338 0.42316410327381565 0.4565619465491672 0.47439488150523274 0.49074256967196245
0.4845458529007908 0.4675996434957668 0.48638903028408403 0.48360227129522615 0.4676890436031989 0.44430043351711174 0.47785036224617616 0.47874642312661053 0.45489063046815537 0.45432618688833637 0.4257065634927358 0.4608914994354286 0.4352839506942599 0.37974280057551896 0.3716263288001246 0.37587036770223764 0.45942274533382693 0.4782373984018207 0.48602711951165267 0.49736386182424464 0.5185514652376237 0.4748800190769604 0.42211602005006155 0.4127666314831285 0.41761202056458935 0.4726569169998101 0.512208500857829 0.5336071122203226 0.4621656973507673 0.45883239475983956 0.4836191773887671 0.43663657492429114 0.461598032244382 0.4041365617283517 0.40160218462014025 0.3807633173586502 0.4207747875472278 0.4232774029721759 0.4292625333377825 0.4573657128038474 0.5048551365825898 0.48542159879172475 0.5191174250189121
0.4451138508528187 0.4825005147868352 0.5076955127037253 0.5311922793519447 0.5093907702315206 0.4781296234675341 0.47863748750012064 0.4585855003780271 0.45961775585621645 0.5311357259578393 0.45998108385859715 0.44523258717377767 0.4123507429626468 0.407611726070299 0.40809293499365046 0.40262171768282046 0.4312289697573413 0.46365737987109823 0.5020478150847132 0.4860169845077444 0.5126373141797304 0.5007668193956444 0.45715994586839814 0.4584690715872026 0.499178884995075 0.526370661690727 0.5152913210125479 0.5721233151915628 0.5674599423721454 0.5484368322396086 0.5206251355647111 0.47640619618178764 0.45640285421651644 0.42100055842743245 0.42303455330932505 0.39227718844202114 0.41513977716762446 0.4098311110300563 0.43751042094300213 0.5119553061340207 0.5273089478278253 0.5283630274516096 0.5457203589592977
0.4296249121995684 0.4051777834176124 0.45388871268253267 0.426513915478638 0.44423195474618493 0.4572079307950914 0.47825956930201163 0.4823541184491719 0.5020929362046198 0.5083767885660567 0.5134991226116831 0.4750294105291666 0.41581274167275506 0.45142967035682036 0.45052522107783416 0.447947511440127 0.4695106987203256 0.4319946850360069 0.4489445826493046 0.4721726027903599 0.4947455505809304 0.4972562479378663 0.4725413186922183 0.4969089926125758 0.4844746308743922 0.5240447313185419 0.5678550915733193 0.5588758481979742 0.5648887285056745 0.5352547119853428 0.5552561251388795 0.48587062921555746 0.46099705424083215 0.47277893787607944 0.4293314844239908 0.40544534127604537 0.4477218616972834 0.47027925976524426 0.48519336645848354 0.48558563263207777 0.5201816456019748 0.545430528908893 0.5063972123508422
0.37921101390841666 0.3846937680682063 0.4273698773305617 0.4200177685108363 0.42179973548639593 0.4600452508413803 0.4428028297131917 0.45403502971977266 0.516532889669626 0.5145667388054047 0.5279084256972227 0.493867606408253 0.4846444973810985 0.44428710744299643 0.48163374520574 0.4953709235327001 0.4973042042394192 0.4117071457853754 0.45430091108499954 0.3905330831259094 0.42605797570129245 0.4870979149853823 0.5098902826415931 0.5193201575404376 0.48250290921369116 0.5647621499488941 0.5792800091671689 0.559764583150444 0.5108131737393006 0.562902316773988 0.5518715274336184 0.5215924680175025 0.5273550008936033 0.5041135812064893 0.5116763162214806 0.4497000594928105 0.4435734898140519 0.4542785080420797 0.4467196492248658 0.4655675208292674 0.47717456292535826 0.48707620911499155 0.5519130353200772
