Raster_benchmarking/DGGS/continuous/raster-323.asc
NCOLS 100
NROWS 100
XLLCORNER 1743157.977587222
YLLCORNER 5469282.319370215
CELLSIZE 10
NODATA_VALUE -9999
[rows 76 to 94 of 100, columns 0 to 42 of 100]
0.5157756247265469 0.5663420803541201 0.5191276922523721 0.5184465804454801 0.5136369568197097 0.4562274091173234 0.4192037251153209 0.47548102932334074 0.48473573401379816 0.517482039207435 0.5411471994290642 0.482453038835835 0.5077876648423254 0.49163617746589 0.48137632939242453 0.49272969629041813 0.5032663174310904 0.4918383720457005 0.4758270755092566 0.4533250975106977 0.46588408059599806 0.4700101523682293 0.5063380316069048 0.4994752991269839 0.5096109910651417 0.46858087688443445 0.4453800318402425 0.4401814133702402 0.39773725183239794 0.4277410592618709 0.40786143937736014 0.41225783075210937 0.37598391608626874 0.3943129172568072 0.36402298915392556 0.38518096671878627 0.3663557810340504 0.3584916412304641 0.3906810895870473 0.4066149162324367 0.38863620847109154 0.3682697096874833 0.3487363650345454
0.5759601853631653 0.5377640250105351 0.5146690743047365 0.4984796035578963 0.4737787894785104 0.4676054846743463 0.4508359849815201 0.44658920462749396 0.49792890840866794 0.5453957904452665 0.5279370918197849 0.5075333361125163 0.4918933151230948 0.5110828946731935 0.5022611260689478 0.4609189454363792 0.4843740795171793 0.4392861259713656 0.4264552695517664 0.40440887437011414 0.40090664517850444 0.4394837628905103 0.42179268367825373 0.4230534945639947 0.4418323619889163 0.39536678674299525 0.3690237547685224 0.379521042866424 0.3581212549177059 0.35429459903657695 0.3893987347407642 0.3949367747525924 0.36407928348051516 0.315970619925685 0.34303499063468235 0.31518942854953097 0.31446945383672803 0.30097948777398437 0.32839678574475806 0.343662657139251 0.331044762689424 0.2998343025290076 0.32289922148704453
0.5839238605624031 0.5541347567540115 0.49844493749811497 0.4985102475040473 0.4675772443962213 0.48555501834382814 0.4957866297409792 0.4705418504472676 0.5076291952884207 0.5327565431628563 0.4782392654075402 0.4846453810947571 0.4742447477076521 0.512940377126907 0.4608387819358944 0.455857268562263 0.4453480938322469 0.4020388666360938 0.44113241311029705 0.40342162734843556 0.40387830291723653 0.3977316358127232 0.41394402998277263 0.4367023566235877 0.4256216161987129 0.3530068776433545 0.3643935972764887 0.33475753930364 0.3072009858845707 0.32333150985511877 0.35799751220594095 0.3581551083803751 0.32423718339566443 0.2726394142610819 0.2728227231807601 0.20489009198464658 0.2602116855616905 0.24834899539967634 0.27268898396385755 0.33077497188729943 0.29345836678264325 0.25360096557720674 0.289848226977338
0.5179905455903487 0.504812403376863 0.46271109697713697 0.4498734489510343 0.4666275457287769 0.4710601583661797 0.47352004228006617 0.4665917721841258 0.5207856184358644 0.5250283810675376 0.4731346705370374 0.4623056281071854 0.4808679668079969 0.4879968196116362 0.49174323943537473 0.423239638719797 0.43284582343752415 0.4177078402929882 0.4344497449381025 0.3758658064108714 0.35534823871173293 0.3552560451294038 0.37958952596752 0.3872105840557297 0.3552922374603566 0.3117268225244158 0.28493390483836245 0.29012364769762705 0.2999450509520973 0.27070413461719317 0.28973977234693926 0.29956605986404505 0.23561788396303462 0.21145311375324966 0.19957931098236847 0.2252222414961746 0.2128322339959103 0.2330578231631828 0.27823408325441307 0.2840914843103923 0.26514085579944513 0.21817704512195016 0.22338531103545642
0.5213665950232607 0.4640339822179463 0.46895834164953104 0.4493182042701609 0.4821725938668673 0.47634107569815964 0.4694167649114166 0.5012395424383826 0.4780778368857593 0.4871758358633676 0.46690011284728533 0.45276208302140675 0.45491138540005305 0.5025113876478641 0.4846560089686477 0.42481356905522777 0.4442370186653511 0.4537840706257978 0.419217961708822 0.42132449700003927 0.3405126028564441 0.3165955660663846 0.32824522392967154 0.32028441914118805 0.3095137090542185 0.2648692726281873 0.25983107826434243 0.20806449815114464 0.25035997864478654 0.2270594872995407 0.20815344443194606 0.22036171313911324 0.18392567634590326 0.20483966862054923 0.1940952107213173 0.165731246690964 0.183016803600194 0.20164781751108984 0.22976404557790742 0.2629903788741608 0.2308440541811915 0.23963959475578342 0.21791864579767187
0.4729278090047407 0.46854643309161625 0.43888861532958606 0.41920496262068707 0.4472790009811391 0.4437744309656195 0.4525819802841626 0.5010701320699735 0.48297497706706033 0.46674543240657257 0.48229092637572996 0.478903349073878 0.4865777791669893 0.4561713727297446 0.4760784085540259 0.4464899123997973 0.39856872843860697 0.4239014929084651 0.4153135747020776 0.3519298506369899 0.36546184480921245 0.34835324466400436 0.2766959269334952 0.3061693169797637 0.29724876660925886 0.2821585086556831 0.25078926002511687 0.2346447099968638 0.20255104637530685 0.18572465495663965 0.20565154386424575 0.18999690163166386 0.15833402742041708 0.15892832304191332 0.19907529486071893 0.20009345335561834 0.1555437378881337 0.1713508441842605 0.17896714624647517 0.20524410580884003 0.20575435638196088 0.17061655810971024 0.1678542519416885
0.47948570618545044 0.4356117906638526 0.4003824683931761 0.40052845674611653 0.4316710192588824 0.43746222565401843 0.4624365530913143 0.4534434061285416 0.4165165949240151 0.4065366577017051 0.41730838999636494 0.48211495328679593 0.44692542070451735 0.4288827467675522 0.4420499675834739 0.4542356605499163 0.36195901598558466 0.3796240965381243 0.37488582157617395 0.3082681940688846 0.3283394940115888 0.32870456114638213 0.2876728384103089 0.26202421246298524 0.23542024544913123 0.23522968183973128 0.20576906326715785 0.19474067535329642 0.19999054516757403 0.19644760340660558 0.1450855798592232 0.10464139841284277 0.1261502897869627 0.1244643831452564 0.1708357919021043 0.18487791460917496 0.18398601119669727 0.14602043511590107 0.14744451950094473 0.18336783023738062 0.19921443656557164 0.15083153050355028 0.1591337312703987
0.45941556356704966 0.4465688348242933 0.4336878211584934 0.4093464400819091 0.440611903911818 0.4218675722002034 0.44305649141592707 0.4316923982885584 0.39038163838284085 0.39551417954793444 0.3894829397432165 0.39353673196676636 0.4016333493221742 0.39883365347907984 0.4101395763724704 0.3960168459682765 0.32879503364949475 0.3320315097211123 0.2971147518008462 0.2970289305652767 0.2713186291285986 0.2548234441926712 0.21525451636468487 0.1835303502344229 0.17146074024162222 0.17978272864454364 0.1383003963066704 0.14949006388234487 0.11864251441198571 0.1433317666010197 0.11945094815633199 0.12801246405461147 0.11934524643773728 0.16013851624784534 0.14481907470620745 0.1885720307354609 0.19537862906021747 0.16926092357930736 0.19834789231805103 0.15225227539491026 0.1509766801369737 0.17957273717403968 0.19077764414663745
0.45652987570628234 0.4791732067138588 0.42859743195338557 0.4498394746671669 0.45765943486772814 0.4088775086603741 0.41407967875831136 0.4307445278082926 0.40031831682874397 0.36602550378982524 0.35919207570882766 0.4142240758670999 0.38779497490022696 0.3416508235721887 0.33448485240187736 0.3023806109295015 0.2684810545019205 0.23744678417579035 0.24359667784788355 0.2446117240831118 0.24530504700487074 0.2290210533428264 0.1885563284893524 0.15104288087478898 0.14684306753684156 0.1413871191812354 0.121058652603733 0.09465567383157344 0.12240384499010522 0.08904940721468611 0.0834276679800998 0.07368140789041296 0.11898484932145316 0.16829414668048548 0.17635756468109343 0.1499475499411924 0.19382397807176668 0.19606046736400487 0.16354144792869788 0.17209685873002664 0.15225792586961484 0.16320008084918702 0.18459657676096736
0.4655352222829087 0.472315090036884 0.46842977518246126 0.4779133816304739 0.4478410341129736 0.4155642071586249 0.3889308977100986 0.41346646059439407 0.3731714521667326 0.359376549611003 0.33229481143540957 0.3148546333682268 0.30835864795610163 0.2961553056501079 0.2901993081325437 0.28207746357170044 0.22832296332017657 0.2532001629244081 0.20410762714158623 0.20978949154775076 0.2084770219410742 0.2150420571623961 0.19273561536799547 0.17154325310309798 0.11013976687344806 0.09872408862803009 0.12022094240775909 0.10124512078659967 0.08188089309268279 0.07479107816417568 0.10776321203494851 0.07992385789461236 0.12233213835737701 0.1571050036618086 0.17618123030482608 0.17254757711720528 0.21272590392208796 0.2014902232810556 0.20410656174954964 0.2075588198743552 0.20633809182390392 0.20516974799989285 0.2285843131508372
0.4402067310028504 0.4314779897594994 0.46368798359433316 0.42792270046841696 0.42693265194602475 0.3896954204144393 0.3695734129672911 0.41994960087895555 0.359989282720781 0.2735400103560482 0.2906701206071626 0.2866061714311004 0.22956885212389927 0.23637566901889984 0.24020642999516115 0.22178262780845864 0.20029580894471916 0.22292981077170046 0.1767456676826108 0.15740196686186425 0.19282064694343545 0.20330640935242766 0.1579675639561479 0.13731655839310297 0.09678109848201855 0.0982803396835917 0.10052946695844 0.14522757912826836 0.13110508408355437 0.09520935336898668 0.09234563592878763 0.0791725157799318 0.1174549060806434 0.1693459607897982 0.1869238711711601 0.20708194843383596 0.20172975468736717 0.2591050627034763 0.2746402813800616 0.2517519945140938 0.2591517278147984 0.23629367712456567 0.2322343540012173
0.37681670576556403 0.4025829568460846 0.4082431282240342 0.40578382848051986 0.3795208549351607 0.37564814844754485 0.3441240869308578 0.3463986523272977 0.32775034460126967 0.2972239468474894 0.24840857336502772 0.23523447843861484 0.1910782044778893 0.19602407755575751 0.19888542047084645 0.20852685732933074 0.19284605688675782 0.2115394151386871 0.17419246614314604 0.15630638822366538 0.17747994114842805 0.16738449181779058 0.12454450965527274 0.10957639664708368 0.09613022757843832 0.08752258488656983 0.12441685831596341 0.14854329340392255 0.11846734502263394 0.12765390404042087 0.09281234341099306 0.12536656020062542 0.12763213736052922 0.13000787232611946 0.17655260811553186 0.18874057450034443 0.20772330535453076 0.24179019148339964 0.27828106348187603 0.2711772487300616 0.22800318077935144 0.2514370217554735 0.24564552931874706
0.3497576503038671 0.35527063667132597 0.3492480148646018 0.37598048524509176 0.3868349409369219 0.3184639572543161 0.2964007585120404 0.2992206674326931 0.2704397907944505 0.22143846835827385 0.19798028890701266 0.16713230075464408 0.16134541586798368 0.1840675079086564 0.17342960430726487 0.15636856852932432 0.16064906119194444 0.1718358005683498 0.15888615690271624 0.12630230623256158 0.1411810948442698 0.12224256812377006 0.09331458438123263 0.09864309537962139 0.08008815820018392 0.12009895728391276 0.10402540488235242 0.14877581537160245 0.12443994317885011 0.11889314215991759 0.11836338254408778 0.10005175961133746 0.09304830802146238 0.1364604780569629 0.15445765661877295 0.19785454755580179 0.1926646795651388 0.23756781114547332 0.2626951935468344 0.257822795757454 0.23271468919793356 0.2474837544676264 0.23421873018897219
0.31631441934342625 0.3374391169571388 0.3443201863477049 0.32084473264276975 0.3578654499264298 0.3475648841027316 0.31010847680466264 0.2748248549832267 0.2120030855024507 0.20610667871978827 0.19146147121119494 0.18446298803723685 0.1298046736374841 0.15731396585239676 0.15269516813764375 0.11103416855228773 0.12122062333421138 0.10902453371510461 0.1523598874719496 0.15069828292556917 0.1396935133810684 0.14168840870235672 0.11261633967557509 0.11856157081084033 0.09770517603157915 0.07378459394456996 0.13615407000450697 0.13856200281839157 0.12275563631210851 0.13182213053283434 0.0731309303514877 0.09008437779796753 0.09661185422889033 0.13958242358378292 0.11902126850198057 0.15830827028853028 0.2041841710887979 0.18793456070012662 0.21748501360337244 0.28612366973568876 0.26096406129563854 0.2526088521595395 0.2504573848535614
0.3407047849291695 0.34894623470466607 0.3460660212112199 0.3222262179607632 0.3439490451998565 0.322629468720605 0.26811367580446727 0.2413413099943581 0.2362988000693899 0.1855346360151299 0.1869118556820189 0.1313432675899473 0.1623695670348995 0.15213883658141747 0.09749610245048161 0.0 0.038104647674379856 0.0760227697285628 0.09107108542254135 0.16608243303601647 0.16668007273343297 0.15005178499437863 0.09567375080452883 0.09975632164846267 0.11778165874611854 0.059470364201202996 0.08322329676926317 0.09974481426202265 0.13649675483647186 0.11259397344894638 0.07185663926213581 0.08076801005271683 0.08999921658780173 0.0976943547953439 0.10972368608478203 0.11915440578038043 0.16509677317270524 0.19092919534143613 0.2035393750099936 0.29144992659449215 0.30553000876717845 0.30798304047026237 0.28444199975041645
0.3412156473172133 0.3307635014356193 0.3069755589902624 0.30381470991582665 0.2788356518555826 0.2738409945349675 0.2621828495719516 0.24154517172848988 0.2148308308678484 0.2310787336056156 0.19308469997128855 0.17662557647879631 0.14570581524883242 0.12007072261157772 0.08130390830161659 0.04537038623769182 0.0507986712376252 0.062459479988540914 0.07141896072178931 0.1049437131631331 0.1325289092795793 0.08697363835065841 0.08769626649632029 0.08225205214431877 0.11010056314402768 0.10889971564628964 0.12247214831242582 0.11779827272487729 0.14629013518689232 0.09583150749401351 0.12362183234735867 0.07804645655979975 0.1186113473886335 0.14606083872628262 0.15231282334518137 0.16764379192199824 0.15803446664487528 0.15479674143658492 0.19599924414005804 0.2765516153671379 0.2777335524054171 0.3049623681107831 0.29726846391474715
0.3211518043661179 0.2858841250225344 0.3131508528510682 0.27615379669120615 0.2506018617446811 0.2670236804428193 0.2848720578006166 0.27733275341115476 0.2629549941476801 0.2173480054414433 0.20025467526354104 0.133194281574871 0.12149666319769166 0.11786716602718054 0.10726077114310488 0.1018353946902973 0.05579014627394681 0.10334762518991353 0.08890740398656645 0.05537250933068866 0.05484721477435829 0.055122680794330074 0.0611599841314527 0.06515432761328963 0.06983905909134844 0.11947929313715124 0.09926864938915378 0.14828486392603596 0.15256668542553792 0.11689561530327545 0.10709555433217594 0.09823280767933078 0.1538542897811472 0.1626308827589369 0.159612250186531 0.16643243809607616 0.1668397614332646 0.1803015656558301 0.19016352556713986 0.23625998672731424 0.2549715364431274 0.32162892366834384 0.2819215293070156
0.36759210829218947 0.35351151481462867 0.3457476687097442 0.34027628127116494 0.2943133519349949 0.29871357034109075 0.24783503942297286 0.24159628165641606 0.2249981159876137 0.23191267971598215 0.21190161335700045 0.1311096778535176 0.11256536242548293 0.10075879510444838 0.08292162575045778 0.08850069878331684 0.069771514128264 0.09246905623835341 0.07583109625705735 0.057065650774881904 0.0764875121382514 0.06545422654682784 0.05815507667455772 0.03837911642430684 0.07779723843326819 0.13293064307225874 0.12519241364113323 0.11344413913442505 0.15329732927296497 0.1603713722887228 0.15279321401613516 0.11303338401766921 0.12567870701857853 0.10582065391265243 0.13291158660012417 0.14251286476418287 0.15269384526575466 0.18148130665664625 0.24758554511502112 0.2600863636870624 0.28456540439249534 0.2725689817816107 0.29373011260369736
0.34476258709596547 0.3772228203210959 0.33184730268459245 0.3301069406090424 0.29507768538757856 0.27865592459538674 0.26333035623532913 0.23910202057419808 0.21276489485690858 0.2408579340662336 0.2006250888550568 0.15659896967246487 0.14902606270678168 0.10781254644792343 0.09614256456578218 0.09280589078378397 0.07984928636442704 0.06337673936571311 0.09978623387382483 0.07812583465038996 0.07747420375563466 0.045402078625912036 0.02868076272769288 0.05091353091288766 0.09089954712367247 0.15077036654674544 0.14228225583460513 0.13148398626061422 0.15360881507442356 0.14405611880212568 0.13178265514350232 0.18292953669233042 0.12701207744936552 0.10606934227791565 0.11131559992634382 0.1298574838359498 0.17034813812013444 0.2414079059924998 0.2791835368580196 0.3011646413946871 0.24559859086891483 0.25245839923094815 0.29678758866701616
