Raster_benchmarking/DGGS/continuous/raster-49.asc
NCOLS 100
NROWS 100
XLLCORNER 1743150.0124032607
YLLCORNER 5469296.022651402
CELLSIZE 10
NODATA_VALUE -9999
[rows 19 to 37 of 100, columns 43 to 85 of 100]
0.2871623406671893 0.28398494009044556 0.2578321473522204 0.20217126139665847 0.21498466957537282 0.22207090970506302 0.21210520829004795 0.2138613939082565 0.20542483429181718 0.22337992585402597 0.207315239731528 0.18172900356181507 0.1991912085806998 0.21867638526651068 0.22235511048804182 0.21505117914705718 0.18131535195587403 0.19779827091376395 0.18298962777174618 0.16223188287224297 0.1408421806737203 0.16466388446197847 0.15641019027065514 0.1511713397985179 0.15221646584653228 0.1748742856016113 0.16211565882731158 0.1649954422310551 0.14117089830446733 0.09270959407827187 0.08470707959727673 0.11964807963973197 0.11962705191042403 0.16606726890410373 0.16471420950261131 0.1608485629212409 0.16004309572841957 0.14383674738546207 0.14372504635101435 0.17185326483654648 0.1699688244368651 0.17238342371605445 0.16012148046453634
0.3019988965528086 0.277565778610152 0.2347924555905954 0.22607642647045245 0.25894988148652626 0.270742826759102 0.27235675692311945 0.2475503971532456 0.22046716192898827 0.2159834575420923 0.2031642333267494 0.18261693400200443 0.21898124415336512 0.23253896663574541 0.22035879193306865 0.23476698112712066 0.2275960331721041 0.20255675085790434 0.17719509416873364 0.13631563641146116 0.15905445360176584 0.15995104090575088 0.19617034710842302 0.19083638187619245 0.17942080508690517 0.16759831661297175 0.17593490577784326 0.15651862000278516 0.12684519820696866 0.09566203474951253 0.05935244014462558 0.06801974857750864 0.08920366056777126 0.11889091298660477 0.1562012760278302 0.16599455150937018 0.14664639670701887 0.11037700180378222 0.13915548466660163 0.15657936369107905 0.12684052230102688 0.1430577288619528 0.1190222978280815
0.28143220989794254 0.2503241951711738 0.24443366195562188 0.24460941725743662 0.2671295266584454 0.2653713336645134 0.27926651838209343 0.23877025080126477 0.2542643425001725 0.24289916450613935 0.2229437676578556 0.21101861249673423 0.22306510309417288 0.22238346978684617 0.21765817567274906 0.23815954534993483 0.2106416149654763 0.21703900224388098 0.166385828911122 0.1470838148646045 0.17426512508317343 0.18777938179368692 0.21362902154130056 0.17843967389532886 0.1684830060829418 0.13362484153325574 0.1332826757771117 0.1571152795229215 0.12169002011782713 0.10997307595098581 0.07815127801650096 0.06901192282869067 0.1037698455898241 0.14626195425513386 0.14175597204812834 0.14104557441208213 0.14829342611563062 0.13794800282230812 0.13719114299360632 0.11438408925350167 0.12218036250036149 0.12376409258103592 0.13155142329446431
0.26077165903498917 0.2548617025264277 0.23099597224501472 0.25710704095075226 0.26251743270936917 0.2829586323202521 0.2495691567696586 0.22584368446851832 0.2365554325727717 0.2488952973958873 0.24272929904566254 0.1921467243635472 0.20390183443455154 0.19843206547016787 0.20662944069870826 0.23588702806994377 0.21724838868698276 0.22993277306748636 0.18100210955822163 0.17254334372100152 0.2043567376699263 0.2216869110402082 0.19824719308690167 0.20971087445627384 0.17037564041795975 0.12948195291075923 0.1348125004327602 0.15069332196524654 0.12493035582344804 0.09132300616950115 0.057427643429697854 0.07078707422644562 0.09608063179258088 0.14641184886585862 0.1331790696971143 0.12912908650401958 0.141875485342092 0.11728164544186098 0.09621789599575353 0.08904411735636289 0.10011673014230776 0.11521468923584369 0.12615009061215474
0.21888001009869887 0.24155535349832294 0.22995981187672818 0.24560520998655022 0.246374271201453 0.2670423483371163 0.2540672057577431 0.23720417968717117 0.2620351222513287 0.24506268751880583 0.24021184361012515 0.20176240990214386 0.2117180331278769 0.20498229395422632 0.22580438737022165 0.22901585342894257 0.22282533742429758 0.2109057586695288 0.1843878879366915 0.17898245735828267 0.21987384647579664 0.1984630987652058 0.23153110123091425 0.2015725047988101 0.16845479098433766 0.15462988267008132 0.126294125618384 0.12133831367757934 0.09603868181925335 0.09004707023057844 0.07391557501103246 0.09511531211694986 0.09319263546434513 0.11708152114478276 0.1265499924854652 0.1127741344979144 0.1406595667720527 0.11264418161074372 0.1119685947616603 0.10272566080796623 0.07800407148154256 0.08891468416930436 0.09901755680559865
0.22271375312350689 0.2204899902573602 0.25071702869039875 0.2529093245432583 0.26004062370361314 0.2510147164111659 0.25491200922097873 0.2590102558090958 0.2346674510012696 0.2501073834382916 0.25349552378228973 0.2151760357512859 0.22718508315588562 0.22582182417528118 0.20990036332998066 0.20436039131685554 0.21228579377598528 0.20152996822119534 0.19283373544399057 0.21643956439733003 0.2022050753461525 0.20203246822248822 0.2253372946644605 0.20730847556102514 0.1880373325293595 0.14784991702965156 0.1192313781140654 0.09853635134162657 0.10668209517197473 0.06456906462556358 0.057758247737996 0.0996366477167543 0.08773952504010697 0.12974182432814887 0.13198152703730232 0.13198894394001667 0.10768886765180415 0.10261145749846425 0.08205050289808288 0.06365496942751127 0.052845836122948034 0.10200214783675404 0.10657528051452286
0.21643124024671292 0.22233293208337998 0.22692432590765443 0.24214493721934732 0.2528201179689296 0.25522083490009934 0.2470596255704158 0.24340082207370975 0.2377830908296985 0.22577599300399215 0.22493344140088245 0.23797391912396712 0.21050588998893752 0.1941524003713817 0.2135567670513784 0.2391846283222485 0.23537044478867244 0.22266734682477254 0.22107465725446696 0.23371034838472204 0.21739108610436553 0.2374949339405717 0.2112298458822931 0.20655502903415596 0.19387322742761948 0.17720098034701953 0.14251278007500137 0.12053290026410457 0.11674438400880918 0.10933678454191094 0.07906752876866563 0.10692482709794061 0.10848112111791161 0.11478680441022791 0.12635743825321588 0.12241926596724884 0.08521932178906083 0.062126881848987583 0.06092674679275321 0.052826223303045775 0.045254710137710596 0.0825542594043706 0.06647580588192445
0.22639318472870565 0.265308981186536 0.24666911077440346 0.24594135064455364 0.2330079257175749 0.2353602504449085 0.22862758753412746 0.2036827341360301 0.2072559460351303 0.18916919477963634 0.223665803352953 0.22180898461056556 0.2046214065336773 0.19447098676417598 0.2389050073984525 0.24335840254696128 0.251883557797754 0.22913413341736794 0.22461453945730822 0.24738689186746726 0.2293092536292159 0.2581860456428651 0.23011544307916565 0.25756310751302813 0.22285972149852465 0.2151906119914977 0.18392935948369968 0.11285299265590644 0.09100911235660751 0.11311980556832957 0.1273686836745728 0.1213512719849957 0.09887138425330565 0.08983326102255253 0.10494816637681731 0.07730033283432139 0.08645757011209615 0.06187877550148714 0.03197886797837793 0.010763145076240143 0.0219357659157129 0.04168062030721154 0.06536568362408277
0.2490634748109086 0.2652175996859322 0.26325066469149977 0.2692653113697516 0.2642039929246873 0.21832053295291434 0.19985583753639394 0.21307385515593216 0.20173425120712196 0.19840865945466826 0.19940895441774792 0.19673757954674378 0.2373401652992601 0.23631247570253516 0.2277283337115446 0.2606428201528722 0.2376025458297508 0.22704637679412265 0.21189363047941612 0.20388358890272035 0.22914085512766555 0.27127851115814705 0.2777563148599142 0.2772830423445727 0.2456991262060424 0.21668460251791913 0.1928961312967643 0.12840890196018906 0.10842828575456966 0.13110820286920213 0.10797571420726962 0.0861128338228883 0.06629445146894847 0.0805317278425743 0.06223465877552802 0.06843009837914908 0.07453038917456725 0.06743222131413443 0.05428953644606831 0.031548937167230964 0.015561466619297293 0.03401520830672325 0.06684858052156403
0.2394010694722282 0.25009692436568987 0.25179600352057185 0.27295482474122845 0.24619108600411255 0.24992567936444987 0.21634005613992707 0.16442329063061473 0.2018478426738509 0.2026914322916463 0.20848216719642626 0.20267147080073747 0.22283996370193304 0.2513874156768811 0.26283256992482634 0.2463893563641564 0.22022260538431587 0.22466135156857636 0.22255627631250632 0.19312830366809097 0.19899215511738413 0.23686475676963303 0.25519810062046266 0.28031665938414435 0.2188036427621431 0.20964836675465998 0.15607944533704063 0.14601191015710224 0.13630268849697663 0.11841418985688229 0.11929575087718361 0.06279446037880577 0.07078836008868715 0.0664961431038291 0.045335727506291626 0.030356316324819353 0.08084391781253952 0.07162999094117475 0.03619557529333666 0.0 0.02069151937686104 0.028319212180509874 0.0795088855145057
0.21697204307413884 0.23940770608468281 0.2318514611679127 0.2477250886648234 0.25319582105805855 0.23955679660716395 0.2211356159966805 0.18186485593809654 0.18777372120604438 0.21790688698332236 0.22169233423030468 0.213954077870172 0.21381257952310248 0.2506904059939258 0.25155835215488004 0.23717907938332308 0.2207078958765569 0.19157313043789254 0.21203777887516104 0.19742445439058606 0.19580664891070934 0.20835685891210687 0.23630612757358016 0.2332540319061547 0.22904164361456125 0.1697103329959686 0.14407782024388485 0.15572100526143828 0.1446546685505761 0.14991634799570067 0.13007563634287334 0.10785672646058335 0.08956830145143496 0.07035399251815971 0.05110025701581589 0.03818320884285747 0.06426351241792123 0.042037485561973044 0.03237979398790877 0.047762676468851434 0.05131856446646173 0.04836611469840376 0.06121981635591433
0.2491189761819682 0.23129153071339495 0.24222795731840124 0.23104725822093947 0.23197159141469204 0.24048807462184443 0.20980559997321505 0.19233003521858216 0.190608669347629 0.21071206810362653 0.22633860029220915 0.20500167283727394 0.26006158174207544 0.26102590798981745 0.2624220615654834 0.257608209634138 0.2083342195149227 0.17865307278997508 0.17044338888015312 0.17107748813932308 0.1812948157336118 0.24360840168914438 0.20848107580036535 0.21398787608722042 0.21669218614326474 0.17852352628146093 0.14187847073668358 0.1204847134692882 0.15370428716201812 0.1311032313315331 0.13225885275063995 0.12224975842140703 0.13136261930054002 0.0798138001136613 0.0891362970272542 0.09198490163385054 0.0716601970225321 0.05457159542135562 0.07164386919327488 0.04226308479539696 0.04525973385013769 0.08964946864837513 0.09445392642227882
0.2511512080655329 0.23755084603716034 0.20079500248387896 0.23516867313469494 0.22547807892604554 0.25032126240235325 0.22716843265322126 0.20625659080041303 0.2340131438432654 0.22131739267619882 0.25759325335345845 0.25301136231963467 0.27464395693858595 0.2779578046256482 0.24010792770994827 0.22147826987868421 0.22823411556902468 0.20244317604051043 0.18325668430745967 0.20027083733255796 0.20304766862142834 0.1956136262092021 0.19257377202814116 0.209231721624346 0.1842666957888313 0.17809680202123834 0.15551459189857686 0.1447844431486443 0.1561093894962169 0.15282397626651392 0.15786734867381116 0.15955638915356732 0.14624805528616666 0.11999233140996085 0.10850238953796693 0.09453415551976338 0.07871243653795067 0.060234447911386296 0.07321656068592887 0.07140669887812683 0.07998324635996339 0.09582066075424346 0.08793818615825798
0.2347044247866571 0.20981369773205752 0.21823674742563468 0.201242328238909 0.22876098259121916 0.22943004630608405 0.2473744485080427 0.253044041213114 0.24008721498985144 0.26563940651595097 0.28480159302947544 0.27869055509612634 0.3006863025138755 0.2868547132329626 0.24159922024138797 0.23270155465812128 0.19935379976487294 0.19587323972782783 0.16940200135309816 0.18214399319429614 0.16100909305832853 0.17264550257144165 0.1823452142667199 0.18958418798199778 0.20421034961135004 0.20456188067596456 0.15454540649329254 0.13936218809704956 0.1747669050222358 0.17557873066645255 0.15358123553815511 0.1710436639189102 0.16804929454922754 0.12517357144153496 0.11981981613509439 0.08088344624962547 0.07311154529395432 0.05531014973326004 0.04128930128242368 0.06781637204712575 0.0555209276378524 0.05609249953844494 0.09161540895145635
0.23420582485357744 0.24471997399328763 0.2142452784230515 0.2276821546891012 0.22429544231718276 0.2768428164932673 0.27370330325975156 0.27862026335644646 0.28261545407668787 0.2657430131617947 0.277931245021211 0.30047357254920093 0.28642178435855764 0.2688164531614738 0.2629624175172686 0.2188805444271171 0.2093788321855877 0.20184505521554608 0.18289159557513981 0.188515833383177 0.15791879752413177 0.17118860764456403 0.18182929005431683 0.18077751806735406 0.17121357924972894 0.20211874676808794 0.18299530343302498 0.1753582537280253 0.14578935824416359 0.16870178718676093 0.18310073608190414 0.1658800213780024 0.1666957472780629 0.1256582993174226 0.10188381922940715 0.09188231653697454 0.07194008591477806 0.043858767780240254 0.034016611846368124 0.058198881598741925 0.08928320549923183 0.07330376734662282 0.07224665039399693
0.25526731837000144 0.25011459670449443 0.22696785607025657 0.26465624623799777 0.274754444846877 0.29141164000539094 0.28073752162728005 0.3087628758025116 0.3088285304583316 0.2985389157177344 0.305448695562798 0.3037789379252258 0.2667467334359223 0.2585779168572785 0.2643035751214502 0.2110116371746082 0.1915105317395328 0.19805278761014525 0.1722014710126371 0.18780033562191875 0.18534833452380622 0.16817153133706175 0.16196655514364816 0.15681031561891703 0.15580033548036035 0.16051338473521765 0.1816850245775835 0.15760163732447113 0.13526629639902538 0.16367602688267943 0.1520651766175379 0.16266207548618514 0.15245984973408377 0.1632428100591094 0.12520400076184893 0.07073334150360486 0.07045376815523867 0.042087934754341354 0.039603845688957015 0.049253487238830655 0.07382322248667232 0.1137930384799877 0.09822227742142721
0.26525748354614054 0.2591660328874676 0.2481991869349355 0.2539844195453794 0.27035241067854293 0.30075631878878417 0.28442791270139345 0.3088495894497804 0.2880500317971694 0.2846287944069176 0.2748775367065561 0.28140962421284993 0.2785761817778157 0.26497174029697856 0.2797396722005478 0.2363238659291434 0.22656329812003936 0.21286504812044932 0.18299460393669764 0.1746567448774775 0.1904408171316153 0.16756218609303808 0.1353496335638604 0.1500621402465759 0.14844498419581423 0.14866660141152366 0.13657062308003887 0.13860518307570632 0.14790230273724234 0.12215020170943139 0.14288112848131157 0.14498642324476552 0.17917807560027166 0.13975784041973638 0.10939664325594338 0.0934052527800323 0.05964615672451441 0.07748161641251733 0.055706587591837706 0.04413774911997496 0.08519101685784018 0.0935452232088503 0.09411340647278992
0.255790563946407 0.2781961119926333 0.2735928281105778 0.2717624707964889 0.30234128679098676 0.2906919174043112 0.2826251221732181 0.30894596366756055 0.3076443808289381 0.2726680385783375 0.24957923184141134 0.2547825510507516 0.29389063709359253 0.301193742486817 0.2935766476304298 0.2976657947929869 0.24979079988584488 0.21738127808072588 0.1830201692367184 0.18364791632705216 0.18755828457865684 0.15431047766365658 0.16189647124873285 0.13868410968826628 0.1535533679792352 0.17652389423524767 0.16192936299369667 0.11738737637225519 0.11257322398304326 0.12248635146870743 0.16425935788456095 0.16886934371164905 0.1927991169190012 0.16857562519035033 0.1193018435992094 0.09932330438397252 0.1078289772965371 0.08124450348646424 0.0807410348872621 0.06894310038840992 0.09410889422092761 0.14390098448889552 0.1177481994954143
0.2893362031492413 0.2893193862727606 0.2617824559591933 0.2644190092063567 0.29066479811005896 0.28135994953753174 0.32054549143043826 0.32576630177068333 0.29303460289850175 0.2815118008800761 0.26252139323011225 0.27316345856973817 0.29735218636723065 0.3282129548125653 0.31945357417621345 0.30945461375022 0.2490685456807263 0.23254466272884702 0.2080556535278765 0.20185058986373075 0.19660955868254715 0.1693407326364529 0.17860021541547075 0.1775291201959654 0.17818567966854726 0.14758968292360286 0.12990456009535978 0.12052753039648938 0.12403797232729082 0.12971547570269623 0.15707073906526864 0.18246387596276675 0.18035075684166849 0.1981583992411495 0.1682018488524465 0.12451205175759136 0.14721730839659988 0.15378721841452445 0.14243521356007188 0.11942833472132701 0.1287624709350736 0.17187079704911912 0.17746848878366406
