Raster_benchmarking/DGGS/continuous/raster-124.asc
NCOLS 100
NROWS 100
XLLCORNER 1743160.448369731
YLLCORNER 5469277.729353563
CELLSIZE 10
NODATA_VALUE -9999
[rows 57 to 75 of 100, columns 0 to 42 of 100]
0.3955804439154444 0.3704552482665026 0.39570309347418225 0.39401291775226954 0.47529502294479853 0.4752954142184746 0.4853331079545456 0.47018221057698956 0.48015851232621043 0.5219558467705224 0.5441314314536071 0.5607052952967141 0.5536833686992413 0.5252525388979831 0.5390783486397226 0.5680863309681267 0.5686880114367904 0.5454225732308826 0.5068309140036987 0.5228622445896011 0.4890064393455984 0.47676078802469657 0.4733577225093088 0.47054138485243663 0.45236029237811304 0.41438365290031404 0.4667529399611323 0.41663849814600074 0.4756794542565148 0.47552656684220107 0.43300252217849405 0.42448721504879944 0.41083399800050596 0.4205955898730239 0.4121340550661775 0.44451439461313513 0.4486874244152517 0.5043809206946223 0.4787732058099283 0.5007704013378727 0.4732459532739302 0.4844541224739758 0.4258650262715166
0.4041168990387188 0.3666042282291103 0.3826598878175868 0.4400494138068786 0.4802527652492281 0.5322277403650313 0.5225851127563707 0.5077578073250465 0.5405293434636566 0.5256216737242814 0.5436857595042993 0.5382097048061241 0.5764876786540734 0.5544984084960156 0.557454689380743 0.5421481579823682 0.5204122874687755 0.48499292635433394 0.5019699626885566 0.4847549141900925 0.5007274077640078 0.46580230731937605 0.4952486890853197 0.447829165583555 0.43548196194379135 0.470981391368768 0.4521346088484337 0.42874273691567844 0.4501945258991177 0.4387646318490272 0.4437175219685567 0.40848927371895216 0.39753492577892136 0.43237425909869054 0.4230241577691897 0.4735960916346286 0.4610064186417224 0.47213279873115843 0.4967210103340587 0.502763737756341 0.47504331082660206 0.4978484887165723 0.45632002911769803
0.44210488972403295 0.406192795221668 0.42390923344434217 0.4294521808587697 0.4916477156400678 0.5406769535595273 0.5416143276211306 0.5768441189897074 0.6011548253942094 0.5832927616252479 0.5607218664687946 0.57010267665852 0.560551577224736 0.5408281854397294 0.5381895592432421 0.4826149303285647 0.45411573475806477 0.4580570778252519 0.4697704581286472 0.4842805623358047 0.48756654901501384 0.4762886082925044 0.46054672092219373 0.4740267512315807 0.455997422901989 0.46690685483874506 0.4619409153958605 0.41227864231521055 0.43360609071177036 0.3936603133788962 0.42249937417206407 0.41401003544166143 0.41021597955365025 0.41812737905085534 0.43773982007886986 0.4647850166648144 0.4683582820602443 0.45547460736700596 0.443904734921002 0.47026724036266626 0.4634303705809529 0.5026175227230116 0.421964972962133
0.41903815073033257 0.4141599412444033 0.38603333783384297 0.44913671994015186 0.4420490724697016 0.46959062877268254 0.5222701063784936 0.5323196326967005 0.5873567967785015 0.599262491668614 0.5694268227363022 0.5502876555178923 0.548624750495261 0.5403677153398331 0.5129356839527307 0.45218133128287746 0.45477390488956426 0.4646597931409214 0.47598391736280354 0.43759300551562563 0.4341554007694001 0.43245371022838575 0.46661929190607054 0.4519740009138243 0.45711465702922877 0.46665134590219176 0.43685708717342325 0.40670221580519117 0.4118531340939505 0.4036910963620428 0.4057269984698594 0.42183385828000153 0.42015130033524245 0.43073785377737417 0.4182716766726189 0.40519693584429595 0.42330868693112844 0.40763405487696514 0.43049678382125606 0.4653700783973277 0.49350673140826956 0.4901984891037962 0.4316625753746626
0.3989420711928844 0.3663358731953814 0.3900749130645199 0.4283995425006328 0.4401137479114487 0.4650781962871487 0.532880021456389 0.552361965847136 0.6019685159343691 0.5800100849968854 0.5685408863121192 0.5284131655737881 0.520953742257325 0.5571474491286983 0.5034128053270894 0.47197314394144835 0.47401525607599415 0.4314569225876422 0.4327103289413621 0.4169121952758193 0.4265521459701818 0.4695170278138584 0.42732548659237096 0.40326494147709285 0.4334678510621556 0.4365126299481479 0.4358330329249039 0.4543844596962354 0.43510331677408287 0.4504913705482703 0.44849065651585107 0.4274045907403108 0.404490955633158 0.4081085054675777 0.416967161277516 0.38943860953566256 0.38244637071504495 0.39204701884703863 0.4345265036081786 0.4875014285678351 0.4484253277452761 0.42480015118592335 0.44737232428451545
0.39213994105243777 0.3845298433213132 0.4235046609346224 0.4425401334972595 0.4824484559844309 0.46038449238919793 0.48828292856400013 0.5076674700985385 0.5741598534328927 0.5304774454914291 0.5245156609442126 0.5394071775062387 0.5362137169302758 0.5391117198923467 0.49130413565223685 0.48464476422518776 0.47608909065483906 0.46936778008213464 0.43000053347638234 0.4161826581560915 0.4122388279077777 0.44079304385913476 0.4321651797885781 0.39659244978112157 0.4468641409789154 0.4448380786646804 0.4220416326673832 0.4480448560578747 0.48788296786203555 0.447842039298294 0.4666903856830591 0.3959408296288152 0.36901893443151085 0.39457053458554636 0.4017747148249097 0.41250495245109997 0.38421064828093693 0.4056355194246032 0.45654779343326884 0.503570397434674 0.49861573891429106 0.48003529577723675 0.45526159652965925
0.4101712672287781 0.41132314764566646 0.42918161488009765 0.4972588753757906 0.494322670117236 0.5188327579370112 0.5189729751698502 0.5233974088864587 0.5409512026630043 0.5582724446745487 0.5176670684471043 0.4850705356411457 0.5228736296848939 0.5411985570036258 0.5169614712555292 0.48252776450642215 0.4980592559470729 0.48788754411744023 0.48587447093176667 0.46357511953379965 0.45246804819561137 0.38891434967268257 0.3872741745326728 0.4123708592896637 0.4096157981336556 0.4503043632603784 0.43185935332898634 0.4554034317927649 0.46222657129206823 0.4747431626979112 0.4607174709135726 0.3995128244568831 0.34638906686724663 0.3476229800320732 0.3677063701755134 0.4036139193003419 0.37687356898640095 0.4270684495359163 0.4748610678767314 0.4973787611441048 0.4502733042864004 0.469307849249679 0.4553883637511804
0.42922494812113676 0.4182177183044168 0.4692544510401321 0.4729091902537177 0.46712773770162197 0.5197750212755327 0.4995024612653081 0.48165529128352186 0.5112684912808547 0.5512762844514882 0.5347764697959877 0.49225616513419324 0.4971304339523068 0.5026182310544947 0.5144890355103205 0.5031959506281306 0.4721206181365381 0.4757142280571245 0.46543185061236103 0.4248629769794925 0.43976616817018593 0.4272078013422618 0.41981159873431495 0.39927896135913005 0.4022201163933646 0.415813078712468 0.45285814294314525 0.43292640736301197 0.4510961300142635 0.42597021700242094 0.4250228166730716 0.3560620844537414 0.34468625117566487 0.3359120951970631 0.32844356749726517 0.38030817715384196 0.3918835016696956 0.4444704951941152 0.4403107999845525 0.46438344690570704 0.452074486157096 0.4439978177274033 0.46040231213631977
0.42716181927684144 0.434846931878166 0.4533555290451174 0.45615863437049 0.4991305528517284 0.5128596527256145 0.4815571464374164 0.49697046213523577 0.5223695033370136 0.507292163133466 0.495553761286233 0.49266844600876597 0.497957029274395 0.4733539319059428 0.49282197496360036 0.474575186501653 0.41953604611643264 0.40528529870618457 0.40553193861622555 0.42038538840444495 0.40570195648520135 0.4444353171332586 0.4035918466714573 0.41539913089732755 0.4186412186937304 0.4337004046661684 0.4243253866592338 0.40464150922229003 0.38085560269607976 0.40339259982830583 0.37229973557235896 0.33601101033621417 0.31513902709252395 0.33653668064208725 0.34701159592714637 0.3367799859005179 0.39951899253881135 0.433432948726993 0.4577956907323262 0.4452120647788691 0.4372374998107479 0.5073642403687099 0.4808086421464006
0.4305201890516505 0.4412643093147542 0.463138084648091 0.4890025029689063 0.46728362720326155 0.4853151039126113 0.45061750869807427 0.4443123911454861 0.46680454310502956 0.432961780149384 0.43046965779657753 0.46022025268956746 0.45137330854606605 0.43766663412978324 0.396548065000052 0.40624354332636015 0.4212529430855674 0.40445154100529007 0.4025302364692391 0.3642723353775034 0.38247734463016997 0.38038701858022916 0.40570852311354105 0.3964056671254669 0.37876404679365683 0.39638794432650787 0.4056868635638489 0.3792701837119629 0.3672247232593092 0.33175477408384585 0.3601931848319334 0.3198816105989539 0.29477508442071293 0.30566684136116934 0.34343417835756884 0.32460838272451115 0.3428391603117159 0.3596442891841148 0.41533495991331604 0.4380509816845648 0.45687686746204403 0.4811663719048452 0.4953987325781774
0.4748018882947324 0.5040171008008449 0.4613083991384067 0.4868050306828605 0.45054876897366164 0.4000400072377556 0.4378551569765206 0.45393080603475194 0.4054698874292049 0.36134876421574785 0.3931879512480867 0.43626841712911757 0.4239649947221984 0.3556307551459151 0.3448119769514721 0.345867063645812 0.3720185020494598 0.360498808856325 0.3262447290629493 0.3140055058942258 0.3569335542315445 0.37669648766733665 0.3669159836314084 0.3873911321612652 0.36413217874900883 0.2951971133993148 0.3589795915348387 0.38265418936705653 0.3437275563809611 0.30088722198776013 0.2898508960946783 0.28401873179288545 0.2988150801951139 0.33716935963138767 0.3247940753144165 0.3451567163892687 0.33418418519200005 0.3311244128279829 0.44308387287017437 0.484097007913993 0.5177295398505691 0.5039432444710589 0.5261378043266108
0.4875838778518677 0.504154036608134 0.4936587579669667 0.4400810703298882 0.3941915005742697 0.3963318657861569 0.38129615378581505 0.4206500916527665 0.3984055001369518 0.3608093424932949 0.37301819161941224 0.37105208312253973 0.3789437634455965 0.3418680653211335 0.29951402137184746 0.32195325388196816 0.2867550728639642 0.3040100591812734 0.29754805870948486 0.3187003107474718 0.3260472498512509 0.336198960727059 0.37921692161396764 0.33205602909498083 0.2995763471043206 0.29727827419699115 0.3555390741312432 0.32202173028398456 0.3156568642839791 0.2963868096704633 0.29215962240081084 0.3082136915986654 0.35397876449298615 0.3848974961509627 0.35805756893857166 0.3643437590197878 0.35279524440477306 0.33638983598614636 0.4310898889805546 0.4686517668527463 0.5169683642221483 0.5228651255988473 0.5081231390683709
0.49789282146537384 0.4885830765032127 0.4680954413355449 0.4206071483997827 0.36371016863708366 0.3620728108497697 0.37873330263809246 0.3732337288112068 0.4029681946390015 0.36892340849216687 0.3560591210519125 0.37708593047877137 0.3124782517073435 0.2919203957647663 0.28081754749400056 0.24849030882263237 0.270410105883463 0.29700944610203306 0.27132676167937897 0.29294459951854457 0.3491790677798071 0.3451582633891004 0.3412946340705609 0.31463630108278023 0.3170495111226104 0.28555196936358423 0.3558896308552403 0.3455568989668265 0.3311172011842993 0.3198596701636202 0.31941524603267396 0.34918397016950425 0.35759031380830625 0.3798302922950398 0.35185516841148484 0.30586155977908136 0.3182102842051791 0.34193478290645857 0.4279872210528297 0.4742601714506979 0.49358669061073546 0.49362247468062753 0.5070724796753646
0.4777411017562616 0.46668308924919544 0.43253493662241316 0.42973152001005954 0.3887890163492312 0.3774069294460946 0.36515474427824585 0.34578424141381164 0.3933380267749957 0.37522016160945665 0.3604101271926137 0.3019012275346362 0.29351357949607015 0.2535374656532662 0.2523978525068491 0.2132223787178639 0.2367821590377478 0.25273810271229297 0.30244011529553577 0.2948008881600253 0.31722545665306084 0.3034381851905211 0.31635881290961376 0.32692624592532266 0.3181561092504598 0.33205268734690474 0.35404353924297766 0.3243174089931692 0.3039272977692847 0.3509696064478879 0.3626944645109008 0.3657123564432164 0.37483709179923624 0.3917810876289079 0.33639103275987986 0.2891680366170746 0.30790217491037314 0.3594443337859798 0.3882600721270315 0.43724335853062274 0.47554209972847017 0.5235262808840546 0.5376692521518596
0.45322787716308266 0.4487889712872595 0.4162062799406155 0.38593569226220975 0.3534093571066034 0.37374250118641683 0.3754455841927814 0.3313563999614035 0.3672659291706294 0.39493069166895134 0.340392472746783 0.28533649817878715 0.2607754144981599 0.2321440279499017 0.2480077576768862 0.2054670119366851 0.2123390511950404 0.2199946524963097 0.2887885981883057 0.322630522294429 0.3065856718613629 0.28491669899429733 0.27541578733064503 0.3194266586711834 0.33712509243014654 0.3688048127036145 0.34898816796500753 0.3188258980824758 0.2948379545548152 0.3054816717358854 0.3272063401791886 0.3774488197486397 0.3494464085878028 0.3627119953500009 0.3268195563880767 0.3193089406734225 0.3148459368929997 0.34970173864454407 0.35509896450097994 0.41230659018461896 0.4482619232953329 0.5209424713594091 0.562323925154812
0.44476373921129897 0.4317306060711238 0.4253887466598159 0.3879027318591743 0.36936066049169497 0.3498896232391323 0.34964356118093004 0.3767019128932639 0.3562045038015107 0.35268831836712433 0.34300135028663536 0.30631813247391876 0.2838886516113473 0.2340494043833851 0.23572261894362634 0.2363345730694879 0.23590998102156896 0.2559551775113267 0.3102489396067263 0.3214728332730846 0.29340217921597256 0.28310149869543316 0.27205879570391245 0.3152735880298562 0.31898370556210565 0.3358297189897805 0.34324289737803926 0.31588767522135247 0.3431445173146495 0.3321766984957775 0.3048332210399513 0.31637009709563235 0.3357344101225177 0.3744491190949567 0.36610839875981016 0.3709663906730537 0.39366197142917786 0.36968947371715094 0.37879753223928536 0.3898289934413389 0.4563104651862162 0.4878257957728611 0.5264318540363631
0.45862505414273547 0.4235046204419536 0.4189515812909534 0.42877909443008544 0.41001443402716875 0.38913995204033064 0.3486208888792294 0.3736127483229828 0.3711161421942321 0.3807084745847052 0.3466608276713762 0.311909392943776 0.30737433360497657 0.27088205308872676 0.2778692653382226 0.2979913723065138 0.24911213220393155 0.28191147747004264 0.2859637669436985 0.3082160854704798 0.3132024880908898 0.28652396842477007 0.28538514299609463 0.30096446356623047 0.31471003305459466 0.30744346814619367 0.34760047560530266 0.3482940154476996 0.36630643336608515 0.31490979099258165 0.31712268145526057 0.31556405033349666 0.3546119308445324 0.3854167087618355 0.36605706180441006 0.40940214482009146 0.41118051562018637 0.38253826322607437 0.4206117355635477 0.42378394801222713 0.48904835352525994 0.47781864292103665 0.5299125450452273
0.47438352924347343 0.42255800704627805 0.43423808393067026 0.41911201180747776 0.4072058153007911 0.41970948301567135 0.39461932542472405 0.36479540477113304 0.38035223939103624 0.3777282971313144 0.3282155342258749 0.30219135925834045 0.3244793825201623 0.32196455900216076 0.3013823190692288 0.2844830910344601 0.2971057604545658 0.3090444444428858 0.26700937028471133 0.2550386653976531 0.27588424039994097 0.2513159538798635 0.2847049147006687 0.26596197101935776 0.29127961672479386 0.2852831298613814 0.3067429582305384 0.34647428260534596 0.3423756921276884 0.3045450627211403 0.27919209722650906 0.2883804824943204 0.3313838261240918 0.3347183825632428 0.37968367656413327 0.41217997878135915 0.4194080838423417 0.4223437572845535 0.4559470071010635 0.47769538812582574 0.4920422063547238 0.49120781037442984 0.5291293932108044
0.4694397211528962 0.4695530766555786 0.45472684464962143 0.43917048622695454 0.4088240830101962 0.3944161076990231 0.39782110094516787 0.40680021853501114 0.4062953060023421 0.3775045095853669 0.36216465862887126 0.33429961835540084 0.31983953574306817 0.35957614116261705 0.3512194674010464 0.3320604155687716 0.291352154174512 0.2938389323856625 0.26059037482080133 0.2775622342507333 0.2872011925090589 0.27200631327996677 0.25330793153664355 0.2608895198682381 0.26088493908521365 0.2958513486277569 0.34516185374696146 0.3414268838026399 0.30649409416407825 0.24959427763742092 0.30547293152787264 0.31127649190871226 0.33453577349627317 0.3406477599578667 0.3542518414817311 0.3643604699537944 0.42876082234561463 0.4709637629396473 0.4626025094434836 0.47124456452211916 0.47635762790256053 0.5395181021166151 0.5306588858443704
