Raster_benchmarking/DGGS/continuous/raster-44.asc
NCOLS 100
NROWS 100
XLLCORNER 1743149.6360255715
YLLCORNER 5469286.934498617
CELLSIZE 10
NODATA_VALUE -9999
[rows 38 to 56 of 100, columns 43 to 85 of 100]
0.7605452883371019 0.7409018611753235 0.7227090952040364 0.6913049391228585 0.6994992497805922 0.6207488324063284 0.5966475594558263 0.5491323903912227 0.5281096914848923 0.4771830588437104 0.4587045686821363 0.3877691479462743 0.3910574021593874 0.3729331034985914 0.3568720285407392 0.3554747978468157 0.3738811868970575 0.3995610319615881 0.3329204530368284 0.3306448142114546 0.2622164017884289 0.2707243617220639 0.223973200772371 0.2457726197897585 0.21843557087489418 0.22446505785443083 0.19521827987615858 0.222327398421028 0.16643244366198084 0.15496879496512167 0.16690826430071906 0.178613768753894 0.2438669346148139 0.30400133673414464 0.25888297959127665 0.24145610630153497 0.2846754083785077 0.27253393092307754 0.3163348369056321 0.3383295156086755 0.3737073285632503 0.4193072248966099 0.44458238001136824
0.7985302381814796 0.7205068405646637 0.7428566366373106 0.7382224121636023 0.6998286704979577 0.672711564007197 0.6296986327546131 0.5786668199515057 0.5048971322627173 0.4693917450347469 0.46714717957645585 0.39360189748026375 0.38171183247998725 0.33329505962533973 0.3523997094458951 0.333731329093176 0.3704201209746198 0.404708715791047 0.3377832697643536 0.31588252431372876 0.3052624622812366 0.2715952777040558 0.23127367975159258 0.23282406423082214 0.19080869299620837 0.21965827302185095 0.18239636083022856 0.18964857039482988 0.167285738345853 0.1301935796104225 0.1747688457508832 0.1757227008854419 0.19492458194973714 0.2506227526471722 0.25844431181424776 0.2648588968534132 0.25898547498424185 0.2802620463752486 0.34220249476373743 0.3805015256111778 0.36223125129416783 0.406384931320095 0.45056769012104353
0.7797438740802674 0.7496986537028242 0.7842271685626272 0.7671231909633565 0.7183131752125437 0.6864520707505402 0.6103636158156874 0.5483309731080316 0.519919777484219 0.4690369812170336 0.4161071039076953 0.34292843790100125 0.345504392884737 0.3603457027184607 0.3523637091201274 0.3422907965152885 0.3745679736513647 0.3522485998093364 0.35818402195227644 0.28872720604962593 0.23857264436572811 0.25181431461838083 0.19895490410829317 0.18546357017770362 0.21013027531460435 0.15923824898886152 0.1542986771004705 0.17074551121935264 0.12931428697403458 0.09954596291509536 0.16019721454271504 0.14744983418100308 0.13886417883039592 0.17732925707679822 0.22476051959401594 0.26667251646830425 0.2710136393368779 0.2866704457175811 0.2782773346277624 0.333380398958102 0.39544292966661987 0.4305846218485512 0.4266282539188201
0.8130366509801787 0.8265881767813215 0.7879432999562724 0.8037826026639606 0.7303081837814197 0.7029204839520041 0.6080302147857299 0.59904808266922 0.5183519110180121 0.42869971719123495 0.370339683788635 0.3371353161103492 0.34324780149343376 0.33179868293122927 0.32394858747533556 0.35144999185206605 0.4070588603488584 0.39443258375703594 0.3215059447291451 0.3006005452989958 0.25912157214854564 0.16760252663992464 0.19137461596523406 0.1945380442665441 0.17305753917389263 0.1517164614254125 0.18216847171530615 0.1894942595152146 0.16214856728874993 0.10786523428000096 0.1033845415883682 0.09247936705196129 0.0938882722563943 0.15944918650592915 0.219860892470298 0.26145046836081315 0.23133683557275617 0.2343951849578694 0.27745639131109373 0.33303078630372074 0.40906794969879867 0.43840972713236087 0.4764708717718438
0.7783510938584093 0.7740419078946392 0.7518063251929039 0.7657997024795972 0.7011398162160447 0.6466234877852994 0.567334546005931 0.5276715232554222 0.4693164324695885 0.42675922243939707 0.3783640813988452 0.35428689787578704 0.35770816103639697 0.3777690352296195 0.378301371306054 0.4168554512041741 0.4047694271380795 0.37147140132423534 0.3436419993304739 0.2739024204295209 0.22495666895222438 0.1902041162633966 0.20765337568432915 0.16377180833139698 0.16921489272970838 0.13695023354248215 0.17397034732922415 0.13394052502352433 0.14427289591107825 0.1639987080860111 0.14700557408485646 0.09525430884038619 0.11562478384200972 0.16646873772187726 0.20496716851449323 0.23205712374552823 0.26483784787751835 0.30057235169019153 0.28646303635519027 0.34899792985138794 0.38954218316048483 0.43349563013096076 0.47360182128184974
0.7483207778416163 0.7469948659991288 0.751896107765404 0.7656560527023413 0.6724212843604024 0.598482967926616 0.5533826044307203 0.4865177890086642 0.49660293475231987 0.4534692659635504 0.4122148916473386 0.40311984850974436 0.3547032041483337 0.36000739165681067 0.4160699723987679 0.4026477348177967 0.37698745125147703 0.3349269676810552 0.31170964789798344 0.2892430406189822 0.2280590262357844 0.18702120585975812 0.21898827848163907 0.18747967555630823 0.20390387425699374 0.14651257366397777 0.1429770942119061 0.13992241256682683 0.18180082451999943 0.14663920704330766 0.13118151322291635 0.1244267074657725 0.12025746150366268 0.10934406794396205 0.21474482862195088 0.20839696257714518 0.25836659145502167 0.2962882511731862 0.3377568227446608 0.36198440144294725 0.4386438285883094 0.4724437260249889 0.448966350625393
0.781646027475999 0.7751210610344496 0.733157295027231 0.6851156344693262 0.6257442298605631 0.5680218796118219 0.5374627992262065 0.5217888602692196 0.4663186463510789 0.44229374198068794 0.41203272119557144 0.3640922381606406 0.4025655775917532 0.41065233913970206 0.40743877438033066 0.37164336965173045 0.3670996028073462 0.32272948979096056 0.2949258136150219 0.3023046994041295 0.2709513987763561 0.24007088340647428 0.23211472328254115 0.21106337296826094 0.20932515765279885 0.18586350076935626 0.13334915122340288 0.1783997139175023 0.16459366041303677 0.1952915359584669 0.18453709580483885 0.1850788012089957 0.15973928552149275 0.15643327031604493 0.19741522810510034 0.2611428493638536 0.2657711259891972 0.33528200863766267 0.3466750617362216 0.34987404275135847 0.40657478705429867 0.4218655999110443 0.434868364207937
0.7843209042891948 0.7260419599993033 0.7578224170614498 0.6760536132271113 0.6602618721865298 0.5861255386552032 0.5383412957015927 0.5800691554579134 0.5275676588655583 0.44121921844263345 0.40858036331212405 0.3714893432945616 0.3402211008804144 0.36112280433374133 0.3912501810103337 0.41028475515084234 0.3745142829791303 0.36242692388335707 0.36261686154768485 0.32428374325124604 0.29884628663947765 0.2709989130114685 0.28679869185426404 0.23987831560769596 0.19492304021327003 0.155337864756646 0.17572550166182918 0.13801270001117957 0.20949521360351966 0.2100338588866637 0.22649353232414818 0.18898116368812684 0.1764407921571733 0.16499912236752468 0.23705733438708837 0.264058503447871 0.2783072791481429 0.30236040507169676 0.28859802845202864 0.3223642728816375 0.35793646510450405 0.4116363868717248 0.44751733481873146
0.8238530292753127 0.8079554258516881 0.7847237918468323 0.7051370252001727 0.6874215386576598 0.6703258067084202 0.5860737141554202 0.5615987331436255 0.5490232922561891 0.48486072734752306 0.43161055661105396 0.3678147339188134 0.35160651538319176 0.34540484408607564 0.4014171227960795 0.41510556146962146 0.40465384730390097 0.3899568487506056 0.33582328878250234 0.319799593354701 0.3378161551463233 0.33111173439875446 0.27369402373358637 0.25451046551063566 0.22085546761045846 0.22494307257979404 0.22499928975150604 0.17652357778237343 0.19669806820389835 0.2451777386054011 0.19615347115370735 0.21214101586412193 0.21836217173925526 0.18317805258616848 0.23540338155774568 0.2694964726131963 0.2546036338992147 0.2610000886993882 0.2540360786305073 0.27266114307857475 0.3506966131697014 0.3477944408026044 0.3932073411619885
0.840647275278985 0.8741940454542938 0.8135053326279499 0.7732613518577824 0.7506188936764153 0.6838217485939941 0.6481757578777058 0.6075564724447472 0.5807088749488706 0.5471616514168373 0.49210505032954527 0.40945251253920595 0.41733189840639684 0.37963634484518 0.44589779560059906 0.4036872430067469 0.419916023729097 0.4084436795020321 0.3847320260912389 0.33869484264526123 0.3869681474989541 0.3721337045238236 0.3167170461118182 0.3082774547701551 0.29206721193593543 0.2872225837422404 0.26676743857044977 0.2575612853030571 0.283942378467873 0.2637587589372371 0.18364799691004124 0.19685847995548136 0.20697906034992475 0.20007973095075499 0.24527921710138814 0.21099725423621393 0.19398256910520734 0.22786031718653732 0.19206511825613154 0.24200181392172418 0.3060596679883586 0.3300681930785552 0.3301121078640349
0.8501344813324351 0.8794399199131889 0.8693126184787778 0.8254392954347314 0.7642792121595733 0.7056693136148294 0.6144411077456075 0.5708381611095674 0.5978265167582419 0.5736651771862478 0.5501189482129292 0.4579635196596677 0.43643847054836793 0.43938322195613927 0.46537465256319094 0.44676259415668396 0.4293116252911206 0.4188226944005545 0.3991977625643369 0.3710438540139741 0.3992877113898346 0.33384243132498737 0.30135594952575884 0.2970207170216844 0.332947626782117 0.3414815614566607 0.27151976932437105 0.26374689421847186 0.2900923723085261 0.22302461426971315 0.21418975258397582 0.20687317652338208 0.20336261957143142 0.1990525558650928 0.21670933695984315 0.22182354378957148 0.18942555170031314 0.19275467501208082 0.16323825851283805 0.17246510751417388 0.21529534918742174 0.3022255705370584 0.3458356556399548
0.855744694656083 0.9157833825287166 0.8808670225100258 0.8444510627089661 0.7788876898204039 0.701643771150671 0.6720506699506369 0.6000778718000419 0.5739722267782095 0.54465661748801 0.5308399084778009 0.5633797078345902 0.49937583159117355 0.518678605756503 0.4568703579114119 0.4761398925952163 0.4743740326409261 0.411874169143023 0.43753357032682316 0.39728142587745346 0.4060605855402223 0.3836788319496409 0.327331701735104 0.27787359968599074 0.29426146683826027 0.34118080126533096 0.2960441347069764 0.30493743366732556 0.2585785155640623 0.24974355236869566 0.2510357969524676 0.2225307985146655 0.2501706605271195 0.23721202955806214 0.1904412494404361 0.16604663722569266 0.19830314547467304 0.14163460052937216 0.1208131106867773 0.13362826979310546 0.14924327938540508 0.2071233279904444 0.31598029081424717
0.8892389278336514 0.8560963260860871 0.8843159657499953 0.8321193126749333 0.7816713099591106 0.7315269918415394 0.6671489499444601 0.6389397817398783 0.5935350991389795 0.5889748656551972 0.602547960349613 0.5737687716238006 0.5600909910236385 0.5477988561453092 0.4809258309849981 0.4743874301811467 0.44583179884248014 0.4047235336055668 0.4041974685361823 0.39495510623005536 0.3739517227560029 0.3989789182881871 0.3745594112152084 0.310414292041331 0.32549421787572375 0.2867524120803727 0.2887834181818329 0.28311415851920924 0.29376711339732386 0.2580720059475626 0.24397939946775082 0.21501788454757756 0.2203798898575385 0.2622108241890366 0.21590419771142294 0.1571133846272147 0.16389399160300702 0.143942430247831 0.1676066495005213 0.15180459967863907 0.161575674912445 0.24539769172669246 0.2847533722207985
0.8488701015558788 0.8229093840184651 0.8237549180748712 0.8477453679063957 0.8079839753540417 0.8022158616332306 0.6850892951425233 0.6423078084658008 0.6150483335608041 0.653073868374735 0.6383076721019567 0.6201415313318097 0.5532464109431554 0.5200178568254704 0.5254736234731786 0.504092545332444 0.4327972982164282 0.4547596920504406 0.42168874490000385 0.3989063792499049 0.3529261788865437 0.39448777250025513 0.3782923788302689 0.3054745447746652 0.3359699116444128 0.322224508406517 0.31821648401919017 0.32031194819572884 0.33467608683281114 0.35405191057751456 0.3274704236865551 0.280781164676602 0.26090259440770497 0.2576518958817397 0.20099516780232998 0.1932139197921566 0.1437645222406342 0.17484484420141627 0.1471765631043947 0.1421867551802961 0.19709380921340322 0.29882084974995127 0.26627461028974264
0.903052862111232 0.8306916597539167 0.8422273889947287 0.8261983577751373 0.7902037272987955 0.7559538086503742 0.762011061144181 0.7059535467020503 0.6747248550483534 0.643474990361749 0.6253119347597005 0.6070796780536647 0.5630332453568192 0.5458251851079309 0.5356477884090306 0.5234403379133531 0.4553378977864512 0.41504566804581755 0.36348483290021893 0.4008517421651798 0.3675806782528385 0.3932717392298241 0.36972602067811566 0.3526325574155587 0.29173609052022365 0.2889631116908874 0.33299371363842617 0.3372338688828745 0.29927714198706656 0.33578623070915664 0.32892611812759526 0.3102285967513771 0.2513398603509848 0.20108719751511264 0.2305714563455192 0.18370820659900264 0.1689846298549582 0.18467955358238375 0.18690087064471012 0.22736962215459489 0.23252601493533903 0.27155816491178086 0.27995892483592005
0.9059124846194607 0.8559725692311348 0.8686368407194932 0.8422999999093244 0.8331070616291258 0.8073791713135389 0.7451452661513402 0.7473670563389714 0.6659396521643391 0.6333498805634624 0.6064975164305877 0.6425526162530499 0.618480664462249 0.5854552211788485 0.5706707544160691 0.475227299433128 0.468897095995901 0.36771134831841806 0.3879516655796871 0.34434227053353683 0.3937405428167373 0.39508768774592984 0.3633763406004774 0.3635378599765027 0.3123887626431502 0.31415977142290313 0.34152574579920236 0.27963578293581937 0.31714284233342976 0.3441882559479954 0.27653142903778066 0.2946301786580831 0.20477752950268918 0.18152263143781505 0.1844670339603575 0.2066195375962069 0.15648608337690964 0.10790487861648293 0.19503938238378007 0.23428989358097752 0.2278560971198747 0.30066549082425525 0.25239224084084905
0.8837864608948258 0.8645067804836291 0.8495668699768937 0.8498541478488547 0.8372555705343565 0.7909126636294741 0.7988812343427609 0.7592791135831419 0.7238035481991622 0.6632912275841665 0.632258072681043 0.5917804928608719 0.6325406933488833 0.593494492991379 0.5505004950028434 0.5296285874815451 0.4618177782876852 0.3909685336697335 0.380760023544951 0.34664241455633205 0.3711490263689808 0.3707326557938165 0.337456216519631 0.35928199274597933 0.38159634005814036 0.3684626946228623 0.3088672960247269 0.2942493505322438 0.27402753060887386 0.24332929508409915 0.233190514409446 0.21071625771697286 0.21529584414724892 0.20552525264552712 0.2027108933135073 0.19219390668000133 0.13133103848544406 0.1291379085704659 0.16911361778099693 0.20717734574947355 0.22240732377129718 0.2751675165898553 0.27821317365712417
0.9264871372125614 0.8943205353645878 0.8558666486596067 0.8634291687943915 0.839828054456709 0.7785714269218863 0.7828013380153233 0.7485622059730306 0.7013098119230481 0.6494410107813362 0.6330962810325926 0.5666166613830007 0.6104112143944994 0.6112205121541903 0.5574664075331097 0.5500816618111641 0.48786571195666234 0.4314707344862289 0.3878957635023296 0.4058681572292739 0.3726789310397571 0.3468091867174372 0.3097791535072784 0.35760468893323877 0.3784473751276953 0.3582386284521413 0.3473687496964694 0.33715120929541675 0.2818275539771075 0.22824261086814668 0.24578221351893872 0.19766842149340905 0.22152677271571214 0.2506337225955783 0.17973995835321774 0.19269217365476263 0.20185910542395583 0.1312475659010737 0.15599243896826664 0.16687280214036268 0.21065622721330646 0.19268470667996432 0.24184416659008087
0.8835850122177201 0.8820366642411868 0.8686588287409197 0.884824820648266 0.8375870508050091 0.8237612807783107 0.7962150859762479 0.7816034945424181 0.7261833920840652 0.6529768090280695 0.5905473587068686 0.5837954605125919 0.5668026503713601 0.590556572607176 0.5965830940833499 0.5474529926517805 0.4631064497900395 0.43447753496964414 0.4477457524506457 0.42765894401650856 0.37206969590130184 0.34840454388933756 0.3183652463082353 0.3456897990750815 0.3850265420150177 0.37781735513319575 0.34916985085269797 0.3424000744644225 0.3020628586932576 0.22750647340992336 0.20518883374768054 0.22559218629492114 0.25587445523078295 0.2555885112848661 0.2108762390540652 0.2499704823156931 0.22169874094917286 0.17485115395156292 0.1831187173902183 0.17470740177374858 0.17602907981468996 0.23556413612874016 0.2132196926075176
