Raster_benchmarking/DGGS/continuous/raster-165.asc
NCOLS 100
NROWS 100
XLLCORNER 1743154.531375011
YLLCORNER 5469292.017517649
CELLSIZE 10
NODATA_VALUE -9999
[rows 57 to 75 of 100, columns 0 to 42 of 100]
0.7840685699067336 0.7876404900186142 0.7945525249703352 0.8435575053798338 0.8497985744842828 0.8625978598067647 0.8649343658368132 0.8297566982986851 0.8063237418209034 0.7851786922210576 0.7644025238137773 0.7940083847258109 0.7870101065161313 0.771668468984414 0.801166433587984 0.8238197995447666 0.857436915461725 0.8481317583966995 0.8858011763565709 0.9015551528345165 0.8953093698054633 0.8993452562400212 0.9229716873857281 0.9105147794323811 0.8938414749838506 0.8905666729499043 0.8973118278302222 0.8640065124981624 0.9014544145448197 0.9031978389839679 0.8385997712908159 0.8451524922255366 0.7855285918984194 0.7468989859535257 0.7485122401548538 0.7297720823490392 0.7009482010661297 0.7249064168368666 0.6698587496585526 0.6184624961480848 0.653771788297548 0.6246293145233038 0.6075829726469288
0.7701427407636505 0.8015815527726741 0.82868018829468 0.8410936541051975 0.8347017369209254 0.8381679359303574 0.8269684111621809 0.813235004095048 0.8186641394642483 0.7898589857780838 0.7907711235251721 0.8103628887600485 0.8011447418174041 0.8046921669335461 0.8183063766367022 0.8449276523160267 0.8397387285936878 0.857939715681239 0.913275685170977 0.9027769329572577 0.9088851491609122 0.93195526616505 0.9350197966208046 0.9431929463385724 0.9437877809896786 0.8995355624301484 0.8854539235664994 0.9007872227516864 0.8677678176833356 0.8820520228506388 0.8488934175202647 0.7857732190377333 0.7672943945005425 0.7487913451282094 0.7542542999353424 0.7396406374674127 0.7355878715139892 0.7015001826332536 0.6647745187005974 0.6418173895735654 0.6225721135807146 0.6216582798642868 0.585967003744537
0.8047134880420271 0.8027574203969637 0.7751551502914982 0.7982620323350674 0.8316892500074697 0.8494833200759598 0.8453890365097276 0.8547245614313218 0.8340479932911319 0.8242759575764357 0.8362000141654614 0.8035644028562919 0.7909051929522724 0.7865675185256231 0.8182744123130723 0.8735271804116846 0.8822884005706996 0.8944106794964586 0.9382379422323218 0.9390134006148041 0.916012744341262 0.9479046026509617 0.919241052660757 0.939743748520794 0.9129252490947536 0.9557716674113259 0.8734477014106561 0.8811404633694392 0.8789634439284092 0.8921526881059457 0.811922098087721 0.7860751913934918 0.7606257022576212 0.7760206117188412 0.7272712505663967 0.7500432072605038 0.7154447897572418 0.7039860630307163 0.6556412982011921 0.604259392477094 0.6051863888012291 0.5931435667914491 0.5924159002476757
0.7867398176887923 0.7697239623614197 0.7697244535007011 0.770107297565271 0.7900606460544656 0.8124785598962585 0.832393077440798 0.8573412010735615 0.8644316633872319 0.8479634313466898 0.8262758283720889 0.8022192335118427 0.79934866824293 0.8206658296838495 0.8104189958805402 0.8442011992724345 0.8935549142747946 0.8833797327115414 0.9187543032164562 0.9066243311271562 0.9112460307133795 0.9230468556598819 0.9113389703275906 0.920242412444257 0.905797287788011 0.9191343755735673 0.8671410302097631 0.8382409178212321 0.8359565982803787 0.8191414624734314 0.7913613190113713 0.7681067828384214 0.7857014990108728 0.7421272360586668 0.7314564573553969 0.7256508034410111 0.7125155737511661 0.7043063885153449 0.6682856919486627 0.6584271606605806 0.6125846485510352 0.6183767124041225 0.5710569731597644
0.7866222241417573 0.7832809933864086 0.7929664225263146 0.7922005197524653 0.7601487198125746 0.7954923557521952 0.8147682965216607 0.8581790876985259 0.8692236270769061 0.8430036280375487 0.8507929100912038 0.8497248596036127 0.8112923263582171 0.8200710327910613 0.8540364491338357 0.8653621087263538 0.8731029145022264 0.89343734781768 0.9000686503854862 0.9105591578148835 0.9127884056408998 0.8869539289060049 0.838642212572101 0.8295008886427787 0.887394880627934 0.892025056898876 0.8333387502874174 0.8353116389650371 0.8188691116166182 0.8277092951021124 0.7697004008243282 0.7555061473046526 0.7649560546632693 0.7217758973840366 0.6895215924155667 0.6719097072599332 0.6924460340213792 0.6874835558793801 0.649375781628129 0.6465087966015772 0.6233349219599384 0.6145642462667038 0.5785255485212768
0.7440296039596322 0.7843415007130613 0.7936413649776343 0.7909488089929728 0.7542850890086669 0.7595010074975509 0.7917462264748861 0.84378741279157 0.8505866935344945 0.8121999707470323 0.8071422140187483 0.8415864550026504 0.8173355688985292 0.8185701175810022 0.8522256354506521 0.8611187272671429 0.8717054036258512 0.9185810275006051 0.9225735232164065 0.9042046590135396 0.8523785217624702 0.8586266810733576 0.8232836677580483 0.8314155100296211 0.8283149002226913 0.8208109165702893 0.8421805887293741 0.830990913066196 0.8309962956535891 0.8097394268569735 0.7670892329978933 0.7758037718149536 0.7261909963022746 0.6914815755679513 0.6744419944314333 0.6575423846459039 0.6509532332873016 0.6709005359367894 0.6308555761117609 0.597407842964547 0.5787885283790019 0.5857255683799767 0.5735705359145209
0.7392053920097069 0.7713680140085518 0.7778137318619744 0.7239082211985941 0.7293804713360376 0.77905785845916 0.7873658272174083 0.828980508758293 0.8197308292915866 0.830581239485833 0.8021109117885202 0.8091680608402314 0.8041274472774321 0.8204727775072757 0.8910261704181474 0.9017275389552514 0.8650560685492819 0.9054837807760951 0.8930397445147942 0.8851901700457565 0.8377733084921185 0.7828051462778632 0.767163765514283 0.7749413491354056 0.8097600615752331 0.8052715365898667 0.8059594023859988 0.8241045605150695 0.8100054208333232 0.7669926438657856 0.7683376038107567 0.7739701356493907 0.7483206776643619 0.7190289218329731 0.6785171574976937 0.6617827294930229 0.6472770958173539 0.6344627010124126 0.5904633788194685 0.5673115192241763 0.5862472653604323 0.5600932975054274 0.5864255955880369
0.7019437587320346 0.7145426562248249 0.7417925099674846 0.7153968096334795 0.7501884473142137 0.7747212390769102 0.7880044681164602 0.8020632204954993 0.8130246198080544 0.8264765246366137 0.8045473678689575 0.8215312282459172 0.8499266693837948 0.8787685087229921 0.889059792393507 0.8845623054452001 0.8564834522706971 0.87392082281571 0.8801796725032579 0.8622902888847696 0.8235928059687475 0.8264149603986592 0.7874667353582587 0.8089489460633473 0.7956355985753104 0.800631606650953 0.8214139794964528 0.8021122404439565 0.8200253481155964 0.7896104694028543 0.7611282659016559 0.7449960848809046 0.7363880301231408 0.7024190115034975 0.6795401598301661 0.6648716402636653 0.6455587122362795 0.6115322249109513 0.5978395459323592 0.5895245070266164 0.57484752932638 0.5729664491876864 0.5697072945758412
0.6575071090835372 0.716436840963191 0.7225890524158316 0.6924691123752289 0.7055111563023952 0.7061888461836576 0.7513016277918328 0.7555817770240969 0.7935101474881733 0.8022825548568165 0.7873555492636684 0.8325107426985225 0.8532780945297833 0.8812666918080947 0.8762409334799707 0.8499150316903391 0.8736870464200999 0.8583259681504863 0.8408375799635055 0.8541850460611191 0.8350639642241208 0.810474413198172 0.7805731392227567 0.7833145694871974 0.7869757331975363 0.8138149040673572 0.802856786931713 0.8129513152280627 0.8012088275675519 0.8017855423847838 0.7500397298001429 0.7115488905800267 0.7118376006217448 0.7401540142235933 0.6820667590163212 0.6782552287683301 0.6341314249822696 0.638478629822932 0.5696387589425232 0.54675065942606 0.5364043320214459 0.5599204590578004 0.5707100703610883
0.6568625211998714 0.6783240680225808 0.6900408427443605 0.6759707525082749 0.6643897254985014 0.6550628731196904 0.6888558926630244 0.7013708275284086 0.7288941680799708 0.7798986108743564 0.8027304135993106 0.807747533873184 0.8409142294246713 0.8424098041149776 0.871656552573163 0.8327407999079139 0.8540931072405213 0.8615236403537417 0.8704631320937871 0.8189491717357078 0.8244764766321827 0.7824721365729448 0.8089315284693379 0.7849206078258082 0.7894678932190329 0.8247247788756954 0.8147931361737228 0.7965879986801837 0.7782852173873737 0.7864188343283951 0.7482698728844485 0.7078652678677936 0.7245070090977895 0.6942688859423448 0.6553014345287046 0.6716410515307425 0.63907226806612 0.5870982095931806 0.5423757885992951 0.5224861749358019 0.5555382009346534 0.5414524435388842 0.5346005663356247
0.6394606106777388 0.681716615688963 0.6712296518073153 0.6493198447950652 0.6409347478284109 0.6374054898932903 0.6902323858924949 0.6805008492451663 0.7127904388178797 0.7022554106383265 0.7555046340351758 0.7971210306143222 0.7989887930843336 0.8461071540196566 0.8658667211601635 0.8466627353596786 0.8463118569181869 0.8689704183739722 0.8485342529276213 0.8032430900336577 0.8268804615768515 0.7650429434242183 0.7650730494627913 0.7782913248235815 0.8146286485532489 0.8324904883983935 0.8197394922128253 0.8067332670805343 0.7661327357426436 0.7929512109343804 0.7598280890934314 0.7501164261359368 0.7146619490988622 0.6791862000340855 0.658926000510224 0.6148608305859752 0.6188881263962179 0.5613720103738453 0.5583402275894974 0.5249377700805189 0.5125496111085285 0.4942963297331587 0.5309592270848272
0.6875048402956665 0.6764376196857033 0.6681034347612158 0.6594741244650696 0.6870263632525482 0.6990057884585472 0.6665096630934085 0.6810546708120747 0.6937728428601215 0.7066890874371659 0.7573183192612 0.7971601331325201 0.7971726897199293 0.8100860094467834 0.8269781348324587 0.85531183422929 0.8541431434389825 0.8294571026539477 0.8251804657518382 0.835180994309231 0.8112607978005122 0.7977068091195488 0.7715549109776723 0.7583570078437529 0.7819504903058033 0.8113764421086045 0.8029794297154202 0.8019432657306653 0.7625953512917687 0.7504349985726306 0.7600996611898562 0.7236662412195276 0.7146757206645279 0.646722954579609 0.6427043041778947 0.6350473790915266 0.5785070773335238 0.5695573735742836 0.5555901309104284 0.5602635290516993 0.5375689204388041 0.5160424652499295 0.5400592372158682
0.6740098567602554 0.6965051993492605 0.6790815296302976 0.667352784850188 0.6884466689316838 0.7081813484514207 0.7089040799425623 0.6762352860658165 0.7067931242465703 0.6941245696666558 0.7076273210059852 0.7355059490352134 0.7693243102285159 0.8232190729609832 0.8425734034287826 0.8564761015096372 0.8225993186393642 0.7942527093526731 0.790965128922929 0.7983277869711477 0.8168366368768619 0.8205642597231954 0.7727060482859063 0.7855012983200594 0.770341265371921 0.7474377613906977 0.7605928033915571 0.7788530865068929 0.7589946612278629 0.7536585661248775 0.7252674143527641 0.7179648202325377 0.6896572053961647 0.6463031061073743 0.6047528485917294 0.6020545437811146 0.6016750466282534 0.5753739920233476 0.5691943841169246 0.5764131686809701 0.552493744700745 0.5408750653239653 0.56282437831224
0.6752456988733994 0.7009864051856304 0.6998866510516978 0.6930892085106832 0.7231292199699744 0.7407356800943923 0.7389942303863344 0.7465850946564492 0.7165933630188603 0.7084069774800522 0.7455288270928746 0.7729764755329175 0.7519988067412005 0.7585420000217141 0.7872040178154838 0.8108093362527762 0.8143973266817612 0.787315248945605 0.8121866460506795 0.8140641541761273 0.8160999621964298 0.8366856148720903 0.8121210853250088 0.804098616017545 0.7899347190150181 0.7782324880976607 0.7454034959458588 0.7488000768353804 0.7444980164097845 0.7504361780902254 0.7274452799614617 0.6799353411665006 0.6586572685635503 0.6637726086181842 0.6295372039481637 0.6121887446295592 0.6320761179175254 0.6328012167519721 0.5900268654096924 0.6050977773505093 0.5815017468185719 0.5861612470685514 0.5767041293248226
0.7123656875657591 0.6748177470025329 0.7145589374823703 0.7151869527173718 0.7279117430682549 0.7497588676032287 0.728969115897226 0.7647667278923188 0.7765896640177589 0.7661178091821356 0.7761027370212403 0.7817434329790921 0.747488843758561 0.7565998646323737 0.7801806842456024 0.7855990875525065 0.8274823692182326 0.8204701474266756 0.8097954738785923 0.8427894266152818 0.8150485514346926 0.82735108573216 0.8254962621931561 0.7926291817316495 0.7708675393358361 0.7379237658317569 0.7295113201839755 0.7583705292834567 0.7107584271935102 0.7150901408776773 0.700690020006888 0.6428501968647863 0.6465013768955673 0.6361285691378867 0.6466454047583187 0.6492676275073249 0.6245493800830029 0.633487540323192 0.596213296050854 0.5970482986616129 0.5716971566255518 0.5602219346418014 0.6014203569274936
0.7232722782366469 0.7339264614482417 0.7282389688902839 0.7122309608223836 0.7111158626861378 0.7448333833612397 0.7481081642475594 0.7359367789014163 0.7723418317517103 0.7457608028921308 0.7595199809011554 0.7373573755724312 0.7540124842359897 0.7336254239830824 0.7589144827622002 0.7683950357845793 0.8007198223041175 0.7962981505265625 0.8071467699156725 0.8067280169515261 0.7921727261268202 0.809872210347897 0.7894593275429509 0.7999069513437985 0.7767464042929233 0.7548786426298975 0.769162524444401 0.7538369614045903 0.7233738903218934 0.6777632786230745 0.6498520514570971 0.6825697275256218 0.6754791558900505 0.6825654368418063 0.6703538163306141 0.6680550332507441 0.6562489773451156 0.6504613748017543 0.6165077007784009 0.6002053882336218 0.5816864632082847 0.5934909694739376 0.5829400650733016
0.7070103201955692 0.7408152647890113 0.7182489827512684 0.7399705440688709 0.704696068454765 0.6873153897998484 0.6932095693406841 0.7186247904225539 0.7776757164770219 0.7712083020717256 0.7660250157286079 0.7234814705760848 0.7169488057182917 0.7214936291563452 0.748770169595327 0.7736585790602339 0.7776824404609809 0.7575521768951603 0.7917389350122976 0.7547066812266309 0.7673680690462318 0.7635146439991218 0.7688531170776578 0.7951357452319485 0.790562072328793 0.7914316755105758 0.7717902438621128 0.751890146743009 0.70077591634245 0.6618716262368844 0.6377198752194133 0.6582930814160276 0.6521159113739634 0.6618583696751452 0.674417456703994 0.6942916495596012 0.6584388081604616 0.6600823165687286 0.628735516452603 0.5976619258114458 0.5730349491400506 0.6024215777500008 0.6133259508221527
0.740723991261627 0.7408281487007584 0.7118118469225481 0.6952536874459717 0.6949853933832505 0.704061269658412 0.7089309490503568 0.7522862168356726 0.7745156939109316 0.7811846491887091 0.7678808759309227 0.7414650960063706 0.70977603118057 0.7025454846500043 0.7408716377302044 0.7606808585449224 0.736573225278266 0.7531144739466438 0.7643338130494768 0.7227267989845285 0.7494831919109607 0.7601339400132399 0.7709825833058882 0.767933477383456 0.7991945632751578 0.7842202962350807 0.756474114640214 0.7608700598891829 0.7215746039855194 0.6706594477170482 0.6414187078861359 0.6832376621262573 0.6672231890614753 0.6962550800313596 0.677774325904471 0.6544279722390447 0.6735248440707755 0.6889530057413248 0.6642447816005852 0.6545761757183711 0.594552954328844 0.5891806914484289 0.6240345506107141
0.7131613182515179 0.709743208929022 0.6997575076006431 0.6860240048609402 0.6830164130337326 0.7168119927459273 0.736377224975612 0.7718896053403749 0.7725733804731755 0.7876771344486733 0.7421828468316444 0.7529564147300957 0.7341072455038096 0.692469408147449 0.6896604291454996 0.6899443350267237 0.7068858274665958 0.7430010734406551 0.7482765591622708 0.7175552678701925 0.7357339050460433 0.7604055745139521 0.7925054371936412 0.766395764435984 0.7558122288078045 0.7863318466180119 0.746048197855068 0.7559836045891799 0.6806542274771878 0.6604408032568293 0.6537699853701966 0.6639859017094263 0.7022778816468321 0.7163462086722501 0.6930683881133006 0.6753575641190136 0.7008927019213717 0.6970455085400957 0.6554530809061732 0.6670936261439894 0.629452619863213 0.5991667705524725 0.6532046977725017
