Raster_benchmarking/DGGS/continuous/raster-170.asc
NCOLS 100
NROWS 100
XLLCORNER 1743162.7664713021
YLLCORNER 5469293.015900101
CELLSIZE 10
NODATA_VALUE -9999
[rows 0 to 18 of 100, columns 0 to 42 of 100]
0.4932195127360645 0.49133678952901544 0.5015550152071214 0.5253576600277048 0.5390560056145389 0.5423154454431129 0.5129775493949424 0.535199179173968 0.5435263410566087 0.5147969191406595 0.4986827611100687 0.45257191950145376 0.46471323074464377 0.42444996520514233 0.43585701498850205 0.4616341692967733 0.47895785000938856 0.46368580413784705 0.45887683117799644 0.4722288810465326 0.4722813124982947 0.4292742192692912 0.4082684870420169 0.3948526523116766 0.4181455805734323 0.4652983289197693 0.45515554662097213 0.4088942393043269 0.44523980947227915 0.41599294542374615 0.4078839372830299 0.4141510369623125 0.4148687673597378 0.40361349519279277 0.4112358452791979 0.35757368984573334 0.33656220395594943 0.3520584029217134 0.32385493102969465 0.3294380149906795 0.2970029363380648 0.2768303423915025 0.23964971161800455
0.48683723134584306 0.4979581483849618 0.5234793771006641 0.5560118658546394 0.5043823078161329 0.5122030194938486 0.5148990306694644 0.5507348646264804 0.5596756366365543 0.5301203303922951 0.5010616844506357 0.4696620315954345 0.4436708544793991 0.44699697596701066 0.4876587480197036 0.490387936952307 0.4887261437203181 0.47041228528536944 0.501822578398431 0.46769159895252216 0.49639490739774533 0.4882812998960772 0.4370492311206085 0.43441101070466565 0.4330003098244921 0.44740084534437585 0.47782837702435416 0.43518103893316423 0.4509366902312546 0.466871187147463 0.4083214377717036 0.4145822809879576 0.432459289447995 0.4446872335323821 0.41926497848168864 0.3977513063651662 0.3890454378504091 0.36720670789184356 0.35581880111974074 0.35908460316546803 0.29580279490430267 0.2996732753830021 0.2278274822368911
0.46483767212357413 0.49482599058881 0.5360990263869039 0.5032053759234576 0.4987999533176556 0.48784252211726514 0.5360950246702116 0.5380592933479156 0.5550765673271965 0.5368054484124475 0.509590883784687 0.5113876412990207 0.4862080572263355 0.5119938166836293 0.5403074710910392 0.5296557183671347 0.5262903006355942 0.5380601809232028 0.504921548440528 0.4689655018328814 0.4862752380860569 0.46332640301033984 0.4445165827733852 0.44424741184686023 0.44098759812177785 0.4826348346577161 0.46704858373900654 0.45043618350503967 0.4586792383933633 0.46249458457333614 0.4337657336178943 0.4597651477249679 0.4345821919810553 0.4650229428352176 0.42883165511571625 0.4024907721269016 0.3784302071263414 0.4012844361873778 0.39361713616880284 0.3640477506448617 0.3291341121248989 0.31021659466531637 0.2704895054090278
0.4586020737145705 0.5070310660949111 0.5274653545869357 0.48496388798796547 0.4816833252371878 0.48774745637325817 0.5029573173771454 0.5379621235475228 0.5314845743263834 0.5065213435608454 0.5089865048364882 0.4990048565318176 0.5254232519956472 0.5379932694670789 0.5725567440525641 0.5836828264163261 0.5528908255988164 0.5463270896267158 0.5377038299358625 0.5094997370873348 0.5241259330026259 0.4806193483184739 0.45972644174408317 0.46688278456900223 0.5074489074609907 0.5108579429188689 0.47738287971833077 0.4768244721538653 0.48144456016547116 0.4675060771021267 0.4415410780488276 0.4861733606643414 0.448507771745202 0.447053830633336 0.4427044281908344 0.4431391252966207 0.397276488392285 0.4095656244945812 0.37575302757243456 0.38972954804250537 0.3349945587643856 0.2687052862090135 0.2659885137740539
0.46841376360829234 0.4607207023753038 0.49123075043054826 0.509985139252696 0.49546567962622295 0.47640941249898217 0.5113146580643819 0.5050235980125467 0.49272092126744227 0.45540955467436045 0.4720571650979848 0.47753668529857696 0.4774112480546108 0.52797055164663 0.5709509579411938 0.572164456341395 0.5463036833757562 0.5532815180444096 0.5743036776770929 0.5681915427889327 0.5230559502700907 0.5082633807665085 0.5012294358211762 0.49078682166900073 0.5125567936452141 0.5024776741322393 0.48089770659579933 0.5062073041824938 0.46279488592449736 0.472415120684093 0.48169115111250665 0.4516105023360872 0.44825515654236786 0.44497752443466865 0.4623829353852839 0.4493409098562001 0.4155104668135423 0.37719829714263425 0.3728881119045047 0.3858154149082469 0.33476609336813307 0.2823813569510432 0.23095562656091342
0.4750182308432818 0.4488197394802687 0.5019389916079928 0.5257620552573676 0.4864388751350483 0.49954098850572637 0.49392730686145636 0.42765952011166486 0.42734401368868297 0.431730883925235 0.4594119126850692 0.44569407824986934 0.4655986679944709 0.5277193834800118 0.5404703518851977 0.5933780697258874 0.5797390232583077 0.5550585762597878 0.5655226529527735 0.5800715634236926 0.5415728374797031 0.5092415810829077 0.5396557719332572 0.5401976747119354 0.5301509191494876 0.49210833934907067 0.4980666206133534 0.5392813746714007 0.5047066636869498 0.45686994786457596 0.46727765120825493 0.4636662793018656 0.4546075981526398 0.483082474843399 0.491621572567066 0.4874235511554619 0.4049327553505083 0.3811821254332013 0.38348984803539904 0.3794621689356402 0.33238302134281233 0.28475894015876363 0.21750482577338548
0.4629490997993258 0.45346757013029343 0.49253199687588917 0.4627694215929231 0.457931360038936 0.4507040255693197 0.43813741513065274 0.4511054431219717 0.45535950897306887 0.4522642419118989 0.4497452139450678 0.5088654147804419 0.5044130596323324 0.5052775338383054 0.5345864973228764 0.5657883040582096 0.5846422324623535 0.5706297966083406 0.5557397463001363 0.5881225104266605 0.5619600117305632 0.5627404046706836 0.5306739328898799 0.5467007994792813 0.5181792558811275 0.5031045399176205 0.5027657812618047 0.5261227234731323 0.4993427729629337 0.4979157238553041 0.4966572210980205 0.47630343226122235 0.49121899966428584 0.47042405386549657 0.4484619404813387 0.4494203851217832 0.4308876496339294 0.4041477786851623 0.3444512630083921 0.3463904198584855 0.30206943248049156 0.30649952058994384 0.2638850862962199
0.44203009342158267 0.48353391284282904 0.507671353738455 0.4515162016686892 0.4661018219774545 0.44133933667036773 0.43667061734015095 0.45088799764925125 0.44462205649885295 0.47010014060901045 0.5149239998247868 0.5376794239009802 0.5400106620706754 0.49940671904054035 0.5151663602183147 0.5601330841657287 0.5958231553811139 0.577924563669293 0.60823806133937 0.6046279555521116 0.6048481829429414 0.6051363566857713 0.5838408567903406 0.5496303021725552 0.5354162916783547 0.5174722869461454 0.4881865588969433 0.49498337907713824 0.5030602431568864 0.5318611362788622 0.5231766826116727 0.5087217690551734 0.5019129579181075 0.4819226026715102 0.4307959511845407 0.4235575722572827 0.4229858228458922 0.3664677683720062 0.3421399604956179 0.31490082269073827 0.30624615383408793 0.2794411125232881 0.26972174631395873
0.46360760559933806 0.5117785124641662 0.506167054802412 0.4886115783625179 0.4771737034947368 0.48303171577223186 0.44545200850637695 0.45717432561415405 0.44945958403679886 0.4763850783528257 0.5297199585295598 0.5343077665165499 0.5458313562323583 0.5049039426628803 0.5454479194925627 0.5721116644137577 0.5757354343898199 0.5948960265497302 0.6191905892255589 0.6102969898013184 0.6153469775772066 0.5938258647902281 0.5758124175203995 0.5567745418983271 0.5520080086563749 0.5667816089257445 0.5283191169801722 0.5367128832647865 0.5265268088203323 0.5060135773722563 0.5030365721220187 0.46552441892531515 0.4935242051941945 0.4714780840513085 0.44473379123295553 0.39105301096896117 0.37545302774686984 0.3473333113869621 0.31358563550731616 0.31367026894199174 0.2954092234562095 0.2674545719512528 0.2332357544772123
0.47449499040437065 0.5412991015298739 0.550271120914007 0.5221888225478675 0.5096345692747821 0.47979112100522864 0.481970380367999 0.44811524257410096 0.46478312725793247 0.491736012553097 0.5085572322519777 0.5772841795071753 0.5569396002219874 0.5116234068856796 0.5419252976876013 0.516165122502535 0.5366162962086638 0.5644252307383547 0.5860714753718644 0.6313772358936499 0.5969716072138542 0.6110351736208598 0.5837041518372805 0.5852643668517354 0.5577327705224744 0.5805019732336487 0.5852933072439105 0.5479957491061226 0.5084555313978221 0.5027227664239418 0.5215928012356549 0.45017619358095623 0.486631809681624 0.4840256663255616 0.47443220913348993 0.414770309920646 0.37182526854147935 0.34347747697893566 0.31889164481106047 0.3087906180297543 0.31185957431376116 0.2416413313428128 0.25796682292494333
0.5291866078698952 0.5210552319138834 0.5268102304107812 0.5365879726064237 0.5230423847235367 0.5259733978579128 0.5171336690507453 0.5211281780971443 0.5242289645402611 0.5228602004569615 0.5402014283036876 0.5201131322310095 0.5499557886145338 0.5414336521010925 0.5425283371507716 0.5604987584458287 0.5678843200609193 0.5449725896802448 0.5740100175640871 0.6105743540342057 0.6117271694831424 0.5934374125551299 0.5783469856323656 0.5859676299485954 0.564664325323407 0.5661467935381367 0.5781044891693646 0.5843045163411337 0.5371930031138599 0.5434956430198646 0.5246389396787912 0.4795343264730701 0.47204848001966404 0.48991850877620347 0.46415028656382784 0.4508581848206385 0.390540070519275 0.3849274025491526 0.3593132384628379 0.32538285064752953 0.3158511071060595 0.28646178506349923 0.27238333368470513
0.5322277047381033 0.5820169444026897 0.5609174548335815 0.515420545218647 0.5325143150818346 0.5162472235764005 0.5290063748464728 0.5504024060941117 0.561091250201127 0.5539681890830662 0.5616789003430924 0.5133242534317475 0.5123734136501843 0.5573408365480363 0.527319776385296 0.5356814906923176 0.5437055421601747 0.5651819495319994 0.5764973633861116 0.5481063665247647 0.5947572475411771 0.5545205523008333 0.5870364762654819 0.5886053646400347 0.5593664697304271 0.5415402104858861 0.5512871481519018 0.5795298667336347 0.5429623513577048 0.5414983944086612 0.5457813006383864 0.5187048444133369 0.5076609686749946 0.46951925577983245 0.4604116892648436 0.43663330047463117 0.3992626249484739 0.35875063712651084 0.33160112696463834 0.326093036880771 0.293789568752203 0.2811411807134099 0.3053085110707429
0.5695852393472542 0.5860071328707233 0.5816414810205071 0.5406609414081199 0.5776252538642516 0.5631292784455313 0.5443326746772854 0.5552666603699566 0.5674979827873452 0.5230704017861861 0.5374374462476962 0.5338385125121102 0.5281305119939036 0.5543902833660084 0.5203630381866263 0.5320272639488121 0.5269928720599877 0.5753218929566489 0.5797592861039996 0.5763058080517902 0.56227239786137 0.5575994727829736 0.5879990549910008 0.5984655863189928 0.5841528639889038 0.5653421461147011 0.5775559619722659 0.5689718944769155 0.5502333523222607 0.5564605898094634 0.5612113683181182 0.5744112510419018 0.5464382299831624 0.5076565738180701 0.4992619251566174 0.4591131500162486 0.4081177135485862 0.3407228794161369 0.30532608774057596 0.2948291138781609 0.2734207902867294 0.30109632499716704 0.28579916892505036
0.5940984149168858 0.5970478983837868 0.6118666640648013 0.5931997098050087 0.5628983143732129 0.5950928839078744 0.5437306563284238 0.5594631923536563 0.5596418120655492 0.511080311795429 0.5328979432998672 0.4911093456308687 0.5254977762692847 0.5221414237143587 0.5351910505908121 0.5636736241179455 0.5731065348385604 0.5463545266064898 0.5802291444584649 0.563720055709796 0.521220290805065 0.5289027066324119 0.544269317165775 0.6056253564520678 0.6268123300585908 0.6110140605276961 0.585748211359797 0.5873137032115587 0.5900723059346862 0.561161260191625 0.5443151867236605 0.5881210596297572 0.5699292074194304 0.51287286804194 0.5046042228931469 0.48836150134081346 0.4152361839314625 0.342528791959371 0.30624966150531685 0.26232570208166744 0.29455539834151 0.2884974310922775 0.2724389875444988
0.5833126106142881 0.5692177297590161 0.5885055401146706 0.5722233602076751 0.5655979967694437 0.5563170612167807 0.5689731115436015 0.5383252429098598 0.5450078206808229 0.5251887750226886 0.5240261977414139 0.5177734061146925 0.5289055747176195 0.5297322548636515 0.5663366502043431 0.5762685343891333 0.5794546418728459 0.5430572289752892 0.5548447965560116 0.5282830357806274 0.5165572549729824 0.5559380108780223 0.5588692457305728 0.5949318709812198 0.6069579638137601 0.6119207583499453 0.6036918205605222 0.5681532274509806 0.5764491446435088 0.56151042868848 0.5663775333578172 0.581842449813591 0.5424667639489958 0.4997951563600717 0.4709464896859673 0.4872062149227118 0.42529469341681253 0.3526947140816609 0.3155528168950698 0.2651400730971365 0.255421608647657 0.24219804214214616 0.26211423574216614
0.5693638810265795 0.5233570390344433 0.5353153903411937 0.5684230944351562 0.5436060585629927 0.5397535935446458 0.5172961464222613 0.508288806614892 0.49104361690491055 0.5035061093023019 0.534750089667321 0.5175056975349801 0.5247127936578457 0.5469694420854989 0.529621846010755 0.5498299431030256 0.5769723071191425 0.5578640693859652 0.5582484086309923 0.549862480080883 0.5530284113497497 0.5210036950439988 0.5193326096538673 0.5455199789347003 0.5980840493991879 0.5981427392410591 0.5743551900835094 0.6037602443953788 0.556366394683188 0.5543434192854096 0.5347267917647057 0.5566169830975288 0.5405751012399007 0.4896708629640422 0.489002369163707 0.4812215535868774 0.4168041030474942 0.36537739925245183 0.32908749651551883 0.3262424704057443 0.2663882628929544 0.22637365026125386 0.20636536245286446
0.5443075616372035 0.5061370216065288 0.5063652093556693 0.5449891171977757 0.558548720192317 0.560349385548625 0.5066719949215873 0.509884093812948 0.5108464993795553 0.5139766088166572 0.5167494031413372 0.5110611133286037 0.49768399749539993 0.508572530077337 0.5313822411609598 0.5693955265372492 0.5559628749600672 0.5866580288469618 0.5508450954299291 0.5375412456066411 0.5227159190135329 0.5023934360034715 0.5048688975696213 0.5368267445919025 0.5512088594298016 0.5526796473352596 0.5595401302989651 0.5555644006331368 0.562346045588186 0.548172112775459 0.5623923310399103 0.5637939808972806 0.531273869673545 0.5027128781497028 0.48253839832831374 0.44131514270119787 0.4148654500194676 0.348403645706493 0.32498934850357547 0.29742068777264963 0.26534806999137844 0.23216492192243376 0.21353501585318121
0.5252502101321076 0.4845245185843737 0.5014491238477518 0.5194226879379494 0.511991163225037 0.5560337593236488 0.527364386649887 0.5283974063654341 0.5016121075108654 0.4584684393704382 0.49062258670963466 0.4947108092507123 0.5189527641952207 0.4990613333790028 0.53747010354767 0.5408730549655513 0.5697627588556176 0.5796947268935112 0.5349517336957342 0.4976569675509953 0.5165253512746817 0.5437986636616442 0.5314027141832853 0.48939200483339673 0.5082189874625497 0.5346488440777089 0.5594356848121823 0.5745924871940208 0.5590217257600366 0.5414109787093312 0.5619805989500888 0.6077842356846279 0.5803235567012882 0.5370060241811946 0.47821923121212884 0.4430874834775566 0.4363204029089809 0.3671548271809261 0.36742076352010117 0.32281543430724946 0.29119258278934806 0.25260182395989345 0.24230552568435806
0.49868914348582627 0.4780903056988491 0.5032781112651555 0.5119922885388708 0.5194327519196763 0.5264583162704815 0.5478091267470072 0.5168730941808618 0.4966028753485911 0.46832593964212327 0.45415520957216526 0.4936958779864814 0.4786198342152535 0.5050721956375214 0.5361713937117942 0.559868452275415 0.5519481187551963 0.5378846784315449 0.5050141913529496 0.48538013558734683 0.4945690913485403 0.4938970895563589 0.5138040502819661 0.4917089268660355 0.4843840742688942 0.5396044556042228 0.5300001200164404 0.5271851404590818 0.531569801849192 0.549155978021465 0.5639297886121146 0.5628088853346589 0.5548420844480334 0.5414294444685565 0.5026172349844097 0.44764011446803076 0.4486561208025202 0.42492577423192557 0.356125892872676 0.3046488941062367 0.30782189490376466 0.2687231007076216 0.2896469633458071
