Raster_benchmarking/DGGS/continuous/raster-241.asc
NCOLS 100
NROWS 100
XLLCORNER 1743164.313686744
YLLCORNER 5469282.092576896
CELLSIZE 10
NODATA_VALUE -9999
[rows 0 to 18 of 100, columns 0 to 42 of 100]
0.5720726203255575 0.5991222354164163 0.5576929144767212 0.5302715863326255 0.5434479709796299 0.527224540747734 0.5213329541713072 0.5250764643957696 0.5286398056888364 0.565440939764904 0.5783787556701739 0.5949325934190708 0.5828899152295629 0.5717091522651979 0.5351984494078307 0.5446364037713182 0.5458353862514935 0.5435434657652786 0.5276119359988064 0.4910834431611441 0.4521297465542868 0.45041763390302203 0.46403093191580636 0.4976069882502822 0.5043925694532452 0.4999306397859604 0.4889526103044616 0.457910285255882 0.4551164616746955 0.4274219500791748 0.39749181129007227 0.4046386438970531 0.3691711798918142 0.3363787764356631 0.27522494653420304 0.2308945575968098 0.21184910860927414 0.22653560124885527 0.2088659005441046 0.18471696944438076 0.1916697139995884 0.1528299720500386 0.12454364029691113
0.609728281444861 0.5957792693057709 0.586850042689891 0.5627280453606277 0.5350270446033424 0.52011692849878 0.5345809401310607 0.5311923442860899 0.5659175947053052 0.5984847015388738 0.5823558360920847 0.5837058362587305 0.6090935282304855 0.5601874513545702 0.5495493066581293 0.5544118780412206 0.5568504416108837 0.5229650447165239 0.5036220776014111 0.4775255443294667 0.4693457129955194 0.47031792635077 0.46281233238176056 0.4628269690544143 0.5085453181007815 0.477291726053763 0.4614198633609622 0.4405079933624243 0.42788954996619777 0.3909281605019195 0.36667513943394264 0.34437775827643524 0.3300641488288635 0.3006916247762093 0.26364167010382833 0.21706096481228312 0.21977394154814595 0.20743540095257348 0.1834929401056396 0.19555694139245677 0.18726216795366904 0.1782761853144915 0.1410262850166392
0.6340266305896527 0.590234328109788 0.6102034404025543 0.6156262692440319 0.5523588607433485 0.5369198635457341 0.5548352217243093 0.5613659800711573 0.5661156949973725 0.5972326485005836 0.5853351107566014 0.6305317987891933 0.5882862483782668 0.575443080725444 0.5872046383745437 0.5869214681846795 0.5389823986000639 0.5144592769351946 0.4888124523446043 0.4863663633889426 0.44804860418504744 0.4396345970201427 0.4510528898838601 0.4739437361386517 0.49713181512700794 0.47593413974763427 0.4516341392906705 0.44399600621578006 0.4263650862973382 0.3584035954505979 0.3203764516719374 0.31033389788824484 0.29342286390891203 0.3224581052435854 0.2895465175381772 0.21261090648763475 0.19511603360217594 0.21010178827780782 0.21722211263483984 0.2043668823549639 0.16009988844911666 0.17142210581447637 0.13682996963788283
0.6604075233145368 0.6410072377640033 0.605215937613114 0.629699046765168 0.6070401417745046 0.5950763866455255 0.5746416404468936 0.5726006526415163 0.5885609726450051 0.5999147711550579 0.5826912772066503 0.6179691111658477 0.6064743312265983 0.5950689897966461 0.5819017852431368 0.583977761084799 0.5396785375872093 0.5130634420202411 0.5110196469907287 0.4822210854840827 0.4461565726803426 0.45022001370548714 0.43471712918356664 0.4416674314868372 0.4613007044061593 0.4538581807167165 0.406592176372411 0.39032602755578333 0.3949124080782356 0.3652985990080107 0.32314952466505475 0.30848582153232845 0.2971811969276413 0.28002069745951846 0.273793842439277 0.24546888686001603 0.22829113611832455 0.23128349528700126 0.21705306405459523 0.20870846287637798 0.1684828643899175 0.16983986899022138 0.14338738426587838
0.6787241858357933 0.6538088036459215 0.651397026519787 0.6463349536303407 0.6141110281804711 0.5950067261901388 0.5730464915736424 0.5609444045132306 0.5829891827361585 0.578537004367515 0.5697040637576567 0.5725275060670528 0.6137418092771129 0.6038813208923481 0.5648499547182432 0.5522428504040223 0.5071107182484792 0.47577016029029995 0.47436558124720085 0.49856060460676177 0.45661032436549454 0.4457280438938495 0.42572669032700333 0.46804062661500767 0.4444161208657631 0.41264861425150273 0.37922975030919553 0.37278236365357037 0.38312569117686973 0.3669170771656144 0.3147584278085436 0.33446069405425993 0.30098528455296814 0.2981946547011755 0.26440571296484977 0.2776894479117094 0.24364199316897198 0.20059622416123413 0.21057142694822364 0.1779258298905896 0.1326681627234892 0.11750700894128165 0.15700223620312562
0.6804926681264536 0.68511404875138 0.6558797497381493 0.634623100348627 0.6023178686943359 0.5900065885370633 0.6055677023593795 0.6183369099850061 0.6098123153661696 0.5740265086835001 0.5759227920943666 0.5623051605927095 0.5932878510555954 0.5997775420644406 0.5579136564366282 0.5243841351093391 0.48417773606645303 0.4662778244408367 0.4881189252077555 0.47503917205085 0.4690265005102207 0.4736972809755966 0.43819202678292424 0.42961440056763983 0.43700509966807716 0.4347763309415155 0.3894210924659903 0.3365551244163766 0.33512188874953064 0.33570027521186935 0.322368274930629 0.30360397540888834 0.26950950740013996 0.2876837891042042 0.26384556431224654 0.24469842615862727 0.2139259575431353 0.18701943235541682 0.17777865599750675 0.16150862770021587 0.13737919507043192 0.12731712650662638 0.12370060721247783
0.6915872025347781 0.6793764317111907 0.6809998555276169 0.6507938196938037 0.6093849052547964 0.5952629321676395 0.6354641001333753 0.6630852236810554 0.6021751277875764 0.6005462731976602 0.6007847832328627 0.5703797446946923 0.6014545767100875 0.5973510061043971 0.5424909009897481 0.5272476209104981 0.4858372571263124 0.4690661511853553 0.44598637776720323 0.43932685450370346 0.4605758191187557 0.4777707731858542 0.4712044401583614 0.43380640341802906 0.43510934638825083 0.41208650502996863 0.3740844953546778 0.32709357994193616 0.2994725851435423 0.2695672377867014 0.2554377676196725 0.25714147992716685 0.25062542596374404 0.26181198728936866 0.2464952475372839 0.258385878311625 0.2335628786757436 0.17920730578418978 0.158861427356262 0.13220434232387013 0.11353818989088141 0.10796007158312938 0.11061061898978672
0.6476425352020521 0.6490032408797459 0.6524101838433204 0.6331042711951398 0.6092890616306449 0.6082537452639559 0.6205950466573309 0.630263574268926 0.6210164750981438 0.6099654787897961 0.5656567271689991 0.5555193402268742 0.5630986211265386 0.5753150857937872 0.5395908812748691 0.5144925736485011 0.49115980454828845 0.4702513134536688 0.4644828697221965 0.44944378892858566 0.439180738761879 0.45266771223222 0.44727303379315714 0.42195486341812366 0.39639842967957284 0.4103408041546291 0.36900847806990633 0.3239649628660416 0.2828360714397135 0.24532513570301737 0.2458847668120782 0.23758827048075196 0.24409632726202452 0.24868273568270347 0.25367921728966464 0.2513402056167364 0.20530450041341872 0.1764076745204708 0.12594969722616722 0.12891756392481513 0.14173439241918478 0.14331368000206637 0.15847529179697428
0.635647743614806 0.645199351883187 0.6332653234468811 0.5885826722374765 0.6325835326913032 0.6274757039819693 0.6209236420675416 0.6209444356778524 0.6197099031117577 0.6239700255690488 0.5813774840163759 0.5241947349953795 0.5452397337751478 0.5426486999534048 0.5103445833856733 0.4600932175205864 0.4663964609244698 0.4588552926246529 0.43576588646622094 0.42620089691433183 0.44902796405464257 0.4482080805940316 0.4364853163973415 0.40595972461896246 0.367916504249855 0.37214396301392727 0.35776159603791463 0.30134183795581837 0.2665778337134007 0.2599895849978508 0.27043891089647976 0.2801372114866103 0.25542154401938283 0.262360326674667 0.25760652665535677 0.25799865219640167 0.21378057617221652 0.15746452018957013 0.12402938527221322 0.10785041400072563 0.14870976348958365 0.16821468471911177 0.1543111518308585
0.6507508483645456 0.6364147989169641 0.6014379452672552 0.6062869034373202 0.6204543554421431 0.627228780969696 0.6461580194048798 0.6351212687731851 0.6299690791041511 0.5912518746718505 0.5377645866216206 0.5264914049991868 0.4967424044632197 0.4800675359477656 0.46897776881527253 0.44614958415292255 0.4375174572590298 0.4304335605568674 0.41209165289122834 0.40979994046313767 0.41046372337833803 0.41800135973992314 0.41973274614819334 0.39590688744530556 0.3620182809034962 0.3377900858187722 0.3461571766853656 0.32427271526998447 0.2950328370407638 0.27821506539118035 0.2744272603379792 0.2778209528884658 0.25921122117753176 0.24432354238513695 0.250798838961691 0.24857604340556705 0.19061742205278112 0.1373074096045983 0.12921050482619942 0.10801034134373183 0.1356576211797065 0.1374650339142709 0.17014221786052536
0.6295380334962799 0.5794755597649229 0.5837367671726423 0.5730774794304502 0.595312371075431 0.6358108305911752 0.6506439018720284 0.6384379122955148 0.5861576927418575 0.5720970802184866 0.5291054445039862 0.4938699700087218 0.4874571870221976 0.49021921590955364 0.48069300760273326 0.42901958076915697 0.42555665298539375 0.3851014348388057 0.3817795204792658 0.4129748655950822 0.3870085296208593 0.37513023499402454 0.38240317270772617 0.3880827979727834 0.34422466012250774 0.3452046025887424 0.3583085562722483 0.30190512643155265 0.2924448165565602 0.2678008431855595 0.2921758645572678 0.27270337671908135 0.25285545148347105 0.2279611658267671 0.25901793156242103 0.2605933956353458 0.2031363169949232 0.15706144028820027 0.12825484580403088 0.10629116739017307 0.1461337020210332 0.1523947078509278 0.18311504068294224
0.5967213182838689 0.5795556869286681 0.5767138395938436 0.590502508221803 0.5912507100543297 0.612988266363465 0.5932498249209843 0.6114657789935657 0.5799522314462793 0.5444735642065333 0.505477425943484 0.49912462844394945 0.49430693950868937 0.4889025933509723 0.45469373388684703 0.43725144098128804 0.40852370635566887 0.3775168278024839 0.39086754574108235 0.39667483616027716 0.397795250054295 0.3877090509497523 0.3689892598573498 0.35814608861774433 0.3446217488289235 0.34165583433446844 0.3573218683440154 0.3063132753342816 0.2921228468820794 0.31083265549693034 0.2992652314940574 0.28566541455767863 0.24810623856012132 0.23928566178269411 0.230998784036116 0.20914094752401705 0.19109553413091818 0.1499130639721207 0.15003878493936307 0.1484825796305688 0.14497070828654138 0.18424576992151723 0.1991376402685202
0.6094669738490678 0.5845682943192977 0.5872603463051558 0.6194807243081667 0.5935601088903404 0.5841801370201696 0.5615362752066931 0.5891154678317524 0.5418674392763324 0.5478809061352592 0.5159312781412392 0.49836209643867657 0.4887119149556802 0.482486251095363 0.45673878893014735 0.45173121834982144 0.41235324481455915 0.380540045798134 0.35542317919217814 0.37310868261220703 0.4077803070226266 0.37925456160245885 0.3494179272432674 0.3252121421351952 0.332795402822548 0.34701330400473634 0.3316133618867024 0.35233009309278995 0.30057026540186504 0.32317401928839956 0.28233762385072614 0.251234156496319 0.2679079322926426 0.27129827936001555 0.25128653976130316 0.24571042932459752 0.19955054898122457 0.18321678217929493 0.16622982037164388 0.16798246952095655 0.19708293647088307 0.21431570619362178 0.24224573041375697
0.6048683195117043 0.5887603729081156 0.6248837390334697 0.6218247184323323 0.5899515267232457 0.5931381081270812 0.5667465073988561 0.5455900267007949 0.542362367077128 0.5303829062801237 0.5313084285099402 0.48573303235789045 0.4941273127143812 0.4939576831300264 0.4690516694916405 0.44134848581152664 0.3873787553976387 0.3979709377945797 0.3627740675196934 0.4054501974785677 0.4018926499235211 0.3853430028785411 0.3634250972820065 0.34075091087507065 0.3477631673165353 0.3069021270854963 0.314882894067674 0.33332308242103803 0.3170930467669684 0.3158430582958949 0.2999503677541645 0.2674488295112431 0.2523040975561677 0.22626954829569762 0.21832212194603712 0.20354193706959708 0.19543654589867873 0.21008953977248057 0.20195464520052048 0.20787268882022122 0.20504261153010245 0.24363241629652935 0.2438847389060943
0.5895694825512932 0.5936792293347501 0.5913461179933593 0.6114007458824796 0.6086927133043627 0.5807602119533146 0.594181453478289 0.5456744651114457 0.5533194948511774 0.5332628441883658 0.5300843023392999 0.500917299517542 0.49995372528453813 0.45715368490594255 0.4447627215007412 0.3958983939664832 0.3927847935783046 0.3777750820551098 0.3860720354176155 0.4064226620845842 0.38640628940615285 0.40213954985844635 0.3517326243027113 0.331280770935777 0.35130115662505246 0.3063365957577663 0.294107633989109 0.31895709050175053 0.31246881430661094 0.31897889008597596 0.2781037244164304 0.2661671251495465 0.22069519216459108 0.18018629079567025 0.16686561409537573 0.1788546862072876 0.2156286128530341 0.22175747697702528 0.24523388572438504 0.26020215362835547 0.2182721829061947 0.2299875443899215 0.24009420939862788
0.6025605798572011 0.5831591972735876 0.6070174543539899 0.5981468049261075 0.61884779433966 0.5854473804826922 0.5922582947407058 0.5856409501562385 0.5304849245578505 0.5232743625996733 0.5183553149574909 0.504165543938438 0.4748653482297003 0.4490426394851335 0.4265824804734993 0.3984329371795264 0.3884362818913775 0.38449047926106866 0.3736798586401912 0.37181419771794305 0.37317860375158773 0.3890869168052485 0.35608800512127914 0.325475954687192 0.3319391220274133 0.3058314880406221 0.3009394317487101 0.2876635768450362 0.2829932080621151 0.28872544415382756 0.25001904514166234 0.25130611338911885 0.20240945772138225 0.1930925182169467 0.15033800240246198 0.1613615052530164 0.2208157455351522 0.25062742422765505 0.2519532506552351 0.28529296937170306 0.24904427102137144 0.24521616987109868 0.2578011043597148
0.5972335688272054 0.595730930089146 0.6157539280182165 0.5890251114356309 0.5926443135281769 0.6135685438616718 0.6135897359037609 0.5840600043242862 0.5297796870712479 0.5048666705616204 0.4896663568402071 0.4609729733504787 0.4315586242968479 0.4416484302099614 0.38575860475619245 0.37063578897125204 0.34462748820837125 0.33545551878806024 0.33623874525602515 0.36286553291769635 0.363555977188701 0.3383599572015004 0.36903175230067 0.3612415243001106 0.33456083558602384 0.34831007031252037 0.3245714568682249 0.26286168917179176 0.2453610974888977 0.21875845889420018 0.23909308693438763 0.22584624377792764 0.16875223693554176 0.15135652432798619 0.17158185182962513 0.1503790576771543 0.1995125719948814 0.24699572532196165 0.2784521559680052 0.28838020220435906 0.2804660303820927 0.2780128764895177 0.25843998788880296
0.6440489822526584 0.6292563577760174 0.6323463600862562 0.6319225751431902 0.6351850361698875 0.6133340339344359 0.6177167251335887 0.5683980949312115 0.546107739297011 0.5246653938287219 0.47522111354601726 0.4467815247677916 0.440572190104352 0.39159057830215754 0.36924857700799285 0.34042945585696116 0.30799788556726027 0.30384534713309014 0.3096122058034841 0.3230349903013632 0.34677512192434606 0.3368921558102818 0.33550178240008355 0.35061378289121187 0.3239339402820528 0.34881450554414395 0.3105244853131023 0.2849161304136666 0.2555960627456905 0.2186904106761683 0.1821739932085559 0.173817522252785 0.18030332553064357 0.14334340917247299 0.1750824508620853 0.1548487625250835 0.2174118391933666 0.2199725070715008 0.2643766193200672 0.2560522688180767 0.263474450074941 0.26357660131948163 0.26460193318522884
0.6343182424562877 0.6280066453761626 0.6369938998956088 0.6513268229439388 0.6431949366516587 0.6092389996186307 0.6164373778392779 0.5912826295426817 0.5426071210202733 0.5370613900585296 0.48730251450406326 0.4635290756923712 0.40661250025016266 0.3526244642174982 0.32777456212078593 0.28357918445553265 0.29022215347582897 0.3170529981473348 0.29714517538084917 0.31048317892052535 0.3192128057635678 0.36039794458098734 0.34664207616196835 0.34691946804446583 0.3122438186361659 0.32801205695396624 0.2974120346660575 0.26117904271752707 0.2157416835803541 0.21195886394040775 0.1831588544712131 0.14823824332923025 0.15364880081345703 0.14375240943717546 0.157802053892862 0.16564965430588652 0.21983070313214373 0.241663510938443 0.261473272097996 0.24972350162104656 0.23989257271511052 0.24448760714247975 0.24673662694370013
