Raster_benchmarking/DGGS/continuous/raster-184.asc
NCOLS 100
NROWS 100
XLLCORNER 1743166.7598658015
YLLCORNER 5469297.312392581
CELLSIZE 10
NODATA_VALUE -9999
[rows 38 to 56 of 100, columns 0 to 42 of 100]
0.3596447794972982 0.35651633732685145 0.33923101801683125 0.3671315724855707 0.3414284949236095 0.3506190358689889 0.38790935330435544 0.3895452364699686 0.3426131039706003 0.3428893704738 0.33907824073827525 0.3134668322070941 0.2824457171492437 0.2845192696615114 0.2753987000044671 0.3085244790614191 0.28220312233120537 0.2710345100600434 0.2828092934534919 0.26789050910407347 0.2608919324390281 0.21478778021646358 0.24069663818297266 0.29081777135093734 0.28513540508612567 0.319234798483279 0.28849554330332383 0.31587934061678824 0.3230239269239851 0.29400015577724325 0.29035156718215793 0.32265199151601065 0.33740607811005485 0.30336861606493026 0.2853075421373872 0.29255028307671904 0.2600315755300712 0.2220210340052474 0.23543791235096628 0.2617692557641947 0.25374831687161037 0.23578652724947927 0.2001944829628464
0.3382988712843752 0.3634470749534161 0.35776254983717215 0.37032032843423385 0.3575003148931347 0.3764082839239506 0.3942309836768963 0.3916042507786586 0.36029763809344717 0.3426504065342367 0.3391236766190458 0.3198829751719111 0.2695943173830764 0.26429367199891607 0.3050328826247515 0.29608156309971445 0.29609602254237294 0.3015808838558103 0.2616144382083765 0.23834340164168127 0.22070943097268803 0.2519017485023454 0.24837193252646705 0.2802955530184445 0.28683323584279324 0.280453684954907 0.2890024930546976 0.2987788668943301 0.28724570687058526 0.2873772981305757 0.30719019442928497 0.3036876716289757 0.3384013646304752 0.32582898069838423 0.32645750524210065 0.2923351659655552 0.2794455943648865 0.25141347781481294 0.2366097986724762 0.25131253255769037 0.22263176057476614 0.21575810848359334 0.20922046336220465
0.35213712701588457 0.35874955708991224 0.36721436496001364 0.3684328760196799 0.3678802987434192 0.4117036207845064 0.4082395201210182 0.41926253349185383 0.39349956450327794 0.35897691532159903 0.3143075414965448 0.2811929318338862 0.25823547591844576 0.272377024304687 0.2815005621520157 0.282760191553946 0.26485439889935186 0.29346700524194524 0.2321235572905144 0.2189825073013209 0.23162609507374968 0.24161576795350329 0.2697111427441797 0.27159900846156326 0.28983546048301434 0.3014355954696913 0.2679817349975129 0.25565087727917024 0.2666405298745765 0.31729345821236277 0.3107557120883861 0.29784951606051635 0.3451706991363766 0.3461209899305657 0.32046995759132607 0.3266596726026656 0.3032104314687392 0.2736421222560642 0.25110968364051994 0.21663862445708135 0.23579824765629107 0.2561487769696326 0.2112310565644729
0.3376032969049202 0.3612726532382585 0.3698037391608542 0.34246404198567165 0.35694715736480664 0.3654376979007603 0.4032829115956153 0.4073587250650304 0.3765524743738944 0.3413760852953419 0.3359659951302821 0.31085031850303324 0.30549626223381154 0.25990930031978376 0.27683922768553054 0.2655873148895134 0.27604714019877474 0.28351646853387746 0.24972727725429253 0.23848486124760493 0.25033780762079216 0.26326827652046286 0.28019601918482673 0.26522258271400967 0.2913303054009911 0.2618174088575833 0.24514367774480594 0.26694080949679444 0.27477958264738833 0.3268597475780485 0.3293082750237787 0.3189057426499817 0.3091482748681252 0.33190203348277736 0.32784557841460893 0.3326382731340125 0.31435560868014334 0.3157441402360721 0.27131055394395237 0.26132918407532035 0.25815790965309404 0.26521623071565453 0.22758433824460034
0.3300722064459664 0.3425913544496624 0.36641128721321053 0.3577155385483092 0.35703073540343955 0.3498621792594019 0.39359434985404174 0.3527833775758062 0.34030070987190025 0.32626371394944853 0.32273539053176764 0.3064153947088036 0.27973589519250547 0.27442831354698316 0.26467452691736615 0.23790296901376237 0.2499590647893102 0.242978672303551 0.28002914730633083 0.2832400725776714 0.2743941297533158 0.27968513173381915 0.27344088140730377 0.28925021483806895 0.27008728972667867 0.25162758128129814 0.251643489200588 0.2651956123415314 0.27808662893410735 0.3088075558665094 0.3395328047758588 0.348825271870761 0.3314599498410044 0.34018226514334843 0.36336864705317706 0.33738857802190586 0.3489471976364407 0.3378530471691581 0.2889863238500798 0.31389133506760913 0.28147025253978253 0.2616960017680675 0.2699641106352923
0.3203965612633267 0.3109742874861612 0.3228563778180104 0.333932568126151 0.35087689195646465 0.3678519554306576 0.3898112172724478 0.4072045913970031 0.3685890950875669 0.3652236218363248 0.3265127799720921 0.28964054354382796 0.2722374013615783 0.2706767420627054 0.2593960208922784 0.23967944083300657 0.24822585055091004 0.24040861602585076 0.25417292273098685 0.257951690445969 0.29057598766110854 0.2922098306970373 0.2510959381517918 0.24423090541561632 0.2844019727821162 0.2827405153593819 0.25576117992124897 0.2998128251617167 0.31394078118141744 0.32203733907344156 0.34439711491103475 0.3500171911879893 0.34820535224163074 0.37076952253015805 0.3555379985477873 0.33805843344853753 0.35785886815322915 0.315325095138724 0.3129659479501253 0.3323359567069928 0.294702057527202 0.2848692015320432 0.27080885206521604
0.33339405186582166 0.33398047478110426 0.3287892685764397 0.320442093674195 0.38200269797743075 0.38836537913967834 0.4119972981360194 0.4495170371340224 0.37667973431358176 0.3628045810397057 0.3142221881449433 0.2933535716496548 0.26273057710089004 0.2444200822158521 0.2486599415251362 0.2868808425550267 0.25559469087089903 0.26541975361393627 0.25330557086689853 0.2892928875852558 0.2597492334358784 0.2507056314477468 0.23740241616773866 0.24565077105303132 0.2687087122459875 0.2591000516236688 0.2926554049694418 0.34149433699097426 0.3325243927750873 0.38213969348346166 0.37649813922375974 0.36805746560857805 0.35191285542516026 0.37770317533478964 0.35276991757822374 0.3613623485373367 0.3302900335654842 0.3279540689429712 0.3072460209280752 0.31723206073106014 0.32080785175067006 0.31060767224817365 0.3019183209082502
0.3335709465159492 0.3384256371573042 0.35413211867439565 0.3770158174559923 0.38302099514594573 0.4030522004416218 0.4065279550006995 0.4018314147431335 0.3658389648363014 0.3574810834073019 0.32360965518274787 0.3087110295627458 0.2803730489697539 0.2518357098161988 0.28026821773046595 0.25997089242300025 0.2709213161147986 0.2871396035951111 0.29282195321927584 0.31978386903209455 0.28444617495927843 0.2920885170242671 0.27954294153467013 0.24366453396453114 0.27416306608290997 0.27564825697697826 0.33033398872552494 0.35829559382235915 0.3503144902618023 0.36936488635857906 0.35263632533389166 0.3633881209783456 0.38791371512961254 0.36236223650725086 0.34497383643829055 0.35439614950389275 0.32545073541654645 0.3273251028036811 0.33676621709907156 0.2973028671399731 0.3104405372721252 0.3046221052710569 0.3077592022360197
0.32638931152773704 0.34038418737367165 0.35547292521717205 0.36994799555920577 0.35513298160742146 0.36171231352238997 0.38894698070088524 0.38649399584022404 0.3716824685805308 0.34646815988310736 0.3406484892217925 0.28613091989968364 0.2610335927522351 0.25927938446135784 0.24939094643001183 0.26055331051119346 0.30045361656313185 0.2878950865980751 0.29745401862984483 0.3202879480511359 0.2844354302730962 0.270318647003368 0.24967405659760541 0.256913113025836 0.2965028494591947 0.2928862575567098 0.32961506813860275 0.36093922305620346 0.3882878339995996 0.38835716255432307 0.35000907331912384 0.33455481106988694 0.34709166612826825 0.3832657782693041 0.3628474314292517 0.33812023007941144 0.34383826954300445 0.34927107939371205 0.30750728007058903 0.2933757960812564 0.2960205955686966 0.2773315742404635 0.29329792692288376
0.35724213003257943 0.33035667262990126 0.356266703464282 0.35723594901461553 0.36792962789049705 0.38945788966415074 0.37801099083042167 0.38866919530690347 0.3568511292156907 0.3603164024237452 0.34401223059718256 0.31313400002558806 0.2901021426859651 0.28566702067602123 0.28616339603327356 0.26421829003355984 0.2926336213598047 0.2896890971139384 0.29080023020077994 0.3100221742182264 0.31553078051752254 0.29203887675903745 0.28001378210430267 0.2554930415986786 0.2826637720713707 0.2863917002446035 0.33150121540599864 0.36965690400972107 0.38926377018152103 0.39351029519559516 0.3908980080402319 0.361915357261922 0.3458562915196734 0.3600167165847439 0.3539807005115957 0.3136176740039594 0.32726003007827414 0.3145570178143893 0.3331637512739488 0.29788737998206016 0.28374916899510344 0.30443082685842004 0.3244668232235249
0.3673324390002122 0.3624288726098549 0.38509530649570217 0.3917120609191135 0.41053689770928947 0.41339870440051935 0.38826264818074263 0.34802225949914073 0.3350218130800919 0.3248808489921678 0.3482966396798199 0.3313990517260424 0.3478295804495306 0.34162892741865963 0.29525859850270936 0.2847533727222687 0.2930622486624646 0.2985797388115666 0.29497299369646274 0.35186468627220363 0.35322268270394397 0.3380735718329745 0.2983176362957373 0.29354111984992176 0.3170246534195437 0.30870534836158814 0.3191383388194653 0.3316718481421865 0.3962092332134256 0.40486031170651643 0.3828453409411239 0.35569748782877136 0.3685673572026658 0.38121601425276097 0.3390521031278412 0.31757314707993556 0.34141265263891646 0.3416663164024336 0.29347709490101215 0.25572844508269826 0.2681159823562067 0.3124827182797353 0.3253232115153901
0.3835666018604231 0.38379664724199786 0.38698718462590365 0.3806552076600148 0.3983528248377407 0.4012075576604519 0.3815951535674114 0.3730364989045612 0.3831419906545149 0.3458500987781233 0.32173337133007096 0.34142688490205214 0.3571411180301153 0.33858256721495655 0.33326035884963134 0.32716734271240433 0.30410941196858277 0.29351262114292237 0.3192570742384849 0.36305349045710333 0.33299134425257737 0.3182392087729346 0.3384427996543498 0.2960493733648295 0.2929112991371758 0.3290920461969151 0.3461924645974314 0.3203015018210799 0.36957106891975816 0.36038837582532535 0.35318250964187153 0.35250524782693027 0.38421957266419177 0.3506784354299757 0.3530222127160674 0.3453506617373603 0.33247689977103173 0.31472408255120154 0.27208483292768704 0.28835500027079786 0.2857134750795373 0.2996960903116253 0.33482456268913285
0.39660197845922057 0.3834391039133757 0.3665136697721609 0.3861827510648342 0.39218873696283896 0.3893894489002543 0.37554172327987473 0.4001247590477489 0.3753735930515989 0.376799612860126 0.3641452664859612 0.32583717721534994 0.34886979829765524 0.36439977459512807 0.35308462798575574 0.3483936084822586 0.34729762919494483 0.32810085007356665 0.3528995656589165 0.3808508127370716 0.36758480488795603 0.33219397939016604 0.3399486068649133 0.29418895782319143 0.3105796460353177 0.35089706688372363 0.34737431309986166 0.3228235122161784 0.37404604716079015 0.39430642446985587 0.38530874394224507 0.35268302867967993 0.380412486332436 0.3510649019172712 0.3681859086297428 0.36552029360717375 0.3140889136473333 0.2838849134801226 0.28608259956492915 0.2715880287530053 0.2798259123585947 0.2932609425108454 0.34043073430739856
0.42546311813328913 0.4179426767782172 0.38145046117838555 0.383338139562625 0.419019896624855 0.38506733681813626 0.40016855080430475 0.42856129476529964 0.4019029170908213 0.37341945218586425 0.37588604891851396 0.3736452995651368 0.37918838518603104 0.36937782888229376 0.3943295601548556 0.3814510796281038 0.38734537427512045 0.3704625295961517 0.3882335096592785 0.37115820785491366 0.35594307407583425 0.33288550269912376 0.32065637397848773 0.304739385302919 0.3186918196429018 0.35937361576453897 0.32555082392482465 0.3383635260704379 0.378294054576966 0.4026809550390809 0.3933281680056036 0.38444291504139294 0.36782249230339975 0.36392360364589804 0.3540410375411371 0.34703851763751287 0.36132544780679654 0.33911199054990715 0.2944070184759964 0.2894796288985241 0.29197880958623057 0.30000617900191884 0.3332494106075628
0.4275554175384623 0.41485187250351535 0.4195268212701314 0.416566240604135 0.39809197885523107 0.39118979360886014 0.41034714958097973 0.4867631901014847 0.44488192171116075 0.4119011943210103 0.370580961227221 0.3494161287668348 0.3791600866097812 0.3910853226232307 0.39091362451353373 0.37716563956258464 0.3635918543645405 0.4057119605804974 0.3783727399837175 0.39278346317378926 0.38058745762857166 0.31288607804448265 0.3023808262865158 0.32368190853368456 0.31540664538085883 0.36239350474182597 0.3340321492913727 0.32278595030205476 0.3434206973464232 0.3805199143676853 0.3956738983476771 0.4359909729976458 0.3831665542035115 0.3875554381942987 0.3639434661473523 0.36347024565299635 0.360364669587356 0.3572549346089049 0.32509940943591065 0.33689167894030586 0.3245501379961069 0.31361236202402193 0.3455154604818431
0.3893281625030256 0.40225099264372594 0.40697921314925567 0.39502722092784176 0.38119703018509227 0.4150766689913302 0.45270093861348737 0.485680559315127 0.44774734752070133 0.4264048205752797 0.41598468867112837 0.38677476716779696 0.375118766420128 0.3718293480951878 0.3862943444459421 0.3722704215152207 0.3705824508440268 0.4093937591183216 0.4163977016721123 0.40399434243202076 0.3663037435347726 0.3591163393436418 0.32588036939761184 0.3351999100227949 0.3414647226003591 0.3482125972341757 0.34153511490043315 0.3395604418129569 0.33981211460945915 0.3504036298342596 0.39328252729213287 0.402098073789491 0.3901363533652318 0.3665312180851334 0.3578673358665954 0.37235016614935135 0.3746559297639268 0.38145983002928113 0.3618516197491285 0.32094412311321197 0.34967114531090976 0.32673047444445047 0.3555609205692839
0.3398903756986971 0.3606153928267692 0.3615341324053138 0.3671493473705615 0.38958762331229574 0.4096044633519766 0.42146869226342865 0.4634616036412838 0.4289611864288344 0.4069457128922853 0.3883504321567315 0.40260294486088377 0.3718415124391691 0.39175131312951555 0.3891241920964904 0.41588945881825484 0.3765880919976007 0.3709524010869644 0.3832909729935288 0.3989783973283047 0.38331873358205537 0.3616852564986247 0.3208639971657868 0.31365390448576586 0.3440255242110079 0.3619959558867974 0.3368893760963479 0.38107843376085193 0.3628365548089791 0.37041134444256835 0.3847907761302944 0.3544143248998632 0.36313964973500484 0.33844993588979727 0.3562458674293677 0.3512960304432483 0.38532962132870496 0.3757364675953744 0.38635634887596126 0.33125968917755444 0.35933347177411107 0.3601261332275184 0.37832263542056904
0.3440583081803722 0.38412077243977305 0.35799986424264113 0.3558344021215134 0.38575549207090404 0.39830998850384186 0.4436781156491793 0.47145922718690464 0.4374016092728155 0.39685271311854775 0.4208675493153178 0.39633174771588026 0.40744378539445786 0.3963995829428032 0.39874398612045076 0.42775569417297343 0.37663957315227786 0.35798008523431335 0.3855032089879278 0.36017337546618894 0.37808809792500614 0.3641536147132939 0.3493906897135292 0.33486780621189477 0.36775350056496237 0.3581697258945937 0.3499690744940794 0.3713635303732993 0.3926747197845944 0.35153476584229976 0.37196693481947474 0.36852333827765144 0.3319693909414386 0.3581834390446572 0.35363158448113835 0.33960637953158546 0.35205969686357924 0.39901665764931876 0.39645710453020305 0.36873392530063676 0.37313456291130637 0.3844825214168074 0.421633745903127
0.3645202794196061 0.3769972809244063 0.38651420150949184 0.3857150300067495 0.3994370969239609 0.3796847266517461 0.4282293462757717 0.4507018810378574 0.4086056705428342 0.377050817233299 0.385065651279549 0.4218739010153933 0.38272350245382436 0.4142493822871827 0.40317696614115545 0.43213166799317465 0.3862433478797916 0.368635067885961 0.364802666163768 0.36654330036076466 0.38619546498295204 0.3520921384418187 0.34411209682860405 0.32971771670208283 0.36099159516422985 0.38010342671880226 0.3567246424683236 0.3705320660380988 0.3627237813012034 0.35174579452012006 0.3579060177038801 0.3444321376503404 0.3395155776340881 0.377429912740458 0.36837946142715333 0.3307792798701762 0.3484043489554148 0.37787929679076054 0.40551265229878813 0.41157926772059605 0.41653785510146757 0.41711529615734166 0.4428454605691599
