Raster_benchmarking/DGGS/continuous/raster-15.asc
NCOLS 100
NROWS 100
XLLCORNER 1743164.1510541842
YLLCORNER 5469280.566660364
CELLSIZE 10
NODATA_VALUE -9999
[rows 19 to 37 of 100, columns 43 to 85 of 100]
0.6467810661563603 0.6661451779774458 0.7271151835594526 0.7356606603714113 0.7709448933294059 0.7276836872864371 0.7874745449094542 0.7620303800470993 0.7654740400220083 0.7428637153288804 0.7184650562099685 0.7321706724032222 0.7324796021072787 0.676465329938396 0.6825326922472332 0.662856792856209 0.7048733947538142 0.6922638999548346 0.6768537353559849 0.6524521213115688 0.5947803336480904 0.504761843648727 0.46612118118028917 0.4290051057190138 0.41754325872056236 0.40132810177971073 0.33950831184010277 0.32592692239426463 0.37604991266966653 0.36587281820158774 0.33117837648113346 0.3571872155538929 0.35834787671114166 0.3910129213218648 0.44624068771524666 0.4436760093551891 0.4529644135092085 0.4781419464761734 0.48274638200559816 0.5007995527462057 0.5444287831747286 0.5632139738932654 0.5214885975757234
0.6371677056391792 0.674289233236563 0.7447907328275475 0.7760835628730162 0.7848505629827549 0.7199380585087981 0.7521079269596994 0.7844849288164735 0.7614948005563758 0.7279071637910418 0.671643674675933 0.6749965556440517 0.698449832265252 0.6529122755501932 0.6580915752392985 0.6736454737144429 0.7216778996207165 0.6962768888249956 0.6187331338151192 0.6041368189873658 0.592439610461132 0.5807765694891452 0.5081101559146468 0.45750075559352527 0.43199251359626906 0.41973131577946987 0.3932600432611342 0.4023506516947588 0.40293852611579173 0.38126775502535076 0.332607060288451 0.39107467126953327 0.38251055139350404 0.41875590591653955 0.45482356142660396 0.48489489850071876 0.49053640501350027 0.5055453722815981 0.4930867343982901 0.472116868385825 0.4975639696729519 0.4990768691720962 0.4985540008615673
0.6415480141731036 0.6712044221482274 0.7101878695637224 0.749670036184519 0.7510320342760928 0.7476327122172242 0.7988287839484264 0.8080850918635405 0.770173772489258 0.699737786369721 0.7073022183730118 0.649160739790394 0.6386702363263742 0.6366977524076199 0.6676444496188203 0.6630354352129038 0.6384897039477638 0.6569129047143502 0.6346476661961785 0.640551896169992 0.6344680988765723 0.5789236557631093 0.49032188409431415 0.4813032269571233 0.4520795529970885 0.43390876758518165 0.42699218705443875 0.39303957037642046 0.4053106269606029 0.36465228594179716 0.3526241429075158 0.4124935840327433 0.4537881385693097 0.4384728472933543 0.4449655938332906 0.4761791566370414 0.4285927254695101 0.4246094044649543 0.43980357322785263 0.4540865021915192 0.4630632607530824 0.46592067452183494 0.47090656599987474
0.5651222087371867 0.616068782495392 0.6543784424572181 0.7147560593729353 0.7658727841598422 0.7495689168575582 0.8063589852873194 0.7718168320123083 0.782862531546713 0.7352522403995108 0.6707331246549753 0.6713452893383992 0.642754553100727 0.6527630650725579 0.6582559551623108 0.6566400759690573 0.6474125944600867 0.6704113064528353 0.7083066468028463 0.6832083615363498 0.6330741284088661 0.6312387813531269 0.5318770478725203 0.5059882618631517 0.4595438888196202 0.48879485693269503 0.45790654142254456 0.40932111957706324 0.4161404578498371 0.4157658550838108 0.4307054634567639 0.4460266994635762 0.46955832266752723 0.4669803845673348 0.4663789669849438 0.4249599203995129 0.40452568075119755 0.4389272296477575 0.4221160919840393 0.41478727080872296 0.4454367526512269 0.4382963668293271 0.45540855137962427
0.5446203589568278 0.5992448621897803 0.6435164478731258 0.7244684612941823 0.7422647613933339 0.7739481253741324 0.7688285880498185 0.7369109803983358 0.7440882886990493 0.7200880510529379 0.6818754168178223 0.6906056580856678 0.6822715296387573 0.6987291400056639 0.651282493452036 0.6578480257415739 0.6648557360327241 0.7076474660858739 0.7404053809634592 0.709701260525959 0.6586964608904523 0.6627028198922678 0.5909231542784718 0.5465315559013361 0.48924176424163346 0.5225045072299185 0.46253109689919547 0.47791464774152426 0.44859876039994995 0.4229368697069979 0.4690741000919024 0.4695958429197175 0.4200469202157848 0.4191719261512421 0.4454485072745706 0.41651290036331 0.3871524953284972 0.4194549186259366 0.44965665408589034 0.42179272793753475 0.4353224026743791 0.449069784396372 0.48561564695563575
0.568118548689424 0.6253640306254483 0.6678637921746995 0.6960234054044908 0.7290881467500149 0.7462438580209154 0.7225885197165391 0.7354710759469573 0.7180850018442817 0.7355876666485945 0.7487751782492684 0.7509158018093903 0.722386250842347 0.6806827670858208 0.695855494543322 0.7046789229309887 0.7058050188438465 0.7223085867741361 0.7645933737077938 0.7394526053825737 0.6950591516930249 0.6703306922305774 0.6558229849583439 0.5984626130678622 0.5510103541308611 0.48741050349007836 0.4910257822151863 0.4946134666219518 0.511526371015059 0.4936683576407485 0.47225313293730387 0.4105743672757002 0.4065495710557476 0.4134149854457936 0.4596069367199241 0.3894171219637202 0.3838863022220338 0.4330371929903631 0.43415643518912017 0.4280397321670751 0.45520567157514685 0.49330504739963654 0.5241452138651317
0.5773527594096727 0.6473541215425663 0.7167449899947883 0.6932543223503143 0.7151696016316158 0.7143847028565922 0.6981222342654272 0.7080263957404181 0.7587860178378663 0.7719066909915383 0.7916660848783129 0.7330876557874498 0.6532678882090935 0.6502201429221324 0.6872265339775868 0.6979949372737615 0.6749174140012726 0.7424818021341995 0.7290415244704717 0.7072493266909818 0.6938659590160836 0.669808789479207 0.6762472051805992 0.5810885558738867 0.544509638265498 0.4979242695007784 0.4848113593929192 0.5104293302958176 0.47724571383715075 0.4902159668416827 0.4814441629715835 0.42330894203966557 0.45093920767637613 0.4329010581153157 0.45224959028745515 0.4177893807932427 0.4088604086863412 0.3810600185552922 0.39091223573251155 0.45081685026667917 0.44689833371317567 0.4840688987381922 0.5151360516691236
0.602169953256193 0.6308521361060545 0.7224603799345842 0.6877137686077921 0.682525270933168 0.6721363663112918 0.7314350986145244 0.7273850954989027 0.7672000964978233 0.7715896294375824 0.7800520172580024 0.6980588962760345 0.6429418145519141 0.6494705195050341 0.6213281948293309 0.6973135491766139 0.681973824410814 0.6945892475815685 0.7505411412690687 0.6979893651362744 0.7241066448486688 0.7175141516559604 0.6843915039067026 0.5776007369739311 0.5639500089258481 0.5273869723579024 0.5064523629222425 0.4894036834725649 0.4528210661686179 0.4957994674613513 0.42983899398109704 0.47257346457770905 0.4015621113407883 0.42161694722941656 0.4450664383796796 0.4505121629853202 0.4066527180863687 0.4038956531906164 0.38249445352688793 0.4048329761745153 0.43252756431519734 0.5142574388596519 0.5023105653320481
0.6090092651112133 0.6907300318471288 0.726540894216727 0.7196439526518477 0.6817127297996308 0.6747964864296786 0.7262983929199854 0.7619590514571687 0.7588073572377652 0.7295759119795504 0.7476020825563622 0.6682755340350179 0.672994914689073 0.6798953616703727 0.6672750835312818 0.6551708303324398 0.6839242060248668 0.6968811554032887 0.6787058194660552 0.7375238343023275 0.7357358139449287 0.6762621717021232 0.6956697648968556 0.6129930142835465 0.5788659480581221 0.5626371501540369 0.520862049199105 0.5149189307803553 0.5293553098292066 0.5003188635255489 0.46850844033104433 0.5146849698318708 0.48058917662239997 0.48013429190101814 0.4431063968159721 0.45420842109154524 0.44766731854524 0.42091740874559397 0.41736415275758404 0.425864293672121 0.4463662996061743 0.5318059360319684 0.5412156029840812
0.6351581137934775 0.6349206280501865 0.6888600377747236 0.6715407335165722 0.6896423211281054 0.6652888238690421 0.7224094329994881 0.7508996022192578 0.7461440989673584 0.734139095040108 0.6901448503170005 0.6644470091535366 0.635831698389215 0.6543289534138943 0.6822639392241622 0.6764884118073703 0.6809686111571603 0.6740719396516275 0.669924079540931 0.681900130480305 0.7281271675719421 0.7088063181348134 0.6851111256888286 0.6282071309908595 0.5945350825548305 0.5804111500835288 0.5725652561649444 0.541710785039415 0.5529114867940637 0.5585971449390876 0.5342968542542712 0.5152601620608277 0.5534438948389762 0.5106528153119732 0.47333122647263415 0.43245283423222913 0.43009169068974856 0.4755531826988864 0.4928773171015484 0.5044630256944067 0.5348802713611133 0.5576493309195083 0.5692276095740996
0.6391790586505213 0.631216784550795 0.6318755648421533 0.6402460385958546 0.6313701285697213 0.6672335481564697 0.6917494433058639 0.6794578072551684 0.7202977721693035 0.689873987749756 0.6946208070544503 0.6704243960893788 0.6469164137580874 0.6745053504736951 0.6548904197928586 0.7065465778900526 0.6844717862928613 0.6799365441356906 0.6420471381291887 0.6774489961666496 0.7211470644896711 0.7026303928820042 0.6998975753048805 0.636683750494301 0.6108183974911072 0.6690944025860107 0.6378279074661055 0.6202136593181351 0.6000464108622894 0.5902501804989246 0.5989213270027379 0.5313944250276036 0.5501415697230373 0.5292684835039896 0.506294718664863 0.4930054005843916 0.49405968649495774 0.4769946295002243 0.5299063194342792 0.5017074591900188 0.5265045703598925 0.58741556033755 0.5785351182397299
0.5978871408959375 0.6201299346574611 0.6556895671030445 0.6488105105311115 0.6215037835024966 0.6290411143360326 0.5997744268236407 0.6250579438943866 0.6316568091705435 0.6714297181488137 0.6773319432076693 0.692072907896542 0.6565335531347213 0.6634224156902649 0.6757278592203748 0.7131801247573134 0.7254429546371267 0.6861783531908335 0.6696785126680808 0.7014193013296197 0.6671090997356612 0.7068482980438296 0.6539178332120108 0.68176865190906 0.6707632750832937 0.6849167108228864 0.7096316453332168 0.7070878295027648 0.628001168411758 0.6279891308004477 0.614212627110872 0.589668880699838 0.5505469977532574 0.5762861197242634 0.5215576597938202 0.5172016882974684 0.5358473288414868 0.5739385323541994 0.5473735680821153 0.5328995690299829 0.567084501806229 0.6248170615462403 0.653096610309733
0.6276853157766918 0.6744049269919649 0.6851140849695961 0.6440064887715272 0.6493826981423036 0.6260329323348894 0.6092576916342749 0.606015787097376 0.6395665742672324 0.6282020088962855 0.6670635875049101 0.6550224443306523 0.6178868398343688 0.6496773945612744 0.6407313461831374 0.6640512568581861 0.7018590435198392 0.6872941729419229 0.712901470313128 0.6968565350641848 0.7066342546261056 0.6726036160732393 0.666509296176833 0.6648969826896979 0.7197045062243563 0.7028866105987355 0.7058760026177611 0.742291570748009 0.7160795381495322 0.6885327519287109 0.6798398348472734 0.6292795379307186 0.6190364179598943 0.6173173371096844 0.6149921619425837 0.6404893246776082 0.5850143432397169 0.6062372520236862 0.5776836026454665 0.5752322117032782 0.613263319308485 0.6380931937791803 0.6961176771205756
0.6288990191730841 0.64631980742348 0.6775418909139955 0.6838687551804773 0.6528279219715477 0.6548522547903499 0.6438563096096993 0.6287250055674252 0.6488802215527549 0.6440922274180014 0.6205027733101208 0.613442743845908 0.6124536945744715 0.6314663509897485 0.6364288556881705 0.649525674248846 0.6603198783881468 0.6401746387571567 0.6917346988015904 0.6558883932544614 0.6910172062324373 0.6785060168860056 0.6634102502088413 0.726514177044126 0.7661066263990212 0.7346804181557675 0.7570107288020368 0.7956700753889829 0.7853796676788762 0.6875720613342983 0.6650380102776996 0.713891813151263 0.6802934202071942 0.705059434667958 0.6963114151086011 0.6842719253309381 0.6725740603706665 0.6530810479017717 0.647761400963723 0.6765241480916684 0.6738222164715497 0.652660282535899 0.6868564375508817
0.6550229325211808 0.6687710608599292 0.6778638044801031 0.6522880169359837 0.6893948782593922 0.7044371551160159 0.6655016614710321 0.6600517560690224 0.6582271525187577 0.6313529001700336 0.6454546822377709 0.6168798699796046 0.6349208960572463 0.5901327938110049 0.624705565556045 0.6125862839875484 0.5953490660467609 0.6145964130030552 0.6129135852280377 0.6821832642750146 0.7017371372678736 0.6927628183218727 0.6868671706807238 0.7016414633735203 0.7399260745975018 0.7707923728498002 0.790352157631306 0.7791993884532408 0.7931502932891855 0.7458210088010846 0.7214669887466215 0.7705345432760068 0.7687089041829717 0.7418816309173611 0.7504597828021802 0.7549117279323255 0.6931295214599165 0.7172702862440241 0.713557811445457 0.6786311743520502 0.7319580760441808 0.7325052602666038 0.7309115944294534
0.5805174039655866 0.6500306169852822 0.671805740051528 0.6538251127693209 0.7008017446499368 0.7303777650847328 0.7079009395594071 0.7077767076741603 0.6984606891501544 0.6553299721354474 0.6151205632840145 0.6266258432676974 0.5908325279629495 0.5958882201209619 0.5907651887175006 0.5525524198461449 0.5551366139178182 0.5589192182535058 0.5921724232941843 0.650478198723953 0.7123108524680859 0.704744840897592 0.7373610235633439 0.746672818951644 0.6995602393032024 0.7533497576965925 0.7730932812136723 0.788294327737259 0.7407310352613099 0.7707407146703518 0.8102637697749445 0.7961816264451054 0.8309779653703793 0.8049418977159134 0.8403963448663755 0.8158161416111773 0.7534599076076561 0.7680728451257642 0.7789353645384441 0.7471145777615193 0.7165423217171769 0.7202302255813975 0.7195855574761975
0.5633093748730588 0.5926402848050094 0.6297097926676346 0.6865723081925273 0.6745295207139076 0.7164203172365263 0.7233020875796179 0.6643643213162403 0.671629564033424 0.6011353571970212 0.5731133302688297 0.5873828056026053 0.5763572217514202 0.5549521194377448 0.5688158685853145 0.5561580658560781 0.5443194771012502 0.5786878538519655 0.6132464697031781 0.6359769245037982 0.6523768791791765 0.6729465345506472 0.7375593293476 0.7461817533985066 0.6859897067742661 0.6977837917147579 0.7047298350874655 0.7603670331860509 0.7176098724778106 0.7273878629397179 0.7820849590045145 0.772307945720087 0.8212469230385779 0.8020805727059637 0.8298092786405743 0.7782655908280413 0.743936588472578 0.7761104200936174 0.7965677553478002 0.758480020003757 0.7583373415982922 0.7141713936981123 0.7455434835895676
0.5695264397648742 0.6171461865433393 0.6791907952325433 0.7059702079787311 0.6977146420564663 0.6800986842996121 0.6756363647962015 0.6814302665833359 0.6498931715753121 0.6264741089019319 0.5783514580570056 0.5565553475668608 0.5770723480216525 0.5321717400241941 0.5395616096373838 0.5525846289865787 0.5421749445906906 0.5893614275719937 0.5893596669347474 0.6219640231602834 0.6317929735065635 0.685510298905543 0.7189349134260449 0.6761818848749689 0.7001894678984496 0.7120341526197468 0.6994243076734661 0.7378083787820915 0.7008940522149828 0.7510571704030483 0.7537115164676185 0.7976542254102376 0.7897664594633932 0.7881859741988899 0.793562344501549 0.7424026953347655 0.7571825426622552 0.7343380725055668 0.7460192700340756 0.732370197892254 0.7370869844637794 0.7525807345031731 0.7370799289074152
0.5901741788304357 0.5943702899353372 0.6546223822464292 0.642040366301051 0.7035387693815552 0.6711062339640048 0.6705517219310589 0.6402112087455303 0.6719646751660393 0.6495895106531413 0.6206661686127473 0.5944132078757174 0.5814448474528441 0.5668081789063163 0.5843193730706432 0.5892420639311129 0.5514562248319772 0.6119216134915721 0.6391646506695949 0.6530807073425953 0.6255547035781143 0.6377034906078445 0.6322135170679302 0.6461461770485886 0.6650730203746149 0.683250846668184 0.7306606926051725 0.7014867413986575 0.714333743187356 0.6879453112798488 0.7226691476255854 0.7765172848952276 0.7686352832269083 0.7448979904648318 0.7568315893187543 0.748570339426946 0.8078019663778504 0.7847281900560548 0.7194009767254459 0.7212609269838357 0.7172125072730337 0.7346917144916564 0.7096668823090284
