Raster_benchmarking/DGGS/continuous/raster-327.asc
NCOLS 100
NROWS 100
XLLCORNER 1743158.0143856157
YLLCORNER 5469290.944081568
CELLSIZE 10
NODATA_VALUE -9999
[rows 19 to 37 of 100, columns 0 to 42 of 100]
0.4062617298507019 0.3822023252012919 0.37931314611616646 0.4215554938312671 0.40339102073553973 0.39583983959893787 0.3815160544178828 0.38493443022436796 0.3788326081671953 0.3914968016557655 0.42584039529115825 0.4229766363623524 0.4171097862674561 0.4316609948688044 0.4499185982542831 0.49116808800430783 0.5204588669446177 0.5423149548341815 0.5674249976696066 0.5385361873488649 0.5472286101824241 0.532064837000955 0.514347673333836 0.5432843566973283 0.5607983259701292 0.5302647791204737 0.5453652524152454 0.4894699127283234 0.4705942275397477 0.4271258988425112 0.40070447233133216 0.40484267687124437 0.38450386439681716 0.35582840305546615 0.3239827701389597 0.3085413612798654 0.29590056378248775 0.23655815731690555 0.21401308758050433 0.2440579236059494 0.2513334426830955 0.25194254260601723 0.22631941899792019
0.4149917773445781 0.43039371256466175 0.4328066954151928 0.43116922472058383 0.41685976408074776 0.4161755106683081 0.43199147799460397 0.40724662306388715 0.40875774987771984 0.43853854832240796 0.4384707308828765 0.42561065589166575 0.45719707206158566 0.4756929754341373 0.5152442740871791 0.5194948080785403 0.5239422012054271 0.5383527022919781 0.5653926559032489 0.5595357557291453 0.5516579065301052 0.5271705221444251 0.5343506238397175 0.5506149627021102 0.5704057550938124 0.539287885491329 0.5247382840897045 0.4794153583817675 0.452228872645258 0.44655649515408063 0.39579836650168815 0.4005266306097231 0.36362466489011963 0.32353647585543904 0.3024217479936135 0.2656135513164045 0.2713951170398638 0.25173134918084206 0.2136967177930196 0.24841406266835606 0.2706976133144496 0.2373052745055852 0.2477983933702591
0.4075067460131478 0.4479529964291669 0.4428645612588554 0.42561704013615487 0.4308493424940471 0.43789791242442466 0.4561275899545626 0.4571796344444223 0.4511808413198554 0.45357618514957454 0.45899739345463036 0.4691553648052239 0.4583069536586888 0.4792777463225523 0.5308451326467408 0.5145586201955805 0.5321139325969885 0.5604811757211428 0.5600015552167088 0.5659298543673583 0.5887782689679463 0.5584388847977516 0.5420373195600235 0.5481623740284175 0.5469286408821522 0.5165119348180476 0.4698946101925185 0.44075928189864105 0.4325545213163228 0.4440027506829022 0.41762013389673086 0.3652000341783179 0.35257299137284154 0.2994070116741326 0.26332029617433816 0.27746305899316015 0.26024819849836306 0.25435898902386295 0.21215164587150132 0.2431824101568602 0.2618261505197054 0.27440673575447566 0.25276513128887645
0.4217080712362162 0.4220734925147982 0.4424770215302471 0.44697719387097895 0.4683869176049732 0.481056255619847 0.45523293063461306 0.46004149803202715 0.47738841575696367 0.46577354534038323 0.4841270855226365 0.47697414680416667 0.47153377682073166 0.4989327048581766 0.5406251560310119 0.5462186978054324 0.522101185586545 0.5365149201739797 0.5408876380585871 0.5879161402604014 0.6066668237225553 0.5979155401688218 0.5678485605661866 0.5610440347557749 0.5564650546257265 0.5110151401507228 0.4924359564958746 0.46385573536260005 0.43523953732099613 0.437615102431719 0.4199467079721557 0.3540892981464171 0.35341476824369666 0.309434320692094 0.2562917324132042 0.27524984481436177 0.2597866829389651 0.2321663986208296 0.22550939230853342 0.24235612622339142 0.2630328994482081 0.25812521620257756 0.2493342089012781
0.42763968010827225 0.4286311958539154 0.4303563869723752 0.4577035973545604 0.4894844077908919 0.5081354501714035 0.49182326572965407 0.46703160295083535 0.48070061084698734 0.49093254902783046 0.5406019258882726 0.511534435403382 0.5116161056395198 0.5195939316610042 0.5455120183046649 0.5367666642640031 0.5357859225730776 0.5568447882031499 0.5401551563728555 0.5844152874781586 0.5876426607885085 0.5879128933018166 0.5833244991205737 0.5403801243364422 0.5370979317147812 0.5140984364522683 0.4789994263008018 0.45346168352633087 0.46587818599188663 0.4611385509535685 0.41085609044717797 0.3807012456502191 0.3180948442309473 0.2960652543851965 0.26402157131499576 0.2545915750018134 0.2527896801769843 0.21504744301411186 0.19929124167096246 0.2742961374697176 0.2931472112821296 0.2812878564020655 0.2762930010663037
0.42402730106346176 0.4474671894961731 0.4503131648493507 0.45491643042934626 0.4520487636766045 0.48165552175336007 0.514354725429546 0.5102760310016663 0.5398744427276552 0.5451145863240149 0.545468592887288 0.5639043625604313 0.5471072407482084 0.5724562695929909 0.5760727054382715 0.574076044792792 0.5521988080639393 0.5522613491844326 0.585066848990582 0.569237474344135 0.5785254547694714 0.5445926826042784 0.5308884160935976 0.5199447178061803 0.5098235958004246 0.49297053573710203 0.49189236405827624 0.4502491676769956 0.46882773438346376 0.4516284580198106 0.39767100696619073 0.3687711767795101 0.3253332353262574 0.3305908171109103 0.30268557846904653 0.28264780802995776 0.2489096581588224 0.24538993834446896 0.23408990612250638 0.2755650424805893 0.2973686223242283 0.2946868119749624 0.26256354157274897
0.4274947696173451 0.4417415396806074 0.4519085837321679 0.46154165113024637 0.4688739088185317 0.49192522557486734 0.504182705945426 0.535214511805354 0.5694632249836474 0.5867490049474252 0.5949411162062765 0.5706143090293517 0.5561564292537476 0.5738664241446306 0.5983390750794233 0.5728661512705662 0.5861199902706257 0.582913150971539 0.6028302980876241 0.5883833503576343 0.565441593176292 0.5395012489414356 0.5184398145483692 0.511593380931198 0.5200331478009244 0.48954870729853045 0.48803390173075123 0.466471461872924 0.4519112086980162 0.44869772133872043 0.4491705922539979 0.3970754455417292 0.36299950855788754 0.34430406282133263 0.3153874357577632 0.32674169300415196 0.30370881138969075 0.2804127386515743 0.29757272673238827 0.27447278648805684 0.30490806920575103 0.28496487238349844 0.26920988970448684
0.4393448790729058 0.4928767525237177 0.5121226324210124 0.4898178104814517 0.5128067305933689 0.495404344671357 0.49402850199063203 0.5408996742524426 0.5841155446102457 0.5939451696709154 0.5741326805439365 0.574024832050002 0.5626629276054748 0.6026851532699353 0.5975549504501205 0.5999843213324672 0.5829735030282013 0.6087256700081751 0.6198412463563961 0.6157113417465081 0.5789229438541903 0.5645815261037518 0.5554018316667105 0.5377962018957487 0.5493701803695861 0.5306885505766092 0.520305529302974 0.4889917797832012 0.4985881580237127 0.47375121300798456 0.42958263704751004 0.3930365571786812 0.37647510254123345 0.34152741183966157 0.34491784601803427 0.3325436030649387 0.33155832831011217 0.28981102394577707 0.29280797898109645 0.2890310700701411 0.29863161904949004 0.2973501505669262 0.2861043856928318
0.4813435050942313 0.5403285110597098 0.5536633363388912 0.5093146857136157 0.5287233385882976 0.545064911296973 0.5245999229482511 0.5483472548368722 0.5653828272859774 0.5698435431457074 0.5884124687681509 0.5839848511113687 0.5990743456915143 0.6109204021925166 0.5735306861297012 0.556712284832766 0.5692707813137665 0.606562192885568 0.6616350595689469 0.6263725584923246 0.6315332233662031 0.5858652258068774 0.5420088209186615 0.5353367513575047 0.5724113935386079 0.5564972668427497 0.5135401777918238 0.5311827289452545 0.5033826847683958 0.49113873297522403 0.4415023553495844 0.4018613175992532 0.3813228336070893 0.394029882922754 0.3701442781679726 0.34148425076186784 0.3308632831739529 0.29413598812924935 0.2616781328978432 0.2697820085131652 0.2960607779368408 0.3083400072546916 0.341792240931238
0.497563452917502 0.5471654864957338 0.5329878154275604 0.5287002328208525 0.537198440774857 0.5567093202282957 0.5771850549248246 0.6006187364030063 0.6226278010085037 0.6142438868630574 0.6113972662244102 0.6069807918930324 0.6134104981386103 0.5929976387587976 0.5922962297398404 0.5630792953880212 0.5894241107821491 0.6238492477673407 0.6151439160333063 0.6404773707251141 0.629331422833842 0.5965409932108626 0.5637194974110874 0.5651910887143047 0.5816242285284903 0.5755690930386895 0.5484464133982733 0.5293594896000215 0.5080874168651424 0.46408636279335597 0.46763452985231135 0.4418565451393926 0.43939760067266587 0.4177830815083273 0.39247509159953653 0.3413733395935434 0.34710753055242327 0.3287320029865701 0.29019089567694467 0.30414104251430457 0.28955292749302547 0.3019865209574843 0.3405540071952762
0.5209055913376037 0.5096410181740966 0.5461776574737757 0.5596785977726049 0.5584445256061737 0.5622280698099784 0.5999648014648598 0.637865230986299 0.6229126532344811 0.6040571467296924 0.6371627732460711 0.614149516071833 0.6164222883711569 0.5944895563733481 0.5917612232306335 0.616954625154095 0.6036423391348753 0.6210388500790663 0.6234607282544803 0.6325141326037029 0.6143985168181602 0.5932204441547204 0.62503335078264 0.6163295042094018 0.5883327497599243 0.5994840386283107 0.5736080259633727 0.5296377706591565 0.5084048360641596 0.49988618562865655 0.4660434229588914 0.4838088119187161 0.4976010651175273 0.4415355297288926 0.40109591659638344 0.3737085542320456 0.35299658770701214 0.34673436066948043 0.3294708071866374 0.3408367382449036 0.30855188445975057 0.2915088018230419 0.3234993509213203
0.4918717771376718 0.5040088531142589 0.5361927134837164 0.5327294730178526 0.5453881974014172 0.5857437105565194 0.6059631258165713 0.6392602854282242 0.6500206444354526 0.6273510132961773 0.6561955698091049 0.632866192463567 0.6437224141037463 0.6447168711177713 0.6485891493028995 0.6364351409558523 0.6450564992940993 0.6377653291923343 0.6375127715037779 0.6239282420969847 0.6038041760576288 0.6204633125425255 0.6251623073464824 0.6128374577854261 0.5823916525117662 0.5808165338284522 0.5616016014123485 0.5457918344898665 0.5582074684241559 0.5418806453393029 0.5185092330239915 0.5341838140001697 0.5159535897827555 0.48873511082892956 0.47194540581280253 0.4086366103935237 0.376900614101032 0.37141700387913196 0.3423805990150255 0.33990406589452615 0.33915315612332897 0.31538028782700656 0.3229843181393404
0.5128684298336537 0.5288549599589601 0.5244023206418936 0.545516159798736 0.553294345624866 0.5930599507311634 0.6362744613753226 0.6349366514600647 0.6682350932560251 0.6348873964558702 0.6448293887462482 0.6446856556205789 0.6713833773780112 0.664353411194094 0.6508322104626251 0.6584884700297022 0.6408430925971847 0.6429191118999217 0.644773671811469 0.624444112949622 0.5982767714890705 0.6087898488533285 0.623812521923397 0.6049824421327358 0.5989941316081382 0.6184076363889117 0.5998106072320432 0.582525287693384 0.5888331965260982 0.5560183922486598 0.5644039316360824 0.5283272270986347 0.5515540164301515 0.5182349415850992 0.5077275653525861 0.46285130397575647 0.4273609191667364 0.3920990388251446 0.3862757343697853 0.35970168545195413 0.36882124507914366 0.32740321944591666 0.3233539225213494
0.5257789062238433 0.5187165085017632 0.5270377959109039 0.554151492962649 0.5507445730798209 0.6023769283653602 0.6331758790419284 0.657217269823089 0.6461309316125196 0.6735318091888143 0.6885331581181947 0.6884855252896517 0.6713323655478157 0.6830655719663091 0.6831407657995475 0.6503106425155518 0.6227705401002676 0.6265666124689875 0.6104514549417412 0.6143803028987884 0.6202380067856111 0.6086640533855698 0.6472728623966063 0.6216084222866352 0.6357931937045261 0.6128457302035841 0.5852317821098003 0.5680097219150743 0.5546273727141899 0.569205136016969 0.5546147360853549 0.5437184419650988 0.5181891148323368 0.5233231647683176 0.5147154981157956 0.4933606550105428 0.4586739862709968 0.45699350031086006 0.44439947430915466 0.4077214503679101 0.40083096493708625 0.37909605104389976 0.3577397553708133
0.5888866601473547 0.5599818924321147 0.5282708360988979 0.5470823419920742 0.5661882284658084 0.6044633522502489 0.5872307900582537 0.6195771698435105 0.6719049516894218 0.6681289843121406 0.6835621909535881 0.6882097054340091 0.6864301702684565 0.6841767403564866 0.6933614105495833 0.6645514259796619 0.6450600343193789 0.6547531782768443 0.6164016425528959 0.6320969455692318 0.6311104271078142 0.6468159031277066 0.65234560886105 0.6649304682389255 0.6608696584558568 0.6181734318742419 0.5895098824005468 0.6030324067495827 0.5822427928983719 0.5564909088617118 0.5731183438226277 0.5599122259676143 0.5193461967781738 0.5165865784644765 0.4971821686194734 0.5038111430274842 0.4905987281224928 0.4511903019035869 0.4642750294043181 0.43692690017946595 0.4106258562392851 0.3599596809535281 0.34163180852903224
0.6293739720756106 0.5792750235502022 0.5501457852030599 0.574791708728974 0.5686458642371559 0.6088105406766482 0.5929059045459703 0.6348355744275747 0.6457895048289649 0.6654699188427401 0.6530771626209467 0.675402192028924 0.6862379568555387 0.6889569081600816 0.6866003769528279 0.6775049388351434 0.6684111656017646 0.6541781134721403 0.6741889471049355 0.6717117535466984 0.6492415017349012 0.6735839529039471 0.6888134361883791 0.6781672178573568 0.6572417169800293 0.6466643089818659 0.6252317257539726 0.5964880528524269 0.5822519870052199 0.5814073808448743 0.5859806090856816 0.5659905977356979 0.5569492092654814 0.5211841643226988 0.5146081598630958 0.48548590393126556 0.47633055644709366 0.4643058988041246 0.44945059821855576 0.4336513505753711 0.4400895894181176 0.39709256938937254 0.36537319288400055
0.62944067849016 0.6047476213599287 0.583640898104275 0.5654836872292188 0.5904442325124077 0.5977391802434268 0.6137949134095589 0.6117479523729336 0.6099919352694725 0.6554153703809281 0.6605373786826764 0.6649560947180105 0.6783253070584886 0.6808600528589038 0.6774004720202895 0.6708299674628851 0.634458410165593 0.6652050173367184 0.6815216947367777 0.6602355691135114 0.66995332074783 0.6620626086199755 0.6665143755439996 0.6753882468996196 0.678701793229439 0.6652301747434232 0.6606770018642333 0.6387801235686833 0.6430144805888377 0.6043385030692601 0.59500338138574 0.5819918652270419 0.5474322296086412 0.5234091314874699 0.49947311484932455 0.4988589962385911 0.4755016614859913 0.46960762455293714 0.4879997347356063 0.4542923907042883 0.44288630166821746 0.3880258206177874 0.3704633889253339
0.6430811447845824 0.6169469568967636 0.5965551226514884 0.588206052069382 0.5583633081579192 0.5826090756173928 0.6113517838973949 0.5979543360634533 0.5783670089381348 0.5980215336681264 0.6263679549894023 0.627687336050308 0.658772741388088 0.6754178254826934 0.6711960240980713 0.6612586536529043 0.6445806879107276 0.6666330520220143 0.6662861724586219 0.6538520494783486 0.6655906237787215 0.659859947921545 0.684386600120512 0.6726704645903365 0.7062552402578718 0.6954459831948799 0.6958134024805402 0.6764193080880887 0.6630288038061172 0.6234563070675688 0.6310575424259226 0.5827885462287519 0.534946445595967 0.5320340446045589 0.5067400939190221 0.4972159024621012 0.4907128072697144 0.505760163184739 0.4980486859467331 0.4916641183292533 0.4463290894945143 0.3998872971740661 0.37254552247609884
0.6348384103111588 0.5946458304608331 0.5759594570348342 0.5625891667585277 0.5476049328277509 0.5481549311791046 0.5988474467237738 0.5843287405861443 0.5880556974560566 0.5679132795688738 0.5898276489468397 0.6187203198133739 0.6696199182426128 0.6411343797979535 0.6292217387301811 0.6634812264596793 0.6668131653246206 0.6496651220041834 0.6283567131013814 0.6076517589790694 0.6319238093532913 0.6347645214002671 0.6758224315683049 0.6815754590662524 0.6934108424709979 0.7015987260358367 0.6629606620393147 0.6497063229444286 0.6584864473383074 0.6354623620704589 0.6438510250682464 0.5873837820300408 0.5575541971913848 0.5344656905419172 0.5276071041663839 0.5164985333424176 0.5007321241168579 0.4829395752528533 0.4812957186395938 0.4867983956097314 0.47505214845632165 0.42589100433834315 0.3774635913500177
