Raster_benchmarking/DGGS/continuous/raster-208.asc
NCOLS 100
NROWS 100
XLLCORNER 1743163.3126309877
YLLCORNER 5469285.560346068
CELLSIZE 10
NODATA_VALUE -9999
[rows 19 to 37 of 100, columns 0 to 42 of 100]
0.3464825779352012 0.3165711984066815 0.31669304386856706 0.32252250690969086 0.3485447579632959 0.29126286504795873 0.31933615767783813 0.2818882881493472 0.26242022844641877 0.25262688823561497 0.26543917599425815 0.27786871988422496 0.28716856018737735 0.287132016634121 0.3004096928394139 0.31682403612423493 0.2968278725640868 0.28383439118343606 0.2714794245730613 0.3115505548369993 0.2876815227426921 0.2907772677597837 0.33223779856202373 0.3206850791080475 0.30134413588515196 0.33877283120315577 0.3723706926380082 0.37217277267226545 0.36365047597100747 0.3344725663427459 0.36623176721165673 0.32633583690658857 0.3367789142779968 0.3358768555925997 0.32522610158593573 0.3404298367688083 0.34355834608742736 0.30707586152880945 0.3313721677450656 0.30273517962102586 0.2976075239519129 0.30250818656752254 0.28760259714258074
0.30159084341400044 0.3153056535195004 0.34979640650862925 0.3517091388428123 0.3535664536423809 0.3000404832287155 0.2859007959804912 0.31634656216688084 0.2923388190007016 0.2622811098540519 0.3073080538535216 0.3083215386519396 0.27696822722297576 0.30095933977088307 0.3215172221184698 0.284133851716302 0.29811711059917567 0.28390249439064985 0.27362963249444117 0.30024821113481215 0.3020368400409975 0.3111420600633776 0.31700653663326045 0.3138298282333142 0.3100510827845401 0.3474216232367127 0.3409223390407825 0.377554871860987 0.36710369421330996 0.34955650716387493 0.3318732298346091 0.3477755229563935 0.32857227070983913 0.28980045358379913 0.30061714338140655 0.29557659683798587 0.30444967808863793 0.32090195472098937 0.3521828509167306 0.3349995653430012 0.31093959971335394 0.29547178761058107 0.28952709402604393
0.3080163087860493 0.3239814392444373 0.348830631876791 0.3696676184128953 0.3252201451281471 0.32969880158466286 0.3108196429514099 0.28140319876149894 0.29640393185559727 0.2761216003673883 0.32627784815988115 0.3286743033649385 0.2933502828214065 0.30664117341215674 0.322361312022915 0.32794083152362236 0.2949040506639655 0.2760263047835118 0.28153139650859293 0.30753212616631453 0.30140033094571117 0.32389293884520637 0.2882336007402948 0.32636298132507946 0.31131734591582616 0.303344226136238 0.3497270625467225 0.3676811377533162 0.37268746478398707 0.35408483193242757 0.2919954602855417 0.3333699925347855 0.31264539391219653 0.30503892436919955 0.27747173889721505 0.31232850838496046 0.3319598115379563 0.3272732826404559 0.3424391973737586 0.31877561978729757 0.3054054400766401 0.3179382038331525 0.28977560149095355
0.29169580701990205 0.34301405025075143 0.32100041535240836 0.36244974740137503 0.3248128860449908 0.31296636296927116 0.33387992126430227 0.3046629642014938 0.32832473442336313 0.3113193280131287 0.3078469599418512 0.34384856328633556 0.35194622268635467 0.3211085407219071 0.3400598097828016 0.331169168566299 0.3153888183895462 0.29549318694730764 0.3334021394366701 0.3254602111777614 0.31269410145486004 0.336100029588001 0.30720712696619107 0.3009291686691632 0.29515063134036157 0.29988519361160026 0.3323483625521512 0.33744417117617037 0.3590844764411182 0.3029913554041857 0.2988191235725164 0.2840410552934793 0.30383474143754935 0.27337625611173216 0.30147198829003263 0.30382514594451776 0.3076684559812918 0.34427336550231874 0.32797666046033164 0.3239499032013643 0.3396835085270917 0.3120169323680393 0.320792205931355
0.30879833577790905 0.3189518729827863 0.307486651346835 0.3640915141385608 0.39262925878131155 0.3633935791771083 0.320532048282096 0.3560641836683529 0.363803577903548 0.31294440464776807 0.31151803738363676 0.3228804239986037 0.3716934542641648 0.376497821547806 0.3454628168868468 0.35388165832642027 0.3230600156141874 0.320887760849524 0.36841849457666287 0.3728507013027313 0.3717526582173776 0.32903423600461984 0.2981133276632925 0.2912391722825053 0.28588016118342485 0.33213804974479105 0.35635877158535467 0.3100496893382072 0.32627379250862376 0.3026983635690436 0.3040885907918771 0.31667029963744686 0.26902333985647 0.30084358257479415 0.31966366238449045 0.28770732288858825 0.31394877881040734 0.3607877824838812 0.37977042304852443 0.359261461204882 0.35061988981019765 0.3277559090108926 0.32165541964341704
0.3326193202777866 0.3007344142003925 0.3332127085415009 0.36236274363718396 0.3813634456015483 0.3578959267644171 0.32559026461914964 0.3463315801779618 0.32525866522425273 0.35760129697471 0.3523142114181475 0.33422257601972427 0.3697038800054938 0.37805134119391254 0.38721921842905815 0.3804691791929699 0.33454956321112955 0.36846777265027697 0.34018977029661607 0.37704965274638835 0.3828570796791726 0.36011695132959487 0.31653852460050136 0.3029281958244059 0.3086084704872759 0.31242678223581466 0.30756878725052 0.3110371718856044 0.28516620268272325 0.3067058802614791 0.28771511241678477 0.306845740723226 0.2944451730623871 0.2578584182156277 0.25454200164713164 0.29485716159459396 0.29641077510273306 0.35658269227073075 0.35164560009945545 0.3414930328254931 0.317685680583759 0.31873872285645316 0.2852470837379192
0.3254001931900948 0.30641410619098997 0.3510681794978219 0.36230642380377603 0.41486496424931885 0.39897913450501027 0.3577025826165762 0.3716577916259639 0.3262322773749523 0.33585498592920526 0.33438303903502176 0.3550618175197199 0.3800207930349146 0.36000137477727934 0.39396372558174614 0.39015220472110623 0.3648164056389122 0.3576457442854767 0.3431469093752164 0.3541088225145445 0.33733348190515344 0.3265200721836039 0.35902003626904916 0.3648734028680995 0.36390192537569493 0.3174308019469071 0.32033038134442277 0.29103408074456916 0.2795755489449441 0.30134513012929437 0.3140365503536068 0.32461631684945985 0.2881254010131652 0.2389676546637904 0.24689587756502665 0.2718163006351081 0.284992367818462 0.34776180124052153 0.3604187069611267 0.33290227138635087 0.3238893265821238 0.29777047352038966 0.263433804498211
0.3166848731429368 0.3393356659115031 0.34797664588090493 0.38047717413625415 0.4144247497995256 0.3971931911475708 0.3802841928765222 0.39207604897338194 0.36350845531732917 0.3426045237345101 0.3196553591466295 0.3444947993037103 0.3828798537772645 0.3873184486216655 0.3551179550549954 0.3631478334575687 0.35025454304181824 0.36313402400391853 0.35533444518043655 0.32720061231864855 0.31175302984098857 0.3458978792461652 0.3127651705578946 0.33767877718407235 0.3401042721378253 0.3189799772941358 0.3227527902028333 0.3015086566500765 0.3074104416887757 0.30458774480943723 0.28568793006367543 0.2897980683987445 0.27416158006587515 0.24517650428384868 0.25759970959859685 0.30002067486116246 0.31511502703980865 0.34558914089865 0.36404016520644134 0.32132219481266167 0.3130723108581051 0.30821229526019095 0.28348581851900406
0.3395025439922881 0.3590615212341076 0.3191953907165249 0.34914488624234885 0.38820367697200897 0.37711622495093405 0.38884328134446117 0.3943443201059735 0.3968986743343994 0.3812826165553801 0.36001898489835066 0.3685414586309772 0.375972770339637 0.35777025758480674 0.3547334892975828 0.36082159161027677 0.38254939824495426 0.4016649836846987 0.36818120118784564 0.3574514075737725 0.3211200491620442 0.31976024600100633 0.30586490183207377 0.32796718653867873 0.3352461308890669 0.30502022395555956 0.28852079933608554 0.3077470848643253 0.3312491638393716 0.31240854593276013 0.26157108092843234 0.25035101850770325 0.21239472384440952 0.2777178692725171 0.3171737105865285 0.3187311984410283 0.3449936098046619 0.33940337950754274 0.35356638284858727 0.3219859971604742 0.30497859734790383 0.30715171358978033 0.2729280856479062
0.2996669149925074 0.33711527382927897 0.31893480362166715 0.3421035797118914 0.38759548873938826 0.40017571441471156 0.4062034104680422 0.4095602548418975 0.4006763103251644 0.40176278104334867 0.3774650356432508 0.4032566081579622 0.424739391074434 0.39777403232333614 0.40032851714728795 0.38607651314057134 0.39354245093997225 0.39449384635638046 0.35882099985118976 0.34375851376495276 0.32755292195625496 0.3104083703008542 0.32274097479071157 0.29785954485464544 0.31726261650380877 0.33607179844245283 0.3254623742197283 0.3273437013606037 0.31289214665968396 0.32669775408563445 0.3023777093762014 0.2752971805501662 0.27209053220158813 0.2752759152581578 0.3038664336688964 0.29846227869162995 0.3326234218115606 0.33423440473496596 0.3206581426677045 0.28536836237956353 0.2771032053019599 0.30761302208733016 0.31516744409808956
0.2890223185272105 0.30679152104667257 0.30638835215246896 0.3317909740505609 0.3505522806778324 0.4165978812224188 0.4277281797740741 0.3850077190353652 0.386558802833361 0.3888898797081482 0.42580184136923915 0.4072387598661582 0.45458744276759555 0.42843340021386195 0.4384273643787711 0.44169585400729894 0.4214455957839686 0.4276941817705567 0.4119093449783386 0.34461710382874594 0.33008425055935875 0.3306133569740656 0.29395059402198287 0.31915948271152844 0.3350898953845215 0.33470850243442946 0.3151485645181877 0.32916004284205314 0.353017372244103 0.3250360923453712 0.29556721245545736 0.2832815074406405 0.2708064540587282 0.2649496706285599 0.31428347484051633 0.31516283064008915 0.3122378417124373 0.3303117715112719 0.2969427439257559 0.31528418063155955 0.2831160552052654 0.31743406499144416 0.2994732708837247
0.2980403419459571 0.2973282787714401 0.3287562709258882 0.34521255581397153 0.3484253928430817 0.3848807127635881 0.41009095620432057 0.4078708764248889 0.3763779273636732 0.41922769554228323 0.4345684639155998 0.4423852685746768 0.42251654690619284 0.4154305745891422 0.43802971034082144 0.42890545211167985 0.4339445928089519 0.39015942968185313 0.389063921279919 0.3412731044663704 0.3566266726946072 0.31085170861481387 0.3025780647459435 0.3255607058461018 0.31172978035978366 0.34037907803166884 0.308748754508909 0.3035002119560651 0.3042585711656521 0.32031689789510076 0.32581707785483843 0.2906593479894632 0.26573777089863165 0.2781560818618135 0.32267656778030496 0.31310450240769916 0.29402470326877406 0.3191566653886227 0.30904171493516314 0.3020054180701658 0.30787611602921167 0.3462891102268049 0.35959863604339914
0.27763232187807574 0.28710607495178897 0.3005606686187013 0.3609328908658853 0.39050698051173705 0.36412417618512005 0.3664802070325122 0.3792635245822146 0.3775981422805669 0.38345634814364526 0.41181149178207416 0.4281039989599808 0.40585640447783056 0.39026335290644365 0.3727292700858915 0.42082964112732474 0.43502616949149664 0.3853931716073593 0.3692829123852355 0.34500408767145824 0.34955087990263384 0.2907436317997062 0.29141306339921275 0.3098215225772388 0.3180013844860962 0.30653008155819544 0.2974195593667468 0.29313051187808914 0.31688905892935637 0.3247843696223481 0.3159507115383383 0.2873769465345419 0.27524610864122134 0.2628028787281426 0.2966292886312397 0.30424631804791274 0.3020555270945733 0.30093110133880874 0.3119406992121209 0.3275033089775845 0.30957937987161277 0.3380738275120124 0.3948679213775552
0.24555168193811364 0.28056453163047945 0.315660732660154 0.34546892797441736 0.37872116645546827 0.4035135612786599 0.36934109177850133 0.387027009457817 0.42362337077625856 0.4212789204046551 0.4026134345761195 0.40237291358533267 0.38796172181277777 0.3649295145538555 0.36695951902935126 0.39097830140654044 0.37885255776390503 0.3766926745480927 0.37337690305732707 0.3377921785132577 0.30085747197674756 0.2807927004615355 0.2603939261239579 0.2615240227386382 0.29268967223408004 0.2910413374451006 0.3001542663163947 0.28344492050566966 0.30131174242691894 0.2884250558954527 0.29346072301368087 0.29497542749466127 0.3027607400532045 0.3036875124581465 0.32632675957312235 0.3208554983292367 0.3289992044163787 0.33656517156022137 0.36069048995194564 0.3437605167525632 0.37648128255294516 0.3743905691261569 0.3975649352616337
0.25447079795756156 0.2996347115440194 0.30967533655007834 0.3378228143263599 0.3407471788753494 0.37959393561297383 0.42054772733781826 0.38925160511059004 0.4117143161451085 0.3858924232141272 0.38120662494922986 0.40912370333517223 0.41765800957299365 0.3848714120543273 0.3467473812890811 0.37203281313915854 0.3711196571610927 0.3466366625450566 0.3694210821448907 0.3039867317361304 0.2801360364848609 0.27631887768329383 0.2618788188656929 0.27778659851527343 0.2681358118561859 0.30920253912816187 0.32781287679948434 0.27691590251549986 0.27349159846340987 0.2718123462553811 0.2938821673587978 0.30253778809653975 0.3521272101398613 0.3533836205350281 0.34248334095008254 0.3520758855692532 0.34954741702270054 0.3392674828259887 0.34771446389346283 0.3736558290644545 0.4054797462101193 0.43516962916564805 0.44318687729118056
0.27960785634094004 0.31794543643282946 0.3596571981947357 0.3590397881286907 0.3842883092495315 0.3814397478310393 0.39089088033292096 0.40539459051679727 0.3774779219730475 0.35685040597410217 0.3452820946240431 0.37229084060383916 0.3551423776417327 0.3666690867435496 0.33705860175745733 0.3184343775625475 0.3552337678887038 0.333604636331188 0.29431238035753227 0.29164539624078406 0.286772140243788 0.2716248665627634 0.28405766085450623 0.2590713295313148 0.27838831651236357 0.27980413905341434 0.28893499346167617 0.31604333101212345 0.31034771023677293 0.3031677981083496 0.3081679353313146 0.314303046030315 0.3225767106817408 0.37634973520929016 0.3577995111174213 0.3702592174333481 0.3298591719513586 0.3483449497991683 0.37183089048061735 0.3980628065800229 0.4195265689598121 0.4601349230293808 0.4640548745194876
0.30325626023318925 0.3460230401165403 0.35873285549582734 0.3728560438179212 0.4165273627142335 0.39338449121028096 0.3811137680626448 0.38677971958854607 0.364460633872049 0.33380664324835563 0.34005297786430877 0.3625754179615806 0.3648119677004573 0.3254117436761099 0.3164774583866985 0.32733431447824585 0.31978921858073955 0.307443371399756 0.28386159692614776 0.2830541279743753 0.29647697578708065 0.30934309282285555 0.3076703046765566 0.25556659373131924 0.24802710530557465 0.27960474281333314 0.30379499938941895 0.31430651772554385 0.2710601918582185 0.3084497964913721 0.32749949385700816 0.3475025882385317 0.34699121523335114 0.3929481237815882 0.38733396784316954 0.3523840008793399 0.3383944214774155 0.35358584685173217 0.40085430174996584 0.4388478015026789 0.5070344298539743 0.4745776290655664 0.5249604591465792
0.32339334870973524 0.3339829461394269 0.382831404766855 0.392224539328356 0.40256298817516684 0.3827599501942186 0.40050372354999647 0.3959228651756359 0.37702505620872945 0.3705034337403436 0.3516124885385964 0.35363645465243976 0.3658744797717215 0.3555707944456996 0.30271469471221796 0.28069543697247956 0.26997413022535177 0.2721020527611304 0.2895014245055481 0.2966858240556147 0.30450504043049204 0.27444594821576773 0.27950410525414443 0.2591301251072855 0.26210757450747024 0.278244903786239 0.29265520104187975 0.31540766878906296 0.2936037674489302 0.3209147396292264 0.36412775376033185 0.37615236462518026 0.38537558210289924 0.37700881406467246 0.36385879615179134 0.3510719045773386 0.37913572431284154 0.3903083440281385 0.43291224471521866 0.4539929679995398 0.4708601900034219 0.4992682768978712 0.4855728164782141
0.3237679495779821 0.3266460058959317 0.3793021962003898 0.3784297969041399 0.39993555438759903 0.3800447686337406 0.3758492085279686 0.37702769819698223 0.3632664327106359 0.3567551968756766 0.3181718191964642 0.3254202759087858 0.3589850134397774 0.3536874752092906 0.3046908499206166 0.29944112317614435 0.2830914672667685 0.28199596504642555 0.29969349054303923 0.2982650336434099 0.2854112974923241 0.2878656653784607 0.25012273246032674 0.24376867931050147 0.23922026768381288 0.2594907348935173 0.29099306902234157 0.29987718791898754 0.3206299177734711 0.29725344693984984 0.3412836333239336 0.35715553012166895 0.4029792104327114 0.4115579242125377 0.3775901780762456 0.4038497009292068 0.39320625070622217 0.4165448929271196 0.41762583167926337 0.4687975896370988 0.5117562650642917 0.4839490594315885 0.48558018923232654
