Raster_benchmarking/DGGS/continuous/raster-141.asc
NCOLS 100
NROWS 100
XLLCORNER 1743162.0552945198
YLLCORNER 5469285.401184181
CELLSIZE 10
NODATA_VALUE -9999
[rows 57 to 75 of 100, columns 0 to 42 of 100]
0.5277656713135337 0.5677586962646827 0.5825970773978051 0.5840665239470614 0.6026416960135426 0.5920890918137919 0.6095646411853731 0.6285561303233345 0.6830580394311941 0.6810012808801853 0.7243918867019219 0.7244734130859416 0.7196878311776322 0.7321843266265468 0.7504885883168471 0.7477547951894528 0.7591720515066539 0.7162372763376529 0.7390844063053337 0.7090648910485005 0.6940873136660687 0.6728927473707362 0.7159254613053887 0.6840654076337866 0.685212332348238 0.6981277251640811 0.6731930977435262 0.6299661981252451 0.6153206077666326 0.620181997627398 0.5991894167999058 0.6021780797665609 0.6143560362311972 0.6333050701632285 0.6362597046876817 0.6038998513255056 0.5577604804543994 0.5744003653191225 0.5485891859300411 0.556263861836832 0.5898088903766029 0.5568434090163633 0.533469572458276
0.5492503167853535 0.5621005438527621 0.5531574226292463 0.5871021961182347 0.5951047396801874 0.5646295632617617 0.6174576481030913 0.6128618125904894 0.6337993861187895 0.6649868512364584 0.6827554933805539 0.7033989955433098 0.679495004927193 0.7173467571623058 0.7360347407998126 0.7305049594289966 0.7021189390856474 0.7189118142237572 0.7180788505522502 0.7296920121297255 0.6753488410561925 0.6868961180166403 0.7062384551499694 0.6635130340049602 0.6944126328776864 0.6936284641371319 0.6579183968211186 0.6384955101831129 0.641264672660341 0.5954442285083705 0.5815460440509602 0.6006312517867001 0.6069160961937079 0.6068024914380737 0.6065082793942406 0.596499587749368 0.6148923029911253 0.6072195020540475 0.5836412691012358 0.5972624628714501 0.5592792648746316 0.5585655194208887 0.5345323364727962
0.48859579461589975 0.5258854154260217 0.5540157797652093 0.5685769882926341 0.5401781009663882 0.5982173955480428 0.5991806490959499 0.5713853090216281 0.5919318974019457 0.6516276508352997 0.6520105074162932 0.6508565074128785 0.6679485330819868 0.7430808180570025 0.7571370911851149 0.7106690071655771 0.6857160341743193 0.6904876232618856 0.7231769942443315 0.6929965388340148 0.6966360885985899 0.6949255592817367 0.6659253306845665 0.6651160881334286 0.7004605616069806 0.6595282416178249 0.6575878160163917 0.6508001593183401 0.6257748893782044 0.6095721212199444 0.602255179389219 0.6203373166837249 0.6423341946702859 0.5963944614834982 0.5776915547667817 0.6048027766658097 0.6128916016436573 0.592278721385216 0.6049713260754064 0.5814367329741175 0.6007152318371421 0.5820306438123231 0.525818635814098
0.5142386140515713 0.5135474462212085 0.5404473371219277 0.5348861061185185 0.5563954867125844 0.579377556002745 0.572764201889169 0.5884691842149591 0.591095344284733 0.6443041681271726 0.6697562984061793 0.6545059152377464 0.6742817518878399 0.7142813293007803 0.7151699057496311 0.7233933727756332 0.7153922555746154 0.7264784204277088 0.7230670243572699 0.6887651887636119 0.6716511679803845 0.6849774926898909 0.6898751874011889 0.6991521091877172 0.6550296093871728 0.6702260214304455 0.6335890323591893 0.6048795288631164 0.611871999302589 0.5913723125889234 0.6225058636048739 0.6188093074263037 0.6336012932715775 0.5988397227961579 0.561546739600774 0.5815196236286222 0.6226262172184996 0.5876198851853035 0.5891123869878871 0.6019373980310523 0.6058064356982021 0.5657916967272152 0.552540751243226
0.5390108685043383 0.5427985616052514 0.5306052521334018 0.5218250970018482 0.5567726101960345 0.5585102607805879 0.5453193225796789 0.5602003438953003 0.5949716583181509 0.6210981784737093 0.6504264983375836 0.6589659324924879 0.6719587704046233 0.7027482906539098 0.6971858901383864 0.7253797863423318 0.690168034143664 0.7416635483464785 0.7442801592450687 0.6866907689824999 0.7025694491526243 0.6643886659483871 0.6759243181120413 0.6979726175390393 0.6660675535378936 0.6589949297638561 0.6031795420168546 0.6166534222215863 0.5718895355601672 0.5636677252122749 0.5625887147096345 0.5590668629822697 0.5955217494002216 0.6083716833011884 0.6020313838595035 0.5676224297882291 0.6123002256240642 0.6096774002178003 0.6035432365040105 0.6103142549510492 0.5646554206597508 0.5763030991369532 0.5451290539540347
0.5443031945584871 0.5581595583769667 0.5188878585714074 0.5367633261785789 0.5129730069638795 0.4973697418245519 0.5188713547063026 0.5335718749184089 0.5423924061378018 0.5847229594294844 0.6110093304686196 0.6403872254354025 0.670834791834448 0.6999524179459925 0.7149905045409776 0.7083303834721033 0.6764852779854017 0.7328126913690894 0.7420704567988099 0.719711172043479 0.6906360267435937 0.6845713300971343 0.6679383663267708 0.6569929633540568 0.6663732273579791 0.6548491326794278 0.6123174731707396 0.587776708248242 0.5612212885010117 0.5535340013538227 0.5745870428605719 0.5523847978275217 0.5531004775052966 0.5948371673193418 0.5521335208183177 0.5577873005829603 0.6036683706295896 0.6055395129188883 0.6126075181867943 0.5775568543886876 0.5834890760516258 0.5562623818892086 0.5561392679938004
0.5140804724092047 0.5363391897712384 0.5358778059939295 0.4863827741952902 0.4859058314509537 0.5168072736150833 0.5075237582267763 0.5330286254569263 0.5695262822636628 0.5932674663435891 0.6307675875567852 0.6265558895719332 0.7026577777684991 0.7013126832127639 0.7219819307214529 0.7045455271811912 0.6795781687276249 0.7022843376281144 0.7286680058891642 0.706682768892626 0.7214759013798621 0.6947076530034992 0.7422195955246847 0.696678398410509 0.651017923778409 0.6127660010113865 0.6067884396886565 0.6028052219141483 0.5702293806566072 0.5522862914299773 0.5982029923779736 0.5647100077770264 0.5373810185058566 0.5716726521600961 0.5387072053687323 0.5235099751611989 0.5235097247298914 0.5756192995415678 0.58501225302279 0.5866408339424871 0.5662894967889797 0.5599144957939646 0.5356658769378683
0.5279835007960038 0.4929509630680303 0.5267989186604415 0.49524694414863374 0.5081106852833734 0.5128280285793813 0.5361447959749012 0.555283660602001 0.5862930070400053 0.6216171955995903 0.6527961883973353 0.6352159177487758 0.6712503660823185 0.7121915682150783 0.6973496734838046 0.6878580564248217 0.6953092962407552 0.6736067645861031 0.6820859740128055 0.7217525964578183 0.7129740404032073 0.7432451035724679 0.6968985785320863 0.690477763282022 0.6338512033739577 0.6261853416331836 0.6290368255135353 0.6223433989443167 0.627699200298302 0.5979279443042705 0.5633437075559943 0.57633183824326 0.5834166113099336 0.5478315716729619 0.554361634371873 0.5234140063551367 0.5485703116993773 0.5280058961808185 0.5853076614510855 0.5704241934899806 0.5671343544018798 0.5581722880968187 0.581396491426079
0.5593066833991167 0.5077442263682993 0.47527601216411436 0.4738164675316289 0.49589629130302926 0.5488826203226579 0.5507887423564706 0.5723592742443061 0.582621714897824 0.5772469980805998 0.6341014479750707 0.6345481839508101 0.6342102001374399 0.6906698392998895 0.6780265739207743 0.6822102964497019 0.6710531515528608 0.6508994862794663 0.6586538585689266 0.6779826404510465 0.7252815418735955 0.7330949909334268 0.7091512408981393 0.7054671269390854 0.6636053539663229 0.6166163827016157 0.6244419718081801 0.6428333287838474 0.6698684772291807 0.6025578099859351 0.5962585330216839 0.6013540607395104 0.6034146977727787 0.5626151862973724 0.5300251760087699 0.5437561741682506 0.5519155718301497 0.5313388223916099 0.5637993076279183 0.591826787999402 0.5423738599843692 0.5621609551525811 0.56868426064349
0.5736627606628052 0.5111696818029366 0.45892307235904656 0.47821068548441 0.508048053190845 0.5221571926761019 0.5681871640464566 0.5375425086225561 0.578828001360978 0.5712772119583935 0.6103379484441671 0.6102280833350062 0.5988573616052496 0.6261123975307018 0.6413927821135542 0.6654862486305378 0.6383802689559621 0.6450094236134013 0.6288784607571306 0.6519822930803356 0.667401174159997 0.6751441070288569 0.684739449359786 0.6692346821541223 0.6629576477297306 0.6134598636004593 0.6255028705419694 0.6605678511789487 0.6779477129555038 0.6522249050304726 0.60724132152754 0.6169633672176561 0.6040165044338683 0.604752260229227 0.551001863870875 0.5573177708874281 0.5479477194752351 0.5909992967614506 0.5752473573423357 0.5777285338646904 0.5823798745112688 0.5753851904476442 0.5666004317096894
0.558695706895018 0.5087151871768594 0.4640235190480335 0.5049913478968083 0.5047055373458638 0.5260176670945584 0.553879014697112 0.5305956393621862 0.5294507249557235 0.5131296767020902 0.5346525066659921 0.5381905657792013 0.5776252017305209 0.5921299527313506 0.6233891053814739 0.6336714172632263 0.5970268722432281 0.6119968366169837 0.6071849206765797 0.621045246042873 0.6392503721633378 0.6373648804280122 0.6476972396816789 0.6376075030664481 0.615019488929957 0.6109796028189831 0.6316068566247672 0.6262090279655754 0.6206322854472558 0.6587951892626434 0.6670489494155156 0.6293982665270061 0.5994220964255458 0.611290257006325 0.5847964796113685 0.5961072147189086 0.5928373873426774 0.6108734328322464 0.6005324777457269 0.5903252829313136 0.6305633682569963 0.6422924689725996 0.6420216069103448
0.5135153747429017 0.5045143886325081 0.4898060853693838 0.4618901002915894 0.4680410818855606 0.5070347072968197 0.4989881842210228 0.47757127646886305 0.5162536575823148 0.5186981595201381 0.5064809879292622 0.5316747377536238 0.5807765817915721 0.5445808603600653 0.5785664770784963 0.5796908528046344 0.6015406546064942 0.598109593633162 0.5950631814778423 0.6031822049342853 0.6079174145906031 0.6287730644608936 0.6251256739344236 0.6249531291664265 0.5896890269209529 0.5835054784228861 0.6357162585836288 0.6547935044313247 0.6642380676933044 0.6767365909116374 0.6502736478132781 0.6396550682835963 0.5881339485930737 0.6083645430633825 0.5910161351773963 0.5842855222463642 0.6123581825914222 0.5913868656255338 0.6147022661976073 0.6089697655644223 0.599066881105434 0.6212057134758566 0.6322890307783701
0.47580254993039856 0.48565605403963036 0.4935098689976331 0.49236906539096303 0.46660732509069525 0.4681403587045356 0.4422868934490777 0.4950247452870344 0.481465998967565 0.5324960054389435 0.5322445029841497 0.561469333376903 0.5547865054432126 0.5524151830608386 0.5294926254718837 0.5455906726814915 0.5570330897397138 0.5583126405943419 0.6264947296562524 0.609279844365435 0.568252613791729 0.6039547308942526 0.6201606892597429 0.602927525444568 0.5887683110985439 0.6104392045757389 0.5891157577875965 0.6632579582764127 0.6663233980070681 0.6862840496310081 0.6778679571123598 0.619630997475393 0.5960274770108063 0.5921064145928754 0.5578058897635081 0.57926997422962 0.5707189650555176 0.6317085823581557 0.6624809613358408 0.619216713658104 0.6275621729916105 0.6394196159112192 0.6363226887259315
0.46766070963441936 0.4539981380565764 0.49019263292568754 0.46762828092156283 0.4830096832839009 0.45471504481377023 0.47708553487122457 0.46283573952612467 0.5033730192256242 0.5270506830144798 0.5349351354576621 0.5229522649260435 0.5237574011710543 0.5116659441847737 0.48935997314847884 0.5344943000218517 0.5425073008387719 0.5667446348611488 0.5807379692983745 0.6137692427443115 0.5590934901108066 0.5464628363359034 0.5773364787112698 0.5759276712014577 0.5760185872520298 0.6124949616367369 0.6361616398685196 0.6336414771555583 0.6636313266676449 0.7100486778834135 0.7142688685570332 0.6563843908666972 0.6042463041465229 0.5622103814397523 0.5666348614238915 0.5579343946786566 0.5671024941632011 0.622279301666212 0.6402799455038544 0.6238077006634611 0.642697292608521 0.6106024394242895 0.5752735399003746
0.4474060073738923 0.4568748467507136 0.4339836818460021 0.4675682857152545 0.4271847098508526 0.46605726698412514 0.4511423325524956 0.4522878547946964 0.5227471827027641 0.5020903687911943 0.5348843302477329 0.5398665646674284 0.4997478446549354 0.5120454491882925 0.4803302611594255 0.5089478011466927 0.560029681834115 0.5644000305227987 0.6050580558920726 0.581786716149218 0.5729005578996643 0.5342342601879334 0.5242893263933178 0.5873800825748702 0.589601980233704 0.5964892937358376 0.6572018892851745 0.6997315510507685 0.7009450475858744 0.7114736763529794 0.7324534205948358 0.6728842639636716 0.5807208446046509 0.5553659080715396 0.5579401870169258 0.6028413748023028 0.6107817118360297 0.6358383110181137 0.6622525803076819 0.6511323271329496 0.6278885743756258 0.611356042993538 0.5598702130038906
0.4782087514585072 0.47287967879130755 0.4502598641243222 0.4406397299778709 0.4720975080406074 0.4750424779103901 0.4792154982554132 0.4716002938038189 0.5239125234990565 0.5002366215995614 0.4926166602976223 0.5193013100150476 0.4517173275102914 0.44317255647270637 0.5038225026139052 0.5281880082379877 0.5311156522715361 0.5643915302479657 0.5819243196587837 0.5456741299474345 0.5286748536138606 0.5576600641806815 0.5281166668272499 0.5494657908257735 0.5671747533120115 0.6408985838255308 0.6991396797900195 0.7040124997192513 0.6735410964087885 0.7105103349073085 0.6786971410976042 0.6592318350488994 0.5919774704326534 0.5900359565188049 0.5724449346602084 0.5779952155303841 0.5942216180861425 0.612173120266495 0.6212668351909605 0.648227406735995 0.6401257823845032 0.597111183079806 0.5665223877301189
0.4781122695827952 0.5021473678726094 0.4971522014024916 0.5023153216047487 0.4863639431915623 0.4798376563392314 0.5117849162882793 0.5051753611792573 0.49311027060000434 0.46621934699482387 0.5197645134782316 0.5011360607606151 0.44452700687263774 0.45570047905036426 0.4488222168806401 0.5060446036170462 0.507544339362374 0.5642193842310752 0.5681793373309705 0.5418791866407635 0.5390215708967003 0.5588681558234591 0.5910880040741988 0.5806614350343269 0.603792137645474 0.6374975596149882 0.6821797002546139 0.6874934582713732 0.6780230612515352 0.6820768791302765 0.647547097155716 0.6494623293177753 0.6265280017748031 0.5931004427891455 0.5766406868968437 0.5643722668084371 0.5881634151612087 0.6021169590464813 0.6156404482033977 0.6296360495058795 0.6098585513827821 0.5995190175752294 0.576314678419896
0.5187488764604272 0.4981237298911231 0.490370651824802 0.4767544366451406 0.5050697947278444 0.5121466070075027 0.5245074820070287 0.4883464159953903 0.47239980254462555 0.44956185696589857 0.4534150174680881 0.4547699519827092 0.42645552861607844 0.43814588588864095 0.42328615559810084 0.4858459854184179 0.47273680432472415 0.533245322839948 0.5391913512170952 0.5505070592955151 0.553709033221837 0.6132545659012661 0.6302638290449583 0.6144207767464529 0.6414004902765388 0.6443809734968531 0.6278880581486621 0.6386053077118681 0.6500784795998138 0.6478516272813738 0.6339331978443578 0.6282671489725113 0.5903670557573317 0.5719333809956114 0.5665811382873935 0.5836661112331976 0.5948738488743173 0.5892186139027458 0.5908030941420894 0.5401033646136343 0.565470229293113 0.5502974273982405 0.5665393387081089
0.5118911603698452 0.5141688535047598 0.5261404345951559 0.4927774873174476 0.48232007771859325 0.49896167742615677 0.4739372840978881 0.47087617779016466 0.4658498033534656 0.46917698456223855 0.4317435184959132 0.43237796679206186 0.46254415281278854 0.4545173408790166 0.4254077245136258 0.4597407500563767 0.46063189445821806 0.5126770811541554 0.5117618940093092 0.5660550288396013 0.5772860576504031 0.5797836346882576 0.6344647721448853 0.6428367643015311 0.6485213435770575 0.6118448270380394 0.6170532936513842 0.6383441194398576 0.5872342824827981 0.6270199611107024 0.6504705305300374 0.6129690647969424 0.5920935005227406 0.579870876947326 0.5628822888398586 0.6035943759831445 0.5749873262595403 0.5673297889724396 0.5210168255179268 0.5483647024486625 0.5262922850893013 0.5477949818576742 0.5920246328073067
