Raster_benchmarking/DGGS/continuous/raster-172.asc
NCOLS 100
NROWS 100
XLLCORNER 1743152.534660058
YLLCORNER 5469281.6092779795
CELLSIZE 10
NODATA_VALUE -9999
[rows 38 to 56 of 100, columns 0 to 42 of 100]
0.32258481411863305 0.3278710639273881 0.3139942310912001 0.30732966823091834 0.3649990599958767 0.34759183990807085 0.36293308022536946 0.3635621913607246 0.3915454783425386 0.4506655269982255 0.4670810738232863 0.3956792939070997 0.3656158566219886 0.3672116594269166 0.3500609081805859 0.3211648321848154 0.31914893255791876 0.29262223500269285 0.25860777903107784 0.2799848041928745 0.28062253760475286 0.27873215688512676 0.26691993081662113 0.21767323840309127 0.21376434149079476 0.17829492430005303 0.20992098135903436 0.21717074298722275 0.2552284770079988 0.26341902925914307 0.2773491728316555 0.31121377911290876 0.3063389853209237 0.33330844026182704 0.3147648409251799 0.3587435231449147 0.3325047328175245 0.3249266181941382 0.34915157440566663 0.2979047723423792 0.27011384953420037 0.27968471267049827 0.2357620280544647
0.26954958355318337 0.34685762957814537 0.3416492522096374 0.35404417672746763 0.3637842673450136 0.32927622766738673 0.3396660082222695 0.34877469401826405 0.411265287257125 0.4568191364199634 0.4449321325254324 0.39783373728444155 0.35105493300886714 0.356732218520985 0.36440167269953766 0.2907995250173782 0.2874351574932597 0.2513875059312837 0.25689795285404443 0.30098936746896565 0.30719652094058003 0.2820484241522928 0.2945117772022297 0.27426516324500166 0.18763285646828784 0.20833353142760508 0.19848646585666796 0.2210255724905638 0.2682340768425668 0.29944558310835956 0.32667555990324765 0.3224188593015675 0.33967348644026024 0.3131684688232862 0.2867355537070677 0.2928740457666138 0.2793146444096076 0.31596683593239955 0.3153761076359423 0.28789072960706935 0.30070737330349234 0.2819661950645485 0.2409397875152448
0.3460652204614236 0.3375278596653076 0.3625290656023874 0.3783441049735568 0.39771535522596624 0.34122225469873607 0.3826387500406621 0.3684373559774824 0.4214361254869746 0.4149603446947784 0.396512687345102 0.37468843575983846 0.3820762258819013 0.3578618594175718 0.32565549804663996 0.31338143748262476 0.27054560912366343 0.253614429676501 0.27847953479098925 0.29759074707696254 0.27359949626062346 0.2878399209888728 0.25598240708677017 0.27695119902826115 0.21331477159150597 0.23500564917501612 0.24730561256070238 0.2729325737646203 0.2524044183455891 0.2894199239712118 0.27564276787543684 0.27845210644187884 0.2938937523906268 0.2632751393638851 0.2880124680228418 0.28052409983653065 0.21969924531811305 0.24323479249358498 0.23642688759777164 0.27774915996563476 0.27801000688367156 0.2571055494596549 0.2661115347199704
0.37823695571601335 0.38451018398783543 0.4050124830599716 0.40039690317652216 0.39345229881654986 0.3555587332051472 0.37564046524414885 0.3576040767460767 0.43231701068615197 0.41964473052276885 0.3927302862998977 0.35582588261361736 0.3331033276623073 0.3445374451168443 0.2932409976138462 0.28846514317957406 0.30881830244257086 0.30677557651594684 0.274489684945902 0.2627145709882795 0.2459637293362629 0.23425368205231117 0.2561330433410018 0.22591787539227273 0.2543275601884404 0.25540258977026586 0.2613819581748395 0.26780751685634263 0.2858960832043652 0.25553464638298695 0.2891457865192712 0.2947153303697973 0.24854521764433954 0.2973483160137473 0.2929580318577419 0.22696394321989452 0.1951637099845351 0.24106096073666242 0.2345327943337981 0.2536739462391851 0.2450168721659692 0.29487815312813426 0.32066986299978123
0.39158365599478867 0.38412237109913344 0.3842705105082526 0.4245792137632483 0.444972575246931 0.39868643342149146 0.41272962559664944 0.37684788844650324 0.3974560735764314 0.36337312603632616 0.3502041169462439 0.37710330587147906 0.34751587180827204 0.30186435797632727 0.30198502134415744 0.32340327564819027 0.30014935575230783 0.2747550268860392 0.27559979424698544 0.2592736797091598 0.24138187945665954 0.24363524560291186 0.2591657894425794 0.23945657361842096 0.2325546374960033 0.24083382333815073 0.28239271493609547 0.29925654973277066 0.27381277224951595 0.25519662082581596 0.2755162243700866 0.25192221954494604 0.26010947539330576 0.2695829606149912 0.256833610810801 0.23749704820400108 0.20184679156802302 0.17267898425239225 0.1988361702386152 0.22705349857287768 0.21180281606773124 0.2358347596600738 0.22466821331762948
0.3938156875776674 0.44102278767997244 0.44146129010681295 0.4371632147615516 0.4600260924134242 0.4058769654607072 0.4012210297506238 0.3837827118300492 0.4023160571108189 0.35793503859127695 0.33497578597618827 0.32916696261205786 0.3304499039156691 0.333571502703282 0.30214514421349886 0.28727595592520005 0.3415754041479373 0.302480141145853 0.29605011096027106 0.274903575205304 0.32115366538520307 0.2618535689295427 0.2338029306131589 0.20864265781693284 0.1951327829431322 0.2512828683944106 0.28060374923368653 0.30604742515860495 0.25489896603273987 0.20001042900843466 0.19477298309223023 0.19496092826841296 0.19869604533467852 0.21985313857804611 0.265391567020326 0.19201516057881474 0.17737552821759692 0.1695551525719165 0.1906804790408032 0.20916309568692779 0.16138615217108024 0.2021625216251841 0.16971855801517374
0.444082042545875 0.4418331971636515 0.46743199947363634 0.4626634999613833 0.458657033722877 0.470056483475327 0.4606000892561634 0.3911680197434469 0.39507552385686695 0.31354661667837913 0.27840103711849606 0.2691991196473822 0.3152491138444304 0.3254761460846888 0.33723811385828406 0.29847432448776756 0.3157452667529487 0.29881504037485923 0.34358919416770356 0.32097688272435926 0.3021796581897581 0.25429407839969675 0.21632867155853064 0.20495449493765955 0.18415783286856935 0.223249572730022 0.23224093829480488 0.2764417457021358 0.2129110623479143 0.20262832952508872 0.2185201314659719 0.18229766278145768 0.16914321356949474 0.1967479811180612 0.2182932207917422 0.1743901791121942 0.18632246051997534 0.18132124239783878 0.17339343034936838 0.15676118615020804 0.1468712759053684 0.1782187557729446 0.18159455423126153
0.4047493102994059 0.41333621796754205 0.4594707060726613 0.46455830033372786 0.46587586248259044 0.4518472220745678 0.45971759068085 0.39594425777474046 0.3655869912382809 0.34477425307323856 0.26693542152591143 0.27796969174102937 0.26944676353423613 0.33120616403748915 0.3395922675105287 0.3274749970478967 0.30187233513186834 0.30499972977078094 0.34851707807033205 0.33954720552031253 0.29498122956220396 0.23358312706649137 0.22652446482465202 0.183125363401267 0.2182152614357495 0.22293493573951706 0.23249558404969986 0.1973171764931717 0.21716604250275817 0.17712618153184767 0.1946375602982024 0.22513156213393706 0.22003934941257083 0.1796993797071922 0.19593962294935657 0.18711523784174697 0.1306898864500909 0.17390486129773608 0.12643835953787716 0.15152285071082172 0.1491711604739496 0.15012246563976797 0.1350312342627614
0.37463687613697166 0.4424853616427684 0.44743159946529676 0.4193340300803334 0.42501587916184813 0.4609422912230474 0.3889140330355345 0.39599837819258404 0.33227328817034557 0.3356158826317786 0.2648180957260204 0.29054419531473824 0.3080223966420376 0.30766487546880744 0.2957216815590686 0.3003547317704905 0.3199025046222862 0.26986389752752066 0.2744474869414735 0.2939707536410021 0.2471696889651818 0.2575834361960722 0.2454272953128635 0.18233653050276122 0.19204171849528823 0.19429400575985725 0.16636337542551854 0.17668248275506682 0.1776189545485529 0.1740893147148573 0.199759663051817 0.18134422957100194 0.19372595021584102 0.1970312243134486 0.15959472040204958 0.13122899580152772 0.14126674395468236 0.16997335680059703 0.18334988702782895 0.1574704213437855 0.1911142612853368 0.17143593729368775 0.15940519382894616
0.38721357183508665 0.37989603741484684 0.4208247664213448 0.38710036958852134 0.4390694770873244 0.39521287638653896 0.35721870884634144 0.3579616665156565 0.32849536311263006 0.2700617150748588 0.2668849642028604 0.29073586529205175 0.31663769917038914 0.28762809268028 0.30172093526179417 0.2944555314293014 0.28645543029317627 0.23050988480039095 0.22165536757237755 0.2420698422715681 0.1935246584674644 0.20828226513910109 0.19422653078464683 0.18907124300563036 0.16419870079353183 0.21197136140674805 0.17107576083118115 0.17754265183691184 0.18779473268167898 0.19033348257112517 0.15435912334761553 0.1812690341274219 0.1881312949791421 0.16637656595233907 0.15163411398976692 0.11426597153427283 0.13401210120139218 0.1843633435174486 0.16707140970234272 0.16112552789411824 0.16829391247815245 0.1657042619951895 0.20186157941938898
0.38558477027729854 0.3580980318476135 0.38086651532031746 0.38322707752424 0.3504714461881037 0.3950035124321309 0.3668785777531806 0.3350420801617345 0.2694090429860208 0.24134563487669233 0.23706557695561015 0.28447113591170303 0.29072479948968444 0.28124369506304386 0.26900416710099284 0.26350785995059667 0.21368077870815685 0.19227563632150407 0.22864844871781798 0.21395753563107223 0.19935161251060468 0.19952146365265666 0.16681145191714075 0.17347925723803373 0.18536965047466125 0.2049439558679371 0.21027510702373375 0.1810743992315442 0.17777806485619 0.20912022174042594 0.23610161463383036 0.2096926541647452 0.15415347048064637 0.1635178806356465 0.12510361550803606 0.16188754031575583 0.1269981521898573 0.17445972811089006 0.18489890137155113 0.17726801892738636 0.15941967512604124 0.1940804595143511 0.18107882828453487
0.34685000767290713 0.34020322004496967 0.33568597654395066 0.31147943227996 0.30774413810052176 0.3214855032577552 0.36328254003308175 0.31416201626646756 0.251051189855563 0.24275424426215106 0.2326232843145157 0.2537614614262694 0.22692854708692606 0.25974733672982286 0.25364274908210904 0.21111970956995582 0.17347370006192825 0.17445802905166122 0.20523368961169752 0.19123826631420807 0.1553837071298159 0.1778559104805078 0.18026823049822097 0.1834681601520021 0.18583977595413848 0.2167240279985851 0.22217178483445496 0.1788415261246599 0.18841018159626838 0.2195836283641166 0.2477181159139122 0.1984748283668558 0.1424405612996482 0.13729391861374926 0.12670162188476794 0.1317399194805484 0.12452894306814191 0.15688522051958845 0.21291230834869823 0.17042534286263164 0.15626347443977145 0.20533976023918082 0.17965829557109628
0.3140201203931334 0.3233213221684345 0.3307981289793439 0.3337638923817191 0.3145838907660427 0.30488585516194794 0.2991595051060361 0.2836537116277091 0.24399148944054497 0.22287286087680827 0.21745956171401293 0.2263668646199406 0.26862900259482103 0.2763466723689666 0.22978270083676963 0.20652726889346312 0.13919196415764568 0.13363007984704386 0.14800336916117635 0.1842824786357584 0.1815472268696677 0.18441892968221857 0.17961513397818651 0.1710373098140658 0.1815107125983737 0.1905626135241541 0.23667962744763169 0.24158609909976353 0.22965730348659052 0.20669931141026374 0.1916477509442465 0.1939648453486284 0.13073018991800742 0.1453373261693358 0.11716243064425483 0.12292831130692243 0.14622823652926537 0.1943913271728624 0.2044866528653576 0.15769986770096442 0.17306609188907532 0.20522065785832536 0.2191981342236404
0.29960635909791383 0.2871993669725384 0.3129695151384889 0.3195959143008761 0.29001020400772126 0.25292683165767327 0.22638092336531773 0.21528411452556354 0.23769572765712724 0.2697443708163081 0.27942035064000675 0.28546143172553345 0.26316552736905 0.2524454938525434 0.2551340127260776 0.2056304569069602 0.13966825906118063 0.12055192724349667 0.11508453208381973 0.14840074246927829 0.17508374773246185 0.16943265367173763 0.12786464962923583 0.14262003614194751 0.1786112858794978 0.16500521092046933 0.2090084094927552 0.1837266217212021 0.22295217299405853 0.23365056701885412 0.21968534673028653 0.15802356597823064 0.1055984764649537 0.08282851801508663 0.08233733489973029 0.13609146843910333 0.1555532666198668 0.17959823051399315 0.1639296642694106 0.1739137152375841 0.16626842459471014 0.1954582700151392 0.23019914279682632
0.2589871896746594 0.30662180395119704 0.32165843495804775 0.28947204683116745 0.27320146674875057 0.26516884026347254 0.24478024606330104 0.20112500926664587 0.21255086672716117 0.21621488671174993 0.26461495152099274 0.25757000065602076 0.21912433713807714 0.23896396828355432 0.19591952309931437 0.1696437257413708 0.15650194928572495 0.12521159040577984 0.07970949933978697 0.10180098326825948 0.09027772152038796 0.09731325914506836 0.09461593700357403 0.15700258775731474 0.14033430153524384 0.17569924237706913 0.18447241729942346 0.16658582012466228 0.19916578653036252 0.18676247134635168 0.18431212664658939 0.14806970529457086 0.09372350540980398 0.08867750065556852 0.13260973112226443 0.1689240420118321 0.14215473307060678 0.1505310382676055 0.1192497002617214 0.16950671940393752 0.16296978840153298 0.20526635072904548 0.1883051444066168
0.2874554564836653 0.26848660273383357 0.30561691512743133 0.2716287491083893 0.29661587343819307 0.2491696338970655 0.22800654688739902 0.20756548207380204 0.14158860605894652 0.14528945194530404 0.18753536271920015 0.21966325700092165 0.19604706946115438 0.21337638508219373 0.21128538259714463 0.14315547254995942 0.10879538438991346 0.1398783362738698 0.09470836964856921 0.07315943932922582 0.0765324825163449 0.05963036743346939 0.09110163945414823 0.12282332256992859 0.16645848462631146 0.1546524185863316 0.1484020945527874 0.17333827548274 0.138821613145301 0.12654578641726102 0.1036067819566727 0.09705537502844176 0.11486373932416477 0.1126738882365131 0.15202346749549425 0.17707406500783637 0.16726976032889435 0.15391919093067846 0.10323505436016943 0.13468389082114976 0.1895593284286382 0.16040128801608367 0.15843443860650155
0.28799578675164744 0.2684543242518761 0.2838665032331135 0.2506542958291618 0.240195223547735 0.1789811151070079 0.15056630977779475 0.17636933223001516 0.16840624321228476 0.13405258803124637 0.1788699909678695 0.1542938933892034 0.17009105842778655 0.181352992825781 0.15721732550577366 0.13925786404035825 0.13031739360702485 0.10500673114657262 0.11048048548517755 0.05704331508642287 0.06981065874662457 0.09099460469262548 0.10909479587095092 0.06631682754627867 0.13390622301392527 0.13202630259781192 0.1486740949299035 0.11304250573687849 0.14072696838475252 0.11431898453562257 0.14414924036157337 0.13805410086092398 0.1616684462713612 0.1829280814271626 0.18100944823176704 0.1777693553379499 0.12356336595852412 0.13055012872061086 0.10734254096421803 0.16587240545469895 0.16227738406126724 0.18009036547231 0.15082502866116232
0.2593884897816893 0.23573551646209304 0.25084136787410516 0.2471259422665531 0.18722718008132588 0.15623501279751748 0.12425961247961373 0.16571039362304552 0.12467145268078218 0.1351354987533348 0.1541146138883468 0.17846293559544749 0.19798407947534746 0.19052770567330052 0.15113795630997034 0.12006132006136407 0.11566413024347638 0.07980909903180933 0.07179279196915851 0.08859836056773214 0.10446730582488907 0.1063427968595863 0.06695383933311877 0.05366050977802257 0.05590091992744928 0.10419508863671009 0.09796837663228981 0.12620468121339756 0.11176450089084154 0.1421471586618102 0.14605923128260626 0.18770012685569504 0.2125951437042143 0.20739306140887612 0.17831325814044896 0.1936674290040582 0.12784218049061685 0.17369526677607613 0.1283519407695661 0.16113108368386633 0.14315972211678202 0.17700309727174318 0.17180307412853443
0.2695377680666133 0.2571160519819009 0.2604914455127214 0.2240327761167178 0.23277149361069902 0.1579325015542903 0.16054018765991052 0.13029376797750422 0.14990363027717277 0.15983800535962872 0.14426703870745272 0.15636965998092744 0.14656410200607717 0.12218517891245172 0.09592308476143173 0.14084669722821938 0.13276021129633608 0.11714808568833396 0.06969841470537626 0.04919279527794582 0.06499589698171224 0.06957557807329144 0.06131284572929199 0.08935672648369788 0.10421308653654657 0.10031639575353407 0.08184105611742164 0.10138130871261287 0.1507915562514981 0.13328148506560017 0.17411657489717167 0.1725830379240243 0.1688032866109062 0.20887519228612791 0.18188642951571196 0.20211517558507344 0.21947537868800676 0.19631512947452162 0.17550639777062735 0.20283254987103697 0.19052695646996023 0.22537333976966223 0.21156277712642652
