Raster_benchmarking/DGGS/continuous/raster-422.asc
NCOLS 100
NROWS 100
XLLCORNER 1743165.6392706546
YLLCORNER 5469295.542869519
CELLSIZE 10
NODATA_VALUE -9999
[rows 38 to 56 of 100, columns 43 to 85 of 100]
0.5242949708753665 0.5559859552556824 0.5756550426464995 0.5854215947254376 0.5455287583654753 0.5391030766399979 0.5171508206847816 0.510667217015846 0.5011651333780947 0.5142761354809129 0.5278432674395044 0.5387800471253787 0.5361342460205442 0.5615291569356378 0.5925760244543757 0.5721339147292419 0.5733950941519675 0.5757834992335453 0.5664968338026375 0.55908633456861 0.5744812585776479 0.5882069004641216 0.5978308590371071 0.5750356412968465 0.564059427683453 0.5322583590630804 0.5114517771602095 0.5046135381768995 0.5200286160510986 0.48817932462520497 0.49774365492346195 0.4990606274146915 0.4966831388984161 0.541586623069536 0.541424695942797 0.5197061034316431 0.5414909123144707 0.5519680010403758 0.5122638675528655 0.5470124534230406 0.5271164770384384 0.5541382797084311 0.5977918096883429
0.5242209159851551 0.5164578263415505 0.5296168956983309 0.5690743655867001 0.5270822688437058 0.5137078417740982 0.474601038290977 0.4700087973063421 0.5192585383493372 0.5000576013743617 0.5181564442331847 0.4921466269959945 0.5038777702120166 0.5516064939212995 0.5826945855803702 0.590288207360611 0.5497541276249965 0.5435293235440514 0.546230416221181 0.5317406851295832 0.5330911675606929 0.581976451435021 0.5599793086220151 0.5854885222530227 0.5701693879826235 0.5094675981603315 0.5285778894373613 0.5279107739492895 0.5274380997589245 0.5214891709494022 0.483419859660071 0.48454647068371154 0.5242216061198102 0.5410358998748197 0.5164041449944753 0.4833470106377313 0.5145529690868638 0.50934752200829 0.538032036487575 0.5583590291958284 0.5868343921050659 0.5884718703290188 0.6246504147650922
0.5304756575634603 0.5292153166221308 0.5294011337815395 0.5474237764393276 0.5212879105444794 0.4968983100104444 0.48970643340076037 0.47866358867297143 0.5152954129103324 0.5259886340201508 0.49850214258363695 0.4931615985453926 0.4972416453488647 0.49901753349113825 0.5210817269911068 0.5313080290221285 0.5635752972360121 0.525680009398237 0.5343666136564263 0.5406471984548952 0.5320407315093156 0.5447792745438813 0.5607593073947879 0.5588139254861437 0.5602968969212894 0.5014576217256599 0.4822036004795154 0.47828384205656826 0.5089825826086023 0.5279241840808341 0.522462679344598 0.5246294777461231 0.5361658690331483 0.5298021293420332 0.4987501532872057 0.5014057168113466 0.5230448957528323 0.522730741823247 0.5403529027830786 0.578521422576849 0.6120508700435628 0.5971267820687767 0.632289421555383
0.5099911757098505 0.5388448581298142 0.5005770847411032 0.4895340831247182 0.46983091382481273 0.5004024825024226 0.5189082678232204 0.5115046861358312 0.5269734170427841 0.5071531246998472 0.5051640526614459 0.47875175624634253 0.5001668295878527 0.5026463233995083 0.5031825186636844 0.5226480375109223 0.5514148516646908 0.5427571311621033 0.5230476040290808 0.5133993284210348 0.5207340405859728 0.5516282574598877 0.5258099996876323 0.5564564591655323 0.528620633974348 0.4952260456325318 0.49592394026829195 0.4785536481609952 0.49150698167162704 0.497186011037293 0.5153243713133079 0.5410656284052924 0.5528860837237459 0.532503447924838 0.4991600751805476 0.5103450451617851 0.5118945574284908 0.5411121516492267 0.5543183751301901 0.5604615130404119 0.6173926828638083 0.6467302419200637 0.641489568247046
0.47798686900793225 0.4972850099522805 0.5083635731940266 0.48757176288923976 0.4615701311281265 0.5044326416499425 0.4997449828971679 0.512352200730108 0.4964580443143954 0.46460985757952206 0.4698811987714218 0.4580725054498688 0.4652625072946725 0.4747848312912933 0.484071911544968 0.5096812329578905 0.5229873347909613 0.5047994802537658 0.5239115531416298 0.4883912559711177 0.5044559790049263 0.5327974047348201 0.503447623930747 0.5174572287406121 0.4980247674981243 0.4959356847500706 0.4722936734593515 0.4829222129161236 0.5159590807460327 0.5189343163822401 0.5393220528489355 0.5590679097596026 0.5414451835240536 0.5333680395166207 0.5301182699938848 0.5149928592878764 0.49994794435919643 0.5485925543236216 0.5790287105442904 0.5692406422107231 0.6105984426228492 0.6223268949290861 0.6678705705623594
0.450417603093891 0.4614509746052585 0.4942812327399087 0.462333964615941 0.4618795331571722 0.47267275930156405 0.5241220946142066 0.5264244816436515 0.4920307150789845 0.476453159510225 0.4663680604691547 0.4670221039849163 0.49235066685356904 0.4592653525673135 0.4657712654680033 0.4925403919393368 0.5327860093239614 0.5133558827307454 0.5036051626862922 0.462945196019888 0.46921172497172825 0.49642921557159597 0.4624426821304273 0.465987358804549 0.49226195075628704 0.49645270925866636 0.4772916751298188 0.5058886535210619 0.5396362726929974 0.5189960181102724 0.552874051551088 0.5611913601828419 0.5527706313110561 0.4958545729501966 0.5102683689521667 0.49212953659276454 0.5228266292416711 0.5234746828230883 0.5959164941379906 0.6118171518311847 0.6246465693181099 0.6282795068541278 0.6350654927553979
0.42182441507167834 0.44941069941099404 0.4731509445379006 0.46870282627455734 0.5094103011086007 0.5152534234156776 0.5361910625470622 0.549314410473621 0.5421905517224015 0.49569472484338556 0.5008453367545389 0.48433442772976326 0.49399274712661845 0.507673458144602 0.5138387413015544 0.5182077322735152 0.5211317796957582 0.4970676503202156 0.5007047092922798 0.4798017423848598 0.45433726992044554 0.44989555092902384 0.4693324030565716 0.48497715759105503 0.470489630463724 0.4919025745697438 0.4958103963999811 0.5210620265076763 0.552792602124805 0.5469003932201294 0.554360839751056 0.5376335404437231 0.5280687309612694 0.5183069574074842 0.5129127653889041 0.5094679936812746 0.5376805166936888 0.5467569604954864 0.5760188543008076 0.6071948459659854 0.6415486180805894 0.6417785468783185 0.6406279997929273
0.4205003554695502 0.41937014326361166 0.47175794106078983 0.5072865291224852 0.5209939879215136 0.5095179907343774 0.5468544342618838 0.5641501032543932 0.5357583615939361 0.5425670728553387 0.5341419627013447 0.5174056195783344 0.5184605450759081 0.510097742758833 0.5215790737771987 0.5253574504330962 0.48558081605907155 0.4856097803927606 0.4559910667826042 0.4486885651120018 0.4251972616098605 0.44017282511126893 0.4459046053297674 0.46171229609117426 0.46036253429344526 0.4986736865735097 0.5343240883098451 0.5671008480295681 0.5851753035911086 0.5694693556865524 0.5449392891904146 0.5485436581405178 0.5542424007014326 0.5118652376446546 0.5284960640416132 0.5286792945961845 0.5768570929428138 0.604608232671725 0.632402596778006 0.6383957902666599 0.6385520553023757 0.6496838410278166 0.6342309696735029
0.40354427335514365 0.41115488901431413 0.463562753952155 0.5197299962979972 0.5344851604063359 0.5390018263208725 0.5275332322720857 0.5347965318371396 0.5375589498779553 0.5451196941453624 0.49986740890568204 0.49784469860350206 0.5092379962508895 0.5096180233719695 0.5171017273770219 0.47887499211372275 0.4814741372720721 0.47834308974487566 0.44535526138772935 0.4383776118658941 0.4355040585989007 0.42596873768720867 0.4492116807180763 0.4714491984204234 0.46150278817846674 0.47716017398172156 0.5339212673827278 0.5595337912516692 0.5814457518768528 0.5841886523868063 0.5598239734833003 0.5675201006665724 0.535396439565721 0.521081062858454 0.5606867973835179 0.5890534067287743 0.5894127711419345 0.5958823987033232 0.6266226965512139 0.6233598817809174 0.6413978461494916 0.6282943798131774 0.6524378919812894
0.42710829981014153 0.4358039975491002 0.44908680059410294 0.48246981041008813 0.5208613002997372 0.552289245449931 0.5801825560130179 0.5702130653273837 0.5609503273229769 0.5300431502935382 0.521597580652514 0.4620568380779043 0.49826515244000513 0.5080947857532205 0.48809759816549914 0.47220591404121576 0.4688726371521923 0.4634335441936577 0.4885712779533182 0.4781878812952744 0.46221243747973767 0.4361104490176667 0.4575869083125226 0.4696534342436821 0.49607075291036096 0.496522001831419 0.5226806744985648 0.5629892306544544 0.5912888144193029 0.5680219135143886 0.5457094981938767 0.5337462981296053 0.5645545421663716 0.5379871656221199 0.592997800376383 0.6027675698933439 0.6258243877366867 0.6184407557982086 0.6389720179108891 0.6429816238662014 0.632438008779691 0.6542658654690345 0.6910385746889522
0.467043752868751 0.46909897495018743 0.5032906503760926 0.5413042061645594 0.5396805757184956 0.5352429325246411 0.5756077064994755 0.5696468466231683 0.5800884752107672 0.529483210174342 0.5178505624967068 0.5059543026689696 0.5210128450878604 0.5206437266854899 0.484350224612189 0.49273229346511666 0.49050694536706063 0.5052076001247766 0.47922357380796243 0.4736262401727227 0.4952439504041335 0.5003711456399926 0.4995488667875354 0.502221494249814 0.5111656832885441 0.5156729256714835 0.5560162066781962 0.5825702485895751 0.5721741830190965 0.5663551843850378 0.5616384325716329 0.5398479403021369 0.5569661665960853 0.5936407377059434 0.6017949899358221 0.6136016344354827 0.6146527958272688 0.6588339971693944 0.6510637155866321 0.623336536113957 0.6485236331705655 0.6419498435459843 0.6856987509585438
0.5091828531969663 0.5640806715405671 0.5771198907099409 0.5869264345608762 0.551706249806711 0.5356829489556796 0.5604070945557559 0.6007045396719358 0.5858784385938037 0.562447184541703 0.5452629493402608 0.5475380482835353 0.5379720127918891 0.5229244229163843 0.5214969497605298 0.5296066916211253 0.5068152955201819 0.5301733935216487 0.49327111879452856 0.5128729661013343 0.5157900867709437 0.48981847663074796 0.5246022940856189 0.5627862969358925 0.5618784134944215 0.5564017651505291 0.5905313933204929 0.5950612948101945 0.5736074957609157 0.59175667705662 0.5418607524714341 0.536433787702191 0.5732900730810357 0.6025903500069014 0.6076509652682353 0.6048188874066542 0.6443274859195495 0.6602247090065658 0.6661099671609694 0.6385199919706135 0.6262237337431543 0.6369622303148976 0.6485475221671166
0.5671051933090686 0.5745583014848018 0.5950435011694978 0.5952547938018288 0.600373894046017 0.5571629665020408 0.5553479244291532 0.6012943707095787 0.6088455920901803 0.5720264866060022 0.5792003195683358 0.57932378974968 0.5399384504813157 0.5426707863270606 0.5292127827701366 0.5530229616661885 0.5412618547897169 0.5563571355156045 0.5323224666735873 0.5098505570144193 0.5151413946280987 0.5038879108817049 0.5305775443329669 0.5644060757145785 0.5654605685619066 0.6030876128955884 0.6060110908032748 0.6318363175020656 0.5968506802217957 0.6142589199388301 0.5656913012680826 0.5379883513870777 0.5811111401192165 0.6154676450753802 0.622556100312807 0.6175367852389464 0.6197026485771332 0.6373614462994805 0.6472704804809888 0.6323090815291388 0.6524549743931914 0.6398013535853894 0.6517524920029618
0.583670300581387 0.5932375841052244 0.6305310028439023 0.6249807427886045 0.5987789025749595 0.5665654555284578 0.6086969550476097 0.6076187241440324 0.5899537206144434 0.6050177920061756 0.585938636715829 0.5792959159138068 0.5409723864265711 0.5668691495583702 0.5608249475347921 0.5213132332058702 0.516157335887697 0.5296469171916675 0.5651402422107115 0.5303829803518293 0.5435338849166714 0.5445454308003603 0.5900778902752 0.5922384210677102 0.6266427483022073 0.6233540913037162 0.6111444099704418 0.6365136975054764 0.6321857221802011 0.6156753262791178 0.5521372994622364 0.5493001587379935 0.5556261364114301 0.60056315753959 0.6172885456218108 0.6230572614022057 0.6268342792158379 0.6719988764581479 0.6342893257798894 0.6491590579034419 0.6437706340542372 0.6660972930950118 0.678671814303329
0.6047495327971043 0.6139438988320234 0.6413233563206829 0.6378170286079284 0.604419834967336 0.6271082868727856 0.6279678491069469 0.6187626252657527 0.6292361998555319 0.6348448842216128 0.5927727036716772 0.5874435678876332 0.5612953497326241 0.5575394826776784 0.5598382103681121 0.5677490196810885 0.5608770568329048 0.5543237889813233 0.5841498502390323 0.5776397551776327 0.5808658258024308 0.5915551267038347 0.6085131561165761 0.6096379557557509 0.6460333004705029 0.6508087763134324 0.6337617429925807 0.6122629851689453 0.6091819916730211 0.5871110367526958 0.5529062888239658 0.5554359497419432 0.5759556638674815 0.6007483434414216 0.6077414507813346 0.6215885928359923 0.6587372841214276 0.6324093101798469 0.6342427429452964 0.6448219174907344 0.6340400386924766 0.6539512281995302 0.6363143634329463
0.6216840302761911 0.6449325565669629 0.6498109033674017 0.6412848715052836 0.6485161726549505 0.6565805221247789 0.660165056756223 0.6534823765100886 0.6075015505251223 0.6202897885101106 0.6287556260134237 0.6114690150119793 0.5813905212399396 0.5538563717467193 0.5953095675607514 0.5984004687179827 0.6013387717360255 0.6075718143326572 0.5881133706076157 0.5987955864653671 0.5939807411265685 0.6517735492432563 0.6731066498796487 0.6594177786903487 0.6436570162421722 0.6306098500315588 0.6344725480492297 0.6209239972567375 0.5920427427048295 0.5712367501666619 0.5796381593963336 0.5625438006621408 0.5630480169581762 0.5692649724589138 0.6037064272687499 0.609612933242755 0.6423703129731577 0.6348414563277224 0.5976177813718851 0.602718455969151 0.6161775207438158 0.611670017754276 0.6199639050881882
0.6344920190682504 0.6454860151831132 0.6619817928066156 0.6685260800199446 0.6666350190636019 0.6509999458551515 0.6809609870593454 0.6380564840382468 0.6176380623067348 0.6016402371284334 0.6069379288039397 0.6177146959194639 0.6349849581654314 0.6214511812828152 0.5805073081147294 0.6106017165247614 0.6016542969381049 0.629147287786959 0.6575512346016749 0.6246871321013282 0.6348578393802341 0.6490643555188571 0.6828955272240805 0.6751493200191894 0.6706429180916819 0.6474901710007237 0.6600709368500485 0.6683062064566444 0.6318163575338548 0.5791907440378505 0.5642253468977639 0.5908964961223067 0.5757250190607069 0.5628849803764897 0.5908488630100747 0.5973209019763258 0.6213076805073057 0.626494189872952 0.5814732260831058 0.5563570398244422 0.5664791127530991 0.5871808884312419 0.6045963938161291
0.6665760069977259 0.6733507276966764 0.6853755080402654 0.6638611150410821 0.6563171944656389 0.6893247375693036 0.6814614281680949 0.6320144166847428 0.6222115638699529 0.6201742147994131 0.6281510121075862 0.6425521988789547 0.6698008682312006 0.6369636206478202 0.6158709240839432 0.6124241760433456 0.6304779882970741 0.6724609098517869 0.6594021135754372 0.6580299529928645 0.6891663551338747 0.7076383140659398 0.6823989029989412 0.727064633973055 0.6950253845706792 0.6593536940491668 0.6770316950937267 0.6689853904264063 0.668188521176914 0.6234548508018117 0.5732086810636668 0.5838079851722234 0.5942152640319588 0.5829533897426924 0.6102350698092391 0.6322564913404705 0.6325953748849376 0.5975616438804233 0.5517555894578188 0.5435090172770922 0.5535056175424173 0.5341516911077985 0.5545702265815016
0.6537360305367989 0.6327707689013554 0.6509464611070498 0.6513790238843066 0.6689404840909519 0.6997211453138489 0.6846757226045922 0.692404274594736 0.666366141538077 0.6415316231727415 0.6795919579082523 0.6879055371589413 0.6972948594210615 0.6673249294969986 0.6710161388524598 0.650624867849766 0.6705617922104941 0.6906004523928738 0.6987010918871055 0.6883524341344112 0.6846951698026025 0.7155448098227736 0.7015145135397376 0.7315946250136846 0.7087212449679708 0.6824343540232921 0.6919722979215277 0.7073482934313463 0.6855887312887777 0.6401542646700207 0.6052261715804073 0.5758090533901491 0.5945493688221992 0.6099694561263423 0.5767768942621421 0.5989707470225458 0.5913110362042217 0.5926342115427441 0.5670813098597273 0.5327891669389907 0.5197331377216811 0.5339026587062354 0.540475551365802
