Raster_benchmarking/DGGS/continuous/raster-432.asc
NCOLS 100
NROWS 100
XLLCORNER 1743160.183559737
YLLCORNER 5469282.467990084
CELLSIZE 10
NODATA_VALUE -9999
[rows 19 to 37 of 100, columns 0 to 42 of 100]
0.5464007829810301 0.5880274111132403 0.601091800816578 0.6209781561217934 0.6168503531776819 0.6259978839155872 0.6246994546420993 0.607313123076202 0.6086614721237713 0.6239104413831043 0.5631236097517568 0.5589833031351114 0.532944350405661 0.4653373010190555 0.44569720447189454 0.4775981266404179 0.4783302991561916 0.48612887394378346 0.4472862698758872 0.44417747146158476 0.45676428734576874 0.44417812117032357 0.4487891478418291 0.45848916681920293 0.47220363246075425 0.4516324900557881 0.4194701963204505 0.45425926041575393 0.4710167480609242 0.47188849478098044 0.49580111833885204 0.4842021927767959 0.5008392821024964 0.4885959655990737 0.49235766854894825 0.4661668406409004 0.5257201258283414 0.5496210619715955 0.5559047080922457 0.5389924073197468 0.4964286620098956 0.49111179653341414 0.48589946842400733
0.5906792514600708 0.6129145643373695 0.6692211751326335 0.6285962236859801 0.645969628413766 0.6493716082063691 0.601894396675539 0.5752974122486567 0.6218207268297932 0.6139212249319704 0.5623817707266978 0.5701488563721363 0.5375028424407144 0.4850078518682259 0.44024475904733 0.502635512886508 0.5117580811689404 0.5016588105630833 0.4684402436695365 0.47632180854516226 0.43567000490405244 0.4576824133562717 0.4830436756488126 0.47319198402711704 0.46640948350470435 0.42250770437341684 0.41802975437255707 0.43185121914177393 0.4572738564309888 0.4693972940605097 0.4384678852101747 0.4848561033125962 0.5201865038665957 0.47316522009244183 0.48108113627018906 0.5090149872420685 0.49297572152402575 0.5434749050186483 0.6026511982079872 0.5398407644445586 0.5160938778062164 0.5032376914423325 0.4821846407894672
0.6516674239565247 0.6641801661056742 0.6589461295513083 0.6191055253070806 0.630806339440634 0.6322822637178315 0.6123054489482332 0.5663057504274169 0.5759908488625529 0.5717486235817995 0.5724097942221598 0.5194953527340526 0.5342750834011616 0.4941190117916205 0.5040702857344618 0.49436660912960256 0.49763222169442306 0.4732183754636164 0.44541095647751006 0.4512893970508082 0.47281277268482386 0.44619996981204746 0.43740769978667843 0.4467285340369263 0.4428261961089602 0.44103649168187675 0.4513855131874483 0.4754322565013425 0.49998664901125045 0.4700699039319285 0.4560061845642968 0.5102418201363834 0.5194045581808201 0.5089285180368562 0.5158234087265707 0.5370218086221846 0.5680669020352809 0.5654812158810087 0.5628261115854114 0.5809760263362826 0.5794676389725797 0.5326243380616967 0.503472011802537
0.6602304778280704 0.6863282393211566 0.6542501092715285 0.6307288260987599 0.6024207973411903 0.6259427011661357 0.5976618148968862 0.6017666069368386 0.5420262068670013 0.5596018976096395 0.5522575747049346 0.5319060750987843 0.5278437525975209 0.5170174703001782 0.5264338334555845 0.5423267158969006 0.54534600287733 0.5018841712546651 0.47186017393325574 0.4709520500387939 0.4975122666025011 0.4901623689928952 0.4305051131738077 0.4387449969236383 0.43748903757050656 0.46224513482259905 0.48307155383374434 0.4814577656311692 0.5367879778116686 0.49750859180286156 0.5054972590316915 0.4961784053643549 0.5343155369779315 0.515243477515194 0.5050425180419027 0.530844607412622 0.5664668418189397 0.594639577073403 0.5988557660599853 0.5968549649347953 0.6328765844480958 0.5882054329911424 0.6050559677770978
0.6604605611008586 0.6576593952851935 0.6704324262291484 0.6597799773515928 0.6380537258269757 0.6049765811622353 0.6040506988138026 0.5991626848113539 0.5695989193631373 0.5801635653493501 0.565096331105425 0.5332768134891537 0.5109299654662537 0.5254177002601055 0.5345931643660667 0.5655665746519399 0.5655613222854644 0.5102923303341977 0.5113288576382905 0.4787748021675871 0.5269058458527901 0.5122972681923625 0.48103691561704065 0.4512476385233714 0.47703139761457836 0.5111897928029675 0.5022777874376062 0.508923991740289 0.5255628120866386 0.5159619226213757 0.548576331699167 0.5310995365458392 0.5741855695500916 0.5388179277788382 0.5160960225959379 0.5345258647194393 0.5685718642020395 0.6117729049677478 0.6142323920559923 0.6210310069798648 0.6535409966518437 0.6364872449163604 0.59406337969466
0.6699867057185268 0.7101667039543612 0.6966572213994447 0.6850263803946649 0.6346082907483892 0.6168723818265912 0.5897586064112058 0.6031557011288461 0.5905275462205345 0.5688039183453688 0.555940875735408 0.5717199026843836 0.5382071817820913 0.5591903309563653 0.5876733576210463 0.5885265646190171 0.5400351157933254 0.4972657216954591 0.5065258973546026 0.5009130757977007 0.5489180604211249 0.5208032497255942 0.474438863473286 0.4695788561960267 0.4890800245396259 0.5040874056525839 0.563165869435556 0.5329434590459171 0.5495179924463427 0.5227061220379909 0.5591846993011648 0.5834028575941823 0.5797711640692378 0.5471792888371982 0.5591457817055893 0.5581385608541896 0.6016122829418163 0.6556547686611206 0.6982139982688713 0.6249697425047247 0.6358268841149197 0.6546115065985282 0.624862743284085
0.7044046743999933 0.7346413132812374 0.7255013192579667 0.7101165641120004 0.6797619148241397 0.6199312382074221 0.5936566594364546 0.6074921012191157 0.6015111213948445 0.5918063437450805 0.6192203944919377 0.602327443352765 0.5689877451250822 0.6089409240807888 0.6067960662223597 0.5878885686920706 0.5909971290142056 0.5303928752610789 0.5246890393075466 0.5615481292286717 0.5897925841373433 0.5712486408513956 0.526089831417998 0.5209110959433124 0.5492344503002616 0.5535290821357226 0.5768298188618809 0.566007806139672 0.5832236084733379 0.5445962281530056 0.5675807211436203 0.56583599980139 0.560069584139679 0.5846286749641038 0.5971384829468611 0.6054787866707589 0.6320205717529317 0.6547841082404007 0.6786077107389262 0.6558875031308083 0.6447333188246919 0.6238195853294277 0.5970150401289211
0.6974194113192815 0.7474434695467341 0.7639070998116315 0.7311162492593308 0.6774953731069155 0.6370186737653445 0.6247272688715317 0.6217522119743667 0.6109144148703753 0.6392506104517228 0.6362617282640287 0.6490665482470364 0.6204676632151457 0.5969540474409928 0.609705863252349 0.631167715707799 0.5958879524566513 0.5966660691396217 0.5561969390389909 0.5599454809272606 0.6099402315597007 0.5611818603442557 0.5610132818589815 0.5795598282020054 0.5746301280485631 0.5566346839002767 0.6068285787207077 0.6045066882997713 0.6056071934947944 0.5741936246516399 0.5171753182283664 0.5134097743690457 0.5292327358189703 0.5817476908032168 0.6010036503583069 0.5854543770582221 0.6460960081500156 0.6770059681013446 0.7000445388076479 0.6344254160977524 0.6423814021549417 0.6130194214055128 0.6043621571122076
0.7475025323212118 0.7674657844734618 0.8006063037099425 0.7463245542566531 0.7155428912641094 0.6714677110924258 0.6613727280338095 0.6443055481583575 0.64138188487339 0.6578467146162397 0.6964900954814792 0.6650721148486719 0.6373462682169658 0.6510195125868827 0.6424888858636862 0.6341355615164257 0.6333687212242216 0.6271675747444716 0.6045659062852058 0.6142904185892557 0.6080128993216485 0.6096340675158144 0.6184708282321858 0.5938960106816741 0.6052954382312441 0.5966473058213667 0.6280317584233197 0.5967513369720503 0.6076439631216788 0.5811176839798979 0.5161524153047903 0.5139696841690501 0.5679073159658187 0.5604894529415788 0.6037679362985835 0.590524105395763 0.6542226422698549 0.6644911755090094 0.6733664142533904 0.6528652470254601 0.6347212076809642 0.6191747271322566 0.5777973087068775
0.8208476846103067 0.8150582539697606 0.8163942154350717 0.7553781921267262 0.7594474249668877 0.7397829129652166 0.6996425069540909 0.6478639232533717 0.6585484986830203 0.7230476986021589 0.7530081603301162 0.7076739646364633 0.6937187675580012 0.7074414999628817 0.697019384850232 0.6546081899770452 0.6473767456666725 0.6728390801883062 0.6326996995477404 0.6483742266095478 0.6246711037875844 0.6134242094688582 0.6534032425379896 0.6092818215256032 0.6063986492714485 0.5993399040607025 0.6210565186278298 0.5852741187963677 0.6057227977161075 0.5384495948819713 0.5177618103731338 0.524137447574772 0.5885341142438235 0.6026900568074084 0.5714405877015445 0.6101110869058389 0.6262952856765351 0.6708312240221999 0.7047645805188563 0.6874094114501659 0.636952869857189 0.6105328528268759 0.5800520079530654
0.7857238914136699 0.8026087523654186 0.7643880700543912 0.7529265114697681 0.755848473864655 0.7475083569352081 0.7400901211398927 0.6874309509298757 0.7089925618232706 0.7425857745770152 0.7834464032886743 0.7666816922414196 0.7314745554913575 0.7237202313702773 0.7285840663193319 0.6923980808482515 0.7005728364472855 0.6799086744593008 0.6902323863931641 0.6906975144027541 0.6781893411795186 0.6492870881550453 0.6392815075332238 0.6643828232357771 0.6337311557016818 0.6545221336950922 0.6094643517490866 0.60121114391149 0.6196656832774814 0.549720541223445 0.5219015774201788 0.5457587545116359 0.5932896507629959 0.5860300143993598 0.5916254700728947 0.5916818867779822 0.628417427917436 0.6176109263267882 0.6696380388322225 0.6622981648162598 0.6503869292367119 0.6265165184753733 0.6072287449363273
0.805780847020538 0.8193725223357885 0.7705241822814 0.7919081115818098 0.7673749092527277 0.7679264249094018 0.7379386019083555 0.7058107014314646 0.7314565265551771 0.7484650462619539 0.7822782049348704 0.7952288247291859 0.7663300905331484 0.7321238443155602 0.7394035844617397 0.7497652758139386 0.7529404758140821 0.7380522075618627 0.6974317886055131 0.6860448804619013 0.7072000178228637 0.6862272437617442 0.6781009877549931 0.6540731592261816 0.677914628421421 0.6733166594230727 0.6629500435272675 0.649386236246903 0.6195605449406947 0.5959254984007847 0.550964468949215 0.5688901926313895 0.5728704987693398 0.559114002354023 0.5549674359490052 0.5890020624229897 0.6023695308842544 0.6216504168378844 0.6472026789988246 0.6645679754284733 0.6937419481654581 0.6849763990246035 0.6776872766661306
0.8059371076938914 0.8409155084491389 0.8174697908606626 0.7774613800248648 0.7920691258418869 0.777862506914614 0.7661954310017193 0.7263010261425681 0.7186597916845021 0.7780893085531206 0.7739200093403774 0.7684492965814951 0.757669166726171 0.7896546842564834 0.7825385636128639 0.7784328563507865 0.7554548601860341 0.7217766394241858 0.6964068166506963 0.7204123047197052 0.7204877277110407 0.6998475509724816 0.7398902392258031 0.7030309827183285 0.701596117035177 0.6637124472430546 0.6584082473311968 0.6406173701068091 0.6429439027953039 0.6270242926121298 0.5903610632732643 0.6023155087576602 0.6201537922090912 0.6020164883552236 0.6104524728954607 0.6059405053598899 0.6197653915527891 0.6315565866876883 0.649146505551129 0.6589972630214547 0.6531575715025162 0.6430217815599609 0.6528888242654417
0.8682852067847026 0.8418454365961557 0.866622592102011 0.811232767084106 0.7753094827734034 0.7311364577804261 0.7253924330009776 0.7196990709116869 0.7213311890678723 0.7500639618473368 0.8007921521190423 0.79733338249903 0.7734424256660583 0.7863536618306922 0.7686387636232298 0.781045389707391 0.8063658318541863 0.7947030446427461 0.7278665431710809 0.7477331934979885 0.7039618156739401 0.746676929565678 0.7705638787653498 0.7376665483987871 0.73361466825632 0.6856953629239844 0.6749019838807101 0.6994548047423086 0.6686315522353868 0.6272198840372283 0.6319239184760288 0.6611971602642193 0.6599521388995754 0.6246576979465622 0.6292046377493937 0.6289888025215972 0.6209159428442466 0.6476041944231689 0.6903509993217085 0.6931719448565987 0.6405994758007713 0.6431260589513689 0.6701896788546927
0.8450545841691542 0.844591126325552 0.8689511023399082 0.8268038287507995 0.8146445447242981 0.7505143958917281 0.7362135592289688 0.7415193130947416 0.7390076290951308 0.7889606470434258 0.7744907416035699 0.8049959388779979 0.783882885605758 0.7957662044075581 0.8269336315119005 0.8124539235746187 0.8192530354435695 0.8184447999232783 0.7710683573238928 0.7298246513106023 0.7266663433129071 0.7342632442201479 0.7275953062393463 0.740529719552936 0.7213897366489788 0.7261446646954922 0.7025162575928731 0.7116541607714322 0.6821524739464871 0.6553645538358568 0.6479944300472531 0.6640623144809492 0.7075979636902846 0.7047662898141763 0.7049143253233949 0.6836116603981306 0.6563504705293663 0.6521183889207404 0.6673140142105216 0.6988611449873087 0.649151228001891 0.6615555772181183 0.7139253615445724
0.8610066953782647 0.8763331052106682 0.8491157572421157 0.817809195769012 0.8533587119581736 0.797931854755081 0.7602970715810146 0.7475425581310676 0.7823093544762191 0.8145653203124655 0.8164473944473282 0.8169755907071469 0.8275113859441846 0.880293258731994 0.8984317191749631 0.8837865607631569 0.8322705138193942 0.8330976361035335 0.7956200382888369 0.7769216843261126 0.7407136355966927 0.7131501564559131 0.7049001030699654 0.7395272458012238 0.7575684126642367 0.7436008649585366 0.723325075828224 0.6928048577607784 0.7023545363100865 0.7198777312471446 0.6816318709062487 0.6953384299299508 0.7335671489951394 0.7283130953439464 0.7004060012787832 0.6996878283115511 0.6907037229170897 0.6856985639997244 0.6927081528687212 0.7042751607449662 0.6779540024093791 0.6742216856428873 0.7191940747837628
0.8380909715403783 0.8574345396083426 0.8120305290989877 0.8157966515741156 0.8245343089897247 0.826923438011779 0.7876133879499002 0.8122066154626234 0.7741713384778074 0.787477790625705 0.8176656523875712 0.8458069627484781 0.9054294802156068 0.9331346006042102 0.9492268079122046 0.8946167929442712 0.8961379965526428 0.8553444860251913 0.8412060768873824 0.8264587536633821 0.7894310066586797 0.7695493527034479 0.7356666667555067 0.7658802318064676 0.7737161011968198 0.7206009341505838 0.7052917688809948 0.7353463574868587 0.706778498863673 0.7398866478377718 0.7598405495956786 0.7205068915953114 0.6955447115976523 0.7018155377059458 0.6956107101674711 0.7063300058547369 0.7069574574866518 0.7131955248058691 0.6854837668629725 0.6697902903644836 0.7118073699637062 0.714002874870405 0.7050554717649865
0.8640951578891871 0.8478746587929993 0.8386530402048168 0.7942796980740416 0.7911242638014939 0.8178016274681961 0.831402506318999 0.8025438497277089 0.787272541147485 0.8398989016434378 0.8772304971800131 0.8663386686665553 0.9298403118296774 0.9365037580130884 1.0 0.894538991350261 0.892683357189703 0.8552623344293153 0.8408875527719469 0.8252469398055929 0.8289163341915159 0.7729412360039221 0.7388298083913472 0.773825618141187 0.7608614128786862 0.7494079194082504 0.7232514168707184 0.7572120950760045 0.7263516007463099 0.7399455589364327 0.7970848708421613 0.7471692023298512 0.7336755321639834 0.7196408408390859 0.7034671008727401 0.7399517921675605 0.7295199822437661 0.7264702107511456 0.657893293947553 0.6532574336935217 0.7127194579556689 0.7048276301572054 0.6515253610321764
0.8481451825829035 0.8460778549705914 0.8036438703509255 0.7981805620561926 0.8226140474278705 0.7938136436472184 0.7917202722319547 0.793837445810117 0.7922089757833045 0.8521512407958763 0.867429050282244 0.9181630870011194 0.9228661393017453 0.9080722547668935 0.9323898284889816 0.8898638546676713 0.905694925788641 0.868702811779858 0.826794557369684 0.8165795001038418 0.8369503016939369 0.7772200725851791 0.7842767722480104 0.8001579898852035 0.8099724046783006 0.7992276698833157 0.7601442797703941 0.7857970914329285 0.7796660011450642 0.7500463251937927 0.7677961523082535 0.7421613255903793 0.7299376717521622 0.7073014466671341 0.7275806509311337 0.7184001123788067 0.7252905833062521 0.7398934568843235 0.6933559308648888 0.6728004725074362 0.6529050295165827 0.6545109761862455 0.6725369924284116
