Raster_benchmarking/DGGS/continuous/raster-187.asc
NCOLS 100
NROWS 100
XLLCORNER 1743169.0671198019
YLLCORNER 5469293.718841917
CELLSIZE 10
NODATA_VALUE -9999
[rows 0 to 18 of 100, columns 43 to 85 of 100]
0.25113697124427253 0.2534296397772225 0.2550594432093748 0.2549786445933077 0.2374994793273602 0.23653132791306233 0.2609766081226309 0.3021053619072158 0.27974107273560916 0.31109353911840304 0.3570027787817058 0.3948890996734882 0.3751858879654754 0.3953275660305564 0.39613514967065344 0.3903498266379 0.3744181623567722 0.3799613839950654 0.34870608705242523 0.3158080170119583 0.3225707516664554 0.34897548472662954 0.3343248788959298 0.3099388438690723 0.3366140890292928 0.35576517846799394 0.39572287113760707 0.4230892212545548 0.41032663700313565 0.42708863594025026 0.4313395960123743 0.41901048571029365 0.4038595203642382 0.3864003079793662 0.39376309727102016 0.42406575568772914 0.4882403132384443 0.5276611439905439 0.49896979931723107 0.4812560476478731 0.4903113470066308 0.5441431982423708 0.5333709252500269
0.24234271768015744 0.2607947552641616 0.2700798025437693 0.23749473498161858 0.26224290987221194 0.29069616684843486 0.31024936356710026 0.3051776514848078 0.3212203840003124 0.34430380502790153 0.3540066082014731 0.3859516824416744 0.37209851326955284 0.3932478788704011 0.39831621825094043 0.41738881659508054 0.3931870409935639 0.3493746718447636 0.33447793277208915 0.3348641320295972 0.3375200962696011 0.3215403136945205 0.3482642880614114 0.36254608302748104 0.3602848525912269 0.34968259607322916 0.38476714638268256 0.37987282884368034 0.3865022833226037 0.3821797067527545 0.40977345721201425 0.40057190123265857 0.4202555048731753 0.4023982710326079 0.4245006287119099 0.41806090379036326 0.4371866142895644 0.4886172381133785 0.4816312610308635 0.46705957305369555 0.5096235169492528 0.5409210549354155 0.5185183364489298
0.28628522230649345 0.2773270285780255 0.26125939776598084 0.2559263744689009 0.28896029156586134 0.3203840651801631 0.31641591683370524 0.3043182464711565 0.31710638210596387 0.33280893541806733 0.32662967372412527 0.34722391272169184 0.3797644988254793 0.3790342876480153 0.393850684797952 0.39398790394870636 0.3819111590973396 0.3647334757915341 0.3466421992233913 0.3325546653650105 0.34985418365841403 0.3427150297314973 0.3354654201323748 0.36354630152435613 0.3595892071757353 0.32825617651380795 0.32959483357113534 0.37411733431557703 0.3501067349785182 0.36392133612600286 0.3985836366614224 0.41603320954995987 0.4369594908186212 0.43340188224926746 0.4409515522228714 0.41267555598047717 0.4413899253218303 0.42339906582941295 0.4559886447870762 0.4790973938494311 0.5406524445003079 0.5514875076417719 0.515432257922622
0.29475225101535146 0.3092504795503186 0.2670428059114909 0.2829926809113678 0.31391612379515577 0.2982778458811308 0.2968554588472172 0.28392717449419536 0.26687326230138847 0.27412112376800457 0.3216474022944873 0.3116489445228114 0.3328363293659113 0.34258318606170857 0.35978023254118735 0.38958134249050075 0.3912633155203916 0.3783761507488133 0.3785116008412938 0.3681726208737269 0.351032277390274 0.3303988464631613 0.36147054854515226 0.38074244132034735 0.3337454815572459 0.3455921400064526 0.3237831611034549 0.3677726823127519 0.35881724648888796 0.3595882428873754 0.38726101547747915 0.41074796597287705 0.4288863959977945 0.4349955771411506 0.42156362943993214 0.4163421728710214 0.4290683875222934 0.4277053797956611 0.4689452308164467 0.5049284422798652 0.5348946760504899 0.5552501648460049 0.5379231812259438
0.27753031878353795 0.3047109616792815 0.31890886097714755 0.28108301399302316 0.2908636978124983 0.3283912959817642 0.2795756947635418 0.26710477962351586 0.25041258291442675 0.2391061194873145 0.2741067035830467 0.2859063626920081 0.319016741377927 0.30155779737754557 0.33817392245215927 0.35547347759180603 0.3582782168690495 0.36904431889307715 0.36499149492603433 0.38027108652122454 0.3461156429005268 0.35169353767281053 0.36439289755509685 0.385557362549747 0.3674683033299949 0.33916642196264285 0.30522446351456667 0.3268645776472902 0.3583027322601786 0.3790033718847381 0.37555094092754854 0.3732757686711911 0.39619028889077745 0.4202296846812655 0.43490010388185607 0.4206214437528703 0.3998782719091966 0.3986177451926363 0.47163365836471277 0.48510573005299956 0.5051186014363654 0.5304908485298798 0.5414132999304875
0.31423144309757306 0.2949250061169648 0.3336367695067259 0.3069953925908923 0.3255687272530897 0.3237815714043423 0.3073243915492094 0.2945858244892129 0.2964095749208024 0.25973950328389683 0.29423429519038036 0.28286181321363585 0.30370744032907837 0.3256702282344117 0.32478686860079725 0.32324656236393196 0.3353070395881021 0.33436173075102915 0.3732209707788044 0.360642704465878 0.3535564824939416 0.3125507823968 0.33837377536247804 0.3376230709615253 0.3440760803360337 0.31729125475067915 0.31358713455124854 0.3209690693028468 0.33954149947501916 0.34793542926541093 0.35682960437966965 0.3650788742669394 0.39721750443589987 0.3934653834276125 0.4026763415342872 0.39752829530342565 0.4230108078683636 0.4385595588244015 0.4584536947218049 0.4632161038624547 0.49384843488786373 0.5309095944356647 0.5553482686252205
0.34147467820703975 0.32245802579464056 0.3546966146532799 0.3541362418094017 0.3307494496585952 0.34014007906911925 0.3221220626281981 0.32538819777548594 0.2832621825497634 0.30076663582630764 0.28651074440380236 0.2646280581443079 0.27467584475854845 0.29941069336550624 0.3101855515441977 0.33234403168301146 0.30974597562011075 0.3236685199741913 0.3247080589032851 0.3273168323953741 0.30286386353723954 0.2919777176886978 0.32480845925906515 0.3483670538042319 0.3528925672153572 0.32444199847258404 0.31723176370579126 0.3162191455649126 0.3286642192108718 0.309098563498045 0.3357450520067224 0.3839716556235347 0.3712096726709549 0.39454470169784917 0.39230423829917704 0.41245316468792076 0.4468249633464729 0.45156507057999323 0.4817164156689676 0.4580954235690287 0.5050420953563494 0.5258341712041762 0.5353166180722956
0.34687421045298905 0.36560854548884947 0.36965735500440866 0.36284339324891046 0.33415759832517233 0.35736874483100184 0.3418776823640077 0.30085395957649386 0.28022008081518374 0.3007694840760617 0.3088596603193906 0.27506020531818454 0.2942018660399008 0.30445953283511273 0.3185210330571856 0.3331097458559449 0.3293388753861346 0.3007434646896135 0.3088598958493783 0.31873506936124935 0.30349385580629656 0.2804980406973213 0.2900911715247237 0.2964515356826222 0.30848211115184815 0.31429614160416663 0.31322961010628836 0.30454003100546445 0.3292237066266878 0.34028430004059784 0.35287628737636634 0.39842139476580263 0.3757420377905863 0.3725456630791833 0.4097769009257543 0.4360347422111365 0.47001748193272797 0.4766355823726091 0.4722272058516172 0.48878424331094644 0.5106829287504973 0.5258360868728957 0.5120965004056671
0.3574206403383914 0.37732403008726667 0.36188874822945205 0.33535974280334274 0.365761745651176 0.3519921859683781 0.34198844880649326 0.2878325595304007 0.273535956744985 0.27278303733051096 0.3138836228470578 0.30993668633080157 0.30132806010921015 0.3149839767702941 0.3134235628883151 0.36506399514216675 0.32335707470557434 0.33637942884593713 0.2965723553707092 0.2835137766362544 0.2966601681311973 0.2747617577261771 0.3005260572119566 0.3172783275554224 0.31502067570130454 0.26851679540042117 0.32245249596669073 0.2929697014023281 0.3309868084711021 0.3058163616296591 0.3497972913500991 0.39360508791885185 0.36580223844144716 0.386402364219425 0.4115351427654882 0.466779131411597 0.491031651897885 0.49546301966190687 0.4995210427910398 0.5316410673784357 0.5188996336718084 0.5441627847485602 0.541420450227898
0.38070395683099667 0.360497966264449 0.3675303432239473 0.3706431189993153 0.35389948167915514 0.3246757215116748 0.3389540274870171 0.33773261917625713 0.3104675614460109 0.3028964192440973 0.3093350754977422 0.2995110186967652 0.32692032571268714 0.311326487594424 0.33529716126573056 0.32901975505800946 0.3500823964985528 0.32747239439079945 0.29419509562775376 0.25252744736104193 0.2509746629661293 0.24318045401416208 0.2617421093531041 0.27023306701843514 0.2926443726359956 0.2940955584210748 0.3240491619657619 0.32442025638256194 0.3291213734159466 0.3182297695785429 0.3477424064365078 0.3519000437287222 0.389861575435631 0.37505439204451946 0.4128099878769805 0.4246033775346846 0.4737092887389929 0.4742600354713943 0.4868684980678684 0.5204542388804461 0.5295192374103047 0.5116246501279172 0.5067884826458656
0.35524671694718934 0.36051473392005773 0.3602417113692295 0.40030938725171195 0.3664306561292926 0.34683176815701183 0.3707592914661553 0.32911292704742395 0.31855724704572036 0.32296646479125396 0.32856508926976147 0.2848571976728047 0.2989040276055917 0.332687709545334 0.30438428450548094 0.331346061864563 0.3341785356731843 0.3092503153106271 0.28676375505714313 0.26429956755754375 0.23818014211357835 0.24668044359935978 0.2490788856617548 0.2957146254261648 0.31725426723706196 0.3242627081545416 0.3100654989508736 0.31924869855157906 0.31110648844872085 0.3370239159400507 0.3277702595494252 0.34276982882065726 0.36632884590078124 0.3939480971047504 0.40080342472844227 0.4304285706018314 0.4495000057472691 0.44226744311450866 0.46811848842856574 0.4735027512532181 0.49884977777902006 0.4898924369218977 0.4998966619322718
0.35168637241642836 0.351885727048674 0.3601084189923641 0.4043494967878045 0.3828227976019027 0.3990695386457601 0.38483401618549734 0.3455238225138827 0.33358374171134114 0.3006638440860501 0.3054658335493679 0.30671990697050616 0.3158081957635517 0.32272409466684476 0.3012233222377675 0.3059423861454094 0.3053889420320859 0.3217804153104677 0.31371071359082 0.267622439369189 0.25648790219867607 0.2711311514682978 0.2876124522349463 0.30942995951220825 0.3307593830939547 0.3418847676143582 0.33042878237466605 0.30406229704000226 0.3375783838557647 0.315079319418128 0.32643281413109837 0.3642859596447977 0.3738277419465886 0.37171818010081165 0.3706295051104173 0.4015973710459489 0.41476452826410054 0.4283182743494724 0.42595054068392335 0.4487651272430656 0.4834147361871663 0.4995391263324912 0.48442760486366665
0.3507749142989168 0.37630218013639116 0.37888182350959954 0.38464083980254415 0.38857386167228486 0.4026042982867353 0.362930996862294 0.37023914577683814 0.36825045235895865 0.32075698841857897 0.3259765788495306 0.31407780318395206 0.30125636079475804 0.24596301235221835 0.2725094520258102 0.32475914703585057 0.32870513388069206 0.3516551145618274 0.30091840009173293 0.26484141857413546 0.24042334445201702 0.24006060601469958 0.261675410601588 0.28649501555331247 0.3165000731016208 0.32982832313810784 0.34784618470410306 0.31604105933494037 0.2941508430169649 0.3096420468224079 0.3342581278408611 0.34280165996593076 0.3529980278283028 0.3426255766082545 0.35629603665516024 0.38253191111005175 0.4001250797237417 0.4134579375124043 0.41599620243310653 0.44524105844977235 0.44431150397283803 0.444936325750073 0.4882101645563652
0.38599983800604387 0.4259993025774709 0.419120326714092 0.41495175425405423 0.41913988614835573 0.3874069453053204 0.38350947741543306 0.3935312544285134 0.3578452401456465 0.32723244661095835 0.322892102509829 0.30260676847388707 0.26418390601117564 0.2581383188925044 0.28614444048878207 0.28771803326697803 0.29170738583561145 0.2983073208894197 0.29768686827675844 0.2619759255580566 0.2569763499138548 0.2856079199902215 0.3021123884520552 0.3112454578226675 0.30846111862339964 0.3566010228991501 0.3432087210191861 0.2999583896195128 0.30012484940980877 0.30588253601693843 0.3063863705021682 0.32853322808859564 0.3078410434819269 0.3295245067514332 0.3618113777196128 0.3692405793160302 0.35974127814760426 0.4174625713860964 0.42944669270975805 0.41817973279522386 0.4485510828257826 0.4465075501951859 0.5077258516744392
0.40716130214266044 0.4321413316209095 0.4374168392070769 0.4330156993807958 0.40450444318964957 0.38976727169129494 0.3814443215520204 0.3988135206883941 0.37314825822887504 0.3406051693047266 0.3224385218434606 0.28547016302328315 0.2881349431831158 0.23355264865055858 0.25865864317705733 0.2713131429668064 0.2846792626658942 0.2876291727505881 0.2797213871738162 0.311777964207426 0.30294834926841274 0.3011180946280215 0.3253996409597661 0.3254064013916375 0.3535890714033698 0.35385223578613406 0.34222361419027564 0.3048175331672084 0.317842335194598 0.28946414868665016 0.30068090797442615 0.29702514932603574 0.30194472412711243 0.3201644293627943 0.3267547018266837 0.3331306696356031 0.35783177344135003 0.3823636856793495 0.41987446841313203 0.4222866749661424 0.45586381281060967 0.46783838755508333 0.48413712156471017
0.37458949947112863 0.4147839851570113 0.4186828154247971 0.44089748134992907 0.4131721767945818 0.39865422231713865 0.4091484394677635 0.3932296611680222 0.3518951384674494 0.32446021757147697 0.3076388041918277 0.3024206242701368 0.2942382860300059 0.29089286485407756 0.26980365409373525 0.2785302573802761 0.30622784278063514 0.29155783887394354 0.2937111126376979 0.30020541579920407 0.3054977831511496 0.3187258669395719 0.3287334468382286 0.32651251109155743 0.3441617681755197 0.3461819982903234 0.3164363336029607 0.2984221161672006 0.29915639551236956 0.3151269154616184 0.28562065960786504 0.30835389810855074 0.3203575716998767 0.32876004584681856 0.35736173538679 0.3755479482074281 0.37382123329155414 0.3912404311199952 0.39262309932011713 0.4124003426452017 0.43859632799497084 0.46457099418738657 0.49525962341064655
0.37925554033881087 0.43615383089517357 0.4353285141094357 0.462985561513295 0.45619562668404406 0.4494591064991549 0.4232007490623253 0.3914452066011186 0.3705951008531472 0.33841243566440304 0.34282225545015554 0.339304883489 0.3121497496170893 0.28779085364081103 0.3212070920231216 0.3273204720293344 0.3412008141849225 0.3203783961175344 0.31456282014436887 0.33427546162955807 0.3439009219023677 0.357331604635262 0.3282156606530843 0.327857151119174 0.3070203157937607 0.3021839748351292 0.32836339564376227 0.30025892039368035 0.29847195833771606 0.3314757465961216 0.3229965890290777 0.3064361834677826 0.32281554268628315 0.3162646720564068 0.3693694375415196 0.3697289907419646 0.38098625927594665 0.4029878898243408 0.4002841843712135 0.4211012185916705 0.4321760430815184 0.41648860146977795 0.4842374682343486
0.41294344516597314 0.43616081625343095 0.44723302201133386 0.4469364109611826 0.45636914655893474 0.46027337623538817 0.46497093702604286 0.4269781736725421 0.3884820307534495 0.3479141495262549 0.33047718510084895 0.3308459401366735 0.35021022423556897 0.32318998908578606 0.3173770895836316 0.34686485814662343 0.3577430303088021 0.3456692777821793 0.34836483329610013 0.36896342730154247 0.3967295639522907 0.3635221400398372 0.35039366006592204 0.34879154297190473 0.3216913008429883 0.3428658707342283 0.33729131206603724 0.32012243065861407 0.29689773310839834 0.29062733744224767 0.2930744515620064 0.32232911338429654 0.31277657910368756 0.3592432585240428 0.3561927953297273 0.37643781941684246 0.36869654070269203 0.36350020700272245 0.3945296737994993 0.4392601075237958 0.41102779261715133 0.44867668943433286 0.48265586470239796
0.3903916987848268 0.4104594469118884 0.4521111283322844 0.4504321337951886 0.48382055322381085 0.46021102804754255 0.4901415256828892 0.47151531679993675 0.40773850175679455 0.3755939408990094 0.3610692148322227 0.36225326126371404 0.34701684200882704 0.33115979497533327 0.32602535501590807 0.3488195912564883 0.3903329576340005 0.39959855319601656 0.3815402050102412 0.4119873015049821 0.39084234281920477 0.3931640369580821 0.3592400668859137 0.331806118586191 0.32727755687743054 0.3479332807937116 0.3372689160899806 0.32851129720985334 0.29287287372074194 0.29512311709663797 0.3304079939268035 0.3060462660857363 0.326646791559659 0.35740859937325725 0.3797238882661164 0.3855349284748232 0.38795728869520485 0.38289458359846873 0.39337006988832407 0.45765539309601583 0.4237217884202651 0.43133186311429345 0.4641193507195105
