Raster_benchmarking/DGGS/continuous/raster-291.asc
NCOLS 100
NROWS 100
XLLCORNER 1743151.2606099625
YLLCORNER 5469295.681211504
CELLSIZE 10
NODATA_VALUE -9999
[rows 38 to 56 of 100, columns 43 to 85 of 100]
0.4813676002473981 0.5217376435678857 0.48618855324734483 0.5068523094644569 0.497099747269186 0.5084364531491202 0.4809259245105857 0.4944772109707602 0.47732611400217106 0.4488596425115693 0.42215252716004875 0.36248970231628086 0.3818776521746391 0.36820658251846505 0.32588575394953034 0.3142861814388943 0.32932080353868576 0.31892132086475733 0.30237770288236354 0.26642535921946264 0.25072563789793634 0.22799059677820277 0.2585577923486754 0.26442967973841947 0.32061914317224477 0.311009547949214 0.2968413903812614 0.2817666318084365 0.3227064940211604 0.3174584730394235 0.3372622205618349 0.33432819748277975 0.37399079324944573 0.43926538404771365 0.40419186818126646 0.4266407739918062 0.46860902642135027 0.4876985166441037 0.5024805229838758 0.4771565971153696 0.47112123659573185 0.486101358939943 0.4583052614183328
0.5363998663219266 0.5173404369692077 0.5311165692205775 0.5540872637315053 0.5397024358849964 0.5216309756221393 0.5379288302863333 0.510502828329345 0.4929339011199525 0.48641058841177853 0.44912551089929154 0.43064634826656767 0.412931833495829 0.4185223158327744 0.3873581688549999 0.32461833583247607 0.32468680292235064 0.3474974556035049 0.31448292357252117 0.2884631978672718 0.23765762022537126 0.2175274962932289 0.2445412276370782 0.22936054268456763 0.27619778660798516 0.29637443764057936 0.2685613190732497 0.2727613563805323 0.3134174156575999 0.3444166624342324 0.31587311207898094 0.355006081943352 0.4051027034669596 0.44486205653433303 0.4224870930663048 0.4356663612505966 0.4314617384294978 0.43561143373403927 0.4943015825703457 0.490240595207031 0.4640272646421295 0.4920946525657215 0.46179273551830496
0.5161216160432008 0.5401852910440164 0.5329837444139164 0.5386185514291834 0.5588083520564502 0.5755609296730881 0.564527739639357 0.5576957431953259 0.5177536906227515 0.5030447634186398 0.5059549265832007 0.4473469196656552 0.44802233774688405 0.42688749690285943 0.4216827644508337 0.36119193453270254 0.34562310517070644 0.333382415824033 0.29020639416955046 0.2581420015160495 0.23389612370474822 0.22231530666562835 0.2519283895332429 0.23542014890168986 0.2687850939995838 0.2599429890748515 0.28849826666927153 0.28524777991819095 0.3184983024418986 0.3277091019300392 0.31451873178691575 0.32069827404039686 0.37745966027678257 0.4255038673021694 0.39060057998566744 0.3825703076175851 0.40049292186074176 0.42934766690024123 0.48895079061320046 0.4887537226255707 0.491148920041202 0.488269885729961 0.45740582630515914
0.5424798295037682 0.5795428783810712 0.5528263425089495 0.593694338830065 0.5959991508598279 0.5699564859182003 0.5712881985022387 0.5770910453397842 0.5477625285183824 0.5515446438500242 0.5212931292093831 0.4636838460560985 0.4669083152638363 0.42299265661235613 0.41746068351907556 0.3948195719033516 0.35862427054136237 0.34394703150256994 0.290225437429761 0.2854915068015078 0.29007542177107654 0.2682351019644464 0.23545638826564752 0.2501378153768241 0.26243521161922356 0.2277543413437795 0.263694964865907 0.28960852834240286 0.31304216625471193 0.33317789948706455 0.34882727608433167 0.37501827275991634 0.3838785944475973 0.39094355387787433 0.37569654666850033 0.3971890988377325 0.4284176887583805 0.45268423640484895 0.4695177981915154 0.44432256913172874 0.46413288417110615 0.45372774337315724 0.4608898474284184
0.5483087878939829 0.6127426245978869 0.6027752342700142 0.6167985463753839 0.6145759346828106 0.5567639337084762 0.5435611044090908 0.5283144858913155 0.5384956529608368 0.5441965631549046 0.5007115892937116 0.48467816785558726 0.4685879365675817 0.4305711388322776 0.4068980257277524 0.3634198389998155 0.37114004874953077 0.3370618891960818 0.3324699948151801 0.3175464869815134 0.2788256064538545 0.2682969187491081 0.24677072162486122 0.25512426750377576 0.2683995997666587 0.2219685662988694 0.268901848173075 0.23723529097286553 0.2707820369728287 0.3374471464454708 0.3446581939968783 0.36369968875898223 0.3948790780487122 0.3805062982980044 0.39600576806391435 0.4156104024864327 0.43773888907546576 0.4457971278566474 0.46388155447332946 0.4467499008539483 0.43344648055095486 0.40946490526264934 0.41303756228395033
0.5602171240645504 0.6190503317090552 0.6246696561743164 0.6154705575970999 0.5993122574192644 0.5477747962534034 0.5371978364637071 0.5499208337804216 0.5426470761186674 0.5239082352933548 0.5064698007473407 0.48572968514799925 0.48633095343708665 0.4540707863172972 0.37948004165468363 0.36319542999150933 0.3348580311199797 0.29519166576308875 0.2961518573890008 0.2927392724739722 0.2605780742243178 0.23782789987941466 0.28432542162020685 0.26756472921481067 0.27098684588299743 0.25339583039211466 0.2585488930342425 0.2340203577901906 0.26344653895176817 0.28824766076151237 0.3482493957007689 0.3572540252476414 0.4159406185251069 0.3889106402217617 0.42224447340105276 0.3939994047394847 0.40418986066791834 0.42173067167545764 0.410089339091303 0.4221379376298311 0.4388856517459712 0.44295061400486563 0.45216406961679023
0.5775511799346488 0.5849720586684228 0.6214361426394548 0.6056254275586305 0.6132695533552471 0.5999929413424337 0.5560375153559882 0.5097224315060266 0.565499635208578 0.5464198788516966 0.5543087485585593 0.5403103250874257 0.4863549829365186 0.45930578312229753 0.4048907495863387 0.36570865291257654 0.34899524485928507 0.3186358143012234 0.2944054471032363 0.29106177076765966 0.2413321375751506 0.23946852754731077 0.23980855305783694 0.27166216020524486 0.26206162652770804 0.24355166462510386 0.2803650882049797 0.26999813891635127 0.29084338945076355 0.2897782576730344 0.3243883907402587 0.39833417413840055 0.38251762341902046 0.41569652914061833 0.4329068779906809 0.4397698816391128 0.4348742903472519 0.42008769582976513 0.4344218212827809 0.42624587382914075 0.42521652714149616 0.43313707066790913 0.42288051102971974
0.5900423902040597 0.5551648281854317 0.5706722386952424 0.5915752556243882 0.5879798114500552 0.55099010634733 0.5473714231927699 0.5514116653797403 0.5606350192522617 0.5654844050670459 0.5367005046319572 0.5053678820144594 0.5077221901955183 0.45279124234668433 0.3968285202189249 0.34870693978011386 0.3321215256416339 0.3535738626082991 0.3048955873958727 0.30131191496331344 0.2366507581258876 0.21207855046691762 0.242020686819002 0.23314041118841006 0.2519627308245842 0.2311941053756566 0.27283236168987124 0.2650193268358799 0.28638205979936565 0.31699567292034136 0.3655211041001505 0.37502845101064747 0.38003171823768783 0.3798486819887404 0.4367147759839307 0.42328922496690585 0.43284036970352074 0.4460177217793134 0.42507617201062836 0.4275640738640064 0.46004270356737953 0.4509723336474514 0.4500691294309889
0.5863737329046643 0.5341241477244109 0.5366563896869706 0.5226008868779904 0.5394794035995576 0.5530602104810722 0.5463338277212184 0.5261121333652076 0.5448757595172322 0.5609195384206034 0.5203434206730627 0.524707827791761 0.47924076580086683 0.4682660249256312 0.4094067195158275 0.3702462551112123 0.3393523073910957 0.3545382383012259 0.3166512169680686 0.2880456585252167 0.27111757442533946 0.21862384340024665 0.23433432369202792 0.25403381622112986 0.2556102667906297 0.23184170191934242 0.2587562444783744 0.313531493222585 0.2942380577836613 0.2882719123381642 0.3155018469221425 0.3813432725956806 0.37487438666336753 0.38342532155837206 0.43236516272279163 0.4565348567628153 0.447688095440279 0.41657616315245166 0.4587756533279711 0.4780495040530637 0.4586863626823846 0.4409455594083717 0.41145999610207756
0.5879462663822429 0.5373242328096032 0.5113730222434194 0.5080229196673479 0.5110672269586869 0.5095649937003911 0.5437373171071849 0.5311376933621634 0.5417122316031995 0.5505264717472402 0.5353059114466361 0.521249218784379 0.4895522827457794 0.43992890479098046 0.4232663341393287 0.3767625549580757 0.3677480854374778 0.3971007837596503 0.3673488579090012 0.30112232183636156 0.25701263109838196 0.2519710363975746 0.26990483043912716 0.24980468227776567 0.26689631272030667 0.23546727521304356 0.25295087507914915 0.2915717436697003 0.26782222085664703 0.27070059805126895 0.3091560843231058 0.36014356014226817 0.3952360380279059 0.3824527451359435 0.4158903068656116 0.4639174865502189 0.47679309597189995 0.4515275217307678 0.4294968198828654 0.439797035057116 0.4499587115770057 0.4508420831087797 0.4242668202571341
0.6007863592562792 0.5683174634992962 0.5193812555670738 0.49481506940804665 0.4861599413410026 0.5144005956614771 0.5384999704575765 0.5463734022793161 0.5659726505639868 0.556129891500618 0.5187092437859023 0.48903792958950987 0.4726367196819456 0.46459152923985647 0.45977675032618903 0.4399944144598019 0.3883012465452066 0.4089353343156322 0.3675805380058039 0.31650683705369664 0.27090287696365556 0.2358392065175064 0.28068318769852646 0.28410595418063683 0.2801978477148756 0.27958482205539076 0.28514549200880773 0.24494991611649014 0.2889158695076045 0.2693140782559106 0.3290742177902882 0.365610920278912 0.35513105859673066 0.39396633680126664 0.43208330301687375 0.4564472112233667 0.45680825621021537 0.47935171904293855 0.4182949948742054 0.40578540309506417 0.43486817647752024 0.4352291553083079 0.44238220460615924
0.58401822949712 0.538267311864398 0.5367463600806137 0.5184295550968644 0.5074679469042157 0.5542959078666273 0.5596148390040183 0.5219453574242712 0.5363773923637559 0.5673841966090429 0.5358205648575194 0.5170681654475948 0.4928314357934158 0.4825040202130973 0.4231722461689394 0.4281047648324719 0.43452918314395805 0.4102898844945227 0.3532953031618489 0.3524968570714994 0.32209093970940605 0.28445680918351246 0.2719858423428231 0.2645772930119179 0.26475878422773536 0.2600131616541673 0.27907919593784664 0.2908617695213899 0.2841719987077972 0.30460465928555236 0.3260329611144212 0.30229652112507965 0.3367890340079058 0.34048241281968833 0.3846757222146923 0.40552746887274005 0.4620707224136673 0.4282780626862971 0.4222017893569647 0.41746047981027806 0.39308988754143714 0.3928030663709527 0.4259273429259304
0.5660846094049988 0.5692168696735747 0.52932067809605 0.4825948136618163 0.516079868588948 0.548779424454803 0.5355461056428518 0.5495928484196624 0.5457853361635538 0.539564913338459 0.5387924557357036 0.5488981928924462 0.4967293734236151 0.44760724271596974 0.44067968445751504 0.42725794944201834 0.40784169925823577 0.38536131680762165 0.3784255034400223 0.3606980206206339 0.2986338153196135 0.28860906970873046 0.26095987258820774 0.20557966826907656 0.22659924170490417 0.2625285197319324 0.250847828177753 0.2787264752067522 0.28159753949797545 0.294829501051203 0.3048760991241856 0.27342110830255323 0.30457202557435564 0.33560481227618005 0.3740032179213396 0.41842814395526073 0.407767912812249 0.39264142873230334 0.4158027496051428 0.3939863783363922 0.40585512848203087 0.40840075015375676 0.43397523153416
0.5359970947018584 0.5407925056499183 0.49183935079706403 0.47341808313158484 0.5115467700296908 0.5157368998728696 0.546407515905248 0.5513267367803248 0.5552365019566724 0.5734301359861886 0.5296245045471275 0.540740062529216 0.5083457421573736 0.47237662895289784 0.4660953246795633 0.43428056819172123 0.41483909045579526 0.37979680052882564 0.3584802130837819 0.3369084273400645 0.25798889478588993 0.2595430086548572 0.24445834887817558 0.2147757130436182 0.222326048344177 0.26351773225438535 0.24625543615902115 0.2738903500329651 0.2474046762593587 0.228238507228956 0.24938965500079593 0.2952612622760272 0.3197188551010013 0.34458713364064925 0.3526053159839807 0.36460481564393793 0.39687190335983474 0.3759719828936761 0.3729381518380744 0.36739745273835084 0.3889147042959263 0.39051923838174907 0.38760136166965736
0.5483086215450381 0.5162327530114762 0.495752052353311 0.5009639801638103 0.500782979625782 0.4997651140269245 0.530198856916437 0.5405461785377967 0.5400840217605264 0.5897871098003518 0.5324405027528158 0.5202788489314338 0.5377480311201032 0.5169572684093529 0.45729493888034817 0.4438647595158298 0.4168537875555669 0.42915311112803844 0.3655431499150836 0.29400099147399944 0.2680589138896047 0.19337805413255352 0.22629296113569478 0.19866742086730327 0.23878144166041165 0.24222379023923743 0.27013702701602604 0.2597007425811914 0.22890239156082595 0.2045951103260017 0.24985096192271145 0.2940048583085254 0.3161946488990263 0.2897170229252888 0.30129935623448134 0.3493867624215075 0.37707276170090875 0.42739135777758164 0.39332907177079196 0.34839628071396284 0.36378128730799114 0.3732897336385261 0.3649171110033437
0.5530194593088414 0.5322204073006931 0.5510440222324159 0.5263266048135419 0.48666850317883525 0.5125512474615752 0.5312969616064959 0.5588792346791029 0.5555789838604698 0.5887945472460255 0.5444460480783775 0.512666671520622 0.5037273328683987 0.4888859372637187 0.4491949914467191 0.4163310391302758 0.43818774678657946 0.4071501577572195 0.39373562919158794 0.31191134072200544 0.28726203298957903 0.2705271738718414 0.23695556231935216 0.20570078368179473 0.2125953742791241 0.1951899186455054 0.24360881295495046 0.2056183608571982 0.22626613536724222 0.21810219271411774 0.24438476843243845 0.2574759925821008 0.26384675967365295 0.29410794982255195 0.3159656653512312 0.36953172111936383 0.3829314366304648 0.41159123676092374 0.3776660071919225 0.3849049379750565 0.35919374122353115 0.37179320796496385 0.35818539434600605
0.6007143891040645 0.54828201926516 0.5612150027072101 0.5483949019855934 0.5025583856620913 0.4759985252135826 0.4976295919698031 0.5164047258469218 0.5415239200628543 0.5680251245168616 0.5444650852326106 0.5075567346195746 0.5117255506065116 0.4797213944183881 0.4545227934098385 0.41952586425000854 0.4153913943953489 0.4292039999165052 0.3987930250055268 0.3537560463109081 0.30257042799712386 0.27349360806688844 0.2359181681466248 0.24968578909794828 0.18562920465152724 0.1870691290317445 0.23113040576585198 0.18055211093462567 0.21552944672356672 0.23278387057238248 0.25979719643024063 0.23246157054029776 0.26325803410287485 0.2778395190797956 0.3360246087328581 0.3612143603952794 0.3650018333919372 0.3816164442896349 0.3602270271147031 0.3663798628097308 0.3420473925660204 0.3243864479576595 0.3313030819701777
0.6332931876873612 0.5786197770819786 0.5386120740333467 0.5460162491433634 0.5043557930415364 0.5056463824150542 0.48694796351995223 0.5234899955200755 0.5414441382217817 0.5369914379758403 0.5232264031299362 0.5149236641930304 0.48661100511153976 0.49755854232051416 0.46502601417233985 0.43461664466923366 0.4081002634716287 0.4096415908523549 0.3873715059267596 0.35082815155766084 0.30231934031540736 0.265596534635856 0.24634917062215994 0.23983782241035487 0.1911909229099696 0.19547605515221797 0.20744475787516634 0.240583953620747 0.24796511531386237 0.24747921323452254 0.2433720335680188 0.24997234952740338 0.24528186898121507 0.27929548043219393 0.31399272180114407 0.32787865129502136 0.32872778152290544 0.3410479316508561 0.326452566116684 0.33082354966967764 0.3389490550693046 0.30084573179081125 0.30981632467405756
0.6236240950069875 0.6162481575854447 0.5413733029592654 0.5453480799908487 0.5259017623180622 0.4983999971471488 0.5034019578611099 0.5501038394482436 0.5652939954546761 0.5518979512657953 0.5373287375060328 0.484446932765332 0.4576749242487785 0.46069442525895166 0.45925830964345055 0.4385875325146707 0.39357977055717697 0.402305191283539 0.36761266559418204 0.3045336176141405 0.31208926848079865 0.2575358686506424 0.26628436403647576 0.22735548195124072 0.1733974971788816 0.18665033567150321 0.22306446757762044 0.2498269176550633 0.24212713032728236 0.24679442537075671 0.2152627027524189 0.22123046871311522 0.24820773562637038 0.28339022345355686 0.29107342464345026 0.26735576984914056 0.3095537735184561 0.28129556616576956 0.28359889595454796 0.28309841602349756 0.3123782221287241 0.33442500657111246 0.3556362853231626
