Raster_benchmarking/DGGS/continuous/raster-409.asc
NCOLS 100
NROWS 100
XLLCORNER 1743162.3741842615
YLLCORNER 5469283.798485625
CELLSIZE 10
NODATA_VALUE -9999
[rows 19 to 37 of 100, columns 0 to 42 of 100]
0.4366452548166852 0.44083881524677543 0.41023870369809096 0.46584922612059226 0.45425094880955574 0.4729410858764975 0.49424350912457554 0.47436307984812465 0.5077759022752012 0.5429041267949334 0.5812116021901944 0.5754778621337976 0.5600036666449404 0.5912233923492121 0.6218383726428076 0.629701806241757 0.6201721385928898 0.5949197240373286 0.5687960252309878 0.5674150581401027 0.5293609531640797 0.552104303987127 0.5360812598618102 0.5097613576514731 0.5081091853418622 0.522999774546268 0.5700919930587968 0.571106456707575 0.5681726463788319 0.5702264662985345 0.5828774173363999 0.5790507386979543 0.5584116224833646 0.5846575018209547 0.6097088647910823 0.58830877386997 0.6130509608951311 0.6191374604308473 0.6026280693265115 0.6214229020992361 0.6594975476502224 0.6402027343474027 0.6798119571120779
0.3971639588509292 0.40965205901204715 0.4194032460040377 0.45610248304196144 0.48258489083861367 0.44908457090958265 0.4377506050583001 0.47044220879789866 0.5078393087559477 0.5287054590079854 0.5567286246544539 0.5290370905399673 0.5281034651353698 0.5712963126574324 0.6189794745715876 0.6387143967546223 0.6287991471652987 0.5877672575376078 0.6059170925577605 0.5725091424946893 0.5271400300622129 0.5409243561326036 0.5747307707496747 0.5401699888731581 0.545676637766226 0.5637853613471819 0.5494260559797608 0.5718513748480767 0.525626047963412 0.5394021234825874 0.5835366500684712 0.5719682751581271 0.6017278617215204 0.5880294520904426 0.5982489003473525 0.6202994586193794 0.5663499610196783 0.6297326714947215 0.6600734314575034 0.6270789299135002 0.6479514153387701 0.6769743191119505 0.694856114882898
0.37042133833168767 0.3895710361435528 0.4133049229477355 0.39083065394800703 0.39119863348409545 0.42268642637908216 0.4517431131963339 0.47159850430904443 0.4683934342721278 0.49164532469125055 0.5266575774976932 0.5117034820155664 0.5296034951112221 0.5753611065872782 0.6058080670485138 0.603707934873546 0.5949744997884855 0.5971081738850389 0.5630347997485334 0.5461551734216052 0.5653584094183779 0.5626825062142293 0.5671432185577043 0.5620235132736621 0.5245873212139007 0.5421792033613617 0.532850041595761 0.5418715348201764 0.5386876110080023 0.5823695505459147 0.571622862440785 0.5860342693871252 0.5801109133395702 0.5779305274770997 0.6266974858929192 0.6317659924700808 0.653492489873058 0.6259741283586193 0.6622831563834611 0.6707298925416251 0.6958065768326503 0.6976985153453025 0.709268484733416
0.38533390376671944 0.40303337707076514 0.35622635270752 0.35416216532203076 0.36246481538247577 0.37058163906436464 0.408745054745145 0.4584894787195367 0.44047585155146063 0.45772889223991087 0.48783798249774446 0.5321547185505702 0.5158876071523149 0.5286425964282059 0.568124283186595 0.5838198569881772 0.6009843495773649 0.5821880531927527 0.5938300891179743 0.5552060119466037 0.5595436653566999 0.6137828716566368 0.6137073239435132 0.5833719865575948 0.5341957345203943 0.5284313813430096 0.538225300519562 0.5845233236933458 0.5804793777437456 0.615188016159176 0.5983627732298188 0.5979217450096157 0.6093595805955914 0.6024637312855141 0.5970981300122303 0.6605900720577944 0.6833036832612699 0.6504235191978042 0.6903169629047821 0.6835613729746725 0.6786042178639793 0.6956736586100983 0.7079849339690354
0.3836172118549792 0.3808867505281288 0.34395580226053235 0.37902963494457714 0.3453555938533064 0.3803529295455393 0.3854377259763558 0.44435656117721317 0.43555626053877977 0.48887091263227467 0.5015479145792926 0.5368871094087821 0.5195516472780886 0.5568276614601938 0.5828773359118516 0.5994668041432396 0.6225376050377269 0.5941361728003909 0.5764811565380763 0.5748485648127993 0.6210264024356575 0.6313663083293749 0.6145923325818559 0.5810560909116973 0.5783050110571267 0.5464311574686677 0.5451954620564079 0.570479134622206 0.5997602421590701 0.6124147076938895 0.6288210025066258 0.6256067232792955 0.614450015203948 0.6123755413748031 0.5961435749352318 0.6479378426937186 0.6970852722468684 0.6742970430665889 0.6975547868364127 0.7022594867148597 0.7084460617312935 0.6952303190368533 0.7305678571480073
0.3528728995584416 0.3460557488443908 0.3599327242363229 0.37628705236515775 0.3536014553532838 0.3920317657072587 0.409712599962205 0.4367985133362875 0.4252399118244788 0.47796611473065753 0.5252599999024488 0.5103367956098904 0.5205225177201761 0.5464174118832089 0.592811871368673 0.5600011675174812 0.5950557104293522 0.605039722603582 0.5861373404366137 0.5824686652184214 0.6457969367985779 0.6363857988908407 0.6199338920636634 0.5658557624931935 0.5790861487558281 0.5405768725354789 0.5384262551400688 0.5687805826843799 0.5804027139194973 0.5746444898274219 0.6042530972965198 0.6360329371000204 0.6207238569029463 0.6060942768363421 0.6287507538273354 0.6809201826515157 0.7187334321901041 0.7027656045702122 0.6692706729853144 0.6728817471214052 0.7175211689786606 0.7016555432300634 0.7534183587958849
0.375936958100703 0.39641167001605404 0.4170807912874536 0.4038067330579579 0.40424877399640113 0.3710370035887372 0.37914015770393944 0.42909191324620477 0.4585601494672567 0.46261074155376664 0.5025854200922533 0.5506696287383056 0.5385860814625324 0.5207969934300926 0.5547182134157477 0.5448294370411918 0.5667994203310314 0.5475810714343674 0.5457669898364871 0.5805525412445565 0.6106678542537819 0.6067688955701892 0.5923196584441727 0.5638139775976414 0.5499622662365532 0.5649406084066896 0.5465529916690196 0.5679707419392118 0.5832885381523844 0.5781396917556398 0.5886504214635557 0.5917556056013126 0.5946439148164234 0.6378015752471983 0.6582456852227241 0.6691506158314345 0.6597984912314635 0.6736578535146235 0.6626210742454207 0.6724964332120582 0.7194523331962211 0.7398610085348031 0.7214550511744287
0.40718577453512994 0.4370210370495619 0.43824430442085843 0.3989846760538706 0.42338650692616225 0.38373913937307697 0.38815710867976677 0.41197494082102976 0.4756211428255275 0.46164185161776145 0.50807573196207 0.5648131036240788 0.5536759640493515 0.5210071812150469 0.512083515492704 0.5070615390893953 0.5553728114392275 0.5281688940217788 0.5503099996476508 0.5593667079860227 0.5818345184071185 0.5971307194322605 0.5741222196303093 0.5535547220529712 0.5505587216944597 0.5561632551785741 0.6011227368221648 0.5680231128412 0.580765889004494 0.612167143192811 0.5819579585557316 0.5917774620440011 0.6113235019912063 0.6432185677904055 0.6625741379600384 0.6976245502336805 0.6804230758616828 0.6900281208109288 0.7019646272983351 0.7068057995912068 0.7059921976442132 0.7110124970203329 0.7237523452393166
0.45538558571188525 0.4422325947900556 0.4510822630972051 0.42941896492535814 0.42478994252779256 0.4184625428097411 0.43742804570779675 0.43564662391923514 0.5043438497848306 0.4968769483471748 0.5369986370818898 0.5661329763744488 0.5589321458409081 0.5508694232740856 0.5377572384643801 0.518431628191434 0.4947921085246251 0.5081106530286165 0.48724587431949923 0.5093695669526128 0.5225750846941642 0.5605470135259915 0.5279114671541709 0.5622279667146859 0.574185162088181 0.5596937912613729 0.5848187820837593 0.6048182968297137 0.5982396656560782 0.6062599094972655 0.5772682632835503 0.5875871314575869 0.5955723710310363 0.6273320021445561 0.6508267107821039 0.6861643459257392 0.7260664688628943 0.7028926659667832 0.7051948259097498 0.7049144917099761 0.7221223787669631 0.6931071700046535 0.6897487746592044
0.4879906626411509 0.494172455504531 0.4575274527365953 0.4210633100750291 0.4099061639148846 0.45355502231414035 0.4474544967103786 0.484640477961054 0.537774039559724 0.5470125606352337 0.5594725762296654 0.5787533802633792 0.5501650643535889 0.5276780427312938 0.5087817786008111 0.5154081154536655 0.4946252464538587 0.4964642950172674 0.46762566135210093 0.49402393148394746 0.5126568312495638 0.5421873448309351 0.505943116899199 0.537479590557 0.5880892537025338 0.5763774314611618 0.5619219818663687 0.5859757651547316 0.6211846593394863 0.6186369684873134 0.6379133518866067 0.6360569243785696 0.6232814240785114 0.6513693358061776 0.6705906333119587 0.6734368427702705 0.7426323799690251 0.7002507613248088 0.7458127658443012 0.7111975714038697 0.7245479354487537 0.6911705389001356 0.6803363084057624
0.5139486179821814 0.5012930274625254 0.4602304807682825 0.45221320105138035 0.4538662089313116 0.46208259583277017 0.5249655130335291 0.54269106776536 0.5540430418102519 0.5699671504721002 0.5867654412474153 0.5559357312122446 0.5647350714996489 0.5445640313294247 0.5269158669916292 0.4864269349135922 0.49471971721169383 0.4598363633121262 0.4929908023729184 0.49976023461244534 0.530296486601616 0.5335174894410305 0.5487626978959852 0.5705898302030962 0.5667537664200405 0.5576516816514447 0.5943945164863754 0.6030542018137661 0.6430672912288152 0.6255569652132918 0.6475557062958901 0.6380905000167979 0.6707231086388459 0.64983268828445 0.6648576429146281 0.6753521240416284 0.7134519922652309 0.7124461210516227 0.722935386101387 0.7053131627361595 0.6914921276759551 0.6563437145608706 0.6411570848411435
0.5814611958754479 0.5333072320263303 0.5254763402212288 0.4846979358426033 0.45772299374880426 0.49918270453941943 0.5501101649774529 0.55456037976971 0.5837475070329714 0.5995426945218668 0.576617064762313 0.5409644588836813 0.5694819414734991 0.5363697265461495 0.49979272862529883 0.46973410408330923 0.44287890088430454 0.4717678563614995 0.47641402489085316 0.5067978266689472 0.5181331669169015 0.5338735551782469 0.5125364447069198 0.5733217107946182 0.5953597575065511 0.5824103333823492 0.57661025367807 0.6143962766254247 0.6351131460733667 0.6399870217029271 0.6391665100994616 0.6232021376964362 0.6658447679083724 0.6746793526179176 0.6749297786877375 0.6872110272707364 0.6731989592514647 0.682771955310903 0.692213692571047 0.6854224626326894 0.6956573303962401 0.6537055421757231 0.6170299882379111
0.6214244274132242 0.5717384927520195 0.5357672276308513 0.5237954696053367 0.5117019540147675 0.5055951070104081 0.536280513182437 0.5724157546245673 0.5996012836724575 0.6032488894012712 0.5935543471880725 0.5532000140965808 0.5283736197257674 0.5218789117246079 0.47310812705166766 0.4886937786400647 0.4438036017406477 0.44829641540756116 0.4547851136334262 0.5132977713230372 0.510467478439036 0.5156466225374597 0.5176256524892715 0.5644651039358901 0.5776603079525577 0.5987415301864887 0.5941508474639853 0.6013631163415889 0.6265347338978213 0.6355983705523222 0.6245362506884539 0.6437509507571757 0.6334078212923172 0.6249595113759585 0.6685470034139464 0.6790079265578597 0.6593196343976095 0.683270830838383 0.6804798983264322 0.6739673678036966 0.6623554089290551 0.6012150019580764 0.5993354702400477
0.6455988580216075 0.581978667612856 0.5644693146441487 0.5610647390337778 0.5153499036684279 0.5040472306057568 0.5087161537864033 0.532498862950551 0.613472143428116 0.6235007682082423 0.5834874504947699 0.525895007977505 0.5243145055256543 0.494671118502937 0.4799906309537847 0.45763190183149766 0.44741927173058166 0.4298350348373038 0.46417221261931313 0.5095546590717694 0.5122791083465079 0.527218881219083 0.5273707997535851 0.5400616791964425 0.5832821284223064 0.5987334868168227 0.6193900863696149 0.5970732459273508 0.6025760480448441 0.6114841279315533 0.5984046646717657 0.6028327687517174 0.5690023940310722 0.6219407895445862 0.64369586418966 0.6628714860287271 0.7084942478698776 0.6659835208052737 0.6610307894293528 0.6595392379288455 0.6094477557735706 0.5939822807166426 0.5883122138168458
0.6370778271200875 0.6300807340719499 0.5794243059422368 0.5604131420803145 0.5367732034305737 0.507421212741466 0.49719921034267694 0.5415306635744703 0.5729228993867186 0.5909264804062112 0.5501716476688328 0.5343235865942139 0.5219536560883232 0.4615561206899797 0.4571389936840235 0.4355428333892722 0.4360990639240534 0.4444702050029642 0.4850083518957863 0.49731435354185943 0.5252720433265254 0.5267613244596053 0.5221690696686322 0.550494503576242 0.5850584709689167 0.5694097937577479 0.5881945033157415 0.6222811766009391 0.5849344136330334 0.6001153134130395 0.5648860136851134 0.5607716000620494 0.5795400327052667 0.5813275790535767 0.6051684459020518 0.6059840887268024 0.648767882044234 0.6601622130936845 0.6639648077349862 0.6381228785550517 0.6239869705412189 0.620298200416784 0.6031396738349665
0.637853418786338 0.6412319674027765 0.6402447885674696 0.606132765860323 0.5333385529710788 0.563865662980049 0.5360042786959707 0.5508726469606064 0.5426697986085917 0.5811048353525884 0.5759159433470201 0.5435515636404631 0.4885006054883546 0.48186344844121604 0.4463706883323065 0.4479080423616685 0.44317332796033526 0.47328462156838413 0.5097507602465035 0.5068533709779478 0.49966945983871347 0.5239674349265754 0.5782055382233373 0.5626517122228372 0.5537643256410627 0.5833556958099757 0.5933177822033688 0.6181660554966999 0.6043783942729627 0.5731654194638882 0.547462688071911 0.5325460344476334 0.5209017097175688 0.5623027014120192 0.5984408762446798 0.587005189398685 0.5770130581263619 0.5942446839350917 0.5955031036724274 0.5946075539666076 0.6174395423382956 0.6023224476242375 0.6215719184233995
0.6662506564234923 0.6711310355040164 0.6445391707748284 0.601875848864755 0.5622765728324259 0.5790264120933295 0.5864992706711335 0.5442155099563377 0.556754005974105 0.5461385245904217 0.5322001235450403 0.5134938356351859 0.4922537368517869 0.46226089851148344 0.47415113862907715 0.4475425488702582 0.4671217121507895 0.5086858495085262 0.5029212066547932 0.5165247192314859 0.5561973467503222 0.5654345509270073 0.5286195042984064 0.5289772046113552 0.5223870528884302 0.5465824500550888 0.5430086567321429 0.5540424328152712 0.5840744775136201 0.584693491186598 0.5522315448287162 0.549654007471019 0.5244682498615071 0.5617094364734883 0.591349363888654 0.5722260914363911 0.5546021730970171 0.5732044808945984 0.5710810976095253 0.5984319761297123 0.6010160207740681 0.6099241233182258 0.5870052947443818
0.6622319649274967 0.6547891910190295 0.6527400044284294 0.6153819411161014 0.5789121422327054 0.5642492027709827 0.599643904494593 0.5843914941140643 0.5840878403626655 0.5391716838821047 0.5299812740268254 0.4866213816691833 0.44456413592630856 0.4401418014910506 0.46351673349283573 0.4523672571385433 0.46936728387375104 0.5258917643585356 0.5401421020911709 0.5594657725625722 0.5703225810178147 0.5390950161695464 0.5133804040465313 0.5271300323439538 0.4932289817760782 0.5423549562798636 0.5548058942822052 0.5270817613207249 0.5254870627630182 0.5492696998364908 0.5987526703190842 0.560186014717031 0.5478630509429722 0.550244393983074 0.5997895104640666 0.5692712582265887 0.5740235802025068 0.5431192761405903 0.5417625206964014 0.5509384993484185 0.5566025623298371 0.5702924369060794 0.5454676306712972
0.6224092455001996 0.6223283055942018 0.6079690570222024 0.6111249086877149 0.5827502242411794 0.573037062702904 0.6164616456714835 0.6107762226039943 0.5793674274176006 0.5437418418504905 0.5029498633905031 0.4684230241490854 0.45696024458053874 0.4553082327373284 0.439190211694336 0.48508810007842346 0.48966406406967194 0.5125347569751625 0.5223792565726243 0.5569068705923801 0.5329532576770694 0.5555802008805237 0.5363128950588566 0.5026876496100654 0.5149149925555093 0.5236728348235863 0.552529539263798 0.5245239084928477 0.5362976115265845 0.5810985295353838 0.6174848164605162 0.6117422263828693 0.5708668567041224 0.5591140767949571 0.5781000329788981 0.5892601429961543 0.59145325248132 0.5536033610855875 0.566365156366954 0.5984031806345628 0.5815621292121441 0.6018628468448914 0.5546883221963871
