Raster_benchmarking/DGGS/continuous/raster-89.asc
NCOLS 100
NROWS 100
XLLCORNER 1743150.1946194707
YLLCORNER 5469292.811013063
CELLSIZE 10
NODATA_VALUE -9999
[rows 38 to 56 of 100, columns 0 to 42 of 100]
0.7266551472595747 0.6906508782259749 0.684167551050806 0.7045233051298434 0.6828771094763835 0.6827656054329113 0.6788427374687829 0.6938106663294082 0.675855467549437 0.7191590095569796 0.7666827426461403 0.7311618094200201 0.7414222147380074 0.7676262735418328 0.7478164599381985 0.7296037830030213 0.7487725085757916 0.7137162347400199 0.7240933142567517 0.7231703569184679 0.7454595097475448 0.7142842246376231 0.7499388267675537 0.7382106770424048 0.7826990555218177 0.778196221539371 0.7960227743427009 0.813778845247981 0.8203746626124977 0.7955314911047333 0.7980504122704424 0.8034097692932157 0.8301254771606353 0.8360499535635618 0.8339102437778989 0.8313548880351138 0.8702402223976388 0.8530338577904566 0.9002092512303856 0.9298752901872509 0.9374026017988918 0.9696445810965381 0.9968805788486654
0.7460962104734754 0.735050476184634 0.7376401228641638 0.7326931082659809 0.6919049855449011 0.6755270632905028 0.6417046845394315 0.6857187178774187 0.6666523316678604 0.7182721108424596 0.7602912767177995 0.7487773220746842 0.7762713328042267 0.7362035251171173 0.7691426257919554 0.7423112232210531 0.7697546709899996 0.7248751461492813 0.7027374899875941 0.7177848713843196 0.7646074183728842 0.7109231511376115 0.7009910173950425 0.7527715846078 0.7769635695428073 0.802060669966633 0.8100129037859017 0.8245169102673849 0.8228717285292831 0.77568056120331 0.776103153723517 0.7801194865332204 0.8106424614772207 0.8158037289496959 0.8706791455852093 0.8703400937136382 0.9116905503539116 0.9013570762144403 0.8703305391863175 0.8977641081774366 0.9158229565078989 0.9501784208758979 0.9873923970575593
0.7486336788503056 0.7321415088825289 0.733820627579902 0.72496273418413 0.718413221340039 0.6814483089132409 0.6467199846226713 0.6636277375744991 0.7012687477331201 0.7130407596635402 0.7491146440808446 0.7697292239172985 0.7325438441925093 0.7126269821746445 0.7286946568171947 0.7372992711873597 0.7661899272740381 0.7286271513694298 0.7371105346550194 0.7447657992697445 0.7628293144519527 0.7318409495022903 0.7083512139611504 0.7488405181753255 0.7870648383571903 0.7987046156361233 0.8396645714596787 0.8134560875325102 0.7976239869723838 0.8107320925218054 0.8091169933253124 0.8240364742789931 0.8517578142902659 0.8481546895135604 0.8773693753177945 0.8973408720029206 0.9181112979375128 0.8976669177385539 0.9059013692551994 0.9177716729858334 0.9314154824692663 0.9578580457586864 0.9662865246860355
0.701916663631255 0.7012887115937684 0.7089239774642693 0.7066976571964341 0.7172968352242873 0.6995625872758883 0.6712218605665795 0.6864902613786221 0.6647641647718664 0.6737663201287223 0.7366305704788748 0.7257642467198246 0.6997581732369641 0.7120499955189339 0.717055931216202 0.7231572222203014 0.7467466263116357 0.7630899650423619 0.7585605656156317 0.7597742399728109 0.7711926806469357 0.7331875442728016 0.7356018401394516 0.790296874399545 0.8165361752376482 0.8381221670552925 0.8551485186642886 0.8406265872269153 0.8107605237179842 0.8421091815055548 0.8182174100310262 0.8305693464805307 0.8416762423209867 0.8498526412848751 0.9030632517072016 0.9249620167921325 0.9124280702637845 0.9161458475327402 0.9594716120229508 0.9413756065262197 0.9666737016327099 0.9611373091679234 0.9374791502442573
0.7065478022935753 0.670395601457706 0.6691074984012546 0.6815195638807936 0.7064506184146483 0.6797264660977762 0.7039185623177634 0.66854907012277 0.6718599061566312 0.6888605934289634 0.673608372230111 0.6939086631508593 0.7128149083043738 0.7032797517246301 0.7364999613610802 0.7229967145296284 0.7684189802710275 0.769728256204032 0.7865782702343691 0.8015674909473954 0.8096586706803705 0.7820454261407136 0.7707657695793598 0.7608223095309063 0.7907400100039164 0.8236360125182376 0.866728907204005 0.8554870131890482 0.8228283512651707 0.8361322065444785 0.8300544747805573 0.8304530624713645 0.8500856564931007 0.8474127939919772 0.9241799210360662 0.930285758903869 0.9411581368094369 0.9465633009407637 0.92792146833957 0.9151962765418055 0.9462595898295265 0.9206979056891498 0.9469215267827488
0.672422158089404 0.6762422411390162 0.6812556095291914 0.6942289053254884 0.7060258975275974 0.6934354619289753 0.7287388567056945 0.6734683359526197 0.6736868560675504 0.699511296750147 0.6839025945642523 0.6721201298293582 0.7156593681458568 0.7258376060376744 0.7068864246781227 0.7423820473411794 0.727791610393481 0.7599025147184841 0.7839525784093164 0.8103032666703099 0.8033532521935242 0.8254025285656147 0.7862156779786966 0.8016826679928868 0.8015191584504998 0.8094668338819442 0.8587546666094422 0.8632386730567077 0.8588691290504794 0.8452822429458335 0.7978024626336396 0.789590806088709 0.8186967282941306 0.8624491298354902 0.9237627390162791 0.9288205603589444 0.9214903411454078 0.9122033919359614 0.9046489142477334 0.8896943652585837 0.9225517756511518 0.9136325868969494 0.9367267211324922
0.6898175986945058 0.6597301447331632 0.6822643626432254 0.6831017147206985 0.7120135931924408 0.685197395755915 0.6748416959323242 0.680148795348401 0.6933570042475263 0.6881549059429757 0.7021295940980127 0.7057869895357891 0.7487779983297861 0.7329674082760037 0.7640879897338796 0.7548821460400272 0.7566817519734045 0.7779150200005708 0.7831277174777644 0.7849561387370307 0.7892282766996533 0.8172941096934951 0.8357850683977177 0.8175156082191047 0.7991612247719083 0.8161237798378584 0.853226361568901 0.8444217595990676 0.8360575025441059 0.8144080783964264 0.8304235724496913 0.8234545982922059 0.8893508369989251 0.9089844205279384 0.9312339339378181 0.9548292204151417 0.9758255922670234 0.9460597303884021 0.9313602993941514 0.9123288674065592 0.8904806413921911 0.9264049420789123 0.9479649818841834
0.6854467931153443 0.6341446146812868 0.6331482755870851 0.6576526301147422 0.7065494842131423 0.7099930699311513 0.6923656057056721 0.6888843232236943 0.6607673481413036 0.6917685056913337 0.7021827804357098 0.7069572002292753 0.7414079758367389 0.7781276791185423 0.7858522985232148 0.7552052802220498 0.7833907539842444 0.7729458497983074 0.8051409959878607 0.806207964253001 0.7580048850602819 0.786880007455622 0.8207466307598487 0.8226027813602186 0.8047725687287449 0.8006137461119806 0.8218528017720471 0.8108104196814343 0.8404857823543441 0.8473504821167896 0.8220722292858889 0.8772865444347242 0.899880017526117 0.9072975196413775 0.9454945066440016 0.9634682829939393 0.9920011565372605 0.9859050887944075 0.9434754859857015 0.9213810713793887 0.896217970555813 0.903966941058517 0.9396928538060264
0.7226988648116858 0.661058501172777 0.6314900932606157 0.6692953111770684 0.6918711554542132 0.7109475372746817 0.6743950227424466 0.6612260184487146 0.6757427153334786 0.6957939237657248 0.7352177882780632 0.7405995075232 0.7675268241939701 0.805128183415331 0.8038183177922954 0.7927404930151106 0.7918864939529898 0.7758343141042084 0.788049501657258 0.771427897457486 0.7685786191370574 0.8106342537842612 0.8150925221862235 0.7924562755596047 0.8208799756184395 0.8276374401698283 0.8257131699483327 0.8372013646273617 0.8573895660206325 0.871493081052606 0.8886116428530483 0.9012480604378548 0.9052702692517419 0.9556847052381314 0.9791985856626472 0.9905538634295795 0.9731471215764083 0.9558439009225188 0.972717499088626 0.9599543908399073 0.9322089452524717 0.9270433703819662 0.9057004595457628
0.7499502989393647 0.6609211727117424 0.633633472162794 0.6770843028705875 0.7022712787854435 0.6604853485408239 0.6551012277272461 0.6922433305076645 0.7303448256125268 0.729512748210125 0.6900364260828769 0.7469105728360972 0.7637574319826038 0.7705592251568271 0.8254322212558914 0.8425822392023532 0.8106338676589083 0.7976876900283096 0.7343713130893518 0.7914295945613293 0.8223652719655724 0.7908476627425637 0.8016430365635099 0.77033291677584 0.7997928149204088 0.789752683886665 0.7916837936534814 0.8051522300453364 0.8236133414012676 0.8680219619367034 0.9320451249765548 0.9211276757831341 0.9567277745159848 0.9358285856454305 1.0 0.9995332887192335 0.9999926687985721 0.97868081094016 0.9637226731109305 0.9431009169126011 0.9418506380138747 0.9211312062684742 0.871005310721438
0.7028628808160307 0.6820557042724551 0.6412390237165179 0.6331183316078169 0.6237482390665441 0.6284142286734251 0.6699132516407255 0.6852684814270825 0.7316844067611711 0.7025675690444754 0.7361582193592666 0.7779587230634967 0.7781961097008516 0.7797386905144053 0.7951659454134463 0.836032154903665 0.829261449633032 0.7597256126746919 0.7545044698838248 0.7745842981020739 0.8361507735116107 0.8080493586250999 0.8218589429430241 0.792879502546889 0.8083544922056125 0.8025949719970904 0.8236380975631916 0.8000076033707955 0.8266317622261175 0.8805967096659407 0.899079795057133 0.9025639285307164 0.9337421524935704 0.9286785808021534 0.9678548022860627 0.9814320625307693 0.98495182982264 0.9640130149216113 0.9666142807728343 0.9648696501544719 0.9425862975383988 0.9082227684641451 0.9101795230596341
0.7123209169736096 0.6866890152507996 0.6484213140120565 0.6168110061909187 0.6267239022692667 0.6404547944336858 0.6226993618518415 0.6759192056594779 0.7367863043052899 0.7135160980836702 0.7594548673280374 0.7954418880877854 0.7971962631901365 0.8235608343304032 0.8431943018011653 0.8237844461988587 0.8031363401778802 0.7814003260487812 0.794081147224802 0.8058012317863857 0.8271301053960415 0.8394649493386633 0.8599958225463868 0.8242924844869568 0.8216878204022905 0.8306176173442245 0.8283441766793919 0.8298196553629935 0.8434596652072316 0.8705053434704443 0.8573147945940125 0.8633948242750922 0.9378808120698375 0.9420089544385198 0.9141352849632244 0.9303935074809303 0.9084424547443669 0.9501258672925909 0.9389787126679259 0.9138823801053034 0.9108554560191024 0.9004669087941931 0.9074955020983692
0.7085204784370537 0.7020265070565654 0.6479785412113881 0.6564285458939068 0.6353197219184415 0.6323910758751982 0.6801005115685981 0.696351486267931 0.7429464304634155 0.7570897752700677 0.7808207601841388 0.7637396770116194 0.7874033758455456 0.7978577343390724 0.8426243761819837 0.8254378935719 0.775607996807945 0.8042567808735595 0.7829077477266417 0.8029075798003581 0.8257107173250258 0.8759050961850195 0.8575366727119591 0.8556808693904263 0.8282521836225707 0.8152574913193588 0.8054460906455915 0.8300788025790482 0.8115867407688312 0.833736421758545 0.851753290159434 0.8617021177507588 0.8929326461133162 0.8972176652052356 0.9013783471404527 0.8633189567331409 0.8635654865134923 0.884814625526606 0.8889976719267146 0.8708563790621718 0.9006083885567928 0.8713225388531369 0.8498791251292828
0.6967499207730469 0.6769477963656634 0.6737055656885905 0.692934182601843 0.6461680172147016 0.6353383528726214 0.6570359782535552 0.7180394525153625 0.7122542954843635 0.7355150679094534 0.7943753534807279 0.8025173692893047 0.8072066106114334 0.8136994782625169 0.8138967307463352 0.8035476506251017 0.7790295863927293 0.7898347051256172 0.7932787134850023 0.8329898112845896 0.8385876071819122 0.8845303102549845 0.8658477064255057 0.8446583823877822 0.7999571264091665 0.8304309105656457 0.7965027463201669 0.8043135226242317 0.8005692277956488 0.8497703052301714 0.832087547240086 0.8481258387689208 0.8933636244550445 0.8401350925654159 0.8669945959003301 0.8326225172248495 0.8481408112667577 0.8642372209368739 0.8150434434922968 0.8282471062824411 0.8549060375719969 0.8683803475592103 0.8457742772085971
0.7304858035759371 0.6993237079499497 0.7114905344430074 0.7110580367452788 0.658098671546351 0.6766087240831635 0.6904531275784753 0.7213317035740632 0.7232243041151406 0.7777304922305109 0.8252379107135676 0.8035365923986119 0.7882301730537586 0.8049481210393137 0.8400652099652433 0.8424404989379219 0.8498009285478214 0.8280284094658515 0.776728991770525 0.8099309209865202 0.8163955414945141 0.8602911299589242 0.8688915391199021 0.8322608459897269 0.8434328868925417 0.8096402014417304 0.821515831623545 0.8122861577679906 0.8384803115630431 0.8266972218851051 0.8505166830370536 0.8366114709431822 0.8390090916368274 0.8068601079616498 0.8187740023997642 0.8173839778684475 0.824664716044282 0.8351334560326782 0.816252886433878 0.8052229591376886 0.8226089682728585 0.8530085166179056 0.8380595345072032
0.6889630943808986 0.6899950185953488 0.7438689017273084 0.7428506806542904 0.6876335100977383 0.6880002762699787 0.6804319231611708 0.7086576472388155 0.7714395724374608 0.7767968054542215 0.8241976480403582 0.8350618466433274 0.8042676635700079 0.818157276135867 0.843097510595897 0.8310173240755773 0.8389530025379293 0.7968875920062829 0.7882199634749492 0.8332446924232064 0.8331666553079787 0.8589373578358352 0.8847189716047243 0.8775277106266929 0.8858798801518343 0.8129292177905888 0.7986605514792068 0.7963335368365093 0.8117958286961937 0.8246757191320254 0.860047141456253 0.8346515884828869 0.7969925272902445 0.7830881709830083 0.7723108678678199 0.7823077607147688 0.8009748434984346 0.8071599160913792 0.8232370039466547 0.7778823431751545 0.812790385186996 0.8078517809605794 0.8226336285893192
0.7316196958855414 0.7149975872017681 0.7485566466882024 0.7219553806813992 0.7291158383153958 0.7203819645935118 0.7156877247187473 0.7713735213477465 0.8031555105572342 0.7888840686280194 0.8008309618524899 0.8097381748136924 0.8109904582365496 0.8705059740618226 0.8702527836859185 0.8379483774668892 0.8389187754550211 0.8201022398498568 0.8274023107401994 0.8633985311220163 0.8502684625535593 0.8586945979324145 0.9092061573358113 0.8812918347536325 0.8602344405612141 0.8414795702940169 0.8100568042296874 0.8272060963933803 0.8248188304273438 0.8574941337515435 0.8472768074895979 0.808774577262384 0.779491667616577 0.814593193885642 0.7940553686721373 0.8038997943758954 0.7920036341141545 0.797126082736253 0.7817505061577417 0.77559754226815 0.7972031029932303 0.7987279201738217 0.770220006594271
0.699111890941871 0.7508965794812922 0.7382238013730565 0.7618031108219987 0.7331513405041956 0.730518973548735 0.7573761798268827 0.7630769621875578 0.776808106625195 0.7910867826268455 0.77138610403076 0.8294996365386186 0.8373160431062877 0.8867416264524856 0.9079737573723129 0.865410742489565 0.848274025140537 0.8359434052857588 0.8660464710135413 0.9075501132930375 0.9099884765716258 0.9170277987618285 0.903629219716144 0.9042837930998434 0.8538673744494034 0.8941571267175104 0.8789815464302424 0.8475918512034692 0.8877467418021294 0.8507330890592119 0.8330979724423034 0.8388532267185957 0.7944316441802874 0.8196509651363943 0.7864791076451885 0.829775619909579 0.8210018954356451 0.8334234398836564 0.799245249194082 0.8011352090803273 0.7542776580962092 0.7499911078386842 0.7577949934478737
0.7166958450703295 0.7572522567630608 0.781950177345155 0.7730480222081662 0.7606329169446409 0.7487724976359631 0.7686969711580142 0.7675393680402438 0.8255065105090632 0.8262645244737946 0.85700175960319 0.855638954021838 0.8333285535966071 0.8892400431060268 0.8898607897532471 0.9001949118337113 0.8946822380933024 0.872854758689485 0.904671198913373 0.9020364641935683 0.9093232118792108 0.9596757054763763 0.9286777088045186 0.9032851668476114 0.9093531629014394 0.8965679340726035 0.8929320634995567 0.8756787539272158 0.886389166396544 0.8777283580478175 0.8256504531341728 0.811586907630032 0.7982144655886851 0.8038633631003177 0.8238246465070015 0.8138796397870605 0.8510799727617818 0.8143404893590968 0.8065139542066947 0.783921275947863 0.7461262705545988 0.7659355821437447 0.7716862685899417
