Raster_benchmarking/DGGS/continuous/raster-157.asc
NCOLS 100
NROWS 100
XLLCORNER 1743159.2212578165
YLLCORNER 5469296.128958153
CELLSIZE 10
NODATA_VALUE -9999
[rows 76 to 94 of 100, columns 0 to 42 of 100]
0.38681627675874564 0.3769717648003661 0.38924614545731373 0.3838899917375019 0.4119921387017094 0.44074563440226056 0.45218315283901533 0.43382420206487765 0.44279255699477904 0.43538159369039436 0.4687097231927086 0.4495616373120061 0.41300551941335895 0.39106543361718005 0.3917825575626968 0.45643309865684956 0.4731248423130461 0.4878893504143858 0.493501610498116 0.48759083936637265 0.46683408806910237 0.47819349251606486 0.5140971636142928 0.4547547450246218 0.42759352299099107 0.4123646953400707 0.381387858842591 0.34972415860530603 0.3534223062146996 0.2906577926975208 0.26278613595697675 0.283245872069372 0.3201469903589361 0.3240123013931386 0.35661957611989464 0.3374694534665215 0.3541737271278482 0.34234444093136623 0.30125926051671276 0.32381280480550706 0.3041983080037088 0.3127267661485266 0.3229499552904091
0.3386640429810085 0.34697588494068954 0.35113007959923803 0.3753626567982212 0.39262322186413506 0.4205756226738063 0.41992105402748714 0.42578378779413967 0.42197548913530925 0.42764382190996764 0.4422034016822318 0.450869698930055 0.4514179127569002 0.41252311742542896 0.4325305610497949 0.43472183985909396 0.4439901717814453 0.46904817419062533 0.48405394537034685 0.490224914648406 0.5071271173409111 0.47080917783260623 0.4919701775056207 0.446792904612319 0.4196222661261312 0.4206511373172922 0.3747492040545441 0.34179337598747533 0.30861610019926267 0.30301676988941717 0.2959471032563608 0.28378841419311734 0.3005421151136483 0.323598978145435 0.3197909044354167 0.33002900334661406 0.34820730626519353 0.33239640364423717 0.32006135372749095 0.32297960687718713 0.32532084281389223 0.3204174570372486 0.32962536804287557
0.2854826325386088 0.3318706104285616 0.3449819596871952 0.3297897708387863 0.33376919114966797 0.3616707483000736 0.40784212107025786 0.4112958707005557 0.4202358586977257 0.4296367508900173 0.43994543451922025 0.4504435983797102 0.4577170304483847 0.44357456345376894 0.4189718495749607 0.43087885230671197 0.42956776127932467 0.43657276259337235 0.45044543054982394 0.5002619129423391 0.5144357114520868 0.4946170859368161 0.4723843290600829 0.466067943810638 0.45418216111136567 0.4022051686085311 0.34222081581513747 0.32816057465061493 0.2992065950839105 0.29680353919412267 0.31010944972086385 0.31703666840887634 0.316759216994746 0.319190110558737 0.3059427507367309 0.3187640202147441 0.307863512373012 0.3175301913241959 0.33856965749271356 0.339479083547945 0.3327019271674732 0.3076818099337798 0.29744474055676057
0.3000902542833837 0.30531755050893405 0.33616484239312816 0.33289015406011674 0.31743825031427364 0.35494022345540055 0.35452971392978055 0.39254616327144787 0.40607580086871475 0.4320813680983412 0.42555991764131845 0.4499452792162349 0.4689917251053769 0.46780367730143446 0.4693204130584418 0.4590352658586435 0.4667323964570662 0.45550290829611356 0.4695920164677088 0.4629509165424957 0.4703957723034263 0.4912279285049103 0.4759959071561051 0.4450821795824345 0.4018105099439198 0.37438168739855787 0.3707939016526217 0.33104816664179476 0.3346591062625767 0.31520688140830366 0.3064135088088805 0.2890880154316885 0.27696994534250285 0.3115138447182841 0.31284123550890774 0.3065687088462957 0.3225255369107019 0.3115238768922644 0.32315805112295515 0.307696406317044 0.30781588251626385 0.29974470812686765 0.2853669329534219
0.28659936316818185 0.2877497635651798 0.3003929806360809 0.2968314253597118 0.29417705995113586 0.34349578361002037 0.32249725064636836 0.3808749314312671 0.40554046233944163 0.4223499239010993 0.4424384016636176 0.4314022580936827 0.46674443924977976 0.4408855333776106 0.46190626988229455 0.48618385800032005 0.4742330907769632 0.45807988447041814 0.48529376450616746 0.4603514186181624 0.4727176916686892 0.46188832356900855 0.4877511818353388 0.43156641203165297 0.41127210875039116 0.39168836640650284 0.3576226361405283 0.3182517525806255 0.34449132420384465 0.31074783096471215 0.3196699381083598 0.27950576192146326 0.27753803430895246 0.3013265615416671 0.2985585619107814 0.3090840036632966 0.2775543280688172 0.2788175346633585 0.27814651335836627 0.28559004018533823 0.29198294328307944 0.2842840010928599 0.2849618400091251
0.27024801038273205 0.2476972063645919 0.2346361928559081 0.24622270771223798 0.270450821627338 0.32184800949541553 0.3425378130240311 0.36447267043959014 0.3579702899132593 0.3971584018618637 0.38226155961289293 0.39925380835984936 0.4313889439088286 0.42033123184702453 0.42724091561215033 0.46287571553383905 0.4343984875901525 0.43124542046822223 0.4475337785351314 0.42481060104714163 0.43511597920184847 0.4485371936283975 0.44348023898458344 0.4418519150505478 0.40157241173711794 0.3696508496887224 0.3335287935166684 0.30721436676116204 0.29604023994015316 0.29253617269262605 0.26867268808791617 0.2647885288326261 0.27809871144549825 0.2829299205217718 0.29390659444886913 0.30848533295316855 0.29921230807520277 0.2996383788776275 0.31103371049888595 0.3095687868781163 0.31596203794529065 0.3074766747276925 0.29127414461154505
0.22170551339239733 0.2155696911877214 0.21221303444703254 0.2404733036242892 0.25727028274315034 0.3040138990962858 0.3273821398471587 0.34708685417140367 0.3481000909950877 0.3427894446869887 0.33711163719993575 0.3837362728304319 0.3813004677257147 0.41190513830292624 0.449736865578665 0.44865611756433227 0.43228556397112927 0.39559757816264846 0.3982419057320137 0.3999788221071391 0.4041865820516994 0.41611938649793395 0.3991692705786078 0.4196329658048847 0.4045105584916135 0.35565235304495024 0.30573639864144736 0.3043521787418692 0.2676671297313254 0.258791754015585 0.2565451701548659 0.23729721695790287 0.2566434380660824 0.3088759454621871 0.3350155857153847 0.3267236074547055 0.3258286285674055 0.30996071813746945 0.3139261859064567 0.3239483419099175 0.34796023303990176 0.32110574381213175 0.3077156201639036
0.21346857876256298 0.20398487285248962 0.2378995508910581 0.24422086029626175 0.2516401456049606 0.26271354187773394 0.31690222321706035 0.3087405062436152 0.32217995554038886 0.32733397165787115 0.3355206037647536 0.338188626546331 0.34002593412688525 0.3782424408759307 0.4217589181252491 0.4313097147673189 0.3776409333610443 0.3690807319054392 0.3855072945743328 0.38332933582065093 0.39621835005767325 0.4052111001772196 0.3914372096238507 0.38268211493390725 0.3790744700566174 0.3459381611306869 0.30987989621969386 0.2905796948218322 0.2494554909782338 0.2325963322803847 0.2647082867920413 0.2555398191296753 0.2717457714674006 0.2991501986703728 0.3196164325197143 0.3407023573772984 0.3215319876097948 0.3321142678965767 0.3331269730530021 0.33826119600306603 0.35720252790659235 0.34830209676725343 0.34326953590437986
0.22283156185984962 0.22141795419529328 0.20880247491668466 0.24041969904579694 0.23319647115272388 0.2811391691387904 0.31098906689121386 0.31097835032001003 0.31273667801214095 0.3055855471471948 0.29038239986048536 0.3326728347668419 0.31848133134188744 0.36820491134889 0.42056465404837506 0.3812306525716407 0.364746100808742 0.344462074132483 0.36651641259761464 0.3512851694289194 0.40072684052094126 0.4042465599473036 0.4116813821244418 0.3717736521636573 0.3852215381412734 0.33331313047852035 0.29849384682066193 0.2726166388995787 0.22083896024849953 0.2321610833019613 0.22970814738072348 0.24392878077790572 0.2915370879029801 0.3033146445429801 0.3178975455728189 0.30584902443866396 0.3093631629900103 0.34996021606747135 0.3706983569037607 0.3866261851749472 0.38893694799268846 0.3484205283904884 0.3437351144522009
0.21582894938501218 0.18925684567561343 0.2226167406695129 0.22739925168791475 0.24113463573042979 0.24827106527143525 0.26597810115568077 0.27944295303206623 0.29871949167543416 0.27707598208376794 0.3012355660276061 0.30040016884109855 0.30368528680588 0.3368355091943394 0.35077166842531526 0.3524298097960996 0.33985399978752706 0.33963212999130427 0.3347130169743982 0.33802585824220166 0.3436261706548687 0.3430959074296663 0.3415328984530247 0.35434258036401894 0.3407606133948037 0.33954307779315634 0.3172982183930001 0.2554151929114849 0.23481422514396097 0.20529837372344673 0.24416317664292855 0.256242734116803 0.2750696788384787 0.2803052672201726 0.30764244596299256 0.30762231181739474 0.3160390666453998 0.3151708794610074 0.3726364151961814 0.37896944893918283 0.40000322019632367 0.3724497697234888 0.34830348849463577
0.19182318850848035 0.20080036386453107 0.19425353062866524 0.20453416753372494 0.24680959968097899 0.2678068940545213 0.2728056797641549 0.24815784731490906 0.25279181444562715 0.26282217656345697 0.28692001791010324 0.27770210100039755 0.28366487386684985 0.2883521123664208 0.29422194043867017 0.31605195308155754 0.2997514112898352 0.3067082049785741 0.31294029030491943 0.30288280346677765 0.3005087893767208 0.3150924263008646 0.2970420200611957 0.3126742000560272 0.3310599860366525 0.3221628576110003 0.3106679856220982 0.267380904706034 0.20668386743921235 0.22208300264213168 0.23129767302560544 0.22503368321371242 0.26007560950525016 0.2864329955875903 0.2628303165248802 0.30072563947519537 0.3058313365378299 0.3284327256666786 0.36030593948736944 0.37561054954084344 0.3755012180041124 0.35032848107584713 0.2985117241565511
0.20174510542694796 0.1944421835829558 0.20425982490997938 0.20803005444685121 0.21495814293417548 0.21887931964312327 0.23702802068687162 0.24578321458322006 0.23870287796656214 0.25702228473684474 0.2539695480511107 0.2704820982702092 0.24917366602636182 0.23776084111195853 0.2612748843845263 0.26389154208079363 0.27908586533031976 0.2884202950491301 0.28036404745448473 0.2869884418079855 0.2879908130379317 0.2986776543200807 0.2935377597817387 0.30724801669280555 0.28939860865722833 0.2851510995015879 0.30187855038325195 0.26694437030204377 0.21350129585215014 0.22237176145570672 0.19724988007352326 0.20074163304655934 0.2252905843937898 0.2677474418373303 0.28036560263208626 0.2854543851941589 0.3064967255819357 0.3574617685377518 0.3651772939068352 0.37386086283022685 0.33488212626173425 0.3075164794121818 0.28394204980518484
0.2457673924044038 0.21099084207052665 0.216549205524946 0.22585606788218637 0.20593285104198447 0.21911691999865274 0.18855063471163866 0.230393355327302 0.20115018692135728 0.2465281394816154 0.2313513078666535 0.22889581573489085 0.21838183876976128 0.24759463684563882 0.24163578646011 0.2629810969483316 0.2724967876572441 0.2862971891305999 0.30028208678922125 0.2911938017871517 0.3011477124020314 0.2776329089895596 0.2566322450119479 0.2803292382186013 0.28800952558670334 0.27598873272009367 0.26984801717293644 0.24736465012880013 0.20365874771194836 0.1661510633911883 0.1652846351588691 0.21135802327490436 0.22947449264878292 0.24708820755522656 0.243296636038521 0.2832878350209299 0.32464722075385016 0.3521806719603979 0.3626941802828603 0.3296834738126454 0.31605382282696937 0.3075070698968979 0.29926116302848277
0.21103927430440111 0.23570750048107345 0.22386234432913935 0.20616748842113378 0.21390204682538022 0.22172928708523842 0.2084766146018432 0.22103604658958714 0.1950472504437783 0.22068923607918045 0.20026978436403753 0.21988833331723404 0.22713417189129328 0.22682423891373857 0.20224382521243775 0.21177667417712248 0.25405069709650246 0.26747303132097333 0.2636123938127325 0.2559561542259334 0.24832841735915415 0.23507813925695845 0.26253125833268537 0.24062989345487845 0.2681990823386869 0.24872622869105523 0.23466010286511155 0.20279304520787078 0.18911667052845488 0.150303645199618 0.14635503972337718 0.1932311820466268 0.19192532731822337 0.21478192119045764 0.24427641079248655 0.27323255200465735 0.32941988648004605 0.3427629010772729 0.3483874703740389 0.33957584159925164 0.31354300405759233 0.31110633578776936 0.30993486648090435
0.23141772228280705 0.25115454303814116 0.23609618534220284 0.23998730982119357 0.21108380213748654 0.18561619530306814 0.2085859888089152 0.21091129694121327 0.20679527797329547 0.19731767171265316 0.204126580423946 0.2121356088249221 0.1943876337976286 0.21514537975180353 0.18218905921134193 0.21632577524125823 0.22139562973900825 0.26316754109183454 0.27492567578623955 0.22696096924981074 0.2110868697544359 0.22918490998315377 0.23685440889869996 0.24203120961999147 0.23219866826492072 0.21906121927789915 0.16575285620262556 0.17063458742522017 0.16751471058007883 0.14323286914508854 0.1491766990813316 0.18745365424065819 0.16729452013920926 0.22336362683536665 0.2561707734726721 0.2841682678866754 0.31873037113180586 0.30499623027016215 0.3281943406718324 0.31697150438312555 0.3297363894789322 0.3303232452668183 0.2986603912958132
0.1966054364124699 0.22314240510273742 0.21538906132021773 0.22423200140099353 0.17692592030547713 0.16592431350357256 0.15957746100563233 0.1615229383335128 0.16728543046906408 0.19238625517204777 0.201985363732629 0.19049106070683425 0.19555617561161806 0.1887561095362699 0.1759344115512274 0.19150563691606895 0.23329744279736978 0.24972193515064953 0.2592097796868307 0.24534175432879085 0.2323527974795839 0.21817707632439767 0.2171439164135542 0.19275343499531303 0.2018787254255742 0.166283819666826 0.1686474004192415 0.16591644647590292 0.16697472343425135 0.1473717171953903 0.1328768349349877 0.1548939361114587 0.200130019057717 0.2033482601734924 0.23182519258552256 0.28470692138783443 0.2934020298524192 0.3088105204860068 0.32369460830675356 0.3115542733574881 0.3346724480606636 0.30537041802934417 0.2686571854016737
0.15924565042143718 0.16949184310218507 0.19683883896864024 0.19890240646957763 0.17930011533390222 0.160873801104603 0.12722836052074657 0.13919919482490567 0.1213663251941776 0.1464676686043854 0.1657668097045023 0.17269885543114188 0.15741783236001455 0.1563503672736307 0.18674288171899148 0.20519311836300305 0.22614688071156558 0.21623272163585455 0.23626365764079862 0.20344665469521092 0.2189223398414069 0.21129789210982755 0.176380150873893 0.19537731750046589 0.17169442037912777 0.16950872664539274 0.13895049666413922 0.12173335044682648 0.1275870981090647 0.13708754721827107 0.1572325371404245 0.17198060270639157 0.18931153760311628 0.22336753800996165 0.24273932578271087 0.2719657526899121 0.24585475880030172 0.2991956649898012 0.308158872611866 0.3144424858054718 0.3084499120282814 0.2903530223410797 0.2354344288754625
0.14787984579040298 0.16676283347032012 0.19527000539738287 0.16874278770986897 0.16453487911500975 0.14486398938072545 0.12104382744341649 0.12557131982995196 0.11141218503401494 0.10346493488220274 0.10746733698636483 0.10046279243510411 0.11557587056277965 0.1327233138981717 0.15870324865536672 0.1664255713165145 0.1990448952166038 0.20943623238179482 0.18058438175418334 0.1957309520678953 0.22549727905263886 0.2167680998924532 0.20410399485986588 0.18077422585422967 0.17436560193313094 0.17577596525708936 0.15324197375104756 0.12974161881581076 0.11747862901056458 0.11164490161307011 0.1088660810648311 0.12966889816114008 0.13497434454520355 0.18404816095773066 0.20252568034181895 0.23336714189697622 0.2397178111040659 0.2636548365269244 0.2753421010174925 0.28978166840236197 0.28052369965192353 0.27745438736226496 0.24475255624046452
0.16028841337201966 0.1443274936391874 0.1870076897401485 0.15753382022714668 0.15762997874610932 0.14548099727170724 0.11510862060176358 0.10011125673801326 0.11456700131465795 0.10529755118534072 0.08438912238478859 0.08357987444693388 0.07839255852935785 0.12154014964784869 0.14050443248037642 0.13570573153724194 0.14572750988249045 0.14996171480066484 0.15816556114312025 0.1591311262450632 0.19274851496849776 0.18443085120558267 0.20368984950033134 0.17904521219260106 0.18384731393631126 0.16289026434525022 0.15912569353742237 0.11904891335183602 0.09535737271785046 0.11753241174822295 0.12146448751669396 0.11347312782333682 0.11985583358368597 0.1752296631471481 0.21045604236775983 0.18837390767713824 0.2010689374833383 0.24136481662696893 0.25596141990858795 0.263653404055591 0.2607493831671814 0.260880020194281 0.21881136156252534
