Raster_benchmarking/DGGS/continuous/raster-431.asc
NCOLS 100
NROWS 100
XLLCORNER 1743155.1667835338
YLLCORNER 5469280.365959813
CELLSIZE 10
NODATA_VALUE -9999
[rows 19 to 37 of 100, columns 0 to 42 of 100]
0.4491692304415656 0.4390493587331669 0.40072174684492884 0.3763285188362969 0.3545947740509967 0.37183971833279844 0.3471102203450612 0.32877499228528756 0.33316769861592105 0.30001579526148703 0.2987713366132944 0.2951941147180934 0.3609078075891424 0.36510715626134127 0.39335873633480656 0.359989614025559 0.2956692863458651 0.28078265003970454 0.3016233329510396 0.3132214040973118 0.3451038882355694 0.3177494315497348 0.3384267303863461 0.32265443758262874 0.2986607979804863 0.27941561942353504 0.27701192312419964 0.21384178773614773 0.201451211219783 0.19831222336050738 0.1776491242041233 0.2276083874166085 0.23306699414310333 0.22825375284389526 0.21719207910163688 0.21518272702855226 0.23277295162435005 0.22585528851063918 0.2530485435738416 0.2465394773998729 0.19100260370839575 0.1980875355822642 0.22922705446431735
0.4685080625771022 0.4490133146933219 0.46306371581933486 0.43300961548165234 0.35534985298053945 0.3512531345776245 0.32917710702148156 0.35163613517624737 0.3292563387164468 0.3002577897538358 0.29001496595571286 0.2857396413516839 0.33767077865225803 0.38242760203364745 0.39494285512018384 0.3652163538191605 0.291315749242635 0.3078528145265489 0.2810879649932986 0.29578255904109646 0.2831091626437346 0.30655698655849584 0.32979524048339703 0.3109806687322832 0.27501699889811987 0.2749787607072941 0.2871825035437327 0.22285737839478997 0.2072370392267064 0.19865283970988584 0.19151416080220848 0.2041244653350928 0.2616895682319476 0.22423477222615004 0.25137790800557314 0.21798968795504273 0.21172406795707086 0.20898538948801004 0.2435738011175259 0.2533026974602128 0.22324108194779438 0.21178445124655326 0.2042488684898373
0.4799282548271362 0.48799303451155485 0.4816604539692702 0.4347370097448452 0.3708245211425052 0.36247488319727866 0.3553444066380303 0.3237254872160211 0.3129526960074272 0.335586862509167 0.3371736453782874 0.33048194938465725 0.33857965806294044 0.36272810787193194 0.3865579332320024 0.33952122629224507 0.31260350779445284 0.29917026719002404 0.30461779824600216 0.27878162491831004 0.27984616883106656 0.31033447669100406 0.3348079900834164 0.3203981682690416 0.2806804665180303 0.2594564617964709 0.283656281553734 0.2466164665346702 0.20680204115466816 0.2219200160056884 0.23042652791492843 0.22749545704251978 0.2645181357795222 0.25445696318027294 0.2630242723637269 0.23028718684792968 0.24208522447434463 0.24244059735492843 0.27959504540481706 0.27865516771119375 0.26527974446649916 0.28249902063453086 0.2866817199849567
0.4514708782872093 0.4552596833780683 0.45647811727519033 0.4346452376751872 0.36631816159896163 0.3648503162310347 0.3103977136805318 0.3170779423706938 0.3070944428912689 0.3131021827303932 0.3417679276333827 0.3033333781539048 0.2895636267650818 0.34100035813126967 0.3458613865157008 0.3403417179845502 0.2922319659487491 0.26519715195886845 0.2588969963894877 0.3020375009209335 0.3136545665358349 0.3153370249107223 0.29612722439471956 0.2732643184161508 0.29299840016974554 0.2619618257463756 0.2573682279889351 0.2455633453744109 0.25751038853355707 0.21154853214106106 0.222602476333891 0.2216203901005165 0.27970536419977865 0.2840108128034344 0.23418922854078902 0.24141948393865978 0.24212106270776917 0.27759269881882453 0.2720062160231133 0.29498345426574957 0.31338970625881196 0.33111375696331175 0.30351034757365225
0.4921990301073085 0.4605321607619269 0.427561752950658 0.4071612376395954 0.37798874479234557 0.35610274996657143 0.29773482755714786 0.28719193967996065 0.28254147257869366 0.33681340194653375 0.34891693362852366 0.3205719914808755 0.28268831887814677 0.3119847956187334 0.326107183159791 0.30982931413032433 0.31815021886831735 0.2965195577815855 0.28538532710901093 0.3152794693546735 0.3039300532413879 0.3021711903886442 0.3119306094275869 0.2727465345663098 0.31874234762608794 0.3083043187107324 0.2849630477392418 0.25881506526289605 0.23808642843247427 0.24920979203855748 0.2543049757197828 0.2232916717924766 0.2854215705451389 0.2609824393214726 0.27471140717028636 0.26665851226203985 0.24186679073988857 0.2660142656386462 0.3000682717571376 0.2949096831681825 0.324065018270759 0.33655003657799204 0.3295785753528049
0.47748494207547937 0.4287634237087961 0.3928547666942795 0.3847039610324655 0.3501095440654154 0.3289060883248859 0.32865353237799677 0.291364950926271 0.29141589297993437 0.31404469258982615 0.31777567397980394 0.3054068249837081 0.30366107729943 0.3414571775494829 0.34016231373039585 0.3206178627745401 0.3387863494907672 0.3002032164894507 0.31306109475782984 0.3141956025874633 0.3204351136144869 0.2889183369415686 0.2861060510271509 0.32139202907466624 0.3085615783594198 0.3071595794527881 0.30263003178410336 0.2982629301552661 0.290030770025121 0.2498884385955093 0.2079141004372066 0.2287762099262428 0.28965122083465755 0.2997765124117038 0.2927788647375404 0.2775907805128142 0.2662074269041047 0.28785894602441237 0.2997116460542606 0.2792365892705751 0.2985275487389393 0.3491327429240473 0.34583616015268354
0.44806517442502497 0.4193879348628911 0.3957182753046893 0.3829436730763894 0.3971840191921252 0.37084692052563534 0.3334240225107936 0.31315569609555216 0.2902562668454147 0.27788148814721797 0.32718361018719566 0.31715723427402376 0.3178385360619168 0.3670003938868123 0.34458316351727625 0.33729211469155207 0.36033510333013524 0.3412631567160918 0.2934516309066915 0.3179289659015805 0.3134697977637997 0.29236168829284304 0.2979088640164085 0.3092300838090069 0.2862414795111982 0.30608191289207554 0.27991669142486036 0.2838442544844622 0.25566500305934575 0.25778046908187363 0.26375570442584134 0.2677021149349629 0.27316924692517996 0.27631495585025684 0.26725764811853114 0.23540235387815317 0.22704037260939094 0.24960177235334982 0.2724966046612642 0.28909268461116316 0.31344314669448287 0.3140342109583109 0.35476159091462156
0.4641098902798598 0.4556912911309148 0.4483026413542219 0.39002592445240514 0.3859581577887733 0.3901337982305358 0.3794680833241778 0.34382701974083496 0.3083689650161115 0.2727913165777968 0.29423628184874956 0.33623490260835537 0.3658075763333348 0.380061147144499 0.3894036586319403 0.35460224972949145 0.37642199617253763 0.35584924221421105 0.30932235557581034 0.33045206896878115 0.34754511963238144 0.3326280954892114 0.3034796430767989 0.28209740201202477 0.2992053894455292 0.2979852541605734 0.2578255699140423 0.2959648454027515 0.24992886045981252 0.24145216464149788 0.2617299199776651 0.3007521206912614 0.28005410679795606 0.25828252202969737 0.2336129171497489 0.22953893567229017 0.23726913316349776 0.24978736168983978 0.2749926676093855 0.2658227506212829 0.27119343772922627 0.2869106320106329 0.310234628866363
0.49920265591401514 0.4962488424697467 0.47466216107477743 0.4370263531129723 0.40475996341939735 0.42025262970411686 0.39658713153254765 0.350970939917761 0.31838305618576995 0.3064457683155925 0.29370442847426753 0.32328184303330143 0.36030732735908244 0.40514224735342436 0.3995966227861617 0.3680194848648249 0.3384390249940092 0.3262903892933701 0.34204837608906913 0.3285240171727677 0.3370667593538849 0.32929802430365934 0.32171020817596757 0.30766090666647544 0.28317062211094207 0.29202323689291687 0.293703556576389 0.28601990717130527 0.28410962434797227 0.2994547863802728 0.2998354075539598 0.28237737243030164 0.2529568367015519 0.2663159528053601 0.254401543985854 0.2233711947165528 0.22455156044010757 0.25257136102282646 0.29023110909869343 0.29273112118701006 0.30051832032103865 0.2900193374444739 0.35378185998870887
0.4971351602912179 0.4889438469729605 0.4930145696145662 0.4650081544424764 0.42398554488163165 0.43365197203493006 0.41497401161482717 0.34629930942285475 0.29896707546452517 0.3034342557874958 0.28854125599623265 0.3402323072507952 0.3773558664743697 0.38769593531367735 0.3886934305263701 0.36673615288030187 0.32592153087207243 0.3474621701883933 0.35224306445230696 0.36022264057388476 0.3587406742397698 0.3532514581119909 0.3204078024582678 0.2960561257057313 0.3019541214891629 0.3179111957401677 0.3093173642866118 0.31110320212154996 0.31396319577203496 0.2954505258872272 0.25975011156606026 0.2837068528486574 0.2747072350028924 0.2528242343294572 0.22271347475390982 0.22994517547616003 0.20542254731421258 0.2182057477040019 0.24352244839643616 0.3019634041348067 0.34013379516294884 0.3639278934281807 0.3202184122650599
0.5189192206768511 0.5351807032133371 0.4840011290707048 0.4538809510787595 0.4681063674734896 0.4455806900930124 0.43329444149525354 0.3939236132042894 0.3534266695117363 0.3154286021706555 0.3027128400746115 0.33136795106550626 0.37509896109359214 0.3500811890694582 0.345228601737758 0.3339681378518643 0.3313285626972971 0.317588078218572 0.3366450900443648 0.34116784927358734 0.36117767325870187 0.33676271100404603 0.35530933141822485 0.3309555337841065 0.30991961148208685 0.34010787465678327 0.3257186654232795 0.3094586135895338 0.28349496905824556 0.300483938799985 0.2662419617734922 0.28582105896416576 0.2517102400806772 0.24957241521996357 0.21221751406434305 0.20143742068487394 0.2551844085317198 0.28234085317317636 0.290876285012468 0.3178141112469186 0.385978390626146 0.3922953884161114 0.3555777182736657
0.5589831849746991 0.5632463405449737 0.528413514527675 0.4846993036608108 0.4681649673946047 0.46835678679766235 0.4214630804416749 0.3932590829024795 0.34689241752243105 0.3131582788506521 0.3333699440734337 0.31374255414892277 0.3524662454379943 0.34926925929279495 0.32128358908867466 0.31594361541117744 0.3055855649968919 0.3075676982972911 0.33771005154167955 0.3302946831086657 0.3184316729653083 0.3081219662643715 0.33235354644840565 0.34503757034534704 0.31566341774202766 0.32053140158895277 0.3594279324922829 0.3148042319034023 0.3228365495229592 0.33004034070759597 0.28252288605173614 0.250216418605216 0.2613932056416771 0.23625159261823594 0.20972733076719366 0.24109572407996704 0.25771034314488545 0.28232440788950214 0.3211909547587606 0.38066212096315677 0.39793588707198185 0.4229776544852106 0.40984199495555207
0.5216300508879023 0.5369590568228969 0.4911207949859552 0.46730023225723955 0.4274822189261643 0.43655588865021405 0.39896193147599224 0.39386995926392215 0.3904644884589809 0.3435813326290212 0.3082452736293767 0.3333705967440554 0.3399258075907984 0.35275729486021973 0.3066680994569614 0.27870157905012083 0.32069900700194126 0.2975384239566703 0.31916047878800374 0.31043494327198246 0.3381443954606174 0.31907312452508446 0.3266989415573261 0.29752624137526545 0.35192108220227347 0.3467795783448534 0.36526637582422544 0.3653762221679677 0.33974659024273945 0.3235602543237182 0.30370471166721186 0.28531392598914807 0.26054042140463435 0.2558405482308501 0.2250372934034122 0.2582290087887901 0.2993257160048291 0.33756408687607226 0.3456639027730165 0.3974329618788416 0.38644599532991025 0.42772931097819755 0.4455776804252728
0.5136701102694016 0.5042838874804556 0.45814207237805354 0.47166794825160546 0.4228435528418501 0.41296216868297886 0.422252273116076 0.4263150878228108 0.4041062590445609 0.35277594258625844 0.3350499073561713 0.33542741413640775 0.34226708956463514 0.3048616271347331 0.2995976075257446 0.3260795616626789 0.3016490563198231 0.29060771281503617 0.2931072466484039 0.33530362106492045 0.33577588235367073 0.3047724951494249 0.2504511234129086 0.2920351592825323 0.34258886278771755 0.3519228443655504 0.38240143615311456 0.39582476653302867 0.3570074266489091 0.34372135389908937 0.3464619262577291 0.2869947704250887 0.2543429180681599 0.25901367143665044 0.2375262837433386 0.2796118035237982 0.29509673896643296 0.322334774410363 0.39071475778289677 0.4142297046300708 0.4058509333751127 0.44537684594262383 0.44644291142519354
0.4459571349085562 0.4624679150035848 0.4626139139634245 0.4428626746349441 0.41201041483980594 0.4021884313630446 0.4026064326356659 0.41186225950186234 0.38890133810409633 0.38573195425249684 0.3255795615365698 0.31271795264461044 0.32659902888603576 0.3327785117992201 0.32506302344408305 0.32829529937352875 0.31356695427436165 0.31421398972238557 0.29021041748594967 0.29627558433731394 0.3178159571734604 0.3095450356185928 0.25770631071011907 0.2960646964776227 0.3404145792934144 0.3601050557065759 0.3362235549676454 0.3719715343718814 0.3498577692134815 0.34956528915630464 0.36540844144596324 0.31209843086439304 0.2881667326456505 0.2361335812828739 0.27228481350968886 0.26075545307303793 0.27817179151118515 0.3236347160410192 0.36281278316029725 0.4051348349558048 0.39324449314518406 0.44392384181367855 0.4185842235476934
0.4213476577649429 0.43290946186289647 0.43137724991583715 0.45129634588011364 0.42573455367045254 0.43543492659271815 0.4432591727940145 0.39699796027824186 0.3963759082096558 0.36225217737470095 0.36616827076767183 0.34625220659348827 0.31026431775046753 0.3103672108727712 0.28225772268142857 0.3158057947854647 0.3168017433964847 0.32099097521986847 0.30257532068329707 0.31156260543676384 0.3194161382239661 0.3204920500213258 0.26685016312427073 0.2528199703700851 0.2691307197155923 0.33808587104154686 0.33373729292467336 0.3156742891248402 0.3252425378064716 0.3621226729988863 0.37634250576079253 0.32374934921415344 0.27664491398013963 0.25748300737803004 0.26024615030388765 0.2722048667930441 0.30939403438461216 0.34032009965702475 0.40864072728636297 0.40762364951697727 0.41002175458219986 0.42085299261310877 0.4268443906081449
0.43089972924355063 0.40661492153972084 0.386231072467765 0.41752710004818144 0.4220824970404943 0.4237910307195094 0.44208049273415817 0.4154170845860994 0.4257128780219966 0.4024771533680257 0.36113085339959144 0.347021573778578 0.35001081887793134 0.3158717692794162 0.3094757016706472 0.34926447355529516 0.3336941824433663 0.314221826950348 0.30359860377273645 0.31469770247031614 0.33361459204969807 0.3149395064838635 0.30829341978262526 0.27444819875296306 0.29297990823705633 0.3162728728765294 0.31505099323457414 0.3386151531152765 0.31955620446877686 0.33340968442843644 0.35079697068589316 0.347735117472851 0.29637302955560096 0.31352555092022816 0.30424543593313197 0.285469610960961 0.31184399116824413 0.35093548614349046 0.3849575839883693 0.43572595692650123 0.42476861385517084 0.42210675326285285 0.41494051755671113
0.47345213518714374 0.4285944689655133 0.39758404658898766 0.44370596486824443 0.45283737075871655 0.4221270686703365 0.4594079832321052 0.4101249206047278 0.3952628275074253 0.3615402270765155 0.36492759545583126 0.3525757022403327 0.3679316484435383 0.3625818131464661 0.35246676491034973 0.3963995738411742 0.3646748328471882 0.36466310916565 0.3535810556407292 0.3476444325648562 0.32492151222032695 0.31349759041737646 0.2974922231607223 0.3146673277062248 0.3622330212777254 0.34451550493868544 0.30529330385633024 0.30380760880007573 0.30809008335298127 0.3503570071237885 0.3705739593384214 0.38422208657279516 0.3338580848967161 0.3205961428196629 0.3125963944706052 0.32949358314028676 0.2947745037880458 0.34195326311875834 0.37561657183167846 0.4091342581511078 0.4498504508603924 0.43998978068062733 0.45372226164279283
0.4762682169963467 0.46598767792052714 0.4274450540502075 0.41376019193996044 0.4257014542751971 0.4477854136902084 0.43856665661440314 0.4362715600566576 0.43214284778688883 0.3926579979710462 0.3952552264524969 0.3673595322309736 0.39926281787362705 0.39098660757971454 0.39838663241737104 0.41435194484928484 0.42133156349906736 0.38616644713711656 0.3553369140829214 0.3402699878320434 0.3595335189487046 0.3364378929644283 0.34495468634520543 0.35541633745141477 0.3515085081027157 0.3858377701303361 0.37635490702462854 0.3523510572555606 0.3252101944907886 0.36533527402026733 0.3822947183117248 0.3905060100994306 0.35118934710862837 0.35508090871099024 0.3376824045265198 0.36409924327491544 0.3675421214526888 0.35115368887570664 0.3721082922647352 0.375335833218455 0.40059948556476804 0.40233551332539874 0.39754013860199794
