Raster_benchmarking/DGGS/continuous/raster-280.asc
NCOLS 100
NROWS 100
XLLCORNER 1743164.4569610953
YLLCORNER 5469289.775219932
CELLSIZE 10
NODATA_VALUE -9999
[rows 57 to 75 of 100, columns 43 to 85 of 100]
0.5943319075635859 0.5704497186151671 0.5661490759065425 0.5463180185390701 0.5649173602465035 0.5546447894899678 0.5292826186862792 0.49073911271877557 0.4666861618717015 0.5093643953134692 0.48736780775065713 0.5046579942951449 0.5521440799357966 0.5258883619476258 0.5245227644708039 0.5328512660019334 0.5033428295781353 0.4866037632476597 0.4789127760882255 0.4243766688235547 0.4024263122625005 0.4487994206116376 0.44271611374935943 0.4240776435009209 0.43353111966776486 0.4599762796427996 0.49100100255531687 0.4948852305696325 0.4578444002683281 0.4606746355134164 0.4744506558027813 0.542724121153007 0.5666242701248219 0.5675643927538178 0.5254112503006639 0.5615121203035862 0.6007186136899901 0.5730364044880778 0.5690084132661806 0.5942675844424709 0.6243234013538157 0.6432815552697583 0.6791925723502941
0.6146631597604667 0.5808125373757695 0.5860586708477782 0.5576459577921885 0.5736725977145357 0.5439627072350939 0.5713777437214227 0.5355896601599073 0.5304976257507976 0.5236887693695612 0.5288049101202181 0.5259107350077222 0.5511201722036515 0.5480447334533713 0.5111330201096601 0.5371601358698133 0.5263804460580916 0.4872743711309358 0.48312028655872685 0.42018816798807024 0.4052224529842669 0.4612079495898392 0.47857468687880295 0.4703601491025356 0.46569310174069184 0.45026759230915875 0.47658687540099537 0.48935079237138507 0.4836180711998398 0.5118112115359651 0.5463505373041374 0.5623632508443247 0.5871034053125377 0.5838396630964897 0.5607628099563506 0.5559012065619267 0.5862672273394341 0.6104101616574368 0.626664489901679 0.649993539868162 0.6746079944449913 0.6767192364941389 0.7208321840373169
0.5914300418963053 0.5898740727930046 0.5919231420487299 0.6148391159378708 0.6032548153669391 0.5533950815837483 0.5729615292232362 0.527702625305573 0.5076884400411602 0.5532087179168392 0.5635565626497271 0.5586127019750318 0.5560827873223689 0.5264776815415044 0.5047987304088787 0.5421462547358752 0.5268664964850479 0.47625934087479355 0.45947321722558093 0.467346203395836 0.4315936748166195 0.44287737149809914 0.4762292848290538 0.4406166852681943 0.4492367969589108 0.4788312195510636 0.5073533816174896 0.48172894806017563 0.463179738572974 0.5514809053522215 0.5717358085802242 0.5864436074034153 0.6547108471386486 0.5986407151887915 0.5671776950051622 0.5628515935892551 0.5921833562992632 0.6361271046154905 0.6499881090961727 0.655325653902604 0.6727566952029808 0.6976370360122567 0.7480722633211976
0.636798319223703 0.5936547164335805 0.6033341170617348 0.6173481848296911 0.6002490660230063 0.5913141710454937 0.5740284735482352 0.5397988387117115 0.5231644610076643 0.5534923572526109 0.5376080092200665 0.5696267890109904 0.5759187034576126 0.5596485370816735 0.554323566888292 0.5097195161470671 0.5114706818076824 0.48935961342237194 0.49454042630395467 0.45878452025901995 0.47287868743322087 0.4758078715727252 0.4919848099917533 0.4671711117925613 0.5007570123131587 0.49616896236855473 0.5268086779471594 0.5341710827841508 0.5551595156158613 0.5784698896185801 0.5854049391234288 0.6413478560821594 0.6138701325919566 0.6078811969051146 0.6101108291020337 0.6317195606155342 0.6589121736195711 0.6486580454949185 0.6854355870621187 0.6814128574104972 0.6737443618159575 0.7328249759384863 0.7388175471069443
0.64863891763507 0.6434599129221794 0.6008125552534185 0.609061687032027 0.5941055386386563 0.5908439212961184 0.5795970018203012 0.5803111406460908 0.5447255637057683 0.5343274543698218 0.5278199376599818 0.5514579280031238 0.5760792543414266 0.548598544771794 0.5840579734364638 0.5430907296480741 0.5178656519594991 0.5210379996193075 0.4935272800080324 0.4817454078340011 0.496298797512639 0.4832641758269988 0.5194624058370669 0.5097925772171068 0.5260573618158871 0.5455250099659383 0.5537927489916817 0.5683574914894521 0.582653502990828 0.6095603907210385 0.610746628323668 0.6303580168512872 0.6311355652950618 0.6285183344814239 0.6548455875895892 0.65020751059362 0.6896626388352196 0.6978597697541457 0.6605407982348117 0.6612534195447624 0.6956696861816217 0.7154862704705066 0.7596349842644461
0.6503399122971608 0.6273143575699898 0.5970719755428877 0.6312842883148997 0.6030717228339746 0.6137648280742904 0.6095390656836335 0.576804379159291 0.5414619352764218 0.5523463852317485 0.5793720227311759 0.5979772360918151 0.60241805238314 0.5704845495468217 0.5889534647892931 0.5600587987430241 0.5616021577825642 0.5403365798471491 0.5251814256272588 0.5110926800533281 0.52066506554311 0.5279016233386994 0.5523486096420374 0.5820636469597108 0.5510620827202312 0.5918549964478864 0.555557832948689 0.5694072511373626 0.6023355689100408 0.573279815722943 0.6107128279029672 0.6366742980135567 0.6533665030466683 0.6707940527588523 0.6805133481941562 0.6988625579204982 0.720890927694253 0.7445877670790905 0.7427078177080928 0.7099065729638908 0.7368672207825512 0.7368549568080092 0.7538039268571682
0.6263719878795474 0.6095629223059207 0.6253602794348878 0.6287138156290392 0.6190202316896826 0.6090625040162992 0.574422409490307 0.5749097784674538 0.5689756963840308 0.5903598933823437 0.5675258180850195 0.6276008983363796 0.6357741882809288 0.5872121880814006 0.5782659954085105 0.5957868185185327 0.5950583425381936 0.5513496263479221 0.5485926031527437 0.5728816781086188 0.5753317250401948 0.5751681192695817 0.600676529437391 0.6126652566851617 0.6083370262326604 0.582510506687793 0.6112664228378771 0.5970147073385804 0.5901798844078143 0.5825971201057509 0.594338761309806 0.6290073516476071 0.6445749649007343 0.6874866440378233 0.716131735936622 0.7288511740929967 0.7692158175057402 0.7533328930340857 0.7644344260202864 0.7137115504225322 0.716361897468894 0.7473447582346868 0.7867561488827113
0.6130117986013894 0.6053277791120031 0.574075265686565 0.5769906748179038 0.601774435363312 0.6092369236684985 0.5859497746003836 0.5867336762480757 0.606288349113616 0.600855322271533 0.6158957720524338 0.6239583204111339 0.6142932556306988 0.6256633665032175 0.6052737232299576 0.5802892288205188 0.5930673248315034 0.5508385395927397 0.5577690476749763 0.5968257975220344 0.5823524302051881 0.5962686765294422 0.6301538491245691 0.6071561478320294 0.5937698752740719 0.6152845070800171 0.5897676737411235 0.6002669215288875 0.6057389204987669 0.627539633450309 0.6343599738652348 0.6416088921875605 0.6629312204142775 0.6871303035854931 0.7420542436017147 0.7375169155615245 0.7532659679479465 0.8057007434455842 0.7720405591599739 0.7660777035218236 0.78196095944191 0.7739651886336473 0.7976973813357042
0.568933559468095 0.5692814529595279 0.5608806752574411 0.5976373915227479 0.5932995945839938 0.6296720385367518 0.6378375363748594 0.6259854174684345 0.60117672390875 0.5988147015113845 0.5675480895427459 0.6068882022976921 0.6367988449872733 0.6371792173607321 0.5871966077634531 0.5664874856371584 0.5786105248027991 0.5517210676704023 0.5787031454767069 0.5779457147168443 0.6247873360452518 0.6142787525531223 0.6300129073098483 0.6054230122967424 0.6463532900735144 0.6099024880383788 0.6216195549598335 0.6612331864807023 0.6761334054082224 0.6695410334061641 0.6725592048381883 0.6886874758646563 0.6992946551402539 0.6931144817351903 0.7247953997719342 0.7461624169841802 0.7600939856777226 0.7937025954147401 0.828908126818998 0.8330764293067313 0.8423715173957909 0.8027308862602881 0.7899677953559815
0.5682170912018543 0.5735401550823872 0.58012804612862 0.5720083104185774 0.6030363436748896 0.5970352143677671 0.6388158047203284 0.6382225548900218 0.6081197402148434 0.592607573623018 0.5945718815044245 0.6349123817681349 0.6359214029292776 0.6008804280596144 0.6027876959773814 0.5558662600483784 0.5578298110265926 0.5581086362954474 0.5589547490851244 0.5834927620302084 0.5779219362366487 0.5879163477288842 0.6096603369032495 0.6226180565968512 0.6429785427922234 0.6410236117596616 0.6450880908227576 0.666649528314401 0.728507140883691 0.7296173687275104 0.7191430697183987 0.7242629132128685 0.7214675856889307 0.7589028492731341 0.7736669286393086 0.780907906817076 0.7968938278815383 0.7929445833523886 0.8287363896427055 0.866447349891463 0.8668303189910548 0.8277034034663656 0.8059498794995007
0.5347711796261471 0.549541108021254 0.5639466231872415 0.6006793088686351 0.5996036636770701 0.5937081712826913 0.6244284734530899 0.5954647131105223 0.6059902745201254 0.5992008434164944 0.6180836988298104 0.5971226732578623 0.6328414742199783 0.5964035633366626 0.5793150412853355 0.565925684802982 0.5382839780434853 0.5592122142737085 0.5510725314133094 0.5700281271648776 0.5519697790588198 0.615858808744688 0.6292378858164916 0.6584622796952148 0.6594529131671023 0.6458762355213331 0.6538675149604366 0.6984952505084991 0.7469522885482911 0.7599656105073139 0.7538027561206642 0.7657980260312003 0.7709083679576535 0.7696988340156239 0.7582716826114883 0.8095720819406775 0.7971301854857955 0.7931885326200679 0.8136241712456426 0.86692387988987 0.8928107726004824 0.8758554799835657 0.8704918452106936
0.5603005209099992 0.577688491419972 0.5702588633797092 0.5779535244177906 0.5936626179410756 0.5870343932016743 0.6033067657461962 0.6010209055407927 0.6141728634305091 0.6003729681122117 0.5844034208591055 0.602867204615263 0.6066228233127013 0.6216269062733338 0.6109883822203764 0.5824443581068652 0.5377146521279172 0.560385200408075 0.5719313586331556 0.5593189365096618 0.5899502955548507 0.5982666212904588 0.6413268945661111 0.6548631854177848 0.6474242775208575 0.6952563023566009 0.7122335982319484 0.7489366412377307 0.7661443799064925 0.794971360488747 0.772775393406059 0.7743343970252777 0.7798042326907635 0.7850070230688183 0.7971953894971702 0.8297782811251043 0.8075571307401557 0.8337687578845708 0.8593480663351727 0.8952400826585533 0.9066965572260364 0.8851420623672557 0.8831096267264904
0.5401841948570654 0.5539588710326406 0.5902884490658619 0.5794000910162774 0.6173127424423264 0.5784874962451948 0.5615699259002627 0.584941152323068 0.575293249410541 0.6070236768153343 0.6002543880368678 0.6142803826228846 0.5931588641721859 0.6225710360833854 0.6014640962299839 0.584346759765736 0.5428087518183234 0.5798253546612309 0.5734819851172016 0.5936494304752583 0.6027785169471365 0.599185485135692 0.641422640239236 0.6706351781161729 0.6799973577527822 0.7128196137406306 0.7444354696797646 0.7410855732164955 0.7739863591455207 0.7972015430414686 0.8092943942053364 0.7943307841648443 0.784318037769802 0.7902410564411051 0.8204170619907201 0.8380605395394363 0.838998125415828 0.859783569950534 0.8711546842021931 0.9085977613623457 0.9023018746550172 0.9051459687917872 0.8938119473430803
0.5886986704294132 0.5772120560951828 0.5981597953028295 0.6038390139326287 0.6121214555506577 0.5901353246645755 0.605785855662143 0.5872355547474634 0.6079053100193008 0.6122015259734093 0.5880380574706588 0.6106995592477207 0.5800497520942104 0.5958975307545838 0.5843966192934759 0.6110107415337583 0.5764995177696562 0.5623057562791123 0.5829073756618603 0.6113516403973275 0.6177119101597514 0.6487356100621126 0.6597078805711302 0.6879947584428896 0.6902428426841236 0.7066312467334933 0.7423090709301574 0.7826361311012522 0.7904499447334512 0.8216903402376541 0.7839908413094385 0.7935181532672457 0.7855996445276296 0.7958825993933556 0.799866241886525 0.8335516562574724 0.8322424172326207 0.8607807882917371 0.8570012621805219 0.9054983782864171 0.9281826981316165 0.9057460845742356 0.902081949886123
0.6109913453577588 0.5939829569906948 0.567632932568554 0.6041715824080685 0.6039714540270229 0.6222331039535073 0.6082149692963239 0.5935151853906804 0.60802100438725 0.5749327901120491 0.5820188235725998 0.5965506186565724 0.5764229211629842 0.5809410726754822 0.6030461445971684 0.6241567912095233 0.6290047389756013 0.5993849543770418 0.5781761715774932 0.6221749743239775 0.644956243074835 0.6529244245142046 0.6736609410844518 0.7099206469909295 0.6829025745952244 0.7223231836347419 0.7250717200577986 0.7972478923483954 0.8347125475070468 0.846910854496983 0.810098984849579 0.7945639726871676 0.8033521011645085 0.8062103718475934 0.7910369467067297 0.8407770409378682 0.8094794093080844 0.8476966015476181 0.881522870139832 0.8758298306123318 0.9114012447790665 0.8972927344652952 0.8738037750772295
0.6028426288771228 0.5990100311504926 0.6018239065028128 0.6120109041310653 0.6128067884791477 0.6025302344888075 0.5968613709068119 0.6287176313784582 0.5846605902853849 0.588392238914894 0.5905055635371126 0.6004057495392713 0.6103658128337278 0.5926051290898874 0.619818708001923 0.6400762637204654 0.6468612485283286 0.6232799569669688 0.6028741850129568 0.6120953884267004 0.6242640733712131 0.6540169187239718 0.670130355828131 0.7112135723707023 0.7190449979517969 0.7154946321038923 0.7601242100162293 0.8175046996330502 0.8180651829719793 0.8229914418252318 0.8514410932589844 0.825266464430932 0.8229745476651878 0.8190422158681485 0.8504341335142835 0.8522141211802411 0.8675707509640912 0.8745896320063763 0.8774364389601358 0.9059125057275214 0.9197317996474413 0.9143871569011005 0.9309362835989828
0.615435178343925 0.6247941918225507 0.5944313725117691 0.5961639798090171 0.610516285819 0.5774841160275794 0.5874937548400792 0.626984044456822 0.6148834334851866 0.613650422931858 0.6014478450950888 0.6034395422085072 0.6550978178036605 0.6103807793343483 0.6264918524245888 0.6094261207626978 0.6058585007749829 0.6195541175875857 0.6333010453247732 0.620557202603601 0.6269782735695291 0.6444115635556414 0.7112491745120343 0.7301566931067607 0.7375810907641449 0.7713133209943513 0.7913904658568445 0.8269010582337826 0.8529746493459771 0.8239109361310423 0.8576652710647513 0.8588389243886471 0.8516502700017579 0.8906880250902045 0.9002796195545906 0.907527109647154 0.8634679618097746 0.8799088497038514 0.8808925078466764 0.8892871690125792 0.9115938648276621 0.9362467745723378 0.9357954517953192
0.5912162423123913 0.6122754910355437 0.6080866124185057 0.6010754918734315 0.6335140240279968 0.5920012414783568 0.6253678152758846 0.5932934143530355 0.5808394608507694 0.6180150386150648 0.6085761984764696 0.6223704934846851 0.6272539218058232 0.6543781145857287 0.6090082673021112 0.6362584625616529 0.6536170080180445 0.6490712985836528 0.6685368905070425 0.656748534738361 0.6544909321265797 0.6658826169434127 0.6834707092918177 0.729134475411368 0.7444065211977977 0.7893072924876532 0.8030062241335104 0.8148828959651462 0.845333981504368 0.8519284061606679 0.8731463819189965 0.8858456953310786 0.8884627548729198 0.9175915717199911 0.9231131534991256 0.9192845515152175 0.9140451814306826 0.8757303152901491 0.8840805470939335 0.8911146090558129 0.8671080467046598 0.9044940062933329 0.8929028919541515
0.6113604882182211 0.6352114844440442 0.6095298161491749 0.6346844368487948 0.6266487913827048 0.632343074107126 0.6275174115031545 0.6090396307289588 0.5799250268783177 0.5964009858010156 0.5747691768080339 0.6051397522758521 0.653245334576275 0.6301209021045069 0.6008012257180488 0.6160401149407674 0.6711469619746658 0.6325201039214841 0.633723017352185 0.6237970666782404 0.6326299862620781 0.6523455760246893 0.7185434315872689 0.7580871339822332 0.7692655607936312 0.7765605800083369 0.8234339182153736 0.8071268106932441 0.8140811397700921 0.8554205200999411 0.854643064546261 0.8908072387540125 0.9203989268738773 0.9062672682023313 0.9223285252276311 0.9495341482382001 0.9284864445151486 0.919698678747297 0.903589973645831 0.8977467869962469 0.8575949143161824 0.8541228627197026 0.8788710506797307
