Raster_benchmarking/DGGS/continuous/raster-99.asc
NCOLS 100
NROWS 100
XLLCORNER 1743156.1656873794
YLLCORNER 5469281.001737557
CELLSIZE 10
NODATA_VALUE -9999
[rows 0 to 18 of 100, columns 0 to 42 of 100]
0.466831694246062 0.5034641464854654 0.5356042713224416 0.48505750428551764 0.45247038930256595 0.4588353415325094 0.4473127337013855 0.5466575780111607 0.5797439766167738 0.6197022755418169 0.5984925618937749 0.5942511098408502 0.571073143366301 0.5997796096436206 0.6071892866988978 0.6269482208749746 0.641348827181673 0.6796307116310562 0.7423192738374683 0.6651829203542958 0.6343489308031529 0.6049346896252779 0.63439880727909 0.652679278858854 0.6352930999553491 0.6730855028309402 0.6677900986454072 0.6581136307091197 0.6163184357630422 0.6470690980337371 0.6583713013759549 0.6538785876493318 0.6194647677645418 0.5925638813163506 0.6104768910484085 0.5987280142035982 0.5624803221046536 0.5376485595590844 0.5542336773559803 0.5550479214235222 0.5741856140385495 0.6096990520947783 0.638467150377646
0.47777940432200816 0.5175428145564236 0.5086741697218558 0.4724291241422188 0.45275920442241774 0.4657927281116263 0.46702193505224154 0.5139004089953798 0.5396056325931812 0.558419237382684 0.5724522058190844 0.5572216705293969 0.56225677731418 0.5612666594906445 0.5888920783679283 0.6060528099279344 0.6463522111280385 0.6694068321749856 0.6877271608514874 0.6935447290260907 0.6808729103545859 0.6178533800502463 0.6125612370114191 0.6190669194122099 0.6161155635244479 0.6058950290096042 0.6327337974837247 0.639152018227559 0.6388874423331936 0.6483414289245727 0.6466482010548117 0.6456040828304311 0.6054146529243933 0.5710423624946004 0.6219716863720676 0.6053695394052646 0.5889768001035928 0.5950563281553494 0.5757979552935464 0.54627108342824 0.5820460353044927 0.5952174715304123 0.6679215485383507
0.4812765818997681 0.49601598389606716 0.4824894180476996 0.4915858716490635 0.5163974730823069 0.4742840368879361 0.4491632362470483 0.5107694588341286 0.5103481590034171 0.5229681550452259 0.5191304581980729 0.5631915445135438 0.5405506244415518 0.5962072214668941 0.6014884352110585 0.5613397193962797 0.5824605724963883 0.6433068626213132 0.6849681990791162 0.6627496906973607 0.6567338911577905 0.6241524255818784 0.6405868720342568 0.6419330317896824 0.6176025173249378 0.6183796069858761 0.6211372942051621 0.6306509538534356 0.6307767825353922 0.6066849392075213 0.6342920181927993 0.6268122965569186 0.5810225701578695 0.5711184389624434 0.6001326034686585 0.6200714463142764 0.6389825701288723 0.601056351492742 0.54869384354799 0.5407585228913615 0.5807880380467934 0.6522393644544553 0.6845236391034115
0.5166109850428933 0.4820556941472688 0.46019938153017237 0.4979853657848732 0.48389980627492635 0.5005345104998895 0.44827463203856716 0.46903170264134525 0.5075252373701669 0.5354127999933253 0.5008437271023901 0.5340854855649033 0.5195567349333194 0.5494583820059217 0.5655761571176923 0.5572835492629348 0.5793125534528747 0.628563522644672 0.5822881325346865 0.6033680440043083 0.5967246191019444 0.6234251113405521 0.6393096145982643 0.6085647997162911 0.6308224770585563 0.6691310023030765 0.6976433364145054 0.6565730642706759 0.6146896925196305 0.621698098548271 0.622253571410347 0.6587271177837178 0.6464446924705145 0.631524899340632 0.6225599384103302 0.6404339030589545 0.6049648205306056 0.6172269621988047 0.576185087264261 0.6144596202865121 0.64512834344798 0.632373089621133 0.6838509315922335
0.5158896343621994 0.48310941328676393 0.43173092282731534 0.4675919145934734 0.48870934450145753 0.48958168328844176 0.47928896644139696 0.4903685403952157 0.49615904573851893 0.48653181664070444 0.5353431448177373 0.4866230103486127 0.4825925930018774 0.4982447070825422 0.5516977107497865 0.5809534267179642 0.5942525199857648 0.5695820743604596 0.5390521161616745 0.6156894326481187 0.5935309204052857 0.597657306224827 0.637899503843803 0.6486454316602922 0.6247510165264337 0.705172688430173 0.7153123091572908 0.6631684881906863 0.6294315634067904 0.6062845184691108 0.6627851437980048 0.6400967820942978 0.6694652046028984 0.6673088012441798 0.5979058716997421 0.6396362790717852 0.6514469312661129 0.6268930520950867 0.6056154331994381 0.6319269776775199 0.6297178170918525 0.6171726661371533 0.6121338273992254
0.49273297523701043 0.48884481332980473 0.4428317967813839 0.4289341772288146 0.42915034207273084 0.454748120398662 0.4537613291991188 0.5016110757096972 0.4828996874532972 0.4701924779616934 0.4494066045622563 0.45984063003917325 0.47593208615844207 0.46568751702300853 0.4916641340174051 0.5349491859756675 0.5471180335404431 0.5687439060191243 0.5884317353315363 0.6123309348088419 0.6359993370404888 0.6000584908903874 0.6541840326035587 0.6567352429034318 0.6512034629704571 0.7105825221205209 0.714303065988584 0.6579493974659602 0.6567263838432932 0.6150674300322857 0.6220811123596074 0.6742269379402717 0.6520807256605972 0.657714028949401 0.6454651823534406 0.6288393632569749 0.647008593232681 0.6792264832738184 0.6464102650563001 0.6458405069612204 0.6745178002371469 0.6143941162704597 0.6203307054255094
0.47006239000078454 0.4434735142945614 0.46238663364203897 0.4237979629013339 0.42305901922837075 0.4283244714545351 0.4266570296663839 0.4509787641324608 0.5097612608183166 0.4567219399285086 0.44836950562335987 0.4777241113754157 0.4659070841213242 0.4694412918709748 0.47263373911043244 0.5050941382370898 0.5033728940095472 0.5658919420563976 0.6000603078174088 0.6291222121909845 0.6246538607622092 0.6395441138708067 0.6242911159966784 0.6692303337223383 0.7157180882481636 0.731408764985857 0.7363284757403642 0.6528449711198744 0.6591637281728915 0.6415581673861097 0.6126387001315701 0.6470578276705614 0.6196736256710147 0.6421335341291822 0.6296968830943084 0.6452062810643913 0.6531902906889056 0.6644353377231892 0.7079735859040037 0.6508162496624278 0.6802241632944297 0.6250053689291507 0.6229828900001824
0.4562106928256812 0.45434720762885006 0.4493549363707775 0.4320199691705787 0.3972545165993054 0.42015577035308027 0.4390636121024658 0.42632129425143495 0.45324714817287404 0.45939115725771096 0.44811742621972234 0.46169537632320673 0.44032908439763674 0.42078080607776186 0.4696911782230701 0.5058047596498796 0.5405033624441873 0.573025015811179 0.5669838709899978 0.5751517848107086 0.6491071804517299 0.6563954140001604 0.6549081257132789 0.6762129332709971 0.7305947534180434 0.7407024455607687 0.7204031194613748 0.6893296258328666 0.64497750313817 0.6556287307249756 0.6459778803015758 0.6185999643099838 0.6345570235291542 0.6692873439841227 0.6631324922473474 0.6793827857472532 0.6839181575134033 0.6952282291662896 0.7178837103665388 0.6691951274116843 0.6196162765973526 0.6221337375326451 0.5846275833099577
0.4029214222789914 0.40035733864163 0.4063033007142025 0.40188449110008184 0.37770578372850566 0.4102514604048488 0.4733265627845621 0.44445679622854783 0.4073521509569515 0.3888688727011745 0.41529613813571703 0.4260279369008766 0.4113889302581802 0.43580136632047295 0.44690925560992506 0.48876534974953373 0.532145669909192 0.5700988293439267 0.5314614394075523 0.5704867025296867 0.620045026739987 0.6330603648099571 0.6940090997250022 0.6664453025438252 0.6806684409544028 0.7128121815197048 0.7012997699467315 0.6753415869427342 0.6854718969477929 0.6728628881025996 0.6409051031465798 0.662222591109746 0.6684382121076105 0.6469295033700183 0.657099952643857 0.6992758135495609 0.6930754637289094 0.7271700216515656 0.7321602118183026 0.6615885801768447 0.6365534230698826 0.6369328463946043 0.6241171944067573
0.3764980009964236 0.37838559358536283 0.36240305252278127 0.37236446486625413 0.3803445224689542 0.4292100272339479 0.4470706578860733 0.45070381973775925 0.4044551141802593 0.39519976769833803 0.4365300466852233 0.4066080829791957 0.45013432441190954 0.43161423781593483 0.47332554187092035 0.46081470277872966 0.5386698745067698 0.5601804441678789 0.5515138632082566 0.5628771635311499 0.6366705870344863 0.657277007115269 0.6659621837592558 0.7024664277155245 0.6685866296186797 0.6469100844370794 0.6579855679580093 0.6709832233177233 0.6887594517727823 0.6801479407665412 0.6335674363983317 0.6239587348996105 0.6130071106218574 0.6642989134604859 0.6402108778174114 0.6752844049689539 0.6859050641656919 0.6794991597768322 0.7234804450657814 0.6934580035009769 0.6341572062051302 0.6108565571272081 0.6330854210710558
0.3733472384900325 0.3796468809374988 0.3690432053911193 0.39001500784137294 0.3606152022937985 0.4203293618020044 0.46708617963530114 0.45080872473764005 0.4188099174625519 0.4271416157495041 0.4129094532652451 0.43697431246425483 0.42052206155038596 0.43428714334082386 0.4382579230880266 0.4933849910967309 0.5144442164469871 0.521646206695884 0.5746824918555462 0.5289683198551987 0.576115394905079 0.6238767805880794 0.6541926761756893 0.6547895733109494 0.6538633742761657 0.6449911657357756 0.6840172487643271 0.6675767670168339 0.6639278954837249 0.641063274453645 0.6416618261288898 0.6140245570981421 0.5908328632165725 0.666285493855475 0.6693539690986935 0.6348226278483897 0.6385483122550388 0.6919002559762163 0.6973795441354265 0.701900673649063 0.659380221115069 0.6023591130390826 0.6545190381608604
0.32578214007132367 0.37779490722402975 0.34997312078820747 0.36449133582640175 0.38771098337670407 0.37193775230491183 0.4531214545114037 0.4260713304835741 0.3835533198913949 0.37302710528406 0.37837692096782677 0.3993412989529472 0.4133032468345204 0.392897308190557 0.40519217228578275 0.43088534164547493 0.43279871106876183 0.48802197973940875 0.4900216096320874 0.534918200774467 0.5287900180055843 0.5571283937362334 0.6229129730613326 0.609749651873244 0.6177660407460436 0.622534413603549 0.6329207882964465 0.6537332285508501 0.668433033598756 0.6380595849873637 0.6131207746330278 0.6012717575619986 0.6356742592732136 0.6286086526975762 0.6433357115046188 0.6683021978352425 0.6480015924411485 0.665103056906798 0.6377675657252654 0.6526816482959554 0.6633052438008262 0.6145207618688676 0.654205192349567
0.3123547857619124 0.3322520910551443 0.325677758790953 0.34431782442557224 0.3335145124761135 0.41439091876392675 0.4412835510164851 0.4365973184489474 0.3732062161319096 0.35169715031697296 0.37610612771861046 0.42231207219904887 0.40166805371373104 0.42615399113974817 0.4061190538292118 0.4143144073367399 0.4240600873353893 0.473857286992904 0.4891170869299716 0.4744183279814529 0.4858712467153995 0.5125980991185244 0.544438784444395 0.5355870728680581 0.5664270338891598 0.6148029037374523 0.5959384484362686 0.6408775887636609 0.6329897318142804 0.6356275729617971 0.618071137234962 0.6132572117513638 0.6231404771054339 0.6223205534159475 0.596796861205803 0.6039145226401011 0.6378367549057845 0.6725980484794755 0.6681144149176094 0.6319769406248075 0.6084349777055067 0.6526244106063518 0.6380460163880907
0.32223219352152727 0.3399406343479373 0.2883701934759841 0.30339557199793094 0.36477938545579097 0.41088047322403254 0.4572485946051702 0.4382890491595889 0.4216515089586088 0.4041395152796106 0.4016598624488396 0.3839677954325115 0.4246413207688621 0.41434853771006513 0.4026898934942565 0.4413583610219561 0.4013441873784037 0.43725314058525766 0.4817510863795663 0.4533794658536857 0.4680276992610177 0.5035953536119234 0.5150349163872728 0.48891881873892884 0.5435007346128227 0.5476762308305905 0.5958008666655233 0.5622783726040762 0.5692938593090826 0.6101923606159765 0.6079173657536887 0.5894485002992381 0.5807958627643376 0.6261040339070193 0.6065090326100715 0.6278282479135328 0.6509809815869543 0.6507253834997538 0.6496745691668019 0.6760539432753396 0.6238635842463154 0.6398300561126752 0.592039983658885
0.340146804415581 0.35398406779488584 0.2907023462418919 0.313845788644825 0.3575590910119392 0.43015499577702604 0.4356884499192789 0.3917390276781736 0.4231142480576459 0.40643676121650774 0.411700733345147 0.40186828310796313 0.42686445605112294 0.4580182144106799 0.42520355200068644 0.44287360047111 0.4308311613491493 0.48237651899546974 0.4671568735026723 0.481392723837244 0.4818178409826949 0.4639632733669994 0.4567417142608078 0.5008210218911562 0.4803455987141507 0.5362115534844387 0.5522947636328852 0.5162216272503504 0.5340235100399771 0.5670292180724129 0.616284834754454 0.576991291017063 0.550201611644471 0.586457049635876 0.6315628238372305 0.6133647902232126 0.6061342002903475 0.6295483891194178 0.6592379756855732 0.6305267709753293 0.6809449036527201 0.6240689647917346 0.5981794771028468
0.32281338494565437 0.3179277521223518 0.29239399074559225 0.3450061398755519 0.3318197309019273 0.4003805712663596 0.42704582256801826 0.3999380453883347 0.39795204619074215 0.41853958639551636 0.46887843753245606 0.4584860684642448 0.4652282412971483 0.46467310424275937 0.4567195290609882 0.41879515131118017 0.43233360391494297 0.4686083739606321 0.49178479068568326 0.49587759795302877 0.4923582421278103 0.44737952777651363 0.47663432788927723 0.49336323018787215 0.4634832684839358 0.4731210226570255 0.4895321842053276 0.4868443426641559 0.5109371053726628 0.5754906157844013 0.616927060741839 0.5976235341582926 0.557868580334102 0.606461350380567 0.6148707192488652 0.5776875808902052 0.5641877531660643 0.6124405369408135 0.651529938051595 0.6333067203776416 0.6388976239176948 0.6276307026013374 0.6307571701860619
0.3500108937596284 0.33588505866731533 0.27246978024760915 0.3240601866945717 0.33286483405417994 0.39342866591051395 0.44690557945565546 0.41072818406559486 0.40386804567690276 0.418421700188175 0.4785185776299684 0.46225387893351977 0.48162757720409266 0.4634618146134057 0.40726797859613695 0.40500383033034404 0.46337114890986525 0.4711489492325853 0.43669262224128436 0.4406061334482522 0.4940743926558364 0.47188442591391605 0.4581080714108767 0.4619535746203119 0.4554008776971698 0.45128391530002004 0.43845632258638034 0.47307093553464435 0.46684249024343477 0.5389010078673645 0.5622176223022827 0.5819111424538058 0.5443912871784561 0.583017346219296 0.6080934609582118 0.5779266457116553 0.5593306503792264 0.6208055014455459 0.6582917351736021 0.6258812361112174 0.5952352417628874 0.6053915406443429 0.5998752806864728
0.3114832052430359 0.3299637711840976 0.2959350604946806 0.29618758941394735 0.36850308780125035 0.3783568783371847 0.3917955943555246 0.3633662229248191 0.4027736129648045 0.4448438440855344 0.4882456737834851 0.4795165343068462 0.4485944594322105 0.4325896189167863 0.40640179895337736 0.4468473106649317 0.4230157338985204 0.46192266063162646 0.45354370522095244 0.4483665418803003 0.478267340307802 0.4735502090493752 0.40720138873765616 0.41032369224474846 0.4499442666938275 0.42623698621244704 0.4166034100715476 0.4302907747609121 0.47451859212626696 0.5007390706780924 0.5237921878228159 0.5057903006821861 0.5273554612941667 0.5333158395496173 0.5644045638003234 0.5521489204237332 0.5631936132787149 0.5434860729319458 0.5481982130013259 0.5574485600892621 0.5337656407179889 0.5309002878679826 0.5432848295517022
0.28848735731593805 0.329657000942392 0.3063376795747719 0.3084874725476262 0.33687682701559396 0.3380465733724634 0.3127220731307495 0.33030070870606426 0.39104650388195755 0.4117710139634987 0.46223140317101447 0.4599431768762699 0.4836818295234216 0.4839055788105628 0.41542928876344476 0.44477182198473914 0.4032558760324808 0.45255952431408175 0.4277137554449944 0.46270689183756786 0.4658987915078811 0.42877826396196944 0.3882961319506766 0.4467156893287777 0.4388997242300938 0.4562130276560244 0.4141233682657314 0.4281261156791863 0.4490246794459419 0.4808103019515395 0.5088509527368699 0.47793273709490663 0.5074362287986973 0.5256291529421334 0.5028677652023044 0.5250786955296433 0.49402497421104646 0.5090306994259003 0.4920290624656909 0.5294194615176966 0.5372928037532447 0.5248575712630553 0.5162538759696319
