Raster_benchmarking/DGGS/continuous/raster-457.asc
NCOLS 100
NROWS 100
XLLCORNER 1743158.0751052212
YLLCORNER 5469286.47221584
CELLSIZE 10
NODATA_VALUE -9999
[rows 0 to 18 of 100, columns 43 to 85 of 100]
0.7730148578287571 0.7419599330475567 0.7499497431858695 0.7197981658210383 0.692233399943241 0.6816341081857148 0.6701744059173891 0.6521204340222451 0.6296876458987628 0.6755588903897819 0.654309848202651 0.6947224173511755 0.6773169400687423 0.6436587406392995 0.6173494265593596 0.6048724296170045 0.6093432861634499 0.5849929356283938 0.6203963813833013 0.5750001467060724 0.6161136375689034 0.5805476969780748 0.5827969086706964 0.6056625978941794 0.6045921368485226 0.5893576817621344 0.5531198530857581 0.5610554614036835 0.5432543512714592 0.5060965570516667 0.4952596337026812 0.5284844198667384 0.45260176431649235 0.4396778005126066 0.3521940375281053 0.34426265259375705 0.3010630690033285 0.2837420025257361 0.2772884275167416 0.2577578962875036 0.25198351325136326 0.2719682390559665 0.24801672835726116
0.8101357070882053 0.8325776283485369 0.7928319498811865 0.7837399175140206 0.7043216248835896 0.7221662103838012 0.7078359636922444 0.6268524848393136 0.6675251683694029 0.6563303377685978 0.6572326470875868 0.7104175411196619 0.6914029025159336 0.7155413232566205 0.6352150735157914 0.6467954230713089 0.6540639896993924 0.6292021848832078 0.6398163501065689 0.5977520480244798 0.6312848528687087 0.6187742510744599 0.61127377204872 0.6042234378922475 0.6131925319683837 0.5955078714249128 0.5574158613171236 0.5537320646575189 0.5513751288344396 0.5128292606978696 0.5283339181780939 0.5294942715134302 0.477701709355668 0.39344870118849934 0.3781737183377082 0.3605194937498252 0.30307433570488973 0.29752382030834057 0.2621756871222406 0.2358274131629097 0.2711814783207286 0.23495629196885484 0.22020345269999164
0.8075864389667621 0.8353864222083104 0.78562664442722 0.7675100857724193 0.7227130386544491 0.7037603767203591 0.7059290772635101 0.6738091180512586 0.6710659060468205 0.7184524969999787 0.7048340948935853 0.7038346488956319 0.7027401785502198 0.6888837880106611 0.6658169336739246 0.6973738393768258 0.6663868080498601 0.6219975157484001 0.6446623569949992 0.6206598924776745 0.6219562374558295 0.6211494693329374 0.5932186468774502 0.5639007299541955 0.5718487240951374 0.5443349747470853 0.5395231582606369 0.5282330950753527 0.519144054902357 0.5225344109081752 0.5205063683032145 0.5020838373324383 0.44570068377123845 0.405641364519073 0.3709090739237584 0.33167577329290765 0.3348743356141 0.3491831036176322 0.31207524665923364 0.23661979562603863 0.24261095531584592 0.27357223750614634 0.273220998803031
0.8406742139133236 0.8370084685645892 0.7823077123092285 0.783835828684659 0.7496828809739273 0.7125463853346247 0.6864549007535942 0.6710938347941222 0.694143276316862 0.7231415552177143 0.6926126328968499 0.6671103832717188 0.7053112677962997 0.6972578132231533 0.6865784560732161 0.7260811737706198 0.6963960993546313 0.6617798432526375 0.6734536169927368 0.6045963829567795 0.6045705717678372 0.5969569771677495 0.5763445670910392 0.5142964313436775 0.5584585118214466 0.5390549285349777 0.5637174725479573 0.5625170533461 0.5521337047903759 0.529729682867111 0.5003187719144546 0.5077497269603666 0.43003964250298504 0.40956832514768743 0.3861332945481424 0.36131419093098827 0.3593309575753136 0.3363353591729256 0.31524153684370804 0.28235919354428535 0.308778086569911 0.32055404122972303 0.319129471237878
0.799638001912571 0.8056610951430256 0.8048710771756162 0.8278194938989958 0.791386177643188 0.7463560416905476 0.7437619287230215 0.7376971070573325 0.7503606888339979 0.7142005238307854 0.7159910990355 0.6878673784620043 0.7117134159493314 0.7357598909166007 0.7234478767234935 0.7036849585215929 0.7289540048392859 0.6639030987735377 0.6892266102055836 0.6714885230334126 0.5845319627079323 0.5745241763776024 0.5315841720775384 0.5202492089747422 0.5252827534316316 0.527578567107082 0.5057128200705541 0.5137730944499078 0.519268831032161 0.5460872307991231 0.516253071545109 0.5020122078288539 0.4814542102596784 0.4682350549469379 0.45045050069927317 0.4099408716279362 0.4076646077743828 0.3416284052434226 0.3399556473318968 0.3303617041760093 0.3300502211890824 0.3444858637439645 0.3605990618856792
0.8077954131173039 0.8169874988301647 0.8286008756710446 0.8656033942024488 0.818967407245077 0.7418888408067237 0.7802896208297777 0.7416126627371565 0.7847946470741086 0.7439070900931154 0.6949585563112115 0.6592971294314571 0.7184366727156156 0.6982539504623964 0.727825023845282 0.7486341331513453 0.69635239785558 0.6756623354428571 0.6944880358386711 0.6963773233808781 0.5838144401660783 0.5290502854317913 0.4813304339701439 0.47749789862413694 0.5001701011174374 0.4662066904038212 0.48925804053057687 0.5408347454301021 0.5070678079804436 0.5433663457525807 0.47581617297596085 0.43786750776814887 0.4404159915344823 0.4504088086326311 0.46690591343350696 0.4583296128405087 0.4235329212758964 0.39707885394906806 0.3578633565447236 0.26835142298893677 0.33687341688578193 0.3656197495804012 0.41032221233523286
0.7928761106152729 0.7869231681963387 0.8280482067930416 0.8387946748392912 0.8160530962629192 0.8043748083323774 0.7997036489539644 0.7884738949963304 0.7901090425225553 0.744316332888844 0.7007077544288499 0.7002250057581801 0.6810098406055032 0.698127206993332 0.7213324823419681 0.715124705670891 0.6754535908701979 0.6475487896885792 0.6554648195645636 0.6922039414449017 0.597050823515002 0.5461579665889874 0.4875019314163846 0.48969427425074163 0.43829933699472207 0.45245168324647417 0.5033573523909911 0.5496207108746242 0.5205899522728743 0.548285163322105 0.46780955849197114 0.4675055043261178 0.4435034135933017 0.4851854267578212 0.46344180337216406 0.47876294045204304 0.4028826075240331 0.3609161097634002 0.34445719638210753 0.3623730465497615 0.35880572182750575 0.38441597137652916 0.4177817262251845
0.7605680506157694 0.8334777262928889 0.8509731249691647 0.8271437988978172 0.8343071374255 0.7934923826419841 0.8231714400345266 0.8351005998246918 0.7881576657030401 0.789541995860487 0.7370481803616812 0.6967729806293077 0.7402551906676504 0.7194265569819683 0.7286044851770285 0.7023652254149392 0.654644656349559 0.6824365357401108 0.6496448800173595 0.693453869153005 0.6317318991547216 0.5489770997003656 0.4743080604822592 0.44901182318742794 0.43666870827371185 0.48115553209882145 0.5161200482598496 0.5101308911513257 0.5346625911741439 0.5348785528126517 0.4720004037983491 0.44837172506948714 0.44495449255978986 0.4872757568813626 0.5087687209382425 0.4736765501425339 0.42642226350180407 0.40537064618595986 0.39806394975982395 0.3756886466286782 0.3616598870641598 0.3610449578702553 0.4330578176680626
0.7570309813272316 0.8081333392900263 0.8122226751426886 0.7951026246066262 0.8111522601563558 0.8243737923212716 0.8018090463522226 0.8516203748535002 0.8333833006689628 0.8143980715978881 0.7407438459669112 0.7295884963412899 0.7467173571878916 0.7199844248347553 0.6682584603387942 0.6360950476405858 0.6558243526373407 0.6450704597301875 0.6501197698252522 0.6642311133839153 0.6139483408330062 0.5837423672287344 0.5361606893169681 0.45821673742011493 0.45464435556473337 0.4889029815095606 0.493894340205878 0.48862969321825156 0.491615238623012 0.48440141736624903 0.49679700927536585 0.5166977803927674 0.5108436670020287 0.5081402518271816 0.5057799731863687 0.46557563245252115 0.41935237818554355 0.416319168742544 0.4447921121678371 0.4205750716658841 0.3728837779986233 0.3615443308825952 0.40132342878315663
0.7160056223777085 0.7820062780818532 0.8243271138416665 0.8186971439230604 0.7917771535713021 0.8086459171860994 0.8157457763771062 0.8299834186789451 0.8230236852497397 0.7969858658916804 0.7768973467694015 0.7508137872620562 0.7085995512031509 0.7255566562889204 0.6317840568439103 0.6253453853906108 0.603058734015913 0.6426774007167292 0.6298299202822114 0.6386791233483032 0.587002323837745 0.5675697141298158 0.552012821753593 0.4697854456001931 0.45149169241455694 0.4926881852761446 0.4875589906463139 0.488515421569073 0.5010847511622548 0.5062922338262245 0.5155177108121328 0.535449017484289 0.5021673596945732 0.495801594958555 0.47216617782578374 0.4702882964308539 0.4520700198357019 0.43791861243295654 0.4029373702960324 0.45533038444702273 0.38177425027554834 0.3803092013129855 0.40945202657643964
0.736499451519527 0.7558259132397107 0.8169010014807007 0.8217542494808276 0.8138316498160834 0.7951433737269311 0.778530664436311 0.8272967549732617 0.807632846269517 0.7832132215381907 0.7731750738308549 0.7298807702382125 0.7271966810622181 0.7210313614284991 0.6335230627905111 0.5939667217918183 0.5921651660616952 0.6189666100648268 0.611339156518349 0.6438345999821197 0.5804555493823116 0.5429048880130211 0.5227955493572845 0.49619270728903153 0.47547881215947685 0.49203753159537433 0.4919090571275544 0.5075462500765695 0.5173581629219005 0.5528404835137402 0.5590498594094855 0.546865496765211 0.5017388070221795 0.4907704395107009 0.44263101132703947 0.4400741210239069 0.4384876594580741 0.40365364277723287 0.39449723875971093 0.3814027890808102 0.3920932142530093 0.42450335204601386 0.4190269797743091
0.6891722544962587 0.7660466867909879 0.7729906973529346 0.8126865589544318 0.8333971708063762 0.8212761381236424 0.789410827972081 0.7671638445770251 0.7596900241145302 0.7311597937167273 0.7733528212334795 0.7698981936242537 0.7492692020487475 0.7027725879276729 0.6443873472362873 0.5703188129517087 0.563683827347297 0.5868432699342138 0.599593377668828 0.6225842345593782 0.6177334436848596 0.6188991161531603 0.5738341421766016 0.49721175424351116 0.5275351546749143 0.503351072898281 0.486371609724555 0.5211186885139999 0.5133051108058083 0.5650680000470538 0.5309287917200255 0.5735163120378274 0.5130987576421231 0.4641486726910667 0.4818400910209151 0.4662209800696011 0.43070763777269955 0.41376301692884615 0.4153026868922132 0.3887487258754167 0.40844805953179925 0.4066830100500906 0.432714472581809
0.6964756726375916 0.7489634271804826 0.7469696163841153 0.7560278355817536 0.7777238016880326 0.7742892799580412 0.779112504435118 0.7378869649660188 0.7326276194521583 0.7677266854441676 0.7640777839169096 0.7809383632272285 0.7197632901085047 0.6562480039864381 0.5967701676795453 0.5849610804160934 0.6143184857495211 0.6356085412346034 0.6368590368341664 0.6643533853621054 0.658742049733501 0.6256825510449031 0.5415135670074745 0.5108776783748206 0.5108040447869743 0.5260051395212951 0.49843754789695877 0.4919606749258132 0.49182002629720944 0.4957372353496678 0.5455442429661703 0.5362279828973628 0.5170044462769973 0.48421298759517545 0.46453596814146897 0.4759700666654077 0.43547185258262916 0.4348310875217937 0.3688565269651506 0.3777507982826417 0.4319497184241931 0.4190495690047921 0.4548285177396082
0.7133519419047525 0.7676311665876616 0.7340628679124287 0.7454865813212291 0.740438671315935 0.7827238431521801 0.7541898355390872 0.7643467489759301 0.7823633662849926 0.7596630996604259 0.7615648757878617 0.7486970056141874 0.6993995183163556 0.6713319972846346 0.6008171078923673 0.5682563827841025 0.6241896652376554 0.6707950116808318 0.645440160670435 0.6833127060635572 0.6557178226625284 0.6121559599245261 0.5607297189626596 0.5331721384500728 0.5076033022601149 0.49408353073736994 0.534557612081402 0.5091204546585125 0.5159577592823877 0.49491290574235547 0.525195815745948 0.52549170322857 0.5314784754374308 0.4658170077664623 0.4759922677490352 0.4738884873326557 0.4656800252657352 0.39916960731150336 0.4152340565588834 0.3819669984740521 0.42771364021210656 0.4705085520601293 0.49856645603394806
0.7192975297528135 0.6983790803707939 0.7090712420779887 0.688170997896249 0.7007602113976581 0.7312169536254852 0.7238139720094534 0.735663020246572 0.7479833702192009 0.7616200435221513 0.7705934648621534 0.7217151275643047 0.6931659517088703 0.6727079180695879 0.6565708529113978 0.622230846547414 0.6195094363162457 0.6408424733567922 0.6451886255347811 0.6196824894356158 0.6515277852078595 0.6397475671478293 0.5712632586114064 0.566659801819366 0.5391624242318224 0.4935034483216106 0.5155684869406565 0.5179547912685629 0.5164531637829562 0.5474967357630659 0.5589302212686608 0.5282872043031995 0.5165159550927095 0.5049364180663097 0.5333568129386806 0.5433168632729898 0.49865263389092485 0.4645256114403263 0.3970103187120664 0.393260458950381 0.43406454349828616 0.46731009069539287 0.482944386245876
0.7237877612807582 0.6970763491904309 0.6731915845716592 0.656666192731717 0.6716019469539561 0.6859676337118135 0.718426988406718 0.7539484401296213 0.7700989033311111 0.7744234928374496 0.7404688993186462 0.7048749305351023 0.6785463600606979 0.6760186594339282 0.6817477842756625 0.6363082405521338 0.6485242838313973 0.6879548873700415 0.6634068448513399 0.6250515870598474 0.6271113070995656 0.6386698978626585 0.5825761353861709 0.5992433998910877 0.5803185814181872 0.5213464712389417 0.5333363771823658 0.5929983287932532 0.5991460827506625 0.5875141379640263 0.5749438267888397 0.591601007966972 0.566729623047487 0.5598218561244818 0.5457413417946306 0.5658843091008617 0.5190326016727518 0.4429429253871204 0.4496485551345551 0.4423469922298056 0.4630967057384587 0.4902504044510829 0.5084709536661551
0.7262438899068017 0.6898612771781918 0.6604151688763732 0.6831104348048176 0.6879492926663023 0.6660818680581857 0.7258645112190408 0.7171506666816974 0.7728483509953876 0.7727173953880584 0.7533290179774575 0.71907641604842 0.7503339153221639 0.6970879819367559 0.6938954222031314 0.7000363523908505 0.6453959657615951 0.6741127784802554 0.6559523971660922 0.6486514997940198 0.6353597108637629 0.6574854363111177 0.6399731363795658 0.6218484906909794 0.5859280486399066 0.5953030368768739 0.5921517548624157 0.6025872029346734 0.6097076829348653 0.5843897921754273 0.5873996135771231 0.5456573846994688 0.5429164081101865 0.5657676191955529 0.5666132972063151 0.5386365523759609 0.5342648704198214 0.5094139358571574 0.5065238989914888 0.45598353389379476 0.4666331150843979 0.47244221334955966 0.4923874595989857
0.674516037603032 0.6786465171986884 0.6984442139063066 0.6730894977860186 0.6788462453696038 0.6686303568584938 0.6972509181932353 0.7205613494350267 0.7590715299081681 0.7504697081288653 0.7422576900927761 0.7777429690296968 0.7936637799848346 0.7443674693793433 0.7374198865091122 0.707002428726007 0.708107588706873 0.6670091690907971 0.6480902654343295 0.6364664190625651 0.671930882976247 0.6923860484018978 0.6630785559362159 0.5901883458022582 0.5842265331035166 0.621057748343057 0.641366438527263 0.5900508729208056 0.6071543877410577 0.609083109015603 0.6176616384837503 0.5610636899725087 0.5487129745320206 0.566426846731145 0.5651929849705856 0.5914949242906388 0.60007899674939 0.5762409693239503 0.5545951771307995 0.5172807061002778 0.5167149442128183 0.5159272876241564 0.5423336480434475
0.6734501027964983 0.6844333159613704 0.6922760839394668 0.6858707406952625 0.7013237541950526 0.6848773543107213 0.730839176347097 0.7469378114983631 0.7812520268640719 0.7979440830859219 0.7936709989854446 0.790842005854053 0.7756488427338216 0.7548105328570823 0.712680764511751 0.7231595217439414 0.6965277037960712 0.6908257185845968 0.6846254279705071 0.6827166010878718 0.6855430550322148 0.6727459519051391 0.6800356043215863 0.6287221535881636 0.6657863366020713 0.6358407121653704 0.6598560319304649 0.6171876498350009 0.6185953875398629 0.5882499361359858 0.5974417615226915 0.5768469376187982 0.5924042633995574 0.6131331688795005 0.6112184342959309 0.5931709432486245 0.6201232849925213 0.6487080187094318 0.6133385827504757 0.602390376091086 0.5876379647323261 0.5683172090094776 0.5988237530607006
