Raster_benchmarking/DGGS/continuous/raster-214.asc
NCOLS 100
NROWS 100
XLLCORNER 1743159.2859024454
YLLCORNER 5469286.57049605
CELLSIZE 10
NODATA_VALUE -9999
[rows 0 to 18 of 100, columns 43 to 85 of 100]
0.30091811699289067 0.30910604991214613 0.27791460839791854 0.3091597712829503 0.30649513257316935 0.31702432116637824 0.3435375462980223 0.3523451253739994 0.33869647880582315 0.32501078909992537 0.29018128174632335 0.28685205413271025 0.2666519644789909 0.3062774341696894 0.31015636478433634 0.3210043291321117 0.34986739257156196 0.36226937065233955 0.34650289731158995 0.35344705598516307 0.34734091271775575 0.3121232976768374 0.2573919919270523 0.22621635849171257 0.2011543112555037 0.21032861300240008 0.17509509017903374 0.20281722771868313 0.1784640905196364 0.21203204810475773 0.1970231615210989 0.1951915761369274 0.2032075471038786 0.17395198755258034 0.1773464992958285 0.13631078011969486 0.14214197720317337 0.084677683197979 0.05687854093094089 0.04206733185558911 0.0 0.03499565438758302 0.058547523652888234
0.24854010051951492 0.2703912370209898 0.29614640538782505 0.28423592077268933 0.3349288234482167 0.33735073427373613 0.32167909837829256 0.31363100566191054 0.3301822003368784 0.3383575338172943 0.30468880506136364 0.2958364275253264 0.28691604554516303 0.3150419940358624 0.3305405743595061 0.3211199168470332 0.3371031085929518 0.3471120916952678 0.35880446734636384 0.338875839608953 0.3373092623417805 0.2953552150484793 0.3019284469841925 0.2624375115261957 0.2335443231601245 0.19100019795360798 0.1800094419658608 0.21476639079896723 0.20592395944650668 0.2378110407839206 0.20267309471318698 0.19956632947402322 0.18434711306013152 0.18604974061355906 0.16874171110164127 0.16308652318025194 0.14950698018623154 0.08538101298636729 0.0849881756892955 0.06418156946549931 0.02980431238917133 0.06342196473748105 0.07054567021380972
0.23269705322542036 0.2790344649862377 0.29263405882966415 0.29714972061074957 0.3272097460564118 0.3180281334847704 0.29981136852989254 0.29537854930741925 0.318226831502238 0.30018015691252853 0.3173112870286273 0.31972122324636043 0.2861394778081598 0.29749172971292964 0.31608931505412446 0.30946191410937596 0.32993434710608477 0.346915643253177 0.3174686972539962 0.29346776837474753 0.2986976173723214 0.29823845119507614 0.30603304735321424 0.277750145626691 0.23086020657398315 0.2442516782241643 0.2265014065288599 0.24396554062261377 0.2674793599528985 0.25314497901282224 0.23611743582716865 0.21675263773193226 0.21994804307083346 0.17868017288320193 0.16322222297756797 0.14309603078416042 0.12323926772703422 0.07899409110280996 0.05980089708943074 0.08563783762554608 0.08158610570228012 0.07851732645895086 0.06411228749051133
0.23761188428613092 0.26189772920784987 0.2443595495109393 0.2756945631674603 0.27882254176560717 0.2891974974288523 0.24766413170831852 0.2583506283496849 0.25999382351569733 0.2797363656556255 0.30053583095976166 0.30878015147299576 0.2872041710614703 0.30974906999455804 0.3041690510120374 0.33001845405843405 0.35222874760672435 0.340015256490034 0.32025674121273423 0.28916306913215056 0.29096175198040514 0.3018048672229637 0.28070126733586787 0.2790393242459669 0.27498667109307334 0.2603758664750818 0.2579794898414686 0.2742797939067675 0.2813066083835322 0.28853759621226877 0.27907559765464696 0.23886745584798058 0.2367058895047148 0.21432688698284696 0.17348382009471355 0.13098050924725557 0.12987002151676827 0.09398495490959986 0.0782703298906389 0.06621913823103719 0.07861192523178785 0.0698537015588665 0.056555792771773646
0.23371974328713715 0.23158965057281497 0.22393005783326972 0.2509404190519483 0.27231788741732404 0.2671797964974653 0.2202431552441384 0.2268460652495256 0.23002919631533836 0.2711463976315306 0.2708270601076517 0.2808187179200003 0.29776669965316976 0.33711971143118985 0.3505359684388325 0.36799017621084307 0.37995835978850584 0.33150296915648125 0.2963422895590714 0.300772107730426 0.29590979125080163 0.28429451830876984 0.2802324459726265 0.2997204598008705 0.3269709606169142 0.28264638707594025 0.3014833766864647 0.29241286740524663 0.29862432891137103 0.3040787504595179 0.2820800211232246 0.2432407451119205 0.22396796647373096 0.2029103204309276 0.180913823785088 0.151135424486902 0.0942895776990966 0.10972510168241333 0.09324116781219406 0.09277715664830224 0.06774524164705228 0.06668171182050282 0.05103292860405484
0.18870661981421594 0.20029178609244586 0.21768216519171935 0.20902616454892362 0.2106629194194792 0.24795309471075064 0.23467792237957252 0.21622489971013104 0.23675055990966035 0.2681409433353126 0.2805536517896375 0.2817405508920518 0.2738700266275165 0.30963756390307545 0.33408439076462715 0.3698534327039138 0.375460933128472 0.341239768722598 0.33656755658766263 0.3290136100841659 0.32639015610063266 0.2816881189167391 0.27244971006242014 0.2861056710483093 0.30700666769915524 0.3188228060147976 0.28876369736079927 0.2993825632138708 0.2659157847439253 0.2961489016672309 0.2818530000572319 0.25264366541373734 0.2048771775845965 0.17435232891941668 0.14255606518882777 0.1354522931028224 0.08490442217740067 0.10062142139346536 0.07458903305623313 0.08270274563260478 0.07345675471006315 0.09646594960658732 0.09881702381445107
0.15762686418690236 0.18537908090608962 0.20863036128784612 0.18209112277842152 0.1865442104088292 0.19316722233243488 0.2227302304507519 0.2507693291994648 0.2723976694963108 0.31123402969190955 0.31989372572859337 0.3012107173688866 0.29648742688564433 0.3120224339320362 0.3378244494740493 0.3435036840202888 0.35698364937171423 0.3358113301826636 0.3043111596519076 0.3116821991224127 0.3371638536494396 0.32996497484482523 0.2994557680220713 0.3233768520414321 0.3183526156059273 0.3188119433709277 0.3246327669177179 0.2823444277128056 0.2580182744201704 0.29080991912464316 0.2804489539265561 0.23071435806283064 0.2239851474443211 0.2099424664245999 0.1583847522922553 0.1552416873974041 0.09087697727112706 0.070787755660235 0.0840960727512664 0.10337177069088464 0.119674358293043 0.0938758812756571 0.10637675554333408
0.1921873720017723 0.19944183802636314 0.2023556048274568 0.1658105462545353 0.17103158239752075 0.1946137480698218 0.2005832489969654 0.24525589105241793 0.2573242544121593 0.2993734717427367 0.3321657362219007 0.33376317319168025 0.33192626644450357 0.31639875354322144 0.35948059386144415 0.36465607456659305 0.3263365652469352 0.33241417860571887 0.3386220945357849 0.33434482180923303 0.34925562018105444 0.33494467685042256 0.3189337291987627 0.3125264630921891 0.31937430644887826 0.332672414858751 0.3224769468927841 0.2901546332479837 0.25662355258653186 0.25661659540610515 0.26221851374756866 0.25607769330971253 0.23377253300345696 0.2148151930656236 0.15724046926858476 0.15848300282662053 0.12526173832354712 0.08280234697179839 0.06956224787695128 0.10350547350577244 0.11448307578242493 0.11217297308492105 0.09654559018712164
0.16905643111650395 0.18819157646838733 0.17764080461274984 0.17444894806952996 0.0858860940777742 0.1851489222075575 0.20731892602592442 0.221042104455382 0.25633772624757584 0.2877027179452498 0.33354021318495064 0.3591743365170567 0.3619534012279669 0.32427686865604544 0.34555888374124516 0.3713453296331182 0.3363566117122403 0.35249686230469707 0.3198811589673488 0.3127092145200572 0.3360350107573421 0.3536371695041038 0.3153329734888462 0.3374464051581711 0.3019631259205201 0.31779581831577436 0.31129583290480095 0.26747744650417493 0.27787406178412766 0.27895448489171193 0.2771803260851677 0.26352202825083604 0.25868885523609153 0.19273800253254875 0.1611344822666379 0.1537349416123562 0.14825240961393235 0.10618019545570133 0.08866062493792173 0.10241056803621716 0.08297373978070685 0.1021275211064975 0.13242046678326455
0.20329828732403685 0.2072007377687118 0.20606927025496086 0.19522415321428885 0.18645349494335242 0.19691518562770538 0.19156434151455443 0.23294321189879824 0.2705194894720298 0.2852304129458925 0.3137240533299823 0.3640480820278433 0.37154198881097067 0.35031817041129376 0.37136782955143816 0.36043636366378795 0.35129432268779426 0.35397978107065087 0.33987767592631224 0.3327808927336942 0.33782246403020283 0.3420638462403637 0.3566765093028867 0.3426378780287664 0.33877585164929186 0.31274594254932175 0.27209696401081074 0.26557182829345677 0.2999541440083868 0.28667127639098117 0.24242845665940768 0.23561361575121081 0.26023962780431387 0.2263397656079164 0.19888063359014885 0.1515274578769337 0.11602782861367192 0.11002338102563522 0.1250681545911046 0.12259447475377501 0.11945895138268688 0.15193140400843624 0.15502444916686706
0.2209954312506979 0.2273098647682689 0.24448688068320718 0.229848380834765 0.2046366593264676 0.23279969360401295 0.21714927531416092 0.2796633373302859 0.30001483353882397 0.2983067975539877 0.3261514760431451 0.3613167393166107 0.37669441438868656 0.35610579468788567 0.36045331642123674 0.3913537656930977 0.36450216075628555 0.37679156299809385 0.3878606364371959 0.375431757932059 0.3658607421050341 0.3550002295586896 0.3635800971129729 0.318157326545478 0.3130145219051563 0.30721449069003764 0.26550004660765425 0.2845541014522031 0.28409557221289744 0.2892644314926586 0.24921406617588943 0.23620250509821367 0.23006051190642507 0.24829593041275289 0.23010351950330518 0.16843992106919667 0.13559208664436842 0.13635609912322516 0.1268675277255566 0.1631401621569763 0.1645531399788779 0.18077768969348537 0.18638682164961834
0.23306820923182622 0.2837047538888984 0.29352529405585315 0.2773983270687071 0.2487030652046216 0.24791351059314803 0.25972077568429847 0.2901154286100302 0.32753272778089876 0.3168778976163722 0.35788702045191106 0.33867918408559683 0.37504595237106964 0.357811101641813 0.3852114082158216 0.40665772327226873 0.3940639320385607 0.391733670374012 0.4194034690720368 0.3975706701199543 0.39882046889025147 0.3859062066834499 0.36146939818744667 0.33122710678087036 0.3155408142383088 0.2766480082455741 0.2832592402903392 0.2815283615383396 0.2688984762248856 0.2852767967208394 0.2558535132175996 0.23385687369605263 0.25823653829256826 0.2464548210126882 0.21971248783907885 0.19445739939131843 0.1811299090159949 0.15803669900970813 0.1804447497435876 0.17877621602160068 0.2093594435690744 0.21623449750861864 0.18129347492985617
0.2567699474465346 0.2716932759900373 0.3219561215613677 0.3103474722889367 0.31593845667462483 0.287750441061378 0.306169875599047 0.29401488501047524 0.3289426799195655 0.33607737586421843 0.3611776448598591 0.3435220024134972 0.37056660863769203 0.38433773478010924 0.41140749964521756 0.3957915326896678 0.4367830313626988 0.41143996682918066 0.4468368241708451 0.4008881876285536 0.406622778952415 0.3634935618365128 0.3393368952932915 0.312984414317506 0.29073639307726973 0.29866759740630017 0.3103615079221531 0.2968860212373869 0.2967975692169431 0.26155751149254075 0.2551084488141885 0.22463300692402347 0.24993099187394918 0.24442495080369478 0.22329946621086524 0.2358103095179398 0.18854280257985817 0.178407375843934 0.17510726848767685 0.1860377221383492 0.2278678409509442 0.21458554763212725 0.2075037910478149
0.32532698143274896 0.306353581885719 0.30902682437781265 0.32991837881150976 0.3290572851956242 0.3301390334547453 0.3364320627994666 0.3414908361860976 0.3238689480234626 0.33500353570986086 0.35077055791565254 0.375990826214277 0.3964933052915592 0.4091340472532497 0.4148744481796978 0.40717600071134297 0.42431514838085205 0.46029156922996334 0.4555554077841196 0.43285153761701717 0.3958634015554059 0.39183018166744676 0.3618990085838227 0.36706207317451534 0.3458830266971997 0.3175777658445992 0.3083215997442869 0.282812425815612 0.29066422937168074 0.2803473401940532 0.24058884776660922 0.24454391125871616 0.24380904667651382 0.2592353556104345 0.2706030031109002 0.25161238482817866 0.2227273299283186 0.23558456775547673 0.2112321948750235 0.2154545650192659 0.24777729001637105 0.21731297960814125 0.20343891702272787
0.3543400539978505 0.35016780985165324 0.35602801803893347 0.35129157956270335 0.36527196062960837 0.3632699091987147 0.33600165037797725 0.36970007971253427 0.37240199374557814 0.35538101949467443 0.34794856882389463 0.36421653188472963 0.3941018052449268 0.4027194891245896 0.4428881488080013 0.45087659521167767 0.427837683967969 0.4415843392857125 0.45566531031913177 0.47164190820716057 0.44132585944842445 0.4069851851792275 0.39403867880570914 0.38136300737817436 0.3629176675267969 0.3441363332247152 0.3330891941752817 0.28660438129292465 0.2686076465707442 0.271663653754677 0.2667719406989452 0.2787538606701482 0.2814794882560565 0.26337224870979714 0.2823584864958578 0.28378964279523644 0.28022902875425093 0.262523909081589 0.24297740807262513 0.25679573906881786 0.2453510432057654 0.2222411088002597 0.23959103173608368
0.3840628606119219 0.37810163952949716 0.38261881960627386 0.3994468084115972 0.3938286342157141 0.3811457433718916 0.3860299528775331 0.38327746722358597 0.3746797459996396 0.38955462670675817 0.38519599991501124 0.39385511479943003 0.3911782743089721 0.4336574331673896 0.42988156703890873 0.45550941718752697 0.44503063412939 0.4336442303458265 0.45260076045092473 0.47543730077662166 0.4342955107432567 0.4167682217084996 0.3941632934412824 0.3647973540779717 0.33680671382362604 0.3272207039767705 0.3049605736102099 0.3055546600877314 0.28080120473853 0.2900503423826832 0.2933322994785305 0.3204848906294963 0.32573271470261705 0.30524334965290767 0.32118704324640807 0.33154390599614975 0.33200103736684006 0.2896106564568728 0.260221101038204 0.23976027667461033 0.26122263583774086 0.26106113396215463 0.23594953582534145
0.4184680029220712 0.4219789895524532 0.38060773212084126 0.4324951256577507 0.42837310404480333 0.40869931090720685 0.38403293481588535 0.40342948653156174 0.4052682609275899 0.40076701211507565 0.4178592059686599 0.4231162303325192 0.400793820777863 0.4247779375421552 0.4639518307088018 0.45711102162178846 0.4154621720249027 0.43292737906370116 0.457750714571325 0.472135934811305 0.4675697580005418 0.42916784722829476 0.389680647139855 0.3409066717191136 0.3195087720592952 0.3276216544009529 0.331588661391762 0.31710537342591777 0.27905482066133197 0.2746526958047553 0.3108790244598859 0.32859297773104884 0.3446661757141842 0.3425043528079291 0.3719737009932955 0.37569840443356833 0.34460654246554945 0.3141556201737829 0.2621305560185204 0.24454977338356843 0.252909708675581 0.26553120469872993 0.2168733796374617
0.4327358661402316 0.447833310631486 0.451161330314605 0.4568736746188901 0.43708740951672376 0.42790428646415674 0.4375394258594621 0.4144316703561744 0.42185370979007286 0.4376016211654846 0.4487676480746412 0.4432740310079206 0.4677199378103604 0.47146991878769223 0.4609185240799068 0.4794490017615829 0.47013253345812145 0.4377164366044756 0.4281838183792777 0.47169256248821395 0.47674204213195615 0.4159279805686282 0.37402284394683244 0.3539121898351415 0.34221357157476145 0.326358207826613 0.3141737759535078 0.2861054716544555 0.30561453940561667 0.2955487944640811 0.2976742351722542 0.33023864164396566 0.33543854653586774 0.3432764867131893 0.3760831018507584 0.3722061686450345 0.33178980129421615 0.29296665975474834 0.2813667281536212 0.28378071015917766 0.26329729259097423 0.24837196692857647 0.2331083700105566
0.451200047442467 0.43899380591622605 0.4619231312509538 0.45090725894216055 0.4733756457628342 0.47124885717713766 0.46062638455247873 0.4651551864677643 0.4470094222659092 0.48964733102751895 0.5071466709455887 0.4776356496747166 0.5020150455441978 0.477203731311151 0.5009327001347696 0.5075551916553906 0.4666382969071424 0.45860266017140616 0.4315002472576146 0.48272162227193033 0.4621203457424168 0.43484747371206744 0.3980674017992011 0.38095682993791885 0.3559501171025785 0.3358259262284466 0.31671860127596335 0.3062685315826047 0.28943445570527315 0.3197364690803902 0.34272367806858434 0.31903810115280395 0.32958992747634464 0.33673634807812564 0.37173487178013903 0.34966623488881493 0.3593781491283071 0.3444239486803594 0.29197930571009995 0.27408017072790297 0.25834838715332836 0.2475913961102143 0.2783546656707897
