Raster_benchmarking/DGGS/continuous/raster-330.asc
NCOLS 100
NROWS 100
XLLCORNER 1743157.6605495042
YLLCORNER 5469290.374558147
CELLSIZE 10
NODATA_VALUE -9999
[rows 19 to 37 of 100, columns 0 to 42 of 100]
0.6796529814481563 0.7422540891154734 0.7949892655436547 0.7358105874804965 0.7640831300195109 0.7864717863651547 0.8190512835971154 0.74076490149254 0.7678691893077123 0.7396894661135375 0.7330741154198905 0.6800779008645469 0.7045524392395768 0.7103654362333325 0.7707409976759618 0.7553833286167743 0.7230881594808357 0.7305126775965102 0.7382583131734016 0.734799756091338 0.7316402898293004 0.737300122189486 0.6931741799880409 0.6814480346421267 0.6129934433740417 0.6660888480636987 0.6322786370592777 0.608332885690569 0.5198818224707891 0.6261152895324248 0.6185276683351417 0.5792573847492911 0.5520777582248658 0.6417866691008759 0.6595938920604778 0.6528968721918286 0.6865820409729138 0.6824356017344816 0.6411635790298452 0.607053960783827 0.6159205193128138 0.6455545624479174 0.5742993220996641
0.6712892627789065 0.7175593093240731 0.7850856542179386 0.7564796168078836 0.8012766585838502 0.7690989460464285 0.8009618677255403 0.7321974685083988 0.7035560850707117 0.7142928371490368 0.7153630829026126 0.6882850467266871 0.6824781326852075 0.6932707055809013 0.7499192806292829 0.7063793805991797 0.6704873602089155 0.6981496898214133 0.7416827635667212 0.762456407506502 0.7589786820557067 0.7428988880548353 0.7064391841546439 0.6834714794639973 0.7034668122821386 0.6651600502636695 0.5908258128672607 0.5761126340682399 0.6016399475123367 0.610602135949806 0.6199629461680958 0.6275696253805504 0.6332415259981848 0.571328326773688 0.5961637953641048 0.6274148577521202 0.6509096245082726 0.6313870981788362 0.629220123326225 0.6452879232594403 0.6139314654322868 0.6136876679539724 0.5872293471798933
0.716007264486032 0.7583609116940498 0.8292917656277147 0.7801434118086277 0.793778027404 0.76354125836024 0.7294769837517567 0.7407295841575262 0.7416722174554787 0.7206132067448425 0.6974893031981436 0.7259192624208514 0.7596921775197597 0.7149693422766202 0.674834855709568 0.7020944496854067 0.6900494466322487 0.7466805792378354 0.7355708804097832 0.7741289459402976 0.70931843311376 0.7332422399625735 0.6990769253362843 0.7119563397813272 0.6985572617734919 0.6537495703418891 0.6087535658361245 0.5503807173169842 0.5513365067879099 0.6023921898380807 0.629794149007332 0.6727618811941065 0.6445017045134952 0.6076179458069786 0.571270691760722 0.5951058579916702 0.5697007246386809 0.5548690027985944 0.578019477653929 0.5979650222358996 0.6206983094252022 0.5763958825204566 0.5614649944228575
0.7272633354658654 0.7411627481030088 0.7705245552636331 0.7829453775160041 0.7370509376813432 0.7486467124171322 0.7426734147414258 0.714938864713436 0.72093685708895 0.7233473553469427 0.6593200257261258 0.6775955374771649 0.6664584920114756 0.6828605809875734 0.6762550907097546 0.6532142404058667 0.7199660182796127 0.7473501044025774 0.7743678058222377 0.7512187011754734 0.7890112572210671 0.7047163404242432 0.6885129187964091 0.6816801481169239 0.6741733335184397 0.6574338819478888 0.6390373477437779 0.5691431659300775 0.5562487962042496 0.5968786654574488 0.626630205488079 0.6611305350702339 0.6152360440039294 0.6221193034383697 0.5630966674670791 0.5748701568274102 0.5498954462335061 0.5830163368921256 0.5666826352364205 0.5496861735785595 0.5982345241388533 0.5960644470366938 0.5541719524324042
0.7618570911784304 0.7780291770736861 0.7797210346234792 0.7604957859837483 0.6976094882994457 0.6765335961580387 0.6955736520307076 0.7123182246394174 0.7579302385979625 0.7495100672557239 0.7054895198152833 0.6696915840699941 0.7127610141414994 0.6568403681105862 0.7016049830372697 0.6812448466561689 0.685710749563889 0.6955390953319065 0.7376258120432766 0.8028439290190693 0.8325757195456089 0.7731240950443191 0.7420854706973268 0.7121854667418986 0.6423248831035789 0.6214703761830876 0.6211027730578431 0.6514464253973976 0.6367301075885652 0.6180442437347041 0.606909228357102 0.630341828204762 0.689275659986938 0.6435461427655833 0.6432743330723552 0.5795335242004778 0.5807571561051846 0.6216663222671137 0.5835190849679973 0.55619349049975 0.5814700211239376 0.5760321810101385 0.5916482781479583
0.7403421858633509 0.7930717438962641 0.8094525072802983 0.7332320716504604 0.7505725649830133 0.7267639329059769 0.6848338819052757 0.6533036053402879 0.6716522596467394 0.6719318923210561 0.6654446922216869 0.6621426652755021 0.651051398544394 0.6471407902034253 0.6718576217375377 0.6823977003624363 0.6482018033228683 0.6777085759193437 0.7661708877059096 0.8248608101925309 0.8345933732599469 0.7848333451834367 0.7704814761765266 0.7305651618434148 0.6622360849754796 0.6542476962306428 0.6089977178150743 0.6213783891462039 0.6333677879519616 0.705896971725131 0.6416674183616711 0.6617665885122002 0.642808336621978 0.6234362268111343 0.6320442784731874 0.6111009730597099 0.6172907717769638 0.5845223624564101 0.5922670062220388 0.5614801369237451 0.5705349082076846 0.6237726709330493 0.6386757136957733
0.7358807502258604 0.8029572051769278 0.7981272002233555 0.7394413088366034 0.7391344106878088 0.71507208647677 0.6553298391151311 0.68628064934311 0.6144227759249766 0.6741791523824356 0.6902147844197004 0.5862159031152222 0.5367397104987496 0.6196351746208354 0.6155020641322205 0.6943197049439213 0.6746351722835465 0.7372380283937061 0.7780752463490873 0.7787470168774725 0.8602108538926744 0.7714446850632634 0.73364717082442 0.7357907343688036 0.7288305806669344 0.7230191718543589 0.669269191266426 0.6535404221868917 0.7163780654113935 0.6905480532007613 0.7195702513993724 0.6583926394522742 0.6997982707361814 0.6619750427885916 0.5974221406214869 0.5844299437724297 0.5957334500117537 0.5668442144949088 0.6492743121459862 0.6092701196618397 0.5486296621134703 0.6158694634780921 0.6291846381108682
0.7155724592453716 0.7256783471479838 0.7842641559050983 0.7707260876151483 0.7791219948879834 0.7151247220820545 0.7174948311003954 0.6816292521963156 0.6630242439583905 0.6496559898464693 0.6763544624829921 0.6179774905747639 0.5849943106501112 0.5587465199186126 0.6218445939764967 0.6682361422086801 0.6776358828080954 0.7672913698869542 0.7869876660170563 0.8075354525086724 0.753383637337131 0.7844128113457126 0.7418814922629918 0.6994848818460675 0.7127745961286307 0.684974405744609 0.650635353022622 0.7365429745057415 0.7194693825098659 0.6862289421018101 0.7035815254449813 0.6348462702882768 0.6269543902130742 0.6432221243020818 0.5984075310634552 0.5777307369220506 0.6225150758150074 0.5992380918809271 0.5943943847606634 0.5721866750432322 0.589695934374688 0.6150082875760365 0.6182122565421253
0.7031168563330479 0.7595415338206195 0.7721482725788227 0.7968616378387755 0.757387795187621 0.7044897349814884 0.6828354397102643 0.6397502469808848 0.6376800871615406 0.6211837853014263 0.6605946587717925 0.6624441217386576 0.5778165566870758 0.5718174700137099 0.6052574374876014 0.650497917905109 0.7256754098397042 0.731725514506989 0.778212377601632 0.7256905245539961 0.714803839421233 0.748880328406743 0.7552380547501967 0.7267758219342988 0.7248822176536327 0.65334190189107 0.6763602903111323 0.7474514622525795 0.7291689666760413 0.6459813327482159 0.6436160668986042 0.6471632788619897 0.6217777416620653 0.6527974607266883 0.5814670863645376 0.5946827724762919 0.612325981239405 0.5648934271266529 0.6021940170404934 0.5428297942713806 0.5774892966089585 0.6319039546527215 0.6415936781927284
0.7729399621857774 0.7622958029937644 0.7897696649650453 0.7331235743169725 0.728610050653527 0.6900400270435703 0.6837512205372165 0.6526342129817975 0.5974338705272985 0.6325184381869564 0.6516492915065829 0.6381513559219625 0.6165903400929642 0.6329430202048267 0.6295665169153888 0.6687542806169251 0.671472756050882 0.6759495630020396 0.7063513529794073 0.7167834688304092 0.6862857942288066 0.6852060632852187 0.6639679366543882 0.6956567520713843 0.6504241030137591 0.6333409222332971 0.6749444543569167 0.7041992317550905 0.7300166731325034 0.6858624465632399 0.613278248463946 0.6321232559642764 0.6265710373034702 0.5997842914745696 0.6129233357261332 0.5782330896845939 0.6096787305430792 0.5769368614245637 0.5649429035250962 0.5627901777462306 0.564532754199076 0.6148519482675076 0.6072531971550849
0.7742901513193668 0.7765510670606838 0.8058287109151355 0.7684387164393722 0.6856092095812397 0.7206413980791004 0.7173227034960568 0.6717369308765464 0.623503993654625 0.6226772934711499 0.6395102431306599 0.6255613355563493 0.5890936049725813 0.6270562610553648 0.6985390400508809 0.6682632204832095 0.714708705743923 0.6570855524358555 0.620161666362911 0.653756743051708 0.6490416477802263 0.6773951873774486 0.6533519923540465 0.6110370144464118 0.5560875025913068 0.6280570831905598 0.630915515492956 0.6354896259196354 0.6591901489780325 0.6122783984291615 0.5858829999678045 0.651655014708746 0.6899052620358637 0.6046967632608006 0.6524309536624225 0.6217289285634611 0.5696014596101715 0.5766284018038003 0.517649470139439 0.5852663397690947 0.6069636988212879 0.6200434087930646 0.5359618887224619
0.7784388319574576 0.7738884185981718 0.8039672743389739 0.7454642239799822 0.726127992114028 0.7110201190946795 0.6958651031829138 0.6222900972651327 0.6442545328301015 0.6201662840361589 0.6382647143565232 0.6379123421356967 0.644826215658575 0.6539834786390019 0.6878939328209377 0.628422386404431 0.6254250758053324 0.587673688242536 0.6056966134846037 0.5770593027691235 0.5812161559954097 0.5787354291244418 0.5857025220992391 0.6113424801846472 0.6472173520146578 0.651436351971435 0.6151056975316043 0.6529786145879031 0.61664788348113 0.6088224834861834 0.5863270088906922 0.6491438866477994 0.665693906385127 0.6274669409732941 0.5531003352007111 0.5818531736806312 0.5689766746523202 0.5714414385812056 0.5599671899501713 0.6105731586018375 0.6381076856502269 0.5615228594486591 0.5071207146688561
0.6840231380557328 0.7081296546773715 0.7412895439480472 0.7893043089978025 0.8165661920607913 0.7511823602272097 0.6587811883376585 0.6015229118811288 0.5558565582226465 0.5831607195370851 0.5975940120047422 0.6235995074209567 0.595025843671696 0.6127521623703901 0.6187409718595908 0.642787640018753 0.6030564601844829 0.5687417688457848 0.5612906710977907 0.5437759060992813 0.5309874416095257 0.582686701917608 0.5923005471597307 0.5858534697457513 0.6362436117525887 0.6463378754820133 0.6326495089184162 0.6580520584031884 0.6399757299465927 0.5902581470032395 0.6297332502094402 0.6063220567490408 0.6149210656709219 0.5704048509667348 0.5063213357064696 0.5491338813116353 0.5141154257022771 0.495129868692757 0.5289089498723495 0.599316546337632 0.6219318460345011 0.5738509131840243 0.511509058720878
0.7435045898868406 0.7538418914853368 0.8321076487562297 0.8006585133983751 0.8049617012526803 0.8010110088571131 0.6926731715591125 0.6568619579254658 0.6069251808727014 0.569547216350345 0.5688391609197271 0.6038625337872309 0.5394662159731637 0.5430886685561346 0.5718779626260387 0.567593304268764 0.6114801736341944 0.6084133153360042 0.598110211438269 0.5181172240469344 0.5137162314264293 0.5207463375561838 0.5510790685960412 0.5802784372045515 0.6075661989682029 0.6155756969269288 0.571802079615457 0.5672684162619063 0.5975467376809931 0.6094585883614367 0.5918954145373808 0.6074678331617395 0.5904413697022571 0.5311652944312482 0.5065161474048114 0.5198923006421537 0.4779594736562014 0.4990055151291635 0.5841383153471192 0.5810063460913507 0.5978731196410005 0.6187607990138835 0.5633647853812468
0.7438932501409848 0.7821527352126122 0.8683730872194786 0.8917866159477958 0.9125176807702848 0.8291067706020105 0.7650576550951361 0.6517057784223174 0.5698136795476657 0.5857910306542303 0.5557669124665348 0.5758693180278928 0.5271305122049673 0.5816125696389731 0.5583134508902681 0.5722024411718971 0.6274669343173741 0.5916604140677114 0.5547219448281921 0.5095394543506573 0.46812893448966714 0.5105094363898721 0.536511012153423 0.5816619153183238 0.5327487379086764 0.5544650298179394 0.530384483542516 0.5473887698574927 0.5210776345821351 0.5583319279761526 0.5306349610313035 0.5639854768363072 0.522257258072188 0.5494388034816673 0.5271852247487738 0.5478609673189604 0.46816802827761567 0.5075267496936621 0.5612453073458978 0.5643289645323952 0.5952001341034393 0.5543942460541251 0.5854869851361839
0.7799607106872571 0.7757811314943986 0.8034117641935821 0.8669408485740727 0.8230579186414534 0.8098187925252536 0.7869329369416708 0.6747151373906245 0.6712678370210697 0.6359178763077847 0.6086416615693788 0.6034083112421675 0.5526049380437185 0.5715987791699787 0.6175495736689676 0.5868350014998008 0.587560848590594 0.5393593843740747 0.536755293274048 0.505470384776054 0.48340445173751095 0.4822245235734488 0.478083675114556 0.5139291892611711 0.46762805545847497 0.4878051036327275 0.4594848275836854 0.47162408925963056 0.47698600740604064 0.538177765791766 0.5199081150719399 0.5532425306405224 0.5561818105110047 0.5218046990126911 0.5256190132019157 0.5397635335824257 0.4801369650269056 0.47433857750295666 0.48669280479030236 0.5553629550175372 0.5490576667887987 0.5776130976944122 0.5645841829234387
0.821360813168183 0.769570571313511 0.7975972817010154 0.830486169330676 0.7908014559166435 0.7574549865032899 0.7867859683053392 0.6713906280774645 0.6837719947529773 0.6522760603982731 0.6246418208714705 0.602221560593159 0.5954628948662118 0.580594847963423 0.5981699902762061 0.5853498469449416 0.6024079797518214 0.5070505365757721 0.5181850489080901 0.519351551499651 0.4794463794226487 0.40643528454314426 0.4201996545336269 0.4470543562845489 0.4635084730716958 0.463449894835632 0.43063723698219764 0.44563348978431433 0.4844151651172034 0.526286264616095 0.5306128291576533 0.5505653923092616 0.46452564570807914 0.5053742962753559 0.5100491605963821 0.49126786047490945 0.4967267685747746 0.47472140745136054 0.5224188804549856 0.5011713552252269 0.5632505967059552 0.5656507095955777 0.5518207337774801
0.8380365166850132 0.8143563078650117 0.8072303100055568 0.8179226406040123 0.8055513177202371 0.8068018160918676 0.7447913462598892 0.6907768948095125 0.6332431436075723 0.6218882399009199 0.6130649635323001 0.535659590248484 0.5644544794867492 0.5399159850249711 0.5400082953674017 0.5655202735300219 0.5814475364484806 0.5224953508373319 0.5120581868959552 0.4841979787045263 0.45289483485579834 0.407847385967721 0.378318151494435 0.41006382733114755 0.40082972551374974 0.44544446010591116 0.4724101049731261 0.4834514635198349 0.5118043492629764 0.4831152310198031 0.5073100869732186 0.5455169236282922 0.5307147982808461 0.5271197671066586 0.554584092030331 0.5076378910492033 0.504058996166616 0.4515524383413574 0.4790936124355659 0.4888490964232088 0.5020088195828417 0.5007708888217903 0.4934859279483055
0.8699683514799873 0.8403558875850737 0.8019384115718522 0.8718073187160947 0.8679061487188574 0.8406570731539507 0.7709443898309934 0.7413651455251797 0.6643202189588328 0.6140519122550592 0.5392869840392966 0.5549565266274431 0.49262183103221807 0.5221644215427008 0.5044500497034531 0.5264770425784059 0.5819058981155711 0.5217580052243037 0.46982021507437377 0.49176561673467317 0.3918395620534798 0.4346304643545695 0.4009036377968081 0.3521355951275509 0.3642560308984852 0.3970052617673616 0.4541945260355839 0.43343380228232314 0.46131384785467616 0.47218832377342645 0.5734250618335223 0.5532143924667835 0.5040910889245694 0.4994861719792244 0.5127555186663253 0.5583193058238344 0.5172268883836268 0.4577983824413322 0.4354143123674761 0.42876272279316757 0.4611979040060686 0.5059079358816624 0.47264184548584576
