Raster_benchmarking/DGGS/continuous/raster-386.asc
NCOLS 100
NROWS 100
XLLCORNER 1743163.023683909
YLLCORNER 5469296.697423425
CELLSIZE 10
NODATA_VALUE -9999
[rows 0 to 18 of 100, columns 43 to 85 of 100]
0.6105034614121309 0.6094004495288802 0.6580084200820417 0.6915895548873042 0.6740147993174103 0.7286883642102839 0.7054594460193667 0.7204715951191143 0.7711016088729967 0.7674406900317394 0.780161170722689 0.729527380930318 0.6949600608602999 0.6897948777868966 0.6536854088132528 0.6451475597219134 0.6102070412379936 0.6107416954117232 0.560191182792139 0.5750681133130351 0.5743744709125194 0.5751764832910237 0.5412521699162262 0.5118913625236909 0.4911370064787951 0.4928345743189025 0.5054896129665873 0.4951329356002157 0.5230524278252141 0.5104001108171705 0.5356763131476983 0.5868206980014574 0.582443708176006 0.5673452608214449 0.583371069055806 0.5791650521841829 0.5906617379320421 0.5752825724362052 0.5918033972003589 0.6033710585937908 0.5856066555385192 0.538092016541851 0.48779361845441344
0.6174562261639347 0.6645222380084971 0.6836089057991631 0.7026393417381567 0.7417368535837782 0.7684673787614897 0.7732772791712097 0.7857440995304591 0.8079397924300403 0.7829704627359523 0.7943079507772802 0.7723986925308463 0.7103763705372933 0.6847179155528023 0.69405288702807 0.6728465822122065 0.66066458881844 0.6305187665640397 0.5757112143138454 0.6049714552790345 0.5936189010712303 0.575015799447933 0.572771771841142 0.5061445154364377 0.48260019419328226 0.5099695872946801 0.5084955298512298 0.5473757341578037 0.5157982198199609 0.5110720424444439 0.5565206106548266 0.557974206017235 0.5546352525213444 0.5560424009794006 0.6027543773847198 0.6265554622563304 0.6166308145685414 0.6283853039396667 0.6153815510204114 0.6065651833235955 0.5969504276882451 0.5745022353301208 0.533789601629865
0.6505136068123919 0.7067845659113726 0.7087918763567924 0.7347718675773353 0.7847836207750957 0.7898813916612238 0.8374575895103 0.8050619503374103 0.8372980637728714 0.8064108693894441 0.8538458944384629 0.7863144293893706 0.7240912213870359 0.7363174374094126 0.7358368634290623 0.6768063048074197 0.6492134768598278 0.6294757024382341 0.6150282525466381 0.6291328388416368 0.6325097276211052 0.5970978090472417 0.5801482141644948 0.5477535267976203 0.49059151685955354 0.5336563127407229 0.5412823038687262 0.5632904729328885 0.5678637239143715 0.5334605500469844 0.5204842675009124 0.5458485051720239 0.5500628360175996 0.555267706674288 0.61801520255749 0.6231548488982351 0.6462878406099107 0.610686094537367 0.6519463529313619 0.6069889003705147 0.592852602244293 0.5992095588189792 0.544870884105149
0.7044283220458469 0.7391397358595321 0.7722547059986709 0.752737193570552 0.7531035915928288 0.7910397031601569 0.8442079301490931 0.8562008121246345 0.8115874655905206 0.8420510238358099 0.8585219772622327 0.8100234891302371 0.7374622069725831 0.7269196033792782 0.7644404266814756 0.7362395769768734 0.6957577703071087 0.6566923788999134 0.6283979212029431 0.6414101767523872 0.6045091953261736 0.6103771827815969 0.5819964378571246 0.5417294068331431 0.5626249104297391 0.5441696817061555 0.5628193590853102 0.5327486977443218 0.5436095197640016 0.5457700758006596 0.5585573465896148 0.5488600310036656 0.5618533857491059 0.5838729037942167 0.5739754228069641 0.6167855098716764 0.616000742794378 0.6095179166667496 0.6358987380470392 0.6114904175225334 0.5795334853677037 0.5752047156907804 0.5269753037202423
0.6967939367281244 0.7392619916150379 0.785678747748367 0.7857768572611954 0.7916649076623701 0.8392729445076027 0.8338843986859904 0.828557888446996 0.8258990627927562 0.8586246354893388 0.8847342255614364 0.8139509539917547 0.7621604105221921 0.7398116227629027 0.7501718600938438 0.7304209379204917 0.7528367123360384 0.6927729920162803 0.6620254403287519 0.6214971090531444 0.5928346318543944 0.5859708040894128 0.571763269609702 0.57292009187284 0.6019607824120852 0.5468114605118909 0.5748485802065274 0.537760228604447 0.5433339240739053 0.5732023479804051 0.5712692754832246 0.5596230171347111 0.5731856748685566 0.5991433718252627 0.5731068092524902 0.5842042287217757 0.5623207012387317 0.6075572614197994 0.6122259209311137 0.624310195604454 0.5869392001998055 0.5882189676225256 0.5537674628580892
0.7057911664093424 0.7060040463803596 0.7669913384636231 0.8014483116567938 0.8281684150610106 0.8430266103974913 0.8378784993783286 0.8817642173756094 0.8739008434719395 0.8985857522652162 0.859336591154694 0.819639372074895 0.7911762776829154 0.7806993207612166 0.8028861015244106 0.7931425971895748 0.7719045273777861 0.7438378260575448 0.6803292930095831 0.6589897702016867 0.6549579816645305 0.6373114291354731 0.6260132800851366 0.6252662133970318 0.6299239731880389 0.5655555262684621 0.5388495142832277 0.5548861221213958 0.5594563646747726 0.5494315863791992 0.5477739269712082 0.5673501952698561 0.6036594457821829 0.5948079058441376 0.5819567260945889 0.5656739389172636 0.5622906133415306 0.6165584358090475 0.5845118275737451 0.5928418285487977 0.5966054081075081 0.6278971129783115 0.5928240345688296
0.7108185282257895 0.7110401487766628 0.7195369560431227 0.7916605302166385 0.8034656100792671 0.8441176308730096 0.8482086644060762 0.8679075445603951 0.9253202288152672 0.8802135177678824 0.8622654816486064 0.8684345662126953 0.8666643943774444 0.8280002867976597 0.8548710969582686 0.82973951116415 0.8404067772603014 0.7827701074772132 0.752840018269051 0.6930846751854141 0.6797746127383023 0.6653732530969949 0.5985011289844224 0.6190180809285687 0.6435360348624583 0.5728779993768511 0.5524453594106312 0.5341915613719831 0.5572648134065199 0.5979008065314909 0.5993308528910241 0.6048587468224531 0.5744546777754055 0.6015845670421491 0.5856312366990953 0.580247061500791 0.6023046915627046 0.6228832636096454 0.6007166188588079 0.6361562416991435 0.6809958330234226 0.6128569496131012 0.5879532152987549
0.6762178786991402 0.6999174614558401 0.7506969028882384 0.7609833821803204 0.8149888792003392 0.8656231804050288 0.8919453266764462 0.8923920880681461 0.897947449655739 0.9266176350891699 0.8683884188017612 0.8738960660510722 0.9009060727872743 0.855166763859169 0.8374102198571963 0.8341399927952053 0.8141889680215745 0.8098488610510088 0.7718188086369641 0.7322687513830778 0.7049737189729598 0.6779764100856154 0.6227827745663921 0.6314544595940681 0.64559292883921 0.5983098964769836 0.6078425053979355 0.5597202416807628 0.5488318495681566 0.6010574816142727 0.6022277466371232 0.6210986376830616 0.6095263604394668 0.607327215493667 0.5903556230529594 0.5988184102661837 0.5861229480247144 0.6133659151840056 0.6093592183419606 0.6256118573963559 0.633006156933259 0.6463872640069271 0.6148445473811313
0.6984221737422781 0.7226080065688986 0.7465372559740435 0.7785684673806805 0.8235396931753317 0.8982459677217166 0.9253090731519974 0.9227017947581544 0.9474249682282968 0.9421713737819467 0.8842746009357207 0.88522071477651 0.9024222531301 0.8897336536735855 0.8700488124519904 0.8635411338237152 0.8235770937762363 0.7808289589265923 0.7578007910411725 0.7380662376015337 0.7550645767708702 0.7035442006294598 0.6566647323858108 0.656569444314123 0.6758660772019417 0.6182500308276259 0.6119859755420235 0.5666251407847589 0.5560764668153673 0.5958084164836105 0.6360613460034584 0.6689361973516272 0.6681472966282921 0.649211637770401 0.6463971007978635 0.5948632498383379 0.5968811562537326 0.598341861577548 0.6329706325853066 0.6647679811569182 0.6811476112782325 0.639741816480515 0.6102814767499511
0.7021723584683364 0.7318685487587197 0.7790235210451748 0.8306294461319422 0.8859355064967642 0.8747198915119211 0.9429700835307501 0.9551365182551493 0.9739840981803999 0.9515189578796964 0.9026481948264111 0.8745805336391375 0.8663278348248357 0.8747857582709432 0.8944300946447711 0.8733709523095218 0.8355488489011155 0.800338623916248 0.7639095725096239 0.7351584023854386 0.7318743069590891 0.6924489240625238 0.6661663133994618 0.6979288192107678 0.651118453463423 0.6661199188342383 0.6236255422393858 0.5688545858310882 0.5802735581041525 0.6111275674794057 0.6657570988584088 0.7044366114598086 0.7320828836827209 0.7062715995387254 0.6954794623049213 0.6364728267295162 0.6474579945728252 0.6398039625636422 0.6500815928286391 0.6642784420099784 0.6400667189289623 0.6228011019338101 0.6393521448761875
0.7380666464259683 0.7484533567986074 0.7680692374483049 0.8533484775644589 0.9063130907956201 0.9147083566829665 0.9543631751179187 0.9270851821425173 0.9629138703339338 0.9537203517896646 0.9085360005667933 0.8822389223396906 0.9005125995425844 0.8914642775443342 0.8881363944009522 0.8594216565822539 0.8883596319210594 0.8447132240770931 0.7801920815848077 0.7720233750754171 0.761669948096395 0.7000931273685677 0.6791855554254501 0.6708599758199797 0.6732616978859495 0.6669290192666958 0.6202591743862861 0.627122406396588 0.6022677440545369 0.6633365968460349 0.7086592006846856 0.7143327701954588 0.7775131930699037 0.7591029833970743 0.6975410492842641 0.6612379422981106 0.6294089986792221 0.6270332560348063 0.6315373506538942 0.6434483559719445 0.677538054988527 0.6148236364591777 0.6135266559309646
0.7873739134897332 0.7860493386925875 0.8085019214145388 0.8382173455668168 0.9053915806208134 0.915924746444978 0.9041861589779192 0.9128567077848694 0.9052264348947769 0.906966490013141 0.885792749854629 0.8797458140249751 0.8616991503731349 0.8738243304292047 0.8777002538701711 0.8737930192698701 0.8928674006093505 0.8589626554264383 0.7915682251658154 0.7864194739725509 0.7662457703877753 0.7468738654628521 0.7377746217775911 0.7071371276522398 0.7240987587644261 0.7047170870385805 0.6663104145241874 0.6454886295847738 0.647177679233887 0.689420398101554 0.7512008895909833 0.7709212392063386 0.8019909930103168 0.7829385528117627 0.715424693512357 0.6594814201059342 0.6259448460176869 0.6058397424806974 0.6299364029499968 0.6704117510228287 0.6716466710203636 0.6155881102168379 0.620595051806132
0.8252980496003756 0.8382847442645569 0.856412592760339 0.8697562985483029 0.9284444429464287 0.9191979559038039 0.9341400297620998 0.9507713673508965 0.9062759019606559 0.8909536139964649 0.9308903372207683 0.8851622326461958 0.8726039957614018 0.8926475910108477 0.9219128361227601 0.8485327499791295 0.84916296613114 0.8832685001252222 0.8215197667940564 0.8223690169469838 0.8221844191875884 0.799556272307827 0.7746764780700179 0.7350908922095629 0.7235887493801946 0.7312168187399556 0.6952968507731719 0.6653112546303324 0.6894545714915474 0.6887472042029248 0.7201540326278572 0.7628595948389313 0.7887849488540215 0.7656665059589759 0.7644360669809951 0.7198389704102957 0.6428381773690445 0.6296859922146745 0.628993371271912 0.6282177699714725 0.6500368499010274 0.6164058963250008 0.6271128358681145
0.8701643839857696 0.8871313097731279 0.8963059659530782 0.9270652398901048 0.9633004597185549 0.9182556427225266 0.9110884394214178 0.9408700080539211 0.9094796010324353 0.9147675912856443 0.9120322889789404 0.8707690367595854 0.8758204567054573 0.8535800139285108 0.8563260116207172 0.861844404450162 0.8655592030945723 0.8902514303528457 0.8939642970032757 0.8676948533824599 0.8553372117526826 0.8019747347852836 0.7870863700277145 0.8130212805880486 0.791293311420279 0.7568737371278981 0.7076878104099044 0.7099331519408807 0.721413881665846 0.685973637116741 0.7426634164221135 0.7316482507225804 0.7555004818067604 0.7915033637937519 0.7832650803885343 0.7335787769147183 0.7098344347853028 0.6902742083038629 0.6379457441904699 0.6671447857156253 0.6699408152716216 0.6484081441031464 0.6125070406837664
0.9228130283122814 0.9337127583075217 0.9204826209503154 0.9071934165308932 0.9755474620417868 0.9309681988933577 0.9307144314591462 0.9149133526225803 0.9234497470093868 0.9061584152585068 0.9256134399996762 0.8720546537599253 0.8366625888907259 0.85751847057513 0.8903229763229412 0.8891493320703762 0.9008256467250063 0.9101637948283281 0.8838001414950639 0.9024321380731429 0.8698011093217374 0.8554896036144313 0.8509834609806224 0.8149776646841201 0.8021508923949502 0.7440523964604314 0.7304215590923862 0.7449010958468176 0.6972442173082363 0.7334299931494557 0.7188655857118131 0.7349823149798173 0.7918034769040566 0.7841769045136789 0.7772459006839093 0.7357278246715853 0.7290510341410084 0.7196718743173285 0.6805633114099278 0.6705894897929879 0.6551847360529816 0.6105962844086356 0.6102733077648579
0.9068831557861506 0.9143047405922564 0.9456113048797202 0.9199280513171428 0.9588545686699871 0.9371115268851622 0.9522502051864717 0.9486434907188903 0.9593545500468229 0.961172777388068 0.9276995601631871 0.910700266036411 0.8502189095374753 0.8415474570719939 0.8303899665038105 0.8562714829849533 0.8634450139003688 0.8742518910154645 0.8694558263458925 0.9144730212390085 0.8742683815121854 0.8669601119336433 0.8769657647749899 0.8390013035871534 0.8230029410595798 0.7738881079421168 0.7791928738773254 0.7805555749290649 0.7622874231540622 0.7575183916348897 0.7409615086280582 0.7595215248929214 0.7615213403217165 0.7709299957404433 0.7649602875807667 0.7434702813749 0.7226856797149106 0.6859435340374993 0.6647622395489462 0.6475796932062292 0.6506976235080196 0.6292878765919097 0.6319837709067456
0.9419056147318869 0.9362952963231898 0.9435411391195095 0.9333455470673829 0.902821667135485 0.8906484042205159 0.9151314912512809 0.9398040374601976 0.9468105154021567 0.9540002011699216 0.9406806947749533 0.9128698066024071 0.9038589980624988 0.8352758308308202 0.8059470208309282 0.80240792175929 0.8302229291872979 0.8415656097373084 0.8945422663096348 0.9158264116053231 0.9185317281996219 0.8861518526389198 0.8870536045363097 0.8678061850781268 0.803994171041513 0.8159952704888702 0.7849104207881104 0.8183575425830322 0.8098898016912481 0.7757331014159072 0.8053759671881654 0.7841971876320131 0.7625880324461337 0.7476872906338698 0.7854005958400065 0.7347287780306583 0.7327299979058498 0.7348102438287636 0.6908131679549038 0.651545777407635 0.6413144484724349 0.6238957941811215 0.6570754117402541
0.8975860437608454 0.8949072947402742 0.8930093559686338 0.8867462661841629 0.8794336494685833 0.9037118142887103 0.9092994914732272 0.9344290637721676 0.9769119383947659 0.950479598517314 0.9669213734729893 0.9169697933297932 0.8849680376703951 0.8837591570709357 0.8630065339791931 0.794317878089323 0.7978912764052716 0.8565611478032651 0.8830697867166327 0.870594737951281 0.8927683793334003 0.9065264364028818 0.9110698130187452 0.8647325378450373 0.8054132355214202 0.78669368864505 0.8123904372416835 0.8013783674407089 0.7926536473715708 0.7913218536276729 0.7907289005206292 0.8071056791728574 0.7826002727216629 0.7791177792489759 0.7649241243517255 0.7585343671486333 0.7520608247605736 0.7194812560457798 0.6944682143300736 0.6627998598166719 0.6403765692300596 0.6531299143814104 0.6587740756576204
0.8803694015357593 0.9032540686583255 0.8964257982970647 0.9096694375582455 0.8911201736604033 0.894731502038696 0.9055694733200683 0.92738925973175 1.0 0.9787773394013862 0.9635042047924379 0.9337712303098701 0.902627734116708 0.9006388205585297 0.8698978716963011 0.78862473133086 0.7550983808677342 0.8038381901319163 0.8677823891894412 0.8552752829965444 0.8737906731699259 0.8756114417446185 0.8977948115209642 0.886670177330945 0.8360506634084045 0.788346385693876 0.7961828678173768 0.7851771226063678 0.7724296168618118 0.7579535691638155 0.7547692284250456 0.7657962382033127 0.825552391926023 0.7957620102544491 0.7550833679196285 0.7614358071272425 0.7654661429577899 0.7010321478515832 0.6781246819642236 0.655825125793147 0.6940618377761171 0.6668722632173366 0.6722848343534186
