Raster_benchmarking/DGGS/continuous/raster-338.asc
NCOLS 100
NROWS 100
XLLCORNER 1743164.1828602129
YLLCORNER 5469296.536904794
CELLSIZE 10
NODATA_VALUE -9999
[rows 19 to 37 of 100, columns 43 to 85 of 100]
0.34850936843608255 0.38221931177621815 0.3772132608473749 0.38013323142282057 0.38426943920513085 0.3872448224422097 0.3666992444556529 0.3487552343531862 0.3346668490818472 0.34704230240959394 0.3778509316397292 0.4047990991331799 0.4072961557428743 0.3961574303852368 0.3590636202308449 0.4091516552240147 0.4400911992168916 0.4467601574350659 0.4619981870680964 0.4459220336502866 0.4704960235418502 0.4811448474560239 0.4730609014055608 0.4874328258497001 0.4830954551240753 0.48612407712155675 0.4773031530931503 0.4796922452506979 0.5387490100371598 0.5283180156837718 0.5651932848735994 0.5886827097860471 0.6432821314417392 0.6534026617257708 0.6674938656292541 0.6769051871490047 0.6553418464677275 0.6522966868986563 0.6468870387456299 0.6817297930057614 0.7242376218418296 0.7324722800401823 0.7384831817290727
0.36730842114028367 0.3693052150224775 0.3825710462383776 0.37506864108613364 0.35230143315632934 0.36322829365773684 0.34514359062149597 0.34549736006312726 0.338571129364776 0.38572553725738684 0.4042122204585646 0.385784804989398 0.385415424426283 0.3906348946011381 0.37843760262529524 0.3964339606825274 0.4107732306604284 0.4209046967959833 0.4609310700767831 0.4687423003611027 0.44668747080906474 0.4634465094761338 0.4747370703101274 0.4594088904307545 0.46543078735263554 0.4566048638988313 0.48047402122131216 0.48310908632852734 0.5034978729187287 0.5374320076367254 0.5518880046170758 0.6029829705707477 0.6282551399624801 0.6404620676902533 0.6357652261121433 0.6415611929608196 0.648256534653972 0.6399937036550942 0.6682337325941327 0.6890747204878799 0.6988823901766369 0.7351788035475755 0.7206194294638582
0.37751305655033646 0.3660880221452311 0.3577934072652101 0.3530889181538422 0.3546682478815787 0.34949297947618513 0.36064221379304706 0.3575552049655338 0.34795593119858687 0.36763366695385974 0.40646711276469355 0.4074586155535361 0.4115306187477486 0.4090900849952144 0.406623855312465 0.4002383901079508 0.40833161370136256 0.41669190761025043 0.4283622314458138 0.4585382737184165 0.44298447553306264 0.45576913769411526 0.47766886805949843 0.4617273449821545 0.4433888293684174 0.4537803614086202 0.4613023773410195 0.511938687730639 0.5272892349291265 0.5206340122798498 0.5377172412307002 0.5638211538795268 0.5987614597391067 0.5896509267630398 0.5880401628624561 0.5936060483537837 0.6066595268107575 0.6165407917815436 0.6366119583111196 0.6861260944171217 0.7059957501442437 0.6972896399921585 0.714076443781948
0.383872280949923 0.3570086262561459 0.33508207649430455 0.3401394933520146 0.3620410511849414 0.344164115395539 0.3625914596621386 0.3579969069893782 0.3619869854660055 0.37578444191020427 0.40578250837103186 0.39230739959308136 0.4087750184727723 0.3822895903141369 0.3927990953419157 0.39951044804061 0.43450538137005856 0.4370843006513593 0.42932406674579 0.4404043256870282 0.4280278675590748 0.4350866148056426 0.4405243892294447 0.44143007205740376 0.44252455449502354 0.4688677137865535 0.5012467861808929 0.5292268114096333 0.5262408565438087 0.5290173311066705 0.5350133194042774 0.5820397460783903 0.5708330074646543 0.586596492058328 0.5824408839212446 0.5849660333583127 0.6344053052757438 0.6231607957898683 0.6451978580373626 0.6775714228460715 0.6934105049733376 0.6904006585753644 0.6930217041251815
0.39294018526646923 0.37368506267044316 0.35121311591652704 0.3603070742393874 0.35439852422167367 0.35372090009890345 0.35680004214995364 0.34539160565997273 0.3491672657162371 0.36330878477441186 0.408366948968091 0.39574906039525193 0.37721766584848504 0.3730883813221479 0.37974879485119284 0.41644610618827005 0.42502762988561316 0.45030220445062547 0.4627417665523426 0.47124796697300114 0.4366157944985963 0.42253487485724694 0.44030173160326164 0.45732559674775053 0.43818256883869233 0.4557749516341809 0.5084134449295594 0.512446639266779 0.5526464147078336 0.5509396342172338 0.5517541726590041 0.5697989118304861 0.5701011728376002 0.567076826506127 0.5659618004369268 0.600176413624347 0.6501356548053169 0.6554417726868291 0.6579014848759718 0.6979930303855235 0.714922651861177 0.6858536341230413 0.7029352520580386
0.37619149668323615 0.35908614446804166 0.3648589388195519 0.3421433287466189 0.36486470491061745 0.35793219567570655 0.3781171124997022 0.35174401789172405 0.3566063125686564 0.3902982134176186 0.38628662707405487 0.3906747984697791 0.38830088950397124 0.40324685856777925 0.41873843816567063 0.41572207861335536 0.42328191287514794 0.4670959948469741 0.4587014474666662 0.4760783003245354 0.4699581663418308 0.45238488747402394 0.442565754577827 0.443479575098429 0.4613460768222629 0.4788255987809742 0.5032738596940588 0.5182898546548111 0.5119387365416904 0.5172999587167227 0.5208592939189087 0.5324906302934262 0.5626352715397553 0.56486387527504 0.5595317328007114 0.6055163995195 0.6389252941425663 0.6517962118623966 0.6599337378096878 0.6732260567985242 0.6841301583263663 0.7062809227211408 0.6899701243216636
0.37018539809938067 0.35586949422859204 0.3641489347221558 0.3735598286956787 0.3683405935215148 0.36039078714381956 0.387665590144201 0.38961700832834983 0.36744627383525996 0.39476136707024967 0.39079442933716774 0.3831711684300486 0.40579704281744206 0.40620592337402256 0.430388672282976 0.42480806338389837 0.4486565290843439 0.46211060907811374 0.4794940104955232 0.49530833502304517 0.5138465499501463 0.4769910654238477 0.46691973572973183 0.4650276058266818 0.4811979831386534 0.5049295856061785 0.4909613832508654 0.5079094888387972 0.5303489765836081 0.5093325789211851 0.5101844755479396 0.55047173423363 0.5350638720404939 0.57983848752537 0.5724738349710227 0.6190027704682479 0.6425602307763194 0.6811167772126998 0.6840289994475829 0.7048745754267081 0.7056603765497806 0.7246069070565013 0.6888672604615397
0.38274022381749706 0.3863227605781421 0.39742181559853423 0.37684997927856595 0.38563058927490756 0.3872547877566789 0.3910405492919814 0.38521538284908186 0.3947829765201491 0.38165872802652057 0.40178459662144644 0.39058975231742665 0.39715738225711655 0.4189628851639223 0.4352699632899528 0.44649049367935645 0.46788792606628543 0.4582395754129565 0.49615464489352423 0.5193375936362263 0.5220118148797527 0.5088384307821514 0.5204870417030256 0.5019903388382089 0.5063494673093009 0.49337297805298275 0.5079681653480527 0.5131091770473601 0.5199861896308872 0.5182264018006888 0.5223480894020834 0.5604845982287254 0.574098466631349 0.5875479242176778 0.5884976401554705 0.6316109715289047 0.6482658601218584 0.6784680608673498 0.6999677548806114 0.707129586260304 0.7227002323255837 0.7251569895871082 0.7207899989105613
0.4271666294705118 0.40857550479457283 0.45325248764042825 0.40172367451500557 0.3957050764319102 0.39511870463300164 0.38103644632166256 0.4034274393313866 0.42093192831197024 0.4155495782768791 0.3867076739358494 0.38996756219271256 0.39928311460283017 0.40504024215365597 0.38632706128947947 0.4466956258391549 0.44744836793341247 0.45767102525057834 0.4802648378237239 0.5294544940055735 0.5507056626000116 0.5524865633281654 0.552713607172827 0.5241629408996398 0.5499639751495606 0.5465029368026333 0.5243625412732054 0.5237837018693839 0.5526925608090089 0.5622420425213709 0.5502395392437508 0.58083940826892 0.595651827452531 0.5831225786824604 0.578509937959761 0.6183058808405829 0.663889955448047 0.6744716104042893 0.693472420842856 0.7109630228702524 0.7232688136485773 0.7139396084648238 0.74297062741435
0.4108198070618487 0.42616906883299044 0.42178404678648496 0.4406589547101354 0.4230319362748807 0.4192392284263611 0.3931975898657915 0.40226085797522654 0.4428797832542706 0.43033038749998775 0.4290021561666932 0.4368127226056853 0.4435155599856749 0.4481199168692243 0.4310067810271107 0.46905742562742603 0.4964361086738401 0.4856043377130126 0.511621692934369 0.5310634026514386 0.5751358139288334 0.5726095950120187 0.5594772370690662 0.5673178233876335 0.552810707471351 0.5434163711240747 0.559578529085186 0.5443480390340752 0.5435560624856413 0.5623771713066702 0.5854139579630321 0.6093709962891439 0.61978136531076 0.5972283812469039 0.5864974838673112 0.6040586327079427 0.636138280936371 0.654266379973762 0.6915738608414039 0.7165530238950546 0.71477197254887 0.7315654788564658 0.7105936899823504
0.4213337576076917 0.43064917484952214 0.43085934263536885 0.4548041758033019 0.47034128698716376 0.44033452750729746 0.4253480102082269 0.43305973858781355 0.4426663547841668 0.45475149782091656 0.42803842648769247 0.4532178993664558 0.4736114588815327 0.4813176642673065 0.4854519972378748 0.5077760698886687 0.5072353751614819 0.5244299977769236 0.5625644749762874 0.5803652787908475 0.6025051874066881 0.5772206518667634 0.5757706242397752 0.5977255814067776 0.5593718499547405 0.5741503879090889 0.5889923995328296 0.5723064273514591 0.5516507155238211 0.5843918805471524 0.6045935679155771 0.6021872146432338 0.6118356279623383 0.6327607808970678 0.6088350818821949 0.6061293021865162 0.6249890635748878 0.6682017922195932 0.6775011758689631 0.6919367480836838 0.7057076692105699 0.7179472470026146 0.730354507721431
0.44186557749000527 0.4639522642107903 0.4882902619447425 0.4857132481682684 0.49198754035129794 0.4824398680804632 0.46154524875137276 0.4577350809920855 0.45973273322126335 0.4555696363824816 0.47404862860468966 0.5020453373511577 0.4933755995999576 0.4832315957453456 0.4879420283104864 0.513046582741105 0.5398466150347746 0.5659602246060329 0.577130474036668 0.5989692033695414 0.6075632307648369 0.6202556402142648 0.6269403453102276 0.6268063287709809 0.6176406861766772 0.6143733600600637 0.5905247622687801 0.6009394005627139 0.6006718329749798 0.5840764489932543 0.5824223383355785 0.5971026282295422 0.6224807848294105 0.6395329622850614 0.648893742639048 0.6169748078154953 0.6476507313949887 0.6477717336152498 0.6828768316916166 0.7030902208245003 0.7211044975082784 0.7288801305884219 0.7241201096066826
0.44357718101417626 0.45124304191504483 0.5064509835723935 0.4896861772947952 0.5222969767089765 0.49746541482942797 0.5055605989372277 0.4788269305291565 0.4928541184081126 0.4994895454317495 0.5110215182216322 0.5285593393117349 0.5345555620729892 0.5046957382829979 0.487585565270662 0.5126622226006511 0.5619373990420906 0.6000261992704591 0.5991991020887967 0.6399454073758247 0.6441451234345201 0.6371544831670234 0.6496911926033212 0.6615312374335763 0.6500639685511612 0.6224794042944007 0.6244851823385623 0.6235688206568143 0.5926056175254545 0.5908641032424029 0.5871673906863396 0.6224171705707044 0.6195020801359729 0.6326379845550104 0.6564436934707703 0.6487385708908129 0.6310477787366728 0.6593209882637395 0.6964937979025922 0.6807214511367227 0.6809428147697562 0.7175400014864132 0.7284301440132838
0.4573068988266007 0.45625645157517397 0.47639220146160577 0.49041289427281165 0.5087653416261858 0.493043058941747 0.5032888581583828 0.5055549702475609 0.5183044858651455 0.5049129907268197 0.53661264121035 0.5385766606049466 0.5596266414916172 0.5377761552895738 0.5260862050384065 0.5505235946132626 0.5706696981235018 0.6119343299441354 0.6391834854980996 0.6500295929215772 0.6445632386541371 0.6699583539483489 0.6712517380191296 0.6638700483961543 0.675791696273123 0.6467938095783996 0.626373875827409 0.6409817459319479 0.60320859538843 0.6179892661331584 0.5999420778861448 0.6099049022813533 0.613408478754335 0.6558910754410412 0.6439806597482571 0.6632621173834545 0.6691713999482937 0.677992112852379 0.6793232494058133 0.6859264338060568 0.6925263390256381 0.6947301887534516 0.7157232249324872
0.4403010182857631 0.4454686152999825 0.4740123526198513 0.46365487335834854 0.4871416695995322 0.49098025028799863 0.5273086842304856 0.5126476566257435 0.504843196921678 0.5338110158699723 0.5353850846106313 0.5565055126563824 0.5665274330624834 0.5570334526149585 0.5507380889949598 0.5771570509589543 0.5873792592028344 0.5891415885302427 0.6279393584561594 0.6391061488373267 0.6540059205628358 0.6737502279674574 0.6617711420653482 0.6585323350209855 0.6748461986676356 0.6450928121653171 0.658520356710597 0.6519889549867126 0.6288587695422898 0.6409958689995634 0.6561245609590528 0.6385259972273353 0.6371207280455816 0.6458458756804416 0.6671144295583598 0.6838043065298108 0.660500764614493 0.6682069588231778 0.7011155345960856 0.6704456075045112 0.6918489287637501 0.6851960356805654 0.6843953935731515
0.4646729352756851 0.44363079653405313 0.47208478440339235 0.4581177214223762 0.4794011596116061 0.4876605802356332 0.5226714239251934 0.524797810057446 0.518242336317498 0.5391222025192012 0.5790253668729367 0.5817019023391364 0.5643926434623635 0.5806746002717423 0.5925880706255264 0.5759900096622081 0.6053300527349882 0.6008054414319797 0.6327867177349431 0.6575418839998853 0.6472328593054352 0.6553458080594465 0.657868442309002 0.6782867288801863 0.6679668596272383 0.6575491977157858 0.6507279293793637 0.6459757408780886 0.6534783080318419 0.6661332685798522 0.6694852274352828 0.6744713911206984 0.6764517100945678 0.6940704910936281 0.6856719743962326 0.6939429735082373 0.6746194141240469 0.6858272403846698 0.6634669011387875 0.66646579606815 0.6769543839357403 0.6698865497128392 0.6718540511917747
0.47778242540930743 0.46515165046591445 0.4402450671505984 0.46422465365569676 0.4868332327707547 0.5058823391632136 0.5126818846770983 0.5175226312035385 0.5584042194848595 0.5464142027178729 0.583243597512801 0.5962435111046027 0.5972384704287778 0.5865879229999766 0.602514922912439 0.5775271870883186 0.606941641998464 0.6249541772620842 0.6416783993383306 0.6511395133019631 0.6437414629091317 0.6630093133419587 0.6834131999798784 0.6709312002710063 0.664483740237239 0.6834334835501907 0.6863317750827459 0.6826937194387254 0.6742352126962977 0.6837188475570547 0.7138903875572036 0.7046627194007746 0.6863258867626404 0.69316601699349 0.7164066758322932 0.7223579439320488 0.7110092421271255 0.6652334507806351 0.6537184457873876 0.656080938299927 0.679126707651723 0.656138039899279 0.6487274049011128
0.4743982663362871 0.47719380335306394 0.47908673925542195 0.49499283183912124 0.4802542458135307 0.4874731596946595 0.5123405576470967 0.5241404261042758 0.5520661535335593 0.571754170338779 0.5920986729526645 0.5792372831062363 0.5907212798251291 0.5813171560615511 0.5807430957754128 0.5977783070213047 0.6181311987318574 0.6423250873481335 0.6541309229473662 0.6558351193952165 0.663966016471101 0.6990308596390822 0.6935208557257942 0.7047049759342302 0.6798261484408522 0.6959315008249111 0.7280328616315885 0.7258314170772013 0.7230470066517293 0.7086101702958356 0.7087692736184804 0.736639240124837 0.7331397472808588 0.7172060334449776 0.7230172384776721 0.6961376222762483 0.692856870272588 0.6779292795686171 0.6551106223467036 0.6843614964104574 0.6802069693234534 0.658342019213571 0.6690417186672162
0.4625265339297701 0.4679522841191625 0.4874925197958515 0.48734070406776603 0.5105521027787088 0.488990239254786 0.5102809605219764 0.5323962243979584 0.556493558724963 0.5683675856373637 0.5598720931246075 0.5790896564060557 0.565824167567733 0.5838904753236174 0.6092818270604498 0.6202975171443393 0.6256284610908063 0.6508914431667308 0.6807275992235423 0.6931209296214657 0.720353215633193 0.706194035433003 0.7356563636636982 0.7295085786271496 0.6787635084445828 0.6840762730342835 0.7286442907594656 0.7207851684219803 0.7390478188594397 0.7179971945267597 0.7351635643716634 0.7365444483405202 0.7445331477665503 0.7459941608342967 0.7194972952613901 0.736578873372789 0.7108077202351466 0.7032465890990417 0.6805212320019718 0.6540675407140364 0.6630614427649737 0.6770351239966922 0.6508616891027983
