Raster_benchmarking/DGGS/continuous/raster-466.asc
NCOLS 100
NROWS 100
XLLCORNER 1743153.1421485792
YLLCORNER 5469285.3981344225
CELLSIZE 10
NODATA_VALUE -9999
[rows 57 to 75 of 100, columns 0 to 42 of 100]
0.25269003020967934 0.2501972081482432 0.2863129404750829 0.29776455125558965 0.29195301618594244 0.29335485538963624 0.3545536040984661 0.33061228909903184 0.34623426737407487 0.370323211621431 0.3988799841377893 0.32534135190620933 0.3431207128181356 0.3239401567251328 0.32711576253623037 0.310245696448996 0.2835211838762731 0.32991298127699675 0.3229163005703969 0.3335359145675117 0.3793768395206036 0.3603428314105949 0.38364109930426316 0.34347167526715927 0.342660164143667 0.3548318188771413 0.35601999962350805 0.3630794644657398 0.3245071821562345 0.34434760091785643 0.3622741128128653 0.43561743320507723 0.45126088457595975 0.46924261825924185 0.4688213060425405 0.48058551313079223 0.4764840871774385 0.45861777531819364 0.47218536874593536 0.5169166435481117 0.5167248212945614 0.5010637517268558 0.5178437330865646
0.22548740697657557 0.26673837741867806 0.2400620196897769 0.28197733237943545 0.2926076245825661 0.2769462163449946 0.2861470203108384 0.32070715099916763 0.35789688862461716 0.3338863931651489 0.31809472208804235 0.3175473017560509 0.3321862318261758 0.31760207948999997 0.3138825105250053 0.28078340800755247 0.27854043754161467 0.2890499261090009 0.3534734738755413 0.3713535947595742 0.3630772871704732 0.3732811455027192 0.36557900099230695 0.3863458527557513 0.34484768705161145 0.3548040449579715 0.372559359375539 0.3719308434858209 0.4119463482752322 0.4094602149279275 0.4137408163824659 0.4006953020251865 0.4547575917323744 0.48026979780814383 0.490480604290154 0.49478414349133604 0.5018793670262202 0.4757232354255318 0.48434528725198467 0.48135625361844137 0.5065270164147316 0.4781195817959102 0.5157353958951246
0.24897969443154347 0.22256724244009568 0.22734562103053785 0.26050056051453546 0.2818177652724916 0.2451508460714793 0.2760006424113704 0.2970859998337563 0.3335331329180814 0.3002187188903301 0.2909850942961674 0.31176215362168275 0.32118319796132627 0.2890972050596451 0.2891236938390783 0.29740886854161147 0.30414507183359896 0.3254440312582993 0.3460059741901933 0.3480620225686557 0.3647403056171754 0.38078649419611044 0.3607351386564699 0.371434862179966 0.3625801759968426 0.3847566864310736 0.3971252502149586 0.4025320929028145 0.44853230526274984 0.4356457618698286 0.4171502496486709 0.4469129143537134 0.47076674606432545 0.49815268845216204 0.4920281948192645 0.5128753883674119 0.5000855571691648 0.4953318791643335 0.4804887635166908 0.46538650854139163 0.4541177323260953 0.47540840925381567 0.4776402933159032
0.21596800403125319 0.2474634054661268 0.24122177269201786 0.2662064241457655 0.27929475845018326 0.2476942966950983 0.268460009256962 0.2422796557526754 0.28968979373299114 0.25862815618227586 0.2873174409023479 0.27307892033646125 0.3055933207670624 0.315308938932727 0.29448861152725886 0.31148682963310204 0.31995266920312915 0.3477436267934399 0.34535925986285615 0.3856885917408393 0.3815688323920257 0.4017848232799728 0.39475278680965015 0.37282782822185284 0.4118053489595744 0.3948865775385072 0.42915671351400914 0.45350911967586766 0.4477117832841831 0.4363386418991475 0.4565445561346908 0.4589836786064809 0.4547834286691793 0.4776327367470892 0.4873349966370067 0.4872978540953113 0.4473210820962361 0.45061530619253937 0.4389282977952142 0.4284063232565135 0.43673415609657384 0.44766407006639314 0.4883364449290246
0.17208741508880915 0.2366241931198683 0.24587172249610958 0.24495731639148186 0.2745172103748602 0.21138024454517695 0.21437554204274184 0.2089447207215827 0.22828634192611963 0.26518100453133425 0.25583680982022 0.30345888580684566 0.31699190757637424 0.28985921941194925 0.30529252510403143 0.31720336826768375 0.34191033280268524 0.38018633499249893 0.3828347534636736 0.3860285429092701 0.4325495151508889 0.42904219328012644 0.4064637540278271 0.4008761762658285 0.4601050647621347 0.43591390595978224 0.4556161944414221 0.49434634719520776 0.46547695694274277 0.45145033630081255 0.5092625017504143 0.4943077231747184 0.4823636156217913 0.5056973770472204 0.5054162389192105 0.45181751194128417 0.43181190007380194 0.4557305451776141 0.401944041442286 0.42282297418568776 0.4590713119755132 0.4457437100524784 0.45913917182350406
0.19997360736536404 0.20627240023944174 0.22722994930109452 0.2510288433464541 0.23077435722424489 0.20944985818421794 0.23500884378688372 0.24181501500353056 0.25227396065348845 0.2196428310657843 0.25824442489185956 0.27945259778847986 0.26597391060281533 0.2739695339428656 0.30740686804586864 0.33544354761303424 0.3438304858574287 0.3799671752716736 0.37375450276667027 0.41190249106603527 0.4287688882509073 0.44223612338857554 0.45886736191801825 0.454160421095902 0.43279042879939716 0.45163050135202726 0.447913474001482 0.49937031399991333 0.4609742291370111 0.4707867310084807 0.4978557570443094 0.47016995483035173 0.4682245536370096 0.4964341390779976 0.5013006386285085 0.4674775567270163 0.4480826177232601 0.4347509345338397 0.4055484633338082 0.4399791357794481 0.42679081328665114 0.43111644851269837 0.4396132231363568
0.17197785131499072 0.19289626258887618 0.20604247925876262 0.1974699311872541 0.21570373672481982 0.17993652520282344 0.20208603611868073 0.22359584919118886 0.22283290375187098 0.24428099776443304 0.2678060127740242 0.25510367873670176 0.2918148656493075 0.2661260312342755 0.2712003435499425 0.3138543212671253 0.34248833686654795 0.3991349143661599 0.41451123895709213 0.42107881633438765 0.4144460874276292 0.43931049636808056 0.4278904503075355 0.4166750223513039 0.4552694984801631 0.4350263398644364 0.46617556198288673 0.4784061088944196 0.5102210731468269 0.4915775777352783 0.4560214811669517 0.4486943731079847 0.4745790496107386 0.5067981922642231 0.5035768309323148 0.44064466088362103 0.43931827641813986 0.4541139654375871 0.4332497073760297 0.4080877727317681 0.3994726224889579 0.41105544887243156 0.4403394564231202
0.16555450197009133 0.13705975475444315 0.17762267479384597 0.18007107415206558 0.21388918138273108 0.18761612895733948 0.16779533096816157 0.18762483721235357 0.2183957747299996 0.2121029933268674 0.24136827578737308 0.2537485398101139 0.287464134227143 0.2932232617315481 0.31337113859690513 0.3230356072222558 0.33616786329879933 0.3585072834054821 0.3758592163145512 0.40495554960430014 0.4283773925013154 0.4200776994107194 0.43164505405174425 0.4285292832910094 0.43763760806754254 0.4701945133858556 0.4924600236507218 0.4843526412276923 0.4712952575755195 0.47133061203052234 0.4580196949089288 0.4393814779907027 0.4471924414095176 0.4955368752733809 0.504637397310684 0.4517417253145984 0.4592446682977344 0.4573224992891472 0.44482305008852047 0.4493971708877421 0.42530203995059407 0.40879825124481267 0.45513577808287753
0.1764669897147908 0.12809112810333823 0.09177237467981614 0.11621000519512086 0.17091437124251713 0.16961284454652703 0.1527201621771917 0.15175903491479262 0.16271438296102875 0.17462160668843257 0.1847037544835354 0.2247787444222552 0.2554170479398351 0.26291938104201484 0.2723390581319265 0.32284571078266344 0.32779594466988726 0.37140859570695495 0.3947298329277818 0.43131484726682107 0.44822387695183347 0.4313424175660832 0.4492759334017968 0.4211897700640031 0.45822781539252555 0.447403344127593 0.47870647952114287 0.45113861871602756 0.44477186803081586 0.4162717633811561 0.43215319507506755 0.46138012485499436 0.4697126245215648 0.4756866071327505 0.4624107784099818 0.4642195910969972 0.49948200866379805 0.47042966776450923 0.5024483215976939 0.454698689741726 0.4134879531306503 0.4446829209547376 0.4075157734035383
0.14885733993418354 0.10167178258139625 0.09433529219509397 0.09431838700958137 0.13780204318546324 0.14776962448067277 0.1158911964495537 0.15973430032406724 0.17411159573438845 0.19573459592390025 0.2032566188761815 0.2509027617371479 0.23827119456187434 0.2255240060572136 0.2509919334919658 0.27574355733905825 0.3141173050231103 0.3345391238925403 0.37971166893927927 0.4019954602303281 0.4320306901039687 0.4236555544747486 0.41018991287366463 0.42328294298861097 0.44930940622462373 0.4351576136640033 0.4602445971789678 0.4446915922421706 0.44768068966855307 0.4089617782731395 0.40543160252147803 0.4268771639125277 0.4160135527674446 0.4540350044755659 0.44545500664426624 0.44286036430170583 0.4745680545218264 0.4776421975921981 0.46485032124898845 0.46751703753251667 0.4908849356720879 0.4781249783409928 0.4806169651217368
0.11322948529053538 0.07812018995565646 0.07042719195988355 0.0979571075732708 0.08821614743723136 0.12823782752559207 0.0788370438355123 0.1172798440176007 0.14928902898354263 0.19774751834912654 0.22672800293052792 0.22908797450491122 0.2329285775649875 0.24898999003668143 0.23586915470979478 0.24656462752831673 0.2912971421240288 0.3335723220849112 0.37465760964212613 0.4047936684687417 0.39576860089381644 0.38817300619764583 0.36972229161935827 0.4065612612821785 0.39613753672644453 0.42216700016044434 0.4061504798391667 0.4142118911000777 0.4135330763064731 0.4050743774782758 0.41538982814361725 0.42315026158292346 0.4062353750161078 0.43319818162649176 0.3982235158803001 0.43728400137215884 0.4245701585219696 0.4720341549558954 0.4744967969855382 0.46591174685378794 0.5072628988577644 0.4646914264246461 0.49705244205680954
0.10375398067750022 0.08848573538031362 0.09836885212873521 0.12130984228531838 0.09861984346948698 0.10734118944399673 0.10294564179859274 0.09411916079434719 0.13572705065695548 0.16875240174746978 0.20588114703570035 0.19652971239616435 0.22170761416554374 0.20373746445650823 0.20977329246424367 0.22981137082008213 0.2835287819122132 0.29532894386758435 0.34346209835891595 0.36068183634302214 0.3513481986507037 0.32585020549953825 0.352512224980219 0.371290234969445 0.3437687276463733 0.38621158604286737 0.35998786655945275 0.4000849478439722 0.4225651880038459 0.4390570503182142 0.43714140941745594 0.4328023848290168 0.4281352663014106 0.39751674384427066 0.43609915582061864 0.4437897520945591 0.4283551849742511 0.4447660761339596 0.4756595905095992 0.4703747491952064 0.4751377864217391 0.47408945535454017 0.5062403944913579
0.1075477937259124 0.07516489830132611 0.11070950130035802 0.09868026048095056 0.11846320476692666 0.07796837461908121 0.054062468289956374 0.05898284252771855 0.09405195824644673 0.15540218283536095 0.17894153341358413 0.15441595142873546 0.16840014036587872 0.18073157361343484 0.21442716842139023 0.24471440002371486 0.22707024579896337 0.29605397090315283 0.3062367667805264 0.30907926138554476 0.31127006078277997 0.3288862252634414 0.3266853637649635 0.33840270722660726 0.3229084922835371 0.3461788105099562 0.33380858343707487 0.37960457668282166 0.39915298782854136 0.4422607720129296 0.4546712849757812 0.45673099819438817 0.40520642966188003 0.38902374860824396 0.4064633215775177 0.4461042864464486 0.442991580688632 0.4562808807542893 0.45651276206852415 0.5006506393880958 0.5046814541058182 0.4755485722205858 0.4903892603961843
0.1300891059235335 0.07963377808183882 0.09568864181717558 0.0647790762057952 0.09069321353318992 0.09515676613920186 0.10017770031262062 0.07985836229907009 0.10411754885658776 0.13709514284962862 0.12691189565375646 0.16121419012611368 0.17814914140399926 0.1723962901322935 0.19386531336272683 0.22361022633876615 0.23191071464491703 0.262437547972387 0.27597569294907653 0.28910728582996353 0.2696074807851024 0.3016835615200334 0.30657102681636406 0.32019536477561067 0.32455831314106814 0.33014118244350327 0.3390512880821765 0.3520722667734117 0.38105220457643574 0.439986723374287 0.4702982218428614 0.44265100573036326 0.4361549472942461 0.41356525227218494 0.43870164529543904 0.45139325901034044 0.47230263097844555 0.5044201928803087 0.4911114442979875 0.4780078917745239 0.472140976371202 0.49848787209120876 0.5004285844843386
0.1119453421321747 0.07310180234452378 0.07373574557974039 0.07687262174902167 0.05987578436367794 0.04771850372711145 0.06831497832166525 0.10624431084599216 0.12378487067011679 0.1162056068416767 0.10770687197442559 0.12015393983187041 0.14017189627778462 0.1520816974557441 0.1324111486619971 0.1914769650492749 0.2442249343648083 0.2783773727951911 0.2938050342830995 0.24866975189614896 0.24753829436776384 0.302918757142575 0.3106591755998977 0.25879720806848955 0.25020992833012023 0.29658257228423307 0.32186800672131416 0.3511874946818813 0.38536592169046213 0.40438937501975103 0.4396871168040511 0.44087027356585395 0.44473525125259517 0.44772076348758955 0.49872207163627713 0.5144069682701117 0.49503458272135686 0.516391330202097 0.5247273595443803 0.5284685633466908 0.4957608050003436 0.5145038249325545 0.4826310865966981
0.09713418800613868 0.05994802013482331 0.06256766398573205 0.04410823321792266 0.04586350415989477 0.06761139480657229 0.07459126039297485 0.07458792253442033 0.0942919955130763 0.08531565354010497 0.12172296751774686 0.11539179734853604 0.09505924019266819 0.09795200659177648 0.14651875165601513 0.17853964887012094 0.23480443829215522 0.26082998747294567 0.2656906539663452 0.2329337777925927 0.2443129855348161 0.2703876354519004 0.2516019564257496 0.24445170131845695 0.2202525031490559 0.2501325766721894 0.29523575158943194 0.33381381666402377 0.3507228085427543 0.4157204444161286 0.4509179146147103 0.42626919561178905 0.43628323814664555 0.4516378766098851 0.4914038324897723 0.5219977251216086 0.532456731849009 0.4952048547086189 0.532910923400456 0.5246917232023587 0.4824203226469912 0.5275092969946432 0.5149461861739967
0.07741974382382995 0.0524004331983595 0.014965891756549433 0.050839435304680956 0.06405810723757775 0.05140304617678808 0.03753468619209955 0.01864529398459751 0.032184415388800576 0.06566185381039494 0.08487116500022879 0.09745964960720024 0.09822525013039746 0.10429743426401203 0.10342646729567403 0.16781148390565673 0.16980210442578736 0.22168682221769664 0.26001877374884896 0.22558876832609784 0.23407789386571626 0.2681042686690097 0.2516276288509197 0.23026306668487417 0.2229747524462602 0.2580314469812502 0.25254671716612437 0.2804568078032544 0.32696648360623964 0.4204398687211355 0.45100404936136895 0.4312906620064483 0.4294918568678911 0.47005642869698144 0.48491802259984695 0.5301656519217719 0.5303726195972241 0.517004063662804 0.527967912229052 0.4968503145978827 0.47820386099927625 0.5278534987938923 0.5482218161342712
0.06230065894674348 0.04100670940553778 0.023962305654578964 0.011691776420465113 0.025254854893594615 0.05301933621833823 0.04599386549098482 0.033288534605072036 0.020187283626867857 0.04501419427540157 0.0777031160333647 0.09968860651952494 0.09773168489485128 0.062190871937410415 0.10442961145835292 0.11555094197477168 0.1636246117160241 0.19222615469016843 0.23515662260112488 0.24843344649043875 0.2303858187510059 0.2431594592335369 0.25498726380468 0.22335505906955183 0.24445656557013207 0.2428360716001486 0.2931638024982045 0.3129866827620585 0.33515857306189445 0.3894525683512059 0.4231597992127217 0.44344553134009385 0.42881517468585456 0.4395725052327184 0.4823861664259194 0.48095526697389795 0.5086458818569003 0.500085980865266 0.49424896934280893 0.522439291052068 0.4884694017443807 0.4900967626465629 0.49226551423141623
0.08864094411096182 0.04308836760201247 0.02009354000604488 0.007761674655745909 0.0023255890146324995 0.04572483051398688 0.058592702390410166 0.05140699057601171 0.04284312254965846 0.0822807429309877 0.07071077423294513 0.08417624110293813 0.0490394798309504 0.0784053523210628 0.07244932029796002 0.1065893503829804 0.19743413078102437 0.22324490518003057 0.21115698873752936 0.19938430868825158 0.22228076242779932 0.2592600013220793 0.22540354336535018 0.2644588865698395 0.26685173573750376 0.25358726030915324 0.2918397772204052 0.29679606566181316 0.3777984948381128 0.39478831377923623 0.462786433277522 0.4279115913549187 0.45185046245415733 0.4328564846245354 0.45895273807600956 0.5045568801060328 0.5426364900966273 0.5151779375547763 0.4775716096859338 0.5139193772592772 0.5081587348321326 0.48043465424559756 0.47236084482054563
