Raster_benchmarking/DGGS/continuous/raster-194.asc
NCOLS 100
NROWS 100
XLLCORNER 1743151.3736991326
YLLCORNER 5469291.230864864
CELLSIZE 10
NODATA_VALUE -9999
[rows 19 to 37 of 100, columns 0 to 42 of 100]
0.8157293644680609 0.7892321620803312 0.7893450442039813 0.7666614472795931 0.7605086199507587 0.7357832710752132 0.6845499648048012 0.6841993959230857 0.6417843251581978 0.6132009332347069 0.5898306083822689 0.5805424667966549 0.579523310909459 0.5347330865406223 0.5151568926198521 0.512347483151298 0.4744476091793393 0.4585485216253732 0.43607096577005205 0.46944019037922957 0.474282949638031 0.4773264350776485 0.48613716055920103 0.4490169331316763 0.46840150608322684 0.4746628791249554 0.46024635022459887 0.4639324596597056 0.448654438433948 0.4525653073062646 0.4783245525095825 0.5026235693814188 0.4913727687299441 0.47745510179700384 0.4858143716008411 0.47763158534250205 0.45603940596260323 0.4436279112264594 0.43567273250342303 0.44480367382492125 0.4040621852537618 0.3915093775365291 0.4071593179009544
0.8216819527952417 0.8258547778371806 0.832987161974411 0.8045272090470099 0.7672102489370385 0.7279582317111362 0.6946825320784967 0.6534983628999529 0.6573698713168301 0.6355746625993148 0.5921317347123614 0.5637842060001017 0.5481558010319414 0.5264434706532176 0.531657126831202 0.5301442108868251 0.4717618889105309 0.43429194629243323 0.42821573553072717 0.46528729540721037 0.5144834219179902 0.5318283218773758 0.4973830649770395 0.4937253900269842 0.48838462452825193 0.46700370691071746 0.4828713154616507 0.4735597029699543 0.4454890310300137 0.45062000048830175 0.4690230742114956 0.4643178098487084 0.4733880850351698 0.481629812374639 0.4784531336733159 0.45368952981285066 0.431628960873346 0.43083122177255434 0.42569330941075106 0.4137430946570582 0.4140703635962128 0.380381758379541 0.38015151720966456
0.8798560168813724 0.8595628720540158 0.8485972612828298 0.8126144253467648 0.7966884544606061 0.7430667169856146 0.7232905262530164 0.6829077252734488 0.6916394881976828 0.6606468688929984 0.6140652242209749 0.5858842513239542 0.5580706151525585 0.5596841998197317 0.5321890856157526 0.5008882991572762 0.49282286734126557 0.47333094537557857 0.46968045967332056 0.4764059599088664 0.5106846657850035 0.5261070524228655 0.498152496793123 0.49522303637332565 0.4895873481710325 0.4832474195290525 0.4964032406652925 0.4755367402873396 0.45151147257418656 0.42487288522510186 0.4559468836731516 0.4428369030812264 0.4499942139475531 0.46464115205104983 0.42033684773081753 0.4114965698608091 0.4440597370897755 0.4269901308852617 0.4303213608741536 0.4175702061030156 0.3866624507303294 0.38599456814652106 0.39205506099373194
0.894328478503245 0.8805906656858304 0.8761078901810705 0.8104779368485108 0.8132111812973997 0.7954073728768305 0.7624272868630924 0.7332145130124139 0.7026763841106829 0.6891110711152553 0.6398360092892282 0.6371818038166207 0.5929201741334392 0.5907649212581464 0.5476170368641872 0.5391794257690675 0.5338674634381413 0.4764648550185314 0.4877755400847776 0.4927323154701916 0.5034342487833733 0.47928058954910846 0.4832338170016468 0.4797184270186199 0.4764023361038064 0.46050726250064167 0.4985797794920014 0.49067280293623466 0.4762782217818625 0.4281287961407224 0.45906456678864926 0.45818882412754297 0.4370691154087325 0.41471616827809454 0.4012626149837144 0.42018586515146933 0.44891120755307623 0.4240606473234681 0.389720934490427 0.3798984003814665 0.3986190847420872 0.39235761368453376 0.37936910026748405
0.8864730912376326 0.8917875800921106 0.8830844681685116 0.8545276409184547 0.8172894363006379 0.8193950290445127 0.792603026490583 0.7623558471841085 0.7290821116136175 0.7169500721745627 0.6905073163212609 0.6774946481480074 0.6450242054255063 0.6012092443306625 0.5763626612754894 0.5509199405405496 0.5546808151019654 0.5520891199418226 0.5559168755523327 0.5361209316910951 0.5515129973570426 0.5246117976520813 0.49558252599770725 0.5027228292293952 0.49284954500728134 0.4614288671188179 0.49571698225409006 0.4922215153529705 0.4567435467771822 0.42823713704053556 0.4324730652037323 0.42445270549348846 0.43092950185928425 0.42860903777324233 0.41312848368777866 0.4357230714962268 0.42193614110532673 0.4414809601437675 0.41222099530578393 0.3673539703565106 0.3749533356292743 0.34738796283838747 0.3763602374806915
0.9226425964361092 0.9233035150750128 0.8745426736113875 0.883559628516353 0.859986180038019 0.823101940388865 0.7833425204549164 0.747974260020304 0.732934017138907 0.7354130872350283 0.7254968200789398 0.7161473937242936 0.7013466487809917 0.6689629406966142 0.6017277973973771 0.580656727592743 0.5594300115700822 0.592855310835836 0.5921798584714663 0.5774382989240461 0.5734445435805465 0.5687504021587186 0.524434390097988 0.49717787681168674 0.5120780295448217 0.4824311777627873 0.4921698221738345 0.45961137365798793 0.4592419966912223 0.4500915624741885 0.45574129228315496 0.41595240625312574 0.436549569833438 0.4358902482091253 0.41119743316313334 0.42913822485188724 0.40519042246127634 0.4193627573697293 0.4141412356479139 0.3465680683793815 0.36831827448854615 0.33849668542072303 0.3476352528146465
0.9576051252635414 0.9305674600669075 0.8893045091739814 0.8993825871053366 0.8514700841407976 0.8406519194997328 0.7846207022308408 0.7705218933171957 0.7524815606323847 0.7404319575697313 0.7356460434370881 0.7191616128592172 0.6925040265577186 0.6441834727021196 0.6302993097070537 0.6095884269979789 0.5955865911740538 0.5982683347798902 0.5956749145758298 0.5821876462830262 0.6053213772129866 0.5636837395140433 0.5597434360420543 0.5132895123758888 0.51755635023388 0.499119779267704 0.4722007765194986 0.47788625642138655 0.45264987532474327 0.4491556123426643 0.44421762273394716 0.42215067172500104 0.4461600886481128 0.4148567929113651 0.401742569979119 0.4060367182326665 0.44257930354547315 0.4182676849060066 0.40334137974768614 0.37892974606934227 0.3613284525145182 0.35528296293108796 0.33891259666749796
0.9487005564258003 0.9333523806633611 0.9053706358335165 0.9027697343893037 0.8794236370207273 0.8419008951200412 0.8149252370113257 0.7733303421588507 0.7694530266530046 0.7557289880616798 0.7547540473113222 0.7046873589218058 0.6810575499891255 0.6548649995988945 0.63474552382501 0.6735408071680308 0.6455205172995779 0.6235608021821548 0.5879445577686823 0.6029249563493891 0.5874945257465767 0.5993248324226212 0.5661582419216085 0.5661616283220304 0.5175726521743772 0.507553870305951 0.48810404349920156 0.4624855390289965 0.4528089374177444 0.45420700273958026 0.4417865552357887 0.43725936545853855 0.4106776892931353 0.41079132947728764 0.3875788324408521 0.3999167445837644 0.4201336117101788 0.4354548373625853 0.39839261009870536 0.38929171457884587 0.39022930644665016 0.36558169915097727 0.3640586883651888
0.9593613053085318 0.9447947033367641 0.9151537760116161 0.898930518693092 0.8596095810665 0.8515227987946339 0.8248299727120636 0.7704196808749052 0.7657954174987094 0.7524413432167427 0.7340451958865593 0.7361965522112631 0.7038700038918035 0.689729925109433 0.654968952914479 0.6587034865930345 0.6550833091550514 0.6220875866464064 0.6173429175863763 0.5958552650781823 0.6155507004583359 0.5836420926838087 0.5879467557571917 0.5824948209825225 0.551290083367923 0.5387699166939729 0.4929432605021452 0.48347713932301556 0.46592128832414786 0.41896262310605104 0.44065595435038235 0.4518872970877134 0.416667372772933 0.3903756964868734 0.4159636252234805 0.4249861584893282 0.43233541261742187 0.43128606826473376 0.4161617464086411 0.3813097299151597 0.38124352869511946 0.38341257501991954 0.37124256603386413
0.9492261295263418 0.9681215807713087 0.9670466923446486 0.9452317012488688 0.873050043415792 0.84130199915956 0.8255416372018823 0.7661583059301749 0.7420911377413847 0.7699878856793384 0.7235607802902292 0.7087379772436376 0.6882472058755486 0.6541220945568542 0.6575906568250424 0.6494122181625626 0.6460596573892806 0.6551868613025938 0.6478313768151377 0.6191763965953331 0.5913739247943766 0.590887755061268 0.5776670158321857 0.5723091759342596 0.5414708946706619 0.5245599497762506 0.4763450805756818 0.471580389563326 0.43287699316616496 0.39101033568943133 0.43684205802633264 0.42008455467592 0.39644249794846453 0.39383002395571304 0.4010154936408243 0.4202648825855425 0.4081221496386614 0.4295653864229352 0.42667621858831845 0.38182519822071337 0.40646608856923294 0.3975102552304824 0.37066469707610433
0.9918648245832044 0.9641280876933185 0.9655746559132258 0.9359861480635266 0.8847866920112127 0.8640667938278941 0.8063950009553028 0.7868905307541741 0.752210169323732 0.7453990086381562 0.7047557158391792 0.7109221843727043 0.6744477076946036 0.6352479355232594 0.6420080573426854 0.6695687230893572 0.639148731493887 0.6298127692886759 0.6345942160749155 0.6402341136241818 0.6017599200271622 0.5864739362582728 0.6104368444665063 0.5967857185148121 0.5641911482414544 0.5304448193868263 0.488641051638129 0.4520358908914481 0.41803548899196685 0.4092056851003311 0.4058545646827631 0.4275819964451385 0.4148679719395623 0.4208252979365753 0.4191946689627858 0.42979798265936997 0.3977610221387585 0.4107995541589992 0.3972120589310636 0.38793490149315335 0.40777639622609413 0.41543635874808027 0.36392927404951236
0.9687642600676639 0.968169968600423 0.954070248199039 0.9199213797153811 0.8909339274086231 0.8683695914244797 0.7911878553374389 0.7725188009968205 0.7256443619934028 0.6961616378536952 0.7039595726227141 0.669149557479933 0.6690400446641586 0.6360750366230299 0.6604462575243002 0.6581288803854028 0.6660613674928882 0.6460135729472078 0.6288649068770541 0.6441278430180623 0.6084809524063094 0.6035309070405571 0.5913764994127733 0.6211128372850412 0.5925654101104597 0.5088567253154223 0.4622733310536126 0.4444830385000555 0.41340539008588756 0.40426358876311486 0.38441250903876995 0.43122874708263276 0.42117709513184637 0.3808399702758378 0.4273144201633367 0.40332660906186396 0.39264370380550295 0.4035475047887963 0.4139317384924779 0.39546165249112186 0.4159884286012944 0.4027267614192991 0.3785147107353068
1.0 0.9606430283118124 0.9241863600827653 0.8721901114803109 0.8415569286611986 0.8041005098741658 0.8037944586830986 0.7636712419316178 0.7553305468350248 0.6924382685634007 0.7067096526506427 0.699442792869163 0.6802099826279718 0.6522589545613917 0.6562399864361623 0.6786894943210204 0.7008043779375319 0.6845842272975268 0.6764437663124155 0.6412191914329796 0.6321029568805319 0.6273365274914948 0.6222346596233498 0.6111296801254211 0.5939751390063174 0.5404519535399522 0.4656072797870266 0.4428868649088609 0.4007647085104947 0.38685186731371735 0.3873014967295418 0.4139863292192126 0.41115405092196466 0.3950224194673722 0.4146690377977089 0.4280650218596265 0.43374467237362585 0.4454625209798449 0.4091536148845635 0.3975264930001388 0.4058258326592781 0.40550475702449634 0.4030735180913922
0.9851877089389189 0.9731646650182604 0.905090296724283 0.8530407020592801 0.8027743469782544 0.7928264441772244 0.8147119679271247 0.7899703362931659 0.7234607049396281 0.68358495967677 0.7110296461778806 0.6849852186355672 0.6810246904686473 0.6857311184199297 0.7157980123277027 0.719361115447328 0.6997353932807759 0.7093457992602457 0.6988519065420619 0.6533413070137386 0.6486692252577656 0.6811977489771424 0.6406897678763983 0.6459503306237806 0.5917952352688901 0.5304644361136712 0.4682803430572195 0.4358904808667948 0.4178999421026585 0.4026642790342085 0.4113523421183359 0.39132320521399844 0.41580272367545906 0.4096579139409845 0.4200686765664072 0.4080844135474855 0.4165443479012233 0.4465600324176096 0.44162083759129217 0.4292747915471177 0.41169047644224127 0.4250692590656271 0.39165047707315054
0.9950137363984011 0.9665458320639382 0.9153206986556824 0.8562004869927345 0.8166721082631851 0.8036491972839965 0.8120191678781044 0.784891822979216 0.7163843181638039 0.7121614024719627 0.6873339137171011 0.6889013768161464 0.6786927146742836 0.7277367985962352 0.7293250292215873 0.7266591429573737 0.7229469248241912 0.7164281665573745 0.7010406654153097 0.6644983781308897 0.6590579635863565 0.668996148255053 0.6460788438860192 0.6488510386121487 0.6009025888956464 0.5433762920008547 0.48329963385697866 0.47874769449467397 0.4340338396950115 0.41459002863455124 0.3895989332102119 0.4066591527965348 0.39681703821317554 0.3963941564921899 0.3907076354018969 0.4134033087762761 0.39203728302149415 0.4197001773689047 0.4457672281490923 0.4124884634068716 0.43149448701349485 0.39903337243093123 0.39963581097010326
0.9649082008772283 0.9613196707651142 0.8956601723745481 0.8624473228118644 0.807500954256084 0.8136476573477578 0.7909230517012761 0.7599096781289337 0.7174889317146982 0.6842467072288949 0.6748848305840004 0.6806918498571093 0.7218419276305834 0.7360555030600661 0.7469646026378386 0.7212608985051661 0.7386010094285577 0.7725151804641084 0.7551006519565683 0.7356662139767886 0.7024136074557255 0.6499269921728336 0.6551946181213096 0.6087588088285235 0.5719316698292762 0.5385782303610644 0.5047727191920002 0.47804769017020143 0.4338835742768145 0.43050747851948695 0.3903682608599559 0.3831722949444591 0.3806499525338881 0.35657603960106565 0.3660681888739284 0.4026213813915207 0.38086874688786226 0.39275274953781214 0.4239479262849498 0.4303849802309827 0.421644042317985 0.43299239756986446 0.4157078569726363
0.9302868264368455 0.9192187849857236 0.8819215644871504 0.8757632597346963 0.820151288007048 0.7815969309526473 0.7712197567708915 0.7621573284582364 0.7272013690124116 0.6924353564739204 0.6696365465133627 0.6933285853891826 0.7295159960812178 0.7384377388268591 0.7306255105729127 0.7314080206208301 0.7647345523474393 0.7590212534542422 0.7783839172305064 0.7526080748724091 0.700211307296903 0.6865038636432756 0.6445351272217794 0.5876209589183146 0.564010384127962 0.561370230117332 0.5169266512352026 0.48437221166660227 0.44190641456460256 0.43320277690504566 0.4166016212440199 0.3840827385227863 0.3869495365190751 0.3760413835739903 0.3739151569424341 0.39728545223915507 0.39160979454568934 0.3907624362598958 0.4082117441353085 0.43945184703829465 0.4174703536648961 0.42636779204750525 0.4305172577634378
0.9092979683718828 0.9400783727321463 0.8681176183735376 0.8534589921917062 0.8176702218046973 0.7724998040307045 0.7422254913771335 0.7085301032507852 0.6921645833614063 0.7102430832149197 0.67286449773462 0.6896843438585454 0.7233158901876638 0.7585585311768904 0.7629288335314443 0.741925101706841 0.742328010838362 0.7693397292196383 0.7568928577856998 0.7489810138729404 0.6917317623929297 0.6853922119336181 0.6311598231513393 0.6230457783166862 0.5711014744866753 0.5346281827389496 0.5003235166313551 0.4738398016567403 0.4667529360169511 0.4612987927342329 0.4207845468908318 0.4364501601019209 0.3823991515794243 0.35907450018386017 0.3802432761161752 0.3826968622098809 0.3676554466181503 0.3724531062489025 0.42098634951201375 0.4231533333951202 0.42037735126793285 0.4166902586347161 0.443131148031614
0.8837855101661805 0.9185192186738964 0.8869545802479963 0.8258024215235176 0.7954445506517619 0.7645242858401026 0.7306022347704131 0.7301858474917029 0.6976942160606263 0.7046075856701859 0.7113417444057264 0.7040497506129354 0.7238736056239965 0.734383526960859 0.738616460698093 0.7504643822495882 0.7715627749345726 0.7461649120242216 0.7539892698212454 0.7220463070185444 0.685280658690072 0.6642465947569501 0.6283972047506408 0.5871902612475489 0.5551676622416 0.5090674628510363 0.5311606235483813 0.5019917660637688 0.4754371360942364 0.4843922214055364 0.4329337469135816 0.4090388648943106 0.400684099088244 0.3728528098030094 0.37614367047663394 0.4140052264950237 0.4118460408207295 0.41045903759231017 0.3944149126555104 0.4044967271425475 0.398230386577443 0.415528198816242 0.4378391926377197
