Raster_benchmarking/DGGS/continuous/raster-37.asc
NCOLS 100
NROWS 100
XLLCORNER 1743149.3693899098
YLLCORNER 5469282.4711611485
CELLSIZE 10
NODATA_VALUE -9999
[rows 19 to 37 of 100, columns 43 to 85 of 100]
0.7179373901815806 0.7261361390395323 0.7119431347132271 0.7044402381191034 0.7342238918854019 0.7092368223769168 0.7092665951875075 0.6844105167842394 0.7392055191580659 0.7614503968414083 0.78807589771349 0.8255107860106066 0.8326709223654618 0.7956267544185077 0.8465975412346259 0.8381315457138435 0.8593278622811261 0.8391010051284269 0.8111411428868552 0.7456792009301333 0.6975378716503567 0.6649983106842287 0.6835348602350414 0.6583192757801483 0.6248276777490019 0.6241724191910182 0.6530858525222253 0.6900169891014529 0.6345766417602657 0.6206363352309031 0.6157531429459023 0.6100783955881988 0.5841250843607045 0.5657941270016182 0.5451370693055845 0.5022703949830745 0.47127586572444896 0.5004466181748993 0.5263469183228093 0.5014347125596754 0.46267487070308994 0.4147668102182471 0.433105234652437
0.6590862056759235 0.7084649630498329 0.7011435634627036 0.7396503084564886 0.7425474553725536 0.7175055642064122 0.6848119980045574 0.7116395284575973 0.7342411059452114 0.7616982463981661 0.7873586494595941 0.796024098923416 0.8050292565721948 0.8051897901327765 0.7930218669826139 0.8253600612385678 0.8484199516318011 0.8150530849318517 0.8043640380635608 0.7595639533176392 0.6948449553493096 0.7097662091474061 0.6894691357254861 0.6431284513960567 0.6291054819938553 0.6340460889438309 0.6954431398044713 0.6695787318198345 0.6918541160146577 0.6705429192311632 0.6495298449292902 0.6419057410692611 0.5662777735548596 0.5993035814975668 0.5735769155818567 0.5527220516564386 0.5037817971366153 0.5025885437810543 0.5367692303516902 0.49260637368633087 0.4501872869369895 0.4483102801708196 0.44225582837495103
0.7121177821264607 0.7067863448218382 0.7099249427056709 0.7028286347749177 0.7443076494106635 0.6996232814080792 0.6788257388608986 0.7157464117949316 0.7493822990680987 0.7884414640772198 0.7565747841553231 0.7614193095789566 0.7729249431062611 0.8168974821287143 0.807960404201557 0.8041581142171623 0.7841169192737386 0.8056055614358103 0.7629730026615684 0.7228402345460037 0.7423832887067379 0.733159797189074 0.6945128592729728 0.6806576511347369 0.6585755353298839 0.6483155193232021 0.6596033747032775 0.6942303161004432 0.7087458273455305 0.6662089036566518 0.6488859869189502 0.6477574550652212 0.6216839738801091 0.6128211305526866 0.5696940987948576 0.5715880473559241 0.540344424945288 0.5194006253519781 0.49135235166266766 0.4894797313937819 0.462457156773895 0.46427776382148617 0.451724695929488
0.6836770831627977 0.7143595142858674 0.698254754206816 0.688397294705855 0.7266733927536095 0.715092609395123 0.6824254175330933 0.7250887036326447 0.7799266410507507 0.7690877609561402 0.7973850816979684 0.7475783389716811 0.7581586442432281 0.7988349856294218 0.8307208210788496 0.8098489421667197 0.7787629024794095 0.7525221512664209 0.7486382873931045 0.716451097250558 0.727865892147261 0.7107957582279054 0.7345066085763075 0.7037662173968483 0.6915474735787636 0.6420395655192941 0.6672901329792477 0.7091791669220995 0.6971223047149259 0.6743201019411278 0.6264858436922017 0.668700176316051 0.6624617794264568 0.6297448507349372 0.5935746059708745 0.5855245032879638 0.5529441227900876 0.5168171402606061 0.5173430291130692 0.5106495744773116 0.4937655733285856 0.4618364303965935 0.45326718201581623
0.6960699500008083 0.7404575874427274 0.7078763158125021 0.6914704264605773 0.6952668386533639 0.7135699874373347 0.7033184544556815 0.7367543796386519 0.7428174860498691 0.7565006037273484 0.746963192451762 0.7661490448107662 0.772691445603083 0.7482995190672141 0.7833695340160649 0.776612435484994 0.7482982281736963 0.7208424920674129 0.6921643771892307 0.7018568576414572 0.7005383553993253 0.7016835054159397 0.7238713495371548 0.6961788584418153 0.7031653145030141 0.6704570888554886 0.6982398707643329 0.6845065641551713 0.6617284936771595 0.6179808995682433 0.6001032851563703 0.6467747442973573 0.6491367802454082 0.6144614581722664 0.6090147083934447 0.5839057187117578 0.5641828293083181 0.5382539915977261 0.5276771608073488 0.540366395281562 0.5415083289840952 0.5086390060511701 0.4928363710309275
0.736317766855235 0.7135797747863732 0.733218404609786 0.6851138359616195 0.7023340119097661 0.6943500364137309 0.7034987186085926 0.7264379185730676 0.7251479137611454 0.7172746339140564 0.7232889092968378 0.7247819557300603 0.7663876856938907 0.7633346003129727 0.7236962367860511 0.7056733454489461 0.7205832468930258 0.7303734288214259 0.6934822007505942 0.734222491751385 0.7474771704396108 0.6977952750690565 0.6999087806336457 0.710276918081921 0.7008181996718816 0.6511779123418063 0.6991621536430209 0.6864255481820987 0.6273404752548589 0.591046551321979 0.5934353891160314 0.6447930582224913 0.6757169727253078 0.6248030593982582 0.613336261501805 0.6052391348185646 0.6033765119260103 0.5438078815079492 0.5473097930527228 0.5525720520584 0.5967639603873546 0.5590479359376923 0.5361263130959529
0.7006691809198116 0.734683262911849 0.7273644954250275 0.6769481582076042 0.6946153491792582 0.6699667979293366 0.7270048963317892 0.7062751890949556 0.6985359838252123 0.7425747244453184 0.7103986673144108 0.7498240145842155 0.7471910919258652 0.7378976108786074 0.7304170807646908 0.6794877109093223 0.7062111673393672 0.7076655940387756 0.7009910244930241 0.704167708286949 0.717893235695674 0.6783456053064582 0.7014223259792853 0.6801081894065882 0.6537899776291063 0.6465156171484352 0.6504533246835489 0.6295105815792892 0.6523877773887787 0.6133863491513685 0.6290003122703017 0.6210556580903954 0.632574756908847 0.6432443770415871 0.6339057070063865 0.6125201163691794 0.577154999057919 0.5950232440554504 0.6216568793214169 0.6207463482879387 0.5876734669656959 0.5540656423920661 0.5720127801134842
0.6997072766059562 0.6826133660439709 0.7076846867294518 0.6692946464920395 0.6564208855484179 0.6494906157184495 0.7251078163386866 0.7269737333901903 0.7218332660733343 0.7312740598951856 0.7183055117858469 0.7374683022074366 0.6892434289012886 0.6941589698209613 0.6920665858475178 0.7108860488090181 0.6866983869105593 0.6582955603497574 0.6848892919166263 0.7033192081290844 0.6461648378116746 0.6366406416455899 0.6709815350634873 0.6934193180292562 0.6617162551418623 0.6346668217004102 0.6257222153222094 0.659304028708336 0.6593659110187704 0.6401351500361798 0.6028228112177745 0.6374376797140373 0.6326197617657517 0.6195742431247934 0.6582543729394875 0.6357636745632299 0.5955113681717794 0.5765925727799013 0.6367799679122562 0.6238073078651991 0.5974658921629903 0.6046787479827231 0.589991277407103
0.6879655024837309 0.6826327750008959 0.6411393568829096 0.6463483467143323 0.632780691402156 0.6380341109299045 0.6962964031156034 0.7095909548973802 0.6918424559390123 0.7300800937595292 0.7248400652426615 0.7077153791684746 0.6757085841676173 0.6979798674088521 0.6936367344488497 0.6891243765469822 0.6425669087281776 0.643563079884144 0.6843853469075519 0.6911482311430038 0.643412769550801 0.6508538377760956 0.6506642460004298 0.6601871127758774 0.6485938388885691 0.6681987785272347 0.6226097088586291 0.633647977748427 0.6764517361985621 0.670895743493905 0.6350347499607528 0.6399310220537859 0.6033589413354349 0.6241919712622344 0.610604697362605 0.6376286415485976 0.5986254154208368 0.5662764798345293 0.6136491636713017 0.6067849111234705 0.5768683911568613 0.5682004524106768 0.5472254652368836
0.6515981594231511 0.6218390973985275 0.6148811363872319 0.6197470517604183 0.6195537482469968 0.6182042967561016 0.6519272874826426 0.6862066899002103 0.6782268023844852 0.7157356760278037 0.7034551368006794 0.7041453187529969 0.7072001619961096 0.6720295862959537 0.68948861487095 0.6459373991689696 0.6224734236549536 0.6123327562532066 0.6637667515860074 0.6700409419008749 0.6703408374322222 0.6674611312649514 0.6535614483635661 0.6605665078019826 0.6380996002659627 0.6727510421537504 0.6437765714287698 0.6757646343018683 0.6949886825046662 0.6790648173658133 0.653125199433547 0.6095483628254909 0.5961069207633959 0.596777464999349 0.628248230619307 0.6066538062958028 0.5748109001799431 0.5531101973661545 0.5607194208040686 0.5901539450687859 0.6332698290746888 0.5672077803220639 0.5241350459368518
0.6532864217031065 0.608919824008446 0.6313769743162972 0.6385098006408081 0.6461844589237298 0.6095208980542492 0.646041731368834 0.6884147332099797 0.7044182925713811 0.6638233040668913 0.666264986449097 0.6825273094722647 0.685260600962234 0.6813528369581797 0.6771758190983349 0.63766067968861 0.6275741922734093 0.6187253137542492 0.6018428273287384 0.6157596603386786 0.6534273971893713 0.6262647443270952 0.6178248003246665 0.6059720037145486 0.6204073494048423 0.6504440307881919 0.678441326054873 0.685636249926744 0.6809855489724381 0.6708414968056959 0.6449493359372827 0.616355683323237 0.5913360199889366 0.604029932861639 0.5985540989988042 0.5727302499718284 0.5366390389738152 0.5414351501492631 0.5926742261981622 0.602822702685095 0.5905087628293779 0.594706070754339 0.5557433498382474
0.6478021271083826 0.63589867673373 0.610027234798795 0.6413965501098203 0.6368941201069929 0.6595480276089771 0.6370667217586525 0.6905842595361008 0.6911788313400682 0.6534720391343493 0.6490539001113627 0.6416499271013902 0.6720492768394 0.7025661135558313 0.700051259057801 0.6686345318865182 0.6409838366303908 0.6068368620252645 0.6168314837678478 0.6115494797370199 0.6094967701217052 0.5862722951564955 0.5910537319095249 0.5687972172255231 0.6025256521672612 0.6300187180010328 0.6400722026896104 0.6623574789152614 0.6612732567437415 0.626841057397134 0.59700307142481 0.6013588031888152 0.5833260291866841 0.590899188650035 0.5745512575190181 0.5546260156478406 0.5519160857824793 0.5315875011227388 0.5804962549302071 0.5766581587311985 0.5674778988240113 0.5586686268722812 0.5453106985169099
0.6102577454461472 0.620197854777481 0.6086693495789882 0.6008956110944091 0.6058223775613512 0.6442234919093163 0.6100855400251265 0.6592796770842521 0.6786129661936529 0.6594523671334659 0.6414855779482522 0.6533380045378365 0.6758134300290651 0.6715134033156566 0.6596598645593985 0.6452608783356828 0.6622655342356197 0.6567022376412898 0.6215976196885856 0.6403433073273415 0.6483635188966442 0.6070999834790952 0.5621141262393158 0.5471212026462193 0.5835363997987038 0.597775566136445 0.5998706427377359 0.6299055555187211 0.6232291362548581 0.6339369658376423 0.6046978570429854 0.6025339557328302 0.5740626492241444 0.6072463232745894 0.6277427495865153 0.6118339166985609 0.5703571183245592 0.5540014759512019 0.5867404480317236 0.5814120683345256 0.5981136091623541 0.5833768575378693 0.5626340411143943
0.5730321201883753 0.5981930559381772 0.5809678271461509 0.5686994331068397 0.5903327251528128 0.5928608659793294 0.601325000154166 0.5966519997674843 0.6175834629074818 0.6229527905199742 0.6137792621721706 0.6129390355545463 0.61980532232911 0.5935866593731806 0.6011548310601974 0.6582143775795276 0.676617638460626 0.6513282776263736 0.6576035254113851 0.6214021352285227 0.6350080408079057 0.585222367325386 0.5931900837735182 0.5502181905569637 0.48680666969420455 0.5228546419648773 0.5761879255745451 0.6212083509372972 0.6206001600546741 0.5758753119998292 0.5887096843922235 0.6256986968187499 0.6059536030396505 0.6114539904491257 0.6281080015598781 0.5932822258464551 0.5907157112511838 0.5573818041582101 0.5519794845174996 0.5514016467390229 0.59221281572552 0.61322551037562 0.6172920380128688
0.5450357040278343 0.5558143185555153 0.5213323992618261 0.524523034246431 0.5474824262155802 0.5529443667009999 0.5816548545471594 0.6148156857785431 0.6209642692387536 0.6184248996965616 0.5882917738550836 0.5641133652652172 0.5622470744784244 0.5877410381262044 0.5994057402671842 0.6116681463767745 0.611763011943396 0.6337964201302241 0.6072613760797557 0.584068205351933 0.5554611566306964 0.5664196193859962 0.5445173200797143 0.5490395949384931 0.5366016804465522 0.5280767937955307 0.5540692813847264 0.551090287395463 0.5928498012298049 0.5696274815704526 0.5902632943457803 0.5955913634250657 0.6138910847186757 0.6023215730708621 0.6367787656077908 0.6137907698380647 0.6188377404896419 0.6047615623880765 0.557629394278706 0.5765881255689599 0.5807738973919409 0.5759015619845815 0.5911250966655094
0.5363785868474049 0.5057531093741484 0.5074319570132938 0.5017092987286254 0.5137014714731996 0.5373073753859463 0.5629314598330605 0.5754841769954906 0.5855238306791435 0.5828373213765167 0.5503483190319867 0.5210184074324278 0.5536892321191156 0.5864021443541179 0.5496686570919486 0.5549826247699748 0.5871188686066289 0.5607226418969259 0.5481128933910805 0.5154106521762142 0.5310333229635356 0.5515251471431529 0.5172123154055559 0.5125487063868672 0.5616559359453173 0.5429116416562982 0.5199876285929189 0.557307534264121 0.5694070959729598 0.5733797245440752 0.581227009687918 0.5718618345408442 0.5883534016279673 0.6140155194041543 0.6002031141748165 0.5622239388240244 0.5962787260228309 0.5904704452917401 0.5945955505794872 0.5382089658504882 0.5315515320703056 0.5919303909240525 0.6111151180206333
0.5384802362415751 0.5080375360029353 0.5057875617233486 0.5173803616605982 0.4786966250450784 0.5067629999909126 0.5428155659724149 0.5246541304900225 0.5486773248723776 0.5190255863139649 0.49644531424852173 0.5270503831742156 0.5181642534691538 0.542231927229061 0.5707830241629113 0.5703035957080697 0.5621052379247268 0.5306464154914172 0.5242620412699667 0.49213596821053757 0.5208630901635909 0.4943182872247286 0.4906905710764909 0.5341450052909841 0.5262362488561022 0.525456696971999 0.5585639213939112 0.580291657589283 0.5645805466115011 0.5826559162783015 0.58761436380157 0.5637418480927776 0.6078515844588128 0.6121940061117598 0.6126740843061147 0.5509967795680153 0.5347796831739182 0.5560968038601274 0.5881397466149626 0.5438065145417813 0.5609009346437271 0.5535979081174157 0.6164482084017134
0.5319745855303558 0.5454254925790877 0.5308570736706006 0.5009378779359678 0.46271550183033805 0.5188488528406635 0.5227879291796369 0.5183719125302801 0.5216017850945689 0.48815332448701804 0.4632141799319715 0.46072878235809434 0.5008481342535355 0.5033911584551837 0.5512666407408797 0.5144935323607573 0.4967784916347747 0.5154826405228059 0.4891387318517209 0.46027971495059 0.48692035983700954 0.5119766719047665 0.5125673039677914 0.5249073534078157 0.5471801632412283 0.5431977862329432 0.553447342807772 0.6089416640617606 0.5881723604235021 0.5995335797997213 0.5630931736281084 0.5575176110011337 0.5669588199534509 0.5961931084479218 0.5926707760492976 0.5677894536299571 0.4953639456883088 0.5496452519632258 0.5573776515678001 0.5218799595294952 0.5137514962941762 0.5323265330120363 0.6018696534929543
0.5147419008036775 0.5389776365333661 0.4888631090927293 0.4801066911369212 0.46665441897179705 0.511240314321416 0.5263887890519684 0.5144181303976799 0.4678407691375447 0.4718683782458835 0.47977405449861193 0.4640219429891737 0.47948090397360044 0.5250938515624781 0.5456314518685712 0.5211446279616441 0.491028297335639 0.49796754016653183 0.47280875435115655 0.48269072416428727 0.5269816880280619 0.530983962601321 0.5244787696085597 0.5323415876271228 0.5321858493158118 0.5902731859763438 0.6072094201929232 0.6032115151057844 0.5916001582401507 0.5948339327324484 0.5598464540162416 0.5578472717498679 0.5459246640728193 0.5613584092154332 0.5836885973864002 0.5367720167127806 0.5179841422524585 0.5170363916446661 0.5483071579909126 0.5094779006087222 0.4924543254888021 0.5048775685989908 0.5369823456866649
