Raster_benchmarking/DGGS/continuous/raster-412.asc
NCOLS 100
NROWS 100
XLLCORNER 1743166.1382722033
YLLCORNER 5469291.306336978
CELLSIZE 10
NODATA_VALUE -9999
[rows 38 to 56 of 100, columns 43 to 85 of 100]
0.5480086662757349 0.5499471391453026 0.5734773749300717 0.5745201644929994 0.5680764428070297 0.5696776081999712 0.5783161094133834 0.6062156065067295 0.568674586527273 0.5866627514402561 0.5857330761445096 0.546343021775663 0.5395657947254404 0.5263840073868487 0.5400699838087647 0.50766632676567 0.4651350310904316 0.4412224178081219 0.42732198854611114 0.4451992859558107 0.4605903396461569 0.46285624636423944 0.4432221686357092 0.3772364809717364 0.3572384097040977 0.3564140655519772 0.3252034777961022 0.3109431768877568 0.311377497410218 0.2637904025889101 0.29523407116378864 0.2964200191303792 0.30857740153637364 0.2895181121797788 0.2781064590506487 0.24309278572869417 0.266605920189836 0.2672955135563462 0.23478372026673633 0.2366891710617693 0.24194862183836183 0.2289704793441496 0.202179290086809
0.5295734060444718 0.5280844725920376 0.530215233071047 0.5547557363899169 0.5990163041213915 0.6026338479775888 0.5878631121935898 0.5450254118357978 0.560212081515684 0.553352103915664 0.5714249175033428 0.5609694853916464 0.5570675771813745 0.5098413883561863 0.5346163847951714 0.47985816975383927 0.49262593836816854 0.44593942608959414 0.44255188147499597 0.46652517757308787 0.47671292558728456 0.458173042942236 0.409505968740644 0.37410411023909373 0.37714934644928394 0.35021209136185594 0.34977732750067975 0.31854607021650255 0.3078005275406933 0.3006002530955441 0.2917937166741123 0.3066288583128212 0.35315395177776254 0.294340733746691 0.25275396642103 0.25129535014085225 0.24091416552219583 0.2494828766900647 0.24102541787191245 0.23876972953366898 0.2754208501901898 0.2245015208237415 0.23278162686359563
0.525631773433807 0.5089133950293112 0.5193285251218165 0.5248167724613569 0.5452141232015234 0.5745242324873595 0.5260375806095006 0.5297980346637108 0.5383174145818117 0.5669598757159614 0.5461941845659981 0.5450386618353359 0.5490667662807054 0.5126922028090394 0.48983934505871424 0.47619939510215636 0.48833484117899434 0.4783436886434712 0.4491028944509549 0.4540960741098623 0.4767900438461162 0.4653747947915972 0.4214011266578904 0.4300176325359991 0.4191874832983026 0.3687701429326379 0.35481250345956517 0.3299976643097985 0.3069598192645984 0.30141966821719385 0.2993904227767277 0.3088823537143202 0.32406812837868515 0.28233685293336125 0.248922407145628 0.26649915133896246 0.2341668628719071 0.2236095167307203 0.23920355157121947 0.2698098626560919 0.2566492823718246 0.25474890011845913 0.22293384882456502
0.5172140815471806 0.5076411916653372 0.5275852147481723 0.511830403771287 0.5463808842758283 0.5396849130316568 0.5097832105427093 0.5286797187051933 0.5327977290185106 0.5284918876704515 0.553780900874581 0.5614589695204303 0.528450591473697 0.5061960938016229 0.440007281663014 0.43389819802306695 0.44564217566942477 0.47651364425601567 0.4530970650686009 0.4740443592579598 0.4741670767774433 0.4711012338459746 0.42949973091379456 0.4247970114800156 0.4335575791156698 0.362106235521173 0.3451636154836498 0.3055257632726855 0.30657626008354977 0.28791307016284656 0.2864548890124959 0.30317081696671 0.2558219228744983 0.24434840594953486 0.2848282477185775 0.2920433335752578 0.27667272715256325 0.22287676095746578 0.2411336082294143 0.2446225346608922 0.23094015855930078 0.25620189236764046 0.24624782453821817
0.5058122973162671 0.5283185478868401 0.4955198459993191 0.5013857128821201 0.4787271018553447 0.5064439942470205 0.4997459746851006 0.5092857314075196 0.5104154433242369 0.5115224919192628 0.507937895402382 0.5148883630138947 0.4674280442188608 0.47165961063658957 0.43598138124597047 0.4112362205810417 0.42274297494501156 0.44859883062166866 0.46052400352490847 0.431784050292502 0.43680101666294 0.4538129916191364 0.4397036079923495 0.4497866273585837 0.4470458948021949 0.3785177607224301 0.35161623016553045 0.3083507319938044 0.28075310420007044 0.30455482927562055 0.27445206394194677 0.2712622704086803 0.24763249676077348 0.2292320969130899 0.2673004394713595 0.2788690560115118 0.274276270253609 0.2430352515062706 0.2313706920849473 0.2390485597217238 0.22036772188630457 0.26449621733877676 0.28769596211572335
0.5479582987868307 0.5249154926149395 0.4806193184819516 0.470122857812201 0.4594927672457044 0.4632445713297224 0.4529182123068866 0.47900685316051755 0.48155849116928784 0.4583367779501326 0.48799647663854695 0.45530388464856364 0.44182521336516734 0.4503236858902707 0.38986462238736247 0.41498194674724215 0.42914138533305796 0.4464906293965912 0.4262336989117097 0.4284514187723133 0.45513010506142026 0.4662363128250436 0.4705097112122448 0.42943396220232516 0.4408304133548217 0.38379515405376496 0.3453979539427081 0.3018666445687396 0.29804267692413605 0.326762186973799 0.3031279484157831 0.2752163550808222 0.24240468347417798 0.240681387365529 0.23367069247024425 0.24208213749144966 0.23997275628573858 0.2376528255638769 0.20910414380187511 0.2228896006706391 0.2042933407125345 0.27267722730672317 0.2987278902828215
0.5376824292523967 0.5133383242667434 0.4953412950194037 0.4894852177583194 0.47410177219832383 0.48197583520681225 0.4613757576975068 0.46192283393073236 0.45634587620101336 0.436324810394634 0.458864801416688 0.4494505207799074 0.43850619933107454 0.40950301959890495 0.41058591253034427 0.4105143273400039 0.4133833569530409 0.4115426918270362 0.3914490032935197 0.41717827519234624 0.41717075105750173 0.44934221188749807 0.454427559159203 0.4611908999233453 0.4440637628353897 0.39012460179928704 0.37946040643725937 0.33526744191542057 0.31079329463596445 0.3044358819687127 0.26379623452346396 0.2507895069879364 0.20782798644956751 0.196213065208104 0.18012188221770833 0.20432525858040218 0.19870182041287004 0.24133356423410474 0.2455240725230557 0.2102015497931672 0.22056480761426195 0.2693929158593208 0.28322097209776986
0.5486969136478351 0.5561265685020484 0.5434585832044483 0.4874335215860946 0.4891982927043019 0.46556181580940775 0.49168339240691095 0.4809145997674875 0.4539580743066099 0.4047672704877967 0.38931720189529945 0.41133628042753667 0.3903817750845425 0.4087047641793116 0.4029022179230399 0.39575523480278846 0.394564842101114 0.37373118716289594 0.3917653259501499 0.40162585983225757 0.3953772915583463 0.4405575314942211 0.44637917540761385 0.4498087340795202 0.41066937214264326 0.38091442146378995 0.3716629972463602 0.34688971792494094 0.352099852328533 0.32536523881986 0.2533880572745239 0.20727748504524407 0.18236980225470525 0.19478090241186302 0.18267511601825295 0.18511290336052727 0.21097748780349035 0.23308684497705687 0.2626955971756985 0.23919672057315844 0.2666106985570822 0.273936379559155 0.2659313437682277
0.5593384679015667 0.566121984857753 0.5290664271018554 0.5146611217347837 0.5106352367076115 0.48344237262621903 0.45280083709648616 0.4493105919777441 0.4434496438332505 0.42926721043640276 0.37193688197126834 0.35527134312382136 0.3434771051274865 0.34968523763992837 0.34708578503023757 0.3660746408378045 0.34604205397541477 0.38380812937858605 0.39607398487976025 0.3683875367965065 0.3759798241107763 0.4139342532515536 0.4171404238598118 0.42963746142559683 0.4226791841339232 0.39371096147589785 0.3972781454813738 0.3558967435738764 0.3709481997043889 0.3282067432534721 0.2747746770281485 0.22552292673791155 0.21545346413227257 0.20360852032405477 0.17776336694640735 0.21608702416761752 0.24400547048471496 0.24612524384708892 0.2824863262556766 0.27760522156919026 0.27678038254402954 0.25481829096219616 0.2558321489505033
0.5892525863235828 0.5529486853186047 0.5134344138261476 0.5374907644868508 0.4990024642605743 0.48294630355671603 0.42092906971080846 0.43482002851692503 0.3773766197808431 0.4017728390725634 0.4112636083630024 0.3888642856767855 0.33054942573728413 0.36382744097579983 0.34370647021880574 0.3464670026512494 0.33549944520004593 0.34359625614947864 0.3802618815906638 0.3617310754833937 0.3786608884051908 0.41880076577889025 0.43571182677201575 0.42232018730689336 0.4198260895302516 0.3995755857847551 0.39226703647171807 0.38929956951494027 0.3794045925449517 0.3368733267442045 0.3190481020944054 0.2430280724548292 0.21306845629127666 0.2053144363364438 0.18564138612112951 0.18383604111199017 0.2038918798073958 0.2167816823833708 0.25085601768689614 0.28083117341100333 0.2680745951802247 0.2991515237295507 0.2674770217957544
0.5537384672157606 0.5231734021063197 0.5102942964258522 0.5216302722098819 0.507098613366681 0.4835526441208049 0.45882832724331396 0.43436148944596253 0.38774311260026156 0.4259141685367688 0.38163277704811754 0.37259037898948955 0.34720719683658396 0.33752764687246956 0.343091172097134 0.33141749085281685 0.3605817171158009 0.36435095623027364 0.36170712400111216 0.395655644383178 0.3837935418267266 0.4165392189976463 0.4203676104460856 0.44064428781117154 0.41555877446810624 0.4355146163783851 0.4422337696579399 0.429702873014616 0.40529009970018887 0.3318532603131608 0.3432072971187045 0.30019386425408934 0.24348541753000474 0.239101902987067 0.2244868240940863 0.2337841473510167 0.21914584462387274 0.23673332706713182 0.23496309559694997 0.26951602886226855 0.289018270890575 0.30905303375762877 0.33493463355692166
0.563252013270969 0.5113257795197034 0.4761546357062073 0.4796140108884243 0.50569333990183 0.4943038908304699 0.46820433007141027 0.430873744144936 0.41349295304634587 0.4129479970195021 0.4137023014164061 0.3688003066958149 0.36932599418177076 0.3544644310109887 0.36098937204261455 0.3531200783496369 0.38533004591653347 0.4110494516177744 0.40790469573473387 0.3908300299450059 0.4314831580834231 0.4206699512777158 0.4177687531516977 0.4390484569303884 0.4075782312189691 0.4250486690107434 0.461831661622587 0.4378922984440516 0.38706518365321013 0.3609341396365383 0.3307145216545805 0.29000430635191876 0.2483906024682699 0.27450768596091035 0.28571280715493313 0.2783344846261949 0.2838383805126398 0.24727739664426868 0.260432203258805 0.28351592509585705 0.3281781470808051 0.3279067581375187 0.33967836606307106
0.5312968660593335 0.4847105453650722 0.45745287562722126 0.47011402044673517 0.47213625681613686 0.46892680012205223 0.4503988271732952 0.3973335246424368 0.37777850032835286 0.3980336442448016 0.39194009684437847 0.382286609293071 0.39714053327139837 0.390695344301672 0.4151173819159481 0.4228898361278321 0.43255647235539446 0.41087857477913314 0.38252800593281605 0.40054084344179136 0.4277290413622252 0.4321687547686152 0.46301709565040644 0.44253491270879763 0.4614982915616089 0.4337018663478659 0.47063499716217666 0.4686741887852617 0.4372239863823913 0.37047538621376597 0.32858579046702757 0.3105820587322823 0.2709344594338547 0.25870764043242134 0.2706392912920972 0.2712738354141849 0.317245076171225 0.299242935742537 0.32230024063878304 0.3064719789643256 0.3078426189257344 0.3069151777477787 0.3518059177203997
0.5138294530472729 0.45752867942194314 0.45688506704459114 0.48044682111359815 0.4566012528773569 0.4493442601815103 0.42290954557407284 0.3835899821544091 0.38579811102478223 0.38786476848137624 0.39908387923334665 0.3924662376863529 0.4019859331672027 0.3716891827255167 0.4235360188811885 0.41230285906612746 0.4400269351869611 0.3934966410186122 0.4132104565202238 0.41358562833891194 0.39980771890626754 0.4492729046643208 0.481852192723363 0.4579016573453996 0.4644081782049425 0.49302647937293054 0.5014755098899414 0.4386850154796176 0.44718954429887975 0.36411631430888275 0.3316170882730317 0.3256063490560413 0.291518265639882 0.2775951951072666 0.28249231362293975 0.30164743552925377 0.33384564209710044 0.33555199253060114 0.347462653178997 0.33724088588441964 0.3014880724895636 0.3341855438219485 0.3233776236448749
0.47459443685689373 0.4643707461773987 0.4499866946927701 0.449448911368571 0.44875114863758103 0.4042596480098943 0.4245402824810259 0.3999210170987228 0.3847001459799284 0.36436594447918463 0.3820706068513352 0.3627908511459812 0.3769763497822165 0.3752090909243182 0.39706410667977576 0.40978775285342894 0.4095605790962352 0.38830168242364616 0.38795487071721607 0.4061048176869126 0.4093365983906779 0.4450635103788874 0.4704461722408776 0.459478347145861 0.4587951459099976 0.4837246644780882 0.49635826340207473 0.43836259793389704 0.4251070052163878 0.40071384880350797 0.35168587143450786 0.29940404461848896 0.2811413777809364 0.3049639167827833 0.2943867637921614 0.2962257797571514 0.3410677791369691 0.34479700252525186 0.31668695851737483 0.2980527379242034 0.27174005211149366 0.3138555459299359 0.3178964188406861
0.4647104528550913 0.43847298535097845 0.44479804114463467 0.45262913384405806 0.4210764335095068 0.3981636248443668 0.39588257489560286 0.3931459901275815 0.3784250454705769 0.35127961792272505 0.3548219731963794 0.3408571582351219 0.3636690328108808 0.36076299328479183 0.36831824891526654 0.40362947371792135 0.39049181419005424 0.39635089630403464 0.3916253125546056 0.4103511486687162 0.465677634883632 0.4531177081494594 0.47077829096742857 0.43357848746710503 0.44010862759269015 0.44506679277280115 0.4610189881370111 0.41972406895924086 0.3729137941670955 0.3975759929429489 0.3662286775580275 0.31420614058929075 0.2613715955771687 0.30917873991807565 0.27928367885589117 0.29918208997309514 0.32758502402571343 0.3177229787566919 0.36358749711780064 0.3064364878727788 0.27701291388938604 0.29050327879640614 0.33133132603687265
0.4839375794022033 0.47182480693353246 0.4131989743639795 0.39351024078250785 0.37566210569416814 0.415633447281205 0.39781920541159105 0.37675445348767356 0.3531213017416545 0.3520303212154294 0.3416526345123852 0.34688623916225114 0.3265769800102125 0.33770364394323316 0.35864065851866306 0.3825133288549257 0.39512292535539234 0.3714970942007153 0.3737205425863987 0.4341991657277184 0.43587016801516787 0.4349600538852368 0.44370815535242353 0.4629923327980035 0.4770431637036447 0.4526409016802471 0.4597980919931845 0.43919537332401837 0.40548822548852786 0.35267821421566203 0.32845330132749356 0.33156248552877726 0.3037826856200587 0.286435567354054 0.3005706645083563 0.3319844989837164 0.3274916530249599 0.3401608127987051 0.3452190554314329 0.3169140423126426 0.2683795290044258 0.30403847498620346 0.3166270205559851
0.461945237060147 0.4725390999080633 0.44098828414154545 0.4057891676389453 0.37241512943499117 0.38438105246578214 0.3968416858676695 0.41803336198065827 0.3778828803361483 0.3932512287187422 0.3923492746566395 0.3687344751725373 0.34644673707841467 0.34096768636276886 0.33790461500087093 0.39021300770050177 0.3801341227714443 0.39553151502969025 0.3870898144413479 0.4191450790829844 0.46140211935215447 0.47094420763988076 0.4395867389912225 0.46916444317069095 0.5016292148552084 0.47446349607703137 0.4727214789633769 0.42274434185634285 0.3882950802446111 0.3519932489173689 0.33562271444002867 0.31938681408800407 0.284117431439176 0.3024402596225038 0.3026808478775621 0.3605809815365852 0.3806396503523891 0.3537143550625982 0.31505259446169054 0.3016330513126804 0.2639139545947373 0.27231454553890966 0.30147268465654486
0.46218256381097483 0.48244924048562055 0.43731342045214994 0.43946467308435205 0.4257819854419396 0.4321554958052945 0.4194059507510311 0.43000252607532025 0.40489598947981087 0.4193782234874946 0.41897510756353257 0.38488308907681307 0.3777067475743168 0.34694816443877835 0.3787059362791811 0.39039394369903213 0.40086213701364676 0.3965020548067742 0.40874738823564893 0.43541800790133645 0.4628236879986235 0.4669596720854664 0.43866737793646127 0.46453728395353916 0.45140236968002484 0.4597509733592188 0.417050399518242 0.3978830490858788 0.35975338485215064 0.35782005017600693 0.3338035548432173 0.3080510109711097 0.29170795412410727 0.3202578690971968 0.3156644717424135 0.33187468193189895 0.34681825161319696 0.3339640949907818 0.3186279940049128 0.30237853313624685 0.28619684489589753 0.27303882289658604 0.2907852528806672
