Raster_benchmarking/DGGS/continuous/raster-196.asc
NCOLS 100
NROWS 100
XLLCORNER 1743165.016955077
YLLCORNER 5469277.669717171
CELLSIZE 10
NODATA_VALUE -9999
[rows 38 to 56 of 100, columns 0 to 42 of 100]
0.4549205655906469 0.4060483794071208 0.398982315267948 0.41677390294713346 0.41795909990077845 0.42947122204258903 0.4662352422277324 0.3888613896606567 0.3611109402549483 0.37019222823388687 0.3546745016603361 0.36184134566525594 0.3466724965417047 0.37973001122115335 0.3583662967488752 0.34918875006972955 0.3225251457793259 0.369737192858591 0.3574437849761876 0.40268596095972026 0.4328037908239894 0.4665853527598902 0.4601437035575344 0.500098771058541 0.4893790872822376 0.5072225744118369 0.4928164480504012 0.5037238629172213 0.5479037521630579 0.5745044401129275 0.5872365270572172 0.5596270256756427 0.5640673228617317 0.5583270055646143 0.530097855495486 0.5788224428726509 0.6259749704702784 0.5914483445894251 0.5939127960176889 0.6147297790588983 0.618848165477837 0.6539160516600631 0.7311634422466172
0.4599825159821531 0.4107445151632047 0.43599631846646786 0.41613517075116935 0.43991233154679604 0.42627743594557804 0.44966177548807784 0.41973773680147747 0.40849171076224106 0.382779633149807 0.3933435583131453 0.3986814616964963 0.3757410599048754 0.4073006994476537 0.40498860303765577 0.3864745558627431 0.38171467244849566 0.3992806955008994 0.42346436570514595 0.41089416631339876 0.4623117247339329 0.4891571153649467 0.5033830763401007 0.4734201490162864 0.4905768826054963 0.5387736839415113 0.5514377562466614 0.5313770075237586 0.549024963687132 0.5705531573246556 0.5791014817603316 0.5711653951824051 0.5756905601701019 0.5546940747865106 0.5619368096110204 0.5844466265726257 0.6085228911293624 0.6079121001583164 0.5985267922770431 0.6372656625541219 0.6237171168243185 0.6889682073116524 0.7022816502420968
0.4657184823378241 0.44685448281950996 0.41668765924778456 0.44422371159194296 0.41008280216784476 0.4015921684078958 0.4459274472567011 0.41536371412598644 0.41202056428897105 0.4160757265127617 0.39852865952022276 0.4297339850487574 0.44980735801185223 0.44800190697082626 0.4332104792478906 0.39871216979032964 0.3731673417834866 0.44301977984615704 0.4634180417896321 0.47177378078561133 0.49399969933426463 0.4929602580708035 0.508168246694133 0.5024152873857951 0.5314720218438408 0.5390246366482266 0.5661270219423382 0.5646270867141282 0.5274633649430033 0.5913031096137575 0.6004445990356663 0.599142625258341 0.5638530712279574 0.5396836838579085 0.5546193467741876 0.5803155134374449 0.641903686666416 0.6249339840086661 0.6361588282106828 0.6463638399894958 0.6545516730814904 0.6791901491114957 0.7437661465010222
0.48003436648621634 0.4702774936376944 0.4481781214154995 0.44120219330851057 0.400744186311856 0.41911073544664723 0.42925490878050687 0.435647958071347 0.4343162314332598 0.44704780857364496 0.45954151778722346 0.4570440368359873 0.42854662986806286 0.4350373216506721 0.4672875692316536 0.43388223819247174 0.405025632363848 0.4471662592268119 0.47709196703905576 0.4742820306661692 0.4918455141303997 0.5016236291669413 0.519207091620255 0.5341228294743943 0.5573006031537328 0.5768965827619802 0.5810165236411778 0.5720183673424518 0.5833814137971183 0.5898030893575775 0.6091238403244831 0.5683275221908719 0.5868490201110209 0.5754282379997645 0.6199846401971013 0.630252686973866 0.6285837887235393 0.675285868766025 0.6823405399050969 0.6737630205308972 0.7000904727634338 0.7274817805339633 0.7662317018631909
0.46542835029133584 0.4603930768344235 0.45782999934678975 0.4202012070441058 0.3829885527261966 0.3711669783622532 0.39618143909098247 0.4287617447264595 0.4161626569909365 0.4244677512880191 0.47349726804761044 0.48708678364545427 0.44083942463365583 0.44880978649785436 0.46334182555908965 0.4532939378511408 0.42270499238865483 0.43431773681451574 0.46938444881766894 0.48783051217252454 0.5158802412600545 0.5362735951295616 0.5679143730295344 0.5402392894882568 0.5928425857949529 0.5535240138296468 0.5566162622468908 0.5520229505901875 0.5973507291668164 0.5895308026552927 0.5774170963513455 0.5619845800794612 0.550894199499943 0.6049819882936777 0.6168550939111338 0.6273596143552503 0.6570246822430854 0.6551607913616083 0.666773069561184 0.6551111687124025 0.6831981091298727 0.7297539180410767 0.768217217924006
0.46676944923411656 0.43876496101964424 0.4234991600256844 0.43164376833286294 0.3695455808612345 0.36212921016268385 0.40254927181917843 0.4148681632021651 0.40267307857411716 0.4323576189081819 0.4507899675710226 0.4858860527892399 0.5088259442464528 0.5030338956206956 0.49886451514568625 0.4866967854728399 0.46449139665043565 0.4824946758354476 0.46059046332317316 0.49718625095745284 0.5064182572625417 0.5179012616901162 0.5307038641061314 0.5347946581690687 0.5546363498346961 0.5912716085422167 0.5458540595650163 0.5652011191979225 0.5597201779204167 0.5790672449091157 0.5692471907215725 0.5659901249256032 0.554147988555139 0.6200270927781454 0.6104634915297679 0.6308985512852157 0.6402811847803165 0.6529089498692694 0.6590079993613407 0.6735651386391056 0.6890982960604235 0.7494646768082613 0.7665406722422082
0.45019067048625994 0.42805773765899807 0.39024229737425625 0.4116294057580613 0.39991474133943955 0.3695173853572878 0.36846569893103365 0.38070130604266617 0.4371645427610765 0.43442443521716867 0.43758145162402573 0.4668426282389789 0.5144433306853213 0.5338560975649562 0.5509019338519142 0.4926640933963211 0.5041729341957576 0.49322015180858964 0.45180558968190776 0.4834564030014409 0.5140254476483701 0.5275876547452266 0.515681980197569 0.508001159338226 0.5412169918536862 0.549938992743784 0.5739348745976564 0.558008074489648 0.5714974794818978 0.565278900966826 0.5411992830911507 0.5350454433542626 0.5517461670595862 0.5944873536455035 0.6556089520167169 0.6807621336187707 0.6593217094849934 0.6796408037846633 0.6642056478472321 0.6881739059701012 0.730688123364197 0.7525285285759215 0.8006907502493114
0.37995849197001275 0.4099556661647499 0.3988208610424676 0.37766487271461213 0.3765136081179187 0.35156612579182145 0.34344852803694487 0.4015389671515096 0.4189932310494974 0.41783689070944774 0.43172441443111087 0.4737918611497104 0.516738654264753 0.5651783704995202 0.5368999295888198 0.5294330884139458 0.5109514095176352 0.5063915164445747 0.5010789794856194 0.47202561113387015 0.49836833032823763 0.4801612109117166 0.5007306581836221 0.5352279579961366 0.5589935475467249 0.5343317727090701 0.5530549758816431 0.5329434105588541 0.53123846068261 0.5174705900976005 0.564499380806367 0.5779077417899066 0.5922623441165036 0.6119051545901032 0.6350328304613108 0.6808090239039081 0.6898500638571585 0.6814119333310791 0.7136518463761674 0.6993247154521591 0.7069159594301042 0.7337986040063357 0.7461028950928728
0.3751348111233985 0.3888360178758546 0.39645349527878715 0.35420814685548396 0.3380320360780186 0.3636186305837689 0.3408054772141843 0.36408423655815303 0.3594507007280867 0.42628854937454635 0.41925959259557244 0.47188235943620366 0.5382612989242632 0.5485119926823057 0.5626252949567073 0.5432045231650031 0.5318666271821778 0.5219061980871886 0.48339459484971964 0.4675881890191238 0.4918151482377603 0.5115994055154822 0.5006798758460806 0.5283693018707223 0.5254754530413791 0.5307871607348983 0.5151692215402911 0.5139945129118423 0.5068706834273389 0.5498428707508481 0.5254866824470393 0.5968370564613132 0.6215869603766689 0.6233955496139714 0.6440846966924723 0.6668363772788407 0.6810117495116756 0.6805973712506674 0.7398128271101401 0.7063312371322481 0.7075098945666035 0.7189386985338603 0.7255773295276846
0.3820893808051289 0.3788929637520228 0.3685479889072639 0.3712782945671189 0.3279848916891058 0.344106584061622 0.3694353388365093 0.3899673114680283 0.37718499328034233 0.43944713266183566 0.4842584013091387 0.4830501092813353 0.4950571906379722 0.5269011882235528 0.5521965553546346 0.5375554729400828 0.5284849654610786 0.5095121417922357 0.515090715311712 0.5257005412206505 0.5214331060886895 0.5430786100925699 0.5477972742720572 0.5600652092143533 0.5659268611038379 0.5439720242212648 0.5774172158038636 0.5683681984576865 0.5841388349847733 0.5829507578992206 0.5614556091026683 0.5933205552563606 0.6169720486110146 0.6339134057822984 0.6379534570694635 0.6821261436704908 0.6936344481793415 0.7154709370298811 0.7248603192245374 0.709517447737466 0.7204338633051746 0.7012215428530599 0.7443580686630226
0.3333834527210719 0.37778870680337917 0.3819185663942439 0.34491209865139155 0.3393683634101432 0.34330446534710773 0.35010374989929377 0.37283975029040306 0.40557858497690896 0.44262410469905644 0.4944463758993772 0.4841980490758375 0.49314497736993795 0.5183437078814888 0.5480818537521863 0.5344904055672999 0.5348772632745797 0.5256606097369981 0.5119492234611759 0.562042915950789 0.567782946542958 0.5467476230671083 0.5497475419380755 0.5673017223794655 0.5603408553699741 0.5535664801211754 0.6094205986124449 0.6071181064493577 0.5884497426627007 0.5691537311882844 0.6060067568148412 0.614583934894342 0.5992311146817811 0.6136840633185953 0.6303368090965301 0.6753451285011938 0.6786919391634757 0.6736558455492982 0.6843250911487507 0.7039387869476322 0.716162829663618 0.7155267970270114 0.7144960304892619
0.343368206270485 0.3200625994212852 0.32910074711234627 0.33661956182170694 0.33640752228691573 0.3820263031835486 0.38499583314643293 0.42818190886320645 0.44932506288604745 0.47742203312501175 0.4902646727150633 0.5304653085201252 0.5325707512589457 0.5202801244579665 0.5544119207353886 0.5711320022232294 0.5660800193141149 0.560825328884364 0.5677614269691444 0.5602920945135903 0.5868859717553582 0.5446213889397735 0.5285751027847588 0.5486508200050597 0.5648941179269907 0.5977004646510675 0.60148970568463 0.5877197526865376 0.5758498510150178 0.5968285480311285 0.599859597113695 0.6106781928132358 0.6206767746510153 0.6215299360345374 0.6274398768216044 0.6265833573621311 0.6512448470779693 0.699147798163685 0.6673682926899508 0.684970303271706 0.7020151160346769 0.7117851182132691 0.7119204234833054
0.33163571330272595 0.344751252269561 0.3332037437892764 0.351815067376919 0.3330888268190259 0.4009913111773563 0.43188412717806574 0.4251122227658591 0.4255987986848858 0.4702058401236724 0.5011555946283117 0.5314175932691717 0.5344002982916678 0.5649576529901129 0.5795776009935453 0.6048014105443369 0.6011125619149922 0.6108355107936315 0.6343467974898161 0.5992823983760933 0.589637173603588 0.5968759992193918 0.5438729370476899 0.585754950070705 0.6088373592871585 0.6009510753005921 0.6431495185425966 0.6200624884885366 0.5873216461618392 0.6046084630720856 0.6103066890221087 0.618198892731922 0.5855374814239439 0.60721006140529 0.5971960466072578 0.636763787765897 0.6482508836936105 0.6598694568781808 0.6919764020692286 0.6847534008782477 0.68379444648924 0.7045912373346584 0.6792823800589687
0.3664157782779801 0.3331450533027518 0.3593739262585899 0.32032486347606093 0.33311652207701214 0.35975253002847507 0.4105432380777647 0.4380223751105891 0.4287679597296974 0.4535571593291702 0.4829611179792577 0.5189014237854275 0.5245089989121257 0.5702367485924861 0.5724303997274105 0.5933053877072964 0.5801180968059245 0.6359800545834206 0.6190991419624359 0.6273331286530512 0.6146212318603478 0.6111549710894749 0.5951342090151661 0.5994480563737642 0.6464799109237441 0.6126420627587443 0.6013824817995327 0.6254797902841146 0.6221718936102656 0.601213359042128 0.6332894158453567 0.6040182340200291 0.6113681332816172 0.6101520692140461 0.6064079570299951 0.6368798895651286 0.6221775250586881 0.6487189328400026 0.6598464700389414 0.6456530449850859 0.6635000343116105 0.6458362085525673 0.66004705689026
0.39464178907176367 0.37861304697233594 0.3458170067688004 0.3309763197391448 0.3555310120026446 0.3740240149295057 0.41466030036098056 0.40374052530586824 0.4029164893482381 0.4197575216600614 0.4427775745027941 0.47482801769829014 0.5403194914457884 0.5628854212985568 0.5459563711321731 0.5868021124502331 0.5584166379316888 0.5958669585996837 0.6468285915782309 0.6647076410294632 0.6428850650595783 0.6269229400314098 0.6494425816726542 0.6522425458218535 0.6631128467031511 0.6588304163806643 0.6182154610103053 0.6368901314735073 0.6199440689334257 0.6433579716816225 0.67110376631689 0.6534868872056618 0.6319537363085144 0.6214448866301302 0.6645564660961837 0.6574115689392415 0.6144556892017506 0.6073981351621457 0.6117023198152954 0.6577981580062181 0.6453627525690554 0.6370360168118556 0.6512758782793875
0.361223353944189 0.3523908263775843 0.3798862128966422 0.3692784027738469 0.3655575696996436 0.3811846485860507 0.38648398950170615 0.42745635884490374 0.3992132636829653 0.4482157323389929 0.45509300389929797 0.47304032018521924 0.49614821674860216 0.547482641636472 0.5568143855472927 0.5792401165067682 0.5621883657077077 0.5878290468174355 0.6479692713446882 0.6474301643515057 0.6812219530471705 0.6799472797266015 0.6582937050281717 0.6879497974200401 0.7012619805893316 0.678707717011658 0.6634900316596346 0.6300591055618696 0.6438095070652693 0.6342981330858201 0.6669351897790057 0.659182661084749 0.6716066554429677 0.6640921397413768 0.6703006922463222 0.6385868924601024 0.6139051972266089 0.619835783825193 0.6053739608904786 0.6247060894813729 0.6637289606892124 0.6463760331121192 0.6643578559988129
0.4128235624893352 0.3925284132698503 0.35440941657302194 0.39480769529481996 0.3664535423496695 0.40274943770711535 0.37351048598060194 0.43043066468104085 0.42202816030912504 0.45422884246289896 0.45251258692253993 0.46121696218515273 0.48047885851549926 0.508201867292068 0.5672188325623121 0.5977874998255529 0.5556453109264365 0.5992077851320013 0.6215233497231464 0.6102472509924349 0.6544548880202447 0.6331610664748979 0.6726193717360908 0.6734223288778538 0.6790281147665554 0.6547800019285319 0.6711299905261371 0.6329341637505133 0.6541374507623914 0.6619505026827452 0.6746599574805432 0.6956184898284823 0.6850560904364916 0.6572445705387977 0.6848865595618152 0.6365250672387123 0.6404213890768589 0.6200208064588231 0.6174526377695795 0.6544353458804965 0.6466699423679445 0.6622736348551386 0.6978633598612394
0.3741377809548434 0.4127220337382216 0.39936173219964816 0.3840575481585442 0.4225422250884682 0.40855420152546346 0.4121620231364937 0.4277434777470902 0.45286689913220485 0.4850426830938073 0.47070218265527763 0.5110376830055271 0.5010712789358591 0.5215063810465305 0.546216667140336 0.5891214188015722 0.5747500491601009 0.5838676317532655 0.6305428033111963 0.5980854118813403 0.5992096275951682 0.6264023976091527 0.6127040108102284 0.6474181989853224 0.6565578069817749 0.6400971457745378 0.6802827122225682 0.6490145383593717 0.6593492046103043 0.6710468380154684 0.6540865867763848 0.6762555277187461 0.6515096631901968 0.6784337113633665 0.6667762531981626 0.6840499017611971 0.6480236322909682 0.617676933852172 0.6228167078701188 0.6418423385793989 0.6614999219688487 0.6563063991640238 0.6718292501114406
0.38391075106063677 0.3908110588880497 0.4317411313718044 0.42394234735520864 0.433158312255748 0.4144850923697505 0.4467033801273823 0.47331352992738157 0.4796416092422497 0.48578913890873454 0.5071320644805624 0.5323792430429652 0.5009097433320595 0.5132888426691633 0.5684704632601011 0.5630966611387903 0.5612271023511564 0.6193113713016946 0.6271474255741528 0.6053881544130113 0.5847522893856051 0.6043175587173302 0.5808242856137318 0.5878107480579985 0.6231868917017521 0.613063606103812 0.6609969707249028 0.6439090551484302 0.6746042222433041 0.6405572325169363 0.6173848502725153 0.6266582762889805 0.651037996360378 0.6525513562919035 0.6849413371975791 0.6832185904109558 0.6521736860008885 0.6137986211258181 0.6137674321543708 0.6114470971165781 0.6369954283396433 0.6937396271072259 0.7109527865475975
