Raster_benchmarking/DGGS/continuous/raster-276.asc
NCOLS 100
NROWS 100
XLLCORNER 1743150.4855743195
YLLCORNER 5469281.002705763
CELLSIZE 10
NODATA_VALUE -9999
[rows 0 to 18 of 100, columns 0 to 42 of 100]
0.11021626089868539 0.09253688539408594 0.1170026643914004 0.1215526887385854 0.10965774469143101 0.12295351903436036 0.07268250034335795 0.09163043338961017 0.06738557125668897 0.06903480061548666 0.06422878231698227 0.028761713133158538 0.04610848397889663 0.07853951716020673 0.0885132244658387 0.07823436500344126 0.0845625312218438 0.12531559058148395 0.14654649054451538 0.14348388411608223 0.12042644393877451 0.12714864363956185 0.11907945939844951 0.11809884712160199 0.1101866701204709 0.1362041582647637 0.156933202227593 0.1263856120128837 0.16074353202027475 0.14940558503872658 0.19523800160045252 0.19279340457136784 0.21312964074221885 0.21354253297139977 0.1771063608226201 0.18616958914222181 0.18032140700316626 0.17217743322084056 0.21194369956452994 0.23497424209776838 0.21235207629418448 0.2265118980212661 0.22764820552113593
0.10539103244689053 0.10592278534808645 0.07005175004963667 0.11320100714086072 0.10356560505396754 0.11951814913085976 0.09595720421754263 0.11651199107633656 0.09970625409069099 0.05895508941837115 0.05357044534264774 0.05415294402854716 0.04708643570070019 0.0722394459764129 0.09659248037678218 0.09948607898611823 0.08020043424312961 0.11665495268391628 0.10749004629021565 0.09629183852100136 0.10480622581326927 0.10598751857350318 0.14105282989877777 0.1313069886123942 0.12542179067612647 0.1658781141730223 0.16359409286589383 0.16329024609488854 0.14052339924664925 0.1458188571786169 0.19519871935413807 0.18003249789445344 0.2067798976599471 0.1953313157204595 0.22480379274323198 0.19512891679642336 0.18610189640578154 0.1902057907261767 0.2201403876004839 0.19372201805061623 0.1969652201249965 0.1967934312912254 0.2052140005828379
0.14831497305473226 0.07316067664783131 0.10240853589455029 0.0718787009774292 0.1081978650050347 0.13242592896995362 0.09975832717859802 0.10799008386111705 0.07716574459863437 0.04483781116130191 0.07463275552553623 0.03728225999781689 0.07113220432868926 0.06328134699922648 0.06863297234119377 0.08489897656156041 0.08699967180792194 0.07379766781373294 0.11176722212253114 0.10896099415323143 0.1106117102856539 0.10981544264100704 0.12761568942855467 0.14766746295886804 0.13589339399993294 0.16836670841069604 0.15845800197830925 0.18304056655434928 0.15838858597431985 0.18668435448677131 0.20091984297747775 0.1782112960636276 0.18451967360151733 0.2225391698477777 0.24215263128920464 0.23007793851825117 0.198018025758108 0.2260574543734376 0.1918884460375882 0.17948580716492996 0.16487869754087014 0.1598249511946539 0.20653972124249015
0.16456597950593455 0.12270836774930291 0.11478320046275299 0.1195021277408374 0.10780055755252652 0.11630528372285502 0.12247900512405077 0.12123738547341066 0.08951287890847069 0.07479678281096755 0.074940807408806 0.06892127393614138 0.06436204214704612 0.07799669782441482 0.06939953423415712 0.05727063093233361 0.07827068836385648 0.10024284155321934 0.0819631295244743 0.07901527988307329 0.0783662476588081 0.10043567630134004 0.10834920409308674 0.13033446149420047 0.13904252210995674 0.1381212000862742 0.1330155271476772 0.16481999944510733 0.16780366300374894 0.1914390253294142 0.17661855838958748 0.1614912283667487 0.18694816827998464 0.19309132148321415 0.21253160763075327 0.21401254152508759 0.18119119042772563 0.16160300795426671 0.15493931763693367 0.1511758956190291 0.17981929967827068 0.1559838662905165 0.19053354227837135
0.16642196253830577 0.16137912567710042 0.13096500593311358 0.10663862206676897 0.10672921635549483 0.11494808434987057 0.11512413409227414 0.13563726141969515 0.11226862051196683 0.12449062718505552 0.0822938300553313 0.056182031610050365 0.06853806395705785 0.09493751842032651 0.10968514588406718 0.0865901182536438 0.09200760685377128 0.11050615832902665 0.10114304739384444 0.0543785024768996 0.07497346027345826 0.058093231855608135 0.10027116298136438 0.1319359056117816 0.10659972691573406 0.10198501770398292 0.10556044007888706 0.1563917607853298 0.1495104668725073 0.18522724708255972 0.18593782840084333 0.17183626281179049 0.16320363964104023 0.16328506842390386 0.20282197786558762 0.20732815785747233 0.16504656588700573 0.14847981475833386 0.15185046116227496 0.12179012388466019 0.16436450081560094 0.17186096327894412 0.18696763194246152
0.17259867336878779 0.1947823712047871 0.17743329578870065 0.13507270983755007 0.13508858457151549 0.14993411878223414 0.13219187960651071 0.1458703497027817 0.14079478344906707 0.1054254470289472 0.09908633389025595 0.09698779372220476 0.08635362978142398 0.11452458012661701 0.11291172666349551 0.09099932323469224 0.12406491285424102 0.10044168748167498 0.08392839216063583 0.09971848072422497 0.08458750190056571 0.07599944378828574 0.11726646665929692 0.12870063364396464 0.10517049687960295 0.07918179148541336 0.11683837928400248 0.14090975417668525 0.13425887309911366 0.13710834157666038 0.14389161022008215 0.13981668079908824 0.14532185516313284 0.17309241614081058 0.16057451990054533 0.15435841560490762 0.13473976694208284 0.13947794369528735 0.13918595611720969 0.14426652434726464 0.12749459583780076 0.14329615832289883 0.1449396159924979
0.16880764173974716 0.18603620801343307 0.18739606378263418 0.18087995893118397 0.1812612883943736 0.16586154351909715 0.16558213186947612 0.15236445435691212 0.17226427958960383 0.13834464922646214 0.12173790147330339 0.12082268227091329 0.10706383972802594 0.12750928810964923 0.11752818299363164 0.12327896511618829 0.11470435679279398 0.09310414161184893 0.09272271688764834 0.10189057706832852 0.10533788912278126 0.08747095382905952 0.07631216973070347 0.10185789793823605 0.06636108895321385 0.05072970107728743 0.09931728618499301 0.09890071736406074 0.12238439090799395 0.1400278008618381 0.145527564221019 0.14699027942275322 0.14304298406243066 0.17924787419951843 0.16639760281132973 0.11865741096281059 0.09335699778851517 0.1017497841443851 0.13845915387268942 0.1335284184907933 0.13577382024893486 0.09678247275791955 0.11228999172011699
0.18302209761895435 0.1706689345377907 0.18181788713355335 0.1709001356112625 0.17176592848599964 0.1771636000853543 0.17576577445542674 0.15169272313482765 0.17274250337106306 0.1696280626161815 0.14809137696618926 0.15906539128619054 0.15330014792157698 0.14179415033294474 0.14748478104738186 0.11696098138793307 0.11135568900333555 0.11193549872757065 0.10669451538079017 0.12441296216599329 0.10517083056001682 0.08628401242611332 0.08550870999390743 0.06015824008417571 0.07055152931080978 0.055779674414949 0.054557282723058605 0.08462646881040699 0.10583105550116143 0.11614629593908647 0.10475050597382103 0.12797510905062612 0.127393450199286 0.15047382974215182 0.12974483218153676 0.10386951827118163 0.09639318996886627 0.08267450803521706 0.10342376945818571 0.11721352423666681 0.11039524805298913 0.10664810652924932 0.12245143225284993
0.19881691285645434 0.1828860262403419 0.19114645697812777 0.18627704613117982 0.20459749651482628 0.2200563681782348 0.206942455435075 0.18848887216313936 0.1837885409769482 0.2118127207182467 0.17525951874487344 0.17259924831005832 0.17850473532437894 0.15391939109999866 0.15322671502957017 0.15260101670848084 0.12157710777286022 0.10846640301682073 0.12434410546765126 0.12734903335174175 0.1059726278680352 0.08775310699081569 0.06901756699516226 0.038185822391698085 0.02635279977821809 0.0344507777039812 0.02646402996091191 0.06517096786491504 0.07461286506025962 0.09017412288568157 0.11558329650402567 0.1072389721631985 0.12165961808290682 0.14625988826078126 0.11240916054276064 0.08639480731206745 0.09194703659037204 0.06921995798669413 0.11181977878449224 0.10698603601563716 0.11686432480846967 0.08720557747083349 0.13595198859568844
0.19094110081228044 0.21527339828131867 0.21033193057757202 0.19997379679212618 0.2312217392808476 0.23245829276960786 0.2463454864816738 0.2399523501094068 0.22390314020819047 0.22152813772649227 0.20965396124714325 0.2110733318591021 0.20475501845943644 0.18766342960257618 0.18098267297775705 0.13658341074952468 0.12193437676752059 0.10050886236770636 0.11467381459908095 0.10162543826253057 0.09763215626187827 0.09053544111631642 0.0779149913206357 0.033624548840661135 0.021960380399494855 0.03396053519405853 0.029495947896686782 0.042298419340960486 0.06577510079221971 0.06055177822704018 0.08170500751086182 0.07888785253739174 0.09423050059815463 0.11324993080945235 0.07263458157104254 0.08348621153641932 0.06565319772696067 0.06450273199883873 0.09689339696645194 0.12572539525558335 0.12262348497693218 0.13420937149137604 0.16190747575160816
0.1986746839915214 0.216139393368 0.23943181868340851 0.23794093213673295 0.2670354089189367 0.30001880070280634 0.25157128410100654 0.27431777726265694 0.24069805242732895 0.25837406294140386 0.2552260114770681 0.24863962468688933 0.20935904293964896 0.18191760968864498 0.19865657512153972 0.17814148949820285 0.1140836693673457 0.08869501815365047 0.07255279995251042 0.08257817802029153 0.10336737863051926 0.09873598181785379 0.06916276457402495 0.03978719747190058 0.049035524216159636 0.02654497692433795 0.02745003932915999 0.06323322990235908 0.059341827171642554 0.01723679157099119 0.055217275559586214 0.04496750430402005 0.07049350398255727 0.0762097824491506 0.07563477648507665 0.06236542880440853 0.06173160650291446 0.07820683836313196 0.11183414574727497 0.1329972989089545 0.1465042678302222 0.12086193556820758 0.16106393730074559
0.1905159125541257 0.19975632929516277 0.2290949061155348 0.23603917453082007 0.27335966315190846 0.296110154239202 0.25940321805476785 0.25603464042377466 0.2526965725368376 0.2470077961390773 0.27113524535548955 0.24483288059296138 0.23583349048678648 0.24302999997098745 0.20617922118743884 0.19097510744076332 0.14749682330822783 0.10986453740263766 0.08918955783183152 0.09201752716820333 0.11633067129719186 0.09891329620704482 0.09710628695397593 0.07120499013921702 0.027355183909666368 0.0515648442391629 0.05216922941946015 0.02071687067883454 0.012452384668411781 0.00849000388644028 0.04484949360336871 0.04817003394747007 0.05015504237236275 0.05139103426802978 0.047647230654026866 0.0774564728192976 0.095552569584221 0.11040969724014142 0.10925081146147804 0.140752796648941 0.12180664405551428 0.12566957742609972 0.15734399806576937
0.19168885395078836 0.21953951211130895 0.24828767063425644 0.28189334332454014 0.2943846533134703 0.28149686717088085 0.2931886989836651 0.27212998913205855 0.24948071585429202 0.26122994136085254 0.2589063164640926 0.27169326788257064 0.26137180395814197 0.2613869387047873 0.2103589491100945 0.20079070751730738 0.18023240487582487 0.12568680921026673 0.10256254034876573 0.1400447517327544 0.13707487547524205 0.1421370536496211 0.10018806903166688 0.07409723009155098 0.061253273223050575 0.048441790663275294 0.0493942194826748 0.0024155209703681547 0.0338448341260068 0.0 0.02620647747097384 0.03671623390965123 0.03392452640636035 0.04054756974693296 0.054937745925430895 0.0830960847744024 0.08850616838358545 0.1258229188484017 0.13484702131927323 0.13879765171574085 0.14708280782570804 0.16753223827374744 0.18019003351297336
0.20922509356215244 0.2514102058745783 0.25578902939304815 0.27690304372442154 0.3170443445870979 0.29637732772584674 0.30064868727411764 0.2910825898125498 0.26529567039931584 0.26753641970728115 0.2777754223855017 0.2783312515407441 0.2872886339382356 0.25813184710687614 0.2352013044517702 0.17949652856185486 0.16496422106197464 0.13310953657024757 0.12019917923270261 0.13790256244285212 0.12401865108742066 0.1370726324491801 0.12285978428888052 0.08819728222288871 0.07635701157274796 0.06621775005809986 0.04051275723758564 0.02202744087083049 0.03176724475608744 0.01466763246142637 0.0552098689010516 0.08263378733583494 0.0686829106046118 0.08762386374514392 0.08844555998513934 0.07639764187443498 0.07722569831455607 0.12627881825053328 0.11472358685103386 0.16627043405839748 0.18112303198601615 0.20618222760407337 0.23488023080040005
0.23441662257635637 0.2533294608566016 0.28547902724663926 0.3159575903739475 0.3156730487380742 0.3254706811998407 0.26472203568976244 0.2531606001059974 0.2711147493321763 0.24260846962056137 0.25800227565109624 0.29354422159468024 0.2787922199074944 0.27552123016744484 0.24420749220362112 0.20357580173744863 0.19585355545393288 0.16021418146227187 0.12990982232370937 0.13365888406576376 0.1340472308986607 0.16360222675904212 0.12240000437870441 0.07122434731337769 0.04815600305602628 0.028556073253391205 0.02647548037929334 0.043911171762179124 0.03225882138945083 0.03794735310402777 0.09481155173969077 0.10196758977271622 0.06802820885861925 0.08055227938384511 0.10685043138038469 0.06888422934185807 0.08467440431080397 0.10135076662604635 0.11168627606882571 0.1664989536737063 0.17439086964198167 0.23917365857439843 0.24284544394789992
0.2876912116606899 0.3110003332527372 0.31922929514479903 0.30527974533386343 0.30082873089306583 0.3121117730190046 0.2572974581484476 0.281374965042062 0.27373910087445374 0.2843752593587004 0.2839754130485745 0.2690841523402135 0.28628348506102697 0.27032444316249654 0.22966615454927908 0.21237893923454107 0.2069829970154466 0.18270627833484326 0.15106268018949812 0.13868861005463975 0.1455139537751978 0.1554059055931442 0.12897971335840863 0.12943266482688026 0.09577076960256498 0.08859874619107438 0.0660269806100811 0.08015872350507527 0.07401868333228931 0.07463335413177485 0.10164896445869245 0.08675240582640956 0.10144081320255759 0.08692967034498743 0.11438222987131011 0.12953384808916996 0.10461024483020877 0.11371129019299141 0.14780770685050348 0.16083273587173014 0.18843043306428012 0.22225400245784754 0.26959804669424553
0.3214988989980341 0.32548861859261324 0.33912585526357275 0.3349604759250046 0.3173057688457617 0.2763558351071691 0.25328058526102915 0.2631927665680338 0.28724966196114643 0.24833060927457218 0.28147514172529436 0.26929961797225876 0.2507677023415464 0.27144882852619917 0.23927715152819143 0.2034669792021664 0.22033674845880008 0.18460545917731577 0.1766275313632292 0.20062972291346703 0.18705465633169202 0.1713330416079119 0.1459472954355523 0.1627966642672879 0.10805697267723689 0.12912732995704765 0.07442620342791029 0.07555773137412355 0.10202267492907731 0.13905196133092412 0.12594549561127122 0.1313422756557891 0.13572527678474378 0.08879975438118619 0.12446425851573979 0.15083412284632383 0.1751110617935071 0.1864511656445658 0.1699417354854261 0.15642893456005114 0.1897840254859174 0.246556230395058 0.25885460434265173
0.32665072274340146 0.33169857450562085 0.3496840700204829 0.30683486376132496 0.2981755588625897 0.2945801493093031 0.2824358771761687 0.26551578261697434 0.2960747504950817 0.2929442280761937 0.2535128717681415 0.25061908791223503 0.25791740935078245 0.254419545501547 0.236039698276363 0.220202178514152 0.21386227558355167 0.22114455754013707 0.20901421320799082 0.21325160626209255 0.20369833242695973 0.19117615868200408 0.2016386768256132 0.1520824626201151 0.13205854803887965 0.13091079954453788 0.10712644884902395 0.07843350016170803 0.11503845460087914 0.11664663458454495 0.13149991088393856 0.14272810093435304 0.13420503610276768 0.09580115208958134 0.126539727866958 0.15730500796204014 0.17070080470625812 0.19444428487487836 0.1991175593907652 0.1866813590779284 0.20322484048530864 0.2110531164264975 0.2372289119204248
0.29469971685475865 0.34768726718191895 0.31886902891646574 0.31592440687252643 0.28577577396227394 0.28554031167422195 0.30678568085781927 0.29385508882173983 0.2896770691202192 0.31376504975527586 0.2601364502968945 0.2539486475109575 0.2469781153672395 0.23170716790247503 0.21527051744675146 0.23028148294298434 0.2292783674975614 0.22347726002682983 0.2235317527306377 0.24063406401420442 0.23164891791497816 0.22705759701030997 0.21885397187409653 0.16092708451629692 0.1356825957902324 0.11380191779367242 0.11840588970254903 0.09450965947042927 0.11180771088847805 0.1672620516038167 0.15040533225280428 0.15562539116887325 0.12492991489348151 0.11967918667695225 0.13030708638349073 0.20628676796921452 0.21063196356118188 0.20021368120000288 0.21007643674536555 0.19915954499195046 0.2021525336300237 0.2239385740118025 0.21300675655621504
