Raster_benchmarking/DGGS/continuous/raster-200.asc
NCOLS 100
NROWS 100
XLLCORNER 1743154.2276695708
YLLCORNER 5469287.190629297
CELLSIZE 10
NODATA_VALUE -9999
[rows 38 to 56 of 100, columns 43 to 85 of 100]
0.4716605114857509 0.4752913430844472 0.5400139850049905 0.542984359074742 0.5482201799317559 0.5904937155655586 0.5904775272239445 0.5582863552264336 0.587595612146495 0.582242416275395 0.6126261588628381 0.6127684737548624 0.6084991577055018 0.6139064430855401 0.5894244923569375 0.5627849214690478 0.5975975981700394 0.6134251644955667 0.6282919185643562 0.5907726472157764 0.5845661225158859 0.6038825372128037 0.6118711313603932 0.6123168479934661 0.6025745489653228 0.5741832366476773 0.5892036143173645 0.589878354256408 0.5892694153117608 0.5933495701454441 0.5945630109536114 0.6324451432890708 0.6288447462834 0.6504453108829256 0.6181222805456038 0.6364122288862086 0.5823148466303059 0.572964573114817 0.6164331812157586 0.6258149994126138 0.6895452115401947 0.7442413318689499 0.7694974898905155
0.5104305740425585 0.5247437527357479 0.5388606592129909 0.5333562829128811 0.5541339736003063 0.5596862944722354 0.581173122726401 0.5968946964805255 0.597081703861793 0.601205853377751 0.5849589903598441 0.6093498798096231 0.6104822772069759 0.6065458710772297 0.5927234511009397 0.5977875607153299 0.5986818142746853 0.6337291070688602 0.6220540734423654 0.6055429588551294 0.6213219092190091 0.6054650725052678 0.6084611950009421 0.6103356385014007 0.6113486515427226 0.6346925873841045 0.6231438751363976 0.5975339104833276 0.6340583878671627 0.6277358361625044 0.604532678051922 0.6057079056170008 0.6405367031546819 0.6744678244015337 0.6658980723464668 0.6706309671581278 0.6273967624328078 0.6251228219371089 0.6546526839258955 0.6497296259580843 0.6910776653537477 0.707500234387633 0.7533302906273938
0.5031090906458963 0.528298585148768 0.5145031658768546 0.5251269305649197 0.5373251729571489 0.5593613186172639 0.5632502434822254 0.5711884734658432 0.6078230656560573 0.5848553238303088 0.5916286831935664 0.5696158898673885 0.5922695364150224 0.5681874994118283 0.5695764082780883 0.6177499783005006 0.6000908956760599 0.6401424334300241 0.6387098734979672 0.5930025045730857 0.6157823825801105 0.640024310044903 0.6654383648288609 0.6551615183721001 0.6713461101958034 0.6693910671506025 0.6445456882690076 0.6358896448379867 0.674170096158691 0.6394144336997903 0.6546230143620342 0.6351255474003744 0.6608929679724109 0.6478503730751581 0.6771181312208383 0.6625882957457803 0.6794935132046024 0.6784077901622682 0.6973570190319754 0.6756850269575007 0.7060216143850547 0.7155836287195052 0.723335968240605
0.5346203496263572 0.5523259613579752 0.5280522498753827 0.5058498474087721 0.5342144469910333 0.5299811586715562 0.5536783851215094 0.5606381919267508 0.5854547014872071 0.5905581468209735 0.5635788820976954 0.5946103190951442 0.5872696399647197 0.5672606054530548 0.5860172657325858 0.6195951297979608 0.615786538410473 0.6145830512316608 0.6169512835627438 0.5883945961851591 0.6190301076596126 0.6431922548362055 0.678916529472751 0.707290380676566 0.6964953197236614 0.6998768391760084 0.7078518858087589 0.6807807941598739 0.7031457281032681 0.690095855934816 0.6765446354559475 0.6278306056575195 0.642437435467373 0.6268750351728551 0.6546220189990752 0.6628893133885977 0.6927191990872604 0.6824337522735664 0.7079800841087165 0.6970820795770456 0.6927136463919341 0.7222513788544076 0.7449529432334215
0.5117501666319194 0.5432568064292151 0.5267948390537035 0.5081149429201705 0.5387615386656224 0.5114404177724279 0.5537844488742083 0.5808113925142205 0.5622380923719696 0.5723206371433234 0.5721762256589187 0.5679650863079159 0.5715503626000948 0.572225767250259 0.5775834727685765 0.5802904841338372 0.5901300910263166 0.6298907361931033 0.6358690956682322 0.6002663798865878 0.6372767228536083 0.6432661789549535 0.7014423329986387 0.7325661984882365 0.7405974592203978 0.7408556657251125 0.7380600101092621 0.7348825960015275 0.7517544248930594 0.7308423479531263 0.7098230516547073 0.6316244522821522 0.6324279385316123 0.6169594517377487 0.6594978670187343 0.6328180430807948 0.6808833038375592 0.7069670541254713 0.7086781141291922 0.7061106787068807 0.7231899724659342 0.730379380426728 0.7713120241388123
0.5085604377193701 0.5191071920779711 0.5252137218833798 0.5070982859479665 0.5440679927769159 0.5480923886364785 0.5684313225614867 0.5539582345496764 0.5476734224598373 0.5310739629472843 0.5594702725835335 0.5777864379881287 0.5456511862295557 0.5601101822560645 0.5600390339298255 0.5857107506761136 0.5904530853073632 0.6209125051936881 0.6221283856325106 0.6594026306074161 0.6553255463135821 0.6945338303177446 0.7152980007863815 0.7263244845820189 0.7520453578906628 0.7212635546863432 0.7370498632335041 0.7351196042491901 0.7573208204737248 0.7317369423438971 0.7202316888794619 0.6721515855590652 0.6425291722694542 0.6362150843541694 0.6451788166380441 0.6578670384203515 0.6713470186607428 0.6895166206970688 0.7152323741737434 0.7210236986572064 0.7445229382891403 0.7662462007569788 0.7740514629919226
0.48110330816977803 0.4955720626762158 0.5322578920332759 0.5129882772178247 0.53974641914706 0.5771269811627876 0.58335013231147 0.533586667552421 0.5507626272794776 0.5212984694748589 0.5343158377320515 0.5678190080352468 0.5838393021974562 0.5663485492586038 0.5724494863220645 0.5559167118638235 0.5929395121737898 0.5766527561805889 0.6291965957813693 0.6747973130587435 0.6685652063558017 0.7362278767162235 0.7304426249745322 0.7357749050256982 0.7223945041658729 0.7229763947281778 0.7446959815917467 0.7645509982036807 0.7685671096559757 0.7362682624940408 0.7137633761778158 0.6934176665889181 0.7029880402170796 0.6772836700418194 0.6613322022786835 0.6512511809143914 0.6813721525160074 0.6993716192972484 0.7056559236516831 0.7473443140425778 0.7565813881173566 0.7598571201264235 0.7766727870761146
0.47307487241591034 0.5039415388114747 0.5085977560939163 0.5065292101079338 0.5386588548067914 0.5782795179110523 0.5663951277591803 0.5335321293814086 0.5278263131247695 0.525942611297927 0.5338008472567833 0.5487281620998449 0.5758039221305046 0.5847968401140878 0.5567724484781659 0.556533548710526 0.5659676670749993 0.601093428705967 0.6382134544243058 0.664109972625099 0.6991868113887735 0.7584180933753243 0.7681242215200046 0.7521891953192005 0.7601981191181998 0.7780476394177606 0.7696070242443361 0.7718786840799878 0.7700243049262347 0.7496386272983859 0.7369105024049164 0.6935154550257271 0.7061979298246885 0.6959002721839782 0.6656039363468379 0.6733601618344587 0.7124397409098635 0.7432049804593747 0.7393359393507858 0.7675160570278728 0.7762472972722432 0.824495281816832 0.8191110157841484
0.47991343673072734 0.5105988617806796 0.5189549437376225 0.4991373166337986 0.5250386020405121 0.5944521738112424 0.5732247745074653 0.5451687514060513 0.5625224411030282 0.5483947270303097 0.5359851600572592 0.5353315662570536 0.5726716213893517 0.564344098878443 0.5583169407225731 0.5738215007106702 0.5747222921120003 0.5882307494838066 0.6243495489707396 0.6912203775277255 0.7269772594234578 0.7638125949044956 0.7532343748101166 0.7622141588769741 0.7716439362223506 0.7904888817776137 0.7927679707452717 0.7427977666058108 0.7409141963186233 0.7720038797683766 0.7282597983962014 0.7258164212735229 0.6993478437272239 0.6633121252703253 0.655071915395984 0.6902800823899343 0.7288614811674082 0.7415354802624823 0.784519523186698 0.8214982549933215 0.8039400727515295 0.8619197736297042 0.8600505979607946
0.48057226472762166 0.508914372756092 0.5014985265954872 0.5027071021547422 0.532532983417891 0.5513347554351273 0.5529959760400327 0.5361874764589811 0.5385226854249984 0.5639370188870908 0.5286987259532359 0.5642470633826504 0.5713744663540292 0.5867729803567364 0.5810338468536684 0.5878062300998382 0.5832069152707787 0.5989821481463813 0.6374487734772635 0.6865944514923624 0.7002166556244374 0.7180721455157474 0.7517199685076507 0.7728570978166038 0.7688880357915935 0.773741549825418 0.7821645824277363 0.7579078973455157 0.769100480160178 0.7703940604195482 0.7308965690591259 0.7051393385654088 0.7024729364881851 0.6953946484916242 0.6943479377535093 0.7294166067619944 0.738199119888572 0.7759686020217048 0.7640374953178286 0.8005526624176972 0.8273254339351338 0.8416029370787478 0.8379592267388223
0.46707083168745095 0.4706327356470051 0.49831027592388727 0.5348954863952056 0.5508657105822599 0.5333539007547649 0.5345278182361988 0.581343578938686 0.5769881992053327 0.5711356683661678 0.5446841014484866 0.5417662512547928 0.5458115203903912 0.5842601632595498 0.5738712843806355 0.5960289636918272 0.5834182938139891 0.6234889270126914 0.6372349613928917 0.6420515819952513 0.6804543658105102 0.6981697741626091 0.7202667284244213 0.7710334837142648 0.7512999605704626 0.7564457007702526 0.7563551111561152 0.749874935032919 0.7485150005991994 0.7670021340050187 0.7243375503242608 0.7155474539640493 0.7356382802863914 0.7117610839547145 0.7088092175515033 0.7505777938016606 0.7796341286862627 0.7728141270996687 0.7952395970951835 0.809060166422714 0.8401788418366876 0.8223830428022072 0.8306652355233249
0.4436400267262666 0.4849376237243692 0.5002812055001654 0.5329015062309889 0.5141628148235933 0.5293011374950601 0.5283047732854679 0.556763161235175 0.561569668136308 0.5783491421701759 0.5658860171861456 0.5388078526244375 0.5492356249376812 0.5607602970202246 0.6002734338364926 0.6041653683662104 0.5807050602760383 0.6151353222607499 0.6129155530188006 0.6536317761428099 0.6670906313109997 0.7110999441642302 0.7165587968830318 0.7419830980680205 0.7603171863292992 0.7561611672372565 0.7582130398649504 0.7513332333622834 0.7440162421234547 0.7427036749825312 0.7680594829009298 0.7425873229339497 0.757903685075996 0.7324415051776916 0.748597316798576 0.7851372653022988 0.7865029069402921 0.8292873174554338 0.8145810480003838 0.8368744089867012 0.8353653802521913 0.8658224035235174 0.8454802784301458
0.43838128479523203 0.4364382808480072 0.4988374738324429 0.5214374482053343 0.5102646817007503 0.49679822875740987 0.5384918615048955 0.5742338884420629 0.5569758249647652 0.5595830902360129 0.5330404864626838 0.5227838608330996 0.5262662104272262 0.5461095707612243 0.5950931859465604 0.6004531596952667 0.6191107579114546 0.5936142369001393 0.5968990505501434 0.6470668818133397 0.6539352683281575 0.6893593166273357 0.7336193772970547 0.764297508913767 0.7403768827637535 0.7185318650399718 0.7429204028975754 0.7517894100103212 0.7238648000505676 0.7494458469538487 0.7387209541351608 0.750947825256952 0.7445628503988484 0.7629183169302322 0.7766041107067218 0.8297612751077639 0.849063319467812 0.8503165789699335 0.8727891527277816 0.862200935194099 0.8790953833020263 0.9015660962597054 0.8826085867286266
0.457766931718841 0.46011578889929156 0.45888458367013896 0.4871414582269012 0.5113076425211682 0.4992149038901483 0.5025252150296804 0.5501191132989925 0.5639220946942566 0.5630496551304875 0.5249122817821561 0.5505515579582628 0.5408684076372653 0.5339815521812935 0.5482741247622712 0.5896902385659111 0.6208302410477404 0.618913327211694 0.6269435318003636 0.637095245768685 0.6693864009416058 0.7041608042475348 0.733144584649293 0.7302392503073182 0.7302319631532652 0.7224077401270133 0.7462440136208058 0.7540679684333962 0.7349886039465198 0.7700185888044416 0.7602034455662943 0.7496467692548529 0.7607935985370097 0.7827138392795173 0.8071445594557359 0.8233541314909237 0.8483478018121356 0.8590793974967368 0.8909035968532116 0.8908439971970784 0.8673530916735717 0.8976283419475873 0.8946326308231148
0.4554709705692445 0.48091165876614556 0.46656712695499136 0.48573111024887283 0.48227397442545605 0.46812135996890797 0.507855222452431 0.5252993918002354 0.5404814824127951 0.5743048265283692 0.5431497674195324 0.5363481251430686 0.5332256191196684 0.5639911199281084 0.5699639247767886 0.5694020449357614 0.6229114153898668 0.6319757941263865 0.6416772518413327 0.684823618461361 0.6738844777443772 0.6814546526516664 0.7300509553926078 0.7482306232732998 0.7270986319153876 0.7051784522276865 0.7238899093135227 0.753286665023439 0.7556891241663496 0.7677381511834527 0.7490784702986476 0.7704742440110479 0.8176255679323832 0.8408869908442088 0.815246275538676 0.8416859463247203 0.841343544842881 0.8732214575694474 0.8714890994155546 0.8956308013131788 0.8998067164394378 0.9016838206446979 0.8846238122616991
0.46762611624681805 0.47110531576367637 0.45742558006384787 0.449937028571466 0.4733662000041264 0.43669565082863226 0.47047539331704297 0.5282812925341327 0.5549974507280174 0.5830628114380947 0.5563883248802134 0.5446372479855647 0.5699392635531777 0.5718886141313759 0.5652400682225266 0.5956487350553318 0.6076568331495255 0.6321560960896185 0.6907105839716562 0.7179412553413798 0.6970562026138397 0.7371450862552575 0.7410323271184878 0.7417350788546836 0.734820291259858 0.7154612563915314 0.7411528885076495 0.7496933468945363 0.7444935411221026 0.7713645079500699 0.763052839114792 0.7963729223275461 0.8093387792737181 0.820669799673468 0.8392571718398887 0.8676483800067131 0.8733142387396978 0.8508814992260605 0.8868048926871063 0.8645022250791666 0.8675083500995149 0.8599862352053457 0.8360764840426586
0.4717122672766645 0.4515535031683907 0.44603994952950937 0.45038503151870796 0.4550709812655762 0.4116030757154709 0.46473249904915487 0.4868982150114251 0.5599468925363873 0.5672032115235978 0.5624027023893936 0.5825516886982054 0.5620561900450609 0.5572370521392578 0.588111184431705 0.6337181543810416 0.6329932219241156 0.6552221690863222 0.688141825933221 0.7119132883155039 0.7118359250401202 0.7385881342022212 0.747719500974935 0.7163720025074797 0.696227211228271 0.6977088077789727 0.7195075326572863 0.7624504033401764 0.7726998411748515 0.746084847647694 0.7848817977944176 0.7598490453077773 0.805823530586336 0.8405875483384937 0.8303516781568226 0.8467433586144723 0.8713053861719312 0.858033492322915 0.8701190856007512 0.8409668347801909 0.8622646687177562 0.8299077688640198 0.8328841610161053
0.45865149550187573 0.4602296586473047 0.4682746856889028 0.441787188288429 0.45721846649658854 0.4298424569770972 0.4460210714879691 0.47115246320351784 0.5436460643630563 0.5443797050486967 0.56284160275086 0.5444248276285047 0.5668910471158556 0.5609922678438959 0.5829141496029633 0.6003080879134828 0.6427577680957555 0.656526941427641 0.6767037445170064 0.7078303233228492 0.7344611805612221 0.7378203845221482 0.7469944317483814 0.71222334166097 0.7130439327777798 0.7305496216454809 0.7409012574475106 0.7450233589182774 0.775899778591955 0.7888846274544773 0.7929032613621665 0.8205420041137667 0.8219707674532111 0.8652163940684331 0.8592869395289151 0.8464073328860332 0.8396791780657006 0.8635456066357894 0.84586993649384 0.807056726777037 0.8195673635134869 0.8486570459483028 0.8438561833448344
0.4873287802765029 0.5116633564460638 0.46969773301465456 0.4794125864803314 0.47437639506653617 0.4646581685641186 0.4509652271134694 0.4957968139355857 0.5201454719073456 0.5481589098659153 0.5241041005788203 0.5407354389104391 0.572435184849692 0.5635850616298055 0.5570527583676194 0.6155819691137331 0.6218013923292408 0.6347750486863784 0.6792018737335056 0.6814297109537207 0.7146464217456785 0.7310029672267241 0.7479950161870218 0.7385872740180346 0.7613557574452863 0.7457937306754439 0.7583035145202592 0.757304676825211 0.778465715991968 0.831990385550337 0.8477492744406123 0.8190383605547602 0.8235231709813604 0.8585616968795322 0.8443573589813387 0.8131922162608041 0.8306507625165541 0.8589002234436639 0.8133602358652298 0.8126726226903743 0.8418735521197309 0.8729554373679435 0.8447674829620537
