Raster_benchmarking/DGGS/continuous/raster-390.asc
NCOLS 100
NROWS 100
XLLCORNER 1743156.120679458
YLLCORNER 5469297.458053543
CELLSIZE 10
NODATA_VALUE -9999
[rows 57 to 75 of 100, columns 0 to 42 of 100]
0.8852485725661885 0.8523841949690096 0.8621813233638437 0.8791176821234165 0.8827882906053892 0.8480434407305328 0.7785249406256115 0.7609605112205732 0.8052192269775708 0.7652367709516725 0.7180727633034134 0.6920765141090814 0.6995889430204264 0.6963240864276485 0.7242614045424487 0.719046803547881 0.7809519547346591 0.7534441187588818 0.702071540589229 0.5989485785651305 0.5940791471186312 0.6266565959076116 0.5988440948608585 0.589570979982606 0.5682465715992301 0.5929699852414255 0.6197665744303344 0.6638759076799304 0.6824945644426801 0.6655240083543178 0.6850829403362413 0.6436513083531751 0.6299257746479024 0.6776717525340666 0.7483469878879762 0.7253430910863221 0.7563231289001916 0.8240960316521457 0.8512745756184767 0.9010909589951998 0.8862670367499367 0.8937358986072488 0.8997119033590326
0.8620849843507298 0.8504745817705089 0.8885101560281307 0.8518196445116436 0.8417157461567445 0.8376798046864475 0.8057633503764436 0.7932853991250569 0.7741091454367737 0.7691081398921605 0.7084262004463548 0.6991953822090429 0.7364921827950912 0.7276955130044903 0.7157825767565755 0.7511282626329637 0.7585732320233238 0.7299700636003841 0.6584431352760328 0.6495472986405396 0.6240923234307983 0.6026010316966689 0.6426002630660884 0.6292665339425271 0.5925218857573993 0.5789751499331609 0.6450426318862815 0.6415093231190299 0.6380764128674385 0.6819766362028005 0.7081636262946637 0.6937645466698592 0.6666179165443079 0.7135358976909455 0.7212827683657477 0.6878812577559049 0.7249283207297288 0.7837760955424837 0.8395295003710325 0.8594353642552938 0.851951761809988 0.8406774190363112 0.8770106238607467
0.8187681226302731 0.8725173708058982 0.8328988152684342 0.8263546887913451 0.8461123112519825 0.8539784451194831 0.8282209163215529 0.8509426789937008 0.8028492820334807 0.7814754439616011 0.7585114940306354 0.7089548930110962 0.742408789009428 0.7696073499098793 0.7951146738501738 0.7982175442804482 0.7494335136883217 0.7775790854998105 0.6864239837921485 0.6091200375717729 0.6069660897048899 0.6098481747156919 0.6654566954172565 0.6420387245056808 0.6173992020360695 0.6216291141093137 0.6010927572583471 0.6000805113716148 0.6147385527538528 0.6927956132041515 0.683701266691438 0.7147331340705285 0.6819936823485162 0.6655250532421024 0.6974962657009549 0.6927320456421705 0.7244614870247027 0.7537416237987358 0.8013850918383102 0.8395804017978219 0.8294800378083083 0.7840678264979436 0.841959772395103
0.8005011523173411 0.8535302598550193 0.8180481103412638 0.7926820494508452 0.7853220045096964 0.8465446698070818 0.8026610308986877 0.7740150719240387 0.8124560793479159 0.7741019843728575 0.7463152946100841 0.7094086338833462 0.7104562203388121 0.7243136133051009 0.7946194646525494 0.7746986864498514 0.7920043911028812 0.8049370245366166 0.7390917857091265 0.7169726480202507 0.6644903999510908 0.6875906930421489 0.6517137268403086 0.6295987986027053 0.5763456605212587 0.5902187902377277 0.6032697324002225 0.6148475415973148 0.6067368450291346 0.6129531848554597 0.6482627573764196 0.6973245879651672 0.6968591412368067 0.6784277566172212 0.6619444867582375 0.6804256408370084 0.7211710068831266 0.7426702141849966 0.7321411007914793 0.7887304795264648 0.7677741787628989 0.7961978683519239 0.7726870507394609
0.7563466642375949 0.8065228131115282 0.8160435481279438 0.7526999089454857 0.8267429498867205 0.8478131300867756 0.8090691983036461 0.759611519631148 0.7555324254994015 0.7730055472828038 0.7802246941836535 0.7201001135893689 0.7347825042096087 0.7418189109764884 0.8013051053563625 0.7772823372101313 0.7627431991391225 0.7767251932491157 0.7138808851336191 0.7231709891110465 0.6669879379285307 0.6950945959241105 0.6195735221467581 0.5954370564951352 0.5848876630901009 0.5671967062563508 0.6032976173753944 0.5455495267410236 0.5491879279970366 0.5789886272362335 0.6388045539297057 0.6931167479974515 0.6716171770180113 0.7328742500607465 0.7341817730978344 0.6814094333351297 0.676870450825696 0.6963914654242613 0.7461617205130553 0.7372359992310735 0.7462290369346376 0.7522730338816158 0.749510293142993
0.7478662432437755 0.7568378035256411 0.7554454026552738 0.7672624952286508 0.7834716194443339 0.774012963430987 0.7832398697294514 0.7362627495261809 0.7492459246604789 0.7761714853006413 0.765617565912648 0.776889652809707 0.7655503463127452 0.7811216390247937 0.8323783165664611 0.7951269445546469 0.8069720354039942 0.7563908249468451 0.7437116513170493 0.6939649130755764 0.6635967671451556 0.6164826814967501 0.6251927663583302 0.5862041031800908 0.5876942877014796 0.58611812574211 0.5681125682508466 0.5483828739382945 0.557561153691735 0.5419847873589287 0.5866679797214296 0.6205149217800152 0.6861941453487368 0.7051534980756996 0.7214188924695454 0.721548345636922 0.7019587029869048 0.6870074877784691 0.7101301426249745 0.7414401415193714 0.7599772914647274 0.7294080226921853 0.7805035579376054
0.7349232943373474 0.7813794839126827 0.7505654589677022 0.7125373505206783 0.7596425900091628 0.8078456328338096 0.7723024110881329 0.7914393992148127 0.7634943294321226 0.7736236005933311 0.7764081658703523 0.8123901114366409 0.7999318961658343 0.8474020322192395 0.8662966536218943 0.8327065656199468 0.8385857595980121 0.8055864574756643 0.757548478775696 0.7190401262534384 0.6686939466166122 0.6194534757130974 0.61342452278938 0.5850035569606606 0.5841757811952298 0.5304100573152534 0.5331223705230665 0.5280845745254116 0.5185375431500203 0.533919648386454 0.5772731776250243 0.6179672020627099 0.6110840530846586 0.6278222907718157 0.6917623016537046 0.7614598699535271 0.6949521018704385 0.6834379012688554 0.6842729404940349 0.7257630847571731 0.7451204676732283 0.7193884134196706 0.731560687140373
0.7226921998970756 0.7828537482339667 0.7537957862048541 0.7105993394658991 0.7219896563276228 0.7750651164414285 0.783613717273155 0.8039993228691776 0.7686272126817417 0.766992679491199 0.8158990765598457 0.7842901469254553 0.8144438904101026 0.797898234136696 0.8165942247259629 0.8414600715184376 0.8030668238920116 0.7422618365386378 0.7535836455184648 0.7193888455286369 0.6234524660251379 0.6302266283294328 0.6092265407218445 0.5872550964926629 0.5920420432722632 0.5786499400126224 0.5694566305152751 0.5207736866709225 0.5412651691398758 0.5875864252069883 0.5930937238049399 0.58294772463165 0.5951572719182568 0.6338246466401907 0.6505450305985372 0.6836266223078847 0.7358160426085572 0.7365937947093204 0.7156005070479631 0.7514301907155883 0.741939810630964 0.7265269124280891 0.7535903156572498
0.7086697643335966 0.7647011275528692 0.758777641677217 0.6864598323541196 0.704535956323091 0.7016268056998742 0.7266372501839321 0.7434679568324071 0.7894784995278118 0.7831627138095 0.7729831394640253 0.8295942940839739 0.8287627915672117 0.8015597593144181 0.8078176145436795 0.7982774818645727 0.7870830287562276 0.717602413170154 0.7055313462542984 0.6415911652398104 0.6229933955873865 0.6123881737337747 0.5894900950098613 0.5873708698560859 0.5976482904071116 0.5860910146843727 0.5601857185901824 0.5563786171353042 0.603975033206594 0.5982355259560946 0.6194543136295876 0.6249583075491756 0.6061604883123295 0.6264121883902545 0.626823836690645 0.7167078696038066 0.7432065041077232 0.7094054045840792 0.7462324170499002 0.7500535913147826 0.7223077024395681 0.7180174443392494 0.6932427162588162
0.7364462605050537 0.744102546851396 0.7301994948709802 0.7704910203082981 0.7588954836597726 0.7166857137667311 0.7282248617101922 0.7175431517715241 0.7778461390929459 0.8011144725657413 0.7837023606404737 0.7850357992034126 0.7974571676028908 0.7544871637492695 0.7841392046321317 0.7892637452157075 0.7367117327952313 0.6738176299614956 0.6672824187663329 0.6175627715915412 0.6380784192783991 0.5930339210917526 0.5860728181256385 0.5579153322140302 0.5610375768244485 0.5667074583019203 0.5569099315829279 0.5681310283862403 0.5931851876128501 0.5922828725491559 0.6278963418376932 0.6151870031710327 0.6017314827436251 0.6214514053708861 0.6131780314156916 0.6734443613137902 0.6970431805701726 0.7376809870577563 0.7275743723069077 0.730082845522986 0.7110760420017147 0.6907337332844853 0.6657153274677485
0.7595022417821604 0.723601394185945 0.7411416085891779 0.7890526443229097 0.7970379744578273 0.7598095074306719 0.7080677940036948 0.6888393326001393 0.740656012724441 0.759344199250876 0.762939885110202 0.8086522308057383 0.8090954868156932 0.7393016803881433 0.7548763939473749 0.7650527804022792 0.6882870136403397 0.647801848351333 0.6053708438375349 0.6030907414450759 0.6521227158570577 0.6396032637654141 0.5921709411363888 0.48972631613664713 0.5788203783902056 0.5897316104354081 0.5441601752027805 0.5441710477551133 0.5430161247660414 0.6103962684197518 0.6160706437476065 0.6644644247535828 0.6240047544482555 0.5757976646901402 0.5963382849846236 0.6250335611817623 0.638542878022019 0.6803684882908725 0.695101660314672 0.6487905325883421 0.6325753633185117 0.6962712170698583 0.6655161384904467
0.7205239968710645 0.7078996994996479 0.7496635298876257 0.7700013935047753 0.7422849953908073 0.7392863458369869 0.735990706234655 0.7035500422428459 0.7418182877994522 0.7931810296469605 0.802891597628295 0.7820483370118683 0.7819341943859345 0.731003585295702 0.7329749604727311 0.7298495629936234 0.735735264192288 0.6628460362191965 0.6125927272329362 0.6168612492822004 0.6142720097875428 0.6133699996627285 0.6027905585289071 0.5529319609417656 0.5618560521807242 0.5788565985227446 0.5299700540386721 0.5291235169062158 0.527870842190384 0.5894607180835681 0.6024569615459964 0.635525326247288 0.5914839321323349 0.6047639210014338 0.603890666748894 0.609046811071886 0.5779911543802108 0.6544510225817178 0.6605922298092691 0.6179288365879384 0.6098881289447783 0.6588125442480871 0.6338144360424044
0.7323046355067098 0.7571743310035561 0.7377020130924906 0.7337983696831181 0.7172173479545872 0.706333252327539 0.7058918012276613 0.6938504328055884 0.748321876044448 0.7640075340037891 0.7833646309226523 0.7818825392464084 0.7803785158265171 0.7154943228569304 0.6820362265455684 0.6968198574601105 0.6902400153250385 0.7044510678074996 0.6841238399654714 0.6298342082891932 0.6254501029817442 0.6501052768078541 0.5883217303028659 0.6025027591077821 0.5509089572853514 0.5641658928371754 0.5626825038051597 0.5209356742042965 0.4956942858564233 0.533211979370177 0.5915664623219543 0.6329645094640014 0.581770669269375 0.5962175113797371 0.5937749156522499 0.5303682332416094 0.556499890657564 0.612510829288928 0.6072772990184093 0.6146244790054133 0.5792208784010008 0.5802385748342832 0.6098102236690408
0.7037197914326955 0.7304497926853946 0.7046957479238087 0.7310534723190479 0.7146837926072349 0.763017217843321 0.7465458810256677 0.7093256712864262 0.7786936019065789 0.7981865721452059 0.8050852267052777 0.7961294304642927 0.7208445200523392 0.703505181963739 0.7081131713647536 0.7210462262153077 0.7252661428468377 0.7407761541023719 0.6946560143841157 0.6604364091740909 0.6356694991238759 0.6510006556323009 0.627073148269195 0.5759876584636996 0.598025266928348 0.5770894130878478 0.5356272171782297 0.46544208340759463 0.48405764125714984 0.4775975181752188 0.5189034717641188 0.5828875711161429 0.5704973109521269 0.5306292447789596 0.5181371300622566 0.5394770311315539 0.557594643643464 0.5914798001576158 0.6487608362393432 0.6605405165605168 0.6027136597667038 0.6098817841108846 0.5902850950693921
0.6716562266482755 0.6604815343957566 0.6802629643749486 0.7929610593254285 0.7676446238850851 0.758837534177284 0.7574201403948675 0.7474522026162425 0.8100429618895023 0.7982973531708393 0.8046105994129336 0.7572153741310717 0.7546490585624666 0.7621963717844636 0.7382634012598469 0.7407913651609733 0.7617089952812445 0.7734218056590098 0.7203512386717513 0.7380691551588234 0.6288676547465456 0.6299124347909423 0.6391186679708586 0.592045984891467 0.5900036810213343 0.5655474448249412 0.5426882271232459 0.450551115420555 0.517293274482784 0.4964175787104972 0.5214422627585327 0.5127004561890258 0.50639975856407 0.5299382705550747 0.4858097733853274 0.49155852040176473 0.5588992191484373 0.5907011937201275 0.6478185585385272 0.6456759653402371 0.6153698710509985 0.5413319093313244 0.60458770257991
0.6322099668978608 0.6556845759512915 0.6917190311579792 0.7627242864689057 0.7263455677447176 0.7269003979105174 0.7226875826320025 0.7249608544452898 0.7756609249621375 0.7997281652741152 0.7764251248916454 0.7478121549050077 0.7644075666848495 0.7794376631261154 0.7581236737052518 0.7547264278795525 0.7708025829070924 0.7016591270684336 0.6746802960567976 0.6599946116701797 0.6239945224207828 0.5891781245146874 0.5673194466516792 0.5789724288929486 0.5720684354288765 0.5661245834618456 0.48622773655235485 0.4616990445347378 0.4990400514958938 0.517948263157229 0.4876711181010128 0.4701575225823901 0.4962238269070891 0.5119989338492865 0.5256518722209378 0.501202316690586 0.5372486170803502 0.5797226499432001 0.614309370449723 0.6482431597949133 0.6078281154469195 0.6094642016649534 0.5747111189862655
0.6255236838038734 0.6733095881444529 0.6849478860712307 0.7046177289906859 0.7099809292547673 0.7235132490433906 0.7314539325561088 0.7041447032758628 0.6883169961241332 0.7129758089186481 0.7413199162697955 0.7865910098876381 0.7397585504856053 0.7652873471772059 0.7938942380521803 0.750910863574376 0.7613489885479628 0.678664101980316 0.6262277197525123 0.6277437750607412 0.579875079716487 0.6091029880286334 0.5751931073570303 0.5468686617339371 0.512435503070685 0.5010780658564443 0.47466989995451025 0.4909125627388738 0.46740993157522165 0.4992996948882169 0.48589704997416694 0.4422154773550763 0.4653390361129006 0.48065101722367126 0.5344310158473404 0.5736830889795399 0.5350895355245815 0.5772532365299332 0.5829951266653411 0.6083453217767045 0.6250797626275372 0.5938390071291191 0.5666269124014155
0.6069189989974342 0.6277309879241052 0.7071792049542939 0.7220589592962796 0.7034168712163835 0.7138363684188422 0.7024569218117549 0.6790163043811143 0.6997248062160123 0.7311711780685678 0.7187599348908047 0.7322693723097129 0.7728773601037784 0.7697893631297198 0.7665262719838949 0.7465823486187241 0.7594974364486976 0.7086333988502453 0.6564997157507518 0.6312442818599179 0.5848684195748008 0.6085416441361735 0.5613501566923569 0.5425092940252233 0.5166087292125717 0.4998294513780654 0.4871754315436186 0.5151887116928949 0.4937601235459357 0.44676108091172667 0.455882371093479 0.4229886101984516 0.47845316451239983 0.5095299508066659 0.5372905831388429 0.5365208319736439 0.5764076109454693 0.5600475619323816 0.5269413818057304 0.550876159142842 0.5558211937728288 0.5661630925493555 0.5463653589218184
0.6655408806908318 0.6386568634857428 0.6702270753936056 0.6758201916966393 0.7190219168561675 0.7118382263824395 0.7140819510992248 0.6649077245397829 0.6950901555563633 0.7065088827519713 0.714226229880504 0.7461200360850722 0.72340997718505 0.7475957547206394 0.7484799796963091 0.7510781846251354 0.7378153469684453 0.7589327480636464 0.6884048634382358 0.6248718173806642 0.6381708604237258 0.5916225488763993 0.5811818271300566 0.6154491349635994 0.5526925296055091 0.5089702339353231 0.48640950916444603 0.5086912881470659 0.48256337519140435 0.4489024724967716 0.43087436602595963 0.4314231383984472 0.4979396781760616 0.5203766826426887 0.4980242513397476 0.545493440783775 0.5495676006610077 0.49091494035229816 0.5135792638497787 0.5712842777874425 0.5469666974155913 0.520733158411599 0.5175129812530614
