Raster_benchmarking/DGGS/continuous/raster-184.asc
NCOLS 100
NROWS 100
XLLCORNER 1743166.7598658015
YLLCORNER 5469297.312392581
CELLSIZE 10
NODATA_VALUE -9999
[rows 0 to 18 of 100, columns 43 to 85 of 100]
0.30977159352641487 0.3163745956439212 0.2827795270617505 0.2736664505006642 0.25212387105993406 0.31649801406145306 0.31377130385299323 0.3142525272177422 0.36191862064604663 0.3514302529086378 0.34152786135303054 0.38008309851577043 0.37918865436018945 0.3665681701862427 0.380118186060024 0.41826398318986163 0.4682674175060839 0.42567856329509796 0.42676608250829523 0.4233854926594276 0.4676238583252619 0.429467404929649 0.4347584568793927 0.43060687534071035 0.3749758345809394 0.3786369071611178 0.3762457788389834 0.32242437817774244 0.3237109206851434 0.28571767306920787 0.28390009545899314 0.28930092196624185 0.2778514688085491 0.2611767588924248 0.2860367625186738 0.2677802019284542 0.23055474233894627 0.224771880899671 0.23650400687299633 0.1983615635314019 0.21243492189973567 0.16504456595056347 0.1665776039074548
0.3336990634920172 0.30338863188395426 0.29401451106870247 0.30963763725664306 0.2892361711891536 0.3196038194673518 0.31870621235685065 0.3223621567488152 0.35233229559953166 0.3545032425696543 0.3837954296388857 0.3743662896201585 0.3618899554136957 0.39559330402960985 0.3999606224673322 0.4181559363799897 0.4213246989508089 0.44550591313533416 0.43189501745904185 0.4539546973390007 0.4594774026837045 0.44264135615092687 0.3991083319284622 0.40898761079196666 0.37729518555451047 0.35484291766868553 0.33554457124194925 0.30858901410935674 0.31284580685778085 0.2980565391232961 0.293777436799017 0.3040952119959044 0.29567724188501654 0.26415518339558863 0.28016036748698053 0.27908345412912705 0.2396280975157912 0.1982301038275624 0.21805959248804618 0.19616510117572972 0.20145289647033593 0.17726998679230893 0.16590879868203645
0.3204345571068934 0.3279759094609507 0.3316666901517328 0.3128947382987494 0.2993929885445565 0.2949635157726218 0.3286417546300442 0.35262454802996224 0.34016305476522335 0.3842123487703507 0.39488425114590125 0.4014444850653897 0.39465307081112483 0.40923512700959996 0.39718233251528523 0.41809199566607846 0.3897757211408158 0.40013511804005547 0.4554290664419047 0.4461291578907767 0.44233708622449036 0.39472285419205355 0.3796925194046137 0.4050763091939533 0.3752216379646016 0.3510630997317868 0.3310319901794084 0.29035349036652 0.28035850331775614 0.3063177047665967 0.2870202361779408 0.3071430124450261 0.3001484960764217 0.2649734777836416 0.26421850420611975 0.2775558249591905 0.23875927764536867 0.17956860730167296 0.15895626718783895 0.1778940725323293 0.1464972544213748 0.1400823456629434 0.15164484634299114
0.2994054260926306 0.31186975473915024 0.3052836558359743 0.3184608517103823 0.31083180186165504 0.2993760996266943 0.3307154519780552 0.34051409595408844 0.33423283066521325 0.3614978484345935 0.3716659658323571 0.3934755279476438 0.4032637438706209 0.38636829890316376 0.3866073878467548 0.38656125251542034 0.3896055532776879 0.39054876573482544 0.39856678584054467 0.38834032220534304 0.3888223688141124 0.40817913924611265 0.38540353814098116 0.39716798539236997 0.39756194897467145 0.3697435057341601 0.32097730137223646 0.2938424546357681 0.26716448363375117 0.2955827164665534 0.2901059342557864 0.28049051068021413 0.2906249509123851 0.26939666701719084 0.2543256386445582 0.23462059885797812 0.21405759867192176 0.18498674541969906 0.16317781890583305 0.15612159056114386 0.1729119691411679 0.15123438171313258 0.16407175407763805
0.3257397644562244 0.3266224623599933 0.31950270161621325 0.3496713240867883 0.317146427089213 0.3401323487930292 0.34049083723938967 0.33818696963258427 0.3359282003187998 0.3474877117828557 0.3915910199941503 0.394405979293656 0.41876275192979107 0.3783385531795923 0.37745426264865956 0.36348868645766047 0.3783093610540286 0.36120965975971114 0.3665582600645221 0.3962179761584832 0.38531911219498216 0.38551737923774115 0.37888677664092735 0.3651328147421993 0.37097172847857807 0.38106857481460776 0.3454010998530624 0.31172660136249913 0.28460605295678854 0.2699531182329284 0.24045510585178262 0.28226172289743107 0.29091791699199543 0.2737853616711222 0.2324181263916578 0.22609499455328558 0.14335847153075326 0.16206651263490085 0.15701176832072053 0.18855518161528662 0.20448233007666344 0.19877853240182866 0.18305981334922317
0.31992434930310387 0.3361939896650033 0.33701269035875037 0.3517867913910654 0.339103540756748 0.37109372013089986 0.3455721506230816 0.32943012928969234 0.37016710084098015 0.3687063282819065 0.3750618421001689 0.4107366795850959 0.42021069192005034 0.39894212070506524 0.3954686574999688 0.3623070504273993 0.37769124272835336 0.3741322587076436 0.37637201942929027 0.38663467331927637 0.3761541318007297 0.3473010902533566 0.37686685187034175 0.3472029688279032 0.3654674836927988 0.37161916657796146 0.3531365005551787 0.33654101879856124 0.30297811914531037 0.2701233226725106 0.25957508062760937 0.23927951873076916 0.23761779674465158 0.21894784533825082 0.21482555540476994 0.22965602668565466 0.1898715661460977 0.17600084072685587 0.20431174382596667 0.22004685105460914 0.1847327557582067 0.19241051218156455 0.17897650979198032
0.32487599745705964 0.34342919942800354 0.331801307513256 0.36877768906927316 0.3774854189448567 0.3886883968789332 0.36856169486433177 0.37121486615406046 0.3614388358674186 0.3684600260571831 0.4025834551155954 0.39533333893599376 0.3931825969035866 0.40111951808228546 0.3676722611140115 0.3666808818664693 0.3355564098986788 0.32776169926614473 0.34504964540110583 0.3696326146460547 0.3664136939354668 0.33897790518869797 0.3494087059958743 0.36205748291813156 0.35950702921893873 0.33901083527006715 0.3436360899402228 0.30860645294957995 0.2821131519959696 0.28006960902175315 0.26196885188140073 0.23153579024496002 0.2249954279972476 0.24412875815138738 0.2202942877583108 0.24719215581741313 0.22796292008597505 0.2236633599354443 0.20695211347909687 0.20821523031320338 0.21777487857003935 0.18135283568402588 0.17781860540524413
0.3332746149535595 0.3507622221251781 0.33716082122654883 0.3711220034456327 0.38522710622841555 0.3703795137603574 0.35548806615388373 0.3453115325149964 0.3394466788110383 0.37025137799601554 0.38351687013974517 0.3638651427247423 0.3784380152609554 0.3899504437733292 0.39881439597210366 0.3459639418243782 0.33486820440886306 0.3428811745543882 0.3281611218839106 0.3068102400520175 0.3269841985073901 0.33078812686809345 0.340320764567161 0.3061805801673648 0.3207438453849549 0.3351127876196496 0.30936205860557 0.3127683056945478 0.3196560857538449 0.3009902060757775 0.3023824292650119 0.25991340049669054 0.23501547604825984 0.2396639056646364 0.24071263459428138 0.21478624568649582 0.20418537603052359 0.2291358981398506 0.21067590652103294 0.17155588506776534 0.16967864198653512 0.16430820371082733 0.12179377606635436
0.3762160284144316 0.38986602440518026 0.37991482153069545 0.36145491624176773 0.35376454025907433 0.36536591086337783 0.34845232482206534 0.3331009183471505 0.3413204180017847 0.3261415551821868 0.3348499833518509 0.34612593182677615 0.3783763547689395 0.3630331150549986 0.39775988577516397 0.35629599574811943 0.36118806477085136 0.3511888030155508 0.32884209460383046 0.3117881947903973 0.2654866661780941 0.2827869568291941 0.31612028865444325 0.2676438054766431 0.25916980514866067 0.2846503832173856 0.29571793301590427 0.30326237022695074 0.33935171049078805 0.3240428667418512 0.32854690477636683 0.2732924201117848 0.27242057594962865 0.26652578820577255 0.24992723784770385 0.2503275955549138 0.2325964297537189 0.21059263465139394 0.17377409921624518 0.19025325369816218 0.17156546734111822 0.17042993128258888 0.11205915383526763
0.37476903597920097 0.3684211412575779 0.3742312532933974 0.37411967805655977 0.38290748618155573 0.38037839277931396 0.3782627000368658 0.34654315315759504 0.29363961385273385 0.30273487680348277 0.3282292751081786 0.313558364844948 0.31808751815905434 0.34958687017847556 0.33773260682430284 0.3455098266668038 0.34447670160092503 0.3174227486300039 0.3068575940941244 0.29367041208820793 0.26912719657560363 0.2854257130077293 0.2965245691771397 0.26361508834971453 0.28305487261543777 0.2955386352432741 0.3070181264877523 0.32949045102056074 0.31221687826643074 0.3389968901739325 0.30953222476294584 0.2844010765876524 0.274847876286077 0.2598622953198252 0.20921423990339907 0.21049449857200883 0.17362702351616516 0.18177986105031174 0.19611539389523888 0.1563981226442748 0.15424960594528814 0.16466900946209884 0.12418250179882839
0.3993841317554462 0.35811532975297994 0.3609102090861018 0.3530413283393392 0.37869750994839896 0.35366686585340973 0.34723540704593847 0.30237601250423235 0.260986719443564 0.2671746882371951 0.2708526630106791 0.3105090866878134 0.31685317485423137 0.32878448263674087 0.33077255354543295 0.319693401909999 0.3415117746950132 0.30979014383118336 0.31603928480988347 0.28906547930382015 0.29533564352710484 0.2496739270284232 0.23474609365475888 0.26765539386702064 0.28644453413308935 0.2877556450108984 0.28098461940257563 0.29928336699165514 0.31267550557380386 0.32169002696301807 0.33889941815728253 0.31998946730974065 0.2596083248527745 0.259408451482697 0.2051523615054133 0.20112410823328544 0.16673130169618808 0.17469819912679008 0.19441685096245834 0.18758567709113377 0.1649874263116758 0.15310029947339843 0.13335855298508442
0.40511819052815873 0.3692999302195259 0.3550800695022884 0.3562034322858798 0.3364434585985049 0.34317855626938965 0.3273993821999119 0.3066762059974762 0.2753727759996454 0.2335206037533801 0.22801424667316628 0.2544215486648851 0.2803849055176429 0.3195240244235647 0.34210839700678347 0.337616822711694 0.3501408752254809 0.32963019853633674 0.29882055838551574 0.2964248514373571 0.2738060411476872 0.2638528065205482 0.24729504204034886 0.24366483209206335 0.2468792289957625 0.27163450955072166 0.3008566993929023 0.30751539931567656 0.32994347086767134 0.32923174374677006 0.3418219083994332 0.3055962350940264 0.2603791445340963 0.24413926360539523 0.1896671218554394 0.19849748747570772 0.1637716099870447 0.17255252073384356 0.1858238491302061 0.154145258973631 0.15867580877779175 0.16602584215805097 0.1591098731357729
0.40159301124244823 0.3611122341062734 0.3399375293565583 0.30828252464310935 0.3128867554796129 0.3014883190837566 0.32395378428285304 0.27942757384812705 0.23955996871975785 0.21999737234523764 0.2435434105340531 0.2644553599132752 0.2511853322960234 0.2813929846804769 0.30503365623354867 0.32621541520886704 0.3187659066586554 0.28121569111421524 0.2614176313459443 0.299222438363128 0.26658430830384555 0.282602240294415 0.24856418604676583 0.22827345398318255 0.24862996920935207 0.26769611669189197 0.2734542414330763 0.3038937239185986 0.3719972076873397 0.31224719069971746 0.3116687137952452 0.29651778611361523 0.3133831606023174 0.2471135675681737 0.1999590306125989 0.20767015081886822 0.12502876839819282 0.16771155265010237 0.18979569094039772 0.16021276245832725 0.15706140331525953 0.16458656382055747 0.13675632732715956
0.4024079421346129 0.3669206799132273 0.3451709136429645 0.3059244410001502 0.28159524541308883 0.2965108643624871 0.3068844728944418 0.2794566444269414 0.22083240629102827 0.21582912873787793 0.2494358224045793 0.22382077826193186 0.25531047421711006 0.26181821930718774 0.2941939996172582 0.2969065877152417 0.2947685029931793 0.2589988695338109 0.2845100343777557 0.2890142997718086 0.2961348525003733 0.27106318271321406 0.27494563318903803 0.24455116776475488 0.2804593311811655 0.2711894701245642 0.27132302993446616 0.3163675670977694 0.3336175118290679 0.3165599998888625 0.31318170673126927 0.33013592788573354 0.3285685316315139 0.2743601464285476 0.23872907559204906 0.21900472413284788 0.20094008998097226 0.16918621443948892 0.18968516247169653 0.15296296362414352 0.16218730617090293 0.1375284587144275 0.135110005187507
0.36977255012050425 0.353584278083085 0.3195330544103683 0.30144376060625033 0.26470496030519275 0.2546594362793802 0.28543558307977246 0.2550228591987639 0.2195266115090405 0.2053262027065006 0.24129768773068597 0.2288304451314517 0.24231694995571607 0.2547149924480807 0.21960114350820398 0.26082380499891256 0.28152130967479905 0.25957626657319544 0.25591389230978195 0.28892777312534373 0.2768525603111051 0.2778820519222872 0.2884733980344368 0.27206219869893133 0.2795034687793194 0.2696360507377306 0.2938114099236851 0.29362766253824935 0.33376915586342065 0.2950774755781197 0.323749187557724 0.3038911763878526 0.3065422334069747 0.24934155954076354 0.24202226116371742 0.2073983457546994 0.22384701349222666 0.21169733439308383 0.19060989990153424 0.17891861247131075 0.1623600563595274 0.16274922970934536 0.15536075024431364
0.34079642199453253 0.31678547315404887 0.27056522134605415 0.2705201904845382 0.2573259897581195 0.2686853978119374 0.2623972364434038 0.24226645956147563 0.23924474656868783 0.2403615732797029 0.21328434200303964 0.212947013382494 0.1906641737575055 0.20808038710054144 0.21192388489467212 0.2415641716310406 0.24591960268402288 0.2611594687981073 0.24810057519708503 0.2445732139792743 0.2637070942060248 0.25848140867436464 0.28937456759785934 0.2984104934313291 0.305514538577266 0.31445738295425457 0.33929703816018014 0.311807399789107 0.3247556692369944 0.2892036559911282 0.27904090362687684 0.3138593563192313 0.31266894853326693 0.2631990278840521 0.2266252094984762 0.20767725141368362 0.2251470336446136 0.22774945818444403 0.22975099142667438 0.1897097281662687 0.15372701307316153 0.16334778973250974 0.14817390299786293
0.2651289093879657 0.24436854217483164 0.24379573249393702 0.25097808789609194 0.27118250817497147 0.25231071928090637 0.27131961267812166 0.23304776861032656 0.23670383790467697 0.26063497632342103 0.23610756546287526 0.2032431424258245 0.14732164062714687 0.19406839186947727 0.21299643507473626 0.2374509860603299 0.22471063307032038 0.2239475996482179 0.24908051298095035 0.20912515186570516 0.2043618608882874 0.22897576501867037 0.2447019113073158 0.27903336971330417 0.3412692435682751 0.3243708421276256 0.36193353528990807 0.31783439607922137 0.3001431288409296 0.3107164172300003 0.2704406247996161 0.30930330396438144 0.2926749955972935 0.2759564802776402 0.22009812585319066 0.2344191326529491 0.23167989226827823 0.23292565980254842 0.2307068354810308 0.21252298937574224 0.1761618300262963 0.16037889118890936 0.13671216598325428
0.2535436183694296 0.23376995764228292 0.26680483701383645 0.27642844000422867 0.28061321052332433 0.23932492142925976 0.24249302196715425 0.24615190012504928 0.2274074776551832 0.23461443249938385 0.22193341663017283 0.1948161174094471 0.17658572736894917 0.16504790443967796 0.18213264031748894 0.1808523723152009 0.17889925105754909 0.1945503846409509 0.19448662473959297 0.22109163473181356 0.2316739267165275 0.24497675988075254 0.2622171253421304 0.32116358375337684 0.32844444059891936 0.3543632012341282 0.3630590672065885 0.347035355198079 0.3065537676445185 0.2907569237693013 0.27202845687372273 0.2666632622213537 0.2456357867391655 0.2347442127837461 0.2486359434085528 0.2108946734195347 0.20257151933065706 0.22682830986951577 0.23403982551433225 0.18323934774057432 0.19850893028195973 0.168145733486203 0.16911451793539925
0.23230313348229187 0.2475749196328207 0.2627125348525878 0.27997043390771026 0.24637376913738518 0.22909861757370878 0.24512400411077487 0.2501913492828866 0.20115147161895575 0.21798993912113562 0.1754182001962592 0.17588814637102315 0.1826502530586433 0.1822989200493407 0.18030068837179172 0.18644421650271495 0.18906707758893965 0.21222173893432902 0.1867501525149166 0.22206515074467575 0.26741456357983584 0.2668421915338919 0.30467568196143957 0.33880552861764124 0.36479105334962864 0.3641893073166471 0.36554545443522046 0.3628167546647746 0.3716008459548065 0.30923961492999774 0.2883756587327696 0.26834542073486967 0.2646379568504035 0.249972695348223 0.256502756066159 0.2222298253864468 0.2073237746024252 0.2069212439642504 0.21071810333479674 0.22559751571572506 0.20391144782734882 0.17345121461184346 0.18679674373619384
