Raster_benchmarking/DGGS/continuous/raster-56.asc
NCOLS 100
NROWS 100
XLLCORNER 1743151.657649495
YLLCORNER 5469280.13912312
CELLSIZE 10
NODATA_VALUE -9999
[rows 57 to 75 of 100, columns 0 to 42 of 100]
0.43329650876152964 0.4795841537313876 0.49564289623063323 0.5076663708175848 0.46411860641448466 0.4585338943536287 0.4605916526425548 0.4869330771937718 0.49197383002787787 0.4917143121213832 0.5435025178195018 0.5679630343954472 0.606236521937007 0.6411553614158485 0.7300010323405576 0.7053791832724575 0.6983481945238402 0.6467094550027777 0.6561561261827767 0.6574463882092404 0.675962680868903 0.704105615767488 0.7857027874178582 0.7809673027563339 0.7537773055023576 0.7225393273626527 0.7711241363862272 0.7269889192127013 0.640968279570483 0.6158087705584256 0.5744486754246189 0.5475818789622614 0.5088431883345049 0.49586406105223924 0.5219892361114816 0.4826733198720713 0.48021080806643546 0.5049100490033407 0.5075005115567139 0.5633072681699408 0.6074767107671979 0.5999741647944065 0.6036098727163468
0.4932252603449592 0.4875981101855458 0.4839880353713042 0.5232400382196642 0.49161116127810195 0.5182709547855859 0.5206004454507054 0.509120498048812 0.48851443068989275 0.48630465632506603 0.5488359623636208 0.5615693910313917 0.5871884898762135 0.6196415410304941 0.655325747648796 0.6748448808955099 0.6705598219141536 0.676266650465224 0.6773493174197784 0.6904425251519146 0.6956399079200406 0.7201663111422728 0.7313435316719646 0.7418851551108792 0.755156425457752 0.7208176338477639 0.7224424919178317 0.6934989873059451 0.6270927158195451 0.6087237589589525 0.6255448995538759 0.5931776060177465 0.5767588302012913 0.5296153044013813 0.5219932066505504 0.5277732447595781 0.5190836900782677 0.49619627717423526 0.5418494366155538 0.5685419116939728 0.5796602444454163 0.5862491976665474 0.5749384651974576
0.5225113043411778 0.5110529379521513 0.5344046791730371 0.5107512268236972 0.5218615642453743 0.5425585881856582 0.5219065516523729 0.49040673792256567 0.487643938158087 0.5358203124332039 0.5173744584266062 0.5728849013470483 0.5793552705886317 0.6345563539147878 0.6246833258737744 0.6739671237658458 0.7361618588880446 0.6886136181891979 0.7306903907729465 0.6987874010097208 0.6706926097534225 0.6853856041921712 0.7661720119368556 0.7285399005793725 0.7394514330899519 0.7210931973461632 0.712147955220936 0.6713316355544942 0.6599892321083294 0.672546867842176 0.6504008883561668 0.6153215892526834 0.5811628542514874 0.5720992999064295 0.5453370509849775 0.5660010678123348 0.5235835627554994 0.5053180177504163 0.5368549438574007 0.5752677652342233 0.5487047114918554 0.5790974702112078 0.5691699772465577
0.547338308118816 0.5237724374695075 0.5091198909151041 0.5310586012259274 0.5114718945742814 0.49369009045554146 0.4882030799803919 0.49193308955142545 0.5103275686145422 0.5325862843567171 0.5376109489510573 0.5911770867814777 0.5721907845117042 0.60279032813046 0.6008541400277781 0.6440230366640932 0.7140027792570778 0.704003758368343 0.686313460975027 0.6920754219756742 0.6773890470780397 0.6792659746443401 0.7271093178600921 0.743133532086577 0.737862387750075 0.7237408470875032 0.70977719556388 0.7194198304458115 0.694308754707274 0.6733523631416202 0.659817278725425 0.6283243614569 0.6269685391586092 0.6250873591833369 0.5730726200631531 0.5822228682861921 0.5585550210305339 0.5434901644807193 0.5232067590625916 0.5600612647001403 0.5337694906009287 0.5753872787276432 0.5449415167208363
0.5683008169603456 0.5299645549130874 0.5236391220392754 0.5316220547555607 0.47106596639698123 0.5233087118755692 0.5216715154093425 0.5424642496673122 0.5182536085583047 0.5145203983300481 0.5655913158345247 0.6112467033069371 0.6172661770868878 0.656760498416226 0.6440359874216575 0.6791429112747474 0.6816640418922828 0.6569035183464176 0.7172369267747843 0.6999230212138015 0.6945211873200587 0.6794660331843289 0.707970108287258 0.7348419510324556 0.7627132374846229 0.7719616742485245 0.762097305255935 0.7035625768394812 0.6931748985523785 0.6611129229919904 0.6776188296444507 0.6682859024508344 0.6510727438918945 0.6444773276498231 0.6461950858387615 0.5956750548665596 0.5599293840140812 0.5700086979423208 0.5151245870496078 0.548328659037527 0.5375474175272825 0.5456214840129282 0.5515857979479522
0.5724615653448434 0.5321878506231204 0.5211323798855999 0.48994566505269155 0.49847053524720103 0.5202713112360565 0.5034114820125739 0.5515160212278759 0.5524412095684663 0.5426404513665675 0.5897030519533046 0.5999904860430338 0.6144000635950467 0.6441810772504742 0.6310893179121678 0.6371766567469286 0.6276083168323414 0.6431041026157208 0.6920562931096995 0.7069962795447381 0.7096539468454893 0.6802699533234139 0.7260877631186151 0.7197090719574427 0.7282044079661952 0.7714139515151145 0.722940998726259 0.6962895522342399 0.6865581287633384 0.6487604546011625 0.640638633697506 0.6546234608532691 0.6887190434212778 0.6716011777202094 0.655571101054255 0.5921828883234425 0.576912233550823 0.5657342327878427 0.5696191333979582 0.543483665552291 0.5583112943210284 0.5762363075823685 0.5828496406923093
0.538304097870532 0.5346344589667916 0.5023790984650007 0.49302934204195115 0.5146176462858723 0.5251151509407476 0.5322965252445342 0.5701070953388779 0.5627836948716575 0.5668727800501265 0.5678913331791475 0.6108348061531422 0.6185171972755233 0.6420906449900903 0.6623367208612988 0.6703668804812829 0.6353457762923892 0.6160508687242816 0.6386415231777355 0.6640176346593569 0.6632554207276935 0.6850548314279403 0.7234123039392915 0.7503897432292377 0.7630129883999995 0.7500124125617668 0.705846628794153 0.7107755034212482 0.6722612290776496 0.6696805470862609 0.6699871607658274 0.6866824463764365 0.7100331668548758 0.6972942489113212 0.6284399252506928 0.6427373782231013 0.6046300456694318 0.5945878987444846 0.5731766580286161 0.5883977051368219 0.6130302121315031 0.6169033544598955 0.614218571660277
0.5845140304966866 0.5744568200920326 0.5437618759173879 0.5718649669612907 0.5983306725675491 0.5812114825291906 0.5352993494615551 0.5878555104192963 0.5902681634342369 0.573592118654828 0.6330587789246254 0.621115985728238 0.6235244511938205 0.626738211834851 0.6115385112834227 0.6393085245302895 0.6156546012474846 0.6340568741954292 0.6394158449878727 0.6861832330555919 0.679954627311924 0.741736837598142 0.7616647190126978 0.776292069156039 0.7802742471043238 0.7720930609223129 0.766098362935893 0.6904504088136251 0.6783929607830425 0.6786260631962873 0.6880407418664456 0.6703661673125847 0.7100648954321207 0.6954072495816133 0.7035605113546035 0.6963472794247416 0.6371369800597196 0.6116246410479254 0.6266253099151474 0.6407130447869609 0.6114605379056774 0.6411928652517499 0.6306504341629158
0.6455224577864629 0.6270472542900642 0.6293046774418768 0.6311735071453508 0.612659975915819 0.5785227970643924 0.5596129471488152 0.5874887958154984 0.5973318651026872 0.6178153670974423 0.6573336538825086 0.6530264588135599 0.6701768127539738 0.6218979172413172 0.6068937405920776 0.6342599912263626 0.6254871018633024 0.6636918048512693 0.6698496954065649 0.6951939770487823 0.7193431783753397 0.7151459070988488 0.7543278116365498 0.7271754860310584 0.7423366857092754 0.7461534500837422 0.7807896424323988 0.7402598829053875 0.6957358517346034 0.6580239701722141 0.6435919478237908 0.7225425687179364 0.7418920347840284 0.7713358653308577 0.7526823405968779 0.7486480568001678 0.716742074159391 0.6594200975902808 0.6405614060662278 0.6405913964052398 0.6144188569692449 0.5950171315526533 0.6205046007035543
0.6501125083793112 0.6339463565043745 0.5903593440373943 0.618226810601143 0.6066498094781725 0.5658294036041955 0.5622885501419828 0.5803484964715733 0.6123296576256664 0.6540837081683993 0.6686501835566341 0.6806272981906561 0.6549030398114396 0.6795012344855917 0.6490084867520878 0.657957678700285 0.6437461007655502 0.6753269005386446 0.6762303915376757 0.7009571666108507 0.6815145448848676 0.7295029134298112 0.729239644693991 0.7444022312998624 0.7525303779933455 0.7544648434996842 0.7893024442461191 0.7437042334710211 0.7657833227414844 0.7339900111441792 0.7134660677041453 0.7195498583011992 0.7862350583160151 0.7755289368171105 0.7574575005055938 0.7294570950718541 0.6902414733549569 0.6634858266484165 0.6649246721698081 0.5961385645026975 0.5890036565277802 0.6079671193528592 0.6030930211362242
0.60784274984198 0.6076754323012539 0.5808856097992169 0.6167513081376524 0.5913174253315792 0.6085087478998344 0.5834325535180084 0.6119943939303832 0.6241516044975277 0.6362120188843925 0.664842157288372 0.6653188578906751 0.6774304590966238 0.6545459264359055 0.7049653862413424 0.6617278817267781 0.6554807585784027 0.6751050184208872 0.6814317372812605 0.6776600658655273 0.6668862772955615 0.6851209517230161 0.7598027730412396 0.7805683028433095 0.786511583054869 0.7889709143033403 0.7858174957006053 0.8201701091966102 0.8263841003594714 0.8033286584176823 0.7417851222868246 0.7437082655157942 0.7956483469294278 0.7622967085016679 0.787250741192982 0.7448357208452043 0.7279615756035106 0.7028637420514087 0.6514474448795404 0.6335508645544421 0.5988994175179471 0.5886351628745422 0.6027732351504863
0.5851896959455513 0.5888317064434587 0.5602438033398377 0.5936679873633393 0.6277766893219835 0.6156340419297067 0.5712652771069772 0.5763142059586652 0.6255241251764654 0.6700382527039846 0.6422367518929758 0.6811371298124214 0.6724486935858214 0.6730943122475315 0.66483757684237 0.6620670557459646 0.6758295261960459 0.6561090730606138 0.668217664783079 0.6546573019314125 0.6837977401999369 0.6761513749277964 0.745094740375685 0.766131363137648 0.7963072696827004 0.8226532869513717 0.8209856834562617 0.8480786496547673 0.8256074421836878 0.8277851182722554 0.8061942083329028 0.7824134007021527 0.7638063576470472 0.7865617409213989 0.7714356492480341 0.7786069272698334 0.7556191393635391 0.6844892614585909 0.6549558796615453 0.6360423973244406 0.6268876703549304 0.6174632225599991 0.5956885693992532
0.6196029096634463 0.5778539134693788 0.576171627676381 0.5965003120151219 0.6411299513843128 0.5808948523466142 0.5779511466709449 0.5989745626636619 0.6159552201827689 0.6382531924248951 0.6604702280808897 0.6639347377051358 0.7006584680067123 0.6809983961806314 0.7275225712864744 0.708303770995653 0.6630697710484311 0.6660711753807621 0.7042187286388091 0.6660851887974287 0.67188496347502 0.6502674025466585 0.701082547931228 0.774559769014249 0.7879124652252687 0.814630235917677 0.8451145004925634 0.8607508309912849 0.8328758459995117 0.8319043123249219 0.8335414663435894 0.8177551395672638 0.7866511831335699 0.7982664420212074 0.7702364524648955 0.7446159474363863 0.7399004831212663 0.68824001701489 0.6660665094461544 0.6912454776298956 0.6413399439241797 0.6511541365053477 0.6660563742527809
0.6193649385168741 0.6082632541344433 0.6094864069909536 0.5885980033796655 0.589071026632354 0.5999949573388101 0.6060244549440854 0.6463054832392517 0.6002116009835348 0.6125983354105143 0.6772794383571781 0.6795889159533814 0.6840415873879673 0.7136700786690349 0.6660035314677609 0.6681428254232368 0.6669592458093992 0.6993363979650256 0.7225051897734528 0.7011107514354267 0.6884423512829363 0.6722444149704725 0.7409160923179315 0.7516019215402345 0.779413943461797 0.8271597325972233 0.8631528698816925 0.8555850996211315 0.8496750309539023 0.8646721125601211 0.8646880404857242 0.8838367906313781 0.8211501608285741 0.8303497692747608 0.813455284454521 0.7967009630941799 0.7406460720650863 0.7267623823632254 0.6953691517083238 0.7136812501431556 0.6581989036082151 0.6568471487945625 0.6657377046056033
0.5878626312152475 0.6045846193634343 0.6187153669611751 0.6217984911026974 0.6294316325070453 0.648461146937534 0.6667282140878783 0.6773304831008696 0.6319396394416398 0.6030432156097012 0.6357082157730924 0.678650881731836 0.7158172758801264 0.7129180159972449 0.6762062418239632 0.6683523363282835 0.6835373801949738 0.6871061360984067 0.6874195519586415 0.693251037801848 0.701970915831258 0.7172418321924161 0.7274446536296092 0.7551112149293885 0.8296488832350878 0.8358816073207306 0.8894051387177527 0.8693185980830366 0.9069609386684534 0.9304520347221994 0.9459671755135141 0.9335855312086547 0.8869779425176816 0.8439889394183386 0.7995880511820079 0.7824842283582806 0.7711946267895682 0.7737596614990471 0.7293098510812019 0.7253117965193652 0.6982969873023178 0.7088767522844409 0.6764723549834507
0.6264983194478106 0.6204606478392561 0.6006617069113381 0.6348281548182944 0.6087511254292554 0.6770922043231029 0.6686236824852491 0.6717735304708982 0.6421326916245105 0.6378798411505164 0.6581938396165391 0.6479916777988898 0.6819097548463445 0.6606853832323346 0.6435521114802358 0.645159960356791 0.6928814868941567 0.6743546956867675 0.6648927261940534 0.7135733895776382 0.7576378542678689 0.760483601107772 0.768843032153562 0.8137020852104212 0.8281584341756564 0.8853469268736152 0.8889021140369231 0.9135996906274024 0.9206850852356372 0.9385183112611339 0.9642481139859381 0.9631093973305763 0.8865402449374615 0.86932057176149 0.8427838905062528 0.7686639983667087 0.7387751513247686 0.7573194585511619 0.7680423845782045 0.7572579970795282 0.7493664651578822 0.7435931098380755 0.7216696612658395
0.6125336037853969 0.62285787302644 0.6325814930169794 0.6502570493158105 0.6068832642875002 0.6482712042883707 0.7093739232288663 0.7112998109033227 0.6448808760374231 0.6866999943905698 0.6886506752746469 0.6454327356969113 0.6590870477486578 0.6302891453336409 0.6239423651024301 0.6395009709104847 0.6490603133276516 0.6437717116683773 0.67061933993595 0.6987663011671992 0.7374758493611082 0.7778355666084136 0.8286842759737904 0.8267451697691981 0.8885276093367369 0.9033007973966555 0.9145534147131212 0.9109527001462302 0.9380663379481046 0.9598151405750053 1.0 0.9909943484984126 0.9129438667854987 0.8656926219983279 0.8408215762168169 0.7917956528175417 0.7740622672859023 0.7981059569041182 0.8053468007690128 0.7751770071102688 0.7460636572753789 0.7660949630649825 0.7710888418668805
0.6566762748515801 0.6302757677503338 0.6684726242413251 0.6181604952887928 0.6571142028429146 0.6755948465411488 0.701932113406032 0.714366502937594 0.7066700141671743 0.7109989727708609 0.7280866566577205 0.6789460748937682 0.693793480255977 0.6512234120034947 0.6283297561464387 0.6730117155666159 0.6831902393646638 0.6730811946120534 0.682553471347951 0.7485140322315615 0.7664797461816589 0.7391391104267557 0.77524610386023 0.8071504658196719 0.883526149325273 0.8988452342340287 0.9188942464013478 0.9213107834404555 0.9242194705949538 0.9845291477255971 0.9580152509994146 0.9731916861689306 0.9288199359515042 0.9101634115605064 0.8394827140716006 0.8223913828168891 0.8429660810914524 0.8426718576989409 0.854939062500331 0.8141541647895979 0.8029139428276708 0.7829290560600762 0.7327379995118612
0.6822702216621638 0.6758083945572524 0.6858645053476213 0.6253725408286044 0.6309105854362442 0.6847769983143367 0.7133983047743487 0.6981614969961484 0.7301069434794082 0.7044008936137187 0.7508261224103783 0.6992590324256354 0.6843747819783577 0.6763216077910931 0.677626491149595 0.6579530807796563 0.7073467105407497 0.7252674259909909 0.7422097364424091 0.7329154274524815 0.7377507148979197 0.7289551481092181 0.759453057537917 0.8240765998376245 0.8383520663400305 0.8725919592767478 0.8844673850351219 0.924462690831882 0.9362748039157829 0.9426678087765162 0.9599245110793643 0.9236861690167887 0.9324076745037054 0.9022369571698692 0.8787080217800223 0.8526522742355517 0.8806919864724482 0.8725799594075806 0.8739053625765316 0.8424859007128604 0.8241064572099657 0.7972548944593683 0.7562591947269117
