Raster_benchmarking/DGGS/continuous/raster-399.asc
NCOLS 100
NROWS 100
XLLCORNER 1743163.3870960525
YLLCORNER 5469297.040931246
CELLSIZE 10
NODATA_VALUE -9999
[rows 38 to 56 of 100, columns 0 to 42 of 100]
0.3128053606550155 0.28526920006474793 0.32393598020457337 0.3198198175548816 0.27366442446155004 0.315924391297429 0.34859809645318207 0.3163679755329581 0.32933675919425426 0.30854672548735407 0.30891714832303974 0.2601833106207026 0.19296834820656228 0.2138861674994572 0.20791974259266638 0.20942018136536833 0.22555136812039475 0.21896511097085625 0.21525804752591463 0.23693105344182464 0.28621619672701093 0.25027085343242467 0.2392385406339704 0.2233088817930524 0.2720111200513742 0.26476060962335374 0.2977263179435327 0.30231134441899843 0.350340829735734 0.3180353570240626 0.28185006442434213 0.31489578870373175 0.29902047032083007 0.31173597113118806 0.31835093805586795 0.34228575792781707 0.34998182016048696 0.3644807608392537 0.3675143906964665 0.35491994336700394 0.39690348675435355 0.4146752247902361 0.4538500863776399
0.33549471855790086 0.3318586157821731 0.3456221747357065 0.35948630136899945 0.3588094954393583 0.33736205912461104 0.3859646962651095 0.37724387163086187 0.3421030914343279 0.32777261026558324 0.30678977738359586 0.30363790792835976 0.2591348161667022 0.26437977245466576 0.25524977778085106 0.25955282353243725 0.2481916884832235 0.2533550263379936 0.23305644215544127 0.24880188190276084 0.2936078197921209 0.2703389620302436 0.27243368587043854 0.2411399886460026 0.23267388339080558 0.25011170302978547 0.2769546008960434 0.2901396310767071 0.3095525639163742 0.2884347524595548 0.3186745516080005 0.3178861377081276 0.2828957539671219 0.28356747903672785 0.3107937573866164 0.3148449396914552 0.3287184089952711 0.33803332289018784 0.38709918152752715 0.3883041534677737 0.4310882748146475 0.45696452563177253 0.47507541014590177
0.3409821121558233 0.31804229752844665 0.3352935331958742 0.35659831577958595 0.40042940700039087 0.3869220602069468 0.3937129290101547 0.4034652052140956 0.3930126016773054 0.3873750356301975 0.3579660301688024 0.3068120045043464 0.283114732934539 0.27642960431335933 0.2785012722488014 0.2790257027084356 0.27614409954300784 0.24199343131206663 0.2535192549817937 0.23911087427267905 0.27967081706244995 0.2846682071995916 0.27575036708296946 0.26325671805965734 0.24064965463546542 0.24505094542270475 0.25588494264637623 0.28601237503589233 0.2701445307493389 0.3091651330040756 0.29210953680141205 0.3260584095108874 0.30759746798722026 0.29420898203853263 0.30661794991767416 0.32017947002104624 0.3527830628981614 0.3544946886476496 0.3754626717842092 0.4209394035712462 0.452038810628161 0.45403184377665623 0.4962065615979552
0.38687912008188685 0.36070472703867834 0.33460353971320134 0.38523680053770487 0.3952130984356372 0.4247474263527162 0.3761116378120604 0.3750934953936085 0.40941668055983693 0.3873127314165737 0.38005787943776775 0.3284367133560488 0.3377550865153431 0.3207304135085838 0.31387719180170937 0.2995134321547104 0.2558053097444567 0.26637265790537146 0.25872445396391486 0.2532876731991741 0.22470683722906953 0.216960456321426 0.23365943966810124 0.224498826511431 0.25789955048250063 0.24142842145080745 0.27240080265652994 0.2555725918759762 0.3142142050295261 0.3301232858040826 0.3456496220986466 0.3187713055598852 0.32735608943453837 0.32824318757896587 0.3209058040166459 0.30409515603885673 0.2885877534757485 0.3298591879128099 0.3489196508007838 0.411891661925978 0.4329209231210469 0.462763553982743 0.4553297324173499
0.41213691238937195 0.39471033533795985 0.34768609241794696 0.3817259189992383 0.44778348218653086 0.3911188964982876 0.3749986657844414 0.38157432885520637 0.40168804938363806 0.3771374268306387 0.38475397239046044 0.3603371154025289 0.35177598492013695 0.3478894133675926 0.3199797768469222 0.3041225186376906 0.2355162619313043 0.2498310579706545 0.24972090200003494 0.21829482335473022 0.17144418729962907 0.18874973219719357 0.21351150161610327 0.23570093335875328 0.22089860333110872 0.23116348467586326 0.26273254565537596 0.2671842249543799 0.3279131650258901 0.35597628591574154 0.37292467031492843 0.3558868864607033 0.35062265093238026 0.29197199271289637 0.28220493329300705 0.2745157872519505 0.2380208334485604 0.32564273093744733 0.3604879463116956 0.3682174403854059 0.4109051227853409 0.4367379796176701 0.4441647961833816
0.38658480419542557 0.3772703365356683 0.38337930716462093 0.3886048129324462 0.403594279712664 0.40117671048917525 0.37262447835150997 0.3770958996232025 0.3735069762195098 0.34518675867633575 0.3287999787285736 0.3596282592170303 0.33591198769619496 0.3053184303030627 0.2939901373131754 0.2737409522639478 0.24199363987734407 0.2619881434304161 0.24410520632547864 0.226577951900938 0.23476116396409247 0.22578623132260245 0.23181617513440014 0.2371392690997565 0.2512524891534955 0.27304855440870857 0.3159803073002955 0.3101304830910686 0.35701877746843597 0.33878409913637914 0.3588184572534622 0.34523960739717496 0.33108110786448847 0.277599085677534 0.2435296080119569 0.23922518096912804 0.2532067409543684 0.3013639574348706 0.3494916183467529 0.3726552221617065 0.38223227073821264 0.40660318715093247 0.43297080446018843
0.3270894334291241 0.32159407870967716 0.3383732899354516 0.37077834487222605 0.3754941476946098 0.37516983336018384 0.39314013852927004 0.3783965091356941 0.35041306276028067 0.3058460252957378 0.31730511515487486 0.3136128473099051 0.3164083164975833 0.28554290125559095 0.2522837559200342 0.2829071717380474 0.2520412494234452 0.28447001485397916 0.2661863088176011 0.28966914988093423 0.27735028308869475 0.2303903151958122 0.22889142576862637 0.2776336737114781 0.24756966370247804 0.29899135744588884 0.3154159136527781 0.3328032740861061 0.3602481734377009 0.38211165527446067 0.3564655310263088 0.3604368868609679 0.3098782453793281 0.29994894525366994 0.23732773229235385 0.24271527037708593 0.2528869964975258 0.28411680609998674 0.2621953059240563 0.3412563827327922 0.37686012021534726 0.40174389801500365 0.41747904257338053
0.3117612144967518 0.34806497238600104 0.3467084633979978 0.3274241771067132 0.364826390918942 0.3718467206630997 0.36076846810563024 0.37276478932876383 0.33470801945746026 0.3124201651775059 0.2990286326725355 0.30893406798014117 0.2978474236944344 0.2473212800747088 0.27332480033004986 0.2525586398283665 0.28371190008374547 0.3090480907276489 0.2830417879441412 0.28919222628575914 0.2558109450192936 0.26640320543573515 0.28369323943805136 0.2964537264245801 0.30432303070995614 0.2968007999433191 0.29662852930300126 0.3225370016280596 0.33243999284668135 0.3692941113313812 0.3703029676332701 0.3626125087094806 0.33457154754832635 0.2866250441407779 0.28802820823639064 0.2398840101502455 0.23336690274922883 0.2250105546799844 0.2443452210222808 0.30968196637832623 0.33734120681860363 0.3869859296129414 0.40653816603869675
0.3334016362686461 0.35300627234846416 0.35055675370350964 0.3275684620102229 0.317762431871255 0.3429395357817779 0.36196309853058567 0.3277195721442558 0.34532499193693583 0.2985697139872387 0.2980834224053713 0.26310234408188937 0.2507874866063198 0.22805187448386244 0.25811005736953563 0.2944093874506075 0.3357180331867507 0.2933356260564903 0.28580021178836207 0.2947895282509648 0.2731659063652415 0.29799038490622115 0.3222133708907234 0.3101501225368804 0.34721724827902617 0.30966592554277 0.28483418029665875 0.30988155827823405 0.312409166931779 0.3215274201435322 0.35797579739305674 0.32270519314154067 0.3213897169964703 0.2701221017930599 0.2898947523674685 0.24786616196914577 0.21424638898271806 0.20265937736822393 0.23300962586019333 0.26395971447010186 0.31202944696350254 0.4098782798570751 0.4375668408067828
0.2894356506345395 0.3010480633706116 0.31624913967033547 0.2904946472390561 0.2844280048320228 0.3261388965931188 0.2943487686443282 0.3019439793996798 0.2838876358817196 0.2641944224064762 0.25879249034852897 0.24124469171852914 0.25293213941952236 0.2358127859478799 0.2846431363228111 0.3124803216397374 0.324983955079886 0.3002974576196351 0.3073444838246307 0.3020906966603486 0.2912857241303275 0.3208006763571483 0.36241559402375734 0.3430664069960305 0.31160053186332765 0.3074747331515536 0.28376819857095653 0.3049130155231675 0.2996246808389136 0.32304918212348 0.33645534712665115 0.3225154331745656 0.28667354034130715 0.24972886010762987 0.2679507855882999 0.2623108748233736 0.2309321324580181 0.2366634413256285 0.2506950838161438 0.2827083842742003 0.36016184173231863 0.3991506698844402 0.43413865465047197
0.2733324524219018 0.2668385573530658 0.24497344366223842 0.25071789647359183 0.3025080919411349 0.3093632605341027 0.2587370934349196 0.2808258338138446 0.24666076757662003 0.2576296945162003 0.24618849796800818 0.2278262081474415 0.21491304544388398 0.2593690323546467 0.2754643675083986 0.283629310029919 0.28048702650425955 0.3046822518680387 0.29283293396427884 0.2926373336848764 0.345575380927608 0.3392526390757023 0.3602931749410249 0.3418306552565514 0.34330015427304617 0.2976647468737107 0.2845139075879875 0.3010308896614506 0.2742559316109626 0.3112302089571877 0.26909098656057695 0.2541079168222413 0.251844192795053 0.2711514990677239 0.23941143713687274 0.2252039679871361 0.22720392049225216 0.23829664463891875 0.2640516156868257 0.27850862103696594 0.3558243172726653 0.36598401865077684 0.41146682106968213
0.2620386237563959 0.255527690166685 0.242425071794322 0.24691282395740405 0.2608928679965055 0.2707061658469208 0.27597159610659705 0.25501188800321684 0.25112969863692597 0.2698357803066016 0.24388228557048888 0.2561345976335505 0.24403351834570347 0.25886271759645996 0.2499762824727312 0.26729703448953496 0.2875611599839761 0.2575532533734059 0.27408422347169165 0.31438505035349606 0.3220327157488061 0.3613410586195061 0.3545475154760471 0.35758592914058074 0.33282539674053735 0.31902197965002604 0.31704281077496854 0.3141511965920982 0.30568944779738394 0.2941503056339676 0.29244119164900884 0.2618490409227289 0.2765578482321177 0.253755139083393 0.24195876180869466 0.26426268221708576 0.27271019923808687 0.2704202367292676 0.29151538108240166 0.28906010053814946 0.3558307800918706 0.3704183757846778 0.4185634283082808
0.21463826499982216 0.2372625161419399 0.19035425884140694 0.24109699461601328 0.2438998920524162 0.2710937622890078 0.2397471946042538 0.26216169291326896 0.30182316655886987 0.25699602029466306 0.25851005254387777 0.23813159168262926 0.23886480133094506 0.22996767968004114 0.23265111510087402 0.26762676733107293 0.26974627031333065 0.24991871671671398 0.2570644408303015 0.3098100034950199 0.33003431943453126 0.3478878666789468 0.3527186942255568 0.3437357712745928 0.34906237627727354 0.3334062434071702 0.3541841571940472 0.325637281294216 0.2731184442562217 0.27459097875183586 0.3168241590416622 0.275294490236447 0.2745491251184191 0.2872309599376381 0.28583318422769544 0.24695658764733366 0.280738150153581 0.28084671367866987 0.2706837815919532 0.2895280284785407 0.3127879266360813 0.356625196950142 0.40054812857097705
0.23491226832450543 0.2046086755260905 0.22186915415231792 0.20057474901614603 0.21546754487591796 0.2549060359626986 0.2659429412514321 0.278543311098102 0.2829157342873578 0.27986031380234666 0.28250075294027416 0.2905546172803192 0.2531719540860095 0.28598899117588994 0.2928744429553713 0.2895451309716416 0.3120831156887938 0.28886529372646896 0.28412856023720334 0.3030086550219887 0.32380293637971574 0.3296599583603067 0.37043314098978525 0.36745620863658707 0.3849881269440752 0.34833618114205395 0.34633681505478847 0.30490749114395843 0.28595996719444905 0.25943487426458145 0.3070742906232686 0.2824145146868637 0.2785131610214301 0.24882137897260168 0.2882606874437588 0.24545825114085557 0.2563199877426482 0.2739644942197987 0.3020708183558022 0.2729268326761441 0.2935648999850468 0.33320663837784326 0.3462224228946714
0.21649196469246226 0.23106325097309324 0.22557896609135233 0.23536433245734312 0.24573127696720934 0.22314259696787267 0.24323697598844016 0.26108656056028123 0.32040155833785017 0.30638001634613415 0.3208557826411659 0.2689075277207603 0.2731856940942853 0.3166966466002729 0.3130114659158344 0.316989945787364 0.29629935077239794 0.2846723942976895 0.3101422574706877 0.34718891757458936 0.3547321547539977 0.372381675570134 0.3825017161945545 0.36672993890263916 0.37424215534504374 0.3214718690136832 0.33631686726986604 0.324241794395129 0.2637763438870426 0.2839630870296034 0.28157789076844225 0.27773377176439806 0.22453068634544454 0.2698871516239391 0.27573048053514587 0.23218768402631518 0.2403211055256109 0.2821940978588966 0.28633520094228776 0.2874128054317621 0.3219055788889941 0.32450036372823576 0.3367519355660056
0.24792541914737276 0.22780287698234708 0.257764399110452 0.24615366314025242 0.2148352093693183 0.21912730279797998 0.25191462130163406 0.26752599703853147 0.3130270502474277 0.3132850021583358 0.28459468621338924 0.28940751487800453 0.2973136708612816 0.2918937735214644 0.2832333872762137 0.27364927140036965 0.2576992824485551 0.29021325661728076 0.3080577628583719 0.35683744300388565 0.3878357575870633 0.39801494186928027 0.39132314679621377 0.3944005347732521 0.34661384297924985 0.309739710991573 0.323516185676671 0.31018280400895587 0.28406800380962277 0.2994288358170267 0.26115027248298 0.2588310376856411 0.23489662124731642 0.261598424897523 0.26385610379565083 0.2341009962835551 0.25572721214458516 0.2309203476756906 0.20995728289219065 0.22625126327629416 0.2541204040075583 0.2905474804432134 0.30077567225697704
0.30645706231412406 0.28349640301235896 0.23264532342890754 0.270966112251291 0.23040632198076372 0.23871236104025753 0.24106644856634563 0.27416962956108804 0.2662312879860061 0.2725935638786382 0.28635788863412104 0.3163930569146704 0.31457470886291883 0.31609029935190763 0.2651417241702531 0.2812871674099395 0.2580383578511622 0.2886026893086188 0.28310985102810776 0.3377307007295538 0.38707734157015783 0.3885422542828253 0.3953831302793134 0.3712471643990581 0.32281735428544417 0.3019810380394766 0.28539039181547976 0.3010906100714949 0.28180134677167257 0.24805815530298989 0.2673911939454477 0.23773022959428897 0.20707081049848913 0.24269986415984038 0.2498027432778043 0.21875684650564947 0.2149768537838899 0.19650686163622938 0.19524103613536042 0.1736252415531492 0.19243514337462217 0.2485992376930895 0.22655210745270984
0.33172431084468296 0.28632559989043066 0.29487123773095314 0.27665735891597637 0.2692131312967476 0.26488163042284246 0.24602688597908284 0.2527600227309399 0.2703252916363935 0.26969926848335213 0.33140554134834876 0.333507104943349 0.3091172778241046 0.2964803420203417 0.3015881171465976 0.28593316228241555 0.2997419811270597 0.2911422759458334 0.31486265542290587 0.3509412213168527 0.35951789550603375 0.358975279400528 0.3890821616504596 0.33945838543768425 0.32772820674135505 0.29397200880647983 0.2794838004181224 0.3045955526631592 0.24359952525260256 0.23177658835467274 0.23121429127769738 0.21453720791538655 0.1739948211549866 0.20243964783414375 0.22120761677836126 0.19573299896783133 0.17350420485628507 0.20191200683076205 0.19834038352886052 0.16650364439367796 0.19508859674022824 0.20361937318366083 0.2349518015019821
0.32854509531488796 0.2916309085113497 0.28456115954612693 0.27588795223697743 0.26081999097245234 0.27337274361107267 0.2390331975895153 0.2501200148308319 0.2594080482751093 0.30337002447726813 0.35390607623860104 0.33811808676622784 0.328360504482507 0.2970992623180685 0.2991151490861572 0.31698132109562105 0.35928449197059154 0.33002773992355655 0.3477051165955181 0.34460793273485885 0.32505619589725837 0.3451828558713979 0.37476143424358915 0.322057613041914 0.2955492949626582 0.28314076411182765 0.3144816365491027 0.3100854062948935 0.24149261483688822 0.22860522944842926 0.2283249663110474 0.20502109689859407 0.16173977385834581 0.1784406621002013 0.1524675505595319 0.16770180634463136 0.16674775339328135 0.1498651468958176 0.17158183430570956 0.18203895783490215 0.15356639379383336 0.19263202525279643 0.20399104201731003
