Raster_benchmarking/DGGS/continuous/raster-312.asc
NCOLS 100
NROWS 100
XLLCORNER 1743158.5220153555
YLLCORNER 5469291.015614082
CELLSIZE 10
NODATA_VALUE -9999
[rows 57 to 75 of 100, columns 43 to 85 of 100]
0.7335222849916158 0.736557837384772 0.7352345915659826 0.74549584633899 0.7557432166584076 0.7424595759551195 0.7794140024746503 0.7700150841770769 0.7970038186387972 0.7942691484233954 0.8573108403314723 0.9604670440372799 0.9053013423712705 0.9007452045274146 0.8576672638336817 0.8182383895368109 0.7408645778885425 0.6812847698830189 0.6876315506585909 0.62057206172966 0.6325426089427454 0.6074983398996566 0.5811724012564138 0.4909295586384872 0.4708658270338455 0.4182675756188017 0.3697680966912407 0.3572732230423505 0.4023964449507583 0.36467433687394557 0.4026575860741859 0.3912240531150491 0.40070163646163415 0.3638353640663492 0.4096144962829356 0.40860455564923437 0.4282449774034596 0.38774635745215547 0.3620021824407806 0.4017991054754734 0.3744861555561187 0.2954292315066125 0.2270077198907156
0.7211180001506521 0.6991263480517502 0.7192708466888301 0.7413453497960807 0.7583957957703804 0.7365715090089702 0.7659775479968584 0.7433548154932869 0.7957570852065713 0.7727615940929875 0.8506878240962741 0.8866729314507017 0.8727259396244321 0.8877034726038281 0.8634314151669008 0.826896744780653 0.7623043888405954 0.7038383692660398 0.6836070507133787 0.6780809442235332 0.6291136217486204 0.6238240987433821 0.5748025292508958 0.5690965179931141 0.5066741621549232 0.47118042098759677 0.42111835594357405 0.40025003518779223 0.39824669943943136 0.3640553700244821 0.3964460395423923 0.3747137989447242 0.3396560139581216 0.35717053066672244 0.34583912791828486 0.35242419403598224 0.37676592560785327 0.3509727914880573 0.35734238789743816 0.341798589377684 0.3284378559639585 0.3184005542311043 0.26398835981471513
0.7295702557768126 0.7268688989686036 0.7128243993469292 0.6665119416266462 0.710601511722042 0.7611620695418009 0.7444581755490312 0.7686163749394559 0.8063878994881944 0.7846994353885408 0.8127486522434593 0.84298672364774 0.8807452414260712 0.8539044396342949 0.8041779945954005 0.7435014029816636 0.7251736788642811 0.7627167678386501 0.7299381083413706 0.6573806863137855 0.6874318402525846 0.6438435313865973 0.6177425070234093 0.5676090483174414 0.5262163604409278 0.5185016562556584 0.4634929044642613 0.36780000437403815 0.4214793889505933 0.4166091914370293 0.36768845111837867 0.32210240897774145 0.3249684027340582 0.33192005260491175 0.31187885061488846 0.3436679992114035 0.3488336607401309 0.36080631641371325 0.3352573122864279 0.3704739968902387 0.31876995586811174 0.2637323529835336 0.30041833418944336
0.6487273152722629 0.6824500426794965 0.6905506719250464 0.681020277369961 0.6798470803929902 0.7360289283036604 0.7560547501766937 0.7832399335752488 0.8052781299243459 0.7685917250371705 0.793514352946751 0.8304047847874848 0.846198771413493 0.7776044950211817 0.7793442905647668 0.7571420653239658 0.7512890314038355 0.7327282774372543 0.721533244716052 0.7524228023491468 0.7146503690947579 0.6574553069298832 0.636795629120621 0.5947061777268078 0.5473283435530413 0.5512973473254368 0.4826352431974801 0.4440119858531763 0.4173560436525909 0.3459086147761529 0.34162904278813766 0.36030968555344733 0.3425594213275277 0.32004145212603424 0.33330992151198 0.3663998883894878 0.3427494470541876 0.3453460418730545 0.32226411148181383 0.3010125423359078 0.3297446314083261 0.27637716961617387 0.31077619104897447
0.6847325963682557 0.6275297363136585 0.6636305930006674 0.6669534938921693 0.6782056892349009 0.7118577504284205 0.7721953817725075 0.8001880170248127 0.8068851491720245 0.8032287643206505 0.7723888547861585 0.8096918188484126 0.8208697203388072 0.7571495638651262 0.7058370746224817 0.7051716257634425 0.762302037329363 0.7402986832367875 0.7674143330452168 0.8046693941948521 0.7464803940700329 0.7026768742238736 0.7159430178535453 0.6853595240980502 0.6173044215348386 0.5271162546425494 0.47228459309309384 0.40376620889029335 0.3572075313399064 0.3501493098653021 0.33832436105418223 0.3385701539473214 0.37897029842837937 0.37651755008241145 0.3290461269320606 0.349395732356662 0.3763265958390615 0.3511008455784884 0.3168267693005445 0.2976468679884432 0.34001412866232433 0.3140875652911183 0.32799379151353036
0.6519823237210353 0.6627290071332962 0.6818490278560618 0.6525667831766918 0.6677661127879162 0.7399072710934753 0.7532066164871801 0.7577735665422046 0.799193554391924 0.7827805493241032 0.7647265546812354 0.7750073276538444 0.7612703718335158 0.6885650870992687 0.6803045386306192 0.7399284811297905 0.7358193127930662 0.7209527361277576 0.8049622619822643 0.8292098084851875 0.7532593452814088 0.7098996959818976 0.7169774900135925 0.6625314504414542 0.6014116661875578 0.5722964357195076 0.46628299172949117 0.4245214022686048 0.38656939475136165 0.36507030480249525 0.34327347918987183 0.39642027378578676 0.3935433762424294 0.37338441528334787 0.35585329217687656 0.32038529900510704 0.35736207915317625 0.31955964276958876 0.2813889428157633 0.31564241419112565 0.3030212649731356 0.27953206389916957 0.29136276264881433
0.6177943928260898 0.6599205862394607 0.6576989725122769 0.6335867477054026 0.6896443462789312 0.7198085599942715 0.7108411952844627 0.6887323053265002 0.7703677210770081 0.7613993679506217 0.7082836701400513 0.7171671285435965 0.6879258785201119 0.682065031226633 0.6793530353318301 0.7028771480648952 0.7511784288968216 0.7229234748729324 0.8184910395624191 0.8337064767790433 0.7879171636616553 0.7897115874901964 0.726084099367328 0.7132989359230969 0.6554671786866271 0.569324894502979 0.5532619069801101 0.48200106681086907 0.4542696283238427 0.4141275976164521 0.3826620365730456 0.38484860728923287 0.4174112414566573 0.3971389875983601 0.36199608858640286 0.3537965066404595 0.3140119780285577 0.29733181883671644 0.30297170512173854 0.2499394168213163 0.31140506734380163 0.2922061981043492 0.3216540843217186
0.6652106007953132 0.696969717287245 0.6882298509536413 0.6463169779912771 0.679196294434481 0.7415738041916271 0.7269392583324105 0.6917157316630287 0.7302980176078373 0.7357831512073307 0.7084323438710116 0.6574841296190862 0.6864572088691431 0.6849723546266187 0.675208932099132 0.7151841189281375 0.7086342649705335 0.7516627467080167 0.7982329203802113 0.7838885104536534 0.7698249427384096 0.7594239820857587 0.7136285974080968 0.6861061577900961 0.6982648060307022 0.662887401642289 0.5819663007936847 0.5185628772063252 0.5007940484455928 0.5284530009677159 0.5103118517138643 0.48462159765583 0.45760106384655114 0.4536071791552189 0.403892241598187 0.3424268949551737 0.33517512749350936 0.3429789124991534 0.28378582552774995 0.28235055089406647 0.29600624639102086 0.3445489486280193 0.30058219723460794
0.6249189688424527 0.6927646120804509 0.7069501531540727 0.658137821086157 0.7144144086863261 0.7129821910668386 0.6793716252243547 0.6968244958618252 0.6564979252356601 0.6564609221207571 0.6211554247693631 0.6181495563623441 0.638773792583448 0.7002812968082794 0.6902081379279938 0.6900602155582691 0.7417639558492651 0.7698081596905294 0.7827076589121779 0.80340716389737 0.7929862238433316 0.7371483052423204 0.7413486054605201 0.7276529213539443 0.7162740619429581 0.6876255789128144 0.6480483406715511 0.6348588721305466 0.6053003299793807 0.5930122924616351 0.5415667442282809 0.5120744951719006 0.4462778362400154 0.4326766959172438 0.4257061049838888 0.326668099780844 0.3321554635853332 0.33705213539389844 0.2923273365800809 0.3090321854010538 0.31712542130606397 0.35588282965070717 0.37291481548004446
0.6686480634458055 0.6480167081886032 0.6504469887106755 0.6718103303602844 0.6988368790434312 0.7060976152401721 0.721325916193141 0.7203834007971349 0.6746739724095152 0.6821865133355298 0.6142814888550618 0.6528788083677529 0.6739747534336693 0.7423792696763756 0.7486138957290026 0.7361089654731372 0.7359176177962735 0.7217051082213292 0.7703427962845829 0.830756335145347 0.7925321827050549 0.7495809780697477 0.7458940460084578 0.725746497445957 0.7367569281867872 0.699915032020174 0.6909938722386625 0.6481010023406647 0.6834492168055165 0.6230016431882488 0.5752881735894155 0.5716621891187749 0.4879777942353146 0.47718115976887643 0.4489591850002111 0.42913862768129335 0.3893249061403869 0.38996368657655556 0.3391939703410036 0.365453545034458 0.34837322790427827 0.403625106268152 0.36857808889450694
0.6866761634174057 0.642285657692989 0.7147975190235939 0.7195765623041542 0.6854480729740192 0.6603161193705689 0.66784536785355 0.6964766964951585 0.6891512150271243 0.6568353677075258 0.6204725027358634 0.6432881212738837 0.6460730635019674 0.7400215894296094 0.7700489247007586 0.7641332348319616 0.7934323403815557 0.7274048766541333 0.8151551366567351 0.8506041095121857 0.8232574305263821 0.8224046545615324 0.7599175475464206 0.688014361057434 0.7017684438875491 0.7047018448456502 0.6815234740436464 0.7034169689145872 0.6863542843642881 0.6701317300036629 0.6076054571118947 0.6056635833099133 0.5400063752269292 0.5272929154191728 0.4664088288815234 0.42330846344699186 0.3768344096757695 0.39151300842754955 0.41620619627198846 0.37767966287117094 0.4059259399059776 0.43767445667757476 0.3936941750954284
0.6828872634645047 0.7166746791864842 0.7146539872636644 0.7428267808195693 0.6984720748038379 0.7133076374697219 0.7134450033422708 0.657362388159638 0.6631700170328683 0.6830354635199337 0.622915733217425 0.6461595622238477 0.6613000162585652 0.7416853499921627 0.7599754741566984 0.8095337300389025 0.8105846605620485 0.8010166690897909 0.8120195934112762 0.8859868159590106 0.8680059392817915 0.8349605748804374 0.7572201439455054 0.7524293659067768 0.7173038516500726 0.7729216194610706 0.7327717369192767 0.722327345158887 0.7052684426464639 0.6764458543179821 0.6763557312375521 0.6613495335728254 0.5664543015708438 0.5649783349426393 0.5105035367447683 0.4616636792342758 0.44580396610100104 0.4351936872947159 0.44128785879740573 0.4462038567914301 0.4704919344162198 0.4933393954861006 0.4540775510342577
0.7386973539698702 0.6846902738418921 0.7197507644662791 0.7025720602815417 0.7261577434714747 0.6860021385262725 0.6565775086118345 0.6713467073298944 0.6461139341375112 0.6539381900499456 0.6978432791283141 0.6784540969205293 0.6884477729396103 0.662222599426578 0.7262969097675486 0.7682674738732512 0.8074259143121846 0.8409526213849996 0.8804563313476288 0.8837643350395568 0.8468322573096947 0.8346895973141519 0.747996253396019 0.7238142969197036 0.7695064943252272 0.8204758476133132 0.818524756403405 0.8306415995831076 0.7247370768135388 0.7013009591497357 0.6672493166445651 0.6721030659815441 0.6476422763771732 0.5977689346795563 0.5399470764487433 0.47181645261782407 0.4583899152383128 0.5366696005593409 0.5624705505328709 0.5614390471194065 0.490474423865397 0.5049544906230365 0.469368030078285
0.7200110739889546 0.7296937341236666 0.7466636424028567 0.7212370472241262 0.7307289855506244 0.7041052491129061 0.6963961203986783 0.7243448999438523 0.7008072884572505 0.6526164628881472 0.6926876470647739 0.6749194623492433 0.6491128559023149 0.663740939415089 0.7136852057457208 0.6918700194903431 0.7571020149500045 0.8052320200589638 0.8467017517212578 0.8310237954207529 0.8615015753968925 0.8508716848803871 0.8156662117309673 0.7602390602161712 0.8044437404878766 0.8425214014029898 0.8475661784425207 0.8219837958940124 0.8003789408157685 0.7335968661565121 0.6987438687936908 0.6927653241270649 0.638908940177015 0.5895245826500387 0.5728969235727952 0.5405068931519944 0.5057032261150761 0.5517682627245688 0.5823596718829175 0.6058823836478463 0.5566727749430492 0.4998409016140576 0.5052156836798886
0.7348217728719667 0.695395962712644 0.7632012649360932 0.7842648765901793 0.758402273320256 0.7649901612598357 0.7677736572300626 0.7580316012376513 0.719773568049943 0.7060473788971283 0.6847503610057271 0.6410920071811604 0.6304529507065292 0.64744774719215 0.689471859831579 0.6612937953098684 0.7512812721805877 0.761733290473589 0.7762729657267999 0.811206192048991 0.8776298659500277 0.853321723888457 0.8035219588041455 0.801810588675875 0.8794414206159502 0.8977112060716194 0.9048810416320966 0.908425050578518 0.8135871436985542 0.7316461948933752 0.6620605345856797 0.6705984331600295 0.6255765680367636 0.6232425406655614 0.5944093223855904 0.5382339147942757 0.5478634754686479 0.5620427989014938 0.5822071153576535 0.5871834152593327 0.5517609427833872 0.5168757769405752 0.48241681006424336
0.7458057843840821 0.6921952377132646 0.7301213365729726 0.7875731669340509 0.7937242082607741 0.7983129112425698 0.7787251644382478 0.7166835398787397 0.697044323127393 0.6880406228465185 0.6568136369278966 0.6382188277816727 0.6769675807795091 0.6498414639014898 0.6671947965230732 0.6524139176632225 0.7060441773410089 0.7632898786676314 0.80381163316903 0.8283549491674971 0.9035211764290502 0.8822392021607977 0.8697024119143324 0.8540633565008028 0.9026675351654618 0.9153765607700808 0.946285838267712 0.9311380776711046 0.8358722447225283 0.73153523416784 0.6887619673006381 0.6574387223836918 0.6751867118903254 0.6573803426711943 0.6525574970272544 0.6026641339219332 0.6010459014527182 0.6312028612709049 0.6241704614059184 0.5808461798513631 0.5858767963534375 0.5857773184150524 0.5477605953129372
0.73882127719988 0.6928421886907917 0.7283424391001737 0.7539754846460482 0.7258202314663545 0.7475381572246909 0.7347070604099151 0.7607995876660971 0.6913602994957506 0.6899901644940387 0.6153250908948849 0.5846203357789798 0.6310968752391449 0.6984403777703699 0.7143315458190452 0.6735423077156113 0.754294721898154 0.8018624129926369 0.8393336973787712 0.9159474495698177 0.8668391084648143 0.8942481758081655 0.9214408935250147 0.9348020091891384 0.9548219879300599 0.9856347518003438 0.9352626405210289 0.9389453291028705 0.8247962842368692 0.7937325959704266 0.7237436554729579 0.6797017932508719 0.6804624634938676 0.706319662203523 0.6538462679010728 0.7209443310922822 0.6265735993072729 0.6557426432190726 0.6022100396919228 0.5671888409252784 0.6123846547850047 0.591737104939627 0.5716723076554864
0.7212984924866341 0.7000486436388218 0.6996056970380843 0.7495138212478851 0.7473759539335189 0.704734978991748 0.7297274135607335 0.7477880245407613 0.7356299935218125 0.6889210968788749 0.65692547996814 0.6552739084197544 0.682790030328625 0.6927600946703942 0.7338671666051353 0.7455624558948553 0.7649329413061091 0.7843096782151228 0.8642929867249873 0.8748729809504899 0.8675972051708749 0.9057040568914473 0.8730615885415127 0.9030473780682201 0.9380595679156142 0.922325664913523 0.9731088190385286 0.893051178125484 0.8456991892850657 0.7892631669645932 0.7778633550977315 0.7138432422033726 0.6764904962069226 0.6933467661588333 0.6689614621089731 0.6607050460747452 0.6560289977575587 0.6756957699559482 0.6132438764729573 0.562830877877757 0.5924944680059838 0.5778859302385798 0.5632131435954992
0.7091266899498664 0.7156510802767977 0.7011408919321427 0.6585577392266818 0.7137622354750314 0.693553156454414 0.7302372477146438 0.7610809171669479 0.753422897773358 0.6963815711068212 0.6818742120193408 0.6496353136490486 0.6971563883169328 0.6999265851305991 0.7409325328640568 0.7502512012245484 0.8131906456388142 0.8277294540830584 0.8180385606567364 0.8177286575354169 0.8242961836434801 0.8452951517942265 0.8758833071852292 0.8401911075768674 0.871823805883039 0.9308528238734538 0.917939875591736 0.8976698250940065 0.8287085690408084 0.7687679843440581 0.8080372859590191 0.7414778311921878 0.7339074239888144 0.7140779010093966 0.717743209654375 0.6631902962374335 0.707194418144446 0.6756190030503031 0.6497242035803914 0.6178275850626239 0.5540447475339857 0.565434753384612 0.5479522472112136
