Raster_benchmarking/DGGS/continuous/raster-475.asc
NCOLS 100
NROWS 100
XLLCORNER 1743153.4776979424
YLLCORNER 5469287.747427033
CELLSIZE 10
NODATA_VALUE -9999
[rows 57 to 75 of 100, columns 43 to 85 of 100]
0.390301068328054 0.3772880076915107 0.4111276229033806 0.3900325861260836 0.37449798487716834 0.3389821107260792 0.3591434298554603 0.348700540332457 0.3398523389980995 0.34546392286431776 0.33921077987262876 0.3397126013041475 0.3445508891414028 0.3443992897791079 0.3690230258790629 0.34470266782833364 0.3561849452808075 0.3642576098377539 0.3705076592836612 0.33478581329487384 0.34878460372556114 0.38295977976395806 0.36748382163896287 0.3768455123029934 0.349982993874298 0.3655003058399029 0.371697263515295 0.381332464612496 0.3960283182144085 0.39840455839868055 0.3666531277144067 0.3816872606307325 0.35077532003314094 0.33279316711397744 0.31898064309035606 0.29819146632919913 0.2631610075937264 0.26634919524833456 0.24388074272779373 0.22648076143814927 0.2087815208755912 0.18218951024453828 0.21343699263310445
0.4199254963547709 0.3911014945985876 0.3954096105013191 0.41959840293162987 0.40720960325283745 0.3668198607136426 0.36304691151303725 0.3368480257924498 0.3442233593144896 0.3571723635235532 0.3365805175928591 0.33567092766429946 0.35078957772385033 0.36880772630639125 0.37573236597861603 0.3703385145800359 0.3675906339854612 0.37887729564609374 0.3853164515719896 0.334794740697631 0.34438714744227783 0.3635880903793048 0.38305650688412063 0.3589218264212663 0.34005091518592984 0.3835865199163274 0.3652181852128918 0.3420805016153259 0.375151609571244 0.37200248130523705 0.3599266263771436 0.37753910033588933 0.33694696767460924 0.33548715964222636 0.32819830362742086 0.3208306142996698 0.2978968337734417 0.2631158250134374 0.25790566783713015 0.2342789856710966 0.234012357232882 0.19719944167818834 0.22178701097849537
0.4316447273031728 0.43202378621414245 0.4351524667121642 0.423727417167265 0.4063940713283131 0.4175003049445556 0.402288529835066 0.36190359593658655 0.3556569761499314 0.32089774332767457 0.32928934337104354 0.35595147132201027 0.35207354010121455 0.3649651821627644 0.3947457736323997 0.37627560340666216 0.39043090488579885 0.37812248314873564 0.38303804561590604 0.37308589954240323 0.36819178357326215 0.3345136383160547 0.35985795887808125 0.3522660233487331 0.3422636227647061 0.3268885060575528 0.350413938465625 0.34031744585708534 0.34811966168459274 0.3921856546290506 0.38863497365912614 0.3870759600592881 0.3441983592909572 0.358301602027552 0.31881379474201255 0.3087884102592364 0.30710282956659923 0.29871724200960764 0.2752640544247417 0.260503879084992 0.248533304508025 0.23511163506862517 0.22162978428705138
0.4279950617391698 0.46958620881358326 0.4248424264608426 0.4138454324237181 0.4293969051456068 0.43402278720948767 0.4002328869609303 0.39854457587201075 0.3744821626776285 0.32879811988255464 0.347658554934786 0.3461481077236558 0.36599139454086127 0.3777090502911694 0.3836092926582251 0.4050725977348838 0.38804978698825776 0.39276386739238184 0.3803995554637214 0.37009140773929783 0.34869827721063035 0.3187074822829826 0.3404980892538293 0.34944086311178335 0.3234917813628129 0.3083625728690029 0.3499418427371164 0.35169061717638245 0.3665897101214897 0.381044634820135 0.3732023309950128 0.376636823522554 0.3688189783535952 0.35094439226849106 0.3518032325376542 0.33774236946596575 0.3583964957519165 0.3526213692425999 0.35168061987261856 0.3152332776987694 0.28003927514459964 0.2799831108009985 0.24680844353092665
0.4335998645920219 0.45702625062592095 0.4510839720233284 0.42970263430907446 0.4403663878261841 0.43047388655055113 0.40183070913042235 0.3869022104548795 0.35734813719083774 0.3307528603271097 0.35095499620004117 0.37466570914172515 0.3948998180710657 0.40055059826420736 0.41285242302015673 0.42451976476325287 0.42845530770555496 0.4010331835346006 0.4077725316684144 0.3874018999945454 0.3852677252949999 0.3607843844153457 0.34911741538176955 0.3518692005104564 0.35504121512607745 0.3596101748169645 0.3504562035440765 0.387986327804312 0.4159673560683966 0.40484296870536174 0.3988499620324434 0.416638115728148 0.4050931797682888 0.36665197737940103 0.35792890289005513 0.3684229639283658 0.3882555601638145 0.3818817725071468 0.3755940862738284 0.31926589524279736 0.30927163388855594 0.30156869172643713 0.287019502607929
0.46899759823412474 0.4424660583706272 0.43541874044376505 0.458019034049084 0.4666617750206582 0.4586061889867545 0.41795215962210325 0.39276407404589875 0.3747383375661126 0.35832087587101585 0.3647376743282406 0.41409665896398207 0.3917466477486048 0.37800365941135133 0.4065269277231404 0.4209839430189655 0.4312670223847799 0.4297040811988754 0.3930400937210495 0.3802517905887863 0.4155649135570105 0.4061623001365885 0.3565780939024153 0.35611685289682693 0.3772444019779322 0.37793963425047516 0.4082530676314361 0.41970788246810314 0.42479732057837216 0.43009433821905463 0.4254495255003387 0.41379872640694493 0.42580802051631816 0.3929566472450841 0.3813342512227975 0.42194638898936815 0.40562122183280597 0.4066357243484613 0.39639230127800373 0.3410531273089233 0.3385483736696724 0.3113825083092004 0.3392541487525304
0.476818657531523 0.4802787660111587 0.45670774412836024 0.4665741049779737 0.43728991480930135 0.4591765537405477 0.41242893930811797 0.39905708824152647 0.37289811740243395 0.3733563022736917 0.39032138189704674 0.39544680828947365 0.40883683112249986 0.4354666049796294 0.42484416054762186 0.445632131850973 0.44851890368165703 0.43285490488596506 0.41673583377622964 0.42512537983172904 0.41563063148233614 0.39721093422487075 0.40319292186104744 0.3837601007832322 0.3978925363959945 0.4172833514893296 0.41009471379964224 0.40706379648397634 0.4250469789524952 0.41401846634440637 0.4204829629932643 0.4457131789614222 0.4172402631680429 0.4012018301623639 0.3985904419369483 0.43210471490061014 0.4111882555278421 0.4270591184520379 0.39545595709907816 0.4041822645825391 0.38400409399054114 0.3608082787499893 0.38148776307427146
0.5102895641535022 0.48539495503565266 0.4432971470082343 0.4341720116378257 0.4460878127443654 0.48269608348451815 0.4513084293514539 0.4020684884264851 0.40557531337285363 0.3728373905080633 0.3905700133214063 0.4496479577147992 0.4262813066993267 0.4450685453473424 0.44096878724688515 0.42251452196146755 0.46215283480269476 0.44093471582676785 0.41659634572602344 0.4474762796949457 0.4347341452957363 0.4208430755543647 0.42384244406189336 0.41691768845139965 0.4204128727142334 0.4347039687259124 0.4560027561526191 0.4598340299093955 0.4362148850444316 0.4206493554323739 0.419261893350479 0.44760792747652 0.42443066786812705 0.4249349827201296 0.4293278486550513 0.4378613515774287 0.40184517303783807 0.4316375179759854 0.39583901659519954 0.4088383598458439 0.43042508237872656 0.40554114463013424 0.42727897664968684
0.5137977545291728 0.4771406019805125 0.4825748255902461 0.4455728131521311 0.47204844693947534 0.4455350303085492 0.4325221766582994 0.4400282773976951 0.4137470571264942 0.4398402307076721 0.43740470554224165 0.4567039275638561 0.42832296089082617 0.4599646119470102 0.4542805271489224 0.469482282650842 0.45099483541721447 0.441320519363423 0.42853290878789313 0.42837771792080304 0.4255692275627568 0.4099798226997934 0.40542352138384635 0.37750099011740884 0.390026320432421 0.4137323974584512 0.43669767914862845 0.4331545779707597 0.4384866482111384 0.46016093733172975 0.43576685641164703 0.4219171861912695 0.43604961202029807 0.43173376068208996 0.43741452179782 0.4387638923543537 0.41076650374212076 0.4279472986049347 0.41453484090476483 0.408940888408185 0.4434472596347759 0.4542565768838768 0.44494495052510064
0.5261323212326272 0.514273686211606 0.4865409819406537 0.4570265744136689 0.45655021821328506 0.4391667321813348 0.4596263783493019 0.48102492487642556 0.4776391605383742 0.47646746937357 0.46074246270497266 0.4317581859930747 0.4506058463683307 0.4257265307580907 0.44232068428061677 0.46382428576410706 0.45345536975012657 0.4502254895261217 0.4452722123001369 0.44933148415356083 0.4334388756214008 0.3784460613568226 0.406401379717491 0.3737268962921876 0.3696996854032182 0.40587698802739186 0.41044418323227466 0.44383778400924173 0.4558131109582542 0.4606167686435567 0.4486041892378463 0.4117938481944858 0.44039708121518867 0.43794317039579433 0.43812657032955077 0.4363250496951148 0.4095820682664003 0.41149870814216666 0.41409599001251746 0.4320493922046255 0.46704598232003974 0.47925564994506786 0.5012338766774904
0.5098792247366287 0.4921546548744046 0.4734665597897682 0.46931816131046006 0.4627958039257015 0.4737164043593228 0.4713534329660407 0.4833089127139566 0.47803989834766913 0.46156410401906534 0.45804415583511565 0.46769725224761566 0.45607419677970606 0.46857118144076165 0.47141098749385246 0.4434913795617346 0.4545353210360512 0.43897472601878684 0.4598907481483262 0.43846543108497626 0.4169798711396346 0.3981342781354892 0.3801764310641414 0.3858638831412717 0.3768331341237373 0.4088099569787912 0.42304340848935035 0.43711916148806307 0.4412188381279067 0.446440811307367 0.44858907829266936 0.43129028345589604 0.42260213445637124 0.4342749057033271 0.4381231065027401 0.43967724267463393 0.40612458924893396 0.42933704681009827 0.45023941726504674 0.4625250756034077 0.4813131690866131 0.5261148628720714 0.5294046321909082
0.5147454407564769 0.510587837093285 0.46566779025296395 0.469129519993299 0.4469574557662021 0.4746029320190027 0.4414434846329688 0.4553106073792862 0.46891038741903207 0.47701716501880864 0.45310930812490613 0.45015016126516727 0.4565382089812212 0.4817780000971311 0.47749991789076995 0.4502884325715185 0.4322509767893784 0.44671175959382453 0.44449520623873184 0.40667763218074143 0.42951770443275306 0.38787351972963524 0.3957334147814252 0.4052858016917309 0.3938667224284494 0.39652120344732383 0.4448879044152638 0.44530287247883815 0.4341823071927301 0.46264234029714113 0.4349124240829146 0.43942323679214174 0.44648466924168123 0.39689028602496124 0.4312162202802648 0.40830882144550834 0.404996768399447 0.4170410317835506 0.4467460504042638 0.5044617203450322 0.5260111434005336 0.546941949784315 0.5432255307935441
0.508292129781235 0.47672588270657107 0.46065624613608985 0.4646460559862034 0.4496894948825512 0.43619624618361325 0.44468877854569366 0.46862395205146606 0.46649433937286877 0.46831122884515297 0.4691183556918726 0.476099765317392 0.48066587764886726 0.4962517001105032 0.4722893150058619 0.4329152336040423 0.42463156112625106 0.42312185300197896 0.42647192044298277 0.43207856498998737 0.4439763970428057 0.4118341973573017 0.4108624097537599 0.4066026900193438 0.4061962302144867 0.41604087224235264 0.44257520330097233 0.42644757065706934 0.42841159192627964 0.46012343879254386 0.4596370881786071 0.4398393428269991 0.4468266118431682 0.44829314756720845 0.41297484773312476 0.4052489660388468 0.4137126241962214 0.47788731862052203 0.5022553875973002 0.5272772261098599 0.5523273576004352 0.5516672906308446 0.551943525544041
0.4647998822536301 0.44490740457692596 0.4604061474159084 0.43067438130889246 0.4378467578585053 0.44867825178204424 0.47100906895884476 0.48518834992077625 0.4814360009134047 0.465156833847842 0.489832288344788 0.4862556449282667 0.4843176800333715 0.469412128145375 0.4715936077052507 0.4497639818246362 0.442752446236561 0.416449179881906 0.4473362220350324 0.46260890308227925 0.43123279816813354 0.4348874896627881 0.40643836382971166 0.4195062321523916 0.40088132810909427 0.41369809374198124 0.4233255512023306 0.43176567382671266 0.426804563139424 0.4230869041551377 0.43832117370113255 0.47512795223556015 0.444306755539037 0.4612075952091052 0.4474906026188683 0.42428188957079704 0.4680284890630603 0.4918090045466024 0.4988714510028983 0.5215149376847124 0.5403407571561752 0.5803836152392902 0.5726484680178274
0.46459966956283255 0.44247425532854484 0.44906906454317735 0.4201070366121684 0.42103669123584037 0.4392817156883834 0.45400828819200584 0.46167270546386185 0.45815838797940456 0.4845736146093132 0.4966241431469656 0.474637448493168 0.48944950138734433 0.4706398299550377 0.45807364179066495 0.4685243308130679 0.4222508950196256 0.4004650139168173 0.4332139421827652 0.4685002497343344 0.4460574318840748 0.4380229341822482 0.4330963450818308 0.4267961163832375 0.4011646545596552 0.42303826085649243 0.4253419163126687 0.46094719173957455 0.4620465239981863 0.4398708334549387 0.45590667680771096 0.47721501706211633 0.4544908944323656 0.4803262059103882 0.4682755045989313 0.4587432265531727 0.46527468750634293 0.5200074830128512 0.5237751612002847 0.5233108828282779 0.5563058814218136 0.551565712862086 0.565295114277828
0.4785601691658042 0.44111547381176974 0.4608552704920782 0.4522401935539628 0.4411588409640406 0.40309393041857694 0.4345503957088254 0.48292706659949913 0.4644918543024355 0.45784062548216964 0.49334480529975056 0.505427514180811 0.5039000368224579 0.4907433069879995 0.4670652994679597 0.4750108284520372 0.4340059611317883 0.4167673459092219 0.42402330812465777 0.4614650890555803 0.4604202769314819 0.4794591102921467 0.45497739430166295 0.42150528861219455 0.4428482122622269 0.435136746307783 0.4200709051443278 0.4407992464917803 0.44813056012639846 0.4687082698137049 0.49135715528324214 0.47770435677391754 0.48674642829197284 0.46893783017869095 0.4806492369656571 0.5113959300802942 0.4899355642325064 0.511393184324633 0.555849540767077 0.5541223111323178 0.5714740800954169 0.547194618732321 0.579941334074295
0.45241840989824306 0.44783038237670164 0.45343604324642306 0.45172084156894077 0.454961608996835 0.44997640826452734 0.4564810423045102 0.46508657688838745 0.438775470364022 0.45162980615983306 0.4532203903612024 0.46879758433562646 0.49421045524443225 0.46981006587698637 0.46481609875043695 0.47307644052884407 0.45805293555788024 0.43141145192688796 0.4663715233720925 0.4825252366674408 0.46702321194240837 0.4547130250908387 0.43068375851853724 0.45074955922861104 0.44907980324532737 0.44915074757433 0.4507720323524501 0.451095767522533 0.4445720246314551 0.48135463827598246 0.47979223507978436 0.4930707028391882 0.48430656426427326 0.4973313919902682 0.5313876503187982 0.5203142329518692 0.5277361076576846 0.5470313137635883 0.5662267616570686 0.5621972049765471 0.5674484244562519 0.5673603300717589 0.6000638122800934
0.47579307391888953 0.46806630003670435 0.49058779091643534 0.46616963551573926 0.4409200815861104 0.44423978582679713 0.4405497766769191 0.4487621307804534 0.43996765976975144 0.4471146728506001 0.4664285348821591 0.44522353816731686 0.4576720749270032 0.49918098094820396 0.4790263806189836 0.46715536091883025 0.4772176487427431 0.45497154591640054 0.4574890382294305 0.4684289879860045 0.4646875772216031 0.43808903114010134 0.45872087351166707 0.4440318148860638 0.4481851963407314 0.4154472076283588 0.4209523914341252 0.43915459183946026 0.4571421649463278 0.48596619985359873 0.508902329729418 0.5186897570596601 0.5253187918160226 0.5569333960846715 0.5738005369291413 0.5701221996252337 0.5460259657483814 0.5636935617170625 0.5777693205557879 0.5745574936323069 0.6045969716450058 0.6392602595165716 0.6333721430732132
0.457772058685504 0.4662160244353775 0.4878761250554902 0.4620157839813075 0.46864469232234574 0.46047654270593713 0.4498172545408997 0.4276238022035771 0.4261912878513975 0.3997890755010157 0.4490908686608264 0.4761929807216748 0.4797417895401216 0.49752410288711213 0.4960672801533105 0.47306378291150486 0.48306611150728557 0.4756346981783438 0.43160384396036156 0.41646934974373634 0.4336659736412517 0.43734237421216743 0.451361231966691 0.45107212963424026 0.425192447432265 0.38990081421480083 0.409022878785338 0.4438812284168935 0.4964102451724654 0.49269759940082425 0.5111082859549472 0.5464497486155315 0.5614980609175546 0.5747410659218849 0.5676306517987765 0.5773176488933958 0.5593118694459827 0.5904603480608602 0.5724584582025506 0.5953718778209653 0.6224467171258038 0.6500923255616738 0.6856710201654709
