Raster_benchmarking/DGGS/continuous/raster-279.asc
NCOLS 100
NROWS 100
XLLCORNER 1743157.8662706567
YLLCORNER 5469285.084893334
CELLSIZE 10
NODATA_VALUE -9999
[rows 57 to 75 of 100, columns 43 to 85 of 100]
0.7010534654340764 0.6613262386777863 0.645716133873422 0.6163227037520942 0.6102243072392175 0.610390181834627 0.5839572429703859 0.556111560521109 0.5774713492616627 0.5909974595798231 0.5342949508630762 0.5421030388450451 0.507719286722222 0.48711886414443245 0.45625809692347363 0.44419346694738293 0.4594353899927647 0.4544987752280094 0.449636132109431 0.44736852496198226 0.4376980702356821 0.38439026943274285 0.3651301706237833 0.3581764663115923 0.297344083362032 0.3011432500995534 0.2554315746635144 0.25470732953390207 0.21317153699269628 0.21420477063460705 0.21197476370281723 0.25475139546297804 0.2494712686940912 0.22969582949337444 0.23990472965780785 0.24238167590785772 0.20973636522894532 0.1845873494213687 0.22684931993238067 0.2538069551544897 0.27551855439174805 0.2980172441102674 0.2897795521212723
0.7227247580475686 0.6847200802113712 0.6623350440738024 0.6323575981143701 0.6025885702739251 0.5995979185139284 0.5631626825125204 0.5497673499000407 0.5482194143631708 0.5564788698398982 0.5716700501873496 0.5666219288174736 0.5806500665620798 0.5286035891282688 0.5079467744912058 0.473405880540981 0.46774317780255753 0.46703363474201903 0.4573323404958132 0.46061951226441616 0.4532957451026397 0.4310980344333232 0.38043437106523315 0.3557777616311441 0.25873398103929707 0.23680610640890623 0.2166464812347023 0.21338333952666969 0.1932513230241426 0.2308325647820314 0.28315850052594027 0.312347862379773 0.2967810957411828 0.2630404269094739 0.29165385447450115 0.273298424437196 0.2466047959253821 0.2432920727662951 0.1939704682331252 0.2740467630753927 0.3012698361395845 0.2799372792831168 0.3146084426189481
0.7022964091205798 0.682019650246499 0.6872011761472946 0.6261766781910616 0.5877861964396501 0.5850478520783715 0.5730470796335538 0.5733278861036297 0.5323030431427486 0.5297672964370507 0.5266015596883719 0.5519458124798684 0.5533145838872742 0.5356372761948239 0.4806914588154589 0.47249096286393427 0.4506065916274412 0.4449020105608354 0.4206090849743029 0.4481699757379012 0.40882581517528077 0.4100583349506485 0.3767975820309464 0.3448087491165253 0.3148097115985755 0.26758759999436216 0.2785208659925782 0.23445582766123713 0.20973808759194928 0.23920084144108272 0.2568193924792187 0.3019194800348181 0.2820756448089615 0.29303711568087915 0.2913474906185385 0.2625327966812651 0.2564246522040982 0.23736673949460332 0.20030755621243052 0.23918668333801268 0.2964756560009547 0.30514738910042516 0.2947793437789929
0.7190568315537664 0.6588134120112604 0.6843269853157843 0.6131996291965359 0.5919960335234147 0.590113921766846 0.5901658823662649 0.5984137204404634 0.5835808368714138 0.5282297204348194 0.5173970804795446 0.5541307648952377 0.5307354796894953 0.4987061511826951 0.5100985564250484 0.5017797322680598 0.5184109949063608 0.4868466013902406 0.4422966665654706 0.397922306879596 0.3911384123944208 0.39550520408690987 0.31624515831528976 0.31769336557326455 0.3189067041289961 0.29566476853524964 0.2846741296418625 0.25472857914650915 0.2250853502450926 0.26933573706947667 0.2773754284731472 0.245390851007729 0.24282479717146835 0.26011568541222835 0.26207759322130536 0.23978673934172182 0.23312423813858776 0.2135697324056552 0.20312021933909222 0.22680268032934475 0.2867817037766623 0.2746052484265467 0.2773969968786204
0.6617608986376853 0.6626248941754247 0.6514481031879856 0.6449256321342163 0.5742630239142659 0.5761562173103048 0.611443223933818 0.5833148645658927 0.5794867259784612 0.5481949241160536 0.5199274547060784 0.532305828190418 0.510817857706739 0.478206089459334 0.4898771871155425 0.5302810615448115 0.4985663625540464 0.5124124862466377 0.4494604015438811 0.4179298651976481 0.42063317333226163 0.38021504566562925 0.3310825616687309 0.3274258123261382 0.31405076998809067 0.27055972137016393 0.292351296772711 0.2735099000500564 0.24720166534964633 0.2911652539022744 0.26884999215322075 0.2661488814681784 0.23716909840840764 0.22841926178590813 0.23734607684816414 0.23880918124001302 0.18646322798568715 0.17234236496969038 0.1710884459950315 0.23185529404712443 0.26087724413824936 0.2629833618457416 0.22543656666084144
0.6305975591634447 0.6234112541909557 0.6114964728420071 0.5849904389823777 0.5892898197551472 0.5954757760912451 0.616012750286456 0.5646785098961012 0.5749703718434163 0.5677051905519598 0.5197710521806036 0.5255277471019862 0.5190577607083385 0.5100704310789091 0.45594210351223585 0.51381160706068 0.5335712515156446 0.5069251157129951 0.48802134176893364 0.48177264342854764 0.457633849610979 0.3541808904217013 0.3140058908033193 0.32908182729429175 0.27814812142746426 0.28689922827268666 0.2992574342427438 0.27948398993777834 0.2981502150727877 0.29116518064261504 0.29605953555469483 0.24338407443586352 0.2536229318817344 0.21707621362144008 0.24509568803876336 0.19290386957549813 0.1523315037520026 0.13939266245814458 0.15949001998181986 0.2142238244771844 0.28242976414785703 0.24771246861822033 0.22859310186396142
0.602576286099223 0.5879962242893838 0.5643894828225685 0.5822541777500544 0.5586620733467822 0.5473055689257049 0.5532062186727802 0.5871837790402279 0.6041626701667862 0.5708843545566525 0.5526126116686529 0.5262861470530652 0.5338535179238347 0.48909310410089446 0.43819416837911235 0.4637836717074093 0.4766694292788639 0.48448066508067167 0.4956321638924156 0.45247823426846584 0.4072450831586629 0.33812300285432145 0.3433805496202405 0.3261711451934711 0.26970915011279006 0.2781106591442893 0.2898310779660459 0.2680451926883434 0.25429144035943585 0.22297830022684303 0.22103427041947427 0.20228021263384455 0.2072371487097471 0.1922027394924285 0.17771298627327145 0.19444330193914364 0.14957507873360956 0.15890570575925628 0.2034825987641469 0.22417418213904208 0.25440528422892367 0.26133329238527925 0.23652744031494255
0.6197193657383001 0.6116867376296635 0.5468757325518799 0.5614415510436634 0.5111438313751594 0.51748733987744 0.5426969270365128 0.5423903591940464 0.594752481073514 0.5567973211114311 0.5056068032027534 0.5300224388981292 0.5292542637345045 0.49114158951717934 0.4450840683503727 0.4155639024893948 0.4065043779510542 0.42859079859274274 0.45476105841774134 0.40851420444851244 0.3391845359827192 0.3113421921451905 0.3463726790036533 0.29430298317629994 0.2961958333403328 0.2889556477599935 0.2930243387946632 0.2845049399197268 0.2158194642321617 0.17403848929777593 0.17000905847613407 0.1477158725317638 0.1571725957095986 0.16045811755808426 0.17432033356978055 0.15182323470437964 0.155357835144566 0.19077433963014687 0.18278279794027902 0.21470178256427028 0.21278315488606334 0.23783180654391312 0.2550608180707412
0.6159371184317133 0.6140920998951453 0.5406296239740795 0.5352132260767769 0.5518139581779653 0.5685170729458852 0.5363902401179099 0.548292759195072 0.5765807730081554 0.5514492522701414 0.527817217452165 0.545066321454341 0.5033132302161448 0.4962172066036823 0.40802883927196254 0.4045976506101792 0.4014016981803492 0.4124942862548636 0.3684310083193124 0.3378697490457953 0.30463586072386734 0.28631674552142183 0.31193521332262103 0.29725127136312696 0.2765115764253829 0.2676002703116936 0.2532186287303537 0.2675717904531035 0.1870834545165443 0.17651726425481412 0.13018255325698475 0.12136813291369872 0.1284913914885065 0.15018409249597486 0.14348207618675807 0.12359762639509393 0.16919420405508692 0.16729447382400459 0.21442659809572956 0.19893954110620118 0.23806116094931526 0.23174666153421386 0.25216806367890693
0.607612218156162 0.5827138368698196 0.5729020889128045 0.5161134278532515 0.5317350807694401 0.5679090709039881 0.5792010924830662 0.5567189925873496 0.5829530118874809 0.5501278545927573 0.5581976938983052 0.5070287230067455 0.5048930121423572 0.4330708250212273 0.39358989852643983 0.37495782177221887 0.3675820538660152 0.3306891257046425 0.31057545721032215 0.31002982126996753 0.28688954348216844 0.25787408855041977 0.26774844745594034 0.3068249712743607 0.31404096245707025 0.300362220330583 0.2747171961609586 0.22559480280259459 0.195057587209641 0.13253488635762548 0.10987838127122306 0.1263092300939717 0.11483764285860396 0.1121054329551247 0.09307184746162189 0.1281359888299071 0.15093872634118966 0.1674232760305765 0.23639825567937464 0.24790521852318315 0.2611267610256079 0.26538944942047316 0.2782051282306817
0.5449577499344245 0.5672888619426926 0.5166075433784167 0.4836406170615568 0.48430310807273175 0.5160843675199895 0.5522963898797693 0.5712795603090431 0.5543985569857358 0.5759987216293675 0.5605622659339577 0.5215707543499725 0.47907548098232067 0.4391407767895123 0.4474200582500715 0.40901280738953966 0.36720680431628433 0.3447431366616486 0.32583522612738397 0.26474442798154485 0.27159762948989785 0.3043255478582446 0.26043358504446146 0.26028092264574065 0.2648936883977449 0.2621498466090045 0.21737179813210397 0.18276014316769382 0.19035595901893484 0.14779589882067318 0.1431558423006198 0.14546160108406173 0.12330697632312221 0.10082092985510561 0.10883293907371806 0.09448256477126948 0.12295572943906898 0.16861065233995448 0.17020384591205218 0.2265347444807088 0.2399471259738107 0.22898119625522134 0.26430310285965497
0.5057655456553349 0.5262084891410608 0.47504113369065576 0.4768751801072551 0.43847691557344715 0.5088896088016089 0.5089881605513844 0.5273904771808696 0.5858528287461161 0.539640013070025 0.5173370123018382 0.492312666159747 0.5078069151129035 0.4688101854368046 0.4395659966210465 0.39084368717610096 0.38644387620610116 0.3648994487663523 0.2780734327064725 0.26393743305758827 0.2529443353489504 0.30088489376707117 0.31218027674909177 0.25466840330741647 0.24225317938933918 0.2077768378775089 0.18529138790606145 0.18739291888081389 0.13206830626418772 0.12620613492536537 0.12116889709814956 0.12295762573425989 0.15053826121225877 0.12198571121133481 0.10979904500050486 0.11076768745808006 0.08792128432895503 0.1320490699106152 0.16315457972637032 0.21731033392177462 0.21043927507371446 0.24659183738593982 0.266899472653966
0.44780117511844997 0.47860281726223863 0.4402465574548656 0.45320991378359593 0.4475040780265749 0.48694846267142666 0.48198436592449023 0.5253887946594968 0.5552748596263154 0.5798040003666146 0.5059182684284762 0.4934446511078691 0.486259703054123 0.4504977928016778 0.44961330597287397 0.40908269070426606 0.36240535887484004 0.345249069591842 0.2959789703399118 0.2796581760640158 0.31514101525293603 0.3177793154932384 0.30355437355859755 0.24590428297874106 0.2375297622175207 0.17679584108241708 0.1755403193861289 0.15370985513586513 0.15895215714396696 0.14500212683498992 0.13304803461913903 0.11953776692062935 0.12883390752662194 0.11905910776973834 0.10112574166663138 0.07541011805299562 0.0955303329712028 0.12922585314682827 0.18770938579078092 0.18762332998571238 0.21135833662944686 0.2146031798337913 0.23706739101087002
0.42794790661619814 0.41818297471125937 0.4039708901377835 0.40246281664547545 0.4218890723498519 0.4474391927813577 0.47308060104167254 0.5315953062277442 0.6223742289891407 0.5419334968834202 0.5050611660221724 0.5228627601235104 0.5061288405618809 0.4831978798815587 0.44301852094247746 0.39211511425325396 0.3277771589797908 0.3662549025416717 0.3150934553345075 0.3146304525963232 0.3143542330640294 0.3158537722443041 0.30367039719624067 0.2543250464679506 0.18634102650675896 0.1647953228521287 0.1780108900355102 0.1506351320791713 0.1100176325663237 0.1373466334876569 0.10674424454106755 0.11804975020765686 0.09156617210066546 0.0991972880451545 0.07492529164006931 0.09444433661109317 0.06421187333053686 0.14058435619587634 0.17910759696793363 0.14380428221158867 0.16912478669194078 0.17465380328297575 0.20717137983957346
0.4353707590057138 0.4182705410727549 0.41482209045115753 0.42363046088312806 0.46363311836166177 0.4615425904578258 0.47714560844014875 0.49526615009181774 0.5565886968533491 0.5310965752035827 0.5002387557094718 0.5262974902365049 0.47437660375547946 0.4466003932340065 0.42799587911589665 0.37954287377885065 0.38136003278116115 0.36973069884871385 0.31743796890153037 0.29772863770467267 0.3123998452157263 0.25581661679792816 0.23178965208384164 0.23736848429074356 0.18541771444929311 0.1948783009100733 0.17131910424175706 0.1402152655911689 0.09418911447547715 0.10579578510560923 0.10494112401151556 0.1094216505377006 0.10002533033449781 0.09141030783140063 0.09121265236242515 0.10072324216458421 0.11618620067794626 0.11870368003130193 0.1591316583007007 0.1513494895251508 0.14806220797871103 0.18171566269753442 0.1873862142309669
0.4268655484500821 0.40826586508278956 0.4105736128120639 0.45262353813721606 0.447766281483286 0.48173751481589133 0.4837609142980998 0.49386250369232637 0.5165489867114502 0.49739623795009463 0.5275321015774235 0.5013827021184722 0.45410776044148404 0.43370394115006256 0.4584277840436861 0.4247461723896333 0.4003884625669765 0.40431294851284033 0.3403258522792461 0.3200527579250431 0.2676301553137362 0.23833436311946815 0.2357037030072897 0.24357712233004397 0.1995348197344518 0.1957637844861651 0.2122253590886704 0.18753181623147275 0.13222195849988427 0.15977512659893994 0.16110428150593176 0.12385217728039219 0.14589233912915678 0.15478117879359274 0.16057371171022713 0.14366092427028934 0.08106336016342146 0.1398390902351871 0.14186601441814953 0.15695552343874888 0.13571680859235483 0.1484587414705998 0.18915993191189057
0.39123294951127136 0.4131410696466345 0.4052329242024552 0.4265058438968247 0.4312601730256642 0.4534717899918 0.48093276965025983 0.44935789546200416 0.4605662070955765 0.4861510805863302 0.4806399730158162 0.45424068375802795 0.46125849050366285 0.43351469559686395 0.42217213861946135 0.40520977436875094 0.38116321921012963 0.3978793379146517 0.326725521035768 0.2902156807749207 0.32580176830280794 0.299742108698225 0.2879639953833554 0.2655739069811687 0.251877982105324 0.2288249273399599 0.21725524066212493 0.2197971764590864 0.16806660445621274 0.1704458393577233 0.15169211464006316 0.14709280908184738 0.16644131428144365 0.17431064963728327 0.17958460768766024 0.1398512272554753 0.11455484765592185 0.11555085608513926 0.1370167012439981 0.12270332188849449 0.13660705379211194 0.14739591393927645 0.1635224955333611
0.4371951607083535 0.417616882082304 0.47083240856709047 0.41879449006261815 0.41673132952341624 0.439355502910988 0.47751235237300005 0.42805318272402243 0.3959786365312623 0.42421393392922446 0.4068082765347717 0.3893324760223267 0.4111312847638274 0.45082879908192663 0.4284695927133069 0.41537224541088846 0.4133154337058033 0.3730228536565011 0.3275881850585172 0.3330161036342212 0.3323056908910919 0.3407603987988421 0.328810562760088 0.27611146515454943 0.28924174308961037 0.23908949634779414 0.21368047251491593 0.2079488822468666 0.2119799353126189 0.17560208826339016 0.15094339163432885 0.1678016525664469 0.21056157595514 0.15634256015866 0.1454527758041042 0.14125469980723043 0.10717410847134481 0.1515741604986807 0.15779651238120637 0.1714228060988999 0.14655864517167727 0.1578755727440581 0.16242257692020057
0.4221757839743836 0.46213979789309945 0.45116978712363465 0.4415417197786624 0.4519043913683052 0.4564010449356748 0.4169105355417192 0.4044507371995032 0.36979515613034675 0.3805717292217856 0.3899344224590535 0.39010206225236566 0.42984904550773295 0.4156069855020812 0.4235269138424581 0.40245768912379 0.3877450596193532 0.34008854146522327 0.30958025363402775 0.31629834287728703 0.3151698495798111 0.32664687054370173 0.303068209611668 0.3082301829891809 0.31325620558152034 0.26948388781867194 0.21638901684328998 0.1970054464945596 0.2065920310240576 0.2192860984116774 0.17781916667249353 0.1876534480631274 0.1831260531285494 0.17255037410427582 0.1251920897517933 0.11740029113383516 0.1539486249615134 0.16235981126752028 0.1571796878954875 0.16756765395665496 0.1566549146411766 0.16820886694550305 0.18410831897677402
