Raster_benchmarking/DGGS/continuous/raster-298.asc
NCOLS 100
NROWS 100
XLLCORNER 1743158.7610309324
YLLCORNER 5469296.161625677
CELLSIZE 10
NODATA_VALUE -9999
[rows 0 to 18 of 100, columns 43 to 85 of 100]
0.3994236845550985 0.3617685918605474 0.37700446328574583 0.4218270489795175 0.43773238266331055 0.4028181772211238 0.4250576657429244 0.3878913531960547 0.361602223510799 0.2997954261648545 0.2941428981191476 0.308388373851375 0.372480897666452 0.3288049308011628 0.3375451328035722 0.3430425170646181 0.3509027370891813 0.37014588418361016 0.3331085008315412 0.2910180482369591 0.2785157043785097 0.2519629575906771 0.28016167718163626 0.3052333050217944 0.27333236169007585 0.26434776268490745 0.3160553672875964 0.32170964253078654 0.3554222282142941 0.369826965301194 0.40421624177399834 0.4389944652969325 0.40563930847182844 0.4300989248522071 0.41553159231552694 0.4331304159452089 0.38423663989346524 0.3488415648951371 0.3653401563546787 0.3649245298483743 0.30974871642160007 0.3004929424517744 0.3173083056113341
0.4052984555080707 0.3890608586757618 0.4040907429636814 0.4015262602546147 0.3751348518099742 0.394484056849941 0.41650532026917453 0.379644245207137 0.37134122495010286 0.2998399361192258 0.33593243588713895 0.3358747359395557 0.3120871386125023 0.3524935190153887 0.3233006925990297 0.3336609114798606 0.29809649204215677 0.3178592040201616 0.35044327356908633 0.3317872944208817 0.2687329660498676 0.2659101936620168 0.24120768728028663 0.2733877375422614 0.28423676829337796 0.24158688639744272 0.3032252688357348 0.3202739438166712 0.31877816249062796 0.30134277092896716 0.3841101740025723 0.4086995670561319 0.3739142923970637 0.4320286935759398 0.3879904875060355 0.4058989886934817 0.3918669527440711 0.348365713063491 0.3360152556944548 0.34545465739882014 0.27975474587796323 0.27576977613652154 0.2825060432045067
0.4295207126011079 0.4006329570694831 0.393059474380147 0.3606303683882321 0.3708650427600853 0.3300532342486655 0.36265094630711375 0.3077444385979847 0.31452684193557473 0.3063264860383857 0.31996482910568147 0.3194824074318712 0.31643751368077017 0.34718342916362016 0.3289067041842482 0.3232122694708288 0.32166388905470267 0.3048843433262416 0.2903611971432805 0.30788641127988403 0.2749337265469916 0.23579574206648296 0.23567260335426984 0.2554879518497658 0.23902957631031327 0.2620668693738319 0.2703770406752854 0.2601122278950361 0.27334390588801094 0.31633871449245077 0.321838708420934 0.35915254201014757 0.3807440119084682 0.364727211966287 0.41438995730920547 0.37019148961859616 0.368340339693926 0.34340872686036067 0.3122119181102483 0.3467384162252095 0.29237283150072335 0.2531992373097572 0.29151334064492035
0.39581683715210536 0.40405924006289895 0.39975187464223977 0.31438811545753304 0.31604090757034725 0.29429437749670134 0.32495963580086823 0.28914832148000985 0.3135923099928213 0.3095152301825052 0.31759762694903676 0.3525909199955219 0.28288971450197836 0.2799287747045139 0.2945287351184178 0.2551408993669395 0.2939289574978867 0.2957108704923914 0.2762567732313192 0.28856143082497165 0.27982784357194834 0.2497749230046853 0.2193493567529725 0.20368246782980284 0.25931858715728606 0.2462984958822351 0.22692626406129396 0.290904405032778 0.2914058580934795 0.2812419994089362 0.28208770102900527 0.3102414218242081 0.35091744415534654 0.34998834606381674 0.3720689434839327 0.3881727330423818 0.37196036082231987 0.34527187018697636 0.29383245926797247 0.30844078526063606 0.24584180094079364 0.2387005144510041 0.31811660490726484
0.38467667733445626 0.36583153386750533 0.35801087920957825 0.31245314620269 0.2946129746936411 0.25258894539704274 0.28793581763954934 0.28323113119050825 0.25024353420920886 0.2558176721297794 0.3290554856831558 0.3081002649067764 0.29108043725889604 0.28581162852045544 0.2260658314519222 0.27118861407346834 0.2631884225706066 0.27449091456132885 0.2964721642522705 0.30104022846699635 0.26823746424347594 0.2345181100196502 0.20441411048332306 0.21400843069248277 0.22193812628197138 0.2631038923821431 0.2191449874972742 0.2559520083555817 0.26871447432322176 0.2705878002655933 0.2694305681239205 0.32318468323796723 0.3286754736374449 0.29821056335185353 0.31534303447865575 0.32213042293054617 0.27346523892624786 0.3030569856264673 0.29342245333389394 0.2721780434721538 0.23848706749351545 0.2700676435227772 0.29011985668361706
0.3856520985147071 0.3685359354339534 0.34516785856575144 0.3195938715841865 0.2938244675428968 0.2280838753877266 0.24281323382760384 0.21259211851030527 0.25177802348378914 0.26208207301254116 0.3184195161500456 0.28962452056576643 0.30140601518280036 0.24884134874574135 0.2599957939901066 0.24046649458008612 0.21641788301878026 0.2365585676381492 0.26197321877584845 0.24989394773163975 0.25384476720114285 0.2874068040242969 0.21605495034886654 0.2053102498006549 0.20513103891916964 0.2472655512743177 0.2071632218746866 0.21384916703573773 0.22934257234818237 0.19272674329381084 0.2214088468286342 0.25558300941595535 0.28220652090918924 0.27969791537842176 0.29149661095587165 0.2753797034749288 0.26557996148552854 0.21403132196601737 0.2237388319816572 0.18895109556377984 0.19938965560857438 0.24673982278094672 0.22441086207045555
0.42398717678387315 0.3833907515433905 0.35560277710862326 0.3455039235006158 0.28492534951131815 0.23005824123432628 0.22968460171939056 0.2383650578555502 0.2633914777115407 0.2870548498292177 0.27826639100946976 0.24412015084183986 0.24609178384562813 0.2797545381367801 0.23460130094805115 0.23626901922419827 0.20551755361712118 0.1928818080689342 0.20207415429663433 0.2534428960508593 0.27533074600569446 0.26675797171070326 0.22289906036596158 0.1915182401649003 0.1889461413008126 0.18968392794148078 0.22681628448604998 0.2193144738100537 0.1897220142298445 0.16227565256921528 0.18933422019423632 0.23499827587680575 0.22925215468354074 0.2531455951528565 0.22720563898286802 0.2198123648926661 0.20130943663822579 0.16887055446868932 0.20744848886807904 0.1735807967009003 0.19975046969069135 0.2269466852275367 0.2366991814936083
0.3983916635462404 0.4199116440864057 0.38768371462133494 0.36038143734451417 0.26193009917088317 0.20371107040079436 0.2485077497766709 0.2593732047436102 0.2215523572973797 0.23966157453489806 0.20921414510565634 0.19792414850162798 0.24486344735592125 0.2598221723474945 0.24109840599703206 0.20313712085832292 0.18176397092991758 0.11174341916042196 0.17798387547448952 0.19824500617448393 0.2519510730358878 0.24144854689250647 0.20412537819008192 0.17787933811102297 0.19025320417481928 0.18518968879361386 0.1768524892007051 0.2261087932883158 0.19710826103788123 0.16608405115019284 0.14597681974858887 0.19722199747052802 0.19044729856407458 0.16368628989702513 0.16693729791738382 0.1833262397084214 0.1768266596870666 0.16773283203448094 0.14765413751022863 0.18238539855977756 0.19472450470735306 0.17249619521271287 0.16701480801253765
0.34685876955469586 0.3684085320467246 0.3303560686164666 0.33763485914356706 0.26619449193503375 0.24717142516750204 0.2158656345849955 0.23322377079439857 0.18788072885877535 0.17888713305004195 0.19425967817192097 0.20995015505978826 0.23562378067716816 0.2074646875362511 0.18346957815441747 0.1675733180858531 0.19692196412945878 0.16220444104558815 0.15635605523823873 0.19691075798499058 0.1867486717996131 0.2331927441032169 0.23517389031466818 0.21280742880120376 0.2227595784297348 0.21433887011600297 0.17804825657206155 0.16424771364114296 0.12978675401142625 0.1530600873022133 0.1350545888001154 0.1579748137719589 0.17927236216250453 0.17027308474901418 0.16571713069587618 0.1008457060205839 0.10135660786059572 0.10931102070292356 0.10167908576387609 0.12559776031419811 0.14074451501008994 0.15813111308456054 0.14124755078626244
0.3330712851822272 0.3557431890327022 0.3438018271710326 0.2769643818857085 0.23543097852457057 0.26510880363515305 0.24412647595577666 0.18741234104827986 0.2151055271331442 0.17060536559223455 0.16552045506171667 0.20180667085867504 0.17424062788568262 0.16429890774138503 0.15790251693063037 0.18990348434209084 0.15829503296244757 0.1789394625871643 0.18085958712110925 0.1664280315848246 0.19960456742553653 0.24582230483218268 0.22966040252568082 0.23882469653079275 0.18167370856324339 0.16067756961111176 0.12411647823475283 0.1250260030407531 0.09467467115237561 0.09214816490329344 0.12476587202388233 0.11532279375777608 0.09153450424315282 0.13165067554931534 0.1164795219083424 0.07203975649635556 0.049438527581309885 0.039437885048646044 0.0912147969783062 0.070452845337878 0.09014437226470196 0.1249743077904218 0.12211980636312905
0.3446116556524669 0.31032066687390536 0.31616860117133266 0.28786414857801623 0.25439966966596095 0.26248735657408767 0.2216864719475792 0.17231772121006933 0.18783129256521114 0.12395262128163821 0.11913854110471803 0.16254120261838775 0.1601714270355522 0.1769753149682318 0.17603442779362818 0.18933414553663305 0.18791039963211167 0.21461644019870407 0.2089043336487864 0.1870681345768595 0.18793906794158188 0.20403886870440283 0.20236239286758134 0.21518791151660302 0.19876504675277984 0.16897817129253775 0.1614997468698164 0.11521001724231858 0.13569347312105898 0.13263504233275902 0.09410584941691623 0.10268920054137039 0.06494329943897824 0.04733758637832558 0.0376337923813037 0.02201404758542755 0.05432463235390267 0.01975796669939792 0.05365508163297046 0.053630090191983074 0.0778299883973304 0.07405243262438284 0.10013025462538531
0.3397467528930293 0.28279526316296594 0.3196319628099695 0.29721335824504824 0.2772222519054821 0.21789941212469144 0.2178193623263643 0.1621696483064778 0.15595788233026964 0.10751280698025505 0.1073542912500585 0.09894209907863713 0.0786100184419713 0.08062760186566027 0.17538127992959063 0.14700256019459051 0.20065851302745838 0.22757163937041083 0.20043791433834868 0.15087510846521068 0.16684429267535655 0.14188129575084227 0.14979136856143901 0.15265349894728678 0.1893232026400093 0.21909893119196347 0.17144007688422067 0.12222998553858566 0.12463721149101767 0.09487751444877786 0.07284460815033868 0.0801843668302859 0.052053378065264805 0.0 0.06580902641163143 0.05466811094236811 0.04612397678776432 0.04743709470652707 0.08510339536303868 0.02661393996665356 0.036188305222608255 0.05035790646752941 0.07132596625168773
0.3370638152873067 0.33333220974888406 0.2844794151672574 0.2928013894327462 0.22687684764077218 0.19687523967733178 0.1728446961040772 0.13941327496189532 0.12049074850755602 0.08281736997605332 0.10208213389970014 0.07405607426921548 0.08899259612538564 0.11454578363539757 0.18247220532757166 0.22792771742139853 0.2247219571039256 0.253165016371614 0.21922988751509473 0.19597600735181983 0.15866974103009027 0.19145845246519685 0.14513881794333375 0.12820616708374327 0.17136784820056358 0.1788018764971866 0.13585887313302963 0.15666979351990834 0.12106883986323708 0.08042186521065793 0.07550865480640974 0.10252281476676295 0.08167844342081594 0.08149783121319581 0.08449963812893943 0.046174222059862206 0.051591744071597855 0.0445023307409517 0.08866711881182303 0.04240011571958938 0.07603860640366612 0.06759300007429127 0.08893620855324427
0.35152320307785345 0.33901417266682166 0.2931444277590643 0.29829044801523585 0.21986861447257267 0.21931262150374523 0.207243087149514 0.20844178813260728 0.17083719511462814 0.10710352884684979 0.10338172484558537 0.09801062733914111 0.14395262784545462 0.14317137684340384 0.20131224737497086 0.24580591492900453 0.25313396443582253 0.23512116018265586 0.21270888219367945 0.21010493610041894 0.17657211215343588 0.21458382090376335 0.2061272458475302 0.15912905696570354 0.18360275096107423 0.12100957071861398 0.14131696707328212 0.1293246178933986 0.14157790316562796 0.10916792225609041 0.09547109153358838 0.04337924994054716 0.09675201087186122 0.08903221094872986 0.0966077211171535 0.07438935558648017 0.08191347059637435 0.10360188413179955 0.06824205883216584 0.1081677747362689 0.1267885794546638 0.10205877803123065 0.09544332437733459
0.38846696980601575 0.3750414198711889 0.3288775810173769 0.3206374435541592 0.24585538351336203 0.21037716799146192 0.2537509092770397 0.22335267962832206 0.19531516783453648 0.13245034150912469 0.14880764294320006 0.15089495311903728 0.1466087611990479 0.15918075642516347 0.19410215681441417 0.21314010151023985 0.26347731751619574 0.2507581669028437 0.25320832310669306 0.28342980825106256 0.2514644974440665 0.24873244374671158 0.19486390059234773 0.16283304330222242 0.16589382521902113 0.15918937696539842 0.1649019151240086 0.18131275255186097 0.16078312876438658 0.10626224990975434 0.11923224544955582 0.10504319436175276 0.07271129503301234 0.06495180591933518 0.05068654749166666 0.07621441788484129 0.09334944243907894 0.10452205936692277 0.09715014504920425 0.1271058897703048 0.15432488150441684 0.15427618452322392 0.15200112503272556
0.3675241050165393 0.3363659649806775 0.35174548098090747 0.3279078355570955 0.2581832543907244 0.2477843495380664 0.23662024600837442 0.2512415940147052 0.17575162050722218 0.15039985432333233 0.15293218666282132 0.1935248708579303 0.18024400999047507 0.22693874022979932 0.19286562065098034 0.20785058597160655 0.2181559104062286 0.25684932670467525 0.2564183887926744 0.29432389478418713 0.2560005260700097 0.2766478889655533 0.2413727406646746 0.18964177595511128 0.2178162414713004 0.19027513937188978 0.17984746404475677 0.19466840846050357 0.1841875370451389 0.1677104621414925 0.12661733531430203 0.1037114046405344 0.08153167663701828 0.05616716440116764 0.056671866665886896 0.06732274777268962 0.06361504977052132 0.08876815151714716 0.10854617301461301 0.15238921112874365 0.1677402038851996 0.19621734981978836 0.16786203269166852
0.40571911392057874 0.34900110593767647 0.32730014067656255 0.3155881689713933 0.3183596450973973 0.2745704231434815 0.2332092258781806 0.2463855086604828 0.21858073988765492 0.167418995845882 0.18992352885165523 0.24173684384528846 0.2074171551183291 0.2681572725245897 0.27202039533159866 0.28402442094359903 0.27482778255565704 0.27204595156912875 0.25204967962288544 0.2483484363195614 0.2696219313258809 0.2464170155224716 0.2255684623681096 0.1902032836144444 0.20246769318622998 0.17568535444832617 0.1849513123580139 0.19178630084607462 0.16778074721839312 0.17342741432800324 0.1413866591500713 0.1269513149643552 0.06767626083184472 0.030301283195104646 0.057537059967382245 0.05504498715871068 0.09442994942880283 0.06603452933696644 0.09100535227245507 0.09340656435067238 0.12417034958761794 0.1559947722910223 0.13656113885713198
0.39525835789821384 0.388539846361475 0.37122650878572205 0.3465787575847184 0.31951901561504814 0.29092427952747474 0.27430944421392234 0.2589699045134727 0.24683044584067457 0.1842629549124268 0.22702913965816698 0.250789748648331 0.2803004312678776 0.2717491552608927 0.2574446715307403 0.26876922849935164 0.24860333697152132 0.29882938174084056 0.2822824104028039 0.2795710064748721 0.2494960380260943 0.25731358515157543 0.24179113480102657 0.18065742385135442 0.20604111846425668 0.20221336068950013 0.1797072784627206 0.1476378996365158 0.13822871196217032 0.12193927161645139 0.13185211135042627 0.06511487376705567 0.0482222992144908 0.02849919660497093 0.05321299300562164 0.09491312912354632 0.08966841928147609 0.06050813097843469 0.0868668404483856 0.0974557142158772 0.15252966872785056 0.13658249708259879 0.14039812614040778
0.44034664036262605 0.4157209911496977 0.35363576321130796 0.35748743658130927 0.3319303667416351 0.300222700208876 0.28781528279537943 0.3210904791047634 0.29577900540360574 0.2990973598005654 0.29772047570367516 0.28153196885775617 0.2958990686747558 0.28145177177386954 0.25166011607105604 0.2660534732988448 0.27470913517806833 0.30074910290259266 0.29576029707607515 0.23554775902369124 0.2663545648389823 0.21991704465943623 0.23766886826392938 0.167695357637801 0.1633201371525433 0.14552174468714765 0.14017820839762923 0.1325688948762494 0.10656483766425287 0.12655585455973825 0.08589753769985926 0.12255948048214392 0.08241442501566064 0.06526123693496258 0.07000459360747753 0.09774453802630761 0.11992339116850587 0.12336517761103613 0.1339695661877275 0.10253999453675262 0.12440540033722451 0.09149486676800193 0.11722634527120626
