Raster_benchmarking/DGGS/continuous/raster-86.asc
NCOLS 100
NROWS 100
XLLCORNER 1743166.8687702965
YLLCORNER 5469281.326857297
CELLSIZE 10
NODATA_VALUE -9999
[rows 19 to 37 of 100, columns 43 to 85 of 100]
0.322249882339357 0.3272367990445316 0.34976819300880496 0.3289829666245245 0.3317512790798742 0.2722677824674977 0.30524926164988836 0.3014403223619961 0.30856517518236287 0.3041822032982876 0.2703202750483275 0.251584512376969 0.31182776166387116 0.2506503000234964 0.2276288521661559 0.1944792707167022 0.1930771288220208 0.22535487916045002 0.25291383924315275 0.2390636660571071 0.2171293404938557 0.2399098526162335 0.2623972355140195 0.2384258293197459 0.2945052662549346 0.2603426672902739 0.26749799933570767 0.2739669630974026 0.26502592032035754 0.3186440119492183 0.36577969390104215 0.3612368886992935 0.3703642439030166 0.4091802831506831 0.44295373523675863 0.41896979627180053 0.3730066032749996 0.43110539258718167 0.4254065780298234 0.45333060954291665 0.4370417426285899 0.4299100741669833 0.49412343240817364
0.32241366113986214 0.3624463338160344 0.3668628666800847 0.3056858921272396 0.3288602755012677 0.2663873719050464 0.26303839519274447 0.2936947992480572 0.2906763178075979 0.2761495882746691 0.2776324403998947 0.30534391612672734 0.288733046904884 0.25513819693771345 0.24795457098283247 0.22809462710826464 0.2135041635871346 0.2310352147260636 0.2063655724198079 0.2263584052980329 0.2440077809591377 0.27461766870808163 0.22796597347480008 0.2513550855628463 0.26421704897191745 0.29158390951199736 0.2725043603686542 0.30714777944562777 0.31082153026748 0.3513115912196894 0.3688501179180557 0.37832560937611504 0.39736753718381523 0.39384676974297167 0.42461962699925504 0.4123258864450248 0.4387272853167376 0.431165473271409 0.46964468542854165 0.4414155891930304 0.42070883407251564 0.4200782598068767 0.4520657748477635
0.36783547592904303 0.38013496463049434 0.3467072436263721 0.29269171342861683 0.3048803994223805 0.2701018455848494 0.2482840101385889 0.30432201547558396 0.30252357734163193 0.3044765027142866 0.26502159096736383 0.2763097744410098 0.3073402159652164 0.2543189996059347 0.20679074306066614 0.17319341712682673 0.16785078228707795 0.23194467186519432 0.23648227600610622 0.2366722239011901 0.2998501548287803 0.26941763147109293 0.23034446431461023 0.2241509113164549 0.2512114021249025 0.31627655144761385 0.34320534818155396 0.3678890246433994 0.3747620059734582 0.3626975374958351 0.36839176904626436 0.43130604264311073 0.43870548803972037 0.44446252957291316 0.44162508929168 0.43652093511741025 0.48819249969170253 0.45941559607694576 0.45959042405807726 0.45165869935253583 0.41582699075583945 0.42005516365235984 0.4264497217692056
0.33031567752673896 0.3665229863259683 0.3347405757512248 0.3292177029987445 0.29410778260129194 0.2389629485904398 0.23160906916425797 0.2970341119635243 0.3008109174272868 0.2596703912085991 0.2914537895509311 0.27413846185524215 0.27055827883186384 0.21875287189742748 0.18453215093343378 0.17159661093775463 0.16853174640152707 0.19603276101093403 0.18255820643769333 0.21483728210583944 0.26880292087286495 0.28474356132291884 0.24758165245478556 0.24685175974260215 0.297794304745373 0.3365652305221458 0.35568169408947237 0.34966590883054066 0.41081020973929044 0.37172198629286823 0.3743327312695213 0.4133146182989283 0.4572537314469423 0.4294660012379342 0.4453420172419785 0.4544938962937369 0.4643025914999425 0.4412152239803226 0.4456778419750683 0.44269485575172635 0.38603130513362943 0.39531596734024455 0.42318514099703114
0.34348129235401387 0.33318402863555624 0.35226292119258384 0.27628092053133435 0.26552789854402054 0.2344695783559236 0.24793976894900743 0.2638777206944997 0.27842659075408865 0.3094088318025921 0.2914256850309881 0.2705208742218955 0.29168577705174215 0.2205594429821725 0.19658616119504085 0.16971877039210362 0.20266708039673775 0.20539882631368708 0.2032705541863729 0.23867248392774004 0.24536868096317305 0.30476984007914426 0.273451067872567 0.29181861750103616 0.31192876943295617 0.3483996434105015 0.3462878161246567 0.3635896107758385 0.4349467720012707 0.4117639940961073 0.4151201054796743 0.39240536555029065 0.44882512954781373 0.42487145619580546 0.40000458060770905 0.40729761644112755 0.4071717741546259 0.4371528363381035 0.48641109489141715 0.42595130146898874 0.389183551601535 0.43635095007845076 0.4278215860827294
0.3133319948731361 0.32629520252535543 0.31807002098498627 0.25654833757907575 0.2782372311684104 0.2814436104838605 0.25741265393494833 0.3024982109883886 0.3038739931767321 0.2913226558416637 0.27492195011679416 0.27206144685832045 0.265614234381554 0.19895638312563296 0.15345002792830317 0.16459709994333896 0.21094645246376947 0.19355316334800068 0.22239336473520754 0.26426952578689084 0.31540346262677427 0.32208519815157854 0.34021213925694216 0.3501971965355761 0.32642466088950695 0.3567699662347516 0.3620954315157338 0.42750393688062666 0.43668415804360017 0.43823122206973275 0.43475097516978967 0.38793692941507435 0.39995122688778784 0.402635997033598 0.38705783345851896 0.3990530006156879 0.42263153497648626 0.48480482275619263 0.459644089447751 0.4174521226190647 0.3829808023068065 0.4326701327110883 0.39384028812785876
0.30580013613869145 0.2884263055286588 0.28550364109816584 0.22507273717626314 0.23702908595526215 0.29829493787812905 0.2821499124057541 0.2989313111209735 0.2831886295414422 0.26924513492719004 0.25685945537034305 0.25998726861695437 0.20103397702631792 0.19993859134346725 0.15420164477164386 0.1500064030977531 0.15508793377922772 0.20294774368650387 0.19460422808096284 0.25581723283634017 0.3397170533987261 0.3232665445803278 0.34818527412468114 0.3325566293295035 0.33930858816481135 0.37276316709489443 0.4028322683256474 0.3774284991875114 0.4152941161834607 0.4327316421352407 0.40811929976082073 0.41152003131030784 0.388810364703405 0.43845779769377047 0.4369333022814422 0.418920564005095 0.4570086869477654 0.4413984015052401 0.4856350392299186 0.46182998085155874 0.39541583686845727 0.4495359338895165 0.3993782517388873
0.2567047675977425 0.2609677649575157 0.2596560657375807 0.23916444690333805 0.2660949300874499 0.2712036204056426 0.2918140590685576 0.27741671164473825 0.27280679805893704 0.2834228791767487 0.23707262273743535 0.23489695360830568 0.20406659880370695 0.21090951872474487 0.15684147849704594 0.15295173210261545 0.2032964579751582 0.1809403998523824 0.25188676484051165 0.28247390484521795 0.3133968427541342 0.34376250579981155 0.30509939988769164 0.3218369252920239 0.34483824445919703 0.3983602386844585 0.4162119509073846 0.38550858178363245 0.42795242790060184 0.3816411655240813 0.4070748955960538 0.38203895710024316 0.386567537308285 0.402638063651489 0.42700393420660926 0.4203842109712656 0.3976632532490738 0.42825237449798303 0.4258827420416094 0.4728453488144417 0.43301241673672863 0.4537439670276283 0.45916656156494096
0.2598695635056353 0.23748771480268902 0.24523868224619114 0.25353078320373296 0.22980357054239423 0.23940862455012224 0.27667620628605766 0.27281012248204073 0.24106261660357278 0.2622121059684217 0.24643855439214804 0.21272902943183167 0.20003593348301252 0.2167956749172302 0.1704712447339376 0.19532502830269313 0.2126651516928447 0.2417549232985893 0.27440063097925776 0.24846334065494036 0.27571363206891725 0.3011101358171683 0.33164267072773695 0.3288088670546569 0.3707720626104499 0.38850032653755506 0.40067632357912464 0.4102727253509381 0.417639162985946 0.386586782308018 0.40473694790939935 0.41135497528231 0.4166745207450387 0.3706210890686146 0.33903384474303894 0.39707889322951506 0.3922961145016455 0.3863496892336831 0.4215247163789887 0.4521628822665028 0.479711388119968 0.48431014723194 0.4364304162471029
0.2947420924354266 0.28170476475851763 0.2976222420683473 0.2500915673745435 0.2900267832315685 0.290894641936788 0.2547822033536937 0.23775348778075 0.23632770368950234 0.24047454946420366 0.19831684616197587 0.2200339469242211 0.2136491175206543 0.22705104275324864 0.24858372593465794 0.21382360406588286 0.2089152574135195 0.27409791821920465 0.30982153597059864 0.28558553533876163 0.2857294627759433 0.27467040692962996 0.3159570220213007 0.348488332212698 0.3500333053441325 0.3537685909829763 0.3603389763002003 0.35857833018621743 0.3538791220784275 0.3844131281768292 0.37126273534557935 0.35424450415534325 0.34257368385213277 0.32855690870236354 0.362772222168641 0.3666301979325997 0.3458313559008411 0.3918493441346737 0.43096109469213134 0.44746675411257 0.47315964951571365 0.48792867900460984 0.45178828925814096
0.32404613340255706 0.3093561892582439 0.2937226974981523 0.26983875385747336 0.28695063914694247 0.3078944223224667 0.27824734918984434 0.23750495866778698 0.19805900819546754 0.19871529446822092 0.1865495174023267 0.1995346032534114 0.15490460070742806 0.18546993036881684 0.2550645990835816 0.21561512439833458 0.23670083308744638 0.24499023331450595 0.3193610229513372 0.267101906965786 0.2965935814747481 0.2997086311389353 0.257800022438236 0.31806482110662704 0.32934367534358067 0.3555125277646907 0.33515306128717676 0.34665834428941694 0.30698811415616506 0.3730718225857231 0.3502347674786173 0.3168423115937746 0.32839417185503655 0.34575990557035274 0.3352379523817749 0.3052207847755887 0.3420692551345969 0.356316836296391 0.41052598509344473 0.4742386483006305 0.49022039093481073 0.4807974319070171 0.44647526934857207
0.35928243292669926 0.3095001735874914 0.30887657731828017 0.2633937440043226 0.28287560296783926 0.24883411000884306 0.22661865653488564 0.24391020861754398 0.22609792914081672 0.22904518701662993 0.23182461398544574 0.23216496466828493 0.19985965856212473 0.18545361282131578 0.23901795482611263 0.2618246681264326 0.25071077337514885 0.2728886194165702 0.3157576023237806 0.2818891457403414 0.3030853465633924 0.2920138837542271 0.25702114777238455 0.30482278878943714 0.3242712372880133 0.30931813904867794 0.2956287786115122 0.30335746358015986 0.3360456227885336 0.34701719673394477 0.3770739494694462 0.3550956203559191 0.2953769675455578 0.28267791314236895 0.3293211716445476 0.2963424183327358 0.34169220061527295 0.39597190337058763 0.40710082073831705 0.46939007437565516 0.5069716362362646 0.5062918855783727 0.4543311867580061
0.3455943769940717 0.356872681891701 0.32093446056205727 0.2810219040375389 0.2621089728018576 0.2434541446588333 0.24580959175016276 0.2633779595101623 0.25535698773609006 0.27422300961515966 0.27912707298334044 0.23571924972935157 0.19850514890522267 0.24534800397503784 0.24747189414724402 0.23276153501596486 0.2314352296361758 0.30414359515320327 0.311333900082841 0.3012575841167968 0.26126817475067904 0.28075369239155895 0.2685143749190743 0.30664957411391974 0.30741471116343544 0.2956860463072973 0.30853976048354453 0.31709893675370326 0.32603188977280717 0.3461871644305107 0.34878264518783536 0.31883671739424363 0.29220639556617384 0.280330144111658 0.27710646888357215 0.2610485483120365 0.2989939735879757 0.355558514519334 0.4279855062454374 0.45359336254886695 0.4851768044740188 0.496958284450995 0.47747981541000245
0.31970031986393777 0.35072657079547104 0.3346239000279091 0.3090818961262625 0.3453214852473893 0.3162160679282108 0.313663582675843 0.29833636547655507 0.27539513906025315 0.2757380160415998 0.3065205855065051 0.27045937829591676 0.2651036843663792 0.28685407545183994 0.3190845999851 0.28157354463319456 0.26138295902697734 0.29959062291051475 0.2737601797305136 0.2920737658794491 0.3045111564381857 0.3093271497387234 0.27419065768523737 0.2600386420515779 0.3036680360390205 0.3031236630355308 0.3089277031623404 0.3877204079212424 0.37022275736909066 0.36311459295887155 0.33937783083219386 0.2819297905903484 0.30515736824770734 0.27803039550373126 0.239605536575123 0.25821480367279903 0.3092716412027372 0.3169818889335249 0.3809363283966373 0.42570917279984954 0.48018111772456773 0.4554816776087345 0.4569250382553901
0.3307739529335889 0.33672528284968956 0.3111286686132809 0.31898497117948726 0.3701460191923314 0.3544461536719821 0.33210430676329394 0.36010583319707107 0.31525699675911517 0.30644527556622053 0.2866960378098173 0.2893295509916636 0.30604828521583205 0.3208295349713687 0.33797254342943656 0.27258744378688665 0.29300754735261475 0.2745193897479863 0.297673694367616 0.297367753327033 0.3338052496490684 0.2970548150227525 0.264866622527289 0.3218396451472322 0.32594386148281734 0.3316045751546768 0.3549719775637035 0.38305026226557226 0.44807142796621474 0.3808715036388671 0.3125277372701791 0.3114097928896085 0.30041112287882404 0.26685898130949126 0.227261069596542 0.2734393261971671 0.26950687506310594 0.32002691548848 0.37249694956164064 0.4247781194901756 0.48521517585161217 0.46731354039446293 0.5001049086942616
0.29645133909205795 0.31567337615997454 0.34480539299741014 0.3383833138618159 0.3631553983392087 0.3729988100587732 0.3368024013596596 0.37108065929216943 0.3550782459702832 0.3005537291365474 0.3290153846037668 0.3086330437306795 0.34417583826597087 0.35789217054177813 0.35119856248629355 0.30059382863626627 0.3400593145194158 0.3238267342304681 0.30874234069331524 0.3289190303582689 0.34977856119568373 0.3134049719969684 0.2802158645336144 0.3118345359422304 0.30913533697077444 0.32074761897159454 0.35685873900570364 0.390707455598837 0.36217621721965243 0.34288742906232167 0.30175743116336423 0.2795051580305989 0.2822613890370918 0.27150258784756326 0.2589018966114239 0.25592605411401975 0.28342255250628895 0.3121988062785843 0.40653747362478837 0.41797749903257697 0.43205673035296277 0.4595783350767157 0.4167158386617906
0.30378394456074487 0.291426398515285 0.2988449595513456 0.3503203128787883 0.3709025343919594 0.3899412851445019 0.3761190072122766 0.3792189535213165 0.38752277767648274 0.3191236531966873 0.3346521815182661 0.3362130209117534 0.3810517611644814 0.3430569707245384 0.33530814303257206 0.340468647828749 0.349705601481865 0.3178820645892813 0.32565523873355035 0.33369017666826967 0.339742841183332 0.32187958476771705 0.2894972713796574 0.2935221977368414 0.2992903815188886 0.3626697199485181 0.3970882867905772 0.3406115446725828 0.3562390880981869 0.3325571485685876 0.3096427887929061 0.2608658133517804 0.24709741165361224 0.26807756663367815 0.2513488653847764 0.23170187072602316 0.2860162313138364 0.36774523256818886 0.4027654993834313 0.43682053431459217 0.4407620217751488 0.47062177415638934 0.3996187665898279
0.3387206834402542 0.31955086425731394 0.2876447908364371 0.3359153240743436 0.32256658716944336 0.32817683213124665 0.3507012269525186 0.40548766844382733 0.3512943457250029 0.35255344263698873 0.3836146462106292 0.3933214261546728 0.382932885002016 0.39384170007665426 0.380654347196604 0.37159481757905155 0.34523592379562373 0.3544321531686808 0.3662546463073575 0.3087706344630449 0.33810051684357245 0.30064093877335785 0.3373737303243625 0.3240109859225036 0.3190158780649673 0.37146362409538825 0.3360253263059227 0.3151968015142713 0.33566498162717834 0.31315591437259793 0.28208790037550696 0.2801030867472541 0.292695055702402 0.26402320817258257 0.22829699741810613 0.25424569406167224 0.25674945823123746 0.35209379274498387 0.3755961277521403 0.4445436897659865 0.431007738310129 0.455211389508076 0.43484314145497155
0.377229752900323 0.372205954262579 0.3183042183515638 0.2972646321402033 0.3031218007875088 0.35812956104166377 0.3720455556328531 0.36100473140577005 0.3876373247294462 0.358799219151746 0.4194728167204304 0.3961988611832357 0.41394233600673574 0.36887139571515826 0.3594972002770996 0.36295847177520857 0.371952360932692 0.35307813625556733 0.38538847217757144 0.3269114631907871 0.30015059849351494 0.27613721240859895 0.349292871521857 0.34694667739622076 0.3329220188544388 0.3186005250490202 0.3378008895885227 0.29791753302663815 0.2786461037207964 0.31823181760921576 0.3265404427069868 0.31397669250988086 0.27636395931832064 0.24300222532347843 0.24891527911605493 0.25121266683556487 0.25897270780124887 0.3156953577621794 0.40667289458540185 0.38498211453524606 0.41935494939485835 0.4316229880168212 0.4352293792991908
