Raster_benchmarking/DGGS/continuous/raster-345.asc
NCOLS 100
NROWS 100
XLLCORNER 1743149.2328145385
YLLCORNER 5469297.381019177
CELLSIZE 10
NODATA_VALUE -9999
[rows 19 to 37 of 100, columns 43 to 85 of 100]
0.27287377493164666 0.2656864884822523 0.2829138122285631 0.29378851486253765 0.30427632181967956 0.2990495756866084 0.27908558682952356 0.2931758538083316 0.3167457460301904 0.35466722541438184 0.34896465791853126 0.34068281013311885 0.3485985340212132 0.36042882850418423 0.3827140455467619 0.38205274235329073 0.3456130519596903 0.33469192194236613 0.29445180588055414 0.29924919237545167 0.30686266201641016 0.3153895689626704 0.30942234402587615 0.31150390896922137 0.2965650926456498 0.2456086523170223 0.23283906269275342 0.2271809877667977 0.2231379309789377 0.25267968831527665 0.28054833563268416 0.27591137791204 0.3070895873209502 0.28587679989920445 0.2373346543873965 0.21489062397588996 0.23171972845388203 0.1786150287946144 0.15665136567431773 0.15831982869425523 0.17897617383424044 0.15423150741955088 0.14440845461598542
0.3068773237395974 0.31036834945599245 0.3112302220345632 0.32030812712123596 0.3228324852561381 0.3100205159659486 0.2932607195648834 0.3089767664157718 0.3549509408247639 0.3603593679884278 0.35194576233560515 0.37372528236099667 0.3726482642527539 0.37417546432333504 0.36734832013666313 0.3807135747226942 0.345994552941972 0.35321732136928 0.33434901189492017 0.3248990395311549 0.3376240157611205 0.326098914341454 0.34450526578476226 0.30263147860146605 0.26956300581079456 0.2622026255873987 0.24963044573944018 0.2604643846436086 0.26330143697305936 0.27865766525359237 0.2969397102748241 0.3061612998537323 0.2750971954525844 0.2842196635357373 0.23801023792674356 0.2401182424303929 0.2304250393581829 0.20090762431533038 0.18231445440267124 0.18628234402446175 0.15215599168970326 0.15206782204361363 0.15197720814153373
0.32160179650967063 0.31940514617840415 0.33417516897212085 0.3571250699751563 0.3272860621301265 0.2960523922591077 0.2791767265990863 0.33439156785273727 0.3609670435945973 0.3709877012975395 0.3726778775417348 0.40150192526927886 0.3839220351097443 0.38450065323500093 0.3574482410802963 0.38141598222576617 0.3790015036356845 0.39060334259592333 0.3830352047510704 0.3926468134894295 0.3926355212192613 0.34256594706644106 0.3663680536014023 0.30763791319296047 0.27671229747877585 0.28104809698445166 0.23894911362643956 0.26003405356026227 0.26662469806953243 0.29812208577728205 0.2902349874696738 0.2724535515864285 0.2782830628309901 0.2473194941926551 0.24882747083359966 0.261022099990307 0.22245338284919483 0.20968726581967564 0.2194731275838422 0.19248297387387497 0.14831536284948532 0.15691001064240087 0.15276857603437402
0.3584091628862894 0.3605749815400791 0.35455526059028863 0.367877927981735 0.33772217197906096 0.3158787144784673 0.28417428136430223 0.3156989409089625 0.3414052443318073 0.37736728528927527 0.3590086697245525 0.3901389842971883 0.367297430577952 0.3680272503579687 0.364994164146651 0.3827966272361986 0.3896624827552853 0.3966151551009641 0.4126903544493841 0.3946362006222648 0.36677658776343564 0.3578918007517365 0.33820778628215603 0.3394638104024527 0.30015597482203654 0.2640477710276423 0.23815042932515523 0.2596164836702514 0.27458379231202107 0.27504871012004306 0.25316336359311953 0.25779393206932566 0.2576072744230387 0.2615411281981561 0.2579054698260787 0.25515678894173527 0.22266617685291068 0.2214385510003219 0.1938717849986317 0.18126666493553695 0.1759194912912733 0.14086703910347492 0.16194487671625915
0.39735572468778835 0.38171145436093484 0.3891318342428596 0.3614101589456356 0.3394319658382278 0.34949795439164066 0.31157249148911476 0.33106831766047545 0.34337995210169436 0.36010899701211524 0.37267878137746213 0.39218207480609063 0.3837481877688955 0.38257830791591474 0.3497355431951925 0.354504829541651 0.3757207995116505 0.3914420277837742 0.3930083467689314 0.3993794081911099 0.3802126424708312 0.3658479841712438 0.32425094417121264 0.3247945060887757 0.3253738611212329 0.2933646749912923 0.26510259664719493 0.26031114621163715 0.2809326300905102 0.26028978761254823 0.27120141698724143 0.2451955676086982 0.26228347664391566 0.25753347712929975 0.2802591790200865 0.24377151033144925 0.24192773983150181 0.2111381076177143 0.21572321320770407 0.2025440809257751 0.16257580513050107 0.15067148964687105 0.1855163502861476
0.44025782540015046 0.4491760891712669 0.413089970488123 0.4227018853431232 0.3868268315885932 0.37791096501478477 0.3655109100000371 0.3394157978692917 0.3608487762868513 0.37894962252014497 0.3896909241486208 0.3522145800991408 0.3410110216438516 0.35743886759108584 0.3565129882947816 0.3621985963957377 0.38047167725526626 0.37700750458426807 0.4046629815559869 0.37616338255914633 0.3836353035395244 0.34680251198287604 0.3369485397864671 0.3173542560364014 0.3190847479785794 0.3138689281792463 0.2748847086905246 0.2798301567561536 0.2462505746992334 0.26474284818973454 0.2769354045014075 0.25122986118568374 0.25466459905691974 0.2808476449479969 0.24946984615282736 0.23234622449009248 0.23391717342097745 0.19694985738760992 0.18159708633885344 0.17570876838335545 0.17386450386579128 0.17191841645953307 0.1731431099769706
0.4600207339803416 0.44263739280796305 0.4675096706444203 0.45576586847200323 0.41676108424427794 0.41307923255185186 0.3681855694904384 0.3512638908096209 0.349451078983909 0.37421059066716156 0.3843814906237183 0.37923538305369237 0.34884198133265915 0.3754686410914435 0.3921535173580333 0.3674610400361162 0.41131642491230924 0.41392566789903806 0.39393545026830007 0.3739056326689794 0.3811109466801662 0.3524427143671897 0.3300553525629134 0.34234379054179176 0.3467098751657578 0.33773065404692476 0.3020113371246882 0.25937036731783997 0.24187183128668455 0.22780447750935093 0.24244856320999716 0.2609647804255839 0.2588661381510386 0.26794957723488777 0.2470207102105962 0.24314657290514552 0.21662541401641477 0.182907962382134 0.15240874736265153 0.1825612204145321 0.18695913379919293 0.1943312676451076 0.19385173788964652
0.45317551912838605 0.47281873191018886 0.48769646618927975 0.4716714152367428 0.4451688597103786 0.4265493812224242 0.3985284870288276 0.3914239462103879 0.4020712550890455 0.38391776291347396 0.3788567862411817 0.3701046616586914 0.3881771516499449 0.3857368467879486 0.3677396979548349 0.36281100180882736 0.37751734856847785 0.4037762056937588 0.40740946389807503 0.39966416271842 0.39816518833384773 0.37883456657080256 0.35142149811519086 0.3542340512643909 0.3420606628147027 0.3066368252930664 0.28125224707792607 0.26633978958655863 0.22857494166073744 0.2103790014288516 0.22861748089563477 0.2214135749946971 0.23335320738790039 0.24529270288489846 0.22990959735579206 0.20971227103715215 0.1841809010378486 0.16922718681968982 0.14907441278906464 0.14747508942417628 0.14889652901918404 0.1898450500853322 0.1656032876109792
0.47221129864148764 0.4897862848120002 0.49322251114076704 0.46606820083931705 0.4524046953820581 0.45363624998449514 0.4079327700155558 0.403421687879044 0.42728852227470715 0.41031471610884945 0.38231179971816537 0.37811845939181526 0.37270289850382765 0.3652369482297677 0.3479001942928606 0.3387766791524213 0.3766167202028016 0.37762228325567493 0.42593195816215007 0.4138169111987536 0.4007073386020734 0.37200377562101816 0.3711908974401455 0.32304294952309237 0.2848381569932913 0.3077077243165114 0.30248081630986134 0.2850056136907105 0.23534918353355974 0.22297624046237685 0.20594569780822672 0.21948956546897325 0.2425288463529718 0.23786174891921452 0.20664882524469358 0.19738665940223954 0.15677616664556338 0.16550760416682597 0.17762957871007803 0.15916276776475805 0.13261603076244394 0.16010162227843258 0.16335781930877463
0.4785166647131755 0.4591987152803818 0.4524725504823092 0.45775102113809174 0.45102099316588934 0.44128436841217417 0.44183834340676037 0.44922238307588325 0.42307479504129647 0.41470685278672054 0.40682050688659127 0.4185223037648927 0.3645255589726185 0.3576647838214513 0.3677245090145775 0.3486290085621484 0.3523690016114737 0.37910126817464024 0.3879562399637476 0.42894022855643166 0.4102937921570551 0.3684323020330665 0.3788714603585897 0.34831854963910386 0.3075565850769921 0.3158297195627005 0.3096689950113787 0.25868326877068576 0.250070477379903 0.20903648078606862 0.2076653788048077 0.21171986293974618 0.22356308479955564 0.21181935997433765 0.1786559687317032 0.1780181871460626 0.15839182225470114 0.12663318844717247 0.1531911803077431 0.12627228540986643 0.1402058428317845 0.16026933047776767 0.1502938225536164
0.4725448387662986 0.4730324504235467 0.4838997444826256 0.4890087103728503 0.4709502699589706 0.47376131692414436 0.46000121443552994 0.44978017633662026 0.4166906859521581 0.4243641196926174 0.47510030281419147 0.41185838865735147 0.3924374246358913 0.36980423236147175 0.3852540439522251 0.3839656483116407 0.3500666877028458 0.37798094794284914 0.38731212733808645 0.4090921420811874 0.4217222788061691 0.3772317551833741 0.34993098974682174 0.357101760486691 0.3377609225889342 0.3135468668697189 0.2911893547995296 0.24580085670298296 0.2104585083697457 0.1951238466845988 0.19219803163872362 0.16991231129905876 0.16211034935551677 0.18419012931862902 0.15428704741998978 0.13559526133505442 0.12170696874331777 0.11528407724361008 0.1283226525125014 0.15259842291419654 0.15000187525512762 0.1506608346699159 0.1387082455855326
0.4549521116516821 0.4912353205370489 0.5101269445688944 0.48200498838360367 0.4639412773830638 0.47051505623685325 0.4584655408209272 0.44338659547249853 0.4035353719447005 0.41186941812663413 0.44380878584167904 0.42618648762441597 0.42539025246419243 0.4291977925401984 0.3985591401593542 0.3800504938402658 0.3959520227537374 0.37801467734621796 0.41255916443260277 0.3980806504263695 0.4176058681542497 0.4082398966911068 0.37982135886035046 0.3605809017969841 0.3655677811822726 0.3196887370736379 0.30631385269956257 0.27409308007254535 0.23512302239384475 0.24203036673689596 0.23609084817754877 0.19088146974615017 0.18049257719082065 0.19297347726376446 0.1835469246832122 0.1583397816523248 0.16780800532027487 0.16216071759053496 0.17407355528988921 0.15617444141180106 0.132427405797 0.1474997433296488 0.14261743103175625
0.46230632380542896 0.5106038068531525 0.516831090660603 0.5139510068723452 0.4917794063513824 0.4812786651883626 0.49633207534600265 0.4622356183678158 0.4291501925215511 0.43027502453689426 0.41171395466737487 0.44402891362913544 0.46562897187240737 0.45917765041476505 0.44898758589127213 0.3992086376733174 0.388926092707796 0.3837354594097086 0.42717629935553764 0.4172942842929184 0.4268998687931018 0.4014165959280103 0.39302219970364366 0.3532319447560392 0.3587539247658195 0.3444914132274387 0.3491708773634303 0.31413740759111136 0.26286280145385055 0.25846841607788434 0.26019981864707686 0.212390843620676 0.19661386678929976 0.17660152391853537 0.21442755638842512 0.18082855407484938 0.1884767438565405 0.17807805152102152 0.17441539779766 0.15950622381614482 0.1374580594132519 0.18420301816274923 0.19196183715034384
0.5028476812043001 0.4992670016540763 0.5307336914689185 0.5170138371850316 0.5011868886240587 0.47671454537584773 0.4604371397512292 0.4653007203125218 0.4412631543032134 0.41184423803943915 0.4034336241689518 0.4535657586789613 0.44455441792024447 0.444235620157608 0.42888591226117945 0.43757011490249115 0.42529523025564264 0.4112686539083403 0.4373740763189435 0.4433136146862972 0.43677529588502884 0.42213456749773914 0.41988029247630476 0.3729364407912431 0.3636691576500758 0.33762245742931607 0.3475023116974359 0.3050808295203311 0.284611502389838 0.2706885573655004 0.24962687209748868 0.23500724984705829 0.19922434638380843 0.18816477275048368 0.19748344477240093 0.21664724788871023 0.1904410510091718 0.18362263824386832 0.18267105288656119 0.18742934738739858 0.20354561749305056 0.19378432537890244 0.21724082225700858
0.5223703542294418 0.5130451703701183 0.5325026196105473 0.5259767765034994 0.4907332765339223 0.46350892311937414 0.4606712489142752 0.47674524636256455 0.4520449671727573 0.4333426820940883 0.41649601253605084 0.45225470461774037 0.48089941621230714 0.4745521594960115 0.46231044928563636 0.41509986494527784 0.4288933408076312 0.4088101452682558 0.4276477532902529 0.4249779005534966 0.4061281882203557 0.4338400685800549 0.420170995488594 0.3719242738910141 0.3614520848301223 0.35641994594157617 0.3619162373499265 0.32324329898474413 0.28895252219273215 0.29712586032079297 0.27076682381310646 0.2366971069668711 0.21780688680273838 0.19390374501334176 0.183600976738622 0.20450124613174614 0.19861298601706134 0.1866436599847166 0.15721913117390135 0.18965573051047332 0.2155168675734797 0.21175359908233157 0.24707991918506786
0.5460538124430757 0.5460293872116957 0.5302900463230636 0.5306113306816985 0.4873522126434167 0.4829652995185931 0.48204436275818924 0.45081490815104963 0.4390381862722425 0.4485282354731505 0.46951118576098105 0.47454017159345563 0.47106212545443465 0.48349811345649324 0.441660076450071 0.4159303257303448 0.43677941524415265 0.42594398408947737 0.42630375877228177 0.42244458756827785 0.4256348931093182 0.44136013926524853 0.42746032663768635 0.41874867167939595 0.41560039313882624 0.3956637433846847 0.3879848701914831 0.33431421896488656 0.2887838074609501 0.28269731669324205 0.30013110599762705 0.27170666619800166 0.22606373564405333 0.21788506794847848 0.2137880870112139 0.20514724126993203 0.19885084954453636 0.18114153163913854 0.18851558485466266 0.19596794361813744 0.21021970883326457 0.2145124149623232 0.23804439858360887
0.57290453223432 0.5445315199760858 0.5223927652713796 0.5247311276125466 0.5192953053365726 0.4944619777204818 0.48215792263934215 0.4747452650917251 0.44419018927079684 0.47251948078110706 0.46296069883882063 0.47020758989589034 0.4827099132859515 0.4526375067322873 0.43431829559119006 0.45076474171613207 0.42187553985307324 0.44776076440223195 0.43462948486578074 0.43280580880853275 0.4413482891964359 0.4524198361940756 0.4112447048979704 0.404993563176078 0.4081133740105447 0.39993200118713385 0.4033006869267187 0.3807689528838907 0.3214695612071632 0.32354547124351374 0.30106070183354755 0.2961696266750318 0.2728414472273263 0.25325072852874475 0.20838152186609807 0.21056257461264363 0.20866104708027008 0.20432891286143476 0.20726140927786132 0.19684714936530112 0.17888307577141127 0.19230193467066153 0.2005788437175264
0.5705040928299638 0.5358936407885969 0.5311518870119031 0.5254221646857816 0.526502957372085 0.5273793839035738 0.5077625912580243 0.4732742540585835 0.454414101491011 0.4677772527147448 0.4790510355232211 0.4601215398798155 0.44464716262787457 0.44265266210787474 0.4497979925745667 0.4505841888871513 0.4353897737827022 0.45162937730563607 0.4397204856013609 0.43376514003983785 0.42824099913927743 0.43984083633286897 0.4479879286826378 0.4183757900043457 0.39562898122710227 0.3997533403222531 0.4086759740200667 0.37728929596724226 0.3347627402766293 0.30980281654930547 0.29594014892443304 0.2744090231210002 0.2748848185142169 0.2608243757241518 0.229318916631987 0.1869395189586106 0.20175801529044154 0.21966325597813596 0.21780323063396592 0.20378150136075082 0.1968526581148269 0.20110768282990996 0.19716596488128982
0.5840170284252871 0.5583991371508337 0.5408114486191455 0.5324256014705389 0.5507889760296347 0.545026486399922 0.5083692034818936 0.49937884577969155 0.4955840132495755 0.5140219061027544 0.513580049826539 0.5100526647108792 0.4606315869637201 0.45059040846365045 0.4560858564752583 0.46581472693418496 0.43493184520606537 0.44514757331367233 0.44154172123359026 0.43124280577434754 0.4225193821055509 0.4654694912384074 0.46454862990315754 0.4260558935605228 0.4228978005235782 0.4313793093595476 0.4242101745635858 0.37783228611855174 0.3715682716643999 0.34127126265045493 0.2875629941548434 0.2803635129290187 0.2961108963079501 0.25018239737562414 0.22186491856497428 0.22457107861164935 0.19347828892579982 0.20205138326534058 0.18391942697147776 0.20573847853072083 0.17458720719015575 0.21605859848931808 0.21055846002212036
