Raster_benchmarking/DGGS/continuous/raster-453.asc
NCOLS 100
NROWS 100
XLLCORNER 1743167.0005241516
YLLCORNER 5469280.614300539
CELLSIZE 10
NODATA_VALUE -9999
[rows 76 to 94 of 100, columns 0 to 42 of 100]
0.5739134936603174 0.5815339318962607 0.5751488567876006 0.5568859067736256 0.5586113211256956 0.5674386942098186 0.5882315360623201 0.6104459227668768 0.5698336308609103 0.5651665995421159 0.568843801871927 0.5238240031651616 0.49944174622375037 0.4852415678502154 0.46589677161264864 0.4419978347101925 0.399044472017503 0.3801525272495207 0.36982071487588764 0.3421353642155939 0.375486506764628 0.3775656758713597 0.4298589665462014 0.47625081826444965 0.483583434028079 0.47548102986142704 0.45009207799468426 0.4275555296577562 0.4692116429413703 0.4135411213831363 0.4336272527263336 0.40891484818348 0.4499847872027862 0.3691662936168718 0.3442365158892687 0.32248377524182653 0.30706219324178236 0.26554624049055137 0.2729023984096032 0.25821698356469064 0.2222203953904373 0.1652492019007396 0.1419182961890126
0.5825575144671238 0.5340805272497137 0.5501433953342962 0.4914747143413305 0.49052186905373135 0.5209073570180738 0.5437716086954324 0.5504784543737795 0.5584435545617084 0.5598733908266337 0.5632316733393435 0.5245503885251258 0.496953318924513 0.5030468936137327 0.42032771361181603 0.39838386852517776 0.38243333336134666 0.393248295113836 0.3412582858634837 0.3365764975611467 0.34071696377463107 0.370435567969372 0.4017649596095865 0.42362531509564916 0.43605698842757273 0.4146318360081606 0.420320394559497 0.46372302411168187 0.4602906814430902 0.40530256730010145 0.43114114265076997 0.4120177525044191 0.3866446430187444 0.3780353559343296 0.35418102221965375 0.33045271928976006 0.3180570606947428 0.34116438103382857 0.29445982332139853 0.2814756139300288 0.2276086679287801 0.21587298562769228 0.15197029992009264
0.5947742834025845 0.5104058876341272 0.474709378708882 0.445444162461812 0.47252664714494785 0.5097315010947382 0.5490238197493743 0.5606324148258115 0.5687930385673796 0.5502265452706796 0.5572541852866678 0.49828616685231264 0.509736038399146 0.46364398392647077 0.42079023120982806 0.38892169583087793 0.3385392617341406 0.34286913331549423 0.3693235443633894 0.33488017727036334 0.3525985975503267 0.35593727742930936 0.42737484338854165 0.4008592691681215 0.3777957374066903 0.4231770461498793 0.4667259188502791 0.44030431263279074 0.39333831131567576 0.3751666617117779 0.36759367268416887 0.37971152568613353 0.4146794499284585 0.3986959288190192 0.36426840093044954 0.3615438439568763 0.38469116368307715 0.3878994681794049 0.3361802939415567 0.27301449512854997 0.28249161190824 0.2483340247999969 0.23458762893708615
0.5423158834370021 0.4771505314848424 0.47620878416117857 0.46838272395000247 0.47329483023480257 0.4576051790131482 0.5075300307464726 0.5315890442274586 0.5030383398917582 0.5129758047021727 0.5001715441323727 0.4872003624794437 0.4859489552606057 0.4769203458109063 0.4061329521180887 0.3689061381260181 0.3254071766952478 0.3607611856315607 0.3864842519267254 0.35482058442229325 0.37812506605948754 0.3962980494154895 0.3858682272462101 0.4277352841207241 0.41688436960152914 0.3898084660510331 0.4042634447959247 0.4345614794547108 0.42717083282850743 0.42291113572337835 0.3952654255892693 0.3846612339869493 0.412867081917345 0.36071251225527706 0.3911659638706828 0.3553598105882623 0.36302388759458604 0.3721604816065555 0.3193937566481419 0.2878764319731171 0.283398524633998 0.2723764855150343 0.23094928343907026
0.46414892103292066 0.45533922445502784 0.4395550384479688 0.418347969787665 0.42771793884595627 0.44119665909219935 0.48928314653001664 0.4965787709713185 0.4963016343974962 0.4996469013634819 0.4792046807597309 0.4896843796635908 0.45167352232609603 0.46889441282104843 0.433827875956459 0.39988385404553894 0.3414530901005141 0.33927063593195167 0.39891837856688284 0.3784442913991359 0.4083386822109309 0.41919149255683813 0.39310238624708643 0.41209619251785007 0.3997057774595064 0.41908900480094 0.4343506027079095 0.4414685291125237 0.43096744531653647 0.4185519300095334 0.4034989706167062 0.4123214674767241 0.3956008243351482 0.3799198657554833 0.3634810770524181 0.3851298054121978 0.3861963461902426 0.35697111870899123 0.35322216182597976 0.30341024464613653 0.29451023386631386 0.2973541552817396 0.2364562663437473
0.4563999731044311 0.44528364361290607 0.4068036196554793 0.42518131360654626 0.47491229247910477 0.47549035687624747 0.4391069148678203 0.46327629942912546 0.47092547571448257 0.456969923310882 0.4485624354528025 0.45412002511578026 0.4567454800863319 0.41906916549488743 0.3752635109140046 0.38682641312423693 0.36279706103839987 0.368407343961416 0.3870869592622916 0.3924881461127106 0.4247484351533041 0.3752085142803724 0.35476099957715157 0.370825651794073 0.36478980077966267 0.38229797641614643 0.4249601157479732 0.45427315736758545 0.4222021721564927 0.43525642200628517 0.41535180650452 0.4357264930197685 0.41346274883154893 0.3792252761506969 0.396176001866443 0.3909440105048525 0.3854033298337127 0.34900003883509056 0.3634107528938176 0.32035204233122566 0.2568463600788126 0.2594683626807965 0.2171422727179959
0.4063634541602721 0.3929051925030145 0.41477322164896246 0.401514858504852 0.4643290761354306 0.4579574859887495 0.431365076554933 0.44456725741946235 0.4472704759639882 0.4679082696300964 0.5023082100310361 0.46193449454136265 0.4672178427236027 0.40298842329759915 0.3773136747611136 0.3989240362966927 0.3472778820540707 0.37399977773808857 0.40824102542518914 0.39259164308889677 0.42008323221016786 0.345257935940433 0.33221443574696286 0.347510522582482 0.3280647992660639 0.37697736467777115 0.3856331551925227 0.4358407342228991 0.4490686061184351 0.4245376335267579 0.44626062738960387 0.4253234678411697 0.4750614807040686 0.4244433368898399 0.38046368623245413 0.3733386514118856 0.32022864811987495 0.356238141815504 0.31669653269923975 0.2959257691804488 0.2314655727911506 0.19954137997127577 0.1710483405545554
0.36561059078500124 0.3710411153732534 0.3837574517959462 0.41090194827070586 0.4177514254023164 0.46750256626151926 0.4250505330274865 0.40821163021287227 0.41766569091893746 0.4523661204738465 0.4859468480756647 0.4585603828562674 0.48167569573548863 0.4264270524788423 0.41390842252572574 0.3596876022080872 0.3091357088320828 0.32519136304990026 0.35134125693186574 0.36311150704981066 0.36835138874244105 0.35217680706308085 0.3683373260356883 0.361124092705756 0.3814063263909514 0.33182849212544163 0.3528611960929511 0.4041061756777874 0.4412624199918415 0.3998883839479852 0.41911570246645075 0.4404539610197763 0.4750687619788865 0.4515200763158516 0.4171289021160539 0.3491140640095013 0.3461676035282966 0.32264183802313057 0.32694917039447235 0.2632319142649934 0.23230194737245424 0.2416235087418004 0.20965464034175374
0.3331249480991433 0.3944939925576618 0.4320160467777802 0.4301197724234929 0.40082257476261396 0.4323546241853176 0.46009818680733666 0.4616554334350481 0.41070179066629037 0.40215615755918194 0.4039390764909321 0.46353989483334623 0.47431791178950117 0.44117063202920653 0.368810644650066 0.3647292962887769 0.32913875630978945 0.33698260602048924 0.3209635917190341 0.3758967118575676 0.374993603629523 0.3963661135000133 0.3936653799449925 0.4085870521098436 0.38345690461502047 0.39011711657960557 0.3483391859077249 0.35858472713413225 0.3900755504435224 0.4349824025642414 0.44038635143044186 0.42567211433388397 0.42351732359175326 0.4379730203139593 0.42997311192259136 0.3494269241117494 0.3536114436636455 0.32721969454511995 0.2793055057519255 0.2616298542086902 0.24145674160108527 0.24791951070584992 0.2510937466829761
0.34224438054660455 0.38688545007440167 0.42448009127732467 0.44140066022397967 0.4381918504003969 0.4495072773520125 0.4619954632417314 0.45075141082448034 0.40592837736066617 0.3961745064159052 0.4035752480365382 0.4367440255673425 0.47570750555666896 0.4231270765163276 0.3946795674236422 0.3820156949613819 0.3870969403733425 0.3711191713092824 0.3847995349205773 0.36859244904947863 0.3403774496316134 0.36938349330710957 0.3577737775078013 0.40181681219874527 0.3940656061070299 0.3804627090635427 0.35635694463109135 0.39524769043373953 0.419273680578409 0.41165804777196474 0.3916798187614876 0.4118390434712578 0.4105408123909197 0.42408763662683485 0.41981797275501853 0.37468115142087044 0.3614341246729117 0.3137600644074938 0.30624799253617474 0.28289112038065134 0.28494867550042113 0.2798852672737055 0.2937546983501927
0.32124866010690933 0.35634983268934173 0.3988587917122938 0.4238166342225926 0.44083848754166555 0.4082664790765173 0.4230593813509573 0.4396461263402231 0.4089156540260942 0.42511561484763194 0.4445841537125382 0.46379077395655116 0.4872528319062538 0.4188841434821068 0.3795791173172009 0.38613566292177975 0.34717050152730583 0.33400636507578113 0.38002095934036345 0.34265308813003265 0.3292998021472352 0.3694736988762301 0.383969168384607 0.37743458732043067 0.3993437987346669 0.38544750777002806 0.3581258008988604 0.413970272340777 0.40264666701874585 0.41379149987612657 0.415569839963499 0.47309032336957874 0.4853975456504025 0.41852321375297136 0.4473999959017358 0.3768301655760796 0.2930126611554678 0.2800075461647516 0.2522424674770939 0.24551293036961044 0.2900815088620588 0.3045922842972612 0.30390982533711036
0.3242360481738463 0.39493931201210547 0.3939916735454336 0.43401077989397874 0.419746455763165 0.43229729013012425 0.44151506300703947 0.4341135004028633 0.43336316971192057 0.4859606764024528 0.46116641108168066 0.46456174337957745 0.4165751161558524 0.43767739943322864 0.42254734659203785 0.3605805175698539 0.3807839961248062 0.3612325894551934 0.3635560424188743 0.3722190581973089 0.3726969699101093 0.4016015683857099 0.3591637450057672 0.3967668505385204 0.45596870861491895 0.4233159659969688 0.4307710015594755 0.4220324872519894 0.4446150850364773 0.45607013437403077 0.45886251027119557 0.46985096659579345 0.44821233640275304 0.4149541940836521 0.41986930895046587 0.36963701841279917 0.29091844097093805 0.3028843258289205 0.2899410540922307 0.2759339051712017 0.31345524220133947 0.29114574773566193 0.3090646240533566
0.35006877567038386 0.3851771319490457 0.4176722881476913 0.4540075390286379 0.429712696950458 0.44712774056891336 0.4924826895521984 0.47689590370054236 0.5190510480517367 0.5059783538447039 0.4878039781380907 0.4633079575942988 0.3985133678824499 0.39174869352921116 0.3864030325550297 0.40734628550012153 0.4157316857825113 0.41689275071749465 0.3848989616283241 0.3970857719963736 0.4003290685561268 0.3623164897228147 0.3780968261802671 0.4080385441246928 0.5054111982722921 0.4738299989885726 0.47848283981428646 0.5022469888561011 0.4911679902189329 0.49275100210906886 0.4527245824594259 0.4353163265290158 0.4169530412881714 0.42661871853141103 0.40914407982399165 0.3736119107987918 0.30035661001736524 0.27545393268311 0.2848839015959973 0.3252303079165245 0.350871787347867 0.3145903785980745 0.344409661357579
0.37399367534638367 0.4151254798766168 0.40930741006194094 0.4380487400787048 0.4717762385496109 0.5003772259599348 0.5065561065561701 0.5109067173389881 0.5070086050208769 0.5213187879990515 0.4504574781749298 0.4650584669492163 0.420826737551746 0.41725681274117854 0.4183956689855065 0.39956691236558783 0.41515878941340284 0.39262599944657434 0.42420266882788926 0.3763292012148746 0.38201940252877054 0.38562845530976597 0.39375396828247133 0.4741805266516074 0.5405538610943806 0.5534257755331156 0.5237332926804436 0.49153571418746517 0.5277086278878605 0.48799131089346603 0.46125279375554096 0.4757398574680044 0.4170024019371485 0.41998767246948754 0.37953506075620314 0.338624326017859 0.30844026383493706 0.28528640758261925 0.3186077540606806 0.3451636736683739 0.337305432495337 0.35501706995247595 0.3072967832924959
0.3709798543954286 0.4033992894528452 0.4540419402691925 0.45875701815238634 0.4909371687321579 0.4579732609764295 0.4946136330042716 0.49940030353551335 0.518976009336118 0.4643743046650424 0.43874010858302237 0.44373187132368264 0.41770175723621805 0.421725643887334 0.3906675685100489 0.38970516681515144 0.39614849833952154 0.38885988570784125 0.4210751176768916 0.4089873230403429 0.3767073054466967 0.39807990363114254 0.4264422702954601 0.4807046755961611 0.5615004492773332 0.5574732011710011 0.5682361161292021 0.5437948543621816 0.5477775792057883 0.4934691085376525 0.4842108684595222 0.46687807229822986 0.47049566844568413 0.4625095092255348 0.4081917207450902 0.3850695713052383 0.32968338139633147 0.29826002184900313 0.3099102287367086 0.32431497281714167 0.32517520994671295 0.33951165738886474 0.31316534082611835
0.3781264858797361 0.4135245048440286 0.4596519804004041 0.49766651520144983 0.4646994393157869 0.4591053352654738 0.48339875982508784 0.46718426287501325 0.4308787548003011 0.43321668624791115 0.40638418395097 0.41743378256687663 0.42572740251203345 0.43403314680376415 0.4113512998576859 0.4584463596919249 0.42468416745063603 0.41945913570629134 0.4118927906898211 0.4031703027261317 0.4463431162496159 0.4515292557874619 0.44993518641135427 0.4871217745381283 0.49477647239620304 0.5551272795666988 0.5316676461457598 0.5548341798565669 0.534128231179575 0.527311182200091 0.5329609442924838 0.47494987569436975 0.5057707997278904 0.4601863653151295 0.43829943860693255 0.3915394898458045 0.3821105466056358 0.3457604065327483 0.37019768086355115 0.36582129642860267 0.38580209227737533 0.34387922272609495 0.31276797605809464
0.40468110165550913 0.4168207394475413 0.4390760781636857 0.46593425828125695 0.500198258852526 0.4639754978590504 0.4258885579887812 0.4585647906376855 0.42142896513441447 0.41635899483328037 0.39684095576157247 0.4495168277903572 0.45112229155353306 0.4337524460612762 0.48788221797039 0.5000186713252666 0.4781510688530871 0.4298231289341933 0.40455389392770014 0.4420846011295068 0.46598030552150005 0.4827422492285661 0.4389156964611798 0.48641626880360705 0.4796013388469154 0.490821393101929 0.49602081699375805 0.5243823781504113 0.5109012834657232 0.4927703590974498 0.5401963559999262 0.5361484352833733 0.5273035318638521 0.49768143035865264 0.49760339394107733 0.42237560941247004 0.42240122280320813 0.3854819176641852 0.42164009200071917 0.3793356530754658 0.40757539963781597 0.34145608959269874 0.32224591733551966
0.4383749318139884 0.4462823192693022 0.4635758152700281 0.4730807776597507 0.4466489784739846 0.4827375335312821 0.45514815242282197 0.42499793357060167 0.39901775061048855 0.38650654425901587 0.4387308911595384 0.45009775518441675 0.4661669949476075 0.46569581023770135 0.49098568849937746 0.4908066685989456 0.4991606885890111 0.4505621281883413 0.48788994367109284 0.46960376584456304 0.448875659061193 0.46527337267868407 0.43328980306162024 0.4640435738072775 0.49376438351114493 0.5045523995580987 0.49983684634095493 0.519712281451871 0.5331239339926256 0.49749940020222894 0.5009897210790287 0.538661141047809 0.5369895704155557 0.5460383751804657 0.47488496633384863 0.45796106309879375 0.4348238370374732 0.45577166698036176 0.4060034028907679 0.40541254561235657 0.3873765587242427 0.3959406958269927 0.3279252191001565
0.456503134307766 0.4229001572233763 0.420965347162509 0.45127211065224 0.4414257356699358 0.4561528197510319 0.4608288745858281 0.44301091026558503 0.39759817852788953 0.36642431059747943 0.43013519624124774 0.4612577635881695 0.4074079059664493 0.45149570775840286 0.43593824155752753 0.471968378159977 0.5198772310269799 0.4991912735434716 0.5066950795552171 0.4725061150867383 0.490898683154768 0.4991331135383024 0.46123904008588423 0.46252536261533367 0.523786292525105 0.49609403068139607 0.45986299256033775 0.5178320988533924 0.4949410141212722 0.5016431420913179 0.5464728443771213 0.516765823816124 0.5146347655050375 0.5078557899709211 0.5238261173540953 0.5205573729775826 0.5016991069496688 0.4700687085721606 0.4610013885945197 0.4634681417347831 0.3943896031918003 0.4026473216438604 0.3609487009679921
