Raster_benchmarking/DGGS/continuous/raster-348.asc
NCOLS 100
NROWS 100
XLLCORNER 1743159.8940430023
YLLCORNER 5469279.025671206
CELLSIZE 10
NODATA_VALUE -9999
[rows 0 to 18 of 100, columns 43 to 85 of 100]
0.3161841844245424 0.3471784722961817 0.3613284240470376 0.3495365104446737 0.39364945323443773 0.37216427664677326 0.3625503677903035 0.3364426287128237 0.3295509067959017 0.33537485508435316 0.3667621752216449 0.36989034895331147 0.33376872178448413 0.33826106921480403 0.2797336446264142 0.27017613245111644 0.24438575918272795 0.2494796287842789 0.23045039154402752 0.19996258347389761 0.17565181839542537 0.17039600385940495 0.18369744724820353 0.20667905430781652 0.22622430072698785 0.2550667139925605 0.23121490164130215 0.2278430424193458 0.24788674963034482 0.23502619934676885 0.27127445789342186 0.27843894385133666 0.26082889603753945 0.28229390930674314 0.2927354458613114 0.2788333418686829 0.29448301799237725 0.34995245747027576 0.3693362426031002 0.3658280124174833 0.415574259637678 0.4405063855518516 0.4321326385581984
0.29426881463011517 0.3010174604527434 0.3060810949290223 0.3450358063310019 0.37450687862858323 0.38843696073486633 0.34874430871879675 0.33152691342384505 0.35268500985085455 0.3681249952552669 0.3507954357589127 0.339156564213572 0.3345411837932415 0.2836205159093836 0.2593848431728456 0.2567059922168373 0.22602611657253563 0.24166195734392357 0.2337268532312333 0.22842844398598963 0.16691160692056387 0.18279371989657298 0.18728498876036614 0.21800976564059926 0.23450856827171776 0.2662225265813065 0.22419009903457723 0.22064041213491636 0.20429104750666308 0.23960700654961162 0.23358795201113175 0.27720960611858647 0.2876614687982883 0.2604223279636581 0.25117211438358633 0.25743761315813685 0.290533238286163 0.3362596056683652 0.32279468890357416 0.3325829437334472 0.3629801318172329 0.4177551580585091 0.418948972390846
0.32106896283214503 0.3140596720489394 0.3132722372755179 0.327141183915253 0.3581769299453924 0.34620857960425255 0.3774184603527116 0.3452911149063876 0.3438591545402185 0.33282721952719246 0.3583585322617561 0.35649762118432354 0.3199552586949113 0.28035151751585646 0.2892783968498076 0.27904049603105824 0.2524946681681904 0.22961040683052691 0.18887738732033768 0.17862970396212788 0.16558475275916854 0.16089016321844088 0.16657061063799947 0.19258553155748193 0.22391809931664738 0.2141689410391894 0.22193122968074738 0.20707397930697075 0.1792895323476587 0.20867113025260645 0.24318339743980455 0.2521771419085393 0.27514145245531146 0.2732418919647136 0.2630763746501799 0.2894254865295445 0.2858479070462127 0.3160651623817458 0.32939967899810163 0.3494536269893296 0.35121435413260826 0.38636497570863615 0.4220840111726385
0.35529461703659876 0.3349044881369001 0.34438223515785404 0.35080633591503596 0.3272800584810228 0.35373505755602935 0.3400284416626628 0.3421382695232266 0.35832209834548123 0.3172306125185873 0.347470046693393 0.34720993807325806 0.31572768601337137 0.31787930070450243 0.3021346363780711 0.3049897626038747 0.2322044461963479 0.2086156125597316 0.18794148063278365 0.15632342759984652 0.1240362157453265 0.12466277902425899 0.13534865051449402 0.17684122229558402 0.21653324221306977 0.22622355403515562 0.20398385465105343 0.15181400131007425 0.14372296710847834 0.1815786430320574 0.24100076676689894 0.23049082077777 0.2653043046143777 0.2787078273825377 0.24751673154682355 0.2771732808041671 0.27857388868462474 0.25093877516945323 0.30550865242743996 0.331357113904079 0.37485851019803856 0.38737994440180107 0.42376140414933655
0.3505330464713237 0.3709731691226696 0.3692520670856233 0.3287941560198958 0.32132102263364354 0.3306809572466542 0.3402345524376014 0.3556634603279991 0.339186764126652 0.3284919991690286 0.32135104232001843 0.32460864840679743 0.3275003432939126 0.32556982877152085 0.2938794887233039 0.3067801080546376 0.259953917187119 0.22500368764477965 0.1668419812861868 0.14661431004421102 0.14009969413191015 0.14154395767440867 0.15899177985724677 0.16260817219698512 0.16380845157355714 0.19436780515573526 0.18683371119114978 0.16031721984687258 0.14399912650020316 0.1741285301197433 0.22789440101142308 0.21291616926424684 0.25419945286581624 0.26905750123660666 0.24047339618386848 0.2261465636253774 0.2359297418094978 0.22774538344776413 0.2835134881043477 0.32960039360619087 0.34069425518103236 0.3548808780235412 0.40664083010657576
0.386488833927189 0.36754788494698426 0.38007782510223725 0.3703737051007395 0.3074423557143332 0.3031926432521993 0.3300854986935683 0.34859333775971324 0.3211729631433393 0.31990346523527663 0.35015031609317254 0.32665751264851933 0.3172786577279958 0.3113529703098747 0.27492122035853805 0.2743405058100597 0.2563725449416199 0.21479973624214532 0.17748315860069552 0.17644430560578128 0.16322284992389252 0.1776047265696961 0.14533469064877438 0.12049010281269205 0.12997130301357945 0.16465126035264582 0.1307287836779315 0.1254271851318164 0.15074604395223704 0.18463880723600323 0.21259609649056516 0.2266023601616013 0.1987662707223346 0.20698029612236482 0.24502550251833044 0.23385188776426982 0.20909997493803523 0.2220900587273342 0.2549565868065721 0.3091821242218325 0.31226919738016395 0.3250176109269632 0.38693402078122446
0.37166259795346673 0.3478649288462177 0.35955795283345 0.31911608371209954 0.3117115717349878 0.32936417458205963 0.300546469659211 0.3244794511742027 0.3357887204752276 0.35443075315292416 0.35541795296157064 0.3494178166753049 0.3224439959140361 0.29549646815282704 0.30979214761336804 0.3122003049170443 0.26564933439829835 0.22729310336634886 0.21019537773464617 0.1612277201643115 0.1611645280669209 0.16823884685185375 0.17683748803181967 0.1313282416338838 0.11816489015963429 0.12140166122852832 0.14413119073689265 0.10351473385533774 0.10995044957117991 0.12718939830364936 0.15808904776022906 0.19397585073138734 0.19629360263618342 0.20060473762485193 0.2037794876628143 0.2245863251178267 0.21016341350384837 0.2491964511183776 0.2755439471955707 0.303568637317846 0.28579607815454816 0.30949761009650756 0.3685341072943402
0.35746171802819393 0.37694864817828155 0.3749644291769761 0.322754528179383 0.32399930315926084 0.3047547981437022 0.31399708610237587 0.30223806845553847 0.33475326496194624 0.37125268132730616 0.34297787711039096 0.3790504502765533 0.36140386336250846 0.3194948854789965 0.33300660907366153 0.31934983269527856 0.26676225561818073 0.27994135384871616 0.23751482703653054 0.19217736629366144 0.19839148661590975 0.1687936780411473 0.18310494410692638 0.14623653433177852 0.13080004248489135 0.11451365343848083 0.12170821943400865 0.10668960100294096 0.10446096234953396 0.09592839182421338 0.12656674639985477 0.15841395589074683 0.19989354584513755 0.2431605064264796 0.20478755100681723 0.21465543535093287 0.2442659396495921 0.23928684836466776 0.25204633623647227 0.26555183801694643 0.2839214145545113 0.32955533970316153 0.35458896246249
0.34498786849550456 0.3434791890536211 0.3418105159959597 0.3595279427350388 0.3241866691893636 0.2995017971661951 0.28910429158457013 0.3030239043428349 0.29974338124002126 0.33736160646066354 0.3496599631634989 0.37602885520408863 0.3289917202373387 0.3228319974170191 0.28424376371311216 0.26506248468033494 0.2950720975874637 0.24142833687197665 0.24118275411636547 0.20650449587845082 0.19137692218807326 0.17147118009761886 0.18229677474385794 0.13293069598072257 0.10788377348946596 0.0845442881359477 0.06862621264511788 0.08871697042419677 0.09954690522434716 0.08038258463897643 0.1428704913215208 0.16869153526908873 0.19070812457008554 0.21304355564962726 0.254818322139257 0.2613836220096928 0.2338355295323257 0.25083582513307334 0.2561688063667191 0.2746003399582678 0.3117238779299224 0.3511605723550898 0.3747814789150844
0.3306013153570263 0.3360087785438949 0.3250458450425567 0.36169832909477906 0.342819468789261 0.3037194142388796 0.29102316342114803 0.30461620887534563 0.29603448601298465 0.31455691013708603 0.3540359317403072 0.3545744424888756 0.3098302995894692 0.3054547440053313 0.28234399090547024 0.2510850083412721 0.2632432254902941 0.2406838236535201 0.23738138009867824 0.2001148880747547 0.21232661362249367 0.205409812858177 0.1868366886877355 0.12054793266653145 0.10827203244984202 0.08670843146122262 0.04943998378574473 0.06382903822092371 0.09702007648789261 0.07982824676772816 0.11729366890803165 0.17760340391781781 0.21880794815963342 0.25602636984297195 0.25123560662325267 0.246188851201955 0.2680390272050958 0.29852102603098685 0.29697413104301174 0.2624174277852973 0.31065026525195 0.31687267669346286 0.3601964834636363
0.32908000645977104 0.3557330511061308 0.3316237960479698 0.3641308758694369 0.34330031849667464 0.33301760316735324 0.3058072549511672 0.3020904582791572 0.32504121341781955 0.30753154342735967 0.3285929405240939 0.32619716088808426 0.33356392982339017 0.2811889825707064 0.25147373542654283 0.26535905839541346 0.23065405959493399 0.22963015968983122 0.20863961265854022 0.20283168759133685 0.1811653075695237 0.19765812067150584 0.16944698056570145 0.12821551395353772 0.10596215556884946 0.10269651747628801 0.04982008748522218 0.03937382511689699 0.08597839681080345 0.09644157259513902 0.10634933150607565 0.15021739040750312 0.18977573822445876 0.22082288125294675 0.24769869106205705 0.2662236865073996 0.25560529807040705 0.27023934744940165 0.3040725624099721 0.28247103925726724 0.27149706289662584 0.3096030294431255 0.3602669799709421
0.3623830781370143 0.3420878027358334 0.3139445509453357 0.3381371366355642 0.31087985582300426 0.30127421961289996 0.2838634929007463 0.31459445152878024 0.3122285101417866 0.32531759934069665 0.30536059537422217 0.3271187983580047 0.3283618351141803 0.29714909882737917 0.2748166404361994 0.23260921159343384 0.2292365037020006 0.2131724750790386 0.17111440456229554 0.14858702692720108 0.152474877785378 0.18553752499340712 0.15061324265527049 0.15413286742775545 0.11028573926666613 0.0831760504880258 0.053323982265056205 0.04850138651367181 0.07396441596901905 0.09010921763276174 0.1084066796586141 0.17349911470880813 0.16298039858079788 0.20102402411343148 0.23727387167659192 0.22604332284799863 0.25720694652535847 0.3042531710378196 0.28123201012266125 0.2897014019188429 0.2726218474735609 0.31621985523474383 0.3769510881032774
0.34336217168806865 0.2948265200714046 0.31057415412532674 0.3042893283807017 0.306482567441023 0.29680624149006923 0.27430955569259236 0.2711910788346222 0.2944456503621851 0.27695532512178894 0.32497132851410554 0.30177325269577226 0.3131206488034646 0.2622781743175015 0.2366423490581382 0.2567681613642905 0.22911225036684799 0.22123813438974996 0.18706051347251496 0.14991144477061322 0.12364621419698862 0.16799885049306054 0.16701017445662875 0.13639327694425188 0.10531886624569721 0.09911006701333522 0.09375586552707409 0.06367042534859625 0.07010212514746848 0.10132110328173394 0.1287073316129968 0.16901447423809576 0.16456661356351707 0.1835619135893421 0.22440779588710247 0.22233206637031697 0.21536716950019075 0.2642036211859169 0.2457932597825099 0.26546205455369304 0.3114135974415578 0.3281011117085887 0.35264858363909557
0.3360445389872159 0.281125173995665 0.3079258669349077 0.27417348575452505 0.275356144141084 0.2924161304852268 0.2977097182208803 0.28063369066829735 0.29794700495526916 0.26068114357750133 0.31745721763232704 0.29361404024186455 0.29911335875576406 0.2602747822876141 0.2532930560214524 0.2384580288396424 0.23070940433713363 0.1960033792683983 0.1278401892716242 0.09499297358512082 0.09149638573562582 0.15064046783477356 0.15324051521081727 0.11949117157664897 0.1194469512396866 0.08607088199905896 0.09671312529571546 0.09000413278591385 0.07766694145048561 0.09740261239667052 0.11550323180341059 0.15053630518518987 0.1666237829728019 0.18454683137719008 0.1753390234414133 0.1957300598527594 0.1902763237750783 0.2004645988940035 0.221247353199243 0.26886800556538903 0.32092100315443717 0.3341046929300951 0.36076273692683547
0.2925729646393558 0.2795006455436864 0.31971637623735993 0.30470315787563973 0.25919682234075836 0.2526408317563109 0.28874801297351904 0.3002863324073797 0.2909049063251478 0.28044778263432624 0.2990195393801152 0.30268642241466004 0.2777224597401638 0.25119052443594303 0.2215492799873648 0.2132930976377391 0.1905550002487649 0.13851686142902803 0.08889586306440149 0.10662887664789857 0.09195779971835447 0.09533271625497304 0.1275262058975353 0.11564926844993605 0.1185737799985955 0.13653130079173756 0.11477784286831566 0.10469182254337689 0.11484788963649863 0.11504973347203963 0.13463773189952227 0.17204668266976683 0.15790732825675347 0.15588882523140224 0.19576426020417942 0.21651784658940032 0.2174288943683363 0.20791837816153844 0.22195382727225657 0.2660829764009116 0.3085192391457905 0.3393937595346466 0.342702945619141
0.2767332018880731 0.3185205456258157 0.30102468399148724 0.31058175728776544 0.26806701689350576 0.21406667795602816 0.29631446604450945 0.30160201817749827 0.3145428959019806 0.3024971941461717 0.2979181779098983 0.2596346477741313 0.25372059125879465 0.2104898013682571 0.18639469450861265 0.2045706149922047 0.12958890163093634 0.07933315307743043 0.09229544487900908 0.06049644315592078 0.06623908213055898 0.048241483322555505 0.08687404592153111 0.09571707466508002 0.09576518869271138 0.1411617900508164 0.1383373628268042 0.09315281883363621 0.13063606947011466 0.14299833597588327 0.16608569210493054 0.15281303773246346 0.16595027717420802 0.1805341793139793 0.18876694436703662 0.24553590232955225 0.20948755621021276 0.19307362347347168 0.2220721105450865 0.26435006768910385 0.33035553789297234 0.3576902313882718 0.36547134501551937
0.27659809087229675 0.2862642006154522 0.3060936594158974 0.2822468201763002 0.26447731700065363 0.24306951439134789 0.29410465149502024 0.27793436727967613 0.29356650033324777 0.2865313940757483 0.25966201929529703 0.20534646616469687 0.20634947620049865 0.2235440106164281 0.18485168656071232 0.15841147645644288 0.11453362041175554 0.11860089122971845 0.07647719643676876 0.062095942946289055 0.0421318378837426 0.03712106610831413 0.046333401706459026 0.1113240438359202 0.12251029832452777 0.1208867748271815 0.1519913773079782 0.15852427031282978 0.1529014943303468 0.1425138685695815 0.17481761359381678 0.1665436937929712 0.16821996441203582 0.21676952569768676 0.228605551170318 0.23637654446186393 0.27514475635019386 0.27517394859364824 0.2861694556154573 0.2867361755237155 0.33820719174505687 0.3472656309810383 0.3528954666742098
0.2856119870263454 0.30919352346274837 0.27879157040369484 0.2809875526132607 0.2929460597803825 0.27615619086989307 0.2851079677887405 0.29593020842968937 0.2780740381429138 0.2466853367833813 0.2424663415270145 0.1895408523855079 0.19819070256214685 0.19863567467228682 0.1695903541375979 0.13182059294752882 0.13624763620139602 0.11256031631231202 0.07069561278103834 0.07244975850341537 0.08058294173024376 0.055732427627214795 0.08350955054133637 0.08312017635220768 0.1317647352747432 0.1541903123746483 0.13488348682356802 0.1475808315521295 0.12347423877200019 0.1450197220174587 0.15493368373030791 0.18004722429425765 0.19008680097777003 0.19813596818821297 0.2427762466414728 0.2881884301122058 0.2769691793376343 0.28874961224821666 0.3125250848955999 0.3054958932852274 0.30914745704253704 0.33113356916270303 0.35780142155180783
0.28754018109134577 0.27572601637305794 0.27859429687399223 0.2860856721287404 0.30653485176993217 0.28387721445183006 0.30994629696913856 0.31737852897371255 0.2853362519284193 0.2234410807055261 0.18835719891028807 0.17727691117135175 0.15403424390626466 0.14864184404698216 0.11813978559602413 0.1171786764053258 0.11558046678662676 0.0770053851775183 0.07989396610371677 0.0507177913157208 0.07232004452095285 0.06599745817916826 0.10243563598376351 0.09203006114878443 0.1285230368077356 0.12082252647893507 0.12660765670347918 0.12496058553226518 0.12165251398574847 0.1245914940836589 0.14031505169269254 0.16364443538753373 0.2151759412426315 0.23398171159331313 0.24929003097043106 0.2808321208542532 0.31321604898873556 0.294903407383017 0.3192155142802387 0.32968118988635714 0.3367278368813321 0.3429642948745859 0.325353396754829
