Raster_benchmarking/DGGS/continuous/raster-41.asc
NCOLS 100
NROWS 100
XLLCORNER 1743149.918344787
YLLCORNER 5469286.766259804
CELLSIZE 10
NODATA_VALUE -9999
[rows 0 to 18 of 100, columns 43 to 85 of 100]
0.27040982292461163 0.3072567630748471 0.3018529180807168 0.34742002491836527 0.3634284755388516 0.3396634152370769 0.34470108282277406 0.30589295296059377 0.3238365670993826 0.3142070001518785 0.3194410610141629 0.3433007752728396 0.37995897457893235 0.41027672200687326 0.38002431498374734 0.4510555345141074 0.4743695388366904 0.5144530050901724 0.5587213586869035 0.5850967736793171 0.620728631421805 0.592985659779803 0.6013995678608157 0.579454028523763 0.5735953584176928 0.6779075202110871 0.7338823973188735 0.7459362981064482 0.8072534599537281 0.8320409728294816 0.8505680239562117 0.8340412270998889 0.8929415754994314 0.8853339922674865 0.8905950171618929 0.929008776766897 0.9128027900704835 0.9145692230388185 0.9216264779109458 0.9516281560850685 0.9909159937379602 0.9549827354281856 0.9249607246247687
0.31494916077205604 0.30232531257188777 0.31945243290663244 0.3372315850817431 0.35409870697177603 0.33128824176688176 0.36176122728726884 0.3513211363233944 0.30944468145747034 0.3294175523794709 0.35386609378342165 0.3415881182796377 0.36062368736787576 0.4158690090578312 0.3855357295428894 0.42431427490907153 0.46882170840230775 0.5391388983510843 0.5394756008677623 0.571201232698334 0.592125235469174 0.6259389011986558 0.6264583227156534 0.6222748648047894 0.6438376121213691 0.6923725215029397 0.7336088832984344 0.801141487435396 0.817750491963448 0.8200975158243249 0.8571207823600507 0.8380008667763797 0.8901820734640463 0.894934134253334 0.9123365836234139 0.8844825538868231 0.903183499364899 0.9156514121859038 0.9155246604976732 0.9342696110390885 0.9309706690180349 0.9437891693585662 0.9585400244701733
0.35294061588444003 0.3377862371115153 0.33563831868556654 0.3537562598478312 0.35933613245543344 0.3216436148595405 0.31278685493845715 0.31429383546680184 0.33892050293571124 0.34593907239883065 0.35538506839396317 0.3628962438837227 0.38070554151081576 0.39345540275388297 0.42441139558705326 0.4780213373903172 0.5060986360761213 0.5501646784807124 0.5093622286812466 0.5520391724297046 0.5485242018876331 0.6045653661273458 0.6268069802722052 0.6731489506805158 0.6996323411682341 0.7034191470319221 0.7472989266438125 0.8090434513315111 0.8451099367611202 0.8544431212927641 0.8482306634045731 0.8299097666815021 0.8543081882540134 0.8806184412486738 0.8838814009664687 0.8822903251821433 0.8675833580524902 0.8537589670323412 0.8713859307699843 0.8825745982528541 0.8714012703288017 0.9341095022099836 0.9131351973625517
0.31035167748804243 0.3422395442701494 0.3529089410423318 0.3614696280710918 0.33893160930578503 0.366118146275736 0.33746619634802383 0.321813934522201 0.3554907713028744 0.3681897581168076 0.3764210879359527 0.3716901374060457 0.4184492408005581 0.4321051646888578 0.4191313982569451 0.460913749571894 0.5064796064464188 0.5632247933545214 0.5712422932789896 0.5577881839100662 0.5703651578348263 0.6250481140457845 0.6221759479077505 0.6875831144917474 0.7100581198546078 0.7671889625581919 0.7518169495689914 0.7703307612955961 0.8015588337411637 0.8139759822585773 0.8053752688468561 0.8156596148072354 0.8345197075046361 0.8900917771373509 0.8935067881669908 0.8612101639663988 0.8647340745711821 0.856767180538868 0.8785152950957533 0.868526574805976 0.883806420094837 0.9044816767840144 0.8935915586038247
0.3035175142067834 0.3139863511092929 0.32079058779063024 0.3470552021473799 0.3778231781178547 0.3972507275148735 0.39180902390927824 0.38539367772300737 0.3248749666494785 0.37693993695186906 0.41608355273099284 0.43727390948405326 0.40686169171520703 0.44349030417784974 0.44698198584949755 0.4754412997951531 0.5247632786904892 0.5483920601696085 0.608841717898609 0.618232673372722 0.5928488617694199 0.5945530352952401 0.640654967421593 0.674388312081216 0.7307497078771472 0.7889382063248057 0.8000285899786297 0.8032248816858965 0.792960333651581 0.8091908517662437 0.7863308168816201 0.8244049802817895 0.8540760542917987 0.8575065906249169 0.8635280208661196 0.8665427936178061 0.807900895389855 0.8156978279654741 0.8477334146016439 0.8498063971632054 0.8558802990817336 0.8715583380567836 0.8740754034643525
0.3268591061407737 0.3309373875682024 0.35776126552016313 0.3525727293072855 0.38417472383475093 0.36360266574343825 0.3962583144778477 0.40667549784923146 0.37321675698610557 0.41551321726959334 0.44597191380193923 0.45173182897545083 0.45969996976867583 0.4493728625567802 0.49781978035520014 0.5227822512303387 0.5517904173474841 0.5986331496732229 0.609001501510096 0.6132494900471549 0.6017112726707299 0.6164158005369224 0.6522271450441929 0.6731135163902756 0.7198879035051273 0.7793089095375856 0.7747269134908807 0.7758926503882991 0.7798445808891962 0.7566536632349135 0.7840715445251999 0.8358010547309426 0.8256036672477507 0.8175638183365579 0.8225622373896975 0.8326866375057992 0.8281373066725094 0.8447893661314497 0.8668611389692947 0.8560908549948144 0.896151135607127 0.8747883318636063 0.8821588753730039
0.3199413845610075 0.32836853830042767 0.3404389962680485 0.3404641884631963 0.37431980846220886 0.39663698264073227 0.3703772412975406 0.41637557294878014 0.44906031574014244 0.46077218935948466 0.46409326036597404 0.45365884989248983 0.45640124438389423 0.4576290045289474 0.5151116923540996 0.5158111996516554 0.5522089463350708 0.6100423625653916 0.6277755788286021 0.5919344502307626 0.5968215801718103 0.6320044888435187 0.6619109541767794 0.6968642076354229 0.7607421259321319 0.7351084464025467 0.7633896644174042 0.7394499797262853 0.7551240628738664 0.7855092643338836 0.8019353302720976 0.7784082861307436 0.7939938475011031 0.8314326635597676 0.8236106896291032 0.8211327917400412 0.8141572242546894 0.8367901832190342 0.8486058272169194 0.8719876349307221 0.9199004758324254 0.9063937646862885 0.9218422554585103
0.2922955353396329 0.29698099101755826 0.34377048222938944 0.3402344491334294 0.3926701218803796 0.4049744967601736 0.39795174513036025 0.41418609145237645 0.4498377383454078 0.44873243964514353 0.48513235870120325 0.5031620969091958 0.5151565212850994 0.49751747618903247 0.5285517241959675 0.5777213860467559 0.5933942229054915 0.5941662204570218 0.6218388909928831 0.607146238138955 0.6088710669422365 0.6466573589878531 0.6173140370953877 0.6599716134468127 0.7143131462105609 0.716454099555901 0.7453306877944447 0.7427321482032323 0.7356498435704597 0.7839611695397491 0.8138193416971926 0.7830671162414629 0.7893767673988322 0.7837263063969219 0.8111948080897446 0.7983565794942521 0.8424561390180515 0.8823554875454477 0.8945732093441371 0.9125635469756265 0.9223412553231208 0.9571334821853664 0.9469110290845777
0.238695207712572 0.285899191417773 0.33536283408173834 0.3745789635067609 0.40633291618450706 0.3955928276951173 0.3968691182492593 0.4466109456236578 0.46588480476656996 0.4789827444396649 0.48558518642470283 0.5018886542473542 0.513830747334753 0.5176366452473461 0.5591436600397929 0.5666786520083693 0.59618665892075 0.5904937790190453 0.5841606355280684 0.5774103107649753 0.6146702260228861 0.6023622910989717 0.6072143821172108 0.6798961179230146 0.7093703607407662 0.6701764398408468 0.6757874125838887 0.7319215172162229 0.7482929695882699 0.7453552630695077 0.7914760745782613 0.756295003226114 0.7163011999148979 0.7756288152476022 0.7820003427855907 0.8031878694839365 0.8536151073761774 0.8785617242857464 0.9122449439939785 0.9376268495081077 0.9288625845723796 0.9599526007965529 0.9611154590004387
0.21384707102531206 0.2549968637499645 0.30201269778747575 0.34034318582861317 0.3721197074334763 0.41278984551468306 0.4426525532981933 0.42407037193726427 0.4081284661585574 0.4368650187810534 0.4709047933183571 0.47661600955628003 0.49947635270479035 0.5426249450435303 0.5259423091176828 0.5341663750777507 0.5639159468231025 0.5746837926208793 0.6042964632365019 0.603001141633787 0.5959410112153806 0.620280019357389 0.6256897868143447 0.6423411138985865 0.698359284918422 0.681213419058948 0.6777699758205835 0.6622741961679975 0.7276363222931229 0.7419240885539055 0.7578009950708974 0.7334838596674015 0.7410352034183182 0.771105026998457 0.7775157468963902 0.8171585863911912 0.852550161829192 0.8494599493204036 0.8872966778952216 0.9084009335299695 0.948435721626432 0.9521525975982464 0.9600674117827629
0.1711850577052445 0.23428906612033185 0.28897315769263665 0.301328499723637 0.34358013313821434 0.37433945968779314 0.43066710820877097 0.4206921272809184 0.4041351705217916 0.4237115065846107 0.4515435634405629 0.46398540998706894 0.534215453648241 0.519811171505141 0.5468006275224176 0.5547815404594935 0.53196752181863 0.5607379092914839 0.5632957037773444 0.5620496018298164 0.5754840425434578 0.6024402984335844 0.6185440696524885 0.6332282005969648 0.6655205362570751 0.6411848181202321 0.6529047620346298 0.6795019456506177 0.6711524288881252 0.7107863418258218 0.7150366632085384 0.7198439832420794 0.7102732923369761 0.773484035455771 0.8053110092112181 0.8119953380646577 0.8116097142465296 0.8199033831559568 0.8505786739473371 0.897853241123727 0.9391653836125254 0.9559291775640011 0.9129059633996067
0.16444918553079688 0.2297289947791448 0.24446801597935552 0.28795343530602 0.305663066671593 0.38807612595756424 0.3709776014394071 0.3930284187915426 0.39189182301875336 0.4387490671936246 0.4682892929907987 0.47443548174242534 0.4970858108194793 0.5465042290908212 0.5071475339196011 0.5090406602081323 0.5015387426135759 0.4914661148251429 0.5299196615728883 0.5715032978320695 0.5950355807757404 0.5821639794862542 0.6002313289587321 0.610706405893147 0.6490743782650994 0.6597701261132377 0.6897139672454018 0.6838244535440912 0.692128739433231 0.7164849670955037 0.7228882969000194 0.7292999238745198 0.7524144068716491 0.789529381913364 0.8192920500241135 0.8329404242609145 0.8491686225542219 0.829755921204898 0.865415192033835 0.8787261182002032 0.8944566338121382 0.926412751834179 0.946211799722693
0.1463573865291901 0.22282544643784666 0.27381679921748175 0.2541358660536408 0.30003906472492425 0.35694137551627986 0.3799177902703217 0.41597156064789614 0.42034260827525644 0.40168744734657275 0.4089307248125177 0.4407768004683329 0.5110101741697217 0.5109263405717559 0.5361934734758955 0.4869393677357926 0.46669817331918484 0.46573252181842667 0.5058803593411865 0.5258198798138172 0.5970497556214598 0.5736842527862023 0.5989050813247673 0.6220117349135109 0.6479511479007688 0.6399467142971254 0.6749805319964794 0.6715382092694018 0.6654985414819179 0.686433892144628 0.7499391068426324 0.773459512995181 0.755746183185707 0.793146123281299 0.806856325968731 0.8468029036878095 0.8735603191123791 0.8409475044042223 0.8587458173344685 0.8982960140904829 0.8849846952173909 0.8874530554813767 0.9472537137398557
0.15499014587250023 0.1938159083975239 0.24614725350162445 0.26199914609517677 0.265893827595717 0.2968480006241814 0.3432846258471551 0.3756653790249354 0.387517965297845 0.38143260693394665 0.3899053587540085 0.4224443850547609 0.47895273019854906 0.46236327905845054 0.49819749594559576 0.4926891942535747 0.47566360882239334 0.4738946507696023 0.48143705689603067 0.5083004057936397 0.5246554098649687 0.5351295080919314 0.5626625070086636 0.5421215215670598 0.6030559974966346 0.5854356475636093 0.6418987114519392 0.6120581584208747 0.6477647622539348 0.6657235380753266 0.7476977580357946 0.7565512416055769 0.7361756530917528 0.7683150221431492 0.7866110663250953 0.8644823271354826 0.8422022646746712 0.8621819412849896 0.8472815637764951 0.8753015708252189 0.9008671828539635 0.8955288059312542 0.9242428489561809
0.1675691104170182 0.1877069426500545 0.19204635041289364 0.1985241022482256 0.23563631186728126 0.24881909802266988 0.2912881298177894 0.31273292184810075 0.31392202929529134 0.32674513226564406 0.3696744353838605 0.38859850365005466 0.43497057979525333 0.4414772616023087 0.44147368352476757 0.45530740625943894 0.44031306507926005 0.4659659112481432 0.4775962044078313 0.45850021066246477 0.47703923991654507 0.5018438469968282 0.49067964817916654 0.5293509142196666 0.5270673168903699 0.5714123355009303 0.5895491014201115 0.6158422067290427 0.5938946226282602 0.6561934159373073 0.7260228217293154 0.711389116648131 0.7210149782508903 0.7714688613914017 0.7902448571843868 0.8297795064951531 0.8777170975087027 0.8824206428100952 0.859457749304733 0.8732646005433307 0.8396432927981842 0.8748200009741423 0.8990413099158824
0.16905772815451414 0.1986012713712234 0.18072752463682587 0.21172118719826497 0.19221038982856486 0.20973408234699298 0.24199973003768896 0.2621457713299513 0.28528354969902203 0.27219215829778337 0.30087321932389466 0.352573149217789 0.3656063217979788 0.3795571016647695 0.3933124739548623 0.45902726248476655 0.4708818609940207 0.43972969310130045 0.42178034130141456 0.4559118075707355 0.4234850534878124 0.4483401342038008 0.45145225839737985 0.5148518977061993 0.5327609617578369 0.5601492411631953 0.5806312012886382 0.585589128032316 0.6058222614477868 0.6381409553901836 0.70941815716238 0.7035816627933802 0.7426713145682157 0.7629413476464675 0.790206066591138 0.8208985563798615 0.8492817396633608 0.8295482664200431 0.8711321717923304 0.8667446857039419 0.848481678418244 0.8486683179615474 0.8744473758645973
0.1664142772888604 0.176686872478166 0.1834309996975668 0.1771008757778892 0.19302937722169922 0.18118356816741382 0.2037333346785674 0.24619116147327114 0.21584267335352594 0.2618197962332242 0.2652684303869385 0.3085498930808329 0.33999100448121516 0.3407903182853771 0.3993334231082907 0.45558633685051525 0.45943557492957365 0.4442554255171844 0.41344664097656814 0.44520758378077696 0.4213073406022417 0.4468836191297356 0.4616978574526021 0.4820826908428522 0.4785688615850812 0.5028418316334446 0.5754350700422464 0.5710437760561514 0.5584333029772697 0.642189760350234 0.6929642069270929 0.7137496700003105 0.7530875267351772 0.7515648445397551 0.7543175961177432 0.815191716050373 0.815583791385058 0.8074712521276325 0.8441410372589112 0.8224502789231933 0.8720812228523698 0.8337909381967102 0.8491039070780175
0.17000709535539227 0.203595991943687 0.20917214828661446 0.21756587078600426 0.21240200544544313 0.18101787755450585 0.17809874842911963 0.2062683208607536 0.2302209639945035 0.24899464418953127 0.28304913207833043 0.27487806239125956 0.33998093860605477 0.3490960156901392 0.36617887796521315 0.4017373359875087 0.41798236086822177 0.4017088750474967 0.41005421893855887 0.42725836645103116 0.4300028323919984 0.42020556439998813 0.4436812495521339 0.44191381902284216 0.4569691552411372 0.506638979515541 0.5497707333275157 0.5790232613508696 0.59544008226861 0.6148102314699603 0.6601244576181775 0.6763134856246321 0.6652459757259545 0.692648466824787 0.7535136373142494 0.7666347395420534 0.762510078094272 0.7786423808612861 0.7923401795782822 0.7904110162124969 0.814412308699972 0.842314728135383 0.8520842683405475
0.20857038940774097 0.2192074396231702 0.18782134259247557 0.18897018625503476 0.20168001954691833 0.21925814295483442 0.23092402645581264 0.20560546689887743 0.23940766243030256 0.24058756253136693 0.259511420116534 0.27390424941983216 0.3242990737409957 0.3376424547530644 0.34449676803326795 0.3533873821464955 0.3986365349592667 0.40812468520310324 0.4010101827489417 0.3880179480326104 0.37448663944451555 0.3927871213521762 0.403026124987746 0.44550831669094465 0.4749706219721516 0.5113463259272342 0.555703513390616 0.5522389249406677 0.6036828030892485 0.613087507398093 0.6141751756563899 0.6484338623786444 0.6340337568466815 0.6561631171445786 0.7208610560948251 0.7118686798041634 0.6949115823004818 0.7270106131653222 0.7482654708018978 0.7498722628408735 0.7940750576762011 0.8108115893780261 0.7814794013415131
