Raster_benchmarking/DGGS/continuous/raster-53.asc
NCOLS 100
NROWS 100
XLLCORNER 1743154.6516522714
YLLCORNER 5469290.877786083
CELLSIZE 10
NODATA_VALUE -9999
[rows 38 to 56 of 100, columns 43 to 85 of 100]
0.33064308690577454 0.30369289626346446 0.30568017487487675 0.30966419486954877 0.34817355301791103 0.3519454762687469 0.38557567634639706 0.3943235878438667 0.42225022400017176 0.47530452844034154 0.47728483937697097 0.5041229087150982 0.5244104550379727 0.5339038783102987 0.5100533343639121 0.540741003196131 0.5311934137773241 0.5456300430736151 0.551745585696684 0.528537069441931 0.5396761473565413 0.5853373604765022 0.5635178733476729 0.5346400074358341 0.5445237570574718 0.5676108971290241 0.578562820906724 0.6059401696213957 0.6291544857292726 0.6713758023378439 0.6651721788032732 0.6432742333218363 0.6409196151965992 0.6523435623341474 0.6723594520934415 0.7118139277148062 0.7277934141350593 0.7315456219515247 0.7220293976386399 0.7541030063039796 0.7249017295608206 0.7283525175922909 0.7444390913589808
0.32658860111248633 0.2946367694393706 0.2897654173994364 0.30515136944686966 0.3285444892483385 0.35455030658690984 0.3719828256025432 0.3730398016959069 0.41048529126328265 0.4334656347408655 0.46441197819348584 0.5036774404564682 0.5019954702010246 0.5016115204922609 0.5241897270511876 0.5391703739129462 0.5286044218255672 0.5069283273367526 0.4951328601625098 0.5075876630241763 0.5036903689319425 0.5230788777122057 0.5226715744604804 0.5241207948979483 0.5225847049719614 0.5589549142751025 0.5593581235233003 0.600501847239835 0.6347037084675641 0.6603479984267504 0.6575108876694841 0.6643430498013273 0.6833272784241585 0.6899184791098105 0.6751507110144208 0.6744700646725362 0.6994953595044677 0.7128815140749799 0.7278039295443246 0.7209546233773404 0.7182967771369542 0.7364094046567295 0.7392210192966533
0.32467668296503377 0.30810068065022517 0.30134730628457107 0.31107912708132923 0.31883254316990056 0.32722484676432706 0.32945940312999816 0.3505791333426514 0.39108034535553887 0.44047466044885175 0.4465285991221963 0.48320218428199296 0.5038242807686156 0.4777328242386418 0.49976325165795266 0.49903043663031704 0.4963714413907036 0.465026537555249 0.4652638084835332 0.46671095266999235 0.48844522075164837 0.5187529792791119 0.5205161980333937 0.49320012583386236 0.5128434136669497 0.5285418562895632 0.5560530391417977 0.6142660444260931 0.6353334963281007 0.6804466382168423 0.6828755042307608 0.6977956983623802 0.6959597792975977 0.6897437030528211 0.6668354225724274 0.6869244719083213 0.67536644711702 0.6915545277019405 0.6860124932668632 0.7025357094903908 0.7318159579743715 0.7530687108419516 0.7658484167210096
0.3322132664062606 0.32477904050498757 0.3263321876908545 0.3418002397087371 0.3086858795261263 0.3119226442699696 0.33220375857832773 0.3550644719374965 0.3846904431287095 0.38745223279201413 0.41876993357337117 0.44562593651852306 0.47744739289838306 0.45682930750987116 0.47780750881944684 0.4643870632341314 0.4440050777256178 0.45346446929019263 0.4509018873897004 0.45753183046719353 0.4581487468306086 0.47692552638215896 0.4953397777280237 0.49859662094098633 0.5036021993718193 0.5259132777298772 0.5600934362935764 0.6269251665486064 0.6440132019808129 0.6822756013734139 0.665913070850969 0.6800131888079848 0.6857979857807751 0.6981267642471632 0.6891068336649504 0.6804711293361853 0.6587302636589313 0.6899387992349443 0.6870272107009749 0.71829859537255 0.722286276722996 0.7244779461175368 0.7507288528217803
0.33205048852028557 0.3612235368262018 0.3444364913079652 0.34121229935403197 0.3047397084892511 0.29119733684315746 0.31333260305522515 0.3396536278952221 0.3551840423859936 0.3579388820066762 0.4141300476749735 0.4620310140366196 0.4658875606302121 0.46341077969054056 0.4547821719060728 0.46570825931753235 0.43298213240635536 0.41277002862591666 0.4213453510624665 0.4504398763540879 0.4430858022630474 0.42716183119952944 0.4532201743565967 0.4859656053368704 0.5079747578093932 0.4838860686927144 0.5423172205839336 0.6095293440586659 0.6524761739611484 0.6688632561519959 0.670299289485681 0.6560222417337004 0.6703394500596047 0.6719511408783685 0.6636568706310657 0.656105523798927 0.6658992324340445 0.6664888618478068 0.6970259269199296 0.7075428260787306 0.706734626108214 0.7343244643927054 0.7480599666880093
0.3220872733816789 0.33915083112194155 0.3355464683994003 0.31752862690168204 0.3368237311808552 0.32151533349166705 0.31666284683746415 0.3440298462635739 0.36309070153198186 0.3583561939441238 0.3867563810399415 0.40402252429958363 0.4203620601379857 0.4548049287045965 0.4604105717304663 0.4251933106109418 0.42445721989228563 0.4276452464507928 0.4291846234602425 0.4422534041962813 0.42104750675108277 0.42836454455924833 0.4788805666518558 0.5101084223671251 0.5136173664860118 0.5011692304976274 0.5342194964144208 0.568855600177068 0.6204881901756836 0.6279840790327906 0.6372411745922045 0.6766430885006988 0.677995973340228 0.6809596648111849 0.6620824952160538 0.6455942308920529 0.6405515660100732 0.6444342650079798 0.6919557310415533 0.6844509108960688 0.7077730051036175 0.706059694315004 0.7014376144272458
0.3064835067813092 0.31664979794190756 0.33372554832303164 0.3242924309370379 0.3320708877530851 0.33310590391380646 0.35609552082077567 0.33294139605758327 0.366943606074085 0.38592030825783885 0.3876832628215502 0.4009345759413681 0.4156182557385248 0.4125945308947731 0.406410613272957 0.41788042228123634 0.39603974706155964 0.379182364840949 0.412348028040567 0.41379458201330654 0.43045741504114576 0.45358271137922285 0.4730057310630336 0.4915886656562599 0.5282458691087414 0.539054187276921 0.5437169497452015 0.5473815450289332 0.6177758950427557 0.6377244318488859 0.6405830849952614 0.6645426005225661 0.6419026879429526 0.6694272000999149 0.6518604368440181 0.6394253088337235 0.6567485944274433 0.6623736788106047 0.6575906949613082 0.659465157887328 0.6839709528579899 0.6792809305416401 0.7029799731312512
0.32431652506657305 0.34030189657892934 0.31355371382937614 0.3248153256898076 0.31745728234214393 0.3467598644746689 0.36714593100028686 0.3757232174444353 0.36860587466802286 0.3824233215221263 0.41055025662652167 0.4174136442259914 0.4196334669079841 0.4240827257311725 0.4100585595034689 0.40492414785133685 0.42048214682550933 0.3851279953627354 0.3998489203531175 0.41206893491929547 0.42040051505495596 0.4501821810452618 0.4691114046880005 0.501104288039606 0.5087229875769939 0.5099724487137178 0.5267947689643923 0.5672313712099513 0.5954400288954895 0.6228277834830016 0.6309043289414182 0.6252129685278492 0.6268610995426551 0.6212166750397498 0.6312265070233463 0.6541385634265422 0.633509312561936 0.6543519036670029 0.664031877216207 0.6541639866126844 0.6688933009162308 0.6643509406801853 0.677259966086664
0.34345935211024736 0.34763239854671857 0.33641842832743707 0.31337707500935186 0.3535899932055826 0.3841657336385219 0.3621146037244604 0.3943682748339102 0.3689137739953536 0.37821742010053944 0.41863858841042906 0.4212216375396145 0.4460400225232802 0.4487691207615479 0.4297290828188125 0.44310509360613426 0.399465419817151 0.368030987546524 0.4178310141580482 0.4189131805261278 0.44766609496541754 0.427378061945179 0.44774422676500547 0.48536419403116654 0.4893497552929445 0.49187750863616486 0.5314316805011262 0.5799120980604403 0.5979856618486156 0.5986782878996291 0.6144509921615396 0.6357055691518327 0.6010228830537708 0.5970129785970499 0.6046223517075534 0.6384372103897581 0.6521063936426342 0.6157707930779381 0.6554113251564699 0.6746024676902322 0.6834706982094086 0.6722656474149369 0.6587904442106248
0.35411960019613725 0.3358506698618546 0.3281897441869683 0.3202799114028111 0.3498663014666047 0.35278037258937106 0.36219831057617907 0.3762716272030434 0.36865075395917296 0.36958021010056596 0.38375862805749 0.394245391552211 0.4119835666431786 0.4188802300226874 0.43082104718234765 0.4213298872370185 0.40962817047067807 0.4000615536385443 0.4019530155606409 0.42759269394371535 0.4525567803750499 0.45520922499360483 0.46372514807706633 0.4737332522206349 0.4736254560144935 0.507402986921784 0.5241176486150105 0.556568330107451 0.5797218310605119 0.5859208025922538 0.6032238122279181 0.6219004264336926 0.616070095313396 0.5873494423900609 0.6120923999494904 0.6432883249383553 0.6455767260574035 0.6406174472607763 0.6176928801952635 0.6426753029147949 0.6698497190018696 0.6439068338001472 0.6422737247504788
0.36207271191455687 0.34196866931955766 0.34230786271157276 0.3273017370333645 0.3613690019563293 0.3692231990569393 0.35054941982238763 0.3849306718807822 0.3425815878209652 0.3576817319981973 0.387490837218129 0.38627499755338357 0.3692970064318632 0.3717215074759893 0.37835687574885174 0.40193770894827036 0.4313443889011908 0.44119850124823834 0.4214012007519205 0.4333654541093079 0.42583602410504257 0.44839223136032524 0.44067048415032084 0.4276873928062404 0.45268172230417625 0.4815122497035878 0.5377502415367658 0.5842100685865207 0.5719719599272401 0.6068772402092345 0.6113904772766626 0.5835698920210541 0.5798830773715201 0.5679927380529463 0.6016019091478142 0.61534345295556 0.6415834063630648 0.6359312940255741 0.6339478475846879 0.6224061918462616 0.6470130591845649 0.6443850843210692 0.6207409065602753
0.33060909644577857 0.30950807440904005 0.3057152765352103 0.3181000936417245 0.3170301322620687 0.34376792516038257 0.35205563044919563 0.3679331550971927 0.34343135565771615 0.35556797804277285 0.3540908466764658 0.38489670775042134 0.38966997854889507 0.36554860573587256 0.3926838205658831 0.40266317446602423 0.4166329964839854 0.4488495620858333 0.4512310765843833 0.41932871618500384 0.4352952613021352 0.4272932217129094 0.41600768272307187 0.44182496227535073 0.4809672863220255 0.515462990265932 0.5404096934996994 0.5922971888648129 0.5970418235060387 0.6150597103233275 0.6048030889345994 0.5716042939968142 0.5761585503665552 0.5758905665149973 0.5774449765783064 0.5689863814870089 0.5906442270526879 0.5925131423261286 0.5888123378549407 0.615962786362211 0.6066853859567435 0.6035661636948763 0.6022660531490217
0.31788237054406987 0.2967115411515658 0.3066756649894504 0.3125240721818152 0.3164844819699698 0.303448940091699 0.33857021499388923 0.3447818855660743 0.3698252592991596 0.3685089827225879 0.35340596603779123 0.3880228611691261 0.383573534791698 0.36853828642819464 0.3893991117011791 0.4125600004079222 0.4103109565655545 0.42366036561238274 0.42884289652221896 0.4392357876048429 0.4176298019758426 0.3832378022826066 0.4409093309854845 0.4702414182602026 0.4854707722266413 0.5390495336399771 0.5598355633735685 0.5826595917427856 0.5821880628378452 0.5973726887117796 0.5714728628838037 0.575100077334185 0.5932986144461878 0.6037566863422094 0.591978277320578 0.5701422486932014 0.5877892660962197 0.564804893216257 0.5910279008068349 0.5786009731507126 0.5993428587513052 0.5989306727048174 0.5919388497826705
0.33834628460836386 0.3292939123129157 0.3221674077879985 0.34798152364246765 0.33912712911031445 0.3365894786887823 0.3344464168649715 0.3533325668244288 0.3716780852267365 0.3918116530557458 0.3662685913653972 0.37943955376855093 0.3902592686830266 0.396361380694778 0.39575161964754874 0.4014593142653957 0.4054262539226133 0.39347572609217857 0.4101324128749648 0.4222982478205992 0.4415520839530363 0.4138132418020303 0.43146298382382964 0.44531192351032706 0.46468546673715966 0.5010058872281764 0.5323860147921576 0.5628473546780637 0.5470780342293649 0.5573714566814508 0.5733319567900627 0.5561586932103508 0.5876750436650294 0.5657915799832574 0.5579924147221521 0.5599415103547462 0.5667065889921681 0.5695082393285827 0.5605266017864975 0.5466058243356442 0.5559066263528651 0.5847636203873896 0.5495515733716052
0.36446712328700925 0.32461051660308393 0.31816712902143823 0.35583696648852253 0.35607504982776944 0.34829774511354394 0.3507357341575728 0.3842145342608549 0.3918198618460604 0.4026239764171018 0.3822427416548068 0.3667966712613338 0.4064048410891606 0.401966873965183 0.4265512915486532 0.4377301078523551 0.4341964543926569 0.41411079811125334 0.4162562872075227 0.447488729725599 0.4817238358085697 0.46951739593155056 0.4682539997591127 0.4459594239894404 0.4481857610357708 0.47901630850415594 0.5155307526749429 0.5364060783601216 0.5406870064267839 0.5158247637145948 0.5284554290248329 0.5580011462203571 0.5382904651253725 0.5416839395772793 0.5507493619050645 0.5198491291989038 0.5341201854751265 0.5594594184879814 0.528212860037049 0.5539429417108247 0.5614104537132352 0.5497667882216972 0.5551691030821505
0.3926865956395974 0.34786223401392485 0.3436181152399516 0.34779022153681527 0.3480247877385996 0.3465140400862085 0.3955295419929746 0.3941945880174019 0.416793091710525 0.39187663595799926 0.402531527976375 0.392189381647993 0.4198432505788431 0.39683906642891764 0.41866986075814083 0.41865591444394357 0.440829015985748 0.43206013557472267 0.4179999345869998 0.4707465517638293 0.488161148528079 0.4805473024263238 0.4836376210771054 0.4906026861503299 0.484883411073456 0.4655700992124778 0.49432290026754483 0.49622907401270067 0.5005696439554297 0.5140323993693142 0.5272588013971106 0.5502062887525307 0.5111691297030098 0.5295704263446944 0.5118387825473478 0.4968535560669519 0.4942231496729409 0.5220061657010312 0.5094888258768007 0.5116380790580803 0.5089682635874161 0.5114936976280066 0.5258976462345885
0.40032047086999456 0.3369976663002067 0.3657026691512365 0.3524367370288034 0.35889770631780876 0.37229427502553697 0.3813058469099058 0.39480992076100685 0.42010500286411523 0.40899552315660204 0.4194396796099814 0.43388825778765594 0.4171552561205859 0.41695861903387027 0.4543277510934831 0.4334457542699434 0.43304123078779194 0.42013637121353076 0.45052201682701554 0.4708182883710037 0.49047570412790054 0.48995852535155 0.48828664120754467 0.46777751938775336 0.47438323670981153 0.47280529904172486 0.5111255601957776 0.5185332473301656 0.4681072033235689 0.4479549382181762 0.5197173500974894 0.5322468474621118 0.5096141558998877 0.4968175182291063 0.48084144846546417 0.505319889173825 0.5020988659675757 0.4630306018996127 0.46878931440295835 0.4815513358937466 0.5105552359416801 0.5241366648372432 0.5019201151791481
0.4020579724387678 0.3808941434596493 0.36155462291595863 0.35712135701108455 0.3773168809532743 0.3999041783511751 0.4036115608652256 0.3900973913934768 0.4110395862597925 0.4175886864566795 0.4437662406669797 0.4450955479503744 0.42660373934369294 0.44676581184447406 0.46540143143693297 0.4766302792290584 0.4726961083203998 0.45247754402152357 0.4877078239456896 0.5061019903870828 0.5040482290829084 0.5208807270304655 0.4963363630901136 0.4623815739741705 0.48629257051214286 0.49844695415102014 0.5126640533605786 0.4972940720482304 0.480484791981712 0.4528355787050405 0.49241736361828925 0.5124561026353758 0.4979583681811951 0.4814694863980728 0.46698429378354117 0.45280698153478294 0.48062520613587534 0.46106199957288635 0.47539154853123367 0.48907625999561466 0.49848412653548724 0.48723449067708846 0.5007021624450173
0.41399921661245914 0.3937234055990645 0.3797063527237861 0.37700100717812807 0.3805407424727776 0.4069974457291918 0.3976170252956475 0.3812101599303374 0.40484723702546516 0.42837820348961236 0.4605241649403188 0.44695664121023065 0.46629960573852963 0.46589304565757844 0.4868271946719806 0.49615795954316655 0.4754176585364126 0.4781782636211147 0.49333448091425547 0.5097416619152038 0.5179768377591647 0.51550235968335 0.5145871728087736 0.4723489948470922 0.48241068374118634 0.4905828657915321 0.5157542567676906 0.5046481032292689 0.46499768372016115 0.4440238762196487 0.49527137218674233 0.48680963630311536 0.4775488231024541 0.4561187703522559 0.4685894838352774 0.43694164570618493 0.4381551120769776 0.44638996563072425 0.49662360639205677 0.5192797636059195 0.4857777558021767 0.4918083225975658 0.5134499893636141
