Raster_benchmarking/DGGS/continuous/raster-327.asc
NCOLS 100
NROWS 100
XLLCORNER 1743158.0143856157
YLLCORNER 5469290.944081568
CELLSIZE 10
NODATA_VALUE -9999
[rows 57 to 75 of 100, columns 0 to 42 of 100]
0.7326291244396319 0.7435899730007764 0.7511191789865325 0.7331783968512335 0.7568344554859849 0.7401394872790931 0.7742637400985124 0.7564147828274745 0.7457724342468685 0.7332595519590035 0.7213540320227515 0.730668940754156 0.7317990755799436 0.7050846179350226 0.7081292011733632 0.7267483592349997 0.7100493511002368 0.6758404749031708 0.6261734709986932 0.639522087498427 0.6437930308137644 0.6432079508225084 0.649523674132877 0.6440955007126556 0.6662469241546849 0.6327357960443757 0.6356664684602503 0.5889568776091035 0.5553289950943915 0.537809961054261 0.4869303408648868 0.48048633802436536 0.4804168245219432 0.48700099112292694 0.4261329297640008 0.4496228420213346 0.42615355579019537 0.4486498278986026 0.44179224991361377 0.4227260382873344 0.4535527944942261 0.406186811973205 0.412802965879705
0.725596576205782 0.7243620295515057 0.7592616784043105 0.7574810128785221 0.7380487403577363 0.7242962530857836 0.7284939456485247 0.6991112838499469 0.6880710963076054 0.6918643916967993 0.6868829538358661 0.7219099606656934 0.7253043755203402 0.7236943236534257 0.7020224167878092 0.7258699542711655 0.6930595185342072 0.6795167180541266 0.6280779760392019 0.625273702867626 0.658170927602634 0.643194453074477 0.6364085083344901 0.6529160005635894 0.669567536929475 0.6446304665694552 0.6276490048156237 0.6253583449987797 0.5739711511425534 0.5538094959115891 0.5407683443577527 0.5314271436852297 0.5084059652024506 0.47971005643816717 0.44459901813753705 0.4420577642084713 0.4136646749610968 0.43145871541239467 0.4421466225235862 0.4474031827907193 0.44951105012137954 0.41796847413131133 0.40146229568572184
0.7321082512010341 0.7228853937520062 0.752320861466642 0.7426893007948264 0.7117018177071515 0.6816040819813545 0.6845043055416131 0.6582401359069457 0.6667079377428708 0.6930404834758327 0.6828085980946018 0.6812603832357339 0.6938187153461439 0.689603050532465 0.7230705371247347 0.7017657379250408 0.7033381658851892 0.671127549970051 0.6538985091217815 0.6410407183369574 0.654358460307812 0.6363372978044552 0.617512887252586 0.6297984547283042 0.6581931324072097 0.6406833181869787 0.6537778398038261 0.6185227920994385 0.6118628946964482 0.5918817666151903 0.5755036236113723 0.5658193715774402 0.5506712457877643 0.509121962566502 0.44800781028731396 0.4527968721541986 0.44486312766731084 0.4638930291596287 0.4407079012267544 0.45260126224946157 0.4320417807124734 0.4490821418557534 0.4357921051274147
0.7388698152904455 0.7528448537298082 0.763897756986534 0.730447492353857 0.7345556302217441 0.6875335670328934 0.6603015731519136 0.6597724224827614 0.650851803552094 0.6882070427385958 0.6779341134760745 0.6566299756729961 0.6478703209105299 0.6627584577680187 0.6808998430257924 0.7078472801575375 0.6825431240832168 0.6786542188167609 0.660318574096732 0.6744113424178367 0.6562083755204087 0.6257682937245048 0.6239560817163667 0.6006567354765906 0.6184721414465948 0.6356460324223746 0.6143098900608379 0.6081673804737103 0.6233138057283522 0.6022164952956316 0.5898063123897851 0.5742077987777466 0.5362206249807663 0.5210805106482702 0.490088753617515 0.4632113148871255 0.476981553033451 0.4553100738605842 0.4412127367737081 0.4425117118186849 0.44327048133906366 0.44024855515099837 0.45047742914927263
0.7584856654156237 0.7397020983587672 0.7564046582917363 0.7629904690407294 0.7446188429706704 0.7172174833649504 0.6647370025837878 0.6723667140201769 0.6592418113907065 0.6547787343982401 0.6664869448064545 0.6504129106143954 0.6574661796115993 0.6789489927909408 0.6605624591410373 0.6855815721269494 0.7065070120773588 0.6729580932364014 0.6941628613371639 0.6654862910994118 0.6365538763903904 0.6198196426053424 0.615054976666476 0.5976682544403275 0.5980481079973399 0.6315977610328091 0.6309341642542904 0.5991978174642101 0.5891749171367393 0.5991469840323158 0.595131679628624 0.5798183034663612 0.550656954620599 0.5279576413804108 0.4883634009874481 0.4858995195487096 0.4785172443255725 0.48187898100890786 0.47032725106950857 0.47826386109261637 0.4878224326762146 0.48156945123663186 0.48867956953163605
0.7419865190948289 0.7288572928013586 0.7417852213347909 0.7471231584975758 0.7262856673333306 0.6945746905467832 0.6905406413562114 0.6793388924111624 0.6542160851649593 0.6753535325051631 0.6541486877312391 0.6729957206071536 0.6564567702268688 0.6508836940027041 0.6645337564775426 0.6949931184112667 0.682763333933254 0.6778259394452566 0.6499184228137318 0.6463781264392744 0.6622681575254487 0.6624278222042312 0.6028677524423961 0.5857280345850291 0.5682702310595685 0.5793820938789703 0.602186058132605 0.5887899536408006 0.5726571540762205 0.5822359150956502 0.5715125085533289 0.5693543329126057 0.5407607144087518 0.5334508865262115 0.48505149322275715 0.5062959835600966 0.5167122569046926 0.5032503250161066 0.46993088029490443 0.492587012228416 0.4982772639360015 0.4986215243794099 0.497631246429609
0.7165500583992439 0.7356263666512831 0.7448308297185197 0.7167267793811013 0.7184899880636276 0.6724975723499138 0.6658185230226139 0.6871232663044109 0.6806141245262198 0.6781107186332566 0.6650771929540036 0.6821404132010233 0.6783877481244498 0.6742458598468903 0.6678530695785017 0.6667032939900628 0.6991630584141082 0.6849562538950558 0.6652322241821192 0.6521334844823982 0.6772556382279099 0.6568003058712603 0.6322781718397982 0.6110013039033552 0.5570440149954922 0.5449259695855526 0.5596435576665496 0.5562119904338854 0.5671185930912844 0.5581724149608306 0.573786519241093 0.5599297204710917 0.5300934174845473 0.5219612432718985 0.4764395324808746 0.49278812845862524 0.5036708875897485 0.5075741503120997 0.4954648759659959 0.48843554464510813 0.5263018120685101 0.5314147286375897 0.5411561078723258
0.7247773473531359 0.7096493016538074 0.7291103116661812 0.7094936897882183 0.6967287590262822 0.6950940333403351 0.6761876518691582 0.709003875009041 0.6889485323246682 0.6881544222843083 0.6821034560879313 0.6824998467537673 0.6570814447717375 0.6429341589128611 0.6660844791880001 0.6542988534969512 0.6831106015879548 0.6588147336512677 0.6622538679288551 0.6696710852574556 0.652238517048389 0.6565475603465917 0.6434110299095308 0.6029752787272838 0.5533773682313062 0.5528212915451785 0.5719721971028687 0.5535388589623269 0.5739072968316565 0.5680972181631682 0.5407011857663336 0.5422514882575907 0.523147375426916 0.5186393164116322 0.4943024116711015 0.5143555522049389 0.5341854225141652 0.5288320643010325 0.5071156459927177 0.5092880816441894 0.5545888436580562 0.543745918590348 0.5801855143791499
0.7232523387895406 0.7223757076950569 0.7206548242230171 0.6826784535432334 0.6802709890072725 0.6798402778119552 0.6988950489185771 0.7319244540379036 0.7173671162671352 0.6918986645566086 0.6869620580022706 0.6779895516984278 0.6516969577437164 0.6704769850224546 0.6500357322869446 0.667388815117389 0.6558555443049024 0.6420573934905881 0.6532877318879196 0.6205887711212305 0.625202019069283 0.6154943160040265 0.6102692236664881 0.5997820699697799 0.5607230592875833 0.5636007773262232 0.5550770954322906 0.5795038541788916 0.5877442489931428 0.5686253102549916 0.5378848623850424 0.5558342525846417 0.5669935724214613 0.5510102971151283 0.5548357676075851 0.5291504041334892 0.5177330854235 0.5072817268101786 0.5106433982201569 0.5542755064438615 0.5731172038770217 0.545203001802594 0.5788821275910214
0.6869082772044249 0.7192088439258256 0.7282123242680154 0.6997395068083775 0.7198488667263049 0.7265226690961732 0.7154228753130157 0.7294865507667448 0.7089039547202889 0.669062225396307 0.6745489634165539 0.6798794265387916 0.6538263752259593 0.6554827794738709 0.6628018766506003 0.6965316866040802 0.6607925793100591 0.6590324505981204 0.64376392223958 0.6112767039084598 0.6315522803998709 0.6263120098268031 0.5926944812032796 0.5805711402739744 0.5580034329947161 0.5817241310688758 0.5656949376011472 0.5668207653814122 0.5539218201889162 0.5653493022488801 0.53150589785247 0.5394311455744618 0.5503184066318108 0.5467879474384183 0.547442162691832 0.5530431400078314 0.523161492931847 0.541743291460184 0.5574533252886038 0.5688128291678914 0.5667411725448043 0.5577564941058876 0.5743335521470068
0.6743207350422495 0.6758310544461588 0.6882179550305244 0.7171417417757118 0.7266812997047798 0.7385391154507521 0.7273339066818265 0.6936324224221745 0.6897543755182831 0.694406662343918 0.6633105033970642 0.6748332018383304 0.6812811309947479 0.7043064611213565 0.701183985114856 0.7011976171762506 0.6943529245077878 0.6369786810992001 0.6308325627431325 0.597359956426611 0.6029529115855808 0.6261537132055097 0.6167131983581569 0.5719852743839978 0.5935156512780101 0.5929476937188775 0.568986225535629 0.5453582875784927 0.5544315768712158 0.5373779402930328 0.5390935054983927 0.5454244580896768 0.5543312943014017 0.5470817371734304 0.5463319168968009 0.5581874711998829 0.5581486529667856 0.5642736874454507 0.5587629016587022 0.5354129536402091 0.5433287717009042 0.5483953692321584 0.5937023942936029
0.6796913454767896 0.6864070013476282 0.6909313523884715 0.7129873368574569 0.7185880539105993 0.7177726440643148 0.731209423966323 0.7094859842272317 0.6720497046664528 0.691546812031186 0.6734733139874632 0.6937285740493702 0.6865796426384919 0.7231583360670127 0.702247149855459 0.6790224130256002 0.6767598046777447 0.6352771580808089 0.6284993961332543 0.6101602639045773 0.6131787805606033 0.5714549236451225 0.589777749286883 0.5814918485207152 0.5602491696616988 0.563557766753062 0.5769518590423307 0.5781438656155163 0.5704420925673477 0.5547783680239441 0.569812368426932 0.570398198787219 0.5710967276593917 0.5353346293203006 0.5322311722255496 0.5585819552733947 0.5385553285665239 0.559134142827523 0.5645876906044072 0.5405462271323926 0.5509336210352778 0.5579855170103079 0.564020839157231
0.6831091546022077 0.6823313111577218 0.6576287537131077 0.6887135677860577 0.7301571788969669 0.7063375944935789 0.7115320474663273 0.693029629368461 0.6733510538420129 0.6812868120497069 0.6760856202814712 0.7124697098662959 0.7044939731158358 0.7177165137312213 0.7266390815355616 0.7086352944062454 0.6700382228656601 0.6591411979746985 0.6339316397555367 0.605011882710387 0.583973433442934 0.5780405757294249 0.5633289569485335 0.5736117778396149 0.5757148829021131 0.5788769275390978 0.5781377830945412 0.5908633964660392 0.603437817589445 0.577135725946051 0.5465078804302768 0.5880308296416706 0.5837826755850496 0.5363115104273203 0.5334171947423431 0.5406727126549058 0.515768651982904 0.5641588145922088 0.563608247943635 0.5324382511480682 0.5423739229454373 0.5649730578615715 0.5817445233181496
0.6989339451065296 0.6673717971790646 0.6812655514604226 0.7092905524120326 0.7083285089795868 0.7109617838637361 0.7111814468778637 0.6973593596328637 0.6949172731071579 0.705507921060754 0.7166329078698419 0.7057824810748168 0.6887545829662279 0.6978296255709764 0.7084947571462344 0.703672775723891 0.6704503171401366 0.646970660298821 0.6179342549180422 0.6047088944061572 0.5925423672626614 0.599343044330815 0.5887052836006493 0.5765847882452861 0.5810257004810626 0.5901388883382068 0.5977766938164187 0.60746846409577 0.5722182857346513 0.5721714783426478 0.5737371975939107 0.5959125968396708 0.572313176801414 0.5679914021271365 0.5504707225125127 0.5250587505606816 0.5415831161060156 0.5436648427146517 0.535435204538326 0.5727105421731903 0.5554691747049024 0.5843778583510053 0.6105784798997632
0.6909654523663922 0.6606288986923389 0.6749968281462023 0.6732035608616571 0.6888429770639625 0.7121387048161646 0.7400928511910846 0.7122661153307934 0.699203075954588 0.6950507682266948 0.7091243058102498 0.696685376522547 0.6846475855916397 0.7255697864231323 0.7383148125962743 0.7135198643893469 0.6828020213160583 0.6619276146966727 0.5982219908554881 0.6288880312246525 0.6196994501403098 0.623364634932634 0.5996483621947601 0.6032789075381684 0.5901477510127271 0.6059041193591208 0.5885153436288556 0.6133471562975573 0.5746184291359695 0.6117720706663315 0.597333998187061 0.5999775477876614 0.5956667735504331 0.5603293991570699 0.5662413557982883 0.5619879973332924 0.5729768657168267 0.569166353327191 0.5340890116468671 0.5876875941604024 0.6017169435266881 0.607502902365545 0.5881037451862079
0.6703941962490504 0.6544319222815314 0.6672665216477016 0.6925995168781269 0.6848392263158947 0.7202614075820528 0.7337519352230165 0.7194340206704334 0.7288304334377698 0.7291742994143826 0.739787334601026 0.7149441573198236 0.6957068177284657 0.7181122337805396 0.71991041816697 0.6746069529082586 0.670677828533961 0.6545451272222592 0.6402456103854264 0.6089140389365357 0.6377874331987852 0.6272066579951392 0.5944711711374496 0.622628836033269 0.6039465670836885 0.6107306226894065 0.6067342782312389 0.6024430206112154 0.6067332291012224 0.6284626129746586 0.6420824310087206 0.6012400486069662 0.611637543715772 0.5818490546679955 0.5858436209822129 0.5968645241856398 0.6041348575972295 0.5822697087930117 0.5580277041952444 0.567357647329015 0.5951195851676465 0.5992839884246541 0.5885136660534125
0.6307322172166929 0.6755796102797709 0.6613155787306286 0.6552981267318064 0.6746860048921277 0.7217808887338597 0.7176403543195552 0.7426955044904955 0.720223589146087 0.7296360885992151 0.7395011086756477 0.7128679851991765 0.692300389978039 0.6891296998481963 0.6872041569716772 0.6668844567805956 0.6479219972535123 0.6489840509387064 0.6411575730418287 0.6400833873671131 0.637900233573079 0.6370060325140767 0.5976168454807518 0.6236058757019785 0.6234394801796413 0.5992728995841201 0.6026302488028153 0.6309493449593773 0.6206283515303368 0.6532627319550638 0.6721439233947224 0.6396721302789696 0.6291220407117528 0.6306692209656406 0.5808692717801773 0.5871164311499312 0.5796506969268427 0.5744964262455139 0.5589388643738561 0.5866604245075951 0.6016611799104813 0.5762441702375324 0.549792161780488
0.6432184233588788 0.6780413154568232 0.6562523721168337 0.6770073410061065 0.690565868476578 0.6996247415908731 0.7161517966065736 0.7295809500520609 0.7062725155433787 0.7327844046249847 0.7159671000285956 0.6999340968370251 0.6905569984508932 0.6728114011044796 0.6604967249606813 0.6627473534338066 0.6265140030095581 0.5940150469540775 0.5970098529935878 0.5987548746378362 0.6236949732163086 0.612197624196081 0.6369680259930769 0.6351461576239756 0.6272683691430644 0.6138277673832316 0.6030832083457295 0.6401855260168928 0.6593394926056171 0.6781547685896321 0.6882939454748872 0.6459514866908075 0.639488480415435 0.6478106278945764 0.6238247832135613 0.5968603808739672 0.5909811578289168 0.6046158552297468 0.604962918089703 0.606009375328787 0.5766180075385471 0.569906455223182 0.5814335980091881
0.6642189325601836 0.662392348098284 0.6701762252791575 0.6692357314251259 0.6980123782644292 0.6870696079128991 0.7195272939754188 0.7199866259727342 0.6995054201202788 0.7169081066184104 0.7009382513163002 0.7087314406998485 0.712154025699971 0.6881868314311028 0.6758339276297858 0.6312056685414342 0.5984154102762181 0.5672392335991635 0.5683184646652601 0.5781259087123997 0.6138026769238083 0.6308713255977236 0.664200098900095 0.6344186376248107 0.6471013358789304 0.6204813277544202 0.6401692185878237 0.6202978666150554 0.6558424860546731 0.6753234900242158 0.6948328761557956 0.6836462042744642 0.6584843517482323 0.6572969635841909 0.6558581549687345 0.6373128238516008 0.624601412926078 0.5828727174376868 0.6120279762837606 0.5842793384673554 0.6020873372240857 0.5940887591080721 0.5682555848424914
