Raster_benchmarking/DGGS/continuous/raster-187.asc
NCOLS 100
NROWS 100
XLLCORNER 1743169.0671198019
YLLCORNER 5469293.718841917
CELLSIZE 10
NODATA_VALUE -9999
[rows 38 to 56 of 100, columns 0 to 42 of 100]
0.1048599383433396 0.09077972607191227 0.08235823521558193 0.08317088135587566 0.12260013921073995 0.12122535263183194 0.11589154967619497 0.1103292710666475 0.09966800979375662 0.11721116435751604 0.1475705772960078 0.14528825734649625 0.17585582848492007 0.1704050626073366 0.1824225983048724 0.2096725315997235 0.24961582262269089 0.2551384526304145 0.2103157066853684 0.215507621603911 0.18463745623392958 0.22758746410221575 0.23601301543696632 0.26462002525884953 0.272771565450401 0.320251557283173 0.3651407402212587 0.4072000533133068 0.4103162463435024 0.4204788332204547 0.39341579009998107 0.4084103267300108 0.41635085440750763 0.4566897250010665 0.4882243304775984 0.4999986097074747 0.5312582273744266 0.5023265231539514 0.5093056942182507 0.5425151249411752 0.5442542959127238 0.5605040327173126 0.5842793735268594
0.07285942694374621 0.05171295045583036 0.04632900709621264 0.07609356033103216 0.07757531619916815 0.09527214822841587 0.11523938709602802 0.09979710017305657 0.10947724555410705 0.1332105209418392 0.13184395100694454 0.17536948880672704 0.18492488808903262 0.1681363731812332 0.17706580139974798 0.1844815618307208 0.23819113321546379 0.22221307685759786 0.2151841732199639 0.2082262242139377 0.20189102638404435 0.19943544851521708 0.24076774209561022 0.2588853563691844 0.26249597365917915 0.31724283878160436 0.3396146261260795 0.404545160633204 0.39705840850879215 0.3979353848216052 0.4208259189387664 0.3994029278276547 0.45114609621257723 0.4826269295434481 0.47692321125926646 0.49876946934638333 0.5156106123697202 0.5226001300010689 0.4971050982402637 0.524738569993215 0.510801523006837 0.5469056766436142 0.5676917965658783
0.01640407750967752 0.06242238048133178 0.06316205824678232 0.08380480364105228 0.09715089536203922 0.09001465240111799 0.09674983839020626 0.09497440052598928 0.12026964871342738 0.12627523638824636 0.15654559087264514 0.19844550378304282 0.22001375414702087 0.19762259107704072 0.18726376023500962 0.19806346191507027 0.21142317865182225 0.18751131945970437 0.19950794948717795 0.1918132499809387 0.19175299582029728 0.22231808636000516 0.2715441895277326 0.2563683101615437 0.2709602824427913 0.31066159941522986 0.3509308961091998 0.36392822149466214 0.4187363400051929 0.4221737527874708 0.44436250706931113 0.45214682451239385 0.43259619380983383 0.4825489664417128 0.5053286373428525 0.501971941807986 0.501570521323998 0.49281861079790334 0.5201986271956399 0.5260766652543938 0.5133310684081401 0.5850456799342423 0.600199356780242
0.040155026246559034 0.053644692209662975 0.07622138368044383 0.08530428299113718 0.0717148121059829 0.06089169775420012 0.06771255838141026 0.08040262719815724 0.10941236643236225 0.10420200891461902 0.15095494863518122 0.20608455014644195 0.21083531112449533 0.18137811811884474 0.20434872667052079 0.18080248942620522 0.2126734882924837 0.20385379438497067 0.20540846359733636 0.2160744625936168 0.23957971203746828 0.23128850962573766 0.23655914936674977 0.252914692435691 0.26058026777223814 0.28580494213664714 0.2959055184630049 0.33757700675544666 0.3808683108511448 0.41565897813210945 0.44407064579173605 0.4585910816161232 0.4754465073819596 0.467506252719796 0.4933809433102309 0.521942850965386 0.4903070941136399 0.5067056510778813 0.5211883463072146 0.544435748833909 0.578333874315447 0.5957504231659285 0.5954051497616936
0.07751968401618262 0.06450961155379586 0.08109519025839598 0.07694762084735497 0.08007490576560078 0.08133607598581015 0.06167271156880371 0.05893300736865002 0.07551493034448833 0.10490178996432828 0.15647075027046536 0.2092880039898069 0.20464103717318674 0.19996950107054343 0.1886220054791164 0.16280462891247252 0.18204973618423054 0.21125350263904977 0.2276324025617424 0.1996369780992139 0.22601082135688744 0.26942349025265816 0.26731804534504117 0.2733287771376541 0.2705682479499427 0.28410145978299 0.3025816150692681 0.3390496726827972 0.3602841739103415 0.40959569508128035 0.43403912962808233 0.4766186599978205 0.4829199791488707 0.4865217501974212 0.5045281967935544 0.5168725765932127 0.4847562765084973 0.522436271531543 0.5556714926563031 0.6042713336709284 0.6123455926781735 0.6284265872174184 0.5926192451592764
0.05971331216783637 0.03420710329428333 0.0325887546403866 0.07374412302083165 0.04698522538141032 0.053982293693978486 0.08301066497954467 0.08205029887168873 0.11983186933961763 0.12508568392107108 0.1386529075338932 0.20346806286351546 0.2031862527180936 0.22245234339919306 0.19750791091273504 0.19512011382803288 0.18491294958343704 0.18070990266712345 0.18979178958317736 0.2176944349218092 0.23893138271026942 0.2623461572066909 0.24551284872310825 0.2386462361536669 0.24595439230525665 0.27726701392360603 0.31616191343740463 0.3274947359408518 0.36184761159592876 0.41044854768181577 0.40913376332411905 0.4367197652776823 0.4700127223884424 0.4823894139102166 0.4890573079400017 0.4698436365822887 0.4924011599156777 0.5065505839204036 0.5713506907774747 0.6094835289655189 0.6380125734412164 0.6261082602551659 0.6055374292904859
0.016232816994399987 0.0459799082392048 0.028834286913913824 0.05176278796075351 0.05234119533020012 0.07504979102126182 0.07778136922802487 0.07170626600227903 0.11843362248197645 0.15576711991336537 0.14224714599383154 0.1772847837817059 0.236619345808964 0.21247309404695922 0.19303613337465977 0.193314116534656 0.13878376222921673 0.18618884736843658 0.192925431940349 0.2279417407465294 0.2610715708280769 0.27427721335234856 0.23125517179930163 0.23018684970787817 0.2607271880105619 0.28709741726545207 0.33542332668169256 0.36484485127144695 0.39900570747373165 0.40092073541851686 0.41023201122467934 0.4364812148636847 0.4563865996917385 0.4993509571503679 0.5040952863856263 0.4615967547404847 0.46934654902951545 0.5152581530158354 0.5839887634443518 0.6087782441805553 0.6309566081464811 0.6496829883481139 0.6344730081807505
0.042456428050898304 0.042463281045448505 0.03920362403327188 0.032078462072102645 0.04876725443088297 0.040249037329459524 0.06016312802291177 0.09187068609753679 0.14659727972974113 0.15647940513239209 0.15750000734213254 0.1721007070218013 0.1896185575056803 0.2060313390842477 0.23262754921468026 0.20070779753771892 0.18708610811170176 0.19627776922766998 0.23509240516959337 0.2486421976946136 0.22988945520205156 0.2659703016827354 0.2533154790829942 0.24847113550784314 0.2932731781219723 0.30712271124694446 0.3047673262374571 0.32072705150812997 0.37412934144882365 0.3893660107907651 0.40346552498258625 0.4620626784121032 0.442373476001864 0.47389637121691397 0.49429153133640463 0.4878941122809214 0.48258805369557434 0.5263017214736635 0.6057862442467356 0.636460448871959 0.6474652690640098 0.6401794539756014 0.6706969573115702
0.04478104384544311 0.07471263438964164 0.06277370788391162 0.0704516376278608 0.032316117812566575 0.05928788875740785 0.07645764696684654 0.07996197459745087 0.1276782875938122 0.15362372078252703 0.15998789880904818 0.2083576261599539 0.2055561181909806 0.1985290962363885 0.24046423595269992 0.21793551281283444 0.21180776170416785 0.25116348937688376 0.2375839244591557 0.2693403172534456 0.22000451323103887 0.22404952311625495 0.25599189052627075 0.2834428251769435 0.29553839509995394 0.2701491381739927 0.28751667891477733 0.34917623673838183 0.35158997160631894 0.41549856735499463 0.42891001992546623 0.43722608576732414 0.4719687054807256 0.4806088665378893 0.44174700006423095 0.4989817716208168 0.520137056416468 0.553643701061016 0.6201322688481321 0.6416599053128096 0.6757526456816609 0.6777243742218607 0.6933500633532582
0.010422309665188317 0.056056835783061344 0.05424974678362435 0.07707936643978419 0.04885091579336609 0.0820288310566292 0.09967382406107428 0.10303062928812075 0.10499404758866912 0.11170420147083064 0.13898175179185318 0.20114257745844177 0.2006367224341368 0.20337266884362176 0.23845233854951556 0.2677801879974741 0.2833469630150666 0.280919015113521 0.2793487315699491 0.2783098047653327 0.2323805802317765 0.22900663406704133 0.26498836698352074 0.28343571490107783 0.2850041457351385 0.28181350690192897 0.3334879160774622 0.3579880446806602 0.37840967214970966 0.41460676461340745 0.4323882484601915 0.4261907048826866 0.45826375970728145 0.4684219128245404 0.46337739333010697 0.5012462990893509 0.5092504647210251 0.5570023599107966 0.6030983318687996 0.6490698729602993 0.6859888386162877 0.6706287949476616 0.6779653546240483
0.0 0.03789414761046573 0.06604990394428016 0.08037262959747937 0.05254547612229588 0.060662757262309186 0.10390439610821027 0.10593849947935531 0.11461152186077676 0.13936658786549586 0.13614949769502208 0.19885234345379935 0.2196183650061353 0.207440149934797 0.23157764649221965 0.2713228363085925 0.3079722243868336 0.2821242864357116 0.3071387032410982 0.290425746243773 0.2704786533026965 0.26519814537013725 0.2636988497112645 0.29525569344392055 0.27309138659404963 0.3267545427579269 0.35035566227276 0.3542914896374596 0.3553925778498789 0.3742273033971981 0.43066837868095975 0.431872215079914 0.42393271478581385 0.4465483287894552 0.4415879802011446 0.49160668929302165 0.5405605684816377 0.5967769196385511 0.6353750812320491 0.6448111170035531 0.6852522299918684 0.6661504992038306 0.7059716246811005
0.07357414641032133 0.05854699284129046 0.053502844857620434 0.0783520036409122 0.0906822607941671 0.07077000723026884 0.10008110932052784 0.11206668411637376 0.10946727478888965 0.13659596452720388 0.1560626043011061 0.1705526587670968 0.21181007529877374 0.22069021814173836 0.2598396991926616 0.2713035777413391 0.29151179763059726 0.32387432416957485 0.3313486810874685 0.33655616143143896 0.32326761896801337 0.32088659317601137 0.33102799258365145 0.30883520524714114 0.3210272882634815 0.34505610097576367 0.3577955236097493 0.36013311744283366 0.3672782538287978 0.38429850256920567 0.39591918289995753 0.43579065634083414 0.40897052083706403 0.4578386998425956 0.48387274030523925 0.5166543570090186 0.5516547015496229 0.566485895397077 0.5744538991973335 0.6209190059318738 0.648678779341459 0.648182359174346 0.6822546347313961
0.0976348208611863 0.10250952234603548 0.10051230072405164 0.11986263258594033 0.11266786261897209 0.10004779097620846 0.09115909244618076 0.12119512684045494 0.10545283088695481 0.13321679730194197 0.1765789655260248 0.21694234275541405 0.23064403613064813 0.21746714772796588 0.27138902556275724 0.268264297628979 0.28158182991138664 0.31931578351213136 0.3565059022207721 0.34689132438444487 0.3709664718185879 0.3587875316283174 0.3479031571999088 0.34461104237110546 0.3590207812126189 0.34925915822217074 0.39688547461864676 0.40995334260221256 0.3988023783630211 0.389031040037984 0.38947970906367724 0.39105336207186936 0.409040321903741 0.4588597378565449 0.5039897248658953 0.5088076497985833 0.5600011931232427 0.569015624447481 0.5694390696649176 0.5797393586355695 0.6210427295828957 0.6441716795817372 0.6738249197618805
0.10239496341945523 0.12060880435318617 0.10791312246626168 0.13097653138811305 0.15153099920738697 0.14164363457926885 0.10254126280816588 0.12452200409755824 0.16293958050714075 0.17640677406524188 0.18175198666692552 0.23374827928787656 0.23830452413115394 0.23932721771620566 0.2752746587693962 0.3050294045407986 0.33257313797601623 0.3173836546177801 0.35882724711298697 0.3443652526569302 0.3664773072630214 0.3626145193272925 0.38845297686763536 0.3603081696049949 0.3876519417890943 0.3824802582272482 0.39657491933602396 0.4491190987809905 0.42624127699557907 0.42329048210900383 0.40715137632140647 0.4125538282680376 0.40235580873986 0.4447095901611802 0.4830319180438024 0.49147561323346056 0.5494631506874991 0.5679622777452495 0.5654673986495817 0.5924692234385813 0.6284649238435585 0.6303883874151585 0.6278984814992074
0.11575239542278151 0.1226626751188257 0.172838454488173 0.14398443182364057 0.15253791620811666 0.1349799098191272 0.12996584024943655 0.14655239263996664 0.18635997528713255 0.18608228602606106 0.22598509556381693 0.2232832950700363 0.22549014854596658 0.2378734034605524 0.24481814863515466 0.2857503873828356 0.3459945997595555 0.35333909885946624 0.333479075487134 0.35917180600909987 0.37717025629427786 0.4170227606244366 0.42051809682372726 0.3729647449142714 0.35540974895906285 0.4006754166651936 0.4428755745068961 0.4331543088127922 0.4706186061015387 0.4459701277900862 0.3973639509341047 0.40939983444768635 0.41661714802022465 0.43888063507793623 0.4439759349688644 0.46921321996231524 0.4842544231364371 0.5470792618240502 0.5908495396437065 0.6083897019909673 0.6598966573720404 0.6477941633397373 0.6223395838216491
0.139440466988443 0.15455859250376222 0.1795831825884168 0.15895527807617835 0.1699831201184517 0.15006252994152983 0.16923272531906625 0.16776338320673528 0.20276810081683053 0.20356927754966192 0.2285592528130443 0.23197425288519463 0.22265872822771118 0.24558423209872213 0.2768927793866978 0.302546942939625 0.32215392260020126 0.3332160213507758 0.3932922213820642 0.39931310652509167 0.40359085790905513 0.42362335794367745 0.43783571127248705 0.41983318108252327 0.42001787456733214 0.4151364599584573 0.45808209331859207 0.4416739313225218 0.4717091169294664 0.46277218731007863 0.41415196268675536 0.42274265373549275 0.44707283913501494 0.47381491072842635 0.4661699290913352 0.4696419751246116 0.4985342482447921 0.5732283150301146 0.6234192746997633 0.634973457586805 0.6364694151750834 0.6234590998629425 0.6195204702312173
0.09340350504828966 0.1307210499967407 0.16405022626386204 0.15323513933574393 0.17343098457944495 0.18940593401607494 0.1964571281061719 0.17120240417687335 0.19414784787093398 0.1957938734050756 0.24905534928675882 0.230286282348609 0.250658812468162 0.2720410516291221 0.2920825550459499 0.32236868067611596 0.33003788891036234 0.37182420116089204 0.4149559678365568 0.40215496606493323 0.4538621440166695 0.4465053283866247 0.4479752670655944 0.4547827551272597 0.41415005183418113 0.4617918911645631 0.4690463137881604 0.45546385934585965 0.4756431653276719 0.4685305570782471 0.4661422410973076 0.46508428806347873 0.44562232029913584 0.46729159128908954 0.49997282001897436 0.4936373284461327 0.5398788580812538 0.587510627295784 0.6122013228759641 0.6321845991483234 0.6290554225107066 0.6242817164625467 0.6476899549165172
0.10307940379640125 0.13279726142196963 0.14374446939706326 0.176500558591913 0.18447738797852972 0.2045698209060453 0.2241630108719515 0.18471465412858892 0.20493840315346035 0.2297391083028378 0.22317859931598008 0.2498227190950601 0.2968532556095919 0.28443671392276754 0.29814670029585927 0.3441456347644016 0.3790513397057586 0.39894935159654993 0.4167723709682963 0.4135415946447132 0.44982078344702564 0.4574135273017328 0.4794057671003084 0.4809013339180269 0.4804025855867046 0.4830636216270749 0.5191688891916468 0.5235924663237063 0.5083494758187935 0.4987272859358276 0.48608321973785384 0.48748891541968276 0.4787924818117645 0.5218992405761076 0.49884703771187655 0.5215191620124189 0.5192914418031354 0.5767701073271937 0.6047369430654275 0.5892880929079413 0.6300049720985971 0.6322436863884452 0.6330993431778084
0.09391139818257362 0.12879892797646458 0.19433521516727467 0.1887744478932059 0.22119896019638077 0.23151258658070012 0.220063279791653 0.1950638151212042 0.19383406692301788 0.24224464086684216 0.2437672173314268 0.27290257191199224 0.3416895546636799 0.3228035213478351 0.339233178787643 0.3485815394174665 0.37392051244386737 0.4176751013166476 0.4091840334124023 0.42741891218417266 0.4626542018958951 0.4860598758946109 0.5268967602966236 0.537714242265863 0.5310541284636845 0.5335000744721446 0.5496197635226073 0.5246837356306926 0.5129637061896094 0.5341571662604634 0.5525597596077236 0.528656909087821 0.5544616665457762 0.5355151967078331 0.5041024477248344 0.5036578150340993 0.516669523098664 0.5560080638410333 0.5714794919617024 0.6037181502870789 0.6323343694433816 0.6341965948259038 0.6204733921983977
