Raster_benchmarking/DGGS/continuous/raster-397.asc
NCOLS 100
NROWS 100
XLLCORNER 1743149.8521804279
YLLCORNER 5469289.6942576105
CELLSIZE 10
NODATA_VALUE -9999
[rows 38 to 56 of 100, columns 0 to 42 of 100]
0.5539162145584978 0.5788519368470093 0.5853144957993281 0.5885222319915377 0.6097601019257473 0.6069508143371186 0.6025290112101949 0.6042119891003653 0.622658436439503 0.6404239446188722 0.6662133942718036 0.6825381590061874 0.7270470693353743 0.7363426387418786 0.7633268129526438 0.7555109149216167 0.7382192348575413 0.7272456792836093 0.7356950890455808 0.7618467944359236 0.7511098870981603 0.7544746971337853 0.7701138185847082 0.8081032427187231 0.7880042414151792 0.7964913703476442 0.8120853772375264 0.8233978562440091 0.7853069772746631 0.7599104089856763 0.7714479891512788 0.8103265318982372 0.7935440795459331 0.7913641108178252 0.7986126806199019 0.7925508008383971 0.8270061960444383 0.8361995815202152 0.873673261479602 0.8595891390288749 0.8347958702071159 0.8416406948252916 0.8130808485937141
0.5508725283303245 0.5482996451112427 0.580263750560286 0.5785037599533511 0.5761394054756138 0.5882751571964542 0.6361687315132152 0.6396015707432716 0.6327856740721214 0.6249340530577039 0.6566229918825395 0.6909627316952709 0.6914148503261295 0.7031107780870639 0.7657221799654363 0.7466969684284145 0.7444715331577073 0.7747002291610429 0.7467329261917364 0.7346512352482677 0.7423073425327068 0.7479397523556405 0.7892935747500587 0.800252296554347 0.7773910168611012 0.7524317593202251 0.750433319754923 0.7648127590896718 0.7914645307276498 0.7906362008011605 0.765355577721827 0.7986336049334023 0.7699406209773925 0.7900381504083916 0.7971561884185728 0.838307342487319 0.8260381858574711 0.8295844100430332 0.8579785227340859 0.8179202765979948 0.79835020045708 0.8114249313119314 0.789275783587335
0.5726025462662536 0.5982751969942283 0.601358450883018 0.6209317492933177 0.6007296878682338 0.6151289109896731 0.6199143482343572 0.6266903303804211 0.6482221240534188 0.6639118763691146 0.6507047935942838 0.7031064625016676 0.6965702996598845 0.7409959717621101 0.7538827502044869 0.7097149802928585 0.7189236101902057 0.7263066548087236 0.7671447757009539 0.7688242151935354 0.7170718704696925 0.729755149615033 0.7317269583778783 0.763345248415933 0.7494194416078638 0.7748964177975911 0.7625870625187753 0.7853953807308665 0.7778528591123404 0.787100738407153 0.7871553607408924 0.7939177955318263 0.7793998647914826 0.8010372470996793 0.8185148632909574 0.8693556679945971 0.8647751079980202 0.8360840235287639 0.8133289125105143 0.8337180228525435 0.83196723113326 0.8078762499648572 0.8061722508732817
0.590587902528128 0.5978503651091345 0.6195187902216243 0.6265941637946567 0.5801123791537571 0.6047802884752286 0.6195946274378329 0.5747085135928904 0.6203433954970886 0.6493540343447746 0.6541384316830299 0.701809338798172 0.6885630227204791 0.7523408818671145 0.7180980994891653 0.7101044286411158 0.7132074193420003 0.7322546420006415 0.7224480544759229 0.7523625806741386 0.7427790036524741 0.7113263250810525 0.7181637239401931 0.7571586450832766 0.7677406454671216 0.7491114544624874 0.7366500104652577 0.7542096987232588 0.7762992015830601 0.7814802882229847 0.7940945662114155 0.7940807555911126 0.7947977480157195 0.8269948983025108 0.8052698727687511 0.8540498197668792 0.8766979317526616 0.8723783812871522 0.8475949667261611 0.8306008134118498 0.8194325658276871 0.8569739666850038 0.8263939304128473
0.6074949283845855 0.6005723689399253 0.6350444204370749 0.6405406539623536 0.5892666613184869 0.5874372863918735 0.575132328423703 0.5677684076004492 0.58370517690642 0.6334301729899583 0.6429324442596126 0.6837315806211542 0.6912012371429813 0.7420399009781995 0.7534931973632193 0.7407953187566292 0.7363959255142205 0.7411922368859545 0.7369539154353738 0.7303047617106442 0.7407705839730634 0.7162839845184105 0.7364073697049669 0.7324740697817843 0.7288386398838809 0.762413092444535 0.7662331600296651 0.7474686175455082 0.7919203891326191 0.7842510490545342 0.786505787614404 0.8056281656231536 0.7897146196268406 0.798149306875257 0.828800494386971 0.8741559830079532 0.8680499181291703 0.8784033163913574 0.865849874375821 0.8660304125578492 0.8571596876195615 0.8264575208540847 0.8044627666433557
0.6024732346823998 0.63872394498807 0.6550259241888603 0.6302382649932111 0.5851124769877276 0.5443476867083442 0.5820790960375477 0.5483686113061852 0.5774785126913553 0.5804019695022391 0.6555955203637313 0.6684448511599154 0.7127216347338642 0.7136630385734115 0.73115308042019 0.7522442898295039 0.7383589457128817 0.7363194669873354 0.7472318916784467 0.7260991698669103 0.7328355507412144 0.7624234815901678 0.7443883674836652 0.7116942284145249 0.7330097346205383 0.7671448832274695 0.7618188788240932 0.7547547529068431 0.8068369545289694 0.8412026343565963 0.8232413566972112 0.8082751485082781 0.8284005737919183 0.8340020632405118 0.8801992232388471 0.8811198244035936 0.8646918320908785 0.8606717415965756 0.8798835630562859 0.841344603801726 0.839373111141982 0.8297077948456378 0.817385344439068
0.6143565397485955 0.6362107701787721 0.6261032410811819 0.6242629338217428 0.5971785274964384 0.5500864929513066 0.5640342728939445 0.5885792981899778 0.5822564233911889 0.603604817898941 0.6281607304088935 0.6291144425536316 0.6728507081615296 0.6781250286492846 0.7267551784025664 0.7478672103624752 0.7114660129939155 0.7058112685173562 0.7427238647120364 0.7117119167868472 0.7521564114645856 0.7345714327045201 0.7447383789374541 0.7451942065003397 0.7528952027685516 0.792483974966357 0.7890479808799423 0.8272280069835063 0.8487334013474335 0.8447823166945626 0.8491350503329868 0.83280495979693 0.8347424947663942 0.8549691138672642 0.9001373983559738 0.906765812107006 0.8865719340618219 0.8926792607961532 0.8836005435807341 0.8819924584905233 0.8632955028867574 0.8525462414582796 0.8126048952250827
0.6097945736913609 0.6030407913545041 0.5850911115289607 0.5552646644818856 0.5640045695699166 0.5530615739100883 0.5853246923249241 0.5598898496763604 0.5866418625688683 0.619220419879695 0.6211405726653503 0.6123217961403522 0.6365242022151028 0.6392133868251489 0.6746027760387983 0.7083678585126768 0.7124964740788841 0.7091971963204131 0.7245578804857051 0.7315124352285314 0.7330781099292485 0.7411310584664942 0.7109938076328035 0.7381487095659237 0.7569639202001666 0.8033190632956545 0.7765749775162192 0.8171334362174996 0.8241077805197558 0.8856753321791913 0.8776726787058691 0.8630404591297737 0.8705503937328896 0.881422466265133 0.8759882486371158 0.9443948484881017 0.9183058715944167 0.8730460128786295 0.883638095727006 0.9567409457797712 0.8702211023634743 0.8261958319201441 0.821563595009849
0.5741081484303009 0.5546045402486369 0.5390112368274793 0.5222921643104148 0.5738084360524313 0.5879675878204399 0.5708720023269747 0.5847392912181772 0.5534093385844165 0.568022098670749 0.6035802542141544 0.6216912706419266 0.6232367994361062 0.6556127974420831 0.6727944323241426 0.6959212869371393 0.6539524152546768 0.6874093030862051 0.6820576510545381 0.6852454522557319 0.7064416443037629 0.7164868768107616 0.7166732668492847 0.7552932996083441 0.7402093493769581 0.7583772013496768 0.779838450768661 0.8056890979642544 0.8361586682271285 0.8731487135212238 0.8474788783216319 0.8650607530349399 0.8804557915114182 0.8803802007790846 0.8817509624773271 0.9097826826143326 0.8851779844748526 0.8747332301200902 0.9282947390829778 0.9369384926758226 0.8867313234594606 0.8471263831768696 0.8332363079495921
0.5669310157528809 0.5377771879146069 0.5540959060626744 0.5172359237278807 0.5469974292668554 0.5616288725218022 0.5706252856418963 0.5529715865561676 0.5506810203025378 0.5533521904772031 0.5555423397014378 0.6076849273974108 0.6297676554188848 0.643525673784721 0.663522996036629 0.6677203110713734 0.6219550247616261 0.6202505144581194 0.6638922384511771 0.6314674845340993 0.6730844791840389 0.6747950538066159 0.6838549180176117 0.7302801571419144 0.7382691009870719 0.718152645654731 0.7167021527370719 0.7388566304848404 0.8160048082192394 0.8409546046904526 0.8293832312240121 0.8918734920809986 0.8664200945650622 0.851088293032271 0.8620827138136848 0.8628219981174275 0.8455909112872434 0.8777599915580099 0.8794306021002113 0.9294975993985558 0.8734327199758146 0.8860782110720383 0.839584754359972
0.5246973891554728 0.5255597006778315 0.5215155469000666 0.5213604622017267 0.52478832731668 0.5167708535396973 0.5508739367991713 0.5230909714262909 0.5268041824714159 0.5612639770795517 0.5578794132877047 0.5875097763693606 0.5912442397229516 0.6022315971198058 0.6000855008184497 0.6539576079650348 0.6348780358826445 0.6012787242106042 0.6202682060299949 0.6118458330125545 0.6417661550641496 0.6374728131336679 0.6621968714361076 0.6888985238233218 0.6879213638736854 0.6870773043588653 0.712740087590535 0.7359499619609968 0.7856807065567584 0.7879547511349376 0.8270308491347984 0.8518283169717383 0.9008966616332279 0.8672544728216874 0.8512006930677962 0.8620711571258378 0.8498919103093069 0.8765871019440326 0.8759463157779468 0.9124857162194032 0.8843869143140141 0.8636854747294271 0.8498579686556108
0.47972976770902837 0.5311072631234341 0.5222183193512516 0.5177231966380019 0.5114696760928803 0.4874351564475308 0.5013187956165873 0.5213129983064649 0.5095870661486002 0.5153483008421184 0.5291315600380767 0.5635755250448705 0.5479752672540872 0.5511887519862019 0.5858404446283657 0.6120239607476996 0.6006370542385916 0.5862336472430277 0.5710941654816958 0.5673262940983302 0.6074178479389902 0.6272479815881205 0.6330395438577471 0.6881041045828247 0.6820593871855027 0.7122273689417453 0.697501326052419 0.7508818254504653 0.7699468034031149 0.7755403014064459 0.8258711795408731 0.8680246906433102 0.893254982075207 0.8888629041694046 0.8438978965113563 0.8632223125211465 0.8411556925654151 0.8861223118238833 0.8895891453629342 0.9005696775424898 0.8998907362392956 0.8480808438062141 0.8651572789989197
0.49779615024479 0.4862481250948645 0.48166464640754697 0.4532706253070956 0.45213621556956296 0.48301457287593186 0.4801239171099046 0.504246991937386 0.5192759381693975 0.5058600127619911 0.5022548988777592 0.5456642821084144 0.5689638424955396 0.5263793047560575 0.5362222698263955 0.5397568210312094 0.5682279500442112 0.5687003358156888 0.5801707040517867 0.5693831799237474 0.5991604775344167 0.6236427191761417 0.6384966673156801 0.6579525055120277 0.6925312418168751 0.6820500776226184 0.7101006009990828 0.7313375229868788 0.7798631979653559 0.805360131376974 0.8110827307510866 0.8251161264834287 0.8652501797683536 0.8629479806923414 0.8457329957258521 0.8305187576100889 0.8619384879952859 0.8885818706812327 0.8777972188963485 0.8742650303129098 0.878792388496945 0.8380601618268371 0.8550513718810103
0.4960377912031929 0.48419479325498177 0.46261279028711333 0.4592670639955613 0.4649189367261022 0.43365845699429156 0.46247832571974906 0.48797216447468816 0.48737704690601275 0.4848107482788711 0.48247914241836387 0.5421469553201229 0.49987119764378135 0.525325652979603 0.4945381544661431 0.5130216793023568 0.5358185591993406 0.5158460939793359 0.5460236553961482 0.5554068846252401 0.567045830471556 0.5952502702386605 0.5846576000904373 0.6285890573540304 0.6469053059362961 0.6907951206939984 0.6986505554503182 0.7579686259160131 0.7631123618903071 0.817885576160252 0.8231246313392588 0.790992353970299 0.7986994097118363 0.8247165436675373 0.8372332103837138 0.8429133552299314 0.8441032000952496 0.8963786304613627 0.8847658376069134 0.8281024380901998 0.823975380229273 0.854539032032101 0.8718955778553029
0.458390392099394 0.47346978227004266 0.49086235913290127 0.4630046249915826 0.4496259919805154 0.4316064246345037 0.4566168481619915 0.43200520762989036 0.4122643322684746 0.42812090797178987 0.44522277020744033 0.48939530933406616 0.4688520984781642 0.5051338576932748 0.490007188808236 0.4728468960747241 0.44826647323583607 0.5050954959332773 0.5320751701815933 0.5824940698092109 0.5561040062975461 0.5652576285506569 0.5668131761914471 0.5954157175898395 0.654107282945509 0.6825555618194924 0.679636900804908 0.7261085558686086 0.740712432193247 0.7867827528505125 0.7856682009945314 0.7897769806493931 0.8142326722908793 0.845346603055786 0.8302662149695665 0.821335859073895 0.8366914826226879 0.8513264830056556 0.8463648967221562 0.8173147085406995 0.8289376378309012 0.7966846979200429 0.8342359401591485
0.4918153868635646 0.47323477645296014 0.47855927232394607 0.49501249150624255 0.4906360666774452 0.4600631557271622 0.3913311194589015 0.3383484351839384 0.3598773479605559 0.3496481998074337 0.382139595130628 0.41450927240580343 0.45827506322570294 0.45435636206655006 0.4499319016135578 0.3940318983491876 0.4160732154221859 0.4765551741202287 0.5203985521773342 0.579735496070441 0.5322796779172622 0.5494313384600408 0.5737401898362239 0.5932570239233044 0.6251857140927625 0.6326663889110519 0.6498866201714892 0.7110137511545778 0.7371703966292146 0.7608457784350787 0.7827168631444342 0.7796175163692601 0.7932020546531399 0.8354175908529426 0.8283425524309325 0.8349782303179412 0.8132049333178728 0.8211100518182098 0.8086909354677865 0.8313550741776968 0.8209643359826438 0.7750451617485435 0.8111669941778307
0.4625908027521674 0.45718972648820433 0.445358726169243 0.4584855478616258 0.45841210782229197 0.4055090716606612 0.3819859901024911 0.335310845351581 0.3455762856234572 0.3186148016066404 0.32723778243269064 0.35416160572395855 0.3922690337135795 0.3936578367997999 0.3899801754314244 0.3951194127157321 0.39545383081588686 0.4481729707362029 0.5214800814344788 0.5401788911234505 0.5257098477552338 0.5653448058134798 0.585147063236938 0.5982654313852905 0.6360162995308742 0.648424240916588 0.6394059149572006 0.647954197032174 0.676583890944873 0.6845992526909804 0.7242676319092685 0.7557768226960344 0.7939407227561022 0.7820015533635742 0.7923746068262848 0.8002346695146603 0.7931773124095051 0.8101307285474483 0.833436802384313 0.8273385885239856 0.814677441494025 0.7784024176164687 0.7973991738632787
0.48389372595872937 0.48098461385683394 0.4708562105330399 0.4280444801908081 0.40421004073041517 0.41547611747546215 0.36811973122160235 0.3239462360913915 0.30744155146832686 0.32183528904392283 0.33936636461308656 0.32911254564714615 0.35203983733314265 0.33989882609381944 0.368796685018677 0.36153496246533257 0.4226942613952873 0.43117908390063237 0.4456781564680464 0.4984530388249566 0.5276760744061564 0.5173274476047147 0.5899608827647691 0.6316924911534575 0.6482317606521231 0.6457659875793259 0.6638450506281647 0.6260815642235037 0.6777431698128253 0.6656565801304856 0.6912631987093606 0.7294692215831461 0.7203879648789713 0.7443190384958462 0.7588739298246071 0.7747904429419463 0.7922407405438129 0.8262699518785449 0.7774193029432616 0.7977488662596244 0.8120559497767662 0.783414312692051 0.7554171799688636
0.4790819556875538 0.4512040233583019 0.45591190461818104 0.4388546451638294 0.4092637854365138 0.4162806208536838 0.36910776652789834 0.3161286860380625 0.29532254703961036 0.30076098613362395 0.3309871205041863 0.3149405330878336 0.3532403763317696 0.32425055948819737 0.36986082252665375 0.39046761864505125 0.4029576466907283 0.4002738157784957 0.42793772690647536 0.4399926665199046 0.4744202562095892 0.5211175519776451 0.5772647619799982 0.614523565684519 0.6336214754710667 0.6325296608181599 0.6616545602288391 0.6462526980682697 0.6590448211696098 0.6275773683308 0.6487310009256394 0.7054306387381182 0.7122430263292244 0.7545994044662777 0.7740505964280234 0.7895084668562053 0.764192512665031 0.7548540620661713 0.7521335115244776 0.7890388435339093 0.754390228574887 0.7721029263541145 0.7458086048186416
