Raster_benchmarking/DGGS/continuous/raster-99.asc
NCOLS 100
NROWS 100
XLLCORNER 1743156.1656873794
YLLCORNER 5469281.001737557
CELLSIZE 10
NODATA_VALUE -9999
[rows 38 to 56 of 100, columns 43 to 85 of 100]
0.3852497769044658 0.395796584560953 0.3926156222969334 0.4193893312775927 0.3891692218732796 0.4120552580505348 0.43423655318096915 0.45342565566800364 0.4431301948177162 0.4683649660460671 0.47015148540223023 0.47254934378338703 0.4825965723208531 0.5524609194145491 0.5924477140425906 0.6454697325140989 0.6653909302870139 0.7086917377140874 0.7608968089788364 0.7451222275854079 0.7457864511096383 0.7888623969516857 0.7762793400055109 0.7707232274470834 0.7782491677122487 0.7408337808390344 0.7323640475376163 0.7500883223479456 0.7110784105477519 0.7233873689685051 0.7302269193561226 0.6902123096614935 0.7235478796337547 0.7189349314468126 0.6876544438530134 0.6408595516240495 0.57528466906012 0.5361679489473627 0.5106650100568866 0.46556034574136124 0.45666472340595426 0.42246460762342525 0.3490050539253723
0.40897112981515676 0.38546722046463233 0.39727633460869766 0.42008569395035705 0.39225747331128097 0.37821846934567066 0.41083743900971226 0.468188450082407 0.4754815643213957 0.4530492275449094 0.47484095439712426 0.47937967423848654 0.5072665819621411 0.5094491712846015 0.5531814014282275 0.6222403133489607 0.668096966461556 0.7199059874428293 0.7569114328483071 0.7200543790080731 0.7526969227638682 0.7495692379223637 0.7859731060868025 0.7525755779408465 0.7676239632218091 0.766566142068275 0.7455470252594976 0.7808266567859553 0.7296924948124339 0.7228857540979194 0.7107942862283354 0.7134941041566503 0.7405575285779336 0.7119860336520523 0.6594984056441267 0.6065728591716337 0.5869869630348038 0.5519376487127077 0.4846109124754077 0.46787176568727534 0.4757738790985397 0.43337283234510304 0.42044577073913986
0.39382177683212166 0.3577172710486238 0.3701239874559575 0.3927489288463996 0.42326605174821 0.3911870014639301 0.42663511407960264 0.47155120958631613 0.4891058021990523 0.44565746320515603 0.4880303009184332 0.4663867681584177 0.48501355763838744 0.5436043458651121 0.5746405408139734 0.6010847044931915 0.6697242066439565 0.7325233592719079 0.7582805062612669 0.7516678338390638 0.7924051086408919 0.782021203184065 0.8087210037658417 0.7700086447556757 0.7724650726433281 0.7901510621255312 0.7903348670608012 0.8176463860084144 0.7795109587134563 0.7433939889745995 0.7591275448731039 0.7618387203789452 0.7230246925711624 0.72495866997097 0.6622095152834439 0.5819441175393123 0.5412929139367535 0.49102378557958154 0.5099249855481408 0.5069803403334152 0.4687500124654726 0.46349253482725045 0.44799144217056946
0.3634942105093646 0.37694499129301046 0.42852489952245476 0.4240685695846172 0.4499188825451372 0.44055281002073127 0.43985434821457975 0.4930450039991995 0.4748974380239385 0.4859121046424849 0.5102680038472384 0.5223843711869025 0.5375134556373247 0.532967585610969 0.5685548300015918 0.6083871623920156 0.6331669642403055 0.7172989450213814 0.7264414832265934 0.7586104217324591 0.7987964294841547 0.8060471490439194 0.8116573758802186 0.8076780563657703 0.7730339045836212 0.806066572880841 0.8182672253754838 0.8450922488103948 0.8372966380203888 0.7832405418590405 0.7313023187352065 0.7457033443984361 0.7323643514082737 0.7014678105130829 0.5883524426635349 0.5184292811541947 0.4943849710061482 0.49792978335865845 0.49122261257093963 0.46712924622346025 0.45300312774052265 0.4692418818307122 0.41708039736663666
0.36116960091334155 0.3759254671340138 0.3940124456690628 0.45874103412014194 0.47817286500097894 0.46928592437769945 0.47571568782940477 0.4749874705066287 0.484156346380392 0.4718940864545134 0.4903994802633317 0.5395815164559742 0.5361375690580178 0.5761338341438516 0.5854928485779125 0.5826285181200814 0.6101299222114447 0.6917645512922345 0.6918004495784652 0.7134408786357966 0.7981645649093548 0.8328446151883147 0.8420891558074726 0.7898493702341809 0.8247176073619825 0.8635324676403306 0.8363111456149908 0.8683815277249136 0.853072210369288 0.8007750257397201 0.7528965714891054 0.7151855753005625 0.6800450439302154 0.6489514163592618 0.5722473802120496 0.5255645458411055 0.5055127219661372 0.46220145930656037 0.48500208489696656 0.42543090174102344 0.47869392959758433 0.4828960226991479 0.4065668894208908
0.4106296729957857 0.39254876480725587 0.4256796895426142 0.4593543645864419 0.4234625774195846 0.41229817313532574 0.41541559817083606 0.4115504323405555 0.4194013678383245 0.4565110877768734 0.5116323873209343 0.4886516247426567 0.5466586571572724 0.5795924584512719 0.6105779745054307 0.609878043309559 0.661244683613466 0.7012392108025538 0.6986128842316929 0.7258707697840678 0.7913269738460913 0.8258438906730693 0.8130269522911483 0.8403556712499212 0.8740857572386698 0.8511393863074344 0.8760734604551966 0.8350064923214967 0.8036040807994493 0.8048154918757544 0.7630072911493158 0.7241424227844271 0.6965511392446933 0.6606728150509976 0.5966864943863128 0.5399767377645099 0.4896638354765815 0.5049404281042239 0.4652068319665094 0.4103982875570406 0.4274440195183619 0.43853153501330716 0.45054374391838653
0.36133808052393823 0.3574841691085759 0.42471592368911304 0.42433254637427764 0.3839400022630036 0.4114060466584065 0.42162187947084395 0.37315801214968214 0.442873050060014 0.4392963615616033 0.46765084023283154 0.47775295185099254 0.5452562740751834 0.5737626661511488 0.6233636478245622 0.6209339607278169 0.6659494273405457 0.7380961522241763 0.7278106898177618 0.750165227148072 0.7590121035010897 0.7705112229194371 0.8342035421531996 0.8558385482089155 0.8509903126085839 0.8695997981135009 0.8347702312765267 0.8085027539657167 0.8111143785280301 0.8051642327887756 0.7536697061439664 0.7285464191278233 0.6860869577440933 0.6016358729817932 0.5486177436617853 0.5284592812773007 0.5075745491243386 0.5004657485093282 0.46306667947819313 0.4375747715666978 0.42015722706115294 0.4254300857725744 0.45817559568311333
0.37846688603829726 0.3726711654638886 0.3680218923847171 0.3619501665776783 0.39533110801135923 0.38760711717292246 0.4185826086431439 0.37531111377943754 0.43191836489544266 0.4749928625386002 0.4421774234674106 0.4646103428970509 0.5675302955281114 0.620170684872063 0.6421770946612488 0.663832489798509 0.6878378065789794 0.74775223039077 0.7378400068544447 0.7516439951631033 0.7640311039155532 0.8099265683910957 0.7983802511281968 0.7980577192882865 0.8719157446514338 0.8471385490887506 0.8173051275845127 0.802258821761365 0.7692126625470735 0.7266481202667462 0.7261659554428728 0.7125069448306867 0.6843287716087099 0.5919060526454836 0.5681756384423157 0.5574683510906159 0.5144290240176708 0.48261896865338577 0.47057749392869047 0.4380383089870106 0.44424637733641525 0.44588052852890575 0.406653724035235
0.3956498322345055 0.4152502597005705 0.3949447977273444 0.3742074033516309 0.3909574255720108 0.36753050558787076 0.3682424214559595 0.4098858318154141 0.42809853826650357 0.4736677911802771 0.5116372426722369 0.495586033595829 0.5884822669312191 0.6178660597911888 0.6426914529168232 0.6678224147388442 0.7305800348334762 0.7340683907022423 0.7850268432780455 0.8334165713074695 0.8153572847680939 0.8105110321078977 0.7842777584341762 0.7954790427441064 0.808931852176883 0.8518077512381494 0.8092463183044686 0.8057429651181283 0.7583445124313636 0.7366857092775867 0.7351150460201498 0.7448792853233845 0.6865114103909172 0.6321450449187695 0.61903988980651 0.5297260510820714 0.48180965994819897 0.4897957885462793 0.44067319084062967 0.3953167067158871 0.42068730217120326 0.4499655012476834 0.42503597955105965
0.38638195417649407 0.39874088926639384 0.40283566160566076 0.36628205374490364 0.35120418151285904 0.4051092513084147 0.4011780077538756 0.46347098556192845 0.47390850038887405 0.5040027138252707 0.5260334923633643 0.5398207305680187 0.601111783673599 0.6301191366010691 0.6726841303092114 0.7134346406038985 0.7369649260267764 0.7718011353745587 0.7575937844244789 0.8219797722814443 0.8377377294312724 0.813193119517585 0.8062414779582858 0.8081164275684248 0.8235595590713289 0.8094358660345076 0.8157949500343284 0.8442860383661565 0.8119841650625527 0.7571606248045616 0.7747002303889483 0.7873594404133365 0.7491215798530241 0.6722077292023745 0.6245314060968777 0.557012022662887 0.522567947716268 0.4837682392750715 0.4228632722427009 0.40275304606580825 0.43685767199587217 0.43389939059254723 0.4166451897841877
0.358383634399235 0.3662073092022298 0.3804276091104813 0.35833059836274367 0.39152448819292746 0.42711540535918413 0.4123658970426507 0.46480483698896097 0.497504038490534 0.5237668145024377 0.5848473978992675 0.6072146190359432 0.641196455678583 0.690535658412088 0.7263393053262364 0.7198831603288574 0.7289560487225033 0.7365351909436579 0.7696706726667839 0.8489809539500985 0.8476617803133626 0.780035906946968 0.8241372050947794 0.8285370292124019 0.8284680621530325 0.8294228044208972 0.8195625964608749 0.8335836926099851 0.7986661946149161 0.7508439305198393 0.7607167967239642 0.7826232880874561 0.7421484642138149 0.712896798416858 0.6763370455646334 0.6472366058084048 0.5795196927302203 0.4834513274528574 0.4458510277522149 0.41313729979884184 0.4692773963277533 0.47600763147397523 0.40389584936849166
0.39040257148911783 0.36596791346804075 0.36477981503177903 0.35079453568748736 0.363662796787332 0.4176788129823412 0.4525325509799432 0.4444828881228435 0.48424275929054716 0.5008688218494561 0.5826355336600878 0.621540610159492 0.6553483357812091 0.7087133422463043 0.7193583079251624 0.7298521485321023 0.7180784659937941 0.7173882019018023 0.7850090247167606 0.8041591963400516 0.8504782650845 0.7994866694216664 0.849313655505152 0.8709348414322088 0.852502654447536 0.8087400430333292 0.8330403884518015 0.7868226218455042 0.766012382227695 0.766566638973686 0.7422899077789693 0.7792240678137412 0.7647186073818069 0.7010973692582988 0.6865810202437341 0.6314195463917459 0.6049857676558796 0.5325728160145846 0.445966002465664 0.44489046491051615 0.4514366909755605 0.40040235078022085 0.3940249072462003
0.32669257239667404 0.35153807098038425 0.37627896557521623 0.369181717832917 0.3367784304219575 0.37157077828975504 0.41453761060915145 0.41721464368497146 0.5064964232747889 0.5430589868249766 0.5295786524682384 0.5645514732676472 0.6354646265908762 0.6848740738259711 0.6996968994598215 0.7794584753991611 0.7816017073058172 0.7610036084887681 0.7673616537480928 0.819616662651164 0.8013065413757755 0.8437693944036941 0.8703048894082902 0.8524981679540153 0.8085988664860291 0.7979603943221933 0.8186716157308882 0.797527330402223 0.7877093310008978 0.7662898547537895 0.7389116220974561 0.7413874395126964 0.7223619863862231 0.7565857345141036 0.71861436524779 0.7081069568742985 0.6136901314015257 0.506793751598017 0.5097389898457004 0.46082382649284537 0.41863324247482636 0.39727092006491865 0.35779035283915755
0.3341771854543153 0.35028299483104774 0.30439639985173517 0.2885185611608283 0.3160958588912826 0.35916329270057396 0.36332503972337676 0.38894950819871044 0.45435742245358607 0.4624002093390809 0.5056361599361473 0.5924522079511801 0.6249374029314423 0.686733850308957 0.7025469695458914 0.7691719547269181 0.754807457110744 0.7709740442180903 0.7875912343254331 0.8063409635905938 0.7960697099673059 0.7995969418369905 0.8647994149440749 0.8762909990924249 0.8188940096479046 0.8251454237223945 0.8139067379111103 0.7738690056533567 0.7961091379256167 0.8012553145382009 0.750811747186071 0.7817389466696302 0.7569842692985554 0.7333568389778502 0.7331959032308963 0.730284323500806 0.6370283646364926 0.5701155520500667 0.4976330633380442 0.47568418697685816 0.44763849432170133 0.35723031170711333 0.32994500253934456
0.3132662748451942 0.32034860295788503 0.26441565979286885 0.2347988312926505 0.28211498130748525 0.31705210469042044 0.3476522524437718 0.3623824303376704 0.42980074916416705 0.46168298890091247 0.4911203040315817 0.5490046930811224 0.5988236289299574 0.6459726186648185 0.6568183842961779 0.741084887879614 0.7586472141214704 0.7925790287073397 0.7633880905070376 0.7684850887259809 0.8128859697351262 0.8157848709497499 0.8715545626081919 0.8852975581344102 0.8383896115992172 0.8309095096696637 0.8520442190798213 0.8200914653612793 0.8194401497837273 0.8433063046162741 0.774483351324038 0.7746070427075765 0.777559961473158 0.7416513081265244 0.738113293037785 0.7214688244307427 0.6625108845762859 0.6166167081057257 0.507120287891898 0.45417866585583694 0.4376441332242865 0.36037337958769805 0.3374367024643693
0.25442527712788887 0.27326492637886374 0.24462755559135596 0.2628925080140648 0.270978596640151 0.35425029510568623 0.36682737196330545 0.44231055515360845 0.4641439296473631 0.49269990149908305 0.5029435265926716 0.5317169609982099 0.6033077456923277 0.6354534238067451 0.6444761002807318 0.6965604541640845 0.6923745188890227 0.7225215441548465 0.7465192317206206 0.7784987082530518 0.7724027346613115 0.8501973774430407 0.8479015547361929 0.8779016594062189 0.8639421476224292 0.8728062710631844 0.8292898217360185 0.8579880732871488 0.8223867669599627 0.8348868237654762 0.7965274202711885 0.7642053639831706 0.7669317184206007 0.7727138246284799 0.7264181763748674 0.6744487517398312 0.6417669286841496 0.6032419824196746 0.5040225300259543 0.48321120880175217 0.4124856128130581 0.36986129050164374 0.35010971202777236
0.29152364563847016 0.26499906474049234 0.2852690155543721 0.26636945200171563 0.3152263564079845 0.36938108919491675 0.4064302643759486 0.4475989111048585 0.45001860951059214 0.48120676402648993 0.5359311433368938 0.5327662769954353 0.5805156761230944 0.5988906118012737 0.6352271756187396 0.6418145359841324 0.6446968971630693 0.6961149822388861 0.7369241179933204 0.8041196257802822 0.7762550983061552 0.8323464483064145 0.8701714105464439 0.8976871507948986 0.8751680717673921 0.8507499541986587 0.8535236200304657 0.8852241976124715 0.8609840039305634 0.8193786616730291 0.816232177167342 0.7933816559828353 0.8016860716916538 0.7895717361948038 0.7234690325296692 0.6598958455953173 0.6673297121302677 0.5704491805309686 0.546835804584831 0.4588564517998188 0.4504906534365913 0.4354946019204756 0.37729399460955
0.2901769220159855 0.2842828012839222 0.2519991866401874 0.3116410299934697 0.3595403979274246 0.3971193625301032 0.3902286220094166 0.4136353797635685 0.44132630851497706 0.46900294148776916 0.5112620058686351 0.5526966589805581 0.5657762956067661 0.6426802289191114 0.6674300587584084 0.6516543952012313 0.6534772963307989 0.6639705110473342 0.7194319374130562 0.7865885602055765 0.7817057719998822 0.7852157403350833 0.8448003831981792 0.835903468460141 0.8748490256098156 0.8519181967035405 0.8637730717747535 0.8663573383188101 0.8829566691886612 0.8659716194996766 0.8529040339591774 0.8411287730054425 0.784762276953524 0.7751275438921512 0.7509374324096365 0.7400534117522739 0.675691859203253 0.5966575852501488 0.5554255526481489 0.47363099756852156 0.44660409045289673 0.4538392379521854 0.40430609545068097
0.3181206611442943 0.25703687634274025 0.2551134099193104 0.300473563626639 0.3189432505627797 0.3825292140624523 0.3616732355496132 0.3601262842769325 0.4599610975602088 0.4546194284809061 0.4712841952420278 0.5462947394722129 0.6082305626959892 0.6280789161925036 0.6315985425336538 0.6727185832720038 0.6811831055103582 0.6718158725242195 0.6786699883800902 0.7339597933927683 0.7599966483598203 0.7819320035791552 0.7784277116219223 0.8435841245283342 0.8384140995971346 0.8445660954665856 0.8691323836177293 0.9348672724920589 0.9413193053456124 0.92212450576347 0.8559601331947111 0.8673690336345498 0.8018514292247534 0.7615504037562917 0.7259281569768203 0.7632867891706256 0.6452102895732024 0.60308752442505 0.5202188819200263 0.4693197773848922 0.4610336208118468 0.4661134737009315 0.40006673547651755
