Raster_benchmarking/DGGS/continuous/raster-57.asc
NCOLS 100
NROWS 100
XLLCORNER 1743158.767857293
YLLCORNER 5469290.297867695
CELLSIZE 10
NODATA_VALUE -9999
[rows 19 to 37 of 100, columns 0 to 42 of 100]
0.8963273746813945 0.9238054620870639 0.9176562961280786 0.9126715687432608 0.9047369329193583 0.8848796128126638 0.9390540358908201 0.9531474500318187 0.980351259217692 0.9630295324866133 0.9274210471063563 0.9382063900093252 0.9264532952074019 0.8879241895008798 0.8879269246927028 0.8562940004495817 0.8095643371799979 0.8156782921449937 0.8156604576129239 0.7850613626818918 0.8136833648281322 0.7829902735169655 0.7672562261130299 0.7893968116976517 0.811745930283339 0.8344548848883254 0.8251280505650671 0.7818276158881143 0.7737382853616972 0.7685882291714333 0.8034858957171136 0.7962886176132091 0.7824190920858719 0.7937841745943951 0.7655217787234657 0.7596233010504161 0.7194251529529582 0.692574345698016 0.7221807447832573 0.7095293281048429 0.6664646894983257 0.6855827388625321 0.6815211555716509
0.9144221123637503 0.9362314162044093 0.9567881840893121 0.9108170201105863 0.8836531068438377 0.9062675622557436 0.8984716948981523 0.9310900454170074 0.9774676399912784 0.9267611032766981 0.8981298580187121 0.9171660921156901 0.9237595940363663 0.8986867178942194 0.9013695926843898 0.8346551705407602 0.8033440496287831 0.7916881999797091 0.783413455117413 0.7931934668624154 0.7821787210444288 0.7949463767906264 0.7839793960525115 0.8185678977900045 0.872821752558214 0.8711486525703042 0.8223858913402972 0.8072116001995269 0.7662309755153399 0.7904823583206277 0.7696901870342318 0.8004512023685222 0.8052898594485408 0.800377938375468 0.7763045753236699 0.74020664856962 0.6989808533592403 0.7143580009675375 0.6974069814515033 0.6949017332089334 0.6600273488307739 0.6675578848654402 0.6915721294316751
0.9088523293845808 0.9298118902746929 0.9355239450423882 0.926608396531505 0.892221603953005 0.8887746552554193 0.8961189227360848 0.9209828197367348 0.9589401473138256 0.9396142476816395 0.8817151828210983 0.8761515341590204 0.9006752855305165 0.8941571560486339 0.8967960199984756 0.8401483421234518 0.8122365397937426 0.7956634396485919 0.818461663141404 0.8188693773161023 0.8115650478693994 0.8270485037211095 0.7972341700466724 0.8245340001288007 0.8679138026421364 0.8790653391608498 0.8412693779120716 0.8019821965695854 0.7885544460619145 0.776011564107237 0.7650005777023078 0.8138289183668862 0.8280919684956743 0.7997389214574961 0.7582594816547229 0.7394344549869821 0.7366846410000217 0.7282469988125531 0.7285899502597614 0.7159021771113385 0.6638525802547349 0.6651157172941259 0.6743710012013939
0.9206736024627226 0.9278711173229632 0.9766177513574488 0.9400466853395254 0.9202244977705609 0.9181650995595381 0.9373700428655539 0.9102433761673367 0.9224454727790617 0.923814032514475 0.9070347022599622 0.9001047801122125 0.8702356227142547 0.8701371803289069 0.9061795109939046 0.8755986853793937 0.8336479924248729 0.8109550750421878 0.8090059213795736 0.8035119462622212 0.8442950152729223 0.8177556342140522 0.8236629049619085 0.8345926760416225 0.8843249004864798 0.8406749992631266 0.8410628150388963 0.8288487045691292 0.8560781772847349 0.8170441963723993 0.7837780248443361 0.778174864138483 0.8022647563618928 0.7768392592357206 0.7400924088166552 0.732789402034185 0.7248543571750095 0.7013034295554555 0.7197083052544653 0.7159967877488548 0.699064729446783 0.6799346134488259 0.664976487009976
0.9271802068674355 0.971290207281701 0.9605627192712125 0.9543537159266104 0.9476308176751814 0.9539377722262704 0.9405923312522874 0.9501626958263246 0.964609347443722 0.9453269430966886 0.9250124540649316 0.894796274418353 0.8614665617520785 0.8624739409765143 0.8743905596512449 0.8571474164516614 0.8697705245344232 0.8481443931720434 0.8115019564170908 0.8052060867026778 0.8066102775735424 0.8205316050783988 0.8482528111541687 0.846811376420754 0.8716148906836272 0.8452934730187504 0.8444247177368356 0.8504849241189586 0.8388628471224909 0.8260984428742586 0.7840332301733591 0.7818445116897295 0.7507607397988918 0.7569589243580396 0.7280955992353022 0.7464217278724278 0.6977736052349015 0.7186518403601557 0.7033156909226036 0.6799957329956484 0.6975247790382564 0.6643391473103638 0.6858375883865145
0.975331259050317 0.9886566016570397 1.0 0.9637990934462626 0.992328924411668 0.9654612200591044 0.9506619955643233 0.9752778099565127 0.9714932115404149 0.9405243741528767 0.9306430564899564 0.9316453659982364 0.8941767405876402 0.8706649117929571 0.8489955375676211 0.8356721971266174 0.8547711301565426 0.8526521501434031 0.8095041117503465 0.802125010636721 0.8186393170678901 0.8406590784995965 0.8150912199984709 0.8546734754758089 0.8349270627634102 0.8519974857993042 0.8819888617911946 0.8634612594532479 0.878892330955475 0.8465567510177591 0.772661942555808 0.7791721905798336 0.7371364747631923 0.7253325188179557 0.7356102557044166 0.7513453862868746 0.6997990429637706 0.7264987877765953 0.6893680545272115 0.6923027783160617 0.7037591983552794 0.6923482392005631 0.6826079774781469
0.9746300683877538 0.9688309205975034 0.9831164234730778 0.9907790341950465 0.9824409964293592 0.9706724407163104 0.9567208091932574 0.9729681520522567 0.9464174947316591 0.9381803349176978 0.9053540373541599 0.9108609092467016 0.8751736640897336 0.865693654053331 0.8255431345252746 0.8196628466271241 0.812995770312746 0.8220041350326465 0.8336505884942804 0.834871263792635 0.8417388380341522 0.8567112764006406 0.8448248593950106 0.8282680862935092 0.8423868243011186 0.8603091833668319 0.8629664040780601 0.869426663200384 0.8295069767152704 0.8253320770955593 0.801005696910102 0.7651343276427003 0.7389408076498103 0.7385270109587619 0.7201047701334634 0.7417750477135443 0.7017364711092464 0.7170600567581888 0.7424677190890028 0.7205970707705402 0.7412629857914693 0.7058675363542046 0.7281672530193055
0.9838479638445232 0.957196463480786 0.9769668631276898 0.9758346165780774 0.9762384100333029 0.9657720231505128 0.959488300790044 0.9107369474632622 0.9151897248150073 0.8973997523040309 0.8858625231255576 0.8677391639530028 0.8685639571098038 0.8384667389960472 0.8149500631710221 0.8037701791590947 0.8402604966092937 0.8401441133359373 0.8438652877046873 0.8472512689203051 0.8695684795342726 0.8742052813232943 0.8724801147964768 0.8730413331180696 0.8516571806325534 0.8617536486741886 0.86256724326479 0.8543390727365677 0.827769376073069 0.7917628955134823 0.7978573417260431 0.7603635565359166 0.7436457085035421 0.713372644793426 0.7096345723965934 0.7457956078986325 0.7443140456897781 0.7295154916128979 0.76863145177536 0.7602391642187645 0.7598985357995712 0.7551285275208621 0.7659479221883279
0.9764735138486881 0.9490203081496884 0.9233995326029251 0.9294382450821629 0.9494390733982658 0.9386437134674506 0.9188544057565609 0.8846437561300927 0.8885938931641084 0.8807449130591387 0.8915336745705745 0.8947402410550841 0.876915494005925 0.8354179077462434 0.8455089875326931 0.8353454299812217 0.8359946031504121 0.8452977153741236 0.838970748269795 0.8578326512441385 0.8485011033329646 0.8702523753711312 0.8527811570527002 0.8605631906170804 0.8803726811799509 0.867339734886414 0.8636770121962221 0.8424372603786926 0.796062167910665 0.7885031101944364 0.7700457714480782 0.7616498966528876 0.7730247303981906 0.7362495998491855 0.7309465416364681 0.7333497995929931 0.7588594615616935 0.7694400256901838 0.7782013018297458 0.7631767306940955 0.7443716034034242 0.7467426467428818 0.7924845084907561
0.9725835108030297 0.9402775965609497 0.92854638898431 0.9502650807506221 0.9264082661483526 0.9172416909507461 0.8761932193617143 0.849759515591079 0.8285328980580998 0.8461979992266657 0.8463365247659411 0.851377836141933 0.8803733455170138 0.8389099580674572 0.8322722592850311 0.8363274301450839 0.7911693839433855 0.8109717458749341 0.846383914923486 0.8425664036406514 0.8611536141578455 0.8682573777288822 0.8952921752841032 0.8839084838897354 0.8675038367813379 0.8410248458590177 0.8645410926846189 0.8235536022650829 0.8078863909107585 0.8021391108811123 0.7960744633094912 0.7956019012599326 0.806991420974765 0.7500000215487295 0.7397060135440867 0.7432779644969532 0.7483374461975377 0.7718611681094151 0.7955853988966035 0.7757823743964405 0.7561809424065821 0.7796717335117539 0.7922068674394384
0.93450541626757 0.9178272836744836 0.9308268262458487 0.9337050055910066 0.9176110266670586 0.9238226120577671 0.8692851534355359 0.862567843662126 0.857479028005079 0.8437074899152023 0.8588973186522263 0.830459699490168 0.8427375348968756 0.8078742776810696 0.7813411977695319 0.7945585027922675 0.766764680328597 0.774648734073257 0.8066579183671133 0.8216275933421382 0.8666468303202695 0.8509173119072772 0.8720758746345397 0.8584028724549768 0.8358514610752314 0.8223445565115473 0.8215949581177436 0.8232249094487453 0.8211214594620585 0.8268036644968308 0.813141577510358 0.8305473891472581 0.7969346668058563 0.7825891383182569 0.7837935197337481 0.7678463151683667 0.7714549099887752 0.7524990403054969 0.7755525958716034 0.7603783924415742 0.7650741758800708 0.7749178529675534 0.7770655356957631
0.9439965013623559 0.9185810785482811 0.8757775631594887 0.9143619486386328 0.9074545189381265 0.8927626581474747 0.9068005684497783 0.9039882920590308 0.8899224682470217 0.8403817770722916 0.8206805556139725 0.7952303949444872 0.7990707397908526 0.8045260953604032 0.7712215382697629 0.7612142703983923 0.7404035533775518 0.7737944762058688 0.7795412041390798 0.8359289318105206 0.8502492370423319 0.8481850793844116 0.8386858633522815 0.8204636698498334 0.8171913485782921 0.8160118585483578 0.8272721116937997 0.8394585903107534 0.7868346301536839 0.7928390197804271 0.8326867476267361 0.8415287489282792 0.8097671979405168 0.7943443375350714 0.7708793757404155 0.7788894295359207 0.7462239493846298 0.7764775809668311 0.8136201899347955 0.78239413492363 0.7667090431694715 0.7946319871605001 0.776709344453439
0.9064741560056448 0.8934895943838612 0.9053178708545606 0.9129082299923132 0.898736428425203 0.8985971690592337 0.8898314302147311 0.901398638514774 0.895235808876354 0.8355562954482987 0.8273589466039449 0.7968369245838959 0.7907176497121633 0.8036532295329507 0.7937595659925843 0.7836956340456835 0.7521829353966885 0.7510114690525744 0.7566226911473956 0.80529326132484 0.8486407008060125 0.873764648507659 0.8646942801873364 0.8522701108577494 0.8600778796555438 0.8356307373471306 0.8036788667186496 0.8225691663698862 0.7938036842596492 0.8063910979463106 0.824598638793646 0.8055637104503145 0.813806275744493 0.7644715155411171 0.7832417401528746 0.7875396539421338 0.7941315162751431 0.7681333404079376 0.7957745729139836 0.7717377801778599 0.8005548048432064 0.8015819345744292 0.8005339296444332
0.8630411502421915 0.8684794807506786 0.8849145614748302 0.8989737118681689 0.8962384398999739 0.8759119156501782 0.8825087138347991 0.876148082100769 0.8697296577534962 0.8104548745387723 0.8016935732579513 0.8090401826742039 0.7951872438934151 0.8001871950135362 0.8119265465778468 0.7961567381250894 0.7617067353695731 0.7747363080003398 0.7774525059611725 0.8094353666451614 0.8431984161210887 0.8610733506495719 0.8916253954409863 0.8676987809919724 0.8660432431514598 0.8376919447609541 0.8142487968416166 0.7848674791169206 0.7669786192319706 0.805369057445688 0.8122985438105024 0.7965685747061377 0.8183454054477799 0.7745437299028276 0.7540519616161958 0.7798777680080478 0.7826558698815395 0.7491967837853668 0.7514321319848486 0.801761414400513 0.8039373676924926 0.7816845218930614 0.7928769580309994
0.8812028667993217 0.8662914667319274 0.8661836713682722 0.8608554179994772 0.8521447222457608 0.8494225231873299 0.8365193669030128 0.8412479882261826 0.8478516828037225 0.8119432422713815 0.8086488983837187 0.7959248198968243 0.7890826906906583 0.7739871329024898 0.7930697633002853 0.745507837255947 0.7357185428747033 0.7395882580239761 0.7749927462832576 0.8102378462277312 0.8411616057575546 0.8647934919372043 0.8620201350195537 0.8904021616596649 0.8749119222723565 0.8410372460287548 0.8209178273843307 0.8121580213429264 0.8010347947150607 0.7946301348873858 0.8100961711431498 0.82262082430509 0.8316672622738351 0.8091325001331262 0.7843858816394227 0.7698989565670702 0.7910358609193705 0.7832553661039802 0.7962038468959969 0.7890593312152674 0.7664657065560663 0.8004599006714891 0.7945371019401488
0.8861588605051332 0.878106844650533 0.8644269605142143 0.8363592918402817 0.8062749590310893 0.7963283980327891 0.8240641486716771 0.846282566856331 0.8252932919608319 0.8469954890689068 0.8272780006818335 0.8017154853251052 0.7583469778706238 0.7436556450242953 0.7609484815205538 0.7580485593610461 0.7439539907346434 0.7333952223021472 0.7427346493186164 0.8110480236551286 0.84828201475595 0.8778364525149815 0.8757826379181107 0.8860857984085253 0.8517816753757649 0.8595931709036859 0.7997490986609126 0.7913724543320638 0.8149670161893382 0.7903984152415185 0.8082216502191193 0.823315284698515 0.7909659685077707 0.8122011012954891 0.803361846987542 0.7744746385286644 0.7543160302897972 0.7572650047550251 0.7713020974571129 0.7489114965712634 0.7509660098004678 0.7547852738689014 0.7690586607993527
0.8646597360278744 0.8206862269425979 0.8307517109729949 0.8375652353911718 0.8221382608411636 0.7808317712652872 0.774308148263409 0.8015842348384289 0.8087561436537791 0.8352823376318285 0.7984669440346099 0.7887063462712678 0.7491197560901138 0.763420966504785 0.7502663588391215 0.764334074166086 0.7481489464310087 0.75093561780169 0.7456688686237086 0.7876982423369796 0.8053999635437122 0.8274176617820586 0.8530888945010155 0.8701166163959304 0.8408665995126307 0.8537784302272956 0.8248602313538418 0.8026807680005912 0.8216147397489493 0.7854645569963038 0.7874596041461839 0.7874233036440916 0.7753624510616389 0.774099510970055 0.7888605932762519 0.7624019024600144 0.7804876749858213 0.7843797354391934 0.7754978325314931 0.7630413668584407 0.7965891901847885 0.7847402313376334 0.7951348384199831
0.8194158163271575 0.8257545622125373 0.8104973591451677 0.7959359747940767 0.7745089839266281 0.7983962213764435 0.7770018574907968 0.7956608362274904 0.8474437931574204 0.8385964578405016 0.8097234052863956 0.7959708787437136 0.7839022801210003 0.7802049436907302 0.7426120646078382 0.7587403611800068 0.7169765146099543 0.7463131459570801 0.7312815061627528 0.7679402271968286 0.7821824848539011 0.8102047843821645 0.8056255301902522 0.8254353366142614 0.8718845537688532 0.8505454426217703 0.8443980017940016 0.8045831808779941 0.8053594944090358 0.8043136928416909 0.7658554169346264 0.7728757082988199 0.8013365300069718 0.7853059901358345 0.7548498743923256 0.7601039905556859 0.8156423388522446 0.7721807213399662 0.7760425825990658 0.7937824075286136 0.8124726481374555 0.7861179731084095 0.7761542532032218
0.8080667909335887 0.7828565742077672 0.799875509433214 0.7563962002012846 0.76705431539122 0.7749642474327688 0.7861958190775692 0.784510966656931 0.8204923359472371 0.8205475420500644 0.8013239216696071 0.8011462612865613 0.7630285610228481 0.7578372322788267 0.7335967300490486 0.7449850189538236 0.7572182586653006 0.7415700162062387 0.7768260106460652 0.7693420237687815 0.7529954599600168 0.7820131034465622 0.8133701779251136 0.8037856152065865 0.8263801657235463 0.8234998186025463 0.825199997472579 0.8426058144138403 0.8233589952346019 0.7849145948852823 0.7495348214458116 0.7649321104120738 0.7782504007432657 0.7855422013618192 0.7668938543616899 0.7607490587850015 0.7859187905664248 0.8095081329333917 0.8146786286550297 0.814313688264376 0.8254459895386913 0.7954519907559361 0.7504743109746901
