Raster_benchmarking/DGGS/continuous/raster-105.asc
NCOLS 100
NROWS 100
XLLCORNER 1743164.9645881867
YLLCORNER 5469294.628958623
CELLSIZE 10
NODATA_VALUE -9999
[rows 57 to 75 of 100, columns 0 to 42 of 100]
0.7687450225066056 0.7749567791824893 0.7775217664257305 0.8125188272826854 0.7850993730059793 0.7803987091065984 0.7836220742080187 0.7701069362307149 0.7959883466156014 0.8003841843798196 0.7628759154579514 0.764816302853176 0.8062738641910103 0.7882356802624968 0.7564582899083052 0.769875251537706 0.7645649453538471 0.7444403459145236 0.7245406059633417 0.732349561040705 0.6925130572456065 0.690204915652775 0.680773372628803 0.6604955903517155 0.6162422232496231 0.6079588535939984 0.5619527969876352 0.5478132894648228 0.5668365203006228 0.5636356528782662 0.5638324009449933 0.5893853428746961 0.5894502267560854 0.6209086705127306 0.6361200776759364 0.6382107617710215 0.6422343620976309 0.6208769994944601 0.6065099159812785 0.5844735649931962 0.6015482541177634 0.5640741728190026 0.5382510906310806
0.7779728950794457 0.7763262756448854 0.824947775476762 0.8336886543437295 0.8363668054785585 0.8268477069720207 0.8117864520370203 0.8215892750508428 0.8145670486060796 0.8251262555266516 0.7719415611023588 0.8170890476724108 0.8199729644896712 0.7925860434058289 0.7786381318430351 0.7870042427115632 0.7565107956501181 0.7719093584060822 0.7537002478367371 0.7569456944367149 0.7243937578912577 0.7065057914626559 0.7017676892638938 0.685866712023686 0.6450951877878839 0.6112977095626609 0.5726698492331291 0.5635354864188493 0.574441230722814 0.5798117576434375 0.5954036043773031 0.5967242245975625 0.5890576625663206 0.5967203236349844 0.5915317957553222 0.6272991364721731 0.6313538056077342 0.6254872516228162 0.6207774825462409 0.6267343932894758 0.6141957903592962 0.5569668261466036 0.5590296247463945
0.8164222379182726 0.816092353307402 0.8094280149132315 0.832167059504395 0.8097390589384145 0.8134273081006121 0.8464382536161571 0.8372217592371307 0.8367449193040644 0.8307409114360257 0.8203087426926235 0.8228078331481604 0.8093922479203773 0.8132300039795084 0.81514901432269 0.771594920905984 0.7687292529377161 0.7741400894400495 0.7643719928767579 0.7242478762057892 0.7412000120112643 0.6915556143545226 0.7018627460764469 0.6819644447876292 0.6425740578582521 0.6401052252664079 0.595333160247361 0.5809104462926193 0.5578117592536722 0.5779684058618678 0.5460932019963189 0.5611332302255796 0.578445872222822 0.5919352650160081 0.5849150694042389 0.5960430944358717 0.6109895048410581 0.610058856018366 0.6108916440769998 0.6384862530817361 0.6278372501540438 0.5802026294854356 0.5918868525898953
0.831673587541185 0.8029030912510376 0.7922216814226218 0.8273657758309706 0.7988030731526553 0.8329253731347098 0.8363952406499695 0.8281704015870059 0.8546624716650474 0.8118570034343329 0.8109633654521199 0.8367513022229153 0.8618381424862367 0.8282070627156549 0.8339831469856968 0.8067224967149802 0.7943235946125998 0.7582794616551983 0.7242761673007462 0.7267534561864122 0.747357392010022 0.6965319448118966 0.6755696313297077 0.6540241651033615 0.6271307071607194 0.6207336722798967 0.6300997069423978 0.5679262730792246 0.5319573457006974 0.5327482221390469 0.5273298139268993 0.5174872556752906 0.5453500142995232 0.5770055754427227 0.5919276214337117 0.5849987137252005 0.621534438824554 0.6218236322266423 0.6550093661700302 0.6133474395215203 0.5909601735536132 0.6000875091727101 0.5886497153880768
0.8115308802168456 0.8120822417131204 0.8267893597112228 0.8174238177920135 0.828643225085517 0.8362820146755329 0.8465676711424984 0.8196544544600254 0.7993895120392579 0.8136177115178774 0.8230524229650459 0.847354388383261 0.8666214744910244 0.8476648750457523 0.8426530058165612 0.807497043424032 0.7786710082222826 0.7579449963912032 0.7494126592422331 0.7470824390046535 0.7379548507957236 0.7432564455558244 0.6733789978352921 0.6440339210462944 0.6382760514637282 0.6099591588080977 0.6263349486783435 0.5759774561863042 0.5309805051721258 0.53208671810851 0.5164705207840583 0.5273617712895378 0.5567659199490671 0.5352384975256319 0.5640978716665516 0.5897435919895025 0.6357151441498132 0.6278798644790986 0.6410655383733237 0.6391082986413772 0.6354582253757673 0.6008762537261755 0.5801016722860941
0.8344664717536636 0.8132080770438491 0.8291255291510762 0.8329000711970636 0.8454797294986297 0.8514846420501363 0.8112497130593933 0.8370617973579634 0.800741498672631 0.8159141906892677 0.8266846214006578 0.8553081574191934 0.868135740169072 0.8391123836346835 0.816296462346319 0.8132514150080785 0.7635132989100246 0.7485339302495492 0.7236899128975941 0.7399310455060851 0.7627925291759711 0.7332621857445407 0.7012120733932409 0.6468125867695722 0.6507957640497376 0.6354653800819007 0.6057190765457862 0.5869111319304461 0.5502729585655648 0.5441751875766021 0.5542024814402075 0.5509614742255142 0.5261840546341681 0.5345036073662139 0.5611232769016394 0.5823666693969429 0.634042779657945 0.616767988646679 0.6631552466895535 0.6572777483885314 0.6568674589424026 0.6166898634361591 0.5812072162801426
0.8526116232297042 0.837880381820402 0.8257300480282962 0.8370243443586791 0.8378796818383173 0.8362232908344629 0.8533478751533978 0.8430258618236766 0.8358616711215238 0.8358961122405526 0.852376282520692 0.8549177743456058 0.8513536267168471 0.8539069663202491 0.8255777076424319 0.8032253987545902 0.7805326675852627 0.7511846101558649 0.7237944192583794 0.7506652023204793 0.7096163069668965 0.6959608931281782 0.6970709362903407 0.6670901376808541 0.660791135864449 0.6123600431955045 0.6070985546318526 0.5953608424208737 0.5497053410729883 0.5277256884856003 0.5590297470582094 0.5516718299825805 0.5414032775902412 0.5539328744252673 0.5937945972211534 0.6178794811636633 0.636310490353301 0.6299632744128392 0.6346112653771131 0.6611374854216399 0.6681604599465237 0.6299818503903729 0.6019487421406474
0.8565517957295061 0.8612879514736512 0.8363505533680302 0.8591366318344043 0.8604968440753159 0.8610967121614354 0.8917011322018413 0.8788138156450329 0.8950403873249105 0.8987421374378672 0.8973242593915054 0.8719870188649547 0.8797330648046939 0.8477941288302674 0.7906497048590991 0.8014434924869084 0.7748175304259353 0.76490867463497 0.7425651225524852 0.7291926692525074 0.6951333202227801 0.7149506747802206 0.6819625368915494 0.6795127942345146 0.640833494630343 0.6156647569126632 0.627332385918381 0.5670473093786486 0.5367640571089969 0.5631109874305086 0.5418082148350076 0.542456639333359 0.5086892378847451 0.5309100814066982 0.5805243380681695 0.5809804519951759 0.6035196146013712 0.6301233793000114 0.6509345401449872 0.6401338923032978 0.6678604307666882 0.6233963831627592 0.6360345267184814
0.8390037588698267 0.8704639507319489 0.862462258879455 0.8728911533998978 0.8673812393656095 0.8710323266878326 0.8933474310933346 0.8987779072894635 0.9075296944784798 0.8934635173279204 0.8782622236639799 0.8527261019211798 0.8538157601968848 0.8580932513028687 0.8037826150306624 0.7831935738600304 0.7905181114909174 0.7862965491825685 0.767578543602569 0.7516103437825801 0.7308181737593192 0.7032392584923695 0.6690861590443438 0.6553256937090207 0.6572977591443047 0.6464098932861044 0.621795715879484 0.5923551356762603 0.5902508280963764 0.5708851292054802 0.5738586364324711 0.5467466046148886 0.549031036193468 0.548646468259773 0.5799884029720821 0.5714502268599233 0.616451219762874 0.6455266744567203 0.6703151178687231 0.6502766657851464 0.6374306064657794 0.638922920059051 0.6215937884263285
0.8552975358539832 0.8400388433489636 0.8607218918755181 0.8893371379144229 0.8944185844054343 0.8713322076224436 0.8571350064222952 0.8615610084001929 0.9037255226683811 0.8840808731159872 0.8457288183809101 0.8361059964001284 0.8708373662688025 0.8811596381979063 0.8366905430759242 0.8144944910556647 0.7992118884718807 0.8075383934024596 0.7702015586678496 0.7425407754023345 0.7438495282812513 0.747112010554613 0.7006104757585943 0.6987680688757724 0.664272224199949 0.6479042124825731 0.6315132475585717 0.6113974862089078 0.5686977851502982 0.548530982385696 0.5617987927903346 0.5627906265309678 0.5407188482968245 0.5485871922076185 0.5585749142666177 0.5881645151090911 0.6163886947368722 0.6502564342808697 0.6461191958538103 0.6394017811137557 0.590550227144629 0.6210616180781415 0.630413910014892
0.8455978615881088 0.86550020852234 0.8682849416703288 0.8566615392530619 0.8332047206531557 0.8472788463301892 0.8302004739553667 0.8446587370858384 0.8620603368117732 0.847372824757081 0.8373953092918058 0.8592929452716366 0.8752482294043757 0.8900999944075452 0.8722971801210867 0.8454448980857241 0.8170911014548904 0.7926204448223771 0.7735745569667034 0.771035302255844 0.7376361085247124 0.7533801812034004 0.7429497666046685 0.7107674868380286 0.6881712941472428 0.634510251747513 0.6057141013181676 0.5992723607305929 0.5822922804660529 0.5727420542911957 0.5691314635940137 0.55588976521209 0.538914094238779 0.5587075246681523 0.5564790674587331 0.5761769867542434 0.6139199487376257 0.6287310122985998 0.6207920779294342 0.6080651517702635 0.5846938695141449 0.6021857308740658 0.6267778177785073
0.8585261767065643 0.8504101549427876 0.8353627949192942 0.8442661064000597 0.8207942504714961 0.8346167058814014 0.8368977219751266 0.847787151274125 0.8599314270455628 0.861475556184058 0.8538350859556147 0.8778869163383177 0.905410245446867 0.8712143681254679 0.8684290640228381 0.846501648950545 0.8354648185095866 0.8199389146430531 0.7971652003059551 0.7947635843454443 0.7587314063625268 0.7147703694457426 0.7243089340854083 0.721638472965206 0.6733373807785676 0.6639311674193115 0.650865018798776 0.6079129684473594 0.5644287219421436 0.5825364806537465 0.5614881032435046 0.6005377402394338 0.5874480566333566 0.5682746190124746 0.5997233521702501 0.5676820088206461 0.6012954369312551 0.612049209250176 0.6199870913257441 0.6255711194610284 0.6153500448635998 0.6241912883280597 0.6320973093688658
0.8148035455979403 0.8202201035034768 0.8162677276398506 0.8079396862418642 0.8328878066343334 0.8405698204843595 0.8282739030608797 0.8700797872083725 0.8523331353284512 0.8511098595755465 0.8510953459514089 0.882264078520113 0.8969616937668854 0.8974719427731804 0.8303344642774059 0.8239164819873578 0.8248935769535805 0.8199221347031129 0.7949659657728793 0.7789199709807626 0.7478829612154876 0.7157048386383182 0.6976989779687713 0.6881878208132871 0.6944610454004008 0.6755517878718174 0.6140502576910413 0.584960404408497 0.6043880238587709 0.5934804005719045 0.5899670852088472 0.616048155640306 0.5988849473916243 0.6035974069943982 0.6089971121816468 0.5845488188113116 0.6037144951765436 0.6099636406879543 0.6050364516748996 0.6114225451041887 0.6273463842587578 0.6287302966671897 0.6440633014828633
0.8126545167637653 0.8328287197467914 0.807434504757998 0.8135386568898896 0.8258176770718902 0.8613162513953558 0.8494567117241845 0.8457580064512005 0.8545594992130369 0.8675240737767209 0.8747927548169881 0.9011194885410942 0.9079627518192172 0.8961607645137813 0.8231944189660158 0.8214087935034203 0.8324042909626654 0.7884022980982843 0.7540926732676129 0.7539669168429181 0.7303562664514494 0.7011758235508283 0.732455798850464 0.673404402604685 0.6678403804280535 0.635641199439978 0.6371565383797959 0.6179975368866639 0.5811583690394705 0.59910625228018 0.6007941002238791 0.6252834884055927 0.6364709508344449 0.6235721176482693 0.6075147713260474 0.5765867814040584 0.5744324709724025 0.6191785853046617 0.6121351252549855 0.5765962048824914 0.5710454027065534 0.6273302216864909 0.6488312366258896
0.8085011175989005 0.8297046542727311 0.8167574287331381 0.8008915743266335 0.8284745576629372 0.8354853554195563 0.8398021985043997 0.8583542970394947 0.8300701571482896 0.8462173185018332 0.846266102618369 0.885803002994827 0.8964048241864613 0.8742503490145076 0.8376368913929125 0.8395497762891049 0.8136349645364177 0.8053478147775485 0.7518019720489985 0.7576123995537408 0.7228729813028483 0.7060091642801745 0.7013151742521192 0.6937283131695622 0.6708715129072663 0.6356061284651648 0.6371956876785102 0.6374389350446266 0.6094147457380673 0.6121200957327338 0.6282830163264168 0.6586242162518043 0.6452045495713173 0.6273584922583203 0.5873146117382416 0.5946755632013315 0.613541844977643 0.5997904204596777 0.5834441376666603 0.6054834190462134 0.5866763113303856 0.6193143341764786 0.6606329345414144
0.8173115149039207 0.8188495711290071 0.8134761015588386 0.8242644226407623 0.8103276554940917 0.8552297603635852 0.8773263201566676 0.8709742575552694 0.83622508042312 0.808948120762086 0.8237140757407055 0.8508646609912195 0.8540684828465319 0.8621116874587541 0.8220169111850931 0.8052554696923593 0.8279126255885543 0.7725990907593653 0.7624486211404173 0.7434236336227669 0.7123195647900105 0.7081773028145191 0.7095658135722666 0.6924624153274314 0.6227458675088767 0.651452276899453 0.6440805463503595 0.6197648415980461 0.6106954665736966 0.6245308250090804 0.6598467147531883 0.6740496280158546 0.6445018875620298 0.5991383275053612 0.586776196267093 0.5957298404634119 0.6247081314322604 0.5814828104083423 0.5989199155793689 0.5865553079865764 0.603908859564891 0.6382909143595362 0.660612270137742
0.8282121451720401 0.846421696575319 0.8436174333869939 0.8556791109461006 0.8466084362162982 0.8321931801886452 0.8282982984414559 0.8514324258978616 0.8288140072661542 0.8082355621908545 0.8193754965987776 0.7977661311414056 0.8127991522439934 0.8374757130123752 0.8190254498105737 0.8012113095673316 0.777449757515518 0.7820213762369588 0.7945365004248862 0.7617246993799989 0.7369132059946373 0.7079298966917745 0.7205745793683822 0.6823047178139894 0.6491134513959623 0.6425749839064883 0.6509998741799068 0.6554042981049034 0.6433920438841084 0.6667328717481289 0.6738625281314343 0.6510060632200537 0.6458899860072953 0.626484309965139 0.6259122235844775 0.5999849522618755 0.6206082913125804 0.5906361319916315 0.5905026978540255 0.5922035088198898 0.6023019729301555 0.6031547880349921 0.6426902052775614
0.8673860890242137 0.8662599478671084 0.879961699896603 0.8387650664861926 0.8649422368036279 0.8389788641164511 0.8298505956627188 0.8563111502541622 0.8291533993004221 0.815823725657035 0.7902714587625359 0.8210159198635074 0.8149658293651612 0.8375731464390296 0.8263213046717944 0.8179431942698675 0.7710426326061768 0.7907310309995852 0.7928920318736747 0.7441934944838376 0.7563914783553969 0.7455552662957423 0.7105012449849847 0.6860512778901877 0.6220670243824608 0.638744220588863 0.628263403654438 0.6679244630278278 0.6986296618884171 0.6786451072981579 0.707856855780924 0.6692353136652168 0.6484765533584554 0.6347778980206612 0.6186268483307706 0.621105128837281 0.5974173494991883 0.6072005445318601 0.5890864282892548 0.5871688096215548 0.6077016007520518 0.6112221811194813 0.6066981742846157
0.8443003186545452 0.8510547402618129 0.8766115206921667 0.8439873841982112 0.8532112180257726 0.8487104444649436 0.8320294860692374 0.830708154535446 0.86116472449095 0.843465109352074 0.8174303393156023 0.7989444259443538 0.8106636219413405 0.8074021045993012 0.8226220117888324 0.7806607617499834 0.7747277631041439 0.7970500037730541 0.7612083686174974 0.7516229385475897 0.7260965337208964 0.743051610607805 0.7257852025933096 0.6709858445455164 0.6262818058898745 0.6327628821460223 0.6705246937315809 0.7093198305397204 0.7036206397213374 0.7061910062959289 0.7112665634593255 0.6786523182368369 0.6476166557813557 0.6493897401153718 0.6176419812639105 0.6143697750920876 0.6118750394117421 0.6017206813814967 0.5970380816541544 0.6221945380022539 0.6126405268353478 0.5996133698522013 0.6122895135838013
