Raster_benchmarking/DGGS/continuous/raster-307.asc
NCOLS 100
NROWS 100
XLLCORNER 1743150.9011302511
YLLCORNER 5469283.458061885
CELLSIZE 10
NODATA_VALUE -9999
[rows 0 to 18 of 100, columns 0 to 42 of 100]
0.5301908148377145 0.5124037409084196 0.46388532665751075 0.47078281486248863 0.5107990451669476 0.490582993347206 0.5019389415768524 0.544429212879201 0.56641886711704 0.5606565029822725 0.6183976988438994 0.6331395356440783 0.6397768969315578 0.6828590087604834 0.7029517022445156 0.6678569366264965 0.6639381505142142 0.6655265250809318 0.6579631131997586 0.6369968950983996 0.6781559249887377 0.6829652038275833 0.6661530369494482 0.6859518042522802 0.7392793240079941 0.7158999470055849 0.7066707682442426 0.6967729622451692 0.7122599843281934 0.7432450187645904 0.7599397064354195 0.7489746746296188 0.7569144077768948 0.7230189310383957 0.7387834302474806 0.7435449460058746 0.772163143841442 0.8117045448140856 0.8178444189245763 0.8318026204234651 0.826426309050505 0.7991356811129705 0.7886150471708872
0.5294941225381287 0.5394208894045531 0.5098098948550306 0.5152824177111415 0.474758906083918 0.47920711312139486 0.48734188398477246 0.5119045047836492 0.5797593590366904 0.590771654191887 0.5818205484773038 0.6077569211772701 0.6822870977334391 0.661532623266823 0.6570144462405022 0.6604673726393889 0.6767592718408247 0.6613537986101025 0.6692326484989478 0.6657890500452783 0.6413959260102435 0.6623060657809324 0.6869375836693286 0.6908852335143826 0.7192899527273023 0.7025056382068133 0.7507862381884157 0.7148295287892982 0.711696950190107 0.7556889899124006 0.7838132290461758 0.7736320768583144 0.7652582187381295 0.7102309398650712 0.7265293616199142 0.7504670285308853 0.8115232485125995 0.8305823044424756 0.8435832381418612 0.8543103178989228 0.826283580670518 0.806412668169451 0.8009652039435613
0.5735510743537362 0.5359004280590185 0.518560213735149 0.5210189390701678 0.5250836588169725 0.5274528224511268 0.4793042661112469 0.48961800019292384 0.5149743314509098 0.5423216332542817 0.5896626094955755 0.5948344677307852 0.6199864038911079 0.6418283461865839 0.6699970276421175 0.6727037009321973 0.6440984637272043 0.6429664434248052 0.6410847976668446 0.6528625532626247 0.6966668514185199 0.6835210532685428 0.6578609627986168 0.6719607439546812 0.7190062166747688 0.7302252515089638 0.7138616893791626 0.703412203609836 0.7347316165660044 0.7890335215263231 0.7757380532654172 0.7492627785280463 0.7506425400756729 0.74108651367569 0.7203832459269438 0.7971168408540388 0.7895149359967589 0.8071811049577637 0.818774529978533 0.841134958338539 0.7857450950845095 0.7869446102743769 0.7944821310091128
0.6100816892253857 0.5857589288975362 0.5635268753422864 0.5793750921621214 0.5558855356303906 0.5089789221783589 0.4901009837619798 0.5026687805449097 0.4925918236143768 0.5373889913861954 0.55482758289228 0.6146162693437771 0.6724891639888111 0.6747881986907366 0.6743121675142675 0.6844674125718944 0.6866701773930276 0.6682291771315518 0.6323344314852382 0.6400140573717998 0.7037143589290827 0.6847333927297115 0.703250516796525 0.6671341783331521 0.6963342088401141 0.6788843446228413 0.6880249711389955 0.7285578777836339 0.7704668655067003 0.749081089866147 0.7866972936817237 0.7341648009801652 0.7222890095886989 0.7248412858457953 0.7272944021924194 0.769156665925548 0.8221487009757609 0.8237861779364054 0.8698035288948563 0.8034818482187204 0.792960969077782 0.7951836120750858 0.8007348137649648
0.5987150344256695 0.5832048027262009 0.6145952790671599 0.5936832333321421 0.6088514305029524 0.5433671482795321 0.5244045796693172 0.5223585297730609 0.5468273997342092 0.5354532340562986 0.5775039409322232 0.6011714620582147 0.662062396500821 0.6458845518849831 0.6869718500703749 0.6474772697682195 0.6512154691636527 0.6673544479903807 0.6496452403600861 0.659878412053828 0.684884442025995 0.7009012708492854 0.7146405960918255 0.7143596712817968 0.7369716785996987 0.7188338429165902 0.7268239730544926 0.7508427805093707 0.7344811985658225 0.7541877383177822 0.7453309896099573 0.7632195032327749 0.74379737827691 0.750723393277173 0.7919104570249984 0.7722345763740122 0.8144899731853771 0.8462331989037452 0.865639515602912 0.8206319919098444 0.8327336447034043 0.8206106580561073 0.8537118004627706
0.6177318342352849 0.6313358881362765 0.631589466650986 0.6311729498781544 0.6328023042628865 0.5645021667204558 0.5423884048996175 0.5843245675222497 0.5633436062045409 0.5390788338200018 0.5997699061637338 0.6125707359596523 0.6302158604328211 0.6234454002038893 0.6781311760366815 0.6787093588853715 0.6465432996098882 0.6562016475701693 0.6497044521818315 0.6460739238627997 0.6893416157222507 0.6978046326837292 0.7247339875303195 0.7252070566323898 0.7363908864018099 0.696667517097783 0.7187424605613922 0.6957203359446006 0.7286551483801047 0.7085892912560586 0.6983428532080637 0.7165812804476187 0.7493515791699493 0.8128561124956325 0.8338564785743279 0.8192213301483033 0.7877140925851142 0.804284926189288 0.8238061751796133 0.8315286916408913 0.7835183176977523 0.8412109572358447 0.8584208242069347
0.6077735252017242 0.6048837672149503 0.630337154496871 0.6279765925995443 0.6246774739024997 0.6288848250027658 0.618704580222657 0.5897419837472035 0.5801469873093523 0.5598653915125026 0.5971957369837114 0.59384042959869 0.5948077523999837 0.6284087983999533 0.6330434583089475 0.6545944840874717 0.6566865724627332 0.6256440989431259 0.6270604256684742 0.6797002150018612 0.7038366099987144 0.7068532182595191 0.6962091073892629 0.7198972186717242 0.7385015095029908 0.7023765030368043 0.6990045411977546 0.6997183827275033 0.6893846209902531 0.7153056557934839 0.7456537401998777 0.7445995211381099 0.7355373185415411 0.803163750634555 0.8396222411625859 0.8213958778606893 0.8156207910174196 0.8549584497986213 0.8287628503088098 0.8484020641162255 0.7972683033417671 0.8648736239851639 0.8614311373272512
0.6300426215987366 0.5856328380216764 0.5765851183020658 0.6134259371724482 0.6131940315693317 0.632237893023258 0.6058713861691616 0.5617158500364898 0.5794466732281702 0.6002742800368976 0.5767430902647198 0.6184027497631771 0.6450231734009871 0.6276284052478942 0.5907520898772571 0.6201976110456621 0.5993131847770805 0.5964575198820308 0.6354680914872028 0.6521317075989967 0.6979027922187155 0.6940838051437602 0.7021293469844919 0.7299163820177796 0.6790099850810282 0.6708516890549768 0.6665871947441007 0.6929175449831764 0.6894464920744705 0.6923163009315522 0.7336435077542381 0.7291777081567965 0.7358243499955724 0.754034608721016 0.807168780030322 0.821874286130231 0.867914124716175 0.8683482824363458 0.8624881399330889 0.8391701173065264 0.8118603203877897 0.830600366189013 0.9163453470309171
0.6516307486511426 0.5827551061883844 0.5582909017531207 0.5720316599101912 0.5837146231201739 0.605007645744719 0.6151274059255608 0.5677225814989855 0.6064672501325233 0.602972754612586 0.6447836003912297 0.6350067602882893 0.6269855979510522 0.6234692468652488 0.6104534254216739 0.5980715300857149 0.6067165286658075 0.5942643718316977 0.6386571301474515 0.634519220649028 0.696562060668135 0.7147200290059043 0.7453377474511182 0.7360980138775765 0.72773655786892 0.7288047082433375 0.6857424124341726 0.725775172345083 0.720615760341138 0.7151377926466851 0.7017947955014475 0.7528306307271991 0.7382005148941315 0.7602002131482137 0.7849502858913494 0.8445896330216396 0.8405766438250483 0.8635524406174264 0.8137623745900534 0.8201474883711856 0.8619915043348766 0.8496943522612866 0.8739196084309825
0.6451634270070634 0.6082602885695942 0.574756094540816 0.5908863093577398 0.6311253118862585 0.5944094748951564 0.5817060678204667 0.589481217616117 0.5685776466781914 0.6198959864487853 0.6552671664492387 0.6248142526462579 0.6470094325301787 0.5831234359339539 0.5673347888080155 0.5602414208031525 0.569159084892933 0.5856619380581946 0.6322624197635597 0.6551766227890493 0.6765194071969116 0.7238929954797162 0.725871971897809 0.7466558986079795 0.7745652321837947 0.7615556604235025 0.6979012037534198 0.7347328145226455 0.7461024773999938 0.7332636996091457 0.7168020795991908 0.7417442223621911 0.7809866222766725 0.7890325975147537 0.7841042035880602 0.7988732764946896 0.8548686509166042 0.8142490627233079 0.8053082800432729 0.8299879007642945 0.8845161055690849 0.8819323208122621 0.8898705498628603
0.6182281799537254 0.6199204652002337 0.6262915750113761 0.5823589115722462 0.6116174102002037 0.5744809885892355 0.5653288813324087 0.6123830632009499 0.6236408738777586 0.6285816497417835 0.6114843558220362 0.6211148267710086 0.621987717795637 0.5913317410415395 0.5782008009810229 0.560188923601005 0.6011806564121485 0.6552526521255126 0.6405520641983817 0.6333476747239054 0.6443008614919017 0.677947672241884 0.7033123871374134 0.7417494011046556 0.7839400732481511 0.7410917297705645 0.7180697929505798 0.7527381229424684 0.7776693845091138 0.7479063535869593 0.7605811507688387 0.7502763131455912 0.756350208308576 0.7771265513398388 0.7808657603333248 0.7950466078377806 0.8334749707858826 0.8021058696380604 0.8036267262283066 0.8627381800384752 0.8853558618619793 0.8795187901648003 0.8799465171026475
0.6333644782211911 0.6064572050700174 0.6208131758123937 0.6188833353786342 0.5774365037704337 0.6112894757266026 0.5931786098689991 0.6341168500120052 0.6611799614271634 0.5956078049254261 0.595795540428398 0.6108018789858174 0.5519564694159451 0.5821295574123457 0.5589188505614681 0.5968171352287889 0.6355074646014119 0.6477951932635031 0.6824451701686614 0.6684174774269935 0.6216673839075908 0.6887120529922076 0.709632841356535 0.7332015531646542 0.8034992774775503 0.7418584690130146 0.7270032658261912 0.7407392089297193 0.7515777223305018 0.7305998497157624 0.7456711395440243 0.7654002658995955 0.7869462350483953 0.7771283077578814 0.8211229096635699 0.8416024015172214 0.8101644952434632 0.8280939688782579 0.8398050287133245 0.8955601480028548 0.9003887287092068 0.9048248590942427 0.9296546404462269
0.5892020625972119 0.6008301335869614 0.5706794486538066 0.5856060745765346 0.5641858902236729 0.5847724619139211 0.6119121790766032 0.632448135506783 0.5991456519740636 0.591799111228373 0.587713652555471 0.5758956292383467 0.5545986900177851 0.6028255977779219 0.5862688312249174 0.6271114242512454 0.6535972786470322 0.6882145956964215 0.6538805571574164 0.6238153863480707 0.636505721552018 0.6480157087255379 0.6645312499019123 0.6858295114709178 0.7496344864198913 0.7649498123388876 0.7376160929518255 0.7552546459615205 0.7451650030801218 0.7381827339896855 0.7691044358183111 0.7377762811911324 0.7730636805634884 0.8363534837015859 0.8208709708763312 0.8420147290339518 0.8401394568971032 0.8207129524870641 0.8762953872917664 0.8772452564073201 0.8904301019741205 0.9106316956047853 0.9257675811185103
0.5553203789472362 0.568924117176198 0.5481630982559001 0.5804548240973084 0.5784564297332893 0.5902472051164348 0.6337561706142122 0.6154396145054128 0.6271726807196559 0.6090026957095955 0.5688668215887104 0.5468154341817449 0.5731700785969795 0.6022257467748177 0.6067288710965877 0.6417587339576204 0.6727041285148514 0.6537926485522443 0.6570501210926758 0.6402822397356884 0.5943116859291462 0.6155884171888386 0.6427277169028881 0.6478411550132093 0.6767361333304711 0.7642589607630917 0.7634510561084535 0.783788468639498 0.8157350593909142 0.7460194240157625 0.7593254533031942 0.7481721814816281 0.7652906550000332 0.8329334286451449 0.8554676633040792 0.8680398866440108 0.8786267723534841 0.8443477741554479 0.8712292126530061 0.850992977428281 0.8697547318568604 0.9058193688131343 0.8838857191970687
0.5502949064196242 0.5799342999165557 0.5426902477072477 0.5870923528543616 0.5609044144606584 0.6103758222632917 0.6147804775214658 0.6265133094924292 0.6492633091581476 0.6146965567175323 0.5895306458863685 0.5685395773063897 0.6007738774997471 0.5616411268638569 0.6095049777348384 0.6024456860475162 0.6285162688597534 0.6694695080520152 0.6637124041344293 0.6379857127734638 0.5966992519168594 0.5950039732518103 0.6321956201317965 0.6550912751432261 0.6896640426823393 0.7327220817714046 0.7436891286208247 0.7885111463447294 0.7987638894463959 0.7859779917221225 0.7919291918785807 0.8156404443069251 0.8242201927737969 0.8335350475410137 0.8517128662697284 0.8121297648912369 0.8480288650696599 0.8200021139216487 0.8439136498801678 0.8689873969141054 0.8523732664726756 0.8740466464779467 0.8655539928471886
0.5761461766253334 0.5652849600871015 0.572708205495203 0.552418563797328 0.5870227141808851 0.6014394279125351 0.5878818282706817 0.6085919994719703 0.6274785644920791 0.637889465985549 0.6229519551457728 0.6020545248101828 0.6015327750880409 0.5666881508000083 0.5836157835421562 0.5861754135930085 0.6500994044424131 0.6685696720076675 0.6705513324703503 0.6337587977672056 0.5897163762569649 0.6505323828709892 0.6686368779837981 0.6526515861289123 0.6782297708530188 0.7492932473308249 0.7523112089756733 0.763838731040182 0.8145123180188228 0.8081750911608451 0.814236499025886 0.7949307847156875 0.802759165217265 0.8046197916744657 0.7958472987709616 0.7874454168009172 0.8380907591397881 0.8312633430756908 0.8007633075353834 0.8581965582754131 0.8214140354596791 0.8594123997407305 0.9183798771646546
0.5370677377744912 0.542731494050263 0.5129637504110603 0.5521474648958201 0.5728571386596496 0.5863290783143353 0.593109575375233 0.6054550474019771 0.622008389869965 0.6051807491131979 0.6010453410092772 0.5855205685802362 0.5644317919760434 0.607181043533933 0.6257308175877357 0.6138483630058053 0.5988339765106278 0.6062602444963995 0.6281829406789748 0.6386088115093798 0.649374541080304 0.6486169737345815 0.6690679849346339 0.6828422139861913 0.6931006217609681 0.7193763419056443 0.7576908421775848 0.7756067660329629 0.7808004475971423 0.8224314842181152 0.8445520907290472 0.8380373081563874 0.8015016891990816 0.792294252947393 0.7620680409054266 0.790615372097373 0.8195931810691532 0.8334166531401882 0.8197709143686459 0.8256786005262914 0.8385657725352871 0.8903183853760431 0.9090035975044884
0.4762990440644617 0.5192909594328133 0.49294467706562817 0.5255102364101594 0.5145420239141623 0.5551768126840904 0.6031675480310437 0.581412436940641 0.5757050286237294 0.5902838786315087 0.5572925319667978 0.5936892801007184 0.5670838772126318 0.6032243513022025 0.6393718278959067 0.6238411095564631 0.5720167488041881 0.5695690426447003 0.628671848482501 0.6097024796893737 0.6397382796581232 0.6507461930081602 0.6454973449325994 0.7082521591016075 0.6971431044953915 0.7385790033666809 0.7995523961042441 0.8223382840482623 0.8085381137389573 0.8194734682499554 0.7981096758537214 0.838739844545621 0.8234900499549968 0.7961599592853886 0.7875309457278845 0.8233148525543393 0.7880322853961922 0.8387901865521142 0.8600767006548873 0.8443878452490217 0.8195161101693648 0.8349793752355582 0.8840712739774131
0.463252261609375 0.49410479541911817 0.5104829811679535 0.490197121734962 0.48577811670385573 0.5476491960033645 0.5671961306288972 0.5621812342304798 0.5533877615929896 0.529467166864577 0.5710355972664997 0.582155016742475 0.5905985303843038 0.6205644010256502 0.6155605431390286 0.6051353008908079 0.587033214284912 0.5519240028801796 0.6112356698315402 0.6175880032224974 0.6331345272954099 0.638764853268845 0.6439894422390628 0.688542924637256 0.680905577274751 0.7654155202557326 0.8206155751449974 0.8298693294564916 0.8197949839355585 0.8610462657670259 0.8344448782922135 0.8774322284670052 0.8727599754100464 0.8589411803885679 0.8140628406015629 0.8207201346038542 0.7828300255888252 0.8275230379411114 0.8825469884213967 0.85345196524356 0.8152333224519893 0.8277277353765347 0.810765697933285
