Raster_benchmarking/DGGS/continuous/raster-21.asc
NCOLS 100
NROWS 100
XLLCORNER 1743149.4638408604
YLLCORNER 5469288.041897941
CELLSIZE 10
NODATA_VALUE -9999
[rows 76 to 94 of 100, columns 43 to 85 of 100]
0.288978983132322 0.24425322547716366 0.1946896608621815 0.17958174559077644 0.14409286939911897 0.1784021372474344 0.18610583029844674 0.16103560473230236 0.16251862317181956 0.18439960110695985 0.17010772308989494 0.1857185538151605 0.1373701739891684 0.17616560414245266 0.21813083789903645 0.21183078986424728 0.22079191937261863 0.2285863770505583 0.2431996933936287 0.25566532088858496 0.24798118372254438 0.2824926646792983 0.2958510019391515 0.3001637749317592 0.29915166069022375 0.27902464874955546 0.2974655219801642 0.29436945405966036 0.2885039697453057 0.30763897410818114 0.30264000604638297 0.30190875580457216 0.28514523121412194 0.25154565551557384 0.23190210776356612 0.24950181170182736 0.2591214259596981 0.2339742413804493 0.24157056828116358 0.22402345555144954 0.20807724742699 0.20291899321839219 0.21659644026037703
0.29810813143705006 0.2326555206549867 0.20134766958093275 0.19304441219411084 0.18723216587287553 0.15845792232178516 0.16102990382683574 0.18133087220785024 0.16490951345763638 0.18407730631424432 0.17905784612881206 0.18992150063942914 0.18123290058080932 0.1845140768638007 0.2073130965955153 0.21934746818457243 0.20259863294475405 0.20693890420611674 0.21775684887018887 0.24984780613583205 0.22014838948373147 0.24615457461717175 0.24785789968977454 0.24944700847385673 0.2751705725653907 0.25634664039638205 0.29130450879832603 0.27521058257424635 0.2804355478708935 0.29392003060899685 0.2946376719789795 0.3101368062301965 0.26676094429381036 0.2821150919595163 0.24519640440435503 0.2823134837862122 0.3067287444698507 0.2755886936818708 0.26073027817607985 0.24704953091187606 0.22354685365443222 0.220017208643487 0.2568674515563353
0.32389863836508354 0.26501787530972537 0.2101056965541248 0.19567871812538318 0.2113897591218101 0.17237399332288644 0.18758397977781005 0.20842905636078338 0.19932560000122201 0.18593259241957175 0.15374587952931967 0.16437830485039615 0.19974720319503345 0.18484348585223923 0.20506886079095005 0.20216949032143847 0.17972235281986287 0.18999615996883276 0.23840611326718572 0.20920833463318886 0.22793207683018923 0.25607280097594465 0.24268086887432813 0.21872620426218709 0.23030262974805432 0.23797700236651284 0.270352126606466 0.2959325575152822 0.2551648183046841 0.30429390344795537 0.2963022584696342 0.26298526886752216 0.2599746339359015 0.24696588529804478 0.2816630321570869 0.30559056131640955 0.3113004357507839 0.30620678538769613 0.2632708837449404 0.23260825688420453 0.23634802102133926 0.21890810002527553 0.24905537908118733
0.32939989645342554 0.26306354497842366 0.23474663902910076 0.22753321208687322 0.20303672248963722 0.2191937378858015 0.18110149970504388 0.17022903739212614 0.15690068788777375 0.17435682055404542 0.1451076359902319 0.14446684437656557 0.16320387757014135 0.19575648356667433 0.16383691562362762 0.16696462161427753 0.17840215908798346 0.181978173277216 0.21449737371468944 0.21920342576264026 0.24140378277075678 0.24318987715052026 0.2637590836633827 0.2336860548512889 0.21116848358364643 0.2620969528835605 0.2577916050726631 0.2953571993989689 0.2832124527283677 0.2760524525796351 0.2761354345646373 0.2703457102664811 0.2553773779799988 0.2617156462593245 0.25951139913473065 0.3033089185730287 0.3303280323729863 0.31614871559217883 0.27790260162176733 0.25242772457325063 0.24544950113317357 0.241168882050922 0.24305938581056882
0.3408418359283667 0.2834716242010759 0.24975864594716593 0.2513446148899811 0.21383402065408755 0.18207604765140267 0.1956697589875146 0.1721014393374752 0.1798669100246491 0.14998525691384318 0.127101111389087 0.13386285094414255 0.1466281538984149 0.1493898365239432 0.13732157597495837 0.14857296453799018 0.16339080598836203 0.18877703232625057 0.22127315679183035 0.23859660755864698 0.22434487339875542 0.21986871484114992 0.24100988637520113 0.2016054377402424 0.20712816934734557 0.24686488984228128 0.25279685313174144 0.29080871207983633 0.31556138835985753 0.33179203819728964 0.3170970307386641 0.27182309842153773 0.23813858066781982 0.24026172252974223 0.26037988339307266 0.27399756816331955 0.32096232206071285 0.3215526088553407 0.3198632031236014 0.27248812845791337 0.2818264806870521 0.27951850599794 0.2724780810103983
0.3142409952102692 0.3291671321546056 0.26504596982043305 0.26250353146223543 0.1999240642610054 0.1982939831708256 0.17645490971733227 0.18588065954396785 0.20302985834147905 0.18490458548828045 0.17470350361688652 0.12680649602131025 0.12307991249852843 0.14890338876306092 0.11041009594306923 0.1435695977006772 0.14293187341139132 0.1501921830776154 0.15337868131804455 0.20170268643601288 0.23654290225802752 0.22115086726758307 0.19675767301303482 0.2171120242021539 0.1912316623712955 0.21930715099030962 0.24051289480308904 0.28428281701898345 0.2898710148757184 0.32500489636637214 0.3136047836124183 0.2782831809173997 0.25195142363008605 0.2716168123465327 0.3047894213076445 0.30852422335861673 0.2869143931341074 0.29499104192808245 0.2799348028569322 0.25828990963094944 0.27007628720943233 0.277292507870703 0.25525338257846897
0.33672936330911213 0.3026131077267867 0.29130552774429536 0.2382359930581537 0.21818952901843536 0.2161526121987552 0.1742535782090101 0.16878653339944075 0.19597733004364243 0.19334778257231186 0.17674517655455055 0.1634697913679209 0.15246237296687645 0.12930056437450313 0.10946222803892372 0.1075281536089067 0.09012630638241763 0.09484678862831415 0.12459151015643363 0.15865957386123708 0.20822174508091118 0.21752722014244094 0.20438545973870356 0.18955420288072522 0.194150971219383 0.21682900084205609 0.24298651713083444 0.25887625505399947 0.3139909009215488 0.29447765896272443 0.2933980754284116 0.2667380415139864 0.3056235518100811 0.3030040022896075 0.2876352076558874 0.282872442304381 0.29078708939904774 0.2836786342141157 0.27156389038081064 0.2713583916933774 0.22254739517315647 0.2521858743703416 0.23401227688784287
0.33027859570939083 0.30601309953696154 0.25093414368682654 0.2389562937938869 0.2122643794484473 0.22252384427418753 0.21436006074537323 0.21700896050861254 0.17220040759464125 0.19265655993825176 0.17334692033280996 0.1509189738827283 0.16732647816575738 0.12682058906334015 0.0959308731055281 0.11542334055518826 0.09735078357177358 0.08713156243340409 0.1366248351402745 0.1406286530585672 0.16261444064924388 0.1686172772645361 0.17751702262312433 0.1919849778681289 0.19348507260128528 0.22478934391887315 0.24529317388188931 0.24566680090345333 0.28956560584955426 0.2647780151005665 0.27575814765653583 0.27544305784565243 0.2565388980552305 0.2829589380192164 0.2991378052475657 0.2884450069564629 0.2698574955044329 0.25582701059829066 0.28141615335948905 0.2680637004614115 0.24078535055023192 0.27246428049764077 0.2632501641551135
0.3133982071015859 0.2990929475177018 0.2563589154399823 0.2692040833454033 0.2659396892144843 0.2620644667431011 0.23567206426781723 0.19651472933282052 0.17610044093714955 0.18917731529770002 0.21530789881110626 0.19763852135801543 0.15862766803497444 0.13786682633775277 0.11250891077955076 0.09532080267886925 0.1032366035615602 0.08835567346096383 0.1106921013485691 0.1375172768201534 0.1550783917824983 0.1606772174638167 0.18265956472887432 0.19939736569545916 0.18370942712111876 0.1964112924348367 0.19922001179265297 0.2515921166266891 0.28103495463561917 0.27021484188767003 0.2564438126130276 0.27165904171414107 0.25216666336925114 0.297944548933123 0.297858625277018 0.2713340295537093 0.2785192216896895 0.24325323806433038 0.24403291562189633 0.2824207895372066 0.2555089339568429 0.29078952170428424 0.3222864683775808
0.3031109269649624 0.3021510085402011 0.2655240676062501 0.27188315287279524 0.26176305211947 0.2649407685398605 0.2454127681142589 0.2237457630944024 0.22161634871335398 0.22165138730624273 0.24751011628376757 0.21728705809985382 0.16633603531389296 0.12253018977453063 0.11896840683034633 0.14655034741350983 0.10913119884640328 0.11779531090488525 0.15967102101903713 0.17151197351223857 0.14758860330382764 0.18725630307213437 0.19533742892289277 0.20376747609089263 0.1927262513008328 0.21864018319015077 0.24131832306885856 0.23348829943904623 0.2426790415350239 0.26845285745450354 0.26922156538060354 0.292410654352047 0.3112819694723613 0.30147829745533705 0.31259400778470475 0.27771878996660365 0.3127294564726535 0.28835241551061547 0.3051777274206836 0.2934757998994669 0.2776540959965887 0.3032176291743295 0.322305955993999
0.2771865761229269 0.3008027723082763 0.2728809660198955 0.2778857026831838 0.3293600497688365 0.3234114376220805 0.30752432677272434 0.24327276325038877 0.22218033474439097 0.22833375946564607 0.23748624122393217 0.20345531380357615 0.16813721531076303 0.12165004417344832 0.12904633643064656 0.17505567452058932 0.16237572723930113 0.17800301721592626 0.18635823669874596 0.1570932615389237 0.16311742411041547 0.1779977803306209 0.16426321928187237 0.21328375166449212 0.20848839221319554 0.24143917985953228 0.23635893251277337 0.22439798301180197 0.2245422250394126 0.25511839323200414 0.2916388530578189 0.29849797694026176 0.3175840227976976 0.3313106475159776 0.2982212877756598 0.3260645280659931 0.3127613910787231 0.3049773818880183 0.31824259967064356 0.3252897182829517 0.3440930489488569 0.32848131985164997 0.3745607454356366
0.3022925825211351 0.30537422633180583 0.32251674570247074 0.334971552190371 0.3461775454206396 0.3016417086211015 0.2896064254743933 0.2595735604168484 0.24717498064510426 0.25988877384367537 0.2254769583464846 0.2113243206493564 0.1860208858832675 0.1543023046826666 0.1625470269187202 0.17109234026379727 0.16850410114587014 0.15932183143645257 0.14937673511948632 0.18899637419008125 0.19210434149659553 0.1781367090378234 0.19150815422312914 0.19286404071924246 0.18932272375616183 0.21147699117484156 0.2173041303022387 0.2393215429267732 0.2491992238426169 0.2887517597447376 0.3159974026015582 0.3391328031940261 0.30499487840226885 0.3331903549496899 0.3413966230934251 0.34543464946547564 0.3597258827288941 0.35382391557136333 0.35354221275363923 0.38729974786668 0.392612495560868 0.3674465134689095 0.39786092514514815
0.31200061989540845 0.3415811265664008 0.33560817955307015 0.3500783301331426 0.3516500118833206 0.3006563918436315 0.29109520241923775 0.2918768867757135 0.2858208347978504 0.28862686881084193 0.27245784921513483 0.2636754968148768 0.22147360861760435 0.188750433880118 0.19300867237459352 0.20185101126776284 0.16469882704761252 0.1424008460493876 0.1544597718757215 0.18061878990448949 0.15719146616346583 0.1888737824865311 0.17824166111731735 0.18032585001114915 0.19096470595866055 0.23644332382858843 0.2454123389495344 0.2434953641331489 0.25121158609472183 0.2954204469481303 0.32216826088591555 0.3100068936409494 0.3290828766050279 0.31923492225205974 0.33633977219614797 0.34912591807917887 0.40711173834759573 0.3823977265619125 0.41164392177326203 0.41656903007976964 0.3968604920275921 0.38132602390733183 0.4091274081806634
0.3533819697851898 0.34678935624270285 0.3820971607255799 0.3816707378089039 0.34852474593565236 0.3224751239026002 0.3216901193034503 0.29439130075324754 0.2923517619341029 0.28619676551855106 0.31079056447035663 0.2915350033400656 0.25064756968419055 0.22699531144340077 0.21378650198501173 0.221388750980128 0.1705938479733492 0.17224932775984964 0.1540512859093887 0.16953641978244455 0.1606382663862056 0.15988921559282965 0.1754476594994095 0.16787068512557476 0.16114666481848514 0.19800377805029082 0.20682765694072078 0.20932582304212854 0.24206896876871328 0.26932371036889563 0.3028420733232844 0.3050912387074742 0.3196130838142749 0.3189698781003092 0.31667808668215514 0.3296052436440994 0.3774218456058351 0.3674145876578886 0.41543889251310895 0.43046187818629544 0.3993933878183721 0.385208276158404 0.3895990546910026
0.4234376896659719 0.393966040608175 0.3928663623729144 0.3930850404398771 0.38255121234044087 0.3558513444807048 0.33546592807735076 0.32864818918384353 0.3594570486740469 0.34013002024647454 0.3081248695125466 0.2885362476578724 0.3042130027113059 0.2670125000808858 0.2504181556167399 0.2489163746601937 0.22397205844969953 0.2024291120206335 0.15785455142158233 0.17092275247003155 0.1585422058335599 0.1582475486069415 0.18160012420559865 0.18757018789689142 0.1683363377311213 0.18127208515854498 0.1578054326898382 0.15376611536344 0.1966737066594863 0.23843084199552678 0.29487113970848416 0.28683467200312024 0.33450838287795653 0.3330903460008265 0.3154726852373127 0.30944679124040747 0.34409653257174483 0.36567142721918444 0.38822558065179813 0.4152080268291697 0.43236556782385727 0.42243359118119195 0.39045244715490746
0.4085820632603054 0.41040330768366556 0.3812035293587462 0.34380527939492067 0.3266666703904524 0.3216927089811391 0.35171089797327204 0.34743616266250077 0.33791631569390773 0.3449434415693526 0.34037870832471007 0.33866820197622666 0.34163457548528625 0.29547993649951537 0.2688987844150367 0.21626606569722123 0.19146264602805135 0.20274315516155528 0.18155427027781457 0.14129227916120643 0.17377654409588508 0.18454462042529185 0.2003764470160603 0.1789593542209515 0.20700095519520303 0.18010856065843459 0.17504908175982944 0.14757084657618164 0.18544855884965183 0.2354231095857235 0.25367651681402803 0.27598087463600596 0.31348912065994927 0.32105934289910076 0.29144495932520753 0.32817130433869 0.3742466102255237 0.3820793206980371 0.38643974836818984 0.42940187293406457 0.4284682169249326 0.3937451371621548 0.4086905815181038
0.45404833739100997 0.4139835179295235 0.38747951780535317 0.33173157998184977 0.2873023238630203 0.3187575982258506 0.34144060216848193 0.33628162624024227 0.38118629017090083 0.367629680893133 0.35224719674294236 0.34571452810771863 0.33009534100892446 0.28824711404039427 0.2692310192080548 0.22086830770871885 0.20607701659987285 0.2105228508407335 0.14868591248707413 0.13144637110140708 0.1434872692123286 0.1344299084217994 0.15725559011268397 0.19349031110407805 0.21256355388986212 0.16898442864202373 0.1761429341437916 0.16011404344646343 0.13664549778087376 0.21213741662168684 0.24003209856715987 0.2797183509292669 0.30777664714570013 0.2916275695655385 0.29231407917158514 0.3070373315929248 0.3637510612904166 0.35371709300533927 0.40220449701462535 0.43779986545007465 0.43835951431056397 0.42319284794434947 0.4057183377639221
0.46994111117586 0.4255345365448913 0.39669686165408263 0.33526944269007053 0.329178374172443 0.3428653401835289 0.3284372998168985 0.3630862465241424 0.35622391620299015 0.34083473173156653 0.35305726945073246 0.30783036163246147 0.29151995840315104 0.2878388453513237 0.2716463311367687 0.22555549985171153 0.21865199234004395 0.22022118792274156 0.19000909377796274 0.17494682420084592 0.18073654077003512 0.14585251463969914 0.15106132776541023 0.18295153204456285 0.21872060528969728 0.20423749902001662 0.1959221094962931 0.15950712234622427 0.1679143148222654 0.18795093412881464 0.2454688949920371 0.2722776193458927 0.3099337658681825 0.2966889013176204 0.3152183558550253 0.3359628017103345 0.32805874485293945 0.35153665478468493 0.3720844031247477 0.39794909360720787 0.4303468277209563 0.41757533830119054 0.42580688652936327
0.45724516384308483 0.448774443393433 0.39204880149166266 0.3816996365473512 0.3544323619174623 0.36580912289305006 0.33692243238453956 0.3326971848023683 0.3354399850436427 0.35654672477560323 0.3263274552706774 0.3122316618670149 0.32002432616754006 0.30487727822319494 0.26218015664680094 0.25413322345280764 0.2162769957365197 0.2236028847643984 0.2322243808121979 0.19502415115909152 0.1691381101614511 0.17335941460276552 0.20896061760541065 0.18867379890765298 0.2003242204772452 0.18088607233518392 0.17682645713932457 0.15071084377875513 0.16194083649987742 0.20340718326541016 0.23631998678846464 0.3033217474123017 0.3375349672225578 0.3115962579560402 0.31081080792452415 0.3101276056106475 0.3244208278679588 0.3768352229739481 0.39617398989688113 0.40558850183458667 0.42728206869234603 0.4029492921783247 0.4395136881322798
