Raster_benchmarking/DGGS/continuous/raster-157.asc
NCOLS 100
NROWS 100
XLLCORNER 1743159.2212578165
YLLCORNER 5469296.128958153
CELLSIZE 10
NODATA_VALUE -9999
[rows 38 to 56 of 100, columns 43 to 85 of 100]
0.6042091207119105 0.5957217092775025 0.5882462612519695 0.5825828077252055 0.6012949386056569 0.5921981974785889 0.5681601153870371 0.5765089663039521 0.5866679250079261 0.6035399571060853 0.5967306187239189 0.605521950375583 0.6062308881002589 0.6143944568460263 0.5967067662517163 0.5957038154078972 0.5709601012215986 0.5561360357794449 0.5545704133048623 0.5696127586108338 0.57137209913024 0.5690501199816869 0.5614489231955362 0.5370041988100904 0.5250794373716142 0.5167697440588446 0.504335644005988 0.5241494042009459 0.5003138508124207 0.48067619809755696 0.4958971140595666 0.5340902759586452 0.49818979123262047 0.478058445730143 0.4634988063955803 0.4169603925710585 0.4173402455832086 0.4235205347778107 0.37427835802885906 0.36282865631292094 0.35726748040614853 0.3712294428311898 0.4201669140287385
0.5752915931170811 0.6004614832848763 0.6054553227776306 0.6112317278722483 0.603232199881819 0.6155336385225556 0.6164363027882724 0.5912015500695547 0.5838336853516743 0.6074005755739871 0.5941246483074942 0.6164637274293308 0.6146116451819704 0.5812233451594104 0.5908298882854565 0.5834017253304438 0.5738528624078141 0.557704709709782 0.5225351764594354 0.5267511945184695 0.5485258312844717 0.5190732560331826 0.5372604002085236 0.5199306036742153 0.5080987690864849 0.5107340563222417 0.502041724502354 0.49973014779052655 0.48085898648262415 0.49082416882297897 0.48057247191853414 0.5025543353666666 0.4879793526904033 0.46993735833807004 0.42980366943713083 0.4070588302555945 0.4337305106408364 0.40469709719253594 0.37292081080913164 0.36050110735475227 0.3402091301802624 0.3874907784684024 0.4031355736703746
0.5783516541337387 0.5614362456437793 0.5874380176689628 0.6019368006614116 0.6250024132810716 0.6214464486089799 0.607073420276874 0.6296076837461635 0.5918837894546075 0.5787832604278519 0.6091595555739597 0.6178462254788611 0.6219700380818644 0.5785652992763212 0.5478503927928193 0.545174383314653 0.5485465207850588 0.535749855821117 0.5251744903278424 0.5050950443499912 0.5344208842784722 0.5069262632936984 0.5281131714171521 0.5132200341420531 0.515235712062232 0.4943932639143544 0.49819580307318306 0.48967003163563305 0.48338973801175567 0.47258176499592897 0.4998080917541994 0.49745915662752055 0.5094587431064997 0.4938532281527832 0.45021032597022476 0.41109249110234825 0.41746092835965765 0.4089228481855256 0.36796213721305876 0.3525398745674164 0.33414510979768464 0.35643940368253996 0.385606126910758
0.5359087997094041 0.5538643426999447 0.5831658397977465 0.606289008994239 0.6150425672515176 0.6137662382712097 0.6026912586426821 0.6181574803900753 0.5909268960331946 0.6026557046418399 0.6089411693966447 0.5950461902483845 0.5979016328884942 0.5522125576157482 0.5483836806376797 0.5302134200334915 0.5232087400593997 0.5361240615198392 0.5207501319610873 0.5128922704115587 0.523915687458108 0.5036202787326788 0.4877203431746632 0.4929259699889201 0.48558384107214525 0.4636395591437887 0.4743004426581225 0.4955733954260609 0.46310148225888115 0.47733765408891365 0.46211514217489796 0.48108848030029827 0.4799557323179828 0.44790259914367003 0.4257237477832985 0.41412402866812953 0.42130811833740006 0.37935047180129006 0.3877795741412266 0.3380732245360455 0.3387182195616901 0.327576289165934 0.3408354208677699
0.5285111953010783 0.5459414672420027 0.5766051790793173 0.5946740310083038 0.5805129468122219 0.617919912044787 0.5835975426265955 0.5868155733296737 0.5882476979218949 0.6077173686858511 0.6155138228314236 0.603187167642657 0.598794124368261 0.5606857744300814 0.556765888690035 0.5419290199229908 0.5311299334655976 0.5423367040978229 0.5254288171103901 0.5238909628665769 0.5018094643250947 0.5107438494188014 0.47889204355815157 0.49581347339857496 0.4967923510177875 0.4808339879153331 0.48670208236099693 0.5023356538044829 0.502975163985852 0.4641933677437923 0.44755591210295925 0.4428308929278344 0.43809261614541684 0.44406063926525313 0.4383389322464426 0.40837947357534277 0.3790740867366147 0.3849208906954326 0.3714021451727907 0.35933895235829955 0.3586004902972237 0.3261945841131599 0.3415539640625677
0.5324675905731243 0.5428501629571324 0.5472154514834269 0.5754245591436297 0.5724163061280337 0.569541567162378 0.5868634873635226 0.6015069475691832 0.6204327935422335 0.6222109815305228 0.619454044411771 0.626082285925661 0.5971085952843264 0.5783215816022111 0.5577011039060539 0.5502345594124584 0.5237880741074017 0.5154499955328634 0.5011607165570725 0.5177281913450981 0.5186910333835284 0.4901463466573572 0.5058481667086451 0.4896677457006742 0.490721208573264 0.4769468741625042 0.4679905717430449 0.5008742160939643 0.498875238544047 0.45530755370006276 0.45106028375105817 0.4493369358696706 0.44145115505532606 0.4107653371937485 0.40967277933444946 0.361087615625873 0.37393626606669933 0.3909134344963958 0.3502997783710348 0.3321247592305283 0.3328529783032738 0.3170858930790436 0.30781580505895634
0.564398125589296 0.5516127107697912 0.5699109682174713 0.5595621790413016 0.5831000834983191 0.5717828498541421 0.5836648155025906 0.5840535112662574 0.59701690550903 0.6242175735909222 0.6370472697602821 0.6457620168347705 0.6112993552338843 0.546161031071298 0.5380223295800479 0.510245174856248 0.5094592573597401 0.49256788344620134 0.469102756836591 0.478217267105606 0.4811203385244069 0.47519815142026645 0.4971717328750591 0.4944609351782533 0.48467896801104804 0.4710669817497131 0.47457569161663393 0.5003027894752952 0.47423835588848395 0.48555345088151597 0.4304618422288564 0.43409782519801515 0.41909645485627683 0.41310339544379204 0.3809407186932453 0.33314555214428626 0.3383723646499851 0.37233215918579055 0.36858403002423457 0.36478380557313667 0.3398746342716656 0.3179771656900657 0.32988722745184434
0.5768840308094692 0.5726664391562932 0.5702857886309154 0.5764311669627867 0.554073580009132 0.5635432443921445 0.5815309199774342 0.5886960885079947 0.6039875438461413 0.606753785930932 0.6074088403386668 0.5984900988132269 0.585686397972852 0.5364331783051951 0.5213993162022516 0.5066965305787344 0.5109690646083825 0.5137220481606137 0.49132417438910825 0.5064844290910449 0.49620169635244954 0.4898404613138277 0.4647995170483452 0.49264970721053386 0.48052700838361945 0.47340451168303166 0.4593230338263881 0.4800497594014821 0.4618850397185118 0.447915321334334 0.4099923722642322 0.38559759407603594 0.3966205751691389 0.36363412573067266 0.3383713897540422 0.3308383965055726 0.33202642094350937 0.35763588368426524 0.34013740625580907 0.31829955613062005 0.33090772006845 0.3164881495230189 0.3018525617516902
0.5865304337888908 0.5461550485285348 0.5739097713793526 0.5574260159181681 0.5531041397721775 0.5654704889028929 0.5534774775871271 0.5738916649029271 0.5756746297452803 0.6213044011529086 0.628506615235836 0.6182459987196877 0.5900535172522587 0.55267101466162 0.5324001126533019 0.5582622719935335 0.5528059540999415 0.5298305400399268 0.5062187692379743 0.503638406712682 0.4742599104449374 0.45013663450600616 0.443887980319414 0.48186260871742814 0.45840811862753217 0.478294609583859 0.46441023597869713 0.4522863091659043 0.45574792697748806 0.4162889721817673 0.39871103790070994 0.3625899824799143 0.36153391025943943 0.3632901243943249 0.31741185426775553 0.29579210375048226 0.2972533870351544 0.34423342409701857 0.3310468647852125 0.2868443034840919 0.3165157057174751 0.3132971241731186 0.28794413209437353
0.559509307143105 0.5625169390652067 0.5677447719426157 0.5922529736578103 0.5645380691850306 0.5675076908701786 0.5755634058381811 0.5805783497814705 0.5580573009254441 0.5680846667262504 0.5906783141494777 0.5739128259221973 0.5908090927733813 0.5643471045536619 0.5509095843973699 0.5711846648736775 0.5717367641645215 0.53704661463843 0.5034521875063849 0.5105758093003633 0.46446766413955803 0.45640836022728226 0.4534397706398104 0.46683432329427516 0.4615665404839614 0.45073505518855206 0.441471812209453 0.4215523266901631 0.4151377959213635 0.3882186462023683 0.35208636991890185 0.37086715319896846 0.3678184690215868 0.3629088133368411 0.3434512821147225 0.2908553579434976 0.29019625128509213 0.3046906086561257 0.2720442240614827 0.27102842858966836 0.28093986344948174 0.3062808160648349 0.28153823494827096
0.5295613181927638 0.5259583534071849 0.5633421099059709 0.5933340053040668 0.5810150058305292 0.5657964202265663 0.5575366835837916 0.541946780010012 0.5734569593291359 0.5640558409612451 0.5662573560060629 0.5697595693708458 0.5762323640315113 0.5570553010670481 0.5580591114271759 0.5964425378502998 0.5715758358792015 0.5348571702676815 0.5123004765113014 0.512314246855762 0.47757872747132085 0.4208690751527625 0.42879421791694255 0.4306636515000611 0.4367851316078088 0.40610753077398026 0.40806394636421006 0.3730515150562227 0.38071603839927315 0.34248005939761306 0.33704449044921214 0.3632764658298939 0.3410332878641682 0.3499029597878168 0.32887677193828513 0.27936332426581606 0.25835266798507006 0.2724112834621218 0.2709769856710547 0.25642196677829704 0.28586846220099177 0.2663748440085354 0.27556107171232597
0.5481277430647613 0.5211306388221788 0.5383859477805305 0.5413623709764618 0.5600163329957876 0.5241106916811991 0.5291233975619791 0.5539399928948756 0.5641907534262502 0.5763269231851069 0.5620746453341953 0.5643948839797474 0.5868480598948058 0.5868469671421459 0.5987336855293083 0.5566311048696645 0.5512228943371926 0.5362021336101791 0.5204563992552949 0.4860351712881408 0.4450919524026324 0.42823335662217216 0.44047536433948725 0.4227402037888226 0.4234648368461857 0.40033842295943867 0.4069177841238869 0.3833709897243123 0.3698180425845352 0.3441581837143272 0.356758243777796 0.3567330292271814 0.36034583117083363 0.32447948091558876 0.29770174226786034 0.2662912902999066 0.2757336353048774 0.28323160404403236 0.26274997396056526 0.2746872778354738 0.25642946992015075 0.2516213892398502 0.25700319267366367
0.5163307136223447 0.5360308118657128 0.5227886832162496 0.5532026147632434 0.5370338427592274 0.5225684109317731 0.529402483616885 0.5354144642560884 0.5352360232574668 0.5461702476831619 0.5691611937473552 0.6032618440519044 0.6008580257661833 0.6059599821360587 0.570884927916874 0.5582994910263047 0.5362482335988066 0.49619303285852906 0.5044219849282852 0.5007056968457783 0.4640123862936419 0.4309163053068491 0.4395927454972152 0.432330191387526 0.3930428235305728 0.39547495371590446 0.4026135398283555 0.40552195807658326 0.35545491022852027 0.3527134217053654 0.35565530467517453 0.3646275662912646 0.33975507636418617 0.34919432327956174 0.32472800383580025 0.2966076314618548 0.31168204317349085 0.3179811358426618 0.2659816808360036 0.25207874439091194 0.25913176325910103 0.25455408436356636 0.2601871139271323
0.5349075091543396 0.568532415624279 0.5486010989076544 0.5370811827258135 0.5490137817972363 0.517516433314783 0.5380452268669835 0.4961996428592585 0.498865926133946 0.5344357538520494 0.5767682293689791 0.5914902761004552 0.6045940141534698 0.5659189176727978 0.5543463290819999 0.5263194186680327 0.5169265050634065 0.4901170752376594 0.5070403002136851 0.501359372941335 0.45073052465112795 0.43635869628631085 0.4389015122068558 0.4087987491091262 0.4068164562223523 0.4170391009483808 0.4076655251820162 0.4185362563639965 0.3694846244405556 0.35409964468760086 0.3748262228795105 0.3621017493533791 0.3620106563276923 0.3582155831580118 0.3574911287708509 0.3216688400794777 0.33880110641187633 0.35121001228956195 0.29818602191974275 0.29230995220216477 0.2584592138987114 0.25739258936010484 0.2567020265825024
0.5303342875229083 0.5838231914842525 0.5516512855485666 0.5750407769288465 0.5471534787623697 0.534514927073738 0.5101643718372484 0.4755012578473401 0.47682367076181276 0.502692000470209 0.5354259507667942 0.593275387245151 0.5740096208846911 0.5620258926488787 0.5656663231560345 0.5482292487073628 0.4997224557431053 0.49698575303886877 0.5030485532959709 0.47229013471026826 0.4719363152973375 0.4402663670152469 0.4375594390301379 0.43417864195813843 0.4182641782076407 0.38212569359367154 0.37795790805204815 0.40923127733168385 0.3611095497216177 0.3707625063089674 0.3567764372300437 0.3321146673047072 0.3716804849628737 0.3936204163011529 0.3651681306424284 0.3674398592611368 0.3743553999643255 0.3683237589871088 0.3257256196376645 0.30129552532519727 0.30533697186687325 0.2632759427362589 0.23581240371035178
0.540054040657188 0.5765644621020422 0.5599162517300383 0.5359705191441788 0.5268468918040687 0.5122366386017455 0.5207282050063841 0.4980452671085561 0.48146066601965654 0.5030152960604892 0.5180527489737146 0.5385450980970826 0.5353609164967609 0.5239243923268911 0.515629038330386 0.5455853807665039 0.5180339805851607 0.48634122759315523 0.4526371254338267 0.4450229818116215 0.47152215442747736 0.4543883479093618 0.4587308893844527 0.4408059262889625 0.4113199144864626 0.36505784295510174 0.3708125409576675 0.3982931074638411 0.38176721762208593 0.389963446657482 0.3684609237001451 0.3866497825449349 0.37868407322696046 0.40407455832473244 0.376334249793853 0.36049157765036877 0.39225956059540784 0.34707952277749554 0.3468312765794214 0.3146282864076708 0.3201658571252105 0.2780136922838628 0.283158502990694
0.5093352694363372 0.5382743688785313 0.5372479480094451 0.5394458809434751 0.5347768469970253 0.5248499983313014 0.49441269779225905 0.4987064118112375 0.48301769851499043 0.5217164173392669 0.4775174113056734 0.4844161053920631 0.4796439072076854 0.49726402311111423 0.49086569086043375 0.5187873233827953 0.5075879098866447 0.48857638430815387 0.4660359436375457 0.43497023427877973 0.4335861975588878 0.45773474624630495 0.44846189523043706 0.42803533938791605 0.4018760053764201 0.3621866534059733 0.3804554545381054 0.41431122309860435 0.3853331043576876 0.3969302937120912 0.3854712929377157 0.41003475719702054 0.39804933959501093 0.40159642732564965 0.39217741911792964 0.3874271716996255 0.40804989287457205 0.3653588296765731 0.3268831821993627 0.3163161811526205 0.34258233566508334 0.31683634349377887 0.3154084921854764
0.4832603950839855 0.48037123770717804 0.4970240508173361 0.525391369893512 0.5236593682323777 0.5084369236624653 0.4847653838591217 0.4916710962004149 0.47812294872059136 0.5071653705713816 0.47161511525426514 0.46803831700366083 0.48641162444251196 0.5044203247862523 0.5038705694293504 0.5206854848279237 0.47556793021789084 0.462906272614615 0.4463670097163673 0.4590684607087796 0.440983225942321 0.43166530709232287 0.42392453783263495 0.4011504269660765 0.40317279371219983 0.3669102775099075 0.37000059452722545 0.3867939318069599 0.38773082523689095 0.3864012860011615 0.3982298221262214 0.3989730794928836 0.39366252577760996 0.395792019208298 0.40308064799212623 0.3889444036829413 0.4022397983849064 0.3804280735629815 0.3509217310516145 0.35044024036113175 0.329841888133585 0.2988652217402566 0.298196222990164
0.4458329247014265 0.481544114408113 0.4811811272808307 0.48298039035388834 0.4901170450212454 0.463306632008353 0.4662203186473171 0.4314367612907723 0.47296925086746927 0.4702288330335692 0.45453300034062644 0.45890940043640793 0.4812016561367766 0.4642164363599014 0.4674840976538824 0.5140867703757354 0.46772965159410057 0.4502475148534661 0.4520044512253183 0.4300376523423374 0.4313499306736495 0.4225353663755422 0.39237345519550804 0.3787717190364012 0.40139569700502187 0.403361890664741 0.3485506466292267 0.34638964422728163 0.3523436257789873 0.37826813448193086 0.4160627386817147 0.42695601239228625 0.4161770762058082 0.4068651972766746 0.4271624942840114 0.4300721588038876 0.4039932013954739 0.381364873072755 0.36992232966028527 0.3313019912437687 0.3263658505796842 0.29325997826249145 0.2954731740451968
