Raster_benchmarking/DGGS/continuous/raster-54.asc
NCOLS 100
NROWS 100
XLLCORNER 1743161.0632630745
YLLCORNER 5469285.544066044
CELLSIZE 10
NODATA_VALUE -9999
[rows 57 to 75 of 100, columns 42 to 83 of 100]
0.09387853730461111 0.09171890126265875 0.1163756779717355 0.12329510902061541 0.10752380403194492 0.11457945667941602 0.11704866001805894 0.11821287129193421 0.1574796532837621 0.15229585965571465 0.16759217671585003 0.17058237201305915 0.17618338550666424 0.21227182120723456 0.19515490221743917 0.25173655410837437 0.3004273830971162 0.2709684987102841 0.2820286837647385 0.29514637485427286 0.33793142621686817 0.338537601329453 0.30719047610872785 0.3362523751352847 0.3461904727566255 0.34965532138494704 0.3534804430695773 0.3365850746709879 0.3041893848616045 0.30116680019738773 0.3237372666956195 0.3431500432578385 0.32511781689178154 0.3010616718073866 0.3239751840547427 0.31590426824702916 0.34325758942089013 0.3225053696361754 0.35415943620620716 0.37054485439593593 0.3828914159521965 0.41446293687523567
0.07527268036876739 0.0912094669038925 0.09336317616537242 0.10443620350942655 0.12754163478149474 0.11165845993143973 0.10819400736869039 0.13316176207959315 0.18064006276013805 0.21241965873139804 0.2221417954257692 0.2117118184734549 0.2026157803648969 0.21484874542665586 0.2566858203159438 0.2638490218601196 0.28766663797480513 0.3224754396683531 0.3165628867386135 0.36514088267973516 0.35799941198951885 0.3586008548363996 0.34729004793170426 0.3595256112227911 0.37179326491963727 0.3519211935716934 0.3152158406875673 0.3272794289240832 0.31863556776247093 0.3461400008304624 0.35976798516616726 0.32955973740422956 0.3491011249243731 0.33726689679064564 0.3582119386727311 0.34203564528893077 0.37319213488090297 0.38068417942163774 0.36061738412526473 0.368655757150435 0.3952231478623363 0.40834484449736275
0.06896992669684537 0.09813820625794345 0.05749402770795805 0.08663924839345229 0.10284998634471779 0.13741989943405952 0.13519528180537968 0.17693609231605442 0.18609012292372118 0.24421509591473528 0.25155727671797007 0.2681923510057916 0.2669279153124568 0.2786689082956202 0.29128508504081635 0.29815329342360936 0.3145098350600724 0.34164811285146324 0.37951417620576056 0.38894069777810136 0.37024161026062036 0.3769357393027752 0.38363405325470473 0.37864803198520575 0.3695767444633346 0.3494788289875393 0.301922633710901 0.3454317320838595 0.351610859502052 0.3284420160046949 0.34506627142584245 0.35428663192863064 0.36810073943752647 0.38848296895316675 0.3750696063933207 0.36632489772452065 0.37991649395247973 0.3895481442844038 0.35352195278048526 0.3493674372960756 0.37927985774826634 0.4450742279448644
0.1116997704162802 0.0913531585508423 0.12140998908923684 0.12121990138810004 0.09946965523489677 0.13857843301435255 0.13413480836666805 0.18425756945162214 0.20275829528028744 0.24249975218600586 0.261858246526034 0.2626058015213486 0.3015820627122113 0.31729724479661225 0.3422535777263501 0.31508002290543363 0.35308683772701144 0.3741675373643832 0.39384659998356636 0.35083913286341495 0.3666343667789229 0.3724007276179394 0.37764282081267453 0.3418502744317926 0.36512405735703707 0.3604952157433613 0.36753657513809296 0.3507393361850474 0.3635746910943332 0.35357849126032137 0.3695267754667226 0.38732473000905226 0.3985167464074287 0.3775450467695354 0.38354837011741194 0.369153479976032 0.3413864775583783 0.35835210670518786 0.36220482206865867 0.37265328099264805 0.39213549607810194 0.4644127273075276
0.13790452147887583 0.13398717560982246 0.12580705588967137 0.12616244342919508 0.12852874260967456 0.1663317154711347 0.15013582603077083 0.16888052568807427 0.22663772683763142 0.24084090427155944 0.3010423222922888 0.27904074242333265 0.2712762704507877 0.30956424221559115 0.34956845774313305 0.3554388789256557 0.36985963330417465 0.3703617169397279 0.38341875719544094 0.37406988217492126 0.345804655447481 0.3756010045668776 0.33365970298001957 0.37232353859899786 0.36870264042526846 0.3417259090045203 0.375539752853077 0.36018632331803113 0.35421804567441584 0.33834603005696423 0.3721807783662891 0.3938427905000022 0.41313038721780926 0.39655986357751755 0.3599218221361305 0.38177677344057864 0.3519690273142292 0.3559837221568361 0.38689527175622923 0.406187786444739 0.44739719188492877 0.47573324161688396
0.12151287352593272 0.14292037188027465 0.1328242581456433 0.14468425395152382 0.1603560055350209 0.17346267329408177 0.19424869466563277 0.19123822730069268 0.20959046379181445 0.24449968531847383 0.29979344499557753 0.30356369524128696 0.26776183183334473 0.3082051087782363 0.3356471908581219 0.38316267186617853 0.37437346263539834 0.40232545923752666 0.3988945854512885 0.34880683193628864 0.35016260696560614 0.36465864595957176 0.34778220079397476 0.3534005074002264 0.34399966161459233 0.35169234799640864 0.38499361003059984 0.40097143798396745 0.4059749996181286 0.36616463262849624 0.40282154151934363 0.41669174806565756 0.41968995949329413 0.4269712594981689 0.3888831339461264 0.37296270056766473 0.3680869400450429 0.371084169770496 0.41229115549145784 0.41490135243466303 0.45831407959881587 0.5088457806414007
0.11463018972075782 0.11063621703590286 0.11696290535999121 0.1545264463926915 0.19640802676469632 0.20513737157978898 0.25032659961069426 0.22622480403323986 0.21878641059057255 0.23882042821116792 0.30517660000740227 0.2862134946876847 0.2787225625163897 0.33058334437851405 0.3580714008699262 0.39121952077226535 0.3868356529475729 0.3884887585725301 0.38381697477117405 0.35630002403023836 0.36965778811877603 0.3680962128084804 0.34265596309152174 0.3441977001266768 0.334263094004674 0.3424096096101337 0.40006890344273177 0.3941243483859651 0.42490561299860247 0.3969518596390287 0.40680774650613866 0.40255125659400937 0.4376310483563981 0.42142238627945466 0.4038744737997986 0.4204632812696735 0.3925178635207001 0.42058336487143233 0.4083783142969322 0.4611847488654249 0.48928573684557014 0.5263125769019557
0.13077468940167833 0.13725368807807448 0.17903580049260726 0.19288375569488117 0.2142857044796094 0.21077227204949134 0.2008512979166494 0.22557325603603595 0.22475825078861747 0.2695420660645813 0.26827918882150364 0.28898080677542454 0.2881862677818822 0.2960305370594309 0.32821698133919225 0.34185115517595177 0.3746425110854607 0.38483840004820813 0.35733672658963345 0.38706407012899874 0.3853543162019196 0.3441360746924174 0.34681563078162686 0.3484281050013067 0.3549201349451826 0.3522895764102466 0.3861326212196584 0.3842638322683383 0.42361360175625573 0.4365267601496208 0.41685652029690706 0.42821955698477643 0.4263814211269348 0.43872467845103164 0.4428603785611021 0.4367129575311572 0.4154954967264315 0.4216437221693917 0.46272158953767095 0.4627586187019826 0.5128008217534467 0.5359856662283466
0.17518566719501114 0.16773949341650476 0.185318810095313 0.19456861381157733 0.21164098734144832 0.2077740352013621 0.18968552374150668 0.21483197255039002 0.23769842869042362 0.2959809433584826 0.3045121216683184 0.28610005931003335 0.3189605924174464 0.31049119090991756 0.309723750006306 0.32230573064596696 0.3791110254772531 0.3757362809384465 0.3549432648195984 0.3982700089826606 0.39523416314754706 0.34705363395746414 0.3283600403704042 0.3686705418429702 0.35584920687345384 0.36433083464098404 0.3811757231404843 0.40689830331541627 0.4109912276795022 0.4485996812919196 0.4173154691070475 0.417605497722695 0.4495462848566534 0.46895186886255524 0.478967200269983 0.4908528207825836 0.4704830997182652 0.43480370926898754 0.46319129498629374 0.4852222266693406 0.524975652274709 0.5806678630296875
0.17483928723729594 0.21851406854164104 0.20939628894732099 0.19508728240064735 0.18183260252057554 0.2105461167061242 0.19766703492390275 0.19934929564847612 0.22634668655216336 0.29773237478734516 0.28681011247216753 0.27668589168601965 0.2923534686564906 0.2872821398748122 0.2921208147845559 0.341939039286997 0.3781489510634843 0.36602120577591307 0.37950150865272386 0.3838861558130107 0.3886943435506025 0.38876658429282634 0.3527034781418749 0.3636846993636519 0.3913063176952545 0.3970602328365152 0.4202350020616029 0.3949983393946473 0.4035487051557891 0.45168079968166835 0.4601398877992848 0.435648633882279 0.46684127945608017 0.45144838735149295 0.4681729386306715 0.4964602603211084 0.4908016400093897 0.46695346005440985 0.48965000920488994 0.5391231139251216 0.5814065510070159 0.5899823969879434
0.2152039290134671 0.22357441814737614 0.21228065093399687 0.1753353415423428 0.1829445886441993 0.19194580775101777 0.19684295670425114 0.195753018411226 0.2653047107923248 0.2846904298999859 0.29617223487705596 0.30009103437431844 0.2785755780280001 0.28255353397417293 0.2625349516190011 0.33342421163302277 0.33821863778715755 0.3409816898182617 0.3644105706038883 0.3821492652577383 0.380961291523085 0.38891859957759056 0.3735912736872871 0.38597023177894696 0.3929955277456329 0.425896342304153 0.44510213063739124 0.39811707558837334 0.40426020240675753 0.46706322694907393 0.4783390582571215 0.4687122448408653 0.4692180103747988 0.4823587523800708 0.4749188574901724 0.4724472144312044 0.4818674839973767 0.49369272707819933 0.5479609088128125 0.5494863934191341 0.5847191527238236 0.5749039995670961
0.2252028750256709 0.18991301045934647 0.19094291192559518 0.16897223285946955 0.15571681508077503 0.1594681991934712 0.16969758523245007 0.20488867938760566 0.2562428260488088 0.2675027760948063 0.2671806072380906 0.27866610622080523 0.3048685273472216 0.2749585215161782 0.27402159315671687 0.30714830783775693 0.301228559034138 0.32177400211313234 0.3462537574417347 0.3530046135946106 0.38135033410665387 0.38327854169938236 0.3940710116666653 0.3824565286918198 0.4143053247061188 0.4345275017635223 0.40864426608570953 0.43129651049997714 0.4577788118983386 0.46236982448370445 0.4676769192721515 0.4858867663437582 0.45902660570224807 0.44465192989076124 0.4554143748582455 0.4547338343068347 0.5063727692358923 0.5102439725945823 0.5071155225120865 0.5229925060657502 0.5424378315478833 0.5708052774019792
0.2218113971677804 0.21307933294729833 0.18044450812601953 0.18956185264270276 0.1779082770469368 0.16585123150535613 0.1726927311754788 0.19892659002643862 0.22792515828732435 0.2341052306101405 0.24523586982205794 0.26373060155667083 0.30023459490157955 0.2940083797598021 0.30757508488832835 0.2988283410883626 0.3050947584901188 0.33811117546552033 0.3535468140428754 0.3592967981457594 0.3412638646553745 0.34980516514649057 0.4125051929805162 0.43228917926016963 0.43122374573587874 0.43505532147292375 0.41461648251296257 0.4351615859579725 0.44416971225828333 0.4454820059483923 0.4496207362440004 0.4511906267309226 0.4599943876711061 0.4330502793539585 0.44866865180035026 0.44147259228247293 0.4831704989726071 0.5130029151674077 0.48610991411200155 0.5196153807024371 0.5423447262123732 0.5589471940852397
0.20695106119034234 0.20452602621334515 0.2094207705817308 0.20724407466355635 0.16727118064625926 0.17163136072544413 0.17062152482335158 0.20125653431688015 0.23994783420601418 0.24400511054024 0.250860347336555 0.25793986759532306 0.29474106906743563 0.32330669951757507 0.31445897258307703 0.3095964074729477 0.3144555033086531 0.3154558592794725 0.3061921676269567 0.31752298403690044 0.3207455588975549 0.35558676354282936 0.40218457795060275 0.42446958050774014 0.43073320183546987 0.4331615401187235 0.4015568212723674 0.4184121499450511 0.4351265574653888 0.45367955592037246 0.44062005760438827 0.46383920545208623 0.47438658495894714 0.46603035630984113 0.47736535671766944 0.4677507421140751 0.493105520849578 0.4981552699484229 0.49052104923506623 0.5136995103302587 0.5281869795320899 0.5834555670173976
0.21077493311904097 0.21454059083377838 0.23426292811373717 0.20690139123694395 0.18090584898820447 0.18033677134576362 0.21976532458059583 0.22470688615545117 0.21601768222993026 0.247894805453376 0.25719244857894175 0.2609021424459718 0.3017206515616363 0.32152682089252516 0.30425887402393886 0.32040650262365933 0.3134310495613139 0.33253359088519485 0.31144992188186765 0.34395572185306766 0.3296863548199546 0.3797571624930752 0.39288943475929894 0.4338037155951915 0.4377724826279598 0.43944406629898725 0.39690708099252264 0.4453167457866441 0.41515511518713794 0.4734748104977609 0.4856228984590637 0.4829337522519607 0.4662580797716304 0.4781650982927944 0.4786261493085495 0.48762353143875914 0.4745288015332595 0.5027891181455295 0.5200851146007999 0.5617708248201512 0.5438619314079468 0.6021804654364619
0.22024133918337496 0.22747010349945931 0.22546683135781054 0.2479796486221093 0.23331316944565017 0.20586245661526972 0.21826576079858603 0.26793294777324944 0.2498591162174981 0.2916843625408083 0.3027731703561675 0.28298054679753376 0.2973522065138633 0.2964859775904242 0.3233409809828992 0.3348360775423896 0.3484072447963278 0.32188829582455475 0.30887705512577857 0.32597085449904595 0.38249664798043415 0.408367161880854 0.39753621549643503 0.44903336958752527 0.42880513722379543 0.43707160241770704 0.4306420680316295 0.4664522438350229 0.4584670048422982 0.5065424591726423 0.5009145111251001 0.503202257941023 0.487442439306028 0.4863592936342363 0.5080389955522778 0.49409487458795875 0.5155830864678566 0.5436039022923466 0.5388079833255365 0.5892900257257445 0.6044737958187504 0.6364389661980863
0.2656226552948295 0.27351775654352023 0.2742325553368876 0.2361811589140769 0.21214984908833223 0.22070539172632228 0.2660659103469841 0.28499287531423784 0.29631138204532537 0.286652908610381 0.3085719275136014 0.2833712849078401 0.2957460473952754 0.3042915147882073 0.2955448199114358 0.322905376756448 0.3507613384602064 0.34804461739482645 0.3446999358638106 0.33858368224066054 0.39997834266257865 0.40686917529828576 0.4348710605570107 0.4569807877962672 0.44990943493954744 0.49393840255915905 0.5006419544275066 0.5131274119139364 0.4924017773663711 0.5460246698775489 0.5650545334351226 0.5292518249510965 0.5150229639294845 0.5333104608704727 0.4985306837934631 0.5071896910379402 0.5321883407392011 0.5883134191120309 0.5817681619292719 0.6124727520004486 0.6246299703428084 0.6476215800888333
0.27329228911203646 0.29420090176472036 0.2683765944459955 0.24497240937196338 0.21477448711157962 0.23690666896268794 0.2516053867826459 0.2752025272595072 0.29056778654766924 0.30549874143151723 0.3365895120481078 0.33373518418781234 0.29089521200621027 0.30342391952010206 0.33922015613478856 0.3602791848772728 0.3820410712658797 0.3845335617689932 0.3504047390040808 0.37163058080984473 0.40351616005379415 0.40548795530364495 0.4181167633294275 0.45580208903852165 0.4723358606410623 0.49688483632655395 0.5105079930919748 0.5073373284436125 0.5192256651300985 0.5397017621837936 0.5626194813156269 0.5922462364098543 0.545842299682846 0.552983119897619 0.5841561480658741 0.5761141297119731 0.6142189468620199 0.6222146449368454 0.6312922923115897 0.6530800940527741 0.6903377701803562 0.7096161807095899
0.30326618851066506 0.30178419370184406 0.3176490420848933 0.28202296092406953 0.2185422176907755 0.24959111845725138 0.22670358403251323 0.24787843729338588 0.2588442497395144 0.3083541849027895 0.350783404515626 0.32290872088292577 0.3138700626867222 0.33826885448554306 0.3927216218885486 0.40015730113478404 0.37517887418313906 0.3769644452841686 0.39318912264431777 0.4090286897689971 0.4066725845484258 0.42044330271807445 0.4712426017250499 0.49885987808726767 0.5237845546998668 0.5117879106692421 0.530160620305577 0.5430291648742699 0.5391531925736645 0.5576611857490232 0.6136010831040134 0.6357538702569817 0.6182704763614225 0.6347396362954068 0.616678994322117 0.606838429892455 0.6321114285440781 0.6510736775522412 0.6470059197941979 0.6555025784453307 0.6904280353123322 0.729447287085565
