Raster_benchmarking/DGGS/continuous/raster-223.asc
NCOLS 100
NROWS 100
XLLCORNER 1743160.272808321
YLLCORNER 5469282.770531479
CELLSIZE 10
NODATA_VALUE -9999
[rows 19 to 37 of 100, columns 43 to 85 of 100]
0.8752058378335715 0.8585754675731858 0.8536018472290271 0.8249746273837142 0.8085087738099772 0.7771893041103518 0.7182871871525631 0.7019136044663556 0.6967995162223625 0.648326855934989 0.6785252330293294 0.6577865263531364 0.6356969658994546 0.6109850316393215 0.605974903905704 0.5859379209718163 0.5567817419200887 0.5833034537517059 0.5705183874001041 0.514319589979176 0.4903984873962336 0.442400987017406 0.44547341808970675 0.4088391330920859 0.39586575776282984 0.404281110508885 0.40079404803668683 0.38953701885934305 0.3846255940263137 0.3577895988876761 0.3475695101285471 0.34960687079341696 0.33763466574611567 0.30273323397263063 0.3180864665189546 0.3225086154998979 0.30487136781356694 0.322085010192944 0.34138921104941217 0.31637287514349777 0.3190554695335719 0.332626909526959 0.35333213983481365
0.9109837393179178 0.9108453902960658 0.862775828603484 0.8342284099954514 0.8230707107081795 0.762969598289603 0.7367451192662526 0.7279708211341527 0.6879373130551113 0.6861704596261082 0.6812297423838928 0.6688435169352517 0.669895134330345 0.6537071135522471 0.6223770163810753 0.6141082242996686 0.5728806855016568 0.5431761551578279 0.5260420851758947 0.5310495617321419 0.4989834576478784 0.4493885949124449 0.4372520086326463 0.45398955200663077 0.4203589289356373 0.40088397552339317 0.41960480011364787 0.4331066903372785 0.40862760218865596 0.3767767543370003 0.3702216327186437 0.3355160699760554 0.3314274868242858 0.2874198357167926 0.30152504460374735 0.32765585751522097 0.31421692716483346 0.30739066583191915 0.3103804057959522 0.30993780857085573 0.33396068185528044 0.3502825405382283 0.3671975918268066
0.8813974902998611 0.9245305706155903 0.8942406740635005 0.8813111595577162 0.8406053423807646 0.8040830581526722 0.7705857475185549 0.718758756215474 0.7008312373890115 0.6551124053581271 0.6645353334126616 0.6892009452385925 0.6739010827146752 0.6566965040427958 0.6607627794432009 0.6288164482151136 0.5779392827823259 0.5503217563645617 0.5273509849859609 0.5449038708676054 0.5307785412046191 0.478495264319427 0.4675375943501891 0.46047973795819735 0.4378269844187714 0.4223779648609449 0.4372991557837482 0.4533268950079625 0.4026085188349424 0.39151290897771107 0.3668728701945908 0.30786334651979536 0.3148581373195877 0.282880368400298 0.3237755913407396 0.3202254356851516 0.3210346079493884 0.29493701711895304 0.3092430193493389 0.363361334901936 0.3677127267019909 0.37162531053724807 0.37852725264982756
0.8562267135873649 0.8764434002852758 0.8689543803614543 0.8633718598712019 0.8116870777786377 0.7916968828163556 0.7863512188777722 0.7501896173274774 0.7129048447390943 0.6842112783301979 0.6881878802244061 0.6660888154762805 0.6687959649622268 0.6569617282179898 0.6488105653852262 0.6470061366968346 0.5949072792579014 0.5845282294911878 0.5451766968149889 0.5181808013663638 0.5115141040179596 0.47870822708418315 0.46830391393499177 0.46007570717400964 0.46108940029910334 0.47778588707342123 0.46565433145857027 0.44791769477704413 0.4181256591309386 0.4082804765133116 0.3619508375353199 0.33632369306925025 0.2798621399293543 0.2896376413968338 0.30472801020805235 0.30991300700178753 0.3185012379769996 0.31355306450347986 0.3335188686562888 0.3596689056504945 0.34611849164777375 0.35549042907016787 0.3568616139279247
0.8240889320891308 0.8151553972248314 0.8249952211251852 0.8240251302481261 0.8000169153873293 0.8046085428470245 0.792804752908252 0.7447678570032764 0.6909101884042177 0.6739869967385191 0.7125584261888789 0.7018850858095284 0.6717617152321805 0.685738601299586 0.6987947282761743 0.6773125199705278 0.632016275878311 0.59312345320349 0.5815058167938237 0.5406621977361628 0.5157828372037645 0.5294264642753175 0.4901153738758541 0.45987249014919995 0.47084357732431215 0.48357256463292386 0.4594618505682756 0.4648259732478973 0.42420444163405874 0.39550982595612827 0.38309745749690777 0.3244102600602178 0.30047942215422613 0.2836297400836397 0.28805603486080295 0.31814389894844036 0.2994163679422957 0.31124325241856393 0.30734534417707193 0.3490540672105653 0.34255059475230104 0.33894136988647267 0.3286223861834669
0.8013225201611973 0.8177258322191983 0.7936474125269336 0.8095741972779414 0.7710120957293544 0.774700528877072 0.7617438568518116 0.7285590932927792 0.7132678780588169 0.7176302315903184 0.7201879194778394 0.6973464437622787 0.698765238067816 0.6975723765738902 0.7084408353442109 0.6689345497233926 0.6526148965484408 0.6376567975886512 0.590651296688098 0.5803218863271588 0.5379171033619746 0.5183998310987977 0.5086411384124527 0.467418389038759 0.48585776510335954 0.5071277344234044 0.48844838931653733 0.4455653258563488 0.43259364643758125 0.41089117903419037 0.3632765626325841 0.3593897978222186 0.3298740719810866 0.3050714129832749 0.3264673711954523 0.3452860653239858 0.2975078753318038 0.3064930898430504 0.3125306212252199 0.34417415637721843 0.34097253495792607 0.3266303854352546 0.345469477393227
0.7986330504005575 0.8140367788536161 0.8177267124629246 0.791331923812589 0.7736875960287862 0.7502165240922647 0.7719771116564498 0.7550221884257097 0.729670020667376 0.7108600015719305 0.71250465567989 0.7155925014450505 0.6902646911758772 0.6879910525267339 0.6856024446279638 0.6999182619721819 0.660552440544987 0.683374824079917 0.6337185601219475 0.5965257780291601 0.5786921709458717 0.5124822867023299 0.521914569392925 0.48612986630562455 0.4960745087672871 0.524643274609758 0.47904025290289726 0.4571697786886021 0.43871548612739897 0.39708145743910767 0.3866937690109068 0.34801525416297213 0.31956177978000333 0.33663589010968303 0.34570441408128344 0.35580393586341447 0.31233330037832713 0.2715888985979262 0.29458653722647443 0.3615303020368651 0.3579330249076344 0.347998926003216 0.32513791014657883
0.799976724330011 0.7816800468388154 0.7850791176908779 0.7956017898309405 0.7881375532033242 0.7534594772149309 0.7435076661183597 0.761248325023318 0.7454975786905266 0.7246602287963928 0.7184751401817111 0.7259276477527172 0.7326604560685572 0.724810926705311 0.6863715780338333 0.7037328366318968 0.6789779012502288 0.6703458122142132 0.6720972439517255 0.6400288538480021 0.5832274516744247 0.525391489874757 0.5202032739187242 0.5068546001412649 0.5210005722711905 0.5022189551061567 0.49879993685039326 0.4893417851254931 0.4555635980382148 0.41326425147291 0.3848326391246155 0.36714197649019886 0.3479234258909336 0.3249577123014154 0.36376741353562414 0.33129795235875875 0.31692792542996445 0.3039666100589745 0.3217977520305708 0.3513073232520388 0.3286781586005404 0.3377436090551295 0.3312702138649195
0.7919633281648644 0.7960897019019398 0.7786940299056145 0.7877897668286302 0.7976590193673877 0.7881700935638752 0.7612060671317886 0.7164032496880736 0.7495242935674857 0.7331563316184778 0.7410441800493355 0.7161745403578225 0.7276312500816018 0.7211888420975624 0.7120537959574124 0.6927412583409259 0.6777828644598224 0.7130113952887898 0.663073400985954 0.6436839793747476 0.5824554335848159 0.5304082011113885 0.5473826861560985 0.5384492523927908 0.5262740226714682 0.49448512236001274 0.48141823139521794 0.48007756523308337 0.4303290501403534 0.41971799947935645 0.41465451893847927 0.3659754010098271 0.35061639722640614 0.32526869285844295 0.3536749325383558 0.35267017338516127 0.35931960688212206 0.3365470486712873 0.33662034680149916 0.32853465195187204 0.3420586831763661 0.35638092788798803 0.32870693108402876
0.837381212809901 0.8409795621915129 0.8136705427722708 0.8050252074240751 0.771363117867693 0.7771817918032092 0.7702777905290352 0.7397502480410583 0.7437835313922417 0.7249484315610716 0.73005070239131 0.7239952938717265 0.7119421240116265 0.7223321048927276 0.6827655815501114 0.6978387108476359 0.7123531156611385 0.7268564666786497 0.6953829506019132 0.6513465828650685 0.6293899485698976 0.587850512092987 0.5683858212377771 0.5707863883864158 0.546405843431063 0.5174999726095412 0.5038543662979849 0.45541636194699736 0.4471953983149551 0.4112964797851567 0.3987755357056496 0.35340886494693396 0.3334539723359561 0.3449675463482603 0.35420938533535995 0.382070566703706 0.36459103504252616 0.3349346324683447 0.34018410201017907 0.3294649945037923 0.3003354306274119 0.32885722008655194 0.30617089358960237
0.8567865743351343 0.8597306730925353 0.8233337573243004 0.7749660777420248 0.7701887855971695 0.7511380288782651 0.7662680424074144 0.7420061681107418 0.7688941471756523 0.7377893375927039 0.7441466813583345 0.7140939520300466 0.7371950622481427 0.715143630185194 0.6983749002970191 0.6909392677703519 0.7151442147584505 0.743977364482945 0.7177163142807541 0.6834077689436694 0.6495638043539902 0.5764319759620947 0.6037564837740373 0.5722717533532691 0.5743534413985762 0.5573649685138965 0.5130640355194371 0.4737695174796092 0.44934422001793084 0.38197561675885655 0.37453121594349553 0.3672803060687908 0.33794133118820147 0.3471674745286654 0.36346996012738797 0.377124644944459 0.35943069743215855 0.34213763891499793 0.3058912687948614 0.3053252621710662 0.2870274239772288 0.2967909815297956 0.31669493975484647
0.8437874951152782 0.8229244589768057 0.8172703310558992 0.7794019403057851 0.7788495208305197 0.790026781650838 0.7729000328014747 0.7904837238554756 0.7878764648394244 0.7601280666900885 0.7553500587997294 0.7576882811825196 0.752420292448437 0.7139473815081815 0.7246946874342621 0.6869514210053055 0.7017601558119477 0.695329531697242 0.7081044461306606 0.6762060482545853 0.6568939021337894 0.6073192906535141 0.611601057974361 0.5877052924952846 0.5698996510148171 0.5722867139529627 0.5489630230841661 0.4979739090587054 0.45100901264912735 0.395368251339586 0.3900197228745828 0.38190278245001386 0.3626215022047137 0.34292191250423276 0.33132423460633775 0.33053335416946694 0.34534464420684147 0.33599720900119867 0.29046453922123455 0.2666135942470684 0.28817492515939436 0.28725801875740475 0.27577650013687505
0.8510421566882039 0.856604532394592 0.8213963624203423 0.8350553436642619 0.8180969212481617 0.8386922138608605 0.8226224539778233 0.8179916366368226 0.7879796539459664 0.7770608355087935 0.7673574895159655 0.762226722134693 0.7619785901875037 0.7405860916974921 0.7179852954307983 0.6882942190859015 0.6861233059201456 0.6870202913476783 0.6796885163287106 0.688367263825731 0.6809441686282739 0.6464990164754374 0.5970899264218776 0.5994122735051942 0.5847553155444806 0.593712970725442 0.5407584013760252 0.5140406817309191 0.4661401451912258 0.4396415538145064 0.4039418321608027 0.3567333921731311 0.3295284966190924 0.327820735045855 0.3160938652829277 0.3452181071255589 0.32598466045555374 0.33692879990212676 0.30211208386982513 0.25480684280584953 0.2596156102866573 0.2861579268503239 0.29603428096111045
0.8314272660954041 0.8570798413273396 0.8348266677491538 0.8345055738052101 0.8368005024344116 0.8179363016058354 0.7931980742825735 0.789743014160999 0.8147392623780702 0.8086828154669442 0.7889183912632103 0.7617361492373421 0.7433306454767078 0.7350815552682927 0.7344673604848291 0.7178818593288514 0.6920028634154635 0.6900899789012714 0.6861918397676693 0.6922561001041526 0.6738155468504464 0.6621634670582055 0.6126660408549119 0.6005624437678224 0.6091121198440866 0.5988888978544469 0.5595204191409068 0.5312898692177126 0.4667667592842386 0.4375495992719423 0.3958492133311946 0.37100772124546966 0.3360762220433557 0.32537747201359335 0.33760700169718405 0.3420320485039438 0.3308006669834564 0.32048462867668914 0.2812899008307436 0.23508093598972735 0.26487285415681117 0.2509069241548013 0.28803111148022426
0.8193467928303869 0.8359119980605445 0.809242604976849 0.7865441262288244 0.8192112949069047 0.8101958909815754 0.7993639105909016 0.783613644184846 0.7875990512563881 0.8370829677029521 0.804652540864601 0.7997647511234691 0.7433950950739565 0.7314435152700177 0.7141901818655899 0.6996376824037042 0.6757432994400034 0.6957495277879202 0.7114515413622478 0.6919999287985712 0.6858567396220436 0.6771708408956234 0.6242210793546873 0.6171688646602114 0.5845104864043619 0.5706834735463711 0.5718080278993438 0.5395199562438312 0.461759869499051 0.4467625317121541 0.42360104127575926 0.37415963265468694 0.3410635771880891 0.31401958552281967 0.3583436800089333 0.3418312905603533 0.2983271277009393 0.26075040861699983 0.2692455935778956 0.22531698172767659 0.2413765513412915 0.23350047792852383 0.24956246787951147
0.829043435170168 0.8329234523578178 0.789161964536549 0.7850052002219864 0.8212606686297479 0.7993524082644792 0.8031502491268848 0.8066088903646983 0.794484467012534 0.8126671178773037 0.8409725280673421 0.8059872029065076 0.7659631622725496 0.7236119437873867 0.7053329675897682 0.687971551402841 0.7037547334883469 0.7104980709506683 0.6821751641590914 0.6849265615397712 0.6549752288183122 0.6147979113110554 0.6120266665547587 0.5790327195399363 0.5730210067525622 0.5464382896416401 0.5304368281287668 0.513057294737798 0.44452692051243553 0.43082231787101394 0.39531085241846897 0.36952970911667415 0.36921746850725556 0.35140051602361083 0.36231787885666444 0.31645607532574954 0.31223217681025234 0.27809251419914194 0.2622270997051273 0.26424185856851135 0.2623217587846502 0.2671497195264053 0.26072139649989695
0.8064590257560965 0.8073144962730555 0.7819418924205578 0.7948480795160194 0.8240456267539056 0.8373700380146042 0.8375897855080334 0.814307951145663 0.8315603056425112 0.8206040039630955 0.8454626665223046 0.82285584126172 0.8024211300461093 0.7565081664120749 0.7243117642404527 0.7078916513237563 0.71431789498779 0.7047361817620624 0.6904421547181749 0.6694939635799593 0.6272109493659501 0.5986101915860218 0.5929852770043935 0.5855999844216013 0.5497207482936164 0.49381714204170024 0.4904648238351921 0.4801174378929819 0.4485308919474555 0.3905049502828402 0.38937449893036497 0.3705296114165147 0.3654620409802333 0.3727862133776365 0.33740920722283524 0.33473320336903917 0.3280059346513159 0.33480996984687944 0.3208736218426046 0.2819799117498211 0.27979942921368883 0.2989640560914566 0.28949324831231327
0.7917361951948805 0.7712068714892588 0.7720552886559624 0.7981001594678344 0.8032564163083049 0.7977114935943979 0.8162424791013998 0.7998388623994279 0.8241490156527506 0.826499366416033 0.8150705154207099 0.790891567614954 0.7834163198928827 0.7961760709893408 0.7745968507028473 0.7379622189422115 0.7322819100227616 0.7352975070693396 0.7057172809362502 0.6607953396223234 0.5947163595730811 0.5831869292966531 0.5629754565827428 0.5552375977781129 0.5171314287221186 0.47599697206103925 0.4538349768463136 0.44212498887669616 0.4070547577050384 0.3949354710409464 0.3657637379370262 0.3768799649208107 0.38235720756971986 0.3774933731948516 0.3611833580959345 0.3275264877486123 0.35207760513185005 0.32544192533008887 0.3160087720454009 0.28589351731013024 0.30713812288395276 0.31831128127082847 0.2788253333886155
0.8043219824373842 0.7687124934128395 0.8015674971332192 0.78887289769912 0.8058115745873682 0.7878297070269974 0.825208290909553 0.8062653411029382 0.8338860102990758 0.8242994516174935 0.7940282494191094 0.816463514869888 0.7938183342171946 0.8031042520247936 0.7648420902418093 0.7761302564589375 0.7367386892245924 0.7454970164155573 0.7064352210692372 0.644757223141671 0.5883774976244752 0.5468240158661841 0.5242970844448719 0.5133856879534909 0.5050378694690065 0.4443666522145512 0.433006122964005 0.41694750697724514 0.4127078717098139 0.38704345474719987 0.3734111619502948 0.37363531490648144 0.3624441128004792 0.3471632741730516 0.34776952841412173 0.33300342064577076 0.32645875398629615 0.34473136435283946 0.3358407810989496 0.3047680428026752 0.28665565847205177 0.30063217774991907 0.2480143634381636
