Raster_benchmarking/DGGS/continuous/raster-172.asc
NCOLS 100
NROWS 100
XLLCORNER 1743152.534660058
YLLCORNER 5469281.6092779795
CELLSIZE 10
NODATA_VALUE -9999
[rows 0 to 18 of 100, columns 0 to 42 of 100]
0.20378187237405337 0.19220318923602528 0.19993228183767386 0.2350279029955261 0.20656109662217645 0.20868436858551956 0.23503365011476923 0.2111582658069847 0.23222870474058097 0.2728608567368219 0.29306503656682387 0.2786539192566882 0.27866740480688607 0.3490032724607358 0.354250895379984 0.31857604187503824 0.30359260472143673 0.3423429598609729 0.40111158175491196 0.3748533452344715 0.3607371928885115 0.4057992671358879 0.4414426037467056 0.42078499439442885 0.4309141106004611 0.5028376258507062 0.5027230814559271 0.5357830475194084 0.5444616483346428 0.52273236613709 0.5543927932998683 0.5354352549279657 0.5116100033481658 0.5163223341930803 0.47125046274847643 0.4719220804111131 0.4931650564428483 0.5359634891978527 0.5320809379575402 0.4904033035969139 0.5452979705527156 0.5427375149114194 0.5658237793840815
0.20486694513327 0.1910993569895578 0.19719963169508203 0.20763765709361764 0.2391892373660771 0.22030255433479706 0.21260489782437822 0.20877074326821882 0.2188033750285018 0.2878485393133257 0.3237267520971047 0.3026475848311743 0.314072093129427 0.3125455252518131 0.38984106409242064 0.3531504055975674 0.3193051735765331 0.34254484496164533 0.37395900065342663 0.3353692031539021 0.3748279317677764 0.4107966673571485 0.44420664451088643 0.3858759179393442 0.4004226989507709 0.4751582410740996 0.49754131243758154 0.5098302199302686 0.492710155002392 0.5336531339532852 0.5439949553432598 0.5422927078562066 0.527917668149132 0.5131164109120023 0.44789855669453255 0.47393920458672784 0.47576801670664304 0.4831044463392454 0.4540687691420636 0.5132906664896373 0.4997722374784151 0.5344596294069865 0.48095517428196666
0.21112562519912312 0.22705352582094493 0.2212373096837046 0.24287795335866932 0.22605570940410788 0.21381594677173796 0.24573283160873527 0.20785056415070435 0.22077665292116874 0.3042636646132152 0.282319480087426 0.2863547663293498 0.27370061587635075 0.30508551864590583 0.35648232170420896 0.3390874629739943 0.2970109001128823 0.3368241111683049 0.3305504138559248 0.34320124688463116 0.32686565880248125 0.35494406230337555 0.3933050282495798 0.37888363908004474 0.36503250081096933 0.4130330140635298 0.4029565991228128 0.4556244824824658 0.42979156054788187 0.4695357808873491 0.4842566205233875 0.5375472937733909 0.5199977393807577 0.49189893455813544 0.4609430012320971 0.4488702322557121 0.46386441508054915 0.4343878643867548 0.4647666262770534 0.49482193330073443 0.5021455878284954 0.49809701506859866 0.49213448013830446
0.24502420980841266 0.2647502224769927 0.26301106145908737 0.25229430013347004 0.23020548714476136 0.2581312612918874 0.25040007626705363 0.25181528395556463 0.24208896796911536 0.3101351288426205 0.3222304621530232 0.27480665795486553 0.2963059426235746 0.272540563801494 0.27764252750606677 0.31909665884897515 0.3120243501176924 0.32526372939497294 0.2821079412190957 0.2786867050265433 0.3235417473552162 0.3208300532813232 0.2795554802859 0.3258489570155289 0.32378166199261765 0.37645365059875524 0.3691008187482438 0.4032549534898817 0.4246278907024027 0.4158698184260223 0.4980467200533664 0.47266484563384287 0.4837739599080677 0.47141935089638853 0.46879051141515043 0.44795955584752356 0.37614731223578146 0.3935662348024493 0.4297226099909982 0.4484695405774433 0.5037310894044583 0.5325160266032639 0.5455711713082116
0.2372626945872367 0.22650853828647174 0.22772342979749732 0.23032097669894097 0.24468472497274396 0.2518170518417975 0.28275081296610904 0.2314198268724838 0.27298237757520866 0.27770281550180564 0.2651694385078044 0.2669596431556415 0.25598418411140456 0.2293836860702676 0.2599555008656679 0.2857816548163068 0.25051766694808725 0.24472389631075178 0.24134544467552543 0.2532464658176037 0.2944373032274862 0.26523605010051193 0.22331296333691503 0.2410505864003683 0.2527933969812167 0.33787746998096835 0.36705336374352204 0.37904902796748385 0.3600392800619677 0.39372059067553017 0.4133081185569363 0.4321255306886322 0.4832040777204491 0.4470364344404481 0.43398594229817883 0.4251609538098215 0.3735809969729952 0.3972835703657374 0.41064669206796095 0.4570286260755272 0.49688942551143644 0.5190815893690631 0.545476276838061
0.25697534833080987 0.20650620219248986 0.18280173531361507 0.20914961883027525 0.24851328545537338 0.27983661915002395 0.2817315759501488 0.24283264537014823 0.23954474907281675 0.23246414788925315 0.285962578883401 0.20866928653039737 0.20326438526685695 0.21862361490864618 0.21781577389329 0.2328215147751144 0.2650780452055692 0.2514227377849571 0.23953507356943501 0.22344808516484455 0.2225225067190039 0.25264208497227647 0.2234949420750753 0.20573681110188438 0.2310099205994818 0.27150792439045884 0.32543789885153074 0.3662068896978969 0.3547545672760423 0.41199887959309706 0.4029459883470689 0.4561562943189763 0.4595701169435113 0.44847409734204724 0.410871764125949 0.39117783821519486 0.36725465204071034 0.3695468508837032 0.38140522442172725 0.43224037731212606 0.43411130454834945 0.4997335604995144 0.48490139769915336
0.28082379604529734 0.2670400093229807 0.22516402447487943 0.22104104041801495 0.2647266287971229 0.2846086181025597 0.2578452475660089 0.2781175134262332 0.2733436794576229 0.2273503952731636 0.23515964649192256 0.19848130993927807 0.2008681235146494 0.23355573444977568 0.204737915381998 0.20625321580720715 0.21116833378779584 0.2256864365957822 0.23018137488466825 0.17038916540474142 0.20409826790832888 0.22381681960506225 0.20039055129097283 0.21510539487121708 0.21943178029170296 0.23235252150652555 0.30759761587113643 0.30810962476452386 0.3390394790757148 0.407686660197731 0.4378515505451589 0.4655811202332829 0.4828761676356624 0.45491671020365404 0.4146724959585623 0.36920610634204254 0.385235315109636 0.36287981143605813 0.39559195721784296 0.40324780193331744 0.44099686289653767 0.4575938575881558 0.4983729380091478
0.29461840804462286 0.26070565825950304 0.276381006965976 0.2596884822402503 0.2677865666551744 0.24485600269506835 0.2507836351313245 0.22857043474014302 0.2508017299493528 0.264707300702456 0.23699010545400231 0.21448359466447678 0.1890230078059787 0.23446102981028535 0.21218576949954993 0.17616874050193995 0.14943764996453515 0.18312856219728102 0.17106448700033983 0.17999718462402695 0.1748825657901742 0.23021106103450162 0.24195210090018482 0.2332664831721611 0.21301160759581744 0.1977188178153547 0.24596794451084297 0.3294414482461017 0.3834181098483193 0.40662165161849423 0.4599725797184916 0.4266738740393643 0.4555367072917803 0.4358845190422056 0.37347677129373075 0.3766562430006227 0.39809461994260525 0.40302858370776834 0.3987911447101513 0.4011653681155832 0.4517552505442949 0.48917268766596445 0.5288685244455674
0.32057271072577 0.3277738760100885 0.31084049127974495 0.29747538699368165 0.2723824508993815 0.30216807280868707 0.26773387858699593 0.261366946773322 0.2590889531474818 0.27142469642525324 0.23524065040529824 0.2097527178676 0.2150620580893817 0.19704469138014014 0.1911243026211772 0.15028508236318788 0.15503364084597115 0.14874752603387117 0.14415015180321455 0.19151737337968122 0.22501885156588922 0.1879971377087477 0.17577827563893436 0.1894009906231394 0.19931487261770423 0.20157572827003298 0.2568979200346307 0.27137096792261495 0.36584345843483174 0.4111340037597936 0.4455896281092203 0.40700503129994847 0.4471030230117463 0.39534726969118084 0.3650000871450013 0.3682662565061725 0.3728986645073751 0.371493477648686 0.416420081782381 0.4583591216277619 0.434226827467625 0.4572286215291268 0.5085942752668117
0.3374243892876232 0.3300518364220059 0.2855220653159378 0.3260706670624392 0.33806088855202093 0.2916900671794971 0.27743393651770365 0.28973710244263196 0.2706901521202726 0.23035313786521056 0.20709333020658757 0.2120318091737833 0.16749217620447188 0.1677785622184986 0.1519018447422617 0.1617024822326736 0.10980618100413722 0.16839919761051064 0.18784193568280833 0.1716041999033486 0.2305964962909507 0.19957422031746525 0.18080060884784488 0.20532518165032115 0.169310526291151 0.21095418817120765 0.234431836521284 0.2625001661154128 0.3166860495941953 0.35577463233872114 0.395621400149227 0.38730585160447484 0.40885347085213947 0.3817121097234485 0.4049244080579019 0.4021450944152645 0.4194656475514756 0.4289998928670833 0.3770158450786213 0.4351504291587152 0.4875358940023465 0.4862355572651579 0.47111285490795685
0.3556404971707229 0.32479323299181106 0.3285614833430086 0.3076676442028403 0.3458157188178477 0.30322809397994605 0.29708195978638885 0.23340463524017024 0.23792965576550665 0.25595763228681817 0.2410537162032288 0.17209463060534386 0.14351519464122078 0.16000443090297012 0.18678551181938213 0.16866806341570784 0.11826254828306616 0.1601778686660566 0.15617692615116918 0.18885156932296082 0.1910638292472655 0.23076218611598046 0.22799555603880256 0.20771926100356639 0.2025343605216103 0.20709016628885918 0.2348866395737502 0.24925579657886646 0.33812926219028283 0.33405373412746847 0.36902916025011145 0.4108317714162332 0.4347754944524027 0.39714968891358227 0.4012314192821482 0.3899608468706674 0.44236525819923933 0.44860477057902504 0.450291895073003 0.42331575395117027 0.4786028091024492 0.4769566056513063 0.4336158973573707
0.4091414096276354 0.40010955414156046 0.3517768411338404 0.34128417770223 0.33864894995621336 0.3253281133083752 0.25126929290715616 0.2572184018019155 0.22629123407896468 0.24702321409970296 0.2336627527517943 0.19949675861223443 0.16645679621552115 0.1996213947036434 0.16778209586028117 0.18604552394509788 0.1580768141817821 0.18802477822822525 0.17556107370380558 0.23147735382977613 0.20499409225891463 0.2243056337437401 0.23329182023741635 0.2307458085792489 0.1581922581253275 0.1952651026018296 0.22162221307785543 0.2713766037200753 0.33987914596906715 0.3666459657455946 0.36517910129057457 0.36915533869057204 0.4293284681699635 0.3956035065473346 0.39895908042655315 0.39010217726584223 0.41684085420472683 0.47075825123267906 0.47535891544081615 0.45378800804224045 0.4472614479876685 0.42926267532391527 0.4300272780350856
0.4478130354265583 0.4138890887989249 0.39083163506003976 0.33961272746806864 0.30458717724192835 0.31190841903305316 0.29294241501304163 0.2787000018103547 0.25816859359663674 0.257943158195557 0.22363537378644807 0.212689830534156 0.2244092870975254 0.1907320882327925 0.16230851633213986 0.15839163297919598 0.1840801251869743 0.1953244171704674 0.2067344879664659 0.23101253263518515 0.232251360220921 0.2052857863749101 0.23807103357750398 0.2069109451274883 0.18692341533522783 0.18200897438585892 0.19016460835388643 0.2722420657157385 0.32487492375290106 0.3073464907889157 0.34935894999060535 0.39595237028368463 0.4268270953019123 0.4146349198272785 0.4594936234722954 0.45109201838903895 0.47106543484807273 0.4865158041775428 0.49176049342589917 0.5388734512824181 0.49213295358942927 0.48224283684864394 0.4593809439673676
0.4809025829848565 0.43558100636904384 0.3650371363518932 0.31191429663557496 0.292431726204292 0.2870887265303932 0.25589140984130154 0.28484867319137286 0.27344466709273796 0.26800729311352267 0.2667404961295379 0.24523941716815037 0.23040440604022214 0.188027118712662 0.12482871394644716 0.13540419043539198 0.1460461335431964 0.20366830716117273 0.1990390236581854 0.21010849166800158 0.22991827749890556 0.19731802837671025 0.22238869117812896 0.22728849602600973 0.24400126213901024 0.1817756910839374 0.19168225041574474 0.2598585536140548 0.2909403175972804 0.2933074302376339 0.3299413772279548 0.3759134077900434 0.4456746541208572 0.4189616845464053 0.48917765951229175 0.4735866603530528 0.4914623070157052 0.514939963062856 0.5834615592719992 0.5642131910777038 0.5587991680296557 0.5208022189245883 0.5229020681830487
0.4555938276836229 0.43809537114612607 0.4079403782613518 0.33280255858507923 0.325217825140147 0.26089964327742965 0.27525201923663156 0.2552749272700405 0.24313072776007857 0.2669736162834402 0.28105531790481325 0.24542106980249037 0.20846543864350536 0.16096910462626723 0.11072431765375877 0.10904929336993578 0.132092346787728 0.1625252386985295 0.19571489192427657 0.2503090625534812 0.20476961407701086 0.23501246124239675 0.24039459212104203 0.22130178869968112 0.24575063253152699 0.23111394928028636 0.2515666731019427 0.2703156383707786 0.27238431380301154 0.33857480325675443 0.357808704618079 0.39400806458086113 0.3871941714996809 0.41683535799026544 0.44202041330798536 0.4889768167673016 0.48340534345879066 0.5195927871051539 0.5337859852739023 0.519763211151935 0.4882735287114833 0.5074740768892858 0.503434963780615
0.46603188108704 0.4362626750742889 0.37395799027305476 0.31671592710245894 0.35098079259313864 0.274446723829399 0.26672108476546413 0.22240929652544547 0.22362672220984423 0.21750079970366976 0.24333253518758596 0.2617637238877237 0.18305195999090657 0.14752795635630264 0.10547122145616895 0.1345243120738071 0.15509538820475605 0.18309163253072525 0.2301175386654516 0.22822431629546455 0.22443559259495505 0.24187905440524107 0.19668678880381008 0.22635809719201705 0.2556542652402633 0.25229065085464425 0.21576764414056432 0.23238020939422482 0.2766300217388852 0.313252529497353 0.34066415283865803 0.35162497331511716 0.36027244265918495 0.39967396949122136 0.3843847762205684 0.4520335033719332 0.4797753417979016 0.5331327733969027 0.5553214694402542 0.5334733517469447 0.4796351590563213 0.47034219627847734 0.4663319953614859
0.46029928148266575 0.4211507899018969 0.40127342318198833 0.32472788887749154 0.27371145210823195 0.26443371215664024 0.22097609506194196 0.23602004886808622 0.23177199396296835 0.24013178606407834 0.2897304911021164 0.2700928386506609 0.24306966744899608 0.17063936071305458 0.12811173469443765 0.10914399421379614 0.13008000814666643 0.14521891458792063 0.18989218956030005 0.23140529916845443 0.2381350903936327 0.22311351612899932 0.23517292706766738 0.21452008717370535 0.25669211145752574 0.24674659272509444 0.2652524670509022 0.289230531796793 0.26150230463489205 0.299468602621411 0.31460352829466814 0.33892175882094827 0.36316917066354604 0.38181779547302164 0.41074202592134795 0.41291601081469176 0.47709865204666163 0.5171991509205047 0.5186047116180219 0.5311274164270667 0.5056721799285911 0.49518149403933603 0.48268299850805957
0.43722390395623395 0.403742977368216 0.36590372776826396 0.32098894672086337 0.2577924581738237 0.2677664250791498 0.21545380281696327 0.22025880193164465 0.2460597276774448 0.25516786860764584 0.3061114542402737 0.2726774472077074 0.22946727914619666 0.16129819047197722 0.1361914065897971 0.1477372351889953 0.12347838398129146 0.1754238319629898 0.15895963111207856 0.2266709079233363 0.22932636514913946 0.2482504025541302 0.1922600408808857 0.26499666089182083 0.23507153621964577 0.29722056632366856 0.32484635327831735 0.3210513012821358 0.277340687701729 0.2854260177390576 0.3209061882054543 0.3061731596668758 0.337208249036178 0.35441306659201904 0.40114265166586904 0.4546697647627888 0.48000855723260283 0.48511009082946205 0.5568545265422397 0.5575329024225261 0.5545874018298822 0.5254181611059754 0.45984417921563003
0.42902920064092576 0.3801644863966351 0.3471478534148438 0.3252901789306391 0.27441537201617944 0.24633523895376783 0.22016613955757466 0.27987549977435916 0.286684661834689 0.2690801187593959 0.2925821099750844 0.23395347903417546 0.19352165672654176 0.17625550385222585 0.18129252123547757 0.17147974399365049 0.15462023140777334 0.20708648322956297 0.19371262874790662 0.26023578349017223 0.24964245917105837 0.2781440416691203 0.26302491171403614 0.3029817404955297 0.30792142055140515 0.30465897195453195 0.3394795079455565 0.30506944879505155 0.30170257567267067 0.32852422504619727 0.3501348059852306 0.33507714144236045 0.36481354870602667 0.40254473963042503 0.43773541116557235 0.4331501947648398 0.4448436264143046 0.4944322451037103 0.5215258990160482 0.5560701707626626 0.5342517753422338 0.4978875027482635 0.4662268519700374
