Raster_benchmarking/DGGS/continuous/raster-22.asc
NCOLS 100
NROWS 100
XLLCORNER 1743167.9771484013
YLLCORNER 5469291.065159252
CELLSIZE 10
NODATA_VALUE -9999
[rows 0 to 18 of 100, columns 0 to 42 of 100]
0.4247908610271189 0.46827038704316676 0.44226505473155797 0.46522233413566466 0.5103581765529144 0.4903154720028007 0.5052284592903175 0.5523673106657864 0.5925970467982737 0.6199789592010565 0.6391603912490593 0.6111857010122469 0.5868054922085467 0.5918066295267251 0.5482555291200575 0.5934082602709844 0.630186170363685 0.6541544618015087 0.6817517874962519 0.7465537781382342 0.7431658382434001 0.7677627728504925 0.8128369300478417 0.8086043731890395 0.8641738039676963 0.8015011332306122 0.7983894802746121 0.8090927334427103 0.7796320875401815 0.7266791205482632 0.6708972053921889 0.5660351025911331 0.47088723638687996 0.4450649987668391 0.42138087521391193 0.4058324139937003 0.37452675776972105 0.36658830951103966 0.37970337739228716 0.38354812182199366 0.34331853127576994 0.354091156886325 0.2991188580081999
0.3957321609515454 0.4619289629678213 0.4711928708602879 0.49501606991170544 0.5065865716333674 0.5215730115216455 0.5697735999870128 0.5632736286982393 0.5631081329218051 0.6298023054259997 0.6349321837365056 0.6217626758985497 0.593475324159121 0.603062775850005 0.5487691263999197 0.6211178767261821 0.6470560002746628 0.6534383800253841 0.6857704147414153 0.7485092459981117 0.7831399932000461 0.7506619306383323 0.8209806946294412 0.8327175771703775 0.8659138308444485 0.8477038651279121 0.8390335163535632 0.8425389744004478 0.7768124428635425 0.6685099841051594 0.6027071694712588 0.5275192893952787 0.45023195102344366 0.42582153721455196 0.41997615927468573 0.3715514795891958 0.3704986554092641 0.35256839943079854 0.3450928222639774 0.3621625241520582 0.2765699907304443 0.2940522137493051 0.2561342879088396
0.4214001746867133 0.3957755757053084 0.4080170408895087 0.4518737030627251 0.5260757865703276 0.5597518915929954 0.5568727396915418 0.5737236909707125 0.5876321337289833 0.6257385670019603 0.6182572108028891 0.6203978280418257 0.5739884477075542 0.610218730390996 0.5721674340573658 0.6429862265259425 0.6202416788946192 0.6597597785596545 0.7000433446359379 0.7264122536379785 0.7269609866353146 0.7579457919209819 0.7534141826719185 0.816955896752726 0.8216249647372406 0.8190811911236763 0.8329484828801339 0.8090856025574699 0.7445358681555175 0.6994604630080201 0.616481751858351 0.5283112492630478 0.4415254301973679 0.42331603392520945 0.41993283381492763 0.4086814704301949 0.40060940572325193 0.34564699870138793 0.3037143957238734 0.30524083171587985 0.25697876803011316 0.25756669950644884 0.2622965989812805
0.4202420755389078 0.38077442813798024 0.3988255144311432 0.43611420429395215 0.46482521002521415 0.4929360740498352 0.5759017508685832 0.5647846077907762 0.5741019114680823 0.5828523507488494 0.6487521592534317 0.648349239184881 0.5797991349345817 0.5527041508827645 0.5821194731852326 0.6205038429556774 0.6594308701245299 0.7183220886742733 0.7237449134040236 0.701257633743541 0.7438150797030062 0.7669748254448634 0.7382197518283863 0.7974713595596625 0.8096257157611021 0.7922833048461722 0.806739073025356 0.7829786823519322 0.7122503651823718 0.6546820592422712 0.627621153444064 0.5207375496160563 0.4452956932759535 0.4183495752350154 0.450304272099021 0.4222686220306529 0.35154988548397476 0.3449911936619744 0.3187694105601997 0.3007460254568022 0.30503056593267214 0.2685929236637691 0.28508195852340934
0.450287139603477 0.4137076448504657 0.4593996540897841 0.4497721337160558 0.4287225305236984 0.4618383232617336 0.5325431138302154 0.5464032308497759 0.5770198692492668 0.562521300705385 0.6088084842280277 0.6201140210715597 0.5439518362969856 0.5625237211594569 0.650996092993865 0.677849051270732 0.691938233575718 0.7230317769549084 0.7299891161809874 0.7082959502169852 0.7234542462891063 0.6987515715913534 0.6864846559966246 0.7329686626687312 0.785876916965694 0.7463601496491292 0.7198075171275288 0.7262727212111717 0.692826438258808 0.609129068623288 0.5405373394269941 0.5117441307638524 0.4546914768269168 0.4146971777956826 0.4200955019856815 0.3686960237214302 0.3121127019185388 0.26749304382784506 0.24901025679733907 0.28319667778489105 0.3095366734410095 0.3042426064388694 0.3388605558103281
0.4669838108675536 0.45520531552794824 0.4547106491286728 0.4317799486610865 0.44354545805247475 0.423938936911753 0.49036100425017526 0.49896439779712215 0.48884875381117665 0.5600833906017335 0.5940832084939355 0.6061034525863964 0.5520390600161408 0.6112784319011247 0.6446574566574002 0.6767685194659664 0.7209322574066332 0.6990504876262865 0.687411513075945 0.6703038404901503 0.7067464274458682 0.6974920449617197 0.6782597214339927 0.6904534141124674 0.7651029523811621 0.7016090402937483 0.7134301336298144 0.6675474197176854 0.5913001746239955 0.55279028046816 0.5213511206059205 0.4529669022847878 0.43744259975839794 0.4289936595954955 0.3791665683984591 0.3077588581682612 0.2691609237048754 0.2791909643094853 0.23042055489800298 0.29376906119659496 0.35294893687678136 0.3340623672289329 0.3593846134138599
0.4665872086032464 0.4646407779102967 0.4637842368956032 0.4456046482237708 0.41718905747498924 0.44178778696992316 0.45828783391034883 0.506302666400102 0.4848273323578539 0.5100495624684698 0.574803193664529 0.5715513260427583 0.586241742745531 0.5924642167103145 0.6180745513524941 0.6552963535800483 0.721311399084246 0.7218426253633392 0.6828632240138436 0.7024802712388328 0.6865345113883138 0.6473121871880457 0.6653677529996467 0.6861018030112185 0.6899179595554382 0.6860021859952627 0.6960587979018975 0.697645984885246 0.638883604467277 0.5581445007152113 0.5288361056688149 0.4382907772746942 0.4226151329539478 0.37412786270613674 0.36379585551866045 0.31786196997807 0.3076873347794116 0.2788294056426978 0.30198562417573316 0.2977159989322637 0.3700196308158011 0.3750830570486635 0.33414752326315966
0.4070251540135563 0.40030597083441716 0.41099408955281036 0.37084145268307667 0.3884700899047549 0.4559142415152965 0.470312656275455 0.4697096612540113 0.46868478435435423 0.47919293264136176 0.5720365159866133 0.5874166083755749 0.5700804286701987 0.5802453018070874 0.6318136250466477 0.6469290401468281 0.7142707666389669 0.7373816398427824 0.7429330193511513 0.7098536584071439 0.6319437902181544 0.6149838532523286 0.6336895648227865 0.635377731991186 0.6951046764925733 0.728637804936105 0.7003426606548633 0.677267480033154 0.6501795652856827 0.6114487641345909 0.5058308133608276 0.4974738926397918 0.3953609818719421 0.36163387732771346 0.2986520499767666 0.32778831359555954 0.28082552408088285 0.33456989139809495 0.3050485471808643 0.289393903873791 0.3267676239393379 0.32077921898412076 0.3480689953308023
0.3839232505815724 0.3950528692116183 0.3469776321768968 0.3414509780039927 0.35335940792332016 0.40462992720769475 0.4047506301654321 0.4397007262421383 0.42940752005410726 0.453737058517264 0.4745365102329956 0.532444878290783 0.5429631303605903 0.6018256181364445 0.6087296720393467 0.6535985506219151 0.6805197438545807 0.6900873687573336 0.7093687285145097 0.6479918688286921 0.6374035655182427 0.6329980638313258 0.6285994289579097 0.6233965478863145 0.6782934990091438 0.7124513228593969 0.6742020632525861 0.6525151026528453 0.6148861757479385 0.6097864936786381 0.5421426125190117 0.5102920214995919 0.4448541232546183 0.37005067300749844 0.3365631860218356 0.3358777124847631 0.345996521031533 0.3440106678858437 0.2993460266816279 0.32409196666014783 0.32160840934770346 0.3374617402503606 0.3405264271722348
0.43009364977179954 0.39353703391721817 0.3570406919029297 0.36030950590398847 0.34899528949956415 0.3638223024870199 0.329779416656473 0.38355271478220415 0.41431602968143266 0.4511057404587622 0.48169212120552685 0.4983770062859463 0.5215404623786206 0.6308030014189283 0.6624925564914951 0.7148201986690068 0.7077479365440397 0.6775285256890038 0.7285118842693792 0.6644116632264342 0.6243273810390043 0.5991649532398877 0.616040958676602 0.6154452386569454 0.6257591828258274 0.7150608068668105 0.7431453170110628 0.6318014012351167 0.6009657434012882 0.5765795041269136 0.5714035444469167 0.5084006312104311 0.47492162323332754 0.38382085996757737 0.31711406645548207 0.35214968655368784 0.3427645620220704 0.3561576827141487 0.3174231033294437 0.31573451066196817 0.3201247694585189 0.28327404054277244 0.2875126681924794
0.38976286646140657 0.36245701031140587 0.3418147741729472 0.3281072231805756 0.3629262088471885 0.34767483069715227 0.3582207325233693 0.3817084721469958 0.41731643613576785 0.45932225759430934 0.4594039305921069 0.4943196044208153 0.531648963200486 0.6135468172089431 0.6303069330316516 0.705503887264021 0.7306156320947357 0.7100618983581085 0.6875353538936619 0.6659670245365682 0.6244670300845298 0.6082330455167297 0.6058490254321961 0.6000123039536526 0.6586481515812384 0.6491937975319555 0.6539851379620957 0.6244055326626293 0.5761806107144408 0.5326164262262303 0.5154486090837955 0.4618095559371103 0.4566886330817332 0.38204139533676534 0.35058211566533726 0.3553122016696687 0.3287500138737228 0.3566071941880702 0.3871325503688086 0.34174483302762804 0.3246865876310844 0.3169879452314667 0.3290037267664688
0.41197004094351464 0.3930720070886801 0.3921469203713726 0.3323507596757943 0.2922269234501313 0.3804253023712504 0.3947970526353228 0.3916669069094771 0.38545243197952594 0.47956211172331986 0.5367481280155598 0.5303464716599554 0.5637382565351348 0.6220749831776288 0.659072032070998 0.6742666175290029 0.6781338442800371 0.6639990068593319 0.6974425255122451 0.6662897715100814 0.5927580806243896 0.5863460364132128 0.590697534523137 0.5828756956410495 0.6369935603214452 0.5984794992675561 0.6305893009895948 0.5590737391836936 0.5456725873905411 0.5216452962082071 0.46669711249587403 0.42770231575655426 0.4034693784880382 0.3962033744012451 0.34193727970259213 0.3562389467232181 0.37991919733975194 0.40693094710383887 0.39027828735388387 0.3716857939133387 0.2723776790135667 0.3112687213806778 0.3098560421309839
0.3622230310345437 0.4137236074287786 0.3678028855597305 0.33890705619540445 0.3095086893979201 0.3465797856449248 0.3883828486024131 0.3959001465345416 0.4669313250384756 0.49637320765434256 0.5558712106990786 0.5605466540220974 0.5569027206601843 0.5845515836904633 0.6439851844855381 0.615344919681348 0.6225697444651939 0.6630804535260229 0.6583898283402386 0.583700929682474 0.5704225890433594 0.5751701449297506 0.6140017088984138 0.6098870613920425 0.6418712982483005 0.5848536820007869 0.5644421459494162 0.5599566355340351 0.5376917875849592 0.49010943496919357 0.4480999900794026 0.4660491133507146 0.44471387388619754 0.3615788149534114 0.3275776511276724 0.37995328334808437 0.34303441474890567 0.4014348299855949 0.381540898039148 0.3955697117447962 0.3166999178143773 0.31835759816258324 0.29938733778734833
0.3732619667289601 0.3572253789857435 0.3390168665959129 0.3676296394890213 0.32604686271946975 0.3572452166500991 0.344208508940689 0.3889134012599381 0.4497915871565658 0.515421683934934 0.5609303061305689 0.5482616223127098 0.5335782387847341 0.5613514692136832 0.6181191167384914 0.5863302647584887 0.6062222326712703 0.6029656645748709 0.6182451272442082 0.5831609458027602 0.5216778739757414 0.5100941172125357 0.5499629998891259 0.5586031952419899 0.5987949823286067 0.5401030851495786 0.5179182598642436 0.4832155533523511 0.46562327117629515 0.44079060968822115 0.4412182294989602 0.406482067275185 0.4304704375821277 0.40098960541618905 0.3416530322985169 0.3519221130593284 0.3420152287599281 0.3815296027668532 0.4145524424402213 0.35355995532117684 0.3631686481951298 0.31120410213040683 0.27039286349397207
0.36107580612697276 0.37010681600374107 0.33011218520215146 0.32857579254006825 0.3449584217635932 0.35704377446058116 0.379605149033368 0.39062730764445563 0.4488691034678779 0.4305565939269683 0.5140411538007477 0.5322892424342326 0.5055286780131958 0.508520658671079 0.5226402345414213 0.5593555198408056 0.5778646678083916 0.5648763437086809 0.5424695481117866 0.5636227579330875 0.4876130583106616 0.4922607455103518 0.485122129269799 0.492665011639501 0.5178503458317546 0.5043896101211717 0.469293488243905 0.461029641880777 0.4676924686222675 0.4506612703779837 0.4351653112515262 0.39857345351768364 0.45058029116474435 0.40374316609866123 0.39782552489142664 0.39014071397329236 0.3587102713383497 0.40651247280760744 0.3903732445541308 0.37467075157968244 0.40070729725763726 0.3863001793761776 0.3836579214367663
0.3693805447727248 0.38965806268461617 0.3449813681962813 0.36225507570575355 0.41412748678918837 0.40783538593292934 0.40120840688583487 0.42588675036836043 0.41637521704025054 0.4590729698483179 0.4340020166858264 0.45132480148965365 0.4891502419739575 0.47710171081515035 0.5222439544468263 0.5118341618128714 0.5723534798110035 0.5252088881595494 0.5450827428024388 0.5230667804318531 0.5135706001810766 0.48231316357173765 0.49401787428792515 0.4800004874051061 0.4654055771366806 0.4775179867004532 0.5073366185688936 0.4561381987492167 0.4544556523505274 0.42571589030579665 0.4069328623667109 0.407905222205291 0.43158464231489535 0.3700313680034959 0.3420966094063159 0.41033961913231476 0.4287896362670471 0.3811080058331245 0.3786980166781089 0.4034760877455775 0.4063138717497052 0.4146724556568419 0.37853016676525697
0.4125797835867431 0.4099960818864325 0.37308215083250856 0.38992552886771525 0.45938754130003256 0.4618195987925239 0.46271714564831445 0.4181260251259652 0.4470853829932487 0.474314908782009 0.45278352525689575 0.45514233166613044 0.517233569525348 0.5246164644000706 0.5173545611002526 0.5279732465616909 0.5107186513974509 0.4744977427960881 0.45038869948506705 0.5126834552698198 0.4816285542688717 0.5163437698704172 0.5070155391463854 0.497534276697098 0.5236089584561561 0.5068111043564347 0.4888338139808137 0.47433656424157994 0.4702184130435068 0.4910470446808297 0.4979244526623938 0.4937756194504458 0.45970113049804423 0.3945530954830629 0.4094003865591284 0.37044201878057637 0.40127100330181936 0.4209098556553282 0.41394366629346113 0.40722872794483267 0.4510859854762883 0.4188813216144718 0.39570729438984253
0.4822278791376654 0.4561858503974125 0.40603361594393395 0.4502430018614589 0.47587465710650834 0.457774457609886 0.46957203526240154 0.4195343919840506 0.460446785586554 0.4669837625537435 0.48925150328595457 0.4777848056019263 0.48347022555570796 0.48921144893763746 0.5051910655817031 0.5095593052945109 0.45783330490645313 0.41336610808395985 0.4088442275777966 0.45298192841882867 0.5135886743745255 0.5178801257814478 0.4398645244988151 0.5131947474930507 0.5322860572160674 0.5338036288428549 0.5341341569158743 0.527770898815693 0.5185601972319822 0.4812410165204632 0.5329662734061296 0.5157116411430241 0.4866474567467059 0.39757208341203265 0.3894461494356687 0.4416835227953383 0.4403165988871074 0.4838547174709309 0.47859627408550126 0.48460868514009287 0.46678182428652243 0.4361115818269478 0.4415569165680767
0.4590078252269318 0.4381953930621604 0.4336622793567678 0.4751643688243543 0.4649322825421806 0.45659091141115 0.48016793779770894 0.46854422843575744 0.4956476197678011 0.44136233201102903 0.4488229044169276 0.5080048580855353 0.48189799020664115 0.5175429667707127 0.5252017900165905 0.47942376909873596 0.4603137160695051 0.4108846248344863 0.404447649704973 0.45897506908314556 0.4430237855847225 0.47742735102694916 0.4887195542702917 0.49851977713331197 0.5206571296150552 0.5442460146350993 0.5390290949781223 0.5528449094355895 0.5125791768195054 0.5149488302648669 0.545980706392115 0.5348677051049332 0.48570728688172443 0.4426206762016708 0.45725558887049833 0.43086221067676483 0.4423358629775693 0.4826967484867207 0.5034079894742246 0.48907050716561795 0.49835773054025595 0.4725220494248086 0.47932765618165746
