Raster_benchmarking/DGGS/continuous/raster-446.asc
NCOLS 100
NROWS 100
XLLCORNER 1743151.6854289793
YLLCORNER 5469279.179223042
CELLSIZE 10
NODATA_VALUE -9999
[rows 19 to 37 of 100, columns 43 to 85 of 100]
0.13094511893020996 0.09854441405141892 0.10600642372112963 0.09651856237281135 0.10532633816388862 0.10176087774196181 0.1173892762361171 0.07499729968464629 0.07711590566290163 0.09149690717175545 0.12317806206698678 0.18523865390386182 0.210067475446897 0.20463582437130584 0.22213809005829632 0.22929088694552924 0.25967719122997 0.26257497870669383 0.258821649041249 0.2829175783507291 0.30052530179717957 0.3014317426169069 0.3240430837386966 0.3013602294291342 0.34027354115565134 0.31948231690029794 0.3179572132933184 0.3066679058117809 0.28714151474016336 0.3145680117648156 0.28700474076267873 0.2602370887840686 0.1997388106681187 0.20414104358221202 0.21330364782742983 0.21060562123390678 0.20323702076219727 0.1944826832192872 0.17637622979070441 0.15175266213587393 0.11979437458608849 0.11907680765018525 0.10931039943080154
0.14508962223829594 0.12616846049416972 0.14755474155846424 0.10827824023667242 0.13035391354433495 0.15287358796620515 0.11363494453892842 0.10815155507113042 0.09422365535590664 0.08059308512186654 0.11279880294922276 0.1535209077351427 0.1936268961963697 0.24715024575243436 0.26716147783704036 0.28476462400894087 0.2811445590344202 0.2960034656636671 0.2721984536761696 0.3244354031036713 0.30840194986527764 0.33131914491080167 0.3091229151576827 0.3615540763405531 0.37919769590165797 0.3717464475970512 0.34545361008296405 0.33363993782131945 0.321610809883547 0.30187138544224357 0.27612970866771963 0.26153615526803525 0.22267252295631212 0.17873798193337015 0.20266927482320496 0.16985720702132873 0.22037981577424534 0.22507539400705767 0.20843070461625984 0.1603766822491742 0.1449091140396664 0.1517801063735664 0.13961519445243892
0.13975845944640958 0.11917233445417934 0.1564417593663111 0.1437859360599778 0.14502424276802445 0.1499719775591187 0.1561513183381413 0.12399843311884427 0.10529125990268211 0.12321809838757107 0.10553360243278141 0.17482120573202398 0.18832188967747246 0.2147711183875101 0.25362014273523054 0.2878696961735405 0.2885128969422456 0.266499364014556 0.28845824563322786 0.30852546400844094 0.2792755507414468 0.2893527405452077 0.29434551055022423 0.2924827940218004 0.3413816017565305 0.3467992645817728 0.3517134311569202 0.3196623452024184 0.3136637056603293 0.30307862419012765 0.2810579589623579 0.24256359335304448 0.2195196095390924 0.19516164504449532 0.18146328029569542 0.2178781403741503 0.19346167913493265 0.17737742978203597 0.18382529779704973 0.13258797478619444 0.15343095490625852 0.166368692278168 0.12887587584964658
0.16585855434714528 0.14719638636655483 0.1470090048871011 0.15389707606019729 0.15237408093708685 0.16330944689367288 0.15035892436637832 0.15522775352189055 0.0985848587955498 0.09669133243833658 0.13375649519356597 0.15482680564051782 0.18616825319174204 0.23450464188670817 0.21996596739110705 0.23481158029432278 0.2531080715559239 0.23991752985735781 0.262389937803287 0.2915750931624857 0.28168608710534676 0.27085074560127476 0.29453970664169904 0.27633824561312326 0.27752200657311527 0.28892493123669744 0.32044022575654696 0.3090417962271622 0.3033088989763521 0.287296063622004 0.2686087312810911 0.20620330615002008 0.2148741058404501 0.23980925371873396 0.22228656695896795 0.2339332231238791 0.198981101144404 0.17800984924280616 0.1396654904623916 0.12546257491690013 0.11090726576664232 0.1343186810838479 0.10431965363144349
0.16409107558051206 0.18479107590671762 0.16769780404231877 0.12162461243719012 0.13291936134905769 0.17321342849180055 0.1557335102077445 0.1487796904631197 0.14074492657613352 0.1632613206635101 0.18590210938457158 0.22068003832173155 0.206938781850669 0.21627430230153324 0.2617097515925342 0.2674308473517131 0.24650309360322886 0.2777571109636456 0.31279853868049606 0.29166264442712925 0.3055829409016301 0.30693257799248247 0.27394105415385966 0.2632064554761049 0.2563585906857366 0.2481088497586151 0.2851697516087133 0.2949834212180861 0.25166783462604114 0.2548316900665636 0.24546838939862745 0.20948998793067533 0.2306232620809836 0.2109029050448958 0.23567553431710697 0.20345211397251994 0.2162417807135656 0.17189987871522397 0.15311360060741666 0.14505954589236725 0.12195742418177884 0.11877055551456214 0.11979721412972774
0.17849328788527064 0.1635143474175631 0.13688904243024472 0.13503265985646976 0.13420843667376675 0.16231598598522076 0.18457871683838364 0.15346259823837188 0.13519649575100598 0.1470480177339284 0.1720896476098287 0.24529563507436714 0.24719308757159303 0.26776938186079335 0.262309338999317 0.31706106866240136 0.2903518934472105 0.28335804123152775 0.3191462007303114 0.33200973718658994 0.3338185663927732 0.3138608470872005 0.2571339737189012 0.2762989997936585 0.26456368027577487 0.26853146663068295 0.2667416303637943 0.2293990732626318 0.2047933161060009 0.1784215153806996 0.20843906393098371 0.2024136015439921 0.18325870780233475 0.19601343173514055 0.19624922176346712 0.18176490637436474 0.2021923437672658 0.16738314070934815 0.1458361654284777 0.11221136931792099 0.1005240806702737 0.07134568755135674 0.10002678895309709
0.20865796883927834 0.20447162120693654 0.1651349279063194 0.1651023578043332 0.15895350926952617 0.1890921636076229 0.20614042033958724 0.19733768122419612 0.19044057366234138 0.2229883685154737 0.21000109827401353 0.26808959659713877 0.2682333243915028 0.26579476734330343 0.2759730527710198 0.3310184272487573 0.3161518566189719 0.3301119723762457 0.3058377745896276 0.32545331221507456 0.2986556922873269 0.2830777728199551 0.2705803749875937 0.2739793170794374 0.2954863020759011 0.26805220294056714 0.22650456642726746 0.21954083125792728 0.17287261178679883 0.14769402770352955 0.15781072905656143 0.2118203255669315 0.21001724160022683 0.20177518458908994 0.20700242976811475 0.17805253508900545 0.16697483169892527 0.1769701955460566 0.12838955287809165 0.13277618145886108 0.12396203418447954 0.11628524348038977 0.09253549843892762
0.19172746323616854 0.2042116248356409 0.18395603313836573 0.19168039217786703 0.17167361412189142 0.18915173968893925 0.19959890177555445 0.24600916420532842 0.21912309699770371 0.259525271871215 0.2857330375116498 0.28870624304239406 0.28257720151096455 0.28103679945270144 0.3196772313531303 0.31055229930990524 0.3489128162871286 0.3511164867159922 0.3484805575773405 0.31186700527549294 0.28538607342050926 0.28563723506159133 0.2904593491617118 0.2902888018300298 0.2573625684002244 0.27635361054648366 0.23827239331049632 0.18649975659735746 0.18999234318087846 0.15386304965328382 0.15351214930055726 0.19459984933461086 0.1815086275723766 0.22036072616328928 0.20486706612188954 0.1809770572634459 0.161573693336112 0.15943778639440076 0.17603166848992158 0.13253919563354574 0.1373626793221001 0.13983015181522976 0.11058894279107742
0.1902449747153497 0.2192652975840929 0.1814082238543974 0.218930823990435 0.20262714006512203 0.24235156654182222 0.25441492813507205 0.2808274589976041 0.25616290392757035 0.30129435052505643 0.28516281015848816 0.2928023785683738 0.3297845716103101 0.30941080249645897 0.305534746049394 0.3111987447528801 0.3330672977017018 0.31774118384357825 0.32724870177635046 0.29508288347816464 0.3021174073715979 0.29866116748722465 0.2451739259097421 0.262924188523336 0.2724439873934326 0.21883945294636087 0.2202218091387617 0.19689729677322676 0.17418918360848248 0.16098257154749113 0.16225039177613584 0.15644986572359015 0.17972931372231937 0.1868242525033466 0.1847700589370585 0.21693561368190542 0.22099359283314773 0.19490135483597607 0.1960932070002874 0.18517717900951694 0.16914557614015294 0.17159359264864277 0.1424452894692937
0.18795925210820003 0.19857278294580832 0.19804817105266082 0.20542183887776327 0.22945258010894776 0.30702097811516377 0.2660022085927927 0.28163457709456063 0.2925022836748213 0.34466239982467395 0.35360113716690345 0.3498912732832408 0.34216027219133194 0.3901049440994753 0.32695267088332025 0.3317704110108766 0.3239376398812643 0.35182352468556954 0.30592915486613415 0.30776921948868113 0.3129400433061597 0.2696260789802436 0.2714229818248186 0.23277318598350832 0.2500204015370353 0.1962953956032481 0.1788209825825143 0.18171047437706728 0.16543577796595368 0.09585126637614175 0.12461868310937675 0.10763392398027884 0.16612852210921933 0.17421577625269904 0.16624297303545615 0.20796838328644998 0.25073001627959873 0.25869020148953525 0.23698220234077386 0.21640688656105672 0.19095887855893073 0.15268164073234866 0.14233922967108217
0.20974907151717503 0.19615239054814088 0.1973304528983497 0.21413142049924416 0.24970691577973234 0.3081036163848253 0.2886325767818239 0.29074058744216885 0.3323650986248159 0.3235871941680497 0.35211744383134314 0.3291160899631833 0.3437391218179725 0.3908989159375082 0.35482066014595515 0.34462100331123496 0.3461448260493759 0.33045643030881805 0.3090095657543224 0.3091967439082513 0.26827852457574314 0.2523087534253911 0.23837511097458242 0.22647700936173115 0.19904212114607678 0.20113327604847417 0.17303787379512123 0.17293567630559165 0.1475229010572437 0.1205107572596672 0.10285583845600045 0.12307164534234884 0.13698757979837609 0.18463627261773966 0.19701280652325384 0.23657547157708383 0.24190950677054182 0.2126850808194185 0.23473403082803362 0.22504950549569813 0.19076850076874913 0.18444964045286824 0.19798485519653203
0.21009887559679025 0.21203505935350944 0.22870740052036728 0.23494119209058303 0.2533184150839647 0.32737117825537687 0.3029618379894606 0.30653715212263427 0.35125699185895426 0.35261094588842995 0.33366146582202844 0.3345404373399754 0.3795950835197031 0.3865561232081696 0.39343048929237245 0.35707909267914667 0.31254167205288036 0.32249362787841473 0.2769106336880338 0.2757084701465217 0.25167378585258104 0.27214779671417993 0.2551591488910445 0.23990578658525907 0.15849655554341732 0.1439923519971581 0.18271986735191387 0.17558191533841674 0.1326268507595836 0.12935039255199432 0.11528165171506777 0.09086224037323534 0.15333850419766326 0.17523898591902348 0.20129312815919548 0.23126310839513703 0.21476407780348258 0.2178341112796856 0.22685532765720842 0.1984019857928807 0.20270163948522082 0.2288063754444771 0.20526430781009752
0.22965865883653627 0.22366454844924552 0.23230833376171375 0.25284182914458475 0.29150147437971785 0.2944416776582193 0.33482497899701574 0.356954844275559 0.35948026545099115 0.35162173484018533 0.34364535766670157 0.35185783325367403 0.35025565865344677 0.3619861105631836 0.37992450681749285 0.3111824979698834 0.292066103515211 0.27851721237574956 0.26151239465940096 0.26964293301110004 0.24062250793432038 0.24754523305605527 0.22082004068998687 0.1627984149715167 0.14111886338576235 0.11715752830179658 0.15460350604099532 0.11891210160114729 0.14130086408281417 0.12153699514843537 0.114214112071508 0.12035671780149207 0.11279779135013822 0.14230232695869247 0.2090515701288981 0.24722027022952678 0.22273805379304312 0.22895274441083163 0.24303594741426546 0.2074341589959618 0.21445402910188097 0.1991664977302853 0.21699890727878876
0.2648437334825662 0.29730588730224444 0.27164261229408104 0.2612223849190177 0.2887636099986186 0.30733403199665965 0.341976274781781 0.3752301031284725 0.3359441031394872 0.34889115829520834 0.35483280117381943 0.3474065971712365 0.3523057720424989 0.3571847349570897 0.3817326158572477 0.31110449956322467 0.30920239322688525 0.27979195530552287 0.27692693426874543 0.22791146628972953 0.23712699623113123 0.20172070921556692 0.15550838500997846 0.13550245456422297 0.1278690096438036 0.1144098686446545 0.13275916471946717 0.10664492758296143 0.12913655964422643 0.11625731486484325 0.0934183132690781 0.11348038398287877 0.10489448596901536 0.13615112256760295 0.18196665372951726 0.2367347298061546 0.21999454749856098 0.2441989961928171 0.2532426501149688 0.2050287169122528 0.21030727352954776 0.23644618389686534 0.2141959362562183
0.25962867021595354 0.2738058961494629 0.30686502964468376 0.32598683461985895 0.3166484440218445 0.34753542987500785 0.37427570063969057 0.372118175677189 0.35503063354832437 0.33749390887117064 0.3358411154183134 0.3345053953869211 0.34313636146053267 0.3474420445985319 0.3741600686429926 0.3841192353256346 0.3506718752258684 0.32121037550416953 0.27538515884391246 0.2313167310264079 0.24343508859591662 0.18637698821385265 0.15483432618668075 0.13789831819874743 0.10888770151730383 0.12452544469240272 0.1285466280366737 0.15577351303723247 0.15313511255531617 0.13509167342603606 0.11269880888502337 0.10532486394372052 0.1078757431690775 0.1327661330748965 0.19204107270025417 0.2340342966506611 0.2677997488737147 0.2772761036896002 0.27725094025980246 0.23623094222255492 0.21558263806081837 0.24280454174307736 0.2609482797261464
0.24802900537834974 0.2886042612958844 0.3317917565099559 0.3369128585611918 0.31562714172846296 0.36799436082432285 0.3746899141342264 0.38920468234971295 0.3439716781995108 0.3428030222017302 0.3730166165435262 0.3614475977735699 0.40950401605812115 0.41441622960494007 0.41206599648198683 0.41575820925044576 0.37840253450418215 0.3699119565276899 0.3338252048796818 0.2807231795190155 0.2355477714576813 0.22816160350949738 0.2000301276204426 0.1534584794174775 0.11612080184311352 0.10953717969071818 0.12631319411731012 0.15498677388771942 0.14994735109270743 0.1373460047565438 0.1501169529693702 0.12813077708247134 0.11920125788934162 0.15431268860745634 0.23413398289929682 0.26684508575726806 0.2728198447889417 0.2954172226741485 0.298279142523955 0.2724101374778174 0.21815655941451528 0.22091368745343248 0.24541496502240032
0.27092198129476563 0.30855904979410875 0.32205672017700626 0.311862839562404 0.33559205415436255 0.36554017018120805 0.3650892851366332 0.3832947696988818 0.3688620031149483 0.3805476895793105 0.35254772707705184 0.38274398342352156 0.4162580066759796 0.45289733438260976 0.4399267002024256 0.4137731303797978 0.3853462739659921 0.35348068644014075 0.3323566870869286 0.3165292445869107 0.2715798359739897 0.25801224991304894 0.24007062652759056 0.21128456958001243 0.13684859900330812 0.16664126519187647 0.15958094738423467 0.17993544915117105 0.19690562053826266 0.18887103628880653 0.15691684414193846 0.1282285697252275 0.1614342891237924 0.1977867270841924 0.24541964757605356 0.2542181552638536 0.27587708625016233 0.2787650345482141 0.26637001099345153 0.25893585280812875 0.24189909557097689 0.27765745648784984 0.26967676925962736
0.3167488146014663 0.28220416970152146 0.2909476262071191 0.3319759600492257 0.34025593321869047 0.3847005896961066 0.3711253614034404 0.38677849070074555 0.37297360128464074 0.41908431665128915 0.4122664334690787 0.37541701820579987 0.4243162665171404 0.4466855896210007 0.4428539721772571 0.42831586273854055 0.3783309686137062 0.4031749882008359 0.35473084652139847 0.3535445070873709 0.29377773298276516 0.2942319272248453 0.24630948554037743 0.22862747330040184 0.17879819812771267 0.1546859622262051 0.18388647288396695 0.20922081455543903 0.19458833009538196 0.18862881954798813 0.1420191390691437 0.14124376619676512 0.19389367355845274 0.21953271028522608 0.24888734131572823 0.25607485678268543 0.30272730495354194 0.28831409213559683 0.26750656062910755 0.2762012673892432 0.2725855935888058 0.2853124810275557 0.2539915956518241
0.33226227140734205 0.320647099122969 0.31743670650925077 0.3384715524615496 0.3458620333345004 0.36244242233942364 0.37566066702407036 0.35381967735307945 0.37379217362699013 0.4084634706133606 0.40802790349567597 0.42302799538370645 0.4026042054049909 0.4328829608963189 0.4086986187755332 0.40900871859822285 0.37575398268270566 0.3521577878828938 0.3371860838098005 0.3262147216354779 0.3160240141820709 0.3019089219969461 0.2455794404225879 0.24016689538294575 0.23365737416306223 0.22934503869995476 0.20406067139062065 0.2059359572916829 0.2241111953349997 0.16787063302837354 0.1719760221160582 0.1435056240055721 0.20516279182386946 0.24054303829774917 0.23386023097144634 0.23883654577562677 0.2865750288018249 0.2747492402354265 0.26682504339548635 0.28534766209350115 0.2896536645396905 0.2986054671751539 0.2505531854191097
