Raster_benchmarking/DGGS/continuous/raster-419.asc
NCOLS 100
NROWS 100
XLLCORNER 1743159.564421119
YLLCORNER 5469282.080246694
CELLSIZE 10
NODATA_VALUE -9999
[rows 57 to 75 of 100, columns 43 to 85 of 100]
0.6729249182494438 0.6875018394115509 0.6259908826608978 0.6513470769621872 0.6256063671221872 0.6169055878122436 0.5981892259991546 0.5727670203321669 0.5946623345765486 0.5653576144373165 0.5120368413082497 0.47283751217267617 0.497279870891974 0.5196129148424146 0.46727640859063296 0.4972680770859866 0.4782128168518924 0.4909862229184069 0.48220109624099305 0.46328722633948977 0.4608496163798077 0.4157895918740121 0.4421155453914881 0.40117393225617987 0.32507601915030454 0.280637988316233 0.27355818971804813 0.25960009690968744 0.21651674826696 0.2112932716373771 0.2391664627452835 0.2785822770142718 0.2646223984295189 0.2946909034879928 0.33779191789464647 0.33049928241937265 0.3363615905841526 0.3170980874125835 0.2720621906746599 0.2505923131770682 0.20971223313223977 0.24626966698840472 0.2320558747438725
0.6667918607948551 0.6411015624352403 0.6075991772834665 0.6301625198965174 0.632047771714386 0.6262626546833846 0.6318844101569491 0.625866898595486 0.5877758631779151 0.5721613085050713 0.4793354567201721 0.4446738008841167 0.4419333626913495 0.454331804773294 0.457559347550322 0.466659024590439 0.4461722687284747 0.43143533973560794 0.4493402161147759 0.45714328113505 0.4102649066981424 0.3809499503010949 0.39561332138906835 0.38923756993699554 0.3417500606077703 0.2810817646749801 0.30950106083464807 0.25621972902676454 0.25561641236357613 0.278807711135517 0.2679877360763705 0.30321332821342667 0.3236968445968407 0.35019677561530327 0.35856592270781834 0.3431396289120381 0.3564023774606695 0.29646071957183034 0.3139033896510349 0.26237800566421515 0.20589852239233372 0.24337144289287296 0.20299085421445612
0.64138413641632 0.6189864163305506 0.6046211626073208 0.657621470624342 0.6570035508010582 0.5939713869933458 0.6383360617149989 0.5831034954414781 0.5122748663921984 0.5214246921422557 0.5157878068552854 0.4748292076859908 0.4206552278380504 0.38737492764971726 0.3705363961060277 0.4170898439595738 0.41653592277400425 0.4405484916145609 0.4075945681719939 0.44463935401226745 0.39404216883690785 0.41109822578101113 0.4166335842026525 0.37518944107981744 0.31706483054307977 0.3017699990323265 0.25879599780031914 0.22858079899204714 0.2105279973431758 0.25080081150554595 0.28893060157942796 0.28850396729119243 0.3080374118178248 0.2977883045633084 0.3610173289755372 0.33681491060320157 0.32630021602205045 0.332594005903883 0.32967430946606885 0.29661354912723625 0.2731886332267137 0.26135937119074243 0.2438483319540583
0.6517931327211152 0.6550555726498457 0.6220757275127925 0.6176060234508737 0.6352921480778072 0.5901459744783947 0.6098633244118471 0.5608544236506445 0.48172551960304283 0.4792557447826257 0.4816853360159854 0.41780993397324817 0.3647583677478906 0.39789673071210996 0.3534855956988473 0.3355036056654185 0.3307939694489535 0.4030694431905519 0.40427127902381016 0.4341986624448793 0.4007835727002626 0.37598936313446574 0.39936192306126106 0.3197586970348421 0.27427688086768504 0.2753701575493897 0.2349219844759393 0.2299082732763844 0.2366159647702375 0.24243655683982368 0.2503634653839888 0.2768023941941721 0.2862233388770882 0.33933633473963204 0.3600439151892493 0.36962605364610207 0.3963434842746501 0.3651601608983835 0.28640384415172626 0.2763806555789137 0.3039964952459725 0.29004412294585 0.2855206862422241
0.6900789224444434 0.631774821787603 0.6510017793874605 0.639988188165067 0.6361596313222684 0.6029771293568085 0.5931904662433711 0.5253324094384263 0.5131900383944716 0.47048628308185075 0.44227007897169296 0.41284984579672745 0.3448635229959503 0.3712134448570097 0.38378496207451906 0.3655312570129732 0.30054863208600385 0.34453589173088695 0.3790725961281065 0.3533052426817049 0.36781653192266917 0.33858840002178164 0.3131761519400234 0.32711909124644056 0.2890819793059846 0.251170617782266 0.2509685082600122 0.20978344567572038 0.2202108206811975 0.24093377578563238 0.27553523508646033 0.2912750729437482 0.3479346954258129 0.3393700597676138 0.35250444713762563 0.3562549787358039 0.354771399414222 0.3803895391776159 0.3409169434250127 0.33084278508709003 0.34879815232498396 0.3418860148917185 0.3521343629905565
0.6847832436127608 0.612008247892985 0.6075132690067214 0.6151709050390819 0.6496758125737702 0.5664448190520351 0.5544125339137158 0.5003777082986193 0.4740616285124651 0.4693396084835763 0.4650357750361317 0.3965640466824327 0.36381914797674314 0.3924169395288441 0.37187965992615146 0.32667621655042794 0.28443866875080664 0.3219417832850884 0.33961457382385846 0.3557132166398189 0.3570687954840577 0.34064636313162205 0.29012333242641514 0.32074391311329786 0.30073020692381525 0.2853483769065058 0.24296473501505997 0.2163908521923822 0.23886396536408325 0.2730969711273167 0.3355446225705631 0.32926890891551114 0.359510503314834 0.40072694419367066 0.3849361148388873 0.3432666935530157 0.35014826237604046 0.33557992087960503 0.3526287429504943 0.3380744099752566 0.3694137540016516 0.3362365157056756 0.3492005930103061
0.6631484997542387 0.6200867417134962 0.6422871747439537 0.6474013568305446 0.5937053928081761 0.5833353761780186 0.5130416806035044 0.47359832367443416 0.4661378624581956 0.4852037461064503 0.4692844103775921 0.4144214175811113 0.3860260623867383 0.3525709771279112 0.38090830017704896 0.3319617023718223 0.3030167196832831 0.272039583567299 0.2633123300196084 0.30135227396961317 0.2925126732531058 0.32888902236698286 0.2871596566704568 0.234795565823069 0.2862975159230393 0.25129357092868737 0.2283890591367419 0.2555112686765844 0.2722329314327658 0.290441051915154 0.32897968904614844 0.3735050581739139 0.3995305761722689 0.39507401275537796 0.3972357440745186 0.37585418013668154 0.37060245502288386 0.38864111553354663 0.36679894215127073 0.3387419423432994 0.3089911626236687 0.32336802158012706 0.33485800771836743
0.589424016898292 0.6109579943996742 0.6166928169805759 0.6150020903195371 0.6055644625852916 0.5761517424183964 0.5443129962072786 0.4837937595016153 0.4401935726333793 0.42307694249413685 0.426464701264829 0.41793678214315166 0.3455823901015373 0.3488212598358536 0.34107842159135465 0.335641526658581 0.3494728653105407 0.2554826510937464 0.2165023564469416 0.2519556826134282 0.29085961794886117 0.29574593098773466 0.2571150694892213 0.22311944294155134 0.22074310578782894 0.27132828195505376 0.264831845655172 0.26529266947697605 0.24291313672991574 0.3131241111409486 0.35645799158368385 0.36227993781878787 0.41069376866438223 0.4222611504791871 0.44178794791906095 0.4143116619045569 0.4039799100532185 0.36664303674408855 0.3321598844070246 0.3183985196138807 0.31879334005631493 0.3370045468392102 0.3519828803710277
0.548226664446216 0.5702159147388585 0.5203186755168886 0.5239914737469831 0.5159451457178217 0.4783485361931058 0.508313292831124 0.47450721425609943 0.43377923668196405 0.40755877193966317 0.4187057362857853 0.39392113896664616 0.36475728435580507 0.3598949121106985 0.3509627229722757 0.3597702004823768 0.30769492040059854 0.29655960133237136 0.2623715307885637 0.27972637757694974 0.2663580556278226 0.28818331725984897 0.29950091713917487 0.2806990687106124 0.273737490030176 0.2608529709541166 0.26491429396720356 0.23852341567522084 0.30075622612365954 0.330389617610198 0.3766967472990428 0.36351532097376016 0.380387268101835 0.3954834033007215 0.4363231840226687 0.44304137258216975 0.37751174745366306 0.3978910573145904 0.38351064258480694 0.37779330786134807 0.3645490800129887 0.38311210748472174 0.3700657875637234
0.5190295827844182 0.49271346654676934 0.45561117462399514 0.45211045918538856 0.4554994064095903 0.4220221661695139 0.41035702603795277 0.41667459020333386 0.4040152382746255 0.3910631151306968 0.4421127581640352 0.37701593846068165 0.3441642099421497 0.3682441335523286 0.35009060648935836 0.3400710112677891 0.3403350834771913 0.3224521839626984 0.28448534950968263 0.2607105840073566 0.27769583123471253 0.2640598673221359 0.27099310144771493 0.28822898823007104 0.2947437136811694 0.2805363783628128 0.29533343733657585 0.307787201258958 0.2778751131514205 0.31803378579671254 0.3378941420867745 0.37838748369235303 0.35224191277417416 0.3863916248703745 0.4112703659257171 0.38664142526518946 0.3983183844303539 0.4169285586302141 0.40010501123414227 0.3861640827460892 0.3511038721387729 0.4060428080310525 0.40383254515836553
0.4772897034340088 0.42260944536045125 0.403249608820425 0.4389604284375668 0.41583814869035146 0.4066261311606155 0.340629418149036 0.36502968863746477 0.38317686393308703 0.4008600034606808 0.43706063246519683 0.41123129254782065 0.3902125773220532 0.3656137073034068 0.37278364798602615 0.30417404983502644 0.2742724022809485 0.25442012342646325 0.24186237436827923 0.27048214145824173 0.24328126016846746 0.30194070786601485 0.34691032337149386 0.36059580703346245 0.36004650690733214 0.3713593971815964 0.378531832471887 0.3623606369946507 0.2983855315968301 0.29249130943871565 0.3082595096505741 0.3569743598379807 0.34905423483747355 0.3940071504438385 0.4101317174770867 0.4173037370190814 0.3924895428424247 0.4113931818542011 0.3516512040418467 0.3472729774335285 0.3592548158507033 0.36791748742421604 0.36923897189361365
0.425620990429027 0.40455217809550076 0.38072510959203065 0.36487752525210515 0.37109216128288397 0.3454944747665467 0.31281359847553664 0.4003383839240315 0.43028223611278776 0.38469503646377606 0.4240501284967809 0.3882360396338274 0.3277628420100539 0.3473795202202896 0.36124600200604184 0.2793617385593076 0.27266415394283633 0.2071989192024485 0.21251831679146443 0.2634513614851246 0.2513361971927479 0.32393959589375876 0.3630019217356871 0.34032103303177413 0.38404262057748484 0.3898581692283459 0.378982551521991 0.3779886315291497 0.37277238162947085 0.3488193454434103 0.31487639204490925 0.3955877638973232 0.4243725998310397 0.41779285756438267 0.44308261205805777 0.4478770682975337 0.43600898021896467 0.40112736653329295 0.352395783367919 0.3312984053331659 0.29195434487550553 0.29973650451294875 0.3098342062091508
0.3784957820288443 0.3809257303308678 0.4115961174598443 0.36769151875577166 0.3555344508249348 0.3470634175532971 0.2960150605640124 0.37777109273649007 0.361528118666115 0.36239650198759943 0.32011649888278604 0.3422446985667871 0.33632488229793317 0.31526738522934683 0.33171135993705453 0.3131098578937172 0.25043870537738755 0.20563113699229515 0.1992302893925417 0.22408853188484518 0.2544300088092991 0.279155443833985 0.28566192360399373 0.3400547680201108 0.35120282996136765 0.38027439545017105 0.38954815110718916 0.4074920169333969 0.37553193668540163 0.377319138449722 0.3894650785222018 0.42924316945427365 0.4044814296382401 0.4358699749618853 0.43172420417711177 0.4416839793302249 0.4319478785734776 0.394534114544774 0.342680710719366 0.32553712568242543 0.3129877077027644 0.3252207134202685 0.34582594665493505
0.38129344602982934 0.41744734032183617 0.40574544614113045 0.33462631438524976 0.31144822874686573 0.3351651744860457 0.26574335630734114 0.31028768371702786 0.36960921162973126 0.33795318134380337 0.2833163627793812 0.308611779442992 0.35323659309047306 0.3171014031559764 0.29168630029049997 0.23421235397908005 0.19906211914568403 0.16880693382317577 0.19240546984624066 0.24164064250464448 0.2474559941700814 0.24874878062194666 0.29397019345194675 0.32457550030350274 0.3286094753274953 0.3710805510049011 0.37443075086323047 0.3693122514439385 0.38745451685938637 0.4104842327213646 0.4005360420799668 0.40154977746147613 0.46320563436098783 0.4366572186791111 0.44052295007830294 0.47128703653861304 0.4584991766910535 0.4316504963298797 0.39299396155212474 0.34945760467508824 0.2913756258241122 0.3146228967864173 0.3617668638867989
0.4362769099346576 0.41722096381922336 0.4032361018217241 0.35098359057768164 0.34468447433600696 0.2795404730921446 0.2663660513139162 0.3066470929386834 0.28555270433947694 0.2695897655484061 0.2878068597758566 0.29418211863296295 0.270323671425126 0.25374348220245296 0.2645548928714573 0.261886962553107 0.22365691980570263 0.18663711629354873 0.1934944352079816 0.22845020201273997 0.234523578287927 0.25206744899089795 0.24580916343437711 0.27244777030893436 0.342708048251411 0.31729913282822336 0.31966269231419964 0.33868742529590035 0.3468212383643661 0.40783099077219137 0.39236980809995736 0.44206247875574795 0.4351373876930094 0.4520317636711421 0.4227843949384968 0.4465895730836415 0.4491889691606276 0.37867873967911553 0.3989924095569242 0.36151957947003255 0.3166199333963445 0.2979177350939625 0.3290629354527258
0.4028096700433512 0.35957231179236493 0.35185289038221645 0.3137309027840316 0.32668879152972163 0.3462948746986326 0.29285967071484 0.325969248894163 0.3036289564136351 0.27000987362290546 0.22061083413617094 0.2726808370377111 0.2287108582127463 0.21337171375318237 0.23231225034607755 0.21295866028545204 0.21092250389316353 0.22970037729647655 0.21090081171479766 0.21095592972536614 0.22435056628582953 0.2267879091540771 0.27692383461770803 0.28610293153229954 0.3282376225319871 0.35364414512857606 0.2973478148958976 0.3403000067900552 0.3712267729895428 0.4080843354312185 0.4421953188014102 0.40648975795232833 0.37624426956860363 0.4497738422297441 0.46253996658098606 0.4423133400911818 0.439171604108955 0.41122781830681343 0.3479381763626769 0.35522304967502333 0.2871912400966086 0.34862428220260644 0.336963565783997
0.35905466536997915 0.34171125053708423 0.3069133223816756 0.30235679527028536 0.320317335335416 0.3540330759895727 0.357829939728962 0.3146064811442598 0.28037432764252246 0.28078645655361173 0.2852833295738128 0.22631382383364082 0.25638774554358096 0.23906219137004744 0.25246872895397804 0.20969807785367472 0.2336122421019211 0.21575535594346065 0.19578689583506922 0.23047977710534798 0.283040846342299 0.2671786982361629 0.2848999650157692 0.31996612300293864 0.3323276700824547 0.3463082312715764 0.3203424422200639 0.34651653835324114 0.3509529853741159 0.4022334361015395 0.4302964887312116 0.40473139955534093 0.4057033643870875 0.39030860941380385 0.4145019261529425 0.4022053853219704 0.3973518103644365 0.35492798307597306 0.3421433780700064 0.30621003816071946 0.2937648098056087 0.3521592222661681 0.39954391454352833
0.35234184722733697 0.3309104179031955 0.2780501813642185 0.29093673342912557 0.3230606685377531 0.32377817936620523 0.33621015350268757 0.2987287071792512 0.2512408307201747 0.26146339915180544 0.27467002160941 0.25195835886882895 0.21712137633135128 0.2276970250415535 0.29080079684108273 0.2738304533494475 0.2427303688883226 0.2578200029284693 0.23126423424412862 0.2564805919046395 0.3443349460938863 0.33764283099589604 0.35916615005306723 0.3641188761525077 0.36490646063636134 0.31413242120196266 0.3195673704491813 0.3086319297754308 0.35131758521056256 0.40361406657971166 0.3781652225247236 0.4172640644306303 0.3667879863903346 0.3599414796771583 0.3305897402532649 0.32070430486374446 0.3488624974293986 0.3460671341074781 0.36687842742517496 0.33794532813655176 0.34362574252656264 0.36614303891679195 0.3900335031115925
0.33117876922033374 0.3003545452941479 0.30420820319851255 0.33274606517713173 0.31490265663299793 0.3585909683859948 0.3060014486724119 0.3122894032714041 0.33203976927168605 0.32386495842331225 0.2774810066585901 0.31231532391631994 0.2725633382219759 0.2799729084195098 0.28706588021745594 0.28036696212276613 0.2750375613480853 0.305701645555843 0.32667969816882847 0.33662081420648443 0.37417937526314143 0.3690957830168778 0.39330008443570313 0.35760705796869285 0.34696223546385313 0.3608725747487894 0.3497869118212802 0.31629600338237246 0.3329438577158174 0.34311462227988876 0.36581569162658495 0.4038273887961845 0.3784294333844815 0.33826668916632996 0.2933634272375175 0.3191792410729204 0.29613561251536624 0.29327069430689806 0.3525315107819554 0.37083730999159475 0.3767924347744451 0.38107660730992354 0.4400958884577215
