Raster_benchmarking/DGGS/continuous/raster-245.asc
NCOLS 100
NROWS 100
XLLCORNER 1743151.7373826192
YLLCORNER 5469293.031121889
CELLSIZE 10
NODATA_VALUE -9999
[rows 76 to 94 of 100, columns 43 to 85 of 100]
0.6813260990933228 0.6814065051656923 0.6521660773393206 0.6808137300296295 0.637124065849181 0.656037972893314 0.6772435956774278 0.6749159063706389 0.7337096291907984 0.7333650399012931 0.7298606548317695 0.7251774503869748 0.7659288064571198 0.7601224676673918 0.795884231200077 0.7934156169563694 0.7571293306828781 0.7671189811918608 0.7673184665732947 0.7860390946715191 0.8000412881237349 0.7572552705257188 0.7385071244172215 0.7299727054947436 0.7181832454074066 0.7267199717698647 0.7677857037338383 0.7715758859679922 0.7769559371217111 0.777250635624275 0.7469714769266628 0.7262097668627996 0.6775474337109375 0.7053948203136127 0.6810359552287399 0.6687834720656346 0.6908964153095413 0.6978100871273724 0.6677549616232188 0.677125339487525 0.66142954304147 0.6025908553268359 0.597020267175198
0.6806923054100286 0.6621027392204458 0.6621789104140441 0.7023381222455966 0.676081498644563 0.701234168968771 0.6861110281948536 0.7035002725418187 0.7496738011816123 0.7259762235784268 0.7484938721922423 0.7713280714486103 0.7575144518774554 0.8057520425977238 0.7931743110892774 0.7813619638931311 0.7598321137373155 0.7778004779198939 0.798246665572955 0.7992347742259914 0.7825057668862451 0.7958155175246243 0.7548998293075915 0.7555767640740121 0.7492750505260338 0.7527411766291295 0.7501809112509846 0.7754458996675565 0.788381827979456 0.7661018965231083 0.7757448831184687 0.7485038784137596 0.708767277912079 0.7181417498383555 0.671446714085961 0.6690044745125825 0.6966731302120577 0.7094996506436637 0.7028289207548525 0.7411650922690053 0.7226608737823604 0.6548261134655832 0.6209410241335417
0.6690857228814316 0.677193830835935 0.7325608095581447 0.6860466207538156 0.6922972024624104 0.7327520554437379 0.7397339920161782 0.7411688728858362 0.7602108856044075 0.7443898508910718 0.7273374679556303 0.7579963521901306 0.7575432193484948 0.7686189190415089 0.7999943107458287 0.7893100269388095 0.8068915025113741 0.7722731664103237 0.7777114535329037 0.7834268512058025 0.80822665706444 0.8031371663442674 0.7956140006535553 0.7738182616085076 0.7155172931772126 0.7253521803156949 0.7352879860584602 0.7625013922506159 0.7742504024163394 0.7667418453075434 0.7491733866675736 0.7610894080394621 0.728109210660669 0.7141999570398725 0.6939578940235357 0.7292861344935969 0.7008015669398223 0.7212488119342808 0.7828107871748488 0.7560802658083883 0.7517979811115868 0.7147359808153398 0.6924973723598
0.6595686377542601 0.7068775770865927 0.7091510190257486 0.7167764392551256 0.7085860214483775 0.7181734744487974 0.7481619344951437 0.7564301653496919 0.75091771573125 0.7326604909584618 0.7472781498232343 0.7334475317356398 0.7730538680135611 0.7977712724043221 0.8215013386544527 0.779630618548145 0.8037956511575876 0.7823868844994328 0.7749978678000159 0.7637271655750044 0.787750569195806 0.763215146725744 0.7441379255949807 0.7318564265934718 0.7524798432573532 0.7476425460880664 0.7283920897108314 0.7326161143015398 0.7808550682760412 0.7465170637747929 0.7743377528372809 0.754115628637867 0.7458868359229542 0.761363819326801 0.7483653204936169 0.7574093004949412 0.7537672903091469 0.734646793183247 0.7864448329107571 0.7702397395338688 0.724150972712029 0.6948815314950405 0.7065506824215876
0.6514945706537006 0.7232352130280639 0.7481545710770975 0.7431731250387985 0.7464069839614695 0.6998432489618411 0.709033029029725 0.7457194709124302 0.7488168352835188 0.7434861141884845 0.75154993472033 0.7274537864406554 0.7637731645041074 0.7611910904671457 0.8086714294605867 0.7868059046879423 0.7756426600654898 0.7578474097986541 0.7933978166714571 0.8021040660563029 0.7775695652318563 0.7606559118608173 0.7742295668577815 0.7421421824179666 0.7475547187528099 0.7741383178293295 0.7399835985720384 0.7787507860223781 0.7841197891495735 0.7621947575538851 0.7444436003251454 0.7186145468924646 0.735939821474107 0.75323623985988 0.7908115085989375 0.7657121595791706 0.7453587910608375 0.7667325431582265 0.7731743891722668 0.7573088926694176 0.7231062303487952 0.7070905266348169 0.7064219175419436
0.660826107210045 0.6978570259674332 0.7319878705388653 0.7259735775791131 0.735571595544992 0.6957820226326943 0.68507582053323 0.7067295395097701 0.7148739851493404 0.7334178827594074 0.7266855395611667 0.7093100945400435 0.7528340755749425 0.7709383653871114 0.7785599795576725 0.7841867711225221 0.7648510126816143 0.765112619482722 0.747859656506921 0.7903067763833661 0.8062643495483506 0.7805444703782213 0.7547030197687457 0.7707914600372127 0.7543580435608019 0.786516981712986 0.8063814869410671 0.7850046909110076 0.7862184678400781 0.7629001612235269 0.7229807696604866 0.7147540228641663 0.7463889380447599 0.7845551684315506 0.7896232566415945 0.7710888901327417 0.7822151960072113 0.7562926165734464 0.7499225523187798 0.7572540834546924 0.7391227232597565 0.6979812509820925 0.6746373750906661
0.6621756858933415 0.7021948718992435 0.6977919072011732 0.7076451778037659 0.711202786479708 0.6953557105837006 0.6861830238892561 0.7128164126128903 0.7285028613644366 0.6950657335849221 0.6896659392258073 0.6829216707536137 0.6951848340105727 0.7278958519642156 0.7765397324482497 0.7536704829256257 0.7549654294229784 0.7363228970427378 0.7432235261839548 0.7905119644517284 0.7843594454059026 0.7701956101293045 0.7783792528867528 0.7963938434903677 0.7738084715537502 0.7943337813789981 0.8245832288138609 0.7881485542529457 0.77443230713267 0.766592090023107 0.715866598246337 0.731374443836051 0.7152596824981196 0.7381001808744428 0.8137063234729767 0.7739937276362007 0.7542289090335915 0.7694014993617626 0.767013812863848 0.7502768614886326 0.6752125401602274 0.6630123767112844 0.6717812252178664
0.6711801502173351 0.6756439302954038 0.6627055064380974 0.6773538327473262 0.6858874128413641 0.7033656488374377 0.7115638782452582 0.7127453862202138 0.7414855507737484 0.7031398809181022 0.7106142890113738 0.6818966053409471 0.6990141119256855 0.7145293084541152 0.7312720546424979 0.7536021859916208 0.7520354331818457 0.7447769944625147 0.7437404908738434 0.7730797733380166 0.7953677919561442 0.7872335759514333 0.7901322106447077 0.7951153551173895 0.8022909142919482 0.8220801503698725 0.8372784205821852 0.8051072486462493 0.7748148742250157 0.7709995969149818 0.7226823210744722 0.6990484989592612 0.7031931044645334 0.7325648433744351 0.7503149127864284 0.7595813409622804 0.7443077994869925 0.7611954672045886 0.736030150630315 0.7014036628516812 0.691259880589806 0.653566481326133 0.6913052033021478
0.6328919102715854 0.659255677024588 0.6444669809128933 0.672271441942704 0.700872928304062 0.7067018848932308 0.7075565569325495 0.7359408139061189 0.7440617475633073 0.6987489603261408 0.6976938614364093 0.7105110914961764 0.7133609378328464 0.7344413586735837 0.72182727846571 0.7799495707973269 0.7863929463853042 0.7783718124061353 0.7502061364736828 0.793137327710541 0.793934268148708 0.8120652618648831 0.8486567551128616 0.8143864879339113 0.8093293239401157 0.8005453060419708 0.832016748533288 0.8054008921356757 0.8096605900170191 0.7398551099374179 0.7090077917989318 0.7331709920993218 0.7105374939278263 0.7486731926094935 0.745604828748794 0.7260215104183572 0.758268392656922 0.7723157839767176 0.7559590629727765 0.7365555502900922 0.693988069139941 0.6755769493350918 0.6792164915948198
0.6347568254351484 0.6357167088197109 0.6541911701463206 0.7040269987018315 0.7066873267155538 0.7351324804806944 0.7266066962223365 0.7262009796673381 0.7036790140667873 0.7068735085750618 0.7269503403705264 0.718362504319023 0.7176044782642919 0.7298331328911344 0.7369877504014964 0.7757602842198383 0.7824558537235251 0.7693933592883014 0.7650754805429905 0.7846559827494664 0.8189612647717782 0.8447246312585879 0.8469872096058818 0.8436878250170894 0.8287182578291488 0.8151476218651127 0.8080364428281608 0.7745164595609082 0.7682674129757527 0.7738114943199705 0.7681998043593944 0.7429375690459318 0.7181776664420868 0.7427236600706368 0.7311465922975475 0.7399869744363784 0.7301655899769807 0.7345245985021924 0.7192735981011242 0.6935272276144671 0.6729714952761553 0.6924721645962826 0.6892407652835209
0.6214873872645955 0.6577522913016516 0.7239625921987167 0.7205129186894139 0.7032443723362775 0.7296812873149896 0.7493651003266436 0.7398753226776292 0.7120914961274932 0.7089496054082342 0.702166178621417 0.6922536608341155 0.676689932505666 0.7381827728849407 0.7564277971372633 0.7555168125559959 0.7769190912304856 0.7571010788585962 0.76252507257112 0.7668220154410422 0.8382105120514909 0.8706688926345646 0.882528389291918 0.813817913790423 0.7657443561048501 0.8026462857627282 0.752223493250074 0.760518391108513 0.7699612609417706 0.7901919410463538 0.7725941041027775 0.7349271533863366 0.6967672770879803 0.7235638325570645 0.7153620143518281 0.7539028924066291 0.745185297156969 0.7522013682846176 0.7250739438386874 0.7151031774003919 0.6968015652820916 0.7122071409860089 0.7436771093585017
0.6136212587412381 0.6816325444669352 0.736426497445451 0.7240659028655192 0.6962538344669089 0.7203638813265935 0.7650281327807449 0.7485652362585212 0.7406294568004534 0.7027738689313272 0.6923889667550306 0.6892494742633771 0.6914041692636875 0.7003706745058099 0.7146623202549586 0.7486142880854303 0.7614436603973329 0.7378441436600531 0.7623069206422932 0.7597253931571438 0.8063325668520009 0.8247259593647953 0.8030550340376756 0.8129453158409317 0.7617145535482139 0.7762347529281831 0.7768779513610944 0.763167718999179 0.7747846332670693 0.7413058784464233 0.7466116257020199 0.7483737031087039 0.7164386497654616 0.6923561130730257 0.6785305202798747 0.7342106172453957 0.7627657118120393 0.7389494783607216 0.7131568634636665 0.7247847015503194 0.7304648420692088 0.7081941333030043 0.7566645393311034
0.619463147268501 0.6600732672390857 0.7113484394129215 0.6981968984617888 0.7163812242226122 0.7485953261209474 0.7686212310184448 0.7617751157980309 0.7153953929282674 0.6948625097441273 0.6771341998356574 0.6895526824224203 0.7029587193171333 0.7294882876854282 0.7102920371530858 0.7472046575667218 0.7095846478256967 0.7109237962930898 0.7036215991809609 0.7522678842182331 0.7909321558814878 0.7701818876850526 0.7776199787868391 0.7869770138801622 0.781295548862802 0.7689173428021541 0.7645825646706202 0.7604689965599459 0.7408132042208476 0.7502375772682117 0.7310871695545514 0.754193860291458 0.7151373241186663 0.687623494364621 0.6745901696950165 0.6880173695827216 0.734730190613536 0.7232294627375823 0.7173799771697317 0.7515128551453842 0.7539995788337194 0.7233895932862648 0.7430568069042812
0.6399011317338875 0.6576822558803066 0.678512762532928 0.6614797556540719 0.7205072699119549 0.7462523572865332 0.7425273807875781 0.7130906770517027 0.6999353548653412 0.7048371700260028 0.7089736043281124 0.6969177379297721 0.7080225138700922 0.701628858230273 0.725379403993938 0.7206481170682036 0.704976061838727 0.7192534444471037 0.7151137542935827 0.7798621456165028 0.8053844316058196 0.771037674976061 0.7617660334229618 0.7460114634858667 0.7930815046593085 0.7719263591565827 0.7696527330808938 0.7796663025858854 0.7307940012126868 0.7282392833522472 0.7403861035514937 0.717334542154665 0.701395926933429 0.7001343313499484 0.7158390766108353 0.7096062320150356 0.7419539648677483 0.7366642332711404 0.6922311045771347 0.7053022953339999 0.7151395862753571 0.7374157552286704 0.7661509157013502
0.6411865851524895 0.6546322114242493 0.6438139998905817 0.651295072172458 0.6711945137722898 0.6885713908746202 0.7398415093127643 0.7277133554942004 0.7273551365495594 0.7322965266943913 0.7294099545352994 0.7394089764536208 0.7336449895541914 0.7404484595801636 0.7536921779416696 0.6983321388300604 0.6801052097550868 0.7180968066332462 0.7257053887509257 0.7630738997596754 0.7966885509214262 0.746816691374743 0.7298159578241804 0.7409791394028739 0.7769256140664288 0.7798779501628006 0.8246927735060283 0.8033559925534239 0.7343641678003744 0.7328550277157176 0.7290170740486158 0.7282619534842628 0.690962241908015 0.6749608052375041 0.6737611699963514 0.6693343002228654 0.6927093125472992 0.7141467893255249 0.7002990440800041 0.7131686335153865 0.7389511146931157 0.7418060830923058 0.805071520228414
0.6222394119843907 0.5957273575887876 0.6052230617416237 0.6188388534989988 0.6354730339204913 0.6795025222617969 0.6824898264615916 0.6764418256707796 0.6993941097110887 0.7155419356795698 0.6891757731312492 0.6919347636871045 0.7345450368571803 0.7344109260455972 0.750877304317942 0.7211680905351006 0.7244985896982088 0.6949732201211938 0.7071415853768499 0.7617177904754805 0.7417254637228755 0.7430800870047678 0.7774909362136888 0.7599976997885246 0.7721903680313668 0.7890212950327378 0.7942423858091946 0.7749086689163246 0.7440646311892053 0.700840692573568 0.7176120668850146 0.7313675047748538 0.702908659796388 0.7065103040372382 0.686724264407918 0.668019237455161 0.667207965803928 0.6955864808501326 0.6812312585374757 0.7137905455410056 0.7247064046601712 0.7580680395144085 0.7821571070814165
0.5970637456665049 0.5795153361496994 0.570486786748242 0.5823741735106476 0.6243525476347064 0.5979369373386147 0.6085656202855424 0.6557631009974348 0.6639914187048278 0.6564817665454301 0.6431336987232238 0.6478357395531195 0.6824102907507182 0.6837524395796076 0.7033958639136755 0.6627234262859475 0.69552308884757 0.7146806846238413 0.7455927408161274 0.7222892684222872 0.7615818901039715 0.73617817175252 0.7760720276589531 0.786406353228997 0.7530329696214169 0.7721267778218107 0.7475460376770682 0.7618154326573793 0.7240710971857989 0.6824862308061325 0.7110350804469785 0.7073352222289591 0.6978954966191583 0.7080936839704888 0.6736876257940203 0.7012802369680561 0.6586852182302706 0.7189569991789457 0.7028828185706876 0.7298819703363696 0.7464730873245455 0.7694808338547522 0.7719840173984559
0.5986425405620729 0.548560335324088 0.5599365837224696 0.5667320591028224 0.6071921796596594 0.5834447479641177 0.6008553811161683 0.6238741143055991 0.636949148313131 0.598059304493243 0.5851483186323584 0.6316524502128296 0.6280059526398609 0.6550256782536406 0.6529444268835018 0.6320046090471719 0.6753208289159246 0.7179635650604836 0.7260066602314771 0.7163079370328825 0.7417782234661525 0.7488578195990889 0.7771663181203399 0.7654318910191352 0.7431723474826776 0.7380766070481691 0.7182715164797461 0.7324326506843469 0.6989552796937503 0.6867572798068344 0.6829943572379682 0.7057440172422655 0.6856519065414332 0.6594678678659194 0.6677371900837661 0.7017605334735303 0.7009922929473199 0.7486874254148406 0.7652768136807288 0.7703851283291283 0.7695621789061603 0.7414169493863721 0.7590276795938442
0.5806367069627087 0.533867695720103 0.5259282537296368 0.5466616305280688 0.5709559662658494 0.566341479079933 0.5652781271319819 0.5978506525885775 0.618235049381894 0.5962385405526173 0.5683141147688164 0.5716384835989929 0.5796404685699151 0.6152492697547612 0.5828452439756365 0.6277316487727115 0.6381272391294556 0.6576121815714341 0.7237998101129601 0.7224969078794173 0.7197012228328691 0.7411151554085773 0.7714267277939862 0.7649851735015112 0.7493413359151762 0.726171456616529 0.7253691422909262 0.7019232227184251 0.7121331389787591 0.6999180789943191 0.6990946999453727 0.6734133284993488 0.6396328837102263 0.6336749112579803 0.6463826683096742 0.6812224848579985 0.747838002075103 0.7458823505626306 0.792910913811621 0.736901083552777 0.736836692740154 0.7434324036824266 0.7332558125370273
