Raster_benchmarking/DGGS/continuous/raster-483.asc
NCOLS 100
NROWS 100
XLLCORNER 1743168.514655503
YLLCORNER 5469286.636351382
CELLSIZE 10
NODATA_VALUE -9999
[rows 38 to 56 of 100, columns 0 to 42 of 100]
0.494065344626655 0.4961848060429838 0.5212378165584587 0.5574129328115056 0.5524114639115674 0.5707450950489227 0.596244553650156 0.566854383234634 0.5276729445648339 0.5078412403461817 0.510422267058355 0.48115614646381694 0.4851290518362107 0.4771042412215094 0.443537732056411 0.4393197761566633 0.44943299344398824 0.41858964827818707 0.40006357480232885 0.4003567379143615 0.3653280686937591 0.3454140757722671 0.3547010912700735 0.31736554013444385 0.32252917450629787 0.344974207266623 0.35317923704800647 0.3329381877503362 0.3154565316573856 0.33653585325710883 0.3223008449876808 0.3064566711672289 0.2840500070910577 0.23569153414995556 0.20497981953169467 0.18693764164830418 0.19604758009957954 0.17562327956812007 0.17422502157858877 0.16274471260214785 0.19539164529532396 0.21071799830509666 0.19209978590348564
0.4775930370586948 0.48139977543138646 0.5256400660829866 0.5212497345988305 0.5412917269592612 0.6152704431994284 0.5630376217185713 0.559574491254717 0.5030661761158288 0.5097728919989459 0.49045279276556564 0.46519409123669664 0.44352118839769994 0.44353203688877446 0.44793317147574047 0.4671732365033772 0.44232907883932776 0.4463598516766353 0.4095955587216325 0.3952718541859696 0.36120913350857653 0.3081689208412268 0.3201267321120901 0.3536449630866154 0.3392069355401276 0.3010300446797777 0.31931744274370055 0.3442640301160442 0.3137974919899583 0.3156561272110099 0.2990808317466688 0.2936592655827615 0.2844160087485125 0.24333756464270248 0.22607384407156111 0.17795046719039143 0.19414909461044338 0.12677075899272403 0.15488271819890795 0.1402624192547835 0.17532900692956113 0.19078264111393578 0.22130825094285225
0.46759686589531096 0.48194240250679077 0.49856149384756115 0.5315971090308057 0.5550350759633754 0.5923299928637192 0.5642712851686577 0.5190606126758505 0.5113325752783545 0.5052316479834347 0.4486358905300911 0.4467161243452613 0.4275596449429653 0.41737520009471224 0.45233666780404735 0.41245162520014134 0.4105328798564262 0.3926259723265347 0.39945684177417473 0.4081200266699489 0.36602534638923845 0.3099841834983575 0.33991741198081926 0.3153233089796454 0.313018177885726 0.3198342920415009 0.29387714319730546 0.33833211029960525 0.3042989301966295 0.3168408135014788 0.3023274417414293 0.33197981626612044 0.30696149782432347 0.2971833610846047 0.23095995662410992 0.22552108363503695 0.19505733225643726 0.19142159251040491 0.18045437082174504 0.1528232544865517 0.16385704822762803 0.18637344059711158 0.18894628244664893
0.4802754773343394 0.5104855094283607 0.4783309591786525 0.5139161110984289 0.5640814369304177 0.57149547710339 0.5545061649730082 0.5430644209362206 0.49827079111795014 0.4946332552759948 0.43610222714903196 0.4113645727103775 0.42800537117014753 0.41561708759618105 0.43450108413757055 0.4054649273646809 0.37874543958202417 0.36432609385308423 0.3730109967559357 0.4011348117661448 0.3714405603649918 0.32339334896085875 0.3055633057312184 0.3046959191436385 0.28466199020074223 0.2792337956241993 0.2820253766649065 0.3337823161121152 0.3057022535555575 0.3078263349099085 0.30201769994994615 0.3328667971036547 0.31864668448338324 0.3139668360546829 0.2565476503369025 0.24278380376209988 0.18334902030379424 0.17727254274551127 0.19517700046350492 0.20002680767565575 0.18145104702805262 0.1973728540158965 0.21729481273481793
0.4946978268439809 0.4814666320787003 0.49267783337037535 0.49228087477260274 0.5420888621083386 0.5642360078200976 0.5432063798300896 0.5145865854147369 0.49603542016637725 0.4626336635455836 0.4385152518658629 0.4034990295943653 0.38712080054173975 0.4220949496290004 0.38134680143858735 0.3908751529429114 0.3919780151108223 0.3494451692645396 0.37608207333941324 0.39061882867425424 0.38857775517887494 0.38684228081739214 0.34286527002623024 0.3209407029643257 0.3211270508163416 0.2964098939216641 0.30466861111345817 0.3267291812573526 0.3399130758306348 0.33013023285215115 0.3575199222648336 0.3411694699586939 0.3000422257250488 0.3013568540057887 0.28852402309070435 0.24611381241866415 0.20886797617879427 0.22079211023329398 0.20119855045797946 0.2035736600470025 0.20052388817711092 0.20399011922285026 0.19103046206947127
0.46399499118682813 0.4728438696172672 0.5120809298484824 0.49139858432543615 0.534748213336733 0.5277733760001462 0.5291575810404372 0.501431904417121 0.5080207380927966 0.4575406659927975 0.4304255185292754 0.4012235334885059 0.38055233208726386 0.4082326132463216 0.37596570292485076 0.33949856947186047 0.37022570677846617 0.3546390692908692 0.388810787623103 0.36652910677622086 0.3647808010373016 0.38950830290838084 0.3604830832435755 0.3260526707675176 0.33444532472893157 0.34787971076143864 0.345671750586044 0.32506710957644014 0.3495728469516315 0.39402798673564404 0.3509365361342602 0.3470967032710143 0.29433952597370283 0.30844066486169 0.2731668132818594 0.24337298358462112 0.22925668997912138 0.2464709630934818 0.2246593708384391 0.20335545726826434 0.19976843718949208 0.18579001087317695 0.19532878926774208
0.4719938275099073 0.4695845964920901 0.4888852506818439 0.5168098062907635 0.5349958861709423 0.5482957722555317 0.5369697084834968 0.517288679787713 0.48208532515884805 0.44718715780080875 0.4073832749688687 0.37057337548887903 0.3793878499810228 0.3857509808005715 0.36942893441564023 0.33785984354068654 0.3187150385944393 0.3159714277344509 0.3562961200183303 0.3646475755453368 0.34694835826620873 0.34282688874145845 0.31308799369775436 0.32144237820972377 0.32556097453487104 0.33849719464391664 0.3193133060315134 0.34466202089803694 0.3892551990739383 0.37606221738146306 0.36120238796872184 0.34823454289039785 0.3244492958586305 0.316190260336746 0.2683248045894993 0.23514933371962796 0.24275137909587663 0.2820543378002641 0.2669744775466684 0.25570888291778426 0.2335430591353572 0.2411702164095504 0.21943047899227874
0.45005760204743883 0.4567098023023541 0.4691328076450051 0.5241420087581294 0.5072861684785683 0.5133850171066405 0.5206611576889935 0.5285498492830295 0.4952271919123822 0.4634361734243201 0.39507725120076415 0.3933422310429611 0.36965547394245046 0.3664789931440134 0.38444881976306494 0.3373947344547404 0.3169659064082033 0.3182002562401256 0.3216550814622591 0.34374539442422575 0.3526947260256585 0.315803121557153 0.32339505192038026 0.2992221035179663 0.3103614710509242 0.2861048206618006 0.33712169793210345 0.37059917035624157 0.3932252283372841 0.4121812439662198 0.39927558931770474 0.36517869219655785 0.3028220807839488 0.29401265581653235 0.2908432281820916 0.2552553149307835 0.2707842619623333 0.29555330891374954 0.2916601776877807 0.258638013680743 0.2396776323414704 0.26429445429030013 0.2488244456851694
0.4065271390088627 0.4268147997400995 0.49517463448098237 0.49265796862679073 0.514644250912084 0.4798851894089039 0.4762809626933897 0.506627489756069 0.4883305685370301 0.48325033661120487 0.4201502181293481 0.42415929919318146 0.394006990297672 0.39901264215822035 0.3743456133737351 0.34717734814285667 0.3364382993481846 0.34500140903421594 0.3425549459485933 0.31716605860841346 0.3390227339689118 0.33014308417173405 0.2902422460730387 0.2727400386034836 0.2891943102133 0.2984638131049235 0.32850473457716073 0.353823713285689 0.37384696427829867 0.39381789781160614 0.36833052039108105 0.3420463953533903 0.3206091046668423 0.2817057432801806 0.27612254133356734 0.25433305259676137 0.28818396068095414 0.2691469465816024 0.2798048574872309 0.2947816626765681 0.2644434011175307 0.2754005170215095 0.3019738254411017
0.44537294555881024 0.4195590318369566 0.47998160619541475 0.4991686871740148 0.4836528912379147 0.5016630913552078 0.4963113971591501 0.4612430580625513 0.4486028965943145 0.46140329728122514 0.438226125930838 0.46228607333728344 0.4254295107900556 0.4147671631356609 0.4136058802116302 0.3672330282390937 0.34014577576268673 0.29774906968378506 0.30735829387344976 0.3275554380444694 0.3448406822329031 0.29505415108808164 0.30071375686610274 0.2792607656851413 0.3226555016152942 0.29523983565459866 0.3418568885973539 0.3790573727823319 0.3667045397068937 0.39895004317386423 0.37986337182962737 0.32129706515491635 0.2945085545532566 0.2650074711104754 0.3051268351282311 0.2901303884966538 0.29619937991481404 0.29285674743228535 0.31204567910263503 0.27715545381839174 0.3152614965945018 0.3019994340482851 0.299351026466394
0.45414990080065365 0.4541043219187565 0.47113095494300194 0.45955769542191166 0.48415693776096524 0.4742939879771886 0.4947399735897982 0.4860565195287955 0.47806135092423796 0.46113348109804525 0.4457477684350738 0.4757113968375727 0.4540480585481915 0.4565241164208564 0.4071062277611034 0.40743736309411105 0.355537781643852 0.2939727969911646 0.2935574560310005 0.2983645435415653 0.33325514514546783 0.31279021380812183 0.30510895111100855 0.3273576162249063 0.33432580978870635 0.3287256763356806 0.37670257573351357 0.3600830444115725 0.406535781691069 0.39987430494722825 0.3575197989448514 0.3548182532576476 0.32470211258816245 0.3170521436440718 0.3361627120940748 0.31653792747290455 0.34330196360804377 0.34933480684292956 0.3252459336584241 0.320536030106779 0.3173192135187839 0.322639676460895 0.3309618903784185
0.4878799732348251 0.47163009075373896 0.45032807426334204 0.48564548999101037 0.4842441305094526 0.48251031641898334 0.4698230171725209 0.43680310596068045 0.43515514066790734 0.45191903199079375 0.4481929033237615 0.47699560599062835 0.47201418066884104 0.45108495609266575 0.4350107856026582 0.4089995865195828 0.34860630137606086 0.3228060199044298 0.29764667144652496 0.325507062303477 0.34318753621836867 0.3125108524657205 0.35497276105194575 0.39294012780253007 0.3705606130740826 0.36745187633953214 0.35742710568394953 0.3678250094526094 0.38319912655348987 0.39196827572732335 0.38226903509879395 0.3584439893108596 0.3435507041391677 0.366205547139223 0.370239550179009 0.32892701685815023 0.36096059070300723 0.39596316835444484 0.38919529637606365 0.3486622019068575 0.36130207975252715 0.37435391791336875 0.37776748358958523
0.4883840249099917 0.4811584383686579 0.4574348441002005 0.4525123849363268 0.4240044625480017 0.45697062317590353 0.4446625973037423 0.43905275735404503 0.4622325472516665 0.4603606549127474 0.47576479760010054 0.4622280160373939 0.46504748491975256 0.43650315482671553 0.4137560096580749 0.43633249747857106 0.37691273147956533 0.3780277032247977 0.3502427257107426 0.38025463022574946 0.35396940214388106 0.36760787137548284 0.3681213707517931 0.3774884913845998 0.3882188393451074 0.39695244628321796 0.35442043023295466 0.3882868246257678 0.39773324649283365 0.3770388655025346 0.3828501959300644 0.37605700676302845 0.33425006093239434 0.35493572649027805 0.34999815993134004 0.38472640300093364 0.4144992676192198 0.4288136106225149 0.4322166582855562 0.391097658419178 0.3955107224601058 0.43451554767437073 0.42003128427513997
0.5065634243304836 0.4679082262632706 0.4626499884402864 0.41931201125741324 0.38510740415442063 0.3853671711829737 0.4242691755310305 0.42268277653876657 0.4233893309704448 0.4690495001235662 0.4599125480638463 0.42017385196658785 0.417260216490528 0.43852405175482895 0.42012415804352515 0.4434142104869259 0.392869393010274 0.40264028538633356 0.37675917018696176 0.3955093328948794 0.37736319747348546 0.38483473556794684 0.4073772976854117 0.44549388485473684 0.41732254243289263 0.42437637337903633 0.3518707873451595 0.36089393919154544 0.3663390633772356 0.404745618849575 0.40015609300179444 0.3598721845667354 0.34893444649558786 0.35193290233580243 0.3781016091417471 0.40389447828356506 0.4083782452771025 0.4548569155215757 0.44701059961127093 0.4489128042058125 0.4271060044002949 0.4597366978435746 0.4623934463933063
0.487025488391467 0.4707141319911163 0.41600268244151367 0.42690169736509304 0.3731435057991904 0.3514207749453679 0.3757736443705538 0.4153884524229206 0.42408019977962763 0.433670355616776 0.3992680547864597 0.41061906608860804 0.4158876728037219 0.409558619780955 0.42992087341616103 0.4138577468838753 0.41861617739293916 0.4100981807973943 0.43812798570296024 0.4044988356674747 0.3936663248583109 0.37114142231352953 0.40218272182081893 0.4514667628387499 0.42797595865443994 0.4032467388467923 0.3657826640092779 0.3826258715917069 0.40002112879760293 0.41260080441241603 0.37320807051950344 0.38647117944500153 0.38726999378013155 0.4247559563501131 0.4084364344148071 0.3956459459809294 0.4137280395378034 0.4507362415721528 0.46076484851860033 0.4666866521174497 0.47292530902772417 0.49030224002008177 0.46969027847189915
0.4849410842126265 0.4632989837095366 0.43344681903502513 0.415431744971447 0.3866054946772674 0.37476099046906974 0.37117054507004166 0.4010255736433788 0.41230382379209995 0.40451958205167887 0.36946031068979585 0.36257646576865493 0.3980345806782172 0.44079705339032993 0.44796346096947237 0.43827869219491367 0.40996624536814524 0.4432191079286117 0.4107616304780498 0.41035275125096093 0.38664411953966304 0.3982635121026061 0.3934774060366169 0.43364345927673326 0.4049421206422343 0.38980000235412005 0.4108237590835833 0.3842468773476268 0.36438809115576876 0.3722803102251297 0.37384172462431847 0.3989813584605924 0.3990902993305851 0.46267389285914357 0.45096132154617935 0.435325990202128 0.4328160334179335 0.43367261509718064 0.47568194917617435 0.44719516765281353 0.4790491994089561 0.5075942681112178 0.487052035676821
0.43659528265687875 0.44452714701045043 0.4139933997042351 0.42632520188337986 0.4118668744284092 0.39618985306721244 0.36166843316656744 0.3642746317709001 0.38389271009465037 0.35597095417711216 0.35866627148579405 0.34706289080025304 0.3838111299576116 0.4028210426250589 0.4042943178347609 0.4158342417953886 0.4052292030945362 0.4015144434134403 0.4388142122784841 0.39226176420112197 0.392478714268158 0.37142576227975055 0.36665732241626503 0.3738040451376618 0.40803310879932203 0.4215260908900851 0.4136677547658125 0.382212623051144 0.38527025911587964 0.4041631101553792 0.4143058357928567 0.3981818434099802 0.42180091270101044 0.4504711890705345 0.4945387644360238 0.4859706474349676 0.4511176562735488 0.4774197045031541 0.4708653274664634 0.4821869293969613 0.504266019031417 0.5140433366501728 0.49432669640179583
0.44605291256555196 0.42310931590769096 0.42257526209094515 0.3997077640171012 0.41685886142224293 0.3612383777698306 0.3423196059394814 0.34928138888097193 0.3457391262691853 0.3304535686461489 0.3223902805260719 0.32743284784287985 0.35311715152487905 0.37395513483065523 0.4017232276275373 0.3777437926423961 0.36209744900089663 0.37731322018571095 0.4060734829089106 0.42335323882032594 0.40902996720350016 0.33667519615310043 0.34383422012994097 0.3695646591100133 0.40716430556354516 0.4391999250100144 0.4404430183635622 0.41899876027097255 0.37972867323494286 0.3956435361283061 0.4078474826680049 0.4182809382925986 0.47307473306019826 0.5044544872774744 0.4736100844252604 0.5002804910479877 0.4909339055546005 0.4752682766560468 0.4964245038694598 0.48933577320513144 0.4949751666433894 0.4825344797885708 0.49401693266952224
0.41578078677699976 0.4100982141858807 0.4050249901296886 0.38664861185445504 0.4047201097243327 0.3682490068393363 0.35481853484373665 0.36754317209951687 0.35197275409729284 0.33789182433299103 0.3630469919247384 0.3789789867787946 0.35313361871100923 0.36807973323476423 0.3646869092194491 0.36371917021899514 0.36245053038946057 0.4209848176025666 0.4194543431251118 0.38583844350368707 0.3912687738799519 0.3581302810858843 0.38720102498669595 0.3614368714581619 0.4083710113286661 0.4536238231181531 0.43968588856661917 0.4437612740899221 0.41943750183140655 0.4060763672410461 0.4134331766616278 0.41748250023497824 0.4767070016851836 0.49712194246999764 0.49264443938477814 0.48863765773687595 0.5171707358812203 0.49576657244519856 0.4824989269658946 0.4736842019713997 0.45960077212002715 0.5051059772583456 0.4897325230245157
