Raster_benchmarking/DGGS/continuous/raster-149.asc
NCOLS 100
NROWS 100
XLLCORNER 1743166.7027882356
YLLCORNER 5469278.434353424
CELLSIZE 10
NODATA_VALUE -9999
[rows 76 to 94 of 100, columns 43 to 85 of 100]
0.6366028951767138 0.5767237957007237 0.5890278080373673 0.5527787623295579 0.5603271940564483 0.569170728888952 0.5967793094522881 0.5828826116335315 0.6187481640440388 0.5835756214214125 0.6436126949269673 0.6587745345963413 0.6400443531360973 0.6246824902340078 0.6276878101047104 0.5961939586726595 0.6062229690834864 0.5765857153375338 0.5631335172236209 0.5910863675104361 0.6275542224957895 0.5830613501788978 0.6219883490740563 0.6324288343878488 0.6443884892757014 0.6299111933190825 0.6135362133979717 0.6513910356818161 0.627129678804183 0.6198146109157668 0.603860096993773 0.6079946039726394 0.6114282235660357 0.5652467733595271 0.617543733467889 0.6220885922353248 0.6530338335582758 0.6538280142598389 0.6793062584465492 0.653156780311793 0.6530689919277254 0.6713601216857935 0.6341283286597184
0.6379322274041556 0.6168238085623781 0.5918014790573796 0.5990543375224641 0.5635232880827121 0.5775919976030071 0.5635147019327232 0.5823260108191554 0.6235587877442904 0.6219594034244609 0.6639128708428172 0.6623909097758258 0.6669425570741921 0.6473377151068461 0.6148204677698986 0.6017136865726814 0.5955928278492776 0.5802966397837813 0.6058165535706237 0.6423992501279475 0.6380573234917398 0.6419954112950362 0.6274783253667949 0.6299526527590988 0.6489562666058418 0.6508921097316275 0.6484205455120853 0.6699264779486974 0.6274704251155371 0.6297799537303697 0.5875499344593832 0.605360771224735 0.5796413174175643 0.5433293259394059 0.6002362267658128 0.5799150916290985 0.5971320947231047 0.6244931620853116 0.6553467613867464 0.6800570838605896 0.6730369052468478 0.6419657834766826 0.601387508288946
0.6604847511185954 0.6358129678781792 0.6210781145670559 0.6172248828322383 0.5816197507190255 0.6016562380414783 0.5901108339642535 0.5761376342393856 0.5983855480545789 0.6551031991201801 0.6752918400564628 0.7105711747656871 0.6514216075400617 0.6600615772425406 0.6180373576589742 0.6078398866970601 0.6288158555486302 0.5712580476001635 0.6006973517856622 0.6375066636263884 0.62358493926821 0.6459936147203573 0.6126207250415844 0.6000828072746972 0.6187662577502869 0.639347011793299 0.6580344084292393 0.6706973012716264 0.6100205722487968 0.6429051972064186 0.6001370129423212 0.5948727015415886 0.5358485742182586 0.5398561689085436 0.5563339441030597 0.5962563175167679 0.6040459763663192 0.5955469634962034 0.6152474806428183 0.6368916453875092 0.6665250389188754 0.6416767788904658 0.5915282928835284
0.6355246751998213 0.6451921945195014 0.6475872827367348 0.6288672750817095 0.6027693138988052 0.5983603468531813 0.6010995359815825 0.638711512441212 0.6550540121847087 0.7059839400461709 0.6931142834798781 0.6617966377930561 0.67364897002225 0.6286791304841399 0.6317704823619109 0.6198451284536566 0.6264185436172791 0.6219737384901739 0.6198035661742197 0.6321973695203836 0.6366277489020069 0.609151990411629 0.6264645658847345 0.6322390299993509 0.591440666935764 0.6135896545809709 0.6328078487383995 0.6033920162909059 0.6034841887752539 0.5860875899575488 0.6039725131315441 0.5600603347931091 0.5305570837005312 0.5400597220444492 0.5381031967079088 0.583835677523336 0.5898688275905014 0.5825361068257597 0.5852166094768381 0.6132798271279656 0.6062021836189007 0.6216034592630653 0.6090416004598117
0.6443751173947388 0.6241960224479564 0.668461124137999 0.67913708717926 0.628313423826643 0.6252755080612565 0.6431788119180338 0.6424771029544707 0.6658984854738768 0.7161646922117687 0.7270633794006487 0.6844660081750583 0.6714220689633926 0.6549959550320471 0.6298258731702968 0.6253277260207224 0.584790074207037 0.5948709997786166 0.6194552240345361 0.6112953114495848 0.5698289113758523 0.5708282153891732 0.6147292109497806 0.6471186923901358 0.6413309380143085 0.590546893018947 0.6296494650579257 0.599725703648384 0.5660430057707473 0.5774199341961418 0.562669725873848 0.5567894126591489 0.5497598901769305 0.4936172084351041 0.5287484884533455 0.5360136689795503 0.5294314031727873 0.5152749768880786 0.5574151797560339 0.5570651150716284 0.5922756330977128 0.6177647239636892 0.6136203038972838
0.6736644688942829 0.6816122820489905 0.6600072481858812 0.689585320438335 0.6727865277831285 0.6809602795495447 0.6471281990890696 0.666419984158044 0.6707089024668914 0.7028553876952451 0.7032737191109136 0.7099043936633177 0.7336220294568653 0.7329560542713933 0.6672053559817464 0.6309905985400852 0.5839935929799058 0.5656931915747868 0.5880657294786372 0.6113343187741661 0.5650659443138684 0.5831838881918131 0.5861224157164822 0.6126225901152861 0.6419399150933569 0.5950384849384508 0.5945008780939407 0.5951180687768288 0.5324569633552159 0.520236422923509 0.5289130780821036 0.5419353886552667 0.5223357166276265 0.4837409314439295 0.522767916371393 0.5248286248012668 0.48645974959022226 0.5183010789392729 0.5252271531555766 0.5747968726601349 0.5807787258619855 0.5657054511908586 0.5716675126238058
0.6540853290505244 0.6887785543307884 0.7241661908489444 0.7415225851274704 0.7196772578561212 0.6909925692331524 0.6507959535434547 0.6468661680852935 0.6801595226726018 0.7003692306119472 0.732356920913525 0.714091186574867 0.7342880194390827 0.7968685946621037 0.7004019615401418 0.6422512356834944 0.6079134783237392 0.5788695097158839 0.5692854618567839 0.5851797037629495 0.5675597999558846 0.5750435165911192 0.6004560839114252 0.638154872994623 0.6152067016724737 0.6318164179140283 0.5735762017301483 0.551448185542435 0.5564859774442629 0.5142732654193816 0.4824740527366162 0.4808274359637233 0.5069812574485516 0.47695754946385066 0.4611058549750615 0.4694140293153677 0.5055386384033949 0.5015678438966129 0.5221562093602062 0.5205597626193108 0.5620141966571862 0.5866933006639082 0.5379700052319453
0.6795783958416262 0.7198651541930415 0.7054822691694735 0.7604115486609692 0.7466924455206185 0.747866933079724 0.6931516599080533 0.6908670597410901 0.708038209042861 0.7102828117840619 0.7197145229288513 0.728698720159453 0.7666869979174815 0.7758139481990871 0.7505463071996558 0.7154115552458521 0.6774320776887462 0.6465368151758879 0.5864543297914768 0.6105907543273241 0.6124985339140111 0.6287815904547542 0.6197811668195052 0.5993810110243508 0.617927596692942 0.6126986586233322 0.5661863621617874 0.5493715034148576 0.5119880553020772 0.507231222416913 0.5028765346950893 0.4646576015679482 0.4802102149100657 0.4547645750171909 0.46527662658045654 0.4647399726963725 0.45247484458154585 0.47255407470335514 0.5017946295264879 0.5169676717246501 0.5816771028496498 0.5972685456262188 0.570607971642184
0.7058851107278653 0.6980586385837404 0.7400197295040847 0.766545293139822 0.7545204974019031 0.745154566250811 0.7385327783555001 0.7379064009725033 0.7608012082047937 0.7252062169264875 0.7600389323587492 0.7684354264876625 0.7781134060870498 0.8222712888669182 0.7663226484914194 0.7384407886693917 0.6564775538958306 0.6417971897643113 0.6359520635799498 0.599373133393212 0.6093460337936526 0.6349422119567366 0.5925252273738665 0.6071242253798531 0.6149857018516587 0.6335010266166335 0.5527853405575672 0.5228322703604329 0.5271333353835749 0.5144762127989578 0.5271030562204094 0.5063794948696397 0.49655804464889114 0.47873047874635716 0.4721261185195746 0.45417091719709424 0.4718988107122781 0.5004593297120881 0.4931708377119911 0.5195983389437845 0.5582956624193078 0.585203124627704 0.5436820782176909
0.7613430783932166 0.7179691300615019 0.7186126951956117 0.7686335770884587 0.7469496171207317 0.7345817079044097 0.7723800392951454 0.7702272802848209 0.7667561785742725 0.8053387137612078 0.8000757056389906 0.7794994536056348 0.8051081508670649 0.7910848847570967 0.7639667077674861 0.7134317139460709 0.6789645754164569 0.6643322545871376 0.6553431126481437 0.6517868472536242 0.642609476128895 0.6239564690485659 0.6032152836936164 0.5927310279063781 0.6110320516753818 0.5890138708080493 0.573271997442059 0.5454609664971459 0.5146863859494797 0.5180827158353679 0.4890417934593332 0.5425408921409013 0.5289151356115829 0.5032746381002482 0.45990489849229005 0.4663838253850035 0.46786988293032705 0.5242539925835661 0.5261240091965179 0.5693039128189431 0.5544746500668086 0.5765080672109506 0.5501513133224891
0.7739072791758187 0.7562113350767219 0.7744346866867132 0.7591677030013725 0.7515635957044935 0.7905101082124357 0.7969620921951123 0.791297193790271 0.8269029172970999 0.8781862748077266 0.8686967505104155 0.8308389357161838 0.8496886426415861 0.8274841819127134 0.8149816049151315 0.7618527633200561 0.707254349778949 0.6605578218028058 0.635370184780188 0.6316547659854201 0.6196380897664742 0.5923669377576178 0.6179363998892073 0.6154408189917066 0.6194354363854916 0.5952720306515011 0.5894637963210769 0.5491540218694648 0.5002811219906823 0.4795180267273317 0.49849173110566886 0.5441476431292165 0.5428745439441367 0.5003993279035379 0.4951776124504275 0.5077846067581302 0.5338912249484788 0.5078389376963449 0.515850570947167 0.5710843832572468 0.5306585070139733 0.5377952024050955 0.5656907863041472
0.8341449506839796 0.802585401041035 0.7827474430573944 0.7672263616858895 0.8172720485852586 0.7944022731806227 0.8193127725400302 0.8585018630208663 0.8791821411448364 0.8633372158666586 0.880413812684641 0.8724378349695724 0.8337292025674428 0.8386416379606746 0.815888745142071 0.7796764636702704 0.7114117832638186 0.6969849708385903 0.6626473133011811 0.6476983504223885 0.6358069698184279 0.5766471154103093 0.5805933881885557 0.5597484865718105 0.6075239369665688 0.5855281265836478 0.548179018482962 0.5120194097928218 0.49187700692602165 0.5265047475588848 0.5069276222336123 0.4834712843823671 0.4889974085613635 0.5007416106937972 0.495474048839563 0.5056672117129611 0.5407413888237468 0.5134129286760634 0.5620224165099569 0.5758964515265036 0.5228673655059876 0.5602086239952085 0.5579460911948005
0.8779264863670416 0.8695580463496689 0.801844113686153 0.7980906996008603 0.7923115383536433 0.8280561615501453 0.8542841024886277 0.8647891349148287 0.8949181616478138 0.8803048754597814 0.9002615481340012 0.8833967765354676 0.8475625844985044 0.8748471055755429 0.8194087914989393 0.8032644489423387 0.7353667266878889 0.6666877479310914 0.6786619354379498 0.6074669517307113 0.6233706968292243 0.5957965877667741 0.5995168948738714 0.5423103081011497 0.5595705310568012 0.5993813821953794 0.5458575411704143 0.5270844536510965 0.5387713342906707 0.5168811746175069 0.47904988372540425 0.4985308168646663 0.49689819578263306 0.4941961334467974 0.502626507852411 0.49981290238140824 0.5065982850445891 0.5564055600765558 0.5404136940690841 0.5504616337271496 0.5408830968358911 0.5318569989009243 0.5581944235508199
0.9116877833861222 0.8999629572283456 0.8272011276575886 0.8528911023907851 0.8394259604300024 0.8545906028345833 0.894555200160366 0.887867639921917 0.8555017021496369 0.8519630462228666 0.8486329967228816 0.8744365447161015 0.8623675768423501 0.8754600677173772 0.853672177493061 0.8043811330135578 0.7567933358639637 0.7269285003200637 0.6738130095141226 0.6448913636742599 0.5971549913615711 0.6209691983687741 0.5934490901784751 0.5934835342452476 0.5708001865462738 0.5564673971601812 0.5362931274593414 0.498493357619348 0.5095282597234223 0.4779538528158192 0.47650176375737724 0.516671719924465 0.5100160514304548 0.5118149311085708 0.48490069807388375 0.4891562578556121 0.530332768987153 0.5271156344420302 0.5488337780071276 0.5636604990594816 0.5760972770540875 0.555725837061584 0.5937702408704022
0.899344478903265 0.8945854522334349 0.8345191107298853 0.8353601720692884 0.8793006246882189 0.9328338680746809 0.9061083009427962 0.8663068573503909 0.8776524506385434 0.8504585308870969 0.8230941513063531 0.7920964262090512 0.7985674159494569 0.8277366772581839 0.819970483017471 0.8066708960674867 0.7409265068633946 0.7320397353926259 0.7159033280005568 0.6568052024957172 0.6537686954968644 0.6282381378505839 0.6086390055651472 0.6220821683652068 0.6075246658751985 0.5363337640572703 0.5430126563690979 0.516960376505403 0.5025465088534224 0.4830599844592314 0.48984198940512835 0.5207581014345879 0.5194462493866125 0.4828881672641531 0.4635303797508191 0.46324188634528335 0.499131216584755 0.5035896051168047 0.5160918810044177 0.5304124965957848 0.5482791220940538 0.5948218880464344 0.5903236632622205
0.9221455567492493 0.8685526992313707 0.8652898068463772 0.8139058506215917 0.8277959543053568 0.8919510061554075 0.8864877655090088 0.8911356042958679 0.8395831333858379 0.8070434149950845 0.7839109567699812 0.8047189343755929 0.8180891984481333 0.8234667470509602 0.81435800940806 0.8083580750118015 0.7706709506612438 0.7407680060061382 0.7121800184647548 0.6931284776516001 0.6629099351150375 0.6517768790679908 0.6379441424102437 0.6346504461584155 0.6327733078448589 0.5808826899829344 0.5564821119496859 0.536006285784141 0.5062099229773622 0.5467710533106953 0.537511188985983 0.49317357041005905 0.512747228738507 0.5385291853269732 0.5157498837709046 0.509846238659768 0.48900206515599387 0.4739098255957077 0.5410342123649878 0.5854488398758125 0.5708109640501371 0.5632517644296452 0.5826165780013384
0.9065634241804675 0.8594678767101767 0.883883444881323 0.8361439891357505 0.8081847594851944 0.8127210409935236 0.8448680306652522 0.8632715993303892 0.8204622073598559 0.8173144275047565 0.7962348363431697 0.7879408930796984 0.7818113889234147 0.8243017957535476 0.7723751990715794 0.7569597363358328 0.7705238135767373 0.7030198608281546 0.6928051472444626 0.6675623979784389 0.6646223282314893 0.6315196107325834 0.6742549045033834 0.6599081891785523 0.6443889657757692 0.62012559472862 0.5932611548628413 0.5570493804695956 0.5841763329821181 0.575610089920973 0.5611833262240006 0.5008358696618725 0.5202375199621103 0.5616175479091097 0.5023354757517692 0.47207193188460767 0.4978328949223503 0.47419239435350247 0.5321717800070811 0.5918633634753236 0.5923251274076147 0.5931178796151382 0.6068667110181395
0.8737824951170967 0.8760937322310848 0.8670293610477409 0.8173823320087802 0.8021552819847542 0.7882529105838112 0.8289183275483677 0.8117676840003647 0.8304574804454292 0.8119095121227073 0.8202513204811362 0.7939134461642301 0.8059640761036265 0.7763602360246824 0.7833452740069842 0.7675010439547495 0.7539399250794017 0.698934564926507 0.7140753700471434 0.6630157722148101 0.6754108088319621 0.6545077542442133 0.7008208750500358 0.7011185521491493 0.703606123813359 0.6615266087424535 0.6323276465324602 0.5983068037778015 0.607859579514063 0.5603435948376754 0.5702370909374542 0.5133594481268621 0.5325597440503607 0.5645089902276501 0.5397969921016735 0.5087824886633507 0.5061728119125745 0.523875568474947 0.5487598842254656 0.5539838396202095 0.5925560307620885 0.6213640852762269 0.6076411986696169
0.8692681019276273 0.8833418967936796 0.871393541452503 0.8650314105317082 0.8032663911543745 0.7628376291323161 0.7570421477618877 0.7617646501794026 0.7921538717950024 0.8246170960329763 0.7692991402822043 0.7465985521020904 0.7908007499411741 0.7669413954881219 0.7528238918041807 0.7833517316664046 0.7440391460534 0.731071762191093 0.6857307807089312 0.6432319215449553 0.6803691066395603 0.6912259183808128 0.7131809207682671 0.7164563551517509 0.7392630822507898 0.7152570999211603 0.6614347273455972 0.6835360721944732 0.6264107525337508 0.5806360806229647 0.5644398357039258 0.5302191694545382 0.5433773900165989 0.5949165729070228 0.5404079821983916 0.5422553350659225 0.5162309332968641 0.4919050028212934 0.5220240072097629 0.5247948118002604 0.5362558438650291 0.6085224489292198 0.5965113051245355
