Raster_benchmarking/DGGS/continuous/raster-278.asc
NCOLS 100
NROWS 100
XLLCORNER 1743156.7885819129
YLLCORNER 5469293.607635132
CELLSIZE 10
NODATA_VALUE -9999
[rows 38 to 56 of 100, columns 43 to 85 of 100]
0.31130759876720976 0.4123094529658107 0.39686442948927947 0.4333689140763437 0.4559161487382245 0.5348048472067642 0.545582946311588 0.49260155786519266 0.529686112789187 0.572155607013741 0.5992308524409155 0.5960639677720997 0.6408082807328199 0.6766979454807808 0.6924175581929012 0.7517901339382355 0.7195478927349173 0.741432010268821 0.8101831514395988 0.8316731338931347 0.8766495853678616 0.8652885918175065 0.90257438658399 0.8589393607896657 0.831280068882143 0.7997842807939173 0.7967528853160939 0.7767325141711147 0.8278050285568711 0.8370338069217319 0.8923433947773434 0.8932268785088504 0.8806316550814866 0.8178548702751043 0.792197570316909 0.7658080449209032 0.6999671235140922 0.7295781863615939 0.7259240917539475 0.7476677476276439 0.7342392189922984 0.7324682762003566 0.7002420867875966
0.34704660571974627 0.44186577108539155 0.4076682027954529 0.41228826132524604 0.44271690200164665 0.560232389975267 0.5546313331924724 0.5056495005516484 0.5361696266048278 0.5486728108321972 0.5420197262279416 0.5904716987398241 0.6940277095395176 0.7517643057525528 0.7346365778843384 0.7596672854472492 0.69758505085483 0.6980460889577388 0.8094999813765195 0.8360500111059143 0.8429738712288278 0.8807531074491617 0.888753995307841 0.8251193467506972 0.875624243969425 0.8542835509752044 0.8655394461104047 0.8029397983805827 0.8586366282918004 0.9006406205071549 0.8895760906583434 0.8879003531966957 0.9200459401794854 0.895151779011628 0.7833391362079544 0.739432692564058 0.7178118146348302 0.7286560054899092 0.7431454708097726 0.7949364215306235 0.7448941056200157 0.7600589261783711 0.7280479666217229
0.38161805173897356 0.41407930830491646 0.4471003372314977 0.46173369875865566 0.4357760905963053 0.5120127372666854 0.5527732078334023 0.5761466737345553 0.5490302635597827 0.5773027959241196 0.5697100494015189 0.6322097413984897 0.67656598350095 0.7259980641118069 0.803209998727195 0.7643425478583039 0.7390779376976664 0.7405978758180409 0.7742173170445885 0.8541914350585289 0.896863582058149 0.8914018462740609 0.8512919836494891 0.8274270319428836 0.8687015519189437 0.906330163561835 0.8895901030662515 0.8687564444353566 0.8608366136830977 0.8466562486966376 0.8994171591774474 0.9040701813605981 0.9081789248031378 0.884519034334575 0.820749900998383 0.7940536435435251 0.7317173808555075 0.7588828954018584 0.7543899148043122 0.8106637067399398 0.8002378121351326 0.7207557407628322 0.6901159716692813
0.37203578967167045 0.3857270829957821 0.4327377529018438 0.43469401625705106 0.407117814000053 0.44679235886004054 0.5520524391357292 0.5584022163842514 0.5720602357979724 0.5623804867377379 0.6259885284333497 0.6603362384060316 0.6798654221324967 0.71656612691308 0.762678255752866 0.8496401947777706 0.7956641247292648 0.7764683195214339 0.8460065322772548 0.8449427174293332 0.9107263001626188 0.9045251208860479 0.8782829576036124 0.842800943178145 0.9353620590933659 0.9433385299793984 0.9213261236094643 0.878766972619252 0.893181542707477 0.8653770459285981 0.8897015669609396 0.9321190073948422 0.8904185835592912 0.8915134437785404 0.8707338403743817 0.8232777311403962 0.7846217602365843 0.7518773262310802 0.7428276392181811 0.7751932068001387 0.7769682358632994 0.7385536501747132 0.6377184899691286
0.40816352617236584 0.4361315608240605 0.3973218197475769 0.4181948938051472 0.4337544215772379 0.42772342151860804 0.5289193247091533 0.5835879051040705 0.5876988343011034 0.5702806779884031 0.6124573591495472 0.6722038041675278 0.7031598559466754 0.7386403788529234 0.8034308457583407 0.8162399772018338 0.853798472479994 0.8521642908448989 0.8553183935623767 0.8616477314412221 0.900359677311949 0.8861759056527724 0.9104334075097461 0.890531074272493 0.9622295836110893 0.9741478565069971 0.9564630461047504 0.9257227895662843 0.8870263653019143 0.8900657656344562 0.9329825940699669 0.93736568312051 0.9088396068188204 0.8502000432621224 0.8288109765238636 0.8371819087003541 0.7679254957600489 0.7820384879632473 0.7679253858450792 0.7542923432719011 0.6777338506665818 0.6344315811691776 0.6111400137606021
0.379793206161915 0.448271091670466 0.4434997681268442 0.4229055515697194 0.4302772089909131 0.4389652447182433 0.5306558133367039 0.5491472157795589 0.5576725399280881 0.5978685269209193 0.6176906079560254 0.6820769556868345 0.7534049479189302 0.8216319183801731 0.8616096768626149 0.8273276551206399 0.9014209787883134 0.9246750490068387 0.8642820864969608 0.8481143556937147 0.8992358089636073 0.8808581110366571 0.9505429890031184 0.9531383416222396 0.9556588278245911 0.987379580670044 0.9690978414412723 0.8897003501506405 0.8940348030278676 0.9002851827322985 0.9210257154879994 0.9097889347769239 0.8606214240128301 0.8329124220715808 0.8567694506014646 0.8255528781289622 0.819121145794647 0.8005370977144372 0.7839045537027355 0.7162723667699132 0.6326749879064109 0.6010723323103667 0.5499949948794098
0.35764155319070023 0.4033904429510807 0.4638109662124407 0.46169304367112657 0.43265130660069995 0.4726056254307091 0.4929958812697351 0.5195398130912204 0.5829095996502697 0.6487938377923324 0.7120957282728234 0.753418119775761 0.7996319828993432 0.8324682229091475 0.8668222960849358 0.8982539169125706 0.8965603168186875 0.8964468292483015 0.9054626529150225 0.915151439608641 0.9033741001732836 0.9115282733210724 0.9178278702968677 0.9692204347106338 0.9934526613934752 1.0 0.9442334164318835 0.9414247480233308 0.9301129721898413 0.9021847004929285 0.9176033350352389 0.8994971563815172 0.8402396457883736 0.7987797345453849 0.8232062579571093 0.807629095599538 0.7517359314098312 0.7840427608579003 0.7429274673080374 0.6524098705640314 0.613214923597447 0.5656624609582047 0.5853053903561191
0.39757089091855874 0.40822025455530303 0.45523323166549345 0.4486420528675199 0.48648189617940296 0.5337906893723599 0.5564791181328647 0.5890044449505979 0.6311150114999081 0.7293040915080242 0.7101504169427949 0.7962573405390986 0.820893891153449 0.8408354986726214 0.905779936347894 0.9385028990167292 0.8751615245824943 0.8854379460150403 0.8691631301962204 0.9064728655756785 0.930229889146387 0.935280944950942 0.9333482393760155 0.9579674065050598 0.9744698022545878 0.9714956410225069 0.9476044165117784 0.9835443759127922 0.9465754923116279 0.9651956768427041 0.8990543202743421 0.8171872790977603 0.8176927388996243 0.7786752051959221 0.7325924969667454 0.717050683203612 0.7016391536848581 0.7309871303740945 0.7228633928732715 0.6441542436167487 0.5939040912836725 0.5859440913450046 0.5881681125815353
0.39609361106021407 0.4288395954252089 0.4389555125493455 0.4249930381652495 0.4858235879941981 0.5273613355591164 0.5771730191035148 0.5828363037979822 0.6890350481050658 0.7356713189903766 0.7255871970590395 0.740458371753702 0.8178647400652356 0.8565934258784378 0.8786529379248095 0.9245824494003342 0.9155167373014821 0.9236712286473528 0.8934355774142712 0.884544121510424 0.9032031409684694 0.9051841559776403 0.9383213815276831 0.9815849436475632 0.9316968784050622 0.9580546134785483 0.9547152827032473 0.9461858708318224 0.9413947867427913 0.9479781140091841 0.8957772026094871 0.8108769064044026 0.8239100030985569 0.7570846966029767 0.729089828624502 0.708879751277521 0.7076419738615833 0.7234913368847484 0.6935725897858592 0.6394470737565787 0.6507835560501763 0.6121003700200947 0.5890822496884501
0.3985314638344938 0.39854452093940346 0.4515062896333002 0.4216962326945556 0.49906029962807646 0.5085953243770207 0.5858799904171054 0.5881258183979821 0.6957962954232412 0.7207171539434564 0.7192687022153871 0.755535854372079 0.8016865681300799 0.8432015491609102 0.86507324040051 0.9121765352911331 0.9485952761817265 0.9770521498023227 0.9434926926147112 0.903790247854139 0.9117408544137973 0.878178918774104 0.9340162600605486 0.9569598304709461 0.9660610226002089 0.9750604109035489 0.9748991089356487 0.9974331584469607 0.9758136172865077 0.9225281711308062 0.8671636416452512 0.8292057952336785 0.7977728214357414 0.7724790631791828 0.7059330907493966 0.6982123277164252 0.663277417959934 0.6809706160678748 0.6711290147409232 0.656056492351106 0.6762748453555244 0.6427821042116895 0.5665207607033848
0.40064351236541684 0.42546378701855553 0.4360395497609023 0.48363236584688324 0.4739193761655057 0.5054323152731207 0.5486508269496564 0.5965880931503408 0.6954791526906875 0.7148997210196821 0.7165461193595353 0.7567030334024951 0.8210183360685358 0.8520995635291657 0.8391079353319237 0.9172379673766694 0.9086548588218598 0.9137667043898224 0.9168146169183197 0.9065878756822396 0.8705934466863836 0.8619331192859766 0.9098407854580011 0.9465767971462509 0.9501205557080096 0.9871744943966618 0.9858128037942762 0.9570966864674665 0.9317837247402585 0.9026450426567448 0.8792334372649913 0.78425865778743 0.7612754017196103 0.7075287784981628 0.722837713120335 0.6710994474306498 0.6704172578279894 0.6138717292515671 0.59920582336671 0.6030599175381934 0.632369869862247 0.6296021913840667 0.5920035201220295
0.39110947418441566 0.41559953691394586 0.41863170483624224 0.4631201017112008 0.45491334064932176 0.4824645464233082 0.5883418298877456 0.6472179678840349 0.6501579265735553 0.716944969780144 0.7131825788239111 0.7811415685416968 0.803625872242999 0.7977655393195479 0.8649602438500291 0.9178562124609436 0.9030642272369521 0.9316749207103284 0.8717095076497926 0.8729369444948949 0.8976069080907789 0.8888543499481733 0.931843856531746 0.9577496611940322 0.902239511335829 0.9108749158589515 0.9211868219206264 0.9691014320624431 0.9519024954789895 0.8571985624193362 0.8544938178314806 0.8037097009216073 0.7381255695602452 0.6887588044087951 0.7097886271541313 0.6519843109487716 0.6492175928266402 0.6458024592246008 0.6063082928992853 0.5530083234183973 0.6018575731047088 0.588571267518206 0.5859963469367624
0.45871986557511296 0.4813035124839333 0.47251167921825904 0.4638373007566173 0.481778901896149 0.5113412108874191 0.5874394416514945 0.6431917821024276 0.6326819567791709 0.6606022644175251 0.721896193155477 0.7196964598778015 0.7513934036253992 0.8115784095076181 0.8648986610709546 0.8800411241101851 0.9039474426551577 0.9132887178725032 0.8798886942081244 0.8739633716015089 0.8740844498166107 0.9116079272617285 0.922744711893773 0.902233786492122 0.9157350219656102 0.8938007609716955 0.952467609489027 0.9751593167511307 0.9265192433919036 0.9026999978008963 0.8419554421483323 0.7781019995036533 0.7234439368535663 0.6903665441391046 0.6714572932615513 0.7071086620995719 0.6656353968124864 0.6352247482280853 0.6207560898396449 0.5929163101114584 0.5777640903025525 0.5852388718446784 0.5419985723352313
0.4692993014541356 0.4505271916096053 0.44977760102618325 0.42274604060302107 0.4458633789531989 0.5110450690858366 0.5672555107779831 0.6122965860943866 0.5909516846835987 0.6332836827687153 0.663318357193201 0.7029788224082155 0.7366909436458648 0.8213604028943399 0.893154717745693 0.895413096451391 0.9038808182139579 0.8589148695532123 0.8888212540218525 0.8402822943815249 0.8376016561341675 0.8386903714660897 0.9260936928478853 0.9347775371701103 0.9115176108849306 0.9132641846771008 0.899413017000113 0.9257707224789465 0.8844354161829691 0.9140634300949211 0.8235805546650974 0.7928118108435184 0.7368248604549298 0.7412326585322285 0.6972302706334631 0.7171195615814708 0.6933177373208302 0.6052931824893368 0.6149060039287318 0.5997837234799147 0.5702768793459352 0.5022374144040334 0.5186160272998969
0.4761037409320479 0.4774616990245319 0.47045818870718564 0.4879848788767007 0.49705551602547926 0.4987449787885964 0.5838346544164238 0.6067189212084534 0.6213162933991865 0.6520211261103998 0.6885880120049827 0.692632870841299 0.7504254723662038 0.7671818331617747 0.8624667976539983 0.8610702723106926 0.8230412773008005 0.8654982349013784 0.8982622960176664 0.8769531451993968 0.8614803971816959 0.8993020205226538 0.8914501917875529 0.8820969389030582 0.8564825573842396 0.9060003012956132 0.8940911966618796 0.861850402795736 0.8636741778374785 0.8738414901650096 0.8583721957411462 0.7805059793822502 0.784367809483812 0.7311734875653286 0.6877500825148104 0.6585252782041472 0.6638010698844441 0.6744196001421566 0.6275367666772649 0.5726057448417043 0.5404542547915312 0.5483893707555308 0.5302791465744664
0.43072160145560356 0.4693002566752079 0.4835827364764785 0.49622011974976904 0.5219121451151756 0.5291887608240178 0.5246932511247543 0.5743981656830387 0.6235337304364668 0.6759726671276048 0.7154604360090144 0.7229017071127826 0.7073646904398777 0.7735442491311709 0.8030232085631538 0.8235475412106683 0.8128880689306794 0.8544968684124713 0.884829597789178 0.9047576870725182 0.8703653322889439 0.8868628270945126 0.8698008823845654 0.8513242869260959 0.809903447449713 0.853513845192786 0.8544445239804506 0.8593905789780526 0.83909152908666 0.8600737277669149 0.8465708695660853 0.7600098303680336 0.7400293798659492 0.7043615385508049 0.659398433432726 0.6668329412152728 0.6628116562070008 0.6597682848747254 0.599241320254625 0.5578769683198777 0.551699824774696 0.5698292696878708 0.5635866825188904
0.4688760511237933 0.4639532162930373 0.46575982591164555 0.5062981309781937 0.5175236353993884 0.5331395118270105 0.5162198936945512 0.5518781295208014 0.6022468107123261 0.6512176126024469 0.6669186372496264 0.7216643835531918 0.7202402090890385 0.7396673988945733 0.8129077770106662 0.8090714717641658 0.8407751140710508 0.8766994229643792 0.8787480508740193 0.8994387284396571 0.8710284727100285 0.8440564596978662 0.8771264266710285 0.8707459537297574 0.7873685387006408 0.8098884225687281 0.8201879926032263 0.7852986038728141 0.8299356573082182 0.8173269444538003 0.7964069486092853 0.7839227124863117 0.7790913080625612 0.7329127589334474 0.6931817566633128 0.6792254912161378 0.7008378812754027 0.6447024001137626 0.607655615187021 0.5721349425614362 0.5784134844240106 0.595650078460704 0.5740575987424307
0.48903825818411534 0.4985435481263995 0.5040803413069401 0.49122975013948317 0.4604460109993229 0.48701408020308656 0.47323702699521536 0.4774151306157194 0.5703582301367185 0.5408803233557946 0.6235096306412834 0.6552281576842129 0.694816624687697 0.7675847170598525 0.7695195850137743 0.8702377980089833 0.844648687000029 0.8945901957414936 0.8784150627621798 0.8354956394517508 0.8419274234777179 0.8530341526224734 0.8677770232882861 0.8325814714243722 0.8001590925466503 0.6956016156480247 0.7272970717590197 0.747221805292815 0.7468712548337003 0.7170458490010717 0.7886830465717659 0.8110620460644207 0.7647038000773532 0.8190663590567187 0.6980944107204331 0.7200408615411307 0.7064371374041595 0.6559862280089748 0.6295459745620069 0.5486888224531962 0.5626442840086857 0.523234997959607 0.5910342602317081
0.4084796877624962 0.43716653917614884 0.47413046810518816 0.46964148658951704 0.4656732508261846 0.48182798623660805 0.44697059182414783 0.47274887237476537 0.5367019675192378 0.5558525339292227 0.5805801794342766 0.6226643255451968 0.6709666227199135 0.7376981983039843 0.7643097884249841 0.7786217923902249 0.8518635809929058 0.8594551742975263 0.8549825706909626 0.8175485730449529 0.8456688463142379 0.8701693463140824 0.8294022484370795 0.7887809461336133 0.7850084606559541 0.7290886314868494 0.7345564292077641 0.7256679970604488 0.7529978986942316 0.7181679480560227 0.7501488789888985 0.7866032681080282 0.7809024795036537 0.7301336903557556 0.6990316973360637 0.6576634824386589 0.6534878998746113 0.6254173498587452 0.6151951448882003 0.5896367154806196 0.5374928236372977 0.5764179184816705 0.5758956435193371
