Raster_benchmarking/DGGS/continuous/raster-338.asc
NCOLS 100
NROWS 100
XLLCORNER 1743164.1828602129
YLLCORNER 5469296.536904794
CELLSIZE 10
NODATA_VALUE -9999
[rows 38 to 56 of 100, columns 43 to 85 of 100]
0.47126988913402856 0.4806095485063518 0.4727106907912476 0.4957017236070411 0.5015240316657081 0.5145351915889561 0.5115802452411232 0.5135800879418877 0.5522359941454873 0.5736806829420659 0.5627615412144081 0.5809362745293729 0.580251416720736 0.6102541962204363 0.6328127076108747 0.632003300990841 0.6445719074640498 0.6690382646315566 0.6877989018116294 0.6958610492022108 0.7088852529136328 0.7087180527652175 0.7321839454502487 0.7367619068827701 0.703325653397455 0.6943942284686275 0.7087052370002198 0.7039726911638121 0.7375539966705188 0.7351103900670768 0.7358299215848975 0.7266623955043015 0.7510266893715061 0.7450775860562753 0.7524845763861321 0.7454725256302485 0.7284934293812038 0.6999993295665653 0.6924257603106548 0.6570901448186056 0.6637487335884817 0.6663636162104667 0.6619925435744077
0.4580737714026726 0.4892164792137525 0.482233575635298 0.5099721147510212 0.513644840556224 0.5189527304246997 0.49691577995392705 0.5321147351844008 0.5527971570103539 0.5493265171457382 0.5657944709650707 0.5971788978809547 0.595216774873794 0.6149401396032906 0.6271795388926703 0.6186084400948131 0.6539760671588557 0.691530119949298 0.6850061271242288 0.6994155444748995 0.687188401433335 0.701595706384311 0.7471994925680786 0.7507528508134538 0.7239740447466422 0.6932202574021631 0.6938188722666312 0.716218199258741 0.7062056213394227 0.732132192154108 0.7368388046586415 0.7305231251780628 0.7595307618816478 0.7376108464177276 0.7632964678692506 0.7730086241232662 0.7656655986747214 0.7079429721928419 0.6894050539941127 0.665255259845392 0.665325236482374 0.6419320728862294 0.6233331913738509
0.43100370254522224 0.4658551962720359 0.47068777314066373 0.511754350004522 0.5182436808690116 0.5076425587742335 0.5026238352266741 0.5383529393051789 0.5591778437812951 0.5549738974405921 0.5587778585203348 0.5746845403587917 0.5670280893472844 0.5918066931787102 0.6213584899467179 0.623541431715988 0.6631621131228247 0.6887751291583254 0.6790724087031905 0.6855869203953747 0.688428636227378 0.7272688617276241 0.747842855226094 0.7412453467016523 0.7407781384929344 0.7033273627463437 0.6942893218654392 0.7033483298830923 0.7132646692821357 0.7174197521371624 0.719606702829796 0.724220316219148 0.7274812326811477 0.7408940476834206 0.7711143026308722 0.7690503956848161 0.7582532759542027 0.7373928201684709 0.7214748925975236 0.7071506333613803 0.6939908716510216 0.6687309330249601 0.6287950679034796
0.4164839005421397 0.4501859211967778 0.4829910209192694 0.4864267313620875 0.5229195120021023 0.5301660770849711 0.5114837556907039 0.5284173262652272 0.5705327926152971 0.5574175192812794 0.6059045006000602 0.576161548495371 0.5794744042151309 0.5785415338988275 0.6062803941534342 0.6384774748259654 0.6523802008256713 0.6827751148472492 0.694969925007651 0.6967545487483636 0.7204506121023533 0.7336651290634519 0.7426506195288194 0.766797241908407 0.7463778850109448 0.7104546040723346 0.7117875188942014 0.7071839889509828 0.6956139572201505 0.7004821458901581 0.7409569937570875 0.7168674120530878 0.7181331298743207 0.7354223941246101 0.7488352017740695 0.7513772412761471 0.7714896954113052 0.7512352787161052 0.7549994557058216 0.7262224411349123 0.6784369123784141 0.666451236866529 0.6335502346911481
0.43868576831190176 0.44032230536561245 0.46132126808735346 0.5026293042066774 0.5167376198785452 0.5323064148109155 0.547512833287614 0.549330295836054 0.5549456001727765 0.5750647500939704 0.5840221001720629 0.5951095835252858 0.5833390645237131 0.5914265659641254 0.610269636681856 0.6479955579057928 0.6424752299581435 0.6804151451119598 0.6932148586466673 0.7261626883911626 0.7287500109741406 0.736113901864575 0.7728588032307746 0.7660407051605905 0.7523745856548818 0.7404576169298485 0.7424771486091668 0.7395558512177224 0.7106996423669281 0.7030133831049921 0.7071465026419107 0.7170036892766778 0.7381699894639412 0.7488783319665909 0.745182677687082 0.7644045434062056 0.7575568479276164 0.7415802990315185 0.7380056971291281 0.7416195478281986 0.6913170523503266 0.6772302981987919 0.6843338006540445
0.4258919274041235 0.4637022788687498 0.48825321331829924 0.5006049262305212 0.5499436991499086 0.5645636220684519 0.544575405852873 0.5620412139240551 0.5958002282125631 0.610338606397672 0.5918892338173322 0.6017365599452796 0.598927367622392 0.6077717227607299 0.6178727735411834 0.6314946712054531 0.6405997943050282 0.6789844011719378 0.7153488577499069 0.7072459634097532 0.734679042656297 0.7545010542173302 0.7985553061205753 0.7775495263608545 0.7521957243081965 0.7482433419400193 0.7747343531754467 0.7495944938847008 0.7225040265919693 0.700992567657428 0.6973192230273403 0.6938135753044586 0.7253294918918943 0.7280928459912402 0.751809832304716 0.762330926612539 0.7441400557868175 0.7465399286841683 0.7611181539348121 0.7411385727328899 0.728385771096138 0.7232278769123237 0.6985985132336987
0.47092884118149486 0.49668685817873726 0.4840498025929352 0.505045173689637 0.5328019877752203 0.559113737302133 0.5608460964187018 0.5860528181147278 0.5996778050868791 0.633325197585759 0.6460806153819292 0.6221417414580164 0.6224734624121516 0.6144349619461162 0.6282890989437881 0.6347434030338488 0.6606099492987085 0.6570929182107963 0.6957954985517142 0.7122760928360483 0.7432382023779196 0.7659200686147757 0.7935569850917492 0.7818078783061747 0.7498741630658358 0.7463416360284505 0.7515930104582488 0.7459812168576627 0.7175009154439672 0.7213666707389907 0.7144832373004959 0.690726470194467 0.74159790364951 0.7485163821161103 0.7412868375487414 0.7680032778451571 0.7390418819207039 0.7350227768429737 0.7289451489149249 0.7170111571783803 0.7028908281617686 0.7261168025681486 0.7206483840466323
0.4987343185199202 0.5010473440197899 0.5056391504260658 0.5353208010275475 0.5316517262061727 0.5703749401631887 0.5950428560151313 0.6126718240796438 0.6071962225553053 0.6499765705223842 0.6625599845162495 0.6670306137611343 0.6533137766584564 0.6465503345637096 0.6453570358172177 0.6447767481061174 0.6558030025088759 0.672785112925903 0.69333320986581 0.7048773068863378 0.7576408284250667 0.7682160698436985 0.751484471754594 0.7594202488481195 0.7497080914362003 0.7277827647578956 0.7555805358791301 0.7221380028427441 0.7186267118975647 0.7068773472341296 0.6810461115707025 0.683900628818316 0.7305570016290499 0.7296691822266559 0.7529177056694379 0.7410804298924665 0.7586552019709393 0.7470978101818703 0.7126580362379452 0.6994894654751559 0.7074016299043032 0.7300704514042962 0.749652590643486
0.5031783743989948 0.520572064854586 0.5476792807350626 0.5381628068095033 0.562575444963428 0.5637825848014438 0.5748840912577617 0.6210881788416811 0.6154232693522544 0.657549128622667 0.6581812859225677 0.6887395949339963 0.6897864374548611 0.6870429039493844 0.6554057045996425 0.6649283283254485 0.6927373629384665 0.6938256379276655 0.6846760350770241 0.7061579037046947 0.7254800792292124 0.7674320895168375 0.7625954030135511 0.7400416057829463 0.7363316000095002 0.733111562268707 0.7119616373803579 0.7179299698764403 0.7203169857578362 0.7015199505019769 0.6899417704093268 0.6935476257750293 0.7237820151041405 0.7223654204907634 0.719806040420825 0.7395813144230062 0.7243122479449239 0.7345541999360148 0.7267789006523826 0.7201587324329005 0.7054592331473174 0.7261679272091819 0.747328007206833
0.5600924727410528 0.5552693405170734 0.5829121979970993 0.5561201964779612 0.5865581305004042 0.5697052087987221 0.5898992394689067 0.5950107660986302 0.6236322895232663 0.6489132060216071 0.6780798374178667 0.6750966080759541 0.7072717183303673 0.711555981513398 0.6774350014483946 0.6731555407517227 0.7102196366264883 0.7153787445762972 0.7137357635805135 0.7054247785787443 0.7314114807660556 0.757493970803542 0.7710353427182588 0.7672947560455099 0.7440315223290885 0.7156189240696686 0.7159209751933454 0.7177110984522652 0.7338121817412613 0.7054165534011014 0.7062526070547318 0.6947767692074366 0.6895657772799774 0.7279276984702094 0.7371177754053031 0.7176115987091528 0.7361609122514559 0.7066557580193927 0.7116561169091268 0.7327714315103044 0.712231811957478 0.7372081255116614 0.7678083599152996
0.5553719153413353 0.5638578712864527 0.5869053594732536 0.5835485632624415 0.5902105292128752 0.5797902213958172 0.5895251014395531 0.6123819774127524 0.657907879078691 0.6607418913571332 0.6987433779229776 0.6783269561929957 0.715408078924232 0.7074081138319083 0.6920000070632709 0.7041796335316469 0.6865554180012496 0.6902245017959954 0.7196510294836498 0.7176703224051731 0.7148314553013575 0.7408093495004259 0.7620463245043838 0.7661104000517597 0.7456678508427749 0.723214879669458 0.731836875589399 0.7298954761362666 0.7408772699314738 0.7392361736030522 0.7271894513355414 0.7248796530526633 0.6872732940560272 0.7012875058229603 0.7334128390195724 0.7129208092605265 0.7149974318138399 0.7135715165362558 0.721853671730954 0.7459458862325979 0.7370001812387842 0.7382227894276258 0.7654686558061194
0.5377609345509333 0.5528266715011297 0.5795608790364156 0.5719060538645364 0.5653046279963665 0.6013134827894355 0.6293989602371293 0.6281573975075994 0.6589399528917884 0.655375586602033 0.7040689433250147 0.6919671021857005 0.6917597512122835 0.722109380153898 0.7123451597896392 0.7205488231636139 0.7095375533308486 0.7087223682866309 0.6987519825288762 0.7394513634143891 0.7235374712373562 0.7253237834148982 0.7627055727764213 0.763615762541509 0.7697747770401119 0.7385981059679132 0.7295274678561888 0.7329191261385682 0.7159536057239615 0.7538833834196219 0.7433707445265599 0.7179487653594625 0.7085336504832427 0.6918656659891078 0.7100817735688598 0.7180843817752972 0.7220529156786504 0.7295001805151464 0.7401811362498852 0.7676418681600198 0.758377963952604 0.7637852402211135 0.7390113252996307
0.5529641299740672 0.5583082528444103 0.5673672565662488 0.5718860471948898 0.5875096482219071 0.5865456459666637 0.590831454648896 0.6175980445254616 0.6246702960747643 0.6640764922070033 0.6686122532136053 0.7011521219534339 0.7099410043538738 0.7111529002095667 0.6966414731970837 0.7159022222128851 0.7218785129229004 0.7062850236296212 0.7348313742647452 0.7467411199694955 0.7328494184120362 0.7434806458389371 0.7782540434913192 0.7727237510252083 0.7589106089037719 0.7209178320554827 0.7317322497272212 0.7330567241892844 0.7325235538917548 0.7626129175903216 0.7604780927046705 0.7483261349190681 0.7446336065454559 0.7222364604350547 0.7081577625292687 0.7163137793960882 0.7306370123842225 0.7530838519693278 0.7449233844545258 0.7638257291288534 0.7445737849450691 0.7726989108257014 0.7451985683638493
0.5183191475258878 0.5334783369050712 0.555753603544769 0.5518045840019915 0.5672543781608297 0.5921710796093256 0.6003787931561346 0.6242317658463176 0.6326004952023834 0.6636534077425621 0.6783377343670876 0.6819307297449985 0.7041072370827443 0.6931698663297026 0.6922386663111135 0.7202270363074941 0.7014068543174836 0.7048267415120313 0.737811889352344 0.7578262919280353 0.759489655883575 0.762176805306572 0.7608898861817613 0.7399783667878974 0.7251667453767279 0.7383396645022086 0.7093708981099883 0.7291131583427378 0.7373455857775588 0.7441282122199536 0.7772723079319992 0.7521178793755374 0.7485068948594138 0.738420311986794 0.7115281416554894 0.7363418937791715 0.7610512225094935 0.7385848538977652 0.7366624368816242 0.7397764326138363 0.7451168759001117 0.7798418577767818 0.7803850189877187
0.5439569664174602 0.5292769311174184 0.5404687951202202 0.5701421070640471 0.5667356087192712 0.5632288496273433 0.5878977733684793 0.6312856670531771 0.6488629927877806 0.6461125942344753 0.6686701886520993 0.6869243095200128 0.7232344874420865 0.7045714642489691 0.7388034117105414 0.7343813124341521 0.7336887896510791 0.736657065991286 0.7590574685916228 0.758928202502904 0.7270002030150005 0.7297339628371913 0.7284642049987774 0.7614526634450665 0.7491989856603573 0.7233792335957696 0.7378484539016916 0.7439702294213769 0.7531804880208022 0.7270932069995117 0.7350920246184385 0.726615550658409 0.7526138899664014 0.7334843348196913 0.7283484636514022 0.751758981873958 0.745577753263177 0.7259073582988526 0.7373878212554267 0.7354789434828267 0.7393166201853947 0.7780685488481539 0.7701398787060381
0.5336556631236046 0.5236843145640561 0.5548401180654978 0.5596286061586246 0.5694301080575941 0.5884637974610614 0.5882284939256778 0.6438394873870483 0.6644335990413708 0.647017236271302 0.6598810097734347 0.69122093330293 0.7279139617882788 0.7413031034280128 0.7476260086474406 0.7504260791265248 0.7610622640498352 0.7829374060046611 0.7813601020693743 0.7688295864715434 0.7329466001359315 0.7167781524613831 0.7275493061078375 0.7522549018211006 0.7585257037230326 0.7618163262477492 0.7258635624476879 0.7464410626185904 0.7419446461387074 0.7406609458261791 0.7273433022594631 0.7365329726754251 0.7272903288056695 0.7424572488410182 0.7515263100223258 0.7280476897466266 0.7451402678524006 0.7158550206968554 0.6950046336460599 0.7323266470030535 0.7438230089454179 0.7590244376750683 0.7719727149852788
0.5273725865076386 0.5148772894486474 0.5129104077333044 0.5351334991398105 0.5391849683015925 0.5690981300495815 0.5991143341200992 0.63472379047898 0.6531663129414641 0.6869214264002882 0.6776779687940903 0.6955828398198909 0.720760649976674 0.7365428868218934 0.7712392236986858 0.7593418870313074 0.7583595981156533 0.7818521012250542 0.7879235711748711 0.762089440746681 0.7171486029718375 0.7083825974928587 0.7307572742860956 0.726725343723273 0.7391649133111807 0.7660788232795657 0.7674013596138838 0.763027411088962 0.7557357031448856 0.7554903649994034 0.7352198507427127 0.7449836767360342 0.7590462295937599 0.7469382983122539 0.7328205757534668 0.7378991332261303 0.7306588910608526 0.7118224079952783 0.7004364663845662 0.692495753259807 0.6916714418286847 0.7130649270956729 0.7312893288474045
0.49323286356149154 0.5232562840782258 0.5095019178880957 0.5319834909177339 0.5392198305834068 0.5815293368205866 0.6360498222425748 0.6578656028937436 0.6827203821590095 0.6724484043057455 0.6861278855178619 0.6951723180420823 0.7327113663519991 0.7677327026499375 0.7882769317943873 0.7700053526597885 0.7601678174333316 0.7844438260100746 0.7879176591179515 0.7595934165574553 0.7232910837728704 0.7308958662433797 0.7206538933728884 0.7295551814926339 0.7375691852553408 0.7779068084859321 0.783014117029201 0.7449822765099817 0.7424738421855588 0.7687224608700125 0.7735500832790477 0.7477077780874866 0.7520436144828264 0.744969128455118 0.727777973158783 0.7376207027275989 0.7438487578775832 0.7251152883506607 0.6824467584345021 0.6995151699391576 0.6808129946462534 0.7092043044235956 0.6956856757309042
0.526026182305594 0.5390827786488542 0.5207817313648986 0.530003599451324 0.5524526952823975 0.5726103516281642 0.6346117381687426 0.6511724344716506 0.6803319725899862 0.6846154725588828 0.6818866350291427 0.7177127093600781 0.7244167645105115 0.7399395197614922 0.7516458284592814 0.7649969771270257 0.7605309899161199 0.7701571114807628 0.7547013200107042 0.736643114637115 0.7230424582131678 0.7339897832871685 0.7372717778524784 0.7441554351685712 0.7651132089452245 0.7559411747628647 0.7774549979049779 0.7525191349760768 0.7612932452578806 0.7594142219197181 0.7541701488105692 0.7711638475873316 0.7378826415372985 0.7492546049618645 0.7594271193803673 0.7532086506571332 0.7523649197152377 0.7272516134040151 0.704917695602476 0.7089785287661382 0.6886032052443856 0.6860937727310645 0.6991513419491177
