Raster_benchmarking/DGGS/continuous/raster-264.asc
NCOLS 100
NROWS 100
XLLCORNER 1743153.6975630193
YLLCORNER 5469296.81164756
CELLSIZE 10
NODATA_VALUE -9999
[rows 76 to 94 of 100, columns 0 to 42 of 100]
0.5659871904106392 0.5824083442373674 0.6078809946543249 0.598463321844592 0.5783765438544403 0.5801833578233525 0.5784505079237394 0.57647705460546 0.588959553065035 0.5853374868757011 0.5865032361623227 0.5706699117825165 0.5916485600220899 0.6338124331362146 0.6523729026989277 0.6648807963286333 0.6955590126244012 0.6854668596488532 0.6455087957652476 0.6578803096493283 0.6694574914502753 0.6531644340964293 0.6862885987240137 0.6737968855571186 0.6895581763962574 0.6675758777309805 0.6727479626041931 0.668457982125012 0.6727788763335862 0.6835966284270303 0.6749787498200964 0.6976732717315096 0.7103244364948704 0.7286229451653108 0.7441256151454165 0.7397655606484047 0.7858989173688558 0.7876997620850522 0.7469729478301449 0.7473518729466337 0.7525607993370405 0.7718106275357222 0.7851051526806192
0.6214633201624202 0.6352648070512895 0.6350348159448345 0.6290822065388417 0.6408660375343336 0.6217393596996538 0.6033272407225991 0.5806107940273639 0.5785640994869344 0.5994978317327138 0.5688257177752198 0.5825387653986311 0.5924734583743737 0.612859481714451 0.6599265936720541 0.6816530396788718 0.658614299082873 0.6653056387672319 0.6897201118111896 0.6841831869163186 0.6866291675170597 0.662639378931897 0.6930935349394232 0.7036289508449158 0.6983780579324793 0.6790797962331254 0.711819698417024 0.6970842915861574 0.7094413646386666 0.6965932354790167 0.6850271785866833 0.6958620409065989 0.7233355575400139 0.7189713113638728 0.7289402163554222 0.7410580265774652 0.7594190574811431 0.7809316337057377 0.7443198268382647 0.7541021969137841 0.765106069894783 0.7530362864747745 0.7526692751242308
0.6441736895284117 0.636835029503459 0.6404279562512576 0.6432628975703228 0.6930565091659804 0.673294640242971 0.660132181252388 0.6282119824921962 0.5760722740654981 0.6139733719752121 0.6020271341048301 0.606216859150567 0.6172561673660475 0.6170554239144781 0.6669376797584363 0.670248223922694 0.6783263554114015 0.6900923885848265 0.6749572266448668 0.6713772897834368 0.6635965070071158 0.6848642887715997 0.6680472679959045 0.7107811776937831 0.6896547536440759 0.7310238536393858 0.7426696050906426 0.708527491659845 0.7458472816193913 0.7435988247747923 0.723995585137099 0.7444742568727254 0.7267982397108523 0.7490176271223078 0.7311598680686165 0.7438198571758579 0.7902577466769424 0.7855095804104468 0.7801063312089815 0.7702727513870576 0.737300227231157 0.7276678606622085 0.7560851385783545
0.6699653700509706 0.6892351236167734 0.6673391223146082 0.6770042389915276 0.6948678406904364 0.6805323525401963 0.6393188246553 0.6450765693497293 0.6210541074577691 0.6022911863185553 0.6206303137857487 0.6620040821862119 0.6432968473697941 0.6483638262957028 0.6543585857225082 0.6660190564884609 0.6661407519347259 0.6658756099812677 0.642010632060194 0.6579558146792562 0.6454494054284919 0.6825981866429011 0.6735236896411319 0.7072181754597622 0.7224513357564645 0.7427236715302273 0.7454904644115712 0.736090232381908 0.7428745862140907 0.7789081344526798 0.777270703461576 0.734672268310698 0.7711893752405797 0.7774841505674389 0.7746494276425842 0.7962059578026026 0.7985201799489524 0.782738362286707 0.8036873988003601 0.7748577124709217 0.7333484740603466 0.7521188549749763 0.7496924917847938
0.6976518885793361 0.675841831285282 0.6976038023868985 0.6901225874556971 0.6947988202121097 0.6986440697236627 0.6677509843724225 0.6400624161437941 0.6187089784885746 0.6131199774108235 0.6655525862432252 0.6772528885807846 0.6943903592235731 0.672872718264802 0.6576890445427052 0.6740078880064624 0.666853046190507 0.6457364357234339 0.6379583010238502 0.670614371406125 0.6703653891959817 0.7036451946983888 0.7227517744247329 0.7161649575476059 0.7346378264904898 0.7381542801495806 0.718830139328703 0.7685776579519333 0.7885957991172107 0.7913700408419402 0.7985057952377497 0.7589366141202629 0.7533239206022901 0.7963837911194266 0.8081094006557207 0.7872597429739561 0.8257442457552444 0.7951560074196851 0.7942746605902609 0.7526555345524601 0.7312852987026325 0.7126922719513696 0.7124912148217925
0.6941986014774655 0.6867142418120642 0.709976760549308 0.6806994204413447 0.6732589061124471 0.6752681751267804 0.6616656844579082 0.6617528526393767 0.6373729686141106 0.6362147804971604 0.6718721124583202 0.7025428622328437 0.6882933772562447 0.6608386398654729 0.6720611933539049 0.6496882884246251 0.6808608976134369 0.6466477356697403 0.6397315149363624 0.6419947274751474 0.6730322278229005 0.6966286651646554 0.7210441284117479 0.7025981614984933 0.701669726894413 0.7403704408757731 0.7385553944558861 0.7606708077286677 0.7957525454965404 0.8098126497405933 0.8203037222966443 0.8239759496355537 0.8137514610494168 0.8135733995430623 0.8009670711676639 0.8116852217048688 0.8473841871710597 0.8123988242453455 0.7675268049679443 0.7440924793549906 0.747203462071626 0.7014001158539298 0.7213142546366473
0.6902742456364146 0.6613188250887185 0.696246800077369 0.6720863852076846 0.6885068200872927 0.6692124646137904 0.6587381306376053 0.6404836281068322 0.6222771453957026 0.6547959626240092 0.6605721241257504 0.6803950470236074 0.7023144720192173 0.6711152209038613 0.6789733768322223 0.6479497574325229 0.684827901121832 0.6453468009885146 0.6330097055836186 0.6353070026757015 0.6518851703810291 0.7027980239949577 0.6879753240812422 0.7305647957566932 0.7257644721686265 0.7282765141934766 0.7512561017494984 0.7858398202529653 0.8349094354795307 0.829041552428858 0.8702225913238429 0.862756818505087 0.8284538076821665 0.827133326462731 0.8516583403722233 0.8073839093407743 0.850585560221395 0.8045160336657087 0.8060269227591584 0.7650605973634962 0.7355350142246492 0.7111613817604729 0.7144266861844054
0.6741823685724345 0.655811244969821 0.6558143784289905 0.7005716355007506 0.7086377975173025 0.695576095711161 0.6837130848743709 0.6749347222896335 0.650138953933197 0.6370424675444954 0.6498420162489951 0.6590457629199395 0.6865580806872297 0.6858986387341729 0.6712801090773636 0.6667779284417555 0.6558022864118774 0.6715562243380545 0.6524645245973306 0.6511735487823238 0.6694448171164386 0.6792105640468098 0.7291131019554756 0.7452924578052965 0.7621728725067797 0.7446792232484098 0.7669702001832459 0.8107648335604247 0.8141662400074391 0.8401480093083843 0.8397797345840423 0.8417001598309463 0.832026850720939 0.8363572342911111 0.8273298393133593 0.8065967249979089 0.8167006697398663 0.8152965746309937 0.8039410452104188 0.7765713185440222 0.7568555247263086 0.7225404142810385 0.7382457052050464
0.6257897473845645 0.6633679522781165 0.6614681067650382 0.6829147565424275 0.6763272442642881 0.7178726783947117 0.7111437995703707 0.6876907725412631 0.6666421247842991 0.6469764737700517 0.6762643766164663 0.6931958709706807 0.6900986471932675 0.6968142836081653 0.71619812262113 0.7005358043355552 0.6612692243596037 0.6958488362299714 0.679818703510244 0.708483094406799 0.6969154682382421 0.7204651115222065 0.7543912868114198 0.7918738461685599 0.7769545603358297 0.765792949893997 0.7853240963299198 0.8372144181202253 0.8404353476144856 0.8617109244575151 0.8582495629474127 0.8292242216271196 0.8114057622978865 0.8191427651241938 0.8083134965442054 0.7763068147153975 0.7992545855442127 0.7931395700919345 0.7566173334216618 0.7492452564308762 0.7547548010718113 0.7394241442991386 0.7494308798939204
0.6288037460866748 0.6435379154814719 0.6529396886329829 0.6599472636910247 0.6648822202861283 0.6961570863569477 0.726518992117437 0.6997585049860484 0.6823986382870821 0.6908405437824007 0.6953303307734621 0.6736223274547891 0.6720755802984795 0.7100648131686244 0.7230240406870336 0.6915334342973143 0.6769679656854606 0.7064907229836671 0.7326325676185753 0.7166769370541421 0.7346657097831386 0.7895316419785434 0.777138827734221 0.7978539500020781 0.7977405845992028 0.8191586091239266 0.8393743326122861 0.8360176389951756 0.843341685700654 0.8380212649206366 0.8246656733861868 0.8173025223897753 0.8153770225453166 0.8060784656109198 0.812630409728903 0.7843409159078121 0.7926665762041526 0.7664042358161041 0.7759235586277577 0.7574646695922752 0.7457076217384149 0.7361092623226263 0.7200420238494581
0.6522171315206403 0.6657973188905592 0.6962227708502755 0.6932378737463455 0.693654018487108 0.7303105783668621 0.7309785232747363 0.731600335565254 0.686400665921369 0.7177658006086481 0.7201483025393934 0.7106339426492636 0.6798160562187632 0.7132235027755119 0.7081977623633952 0.7121227403211465 0.7209586482806931 0.7370525464271106 0.7493855855431618 0.758608825376763 0.8024201883478724 0.8098985166436615 0.8154848882393024 0.8053039346221286 0.8256435907410892 0.8259234131955857 0.8428153912330562 0.8274609944492541 0.8295851135270679 0.7969734530168974 0.7937691044157745 0.7974109259634157 0.8524949528304941 0.8210973097222938 0.7745771043989724 0.7741476353106871 0.8075856598002438 0.7861727841665402 0.761150035155863 0.7443697216263927 0.747273494929848 0.7251647389507996 0.7113392108712667
0.6496499080129016 0.6572705345081176 0.6841585794468977 0.6674544152807709 0.6932486090219897 0.744072901344499 0.772016278307315 0.7582947278931833 0.7490626075982058 0.7340054050858774 0.7510233781433147 0.7316806275200983 0.7521391495813163 0.7438909613114931 0.7389442165107231 0.7140533451728434 0.7057365203492009 0.7507501027867562 0.7820643734281081 0.795310255083862 0.7890993905363705 0.8145396816411005 0.8384698110173426 0.8098007228462737 0.8298386774001921 0.8013606805058879 0.8337688118962822 0.7959662654637741 0.8017898962351439 0.7846993595505971 0.7692910665739415 0.7939900220742969 0.7930218743009417 0.795318063248296 0.7947904317191492 0.7883464551867714 0.7574243252498255 0.7501723718523473 0.7652953887565146 0.7276202650663623 0.7330756793086294 0.7342349723969358 0.7186959260138368
0.6568615520773732 0.6530622867290341 0.6643459188114494 0.6961896849219076 0.69492440373509 0.7606253938053216 0.759737824373318 0.7656261994753121 0.8016847386735488 0.7581503175941252 0.7798564747152777 0.7613793373323086 0.7723256003514948 0.7789773926534581 0.7425700392080493 0.7356773744891727 0.7249634929045978 0.7526591344334305 0.77919795006852 0.8109867047143099 0.8296500556425542 0.8331403840978026 0.845007410234839 0.796678347983612 0.802353758859526 0.7732895419992923 0.8038533916378279 0.8131965521386776 0.7943268009983121 0.7915000551022404 0.7569850794998013 0.7415903962522881 0.7429737014608391 0.7712095946470771 0.7404287030405738 0.7498859567323855 0.7724143632203626 0.7376306220740912 0.7437379104403992 0.7098598920306833 0.7315129868945383 0.7032422351682701 0.6794450007792543
0.6568731272645079 0.6725964680393628 0.7230567264368721 0.7419266055240913 0.7381886017781727 0.7716708986809266 0.8113551491328357 0.8265193809778035 0.8190903139237549 0.8028912774670112 0.8086209516770105 0.8194863784924934 0.7892232238080266 0.8076011557729063 0.7945824862377474 0.7723477808505668 0.760047208878081 0.7823818815424404 0.8153424933294168 0.8309673322200134 0.8480158700252057 0.8317274836188469 0.84991680036336 0.8054606422292598 0.794280252178793 0.7804262906879702 0.7824176662156405 0.7852894060135266 0.7999337808315208 0.788106901129349 0.7629244143133059 0.7584499841248594 0.7383931550781799 0.7183061209495246 0.7447217973871131 0.774618749762089 0.7404595985608917 0.7356498866280418 0.7148415365539575 0.7266290899910633 0.716640243550184 0.7066845400948953 0.721818244937862
0.6674460402505675 0.7030140988799787 0.7517773319260382 0.7467898933125108 0.7669996909292621 0.8007842912388101 0.8300906758565724 0.8190030799361502 0.825112602281656 0.8123973435936223 0.8089929441964583 0.8114389009324229 0.8493245143257069 0.8342958863195267 0.8389103867092506 0.7991110059589692 0.8045713899851563 0.814983796740073 0.8422741480390834 0.8212437983135283 0.830185654046093 0.8455320919581606 0.8345294444107988 0.7917463686878028 0.7980661155018627 0.7793112776722964 0.7580909815117665 0.7520700385591416 0.7569298901611472 0.7679776462109235 0.7753504065110168 0.7371451939403731 0.7148454024196609 0.7440172082287311 0.7463486403858479 0.7741158352725156 0.7454473984142218 0.7285985296518952 0.6970462549237076 0.7268230126301908 0.6957197454686449 0.6884907030294923 0.7130060242717988
0.7159615271947545 0.7139421308965817 0.7373932140206632 0.7727149803622518 0.8015582298309061 0.8028407482873237 0.8092896206863354 0.8120216336536739 0.8106388893601928 0.8338871988474518 0.8306067526647168 0.8141109667724683 0.828901445715735 0.8298878857926952 0.8334386194699064 0.7951221977480605 0.8244888213096493 0.8066788844270126 0.8154477827632723 0.818078551124941 0.8124029881384859 0.8277873133438207 0.817960346972541 0.8123776031703289 0.7843309764043518 0.7486548049030524 0.733938726470491 0.7372429843340078 0.754732357338604 0.7497530905955582 0.7590465500405819 0.7086160297579416 0.6881018892362168 0.7206401194940615 0.7204290786434022 0.7460317584624433 0.7372745311412555 0.7214704855811294 0.6802949052633185 0.713946091651836 0.7112324066594843 0.7090664345700795 0.7339773898967974
0.7344859179731024 0.7523185013246685 0.7614295723741608 0.7813696034241869 0.7854938365323522 0.8082082201262241 0.80769938927964 0.8418170779158697 0.8448390941349708 0.8484003512407309 0.8420690568200544 0.8396534956499729 0.8207940874544475 0.840422646875955 0.8044222625646106 0.7921146704862355 0.817630258085562 0.8198069900198669 0.8201703460849123 0.815607726159414 0.8642516715621292 0.8576607032057086 0.8564685577191082 0.808812283567272 0.7791220490791358 0.7565224089489977 0.7477000379063526 0.7174930614917423 0.7313972490366666 0.7462124885743434 0.7451789902425089 0.7279868624848467 0.6880711859698087 0.7099826615876292 0.7106740438702299 0.7340319241148222 0.7335214755943557 0.69794354773895 0.6728743614757265 0.7247476834714345 0.7294011166472036 0.7037280460832029 0.7003147688546866
0.7591757241086637 0.7623871302373202 0.7737631531084481 0.821271825628902 0.7875968664043728 0.8143156829955388 0.8067952893870343 0.8330671565479717 0.8564546597844869 0.8670818800068886 0.834593345108997 0.8436192886814157 0.8368293155074806 0.8361021309984077 0.80865610941493 0.819760802541489 0.8071489745993994 0.8095604296065994 0.8184705703763294 0.8335248211180417 0.8608868673519996 0.8478939469884437 0.8215208201365338 0.8301524203925021 0.7668609233900139 0.752672662182374 0.7561710160345575 0.7041098079500564 0.7139068020462311 0.6965170713846897 0.6995145924501204 0.7359743062715627 0.7230906508248236 0.7152691564316033 0.694933740185583 0.7196406855624774 0.7037653114293301 0.7063190861670489 0.7159044368037625 0.6961295635227311 0.685450834042734 0.6994644609485731 0.7011397883297512
0.7777172081402117 0.7799398714253456 0.8259581512533107 0.8137461677439516 0.8186777689866545 0.8462994797489491 0.8465718377541337 0.8311847732352544 0.8620220864694396 0.8510069109493573 0.8508157112059892 0.8482441069909943 0.873485904713812 0.866793828971346 0.8446792442556271 0.8542583241157635 0.8447489196916623 0.8288902855424175 0.8524859811557487 0.8811033907415317 0.8845807412050447 0.8604189130438288 0.8462281642947297 0.8294686908655671 0.754183893430832 0.761612943415954 0.7256711421112003 0.6938996187422315 0.6358806837763692 0.6637852880992032 0.6905894611190699 0.696705243872916 0.7424425735437864 0.7093169359601099 0.7172937772893607 0.7071823572033757 0.714612472588516 0.7021855735599117 0.7007298722816846 0.7173356691086565 0.698337356052679 0.7281493273528226 0.699486838740991
