Raster_benchmarking/DGGS/continuous/raster-278.asc
NCOLS 100
NROWS 100
XLLCORNER 1743156.7885819129
YLLCORNER 5469293.607635132
CELLSIZE 10
NODATA_VALUE -9999
[rows 38 to 56 of 100, columns 0 to 42 of 100]
0.18929365245762053 0.20633403747291842 0.20043337702267344 0.17395806165604163 0.1976945872516115 0.21386923575348707 0.2756308971307439 0.3069445373679489 0.2848531484516862 0.3282306518564272 0.30300329962105726 0.341398305890592 0.34693947834928185 0.35248901450706566 0.32543633538487315 0.2889689525205411 0.29660033826980575 0.26176729419177536 0.2768787647991201 0.2500507749061082 0.2174542593744354 0.2693960977831741 0.2417959439381459 0.2860006984889309 0.2904720382799536 0.29716938103462376 0.39794988945104703 0.4095036417843877 0.40055596044165187 0.3532597098363897 0.31401498205053086 0.2968706678037255 0.2791996614317893 0.24783001645830915 0.22797117126729516 0.2416096107979485 0.25842487809017384 0.24429768413280595 0.19450063014813898 0.23552757210820569 0.2297179345032729 0.26704445589332354 0.27225974797041014
0.19868851587431835 0.24159933291459912 0.22101472484617202 0.22111359526228067 0.19520300288880346 0.22518706873871258 0.24045075807301483 0.28479541348150667 0.33476265269767513 0.3790459330531329 0.33824274542232824 0.33973935252858267 0.36475194946758416 0.349742205450684 0.3173492831281523 0.2529637411295083 0.27653239876818525 0.2146798940725619 0.22674768407008777 0.21605317758886386 0.24236247310847078 0.20573934450439008 0.21632903206345608 0.267416223712766 0.25758176189383764 0.2845143529791817 0.3887536008929012 0.3946546494586958 0.4146919638789562 0.359564623208089 0.38229922040322906 0.3351933116788311 0.2375124839140319 0.19317285447920352 0.22029886061168028 0.2640169326246929 0.24857502921681546 0.2548016910291705 0.26747914195264816 0.2534518239087978 0.19794790774981208 0.25646533376245634 0.31405456109987145
0.21011699757026675 0.20783603455543595 0.21324325533211433 0.22885731971667386 0.2456515579688577 0.19536334690725493 0.23575227496727352 0.27285755786909927 0.32348352124442115 0.37707392564636083 0.35491023265529625 0.40568053847711844 0.34979314406547757 0.3441777478640954 0.28679179586431675 0.2586040964959608 0.2652728484324195 0.21362296260187785 0.24592893355288523 0.2276635007744181 0.22470823701926232 0.22311687259032859 0.2580053609727085 0.24891572061963324 0.3100610241754406 0.324183134754737 0.39131430810890677 0.3723536512777724 0.37241444156623177 0.3799035902408363 0.32482192557440404 0.28952011993011756 0.2667938968656672 0.2055674650162185 0.24723900316119873 0.21230231493555077 0.2575790309958266 0.2822411599305634 0.2624957523413676 0.2380815297337396 0.26742457264101444 0.2812063873258687 0.33045798325871484
0.1601341797631761 0.1579520252581949 0.19697324456351756 0.25764889164626725 0.24133238488155534 0.20748286756167061 0.23612138276609415 0.308025074707299 0.38470978637380365 0.3636607954159921 0.4108409247320344 0.3937493435642711 0.3998295231647982 0.3477399743929742 0.33762853667695913 0.2461026694693603 0.20893554367699277 0.25375635478557934 0.2180059671814353 0.20114448238403726 0.20450611951343006 0.2645872659537364 0.2657538616711029 0.3189544987101089 0.3442900239366336 0.3758097982217483 0.39069165681790247 0.3625756057005084 0.39143184850548607 0.38151334599087805 0.3867561728813465 0.32359740621353333 0.2623503831665829 0.22356480803917506 0.22333230092281217 0.24773860922596463 0.2634589672481365 0.3145243222387448 0.29673555521373096 0.3036860228376308 0.32613853457817865 0.31903776458484756 0.33738905349048487
0.16709299865209565 0.13540869608652345 0.18300789610800983 0.23597528394274275 0.2261782085255907 0.24802383808062892 0.25345287183248544 0.32915197255855333 0.37211765041693073 0.3974976630471034 0.38879881879822276 0.428028342781474 0.3618256421302071 0.3418481543640714 0.3335630226969073 0.29842830546983495 0.24611606409865783 0.25722496271767337 0.24001485909885067 0.2007320933987994 0.22759009860832508 0.2707321399770017 0.2727771645886438 0.3640434959491079 0.37326746278233053 0.4218856981385129 0.4199066623799174 0.379627440097062 0.4049668831702285 0.39423168839230793 0.3917863883449801 0.29960081333171845 0.3083928438752009 0.2913590372284917 0.2270645372605615 0.2206122459401529 0.24820280521314844 0.28097417350118814 0.3055831899597125 0.3296023402114957 0.281851873166957 0.29948872158765605 0.3220729474387801
0.14820791403435943 0.17808232066083898 0.15300749921237533 0.20445881168523766 0.2241217265356399 0.2981317322769381 0.31437882065513734 0.32569349501002415 0.3590241081968745 0.36644646547784937 0.4145285660987269 0.3895872419782722 0.360467569730238 0.33037193589820324 0.3644708602834239 0.3024705789110208 0.24104999826928317 0.27280058026647613 0.2208264572524229 0.2390055707809694 0.2634720829088492 0.2748093242629627 0.3072196222275076 0.37619807987802095 0.41484087436156497 0.3936577820267597 0.39905685801860835 0.3722484670956896 0.3953965565955539 0.37603559507642614 0.3731195894159174 0.3016661398554285 0.2634416256389969 0.29682790409984644 0.27743804346020795 0.21616451098968864 0.23386640306520182 0.2827000436024304 0.32567842260079033 0.32369112571160313 0.29526706699897803 0.3504620293946405 0.3458555764052752
0.1912495530243313 0.19122207092691448 0.22219787659242915 0.2242764120466772 0.2706478132367807 0.3025154680571425 0.32367476071503387 0.33122081091788297 0.36511525924048804 0.398702173969748 0.4238880408950364 0.43227737972091335 0.3698805224108024 0.3716014638340919 0.3151815434188333 0.30402143070102344 0.29741671972537054 0.3026203405795721 0.31861317302406955 0.31144813575589325 0.28725282908545324 0.33142878508136564 0.3229225366100434 0.33580760650003844 0.3794555893738834 0.3836331623035861 0.4302931993748465 0.4255705202633346 0.3768282503375113 0.34974389715532994 0.3512473559280872 0.35714068756301837 0.2714723565177017 0.24991752379249207 0.21435285062245868 0.22696527628050686 0.23700109332471636 0.26397396324788436 0.3153548395431786 0.27823816254840744 0.27856826309658356 0.323482179988634 0.3713631875236423
0.2420614494991548 0.26200946251040835 0.24356394049398564 0.2914440976979744 0.3048608169647542 0.31265318378431284 0.2710436476695661 0.3244000056074765 0.3831227733301429 0.4104760652249705 0.4246888271600588 0.3890727506911997 0.41110413073392227 0.37501111138600823 0.3200568890687223 0.30809036614490815 0.3277486844125873 0.3201068954908883 0.325647635105865 0.2945997954195794 0.3535308105033626 0.3106509282996086 0.3255987589132077 0.32867499932067884 0.32166547673050067 0.38774178567803885 0.3850602336632335 0.3787939171089631 0.38814988213411017 0.3756033400109237 0.3186341848973982 0.3426762002184683 0.34862438415731295 0.29790206823258686 0.2259778225799622 0.20595614117436087 0.23695732225346622 0.24370504010606633 0.2995984715410403 0.31274099332227645 0.2876820644608001 0.29349179606686787 0.32571914259659
0.21562918136746337 0.2618775635611716 0.23166150494235302 0.27317478999777484 0.3120217509898651 0.2796701370430573 0.2838756796830814 0.3450957393378516 0.3522934347543461 0.36917097544232014 0.3724915924247269 0.406422437022181 0.4308569371953272 0.3545437379989879 0.3618804733472689 0.35109782520552446 0.35807446143729954 0.30102040614183345 0.3527112063307173 0.312730494128844 0.35396480286554816 0.3105311216398754 0.33377106267634593 0.36528046362096045 0.32565968152862496 0.34286372375362023 0.3743103364638404 0.4288932430204458 0.4598233129536774 0.42183037749402036 0.36207075010446627 0.3565373270840249 0.35619166126771695 0.283052870731703 0.25247181232530697 0.22105324085761388 0.2440028129502692 0.2613873782185943 0.2968609431367884 0.31595596114694763 0.31754436245857626 0.32018036988650367 0.3570980616533091
0.2436908941266304 0.23443188709747914 0.2836464989389331 0.2871410077096566 0.3465258905877486 0.2887917118762656 0.2904648558907685 0.3679596669984583 0.3467429714367427 0.3549848855063288 0.3982274997981007 0.40956338965727185 0.4403549588697822 0.34779125544616085 0.3689474051798925 0.3177386260522914 0.35706753417626025 0.2976852344893339 0.3305496773822406 0.2830050010284108 0.3073519436454816 0.3397592028474796 0.3539417820773905 0.3541820994281228 0.37772887542643496 0.3965665075940684 0.3720398402805117 0.4279726722418495 0.48933879404291264 0.4175674560870587 0.42037238649630226 0.38533101685517435 0.35540859862110696 0.31644326870970213 0.24816523840341123 0.28363705229864844 0.252774481079991 0.2516887626012901 0.2996230596171922 0.32261359974171966 0.3803843369141666 0.4018550469179558 0.42296154698778954
0.3015606807179795 0.27014121069717095 0.2866437172896157 0.3141012158971497 0.36406521215743526 0.3281260836739167 0.30006740716288877 0.3489158322163983 0.3701702596390711 0.34477635202340795 0.34647795137718074 0.34559522239243023 0.3472395393527312 0.36722094276180534 0.34756594443730976 0.31318306640364124 0.28428173085016434 0.30339687597473947 0.3304079559343298 0.3120585989828861 0.31835461735557363 0.3781796914538327 0.3529151711440682 0.3576824739176055 0.35959888930543854 0.40363975374920785 0.4012197537763915 0.43825176848056724 0.4633288232055012 0.4189268353459174 0.44011265653888826 0.4035597607205322 0.35586372820053297 0.29072172399667223 0.26123380102386495 0.30466140699814914 0.28132124112030155 0.30224105376750715 0.28141700233949274 0.30421072217467776 0.3657655887514688 0.38733215486532147 0.42982473773638535
0.27908426311521267 0.30666207519891886 0.33122068801180754 0.3143414858559021 0.34379486932219905 0.3645720606885768 0.3347254851994911 0.32349929521134263 0.30967528045535575 0.2938890524708589 0.3285713652718198 0.2792801220651092 0.27228277130432627 0.30712851954788684 0.30120282709727414 0.31418183538233774 0.2591285469499397 0.2648199113726999 0.26917174477616346 0.29230636990804487 0.359317126342684 0.3777924886717499 0.380996141765938 0.3955628114359717 0.35872011159580436 0.35203655726130373 0.391104367939133 0.393033541321163 0.4483181312630676 0.42987284454832175 0.3877624058151258 0.40672603726549494 0.3195545977778993 0.2809454603672605 0.3078523875534365 0.27508890452055457 0.3188160755854449 0.32861319194583016 0.32828509470839584 0.33871730891274227 0.34379915445224646 0.3525931385045723 0.3844443962415621
0.30456760133664185 0.31092761339808134 0.2958518207245431 0.29004904327811504 0.3273578585335202 0.3270033189203263 0.29583850502655396 0.31136595922886906 0.3258243208927907 0.31309939063944825 0.2855722866088515 0.2997658838692682 0.24533696603510283 0.26040977927773784 0.2925881982875859 0.28674252622929314 0.26227291564257016 0.2799092974095585 0.28767920871286884 0.33823641428439566 0.3577478155255668 0.3476285461117112 0.36930895597304236 0.34820631835842897 0.34799317427202575 0.34675593558294476 0.35399055972334087 0.3885116687922646 0.3913698965940788 0.38815499113431845 0.3886834222761328 0.4019132168872888 0.3253849107170804 0.30614051377251894 0.3304603959439076 0.2741879344651708 0.2877303405222267 0.3515520228432579 0.3714514330734252 0.3957429659425728 0.38309262538643196 0.38194514635843263 0.41889121265077256
0.3135530828574458 0.3336141245037824 0.35731864627494964 0.276022509383333 0.25061185454101453 0.24965320796828772 0.28742038564370986 0.35581989755689186 0.3958922206675093 0.31131405389024536 0.3133550668022081 0.2563465308954475 0.23934318280507094 0.2526535699684135 0.25328307127682703 0.27610945694947725 0.20567979725709515 0.26525669793181017 0.25113234903044546 0.3027531313564052 0.34283511954206225 0.3386939974355264 0.343933481547822 0.31532902564884324 0.3012697844367845 0.3430999100110369 0.314607958969472 0.34034020671806603 0.3979256151262988 0.36902767043306867 0.4383182301124281 0.38524952642042964 0.35561201845213325 0.34061009797014663 0.293005733085432 0.31648100207686675 0.30700330627866973 0.32709180045370084 0.37050512890878035 0.3618788497267565 0.4184269926014017 0.4407017019168092 0.4443407712228183
0.30213577037855716 0.3249318308864623 0.3147286506513714 0.2761235094731931 0.26138450441048733 0.2515779975296763 0.2697823180402028 0.31227821505909537 0.3553849008485848 0.3556542052455895 0.30931622994325975 0.28163089176412864 0.27208317547293676 0.26520649671175933 0.23268669381068177 0.22795709116085902 0.26000486374190224 0.3009632144665547 0.3324878753602269 0.31311106239146896 0.33301855127228114 0.3409032479915403 0.3146024873250148 0.32377733973998407 0.3396655744656477 0.2867904974643863 0.34501863371446456 0.3527207416206465 0.3925177335713933 0.36882564857295014 0.43112603640227337 0.3806384671120584 0.33003397622043884 0.3340930424250198 0.34277878695493275 0.32027385071676034 0.35723399034978365 0.3363038692104585 0.39075616427281595 0.4028116963098774 0.45888435601580363 0.4621046975907824 0.4245651251938298
0.3219717638949327 0.3392983818012042 0.2982262868692229 0.2503723647926842 0.24683962243902113 0.23823051623502392 0.2662276066638388 0.2879669160080361 0.3472114593613789 0.3459170623269978 0.288332488167017 0.27864441721499783 0.21385629543396287 0.22548013417976318 0.24282637452451028 0.24493696605736853 0.2791526377434365 0.28715690826636836 0.3293245152540209 0.3487266703406381 0.36400265634217627 0.2939826702885872 0.2847197232451834 0.3358694249288059 0.33290344515911685 0.3093269371665185 0.3020447026136978 0.3101895377582101 0.3260215498762051 0.3562276028112312 0.43038588744545264 0.38125101964011665 0.3661658170121206 0.3793514130635718 0.40295183590691036 0.35014803693354696 0.3501238972704699 0.3794643482772155 0.4541515035057002 0.4191183243953167 0.42411005782074374 0.41486898201623773 0.4381947384622888
0.29935011842908754 0.28885852423444774 0.27695996689496 0.2568856493752297 0.2506444042411404 0.23410539023565233 0.28332192765573583 0.2815444459989149 0.28257129336574055 0.31792945973415887 0.29742435854876526 0.21205750412008037 0.1615610659876658 0.17118443630239416 0.20536665901395085 0.26154038009402886 0.2782832777468067 0.2946283907105481 0.29331145935137987 0.29413615594430176 0.3350529008491963 0.30564424988602495 0.30844621198105515 0.27510313222562843 0.2552808872536113 0.2642016682521441 0.2762008521618775 0.32583921173633756 0.34271726463096885 0.38635164396259325 0.4332469377696983 0.3948207831330954 0.35162654447184377 0.35738830722231824 0.40634461565432645 0.39153699047147894 0.43618970896601816 0.4252028466335941 0.422557590045558 0.4392908747940264 0.4234381433107253 0.4295231502503472 0.46288490447242475
0.33646727152475514 0.3308298181149496 0.32900962602659545 0.2681165439462707 0.26004161850028323 0.2683626943610365 0.28974411230320335 0.272857550914551 0.3148514443483878 0.30915562401148783 0.2445612889230788 0.24670908376321252 0.18073366333719415 0.1893070223053127 0.16913946128387863 0.22801155893015776 0.2525381694558127 0.2531205425948261 0.2954209780200374 0.2467268913399582 0.282043645858538 0.2722020969836895 0.24541306466695273 0.2810422805098271 0.2528293453279652 0.2916506118392258 0.29916508504090394 0.29493717949675724 0.388150961883898 0.36294421709546404 0.42805999405372197 0.4340252077655575 0.4138911526576107 0.36564645124515727 0.35720923236019586 0.39323088284888597 0.4446758825924562 0.45133602068640516 0.43863105194403346 0.45932457458565 0.4935880429763172 0.4447806220902894 0.44930859346188895
0.37387126719330777 0.3575698214517008 0.30835871893715794 0.29473500543046377 0.3253238973231782 0.3430699446600789 0.30440524419428755 0.3156782576559858 0.2653575317921319 0.2903185260353404 0.2534259297665732 0.22532724896446482 0.16820501988975584 0.18328261625664188 0.17270793981814758 0.1982826082701741 0.19058668706441986 0.21402532262182553 0.25316240944042967 0.23719639102127218 0.24728401814544412 0.21530009550711016 0.2138452337333872 0.24402744558398043 0.2263959644337334 0.22104383496473204 0.23179815904292317 0.3037112425458983 0.35474354558307725 0.32693764574952655 0.3474492729782294 0.3766441301182015 0.416775358196483 0.3989414133392746 0.3675422880703882 0.3711863679522943 0.35039982549789733 0.3753247742806964 0.39995353275565154 0.43950962844341795 0.46864888465713467 0.41935029732997947 0.4020882336605937
