Raster_benchmarking/DGGS/continuous/raster-333.asc
NCOLS 100
NROWS 100
XLLCORNER 1743152.4142256277
YLLCORNER 5469288.607369421
CELLSIZE 10
NODATA_VALUE -9999
[rows 76 to 94 of 100, columns 43 to 85 of 100]
0.21055058575970093 0.23420815983947718 0.28848607016302186 0.2942911362298515 0.2503864985680928 0.26221052985318916 0.21272701060789886 0.21306176465902463 0.2618007549691351 0.2653116091285486 0.28745561761145694 0.30221895807343147 0.2793808148910888 0.3368282095559422 0.35355473173843455 0.3530570997574092 0.35915605435384973 0.37335005791598047 0.37149778277039125 0.4441057017863094 0.49293153400923095 0.47065499521011966 0.4861686975586881 0.4844238415145752 0.5575680145190532 0.5566563847472031 0.4756601292178029 0.443947455748027 0.4544524933495884 0.40003479100412714 0.4305454854112044 0.431239302223285 0.4883695357883615 0.491745827019681 0.4492247325434965 0.4584357287357196 0.42740668725227426 0.36537561536674995 0.2671083245575978 0.2252353657154222 0.22962329072690899 0.2310954769929307 0.1738073383740804
0.185412041083913 0.2533022796725696 0.28070383903555535 0.2306334379258369 0.2571234424044226 0.23188637777270593 0.25837064669287846 0.2527891623711958 0.25711610970978016 0.25824292349405986 0.26087295416030193 0.24744753100122102 0.2503258940547221 0.29830037630654 0.33342234213532695 0.40443289540192523 0.37135531526342724 0.4288116469937765 0.41893890459711447 0.4691366363118486 0.4715457621811881 0.5245855515521023 0.4691331705440448 0.48974798199834335 0.5479355355972816 0.5559735338587938 0.5122380867419825 0.4966568000019137 0.4744881702285071 0.39398945225716536 0.4493266196992425 0.47509551716371096 0.4579841386324206 0.4867281866188019 0.47840415427245525 0.4429666243204761 0.4285587430632023 0.35293566644202495 0.2717661735911268 0.2777926215766099 0.23363343123077834 0.22717032101438892 0.2137158456615218
0.17252871551064675 0.25548874962071283 0.24826256251921539 0.24928951934288404 0.2758363009319583 0.2602485716608545 0.21014098210813614 0.23564102301721632 0.21585114732307634 0.24242891268057504 0.20490529361391532 0.19351357458099158 0.21650074703991576 0.27633564198822974 0.35295442646515945 0.39583265945416474 0.41142182896553475 0.44842019436248837 0.4723226986868061 0.46713421682891 0.5281910647348294 0.5026295458854375 0.4728008552262972 0.5177214696290992 0.5400826201393981 0.5407085290498199 0.5226369858035734 0.4464437524940391 0.4128221758646425 0.38247184544276797 0.40987443927470335 0.4167277951392301 0.4275195993863087 0.45888838902780277 0.4443096825725878 0.4234302969945057 0.44447423929246443 0.338864445541618 0.3214948848352131 0.2682540739376036 0.24627622080240114 0.1952640900249113 0.17496784643704852
0.18953643158682704 0.2062891569992806 0.23064685404607918 0.2234388534248484 0.2254599297929186 0.24263768895303212 0.2331029358612854 0.20839964683251186 0.20841822525080722 0.19980696346601692 0.2254368399915042 0.21234688363779386 0.21842902218250046 0.24311664958993184 0.28304391171289045 0.37978903574094053 0.39051984678181306 0.4291662535977626 0.40871792407876917 0.4680326907382312 0.5080579300215644 0.49900794492363293 0.48876845656405093 0.4431755073448491 0.49253795916011184 0.4500233003135985 0.4889045002439476 0.43380476492623254 0.45077658437316337 0.44830155279734696 0.4464795296786767 0.3889121029632018 0.4279382205747897 0.44972209733022006 0.43665938211771965 0.4250468758524991 0.3673208340040204 0.37545690516868346 0.3092790474208604 0.2762686344546729 0.2591602504854388 0.24364259443001868 0.255427526644535
0.1825290576728853 0.25012250024798377 0.24551481603606184 0.26424317884429444 0.23495188324973668 0.25432129855733343 0.2555418107291066 0.2466697837292841 0.25432273069860045 0.2586425311679776 0.23237357323096317 0.23558233913303603 0.2110127367773725 0.24863201445540245 0.28028659726489746 0.3455056369225195 0.3870217000741757 0.4025773622918936 0.3949774910572144 0.39927205823913414 0.4357142065590992 0.46596433699203 0.45854931242656444 0.4491047365303169 0.4257429109920799 0.40202146783826725 0.40918635957888083 0.4391449923158695 0.4397638442456492 0.4218369779828397 0.4290553810794545 0.4067553041187598 0.4279761264007915 0.4170424702921559 0.3780046580406399 0.38459414394290814 0.3464212868571033 0.3599141800481084 0.2922568824464608 0.31507059578905244 0.2756193233334153 0.23580120744854402 0.25854910720741264
0.19876710679072873 0.22377258133477748 0.23925004282827692 0.23109907511420855 0.21969104544726983 0.2677836424306356 0.25891561484733105 0.23753671308102353 0.2504949510657751 0.22145190784601465 0.24882033697009928 0.20851575210995812 0.24023783962866524 0.21992211354444668 0.25984295644647554 0.2894361832056143 0.3194297176254922 0.36846892729604247 0.3587791533139087 0.38669657407495955 0.3900244885506581 0.45979623079885207 0.45748425542327203 0.42835015575615915 0.4384574168503526 0.39508306559679257 0.4000255357979845 0.4275154426990221 0.4648113914723744 0.45149032438672015 0.3760248660470755 0.3836368322326039 0.3693942680425735 0.4143385848370992 0.3852469340534749 0.3546058948965072 0.3571587451810331 0.31081167992218683 0.35411223931872543 0.3132203703425635 0.2843109459867634 0.27517942140404167 0.21800329478539873
0.2773633094501795 0.2862324968880217 0.3201239793850473 0.25557142361057816 0.26419275049066837 0.2503140180954327 0.19529110461908697 0.2537522452157838 0.27570671148501497 0.23156160221173433 0.21089822348199647 0.22106582670692665 0.2499649389610366 0.18946442590230847 0.24210478539396854 0.2839927771638272 0.2874867975163614 0.32416449865357944 0.41012139732883507 0.40439101646221937 0.3643859329620549 0.4072753395239255 0.49056971767974294 0.4850408724107471 0.46410993677895007 0.4540638370159979 0.4248947065509793 0.43561078716520696 0.44889610513377903 0.4080430322319541 0.36877810839425085 0.40035316912532937 0.39377197204246317 0.38501496992966555 0.41995208648833676 0.3843371092381259 0.29461712784802857 0.3553238195837957 0.36193057965305586 0.3175544953906786 0.2291163754599583 0.2442402026845247 0.2096126602420451
0.28461129975265564 0.3219808886129639 0.26918865269735703 0.3026131540175764 0.29424054999131644 0.27357935836398567 0.21599239044155064 0.2286854183395419 0.21461996576620518 0.25544122241244493 0.19289706099243756 0.19232759383484255 0.22015927962384643 0.18457371122784239 0.1852984213815724 0.24399186326086333 0.2830378540024217 0.3058674923283487 0.33441200509902463 0.3683980119379684 0.3520295340938489 0.40954876424773384 0.43035541998400234 0.45755890492889373 0.4427802896469367 0.4211172554544875 0.3808930485044723 0.36710689979830846 0.3742179068217162 0.36933524897629677 0.3287050512165764 0.34902336817238877 0.35139884671963545 0.3868593671262405 0.41450707160066447 0.34304979277847303 0.303856965661348 0.32457363573489945 0.31505170921443604 0.3029037767218399 0.2919009810717887 0.2194441743394558 0.22833016193653033
0.29989382499539685 0.319494522479406 0.25857651006716575 0.26029037944062305 0.3002518142238479 0.25614940197348623 0.27584515950826355 0.23666586685850188 0.2424173893154291 0.24371903271724585 0.16529443977816932 0.21389733450783222 0.18138099896432316 0.20789557663776198 0.181350194666353 0.26604808498954424 0.2592222119088869 0.3128668518889484 0.31087996078461216 0.34503882649030515 0.36317662609875545 0.3827449027817379 0.388930324256106 0.3879113557865203 0.3895494365095637 0.34389421729702674 0.35697772734794375 0.3929944128607567 0.3606156854724668 0.3681423259628941 0.35499049546357636 0.38769717714387886 0.3637472422523436 0.37690887387055405 0.3851542962733498 0.351207968964558 0.2661670783091992 0.23001270562090786 0.24189773731243647 0.26757299829186987 0.2806719498761688 0.24629018597803132 0.2244338204808948
0.36475331299673686 0.3423369025254342 0.3139882723049218 0.24730017995279455 0.2693105640958442 0.26466548007991625 0.23184283022875443 0.240194249110078 0.23352405825105635 0.23275763324967497 0.1831588842019372 0.20591211930571687 0.1996108721197392 0.227844635703096 0.2357042267045779 0.2428716451123081 0.24349252532645618 0.23974323963248467 0.2547138942131689 0.32830600987080216 0.3288809950927945 0.39628022958860937 0.3919189433995917 0.3459513692808423 0.3691427415427081 0.3155818467876426 0.2928059698380962 0.3485574459638011 0.3360516754228703 0.3297154198857403 0.38812845419361625 0.3862865680740128 0.3454337509456687 0.384835024502485 0.3535506839691342 0.31788502430891097 0.2698844056314127 0.23052396974610279 0.2092920823869845 0.23950585019307824 0.24052081161425495 0.18805993712788682 0.17885753179278158
0.3768931214539816 0.3087426255064639 0.3072210536817206 0.29554438987853965 0.2572193220533572 0.229012379826413 0.24832471410723753 0.21492926961399425 0.24216671115271504 0.23345676374653498 0.2581142661132595 0.19658011160478947 0.2058041353109349 0.2521536254435375 0.23802503926592194 0.22961141113328684 0.2582572887852853 0.26251884778015316 0.2505545868980261 0.2734765291289276 0.3132098713010364 0.3492140748414653 0.37999900013249877 0.328762303731711 0.29683622633225676 0.25543186910056564 0.284509393975092 0.27852027122615347 0.2918785249402381 0.31839092032248545 0.39051117620635595 0.3981779736994298 0.34974023568137425 0.31650086067311095 0.3208377105612053 0.30692247454544147 0.24948150914648126 0.21405807695089582 0.20242645538827447 0.18123275403518832 0.1662308826381877 0.16526598714484533 0.19011186707283548
0.3680423931367771 0.3416395828727088 0.29695205188744245 0.2867916959590036 0.25470789819098927 0.25471057404168457 0.24566412350772043 0.22034408042493894 0.18737319938713404 0.22989236856705797 0.17898495439931028 0.21577658865218957 0.25283971295691227 0.24306342509992868 0.2018195600208062 0.22117161374615907 0.24844815516392682 0.24767101892631735 0.2535989487276284 0.26116751111335557 0.305452015263362 0.3096938643395548 0.2949564934493179 0.29985258349654703 0.2510584863111812 0.2444394111344126 0.2823333498234134 0.2731722982732724 0.24550256069136062 0.30624872803433084 0.29965323182896647 0.3360777991196402 0.3553917110695636 0.2839355884165859 0.2883361883825608 0.24279074948702076 0.2343320170248334 0.22076815790963009 0.20621377358175894 0.15879385789638156 0.1395848152645049 0.1346449413708952 0.1862779322781657
0.3359350956677359 0.3243936502724219 0.2505669166828907 0.2735119620156967 0.25168312208843224 0.2898709829459299 0.2928255026239824 0.24173866141382996 0.16761618984088977 0.1768624836615647 0.14291991424619577 0.20760384755330027 0.21029839935897462 0.20171622164971115 0.2210613584232877 0.2222220151483309 0.24933698796459725 0.2780834770953381 0.30888241470600386 0.2760090264592922 0.2951266529568527 0.3036110278423783 0.3059264968540081 0.2703649666648086 0.2455697882872782 0.25243721473152875 0.2822180202173581 0.23564151349617024 0.22747885937899026 0.25913160263890445 0.2757845328482809 0.31865862310491155 0.3138952175620199 0.253658746758735 0.24281591141407594 0.28309277274783506 0.2525123850900689 0.2372007630288215 0.2052189650669164 0.1601038428782336 0.12227022284325488 0.13999148930032054 0.18596690707131625
0.3790582221186419 0.3071054521762708 0.24432323262926767 0.2580695328567933 0.22934681863487966 0.2954774935747423 0.3207104724695607 0.25860322998568414 0.19590373639051345 0.18628606172801987 0.13824818062955552 0.20917623662742899 0.18343799561123794 0.2019475399790324 0.26081616759878556 0.26272897287868774 0.2585349701526401 0.28541078264999453 0.30404985160568787 0.2837899268165574 0.29148739112713734 0.280083196894919 0.26190141344570594 0.2148997682424674 0.23424444482775164 0.25326268639914445 0.24486784689164703 0.22839536229575724 0.18471481666749667 0.19981624478575188 0.21688944023774406 0.24651519877345843 0.24532798514077067 0.2562330031058355 0.2580506747902847 0.25184501493218037 0.2442622113665189 0.19301644554217662 0.15856294666639367 0.15789451623328035 0.1652724927505368 0.16404367123781938 0.13887456693405267
0.3968036197156521 0.3353322568944367 0.2658097602170003 0.23910480896198116 0.25055413073590094 0.2582580268548312 0.2927414337546135 0.2372596568239387 0.2700960298219959 0.20527943259560208 0.11109424899797184 0.15412407033753225 0.23418973929580547 0.2744293035891714 0.2661415268418227 0.2408825529612791 0.2760921324041144 0.3140157996034992 0.3212469920220325 0.2692718355444317 0.27047959245303455 0.25905927666676465 0.20924186216536775 0.2493414075431047 0.2410814190376424 0.20216218188895377 0.2482605325346979 0.18458250026527526 0.1615809664883966 0.15855278838918432 0.1880726941804721 0.21198549656505644 0.2447576366300652 0.19378874919523872 0.18265625148997533 0.19346540982797092 0.19296191823439718 0.17201481690437767 0.10754243257289073 0.1037740956425564 0.09722692877752927 0.15414361975465632 0.1393217238088863
0.43973585533592074 0.3845869982208215 0.35429608291307724 0.2914250939482803 0.28928400575553 0.29426821471060977 0.2611083792659702 0.26205830459476165 0.2655087317116192 0.24016450544996729 0.16195975803873486 0.20124391600771716 0.23651161895041523 0.2534028654421331 0.2946063130699189 0.28622985049342436 0.3055553449948354 0.2743947013492008 0.29615276904138327 0.2796402508119918 0.24970643820581456 0.2288134755945307 0.187980844755093 0.2501519070735591 0.2635551293516055 0.20223460181244485 0.19446349882833594 0.19823571451320027 0.19261883086232842 0.20729004309066215 0.1665176431861769 0.18022874316446505 0.1973311353017582 0.18394650049087183 0.17185090851131643 0.20437489010306706 0.1534299924005358 0.16917433635517773 0.13551923443403804 0.08157196973393531 0.07753252057291536 0.11867154243192929 0.13626110698695335
0.4311829188354106 0.38841992248722357 0.39247309019067117 0.3055889774725683 0.2615584380996344 0.2541100291460725 0.2886154492749885 0.282626539938483 0.28695302209429724 0.20805919713846807 0.19855968463548732 0.18496732983201952 0.20669062056821086 0.21758193162013645 0.2308625995866167 0.2602911798548115 0.29215501144089046 0.2765269729080578 0.3017426396369877 0.2582039852691798 0.1853725252780388 0.21000446953861887 0.1767957552490376 0.18991709620842134 0.24645008345811914 0.2309109854683186 0.17577217404920695 0.15962552956165338 0.1925074191025312 0.1748233896997063 0.22843165360766757 0.17505394665855648 0.20300552395140356 0.15066982043565602 0.19060212170867444 0.1668434282617166 0.17389380257176984 0.1369314607976743 0.13508531174783445 0.13341006415414455 0.1260373121245608 0.12260972014570147 0.15836653040792972
0.4015555060575693 0.4367216175712008 0.4032619374016451 0.38979378465979336 0.33312653723675445 0.3104130794166793 0.2775362304356091 0.2640939360453705 0.3046900138853158 0.23128873770795463 0.246586151358132 0.24599931523855212 0.24746439260138853 0.2554280706801465 0.3066059921076968 0.3078729161610043 0.29591254809330797 0.25949274193736194 0.2982836727156423 0.2585751625273943 0.16779393851785315 0.15762701000844284 0.16033887028809363 0.20642702289207202 0.23721823308528614 0.18737490386761102 0.17813142498392234 0.1914419054603451 0.12252149377426712 0.12741127099381072 0.1226237904838062 0.13957404229612044 0.1800751715992056 0.14396190449928867 0.20753320788604163 0.20362565416727096 0.17656924511883035 0.1449637938099336 0.19553605666681512 0.2029839549619228 0.18623732986860025 0.192152522030241 0.1781054702812321
0.39076030872127937 0.42832637855158034 0.4360642227203279 0.371353955775219 0.3741360278487244 0.33849709346249585 0.29055801361750466 0.2617570687343977 0.2928936524195337 0.2684670426221838 0.2703475483589993 0.2772092937938314 0.32116216128960196 0.28027291567765833 0.31142283443686214 0.296900635621151 0.27445510745251533 0.25871228257570666 0.24981213573459823 0.2696045660692616 0.17978029782743582 0.21757146553656953 0.19736322096555692 0.21140238906553957 0.1967209131432204 0.14929542637807983 0.17012179143859424 0.11071656119578588 0.0945329332218084 0.14145794832442746 0.1179370879597356 0.13074311546237027 0.10633166015732282 0.12310385874453142 0.14743846397938531 0.12852925131883566 0.15782878970206835 0.166089356427957 0.20041716416317903 0.2382265771534717 0.24291840292706285 0.20701191757650403 0.2514510154465103
