Raster_benchmarking/DGGS/continuous/raster-88.asc
NCOLS 100
NROWS 100
XLLCORNER 1743155.375097745
YLLCORNER 5469285.25029979
CELLSIZE 10
NODATA_VALUE -9999
[rows 76 to 94 of 100, columns 0 to 42 of 100]
0.27408353284805753 0.2556114475500986 0.26318013121110617 0.21467885930777544 0.23905243742647267 0.2400359271651999 0.2506487433182899 0.21160232963057177 0.2020572477606586 0.18200734486936404 0.18351070514351717 0.2377100561146348 0.27543925988466694 0.26278256259807425 0.30594276273568244 0.3105626158551702 0.31561198465097756 0.30103298269519135 0.26034614286875146 0.2934560348968217 0.27565179374502713 0.2831945134005348 0.328939006795671 0.37521235502134154 0.3826562996787805 0.34673775684732394 0.3442663483858645 0.34511453341080583 0.39143156453153255 0.4271190935555257 0.4429859965772917 0.4408808806608271 0.4548059332264972 0.5355654914902452 0.520026754171631 0.5333442836299223 0.5418294049829825 0.5701599369631833 0.5313303414858803 0.493743752455124 0.48913183841561364 0.4826804091904637 0.4884750052926517
0.3227204405936473 0.3045697622344624 0.3183159990215302 0.2167739076935811 0.23203790190823465 0.19944901997269127 0.23723990948840562 0.2299441253579224 0.17077758721567404 0.16350292736721672 0.19383016297451913 0.25288518886891875 0.2849883244723888 0.27577052408606445 0.29931086915518945 0.2534795278588691 0.26723815851665966 0.2628441754722024 0.2886586660473091 0.3168711825595886 0.3020512250168039 0.30574826236493213 0.32823073293958727 0.3648196961381717 0.38420675189490894 0.4000530205380719 0.362159645537727 0.3483542671020887 0.4141673995316265 0.41396516212724227 0.4682291481600821 0.45398779211932766 0.44685019425465794 0.5287128544559064 0.5663005295544344 0.5651974727493868 0.5713800846277964 0.5506702012350013 0.5508349756345902 0.5165779014876117 0.5124826470521442 0.5632839950394456 0.5826101188801307
0.30174872383222634 0.3299858529107038 0.34133790865941327 0.3332497935510122 0.25809482572567766 0.1919773279247788 0.21368246513265182 0.22542490177819932 0.16039335206840918 0.20686717084114598 0.23007060355758682 0.21516483983383453 0.24974295757254822 0.24253118957575714 0.2865928206111744 0.31486825452917044 0.25419267373295035 0.24612123616032236 0.3032201750770316 0.3303459844717951 0.2745583788910765 0.27460002811865 0.33713959673619326 0.42105610618072414 0.4312063383051804 0.4064962672558926 0.4395717264211225 0.4279820650803539 0.42663562492785256 0.4358920212099365 0.4537183933144217 0.43405495441420827 0.4923478293349808 0.47549843617633625 0.5201040142419051 0.5571400500712338 0.5452638916817901 0.5087141043594956 0.5197804965179553 0.5351061931537553 0.5207730741536074 0.5592194946032825 0.581951562455072
0.33883178743346654 0.4121965807906249 0.37736768232380485 0.3813357604833338 0.30069084648090894 0.23555104832949955 0.20564874799135632 0.21781831366578988 0.17271966802106112 0.15595759017149294 0.23271935028727914 0.257357806913494 0.2710020570498324 0.2641167207616514 0.2749295195300185 0.370414476360081 0.2621392438340657 0.25861333569646106 0.2773427814542583 0.3090698181689918 0.34520506676902485 0.3197402141619852 0.37566317447553416 0.4100981168352649 0.4667283782194926 0.46238543127436776 0.4571086508821472 0.446230523401111 0.45803950114136416 0.5152526845058285 0.5290339555484929 0.4747157927856895 0.46008621851786735 0.47456358435798757 0.5546976489792157 0.5431179689729967 0.5156354628594054 0.5066228737970753 0.5089774290787299 0.5270068265523136 0.5778756399480351 0.6112525251948616 0.6675113261840676
0.3718360266432502 0.37976958824049417 0.4165962771157552 0.3657914906456141 0.3455872117757046 0.23050740423768243 0.19645365718246252 0.15334895064590165 0.15821700565361071 0.22323833318728203 0.220314158705798 0.2374885964333441 0.2863406253230593 0.3238691089991923 0.3177705451335665 0.3025232330299353 0.24865006533144068 0.2496585694476165 0.31124169364632975 0.30299455178378054 0.3380685045101496 0.33964219178706306 0.38500219207099334 0.41552560189328813 0.4367695815605006 0.4862860174094567 0.4811928055296541 0.4777861934364049 0.44646429871220256 0.4732565976811772 0.5552748506857215 0.5393132118417372 0.5312066705305946 0.5014200425409884 0.5676699495622761 0.5571929015743482 0.570434219530222 0.5868055408217084 0.6033322092523605 0.5974122086335996 0.5941333396737684 0.6308674586828443 0.6780779322880343
0.3809312164392098 0.40839063724812247 0.4181424799130607 0.3737949601973601 0.37706795925699504 0.2826168504945899 0.2272889420608364 0.16557876837094515 0.16142001988766286 0.22962099400782213 0.2271243637681418 0.2326124628862072 0.23293774275537002 0.30481216492741825 0.23767712669110383 0.20515652935630116 0.2489493494058893 0.22478671379902232 0.25778897371142734 0.3372690991156195 0.3402443535563008 0.39687033396513255 0.41541766970138694 0.3925569420500949 0.4542412499063343 0.4479061747371605 0.4233323416744242 0.4199017599956999 0.45279917340960535 0.5211979006800354 0.5766219309850127 0.595020906911914 0.5387995963307739 0.5650175563407767 0.5723856174521627 0.5660535348842219 0.6248511936684412 0.6586821795828289 0.6708721346478023 0.6668220980487428 0.6884903552466268 0.6941908139619736 0.6917423566436138
0.3607732572385407 0.3376533177644925 0.35852039861877233 0.3835160238482038 0.37851753031939356 0.30996730300542513 0.25336688349805925 0.15143963080992096 0.1731720147870266 0.21258308041024868 0.2276055324190101 0.24911185282827056 0.25903075102743156 0.2993508385476 0.20760188001380125 0.20221090137587586 0.20296459056892163 0.22587055099480477 0.26712821410254656 0.2997584923097464 0.360597546207559 0.387931909140059 0.40868237632745613 0.4113905113109863 0.46040726166661733 0.4496224941178496 0.4884364725395929 0.504079283396731 0.48434247244957707 0.555020500642071 0.5948814790606365 0.5809711560868231 0.5987098822064644 0.6492687095266273 0.6186194893388647 0.6384407897005322 0.64526367971728 0.7095535938089063 0.6982456302484036 0.7144959967713119 0.7339856671976337 0.7038974217818107 0.7349019007029852
0.34163126261296534 0.32510815967042783 0.32487923820770664 0.39639660508183105 0.37277776100045656 0.32134617022672735 0.2365287163940958 0.16659766181170382 0.21465672658811516 0.26372758268163266 0.23681610850137086 0.26778356169331496 0.2769113668452382 0.27949560480090513 0.24046188630463097 0.1619661620263183 0.237120264662736 0.2582632194716659 0.22308199231983883 0.24495302623921972 0.31447886720390233 0.36666782762844574 0.43427143489987047 0.4667095630201224 0.4655452818493399 0.47382162576669756 0.503107556468809 0.5070995155491331 0.5182413447952977 0.5771907373067063 0.6026258523729779 0.6274544640522394 0.6697456930240568 0.6901718553252922 0.6553470184831769 0.7026310942114311 0.6981969045744464 0.7437941372501061 0.7676745303190268 0.8033069406847723 0.7754096700372265 0.7471510619298103 0.8129808579261003
0.3609557342042921 0.37092813891244836 0.31134498911669267 0.3505245118507903 0.2837103873146056 0.2617657534965168 0.2675775400219322 0.18420450117752993 0.2347739483537649 0.19780509674953972 0.21393644552634017 0.23327156961049658 0.26090922915715004 0.2708745482311706 0.23255079723008404 0.24688535626470778 0.254482661026921 0.21970858461852144 0.23080817350862434 0.2812319699862185 0.30872136883036616 0.36214954272241845 0.37326865900819434 0.4075637121331241 0.42665315911781443 0.48586097936256095 0.5215692145188784 0.5404561886718309 0.519931526797844 0.5263234078310736 0.5986448341335316 0.627885692680868 0.6375647419053169 0.7127227228007428 0.6857725794407301 0.7290162616293732 0.7037781949737646 0.7704436403065708 0.8159314632570194 0.8247874244283824 0.800615574152074 0.8232918390908144 0.8060980967647257
0.3714987645582812 0.33565626053961745 0.31176830054880733 0.2977259799757895 0.31199919190522357 0.2699418376721342 0.2435887503697982 0.1939178817364544 0.2416979970294113 0.20866514670106617 0.21049539395012692 0.20497076570604128 0.22161103406454136 0.22935496912465533 0.22822660233263045 0.2391031739252241 0.21820547280706193 0.23220462479440745 0.2233818964603553 0.24936579118522373 0.2709387716896416 0.25828024512784237 0.3087347773584651 0.3187611286880733 0.42340069358308163 0.4954679567875627 0.482558110291588 0.53889229343834 0.5063633216223544 0.5238913233403463 0.543168509517122 0.5622695929739184 0.6587278283118165 0.6902318358175481 0.7415376967711083 0.7354663022588627 0.7073661748663509 0.7839419338385104 0.8160705494248561 0.8389431316414737 0.8553587681436253 0.8549176323759531 0.8208444701535612
0.3257546515707513 0.3077897040256003 0.2799939639382133 0.29693019939300586 0.31572081620169695 0.2675949459064739 0.2208400393535393 0.20098096189190318 0.23892238603347613 0.24229246862458081 0.2153455608797246 0.14766836952966012 0.15945477150658874 0.16661956064179534 0.20909787747075426 0.2578826356584691 0.25939513006431414 0.23095244519932698 0.21477467147522328 0.21545442992490677 0.2601749618298587 0.23584116530205146 0.24558522353102097 0.30422096280812416 0.4110523380405961 0.4564666904507998 0.45092609459300936 0.5187979719973957 0.49272312727594497 0.5413796935109568 0.5535655614935184 0.5539197907163547 0.6477866645714364 0.663245015860583 0.7040616108021401 0.6902379548591213 0.7289325816000736 0.7238669773251754 0.7828195490764438 0.8627854596683564 0.8714960731265925 0.815510061964109 0.8336755944079256
0.24698962365900626 0.19727105333958111 0.22796585703824446 0.2594450023624498 0.2805771923710229 0.29526102491499795 0.24333672539070011 0.2701721949041193 0.25591118887911707 0.17448254445696681 0.1950734563825224 0.15156431793881048 0.14292496990492834 0.20238402927522242 0.22247498963527704 0.28661676713369466 0.23700927570819824 0.2524954341570106 0.28255783770898246 0.27552453883491634 0.2436576160256267 0.20909102308179386 0.24966769200834435 0.29168902236171046 0.3639845269604974 0.4051812432079216 0.4391851086863383 0.5049007908443987 0.484697034732701 0.45622120479213624 0.5727509517506222 0.5744839240283247 0.6454938422465193 0.6398500529671374 0.6842500494681746 0.6671143343396201 0.7173517775426075 0.7387982116610926 0.7867628017957528 0.8433799244398721 0.8694227584419035 0.8082451323940318 0.8025998643253666
0.20497781890154373 0.1921767591585527 0.23677520458018292 0.24056278889455765 0.2877990205754025 0.2442469606373566 0.2529865281153071 0.21863786121064546 0.21705688220800964 0.19948708265697154 0.18509894894705176 0.15852450011814784 0.1434275180744966 0.14940675772091608 0.17054483568736697 0.23338101196259115 0.2394918460843364 0.20047499226549784 0.23765556699384563 0.26678718897168396 0.23276741377997512 0.2046430759748248 0.2598960846887926 0.2612395089477717 0.34348090723402275 0.3890640740185847 0.41778030978368985 0.42020550649024674 0.455303054357851 0.48657684468466794 0.5767099210111627 0.6216885176326559 0.6281594918166553 0.6917215525203879 0.6790524658454578 0.6635594988784124 0.7009411925064769 0.788122088584755 0.7900119137905428 0.8726851565150981 0.8567208738907175 0.8603400859736656 0.7898890784614685
0.20069152808939095 0.1912468577106967 0.25652766107669717 0.26390652339238774 0.2160541622185751 0.18436066137158894 0.24605579376244277 0.277537853250206 0.25893225180048873 0.19527117416360742 0.15687980395803278 0.16209854914403304 0.13949317447122536 0.13236136617603278 0.1691328257764286 0.13327930962450898 0.16036660940986702 0.18076244449259002 0.18629094660537798 0.22695097805741798 0.2544228629967136 0.26124739556963844 0.2639702466737625 0.2340207321475942 0.2769632694833127 0.2968506775989073 0.3963839398181132 0.4222086985210331 0.42470304620539145 0.47400498481631254 0.5449282724830626 0.6518991979528476 0.6215568788965529 0.7210168059201953 0.7522498478135823 0.7115575124243649 0.7282482182649205 0.7985684540414453 0.8120306355255691 0.8866423273414671 0.8678122497808956 0.8527473155678282 0.8571846386846201
0.21367129124381443 0.2324720067648945 0.24067513098883692 0.2545038450286111 0.2610126444152759 0.20724730616583098 0.22686841963636065 0.21884500689684472 0.23471399384720762 0.20128531386399187 0.13426423433324577 0.1486235744152338 0.1651082927821597 0.17546712156186575 0.16787040548168697 0.16125722137580922 0.16398228330316872 0.20590551428850098 0.23668608943232855 0.26500457015620493 0.26504482266150237 0.21762952673216554 0.20819188479910938 0.22970615149105464 0.22471084857647333 0.26619813154885025 0.3427784359270156 0.4354627586778739 0.4865060278252117 0.561951342680175 0.602917377796204 0.643919163017565 0.6330006951457957 0.7089356782382795 0.7558514400726203 0.7915175705264332 0.8000155782689782 0.8314657973636272 0.8137809530179193 0.8363080881809951 0.8156905854394512 0.7819013651142077 0.8238171579543185
0.2680932691552989 0.27208309733620817 0.2683983059070393 0.24692326252831806 0.25347004487001434 0.22800821536084112 0.22110372483701707 0.2085140539831111 0.22797444989503582 0.1442205103954991 0.13881532989418904 0.181003177675109 0.14929204827708023 0.19048305122862352 0.1880430163370579 0.15086343180433165 0.1312845843603386 0.20277807823060529 0.23720990314896348 0.22746732067060643 0.21001749777888054 0.23445213354257813 0.2493091533077464 0.18902617307432437 0.260244124706456 0.3126102488570747 0.3735324521360548 0.3598881952630907 0.5049785575013135 0.541355808276836 0.5595405537853926 0.6213824065706192 0.6611574401729321 0.6544826719973162 0.7500990347284928 0.7869308599686167 0.7944808447555712 0.8332199778551842 0.837500782172533 0.8189433296907784 0.7500715428972038 0.7452874182459354 0.791831877639352
0.2407326616728858 0.2881623983339328 0.23086292044377324 0.24381284748451285 0.2991523943722349 0.24868928689066305 0.24874239538923154 0.27821397096067146 0.20875915887559063 0.19429218916083593 0.20031393442571935 0.18161436461352953 0.19343556718600022 0.18101685361040726 0.15803697995582627 0.17172216910679466 0.13122165100422875 0.17903561802363685 0.18457838818094002 0.18416612923985692 0.20372064027247735 0.21976706015825181 0.24502711963699367 0.20988740732711691 0.23916321892903306 0.27282149264422967 0.3402275753966136 0.4161013627890373 0.49418349882044277 0.5084818621701769 0.575008329787804 0.6525335908966169 0.6593680316675945 0.6431322213355368 0.6933232465861247 0.750095317882743 0.7501183352741786 0.7317646290320187 0.7570927178986459 0.7596075499306605 0.7734293007201548 0.7434932444986196 0.768438201668349
0.20532003981602923 0.2605085443335181 0.25222125629943426 0.29520656214176577 0.2852034500871094 0.2860222096436302 0.30963392576566623 0.3149061434866539 0.2760079245164656 0.20650847491117358 0.2316967161316065 0.21597025344402215 0.21100548595956112 0.17538105062936765 0.1421882306112421 0.09679719752924153 0.11325411724098876 0.16327907712808357 0.14869093028830907 0.12788159018533374 0.18546384004182415 0.1565602814820518 0.2353297751800185 0.2550317620625149 0.23705283030032462 0.2622734896417324 0.33934456614033065 0.42391874364871485 0.4701459633269272 0.5279341478411722 0.5864103827989919 0.6511752468806389 0.6823742540080615 0.6639517108735562 0.6466394599644735 0.7094688946479226 0.6881465349582696 0.6721928708330757 0.7033006282048576 0.6590640831707107 0.718172419501963 0.736504853555499 0.7933086011657923
0.2369224559464171 0.24172264733560714 0.237426849104323 0.2221306593452709 0.2914131756583624 0.27162270587879 0.2992591521767204 0.28764606198474113 0.26460111664446906 0.21319284532122923 0.21682845267647075 0.23800607566672222 0.17938852957657878 0.19716581486873397 0.17122956401697087 0.16542151608339312 0.13348295075528252 0.10617144815679029 0.12011062815987165 0.14288193048569164 0.15801494342724642 0.22214984569127239 0.2528152087674212 0.275456312599973 0.2709835891644096 0.27023939278253895 0.3682739775844744 0.4417631990384427 0.4864395476659887 0.5188856522066676 0.5584570243067516 0.5937482415172503 0.6243156918197214 0.6441888782614869 0.6418740950492299 0.7098031230778117 0.6750653336140437 0.6232271314322178 0.6433740292199007 0.6432323945791604 0.6640354058456637 0.695493342682885 0.7512947796409025
