Raster_benchmarking/DGGS/continuous/raster-225.asc
NCOLS 100
NROWS 100
XLLCORNER 1743151.97142421
YLLCORNER 5469293.697265333
CELLSIZE 10
NODATA_VALUE -9999
[rows 38 to 56 of 100, columns 0 to 42 of 100]
0.6608380887888853 0.653434853670637 0.6504348202475596 0.6799489768582603 0.6585178171218589 0.6440674418573571 0.7025150848752991 0.6628723429348486 0.6730203199702517 0.6441543768360124 0.6473462939699206 0.6788167606953072 0.6616541816277799 0.6601256626370912 0.6493518958124805 0.6332249710896193 0.6234594474623985 0.6145151546849399 0.551979531833255 0.5191031103156571 0.49396026347812083 0.4985230607488521 0.4664449090202445 0.44417345313853157 0.43928254638325387 0.4512805406281361 0.4618951547875637 0.4640197504065597 0.448584444613848 0.45491337427932804 0.5460549354132875 0.4803753186009378 0.45729168077679383 0.47570684944336106 0.4450419190408029 0.4517354369020152 0.46103527418016677 0.456965527950361 0.4757212583211631 0.4461049345791261 0.4204449961382826 0.40897965390518987 0.3685519141065379
0.6988392328386202 0.6937584660827646 0.6563501862112117 0.6359002506707879 0.6355532882123038 0.6298696654629155 0.6655470265772784 0.6669550291911617 0.6709861782275532 0.6803334780934721 0.6736437489410434 0.6643301161022087 0.6626975505552968 0.6303787733100678 0.6547209259878058 0.6251722838526851 0.5981640884303702 0.5823261671165307 0.5797383429434703 0.5288136736368876 0.4945414514482024 0.4794973814958049 0.4745502131766308 0.4534838507732745 0.4789896281136712 0.49593194460648377 0.4976818902761283 0.4919963963599638 0.5074787184731361 0.48438154156336755 0.5156778062835524 0.5311967501675169 0.5037129813106205 0.49523006652749 0.5128068466893871 0.4823246298913557 0.4940590205571617 0.46878326957276667 0.46849461977962825 0.49886833682313036 0.4617238485076274 0.4265458450268225 0.3969920249940592
0.6726995256592859 0.7152451799432604 0.7020166192864455 0.6661293925302008 0.6438029449107161 0.6457398757893369 0.6252087189393859 0.628309632812796 0.663489468906151 0.6810044867586761 0.6638687971780446 0.6755780235854528 0.6766491410166113 0.6664817983799138 0.6276756992281255 0.6297717885818244 0.6146840816039376 0.5786794208706862 0.5624228567783005 0.5149786072009448 0.5209001515636992 0.5277945398822017 0.48997743193573434 0.48362715563479813 0.4836022784419219 0.5225112824862984 0.5294334602182138 0.5147729014292616 0.5229363445525156 0.5098192952525693 0.512944892161737 0.5415313389521061 0.5281659627055854 0.5345797721264115 0.518920732934582 0.4824147735542496 0.506565198426325 0.5164472784922064 0.5217060993780709 0.5378042224310821 0.48261668555697246 0.4839512095539858 0.44567466293868424
0.6612092725265326 0.6874102814113219 0.6998568130663089 0.647849753647018 0.6201443865754299 0.6537582760259247 0.6264268582663629 0.6488480028864221 0.6777686774517205 0.6620848885866162 0.7044381478131405 0.6898507153060524 0.6743651633724608 0.6587801218234199 0.6721190448460501 0.6547393909725548 0.610834336704495 0.5849336815524051 0.5372421144445202 0.5491598683987028 0.5897292922473344 0.5783066475744802 0.5370743421289503 0.5060882904462668 0.48730653028225346 0.5011202260410412 0.5281343789521614 0.5613277378893359 0.5313602414122534 0.5348707032345248 0.5272688165298844 0.5463828330361129 0.5294505810391728 0.5262095506514131 0.5040829001652253 0.5102173355077965 0.541141578956511 0.5438459838181207 0.5572056706272446 0.5373179584387239 0.5020953633993885 0.48613223009123663 0.5015754808361048
0.6675552652521436 0.6514152900528273 0.6548701729495794 0.649223953320024 0.6010524907879313 0.6379378214025407 0.6744112606260242 0.6690885371966022 0.6525855223659491 0.6977169808809892 0.7061352423988124 0.6919652452161664 0.7259957998052585 0.663505508227683 0.6740433812365528 0.6479111287613959 0.6106677210439599 0.5653700077121673 0.5401529361784532 0.5887853885835376 0.6052459761284622 0.5969892452401986 0.6044756553714039 0.5295596054898924 0.5491758949058212 0.516237343230761 0.5407177867862333 0.5407235611943719 0.5670282459408263 0.5293075532970248 0.5366329222976765 0.5553061308556474 0.5794923623986297 0.5560013237335363 0.5320141133074733 0.5250024724696288 0.559329697657908 0.5716065787329776 0.5401856281023487 0.5610942217790674 0.5655746648265519 0.511233906536407 0.531561268855805
0.6560176118759753 0.6039212906949808 0.6059451434783955 0.5896872474423072 0.6264601416527589 0.6628774310483542 0.6586745686956771 0.6555825864109738 0.675537743985749 0.7224688552568855 0.709927264828593 0.6958282277571213 0.6633723400116606 0.671948050404562 0.6643300647326575 0.6220240093454131 0.6373126198452095 0.6106101148258597 0.5644256411006524 0.6052515783954341 0.5805422338676928 0.600743011808085 0.5803919232510322 0.5600094974914264 0.5454892332447391 0.5674281707896536 0.5712860429830364 0.5805994218519395 0.5814124983037514 0.572555149527866 0.6083162309812442 0.6015430176614894 0.5934643273477676 0.6015027181970556 0.5398000072230269 0.545764816322469 0.5659422376331581 0.5830729588473067 0.5899516849852486 0.542273262862346 0.5644366708862247 0.544264319696014 0.5187044474319292
0.6221830050516848 0.6170970470638459 0.568409081991415 0.5805201279533391 0.6028168107291192 0.6612579386396258 0.6837844263679513 0.6726136943221228 0.7095917200984522 0.6930294181394421 0.7121341548256391 0.6941333838360485 0.6616924377860042 0.6334534780334159 0.6160702030362343 0.6067898217844494 0.6266086371651747 0.6423377486360429 0.5995649902793735 0.5778068678011553 0.5762195107622461 0.5748080007164083 0.5916152048044107 0.5865810951528796 0.5701218205984293 0.5681907366429598 0.6033343424995774 0.5862013034768974 0.6088856184941023 0.6453380834007488 0.6261651504389397 0.6141412244924318 0.6213699774365137 0.6050326598094428 0.5748382861803091 0.6040150395336052 0.5724124198135662 0.5728357036186909 0.5843887193051208 0.5417089589300149 0.536673336907632 0.5212251504278231 0.49549458599634927
0.616748935068377 0.6038974932595782 0.5816133104796491 0.5826768872748581 0.6268189113500384 0.6529288282198308 0.6573703938701847 0.673643516342449 0.7326007172101143 0.7301997450475117 0.7213466701671063 0.7266344160636663 0.7085851651992887 0.6752689421479765 0.6397489733782962 0.6401471136638125 0.6665529994298691 0.6453415174834473 0.6246100738030703 0.6045658508214513 0.6010664604125949 0.5653877228992947 0.622551787364531 0.6257196221250348 0.5942418191669432 0.6349498515442192 0.6299005265813622 0.6270269147622697 0.6454587873444984 0.6675079309077907 0.6544971295314748 0.6800648758469783 0.6873039755245413 0.664826472201379 0.640065695597692 0.6254386079110179 0.6046083091783647 0.6314351849440037 0.6278936628794253 0.5709490815903016 0.5566855965682763 0.5263022958506555 0.4987075779467504
0.5974549094693957 0.6036464964563374 0.5792518386659002 0.6307250126881814 0.6408974962335532 0.6737435116326487 0.6643534143307332 0.6969201209531852 0.7358926369740274 0.7185464280535565 0.7260292385863946 0.6913667304708245 0.6981387889612591 0.687935813366351 0.6701488545592036 0.678784063178011 0.6650625855197773 0.6645431583096472 0.601439357527975 0.5697009842495601 0.5711875094225708 0.5742907556438451 0.6250015653849458 0.631404272599372 0.6460053876553087 0.675658684279007 0.6728136107365701 0.6486648667248534 0.6429902901656056 0.6804324751814991 0.7209880894756171 0.7290203688864785 0.7060439817466879 0.6646891858444386 0.6519264322578243 0.6228567206181093 0.6512807341332962 0.6477369998560709 0.6136572062922291 0.6055301879132081 0.5637473065121087 0.5305150428860778 0.5043866004648325
0.5568913844820857 0.5638621016152515 0.6127906613322258 0.6230885790272277 0.6378768579839534 0.6563702253009335 0.641675604574899 0.6938691268232229 0.6998465799542871 0.7296290676835905 0.7171654604297524 0.6666713489188428 0.6762116677295094 0.7037608123711047 0.6795863252483995 0.700224722579976 0.6787711113133897 0.6355751122069427 0.595624587278649 0.5874371167897235 0.6052719289567869 0.6073897870033975 0.6323697028033066 0.6229196129186376 0.6646736936531523 0.6672081777163293 0.705863024585087 0.6995901129811368 0.7179289689035341 0.6934458253420932 0.7304607322404904 0.7061586277415225 0.7068511529765952 0.708478645861174 0.6693117642827168 0.6728603052448116 0.6574144711014172 0.6745484587013523 0.640350842773195 0.6238795101798854 0.5559893053502047 0.5409441639214364 0.49764891759952984
0.5588459433863275 0.5946803192093743 0.6244188639772456 0.6072908374817758 0.6036059243818029 0.6651040967695474 0.6460790404478357 0.6780093195645532 0.7102016630377463 0.6932542271916784 0.6537978399155098 0.697188531319716 0.6739917795293864 0.6945814894369727 0.7153426521446723 0.7040738982756417 0.6847347508258518 0.6451053594935027 0.6689396963288466 0.633254220870764 0.6006030927737626 0.6257099618237647 0.6044925966014457 0.6594360681045053 0.6457354121345652 0.6611859015558761 0.7314245742795522 0.7153064358211375 0.729527006337827 0.7360519445333298 0.7145409914520423 0.7313299937731587 0.7044843967088478 0.7258850824621772 0.6805934734356284 0.6927028506702216 0.7158155227888019 0.710217451194433 0.6327034802238761 0.6173616930539095 0.5842305799873387 0.5322394214736772 0.5094570060745258
0.573859312133535 0.5818412174144124 0.6325104425259802 0.6069843986504359 0.6145849553693374 0.6515901335678537 0.6694062353824021 0.6928490504875174 0.6914044710123783 0.7108707253263917 0.6875644085443817 0.6903929823397347 0.6760427089264263 0.7262895276541594 0.7133954253045603 0.6826342799801399 0.6649937729292335 0.6564630522879134 0.6786015020234386 0.6459774902336948 0.6413129156187598 0.633052030886066 0.6638306847398868 0.6532656752200645 0.6778332348867683 0.701401445817211 0.7365103700107034 0.7422175611798841 0.7618174352664584 0.7258971191486946 0.7041975730629617 0.7042547740161541 0.7001292855647197 0.7134887681503567 0.7049204076148173 0.731626783046895 0.7039112173455786 0.7113365047072993 0.677002690346558 0.6522036918325359 0.5941420452454268 0.5961797554859737 0.5258315253444157
0.5856983222008794 0.6155253098260369 0.608742909858887 0.6047536481947411 0.6237039961926057 0.6562820868681641 0.6886282407869823 0.70934678446533 0.7154064371416147 0.7179982112096958 0.6807688294140534 0.7012950426080923 0.7198406177543161 0.7349986255566244 0.6951339695359812 0.7038422868326742 0.6829364651052714 0.6918001623029107 0.6871626001073269 0.7086366302680844 0.712204605509625 0.663265637217168 0.6555715192014284 0.7088014931480051 0.7476663425997607 0.7378075064138391 0.7821492484168702 0.7506144318442319 0.7386730097694469 0.7034546144652394 0.7255089593245715 0.7152035964816646 0.6948630721052937 0.705640413998771 0.7363744138069619 0.7026938627308604 0.6997783501914594 0.7192544661288699 0.6883518632447457 0.676411188870985 0.6504483301901185 0.5774494783717271 0.5731913279788526
0.6599242169553436 0.6441347184009755 0.6648524281970544 0.6747682846833368 0.647447088469131 0.6759523167640764 0.7178735021456605 0.7110972385367001 0.739493643205516 0.7384483039813656 0.7050794695866951 0.7097700136606528 0.6970951973411388 0.7038518935162842 0.719115605508298 0.6915706176117667 0.7262059675024203 0.7353912810385622 0.7182840906678428 0.693822590231784 0.7166652338528002 0.7301003468624572 0.6977761750020057 0.7309373856009168 0.7491510784364424 0.7811186607396485 0.7912360103682883 0.7521425110514782 0.7338708362884726 0.7143276172158098 0.7121220717703917 0.7164318459721967 0.7328620804341757 0.7447528460796181 0.7669961066820533 0.7079246468802076 0.7070603362461867 0.6812939035119162 0.7018947974122218 0.6716959648572355 0.6446990664825499 0.6011501102891553 0.5493981495620022
0.7010367781935819 0.6585800572404696 0.6653880269181719 0.7122138148274021 0.6909045478787676 0.7145535192634327 0.7616610677148813 0.7568301753841146 0.7714454203443574 0.7724662639870669 0.7825252339871616 0.746579493766109 0.7369278788123804 0.7572104783498241 0.7658482947806279 0.7647882476006163 0.7305775537060015 0.7701503811996535 0.7338326066390807 0.7218328784640167 0.7530524769836205 0.7462129105847911 0.7425588665044188 0.7691268818817117 0.738274825678398 0.7842386037818764 0.7652854688136717 0.7516930977128354 0.7302717154741585 0.7421548411747149 0.7265687825497777 0.7561804523305702 0.7696434186344528 0.7990326838503009 0.7765640026526401 0.7465705254731293 0.7232473822694208 0.7078627173068064 0.7157550253588492 0.6825715320922862 0.6611803927697398 0.6020139116718042 0.5494208722769934
0.7008804669637211 0.6840156317443805 0.7246557649499525 0.7454723290108513 0.7339376402095478 0.7482236367850698 0.7454683428852313 0.7498596023208361 0.7906809056665332 0.7881473070585325 0.7907918814681058 0.8057990180774147 0.7727003465062364 0.7884628329921086 0.8130019891806515 0.7904895203989368 0.7996807624686468 0.7767785859638444 0.7375562908898301 0.7555615994750635 0.8001819062566357 0.7888538382357253 0.7676687004958357 0.8025599370798286 0.7750416225732892 0.7431875905414833 0.7692420049441729 0.7226440329010886 0.722935552908212 0.7278124190981599 0.7439932986322897 0.7708757962096323 0.7600459935789204 0.8001326719952718 0.8068572527680508 0.7496156657142358 0.733881791250911 0.7097953154694955 0.7078480142323134 0.6966367005230217 0.6441695282291485 0.6285403794588488 0.5656066095621696
0.6952464783922573 0.7455977098939801 0.7755808171408731 0.7535441901917619 0.791734473839027 0.7836645052006425 0.7600405943514555 0.7513361066192635 0.7880724710613259 0.8157054715202586 0.7765554891428558 0.8105184167186471 0.8325405528897747 0.8607384018838942 0.8832553060831728 0.8434651532321137 0.8469906801283613 0.8169791340376527 0.7412344334600934 0.7578453336148302 0.802131359179123 0.7878474271681135 0.8147807825531984 0.8295930328761075 0.8238693128313923 0.7805837991469925 0.7356884240236842 0.731816143784804 0.7277094554644142 0.7347147488200441 0.7889804057440101 0.7851275174928082 0.7647415898711404 0.8005224316118972 0.8149828169598243 0.7522437511694111 0.7701903640028847 0.7341990728014987 0.641048008570703 0.6875852595040544 0.6837548758348234 0.6184405602482284 0.5842648646797719
0.7152823702100067 0.7577247702804827 0.7675221431025634 0.8070462532542484 0.7880675740302503 0.7880886581316835 0.7735437869321585 0.7908823407548132 0.8082676353716726 0.8107343681274107 0.8168448953835538 0.8494202678311449 0.8764162346758072 0.8740006685804296 0.8908705833189218 0.8856839779044539 0.8542733987601199 0.819832310453054 0.8107388584205022 0.7773445785789801 0.7810868220261963 0.8065412397447184 0.8365014160336874 0.807754262165546 0.802656349830196 0.7971754058837102 0.7853264081133828 0.7612274412779951 0.7556573058125502 0.7846688336407176 0.745821988291654 0.7583046265681869 0.7805331043738538 0.7968907203367066 0.8177327910877116 0.7726071149520086 0.7478769527319864 0.7192652441662497 0.6794105207620265 0.6722511623160743 0.6642999398946877 0.6607048654721798 0.6065041312877378
0.7365834049703532 0.7665986894562916 0.7822441352214716 0.8326306810710596 0.825248757401811 0.8032127348901078 0.8251411798608578 0.8263383621433743 0.8547192839548271 0.8469661057314906 0.876067678494015 0.870993563565635 0.8894912109479083 0.9235601921090039 0.8956270608036935 0.8906659683154157 0.8695623329344672 0.8376404214253438 0.8071945278611802 0.8367177072862035 0.8434176189487894 0.8387561749697084 0.8428184848031501 0.8318332601580073 0.8338400368145038 0.7930204515313223 0.8128065326648451 0.7848966981565985 0.7841140939590435 0.7885176833023787 0.7610754201427797 0.7838416781572374 0.784641265061699 0.7873128675973337 0.7757491488565919 0.769056755072065 0.7631793775256026 0.7628121187234456 0.7195471910894606 0.7287218703765674 0.6802393941533512 0.6744723781496427 0.6389495689372997
