Raster_benchmarking/DGGS/continuous/raster-202.asc
NCOLS 100
NROWS 100
XLLCORNER 1743160.3829005526
YLLCORNER 5469294.004835701
CELLSIZE 10
NODATA_VALUE -9999
[rows 57 to 75 of 100, columns 0 to 42 of 100]
0.2109508121805762 0.21195569696832292 0.19890176984114163 0.195788296124928 0.23174615696853582 0.26666603170378256 0.25606534124036495 0.2780127688403387 0.2906454304399861 0.26934455325275564 0.29918556527801277 0.31945242472994156 0.3221554739527113 0.3172132078018271 0.32925347872767136 0.3245017550546198 0.3095231004350006 0.28775687720355403 0.27487949402980605 0.21515284746230437 0.22942884888209633 0.27005264465272294 0.2640446738721117 0.2655831242521085 0.270551116472537 0.30652862590477986 0.30765953477682045 0.29908081575219886 0.2825195662051305 0.3016576897231266 0.3060830449198774 0.3375677404855771 0.3108531643252056 0.3446611894824469 0.34476969001801955 0.35727165222457685 0.35779998021570203 0.3116557566117733 0.2625385964600642 0.27465525862651197 0.2792484527147303 0.3040200346171826 0.2995393107468501
0.21998488698449908 0.22291496090905313 0.2265865322483975 0.23441320432871748 0.24578196523057816 0.24520033527718138 0.26513530992773915 0.2738511947097956 0.2953578383450498 0.2876987743226682 0.26802549293817185 0.29605949463844716 0.29715599817699617 0.3068714908234269 0.2771395035471524 0.28983070284461615 0.27993583736958966 0.2812074706766832 0.26277311602984826 0.2556697423135414 0.25264263145201254 0.2697916922271684 0.23762614915431204 0.24866573138266324 0.2580954618106317 0.28521186563246576 0.28212009709459573 0.2876253858593153 0.29308769686546626 0.31364442344782434 0.3327870103915108 0.3124720780141273 0.3151602409172182 0.3504287975766754 0.3681209716286796 0.38136223181639584 0.36480780662657264 0.3310441908297479 0.29244063088855005 0.27224775705641013 0.2743983410325518 0.28446085097469537 0.2868164587336994
0.2523069840836738 0.27873852778046915 0.2659830135963196 0.25507817985023934 0.2789402860489734 0.24794801251983178 0.2696774506231599 0.2917657464873249 0.2940647706508925 0.29374244013694273 0.2591398864893237 0.2737908609031047 0.27345780208846465 0.2712416753783593 0.2671834185299323 0.28374809538056034 0.2496345559903548 0.23987912720717514 0.2659394948129692 0.2696692382510227 0.23870630785000774 0.24796345773788972 0.22746843463976135 0.24480263601983202 0.27053922062225916 0.28826424024018726 0.30187489441528415 0.28577736667701115 0.2793254012590647 0.3081862864299845 0.34225075127617766 0.32697615995503415 0.3069289880944117 0.3285953193376052 0.3814836851971668 0.38675770988286884 0.3673472967280815 0.3437496205569956 0.3167112439772936 0.2739660810661615 0.2752742827603206 0.26522026163096557 0.27669960204755734
0.2665660889800626 0.26329788113606195 0.28614832410308605 0.28971995164295805 0.2862634734041682 0.2850045377769536 0.24831044339478456 0.24874723626515402 0.2732758834156385 0.25104318251311086 0.2698369321636585 0.271580119389235 0.28767905873145244 0.2963777834517611 0.27867969814448873 0.2584598172791862 0.2568714230982865 0.25657578115550317 0.26422401045757354 0.25130647169029074 0.26825840496483655 0.2505111301854419 0.25351128872574324 0.23864716666459787 0.26537401920462156 0.3021842960393943 0.2921822886355403 0.2945662675759578 0.29233899048601947 0.3144551817117672 0.3378107718774824 0.31187610214795997 0.31300958362853337 0.31601798667186115 0.3719723279545592 0.37342735261510934 0.35148311793360276 0.3365433471182046 0.29959455512039107 0.27717744762649704 0.2648490794672034 0.2658130278583667 0.27709082461485535
0.28933971770430733 0.29897026056666187 0.29607709015136335 0.28201528410504173 0.2748321389091366 0.2718312882710101 0.25464988929589416 0.2487181393847395 0.26748469587942914 0.24060190847425195 0.2855003584408291 0.2571612919495223 0.28449421248548074 0.27544151946887174 0.26656025114003046 0.21326880928444505 0.22226307839105336 0.22784933652968453 0.24019153344695146 0.23828371730851894 0.26121387269633334 0.2358140180560581 0.23919057606829605 0.27257132850733934 0.26544637627790363 0.2992730349433971 0.3173092878951403 0.3041567084375538 0.2948901637354196 0.33126863506996734 0.342061208345946 0.30944690698065175 0.29783279940496854 0.3334296770083481 0.3359424182036397 0.38081267359759613 0.343577170296934 0.33236740660499864 0.3172164842402608 0.26913852193506504 0.2561977328687591 0.2726461640130141 0.24770308540794633
0.3134904629489372 0.3062885833875025 0.3061431832100167 0.27796245359250893 0.26928156321765256 0.283893291190257 0.24715017916478313 0.2525855816117973 0.25651902110828423 0.2543758673340479 0.2916186888660143 0.28134132740803075 0.27927964150619444 0.27122969676691927 0.26062211876087416 0.2541734330686534 0.24081666566039497 0.262186467305325 0.2500482696649302 0.2605777572581494 0.2548328034738189 0.26183809564807375 0.26875270232680265 0.26850409139073567 0.2752724303835338 0.2652962097496995 0.3019463821474403 0.3171292618833088 0.3076350588038958 0.2947314408258944 0.3023191507056726 0.30899116595602427 0.30406065962969475 0.34098184651534075 0.32688278391023073 0.36066917567255496 0.34134597538207473 0.30991810492521316 0.325507372724799 0.2882725585333816 0.2552931525188389 0.2460289830786811 0.22361583055310344
0.31342057913348126 0.3407177795960936 0.33692698236083374 0.311598325389216 0.3158361486105913 0.2832459611327253 0.25223946912013206 0.2472771996297555 0.25588121785735546 0.2846831113322893 0.30272627122035933 0.29883702831675185 0.2784824013319881 0.24279461477812447 0.23559018485188035 0.230721419179416 0.277584881601932 0.2915516744895349 0.28253784289434986 0.24427426376177677 0.25805031020862057 0.23985817117645616 0.24704112663456312 0.23886147466685861 0.27434718611884146 0.2461140625755017 0.2706128404821747 0.28380107838425456 0.32729062369646816 0.31615940201944115 0.3106269531893579 0.3202438879288821 0.3084902078211419 0.3337508787675393 0.3451227696137599 0.3231875048649513 0.33650867763838394 0.31846859792626275 0.3412455682457481 0.3255826317275301 0.2597868685684269 0.24085067316350778 0.2301174461049686
0.30122305056927645 0.34089285909173495 0.32615118708474006 0.3155335147895301 0.3317361559506648 0.2815562302025732 0.29309369836733623 0.2975597454631033 0.27704815965731977 0.2953236100383572 0.29731106542469676 0.31018110233707097 0.29691177331212165 0.26215496202819993 0.23870950829140103 0.23387358967414795 0.2741091940269759 0.27398975246828483 0.3044166013590492 0.2858511775189522 0.28042526574961013 0.27560117264205725 0.2715044021149906 0.24908017122537066 0.249033805255711 0.2815622640564037 0.2859856449005514 0.278473533297351 0.3209131618041671 0.3173579056256268 0.3097345137333018 0.33073131749372814 0.33492360987416175 0.35884989208136137 0.36688407068506823 0.36026837328710326 0.3334333322136476 0.31629473123385454 0.3409609025801806 0.3385325960192447 0.28301902806356516 0.260318730604922 0.23955692855207222
0.3137522012150531 0.3582208875962022 0.3363045225073966 0.35718822496214475 0.33511609606675885 0.2947063524532265 0.3110680373383435 0.2863166874035174 0.2861286329999232 0.2885820654537239 0.302936717886353 0.3245948080243282 0.2954925138921029 0.2594495506397925 0.2615098287603963 0.2638947318200589 0.26603465998279685 0.29435583871113596 0.29907734640061034 0.30360180120019103 0.305055170348131 0.2902104576878695 0.2722917764449192 0.27470064757123475 0.2642130277121695 0.29335321514536594 0.31771964491458654 0.28113065789278896 0.32715428950919356 0.34353353324283326 0.32285246111318894 0.33197318951540516 0.36189501285772724 0.3903077883588406 0.37917910257455884 0.36236062854169887 0.3457944878577087 0.34854648539131455 0.3195240912550898 0.3298750751388167 0.2871420493622618 0.28952487808510835 0.26129886915689904
0.3181436530701689 0.32093001852498465 0.3424909978606302 0.347573447979752 0.32820615510509477 0.32771425702965523 0.3110317632649178 0.31133049171545557 0.29057607781092004 0.3092237252376832 0.3121371594729441 0.30659257373331406 0.3136064051403892 0.2714733318486999 0.2859551259150313 0.27790433305755 0.27517493259537645 0.31989864965177905 0.30375694246450224 0.3157023173047029 0.3094287523251454 0.30719485244662587 0.3122894647992027 0.29930458885156835 0.32315516836211144 0.33431283029266945 0.32734928785282064 0.31119261523958897 0.33536975667070296 0.34013722476997044 0.32885160347827536 0.3471069502237746 0.3728629108711702 0.39776235593061904 0.41130613986168146 0.3714717238204404 0.3655369652223083 0.3360449852666647 0.32307497241704136 0.2933302213587559 0.29926739978022693 0.29972151690295634 0.2803171809062447
0.3397264488086065 0.31603487233088784 0.3351312269878305 0.34490491579402255 0.3290759960126658 0.30599801157469797 0.2951291137777448 0.3227195868351907 0.3202502184983517 0.3114476957229675 0.3147765246334107 0.28670044767656006 0.30740946879942715 0.30819626910432457 0.2997407208769341 0.2670796401189646 0.2981985383768736 0.3204956315185412 0.30492228784652964 0.32265777935075163 0.3148658729340482 0.3146325136587171 0.34073265966347976 0.32731996977436084 0.3169745669406773 0.33427420708994 0.33244546317501783 0.3549539470321028 0.33999421381380496 0.3398130856206146 0.36306507493697654 0.3866292256224589 0.386517629319861 0.4202578069788345 0.43407893535895353 0.39348041509804377 0.3606518868232461 0.3110899072151984 0.31353521660221106 0.2969282002368263 0.299644342976971 0.263652317419138 0.25066402786811254
0.3425690074007249 0.318350110551473 0.32418243795889595 0.34879124041280657 0.343821509569434 0.3209462412257281 0.31817183858101705 0.29576111667122157 0.3012856459692384 0.31201126604418267 0.3365485961048107 0.3227709253024193 0.33508603692022193 0.33329237323063443 0.3033807421036271 0.3086770478896021 0.29857395424672023 0.2888862668461059 0.29219626000209653 0.3108920602664528 0.31536846685194286 0.3498152172925276 0.3631818305675829 0.3389375754751134 0.3478364843852092 0.36345225908633466 0.394520216515751 0.3953496083978741 0.39477701092886414 0.37006032451232207 0.3765199454309936 0.3800223461460338 0.40577304534237474 0.41771708234729343 0.4385113147985884 0.40263932984769785 0.362365873869495 0.3539717309307079 0.2924228162507347 0.2948493076920796 0.28139562622651826 0.2769937094026333 0.262638814127626
0.3427008277063226 0.32677692412299675 0.3320946845899918 0.3799934371536012 0.37330988529007725 0.3614487272483903 0.3403194844639539 0.3073378023518793 0.338210746552246 0.3439197437561473 0.35342426733254956 0.33878955856407017 0.34822818103690684 0.32450431222155174 0.32337185707103744 0.3001025031840149 0.29761960201164334 0.31990407523542164 0.31518139866809475 0.28150674577767887 0.3193048922825253 0.33099804900115853 0.36165579942103365 0.39387191010391726 0.3972170456059472 0.4013430855759566 0.40311445617920344 0.41821081824458767 0.4233509759751661 0.416666666222188 0.4143242028765581 0.4325727780147303 0.4251180734826597 0.43930347375570344 0.44629745582261837 0.42849098289547954 0.4002929121066532 0.36329836540179133 0.30157042422873626 0.26720176090787773 0.25678335014423853 0.240805649203374 0.2360434409718903
0.31017817210651893 0.307340113012978 0.32637719514254976 0.340673092596394 0.3449822486258853 0.34087497792244464 0.3583118528038665 0.33531383061752235 0.341312843866333 0.3481557971075184 0.34196378624293616 0.32047476211965237 0.33245740040203653 0.30712437402526727 0.3298949011955068 0.33274000888602046 0.34245530253145245 0.34750448704170084 0.3090515163134214 0.30743054276684056 0.34799434874671176 0.38388856270890165 0.4010076291585063 0.40124323868967715 0.39180121547678476 0.39602367589460624 0.42604542564249276 0.4238243788328887 0.40128141812139745 0.4071312859785203 0.44062472617175313 0.4329250208468764 0.4606667788720918 0.4497627537008012 0.44025038451213255 0.3859549084638255 0.37368645083504665 0.3683411688868501 0.3024590276498221 0.2838888639119756 0.26134212373852495 0.2728690695942037 0.25131626184266537
0.2941895497631305 0.3075183327553984 0.31068313179502116 0.33921799978659434 0.33744702684112865 0.34521972835715353 0.35696483281954494 0.37608814762836695 0.37649486798577664 0.36043999415540834 0.33732220422132714 0.3029561273601753 0.3019799546533589 0.3279659453810883 0.33090106971756983 0.3179870340555471 0.34682283714598816 0.36258080151489286 0.34672689585014455 0.3297636792951614 0.3707645431504022 0.3987615406658274 0.4055883792518934 0.4284436604241959 0.4269688298286518 0.4101874130999195 0.4421821081332504 0.41639433557345507 0.4379937774333598 0.439996019755031 0.44488091016346093 0.4681442404528291 0.4429394043819489 0.44383862402880303 0.4275894790359449 0.38251408498498657 0.3692528514950933 0.36074991484836905 0.315748980920436 0.3063365950268533 0.2901325874818791 0.2563906311658355 0.2567310135991148
0.3000950810768225 0.29622562304081124 0.314451852267879 0.3383404616306262 0.35013729433808877 0.3545988691139965 0.34772903396276206 0.36122828812765145 0.3592808467175914 0.34540974926180595 0.3195403274147293 0.3126971009313378 0.3168419322779573 0.32581502726945927 0.34674869055236507 0.3389946788778944 0.3707077892486024 0.3837871452663986 0.39565183623657857 0.38503343791095174 0.38239616508873575 0.39712212432591765 0.4435276112492648 0.425091399020607 0.4382615152630196 0.4284619208913603 0.44456815610412476 0.4183265992843028 0.4270788380000709 0.4223644601658574 0.44023830577312306 0.4710785233972776 0.4682397916757029 0.46847703261959367 0.433572239320633 0.4036643894403265 0.40885821181302157 0.38326265798334963 0.32725279764573356 0.32685620637252083 0.29680637567388535 0.2808164118092056 0.25846327818188325
0.2991868860043993 0.3376304572671782 0.3457106409570426 0.34456779508086616 0.3257257117305455 0.30616447204125746 0.353168829312884 0.3488918663386441 0.33841431811481576 0.3196175656042104 0.3389302149910077 0.3084385586884664 0.3591743969633477 0.34881257713439706 0.35984771548543404 0.3862096699469443 0.37081165217256445 0.3940849710667427 0.4030185546394463 0.42338748174651597 0.42273082896683467 0.43943953484256026 0.4276296508196898 0.4341811509683234 0.429057049824182 0.40601407590394367 0.43800447631418216 0.4632533325696219 0.43718200892280096 0.44035451530455105 0.4219888729552543 0.42724257110839703 0.4382962583834568 0.4472674609639088 0.4523881716376919 0.418856380359039 0.4045176101077275 0.40359852021607856 0.32969996724748896 0.31959067378523104 0.30995317162003194 0.26051114099645206 0.27150876274062535
0.31028039377602845 0.3071137627410978 0.3079800470285752 0.31280783173167337 0.31594108606184734 0.3172852145043627 0.334443576491682 0.3552624373700327 0.35068457089304733 0.3520991353527051 0.36945522558111454 0.34983064080961174 0.38054778870396133 0.3514738471453194 0.3675906042246274 0.38146190115240225 0.4129769729964572 0.42203619406596554 0.4335401027854096 0.4178738406599841 0.4475330065540891 0.4162031188877725 0.4386402229292765 0.44401476101190923 0.4426744431890945 0.4396915868002521 0.424691588688715 0.4218000713092976 0.4466834729053362 0.4313993486766463 0.4090951557044419 0.4426295796966625 0.4429306502941091 0.45584788443121377 0.4319003704412642 0.43557076959296226 0.42189080672090024 0.413801412024195 0.35414244282100604 0.3239805316834732 0.31514542025804154 0.28863994693524464 0.28991695757252434
0.3150593213197193 0.331839906484735 0.32659270770518967 0.2885935564512538 0.30225441797813385 0.30960112948083 0.33879348878876303 0.37498872080389223 0.3475909924429651 0.38033817501545725 0.36002174498030154 0.389403832541407 0.40613327124005355 0.387969812472449 0.3812303038873742 0.4297006529248396 0.41517792434690304 0.4328135572946495 0.45284160811729196 0.433720681701963 0.4525429105437317 0.4104278189767225 0.40971754239894853 0.43843152852183037 0.4633198323670468 0.4511985643781836 0.4299958906823666 0.42057831597434137 0.42548802522900425 0.42023413034268253 0.4032491694185726 0.42345870464471586 0.44160260360014053 0.45357310250257604 0.426982868982783 0.4380213382722209 0.413928427494592 0.40342238768712313 0.38231911431813154 0.34542612267542483 0.32025192719699064 0.3318506167248248 0.3147317698527412
