Raster_benchmarking/DGGS/continuous/raster-211.asc
NCOLS 100
NROWS 100
XLLCORNER 1743160.4488458652
YLLCORNER 5469295.785140681
CELLSIZE 10
NODATA_VALUE -9999
[rows 0 to 18 of 100, columns 43 to 85 of 100]
0.6119424675291413 0.5815171696420919 0.5762195351018888 0.5756021926822286 0.6150408554127125 0.6495241257430746 0.6432566591805524 0.6265020386198046 0.5727865015309337 0.6099432972647684 0.6155849052488314 0.6199453817678486 0.6097932070080831 0.5574555997038289 0.5553851630533642 0.5642732791603686 0.5590667917827444 0.5138028893384055 0.5001731932090429 0.509008967348681 0.5183294073925134 0.5003068133729941 0.49817781963758334 0.5173729821608535 0.5339850581535476 0.5055069085190927 0.551800586836195 0.49295044875837557 0.49891589087454513 0.4856791690441439 0.48079194242235396 0.4694530342602309 0.4334059233932418 0.39443291755329873 0.3747662448309237 0.3823758538008599 0.37218182480402995 0.3385001340944488 0.32099752189598807 0.2958213749828731 0.29770102847247504 0.285288000301869 0.271829178618556
0.5458090261123413 0.5588703312576425 0.5589823095948313 0.565603131453165 0.5993821331765993 0.5949320437918949 0.5860890176235117 0.5853406435649039 0.6092792634504709 0.5746917615263724 0.5839890038713162 0.556395219704576 0.5750439480424404 0.5522034305483704 0.5118206921111655 0.5140592119765123 0.554074883617916 0.5117986314481419 0.503667746130006 0.4822199682355586 0.4882137032515027 0.5069731746262148 0.5189585887187054 0.5001049999044264 0.5170515471465125 0.5233151717017179 0.5227113737876625 0.5186175141438482 0.5127219260083016 0.51416782687576 0.5056228460433407 0.47904670373647446 0.48070118827365577 0.4467909764588245 0.3993357432384488 0.39439013848181476 0.37719398956720035 0.3455178295018799 0.3157132603072486 0.316239842344888 0.27149981552984304 0.26643605961034456 0.25937020431333296
0.5394647154728449 0.5520920422952412 0.541289160340423 0.5711772769505642 0.5557178139151089 0.6022641561714019 0.6029025469782636 0.6301196806496747 0.6122768242513573 0.5744103087016202 0.5660948960885068 0.533210523713918 0.5323775941688499 0.5091175089959336 0.5020592388852665 0.5348912440109302 0.5356458694870457 0.5038947483477412 0.453043241996635 0.5065428445885445 0.5124078086292095 0.5057018300811157 0.5479229667561758 0.5251060850942926 0.5017787020602773 0.49829437738749965 0.5516705687553188 0.5279638138506725 0.5396602135719984 0.5307297275845149 0.4979596304556971 0.4945844399753553 0.4668295430341186 0.41784387922816973 0.4170567449706039 0.37444831880374213 0.33983908808028157 0.3591154890408227 0.3279887284796356 0.3023332849764807 0.2481936692608941 0.22541357447211602 0.19345201686451943
0.5697448584903461 0.5689243787666176 0.5532906749669158 0.5846787370414203 0.5888648574786517 0.588581903657649 0.6132718965060601 0.6254070630534658 0.6181627785382718 0.5993142761751424 0.5798516767616737 0.5613288289407866 0.55756359140775 0.5264108704311874 0.5077331018411304 0.5098825075866683 0.49066887357565275 0.48090476131116405 0.46835236087595195 0.48065089564591157 0.46837719818822254 0.5004194532446613 0.5241883227889526 0.5066987010458823 0.5276190162417856 0.5064298771701461 0.5373405281022448 0.5412019660500184 0.559185016708605 0.5335473689324759 0.5327732807289053 0.47078623843587836 0.4579207018959737 0.4303417845611154 0.4101472223219522 0.3855851195065405 0.37180674044850937 0.32638597782097667 0.3333495410043469 0.29338814816294084 0.2552515466717051 0.26166734224115973 0.21777620164273545
0.590212854221435 0.5548325990862513 0.5652822798086046 0.5877060193299609 0.597826796325539 0.5953934714367642 0.5932248954036106 0.6327104057074313 0.619148277764813 0.6414997862243658 0.6084350973430656 0.6058810351857338 0.5738686008828278 0.584670189381635 0.5607953425060607 0.5208561290114042 0.5068385356168065 0.5061534891577734 0.5119674681634535 0.45896357404467597 0.4688569609192996 0.5162274261810998 0.5346222358314107 0.5463327601030207 0.5282326438871306 0.5438647713237474 0.5370556191452625 0.5470571006268959 0.529520884464139 0.5521061996267072 0.5394521913068724 0.49598062087091743 0.45631745104918564 0.44274298814282764 0.41796680930448254 0.39708193912616185 0.3721799739847083 0.35491110110249807 0.29818309427328216 0.29085913913507494 0.2813269457103661 0.24718879165612112 0.2362898512756496
0.6051199546153402 0.5783079117093247 0.5939703493262756 0.6005823722321654 0.5902368543662296 0.6272465902340812 0.6338695795530296 0.6305399627883365 0.6502920949861151 0.6633731368422373 0.6664710184290727 0.6390285381992157 0.6103816748177415 0.587401038594631 0.5543798017279522 0.5413378785428459 0.49180136835944693 0.48805654649726976 0.4740627868538505 0.4718929221010471 0.47023594873415925 0.5170077714522237 0.5179921787343241 0.5211114738741304 0.49956739480485157 0.509845568002478 0.5117987191421334 0.5370713865967652 0.5273288724628458 0.5147449232935544 0.542230877942847 0.520787700616555 0.4758516986937651 0.4621596485207746 0.42576093022631906 0.41258112337514447 0.38977111136594467 0.33630815230874594 0.31400690053629216 0.2808990657142616 0.2676120302451767 0.27734656842836275 0.2905458737128854
0.6360564644509389 0.6258219417935199 0.5771705981434172 0.5926195322672508 0.5813325045983306 0.641987365925216 0.6469574653516262 0.6521395939776943 0.6859532428878967 0.6656936305833063 0.6666830733493606 0.643571629979998 0.6250379912630979 0.5785135464300434 0.5295602394735486 0.5464262646938891 0.48314503715831153 0.5106749612560714 0.5046797036137766 0.4697317291594604 0.479533092375393 0.492429542386229 0.49990623123860495 0.5157084584110774 0.4851153570606814 0.5129904331448065 0.5131357086280738 0.5252402325055476 0.5255372141920002 0.5363741331607713 0.5439588022484456 0.5166625290941841 0.5163478233465455 0.4654055070697728 0.44834599900520533 0.40792821941521845 0.3779219194641519 0.34344012023311576 0.2764681185791499 0.2904435862588362 0.3107173233313348 0.2825327231671224 0.2776919641196167
0.6203855359023638 0.6299326871403337 0.6136064838921549 0.6121789618857525 0.6110103103279387 0.6578205773966724 0.6696409499676423 0.6857348102888878 0.6714603362890438 0.7000157132942706 0.6862133748844557 0.6718359117759924 0.6275450284526852 0.5987999652940645 0.5610993859825034 0.5345895998802315 0.515598395047179 0.5089120318119867 0.49094256014967697 0.4886095200517807 0.505985954515579 0.4997337394008167 0.4873570548799677 0.48398682428525597 0.46423557328881393 0.5082486104139422 0.5368700511216762 0.5102528417035245 0.5039911821246406 0.5351508247875187 0.527156251500194 0.5046074569063889 0.47582394170290726 0.43009461473012833 0.42084327120633747 0.38627105416646274 0.38689694998151447 0.34375031652417376 0.3196588236379843 0.3139061175935265 0.33453239004866975 0.31284261330396934 0.31342986614759477
0.6619111028953135 0.6221960707160967 0.5903229828003871 0.6172613415916877 0.6371596285989702 0.6462438056441492 0.6816174371942695 0.6680380784339198 0.7034086577616923 0.6823073595571395 0.7035233929017616 0.6374434172042304 0.609482049514215 0.5671211560776048 0.5649606646860688 0.548428995314601 0.497510272978334 0.504432357318935 0.5370019094154209 0.5189569391326103 0.48500796437588045 0.5003887010716719 0.4767444920865079 0.47313690372419337 0.4748512032228925 0.4913457349519769 0.5249777473049333 0.5015411643625386 0.5191436456894591 0.5097651022245228 0.48550241564886915 0.45804203667351867 0.4671711560653083 0.41373949857298625 0.38473073123428525 0.3839226528378111 0.3591580215342007 0.3486625428967514 0.30808169357795256 0.29944985516781863 0.33688037749708294 0.30138768447413006 0.29808085765948567
0.6781762811944578 0.6414284690022101 0.6233234634310886 0.6252028840105525 0.6461182879394383 0.6560850865011423 0.6688486608173744 0.6572932200012719 0.6709380237501673 0.6721480347856723 0.6633178077024662 0.6313820680879516 0.5847124339990615 0.5650366034953807 0.5698553644761494 0.5342873397337624 0.5166185651167114 0.550625108881106 0.5526614366872488 0.5144778062910202 0.48260504362198836 0.49009534085813206 0.48649648093382214 0.5020841689267301 0.5158863481351156 0.5351787478197425 0.5586369859636994 0.5228313237092396 0.531811600503507 0.5024965354070939 0.48288765994354577 0.453463060602018 0.45263069759675406 0.42507051857938016 0.40821541428734526 0.3764012109580428 0.35570895099129424 0.3588682196862638 0.347823649573158 0.3120583977397262 0.3100303850090529 0.28678800646109553 0.29931740754246744
0.7013625657997621 0.6535248114106864 0.6480679248171342 0.6518738015241593 0.6561041212574965 0.665707120290126 0.672329212871631 0.666058603918964 0.6562211283598011 0.6621175811739072 0.7022874656471375 0.6474218829631961 0.5982493815857272 0.5686529948577179 0.5390660145427872 0.5235329331571383 0.5562597228707897 0.5485679946560821 0.5601860210061955 0.5521136514628111 0.5186020442876957 0.49140415936071663 0.4839707737892735 0.479251699376837 0.4856609256925139 0.5291135952978614 0.5596711964991444 0.5050867753591721 0.5000083119851497 0.5207790313191897 0.5272445217953046 0.4484639716673723 0.4174998920374355 0.40907945046686695 0.41106112229828135 0.38182974309892304 0.3714685190404552 0.3637804552258555 0.3694172390793839 0.3252127257699141 0.3245442952271863 0.2989076061671416 0.2620880072503149
0.7304407304082063 0.6803310081043791 0.6415007670442577 0.6346529581019598 0.6621352529589466 0.6278902041130521 0.6337412151867595 0.6394494422447591 0.6627052456828234 0.6580051430331346 0.6859380323383683 0.6570184270444099 0.6339067877198445 0.5944196352860915 0.548393434714392 0.5415692920902188 0.5620970681925634 0.5519988562190999 0.5648001707570329 0.5350289790069199 0.5215421271201199 0.5014879046294329 0.4744475713262765 0.4725534016435907 0.46288625973716097 0.47411973005605246 0.509388548187767 0.48834840324055423 0.48760034702030153 0.4897119529926653 0.46514601769714836 0.4431625124787843 0.43486421231074707 0.415482176154987 0.4159743945262129 0.3748662112600366 0.35629684282305907 0.3943389835032135 0.3572211095816351 0.3493625442788489 0.3233456842652309 0.2966230069561284 0.2794641432802333
0.7208096179345613 0.6778892813543851 0.687193840295898 0.6405564436857266 0.6393952115102872 0.6235805391231669 0.6176039122651013 0.6567025705426921 0.6304756493690994 0.6383410497218015 0.6586521505209697 0.6357435068277307 0.6250427581369847 0.6059512254680766 0.5694116078593862 0.5565091842905117 0.5365513405579159 0.5067085889394615 0.5268927830865608 0.5043318591531449 0.4784938069349606 0.45906624750459146 0.4784960634615366 0.4805917311872218 0.45917248115271264 0.42833522838807647 0.446900090008938 0.46889737088674105 0.478456014258872 0.47260823135499425 0.45293404376264446 0.41516319215499714 0.4012290313486527 0.4078979607645442 0.4157062935597669 0.4060008543461553 0.3708863486877311 0.40080587492588965 0.39191350564437005 0.36408675535451296 0.34081585323964647 0.31288633490153966 0.29749016596156025
0.6984627401236045 0.6839096796669091 0.6992621669265484 0.6755698794562632 0.6653617668314746 0.6538579314357263 0.6199917751977949 0.6445320056544712 0.6483807851087546 0.6442876379610833 0.618263573166606 0.6161331791584973 0.5988959006311027 0.6175074442493086 0.598443818951898 0.5318136263174393 0.5362831635332078 0.5070615340884113 0.48529647910136164 0.47695216063968987 0.4658433802253331 0.46385710668349134 0.4526874161533354 0.45309107189905584 0.42699138462260605 0.41491754525000046 0.4245531996878319 0.3975505223316427 0.4263839451913269 0.44238580494135826 0.4495322652946942 0.39340800828349515 0.3830932586908182 0.3721752795793678 0.38087509720758883 0.3760709739947401 0.36549719406551656 0.36224227846650225 0.3394186056687935 0.3444781779150222 0.3355798646900097 0.32856656977552934 0.3293260950126351
0.7044198963840974 0.6810382547791107 0.6585751088409149 0.6696206142018942 0.6426402688221475 0.6608529499385435 0.6610958315922878 0.6326902910708593 0.6447013957705964 0.6306251427956073 0.6083511741269136 0.619598459703068 0.6149854770354013 0.6124486559239944 0.5967727694777685 0.5492495910613677 0.5035929184841904 0.5045423741349884 0.467202524570588 0.4411527527317044 0.41980989180685196 0.4530404842080278 0.44074637718645593 0.4371561456072135 0.43369137966777593 0.386183651609801 0.36952715700452926 0.3601123815169217 0.3775743452682702 0.4044928976742304 0.4126103818390841 0.37551368654966927 0.3582313076070568 0.35474143792660834 0.3710838210642592 0.34118291029717696 0.3290186186147344 0.31105006338957064 0.3449206064192348 0.326730457562774 0.30962100344408694 0.30481203826911224 0.3132106811897985
0.6514146570848616 0.644266599735928 0.6242368320289926 0.6225313049764268 0.6144295710528493 0.6289967617978883 0.6583841582816907 0.6146346813983076 0.6240868520784619 0.6038299373986971 0.5906163552218248 0.58219220268187 0.5982799535406159 0.6024603546346414 0.5891715412788673 0.553958554287102 0.5450372788004643 0.5136578947344766 0.4825762822905016 0.44561684750141595 0.4266375147220271 0.4525576549104051 0.4416597153351979 0.4394203454580065 0.4174620389134849 0.3682139708152284 0.37523045568718066 0.36025989230229394 0.3709219068577298 0.38848736675155304 0.37030950238249033 0.36427115254846487 0.3610877923260624 0.34690878834231026 0.3480119800796142 0.33701013228760224 0.30671889409235287 0.30454600237018503 0.3282885120705149 0.3470546781399698 0.3491956723253136 0.3305531664529357 0.3464658157880996
0.6846336989043376 0.6448096212379881 0.6158118259766221 0.6462826702466736 0.6412991516200348 0.6462182941398519 0.6404561565726521 0.635673911464745 0.6066539206876931 0.5858732289036898 0.5550600508139333 0.55669063112426 0.573902929327723 0.5903700540075023 0.5478137251700507 0.5421244832366782 0.5355526127881282 0.49696959971653076 0.479725116664262 0.4558973557622362 0.44234509755574153 0.44052088207733814 0.43001844097172265 0.3943175255026926 0.40582875870868323 0.36611617415689823 0.3125521943552307 0.3066527858935812 0.3273134411725548 0.38141594943995494 0.3710690145819667 0.3731285306054755 0.31083409163919234 0.3317740578030645 0.3239752440214279 0.3147339315510853 0.28437531363844404 0.29187243559908216 0.331776308605611 0.3556705142066095 0.33028257994635324 0.3472641473250081 0.3450250529840503
0.6733259381977057 0.6508089626551756 0.6395113675763527 0.6164175261897379 0.6358228099139634 0.6378459935870876 0.631082843551223 0.6219722132380602 0.6172865393076691 0.5703657309399532 0.5761327852815108 0.5762670927143906 0.5469456378843581 0.5457142914414572 0.5385193140902123 0.5051098662362254 0.5088654897932494 0.5341540586528903 0.48271396430659264 0.4821409869917981 0.429850046770214 0.4361697097507556 0.41650867682310033 0.38917961864737216 0.3937026019078937 0.33712326013359817 0.3060866496614763 0.3127289747951261 0.357846933064436 0.3615158693850199 0.3486630647856268 0.3569054287048758 0.33775222631525076 0.28399315701128613 0.2710727080297921 0.28053777594034823 0.2880342052172875 0.32023575323553605 0.29191156178710365 0.3218683852796885 0.3592187702694716 0.3453890122213266 0.348891389593867
0.6560203124377916 0.632970670147268 0.6040426352870935 0.606494284739152 0.5983106238940253 0.6257754211035313 0.6308471590946294 0.6059226935859675 0.613512881639861 0.5845081525661414 0.5712950677982828 0.5793476513226109 0.5661745863417418 0.5104169270690192 0.4995618491465773 0.4823811002074915 0.5150938080480947 0.5320957420455527 0.5217380212470397 0.46034882729173077 0.4439973287474231 0.4225653069925885 0.35557127126199795 0.3979874030466421 0.39673527094978145 0.35237230831176175 0.2921091297004384 0.31767996650894004 0.33648107953990264 0.3618654157593965 0.34548404706697383 0.3505786727483386 0.3068371576120031 0.3015941224789997 0.2569916159047688 0.3064636966718339 0.32236162400334084 0.3052017547542814 0.2609181168165109 0.29037657349643287 0.3428869302502928 0.3318066455772644 0.3450559518367998
