Raster_benchmarking/DGGS/continuous/raster-37.asc
NCOLS 100
NROWS 100
XLLCORNER 1743149.3693899098
YLLCORNER 5469282.4711611485
CELLSIZE 10
NODATA_VALUE -9999
[rows 19 to 37 of 100, columns 0 to 42 of 100]
0.21695753050059607 0.24494262561396182 0.24270244103722935 0.22240157054170379 0.22648214665163277 0.232665497455065 0.21362542053566638 0.23489884058145125 0.24207765885433455 0.3092237289726667 0.3120829506055212 0.33461317751192265 0.3584101826564261 0.3666802756202695 0.41105664736881586 0.40311394270953477 0.3973588777347344 0.4294287173515713 0.4617403863741356 0.5021072946251746 0.48370046890957985 0.512906901888605 0.5534781586017691 0.5773005461074959 0.6020773549289461 0.581092657481369 0.6112873173638703 0.607937082808509 0.5798762241465649 0.5776671273345657 0.5931387139898894 0.640493866659482 0.678654955969947 0.7216453904585785 0.7428013526766001 0.7382297244086325 0.7031764677676097 0.6721935852374159 0.6886936560835432 0.6969592263487813 0.712977651569001 0.7342115584387156 0.7375960896663799
0.22411389666094056 0.192673152247869 0.20428316318515144 0.19075933003743561 0.225206916893043 0.22910197029062343 0.1948107085083806 0.19223617614199376 0.20419258697542358 0.26592067699329003 0.2913918654765165 0.37225658491698527 0.3614991115637458 0.4204196914091872 0.40227225678096823 0.44260851583036687 0.42405354174556814 0.4151123851447104 0.44551594481193335 0.4677225571607427 0.48621563868446926 0.5071146739592203 0.5653632266198404 0.6015778418125342 0.6167510357322212 0.604559067697315 0.5804601931638843 0.5773061211676505 0.6105322511318834 0.6370054613199901 0.6332195398940579 0.6319584494701974 0.6330242595272201 0.660486018964548 0.6919859079414507 0.7302137419330034 0.6803976083461122 0.6714550868004938 0.6658246472452086 0.7407959101759285 0.6958916802936085 0.7231907601196104 0.71336565703403
0.2272346350222174 0.24618545285096913 0.20353234918499086 0.2241640132390672 0.19651502704265314 0.1870314344746509 0.16508443144143695 0.1661772657633128 0.21331933550607188 0.2878733921361536 0.3118702887291451 0.31962213937359035 0.3585789621128071 0.40382595032642765 0.4111408887810915 0.44855773496063933 0.44936187377049025 0.4353955815767739 0.46128389538879855 0.4977272077643903 0.4905168036398841 0.5437176249881689 0.5540048636725333 0.6031864087109294 0.5994518996063212 0.590366033005176 0.5910598063061465 0.5901942688225505 0.5891647559970609 0.6285306307877545 0.6665262965483318 0.6219225123253516 0.6167909481524737 0.6760243003482896 0.6938294158019727 0.7174415629633809 0.6971740577735633 0.680015985566325 0.6584314684389101 0.6693495545834509 0.7170703729701977 0.7415764009602926 0.7090600698634183
0.2605976751159849 0.25820343279339014 0.23990350211053113 0.21953147750763288 0.20303570189894837 0.1553046388550297 0.15285429285949317 0.15515067211103054 0.19697221135252801 0.27178175802344823 0.25520212924101476 0.2862202054834001 0.3252076919455662 0.3692922574472409 0.4134177984085539 0.4666291730897157 0.451230541217722 0.4890495048803235 0.4643113184336492 0.48222872092948055 0.47753227467056714 0.5464458859686974 0.5412001891355462 0.5801820097345558 0.5672318364664101 0.5846269821337249 0.6049450318889098 0.5862405185220141 0.6404229141247416 0.664979917581856 0.6732746195629814 0.6433748388013626 0.6328825333672696 0.6408452074328992 0.6561447971007343 0.6920983547069702 0.6825075666753178 0.6478882621991636 0.6135112404580055 0.6313834581174612 0.6550306605815095 0.7053502008882166 0.7004852412267358
0.24586210391275712 0.23451457410844104 0.2241728909983879 0.16633958115239572 0.15298515552714695 0.16595344348284788 0.15148763591772507 0.18204801974183452 0.18170802167511518 0.19890843433174368 0.23044435836952631 0.2524366169062649 0.31451704312293244 0.3596521077770041 0.4233166108088667 0.4703028539445591 0.46042306447915393 0.48703290708281016 0.5014501398548912 0.4899315997803934 0.5019340542089746 0.554669883369905 0.5513215001474375 0.6037040103646378 0.5662633624818001 0.5627142718968481 0.5785102597129052 0.6118113218014672 0.6364526619560569 0.6590421155687215 0.6437880208839616 0.6494997699132724 0.6269782158736689 0.6170651421015863 0.6403361698599231 0.6556440939888403 0.646104216416789 0.6389489554741749 0.6034850070097731 0.6294907904383732 0.6661276449918074 0.6807371570062515 0.7346805285785323
0.25236394820261493 0.1849356647596639 0.18480531471747738 0.16010157471474537 0.11903620704364211 0.12317059927955881 0.12549800760943136 0.14625914372619558 0.19922125070992433 0.20269043756359106 0.2092830153661224 0.24184482161351187 0.28190578246463793 0.36736501936322663 0.4206631183044617 0.4315318020017473 0.45350833825730424 0.4618851663526046 0.5031605183282788 0.48088257730606404 0.48482370959326226 0.5104244495771754 0.5507893137646458 0.6109470306125346 0.5614107431572121 0.5806464221768076 0.5888431224834534 0.6221760133127062 0.6185915590950569 0.6417809503750819 0.6418474303578373 0.6541499271786099 0.6295559595095328 0.5971384549052864 0.5855171328864175 0.5759062334037166 0.6121663471214898 0.5993503047606008 0.6090839255535747 0.6147346295119387 0.6547012496713247 0.7011748529462857 0.7380747963687694
0.23714470391240675 0.21947368994252758 0.16679958491711952 0.16377167579023635 0.13392217635073794 0.13658747803860039 0.16661912083176983 0.16881319046544943 0.17204556692036682 0.1859054476334631 0.19257876818110886 0.23658876152805916 0.26460826093087375 0.3051258953734176 0.3560325451553157 0.35830075577107556 0.3986937945341528 0.4314221463947188 0.4775648692465241 0.5039120298197061 0.49021518812979675 0.4889394907018105 0.5466858039794096 0.5483884103975545 0.5921823129105532 0.5937355808169872 0.5741442902496078 0.631365755678023 0.6238382265784456 0.5999870683049404 0.5981426619983458 0.6055756197085782 0.62189223333602 0.5662640958394192 0.5812310093349783 0.542415412829934 0.5677251637059539 0.6028898869687701 0.6063075471868284 0.6422656749579484 0.6355862647323739 0.6820497321124015 0.6788403054583778
0.20933738541425648 0.1918508978314929 0.20258045006265116 0.1596100809246211 0.1868236041114243 0.1993062406325825 0.18666978687182947 0.2117990861659423 0.19327560112564787 0.19172790777851348 0.22274538594984414 0.21169223986697827 0.2394477039490258 0.26234256023025976 0.32499680976971823 0.30906297849152686 0.3544886600418042 0.4177162101004198 0.4855005825552305 0.4817227567342068 0.5123250682030075 0.4806284696653136 0.535141714288281 0.5253321605464006 0.5480570653233378 0.5921746535842376 0.5829406942348063 0.6043005948751948 0.5738586647166094 0.5725912452409155 0.5630677917358763 0.599148215889146 0.5969416725879506 0.560228864479679 0.5528753335858793 0.5249682882731622 0.547729486275711 0.5773227832303249 0.6099231343628166 0.6232843907172247 0.6501255347447077 0.6533145909101803 0.6869392129077048
0.2004705106379068 0.220147973900555 0.2246680453566207 0.21197300592620508 0.23049919662983168 0.22548574966300286 0.19664059142989931 0.1497854831435122 0.14989076908636045 0.16295911177314443 0.18900701836917483 0.1978235045884007 0.20767805787673616 0.25593366956864055 0.2762045125195626 0.3316217085761544 0.3874383843949672 0.41586849741085274 0.45568070348403755 0.4897143748889853 0.5014709886920861 0.47790448911653843 0.4839152663859627 0.48965510334613327 0.5120300257272709 0.5189716584089226 0.5389646170636809 0.5405248346770132 0.5625769452537125 0.5459364585398279 0.5745250504207788 0.5669189079551624 0.5866549947029306 0.5316272597107983 0.5436499849794768 0.5172500927493052 0.5232227270916197 0.5764036546715041 0.6034176516574304 0.5891288433029759 0.6445726297097122 0.6452843651304414 0.6494934366952758
0.20076309929090377 0.17740372174546865 0.22645096110479415 0.25966835463962007 0.2248902804020359 0.24007704274954686 0.1834450772446686 0.14821652503084193 0.14401806627527544 0.148310705847954 0.1475609490736297 0.17970921651836771 0.25181840802976696 0.285276722717892 0.27214261279912977 0.30448538041070466 0.35688706019976735 0.4216698736059672 0.44152902960412377 0.47662408844230364 0.5113873327554752 0.49807256837043495 0.4856482658884542 0.45916009764022714 0.4487296154589063 0.47971069259406685 0.5455871081270167 0.5605714420315495 0.5731090795912508 0.5855213427296263 0.5735709914064294 0.5906065583494436 0.542158765367679 0.5305800443128247 0.5109511579568764 0.5100744375048879 0.5243773507970274 0.5749822551355596 0.5785041110304697 0.589574276691423 0.6032530090988495 0.6065027843091831 0.6344491363118977
0.1865539687495207 0.167348309275761 0.22354596429005688 0.24295831435815313 0.2587776376178897 0.25381166286262996 0.17151609658740002 0.16624836967143652 0.16460451741456208 0.15862488381419934 0.16068680857568302 0.21489650142957248 0.24468537119235068 0.2847450321064808 0.2922596416870313 0.31523144355689076 0.350622382221108 0.40293177620008497 0.3910857632483136 0.42354522262439137 0.4744464984562358 0.44738136859179845 0.48039986265020346 0.46735914239602216 0.43532138453327934 0.445388819949006 0.5100177903492145 0.5262379141360324 0.5631052878799282 0.5784205081365187 0.567547765472389 0.5384989334266467 0.5418259111050743 0.5101498026368425 0.5214170754573092 0.5239322390521527 0.5337550604260631 0.5687052693640899 0.584620916592216 0.5810514127428901 0.5993731670642037 0.6094031572041321 0.6476879503648686
0.20590766334477395 0.18895288627143023 0.17533797143001198 0.20575531334606317 0.24547308383350472 0.235748771999779 0.19877388339820518 0.15656587924460502 0.15951407613420027 0.1554750863265444 0.18333437174076647 0.2072569515351914 0.18968924927881817 0.21576657281417083 0.26934837819781154 0.3083729086214797 0.33510273478891656 0.36741492517567104 0.3987323352111512 0.4083249778558174 0.4052932814357758 0.4144841217088364 0.46535330377810524 0.4376929062296949 0.4381327725378242 0.4637897362919636 0.4607194351678795 0.48997222157168724 0.5104970787392272 0.5452376394032845 0.5222665804300803 0.5592790279329902 0.5242410159165822 0.5179049086641085 0.5127942650207226 0.5573653500055241 0.522097164982947 0.5363028472324501 0.5505648516196823 0.5785021197434007 0.5709647225185988 0.6001636572144688 0.6327144102864208
0.21437323744244055 0.19976433172970476 0.18803427240638546 0.19449719675284433 0.18340725682533757 0.19521457817776627 0.17712257735398265 0.1861996815265909 0.20624340595437718 0.15695535550760473 0.20680837146260206 0.23430389009946812 0.20103382260510907 0.23300037635486412 0.2785065646900499 0.2821332904762964 0.32963642973183016 0.3824323329993616 0.3966602445056944 0.41844933226093456 0.38602117755165655 0.4083263050527476 0.43439952200055265 0.40525528326714233 0.43396580240803406 0.45174942546412344 0.4374212667929443 0.44832411362448815 0.4744305384235528 0.4956442047366833 0.5176339256215763 0.5118630135063262 0.5199230985949006 0.5063003961305099 0.5255967735418802 0.525130014785673 0.5451461517711101 0.5331263056716112 0.5523161816930029 0.560876881572935 0.5732921358790866 0.547050575164428 0.5880348272520991
0.22111985604970988 0.17185417385410856 0.18460468501888377 0.19939625279330914 0.1844608125491738 0.18791066957029387 0.22256022183730112 0.2339046879335393 0.18289145239479757 0.16986198120932403 0.2040940934863336 0.21996137904033441 0.24593385559716752 0.24555852671800987 0.2539235090641189 0.25067264289292135 0.29622490046520733 0.3792995074642397 0.35554483126366193 0.3799998856116709 0.3509796323622952 0.3685880684911933 0.3873934605282779 0.4128116650063306 0.41103918586443766 0.44016728119386295 0.41550057048575706 0.4338900111388808 0.44399736919052807 0.45082415206591864 0.47983719865628033 0.5171373506471747 0.4917474459561159 0.4865000827443771 0.4969474670484745 0.5046936539034632 0.5501183436365112 0.5441790524613971 0.50420769709454 0.5083536436668343 0.5260320307407104 0.5139251596095087 0.5412542535349689
0.20056278953078033 0.2081201624956124 0.1948973308562346 0.18181440856073697 0.18752851754756733 0.1583206908782024 0.18952719557480538 0.24723278459714917 0.23051304343463994 0.20476195661030513 0.17919669502425473 0.17937826832572035 0.24579882621827528 0.2635577381426107 0.24953999357206968 0.2771676926630296 0.32129141166358954 0.36989083234339787 0.37628650031006 0.355372622784865 0.3785091023031328 0.3472663550650556 0.38006286990023375 0.35352678706628293 0.3603539127967631 0.3738893540218172 0.41369549369083103 0.38363424756520115 0.39754398579087113 0.4381013465924568 0.44268177427463845 0.45702395164090287 0.48464242729675777 0.4821424945906647 0.47162676680334326 0.4835286405513204 0.5246720211221757 0.5177203231064508 0.47984121663489854 0.484862081937983 0.5075156877050845 0.5359354047375984 0.5147315613821443
0.17393575083483348 0.20362263709994646 0.1871701292477647 0.13053341562984974 0.14943842323026127 0.15637832038884583 0.18236428508404928 0.22636696050714553 0.22758282788725195 0.2191805523081989 0.21421759173165844 0.1845541464701504 0.24359849314178192 0.22764572229777605 0.24764370478826342 0.28495628453037825 0.29013362217966643 0.35125437910832713 0.39802434062282566 0.3972111131580224 0.3279595075315984 0.30994151248690516 0.3230938515296475 0.33112822196333436 0.3687735384694629 0.3646122944575782 0.3592038845089165 0.3464375315682798 0.3634385641965363 0.38258637916779376 0.4063516096103477 0.43707632331881024 0.41703693980881673 0.3994222197836145 0.45004948082230256 0.4857169248616095 0.4973391008940407 0.4858038165019701 0.4459630642364359 0.45054793136842103 0.4608567412019707 0.5343275323477383 0.547199561070519
0.18225314805537737 0.18445039115360148 0.13545508686682683 0.1522660194657923 0.13414537843976496 0.13563820625236675 0.16351053295382464 0.19252254270233835 0.17966905304298592 0.20693731105556812 0.2129648481306272 0.20690426181543475 0.23722157812939754 0.23287669104910572 0.27771131027231066 0.24714387285233363 0.2834328565790291 0.31503300166376413 0.3710138339582908 0.38966775536721404 0.31618717686105247 0.33049307951566126 0.28710975601275607 0.30738148969620505 0.3331264124564458 0.34373069037640663 0.36373299705632955 0.3448228027779211 0.36183167453071935 0.3653113118529961 0.3250163080201269 0.35540151774798334 0.35234203470652026 0.3730450480818605 0.42723631913151944 0.43820586116854876 0.46992449338608683 0.43508859738147654 0.4427210463054673 0.429651609138617 0.45690278577770443 0.5020544674094387 0.5245764610354697
0.1537356661577483 0.1828427387614884 0.12950191853131487 0.09829846041820473 0.11458716881972791 0.1880752842872006 0.18970145179595435 0.18221162743324332 0.17287973907123502 0.18467116606682937 0.19573272724279245 0.25056456611983186 0.24243132136820778 0.25789977556693594 0.2589822338646269 0.2472701437713809 0.28470267613271855 0.28866079537572603 0.3298488647303393 0.3656854656689333 0.32351254372626637 0.2975198372685621 0.25355857900890366 0.25724906051197866 0.28428658378969957 0.3048167420488545 0.34303070120374807 0.33907963864885754 0.289027138841352 0.29913707767513836 0.2729189525412912 0.2915431900405718 0.33513950202089576 0.3665164815858947 0.3987428135246002 0.40665455785193444 0.42613031188722034 0.40246181011914495 0.40230370394808934 0.41225429631430305 0.47663320326923553 0.4987917828187445 0.49513895220532134
0.1583725154662894 0.16256055656762014 0.13141400092505112 0.1326595662417271 0.11948338800793748 0.19217545113702875 0.18630167665652875 0.15844354048500936 0.15067678684166005 0.13786000889385 0.18385618677873544 0.2365588697367657 0.2514654171876069 0.2530566573845425 0.2852510052596039 0.29740694533097556 0.27491485825206435 0.2875052167982548 0.3149134960497956 0.31812175908654244 0.2897518935085616 0.2790300438832789 0.27232440202822145 0.240301481521075 0.24223483720712521 0.23677269264322864 0.2821897329611607 0.29659581950021735 0.26648996257562907 0.23286376262456768 0.24241082169228872 0.2704391923663281 0.27322598926890374 0.3246105397836609 0.3422628845212331 0.3768835690579638 0.4016154263642454 0.42013271866776536 0.4021835981892669 0.4086247628021991 0.43882521355985565 0.4692676937615047 0.4613771663281218
