Raster_benchmarking/DGGS/continuous/raster-393.asc
NCOLS 100
NROWS 100
XLLCORNER 1743154.6864044846
YLLCORNER 5469290.749088275
CELLSIZE 10
NODATA_VALUE -9999
[rows 76 to 94 of 100, columns 0 to 42 of 100]
0.1809298500595893 0.17825895739556816 0.18410393801011218 0.17107572585652445 0.17363851825895427 0.15980518261882 0.15750974864702308 0.14085070823078694 0.15032178452591938 0.1765915825119482 0.1636547254121346 0.11594909716675682 0.1419915776258466 0.11006082935353674 0.09643287624958423 0.11169515514887955 0.11558741961536227 0.09528130052459764 0.06844275446724497 0.10488085804802827 0.10548723530752617 0.12817799684847206 0.12765286579453486 0.1205817074173648 0.12305409155547313 0.14924887084376137 0.17251834114976142 0.17635738900487893 0.14846560002668074 0.17826257264676978 0.16245489453868253 0.1693358004458319 0.1719089355885212 0.19625370838951584 0.1913677779837275 0.19418668949708637 0.16607393204734877 0.18074684719526476 0.18947114766844694 0.17004409465862838 0.2079825057182134 0.20150839679585053 0.20680418321211236
0.15961515070756657 0.18881308209561032 0.2031891637168723 0.16415688722056157 0.1476150869918866 0.1944341808689521 0.16391638906910871 0.15844539684231757 0.14835229538561062 0.15032004745688404 0.13188818841300023 0.11839120815428177 0.13504235526744487 0.11220145866557073 0.12440666548408146 0.12229837045450702 0.1082404040930058 0.08586476021053603 0.10365444407875991 0.07957779976046084 0.10438910849372325 0.09478246011766892 0.09636354641136013 0.12468386954272345 0.1199471215307846 0.10738287229160097 0.11494573033532761 0.14578221805907157 0.142347131723463 0.14793417043562943 0.1564232854827584 0.14688952546194384 0.13901587556559925 0.15622005512011913 0.16325790419922034 0.17722970964013832 0.1971012679411962 0.18609453045604155 0.15357955705124954 0.1676888627117287 0.20766668199294483 0.23566246527256793 0.20710232298056414
0.1667657993162269 0.2008379224366885 0.20041137318804955 0.17008361191258103 0.15419652986423446 0.13821418689566684 0.15818116399891197 0.17766389659252668 0.16356810483666517 0.1589302324861067 0.12138123780798239 0.09092438284378075 0.1138806983715075 0.09582404697784624 0.11312938028057497 0.1083515668762248 0.11898201435372542 0.13132734312672772 0.12408268804485496 0.09479527071621424 0.11017137882675235 0.10457251546424584 0.1161212467807043 0.12325973999394294 0.08027716571568479 0.10313026901690692 0.10236091018664498 0.10594736336309245 0.09122701388344548 0.11384560267615329 0.11571322121646291 0.14308100676099156 0.15110959483973915 0.16549882720617848 0.15112695216777847 0.16215088738802824 0.17312182605787402 0.1968895745389166 0.15903361631692534 0.1945507197144694 0.22302414771592907 0.2052218276282291 0.2411595661767645
0.14284099000951664 0.18524009255494653 0.18058666834662027 0.17202197105167097 0.14870602149913323 0.12121735212452861 0.13722374427442677 0.13312985961094406 0.19024187784617563 0.20217917195079815 0.12793885392795834 0.10641018923116588 0.12294073411321489 0.07442561845542493 0.1024668252382636 0.08981152007614422 0.10926126092541476 0.13764740137615056 0.14915695491082603 0.1039072844432658 0.08338594385193636 0.0740941318636209 0.08402431799366154 0.10450699485432419 0.06307511531956302 0.034685431963027556 0.06974729871719543 0.04824994732685203 0.05413638881289275 0.07542773622499242 0.09277856362305005 0.10818657079666155 0.14459207199318258 0.17794541407553213 0.17280780759681616 0.16989688304485692 0.21395535624414233 0.20314188683437165 0.1631538226999294 0.17061148912466242 0.2258157322101449 0.21960051525032032 0.2278721687547421
0.15870482440601397 0.15603911071541487 0.19943739755530968 0.21486001729073678 0.18074880037712157 0.18534520144024175 0.14751671906306893 0.18257891560158532 0.191009456963124 0.18050738041008482 0.1698239313434472 0.1433604824467564 0.13234497563802486 0.09299774875265307 0.10631129145318449 0.12153237230563373 0.12127173999088536 0.14201090488801718 0.13608514274147301 0.13317829079990742 0.11109945818717805 0.10629863577877742 0.08488712257314354 0.08196929334655814 0.04604528692485049 0.03546274085068126 0.05302016938507486 0.0407143237215265 0.07851018057251719 0.10105740058747713 0.1301590360844709 0.15156418331605478 0.19084360335341033 0.19431751149942725 0.21449556476669723 0.20713889258832976 0.21623860237580883 0.2045495534105951 0.1754169483523412 0.18462353208537235 0.2087066644012721 0.22244023178664846 0.20719435260360633
0.17494211236944052 0.1787283538138023 0.20523914344459912 0.2349951300134952 0.19971408419232636 0.19573280408272228 0.1841536909971855 0.21145440639550825 0.20516798520701862 0.20033584199821594 0.20357625460107012 0.1851644915283426 0.15038344485052713 0.12881877722941898 0.12074435723149456 0.12019778371863077 0.147764508296561 0.12751827278273284 0.1450174544820979 0.15618576264863543 0.11680183270032421 0.05779082652580306 0.07932002898660581 0.058240462121842626 0.05231991067110607 0.013503520470514164 0.06769721151523386 0.06421085049025621 0.0884625723515276 0.15990916098840513 0.17989053579752312 0.1771712799495153 0.1986329600562405 0.209010222738505 0.2258553003303861 0.21892122747070408 0.209425936917863 0.17716694787903264 0.18807549008261484 0.19929685289165713 0.1623723179349082 0.17092313931146905 0.17252356196922075
0.2052790232956999 0.19940486430528628 0.2543093959191457 0.2190653196098302 0.21675834682836337 0.2366848961336236 0.20864132738482263 0.2080685251217467 0.22677880319406085 0.22134359482993046 0.24531665124806012 0.21609062765355722 0.19859113861500574 0.18721556904016712 0.14025296174331128 0.14442136043456544 0.14456015155629362 0.12857540602555118 0.1527067698874825 0.1192363928272484 0.09784891049039592 0.05863403298109431 0.056168078139590336 0.05816390363058402 0.04995370814180659 0.02052840847265942 0.060213341176667816 0.06782481687215457 0.10066784889065324 0.1228828836250377 0.16174367383071206 0.2123499448382969 0.21730270700216167 0.2276734941353764 0.18962845123070846 0.20457903983186856 0.17440376011270284 0.15558241216459592 0.1731046738390026 0.1898525711091451 0.14903330193739336 0.13617066208775386 0.13482855821637965
0.2022819934716785 0.2419954816163697 0.22572099431347997 0.26256276854453997 0.26469073490361694 0.23776164120203994 0.21895406638553896 0.2720391925647215 0.23087659553836043 0.25918761288798514 0.2567500272866379 0.23731623610394925 0.21366027010503577 0.1878295683531373 0.16391301444273393 0.19945142543465402 0.16853153031110535 0.18074938805776505 0.165538570865589 0.13759490740965163 0.12732793793446065 0.07629881440151097 0.05597726429981023 0.10003486768768811 0.05609339990594103 0.042338447800893554 0.03174928432137879 0.06308829594417203 0.10777065901908549 0.16009314607561964 0.16659883432812547 0.19389842612389918 0.2098020181871383 0.19871444483729114 0.1952345182257107 0.1792779546134236 0.13822630242027 0.13704862141700042 0.14553540334601167 0.18007664175003416 0.12935908691519882 0.1272128504526561 0.1363424942346959
0.21994839190592136 0.23543525527416356 0.23469987159182612 0.2808658152034541 0.27437937912085375 0.24541130998074637 0.24828704157023987 0.22712884387206858 0.24126384109190463 0.22640360043751628 0.22857453088717072 0.2526558866544896 0.2440471847882349 0.1926755370780422 0.1783891027825773 0.20166948971407267 0.21309873966544815 0.16786113121448706 0.17200728205562554 0.13361382404056282 0.11406692848724061 0.09985561384540498 0.08650673527996533 0.105824766432422 0.09560365608275045 0.07924404587525882 0.05143686213709152 0.06651563409540218 0.10618103425592972 0.1141754992711588 0.12177783946383483 0.13662204109979542 0.1622473888194272 0.16615643009094222 0.1524238307503109 0.16222513119066928 0.1329909175213073 0.1495023546008924 0.12795044942940026 0.13761991373561763 0.1155263246454254 0.10161861358019002 0.1041759044667494
0.21008658141814565 0.22692012452182894 0.26009404204046055 0.27185210682378835 0.2572137229040226 0.2496152453442603 0.23202006910266973 0.2384640376242639 0.23250773673675046 0.19491023675466068 0.21607340620203147 0.20900022962141865 0.25338062250296667 0.24818354872235746 0.21559039029490362 0.17651038052430365 0.2221717670196046 0.20485304576088836 0.17457174790064992 0.15423595755728037 0.09469192335791823 0.08584783763291828 0.06000242682830799 0.05641654988281515 0.09752784917627498 0.09786287717945022 0.07574158329126625 0.05661498195168464 0.08417899993425289 0.10976976401405623 0.11663484631908515 0.11652703698524935 0.13075402019304938 0.1458445185370029 0.14346380791221547 0.11895081450260041 0.10944654635793026 0.1281000377102601 0.13836932358242904 0.09804272908747928 0.09970999033270347 0.11386596469639537 0.1366202011061139
0.22210036773352287 0.2262840446624196 0.24368918423809133 0.28179070210431983 0.2693395732429177 0.2640832756096566 0.2565886202564975 0.2660944592583202 0.2657882693228875 0.24986075893968376 0.2511139435559831 0.22416479267640368 0.2595942343485742 0.22846635410302255 0.22196682546634175 0.22029218986948373 0.22722823095169215 0.22290522295305656 0.16715319565904935 0.11699811990996525 0.09490289159862517 0.10685331503291337 0.06147045211478352 0.07972355606328826 0.055959569466544345 0.06044159788421702 0.07906336161560136 0.04880146602855966 0.060046987452793125 0.07974952419902158 0.08519459787296747 0.0912188168469686 0.10571167459510776 0.1539819682029403 0.1600770039966615 0.15119048525961085 0.14372982466929618 0.13272572104048755 0.1365793844486142 0.14005507115117666 0.12709546440458924 0.10652690152592525 0.11438014626498573
0.2624349838272323 0.2435112976209072 0.2815283417292741 0.3013995960503074 0.30167631953676566 0.3130821456569788 0.270673848789919 0.2991928334210268 0.27500280588209813 0.23431635754369048 0.2479071861759141 0.2692326024337984 0.2753411730323171 0.2762895317730648 0.26321929224449764 0.25515331353574006 0.22786861784763468 0.2271926806844927 0.16229110044329323 0.14093869829260944 0.11830775311800105 0.08828959325424944 0.04890698871533004 0.0697210390526689 0.058576727143224504 0.08315745203039165 0.05047715909372249 0.03590691700033793 0.03683069398089723 0.07867411789011529 0.09808081542580852 0.06782204046945106 0.10682765914638032 0.12529716882467803 0.1257773022784409 0.1599353740011954 0.1763123411306456 0.16120977202282114 0.16726734471044075 0.12639451133085977 0.14606579868706565 0.12897586602293842 0.13305219075255445
0.26187555800284246 0.28618558304365577 0.28059091379645007 0.3133395371117083 0.29870725341855525 0.2807054908397373 0.3082822841094018 0.27401257513339755 0.25810856220212136 0.2562859453078995 0.26384389299871336 0.27161412449322275 0.2353800415951947 0.2419921107318227 0.2725065226694555 0.25038952182578916 0.24435186394718106 0.2463874822323879 0.20636120635155025 0.19264868471271995 0.1625022025811015 0.09687631700190803 0.073999573415816 0.08087045042293386 0.07153557212327914 0.06353789098291705 0.055584910580772535 0.043919302045128054 0.06961009153650247 0.061342349593668646 0.06546353545616071 0.061185309302018154 0.07964543726020157 0.10542279017268301 0.12974804058180175 0.14521462825116543 0.17506201974849644 0.14735034992332488 0.1569220987900369 0.16070064940311732 0.14343853245183597 0.14583338501720347 0.1201465197845335
0.27194846109519016 0.2737638542202712 0.2929815557064844 0.3177570685844983 0.31850127300591385 0.2924831721755345 0.318615402129334 0.31253725159475915 0.2680127629476846 0.2801905557568326 0.2550701547667325 0.25077099101091566 0.26185782688774606 0.22889561095607833 0.25693808294519616 0.27253645421316103 0.23376405046930168 0.24110199812998115 0.19016300048331372 0.18192999296791876 0.15688101573301214 0.15998402819700383 0.08399419921899266 0.07276822148031925 0.05604082826759956 0.07879100262557494 0.09322506387862318 0.07199086474975351 0.08597738454843977 0.08185590379720217 0.08159582314740794 0.08339111297491184 0.0549069500700264 0.09529949679579089 0.10401056603053721 0.12960399515638846 0.16052699582977206 0.15845934863156738 0.11709316947206767 0.128695079450311 0.13692153278804103 0.1721421527310586 0.127255690206196
0.2838065415580884 0.2822125800408569 0.2503401107323319 0.28809280354232375 0.31481520020431264 0.30760994958978616 0.3036232628709741 0.3272582299845782 0.2834076491046951 0.28850806102816934 0.2906188856250798 0.26449333124728186 0.24335498448107912 0.2409014294500778 0.256762701594179 0.2680109609197771 0.22118674305232716 0.231938830970772 0.2210720487058776 0.15571285896567955 0.14945623378593317 0.15560896043548803 0.10044909276187772 0.0948756192076405 0.06857316508160943 0.06504906047235041 0.08132363033391267 0.06033895275090105 0.034343122772842495 0.027605005597406942 0.035456604475186844 0.06166922626591193 0.05891755326011597 0.07425496048658352 0.1216849490479698 0.13923898930672807 0.13794301448679316 0.10863785334499752 0.11111331836058407 0.13927196904409905 0.15223578486792833 0.14437229936972376 0.12779136428692928
0.28011896140549064 0.24834794703930338 0.262206995262211 0.2585208321654156 0.31105470160123255 0.3214224793908958 0.3161899989438235 0.3285726323101132 0.3258869139281163 0.3050406838525874 0.2622077753952104 0.23010296977810205 0.23332018696636744 0.252227178339276 0.21202790513648567 0.24065248313489354 0.22599306188016424 0.20516011298069772 0.16222918113926119 0.16208622160944136 0.16576716231363187 0.15987495196307838 0.10655557488388072 0.09328301971599745 0.09555432569187124 0.08458921772915583 0.07383133405190326 0.04662298685590901 0.05438117188240344 0.031060994347513436 0.04409431603338525 0.02860691164371987 0.08590890378898582 0.10003746958478855 0.09709503494922214 0.09449445239600097 0.11559323991745675 0.08085837868994791 0.09326560813300903 0.08873476745311565 0.11854342436146202 0.17453612397445567 0.1320845048331201
0.24217726050852956 0.2675767850379266 0.25134209097627613 0.26443780851120263 0.27747533920741424 0.3315183660110867 0.3354305262968759 0.3370329949691463 0.32366979315564104 0.28115834022348773 0.24466884220542676 0.24442921856795702 0.22503297043509005 0.1902083102942371 0.18596681581539046 0.20358536966895877 0.20068710190078862 0.19517272319833293 0.14195013919146518 0.13929703005201954 0.16220893584642712 0.1141086560022839 0.10246694559036179 0.11211389196882597 0.08059926350911226 0.05537839991064986 0.07912380503835229 0.06249498886974919 0.05807059654239597 0.049426827012957066 0.06802489074404548 0.0832012304343087 0.096771917830388 0.12622468294530514 0.10915432951582864 0.10166016209786084 0.0780705278239606 0.05165716908709083 0.07867621985266436 0.08351286920127352 0.11508547887709229 0.1658880896713527 0.15932662667579522
0.28242513751128684 0.2662014085052696 0.2722650954399681 0.30173149487813467 0.2914159902840321 0.32306751129644556 0.35070822188669903 0.33984815555342873 0.28625395430610423 0.25192035610697233 0.20420072165320552 0.20423583325785094 0.19935364616793486 0.14288545059796046 0.16453513614917167 0.1421001788271208 0.1612133035821886 0.14873213284611211 0.14425336027517932 0.1501900526739498 0.16306685597741763 0.12010497656165052 0.1037602316181969 0.11216772090076134 0.08034568788568709 0.07438396585599506 0.07745836433009468 0.05747757376641603 0.040433495314389035 0.05125654193050438 0.07629742599942495 0.06259053396416994 0.0679576921010107 0.10157184271554522 0.09329461741646214 0.09067337154967159 0.10546671969421 0.05781377564315824 0.0981111494911529 0.11951733387245121 0.15507168778036964 0.14333681729809322 0.17660483349580347
0.32268570180266926 0.2970730041701973 0.3145193987407214 0.32083867125750476 0.3108908526044934 0.34050307650781286 0.31848840078459517 0.3136296151037497 0.27457614140794456 0.22989165106668047 0.2051361771855135 0.1958348108421048 0.1674408821872883 0.12463982374009655 0.11459937380135529 0.13557735895008596 0.12085839439706435 0.1235890188007121 0.13958868047756015 0.14848337614174867 0.1228619422313659 0.11209221777765595 0.13560703221158762 0.114290812829205 0.09918276788593047 0.051373406016021056 0.04666829050306024 0.034381381356737406 0.05816713799160651 0.08816254722448955 0.103433961133852 0.0772913184462712 0.09436799724944485 0.1111896533246148 0.11742594053991888 0.10850227843834659 0.11174391133493561 0.08388605384528441 0.118426304596072 0.1357441348195686 0.1581351798794479 0.15549423262878653 0.16159233175391102
