Raster_benchmarking/DGGS/continuous/raster-488.asc
NCOLS 100
NROWS 100
XLLCORNER 1743152.8500616816
YLLCORNER 5469280.931728698
CELLSIZE 10
NODATA_VALUE -9999
[rows 19 to 37 of 100, columns 43 to 85 of 100]
0.5151476908251604 0.4747653026121497 0.4715769319904099 0.46901180217220334 0.4561607348416463 0.41135581394730975 0.3961826094808725 0.3648667918398105 0.3637599570274153 0.35990854328768485 0.3688498515781212 0.3862189036474068 0.4016521734867314 0.42017996205137176 0.43032656900713295 0.39658991922760034 0.3667129524890724 0.3657938965081997 0.32248202149448646 0.32580285304931367 0.3235135530122369 0.3256907140640941 0.33567633815586845 0.3165835388854352 0.31407735040479867 0.32173066625305236 0.2887149915904782 0.28542003016031064 0.2923343957610166 0.29670429300326406 0.2715919038650008 0.28900005156066444 0.3175331040089658 0.31818429050052915 0.28978834403260995 0.2686155783994936 0.24019310656591822 0.23112827194864569 0.24021131019158223 0.25284130293865126 0.27662092725676607 0.2598367727290044 0.2808530736848588
0.5649428109376051 0.5199139242531599 0.4779831303736018 0.4541404700397589 0.45043582766259893 0.4157576640520927 0.41677457158492404 0.40820327526570094 0.3817432254514138 0.4007335057575961 0.4143033206515883 0.42037053873654096 0.44144281211678127 0.4409770580827183 0.45893805236127766 0.4189809853082389 0.40799648551091705 0.39445462245240487 0.4010025121367573 0.38084852369725847 0.3404909309957385 0.35998022624052717 0.37670735028266505 0.3513236487936227 0.362560296515786 0.36132077514594446 0.3363702290720216 0.2892904856598384 0.28224207827153697 0.28989401902672696 0.2796148258111738 0.299318178976908 0.3280439246191315 0.29307195215054926 0.2914119974830576 0.2684241155810445 0.22092069890181257 0.20331474304631553 0.21692062286774208 0.21170657440206417 0.2154913829636231 0.24489450724053985 0.22615120911996053
0.5771460480372567 0.5483940879775246 0.5129938456177747 0.4833120690111321 0.45277069644547874 0.4344220374194006 0.4289634673883583 0.38977602072202805 0.4037692226565764 0.3966184597313833 0.4097235393519453 0.41951430417285257 0.404514022953919 0.43694869393090274 0.4208781026076104 0.43821748250766607 0.4544113131582073 0.43584237438365486 0.4204657554661363 0.4070337579593863 0.3828189243395486 0.4004492679463542 0.37967468344083244 0.4053269851577512 0.37480762582063915 0.36910577300597935 0.3220218741344268 0.3240256006503524 0.3170799070444589 0.3037510406203322 0.31352810002399595 0.2862699832916654 0.28719792713720205 0.28175388268651885 0.2800452481974497 0.2521433160542163 0.2195876549485029 0.20496786307594608 0.20092264487713216 0.23192127271414445 0.20852336134369584 0.22060713610908972 0.21919137702755206
0.5784916497513436 0.5357844906956131 0.4978697849411087 0.46861656090241066 0.47216617629193974 0.44917950965733555 0.42875413049203487 0.44427781325570664 0.4238432624330935 0.4091869121166129 0.4447261068944 0.4149436390164294 0.4132643320986851 0.4457692227800804 0.44439377962840443 0.4394699405954788 0.4406229546679924 0.41914252061278945 0.4172891809535418 0.40357774594107537 0.38444471479134246 0.4234383764402055 0.40681311645351625 0.38587251458466854 0.38811299131585264 0.3783833636142381 0.3475029061014578 0.3256223776661011 0.33726459042790663 0.33522976244122066 0.32665592942405436 0.3098279297297124 0.2873081162789178 0.28802006882374914 0.2555939653526734 0.2367369712170026 0.22607118700686207 0.19540868370075948 0.20962748713066395 0.22351552085086848 0.2080655877527979 0.23034966813758717 0.23366232208432183
0.6097763790266266 0.5973698096506769 0.5543464834547311 0.5143490127777101 0.4904220106440017 0.4851013637045446 0.4504641325360043 0.457225283740447 0.46750351347458324 0.444733964587218 0.42942349085237946 0.42142239516229973 0.42116494875735694 0.4205335037727234 0.41378950784230406 0.44688862453932127 0.41988438455078453 0.4165005320798695 0.41121506165831406 0.4036054521321579 0.4242448262507116 0.4180665803481657 0.40191668148029686 0.4076677069543524 0.3794238793848711 0.3943196881963675 0.36936280462319737 0.3446031461030101 0.31909058805816093 0.3157652131793388 0.32429771148787023 0.30913523242399565 0.31566299154222777 0.30945428713262485 0.2963281663219909 0.28392121332671555 0.2481899641960654 0.2111480632892195 0.1987598226272476 0.22634997884073108 0.2329046719370247 0.20309071690964003 0.22566929380440487
0.6128698686129181 0.6022273859386322 0.6156036119298905 0.598729903535863 0.5618235258118518 0.5413341599050995 0.48263384840697116 0.5033963418849243 0.4813445311847132 0.47083554339513023 0.46008617831372867 0.45491495484513006 0.4114502410589133 0.41618886713758696 0.4297717089134531 0.4191944798237452 0.4038656961020972 0.39352308374819445 0.42410657054357875 0.40586946693421305 0.4169646735522862 0.40386986024558097 0.42942380101506694 0.4173903918231647 0.411727394977559 0.4004252113640399 0.36769285909864186 0.36626702385102855 0.3627655200398374 0.3139437760220043 0.31670448212267943 0.3082595516371688 0.3108640103415866 0.30995655934289396 0.3133539333660363 0.31180057883958023 0.277121730509621 0.22395910334501426 0.21631667852387967 0.24441161831911173 0.22233305501879289 0.21762119339879862 0.20437684802905243
0.6739769687715607 0.62799948879722 0.6269140273067493 0.6119528535405192 0.5685081197951709 0.5506921763690037 0.513567327256922 0.5169171434493706 0.5047768143621297 0.4781766185742116 0.45279559569315375 0.4428404711163274 0.4231231697988181 0.37697921758069186 0.38907253332635744 0.36945268636437 0.37148466055541507 0.39506810642465284 0.3892910483778329 0.3497018064866999 0.36957620646718675 0.403933260678032 0.42738471762569136 0.4267080766325162 0.4057603784206008 0.4184563397969085 0.4088655778852596 0.40007866533618613 0.39467986038104674 0.3511122738064866 0.33031989721440724 0.31620510778316363 0.33749100744905225 0.31989797328372505 0.3233754631330201 0.2974840447306245 0.3014494359261525 0.27814813515523096 0.2532511879835726 0.22131460897935545 0.2062213994160319 0.1941546119591787 0.2206734001309388
0.6894708380641581 0.6317542437431981 0.6528310014676096 0.6387515980636924 0.5879763332041867 0.5878106616863553 0.5775175534844018 0.5426374240619823 0.5401882682189598 0.4717920092301454 0.4412027250779873 0.3990066498345145 0.3765874496888092 0.366198528014708 0.35954313995311965 0.37695067061470017 0.3809672694990932 0.3687572129220744 0.3098688968844372 0.32311761984282666 0.3399219562905868 0.37141712042821823 0.37399745231128695 0.41991396865974207 0.42007620899973896 0.4023940346126451 0.414405229353517 0.39945682576322716 0.39717718623482856 0.3730368794205507 0.34395056971695703 0.3223059626232719 0.3527991025214153 0.34421567914906165 0.3713630853420948 0.33323548513075274 0.31800166446898365 0.29753925782061624 0.2835421331710696 0.25177475854083153 0.2112440899063637 0.18508977480303113 0.1897658353613131
0.6636577663603106 0.6451012196304806 0.6410597047622492 0.627793172632321 0.5929588751738188 0.5733367187140694 0.5809477932371493 0.561638593944177 0.5183580157829198 0.46762086662420815 0.435163829965125 0.39055518293443 0.37427414929153874 0.3580029317606131 0.3444829956133702 0.347784891752294 0.36284709306116764 0.37171221246081876 0.3328842434600881 0.3171362136724702 0.34604956371325274 0.3505860375265632 0.3544754572317299 0.3836840416721844 0.40678313278858597 0.37851069884924693 0.3950042566139427 0.3846136345552389 0.391349224850306 0.37481666219229604 0.33330302617866797 0.33132912335745174 0.3571969409493536 0.3662035847609428 0.3301495817098666 0.3316291374216799 0.2968220845315118 0.3119009824341672 0.26434001286905845 0.26221012867782295 0.21543615748738815 0.20335977682242037 0.23204784894902786
0.6595164550189665 0.6528487963140117 0.6722273919079879 0.6399650415696178 0.6208469521345602 0.5984020875136458 0.5677290636324543 0.5495365738158804 0.5284755633230066 0.4667203279649946 0.40121202985656623 0.40439357723973096 0.394504306398371 0.3432089188902168 0.3435558643619602 0.35045874174243635 0.3552687174074353 0.3687166404921949 0.37126085408485604 0.3485852564557203 0.3103851809068757 0.33008375825165887 0.31508044040022226 0.3460460280402645 0.35188286089409565 0.38399230605950896 0.405233289445718 0.3826386540353067 0.3702328032497194 0.3794604519777887 0.33907973225797877 0.34487107651439936 0.32686678399943997 0.31889914983341355 0.3222157716405025 0.29147888316862497 0.2886524948892068 0.26960954797680253 0.29583579997721254 0.2464368958036856 0.23725920311041868 0.22597866024766555 0.24500518038562893
0.61527031810531 0.6372329440246124 0.6290584817223044 0.6254798178827438 0.6031652375536157 0.6012974868286963 0.5918447422592165 0.5357103195540098 0.5053856268225853 0.43395034161338775 0.38613137132276365 0.39798195629598665 0.366887472455321 0.35044862181563396 0.3305708633354319 0.3323326381477893 0.3666295344271552 0.340551804591954 0.36464642217000265 0.3654624109867898 0.3563918656601058 0.3221385294197901 0.34431233017524415 0.33628120982035764 0.38477671450362866 0.41114644928637767 0.39766243178805183 0.38740672016977923 0.37078915195035883 0.3670287451488944 0.36779854898185893 0.35448144828404576 0.3303525848695221 0.3354431674201654 0.3153996339037196 0.30861744455804 0.2912668749087125 0.2556473689392128 0.2407628632577415 0.2614309047933232 0.2386072154134038 0.2240995227482601 0.23428038961041994
0.5952299227525162 0.6139717589930421 0.599105962482558 0.594323984506371 0.5628075899218642 0.5649167879231072 0.5724362425826565 0.5100238919858344 0.47534163545656144 0.4599593248638806 0.39725092382782 0.4142026166866782 0.3630955458862549 0.3265115083345101 0.3336300206465494 0.3446384380655294 0.3584695752006759 0.34575958807056656 0.3480502112792324 0.3627452337663555 0.3701445823262081 0.3457822482777024 0.3598024356489736 0.3534222092293994 0.39673442171517886 0.408315578302739 0.39853280968652716 0.350016076557451 0.3232570986658069 0.3301329313161118 0.3474200328608285 0.3447103597853318 0.3537914886052572 0.3629536609156625 0.3362025243721695 0.286085324691827 0.24735843931776663 0.23207491053072388 0.2277747874014699 0.22715613694737477 0.22977945581803683 0.23122900044750416 0.22952512680514592
0.5547326508792382 0.5452755509423127 0.5430164042803216 0.5336645008747013 0.5529409815650399 0.5495225746661442 0.5613183572208009 0.5181967960812165 0.469307838822411 0.441237013225049 0.4273745806491683 0.41648354450039415 0.3708680761682512 0.3479849854925035 0.38037067204080477 0.39180005546609586 0.3818715156334448 0.37306567405938773 0.3384336274493546 0.3553481839903402 0.3780875072978763 0.36090319865794146 0.358850863317148 0.3521622187616007 0.3406081464225303 0.3531057017411653 0.36796345038159656 0.3407826044611067 0.3077831702924055 0.32061651480156783 0.32671610000072393 0.35475690344487715 0.375398285912749 0.35607317449674886 0.31729905740779857 0.2918785322539675 0.2592121867225898 0.2562965202830211 0.27835154971100295 0.2380859601986396 0.28560825329100276 0.2933823515894863 0.2979474765600128
0.5613116198455875 0.5191199759803209 0.5092612767264869 0.5365949350900004 0.55144334707891 0.5088548399994011 0.5218351400691191 0.4987735506063172 0.4847111615271177 0.4287506698094752 0.41590109863814956 0.4209036787563372 0.4067217783462164 0.36892128940385704 0.38406116695559506 0.4206759868819068 0.39631917063178385 0.39612583539708923 0.3700102304787198 0.3769245446180428 0.3941954108590929 0.3785112672921539 0.3333393786219148 0.3634053392652773 0.34544505356781186 0.34417637727964207 0.33679907935310993 0.3369361471925757 0.3279562022841591 0.3379882205569037 0.34905463073581106 0.37095578401171114 0.3458597870401027 0.36482854892157685 0.3419337446188671 0.2998754278805706 0.2920162505418666 0.30322454886269246 0.29718859065216285 0.26591096745227 0.2881215361748824 0.2879870662072606 0.33427507178957794
0.49942271759669243 0.501715151145218 0.46618051457352894 0.4788826626170608 0.4837135211641851 0.49359606944584683 0.45982218294358396 0.47168061189617755 0.4895652114530447 0.46185089879892327 0.4338789672472186 0.4488023240021294 0.45534080632908974 0.42273790392123844 0.4261993175482093 0.43447653750877463 0.4164186520405878 0.4414624974114305 0.3919612919827808 0.3913455004568693 0.40812724111661147 0.37300427154070565 0.3730883880364722 0.33387166809123864 0.3661803431636446 0.3553804370762383 0.36197727234547994 0.35311667469863994 0.3314204749093015 0.33708990118349563 0.3419055609444534 0.3609759134368289 0.35711351871736396 0.34687963856272047 0.347437989093306 0.3369100383687398 0.29898090513632375 0.31141010630877947 0.2972932545688034 0.3252716952822816 0.31592464719777363 0.32690224301685605 0.3378826597401613
0.5015935026427593 0.5049211590919277 0.44125180395768854 0.47781406889376643 0.49961905105959165 0.4912587492532568 0.4480958193350586 0.4435165065808736 0.44714760267784487 0.4515530526800832 0.44963413257719803 0.4788280246827399 0.48656439660045836 0.4476176760799257 0.45094336596442264 0.4391087270819505 0.4685673894289035 0.4598798042723719 0.4433501908738751 0.4426530465012698 0.4422070880877256 0.3821527370129907 0.38031520323672974 0.379945528210871 0.3428166272181211 0.33159640654799943 0.34441903338965424 0.33884566581102693 0.3486527407124368 0.34680996065996994 0.35103316332770435 0.36080150960387136 0.36597622968877797 0.3550482516660383 0.41898546194415254 0.3500338274577129 0.3231141935640168 0.3429099863954213 0.32979030692322514 0.34698564248161956 0.33806267887574004 0.32282116645204145 0.34714938926884664
0.5179376560213573 0.4856912378746481 0.49210577937460975 0.47990355250774425 0.49369923244859654 0.4608667963461656 0.47602270465674185 0.453499593940665 0.4749186330436804 0.4941389167937947 0.49999415421722376 0.48437645186177586 0.5128642440677569 0.4744464802369761 0.4728216365136984 0.43698121586536226 0.4401445623252932 0.45279825184222805 0.4127928816652544 0.4435367303914823 0.4477319221111992 0.41707219420025576 0.3710056245783176 0.3743211196176858 0.3784312123905868 0.36367443879276506 0.3485452389320654 0.3459032340844857 0.3711651825860772 0.34606313488764856 0.351199939396581 0.3739756757117274 0.3615517974709267 0.370093492236276 0.4046047247448374 0.37893463543046824 0.37181287923096906 0.3728121501155166 0.36681963394038675 0.331396434694853 0.3418588292974376 0.3224778068302421 0.31841137572823397
0.475862701404154 0.46488844776076077 0.4750972583169997 0.4694270521729109 0.4514000932721608 0.46168894937046223 0.4787569964853379 0.4851795143397319 0.4977575486841541 0.498120996061113 0.5100202357580956 0.5154333323709956 0.5098651228495473 0.4601891044735163 0.44358406949697055 0.4560036023990935 0.45929544262997285 0.41665699880931567 0.38849680132231745 0.43138468092827853 0.41995308055270386 0.42564694935269815 0.39998106557456176 0.3832536655115891 0.3567915919749953 0.36840731991225256 0.37546252415265596 0.35114784075904765 0.36719257885710294 0.3647792836082002 0.36046130384665553 0.3995971313032524 0.3897622255496105 0.3762843912588186 0.37896698687111274 0.4031769818060249 0.3914436559921224 0.4001330471523344 0.36246886404173406 0.3437065149194496 0.34269968064023554 0.34762063543560984 0.32099210033027803
0.4879113405118927 0.46315274578943155 0.4667193041793962 0.470486032258676 0.4922008167118453 0.4824944728557675 0.5182053664182524 0.5388821556878736 0.538187087954197 0.5338655773324397 0.5335793127484363 0.51471030475578 0.48957514603163593 0.48890791175416937 0.48529294076862395 0.49709927226830947 0.4876413497866273 0.45610455126241595 0.4053668453475326 0.3807249594018937 0.4216844945618343 0.40968784509684836 0.36572854237004776 0.35777479793356987 0.3821980380613325 0.3590959331035261 0.37618232233214105 0.3728845927865403 0.41481841632726696 0.40136096300902313 0.39195616779493064 0.3961991597093908 0.4210148874447738 0.40211816895817776 0.38839285115292277 0.40449227146962125 0.3998169037923486 0.40296355694607394 0.36584262476576346 0.3723663141734433 0.36370129619232655 0.3418706063275197 0.323459152854366
