Raster_benchmarking/DGGS/continuous/raster-86.asc
NCOLS 100
NROWS 100
XLLCORNER 1743166.8687702965
YLLCORNER 5469281.326857297
CELLSIZE 10
NODATA_VALUE -9999
[rows 76 to 94 of 100, columns 43 to 85 of 100]
0.5482129621488524 0.5812833855845725 0.5697040627491243 0.5737079848286768 0.6088272823784862 0.5910819204913446 0.5854195297751124 0.5628310048901625 0.5133853156919801 0.5099641622759808 0.49031379551409204 0.48946257762594525 0.4699470114255799 0.414007442982568 0.4066524304965886 0.3707427428578182 0.3271047736620539 0.3194095587826371 0.31968530842314713 0.2839608241947051 0.29464608331649783 0.2661737496713068 0.3115517576904665 0.3103156493433291 0.32241052718091306 0.33610192538928885 0.3433921234091066 0.36882687903944145 0.3515899019013749 0.39695927847591833 0.3805352481577644 0.4322006894122396 0.4226231226263803 0.4510181472238051 0.41815181619202774 0.4597169963493843 0.4519956725130648 0.48325383806839434 0.5022916193565204 0.4687844395943515 0.5165408061076234 0.4963654137690029 0.5012979669899309
0.5208677265921123 0.5770657771291079 0.5605690614723562 0.5440479285933254 0.563260531279088 0.6348222701793831 0.6300976552890983 0.5898297669843399 0.5740457575074752 0.5701978442501602 0.5101883001969717 0.48525289989322645 0.5151461283704304 0.45468823492159466 0.48414205234747365 0.4201808227142474 0.36770946974304125 0.37458520149471625 0.3829193452431926 0.3511224785072688 0.2945356538612306 0.34130734988306793 0.3356492050553374 0.30540334630589455 0.2670753441948379 0.3260247456629987 0.3484894241836053 0.40124366531340855 0.40038867282206236 0.3743479361833166 0.3885881338824493 0.4232967481255154 0.45529450343703 0.46564383621360717 0.4207712920081271 0.4305612598674954 0.47883738934361547 0.4669277539895182 0.48983713164943765 0.501301347933667 0.485606435566804 0.5154568097195875 0.5135140596265331
0.5948393241462411 0.5932303968220038 0.5509837313834408 0.5610217486849718 0.5670539367780605 0.6280278041069658 0.63197012392683 0.6243678330629642 0.5765488920271316 0.5697252617001011 0.5525425472389204 0.5442949894839025 0.5289985036676804 0.4868195509426902 0.49032631683561495 0.4297071114582275 0.3929410766378194 0.38420106646338326 0.377394197581895 0.34377420623343935 0.33391014895505905 0.3460952766816244 0.3572534952223807 0.33066594447764347 0.34434361181990714 0.3381579427140228 0.34002422309702945 0.4001275144840633 0.41246973281292526 0.43089665149063616 0.4581351512925894 0.44613443449136775 0.44898143389066597 0.45027034748097605 0.43932584678770026 0.42739350907757256 0.4263777408273778 0.444165216285658 0.44127878158505723 0.43815170847902574 0.482209716137959 0.4969479854147443 0.4652983191393945
0.6016354537169646 0.5979953341051703 0.5753261767882307 0.5812709215291623 0.6039026501057647 0.6466744328620826 0.6273060400978705 0.6349808721618508 0.6058104316410674 0.562799278384872 0.565526430633498 0.5739944080782474 0.5236408401754551 0.5094565820240161 0.5044744963642708 0.4822221818535132 0.40349380941692026 0.40596485699755136 0.4064896688662582 0.4175980403821644 0.39324910226794796 0.4089645439677459 0.36782665558426453 0.3537231151156175 0.35530532933159825 0.4024941073731192 0.39693181415039325 0.392683557237269 0.386644026815382 0.41541133062801516 0.4578574952219353 0.464594606460291 0.4486556145619547 0.45854656725573034 0.460048851128491 0.4382644107751006 0.46243236907169494 0.45204682984463235 0.4480050626665973 0.46033139295735065 0.43265864305805835 0.4654526327227468 0.44587746373473897
0.5907142749911106 0.5678532580523262 0.6103746366204376 0.6505740398401016 0.6429015181084377 0.6462256084558068 0.5907788772324009 0.6136965872800035 0.5868106907022995 0.5796821418370098 0.5734506810188676 0.5365141134138659 0.5336432423918976 0.5722392567494669 0.5418898532446349 0.475400325059654 0.48176279337459893 0.442313138645366 0.4270578192915325 0.4360400992561136 0.4015792152896922 0.4098824772367958 0.39984189012218296 0.3694659333983852 0.4046414246097707 0.39381115974444314 0.4097306275169862 0.4030531856900724 0.4276997379561916 0.40779482106985077 0.4610796360800936 0.48324990208955926 0.47490827463316654 0.4979978889303093 0.459303855802529 0.4588098701386629 0.41999351972313365 0.42223375303326444 0.44590067206336564 0.49099575757516106 0.4889620013826401 0.4843290879327982 0.48288467657858636
0.558324953525995 0.6102159241946499 0.6313932116173225 0.6334317921018945 0.6809353901106884 0.6267689183227149 0.591396540635154 0.5602212808479231 0.5195060573369148 0.5284394763397587 0.556781527726293 0.5592655718151184 0.6180540641762302 0.5538995986872536 0.5723448552934793 0.5030342294850952 0.49354418498916824 0.46610651763634336 0.473045319093842 0.4699269021810713 0.38328834810068635 0.39553012239148083 0.3900894111738184 0.41700289879656977 0.39263549824484406 0.38700268280059874 0.36768194447988084 0.4192860892387971 0.3941827037926619 0.43803901200652445 0.48100619191296495 0.49900527726675553 0.4746680619988902 0.4779428677896502 0.49463449797989434 0.4886542497357485 0.4361406191685009 0.44926763312754114 0.4385264713302576 0.5183572094755823 0.5257905434118998 0.5145368822134329 0.5035702598576934
0.5216615349549725 0.5948115657070024 0.6229283098081267 0.5950953998245028 0.6392404709705267 0.6035716385198555 0.5750631456018721 0.567246413986213 0.5516119598571476 0.5633992347097226 0.5447858539689437 0.5742890080667638 0.5805614047259363 0.5741627887336151 0.5609190080730702 0.5546117841952454 0.54171620649516 0.5028517726947532 0.49279109192680154 0.46291884528895466 0.38521343818239534 0.39868540484261195 0.40231805111099256 0.40520962869284644 0.3808249453208828 0.4177095351655662 0.438094612676858 0.4386222628600231 0.42689062033492997 0.45346928231942407 0.45050608285583155 0.46052039094398256 0.48819482891970206 0.5105589659627812 0.485235385862755 0.4900623497576618 0.45808108465763103 0.4642754687833232 0.4729758272045742 0.4926005312763697 0.5287859162425094 0.543387143623053 0.531177633384448
0.5139011223562924 0.589660391702927 0.5940257407675658 0.5524329280760901 0.5892843623989775 0.5362865493439066 0.5095346115102134 0.5179238375806238 0.5220615728835825 0.5280760738022546 0.5478427975539225 0.5944649943538931 0.5661523006130927 0.5681847769571038 0.5562015536966192 0.5460802467334887 0.5228357792456887 0.5170770450855208 0.4945835059917766 0.4876080372584298 0.38135307796781703 0.3830541825714757 0.39459488785834357 0.42438559640331475 0.40325648906559175 0.42357465703520686 0.4718912332516419 0.4648072747572717 0.4373294414662699 0.48973589153257785 0.503958773978752 0.46418370082743976 0.4801262217866621 0.4843023972261371 0.5217055698969095 0.5165287585933165 0.5130373221134065 0.5157371540454578 0.5380058181274433 0.5389748325724385 0.5157993403864051 0.5688715330446933 0.5767771647779399
0.5098604223084859 0.5413673775329038 0.5358995399382347 0.5341473885344836 0.5614912752408302 0.5218208760810513 0.5113227930614391 0.5236515862176365 0.5365846402351199 0.518617102568829 0.5749401058423317 0.590780027978557 0.5786440241265015 0.5246943159092826 0.5516457292752562 0.5361077315253137 0.5490411580769666 0.5391224692239335 0.5502686551739696 0.4898808468601051 0.3999237463917248 0.41671618311845066 0.39487191591850396 0.44244954125959246 0.45271559742706724 0.483000660614405 0.505510351233349 0.4892961662558837 0.45053472532165906 0.5139778435367397 0.5179027279310127 0.5110149261550191 0.5066647681488157 0.4880248658020821 0.5132720401104428 0.5523851029635651 0.5692466188320562 0.569139951949849 0.5300431418869248 0.5314241733326824 0.513899801606031 0.5290247000939696 0.5440662691032389
0.5115313045018821 0.48539462407131695 0.45857433646287094 0.4933424502207577 0.4917362107018883 0.5057110903966948 0.473161727909056 0.4742230356358003 0.5322634242239944 0.5808140595492501 0.5926123139760372 0.5559642317279149 0.553082948110652 0.5659234397146204 0.5116345396602235 0.5579625300367231 0.5579694258108641 0.5698581667610446 0.5656523851480977 0.5378373547381458 0.4358056191855919 0.4465825502952689 0.4226585530886727 0.48469039597845515 0.4855754402697099 0.5205589302411925 0.5229464382025811 0.4829810876018947 0.45958750241239005 0.5228972386604995 0.5430388858642686 0.521859804827587 0.4759982349054379 0.4712354354290712 0.5266228924571624 0.5617034788472258 0.5652902993608874 0.549818422294519 0.5701281751843743 0.5493903483551489 0.5701150677847925 0.5328506246035044 0.5322778449492835
0.49644388628451536 0.4427549266898607 0.4214950315265056 0.4227416178098958 0.43938342440111244 0.43857905968593613 0.4524748521207113 0.48632070323446774 0.4849464271783925 0.5537618401856627 0.602690417052832 0.576406845878628 0.5885912945958639 0.5821218223349631 0.5577827289033811 0.549547300736405 0.5763931986637822 0.5539158428620855 0.5549258925986813 0.5532289765878492 0.4849557154119569 0.47215764657290715 0.43994514355570086 0.46041574701417953 0.4624003636318164 0.5293286225435058 0.5101772053707169 0.48096384852301666 0.5135840972686765 0.4862016850331012 0.5251784961536128 0.5504409109645741 0.4999581837374126 0.48946890815983396 0.49692694161320217 0.5346281401764451 0.5758006068064031 0.5830153211283353 0.6012222150020087 0.5792199158818531 0.6076591165744412 0.5756721550091172 0.5729753848262258
0.44001742950596445 0.44168243141155067 0.4341253865278989 0.4243731639144073 0.39997947703517533 0.4446844283430062 0.4720539388783505 0.5020662195031566 0.4836941695656154 0.5329505117225218 0.5842044316375313 0.5911707290727504 0.5652906313137135 0.6049724682823581 0.5728737402477986 0.5941029462762977 0.6134516407957851 0.5877227454184814 0.5824364454252632 0.5825610813787132 0.5459528646341808 0.5033192664398933 0.5048108810693531 0.5029139534695156 0.4602100472971358 0.4842678504756738 0.5328935572580031 0.4925342457044196 0.5327185149362693 0.5228251040810715 0.5288299152909303 0.528259487743177 0.5540703145601323 0.4843184383273902 0.5067231774385621 0.5499146629555349 0.5851432041556799 0.6182839820700281 0.5935174923460614 0.5933708010887672 0.6612529735616106 0.6365299617438285 0.6283150679058848
0.4013369643872305 0.4179334372066304 0.4254707991683026 0.43617138421900403 0.4344980671152355 0.4526757880686396 0.43873665485800006 0.4477967237239515 0.508477208309203 0.4955200866993942 0.5457458392414075 0.5865233063069362 0.6130248703668773 0.6123987351110718 0.6220799197009242 0.6205011217783284 0.6518908914103689 0.6615763494354828 0.671198857179395 0.6448725359792539 0.6261472989581668 0.5821252217691704 0.5256655256231894 0.5035414441407933 0.5339794657677271 0.5274779863979053 0.5676976239778282 0.5333646240978075 0.5109272345203069 0.506376997768767 0.5098821734290355 0.5260099516793236 0.5537719911529341 0.4938603013138732 0.49612793941665106 0.5828424468231661 0.596915038363304 0.62478755892682 0.6384016073216778 0.666466384525427 0.6656019481649699 0.6471551397947698 0.5909000882620636
0.43771172348408777 0.4556658252969944 0.42361284377640973 0.39268057178343235 0.38555609230750093 0.44334922613704225 0.42796446461935694 0.4781386503643773 0.4849441298299263 0.5208920155805822 0.5511395585460833 0.5878473043853712 0.621985129076647 0.6437398452660164 0.6498792491363635 0.6747560289157583 0.658379999907561 0.6878758473823116 0.6722274690865762 0.6339185966874223 0.6665103964240155 0.6320771469285136 0.6302733469941664 0.5721267648665953 0.5185225692919406 0.5195044414159049 0.565486050200474 0.5399879101289582 0.5246623180268359 0.5348617557045577 0.5020079756092029 0.5298183647574448 0.5187395210618623 0.5307420110477024 0.5144016419481336 0.6118623744506956 0.6627955417368921 0.6193906313076195 0.6187263222024962 0.6532060010467142 0.685993142264389 0.622636539166382 0.6063687610231109
0.409627075901747 0.4171337745969405 0.40926654956791375 0.4383033231052808 0.39959428860296325 0.42477927630183626 0.43574629306277546 0.48717917090030927 0.5054284332674545 0.5669085394385305 0.5749670172919699 0.6143584297756185 0.6210729068331352 0.6539988401696896 0.6777731046853793 0.6821831142432019 0.6436277042223936 0.6720291141264767 0.6864792255175945 0.6401613807949849 0.6547991832313254 0.6714263618734247 0.6801727356915384 0.6073801555917555 0.6000688465940447 0.5520501297969944 0.5715217185538201 0.5633274376879185 0.5629918821701716 0.5597600208326627 0.5293661909311065 0.5646525833772502 0.5032798004091068 0.49510818152078007 0.5064024401761817 0.5635377307901275 0.6288674167554085 0.6644339156150408 0.6485462646716281 0.6332330798184727 0.6375961367568695 0.6132839921578754 0.6622149623028096
0.4301086083790565 0.43715524773530184 0.4731062540579433 0.48169437141623334 0.463663568178611 0.46188563382731723 0.45490304666222475 0.5164511191548885 0.5716238182961426 0.5708877819890967 0.6122258730729312 0.6325506904126657 0.6688454717404412 0.6407257024589441 0.6234680790219489 0.6596298990230118 0.6821762315895951 0.6628405587369411 0.6425104162584377 0.6900625709628161 0.6917061194500461 0.6756499407460287 0.686439403873644 0.639000620366695 0.6533326608432404 0.5664628539217229 0.5457003425452093 0.5746135551487774 0.5530711434997527 0.602551390925407 0.6179052838925418 0.5608067310003715 0.518732167498561 0.5205282089846816 0.5464403742804694 0.6093733063370617 0.6472439870480912 0.6619479948114242 0.6882491299526788 0.6430556514406615 0.636039552229586 0.6467785345068491 0.6524468212184874
0.47939202802241954 0.5256586303714318 0.5181997426937381 0.47757895739244977 0.4800425346470829 0.46418744554458474 0.4904699222888961 0.5562011294102686 0.6060744958233573 0.5952549074868176 0.6421329684801683 0.6304954125977061 0.6753217911904046 0.6763487950770174 0.6611656166008743 0.7095332433174685 0.6812618633211165 0.6897648238832562 0.6853770810316043 0.7237864930203722 0.7338420962681246 0.6860075797726018 0.7011404865794009 0.6791977203910565 0.6437394287031082 0.6161614023950935 0.6089621952236806 0.5915130972564285 0.5975600428339798 0.6229540456572864 0.6014448343199782 0.5854516167520164 0.5730308080114811 0.5788907465627638 0.5647639260303737 0.602947998591223 0.6354343387669604 0.6651616426234341 0.6746217923538159 0.7037484665074015 0.7092455389426354 0.6942414173752602 0.6810372266096548
0.5370252427268917 0.5332519561473259 0.5571157662580176 0.5538347201165768 0.5202879894216458 0.5098520435823052 0.48863082109860784 0.5381933501935943 0.6178138524712731 0.6445861491136573 0.624074033648299 0.703877679593657 0.7270363698977694 0.7484444592229926 0.7356679940891134 0.7227371291466863 0.6978081048837919 0.7076116872740014 0.7295460675332134 0.7565369154191696 0.7308048673213243 0.6900161997226945 0.6547247439251214 0.6842644122443867 0.6676610098729101 0.6687234796215267 0.6291781902705312 0.6179132313275338 0.6447551709890958 0.6298933720619025 0.653299670713806 0.6408205532505938 0.5963583961678663 0.6199246420580474 0.6570894447917368 0.6059253120523368 0.6014180423256809 0.6277480226825966 0.6807565548666472 0.7231247437981634 0.7181511293418145 0.7040020732865023 0.7434611178871557
0.5968434679300371 0.5593675289005169 0.5856539904626591 0.5378196243912352 0.5314447533026999 0.5327213576848836 0.5398186311505767 0.5529300645175326 0.6077104882730717 0.6425671094935134 0.6778193919895336 0.7122261432506952 0.7435527255474491 0.758976382949351 0.7190509268705411 0.7251170580461317 0.7154093739667976 0.7259644151572812 0.7634943262149265 0.7500235609481248 0.7622956791228247 0.6896758746570147 0.6919961952191693 0.7155125801809649 0.6810810768715677 0.7072272124556325 0.6705610987136995 0.6804640285436283 0.6581820791925679 0.6521476888293348 0.6871472188895558 0.6565369570058468 0.6384108289822638 0.65179936441322 0.6876786409546488 0.6442777860379884 0.6205214416842583 0.6076775586930224 0.6349051586539924 0.6760067979275228 0.6976531097637604 0.6864838056034822 0.7022064538884335
