Raster_benchmarking/DGGS/continuous/raster-149.asc
NCOLS 100
NROWS 100
XLLCORNER 1743166.7027882356
YLLCORNER 5469278.434353424
CELLSIZE 10
NODATA_VALUE -9999
[rows 76 to 94 of 100, columns 0 to 42 of 100]
0.6365151423321267 0.6091260980158713 0.618740194689505 0.6503848446479772 0.6165580950108479 0.6516253664367416 0.6515498399007716 0.6107047947163794 0.6129399293062552 0.6361316480820947 0.5774583718876886 0.5601575762288072 0.5605584819534503 0.6160823593853301 0.6355415929185984 0.6376170378480795 0.5856759724202066 0.5883815246314656 0.572967344467557 0.5388993202165602 0.5324155434950415 0.5075255021508175 0.5301803093550314 0.5034831936511001 0.4593077915875324 0.481800019958859 0.48481994399175393 0.471467242430182 0.5019108362261415 0.5379115034780102 0.514056281665843 0.5416277622830038 0.5414895017366054 0.5100630596855807 0.5146096623929245 0.5107279249698552 0.5408037888329725 0.5857844907505734 0.6200173252192238 0.6600644794770905 0.6702990544917513 0.6520185968102871 0.6338607357361082
0.6207687841204628 0.6487862857600022 0.6392919801567111 0.6534624742266912 0.640200253476106 0.6298091984363363 0.6642608204603861 0.6379151193025541 0.6291980823136338 0.6512267757504069 0.5966690628111293 0.6068524896764166 0.6255285421255246 0.6401281219577732 0.6560782846727734 0.6312885450377153 0.5918717024148424 0.6118091731497829 0.5759714135427045 0.588175988945864 0.5447632703153509 0.5406957856860057 0.5288390336979888 0.4845447366779874 0.45613295869256243 0.4658263995764909 0.47836655922091914 0.5035253566492544 0.5011946536472967 0.5340668419076512 0.5404781548898955 0.5035788691032318 0.5198328591922509 0.5321499331261881 0.563792565106427 0.5266979674956133 0.5882728359848555 0.6109447139071517 0.6532876300003772 0.6547992952851532 0.6271439031568518 0.6270941488715066 0.6371005391134889
0.6191918776281552 0.6211376321751965 0.6182601002260416 0.6225788322409542 0.6568615771311381 0.655527844849427 0.6598498085376471 0.6803781281065526 0.666000170621401 0.6462709773426031 0.6387649339256457 0.6258599314167435 0.644363074216962 0.6131695151508951 0.6272987337314099 0.6595852431942405 0.6457231548042609 0.6039895946841523 0.5971507279452539 0.6110761482041511 0.6053200174952036 0.5748530257782717 0.5437137561016814 0.5012297315136545 0.47635653641214437 0.47023788721981696 0.47776027512206576 0.5283295281257129 0.48713203530848204 0.5181311249918044 0.5392084121616021 0.5153647810534269 0.5287548356725833 0.5646212774954499 0.5743229407701202 0.5586499426390309 0.5906575251013046 0.5954489913811996 0.6375950103996125 0.638886716640433 0.6215216753155234 0.6536954192656858 0.6262686071363349
0.6206087005331155 0.6432245807376411 0.6586442885699174 0.6520025703380167 0.6606115322669616 0.6343847571210681 0.6782986098209396 0.675485258219108 0.6641100323221099 0.6615001907940425 0.6093336792126878 0.6223706488397163 0.6127037069955981 0.6364497995189679 0.6782289054081723 0.6658166652461908 0.6431373999426219 0.6286875444060724 0.6131409285096823 0.6286332350129747 0.618078250940328 0.5419926899535477 0.5604374399118879 0.5165982252917162 0.4664582498140105 0.48329981282663986 0.4883435617417856 0.5328796172505715 0.5369066230865608 0.523165851569235 0.537592932473968 0.5714214658291165 0.5886952932375932 0.5920710452101369 0.622027854941185 0.622098322195325 0.6193436793779313 0.6468190143936773 0.6536297012784218 0.6275885075655535 0.6119772164436024 0.6516061261453174 0.6592516762836819
0.6076713270414948 0.6165065121838033 0.6515046423263404 0.639249481259844 0.6121611553237591 0.6337919199580218 0.6442737299973934 0.6481086496446868 0.6435973569629201 0.6075396970030165 0.6017826568839614 0.6018314779304047 0.6583059238542796 0.6515580752357456 0.6719093080033248 0.708775183836269 0.7071495426214534 0.6936204832055499 0.6544409590081607 0.6529297405703978 0.6050822477487942 0.5686236581371227 0.5287243231063432 0.5464593054562418 0.5056977089827205 0.5483153377695396 0.570345845438337 0.5624495485709953 0.5384981895662954 0.564808874874846 0.547518567414752 0.5985685881383315 0.5833074364741853 0.6235225639310239 0.6068471333113052 0.6359997341142423 0.6281777706495496 0.6382516993004659 0.6410528855878319 0.619468544001176 0.5924271568601696 0.6315439378037182 0.6567274118551106
0.6062787720348324 0.5971880685630914 0.643500879203377 0.6271764884239084 0.6547507379253132 0.6438258311131924 0.5918314928931547 0.5972583650031932 0.5734213004537924 0.5620496560880888 0.5813477042984998 0.6017098296660861 0.6067710745681807 0.6324955572802707 0.6693361070165643 0.6965417475888449 0.7423319249968433 0.7193140468130066 0.7087040546496043 0.6454521796800949 0.6227677674468252 0.604828909907356 0.5605528356557777 0.5589221601313541 0.5544755486141246 0.5761870224295653 0.5962907684650064 0.5588791745104432 0.5432996951414698 0.591849924839709 0.5563267540633204 0.5928459007363004 0.5796815981735595 0.6223003213088492 0.6584186414372266 0.645561975579459 0.6833136027057449 0.6363941895690287 0.6536059075726356 0.626656910141605 0.5980064278610718 0.6421882070184742 0.674306142010528
0.5696736773532993 0.5776761210364648 0.6405909929871931 0.631183220038021 0.6742940078944609 0.6439467842572674 0.5893777625879182 0.6021817060795756 0.5341677657355935 0.5667450216089319 0.5387793071870902 0.5951660213976154 0.5655641438666917 0.6498183324072262 0.6609795243424555 0.7090158931910813 0.7422307057073068 0.7273319746666176 0.7294430997180557 0.6914588168475322 0.6510255390812354 0.6021018661696659 0.5961206964760004 0.5757523160727185 0.5336841171519865 0.5431767980018255 0.6026769279570232 0.6069212783906399 0.5901188233921537 0.6132332180406364 0.5992196223300703 0.6097307864780398 0.5877815321490697 0.6025053919270573 0.6628059559210168 0.6594039220976307 0.7157248884326021 0.6507888584646814 0.649125363823558 0.6514243553011083 0.5947098825123696 0.651701116665489 0.6206866054155169
0.5862651033883827 0.5843858318248059 0.643183275231929 0.6373265154452266 0.6590470098820572 0.654236812491954 0.6428189173678455 0.5966570809581535 0.556664433154057 0.5732885297801417 0.6139313418919969 0.6121763731932692 0.617833178042212 0.6251425921146727 0.6615484318311647 0.7009524243865507 0.723040661927082 0.7516734490792991 0.7379046904039486 0.6871246363075011 0.6309150154521661 0.6203655307716045 0.591027444213075 0.5735928555571247 0.530025516161047 0.5631059850369721 0.6016551252906102 0.6180380418810346 0.6430354138892264 0.6398410728346683 0.6488283784655523 0.6280823757727361 0.6045967069071764 0.63188467865745 0.6757014825905252 0.6629054667549877 0.6651129543387019 0.7157085470416588 0.6784916799970069 0.691122339736789 0.6917369130286422 0.6591755514211282 0.642963026240463
0.6244673791515083 0.630442091924065 0.6154215067525514 0.6428066336404205 0.6345341014412756 0.6759277595746679 0.6642561934040399 0.6520357272200284 0.638179930655918 0.619487475263638 0.6476690213814641 0.6278429834883464 0.6423139713431023 0.6665002159308713 0.6497134187798417 0.6961394375616321 0.7152076883367825 0.7009276498019194 0.7088828725571604 0.6863174808342102 0.6265240920475202 0.6287870698297636 0.5694572229195206 0.5367346703421483 0.5369138180629258 0.5537804668963419 0.5818223732761337 0.6315832588773219 0.645414265395001 0.6387225796322636 0.6542399807777931 0.6707399987472242 0.6637963954724008 0.666418800525763 0.6541965920740355 0.6751506461158304 0.6815514402393562 0.6964139117697706 0.7289518217384829 0.6963847074827239 0.7226458204532802 0.7150200961651996 0.7060734667279314
0.6037466911788109 0.6179750718521595 0.6293662568602714 0.6655018142424362 0.6609179313449141 0.6826005995847081 0.6531098333823812 0.6619587781082945 0.6473081451595986 0.6613053861808713 0.6497851503733861 0.6846316433027475 0.6752400463951431 0.65089137002479 0.6831995910286994 0.7153143967654981 0.6879360012030926 0.682485310989854 0.6829479421498021 0.6924021152503569 0.6172352862593338 0.6010036982017994 0.6149782852230476 0.580523026663345 0.5898520635739423 0.5768435085879037 0.6102877292662537 0.6748455899755933 0.6597568077315231 0.6800786985334311 0.6698267510345834 0.6524553435022133 0.6923463556146762 0.6947510604439388 0.7350423445763661 0.732937675445045 0.7159757513144966 0.7600250228391215 0.7797696546310736 0.743946230465914 0.7424343474022875 0.7237176343374162 0.7545184306973619
0.6335978569785837 0.6789408564680626 0.6771794232201135 0.7143259421714601 0.6960886800580629 0.711808523657024 0.6924301054920763 0.7183571325244562 0.7007984423316747 0.6853120615609163 0.7124465336068675 0.7003325379395602 0.6598262856148248 0.6531680301456838 0.706797273875809 0.7262839097995034 0.6818557501918387 0.657116268799418 0.684441988585148 0.6621112299269479 0.6524821291986882 0.6286704007296295 0.6170568586750006 0.584790332956316 0.5901996007759561 0.6462279653139184 0.6639027184667574 0.7378473623859727 0.7474869069417477 0.7079637204883589 0.6893147713904211 0.6893427519404318 0.6954542693920251 0.7530036744345162 0.7596176912823074 0.7890005633753489 0.7952808054451723 0.7733594461511424 0.7937463885841263 0.7474870285798516 0.7523706363690711 0.7341643465859018 0.7797460374725361
0.6749067455806614 0.6737574250421342 0.6977146954968554 0.7167156917798728 0.7259996660249131 0.7387363729459901 0.7514450484310713 0.7416879272340439 0.7109019393034162 0.6904272115200392 0.6989690556157921 0.7100995475852052 0.6785917648905434 0.7078278277871382 0.7147149104030763 0.7303707010165845 0.7390613138713622 0.6904743581746987 0.7009087133319918 0.6881572357961809 0.6885948279909627 0.6483669201126282 0.6800406927031952 0.6539998203230384 0.6697515004045036 0.6973099509969035 0.7454826347866447 0.7525591264550002 0.7728364916701873 0.7500574886935868 0.7727985986316109 0.7596499107210306 0.7386935989525354 0.7585347688997592 0.737738951768754 0.7895945096059938 0.7613927626558464 0.783259120556191 0.8215787349530634 0.7967162533858659 0.792630658123044 0.7858744730752708 0.8174601919091589
0.6821082512193704 0.6345210751913826 0.6535493544461236 0.7104669670056897 0.7536734075551196 0.7693134567310305 0.7490180490709122 0.7634732906694 0.7376150352005033 0.6865141164260279 0.6875135369538287 0.7329069472783474 0.7196119124592851 0.7312233301959684 0.7146752286248614 0.7444972956875514 0.7608709510846787 0.7519935448811128 0.7100475381337308 0.6928773268682626 0.6704223112376806 0.6846864345715975 0.6846136421662774 0.7319224041467091 0.7358747277797009 0.7142608636760773 0.7668680941988945 0.7914764475542385 0.8209939781033311 0.8116032995862086 0.8160486015964136 0.7639873378512765 0.77689971370328 0.7787669104821042 0.7519236423476028 0.7943424676036871 0.7882968017090775 0.8446330744681126 0.8557773988270475 0.8288245919625101 0.8347569697470827 0.837693345216198 0.8857887194371709
0.6770224788451623 0.6373546526187073 0.6642659176718355 0.7132177201375592 0.7548563560339965 0.7201583101015772 0.7228000247809402 0.7258283735911283 0.7409307410288742 0.7045386292751762 0.7092659771569934 0.7446540972323955 0.7168942519634898 0.7344205667406111 0.7315448192054397 0.7618177476009562 0.7341965748830036 0.7417145952138592 0.7656957061181595 0.7534462531501743 0.7566734465108255 0.768553370174663 0.7418723627138474 0.7684937244260812 0.7499985536359222 0.755618352133831 0.7461019152601701 0.7618187275503393 0.8035239676666855 0.7978903023658712 0.8265425313831144 0.8170516273903763 0.7979780003930923 0.812380842822284 0.8036751958079235 0.7876299644556796 0.8091098994533826 0.8495909848737628 0.848382610433805 0.880266183880339 0.938263442916164 0.9412367724712646 0.9229994273294532
0.6584309811611927 0.673294575188109 0.6584848365024399 0.6787180627543203 0.7305183569774029 0.7217082588644318 0.7517425931242735 0.721236224524558 0.7148323704535303 0.7007854455804605 0.7706262680314165 0.7590539282868517 0.7818678175570188 0.7746581818496263 0.7945199068631011 0.800640253026402 0.7611923434980068 0.761092801605888 0.8142972399479687 0.7943272726215215 0.8191858865452128 0.7987570006466824 0.8068924597710274 0.7657415941875698 0.7502543717683237 0.7915312356750553 0.7647754717361503 0.7719791305769585 0.8090988887874984 0.8165079513262999 0.8493687251567912 0.8185066162458103 0.8308033909777133 0.8446361113204456 0.8442349872957927 0.8345888050817158 0.8445717568668466 0.8375605260884454 0.8645352884014816 0.9310626323494464 0.982573170939888 0.9842489888880174 0.9654686902985006
0.6841510017657101 0.6977105987320655 0.7234917275909639 0.7210464683880619 0.7525001374111382 0.7257480628734219 0.7596080204280233 0.7627285200432747 0.759447224811828 0.7269135598572706 0.7678587120471067 0.7894887569075922 0.8071485909359343 0.7705783410949645 0.7599765629325541 0.7928785849487606 0.8302443948741393 0.8331512563302309 0.8648557966264627 0.844463981611855 0.8057824524847784 0.8015360668861838 0.7779573216977957 0.7828887860322237 0.7845596751547677 0.7917342088770098 0.7980098100280081 0.7954166464446235 0.8028689726832159 0.8176639218649443 0.8200538645726863 0.8404333546289221 0.8045573099284627 0.8432922210188049 0.8803236662219012 0.8616846987750438 0.9063319393080375 0.8819028265284142 0.9053774792649124 0.9209137011560425 0.9456076132507825 0.9541893423807196 0.9181257939650744
0.7147157392683564 0.7468980160643873 0.7318390900361672 0.7234194692315009 0.73663500396632 0.7625028563932619 0.7851318033542279 0.7676248411695259 0.7298815001239403 0.7125245689210906 0.7407298356257243 0.7729752460827628 0.7788894411195709 0.7729854686471125 0.7568838656299731 0.7647143471256693 0.8249835859622343 0.8458278304804229 0.8623313359927605 0.8227877962532709 0.8295708248173597 0.8088011880788369 0.8110659676951566 0.8039055453699153 0.8174646675520594 0.7939947793853969 0.7717136903632877 0.7789278125161118 0.8149286386437927 0.8003100610971858 0.7801690761568265 0.7988166926004941 0.792377138228062 0.8299490622785483 0.8991476379037565 0.903689857199898 0.924541293800428 0.9079790336606626 0.9408154906493426 0.9639293839446428 0.9846428273466362 0.9497683128372647 0.9215875269076989
0.7359081132277452 0.7666394554193204 0.7196845385872076 0.7115450408386615 0.7503902556454302 0.728764833639338 0.7981288017554279 0.7888716402066677 0.7725996681366022 0.766993145716459 0.7723379579059658 0.7359384844379723 0.7794537147096049 0.7966951982449434 0.7855045289358858 0.7967773609856239 0.806803428272369 0.8554134628684583 0.8334316783925774 0.8445957409582314 0.8808497275249018 0.8848712410282831 0.8413505354421513 0.8502362339012095 0.8137178202834631 0.8097490185073609 0.8125821913525973 0.8073928454157318 0.7809034356601459 0.8096442351766036 0.8122833199789632 0.8181347995428098 0.8305561112790733 0.8432947961604008 0.8559009747318532 0.901890457885938 0.9596329484890627 0.9591611924456098 0.9325051774850546 0.9225595813119437 0.939960702891759 0.9386121354085005 0.9093522665722791
0.7669123114504312 0.7626160684891036 0.7743502259689687 0.7662595199426498 0.7127292011011435 0.7366003312422635 0.7853381156055652 0.8008510406117979 0.7913290048867929 0.749917451063491 0.7327860006733884 0.7601566733305088 0.7957397830724261 0.8125621080018466 0.7679670183804039 0.8001030657634758 0.81852533420065 0.8602313756412407 0.8593869733051542 0.8570905000827659 0.8891031515842612 0.9226613363968957 0.9069112232065355 0.848070279719259 0.8387946001006366 0.8336676213171117 0.7870352829944571 0.7999981901319605 0.7756735682155897 0.8107099478011696 0.8040979662890838 0.8422269152359039 0.8363811369324522 0.8195318941834372 0.8460237369275988 0.88302889242694 0.9444384091625556 0.9065753213307695 0.934110634085103 0.917062884737974 0.9135552092615049 0.8973977055087332 0.8981779003256789
