Raster_benchmarking/DGGS/continuous/raster-102.asc
NCOLS 100
NROWS 100
XLLCORNER 1743160.2310531295
YLLCORNER 5469294.8932598885
CELLSIZE 10
NODATA_VALUE -9999
[rows 19 to 37 of 100, columns 43 to 85 of 100]
0.528694892114838 0.5099287450188543 0.5256043912119459 0.5679729550298785 0.5758162502336647 0.5637692260511551 0.6402092785275815 0.6664581227855407 0.7247984848510403 0.7381038192029188 0.7183492747362864 0.7192436310678452 0.7838075294593281 0.8124943847145281 0.8394615973823945 0.8344353735713115 0.8151621861062657 0.8034322091684087 0.772885840327507 0.7948364399848188 0.7547057007257361 0.7684385058368693 0.7038268954796023 0.7095598088661147 0.6850526833306055 0.6611206303393249 0.7046746029323444 0.7056546244320174 0.7300583636274677 0.7084717599514448 0.6834224860721679 0.6461394875885661 0.6035823497285178 0.5799256394409228 0.5367985766531147 0.5304139205283785 0.5346453416708353 0.5323539975436636 0.5106210656947014 0.4963975703321281 0.4688938522185181 0.4833969071988522 0.49261866614984473
0.523925080047894 0.5400232730255458 0.522442855899269 0.5650203662579802 0.5313994721490548 0.5763048793470174 0.6030187250374464 0.6600785421099912 0.6721268453497294 0.7180569835583416 0.70370918129224 0.7546541503345015 0.769406146658243 0.8271797619627741 0.8200045082007322 0.8247192315594345 0.796872483077936 0.780840161567529 0.822451055496306 0.78868013205436 0.80433170229243 0.759262475966464 0.7482282826910792 0.7262288453798729 0.6734125325035115 0.690199272826365 0.723290387997633 0.7329668845202759 0.709921040219939 0.6710074419711278 0.6546856547929886 0.6540049711975086 0.6101510196455919 0.5538771748170842 0.5117566217460547 0.5182298940889585 0.5463745460203892 0.505697885090184 0.518214831799978 0.4692391899165559 0.4578588879584382 0.4599051351012906 0.48168665037880964
0.5361145212473181 0.5261895378291168 0.5407281734895166 0.5266165320997598 0.514380726367066 0.5456886053697699 0.6145380252984378 0.6176392547784655 0.6629473368859615 0.7220131826438053 0.6872862761744849 0.7275399568547867 0.7450850454305935 0.7917698806020664 0.8070095479586478 0.8157694175577889 0.8158253342080767 0.7972300293809319 0.8012708156508869 0.8169102739289424 0.7601762451806106 0.7239952924966261 0.7380151760583515 0.7067140285484718 0.6840960686471644 0.7194656910121539 0.702285490326384 0.733619533938006 0.7011889795630307 0.7207210086245114 0.6535625504142101 0.594278467013014 0.5646261659173514 0.543358809055942 0.4963535591084288 0.48255490048302224 0.4965535679988905 0.5357921168141985 0.5135754323894195 0.4932353367529842 0.5073044839762433 0.4482440323714529 0.4592963701703893
0.4744713391060738 0.5217816981622163 0.541522258049144 0.53407376201789 0.5253761997390547 0.5588817268591373 0.5910668069371043 0.612915707891654 0.6744656804267736 0.6889207905728185 0.6620353234950567 0.6655518643050946 0.7167014698667147 0.7239518830371163 0.7905148942960042 0.824827340755732 0.8033938529876352 0.8032928898736893 0.7921856934634631 0.7919564375675651 0.7701052533223542 0.7146308783251916 0.7323465132576995 0.737055072006616 0.7150904873664967 0.6984997604048804 0.7086148471630856 0.6899309080550535 0.6939000016184979 0.6842908930680565 0.6231450107023278 0.6146014013211061 0.5863219231980963 0.5323666495599458 0.5201128815336333 0.5156125797470809 0.5265594234261399 0.5285230643244011 0.5216174726502936 0.5452641680788982 0.5130485289726152 0.4775230404576691 0.5101344060836978
0.5108842018649538 0.49577095228369344 0.5541034640878835 0.539528093306953 0.5683173781791356 0.6026431627145302 0.5845429741235203 0.6386021704903811 0.6385066912514488 0.6263793519495442 0.6434090751954917 0.6677515214860271 0.6862137541342569 0.6967438688441437 0.7399232357518487 0.7809053710969712 0.7810587575068926 0.7806588952647264 0.7851543202983566 0.8268628491045122 0.7706401236997017 0.7405739505799513 0.7113777785736853 0.6846709467560167 0.7166622703810053 0.7084608468435064 0.7253027946036227 0.7324182642863184 0.674812499635319 0.6743367565911503 0.6424226792772404 0.6107645718493558 0.6047496165766404 0.5524249616452903 0.5310897571912375 0.5750449665002549 0.5410531180821568 0.534502926731333 0.5430428473153018 0.5715074256288821 0.5557367441488718 0.49882381171653456 0.5167849273446121
0.48240910258503783 0.5057112175756531 0.5218764201165947 0.5421881177934548 0.6143657916292021 0.6031884625972385 0.6178596448315812 0.6504266149603931 0.6334294212536195 0.6389313302171475 0.6629928830534161 0.6616884632781657 0.6380589962044025 0.6520036738364893 0.6616161713390711 0.7236635358155048 0.711712959203261 0.7566605267981613 0.7658970064878545 0.8405645733993324 0.8137468471717547 0.7593058060297834 0.7227358205784042 0.7222262044683774 0.7603977880175078 0.740753356482378 0.7417055671156639 0.7232762103192143 0.6940306850683592 0.6980959407689001 0.6531299234284259 0.6218908533329289 0.582873766324574 0.561840542169335 0.5359793247203587 0.5381504850431442 0.5725170156042225 0.5479283872235196 0.5717387905325315 0.5685149077261441 0.5286688564978012 0.5380382786786914 0.5685602421320206
0.4817558137088225 0.48480774200837373 0.526746729287557 0.5854758251865975 0.5767472814357055 0.6421897629607196 0.6248422476905577 0.6640045414056638 0.622765602696091 0.6092128918913979 0.6631679810454233 0.6376798543600382 0.6379311811755227 0.6145385346606428 0.6321549439420632 0.6567273946740824 0.6842115539465051 0.6980727707965433 0.7855817221889135 0.8454568123004451 0.808388180453754 0.7511197150318883 0.7490530571376579 0.77911183774812 0.7598243449705034 0.806943915571985 0.7994402774035007 0.791486873176142 0.7413018939428383 0.68924655862055 0.6957534956374937 0.7087380326406024 0.6325246467543729 0.5659615668167689 0.5643567134726285 0.5427727463216679 0.5905382471569187 0.5851734419786856 0.5977083681564198 0.572752983040492 0.542425293500378 0.5849950304272908 0.6018051330619694
0.45184100884510325 0.5230018576261746 0.5249374238650185 0.5572601874303892 0.5795364358013569 0.5866929111260706 0.6052480967870567 0.6037038812323156 0.632650388789552 0.6233828698979559 0.631460597569913 0.5933672167802229 0.5883103823884902 0.6045165971977022 0.6436153610051731 0.6373887102638799 0.644136755485676 0.6722609935521657 0.7416572513832288 0.7411286607044355 0.7484236577480434 0.7536391896397991 0.7208496078858236 0.7740559796112018 0.779555300475264 0.7747843854805773 0.8065304796050458 0.7847370278691312 0.735261645082307 0.699803438780172 0.6558355169420355 0.6360735151490985 0.6472039144706163 0.590620822355585 0.5776147467247946 0.5772048860257386 0.5610600373492459 0.5589673657715505 0.5642646465752942 0.5748254033507004 0.5512920051717878 0.5506105895661663 0.5830441485397148
0.45251359723942713 0.5150576827380178 0.5246307235172315 0.5082056543188661 0.5402308468206499 0.5416489210445999 0.5853657842517406 0.6301139031041806 0.6407218421966933 0.638871097140653 0.6414194353151089 0.6227643811700287 0.6091927490961156 0.5860719162869362 0.6385054324604261 0.615099825557923 0.6426738032928522 0.6687262341470358 0.7003370919464581 0.7353644429855359 0.7366455856870665 0.718401548126745 0.7477862291271241 0.7500210352453566 0.7478528254249446 0.8010938490259284 0.7970104451886629 0.7205599253104296 0.7305915699264611 0.6760356652748309 0.6493035344283303 0.6499899367896124 0.6091150748129434 0.5954174169713051 0.5450408391954145 0.5429161784855923 0.5618546178876352 0.5077716470020361 0.5174374765570806 0.5224402558635985 0.5400545658836589 0.5179940055004008 0.5768497858462833
0.4916097420142487 0.5082501954708829 0.47036896675346856 0.4825837370334399 0.5378240520446127 0.5518142644974966 0.5795508522939258 0.5938594094251826 0.6236539250416582 0.6063173944743261 0.599881848588066 0.6307199533143759 0.6163751362706013 0.5725910117549924 0.6065796072121584 0.6242120640871555 0.6129729516130785 0.6537225767116644 0.683242581667433 0.7062940450224194 0.7270528948045794 0.6973632674040575 0.7284916793447694 0.7232431385879649 0.7605697395686987 0.7433864579920383 0.7876181675086917 0.7379515091187054 0.7049228084979456 0.6884860735269673 0.6610238082378834 0.6339865564817871 0.6222712674744898 0.6125129938956282 0.5509515434314882 0.515733109774416 0.533955938593406 0.5140939415759904 0.4917745471944795 0.5224256865109499 0.5166677178743706 0.5177517196904081 0.5538165918078037
0.4380814210652726 0.4865289143351403 0.44627376762326676 0.47605121329657313 0.5257057156939604 0.5175943158620847 0.5268881448993046 0.561179269825513 0.5621958293466209 0.5479338233228709 0.575828377250121 0.5934209961607435 0.6081532095997065 0.5938299597492179 0.5598113273592762 0.5564074835799439 0.580258240232296 0.6153851174892258 0.6522655987007863 0.7043457996203734 0.6667847434778926 0.6659921366008453 0.7204246860300223 0.6926437475967491 0.7565146210620164 0.7378921654933543 0.7299729737743084 0.7737748944921502 0.6921136525970163 0.6876103995799322 0.6274351897635518 0.6199906575613783 0.6167941859223598 0.5724531493124388 0.5696503766470121 0.5437127768097885 0.5191903037907746 0.5153885000406961 0.5088238096019748 0.4977999985932671 0.5319028478666322 0.5176369063304542 0.5222395456221148
0.43731551574995015 0.45138666967482977 0.43029772149056733 0.44333240584408906 0.48417673207570516 0.4946899172704831 0.5200013093692967 0.5364225987557866 0.5391710888108296 0.570628443816744 0.5527304634119492 0.5820980560047851 0.6021571556969921 0.5517623584092777 0.5498430641293142 0.5614937624391281 0.6104308822219361 0.607273198895041 0.655428830072474 0.6479074826505773 0.6489878944045581 0.6571677857630926 0.7136638990960895 0.7125128119953337 0.7457468077791262 0.7113465010034903 0.7210637901922576 0.7475232005702315 0.7125436129310856 0.6570355695008598 0.6272229481200525 0.603633656312578 0.5948652687726462 0.6024847845209192 0.5575600450014424 0.5666216988962337 0.5486694803162788 0.5452783749364501 0.5230214015687715 0.5203852360239609 0.5311478966289628 0.5372444954901007 0.5224780190925159
0.36718094013099395 0.37934615958787266 0.390946755224857 0.39648873436609333 0.4716408622545296 0.4937242242649776 0.47865683329108627 0.4762557247869852 0.5290322548372991 0.5335200892515806 0.5320697016772684 0.5614788160283394 0.5665823272906504 0.5508381472863886 0.5567967953123785 0.550109120783625 0.5721915968333313 0.6164811456070891 0.6460782891760084 0.6331827785040618 0.6280227179222031 0.6846273638761611 0.6791887454577307 0.7203721687956148 0.7109360031805051 0.7238428733213893 0.7117798436440614 0.6683899563341898 0.6467714386738896 0.6332230793900846 0.625237108393546 0.6242236422899355 0.59692598946282 0.5795621661485906 0.5427735894029765 0.5564921508878878 0.5395252932449848 0.577280265762513 0.591285729695669 0.5963062752276586 0.5377372322435329 0.5473786123821726 0.5470250472132332
0.327373241629657 0.34160062103445404 0.3864347351406618 0.3996341925193511 0.433674979400444 0.4521465631322312 0.4232963551059776 0.4597465867551874 0.46921092451936597 0.49991274279212616 0.5141950169328418 0.4953157501118334 0.47489371309581974 0.5306510528037095 0.5408237804624642 0.5507560596273295 0.5590453990078221 0.5743499331029654 0.5929523820260725 0.5908199364180343 0.6305642068003302 0.6744592067180358 0.6619424550549102 0.7144318781263914 0.7213359205502345 0.6828496207563538 0.7143950550219461 0.7051606218979325 0.685874536353847 0.6562098510302512 0.6154908843438286 0.6430559479421 0.6274077667981985 0.5925094696232076 0.5814991033866173 0.5754361339683167 0.5568205442742757 0.5801124775458713 0.5994082338575444 0.6064570789680539 0.5544565730823326 0.5540302034401821 0.5772141693965415
0.29697176847795037 0.35462362428384864 0.36822121464900753 0.37298033912858103 0.358522013648874 0.38424029706479756 0.43558659031952807 0.4205706757981153 0.44718695273556586 0.4565753249365143 0.4732318606476621 0.4168223326142462 0.440763861757505 0.4796324193185808 0.494321099670091 0.547846930962382 0.5661945095777141 0.5556758521284559 0.5476580897111542 0.5608392029150339 0.5963958383197283 0.6179464970285049 0.6366308995689903 0.6738819854100302 0.7157572574437119 0.6885005733149985 0.7157379187513021 0.7065569875703628 0.6871005381863082 0.644933737656155 0.6474204830371879 0.6003519351305029 0.5945921124067787 0.5957071930300128 0.589768240137085 0.5207690087052798 0.5430160842680642 0.5923952923953528 0.602412169392285 0.5686102852848529 0.5648506042287041 0.5926292184595834 0.5680245186257404
0.28218416616862485 0.33716739604440243 0.30914686471768665 0.3636537782318129 0.35067879141549946 0.40765403623055313 0.4288341170134531 0.433157418832295 0.4108825815269738 0.40808039633247767 0.46736288274290355 0.4607522938008363 0.4383576417241384 0.48152894487884107 0.498621929069743 0.5094867194879535 0.5068685702866728 0.5497213844925957 0.5484371279878189 0.5821950947030974 0.5749412820187136 0.6184197289660568 0.6269390613899701 0.6354883115565363 0.6696847225881606 0.6733984030594725 0.6884089810897904 0.6791430259787342 0.7078456571819497 0.6849562317215667 0.645863940813514 0.6025350789985733 0.5750103833585453 0.5457219818375416 0.5675286864213059 0.5781439123396448 0.5730659410843036 0.5763755228348485 0.5553961554847974 0.5866519859232144 0.567917704403793 0.5505659872273697 0.5852263674187772
0.25913573315002353 0.30461713659466705 0.32539836692768287 0.3220320071509509 0.3518765374602819 0.38229111994983006 0.42719949061139734 0.41742857389175825 0.41599111684863826 0.410618742624103 0.4762754493359903 0.47187782028962505 0.44090411284685377 0.45671465579604903 0.47505008963908507 0.46886561617624345 0.49374432272701235 0.5367755578115582 0.5371795612875091 0.5746423165694495 0.612334622356967 0.630291764133541 0.6454988659325741 0.6296773089375977 0.6668769697204973 0.6331662417991278 0.6820474505669885 0.6986537703398362 0.6806479939313798 0.6696842517381851 0.6469307435499654 0.6286915607885825 0.571309426468664 0.5525216883683061 0.563361853679824 0.5772938797718586 0.5772947104381349 0.5492637158740165 0.5442957559161569 0.5397063360039658 0.5462527106248393 0.5405891194574138 0.5550934697934092
0.28134912718814115 0.30449954036163007 0.28535717771395297 0.31352538477587916 0.33857755393617756 0.3572167752122157 0.38627490731864095 0.41637746866718295 0.40179861926308363 0.3958466452824672 0.45535891868059275 0.4548502315275746 0.4498023656508037 0.4652393007499935 0.4683481459512867 0.52422981176448 0.5443480381001815 0.5234284013780629 0.5336182218297135 0.5884840661734102 0.5885016522792017 0.6306694340377094 0.6180662864939528 0.6128242417969582 0.6483821211042312 0.6167029682936115 0.6224883250217219 0.6401865241172536 0.6345276533399169 0.6518137841528783 0.6330302392578554 0.6318071430542817 0.6056858662791226 0.5681544415009667 0.5448040686265551 0.5681926623725668 0.5904322713720365 0.5863669531911122 0.5371747666446347 0.5232862781684219 0.522538361727011 0.527973075522571 0.5686472157008641
0.2565339084276289 0.270788856277148 0.28327311194862914 0.36049371076038766 0.3558675042473048 0.356585373759235 0.3940066344763567 0.44227093065855266 0.44568717775260414 0.41649580843484013 0.4277538695164913 0.4101112774441238 0.4652378452392618 0.4898432159835622 0.5195612829065708 0.5142875384511321 0.556099299980723 0.5417598744516767 0.5668083916587461 0.5583999574966237 0.6178201011080998 0.6347136034333443 0.6144170796741218 0.6364240043747142 0.6448396588252481 0.6557807649537177 0.6140441063545852 0.6104817837031697 0.5934435406744 0.5704472067171567 0.5770264594850396 0.5979646993082351 0.5548024966693695 0.5374304888348393 0.5299814166048354 0.5678624592469931 0.5758983452724012 0.5825471452110578 0.5472017683668641 0.5087404311371896 0.5166280336239557 0.5740901225199458 0.5490662836111893
