Raster_benchmarking/DGGS/continuous/raster-197.asc
NCOLS 100
NROWS 100
XLLCORNER 1743166.9982324424
YLLCORNER 5469293.807279061
CELLSIZE 10
NODATA_VALUE -9999
[rows 76 to 94 of 100, columns 43 to 85 of 100]
0.6162928514481375 0.6750790170284434 0.6434801261548221 0.6277175067341545 0.6205222658930731 0.5908363612977882 0.5632473898652082 0.582864319705197 0.584955942947238 0.5766229517740986 0.5773938372618175 0.5865681060130246 0.6164316879479865 0.6488376933171542 0.6511991895159155 0.7126486731023975 0.7076199594810936 0.7394404163382707 0.7640680993652915 0.8280976859561642 0.8421662623727209 0.9038551854168849 0.8987581438885226 0.8516315793838929 0.8444666216898867 0.8451757915125018 0.8240284768997364 0.7852861810587205 0.816236149572883 0.807942831474541 0.789533552430138 0.750864021846947 0.7724539927228612 0.7752921951933721 0.7894527635928639 0.7826701592889477 0.8154846120660953 0.8346186491797637 0.845299711219787 0.8360374640517878 0.7813578836003443 0.7654857679210479 0.7365713469178465
0.6545513421336496 0.6128896875320097 0.6445805949154915 0.64101204448151 0.6223332283233587 0.5874303977451868 0.5511851497199075 0.5266831086133644 0.5466392840456681 0.5826126764598457 0.5693343352311185 0.617086829118264 0.6279100472167942 0.6283652911319495 0.6790687878183977 0.7047268816714768 0.6883983518748609 0.7429070702176542 0.7748851809449234 0.7870464225091816 0.8506018477718982 0.8674936078760868 0.8731841116254789 0.9025174851069114 0.8596316613396192 0.860203919651116 0.798680685076362 0.7913084615222783 0.7851142563747602 0.7530436309870169 0.7794421519463421 0.7469860506192353 0.7537029129688108 0.8086471136994714 0.8027927392385551 0.7682590417403921 0.8203094387397109 0.8032501033984931 0.790364040078536 0.8317362080541525 0.7510534995560643 0.7160691570651753 0.7209105749978452
0.6398314997815503 0.6086723310759107 0.6310172633762776 0.6410187837401712 0.6296637921095719 0.6081699999213476 0.5711946287740767 0.5719596393298392 0.5622676144647808 0.6083817437675386 0.6237825039947016 0.6586738600497863 0.6697780385811474 0.6797867663084177 0.6808587821307496 0.7355039981735767 0.7040007138660234 0.7283982023582448 0.74160526272264 0.8037821865208539 0.8305873267972619 0.8679801180839971 0.8486357068074759 0.8842022802867932 0.8405744827130339 0.7906730526934325 0.8048457184976938 0.7421577519110102 0.7337187586457692 0.7457985030944068 0.7616890433716224 0.7832990654903953 0.7888500999476169 0.7885724002336874 0.7818865366747314 0.7864205337127366 0.7999970259948 0.8172625198607353 0.7899147153307885 0.7755836357702601 0.7365234625124831 0.7016567021076247 0.6805994487658727
0.6166361390611769 0.6739206034588279 0.6485851291876554 0.6451668134727548 0.6387820859341855 0.6458729940283047 0.5650990143533793 0.59307294472159 0.550008792060594 0.5426990748885802 0.6224165029786152 0.6286906196381097 0.6888980158028576 0.6902983439642192 0.6712124613107024 0.7343054814649768 0.6866039510504595 0.6773112508756601 0.6937218709475441 0.7465481566249295 0.774585946646721 0.8426152064065165 0.845756728284549 0.8289163923923516 0.7927785674942298 0.7780638427679168 0.772832554013878 0.765951472137156 0.7853683902996584 0.7509695297255039 0.7631800183329758 0.8009692143740295 0.805946039257611 0.7523340674228872 0.774927394625594 0.8101663489438786 0.8206806535628003 0.8422719556645505 0.7595870978402685 0.7266364638737121 0.7528849956156191 0.6701579399156682 0.6688258727096827
0.6299640983779737 0.6435183483761868 0.611716456145383 0.6161831662941625 0.5961729707918754 0.5945077336433371 0.5733996823231103 0.5962699475815841 0.5949092961298124 0.6080205201290237 0.5995762228361079 0.6023242394858865 0.6491945902923519 0.6780746871154221 0.678283539835638 0.6923543732489125 0.7137139920655865 0.7048610867396039 0.7273978693125871 0.7330810623256075 0.7874939386819717 0.8479934980618317 0.8197622767650257 0.7769098454405202 0.7572333683490611 0.7884188969401366 0.7613429949680229 0.8029518856705025 0.7856572971493513 0.7904915517498767 0.7817313204239842 0.8031777085457552 0.8230010319235259 0.8196670459152365 0.8395110861586682 0.8387045563950324 0.7992649645473686 0.8023879553780398 0.7747083151509792 0.7522871392096898 0.753513776988149 0.7478119683483225 0.7026193613891476
0.5965582972108763 0.5831062204191735 0.6176586365422096 0.6092846525774119 0.6117866909049404 0.6060067329183416 0.5978655378639096 0.57780942567811 0.5818428038345905 0.5723420541063939 0.6069904730747512 0.5960763286246179 0.6133837550561828 0.6316195555588698 0.6336365823904273 0.6639588379990762 0.6864449056134388 0.7011011341710918 0.7265669182645774 0.7277895689108803 0.7953030148094932 0.8176415985945596 0.8006093618955753 0.7740488080712284 0.7714440104833528 0.7393210403187109 0.7589988253283136 0.7783453932860509 0.7643532916249558 0.7805399974034046 0.7873947570605242 0.8541137936591019 0.834967524833478 0.8611857403064811 0.8127005165194257 0.8394650834439656 0.7827570652489062 0.7963998007710076 0.7763135608543872 0.7458525146064534 0.7461139205451511 0.7534392965923343 0.6844625057966509
0.5603067015122369 0.5254000024579629 0.5451811788703894 0.5265866040163977 0.5583079078018073 0.6031875316989391 0.5413249626301172 0.5492431590014343 0.5199381779831945 0.5560717015221032 0.5491095527345862 0.561116077044644 0.6256151888168697 0.6505459300202053 0.6032153975752715 0.6063207509848217 0.631064644032331 0.6464217189443082 0.690544536699911 0.7412560716214776 0.7543982445775496 0.8014792140465171 0.8017535036758978 0.7516242473004725 0.745564021035213 0.7217103085873041 0.7582689239925657 0.780514581301088 0.8056888193004732 0.850198733094819 0.8220683304711719 0.8576210144420539 0.8496040749291908 0.8305905830797599 0.8331775495486852 0.8112235593345977 0.8047612233456521 0.8164418025404161 0.785856088668485 0.7577587454958306 0.7603134762612425 0.743695182418734 0.6774832082312259
0.5609041649536438 0.5310178097205053 0.5128542393727475 0.5189051948528837 0.5648453953573581 0.5964937986601283 0.5109535481072192 0.5096393478284511 0.5019414284648793 0.5485479593884772 0.5644602503601656 0.5531815214597798 0.6215838808624864 0.6183206211041192 0.5800473309571637 0.6035192548871077 0.6130481750274094 0.5847222949104685 0.6634858618790174 0.6796602757318174 0.7434160410904692 0.7530496199817668 0.7414988842204463 0.7449707488474742 0.7482232419657538 0.7483217812260282 0.7742331022163855 0.8059159864725622 0.8308501966542274 0.8717810403165223 0.8084722037853226 0.844444894030567 0.8700290699462215 0.8553774246306857 0.801860760837549 0.7841185025564047 0.7684040333344773 0.7656613900906245 0.7561102808387875 0.744439936787862 0.7220725519156171 0.7254888053302839 0.6517723387533956
0.5058577300209751 0.4871518243036129 0.4868382461190579 0.5182058581677 0.5258692921036617 0.5131166470300933 0.4975078784080735 0.501926769439412 0.5529816894262556 0.5756571324241291 0.5483544802437145 0.5636880108842753 0.5784631954132498 0.6152780803530921 0.6029674178374919 0.5781703147097274 0.5880544216476836 0.563073184478057 0.6040761575346724 0.6853352851648582 0.7172971922158438 0.771233956095632 0.7557540732639186 0.7535460331724566 0.7370073352777575 0.7397667169484331 0.7668337663226884 0.7790035884586832 0.8225756132029138 0.8492889194481917 0.8248254736789163 0.836900353733993 0.877208151612767 0.8807138198832687 0.8123334082784561 0.7815667269440717 0.7598419053011863 0.7738502407648776 0.7099855421091512 0.7247930791496466 0.6961200969626585 0.7059004520108095 0.6622576730095775
0.4958286882118836 0.43116917831410095 0.452481941662801 0.46127622930784357 0.49260405947297076 0.47999959093817657 0.4889581969049038 0.500238196971378 0.529086942033728 0.5445775992745985 0.5325368952524414 0.5772958663748197 0.6019063086956107 0.6408983322266879 0.6327169015356204 0.6279354877279211 0.6059298670019171 0.5761972504348647 0.5946386607712904 0.6742004836263837 0.680238533713371 0.7527683156913292 0.755347711755071 0.7694394744791018 0.7435484756677265 0.7510557496502991 0.7757834800446526 0.8053811727198886 0.8339836620907339 0.8342900379689542 0.8428565992000027 0.8365570569512839 0.8603276829750556 0.8581344483989386 0.7850373525970532 0.7891876350902339 0.7640961564062404 0.7349149533340306 0.7123194692017113 0.6757133804356106 0.6703338412402261 0.6708935559727487 0.6550559875703865
0.4539539038530066 0.4390235782784998 0.4459764405376631 0.46350064139165115 0.49236424860043215 0.49765767015900986 0.45575934682443525 0.5075792090368025 0.513751621705222 0.5155533907477343 0.5389839239639472 0.5738997817893075 0.549637406189039 0.5766466300977388 0.5815620976724225 0.5852420913327008 0.5876909273438335 0.6226623539894403 0.6159311771843735 0.6645598080027272 0.7006251181032549 0.7123437669450111 0.6975353381687129 0.7172299304434709 0.7243843782567206 0.7482241428229318 0.7627147623378454 0.7739686259808647 0.7856309083665858 0.7634798966148462 0.7597515329494653 0.8055992883016387 0.814889122754969 0.8003906899205898 0.7992406129055867 0.8305029234313275 0.7870383228541942 0.7479643896193556 0.6951511910699489 0.6634173928492549 0.6521684119751573 0.6966914944528918 0.6977759431162899
0.4110859575133254 0.4299939495962595 0.45136318648374546 0.44477713286094617 0.4538394343911319 0.4802041200692617 0.45449165523777074 0.48536268154346723 0.5228673086935216 0.5268434543126961 0.5659450174485187 0.558929804804145 0.5460224395314881 0.5303380842485673 0.5796465071115574 0.6153104223989122 0.6161137807548909 0.6075526386954817 0.6579777958841304 0.6700598611499808 0.6922208499231087 0.6665328243927482 0.6874656001654228 0.7129913952967973 0.721113602117312 0.7376320528539152 0.7255605196800259 0.7436495800075775 0.7150010513651163 0.6965083938890313 0.7829632845073075 0.7860924092794791 0.8018697079349429 0.7952222137879377 0.794427593806849 0.8204127761355778 0.7670067429855862 0.7717273902444071 0.7200251571208335 0.7192397014594593 0.6869635458893149 0.6431046110923265 0.696277300073422
0.40999142427661495 0.4387330139703505 0.42225596133905974 0.39244122791532826 0.4221831720093858 0.4746026918488582 0.45152846349579334 0.535262673558277 0.5425496081397081 0.5043359616282207 0.5263535519849953 0.5480778657927243 0.496853333327296 0.5033745111123898 0.5364783303726769 0.5960042796417591 0.5616887221679161 0.594423129662124 0.6102562576799374 0.6024741255917369 0.6366656251433296 0.5974772519112964 0.6147288019588687 0.6283916014946199 0.675424485688988 0.7082358572217365 0.6647440196600999 0.6761357212983814 0.7114407414304365 0.7030621768211431 0.7602573986664062 0.750172065908649 0.7717091919680774 0.7945409533371838 0.7744214576657603 0.7238188797195173 0.7177472205940842 0.7206207778814306 0.6785536317344765 0.7065389050395185 0.6886978945067683 0.6659626922652235 0.6939300244711764
0.37494733845282835 0.41009778266273095 0.3796632631889507 0.3924102657865753 0.42791084216637176 0.4256272480948873 0.5012197338460135 0.537421023962614 0.5213450955477325 0.5357912248269233 0.4989190867936289 0.5213803834539201 0.5123051045838986 0.46826913347761345 0.5094846866992464 0.541488287104221 0.5895790983821082 0.5811749481038926 0.6061688629687645 0.587680884673735 0.5764272161992122 0.5549257154793317 0.6034792028097912 0.5890884810317788 0.6175473009995694 0.6471256644293615 0.6501841565761542 0.6564851375022003 0.6414262626929419 0.6750985411796643 0.7027064934357797 0.7767015424864534 0.7317832455563316 0.7118021964992454 0.741794440579984 0.708816016329691 0.6791927184600445 0.6716675207333922 0.695412337981324 0.6385079841529738 0.6676620764761808 0.6447868434162991 0.6637253765290846
0.37473193738046967 0.38612437306535846 0.36473456397446935 0.3755498018853657 0.4090436538685048 0.4014082216963762 0.4795976487470367 0.5039855012912778 0.4942856115582103 0.5185700378734575 0.5385994491251936 0.49896930708936515 0.5118281642243386 0.4611129044172549 0.5053648020980748 0.506423941635222 0.5813485983552633 0.5737636201646927 0.5724844463396421 0.5727883480821921 0.6050955532978755 0.5507512097286877 0.5600378444565378 0.5846783684555403 0.6141362067210655 0.617565690157268 0.5914895714761167 0.6198787371513339 0.6450306470542213 0.709228396716213 0.7199248679073137 0.7756214603701769 0.7277017834333879 0.7125562780475906 0.7316223791458414 0.7297974751636754 0.6909956137493195 0.6758646808196784 0.6680199664465176 0.6126993121610083 0.6338589567573587 0.5832169599848808 0.6077150535267216
0.38434603614915513 0.3832860184357944 0.35893851084910255 0.38202092549971717 0.4222668207678048 0.3937760802253306 0.454792122827083 0.4700817156389335 0.500396521263997 0.541542082843534 0.48355424585165085 0.46710254221399466 0.5260062097972037 0.4729311644334418 0.47055955644001857 0.49181284833208483 0.5406356770997043 0.5825878990856886 0.6062588306692286 0.607245672121449 0.5923959584724129 0.5744676792944641 0.5762708478958518 0.5957721507582294 0.596140981287515 0.5881459232914428 0.5919029246677927 0.5939928658716704 0.6382009052897109 0.6699850150651947 0.7424822455046816 0.7747564653742033 0.7266750812898922 0.7730110817206147 0.7574334225875109 0.722713748834099 0.6792013850584235 0.6912631208643987 0.6307227496961136 0.5628733983612673 0.5577618008111642 0.5668763782168379 0.5530469136723078
0.3911317606304504 0.3877927746808698 0.3868910326977582 0.4007037083202505 0.40741506424935947 0.4087870106623378 0.45594002845564097 0.4458205923108525 0.5118494562492333 0.5039692301836447 0.5026662160839097 0.49308021135658103 0.5228499867588716 0.48238126964508304 0.509546050299194 0.5334613349404523 0.5629186684431787 0.5792532080334568 0.6227803649347781 0.6318243652681403 0.5832500109036695 0.6162361173893972 0.6125234725939419 0.6246104310568735 0.6331614478718254 0.6295921690951439 0.6491292014986018 0.6556200068466023 0.6655091292440944 0.6817572524089672 0.720337710628114 0.7460264954544135 0.7545053825817869 0.7348349141703023 0.7360686044508533 0.6939494034214333 0.6625061606170852 0.6490509527233046 0.6278501303239121 0.5666965985175576 0.5614069343864522 0.5850618850027515 0.5550219071469262
0.4026174730872226 0.3689472523762854 0.361701613170643 0.36894326221437623 0.38311294651032196 0.43195764110692825 0.473820987500481 0.4632756883695707 0.45889837933257055 0.5170202937630268 0.5179920446790377 0.5479957176763447 0.5374788860262342 0.5123165555003233 0.5183657732246072 0.4937729167692582 0.5811440162057776 0.6086207722366068 0.5807073067832134 0.598056680096119 0.6012299399463403 0.5986990537530273 0.5997836263095715 0.5667843495798982 0.6306922405079226 0.6542021624537134 0.6329061685846858 0.6559404908016573 0.6364710158455 0.6711171674317731 0.6832635860304399 0.695019450653178 0.71961226663682 0.7018199854663805 0.6888947787527063 0.6491646889070274 0.6093263766323471 0.588956135052418 0.565725952088402 0.5607580443108723 0.5849590094980399 0.5704752715568276 0.5778304523763753
0.39298533386080464 0.39628612050306194 0.4055848271043533 0.3835054080711226 0.3889372778258282 0.45647057470193425 0.4431885991562159 0.4391632660022645 0.4585830632155866 0.4785152323551374 0.4942302894845739 0.528457015342089 0.5443338836426918 0.49962497601943084 0.4819663624915552 0.4812216636738375 0.5374933465198196 0.5887260356438133 0.599740184926084 0.5684356748958528 0.5285139261666758 0.5408111168388967 0.5650904587489638 0.5753719613374184 0.592928980894076 0.6372498799494117 0.666400349861507 0.6273111792199829 0.6804901590049005 0.7149285044331894 0.6897189284713202 0.6630781477005477 0.6278963098880018 0.6706668940294195 0.6675809438155091 0.6821140100391159 0.6550710576128763 0.5974898174037868 0.572415239425011 0.5970704185616413 0.5472489392790836 0.5706634338595212 0.5333501133266714
