Raster_benchmarking/DGGS/continuous/raster-154.asc
NCOLS 100
NROWS 100
XLLCORNER 1743152.37758096
YLLCORNER 5469284.269915673
CELLSIZE 10
NODATA_VALUE -9999
[rows 19 to 37 of 100, columns 0 to 42 of 100]
0.32016012576081054 0.3618725900514664 0.3235982495764879 0.3540087187019381 0.3490131802634013 0.2870336263667463 0.2751395950012312 0.2779932938054618 0.25999407370500865 0.28611161853522427 0.30449487895908994 0.2761784145183043 0.3276172715915095 0.30902378276687037 0.27836604169299806 0.31989244833327307 0.29145130017397736 0.3199992792463543 0.3570241948853275 0.38811964036766505 0.45009806747204306 0.46521532175938607 0.4796284311377814 0.43816552252429736 0.4546060383064918 0.48347919273003553 0.5084056692443959 0.5034645233200894 0.5381627907286628 0.5058390148771357 0.5305476036879566 0.471579206032659 0.445743682691804 0.428658539088049 0.4436941305273673 0.4616649432516101 0.4872550025269359 0.49438955271231816 0.5106078958782959 0.5111147755416894 0.5225886236269325 0.5438931401403393 0.5546792311221432
0.3960685974654925 0.4137961051819569 0.37130328559907816 0.37474141041673836 0.36449474993057396 0.337977195108348 0.26762092875542765 0.2725086279880884 0.2824162624695336 0.34036807798901775 0.31760916510634724 0.3246084074900572 0.3239422545026253 0.34257276183085944 0.302348704127683 0.32749092532568425 0.30622086084357647 0.33782358090753795 0.396321982912846 0.4291020889660873 0.4354651444649679 0.45401109689706226 0.45106857642966136 0.4373489013540438 0.4162918757723448 0.4703257388812637 0.5167921703772597 0.5304733976110394 0.5423292633795582 0.5093970554546133 0.5200245430525542 0.4935431480004882 0.4868368172699469 0.4191178430742051 0.4150768818028424 0.4275938739123205 0.47842765520219055 0.4895032840682394 0.49667694047265615 0.48998978346295263 0.5279650673426041 0.5512498352394465 0.5888695593338017
0.4428051337401355 0.4162808934528787 0.41862645940656745 0.3714252169666741 0.38852075094035277 0.35813085253778776 0.3322079206280321 0.28536714314698336 0.3350155539143314 0.3767094927651423 0.3714743280177399 0.367568593795642 0.37821757587715005 0.36604531297437154 0.364085167568338 0.37812049433272454 0.3460153856708969 0.35985917947364005 0.38030930210436975 0.4176560684884612 0.42521679653509126 0.43735793505030746 0.4496017097585167 0.4327870392948581 0.42059975921561576 0.4415059391779213 0.47108581208469386 0.5168032637596278 0.5373920122092783 0.5394203113251441 0.5254057323735823 0.5165674650401854 0.4826923250707643 0.416610795573637 0.4194329985342806 0.4693795876591076 0.5043386168805716 0.493971119182287 0.4760677588619516 0.4867242130490989 0.4863450512828975 0.5456188742109714 0.5540743474911121
0.45561647045299974 0.46016738351989483 0.4502995405730826 0.40951512055705613 0.37906007256787333 0.3671709871425743 0.33075276929842445 0.31678551365115865 0.33530249761686143 0.3772208798472288 0.4636862804744449 0.3908204690278583 0.3579159483089155 0.3722954260685236 0.39650102516132035 0.39633603154442504 0.3951328591917316 0.36375129223916425 0.38598422301483315 0.4291895802272382 0.40873511487261455 0.3799348329154208 0.382623511516927 0.4048310805436289 0.44085644937137575 0.43442050098899093 0.5042816670275448 0.48941116574793303 0.5440554830757588 0.5116297012643481 0.5342337431806418 0.48076598954932087 0.44043841808441486 0.4473429772853698 0.4351644420691891 0.4401598832884616 0.46594727394570246 0.4580377158058892 0.42396144699384236 0.4708769506287363 0.49295599885637714 0.5330278055068023 0.4916224580334022
0.4321260847384132 0.4773058839901298 0.4313572269279449 0.43603422569090866 0.4022807501123791 0.3688717791960533 0.33827379792036405 0.38013845117952877 0.35390039700627196 0.3731724375641682 0.4367239635599531 0.44214101545740914 0.4074574802231235 0.3940579823912789 0.440821361069402 0.41563162979379104 0.40184336268364057 0.40116116151702325 0.4035374204163447 0.41736120866025245 0.4021664950918558 0.40004012636393005 0.4077189610357356 0.4071189078381523 0.42450663957900747 0.4433794512506406 0.45931417626328797 0.49573537439697163 0.5038981193435668 0.5324253074203472 0.48413228422684573 0.48146749738202443 0.48570789034712875 0.4586244681247817 0.472680413530237 0.459504601256642 0.4532195467457689 0.44988783858249615 0.46295153162182556 0.4799442025105953 0.4952024583315631 0.5068111748396378 0.5256948626493224
0.4665480478580926 0.47004378608319636 0.4744136174186806 0.42409920468629264 0.3545403155488591 0.38263645086489056 0.3736523448243832 0.35411373229094634 0.3896205101139117 0.38094627534653963 0.41454766557885797 0.4227528012220226 0.4356747854371056 0.4498861704580782 0.46490230535252414 0.4150418089403784 0.3872467151446324 0.43327321645537376 0.4090530741984262 0.40397949279669143 0.3930150159753041 0.37138372997256747 0.38912990275693254 0.4450993367549864 0.4312989936728631 0.44527570268578404 0.4973382344385495 0.4879255508575842 0.5008665215011512 0.46828690885736 0.43870618035916503 0.4353559571619313 0.46074447205555497 0.4242095545995213 0.46642401115201426 0.47849353470249223 0.42602392869426914 0.4252664028715558 0.4500648470106052 0.4909394998086421 0.5130634121850965 0.5549026926876597 0.5715221976435456
0.4435298565256341 0.46174005525361994 0.439097103970794 0.43110422235313617 0.3544777728938975 0.35827439846145986 0.3505594119846655 0.3715139176242977 0.40422183571869513 0.40554522720073266 0.3996558143900238 0.4437204565193022 0.41882515808387916 0.43298096382352264 0.44816846114923864 0.45665013919219877 0.42143312060787114 0.460988547370113 0.4293405078225911 0.44646555549951267 0.4121114982244057 0.4168661703424493 0.4412658752026699 0.46170749301294467 0.45958895702668434 0.4271952956801977 0.46354285354562336 0.4370608123744781 0.46224031782067726 0.4092586146779227 0.43693239111870125 0.4339165084168028 0.4011537690257196 0.4161317651442246 0.4186405189502547 0.46913453479296363 0.45062256817451213 0.4604869986542128 0.47659915049436075 0.512628407977606 0.5295076367284987 0.5772244985548332 0.5937901481136426
0.4061311608205709 0.4044075417839542 0.44763680397720956 0.3945065546342625 0.33836758816289875 0.3539161933782272 0.32713293023504386 0.36378036100640426 0.3833686955312445 0.4113115251931182 0.4080095182416035 0.41783651404510563 0.43455806182526197 0.42880543860911857 0.4585874958060754 0.44571314819182717 0.48040788578225263 0.4605582064941082 0.47521625916300636 0.42131973566337527 0.4202877635096246 0.43850541339752325 0.4680448696810988 0.46186369446751985 0.46633221503333555 0.42622550698614686 0.3943632824161798 0.4141852512997195 0.4168104684544994 0.4274081890078656 0.3912630565830163 0.4028090428527012 0.38583460278355575 0.41705569111599533 0.43202023805687295 0.4588126306476996 0.508060897651517 0.5183752772057953 0.541482747479836 0.5144605767014606 0.5687090812684718 0.5746186274883608 0.6588966308490624
0.40189252062824576 0.4005668153561005 0.43912110519719993 0.4165337274182345 0.36174087140506 0.35102690543322956 0.353470708977191 0.3718098608205057 0.4029801226892151 0.3735813645665404 0.4046834222742161 0.3894553912773594 0.42564227422361944 0.41906512038851695 0.4374591101931673 0.49535290362284407 0.47008472354229186 0.5066067713190742 0.49541673182605156 0.44917960319609535 0.4635066852467143 0.4378031629864198 0.42947124004071013 0.44433549226344243 0.4820475384550584 0.43802693257081915 0.4045235876611062 0.413682174908505 0.41964119085707996 0.4221815175870188 0.41381776296178263 0.3983510343657707 0.40659300722904135 0.40163847545664283 0.42771636900216686 0.47120848691339495 0.4996618015460376 0.5349774663541363 0.5496934146706388 0.5315934025374255 0.5815588564183057 0.5798496421754541 0.6059119589581141
0.42514057663302074 0.38593215452828256 0.41887716355015825 0.38310945454062595 0.3926525959547086 0.33375389157094265 0.34067019398643594 0.35831777976020274 0.3884883577910863 0.3958100735333045 0.38892782204782433 0.4176750585122252 0.4309273919543018 0.407111114991105 0.44709720711473366 0.4690596948612106 0.49029996855832025 0.5131545148868388 0.5078955872201318 0.45861883224743505 0.47187343774255147 0.48858416574256147 0.45678404126349675 0.4826850345861833 0.46859750368818415 0.44261840103459044 0.4407196410251745 0.4215601307480061 0.422309208733937 0.42702744568623513 0.44861813563141295 0.4001296654365971 0.4033156375321655 0.39013823767487293 0.43117089332331326 0.4615566123160359 0.5084668362373931 0.5375141495603348 0.5225060343356476 0.5607270386559752 0.5597838017934523 0.5885484591786704 0.6108197787840733
0.3969614015712028 0.3910743196894237 0.3816033517418756 0.3703384665764738 0.3474805127109691 0.34570895310469296 0.37929072764556987 0.36999472009587314 0.3494851056714465 0.3452854212860504 0.3454936734331057 0.40472689201473594 0.42384717270596445 0.41718312970410804 0.42515189513139773 0.41766084333401576 0.43904660123652595 0.4979877611776351 0.4854652762634689 0.5052453414126222 0.5004464113124244 0.48856618294045173 0.48338672303373653 0.4615341447732317 0.4375480339159396 0.4546329832242056 0.438316320039229 0.42938371243452245 0.44937164073797065 0.42469679411599326 0.4149111810906821 0.45756343121896886 0.43493112658579025 0.4113699733069346 0.41090093031900743 0.4648267034988273 0.48533865502303425 0.5047542445275434 0.504988559943557 0.515108465419805 0.5261834497930234 0.5579134856988229 0.6209972722794537
0.398868838994852 0.37552612500497456 0.35650450574694076 0.3580059149303134 0.361655522805352 0.3625183746371497 0.398125518478736 0.3675922218695399 0.3699087591137334 0.32893107797648763 0.3208704106313269 0.37176577023417917 0.41417310090834203 0.44708273800294607 0.415251081006775 0.44516166508425614 0.4310388526672866 0.45910529570272957 0.45313955301120495 0.450748893896353 0.4793178519359395 0.4550131134931648 0.4648851158709391 0.4459601020557338 0.4102403605739515 0.41971710173150545 0.4088381930108694 0.4457062047691443 0.46349068273921235 0.4573022391670872 0.4433355119790237 0.46259655713657194 0.4549943340021031 0.45512893019050576 0.43836766323440585 0.48906200366020725 0.4985309229125572 0.5249209429167586 0.4801491938056339 0.5305163554743403 0.5489712243176296 0.551152878306813 0.5568036747952049
0.3854383155415428 0.3755431086268499 0.3675217646378969 0.3412368604102539 0.37096303935376135 0.36488971028046957 0.3434677931446581 0.34124447914235384 0.35031327153279485 0.35988757447218095 0.3736546112944888 0.40219022805641763 0.40668816585998696 0.4358418653715962 0.41553332501293294 0.41406201542930154 0.4348571799095865 0.4708153391995249 0.47739738486085764 0.4411281716574469 0.4314561190933984 0.43796477258419114 0.44394970893425084 0.39597464731715515 0.41598446188332455 0.4139162964377604 0.45514116868721755 0.42420069602408916 0.43960885723123927 0.45259969717912596 0.48008540824838664 0.4821634503283194 0.47803000145387975 0.4444969410454864 0.4559779034886569 0.4406324149531661 0.46521531957490697 0.5083183595046341 0.49274558949158626 0.5035412655701411 0.5497872916857416 0.5911068935221043 0.6031629420980047
0.36960331577685956 0.35497841132450364 0.339768772047833 0.36369931221210156 0.35230704275024394 0.3447552084821394 0.31970289819272596 0.3518831963244068 0.3553253619597326 0.3638837136622608 0.3962487917844986 0.40434296923390145 0.39149109071562277 0.39158847373987266 0.4355626119505418 0.4241983684460275 0.41584432136046706 0.47376425871233596 0.48236409216111387 0.42395259848539024 0.43747551269236157 0.4118423285420376 0.37116329823908095 0.4046549970252982 0.3946074923082922 0.4345915973122543 0.4778522408990892 0.43945485602342854 0.45669753702368326 0.4990359963717974 0.513696901382182 0.5129736518855946 0.49443462442752084 0.4538356718670524 0.4367385583121567 0.4690185567290156 0.4491569369827872 0.5173707694851846 0.5122328439169552 0.5059500699880767 0.5464871128557296 0.5648596133369594 0.6239776186365
0.43135163083253775 0.398023155045894 0.3695723959967446 0.3651671091838179 0.3399380349944929 0.35019184332292635 0.3650090244435381 0.3434673829788821 0.376487252244421 0.40156534897079466 0.4061662131032039 0.41890196069305513 0.4113755391368295 0.4038720150956138 0.39401215224193753 0.406495386719368 0.434094290941445 0.4178065534974833 0.4565985674244097 0.4448435337108824 0.3998674067323979 0.399101680118176 0.37415218971306724 0.4021960445685364 0.4145888175743728 0.44613087956166975 0.48153209919401546 0.479031385533669 0.4717633303091427 0.4708732358382375 0.47504769693245974 0.5183381224159462 0.4881958852322927 0.44095528754252555 0.41441351432934176 0.45219120130523577 0.4981517099767697 0.4977812428858702 0.5057030596814818 0.5063084787745492 0.5223053143695583 0.5733767421096263 0.6001774578633475
0.43337354707090525 0.37870509597461227 0.3562258243854837 0.3531243660032688 0.34531886461233163 0.3508625233451284 0.3568438932617736 0.4055777037933727 0.4121399085211361 0.4133533244426184 0.4005698407014619 0.43171931226286403 0.4527555563073334 0.4504217547520741 0.42055344192287775 0.40119714217568286 0.3933185517909191 0.4221771116118014 0.43908500813867607 0.4119922921966737 0.4090540590427277 0.38649383022149225 0.34988912194461297 0.37115881732848593 0.38284336744965064 0.453870124936746 0.4919286808382228 0.4720889988786339 0.49555504932917166 0.4557981112777396 0.4900193283536039 0.5235720060560494 0.5150806679218729 0.45217891183851877 0.4310157527409293 0.4460744468134665 0.4925312222338124 0.5005350654768076 0.4903858831671972 0.4989357817575691 0.4916696133839635 0.5543946588221179 0.5726342047746347
0.3985521386218027 0.384933441661071 0.3849611399703869 0.34672474035561507 0.35962726426670005 0.39527161662936894 0.4064052536963252 0.39604502712913886 0.4089641424222751 0.43465044406423115 0.4375605024308024 0.41881617712068236 0.4213026772556951 0.44571950284464984 0.4098142489707858 0.41540533990534007 0.3933447310280156 0.43752988807392684 0.42739167594215227 0.40281374796147856 0.4172647993075659 0.4145402019749229 0.3994298468940984 0.38889904345871823 0.41679905043189897 0.4394228167108111 0.462531771647064 0.4731601364961476 0.4939624900799108 0.47740524100465437 0.4747808894754079 0.5148542651851834 0.5248060255001551 0.48286531411025296 0.44962953232087816 0.4447841019119111 0.48730608639045386 0.514044442831923 0.4919864834476933 0.4941623803028784 0.5295114849052058 0.5205506275151125 0.5303523420816076
0.3920650127039081 0.3684808511915281 0.3694945015514877 0.369151026918344 0.41038883883039506 0.43126541521414274 0.4121872870252054 0.39970076910888347 0.4598655662689946 0.43501616534345183 0.45702008552156576 0.4090882610124015 0.41180409940120444 0.42028294517187076 0.4453395992781488 0.4067115005952993 0.3926469360683989 0.3890573329792218 0.43642650519926124 0.43145412134255207 0.4077675240362164 0.3870476676692046 0.4366666601976969 0.40516408335950005 0.4398170364241128 0.4413491270520813 0.48092941826841584 0.49619576426795786 0.526120457316973 0.5163641991755044 0.46909438931543995 0.48606629944310104 0.4915328374697313 0.48395890725960855 0.45864503993218836 0.4935275265912021 0.5077744127085858 0.4913353763128579 0.5162467932587425 0.49736869432258773 0.5320096720736865 0.5239330812458458 0.5421861058133117
0.3865342264063507 0.38934624673205354 0.36621757734259 0.39695411358335 0.3825687568724918 0.39755628248430563 0.4027465649795671 0.4291161740625779 0.45104623342995465 0.4683496245968531 0.4395995343930641 0.4459210065881047 0.4500288183900904 0.4251683465722654 0.43516179072371236 0.42520656751682295 0.39926831536397706 0.3738853600209361 0.39762001297542887 0.42690358332248846 0.3788332821864094 0.38401907583122896 0.424501891848686 0.39212576026537793 0.43471738753862754 0.45785825961935905 0.4373948668649156 0.45442533914006145 0.49177467185079116 0.505493867209991 0.5004279263342406 0.4799388272634353 0.49022058850093414 0.46229117086502963 0.43627052715787573 0.47367041177633024 0.4654025727314903 0.48374540238699815 0.5326441190898742 0.5326490753872818 0.4945140417042109 0.48220499420960394 0.4748991510969327
