Raster_benchmarking/DGGS/continuous/raster-487.asc
NCOLS 100
NROWS 100
XLLCORNER 1743166.6215866471
YLLCORNER 5469296.250943011
CELLSIZE 10
NODATA_VALUE -9999
[rows 76 to 94 of 100, columns 43 to 85 of 100]
0.3036350433888133 0.3207632103069352 0.2912299281288748 0.2477063505492631 0.23657009758230352 0.19843103439562382 0.22996113676476854 0.17961613148594618 0.20901829187498713 0.19685879537459153 0.22120512651103458 0.26422088791524706 0.3045059071809351 0.26284876886037445 0.3135806945870978 0.2907395580730762 0.317176916952937 0.3477559062950338 0.3478959773658207 0.33197345601604644 0.2642274136307738 0.23099342796727973 0.2158616288827463 0.21693110059625043 0.2121114121868963 0.2569334730757366 0.24139446009934393 0.2792873999234664 0.2744642532491783 0.2585113771043527 0.24237920385844103 0.20507495649460847 0.22526029014633386 0.22292417819944443 0.18928246401224494 0.12916851390042886 0.1408226246869136 0.0815116934569307 0.15592606756616958 0.22494900170837825 0.21818391212125204 0.2587305833218407 0.27952898096316897
0.3129704086797024 0.30539421261255645 0.31030621677876524 0.2749791328582187 0.2404746966467838 0.24206624519759873 0.24903374311452092 0.19536595452403013 0.21067517113049622 0.20691508323030885 0.2065438412568608 0.2541606664208906 0.263643343632561 0.25204769272059163 0.2815506175919922 0.30791618054985115 0.33238148446861443 0.34798302748171245 0.34818617415625286 0.3232990198217104 0.2875095505728452 0.27445599791555 0.24872562181303928 0.22543220738542735 0.22857769578472475 0.2254346708223712 0.23531225814365356 0.2584197728268372 0.24682705486015066 0.2445848131033581 0.19911134650326767 0.179864356063271 0.18915149517357152 0.16655842310199062 0.13592652474654165 0.13738983772878025 0.1038635007339423 0.1011388658821268 0.14811162907788766 0.15210186836933487 0.19551127770210602 0.25995438084598627 0.28157881332913354
0.32400286020450597 0.28276242264666446 0.31782017945060875 0.29676643845311546 0.2719387693605199 0.28918525029647585 0.2498588259655165 0.23556626209570683 0.18934589322607018 0.1877158424850049 0.19231954056817274 0.23425720391203697 0.2819548321161628 0.2947683428410689 0.26732452177423865 0.2995125329675964 0.3219025980806616 0.3004869571084764 0.33029134764186197 0.31403863463037374 0.3168202049975282 0.2891469883801218 0.27960734022422745 0.21527175790922887 0.2468526869610964 0.23647634385057 0.21874565320727005 0.217353067188569 0.22913863645094498 0.22393309802483388 0.18447095856242507 0.20964525456152022 0.1649997782149164 0.1552189223483986 0.1533632407345309 0.13222168348923521 0.14909519982274558 0.13672758684280728 0.15515830457638918 0.12991536015148097 0.1680171847906937 0.21798689528225226 0.2510218364585132
0.32287605642225947 0.3024184241571459 0.2774155037104693 0.28556162606517077 0.289900339155342 0.26963752095149407 0.24582165417531626 0.2538117824278985 0.21229889410809466 0.1857405229702736 0.23496883546133163 0.21094362182248422 0.24499164137132146 0.2797180601137513 0.2746620700660923 0.2904449643911457 0.2647534273870203 0.27379014777965716 0.275525305083661 0.2876484736914641 0.29008336487856734 0.27539937886807553 0.2683396696470636 0.24647091270365146 0.2442169432842076 0.2543308986975665 0.2538366043605317 0.23199348211136014 0.19625443788918623 0.19330646868393297 0.1745457245151059 0.17890050656646406 0.18200158045627554 0.13356890161850457 0.11441575974736715 0.09649396829690321 0.12168795790048585 0.14171756386254317 0.13244174685456991 0.14535515398563192 0.1632666655367716 0.20665982749569262 0.2642433328416416
0.2773576529387378 0.26644822878936797 0.2848592758109446 0.24381904123715384 0.2657015119533762 0.2918615473406989 0.2606682769169106 0.2339001953198519 0.24029431424122075 0.2102634379009496 0.2004733276723305 0.20488309788522896 0.22088282931569425 0.2403364428573318 0.2691404702937456 0.2797292877517633 0.2646767675493471 0.26456714312529717 0.2609646505367235 0.247349524007196 0.2881008697945922 0.26631377341946516 0.2757892494866123 0.288637799595364 0.2530275976613235 0.2511157821094532 0.24688965642875826 0.24472051143919055 0.18648645450399354 0.17140900566868558 0.14399258277156946 0.15467201288485327 0.14027406505039966 0.125906799506506 0.0952682377907471 0.1009910024655258 0.10368545127961772 0.07287339199589074 0.08884491390761073 0.11739455991567788 0.15594098018984376 0.19800152069754554 0.27186072719941307
0.2825977876975832 0.24920290402858097 0.26650199176135614 0.276656845833245 0.23977136846283395 0.24653931885784833 0.2761487502617294 0.2802481418988863 0.2644475420181871 0.24600399906319945 0.2282225962671105 0.23512240023617553 0.2612666477400913 0.2451898605996921 0.2790356258346049 0.26490230525383807 0.2717948103492564 0.2693492168115663 0.2748073590159247 0.2665224797494644 0.27584102861399656 0.28557572359380234 0.27494520392978733 0.30748166081137657 0.27155148594863016 0.24631222867634708 0.25753126073824656 0.24837887565609093 0.21166406363797016 0.16617792732482364 0.1535668380298592 0.15695805576392144 0.1253324407536687 0.13353677746289908 0.11145512994852079 0.09922778512061858 0.12462936222663851 0.09802732393851511 0.09878222775077465 0.12433335258563882 0.1715492158678633 0.190286257632237 0.25704630230792314
0.28961886163287287 0.26641686190741576 0.2717673921238349 0.2769674929252425 0.2485207202921017 0.23177029485383202 0.24543723395422634 0.2715776217703716 0.2943399505354526 0.2617034755045098 0.24762946008699688 0.2577559970490294 0.22633633949016668 0.25641788370672175 0.26464958676908823 0.26916677250125504 0.2863839565323194 0.2555365301918012 0.2297580161443094 0.25868901030213837 0.2852568715543106 0.30155958532939237 0.3031529726099076 0.2935640022345559 0.2937089229357039 0.27586954900225347 0.22498482770048125 0.18794017586535844 0.2128985663294235 0.21970293308695976 0.17454379087617292 0.17014348764202464 0.11019075217741861 0.09687320498306976 0.11726759547563713 0.12064868269624456 0.10124002841087087 0.101875089552557 0.09899450741625984 0.12083491653852278 0.1949202260700319 0.22235130332504638 0.24419204723899263
0.3476176203420245 0.3031418322738649 0.26882150450750175 0.27914193042137797 0.2564789829376844 0.24282953302246943 0.261462669936188 0.2705563563980856 0.2783131331189488 0.28015030042032213 0.25435605502825304 0.23924545758028481 0.22798244552379499 0.24280142227474127 0.2596172859060066 0.2821588083233914 0.2527639507682369 0.24179237679204016 0.22098209147277523 0.25578333215573185 0.2461903641058699 0.28808939239795245 0.28916541314109767 0.2523568118588636 0.2771574277423798 0.2432147951722814 0.2155836911108814 0.22237248454320097 0.19323044841026513 0.20343219473671237 0.1814184864669098 0.12195376726433595 0.09921723323455751 0.08319452814974818 0.10065995798426396 0.07609388806696474 0.08275181646943441 0.12394294165228122 0.12407352609716728 0.12780664105857484 0.16076471517324495 0.21041623684543645 0.2286493902968581
0.3569397944787768 0.31007862387050444 0.2796853562208188 0.3010142027679645 0.24740122564859798 0.22567954145986005 0.2630622515511456 0.24697134500921283 0.24864845792439458 0.22996043232872868 0.2507492979820923 0.23533959476460964 0.25087401151630884 0.23374083554685482 0.2659036576132759 0.2563000157117808 0.2107659643694745 0.18598101480955712 0.23015607760385232 0.24962914951022358 0.2561440529789114 0.26028110165830237 0.2713917848535128 0.24004118545819345 0.22289136346192565 0.24684441087821873 0.23233217567947959 0.2006280258200632 0.2085385590278912 0.18060242322372896 0.16782689927509511 0.10462823082572877 0.09636976767313876 0.07755445914973158 0.08640152733662294 0.07752627269207965 0.07966449219523164 0.11949059793259802 0.1482536043601652 0.14171556852571845 0.16982531438264262 0.18702380863069698 0.20775337901131302
0.36091449475716464 0.34905144167050817 0.3050170410533343 0.3300355024110213 0.2942328123981789 0.2815506408727975 0.27079508858141305 0.2496850024567281 0.2451017369549376 0.27373033726571916 0.25735305791346086 0.24751336955596348 0.23272196989576857 0.23973565148591483 0.23998896897890817 0.2263519290348114 0.20781612469954505 0.23151015445275794 0.23348034649630559 0.22030197342532346 0.2342125703334355 0.22231430404447716 0.2397336600991348 0.2255596145632391 0.22825799605511182 0.24057293084236572 0.22507750645879648 0.1704222726985418 0.1707571710854004 0.17811696297460183 0.13889176118399513 0.1332352789946118 0.08383258198598462 0.1156271164744999 0.10136741747159096 0.07173992418264455 0.09777380025122773 0.12694591748607334 0.11571499124440866 0.1591879476096906 0.15594983047773117 0.16371725638995255 0.22008441888920707
0.3880151110273481 0.33604277806398064 0.3572030528852158 0.33909781065358496 0.3279944920360151 0.3101993721948711 0.2751857633260624 0.22202532964886623 0.25229543054664744 0.27538749989645955 0.28990902761371445 0.24686059634158994 0.23063935358802928 0.22632553954216883 0.22453045002017574 0.19178860967188058 0.18666575340595565 0.22937510061773086 0.20353291704617457 0.22519710949108446 0.1861432264966284 0.18923997477131932 0.24116853414694375 0.2452985624962744 0.2202669842625598 0.24308453642108643 0.22781584354187923 0.1642167955088241 0.15253703210906194 0.18619461335814316 0.16109170343348658 0.1289453460392992 0.08979684723408786 0.11134974153350717 0.10048150924332536 0.09850336379791477 0.07354433581172577 0.07257317295371148 0.10319222023373234 0.15298447904631582 0.14767470303880997 0.16645706328834062 0.2179716730389798
0.39631632497183894 0.3512213470126556 0.3574028231271611 0.35783359514092383 0.3400525102999364 0.2838617970001887 0.28998290542893806 0.22199739818258957 0.23145966999531617 0.25241133519708525 0.2793089822640224 0.2309872429764348 0.22207587463951892 0.2157675745479678 0.23364959073187352 0.20151056993410388 0.18460645076876414 0.21328405946967213 0.22178777366409233 0.1987267761954331 0.16728734395591946 0.19378156835790022 0.19963988570475055 0.22910807532265956 0.2477925239176153 0.21534348865876385 0.20060345536857138 0.15360903146557367 0.14680873915668025 0.14174074670271347 0.1415336251597992 0.09316482146862204 0.10272491954558972 0.09188856574227805 0.08771749067171247 0.09236370821920305 0.09023958348075245 0.08805784083456279 0.07518855534936951 0.11676610564032112 0.13029942704472885 0.14012437813819795 0.204915927310037
0.39960693334776975 0.40956779151771927 0.40062704510851677 0.38214793087536114 0.3325676753134539 0.296031893884308 0.30716299544946973 0.24549677569385822 0.2381562854412738 0.2690882874947711 0.2548020501883908 0.24779022880747836 0.2271165347852519 0.2228748646912193 0.2128525666085487 0.19723786489908243 0.2043727442250629 0.19142335828642618 0.20507102345147757 0.19532242618372064 0.1727818684742977 0.13940393976547633 0.19739262278042835 0.22505569673374995 0.2120643189237658 0.2125421983702823 0.17904491506414677 0.1738554294665403 0.1659894933285433 0.12357389296916614 0.10765541362815986 0.10381795947901665 0.12074838088009711 0.10384961720548716 0.09957018680777137 0.04903389346204658 0.043317931077989674 0.06605100373513632 0.0809486708759692 0.07246648919494697 0.12890908365679746 0.13710181226214024 0.20195323412668312
0.3994527424358705 0.4093017539198557 0.39502066822168413 0.3752243792536437 0.32785691775268144 0.33491447400078567 0.3142662212194614 0.2945551165798562 0.2710349600180006 0.2480347398153188 0.21214887554285097 0.24002096662434558 0.223690048926145 0.1990286432477773 0.17025440573021294 0.18803821030999507 0.17339665495715165 0.1734518150905784 0.1532260880366095 0.13946763500096535 0.1341297187417282 0.17468573413774477 0.18379721919143283 0.21052932539209424 0.16680964806500664 0.18109939374933232 0.17276944510376271 0.13807845994448387 0.15405446375911858 0.12071491578021135 0.10933043765876446 0.10124615783967475 0.09947393863752159 0.1016979068380298 0.07822015398987017 0.036299656268652114 0.06677305453501077 0.07056834611966879 0.10199608594834991 0.08611495980108605 0.10185807973437845 0.14482708959735352 0.17589510006504017
0.41604429551268185 0.40050772490340797 0.36391207410927434 0.34497529089706575 0.3127733178657449 0.3254436274710737 0.30041777582353996 0.2999340169535443 0.24048328842774935 0.22119095779048484 0.21711548181627377 0.17675734896736495 0.21697534864493437 0.20590280813747286 0.17777957901102806 0.12822149290108384 0.15268867485959367 0.15692114152020795 0.13078729486266177 0.11853427563959386 0.1344819000237776 0.15999856510827362 0.15036910752638533 0.17001803090880943 0.13867583748752813 0.14830997134000026 0.14117540049564392 0.14177256588609083 0.11647638617417648 0.08685976992970264 0.10019991118270985 0.1287195282531323 0.1251842265433582 0.07239750896061599 0.06873755384896438 0.04935161047829438 0.0957617425216233 0.09165183461506712 0.09662053406075259 0.09004096422817001 0.09684054999706594 0.1301494854329635 0.13647020534995655
0.3990223557004957 0.3832312550874084 0.36066102957169316 0.3551346818867956 0.35707517099511205 0.3176846846274008 0.30148956478387123 0.28336721096336875 0.26401911266987693 0.24301558013943914 0.1891175511843693 0.18492306858127697 0.16906223635706746 0.18082520475195105 0.16499417015962475 0.15579421668180263 0.13169553031109818 0.1268722995943651 0.14522700900897062 0.12733145538903037 0.11262207354193865 0.16668464605414718 0.15232520127521562 0.1915013211740037 0.16115375825465816 0.14260516406402088 0.15113916122588644 0.1368718143780851 0.10552269867460516 0.07734473011660986 0.08424261424475019 0.1225496810526141 0.1034391759184631 0.04568545367827035 0.043598123637344416 0.04135092525472886 0.08419962647348274 0.0704379281347567 0.053289373128162024 0.08225398969375383 0.06881111987308092 0.10150091177737276 0.10781905995800822
0.40146326188551523 0.4011518357039839 0.36955006933220313 0.35094277550725106 0.3286231754461297 0.3051624918783838 0.26782350990286735 0.24209260762496027 0.25279769581178163 0.2203911940837016 0.215087501492605 0.18517560336093777 0.14696641037368813 0.12927767684465394 0.1444429634577045 0.1345031528244925 0.14173270190322887 0.12734625955002504 0.11200824575598863 0.11526304399938715 0.15129195341313426 0.152636992021653 0.165968364997661 0.1947135679627964 0.19274026380377401 0.19350511955960742 0.14480144147308846 0.14164221765542437 0.11543558696274975 0.07775268154459981 0.049461205949145916 0.0978050649399468 0.06745377964264483 0.036618168580658944 0.04534814355605819 0.08657676773322893 0.0918616911517211 0.05564174053395077 0.039321996233206334 0.07652817927657958 0.08066864881502368 0.06711469801426674 0.0996395414806904
0.37256159610915535 0.36966964127925056 0.329606004211232 0.29592799029469424 0.309123026968027 0.2779638957082987 0.264369531076752 0.26256744091883766 0.23043899796611012 0.22429684810540315 0.2164573342010116 0.20706756893493405 0.16769622148517055 0.14411836046848794 0.17093657616289618 0.18290731539966112 0.17146124798560086 0.1573793332490549 0.13697105077810462 0.16214663572676008 0.1487365491510918 0.13727811591412092 0.16342562500018987 0.17417441214470264 0.13886702133607684 0.15902688608944304 0.14597029693730013 0.12143567472201598 0.08088037553174679 0.06850873134496811 0.032773022949028424 0.05432931582849116 0.049680264060475605 0.03139312563643136 0.07270193268540179 0.07547400520473731 0.048656732552277614 0.025973093808398108 0.06386198073713667 0.04460382466196007 0.04389319189645765 0.07951689336948187 0.11651017183173584
0.3147030583608605 0.32458542959720665 0.30108592404814233 0.29380467435247853 0.2916174285050413 0.2547421992363553 0.24241530537913827 0.2543714614840296 0.22671661550327277 0.22350010937664425 0.20274908233498387 0.22611568151076702 0.19884118698376083 0.15986220976266424 0.166387565240514 0.19991777800669036 0.2029013433515534 0.192295079085102 0.1588326983236866 0.15359740053537563 0.15040129612100434 0.10383081263719492 0.13936100927276351 0.13627318907999375 0.12423650510272412 0.12069569804513579 0.11830603100964014 0.09653468471331329 0.06776681775670354 0.02495784003735064 0.02027035932994186 0.013044994048874594 0.015567858042818069 0.056211076285573286 0.030186103297996588 0.035396362111959415 0.02731816641557433 0.0061446845328346844 0.004615310769670019 0.02326675834992107 0.05854360576367221 0.1084008815669619 0.1197692760931081
