Raster_benchmarking/DGGS/continuous/raster-322.asc
NCOLS 100
NROWS 100
XLLCORNER 1743160.5647262167
YLLCORNER 5469281.727543048
CELLSIZE 10
NODATA_VALUE -9999
[rows 38 to 56 of 100, columns 0 to 42 of 100]
0.11020171000527335 0.15686668462885128 0.22750568875651056 0.22361380895566668 0.24562619868019114 0.293798489340255 0.3742053204259119 0.35184355032092557 0.34705940112914474 0.3526063194596897 0.295442020636084 0.2693878617247161 0.25863840441100483 0.2518796766242983 0.3068448915154665 0.39450122278501903 0.4283544576433893 0.5242740618843609 0.528810522775865 0.53354711123636 0.5630460928654201 0.5820665771227658 0.6095772912682415 0.5946367912150016 0.652851447822524 0.7078651266663996 0.7312641343183001 0.8078270326850558 0.8007097103396936 0.8003205901452568 0.7385146063957914 0.735964163323064 0.7206641217978188 0.6802635622726279 0.7195428875574207 0.7038117590943281 0.7239733501807318 0.6797110250412443 0.6727534438184426 0.6374780220174212 0.5591345191445095 0.5621388334424005 0.5514100111975034
0.12367440018768389 0.187774545758237 0.23721024692837747 0.22135039989008298 0.26933895202151237 0.32592286875229654 0.3531300583743535 0.3629769010831311 0.369099902714411 0.34786773643745106 0.272493291045739 0.26379178583025303 0.22306629211234122 0.25031535292939666 0.2890572482538105 0.3925631629696496 0.44141815589855476 0.508578422064888 0.507988310045302 0.5281897479614177 0.573276931215913 0.5418628667052833 0.5501836863670495 0.5770684904819289 0.6105917990651238 0.6366871699833363 0.679593600718305 0.7415872193498593 0.7221488931777935 0.7001947773656864 0.707822119402236 0.6972134308246255 0.7173365358428933 0.6718761207194359 0.7196286206036183 0.6514787861577244 0.674394046946199 0.6530175584460924 0.6754400175031894 0.5955998061027846 0.5835418911736714 0.5709624226556226 0.5831595540295428
0.16745758860318713 0.16799428102836195 0.19157889684240653 0.20806183115541688 0.2838083819328662 0.31973148225014514 0.3124597696957768 0.302094039180872 0.35750887173646184 0.30861252006795203 0.2657493021569773 0.2845373688124286 0.2741274923121119 0.25249417955913506 0.3219468485555009 0.33470866562081597 0.403714868061882 0.48743106019482335 0.4835801350407713 0.4732379912956398 0.5024007546955482 0.48824921246843084 0.5474324412187606 0.5798085999117056 0.5638969569162562 0.6203740919601254 0.660856707913778 0.6906066391956233 0.7313013712200142 0.7121731964673494 0.7010977755579288 0.7273815872109762 0.7236859450832834 0.6834084755569322 0.6709164107866671 0.6629022012607619 0.7007254411084856 0.667551177038648 0.6389392785164556 0.5830275231239446 0.5648522387845202 0.5596285572924493 0.5520385744033709
0.21476726205773655 0.17275825416966192 0.20250741069117917 0.24858788192813858 0.23899586451565832 0.26225171876333875 0.28680534898671367 0.32572286847306153 0.321295884042974 0.3359779559482679 0.25929001335178453 0.2366443987315744 0.2488288714880788 0.29789616884988773 0.2973477047514007 0.34948701477691785 0.3730745506688213 0.45191061351196826 0.5124760667250021 0.4873317195155641 0.3969614725061162 0.45732523526039953 0.4864485594780598 0.5344861243723034 0.5494731722294625 0.5863303878944244 0.6095422251000714 0.6539805814295653 0.7545526201986656 0.7214627845497019 0.6995893275606095 0.666982610970068 0.7001840998874468 0.6850404527910742 0.6679801257521957 0.6982157102407277 0.6855921229478985 0.7045168850577816 0.6474478400218766 0.6267794677045866 0.5716963680932604 0.5772710783446333 0.551091604322081
0.15346397895746333 0.17390842199734202 0.24055825453727311 0.2265591494022781 0.18650737269324752 0.21724428934566065 0.26768094173835033 0.29322348240937574 0.3356847520091634 0.3383543960214301 0.31008187689162575 0.3071511013478482 0.30396342424626416 0.3317418030601024 0.38027065465658605 0.36182163972113257 0.361679238696443 0.4518076773050413 0.4474056531366371 0.4405416094356072 0.3942480552627236 0.425907703412593 0.4419040822955883 0.5043377466097015 0.5258723167708751 0.5529370541405886 0.5855318426906495 0.6068241381705125 0.6488004673068721 0.6767741109258611 0.6740734968396928 0.6653637247762247 0.6662885901134656 0.643249915990081 0.6274819853242423 0.6778277107501636 0.7153803065975584 0.6900285311561268 0.6778137944510892 0.6377312073415943 0.5944950765156289 0.5968489655877502 0.6146481692734268
0.06447732587949369 0.1731391630975283 0.21379144959103163 0.16915892982454633 0.1926855205975196 0.24972511983064127 0.21478572961348436 0.265625117200767 0.3443326391129623 0.30127726616073713 0.2846461675205498 0.2911537006845636 0.35870862981175583 0.36763329173974196 0.3847399795946562 0.3987480187701005 0.3892892907572843 0.4177549586904925 0.512146587033557 0.4442556899968073 0.4515671648789081 0.4351307280630243 0.42416662068252553 0.5169065296807294 0.5008297411446414 0.5233290188217011 0.5337092321687843 0.5939473885856498 0.5954967507343362 0.6600225866642153 0.7009308749294615 0.6758085151211063 0.6015389808565983 0.6499344298851599 0.6245237813894238 0.6383936635059001 0.6984687148655285 0.6504170736821605 0.6569755050862102 0.6622962476857605 0.6293520454459515 0.6107754171282634 0.5874008838544782
0.0895293306660929 0.103475850469633 0.15329971722405042 0.17834673051852676 0.19612167561429453 0.22142383231020807 0.23179086894027814 0.29973678569652407 0.3222778601285598 0.29919589338043573 0.28937155608917176 0.3486393615537966 0.37066695486977647 0.36708982609860336 0.34871984158255104 0.3984677945234522 0.42585950587020005 0.4699829776698389 0.47449889405002665 0.4551547303769128 0.4326889945118745 0.4510918244408157 0.43950717869760997 0.49047578326900065 0.48730486652591387 0.4681442192032191 0.4873280162345285 0.5691823433821476 0.6019276096601187 0.6487280041366219 0.6616978314168523 0.6063151261459959 0.5691717182497309 0.5908533972485742 0.5930970814613693 0.6496494849074909 0.658886156041272 0.6461397048258051 0.6515306405422325 0.6447476174656962 0.6169008406552017 0.6074452418320321 0.632787164026113
0.039155073149323885 0.10956997885841377 0.10965761573260137 0.11707658255279621 0.1581058342607315 0.2600814354705789 0.3237788394820514 0.3300999963003875 0.33936788767717524 0.29187837436615394 0.30812408609223985 0.34757431287246154 0.4028685560773673 0.3878446499008816 0.3951096525428469 0.481823265431455 0.5239067356017051 0.5204023137093747 0.47183438233697617 0.47894716139266585 0.49812462425148196 0.5333601196063181 0.5216927896286614 0.4937885016298417 0.4425517513754727 0.4473068406070542 0.45116727564110903 0.5731952338754548 0.6039702222790295 0.6695652614726261 0.6706652206660783 0.6054704210606086 0.5535168110464722 0.594271288891237 0.6122989433527884 0.6185880733125314 0.6183858644510116 0.650171973666219 0.6323633086109536 0.627534908960831 0.6664340518592153 0.6945583681960595 0.684108540457837
0.04129282955189099 0.12404776607745373 0.1513757381361952 0.11600200396279127 0.19670321435625046 0.26936224106441 0.31379768691611115 0.3303771376944976 0.3699243646946083 0.3507649846682695 0.3240034333026021 0.36783446914483964 0.43486779618122573 0.48831443229490606 0.4726637571512305 0.517013650295242 0.5553383521148266 0.554614976554443 0.5188920299327068 0.46882374026826173 0.497882212553467 0.5321870139200853 0.5266593082326908 0.4844123520087539 0.45648539659953086 0.46065347477713664 0.45432873289305264 0.557434050977059 0.6004886580915973 0.6020977322539467 0.5789264268065305 0.624470768016655 0.5644370099414916 0.5908569951385568 0.6156583910441661 0.5883947022315407 0.6367103018207603 0.6245182146250847 0.6558734849015105 0.6702118078255145 0.7004089661710465 0.6729145104820492 0.7077502861872261
0.09286416100354297 0.10444658147808361 0.10195205066684135 0.13275425689118625 0.17130593895071974 0.2392937998668835 0.32831276035650653 0.34865607297183876 0.42026525352596406 0.3841202922601286 0.3829577789668215 0.40223036675695123 0.5022651162827411 0.4971829926407444 0.5102753529360821 0.4763712084181081 0.5026126842172816 0.5148698690957656 0.5680214838919514 0.47540133117708083 0.4619705175396865 0.504878602140523 0.5129791377007045 0.4996683786793744 0.5246835715300456 0.4893943090663083 0.4815287390915056 0.5337147878964908 0.5570955547025168 0.530205883289408 0.5724775438703186 0.6434047875149853 0.614320636962801 0.6202886679698659 0.6399288962577556 0.664017459936015 0.626183162901159 0.6168294005211893 0.6484183973898371 0.6623640647623988 0.7044195925523212 0.7364776492739307 0.7609850305370418
0.05855416405180778 0.11340126008853234 0.11829564349293195 0.17744643524178247 0.20419234532470248 0.2844801693922926 0.3057559124242834 0.4109277453979234 0.4283274730833274 0.41708018039814326 0.4021726807688115 0.4306707240135895 0.5102562301699564 0.4759564566204797 0.47730379090976904 0.5099530841530256 0.5448519269113444 0.5548155632694999 0.5704223309465853 0.5287653528712383 0.4984640658135473 0.4705382527857937 0.49820540812917696 0.4773184981369462 0.5022369150321396 0.5046531766960131 0.4904247967589813 0.5019032339455355 0.5547129172472389 0.5431351419114749 0.5587006910925575 0.6097516548025336 0.60469591518433 0.5801532111198607 0.6254962506436891 0.6665547132712081 0.6157012004879874 0.6408129396523987 0.6707472326029978 0.6376408482911187 0.6599792110966977 0.7333049599673941 0.7403048940545175
0.06978856080498083 0.0985714639860594 0.1828609876579549 0.23372164946131843 0.2972602938920687 0.2926329050040548 0.34060168531683166 0.4061219387643622 0.45109424356494116 0.45744370672447887 0.4973549640214921 0.46306268815041246 0.4922851922879091 0.5127102596351676 0.48309178868355135 0.5605957673938097 0.6037681117251475 0.5813164113106633 0.5338322333621454 0.5447372523525655 0.4805214685682349 0.5333483648203946 0.5204019543773214 0.5065936795391408 0.4924358090657381 0.5403690911990315 0.5341108263484359 0.47725404598734 0.5236491182675156 0.5422994303869605 0.5429852137593366 0.587928572214011 0.5595499612996713 0.6307362244145794 0.6299272245568428 0.6551446590870446 0.6616945720432227 0.6236789168622645 0.6240102557503615 0.6349827138212237 0.6806261405713091 0.7323888808695753 0.7102772074936183
0.09002998920739783 0.12876265071339524 0.13510926225953163 0.19648352688721116 0.2733740092780875 0.2809982193647463 0.34673320791711226 0.37433710127056474 0.4106598745796082 0.4854175501652541 0.5197257551705016 0.4786502840607312 0.47981679546619366 0.49916114601094974 0.5042217913567513 0.5409439351642904 0.5369533684349987 0.5624965595094034 0.5328946011714283 0.562344109279051 0.5131431609282304 0.5660916960647733 0.5572895379332216 0.5061421856459605 0.5286899218675092 0.4962188358065074 0.5488993199304398 0.49641606465197136 0.5180708705034828 0.5594027700511002 0.5847125355976143 0.5393911876458573 0.5556949383132517 0.6020811084241516 0.6712232418482346 0.629171023801188 0.6820151541748276 0.6757759168614584 0.6577433550011967 0.7152257456294936 0.7243797512840799 0.7297069761696506 0.7287424359058183
0.15333752019514885 0.18079502017819793 0.1523180738931692 0.2054676830597352 0.27228330266886436 0.28098333135249864 0.33605718987546834 0.3348031156497872 0.35779123926153156 0.42755398899603086 0.5133082853449658 0.5079695046811687 0.5413546861307833 0.5619690678689037 0.5232750218470898 0.539233578483074 0.5156833367409945 0.5965314170869492 0.6157032426927558 0.5945597545014928 0.592007263927602 0.5793828225044101 0.6044857885045339 0.5365315009905169 0.5108925110635932 0.5580630451421141 0.5549306389157832 0.5059183619982627 0.5160968169302592 0.5518693286014588 0.5506553535167963 0.5509085037311987 0.5522529658165153 0.6328989488059986 0.6858007362404505 0.6520770051797778 0.6629578521701417 0.7296682634046328 0.7304886454695629 0.7352739762032021 0.689576006403432 0.6957289002932006 0.7021779295206247
0.14772225176374282 0.15988171375987692 0.14748112385051027 0.23010623067775346 0.23295115401822655 0.25610729911079283 0.2818056076966635 0.33665479872931636 0.3902701808336081 0.4775387567783737 0.5108024115328954 0.5665191711876639 0.5248355786343301 0.5545595804250374 0.5791215657164849 0.5480236219148333 0.5362259259561166 0.5535508673110416 0.638350547482848 0.6339945615524644 0.6061606244331955 0.6049753243719588 0.5991416990985037 0.5566008423582721 0.5523103382987563 0.5805747122780668 0.5787733952315759 0.606155144116893 0.5830462426301533 0.5766970201428716 0.5831195673753096 0.5512421692245205 0.6210405382197774 0.6428025741083264 0.7272796908957263 0.6948764219220953 0.732727135120876 0.7516064492258486 0.7240519063305462 0.669799715334912 0.6703430692218642 0.7372500726211506 0.7614544643428878
0.13925663048904874 0.18675733590842142 0.1338142113059308 0.17455736735982733 0.22668988139848506 0.2909703171787223 0.31547199679234894 0.316499764191911 0.37744839140203706 0.490395369176883 0.5403415474894645 0.5254472872613086 0.5821073141678401 0.6009894246267906 0.5994296140656378 0.5832565840128202 0.5302377520094892 0.5559194259696589 0.5975009575184974 0.6021797854709319 0.6123563769497685 0.6590781806087249 0.6352693281767496 0.6266323162371309 0.6036913515255125 0.6337315325614544 0.6015428806547162 0.5599993820372274 0.6046315461648198 0.602872646839024 0.5597605867720664 0.6189451556081261 0.6214463337884282 0.6787176653815781 0.7567954890225939 0.7372471091490601 0.7946186318550943 0.7897871466770311 0.7040872922822866 0.7276779357765203 0.6810903316925546 0.7199502390113213 0.778366464727168
0.15227639039151852 0.16876397514854916 0.14016223719150608 0.1761446783479818 0.2598292192549619 0.3288105142220217 0.2898507332141691 0.3168938376015141 0.3424103023625752 0.42456696190992743 0.534339683281747 0.5634241803518183 0.5895746553559156 0.5663850583159202 0.5402730417642032 0.5661890495292623 0.538372056029495 0.5524129304888002 0.5999878916032011 0.5950716217501189 0.5758576468503387 0.649832704845792 0.6725281098577451 0.6114009034143304 0.6059885529677297 0.610326968986191 0.5747505188807267 0.5788582748240176 0.5719761473120728 0.5915598190867257 0.6375137491483125 0.6565772260242398 0.6660570294750564 0.6663068527699685 0.7305448272201167 0.7632596247710334 0.8083322951027131 0.8085570201316058 0.7787420194430975 0.7509350662257779 0.7286955933409406 0.7569837794497644 0.7722597854118766
0.19076641056660804 0.19588916122356048 0.1921547451964292 0.1974137464039128 0.29025403054710347 0.31235194821984397 0.33269302044084836 0.34860924049658 0.3804151299214247 0.4163112658726716 0.46989647013637587 0.4951571857923115 0.5409952178921886 0.5268804466526105 0.5118898084962754 0.561571315119819 0.5692038092593439 0.576122871260383 0.6138136642529131 0.596875199216268 0.5719722362092259 0.6489309430916936 0.6630388806784522 0.6261780117047596 0.6483832357935815 0.606500024037805 0.6235974004603786 0.6071136583418618 0.6275751703000856 0.6206094362857616 0.6147802655371867 0.6822799481108633 0.7353998794921218 0.7505703962498044 0.6866245637760989 0.7350292391589826 0.7829455197649796 0.759797792663383 0.8022190901057006 0.7686929545098231 0.7302132605664317 0.7638441751535312 0.7144825615289662
0.22203123380378498 0.19921495532439748 0.2254808574790178 0.2814841081124749 0.294782675648116 0.31746867285306796 0.33596238514532084 0.41477306260706465 0.3902518746144835 0.48280949609306517 0.47956288668630964 0.5446421252057443 0.5384952986254993 0.5753942841069762 0.5400658666173695 0.5778625916065866 0.5530646461705055 0.5912655650131703 0.6036115220958568 0.572086530366958 0.6160088267192111 0.6271050559475756 0.6341000579899855 0.6524928850076557 0.6495342798319023 0.6645759159078225 0.6242441342671394 0.6543742692097285 0.6120548466190734 0.6276296344170093 0.6358462878135112 0.6673146274164062 0.7329414746205551 0.7697067160347595 0.7896648944537127 0.8017424574738514 0.7700631651146702 0.7606697108567175 0.7983025457282487 0.7975690450118469 0.7751713591248763 0.7059589130996456 0.7001300114199798
