Raster_benchmarking/DGGS/continuous/raster-449.asc
NCOLS 100
NROWS 100
XLLCORNER 1743168.8266370897
YLLCORNER 5469292.373928865
CELLSIZE 10
NODATA_VALUE -9999
[rows 76 to 94 of 100, columns 0 to 42 of 100]
0.7795083344720796 0.7906612836905148 0.755907975835643 0.7584547456291112 0.8057008439699095 0.8076019294250856 0.8138964877143336 0.8502787729093688 0.8273779622189228 0.8533685228096257 0.843821093943091 0.8707945790717575 0.8299472020845012 0.8398948702003011 0.8205357052457022 0.7846532371287197 0.7936822965359512 0.7738712538149095 0.7312074122102807 0.7356533426452238 0.7221037993113049 0.669193684045029 0.692438938048309 0.6903177722406568 0.6674227658108075 0.666771413241939 0.6632351241712691 0.6627108308235508 0.6666841493041115 0.6940204647623914 0.6645062921066092 0.6800078384210402 0.6709771633518583 0.6293511260541916 0.617331469423623 0.6069315040111186 0.5907163451585574 0.5485235596645152 0.5767855019699399 0.6046021673211839 0.5987282904825223 0.5972227549253452 0.5535823863533416
0.7707353858389224 0.7946512409054576 0.7896440356112238 0.786285779931038 0.8045971483768942 0.8399374211848141 0.8241594761366615 0.8491682918040082 0.8241334575570116 0.8123875600549436 0.8397186541631975 0.8453273218654941 0.8553684191851014 0.8048213897145019 0.7915339139621567 0.7863418496605068 0.785758708009033 0.7729555689537211 0.7430863926629457 0.7051597042670102 0.6777521490316044 0.6531284277699407 0.6749870366432259 0.6915710502504251 0.6979015790645151 0.6937909776448296 0.6737342293663279 0.6385056708650281 0.6548677857831557 0.6723730344934481 0.6462617657972831 0.6265499042017344 0.6096577316595125 0.5894015518777602 0.5862083408748361 0.5788171859640958 0.567532600075639 0.5435305308641799 0.5691671936455185 0.6019213874506735 0.6014959776502427 0.576081007274354 0.5466223889981271
0.7778656563859188 0.8090106277755071 0.8257444225256426 0.8057798698752316 0.8035099357802207 0.8531909475545992 0.8216940663135155 0.8605397588124886 0.84458873810259 0.8234667886610878 0.8203997379801677 0.8238973729259107 0.8044049045978945 0.8016684456853713 0.774084528419289 0.7926793525072456 0.7502577513726324 0.7473399947812184 0.7274569584344842 0.6928561499297755 0.691898263630652 0.6559486028942529 0.6759535073132301 0.6964227081244763 0.6909240804609467 0.68206562183188 0.6459838218458541 0.6472450277094127 0.6625487679765566 0.6765594467165312 0.6289386298883971 0.6152599711222775 0.6063384726335486 0.5755102447011737 0.5879580505227864 0.5619194336440484 0.5881605634928484 0.5761427165844974 0.5635083386513191 0.5632955585298077 0.5618275428038825 0.5981412012598301 0.591340315269991
0.8046921056923835 0.8042553382682113 0.8210734373950067 0.8167592424656559 0.8426252194026832 0.8436178290374957 0.8234805873652964 0.8233372020847363 0.8433519051601583 0.8448284671906782 0.8046268593103582 0.7922647330075673 0.7811252945104039 0.752252441133394 0.7450377806686278 0.7607897999746586 0.7526661855551785 0.7460388973515073 0.71192299720373 0.6884922975708816 0.7169136344928316 0.7131367060212633 0.6741414788632794 0.6959480195826293 0.6682276529918861 0.6732530569280583 0.6564590047384248 0.636277432521461 0.6312946185096403 0.6323097994656051 0.6376028171494269 0.6009541055717622 0.5770918857644383 0.6129485783740252 0.604847685638482 0.5844831042886184 0.5930886535993005 0.6037847940581446 0.5813763283247809 0.5888380843953656 0.5738137108599058 0.5892829053012012 0.5818984600477644
0.8213168925560359 0.8005291856569627 0.8024770941283642 0.8092615902005574 0.8209692853876772 0.841934272695736 0.8158550607103602 0.800969864042746 0.8324656203547566 0.8296035955418625 0.8171852534327485 0.8029636807844938 0.7477532498148862 0.7169118697107636 0.7423279413598842 0.7130108103868779 0.6974811191725131 0.6832258582851622 0.7236726447398015 0.7274729414856266 0.725609552100822 0.7261395385146685 0.6913752913559691 0.6899357454010464 0.660823888677541 0.6383469709692298 0.614288782641008 0.5999174338482262 0.5901618369169476 0.5974359300202605 0.6178800518900632 0.58439375641228 0.5961954844802875 0.6180221480523791 0.5888618843513944 0.6000016903538229 0.5884379739174037 0.5849059025254133 0.5852937479436002 0.6095342121566837 0.592182076783247 0.6135113004132716 0.6004092583774043
0.7890376577601501 0.7776381248374927 0.7781074789174638 0.7925509491895482 0.8072221487717304 0.8289182666369447 0.8242547303788054 0.7733916385125249 0.7906643996189712 0.8150780077268293 0.7747708178394608 0.7823625613559062 0.7739769504795347 0.7475818481973748 0.7487163466755551 0.7189690196612688 0.7012028096541456 0.7100261935381053 0.7115391870664838 0.7026187003584113 0.7168292770097543 0.7010770976744513 0.7027817313401236 0.6756540836495117 0.6467174393278974 0.6483807091374492 0.6391325153218403 0.5973395916341497 0.5968001377512644 0.5995581644254613 0.5950704807302304 0.6175306631319315 0.5928263523454547 0.610516159812747 0.6104880538080866 0.5771643152754434 0.5944348094642682 0.6003655997811186 0.6231065040781905 0.6219018820476548 0.5783127196661562 0.5857224583538032 0.5917319786591131
0.8064317146918883 0.755707462063859 0.7593577769884894 0.7966562475009639 0.7947748449712277 0.8255307141020863 0.7997215305235117 0.7577585202901893 0.7814492351945814 0.7848309393404761 0.7816232510529835 0.7764944406087679 0.7328598064010386 0.7548857779251591 0.7222174689958089 0.729709632459948 0.7247256623295898 0.6955759145018213 0.7030422822269771 0.6877485430064533 0.686805304347155 0.6696858035685287 0.6827728328442563 0.660739070588123 0.643631392538939 0.6083417719383634 0.6401526723557494 0.6443137007569024 0.5975093800984338 0.5898460218208209 0.6094006363681339 0.620430000161477 0.5897539799794229 0.5532261494641763 0.569778207106829 0.5849803352209043 0.5955895473220022 0.6302678291939084 0.6064361234041186 0.6051577021657643 0.5795160059257496 0.5748178614358289 0.5598939660473363
0.7912545791841752 0.7921238590240259 0.7897324661450383 0.7934589811221003 0.7878573507048656 0.7663548664594091 0.7683824552753995 0.7402820989044651 0.754851214756276 0.7629904348500329 0.7679334706503309 0.7354596220366826 0.7183814152865582 0.7342573612115623 0.7079698048249634 0.6862351616058604 0.6954597080099062 0.7253461498565258 0.70747649637929 0.6991595358216741 0.6843011778033384 0.6828777271210676 0.6599330068327132 0.6446246206107066 0.6338931611267006 0.632704617511929 0.6277306417617623 0.6045310320585567 0.5988390237463462 0.6037502048627124 0.6173182347182085 0.6297987620923664 0.5907684914159228 0.5585395750000562 0.5786901249244156 0.5759207928267199 0.5753398078244714 0.5715123834585057 0.5686592989009367 0.5374652594609927 0.5402214466082804 0.5438039204722502 0.5578112289413175
0.7379729781358897 0.7468468981952535 0.7453957001119156 0.7946946849548958 0.7831912917610341 0.7763740006716576 0.7462486408584231 0.7192494790349312 0.7325473058526912 0.7135826232631327 0.7159222641580655 0.7080367566360743 0.7008090938518067 0.6924798631815189 0.6991508628572711 0.7036533335623312 0.7276879014176316 0.7236822862988235 0.7142806872463089 0.6846891488627136 0.6727466430367508 0.6872295382900673 0.6785694526442353 0.6745206212007141 0.6642723945512878 0.630989718679965 0.6302974857452495 0.5985581340056249 0.6005984654170043 0.596451200246273 0.5856797544140331 0.6125710054766103 0.5864268285441002 0.5132595100914024 0.5543282386051781 0.5833962135635381 0.5559215095138152 0.5886913182940363 0.5435005252577306 0.5246365852326452 0.5106300253090853 0.5122780340697564 0.5227180968687579
0.738237337965789 0.7307967523716183 0.7430453111550415 0.7471274641756483 0.7587131910042996 0.7746491243099057 0.7394120708718771 0.7143876551394286 0.7411456991976973 0.7045437817564904 0.7285247581542105 0.7026732875940875 0.7257368337365614 0.6901620800904256 0.6940918850283959 0.6852790249714266 0.7283353482755812 0.6972754645167507 0.6940439364314586 0.6915046066789373 0.668853536613734 0.6859060642314844 0.673770970823503 0.6932388248297858 0.6579296882603702 0.6572889630951699 0.6377497574894205 0.6195363801391869 0.6142207570974533 0.5980419686627033 0.572423871384843 0.5987995584921751 0.5657161361852975 0.5214043690439156 0.5464957968297308 0.5666496083536035 0.5519484462756334 0.5672976079713914 0.5583169765815695 0.5468455912795928 0.5175842719859701 0.5353699090700516 0.5201064740750287
0.7161689555944145 0.6944333902585939 0.7076318792267626 0.7454257559278892 0.785511841540071 0.790149426979436 0.7406693663429037 0.7531387058781747 0.754524292723799 0.7239631234206338 0.744640528612261 0.7039101532279921 0.7289228508002644 0.7159648193672801 0.7273082718770508 0.6980459058909781 0.721971781070582 0.7240536738475106 0.7263795453215003 0.691621547504062 0.6773949657582276 0.6977693526935628 0.6915213320363659 0.6742567977790074 0.6808880344377799 0.64701656542629 0.6290949594811851 0.5884764298761943 0.6096545358948542 0.5785408542392144 0.5674746996248555 0.5895145954429268 0.5659433117181893 0.5196320947115277 0.5231367104540011 0.5566951185230609 0.5453311119467643 0.5223627738818192 0.520886980583415 0.511834763417629 0.5044246432039757 0.4989893539318753 0.5435800872375567
0.6875407964799152 0.705274861028132 0.7079259464175687 0.7335136840182253 0.7763034921892368 0.7583556175197491 0.76897195416994 0.778764304605223 0.7434956076071466 0.759858503334501 0.7268646220591835 0.7270079998894889 0.7222468796918594 0.729576464159924 0.724694383814874 0.7187476377561495 0.693857770232428 0.6987929121953826 0.7087662900822052 0.712570361115643 0.705123305153923 0.7013581492671261 0.7073584701698498 0.6903102040835052 0.683736952372119 0.6627348331852361 0.6098350552612428 0.6165211986999131 0.5938201747900816 0.6101158844674178 0.612500338278512 0.5744248283068252 0.5699613899070916 0.520463643501291 0.5273434003527101 0.5451536176894443 0.554158642970224 0.549810746983011 0.5491378439453952 0.5455901652046976 0.5246860347245192 0.5275695867201624 0.536488390949287
0.652849520730456 0.6907820528488313 0.7028561682106014 0.7421180960295606 0.7555650935750408 0.7413324932150578 0.7450047704586276 0.7725531019370702 0.7533043157648466 0.7775842250708835 0.7362930496250787 0.7691063823711237 0.7402042930001587 0.7128731868723889 0.6880837202435681 0.6759956956786077 0.6814165050482505 0.6581607984115382 0.6695765117579164 0.6826841281707193 0.6776218554181904 0.6967056404780784 0.6776106381377327 0.695483549231735 0.679143238895071 0.673241856608417 0.6080522413853373 0.6142317349066845 0.6196301828632717 0.6064789828554079 0.609425088635265 0.5960872955820496 0.5530986407631227 0.484542690558888 0.5032349752373635 0.49636772981870925 0.5457600080905428 0.5689424421144369 0.5443400301807111 0.5618740790127529 0.529715363229015 0.5062655392767191 0.5244499719509164
0.6284139550553128 0.6661470120020839 0.6735577904891843 0.6870106963950697 0.6893744481454509 0.681069947453675 0.7032066691145642 0.7129364329850266 0.7564456825405251 0.7510936400936283 0.7592628896927553 0.747150574841867 0.7510039314502807 0.6993173708892979 0.6986557196590045 0.7150315131367857 0.6769672657128906 0.6730241861609446 0.6852196958440462 0.6611665315702191 0.6642876578524335 0.674263083888311 0.6958542864221667 0.6607780729548757 0.6748524305317677 0.6471891239766966 0.6229384114489713 0.6216222448889485 0.6277189628757485 0.6007594819522551 0.612883463712408 0.5587043491393372 0.5247062882904733 0.493443583243047 0.4974737085722527 0.5155878169350395 0.5408997847422429 0.5499909046498305 0.5645078655376695 0.5368178093920096 0.5485770488956994 0.5470979611352044 0.515503459001902
0.6053572080973997 0.6079290771648495 0.6466973805211813 0.6623025862385182 0.6596876123901217 0.6701785633051229 0.6700398748127243 0.6992937243685832 0.7544703693270713 0.7829211373152546 0.7790175294125705 0.7941756902222039 0.7806507899613695 0.7266383261714071 0.7208689797358689 0.7174599312942972 0.6653160581685746 0.6592489184857471 0.6617156374435049 0.6527630109581486 0.6696228382886991 0.6942883296121095 0.692144331769799 0.6640125443950553 0.630083529355316 0.6160105430167567 0.6443417184302394 0.6152584859769065 0.5975774090093713 0.5889194403828804 0.5724192627144813 0.5721417337726057 0.5520742122420174 0.49925365213761 0.49000277008745863 0.5110382402748449 0.5184422712024017 0.526786135951385 0.5619287009349057 0.544593438927795 0.5491263651311176 0.5342409718310465 0.538100193314094
0.5689073310857177 0.569629565309322 0.624509683254715 0.627123599461857 0.6714087030235986 0.652214364409809 0.6920762488416439 0.7101378228035632 0.7267287848416557 0.7319266185693326 0.7624370935546354 0.798656022452706 0.7828330626618901 0.7721306637922739 0.7711450545665455 0.715217883776878 0.6962053620942574 0.7095515209642743 0.6951074977159662 0.6864551038239186 0.6898839253886593 0.6715140504054276 0.6796689732365262 0.6435023645337393 0.6416375383709761 0.6470091181224689 0.6275461810085713 0.5930494332714916 0.6091800898383225 0.5889466696306936 0.5937380156043695 0.5745341353108206 0.5370246212325379 0.5221663965966095 0.5165933700597077 0.5490622877500126 0.5439978933573414 0.5409406343584687 0.5452040295047939 0.5688864391737127 0.5468994342394565 0.5438300979467521 0.5216728248565005
0.5868210130666257 0.5657097714418011 0.583790984107459 0.6134000604821657 0.6558007458930476 0.6530801689809274 0.674659363156161 0.7336299430180289 0.7433500872230219 0.735786375033514 0.7681581810021496 0.7621693995225256 0.7828875834188187 0.7975789835620344 0.7558716073204377 0.7475709202940618 0.7380980480063126 0.7304200319994655 0.7193567329717989 0.7310826556821306 0.7324891537028327 0.683827844881396 0.6600134905395613 0.6518092278652585 0.6485742315155879 0.6204488420419328 0.6456585186474724 0.5893705976976893 0.6130813702261959 0.6254350563099683 0.5762398339825232 0.5608731327515392 0.5731008496148352 0.5854456371500094 0.5788484686570367 0.5409684099535177 0.5563959568335776 0.5447043458047517 0.5454539253207445 0.5731999777880069 0.5441013328241074 0.536628927431808 0.5440893437583469
0.5910404548387418 0.5733604981789427 0.5939017042165168 0.6358865288500517 0.6583304734615754 0.6644537847560192 0.7122708660319131 0.70097420011971 0.7172070826732189 0.7254125197835969 0.7673479522765378 0.7373712306215919 0.7634752553071675 0.798956733383105 0.7798802790742554 0.7705331857060506 0.7660655146233726 0.7703387896346757 0.7514961446172883 0.7782473580229896 0.7577867869957312 0.7128548102260012 0.708460696083814 0.6723672177057998 0.6512668811925597 0.6338782514795106 0.6515698679205858 0.6257753061178799 0.6309891348258068 0.5998702303400865 0.6061685069219349 0.5693977376137439 0.5699961259138769 0.5838735337221541 0.5900967643529519 0.5762262176341669 0.5661448371844585 0.5734814911526332 0.5680466851012124 0.5579224904738159 0.5274102389337532 0.5233499681067085 0.5361998044706222
0.6091520399217963 0.6138838791012412 0.5911026714948912 0.6273038875645168 0.6645962957644831 0.6849123356735548 0.68024463700349 0.695941036793362 0.7152547120082401 0.7466659531986964 0.7660515153989976 0.7420917174443509 0.7671901500695808 0.8218373253197754 0.8429022700255149 0.8315370098656275 0.8102903197459742 0.7999638594533228 0.7860810140975899 0.7927399231959712 0.7911352862761093 0.7553738368731161 0.703063568231778 0.6777996672223894 0.6515090839985619 0.6664868008079285 0.673192133267826 0.6439939406294428 0.6425402506212767 0.5917932006577474 0.6194442978527726 0.6208108961937996 0.6129882600509511 0.5978165199519383 0.5682274148848665 0.5549854730567719 0.5779544620653508 0.5365997231211287 0.5605643625266438 0.5316998099502227 0.5522264244196987 0.5453685952969622 0.5541727363248142
