Raster_benchmarking/DGGS/continuous/raster-50.asc
NCOLS 100
NROWS 100
XLLCORNER 1743166.051239448
YLLCORNER 5469296.3659528745
CELLSIZE 10
NODATA_VALUE -9999
[rows 76 to 94 of 100, columns 0 to 42 of 100]
0.5044963150733361 0.47357862442907356 0.47879085256612175 0.5480254586001397 0.515248068419275 0.5451871116887651 0.5526723006072932 0.5771936123627432 0.548626222278056 0.4750787475645894 0.4668852624034108 0.45211261448973344 0.43472805014888743 0.42524542114874553 0.3579756606592671 0.3441465967794646 0.2700533248895867 0.26903376504671034 0.23459127259204984 0.22035849279343017 0.21721926391313767 0.17794988297196254 0.196358883448801 0.20445165912972763 0.20006960933927997 0.25145841800908764 0.33595344183875203 0.33586270308724675 0.36496658907204066 0.3787261983853059 0.41571192853355 0.4307195692188181 0.49008733083486716 0.5048555693430644 0.5268626319366296 0.6005239896215429 0.536607081723103 0.5480542020531836 0.5319716149973753 0.5715172293851428 0.5596106513180654 0.6247708717609817 0.6143533796238698
0.47624823731279126 0.5171183683807637 0.4856604106336832 0.5375589652395942 0.5354153012558852 0.4975425637627094 0.5295633890421014 0.5414369764154806 0.49247135187536933 0.4979557894852811 0.46091639803515666 0.4552324473516527 0.45753891707419664 0.4046714561261332 0.39440821151321165 0.30837493891777007 0.30943450921315924 0.28400506557336613 0.22353487298947106 0.22715866937935694 0.23746955354663687 0.2552618493933012 0.2523564585409689 0.24956273006332838 0.26106387256722413 0.30841413234445697 0.31199453810960415 0.30271268629460174 0.3307196866236809 0.3903310795209469 0.4179963188602614 0.42264554793317644 0.47687972221601477 0.5274747731537831 0.5155358960744786 0.5215626546498674 0.5499441860354187 0.5682986342070916 0.5559422935965106 0.5854246383671181 0.5784117678830567 0.584630071159968 0.6404716373302544
0.49756865223763824 0.5084032600618343 0.5054384082157027 0.47132664816586795 0.519322110438049 0.506545891176756 0.5166562282235715 0.5354522411049978 0.48845793901356155 0.5192788462126744 0.4940403857205177 0.43779450914275836 0.47191353970560507 0.45657775312536286 0.4085919483494926 0.28758783830217804 0.2705485498423537 0.21804029064650246 0.2114149090854075 0.2314844736700396 0.22190994334560885 0.2653230714547887 0.2604947205172966 0.23315381286788708 0.27461727251797485 0.27265791268116923 0.2871231625535701 0.28753492819629145 0.3438326394008812 0.34630273401774836 0.4315651128187303 0.48608870867687537 0.5127960445044607 0.4962054543481234 0.5182683990890402 0.5154764667871018 0.5370910584074783 0.5325386365538924 0.5593872653653805 0.5538696614434263 0.5676809953040727 0.5948109680621834 0.5807125669489184
0.5316624046480259 0.5448028131405763 0.5076527817305136 0.5258167230287027 0.4830675579654887 0.507147738219379 0.5439474179719638 0.5185953171134638 0.5296031326358324 0.467083754887002 0.4808529744926701 0.4299568803162961 0.4172246841709541 0.400901705231786 0.36083181270385595 0.3155203714222522 0.23994090666017434 0.20341041139293045 0.19183422474065714 0.1852733411152548 0.2528907348804612 0.215138018626649 0.22896133605943836 0.2444696096810649 0.24455656761841374 0.26373932064843564 0.2660144567563959 0.3181974965443551 0.33573163661155675 0.3527831505010264 0.3849016551618021 0.43140928620101543 0.4561736924125396 0.4900562327417511 0.4802430940605908 0.5282625201517922 0.5327556657853909 0.5099799160558657 0.5183605456662183 0.5379845302081058 0.5694951145740519 0.5410693371955945 0.5607991608379141
0.5847195842354508 0.5449815572681236 0.5353493929063965 0.5292122027878187 0.4967441667970909 0.5069478322570733 0.5014678607205775 0.5099480715212046 0.46804952478792816 0.4723779926651841 0.4702176732518219 0.4975450912243026 0.3996597297595747 0.39101961351701875 0.32916491086175415 0.3217121237698406 0.2971140608607586 0.22390474669460392 0.18446608410670862 0.19945600888510143 0.1983429588438785 0.23551662012096605 0.2337173050965803 0.2807065891463943 0.29502599627333365 0.2690217851055018 0.28723073032311935 0.3405404680869332 0.30550687362791346 0.3126081225923858 0.350623858133011 0.4634710790302215 0.4750951475335027 0.45553498367196577 0.4744557644008977 0.507411113162968 0.5185696944054562 0.5018826785177268 0.5006233228785686 0.46110572070024675 0.5065490853258517 0.5484103879617802 0.583367234718624
0.5916903299044813 0.5546674392226014 0.5305652927468479 0.5464684386200892 0.5035233582744524 0.559379426188807 0.5234552585358648 0.5496495622283558 0.4895961388015048 0.4503601931461596 0.42095067962729343 0.4617962591733808 0.4172499811732693 0.3982593765202549 0.3299978586656235 0.29730971068898315 0.27245253724626034 0.27501304116013153 0.20554754700286088 0.18075987757644454 0.22031365553012752 0.22690919366061654 0.22726568964863975 0.2868577464062428 0.26314531315760636 0.27677941219481694 0.2935300834928731 0.31046190081452246 0.3481943777727968 0.3053744690717524 0.351808870104796 0.40608915351056424 0.4582899945193736 0.438841625498753 0.489527883365219 0.43973069050372343 0.4512931124249118 0.44599143624335214 0.4709450483018891 0.5040604043296437 0.5086210325822481 0.5356606914396087 0.5573178735961405
0.5443187360871403 0.4966212677221628 0.5479439589302381 0.5300163104944295 0.5734817432774123 0.5799485252724035 0.5538895254605365 0.5671122523638595 0.4951334158839538 0.4572948144024457 0.44460553782053397 0.3744589398948121 0.40353787335518454 0.39752006373473947 0.3581011552471784 0.2818042619776826 0.25866449302076383 0.29676923839350394 0.21942127391508456 0.20354608173548583 0.2178262626240694 0.19372015183161564 0.23870238678720324 0.3025543813627322 0.2560139169339275 0.3019262055251448 0.30099173303090115 0.28126056813237427 0.3262408147721926 0.328198063765912 0.40107375611347224 0.41762379012938283 0.44366402132051025 0.45870821803741046 0.4882501241524065 0.4354458327139466 0.46533619408779087 0.4701666605919124 0.49019171855199817 0.4883060201514156 0.5076198351593854 0.48232727327985486 0.5143256498071624
0.5581805799766973 0.5195800139339372 0.5468175434561078 0.5566437246357466 0.5478836160279524 0.5514998488369139 0.5836660717429961 0.5485094815900787 0.5374189410710445 0.4778748069569944 0.4274153279771488 0.40803624537417565 0.3523782406492216 0.36564289661920846 0.31783209392363676 0.28042449999605823 0.28062166452820164 0.2978444842613778 0.292493333000393 0.27248683703570475 0.23106107917081384 0.22721215548495952 0.23728762269440032 0.26209702332391016 0.2642956906227772 0.34357613020745764 0.3360478828378426 0.33413250529522975 0.3634091950429219 0.33716780155557213 0.3913068182697201 0.36138046208932795 0.3890913834364863 0.4374233075791613 0.4458986443583682 0.4504645508322205 0.42409513661438497 0.4484588651757054 0.4608149016491922 0.44450962544984873 0.464019447406201 0.4879407815094794 0.4924157241934029
0.5166271505227915 0.5150106792534651 0.5682321975719684 0.5453330635886362 0.558174998153351 0.5645847202172801 0.5218784281521869 0.527869052673671 0.5386810505197062 0.48703123631939377 0.4395019526944094 0.3612274855126586 0.39411389270347114 0.37862597083066474 0.29241286339086603 0.2704883804804211 0.2630993772893519 0.28462659442884547 0.24835860428546455 0.28784913471518386 0.24078836745661822 0.20556823073620845 0.20141061209946085 0.21053647238598092 0.24909505924958128 0.3429011397789098 0.37076994018696213 0.375761541712357 0.3892571331513354 0.3841619440335533 0.3821718093355876 0.32510530315662345 0.3732866753027837 0.3824950665705443 0.38589162284561446 0.43944283983959764 0.41659734524777103 0.4152522492465471 0.39901864152597666 0.38867763030874125 0.4372695828832983 0.4198672177144398 0.4285597609380958
0.5440984463701632 0.5491447572027485 0.5342263469906298 0.5248517338841564 0.509358360398413 0.5297564296100495 0.5453413558054024 0.48327580858259517 0.48490655120434306 0.4057033325211434 0.3731515686071912 0.36264033143186714 0.35305967912265435 0.33448558692600666 0.31190375249617674 0.24269987001474022 0.25230052592741486 0.24279788059976126 0.25779965380364644 0.3166917769713877 0.28411784280513214 0.2186011041145417 0.24637395619367874 0.25787536263091176 0.26586733740798557 0.3409797918502433 0.36719133712496754 0.35981041653086726 0.3665614548467331 0.3886472191509368 0.37363024368814934 0.3246693699496435 0.3508823235627383 0.35713739308681053 0.3795914422168646 0.414001452622602 0.41606968707891856 0.4167781950301493 0.4378444180140184 0.4472659660702695 0.4315845776031362 0.43717333721675905 0.4131782421835271
0.5288467785794633 0.5108019642799944 0.5344479899560289 0.4910953797391331 0.489119027477105 0.48969072152621956 0.5071861570100454 0.4836111532631973 0.4470100063566343 0.40767404350509767 0.38213505580164603 0.3378680003171656 0.32508467835546956 0.32495116423701886 0.2734150879799699 0.2573377840427417 0.24609503197549892 0.28010077885670215 0.2751675244022584 0.3120903083527581 0.25363045244751853 0.24040395448424356 0.254308775218786 0.272503942496848 0.2546817312834392 0.3241376060005423 0.3551263544029741 0.3413591771078467 0.3916310673241147 0.37128850788813067 0.37842045543765396 0.3633405683879312 0.39815956201004843 0.3812696533424674 0.38352890601537154 0.3963165109038457 0.4059549067103932 0.4167398155086907 0.42303991298652016 0.44552983280644703 0.4680766380737622 0.4239738810739797 0.4105136733776821
0.5475940568289042 0.5528700487570638 0.5245013381524791 0.5264121775653914 0.5437220148395256 0.5405408901135228 0.5024885251322286 0.4858636346106301 0.4724506062266768 0.4533187622590482 0.3933030286173465 0.3592110725712154 0.37003202186108697 0.3362770996448444 0.2800177019173522 0.25708134799117444 0.24401811240085505 0.256342529476244 0.27009952590695124 0.25201783055402377 0.24776347732327103 0.22056069638045783 0.2607167146826245 0.2395180240387405 0.26421034106951863 0.31875799320028814 0.3766834162436565 0.3871758158395377 0.34923875284977124 0.4040559898314151 0.3869601485443943 0.38879404719636335 0.37959092529895083 0.41807998627785486 0.429768530041004 0.41828230281895795 0.412636770773225 0.42855086719527713 0.4314033923263137 0.40131308983281516 0.44614504823443135 0.4554472474542444 0.4655152445621058
0.5709059678845156 0.5373587008374782 0.581737762226852 0.5952872032274645 0.5846191263022658 0.5524651524755426 0.5425127655860607 0.5040937099311668 0.46728976604873945 0.4740125044857397 0.45654579269649953 0.44633439543110875 0.33963284834496016 0.32246438490799534 0.3119217291994908 0.27307358311244306 0.2828348541031492 0.25752915103400303 0.2744897321491703 0.2550892360837501 0.2419784394252544 0.20417783311065907 0.25272061147475455 0.23223521968621727 0.3158042956650375 0.3303891194765845 0.3958232280064941 0.42344406445694155 0.41390058040965333 0.39365246252222763 0.41739620768702257 0.4467578818209198 0.4592555664156265 0.4509935958464942 0.4507568126718778 0.4685339530522292 0.4443570011706314 0.44238320434417894 0.42387739442609623 0.37377012873618837 0.4038711456506345 0.43123158126275246 0.4434633166247941
0.601509327863548 0.5834629117763563 0.557001276513406 0.5342478637504554 0.5214627260988204 0.5168220641205018 0.5295197568676192 0.4970663401900227 0.4652315484956871 0.47186257589955133 0.48312767295786024 0.42551975411069537 0.3571574348570804 0.2941243478905453 0.2928254695251481 0.28979139886890265 0.3046189502502415 0.2743906560337745 0.27487335074509195 0.234543053096218 0.21000496414833664 0.20920366646974667 0.22232789150874432 0.2805613597176445 0.32450685734238466 0.36007409924085515 0.35052145762077663 0.4127061614111159 0.4461222808167716 0.40822044454484235 0.4609849387950201 0.4770391428764225 0.45480588642849107 0.45797141712272643 0.5026216201626791 0.5041970882340449 0.47660893415494276 0.44457255619617764 0.441054464140924 0.41225963502679724 0.39953040346174856 0.40672683706645946 0.44353341449954736
0.61567172025127 0.5883926011059806 0.5700934292369229 0.5172878435749051 0.5513701857287072 0.49728578204453133 0.5427119275310626 0.5277462685204714 0.47747916275872876 0.4698874942343475 0.48238722129588046 0.46333339393525097 0.38837708937232224 0.32673843523541446 0.29479123417418174 0.3133930749904594 0.28684215234748084 0.2374603612793676 0.2913077679416366 0.247322435167902 0.26847736866414024 0.25461545108781664 0.29506137929133963 0.33516586400696496 0.29499651589831277 0.3392942952432095 0.39978179251336166 0.42775768070092796 0.4287303943484073 0.43743459793505596 0.5103453175859487 0.5177820877483447 0.5169722371510742 0.4988807048577742 0.48361946917449944 0.4599184161335438 0.49323687326218196 0.4445389258758703 0.41023663142604616 0.3740002504063179 0.3987470363006034 0.4573965267400152 0.47031816495682155
0.6404578958637834 0.6264842668907843 0.5933041799450974 0.5531378806102747 0.5434027454232547 0.5528831125891391 0.49398680084841434 0.5049490279078753 0.474340812019924 0.4883258217764091 0.4261063875184029 0.4329348078417103 0.3994814251640214 0.3845045457931797 0.3101904181626769 0.33498813008217676 0.2675818775177318 0.291876782490048 0.2699690294199391 0.27673798944409594 0.29423820306470844 0.26465434741629584 0.2860963955214552 0.3214211179508061 0.3023158777260181 0.3568587403999448 0.37730678604460266 0.36732138456347585 0.44021839018365866 0.48934944435179173 0.5085233936621345 0.47573778096406166 0.49612083880736574 0.452770640062934 0.47077928610292363 0.42895249641355926 0.4591619331730123 0.4683309661210102 0.43330947792582886 0.3925449715452714 0.4231083705773662 0.4441818117644833 0.46375478354654404
0.6307582766332 0.6468304449470106 0.6048670359442762 0.5930198749625365 0.5435575044010196 0.5628223951151449 0.5495494592351907 0.5205571831879311 0.45887580342199086 0.47441368066946266 0.4694956215669478 0.4061743308606812 0.37430248749939093 0.3700882358969094 0.3226324348330357 0.3438583510704872 0.2808994847306754 0.2799922645220201 0.2754717406315613 0.28785143967856425 0.2605347680093671 0.2685348097187303 0.28379918023838685 0.28177494110038653 0.3016855907129241 0.3039668551917735 0.33196414373237826 0.3003979982705736 0.419213295225033 0.45808835575684126 0.44657443986246337 0.4885828548643092 0.46169945506291477 0.4708646640560913 0.38998456697225514 0.36596986064712955 0.4486538445929954 0.44142095963496186 0.42238796214116736 0.44753241174895514 0.48412823040060327 0.4419018327902845 0.4396589880671739
0.6205120517471197 0.6006221399088404 0.6073277394825439 0.6005795296397266 0.5764392392873953 0.5877195152474666 0.5436094804423939 0.5269802257325903 0.503171065747594 0.515890086516933 0.46963018108347887 0.4132092725945277 0.4032355965656048 0.4109620323430868 0.3586624186646294 0.3173160921272732 0.2968676103752501 0.2769519544394983 0.3209389810510708 0.3338300019385689 0.30552488232787683 0.2659128896320575 0.31499589407459433 0.28566717226870225 0.2830431379717949 0.3138550865345198 0.3235710152181779 0.35392229425896016 0.38835164379859544 0.4500809326608771 0.46531483451138317 0.47473658440272276 0.4488411973158896 0.45295262968032446 0.382133367616949 0.3930483399331579 0.4234222841995473 0.41571363005221845 0.4223079061838239 0.4377414348740947 0.48573115204618733 0.5120256718868902 0.4786468235162344
0.6194524776813494 0.5665843149876856 0.5761993043082547 0.5244480588583581 0.5341007841375959 0.5492323178812145 0.5245522409466006 0.48383233882686594 0.5021872319280213 0.482932861112436 0.4437905158851636 0.43199210883812506 0.36716521413047093 0.38484748781224465 0.3529617262108251 0.29251111541452157 0.2866755180069975 0.34393278487051787 0.29497043344726315 0.3236615462453441 0.28306827682191443 0.27833482017039307 0.27868689286948384 0.3445941313268306 0.34466222672144203 0.27330250280131835 0.28971479853311854 0.30197090625952683 0.34465504936934205 0.40994284466959924 0.41716432778373524 0.428356246305425 0.42810060616955214 0.3800891981655529 0.3653342859107947 0.3517585850371819 0.44391245924079237 0.4646152464435598 0.46688986456049386 0.42373529836175583 0.4658532119775886 0.5059304122129828 0.5006878988594974
