Raster_benchmarking/DGGS/continuous/raster-270.asc
NCOLS 100
NROWS 100
XLLCORNER 1743150.0238774072
YLLCORNER 5469285.113437188
CELLSIZE 10
NODATA_VALUE -9999
[rows 76 to 94 of 100, columns 43 to 85 of 100]
0.9217625691675247 0.9021911761292217 0.912808383379834 0.8961610177512132 0.8691974159307702 0.838717886805597 0.8325590722688111 0.7557855410082688 0.6982812803207822 0.6492932716527986 0.6056281326119495 0.5980604385362004 0.5633850672401977 0.5495043639935536 0.5557329824662418 0.5779968751557005 0.586858742100993 0.5101890068418603 0.5001744994057706 0.5343794707241574 0.48473600997054433 0.5364796021397115 0.5013950190176375 0.5064932378920278 0.5039173153983868 0.5262914703901067 0.5304384643718862 0.5110547684160024 0.5876655508459772 0.580847135484016 0.5633454490795405 0.5054065150625225 0.45747618134966167 0.43400137050018545 0.3850714518675682 0.38382206658186174 0.302456410352361 0.24478370631167995 0.2588137189098599 0.26242934357264736 0.3197645501341467 0.310964641966363 0.3035311073733324
0.9195686158072286 0.9862925767454046 0.9587059793777505 0.9503035702270727 0.8959328867690657 0.9028391667385558 0.7957200677189737 0.7536266723290229 0.6829666248202235 0.6661884853366645 0.6343477899337827 0.5707997873891782 0.5249934878433636 0.5609305531813452 0.5626442787263098 0.574307490803459 0.5767027402637523 0.533180838460553 0.5420048833143786 0.4880768056727653 0.49596265276659196 0.5034152994316047 0.5004599009894916 0.499695274741528 0.5572257050279384 0.5956113689380653 0.5944413235992739 0.5629578469056813 0.6002708413066236 0.5877919886546823 0.5638001004918168 0.46169852253041654 0.4704595675272563 0.4576342420689863 0.4183336138080452 0.3813173385906072 0.315391009582366 0.2554060234661017 0.2768046679041379 0.3112891989628135 0.3258622043829661 0.24919712614835735 0.2679497462339492
0.8890312356449404 0.9758597999387136 0.9712395247999555 0.952024576060255 0.8514811437606249 0.8209012950158496 0.8268576360034287 0.7115573488516288 0.701030132656179 0.6752434928857971 0.5687766119250243 0.576598487225733 0.5325689152888435 0.5269013241166719 0.4961604725934959 0.5668539446739785 0.5672409155076604 0.5707248743601093 0.4960000453410971 0.531199925989549 0.49790743985601343 0.5230299653060835 0.533863165636872 0.5745257903802955 0.5804636510404187 0.5952262534084712 0.5501537647268449 0.5622686490102761 0.5425954990189372 0.5853158448282685 0.5386188099769731 0.4686322819516325 0.4147187790636273 0.4319239465126188 0.40652757154927655 0.35601892804621005 0.2849026709468322 0.27029492668317506 0.25703064315663915 0.2868148278702648 0.2842606366167184 0.2821435778774172 0.263692096173251
0.9192581190424544 0.9559129723529562 0.9502678496659485 0.8915030529375152 0.8493656462037708 0.8114977947220056 0.7839949159005072 0.6905265345833277 0.6834818434642448 0.6246249838702135 0.5843591742686789 0.5235462002711264 0.5097586836801685 0.4539876922892604 0.47360613091272896 0.4971624956165862 0.5185146480271625 0.5661127038519822 0.5700776607346528 0.5400204789217781 0.5058188189532126 0.4400775854018878 0.5070823489070575 0.5525047446719512 0.5743533635285432 0.5831284641533341 0.5519138226938815 0.5918288713687259 0.5713273882317744 0.5282665933421942 0.4930811375631735 0.45896531808442736 0.42079380783709847 0.4031973896027446 0.40456139612559094 0.38462898400465156 0.2953566942379765 0.2678023113322302 0.2458735256066694 0.3069041029293636 0.24695890976228144 0.217486232880379 0.23273490206145983
0.9056857811165996 0.8969006433550367 0.9522822026333343 0.9273426770991691 0.8174756727678313 0.7554168159078689 0.7339249218895574 0.6809218322119605 0.668407208489983 0.6503214529223565 0.6415788419987146 0.5142028846557287 0.4674832002816615 0.5014215062493018 0.49688586501176024 0.5526235208118053 0.5653700431224088 0.5392155699017799 0.5825572108403806 0.5062925713229683 0.5152204686976443 0.46784513966715396 0.5221862197654695 0.5378742408317674 0.5561539521420479 0.5870680662232333 0.5615841507067857 0.5820861887335881 0.5663686526791639 0.5838567860646124 0.5411384812682197 0.5143692695237002 0.4576428855903339 0.39535979294734086 0.37912507726996425 0.3450816291074489 0.3684811105187284 0.2909988415818177 0.27965402678555284 0.32728917028606197 0.316258545423131 0.23408648540862076 0.22251128955840863
0.8856585504399215 0.9216447484499676 0.8847987724197525 0.9215111709727284 0.8475269786758806 0.780946792261782 0.7666116084809528 0.7498264358093465 0.7305343975252075 0.7249650031331165 0.6671797860836314 0.5509317752739057 0.4608457218749547 0.44103179067053977 0.44739698383015447 0.5246194187236248 0.5485770927940481 0.5574002674438079 0.5831304864706252 0.5340625131403937 0.4979800933021581 0.41681803333386347 0.5013092771244216 0.5429951339204793 0.547291450162539 0.6080096468638981 0.6090979928548851 0.5991289480996785 0.6198827684678573 0.5687330663801501 0.5167994590747306 0.46864690110218243 0.42318000789874866 0.4035285300340652 0.3980977121014685 0.3751808078159537 0.3725750653219236 0.3374180837710356 0.28919802067950057 0.31408803412700625 0.268341787397347 0.313282495731948 0.2879244184190875
0.9174068891503304 0.921376741316545 0.861744864782513 0.8335235871470611 0.8291362314324758 0.8031772624615303 0.7901357445493068 0.7621729545002068 0.7272658779295357 0.7047909693884414 0.6749854201872377 0.5905074244142724 0.5159910976088717 0.48870287590414263 0.4432201455023616 0.48556977056665857 0.5052112904438576 0.5649875883782531 0.5359225826644017 0.5129019913780979 0.4603893830939272 0.4196360249439857 0.4429900631942371 0.4943377394611183 0.5581711486759602 0.5600865626492139 0.6100837044187335 0.5647327107193694 0.6128925615920187 0.5475400230856347 0.5319676956397662 0.4691445336905648 0.5078369230132963 0.44125433786561624 0.3806034650610619 0.34621066237716575 0.33644232969900784 0.30666220915087267 0.33421639193447794 0.28105856183293987 0.2763156267729473 0.2472188056747697 0.2473215278518436
0.8594157604912568 0.8589964354507929 0.8128919994884223 0.8195511090827632 0.8703116684581964 0.8504746017919306 0.8229826752741005 0.8404912740520679 0.80176032045912 0.7297298710419599 0.6125918297247688 0.5870790115355776 0.5091485238767697 0.4590422116964507 0.46415070810627224 0.46202809946376344 0.5069335171671322 0.5083107150721944 0.528506603572277 0.5254943417399548 0.46335983475870907 0.3872122188196976 0.47094965348652046 0.521355883769778 0.5670506844985332 0.5740222132516691 0.5378447056243187 0.5282923541873841 0.5682451625332622 0.6213937093426583 0.5667186917050632 0.504634954803386 0.5137372510551226 0.504462236536283 0.3979651283915613 0.3388325646969729 0.34130183251234125 0.3196961686233925 0.32862771284184095 0.3516882813718778 0.30709928098617373 0.2768809981992643 0.31278587562099214
0.8277346991576834 0.8137054541823973 0.8338067902244428 0.8388428091037303 0.843869397232938 0.8337625758247693 0.843102742306564 0.7919202419612209 0.7578679539795455 0.7430956952377575 0.608878480122703 0.5492722632253338 0.5370174431389456 0.5363712773986063 0.5176126676223537 0.4722289279106137 0.5027854261551132 0.4644187180704882 0.458837418546309 0.4350547677420676 0.4192215820777818 0.4254668515041191 0.46950458796775923 0.5067050711055995 0.5004755337201401 0.4896061317510772 0.5316476042706315 0.5691897688776777 0.5873901820305337 0.6042718848967605 0.5318773210104616 0.5440055112497302 0.4918665852853025 0.483804550796409 0.464431358931862 0.4090089046419351 0.3176237390210353 0.2865164764407009 0.339463331827466 0.34364364569226774 0.32752096234878575 0.2829978329746093 0.32889944498051704
0.7510234578877154 0.782424744348773 0.7975123729215557 0.7994881594142381 0.8115482547654383 0.8528621308344937 0.7904838386082506 0.8093875152125037 0.7163989457794684 0.7244455077935223 0.63398465422367 0.5361315208730795 0.5752232681648762 0.5407795176275779 0.47999712028993796 0.4768851412272781 0.46696872349181234 0.5225963120983836 0.4795949620552802 0.4177025078057207 0.4140589126610973 0.38278968558679455 0.4085978309946767 0.46047259676592783 0.4794467692012603 0.4574472530592732 0.4772384830162326 0.5503542507044528 0.54594082507346 0.5622572255791811 0.5634274643674194 0.551138372433422 0.5039311881871653 0.46225294826405827 0.4493463897349369 0.41206062770215196 0.3250152263698085 0.29305012786171986 0.32477983639515456 0.3499283815923678 0.34113734203750845 0.3226694317779276 0.28495684759970635
0.7511584231672758 0.7383686688689961 0.7509608659558548 0.8042585352865655 0.7705815381262253 0.7918445202680949 0.7664162593539792 0.7666422692416304 0.7073572814633852 0.7238598338832593 0.6668995941782113 0.5621678513113308 0.5720660984974293 0.5438617442011147 0.48902832332726115 0.4738616435604152 0.47517135974456076 0.45742307966317647 0.4075323470005755 0.35163546376832855 0.3331456377243387 0.37065411051487007 0.3903363191512023 0.3673374606154613 0.37745246558331624 0.40969812075486595 0.5066290236695243 0.5066870433229981 0.5537969981281822 0.5539494484986998 0.5410458855982201 0.5050433321543926 0.47828319327292146 0.432868028798838 0.42301821337927686 0.3692522222570069 0.3250983604113617 0.33679615902369175 0.29107652869476686 0.29355502816651763 0.34072404641123627 0.3123040745419954 0.31605292163158566
0.7186253081220947 0.736296044965671 0.7761311828737644 0.76407306768619 0.7501286736780244 0.7647750223992462 0.784662906818767 0.7261567536698955 0.668410305525465 0.648541210278775 0.6489732874778646 0.6254818661319758 0.5832126721024534 0.5140675754888782 0.5139409280140403 0.4992052995068201 0.5026543083646241 0.46946160800043946 0.4086725037966075 0.3709957678904355 0.32610973274450505 0.27354712275935583 0.3222150382376749 0.32632949114008497 0.3542663505792273 0.38549195832216654 0.4700930175638504 0.5211353894619021 0.5627336539757117 0.5431862757514632 0.5283202228813524 0.46275996741266046 0.44293562626797894 0.3674479539854502 0.39738382578295384 0.4128598899721724 0.37876106443719365 0.29043545864325754 0.2928714457733021 0.294079891642075 0.33448166929044326 0.3437085956974092 0.3357013939333068
0.6385178981743855 0.6666833188413721 0.7088903845956378 0.7087666510290691 0.7212128467705495 0.693282839549428 0.7304955568968753 0.7124741725222692 0.6837602894805107 0.630785653916461 0.597041394266807 0.5623442329314212 0.5936503051034817 0.5501032340677853 0.4713350657643695 0.4868720168590673 0.4555786533993505 0.45199070918350076 0.3963393063571421 0.3607018943296482 0.3286821496679331 0.2982715889347343 0.2942677590008574 0.3419114111696267 0.35164149003585105 0.3399752846854874 0.4305538363685518 0.439428989670911 0.49373714719804573 0.4513821692057527 0.45304025954692545 0.43613680758029516 0.38161645994250826 0.36194606601709933 0.4096291164722254 0.34556819345610473 0.35493507325227197 0.275463457125917 0.24101885276881013 0.2323230425249154 0.29748304926416613 0.2823413076650134 0.37322740623749306
0.6080739689347748 0.6250818879376933 0.6580228510147509 0.7155146001542659 0.6990307598941229 0.6509663194527822 0.6446881908817329 0.6515802269363661 0.6356989226527744 0.5718108134510592 0.5498800015529992 0.5767155990952688 0.555218402096366 0.5563690865038947 0.5363792606383289 0.46461469286946133 0.47405481043750575 0.40628725337299815 0.3846027677724511 0.3702283995683992 0.3634324016410887 0.3341020592184572 0.3141991031070069 0.3114512897771578 0.31856129884531564 0.3334272514384117 0.36966958776562264 0.39618707073682585 0.40802126957088236 0.4190892348274251 0.40413265670320586 0.43995738709279697 0.42087069659697973 0.38329796999645355 0.3893380375743296 0.35617164382695904 0.2970317147639486 0.2631478871475693 0.2753685239927087 0.21599964031857638 0.27412454688899407 0.25627504641025933 0.3060331495056449
0.6092719916193656 0.6144691138782975 0.6269241996810107 0.6264724031463716 0.7038757043290185 0.7056690218934756 0.688231611855588 0.6649520714132142 0.6546693337381823 0.6335091839332325 0.5620768489913446 0.5680863376901923 0.5386121409610065 0.5212109403655198 0.5021608330561423 0.459489383733604 0.47371199815278703 0.4205941218393092 0.37020012468902574 0.3883364701800538 0.34805462307918683 0.29318170984459635 0.32433625156550105 0.27942397499924243 0.33418329247530354 0.37148312204415274 0.3859079729894532 0.38440517422030684 0.4208716676599758 0.42470718113545364 0.43435979778202594 0.4289144881791805 0.4016638106274733 0.3724756019973932 0.3484728046113306 0.33765441911401706 0.29054560776361804 0.2585140940011847 0.2466198041314873 0.20686468505022737 0.2647629806229352 0.2229547733304386 0.28133583747438584
0.6330352542373211 0.5791823758123326 0.622516336190731 0.6059108400508861 0.6269099097442458 0.6946088811419298 0.6723281820753135 0.6775940639930343 0.6692802603137502 0.6222229625935224 0.6087425560526019 0.5904608946576908 0.5493584043518257 0.5789501898366347 0.5439244543771538 0.45333872636494915 0.4450469190395217 0.42495844227308105 0.36385020189213635 0.343795708748186 0.31008953971271624 0.22912441552310778 0.2889318613424052 0.29053456005114076 0.3126146999580616 0.3501750693183626 0.396785968592315 0.4312327258838609 0.3866497791288163 0.41469528105485903 0.39689666355539 0.4404504020870201 0.39816074882449054 0.364944761656353 0.32953218061993805 0.3585448716103003 0.27752007758160224 0.22637211475541275 0.2620712712237379 0.21228530201714826 0.23138797253337548 0.2389722398065744 0.30420261836758306
0.6011093802076034 0.5568212165260563 0.5932938553102762 0.609581845264206 0.6048246126899215 0.6641339731179656 0.6429503051805081 0.5989364912930962 0.6197257005158069 0.5826014635409573 0.5336724839416856 0.5516343641070856 0.5187901875227449 0.48085222423180046 0.5042168845087355 0.41407235344927135 0.40338170870073803 0.37902767114136005 0.3649067052478064 0.37002760382173966 0.32204818629676357 0.27836470979101496 0.28596466990466307 0.3143400388639417 0.2981785721570652 0.3013570672909111 0.3405476010284422 0.38099832427478825 0.42172214932036467 0.41565402703087556 0.3842321839069865 0.3683340852085193 0.34936288881801936 0.36213433166637027 0.3093747868254108 0.281734693504554 0.2591223385212833 0.26547523166495557 0.2519765251374503 0.24851029997785504 0.20163189297811207 0.20909164793086352 0.26611229575886897
0.5601088120894621 0.5381093818191608 0.5642438855815254 0.5619251942955351 0.6100963578613681 0.5911914186711916 0.5751734787044758 0.5908155416081333 0.5349226089506897 0.5378792358638019 0.4864574691584255 0.5001198812602733 0.4788715338826412 0.4212908220705577 0.42448028645327984 0.4303611674631576 0.4154818502119129 0.41528790878087 0.38902148750386506 0.3389758159926348 0.31854584006740777 0.22417376465811475 0.30870644091889876 0.3095387377972975 0.29585225771894186 0.31312269066982984 0.3512512742839177 0.39324889934758156 0.37796221020679316 0.33580398739681283 0.3375922854123462 0.3728341673007207 0.3671716737650852 0.37108838555111706 0.32922144619968474 0.2863882577201094 0.2784103653310653 0.21957789540338307 0.2247584607495534 0.22836486353746474 0.2672581820565998 0.22944272363194618 0.269940798406594
0.4946744803753223 0.4765559683177318 0.5132791693235271 0.5622798289375565 0.5509860681342733 0.5218646365674483 0.5382624962633081 0.5712277531564962 0.5388201545624345 0.49908422324375706 0.44364309962436443 0.42590576485339104 0.37685893588282593 0.3767871091879224 0.35168784200882547 0.3885005303765825 0.3723406023420897 0.3135210689389664 0.2982231813135169 0.2898961068089436 0.2969459032125557 0.2644682791511143 0.26981949523614024 0.2746150018625035 0.2999313631458957 0.2893089521682288 0.31304005624979825 0.3843446971166733 0.3529943050074433 0.382828235871703 0.34227537241466743 0.2883847369073647 0.3008763606077547 0.31948351398498415 0.2727171941076362 0.22398365456209968 0.2469176123344342 0.2108897576133606 0.22397835730622154 0.25555655985623343 0.26024353408435863 0.2959024289904186 0.30278721162850586
