Raster_benchmarking/DGGS/continuous/raster-67.asc
NCOLS 100
NROWS 100
XLLCORNER 1743167.8603057587
YLLCORNER 5469297.430860617
CELLSIZE 10
NODATA_VALUE -9999
[rows 0 to 18 of 100, columns 0 to 42 of 100]
0.764667344095645 0.763065441779279 0.7925755638640277 0.7551845843940882 0.7615194828235313 0.7554891217485471 0.7471448762836679 0.7716457354284757 0.7842710270839168 0.7694237784092209 0.7649445274234642 0.7496997249188282 0.7721744377879567 0.7405021205005099 0.7260907134110605 0.7248590435712433 0.7189010906503855 0.7293039050319683 0.7036085360963156 0.7019479499614654 0.6786841992046099 0.6741580087434205 0.6846997058598756 0.6750050846419029 0.6482065803589827 0.6273625690867021 0.6112301218823326 0.6281694036103598 0.6250671544960795 0.6012183294017451 0.6006473097010928 0.6045434719906374 0.5979966795521439 0.610200730342579 0.6271455646877288 0.6329662316302592 0.6660225856568088 0.6629740008887758 0.6709871945553261 0.7221601592056398 0.7324446468752076 0.7146408063623052 0.7076622771432657
0.7853079951508647 0.7887370373448019 0.8082305244357719 0.8028542878728928 0.7585647706568509 0.7517822238004773 0.7435087125514412 0.7891136054762138 0.787420392237326 0.7867765705076165 0.768751361629541 0.7715745653463058 0.7457394345869237 0.7090521329587985 0.6947617716272516 0.7050897981502089 0.7220166080066852 0.6821459230315451 0.6903560393032723 0.6698141800439618 0.6708638147351644 0.6591562513638606 0.6667643490621213 0.674152299510635 0.6580883578706369 0.6206700137287553 0.6354086184753576 0.6109434893308049 0.6172267482283733 0.6049990736381686 0.6217038421578898 0.5971652846183997 0.5801331241384236 0.6074769888246129 0.6314032398938888 0.6409415530211607 0.6382428434696459 0.6359982059117143 0.686857193618965 0.7094423927177131 0.7166156992136147 0.7131468970359746 0.686669697961284
0.7539414087221814 0.7792993173676531 0.7778180402524119 0.7754842715219467 0.7861069250076957 0.7578940146220485 0.7550721544881404 0.7788459885326068 0.7757612505704211 0.7719605557943723 0.7536478043493658 0.77083794485886 0.7483803903771737 0.7285658061854408 0.6939175557238589 0.674640542317043 0.6968678092899906 0.6661392650047809 0.6632739015318393 0.653398294071992 0.6795927150654858 0.667431597280068 0.6748833555509909 0.68724212320592 0.6581331314835305 0.6397476283496206 0.6521111036352818 0.6200988143227862 0.6119476625085009 0.6395326100715768 0.6008652470432662 0.6215714971696655 0.5986750175685983 0.6089593438733822 0.6135979188974587 0.639973881252624 0.6379586808238743 0.6504547364234341 0.6776056327833005 0.7038732969369137 0.7047239527786922 0.6706989336675806 0.6514877547997457
0.7174312722679392 0.7406423545837768 0.776830589712956 0.7857070155387016 0.7815707587479753 0.7902539663121924 0.7959723251980986 0.774269029426692 0.7748140450438862 0.7549854368428393 0.7501458503957246 0.7521333859257102 0.7368446477563199 0.7138056535427412 0.7114935243659092 0.6631514227866356 0.683291580903453 0.6550405338385928 0.6764340785797954 0.6482249418213789 0.645816998242019 0.6573549078826556 0.644196415150747 0.6828624028193645 0.6727566063103028 0.6639680429113948 0.6373089256522696 0.638914792352057 0.6567283359348576 0.6628730847433059 0.6603074248358929 0.6159915037884539 0.6138635548673751 0.6030247312972767 0.5984352066986136 0.6353166743990785 0.6643675885816956 0.6833493452169364 0.6662101876869924 0.6808124210517915 0.6500450796974457 0.6494971998052866 0.6283013520557642
0.7156557386929373 0.7505083037786713 0.7539600992426628 0.7855727363279373 0.7989484803086538 0.8122729692650393 0.8006974258469332 0.8011483830360764 0.7861032286381154 0.7623551920761492 0.7452187250474778 0.7393679963780808 0.7363888956406007 0.734575218862531 0.6917155538968948 0.679967301891401 0.6871404098351647 0.6713097415763245 0.6737507652914894 0.6678540225123578 0.6589305960534256 0.6644806241841698 0.647155880029658 0.6478589357386203 0.6698352998405097 0.6645926318287035 0.6668154195706829 0.6632028257135623 0.648595831875167 0.6614137952187983 0.6786720551807758 0.6477389700325676 0.6083091165447119 0.6180505655914272 0.6223247074986049 0.6431277588906904 0.636713447368242 0.652813969109001 0.6584270661305305 0.6385398733874164 0.6336313093921839 0.6073990579730917 0.6043694872179006
0.7480047765642693 0.7375816273975343 0.7572595326815789 0.7588512039857972 0.7825703188357616 0.8347815898404398 0.794262790481623 0.8067255064828255 0.7834491349511206 0.7959505151351238 0.7405577098233461 0.7586106176773704 0.750353818676513 0.7199693900157219 0.7163605714390247 0.6648452622067762 0.6584994812188979 0.6792180338567226 0.6662474931044753 0.6889786980299796 0.6719103915794685 0.6402453980105358 0.6235720900254966 0.6292099845160474 0.6641015112023283 0.6704696076229726 0.668462078981916 0.6292546085613866 0.6697906432279522 0.6982668127362741 0.6557060548246846 0.6564727462643303 0.6190949289063694 0.6142562776682869 0.5997848353842808 0.619548633111475 0.6250581858980696 0.6762975822946117 0.6616529183003961 0.611250313907832 0.6107262974594762 0.5895019713733475 0.593184144485897
0.7402384749728178 0.759154052789681 0.7642115505239505 0.7704623860151046 0.8094908257732651 0.8363515221562675 0.8169952434524564 0.810438860389548 0.8150548583802741 0.7867562048848854 0.7444807538074412 0.7302079606330428 0.7224655394522319 0.7303979498901748 0.7223987109005162 0.714991727755569 0.6830368038133505 0.644792001310576 0.6510648286960349 0.6837380185128993 0.6619021374207018 0.6499007674073167 0.6246853932340294 0.6370566248206355 0.6421516794522637 0.638213609294882 0.6408888108135664 0.6516163550139238 0.665512659638391 0.6692640674639156 0.674001850226464 0.6459770319171887 0.6269595515770886 0.6388310709475565 0.6220284814213003 0.5986318112360435 0.6273107541013476 0.6285086481067751 0.6385484106486964 0.6116451053936284 0.5755602325694545 0.5865312193892984 0.56630462117273
0.7718132790182209 0.7545319256357331 0.7760406445093595 0.8163709671485346 0.8299079614232757 0.8110039221876071 0.8070199694859675 0.8180438914143645 0.8147402404014306 0.7662135328605836 0.743637500174678 0.7194057764575986 0.7122791590216266 0.7432147858535973 0.7282301662562619 0.7098889863254778 0.6619634916349602 0.6426251831867239 0.6472260374995563 0.646077899040919 0.6341624762741662 0.6401805635449822 0.6460157211998769 0.6247506265862957 0.654333908272841 0.668148959302272 0.6656840791391178 0.65468805590013 0.6962705674365015 0.7113626764872445 0.7072796925675345 0.6657910020315685 0.6563219207922925 0.6182810162966024 0.638844522647725 0.6052184908327238 0.630916056259239 0.6498279938476711 0.6268868880627629 0.5892287794250856 0.5815215742124883 0.5642399372173215 0.5415008276047342
0.8046708812553682 0.769898898759493 0.7904840341372751 0.8146430632336573 0.7991557588758313 0.8003994332606805 0.7755778671121213 0.7932034522121857 0.7769349988725511 0.756436885899408 0.7295901547929934 0.7296203117718202 0.7327262735307492 0.740826084339147 0.7380953796204639 0.6986505069544242 0.6898966987429067 0.6687738103934917 0.6542306224038332 0.6297488695649244 0.6395123380010816 0.6559142892156489 0.6468135368306832 0.6624250501205367 0.6687489215544717 0.6879933129640096 0.6804262329986647 0.6479386247909692 0.6714928932410416 0.6952416958838835 0.7130248653882912 0.6743070515423863 0.642792850529958 0.6369112022859326 0.6442732330666263 0.6404583242351467 0.6078276765886822 0.6368135165332749 0.6044155302003075 0.5925023352981035 0.5917798778091224 0.5459028417853884 0.5585495653175846
0.7951031267734275 0.8025503512877351 0.8188464774982142 0.8357315673790007 0.819479571600768 0.7759332525636786 0.7769667866616399 0.7492766906829222 0.7507903691030535 0.7300398921511189 0.71999212465982 0.7220798823341579 0.7130259522793101 0.7376661499301217 0.7137922529773997 0.6969429447838428 0.6607610169157778 0.6474050460276952 0.653118833682452 0.6493299623776423 0.649835683700328 0.6681419935151681 0.6497482871853798 0.6499583010775031 0.6840441314704981 0.6656755160080383 0.6890535531141917 0.657634277837635 0.666566956844701 0.7158337072461448 0.7265875764650974 0.7067219939154677 0.6823562851533387 0.6676765990404513 0.6454506107034423 0.6482512043612095 0.5957882467385144 0.6008075249708261 0.6023669798467519 0.614367258486034 0.5624725903979795 0.5552599002704308 0.5642684649912926
0.8101068036235245 0.8381414622531003 0.8328106772576547 0.814488653632295 0.805850688957948 0.8010405959707646 0.7868932116351466 0.7427547977423317 0.7404992024193878 0.7612276347633928 0.7533840654474817 0.7396245079539885 0.7076374680654027 0.7148530896219951 0.6841562367956762 0.6794165914423617 0.6537602184540843 0.645718880049807 0.6418351070317154 0.6740273074462823 0.6600355906516641 0.6943719487614628 0.6778318773980181 0.6538008660267753 0.6736671556335982 0.6542219715884057 0.6832589089051678 0.68398250988841 0.6964336326068689 0.7099940673852694 0.7335604922793428 0.7248248027302127 0.6876052983280299 0.657455327010809 0.6564109196535117 0.6399678635000539 0.6065289124680343 0.5804216990897828 0.5726228848793671 0.5798108058302501 0.558241384162474 0.5723058888275723 0.5530419119779888
0.8628245956032943 0.8601290287699205 0.8546476238614489 0.8221762994697973 0.8320781180333008 0.7776851584481234 0.8059563487505738 0.7807339538140434 0.7864464710451875 0.7452748881536251 0.7350830105008999 0.7530943813779216 0.7102022648147138 0.6765701706486136 0.6962910201748389 0.666395270767445 0.6460489997296553 0.6168098951782143 0.6493871961653978 0.6611997219769687 0.6615240885769195 0.6999531424640945 0.6882808125106826 0.6897899570404845 0.6917545605666672 0.6544069772202956 0.6657978415232615 0.7054023783372934 0.706598352055626 0.7239334463916361 0.7185107089794717 0.7183928312930564 0.692818279035704 0.6432556621673331 0.6223357258956854 0.6269402927682569 0.5841905282666043 0.5605898074293321 0.5707515484440715 0.5661089372595979 0.56379421309703 0.5586705483052433 0.5369575679283498
0.8580048370497095 0.8566387302049954 0.8707134319178085 0.8734752068024679 0.8472035227770951 0.8253880937641033 0.8296862785499778 0.7925924821102187 0.8009447853128911 0.7441050700325152 0.732974353939671 0.7089704260689581 0.7195116464462619 0.6761879119699419 0.6894578034865293 0.6649005767109241 0.6404808096242063 0.6381069613914122 0.6667566871207066 0.6817428970883641 0.7040003376580527 0.7405024343733501 0.7246240260759287 0.718206125909321 0.6788604109438741 0.6760484806718157 0.6903593114759378 0.6931243257285687 0.7001489875984562 0.7213594150499536 0.7204257892163454 0.6799247792005126 0.6624842509687057 0.6656572640923563 0.6457721278449041 0.6146420119318655 0.5936587606548875 0.5769238079140553 0.5446918248120832 0.5642954758656527 0.531849460975674 0.5298898530847822 0.515053328722588
0.8820940755218415 0.8660792599995646 0.8781364708501842 0.8739329293222292 0.8752134346514127 0.8675667539596837 0.8416318962038778 0.8293290232114093 0.7845064196722933 0.7843245611017309 0.7423041496347303 0.7009715063758164 0.6808791720927182 0.6678228397043198 0.6709348537523911 0.6903445898341469 0.6549121111057478 0.6395921671510839 0.6862440246648928 0.7018789866680483 0.7424840678891136 0.7793196488326841 0.7637386305244803 0.7526347484550882 0.7002003067657291 0.6805248870628512 0.7147705635636482 0.6982301007918851 0.7103171332375108 0.7058311733133676 0.6951425931352856 0.700475362102933 0.6804664083850083 0.6459585872110419 0.6214727680420157 0.6191097601518034 0.6017674710218037 0.5883067583685119 0.5461305373910925 0.5351650922631495 0.5334096006488273 0.520249155113346 0.5184607510015945
0.8993354399400911 0.8743549684269611 0.8613787855927362 0.8702557784270819 0.8415567031109623 0.8271057270359885 0.8021606087702319 0.8020021266437672 0.763772566262941 0.7463280249638491 0.7365165236458014 0.7159930548790564 0.7014281255965851 0.6574585370213932 0.6652727127692217 0.6562124154146092 0.6746193884595084 0.6658545204489945 0.7004099471861325 0.718611805440241 0.7447461733944647 0.7787444690278263 0.7813089382706139 0.7555164991178127 0.7299350753910345 0.7391202837873853 0.7206820452185354 0.720262536996674 0.7102509579664318 0.7051224680592778 0.6891256968180688 0.6936942694124358 0.7006247597648707 0.651824496588233 0.6523794716760802 0.6404454053549086 0.5962736763454394 0.5787567825584228 0.5705598488389166 0.5736495861472427 0.5333596480738069 0.5283902377798099 0.5331599849185361
0.8899042057949675 0.8723262230003553 0.8749364087955059 0.8315644776000194 0.8088615010321846 0.7791617506686709 0.7682144019946265 0.7617344783375244 0.7506372805526249 0.7158795108546174 0.7093126441051163 0.7006104636937122 0.6856526675805052 0.6555982533217486 0.6577232156559487 0.6717319512868886 0.6772265887054802 0.6770010282220593 0.7085453667606277 0.7330924909316723 0.7740404053977915 0.7807067909611206 0.7986952489691962 0.7772587901829758 0.7468360066243346 0.7679835227561127 0.7216066089769375 0.7490961103216376 0.7434415608671492 0.7533771746675895 0.7219568847329556 0.6844445881712355 0.6826864633976951 0.6843096664231301 0.6673459692978603 0.6502882824396763 0.5959674664498883 0.5794499153917423 0.5807615272067197 0.5800827912509835 0.5494483336219134 0.5307107816072515 0.5216491649392626
0.8887601663944241 0.8851930092070301 0.8592644083534046 0.8149226650424696 0.7967457527622088 0.7619723990439219 0.7643526341446448 0.7496091072103044 0.7345463171772513 0.7132380455985305 0.6963983408962462 0.6975185385508733 0.6807184627704165 0.6781141404290574 0.6571916943936245 0.6762385046355182 0.6800805291205051 0.6671320939826441 0.6892187189380233 0.7530921786943277 0.7701623902884223 0.8062517202301306 0.7795238521212046 0.799461936127349 0.7768591162628906 0.7509381448759554 0.7242539133644081 0.7493148215944815 0.7674827056283692 0.7429352746890291 0.7113973079372152 0.7006113409012508 0.6853733498985927 0.6697277336496581 0.6369258154469333 0.6216129806424754 0.6201138821799811 0.5805078482865845 0.5910205496582139 0.5769659528213297 0.5301885127081016 0.49541306107397143 0.49357002091159313
0.9061065583860701 0.8896607161547152 0.8500037363887532 0.8109545856058805 0.7824677759324185 0.7657180313792952 0.7600431277430363 0.7366475768405639 0.7585930596244667 0.7472472303272422 0.690194736426585 0.6652538859104828 0.647195004027983 0.6498666044844179 0.6967027579575643 0.7191636226415664 0.683839076293751 0.6894637212306947 0.7259024969428154 0.7437701564102857 0.7905961858772422 0.8128281429220245 0.7999379896295001 0.799301380796078 0.802400203600626 0.743119296932306 0.7450049153852636 0.7193966184148121 0.7291620192947084 0.7703992178207496 0.727145767277395 0.6684669763239562 0.6920071511837114 0.660512422284279 0.6313977067808988 0.597862963562165 0.5937966002206408 0.601109922871506 0.6042806695749264 0.5769460213773187 0.5200468068790184 0.50672902088413 0.4756845824437234
0.904491631867815 0.9025966028419087 0.8820302915435689 0.8619837128027557 0.8145454978728442 0.7784993030763172 0.7905288387070937 0.7745396995313911 0.7620769787212985 0.7361624913452651 0.73829638035745 0.6788034408384799 0.6720132444364758 0.6531452880211913 0.7022774233105687 0.7051866527572027 0.7136388513776162 0.7265325480659349 0.7523775473153571 0.760709909937059 0.8156294028611464 0.8373508603963091 0.8246729971349297 0.8309171825238396 0.8061674846687797 0.7750535779021354 0.7349862470476245 0.7213934100920248 0.7237149658188974 0.7342231990906112 0.714816390657093 0.701947409757256 0.6755341292286567 0.6874280131267679 0.6552746897909896 0.6392161226439201 0.604901949295443 0.5845647502618325 0.5875441384339262 0.5524510663298181 0.5296332044731676 0.5208429396841008 0.49450111005957353
