Raster_benchmarking/DGGS/continuous/raster-241.asc
NCOLS 100
NROWS 100
XLLCORNER 1743164.313686744
YLLCORNER 5469282.092576896
CELLSIZE 10
NODATA_VALUE -9999
[rows 57 to 75 of 100, columns 43 to 85 of 100]
0.24792113204020663 0.22325785267077677 0.23469214890215812 0.22502814513055353 0.23427948153670716 0.1964791440308636 0.18799300218104417 0.21291037441310492 0.1951988450200315 0.2239795421463565 0.2853679694047342 0.30276490480822693 0.3154087399010636 0.298488140451442 0.3045363140551159 0.28580974898597217 0.28595642214126077 0.2852097600098425 0.23766147713640925 0.22812298772386194 0.2165252041809868 0.21938339186966926 0.23436739630209782 0.24225672035534004 0.24473431269191614 0.2246407225543413 0.20314749015183692 0.2300321255098792 0.2470009205441891 0.23623426063233557 0.21573615184951522 0.20642314840656614 0.1898927019159223 0.1639273427595948 0.18106374411639395 0.17739606898492905 0.1834739581402266 0.1898913768706551 0.21171162784119799 0.223950370523394 0.22800626675389593 0.250632193252663 0.28165248859764247
0.2385118234473211 0.23777473206249794 0.24847521378421572 0.24739666878236144 0.24687907413166182 0.23375960567871515 0.21747708748971092 0.22361369125947345 0.2310933053045898 0.25104857208117637 0.31867227826104033 0.31124595837691765 0.35290173069698483 0.33534766961587664 0.3027340938229611 0.34989864109132685 0.3534832127036016 0.3330061061515479 0.28226251850960266 0.2575668169134561 0.2811959297336152 0.24499459807336826 0.22456394507122837 0.25172711944423487 0.28495111678766294 0.26244026018197825 0.21587743032741002 0.24421911158408605 0.2541930241832303 0.26292160608675097 0.234166108487512 0.20118072057961633 0.16731758433990215 0.18414035120278183 0.19776817017745477 0.2009255113348153 0.17316699650122294 0.17575997802341053 0.22121680433730714 0.2611331986697365 0.27878728474596554 0.2836048246041629 0.2768560491383949
0.2559019554759299 0.27235082674290356 0.2815315901729741 0.25936784738173896 0.2858859512664185 0.2791504250652927 0.26515154628523097 0.2631648093865104 0.25902464146356785 0.2752639265630185 0.33372371645926935 0.3361583614667629 0.35000963735920354 0.359854687714528 0.37393650912304593 0.3690127502405887 0.33558289628719346 0.3517468455512651 0.31386304354056066 0.3069511694930505 0.3167975324936206 0.2921517157834723 0.26314873363234553 0.26431482081174174 0.2782207723807306 0.2717184211856467 0.2398512815877728 0.247975694407494 0.2602139649154696 0.2426505001006656 0.25048936830160434 0.2422850645326581 0.2100466804166056 0.1924967417968055 0.17521204959762868 0.17672239334976436 0.18167533281970583 0.19680466031011085 0.2224884839393272 0.26865891489477356 0.2711777501562904 0.2936391873848823 0.30617141223596384
0.30861244050956504 0.26123763708512765 0.2579898764612679 0.3073580025418832 0.3070895450638274 0.2819495103631187 0.28008316235206443 0.29645633263351395 0.2916376776509389 0.3224669102952492 0.3182737270162469 0.3628920543025836 0.3643593635555554 0.3650140461564578 0.4036347459330437 0.4050062123322697 0.35620725484923593 0.33907656643945955 0.3236850418378235 0.29283833964581835 0.3165189368648121 0.2975069445404243 0.29675669146131756 0.2988105083538887 0.28406197277652623 0.2742802937132465 0.2705014700373753 0.2694785197474899 0.2551483688305338 0.2789168362360911 0.28216613290990544 0.2624110088829747 0.23977646908126501 0.21082720523672951 0.2065696479117653 0.2182944420770574 0.2198152293611577 0.21024873143653589 0.24481954806219777 0.2760020908474221 0.27994247328062205 0.2687570953542176 0.29495946905788506
0.29375257578874475 0.2737222863759307 0.2745177823382415 0.3135507067338317 0.3099679549250709 0.3263582309868923 0.3166184616805957 0.3247112663456322 0.3312511966451247 0.3617697905142615 0.3573787784125316 0.380213093918882 0.40973684750175865 0.39583116945509483 0.3956078936234857 0.406615029726539 0.3920987454213401 0.3321264943318206 0.30354292087818735 0.30293502669244726 0.29485402886727374 0.3080902715956457 0.28323115249696135 0.31000137742492934 0.2759119600992467 0.27682927013281644 0.2855383298782216 0.24833513868949067 0.24623020094555337 0.26336050824802315 0.2635672325371717 0.2704610946706947 0.24627686655159373 0.24648167870438564 0.2452732863613511 0.2336658617054806 0.2503735020218877 0.26143316671247235 0.29009789290642235 0.2742055057352285 0.2850565567315262 0.27540126807478604 0.29507995949656746
0.313582356387564 0.2973866868786624 0.30134563390610697 0.3184554741331733 0.30084567418958424 0.34919080872629776 0.3720552900773617 0.359078716435443 0.3939009001154473 0.38614935594879013 0.420273863374257 0.395519710548232 0.420818551703532 0.41377570447346623 0.4376282522815913 0.3993404282457539 0.39958501315540934 0.3650853034335919 0.31491928467752506 0.2885476519339832 0.2832880602976576 0.3072919795110857 0.29759277763996606 0.31975700576515015 0.29652403048081016 0.2727846351022855 0.2698000970364529 0.25127114360780334 0.2615555776329286 0.2586161059522096 0.2592408898504018 0.28097067086854194 0.2925340786867374 0.2718129330506711 0.2689390749091556 0.26789242065989366 0.3268589921304852 0.27683005070098105 0.30179632878522644 0.28852092833840187 0.26978376428049194 0.2812337267207161 0.26790137345110876
0.33189643359497045 0.35404307255289863 0.3502480081803502 0.3246766236932905 0.3507983791977965 0.36107520867146503 0.38459689078454545 0.3696837141980149 0.3677141412366076 0.40010416559664586 0.43884522682490434 0.42067280624826847 0.43255145945194967 0.4048599174362538 0.40966331757649543 0.40676712823673383 0.41078107787499957 0.3863888729710166 0.32669942672272656 0.3250873363143198 0.33960012498536096 0.33758161898621286 0.3404142705388634 0.2977033817419862 0.32083832565302717 0.28415475889262687 0.3039402696428371 0.3041874482584657 0.3200720095049598 0.31491856307554045 0.31926984122353314 0.3300356365181353 0.33358896669775573 0.3140957003183724 0.2985960690504279 0.3291597440302485 0.3238401156902795 0.2844171622415133 0.27739800979928664 0.27261507905670257 0.24651456690111928 0.2863034328404713 0.27203204872944015
0.3809275789733106 0.3541231258963201 0.3886246197767803 0.3527746480462329 0.3457459632613314 0.35567211443228347 0.4074570651454093 0.38852370108775325 0.39682786476381127 0.4181306454994294 0.43790649016151045 0.44074431828860694 0.41133347455980546 0.41679088611201376 0.39489210161363636 0.4100177797199876 0.4150764332407041 0.39431932117559587 0.36187665566449795 0.375339205978058 0.3701479880155087 0.35944977187553995 0.35195429050806754 0.31674000313761624 0.31545895747462027 0.32329228335314614 0.3117889418219094 0.3415097230240849 0.3437135130619792 0.3182605678565843 0.33508280319199163 0.3129521418163331 0.34119208477434915 0.3100640472491199 0.3338428252320545 0.3051291652253618 0.30529853981609084 0.28409462378071304 0.2734480485636194 0.26371617966134375 0.24046515597545365 0.29057175721115064 0.2811166029104096
0.36270434227806964 0.3697101022207278 0.3963905220502596 0.401276517008458 0.39608945703722453 0.40069931852918345 0.38404808714641536 0.41408504263419754 0.3960666144143237 0.3934216596581811 0.3931929533843743 0.408621349452178 0.4182059704521781 0.442287591399769 0.4261758638576929 0.4204797051713657 0.4269436673087006 0.4245064836907327 0.41319397009762043 0.3956793595221418 0.4196592044130021 0.4116649856884317 0.37854944882327496 0.3775800284417553 0.34345238368048875 0.32505288150678496 0.3505942758909632 0.34875615698358753 0.33931054583373693 0.35103025528805254 0.323538138054525 0.3204276424342654 0.30755828044001327 0.33444010206732616 0.3486239704438195 0.32669357848161035 0.3306861224442678 0.291217131519122 0.26849689968570906 0.2793091713605111 0.2880838769944439 0.27010027435052325 0.27448224729756154
0.3619161680465413 0.372777661962165 0.38195307729643935 0.43314175133892036 0.42550155681967256 0.42366638566211895 0.39649845959239144 0.4381469296974698 0.4076699378549255 0.40470791248797455 0.41202742813435933 0.42858305481490877 0.44042926002608174 0.45095765586493364 0.4403045271090941 0.46448273523289607 0.4643469483648583 0.41005977348746053 0.3843803451532067 0.40621796587209985 0.4148467689871756 0.4196753599224655 0.4331650503490946 0.39966101919238617 0.4004167261553866 0.3836917358153523 0.3534062935372754 0.34276715498570315 0.3280204055488493 0.34952378412825097 0.35289662017792034 0.32882628086405247 0.31469668782895566 0.3316027081460246 0.325189808310987 0.3343475604700366 0.3264058126125914 0.27969766930536144 0.2703006498093669 0.30801569016704156 0.2921443272594352 0.26032888645788416 0.27107512199392453
0.4076320890311842 0.4073131655505721 0.4144213101468772 0.4469687437929415 0.4623349844808439 0.4618720424310811 0.46672176253367453 0.44430235733222717 0.43287582519418244 0.4293815455678605 0.4541704924644114 0.47612375711977495 0.46229803168645583 0.4302166054896015 0.4382842435900575 0.46008957630875136 0.4542366939383523 0.41455130941584084 0.41794509236811284 0.4178572045088915 0.4207839899863584 0.44780110991837907 0.4670768399783663 0.44417207641077466 0.44003321225729874 0.40878407695045743 0.3854512186573072 0.36297963143450995 0.3606893367813246 0.3590201819091233 0.3314502771616915 0.33135806045877403 0.29481953313292386 0.32606957487838617 0.3191408751132323 0.3235526718900861 0.32498265261078424 0.29491985233178625 0.32222195042001656 0.31655561943530947 0.3052200553218137 0.2974604764413744 0.30103711556633955
0.42298034522830824 0.4280101314164632 0.4454609151955505 0.48899791132850046 0.5078383247410898 0.515657093071016 0.4893575142004928 0.4812502806761178 0.44511422691561026 0.44748546153640206 0.4969285524722619 0.4772542771800191 0.468512304276801 0.4522266391403596 0.44876986255009454 0.45332841161261817 0.44595187831040645 0.43106118278747346 0.44150120165055484 0.4188218493013421 0.471408284602537 0.45168861999146254 0.46678337040978496 0.4342726213967875 0.42120402214638863 0.4262158133000621 0.4040325738040546 0.3854497839711753 0.3991847889097875 0.35720023854817173 0.3118384309399302 0.3058926085687897 0.28844746775044133 0.297376083869167 0.320673457264299 0.2890400331740649 0.2788567515954338 0.3152467188697437 0.32090386045220054 0.29377111458792854 0.3129131540925834 0.32577424994706905 0.34099138540261614
0.47048849834551065 0.49332059036552517 0.4866593188080052 0.508246988848038 0.5389980806100955 0.5173970141025638 0.5354743502543355 0.5126218929832035 0.48081285289837244 0.509072676802346 0.4971478457022483 0.5061666556960515 0.48589485560800244 0.4261217656147653 0.4255406173405059 0.4175810859635906 0.44121334752413066 0.42661964618932435 0.42213415065952536 0.4293106289640793 0.4688075668725653 0.4770104484032818 0.4721973154670268 0.4708195892647238 0.45664498852563523 0.4234362893569571 0.41454835534401424 0.4185224743618342 0.40798717611276375 0.3702147571631673 0.3166997967951618 0.29919382545025075 0.3312082323655295 0.33180971816460714 0.3304832005329048 0.301196121162491 0.2891181499034656 0.30529358169503296 0.32062479661217236 0.29383605250429284 0.2871936170090193 0.324076825433519 0.3529318631218479
0.49252351979912345 0.5322311159848157 0.5518046041838458 0.5702253900849151 0.5559218597501225 0.5589211850288623 0.5306168915393882 0.529448401609732 0.5415267901084616 0.5138223826411816 0.5239899616971073 0.5129828687348256 0.46902771933822723 0.43515444914241547 0.40909150726406374 0.40696741919311824 0.39995960564718785 0.3997532591069624 0.39860302839203404 0.4423532356160408 0.467810280652339 0.48972099370230304 0.44236730925854395 0.43668277506309783 0.46260714517804324 0.44886828750304186 0.4734356786697532 0.44233275671803574 0.4045885568285431 0.35882513411661315 0.3651583040578287 0.3322009336383315 0.32349564557763044 0.3367221604341541 0.32608516220301087 0.30601464010469365 0.273254315892073 0.27713371967391126 0.2896390127056809 0.2757203108361389 0.2975406032415228 0.3211897507596736 0.3532357199421368
0.540035066634289 0.5211678807738969 0.5595612278954144 0.5901047004563443 0.5837065659663185 0.5511064750886251 0.539694202250852 0.5502077369368896 0.5502834091347493 0.5357805387296957 0.5240344476165947 0.48587129435213566 0.48233293390245957 0.4580056192075615 0.43298169779473217 0.44053478173727306 0.4216057287420968 0.42838421453043674 0.4081496772294472 0.4565891135531437 0.4893759978586444 0.48083310296173815 0.4611649010654783 0.4598728011109261 0.48184369579491343 0.4900870312406162 0.4904894798314503 0.44421031843888414 0.4005892010783555 0.374556270882252 0.3456933906549142 0.3529631215755121 0.3237619275909337 0.3244951383788423 0.30461829506070026 0.2926514617521549 0.29291715567010745 0.2976311757522719 0.29002817786647994 0.30677565334295365 0.3311154287991151 0.3330115330666231 0.3251336027955169
0.5224797657890712 0.5413690322113106 0.5777750298503589 0.5710270851003134 0.598942439772862 0.5861955180157448 0.5887800910197002 0.5697291445570829 0.5414607716568771 0.5187888248086666 0.48670755011693434 0.490645922803255 0.466205811580286 0.4334987976138283 0.44951836094280295 0.4388002074822707 0.45626646167687473 0.42304110171520715 0.42357795391463693 0.4376036937419443 0.4751071350041751 0.4644900592981795 0.4828342422826869 0.45710100736997256 0.49391315251824086 0.4851121831576663 0.47455111978240283 0.4450076670978923 0.4399556990283557 0.4167768368243822 0.361076210647707 0.3749881836817368 0.359151563798981 0.31145919008156014 0.28585769851600096 0.29667617163611154 0.3115421646372391 0.33394441471303876 0.33691264370997714 0.3206136689732062 0.34295697713167517 0.34413640652216776 0.2957249490576143
0.5741696720771933 0.5751954151584917 0.5963264510717158 0.6000651928558287 0.6130389810023502 0.6214122507391057 0.5801880249869037 0.5515672346453288 0.5588754724530735 0.5344423331571025 0.5262210001883875 0.462195859021609 0.45458170295316824 0.45018310302836645 0.4516303451448491 0.4475697388132021 0.4566012261018479 0.42206590858895926 0.4165576532172332 0.44387269173840443 0.4236447110184499 0.43934997312958396 0.4855254624859616 0.4816488361013906 0.4721645746184585 0.4934040006498253 0.4602815449627855 0.4788750327332337 0.4682370160437249 0.4221205913807616 0.36174006402534786 0.34299161261498606 0.36255231987825703 0.3455930219008735 0.33102856141488785 0.30149969644812946 0.33478054095185666 0.3098547891760811 0.3392307787183186 0.3172479361160051 0.3436157942874957 0.3173531768777384 0.31343587590266997
0.5955876456370658 0.61769482868222 0.6151162716459114 0.595834581527112 0.6381590544267509 0.60852812689327 0.6072356982179851 0.5469812754005188 0.5310117887684522 0.5513435618971665 0.5292395455987701 0.46501232261831704 0.4527307494613029 0.4247272875270239 0.42676042082827137 0.4597822046977803 0.44155277878861754 0.4124464185116837 0.41897602388238836 0.41806415832170635 0.40970467415437206 0.46324151571511524 0.48105569918973373 0.4669551895885074 0.4688820213165518 0.4870663796123588 0.45893892191935215 0.4699779485200827 0.46656226399501693 0.4058844121789817 0.364423154993722 0.38767142727377935 0.3618597580357017 0.3516731141548644 0.3486504711658862 0.3132153101737426 0.329490516863175 0.29430154574201667 0.30583568279116663 0.32494280922156515 0.3119027070054599 0.30511568191004845 0.34942141010232125
0.603120141909921 0.6006542844698133 0.6199352734395929 0.6077279456618321 0.6001579739708138 0.6181429368123709 0.5877832616101445 0.5589869674385559 0.5437798451846654 0.5543337314529179 0.5362295703861971 0.4989566893389324 0.4593186776274379 0.4571570487174594 0.46641673932810274 0.43795551365091107 0.4334879503717987 0.4169312523860413 0.4140216708911756 0.40516143170918056 0.4182467741857925 0.45784046273455925 0.4570482144156714 0.45592742846817225 0.4493767524888742 0.44905178545548957 0.4723214219722813 0.4498042933611912 0.4693989670358503 0.4360462177585458 0.393614923293412 0.39791577745431334 0.3660573822513832 0.36411138166300727 0.3487008143895072 0.35419751959075124 0.3429540303791314 0.309787027547799 0.31149683776754805 0.2876720704679008 0.3082632269261992 0.3175660202397571 0.3194969963058592
