Raster_benchmarking/DGGS/continuous/raster-280.asc
NCOLS 100
NROWS 100
XLLCORNER 1743164.4569610953
YLLCORNER 5469289.775219932
CELLSIZE 10
NODATA_VALUE -9999
[rows 76 to 94 of 100, columns 43 to 85 of 100]
0.6265208317919837 0.6050573476211198 0.6361877369198177 0.6515958636068786 0.6322482937676257 0.6442009926624972 0.6125139592138329 0.6139748993343064 0.6274411053504039 0.5932278672447441 0.599413681615778 0.6146240688850576 0.6243722281147971 0.6123456338466785 0.6153683076576983 0.627869094420196 0.6532500530953711 0.6456696288313805 0.6370432821974982 0.6191691257390246 0.6253922063132281 0.6855191841736885 0.7171058531919335 0.7572015096438299 0.7520590468315682 0.7913121796571209 0.7813699790040265 0.7816938803389917 0.7853757214750121 0.8307888768756737 0.890668388338412 0.9059161450921646 0.9108791391185731 0.9269697580229603 0.9344740457121079 0.9419297745927357 0.9340751869154831 0.9527055655908778 0.9150930764368856 0.9065146059738628 0.8920207303486539 0.8778407516947232 0.8868026975164437
0.601413855809899 0.6477349831528115 0.665215100414455 0.6332895630860659 0.651503127934238 0.6579751383882346 0.623140113132115 0.6218142341404072 0.6515829512902337 0.6344212516439477 0.6389998872545632 0.6149293926369176 0.6380048046580574 0.5841599178328543 0.5777737438016038 0.6168055668975304 0.6105025231772134 0.6300359386278226 0.6474047381260487 0.6570097711531956 0.6479611800770336 0.696953251765542 0.7160609279500147 0.7088628100293474 0.72981751943021 0.7723770746145261 0.7736774689178259 0.8098784725378456 0.8045016411097231 0.8391074250458337 0.8793714998729347 0.8988274819486266 0.900426223487906 0.9297972470597768 0.948211886127793 0.9514984508206861 0.9127014318075009 0.9400656244458482 0.9618550259674138 0.9442003155466603 0.8825313343736928 0.8962099253072795 0.865886536733123
0.6109086060027512 0.6427237316499851 0.6827307727502983 0.6651855971096486 0.6643888558232808 0.642336142339973 0.6291478492379866 0.6431171041576965 0.6725938147893142 0.6718673805579513 0.632187205022358 0.6269277634755841 0.5900527726315857 0.5782661156997969 0.6046637158196244 0.5964085176408142 0.6175813723271362 0.6616111950548269 0.6469241722936544 0.6803724258012409 0.6934490266282485 0.6827834118851266 0.7010132921063809 0.7182990768209604 0.773580470731786 0.7842862749590961 0.8241176877205164 0.8352505168683103 0.826736095660912 0.8714232381021328 0.9145486033550407 0.9052909274420825 0.926973081443702 0.9594759478989535 0.9616335274059212 0.9426731002331277 0.9531084603117089 0.936168533721281 0.951868326780654 0.9491624134741213 0.9069502474991469 0.8821092594156358 0.8644523421402553
0.6568193665760337 0.6630860957019965 0.6843686223232501 0.6643734408288392 0.6920093706716051 0.6820177726036644 0.6703649607291424 0.6963611350944898 0.6916600152042147 0.6534879464920309 0.6755225013488642 0.6031700421078817 0.5549134123365437 0.5720763466820514 0.5794506142268534 0.613984479493175 0.6028125257631635 0.646079929645125 0.7024050859516218 0.6698781830015065 0.6869271871688072 0.6845513333269685 0.7193695154409213 0.7638197594212198 0.7857275690830111 0.7991321350025583 0.8153251873966567 0.8479488093885766 0.8696912120073793 0.9015753883166988 0.938588033248034 0.9594770427141961 0.9788873239554672 0.9757992127288152 0.9247542229304517 0.9569208182061466 0.9531816686264253 0.9231562630655807 0.9282304182310203 0.9559087603296149 0.9480909973819391 0.8866589289477685 0.8729839376222207
0.672833871085691 0.6679323527761902 0.6932322506497999 0.7101983189655713 0.692067345273807 0.6764073972009153 0.704198793154979 0.6851823584684528 0.7046170329058027 0.676796378557325 0.6719056624072602 0.6207293697619345 0.6055066847245342 0.563698932055026 0.5696122136352572 0.5851541293221083 0.604364293246305 0.6547243655098225 0.693510412797552 0.6999039057968268 0.7253043625605818 0.7223850154774631 0.7261598834168485 0.7593412228366466 0.8151463763185747 0.8241225251528208 0.8229530865663843 0.8459396214239209 0.8626859106999974 0.8843950761892369 0.8896463111275572 0.9419833278378662 0.9445511889727704 0.9561470587463321 0.9416770513029633 0.9416323914174252 0.9702916519740492 0.9279338232740777 0.9043212817866975 0.9223930319882219 0.9242260083503308 0.9390670678232194 0.9080279805094085
0.6548363966006626 0.6745363249959706 0.6675474018199814 0.6834830391402307 0.7115822504105561 0.6743303751679898 0.6896228255873997 0.7049520863353212 0.7019589961889702 0.6971694622622943 0.6841990545103621 0.6466514505309783 0.6187811002842618 0.5802138038244314 0.5775369585074059 0.6047053389770014 0.6409107606741492 0.6953216067348797 0.7185058192125849 0.7434394962452259 0.7727076392898896 0.7802933169564242 0.8006229654901107 0.8114485717340726 0.8340344338741909 0.8794358111257775 0.8710566415297065 0.8576596214636277 0.905473423620861 0.9139961593304866 0.8808009581894112 0.8962523356538812 0.8889991356783742 0.9432384646234048 0.942344313238344 0.9768223712884454 0.9663120099513286 0.9484790111644593 0.9213478203449437 0.9016679979743164 0.9441272489062855 0.9406300010166391 0.909180851687329
0.63311512639592 0.6686954404469226 0.7015837930559153 0.7003927002207414 0.7500559190001889 0.7037839644818633 0.6985490831982706 0.721369276937683 0.6775323572619643 0.6774518522328843 0.6709280926855948 0.6377143109145165 0.6081177717389936 0.6157232695012631 0.6028649847079325 0.6102588848067099 0.6483312157417264 0.6855902048151551 0.7083691446208641 0.7467673733231426 0.7724944557657087 0.7992378784226201 0.8121984089683898 0.8110241217531925 0.8491542004798943 0.8966239881939967 0.901739878212277 0.8749069202394892 0.8966664681240721 0.8970222979522429 0.901464745476325 0.8580580368967013 0.8800681595187954 0.887768990400433 0.9169345430132747 0.9567723434404466 0.9429029490190508 0.922170886052418 0.8948497335666179 0.9150148163317774 0.890322685313768 0.8961593078937092 0.9044106433749168
0.6711308307273529 0.6493912740385017 0.673459192036277 0.7050380139050917 0.7870118571118653 0.7645332338669318 0.7281586167075758 0.6985037916609634 0.7127721960062146 0.7088484958117096 0.6480303143225211 0.6626485021838383 0.6323219442044175 0.6506616290845404 0.6390864477414642 0.6617061828001702 0.6878154218102013 0.7261611328937042 0.7780921357589811 0.788166065767431 0.8171972495489087 0.8076900558532564 0.8045001992772024 0.8606878634269566 0.8855676393627165 0.8788887019694837 0.9161666925530102 0.8856094384168304 0.8692155222689127 0.9116899014794434 0.8712518448140931 0.8740464805748519 0.8822326412211321 0.9160257415643557 0.9134713893735248 0.9616462333285977 0.9631498951800583 0.9312144340018182 0.9199575333217528 0.9042370552292552 0.8834701742383615 0.8831895737386632 0.9175308607286227
0.6646725663919292 0.671292844562717 0.6984841885054995 0.7156176442229308 0.7670223395430583 0.7479498380440085 0.7422909393331998 0.7323190251880758 0.7260033830418984 0.6947318087979385 0.6680256375356093 0.6415064854342905 0.6462818694477311 0.6638701814879227 0.7006850490050914 0.706709047999925 0.7391917808197335 0.7384204524068079 0.7954369846209527 0.7801049307715208 0.8133886680890424 0.7958193249205271 0.8227223173873688 0.8373631784266549 0.8595899987911519 0.9106550798588816 0.9005942399197974 0.9234690310221715 0.8822866750945478 0.9116516515853498 0.8773277298707244 0.9062173837507518 0.8832623990422774 0.9103400512136486 0.9226479875173126 0.9116732429009746 0.914858822584326 0.9106260778890499 0.9346917995363602 0.9156832551959649 0.8702305278459881 0.8941950628954173 0.8816558279100606
0.6589634841166766 0.6936585044012314 0.7028952826429451 0.7123388336069797 0.7644888700040833 0.7490391898358376 0.7031861067530628 0.6780821763919856 0.6923420519186186 0.699465221894506 0.6860292265806146 0.6731711510970007 0.7004016093324693 0.683213691624959 0.7008191567682766 0.7405143119081945 0.7540971945662964 0.7574221665853719 0.7874191240925357 0.7784304251219435 0.8329436633718982 0.8101507879126527 0.8262489774905528 0.8795258012788192 0.9089448700360433 0.8989252316904577 0.9352319660352099 0.9443741697419077 0.9153615572857721 0.8971908833288396 0.9196936024330409 0.9241232386495384 0.9273131841397843 0.8912632197129191 0.8729825552933738 0.8837365998253579 0.8698915551224794 0.9154235725054878 0.9351233829165165 0.9101799661899117 0.8695909279452648 0.8895431038538145 0.858326108313671
0.6902517382140403 0.6799980861201451 0.721866327068062 0.7370363844782069 0.7594215409999887 0.7538102116342488 0.7172575995275522 0.6862224510042432 0.6726191378525146 0.6957296830582426 0.6827941585402746 0.729311932197979 0.7245382321069798 0.7231741166431318 0.7374107737774214 0.7345412930630998 0.7210821353684619 0.7390266854872535 0.7499842757055651 0.7696956049169082 0.816710884189062 0.8217916118918933 0.8182677670118389 0.8564147580528391 0.8771311110933088 0.9257729532117037 0.90868101839197 0.9312735139160094 0.9166747638486584 0.9203003813086635 0.9206881019966144 0.9656601648619197 0.9400988135815197 0.9446379868319981 0.8889912703361808 0.8624227165899266 0.8774295032828714 0.8807036194996376 0.8785379960644754 0.9183964331051928 0.9106921159888973 0.8941849817593409 0.8639285711673179
0.7208928593488044 0.7008774855255425 0.7063216562162185 0.7621408462603506 0.7877795416705035 0.7571743066086463 0.7421244272723196 0.7019955575417414 0.6901414965832926 0.7150295029879331 0.6919304644697928 0.6994900571113153 0.7586134586811072 0.7283077668243984 0.7397094804434456 0.7395725465013188 0.7212708334623997 0.7539497967447824 0.776568696895391 0.7953702772074707 0.7772984260901716 0.8097068374601963 0.8181079271025528 0.8743395678036373 0.9002108215454373 0.9208643938471642 0.8973752106480578 0.9344489898426471 0.9445838415066728 0.9258375071576314 0.9734408410974624 0.9339949766142702 0.9521897195445725 0.9147155863169938 0.926760365895318 0.8840863201522774 0.848419212984945 0.9009553943535447 0.8842552228377216 0.8827003290033449 0.9122106376415019 0.8715343939597402 0.8699273323297623
0.7204428849096508 0.7446362690825258 0.765118148973636 0.7353560159430068 0.7688560751371087 0.7577639459286646 0.7559524188390034 0.7336722190666394 0.6990316394010869 0.6979551872097312 0.7374857184644987 0.7197479057866673 0.7495185630427165 0.7538880421957079 0.7315684102142164 0.740259365561398 0.7629102728258895 0.7631598629219886 0.7819567735358718 0.7977140721895843 0.8017857083395532 0.8549454599040557 0.8615579380393863 0.8852978648787644 0.8582544059087258 0.8617841863822953 0.8734749935326617 0.898732757159459 0.9259262208109905 0.9295323538779949 0.9267077830573527 0.9366574325784877 0.9504869414648257 0.937235839478669 0.9178138600922033 0.919530508296302 0.8703641089657308 0.8887718902491537 0.8735556350202037 0.8786055589362493 0.889300594130902 0.851795959247338 0.8682315866063324
0.6998687164157851 0.7260570051835266 0.7746025735099062 0.7439609408675709 0.7555957662229333 0.7357566990911251 0.7301583330215817 0.7561907585467195 0.7126050189950233 0.7471053446786997 0.7418981388598506 0.7678630762919922 0.7541675890946868 0.7421233925501234 0.7805572573608213 0.758849834776862 0.7911377680791188 0.7744236611652211 0.7711395604643358 0.8376193259817856 0.8450488609480402 0.862739269787793 0.8991306382560779 0.8988589171406972 0.8520206972434041 0.85414010942803 0.8749876084200059 0.8837277915248114 0.9224017694067268 0.9476595745797718 0.9496407348481164 0.9313035564332935 0.9722336023033528 0.9313201633450109 0.9120190823850473 0.9033134545634587 0.8963333274846301 0.9013030229551854 0.9006548763235923 0.8569986563151603 0.8772600735227899 0.8610936142819103 0.8479923242075246
0.7108256424617196 0.7267651868958014 0.761266467450411 0.7651581479490189 0.7916687239509779 0.7378181891061847 0.7436152124306711 0.7554739220737927 0.7517074769171848 0.7645948791981649 0.7471556734164705 0.7802967134815038 0.760379700589311 0.7745225647560902 0.811755009251634 0.8027852039366173 0.8064305835955653 0.7974633112075267 0.8250486984175832 0.8739444846478309 0.8723650031248242 0.8981832139105976 0.8848691011030734 0.8717027330782449 0.852130892266371 0.8452747171100637 0.8798482625807963 0.8958373387245302 0.9194959938037003 0.9306056397076476 0.9536260866405422 0.9532066414458785 0.9680890377081327 0.9147810087857726 0.8769334513646226 0.8752933540752449 0.8537359008611498 0.8532332292251278 0.8526790174862641 0.8700529203018212 0.8735954478503847 0.8534415407859707 0.8457511952628957
0.6957009024383985 0.7514435802325616 0.7558023453512652 0.7511643493840288 0.8084609514349399 0.7488164515699138 0.7589644280754078 0.767046619880306 0.78984681534727 0.8166634107746124 0.7880925797274188 0.782388967353473 0.7960798606687228 0.7901486611974763 0.8079111319980303 0.801801706222348 0.8299546651483188 0.8095109413621098 0.8727815825708624 0.8600891321497562 0.9032585972920479 0.9149116935281747 0.8788980156117617 0.8766104891042851 0.84341196025652 0.8664286823570249 0.9012281977519062 0.8808916270680277 0.8684043670936233 0.9255160319576247 0.943155160391168 0.9461955801451939 0.9335646103547058 0.8936942096196642 0.9031698435174726 0.8601137010857639 0.8222715091841158 0.8533076051925634 0.8676465122302776 0.8513571240093081 0.8527930041830496 0.8591776108493748 0.8389046995140145
0.7061380862158148 0.7392387192883232 0.7578135607957962 0.7576559754921918 0.7916510452045952 0.7835293891160844 0.7822303043537644 0.8083328202027258 0.8373700100324252 0.8262934786013814 0.8069761866551821 0.8456429315668342 0.8423705538522753 0.8300114080326678 0.8184475740243948 0.8226636485631024 0.8327242056499845 0.8402327494451393 0.8445708264140275 0.8832227016002798 0.8824534461778086 0.8988327421673846 0.8623294445460243 0.8479314749514336 0.873703613225812 0.9055098415846611 0.8717848762696394 0.877515402774793 0.8618257159691132 0.9110124176143101 0.9056014588870436 0.9099637107569472 0.9276500574416077 0.8818952637019822 0.8554222681735287 0.8523278239126344 0.8165778443957302 0.8186215788056661 0.817420284913612 0.815164678185764 0.8034839125238455 0.8419938902107535 0.8191151362722016
0.7085612583763577 0.7432969289355814 0.7621820049571054 0.7606445938297828 0.7531713369529971 0.7763336447321453 0.7935700453231527 0.8277048289012658 0.8658104703767577 0.8624920210756323 0.870240921217577 0.8600618844957867 0.8508903901214165 0.8354626364805159 0.8240548704057488 0.8088170753346897 0.7775040637388432 0.8128058722202712 0.8216712599523347 0.8911362088657537 0.8799905474808017 0.8855314712591309 0.8774526324524381 0.8832654435244777 0.8721016280115578 0.8683408069588288 0.9015570105913016 0.8827222481289007 0.8805697773021987 0.9113345849451128 0.9002109440858748 0.9180560043412586 0.8809074860185052 0.870454524514042 0.862838517722635 0.8460784292418224 0.8684024911859892 0.8202288126432937 0.8049331450120569 0.7850801103689061 0.7746757063872007 0.8139257870634974 0.8075169331489412
0.7359229545994572 0.7524339012990863 0.7557293537322458 0.7418182691324088 0.7789484622730123 0.7874639641259839 0.7837907134116394 0.803299064127481 0.8540022641368772 0.8738867793383658 0.8914022067050309 0.8976302864344957 0.860371241550988 0.8501099143855865 0.809607622646946 0.8192683744758689 0.7976169340227304 0.8010988846521593 0.8303933117870219 0.8917723408996625 0.8864888859020987 0.8970618042598699 0.8681112636803091 0.8725695870211924 0.8600257804445374 0.8828959356322095 0.9008898073632153 0.9219190577468148 0.8839658247352457 0.8957157645487864 0.8919034426562806 0.9098696366231286 0.9308626777514758 0.907454261232543 0.8835880475363566 0.875930342752514 0.8887164921250912 0.8570087485026905 0.8083919032117993 0.8038957014113837 0.7615182774209669 0.7743887543822506 0.7850408539832412
