Raster_benchmarking/DGGS/continuous/raster-85.asc
NCOLS 100
NROWS 100
XLLCORNER 1743163.8250684268
YLLCORNER 5469277.844016087
CELLSIZE 10
NODATA_VALUE -9999
[rows 38 to 56 of 100, columns 0 to 42 of 100]
0.7085470621340113 0.6764001064343729 0.681096186079067 0.6694323747700153 0.6344964070603998 0.6479114838179689 0.6467529295783933 0.6375812170464771 0.6395704946378903 0.6599857382610151 0.625358549368021 0.6423912250608307 0.6411453239727078 0.6608141729410538 0.6529741901658744 0.6627096869837269 0.6548332979358463 0.6509262778231921 0.6209119133807819 0.6151845293335618 0.5827515243156578 0.5809900357553331 0.5591766177520243 0.5562818911095281 0.5693097611005646 0.6185284650101791 0.6006552910470858 0.5983156347378085 0.6368641527665728 0.6095855516786834 0.6515485496521403 0.6240920718451649 0.5693869431528871 0.576676002078386 0.5416446168764004 0.526803328153908 0.5675533283407073 0.5516080403944804 0.5738505984672627 0.5777930969459153 0.5764622026824456 0.6219798575287403 0.618610248460786
0.6691156268470589 0.6553959888791411 0.6490206330162867 0.6807779147453896 0.6641641176213119 0.6701460072653663 0.6458988285830455 0.6683003250861372 0.6921596231458812 0.6774926328706034 0.6303586183585648 0.6423251488828682 0.6662168770763326 0.6728752507207951 0.6388500647989367 0.6272124628570759 0.6195726327238298 0.6289442698103891 0.6276154068351899 0.5965893214359751 0.5481480604155582 0.5572811642901856 0.5165966755111854 0.5125893722404063 0.5620337910966039 0.5735547795332241 0.5615260056174088 0.5700195139607986 0.6215427403825365 0.6498623533021215 0.6508563839434719 0.6440949330503887 0.5936613751037257 0.5471749887537516 0.5404632369565485 0.5459366967039647 0.5793113280781743 0.5807456817626858 0.5939316873623469 0.6051276625718804 0.5938196426567424 0.6187850331262876 0.6476010813777977
0.6749441998635948 0.6571307261728463 0.6662947848689043 0.690608381103862 0.6734903787332845 0.6769491506537303 0.650434680903898 0.6754110126535066 0.7155214339873905 0.7017904653017665 0.6898184738615891 0.6952414269853819 0.7089495696586066 0.6902827729664726 0.6727429564244876 0.6525980204896321 0.6346376438707716 0.5883652920354332 0.5824285078675292 0.5567899432878717 0.5629504296556636 0.5591902064157201 0.544963262010709 0.512722226728569 0.5191624143671759 0.5525241405603565 0.5584335100343979 0.5601220930677552 0.5936929223872469 0.6187196146359825 0.641462098690985 0.6112294547977728 0.5914163672536981 0.5297184093480438 0.5561716921769139 0.5566584617793577 0.5571331459150399 0.5707123969335599 0.5977978266725703 0.5959081266289663 0.6171117646304244 0.6074785826229694 0.6376599001255521
0.6522839907182918 0.6658343309806927 0.6883308621149853 0.6690799060625752 0.6763343412279158 0.6969973189377471 0.6767409095338286 0.6688209486883714 0.697761583322171 0.7239851039916082 0.7135524669081889 0.6973999830283654 0.7117980052712387 0.6642697317725846 0.6726400651354535 0.6361866674612368 0.6146736259757054 0.5882606000417392 0.5873151910273798 0.587660566743943 0.5592699435512218 0.5642336502062513 0.5231378103035081 0.5265268982226136 0.5109535130928319 0.5243711691094283 0.5492841314386446 0.5358882132900681 0.5514112920256518 0.6008198964270762 0.6278549412029621 0.589126043342887 0.5456288842624921 0.5498290300714758 0.5091683593952868 0.5673322418069483 0.5423688411136431 0.5807830283305916 0.5921088359699808 0.574217456121954 0.5755096307915886 0.6037525062448398 0.6078504903781407
0.678733733443887 0.6909728363598545 0.6557052357459217 0.6845639611020087 0.6920799855956358 0.665961965132538 0.6736857795660638 0.6653470666815927 0.6984773054978367 0.7089646069580524 0.6748060271862943 0.7209195405338861 0.7062029864316497 0.6791620956470904 0.7016345503803809 0.6945809659622039 0.6581074707668301 0.6345964114266353 0.6329671673049458 0.6095127101934934 0.5579591091632765 0.546711499988647 0.5598315309779083 0.5503684101670366 0.5405849138390464 0.572006843345808 0.5751432173379216 0.5472836194979736 0.5360465624334145 0.5697976901026844 0.6050557635880308 0.6071829175098608 0.5711426461642325 0.5473981342175746 0.5725086753845624 0.5744371692911073 0.6054555733284314 0.5968020248807538 0.629060269692551 0.6006966620343299 0.6130012942984887 0.6385979383777969 0.6350249913372619
0.6743596262193189 0.6539015260004334 0.6496941925047259 0.6406106129664515 0.6629869336484189 0.656207424962514 0.684975907392056 0.7065962584895727 0.6904997795870352 0.6780678015721392 0.6567574871994668 0.7127497732535245 0.7138447128831327 0.716619140292984 0.7180149094204427 0.715161967487738 0.688939521961672 0.6613985352662536 0.6227199700914531 0.5902299217121884 0.6132417694243134 0.5769516647098977 0.5849554443379631 0.5808709834632195 0.5717441549549965 0.5881774140529985 0.5633910652828006 0.5346883141217232 0.5619566534412659 0.5816084681390982 0.6001817509425135 0.6048275811452057 0.6146703547835645 0.6043194826532983 0.602434715233201 0.5774958890177739 0.6107451233432813 0.6253069572405014 0.6299185192415125 0.6103373331274647 0.634443575774658 0.6574557465101247 0.6361808270955573
0.6673725135888829 0.6655044993529226 0.6289164056108668 0.6396241786918929 0.6450699272147015 0.6647490961067372 0.6782849282745145 0.7146614324962274 0.7146991832017681 0.6908834477513466 0.6814207063271274 0.691202198098705 0.7212437113993079 0.72419215127093 0.6875659248462166 0.6862281168910345 0.6708578597794419 0.6618098601346329 0.6272277381571026 0.6163401859459573 0.6232928752413062 0.5938145310749539 0.5820159415147097 0.570789512704138 0.5813672113133868 0.556118149458157 0.541087200547773 0.5557689980050176 0.5586851358961183 0.5919090924921255 0.6086077368465732 0.5911178969279961 0.6321304162369684 0.6188582346715261 0.6300205939304248 0.6176263918999391 0.6225961753581879 0.6369030447470062 0.6439024016875481 0.598992455581162 0.6288920096873041 0.6305117253616067 0.6133371021599874
0.6669262428908486 0.6239540230370094 0.5977836752140054 0.6074052671227502 0.6331950516609096 0.6861808591543453 0.7062571862016204 0.67937258186184 0.7190750825248607 0.6953234427218365 0.655557652042993 0.6837216450047356 0.6853334770764034 0.7140876427862458 0.713668342670837 0.6804211569982966 0.6638940390073392 0.6789838751419239 0.6373229647742693 0.6420705113758415 0.5937631427967759 0.5892755088908415 0.5782922111110893 0.5949642760559446 0.5858865631907757 0.5571399111906064 0.5311440357208657 0.545297168234504 0.5311407588850715 0.5577133691133678 0.5949233362677195 0.5905063176694657 0.6176341639647491 0.6581953027751284 0.6567237459181987 0.6317429705288691 0.6524506663605361 0.624772837689928 0.623876834781574 0.6309476856863593 0.600411720415771 0.5867989962450464 0.5911442550966811
0.6636611143074049 0.6048748990041238 0.6077512632119698 0.6238094212859928 0.6600642766583595 0.6605993953505852 0.6789603373549331 0.6695476359231288 0.675791344818294 0.6704427944130865 0.6735466686798768 0.6849155890501042 0.6756789025990497 0.6830994452505897 0.7119280226941477 0.6767602078236318 0.6558451637110315 0.687053085752568 0.6756823383570363 0.639342201990021 0.6036098645290956 0.565230803251618 0.6017395017139175 0.5773475209500525 0.5406583600146436 0.5543696588264116 0.5387493703300446 0.5360402462021032 0.5763423781100027 0.5739243198924904 0.6165238115331301 0.6125178100810205 0.6374047681135421 0.6561870310012752 0.63976658142217 0.6540270717726836 0.6651886911392455 0.6243113191256748 0.6020682104493111 0.6180616756841887 0.5895916633533635 0.567793181808624 0.5745245651182775
0.6173954228154966 0.6176344849812887 0.5885425919215358 0.6303257224391324 0.621880999911265 0.6215646316614691 0.629963284360004 0.681807857826645 0.6836246929031063 0.6975353745822981 0.690556915817872 0.6839516280374073 0.6776527351118072 0.6603759934378062 0.6984242094315911 0.6685764689749094 0.686722098567731 0.671758878683362 0.6694468471606121 0.6494430029929807 0.5987866606974868 0.5804374465562259 0.5888847003214589 0.5648949458275145 0.5319470282423271 0.5111562786336566 0.5246010922055845 0.5607658779770208 0.5790715982219108 0.5946460708728735 0.58813176992119 0.6355200771631047 0.6372059095495552 0.6755512659483561 0.6870193779193368 0.6514284468098795 0.63197753368646 0.601237994259396 0.5984974409001994 0.6081811933324927 0.5878852030760685 0.5709339446888321 0.5718888047614641
0.5903300065530949 0.560108432575929 0.5627172883219483 0.5948490367666621 0.6123258884805195 0.6499416467305823 0.6385965174562741 0.6834375444197125 0.6900360777076687 0.705204177113595 0.6956389813588767 0.7048872925963319 0.7060084531506636 0.681182369544475 0.6969932062813112 0.7020165919173328 0.7319894842462432 0.7236983632130731 0.7120755806065449 0.6914911360735231 0.6750269109645314 0.6391293672572839 0.6283017150810872 0.5778576263146316 0.5406729480046325 0.529341101082827 0.5496548777463178 0.5410809499152764 0.578276111498318 0.5662360814740809 0.583112725798892 0.6124497607592593 0.6176840036239944 0.6262463423131978 0.6714092696628717 0.6465857515391314 0.5908464668767064 0.5775136160690973 0.5818785252395372 0.5751945112111528 0.5960388148093999 0.5904170568351376 0.592036362421091
0.5939027608819979 0.5470925532956048 0.5305716623270182 0.6084174040173947 0.6427869784711234 0.6622209806751373 0.6708731097041556 0.6456983725188983 0.6761652586704548 0.6930479740739401 0.7576204314869883 0.7085850292755458 0.7149369782502673 0.718573064316664 0.7117471460790538 0.7303704950239078 0.7481206347788044 0.7571214653877953 0.7309670117870565 0.717286845156275 0.6736817693372655 0.6489588122684417 0.6182873277482593 0.576077391654994 0.6066247734868849 0.5591287575222901 0.5412351292760734 0.5668697323174787 0.5919721396232479 0.5535333290039841 0.546143806963253 0.5886020578952736 0.6058133498084138 0.6408921328403318 0.6525636113473199 0.6206911816337465 0.5866298935644472 0.5654811278878021 0.547106073253032 0.5662217813194514 0.5842954558903591 0.5459187052088876 0.5541297415962333
0.6214325705386848 0.596092709327823 0.5702370197149174 0.5960204332337495 0.6176996957382248 0.6333819171798875 0.6745125045100715 0.6516826321956142 0.6842190047872412 0.6987116429713225 0.7251434057280963 0.7238587075680406 0.7209046128817553 0.7595614516362943 0.7630065590386111 0.7531813131480133 0.7762227391309369 0.7493365938764047 0.7153887069717585 0.7176542006873754 0.6547941508792183 0.6284911115676618 0.6097131490164239 0.5815882799707173 0.5877659117200599 0.5971496408389048 0.5555196112834284 0.5628942453278364 0.5483899097165751 0.5485975272645298 0.5539437211754005 0.5690218572238871 0.597611143608336 0.608931405461054 0.6229555951596882 0.5904168935969645 0.5740900593098582 0.5599834759519172 0.5284304317069848 0.5558220293362066 0.5337256839357496 0.5328941257447407 0.5238078442122023
0.5950226329018563 0.5891710765386262 0.5959487597877471 0.5732992850690837 0.6208397985130347 0.627546893225908 0.6545373903039792 0.6277581805303013 0.6388269784180411 0.6669904434420022 0.7208782768154312 0.7161101143795725 0.754963103984255 0.7761525863606769 0.7709112898885371 0.7794212867669537 0.7610869569275536 0.7703289106505429 0.7266070463434289 0.6886388564451795 0.6810121710580693 0.6117482433690198 0.5843941070511284 0.5906435532966536 0.6098755158796749 0.5782977908403001 0.5995216730883675 0.5665314069148701 0.561643704195418 0.5430582683399517 0.51927609859638 0.5594356872605896 0.5584303632378267 0.5699918743894714 0.5740415048090253 0.532921752417508 0.5287263131267579 0.5196171437086979 0.5245261777363546 0.5379354884271106 0.5227073201858231 0.502376083506289 0.5119503767960369
0.6172057125164498 0.5737309987037691 0.5838163341443627 0.5777518858538423 0.5920347317914146 0.6013850455556965 0.6387751636271176 0.6201199048579129 0.6622175583570691 0.693967161847187 0.7241348018026458 0.7233935397708244 0.7486979051024257 0.7337626988143936 0.7729655107496219 0.7608746846384563 0.7506993366086581 0.7491591247749354 0.6998886146407299 0.6690732254254688 0.649999870676367 0.65132623533891 0.6098601159585413 0.5739425984959907 0.5667289884589858 0.5698276354329253 0.5585389866312707 0.5465755908604707 0.5422153429016302 0.5523386930876505 0.5029096543823472 0.5333488271930159 0.5285112934904558 0.5665809541488738 0.5283247676554952 0.5094003651814324 0.5164799361544231 0.5216850386383255 0.5168858330782347 0.5032194926935712 0.5017787835662614 0.48692001040182425 0.4900947629996211
0.6118160630280883 0.5596128806222634 0.5495160850419125 0.6085134879137133 0.6186560281265919 0.6178292690352546 0.5928940337654423 0.6222744737320803 0.6479362090000508 0.6976153161750165 0.7003074195043395 0.7242917547008881 0.7471208966587357 0.7525023197970248 0.749107180738578 0.7333363142393474 0.7456525193268388 0.74232142349795 0.7038541218901737 0.6670948109468655 0.6658123641384439 0.6487460283139623 0.591414881484907 0.5725618205322661 0.5528573755918197 0.5329500425088908 0.5474559609276929 0.5740334206576144 0.5646013525003221 0.5332899512440639 0.4777825081320724 0.4988252152376263 0.5232903361017065 0.5233002314920605 0.52408265940965 0.47635507543400846 0.501982989755419 0.4885355357344932 0.47099382364751113 0.4781501694905237 0.43850381418417383 0.46326432330873335 0.46322783152044983
0.6201261664602501 0.5914586877084983 0.5849802606889043 0.5927798319075174 0.5965155010124507 0.5974180194733099 0.5978170045983006 0.6282205808500331 0.6573637219372758 0.7091547023077752 0.7346901000518379 0.7401733497006826 0.7410644977035592 0.7446827731783281 0.7295368477414513 0.7188991679436806 0.7479604901347895 0.7262330576749592 0.693830852370147 0.6859466578459085 0.6670700308986041 0.6427711299094522 0.6155867841215049 0.5557255906259886 0.5411676843211091 0.529383151799438 0.5393330897009875 0.5662396345058692 0.5446729787043856 0.5420457671780886 0.48380473353299613 0.47611223842732564 0.4909317836758521 0.5173901323971125 0.4733546573711743 0.4570599852825439 0.46959164269351206 0.4525044666085398 0.4549650165032294 0.4378889420379915 0.43420113973653907 0.44364632069845705 0.41891117323374033
0.6354977773483467 0.6118934808388011 0.6139740345724704 0.6494575308659173 0.6545266404514197 0.6311843743817619 0.609860551459626 0.6337177659451684 0.6727339477657799 0.7046651191437134 0.7392175761748361 0.7092364906246962 0.7059481621291084 0.7202877016452935 0.6803174575544864 0.6818248327329773 0.7105668401069253 0.6726596635735871 0.6758324670597544 0.6937233302939337 0.6633205496034076 0.6131926159687326 0.5817554116050663 0.5620248993355739 0.5655049187129229 0.5401512801972911 0.5421975900312117 0.5393871001117961 0.5622230660181861 0.5492812787509671 0.49362769623891695 0.46992761759765467 0.46158550794238373 0.4772356771769971 0.4637719075244462 0.4449936171892903 0.4003630112805011 0.40667648966667697 0.40406844969538697 0.38369237415937535 0.4034753684643584 0.4207157444549502 0.37937655184017754
0.6570645384194946 0.6490432815435606 0.6381119405269814 0.6454564490848723 0.6308542758732645 0.6450408350844689 0.6350256159195792 0.6770347179233582 0.6617672560917868 0.6869599497526301 0.736505851053374 0.7351728673007407 0.6906169071624517 0.6676871102258819 0.6374702890483247 0.6488027611138634 0.6696382287493048 0.6764302244056741 0.6879900433046501 0.6720657325587921 0.6356957336601757 0.5945170914252567 0.5801680510341486 0.5959711817880288 0.5548435626389425 0.5460033543860202 0.5377368485261396 0.5574818057601899 0.5397458518536493 0.5207797515330532 0.5270373262258161 0.5117058821445293 0.47254915846060835 0.4590799895198876 0.40259426478836396 0.39865094107675564 0.39201379085130195 0.3526297539034224 0.35376758101046923 0.33412365407693523 0.34992338150627483 0.35993786429707736 0.3576322907066347
