Raster_benchmarking/DGGS/continuous/raster-453.asc
NCOLS 100
NROWS 100
XLLCORNER 1743167.0005241516
YLLCORNER 5469280.614300539
CELLSIZE 10
NODATA_VALUE -9999
[rows 19 to 37 of 100, columns 0 to 42 of 100]
0.5472198401778556 0.6054409203817516 0.6621682408021723 0.6638536530185467 0.7185023410275891 0.705051024046267 0.7395311503450293 0.7396675718778464 0.7468170018903114 0.7667046603996999 0.7509319605429923 0.7470656629137152 0.7823347905355312 0.7737738338956215 0.8097279923107417 0.8313943907533382 0.835348430724542 0.830376582633948 0.8895199465680489 0.9089600004516047 0.9561341571927555 0.9681829966254697 0.9903346651207957 0.9691030523487317 1.0 0.9456658256740409 0.9007249178922146 0.8967040954982114 0.8355358359065981 0.820008295130518 0.8116080262792402 0.8194038171220055 0.7338194917698739 0.7054127471536193 0.6889615153823608 0.6078754356994222 0.5692938060295931 0.5522368745113788 0.5254936227479878 0.476565249433549 0.4340571367505069 0.4144155860070748 0.4038676406637245
0.6370407987984225 0.6383804503365477 0.674845178238877 0.6725613476362003 0.7297751819402993 0.7239275647933197 0.7402359816583033 0.7362226417560471 0.7423976627455999 0.7810335054250669 0.7890326865186221 0.8067224393935019 0.8035187859201097 0.7916079849667473 0.7921631185997641 0.7805502929012065 0.7829386865537585 0.8192864779366267 0.8507620154736686 0.870363799903411 0.9325503737768114 0.9604905097584945 0.9352750962600898 0.9402411110560489 0.9694343979139411 0.8971610813816242 0.8530879685434964 0.8297211152448503 0.8009939463956758 0.8059853768590535 0.7745263831684092 0.7509500050827359 0.6789332708621307 0.6914407084247604 0.6270725126813638 0.5968283801812144 0.5676659258985606 0.5617683926183662 0.5346326673370128 0.4624170760089087 0.3991721037760837 0.3752267363778268 0.379597811682609
0.6156774167887167 0.6713689077542582 0.6766639063233143 0.6808080165238567 0.7256732443809104 0.7318802072313323 0.7479724085030113 0.7872491042243563 0.7645049885065492 0.7917621534184855 0.775259066507843 0.7840636889087735 0.8455026359203986 0.8397174576242263 0.8324553835399556 0.8126628711701377 0.8376040331601893 0.8531138033363114 0.8717570597130756 0.8863038759704707 0.9068249614880964 0.9282798090618638 0.9507856443884879 0.9582236023730392 0.9064221307396291 0.9008429777289195 0.872814838282572 0.8366620669652787 0.7872600836634067 0.7918526394863055 0.7675887432266996 0.7302346471375721 0.6555420519185547 0.647269644739627 0.6286162971566028 0.6030596974817767 0.5576595198649148 0.5438839106753809 0.5004201831923173 0.44794068517233043 0.38118262264047204 0.40478964276118495 0.3905282254458622
0.6283212721445559 0.6716904616630843 0.6698249947171239 0.7261535456617357 0.749645316153554 0.7422943731779335 0.7369639210832802 0.7682655047725848 0.8361055399603395 0.8286843351285935 0.7683074549904764 0.7753492684775889 0.8281860728998307 0.8282692355715133 0.8150483227898006 0.8061998801480564 0.784756924833827 0.8537784499670242 0.8820673010754277 0.8883080883995597 0.9391801074636184 0.9239147152662635 0.9773876107830929 0.9345736450620021 0.9118490434866621 0.8969913819793018 0.8421843106110607 0.7820446063298621 0.7558326101884201 0.7656525019208263 0.7214227958230025 0.6866570946987293 0.6440653504980687 0.6620194582437781 0.629518203269712 0.5538560680399113 0.5268828607949896 0.5256692342430417 0.5168751869066837 0.4579945440381076 0.39630131354137305 0.40772469671043937 0.43721116707711083
0.6623488902865826 0.6883562834214536 0.7219399570513876 0.7425488452838338 0.7559658506999736 0.7879147012355986 0.7503065416495028 0.764688844804776 0.786362633758907 0.8284308623989346 0.815474292531714 0.8012717445078478 0.8042572990914283 0.8130536498792582 0.8369102902371227 0.8186149951276435 0.8292315748072118 0.8301655984857622 0.8996626373272072 0.9170136769547801 0.9577009498971016 0.9547358626979385 0.9472417069320607 0.9223295935391032 0.9233077164456435 0.8782979868869069 0.8136235527042458 0.7939976968639597 0.7632120329821478 0.7192583967465627 0.683792863444773 0.6740680657155388 0.6614437352201709 0.6237486706886406 0.6189915798654729 0.5614968203454999 0.5026535793762568 0.46440139337605274 0.49634803351557116 0.41814176512042667 0.381305296084757 0.4357850207754413 0.41775175956400823
0.640323167745788 0.6926508551366481 0.7366244190612555 0.749941197396847 0.7602650301112273 0.7967788873220071 0.802990974223329 0.7822328469634353 0.788062131974059 0.8299231731225848 0.8245440896702544 0.8144200795437888 0.8209724759859779 0.8239644752163268 0.8693747595321024 0.8652626018987595 0.8618196908581376 0.8581672751003045 0.9042080116875645 0.8872715222006727 0.9055872166478349 0.9528640884508155 0.9208739188726363 0.8861330870990262 0.8633444771268399 0.8563572355927039 0.8134733639624822 0.8127630461352128 0.7837687153469666 0.7021678688202628 0.6605438629448868 0.6229562420686184 0.61058987988831 0.6124342499386097 0.5402930899251001 0.5206431644741554 0.4579711791170022 0.46846748082058665 0.4653721103754011 0.3863469961188778 0.36673873418431047 0.36752099789053755 0.42674179366939136
0.6850434298480201 0.7115321546320356 0.7229303918846444 0.7932816681802684 0.7988671943483828 0.8269917452572102 0.8423180450761131 0.8269216494664829 0.7851547481102855 0.8041622751947305 0.8457739806242003 0.8191517948758207 0.8206373863600595 0.8260928053050661 0.840996728680715 0.8485294756832182 0.8426568464675686 0.8640148636731215 0.8405203949862152 0.8625255606731944 0.8979147299988255 0.9247421804627911 0.9312958181691907 0.8919815027018761 0.8678983950821693 0.8246114427738178 0.7791444378042747 0.7689499681929904 0.7479895120876343 0.7271790925168459 0.6543939711758651 0.617398973236306 0.601708091551256 0.6131294568908855 0.539736660476611 0.5236524573063978 0.46845789825414264 0.45532464242744924 0.4643129363740605 0.40230173085242305 0.35147700944632265 0.36138192111333894 0.4093883573032305
0.7255668077004535 0.7208353959108073 0.7541057903625108 0.8121020117707407 0.8312790491884691 0.8241301103548221 0.8514355349524996 0.8389579386133889 0.8242171685816073 0.8163685237513537 0.8686122112277556 0.8351539456929652 0.8510250566615043 0.8115106904731204 0.824451207073589 0.8379397614421927 0.834752237571577 0.8226168477392948 0.832771549724727 0.8815223733092413 0.8899409615248256 0.8728458921089668 0.8825649940713556 0.8289257027095713 0.7867791384096054 0.8071337695609904 0.8098066529914082 0.7262946143180777 0.7234181746710882 0.6774620112627594 0.6598150270759356 0.6116446878956919 0.628131621110167 0.5732761698109905 0.5763871060252743 0.5180303099059427 0.4458420761688315 0.4474879225121263 0.483204709603536 0.3904813927792675 0.3412546845955046 0.34152798270065304 0.3633182688535542
0.698184755682989 0.730555180726904 0.7793670779347115 0.8137845368219485 0.8473340207771598 0.8576076413238615 0.8535566300179206 0.8819719338605393 0.8407057810360975 0.8558830854043694 0.85396841909384 0.8644169824102433 0.8851815627341655 0.8664976237785765 0.8366433851249349 0.8222862332070269 0.8172641363346254 0.8354137413209044 0.8478011949924099 0.8434527809385641 0.8457064837963919 0.8279382215360936 0.826306801703979 0.7674811048753675 0.755239774435202 0.763515775939191 0.7239378837027324 0.7184705729110019 0.6771885194673943 0.661892459463722 0.6212460617498454 0.5952220738821248 0.6046326342340286 0.572660634849906 0.5387481705736957 0.5244009753729351 0.4693312261892204 0.470574992664794 0.47800380407780596 0.4297417188871192 0.38434738745851094 0.37383967047077177 0.3875498036497744
0.7042927617929776 0.7326781558563293 0.8134742262791863 0.8186815265944861 0.9179349396882996 0.866935073543925 0.8942535044554932 0.8906671472623197 0.9182897640430047 0.885945105696324 0.8635454098892512 0.8872397609842958 0.8339681140070999 0.8752602438740595 0.8484886090854475 0.819237683147548 0.7585310663051262 0.7777997400584171 0.7923423933684441 0.8156054809933295 0.791639613969197 0.7733641821135855 0.7680530112440458 0.7307478484821803 0.7448490598645999 0.6975798681009735 0.7095492576030231 0.6721858823980406 0.6284314233129343 0.6217764687119093 0.6312752727199065 0.5574122552388799 0.555913996510307 0.5494032326017133 0.5705969268681719 0.5080002759537064 0.48933050707927256 0.4821439679832327 0.47367303239381836 0.4308551598079787 0.4494749604552399 0.40308625150251476 0.39105391790022387
0.739162054313772 0.758497086933433 0.80966608986538 0.8427127286818069 0.8913367358507549 0.9067904582369125 0.9262944574758124 0.9443200805224137 0.9532002861304026 0.9185580190871845 0.8838632528415614 0.884732736783096 0.8637497175876666 0.8430219039249414 0.8451841322246003 0.7711823922509962 0.7313873303541325 0.7742209431144836 0.7472477600365058 0.7604794564034818 0.7531844618426825 0.7543488349268268 0.7407116369032326 0.7478334851509708 0.6996993677487117 0.6766727353824546 0.6790585877750999 0.6405162203125323 0.6099470696938847 0.6024156975379783 0.5814744374753911 0.5679542361683863 0.5905212113543564 0.5448252618377671 0.5302717800555247 0.5007906075175512 0.48289847510242134 0.43331156662171927 0.4292935641007998 0.43704922434222737 0.475043372316541 0.44556773448980735 0.42039122367548964
0.7512131366476816 0.8134458603167172 0.816299013263865 0.8879453586135917 0.9197186401484553 0.9292860423381073 0.9725080247252323 0.9243239415434719 0.9206788218421299 0.9244585019384639 0.8899822797119887 0.8961590162581882 0.8723340894370116 0.8500065579988875 0.8309187837923194 0.7967608557178031 0.7231154600309327 0.7102452289822724 0.7084014742347711 0.7259076977493727 0.6946088823413474 0.7559801405608307 0.7421074504394989 0.7533108915616156 0.6972219061615639 0.6995875207923569 0.6444642049980281 0.6576521450241917 0.595307411423714 0.576396820262197 0.5929356324264138 0.6128343960803204 0.5966953812998418 0.5634087994742205 0.580936073448643 0.5021571279209103 0.4691645168913062 0.4620104395129296 0.41796287830804685 0.43202869723290377 0.45427052056211975 0.4121287196436899 0.3846496090197415
0.7845647992966632 0.8259930407312179 0.8854009067034418 0.8680082307001694 0.8988966120745557 0.9603818245141263 0.9534410160172032 0.915346924545514 0.9227155829731215 0.8967763958188555 0.9150618738905419 0.8797369744524305 0.8424421976897283 0.8453753605396663 0.8164986450222644 0.7400471830885056 0.7274615617351526 0.7276192996568855 0.7163470239041494 0.7164278276283451 0.6861518567086815 0.7147309174419295 0.7128099175279108 0.7146316560562311 0.7196406360362305 0.6572429102668765 0.6663531842308198 0.6394949430420268 0.6094410032341765 0.6061444747688924 0.6038039456265792 0.6137083036460811 0.5905763985913361 0.5558435225681915 0.5541377951269207 0.5082576126757307 0.4644461666112367 0.4500661869710374 0.4057224613293145 0.4408779733006813 0.38316124762070586 0.41238268590737054 0.3767605592903062
0.8591482791356412 0.8736410071627103 0.9362987541188923 0.8991029458089271 0.9053139157038625 0.9343678840799434 0.9516586242476757 0.9364878802825853 0.8789028063038192 0.8879663648996828 0.8835133267396517 0.8562839755589629 0.8282640760368043 0.8050443446226508 0.7943986892319373 0.7262696836411776 0.6853189468961647 0.6888254076526618 0.6761819581955706 0.6616598105569587 0.6775701172040058 0.699595213197086 0.6804367366803931 0.6881638327547446 0.6979118445693916 0.6808481956602294 0.6393527048415998 0.6324925155492609 0.6471452939804226 0.6368435509449267 0.6217752022436163 0.5954287222393113 0.552818588291037 0.5781512771645395 0.5407055939075518 0.5374951931637486 0.48035213094741136 0.4258999116146258 0.42763442534673785 0.39290938038145684 0.3486175439529395 0.34110954038507657 0.3476305841166862
0.8749402436557532 0.8723775722564542 0.8826564596354337 0.9134321945447708 0.9481394200397505 0.9437973306741001 0.9319784958208304 0.9666089134324721 0.9446042343661004 0.8632577076354758 0.8456405459369839 0.8094259177782716 0.7793525411711687 0.7536562476458433 0.7678590945912641 0.7110835958874482 0.6617984624162697 0.6706714705251094 0.6326070696436945 0.6343968623475942 0.6645490568204199 0.6702083271454072 0.6592659620964127 0.6164395240590946 0.6345999535156547 0.6410510559955984 0.617477233223741 0.5957376097899115 0.5904981512982496 0.648996946043741 0.6356208402127204 0.6297010821022653 0.5993939514286614 0.5496234535764348 0.5515232042893411 0.5075062590710551 0.4828565255331173 0.44481570019531674 0.4446693570658168 0.4128294092209497 0.38556929543032537 0.3606029302851686 0.36969933579600406
0.9107801319245769 0.9146569324946233 0.8762395262077456 0.9199817027385248 0.9851746479938278 0.976001861521162 0.9810432800210238 0.9671172445637785 0.945049472666602 0.8722493081549768 0.8002258777694312 0.7780957846287301 0.7448131208420483 0.7580501027638186 0.7277194573263267 0.6984885429137118 0.6317005236170173 0.6511742702363162 0.6143202104625098 0.6305098983376873 0.5851712453277804 0.6330934849426277 0.6241709148411811 0.5729445436919153 0.5672747942056618 0.6064646082204483 0.6230384798185312 0.5890284865949806 0.5847089718656608 0.5881363376405188 0.6324870284736273 0.6101754540687628 0.6530586993806105 0.5861725284874229 0.5172877133996938 0.4944354055388173 0.5052192883198218 0.4908290800768415 0.4465201525240843 0.40040250509477454 0.36796975923946346 0.3650172282997209 0.36544095646386726
0.890651530567723 0.8783430981962194 0.899996456455607 0.8784070839293452 0.9156362876018513 0.9437760224502744 0.9535657722015939 0.9450020302711789 0.9019655579124967 0.8777503051699004 0.8299000137930311 0.8130647872443203 0.7695010140344327 0.7585629347172224 0.7191765604248184 0.6697062361581977 0.6490184852291766 0.6669372527951334 0.6055063193306964 0.6022192628734584 0.5657478993600893 0.5978732157995928 0.596753806388718 0.5765815935204852 0.5749427407632125 0.5858609274514047 0.5645231409301139 0.5821863829792091 0.5835506772313825 0.6123813446295964 0.6122718935477218 0.5999222016267524 0.6123413644815835 0.602905818480934 0.5362472314468734 0.5184256154951412 0.4888107340244887 0.47186285147519813 0.49883650870526225 0.4527736055212467 0.42854849505053577 0.4063689212955498 0.3879177366976891
0.8400378456625046 0.8436219429119324 0.8506595317856022 0.8803044360671618 0.9033133349688507 0.9158577926704704 0.9526866172456858 0.9203637096917712 0.8680696929769377 0.8512576418582423 0.8143120032946417 0.7997279375946047 0.7922493361798537 0.7543773148999184 0.7045826287785485 0.7020929517866579 0.6870176938289978 0.6435163221073229 0.6541535877577752 0.6391641834331423 0.5830112248292564 0.569123563066524 0.6010823364077635 0.5931351375160633 0.585485239235734 0.5850403811263843 0.5163141759704638 0.5632352652096068 0.6168346298460766 0.5703879825855451 0.5734997674178064 0.5929988175906311 0.5621886171836683 0.5894312596370983 0.5779440556980833 0.5328325530249448 0.51035637821636 0.4840416180810038 0.49941285577486616 0.44913970699384376 0.45330757252679565 0.42689775128650614 0.37771769609403777
0.8137211011494122 0.7975532254850053 0.8314170008977115 0.8601287954156397 0.8658939689626673 0.8989042534940135 0.8814896128359925 0.8851187291772319 0.9170363723027231 0.8711269503241222 0.8455493020039756 0.7994266308379422 0.827423750855072 0.7680255416460753 0.7448055943125447 0.7430890452316966 0.7140559843568359 0.6564089126918422 0.6229988742514174 0.5971788806490427 0.5780483475407292 0.5779320396781401 0.6121057627710356 0.6038132989284902 0.5363195531994388 0.5439797495819182 0.5147839974185768 0.5629778664394207 0.5841468073940834 0.5757718653238098 0.5517521653250536 0.5507062610017686 0.5820886291290864 0.5919066227193607 0.5370565541902453 0.5222166066582783 0.4939198989201889 0.4726402327684995 0.47329697476351207 0.4486577639459028 0.45518642672788473 0.42620045584113525 0.39225550190703795
