Raster_benchmarking/DGGS/continuous/raster-120.asc
NCOLS 100
NROWS 100
XLLCORNER 1743154.7815280985
YLLCORNER 5469280.860333668
CELLSIZE 10
NODATA_VALUE -9999
[rows 57 to 75 of 100, columns 0 to 42 of 100]
0.972065842879046 0.9714714998164845 0.9840057213938582 0.9555673352629841 0.902160799781981 0.9228088127060828 0.902496224389631 0.8781533577758464 0.8359559001615245 0.8113929377324893 0.8337209373273118 0.8303802659609237 0.8074649109298618 0.7955893247031647 0.7819236458543027 0.7732507133733694 0.8143289886515992 0.780457508509488 0.7936190781686747 0.7935139459837987 0.7989348077485874 0.7625174000773747 0.7521203766319768 0.7504257337422968 0.7772551104269413 0.7646597824752226 0.768244234934975 0.8065544673685541 0.7948647390525218 0.8282992779766416 0.8676699774936101 0.8713640407262612 0.8763562292631698 0.884316731441287 0.8623147401500894 0.7794856449666288 0.7413351044260525 0.7542531756494268 0.7556183565580488 0.7401943325985098 0.733175013536329 0.7043731462531116 0.7155810069239998
0.949362636617505 0.9517393688611053 0.95494738600553 0.9613584731785333 0.9220003978793928 0.9204231018383869 0.9009460865053375 0.8824393221323543 0.8468718569127447 0.8150641857609453 0.8245593866082472 0.8417637223584142 0.8274392858188195 0.8182833736325826 0.7800039862936595 0.7833675660453647 0.7897620063739845 0.7834704518950026 0.7797321562774923 0.7927819826210312 0.7871303514160597 0.7695214193510033 0.7734906155029597 0.7905043238376106 0.7653225315614692 0.7717446175022606 0.7667147696776101 0.7961959619122506 0.7961051354892268 0.8330369621062593 0.8808363087293678 0.8732313680005794 0.8728124210684071 0.8452650799073403 0.8383610478540738 0.7807792445775265 0.7621712292916131 0.7251914494590888 0.7617115674939493 0.7456080382818233 0.7284220929798387 0.697329867613971 0.6896201070357305
0.9604641445401145 0.9533842816786274 0.9397181898978443 0.9289956729765542 0.95564571481575 0.9422553051244416 0.8988645793920198 0.8500484284636693 0.8217161994904829 0.8155472141844883 0.8369120504928738 0.826213653332601 0.8119175938012997 0.8026536874403092 0.8078582080528971 0.7956329295720955 0.7534515886306257 0.7941143558091803 0.7841448961660902 0.7786933363093416 0.7401025306399506 0.7746980532745621 0.7805658820906384 0.7617213653117823 0.7748404742082816 0.7741556808431449 0.7711864350742406 0.7935875519951517 0.8352178692394425 0.8357264009772574 0.8641733180718305 0.8779454114523508 0.8985534668424423 0.8632874738255215 0.8056134476066765 0.7686251530392667 0.7407538613937465 0.7610638904886375 0.7431242730571321 0.7278137432954537 0.6885404815620055 0.6781888479271071 0.6702447779977263
0.9229869574544729 0.9172593752705442 0.9091104800528556 0.9176105159231249 0.9261799580497362 0.9091586544066866 0.9137907342993719 0.8741609349073022 0.866834965482246 0.862640306806414 0.8613928472034811 0.8362552799534904 0.8340951125977019 0.8377161134449337 0.804237924770135 0.7992105176522163 0.8018962683598484 0.7860923839830009 0.7813726570882524 0.78101088856306 0.7446730699552331 0.7467758884692742 0.7468960810548606 0.7797711154315798 0.7703192935161022 0.7957513149416067 0.8131990585242002 0.820601354709388 0.8356791693671998 0.8390753624680448 0.850366975302132 0.8617026148687574 0.8823229462545897 0.861700789319008 0.828955147870698 0.8143987956439687 0.7660982168024731 0.7622298186304414 0.7432043608358977 0.7145607210303806 0.6980161968266501 0.6717550972286919 0.6543890665084124
0.91745853872643 0.9467230734785005 0.930587289454548 0.9352419512153631 0.9110886999992109 0.9224203399173402 0.9011987182457201 0.8679648498093883 0.8471656307346402 0.8725723191400447 0.8901555819683696 0.8682096040241419 0.8298123616241906 0.8175294064542862 0.8152992394189462 0.8172399901649509 0.8204950730185561 0.812957484593552 0.7895775368002268 0.7843702957978902 0.7520488340414399 0.7372006018527932 0.7591037302834842 0.7640870360548188 0.7958917333446839 0.8158251817400534 0.8228751946596772 0.8394733826593661 0.8215969017508381 0.8320149941756847 0.8539098751629376 0.8882205871152073 0.8880934280641785 0.8471376684890679 0.8257297719358884 0.8258730738348323 0.7997405907283219 0.7354509574131896 0.7139985538302009 0.6878054347995449 0.6774161724676712 0.6563660309197316 0.6580281723679207
0.9427503331447812 0.9466722973622625 0.9201212997888887 0.9140047468663388 0.9257546656417919 0.913171996644577 0.8849764811686615 0.8770159971199916 0.8746835174664934 0.8922930715569911 0.9092763521721503 0.9006864649056276 0.8492482358416138 0.8476701293095626 0.8350673317265983 0.8447477121539817 0.825006508799039 0.8189274341159762 0.8104375750682447 0.7812339533951769 0.7585701231435299 0.7591544830833071 0.7687393790371378 0.751433270505184 0.8026125869371629 0.8190941938212802 0.8209768861262854 0.8081273717419561 0.8539910575144912 0.8494206631794067 0.8583978300854145 0.8646383679638175 0.8767382609939042 0.845681574494413 0.8068493173208944 0.7968362023905056 0.7938571715002497 0.7524498270043761 0.7114200165574989 0.6672295160240642 0.6542093931338069 0.6523880907363272 0.6376591089402986
0.9381377459369266 0.9469937983703254 0.9411838220489963 0.9423628897172824 0.9580021769512878 0.9226335316458429 0.9255214430910633 0.9269868977546313 0.9187771136768892 0.9010674620815836 0.8958113845490205 0.9152893620867015 0.905445476260404 0.8525300782834179 0.8655195222364426 0.852237927264375 0.864681078570281 0.8398836569637884 0.821895140296933 0.7992644462911902 0.7690612235924938 0.7510819401103553 0.7360846016139261 0.7557488031477769 0.7986337022229798 0.8205026094191454 0.7868007685062021 0.7927438973958612 0.851222325792139 0.8443406631283986 0.8306144688886699 0.8497979170696355 0.8723529243426796 0.8679266628807427 0.8443709734812692 0.790117057802124 0.7747371409283108 0.7418497364558264 0.6956405898497938 0.6517786249112028 0.6391572379138234 0.6361345381945571 0.6505294946700193
0.9421943856915677 0.9196246030416312 0.924467363542727 0.9223143751730639 0.9176113725172147 0.9281932733745761 0.9268460536520354 0.9150214411343458 0.9055089689760686 0.9046092912302024 0.9086044506944978 0.9168600110399721 0.915875007592261 0.8616863059667336 0.85379168551637 0.852660178262262 0.8372474025817286 0.8239318897513942 0.8273983511728994 0.8135914657609203 0.7683981088372521 0.7682878901429222 0.7432432133411672 0.763033175119539 0.7984963844992684 0.801900758795361 0.7947380335219967 0.8085282244610678 0.8443338102170338 0.8334412858551149 0.8242271474701032 0.8194943499019213 0.8134080896232249 0.8355398936324587 0.8241357620404611 0.7623943833092499 0.7446046234794901 0.7235210215045237 0.6757062908780828 0.6851803954059934 0.675737094351608 0.6500889428874994 0.6652320446012071
0.9204174165479986 0.907527215405461 0.8954542937762396 0.9054962305047299 0.881548225846474 0.8962354412730027 0.9010069531615379 0.8876551856032399 0.9066551024017936 0.873618103353435 0.8787995633442235 0.9076899003181211 0.9060697204852132 0.8656788949768766 0.845844061153081 0.8517097452820196 0.8415376920982318 0.8377656297270343 0.8268360894708505 0.8095078333504759 0.8032774864337677 0.8054728625042219 0.7580540596714008 0.7582602629254445 0.8103789877765227 0.8152731894566299 0.8077850437184855 0.8109421063259052 0.8108682254875171 0.8317703820116498 0.8193576478657082 0.8176188377606616 0.8132798457188514 0.8076343974298766 0.7781369956758164 0.7648775191188464 0.7277146015711796 0.7023822480720335 0.6859023003302318 0.6774200470315114 0.6436680933649825 0.6828732333229892 0.7072919934936963
0.9106924482368607 0.9244670566866576 0.9281207341588233 0.9151890431922911 0.8944430735261825 0.8981407106415175 0.913563785151337 0.9001607998039699 0.8801344424507197 0.8869046529329766 0.877131506221992 0.8739483936320284 0.8590911116700685 0.8475844075397545 0.8312453114378416 0.8097445094801227 0.8242433309812109 0.796943100844412 0.8169562663683978 0.8180228046723566 0.7967008378877063 0.8074586789391911 0.7953465856654097 0.7818882578623048 0.7917836387759295 0.7731950053297563 0.770473418798188 0.803070240952762 0.8119402646031014 0.7921778115097611 0.7835429204946711 0.7912406132681254 0.799924306358418 0.7730196205927546 0.7476027754821135 0.7352531117784509 0.69181324832379 0.6912588554008294 0.6915093955382035 0.6648711917334065 0.6407624803617639 0.6757178131164886 0.7104561493199245
0.923870875742096 0.9262178157065748 0.901713653793864 0.9021841746221781 0.9063578167985533 0.9036328783266975 0.8978781126746362 0.8623192016834373 0.8296228416951829 0.8659303245085865 0.8653917985386865 0.8737610290121556 0.8703724366189167 0.8577652634196411 0.8118212446652288 0.8116413826599983 0.7997550592053845 0.8025703551931302 0.7849803255169047 0.8080328198490954 0.8120372385214631 0.8176641435788783 0.7835016371020886 0.7868402844977498 0.757678857928396 0.7820420253784348 0.7805251799351974 0.811241651047236 0.820380201956073 0.7762880039572472 0.7838579258306363 0.8040838889942273 0.8214528889497859 0.7829765766327718 0.7608173849696594 0.7179858152386984 0.7005240844224263 0.6761977712006868 0.6878506139778442 0.6586652694490972 0.6354163922240244 0.6583520325752173 0.6881123858461576
0.8892384071449249 0.9077948821447918 0.9071704292048028 0.8720593947064621 0.8613853483201194 0.8553445210967259 0.8547023808276316 0.8395986284746728 0.8355380385052442 0.8594409724989222 0.8578131898236089 0.8623158793422561 0.858339429665076 0.8446220118470754 0.8067084505959657 0.8046196559575056 0.7946398741742483 0.7559309968056316 0.7776416008597153 0.7890616213368503 0.7795786074428857 0.7820843909754208 0.7725957162674101 0.7477107259366428 0.7520823639952634 0.7772181984520311 0.8021134481248196 0.7960748051237067 0.7897275524729884 0.786646352218809 0.7656112333440451 0.7706215153752004 0.7798713771322267 0.749107103629655 0.7092125056474498 0.6997167496817421 0.699800279223501 0.6871380738731274 0.6661075988993747 0.6420222293992349 0.6212567995742968 0.6585581355311713 0.6825356060896665
0.8784704659442919 0.8963830647108534 0.8720800324218241 0.886792133902416 0.8612631767915492 0.8161480195299227 0.8148251776628036 0.8108456884594235 0.8448469845987618 0.8495742516542512 0.8345360886113672 0.8352920022229402 0.8130038711834654 0.7960708215244225 0.808113174842564 0.7890869832653791 0.7765957059413552 0.7657183279331847 0.7419436182667934 0.7529606295124689 0.7489278851408181 0.7713376719176516 0.7521873985890797 0.7437859895108144 0.7754847553196542 0.7512578764632672 0.7733843023568276 0.776777874793839 0.789328352044054 0.7703924998063166 0.748538287041329 0.7416546640948257 0.7541172845756298 0.7290364107425107 0.6830821103427931 0.6920729009401931 0.6408833603675966 0.6502103412815635 0.6663773853977798 0.6330928107677006 0.6163673106397125 0.6227710935301504 0.6205410039231629
0.9195665849054017 0.8809841366395214 0.8967725514495691 0.8823099237074539 0.8631172645082323 0.8183319043553269 0.8043449711442454 0.8021955898605841 0.7996145046511255 0.8113531835744499 0.8034639820207069 0.8035091575175167 0.7927433164700689 0.7850330179302176 0.7732174312047596 0.7453598589561368 0.7252822806233479 0.7208284015191035 0.7268742358000668 0.7164470932216787 0.711348453100536 0.739904276568289 0.7586684192585176 0.7558422872398267 0.741028959467989 0.7631096348173974 0.7625113306800892 0.7817869947219772 0.7647481668488624 0.7730530980261335 0.7309855048205253 0.7532885508506697 0.7087198542177733 0.6811181145820637 0.6745580893079036 0.6585331919182525 0.6465579112579039 0.6329846719740543 0.6316043722002086 0.6374151029378731 0.6003848241325431 0.6004101756065431 0.623674503585365
0.9420538464519457 0.9013985726479703 0.8990189278632511 0.8514060481985669 0.8219546319855954 0.8052132982756912 0.7689043676575767 0.7921896184772613 0.7673482727945242 0.781232223375182 0.7751107067977642 0.7951270162469378 0.7831875789158884 0.7582565274253232 0.7468353584873142 0.728128618277381 0.711047588905203 0.7125368612432157 0.6783503264409183 0.6595599348004161 0.6660133449988385 0.684946647214391 0.731517629786912 0.7381298908496383 0.7037724950282098 0.735596956620166 0.7727947965865933 0.7820636263524822 0.7775433522447674 0.7496411910532096 0.7075126346503903 0.6966745033988622 0.716402809695225 0.6942351861786634 0.6456809002154176 0.6280113054587524 0.6289993861202732 0.6354020511199313 0.6168807433221849 0.6044254320666161 0.6175903737247991 0.6247724906824265 0.6258502291420602
0.9198214486369407 0.9077658166890794 0.85955955896139 0.8378602133171849 0.8242381364753966 0.7941508916079134 0.7740973995655126 0.8075166339099924 0.7707986854525395 0.7703047854307453 0.7549768944379963 0.7807911683597126 0.7865172533909138 0.7754898668751715 0.7372181275513117 0.7309127633160397 0.7244925757489545 0.6893927212083859 0.6915611360111787 0.6542656163940218 0.6464787055136441 0.6800030153845562 0.6991602977832747 0.6904784535583091 0.6902062230527324 0.7289864040324526 0.7643818797823174 0.773292197669008 0.7630763698179559 0.7260771622704072 0.6902585177895579 0.6950675386762301 0.7027730854989471 0.6813403071002306 0.6471223113357049 0.6434258808990452 0.6434714060238881 0.6177570439246642 0.6089075243797367 0.6219336710056911 0.6359304190295992 0.627907213843592 0.6356941848014992
0.8702596128558088 0.8604160544927473 0.8651560973288075 0.8758674972595746 0.8511326936603213 0.8406607258259893 0.8104302459732794 0.8118062297491265 0.8090744207932028 0.7880044355880662 0.778572976636274 0.7683444559101406 0.802530532721689 0.7937176611333548 0.7792727872193119 0.7491417207373925 0.7250368423731501 0.7087111231371844 0.6774914766669691 0.6583549845699329 0.6610471159202904 0.6679052471139827 0.6762299984788994 0.688480094424233 0.669436519009139 0.7293117398609369 0.7447404183097428 0.7646028408073432 0.7531797337153197 0.7407491045577762 0.7006037324480875 0.7168108755147604 0.6993985880308426 0.7060174829512519 0.6648273464274232 0.6727656233350776 0.6316179198923424 0.6195910866818026 0.622886552203338 0.6309305651821636 0.6002032801471128 0.642786966044341 0.6643396961308978
0.8722458880019033 0.8620700638126537 0.8808832262713802 0.8826284666761306 0.8555229373000359 0.8475919248456226 0.8349865126962426 0.8371770516569722 0.8062253545513243 0.7934399133481724 0.7894068717615874 0.7673177404335983 0.7565070573597458 0.7714320349271496 0.7665710834561769 0.7612854544897765 0.7518455251994367 0.7283006172161891 0.6855256855336304 0.6886356974584489 0.6481125303761224 0.6437133940394408 0.6833617482140077 0.6668697976996508 0.6482367083323436 0.6965478782796785 0.7345646849644972 0.7708231970631917 0.7683379446154668 0.7307843361847632 0.6960039783388071 0.7166233369738259 0.7220393128472347 0.7035565445253134 0.705519087391557 0.6711866355584986 0.6548059394197927 0.6637703673944684 0.6650532352787952 0.6283474853717391 0.6018220720685505 0.6186373763260054 0.6557909725723486
0.8454478526136104 0.8564037830927894 0.8467364273095014 0.8657692146028078 0.8916660486175892 0.8732378590679709 0.8435002571552976 0.8338899288699266 0.8350068371681804 0.7971059116791093 0.7873079201193831 0.785232757483104 0.7591017629134224 0.778278153645895 0.7363854769527556 0.7507807498013913 0.7509030997468925 0.7111495738953191 0.6899575172602999 0.69007903142826 0.6490149566008568 0.6529224745949095 0.6604061435366545 0.6730785137001638 0.6465564384357972 0.6999964614721625 0.7363472993041777 0.7448724102594775 0.7636858694522255 0.7258269028332006 0.705745297276503 0.7017639163688828 0.68374845712818 0.6860730312258276 0.7117556491339571 0.693178761119477 0.7167816026324174 0.6836128356849593 0.688667789254762 0.6455018471157635 0.6381641516082932 0.6188527749434798 0.6306981849267236
