Raster_benchmarking/DGGS/continuous/raster-95.asc
NCOLS 100
NROWS 100
XLLCORNER 1743165.2253107745
YLLCORNER 5469285.704533864
CELLSIZE 10
NODATA_VALUE -9999
[rows 38 to 56 of 100, columns 43 to 85 of 100]
0.5244730199288049 0.5044944502341874 0.48923576074510067 0.49283017050607203 0.47978129456507407 0.5238800826878824 0.52541149810684 0.5345098804465327 0.4916806743921817 0.5286415550200579 0.5171867873358107 0.4666023897058179 0.44389270530698105 0.46272477504666504 0.4815777024495188 0.45840094182029845 0.453437355266799 0.43742172049818145 0.4414421146016723 0.41926397239392266 0.3832959554384316 0.38295493097008326 0.32023981073980273 0.33154228580439704 0.3002272428219547 0.24750574877530604 0.20217619442445856 0.18062615352083844 0.22361284306143825 0.20026986118868367 0.13861735018811783 0.13656796043902453 0.0773560296732782 0.07281995594223105 0.11900475508020035 0.11473196623284343 0.12569773384947344 0.1116625995812754 0.09621663687927401 0.09465137165645972 0.12809078779239028 0.10321922755934727 0.07915426105784552
0.5701131622616 0.5589278291998336 0.5274380228474334 0.5268262135502606 0.5182211047667118 0.5019259497132149 0.5292339309330555 0.5264531657308831 0.48613963992209613 0.5162734295641492 0.49499323853478144 0.5044256224549527 0.4890203401785736 0.48124585289375804 0.4981688953623203 0.46550561174096194 0.4579027248222198 0.4623270199203799 0.45268230445080593 0.4311607978392929 0.3718053501443025 0.3497485708278239 0.31884014391141163 0.31467931663480325 0.2974459516705776 0.22979547390313426 0.23980354327280717 0.2001682497939001 0.212039371391324 0.1882189418953843 0.1642299506666691 0.1180252729796555 0.12342075526579359 0.09862916692201391 0.12864111798598818 0.12330920616533299 0.11163974873642404 0.12890777762606875 0.1059002957749307 0.12479175161997667 0.11201377413123302 0.08390651248617235 0.05643118256788028
0.6036438048264146 0.5799380102988239 0.5395481900787937 0.5521523509485036 0.5254337702373826 0.5377085119339357 0.5516567077442869 0.5430556746032096 0.4917715062228467 0.5160293156164374 0.542237677961403 0.49820860441949255 0.4817440131314287 0.4900224968694932 0.4771396240501122 0.4771709433623088 0.48266316021062383 0.4430686588392272 0.4534907469166174 0.40197431763936287 0.4048123983789685 0.34063183207722036 0.3124560701625227 0.30964107146493774 0.27373242525340025 0.22666636031822168 0.2283769839840254 0.24281621599511757 0.21974408484820235 0.1854002982295549 0.1353228739088502 0.14806612096062302 0.09724898464275135 0.08710584158861776 0.09391645874143312 0.11913839904708007 0.14367183683760484 0.09819639680706008 0.09896325758456323 0.11930984048484636 0.0948982223702006 0.09367239128514729 0.0495636823962009
0.5926474120023778 0.5289221239505997 0.5459601915098103 0.5422797513809918 0.5331111949314504 0.5114354875961277 0.5147430140345255 0.5488063250943075 0.5169451480581568 0.5295266190908064 0.5050928520301229 0.48651184904662537 0.49048260993515724 0.4555254832847652 0.4406011336556069 0.4851500681352783 0.48043820406112003 0.4444710735661778 0.426516739124127 0.41145237053452133 0.3966534568017266 0.375570944791415 0.3343690613762406 0.33555107673484363 0.32117789160724836 0.26359666463164694 0.28610472064652187 0.27896569854758996 0.23884803284940745 0.2044031105655225 0.1517053217759913 0.1673272254733877 0.11938208690521207 0.1377966012168308 0.11788778061516943 0.15579967604924982 0.15141467775828746 0.1148376061120452 0.11348860326390005 0.10036176885072548 0.1015102437796601 0.06678511192812099 0.06711074180000393
0.5564184916759944 0.509015534666398 0.5044778530055364 0.5357850358276692 0.5148728077652361 0.5070274871459646 0.5266267845015403 0.552665622931649 0.5652376311438138 0.5388880237661059 0.5143636842169926 0.49055983975124046 0.5064559570914149 0.45255221481618935 0.4340400221203401 0.42305693116805626 0.4655931477019661 0.4362305063023052 0.3926134696418719 0.3705066871655402 0.3812875894888772 0.40066421861834794 0.4035379600593765 0.3459755415964419 0.32314143652484756 0.34036959326276167 0.30364601432881155 0.31807848277166034 0.2781285700974175 0.2542805395131886 0.19057882220627143 0.19233129632734683 0.17239092141209145 0.1971283617023351 0.18772861101179283 0.18504699562782037 0.15805400796625715 0.143953733212134 0.15176672492659748 0.13555695799328008 0.1062214094470001 0.09684964884921685 0.11278233443324105
0.5118429841824692 0.47771417060525556 0.49995608684767245 0.4799725263974901 0.49527189462327476 0.510607445195405 0.552557813070274 0.5703275543042748 0.5412590187531889 0.5277071263424983 0.5089798167201791 0.5061820746781881 0.5337925009447787 0.5013986845596655 0.46894084761572163 0.4125735949949702 0.4004028356681827 0.4194776336894141 0.3989133057764507 0.39625429031494 0.38328977806888964 0.406049815521258 0.39364761220794064 0.3753184863018942 0.35085952631763145 0.37497507812728165 0.3707059157705236 0.34425247138712817 0.30301145545319924 0.26642646322566793 0.21436804441838153 0.22031303367915905 0.19658739905545336 0.19785067509500953 0.20480839991408387 0.18375844854448187 0.1464687190975914 0.1250574015036892 0.12137407795762031 0.13777823464155095 0.13867484568771027 0.1540780659191068 0.11790089850946715
0.4601966095604024 0.45204830804430923 0.47030284097801234 0.4777460276367043 0.5243834367161548 0.5073119528838745 0.5359771361581239 0.5343079301013269 0.5703436864228386 0.532127826064616 0.522500688841156 0.5169727537575229 0.5386606527075436 0.48009121159376494 0.45163596355414193 0.44169534228554097 0.3939006318884715 0.40220733074071835 0.4406578617475582 0.3994721045144956 0.43049784941093727 0.4157789408228527 0.4356174137443502 0.4273390742013548 0.4247780371148145 0.3818350822166245 0.35975132938604554 0.36408670818352035 0.36143434291035936 0.30984984585081043 0.2755856257920561 0.22856144277499924 0.20889592174902089 0.19921305671075384 0.17097940466477482 0.13410740263352203 0.12981940557970312 0.11317821704422752 0.1424239129430116 0.15009430994187947 0.22011666635911356 0.1750619766504726 0.14755305607226663
0.5123438394789009 0.4921749156447834 0.49360295192416487 0.4685266643985682 0.49429541318807757 0.535240081843152 0.5307870752693743 0.5532514701779468 0.5383947430245367 0.5435021228402862 0.5325218903549899 0.49932607315530847 0.5151182049273376 0.47569261388572076 0.4728960120742152 0.41900763376960826 0.39555628808527843 0.39743341061874293 0.40209322997287067 0.4296766142230032 0.4489297120193906 0.4346266963667323 0.4347273389084441 0.4355727712602257 0.4235556596146951 0.4079754737510654 0.38853817975279287 0.3829371646579798 0.33253678058587377 0.31471277636807843 0.3052134752669318 0.27338823785962324 0.26173971232571425 0.21681183455852723 0.19396153061460292 0.1473312298225259 0.15577246520289234 0.1301228271497528 0.12273887141378235 0.15507952838934014 0.170480694214495 0.13910861201728875 0.16789280415471794
0.5380880338558094 0.507334895314436 0.4769192939323129 0.4827131604211722 0.4759364188261647 0.5001267926473836 0.51483155292607 0.5158994137434405 0.5284975390173562 0.5480697862731386 0.52081657033862 0.4795684494732151 0.5155017677332258 0.47759897004905755 0.47175148226709573 0.42671824076529324 0.41644174501219533 0.41554754424155116 0.44047912229869607 0.44099385944549446 0.43038263075518224 0.4534309918032107 0.47127124171460394 0.4325841251475292 0.4358288621052493 0.38583834754419377 0.3593212359367124 0.3732283739463865 0.3633257032963792 0.3160369330494059 0.2803000021429836 0.28129363964540427 0.25389292539979735 0.20476866435621421 0.17886835131368006 0.14155582320382132 0.13635520891650885 0.13588051329099024 0.12679665684715993 0.15174028727047037 0.12468876686984934 0.14718183959073064 0.14043438235868747
0.5435710647354405 0.5255182378836017 0.4807000371028765 0.49278655560502876 0.487228102620195 0.5288972605738439 0.5455359071514234 0.5381794096729894 0.5126287206991431 0.526953468378907 0.47117763445734395 0.4776706774073765 0.5286936646772479 0.5114103533228558 0.4723475362392271 0.45198715524811045 0.46476898168364345 0.45330695487102673 0.4323556729996934 0.42636357511869055 0.42682997026663727 0.46430421604154765 0.4670590845535879 0.45019838220628783 0.44604916464072975 0.42521879847554356 0.3934339320674411 0.3559015945266574 0.346647206104786 0.33462519243243516 0.2791103860961121 0.2856109512687608 0.253446056999674 0.21163637288106973 0.15694557037048862 0.14880813489994676 0.12984992930469327 0.14257069447086584 0.131231972345547 0.15779827225868795 0.12639680128342462 0.12112962690950377 0.13694704023069343
0.5589368948728423 0.5210509465468276 0.49050916483612533 0.5126862094352103 0.5367083588281553 0.5482765683988409 0.5233098537311863 0.5158732214937445 0.4933714546623801 0.4744980897268181 0.4606449552880216 0.49715907613098753 0.5051587516020851 0.4929643128506212 0.520065374577649 0.4622922087581096 0.4330716969763083 0.4289554401524572 0.4637966650684095 0.46572917356328597 0.44106581458652117 0.46768841831212565 0.43034301503548206 0.468135275215654 0.44113059666362997 0.42779743472114873 0.37797830300761176 0.36128255675609144 0.32339934451591024 0.2879469769857518 0.2918044248926672 0.23629048194900049 0.2392688644362379 0.21621741983571546 0.17676628655891127 0.13881499717035525 0.11006705244965065 0.13324140682137672 0.16829286987565428 0.13953508339479906 0.1392505616118194 0.10620479729884938 0.11295197118504445
0.5390301544760817 0.5199010376589225 0.533124731172727 0.5488381077769627 0.5525280503656549 0.5050457951251494 0.5099054293200639 0.4916248024245077 0.4700122633343426 0.478667019986598 0.4818466312212979 0.4861556898024734 0.4768465995666171 0.5201592080411466 0.517235326701488 0.48635165731593644 0.4449782004964725 0.44210754917692147 0.45765050429890636 0.4616188982125866 0.4606019457664681 0.4460053607039385 0.45382293472716684 0.45085672499178614 0.4315484086988819 0.41305580253390833 0.3816451200141681 0.37728360346000195 0.3070948791035695 0.2718397140712205 0.24876029578337938 0.23144769995503128 0.2057812934684747 0.16839517745222543 0.14755485545140323 0.140129735139038 0.15294174662081872 0.14170338368377208 0.16328323608946704 0.15605319521480487 0.15203745609344657 0.10877161737766942 0.10469238598078875
0.49651444630905833 0.5256250856220628 0.533183141848475 0.5426597621851069 0.5348261583060399 0.5153463839960889 0.4926916714215493 0.4907384467455281 0.4228468763284351 0.4239571487035158 0.43676995270551555 0.432824509597224 0.4464101101649336 0.5083693108930338 0.5284959228329801 0.5022748171033878 0.4942843573959145 0.4879048719143013 0.45626209662357425 0.4744082187771339 0.4817224013366827 0.4761631872929801 0.43822434430173124 0.41397042476165563 0.39529960989288493 0.40787203060334265 0.39487668480099947 0.3371177252487594 0.34502795549327103 0.24868313419645333 0.2218319302798236 0.2325104962576326 0.1854249674376827 0.14995664995783972 0.12632806550756376 0.13943157801149209 0.18493095686557898 0.14441182177855852 0.17638328038862888 0.1517344202670092 0.1349758910515519 0.12977350499264817 0.13501445529308137
0.5338686121983095 0.5230355139593711 0.5260603079416144 0.49773169627814123 0.5034127211469009 0.4813906265990694 0.46416430731588626 0.45926275011844014 0.45183019622031306 0.43471886258354225 0.42765160410156344 0.4460775563714942 0.4362990947069036 0.4677122937548098 0.5098121406471914 0.4996409447318811 0.4853722490408144 0.47386755663303093 0.48835787146587806 0.49323628352903937 0.4850014193486691 0.43549596623760833 0.4293021673403306 0.41339978721010406 0.4182957898822531 0.3872818077955983 0.38476150345710186 0.33645295256086666 0.28805054233297195 0.25221418944302343 0.2201618943525161 0.20710377810041514 0.17155506608041973 0.16337873518520368 0.14018190684007092 0.18717264413198964 0.19301133807417167 0.16463522258601296 0.14669103147972415 0.14087656828022285 0.14484223182190598 0.16343401945863092 0.15419771014006423
0.504939943254661 0.5149414850311353 0.5025662231437911 0.4868075608732137 0.4925223946648478 0.4816005484789947 0.4457615094254813 0.4380146096409628 0.42872162868063607 0.44613465603215996 0.41070492560035443 0.4766369733526635 0.477327662119416 0.44680554166745534 0.45194697709895304 0.4981138980891217 0.5236186762877835 0.47700253298053596 0.49187809353816286 0.47983409851201214 0.4668182511871266 0.4405874486065012 0.4106158855151839 0.4097551505373471 0.44427191781875214 0.4152743338802568 0.38726439743123703 0.3412874200541358 0.289569815724168 0.24048028689208942 0.2558406404316015 0.19573269045311206 0.16148653675775332 0.16294995479033 0.17945633823571266 0.15153273314750976 0.16493652466203843 0.14445679592624194 0.11732230455704411 0.14411008680666193 0.14474226510387936 0.17646458719963537 0.17244100279076088
0.502131597053818 0.47323689363718385 0.5007967346939101 0.4759913101610914 0.4911485808433425 0.45924494328686344 0.44934250920792407 0.45275711432530374 0.4712656416452135 0.4441623738713548 0.44613007977871716 0.4691492527858861 0.47575159123201116 0.4774052322199348 0.4532606066018815 0.4881574001108158 0.5060542222995709 0.5009662725479128 0.5064018625792057 0.46350745522645315 0.4448545128772058 0.46251089206499146 0.42179196866408547 0.42906306556919416 0.42686144829460504 0.42442990584702545 0.3899921228671087 0.31203599642759655 0.2885119239486142 0.2268200400645558 0.20060188859079456 0.17917654558169702 0.14923942749772862 0.15340764737821652 0.18842339141548017 0.17639274602707963 0.18031610912174478 0.14090080359998525 0.1298806808343971 0.1276942898381978 0.15037775980602164 0.16459177668907363 0.15785605638325748
0.49142554668948424 0.4885635806594112 0.46625905770183257 0.47194987724122006 0.4496519398987574 0.4336871121943745 0.43351020722942096 0.4683259753067533 0.4594403894921765 0.4495899202815978 0.459416593354479 0.44487292519241917 0.4903203808513036 0.47376446656233306 0.44760981019017637 0.4968448320794174 0.48071779823301714 0.45660302058163793 0.4815055972566993 0.500967031318085 0.4782682460383497 0.47557051355269553 0.42985886956045677 0.4388533375374642 0.45883433014153674 0.42019360375638076 0.39734615283640917 0.31398596883573054 0.27142797603891633 0.2278310158310962 0.1827628581355865 0.15196902762654937 0.12319949282355204 0.15567014106309315 0.1401601485623583 0.15550496706821773 0.17829733483775376 0.16547883417546536 0.12494378098878306 0.1338274582896347 0.16291833482418677 0.12458188075403297 0.139111385294014
0.4596791687167917 0.4793659247629446 0.4884939099800092 0.4617636376003494 0.46489499258440403 0.4423670584689212 0.40458211549384937 0.4392154252065477 0.43063078353737405 0.4602904265200912 0.4561789338843416 0.44797503689451296 0.4498608172763036 0.45428414586602683 0.45344656913944076 0.47487614907834935 0.44585005344702106 0.46236164186099715 0.4713872593212132 0.48130603692242674 0.46311087051067984 0.46011671752681593 0.45168346648816193 0.4315392833928642 0.411647684908554 0.40890325067959943 0.33874854273365584 0.32722557184668793 0.24864429615263695 0.20581194071879397 0.18051525928273748 0.14286942039639092 0.1020914667268402 0.11331998396853964 0.14044297076390133 0.14780783088060426 0.15028587992052017 0.1459282052631846 0.14784561456982342 0.134949858970463 0.14276280187310056 0.11736705955451412 0.1402416615998659
0.4842501287427671 0.47556719886496474 0.4939038252172341 0.46850408281681116 0.42907136265544576 0.4335978697088242 0.3843541097859545 0.3918180077198413 0.3803727008212204 0.4095490400919613 0.44926067278567244 0.4456967262303363 0.4527775480456803 0.48575117323986094 0.4753882386804516 0.44643511567212735 0.40698405398123577 0.44108863502070816 0.4524586062587653 0.43278945073277547 0.43212534310794853 0.4391429263400808 0.412637747018278 0.41983484524372067 0.43345092865926893 0.3628150057476235 0.31385204100447095 0.28081728428668834 0.2623414356892773 0.22572619221695356 0.16760988130031032 0.14542044085058395 0.12014724076368816 0.10706957582495472 0.09891338488217953 0.15661858669152778 0.12345464942035568 0.1664733840895114 0.16364193679326444 0.14780600282918077 0.14497419207428394 0.14988892295236536 0.11893748063950521
