Raster_benchmarking/DGGS/continuous/raster-241.asc
NCOLS 100
NROWS 100
XLLCORNER 1743164.313686744
YLLCORNER 5469282.092576896
CELLSIZE 10
NODATA_VALUE -9999
[rows 57 to 75 of 100, columns 0 to 42 of 100]
0.6711910024149124 0.670016887839935 0.6614055956453195 0.6567890350661437 0.6512477020009944 0.6596891610147715 0.6564991019872264 0.65288430504408 0.6560964569627652 0.6234429860783273 0.5582888559725666 0.5607689218348638 0.5004350914902279 0.4633036583248157 0.44346416725033905 0.43180018195277425 0.40788550316465105 0.42987332491390945 0.41766377962435675 0.41477577937386995 0.42830737435460925 0.4215623493953047 0.44201671418830163 0.4484676487479004 0.4341610284361448 0.39695204275340285 0.38782119527885855 0.3810799455314985 0.3659130759473796 0.39962842244358426 0.3672689076242179 0.37101042245337834 0.362960576498287 0.31469946268343696 0.2833997602231357 0.302638788496786 0.31608050401593996 0.30057580126436173 0.30082219152897255 0.27367813211580627 0.242140299584969 0.2640790615763782 0.24025312241142577
0.712763255172281 0.6644775710135481 0.6562008441186431 0.6408205129035397 0.6506102179721728 0.6782499906842836 0.6989325195233542 0.7010824892161004 0.6340571399240831 0.5882204515182501 0.5713056666485143 0.5615173426625311 0.5443141299214614 0.4849637216399478 0.4921175466814941 0.4454963696261966 0.44405655112190023 0.4311915979394499 0.4257896968767127 0.4526773330788672 0.4395440535641598 0.47349107563026244 0.47787294813924436 0.48202894526362816 0.43221619784904064 0.40968544661221257 0.3839016663677263 0.37453718917468737 0.3703276844823233 0.4188182231868378 0.37663094520009893 0.382426405715723 0.39215773071667703 0.3614287912536563 0.3452947440529634 0.3178706903149451 0.33876344768433275 0.33222574992106485 0.3085312597036284 0.2870289260770948 0.279409651015575 0.26362943776518993 0.2703956582149147
0.7061009226814384 0.7004592071551091 0.6784138466278795 0.6924969433453032 0.6874475612833062 0.6993366429224334 0.6928192157737215 0.682545072028364 0.6230253064158245 0.6184636394845141 0.5654794788621889 0.5843443309574489 0.5570588976987026 0.5381166629758085 0.5357691838566618 0.5154080836074809 0.46370765308107575 0.46576032313100374 0.46451607645431464 0.46656220629590306 0.4457559300148355 0.45175333656668365 0.43862765170621204 0.450002815906928 0.4387217849890777 0.4374897746651668 0.43983210106404774 0.4078955559292085 0.4067096926894534 0.4218110849761266 0.413428990452251 0.4088500756995839 0.37348864311452634 0.3840250516950809 0.349004694269465 0.3202417963301488 0.32311586210963167 0.3494881916868828 0.31739123596039154 0.29707108570310115 0.28667881653446464 0.3002608186809784 0.2900632253201037
0.7146853218253265 0.7298761618319778 0.6820499295106275 0.6823524079187235 0.6674558777829188 0.6740779586186161 0.6790093016876759 0.6751742774209379 0.6269816286213079 0.607772195120212 0.6002074388048521 0.58615098244418 0.5612901250265538 0.5761016258274069 0.5750883136474707 0.5492513812116642 0.5156748232987888 0.4916713047954027 0.4815351343660564 0.47980189674770385 0.4629540991986704 0.4516941633582894 0.4629399927325955 0.43660347121257775 0.46619341849836354 0.4670984739231867 0.43713253708872524 0.4389827907217028 0.43035051725684187 0.401332471278556 0.4303298138887366 0.3852679890672537 0.39970150277585487 0.3817268075428993 0.3458398883260797 0.35270567140506515 0.34650453770476186 0.35565774140054074 0.3290566351943947 0.35316089496336067 0.3153971354106137 0.2940959640042285 0.2991951365901462
0.7207033997173972 0.7174615810323302 0.71081923186635 0.7170680850777672 0.6898849123720666 0.6966334644159585 0.685376901056205 0.6541468499497562 0.6300343893042265 0.5922220086245295 0.5926393761340031 0.6090635154646554 0.6020752172090431 0.584177759704537 0.5739637860990013 0.5753511306510538 0.5523718919218201 0.5082821813680769 0.5209859231238453 0.4944615575183781 0.5048370365669399 0.49240876658216143 0.454837569270795 0.44231442270386695 0.46637837097672535 0.4743738238913308 0.4731930808822759 0.43989312965781896 0.4262388211405349 0.43626838229780385 0.4316546388197996 0.40971067466700156 0.4003796407353469 0.4012323016422784 0.38249344868695845 0.3778104694688067 0.3605312498136266 0.33952104234243285 0.345436079862361 0.3448901603419608 0.3433343401286564 0.3381863657207147 0.3186576345409876
0.7574824406203794 0.7532157315068961 0.7316553161660884 0.7116292498121055 0.6768028480081564 0.6782524984494994 0.6610873318865943 0.6416952841770983 0.6290788927824371 0.6129035511138656 0.6043164277689761 0.6193368901739645 0.6411615135704709 0.643546820199123 0.6042722685119017 0.6018630265656991 0.5791123850277663 0.5265949753474087 0.5134137279530551 0.5185152295798182 0.5036595476661468 0.48900115064826266 0.47553896838857357 0.48560721270279716 0.47268851239255866 0.5052266476631401 0.4788352393878526 0.44822482882869613 0.4723117266496845 0.4540534820154484 0.43279558170937765 0.4411733754614526 0.3915593628256608 0.3981202927434983 0.38909113416206237 0.36628321215847554 0.333503821132828 0.3303813076789358 0.353718481127454 0.34870034346687867 0.3531312655485723 0.36841124364293953 0.33345450577795005
0.7797821218012362 0.7533891867965614 0.7433033179473153 0.7491591764368106 0.7094554638344209 0.6609658449049586 0.6816077302833287 0.650814035929667 0.6560989480586663 0.6434202267746797 0.6802476243529604 0.664429619708507 0.690203866521847 0.6479896013169434 0.6300210697405451 0.6042632986131966 0.6066353009260381 0.5856692804440776 0.5347941990566378 0.5392552046914142 0.5220961504783233 0.5207982056073123 0.5494061972959563 0.5173650910111233 0.49077336969438695 0.47850237224074577 0.47660430302154294 0.4929771224105624 0.4691992255456591 0.4521522329999744 0.4353389432259832 0.4198191618291133 0.4171000041300209 0.39521695195805756 0.3768154637801301 0.3633284920795234 0.3650017924163192 0.37230659603954996 0.3792110112668267 0.36779182765223817 0.3964142130724929 0.39106914525844266 0.36608420106038525
0.767530788762784 0.7708841678661689 0.7371489670573483 0.7440614747166261 0.6875317688952364 0.6593770185584654 0.6900406684435468 0.7049847103568665 0.6852917756892757 0.7029319710790121 0.7127838856152169 0.73088679038082 0.70008391648984 0.7120679427771343 0.6503628737616497 0.6405264522822726 0.640191102309041 0.6079757307202521 0.5769477961509276 0.574832716179109 0.5594530545275069 0.5919761654787512 0.5840298052516925 0.5392794790042487 0.5187171651748738 0.5109227796485256 0.5164768854059855 0.48985978548629994 0.4707448129327057 0.4221912221573696 0.4068321998298764 0.3740140609979034 0.3922432954175735 0.41342628295614975 0.40499783280161644 0.41454025977936054 0.4127598485208455 0.3951849928839583 0.41108528320338494 0.3830876485273046 0.40318317294694245 0.3971138489444954 0.37072152899915223
0.8001577236737665 0.7926097705435887 0.7646888364145888 0.7307235499576065 0.7212005907049873 0.7056990732876328 0.7115383028032637 0.6928601324837649 0.686830639195756 0.6985750744219432 0.7310724463953364 0.7431876342235229 0.7345263144184306 0.7193577123975248 0.702270980729803 0.6947238737588369 0.6698687316383871 0.6659733251891746 0.6274856273027357 0.6083025442446366 0.6061699619776482 0.6143242063502147 0.5854308839289266 0.5859943508248583 0.5408388148868623 0.5156251005425159 0.5243036090026992 0.4775324531174601 0.45079387870271687 0.45047916642532976 0.4086780836547159 0.3961283102066411 0.40782327141694086 0.43852897678728425 0.44888498355539774 0.46329707692256167 0.44664315156411444 0.4235501430150123 0.41564122862134173 0.4195139987031988 0.4160370166360606 0.4065445197980205 0.40295592194435265
0.8182231633124987 0.8270616236060435 0.7763992775606874 0.7168228164495745 0.7226895797065541 0.7009332342263884 0.7223175600739373 0.689416655232329 0.738167743557774 0.7303572223020364 0.7509478237843477 0.7566988969749873 0.7548455010086207 0.7736317811587324 0.727811895222233 0.7204026079909818 0.6831075651515065 0.6879793222265309 0.7049589308803532 0.6897298292856834 0.6589576803598357 0.6292941066160836 0.6214840320840957 0.6089131090965125 0.5613212852112243 0.55396514323311 0.5282254257658628 0.45849362371336083 0.4641466122541287 0.44147010450052976 0.40536616159350247 0.36918185472004655 0.37919522503412206 0.42845916659216315 0.43702769514590134 0.4739460453253079 0.46757103857622245 0.45922255136886525 0.45490315666947034 0.47300145578841774 0.43927884535386397 0.395261082700728 0.3838778135255597
0.8315588329420633 0.8041422407895118 0.7828513833858833 0.7542523644235763 0.7120617796498244 0.7463117031195458 0.7363184306292179 0.7400971849299428 0.7755905184915812 0.7563232982118595 0.7856922213607563 0.8072983564567894 0.8065820715408063 0.7886768768327985 0.7598971679308432 0.740198557906181 0.7040508136411707 0.7273778774736014 0.7223047646524892 0.707884687261076 0.6520049010253542 0.6523329524335825 0.6350074343191063 0.6425067225914826 0.5903012343796769 0.5726184557393016 0.5467722036280247 0.5007946949870812 0.4587230242947362 0.4322952840943868 0.4333383112678116 0.39957085555514216 0.3990843762010295 0.4325516925107042 0.4562477196809229 0.4579838377511133 0.47000465457287294 0.5015050595098905 0.48767981475919203 0.4673327932238681 0.4623249564891414 0.4212676097106733 0.4145217361746994
0.8221153528575443 0.8147770856189087 0.8057131532012348 0.7473431887564567 0.7358350716727378 0.751923026699049 0.7596386942899108 0.7904803233717316 0.7999604821081312 0.8003300048501604 0.8301402378357546 0.8185766263440823 0.8267410560887184 0.8176626745462185 0.7851556239533103 0.7512580685051756 0.7424547431868631 0.7352673640646836 0.7136096767421195 0.7009256715072909 0.6977973638801569 0.6653994305720968 0.645051078844009 0.6620056432211402 0.6057140091901175 0.5620101791307273 0.5414518506472784 0.5442797785454186 0.516908289562535 0.4702693117322845 0.4334982495529394 0.44502894074622457 0.4469824600862355 0.42852944159719064 0.46943737739033575 0.4826035175011782 0.47176407228644224 0.504700185826729 0.469089395317633 0.4688919146808081 0.48246407330061086 0.485482462048054 0.4652728967503072
0.8113673790971787 0.8035372442187949 0.7922738881329862 0.7488981697080309 0.7765189919817704 0.7898619678457418 0.7848153952671318 0.8123134292502694 0.8120258148413544 0.7997907390755095 0.8238262498757986 0.8163639235246044 0.8222319627581653 0.8146670313434665 0.7975949979108586 0.7901940564572344 0.7744246411418041 0.770709862473776 0.7551367643276653 0.7123660112781359 0.689836311386638 0.6742833473329244 0.68477816600831 0.6362335385779397 0.6091849962556014 0.6001937048474921 0.5743746622910157 0.5521001001164375 0.5181504580646729 0.5038717774749213 0.47036487210129446 0.4686999839357107 0.4513057460475489 0.46376349294700264 0.47377918161529514 0.4852761735677653 0.5057469542536721 0.5066511109086246 0.501518792430202 0.4850310645165553 0.523794432086353 0.4908699097175158 0.4964820736138894
0.8025465595529111 0.8135047704472761 0.7888010246378391 0.7488433469671392 0.7702919644980459 0.8247972911803049 0.8236264287315584 0.8478150203316412 0.8131856455408105 0.8334935750996576 0.8113873165926366 0.8255698546254205 0.7869554336448502 0.7755839947746027 0.7797524568964502 0.8160182461211752 0.8134007672219201 0.7849603384732958 0.7505139488140822 0.7101088974581643 0.7173267040548036 0.7198006787697177 0.7075956539361392 0.6732847784281278 0.6294249390071375 0.6059051779500114 0.6005677629821639 0.5489326388100595 0.5339488248427966 0.49077959261795856 0.48732221753611343 0.48063960423335134 0.4724957871997039 0.4972091742721818 0.5158841192510591 0.5404757251750851 0.5285798179868454 0.5349351810435617 0.5211512786098367 0.5227636188365323 0.5043848008572299 0.538271464482621 0.5270839198607381
0.812620459517704 0.823700437557802 0.7911909490847333 0.7906042440990677 0.795066094665563 0.802435125158249 0.842920959048142 0.8285141847457517 0.8409266698642558 0.8045663971596388 0.8018444968229532 0.8109870261230231 0.7815165527713371 0.7975343600479093 0.7828215817519352 0.7773392665119842 0.8073639339495362 0.8021836383514634 0.7715597219955505 0.7428380214733581 0.7527478472618933 0.710913083556053 0.7134964932505 0.7033789537046568 0.665660534285824 0.6362361709436716 0.6392227980344032 0.6083671896934423 0.5517989636935732 0.5451266229559361 0.5462377514162101 0.5408203282368239 0.5367564025396916 0.5164613290889486 0.5198082378800446 0.5374384929859334 0.5229753762834688 0.5358797879277438 0.5295033749413615 0.5333695839366963 0.4966102413151654 0.5393853577949872 0.5328920979646661
0.8078394228853563 0.7913493670336375 0.7722533826670169 0.7536935879536513 0.7639864762255995 0.811314013870861 0.8484733370027755 0.8699508555945278 0.8589618254307226 0.8176281489766151 0.8199793715055829 0.8156765252259421 0.7912668611707063 0.7778068554463972 0.7673056940817324 0.7678529280797853 0.7578673516644105 0.7871267190221111 0.7775448594971904 0.7863227697997063 0.7654470031474766 0.7029530835146465 0.7344429915764605 0.7437259974471749 0.7225863361157143 0.6928958256711426 0.6590151551125802 0.618054320548075 0.5977196876961991 0.5776640957164645 0.5854258531373809 0.5545618976043079 0.5438192502234727 0.5311699774852211 0.534200520166064 0.5316056957223129 0.5182301305958112 0.5329060922880002 0.5068704928574257 0.509867908710462 0.5008557845192525 0.5023590881539537 0.5274650508562337
0.8010657835005804 0.7748855299508082 0.789127391047047 0.7658261684066491 0.7857062491210425 0.8358023795750836 0.8572476325686526 0.8466872111845131 0.8485818095458666 0.8366140870430356 0.8275495961130311 0.8064860583764196 0.7977751882053644 0.7959443656924126 0.7715967550234573 0.7455859023134169 0.7593066601609237 0.7709537825628908 0.7658219943776481 0.7783803600456567 0.7798448185196044 0.7633235169580466 0.7383565647432806 0.7331083075587703 0.7088124399692045 0.7017414745695882 0.7006637699103402 0.6727857951920949 0.6297484120576793 0.6058838788652462 0.627655560778001 0.6367808062236326 0.6106403671154512 0.603175673339005 0.5475733343457709 0.5226925458588841 0.5544501011605868 0.5609770464020262 0.5409317717199783 0.5055059676121978 0.5215568038195171 0.511912738999925 0.5563707545923295
0.8048468097061278 0.8036515621312753 0.7859610079459969 0.7868622902144494 0.7875923013800714 0.8421738968774514 0.862128981823692 0.8954977192565646 0.8615129911515569 0.837187159608059 0.8309796077400695 0.8509144638236019 0.8153962552813304 0.770848832090652 0.767575603490024 0.7500583771609488 0.7652010757725503 0.7808557606734741 0.7823717224767988 0.8005141280762668 0.8265629674872564 0.8098826344234886 0.7506227998806586 0.7617994829619644 0.7030479414284249 0.704815604946063 0.7159246118713147 0.7313261836463709 0.6790579170308052 0.6625780909299345 0.6639769799617954 0.6632710721528782 0.6421034119416497 0.6334581155561549 0.5945977975950686 0.5442028436654471 0.5596741336087496 0.5524023022709134 0.5629834924175233 0.5247023335604573 0.5547996838723016 0.5542436604176645 0.5907859938811392
0.7884178149008381 0.7656345826860667 0.7628777795252375 0.7914219965789506 0.8026785187160713 0.8108644680048658 0.858075392511256 0.8880189051643737 0.8953493881349812 0.8777908229700169 0.8729823583239111 0.8402094770788391 0.8136467310868867 0.7922978546386786 0.7995878056031364 0.8163403467131551 0.8101527396295674 0.8066365207376057 0.8077550421062858 0.8122477496750445 0.8296815325751119 0.802192744190057 0.7842756807032721 0.7306935558552362 0.7227896690305295 0.7427273592335821 0.7423158433336606 0.7291548462057377 0.7380089434534206 0.7056597527279233 0.710272623512364 0.6841252352812107 0.6423287121470531 0.6159970924940829 0.6225773621019273 0.5844469397511951 0.5975130946544583 0.5820759357802581 0.5717203050854877 0.5470546548142033 0.5632371516793734 0.5656855386891053 0.5671323637588118
