Raster_benchmarking/DGGS/continuous/raster-116.asc
NCOLS 100
NROWS 100
XLLCORNER 1743166.7279256126
YLLCORNER 5469289.954316597
CELLSIZE 10
NODATA_VALUE -9999
[rows 38 to 56 of 100, columns 0 to 42 of 100]
0.3101616471080703 0.31029224662487104 0.3466988139733371 0.39626589569021026 0.3628388281688595 0.44027727717269316 0.4645681210357001 0.4299673507421821 0.4921548313779818 0.48030656567318364 0.48718828222876875 0.42967734295172605 0.43645036676413695 0.45263955561033875 0.4812232693003143 0.4885895351760625 0.46882272512562956 0.4876041298423266 0.5039836369697155 0.46582237068716975 0.4271908984020539 0.4481567797890233 0.4795484706893958 0.45645194276921225 0.42009755062733933 0.423783232860531 0.4510046942918091 0.42323344802686635 0.3970217151228987 0.3728602392212322 0.3706887429324208 0.37499729308475827 0.3684013227257261 0.3492083490637381 0.3096681705603779 0.34554481356841305 0.3406159931996604 0.27442095564710883 0.24181290505657993 0.24542996870936423 0.20914864052840754 0.1758463328933271 0.12748977441064838
0.2505509740326458 0.32192075671042997 0.3251130768789654 0.3759185466554262 0.3683512160159665 0.427372531445496 0.45823322702194935 0.42339721015716963 0.46109115299137166 0.43726645677784576 0.4462948610961247 0.46985604975303696 0.4480955332826202 0.4802866381336368 0.4922107354110547 0.4660923056228261 0.45205053788813443 0.47091121013774767 0.46315902633685285 0.4949358749105411 0.4423408354645093 0.4442402351805959 0.4491374412074047 0.43563702513429303 0.47737260804260573 0.4503639358968409 0.41358002252278186 0.3817049253519604 0.3834750327538188 0.382985135317714 0.3661152376838438 0.39132290611994436 0.3594583197966844 0.32596448116004423 0.3095516863420634 0.3176486058827826 0.264896905450682 0.24742653484983787 0.229692596446491 0.1943310139201735 0.18553353086808624 0.10201554280516739 0.10950678298572267
0.21684873083674694 0.24938237263683 0.31236966256212095 0.3773909697662695 0.38386179564441325 0.4516064252089046 0.4332847563934547 0.3903757650581414 0.4025931510066573 0.4603728949979926 0.4419050198933754 0.49435240716869977 0.4757128532617679 0.5240553746722488 0.5451712236652128 0.5213816595118964 0.4794123426425499 0.47722592548634646 0.49900445306369123 0.5047456273919538 0.437420868916655 0.4234744613944858 0.42655464807512283 0.42916527341607363 0.47946757992513095 0.40153200422317004 0.35377321566794034 0.37423829286790466 0.3270799507660679 0.37521939940216614 0.3693793295401231 0.41407084918644177 0.40231103488993225 0.346225768287447 0.3442650240180924 0.2982544548859321 0.2667421833920588 0.23337913556408665 0.21577589857788185 0.15995652975161959 0.11808876059883039 0.08630639566547592 0.0744071673391041
0.23657735291542434 0.26105741713170755 0.3234940876868544 0.32230641631676626 0.41832169931374874 0.4482018180666538 0.47583849667529576 0.42092709569909376 0.4255770903233846 0.4479241456959292 0.4896882638024009 0.5008384085321379 0.5107502911452562 0.5089793979787397 0.5047626083669575 0.5231464873732289 0.5344888044667412 0.5260684448810523 0.5222141435073405 0.46782149900762965 0.4728195484388552 0.4035775019050386 0.4015944961861017 0.4200880558088182 0.41173721454751405 0.3965759558386975 0.37272125619351054 0.34887524328178005 0.3691674684771655 0.3544137242533887 0.3730984964163953 0.3729813551753864 0.39290586999225996 0.3199644706623197 0.32153336684591355 0.286117293278565 0.23495029967766234 0.20257030052647948 0.16013131862913454 0.15475690851978605 0.14034045869886513 0.06934286734556797 0.050792392849807036
0.2728907096124132 0.30549431114069847 0.3044207060204342 0.34208702176776706 0.40473428007040846 0.4419349337000224 0.4894731131906893 0.45995402815382486 0.4691870776479161 0.4576586779755682 0.477510022572615 0.5242809106846591 0.5069239224874938 0.5210639469754267 0.5394454821704407 0.5054566164210357 0.5221182066306934 0.4774189062172242 0.4920938260198941 0.4349676591576847 0.4551277394083211 0.39839052653118595 0.41781297529873507 0.42883407677813934 0.39952605045257594 0.3748345539838384 0.3581416616505912 0.39744517273752505 0.3696221109917886 0.4050728372763893 0.4083461131667909 0.34188765139745453 0.3501547715720966 0.3524842145581494 0.2888277586946006 0.2319258904033011 0.1859912250155884 0.1773313525205018 0.19174125663681957 0.14226581344479564 0.141754965492189 0.10976338590652773 0.05664802887842359
0.32490660561328477 0.31673996018258577 0.3573068606337895 0.3613026311929888 0.42618803586550724 0.462893853315113 0.5011847322216854 0.52402887060564 0.5411414008919222 0.5130239963128976 0.526618990042956 0.5428339989686481 0.5434656066494467 0.5332805669964541 0.5018647087187876 0.48880031202488483 0.5184144728804292 0.48220709860135946 0.4245296200964714 0.4395796430117815 0.43018506391106465 0.41495201055820663 0.43396808702836837 0.4076262881560923 0.40138257829128793 0.36842062044785323 0.3526819492369209 0.3889985945137268 0.3648939906263231 0.3593152857154041 0.3700683017811757 0.3365342256393294 0.3376035687097501 0.3336071619575332 0.3093865158117851 0.25330882322582177 0.23715474382726237 0.1716246425684809 0.18533488368780596 0.17155766985125132 0.12948844579029412 0.09554750530489618 0.09862604147687766
0.3523394402448073 0.3502274552689354 0.3855370216837813 0.3715693993861784 0.42675333650727654 0.46128023816721436 0.514194011764954 0.5655925494093463 0.5863049557266243 0.5346961031379613 0.5384821724406201 0.5090584101449365 0.5469109248934457 0.5211000947227868 0.4748676048128434 0.47587351545801393 0.5283673890944398 0.4467317688607857 0.39719256583388124 0.42616548769364454 0.3705458829877471 0.38464963582324513 0.37502552627890046 0.3640095926728262 0.3918227165233586 0.36263077101382557 0.3900800642403616 0.369445232257379 0.35828987233295123 0.34234171480132813 0.3257762074623641 0.33987763235621515 0.3615126491973335 0.37004261471060773 0.33932380577192545 0.24626821471062307 0.2110841764938566 0.20795780524489693 0.21556126240301524 0.16721740088516174 0.1469972630735947 0.14300479858571122 0.11613435205934582
0.3687248798057961 0.3918787000257609 0.4168129961760881 0.4184279605679383 0.4689187333528617 0.4405290523317286 0.4898128958992173 0.5574157983697614 0.5420348868696591 0.553283858140026 0.5764054618838937 0.5223853420118978 0.5379226988982053 0.5258022424848658 0.4658748035755676 0.4772409935842673 0.5005321213383087 0.4181956934597861 0.4147216020741189 0.4188629068373454 0.3861719076387232 0.38044817657734814 0.40095424467506524 0.3829685125061864 0.38225558967650547 0.3670002755805435 0.4016739797764621 0.35280489061213083 0.33763828768721926 0.3457137448056123 0.3413561326319046 0.3468405006661268 0.313607857488241 0.3237047665160029 0.34353733673651093 0.28847656854281234 0.22542383163456448 0.23219183366889184 0.23490665073785058 0.1857849064111274 0.17014763660371415 0.15904081284920904 0.15082871795019018
0.4553028813706411 0.4327447903035494 0.47330023699561563 0.44929244651398575 0.4657850516923376 0.45872409409882703 0.48320218307466695 0.5380483367582861 0.5560783026226851 0.5722729961824973 0.5832043931727212 0.5370385356079299 0.49549998187805555 0.5191998732029659 0.5014931099851155 0.4669337423534803 0.4522696683073124 0.41397418192433993 0.40939637778565086 0.41655371774679406 0.38001889676438233 0.35665902216826567 0.34776479153067 0.36406293957618785 0.3543535432502407 0.3813094909977397 0.3854804708722124 0.3659251822753747 0.3538425629343457 0.3556681558680004 0.30261892461216316 0.3339645785296487 0.32344169277144097 0.3367328247503446 0.31894018570340843 0.2964602731857937 0.2956242764530109 0.25369678001022333 0.23846367110698868 0.22547350469839839 0.25768208742007054 0.19051835574867956 0.17942282254000663
0.4597508486507325 0.45478835600568185 0.43378590051348165 0.44993661463578377 0.47504217949008826 0.5142458260785964 0.5119580912253523 0.4910720489863293 0.5241041029330974 0.5034378012227283 0.5279036135025952 0.5332187478175611 0.5295177759449122 0.5099181811762228 0.4978682041117562 0.4766434752712863 0.46616488340940754 0.4126959365424708 0.3773119417514995 0.3442848549674436 0.350204693030298 0.3494896657294947 0.3485874676457397 0.3444687631003854 0.33630627686940917 0.3742543545625923 0.33492675036970615 0.323146175499499 0.3097932959503283 0.3239689395092855 0.29309436640206576 0.3185257549030202 0.30856596715923545 0.3315707785536281 0.30833670041469424 0.3417431245964377 0.3233776690146533 0.28220499738916216 0.29508486482432 0.28342433291833974 0.23291554324208152 0.20039118602368497 0.21654809052188229
0.4123975566030008 0.4352392241702935 0.4388659446963257 0.4727935786380356 0.5371664734054424 0.5274316958250082 0.5298856910039642 0.4860684891343138 0.4659714034763593 0.463608003979526 0.48799083377460944 0.4931080194772984 0.5190467125302178 0.4738898533286229 0.4768029839860977 0.42747151623163915 0.4033176607429294 0.3430210205173627 0.31843964331163477 0.31589759063456474 0.3441389863846619 0.32090842430424243 0.3402957191254917 0.32383764542097887 0.30740860449949836 0.3253107591352331 0.32997208188734073 0.3245345589998019 0.28709632690643266 0.332210582359727 0.31074136564199206 0.3446090253032753 0.34443827573786095 0.34764125170650606 0.3575576256787553 0.36617447195152153 0.34853621639907706 0.25834267170509295 0.25568691889298895 0.2919164416297307 0.2681900277685252 0.2431751939344427 0.18257557021996285
0.3983453741374187 0.4122939159800059 0.4729885144891749 0.5167988503325425 0.5474911405626999 0.5275200134859717 0.5275875313745392 0.5317474730434092 0.5102002372426166 0.463134967089871 0.4769702618851239 0.48112182057318265 0.46217666966256293 0.46665738690025094 0.46220202863720605 0.4120525756084788 0.4199427967747051 0.3444202281473095 0.2868983315365092 0.2991492346684527 0.3093270138661419 0.30672951408696436 0.31360925039725984 0.2651556798809148 0.28154190340674 0.2884237787630562 0.28561301658835214 0.26153295775991736 0.28117289679595225 0.32347389795328824 0.3039107773119796 0.3082232913965707 0.31220479001486584 0.33867818685339324 0.3407904455655722 0.31166494985133364 0.30980464561755294 0.26701423680065717 0.29634384502820493 0.299544908535104 0.28210534775049123 0.2548417301143595 0.22868645854100506
0.4377053541629632 0.47701607813889957 0.4587820019625666 0.4799907338683857 0.5091708281932894 0.5051938815504605 0.5471496281443473 0.5271901273467043 0.5312156184519392 0.509158235000273 0.48921231585594743 0.4678503498794213 0.4519091027913264 0.4049110012588129 0.3898398533855797 0.41604272718953206 0.3951167030371772 0.3409397220393578 0.30824468419624296 0.30781945868436955 0.32787768658444777 0.32195277434423486 0.25600100363652056 0.23743545096196633 0.22522961219480386 0.2482441012430661 0.22863326233726372 0.22733228616314388 0.27207942573381216 0.2898649260824822 0.3570861596269193 0.3551974181190997 0.31742671925801885 0.31588058687125614 0.36247551312911547 0.3426321598815763 0.2698723014246699 0.27633726671568903 0.31902084082806964 0.26609622268240707 0.24314142570816097 0.249722993223617 0.2283747815771155
0.4686408190798734 0.4972187480759264 0.5217907999957685 0.5320555484255911 0.5136551270546936 0.5157618720660935 0.5428180647662852 0.5354519579941946 0.5231330766432934 0.48824626582627606 0.46316734911737645 0.43138531980758654 0.3900075694141556 0.3864693101037889 0.361196501880708 0.3462510717603459 0.34638989281624344 0.33679074584438556 0.3211909302062795 0.275139617691723 0.29977329051542523 0.27695848801767564 0.26988705574573313 0.2490838495031734 0.23703758212496795 0.24748958654253828 0.2405215405649555 0.2645883499513744 0.26763067367152865 0.32306509702367936 0.34875545005844294 0.3595268993390467 0.35906006880643365 0.3512105471317978 0.33186976146433284 0.33512854414661786 0.24909769974587417 0.2553587313301853 0.28676301100509816 0.3162157715731674 0.25554327828388135 0.24092934484932052 0.25367302399213837
0.4866150979057052 0.5238279795453235 0.517111563828613 0.5340011166313441 0.5640817649928789 0.5176977308982451 0.5342673716884988 0.45702488390121104 0.4172894665459875 0.44876671524664485 0.391106155882646 0.37757725977800444 0.4072486504556656 0.38601925832546136 0.342329340635257 0.31583839988824214 0.3206250451334707 0.32782433011139955 0.3342611158522205 0.32528365462974373 0.25058777062578075 0.23961850297327625 0.24784158034862797 0.26123044863866124 0.27844516860801477 0.295385675021632 0.25952448324762584 0.23701756134968452 0.24455445076674823 0.25612425659774074 0.2923740759190402 0.3654191665295779 0.3974793794915618 0.36746412370359066 0.3577979334262191 0.2966185651383016 0.2580434061748067 0.2838998835274689 0.2824329844252587 0.268250663952758 0.2917057099935682 0.2333213691620911 0.23391192803710942
0.5343392245865903 0.5066891575389014 0.5305975904844235 0.5072295848053787 0.5235154629026009 0.5207607983701062 0.48050045809256486 0.46542454576618836 0.46392718223658236 0.4111944734866143 0.4055333350361383 0.3798011045345643 0.3677777948641184 0.3986731939434321 0.32387825809251974 0.3196760671265704 0.34784313134992645 0.3291237361071694 0.3161585005698871 0.3176872476751935 0.30297112780071916 0.25906339091158104 0.26192246731928176 0.2718636136949666 0.24025922006159695 0.27560310355024675 0.25272276976432834 0.236254079325488 0.2615690065188813 0.2920841419705855 0.3359918392763698 0.3290238567215799 0.35362002857158364 0.37161479110340884 0.3086541278324011 0.2861000031108103 0.29950602289910033 0.2844997670197307 0.288508449597808 0.3032240129463949 0.2551168903455231 0.2870250338028174 0.3042527388879067
0.5744179960732311 0.5494259367346078 0.4843442405355414 0.4830756081190634 0.570684826642945 0.5442991818952034 0.5229385037868202 0.4615981015813434 0.4359856610458152 0.42286842807304176 0.44529667424801106 0.4446441674470853 0.4007360019881123 0.40591623404299976 0.35126576783934704 0.32427145526693135 0.32296663371137524 0.32560210548882534 0.31993811741168743 0.2882470619219641 0.26238238598203334 0.2402705518618071 0.23342836062140382 0.2724381355854647 0.2131101052378095 0.23531291956063538 0.27378436636024234 0.2454256595488366 0.25447733014972795 0.27111131043127906 0.3299548657828717 0.3128511294748582 0.331677245331231 0.3091144393232525 0.32237780842054264 0.30974202404564904 0.3346999548930917 0.3031714715571264 0.26270300226480736 0.24686479895513583 0.2628468997084725 0.2569055602184577 0.3027434749497378
0.580502376362314 0.5072842405487887 0.5247910719352881 0.49801129096088514 0.5361676086670455 0.5129512603382839 0.5050183026756442 0.5067778421109185 0.4622159867876689 0.47393855989397476 0.4701897104523887 0.4445617327682346 0.377856802944502 0.37053526795996755 0.3948621936988827 0.3868341933557093 0.3719207458926862 0.37361464984017895 0.35094533926074656 0.33313127973166573 0.3132106003213109 0.2352802995108096 0.20893069122023133 0.25209148164423184 0.2525464084024256 0.25196252838540356 0.2909971570849039 0.28443504394963526 0.26143829795539386 0.3143768118577104 0.3227329874917575 0.34430458329867913 0.38020423595673253 0.3328463707145342 0.32722401440649557 0.32291636099908155 0.3144628186655387 0.30283708033836065 0.2938595994823338 0.247563943567697 0.2650937248783596 0.2724466000307731 0.2693558422786214
0.5819523843088545 0.5661387810294277 0.485380301218171 0.5270994226369041 0.5202206154455249 0.5085663715474116 0.4999663182193226 0.5129162076150998 0.5160336117773272 0.4784893474359426 0.4922200280454172 0.4548545284726841 0.3766601919125147 0.36416791902095996 0.3798867731298754 0.3801702598317662 0.39680550164465705 0.3571944441840695 0.33020363849077966 0.31556591102592657 0.34119236614729176 0.26422242324367323 0.21443068373087362 0.2557211289252251 0.2252638757515579 0.21126125277611454 0.23522488101095904 0.2739000420034892 0.25935794456343725 0.295326691504181 0.31458223830926246 0.3772358310568225 0.3840567389719764 0.315348402247078 0.28806646632757554 0.31047511913678993 0.32514174152445535 0.32617957899951633 0.295679399455728 0.2869637212856941 0.2560284542604161 0.25040287069216804 0.3076118979549068
