Raster_benchmarking/DGGS/continuous/raster-260.asc
NCOLS 100
NROWS 100
XLLCORNER 1743162.6625814973
YLLCORNER 5469287.504443654
CELLSIZE 10
NODATA_VALUE -9999
[rows 19 to 37 of 100, columns 43 to 85 of 100]
0.5347242984796567 0.5583353261431823 0.5413090256121441 0.5637004670803302 0.5259669113790149 0.5046113934127965 0.4886137329742954 0.4828285792935369 0.4898931252951709 0.5307598385928928 0.5144731706847852 0.5458917546691966 0.5223306213724346 0.5278278834619023 0.491896185627106 0.4868233802176722 0.49918659598167653 0.5138261880600751 0.5247381181598166 0.5243885355074865 0.5205220586670333 0.4856067262478608 0.4942690004675048 0.4937147169880751 0.5308051190158548 0.5687271895096613 0.5791797821998085 0.5369901613068744 0.5395636728767405 0.5173070045173549 0.5554756134650578 0.5305162079256847 0.5626216711992958 0.5940022165738614 0.652540810486558 0.6728637110049862 0.662470655413956 0.6836499176935168 0.718165019946833 0.7449473639607298 0.7349455708130817 0.7068390295271114 0.7017948147895132
0.5563283822948246 0.5644423256728996 0.565093145547087 0.5525079512883037 0.5588176328051276 0.5329401175080543 0.5302018320791723 0.5302907135141368 0.4979049902898256 0.5343704107837183 0.5122420441482837 0.5486504691976767 0.5238993562169325 0.5032498986566297 0.4857658002155125 0.47768639486822245 0.47707677654996283 0.5074885853297624 0.5260240345322803 0.549117768465633 0.5381270317657616 0.5226604747816285 0.51660713580423 0.5121894356248327 0.54101707924263 0.5391124125109018 0.567152478749405 0.5147222214519166 0.5126041390648387 0.5129980336698022 0.5501050716793678 0.5376599657772594 0.5540786539340068 0.5759695775500383 0.6059656481600917 0.6414202436221478 0.6486534773222168 0.6485602943388817 0.6849371075490942 0.7167617412056365 0.6949062648046956 0.6985771011369055 0.6944338015356629
0.5778507242698158 0.5346886961801917 0.5589309387150618 0.552877453594766 0.5342329802816238 0.5415195283938641 0.5144427794731375 0.5347201161459646 0.528941909674893 0.5133580006984363 0.5211428491724527 0.5283615261590748 0.4983712460141816 0.48675438207920496 0.47021085526263257 0.4994111111825051 0.46840132363287457 0.46941980719877413 0.5201546404271545 0.5359419287488615 0.5493342830820975 0.5239823489143813 0.5334887357977244 0.5048659180335529 0.5202351170464513 0.5511036101507064 0.5383842225650972 0.5275094260857388 0.5178482032811841 0.5392595011920873 0.5452486389502433 0.582480449989371 0.5802691818600179 0.5812908183457339 0.6002972559527534 0.632533450106267 0.6453405021089655 0.658825152185059 0.6884298050832447 0.6858171503030746 0.6796042650704383 0.7028255720447569 0.6768499098075657
0.5724713119319013 0.5583361285552033 0.5431792923407683 0.5599628565406407 0.5658130807067027 0.5369025272232946 0.534419977137276 0.5211057589831523 0.5175670144219585 0.5372845923725229 0.5198618002263362 0.5449048895678976 0.521432558724167 0.5268804211277831 0.49125422154267784 0.489622598320584 0.4797079123464221 0.5119047956490943 0.5184731874804858 0.5188347806321844 0.516854173928513 0.5277466609842413 0.5287461683790438 0.5057864472525158 0.5227774803076495 0.5629465035563086 0.542672781341462 0.5380482926778383 0.537179725633289 0.55059859855159 0.5480441556717577 0.5786401557136172 0.5705450382093293 0.5872930000318436 0.5781145312779632 0.6110784908386625 0.622784026693404 0.6280115321525696 0.644735769732238 0.658017616191351 0.645457396032467 0.645200908279103 0.6329506045729199
0.5796673275183045 0.5555146388015527 0.5669797131432357 0.5347039354081214 0.5421553111262453 0.5677551895990751 0.5567326440819358 0.5346397510007538 0.5282991050670566 0.5655230259765969 0.5463939930488743 0.5375170890573907 0.5160083394171299 0.5282572761048865 0.5227729844420529 0.49097325149445264 0.4887565572119816 0.5005789996487873 0.5122925429882879 0.5171008267344738 0.5280392303518351 0.5512858323225157 0.5642697390894937 0.5232743890286291 0.5304151066024975 0.5687969807937474 0.5262719733610649 0.5246448823287235 0.5242224338403226 0.5185564236690496 0.5435399648856651 0.5841319383585286 0.5689082623805161 0.5451373325375094 0.5641811168344906 0.6195056092691084 0.62831083660215 0.596423252927849 0.590186897927853 0.5999498510995793 0.6178933070998205 0.6048181517781851 0.5897115194851024
0.5769910132731744 0.5590666904187795 0.5814167050926059 0.5645399650942707 0.5642127436454354 0.557137059256409 0.5622219950849957 0.5625517419934509 0.5621117832567999 0.5573959511629925 0.5495575877417016 0.555017116917423 0.53290291626862 0.5466053487689764 0.525720822748168 0.5067608430561448 0.5116573560800531 0.5344176711647528 0.5168687365068002 0.5103122045658002 0.5225268128984198 0.537616117497229 0.5708772541200192 0.5537904902346414 0.5462406001681748 0.5525996202410867 0.5410271575486518 0.5015176522030497 0.5081146606884008 0.5362913167492273 0.5318322972554858 0.5580841737730122 0.5548530962045888 0.5622693864314675 0.5774450560694337 0.6047337134181081 0.6020168679837061 0.5785079764863738 0.5981279309846534 0.6072846636675568 0.6168772672842661 0.6042951666232439 0.5790780850653554
0.6167488553656686 0.6021968370952171 0.5998023647285506 0.6143292130363041 0.6164067343612717 0.6063506883430215 0.6159466287361822 0.606596353877284 0.5798822192916048 0.5891380983820805 0.5716301903554241 0.5866607854867472 0.5517751988311584 0.5192057464511877 0.54256616525056 0.5238461991403952 0.5315214667744951 0.5354018911386134 0.5364545869332437 0.5273111709449176 0.5283847881849811 0.5684116008281337 0.5835298902383785 0.5662368684250152 0.5705788390214663 0.542715875676022 0.5226058223599259 0.49878020743390017 0.49476126019281796 0.5245330950344483 0.5488640745995845 0.5599801722177313 0.5493343601549484 0.520118547875042 0.5617259235117432 0.5526165364555985 0.5934577019523067 0.5784862195015043 0.5949182779471661 0.6144318690552866 0.5937888771858907 0.6066958794239142 0.591074751265783
0.6198403442564819 0.6075177822469402 0.6254129725770688 0.6596358020303253 0.6343619205176069 0.6201528555073765 0.6226355655137202 0.6457779318318908 0.632352086210994 0.6223518998538698 0.6198512627208433 0.5980299458661766 0.5848193064449735 0.5419941680807989 0.5340301626884435 0.5134804663142963 0.5276792575443517 0.5254936054018926 0.5342702773273262 0.5369881349282354 0.5568170944902026 0.5531652474752867 0.5486623882037296 0.5868142160036759 0.576857675784014 0.5700007025670003 0.5271300358677465 0.5302563663493418 0.5197609401474134 0.5174946681993908 0.546386852694904 0.5151173425806566 0.51179916188198 0.5190503163635553 0.5468359790053213 0.5735239907972927 0.5703115432625963 0.5636100490515712 0.5966627830470123 0.6185921817279659 0.5957562376441929 0.5939522869109491 0.5841963125263777
0.6557245671220028 0.6401731203686734 0.6371841737755786 0.6844281159891242 0.6689161809721257 0.6286416173463271 0.632327263449463 0.677833921641409 0.626175193000464 0.62180221516872 0.6346031112626107 0.6452136955473357 0.5766703539497365 0.5537246305579308 0.5313509247545707 0.5350156581377069 0.5417816480052247 0.5655384571568126 0.5369436950203302 0.5493200588086073 0.5710620728161075 0.5516413653917959 0.5568425703625619 0.5888029090580397 0.5895907727139129 0.5690264617272965 0.5548765903605236 0.5480850120386632 0.553671217091108 0.5496514741706745 0.50555229811603 0.4698058159364176 0.49044690290257886 0.5154020360709632 0.5388716229188607 0.5502001587312175 0.5460428272923394 0.5780192983705983 0.5679830945148328 0.6141513074166124 0.5700671543970155 0.5723630977387316 0.5581018143045232
0.6333538898685784 0.6609030373489121 0.6633210831283055 0.6877355069757581 0.6802792458314789 0.6538796146077778 0.6599474727473358 0.6781196822048119 0.6386835780347702 0.6332128169431978 0.6416809224092757 0.6153875477250532 0.5731000370076714 0.5574722486593782 0.5465723845454797 0.5749238481809621 0.5686096172590215 0.5492961463654609 0.5509556381217582 0.5334019231908587 0.5490417817280907 0.5595729083578675 0.5751794455621453 0.5847005042553209 0.6032756586035346 0.5645769431396589 0.5660341306908074 0.5389209670830503 0.5301438207107251 0.5484758426105331 0.5099493387379542 0.5106749636379411 0.49685599468190494 0.5126963520470381 0.5292590583430283 0.5556022533408395 0.5419815530040735 0.5592250282551173 0.5460742212914005 0.5732155139612837 0.5761780357081394 0.5762493277223422 0.5667190948863602
0.6822273997876763 0.6791972811011632 0.6946484958129179 0.7179659257966481 0.6881065400097499 0.677485635842771 0.6670840183352605 0.6856591583338271 0.6741995484048847 0.6316134171085223 0.6326755946495599 0.5910670197852766 0.5705844111844475 0.5844324051568086 0.5904892675926788 0.5783126081605166 0.5829274569507937 0.5663840923987918 0.5621355066058399 0.5406911591822818 0.5680615533439716 0.6106391070112852 0.598336083679593 0.6264375601864107 0.5869405941531723 0.5588103274445796 0.5306030646440202 0.5206788906003145 0.5444253455886962 0.5223974184599975 0.5010001338114084 0.47955347283490546 0.4987294287570523 0.5421430739225805 0.5221691305092108 0.5494644547415729 0.5273052743082315 0.5269298835208776 0.5406025789931147 0.5355903305689325 0.5310704669940626 0.5395565683718551 0.5472633432154046
0.7089962421512298 0.676342299363044 0.7140669222975902 0.6904042407625607 0.6977357942964415 0.6930377780928172 0.6751494040434348 0.6692090180544029 0.6706196706710009 0.6506776702001589 0.6248016499867609 0.5948576410009493 0.5928374574450983 0.6146070474687776 0.5961575771385536 0.6167844353336641 0.5906094706863937 0.6019474308107091 0.5928367264203889 0.5659187811237338 0.5890423665230234 0.6108292689339233 0.6215209275795939 0.6260143567387545 0.5875196863970963 0.5510609545019786 0.5273033253801679 0.5016875285734365 0.5356734659304081 0.5399105548191977 0.5239531421774121 0.49454030903521623 0.5147118496487959 0.5448142517653802 0.5535545623517675 0.5243489493486394 0.5136849087461544 0.49738312255303546 0.4979144197966018 0.5298654344619806 0.5248932971215947 0.5384956185451482 0.5190564805648655
0.721530247413165 0.6887050322359078 0.7163457128922429 0.7137675030274313 0.7202385109383264 0.6756237735064586 0.688560068542893 0.6802387052444995 0.668483187413523 0.6536206550622088 0.6461653663289579 0.6185636469577269 0.6310533677007545 0.6509643328411582 0.6246550132645671 0.6298611023151427 0.6190908988384103 0.6088873296259343 0.5863321980703103 0.5787709172885289 0.5890684620161774 0.6102304007787807 0.6174801806574047 0.6157214739555305 0.5850268383854755 0.5923323408065752 0.5350607865698747 0.4947943015835352 0.5122931320044232 0.518925489631645 0.5331398832757152 0.5056734514343406 0.5226788185180984 0.5296040876535817 0.5526314874406808 0.5271793322837739 0.5174768266068677 0.4917933448245026 0.5005887008655733 0.5037232054024913 0.5183745045061334 0.5329177194970386 0.4932845145308845
0.7033784879862713 0.7049031759455713 0.7337383582220446 0.7500393547908366 0.7221442836728164 0.7098372490959958 0.7156587381170815 0.7033703505713563 0.7112769851206565 0.6534564262220808 0.6393011276647881 0.636146748191644 0.6284655403651492 0.646432392381096 0.6595340452111792 0.6613912550334886 0.6497617380128541 0.61768145918316 0.5859254225558079 0.5851331844329556 0.6039489043581048 0.6131732156505606 0.6038976294663558 0.5714749429881976 0.5667949844863522 0.5657152519770605 0.5339980486900557 0.5058892157602662 0.5275272540778452 0.5156939101276609 0.5202107276459059 0.5308739941048496 0.5343367568908475 0.5418137417455968 0.5250785054297283 0.5089414358798057 0.4891461555091849 0.49233675265429677 0.47234898938175873 0.48926020029853085 0.48527707057405955 0.511520617164164 0.5018318209794768
0.7293341110631569 0.7426792665055395 0.7580566209288424 0.780985108995946 0.7635726517043582 0.7423866874510082 0.748281245260674 0.7577846724332532 0.7476656201267238 0.6959334151942639 0.6845502708954407 0.6506663537300552 0.6513612254308941 0.6669180971147 0.6596897972394631 0.6574978933466201 0.6332658422463493 0.621904110076442 0.6149360737020028 0.5808272378363283 0.5961789984463319 0.5634488214146315 0.5865631148032671 0.5455029170391844 0.5790198419698704 0.5541264423819457 0.5398398542374633 0.5312200018185016 0.5117923580413699 0.4866203610961717 0.5030136756875272 0.5235245498851588 0.49979712987282904 0.5094582451902612 0.474450709398917 0.46621171147709384 0.4627349263851232 0.4640989447103397 0.4559453215813978 0.5014724520023212 0.4885770917837698 0.46258966690207076 0.4639554909401729
0.7498403479331563 0.777883104832839 0.7620344479348912 0.7727456683882422 0.7747915750760563 0.7746883536144358 0.7875865834813256 0.7924785232265039 0.7511721884266321 0.7325951860931202 0.7338507152151181 0.7168362506246088 0.679875842825499 0.7120037295220689 0.6941867851699842 0.6827121874560224 0.6422469097591316 0.6175102306245323 0.6056511546484614 0.593672859647751 0.5717207309852317 0.5701454527526155 0.5638459829441694 0.5505048517798078 0.5655815820606528 0.5609044106115578 0.5492373008150623 0.5380209360214141 0.5418160858864871 0.5377366069650811 0.5136466015373877 0.5348345408997217 0.5023426384369838 0.5047467322902964 0.48160618568679187 0.4659507023035273 0.4507744759624508 0.4746220464159012 0.46229446776316063 0.4756068324420718 0.4735288807527768 0.44095941307756753 0.4410515460112706
0.7420211683799599 0.774108486072057 0.7953749185161658 0.7997678405290107 0.8038954256126282 0.8140368142512612 0.7806287748611982 0.8029150902313027 0.7583992126146291 0.7818190572203235 0.7421484530444202 0.7523953027294328 0.7258066488819847 0.7303711233165533 0.7004626765598515 0.6822015433003323 0.6547116817243931 0.6558035480107035 0.6254870101713954 0.5703193744006974 0.595605077086803 0.5631701482949183 0.5477800808848589 0.5668610284576566 0.5662568949117057 0.5441065285083984 0.5492297239241234 0.5589715809039598 0.5272960688887454 0.5492588021834097 0.5536221355195159 0.5254051962498328 0.5255861386060517 0.5336252658025894 0.5152850634242518 0.45818848483433816 0.4815321847256056 0.4837565672044266 0.4648433898352352 0.47552228735521734 0.45083935990667023 0.43598173308616 0.4624828181383327
0.7796791897962568 0.8097975608783258 0.7944140427666431 0.8136508420239772 0.8153139474292496 0.7938286383199802 0.7967372350169298 0.7931166096947393 0.7733632212010355 0.7661076637706922 0.7680719716737774 0.7218025942809929 0.7166985592158922 0.7013564765433089 0.6980041274957625 0.6986492171428209 0.6712521406099906 0.6425398769537726 0.6254446132361144 0.6223652995667678 0.6064657498758506 0.6037282984942404 0.5772385049753512 0.5706993270150653 0.5490869608233632 0.5402729616651074 0.5726080786561972 0.5666546848251395 0.541853901126998 0.5470005578120691 0.5564742711295274 0.5304399403835426 0.5340739563801894 0.5102834071145594 0.514078116966949 0.479460991438129 0.45674053745548343 0.4835704191465723 0.4609544955339831 0.4435868130533777 0.4662455971397408 0.4698389119431843 0.4567863902548417
0.8193079479981761 0.8322605594226657 0.8133349193281685 0.8076913722180267 0.8240628777221097 0.7959568221075343 0.7901156775294663 0.8092664938643283 0.7688239336308474 0.7600280257589883 0.7612447697090067 0.7223014991193452 0.7140156753581298 0.7181535391827563 0.6981032564380849 0.7087184035616482 0.6684836630240829 0.6500530846126316 0.6326888396519459 0.6412698231758536 0.6253014037055843 0.6369395725278296 0.6053260333232587 0.5699700746336277 0.5586076841409493 0.5810775682749735 0.5434064353896524 0.5254749250856634 0.5591820024870987 0.548390274611318 0.5170926540716444 0.5350917400629642 0.5458254717059257 0.5190334817961265 0.5068474566665859 0.4836696378109605 0.4676351113280929 0.47647378129139256 0.45493799901004994 0.43709972693853877 0.46334912491249663 0.4370618079703365 0.44073611044404426
