Raster_benchmarking/DGGS/continuous/raster-109.asc
NCOLS 100
NROWS 100
XLLCORNER 1743158.5776513112
YLLCORNER 5469278.121353939
CELLSIZE 10
NODATA_VALUE -9999
[rows 19 to 37 of 100, columns 0 to 42 of 100]
0.59808729061575 0.5813400138984093 0.5736188537336903 0.6138270439481043 0.6062758385117958 0.6466854615053526 0.628558910201012 0.6316667161891171 0.638136063216833 0.6179607402123456 0.6318756476782654 0.6247172600471184 0.6756213538553191 0.6819961384900782 0.7250776184778024 0.7168440188458747 0.78834197045408 0.8310329761718562 0.8194609260095251 0.8301302796461416 0.8492822573654464 0.8626822034305895 0.8392740408131067 0.8325303740971347 0.8616394378168191 0.8504960698031235 0.803071002348372 0.7977856563179225 0.7273916774097633 0.7288273037032453 0.6672594464860944 0.6428297468110271 0.6503642218720506 0.6245831582665251 0.6257185778036659 0.5648717917059435 0.5520261827553705 0.5384484764407448 0.5424278408669905 0.5321901913334188 0.4779328150044219 0.379566040743405 0.38333227094216155
0.6205663728492807 0.6214873462595958 0.5864501846860636 0.6153390196528222 0.5905536885119673 0.5810303973950014 0.5885833573120814 0.5873821578559196 0.604813969255067 0.6270955028685974 0.619422023192377 0.6209334357737132 0.668259401977879 0.7157650052468224 0.7363196710736439 0.7585906759761926 0.768542305993258 0.7962981500838824 0.8291261016261532 0.8457586972969405 0.8666741783995779 0.8667130529294551 0.8396657093438024 0.8358818210919357 0.8167086513412523 0.7977814337633617 0.8331293491456432 0.7963613939230193 0.7442729401099046 0.724318351345375 0.7008527836155891 0.6690968878244998 0.6410471769274021 0.5992660103740032 0.5989151960422442 0.5802617235516935 0.5572916783677815 0.5127440375014037 0.5161911929145568 0.47916733503163383 0.452371401210921 0.4242136564652033 0.3415890800796681
0.5803467253776007 0.5796638849984111 0.5734487732420973 0.5786747034809536 0.5826231378507284 0.5953688636232257 0.5916528557628769 0.5828566177678083 0.6074638330667649 0.6673811966582494 0.6487990031033893 0.670863463592135 0.6905105329791735 0.6875717686116518 0.7149607961145 0.7564128548408618 0.7776018408816763 0.8498061342614611 0.8492237212921581 0.8964682177532942 0.8441370186785382 0.8338356334438242 0.8543736603801829 0.8190557558906951 0.8464545901961413 0.8100715299321551 0.8194804178707935 0.828900613540473 0.7620263921710188 0.7237408467510236 0.6891079365434866 0.6543166824252399 0.6572465591851008 0.598927922652618 0.579382164482351 0.6227564198781759 0.5513207716212398 0.5278055949040101 0.5451124483659273 0.48985599271023866 0.43900424972930296 0.4059344195600534 0.3558579793360701
0.6172282883338717 0.5959789618203815 0.5833624891945706 0.5991237794968601 0.607260500889832 0.6017995920549063 0.5862425647721957 0.6154029711811505 0.6054919290459682 0.6180447545276907 0.6626792293480349 0.6811762656159499 0.7151936032179018 0.7522040449087813 0.759049910741095 0.7362996592197565 0.779085891806127 0.8530198254161421 0.8318405915700086 0.8388071564457141 0.8162497684433365 0.8132295471663332 0.8137838076478398 0.8167115024634167 0.8390316249088197 0.795703980691471 0.8384981948492465 0.7902866127348386 0.7840679542648611 0.7237657784257235 0.6824668621057506 0.6375186325325964 0.6460111551771649 0.64276783502599 0.6088103869390865 0.5717282707674363 0.5348241177056663 0.5665961112864598 0.5348256239227307 0.5006465973138233 0.45125141489319803 0.3838758680452644 0.33848464912403853
0.6519908827607709 0.6433811030382588 0.6457852796185032 0.6289105533425097 0.5977547665239716 0.5878442797036437 0.5626143416942742 0.579023854602136 0.5933806475393438 0.6157920193373495 0.6341515284587188 0.7050786917010099 0.7426960847396362 0.7630052202935665 0.7403831328107269 0.7326616324832398 0.808286228441738 0.835270029509859 0.8277416844695096 0.8060821735359709 0.8148791951767332 0.8274509893238559 0.850992296802482 0.8447573417478126 0.8346764447679962 0.8040911117582145 0.8271608541338569 0.8184261003328286 0.7749603048255123 0.7610712434166715 0.7004146621463168 0.6683289964582219 0.6078152472153264 0.6088146422423896 0.6108204811210574 0.5500831310685876 0.5664721045982649 0.5573116123069032 0.5510132127026993 0.48441215783367936 0.44293204259528945 0.43140528625652946 0.378258531129786
0.6208858350448472 0.6424592060025078 0.6457550727913026 0.6521161881779652 0.6353400744244393 0.5894747136957195 0.6054097261122708 0.6241719332684649 0.6080860627657697 0.6098185741057648 0.6620593223357742 0.6775059425515458 0.7436482304054937 0.7786354800814143 0.7626831356306271 0.7730561685140771 0.7814953235586605 0.8072896462330312 0.8132459286379959 0.7720309595862404 0.792883541820116 0.8241005170620156 0.8026233926555597 0.8080355570049761 0.8169068260110927 0.8266179869776266 0.8205562899800577 0.8025195897948612 0.7784147441488725 0.7521224891219612 0.6744836859006282 0.6179430459588263 0.5995166890848422 0.5811189854575792 0.5726772638155498 0.5538610101371648 0.5636233772137542 0.5805058288750189 0.5341072802447883 0.5250147758599583 0.47066340207628776 0.4303140714107048 0.40086100304728817
0.647839272897109 0.6697357509230017 0.6650985112075667 0.6438612069396774 0.5918215094820751 0.5875928206455793 0.6212975149897886 0.663626228865539 0.6256270693665162 0.6459281688629664 0.665799886810662 0.7067016321412961 0.7203144369510489 0.7356133275439886 0.7633274406939903 0.7198968514729182 0.7641695675009967 0.7606797558495939 0.8043443163460793 0.778715042030853 0.7638107704118051 0.7683230452594634 0.7761670929337409 0.7607978969355552 0.7640186721811524 0.7839713198084157 0.7650173222987484 0.8039311337576449 0.760015219929751 0.7476571742506282 0.7005015710711997 0.5925109869492395 0.6142622079182529 0.6014963888369911 0.5573912359378299 0.5239341784887507 0.5211859631646379 0.5485226058544027 0.530755031474162 0.5015334647012921 0.47513137784023934 0.39253240773647763 0.38786047728403944
0.6001960313881316 0.5955717048742178 0.6160724255264698 0.6084383647556396 0.5985296408387336 0.5976767424645486 0.5950034980772956 0.6362045860735747 0.6409487565503141 0.6566303650871642 0.640550753259943 0.6758820647176426 0.6905662715547468 0.6893189453563962 0.7331172099231597 0.7494962167535348 0.7588715153606151 0.7665277298495368 0.7913462251065349 0.7600729701557896 0.7625005138064548 0.777931126321825 0.7454228904914567 0.7647244961882584 0.7322705195061471 0.744660604967983 0.7491546972648808 0.7264192234116362 0.7363511185606889 0.7282425620563342 0.675410474117559 0.6359806821452602 0.5897263567541552 0.5750109903837625 0.5494734220438915 0.5265767420627278 0.5076644064665183 0.48136116377361965 0.4974695825203301 0.48760959021864175 0.44437113326437694 0.38761857974273123 0.3867676894968595
0.59768966912268 0.5845957586295413 0.6043846925255401 0.5853312794993247 0.6102132884261013 0.5879529636438566 0.6071481567186297 0.5768328702080923 0.607615884732655 0.6296184145337556 0.6700240384324455 0.6664110064379212 0.6865248618224716 0.6731150363771131 0.7333544678625481 0.7546575011340807 0.7413866676150237 0.7984049868173969 0.7955334185704784 0.7701242915447029 0.7712170271283878 0.7747917456661708 0.7406718546461163 0.7560692093478977 0.7351973678398032 0.7428713309655004 0.7106265161072478 0.688995828116234 0.695874825876284 0.6834621528046613 0.6637981211317447 0.5794260078301757 0.6050297813231399 0.5883220229112373 0.5341360986851756 0.5244291806734317 0.5330410386429071 0.4775576469356198 0.4799733897398191 0.4583124107072112 0.4497180462479487 0.423758887124642 0.386486964667564
0.5938840606702678 0.5808161183681053 0.6000435259475883 0.5794630607531099 0.5649399978467772 0.6015983331566047 0.6021958762359294 0.5834705339024618 0.6369073535751455 0.6647109445457822 0.63669524026751 0.634781026599944 0.6594473993370733 0.6450903223482113 0.6957271057078795 0.7217567771234199 0.7725275754926256 0.7595354897648554 0.7568722344354599 0.781092931765379 0.7616993965228582 0.7793848846798727 0.7787266908458912 0.7664048604856626 0.7403354296933572 0.712729507788605 0.7216837664719981 0.7333243029245816 0.6788278964790017 0.6709557058057752 0.6531270076723205 0.6066928130468895 0.5850626139930046 0.5862115791064303 0.5146989394015412 0.5376312594686826 0.5270786656168268 0.47699445908665244 0.45694391179776944 0.47165731596993654 0.40160762660937865 0.4177173997365414 0.3843376446570322
0.5739317940609164 0.5718188798123727 0.573016712286774 0.5707559735748838 0.6035237191826335 0.632474746425098 0.6378976794203333 0.6128450619629479 0.6497121862131976 0.676851669983788 0.6616571941104429 0.6346840909680134 0.6433377998448203 0.6588743974359819 0.721810408644952 0.7595540341489448 0.7661133613813552 0.7519360533441757 0.7461775685786793 0.8128736313884397 0.7266318697488369 0.7176607159356245 0.7216724559649244 0.759192108889493 0.7680054405025027 0.7314187766423775 0.7343874083861595 0.7245847196092324 0.708503679725917 0.684159467833847 0.6072507274920371 0.580436555491578 0.5862036242077239 0.5506854397647799 0.4993857456354872 0.5031942103686943 0.5040477293475762 0.49576194062091433 0.4355368748677402 0.4563630029222464 0.43634270841449635 0.38265090757932907 0.3843935853720542
0.6037009914090118 0.600392939092979 0.56733440886164 0.564479150182825 0.6116365000025644 0.5923559097983072 0.6334855303010123 0.6314109286116744 0.6665170673698683 0.6427480684766709 0.6556927118711562 0.6552548288307076 0.6730486523400995 0.6645179589092389 0.7091509283002089 0.7273821143501364 0.730403342362862 0.7653495817348844 0.7499411046736674 0.7272226748384636 0.7225203084889792 0.7341346392151368 0.7332157253290258 0.7546491549275497 0.7242411978510701 0.7024666536149525 0.6675013382427568 0.6541933176989825 0.6298520893442462 0.644283672651961 0.6203860639909712 0.5540938645537673 0.5370433753934822 0.5367714224576771 0.5404069764528656 0.5085926792116227 0.5049375760958257 0.4785688347414413 0.44938373697995865 0.4575375627615391 0.4116917633493487 0.3772355450606287 0.36821122902680187
0.6219119666813269 0.5824938521577753 0.5729799471779082 0.601800542404582 0.6063202777103828 0.5999924828032016 0.649106590674145 0.6288308557932788 0.6332192977805824 0.6520454918390972 0.6446838778021119 0.6458283372391366 0.6788169825406702 0.7066678512686835 0.7275471425654997 0.7501704090203556 0.7094455203963969 0.7313124960650326 0.7030356233657472 0.7133939866270035 0.7359129380635274 0.7137235499277185 0.7649086298503007 0.7540344061819112 0.7537423969002771 0.6806807389151401 0.683505181123239 0.6387847622742785 0.6195185684706437 0.5882040034411703 0.5984453002209646 0.562041862577034 0.5620076126379154 0.5573494926927746 0.521753072900729 0.46187428674161674 0.4653492432678469 0.453332306345421 0.4403936754055083 0.43786130558146075 0.40216672567541706 0.3416717020198194 0.35302629348581493
0.5885073225291285 0.5799746971459696 0.5908745076550913 0.6343167907844437 0.6371605420297451 0.631840480311115 0.6333552430727896 0.6529931128177274 0.659954326090756 0.6508209981837231 0.6263157237350122 0.6596597776752037 0.6678649782780093 0.6429323948941715 0.6440425421937619 0.6563005942732472 0.6926545981206278 0.6724391208223245 0.7262445303759995 0.691297542720124 0.7024041084661038 0.7408139479087009 0.7443848091598584 0.7814205380889739 0.7488649262415845 0.6902469926811112 0.668375722957018 0.6657387996584613 0.6048866790145151 0.5674391987775581 0.5871630432703809 0.5635141548727123 0.543199726040212 0.5620825647598904 0.5051068753090885 0.5105530547847495 0.4772627152281173 0.4639089887526176 0.39769094497069596 0.4051775518570877 0.3946308440362122 0.3308527724218539 0.3397145881335764
0.5994512999101863 0.6044462217840438 0.6289162118020784 0.6479615165930586 0.6576104437720295 0.6346676027116759 0.6489060275347853 0.6157444314538907 0.6144816151813666 0.6266879539934033 0.5954806949844881 0.6019140694692445 0.635252236509093 0.6036768196502287 0.6329084510913253 0.6350058825756462 0.6415652863035753 0.6555091509990899 0.6865126656593361 0.7103109934504166 0.6859761576500181 0.6904551847006835 0.7097879434764427 0.7647846516877124 0.7155890190605111 0.6965239363469479 0.6781065951854149 0.6741132284222382 0.6213909899125244 0.6011484054358361 0.5784952851645886 0.5677006760810029 0.5702453878228285 0.5411675489179388 0.5338771804311018 0.49144067959698645 0.45939070067294446 0.43316233483951494 0.40945807634280923 0.37760305681633954 0.35353101353711597 0.3223322084230746 0.33363558022144935
0.5597789076879434 0.6208634638889914 0.6340755640603128 0.6358096874275221 0.6823219330872782 0.6377151494186488 0.6624042394037882 0.6609777382005503 0.6256373182707842 0.6030902835943754 0.6257952354538291 0.5940595301091965 0.6203244386326938 0.6316659419027081 0.6382548233415158 0.6254704561964334 0.6374834601861856 0.6436807924675251 0.6761058631323876 0.6891675524528933 0.716613004068605 0.7218440873226798 0.7136912201099184 0.724596111394041 0.7648890864654765 0.7267898326808279 0.7036608237735807 0.6471320764950961 0.6276681505455411 0.6091674752426554 0.6280773528021831 0.5956106271060377 0.5659639620623921 0.5186304890882413 0.5015910378694245 0.5095127131030305 0.4645984897782024 0.45876761811233213 0.391084680852866 0.34835575530584295 0.3308905915966894 0.3257972479881731 0.28986646199307164
0.5907924490409097 0.5966425541914341 0.6353093884316319 0.6679758083711053 0.6928568222927556 0.6609947563151949 0.6586144764470182 0.6652060088956051 0.6213588394270617 0.5917986249076388 0.5944255462223426 0.6441458676691046 0.6316343904851163 0.5998497226951145 0.64382424828353 0.6109160436607303 0.6372429208984952 0.6535632455463923 0.6488430113977771 0.6540707537914384 0.7091358492057953 0.7213618316369272 0.7286149430946508 0.761789080457784 0.7664370466258761 0.7402048943286044 0.7050632036489453 0.6687800656980464 0.6413271900429813 0.6548508982604339 0.6387341233289624 0.5904768845054253 0.5862291665022777 0.5459740731383793 0.49258928727775264 0.48028744213370134 0.4633649262487897 0.4514155058277846 0.38756802138071855 0.4041721616705446 0.3210609245617475 0.29590053012878187 0.2660277724648337
0.608580070880486 0.6282764098036381 0.6282626578705944 0.6842962679879505 0.6657015742809852 0.6705719705019778 0.6660966329640559 0.6722532380022073 0.632585458415531 0.630920232297681 0.6235712938229636 0.6033903178309672 0.5944466971253881 0.6100230858887721 0.633421003983928 0.651597635756437 0.6384116245831789 0.6644240837288011 0.638341724742382 0.6266259421808323 0.693175087292885 0.7194830637328736 0.7201669499599636 0.7462047105936083 0.7608450394228766 0.741084548398881 0.7365713488624801 0.700461043279291 0.6662029943606397 0.6225204859315892 0.5805857154492441 0.561568215976285 0.5616470605985053 0.5338346334978922 0.5060346750975082 0.4770950235742074 0.45675109341857584 0.43014535940335863 0.41332002968990644 0.3746480717148144 0.3245483661043293 0.32054291128141027 0.3069790565775089
0.6373081134292139 0.6264272926119944 0.6639333130400917 0.6798365056982629 0.6826555349489187 0.6812052343526988 0.6378569586207438 0.6111724213208741 0.6236944232088066 0.6320286989491235 0.606494080077915 0.5899352244294865 0.5755300463644187 0.6070120645722534 0.6080396297200795 0.6641617595953463 0.684022087013972 0.6747984124312684 0.6205288576973049 0.5913876255749734 0.6555136650468166 0.6972850755427495 0.7043681981727599 0.7425202001347901 0.7465315796676427 0.7423426826377271 0.723392841928269 0.7707920704404991 0.6694312469472747 0.6373092263463039 0.581704019888531 0.513247340066196 0.5051280695172273 0.5089317833102543 0.4717038917608433 0.4999910882361056 0.42870666153025366 0.3914585967522662 0.3827391484523584 0.3189794038347371 0.3118341848274333 0.3208938503016474 0.3221279212241217
