Raster_benchmarking/DGGS/continuous/raster-262.asc
NCOLS 100
NROWS 100
XLLCORNER 1743162.8284347893
YLLCORNER 5469279.297905566
CELLSIZE 10
NODATA_VALUE -9999
[rows 0 to 18 of 100, columns 0 to 42 of 100]
0.6878010961903883 0.6558144495279422 0.6800886454972567 0.6945935668003252 0.6858598779650068 0.6653686557922615 0.6757299018243716 0.7211609205675746 0.755558447233763 0.7694962432771628 0.8242406803302276 0.8598219157200907 0.8426897771002083 0.8923823255132582 0.8957428234207281 0.8748607005587895 0.8880307237799646 0.9000684716812465 0.9315125458565376 0.955215310310556 0.9877969025113685 0.9546271058772441 0.9445897117250576 0.9539601171236868 0.9070863521524136 0.9310015132599693 0.8958955609459905 0.9076437923637182 0.9395164701941586 0.8885351002404511 0.8865809610689126 0.9344289671524081 0.9404491288458945 0.9785951511417976 0.9363748989961587 0.9037015719940014 0.954107388147007 0.9434752310793493 0.9510505914921494 0.9563299291572364 0.9790634860780758 0.9827681039330864 0.9874707512126304
0.6612497136472797 0.6782526401579303 0.685764675015988 0.6786871011608706 0.6810393533756879 0.6905768634945225 0.7040876334009996 0.7582813539683525 0.7666782163513097 0.8106978102647613 0.8252767498834934 0.8424991017396632 0.8895863508191171 0.8720164002867056 0.8974153569565911 0.8908838989407989 0.9229361615956349 0.9122479560090532 0.9533949102273155 0.9822667568204274 0.9612739273366545 0.952705773821568 0.9238880022264032 0.9466026314430986 0.9266259104453141 0.9178680711462328 0.9107160117118535 0.9277165587287093 0.9231260850418275 0.8918519656686728 0.8873272178825966 0.9379051619015635 0.9503901278885277 0.9348491436713534 0.9487515332764447 0.9157922787641777 0.9497408605395736 0.9236243942521747 0.9352688925872236 0.9627421507472558 0.9652798979911434 0.9967465778030098 1.0
0.6781374248357159 0.6650350423090504 0.6957445904223221 0.7103563338243597 0.728204648575144 0.6889624873431437 0.7394244528863299 0.7855620670671075 0.7916811682175542 0.8409095430517762 0.8414557647082498 0.8842231807460835 0.8841024426472986 0.9172032914412319 0.9243998405071602 0.9088442755697675 0.9111718418045285 0.938934862328909 0.9236584684130219 0.9648734202511098 0.920572456056017 0.937222131189083 0.9029430625188496 0.8862357988757423 0.905696188345945 0.9220382430164928 0.8954278281135033 0.8873166293417257 0.928071648373174 0.9104326755748817 0.8866894151925083 0.8936638318278075 0.9129765035167687 0.9698237066714867 0.9360084381219715 0.9442249482804602 0.9326503908125846 0.9616938121402523 0.9335166327847929 0.9557325691917509 0.9498752640908124 0.9963392717713797 0.9504234258098648
0.6875647507808789 0.6959128528558451 0.7223835302529862 0.7117221237962479 0.7429913137097229 0.7374699481266624 0.7453205155944389 0.7680059474842659 0.7766729114925448 0.8224382957192964 0.8932733879735933 0.9025453284514405 0.9089096225796871 0.9316493750099403 0.928378857995583 0.913718151485052 0.890989977597525 0.9170787780003564 0.9180232424192302 0.903193951310564 0.9088469296828908 0.9143716303964755 0.9196780395043364 0.9033228771829515 0.8941704117620444 0.9369093511420261 0.9160310534418192 0.8929643758744821 0.877135152000916 0.9093322274106039 0.9154643214026453 0.8954444701399347 0.9377639073876974 0.9724530517988051 0.9596542209495839 0.976080607454254 0.9763032812746182 0.9545519994149366 0.9126241713003689 0.9401695246501302 0.9566821484233127 0.9677782540155331 0.9673010912048946
0.6476922820995201 0.6972007346488692 0.7276233870323705 0.7250429396566827 0.7593165166877466 0.7798802254250257 0.7510954302189911 0.7606960223905923 0.8048283094123074 0.8334782125594855 0.8692277648395468 0.9107732792238398 0.916244552818788 0.8907114037539204 0.8951395683224915 0.885893456402295 0.8989444593460976 0.9393129986322202 0.8944577973852522 0.8967664915061346 0.8789339974388095 0.8865812490312678 0.8700412184098582 0.8924582115423537 0.9123016202331584 0.9043866758674027 0.9063933140459892 0.9355167435989734 0.9195205734912619 0.8887242889545197 0.9194969000999237 0.9180727531508086 0.9202618630676471 0.9354319937538754 0.9542578996570186 0.9565685229052181 0.9440442824570678 0.9393385860807928 0.8952744683842334 0.8769983388636875 0.8960681957735144 0.9417807018840417 0.9423746783503095
0.6727264757338691 0.6941507923911536 0.7261892877911563 0.7048085532781456 0.76004935480843 0.771814758077764 0.7727178532382697 0.7750931889182014 0.8305596168328473 0.8169861647274952 0.829354869015955 0.8915366817363435 0.8911187715964867 0.9127836377152795 0.902428593203614 0.8873933679140492 0.894538220811745 0.9122286713508488 0.9269381285119275 0.8941501086199443 0.8584908474466344 0.851896410068045 0.8872782183434197 0.8897359551140337 0.8884162640931188 0.8973914590616187 0.9262363111099787 0.9385482307446857 0.9137110539690775 0.9290948579407509 0.923085184166715 0.8970123871896549 0.899261824171025 0.9128792247901597 0.9104988946353247 0.924857426691806 0.9071083621251288 0.894529982636745 0.9278054078548931 0.901672331346645 0.8637988539742896 0.8759516163394973 0.9245445146688926
0.67731383551878 0.7003618686155487 0.7116051273933662 0.6910685442771493 0.7400505323143771 0.7719987949803908 0.7982066019562517 0.7954999135109339 0.8313427141291573 0.8214882363255885 0.83036405910496 0.822803665126907 0.8769538285781404 0.9158062079802526 0.9282438545611521 0.9322268663858181 0.8985670458492122 0.9037456232258523 0.9137610768575758 0.8953423219429631 0.871845252745483 0.8503879173625981 0.8433114188937759 0.8678876641442955 0.8692136978484478 0.9123149229773033 0.9123842733313405 0.9434397069638604 0.8897222658915475 0.9100568535617551 0.9132017253949962 0.9216872317564881 0.873122883797396 0.8968854806914696 0.8705163359689811 0.8681104650698152 0.8949126991347668 0.8881926125860133 0.8650860168505827 0.8953748969715133 0.8314714940384869 0.8285102315557685 0.8701127541969556
0.6721122371166081 0.678093689023647 0.7335289834017252 0.7344228827966749 0.765248223447533 0.7504032766789691 0.7782800143981378 0.7898737215035593 0.8061545070669783 0.7969604210533479 0.8381076091355698 0.8309626142304046 0.8448521410624397 0.9210177128621104 0.9195955676513936 0.9360675342904731 0.8961471871135955 0.905873149649413 0.8882043074037816 0.8796328818330912 0.8323661695752144 0.8331004900535798 0.8467526203926375 0.842410068197226 0.8787900954464009 0.8509501003971406 0.8578007671613055 0.9087734020732425 0.9004679647369029 0.8578146371265705 0.8325778174593108 0.8258083808245672 0.8587014416930081 0.8457170821782114 0.8532296273494685 0.8450518579294847 0.8710367239733536 0.842761146969539 0.8556060547371974 0.8682643906375657 0.8402999538613852 0.8559192318512722 0.8531749133883251
0.6317917797923402 0.7100539915102198 0.7102990165291144 0.7245182569183006 0.7354830062353855 0.7654424501646373 0.810563463598371 0.8185414706388074 0.8347466404709996 0.7915923071095617 0.816875872858257 0.8327455475022981 0.8325961316665854 0.9039255562465769 0.930838194353512 0.933469457118191 0.8843742382222586 0.8742582798495929 0.8593628055569437 0.8382658538018654 0.8300188829599294 0.8421823126747312 0.8360070063809417 0.7983609093396805 0.8202742596723732 0.857490970496275 0.8584805798871712 0.828448845339416 0.8018108700946229 0.8075479080353559 0.7806614313721738 0.7922858352314682 0.8326204561029298 0.8030181681592808 0.8280703356088823 0.8435180426461998 0.8100155161776679 0.8080133264645808 0.788389445939437 0.8257596808984745 0.83117120701773 0.8301027929892424 0.8337266920996919
0.6121681985995161 0.644448575370546 0.689464127751258 0.6762057248566776 0.7344645623385916 0.7527029802409775 0.8203275986106079 0.8424651516199135 0.8368071816906816 0.8341810838099976 0.8119117436204211 0.8344964255249199 0.8523906263608054 0.8690361171266006 0.9073486627014099 0.9019070576015908 0.9134677423750208 0.8749500076274238 0.8327028627068862 0.8242506092705837 0.7875599045363104 0.7843767018654929 0.8045538389129243 0.8118399001598514 0.8170619761559782 0.8150753970627407 0.8347500611636715 0.8200876662929136 0.785350763447673 0.7793842237328696 0.7583587113431145 0.8044155980574043 0.7984311769678875 0.7606913591409111 0.7851451367099168 0.8084154627121384 0.782755342700809 0.7711623049735615 0.7662528103122088 0.784227817607635 0.7838222992788388 0.8161298131957685 0.8166708090077581
0.6230102773413891 0.633605940907587 0.6309930361210382 0.6593077051340208 0.7179605601039802 0.7835794611270946 0.8229221869448098 0.8322872684777597 0.8348062014141548 0.8063700387580066 0.8317621522216357 0.8729855966923763 0.8483851927666181 0.8760795242612806 0.8624603661758555 0.8533975057084637 0.8929647655880105 0.8980323568776306 0.8454806425135962 0.7703227263483245 0.7973619559819151 0.7601829674133126 0.7457086383072511 0.7269893652281939 0.737704637355589 0.7718502856859086 0.7763817886759512 0.7710692002249221 0.7799436517917044 0.7579484679872474 0.7250355183176562 0.7698270623246617 0.7484963777159704 0.7652289738687194 0.7286764385225342 0.7258637271265668 0.7698802992818083 0.7626214436185202 0.7544498333525008 0.7414580925031269 0.7384959887550372 0.7300032097301414 0.7768979161432735
0.598950923086052 0.5889163758881871 0.6382223837745243 0.6912786238128433 0.6967534251810436 0.7327576061628461 0.771757210845849 0.8125345560645003 0.8279049818815526 0.8220074454606487 0.8606311669926688 0.844070744797137 0.8396045657804453 0.8548160744700014 0.8671972851944094 0.822438256519223 0.8512010292050581 0.8455644410900457 0.7936146930536205 0.7524703221094086 0.7727422186307912 0.7600662365728676 0.7218639776701302 0.7313387488277925 0.7146657024850664 0.7421833051095864 0.7336812958289616 0.7324792810856299 0.7452406917531691 0.7425874824097368 0.7273226450730522 0.7170659658608934 0.755252189794188 0.7329209756696569 0.7125581998347802 0.6974972176690811 0.6998268794228697 0.712176203231846 0.6891549781127843 0.715637419843162 0.7040273488003757 0.7343179077112673 0.7608209278922344
0.6128824688582465 0.567120598541774 0.6470702948044323 0.684133541844084 0.6926651477474417 0.6960292892747855 0.7130177728258378 0.7819709570259028 0.7882697113144436 0.8299748803808099 0.8530590571212934 0.8532019607797631 0.828388671523531 0.8198982959202156 0.8523839963984294 0.8152145345420727 0.7985452543896604 0.7758631092904176 0.8010445526341249 0.7727855978314739 0.7511307008236575 0.718031641458951 0.7274846949986549 0.6995146216303308 0.6915620071148569 0.7045987037598488 0.7203826224114713 0.6694024180858611 0.6881396326680664 0.7374203468450174 0.715737911970988 0.7214120060034855 0.7128117761383566 0.7360857968105566 0.7242686354700464 0.6920846493889884 0.6961214552748042 0.6497447723960836 0.6769583460618126 0.6759938685562863 0.688074280370625 0.6933485981721865 0.7242266092673724
0.5850815392703618 0.5556120973318134 0.6257694133112883 0.6313773701070755 0.6405821397916617 0.6647348556773399 0.6978097581958809 0.7523363136527853 0.777949917433177 0.8235908445070503 0.8056647997570416 0.8375878254592891 0.8608618346324071 0.850444089832905 0.8460377118812377 0.7974808229236382 0.7763846500191657 0.7365026751499288 0.7741582129150882 0.7536006107337876 0.7299839741339401 0.707534444517101 0.686881057999243 0.6859161948157857 0.6913901568014829 0.6864465460250277 0.6706842180654957 0.6428063522014832 0.680331596925448 0.6756778735987302 0.6976902319517724 0.6676461629192217 0.6904799630435124 0.6759521742800093 0.6877915672740332 0.6964798321447401 0.6437330956052054 0.6570733523464533 0.6685081504121098 0.6691472949349592 0.6719492425811202 0.6811958029105312 0.6720602648630543
0.5446783819692764 0.5496347841059976 0.6144358410119451 0.5896084419093365 0.6284179038359882 0.6127008446908424 0.6702767004485335 0.755454023489157 0.7920867479585767 0.8080628230580674 0.7921123736990742 0.8254448690321073 0.8441267819733655 0.8900332769301356 0.8222839599099686 0.8280446601267593 0.7798500840892335 0.7229366031311212 0.7351054001371902 0.7256562735229964 0.6663748943128682 0.6614150224094162 0.6470064869375445 0.6529128515959595 0.673704676443811 0.6733610818792123 0.6705671028343491 0.6555072128784522 0.6563941014875804 0.6311061486557709 0.6325845017011241 0.6264030230081353 0.6011174550862041 0.6028307933678677 0.670085050197961 0.6632530450268136 0.609397354756977 0.6319488862583393 0.6040456777954443 0.630008774938881 0.6428825072559154 0.5922075317120448 0.6565238460805215
0.5432653128886366 0.571360930531021 0.5829265858867657 0.5832170243349869 0.5977864899259101 0.6291838657603652 0.672441609646213 0.742023239188038 0.7819162334636072 0.7536935560934949 0.7590532995786229 0.7936526405774585 0.8098444577440973 0.8037317979151857 0.8275720350932315 0.7673555710685294 0.7557610735942089 0.7276834857861034 0.7190687779603844 0.6629724318953865 0.6392445368043431 0.6008409149258748 0.6019182763399835 0.6018126609766395 0.603901880268109 0.5966227285503422 0.6287094500089234 0.5988604091602739 0.6034106754986399 0.6370639491614114 0.6343580758331814 0.6073527980393686 0.5916901944751928 0.5867612724001864 0.6282981414422685 0.6570428373574142 0.6084945220852341 0.5994113874245802 0.5743254058179366 0.6002976158517981 0.5878652216225886 0.5997751995778732 0.6177460284585141
0.5308125478577937 0.560419021935887 0.5854876292499842 0.5933234825109589 0.6459303504907753 0.7019249898278495 0.6750826719279546 0.72984531763061 0.720400464366591 0.7545259743351636 0.7598257853544712 0.7552798957998159 0.7890915402461534 0.758018960609552 0.7433371423289484 0.7419246361918221 0.7232912972416994 0.7094956177312292 0.6864825970397005 0.6285812203636676 0.6112589575263093 0.5956825839419784 0.5996829683371976 0.6058409802412958 0.5801126985002427 0.5872310870158772 0.6025894375792263 0.6034545902769375 0.5971738334856957 0.613441175067447 0.60130131580983 0.559477279274033 0.6011424195195771 0.6176956686358732 0.617002016051123 0.6225630980675074 0.5913691770996171 0.5630534000698703 0.5705007638013179 0.5486593942849399 0.5770931613846646 0.622142234261172 0.6670149300097412
0.554590172543195 0.55072053322758 0.5614798822474146 0.6145104328494384 0.6405732509031925 0.6971466661389001 0.6900347595291 0.707266005674045 0.706388492882028 0.7056772592473474 0.728707358522643 0.7308918085522317 0.7354938009094036 0.7372347195346369 0.7054413327487379 0.6613001460674035 0.6674626273571104 0.644654122072737 0.6594003395869545 0.5989839194254706 0.5848454855961548 0.6149435327118719 0.602116210900086 0.5643525544790791 0.5972413341261351 0.6083542891579716 0.5919998541527995 0.5922583675633171 0.6063077660544424 0.6023694709511759 0.561527923514382 0.5679022916579286 0.574424301720152 0.6057713191360582 0.5976893095832831 0.56292382298344 0.5579547638226746 0.5374471506570858 0.5418021138625667 0.5738374185620498 0.5976804614104556 0.6317161275497224 0.6536195667520167
0.5488878008364922 0.5630710479830605 0.5581017442803666 0.617448515080766 0.6252616112809999 0.6803152603031835 0.6606569047846444 0.6868557272817174 0.6868813526718354 0.6537247537059672 0.672785650006193 0.6895180999506043 0.6801094526973738 0.7056521603603472 0.6982807204968372 0.6446035947762763 0.6643641093298343 0.6359870274544469 0.6310305287746435 0.625561513158025 0.5843100462914523 0.5635186878684131 0.5529812302932425 0.5544506004587393 0.557090534499726 0.6047148298847151 0.5991239307808073 0.5489797629920898 0.5480106089491039 0.5528083607712223 0.5964427340411922 0.606359450854123 0.5551800627869627 0.5598870787872136 0.558086550231786 0.5719751060645953 0.5457229288826008 0.5502596956525759 0.5433418712384523 0.5970387276762202 0.5916932450595518 0.5984864908892465 0.6363899605989671
