Raster_benchmarking/DGGS/continuous/raster-61.asc
NCOLS 100
NROWS 100
XLLCORNER 1743161.7744274358
YLLCORNER 5469296.453573514
CELLSIZE 10
NODATA_VALUE -9999
[rows 19 to 37 of 100, columns 0 to 42 of 100]
0.19648531400642535 0.143745693833958 0.15459563608020038 0.12484920823899068 0.1814687246865995 0.21824239362268535 0.2364833886733005 0.22624027220641185 0.2598963965789721 0.2627284376557285 0.2733329122781989 0.2899877186530265 0.3530204767990754 0.3518063431873421 0.35131996810233485 0.381128377843042 0.36178488402032666 0.3536213042787643 0.34163022921121916 0.3379954123272532 0.35886354492695444 0.352733161624706 0.39197925710913195 0.3628507272084783 0.36858605975671915 0.3902146408091388 0.4184036556686937 0.40244002432750997 0.4168627014236543 0.3568171995882092 0.39306517298502114 0.3842475884802714 0.43962388953919035 0.4728202817499327 0.46580708229496043 0.4775375748718988 0.44365131169482463 0.4644296002562022 0.4765806028098994 0.49862558249129396 0.483720988164014 0.5262662387344578 0.5230295512151945
0.18044609219985566 0.19688279513773588 0.15148489173531693 0.13680315968101567 0.2054412609076546 0.21769218975284974 0.22323632383502506 0.23427309736757146 0.2783379668953615 0.2606023456776854 0.3153237914084819 0.2876414937706741 0.3408939404395199 0.36862672020612747 0.34973313614273144 0.39871656568215086 0.37745404136435046 0.3389330805969138 0.3531105411369526 0.34823740811417503 0.36087028505591207 0.3685561396179815 0.3716165448857507 0.34267298911474736 0.3687067297988305 0.3421543313441357 0.39623529685226055 0.3908809088163742 0.3928450455565221 0.35830700326409815 0.36097980280026337 0.3480443231459661 0.44216396993470625 0.46553960941744044 0.4325830905557853 0.47762618377388566 0.4340599213305974 0.439550126415128 0.4579436879008067 0.49025215071213535 0.4933313409188988 0.5176802022042525 0.5045963623963112
0.19560508288449982 0.17323505738909115 0.16484622327379023 0.16928426013300935 0.19472137366174205 0.22415089209735276 0.24887795861681272 0.26761877600549017 0.30896178030938226 0.30641220626413357 0.32323875067991714 0.33678654905893873 0.32616260118198925 0.3849187226284698 0.3629457095634419 0.3848642719669831 0.38893321068790615 0.3397772959780992 0.3264362706294187 0.35501712017718484 0.34218098892855164 0.4026751496843815 0.37387257072296987 0.3472742850004397 0.3385523431255448 0.33293299354972894 0.3759090270840931 0.3670499097885515 0.3693143734999758 0.3610012311961767 0.3473112610539855 0.3871289093527539 0.42078531703726757 0.4102143008625983 0.4167580864664375 0.40762139173096795 0.44626104107024717 0.399421782656272 0.41742220216010195 0.46142823632772684 0.5041855050548537 0.5347764726529064 0.5258006834254415
0.23424771440681308 0.17830486914491386 0.22109966258889782 0.22665283585163493 0.20971076486674517 0.22468617406355662 0.25147800643329654 0.2858709876932062 0.30613783171580217 0.3482969320537242 0.360442006750458 0.3595293853314521 0.3493233532235527 0.38076581593987435 0.39596137438399376 0.4074055831982906 0.4004396559991918 0.36141368215663566 0.3574797427585466 0.3406927287830294 0.3592102165177302 0.4255951730475059 0.4052221125080605 0.37699060131608836 0.3850806284660973 0.3411071241644017 0.33496283994310894 0.3482840115473903 0.36299964124951506 0.388573535966272 0.36328336884404616 0.3929629056899761 0.39337979814107216 0.3853208672337868 0.3630787266848609 0.3594502150737437 0.399753834647164 0.4022927523830425 0.417200832000985 0.4530078049636926 0.4715493092291468 0.5297601223519612 0.549852158902176
0.20723617040347977 0.19589331449193123 0.24932382091419233 0.2139782904812732 0.21338483281026271 0.2387000382023649 0.2677498544291434 0.31324165536939075 0.3079955840947844 0.2977350937514323 0.32678574712328556 0.39714051910797654 0.40502298931830183 0.3583844520888034 0.36515484489425404 0.4035371321319492 0.3877532628077933 0.3425699396452094 0.34811761953405307 0.36451470719406326 0.4255399060819271 0.413894703816566 0.4157874652416982 0.3873285389196817 0.3686888432526367 0.3550671350547271 0.34993814126583744 0.36493681548067924 0.4039899340242102 0.39687017626782983 0.39147984430831817 0.36210132775243176 0.36376574256660466 0.3659262997610859 0.37033741102027423 0.3377065327560484 0.37263576680614796 0.42336607685443395 0.43450584561310424 0.4518282795761082 0.4456868177388876 0.5019295420281153 0.5174670293760123
0.2563767224249917 0.22142554098013306 0.2613260874617307 0.2669327124528082 0.2558542838092907 0.2225081165569529 0.25282790379429665 0.27263416941590496 0.2749803688663501 0.29578556160934133 0.3525651495039394 0.41134772616237636 0.40698216707383206 0.3740850401251011 0.38021154345371755 0.35259974772792896 0.35025621925881223 0.36396690928643766 0.3862054283160871 0.43063577725789415 0.44858421624172645 0.4245512018381059 0.3883294902210077 0.3930434573352852 0.36056032587704506 0.3466387739604774 0.35154928374867267 0.4261670869900482 0.39132973633456986 0.35915227405657607 0.37407199787036366 0.3591640629764026 0.37585124901892314 0.3792887289261286 0.35730714326211693 0.32176886140523525 0.3880981453069038 0.4436099705564978 0.4514278090521622 0.39608613049298774 0.4802719857511036 0.4785754570324605 0.5402764915080713
0.24495975862648645 0.23146235248065952 0.23648760393184706 0.21445234363827842 0.20398196867460275 0.21514979078994897 0.2444474041797841 0.2517809544324228 0.2407223370611025 0.2907423163653027 0.30226437982240434 0.35548188020919935 0.34439193043171756 0.38210053725736604 0.3700597578904154 0.3756142217514649 0.3500789667467317 0.3610671479458504 0.4261142552293598 0.4131173598229301 0.4031489873483492 0.4379658206359154 0.41948573980213705 0.40897674826157554 0.40299486852385175 0.3879940608036722 0.4055090644477194 0.37038599768173414 0.3647678605084071 0.35780559793031486 0.3657684573941037 0.4133688478122817 0.4122277346526358 0.37528354300995925 0.3827018812200054 0.3399145231299026 0.37704475087189415 0.44195516835405035 0.46983469855520565 0.4429212536094925 0.4780525420326656 0.4739052326054147 0.5163894772917371
0.23528605486767398 0.19780493853420109 0.16977888627832355 0.15464777563671725 0.19715869450500925 0.17059789053757643 0.20943320628537354 0.2444642108152934 0.21540019594178653 0.2328885421582577 0.2850941650347993 0.29701134475178126 0.35593854647790446 0.37500443712692844 0.37838293883177143 0.40431687643875386 0.36572998287555314 0.3945837304866066 0.38783869265126686 0.4323057653595381 0.4119389643661983 0.39629682888432094 0.4352386648510633 0.38554598158300063 0.3565564549082009 0.3714171974366359 0.3653942195608487 0.3673878674535482 0.3693082525444588 0.41041019776756255 0.41595657317404516 0.4426463078256122 0.44069226057507194 0.44044771248115827 0.4128424369088454 0.3865879261972065 0.4071410436705862 0.4566108920017114 0.49960011970402607 0.5130039616998001 0.4928934126675493 0.5276583083900427 0.5176667981143438
0.17965585047551755 0.1981296368524989 0.1983151683593893 0.16762992405797522 0.1534517498167733 0.18595215978746252 0.18595532184801314 0.21923946735941924 0.23504952851780447 0.22600110267113419 0.2311455433008314 0.26695184670255045 0.3356893440957554 0.3618800688929574 0.35415223578150606 0.38394522457271 0.3970069486546817 0.4102315329941514 0.413238444897843 0.3996564158539867 0.4088572042923769 0.4445234612804697 0.42079443293771673 0.3857887815494692 0.38473049743394905 0.42027161879325886 0.4362603365701983 0.42006689639032985 0.42819888219219876 0.44887740246649216 0.4367570857953934 0.4029512919100903 0.41753681747687166 0.41267242778373636 0.42333603461173314 0.4516089596699839 0.4902474479148103 0.5127638497682103 0.5128894955433445 0.502973991693999 0.5059706419019872 0.5338186952616955 0.5342816193316412
0.1932790759452324 0.20092740964003844 0.17070579452564846 0.15883092491370887 0.1718146500778176 0.15666343111660405 0.14766439215418928 0.17347690940367183 0.18946165775214396 0.18263381374326537 0.23990462908109245 0.26386462165745683 0.29175760353952124 0.34453969860505024 0.32969937487567547 0.368847886777381 0.3493476307116366 0.3707113120021734 0.40475260326283347 0.3891601365927796 0.4025439990699536 0.43862880783071023 0.4150839887563946 0.4003628758670613 0.4308491682507339 0.45006656706268455 0.4689541766798073 0.46829106260286435 0.44989935060374153 0.4346134363397606 0.44674946503548413 0.41264890322296677 0.46398504103336613 0.4642845399266256 0.4650280462860577 0.486189891738712 0.48687399415641686 0.5198726853295058 0.5377109402496553 0.5352233146195596 0.5302508578320811 0.5527042781349466 0.5011920680834291
0.16835962554089276 0.13620534523278985 0.1360004923521406 0.10933518950008764 0.1260016635871324 0.15389443788278895 0.13430184117199062 0.14603258832710855 0.1539874587141264 0.2172930401922138 0.25066423775575813 0.27553088802836967 0.27050879053639165 0.3341333236749221 0.33528831057229225 0.3176020888214118 0.3705187758989656 0.38361969829796827 0.3572225906443717 0.4072737971487164 0.41707377447309046 0.44058113471397864 0.4014086010667588 0.38267642827309606 0.46340133900619945 0.4501214746212663 0.48349788382919534 0.4873540762274694 0.46603448873022585 0.44840876242099265 0.4094213312095924 0.4507705118919254 0.4637458361139121 0.4605590632045868 0.46192539284437484 0.4859666171933451 0.511642112780565 0.5244412509998748 0.4897916703416978 0.48919240887640736 0.5402226110954997 0.5242637182947396 0.46597001598863164
0.11437763110706747 0.1283258694604108 0.11713533092484889 0.1014167224749161 0.1400112003505142 0.1541320375780991 0.1788308563160044 0.15379725356115867 0.19781315914386063 0.2062681709899041 0.2335290763380748 0.2546527436123961 0.23498302568948135 0.2805722931753032 0.27233125182993656 0.28259212012473045 0.313354320525106 0.35670534934411524 0.3819443689672055 0.36903651418968997 0.34968778212724105 0.3826746995436364 0.3935463047562419 0.37802015847184395 0.4523070763785337 0.5039612096360231 0.46192857814176086 0.4573849448574847 0.4482986713602896 0.4755893915500387 0.4348400670726354 0.4378348320376772 0.42766117539689147 0.48044174437414394 0.5165780846682876 0.5273259835978719 0.5455812139462127 0.5418230811538965 0.5065219620529738 0.47581716315534794 0.49627454560982875 0.5106964710918385 0.49348549491423727
0.11639245757659063 0.07507484838555474 0.06455945500086908 0.10191320902900165 0.10858634380439475 0.11592417462641597 0.18059816748545468 0.17646570938849218 0.19807184983544884 0.1889149781205546 0.18707781162581932 0.22890791387387016 0.20851875150799143 0.22632890139648304 0.2612024878108064 0.29597351435400526 0.3243582000506788 0.355247782379588 0.32938284337423424 0.3576602877745971 0.33522795379650533 0.3850195231947244 0.40215001883718715 0.38122727625086206 0.43879418821733296 0.4565631664232935 0.5211872697671313 0.504599206798083 0.45653259873098134 0.43982551558907607 0.4558824762563298 0.4656817163111333 0.44978979568153227 0.49879429461991526 0.5177681747785127 0.5473922707122886 0.5381189241366423 0.5585979705203193 0.5254368136901418 0.4541290530918792 0.4566669145619866 0.45845739066981195 0.4265655377691388
0.05806897493117097 0.06952549003102629 0.0690150752987796 0.030135144554515658 0.1309601588454958 0.12367225022588622 0.1388980985063096 0.19063084859397364 0.20231554776474256 0.14663902213673646 0.17530814355631838 0.19110621864618743 0.22827640042795078 0.2060939537994281 0.2593551508782211 0.31864163311211585 0.281265084835013 0.2961439269104767 0.30105622768344664 0.3207354978189036 0.32163958966827016 0.3377532775714658 0.36962778793810797 0.429115302841196 0.4420901201067104 0.47564928913618415 0.5269633925713233 0.5269239433535301 0.5153306277099886 0.4698984045699732 0.4541136370110524 0.46317226265809536 0.4636099685748971 0.5204542282628815 0.5033885673608043 0.5550991780659766 0.5491917258850142 0.5635259687701079 0.5275833264969183 0.46011090230790047 0.4220088959734037 0.42293524431935237 0.3969338537889807
0.07223340800434906 0.08997519316531213 0.1000636250730412 0.12784067167445504 0.13942150198321274 0.16587791650094355 0.15969237433175418 0.16014303121833334 0.17571000619531169 0.14872586584476183 0.19158045859833747 0.1671901171986709 0.21016081424922206 0.20646254987523538 0.23126619135332951 0.23823375679735362 0.2543522367828464 0.27737500760581474 0.2872203100950337 0.29898588980208424 0.3240772711934806 0.328698135796534 0.3923489399781489 0.41157375522600875 0.4472436654080109 0.49293918227877664 0.5211287343438469 0.5078537454085085 0.5407099849781108 0.5093415610301241 0.541143128622268 0.5377662643186953 0.5256279914010057 0.5329568633771186 0.5200431147698283 0.5357231555260357 0.5317461459597955 0.5376121358388005 0.49987024688211334 0.4978895389785944 0.4432449851998877 0.462799408107146 0.4502767857126953
0.03949395676661229 0.09358873818569949 0.12151904144243894 0.16512396238105212 0.13940044387587844 0.18738568635049557 0.149730302996832 0.19902997848469992 0.20664032009729608 0.16555000184449842 0.16225442982274238 0.18904560479944263 0.17475484135734812 0.19653963480720177 0.22038242778720227 0.22523296588688685 0.24887443058633468 0.28372363742959683 0.2943500206931662 0.35682685989799995 0.3704790051456753 0.3772364510225262 0.37289187780133265 0.4438602448984639 0.42375299518339765 0.47070536936185675 0.5263873351772649 0.4930690389533398 0.5635904701280982 0.5799707054635358 0.5629919981904563 0.5532546031318721 0.5639120824544211 0.5228752556550977 0.5326258800839855 0.5253126505762084 0.559926504417538 0.5064527309215148 0.5148295178832036 0.4691072855454439 0.4154712470483348 0.42192253124258516 0.4105610951334206
0.05891482741672811 0.08983028662393236 0.16725160615105364 0.17724280127688596 0.18920905453531947 0.17923777265466204 0.16581572485543228 0.17792440937506276 0.16664673084120926 0.19002815481026722 0.18226984369722904 0.18529606403478394 0.21595220488677205 0.19731499449493528 0.23527311467358497 0.21946037480949349 0.22005493524591263 0.2346111507242179 0.2867954843112701 0.3633372282490742 0.3913353706507907 0.3856943750309901 0.3969820383476475 0.4151197088641955 0.4275089658188475 0.45487550079528755 0.5062137787105259 0.5280975234441097 0.531360580321092 0.5877291201483793 0.5989275338609656 0.6135699305342588 0.587810246911215 0.5921920274091491 0.5676498816592483 0.5428225756687994 0.5572889766213016 0.5236528666923173 0.48711009354272927 0.4842368290515456 0.4427260356039936 0.4366844162998449 0.44099599261310085
0.1172490692426249 0.13978888944785062 0.18392278578522966 0.1644033777050365 0.20318764568482625 0.1971375478874619 0.15772631413659918 0.1709214839130358 0.15914122634622163 0.14589688386035177 0.17815032701511901 0.1665401461211189 0.22167593744276337 0.21417060666629703 0.2490997863062471 0.25200028865116664 0.23280218875085792 0.23838100173974677 0.25966164025574434 0.3357194100212775 0.33606117886779036 0.3728525433456094 0.39281919477854876 0.3991525701073128 0.45528781181027683 0.5157419736948954 0.4920909103521278 0.5405254625131917 0.5773439572640454 0.5649916838178236 0.5919590982026938 0.6095888736455704 0.6307807407475412 0.6251876735276114 0.609476647564508 0.6231857788862099 0.5800843597744624 0.5141158729507258 0.5380455291185565 0.5192463576102654 0.48883048383563643 0.4742132032692361 0.4938378113381136
0.09121651795893947 0.1206856506228207 0.17458978726051982 0.16542391611264953 0.17051256659876574 0.16561873618449308 0.17118159903129546 0.18313823098736332 0.21381707272062644 0.2306404229633326 0.23771121985831475 0.25499856918006714 0.2492263412813517 0.2569091183661122 0.22580569350952578 0.2542567636188649 0.2553224058799668 0.2245755417618857 0.25508587339542094 0.312608206231667 0.3326508192218382 0.3252265020974281 0.3648884548282522 0.4452145706438383 0.465747771649891 0.5113877147188721 0.5073661487151857 0.5400478813572269 0.5858800963613328 0.5701800663655969 0.5847913657589369 0.6042053345833607 0.6061405655150245 0.6056747282612183 0.6404960380320924 0.6112626263588763 0.6089045546128857 0.5932606666744888 0.5662553371576559 0.5507769597004244 0.5264961279974282 0.48738110615081376 0.5016873550968839
