Raster_benchmarking/DGGS/continuous/raster-259.asc
NCOLS 100
NROWS 100
XLLCORNER 1743160.467882214
YLLCORNER 5469289.8218305055
CELLSIZE 10
NODATA_VALUE -9999
[rows 19 to 37 of 100, columns 0 to 42 of 100]
0.47337978345022336 0.472559738015303 0.4473152181354195 0.4311616643892255 0.4142491738107323 0.39897546217472657 0.43570926715233904 0.42517207015058295 0.4595261465226359 0.4857485703440567 0.5156216926758068 0.5084682393161528 0.5395626693114852 0.5319352195224735 0.5264599294030724 0.5002852297902672 0.49607821050788325 0.5672701380581493 0.5636342876440255 0.5601515047338621 0.5136288849855993 0.4958883640486847 0.4771788123518743 0.47087614222074653 0.4109179351195295 0.40984148729245773 0.44985308196468976 0.4393392416042222 0.4228415689724301 0.40382984528338284 0.3712796815849072 0.3931909430639164 0.35612007787654987 0.37855677405522276 0.41169985940824916 0.43596813414144747 0.43188146694988583 0.4704806999267198 0.49063171017442675 0.5293069885151951 0.5676690183483911 0.5633777740885754 0.5770900157753638
0.44060191431405255 0.4810967314633912 0.5029638487078958 0.41465226259928084 0.4093592321865275 0.3980737294226377 0.4166775582740861 0.43154296168737993 0.43387521047967126 0.44738469236415 0.46764823902876684 0.48454158601035763 0.5278428372577135 0.5595649710354427 0.5520199229124796 0.5589785132036149 0.5213752123178312 0.5699923156518297 0.5246783052992718 0.5691728449693753 0.5536813778507165 0.4921972769415854 0.4822174893497844 0.4887789631545967 0.4800871940102638 0.43329254805458917 0.43062339625524443 0.4357041994235089 0.4627804440452157 0.4164231080728958 0.4124518991428846 0.3694709672620535 0.35992239249473224 0.3745103320785373 0.39046673671408705 0.44460512917546874 0.4507062795477219 0.45396053685504023 0.49094278825381893 0.5192296063135068 0.5819865790503866 0.5876714432493054 0.5470082195637554
0.4560653937437417 0.446242260422859 0.4724215654119067 0.42268299142528654 0.38940833318234275 0.4019162138817354 0.4463561655771396 0.4348508441533631 0.42742850153683504 0.45462872900021156 0.4461049188684601 0.46805442238675316 0.5166268418163673 0.5542452011095519 0.5632832060014238 0.5793898239320469 0.5788029805703722 0.5492634423587968 0.558249613971572 0.5349390996883988 0.5062935920719016 0.5107451521701792 0.469063142998395 0.45445224619792823 0.48590163189735736 0.4914328110053248 0.4687595080969512 0.46384289688329494 0.4508746327663592 0.455743702887086 0.4386503625242612 0.4016837509914082 0.4123147551589644 0.3986970645960323 0.3906053880986208 0.4211864145612495 0.40592255090739604 0.4467929342139358 0.4605752432708592 0.519702548581829 0.5371853344234233 0.5875387401533472 0.5847389244526652
0.47042447153921046 0.45298849848589606 0.4748670086606881 0.4422337239061393 0.39174326964604284 0.3957775066936122 0.4453098788683659 0.42736343911825697 0.45047436240238203 0.4559764589027391 0.4885726308678772 0.4606681751303714 0.4944875803808363 0.5423372656964842 0.5837916592029426 0.5533544525394304 0.5584307335559626 0.5916882749627943 0.6098318663054985 0.5596545782069525 0.5040023914756014 0.47741118152349765 0.46985645743530535 0.48218924232217364 0.5048197957455665 0.5050123773262095 0.4492922295497353 0.47765524922967456 0.4735774834265676 0.4966596696303127 0.5024615532208794 0.43259260473764183 0.39251786097845115 0.3733164696519042 0.3764891115440019 0.40505742118167753 0.38994396867001396 0.42657980899810366 0.48370756264566317 0.517930232041011 0.5557567170324488 0.5842542670717588 0.5672468209609932
0.4187086485018853 0.4550942941582564 0.4239178426627079 0.40943809176023405 0.39908204604014647 0.44110329160306044 0.46441342823230103 0.4528204890018685 0.49612422644965565 0.4634947313147002 0.44269418050040166 0.4475567685492147 0.45593160543680916 0.5308987888154169 0.5407425242528031 0.5258300918045434 0.5379170869475578 0.5718250921254758 0.5506681199268155 0.5134034877898449 0.47820119146634504 0.45882927806342794 0.49468224147083345 0.48252928774835074 0.48357552856806413 0.4747642853497401 0.4526316045306851 0.48163901744305 0.4807056800381768 0.4943608289986951 0.4722554537253278 0.48406824848407914 0.46557296317483193 0.40058178160494423 0.3751159473815103 0.3857231979346958 0.39263478542049046 0.4220946437030698 0.4656447948266116 0.5052018059885709 0.5368089280715777 0.5613840394373616 0.5738527062766008
0.4072889422187457 0.43869550881449665 0.4283644423399905 0.4048222611519195 0.41213016533676144 0.39988809111849777 0.4297486284777096 0.47964725681143167 0.49837691880859375 0.481849438624845 0.4496473921119381 0.42798212851908085 0.467640683749886 0.5173055476555569 0.49857144790925195 0.5035273324208617 0.5723587183162385 0.5681705495654525 0.5711130931963709 0.48823372442939644 0.47441812899204827 0.49442627248397114 0.5012196045762166 0.49423992741649203 0.4862308648039084 0.5088421380295053 0.5074147659181005 0.5286732084028791 0.48609694493206707 0.4670695943829894 0.48109193587710675 0.4973303937082452 0.480577975290879 0.4519843849956434 0.42568811833740516 0.4448742942523628 0.423945895603837 0.4201107692085046 0.4662839242823472 0.47857752836339384 0.46907651326554256 0.5479620118419347 0.5481630225258107
0.39515622635418196 0.3652641657750638 0.35008399965732745 0.3815865475500066 0.37993341284964904 0.40433992352739195 0.42673991654470506 0.4245913152850809 0.45005078098524215 0.4686129109618462 0.44423376042257096 0.4632151567722276 0.48055343121231126 0.45527700287734757 0.5220048798767962 0.5130392176830548 0.5610292889058407 0.5204098981991707 0.49609554123672756 0.4966035311143914 0.47851757612608176 0.48269180168848175 0.4913349777743295 0.5077107231520757 0.4838122274904845 0.49560287435040984 0.5487719608907586 0.5420146696145227 0.5131530701631997 0.47721721590767713 0.4702091919108669 0.46239726945656007 0.43318817461882586 0.4323174508915346 0.4322520174496837 0.4325293155116633 0.43371712991399547 0.47710360028292015 0.45774516564113005 0.4681498510631547 0.4974873948679233 0.5321545235342516 0.5676657650182153
0.36359454021364623 0.3518520119456679 0.32793734769935307 0.3535751800752555 0.40450481689304985 0.4095785631057149 0.3986959711356905 0.4190883571400409 0.4790345282735996 0.4865102914391624 0.48014839840609436 0.4811102893012711 0.44090292837103773 0.48929317498855307 0.5025524818315003 0.4847067542261168 0.5501765037721252 0.4789041710822698 0.45835399828681705 0.44442707250627633 0.4546930738175794 0.4723641635766441 0.4050940139785081 0.47218952753361476 0.5239307733185887 0.5237253360358186 0.5640949182973886 0.5631585018220273 0.5374574446227092 0.5119279446157816 0.4547252154548527 0.42626724180809084 0.44006122461215724 0.42119611733598966 0.4490796477030398 0.44592509441927475 0.4516476884867918 0.4495280734244462 0.48727057330388535 0.5151601753115889 0.4676044906041388 0.5173000182338374 0.5273398348344557
0.32819005104568255 0.3257084376584149 0.32034563923286374 0.3335069136507634 0.38431939194141357 0.4113090684300717 0.42345363755717486 0.42407652236154314 0.40765706230835586 0.4249468343851204 0.43993295623780465 0.439222163369849 0.4921548670166939 0.4852262964605814 0.5041324015477112 0.48168366972267473 0.49093773725331374 0.505580355962419 0.4350940403954031 0.4372077144763831 0.4613877138677265 0.4649024553271938 0.4637545566442634 0.44281022033330536 0.4976495882066034 0.5451353891660756 0.5482549397564292 0.5353670081794009 0.513322478687671 0.5384647895800672 0.4822333102476985 0.4461083197944496 0.4317668099062983 0.43691932600716055 0.4053695433962132 0.421174719997806 0.48533217090732633 0.47856429268562456 0.4831287407466823 0.5181247902158845 0.5054104752692495 0.5006828985131118 0.545914768815794
0.3411050564185142 0.3375027451882344 0.30156351342601095 0.3496793688560685 0.33359701548476045 0.4008504793638437 0.4042273138991513 0.4243101478343784 0.41790866808557336 0.40369355180506433 0.4261404537966368 0.4443759106149894 0.4948072089416729 0.46380816871025854 0.45456474221257587 0.4693710745787074 0.4719564269918112 0.4564215449250558 0.4453893382785909 0.4598983583554651 0.4497627614237727 0.434259768332622 0.4482323069997792 0.45659002056438186 0.5068148330216466 0.5252250983250659 0.5435492722256324 0.5218009605728298 0.5360617841300029 0.5419185767001464 0.5346048915512219 0.48544044776615575 0.4600447660837151 0.4624304835350726 0.4212861779580806 0.42090442005955 0.47319137380170234 0.5057981445681817 0.5024299257862388 0.5135488284950257 0.5313356775597387 0.5365722836463683 0.5338827171488155
0.31261301168453387 0.3043335233823918 0.30694388783115484 0.31589361609646627 0.3234753217849124 0.38626340161076994 0.4213591240879843 0.4329237748721094 0.4147240523826673 0.43450760517234593 0.46195974248108296 0.4517206051350004 0.469216808647426 0.4678356276079271 0.4801820446052661 0.46756707846736567 0.44329638572499047 0.465114333914829 0.4432308788812909 0.4582535458255592 0.44652699020876374 0.4290294084806266 0.41710725860267406 0.4270584644785549 0.4591059158029419 0.5263141581712898 0.52714992782453 0.5451109420896552 0.5210359084790148 0.4900830438320017 0.48144699445021605 0.5088179733900303 0.4886794477957763 0.4690283492355957 0.41458048356275884 0.47084201102404494 0.48302598397675767 0.4905821089851039 0.4970629197575939 0.5315338777422786 0.512755779456204 0.5230081547885262 0.5755028240516012
0.317892978446824 0.34352135282133855 0.29741939105681214 0.29568131776559436 0.35623730097713974 0.35893044355921033 0.4036445507652798 0.4064490531970377 0.4206917816559685 0.46480328932811277 0.4944155110097324 0.4834179584813935 0.48598291706702534 0.43147885959993376 0.43298686273920034 0.441980503582331 0.40241577569332754 0.41946182853412484 0.43828844130510125 0.4382736339512117 0.4056736955391082 0.4310421119821445 0.418048609377215 0.45807036557996333 0.4491400678004274 0.4909104828492297 0.527483196371605 0.4894858374089703 0.46793837532004173 0.45666497829318786 0.4961394103831083 0.513559818977391 0.49910808587179023 0.46771095976913574 0.41423987210062524 0.4332511317626984 0.45826881446981965 0.515294908355146 0.518335645481711 0.5108307875254231 0.5314468363291784 0.5606261630671695 0.6120280612371476
0.3123849704464008 0.33937033025701324 0.3236228381114853 0.3267278223441238 0.34308063316840987 0.3967623230427981 0.37662840831270933 0.4241480862580805 0.4339717976017931 0.42836839738634425 0.42256715211421486 0.45824293384182196 0.43747756855649456 0.45423195768442887 0.44153802802012393 0.4546852335781387 0.39086929135311416 0.3917958699115014 0.4105763466669406 0.3881418942217329 0.4023736756550325 0.4056130275323633 0.3875381277617537 0.4255227462739967 0.4282400307828501 0.4640416784413172 0.47899997111831294 0.4583788957932792 0.47782514484239447 0.46909316853940913 0.4756608417766995 0.45713901747212865 0.4697211429147202 0.4384860382978006 0.45987813860352167 0.43141138140211144 0.4661692516466204 0.49947999304473045 0.5399386623820365 0.5340803203446719 0.5452760848309892 0.6088674927535638 0.6210336166583721
0.32508507448215684 0.3258160490833808 0.36835382562032654 0.3936108474708304 0.38184887073910295 0.4200228418999846 0.39547668300578176 0.42576437366217795 0.44127871861912094 0.42190872142937813 0.4159763883274775 0.41346937002699474 0.40265012878337486 0.4488153029660319 0.46002648660323825 0.42110254989762624 0.4074368374018774 0.3888314755418988 0.3993086309162126 0.4131836915510042 0.36637146961578065 0.3752821118356374 0.36346221545562074 0.3500893118467919 0.3844730583074642 0.4021095803054309 0.39149092409627245 0.3991118680582118 0.4377153063572109 0.44790819781176716 0.4894091288983124 0.47069498367908075 0.42790728359473074 0.4690329090877364 0.4363462122440887 0.4777267164675621 0.5280162911064594 0.49992932014313735 0.5050012934132722 0.5526974457468546 0.6008028113691186 0.603611683603454 0.5750843176795539
0.3317543731475045 0.35552063961598723 0.3655741350100233 0.4068140724612955 0.43894158920107945 0.42245864713699754 0.4359983896231451 0.4095625039031262 0.45518688304675037 0.41129898162744716 0.414138052602411 0.42183747528938464 0.4395698783180383 0.4289827179929331 0.4537045380226455 0.40091761594516406 0.38290365815201044 0.3738801862355273 0.36332860710816123 0.38426730453014113 0.3767875863422973 0.3550411187099727 0.35124059060254836 0.33906883073864447 0.36380148925414124 0.403122486498467 0.4208465623482349 0.4255488127256894 0.45727833539589013 0.484377587570831 0.5037400190332703 0.48589007650105087 0.4839978509595409 0.4904697397268766 0.49461701441699024 0.48548168146310705 0.5534843231939061 0.5238577171943493 0.512279253094002 0.5490638558965454 0.5956474587229659 0.5902279827275863 0.5728843007336004
0.32230679244650107 0.36621142651609934 0.44363113104724944 0.4191442508566924 0.43725137723168034 0.43270776592699 0.44927263032294107 0.4382229866761384 0.4671523323151042 0.42984235962758216 0.438017297688452 0.3983825562147895 0.3917985645018212 0.4177030057899201 0.43069329245923377 0.386821359961009 0.3454982922297663 0.37193728475389004 0.3640711516203217 0.3501711427215834 0.35521418511396635 0.33523809608251054 0.31040703377056017 0.31569275608344494 0.35715391469864877 0.396174792659237 0.4135951815874361 0.42954447466819845 0.44853314245167053 0.4448139506576265 0.4630799443996762 0.48260019231227624 0.4760487631984995 0.5030625325928928 0.5298073008297457 0.5467981541720128 0.55823208406655 0.5605860479639103 0.5172179678924679 0.523796491017292 0.5728157714007396 0.5754406887130346 0.56199082706578
0.271959939505004 0.3358446855861994 0.3874128785474747 0.41126352839878305 0.394209438011436 0.38369524326987114 0.4063415278111664 0.43148532748615687 0.4403468201608984 0.42181131708374314 0.3952529078778564 0.3957177933048852 0.38995387522499064 0.4504052010724383 0.4272013263116042 0.3987489443614748 0.3669793592820474 0.374288640753624 0.39150612572896093 0.37608676831000193 0.38232962017181465 0.3586336671731125 0.36120330989317617 0.34241416595845875 0.329961163830939 0.36029066112729485 0.42118483265054896 0.43852375501916946 0.4573533452401135 0.4973948772885396 0.490437647732569 0.4911881091360316 0.5129552876284618 0.5202559645191949 0.5421041999807261 0.5763291182673604 0.5741341212752382 0.5683400460904927 0.5644644876313732 0.5323326445807874 0.5639713641310007 0.5700016782699321 0.5250000253652907
0.2633714186557254 0.32538047956352056 0.3574685891874857 0.36065649611876666 0.33352888990891233 0.34807481864056183 0.4107372811969713 0.4207735646010051 0.401332328243014 0.41064977838358874 0.4297193876573509 0.41781557722876067 0.4358584535069635 0.43781816958504466 0.44888208174654853 0.37913323499327806 0.3782376583197046 0.3693088795091109 0.39470440882416724 0.3726169193357419 0.34099679317066867 0.31373554927278763 0.3297057272306212 0.3695926626552237 0.35649018301147467 0.3980249001734036 0.42911516965005064 0.44262316856332234 0.4890815885904194 0.5236019515561388 0.5067510661869304 0.4932425001881975 0.5623137710790971 0.5429149302970206 0.5661565784826885 0.5957542430532159 0.5822877738566165 0.5281359029326858 0.5281103660077052 0.5102490674339893 0.5584681211880366 0.508217586992808 0.4905445406962944
0.27248065281102896 0.3058903659888493 0.29723841383741256 0.28034841369749736 0.330445463728764 0.34975510432396134 0.3724609474933498 0.41418484030685343 0.36414024482760715 0.3764721880907021 0.4010448031219769 0.36367763771282324 0.41893317011475645 0.42795362829666506 0.3833076168694737 0.36235844054090244 0.3433819276307517 0.3687483541736835 0.3630031958574394 0.38060846049444136 0.33158378716668657 0.3380617983824804 0.35718432720703547 0.38023399588220713 0.39426301638180056 0.4434484332259445 0.45893225676947697 0.48850668537531383 0.523891426907868 0.4900424740232062 0.4968216710685789 0.49986679487721625 0.49931404209116803 0.5502342309688231 0.5354675133579987 0.5528837170928849 0.5479476730700156 0.535473402385756 0.5474796317873152 0.5115469463270225 0.48931486936712654 0.5066566435312916 0.5054426296111217
