Raster_benchmarking/DGGS/continuous/raster-197.asc
NCOLS 100
NROWS 100
XLLCORNER 1743166.9982324424
YLLCORNER 5469293.807279061
CELLSIZE 10
NODATA_VALUE -9999
[rows 57 to 75 of 100, columns 0 to 42 of 100]
0.26898058086992704 0.23663883532942379 0.2698568709332891 0.2506918320841224 0.2052895140492665 0.2527338417691793 0.26649403460650123 0.3550319597366046 0.3776611803259616 0.3941031601242207 0.3922350868546517 0.40206533252078164 0.4420267532706584 0.4250392133620463 0.3832863698584027 0.38794524511292316 0.3760182111616893 0.3875080830549759 0.43158004540527073 0.4574420364207563 0.47497080560176885 0.45182888779164815 0.43147988699840856 0.4959689869298735 0.48824889133795885 0.5253772297188712 0.4735908141893774 0.491102584142934 0.4559646922818656 0.48204761664335977 0.48973716442444226 0.46571631906965105 0.48080345799380825 0.5368882824996142 0.5242716064464472 0.5789396623830826 0.6008255605719731 0.5561824528792043 0.5885300785902651 0.5973386766444048 0.6104150736943639 0.6348664071061246 0.6789364147085355
0.19730656763198134 0.22269902601059666 0.21827018243169136 0.22881986861182552 0.2249938109547924 0.2179390730913478 0.29878749185635434 0.3193478512457019 0.37611559105178494 0.38386507864248637 0.40909791783254923 0.4107901698655061 0.41635639442055655 0.39324481708931247 0.4054162244138531 0.4062325484428259 0.4229973638219912 0.41232188713531454 0.44298984175212897 0.4275059249295654 0.47102425572091255 0.4736083510285028 0.4620579418190228 0.4938042720195811 0.5021743142709854 0.5300018608329713 0.5078198862821897 0.5110964861493106 0.4989783490683441 0.48499474449475904 0.45996692640319115 0.47761502438135417 0.49896622585198297 0.5478942511869928 0.5709206263102349 0.5596022808621667 0.5626707710410003 0.5752053025150674 0.5989677913988363 0.6281479835566454 0.6210514087266148 0.636734542318112 0.709246372176173
0.14740845174487743 0.1688835051922793 0.2028443066705815 0.21073279995167649 0.22483746966761178 0.2453805233364458 0.2880674787092642 0.33314988481104985 0.44995377167515865 0.4175966218097729 0.4296409546330854 0.4566770371288354 0.4743997621314501 0.39928154695891693 0.3904367732383112 0.4028480253886667 0.3807187292047518 0.435722424353963 0.43391308777356336 0.4421571415418605 0.4451906812511976 0.4475261550547702 0.4599157262441751 0.4644552418958962 0.512311990391227 0.5322671381454 0.5835380716412097 0.5282006273802174 0.5014496200273986 0.5057512435443107 0.48746053266372225 0.49679899995883214 0.5238515235949937 0.5659384130434014 0.5790038908635379 0.5327481252661491 0.5271493886494488 0.5700582259373822 0.5560284946747376 0.6533053132813894 0.6682310310068817 0.6344438627864979 0.6807767958675459
0.16195656733997557 0.20018405902322808 0.24720687818912493 0.2407579286859632 0.2955341799188655 0.27940979842121055 0.3466114422990824 0.39870021179273485 0.4207752301681114 0.4100268361118113 0.453084746414133 0.4675519873616121 0.45916712164834567 0.4130379737098414 0.41069870413410475 0.4275352432473496 0.41176615705331016 0.4801867193338309 0.4623864550387991 0.507278778544638 0.49891625288501484 0.4793506303991313 0.4644838685160063 0.49054744699875 0.513651561898521 0.550457322055094 0.612754792288101 0.6153214728404054 0.5480567711693307 0.5432971824526073 0.5559117543580003 0.509539392189295 0.5298202226251826 0.5394489527248931 0.5463581375157452 0.5651023377890508 0.5547759831015885 0.580338575727592 0.584681659531646 0.6329757140699788 0.6556474982458695 0.6546272392073795 0.6816704246900844
0.1772216966018373 0.20258503988769994 0.28125607821061516 0.27647917738241584 0.31694840690201626 0.3584688008835969 0.3864277978986894 0.34381951027921137 0.35885260236673666 0.3754811645306205 0.4241389534082243 0.4506135601946208 0.4235389122185833 0.4483200963594361 0.43676019675739736 0.437324179549612 0.4829434684842974 0.5141494870701103 0.4951958751547052 0.5123175094187361 0.5600611649971663 0.526161717337424 0.5232261553058479 0.5134699065496998 0.564864766772706 0.589134492785831 0.629450300382905 0.6484388608510794 0.6392818853538852 0.5770607159382654 0.5550319380977214 0.5567218450382753 0.5416993811521708 0.5591176233680253 0.600640024383483 0.5512184458854575 0.5538130593904915 0.5972997316720386 0.5801789345082622 0.6086166767588674 0.609764697407207 0.6880742100352897 0.7379953050065113
0.17266624847147877 0.2658583664559485 0.28969617832846556 0.30563930770591013 0.3612753676994742 0.36663435746701595 0.35271064502595023 0.3431111542165943 0.3636800488853968 0.35623599100973463 0.397350714279959 0.42397458009167777 0.4242976626684611 0.42844019334142863 0.47618761410902416 0.4745989326602254 0.44360159745926014 0.49871793419607174 0.5333962735092767 0.5230518958775251 0.5703609685344351 0.556108711542888 0.5704350143384294 0.5987676308111304 0.6144210947037305 0.5965358469299198 0.6216416630586896 0.6648177319985001 0.6600086029135179 0.6084241590502217 0.57844041041635 0.5869942030366803 0.563636433205751 0.5997054135856955 0.6119890943345999 0.5973658376491283 0.6128219436602854 0.6058003879183189 0.6007848273985992 0.6206037366061682 0.6183301970707874 0.6678368598312616 0.7190220035855053
0.1782778065234576 0.2631260224374001 0.3301320563917174 0.3227005107084232 0.40282571383911314 0.3981436917782265 0.35442483960333754 0.36241779796259355 0.3379070664821781 0.3638401832846744 0.4128535037729192 0.4166463516078943 0.4125630277328701 0.4417054060831169 0.46852527648572356 0.440337466884699 0.44649428074157543 0.5035887100904697 0.5173795505518438 0.5616298575835074 0.6093203388989151 0.5883036160773667 0.5641759145332724 0.6397146525609131 0.678412240255547 0.6266949520221587 0.6220861208271191 0.6732652752001591 0.6596431629171424 0.6408461296945732 0.6527922523222358 0.58951299342204 0.5690109275576246 0.5777796090541271 0.57508202457568 0.6158274261726839 0.6163329556668078 0.5773092186759462 0.6161326040380386 0.6409590820316903 0.6268249375524305 0.6669502422847162 0.704625841337407
0.18565134836101818 0.25102602268709556 0.3466586365963975 0.3785028270171282 0.41909958534542924 0.36837620284227135 0.3534209632151029 0.381598879460104 0.3623747761115046 0.37668059187167585 0.417155437366297 0.4300353517055085 0.42655340958004667 0.45938335634722 0.5180094699112573 0.49760342400804847 0.5453176965986791 0.5481925070253612 0.5649315049677424 0.5340290327669442 0.600544351286371 0.596877823257675 0.5907441954546777 0.6566821809797798 0.6680171153154282 0.6964098754833399 0.6845915810305186 0.6760213910205842 0.6700992715836445 0.6475463164004097 0.6318136588868067 0.6542373643393518 0.5881706505291358 0.5931663035091469 0.5944153257774751 0.6124156537560217 0.5877657583937992 0.5995493255646542 0.6037684298235746 0.6608724747564892 0.682078244085633 0.7226624323628305 0.7400139745719639
0.17503563560412339 0.24535907638704646 0.35207710276938287 0.381655051978681 0.4190612561474433 0.3765893265039575 0.3898522354255294 0.35986735359868416 0.3569694630723583 0.37624075378078786 0.4020188128508046 0.4583085970798789 0.5195848734322301 0.4850863690659285 0.5493797589768585 0.5558608667987898 0.5917997456323837 0.5655857159398795 0.5588719763575083 0.5901765304927062 0.5789141501488214 0.6313057845285868 0.6317374478554151 0.6359945137027324 0.6537539712642704 0.7067615201849209 0.7106051309005823 0.6760600861620438 0.7026084909620467 0.6928096263649323 0.6731129339784375 0.6616940242204407 0.657645722756828 0.6114461033362136 0.6201817982977957 0.5833513319918859 0.6082096027632774 0.5926445873062217 0.6163126990362565 0.7042835560085953 0.7291686848065548 0.7424324751425564 0.7008367343158666
0.22874538133647437 0.28743937534235553 0.28219539962317003 0.33257765134647216 0.3968837321258952 0.4241190227926563 0.40281165182127787 0.3809298748190133 0.39923190853188417 0.4125827331866112 0.43713293932002756 0.4695695241441907 0.5301091715303795 0.5406404144735197 0.5587599875505352 0.5535048488198689 0.5982469530252799 0.5801689837819848 0.6095821183637234 0.611728565375331 0.6070704036119009 0.6174619964857943 0.6114934666512019 0.6132293215857227 0.6553565086030578 0.6628276876389182 0.6670596562963991 0.7155409138958647 0.7068756793430123 0.6726175054353557 0.6973359893792723 0.6534498175691701 0.6609145821030618 0.6478029120296239 0.6383126623664552 0.6155089993700402 0.6335109595333535 0.6485821241237001 0.6649969429269675 0.7075941335268906 0.7178487308847358 0.7658703105281154 0.75676363019962
0.2660130226219915 0.2675718745732935 0.272525098878909 0.3234177561115878 0.3847335346323382 0.39633921510062947 0.40628649692494556 0.36761509335403775 0.3872059290331673 0.3818229465668039 0.4233065728303518 0.4344626660343715 0.5292658196370221 0.5175421630916716 0.5339982113733968 0.539440097049869 0.6202757138283056 0.629528255826013 0.578875674462467 0.6455631862016007 0.6694990955261719 0.632707499613252 0.6115310955628049 0.6473529600245335 0.6491027287171683 0.6736312904006243 0.6761705069765201 0.7068678253121866 0.7108534564304739 0.6883511927082736 0.6904295513305202 0.6416899489196205 0.6701380326400589 0.6166098423792253 0.6052386384995985 0.6033933666884742 0.664165622959351 0.7120294801472657 0.727636664034783 0.7506624491687002 0.7709768374574197 0.7899919152769251 0.7736629457922698
0.1852240300808682 0.21219493026900949 0.23287314527596711 0.32826542066568626 0.36097298785297716 0.3248292805648723 0.3452124303315061 0.38071765248682243 0.36404918414617077 0.36278034662986075 0.38897665175467655 0.43507710879566003 0.5036221833765825 0.5102939481666411 0.50401137853907 0.525724653514422 0.5975432724010445 0.6134189526761683 0.5875604597658309 0.6417956000213096 0.6505333270325225 0.6407567833098753 0.6622934390158314 0.6491580794692106 0.6867352202317025 0.6643112753694892 0.6877323164671549 0.6703081622197096 0.710765612932032 0.7120399141457561 0.6681425638890018 0.6579939730951563 0.6505607020157844 0.6723561633910883 0.6140008875053093 0.6362237287138676 0.6535888423079986 0.7167161026559665 0.7385265469562201 0.7182116100717347 0.7205614521968556 0.7653917110731858 0.7464159355285394
0.187179679996173 0.2512866314683506 0.24326430576259178 0.2880369330250796 0.34025810768631476 0.31820094542411353 0.2813712067383178 0.3148027101145441 0.35511678419771175 0.3805311281126335 0.35503334646295986 0.4078754989170278 0.4756872193350968 0.5092467996143041 0.4861937836986651 0.49953508970270144 0.5380007396745201 0.5716687270739332 0.5918060410432824 0.6127673791477157 0.6613034073927767 0.6281134566919429 0.6501330891014043 0.6830045095014956 0.7042872362256344 0.6824055663853925 0.6740149527553845 0.6441846187238232 0.6808222632978324 0.674723755102089 0.6939263552832179 0.651402412257957 0.6869492967513772 0.6451526274324255 0.6063282320057319 0.6534231038873658 0.6355440096320079 0.6600112277669762 0.7291772136699818 0.6991022828089548 0.7364561770732817 0.7195729932874001 0.7467368217844925
0.2036288419430815 0.2447297440197376 0.22714492587757762 0.27621529991661536 0.287613465569537 0.2733074673518882 0.2951589941641133 0.2902341318324016 0.33214673968303693 0.3570248644195354 0.41351926511195547 0.4389755868170991 0.45837175576253786 0.454461811975193 0.5129335904802879 0.5337991526765342 0.520643758765626 0.5701388488145233 0.5691111414712757 0.6034515378275257 0.6250314290186522 0.6006717396107538 0.63324198170978 0.6735848898276376 0.664354057052143 0.6579308210320659 0.640891657775707 0.6690053095809433 0.6707990573582241 0.6252876613589514 0.6088799110905245 0.6343698100943111 0.6455913287211617 0.6405602298880114 0.6309535498497283 0.6127842121515891 0.6297600037783554 0.6571062418037998 0.6629933981979051 0.6902442089329691 0.6882515173591209 0.6828705990453513 0.7128846724012625
0.22702008619388647 0.1952925815718418 0.22092422002922923 0.2271679899623214 0.26575726252628545 0.2652798442877489 0.3031158992697717 0.2791065611910006 0.2572729815391426 0.3005898339034358 0.3896081628000782 0.41377952601336876 0.4171450755887653 0.48462113258551376 0.5128386793667637 0.5222765403887402 0.523165914901145 0.5552940126777612 0.5379126775612707 0.5604379332422739 0.568906643607439 0.6056305824698064 0.5793012696362557 0.6354687681041616 0.6378554630707975 0.6518689327856603 0.6779326571941214 0.6355352047823246 0.5950399592018 0.5939595483285276 0.6089101732309845 0.6094767140692505 0.6311423105551108 0.6025727873267003 0.654720783651552 0.6436888732270571 0.6510126417824005 0.6257476402889173 0.6120859761186314 0.66714162167352 0.6478837883674461 0.6890708580239303 0.7000099648436802
0.1944386458329125 0.17901554969343894 0.2219615755074865 0.2270844438190501 0.23237091392811315 0.27335739241715806 0.27364331147971627 0.28351329521972823 0.24541801109170502 0.2848074391816558 0.3402765766501031 0.4045869068865856 0.4259129327499498 0.47704455316671085 0.4897830393864854 0.45514127939504245 0.48132788666840376 0.4734894732890164 0.49502189245896616 0.5525230647801908 0.5393123877838353 0.587551170678804 0.576690666220274 0.6077218951964708 0.6644594486540629 0.670414881645243 0.6429026831814786 0.6423433127871475 0.6196228348018596 0.611327017607529 0.6116497420976611 0.6142722761687401 0.595687400734081 0.5985432103885744 0.6051837909076488 0.6234181574280849 0.6148261583780714 0.5948251080709572 0.6267806305286315 0.6472080875447408 0.653377884865264 0.6723223237840137 0.699459608365651
0.1673741452513557 0.19810618621404347 0.19114427731192615 0.21158752880809392 0.21385802477672677 0.22677697281331632 0.2636244851702143 0.231137958919171 0.24479805090032375 0.33349415896608786 0.37040228388713864 0.3802291996502091 0.42826699738057433 0.4657306224661542 0.4271923057997279 0.40706049714135933 0.4313816219233022 0.4431175119358333 0.4555426459612723 0.5380765070649626 0.5437063261172855 0.5394306078696908 0.5905915718716986 0.5969972181640814 0.6248579502285176 0.6452265433810437 0.6401120996518248 0.625731219303405 0.6542382507231865 0.6121578470173108 0.6116379961616348 0.5661348870130121 0.5538141475657542 0.5592533513548801 0.6179876659525886 0.5989894748155848 0.5482905270694062 0.5987766179865275 0.616357000082706 0.623004410157352 0.667513942626143 0.6520617408498007 0.6983804685076896
0.14956771456098594 0.18908323622588255 0.1664581306207059 0.16150815788579867 0.216762889848897 0.22070104221686132 0.2839600325522482 0.24908406063823327 0.27330176391712735 0.320530939388463 0.3573736302737377 0.3852327806621025 0.3880387291350471 0.4120774637883489 0.4492287613852909 0.41875206403028065 0.3838143461186095 0.4198741470233628 0.4950669359529463 0.5276621029565361 0.5274580942969083 0.5625211680354846 0.6379472698731486 0.6611501596416287 0.6586833745081694 0.6273254732430572 0.6428890820913563 0.6443282083674624 0.5920453524022767 0.5845052146374251 0.5745599808389946 0.581020923046555 0.5431300485882367 0.5676170410560215 0.537894154012501 0.5521951952161623 0.5431542041405734 0.5487220756039735 0.571601406784289 0.6056813385858784 0.6651308087262102 0.6730769618023167 0.657276311584855
0.1674003259697983 0.2076971726265589 0.16218630313164872 0.21601912105764384 0.20397478317262976 0.23307737141960297 0.27981431967858034 0.25477864716521814 0.2541605243888598 0.3016408534426845 0.30805258088022497 0.3439827816891336 0.39527775831996764 0.4201719842425604 0.4223916004942795 0.37424391493976694 0.34232393067823236 0.408192214151722 0.4535233188730204 0.5142436519212815 0.5393100746575055 0.5724876287700498 0.631273657321633 0.6615463349888704 0.681408956053515 0.6576461387895928 0.615234721784556 0.624876692870601 0.5580323550259926 0.5868391763203888 0.5760775050803533 0.5492501357996722 0.513882424835597 0.5599882161905364 0.5117307688792989 0.5318893700696402 0.5121680447253469 0.5678652474480357 0.624086501168636 0.6145842475319155 0.6125990849684575 0.6503749179075851 0.6313349138178024
