Raster_benchmarking/DGGS/continuous/raster-387.asc
NCOLS 100
NROWS 100
XLLCORNER 1743157.1306532265
YLLCORNER 5469289.6356198555
CELLSIZE 10
NODATA_VALUE -9999
[rows 57 to 75 of 100, columns 0 to 42 of 100]
0.24600974361472625 0.2241509986362086 0.24964526142089455 0.2570597828119986 0.2663597229735534 0.22298474857887413 0.23183464221870265 0.2404770605134748 0.22476211558438794 0.22448652769174626 0.2113503231093305 0.24433278190125562 0.2377917507598203 0.2042299351281964 0.19324777734657544 0.13554823066118243 0.12778871993956353 0.12885638846867375 0.12327142321892538 0.11047157360735521 0.11504806347523991 0.15583847329812678 0.14895741476799143 0.16869200805537196 0.1661676072794075 0.18153233332380275 0.1643347071382618 0.16123691135039145 0.17323267794326908 0.1737231810301075 0.19473977553760308 0.2371603883035979 0.261424540376018 0.3071795871550387 0.3372247705787018 0.3196476930785307 0.326571364528884 0.34312576965746 0.3545888104547481 0.3515452086624446 0.4036071495587125 0.41264256851572345 0.4216845859732043
0.27074771669237907 0.2565586675081844 0.26404819317088707 0.25314478133573265 0.22451299408913006 0.215319679051548 0.24617852818149055 0.24648416889750635 0.2586351773041749 0.2212814127796204 0.22777681760963592 0.2020252566427566 0.20523165656735232 0.1891051931112485 0.17190478079290875 0.1639908257405025 0.14101609729874923 0.14782307939609404 0.12616726701386902 0.12939595174186963 0.12425853426090043 0.15105629247485872 0.15769719971864196 0.15374221293590992 0.16154455177549015 0.1546223440958115 0.1655673880659585 0.14689590466907176 0.1556484240847674 0.18906678419807477 0.1861326476116599 0.207667755582702 0.22874245533293897 0.294854225872719 0.314848665068963 0.3181983076284679 0.3128307224968622 0.3507785618752672 0.38236229503480057 0.3452817528247663 0.35535144789674183 0.37025279761885205 0.38648896781620196
0.23796631144793248 0.2587138857722661 0.28207039366856795 0.2537908916738042 0.24240418308209472 0.2157687129998379 0.260247956064757 0.2600933793019652 0.2781597179128762 0.25014908534150865 0.24919503786613859 0.2196197962474637 0.19689259146112253 0.2000507062289939 0.14745954435315697 0.12646755715840646 0.15445891265988942 0.1292905933026814 0.129134455220475 0.09176434482412393 0.10990668663036293 0.14420614566948697 0.12722980378335652 0.13384593513634077 0.16275103964575888 0.16754197149713873 0.17551209337151166 0.14819064971962972 0.17537405694121472 0.17483414553390098 0.16398240882319773 0.2010839705791468 0.24495458150101368 0.2576862206263038 0.27388439493275984 0.3098492288215901 0.33832077888650186 0.37877489227280564 0.3839072563765364 0.39254524075927827 0.3767499878229711 0.3528413726177952 0.360494720930688
0.2391006545392359 0.2533152961094069 0.2524309565315997 0.2403320064970089 0.23212296365933818 0.2356741696278374 0.2588264938140773 0.2562236799570805 0.26319392238813943 0.24361800704753525 0.24248694273021856 0.20828170956351852 0.203245931380468 0.19048888481557544 0.18825035781268132 0.16984704776670742 0.14060523434358665 0.11123361820939932 0.11323313750576453 0.10117434963144761 0.10759599057167164 0.12517749158586242 0.1298099405348615 0.12845965400927845 0.18128033202590196 0.1482735155791365 0.18451057134944326 0.17546962791616139 0.1517542863617466 0.18702539291639192 0.18191474728232965 0.18807356424252397 0.20783411922261916 0.2185793392998497 0.2614965804246259 0.292678166598712 0.32481391955787764 0.33157086518235623 0.35942219116773283 0.39148200198918476 0.3823270020108153 0.37117144140229374 0.3579343587587032
0.20820012629757867 0.2169561932306431 0.22744036917590008 0.20278750633160625 0.2138607527881766 0.23364808332173637 0.2614303655991035 0.2328681586443898 0.232466207198833 0.23330383354242726 0.25446037912344116 0.23964003409960155 0.21880937266293995 0.23908896992920967 0.20597301581635435 0.16529084409658942 0.16629923105996658 0.1391792487336491 0.12854082396186972 0.142747794852048 0.13435976834864594 0.15195386452580212 0.16591111760917904 0.16774513721316178 0.16963767957314624 0.16254735152783284 0.15269422140966246 0.16407090210659114 0.172152995282491 0.15029718936335618 0.17548645148853056 0.21750233942332756 0.2175818979314963 0.2387211512633731 0.2827886475776128 0.32061874683212294 0.3273502440536948 0.33094709177023895 0.3302033011181857 0.3490803454289139 0.39143036161362366 0.3990513304157558 0.34759833438877197
0.22611909881279904 0.20688975149841357 0.22572126031602216 0.23452859028032197 0.2531335924051222 0.25968848417080476 0.2331713873323774 0.23358566766925773 0.24423123308736924 0.21954817667649673 0.21636603547227076 0.21879768149554565 0.2526379229038715 0.2249224239596947 0.23031892243262897 0.22854067912816511 0.1938628795845546 0.17559568142801146 0.19675693549498222 0.16954691010225315 0.20181619287278815 0.1928701052598876 0.17981357257097275 0.18680514805637585 0.2114778887565471 0.1950675164239421 0.19073967844811082 0.16499973872914614 0.1647599319733886 0.1860778957795132 0.16813356302818633 0.20694645900564607 0.2649754418820799 0.3040020340702511 0.3002299552748719 0.3318668928645443 0.3147073873710673 0.3139040568872706 0.30034462858067096 0.32449673374499566 0.34048515492683845 0.3550924270772323 0.3483992130631095
0.2661499392726253 0.2507928929423371 0.2642206514470668 0.2656449300986423 0.24238907631169593 0.2237795594667407 0.23099375332450645 0.2654921246184026 0.21673308834018037 0.21493672985697246 0.22158170784181316 0.2117343685734352 0.23518645481245648 0.24863346628904776 0.22641119591580433 0.23546469032628364 0.24067840882337155 0.23156747457068227 0.2223492256803857 0.23472634983069532 0.19858243528849145 0.22678844375171808 0.23543911968157685 0.22072884622324032 0.2194484068823799 0.20323784320806512 0.21671443442886504 0.23011621733997667 0.19697603187593649 0.16311336943362997 0.19111421145813245 0.21253330977436005 0.2791008686799584 0.3127640054407946 0.29064884416310316 0.30329821446396593 0.29258225850933617 0.30255049390313843 0.2869705567454967 0.3101288320047824 0.3474268375180532 0.3495345698714937 0.3444935117993164
0.2711481135969006 0.28021212782883537 0.26570193552392085 0.2662054090039712 0.2688290659815731 0.25059937153527795 0.25889617435673784 0.2636306583310722 0.22988282434717472 0.19900751828385738 0.2169564419597935 0.25596160514986216 0.24975274158035227 0.2523166062554784 0.26988843202752766 0.2835024350870054 0.28527922978476644 0.2711951553346471 0.2671418024664971 0.23322926794210036 0.23285926828593012 0.2246438689762288 0.24364408752437586 0.22050278491323713 0.21917729671875563 0.23047131358168987 0.2334994491234421 0.2511802221305072 0.21245288036033508 0.1827046965401889 0.2114577609678767 0.26101141834302893 0.2600060645344209 0.3153124140830488 0.3094063172182301 0.29196788472741597 0.2876259822423543 0.2848385679839158 0.30638108242860157 0.32604725369413007 0.3514027082757924 0.34863901985072826 0.3639515713181159
0.25810800191929595 0.2979369346587938 0.2800117674952041 0.26498681462996887 0.26503664293777995 0.29164260065545194 0.26397030809545197 0.27111318199523987 0.21766558693142346 0.2170874996986718 0.22848407629330897 0.2652448384954972 0.26686364059533424 0.22009577024166005 0.23802194210469638 0.29806514587586613 0.27194542856459963 0.30367667889963706 0.2778356469108019 0.24189183839232947 0.24697685558886925 0.28228108841655725 0.24689868581406763 0.24492661706090513 0.2769915944288173 0.28488561202305557 0.2638826454862249 0.2789043616943889 0.25489414999640075 0.22950626758629628 0.2314080070574434 0.2881876235765526 0.2772607057490543 0.30391337263358953 0.291564538022213 0.2905078124423044 0.2825158106560032 0.3011710510351296 0.3124729607454999 0.3667812052898366 0.34813657241824414 0.3475216145249278 0.33474917158046597
0.2869921556107061 0.2546292385817921 0.26731759379163805 0.2475672581962133 0.26941479191474843 0.27171734720196605 0.2924349250077679 0.2437840703343359 0.21231100488091825 0.24817137532430847 0.24544417788894432 0.226677938270744 0.24379288170502758 0.22766321833231618 0.2523159744847676 0.26513577573428254 0.28068591555065664 0.2780802293378586 0.29219016261561725 0.27082951642417064 0.2816887583906206 0.2811701684231187 0.28263086267351384 0.2816707863675929 0.30172112265877293 0.2968697227317895 0.28422437704791803 0.3121695843226096 0.2978032798305959 0.27469505259718263 0.2790327930526624 0.30948074369633666 0.28215638019877437 0.27162965379746196 0.2780055272085541 0.29904038285455803 0.327516281621118 0.32568163105484177 0.3504869415191439 0.37380895229215955 0.3712533925779302 0.3638779827510578 0.363574865878866
0.3196560456825924 0.26697509176617357 0.30287251093269957 0.27200099327067934 0.26325037360749504 0.29103895854367934 0.2802940405056916 0.2375671857447417 0.22762851525879446 0.22009603947272816 0.25891834580213746 0.2410387881337539 0.2578320347512593 0.22278728349122282 0.27878967945572286 0.2763390144791334 0.30227866357622657 0.32142150294088906 0.2965572682190808 0.26504861393839924 0.2717400556493892 0.30781389456954467 0.36005014143168795 0.3596422147578211 0.3453573019824294 0.32193392206504623 0.3133503163283736 0.3317037142480656 0.33507056057853457 0.30544786047979194 0.30566210832507745 0.3178034085459674 0.2681089661936688 0.262821258916735 0.2711687330925226 0.2865769804983439 0.31349040481540685 0.3464001825767172 0.3211619073103663 0.35960727204916826 0.37674360582215316 0.3570368128250058 0.3509394706780213
0.3353006747606164 0.30499124749966217 0.3187116946884603 0.3113096823571726 0.2972286611264004 0.29608879719348685 0.29242810504302297 0.2753752289951586 0.25454916046470405 0.22983092830218466 0.2304468873987454 0.24394983524936883 0.26022120464375237 0.28303376965120675 0.28609446471157485 0.2985565985342205 0.3399515601954583 0.3203602259405755 0.32888923438529455 0.31042426229838815 0.32868008130723375 0.3768943640178268 0.3936459541400146 0.4076500923852812 0.3750616436160881 0.37698395209305174 0.3729189160760271 0.330702045884062 0.3405675931637856 0.35777136933000886 0.34459353068258874 0.32295263261147783 0.29866547592917386 0.2785479598794554 0.2762543475379413 0.29982203769054766 0.2830454732981768 0.30452478290252 0.3224609220779415 0.37777509627100375 0.35686686663317346 0.38512892100863727 0.38645540011986684
0.3843392689907075 0.3755904203156541 0.3420358242578888 0.28051109954032166 0.300960905901863 0.30241253579502664 0.2887632196189096 0.24956614016749057 0.2565598990739793 0.2546385334783097 0.2940247313543238 0.27287174220298427 0.2853516401734204 0.26924002001236375 0.30662055918794795 0.365016532133761 0.37461260147577197 0.33310322170975576 0.33087722829661675 0.34636057526880837 0.3492143813658132 0.4136215932097246 0.3929134276973219 0.40140126269222964 0.37348878531710633 0.36999858960569915 0.37319858623235846 0.36895261719432576 0.3690814056840158 0.36134402889137746 0.3379815648813107 0.3576782382244743 0.35576329343065904 0.352637726887148 0.31242378544765004 0.2751645888233382 0.2770227696174973 0.30699608915527205 0.3461358261422778 0.3762625123530392 0.38612989657225727 0.37082914162799036 0.38429248229868335
0.3908144294814256 0.39344127192379263 0.32909199210378814 0.337378681416038 0.3124872690875691 0.32810024774037255 0.3156751392404051 0.30391718968949333 0.29714118913165183 0.32571596868828473 0.32341323634299823 0.32643935115125344 0.30157073412253954 0.3143494946152287 0.3532707714881436 0.3927682240648277 0.4023994324078462 0.380472640165459 0.3488068720256844 0.38888180416157325 0.3979234195759017 0.4176304777486329 0.4162973462312154 0.4269825114940813 0.3827399238943318 0.39748246452396385 0.38764673872452826 0.36857855380386967 0.39052647554518266 0.373340781633642 0.3576979261455313 0.34540051590499776 0.359068409389023 0.37724610212955173 0.34400493761518425 0.27721015499073437 0.2741299973634881 0.27090321418605606 0.32382588476599633 0.3451365455741985 0.36957656832309127 0.36142708771412585 0.3573667746080497
0.4294129921494738 0.402406183350954 0.38253237624055714 0.36012236693573974 0.3497756479301592 0.2919516555995221 0.3523718337700858 0.33747103573497056 0.34803255701643204 0.34397140530836445 0.37058723747775885 0.3859571911842474 0.38672261320275103 0.3751096137264192 0.36295647974715833 0.40860032582476236 0.39995178530884234 0.400695697961 0.3828770977435379 0.3835287392094879 0.4391903217240897 0.46532891747569266 0.4541569710971359 0.4413558644536503 0.40085500804630814 0.3619998520233925 0.377559937281488 0.3808453895573519 0.3848215901706986 0.39665169730212163 0.3636407830360105 0.3368938523979235 0.3365838088467937 0.36649244887386395 0.34909448724650893 0.30267720406846677 0.28333924033463675 0.2799758304996685 0.3201584005810394 0.2975997987500077 0.36195074084895207 0.37969403013226144 0.38370285719744
0.4347269400542368 0.40274770622151795 0.4001626406608922 0.36223931210981314 0.3399405829960071 0.3510899804062457 0.3676477688981994 0.3795197331930504 0.39420740400638826 0.38571417362637606 0.40179540208547115 0.38717779188039775 0.4153244408886837 0.3860731016412847 0.39844479687469386 0.41381092815122267 0.3939009046313446 0.40595692474042055 0.38774726061490233 0.3768497070836144 0.4201655184505552 0.4262909413820124 0.4605544829421286 0.4196579314344736 0.3946558332518642 0.3965288866061715 0.3891665423957732 0.38303090252803307 0.3914002924406588 0.3911140165051466 0.3443007010233308 0.3358400091592198 0.38427327889624735 0.3737900517101125 0.3379868408625455 0.3115317016691977 0.307368749453213 0.2942698273174694 0.29136752182228726 0.285640716811742 0.31008929220046366 0.37263424534028605 0.38917310093192525
0.41778024992771745 0.4004940155499554 0.3865714967331902 0.37429225250013504 0.3579409278521522 0.3893734923583824 0.4177955736909445 0.41139408911652925 0.4226452758185623 0.43485017841545853 0.40047133159506904 0.4320029264244777 0.4444024864773427 0.38234370648060734 0.3675219530319864 0.3719837127764073 0.3931989891332444 0.3494149936560164 0.3711714239847371 0.37268286989139787 0.40496299981810785 0.418144663355637 0.416356894696404 0.4229563029660888 0.42661102737644496 0.4248520075560771 0.3885965460566546 0.38535733417443263 0.39243884277967783 0.36635022548867824 0.3522189206089569 0.3614303061123473 0.36740330736429044 0.37490401496431847 0.3723251512411084 0.34625220051687244 0.36641969875140906 0.34396538207902555 0.31797386506038705 0.2915414447443169 0.3068882823016985 0.35361807407441065 0.36419922441120517
0.44792819024464514 0.3971364803298647 0.3984699666361656 0.41065379862553875 0.40143494810921465 0.4055029233959039 0.4252055100323874 0.4095052835020062 0.44083158105585285 0.45314646685226967 0.43492817129036604 0.45807051352590716 0.46258178121516935 0.4386009899633966 0.4079499633107868 0.3764796971436485 0.38713355582622816 0.37335559205835617 0.3541696360273999 0.3699258282101731 0.3974271883447686 0.38894685891548475 0.37614106232204386 0.39869806933444885 0.3823135995251995 0.38473161857531923 0.4000327007970125 0.38223507263531725 0.3506307766271696 0.3361391838123307 0.35403661398459635 0.3259687074471729 0.3326648154330813 0.3598360339847426 0.34818917431365853 0.34259402523204907 0.36788120066218605 0.3392803481423633 0.2986660371057705 0.296713075862864 0.33722536096897465 0.3307659522389585 0.3680463451024528
0.41152983729108555 0.39804630329019414 0.426062999354917 0.43796344514487867 0.4318760142855502 0.47610980504438344 0.4361862637956619 0.4504277005409569 0.4857227524643396 0.4746701514236117 0.47947304280915354 0.4936474457052837 0.47797813548675816 0.4643063825337931 0.45067706700133736 0.4285992458790742 0.38553698244411067 0.4158693353513297 0.35710876893053034 0.34085039277260903 0.35830651526993906 0.3700391587130833 0.4004964240590417 0.37838046366124617 0.3658516510292358 0.39128699285497376 0.3933951118053442 0.3752775859091755 0.33748478549585814 0.28805754602067685 0.3201535131333986 0.32542006323557754 0.34599886021248666 0.3692888649270761 0.39072950984733845 0.3810872568398093 0.38597475143111565 0.3286512249896888 0.3232747501770659 0.2995061031606613 0.3379896536831798 0.3474068569221612 0.34138743084884243
