Raster_benchmarking/DGGS/continuous/raster-202.asc
NCOLS 100
NROWS 100
XLLCORNER 1743160.3829005526
YLLCORNER 5469294.004835701
CELLSIZE 10
NODATA_VALUE -9999
[rows 76 to 94 of 100, columns 43 to 85 of 100]
0.3189827395521099 0.32149038707124944 0.33842416108641954 0.3262516462919202 0.3471405330621705 0.3604821499524369 0.3499447249985594 0.3282427528756413 0.309895677832836 0.32557827792905747 0.3600207214133349 0.34405794589084254 0.3758455342966365 0.36868163592017517 0.35907263240813037 0.3832087633324436 0.3880911212231005 0.3588483721568678 0.3792106038960931 0.4138378834057244 0.4033256697275677 0.4358782231750164 0.4836957768726251 0.5044812487648667 0.5002928058401932 0.4802334170484291 0.4686937589580933 0.4779414328084998 0.456539561971418 0.46025821297805836 0.47701361263950454 0.4935789939425421 0.49531935065706423 0.5288762505590628 0.5370083305930928 0.58652749798466 0.6088170875697894 0.6262514673910328 0.6383862447185535 0.6766612135529876 0.6950713484651033 0.6981276995159548 0.7274521413275099
0.30175757402141246 0.3463668764255282 0.3546315913477631 0.3555446077076634 0.34627369644984807 0.3393343662085159 0.3520332148256035 0.34111217465580546 0.2979437585247283 0.33579117966106614 0.3384341045739366 0.3317950149930108 0.3543243269250262 0.38474461782497793 0.36967203254727304 0.3588646580720048 0.37228577949149805 0.364155544126011 0.3906933289453891 0.41339879283159203 0.3910193417769523 0.43632691372957927 0.43749406050233847 0.467033214757217 0.5001352390158224 0.5048113148491098 0.4903583967429596 0.49892749070171727 0.4586244560416054 0.4783077311194047 0.4852118823361344 0.49808586028764273 0.4822097157411456 0.5140127552008256 0.5509842803160032 0.5688244384504645 0.6211327166959704 0.6042565269994365 0.6315057630189114 0.6488294953781077 0.6993275505313736 0.6992557523304176 0.7068039591952298
0.3362862714272885 0.32967452062031344 0.3395040207892191 0.34406893582316245 0.3301138205918576 0.34371413550928576 0.35641036354509076 0.33310734292725985 0.3061838373248795 0.35024513493791265 0.33448156223067294 0.3563263883927066 0.35212421919287884 0.3586055654156108 0.3629103889496324 0.35013602700436997 0.39551215299267556 0.4028163882287484 0.40260364807323135 0.41169585680339815 0.4091718187157258 0.4236942926280557 0.4458192568217391 0.4769826294583324 0.49885271531863135 0.5143979977869177 0.5225639220190454 0.5071335558227807 0.5002966899416808 0.5033544626231454 0.48124034063470683 0.47007782524258646 0.4800636562740325 0.5160940596640987 0.5595267171570515 0.5884147929674007 0.6127201677064658 0.6147794850284193 0.6175380606589896 0.6387993212870632 0.6408864224871688 0.6661401278598251 0.652914778534788
0.31524021460982443 0.32123933227150453 0.3389464033841448 0.3251156238065102 0.3638567692799346 0.3479315583296916 0.32517227603583054 0.31450988966555365 0.3189050176912955 0.36328886221821216 0.36537070318729126 0.36542956399766896 0.38359525167664144 0.3578211561272695 0.3459155768569387 0.34253856494377727 0.379242073058524 0.39043306054680044 0.42873606903725797 0.4479293587831222 0.42467738322067866 0.45729529402032043 0.46766346328447816 0.47435631516397836 0.46550683395496034 0.519779045652076 0.5179622670296034 0.524662711211005 0.5020762107543255 0.49255002548816756 0.4794022650774001 0.47191631995183564 0.5139921056235066 0.5448933498139644 0.5746208582400044 0.5703553895533061 0.5777179049640621 0.5692119533315105 0.594516000213976 0.6041438448619277 0.5943153880329992 0.6115434031685525 0.6149015481398352
0.3558895285070022 0.3443872564329144 0.3339703368727132 0.31702284143828247 0.31533411414680135 0.31341093788222646 0.3396916702183562 0.33192374132569863 0.3344878752451296 0.33103628203626245 0.32833035871357824 0.3637133705012532 0.36927128987794344 0.34120751503526126 0.36642272006306664 0.3589173638974554 0.39155635427882063 0.411690165689519 0.4159195623146968 0.4472505032009564 0.4505086717193122 0.4446782735224871 0.45772267498547653 0.45971731512116465 0.47912009366228886 0.5178711822668295 0.5080911584824207 0.5113100195106282 0.4960514983039476 0.48370701469414745 0.502254833667245 0.5086503230687941 0.5279358871539569 0.5584211788644787 0.5821146652961137 0.5760363854454233 0.5856250024723485 0.5741803396436926 0.6036358269928838 0.5855703007975033 0.5779643421735375 0.588837207981041 0.5825042590341043
0.3868733062876592 0.37189453808348166 0.33116934438266427 0.3071563146820671 0.2990251620230333 0.3315305410161513 0.32936110565063115 0.3470147777984649 0.36911961341376287 0.3633736658693208 0.32429597232019164 0.32260300508100465 0.3324756404695603 0.358276284498885 0.3351895632815536 0.3686190162848646 0.37158768929567415 0.38652276498866633 0.4380382827972186 0.4356501376462805 0.4320241400271365 0.4245168222242063 0.4354214922890259 0.4915289843582288 0.5237465892248069 0.5017419879417098 0.47940178093567953 0.47681158615881636 0.4742739380412335 0.4612296619359093 0.4847357764187393 0.4833221463765017 0.539289682757446 0.5476913669261926 0.5507543422919701 0.5715491721766695 0.5505794015117335 0.5770013656550361 0.5833907614847694 0.6057460997627689 0.5973138824513244 0.5839961498642989 0.5804955494626622
0.3779316708145451 0.37522363391872376 0.3725856334427724 0.3461105780244353 0.3669390024186032 0.3508078448365209 0.34174756154418967 0.3547593892226377 0.3595169738607413 0.36414398511252244 0.3662834414274638 0.35344182987923434 0.3292134943527534 0.3591373363619328 0.3248593595660649 0.33049538079392304 0.33753141712006285 0.3744829207027734 0.42609863546046617 0.40626933408278665 0.42531588232192935 0.44068376860632025 0.4728816376195694 0.4917593183543064 0.49988918571133484 0.4883714730476168 0.4838392509832004 0.4462416304343869 0.44862749263121854 0.4812239328749657 0.48516802496115513 0.48086715315859857 0.5223277855535645 0.5046200338607485 0.5420955271348813 0.5546980670082758 0.5672881412020229 0.5388415473467589 0.5552910878991096 0.5867719905768726 0.6163130516135109 0.5904474317867685 0.5878825636694915
0.41562405219291876 0.40987616057742504 0.41486504408160296 0.4123088491957829 0.39051553119371 0.3810948836698555 0.3663691619858764 0.3816997292704884 0.3785197419099941 0.37193581678014853 0.3772079066043654 0.3745200626256127 0.3506606055499021 0.35850866595800485 0.3361910616315736 0.34625313641078975 0.3587639348920372 0.37132233144424875 0.4067584724290196 0.3847789811146347 0.3994669340375123 0.4275423907655331 0.44172403476945843 0.4783954683288793 0.4840362857360734 0.4738256645629339 0.4542842189260172 0.4673646352799375 0.4299941361783737 0.4688302763103623 0.48685730544708794 0.4926257278229135 0.488235778623215 0.5132415766698849 0.5185373693212832 0.5167977396690978 0.5416326310866764 0.5603444964178186 0.5649366853356806 0.5728709243630316 0.6149618593404355 0.5928350607210144 0.6223944054893881
0.4423193283749471 0.44094280689684495 0.43861337864286204 0.41054012853649846 0.3917721151940127 0.41064294555236874 0.4000818097567067 0.3866249645087496 0.3578463883028348 0.36097178441863953 0.3559323333412382 0.37976272056443056 0.3670268102666838 0.332817447239201 0.3593019295404093 0.33827043800694645 0.35682459351880247 0.36492785229396413 0.3959838969050991 0.3976169135456088 0.3971449791782806 0.3928223136991256 0.39864471121243045 0.4441300807266996 0.475182324771881 0.4748728351956241 0.46032801726496086 0.45667681708418467 0.4365932767019408 0.47154904976499584 0.45593514549893194 0.4635519548469995 0.4629927591660022 0.47778120553895465 0.4789092043337897 0.5171480039686108 0.5512960979698744 0.5414317740143654 0.5566274702072849 0.6009722031466426 0.6432482285553747 0.6251050975577285 0.6400011642786138
0.43223939077541185 0.4184116211864594 0.4128309161100907 0.44387571867403497 0.43085647607701627 0.4175498730363422 0.41689667448920953 0.3951555394768843 0.38609739707304724 0.3974624630786296 0.38148733382955985 0.374464306072855 0.3680707657393504 0.32866921492275514 0.3436564790394584 0.31952341088514385 0.3083739554718412 0.3378038679922938 0.3684926962970058 0.3839484652299178 0.36972991012647877 0.3982936290794412 0.39960554243070723 0.4436380267716327 0.4565444076544622 0.4502623928450664 0.4884000814657296 0.4889333318724434 0.4495949809774276 0.4601105640414404 0.4494343291054074 0.4599751942748353 0.5019219517884389 0.517943211188635 0.4863340443417674 0.5303321258685446 0.517300460412226 0.5664071008618122 0.5980346810214024 0.6297510415892249 0.6905607975838765 0.6855872597935894 0.6590475211285461
0.44807539281500913 0.4264067820254708 0.4433378374356821 0.4517956449752791 0.45534989798507497 0.42079160836960156 0.4183148007486329 0.41298348800718604 0.4063527107902185 0.41975935854167196 0.3932460690070439 0.402620426229421 0.37969194801064804 0.35332724911428753 0.36546458934062237 0.3513698535800831 0.31922121880226456 0.3434658869764549 0.3527455899894946 0.383425099913352 0.3619418348786023 0.3644683115494243 0.37369525063892445 0.41064928505866843 0.42719278152448087 0.45403128121821457 0.47626714947806587 0.4741108339243238 0.4449199448864443 0.44635746151314065 0.4528115917384971 0.47237726254508206 0.5119309476739538 0.538097231363934 0.5123971782916263 0.5365019176880356 0.5351777688973923 0.5633783273718437 0.5979267744557918 0.6282795411710181 0.67808843034515 0.6898795527275329 0.6856955251426671
0.49400302445688243 0.4813708807655326 0.44576594052322754 0.4470285859934979 0.46659770068675155 0.45283269803403997 0.44688893618229575 0.42992423745719405 0.4066189060534773 0.40683281087679873 0.4302009533094178 0.42131828192975845 0.41824206768235467 0.38932211611758955 0.36567906865723265 0.3508549360445191 0.3396485465184849 0.3541762859340779 0.3701409074982462 0.37717894879560915 0.37778773162579987 0.3645004196505671 0.3716636407645093 0.40905310989936233 0.4080920880986997 0.42655531016407267 0.4638961247400796 0.4750595913445701 0.45500219015517457 0.4500149852201065 0.4623721158312416 0.47033481246832026 0.53055843896417 0.5177766568589836 0.5488332515127173 0.5647652857307334 0.5679176339941865 0.5874685042124409 0.6511525224670082 0.6620128257998752 0.64646004477618 0.685565140518942 0.6943234325914173
0.5000214892294312 0.4783631593978564 0.46643049357145294 0.48641289971646495 0.46512521579280103 0.4592189562820395 0.4841739568031904 0.45990698461356544 0.428697113222207 0.4489184011319124 0.44761201791901495 0.43330526330800967 0.3936814023904026 0.36535127783483073 0.3527954103492616 0.37678342965041467 0.3770748031217134 0.3545691741869708 0.3845306713842453 0.3939569946449064 0.39642647635409245 0.3802341877217075 0.4044728845974049 0.39145128578645483 0.38881972047545704 0.41357614492537675 0.41537435825004065 0.45090946701826445 0.46679400161905327 0.46077894136188696 0.4783084249191259 0.4873834845138348 0.5163059393167242 0.5286900828896398 0.5339928332461652 0.547088930837464 0.5519394402292327 0.5896258889971588 0.6200736055982135 0.6372870449970782 0.6709022595030014 0.6872951382048987 0.6840506234331966
0.5265799731499737 0.5158435187874031 0.4994977923363388 0.5045489813026498 0.48465099896255076 0.498802886206526 0.5004384246716088 0.4915596356816816 0.4604021868969858 0.44592328796246383 0.44913692229120666 0.42630512625081884 0.4038905682487519 0.3802230277293702 0.35725962172331605 0.35798346326987995 0.37916340106651697 0.3699426097660877 0.3821619359046146 0.38218692591541475 0.3636476301059976 0.41604667319514355 0.42173566162077014 0.42940450679872266 0.4207567650286876 0.4120028165349612 0.40339545926352216 0.4425141632413241 0.44471827442828704 0.4444701023887258 0.46893499459567656 0.5167384724793777 0.559147523434513 0.5450163976632545 0.5605395372503609 0.5748585486933775 0.5674529170409094 0.596902542792183 0.6095212830489736 0.6550537644279907 0.6840994191014663 0.6725734668842218 0.6800103314511655
0.5056133904731451 0.5023693069463459 0.5200736322325359 0.5213395630778659 0.5177068977189317 0.5082293597582657 0.49272472212268736 0.4950917966875353 0.49159252133956266 0.488469542514205 0.45527546939735747 0.4430933178894487 0.4488632174026979 0.433810774955795 0.38463190327363317 0.40453343784110574 0.38681151836309446 0.40505298327782924 0.4036112542836074 0.4080837950039649 0.3829423091978412 0.4212160960023436 0.41226236102136987 0.42620902722209325 0.44037857300620237 0.40954209852263357 0.41148996396081017 0.4472298850352153 0.45734254522461637 0.46549570341310237 0.472957306241715 0.5100884050125764 0.5236879698235316 0.5474516177594762 0.5672889740796281 0.5530225469170525 0.5679284496013334 0.5753262843874896 0.6200970676737603 0.6387426412996244 0.6657316194723514 0.644143317391778 0.6600544158767602
0.47433323816259004 0.516081413845899 0.5238502187731362 0.5493685371165374 0.5352361339333928 0.4980808421865123 0.5296027655024934 0.49365457336098256 0.4765757161720773 0.4840479356151127 0.5073146259638385 0.5022664600443366 0.48685346262757806 0.47942683125837543 0.4282802853362277 0.4217399948440913 0.4012022562635966 0.3828232511148786 0.4054978974158577 0.4086647006812778 0.426562577907525 0.45707442177923713 0.44452649310131737 0.4089121350835386 0.4167486747212558 0.419568809574318 0.43117521168726275 0.46661443679456194 0.46466681555787964 0.4784816120929668 0.5185167771050171 0.5511677443542042 0.5621716473808622 0.555393749864651 0.5538071789833222 0.5507451258890965 0.5758299939471428 0.5779885581508926 0.5906707799224027 0.6338943915326734 0.6455055497478166 0.6579517578057091 0.6334353869081087
0.4996174847685739 0.5055503267552814 0.5383896422269691 0.5397521219348846 0.5247794598762469 0.5072237143293944 0.5113223279462176 0.5201229454780156 0.517965765171979 0.502051354913314 0.507126302820812 0.5340839540050811 0.5153794894468856 0.4874390251462603 0.4727313847557327 0.4360175455688515 0.410046782317686 0.4070058382664342 0.402547024318964 0.4280065427444269 0.4414160022315244 0.4516974779675106 0.45291132966390174 0.4090640347867576 0.38917906953172593 0.40926306365437254 0.4413549511514959 0.43855655217897543 0.45159950803996873 0.4871503511751714 0.5005077146701141 0.5290586018318882 0.5741480717685485 0.5681719429947658 0.5375230088554409 0.5534291681490247 0.5719471642395376 0.5982308101488193 0.5988788556270677 0.6016406688092139 0.6005074116840691 0.647826935411061 0.6419530306795151
0.4769129925137098 0.4962331094559642 0.5500758763599715 0.5596250129980086 0.519873517837442 0.5391266116873659 0.5319739736456485 0.5188169610381967 0.5149441934525146 0.5360436369797968 0.5388302234185162 0.5238250105302947 0.5555925038284505 0.4962600006146052 0.469808087778299 0.4774622150286274 0.4732798512367593 0.47017413310642264 0.4328772424771556 0.45668178887172134 0.4690970336168812 0.4387930536413168 0.46453710900389583 0.440405845231495 0.39222855562225106 0.4067512590584593 0.45195188443119816 0.4685919135247945 0.482409308173161 0.5047496744666918 0.5234880030078247 0.5406397976455497 0.5791403423035876 0.5643658931630812 0.5283622729217102 0.5421269034121194 0.5657134275750976 0.561063742616769 0.5769045804621157 0.5765791146337416 0.5901324890769049 0.6291143984804612 0.6398076030864718
0.5007931689471659 0.5016794622205225 0.5320105275399987 0.5405330217983217 0.5514642192134095 0.5577158313813233 0.5280763548415667 0.536458131699299 0.544143201645421 0.5634158224358514 0.5409769701742535 0.5452724831275503 0.5443529119938895 0.547559830600855 0.5002727599447755 0.5074125989976136 0.4871912101887575 0.48528044895570505 0.4791829186805967 0.4858234573724583 0.45124726427429496 0.456369886530489 0.4381467360317758 0.42517351659266484 0.4044999383913978 0.4208642744702742 0.44351305254607803 0.4939986849639801 0.5062177609227178 0.5091852192455621 0.539225798567972 0.5229801093378917 0.5497704550083996 0.5410256056004151 0.5600612384430649 0.5692995933333463 0.5679843051616874 0.5701912643681225 0.5866405011343315 0.5951187705710795 0.5831203478099515 0.6007636214477273 0.6586086846085545
