Raster_benchmarking/DGGS/continuous/raster-218.asc
NCOLS 100
NROWS 100
XLLCORNER 1743152.7703675313
YLLCORNER 5469288.2800117
CELLSIZE 10
NODATA_VALUE -9999
[rows 76 to 94 of 100, columns 43 to 85 of 100]
0.2591712018770627 0.26001797214105304 0.29269101573509765 0.2645332799774164 0.2859136565675952 0.33917717949065074 0.3976372588035393 0.4530724048388171 0.4218382567746755 0.41197527082327545 0.4461070038092608 0.45126122649739314 0.5282248999145812 0.5345660753603473 0.5867660073626308 0.6098736799308012 0.6060677659618877 0.6466459432029222 0.653329047588423 0.6785655519655922 0.7028024730196887 0.6788628441441148 0.6518058473887092 0.6962157952132673 0.7330844096427082 0.7466985278194067 0.7389478624894823 0.7379062259657095 0.7499719582700397 0.7109677836802979 0.745621468505071 0.703824426787247 0.7208104924893741 0.7028663014016718 0.6786142895821689 0.6773052004233951 0.663251892736402 0.7305705890234533 0.7124358039951233 0.7087537912443779 0.7072947800511249 0.6840008705554224 0.7100623942448516
0.199607250487924 0.21474759937298146 0.25770427190454526 0.28071461349579796 0.31654638329584567 0.34782972661188205 0.4224790951228725 0.48775295791571066 0.4584651004800977 0.458868462073886 0.47559479459243 0.5061553647686978 0.555152053192732 0.5658060526176657 0.6004117024676517 0.6220501569282595 0.6173284382679566 0.646382228295508 0.6864229731155271 0.6895339869499058 0.7061947859343939 0.6456837703610224 0.6511926532732217 0.6814616645963896 0.6766102353313234 0.7224604449029437 0.7087592754372605 0.7679572950159698 0.7695650685607317 0.7050123037582856 0.7260338864727736 0.7412529741230813 0.7091960073041383 0.7192624146173332 0.6930313571726353 0.6645812171174079 0.6985657545571639 0.6842635921374106 0.7328223262591641 0.69437456323031 0.6391697751993454 0.6864478918868142 0.6949252665827101
0.23686922653917847 0.24541404766419364 0.2816023354630639 0.29200478647584716 0.35776702798365195 0.38238256532140685 0.47189831142903754 0.5056230719619228 0.5022766635568401 0.5020571124099661 0.51281697545242 0.5656166080125526 0.5698739841871573 0.566249922891887 0.591984198214634 0.5947009704369304 0.6166187945582534 0.6783435267799098 0.6562817926162247 0.7019149188016155 0.6652467697826134 0.6666875212757394 0.6950535578278001 0.7116786186271454 0.6994046655495011 0.7204236261750148 0.7639299013727238 0.7476251660150349 0.7625821660100301 0.7200336692329176 0.7379918184698248 0.7194536075696363 0.6946430426485054 0.6531418501643829 0.6789879568703224 0.6644299998262359 0.6683311395862481 0.6566833282215454 0.7068542972853934 0.700043283113923 0.6504825442595239 0.6271161401727198 0.6393095879978703
0.27314244402808385 0.24187369528293726 0.24678600191855066 0.3346802614622314 0.39881021421114826 0.45080664557858663 0.5065963083832177 0.48869702091889206 0.5102298100347038 0.5761873502972308 0.588173041325817 0.5739118352357105 0.6352038835880773 0.5930659572802319 0.5815941813197177 0.5949357256900488 0.6385387372310326 0.6900755170326087 0.6731363806501638 0.6379281841966157 0.64384046850519 0.7055766246903198 0.7134494847994781 0.701853389097121 0.7663408008147027 0.7727552870338443 0.7839332566953373 0.74614451657878 0.7507024685602295 0.6970330958412564 0.6892475761246201 0.651280392725426 0.6426848000873397 0.68378281725849 0.6694106885118289 0.6712709300030513 0.6234723436980653 0.6510378330736019 0.6421400001010569 0.6737989877862738 0.664083161150634 0.6131290081557426 0.6357729353637331
0.271488571603987 0.24082989600804655 0.2378930643939628 0.334878307437481 0.3845261615005419 0.4052209109102227 0.5018808226262731 0.49568652171914207 0.5111684865577835 0.5821014233242774 0.6145204427720029 0.627448031271896 0.6000260528371727 0.6316576458221893 0.5822129949826078 0.6368004588233108 0.6400127538330771 0.6787544008480191 0.7001933114149997 0.647593652367618 0.6425575103164397 0.680929126598291 0.7123996399367332 0.7203095109391765 0.7197367592852543 0.740596205459794 0.7251728278482925 0.6885932903881733 0.6931580760248236 0.6559024705356994 0.6250577943831955 0.6452143365078 0.6089364279769423 0.6457021556942202 0.65992965341962 0.6270713020202977 0.6296718867531363 0.5847316064065109 0.6409312979213366 0.6415968689889626 0.6464188681136501 0.6380240773358519 0.5828302735848312
0.22813318457928564 0.2602489805261499 0.2463685213729332 0.2973819321173709 0.3530722793627031 0.45367057127559807 0.48242619676767484 0.5490352163557711 0.5337172893713427 0.5624819187010064 0.5995928197273012 0.5965501429528063 0.6253730209320442 0.6502305067282113 0.6070738103387566 0.6055349180442062 0.6124979217402745 0.6643740912236149 0.6801825031387341 0.6722821839553702 0.7010728932436935 0.7265394027486288 0.7013581635021349 0.6831820365185735 0.6812594455249941 0.6851557444037552 0.66051062737942 0.6411577155108326 0.6894755189886284 0.6604574944408331 0.6047160192311003 0.6269048229093517 0.6271558944224828 0.6274905614031995 0.6311499895354736 0.6209282791266644 0.6021254126688843 0.5893482613807842 0.5969462656729413 0.5913948495567941 0.6074532884068872 0.6089397181220191 0.559916868220498
0.24985434921809002 0.2666033524179786 0.2935146208073623 0.33701799328173815 0.40298467378724767 0.4832640020751822 0.5052714091869045 0.5641826177190369 0.5747093302843215 0.5819260301399989 0.5870568047965625 0.6294310674831651 0.5837118432558079 0.6217724956991261 0.5925456112177196 0.606390226267666 0.6224624432707777 0.6624973192792256 0.6694471645587693 0.6590471615289262 0.7112004385507431 0.7209422300913437 0.6758604773043159 0.7003837504263257 0.6988997536998809 0.6731784944623304 0.6584240138846117 0.6327424961989087 0.6152499819368826 0.6348850594093991 0.620670593479834 0.5779301528099815 0.5984542513424532 0.5726822886820537 0.602155483574483 0.6276948398861473 0.6068307512290353 0.5871672858618187 0.6083389235741534 0.606499809295063 0.5822132804320873 0.5747976213775786 0.5438536711859456
0.3566404511537564 0.32280766720344967 0.2920403146413469 0.37797370058768387 0.43765911710633953 0.45301020089510197 0.5386583391700983 0.565329694137947 0.6241115372777287 0.5914417692154427 0.6157420226004745 0.603573513241857 0.5817368018689093 0.6132096608327159 0.6565739940703558 0.6106552542217973 0.6248635456511488 0.601565266979075 0.6118378538704927 0.6357094882928783 0.6952700357416713 0.6868377332768223 0.6762924331745259 0.6379526344874693 0.6336214609049623 0.6130868410980685 0.593249936964812 0.6247748328787055 0.581632008907575 0.6292188567699651 0.5824561912524524 0.6009131132197396 0.5573937746489488 0.5864388359947853 0.5376506655919813 0.6273056917159735 0.6284864012121554 0.6354228549906025 0.5966370738236484 0.5931279252626723 0.5478681323637294 0.5711541015703074 0.5637912417343499
0.3775647644264838 0.3650389246782938 0.35436002412505474 0.4006064868517954 0.41816708822750187 0.4759594332691914 0.5344756066559455 0.6164145360289992 0.612988220290101 0.6041260619019064 0.6364566241544828 0.6249616635355918 0.5780163553892793 0.6310304532338228 0.6141918784228246 0.6592886795438876 0.6578167624568138 0.6338732197359422 0.657539616273226 0.6437462696305623 0.6323843732578528 0.6552874836751738 0.6563016113580011 0.6425364843032736 0.6275589554687724 0.5901653538891999 0.6108494554025311 0.6057771712934843 0.606145379172274 0.6376386898117637 0.6095911328789297 0.5827752165093295 0.566657832557674 0.5934120235009264 0.6108585187096541 0.6004170788418565 0.6341774364992251 0.6280313099022707 0.5942342857749273 0.6296700319658853 0.5898566580708039 0.5571160743120126 0.5730293293685575
0.38741484308229157 0.3568915215782987 0.34992855368419346 0.39231816717392637 0.4791521859169771 0.5024560833076143 0.564813613400277 0.6244079928471535 0.6176822781443472 0.6085379486879048 0.589235392872696 0.5673228477820579 0.5831289284899955 0.5995641132822644 0.6303484828748462 0.6119754680538039 0.6046066413535813 0.6116637705360339 0.6465003289999625 0.6382439737475263 0.614776526981085 0.6388225779774075 0.6200081929050465 0.6353546723236888 0.6151725710996119 0.5954591277111004 0.568235631306782 0.5937287030407087 0.6092800616806715 0.6265321346457925 0.663768697745065 0.608962556132561 0.6389432413576405 0.6292328171632645 0.6287439751531924 0.619438770269056 0.5896041581307075 0.5950291546710588 0.6460037237405891 0.6441967686708449 0.6315223513206846 0.5806568467073268 0.5729860156210786
0.44395513984282314 0.40725383484467087 0.39899069900240347 0.4285246556105002 0.45872961658064265 0.5118090288435302 0.5473490079736453 0.5948667465752567 0.6413514781563483 0.6085865043165344 0.6171845969007402 0.577421324401506 0.6179554537938122 0.6555248783938015 0.6093163846455427 0.6065957232122099 0.5760137373010111 0.5893979747040319 0.6299732330584824 0.6206586126627718 0.5854627543267805 0.5865135877584541 0.5542501415499937 0.5695408955051617 0.5607999595285685 0.557477117125449 0.5495361170704912 0.6017765116609084 0.6088932064795269 0.6572402474832992 0.6262752676061941 0.6207382312336913 0.6315458220005239 0.6155290636088627 0.5858082477298884 0.6285316036834456 0.6132469662161105 0.6390830594886528 0.6604537229282048 0.6249958175444528 0.6176171270526909 0.6149715494266575 0.5453089571142066
0.4328313005335879 0.42700243028804274 0.409204095141559 0.4115538242731198 0.423274098543012 0.499307491119373 0.5754566304547043 0.580697452840404 0.6155802916029169 0.598007375940067 0.6126747714185349 0.5846705500153643 0.6489709373233367 0.6365490499786617 0.6510359940078382 0.6449719177341093 0.5897495424184502 0.5751763737012281 0.6298025220932749 0.6245578475106496 0.571095186028791 0.5655118335083502 0.5403631415134754 0.5466420824489564 0.5540737211502175 0.5805277895003719 0.5776937188213572 0.6148873691120967 0.6058142807480783 0.6609183492244223 0.6525036570233269 0.5877167550054485 0.5781405461792624 0.6009773083843168 0.5806192775299824 0.6131826674451719 0.6153966329420834 0.6188398508240096 0.6585120053903702 0.6568552871970368 0.6394289153781766 0.6178696423012573 0.5488774539795662
0.42773156388630407 0.44533735147662856 0.4070563592796419 0.39910892138617793 0.4462365994294687 0.47366515626122596 0.4935295295987953 0.5407636833275289 0.5980352924117778 0.6155617587427576 0.631871112449013 0.6201792451640493 0.5885507296852713 0.6183471187676856 0.6647099833861412 0.6244797949745041 0.6253785218215443 0.6104116602888674 0.6286803109620468 0.5752408238953103 0.5967861930242749 0.5564271953825217 0.5466819660727137 0.525267978724158 0.5728434259955228 0.576179110177079 0.621828387680018 0.6036151973275412 0.6491078931308655 0.648681622088831 0.6641525006154736 0.6123952508831282 0.6259604976700196 0.6448923133685962 0.6166855365500246 0.6416196085501361 0.6379650610375337 0.6317332508927157 0.6743473673055068 0.6457195965840322 0.6080124470614985 0.5977457497184457 0.5787134549231598
0.4654688671637485 0.466774342955233 0.44094015374164364 0.4328447940699852 0.44171407140907665 0.47035193093548283 0.4950808580068872 0.543591162724815 0.566544513055254 0.6115650836973265 0.575371957555461 0.5831577397499013 0.582858908988226 0.6038366387668791 0.6561336250353093 0.6759927992297545 0.6494870434641004 0.6468769601646733 0.6075140615914605 0.5903908870263849 0.5802206220392851 0.5838982611477687 0.5704822167298667 0.5500821750889635 0.5479590397763021 0.5856996235293301 0.6130570724132219 0.649674236247296 0.6515864087450677 0.6499839557402831 0.6771972500737893 0.6322371814324854 0.6349864589600818 0.6236211365166475 0.6594234745536657 0.6729199404479342 0.6048330638188053 0.6060081202884949 0.6582707060750409 0.6155254939385383 0.5792165832830428 0.5978738081099992 0.5681934554845373
0.492145228843805 0.46593178081702646 0.48146718969525076 0.4685043295608889 0.4354292859468736 0.4682861203814741 0.4714665151846435 0.4912442045959845 0.5486769513178223 0.5684769225174979 0.5541146243683839 0.5635334013214774 0.5967977773944406 0.5802063770196937 0.6192970665418722 0.6462615230724006 0.6248416332575939 0.6342364799705917 0.5680793833806148 0.5885848908378968 0.5800511506984766 0.5828374402604793 0.6092769274987643 0.601736977683116 0.5555638944796065 0.5801483465534566 0.6019323283141218 0.6404107400983494 0.6428078070613473 0.6525142487572406 0.641417862959836 0.6163611783210192 0.6738548138479662 0.638349025735892 0.6619272908327585 0.6585655585927795 0.6093497256553893 0.6251558846777202 0.647407089480244 0.5776606440189118 0.5819030227269543 0.5708309877115516 0.5423722231322635
0.48754982181633755 0.4999706133978559 0.49119683641410683 0.4745626525685974 0.4420561923762957 0.49267591838239105 0.48196323300076294 0.49489696078292444 0.5148657997523223 0.5565841545432707 0.5579287662324488 0.5370634708083456 0.538625872293397 0.560126512686042 0.6491895965654098 0.6726550164808622 0.656318219939292 0.5914623660151833 0.5482272020969069 0.577067345067216 0.5543691779047905 0.572965930997121 0.6105383999068805 0.6188319744662675 0.6156546264479281 0.5663643000946096 0.5661964806345233 0.598917575545198 0.618912347269016 0.6219256862810173 0.5931791600808365 0.6129634281161298 0.6818849099661344 0.665465340854076 0.6944932362226978 0.6707959724255689 0.599523641326728 0.6005465305970433 0.6035282617435483 0.5557553477768433 0.5426201746048279 0.5492148910830613 0.5784593777458699
0.5661159815715651 0.516493894500136 0.5263951520243466 0.4853543522172919 0.5152465634159628 0.5262888716026066 0.5467316180291611 0.5386378170250609 0.5189999799671726 0.5566694695670951 0.5858125991200179 0.569059746328123 0.5297547949820208 0.5573979796784324 0.6097421522036831 0.6545798593720409 0.615470123277747 0.6045318441372471 0.5786599717250805 0.5771113502891831 0.6108652982992154 0.5875271488531348 0.6065804969763507 0.5993368202856582 0.6292764811216632 0.6223388492624726 0.6267795572484367 0.6483316031565214 0.6454403749055224 0.6502247350290979 0.6584418319067503 0.6315955533829521 0.6816512769683524 0.7072900821385537 0.674227969427416 0.6421442710713349 0.6258279533330527 0.5811182914588288 0.6057590136501153 0.5813990991852962 0.591608922709008 0.5807244577907498 0.580794387733691
0.6039735766064808 0.5695260564838757 0.5949130014182514 0.5141388067417906 0.5094097623456608 0.5591128037768893 0.5465155808752247 0.5793612483256837 0.5674403367957223 0.597180649385352 0.5792472964267852 0.6021734383154558 0.5730865479695083 0.5649885617899564 0.5636417637610186 0.6195559863671591 0.6338499290313169 0.6024335150085307 0.6369296208140202 0.6346427198966833 0.6404865482315253 0.6587509504796816 0.6360895557791384 0.6075375847445943 0.6460106833069321 0.6773941918507518 0.6418484821795153 0.653414937914244 0.6771690285046281 0.6504931799975446 0.6640405820150728 0.6358073190486774 0.6601731713412883 0.6891133543367524 0.6803444400509657 0.6610591010243138 0.6326302781543663 0.5725907899703927 0.5785233418510737 0.5930316435685072 0.6127389286155355 0.5980399066542907 0.592497522098741
0.6254751019048681 0.6046635165760671 0.5974131568892731 0.570987527778867 0.536092402928301 0.5490825861320188 0.6086128980775456 0.6013467025309835 0.6185058451992269 0.5754555556644866 0.5883788692858097 0.5675875705297679 0.5327574050280003 0.5563576061869703 0.5597330665991986 0.5992768838064036 0.6125707002361087 0.6120719028627642 0.6555662901011404 0.6474940394469044 0.639490900836954 0.6606750357349315 0.6477354441664447 0.6673950576738374 0.6785143886126725 0.6713165090479482 0.6483211259181552 0.6513870154495113 0.6832937666580735 0.6838324925838707 0.6940159973173066 0.6742777451321857 0.6995763455546221 0.7089490951289182 0.6766887463910098 0.6870105872728743 0.6160743280053621 0.6179442966042663 0.6133122217649803 0.5879384911003004 0.6275113477236024 0.6369969751149568 0.6100029860773234
