Raster_benchmarking/DGGS/continuous/raster-363.asc
NCOLS 100
NROWS 100
XLLCORNER 1743150.4159664384
YLLCORNER 5469297.320983271
CELLSIZE 10
NODATA_VALUE -9999
[rows 38 to 56 of 100, columns 0 to 42 of 100]
0.655865915816809 0.6341136921678283 0.6805913981556172 0.7019204595397526 0.7289506554642229 0.7430417697323101 0.7682679245516885 0.7727419243657621 0.7462692701503418 0.7282694150429022 0.7284762508320638 0.713948674197718 0.7011905418577625 0.6994628630909954 0.7532676242393044 0.7196241240976643 0.7257416959688181 0.7465460981704898 0.7565154837121228 0.7899395671415681 0.7762560666396711 0.7966889496048858 0.7991987573321385 0.7580865067177308 0.7671516611490745 0.7343447232815532 0.7199506938081079 0.7023426894782947 0.7131412390424184 0.6568810759429864 0.6320500996841518 0.6616626799333972 0.627523167835212 0.6702208490535555 0.6951001056951066 0.7110236471908532 0.6866268508396351 0.6735326058435279 0.6563541237527116 0.6868163849075635 0.6676236236515363 0.680590263644555 0.6304626475249014
0.6364536847500143 0.6301990137080461 0.6276240721012732 0.6720704267806777 0.6601458006207659 0.7176528814520311 0.7370068014466017 0.7200745784211907 0.7391194451463295 0.7052254176476338 0.7323785359695703 0.7009223745430598 0.6909382128356443 0.724240272731641 0.7282777550645635 0.7147258181776625 0.7287764744475987 0.7340858779149391 0.7478920447328382 0.7887595121556088 0.7749324517259074 0.8144963524472398 0.7749546027106048 0.7806641994229494 0.770173728552337 0.7089980523930308 0.7118955136819781 0.7025129933975268 0.6693725433189386 0.6420623500450482 0.6431126259375768 0.6367019551200996 0.6542760704934768 0.6327480416901977 0.6488365799731962 0.6772182172597216 0.7158869811572681 0.6869640243711501 0.6410457284984957 0.6458873067558805 0.6742688053734922 0.6565855336578651 0.6413490205641709
0.6444238915024852 0.6320521323069169 0.5936021301228127 0.6440964143568473 0.6304210968097771 0.6756675520862528 0.7324762916453333 0.7450267578542716 0.7313335331278782 0.7246472556115396 0.7205102920883836 0.7144811857508196 0.7306245516519674 0.7414669578751099 0.720690825339953 0.7456092112267326 0.7514635042617109 0.7686499624657728 0.7359447648772165 0.7792466475156407 0.8209509480526697 0.8136662363905521 0.8132688309830025 0.801427243857018 0.7638698227320193 0.6962053602697347 0.6917479723965521 0.6894369927789951 0.6554810452980271 0.6632191740470624 0.6201352347044543 0.6301216097553797 0.6202071694654362 0.6455450961467389 0.6568116453727398 0.6604024965988127 0.7109261404812289 0.6614517756467364 0.6711153738720089 0.6444187743072256 0.6763802098836876 0.6353056153701075 0.6141336462127586
0.594183515603739 0.6152583861332863 0.6152926973034394 0.6222084667673148 0.6244602515540334 0.6915904217945225 0.6962381307902796 0.688544658608877 0.693693139851477 0.7207278254407334 0.7085988705985209 0.7176674210293288 0.6982875882574772 0.7314466778539486 0.7227430624730891 0.7163470186209447 0.7515805442323056 0.7589225212684049 0.777017911025057 0.7813089092716571 0.8054304412140286 0.8213132610033328 0.7752967404194295 0.7654904933276241 0.7422516350147524 0.6705306539013856 0.6833616868567799 0.6492215605996847 0.6564938223307911 0.6293650011685442 0.6020976654129354 0.6078092363805823 0.6624894315168289 0.6578470445482982 0.6806165785706824 0.6869159161950356 0.6901736807192316 0.6595038633888425 0.6562884407750409 0.6339966241054596 0.6755579067597465 0.6388428647121571 0.6225721932009938
0.5997774018017475 0.5836892870480221 0.5953956014985015 0.5906249840239114 0.6426097314512538 0.6678795187160125 0.6820773693643074 0.6964869667575133 0.6806134603522347 0.679713377335838 0.694702598513244 0.6832147515701544 0.6684110248503354 0.6833211699231339 0.7490089263686697 0.7346617962094276 0.7292279931362475 0.7433797258140477 0.7338720384661519 0.7589613529385706 0.7941719289235725 0.7924923827554488 0.7884160958564296 0.7276801639554568 0.7001792492292593 0.6680438884474957 0.6299796624531355 0.6330515824891138 0.6405093605933755 0.6117943744163814 0.6204360250690196 0.6163647095234068 0.6678491897363381 0.638473441969988 0.6868160806415762 0.7072154945919286 0.6869973417500607 0.6461820508798222 0.6433178124370442 0.6429806740954394 0.6460497267803887 0.6232730186283002 0.6199604450204625
0.6014841328265713 0.6130085088977888 0.605617070874194 0.5968714100612573 0.6443608709617469 0.654569713601232 0.6333395518336767 0.6662735662527349 0.6885131372136214 0.6901287375173347 0.6738859467829864 0.7026066320457243 0.6898777461315032 0.692004079315958 0.7346664238160182 0.7349991946977465 0.743421109520736 0.7526535402373976 0.8071391782451068 0.8195606527418259 0.836645373125475 0.8067447029353892 0.7725159055184193 0.7329130182631391 0.7041462124706521 0.6587791227299918 0.638205932148673 0.6145487299625914 0.6395548840420373 0.6155323681991427 0.5942187269907021 0.6464555052404862 0.6541286236536314 0.6431891066615247 0.6587430348070433 0.6826101112261564 0.7035423704084731 0.6601681626363255 0.6624227528812949 0.6240085082523613 0.6421718038316374 0.6488257258603275 0.6728391591696983
0.6014161232861048 0.6123919297123643 0.5647798854955908 0.6172756984019154 0.639533220889269 0.6559841630516936 0.6030121099218474 0.6065534681914442 0.6118847924819432 0.6519239174737612 0.6798328269879143 0.667888451222874 0.6692090372481666 0.7088022257832607 0.7050340087558716 0.7369695175983129 0.7384091222035117 0.8040706827155318 0.8383806287345328 0.8448078632828663 0.8308636515541994 0.8053614608147756 0.8273715859720557 0.7408738086260684 0.6694106058366214 0.6275598259022879 0.6115914929637216 0.6038593875384021 0.6485177403297179 0.6397814379100835 0.6040061427247587 0.6276384672443204 0.6073937939465871 0.6413669833576442 0.6480829081042812 0.6802861542251813 0.6974788226647083 0.6568723111378579 0.6594635170157634 0.6596347128037205 0.6492477269089383 0.678064833710032 0.7003754852489643
0.5764593346534639 0.5768188701613829 0.5999453040387548 0.6156023935710445 0.6197714853257204 0.6479410770412468 0.6422562079825632 0.5889919475545857 0.613473620627869 0.6443204423518577 0.6572409099386699 0.6803278457521941 0.6681664002860476 0.6886983703224867 0.692510900514501 0.7042979833302013 0.7302631929416517 0.812266977516847 0.8316313326771447 0.8312828202623541 0.8100796470574435 0.7840044526877862 0.8048838067219013 0.768537734098176 0.7073217306660542 0.6682878565958011 0.6354022941906448 0.6230094539673469 0.6433907488579156 0.6292788010681917 0.580867344165713 0.5909085114422906 0.6171761289332097 0.6490760813205736 0.6254917542014323 0.6548198254823719 0.684737558144017 0.6881246915182361 0.6933211646885327 0.6969423464823639 0.6853895508448203 0.6878424930364531 0.6879486853087999
0.5941346394265893 0.5725464284353138 0.5990366825075983 0.594654821236074 0.6106380628624299 0.6186309492991526 0.6309816420927209 0.626290194579272 0.6093430013957799 0.6336417505492291 0.6762120837289782 0.7088573960858052 0.6872641164700052 0.6919289393995662 0.6710883207660495 0.7350300236051316 0.7388480874015693 0.7740512463656906 0.8375622612878372 0.8267857760528268 0.7881277040549326 0.7756238944466897 0.778487191592941 0.753892872178333 0.7102263132637028 0.6540179569169168 0.6022391078342768 0.6325657121888857 0.6325696216815597 0.654277489938188 0.6020303009946413 0.611929665881383 0.6295822492159769 0.6581781100823872 0.6413892941670322 0.6669238112683694 0.6189003217268383 0.6624539279397614 0.6844537836940171 0.6782252525161651 0.6874787796282092 0.6799332022076156 0.6593410008355846
0.5943095077342254 0.6111007852897832 0.6323385182858092 0.6214132390075743 0.5774886036458634 0.5765106667459813 0.5780139869505584 0.604953045661119 0.6050819660858189 0.6333239617690177 0.6591454801454921 0.7048417238081347 0.7055308456361365 0.7110021566894151 0.6890321122007531 0.7214876860172906 0.7325203294426027 0.7781414036137804 0.7931209973000325 0.8011452606307112 0.7805658555325052 0.7653626891337829 0.7573796472393559 0.7342656508061197 0.705890972994731 0.6767771765894628 0.6508717508278961 0.6417879262438868 0.6298822346032551 0.659172269522474 0.6371870469367509 0.6282922384892847 0.6492657660171485 0.6359348293478383 0.6562584317907446 0.6597608363031159 0.6350352134252346 0.6545830483464218 0.6623911493644975 0.6955701738393674 0.6892887736058 0.6300282874869592 0.617848363602939
0.5802035503991021 0.5950788122955216 0.606172297788678 0.6195885553793123 0.583754541063037 0.5830122948277862 0.5852827652176192 0.6179330386592884 0.5938334129005581 0.669419885821846 0.6973325804688985 0.693872997947502 0.7442152522570501 0.7249367330970705 0.7319168373336953 0.756254631172113 0.768723769934739 0.7923865264741595 0.8289727786616921 0.8235384163546546 0.7738051101805046 0.7577561842105208 0.7395482470343282 0.7284094675153419 0.6897495489248172 0.6692271158435524 0.6232315463009112 0.6129854159505249 0.6262502634557335 0.6474737844156686 0.694838710141932 0.6442597159648992 0.622744819914786 0.6361771438848806 0.650375911916909 0.6665039591292232 0.6941900796542569 0.6542118095021243 0.6753824977700749 0.671589808637128 0.6614747822856717 0.6298474451234845 0.5664185238058107
0.5987008824204755 0.5679796435591767 0.60953806519918 0.6041259638880173 0.6206835387238215 0.5989486220285222 0.5798100981788507 0.6016088529529795 0.5860050124143349 0.6471277531514098 0.6844848226442215 0.6897448007228528 0.7109838552542623 0.7149886356102393 0.7082037898124753 0.7429885125757671 0.7738023696566985 0.7870691288020177 0.7919599381027188 0.8061742297979408 0.8017918682079352 0.7547214317296791 0.7083080537769816 0.7082508740591857 0.6895504936949969 0.6349976516626819 0.6268072070301988 0.6664064672749556 0.6336375410787226 0.6802672970023357 0.6714926488978089 0.6941657415457804 0.6691899854544163 0.653896266503751 0.6667919379872543 0.6732642610267555 0.6606473373638423 0.6994569743347314 0.6814492642750357 0.6367210453887139 0.6527892178744039 0.6173884720985794 0.5997447025522024
0.5750218353520777 0.5962270427309435 0.5988019007832589 0.5751548786058576 0.6138103831714673 0.62167164020591 0.6030457694692003 0.6073306339505263 0.6057184280029844 0.6603406083414449 0.6527488647458413 0.7034163297198877 0.7287312422003346 0.7046170287822131 0.7205826723981404 0.7175189380867073 0.7902629292290565 0.808253444996813 0.7709630944732179 0.7695936446452852 0.805544892293581 0.7689094442223913 0.720871589296153 0.7239532460367198 0.6851249249847241 0.6623152037071814 0.6467587482745042 0.6737019646804896 0.6598005090447107 0.6606435201628622 0.7005572307699536 0.6780934329498435 0.6552217498337252 0.6162818800788291 0.6284134022803943 0.6620208975277594 0.6814154326730397 0.6948976437299095 0.6438490614632489 0.6559390541379084 0.6516822447838215 0.646599658688194 0.5912569723989826
0.602937178507236 0.6125940405739004 0.5930947985820458 0.5785286085316823 0.631419857519428 0.6464043426630368 0.6178033735471475 0.6321912902778808 0.6151864283815541 0.6289877611122081 0.6297047682286101 0.6946282278316044 0.7161129943386609 0.6944928936102864 0.7195929931667462 0.7099511966146013 0.7318449882389375 0.7837607550857167 0.7751906260495091 0.762712506564202 0.7554988290052801 0.7532825675935432 0.7151778088912413 0.7126159219951241 0.683602748398127 0.672989783542964 0.6318321662587839 0.6506768525709518 0.6812050508852325 0.6848107902650781 0.7033374836619252 0.6813231774729472 0.6433550440051412 0.623167953137816 0.653433174448812 0.6580539874885436 0.6604004776934843 0.6474451866788956 0.6658452071117258 0.6654231442990742 0.6636787350432763 0.6321435868062404 0.6215301689085487
0.6353416253657866 0.6098618386404726 0.5746208002837763 0.6181867881709525 0.5993827357601597 0.6414403538697657 0.6651453286740657 0.6243782587644199 0.6375535390083031 0.6329000471246218 0.6378519809620015 0.6722390328928263 0.7083996669187257 0.7009964810192854 0.6666573436460222 0.6913324536690687 0.7376286171416158 0.7642635843256966 0.8338394814949707 0.7823639378874203 0.7373519869355464 0.708396675521796 0.724649889523899 0.7229298997733776 0.6628459958235321 0.6491606126903189 0.6414479792665417 0.6667875630368396 0.6902295409964696 0.6793405810858177 0.7057453735132632 0.6914869886866748 0.6858336726573094 0.6251244150292176 0.6169748090732194 0.6236226333762814 0.6003918032390693 0.6355172306875019 0.6174736083789484 0.6627258254057066 0.6508087639467668 0.6232849895636979 0.6223274965174814
0.6751694437058189 0.6519516325958464 0.6375763883728115 0.6370761308199331 0.6262541604417012 0.6356675042660522 0.6383507466381898 0.6391445572178485 0.6157690970975641 0.6372230409314643 0.658082186085442 0.6381304550991648 0.6706728349092693 0.6846474341761708 0.6867462429635287 0.7033826935022449 0.7113531418331581 0.7717105592748381 0.7786330650926702 0.7612815190979407 0.7596340813562965 0.7185094376110649 0.7118485111623024 0.6939904432342 0.6402968625676643 0.6354487397018377 0.6341451978806706 0.6490183266914294 0.6743408050648757 0.7069237139790558 0.69776764311834 0.6937222224897891 0.688283376909396 0.619648133071646 0.6361483100656341 0.597893676316918 0.6012440064718223 0.5869051086002239 0.6056788838590398 0.6584173891507219 0.6241453284866608 0.6160421146842413 0.6287190441381156
0.6392795607110091 0.6567597583966736 0.6492155702476795 0.644922807675479 0.6701815167974755 0.6995802411183986 0.6903523251182992 0.6860967785650278 0.6573859114398453 0.6469011523496626 0.6289755799670607 0.6306854491587129 0.6384950731958434 0.6486888997522273 0.6908973837054221 0.7105262396836372 0.7189484859899455 0.7304373284408637 0.7290839869489715 0.7320714191758971 0.7399121754186353 0.7400010229309949 0.6724530501774186 0.6976768767155431 0.6745612254965857 0.6436742721039522 0.6660457645480664 0.6756877515802457 0.6766001771071546 0.6743726119711332 0.6829344832291802 0.6864628791386326 0.6465077611062737 0.6366665296890262 0.6065830277918033 0.6363727905356236 0.6203374827288 0.5949637902476701 0.6097425973965532 0.6077775129860125 0.6470907112661153 0.6129565403973177 0.6112550037102308
0.6928327325250593 0.6890787032066992 0.6902318854957579 0.6763905166334335 0.6925691170637027 0.6928247109998743 0.6677577608802825 0.6785359001683287 0.6472557315758255 0.6154206996291939 0.6360866680891976 0.6150573800138069 0.6298074100087311 0.6588267646904732 0.6845321228897201 0.6952049541297407 0.7322636826639107 0.7171618327246796 0.6979773647944096 0.7147224212268334 0.7387289411027389 0.725371399253375 0.6901126042004565 0.6904543357316605 0.6596594547382703 0.6613935328352005 0.6712315361199025 0.686220248779438 0.6493313322167348 0.6316152733108649 0.6509785636982724 0.6343745155206797 0.6384304614763724 0.5964062572428843 0.6308997821735127 0.6434850193767311 0.6414701540068989 0.5991485487218274 0.6177139135874995 0.615745913638583 0.6009308901068137 0.6304455034574642 0.6017021039174253
0.7437629336324082 0.7152267168676125 0.7153319412111366 0.7167475146709533 0.706024526927071 0.6721494287008704 0.6215441940770693 0.6382053465601366 0.6727290528131712 0.6451373103807155 0.5862568283577021 0.6184657751945922 0.6691505189095202 0.6833188971548277 0.6724170577375765 0.7244725571656545 0.7271322930278544 0.6950495332376716 0.6860969786142056 0.6911725936065495 0.7201450192558416 0.7269699183901221 0.6753612579210619 0.6489616937199343 0.6396933595957202 0.659653160563013 0.6872697937528006 0.6370309636548679 0.6065779703275517 0.5805289908529254 0.5683760808637633 0.6043601194260982 0.5820488171877277 0.6119602177997207 0.6269800755803983 0.6615943205405919 0.6584657394210457 0.5883880890816932 0.587867809216312 0.5899798997127259 0.5972751997703992 0.630051639746695 0.5897668368914375
