Raster_benchmarking/DGGS/continuous/raster-425.asc
NCOLS 100
NROWS 100
XLLCORNER 1743151.6412015387
YLLCORNER 5469282.390671528
CELLSIZE 10
NODATA_VALUE -9999
[rows 57 to 75 of 100, columns 43 to 85 of 100]
0.2300481986140117 0.26673332760654916 0.2929112904181173 0.29217105114624875 0.26187043900952756 0.312004888405817 0.2258330799985764 0.3226719894078348 0.3210790044573436 0.37205187478790996 0.45434792015152525 0.43184759881168855 0.4361001174965742 0.4088105085325692 0.41331156500940447 0.4235785493118194 0.35082975080628404 0.37984966330659037 0.32647993365800126 0.3443383464919842 0.2999849530464368 0.23388792701116257 0.21304817924671168 0.14359951087379205 0.11067004685186901 0.12790909065361247 0.07544616038414745 0.08368575331691015 0.05257567352162386 0.030710439052173605 0.0 0.11112364550326397 0.21117267967611647 0.22445332095922865 0.2715585181447447 0.3007930857640944 0.3763107569877592 0.3984063167434955 0.4898392564791527 0.5104003857473366 0.4788215996913718 0.46672309243406446 0.4503489925939035
0.23114562238423916 0.28493388596354235 0.3265008348542672 0.3403635443268255 0.326450421480334 0.33161309734219985 0.3184692260035508 0.37674355212433663 0.37728637887515054 0.44927523109086837 0.48079405183034907 0.5034810294369385 0.4821742797713971 0.463934593523446 0.4112816758279929 0.3865183770058941 0.3655225761575915 0.3711020979454301 0.3250963621005194 0.35030012724608206 0.3167903848995766 0.24275249740537175 0.21653880082457247 0.18180307998193543 0.1581682440070344 0.1425906783389495 0.1111387263054092 0.07775937060446905 0.1201765406463069 0.09108252393048893 0.09602141376777394 0.14357577288995582 0.18481626988790634 0.2442519746713633 0.29360228399935 0.36686890496544955 0.43598180335349956 0.4497875861261392 0.49291556100648176 0.5158588055159172 0.5067860017991157 0.5359932301824484 0.5197011007242403
0.27335394382675904 0.30505394319479806 0.37579238176801205 0.37857808808645843 0.38240460938092397 0.41404321907237734 0.4058570121084069 0.38213180306132655 0.43589366126437845 0.49379208466085756 0.4784766696925238 0.5195849146455811 0.5189736828808691 0.5177900422326918 0.4706888788926345 0.43471392769002654 0.3869420017318554 0.40100240483475835 0.3716641143629408 0.3282101152391982 0.2983412050397724 0.25793041282196116 0.2162859580760746 0.2508760418549238 0.22702521887050572 0.18956192227452645 0.15503351859650358 0.13368833603660307 0.12497336043113656 0.12753412596006894 0.0939342388256379 0.13080306708656886 0.22085014474140122 0.2939497682211715 0.38437467562179956 0.39801441572797286 0.4641548375052294 0.46782070168411094 0.4847336861398882 0.4964092418385273 0.5556506185274838 0.5606951235501223 0.5191417549115107
0.2994983022476307 0.3165174814969076 0.35175335533654506 0.3745307714283445 0.3575906854294099 0.400306065611214 0.4177540115802063 0.44697415499358045 0.4754914409199006 0.46874974436452194 0.47830941358421364 0.5219358587546976 0.5512664407506335 0.543459663289803 0.5349575832340423 0.508250650307929 0.4405807200329529 0.3766723495409709 0.4033294501128058 0.3750965295667575 0.34937700023319285 0.2599429546897339 0.26322283733545554 0.24168563869765583 0.2984918548954325 0.27067592254930867 0.2040639979881421 0.15423236809842783 0.14619156316578522 0.1318834450875589 0.15948682619550206 0.16633972229815075 0.2563823443667968 0.32477710797605525 0.3933620037762679 0.45804837956134853 0.47312618835502523 0.4902946108389733 0.4941672957885977 0.513224356025421 0.5574382866060504 0.574899631804875 0.5519070943058675
0.30185330887089673 0.2971518694921159 0.35838038038302544 0.367959644363559 0.3954482346392557 0.418641013644101 0.45997982652234365 0.4514995907519592 0.46822658396663924 0.45226061671190776 0.4772908974485468 0.47631587515065865 0.49668885593672146 0.5190248072142484 0.5627776725890169 0.5634115779542073 0.5168120460405459 0.4368238529161252 0.37328457504325674 0.4017935422774252 0.3655595860132071 0.2951095388856985 0.30253748786237367 0.3301364961106409 0.3172392279727037 0.31852179765705085 0.2539124197395983 0.26572568519396467 0.18491972366047463 0.210273572906631 0.18705233966417056 0.20637741348225366 0.29412476974243235 0.37147359643541533 0.3966318559545234 0.4375082954233371 0.5277817188757001 0.5594495741603822 0.5648362790964191 0.5391991171541829 0.5831721081235061 0.5762226398041923 0.5649537322146868
0.3391444481813788 0.3313842268859705 0.36975765146039563 0.4037559218107054 0.3977070964535729 0.4355328829039538 0.46923572411995307 0.49484362267350435 0.5110054073641962 0.45260545089617005 0.4413199781173453 0.4748390763387652 0.4917155682531285 0.5822461651917383 0.5942231575968621 0.5626215938688187 0.522347994283906 0.4862481100558341 0.45508965519979955 0.4073657954771961 0.42009467207427503 0.3850217630958107 0.35684190799493454 0.39204708176847625 0.3284749346728626 0.32873745380572994 0.3439215596139309 0.33325046962251376 0.3099250405861168 0.27443622150266667 0.2800553623192843 0.2903349869780551 0.3315616624390394 0.3532212905331896 0.43026910864933376 0.4894620337132277 0.4860839056436759 0.526505917652315 0.5683500296228573 0.5603297096796703 0.5576477866664543 0.5234459212622499 0.5720965063265937
0.348118201864226 0.3459288596258304 0.4190770387432551 0.4003593761644533 0.4258951567085508 0.43929496259553563 0.4853481493028036 0.5285407947497517 0.49909927646998375 0.4581618219851144 0.4706724587794819 0.47847969631112214 0.5280321579774744 0.614771313977513 0.6100585897875668 0.5940466902664917 0.549512795892822 0.5329634287979802 0.48211504711851694 0.42679183037783786 0.40204155784671464 0.45112152378796694 0.4417516561233312 0.4417318748027792 0.38927527970580583 0.3844327367240764 0.3925981829678193 0.3967462827341163 0.3848929177042979 0.33478605153796015 0.3065665092458285 0.328519407781941 0.38143457896207295 0.38544486520960597 0.46887403924168836 0.49685047158877 0.5365404121929876 0.5321361632966471 0.5786355370725614 0.5585908467385815 0.5239460866057511 0.5634707341274988 0.5561961475497197
0.3444886267280396 0.3877688344798809 0.4731125515576095 0.47723550648521185 0.43196045741413436 0.46955814467849544 0.45548130487627975 0.5203854536162914 0.5089416949745427 0.5308363474143635 0.52476537432518 0.5025343126143337 0.5877749784264422 0.5945787816094479 0.6448465862889915 0.5987130991641201 0.5626430380292153 0.5801170633329835 0.5259062789225999 0.5001154803597113 0.5283838806962843 0.5320353201926635 0.5112589930752637 0.46868984540192493 0.4451429763715987 0.4663565108679704 0.45718176367179597 0.42533356570034714 0.4407351706688449 0.39385040315559805 0.41046210079336737 0.4418722426704218 0.4763808979327825 0.46532021046242256 0.5207510565235581 0.5427616950193253 0.5677634134767604 0.5718458985763654 0.5632796025275232 0.541525824029138 0.5552879925807084 0.5271130930670611 0.4925147689967254
0.3521800122725431 0.3837703300991322 0.4891235919202603 0.4312165968311368 0.46475348175984743 0.4817919549118258 0.4668644930020073 0.5592605428978845 0.5685479986544993 0.5648365296767748 0.5116600867753857 0.5275093688533127 0.5872646192519424 0.6039945228952854 0.6568074091248496 0.651934604640637 0.6094282436057127 0.567892891901153 0.6166945107486416 0.5679994260834271 0.5914011169959524 0.5956550836269641 0.5554842405044482 0.5538908011413547 0.5309288301554547 0.55746887741353 0.5263802271469087 0.4851163542661572 0.48440808635253507 0.44070935011750606 0.46385181337862014 0.44320026533117346 0.481167102279029 0.5095505400725152 0.5945413868526457 0.6137517712185623 0.6087387230466732 0.5917847478551856 0.6012040736206468 0.5578646214450665 0.5807990426766367 0.5834357303384949 0.50542838142783
0.40436858987200125 0.42801750181506526 0.4802251449093592 0.4364627035591535 0.4626690992884478 0.44559939335042115 0.516489644769201 0.5549332249663265 0.5536156447112658 0.5558368938858318 0.5636397775028327 0.5646369831428139 0.5678495956958878 0.6053927974301359 0.6383428066071033 0.6495816687899764 0.619176483431114 0.6015283418214111 0.5944819054165098 0.5946973047756449 0.5767999560938337 0.6072105844624625 0.5406006760644083 0.5550174066727774 0.5501510299398449 0.5627005227203574 0.5300046203053268 0.5634641175722599 0.545300921692302 0.5197175270747728 0.5089338098993891 0.49409041547093174 0.5304505201631091 0.5548206245902129 0.6001582575078299 0.638301475267281 0.632083155460956 0.611745513193253 0.6111532231241258 0.5843610314201164 0.5886607529983049 0.5823201438659262 0.5609811606855355
0.4683192449011585 0.4512172759211683 0.42692876066785346 0.4073965975687646 0.44657806255538507 0.4762630208837665 0.49419988190813896 0.5511734156227392 0.5778132870243676 0.5623772836830063 0.5778321228614502 0.5626700430806264 0.6039369886254273 0.6026891775399609 0.647242493858213 0.6622742716600498 0.5804503639309025 0.6051082636624922 0.639672650257238 0.6234362437147418 0.6309295952809381 0.609204074040861 0.5543911051543414 0.5650879243601514 0.5315234059094283 0.5700677405945789 0.5241533124686714 0.5498832840315575 0.5954507731124077 0.5574852022757353 0.5329711923484194 0.5419264049879255 0.5766133416303837 0.6392092074364717 0.6644081150798797 0.6636436028684173 0.6230851067493113 0.5755464514731068 0.5794085454593126 0.5770971863763351 0.6461108612265539 0.635749953714106 0.5948500626035355
0.42766437718925104 0.3908343135571231 0.4007335856274558 0.4011209998957053 0.4426202588392811 0.5012122605493503 0.5430010979883284 0.5818814733043591 0.5963969247370112 0.6069706140423299 0.5787235385338293 0.6286856569036807 0.6182625424007526 0.6322475985620217 0.598609861690062 0.6285942357250456 0.6285876806749561 0.577374522129255 0.5527974901038666 0.5749750370194119 0.594373641034947 0.6135215083699591 0.5725034692819211 0.5874287301821899 0.6015279306923761 0.5407040289176065 0.5853619717896849 0.6010823262462863 0.5994810626648742 0.6448458169936109 0.6437360450862774 0.5974010186098108 0.6079577632544637 0.6542053330713169 0.6426073991169376 0.6637364947649397 0.6320940588238412 0.6303225210168675 0.6489712655237845 0.634877497696167 0.6738116202363231 0.6395959044130715 0.5989255294757853
0.35114368498653364 0.34916383255447103 0.41368152455605117 0.43677784563726535 0.460265411070964 0.49948485440484436 0.541269674440554 0.5440518623858458 0.6106820637252347 0.5720504436848695 0.5990397748643815 0.6240008890763797 0.642256718780847 0.6336971982246056 0.6133738655019287 0.6464416084392658 0.6387099315672988 0.5854746142487058 0.5500386190145257 0.5981700951283636 0.6196714224080012 0.592757832576795 0.6278700599671522 0.6360668868236512 0.6313441482251452 0.5859225639378661 0.5965428354107571 0.6084350500091098 0.6519508448274008 0.6459605249559606 0.7088786632421762 0.696235190303289 0.6834048442446155 0.6834966010306549 0.6569536117588721 0.6373585050973462 0.70420553450411 0.6866161528779618 0.6871976800350325 0.668188755869959 0.6979979073005236 0.6097010928304105 0.6174496918648215
0.3676985611113231 0.3451570303457919 0.43311007881407426 0.4526745690499498 0.49444688570890716 0.5047165907531168 0.5251659472076152 0.5654702573611591 0.5760834312583644 0.6044026874451489 0.5734235063543872 0.6182134157104684 0.6275546323129596 0.5815032704876395 0.5877779370574571 0.6222618547143998 0.62968299768987 0.5895092592864026 0.5824508956329256 0.6415644600593484 0.6044190216316174 0.6379270535925023 0.6401298151534339 0.6458227410903885 0.6420407262130707 0.6384867230935792 0.5968412407846465 0.6053027153148346 0.6190848767218631 0.6505467576083229 0.6563853178804853 0.7079605670813656 0.6949779897750862 0.6511482287669004 0.640738561555332 0.637296216949017 0.6858487352604735 0.7073549734789744 0.7194890118856929 0.669872374796995 0.6603611147124502 0.6241966890070826 0.6400240300199392
0.3508075793163915 0.4075153207751617 0.3935173466990003 0.41598723372772217 0.4579921663144802 0.44486863230233875 0.45575405572939076 0.5094225846090895 0.5615825469814457 0.5756986811316971 0.5670075219344118 0.6089836849891747 0.5686680100163736 0.5953100576773614 0.5463639787185741 0.5704505615266557 0.6235677979003421 0.5802219921114552 0.6465152721704215 0.618441936668051 0.6278847641297357 0.6505772074288538 0.6181848420839929 0.6400795082096888 0.6406403389705438 0.685654849271856 0.6717857708203185 0.6077083163192897 0.615500614315215 0.6983192071040859 0.6953506120925212 0.6746425335550879 0.6437125811423521 0.6476069388785753 0.6087317200180495 0.6725952791994818 0.689933690629183 0.7423914457221804 0.7335479247616218 0.6822225683202332 0.6634153687707255 0.6434512531999056 0.6192572158005591
0.3903802236119841 0.4487161424530237 0.4178192959981187 0.4608750699343593 0.46395705620822986 0.48456431578302844 0.4609629757533312 0.4721056567753571 0.5107852295592091 0.5321867539538191 0.5272416497173431 0.5513515432213569 0.5402948807974186 0.5474902802700883 0.5709692888506097 0.5592723397619936 0.558785082897329 0.590007234050894 0.5995052920733047 0.6146323853384008 0.6435406481683437 0.6521002148079063 0.6809272293762991 0.6591845713868338 0.6396327950466012 0.659285924315263 0.6670354389250774 0.6643032806146661 0.6539287115024518 0.69972349960941 0.7483985732404042 0.708387690470108 0.6562442879850735 0.6818120618280026 0.6754414303280317 0.6319282661155279 0.7046790654073504 0.7232559295920293 0.7765358994222072 0.7410534256764997 0.6688524317082515 0.6745016710023969 0.6478834335410557
0.44466713470929065 0.49386401319662854 0.4884920801248225 0.49407231178093514 0.5164537712308742 0.4737156159252869 0.48938056393562046 0.49568974061894316 0.509881754912238 0.5203063651733202 0.5677034383186308 0.5588739856627044 0.6155261251236686 0.5565372800420828 0.60006759341788 0.6277523832043054 0.5949752989528149 0.5737255778346789 0.5562999707072827 0.5633062057280307 0.6214289969708376 0.6694389469103803 0.7427590527262548 0.659468796761495 0.6069422068978456 0.6277911976012767 0.6065746072739457 0.6232946502771288 0.6361019537950516 0.7111659978166687 0.7521952148542037 0.7370572707283892 0.7032457513547721 0.6775766748226314 0.6447570986575801 0.6597623786610887 0.687517348144619 0.7377056840769985 0.8319333737585094 0.7647497280556192 0.7373856578667504 0.724991707300788 0.7068459992655683
0.42573842775146364 0.4842277661836741 0.4765669164470066 0.4958372973547692 0.5074093198061002 0.47038737293637045 0.4703975039429552 0.5017066625232346 0.5573551996154232 0.5526004505707833 0.5370943640970357 0.5927633787724891 0.589442310011933 0.5699114102812751 0.5833563292782291 0.6236203848519073 0.5917369204367887 0.5393668071277871 0.5403557096645816 0.5899811397243976 0.640164829237058 0.7253151211305522 0.7349648166715002 0.6761382972767525 0.6432271620792389 0.6349332700750033 0.6702622444424255 0.6544147870228256 0.6856287754178779 0.6983514785511478 0.7158310045395501 0.6925173599760011 0.6844387676984964 0.6778195530166261 0.6436070277646028 0.7092452002885381 0.7191622287763645 0.7866408755168556 0.8151272799207114 0.7362136688636206 0.7294694029251315 0.7396538208234477 0.685629492078579
0.4047808799888547 0.4717101477736281 0.4572095410887143 0.4437975737397914 0.43560390364390517 0.48840435534903226 0.5260569598282111 0.5150191855920466 0.5559993259404602 0.5540393768185415 0.5218366631922965 0.594680327914493 0.5785629645320085 0.5432393936777162 0.5735286724789802 0.5939548214425577 0.5844519683427332 0.5924982930835673 0.5566789821254193 0.6384571363603148 0.6699126653816553 0.7226020162278345 0.7631888223780975 0.6962586930580784 0.6687078201800007 0.6612472108941352 0.6923202969904324 0.6907163172754005 0.6853073426107819 0.6631160595916343 0.6362294658029237 0.648717500047682 0.7175827714491045 0.6525469489488 0.6525909666039652 0.6783440088280683 0.7524468351000652 0.7877413765479769 0.7653525435650158 0.7047493648171389 0.6753082361195589 0.723227812723953 0.708486284362911
