Raster_benchmarking/DGGS/continuous/raster-187.asc
NCOLS 100
NROWS 100
XLLCORNER 1743169.0671198019
YLLCORNER 5469293.718841917
CELLSIZE 10
NODATA_VALUE -9999
[rows 76 to 94 of 100, columns 0 to 42 of 100]
0.36729720559393936 0.36465211389550467 0.3802348024363891 0.44680525599483856 0.4548577658086897 0.461189329337079 0.5148118689917561 0.536851010141776 0.5409645567956394 0.5546604371214675 0.5986994924265097 0.6146799722459773 0.6416153643824487 0.6471695773678925 0.6351668024149801 0.6336971670328603 0.6044721958360908 0.6031548169833151 0.586500173440312 0.5886875365812825 0.6116250348285751 0.6023109454378835 0.6005606547928011 0.6127796598149673 0.6241351726070906 0.6302475800619135 0.6056200793401034 0.6376630022669095 0.5918889905987708 0.5869397988721334 0.575049097667851 0.585114630183309 0.5946531347534991 0.5981575157915375 0.5768016911835026 0.5760694689020274 0.6273283013557495 0.6000806528127327 0.6346045632568966 0.5949393861186882 0.5804194145006708 0.58793529962752 0.6053188578650234
0.43140634688598123 0.39845527208908893 0.4302744418177358 0.4296138497027142 0.45951583345458463 0.4778084100843188 0.5213131426220357 0.5319025677806904 0.547576790254229 0.6020313955281036 0.5805116007666917 0.5771386745093449 0.6005224840125989 0.5876102481649439 0.6050762005825393 0.6129461753515615 0.6340600493000108 0.6460437626941823 0.6250750554238067 0.6328278731706057 0.6002877196113087 0.6215502424103938 0.6295344466547571 0.6351397151931453 0.6262639739096761 0.6306420591652636 0.6382691923896309 0.6372454153606307 0.6193487590096343 0.5922486795626906 0.6062256186874911 0.597744093519524 0.6279371838846254 0.5989835165671088 0.6008364097613221 0.586997613218836 0.6048176143539201 0.598528074054012 0.5896612814539629 0.6048266150360301 0.6120132291266351 0.6057189768946698 0.6552414483745269
0.4652459365730206 0.4383678160294803 0.46700978381354485 0.4456494207727324 0.4545583661249089 0.5048771902057719 0.5067981863181377 0.5434291501139227 0.5944440914127825 0.5816885284943799 0.5848800603809713 0.5781812084555574 0.5733444206558294 0.5820224477370104 0.593012291583995 0.622899990473362 0.656857756155609 0.6388886126719918 0.6482845592527485 0.6428883725121324 0.6182850540874734 0.6378543105233475 0.6333197051016802 0.6709589342367747 0.6629399334055963 0.6776677844075987 0.6671338923634694 0.648441359070396 0.5922579760871259 0.6117339932835254 0.5770920548873203 0.6268273328028254 0.6267861214052726 0.6023804676295443 0.5776822038234057 0.5831762713570466 0.5914434914185679 0.5798244969894926 0.5933800371775783 0.6070027072465389 0.616765994514845 0.6337953350957672 0.6695067851629917
0.4738110544501577 0.4792444351280084 0.4682009739254955 0.46879682952980445 0.492492353771617 0.5083589880839304 0.5113366681792062 0.5711893613837051 0.6169012680440019 0.6054696192388432 0.5888069421739792 0.6099293461131944 0.6061753893401984 0.6152755096211456 0.5974437548895206 0.6333210168750937 0.6228353225445337 0.6479696984474578 0.6528777242679573 0.6765896714350556 0.6781144821777579 0.6557702582616322 0.6804973946915097 0.6783637439263178 0.6881761128753283 0.6974379687852548 0.6730854529404535 0.6162475031295377 0.6181374993114658 0.6386360300859769 0.626707590803414 0.6259057985535359 0.6010199087422758 0.6162903160451759 0.5888556130083978 0.6227424504026302 0.6164820148654739 0.6212750879935195 0.6232163552583421 0.6245920775203181 0.6580122412291942 0.6660309042225908 0.6468767468931756
0.45369598473054246 0.477265634831889 0.45369188899177704 0.4734735229255059 0.502906139634756 0.51166577222883 0.529017651003817 0.5791224013991354 0.61349504763171 0.6253192439828882 0.6316424274434506 0.6371468792152093 0.6151799561086485 0.5993336528680195 0.6286753178476618 0.6473179873550398 0.6337079691190595 0.6670740160702361 0.6732618878225909 0.6775384316378027 0.7009053679214025 0.682676764542771 0.6667986160143646 0.6773189703730944 0.7207393073347976 0.6745592499842203 0.6447468233127391 0.624570235700458 0.6460583895855351 0.6341010310872185 0.6450442626468343 0.6422784458405428 0.6046500251521387 0.642513741817482 0.6283639444984606 0.6324364253163808 0.6145905241578463 0.6186744911286621 0.6127249022736798 0.6490128989801397 0.689006257962262 0.6592085047729707 0.6613748593628095
0.45476978154956427 0.47623272801720384 0.49018076928913423 0.48100342951248615 0.5419186580832352 0.5462262876255511 0.5404812418879957 0.5746707995576767 0.572898651070749 0.6053674439675099 0.607461998143122 0.6030695427333995 0.5815796847848117 0.5967408196070204 0.6459767366521837 0.6656430370497302 0.6400828123278843 0.6693417564193853 0.6485631544630723 0.6646994365565003 0.6751658003146591 0.7108226954390947 0.7152947211661389 0.7151035874874722 0.6950154240082853 0.6667796063071847 0.6552104001890185 0.6420373828854108 0.6666249902857813 0.6451094490773718 0.6256817680708078 0.6151432919785478 0.6341941843283979 0.6256769969677025 0.6318143781945014 0.6264323366653799 0.6132660515953249 0.6000315947365368 0.6508999549181826 0.6757821147827889 0.6647967658189228 0.6965971940423356 0.6685235720898356
0.4981596530394803 0.519043028855075 0.5189646256925329 0.5185172557204806 0.543709432568678 0.563821000951308 0.5923642219503814 0.5748598894547062 0.5666381649304117 0.6028049751763879 0.5743102771984601 0.5809591405305529 0.5806852358581022 0.5974145188672383 0.6443189803131701 0.6602721351127463 0.6687231399172839 0.671873761597333 0.6599648385017414 0.6823932307546429 0.6709720118261665 0.7174757687863349 0.741243143529466 0.7300134340342781 0.7283766261538616 0.6582659590232929 0.6535015552577923 0.6514396118760087 0.6758786283207655 0.6404664985566926 0.6214615375703698 0.5996214571006837 0.5989794471940352 0.5913759488288232 0.6069245857741878 0.6208675658626067 0.6098567541630577 0.6553917903131252 0.6542889341225538 0.6862363663832812 0.6554474678151304 0.6565893073344606 0.6898510511930196
0.5116262874896502 0.533252262846968 0.5158520673046403 0.564359254200023 0.5989044875123442 0.6057503844582598 0.6016844227735668 0.6070022845748645 0.5967612014072168 0.5871962070278772 0.593545215921121 0.5930454424519571 0.6185467003151739 0.6010267462303887 0.6533713046970806 0.6441465970217981 0.6786864248451283 0.6797976066047713 0.6674612669268603 0.6775132444369035 0.6547440190409547 0.6802471847041909 0.7164943082649519 0.7218817550944452 0.7199896017883525 0.6603104207424666 0.6334386206694712 0.6505666576666428 0.6496272236105736 0.6664370605675876 0.6518746566589292 0.6182326975523388 0.6263828031428877 0.6294270239168503 0.6245715463296058 0.6085580432798817 0.627625238918977 0.6766498076762609 0.6734898894152161 0.7011216459633639 0.6940829993393192 0.6715530079120108 0.6946458533539182
0.48014233952350854 0.5340486252726231 0.5423174136718828 0.5488932574194854 0.5885774953745418 0.5969829975516918 0.6067553018849995 0.6169929032026942 0.5806097720004252 0.5842323640190039 0.5606182801081281 0.5795367569226593 0.6272662386682231 0.6491843704233881 0.6357545709817572 0.670303530752585 0.6576492594158603 0.6955335823544453 0.6807392325803584 0.6979043859681684 0.6814888703595353 0.6995674515327102 0.6920547020637935 0.7128646751554844 0.7015606217192606 0.6592215550730821 0.6463559124708935 0.6508102055768503 0.6575212169467636 0.6519414352966405 0.669609709576954 0.6252748851801863 0.624698817021197 0.6222051874422126 0.6305956332738958 0.6287530178570513 0.675138114783163 0.6931225934584226 0.7051750582858998 0.7327193219680856 0.7191315867912919 0.6793607678122857 0.6780649222853522
0.5530415188000918 0.5431970037264258 0.5710227816727446 0.5756139895926488 0.6119614191405643 0.5818340708485731 0.5690147264759158 0.5952922811026408 0.5822145175681669 0.5632854471871164 0.5479564842984425 0.5830111893411765 0.6164069840971779 0.6496008377512437 0.6822858412920988 0.685775836912788 0.6926543675983435 0.7020181748627636 0.6820410910297721 0.6950023186527038 0.672649083623861 0.6691772858415087 0.6871912565627074 0.6866212053140777 0.7083291009353544 0.7148951561852998 0.6855003409994589 0.6623494898246053 0.6470873957750221 0.6511775087666206 0.6611583948621834 0.6335613719930278 0.6476318816766741 0.6613373535688521 0.6677055374125945 0.660928148559198 0.6962518869363352 0.7168473513014362 0.7324125171841367 0.7262003350235582 0.7371878352540997 0.7195802046215507 0.694865980495325
0.5801730629275977 0.5804831666615996 0.5887856366681042 0.6056991939309039 0.6404944644806804 0.6135069432154545 0.5760261697256489 0.5530236964929941 0.532047387968427 0.5444990438976046 0.5643029431231519 0.5894889556482991 0.6196528139829064 0.6233436078879008 0.6659895466123918 0.7085349247083841 0.7152347094067488 0.7149259745921221 0.7039364726978674 0.6980820747378981 0.6913229714684389 0.7020024391862705 0.7073437686694043 0.6848626299870876 0.69928354507765 0.6969818080362302 0.7202375239817779 0.6879337724147692 0.6800546313498125 0.6818690157315203 0.6583360494073398 0.6710936810155224 0.6401108759595658 0.6443088787738778 0.6694928546308799 0.6667383701973517 0.689905415159211 0.6917154190657325 0.72377265473481 0.701239781180888 0.726518667962531 0.7353662734822903 0.7418643327932266
0.6143234940561194 0.5824256898197738 0.5855878805067674 0.6295043167789146 0.6610950102063211 0.6303689760823221 0.6101167703079469 0.5686695038258397 0.5475846632323111 0.5434240134685161 0.5473518225103364 0.563519053829323 0.6065827019356077 0.6357624114317211 0.6784997334008196 0.7028719621776462 0.7091631031288529 0.7237883733719837 0.7241475872631595 0.7270654400604064 0.7099703256505236 0.7159279199073099 0.677490001916229 0.6688835738661196 0.6683794467519586 0.7171600356122276 0.7009217101847941 0.7300329246098909 0.7185819029568425 0.6882803818328718 0.6665489186650005 0.679625713816583 0.6371847779212706 0.6356933722833481 0.6456727090179376 0.6888559217216269 0.6885631687051992 0.7132957369917406 0.7385065375117069 0.7236822076102626 0.7428258749767527 0.7395982447260636 0.7389603544147046
0.6086418581304935 0.640745379535288 0.6292640736118206 0.6357046668661529 0.6548117307967458 0.6370134630022153 0.6065207356077936 0.6048509178067496 0.5507836470095835 0.5478131785518064 0.5272328662206383 0.5599304247311787 0.5776023333836726 0.6075511809338351 0.657226337336828 0.6435869894553587 0.6801263310504377 0.6980271959524912 0.7179804002469012 0.6901515061364146 0.7257675774412585 0.7058641150875107 0.658433322373819 0.6464545385744911 0.6597096742006083 0.6976569129631418 0.7221513121419126 0.7140439215229782 0.7030230334167845 0.6868558877017519 0.7089964132920987 0.6671517953208281 0.6337666712777723 0.6382713994070466 0.6767967521671951 0.7184970782459179 0.7553072906013626 0.7156036860528585 0.732776432761034 0.7245177674951063 0.7273957217565468 0.7299749312403777 0.7100276937378661
0.6317745605903877 0.6587384621885771 0.6591469870883849 0.6566310162369012 0.6633381730510408 0.6323292691744885 0.6005648223363568 0.6115528450766362 0.5745412417486562 0.5688161194266659 0.5495694858883767 0.5401866533520172 0.5659732870140085 0.6012522673942363 0.6037982779490622 0.6154979264256614 0.6219719985227921 0.6777286088401141 0.6597833177488815 0.6750489250896152 0.7035877751318043 0.6907613193234223 0.6944471329988934 0.6944545206882998 0.6949571406970773 0.6961593203410771 0.7070418441825247 0.7432450753961334 0.7310227197553393 0.7027474228983975 0.6961545417211361 0.6778917590049003 0.6711777034389924 0.6841901546453928 0.7085501529951194 0.701206567490503 0.7325331279726233 0.720267854355661 0.7205481760179017 0.7118314890062218 0.7228476640798465 0.74187989752589 0.7446351608833164
0.6563183237589743 0.6915260655319158 0.6748812686441445 0.6558714724276861 0.6309315641949675 0.6298580904806633 0.6438918962295642 0.6328092031523389 0.6095394815788995 0.5919492597976896 0.562973277677835 0.5305812859241273 0.550898310814382 0.5668243525326582 0.5922402487070089 0.586048307689696 0.5971380581909665 0.6302629929308128 0.6322139960998642 0.6860676179810667 0.7103361946455735 0.7094138920342278 0.6930784702021673 0.7109702830647165 0.7358771059114997 0.7160255181443997 0.743345040650732 0.7534570097443755 0.7565050539086574 0.7309501536442307 0.7022759186613716 0.7130474248385594 0.7185673064901147 0.7182922590332497 0.6955840088184179 0.7149724323964856 0.7060873495069521 0.6946749893199793 0.7118896926468642 0.7401707171067982 0.7478203221415388 0.7561994219641869 0.7321969151902056
0.6782973771365791 0.6871593782735638 0.697637687310012 0.6816382616743721 0.6513721637196596 0.6365015143305379 0.6546442812329735 0.6138104893269769 0.6193158110669844 0.5977002775366782 0.6006542864737869 0.5606908302538226 0.5560037350052084 0.5813037440302559 0.6186198967308835 0.5800610734725765 0.5956774803736843 0.6301523288854856 0.643611728948126 0.6566843894223552 0.6496762727972815 0.6869132094495838 0.7158212675555563 0.7457318910505591 0.7403483656438117 0.7564797026500341 0.7348669918324655 0.7501886104763658 0.7410225750196323 0.7032450461593036 0.7170491812457782 0.7091649705584168 0.7138651019859054 0.7136600639587617 0.6728391595584438 0.6900741652094097 0.7275895408355204 0.7285724689838522 0.7317774404750714 0.703626877108647 0.7128710016806213 0.7311530310088972 0.7454936576228235
0.7494504971497608 0.7173815300488086 0.682270521489512 0.6898161717982346 0.6468738129729756 0.6297180013927209 0.6675210430273166 0.6441911865304215 0.6099150849140793 0.6069329898787746 0.5928056832916154 0.6310095637698176 0.6265393432929973 0.5957418832889578 0.6375406131528217 0.5869941838639039 0.5868518313980225 0.6002768417264803 0.6212825424824139 0.629824998195871 0.6331069417654971 0.6632527610805887 0.7127303056167361 0.7242499756886948 0.7563343752000998 0.7712955652069661 0.7835381287227449 0.7731614795856533 0.754219760909614 0.7041476544750644 0.6810701916403009 0.6919818178439541 0.6835136481732879 0.676353012238789 0.6616980145420963 0.6957354852352268 0.7279624810878093 0.7178108367780935 0.69422387532841 0.7024046871196586 0.7407066680451336 0.737378040809168 0.7485212686975683
0.7092169056521708 0.7041711967425561 0.6943041501096263 0.6846411786445418 0.6487118851010102 0.6353088064070342 0.673254336446175 0.6431236445056381 0.6531673610355818 0.6412132921126069 0.6436533144905459 0.648243032826696 0.6574512418245453 0.6313251190666251 0.6274871728398927 0.6089644156377825 0.6347323364886742 0.6381352700716808 0.6196496062054282 0.6370551205599695 0.6542669752387464 0.6651443584370992 0.7160933844359451 0.7185065161270748 0.7446702867843304 0.7774023493241192 0.7544201677569399 0.7602840824294954 0.740039718588821 0.7080111876095384 0.7007199380304425 0.6487982458927268 0.6479078718947213 0.6343997268185951 0.6633749125075525 0.6656781279281875 0.6832219582557038 0.6764814589206208 0.6954526070100292 0.7047985473593527 0.7454523770316669 0.7660928025455228 0.7339964312293641
0.6989960356275602 0.6867687069801837 0.6545891090371614 0.6429635863335731 0.6605113917513328 0.6489504125523443 0.6551414390277036 0.6403114765077901 0.6408600696050764 0.6550677316971053 0.6476285075200557 0.680228410779059 0.6643602523316108 0.6412436338073734 0.5896331693457204 0.6294369491207022 0.6320612042744832 0.6584215705629797 0.670229915175859 0.6461713926977043 0.645613494418699 0.6842816366835712 0.7203982997799911 0.718022957831897 0.7586342334762904 0.7751249396683151 0.7801339916641836 0.7279875645238727 0.7356790802459898 0.6949154348334636 0.682889850079937 0.659471720680561 0.627574730947639 0.612645845692017 0.633114994389979 0.657487401770701 0.6704534478137596 0.6645580224621758 0.7046660297605511 0.7087278272829232 0.758748836288499 0.7496959920081799 0.7322971033976597
