Raster_benchmarking/DGGS/continuous/raster-499.asc
NCOLS 100
NROWS 100
XLLCORNER 1743159.7838678705
YLLCORNER 5469284.515772057
CELLSIZE 10
NODATA_VALUE -9999
[rows 38 to 56 of 100, columns 43 to 85 of 100]
0.7194352679523516 0.7798287534113068 0.804316592833425 0.8469032222757747 0.8419980832459897 0.7584140724621192 0.7373272226394473 0.7373485816932497 0.7222265689743952 0.730152599283569 0.7252565060879064 0.7569528085290027 0.7198146915724415 0.6587598067227763 0.6440261792039759 0.6668488154148808 0.6340918914840132 0.6531917988543713 0.6727688601369838 0.6490907708696643 0.6494318493720935 0.6907670821964752 0.6969036620643253 0.6890153487594693 0.6259834043042912 0.6416025063470085 0.586409072302807 0.5922001427011517 0.5513698073205309 0.5808595545783547 0.5819668940605898 0.6058322108082019 0.5867894878347375 0.5704553117288494 0.5812626974876168 0.6095540423730981 0.6076656310356391 0.5918567386676372 0.5398139302443402 0.5367709161922236 0.5573724386144637 0.5114612227268175 0.5149603809840534
0.7717082014101803 0.8187517390011825 0.8596662512266523 0.8894637156716537 0.8608445718619425 0.7655934435649782 0.711856974351377 0.6824479625678433 0.6994588807528401 0.6776192359647382 0.6717923081683337 0.7156252975125855 0.7035064453603732 0.6373150163743648 0.6420853794927375 0.6578755104270445 0.6426862027329538 0.6003787051990116 0.6316818828120633 0.6419514650288609 0.653183353230985 0.5973363376607915 0.6011808866210447 0.6359288778705453 0.5890624775865227 0.5584129014805211 0.5269431197072382 0.5171764046282478 0.5145110481028624 0.5375973517055577 0.5733546918476446 0.5591215335204063 0.5713321386975933 0.6074562541275135 0.5666173573583234 0.5712828698759504 0.6155413932579429 0.5983391436612958 0.5682064745798386 0.5374318175255945 0.5721680393064186 0.5509347485918936 0.5420269665845886
0.7620736909447188 0.8016301317186647 0.8603648361612606 0.8713116364667144 0.8329820656919587 0.7651570155797388 0.7168546575407034 0.6964513985481305 0.6874024465742352 0.6365386493297047 0.6613465768046138 0.6340447185763273 0.6421432388085165 0.6252306165910098 0.6081609378065204 0.6493626493127379 0.6525156331075924 0.6077925842437167 0.6515492669284263 0.6578288904137699 0.6127283350794996 0.5548534583839518 0.5684597255084483 0.5831713816951736 0.5575671230598023 0.5646137775673506 0.5505162301302877 0.5268054709889067 0.5271900200058619 0.5237062653912302 0.552510775010969 0.5499935118746011 0.5560892598042844 0.5675106549790797 0.5862276198681092 0.6207305578233554 0.6226839212407418 0.5847524098878989 0.6117033657261546 0.6026530105727176 0.5746938271211438 0.5398078502317609 0.5359623264197773
0.7737214931326125 0.8452263248270462 0.8984595152541361 0.9412909446435952 0.8584173064291859 0.7583563763017946 0.7643748596572928 0.7211517426342993 0.6825680061407231 0.6291988223660638 0.6255663601301957 0.5982421989854316 0.6276975693063699 0.6409004246363028 0.6211337716995833 0.6151709654250475 0.6463811832943972 0.6380864450923777 0.60367757335381 0.6054458324211887 0.5672894734160862 0.5367795676187055 0.5378986211811472 0.4933266544738299 0.5242530037854334 0.5367399379458054 0.5030795342877833 0.4787885170852747 0.5353885720584419 0.5370032139582067 0.531523104156286 0.48553173188184273 0.5229627792692255 0.5684483929731953 0.5769036579113538 0.6316774914323905 0.6066403564657298 0.6187209850135597 0.6323579861546025 0.628595737880256 0.629101584999977 0.588058464963804 0.552866833616958
0.8250888243635031 0.8301466713796067 0.8687724037956115 0.8755673819509856 0.8296857257931367 0.7901541639066059 0.746923969158039 0.7377893432268002 0.7146923059094759 0.6713745455136307 0.6771835490501109 0.6799604645208932 0.6353216675194387 0.6198126535579692 0.6064992468988152 0.6046653983569525 0.6264610292554483 0.6100571182103365 0.6084879275499078 0.6181211915224372 0.5627292647646229 0.5271386206558215 0.5384418746588958 0.4967445392922962 0.4912888751549896 0.5452496146406941 0.5360670787860875 0.5159064161661292 0.5435578869796305 0.5280196413806518 0.501938452344568 0.480588278861505 0.5317499898357937 0.5787843271340435 0.5539156727383282 0.602742702501408 0.6040222517409424 0.6096605075998522 0.6142678926330527 0.6441025695652383 0.6300693972229817 0.5847492426881311 0.5916135380897469
0.800448930001295 0.8100965091814498 0.817449770129756 0.8463822454604473 0.7974289035338702 0.8072556953571803 0.7658720032962593 0.7549150241212182 0.7365809508438614 0.6964007896447636 0.7090457167942741 0.6976213471270415 0.6453382276088663 0.6759959734679056 0.6045884482496823 0.6138287564293836 0.6210055185567264 0.6552870806499499 0.6342430337268831 0.5937425108072575 0.5441734418843168 0.5154957922835752 0.5334084455484585 0.5226030955094498 0.48950702074562497 0.4967890034253563 0.540926056721037 0.5432414356242737 0.5520803759316092 0.5039677291617863 0.48795792959555917 0.5104081914469867 0.558350063110251 0.5527264016937855 0.585927061199938 0.5808891112121037 0.602781326123609 0.6601871851771225 0.6056715233400862 0.6364356851964499 0.6085827705666139 0.5680856172226186 0.5866785789087786
0.8068465681421826 0.793846435784214 0.8461303007949976 0.8179906815199838 0.789814393544472 0.8136038350148285 0.7811217398176572 0.7547577869265608 0.7447254211494021 0.7263685280245358 0.6872457040166295 0.6861300289150996 0.659157871514993 0.6393632401559826 0.6280372034257519 0.6524735952763445 0.6590306409607289 0.6813111670559275 0.6417074160970302 0.609746145174422 0.6043552244557676 0.5889655898639231 0.5232938267618105 0.4981749701410782 0.493800745870446 0.5013878105528479 0.5329878465501293 0.5321899751077513 0.5641322146616154 0.5397214773178983 0.5149912287062056 0.5456545115486973 0.5400489651478516 0.5535006896991079 0.584139798180662 0.5642698130717282 0.6175019227868239 0.5969527313685348 0.6162957126868506 0.6170029697324775 0.6129451231351531 0.5896716727064532 0.5938699593176827
0.7773677584437462 0.811552942637045 0.8150250447618113 0.858664830252482 0.8205101509388621 0.7672901663402579 0.7778943589828697 0.7206638810251113 0.7372116687914139 0.727415305840999 0.70331593057445 0.691829493567888 0.6803909948133559 0.6751660355155915 0.658844337034642 0.5937304813267901 0.6617735103048085 0.6846262291420034 0.631539067729401 0.6688958253075923 0.6150673111440863 0.6148365792317225 0.5709742726134726 0.5005076487097526 0.5329731639489173 0.519464278066196 0.5112466921275957 0.5751807664206161 0.5772283823104516 0.5951067539712661 0.5683886102382883 0.5493770659024927 0.5653871948904581 0.6044489181299608 0.5805467138988112 0.5537894976567992 0.6066848155778706 0.5834082699966268 0.6045979358493594 0.6335453508440629 0.6301790774334268 0.6565141025042304 0.6291096260768251
0.7621428198360047 0.76562789322192 0.7617694126575754 0.7999304215041385 0.798356535643636 0.7513167019699184 0.7327986058622805 0.6921138466713135 0.7071660462168633 0.690648095076917 0.7039157447164299 0.6540483749664038 0.6691944930976378 0.6888204869921429 0.6661585220514202 0.656808337636699 0.666703994655198 0.658764819593145 0.6370199496432948 0.6465787619203581 0.6023457351616689 0.5721880393609434 0.5420632979615878 0.5030782487329202 0.5236601649221365 0.5291214426287415 0.5396868208959215 0.5688170737397499 0.5980913587552883 0.5710132502362832 0.5473866686812782 0.5208303109558077 0.551593436864821 0.5939499278221302 0.5937127053199283 0.5609071466079607 0.5539711661758308 0.5525010137698246 0.5859899975595669 0.6013082016826368 0.6598952863345956 0.7071467731401267 0.7036089423719861
0.7036381395584151 0.6971467149340931 0.6992215104974921 0.7553073184396796 0.7502255224843584 0.7610506452487655 0.7412303750811972 0.7099817045595218 0.6834286824009991 0.6449269837160613 0.6642117943238867 0.6562040513543942 0.6465034404095042 0.6892414603864961 0.6781218794141665 0.6537391791094244 0.6737976546855604 0.6589846327807483 0.6861982610748775 0.6537230422967111 0.6251294174985693 0.5797597428090445 0.5461918425230633 0.5630429554648679 0.5741263562607991 0.5664053835518621 0.5350201291301564 0.5903144912241979 0.5940425733854839 0.5618617304480058 0.5290453632358119 0.5499005425238466 0.551232075014115 0.5873533318741083 0.5662756706614134 0.5969160741819276 0.5569049740089225 0.599418774957426 0.5895530844539335 0.6172593919185838 0.6618973958612672 0.703881042504469 0.6939947688627338
0.6509037777069571 0.6635154002813123 0.6758361485264561 0.7225628872845324 0.7571836736023381 0.7603386042073046 0.724616289973886 0.6844435425103643 0.6365123084854317 0.6274046231270871 0.6105346106984706 0.6281768986582851 0.649550088012482 0.6325877777800486 0.67777242118199 0.6601103853001786 0.6987138795685395 0.6507247609011634 0.6798763352856438 0.672685095964084 0.622142395675936 0.6072006100127287 0.5536479480616994 0.5352876217500444 0.5791208580889446 0.6015229194665341 0.5506490086436587 0.5136855883436937 0.5242692344520163 0.564622999388329 0.5777473941931769 0.5828347689740563 0.5764971945721086 0.579029331301235 0.5571191102871089 0.5531071703739948 0.5772536770142754 0.578217960513212 0.5645066489583503 0.6124595191146054 0.6407852985230612 0.7059008731318812 0.6909566301836447
0.651804515967066 0.6366290844283053 0.6745908525807173 0.6970759707007137 0.7398228589355079 0.7311115741144543 0.6665280464323313 0.6247325341037089 0.6127984715046999 0.6456605526140886 0.6173138327466807 0.6032757887531792 0.6066699785200028 0.6209087890869878 0.6614700871898836 0.7011369260486049 0.6954105115767093 0.665533823118677 0.7044196447213715 0.7209697672923634 0.6263533179588012 0.5842135312293081 0.5527763563474162 0.5566130224396624 0.5550077762734706 0.5871537549886375 0.5305450564936002 0.5041684768186397 0.5301965831689207 0.5216330182698664 0.5315964269032976 0.5695983096399738 0.5315462484313385 0.5420215421045047 0.5158276354084371 0.5323752189052521 0.5236722345951665 0.5421287517429859 0.6086471525765433 0.6211197202653472 0.6367398161528744 0.7054513234594307 0.7157265408498023
0.6449520891916614 0.6614081269261554 0.6798565091294128 0.6632806640454388 0.7064104874458133 0.6567932187765705 0.6100921429062889 0.6269830517550499 0.6272753237452061 0.614329917167991 0.6231225603646469 0.6359521224580991 0.6217011181635343 0.594961278979819 0.620245085549464 0.6821619723813848 0.6849054618998427 0.7040262995921805 0.7044383861110874 0.6807908515739614 0.6729753630544416 0.615070630322131 0.594727428127588 0.5920162237392681 0.5704288623838571 0.5688156609651365 0.5152733576829092 0.5044816604367728 0.5162305196899829 0.5308882077838973 0.5189551518556087 0.5521270692707828 0.5355567551490689 0.5260104893669375 0.5245182166513036 0.5321830557673096 0.560414020839362 0.5892472397676586 0.6010157246648351 0.6208087291877314 0.6324090018471353 0.6875000718074741 0.6639241818186837
0.5684504542870612 0.6445863754595131 0.6656965695440427 0.6684127664815681 0.6802354921754482 0.6353422219631488 0.5670581593774452 0.5653978740222179 0.5958443949455728 0.639582455760131 0.6055989477244723 0.6531118572750547 0.6484979822919482 0.6084313914347927 0.6714963356051351 0.6649586818523133 0.6851204357765692 0.6705224408249248 0.7108111683767493 0.6809453943571226 0.6722418194271491 0.6713064560605044 0.6450927410685386 0.6324954691735376 0.5919922154516523 0.5432688765681689 0.48466034434231053 0.4765417735454797 0.5064147079711575 0.5026622864263878 0.47514068913739066 0.4963120767416218 0.5350181605153997 0.572300773919356 0.5228835119291064 0.5231644693646909 0.5425704759860764 0.5887869693403268 0.5639264561362054 0.5673524114111496 0.6095421929985091 0.6475927769415831 0.6633606312243484
0.5332454077475491 0.5614089757067066 0.63125270066804 0.600775140953814 0.6449924496066716 0.5888509434391894 0.5772114696698196 0.58145590361785 0.586438903344283 0.6020959105713583 0.6268068794542234 0.6536178225081073 0.6355846711135016 0.6687235195311269 0.6945535613008932 0.6706720011381305 0.699422207409125 0.6876133517747625 0.7099117482985838 0.6972246497396047 0.6717405019800441 0.6932656864026652 0.6650221211638014 0.6581295399222106 0.6029046554507541 0.5480587309316188 0.5152121228232374 0.5260258914635456 0.5243487295975914 0.5420306080169708 0.49371493833349445 0.5248150381427223 0.5200666596447407 0.5757849421854504 0.5351097996545517 0.5327401107295487 0.5489903693118097 0.5842381254215591 0.5601043743355064 0.5180518366948013 0.5637203156051036 0.5641104693094607 0.6311685925103809
0.5112876442949997 0.5344121703354252 0.5879173341960577 0.5735897076963656 0.593972367925255 0.619905641042527 0.6025773791735853 0.5509077008483739 0.5690726419152645 0.5991905439194023 0.5876983045525004 0.60277473356504 0.6455276325508592 0.6668636424345462 0.6888086088887009 0.7224351354303322 0.7059124921192625 0.7040396511540375 0.665392558107542 0.6645588406471339 0.6789280287128706 0.7071874221948464 0.636037241762001 0.647306188234122 0.5698754057505907 0.5354249965251626 0.5210663743296489 0.5539991396811865 0.5489005291757888 0.5419072101236018 0.5373961067506203 0.5145508513690938 0.5582344161835596 0.5552381256921802 0.5551725231398511 0.5891484003556338 0.5509180802736171 0.5202835261662268 0.5172958659882899 0.4906920913569971 0.5369744810429489 0.5336211677205625 0.6055295388068027
0.5215752497643557 0.5101320147804361 0.5081793437279578 0.507114284658228 0.5548524202931244 0.599454754681839 0.583331215962091 0.5240490068411073 0.5254234208887978 0.5584962241766637 0.5748598931351673 0.5749918256391936 0.6257402861243365 0.6545260338540128 0.6486563779568157 0.6877911214322607 0.7160593861333934 0.7281207768048574 0.6886090826435232 0.7115845259154594 0.7035655398442431 0.6616228452894839 0.6436678030729859 0.6398192085925748 0.5796921373298046 0.5492751810522205 0.5546310872150609 0.576112906996792 0.5493844703008999 0.5211339079980648 0.5089832005311004 0.5191467398873821 0.532321908509535 0.5490622113601895 0.5441197476193784 0.557575195820232 0.5486075554534681 0.5571736516242691 0.4942833105393367 0.5064712046675948 0.4841903386278611 0.5453600426435982 0.5692769550823278
0.49818174812489024 0.5026208663710992 0.519312688890473 0.5106247235466823 0.5593898220785104 0.5229950589970056 0.5410527815517123 0.5498187300606586 0.5046052411807461 0.49593104185581544 0.5165667720518851 0.5556600366555089 0.6020374891065595 0.5909314016709117 0.6490763406487082 0.6704629957568845 0.692375717218669 0.7345547754799123 0.6918682003192965 0.6872146355831136 0.7268245847490475 0.7018815292130557 0.6712012433129141 0.6193760630016082 0.6216255593059937 0.5950153313614382 0.5456042719994384 0.5522954072496283 0.5623946104952825 0.48961013336905046 0.4904746052184106 0.493507507474069 0.5463523963083392 0.5699293458858873 0.5504899420731051 0.5204605099611934 0.5309019776109182 0.5593113215961053 0.48039680915834354 0.49748246853470174 0.5120412432907246 0.5289472319963543 0.5435720895909084
0.49259304286115385 0.5116306599688064 0.49190212360345675 0.4880978182056268 0.5454969605847155 0.5387007723826173 0.5319319092264152 0.5209206244075494 0.5045661950268328 0.48883520079618237 0.5102049442042981 0.5363920127385653 0.5378300029663802 0.5784279261867371 0.6081694598530036 0.6829005258622566 0.7027494648754439 0.6969133365450735 0.7415649864471919 0.7390952940416892 0.7067381709136815 0.7007022053092264 0.7057364335972454 0.6649597728515915 0.6008463943601227 0.583692442412488 0.5930965287918818 0.5737990718168365 0.5489557443573398 0.48974357460635504 0.5185294590867363 0.5088198343489995 0.5687848719152603 0.5851682895790525 0.5528093663866702 0.5234217771116142 0.5310795251631094 0.5225175012592838 0.4876036413348323 0.464966927755255 0.471971201316418 0.503964449452278 0.47942437590983616
