Raster_benchmarking/DGGS/continuous/raster-412.asc
NCOLS 100
NROWS 100
XLLCORNER 1743166.1382722033
YLLCORNER 5469291.306336978
CELLSIZE 10
NODATA_VALUE -9999
[rows 76 to 94 of 100, columns 43 to 85 of 100]
0.44241955263111027 0.422090003075791 0.4305901161464573 0.3900205375547162 0.37184397488470905 0.4047963801702016 0.409737684998595 0.42032814855151707 0.41743874826941896 0.4332746055643229 0.41558958563858983 0.43943822680501415 0.424060648879595 0.3962659272234704 0.38741440149184997 0.4297953311246862 0.4559611305168726 0.4577310985523692 0.4480830025388608 0.4115838016349675 0.43515552680527414 0.4217729871392539 0.3806694051028069 0.3659331506722477 0.39324950753997506 0.3639179720929438 0.3475491326077602 0.3324652883414245 0.31631609256186366 0.3266357347043177 0.3252272109381102 0.331035094753618 0.3241430980466687 0.28744959924033825 0.27573985134083273 0.22841235345577557 0.17716642790171433 0.19909283994926175 0.1723027758037682 0.1703443408535359 0.21100856871511212 0.1971430871427163 0.18001493790737286
0.44382993835756346 0.4500406866337581 0.40931253492761516 0.4048238959633087 0.38131936885323015 0.39214552305303096 0.36316867774705924 0.3733549767225916 0.3744190216960322 0.42152012593158694 0.42386327362381987 0.42484707289636237 0.40626057693257184 0.383294685275259 0.34900679960794206 0.3681124785986645 0.42240417661434065 0.41103392144247763 0.4393399925427519 0.42989935902476556 0.4208842666953672 0.4137649491838372 0.36833598066338885 0.36452181663500943 0.3758503957738475 0.34195938166711454 0.3640126243535644 0.35196173320205454 0.30667548749519946 0.31175361992470335 0.28547397672744074 0.29970895675140713 0.2994666645595183 0.25280904579501196 0.20897448725877027 0.17184709057152506 0.1484806946481326 0.16353770716725813 0.1656150349611507 0.20625558971693345 0.21088385554425418 0.2118531535076388 0.2332846427242889
0.4265271302491527 0.4261414755011843 0.4360718505569268 0.4154408590110462 0.3820635790874647 0.36081932836626546 0.3428029932455078 0.35665252775614736 0.39411571220995806 0.4065431117881286 0.42951396630489125 0.40928399778283076 0.37208682047393926 0.37935544964236123 0.3582018605953245 0.3540951337051625 0.38642062136242766 0.3954831262477904 0.412343756322548 0.4206002592814548 0.38131911957065523 0.3770612582547709 0.3541050044628422 0.3742271364653599 0.373967579051418 0.3386605890483428 0.32113934057704124 0.3373509912653148 0.3297625285178788 0.33600422604480207 0.3222800292590674 0.3208719201926274 0.2998108066561123 0.2544637672710405 0.2244536331397122 0.19522033392334118 0.16793500405136796 0.1440622002216952 0.15446535739057413 0.19167367804346275 0.16468673990961655 0.1985154889788033 0.18795198624607334
0.48437728947296743 0.4316315087963397 0.46273422213063303 0.4364645428188681 0.39322251910056977 0.36893904111381864 0.3788599227167997 0.3895726358358886 0.36978033389532877 0.3823958654593612 0.3778867602189985 0.3566213415665727 0.3664299131796582 0.35612166476529433 0.3520890152580812 0.3812217596553067 0.36510139356675947 0.38637201142923244 0.4031640668674789 0.39313996829769454 0.3720661954346089 0.3804598655967785 0.36782909078149406 0.3427096298334532 0.31125336319561453 0.29659597591300396 0.3003397054867004 0.32743839029621097 0.36025561593539096 0.3349347238375533 0.3361898657741962 0.3057020371743549 0.2773545525547012 0.255261189620555 0.24185937670150426 0.21128288380382498 0.13601456524698732 0.13750687655378965 0.1755494153696333 0.17981893807659732 0.16169952560901305 0.18944836077201302 0.17944877375090018
0.4443128437138185 0.4424862611583807 0.41709392145872226 0.4168365272720747 0.4238083332064751 0.3918687452924901 0.354616045072669 0.3592326219120729 0.39179329515317807 0.38286532579133364 0.36381695986917106 0.35821044786213535 0.3563375909604084 0.37503962399504975 0.41871313715918995 0.3886660322742003 0.379019386807395 0.41295787668419637 0.4349560273945699 0.3877168962962933 0.3968696927378502 0.3613139510559044 0.3594757306511351 0.3614077302114764 0.3139842733469038 0.3378927144033836 0.3007029332749445 0.33333705632065375 0.36416231222614126 0.36009150606925583 0.3209868231094648 0.3228919244251199 0.261168306689036 0.26321203768464296 0.2562214551370128 0.2200313937393213 0.15852197702117207 0.15529512927135306 0.14381264925679085 0.17850593019217986 0.17197022024108607 0.20006319698666986 0.2162011057748809
0.4197361139372645 0.4304307604928837 0.41082592896024106 0.407235682319044 0.4190278877646385 0.40526323479826265 0.39249656002210975 0.38719758749760075 0.3684702585171579 0.3898082755823569 0.36614837948705825 0.39186645385784324 0.38438550904268454 0.4243811870388982 0.45399292994964907 0.44030020508596157 0.3959121754742725 0.42515480507965736 0.44033389077796037 0.39481869867269387 0.3919716566652889 0.3772467804219441 0.40003959000493955 0.37888191550421324 0.34541253707109165 0.360794472868652 0.323291055358631 0.35490826819883764 0.36326882102212554 0.3403115830889339 0.3179886251927656 0.3255884502130939 0.2827888330942093 0.2669103991272502 0.23343937724568423 0.22040609708076736 0.2053750748311578 0.19010800495888217 0.14878261637989457 0.17133093176187883 0.19831240262559718 0.19736555137606582 0.23415138436765834
0.43026530263636964 0.43706944117376545 0.3966896598010324 0.3913274557838075 0.4180731594532315 0.40194885417409343 0.3859237692935419 0.41429560471103494 0.39483227070051313 0.3972626212622991 0.39121786919251295 0.4258385339630513 0.4552457604847912 0.474852743094457 0.4962255767956121 0.4545999477228717 0.4284227186355893 0.4331940573858969 0.42911439153675307 0.438228912749795 0.41346291351943043 0.41880038814289694 0.4168977830549199 0.38083071482642117 0.3727419911375964 0.348044387563725 0.3481385268302727 0.32972339654149485 0.31480647189925776 0.3082170040582659 0.33309418633156845 0.3083351613507736 0.2822991912972996 0.2997064904626306 0.2315005305021759 0.20731115652529106 0.21380306759866974 0.20712944128693928 0.2024900440938713 0.22344030219373226 0.24601462300607105 0.23453680550245282 0.2253805980119394
0.43748149315634716 0.419911874039763 0.3990301913341615 0.39328486222188175 0.4356941600352879 0.4049288544468478 0.41727528742376097 0.3870686620603379 0.4024587422018892 0.4102115615185267 0.4073754675578477 0.45245280363016566 0.4774699590626586 0.47517187181767967 0.5075734496440422 0.4793355785540144 0.47107269890021447 0.4853335593355622 0.48942865494039606 0.45313864437938084 0.4744348734409133 0.4333772513154053 0.4255869081140254 0.43861591349258383 0.40613678111087353 0.4136804635853093 0.3902510779788523 0.34990961527668624 0.32504192168637436 0.34374213065691817 0.326866181352154 0.30162870084624777 0.32829641129670173 0.29914469212166656 0.27623204622383035 0.21767114473384017 0.2090130133218427 0.2466219088532504 0.2512850395687191 0.24690954047014563 0.2391165025965313 0.24350173202815045 0.1983677927404516
0.46114406537210806 0.43012974617486505 0.3943712595953256 0.4189818077208659 0.4262987743213652 0.43575145460307024 0.44389184580389146 0.4193754378608041 0.41759425206935885 0.4032373307583386 0.3898976987510916 0.4184883871625698 0.4763616638492678 0.46014906928913396 0.49274630120100493 0.4912689564305212 0.4470172077373226 0.49141251981007966 0.4680047249802209 0.4701707361090451 0.4723921431302524 0.4563318014360783 0.4445395696978326 0.4366828676505683 0.45333104360816984 0.4244591177087506 0.38551895853287566 0.377503397309477 0.3610500875335771 0.3252017091556578 0.3309650155479481 0.3361777911009601 0.31961770316072013 0.30354430314927744 0.28412105700833995 0.26657767153404777 0.2391963098311694 0.253546528607406 0.26268749570270317 0.23175040686962628 0.20546585044513727 0.20972985556608056 0.22723778506575332
0.47986429679404985 0.42545164709096944 0.39445433226088794 0.3989962242349654 0.44631214738347186 0.40912045393561897 0.4159381793684968 0.38191332163845854 0.37376570033677214 0.37163767052812907 0.41547129998694615 0.41363713309724504 0.4670464845134685 0.44985338658691526 0.45099057003510556 0.46890317779911433 0.4353304470571027 0.49411856041906893 0.4794863512065279 0.4562100023310657 0.4659955400392079 0.47790138057953463 0.4543373682487054 0.4260339131797528 0.454013462415958 0.4245534912298127 0.3959000821955727 0.36778821791008204 0.3129927365442997 0.3289547132517116 0.2944831631661371 0.3378288284591583 0.318002912660398 0.2711090871617237 0.26069944083348306 0.2501774904860181 0.21527638308717367 0.22041664069996109 0.23404374493793587 0.2576088106143971 0.2185652032448408 0.21564700747329635 0.25614103830580814
0.454473278461451 0.44216373791317154 0.4433558072554195 0.43694710265162595 0.4137844267046592 0.41738103588829806 0.40756014979167027 0.3621396705510279 0.3584065566087676 0.3981363719364376 0.3982035845320935 0.4238590670480699 0.4090198890945875 0.4384442998237495 0.43995631667058765 0.4493754543382931 0.46794810298480605 0.46828773076993707 0.4553316530645026 0.46404741728918336 0.4746515053741925 0.4564248371009098 0.4839788172831472 0.4617719091122257 0.411842806292448 0.4094257408292887 0.40248004786595043 0.3712492709691243 0.34671201453567474 0.32415842625905494 0.2973074578291228 0.3370832803036563 0.3418714189569182 0.2996696886956112 0.28246242509350067 0.23151825228473566 0.2097182939331093 0.2305623625542944 0.22381765167183704 0.2503611547351341 0.23660280051676322 0.2295117419409851 0.2595117692991197
0.47644365028752106 0.46092077386498953 0.4532704914478854 0.39997002820088257 0.3669110521509606 0.40242800407479024 0.37619223669711094 0.3530430405128917 0.3702391288536853 0.3663006843098702 0.36699127420120203 0.3770400627750305 0.4075170333666647 0.44365933384141554 0.43472976590819845 0.48372533749493385 0.49816449793128686 0.5028318719368513 0.4866657484451733 0.48171131382278026 0.4572597394181806 0.4811785192280752 0.47361363060233264 0.4537796540397353 0.4234842658909068 0.4292214572462045 0.4033636128511409 0.36357632191098915 0.30728101957770637 0.3084786050341828 0.3206433386426388 0.3602006280095756 0.37188646554444416 0.32106579741165486 0.3281006822056221 0.26840670969198177 0.21171964656966447 0.22882943470410883 0.21107922162254542 0.2246127721470222 0.245001813744236 0.25173636827727824 0.2733461262140686
0.4899865439453739 0.46888582681048124 0.4554694916221584 0.4238998237821579 0.4141880472504479 0.40502657376187695 0.3799695104128048 0.37001874862462136 0.36434266215854655 0.3918130479446531 0.3995918784128688 0.39665013646339287 0.4117048677032443 0.44195824327768823 0.4716213432010682 0.4666009262868453 0.5132024107919385 0.5156337070178626 0.5010634366646299 0.4840233576503443 0.4654808113272575 0.4540451431848368 0.4531587869253179 0.427062581492953 0.4327390483221285 0.41818994533170284 0.4264140811169541 0.35944404999113017 0.3526144131273616 0.31519372878928725 0.3525698308952374 0.3363578709220175 0.36653104251714874 0.3806093593312506 0.3488227827168877 0.3308489381020838 0.2931888976336379 0.2384337884597386 0.26500513434502226 0.2708314452644573 0.29008795337832344 0.25652571201779767 0.28422088450083544
0.5006134099846401 0.47581426032112384 0.4773059012398642 0.44717745056529556 0.48301364990036205 0.4526432902040418 0.4376940082903941 0.4170064490261748 0.3604787279727355 0.38924696394636304 0.37836849746055906 0.39557454401336845 0.42608079878049765 0.42346350328428056 0.45710988457494495 0.46873420332099175 0.5183503746197105 0.5262210885991228 0.5070104667494167 0.509842983719534 0.5041658620594932 0.45314376649995713 0.4531368589711669 0.4245105047186512 0.4412982813064589 0.44288695619169194 0.46250049560146006 0.3984748423668437 0.36493697930113933 0.3599598127034268 0.3556794220755366 0.3689904305607755 0.3906421046882584 0.400221625930526 0.36300575458636714 0.31781745707206327 0.32013826706802767 0.31260431962026974 0.2912753766568469 0.3122020913911188 0.2863497863239399 0.32274154932529747 0.3104447190640151
0.5019611138353024 0.5042183609587477 0.5082301204717293 0.4726782544365255 0.4750586365774124 0.46017616468252615 0.4707128184375831 0.45169014025720994 0.43229374529871056 0.39609192553770245 0.3959754109930163 0.39284950671713836 0.39133646370843894 0.40145440639020374 0.4294879140426624 0.4653821369903018 0.45368853571908513 0.48190571607495997 0.467745554531009 0.5004951709833169 0.5340966263811588 0.5030542540739171 0.46358987491219505 0.4732971518910341 0.4468343526769263 0.47100726312260977 0.49067018444023613 0.45323824614492647 0.42530384027467544 0.4227525306565569 0.4181434908928995 0.4209582713530203 0.39023907394560414 0.3630568336901276 0.3782912895682198 0.3435161366646321 0.3374464541893938 0.3157573591672933 0.29646581492579716 0.3089745796540762 0.3087433153111616 0.3378482850192595 0.33495279847788195
0.5259094141397812 0.4916254300546941 0.49232022881487597 0.5198984371835293 0.4921526675897961 0.49772360139350036 0.5201842649541066 0.47642793282588575 0.4278721162363665 0.4257689028645468 0.38875070531126643 0.4233045449569388 0.39573531772489756 0.43341203167696557 0.42576355413985884 0.43161683528146855 0.43624427109209574 0.4802659673475397 0.44986761661961405 0.47908903758586885 0.5319183684391514 0.5080683510148842 0.48090860244058836 0.48724947198519414 0.5006533583585655 0.49121697515226476 0.5091568798172179 0.49825385356614166 0.5015228742161886 0.44881176169439285 0.45443072493157943 0.4341369755761647 0.40888091506997387 0.3786987945382778 0.3517204924244564 0.3186427591835629 0.3283660026165707 0.2907213253998485 0.2811367633486421 0.33089791902387977 0.3519470237958671 0.3848048485025485 0.39131192751856075
0.5485682635327617 0.5450172400503552 0.5411155474137613 0.5274008405420864 0.5171571710270969 0.5222187035161389 0.5399547120732253 0.5048817034621327 0.4886352755806995 0.43631379814410204 0.4187351437542884 0.4267080913845005 0.41097982959523915 0.4575197877004246 0.45225651995595445 0.45411468063906896 0.42974880744505073 0.4507191572918198 0.4470647106523937 0.4732333770815703 0.5196438934850776 0.5140698325581944 0.47013040867260497 0.5045706823030633 0.5459172373933331 0.5401166353986282 0.5009381127079957 0.5067799468767702 0.4644695812161951 0.4570403432097741 0.44185771304013616 0.4041001033725022 0.39505696728646766 0.3550299211158299 0.3564245723943278 0.34566352167200126 0.323429319893417 0.3378163218981557 0.29369912628131456 0.33771418974100675 0.3895236703380761 0.37915702621751474 0.4021506647410094
0.5616631378489451 0.5525385216141956 0.563993509539433 0.5778633723861472 0.5225418307812744 0.539755169782809 0.5779752912809876 0.5326693655433025 0.5240695138059431 0.5012647441249014 0.48766155593672483 0.4701325613997373 0.4602934770823473 0.49096059305674883 0.45769182417318716 0.4806073816380707 0.4683383107174871 0.47952763141960175 0.48860099885374325 0.5030589352996439 0.4891426600271127 0.46869355662475465 0.48224913094527344 0.4909083363100478 0.5350023728587145 0.5310206834379395 0.5300307806931002 0.5112000063411973 0.47772286998073427 0.4887891862905866 0.4490352946267059 0.3969498258290007 0.3656662025265086 0.3453666772127243 0.3687425076784143 0.34541297258539416 0.3807040501259466 0.33071742224921086 0.3223922119554216 0.3593004536256926 0.3929098514721318 0.3889832820939448 0.3844630621487419
0.5938498231032534 0.61962191337898 0.5964421990434483 0.6115643625172061 0.5828545896398718 0.6072597840652926 0.6002345766713388 0.6104376681155166 0.5491735068385568 0.538749114832865 0.5394427130506257 0.5014531736768131 0.49650265537759997 0.484612995163879 0.4957569515645779 0.4725052739912747 0.47262259635497716 0.4629396495368435 0.4969082438519051 0.4942915015084865 0.5106713307064987 0.4647038216333776 0.47626870009264755 0.5072913296977701 0.5070660440195947 0.5200330665422742 0.5328799737528461 0.5046723367479193 0.4814915601057205 0.4881619515794152 0.4486593136585924 0.4276606655187346 0.4106694563618021 0.38814992621471617 0.39590224564741283 0.3566899551168285 0.37384615781380404 0.326681476859531 0.3107750708574163 0.36916398514664184 0.3781691421999334 0.38686286514889273 0.3479027949289299
