Raster_benchmarking/DGGS/continuous/raster-16.asc
NCOLS 100
NROWS 100
XLLCORNER 1743162.3725526424
YLLCORNER 5469295.934063692
CELLSIZE 10
NODATA_VALUE -9999
[rows 57 to 75 of 100, columns 0 to 42 of 100]
0.6457600918349682 0.6627273695582504 0.6952550512875659 0.6977095524994908 0.688521374464884 0.7127092771334295 0.7161037851962633 0.7240167063112113 0.7237457634770051 0.7425006692557882 0.8114841416277992 0.8381834692958829 0.8406830574631347 0.8850786783332149 0.9032357452667158 0.915442838753287 0.8973114368945786 0.9018112396398693 0.8418908411125344 0.8724002299523089 0.8695474556086046 0.900191709249084 0.9470335755908422 0.9478304086232853 0.9871847384920331 0.8926127439350184 0.852481745012057 0.8518005821913297 0.8364378142289887 0.8624625527991819 0.8751158162533799 0.8418523652535774 0.8318770624270622 0.8154474917823764 0.7660651818587978 0.7493306815838537 0.7094796077198673 0.7271245207635983 0.7328954200985814 0.7239589692174405 0.6800977351930155 0.6713674469977284 0.6810865252312519
0.6739180921290959 0.6928451563667368 0.7201345948676194 0.6771194526387385 0.6666991197314354 0.7116237372017736 0.7213521595418866 0.7078649984423744 0.7006819788667701 0.7451268985783381 0.8223383524226237 0.8319605216999221 0.8476066740818282 0.8625958809398746 0.859780747780646 0.8858362830090852 0.8373210169841128 0.8515720264163386 0.8410726078594359 0.8302653814492583 0.854783077637637 0.8997877953693484 0.9402596046994345 0.9611330157928932 0.9536177343520229 0.8872050099626428 0.8830269482268585 0.8794270600904887 0.8814046584853762 0.8496738727535429 0.8510968844429609 0.8367005091593718 0.8524348227428227 0.808265670085992 0.779542820861883 0.7461552150382829 0.7189497884548549 0.7416488647694739 0.7212924164137611 0.7181199579528696 0.7372090507478616 0.72419038273677 0.7210532473983962
0.6866519652636162 0.7024361546348121 0.7074368924161732 0.7046819577291104 0.6645521503088814 0.6825530547386071 0.7157214126539813 0.7253751290851023 0.7211515381491556 0.7440322633223231 0.8070245864928306 0.8359068327129565 0.8319664872342929 0.8355363428460958 0.8643617569300063 0.8409053492464252 0.8162757921048008 0.8379591341893069 0.8230272191330994 0.8335413650797427 0.8448876906784226 0.904185148493349 0.9387331196756027 0.930604885767444 0.8880964602963834 0.8777458645767635 0.8813674636862978 0.9021223988049502 0.8816689008505368 0.8266702631428661 0.8292643404541907 0.8261550737193202 0.8417998567035817 0.8281219899177295 0.7870097890878174 0.7598194051633514 0.7879503822728923 0.7520218953942809 0.7299910274926134 0.7440302716942916 0.7183355222042844 0.7290667782177541 0.7179464531578434
0.657621605000208 0.6861071430517038 0.6782768625832776 0.6643232957149905 0.6567971743932394 0.7062985027802394 0.7057316729161844 0.7117918597371964 0.7523012994890029 0.7724067324677035 0.7965517336719028 0.7904773624736915 0.8097221132178668 0.8264709447412281 0.839235470822453 0.8422017511070182 0.7946512730501464 0.8260860553947924 0.8264533019864014 0.8537785703459391 0.86715354403627 0.8696421604068129 0.901319482749462 0.886735209153165 0.8673775949059493 0.8610651968599464 0.8823961214223535 0.87260355703364 0.8628099471505306 0.8484393340228317 0.8223967389869481 0.8079822761176647 0.8356153250274279 0.8336967409925863 0.7973716449843148 0.801406526565175 0.7894198684230431 0.77223592978935 0.7424389662598718 0.7535330569042868 0.7092567412816477 0.7079653728800376 0.7257398803636961
0.6263418914828067 0.6275474286535636 0.6358180671584938 0.682765783729475 0.6938967173990541 0.7145882636129328 0.6935098664981408 0.7080965309237123 0.7506977728816262 0.7584292630551838 0.8101749315792661 0.7878479656737107 0.8143170828600205 0.8126338178655429 0.8152235309025294 0.8227744156600607 0.7830720878961864 0.8210839305218868 0.8396598544240472 0.8106293161872441 0.8539741945602236 0.8487242184801917 0.9022971022878815 0.8900302104564014 0.8872647873506412 0.8897126759239848 0.8574707873081915 0.8689437925341343 0.9067870010197407 0.8329972253647273 0.8019891396818913 0.7744308480766212 0.798858228589 0.8066952476244025 0.81476864331362 0.8065622052888983 0.8097120141891061 0.7589418290236383 0.7392884984186906 0.7263849800246545 0.7368204450379313 0.7192449609168307 0.7668202714975201
0.6330580920345952 0.6656548301338464 0.6752870953610706 0.6927730407497501 0.7144958705164307 0.7430194227013629 0.7558620584464597 0.7457303401695792 0.7371243943311859 0.756918787581843 0.780989562112344 0.8082669484965117 0.7748343603443495 0.7913043664141906 0.7653332821880732 0.7584273965981488 0.7516011652850949 0.7950334417141148 0.7692177179288295 0.7835367409275971 0.813183434910806 0.8273096781686086 0.8640467039732178 0.8648703870125664 0.8535672032665798 0.8508703545093104 0.8405122827285296 0.8378260445699138 0.847400495469229 0.8183258194068341 0.8158844352424778 0.772514998875144 0.7788191736661078 0.7637104858616606 0.804519094672914 0.7865349444556059 0.7691700322698198 0.7917852567879481 0.7781226074026167 0.7239373417864221 0.7198506041320828 0.7501162346956336 0.8067176638209379
0.6785136380067723 0.6800055798016452 0.6966916225214781 0.6810009005278547 0.7280956443590398 0.754643367487982 0.7573022921314859 0.7474291901514307 0.7462142864948212 0.7661209948995195 0.7923434049612669 0.8244345226446851 0.7929754037697604 0.8056028042354321 0.7962476367882322 0.7918673319694867 0.7425409431055289 0.7590551030567007 0.7436472508940828 0.7745927319750083 0.7635863592547228 0.7750179324289699 0.8297633011984776 0.8091565622277753 0.8406579749933618 0.8221352185152485 0.8405063123294573 0.8077190966577591 0.8131552622663581 0.803948879353921 0.7849316812417743 0.7448210657159625 0.7466273263791033 0.7354159180770043 0.7661776745931673 0.7509609622521506 0.7471596498493137 0.7816672407875183 0.7876249985471314 0.7748914418419363 0.7359470750361315 0.7545598999821518 0.8069025640488086
0.6340323696035652 0.6617182773419332 0.6749012206049644 0.7073093374804299 0.7567065500874928 0.7693543582930884 0.7658641879434995 0.8115065631562965 0.8063397769167159 0.8216781052592194 0.8125684420699639 0.8074547030043542 0.842866970017933 0.8228449832876262 0.803411617697128 0.7633108040754554 0.7594367733643651 0.7528426403689438 0.7190320113047359 0.7360307008632584 0.743654184251017 0.7801122996074806 0.7953334689994791 0.8087673411995867 0.8240549424317133 0.8549714638615361 0.8407331501985331 0.7918697626607848 0.8189861341024298 0.8052394676239492 0.7792831931817736 0.7576412232622004 0.7630928933425478 0.7497715029655868 0.7527423695464062 0.7544487957636951 0.7890321147240498 0.7594037620117663 0.7814658444464452 0.7567376765368293 0.7358048330999559 0.7752593644504601 0.7671136937222497
0.6421153280776665 0.6597356962902982 0.6551627219522588 0.7201795017211879 0.7310507803310937 0.7842041877196341 0.8127651629778315 0.8050116015104003 0.8483421621725984 0.8544464747921151 0.8310886276448517 0.8529255632527241 0.8626950503511459 0.8449382788285545 0.8229919521677831 0.7688378219774585 0.7603425975949183 0.7379611963648168 0.7296479897086772 0.7158736497753072 0.7436499945622889 0.7428258904056626 0.7925186501046065 0.8273335861991687 0.8512769973032748 0.8323212731175895 0.8305113219039558 0.8188660909697645 0.7569487798421702 0.8224529597098524 0.806186589965997 0.788813389084064 0.752353528427718 0.7558762185382091 0.7663515245147259 0.8028819756426068 0.8102139750674241 0.7690364673387383 0.7684727001258626 0.7761074947321082 0.7841402740474083 0.7932726113919323 0.7823642656099895
0.6569568397983613 0.6809286929167503 0.665149584202094 0.7094208736278534 0.7189193033481153 0.749320154876321 0.8088496244076212 0.8043866264003869 0.7941900041632609 0.8169033218628036 0.861723197972357 0.8606868254424287 0.8267860969121054 0.7940006378534987 0.7902126374554928 0.7846529511325148 0.7864670739522759 0.7469862911943163 0.7644636386847188 0.752863467658026 0.763753253032861 0.7365313286066881 0.7481044718243753 0.7773264161116699 0.8260836139012491 0.8352622389358328 0.816995496381087 0.8186934332147286 0.8251348704171868 0.8124941763518327 0.7912234197979562 0.8134576084346744 0.8080333869850646 0.79912894720418 0.7785961490022962 0.7764539545011611 0.7870700947689884 0.7932868529900298 0.770179118221307 0.7514826429142334 0.7889893473604809 0.7881137457294959 0.8024191610675455
0.7013494846087924 0.6987316222525759 0.6666173774743793 0.6993878440369204 0.6914441503035339 0.7560536637461954 0.7646592570959581 0.7743058957747769 0.8048113026748908 0.8017732078387965 0.8503461611505679 0.8414260446258233 0.8133425469241857 0.819221953804963 0.7776200290955407 0.7848155673010266 0.7635796818066322 0.7813159524087693 0.7457094915581035 0.755235250626461 0.782371340338467 0.7482983251529385 0.7237737623734133 0.783302685724291 0.783846613634961 0.7911638939487066 0.7992440422916863 0.8117935500516417 0.8178271697324632 0.7975336166659164 0.7878786957938917 0.7817978364863601 0.8000499191340988 0.7622401546204421 0.7711879121467207 0.7631281998553948 0.7662490892695614 0.7453771459259181 0.7365115018422917 0.7548662442910216 0.72354802794044 0.748369141582436 0.7705855908123298
0.6554787853116845 0.673417017830474 0.6751881990719186 0.7311948512900138 0.7558130935845941 0.7373545671035601 0.7914470295686273 0.7885320841863093 0.8046098614838104 0.8194723177373634 0.8362869897102431 0.8306892547383311 0.8074870503700282 0.7940226529957357 0.7837925221640856 0.8071198329019943 0.7771906531487384 0.8086098896534432 0.7924274335812383 0.7576304437597986 0.7843196168320901 0.7433751210386459 0.7605911286020484 0.7442474526454034 0.7664222782935808 0.7361719966639759 0.7396686587402628 0.7898639710427924 0.8011069433942367 0.7921241271894183 0.7726388032682386 0.7861287178382484 0.7410182266610306 0.7447745726908772 0.759128941231221 0.7230084997320597 0.7406643228521038 0.7171526498384063 0.7551988753839276 0.7673520320270601 0.7274124786699095 0.7328246714705504 0.7515234496923661
0.6732728784123301 0.7156541859690978 0.7126138509878476 0.7735118911052494 0.7741447873463346 0.7850026799036602 0.8233746288096997 0.822710375122045 0.8317921647358497 0.7948057756283962 0.8150962672718028 0.8203806947567143 0.7971002941680183 0.7992428742278547 0.813471274242233 0.8288482659285746 0.8076199923916763 0.824892177774659 0.811858220668441 0.778106529052035 0.7469630641164654 0.7491556570584047 0.7420390707741906 0.7365758692451045 0.7317107246629602 0.7085520620994588 0.7202142843410656 0.7443807433307973 0.7754763010027493 0.7793567603723927 0.7602959049970643 0.7652522280732389 0.7278652606512666 0.7320713559031887 0.7438327177359595 0.7343496947770929 0.6784542482378584 0.6992508652413839 0.7568590671109678 0.7915186572568451 0.7871144016396001 0.7606180546472664 0.7274870349764783
0.7116678042138037 0.7133631779199056 0.7632770905920495 0.7848913214841452 0.8015877468711744 0.7686483941551777 0.7794305827125733 0.8204928242647966 0.8276037132730015 0.8087031698562028 0.8128081863466786 0.8278523771745454 0.8131812274144706 0.8045955683327811 0.8161586869869372 0.831821256555084 0.8042598324069655 0.815101943170859 0.795351586617967 0.8017807526723364 0.7591012389042676 0.7555150303292496 0.7433189904434343 0.7174735161794081 0.7380352576037086 0.7105402865504064 0.7217250975865022 0.7067325863820927 0.7399369712014938 0.7125904518272179 0.7419738748568158 0.7352427858665415 0.7384366277721165 0.6989396667075309 0.7073585832547171 0.699771636344645 0.7100210418835313 0.7039620420530407 0.7378296674135346 0.7518663638166986 0.7726113683211014 0.7346646062724265 0.7619242737078488
0.6896191326314737 0.7307613655173606 0.7620803212814413 0.7663125282792724 0.7932392309016605 0.7838755925276828 0.7509076507936764 0.7659520067835908 0.7869134005328531 0.7785359572713167 0.7776344163877685 0.7910728284299919 0.8297302251757395 0.8074341469970046 0.8232387606259908 0.8232748033717351 0.8410210594375773 0.8012280880434715 0.7976827868317006 0.7981881777764794 0.7788179718916051 0.7544871693026172 0.7333051770195788 0.7234103948911701 0.7038817661154629 0.6702106345331157 0.6884403713122246 0.667018896155988 0.6889730077068421 0.6656403391459523 0.659529672095261 0.6563917226766051 0.684971165556864 0.7128968064131762 0.7156006459245648 0.7160051318881038 0.7476223968704137 0.7241700954637407 0.7199977135669459 0.7185255366516918 0.7408035125256509 0.778100738296613 0.7872015125389547
0.6781695160608817 0.7130168006517782 0.7297308178325725 0.7623726882923613 0.7439379517231041 0.7229448121839417 0.6919225398834473 0.7085247729274903 0.6953189746273525 0.7397719511751936 0.7372863330519509 0.7830751410949252 0.8122024783616417 0.7927676754038078 0.8076563578562304 0.8129947517627268 0.7763297629121607 0.7991320200972748 0.7692392330600945 0.7474477133538014 0.7377793684906193 0.722163412631404 0.6970560016372785 0.6423384723260729 0.6213055844788444 0.6266641807854281 0.6502461153777962 0.6626940140289506 0.6821590177777187 0.644848067212205 0.6555395592263509 0.6362913727249312 0.648195122965241 0.66682957487491 0.7087748969401537 0.754549699300126 0.7311935508019445 0.7258078022169823 0.7239932495594306 0.7510143245691567 0.7444191736067127 0.7513946273746054 0.7809022273721945
0.702113769373874 0.7224675940212972 0.7102223220433768 0.7255926375605327 0.7377138216118462 0.6818208991463254 0.6554344119675394 0.6542915588718657 0.6101177625108123 0.6884068969993167 0.7411387942167978 0.7227958163783965 0.7650505593720069 0.7819944468041515 0.7831480343298481 0.748104189845555 0.7574013142993774 0.7789679270480843 0.7669979973365703 0.7472945741344796 0.727861706191038 0.6943164194320015 0.6302623709534328 0.6275334506339841 0.5652546836567678 0.5983818779078627 0.6341015921100228 0.6452479186001289 0.6564674043232093 0.663226281691031 0.6303603268763462 0.6317995425889611 0.661995544468802 0.6971534449416895 0.6963305138035909 0.7082797414815922 0.77322958652152 0.7181164466993786 0.7361945972861172 0.7887140138676355 0.798613694885337 0.7513608750586656 0.7355828286513713
0.6845220022153978 0.7119345909040627 0.6781537820135303 0.6774484413303364 0.6796739347679455 0.6498091618647278 0.6237736245786881 0.6361581550036679 0.6372370063082624 0.661329342864636 0.6814370844948454 0.6824756916221042 0.7208664740764738 0.7204611158120995 0.7079732882125976 0.6996088745386552 0.7107147391129298 0.735206800908653 0.7334198071035726 0.7059199241414874 0.6919321432689682 0.665335574843777 0.6094384753695965 0.5724684425596116 0.5396796100471541 0.5948949830634397 0.6315563529927575 0.6357896947344308 0.6241147676832869 0.6497907376145462 0.6823096026444987 0.6698437789580137 0.667363634371826 0.6785498192254494 0.6992882358704858 0.70009337657303 0.7704074565399903 0.7370475381955409 0.7431284628899724 0.7696615091268947 0.7343765776598189 0.7228371494010181 0.7112273341810085
0.667826537571092 0.6892138970851676 0.6811351951176862 0.681311309048164 0.659776555722167 0.634704111074061 0.6259449588330038 0.646548666887308 0.6443168925446887 0.638187955822171 0.6273643613258795 0.6751591394677212 0.6696899948900187 0.6915970708610278 0.6654956612613704 0.6769286481681499 0.6447160822762809 0.6839160812166762 0.7107599065333062 0.655934759258872 0.6355196686073177 0.6223447036819548 0.5662692673006587 0.5588129213645239 0.5306846593583626 0.5453145040577123 0.577547594207288 0.5866214592304834 0.6022290114472743 0.6351098518140399 0.674802631976991 0.6397115684346992 0.6292647173463399 0.6671220044312471 0.6759044915890777 0.727929459345235 0.7650861541857982 0.7667612845932382 0.7566740385381845 0.7384846495040198 0.684073793736732 0.6538713577103837 0.667255655534651
