Raster_benchmarking/DGGS/continuous/raster-406.asc
NCOLS 100
NROWS 100
XLLCORNER 1743163.1246587406
YLLCORNER 5469278.08689871
CELLSIZE 10
NODATA_VALUE -9999
[rows 76 to 94 of 100, columns 0 to 42 of 100]
0.27383304781955314 0.31813134997388937 0.30790331394560405 0.27045366909192337 0.23978809043827579 0.2503924180877886 0.23791640108302847 0.22308485090383223 0.21237317840767794 0.21228379379409792 0.24656097905866878 0.22280880476053996 0.24907565393062883 0.24183214744726675 0.29503685650759814 0.2613972301968093 0.30351745920125256 0.31236856026894494 0.3271905379994352 0.32616895235229565 0.3631764736612215 0.35773816021029403 0.32465037057202123 0.3191414666550304 0.3070930641244299 0.2661778717063514 0.2672142769494093 0.2981562757974469 0.2981872027371984 0.29418858684121385 0.29251687649605695 0.2631856625270261 0.23212287578578114 0.2280391069308767 0.19638286705792227 0.25203777863290133 0.26218240145254107 0.25356751378645437 0.29329315108957404 0.257330597427152 0.2523355195545094 0.26670304973444803 0.32800227821426614
0.25849203575142826 0.2815180449158012 0.2864772907282812 0.30044086188919134 0.24863613312333735 0.2631501960096409 0.24517366186316902 0.21536194912892512 0.22755532246035695 0.23048089693761173 0.21323113141862524 0.23533132313159194 0.2697467395631721 0.26937859877703574 0.2652956267577745 0.2656976277208918 0.2911099610530297 0.33628590741490966 0.36115193856303346 0.36277941282329323 0.36024216953393823 0.36542103475903587 0.3670803682351252 0.3667524073529749 0.3335325603696631 0.3152995033173784 0.319213340316701 0.29411729728590197 0.27402800299350577 0.25724752450373717 0.2797874829521236 0.25943655888910017 0.2354121329259983 0.24998720550833944 0.24177039590852942 0.2708281350230922 0.305588473222087 0.2685180052067771 0.28984817262968976 0.2903661769987733 0.2570048550001395 0.2765921821962375 0.3302710852149466
0.2461200683722263 0.26961411410234437 0.34789330694355064 0.2969427351736697 0.2942557285052317 0.29121788246365127 0.25342574749083707 0.23144584535545407 0.1900987344582761 0.20150672574216497 0.18356124176082966 0.2514260248181751 0.22675397351278972 0.22746368862513602 0.24737227630272277 0.2615133465186076 0.29460503836830954 0.31596945779891783 0.3683401681606494 0.4123979951633204 0.4151683946198858 0.4251446220137554 0.42130809937358266 0.36740789240855104 0.40053107294861684 0.37544141481119836 0.34572300710513343 0.3026693974811925 0.2615856597346981 0.29116290079323376 0.26564089945088015 0.29483258830545916 0.3013798939646919 0.2801226082920588 0.2595872900641411 0.2874916773056255 0.31171029793038524 0.3050243807422552 0.2506132937676606 0.2603722289430594 0.28225444975109476 0.29828239269205553 0.347485044173825
0.27989608263727744 0.2892776683578943 0.300691081595487 0.30420501274694106 0.3009842150716373 0.2538281853844666 0.24941911024609378 0.23751240673919066 0.23901591553896057 0.21911696222247268 0.26491869752697544 0.27533731499612984 0.25265081711569287 0.2559794877570319 0.3199850592603761 0.3488627579181681 0.3774416291897683 0.3738072112769481 0.3881059612364156 0.4271841925759826 0.4307934402383176 0.4097704374620749 0.3903554572297777 0.3766500656851678 0.363757647661336 0.35664453408975605 0.3497446601776271 0.3117921700166986 0.3120213173300462 0.27050935782840196 0.3030726736904649 0.2927934867411045 0.27501353592345407 0.28320570299799874 0.26996665829298416 0.3068938426523113 0.28421379712548694 0.27758587114668176 0.2885367244834451 0.28527620470197323 0.282206420282708 0.3207716876512376 0.3933547628600621
0.3006252802830351 0.320539241540799 0.32373002380436444 0.345723838343463 0.3000482445380982 0.294071119468152 0.2602537677643405 0.24166044693706737 0.2740833019231429 0.266614564515673 0.2814428884747421 0.33170784263264225 0.3253989825226644 0.32168010940080644 0.3354692589650029 0.3665374582738091 0.43170933741862727 0.43233081227260034 0.4243858002717376 0.41022193380106864 0.4345677610655376 0.43314024570010706 0.41650581556615107 0.36418329278201084 0.3627218945809567 0.3622285642486412 0.3165933569301831 0.3420720422832911 0.3262690310408142 0.28399165242276525 0.3281321969698054 0.32029557076116516 0.29574613392201043 0.30984758434643195 0.2937524871445311 0.32499118627656914 0.29532795037190085 0.3355225565264883 0.3250820684264944 0.3047881840622679 0.33962276522268897 0.3407523192551236 0.4160344695318192
0.34314387326739587 0.34574206949781705 0.325400424891694 0.3507940026357173 0.3285014356227982 0.2585698508946762 0.2582448151167744 0.2959751241884778 0.3153093924321677 0.3329691561760707 0.3565345532315381 0.3529561979007965 0.37906397514361523 0.38086783117684114 0.4040208545149891 0.423891590030475 0.47651677073695126 0.46335577257822214 0.41632878281549346 0.4288354931525388 0.4582981177092384 0.41696925251145367 0.35602573394198606 0.34584616454297873 0.34483110052484767 0.3430043735734982 0.3345140275557348 0.32249109378367163 0.34277157435263594 0.3119542239355932 0.33505063631541354 0.3513884508068579 0.3340770502534155 0.3242709984833634 0.30263903058995206 0.3054360634216944 0.36526146200923504 0.3687941910927275 0.3789883106362228 0.38075680295322895 0.4011714561643943 0.39024453532436587 0.40998257521011083
0.3403531527486547 0.3652519605186148 0.3748198874807587 0.3454035438484238 0.3167717565796621 0.28655408787339576 0.26934262178600715 0.3035145847925891 0.3100385805745057 0.31534800983828504 0.35975492811284 0.3699822501010716 0.353677624586295 0.4246885144043264 0.4709502500687674 0.47676198932376 0.50884782088215 0.5012241652248839 0.4586389033070654 0.4327138716680937 0.4456096472407625 0.3983419994674324 0.3128145318724729 0.32612355614733507 0.3532033146187354 0.363483572332191 0.3078378426157438 0.31639507773205117 0.3217325234990785 0.3502759378740647 0.34868643043834047 0.3790415647871665 0.365359806601133 0.35988649177793314 0.30739994033348467 0.3722789997694549 0.40400290611001205 0.414194210643329 0.41890039158677567 0.45495315623752686 0.4543632034809681 0.4140615817672037 0.4124399131201451
0.3139659986773431 0.3176724863612787 0.3661987515167305 0.3487058974294643 0.30045196460743173 0.2944148684719911 0.2849394435374814 0.29694078760029713 0.3103217612564067 0.33288106962062736 0.3262388774217897 0.3494840163479455 0.36675703360654704 0.42119993108334625 0.44939866348799806 0.4851040037782707 0.5027306634683821 0.49214680266450544 0.49266214281931736 0.4737009441104138 0.4016742633688637 0.3596340163886387 0.31706935620223503 0.3021764464685287 0.31153148308983947 0.36164593212486446 0.35122822342701493 0.3322732678526223 0.35662474899333446 0.3754180332287227 0.37933523833589783 0.38747283944411604 0.39686648084283566 0.37624130328593525 0.3669061854771155 0.42486768211913123 0.40874775651536605 0.43529088866080057 0.4338088464914272 0.4574351375673864 0.45304871224385973 0.44664847883097 0.4464090783288304
0.2920461255277993 0.31242550769577265 0.3117012607920579 0.3196316446004283 0.3307421977008133 0.2950449768254079 0.33574008023946944 0.3234854024609948 0.3458807013536721 0.33133139585738997 0.3449954859584947 0.4000148403762012 0.39989532748615036 0.45566122114869534 0.5039512796569657 0.5230706317780712 0.48947391658825007 0.5023986937268721 0.508581227461333 0.4758780615686697 0.40067039393650083 0.37083274673287453 0.3143341095238735 0.3048164000833337 0.333398668476949 0.3421411733993265 0.3658882153287284 0.3794193246974477 0.3320827965292393 0.4051802816159918 0.3998474349697212 0.3931826240445385 0.4419613316200236 0.4107429409298635 0.4425191116251664 0.4301565698136496 0.45739100852517717 0.4702601799920665 0.46244652208936265 0.4779415270858592 0.4744336895453445 0.45854601407428014 0.49068461350354076
0.3468731153107845 0.35268946592787204 0.31398406830799114 0.29382024469078794 0.3325307217523254 0.31445766617048904 0.3217653471366676 0.34016041767778943 0.32884801039593015 0.3767249767761484 0.3794818648250934 0.4149745787443263 0.41061106190567204 0.4330109054078339 0.4634697455833477 0.5077422981433307 0.4962799197128435 0.5214052994633551 0.478760499070859 0.4592705101460665 0.40070563715068985 0.3916203117964987 0.33331801161173014 0.3246575170500184 0.3449718600794979 0.34232027538012394 0.38360345165809484 0.3821389817119324 0.39455637179912206 0.4008581018529564 0.41417520197508645 0.41467709932880586 0.44321978581632454 0.46788692557561595 0.46347379619983575 0.466126029425315 0.46567157950020627 0.4715075455822092 0.45376584552331795 0.46207469368501997 0.46736529361836604 0.48747901036921587 0.4866432576097574
0.389093182652302 0.3751673737984634 0.3368323700964785 0.3214388342884473 0.3071282425033591 0.3027785971429222 0.3388800022172379 0.3245950277012307 0.3559808930534457 0.3636277898855628 0.43157903764667493 0.4352003330311243 0.41615016267268296 0.4548208310794397 0.5113500731936392 0.5118201420851659 0.47317275433509937 0.4855697882127297 0.5236720579706532 0.48218634582092534 0.4245863995035399 0.40753241952386726 0.3784893774080886 0.3594423485924862 0.3617068743753741 0.3512882618898022 0.3733432012281335 0.36680671863921827 0.3938120522743673 0.4524387314760385 0.46790714511887116 0.44810959808992007 0.4510400682500657 0.45812612907722444 0.4913980544291019 0.4486323104623863 0.4628058887843237 0.4764515546148338 0.4987382503766271 0.5121175229728462 0.5158462952137626 0.4910610548261151 0.4277572409232656
0.36737499106055943 0.3568793517601491 0.37207858538601307 0.3433387916319932 0.3506835751396756 0.3537053163329772 0.3604839349292331 0.3741835398542926 0.4180151790323532 0.3935655774967095 0.44480089351325675 0.4610098923488096 0.4402296235128876 0.4765209242629742 0.486115935487557 0.482850258987699 0.5019478809832822 0.47497647610875104 0.4813890945264374 0.45795494390507796 0.40919548134222455 0.4115187410605922 0.38901981561973376 0.37533784261815667 0.4163252347024017 0.4144650442103536 0.4234033422172561 0.41690851691031117 0.41938894358489126 0.4564441464725354 0.4504678258900426 0.4686870537403382 0.49106126238734893 0.495069509768476 0.4949703080014502 0.48249227727256955 0.495451926323375 0.5067916564452329 0.5259929337448572 0.5349920649161735 0.5424235304584463 0.5135106598291237 0.4781139773860699
0.3595655983578046 0.34857904366966563 0.36074285817947077 0.3625704750319102 0.32914389300311236 0.37177515691919505 0.4096812469318069 0.39904861243902817 0.43696299466250443 0.4281674569373527 0.45755002297470676 0.4500994977133182 0.4937849963866097 0.47976610580282714 0.5239970634090034 0.4745213317484867 0.4726145816607097 0.5028695421337929 0.4958018310872097 0.4610830563332027 0.45201553791489857 0.4184033579013622 0.36921043401490194 0.36826616663304074 0.4199385771042562 0.3762388616232105 0.40772183695096853 0.43296489579666564 0.3921656511703785 0.4383379921455995 0.46326651069696245 0.4929512679193605 0.4772888726456037 0.4958914250805356 0.48498471149780725 0.5008227309526536 0.522120766430557 0.5328209134333816 0.5401306239492737 0.5226158542756323 0.5197871746407133 0.544044898010384 0.5382940935537741
0.3183597992182419 0.3706446283104897 0.3835906108993609 0.391549199893948 0.3839401556954107 0.35163088801214454 0.40941614421755806 0.4257124079203392 0.44081990161136236 0.45398244915679287 0.47574845212189554 0.48909409384980174 0.48894329780258844 0.45933054250508876 0.5106722812996877 0.48908878799914374 0.4581355632940973 0.4835920996330104 0.5012567749594614 0.4575460991531448 0.44953285934528175 0.4068563972205892 0.40948107051427657 0.4052197905715322 0.3804736181316948 0.3682461586089292 0.3826325889980033 0.4020451905842054 0.4128945463981497 0.4063497335218466 0.4399434674993229 0.4631413778589536 0.47685354468758356 0.47493372302580394 0.49911266298990115 0.4836535803389011 0.5347147910961901 0.5721479096531389 0.5978565479012656 0.579096554975335 0.5735858024900182 0.5373676486645588 0.5283197575345321
0.30292425010445273 0.34164269433187583 0.3920903499287016 0.3931396755367573 0.38774492102114727 0.37336694771579326 0.3731644572662326 0.429359205284227 0.4480589729208084 0.4658372723056238 0.4801863395783593 0.49129396048298857 0.4490489738509243 0.4807570511112793 0.4729886884529822 0.4503922180291404 0.4899149948817491 0.4492504193379332 0.48094915806973637 0.40242140809337495 0.4066685450446954 0.37625340425271464 0.38207729497246545 0.40127594875114975 0.3513645291345141 0.3531479716090493 0.383442608165463 0.4062437398747766 0.3956593230349761 0.4183307185037852 0.4571830476490465 0.4457382133788985 0.45604077284248157 0.5045194252949028 0.5082613368482665 0.5070268145442814 0.5150476544319124 0.5763532663362356 0.6237533536322297 0.613803158811462 0.5769164564866863 0.5561768681857912 0.5688364984390645
0.35019266684603145 0.3824774744640951 0.37345268378261404 0.4184919847103934 0.3885679141861801 0.3784813579382243 0.4042457286151717 0.4196222354459294 0.44095269874702275 0.4742315295388075 0.4984985643027131 0.47321929590602724 0.4574066611951551 0.430735486648511 0.4327288124654315 0.45784760539154046 0.45265944027053656 0.4208267681886591 0.4077388510357845 0.37675610442231217 0.37664033404006303 0.39138903719473706 0.3777527058675774 0.3713770454907891 0.3711452874198656 0.35324460963285015 0.384732197719516 0.39848197508057925 0.39710393365048874 0.41431737160872173 0.4629473840370679 0.4882763053643472 0.4675135051464632 0.5213466938684421 0.512991780600117 0.5488089929175678 0.5464298180774917 0.5682643462644099 0.5885344884481875 0.6069642016403634 0.5988904669594627 0.5762938411309769 0.600801405063881
0.37574037710560654 0.41116410919479424 0.39199522764433936 0.41518464033215374 0.4396587086525065 0.44278298050722786 0.409788120268962 0.4626715518713661 0.46506001608348346 0.4403602122685949 0.46403069199212793 0.4496826389109262 0.40760261186354946 0.412912949035022 0.4337093564411803 0.4547218893585153 0.42769655337581824 0.41740287994864245 0.36542912133180994 0.3615112619272981 0.3503539193391789 0.3856308743659098 0.3552986816522131 0.33293600234944837 0.31621553045005385 0.33252287530803076 0.32153719855384855 0.3622409935351201 0.4175106608923593 0.4687459373007834 0.47784038022034714 0.487791994093917 0.4996113422503014 0.5227168456544142 0.5469845971404145 0.5856071791660896 0.5602755570565745 0.5652542836610941 0.5626827674310121 0.6317883485864765 0.6193182619927742 0.6456824842686814 0.6289894759278233
0.3777172372134953 0.39213359492750505 0.39195064862990675 0.42195755844050276 0.47320240610942665 0.47390485790536746 0.48871437635183 0.48350544489698466 0.4691229477318439 0.44450667140186484 0.4586334711920573 0.41680484774211646 0.40452786877719565 0.4220136347464515 0.41177918180576867 0.4194559857073179 0.3924771191789892 0.40378426495838593 0.39790072103551466 0.3635949021500085 0.3961703091032107 0.38098439565228875 0.36172384775445116 0.31358995347444557 0.3003138380912646 0.3243010352368199 0.34643236699729213 0.3692197804978708 0.4280890599110722 0.4664689549735387 0.501019690160563 0.48712147810219586 0.48490550342233896 0.49774955923447034 0.5765246312231025 0.5740114586698803 0.5625240765138368 0.6093318493557205 0.6120416804468753 0.6308242885152492 0.6287175900910015 0.6697416479983042 0.6312453944205016
0.3323745666368958 0.417228561128936 0.4392152907981796 0.4413208350937171 0.5081651614078593 0.5003391148948594 0.5402136002206329 0.5171978938324502 0.4892465361283702 0.44508236964982933 0.42590222191265087 0.46457308036679634 0.4480394257198813 0.4413733101474721 0.38788009759820463 0.41520037997162446 0.3917892263920269 0.37978319844456127 0.39097749367598456 0.3655457804178462 0.4084022172427228 0.3771100253396682 0.3327811672542806 0.3480382977057885 0.3434050520219775 0.36430422010881436 0.35658656593752275 0.4077191040374399 0.40003385566081817 0.43436102173363506 0.47479521924861656 0.488912346450516 0.46258184209408953 0.543008726337458 0.586670660832496 0.5982772940574312 0.6099976665357458 0.6202614598489101 0.6265223224788434 0.6561223972972339 0.6762870008174156 0.6550989531594438 0.6627934417628739
