Raster_benchmarking/DGGS/continuous/raster-305.asc
NCOLS 100
NROWS 100
XLLCORNER 1743161.1389411227
YLLCORNER 5469296.050910308
CELLSIZE 10
NODATA_VALUE -9999
[rows 76 to 94 of 100, columns 0 to 42 of 100]
0.37004369359712735 0.36680070736596604 0.41012270374940996 0.39118276544984615 0.4024560169890665 0.36564401553807624 0.3592990124774925 0.3473411091480759 0.3605592594215406 0.39865496659650845 0.4169114647189323 0.4066531524200842 0.40107438150279034 0.3975818461931606 0.39545962492065234 0.4288669373629461 0.40182666913191273 0.466638187023845 0.47072361894509807 0.44659042072227156 0.46139475471044533 0.4667447015338166 0.45118721260407885 0.4677256451049038 0.46210829560483324 0.48318798552995773 0.464359136965372 0.48707559074849716 0.4892251904602417 0.4864799315563751 0.48608264214183683 0.49488586081005376 0.5003440123163335 0.5182236906236951 0.5193192375314004 0.4991202968341264 0.5126757244972225 0.49499925771015707 0.4810787172238582 0.45551715367543105 0.43892348387862073 0.38307429542735594 0.34656115763771844
0.38073505795033924 0.37577123589570993 0.39619960646916363 0.39039729368018655 0.3789169329726701 0.38515092621049524 0.3652437890498794 0.3774991488242247 0.38649256373188984 0.4130433589376187 0.4175176222744231 0.43030458729057897 0.42814149114982836 0.4458972210067023 0.43625267922556016 0.4219517331186837 0.42359667805862344 0.46431900212956745 0.44524166052313513 0.46105328186822686 0.4739396314825014 0.48219415169164187 0.45149356822327064 0.4705130675516918 0.5072289108136158 0.5104200763944656 0.5107473153119396 0.4990892440846379 0.513862443654222 0.4988022351550764 0.47619393772984875 0.4851391818540519 0.502953870652003 0.5357577742686619 0.5387472143401051 0.5013436011061247 0.5005510739554343 0.4795140729154481 0.48372856013949517 0.4753683236943445 0.4448312651094082 0.37516591356674966 0.3739961969052527
0.3948387977593202 0.3612313968023397 0.3666588080584036 0.39699763188128023 0.384038731123832 0.39544688687785634 0.41727359519895696 0.3961049826905018 0.41153418150325477 0.39416429765736144 0.3973202299049914 0.44388503944758134 0.45138601551728386 0.4606274529188562 0.4817474643487079 0.47145713484936486 0.4398123760121096 0.47043831522376295 0.4654624980510192 0.48844226081709435 0.4675159889542088 0.4774276998881887 0.47169124249838623 0.4989661256067765 0.5240279095429888 0.5225916619747876 0.5244713563111345 0.5391396254324498 0.5267768184490291 0.5094446380019546 0.49215810891892764 0.49413820613986015 0.5312649674732093 0.5461212414358327 0.528829322008331 0.5220559329003918 0.4817078011220111 0.47094600426619077 0.4896168909805675 0.47443879989608706 0.4499300000999398 0.36808287705955695 0.34750129124806856
0.35384717172062713 0.3751047769014476 0.36973364472718756 0.38402854436440603 0.40178265722351164 0.3820205849271224 0.405811414591718 0.4064135153906471 0.3800953192267049 0.38949610416424646 0.4029485291878337 0.43334356241398475 0.4636487564659162 0.46651026967402337 0.49014925980621904 0.4888649815515475 0.48596662393971723 0.48118406185180745 0.48090109179646434 0.48658937211098824 0.4994119500561769 0.5103544719076137 0.5190014463006788 0.5079277481276907 0.5041756019416601 0.5458953039497041 0.5278258457927604 0.5282181800027446 0.5458997093129218 0.5268663364935807 0.5131773456364737 0.5328007270878289 0.5218191040426454 0.5405661524271875 0.5382134557711455 0.5075471167128589 0.46679007413465473 0.48880426406515215 0.49802350854411714 0.4525099315454637 0.4448385524563189 0.3754563899957742 0.36267115119132365
0.3695310976150789 0.3608909906251171 0.38780464120816704 0.38766258808004017 0.3823512962970593 0.3785968442061609 0.4227232913662965 0.4215722444800236 0.3925223197107449 0.39756499921687544 0.4355522472069667 0.46189032065644775 0.446375033517846 0.47943235059344413 0.5202850337314625 0.49963057180549314 0.47742584744970445 0.48660460521695026 0.5077103050916105 0.5053184120736508 0.5153197574755476 0.5181259469787524 0.5119503721189742 0.5192999340417929 0.5202834402038097 0.5371120910885192 0.5489577837102145 0.531969340810263 0.5615931666727674 0.5392079446087574 0.5653874527612184 0.544988567288251 0.5373964695462603 0.5338456097072407 0.5065341886840479 0.47342511268499604 0.4654353387895883 0.459632565758238 0.49743473894988194 0.46244956522280994 0.4348354678664102 0.38574264458479196 0.33486444252469316
0.34811974975195026 0.3548190703905738 0.3737149069258038 0.36128286949595817 0.35927918724369395 0.39203697140770905 0.4160970832722525 0.41672196632121944 0.4156171405359666 0.4020120990840474 0.44137126924933945 0.4681191145330371 0.4629144533136462 0.48325320203463035 0.5117033829188916 0.49971427644299254 0.478056858972835 0.4751162549018269 0.48822100861288026 0.5025325912743548 0.4899214853001783 0.4794097117507707 0.4713907224405354 0.5000330610771424 0.5423243555810339 0.5493977403910353 0.5407565964208667 0.5283544923261395 0.5366703113273984 0.5375648568745415 0.5454342891915397 0.5422103232669443 0.5157023712811688 0.491723497360864 0.4962938633482522 0.45732941356723 0.4515127006815622 0.44852669936293676 0.4622552040823391 0.45072835169432685 0.41793808990801734 0.36719849540064636 0.3444163780308836
0.3235006077949999 0.3152542093340257 0.3173019477215082 0.3513855382742759 0.3655730995795263 0.3719619389599334 0.39002505577228913 0.41265273484406767 0.38071779887042023 0.39964250325351575 0.4529325368899039 0.4633040134785136 0.4782266669783226 0.44651273267466723 0.4645551016817124 0.4813661519587999 0.47881092723994295 0.4757693621003379 0.4982047182220764 0.5118403246322357 0.4932840350838998 0.4709963841930355 0.4714744915878752 0.49953700338296503 0.5212187553269578 0.5408641574166017 0.5326906078686328 0.5179991152671356 0.5187276210043658 0.5056052942837529 0.49936357672221404 0.5256237518425017 0.5312428581149664 0.4768260461447946 0.45934302725394555 0.43567589198181783 0.44733838308077956 0.4529548374796323 0.4511489352609195 0.41311973511444294 0.40803691404017833 0.37086468601963274 0.3387722413835976
0.34332946755293625 0.3247907235462142 0.34285153839335125 0.33406741026806996 0.3401756491776303 0.36673454802179023 0.3480829916540115 0.38588055480124256 0.4074219456729592 0.40708687569631896 0.43638807911410366 0.42050217101266435 0.4234832949134206 0.43934570432502745 0.4414228597913828 0.47346341971071915 0.47588653392579866 0.5027365073363518 0.5056258652813438 0.5042520886865467 0.5065437406235165 0.506571105164501 0.4859171836582019 0.5105451973062801 0.5200379555165476 0.5119859242012486 0.5063250759576343 0.5028487607099076 0.495214571710728 0.4970609005696167 0.47062276547889903 0.47613957750899066 0.47610569634717914 0.5048742922641751 0.4650109364583945 0.46045388229897666 0.47144616698473013 0.44762984892681756 0.41197740346883344 0.40918744424316456 0.40585788047424276 0.38965478032354317 0.3464238731140702
0.32983260399756426 0.32440982252479456 0.3295907875072501 0.32221864174172643 0.30350344155169257 0.34227953289179963 0.3260728857827597 0.36640706321838196 0.3946562237727936 0.4116712360849094 0.4000789487014917 0.4304315011599962 0.42450537298762653 0.4436788362887131 0.4617865205475216 0.4853361776331368 0.4799401875804348 0.502602045079166 0.4947001625065695 0.4895377311324475 0.5077051800238904 0.5102456407413377 0.4725247959317195 0.4836184024764316 0.5015687855307912 0.5257113077959086 0.5191735398169582 0.5022111702406502 0.47046366645084364 0.4717301392299456 0.47833871000495043 0.4722874417728557 0.4692560210272611 0.47670086142148765 0.48207509149213507 0.44710849554203225 0.4588081651522644 0.4235252675609938 0.3972344598884636 0.38556981392490636 0.39390731064002904 0.38947122567817166 0.3586868384445215
0.32169835474308145 0.31866746377896 0.32629154427444873 0.2891769637131634 0.3012572311739085 0.28942157965703447 0.3180118903159614 0.33603288584903784 0.369389126922118 0.39269434670761805 0.37846902170515573 0.41236674616954666 0.41938012860221247 0.43584940442542414 0.42819085734356305 0.46268618941446404 0.4701023745135258 0.46364304759270747 0.4682234709412602 0.5070070602601537 0.49648269685970015 0.4717328953758021 0.49600407069490404 0.49718163462480297 0.5057375246868465 0.5006892642944176 0.5023494640468105 0.492101906695197 0.48505786628725345 0.48400219276829437 0.48010931246343064 0.4907003586141452 0.46334037708215825 0.46743696019316366 0.45277890244554353 0.44743093003588785 0.43166342568598604 0.40819845324669896 0.41716959265711884 0.42103183656031523 0.4130913811667533 0.38893908803100674 0.39516120119528264
0.267816064953162 0.28626171931581296 0.3072207610711395 0.28490504180170245 0.2805816639181662 0.3000370635818799 0.31567659343675847 0.3417293147608839 0.3583170742970569 0.3608998297036762 0.3526289285427913 0.38267845199340716 0.393615037656269 0.42333333001608825 0.4073247554319913 0.4208731037658214 0.4607629199456292 0.44706928891125486 0.47276714989143714 0.45492774445855005 0.4737877386777726 0.460239871301075 0.49761046108247614 0.4840289942190854 0.49495681571933264 0.4936273923192217 0.5102229803641325 0.5066219821517642 0.47246485881467787 0.4734689953103927 0.5055242930293615 0.4904556171170571 0.45924413821303267 0.4555279428962068 0.4288484696839765 0.4393794908592513 0.420923473654943 0.431600375191236 0.40840228000416623 0.41303127691826236 0.41565880862830934 0.39643518992514587 0.3943979316994744
0.29473638218017983 0.2686601161186257 0.2869222493141842 0.2737088453774615 0.2749454003708241 0.2969416989974192 0.32494293407613717 0.3225506758495991 0.36664593071926566 0.3503674301391693 0.3504354469482531 0.35846261500874294 0.3680456692548408 0.4108429223568824 0.41224873882636603 0.43087054195399266 0.4585119384786458 0.4613373093780715 0.44766143708595246 0.4478294122743547 0.4387353326223419 0.4601332832537724 0.46421341255593485 0.4952511146027733 0.4983160018309921 0.48930867831895475 0.4748808771946179 0.4834724505709669 0.48267271168054676 0.4944184629053337 0.4971004066484163 0.4992689940618047 0.48583621996142723 0.4665375853463493 0.46689933184571347 0.45875950915599656 0.45641953528501783 0.41184892158867104 0.41022635698967974 0.4010789936051183 0.4050376158615233 0.4240084032756254 0.40926515325749463
0.3045003772688873 0.284059206378619 0.2715595167800504 0.28768090331512614 0.3089425630537396 0.31375017738288685 0.28881396903512574 0.3366286967061571 0.35525829452472785 0.36582670999610306 0.32876681166830024 0.35965282785141095 0.38594266892743 0.4275613923170029 0.445515684747548 0.438244830793597 0.45138816384065483 0.4356916791872904 0.44040980579448274 0.46963373399762004 0.4471928200230661 0.46307382110441964 0.4809256185109909 0.49076063311125 0.5126388452641892 0.509690820124769 0.4858494737089759 0.47512177982906517 0.5245220345343414 0.5389544582712897 0.5361127227572248 0.4996770755256406 0.4931243615311267 0.4757945990259295 0.4539354368248505 0.4547743163394805 0.4550101499593435 0.43452057888456386 0.429854702348769 0.4110479922610412 0.39247985190590173 0.4277137719153156 0.4152064345962637
0.29766076766883437 0.28883473594145864 0.27037919580100106 0.274699377246143 0.292841823560314 0.30226925357740864 0.30451809325581325 0.31165505518002434 0.3401710628903549 0.3599202203342846 0.34737759409457775 0.365910362867507 0.3948131738720221 0.44494624377198566 0.43771389205258154 0.4467067761024576 0.44310542024738964 0.439656513697588 0.45098117223114254 0.4847245630944323 0.46233894753576166 0.4783363764004397 0.48669136815167735 0.5053571987598486 0.4812432828756665 0.5065908038630516 0.5020146207427373 0.4903853971737995 0.5080049196723326 0.5258525870146324 0.5075048105847011 0.5017896481102224 0.4954533286804726 0.4455399167149816 0.4420352617943276 0.4180740091724414 0.44136224260109497 0.4084949998458746 0.384483338818986 0.37880549454260903 0.378815294446738 0.41113491618428766 0.4164197979322715
0.2871419864374895 0.2858474516555097 0.24748002444702988 0.275174233119828 0.2624801488274567 0.2754684260282742 0.29375361562514035 0.31060114166275105 0.3424201564906802 0.3811562287672702 0.3899480250827842 0.40176450400654884 0.4283293684942915 0.43584851993292 0.4575490960322424 0.4349455450241608 0.44651533547062666 0.4619440351918192 0.47305542548092827 0.4783889267662452 0.5115346901319158 0.5003285435193259 0.4960016303012038 0.5010246064113676 0.4598521752229946 0.481329071161855 0.5050893679380386 0.48329162589591895 0.4939875882394953 0.5093306159994094 0.530092639975098 0.4892508000614054 0.47741615068797244 0.419546672666226 0.4158511482785894 0.40053876216874174 0.4285658302174866 0.3916184899007664 0.3794842953467092 0.388564355540318 0.3957275804527378 0.41174100636448197 0.36944174375956834
0.2893379569442535 0.2823037335657207 0.2532711544501216 0.24422820003822476 0.2938885497104518 0.31585649578545233 0.3192377457155348 0.3258326008736296 0.3469104492175425 0.37141088683277007 0.41317375017987157 0.4174348928637636 0.41867246743941905 0.44180339508236033 0.44995787699894035 0.46923342153795905 0.4648437611723615 0.4712643710012991 0.4678751450409758 0.4813440974205834 0.4919299954340101 0.4911820555638169 0.4697740942466204 0.4771275138514163 0.4842442847422684 0.49367750669466876 0.5173759678975366 0.49810698733943204 0.5148110126219942 0.5111226320483908 0.48870411465146535 0.49990741256899635 0.45855279508767066 0.41892224359417 0.40385307656520275 0.4209751013893648 0.39631844861737714 0.41470986159696516 0.39364671641909954 0.3687096954566735 0.36135246554104283 0.3902018915771151 0.3809601239371857
0.2899137979008321 0.2576085565171329 0.24189736444268656 0.2865333550833958 0.2999005524120451 0.3299214981874066 0.3342356015507697 0.35828451744757167 0.3501529752971546 0.35628138893572886 0.39877102802986597 0.3962095796004022 0.4078649931087053 0.44184361475941053 0.4517231352331589 0.43677939122194404 0.44101929044591676 0.47658584723414393 0.5067924046425465 0.5075292774586384 0.506509981061146 0.49969581720144696 0.4900389898047364 0.49168639481868176 0.458673904891047 0.4646309937252442 0.49990726565636484 0.5000814480599209 0.5074366339058983 0.5182083561161968 0.4927198500097959 0.47568369828744167 0.44192699136988844 0.4103225133692592 0.4091289000844826 0.42481795254019733 0.3901938893842188 0.4006693413136276 0.3886677105149094 0.37074908161783815 0.37224457010560646 0.4026407375621984 0.4229270719272347
0.26191007483077555 0.2922379854853663 0.27561691954003675 0.29270306956194736 0.31848283907793234 0.31658915407803134 0.33421965218586863 0.35306576043835 0.36235051875830687 0.3700978445295256 0.39090569032409384 0.39756704381357677 0.41785058227951816 0.43334534337671526 0.4630933134814702 0.4492233413043698 0.44764780750442046 0.47924498033634444 0.5152902741268961 0.5164431802313586 0.5104265710017329 0.49166425456979207 0.5127093189152696 0.4751040668191475 0.45179161273936125 0.4530018940616736 0.4596816363392221 0.4780273077423067 0.5098995148256523 0.5000379978719331 0.48395306774642904 0.4692541726452718 0.44808562228898896 0.40175927860114186 0.3918853000782385 0.40578200919038004 0.41429672389577876 0.3971013957055877 0.4216244397187409 0.4071812352279689 0.38113816716818266 0.40130844056291476 0.39316860534790393
0.2774757219531233 0.27655182478357265 0.2952000439932259 0.30269364300623913 0.2938065113875236 0.3200016944233837 0.36515747316462527 0.34881054138119333 0.36414899457376654 0.3819998490013587 0.3731314177291204 0.41319167325876693 0.4338772572967757 0.42481098056690586 0.45637947767345244 0.4522986804783188 0.4778716904279008 0.4643870178333377 0.4867661667500523 0.48752659045447194 0.49527633604841853 0.49470999108418495 0.5121572552717638 0.4944574703461735 0.4769745232046541 0.4553412706579715 0.4575526837194712 0.4838226513773947 0.4915129659211511 0.46936719456452874 0.43219199564767374 0.4328818662339041 0.4339957079507539 0.4191372953094994 0.3860303726452862 0.40490243887534927 0.3993409348235563 0.426617123532133 0.43470017455337145 0.4087854769659846 0.38693200924109344 0.3917110510337397 0.3883501081077609
