Raster_benchmarking/DGGS/continuous/raster-60.asc
NCOLS 100
NROWS 100
XLLCORNER 1743160.248936601
YLLCORNER 5469292.3429569965
CELLSIZE 10
NODATA_VALUE -9999
[rows 57 to 75 of 100, columns 43 to 85 of 100]
0.29285107490506823 0.2953229532570702 0.3564726632251826 0.3534100689194724 0.3418736699387162 0.34043390436802884 0.3968918383776053 0.4297207735876287 0.3637849201619687 0.3613462095752363 0.4305239006111622 0.4566922057318082 0.464646218431744 0.44677520774784624 0.5125055063073234 0.5490573322629003 0.533446775631578 0.579707796200991 0.5892198564015129 0.6161357828711865 0.6380472338699172 0.631373354779779 0.6974989183435534 0.7760255027081666 0.7694183693084099 0.753446527165871 0.7722850030646821 0.8009059535240121 0.7573475134117789 0.7654178559678576 0.7405889894283914 0.7363367006322638 0.7432065395060542 0.7262024916565857 0.732926568246957 0.7575828206090791 0.7141135248022669 0.6529580763785345 0.6367802150075199 0.6444314547040615 0.7121216327091625 0.6877416258951262 0.6385263990986814
0.2735848618598277 0.33601411388791874 0.33218740186700796 0.3321834037834364 0.34150421911102785 0.3378412531307481 0.4045659264506797 0.38877473254065553 0.36444347402104593 0.3776098341814918 0.4211856300642047 0.46817835334783325 0.4552623661759936 0.4541091733925107 0.5428597698525077 0.5446864387916887 0.6048278094248637 0.5829346052724883 0.5935637079334675 0.6012536576024524 0.6356431079950495 0.6930203229274025 0.7136241117456805 0.7805868141159693 0.7613819700225094 0.7961331437819011 0.789773497925934 0.7948836252653912 0.7616381738075414 0.8014351180377103 0.7745401603209157 0.7476498487159622 0.7187527896834206 0.6802307940242206 0.7086142010969523 0.7257945097350861 0.697434801610799 0.6621988709296267 0.6756575102275197 0.661304513617554 0.6850573608468281 0.721316716448801 0.6807491274583994
0.2658559878372031 0.3363246684231851 0.29951412829810337 0.3143514640211945 0.3227832062113949 0.38039560267057343 0.3606672813681933 0.33832176663414415 0.36928648940758996 0.3522233138939678 0.37929518283158437 0.45474645736382113 0.48916238822335684 0.48690596818328447 0.5352976876201009 0.5618267084010281 0.6247179693956763 0.6262215041754887 0.6034246493846491 0.6020751543181508 0.6294944314972097 0.7196303734733295 0.7796512859108123 0.7958157485995501 0.7955068372572757 0.7946152138174865 0.8152435025766935 0.8311679580060045 0.786405349599924 0.780449165777312 0.7504422690809628 0.7287543295808728 0.7289473259246247 0.7022673073814704 0.7338586216494911 0.7426156100842165 0.6748082202595017 0.6469996333385256 0.6726069438502648 0.6783780017617176 0.7192751447936131 0.766001646744186 0.7585481039866393
0.2586610288714789 0.25274530291534636 0.2983015235230967 0.33607832712049523 0.3247179963119248 0.31582952271111264 0.3500876164133533 0.34115561123299226 0.3732709015176688 0.3498376753773509 0.33605475518734335 0.4103607558572019 0.47236263689057945 0.47590603626730693 0.553875833559176 0.5347794220024957 0.5793934650987078 0.598440877964313 0.6313850242224892 0.6454741598572983 0.6646997452090229 0.6840657981184234 0.7661903884241261 0.7488414816725784 0.7825826786106121 0.7913605092994745 0.8273892528687068 0.818076694790899 0.760409996184997 0.7706003150669981 0.69943297602711 0.7349733397779914 0.6697158692742885 0.6512344206716726 0.7037593814446658 0.7165561643942222 0.7173054908728506 0.6499236955706209 0.6766010228841486 0.7091560493816863 0.7123614130075039 0.760630185762404 0.7608797928706214
0.2182772898825079 0.24818503776042608 0.3001129943208751 0.3073460000576814 0.27270157749970625 0.29957592125284194 0.3403611698224018 0.31001314523258766 0.3465591858473251 0.3531861084498939 0.3457024735631338 0.32273831509073775 0.3920369170539715 0.4904232432114829 0.5127425784266617 0.5478927185307507 0.5782728383406093 0.5332014940770323 0.6315957039615074 0.6319006863436274 0.6199968439442861 0.6500793127522846 0.7253576111340433 0.7855635947257191 0.8107408361757908 0.8506635604343975 0.8041501002873234 0.8367063969762363 0.7917409354555901 0.7307220700629747 0.7536095284322245 0.6993484405408872 0.6719112639571373 0.6708558275700063 0.6855863463133312 0.6714344943621205 0.6960556054850527 0.6673049997497863 0.6496916467395767 0.7108028662462093 0.7240676053733116 0.7750154877662435 0.7158506605730742
0.21418630358255702 0.2033108075970314 0.28196558904500396 0.3028299717461535 0.29133110116020877 0.3182746130525009 0.3156868421217028 0.2891757381210851 0.33558504360728886 0.3510471210537357 0.3092106312503435 0.36451327409534384 0.40788853443203815 0.4738748479772457 0.5007706017859351 0.5194687382083891 0.5079872922732523 0.5335725482131833 0.6006928684461952 0.6292114259317957 0.6561065772560244 0.6662576835544375 0.6913550916140566 0.7364719828551782 0.8210454105523611 0.8019882805738818 0.8109502261117352 0.8037878076888145 0.7755648524554338 0.7503782853621452 0.7518423250055569 0.71187477478191 0.6705241794099447 0.6922749599964022 0.6775815132705946 0.706302514278954 0.6670807400043435 0.620006722082444 0.6437318381570775 0.693535580573029 0.6804611244613575 0.7265343260803527 0.6869044117992561
0.2315502203327786 0.2026137639440432 0.2346571132516259 0.3109699796589545 0.29784731588991253 0.2944115690073466 0.31906312736368114 0.265619641401214 0.3337809175861868 0.28967648163476867 0.30961475576721104 0.34681526008414276 0.40313721125860336 0.3977251974231785 0.45821968038190924 0.5390563630081987 0.5116246951631045 0.556130456584597 0.6094429699020245 0.6063797828926301 0.6268463051466993 0.6963630831235876 0.6976672674184249 0.7254696473835104 0.7958369015610924 0.7842232220685484 0.818215728993646 0.7842960058388609 0.8195283940094051 0.8218871076533197 0.7985937565305811 0.7393262963104736 0.6814990177703629 0.6273600185363691 0.7228696405903916 0.7156441928085081 0.6756895869832894 0.6039571904691208 0.6179743937182308 0.6646731886903049 0.6851823684758692 0.7144740969749588 0.7300657773952479
0.2987284742120472 0.25287566126439154 0.2504198235765995 0.26535157427975176 0.3107444064981081 0.3305409587666799 0.308271936131255 0.303185137166297 0.322989353994093 0.3597012254394602 0.3504516139697112 0.3536829279711426 0.3977484187320115 0.44961248399197984 0.48350957436711856 0.5411809624677733 0.5668080308425 0.595795548545736 0.6547384567909721 0.6719991293576638 0.6324172319478926 0.6640880816237357 0.7136115952117821 0.7178276614508857 0.7665353452757121 0.7702675768192954 0.8087365404762151 0.8256275488328036 0.8304836132586564 0.7856960890720492 0.7839406323791073 0.7599171474086912 0.7404431994663786 0.7316623812526455 0.762930752399309 0.7122328138612345 0.6834847631409731 0.6610903535692803 0.6990087191129222 0.7067300475391625 0.6959317563864763 0.7490717659540368 0.717489122987111
0.28298418528366304 0.25719757976943397 0.26261082204075853 0.24849077821641505 0.32155504160839676 0.3223157551734607 0.3515025508065093 0.33681286319406556 0.34384964069588325 0.3526864494700479 0.3934959533298768 0.45851846751840386 0.4874139181280969 0.4909742333282834 0.5065299111678101 0.5818528181032149 0.618857986208107 0.6523623235638121 0.6512729808116078 0.6774344587984175 0.6613865877318312 0.6789991463513273 0.7679123400183 0.775555542205088 0.7983546896257567 0.7997155755031653 0.7845719611287916 0.7875699040139068 0.8062612608198814 0.792984823342105 0.7812912507882093 0.7334401323165064 0.7558477035577711 0.804804316053492 0.795227955038051 0.7908511085658996 0.7578276650338378 0.7024593272053439 0.7513471627034357 0.7608074131589065 0.7687216088112069 0.7731177233125403 0.7248895309642291
0.3494700979047819 0.34881180535858614 0.2997988447152937 0.31685807006722244 0.3399438218735479 0.34923697095326683 0.3784754983253827 0.36512421971550246 0.3937778557167481 0.42067592708225887 0.49051232830648495 0.5465938135846282 0.5124687745211806 0.5651123095574455 0.5939885354880838 0.6400971298523779 0.6888545438001283 0.711150815648788 0.6806549151167748 0.6944667469065994 0.7355070556326697 0.706051485054222 0.7836042942859791 0.761226881803182 0.7765404264705196 0.7581125591916567 0.7827395284654303 0.808524235747104 0.8166335804032476 0.8532256714610627 0.8198715434395835 0.8033056438965751 0.8428983430387395 0.8093318046266275 0.7797831351566787 0.7746218665247347 0.8064790033202268 0.7753898935932235 0.7788451871542098 0.7600719114767501 0.7322825009633277 0.7832989146620317 0.7424394860372552
0.3496740927388731 0.36865209601831667 0.3184277645143963 0.28864502337283626 0.31977051662005684 0.3589785437509722 0.40077975917278885 0.46640165349722346 0.4601219806572985 0.5593729256569764 0.5778941469848777 0.5881079759519996 0.5853679826074506 0.6346236237575009 0.6091579225873411 0.6186067922423363 0.6704666364412225 0.7596059758655904 0.7209679037486691 0.7629598016286747 0.7470240165603059 0.7514197781191894 0.7801995501112365 0.7857560032508292 0.7640291007630822 0.7643001340143845 0.757074716365254 0.8320816388981997 0.8394049498998701 0.8425934563539855 0.855007020679598 0.8609874989569044 0.8885996772553019 0.8813056578786651 0.8079775277204417 0.7822685189771947 0.8133060110245828 0.8197827222463637 0.8103405031191274 0.7206555511893884 0.7768323381350983 0.7511200565409656 0.7419319307467255
0.3519638072226428 0.3264939273362466 0.34972525237482943 0.3644474303707966 0.3797964735397428 0.4154522314954836 0.47355379173813783 0.5005653382639781 0.5155070417869158 0.6089746000738725 0.6328189309392401 0.6116660373464816 0.6467165248016324 0.6946842200264369 0.6943901806421389 0.6821097258957474 0.704414564038581 0.7133079149443375 0.7702725265576544 0.7664123111537648 0.7676106283142409 0.7685096233654604 0.7426424361509687 0.8063132256758629 0.8105468817741571 0.7935310092837358 0.7642970718950682 0.7812705931803714 0.83692255327017 0.8271213640993113 0.865651795287454 0.8904021879155142 0.8843096552989509 0.9012616066905078 0.8584506685805784 0.868689894419304 0.8293362073468085 0.8555856506354365 0.7893872929558402 0.7446862161480566 0.7705115454018006 0.7538981835677923 0.7410235355663061
0.3266795821266093 0.37348513568804914 0.3521806249857925 0.41109972646622067 0.4780004751989801 0.5173545364158048 0.4900034920039356 0.5478483288294713 0.5701973626173859 0.6140097828080681 0.6702994777133907 0.6998843928319372 0.7312879878968341 0.7461827470729319 0.7459833797423434 0.7397909779022248 0.7496303179562396 0.7022663622942402 0.7377994884524607 0.7168668959354684 0.7634955751929091 0.7506459730957521 0.7688850957123018 0.8112048077309539 0.8270750593424372 0.8211952202744847 0.8155415938742119 0.7656940258584393 0.799755327734339 0.8121443450985478 0.8251128487374926 0.8669566491774109 0.9125229672351628 0.9291775088037055 0.8867417712745863 0.8629056587488274 0.8191262795872776 0.8403417289661745 0.7984186416339624 0.7741041520938174 0.7614920994339309 0.781556429843387 0.8007735797822619
0.34928488100842675 0.3591790631288728 0.39298997208578 0.4461733723081639 0.49412889310810254 0.5111155504420526 0.5255983892481187 0.5954037026290661 0.6200098283628512 0.6675602375046484 0.6770903342739151 0.6684550107512481 0.721238544119342 0.7941225626476992 0.7733125629687685 0.7749749881792837 0.7860415403897315 0.7310970656137791 0.740132273349542 0.7488824332053654 0.7606243497575357 0.763454649664571 0.7346369615190937 0.7642522877924559 0.8104817251754831 0.7941964889879201 0.7880052938074974 0.7976604745083223 0.8226113927424991 0.8167168269430275 0.7909483198324551 0.8654855320203422 0.8833286655995148 0.9084843616908496 0.8958120475777255 0.8788736731181686 0.8773099475966712 0.8969499602481334 0.8791870508588193 0.8359673919257731 0.8088334225587598 0.7694502799912597 0.801201346691454
0.3481916567815588 0.3778181263273148 0.40584593142606956 0.4335037728241084 0.48034567045035753 0.5134304883705373 0.5137960735086873 0.5759756661582984 0.6198608261195665 0.6380941900098976 0.6948017908548616 0.6935396506851994 0.7266844423911607 0.7986320691540727 0.7829586177060653 0.7836652937676493 0.7927239657009508 0.8167332693363025 0.7747555955960066 0.7669784942202041 0.7905345145369532 0.7618231388697476 0.72411483431036 0.7522590583099941 0.7923793193025349 0.7935523379398949 0.7698867751146772 0.8302879710705228 0.7844828855364008 0.7716408235731678 0.814645806816753 0.8518681310862353 0.8677887977575552 0.9557313451990777 0.9369901061700024 0.959936474091833 0.9398223840175254 0.9406654302601107 0.875401888019532 0.8693366672330332 0.8084207192122818 0.8202058718984334 0.7708254342111074
0.37306940479500555 0.4341047665815381 0.42529506088628144 0.4222378764663039 0.47244832430830325 0.5382439248474676 0.5653138313118534 0.6160086075867476 0.648575736568578 0.6441936866000005 0.6359277223485864 0.7157573671683203 0.7556723757301861 0.7860707140085189 0.8137113958757997 0.7697676337795019 0.8458975518778004 0.8335375013222761 0.8213761606973812 0.854348692153047 0.8431960102477903 0.8378277561479064 0.7783479706564148 0.8024073476400003 0.8108078029892305 0.7908862462329471 0.8070687930946921 0.8140643732513864 0.7930544560042933 0.8102583426639082 0.8029053957682416 0.8644534256775477 0.8598216841557006 0.8988516908495491 0.8906086883198386 0.9161116874311135 0.9254721425993631 0.9313865070290516 0.9392126644087451 0.9210426254421399 0.8743406270223478 0.8590862544371307 0.7819693977040939
0.40100586512015446 0.47156030003252386 0.4734357769217822 0.48502610220118697 0.49185845024561003 0.5271202589226948 0.5633933194196431 0.5996122714302499 0.6393662150898167 0.6553513582095918 0.6929584222647017 0.6968969192680833 0.7775533059938353 0.7708785594620106 0.79551462401352 0.775206835103117 0.8289794883447181 0.8802762816686037 0.8819835619860986 0.9025010498472699 0.9258119990053804 0.8982477754043022 0.8457958402492151 0.8382805109120645 0.8449123266024645 0.8537257469510489 0.8072058848618531 0.7789955493075105 0.8041800160287734 0.8384319794341543 0.8495061970771792 0.8375871486438173 0.8657356482329385 0.8365593009211749 0.8647641358626161 0.8937437888024395 0.9114688870193954 0.96675703385254 0.9353775068799998 0.9413679154328924 0.8688262243214263 0.8794882137855985 0.7998358561220644
0.40701553440833427 0.4298746128444778 0.48056418173662613 0.5007424890499587 0.5206635234241965 0.5468795953691276 0.5817959749482227 0.612105152557671 0.5984871004882927 0.6637443492574099 0.6922757894968158 0.7541412412497669 0.7749008381527118 0.7989526288164469 0.8340030617164295 0.8523098317110023 0.8287322487049907 0.8788262922324922 0.8772002754571334 0.9061090643311273 0.9317252174647981 0.8970171250453374 0.9102301758814604 0.8776120149878 0.883174345166551 0.8385580518310762 0.8453693499917073 0.816881273560542 0.8497578394004197 0.8701160230794739 0.8698352477987941 0.8328075364473003 0.8214910082973819 0.8637634119300427 0.8753605002550866 0.9177204297310926 0.940673694832157 0.9569963303293565 0.8848172968364767 0.8961804565224915 0.8670266724359454 0.8550108809845148 0.7761416872578192
0.4093473019788927 0.4567291569222442 0.4551627282608789 0.461789938051199 0.5006357036251642 0.5054189330469193 0.5771451388788595 0.5976571661474219 0.6586097832184271 0.6642638804183283 0.7241329851838292 0.7623913441925563 0.8252767910268043 0.8348293947817957 0.847609142227712 0.8585340389799612 0.8381159583103365 0.8693324888581695 0.8489530413569496 0.8756055792280945 0.8845501893596629 0.9397804342822187 0.9079456853506946 0.9135149713856243 0.9352148089649408 0.906823935056423 0.8960337831469759 0.8414840137955798 0.8303879664539823 0.8687399700951005 0.8807178541561502 0.8846829529084187 0.8901444446468083 0.8577597995830234 0.8714453335679629 0.8386495311937882 0.8846022340958984 0.9296843607618477 0.9137110304984607 0.8358001880616686 0.8407692588541991 0.8541557924172015 0.7721251738510406
