Raster_benchmarking/DGGS/continuous/raster-270.asc
NCOLS 100
NROWS 100
XLLCORNER 1743150.0238774072
YLLCORNER 5469285.113437188
CELLSIZE 10
NODATA_VALUE -9999
[rows 38 to 56 of 100, columns 43 to 85 of 100]
0.704792946398193 0.6590473210052594 0.6589818234191654 0.5673050192276029 0.597273974906076 0.5210787400389707 0.488971894493123 0.4875420464063041 0.46997400271027456 0.47583521935378764 0.45352712254232974 0.4744015806145771 0.4727828634199655 0.4671593575589854 0.4311273259906635 0.3891538734091932 0.3393614145250002 0.2756708909311611 0.23284692953991146 0.20864125507735368 0.12299538157301178 0.1461279864616976 0.11453968459739886 0.16830768606284058 0.15783062244076412 0.21034334662622037 0.21743109918991976 0.215122395375009 0.2639949208243082 0.33509668662975045 0.3722047372571926 0.3915524966780246 0.3610923919821899 0.34063687154103556 0.4185114082871722 0.4176770761971025 0.46887961504599446 0.5455134341731632 0.515710255200804 0.5028610825985615 0.5891454803192242 0.5888785958272991 0.5834524702414374
0.7155261022606064 0.7278806727781952 0.6898345760591358 0.6211412596798572 0.5992654013929103 0.5510622100479161 0.5321007138064223 0.4669555361030424 0.48149743643574056 0.4253534903852443 0.47687038817745814 0.4426756893311679 0.4270684150467106 0.446140838233532 0.40611738232610384 0.33099025947124117 0.32162528934195156 0.2575220391584475 0.21260452277332334 0.1860729772902364 0.16263669648981796 0.10675786657768455 0.14020266119249358 0.2006483523019318 0.17137045879784943 0.1711831375955344 0.1855453779335376 0.20945851626490153 0.2678034006619892 0.3350628069670814 0.3579734021253876 0.3836119894409488 0.3598996029293482 0.36066499267902863 0.367841168923218 0.3991244066457884 0.4314412844669929 0.5326795373902162 0.5081490794124724 0.48519002109338066 0.5593522781383111 0.643248391904421 0.6164028774066291
0.7544664228487253 0.7293311747693257 0.6324447509529098 0.606925814536364 0.627934524515117 0.5456186184227866 0.5295507615320558 0.48442860996715714 0.5081766259134205 0.45304511707277295 0.4657513628237836 0.43376048021524677 0.42795661467712337 0.4073015505842307 0.4254490126371003 0.35643621242546636 0.3484336972887104 0.30914201154624593 0.27333717932208257 0.24494546796170003 0.17026227675371483 0.17931157157280683 0.22838886799669694 0.2363027257320872 0.22420619013604048 0.19860328320938375 0.23754011722854598 0.218043203585131 0.28416575375622793 0.3002575976380182 0.3399824687895151 0.3571656301924432 0.3698065372574674 0.3691610770604018 0.36550330812715587 0.39172059696981115 0.43039622580672643 0.4654404924804631 0.5077324559534492 0.508008396968825 0.5911648424424898 0.5991550889678712 0.6289922113826424
0.7522060312935608 0.6529726239172463 0.6561786595084268 0.6324535275982299 0.634805159973281 0.5805657758950244 0.5358629087648049 0.5414894558128528 0.5326786808488128 0.5513427216962664 0.5200013160085246 0.4690507255406663 0.4826074601145209 0.4233619402539905 0.3875494051855632 0.3871496226385247 0.33178187983903545 0.34360660056993303 0.2816808700661603 0.2463670088518371 0.2018021522321107 0.2573394236727867 0.20141088811485067 0.21455497138198273 0.1784243004822086 0.2074035288319465 0.1955755461097711 0.21935555923320513 0.31367572783539854 0.32079059773037877 0.3183531267559812 0.3030751652651132 0.33286104479813894 0.38501083889920173 0.37731938604107745 0.4400133634930667 0.4235355078002689 0.4670160926009087 0.5202468807752264 0.5231991332338601 0.5388510145505175 0.5979330033522403 0.612826245720703
0.7698854922098927 0.6822690288430211 0.689708593412674 0.6794494518389526 0.6044733168691664 0.6202248546032216 0.551688262058179 0.5641473833158687 0.5244637503853959 0.5522248329581799 0.48415998372080976 0.5144100339653276 0.4973084868871065 0.485883262718119 0.4481005194722959 0.39700114098014594 0.35845452958649515 0.28835017850412387 0.2807327161844075 0.24672933924976653 0.26279663689908744 0.21187394618495245 0.21755681622246542 0.2389416111858452 0.1786467652484373 0.25301781125727957 0.26552422855282265 0.2370193678616417 0.31666895474994705 0.27829710083103515 0.2942899807648131 0.33181361283460653 0.3419058594617032 0.3575598107833356 0.4192929027622727 0.419079953816291 0.47837303030305595 0.46678566169748237 0.5030795654852531 0.5036312052515391 0.580417286041033 0.5529853808354616 0.5915958426727421
0.7484545203208036 0.6990029068265734 0.6729580205339503 0.6646744535176301 0.5985917676326987 0.6002437386863818 0.5567386858146989 0.583375625075006 0.5504945657739275 0.5190663074198073 0.538275730861439 0.46992579957928476 0.507616150860488 0.5127132460212817 0.47179279262950835 0.4189193751147392 0.3403073483380188 0.3119919916324923 0.2723612210611104 0.23813147888644443 0.2749069561373901 0.2576824954940979 0.2738796108985265 0.19358248244014412 0.19705555553189086 0.2295580072448162 0.2752965701958859 0.29305235164152826 0.29012203941196846 0.32431446228187893 0.27561925486751426 0.32976157349035934 0.31978246013105166 0.37214437017455015 0.43247596362903273 0.4331814929792061 0.4732851326187447 0.5121084155477119 0.49834479789272107 0.540917305801855 0.5302866784880965 0.5487598446018932 0.6034598505692271
0.7920732830153725 0.7068127471183213 0.6760092642417486 0.6474675387117522 0.6265660882652043 0.6576639977956131 0.60245179664674 0.6025969980844251 0.5881972092344321 0.585797446005731 0.5499696834070196 0.5200060969950472 0.48084570735794063 0.5026627449864361 0.49996704965072397 0.3845145790063417 0.3507051424723402 0.368318175877876 0.295948516921381 0.2732510388380742 0.29250553676656316 0.2682104648397555 0.27728488824702774 0.24681087470296825 0.1905177452771431 0.24100761777379515 0.250847826975591 0.29413975909307927 0.2922351145871097 0.28998577998619635 0.2667171523000872 0.2814827076149218 0.32568469828173663 0.31926756633223435 0.39347938611770217 0.3813541029615253 0.47035565957902814 0.510905268701709 0.5130908403014732 0.5383229365113298 0.5095644177364587 0.5799206345253525 0.5767872975812578
0.7390218243449705 0.7314053845426403 0.6971030302771345 0.6078879519604309 0.6509389689207585 0.6519412198353088 0.590182670767326 0.5766015868555278 0.5937219541410022 0.5345833165966855 0.5001647947219345 0.5348033441332074 0.5040049696673274 0.5476634504682024 0.505743857815177 0.39331392125875125 0.398458261743435 0.36473039553527564 0.34697860544429154 0.3019268439001315 0.2948895154324844 0.27429275759043253 0.293303991153074 0.27275550729967163 0.19485840563295698 0.19809652709225448 0.20322284079687855 0.2027946857671459 0.22179517663156387 0.2263892585497013 0.30935431439181177 0.32599369725683586 0.2807357869515011 0.29281764527699605 0.36313339868801525 0.33353861637241444 0.4516757091669968 0.4608691041020931 0.5265029892111209 0.5147203523984493 0.5300074795513579 0.5489132957073449 0.5444183127321206
0.7876543083068961 0.7413265631523531 0.705736283844723 0.7086560344417547 0.6604738809698394 0.6209712482293066 0.6264239382224489 0.6483291574755838 0.5897840460299829 0.5415197185207504 0.519661190129016 0.5212125919503174 0.49180763738473987 0.5334239574585585 0.4742445209377968 0.3859087625566722 0.3874183793308144 0.346532393661211 0.3521805379358155 0.31845542344674777 0.30277415069454006 0.2496412129312373 0.3017255150590067 0.2510169116427904 0.2592599286670203 0.20582434986431306 0.21617349710388808 0.19726728296030366 0.194359665506399 0.2758685255586342 0.30005055724035873 0.31409898164288325 0.2557264594532915 0.2969756406439555 0.2916057845454677 0.366532236215679 0.39703488186671 0.42884027944396175 0.4975814575388749 0.555395613538661 0.5636158820155884 0.5412429986530856 0.5470050747508063
0.7443508459528081 0.7491422209565671 0.778991930441087 0.7467472341506033 0.7100875041240471 0.6380842012286208 0.6748101476960148 0.6553666237933016 0.6447671891103589 0.6166388593281698 0.5468514468915776 0.5309740462475512 0.48614691756049366 0.49858872779061125 0.41830283664001916 0.40973249908496795 0.3778005838812703 0.388033737390633 0.35561682821061186 0.35685751861071474 0.28480096814507405 0.2225059928378273 0.23699311237806253 0.2893130740358062 0.2255071428764601 0.22118634818027993 0.21889686547025433 0.2061903394051283 0.22468577376145565 0.27290471210154515 0.2307751621175145 0.245697939283586 0.1941236440256635 0.2258058484306652 0.2981569559515707 0.3335997761180867 0.3557039905216601 0.4441620207304364 0.46668621212953004 0.5271398304972938 0.5436563923253336 0.5120337323283365 0.5509329434589482
0.7761941552046323 0.7593611022165969 0.7782384110576722 0.7009127850677809 0.6700998947692547 0.6897305112326857 0.6440157631135979 0.6596723425068388 0.6075617523823755 0.5471633068369096 0.5221518452281376 0.48990899480622746 0.468558949425039 0.43504180430766476 0.37315761894197297 0.3636428205010406 0.34614131050931446 0.32891493797569926 0.3393086022566837 0.3325571327250796 0.2870719448093152 0.2490517147240777 0.2528579373581702 0.2644368033036493 0.27519980184926485 0.2598914001972877 0.26844088526445525 0.27359474392278094 0.2296311214110144 0.23334939424647344 0.1782079617327019 0.14785989957641368 0.1724121366351921 0.20616755418826907 0.24809390403605275 0.3370848435345618 0.3741968833030985 0.43960672411804375 0.44225228628799595 0.4570866311947846 0.5096131013915746 0.506301928224364 0.5448260023699902
0.8060951517539809 0.8004614520980801 0.7609696938699855 0.7578692206201126 0.7216294589553137 0.6729689262480839 0.6932816379956912 0.6477338678931747 0.5826044791538068 0.5382834020849598 0.48785960983986815 0.4223152869104989 0.3949158013510945 0.41518931509336593 0.3003424470396946 0.2921449475178199 0.29337682488950323 0.3455544554179504 0.31283688599667436 0.2573229591022428 0.29385364281278925 0.22680781584190027 0.2770592703386829 0.29556887926143993 0.31441998169594837 0.29430148055060074 0.2923109860983457 0.24107273109942284 0.1957057146937325 0.2059457398135581 0.17554771528705349 0.1351356739242457 0.14821895051874226 0.17690759197276204 0.2572222107656326 0.2836026740826026 0.30698720972020377 0.35066130396800405 0.3665337408994222 0.4318407055261802 0.46482105158811915 0.5034458680000173 0.47898216384458486
0.7962685819436445 0.7427002425080594 0.7779380515330325 0.772633934041383 0.7499900557591931 0.7187718792162735 0.6798030424687105 0.6438927296086395 0.5960032888512116 0.5065562995014729 0.39379111633458136 0.32485893052272796 0.31155649294285226 0.2675883804988472 0.2652471528260286 0.28942040610319986 0.31958516635015327 0.3043208714023849 0.28896357869065764 0.2844770047047088 0.263814374299949 0.22303070283858006 0.24696154737588516 0.30165811278973903 0.27870701545794624 0.26901758593500985 0.24185942495180993 0.2540376103433705 0.19603504401882996 0.133629688510426 0.14959659194249056 0.11309668611775975 0.1823975941084975 0.2068255667715757 0.246168471701286 0.20611349233400264 0.25218187651795815 0.3180195741273655 0.3899682302838168 0.3879377294186315 0.4360476784404766 0.4421766391667748 0.4780174743181062
0.7768723597564394 0.7124319102119926 0.7053529727128445 0.7002698673776242 0.7462812925173052 0.7288005642174686 0.6489180792180372 0.6076712524341956 0.5771849584346715 0.456544388291426 0.394221218920811 0.30994326920958143 0.26006997996385234 0.22137687146849683 0.23657672220398782 0.2479760106906517 0.3037694115614026 0.30772364857764034 0.2570839078803118 0.25260196526704604 0.2650655269596328 0.2821477565693376 0.3078726583567896 0.3317792891533845 0.31923810339206704 0.25556325702846666 0.24721716924386142 0.2444656607778966 0.12769785628077096 0.055123212469337365 0.05495007246958765 0.06340649726017243 0.13701744869923513 0.23817434908176013 0.19007253003784214 0.17091192779313077 0.202123343364826 0.20895666105250416 0.30510270112591525 0.42811023557281325 0.4229966296013195 0.47479490084822057 0.4013924700625584
0.7555614966172063 0.7012415471353654 0.6755030657766409 0.6514973410320956 0.6657011396703163 0.6251928931821503 0.6278329153363337 0.6228589541112718 0.5883517859118519 0.45954774967242285 0.3877166619830863 0.3090850255551255 0.29697813162208636 0.31143966295255654 0.2944999236055971 0.271824114592952 0.29069561638355645 0.3428496363705253 0.3172425557012218 0.3310110890645833 0.2919257408893555 0.307014665840085 0.275732202611931 0.28894747509559304 0.298211798555454 0.22811791553285168 0.20496274040986265 0.1600710547676642 0.11229863765224272 0.0678024575037928 0.08175498846898072 0.07122491300970582 0.10100407934024914 0.17634236368485567 0.1900680424342857 0.1649212856809421 0.2080749837194964 0.24834085546205667 0.29545522326587403 0.3976779996460586 0.43280701576367636 0.4027322373499543 0.37085556599489566
0.738710172301109 0.6639190220117202 0.6469692369856332 0.6451107238861346 0.6523708238061815 0.6270440840352134 0.6191491121649046 0.6197569154082169 0.5969875315658368 0.5206858035638281 0.4090967746648974 0.361288886361724 0.3354328801938766 0.29999995132757434 0.2871767377703113 0.3148821147009076 0.3238293642775591 0.3145061823858836 0.33202840373876447 0.3291686209681829 0.2589717271941093 0.24984458985316466 0.2754553680385216 0.23850308972139195 0.25746090703946356 0.2849691611489582 0.22688602759788 0.1838102608071069 0.10499940056417095 0.0805405783419295 0.09642524468220862 0.03681125794149611 0.1065602901559105 0.16749482190880793 0.19808710830104426 0.18183099562839652 0.18088692825293504 0.18285279805466134 0.2687989723561057 0.339419170813884 0.38621187058139783 0.351346046038626 0.38201068098881485
0.7601980037889122 0.7402925065200295 0.6743594311248379 0.6479509146714958 0.6637573280313738 0.6005413771443824 0.6090896006679812 0.5847364274572306 0.5853922826698372 0.4951321322545683 0.47440546072076856 0.4069497778214742 0.3909716691772285 0.3462635538639023 0.3684100479463118 0.35681749782715105 0.38349038753064907 0.3522129679135803 0.3319000148935173 0.2948715515178247 0.2737563566517528 0.22811109767092402 0.23710026878670992 0.20583948044765435 0.1949344213249449 0.17893885126154732 0.14845787126909385 0.08837221390490703 0.104238438248394 0.08254035277772252 0.04654179263596986 0.054489560903563196 0.04697621012654727 0.10285827267921208 0.16860852476639224 0.16679408709755641 0.15864759455520594 0.17913827720494557 0.18519526625590443 0.25195303754088405 0.34227839362698304 0.31292912798153916 0.3529158955712101
0.7197814902741488 0.7441774828372474 0.6483832880860231 0.6361347480521587 0.624802115894394 0.6358820030843235 0.6426577660840336 0.5981265279788766 0.5923002993265459 0.5425157427548657 0.48514279402425126 0.4379604624098245 0.417418685215227 0.45709102696982074 0.40098010002070666 0.4568077325887324 0.41758253827356134 0.35735628069122344 0.2970652937101201 0.3098968755663658 0.23979098070087415 0.16747924734426603 0.15168952498072116 0.17005714574827885 0.19944195269308082 0.2134977423568238 0.1751804929549986 0.04918078081488389 0.012717566207927222 0.0063443529798240215 0.037332442933139864 0.03747071617155313 0.06391381336765986 0.03511609347454666 0.1404472505117975 0.17030520241112299 0.13913493242330327 0.14120914495484982 0.135424891240199 0.21592068298156675 0.2582892660340123 0.3368863176015865 0.32986651443167725
0.783471826030918 0.7133750257577745 0.6911937440088811 0.6536107877507158 0.674833674086365 0.6471022802377503 0.6186371983751296 0.6010046184822485 0.5478630521871216 0.4994782303706706 0.4984975827769789 0.4503305395216976 0.5080594081012134 0.47001627281457375 0.46191377231495906 0.4543754826863027 0.4517369238496338 0.3811087977071667 0.30141421977250366 0.31022034849298613 0.24034442781764687 0.15011295807960462 0.14230796973615836 0.16103073244758917 0.2121371214028185 0.16113888789624228 0.13763942632131546 0.10473881857412866 0.03767080610078029 0.06888296691555226 0.06612041279502003 0.06838803698293561 0.0804738803600604 0.10856022506862573 0.10087638275634506 0.1572685316855689 0.14712456470141694 0.09800889127352046 0.1401593084218371 0.2108967542359684 0.2747955821889691 0.33174039361212293 0.3245002605466741
