Raster_benchmarking/DGGS/continuous/raster-43.asc
NCOLS 100
NROWS 100
XLLCORNER 1743163.35975123
YLLCORNER 5469284.022316839
CELLSIZE 10
NODATA_VALUE -9999
[rows 0 to 18 of 100, columns 43 to 85 of 100]
0.6794336240467437 0.678357062950357 0.6592401394154126 0.6579832201366703 0.6475203043876978 0.6489079764941875 0.6470956116147576 0.6374852975740456 0.6462055035165648 0.6633921320235594 0.6758510601645854 0.6745268945585037 0.6850232713888776 0.6310079042868315 0.6214658030625767 0.5899594415382082 0.5876062586550092 0.5668389991962857 0.5326424037518414 0.5165451185705456 0.5178344514105548 0.5692832945291417 0.5815649046251433 0.5869802925893776 0.5660789848105995 0.5002885847105106 0.4761137944722504 0.4373013061705626 0.41489541237367 0.4169475254972152 0.38535234596904416 0.34640770320344005 0.3505480571198381 0.36483651836905595 0.40019942727276975 0.4050106717086153 0.363276559180228 0.3876566541588595 0.4105252419236396 0.43014113979813967 0.42879236925064457 0.46782936072775155 0.4779968854039065
0.7093453389117158 0.70275477312294 0.6856473551651193 0.6481132172175904 0.6278228663560761 0.638466459508989 0.6174448572250391 0.627177116912934 0.6480751223333797 0.641885474359153 0.6726032406302469 0.6766841102910577 0.6882759884149763 0.644575854727115 0.640037429679654 0.6057332718908863 0.5875310788129927 0.550168213177433 0.5334723391499566 0.5521017711937537 0.5268182858700533 0.5749561033036276 0.5882910960117579 0.5922700155532087 0.592317255518645 0.5460433330131376 0.4650899578553292 0.43877991794355 0.4119593963332402 0.3928155609352073 0.3882208407480498 0.3732725167828487 0.3579703722787797 0.3627245599547449 0.3642033881183034 0.38087583300981787 0.358585327254578 0.3581342243641688 0.3612875929238111 0.39972922601912503 0.40257066158522536 0.45154805778177953 0.4627486492567427
0.6925413752634825 0.6921729921646926 0.6843196545508936 0.6512151890486887 0.6079243048081595 0.5917637549412302 0.6214171765026595 0.5908913496527568 0.5922685541267139 0.6345664906163372 0.6575472907460548 0.6642513268755106 0.6587858341424577 0.6059048378722949 0.6128628307963168 0.6043204294488329 0.5401312904041422 0.5167415856668857 0.5399031223151682 0.5402325736481836 0.531987640711555 0.5451193704701081 0.5793606833927473 0.5907943250665596 0.5782309423491305 0.5214666485418546 0.4716825101756765 0.44596702109840514 0.46016995824498125 0.4086118367515521 0.3817816895765895 0.33388124413579945 0.31134173476599947 0.32657252081457727 0.367727460420554 0.3725328668128686 0.3523329256088661 0.35539879384701606 0.3722263337000251 0.36796363243201363 0.39640676040643247 0.4308372246246687 0.4597116171861199
0.6986651184735122 0.6929482158205128 0.6756370346965511 0.656724403150724 0.6021537860511109 0.5871635353515195 0.6005710825036555 0.5837155228132241 0.602428654891603 0.596906713412084 0.6124877931234979 0.6346450770937859 0.6298337281520524 0.6018762167718025 0.5856420524199306 0.5682201891945724 0.5428087007179518 0.5061075453918238 0.5078594051846164 0.518652350091685 0.5364381998099744 0.5383612407872332 0.5526358866580374 0.524682089883961 0.5284291227581411 0.5193337524888632 0.4595078206438444 0.44156898091205654 0.411699725571674 0.4108204818660252 0.40655662103835327 0.3475468335259373 0.33848278270323556 0.35413444930608756 0.3692786560533191 0.33855082903115946 0.33884187026208185 0.3945627830607317 0.38063474461146246 0.3853599832361965 0.39115904124363726 0.41833582280709564 0.45337032068860195
0.6735435540470106 0.6823027616009852 0.6632679652902812 0.6264972439984029 0.6238885940772392 0.5980844876213914 0.583364268463224 0.5958246643888936 0.5854680305166508 0.622067087669324 0.6062991967428603 0.6096727115397035 0.5714618087011861 0.546028388190878 0.5423176335938308 0.5506728606824134 0.500358401818809 0.4938568413453798 0.5035263609420094 0.4812314680844548 0.5026955585609252 0.49451121833761275 0.5402608345869737 0.5307711400116684 0.4823912359517287 0.49814978208697547 0.4768990096738505 0.4438514262640824 0.4093740730710459 0.4111071205175073 0.3926213376066876 0.3606429457609372 0.3574425554430102 0.3788549805207191 0.3509099381744724 0.3485560868642597 0.3620585369642612 0.388901511103219 0.41625755126877745 0.42749248089342196 0.42188695930166137 0.4164827191726495 0.43105024785904733
0.6117790161486204 0.611421758916853 0.6107165149340055 0.6202427894865897 0.644836862573222 0.6101987976608625 0.5888321493388136 0.6075743132550054 0.590189158293867 0.6253960792537245 0.6032814623151422 0.5894721334063732 0.581942763209244 0.5642680445917095 0.5393660676453088 0.51102032650523 0.5099291796611434 0.5094749443916154 0.5179669820681306 0.4923167589739328 0.49261390714505504 0.4887294649770568 0.5124960762032409 0.48545079629175564 0.49916749977766045 0.4881785719313651 0.4956211526028845 0.4544837593218858 0.41879402129512766 0.38270720620003273 0.3949793043854331 0.35567443621730344 0.38200613020369756 0.37316463740865097 0.3585454990026929 0.3924458003339517 0.40072860343774164 0.43054846490996956 0.41282379465033603 0.41016392330043444 0.4161427908870242 0.4308313826577005 0.4554801788186987
0.6189394464945748 0.5745918007146745 0.5856442594212754 0.6367561164892351 0.6314255049684335 0.615374025911244 0.5777081440468864 0.5891841043608653 0.6407890498509102 0.635284113366704 0.6498794807739273 0.5984198958399647 0.6274142934458936 0.5887579931610966 0.549645722522827 0.5350825586489738 0.48431883401924103 0.4965572214225228 0.529800624097006 0.5208082244798313 0.5053670211627808 0.48831113151239547 0.49228810238621346 0.5197579142235081 0.4967350309448377 0.49813752370455316 0.4682025895674241 0.4380313517849037 0.43219551211171076 0.4122759950736206 0.36190961672774813 0.3436175079509706 0.36358477087826063 0.3475942019607813 0.3494918393140545 0.3692540534551048 0.41382311680179024 0.44916450962134213 0.4452974317478971 0.4050456849812404 0.3981299117796322 0.4015133851975988 0.4365277139570096
0.5871188556545668 0.5690283286545261 0.5959071218518339 0.617309205225119 0.5950615131982311 0.6100772188253385 0.6210716157834799 0.6200076620559097 0.6493974019411801 0.6143177077801154 0.6065381003602933 0.6042057559056915 0.5833764932343836 0.5869875339423092 0.5471482030496255 0.5425731857072409 0.5153648844078732 0.5230245871389504 0.5484332275599237 0.5305685263256308 0.523427264037741 0.5351414882812333 0.5200385377570432 0.5385869340544875 0.5200974405646563 0.4871353717228385 0.44346156125619735 0.44303531320439193 0.431211295665039 0.40208232632789237 0.3695522544890814 0.3614862155041573 0.3557851190247708 0.3464911588601779 0.38686680497580994 0.4063770584654323 0.41688702156008295 0.4288156520333209 0.44414593100388833 0.3994933801108979 0.41725899822880813 0.426207018820929 0.407704569671844
0.5358390153525122 0.5574832668211046 0.5494318448754967 0.6143763720147813 0.6078171234381184 0.6143997731556571 0.578344404345431 0.5868275526079072 0.6373543293683225 0.6394241232063822 0.6044090528484659 0.5921318426858696 0.5821281320698743 0.5736028700463112 0.5840621868070661 0.5225825717994849 0.5104354037229867 0.523895065512113 0.5468551326709591 0.534754874068308 0.5668603020673361 0.5377206763315535 0.5514635269980085 0.5584883502970069 0.5254030575415727 0.4820765152198433 0.44381233540439247 0.4363122424205205 0.37752806967526675 0.4048751010597545 0.34252670384330497 0.3346435584532451 0.3273601343265447 0.3536404772114517 0.3972079485317089 0.41897617238787954 0.39908550288224653 0.39181999776911564 0.408171850707102 0.38538192253963693 0.3674277474929916 0.3789838311487468 0.40824479423899473
0.5241913473377987 0.5482743114411849 0.5570819922929389 0.5883358255167439 0.5944339475014568 0.5819673509991043 0.5885317636573006 0.6063262544777799 0.606392268287941 0.6334051997580735 0.5764562691807192 0.5617421403341655 0.5665508499775631 0.5661502679011128 0.5642736907889203 0.5305813057717235 0.49846785695906726 0.5264672392566492 0.5553474678695548 0.5558153284717379 0.5718437793441717 0.5652188886074193 0.5524969039647396 0.5458624345061812 0.5393431812240593 0.531183146025176 0.45742466748560556 0.4247889555122379 0.39436763363384586 0.40552588922038507 0.3959099391477507 0.35480521400290294 0.36832008767445723 0.38657025329823314 0.3885631549172452 0.4128437885967318 0.42711886858612164 0.38604776552743303 0.40085130008999276 0.3803208589366141 0.37334010905740905 0.3705023600256149 0.3795533119084031
0.5006883865265871 0.5294731222889772 0.5176084021022604 0.5473524358822507 0.5821628118609112 0.6102080405182949 0.6261133322201046 0.6147565920875595 0.6219418331784518 0.6315796191045303 0.5756074250219391 0.5585114450783575 0.5675661625648261 0.5531976023711277 0.5172474767755957 0.4911946203513396 0.4958180500954027 0.5066691627148106 0.5256838880965787 0.5564244268091803 0.5649590409445856 0.5593377532765414 0.5733149624226536 0.556048145828888 0.5772632461525429 0.5567977793174526 0.4957648541694302 0.439406104531388 0.429412733940789 0.39113543690063696 0.39998373001410875 0.34292869741600174 0.30704729045660273 0.3582011661041326 0.42531656097043924 0.3970763990827073 0.41333605924179734 0.38353791333499554 0.40677988464533843 0.4010132511202588 0.3765399342460137 0.4004454649970344 0.37938246401739373
0.5083435508942623 0.5133847572803514 0.554401387366514 0.5649137893912936 0.5673375542296806 0.6092454947434789 0.6034689204171709 0.6005044039336093 0.5787246112582701 0.6017692169007507 0.6026559979241285 0.5795348699263573 0.5423834798447916 0.5402297656391014 0.5384515093682635 0.5132394060611752 0.5047650815659065 0.5223714527397554 0.531373066130919 0.5743062615377761 0.564864713172618 0.5757840501953956 0.5878655976155898 0.5683968349188078 0.5667107888417476 0.5484083641382651 0.5208981437760739 0.4601252510954157 0.4399110923703301 0.3912183800740759 0.4023793022266456 0.3684935956896692 0.35235659554259113 0.3606281055360309 0.3972411799043269 0.4042936969093487 0.39649232953403357 0.41947274841269866 0.3865816470881812 0.37972154862315183 0.3995485726764226 0.3856412613893186 0.36045483351912694
0.5052584737670928 0.519705692536686 0.5735972773333803 0.564677508597629 0.5518913508136629 0.5762252570658389 0.5921755947565001 0.5912533250997348 0.5724769367980257 0.5852397552613063 0.5710684326219791 0.5726982426265924 0.5763726221739555 0.5713163926999287 0.5534270144208222 0.5412406310410428 0.5345490259767862 0.5400177627598503 0.5651077856142872 0.589720993383822 0.5947250581114051 0.589039820805654 0.5860853322268809 0.5406488958030802 0.5259688635135089 0.5577590587678087 0.5429470498723501 0.5075796830799781 0.4557422938563487 0.3975480202843799 0.3646336520535508 0.3581455194301316 0.32791861559760266 0.39187736096522713 0.4218378546152734 0.424498221314513 0.40925264990675086 0.405649307606801 0.4089295640567635 0.40226325427001053 0.3639205771011605 0.39910771402939105 0.3765059599382202
0.5226552808401234 0.5546120564895006 0.5783456433210372 0.5911420593237349 0.5731840370485357 0.5475452033744699 0.5880274148869915 0.5681629357001847 0.5472500943035438 0.5798989810648806 0.5782526376795002 0.6016044127958564 0.6011642703927103 0.5708997410681786 0.5747547435302366 0.5885194157320031 0.5871087544436319 0.6049652027785194 0.6009011385768473 0.619939151885286 0.5938975340992203 0.5640105349252513 0.5615425154601424 0.5770094785233235 0.5567217901926463 0.5308629918015925 0.5180184938363713 0.4796635707802748 0.4319294455077625 0.4205744400926083 0.4164084178513604 0.37694232313010034 0.35698116902686866 0.3896894484517276 0.40372284003822373 0.4011936987111938 0.39305111409931126 0.4170659470043734 0.41655934955895846 0.3896831230503866 0.40369122930601603 0.39918175144463813 0.41101504109507825
0.5003439672600389 0.5644617280546291 0.5812007442134016 0.6014456654602619 0.5920607788754152 0.5735184893558228 0.5487668643943632 0.5393965498839511 0.5477810503691645 0.5514264192060148 0.5859963310202954 0.5837458186155279 0.6181558119362327 0.6157910644533774 0.6335936678833693 0.61340372422983 0.609239287463435 0.6045632089137594 0.616639643871337 0.6020904095274144 0.607407915793362 0.5662468077665436 0.5647091870133721 0.5639686776043411 0.5419077606568377 0.5335701504465064 0.4793179594271923 0.4511464219978339 0.45927836326381194 0.4452325204896615 0.420661382457439 0.37817320309152364 0.3806800766600978 0.4295936294958838 0.429344708522951 0.39933897632992105 0.42680823159255077 0.40756288745345504 0.43479532323219855 0.4023966734642398 0.38294468338380894 0.41830426738718346 0.4080497165128558
0.5279363373158555 0.5382535902403346 0.5915873674961252 0.6047782526473965 0.600378404046216 0.5434771208158111 0.5129624259945873 0.5171588499369736 0.5286692287320258 0.5525600751215124 0.5550434038804448 0.6065505086954668 0.6250405811458424 0.6252783295706946 0.6200142061159526 0.6224130855101629 0.619374449769364 0.5924205179171194 0.5748240400966644 0.5913056678915763 0.5963509969377747 0.569776579495198 0.5504839780262544 0.5368565154086075 0.535520916396998 0.5327384112839035 0.5307445925401896 0.4818191468578928 0.465617316591084 0.45005954221209715 0.4173058798448973 0.41891119383985453 0.4386688942175799 0.43897150654085754 0.4165846149033786 0.4342382495189823 0.4447641782886317 0.4368321481205611 0.41057007023948106 0.4371853885724968 0.408205286658635 0.42823717072221956 0.4256604302865219
0.5647377348883187 0.5634767142086067 0.5777836514699383 0.5969787744019319 0.5819586813579123 0.5488749053828955 0.5401072082998619 0.54607314878055 0.5258861363843318 0.5166207001635066 0.5531861079514536 0.5753158850989251 0.5758753977575162 0.6126196419827554 0.594188144545304 0.5854797903073947 0.5832911097326647 0.5916323781494359 0.5952696924163693 0.5791386093834383 0.5800105498900159 0.5704978844912555 0.6009375067867578 0.5670835318505839 0.5342058776642591 0.5349547624037879 0.5373862339546925 0.5274823964532461 0.4894662891165301 0.4654999544685689 0.42909716000774445 0.4372024817299662 0.42879197342066755 0.43269792852694455 0.4189390547953288 0.4079248571480981 0.39828095024194926 0.42303517357942794 0.4262223765686665 0.4437255829170699 0.46781008872984153 0.4928285341423488 0.5012754481740528
0.5722804250214463 0.545106828923399 0.5643020516541584 0.5544847012851968 0.5562393706481431 0.5428876262749511 0.5343477478577607 0.5633743046591998 0.5182690741177644 0.5202949736290836 0.5617902472232369 0.5967308980733471 0.6099778704264956 0.6259942708188665 0.5951629812955617 0.6029554475090458 0.5535275600328022 0.5715274328327716 0.5831984735139335 0.564355743277867 0.6084447349165213 0.6141159489858291 0.5943926404854033 0.5809925696222459 0.5389168789814097 0.553871608620581 0.5225203089122992 0.5364232968081899 0.5066685791752247 0.4569513674433331 0.4512966540136934 0.43633120575849044 0.40796388797632366 0.40443597242277807 0.40375621918432586 0.4455403879186077 0.4576206752753902 0.4418924327669613 0.48223361071238924 0.49420418024390644 0.4898515764976445 0.49356184493284755 0.511711067597061
0.582331001648162 0.5802760834909536 0.5507835476350008 0.5222541041995369 0.5165186793859897 0.5601562060182473 0.5486974244945275 0.5567898512711765 0.5403905928970973 0.5291904119913637 0.5516043599203339 0.5868456624080315 0.6122026192056642 0.6134781829371677 0.6236846324869663 0.5660423073928252 0.552786664900477 0.5452771239245997 0.5377698611361743 0.5885446000607165 0.6060345372670758 0.630292830824576 0.6151264119918715 0.5811836106332096 0.5574102414662784 0.5453494867289042 0.547987122195497 0.518866069885534 0.5053884502136328 0.4529393223990782 0.42199423347883797 0.4104820724954535 0.3844607676174589 0.41647555798189956 0.42523452225575775 0.4414110328116254 0.457150442714863 0.47170484669831025 0.5179318735906695 0.49944325463467065 0.5128326019632449 0.4987356377459048 0.4833835167579991
