Raster_benchmarking/DGGS/continuous/raster-267.asc
NCOLS 100
NROWS 100
XLLCORNER 1743153.1560327536
YLLCORNER 5469283.996231366
CELLSIZE 10
NODATA_VALUE -9999
[rows 57 to 75 of 100, columns 43 to 85 of 100]
0.3189028491964948 0.3060895743935204 0.292529133810141 0.30883763080800525 0.26773816784038107 0.2786639778232856 0.24430406576474545 0.19273672690101729 0.19897667955101178 0.17958364918203643 0.2435378432645851 0.2583048218804435 0.2434761814164358 0.21913942402667388 0.23477970020297642 0.24392798664782164 0.21082870732697737 0.2129588149150812 0.18992944097591577 0.185265946693556 0.17568193132562226 0.21758944428088844 0.2605960891119099 0.2566327764686516 0.25275096264814967 0.21469541851118618 0.1868243206349322 0.2394446263478469 0.2574499662388082 0.21504659732561227 0.1766449021322999 0.15695860665948233 0.1946748154545031 0.18376496411985194 0.22138468233433414 0.219559412454811 0.18965834598325096 0.1915158794619945 0.1659958721588657 0.18974544588540457 0.26143036281070875 0.2811828501933078 0.324588902130271
0.29367637123639667 0.32312364376167535 0.29012619962452396 0.26749022217701096 0.24647373172020762 0.26645190275153224 0.24420438149381152 0.2256694474597508 0.2095252153794416 0.20028086331179523 0.2268190903261554 0.217955048587631 0.2563957615614721 0.23674803613788337 0.22805900671391705 0.2024680018492009 0.20367990716246906 0.21615214957011802 0.24485134904929376 0.21562695880325694 0.2502708629068015 0.2729088118420082 0.26234098678433404 0.26636955371992127 0.2548898924892742 0.20358643529358345 0.21454630134444988 0.25891053330434133 0.2754075310321148 0.21080884159044402 0.1814392566317037 0.17444521657930823 0.1927054306515409 0.15806213514097694 0.18009784595805572 0.19446690585277268 0.23751680899970873 0.17480621786992245 0.18938484217536627 0.19544644207335285 0.21284226040357254 0.26505044707207637 0.3554046504423048
0.31201673401459623 0.29488530760825915 0.3151296119435824 0.27845495105365736 0.3140153062478683 0.3203130441366363 0.30227699141220415 0.2158603647820898 0.1961636881205038 0.20902550338709608 0.1930510334069452 0.20366402624611166 0.20900584878775788 0.1818927528878255 0.2012030180682799 0.17533521410007086 0.16108999523071948 0.21596142453271325 0.22484954549718253 0.28511780269241904 0.29393901906332115 0.2540875004728413 0.2665803996038614 0.2336296779599115 0.22000037814472617 0.2459838188042479 0.2573134600967455 0.24337382698780155 0.25692974488157316 0.23342348578995217 0.17852838416926686 0.16484191784607116 0.12610710420698856 0.13742029248216955 0.14059131618657414 0.20602383799434654 0.23814015065356128 0.2045459413336165 0.18020702024149934 0.20067948138149785 0.22466199982564694 0.32226977849996824 0.38210300103562583
0.3607581719369102 0.33223907803076363 0.28976664184568757 0.33789227217989926 0.3689144478340875 0.3129951280084501 0.3154501907034966 0.23186717973813348 0.19294307320817056 0.2226665908769697 0.17925163644228878 0.19140017696145928 0.1455995093374712 0.18167142923033264 0.18554262574205357 0.1849966519469046 0.14070194306833547 0.20524097176921238 0.21626599086182138 0.2700221421518224 0.3207110615169519 0.2707486495716607 0.27922899313587746 0.23765200667114406 0.21340673745882954 0.24860639110006408 0.24711113515812588 0.2626110118225198 0.3375300380311922 0.2587502434480677 0.19269040074972477 0.1899342114534233 0.1304345709517023 0.10861206438453941 0.1407033197081266 0.15979990646026204 0.22417072980009048 0.21413374418849598 0.21093944221270486 0.22967829846108082 0.23634449091501064 0.308905489439879 0.39415567413192854
0.33718774683263586 0.3029972561623566 0.29821020318118646 0.29503428793819425 0.33534089857619853 0.2824969130909491 0.25280455185971296 0.2225458082803729 0.19989733946907806 0.21288650362101225 0.20347353269658197 0.21535245141780476 0.16279015018509782 0.16145179245522312 0.16426519940087667 0.16492629921378857 0.14369843175091745 0.1979980291345 0.21801074295514164 0.23384142449318396 0.2835177900915482 0.26922263881049957 0.2654066748256586 0.21851148133670664 0.23255290722363203 0.2836151205639176 0.23434273792362414 0.2554563475517672 0.24159604545811494 0.25193814649030194 0.19563533494988392 0.16042726694896622 0.11673095512038707 0.13024800044703302 0.18043033170969142 0.177290299027719 0.24305604858143937 0.24668323638390455 0.1948071132911918 0.2169561078711476 0.290560677978743 0.3120085938735715 0.3866523862836063
0.2887211225948632 0.28950931461406676 0.30997348313660184 0.3038416201205045 0.3065392730985015 0.24879046197587798 0.2533430676172049 0.22795760637304374 0.19644776641715153 0.19127476227685247 0.24244256999319858 0.2392484699521211 0.22046911595294835 0.19610121397872707 0.16579261113491925 0.12965021364267035 0.119318193449925 0.16565571068363386 0.23102466746628608 0.2537029590567009 0.23762595677457302 0.2225338979395842 0.21310761075598772 0.23404205355393085 0.2855287227792439 0.2726435690963408 0.2680052803681411 0.2447001407263663 0.23281911281148296 0.19073790714443706 0.19842415349076303 0.15513797221468595 0.15356233662085358 0.1799708561247848 0.1661830586828826 0.2093765470973169 0.22522902986761265 0.20409275542718797 0.20582133952448692 0.2316362339872711 0.2958775856963676 0.3506774648296629 0.3771463776477266
0.29968036439236656 0.2917996325060736 0.3106322866901837 0.28854589695390326 0.24565508881147252 0.25801514520203434 0.21537381729115465 0.227938803366635 0.21363019253489343 0.22123554718668684 0.25338668310275464 0.21866710423632454 0.1928410177078363 0.22378332989322794 0.19084689910711242 0.16506508459430622 0.13367643922322525 0.17561307904732895 0.19864074215318184 0.22640823527346043 0.25418580881945846 0.2257450152393083 0.2097256711304137 0.23504953408208043 0.24886854593113575 0.2719033461313906 0.23548431119437935 0.22064447910585053 0.1776498710687582 0.17898384877060036 0.14536600275660044 0.17062595526311986 0.14863761323875554 0.19134201555654248 0.22579731349634835 0.22489127539517637 0.22030985538810538 0.2413906110221605 0.22463590788565174 0.2506159269857319 0.31454229163945996 0.3680162227792428 0.4080740830207443
0.28193403140550627 0.313968676823377 0.31036917136995906 0.2803296421760433 0.223778129270891 0.2567653015288291 0.23506199994079663 0.22275864382103394 0.20877892460016648 0.19135676654684458 0.23376059012387246 0.2465207431726315 0.21812603508583636 0.2161816264967951 0.18705401954954573 0.14336710003818967 0.13738040751590225 0.19061071920771738 0.24533166011350807 0.2583648704053844 0.24144889008050804 0.24157204550148362 0.2643285010767605 0.2727692612263457 0.2714864809396769 0.2629851104327291 0.27447854004423017 0.2020944471567567 0.18824544052324016 0.1869375664117598 0.15748941612016482 0.1551668503679401 0.15562830247864065 0.20404600061518724 0.20011819386771348 0.23347033542848106 0.23344269353013794 0.23863253476290242 0.2973419263054108 0.2738311274767724 0.32641827566458204 0.37946219408385573 0.39765572861360976
0.27195208723246456 0.2781877429665479 0.2553886948951818 0.2465804807755563 0.1895679700568688 0.2200079541616888 0.21339679138876497 0.20963599554647802 0.1948524020987011 0.2040257760158757 0.21683192090793102 0.24857724644581927 0.1980236530875406 0.22451375125560705 0.21621607831282635 0.15973786831215703 0.16864036889481607 0.15382460367264525 0.17792376136421334 0.2526930463351273 0.271509408823066 0.23489365729514286 0.22572873683793948 0.2547484735902654 0.26036889713441713 0.2424705802722725 0.2235712827389342 0.18153762793826816 0.16527033024019264 0.16074135615442012 0.13868154210476108 0.15531429616235878 0.1564809590722359 0.18465035978993719 0.20070368037651842 0.21400358208976886 0.24022297476120866 0.24374702169743953 0.30502095960779546 0.3025174295025782 0.3117507494616989 0.3215831720937033 0.3418814083981542
0.310637422693797 0.25464681820042123 0.237146190348912 0.21952073627330354 0.18369402230822168 0.20016134281848713 0.2081248636830716 0.22031639548633533 0.19131636578250874 0.1850098899745401 0.24693497967400738 0.223716188634072 0.21586266159438033 0.1909849854822314 0.19263309917505458 0.20517470586865924 0.15881366014498136 0.13129002895527198 0.1722173139254965 0.19901775534457455 0.23095971079529268 0.24977362276590295 0.23046078339967924 0.2644302696045444 0.27924779648606707 0.22639818230733985 0.1766629438682614 0.18097724040153032 0.16712653705306635 0.12535307913538662 0.13438097408250813 0.14512654330036429 0.14493163216707877 0.15055683606207998 0.1839887252984695 0.21345095636801265 0.17037505419662088 0.22507457178674606 0.2679846217351175 0.2755549459614469 0.3011179460037722 0.31033692251741835 0.35366790243083307
0.3296875841864047 0.258918698234532 0.26990957311844466 0.2521860186884801 0.18799524167346168 0.1798451378854832 0.20302252982677071 0.21496728686169822 0.20035819232488694 0.2160878709472841 0.225410162079094 0.1862949386378908 0.17576272300840878 0.17265048435402272 0.18346271280370838 0.19796887353736586 0.1653061700823557 0.15148767517848205 0.16606472777739467 0.17186177786245665 0.21471393788146723 0.22191065621488498 0.2396405156629455 0.2264633159770009 0.27933369854483214 0.22559380320207476 0.19862476871253754 0.21907517988886785 0.16263975913662163 0.12535789032725292 0.14726693817546466 0.13783716817692934 0.13701625626210864 0.1473790208327953 0.1765311336767459 0.16859119047614354 0.18670576166412792 0.20062741664407274 0.2349266353017552 0.2735666343490406 0.3436772058315617 0.3480965201966107 0.3402403415645533
0.27725184568582584 0.28503021858324046 0.2920149414817198 0.29007270054620427 0.22482099629179525 0.21105233157538694 0.2183734811799716 0.2343214635175326 0.22368655564905654 0.2125581801903389 0.1915402808676984 0.21523139740209501 0.18880100141262157 0.19277995814008733 0.17657837142023391 0.20617817192590246 0.21407892231849676 0.1691406149463547 0.17804502323309562 0.19440365380347077 0.16584474384972606 0.15610585226305412 0.19050503946486674 0.24937673849342434 0.2826357754468243 0.25258842874584997 0.23502621528367731 0.21355313958665287 0.1741425731815495 0.1847948858801742 0.1387770517580973 0.1677517305392353 0.16011444831101695 0.18285647322013193 0.21220585643578666 0.215597622051263 0.17615387147771516 0.2385687364264093 0.2338850043205248 0.30258562326147265 0.3674691587251202 0.3434446010982751 0.32763745936632827
0.33957915129725086 0.315612145144587 0.2942281304146644 0.2962384425152262 0.217947677065363 0.2461301093187639 0.20249681869844496 0.21247075776847962 0.23347019316724016 0.20004358723931046 0.20992557286157001 0.1972996496440431 0.23855473645731376 0.19240630242394757 0.21256124042637978 0.18055265644179272 0.21171921929265541 0.21257707457145342 0.16873331493368682 0.16457507421709147 0.18170045606363902 0.1700422375119303 0.1577322513380111 0.18703855418109483 0.21339264426707583 0.25417955221338534 0.215325614790276 0.1816539713931993 0.15927116910433453 0.1764857638130089 0.15105719508751828 0.17857818964468594 0.17170485627860863 0.17416472552908252 0.18141901082974202 0.2204312513654254 0.27112143521428844 0.28234324489190465 0.2983884437651696 0.3349612592153672 0.32788314538445834 0.3433498922803182 0.3401797955583785
0.3529005247868366 0.3426152157492189 0.3416561483499189 0.28349158425841925 0.226681920125943 0.21520926291591577 0.21395476517760761 0.1999084868794723 0.23033480820617608 0.20820704110466762 0.20304875103563844 0.18484120633166795 0.2586062587025254 0.19119170701395302 0.19111043245788514 0.18691217189675305 0.21268897747587484 0.19500393145434175 0.19869467126034981 0.12594377088845235 0.13235314837657575 0.13251111717529085 0.14129559804962877 0.1942784447294718 0.22731008850203158 0.2175394605201858 0.1798681910966154 0.20484580774813935 0.21490780871038395 0.178977377632863 0.16650244466246014 0.14933336898296 0.20470388376703433 0.16456378633586438 0.19987980218180249 0.24072592800387957 0.2795189123106227 0.315968636859093 0.31906644253513 0.3440566100967062 0.3220257574132871 0.3371949501557993 0.38261009041863436
0.36973443101464193 0.38910244915525855 0.3201676217343199 0.28881566446188117 0.23136737530728443 0.2066689583653878 0.1910056187678323 0.2374542446647689 0.2890775936539657 0.25341607734000804 0.20091146941745597 0.20367099675333092 0.2510038337444877 0.19776464289994278 0.1577158364682273 0.15507489446188802 0.17603115481344575 0.1477475839031477 0.19060200730530868 0.13425478693690682 0.1290507788054359 0.12464027602139055 0.17810602582089657 0.17957997840875495 0.2045690832293214 0.20039625959805235 0.15887696736970824 0.16471384896735725 0.1636081487320272 0.16303794023672477 0.1748934514548768 0.17335989529098525 0.1940107306592218 0.17204473795470948 0.209857221470004 0.22076329098672978 0.2833465674438255 0.28918917519527026 0.33102758552380035 0.2944753878725875 0.3241896038420923 0.30413809369137607 0.35587431014112547
0.4249735296412292 0.37222635470323745 0.331676661123727 0.31895431736951146 0.257654673867348 0.25122874014685703 0.22464166961214416 0.2714661824848247 0.31017938510820003 0.22271332263348997 0.23186752985505552 0.2493104737208021 0.24310341353038156 0.19379973792917118 0.15133059569706628 0.1459573637979209 0.12007138419390527 0.18462731467171611 0.18461331963786498 0.16969638413338112 0.13985518657162782 0.1347934448194169 0.17023883288899858 0.2003972533415245 0.17522991920712097 0.18024535743395176 0.1861848788460105 0.17527355720928017 0.18300599740517956 0.14876593339053024 0.17142311134131993 0.198835872700973 0.12766258986777876 0.22043231835880076 0.2542043035687673 0.21478521613435023 0.22665591376558647 0.2913900306362359 0.3220738984235502 0.2889158523679414 0.33180353735312706 0.3434331236601229 0.3044011775263066
0.39009943611508596 0.389034534810155 0.3375992853475803 0.3119275405325641 0.30915201478639476 0.30368250510109124 0.2772298014558353 0.2824740512260668 0.26392189790500237 0.21681826461444015 0.2264192486629711 0.21208443422243736 0.20043245012748603 0.15419105851260315 0.164597848434908 0.15368694035705469 0.16361366621660506 0.15932371024242595 0.12000003508959166 0.1218654050989479 0.16523288471593328 0.17130814785156062 0.1440922059180585 0.18202019571928715 0.14540748985938404 0.18103245907707272 0.17592029642076873 0.1683412359090046 0.16549246438453782 0.19392868892687626 0.1804647051195481 0.19712110229315694 0.19893555977850677 0.2454927162634288 0.22719935591393323 0.22403854112328242 0.23482152020910904 0.313933251097953 0.30794203397621916 0.3286440612603164 0.3308877064240999 0.33330903997003436 0.3529897364448273
0.3571154999801841 0.3588977864671077 0.38310619693095477 0.3126106356203977 0.32790510679096285 0.3003854875657265 0.30148521022321784 0.2677358389519411 0.21075822735690622 0.17897821002009176 0.19632213131089896 0.1713448401105832 0.14193010421609348 0.14579205197135914 0.12722781278694362 0.1650981479034023 0.15450345146973077 0.15711174703195727 0.11271253270007431 0.14218941941017882 0.10309797076446907 0.12303690102630248 0.1708795118716051 0.14976536025388268 0.13255927233710516 0.1912416079735387 0.19791292398063484 0.20172069355537395 0.21493705919776931 0.19454051439957354 0.14696097273375439 0.17741538377613014 0.22494605037127235 0.23475498967798644 0.25708981170693224 0.2551683362903298 0.2813995138029743 0.2879025919453111 0.33558416938568003 0.339488363307346 0.3972603298990486 0.4032991297858935 0.38837261714262444
0.3368801265834056 0.33545099345882967 0.31703022797655894 0.34873606906644183 0.31162200766319653 0.27886582504252494 0.2700293682011481 0.22182118042367005 0.22575539200748868 0.21214247621060955 0.1913066176455814 0.1691896833423062 0.15561845037252772 0.11343727903614649 0.11918140583766579 0.1636738722025659 0.15470645139992742 0.10036761542610492 0.10299842211453127 0.11644123364028215 0.1080267404941644 0.12071709172757886 0.13175233827101918 0.12583981825248644 0.1235895731837034 0.1470380272471749 0.16913449206118839 0.19637450577490143 0.20865932991596786 0.17899629114506788 0.17562869454759933 0.20904291005848225 0.23664032750261982 0.28053524902616095 0.25854521144240594 0.26846571383743534 0.295336192819787 0.3257807649591004 0.3647267305235191 0.36977596817672276 0.37096985246268477 0.4037988710199129 0.3647640417122419
