Raster_benchmarking/DGGS/continuous/raster-127.asc
NCOLS 100
NROWS 100
XLLCORNER 1743169.1476311844
YLLCORNER 5469277.850194807
CELLSIZE 10
NODATA_VALUE -9999
[rows 38 to 56 of 100, columns 43 to 85 of 100]
0.36109040306419 0.3609163334279397 0.35681909083491786 0.3901285369508135 0.3918955438628198 0.38859517073143873 0.3907159018195838 0.3969050015044857 0.37230491666691207 0.3959130912400477 0.3781994674563576 0.39486231034478825 0.38555869077666743 0.3615390933542989 0.3650627570360006 0.36914521112974236 0.36240421486119206 0.3516513348169327 0.35707423680006234 0.3697043441531812 0.32631216627859727 0.3145100668075575 0.27640262789239445 0.2859788775164553 0.28693247544902933 0.28908866708822994 0.268502740033248 0.25911156864067636 0.23917510531905925 0.23466231036189464 0.24906636883047326 0.26323582080734126 0.24896654274388152 0.2494315095379536 0.2547160271008075 0.2433855467799582 0.20666687839611442 0.2176062478852245 0.19163981612411893 0.19087536778581243 0.170905068937644 0.17190257611654372 0.1592384374267369
0.3675329996026182 0.3660699414944585 0.35924994824488854 0.4054388623001553 0.43169298645206716 0.449904143610979 0.4488371960293772 0.4251800776719618 0.40522394457293714 0.40725376509634686 0.3990109812307072 0.3958426658033971 0.3866158822766414 0.37339605843092305 0.37979679646215814 0.3895370617133777 0.3704021271027747 0.384803205501383 0.39112647359014246 0.37288282718094534 0.3277916970334248 0.2972574662073184 0.25678466933413063 0.2632604944536145 0.2620314683839582 0.26580594195288265 0.25017670143913817 0.25067652825971315 0.2404311405817196 0.2565238264190984 0.2745610797247717 0.2782598898218626 0.23379445957983735 0.22245758360260784 0.22232185800153728 0.21680615848020823 0.20131032020927983 0.16126103091278696 0.14958716410159356 0.16324797638452979 0.1779603718220188 0.1609305517897937 0.14309027108734867
0.3730080734243334 0.35438893632236923 0.38114227286954955 0.3984020461904556 0.4328821705299853 0.4539027055587412 0.46194718316329725 0.4227665429939721 0.4226310955018676 0.3979891315860989 0.41356876166972717 0.38166493664431506 0.4065837454350758 0.4003431234327598 0.3759434724029645 0.4140628922744736 0.4059339140692261 0.4140276422853781 0.3891577254624578 0.39287772114022856 0.35951073764131 0.2999958396399853 0.2734553874356476 0.262235584239641 0.27777472594881153 0.2653033296247787 0.2510756029725567 0.2535929881022008 0.24328718626066548 0.24201602047790002 0.26495202263135587 0.245368428379863 0.2669312666996208 0.2268155132599262 0.20799626157255738 0.2048139602345943 0.17762721537302067 0.12884713151703153 0.14140645222240403 0.16625669589456535 0.1622213447031955 0.14774061592676935 0.1566330447046576
0.4061741589900776 0.37700817012771076 0.38721807052259644 0.3794690858185361 0.3936591634518832 0.4497325935008023 0.4520642005640881 0.4575523407354779 0.4363251819163484 0.4299140636567319 0.4296400576916705 0.39599208519001494 0.37642538219111743 0.39156749823851705 0.3739258821025026 0.3991176808736441 0.39767581326076745 0.3902783766473352 0.37228978982192057 0.36479379346669627 0.34841567915931904 0.3170033591253767 0.30006643432008 0.29505135606097854 0.2575469363212211 0.24689536926046685 0.263317269700212 0.28060349852772654 0.2482110950183575 0.25381136596456944 0.2703161291334507 0.2559827390301232 0.2741043144951882 0.2473859294196663 0.20596658265748324 0.17358972401370407 0.15866284153446772 0.10112670129302 0.14959499432391044 0.16231375877260262 0.14599537788389552 0.10717768209659304 0.12189136603485577
0.43176774800846235 0.4162195014391131 0.3855078934788489 0.39043272768544723 0.3926579678156848 0.4424055848919873 0.4604323690099911 0.4342107509672833 0.4459826256474576 0.4256880923691181 0.4252189310658996 0.40784311065136897 0.3812851481005272 0.37434549845650766 0.401270173022372 0.38584975048846715 0.3768134377159597 0.3929240498043389 0.3742321788758208 0.3645252707679385 0.35178626222872633 0.3422146301922947 0.3103530575574101 0.29424143336692427 0.25546931890324687 0.27946682321624633 0.28098749576554943 0.2692620326173828 0.25350094138462 0.273386960768208 0.26559637548489 0.27272282839407286 0.27587040466101875 0.26979176444649755 0.23250198383467555 0.18712203397489272 0.1481915536102493 0.13835360325458987 0.15329353172637356 0.15405298660896244 0.15172084530836666 0.10835081835412763 0.10953178063592743
0.4255965133337878 0.4436714450146796 0.43665959444454433 0.40212719075547093 0.42207613256491555 0.4201734018374311 0.44116398688778197 0.4586994420044469 0.4435396710643003 0.44372104574366994 0.41691392983752956 0.41887321654139487 0.3866559173029675 0.40423870841839504 0.38092899083456616 0.3669906697283089 0.3559801146876299 0.3515159384549067 0.35199147804679315 0.3465445456893486 0.33246472155876133 0.3294429202560888 0.3181866975595986 0.29236171882934625 0.2596994176825744 0.26908129676264153 0.2829634856261 0.27337595844242707 0.2782642846133548 0.25266202313624114 0.2688793107547089 0.2882107250647628 0.28698501523221137 0.24050135406628353 0.2128142420233283 0.1924058166034166 0.14657596385304894 0.14597226387721363 0.17287425045208996 0.1449030517456735 0.12924482772749746 0.1355309757151084 0.13576710512625512
0.4491282916673405 0.46017148538928676 0.445394551407669 0.4499558804393256 0.443109222842256 0.43341017475814325 0.4344823555683283 0.47842245256073673 0.46951471271676 0.46323112297125757 0.4399436947284501 0.4142110502406832 0.39849534095912864 0.40747362808202403 0.37127568373504954 0.38655336798026885 0.3756317182582182 0.35376556818355437 0.3349792998466129 0.34089954133011136 0.32970894750119994 0.3071187993395634 0.27346589336198057 0.29212664075776634 0.2823947388316442 0.3074339300888524 0.31613497715112565 0.29907571080728484 0.2759624853424399 0.27635654637682366 0.2592084288648177 0.28042115734595857 0.2686611097013411 0.2674470710777961 0.23907839001974382 0.21842218342866795 0.17907746461922133 0.1875683611591699 0.1646064473319569 0.13007999456796007 0.1339911862270697 0.10080548078981369 0.0947793949590702
0.4235674379927015 0.4327508003320161 0.4455267009209853 0.46900478576376153 0.4395158820795336 0.41499250788209063 0.46194781156292175 0.47180816490875516 0.4403734493872824 0.45929869830229314 0.4215986137670481 0.41691843965748937 0.4287164036674534 0.403989909552527 0.38175298365454224 0.37763372606207934 0.36667630462964956 0.3202264039288074 0.3489871279020944 0.33293429677935654 0.2960608000015962 0.2605210529271333 0.27347978319984956 0.2667776808754174 0.27483607100240204 0.3415865666327548 0.3142111226158631 0.3046440404190694 0.3094597260810448 0.2591919888004528 0.25271647913848894 0.28596335141071905 0.26019996131329753 0.24740893154317106 0.23827098999364868 0.24406529886227962 0.2117763136821571 0.18185937528326498 0.1548712282246932 0.14209936826443617 0.11613991429955242 0.06054904386929712 0.10297644899295134
0.4530194255496933 0.4819196329305826 0.486774884727386 0.47218093652891097 0.45405877920170135 0.4646331413161357 0.4454629878635442 0.4623799927464599 0.42507731807997956 0.41566435947457636 0.4152437882800373 0.43292529622448395 0.4520908609224555 0.43550199344278145 0.39482695105561855 0.40258538876383376 0.3851086439505721 0.3570333414582218 0.32165443589494325 0.34498079625806666 0.3070282620871794 0.27815309617494083 0.24607259796069758 0.24055644969771084 0.27753938605002004 0.29169969085869957 0.30809275321101814 0.30867523012295434 0.31469884017703953 0.3022756231118391 0.2807720479935891 0.277069515060485 0.2652023022111947 0.2820002256563825 0.26732678870757837 0.2463514068279332 0.23183363202305185 0.20241205276527524 0.16581498109048726 0.134036160213139 0.10514017300439023 0.11717162385148817 0.09899622827455525
0.47545737824283774 0.4865769811652966 0.5125141591064859 0.4874087882340666 0.46397470031250104 0.4758063160477394 0.4792581789765713 0.43757944095840273 0.4027053866996688 0.40513992389598574 0.4426232045657462 0.4564088799878893 0.45961144772124307 0.4550044350449645 0.42363416926557507 0.41993737154181027 0.3982335886820772 0.3538708198994557 0.34014964722251595 0.3388369487170532 0.32987884530662526 0.27740668236199556 0.26844125986882167 0.2550035463317096 0.27507355630841085 0.2702755539218959 0.30054409128686166 0.32381862642906545 0.29505188681450184 0.30714146245350427 0.28008652080262 0.2527844021092306 0.26586275364807 0.27841267168465444 0.2666266420985191 0.24470975407102896 0.208406289271825 0.17351374727244048 0.16555565064602865 0.16269814257546725 0.15031066414587269 0.12681503111161976 0.08537182113687176
0.5092913336838225 0.4972708765340257 0.5230587216061713 0.4887967362077779 0.49984428966082833 0.4685588680018131 0.4721692555611265 0.4609078337002319 0.42916874728084914 0.4360016280898669 0.41554864574292616 0.4448843721087213 0.45164951359651045 0.4441160379431661 0.41197530531110704 0.3958138871951546 0.37649487524226394 0.3794865768490421 0.3409712782016568 0.3387136390028161 0.3134325356331892 0.2686988817685347 0.25922423730915434 0.2745198331353169 0.26529092433607143 0.2886477647698627 0.30077527749993854 0.30603063157579685 0.3077917452892121 0.3008430086310758 0.28624625292175154 0.26806827942598305 0.2670515340087947 0.2596491792772665 0.252841781250471 0.23036483852737302 0.22727509532625445 0.19481782897278124 0.19851716428866578 0.18596322327909043 0.15655056153902544 0.13275863101292087 0.09006105158517236
0.5065035543545937 0.5316514094028829 0.5408876141599116 0.5117477804162327 0.5189638426752163 0.49882403682130594 0.5004531050275967 0.4669781466179156 0.4214655185283495 0.4077927150165444 0.43663396510745645 0.4255120926913793 0.4406448613526357 0.44778103190885277 0.40971522027841417 0.40604528465777195 0.37450921048018343 0.36522822962946183 0.3318520521457884 0.3158874259282356 0.28564826250411113 0.2752286944650571 0.2820816259108192 0.27516320679121525 0.26625903698093123 0.26244774681640787 0.28626703228692113 0.30349223099054057 0.3249310791216422 0.3300942884352321 0.28814446322253345 0.2905362410959076 0.2861785203032056 0.3040818979118613 0.2760980492480355 0.2364006635947177 0.2232078735385577 0.2322969501374133 0.20893239795277174 0.19005666855277176 0.14499142884062627 0.13261185133781617 0.09092263360668607
0.5222273474148047 0.5102793674679363 0.5147945388660451 0.5030315563556289 0.5205140463460954 0.514156154699919 0.4973222654908947 0.4446852707736513 0.4292913317725259 0.4252375268537902 0.42639878926515473 0.419316539470032 0.40249113572315787 0.40131051504995136 0.4079111550884743 0.3946676963805722 0.40145108802289686 0.3660556243096899 0.35983423007307386 0.3250075165502963 0.28160353172473046 0.26994922960193607 0.28997418239245176 0.26156080554522776 0.286473189403365 0.2987899763352431 0.29709109886802504 0.27343503012214493 0.28910438825957185 0.3024572932995232 0.2793344312460115 0.30957665892479286 0.30974346960799704 0.29817583705689493 0.29833012049024266 0.25601304695449534 0.268251158059772 0.22711105135105372 0.23653719298838272 0.18679725912466463 0.14750143963141665 0.12892665466046202 0.10357681395940443
0.49501765188113234 0.5031309554353363 0.4843931625117069 0.5054718749048376 0.4873681011899689 0.49847335881075583 0.5042423166932325 0.46891929304363245 0.4619081016931699 0.4445291089006425 0.40299684482996906 0.3924981571999613 0.4167527136587601 0.4004374723318907 0.38487668862929014 0.3920670313614462 0.3916103948860732 0.3753870606724044 0.37667531014890154 0.33653465183849385 0.30396768844256095 0.28393496170946064 0.2767207169637302 0.27652621643527514 0.2844552303146757 0.2928620577125658 0.285338784058337 0.28307225074679 0.26149050484946385 0.25982983831011863 0.29479329056639936 0.2749606362691883 0.31016819970276055 0.2945197036711575 0.26859187191389944 0.27919620292922576 0.25193292891322155 0.24829187234703284 0.23726346050977518 0.1920758983150923 0.170781335180964 0.15149701119072503 0.13728520401582708
0.49950929596414273 0.49316439446758265 0.47225122866523656 0.45687286292496576 0.4671827449481167 0.46242758790141836 0.48297901893385414 0.46872614838879 0.42820419029027457 0.4240833941289631 0.401676062656743 0.4142855889611468 0.4248818947807084 0.4183804366811804 0.41768859669331826 0.4176181365134305 0.3964503646860236 0.3743028470005217 0.3551049642670175 0.30857704437239286 0.31205062021214985 0.2917372519398184 0.3045484329099418 0.270742615013444 0.280345328084205 0.27306707107542005 0.27555735628185685 0.2616373411152187 0.2548289840382151 0.2545464910780617 0.2932426536303418 0.28676858664183463 0.29735113164077237 0.3044798626134576 0.28639649168684617 0.2836404896484351 0.2515185920444002 0.22731109294333987 0.22523831078995918 0.19601585325483195 0.16422483713396877 0.1594406964043316 0.13258962314874273
0.5151096087492328 0.49188348017000316 0.45985090099916665 0.4679877161038089 0.4555740149574355 0.4506090527615019 0.44630291786905074 0.44576822793716514 0.4524195798108188 0.41017375345148355 0.3969444318499667 0.4200565361423944 0.4022321652056619 0.4227078655955092 0.41610481732387533 0.38996659414633417 0.3882431879569119 0.3421931273791485 0.32168475182066514 0.3005305969459956 0.31023913209611065 0.296045053437468 0.28468092540243384 0.280140146175976 0.2791924628992123 0.2810497325502147 0.25278594057218184 0.25282589580859105 0.25284888723187876 0.27828334520649256 0.2689283248511048 0.28001055160154403 0.2813580053597766 0.2831922838548669 0.2850740907064488 0.25492050387498844 0.23595819530050857 0.25718535233964634 0.21187151442592156 0.1582706042893092 0.13644160860029253 0.11859412895914014 0.14308353829184833
0.5031664677015608 0.4725152807588328 0.4774618616458989 0.46030314374419407 0.43506436939372967 0.45141447034505544 0.43757484802055946 0.45162860826222817 0.4612646244952347 0.45321051963932135 0.42553983944849233 0.4438000385690924 0.4119642235072066 0.3900604783024411 0.4046398245165858 0.3863981235772166 0.37440057405408045 0.3476505423123043 0.311280470442672 0.31437446955541387 0.339466803915718 0.31945656483515866 0.3034590371382116 0.3121258373726958 0.31440761385819 0.2952791953344281 0.28327971296430615 0.2502694730158799 0.24746586065781234 0.2525625918282389 0.27728561932207596 0.27119115336717425 0.26778798065179926 0.2579984072402885 0.26163092754681566 0.2535596708459982 0.25896727098280325 0.2606526906797979 0.2248876645663761 0.2078947759255047 0.17866901434561647 0.15171464757210135 0.1460956640337523
0.5262870618313188 0.5040129263449179 0.48273609667991707 0.4536453925891424 0.45743225629405915 0.44860924784672773 0.4660164770462295 0.4666409025947346 0.4738498722255916 0.43804866063433834 0.4254459351122961 0.4473396509997511 0.4078425283830048 0.39527626320799913 0.36820276517242234 0.35149953542194046 0.3581092740214243 0.3333030017236931 0.32934475148962356 0.3447701608062282 0.3327707190364207 0.36311704710610726 0.31859876873125287 0.32604102734949714 0.3054103720091621 0.3293597190805493 0.27887473632549964 0.29174237300383593 0.2561912584002225 0.24184206212203913 0.2546623769347016 0.2530516539541123 0.2577800653545415 0.23792319512053198 0.274652777101221 0.268351677753533 0.27535704033721836 0.24431269861472768 0.19925421252571124 0.19759739361617382 0.1685473757320066 0.17842008494065645 0.16923006203544833
0.5299081308438992 0.5107616563157161 0.4714225107261565 0.4486706738062764 0.4383138874352079 0.4352132580135687 0.4610337149337708 0.46569317490347134 0.46134724370041136 0.4527728863832509 0.4355738650114544 0.41885323472124547 0.3867511953258598 0.3829307795910522 0.35301030257168026 0.3353495382813639 0.36099862470656374 0.37400819226300946 0.3574387418266654 0.34367018497037655 0.34805126758245664 0.35253000342248164 0.3370986585312975 0.34255613302088117 0.32956092465013265 0.29652264708305875 0.2695923455299113 0.2661276065624708 0.2846487467651119 0.265543417256145 0.26556033006368485 0.2573071722321803 0.23743223660892315 0.24612682360941165 0.24592500649320181 0.22871343858372636 0.25037009443624236 0.2401265442945638 0.21246245143370138 0.1894316584806356 0.18581553988336308 0.17656399442502324 0.1953577585538384
