Raster_benchmarking/DGGS/continuous/raster-223.asc
NCOLS 100
NROWS 100
XLLCORNER 1743160.272808321
YLLCORNER 5469282.770531479
CELLSIZE 10
NODATA_VALUE -9999
[rows 76 to 94 of 100, columns 43 to 85 of 100]
0.9309487011667216 0.9577189420071395 0.9192124705472199 0.8901313080116724 0.8786018468338948 0.8402260921138914 0.8571121600199155 0.8408384974150588 0.8348247529891849 0.8315897524474171 0.8368354306635838 0.8278063689963449 0.8400450078021784 0.8508564121670401 0.848091427085678 0.8778987147214456 0.8725034902243717 0.8341653112834666 0.8333344219329745 0.81412227655987 0.8322165121073015 0.8326490730170575 0.8166139363099119 0.84136541949516 0.8132522900253477 0.8059683026618008 0.8108600430729295 0.7709738780090885 0.7600968315545902 0.7233002767216833 0.712663720619383 0.7196436062350444 0.6853266098362901 0.6469402664823918 0.6473071973238247 0.6179022362306394 0.6367711950893473 0.6224376802785624 0.568320831242387 0.5870740173008698 0.5910112874038774 0.5803718618335965 0.5708727548808075
0.9459398159725956 0.9759589974438406 0.9200297597685991 0.8911895385911939 0.8704325777197383 0.8533392517702704 0.8629523163868743 0.8328689222953821 0.8482241968994908 0.8308509049018113 0.8539114352383672 0.8643676394885798 0.8793976985523785 0.8575699832672927 0.8561093060592235 0.8790474882031876 0.8369668679047728 0.8231642157075678 0.8218178173562853 0.844771383291363 0.8496340959312597 0.800905912951105 0.8078858104813914 0.8231640620690017 0.8204679805353461 0.8539219826781237 0.8524769289456069 0.8030072963813544 0.7575496110034693 0.7374633384148923 0.7298959964874482 0.6879986068837286 0.6743518744604154 0.6502031194920372 0.6361398984013591 0.6061292727601004 0.6159288171815783 0.6176237153501255 0.6006137387535854 0.5761657716569032 0.5804302828479049 0.5671568528293871 0.579803646637848
0.9453858531015136 0.9333380144068766 0.9265543725447876 0.905564346445892 0.8775072018718918 0.8385736036776469 0.8293557432768645 0.8603397537393311 0.8501018373362147 0.864134418180048 0.8510186638866892 0.8549836252287111 0.8666638049269866 0.853080769069818 0.8747695462455336 0.8750581041021321 0.8623588025898763 0.8271050041164482 0.828358959692781 0.8305005915675647 0.854518403468018 0.8251156242417332 0.8203130852321175 0.8111341746281665 0.8270799325763132 0.8567949130804 0.8602486199461479 0.8126854779277707 0.781609651663666 0.7592849306947639 0.7206945912849897 0.6826088120332727 0.6727720533901748 0.6634023212005619 0.6257927415663324 0.6372919044316303 0.6196125156169324 0.6416649076906736 0.6014037178269647 0.6018253230003227 0.6148167239524233 0.5785380173032636 0.573774353838942
0.9487512109077144 0.9252956068708313 0.9116333950409479 0.8780003307835101 0.8602465350514686 0.8625779110566799 0.8396661688474838 0.8451209717150692 0.8624056250609934 0.865557825459479 0.8824971668190181 0.8877869705823437 0.9083067150161234 0.8983502831489695 0.8936702069748113 0.8593292835415446 0.8403101507848928 0.8396219421304155 0.8420455946260054 0.8160971992400375 0.8702531770657143 0.8724468295138176 0.8374006283614707 0.8351814685788087 0.8339594208782987 0.875725572866761 0.8703655396136807 0.819468158919957 0.7955297074303738 0.7574596631794536 0.7110102054506561 0.6953116010687996 0.7058999326978758 0.6743522070404548 0.6284517923385986 0.6206914023963228 0.6416790492819263 0.6493479216237326 0.6510451365851847 0.6249695266092931 0.6070899196980675 0.6216523837598045 0.5838080809667047
0.9408311518357734 0.9188044641919622 0.8951804672389735 0.8862291180606416 0.8805219296294635 0.8747720092882953 0.8480732503223827 0.8609609498470561 0.8550307216645815 0.8511830066657567 0.8596609343264364 0.8989887856568886 0.9099337058951433 0.8930670329003945 0.863800534926429 0.8444449859962138 0.8188336354718153 0.8183578449641599 0.8370606936593883 0.8417721279823827 0.8499735163778227 0.8655367543759793 0.8354632425379109 0.8097413179589998 0.8431423339066035 0.8690430655328913 0.8551017940249059 0.8092648866295921 0.7753293666091278 0.7488804953511475 0.7484181893321121 0.7000914738277785 0.6946068366191778 0.6671417314174422 0.6424973824572318 0.6606093896925629 0.6780794024054866 0.6618736336712908 0.6835934207804822 0.6445296649042838 0.6209710995837596 0.6284550144886945 0.5921427461595069
0.9402581002863623 0.9290140109609785 0.9161314254517147 0.8886371600369402 0.9000835557562433 0.8779112601860245 0.8756004030202004 0.8733551261219706 0.8704704785517406 0.8692269754430085 0.8691619801127337 0.8907183259030939 0.8636325992670641 0.8756516125224938 0.8666154849874735 0.8172748314368526 0.8145532418212813 0.8073862152196721 0.8355417402190017 0.8729573133313423 0.8731167361461529 0.88702957103932 0.8451490608496491 0.8059435883549378 0.8382724792487499 0.8441459487551213 0.825148031739368 0.7972578708243779 0.8095106759561373 0.7715944965616865 0.7433692254107874 0.6810421366805486 0.6630730504899849 0.6494523547794271 0.6569528049798256 0.6910493317130697 0.7121867785412528 0.6938850767960287 0.6859492261506979 0.6824106485450931 0.6597483950319176 0.6232799830257361 0.6104123281971638
0.9349364577305841 0.9062709783173527 0.9222365803729443 0.9019804860619839 0.9059980989370156 0.8928440876689736 0.8740103557343669 0.8556466375289357 0.8492956597474791 0.8457995075179393 0.8551790074779766 0.878056241153822 0.8590020764246374 0.8602298657634148 0.8455836119091463 0.8043850183045634 0.8223325258369734 0.7941671483886483 0.8111162325930616 0.8695707092793911 0.875903082803016 0.8378888450732405 0.8223808167605438 0.8122885569104509 0.844025695034381 0.8396598057347889 0.8433629631051057 0.7983140293062418 0.805522997433757 0.7673277229439974 0.7273174153956726 0.6911193520931551 0.691041293802673 0.6722967525368168 0.6754853340182634 0.6812365227928664 0.6986430656022184 0.6936332937772459 0.6590667503370765 0.661076053319191 0.6821130426830614 0.6539041884714308 0.6195274725417328
0.9329764442508984 0.9254045365348446 0.9433441668571264 0.9168427270428042 0.9010857323621712 0.8842687807101053 0.8854460528106706 0.8565960814628799 0.8512838088238336 0.858851035334418 0.8718315472958255 0.8758170860682768 0.8434447582472566 0.877971605312558 0.8564436105048674 0.8079229532570128 0.810938168114997 0.8000548732927741 0.8329076100065316 0.8502828390933445 0.8452676906976633 0.8177823131345006 0.8076588661997601 0.8045912097328759 0.8374862913458891 0.8466154003128145 0.8305908638377554 0.8266730182587511 0.8126494895382055 0.7734696204438466 0.7561585442648345 0.729912136368725 0.6999195679794539 0.6831662840667961 0.6804183710064762 0.7190003175215158 0.6874884725972177 0.6676667834379814 0.6820576849810746 0.6796326361183771 0.6648874644072649 0.6718116348508663 0.650093335515101
0.9298738615282639 0.937691947904942 0.9262973849341005 0.9079738598053317 0.8722251752087885 0.8700833119192695 0.8671314937570441 0.8744119371706723 0.834150732517879 0.8208948041100698 0.8495796504923807 0.8372314558143095 0.8307205421274267 0.8205577644919345 0.8413556703858296 0.8340546468040096 0.8413361171087875 0.8460704899154405 0.8317689133898153 0.8502067599904651 0.8378634802692854 0.8213011022533954 0.8290176882513856 0.8097215945216198 0.8020995575375439 0.8139516916017573 0.8092149438606 0.7783112016066108 0.7795764676042556 0.784590740505653 0.7610890138894638 0.7209610146201897 0.7314407990928687 0.7238093726746867 0.6836095066670295 0.6756682948056992 0.661352810326433 0.6407835920484036 0.6438729739940086 0.6456375716552635 0.6716998418783993 0.6539675969137615 0.6383617226305865
0.967534421822596 1.0 0.9360748531527876 0.8747414445161701 0.8626511747543086 0.8337409858732634 0.8755554650795062 0.865574811380626 0.8432915049140484 0.8153781228916364 0.8310839647145455 0.8032803685735764 0.8353888060228613 0.8094296884427117 0.8137153315612818 0.859917283318574 0.8518639213488576 0.8831725659757236 0.8485644967800707 0.8181852396154695 0.8482156474865045 0.8384253074457216 0.841618956247077 0.8040268319504126 0.8026411637882529 0.7806230747532549 0.7796443870905138 0.7779712970734992 0.7972017325251506 0.8238717627547969 0.7842758686276764 0.7333904631689357 0.7285662025492224 0.7351928700330671 0.6969423324952547 0.6764885486174044 0.678925112381914 0.6482088121073433 0.6496620749965274 0.6643134504648645 0.6575457665980045 0.640292100423971 0.6482612549842276
0.9478993529427782 0.9361917664627953 0.9150052853953418 0.8546057623960602 0.8634880237627706 0.8547508090779847 0.8637714780707663 0.8431334466453967 0.8374418276548046 0.8062720174699014 0.7880937753888345 0.7952898033050302 0.8099430158598377 0.7965377343723259 0.821529242360342 0.8431954278054811 0.8586750561597705 0.8481311906857194 0.8384645980843554 0.8270925233266078 0.8133617006284795 0.8052089576316548 0.8147608050972679 0.8003407897411906 0.8024059372044174 0.7910724738967243 0.7802884097883125 0.7719741880300792 0.792176908201066 0.7932086638704704 0.7643245642494697 0.7268137566975699 0.7112001194137557 0.7067185845931536 0.7081582879739045 0.7297330954544076 0.7165108605612309 0.6970983939695011 0.6698924291903932 0.6722622983707123 0.65128742359269 0.6612284868183251 0.661458846301974
0.8959110667502489 0.907829499788355 0.8643596854049055 0.8423707489071147 0.8507575170461609 0.8717670648239495 0.8329794787135643 0.8371139911869554 0.8096632859660499 0.782309405294795 0.7976553244800278 0.8243148545819511 0.8337519493002115 0.8273863893117908 0.833202718424596 0.8346421735642344 0.8418747966677579 0.8200119718285137 0.8398671064155491 0.8408132350245211 0.8282391866920022 0.8351621420350004 0.828636562724025 0.8161019185014575 0.8000720248081474 0.7790420163876657 0.7558865277631244 0.7493624125028903 0.759312833362855 0.7947496207469382 0.7556761868568891 0.7218346721119044 0.7286413098291918 0.7162236543056788 0.7195449084598017 0.7336160073274154 0.7391940544216489 0.7251075173842984 0.6942289438487277 0.6627874586853714 0.6750506107354936 0.6491694709230329 0.6688469519739024
0.888600299740914 0.857910245643408 0.8205437985777276 0.800204618302035 0.821164483844912 0.852889547721721 0.8394919023774984 0.8009955775169537 0.7700204495666674 0.7497782158608006 0.7747473706188194 0.8218465504151281 0.8106878438352769 0.7976951216109942 0.8046196588203952 0.8056599321832775 0.7900807365266739 0.7841300507340995 0.8324620683300784 0.8318104381788816 0.846127521721866 0.848091231410735 0.8162741699863194 0.8190322794758914 0.7991848426159257 0.7866463350358803 0.7523458448896216 0.7477276413014808 0.7682014335736062 0.7488320575243099 0.7568854241424671 0.7233223454784278 0.7005068915013075 0.7130291917018257 0.7352112251612045 0.7312758156415953 0.7198009553011863 0.7144221009896473 0.6735821591558626 0.6648160642619227 0.6630810304884319 0.6394735455587742 0.6409207770680819
0.8333652027794907 0.8127360309642518 0.799426573706643 0.8054586495377124 0.7999566670925137 0.8474780574330573 0.8316344791220182 0.7824168393360309 0.7628559403387096 0.7519277305112193 0.7748752783705902 0.8225963674362448 0.8225511122566914 0.8344901593094508 0.7880640588161383 0.7853996365113095 0.7987457786547197 0.7785208020574638 0.7941222764498137 0.8365523989627893 0.83440858090875 0.8218414154630217 0.8221635699720128 0.7896434058791034 0.8069753780372365 0.7802221225279633 0.7430329080025961 0.7211667740763666 0.7513659238157033 0.7599539956170753 0.7146990312823683 0.6876436567747642 0.6816270735622773 0.7048055813147057 0.7164413792519242 0.7091209863509921 0.6963971997851908 0.7064436102046754 0.6896401088470119 0.6363413186558764 0.6401489588818807 0.6229011841809415 0.6426483769355489
0.8090312219258733 0.803232793182833 0.7868383001800199 0.8024762117600883 0.7917666971991557 0.8000225835013397 0.8041678816028152 0.768645578001959 0.7785309083727706 0.7714452113216793 0.7896712868861303 0.7895380168891041 0.8086682650852193 0.7940545835184715 0.8093624483322374 0.7884451807611139 0.7961964759233797 0.792388075371707 0.7931121237591331 0.8273499004287079 0.8359717064291939 0.7989669771022528 0.8025039067058922 0.7973681919355613 0.7734898571923099 0.7466760454291433 0.7373764998061164 0.7152100748414025 0.7069943904989795 0.736604772753836 0.7030701145561203 0.7170872434763237 0.713733876853632 0.7271799194321752 0.7031475578949379 0.6864753451223762 0.6880918718799863 0.6774670099006653 0.6838430519225756 0.675617382270132 0.6704296915492203 0.6434842597069179 0.6524695213843089
0.758839535300566 0.7929878553612266 0.7987248297105185 0.821327639588482 0.8139489737254856 0.7772522111507317 0.80096185652894 0.7889713934906362 0.7672597030946794 0.7276474543365908 0.7692493431021385 0.7755201450829504 0.7992447688514558 0.7878054284447962 0.8039143813316789 0.8074199442528986 0.8084629567142779 0.7909296164295194 0.7852920186700041 0.8182217962603459 0.8336977090237649 0.8171409797699059 0.7763232856178108 0.796613792543648 0.7812572409450181 0.7646665529351152 0.7288075706389461 0.7331253923004297 0.7135046831464784 0.7022124390857295 0.6882595330551328 0.6988314834712818 0.6996090335701218 0.7101623360061016 0.7061670631737513 0.6595200552401886 0.688336374020977 0.7091563289576686 0.6854411037502257 0.700180816385578 0.6923510254782523 0.6452094988597209 0.6575095057486467
0.739740279386736 0.7440240201453637 0.7947353625817576 0.809878507430302 0.7930866178468002 0.8044773036749854 0.7685666553522317 0.7599660500727057 0.7538223347491996 0.717715778177824 0.7439241628804506 0.7380033489663546 0.7667342141319701 0.7958433488018983 0.8030092701648787 0.774700081376837 0.7769558924676606 0.779671510476097 0.7748357980840521 0.793102274438708 0.7824960188475135 0.7776434541750777 0.7743249477897861 0.7804478560291689 0.7432360266778975 0.7207924740368636 0.7049853193634719 0.6868552224710964 0.6970683740773556 0.7004323728997769 0.6831352293621542 0.6985481391290032 0.7004376650505322 0.7115231006896391 0.6963579162584038 0.6907461018457292 0.6849504967710657 0.6951023739861583 0.7025069107941659 0.6734232560799204 0.6683484856669051 0.6626589802589153 0.6711310495587979
0.743888289442847 0.7057598182678388 0.7499484353413244 0.7888547086308662 0.8060764573894381 0.7974267070838752 0.7746222947757853 0.7845646098918384 0.7625549730312525 0.6929356784323079 0.7098265933966216 0.7206008407329869 0.7602642063563424 0.7760577155076843 0.7894194242446612 0.7640071821725478 0.7643994535243795 0.7849945694505469 0.7762954228526923 0.7487216910611472 0.7868004287115876 0.7803977842612382 0.7353098369155474 0.7514827209118973 0.7290333758131676 0.6954772764355288 0.6617986615979309 0.6518899356289782 0.6758072960075524 0.6739541139271062 0.6634797106526727 0.659799785557588 0.6503109641557885 0.6822452288116255 0.6812656154643683 0.6511211931711921 0.6635117430283566 0.6669626257798866 0.6845406643204964 0.6743328306495663 0.6671826489714373 0.7005337342203035 0.6998357937946914
0.746272957237612 0.7651125446339483 0.7737727681698461 0.7792234895679954 0.7674145396445246 0.7914891370717199 0.7876604103129742 0.7476782155780785 0.7340396202155931 0.702886759142256 0.7171226315402083 0.7312463979228682 0.7370428347619968 0.7404295551977085 0.7558534080620865 0.7750196460360496 0.7570911680982827 0.7655514590158636 0.7549614390714637 0.7437012083639272 0.7528689529453166 0.7425480736040544 0.7054355921973102 0.7086078173776982 0.701448005187962 0.6808589789694767 0.6501838850606552 0.6369485373834798 0.6575302164273645 0.6333296761480904 0.6490223753064222 0.6184735662054518 0.6324191105722925 0.6605276382229173 0.6500406817018233 0.6206415462756044 0.6273806952601618 0.646885631911185 0.6328300393264071 0.6274976039558403 0.6542603901659638 0.6974640637314083 0.7168608658719205
