Raster_benchmarking/DGGS/continuous/raster-109.asc
NCOLS 100
NROWS 100
XLLCORNER 1743158.5776513112
YLLCORNER 5469278.121353939
CELLSIZE 10
NODATA_VALUE -9999
[rows 19 to 37 of 100, columns 43 to 85 of 100]
0.3665266750283887 0.3827687849763386 0.3786560847768133 0.33137090394591523 0.30138047425661263 0.27981914606523733 0.3040488745924912 0.32440167328467195 0.375715739390256 0.37192952936634005 0.39730626372519384 0.4277212455780681 0.4803107909962928 0.48887725532161463 0.49143429889845686 0.45168648334882217 0.41717570369345375 0.40865743747560845 0.4113344312310682 0.40695000407674686 0.4367389166871256 0.40248623051395577 0.3319305239185545 0.26604299037660156 0.26184822616454373 0.2700134779456598 0.24645869942803178 0.2565645435997895 0.19260374588741225 0.20806317426796933 0.17911132357453635 0.2313998532943792 0.22260503462133688 0.21434775599087091 0.2293560738389073 0.2631782249076655 0.2674178354208477 0.27270573253068187 0.29791418094646577 0.3085089400400979 0.27385711625405934 0.2859709440000296 0.31775239936023286
0.33005356298144123 0.3527452804313827 0.32616246857687925 0.35521662969206014 0.3052465424268412 0.30718034871793465 0.30601122098723754 0.36347874076710607 0.3737580786819057 0.3737575871268714 0.3947575657667491 0.42510459865079225 0.47010884096239824 0.4638784618672816 0.4798474188931643 0.47965964202150885 0.4862093988070467 0.445493788616289 0.438195460328287 0.42438376127297367 0.4302220445266745 0.37933905896898157 0.33797274730488264 0.2975931396399786 0.26863313234281055 0.25643460573181487 0.28108306729569127 0.2483562105438268 0.23080424946581563 0.20472340610981013 0.2391324269105408 0.256956515790595 0.28255712779421044 0.2564306212289958 0.27780613228478573 0.2659117724984892 0.25515964759681375 0.2536811939526041 0.25963880784939697 0.264510143685247 0.2594973373366896 0.2931310772720634 0.3348691319175388
0.2840345961105804 0.30217638674391334 0.30988867787514357 0.36679599256026785 0.3646321946311103 0.35881028161443723 0.3587511012133032 0.37652427608626543 0.32931736538143436 0.4137703325373985 0.4345984146144308 0.46658191603413607 0.49110102164140335 0.4590813295648847 0.4861422947299322 0.49919461398276416 0.5248644354287888 0.4930085573626055 0.48121745283963985 0.43922492122870616 0.4362806731372407 0.36076374572067266 0.3543543647287856 0.3404691972472668 0.3363978721279532 0.28101277253623036 0.28857564095882426 0.2748679468653732 0.2360571874211345 0.2108989666102586 0.2635700882715973 0.2641024652970701 0.28296718458223136 0.24206672053369327 0.25407582285745567 0.2538968371490875 0.22114800396658157 0.23442368096177968 0.2686893459419802 0.25291924689102013 0.27690582031297817 0.31713123368758966 0.3940011443744965
0.3200119896548427 0.34242621838601384 0.35114948781129557 0.34992207913337037 0.3359679789908724 0.35150731269607915 0.34397540528854514 0.35944414428191485 0.38462219911436957 0.4127398732797165 0.4165769656183022 0.4746543850143042 0.48726597858702236 0.49635074077966934 0.49909084570545825 0.5049873096946899 0.4757108960658345 0.46456156190547676 0.47750809105356007 0.42950653760637236 0.3652296500697734 0.3592457901875218 0.3684108110731314 0.3436970009101264 0.29600835300373735 0.3088483419956094 0.2453596273811076 0.2294974301919475 0.2353043381779467 0.20608124627616253 0.23021805525441402 0.24014268777985265 0.271078591405151 0.2465054589619384 0.22403432252581645 0.21365627025676714 0.25667740487962953 0.24736646317892963 0.24125231219083937 0.26705151660681975 0.30965158371267576 0.32656048733066406 0.37549361474396264
0.33920537554675995 0.36186529966307274 0.32108315844980384 0.36941884495736727 0.3632511390667823 0.32890990298916667 0.34923769160628154 0.3843676489839399 0.37147160937272405 0.4028796263994875 0.4315830887318588 0.4517781168931228 0.4749820425067711 0.49337463662045683 0.4895541752055721 0.4716248162600369 0.5149773336717097 0.47762303469105044 0.45635270426166186 0.3911746002639892 0.34008843147573403 0.3330402506965224 0.3494817092347582 0.33614564389162643 0.27022523529079606 0.2963601832717901 0.2512813723651946 0.22660045248647717 0.20095958829707897 0.17118603783966788 0.18737918048108979 0.2342035011653919 0.23778389475116354 0.20973060628883455 0.20610847842667634 0.19802287588553874 0.2349526442509028 0.2703858894003348 0.2914430433944908 0.3054289135411992 0.32402142619476565 0.37335436277509715 0.3982925782925216
0.35385978621322184 0.3257428156160127 0.2993703116819663 0.325755815595951 0.36010803186436047 0.3514914427989289 0.32062718331126 0.36845455453421083 0.4073622082354114 0.3967862309925238 0.41840390132312427 0.40591664097452057 0.4271131944838203 0.448252305717009 0.42517311671339925 0.45359250457280326 0.46345288004550156 0.4591969714219014 0.4251569314517928 0.36905574953265846 0.3471522863958372 0.3429067090304715 0.3061525010628233 0.3288511517568466 0.2801129475102328 0.25040505603646646 0.25592351369981503 0.22395425944336966 0.22445428449861668 0.19822359291184316 0.19205370970585148 0.21097694985667553 0.19978113121479862 0.19702110843300666 0.18085751456285204 0.22055944483010162 0.22700870208533214 0.2298559656376943 0.2889079185898358 0.34138645171059157 0.3740992531139333 0.4108554593855443 0.4197123542726548
0.40406103793847425 0.3689585502046523 0.3173498270000576 0.3151778405893774 0.32889119107695747 0.35629840864992407 0.3215213031226542 0.34662691935021755 0.4097207559704414 0.4169275152670017 0.3974230266312724 0.3563553842982462 0.33882885771510096 0.36193717507730205 0.3851095490854444 0.43485768085704596 0.44673748481182496 0.4386693605383288 0.4297576813477879 0.3562882538260756 0.30336912880170686 0.3259345584315695 0.3113094918663366 0.33615876757516 0.32494194387263603 0.2723758069826051 0.2334539918692125 0.202948261910427 0.19114895676409674 0.18317916125543376 0.23058323384111362 0.2234413843536662 0.23692629561393874 0.23923569945292283 0.187172878205294 0.25329066193974203 0.23649919685297652 0.27532347686367803 0.2709318431014033 0.34588749190888374 0.40069820346507384 0.4095664008265169 0.46199444243458576
0.4137511151518694 0.37649521500226074 0.36852863951753045 0.3780229928700286 0.32223759617139636 0.31401998583110086 0.31715570838293716 0.3678371009130891 0.3798209224464319 0.3947297609638218 0.3616876968634512 0.3664841981227196 0.3326450434810464 0.3707307495380752 0.40487125241555133 0.4074578964001801 0.41384268452305156 0.4456126380971295 0.43342525280169614 0.3912458455411027 0.32713104569770163 0.343169573188057 0.30904202213505083 0.2802652734025258 0.27286098117565083 0.2591590001208081 0.23986343445643984 0.17878138930766288 0.17880512955157638 0.183717903186104 0.20144877196949487 0.24254049934339691 0.23770134405833504 0.25995621151872306 0.23751550498568022 0.26223674371507244 0.2832472804355015 0.27587995071946037 0.3401882488344813 0.38065088547100456 0.43607169615624525 0.4348285536297894 0.44620439765624276
0.39428991828292115 0.4171422454143082 0.4109632326840571 0.3647346959147548 0.3450865472376574 0.33693212753483553 0.3176109076601541 0.36129180328808486 0.3055165634884465 0.3569668350475245 0.3725783340117286 0.37161237646447276 0.36888159985837216 0.3821395487847215 0.41920140486074986 0.44183667244230435 0.45401828910625275 0.42601493136400215 0.40951829421692737 0.3941530111976765 0.36640301906899897 0.31245902950678545 0.2961043076813544 0.2734950347995398 0.25276322387460376 0.22676349770086757 0.1838841840272452 0.20808925858259292 0.16007196438820387 0.1981385325144785 0.2250874864728072 0.2485220229457771 0.2514435435399198 0.28397056898305506 0.2640893965846176 0.24967391572004263 0.2802226946212778 0.3229936767884681 0.3258334495108351 0.4016451085015219 0.43161034755207445 0.43272805380865464 0.44851005964171775
0.3583442915461112 0.37457605243323033 0.4063648263845002 0.4032299882555332 0.36902843854789974 0.3600046216243205 0.32761471154069377 0.34480111948383807 0.3332828227068048 0.3385066070851051 0.3836098186241659 0.3720809451790038 0.39242363317158535 0.3780789323408179 0.3894459502840514 0.4148814877728332 0.41629269303828975 0.4041755106487997 0.42217145084158114 0.42232967976335173 0.3971453317060595 0.3560014323707737 0.27332906717106836 0.24710063676340574 0.2479304873337764 0.1852979909714517 0.16468370388478404 0.20036335031752542 0.1715857850052021 0.1916426529493569 0.2410245383621359 0.23672143079830257 0.1994046079610279 0.2437974984142289 0.26098249491363434 0.27536790304403796 0.3409374177504164 0.34329568770728935 0.35859081140584126 0.4293955629865106 0.432378695777366 0.45931092035630555 0.4375775407231581
0.36225324010673626 0.3784737978627847 0.3821526735450155 0.4173377259307616 0.37668406364606627 0.32381228763580555 0.32934671350074385 0.30286288801230743 0.3146519653188466 0.3602924710306028 0.33654272389316303 0.3434689283287185 0.40546143497186343 0.36241583055333737 0.3936163808903824 0.4129141768093095 0.42582097937565 0.4351404649626158 0.4199526268655663 0.44532225327416547 0.4167988911905952 0.37990994726622934 0.2815393054972171 0.25350726333831364 0.19824402751736486 0.17219028789462879 0.16320173151539344 0.18947664631484512 0.21478659866470312 0.21339230281100854 0.1984635890763905 0.21740319077796427 0.18259327662641797 0.23210153979166115 0.2219119904492544 0.2762149421326546 0.34668118640765583 0.3853805524933742 0.39364954602651253 0.4207036175544719 0.47370997729806863 0.4272019687481701 0.39179387429353413
0.3833776063426123 0.35751189310966797 0.36468068625147576 0.3970615627920149 0.34183200316122087 0.3151415899771921 0.31277637418415233 0.317651080788974 0.32097422723263197 0.3405488813657455 0.31244522998740304 0.34018291112007176 0.3641256662970044 0.3827904108197482 0.35968042340975803 0.4034042320152141 0.41786124651096473 0.38997938620360645 0.42985860703945183 0.42477050533553873 0.3824562080221122 0.3596068269426749 0.3442858026446432 0.2721940294164596 0.24120051096700676 0.1816940250785974 0.16667784800750657 0.21517252700927625 0.18335986252769998 0.195166863498824 0.20649651125156399 0.16736629622357427 0.166384823834377 0.22431793775517767 0.26159706994836746 0.2914991751237263 0.3305439715928997 0.37011051198760037 0.3761727892212593 0.38775286319373276 0.4399272105842482 0.43182959382598396 0.4068432075981319
0.3938783205380277 0.3680535627277145 0.35678943294484305 0.3517587293517137 0.35587817420772383 0.30804320032014615 0.2707812713227283 0.2576865902942823 0.27831515204988777 0.2797711034804323 0.3268526520143793 0.37659649099090864 0.3906996337544669 0.390748512288632 0.37532613535800563 0.37210618915671345 0.35630818258917857 0.37975850889759055 0.39575883689757424 0.37923626678947253 0.3784274905977289 0.3572756795857151 0.35670469373125907 0.31208875472062586 0.22717928828679998 0.22070973097971183 0.1804886397236624 0.18668969842019426 0.1861909909464374 0.20115713844791563 0.20012839404256946 0.18451732256247044 0.17109623912087216 0.19975110987953523 0.24608465029231644 0.25314596781944687 0.31422916797856 0.3539832634929888 0.4080696307550006 0.3692691322981474 0.39465166018007036 0.3941201661599235 0.4131176145932511
0.3329636487525027 0.33129087887886116 0.3476706268938453 0.3399191376805427 0.30889562262240106 0.2944302753202513 0.28235609104642295 0.2738297385577514 0.2604180733268454 0.2670652422863286 0.28612623954197697 0.34530791014338924 0.34054511761032724 0.38414715354341294 0.37331789682030414 0.3598903603680587 0.3612957417593017 0.39723585030621295 0.41666748654258595 0.39063976306386095 0.3955920263123451 0.35208722865963565 0.3468297034585423 0.30553572576645394 0.27911111021350987 0.2483823147375419 0.22287321225832807 0.1975606641611181 0.17291607392435812 0.20410134553279166 0.1988780438256027 0.20845739880022618 0.19400761609601974 0.22268099325461377 0.27167440621883904 0.2504049500735162 0.29763904036444166 0.3386391653096958 0.34402710611108356 0.3662047938729052 0.3863179621550235 0.37907251994738134 0.3956499373600489
0.3403606731936529 0.308990889452396 0.280889487149261 0.26078493069008146 0.2545948604946261 0.228424639401837 0.2573781238424774 0.27206525997371034 0.27757382019818383 0.26620006236346205 0.2993017076845315 0.3237144281667866 0.33573065872037855 0.34754618194754816 0.341443235998602 0.35680622954718383 0.3656866072761763 0.35027197450538694 0.3765494479075261 0.37171026969265447 0.40378262010845234 0.3892807489812823 0.33678458922661275 0.3435081459336324 0.2959128817881464 0.26736333931995804 0.2675193305464025 0.2587183263010204 0.18732705761349697 0.20781738778915754 0.215873563409502 0.1915376815474185 0.21564967780109673 0.24728340898973208 0.2772722480611912 0.2702143087568596 0.2576413421852952 0.31115542861764356 0.34732923009983196 0.3898883213014153 0.41588344934114607 0.36673303996589623 0.35167422237680374
0.27914081795231693 0.2663524686673229 0.23197175182506574 0.22658659453197835 0.1912937984154637 0.2222315892988009 0.24467978738612742 0.22698555697495001 0.29979420309964044 0.2962730443656197 0.319129040703876 0.32036009476821886 0.30139513245830907 0.3159729475213335 0.3436989594505381 0.34273380207010656 0.3447041932801678 0.3590427200505042 0.4023971904113993 0.3745778969394667 0.3825879538480596 0.39513323499119185 0.3555888599227109 0.34153031181920623 0.29259678396690486 0.33021735020900655 0.3205571274943068 0.2807977292791951 0.24909052216231087 0.2315921078120446 0.21979843899725554 0.23876117128333713 0.2495354797475006 0.27273902668838323 0.2509318005255981 0.2720126936154672 0.26640767609281685 0.29452512062298897 0.34767176524244525 0.38927709318714787 0.40279922082705033 0.36366836766263416 0.3490973753285391
0.2688598978080649 0.25281703329397553 0.2436844494919047 0.2281532267097881 0.1779102345142263 0.22315280563423692 0.2084689156906994 0.25353751467879887 0.2792743580879031 0.3057215562655154 0.25387720699790334 0.28436069096151284 0.31539718420587226 0.3133409941558199 0.3119541622798718 0.31577063511320796 0.33537218304970423 0.37960729618216016 0.4173909798758396 0.43505212764043477 0.41205551013870134 0.4261347046725586 0.4301922745453001 0.3935970741771007 0.3217270890063929 0.30239739110094366 0.32788467225313067 0.2634993985987503 0.26114140437634953 0.22703552714447683 0.2233951475072248 0.23004568607180662 0.26245793709507936 0.23461706707074526 0.2481967930030953 0.284622823199187 0.32510813613472667 0.33102651917745346 0.33016461271445025 0.3802222992840204 0.380517186203575 0.35228400595692005 0.3801584616392347
0.25641363125782685 0.2493218550167954 0.2676371170214804 0.2225074138182259 0.20456224188886854 0.19156720894083082 0.23842882100628374 0.27695915412031735 0.2589784645284751 0.2900025186569018 0.3043530497275793 0.30153282273623255 0.3132225597054306 0.32245504222719756 0.28809980753312614 0.306787661003843 0.2986096054775765 0.3571555459435597 0.4126890898068242 0.43106339574979213 0.4020238952834588 0.42204257420018443 0.4537300951285866 0.415276192058526 0.34333529595831747 0.3367476924832073 0.3043188267032302 0.2753177585300298 0.24849878250947874 0.262008392707644 0.2618819289377658 0.24248220255035585 0.23055065250175005 0.24335473736006416 0.27084221071963743 0.2725383925226259 0.3144296444728934 0.33227620804517016 0.3257538120624333 0.3618632779387402 0.3793438541650487 0.3749463243290525 0.3609606931748192
0.2700415259083627 0.2817315281324416 0.26908912114824013 0.2220729112160779 0.203608160659581 0.2016703646623899 0.2586668912097188 0.2534342744726949 0.25728841951314235 0.26095883542440834 0.2820243052010806 0.2720637428790927 0.25294435924729436 0.28631445852237025 0.29977992787248653 0.3057977513347034 0.31020530337660507 0.37002829222793976 0.36386195969031826 0.3876880163249563 0.45036747156827006 0.43330932024113944 0.46761405330661265 0.42876616079659896 0.403294601804603 0.34517981386132324 0.33442927361194397 0.3009441305539772 0.2964927726492154 0.2609465910226214 0.29205161791957324 0.22962155617525445 0.22257388386161492 0.22289665121866503 0.26211082838080746 0.2614165299932669 0.3013624617368545 0.33578950112793077 0.350024987412862 0.390978340524599 0.4288335505342319 0.40404297870243777 0.3828758074272925
