Raster_benchmarking/DGGS/continuous/raster-243.asc
NCOLS 100
NROWS 100
XLLCORNER 1743158.7723908154
YLLCORNER 5469295.0694898255
CELLSIZE 10
NODATA_VALUE -9999
[rows 19 to 37 of 100, columns 43 to 85 of 100]
0.8156040097284997 0.7797225501958057 0.7122627511401163 0.6886222636093787 0.6310041141143286 0.6278271513194812 0.6461577441934807 0.5867949502702132 0.5900775105061726 0.5887645975855539 0.567057942869447 0.5539855821122801 0.5714871231336248 0.5841101831779903 0.561409887536659 0.6055677660529561 0.6271038196653064 0.5667766356158371 0.5133466616998618 0.5072754458048306 0.5020628998694917 0.4720831373270422 0.49554606927828015 0.47933014648052813 0.46791170819051875 0.451571524231395 0.4537913037034606 0.4853228924853725 0.5116347091488518 0.478107674798542 0.42665367132465815 0.40425045331556664 0.43550257472125226 0.42766139922071644 0.3912417939019869 0.34708949019528973 0.348555882264515 0.3927308647109796 0.4016762107006912 0.4269126913272959 0.4284035282610468 0.43856486173916254 0.44773181720706107
0.8093465957941692 0.7926770319954098 0.7376474240782108 0.7115915474208554 0.6518485895193075 0.6411672412873435 0.6486162643207708 0.6261234581958801 0.6235688176648165 0.5747318272560955 0.5842508010783682 0.5670901435618615 0.6126086057931569 0.6164491015790757 0.6082729267036692 0.6079305844148317 0.6241019587765346 0.5633043945315925 0.5686361429751413 0.523448026817036 0.5292594139050868 0.5120655769201023 0.47685547146207774 0.4669108527764945 0.45229001012281156 0.4484647626784473 0.472022258466701 0.46860107798120715 0.4416790075190259 0.434315705798189 0.43827231902431874 0.40337306553180907 0.3959129211164887 0.3887945351250776 0.38886788859924365 0.3502685128352074 0.38242082442397746 0.38002599138517906 0.3621279857942203 0.4017256597925896 0.400192334312974 0.4355768320019385 0.45856068010072765
0.7909614288207937 0.816047599821015 0.7812404772669561 0.7476752548928254 0.6990970784423715 0.6621387610141315 0.6790765543238729 0.6534162019322848 0.6308852538932249 0.601435935254473 0.587184615913629 0.5851825888274753 0.6042424265154568 0.6307949040854148 0.6408424895007612 0.6434449369139537 0.6246873113522098 0.6072736982608531 0.5759115285037699 0.5586691601026558 0.523203554257482 0.5123344249426278 0.4956652525020491 0.46917901960970987 0.45213646567924987 0.42642644142986624 0.4512216781309109 0.45963152240360355 0.44415919426049444 0.43150587584322686 0.41212159923879743 0.3946934941840119 0.34551433508079066 0.335781330439559 0.34265564601413107 0.34187914045912277 0.3526658377313827 0.35020789408724234 0.32227867406500404 0.38145937616607783 0.39555666215566115 0.4135302124759701 0.433966824226476
0.8004772553070378 0.8182377062199317 0.7778591181124254 0.7587073664646684 0.7706729232401701 0.7305869733753131 0.6897501041392973 0.6724131385731721 0.6653077053908473 0.6143037927178893 0.6081142356538629 0.6419448459687171 0.6358394333260724 0.6396018211713895 0.6281935757248731 0.6398577228779679 0.6413502265864353 0.6149303942091854 0.5819106981783039 0.5465615011330079 0.5135357321082757 0.5074230094621489 0.4896166851735912 0.4889089818774119 0.48132820813530497 0.45010732298806694 0.423209293881159 0.4365345015633179 0.41795326755548123 0.4329169215132434 0.3935445037595707 0.3972190699818317 0.33503136526698885 0.2985289958649272 0.319470190505006 0.2865217217141428 0.3183980571069875 0.29802462751467884 0.30510089278329555 0.36233665835651196 0.3698146445435572 0.3925760923916245 0.412412429939083
0.8309998231573107 0.8423802679367571 0.834469940444994 0.8222942611338468 0.813071691194796 0.7465867406619795 0.7273910614184458 0.6965001087874136 0.6485056969520009 0.6388407371711232 0.640089194634745 0.6737680402773335 0.6952904289700305 0.6821044386486296 0.6779779043931559 0.6662493229527335 0.6127781294691599 0.6028324896714347 0.5943072592831886 0.5896885455265766 0.5620178903302179 0.537271451241618 0.48271710730489353 0.46954539105642257 0.44417368433030685 0.4596646428861489 0.4358718062394001 0.45758404149263243 0.4421719420784364 0.4206811418310162 0.421461377733343 0.40276385399230713 0.3248996430600502 0.31201488516198717 0.2811167197783004 0.2643869842311169 0.26409080375619187 0.2979176537835905 0.29739886677855865 0.35550922862145706 0.3451474729820237 0.39447355505206305 0.4251798837987116
0.8561214272668625 0.8237793060306531 0.8270354226918454 0.8362650247159715 0.7967122547698486 0.7574210991612456 0.7187303927914619 0.6897757368283526 0.7066605309563704 0.6608820564153614 0.6503951906637714 0.6636636776694523 0.6935256942620835 0.6813654066905501 0.6490265962757845 0.6354236593204002 0.6029068347737933 0.6016403575381205 0.618356734061897 0.5911738175323045 0.5555419486841411 0.5412460763306102 0.48886168909935684 0.48196069293574656 0.46737568213435404 0.4404006395720512 0.432135197980935 0.46907511906728827 0.42589884596065053 0.40559990035031956 0.37876255898983013 0.382884622025207 0.3703355233678844 0.32802332309604043 0.32511300991778147 0.2918444708085743 0.3226815604571367 0.33013639856019705 0.33209822190911126 0.33440249691397606 0.36376081157218443 0.38642706285879586 0.39162030736475234
0.8329579213226349 0.8577273994496286 0.873623027506169 0.8472977073982296 0.8357862078478678 0.7606460967051344 0.7294847948297072 0.7541506628813155 0.7412749056327055 0.730024182412233 0.6970432542613039 0.6760033111411755 0.7130009195771526 0.6950772631045431 0.6749324547690844 0.6110843303653013 0.6340935418149647 0.5995442837495313 0.5849484064013601 0.5954803507113444 0.5574516682443662 0.5443145786571465 0.5158388727026038 0.5069866413161164 0.46736154382271866 0.45164959588197434 0.4548003631983071 0.4680610877146203 0.46292420243299204 0.4333905632877837 0.3903689372494728 0.37110734940009293 0.3473670475529448 0.34830883396631657 0.3580121437247772 0.36504913673812545 0.3604445485187807 0.37801189815854364 0.37614094448997976 0.37937971303203327 0.3831016963455244 0.3879661802155222 0.3780928306481553
0.8682692479686305 0.8701609220707376 0.8578083908893267 0.8586321907622837 0.8157130057333972 0.7731520645196565 0.7712296727051569 0.7657861369632202 0.7505334971955644 0.74059747737497 0.7392172221564597 0.7170505773124369 0.725643679724337 0.6775454636668612 0.6568215865651982 0.5905174130405588 0.6058134695753998 0.5939524789201989 0.556697377469629 0.5591357637645056 0.5232343311749114 0.5158102899858048 0.5055920436845583 0.5047578982907326 0.48393638691275515 0.49078241742666023 0.4570202996181731 0.47734241595491955 0.4772893374310197 0.41238761217430725 0.40496959784201825 0.4084703287489424 0.40371780827465464 0.38299859723782553 0.3883667869526696 0.387712418382981 0.36685393593164994 0.355028308217686 0.392390494144657 0.39839767416144867 0.36821682587734356 0.3903380741891631 0.4166911604821936
0.8996530240942522 0.8608939417847281 0.8867131379743187 0.8135873802597671 0.7875076197157024 0.7580179200923848 0.7636509007957752 0.7654940688998055 0.7333790044154432 0.7349665512979704 0.704086569669935 0.7116236953355355 0.6947919332879583 0.6781629122069334 0.6147906813335278 0.5742917937313315 0.5380965990123149 0.5652802775361954 0.5341137094806364 0.5121257813681642 0.49914556007364025 0.5131198149799715 0.5353604418490214 0.5358823956975723 0.5148037735988373 0.49172660728550976 0.47084814787603274 0.4783407594364028 0.4635895095031693 0.42468044473911915 0.3834475106548687 0.4061794953248864 0.42947415581545906 0.41537671852914215 0.36282721908714954 0.3745582211646117 0.39900849215035294 0.39489049914544067 0.34612811265365834 0.37686449887573403 0.39182117270617284 0.3735252663298069 0.41971320901229364
0.9181785017805347 0.8657534053039413 0.8608613915458627 0.8036309385007422 0.7853582897106531 0.769514953540875 0.7368727677878676 0.7280105032069496 0.723973693105134 0.7422980609146348 0.7138488661432499 0.6771886971050579 0.6722755353745345 0.658398963860294 0.6174539363710935 0.5878271549403554 0.590029478698499 0.5815741219316599 0.5741650524814351 0.5198838789109347 0.48553439593784314 0.5053202429594951 0.5039719932799827 0.5023835642631166 0.5095410297851436 0.4649586212766338 0.4500567124062351 0.46471359769149 0.446773428027874 0.42665091292425117 0.400318720575912 0.4010321000868002 0.4151693964296599 0.43200370095096713 0.43658835375078436 0.42775649540392385 0.40634507064827624 0.38949694854282246 0.3673492552543575 0.3893526795538382 0.37406052247816624 0.384827449906807 0.3793510945248368
0.9212112877441826 0.8923988784434691 0.8185570761716632 0.7916354996209473 0.7698913558751639 0.7859458511244616 0.7436514751882836 0.7394854738422437 0.7495359228252361 0.7620274855953374 0.7274483217691955 0.6895489051969225 0.6559419242122685 0.6670703275737444 0.6532633133391218 0.6329902721622761 0.5993876669578804 0.6030603681775872 0.5783529934947044 0.5412563754864939 0.5140875123652966 0.5144312853356735 0.5468936256395518 0.48893986630580405 0.48862056181509833 0.493186662310782 0.4614158734379968 0.44433798584141554 0.41710102742415095 0.43139672923406897 0.39785986893794567 0.41146464403496175 0.45731993199130233 0.4614424322660222 0.42580450086118654 0.4194052350195874 0.4297665381423778 0.37728770123021654 0.35771321323455424 0.38163282367839546 0.38219212781777134 0.3811027141625591 0.3692661128032621
0.8880070877489937 0.8765994246379281 0.856957772065354 0.8030961639140417 0.7699107426152412 0.7691465383879029 0.7331976904408709 0.7517088777950611 0.7337844144920177 0.7401325890065162 0.7384734352231894 0.6994500863418736 0.6445395820396409 0.6437348810217877 0.6456704144567746 0.6141534137114214 0.6261066689552289 0.5884007089492284 0.5586022092558527 0.5182512334848342 0.5371632391358587 0.5425832666480576 0.5401092421909168 0.5121063057194619 0.48428541114782503 0.46718313455130106 0.4717927181396152 0.42379223608765276 0.4248790028485408 0.4045831062858104 0.430521473703087 0.44284273467702356 0.4408725963253833 0.45702501203311674 0.4513466905501703 0.45094884643858935 0.4412590841950688 0.39066985166590723 0.3749611351999726 0.3513771795151706 0.34117862903823787 0.366722708452264 0.37007944468450116
0.8949633540266229 0.8659894054509283 0.8428478886786206 0.8173213662567115 0.8128908293759224 0.7839267379959811 0.7449087312569773 0.7439203425590885 0.7808259115068875 0.7579448728994611 0.6958462465368429 0.6729571499095923 0.6325111070235155 0.6282189865707433 0.675088685798096 0.6510903039425522 0.6165397230043421 0.5617524273238346 0.5222856892782306 0.528237835009136 0.5056687487988729 0.5576849594549703 0.5677750146690992 0.5412685599407787 0.5221093276749873 0.48932323740591205 0.45071858270615645 0.44384050157470273 0.3855827493571833 0.43627418629233417 0.4329112326811509 0.4689297571565717 0.4622791223948501 0.432706238158378 0.4319841085106226 0.43409990539480314 0.4223875529366308 0.42452119984782455 0.4194557835938621 0.3674809663390938 0.34242237850404844 0.34218767530381583 0.3606386558335179
0.8702586889866302 0.8489443276577425 0.8560522789847155 0.8068621910999542 0.8137879515830136 0.8043828102363514 0.7740720734587387 0.7871982050802415 0.7532705503259619 0.7147132141137498 0.6814680573750448 0.6592953830796033 0.6239465348911315 0.6510481758112314 0.6481541484850966 0.6398749871610221 0.6194709168556779 0.5752118386447479 0.5500540978560882 0.51363705155121 0.549821346874125 0.5619874768952955 0.5641056453096374 0.5124792921997783 0.5343115202045281 0.4843650127807844 0.4878862203211666 0.4366573014869898 0.43750164715926426 0.4417269875542841 0.43832099004557135 0.4723240377274489 0.4339823533325621 0.4531344296786021 0.4448137829924539 0.4212393565745886 0.4422193377831597 0.42355327431529194 0.4132860804614251 0.3708772310679617 0.3598713148068895 0.329158150830598 0.3647475511053386
0.8926050550179151 0.8575998427949164 0.8296055397040618 0.8184176957246101 0.7920930720841465 0.8029723004525962 0.8119258289312835 0.7875261516509383 0.7798111264298702 0.7111447973986881 0.6727296416753481 0.6654245196002382 0.5983655718654042 0.6501202676546379 0.644935291077743 0.6390491085854441 0.5938730993441533 0.5662349577800678 0.5506549750882168 0.5251552801010191 0.5534100256527023 0.5165857886201735 0.5314674367031756 0.5233881667755408 0.5299597169070104 0.5069001641569055 0.5100891162821228 0.48016784554366654 0.48023788647750226 0.48393863071272303 0.4893857450847396 0.4511740011262914 0.4204305636947414 0.4491101976600245 0.41052439558707343 0.4529390680148497 0.4451866441560584 0.42638743420800257 0.4044040832807869 0.38418389786483914 0.3456578499724478 0.33197077486928384 0.33916350409604956
0.8457233896170004 0.8599471468044203 0.8187090681513074 0.8116820793254115 0.806270501040449 0.77332830787192 0.7859664693494698 0.7441487850231561 0.7511460872702378 0.7320755908522346 0.6922676586085934 0.6375769766116586 0.6393935666880456 0.6296553232522935 0.6216486721055019 0.6216970906925833 0.584848855333565 0.5848056863270008 0.5568707352633014 0.5231815186498169 0.5069662991105258 0.5183480475097666 0.5542296735443385 0.5303169546308468 0.5475969783577077 0.5417167755455631 0.5016050903662825 0.5097607237840708 0.49487334410963746 0.47579528258584164 0.4732392219700493 0.46997063655094806 0.46588332767529844 0.44610406810381986 0.450423098805893 0.4458666049092056 0.45968664295001394 0.45918352479799635 0.43256187208315616 0.3832437963306385 0.36151995833258427 0.31373831749317427 0.3193233977539772
0.8466820523213558 0.8365963408244463 0.7862401753360964 0.7782041069669867 0.7988460605443168 0.748426150254344 0.7527072432717306 0.702504495462311 0.7004653920425098 0.7097405435933182 0.6818597309238037 0.6309131157762677 0.5970736606986912 0.6090809672761737 0.5995743118696247 0.5907394530331072 0.600587426516996 0.5760305377749898 0.5516175729458279 0.5304343300546281 0.5276426554668409 0.5351877456827421 0.5618510471629155 0.5595018389613078 0.512216697053425 0.5348576130018299 0.5331836223811303 0.505789852927795 0.4949944313853592 0.4646230643154545 0.47017560042879214 0.4386390069086934 0.4465860947393708 0.4595864076627858 0.4607994024788979 0.45608432020015066 0.4585684344951269 0.41289946086711476 0.427128622986833 0.4051911847994212 0.36742736490765465 0.3210870748003045 0.2987937923199309
0.8486822050928076 0.8354110522002423 0.8066201458657706 0.7972116948235117 0.78680033019176 0.7389601995730566 0.7405658559742252 0.709529988184601 0.7263988721089671 0.6956368787253303 0.6663436860867779 0.6473567658046568 0.6472990252890742 0.6092298436831307 0.6016380711232351 0.5887047872614883 0.5732531524648921 0.5808096106219189 0.5750522504878074 0.5797129422869879 0.5896785417555236 0.6041118037603939 0.5894243340623369 0.5766595113261181 0.5450125805972946 0.4995502870576624 0.5256495569917216 0.4995436162828376 0.4573550944545867 0.454640618285922 0.48161016313837784 0.4482420864856069 0.4671499243024113 0.44382087519523844 0.4421769434422988 0.4157483722567632 0.4042539603977086 0.4061249243914794 0.38559109955444637 0.3754046414276338 0.35584675515745395 0.3299672559182021 0.3372517136803692
0.8232322361552761 0.8236008448340651 0.8127434032366345 0.7814346366521473 0.736294423047219 0.7191277236453593 0.7640415030663131 0.7380003506230886 0.6997843472196257 0.7289052038010275 0.7121700541432402 0.690659138114564 0.6475346097876473 0.6592324974631605 0.6182633543299646 0.6050991101443176 0.6128941152329828 0.6134357079460632 0.5944077524048792 0.6195227434720525 0.6194030519946526 0.6200379345631316 0.6106540940249957 0.5614465585131257 0.52714361706508 0.5398423264544668 0.49345414312256786 0.48406123000879375 0.4620498655378227 0.4741527743279679 0.4809414158465977 0.4593647704701647 0.48870487601156076 0.4982703313517365 0.47247911205607995 0.40933043190718965 0.37028436613145943 0.38504875481956685 0.33919686124997955 0.3157699733376915 0.32507711846542553 0.3203307814267676 0.3332559702724397
