Raster_benchmarking/DGGS/continuous/raster-341.asc
NCOLS 100
NROWS 100
XLLCORNER 1743163.234330357
YLLCORNER 5469277.885562472
CELLSIZE 10
NODATA_VALUE -9999
[rows 0 to 18 of 100, columns 0 to 42 of 100]
0.14718057132806608 0.10589456842872408 0.10832730352258398 0.05119334149642772 0.02973100345893326 0.048362238157984426 0.05382521851690659 0.024363910130727074 0.049188127524505486 0.06017366214573252 0.07822054016847382 0.08253530991616835 0.07809854693157733 0.10722538266681818 0.17441109384007003 0.19644114287994902 0.23289154094811543 0.2769617294021811 0.31048768674325883 0.3566776575690443 0.3982652123445244 0.3776830055881776 0.37974310867801014 0.349661301627307 0.32442505778398684 0.3328267183027636 0.33300731068922024 0.38973983657925515 0.3685049747614776 0.3966752110260569 0.39545155505028845 0.40612779345590216 0.4096306845939573 0.4318987511303761 0.4104613192358229 0.4147478522326311 0.44941280500650305 0.4383661028113109 0.3904347885573219 0.4011758114150883 0.40090350986711204 0.41361830328014954 0.3876150565501032
0.1376984747677607 0.16246385512289527 0.12611913927541415 0.05519216884980253 0.05238757715598629 0.03547852201979453 0.041568415294746516 0.0717326567808769 0.04877226570960557 0.08353987057236545 0.1027503799984736 0.09403121198907263 0.11321629930352885 0.11243356479660177 0.13438050025760434 0.20224796063056294 0.20956283102113585 0.2508833532855581 0.30822718860016873 0.3651962400364712 0.37128345925341827 0.40307942234707406 0.37031070908236435 0.37132890549764236 0.32587475392226484 0.3254403967332748 0.3698861465332587 0.36791496563406195 0.3401427263017445 0.378267355591989 0.398493846870868 0.4332700108650823 0.4268172079194003 0.4366716729998706 0.4218625748070135 0.3919236289233384 0.40900712826230073 0.411383070235112 0.3897250876557224 0.38504884885098833 0.3800897443129721 0.3967583956718497 0.37137948446777674
0.14882279407075982 0.11845048385720217 0.100966491303968 0.07593135006830111 0.06568650271855157 0.06456794064893542 0.08498445407681288 0.11182984924767894 0.09813338147221445 0.09259344857103954 0.07521034910484406 0.09863132755162214 0.07885520379008908 0.09197457763078797 0.14460790748522448 0.1620442096981076 0.2129263068963235 0.2647037907711245 0.2868402051914186 0.3271805059019462 0.3671030856632397 0.3880423872732663 0.3497745171596865 0.370218317357279 0.3731127933672756 0.3543329200727003 0.35670535206750176 0.35390863288079744 0.354919239930167 0.4008300726275613 0.3772784383591276 0.41305483081534833 0.4018157023544503 0.4235060270597165 0.44543007215628294 0.40002821410702477 0.41791282059929924 0.4165014299123522 0.3868125342549468 0.36231451589176933 0.38781200670861044 0.34501963890748977 0.356352260555049
0.14207804731725512 0.1705220476399429 0.16205876776362868 0.11808380541215875 0.0829002967496465 0.037086318443031 0.06735750778010124 0.10988245904157853 0.08923269914095833 0.10537240262008217 0.08328852784246492 0.07343773194644097 0.12095264080392086 0.09831485830044193 0.12006129685492381 0.1840118014593235 0.24727091374555624 0.26069038372531694 0.3256313777751114 0.3383813804587355 0.3238206544228525 0.33272534881116894 0.3545224803180144 0.3575011067997715 0.38857808598318017 0.3468774664834484 0.3429206804112286 0.3842367061268848 0.3881704619282397 0.394118575275307 0.4148654523072808 0.37927245552112004 0.3849800618303268 0.4325681225891473 0.4418425369120944 0.44944656453834625 0.43249773592497653 0.4048769628252524 0.3641679375585408 0.37705439642851335 0.3750781208744167 0.2987674541327666 0.3332594335462782
0.1289760420364224 0.14905538565916548 0.1650688041763413 0.14785245309573372 0.08405167638368029 0.04199477394485625 0.06380606751310271 0.06970379311367357 0.09691628081089476 0.14174253041187226 0.1546302492976178 0.1527991852091239 0.15202908068703977 0.15620773262980037 0.14072587453292024 0.1994094127858995 0.2291579585241345 0.23284739982170669 0.30906685169453874 0.34068134933110383 0.3501903876964597 0.3579522772459393 0.3377053999567613 0.36444136048833947 0.37037250783375564 0.3385969705410678 0.3697183237264674 0.34089655490874565 0.3599792660602963 0.4193579967569139 0.4073671710691338 0.3599840005270203 0.4126493744040286 0.385699178582513 0.3987235599073609 0.4112222133500416 0.41288079077156215 0.4117223708421024 0.3976193638227835 0.3725380247107367 0.3486407633266282 0.31540235643695 0.3014464003013733
0.11545360631005246 0.1713116955619409 0.1310253497752615 0.1371089318246966 0.09761317050769802 0.06660064236271804 0.053332508258028 0.04378252260508691 0.11361342428304977 0.15564232448645987 0.13560720295164175 0.17353302724161013 0.186329211037228 0.16075323108932116 0.16711857988621714 0.1602002271629129 0.21459433285057236 0.2352998456916837 0.27400643933502206 0.2960665983111235 0.33455564278267635 0.35805684959566186 0.3548872444204552 0.39274742805310686 0.3700887474349661 0.3681463877461237 0.35141208109920874 0.34845241543981326 0.3493339168075233 0.40784087775288974 0.37577876178232666 0.34676895103748706 0.38629322060302407 0.3921543021612744 0.3970491778274836 0.3956536846473952 0.4001259702314991 0.3506470232789611 0.3821869199551072 0.3925287352969817 0.3410399255484415 0.3242834544736166 0.333408512734535
0.09603550353829728 0.1432836114151342 0.12164814322479277 0.1104887583621615 0.08355620294824175 0.0991414372932457 0.10073540877632574 0.08931785401353137 0.1245178064909152 0.15291381347389116 0.15659118922296206 0.15869527514234721 0.18564724725955367 0.1610191430739753 0.1558217758177772 0.20654966771144742 0.23265751162575263 0.25344167685424973 0.27394261693585464 0.2826590672713507 0.3215165890168963 0.35474625005937843 0.4146088516889854 0.42597410961147675 0.38477757985732397 0.39230110180989336 0.38247694438954644 0.3617759792245671 0.38036579021575206 0.4047225706786469 0.3869627531142364 0.3521566859822827 0.32908625917200324 0.380532105150568 0.35726538199758695 0.35736021536187434 0.37543285774279694 0.37589053010546436 0.37038443337223836 0.3623719123415894 0.35132015907544756 0.32817300549550343 0.3471560444249268
0.07549118933852379 0.11706386864545812 0.1162949248555878 0.062002640492748666 0.08500968813742152 0.0673267421609119 0.12934309386334517 0.131981671903297 0.13595649983426084 0.14267185390876494 0.15860093988066112 0.1580920517608529 0.16470339611560492 0.18109758946396615 0.22049891793107407 0.22756005037145777 0.2175496969957454 0.24380137689603032 0.2992512472125869 0.2826039192049784 0.3323412045534128 0.3814775925131533 0.427805546621983 0.4338248912058162 0.4167328712512839 0.3717428631385879 0.41116605460162386 0.3800008869835668 0.37210292977934156 0.3632310874655354 0.37663022722598627 0.32730669916345445 0.3605267363773053 0.3530396849548572 0.3421114819340332 0.3524336353247566 0.3965825023050964 0.3774804002020279 0.35353308142210826 0.34693715314531126 0.35779565355053244 0.3218175338120999 0.34751596938456314
0.05501851215860082 0.07275637175715623 0.06487400304558252 0.0946316628988145 0.0681141986750745 0.09638217998283288 0.1143321015769266 0.11743926135954262 0.10650684115137052 0.14323687632364807 0.13867648417213127 0.15894811063167338 0.18030461670549583 0.18715747550872702 0.22248667250500057 0.26293259338057645 0.24413575732369847 0.301666654752462 0.2989806458266533 0.3239334420182088 0.3241287155102322 0.3592617571814216 0.39340889971740306 0.4162010655523117 0.42087447496864483 0.3904908834647433 0.43436474956398746 0.4019335632684245 0.42428438873279406 0.4264000273105569 0.4041240614997967 0.3711331291525235 0.37881921946500274 0.35730227044832724 0.3974618453460685 0.40186071908229637 0.4023311899858189 0.38848351286740207 0.4001140545531658 0.3967019031774667 0.3524783551356141 0.38382446675694215 0.39833598774966156
0.03599449116426344 0.06024780517123821 0.07086707840471944 0.09927093750507043 0.1002109355532708 0.13294209801339585 0.10599844662100166 0.10723549769245169 0.13639021959898 0.11218573344016423 0.13197431039402813 0.2112561529473308 0.23145486878586696 0.26723369718118295 0.2417892938769175 0.286561091829844 0.2773953365823441 0.3243487000262513 0.30882401963578276 0.3029963672585656 0.337269308350825 0.3739645814292143 0.39701514453049713 0.40801944623569303 0.4137288849905165 0.43784186829866417 0.44840163416322304 0.45792679604087 0.4169517611439843 0.404859230122461 0.3933088567381406 0.4313573881488378 0.43399519011401727 0.3816688755008942 0.39237646174526813 0.42073906869143346 0.4086619774090066 0.4302549991857443 0.4000777463521525 0.4038019405099563 0.41346306499327284 0.3741944089398126 0.41925398663808494
0.024225579177920887 0.06688887083953077 0.08696203195110262 0.1174818898290853 0.11088164143418477 0.14640548113055948 0.12747548613961981 0.16181357613747138 0.14417072515872117 0.14943279287444597 0.15598323134104183 0.226142196952718 0.24809478954815306 0.2700377550809281 0.24160389131573337 0.252665128432163 0.32301578852168966 0.31017544346440745 0.28380421258396465 0.33523608468027377 0.3661123359906837 0.36163231480233593 0.39019626045944394 0.37648765551891183 0.3988299457509081 0.4094343686677518 0.4366984542956562 0.4361552778660268 0.4633068367305269 0.4304680942417999 0.43267566004643376 0.4462961554716397 0.44409721047344913 0.4171719516721966 0.40557076763189487 0.41602557899052944 0.447827781009863 0.4559164146269975 0.4197901467444468 0.4353008896054455 0.4225107287495557 0.3890823657179877 0.3892667493507726
0.03725805620760704 0.03342258545986409 0.0634908130729224 0.11433829580027186 0.12533618477926933 0.17330066747733994 0.16842086995974026 0.19468037104704577 0.1366491071136128 0.14891599412122192 0.20313551159985177 0.2253128075058274 0.23635000280069185 0.2373009469248301 0.24739097852641243 0.2608243649619474 0.30206392801633347 0.31468457342787254 0.2818314773476359 0.3004986551859045 0.3458222111140712 0.38141344589253046 0.3698629407415366 0.4188636537151693 0.405654736664707 0.43888815970291994 0.44775736175294667 0.44030205820077123 0.46086257283074566 0.4978321983688844 0.49967889296017093 0.44167194267810495 0.4888281413001522 0.48659953802517414 0.4497667431062764 0.4272771502496668 0.4375546443333034 0.42096749489173174 0.4183303924465381 0.4328789755558951 0.4328584992179979 0.43092841454550096 0.44411875058968864
0.023632320381858148 0.010930627287759249 0.06832322988852477 0.1202279634876725 0.14604465904804662 0.18775730584758324 0.18512769836967946 0.20794415486883042 0.15811991921257026 0.18573763794330503 0.17628597834115523 0.2155846230490732 0.20923889903520437 0.20141188386655404 0.22538677198774826 0.2996010721519952 0.30572393347543014 0.3304500305088758 0.33558465558388345 0.3552669606580366 0.33517620789711106 0.3755913306659918 0.3910569776482363 0.4092820861786853 0.4292942995090546 0.4391296690252909 0.4589299642118071 0.45730464253441233 0.49464208539856885 0.4867761623089792 0.5193116014232149 0.4631119219008848 0.4820029111848862 0.4778614704031096 0.4594716190784887 0.4023057557390158 0.4093650818064751 0.4004902967658512 0.4081662031480821 0.45906709975634613 0.42965691464263295 0.47394589703118994 0.45353563597466945
0.024117388006853195 0.019854843224968943 0.040633111117603926 0.10354043579209955 0.12551872329023725 0.18384893939236335 0.20803402461454643 0.20810383861958603 0.1944978591162087 0.1713506615408777 0.16213173036425968 0.18462668793765966 0.21754611629797715 0.198489165288252 0.24712255862578933 0.3060744635067338 0.34429526088800405 0.34235515832692565 0.34595104063545257 0.35608342459147274 0.39567587277248123 0.40790085785324703 0.4361773482525673 0.4402545807130631 0.4439495999811877 0.43305677819839694 0.4862588039563295 0.49168333345782284 0.5336899703037562 0.5390195213374689 0.5139794230324705 0.5178400794510201 0.4984527729980561 0.5277650951163327 0.4535906677243941 0.41883466625228316 0.4133055894060962 0.4008513463814179 0.4598267801058308 0.47480092260894796 0.478674983030196 0.48732349113207657 0.48625365325779546
0.0422067730611416 0.0650271167419446 0.04368607953492806 0.07485642999323959 0.10701092057526489 0.15437025267943988 0.15601656270517783 0.17814500245888218 0.23579000255400157 0.2148613247245713 0.1972398092270942 0.20513424849984174 0.2424699934882051 0.23057067766818726 0.23062218950843075 0.30844882620863484 0.3295467516973785 0.31052230488564775 0.32839245611549633 0.35863090812431025 0.3841785188622299 0.4168238669778214 0.43293132406064305 0.45459953856474694 0.4730049379448582 0.4885862047283076 0.45986144223439873 0.51893599633541 0.5266403120638926 0.5451154725363684 0.5101044781126419 0.5121846632227283 0.5205941517288265 0.49705113687422775 0.4963924389807085 0.4347433922878799 0.42214762632842684 0.4394097168983637 0.4759217122785028 0.47630686931014266 0.4897308944139583 0.48797893505374484 0.5093147643900431
0.041987013243648334 0.05399355178510307 0.053978247648826416 0.04103952394074706 0.06775281608447788 0.08194837663409821 0.1397813914497996 0.21062973881627003 0.21019599884180637 0.24817005976089665 0.25276417191187156 0.26638921311045743 0.24637660511366047 0.23619925372794942 0.2556276093052204 0.2604239333584407 0.28505238523504317 0.33090711700095177 0.34533999951396316 0.3770946270761445 0.39287746601790785 0.3387366004796163 0.39337461436552884 0.46462226362823317 0.4577033076236961 0.48387536504393547 0.475147788867917 0.5255887807520656 0.5503145182131127 0.5297647943206903 0.5405383471117482 0.5516799566289441 0.5091892721750217 0.5255415845386165 0.5164140552084339 0.48600653019257595 0.44251162621956464 0.40684224003739455 0.4378320056889303 0.5133265927939953 0.4908656449465037 0.49887160014208753 0.5293523626530326
0.013797934865752178 0.034848844488014924 0.07054049989353292 0.0596757668679675 0.0836839208517075 0.10449572378531798 0.16185768919494897 0.19172927919575614 0.23114530599580396 0.2610701787049788 0.2263530500205302 0.24132845691008364 0.27353719216938827 0.24696234780630028 0.28520030411884345 0.27070701047518514 0.301753147725821 0.29264299096022445 0.31394399183855937 0.32362887253504513 0.3738009192028639 0.3478285637301017 0.3944808524423605 0.43615982268053055 0.4715817118913605 0.47773190296332907 0.48447928155279374 0.5062112000088734 0.5087442427565583 0.5626131162035677 0.5268170570586093 0.5314886501177862 0.523502292134176 0.5069305975400499 0.4809001909247394 0.49611323769732946 0.45679210861999353 0.46366788612114856 0.46262694185065495 0.5230096513144691 0.5473036349990245 0.5428285544688147 0.5339868583508367
0.04179774645541567 0.09043990156376953 0.08851471467658979 0.048204175786417156 0.049447578766913955 0.08440382983327314 0.16833797053041413 0.18172221803466237 0.21282819958697108 0.2415076882332445 0.22635745160014112 0.2198096846738534 0.25194160858343523 0.2722952734135554 0.27769131590842855 0.2710254813125346 0.27469373470133884 0.2717089905659279 0.3119099141886804 0.32099060358502113 0.371962582407442 0.3754550553383121 0.4036133882219437 0.42267140953199756 0.44074014231265024 0.4679814566063354 0.4922205643282512 0.497470677492686 0.5408803006489526 0.583768751053964 0.5649411113412853 0.547698736684599 0.55822749160445 0.540011423474021 0.4835090799803966 0.4787509806585617 0.4478820499511144 0.4683470651488093 0.4682983509076834 0.5263154067383907 0.5664796393124184 0.5549892195204774 0.5763472739193688
0.06425976684108597 0.09064024686775506 0.05699655181400322 0.047228216642932155 0.06880766479990728 0.1052036460471869 0.13591442811464366 0.1875710976698095 0.20262498818386582 0.20569911685182438 0.2531794987525282 0.22350469709540807 0.2614032645830073 0.24044282537414258 0.2445837650168928 0.2635996485525219 0.2813547267773217 0.3133719874004462 0.28977068802582356 0.3208414505349637 0.37304620289377566 0.39741601339313815 0.39512930030505955 0.4316738851041736 0.45931875116505316 0.514221853483232 0.5275016139545005 0.5455948834018077 0.5309932164699638 0.5715629969871773 0.5416248768219234 0.5122405210588591 0.533360933023 0.4995457852818208 0.49180028383620134 0.5080834316046346 0.4863433265030273 0.4791036563618728 0.48807741397379695 0.5469728896436875 0.5925019316592288 0.596653324456874 0.5826170268691757
