Raster_benchmarking/DGGS/continuous/raster-226.asc
NCOLS 100
NROWS 100
XLLCORNER 1743151.922669294
YLLCORNER 5469294.7412311435
CELLSIZE 10
NODATA_VALUE -9999
[rows 19 to 37 of 100, columns 43 to 85 of 100]
0.3448086484892459 0.32786100510800575 0.3247362497958819 0.31208127522286094 0.34002283226992297 0.3541819372903279 0.3478392391349557 0.33560160756628193 0.33109689057106323 0.3316872781317779 0.304178793693311 0.3252396428985087 0.31425266395202667 0.286707688711098 0.30555339136333176 0.2572462343378635 0.2900476509691642 0.29480219975171074 0.30143011500613276 0.3181208622413189 0.2874413463208828 0.28846950869552956 0.2962357768575755 0.3012607256048484 0.28938632816213133 0.30091395001482085 0.27694363885066947 0.23794447666221394 0.2254317994744856 0.2924660156228849 0.32920872099164716 0.33561812152094206 0.37343059198525164 0.3356295815222528 0.3519912050720337 0.38074376650754815 0.39001105626355625 0.37017050796502204 0.4039076864578153 0.45610940976323894 0.4624142372064069 0.48109651899315103 0.5312173936453949
0.3743138867859894 0.33330382330878283 0.3360091274242244 0.3493957844781773 0.32982178729620265 0.3535272090257783 0.32629811652619706 0.3445029512212056 0.29049220678743465 0.30137086375746375 0.352659605197139 0.3116698521555148 0.30944222161566737 0.3080979062330616 0.3314520916435734 0.28175534074815006 0.2395667516412037 0.308426699074665 0.32920676941632093 0.31648211965352224 0.32081820506863085 0.32475602478419346 0.3568236260377464 0.3328823146416778 0.3258121878982829 0.32359538175532476 0.27862455943612446 0.27139732568038183 0.2586455997732516 0.3055041985097696 0.3211643629121014 0.32457046181435056 0.36007902089890054 0.33488970476739377 0.33145645892440917 0.3634021254297493 0.34262994312624473 0.3741061871363264 0.4185592017221389 0.44221825728041403 0.48734224682034233 0.476176589477159 0.5021768621799135
0.34951401412574606 0.36035535240698285 0.34951283032864183 0.3328197913907494 0.3148223484318569 0.3062085234006316 0.29927197317688453 0.3185146627606249 0.30443274302500506 0.3115799195080806 0.3139838684280047 0.2975909571963403 0.30659320521834504 0.33809872298828303 0.34896108903925527 0.31880626086293895 0.3049517120557012 0.31356029379316863 0.32462906110496986 0.3470561711851254 0.3712418383808843 0.3660661127252276 0.3651235472434629 0.35248538985464833 0.3128307051328754 0.29860867270926755 0.28513332705519984 0.31176138293465977 0.2913158836957084 0.2763390351692651 0.3208406978446777 0.29255032577391354 0.33390287936577434 0.35816933227792885 0.33052019927215565 0.3541587520019324 0.3901802475805711 0.4189932162486767 0.440350084085221 0.43297926782456797 0.46255705245374523 0.44643980050039817 0.4706301473374248
0.3478962444505747 0.34044905524447877 0.3312411724065904 0.3526132984863484 0.3449105888461644 0.33790934459460575 0.30850776515989875 0.31031849755978935 0.3121045055529891 0.33535541159231985 0.3167075322506346 0.2847690670464579 0.299348639541119 0.3326997951704327 0.3474740334817706 0.3511829474174557 0.32811913542649507 0.335174474897191 0.3761249005600468 0.3912853132405917 0.3653376837302786 0.35757260768213234 0.37435002512484145 0.35189902312615773 0.3143483214136146 0.346435329816462 0.3395334545103594 0.3158878104131103 0.3214992253919376 0.27132619653658496 0.30317540135083687 0.3031681300890865 0.29402462678856417 0.3590621456450173 0.37667422422899904 0.36446891313399976 0.4408629709622921 0.4568185162437943 0.4288549180851595 0.42007324969726334 0.4332676607294266 0.4195352221038913 0.4567406725324256
0.3110924512482023 0.29237957804852527 0.29997010688915526 0.32253323532191513 0.3092704309906725 0.3201712195406495 0.32967670381702474 0.32383262679828145 0.32709555104110655 0.36045458267212416 0.34691877373254437 0.33121097407273487 0.37049987475424856 0.36879105672821877 0.3447803959191953 0.3275301422992738 0.374090361067972 0.3676308334538057 0.3941192278001631 0.40007978853609916 0.40270379881539 0.35532384762758884 0.35096538931460586 0.3127975244538715 0.34881988022323124 0.3466213579297635 0.3122356415429484 0.316060304779825 0.2979189831217456 0.2899216413365077 0.28865427454898396 0.3057262040344172 0.2909154302564438 0.30836734323465326 0.35220957962950356 0.38249224613515437 0.43631961947482045 0.45804276241672015 0.42161157816860967 0.46474107272708554 0.4323524255461084 0.45027522765087563 0.46780152762136074
0.2770911228986826 0.2836103407145319 0.2778786381333922 0.26270848986927525 0.25516778975623333 0.2804144504564037 0.30251580237424175 0.3364627924706102 0.34646050823006014 0.3540797555055642 0.38315286511051727 0.38753667811368403 0.40484284431550166 0.36175833327123175 0.3394343149116496 0.3604933817988276 0.3887996793105145 0.3822118914037402 0.3760255588726616 0.3739616576697097 0.3830556879801698 0.35799992637579664 0.3322955632166027 0.33095136357748595 0.3339335963528982 0.31143665603904913 0.32247206313765 0.3201644600748858 0.3453026922772696 0.325536517154039 0.2878613889641562 0.25928932105691105 0.26009709222917765 0.30684929731266913 0.34468465345960153 0.38135778538213116 0.4536629138535312 0.43591505815356796 0.42951573237619434 0.4321306597214428 0.4660768901393125 0.49288518413216775 0.47487331618010864
0.25638070544561464 0.2875272974977387 0.26574970149193405 0.2886976556616539 0.30499445694250826 0.2927481024887941 0.31431233188680013 0.330644867928667 0.3393738248650674 0.34762101432676085 0.3396711518337038 0.33314596978045347 0.3469644066957523 0.35484535688576835 0.31562700121660286 0.33963143685379443 0.3847737014413035 0.3887463713724662 0.40356567988040676 0.3799313217171101 0.38223072536458946 0.36674839109129026 0.34481310831996587 0.3507519916635858 0.3075224310563087 0.31702448143418305 0.30743024217660525 0.32905513274903286 0.296132697343499 0.30892758672768944 0.3256501114430207 0.2844690676241051 0.307391066862864 0.3483099250329058 0.34905611138701875 0.3730725433242762 0.41131710436878904 0.4574976884534778 0.4242162240647159 0.4664613323772683 0.4773284478407213 0.47672967773904046 0.49801303993985885
0.2309613790996447 0.24856785329983064 0.27910172265062105 0.3043430547425868 0.29297368415992453 0.3011697442668133 0.34725522510524964 0.3352726747759435 0.37922296261682875 0.35450693698286306 0.3025442156285428 0.2907103337089268 0.3121444225597413 0.29525663915045935 0.3340375733727814 0.3425440272045173 0.31999311705714223 0.33458334239633075 0.38786804306434375 0.3888940071173806 0.40426345113969486 0.38570152683256903 0.32527945745332176 0.34501257141826686 0.3064192179006585 0.3073365047568731 0.33263712258792194 0.3396582890234702 0.2824596536833285 0.32058682944167316 0.3259250815866004 0.3072535934015398 0.36285447228909845 0.34667174308551724 0.36918213528411714 0.37671465505662904 0.4068737666300186 0.42825642349346454 0.4369757115467244 0.44479138535048285 0.47239207152443813 0.4654063892706998 0.503636951749676
0.2220402825277084 0.2295736823830762 0.2355239513553748 0.2914514601634095 0.2864215236404263 0.33901413475189757 0.3464002601185716 0.33740510436598536 0.3437636138324158 0.34926784925302584 0.288385434922376 0.30456578458262157 0.2717028120123465 0.27787709916056563 0.3032217915443288 0.30497846855398 0.31995976601040027 0.3508887181103179 0.3407285458003833 0.36168808719821965 0.36254296918294004 0.35518709001061555 0.3358264843294358 0.351754867572404 0.3277079160570529 0.32711461760074567 0.3217037015345049 0.3194928209889585 0.29191727550440116 0.3303480842467906 0.3485573849470569 0.360735554309494 0.38226225485238935 0.369215708530461 0.37547958113741237 0.38399503345402936 0.4469612794200683 0.4594447423049227 0.42880261459435687 0.44623349133221757 0.4494792454411455 0.4833870704082985 0.4693082726800381
0.1684684410254337 0.18722006162635232 0.24359454062054034 0.2816496383395455 0.2692967528293009 0.27548386815177217 0.34594989257110603 0.32405464629320807 0.3462663799743665 0.33258669620459164 0.29018962007877885 0.28100817496809555 0.2663487873465288 0.29414527002081575 0.26819930325087116 0.30296210825816966 0.2752825387092756 0.334222866071276 0.3251691277168235 0.3500439450703509 0.37861246686480265 0.35713774085424355 0.3751598645511523 0.38394117784346804 0.3777402319527912 0.35940929256063525 0.40112117054745966 0.3589420785118329 0.30809825613390457 0.30367763094723454 0.33114059981024424 0.34746587633644166 0.3636027052739222 0.3493881305564315 0.3684852839734968 0.4282596173582111 0.4772648327517333 0.4941622666390006 0.45610805765710394 0.4643655688597599 0.4236620530545767 0.45408666273563336 0.48306827991018786
0.1467130084757901 0.16742980102209176 0.1803099655201828 0.22560561181959096 0.24943916742411756 0.2527111945596595 0.27989450884679307 0.2898421397756476 0.2872480896833659 0.29477176837580615 0.2776412446844918 0.27838239122883285 0.2562111795800433 0.26333453040277754 0.2660588838741399 0.3127516932543974 0.2746463030756598 0.29448679028630376 0.3169961669675033 0.3575158021888336 0.3608010641558345 0.38834376698873596 0.3757094022689061 0.35776170890357556 0.37949102754624753 0.3824755087129319 0.38284834281115054 0.35022003999787094 0.3620659190262895 0.34580868731680164 0.3769778460140572 0.3620670700157199 0.3752483005676555 0.36269729933018746 0.3842620621087795 0.42851427028998723 0.47030250308515226 0.48886535906658835 0.4591049859046736 0.46863767601920353 0.4444280279015247 0.4369893377232406 0.45951554582883714
0.13580991158691771 0.1783094339225582 0.1751743036024706 0.20838512089032193 0.21654172468119864 0.25889866322729227 0.24294091338342466 0.2744409556229028 0.30367037128841196 0.27006400665973146 0.256944620557826 0.2798249763660401 0.2698985060013857 0.2883675584841061 0.2966479994797089 0.32200142203747806 0.32473793962674397 0.3039924815595826 0.342059720316357 0.3762856520134741 0.39105339937089134 0.4044610326168473 0.3781018903996579 0.3623731088400038 0.3863133089135358 0.38087444515265506 0.41288629086320544 0.38722875140058244 0.3564327796326512 0.35932497787096224 0.3804692732871377 0.3423745525929376 0.35111005802610534 0.3914970936158871 0.40864402353839324 0.45714412064339055 0.48497836975057784 0.47620987721734065 0.45639586851792924 0.4365164266368197 0.44420756983732124 0.45751972248308803 0.466235511028614
0.09150494318589622 0.12901846559570734 0.16023694814081207 0.1858125423241168 0.22280314823737066 0.22331265085903582 0.27013248920381344 0.26802264559952604 0.30510088790293977 0.27938667528688954 0.2996000680165729 0.25892137753371647 0.28186294906572196 0.2647389315041597 0.29301936857769434 0.3268778449847526 0.3272953133827129 0.32013243021060256 0.33045162356595975 0.37453574806328244 0.39510429276992093 0.4200022398569092 0.41835389284151986 0.3658716619076173 0.3544446141548029 0.4070888712825347 0.4149117187505151 0.4078682896526907 0.4061737606830372 0.36620055929250067 0.3990455297668847 0.36468671991960316 0.3765354258726596 0.43605499511022794 0.4712536473576261 0.4544330778487964 0.48377138329364455 0.490250424209054 0.4796082938593786 0.47013772618362243 0.44081637992472716 0.45423064714050415 0.49962854095495457
0.05410693672101395 0.10863037230965313 0.1701831275675077 0.19997577916908427 0.21142238421006798 0.2471043261891346 0.2516049148509484 0.25124774731724897 0.3138875527044493 0.3293438085036571 0.32109651276853074 0.289630455300429 0.2401051918231417 0.2501463984267937 0.2919002002269563 0.2846082826056939 0.3272176207330531 0.30314432925474694 0.3457748224286242 0.3579333534078829 0.40036503114390537 0.44216993942482635 0.41760589879584514 0.37355732787815366 0.36698779265915005 0.4086931665241716 0.3852449635352304 0.4076820108597737 0.41548412196936274 0.43328923143939574 0.4135390142774201 0.38692013427739574 0.42389054302059864 0.48796578495856074 0.48166783156439624 0.5111816207996229 0.5406699028123355 0.5353685049038507 0.5531454279469362 0.5431035280519088 0.5030546837523746 0.5054523757632007 0.48263728426378616
0.04633282790978445 0.09006949882569999 0.1480997363167974 0.14072467296275745 0.18231207038780173 0.20141773752700567 0.22704393108606802 0.24387217041821763 0.301115229762654 0.2929420770579398 0.27058905440711734 0.2560312999057412 0.270758051416321 0.2906913710434548 0.28003040927695794 0.28673383020388815 0.2961922580608573 0.32166606582691964 0.339945051044908 0.3661887401613332 0.3888664367656888 0.43122354243625816 0.43121744594354583 0.4058714481959526 0.39123677663252426 0.3948034467705502 0.3778919233007574 0.4036277264172032 0.4176856982023825 0.4282305434057472 0.44781793955363336 0.4314491470840285 0.46508999366173254 0.5129912550641612 0.5068845797775579 0.574473617362811 0.604410226438403 0.5925083357655502 0.5555875756807649 0.5553274359897827 0.5658390422405307 0.5529123613449264 0.5033876915407864
0.07472018341516071 0.055603724800124134 0.0871940938576887 0.12353830250849873 0.12645830519733228 0.13967912783235525 0.1962761164660648 0.22459759932000686 0.26772454303113535 0.2652828118807819 0.31415632470851934 0.2742914671402284 0.2559604379018462 0.3024981763049482 0.30204841785159525 0.3174496873828389 0.32644192973738334 0.3095746446469672 0.32004020434619396 0.341025015571755 0.35458752968138874 0.4238888843749108 0.45057779621318517 0.42518115752619745 0.4277946769527558 0.4402616974061457 0.4283548047457462 0.4573870306714889 0.47932409573567675 0.47461930351229337 0.44825436402400204 0.48875058126860993 0.4883722244725254 0.524563898749799 0.5645420461250703 0.5801401804257352 0.60842383669753 0.5800112819319674 0.5921263139858479 0.5753864960827396 0.6091317535442224 0.5566523799385857 0.5481387289919474
0.05563631582167503 0.0458973544408518 0.07561071548407297 0.11746863070514826 0.14415686053746662 0.13736409991086315 0.17131516612058717 0.21787677455774615 0.24222144358808032 0.2783977435185228 0.29133662092526214 0.3160133086669986 0.3248091977032335 0.3113770519088091 0.32239277814938216 0.30592410814932247 0.2786756521855178 0.2980288253351894 0.34551493088729796 0.36997578255276786 0.38829178994859304 0.4087537113903883 0.4246244736413158 0.4413496844658612 0.4762911925928923 0.45321829245414463 0.47996051245229443 0.47135457788534835 0.5002148737386269 0.5071104544474098 0.4932005558190741 0.5110694224643737 0.5461075197931515 0.5330270250544072 0.5830262166579329 0.5791953502232821 0.6149632264229424 0.6051186032783904 0.6003876014862228 0.5800386628941373 0.6193574033669588 0.5951699110827406 0.5654891116000258
0.03127719372784027 0.07359949289795062 0.09451811892090237 0.13290056288388458 0.12370535150622614 0.1569776525105374 0.13851471835548337 0.2052513811695323 0.2318325902236391 0.23834325918080357 0.31736406529476935 0.2919724658746996 0.3403220178663023 0.34103800633702636 0.3425624310273326 0.2943008031247765 0.269602656861718 0.3102132660751171 0.31692823334154385 0.3772970949902213 0.41958653806133445 0.4012494333280815 0.42962152455558134 0.48136373400085575 0.48011162636889754 0.5005220185292113 0.5191649400690246 0.5449959571656603 0.5587109711361885 0.5631238123076446 0.5595304179763193 0.5549787382166782 0.5751484710275948 0.5644465345874369 0.5455655328646281 0.5540187843954134 0.5698344378625605 0.6082311918777983 0.5650342150221213 0.5923014114872531 0.617564223638689 0.5820301321896046 0.582873949740438
0.05282040441038454 0.04850181787019254 0.10739688480971639 0.1180872758357109 0.14307098098079007 0.1593979986919787 0.1616150906883578 0.18177908418919567 0.23418408777650132 0.22071990841071798 0.2288579449130027 0.26622932099157226 0.2595332588834132 0.27632096992459515 0.3208627890961246 0.3092673979577978 0.2887965536987702 0.3048829446574542 0.3388953737144781 0.3808640489483945 0.41123781641513024 0.4378700899648032 0.47105358168887923 0.48061045124309637 0.5095995890971102 0.4950518604707774 0.5072847402940971 0.5449097072967424 0.5892797796472795 0.5721070175717494 0.5948421028041909 0.5949978483332058 0.5866341772039398 0.6048439710155231 0.6244173327573265 0.6024474363813168 0.6226481769265917 0.6102835192974403 0.5815930681889118 0.6191637189603484 0.5951357934412989 0.6200839304130901 0.6110312188084742
