Raster_benchmarking/DGGS/continuous/raster-444.asc
NCOLS 100
NROWS 100
XLLCORNER 1743159.2605864923
YLLCORNER 5469281.709790518
CELLSIZE 10
NODATA_VALUE -9999
[rows 57 to 75 of 100, columns 0 to 42 of 100]
0.6797299601731628 0.7326070982237962 0.6941662523504687 0.7339974858992744 0.6953753423585854 0.7110122101859406 0.6687928396844159 0.6800730736449133 0.6447975928225329 0.624042522932058 0.6652229042559498 0.6514068285429029 0.6525620136200998 0.6210309177133623 0.6231364057527868 0.6175094250231365 0.5403876402261714 0.49591511263792704 0.5487044653816942 0.5245498531255138 0.5444644621312099 0.5237510769408072 0.5448846892359306 0.5570104591529467 0.5485901080159027 0.507822202322885 0.5186614866806841 0.5416695489529706 0.5481418996520278 0.6070252381997623 0.5816540083984966 0.5773067527048267 0.5586601202800991 0.5862649372471653 0.5430897317151989 0.5843529975886961 0.5832549226320828 0.5725966568386168 0.5281534266559466 0.4986948727992248 0.50167732005033 0.4646378496145565 0.4345681626747525
0.7106608832150005 0.7322815344215882 0.6965997596560184 0.6680661846286904 0.6774617019263419 0.7076305499158766 0.6823735799906713 0.6693406715281202 0.6680981809610529 0.6569408615451031 0.6701864279912377 0.6420276614111546 0.6680674121801717 0.6296408069844395 0.636798909683818 0.5716674669728604 0.5292939637824979 0.5089091090810846 0.520932564004334 0.5035450063733279 0.514413812576331 0.5367230495076739 0.4903777278734591 0.5193472933845102 0.5002385968678119 0.5114735567063413 0.5088974620058593 0.5502390469141057 0.5604334988590838 0.559152615444649 0.5896459598940474 0.5591231351796575 0.5445705517439584 0.548926624341584 0.5349960669845523 0.5286400538981512 0.5713179742948058 0.5568151531239861 0.5017989934006531 0.48829064705877967 0.47259822834630294 0.47490791506933117 0.4309303876820091
0.6758174406485161 0.6813918616977064 0.6565040829979096 0.667207813466868 0.653651523758589 0.6813194107444768 0.6410359973896956 0.6228328820076597 0.6641570546634681 0.6325954144920317 0.664823938228167 0.6773913677750244 0.6804181929346055 0.6344170872575261 0.5875699016738445 0.5813372502862503 0.5286744913923908 0.5020917672379558 0.47454431843690886 0.484001548966152 0.489011442928434 0.5058190209772964 0.500727192124565 0.47564454071657947 0.4711777359710761 0.4776027551911453 0.49886405422641644 0.5196834258682825 0.5399783409581331 0.5596252216008837 0.5725743414637627 0.5348481083845006 0.5620501739527379 0.509972421981177 0.5223648069825251 0.5340558912770547 0.5624136820303346 0.5303258499323953 0.4995306729773415 0.46915213990497934 0.48303960091200693 0.4423529135364016 0.41874057806683707
0.6692702151137194 0.6669292177436121 0.689964808594895 0.6793468443258389 0.6782776980230752 0.6718634726042384 0.6105750455463435 0.6222702378645687 0.6495392983742735 0.6651654652492681 0.6539957506101882 0.6265123826349206 0.636154949240232 0.6281243660319222 0.6079618104572196 0.6059489532589848 0.5504035385948283 0.5079001031644498 0.5006047840939893 0.4876296506381815 0.5248600052712686 0.530898150299249 0.5019101332255792 0.49763793066722484 0.4662006061482861 0.46454193338394206 0.5113333131581282 0.5332591420243952 0.5367792708762719 0.5673232488859358 0.5602648566970565 0.5266752098613736 0.5510386591161724 0.5336465912233449 0.5041915935867235 0.5205870539600438 0.5020353192371871 0.48209392776817267 0.49012668617912775 0.450918182296504 0.447274758240641 0.4746267943122937 0.45541223237760603
0.6584072473484281 0.6812131232299361 0.6472033259605477 0.6411226048207701 0.6444334478725604 0.6133682968461615 0.638117728571502 0.616509178179796 0.6104393724271034 0.6317716093269947 0.6361278829442492 0.6382629497381255 0.6062575279536022 0.6534946421092762 0.6463678818736379 0.620030703586121 0.5722203469175791 0.5367154054891511 0.5044911924981035 0.5457796770990387 0.5572189327758394 0.5627262928786578 0.5280143989274354 0.545935101476909 0.5141870712717542 0.45047037707257725 0.47835999372539967 0.548133587063948 0.5460454867651334 0.5310684113338072 0.5720159043393305 0.5644800439702866 0.5200350814938832 0.5304717490066096 0.5019201125896889 0.5349961631106115 0.4972337774346212 0.42348783648599325 0.4298545080096486 0.4933029314514734 0.4841028925336229 0.4807122041330246 0.4886414603167541
0.672663429060161 0.6476820724255524 0.6664844913433535 0.6436296031360856 0.6385428999407337 0.6015086785615202 0.6147500129671519 0.6315202377688273 0.6523955415182545 0.6753677372003836 0.6609089798044526 0.6247730071998046 0.6061918966690754 0.6075273809196009 0.6411571854058978 0.5776837746529904 0.5455815383704068 0.5184420363636185 0.5053936692933199 0.5210499560816367 0.5510335896035705 0.5194419287919261 0.5345029501946297 0.525544462287586 0.5045991354678595 0.4745674923868371 0.5042947713810405 0.5145098820029241 0.5562072395632551 0.5469785730918141 0.5515164156606039 0.5407343299588044 0.5046862577241717 0.5243367125942426 0.5427372092795992 0.5411257969926766 0.485376131137279 0.4477251022436322 0.423246445006515 0.4711415290195957 0.44197207463893146 0.4705539218923653 0.498898175895019
0.6918122669904729 0.6698282429625451 0.6809575328109139 0.6550339929299045 0.6145639639324038 0.5856214200212568 0.5830898002207189 0.6206505704860843 0.6394712826367265 0.6531434404132662 0.6345884649466264 0.6334619661978614 0.6078454440041153 0.5858699836124319 0.5919367198450582 0.6009948647669857 0.5478153881672626 0.5277147552031088 0.5029988178509046 0.5222631150788373 0.517806043485741 0.5030543838468026 0.5376651760762501 0.5225631421401358 0.5143805535348884 0.5527259022107904 0.5110724725482095 0.5316754441723729 0.5225868791222971 0.510246544366348 0.49202942854314563 0.5133773586102804 0.536908121862576 0.5203053453439053 0.5340971831824188 0.5190638571682942 0.48813456058401333 0.44621580013248247 0.43392372476683116 0.4208632384409199 0.415248847546702 0.435486233768037 0.48519418004878834
0.6571005124441044 0.6325892362565426 0.626502671174033 0.6295579608667734 0.624949507079798 0.5856666407749402 0.6225885752418302 0.6019026341104218 0.6454796928926972 0.623653770392337 0.6282388714432556 0.6163424120823304 0.5841377891455498 0.5907566738684199 0.5775130478263439 0.5767772251095852 0.5347034472886373 0.5325071877551576 0.4944914526879027 0.5408363616719823 0.531817186580743 0.5558769342362856 0.5195596797574514 0.536771139078045 0.5538245194494068 0.5298209540563769 0.5185350697179614 0.5032889018782037 0.5220019572612336 0.5119793264281695 0.4939717615813627 0.4818339459735602 0.5059570717105195 0.5031959592207023 0.5331424005755754 0.5136585510052912 0.4775986179144353 0.43060621681754385 0.42780300224767837 0.4446364275784889 0.4204853091714262 0.4330030778529256 0.4616966244864936
0.6899164937923757 0.6714176159838986 0.6282766087716596 0.6230843843926271 0.6103227043684518 0.6044026309211296 0.5971707356405633 0.6122793407498889 0.6091328519599102 0.6525003014040316 0.6593567766071963 0.6206724289941975 0.5751920063797384 0.5399976312303134 0.5519695460169282 0.5856370963333261 0.5681578783771302 0.4956349415221603 0.503529234635826 0.5424051496157494 0.5526605944417693 0.5887316395531772 0.5313630016399528 0.5544793113329587 0.5423231148259173 0.5351090509510161 0.5545350391618517 0.5447122050977973 0.5607945059034761 0.5569319579797304 0.5256441556716398 0.5042914412517447 0.5318700822108777 0.5198697290937583 0.5157386834987847 0.5329950364582564 0.48056828208854824 0.42612254328311966 0.4309155165891363 0.4298279541885683 0.4453781978387648 0.4546216955690271 0.48170363294011426
0.6994548198293703 0.6848616506405946 0.6552983766231673 0.6462569313820286 0.6544596625758808 0.6285543776403186 0.6572332816414704 0.6344530220515643 0.628197487185128 0.6659496478596494 0.6583353942584377 0.6259521636966784 0.6172810480903943 0.5871187128383476 0.5892355445418112 0.5539549372625666 0.5466364821573584 0.519230117359549 0.5463385135526291 0.5513729875266377 0.5480104538724421 0.5915231591150228 0.5576809048000718 0.5587305491542035 0.567615180384672 0.5448913084771404 0.5753237300296933 0.5321921967348917 0.5316829358955963 0.5238972792340839 0.55251593407346 0.5323933162058736 0.5142283930605146 0.5039109928820109 0.5318628379076653 0.5150046722696864 0.4825317488329174 0.48759746604145915 0.4612480513891127 0.43279566422507515 0.46247953299438643 0.49240236045602176 0.4771162728862295
0.648999617537528 0.6279935754991207 0.6312741309529963 0.6424727164624726 0.6551550415448103 0.6813933380091347 0.6572068668863358 0.6567670020500816 0.6239137021603426 0.6596579114879908 0.6321972030745248 0.6532415085130876 0.6269947107624397 0.6032862153916153 0.5580504745626488 0.5502469594459143 0.5841857717197605 0.5896231515228016 0.547692294576843 0.5666577717959236 0.5599531709683584 0.5771608622699902 0.5765645436919178 0.5799078617058445 0.5649765175817921 0.5866127276750629 0.5953269920630223 0.5528794211963148 0.5401517832161051 0.5332530294791469 0.5654722143784662 0.5847598639296038 0.555166465920697 0.5605576304325286 0.528613873254642 0.5145718669183765 0.5177986233633863 0.49702044133524487 0.49311410270877065 0.44554005424898246 0.45210031258721617 0.4959987603132282 0.483767845208813
0.6319907705269359 0.6434611288818697 0.6618130883299463 0.6823821913858515 0.6832265969435736 0.6628420337946882 0.6441052914735019 0.6079815502153498 0.6118326617136114 0.6408612528424612 0.649041216945725 0.639377510037189 0.6618421135533495 0.6453457003316808 0.5871430488606029 0.5849453128810381 0.5984262545883806 0.6094788094107293 0.582530757184912 0.5989749048087978 0.6158402715866339 0.6329463694962968 0.6208906688098462 0.628039247805215 0.6265211090793749 0.6289895563047063 0.6156009343836135 0.573471958290718 0.5510395576161017 0.5621684869500736 0.5664553677375938 0.5563634006665112 0.557059927791421 0.5089776308028477 0.503076361152843 0.482839635573621 0.49946845665048933 0.5156141279311942 0.5027731727940522 0.5082163795768306 0.4786537159565725 0.476475034683854 0.491114605387809
0.6456209936858438 0.633581115812906 0.6696970021461662 0.6666106616404806 0.6524146207879357 0.6698745537191838 0.6484279806328651 0.5866675610287596 0.614766089760547 0.568066568758994 0.6246243067212878 0.6472300805525745 0.6417597574644432 0.6633344361808633 0.6093451649183976 0.6189977299147553 0.6355963264262193 0.638710584891734 0.6411875194009571 0.6432520604077623 0.66043902240804 0.6139776199166656 0.615636204833496 0.6094635604594519 0.6577529823332038 0.7120799670459561 0.6588595444075735 0.6477368063444009 0.5899790398769216 0.5821757822560062 0.5607312379028471 0.5286967676316261 0.5379745366744189 0.4939046868022121 0.5306731819147805 0.5224699820302018 0.509302511240729 0.5195480363847708 0.488456814630858 0.5121820699413846 0.4774628648333486 0.49311843638955427 0.527457715056396
0.6882011658294275 0.6375537879113707 0.6694769075907813 0.6636967598161775 0.681415518028554 0.67315439618946 0.6629757108894393 0.61231992260599 0.6288352751451934 0.5824505699747037 0.6144772561667642 0.6267751533565852 0.6653694432027799 0.6685931175917154 0.6467402315789152 0.658269839879058 0.6519583834900696 0.6658239730304331 0.6891345494355621 0.6507449920219467 0.6698601767391635 0.6780783465301002 0.664158978846181 0.6202907079139155 0.6281415991121391 0.6459353552188577 0.678543668821441 0.6721111409733038 0.6534748880030532 0.6514526212019744 0.6166553790562458 0.5521686100041205 0.539532809262334 0.5485948842449321 0.546000562348423 0.5328843661180024 0.5462631010695953 0.5554631489066177 0.5288544393033779 0.5102609028510402 0.5085217431057036 0.515385893479596 0.49649211297398993
0.7022463608388616 0.6726751268009308 0.6770728312814663 0.6492772197588595 0.6525415110640845 0.6839132104011427 0.6816552579820055 0.6429530554994421 0.6264473325830416 0.6294394914513557 0.6388258178047944 0.6315716046418545 0.6726234813654945 0.6387250470211815 0.7025341009185756 0.7320544790756831 0.7464100999345045 0.7266555466076331 0.6928360617823475 0.686467976475909 0.6730256188257351 0.713119193206599 0.6650929584561125 0.6521913444489555 0.6597783756293694 0.6332809010086078 0.6641469665460789 0.6256975880213546 0.6402580805052608 0.6570464584648634 0.623578871431513 0.5904445669173456 0.5584378789267221 0.5887137106937721 0.5567390529025863 0.5660797172051885 0.5588907492987896 0.5456576918201588 0.5477105164643682 0.5085993751087342 0.5109438941774498 0.48799373994053813 0.4895240703034254
0.6963580795833859 0.6899043318640203 0.6559233435442229 0.6733477082716384 0.695553045189353 0.6595636805357878 0.6517947979816391 0.6513415703887059 0.6138712470467408 0.6674361224339781 0.6817327107707554 0.6445220218703838 0.651792753058382 0.6861452469370317 0.6836899045687225 0.7328713358007656 0.7730367625771731 0.756672855166042 0.7272360289148505 0.7432888661359593 0.7320311465745597 0.7610770951148312 0.7204272089440875 0.7148377672797989 0.6602523066579202 0.6528666101094441 0.6698189027428777 0.6811912179538192 0.6754446388781192 0.6601815211935109 0.6646355508567037 0.6493503389223126 0.6200936944543639 0.5875179419550937 0.6023412599653236 0.6062799434286107 0.6014131920168028 0.5986788218834769 0.5507989341238898 0.5584064346285167 0.5151107390414884 0.5084143570307165 0.5118647467020138
0.7191697693080712 0.6902859811057686 0.6731754387000507 0.7145239034679297 0.6931675667457192 0.6320190068400373 0.6456671386289717 0.6230236053199951 0.6257686063522635 0.65827860292835 0.684410115062174 0.7152003961336681 0.7230829148062635 0.6928890380752457 0.6878386209303007 0.7707487590627884 0.814735618627613 0.8086088485668622 0.7751795034717018 0.7778126116679027 0.7815470799991897 0.7713485954196421 0.7327867763485492 0.7242837704408184 0.6796922500112562 0.6725334936655253 0.6501558186137276 0.6591792753821912 0.698944229240344 0.6491591996797059 0.6541350825276152 0.6777207861816257 0.6768265110100655 0.6521897036912291 0.6677382383887237 0.6476601023836426 0.6446276106572094 0.638513572046692 0.6267088902328719 0.6087967339807658 0.5934828309321435 0.5650960986043345 0.5677799925522716
0.7008295421254058 0.6900439614618298 0.6922995779073893 0.6866860961528489 0.6753663401776036 0.6681463791235372 0.6138978388630153 0.6523279710544216 0.6857231665574234 0.7043703729914892 0.7194531760099047 0.7229252151067886 0.7296824230130249 0.6926109489326218 0.7156170134718592 0.7695898266064999 0.8002499962074905 0.7791910239271381 0.7833877686666184 0.7846799857564353 0.7628692763062076 0.7388009839812051 0.7456427878110107 0.7253077878417308 0.7295045547159887 0.7105641576835958 0.6700427160512573 0.7135217563595673 0.7055685046462585 0.6840542367019782 0.6773265413498619 0.6649551568001195 0.6639276736441847 0.6891126311754027 0.6674928843065832 0.6413540965272142 0.6188517863781817 0.6063029602771352 0.6223248209989517 0.5864416287176254 0.5774182692640955 0.5891229484211257 0.5770340070551164
0.722536919009106 0.7203194327450027 0.6845886790828465 0.6994249518902519 0.6864371204149665 0.638063586736221 0.6480371127167198 0.6514819443103298 0.7006867751241771 0.7319087233793047 0.7042878517202754 0.7146690806629228 0.7412986172537372 0.7295754198027044 0.7135394067474398 0.7325785340858779 0.7782401707616772 0.8281997890585211 0.7851421927814378 0.8118741854783663 0.8116706597286181 0.7617337807551318 0.7377345481861418 0.7590381651665116 0.7199850261626405 0.7168424316433155 0.7324067328974454 0.7247781198109108 0.7266941206756191 0.697338764811407 0.6743010936444039 0.6580721483888228 0.639005540740413 0.6816516093587571 0.6947192130261765 0.6894152238059607 0.634176569496677 0.6054368107107737 0.6354769605640203 0.6090587871515221 0.5838278988921405 0.6008925648933912 0.601483368756147
