Raster_benchmarking/DGGS/continuous/raster-90.asc
NCOLS 100
NROWS 100
XLLCORNER 1743163.3769943905
YLLCORNER 5469284.6176724825
CELLSIZE 10
NODATA_VALUE -9999
[rows 38 to 56 of 100, columns 43 to 85 of 100]
0.44867532610129035 0.4347896552324443 0.46627752982138837 0.4734217740913684 0.48156535484588814 0.48727680823088537 0.48458118571110503 0.4657451700674526 0.47551035024082755 0.4537678066165633 0.4770742687041829 0.4893451776761372 0.49966431001209743 0.47580641817867675 0.5110351054984343 0.5326858206795276 0.5290806070981651 0.525444667173443 0.5389619196307087 0.5615130894126752 0.5465737471804156 0.5495550536518627 0.5596244285614094 0.5509269957695964 0.5797658705914523 0.5814642890183854 0.5935998404736712 0.5862631321035373 0.6422355260649052 0.6464048337725566 0.6817820796314608 0.7273344457152533 0.7258290158731645 0.7317375338126398 0.7907838579594463 0.7977816991747265 0.8469221814913326 0.8915556413875761 0.866886883748816 0.9085156764207368 0.9186409307724119 0.939977316901642 0.9111135452664303
0.46060041573774035 0.44206029639409955 0.4718857597497869 0.4678098296370713 0.4686723301782808 0.4729091770743586 0.44710741616937977 0.4423117139288872 0.44869879650971867 0.4675146678691145 0.45829392436930266 0.4811568568337951 0.47222825624713094 0.4584478713967652 0.48644751717067375 0.5013012148640112 0.4898831764161904 0.50318991319837 0.5312547844255328 0.5423272151643156 0.5599398384239531 0.5388085757877766 0.5466557693723918 0.5235361275350803 0.5302818621006001 0.549144462590208 0.5649888960980957 0.5672535322376598 0.6288624146832074 0.6392696690768659 0.6760088124352519 0.684460769180415 0.7286161764368257 0.7593105866115093 0.7674020223203889 0.8053243156438687 0.799377464012397 0.82223280581514 0.8570039857192209 0.8622021512750428 0.9019034306634058 0.9007338816915731 0.8854411229884755
0.4995545577849013 0.4771818547887191 0.5011453439191137 0.5007297983345677 0.4925030012979286 0.4615171535603258 0.47018804520122764 0.45493771221887375 0.4607664993666396 0.4306265501937395 0.4418437139911429 0.4717000013775032 0.4699614403196695 0.46107382416721354 0.47110656459109207 0.4873477873240148 0.4734655252806919 0.4550601991161651 0.4752462254592809 0.5123862799477527 0.5420380172165215 0.5318776991434452 0.5487366144110746 0.5075707604336261 0.5288744288198659 0.5610141542185746 0.555816188720303 0.5782773348564755 0.6104195700606225 0.6265708160990041 0.6457234581204738 0.6826922222101272 0.7104548397125611 0.7728497813312536 0.7722123363903847 0.7816756608974953 0.8047757019630001 0.8097105488079555 0.8562802723497827 0.8483955546215497 0.8619770184530673 0.8592732007366389 0.8604737127234202
0.49818642586899164 0.4629489424258494 0.46958127644523856 0.46722919048343253 0.47031069650210366 0.4371165447035812 0.4441188031735366 0.4536583176536381 0.4648132371282037 0.4574194379422738 0.4428769342860867 0.4469077930766288 0.474163716028303 0.4488933729100834 0.46318943951509345 0.4845018533406922 0.45081926070879874 0.41964137934866125 0.4549944769863726 0.4794693412853921 0.48593833237841944 0.5269758061662738 0.5227453453982244 0.5400098501338063 0.5309885748868558 0.5260367231772503 0.5445783179652194 0.5363731784191177 0.576888171382814 0.6117138186152447 0.6376240927229518 0.6967042273109332 0.7338251121340427 0.7775069350597638 0.7551109622432352 0.7477939468956353 0.766706008732376 0.7872628386495918 0.8332239974259835 0.8585776262490478 0.8687700991635177 0.8669400000265733 0.8548778960606888
0.4750107784813002 0.48738705565685186 0.47084307499262357 0.4668493060977721 0.4646749810603718 0.45511802910662735 0.44706467192262844 0.44058807448026416 0.4562911537820215 0.49376394156974956 0.477210818983696 0.437252904334302 0.47012369923514474 0.47939708329451575 0.463886245463893 0.44798224812436666 0.40800696295215017 0.40392601786138443 0.4493505830565878 0.47560950729140195 0.46461305011666415 0.5100666055790356 0.5084049381897094 0.5096323940676517 0.4844846048395195 0.507001352700997 0.5269107239615178 0.5123832043502078 0.5511891914850452 0.5635115773099639 0.5977910472716321 0.6770960002840147 0.7172470065383952 0.7627101002928695 0.7560519581671447 0.7667821453459401 0.7615587454771008 0.7958624860180822 0.8282080247166385 0.8212403853468071 0.832269008866739 0.8788736498723801 0.8662906917270876
0.4866704766833229 0.4937482461673399 0.48421812491404453 0.48606702905141586 0.4669723160085456 0.44426945080944313 0.43921001804865417 0.44864517983636515 0.4726347706809124 0.4838456430656776 0.4637720628881924 0.4387211727170363 0.44644539971105396 0.47278746866133875 0.4459984235465926 0.4456195415774546 0.4004044832729909 0.4155432475006378 0.43549948547372075 0.45664764801859775 0.46097123703839443 0.47596495587819343 0.4570610096223589 0.4554899610149181 0.47191636664036984 0.5047442896085853 0.5015405920626183 0.5225110070909785 0.5208469439825646 0.5335819985427518 0.5980946429063774 0.6268240564931064 0.6911403926069233 0.7101484247223294 0.735108199483891 0.7481325669894147 0.7595095729147376 0.7824038490520251 0.7817127920143795 0.8085983327643601 0.8150078842050422 0.8419617150288495 0.8525286125238756
0.4672124887411537 0.5040904486304176 0.4768921754405461 0.44125109606317725 0.4612628086299877 0.4356987090897268 0.425404466311526 0.4499502360232358 0.46108160706118934 0.4628779372233518 0.44587004136048564 0.4388661832872201 0.4157779866801268 0.4436740806389807 0.41237625019431384 0.4328621139162075 0.39454597838615285 0.37969826952132607 0.39856956403729127 0.3979597021967758 0.4432900179070817 0.4364159186853091 0.436951020997887 0.45720535636765036 0.4550636426361579 0.479175643814389 0.49645317731237676 0.4927499576329046 0.4985447755028374 0.5336756088889919 0.5774062134511488 0.625329963623788 0.6359399474146165 0.6763882259344965 0.720468059869912 0.7428645414609816 0.7278478439710848 0.7108158399012376 0.7191035858764464 0.7424018973826044 0.7875421089006472 0.8077317125125237 0.8305415113321881
0.44423097862894323 0.46685151744391956 0.4658126086600715 0.4600060459505726 0.4449803903879921 0.4307529229613858 0.42039899646606016 0.454707583680084 0.4534326878955066 0.4224164189140037 0.4483384545444663 0.4168562255789453 0.41577295309965395 0.4028195707529826 0.39591768410472716 0.4031163800989329 0.40475072890511227 0.4007227916543561 0.38258037856888744 0.3823494838706118 0.3877020547296824 0.39245221463677105 0.44535990697392214 0.4387907591688242 0.44782931749368937 0.44713691505039993 0.4774484614876046 0.5220767067805279 0.5111562668027553 0.5278701960874013 0.5978862287507821 0.6193366969091548 0.6276210990231078 0.6416187175594513 0.6908445374210895 0.7097736164756019 0.7002466022567282 0.682731414053352 0.7235117127594317 0.7622312768782786 0.7713629074927952 0.7583815133969986 0.7697788545754082
0.4189476093104623 0.4719055711737423 0.4386922676557028 0.4111200342347945 0.4463565264181343 0.4413775944634059 0.41851942074518245 0.41078496009876697 0.391975700393869 0.4136301238421072 0.41662713142090424 0.43780859557071594 0.4220515292896341 0.3753682361080822 0.3655482541775151 0.38316108789515935 0.3982800725979174 0.41089170541481584 0.3874594717901457 0.36711367945789763 0.37380017730962867 0.38880622339582815 0.4358746807872569 0.4350154126451261 0.4626447853443389 0.46510271921348806 0.48271668166153675 0.5202029581620443 0.51951486833033 0.554631323024337 0.5684438897397677 0.5992507505010065 0.6324607804546247 0.6070443829931988 0.645827882185175 0.6735739409563861 0.6604681898958122 0.6601251874172829 0.7022433351588047 0.7226464585205643 0.7214088426488332 0.7384879730702585 0.7593810798593958
0.43046309258775994 0.454917516981685 0.42193875349319526 0.39889743681639783 0.4245232050930723 0.4231374214917357 0.41617554653024236 0.41652564127479963 0.37761549252880705 0.3817101964119001 0.4043189408303438 0.42586915754421756 0.37999449480802655 0.357387583313186 0.3766244910378075 0.3866056808588063 0.40359560391603033 0.3942453955602261 0.3817044205831766 0.40150635799060636 0.38981900093959937 0.4084322434194362 0.4393587271273914 0.4124309702201711 0.43191381199741496 0.42857856812736334 0.4538020083469217 0.4852560672539175 0.4982072443863002 0.5024415979085425 0.5437068041173152 0.5954816837133613 0.6072395175309571 0.626106043867003 0.6245221405012117 0.6477233810432454 0.6304722732942956 0.6763559294482457 0.6846118324450519 0.6883855832025256 0.7214659810435328 0.7509625287758567 0.735712504223022
0.3975593153546483 0.44200148054930927 0.4256657663764001 0.3883157092736024 0.400919508215679 0.36870737745355275 0.37041369453083267 0.3751914286577672 0.360001650036867 0.3857613901715501 0.38603199781016373 0.39929084422348954 0.38406906231859755 0.3816327870890498 0.3949936419794621 0.36793677547927595 0.38606398178770013 0.41796278557153177 0.3914126828004874 0.38609397888626695 0.40162734907218883 0.4186059208814402 0.41475986886905497 0.43040191763154545 0.4166037012430316 0.43375173936150885 0.45498564212585846 0.47592963569143676 0.46876389336810986 0.49190000377148146 0.5087737778480772 0.5468245033913268 0.5958085701533987 0.5920656646769152 0.598772473931808 0.5749948762379783 0.6079375800798904 0.6511364581966683 0.6870447523953429 0.7096613562444031 0.7252428472884848 0.7212894520300421 0.7207826155799961
0.3801108432229152 0.4050242273687797 0.3936451576373393 0.37132137108556884 0.33795719326978957 0.35500292292259134 0.3793874594166279 0.3821329053508416 0.35637739822386677 0.37958310513964144 0.3775419198866435 0.37306614267169397 0.41295895043235664 0.41801386120891737 0.39923957939980326 0.4021969628916774 0.36720425510909555 0.4084977485564557 0.392540646125844 0.4060105923042371 0.4235353707541724 0.4135863897990831 0.3977320867613741 0.4214336933385961 0.40870989085937987 0.4280345777776009 0.43039291690939835 0.47569997623578525 0.476994055035268 0.4851192971684425 0.49322951319977565 0.5376419882066553 0.5669625759179564 0.5672127197872034 0.5554570513175114 0.5785987377418323 0.5759666517765916 0.6295799065829794 0.6564862326844306 0.6902170388765452 0.6787569299910061 0.7187606917252913 0.693886752108453
0.3530739052391636 0.37145761755337586 0.3558657391915542 0.3248030353855961 0.3411838055046527 0.349729004821207 0.35722324380565584 0.3606517376876699 0.34633796790166316 0.3776072720559822 0.3874016291240405 0.37458396630463225 0.4140258418710253 0.41886079254726843 0.3910522424725392 0.39125138642873886 0.3770979999362011 0.37865564187777895 0.3823017608408063 0.40926058474477983 0.39039464163126436 0.39306083575276585 0.3824745292319572 0.40669670663729446 0.3919501485823951 0.40555327328217655 0.4313446649984873 0.4595875695616679 0.4448641858820041 0.45383856176773113 0.47493506633792937 0.5017329180688748 0.5176505645702305 0.5480102744518177 0.5542063119711556 0.5713178825374069 0.5809826409827845 0.5936384544186839 0.6148794331640479 0.6540498069755798 0.6842143012389471 0.703480935454174 0.6935999371927335
0.3258390860548669 0.3374561241638832 0.3414640276173609 0.34892178988322453 0.32803157718555215 0.34589986827144775 0.37862006216511407 0.35893571805042174 0.36405871901946946 0.34016946009923466 0.35940817739458525 0.39218618372427266 0.3951365743269413 0.37553801230382705 0.39298010456682625 0.3485960599968675 0.3489548873648259 0.36536081679261884 0.37004477889365006 0.3697407242828976 0.4095467915988744 0.3760563920571593 0.38635641184714975 0.37861404941236637 0.38179106822720277 0.38826966659226075 0.4085546269250357 0.44149023159512496 0.4370562056343105 0.44816894879878816 0.4759499055008411 0.47015029890235005 0.4996749116997541 0.5169026601336691 0.5480421775376804 0.5636105279167061 0.5670548124537236 0.5953506090123534 0.6019304561183579 0.6174381424563768 0.6520594888750891 0.6572960495369023 0.6797692468813303
0.30971864119418374 0.31108763343791107 0.31569193711097315 0.3220111905599311 0.34975752546572403 0.34955560454625767 0.3702266348277408 0.36591423652998056 0.35893433180475137 0.3293508081216838 0.34966760304059763 0.3869818016391578 0.3752408858309694 0.354547643767055 0.37459281044468107 0.33669761059771247 0.36378989621144037 0.35506325076489464 0.3413329762915783 0.37812404135717287 0.3801041505966628 0.38045584752664763 0.3533199152801908 0.3482924593099666 0.38201253966376547 0.39428769561123655 0.3803872161413483 0.3803517119520629 0.41381977493164335 0.4318981583118888 0.47070642650879363 0.4785025812010909 0.4634091827590929 0.4712506405149208 0.4940158939767277 0.5315119685241559 0.5565150482492797 0.5407409542712504 0.5685807655317379 0.5914227160223858 0.6171676414888553 0.6427722153405233 0.6770010329586749
0.31704685066800453 0.32692155850454363 0.3242191309195917 0.33758714856843036 0.3247606425347431 0.3519203944006134 0.3640711943016976 0.33848445680092437 0.3240636164414928 0.33849761158078717 0.3667828314695731 0.34476319528555094 0.35139292246413223 0.33071310076318844 0.32621201916564574 0.3622481942806725 0.34938527330222763 0.33568231415745997 0.3417376826193948 0.3397889766474176 0.36712897318040244 0.3509732901755838 0.3585613184366001 0.3515360020801187 0.3255366853959985 0.374199905122375 0.378363534563962 0.3676960410046917 0.39592924898811543 0.4248064821643025 0.4298758454855395 0.44061044871766814 0.4411430846445509 0.4680949753396993 0.5106740640868189 0.516074358440134 0.5452681810424802 0.5724798182644564 0.5493582582478825 0.5627627053171794 0.6058532826582742 0.5994904376782633 0.6263430214462479
0.31800326692053704 0.2862526741925623 0.3390551843121365 0.34211117521880935 0.33092115669911215 0.30931053495846783 0.3249364855043446 0.34377821579890694 0.35057035395291747 0.32592653885356637 0.35137714871222253 0.3346095963301773 0.32457715284370314 0.3451941938988752 0.3335004042643557 0.3536713589461816 0.3486150912631703 0.33425828163337373 0.31739275995041677 0.32008927282437866 0.33190321024915775 0.3705204421700775 0.34833200515373036 0.29459402244592836 0.3369355141793857 0.32048299848848233 0.36987169851597396 0.36059646314331445 0.3926708113983167 0.4059103787620308 0.4075070093465616 0.43869427676115474 0.48148779290491495 0.46438801582132766 0.5249855111695365 0.5358105253107179 0.5368398879227947 0.5688517937223152 0.5732941530950709 0.56617134251055 0.5781974696729665 0.5843686330134263 0.6257963143721031
0.3039992297246691 0.31815093105765724 0.3265600230083036 0.3417965118100715 0.3395009767468042 0.33020802736044286 0.3546815988570685 0.33668421178675384 0.32789217769354845 0.32503450974005593 0.3343164564556285 0.31271801913198327 0.3193944563271639 0.2985644516092675 0.3272335563303173 0.3020885028613331 0.3194309976748357 0.3404506820724536 0.3211190593083136 0.34001875585505303 0.3288122658057761 0.31491471747582717 0.3139679808030201 0.3010743649742393 0.3240602168969565 0.3235472539090862 0.3657060051347197 0.39143112346316883 0.37429295897880877 0.4250169190105845 0.42321969334561055 0.45880368617263 0.49490296848022364 0.5094617995576481 0.5084720778110028 0.5339669027250405 0.5354292385533537 0.539348088326585 0.554458650511682 0.5575123891808331 0.587566085697844 0.595540504485521 0.59884057244123
0.33606974592869854 0.2914262709068192 0.34084025749947783 0.3255650846378144 0.36381127854333234 0.3876669842143569 0.3838371735117156 0.38079762090314556 0.3401809846454729 0.341737132236837 0.3144148171695618 0.30169114733706986 0.312762595404161 0.26917495937473923 0.2736684901599398 0.280165298710167 0.2735288644067213 0.30452140382472276 0.29914246552061274 0.3116350035076464 0.29969224880539597 0.321120574827151 0.2957844752524428 0.2798288063376051 0.3011509045388694 0.31289877998736243 0.354667508066188 0.3824567242625735 0.4116472374034744 0.42782239944997963 0.437794405704852 0.4850575457232712 0.5093995085531801 0.5237644467833132 0.5141385689473535 0.5095065060088113 0.5363114451344897 0.5301184569423821 0.5385751749505957 0.5805936459974371 0.579256370627446 0.603088123256768 0.5818441870614064
