Raster_benchmarking/DGGS/continuous/raster-278.asc
NCOLS 100
NROWS 100
XLLCORNER 1743156.7885819129
YLLCORNER 5469293.607635132
CELLSIZE 10
NODATA_VALUE -9999
[rows 76 to 94 of 100, columns 43 to 85 of 100]
0.41620512483656086 0.4146615728332303 0.350513419655553 0.35485323019036846 0.3662365036007087 0.38757740979371014 0.3492934383992834 0.3991469469148754 0.4167640665706821 0.4276909552166426 0.44462039088120325 0.48044354920291654 0.48928985697480154 0.5098242741635648 0.44583463431013814 0.4556526475549668 0.41266137386043833 0.3986172488072515 0.43598424154756504 0.48857053428243763 0.4743433741120074 0.5184450461281433 0.5060218324523158 0.5150861963981083 0.5617274665256526 0.49346789746657443 0.48696564624086786 0.46205373846956654 0.4819841815330537 0.513653687018907 0.4887956661705626 0.504328589588784 0.5393798394499238 0.5007188382848198 0.5251732118961157 0.5271393947425291 0.5053441709391208 0.5147348292074205 0.5724370483972242 0.5308394656440553 0.5423223748100232 0.5700373857565649 0.5536826682424358
0.4258435761980244 0.39597436310391565 0.35174594822709443 0.3486493682669291 0.4153710745779274 0.4254573601278763 0.37511098714150926 0.3667354992207997 0.3953328104669904 0.41355361428447207 0.42143636309389315 0.4576384639151131 0.4888020191788711 0.4481541875328954 0.4690170193607614 0.47135540365731643 0.47308247124828906 0.4138257222176404 0.42459034989873795 0.4952993447751699 0.43794718350519446 0.4237406732039877 0.4567703855008048 0.5071791017003482 0.5010954609314692 0.5205795058559721 0.47786197413840614 0.46753357968826564 0.47791422274850315 0.5145634593410672 0.5318872967688956 0.47000283538143667 0.5442795532411935 0.5627098102497834 0.5321929567706779 0.5582665795239685 0.48492903158283224 0.4965818905628021 0.5142927788634984 0.5198662444487532 0.543056354987193 0.4953601450743396 0.47038965618746675
0.3683064521609141 0.38721545291201986 0.3650138536938263 0.3741766204562036 0.3852760817727313 0.41586997538623194 0.45042519961615285 0.4071628391799316 0.4236397539286506 0.44970349127078413 0.4493548352488855 0.45005469984218704 0.5010665870494507 0.5224382667655917 0.48609188872413056 0.46594884541211457 0.4606099049975555 0.4462188249412483 0.42870838111605136 0.4907981536284882 0.4703917191332748 0.4545467451975583 0.433322711386085 0.47905963684845965 0.5244560233587735 0.4953300578341592 0.49268545978397116 0.48918695982861876 0.5249939240133361 0.5044592952241944 0.5249330827169435 0.5543384446240548 0.5644285466854432 0.5796790448350102 0.5022617527849598 0.5336581549846726 0.5091614663401488 0.47379513281005714 0.5231808802710618 0.4942478021257623 0.52967845521911 0.4757296078671606 0.4772750645631446
0.4003225541839813 0.3758105610299928 0.3617009280708286 0.37817230475188096 0.4026965838110406 0.450291065640026 0.42575604993226135 0.4207197487161166 0.5008097268025202 0.5279406314873989 0.47449787719650954 0.5032791883745131 0.5214351016315047 0.516383793432163 0.5172966899544744 0.5217050868719231 0.451035987145555 0.39765565039219675 0.464574621642334 0.4643300169760987 0.40574095694153467 0.391285716490894 0.48079501255660206 0.5191399742462333 0.5244149235091179 0.5077993390847035 0.466547805112696 0.46737869129056847 0.5295489907493721 0.550259735053842 0.546035745475867 0.5690228772493211 0.5403108199703837 0.5506663998163674 0.520860560653993 0.4736737370313759 0.48012175190837747 0.4930092503822013 0.5375350877575475 0.5318029978597577 0.5204904137444707 0.502779760083339 0.49386783806072515
0.4065673065497457 0.3848923978160259 0.3691186090277197 0.3809775253372752 0.4565748896597591 0.44702121151354746 0.4713053249092085 0.49872439851290035 0.5422182801551708 0.5463621108715763 0.49610829036767967 0.4833012274169995 0.495093498646478 0.5532774671256316 0.5227421909906306 0.5125127665507396 0.41896182187085046 0.43636312698659385 0.4310296069571167 0.4458170174072528 0.39157244108388156 0.38123282578844964 0.4504390177938033 0.5337932770542893 0.5356421285573496 0.5561718156561484 0.5101945057103384 0.5476296940509232 0.5403909730108315 0.5530421674212888 0.6018041889292696 0.6086843103406561 0.5734398079315448 0.5642195586271527 0.563007032593224 0.5298346231147492 0.48649437547046764 0.49440172039426344 0.4965917993871471 0.5049885834930876 0.45690123917739667 0.4425785815297285 0.470218834963922
0.4131110063384359 0.3992869167383325 0.3854982799805422 0.3998038282545411 0.4931080819368128 0.5106613010101912 0.49486906206848463 0.49421068217118425 0.5158472699427793 0.5872968506129924 0.5421627835774108 0.4975715802671647 0.5088102093659338 0.5546292368585282 0.5070543527048572 0.4824589473091299 0.4424858174108829 0.38694313542829434 0.41763326438436765 0.4100846843945906 0.38345363263351967 0.3898390588429884 0.4597134384146669 0.5035405571472484 0.5591579466032032 0.5553773781470573 0.513936564063888 0.5561370970275299 0.5844456386938106 0.5967808174490844 0.5711785900163309 0.5763244475840289 0.6144423756561375 0.6003837992628767 0.5383388262254643 0.49894929641824937 0.48407807400658515 0.5247146417142416 0.49032419384858766 0.4577871733311983 0.4348621464207887 0.4703697811456955 0.4306211884599517
0.4315613516989601 0.4541066128965807 0.45214341996984386 0.477934886694239 0.49646111871280535 0.5382430560287714 0.5066551290843087 0.5424043819081645 0.5374119569156652 0.5666610978734 0.5487297425825702 0.5572191881961707 0.5687351325555755 0.5336698570569393 0.5165202738792802 0.5027836025207699 0.45994998066224524 0.4578440475152815 0.41257331533213965 0.4071043365490744 0.45353798724274186 0.4294365160648474 0.44920596728877576 0.506280064266386 0.5054582739099758 0.5354707857005486 0.5652873184156173 0.5112040054075365 0.5571002001414234 0.5477188085065744 0.5253346328409211 0.5795234472053234 0.5860950005325057 0.5891654508433958 0.4985852374128375 0.4587067556458372 0.4790114844737404 0.5269359866959062 0.5225192521999344 0.49107429803509595 0.47687003720456883 0.45759762524543823 0.4619306986448626
0.49093642288700406 0.47976385989958903 0.5015461746455675 0.5081177109198105 0.5197476737090615 0.5038794633426497 0.5413468636543562 0.582556534360156 0.5537484305980749 0.615136832726981 0.5919320422441717 0.5464618496136967 0.5754212129790186 0.5671831720250996 0.5011884874754358 0.49294704584273163 0.4535154887671417 0.47289411593518427 0.43640496576572746 0.4761342692061479 0.4764070045131189 0.4366352862311407 0.5070381414592462 0.5266515781037171 0.5569636144367303 0.5548898075644416 0.5483920306807669 0.4886397261523134 0.5353842577432194 0.4738101960495589 0.549075601597829 0.5578625179689186 0.5387395790959777 0.5411259669808215 0.49082961691633203 0.47099928731834234 0.5035975352360015 0.4619305455156413 0.45972662512393747 0.5116924197678538 0.47976915866373665 0.4669301816000982 0.44050300648651647
0.4626072866304233 0.4459700043131804 0.469342721759545 0.49083012099685197 0.45538180513266613 0.484061209834184 0.4888586321617553 0.5257232703096236 0.5872745906475336 0.5803005208371859 0.5686756677058329 0.5725908313077207 0.5299443865742784 0.5553391382258865 0.5279575389870688 0.4654921726843095 0.5024615086332137 0.5338751240880183 0.5121871238964603 0.4710355747394861 0.456725340420141 0.4458561309020561 0.501749791516482 0.5347687856518867 0.5425364635258585 0.586415445010015 0.555139056839508 0.5492797082516924 0.49861773973956536 0.49622175143338604 0.5316742327220214 0.5611513082680571 0.5755586679398568 0.5427810545046718 0.5482150205030831 0.5375749541216068 0.5288054369378431 0.497192546937658 0.4773595447432917 0.4808789553585655 0.45453678125380487 0.47934812723606 0.45770157627265173
0.3706397596568899 0.3633374665176256 0.3778191262165073 0.4233275401579533 0.39211987195322173 0.42780578079072734 0.48880329528594524 0.5396573604321689 0.543178016442649 0.5877852947531099 0.525426454507953 0.5131101894823468 0.49473303923792983 0.5256552373779454 0.4919835000901269 0.4523828058001114 0.44753648015031156 0.5127498974202995 0.5407917548348423 0.5144416294051286 0.5174014093995956 0.5085317673270208 0.5527808078522813 0.5615799902179189 0.5926353970815526 0.6061075769906635 0.5360712415676847 0.529996228923449 0.5727393987993435 0.5674546289424942 0.5574010584180453 0.5379940532954015 0.5220581618815693 0.5448638190282826 0.5238177535567168 0.5192763152253752 0.5549167251835525 0.5556101901013375 0.4983371052048025 0.47199811441564177 0.47661657740077923 0.4585427169486221 0.45841859850483624
0.3439807800849501 0.3865802205290404 0.38504769146665074 0.42799540847811246 0.37737058066999707 0.43992755511864956 0.45971861728708047 0.5247840528016741 0.5452807817619628 0.5775554456602237 0.5607929228937295 0.5519170722903088 0.525979446420258 0.46957640088727715 0.46546598295423186 0.425158402025534 0.447806260710798 0.5171326456834594 0.48968716271229934 0.4756874569366982 0.473095807294171 0.4960800079055991 0.5095873844714824 0.5659272616040631 0.5884577206350146 0.5909153798116861 0.5854679428619793 0.5691771059978752 0.6093388194708498 0.5630968909926461 0.5632857295488234 0.5165230429861308 0.5263152531241038 0.5336787020665767 0.5937084046331479 0.523987517731595 0.5394523322055889 0.5740397497166243 0.5267483150527299 0.5233237798752873 0.49083493221962027 0.4650674340928096 0.475546788965298
0.33586992012330213 0.3263448707345124 0.38357058928598214 0.40599718568630117 0.4014664759756835 0.3649100701872222 0.4751309481507983 0.5250267986994516 0.5799883856825 0.5629966962024384 0.5362124257735383 0.5414415157818322 0.5434034125337116 0.5018554924664501 0.5312843379760209 0.46486192527787135 0.5023341906102067 0.49152995845850467 0.5156566263684279 0.485205839642651 0.5177462576480378 0.5109248301763804 0.559969254274251 0.5620771318666908 0.5690213972646151 0.5805882967866381 0.594059988309769 0.5921172944931532 0.6264384652230841 0.6391233471262379 0.5983146282169988 0.5597233639341274 0.5877173812293247 0.5978857200276072 0.5576543372723118 0.5746991040352315 0.5501252720572112 0.5717907977258 0.5933657612274849 0.5604109793366276 0.4801018377344667 0.47513369904972785 0.5130131830182775
0.39481070522026496 0.40705875486568255 0.42831445715538413 0.40645020782036795 0.45010519138885696 0.4202964299969645 0.4701025673821679 0.5288515231973753 0.5532160066593366 0.5593644013245178 0.5915139553448648 0.5937574194129825 0.5516707599701095 0.5541810143592614 0.5777885033111497 0.5351008621441437 0.5183651069063777 0.5456883894280654 0.4957167543123455 0.47899690916786003 0.534378842134505 0.5669470302782659 0.5840847255642425 0.5711218558485003 0.5519782733160047 0.5537975055638065 0.6166966001429509 0.6073169983459635 0.608144704692131 0.6578611981857068 0.6074121871312073 0.6126450683325159 0.6179400081163492 0.6129853320554178 0.568532305324753 0.5916927935943093 0.5704334376844625 0.6163720954267514 0.5844275591225304 0.538003456525645 0.5269435028813196 0.5266311352701166 0.4841140478318211
0.42678220102122305 0.4276044934446435 0.42295209541179163 0.43407782782732734 0.43345445367210156 0.4789645882350431 0.48622682817213014 0.4900684131329682 0.5936074039351227 0.6478025225462315 0.6071017495911807 0.6232276072709327 0.6036645220587191 0.6189531191821477 0.6243197805647394 0.6269038621163494 0.5832756056569937 0.5975949403059947 0.5429477525014802 0.531989865660993 0.5187083170693344 0.5671469344509913 0.6401688590783235 0.6271523930703324 0.6148851965278462 0.5695772688246581 0.6168121133989994 0.602551051691958 0.5947546294949875 0.6851206505605186 0.6331202655556326 0.6776067643736888 0.6358886000162909 0.599788510382614 0.6256547295154778 0.625585348822113 0.6332014589173035 0.6039691172201005 0.5821090581573263 0.5948513639280302 0.5947638454168525 0.5781531862372026 0.5516683818225943
0.45075047611324404 0.42466337222200495 0.42462982731808047 0.4636423678118196 0.4877519513427057 0.44639083509421257 0.46160738162377096 0.5370461840111346 0.6191080483246824 0.6663688220529128 0.6632204008568771 0.6504338195891781 0.6791689186661609 0.675230652714813 0.6597180550819377 0.7035385542543708 0.6825410186978975 0.6420376034994002 0.6039214453428345 0.6035168053514414 0.5814023485088451 0.6422511925523967 0.6443316704368587 0.6216168887091996 0.6212543977766962 0.558295648215097 0.554347629323789 0.5514389216986672 0.6179854832466117 0.6326068675435256 0.6418713765895433 0.6438127159212871 0.6844346595565838 0.6351676537554909 0.6163521699244923 0.6257743270946918 0.6091967217257659 0.6219715098577313 0.6232731498844878 0.6153472762611547 0.6435538359039624 0.6146504039301837 0.6097016414570734
0.4601417985198734 0.44598226098991245 0.4257370404122507 0.4870377764234527 0.494133366214771 0.42098085060000634 0.4628347790001039 0.5545795908091367 0.6496277643535633 0.6891371305000343 0.689419107117763 0.7421298145128515 0.701097935720245 0.7520812293864824 0.7318883908634243 0.7194734500244983 0.6852048923333727 0.6502539755748967 0.6230181836334489 0.6267168572470677 0.6165015885060167 0.6877376082891518 0.6750771404277064 0.6032176591964349 0.5954719887377631 0.6194270090053767 0.5743308788725109 0.5646165310466156 0.5993026263786287 0.5934239112706475 0.6118072318396681 0.6893889726283012 0.6438723657446055 0.6784172130870879 0.6324150746299325 0.5919257661713181 0.6056662864679759 0.6459926167754927 0.6429479711004634 0.6717660522863704 0.6384615183030409 0.652549418537221 0.5950935179332927
0.418479795584902 0.46486209821912755 0.463040904710749 0.5013236401759914 0.4542177066784938 0.4359931893158259 0.5120115508608708 0.5338991797482882 0.6234559966650577 0.7137145023312261 0.7447342232248088 0.7504220510172325 0.7082922315484352 0.6943628954596113 0.7157308937819022 0.7157512445277223 0.7158917097950557 0.6623956521725586 0.6760381791685379 0.6488171646407747 0.7073643711513989 0.7037090653781679 0.6439439899165451 0.6757907485410761 0.6704388271893856 0.6598609761030844 0.6122928239214496 0.594805260248459 0.5706754133737816 0.6123991158551214 0.6445831673524812 0.6638147838227275 0.6452781028581256 0.6501634419250469 0.6608982247377534 0.6652958119962873 0.6413723786509381 0.6783391665655767 0.6775412429699205 0.6859901207922198 0.6566808374226232 0.6561438560630923 0.624938130692486
0.39500600213247394 0.4373376571667211 0.4456215660318312 0.4657180717744995 0.5046870624327342 0.4932757391577814 0.5102991189718035 0.5543725880536782 0.6664805541886013 0.7165009886279305 0.7560152766494317 0.7272864042536977 0.7287608105413229 0.6952636497657809 0.7067579553272443 0.7935510733194031 0.7778530574277185 0.7386693471059526 0.717136203244479 0.7066250565584011 0.694284896493919 0.7214043595212766 0.7091032451579254 0.668969272245566 0.6535640275709447 0.6556588017698245 0.659855277055199 0.6088307120387517 0.6089655173646297 0.592988883904898 0.576358714396323 0.6002898889423898 0.6548454879614222 0.6820821287763212 0.6969979324048519 0.6534954639030576 0.6773865297650328 0.6632910696486042 0.6866398591611695 0.7140043148894425 0.7348656273135384 0.7118876846098935 0.6419397160703437
0.3591342457963847 0.3720550424856354 0.3933017762248307 0.45116730319103915 0.5109290305001613 0.4669657298901312 0.4970672607023553 0.5792433642753567 0.6484607471811827 0.6637929622052725 0.7023214204563573 0.6994364670228373 0.7235495961482624 0.7408136080838756 0.7606209945077806 0.8299375574367418 0.8097381677399174 0.8489039296908782 0.8248014600048528 0.7662178330995849 0.7742622758605618 0.7349446643362577 0.6995309852968201 0.7074270535912349 0.7128310696398739 0.6938703251425979 0.6742710693054687 0.6218543288641237 0.5925032680290752 0.5716495077383459 0.5668411532361056 0.5710900598218082 0.5889344639134018 0.6025334352635132 0.65897554684622 0.6542353751572356 0.6642938702635468 0.6972498407145646 0.677844772123299 0.7338736953613175 0.733180182826787 0.6986985656329806 0.6877832958916696
