Raster_benchmarking/DGGS/continuous/raster-480.asc
NCOLS 100
NROWS 100
XLLCORNER 1743155.9843031792
YLLCORNER 5469286.128468788
CELLSIZE 10
NODATA_VALUE -9999
[rows 76 to 94 of 100, columns 0 to 42 of 100]
0.6362862640733109 0.5910515860939276 0.5760365180729945 0.5196525655170604 0.49275368276298986 0.4884531966820932 0.4623741660247633 0.4570052361407813 0.4565534471907504 0.4482029350572409 0.4917226524537709 0.5125569138022814 0.5117864871487331 0.49795543818528604 0.5531171594679343 0.5728532079482646 0.6222106746817382 0.6854495532058682 0.7001468643874017 0.7309363053266638 0.7500119014161806 0.7209674969218532 0.7337252375464638 0.7491046210163506 0.7201340407733813 0.7295051819853985 0.7274928530590383 0.7185227053066352 0.7167067375075055 0.7094764021413121 0.6993425752838441 0.6369169167831814 0.6470133019073009 0.6656561943773052 0.6222080928456762 0.5620565187108696 0.5619102987798352 0.506031314092534 0.5200147984066118 0.5659483769647641 0.5991690582347068 0.601638841173351 0.6524669085508061
0.5946842182658685 0.5682192712508451 0.5761764554275441 0.561668557795208 0.5294276107834661 0.4679844189115452 0.4695174714646627 0.5030430662935668 0.47419192518493564 0.40833527488807164 0.45205411972709897 0.46304867881881856 0.48933503115836996 0.5452596440632534 0.5743056164080493 0.6101496505474298 0.582005176305879 0.6076509611393691 0.6511720873600336 0.7142409775634969 0.7208134175413088 0.7502854920767833 0.7093256517099841 0.7319288307417242 0.7449110697358482 0.7316173308540049 0.6951838133446073 0.6646093054761452 0.6795993507095649 0.7171703014558277 0.7086005736187536 0.6376131828057852 0.6458338452009449 0.6446138498926904 0.5820045907860325 0.5995662367573121 0.5771210577025991 0.5386971413669922 0.5171658069546965 0.5145922398947869 0.5656101483452775 0.5745069276244691 0.6555115797387663
0.5887182560748332 0.6050385346324846 0.5753756855995427 0.5952028211632721 0.5381264717170883 0.46385392079630117 0.4726015043088351 0.500541649338124 0.4826816948112537 0.4399322732867945 0.42084685106414205 0.4750682057211168 0.5175370279636601 0.5543575585687421 0.5863419448259483 0.5507035778449636 0.5722081017944094 0.6103092171466075 0.6228353493006523 0.6748368403942429 0.6930157425056853 0.7550682490138042 0.7404613571269194 0.7557866648564353 0.7388388063835524 0.7345263854783033 0.6982177413949474 0.6484799609546147 0.6429510160840562 0.6554189428819528 0.6641207213477802 0.6387558755919815 0.5625805881446501 0.5917624638579797 0.5806034233129417 0.5508763021131139 0.5292370099407776 0.5375782594462856 0.5427493064094896 0.5542414970596421 0.5474873054455885 0.5732741359083395 0.6253363446819932
0.5850099796532884 0.5949764382491421 0.5521961115292959 0.5782926864793534 0.4918997735170859 0.46253215826862604 0.450289877725128 0.4763704894400474 0.49939907329293576 0.47720353225364137 0.48363562036813273 0.4234024391752254 0.4913129185248831 0.5081253155122575 0.5347994200227609 0.5622842391175886 0.5627460898850397 0.6206865520857638 0.6225844866902039 0.6639642458588911 0.6960056893478969 0.7077606371546251 0.7271281997689533 0.7225971592316153 0.7361829981266919 0.684603774835497 0.6420432590764934 0.600929271093967 0.6317088025602069 0.6081679311527058 0.5811831559245769 0.60473374729465 0.5660378969262663 0.48518399858594735 0.488109254315758 0.4678990408604142 0.4904171387552517 0.5013594189722862 0.5095314453447359 0.570341936271198 0.5589694722455266 0.5772601957232669 0.6298277577121522
0.6161738700641761 0.6029376352427119 0.5653109964911823 0.5308410400813472 0.48428673273557643 0.5034336087574696 0.5013919621492714 0.5276804099188437 0.4996439463805482 0.49119650012640487 0.4899496860061437 0.47672879345869223 0.4530643701239867 0.5115125864366306 0.5423446268784479 0.5906382005069734 0.6075409849485405 0.6150501306568474 0.640212656139492 0.6672609752564835 0.7152617472224182 0.6964243338319204 0.6937887346329703 0.6795620583735159 0.695446784942814 0.6416222805404315 0.633957527769152 0.5855722434449958 0.5441928842815751 0.5386612580714705 0.5298931609688246 0.5321886775467822 0.48225909191810956 0.4465460962273768 0.4764130326695768 0.4524568248538262 0.47229516086266005 0.5154898262388401 0.5068424402760131 0.5391126265335269 0.56638019646632 0.583479926355591 0.6177775075635742
0.5537854231615943 0.5996789534542496 0.5382232162113054 0.5026738084463223 0.5243041513782809 0.4774027916292868 0.530641808969996 0.5411924732296854 0.5206543422143955 0.4830415124867184 0.46075879193230845 0.4444448094584275 0.44510939947899864 0.46729880436003607 0.5393179869574819 0.6081096115074575 0.6170775032300984 0.6744684193022484 0.672693273671033 0.6958738936058605 0.6663847079924493 0.683127704720124 0.6595644585384756 0.6279178243032206 0.6289232313484816 0.628480616307431 0.5958295849646166 0.5464604110574985 0.5263993446187225 0.47757382877110477 0.5295001315312448 0.48359070226979506 0.47782381201702345 0.40963268421838894 0.4566067716400734 0.48503479910849684 0.45898317919952936 0.495486343330954 0.4948258779226377 0.4947734979340381 0.5467499214896155 0.5773454623064898 0.5509922069268129
0.5296296313363363 0.5374974822710977 0.5052906924700555 0.4795079144328678 0.508327157537859 0.48145208024960695 0.4976464621613916 0.48342555343877486 0.47688506893889243 0.47405740095430526 0.49664023181588896 0.4601130861761452 0.451941980723217 0.4829914346774829 0.5699187302906733 0.6214374277433317 0.6199187235993477 0.6393078498321149 0.6501492645517379 0.675522479021661 0.649002511662816 0.6305033208331559 0.6215214676778802 0.5982504404341568 0.6009219147278808 0.5773031645259261 0.5363097904451369 0.5457181193571398 0.5200406009451412 0.4839270400943632 0.49897630173490914 0.429789652414254 0.4146599489462647 0.4551124536774542 0.46334961420230875 0.4398414228064552 0.4631519378202385 0.4927902874969474 0.4683772437250647 0.4788600679695677 0.47961841750331624 0.4935456184255048 0.521535602227196
0.5227775958338453 0.4746154217581342 0.5289525059618022 0.49149234985583407 0.4893884969263332 0.5677862645389357 0.5341019070760205 0.5068166534192654 0.4685359352114118 0.4573043278330792 0.48497453236327076 0.4754689424270777 0.4881049491559382 0.5376631419284457 0.5428063773037259 0.5963389777758783 0.6097568424325753 0.658461117754101 0.6094934947824125 0.5998105380334191 0.583035874424574 0.5595199332206389 0.5875677303680634 0.5954760966553752 0.5504782626616352 0.4915436905092804 0.5074612674019229 0.5250768985392363 0.5211994372162845 0.5179537245895226 0.4828454929000814 0.38864590223113443 0.3728250708186987 0.40409095496089575 0.40796946832710945 0.43480453972355354 0.4532277879667592 0.4853750573813879 0.4535334374275207 0.4798392159917659 0.48863639181700175 0.4726939342957487 0.48555465526514197
0.4868462284804436 0.5266705521082982 0.5177668373991334 0.48564899909677584 0.5114261799508334 0.5262043853913593 0.5734868730767472 0.5449738969303954 0.544316077628221 0.534993515891044 0.4915114986069048 0.5112024956127651 0.5484641672542556 0.5822635919306527 0.5954579525562526 0.6374871017530219 0.6472020346151771 0.6158405766241791 0.593364474748333 0.5930045256449231 0.5817161997507986 0.5729555058895746 0.572284466257515 0.5654560884790671 0.5345005164639755 0.5087360034103372 0.45809744647218426 0.4878282947256064 0.5137265310705151 0.47461192974898125 0.4653856605708061 0.43447864499436434 0.3982904527652009 0.4087333647520934 0.42851009929173356 0.41057107895775274 0.426857492042208 0.46155044792710503 0.4802433760571793 0.44753846491813537 0.43821551237077394 0.4479696788823787 0.46576452415790726
0.5437865133814488 0.5309648291162323 0.47901914262467393 0.5124272371112999 0.5489906283658366 0.5764866193581876 0.539951894355087 0.5847650001906247 0.5791839859344254 0.5475098834696308 0.5309653970038137 0.5662224941909135 0.5621068803963634 0.5691140671316954 0.5640229338301581 0.6046280591570535 0.6040953829209081 0.5994272596073488 0.5753328526670589 0.5892939447567423 0.5826103414949918 0.5321660891928626 0.5067478814865166 0.48708038003214893 0.5050229670904015 0.43707136246711287 0.4783717759046785 0.46733456592112976 0.48126805347170815 0.48195006496236253 0.41743638920448567 0.39436451054261934 0.3662717243588443 0.38915000839867386 0.3741500791283713 0.37308855671813457 0.3999560212843116 0.4327569448773879 0.47320900139013017 0.4550756635899757 0.39301578673523313 0.37481304955789235 0.3942141249429201
0.5457101263939476 0.5042470308392344 0.48647878797632377 0.49474785937416293 0.4990597934919456 0.5216175001924848 0.523528872684896 0.5591796959060384 0.5423930571818318 0.539572838216317 0.5455315908020565 0.5456883244166215 0.5430957378910823 0.5519795609702267 0.5731432527550544 0.575749483885005 0.5918049329929524 0.5998727141765299 0.5686093572393399 0.5523530652557994 0.5489497408756439 0.528295204268088 0.5208394104191534 0.49875934318838916 0.47958909615839485 0.44499478320323776 0.4215387144097319 0.46460609231590894 0.44933732750836064 0.4744309907375066 0.4355996851867098 0.42973988759014237 0.38194806617146837 0.3583751189790603 0.368544152562045 0.3702063164580265 0.38977592778810777 0.382869550836687 0.4179083408401419 0.3922105804758545 0.3509432439755257 0.3724278694397612 0.38161548851095106
0.4949780656706267 0.5090788095460893 0.5102604979780923 0.5250260700597924 0.49152098648489123 0.4829974401593024 0.5496204929768577 0.5633735985915393 0.5921309193105866 0.5980486620793919 0.5679820708715316 0.5712800797260627 0.5425066657353227 0.5608837066108104 0.6291521537544006 0.6416507630901492 0.6202189990145438 0.5623367198809224 0.5657473106112381 0.5074457922988556 0.5140913925256387 0.48569926144579406 0.4906451091039324 0.4781847565844667 0.4897658936387598 0.4116935436358365 0.4510977633924657 0.46932820584824114 0.42500414680230114 0.43034188144530766 0.3963121507828308 0.3761683492797582 0.35140697289035083 0.3790082487345162 0.3936337049231436 0.369605021342992 0.3925008187522292 0.36862852826499454 0.33448700827529626 0.3331687879993517 0.3320135708736763 0.2827229642876716 0.31496347003439074
0.49959316108077806 0.4939610220619756 0.4749713155406295 0.4801618061332191 0.5026345481055062 0.45487500401040487 0.5061417083525017 0.5521783341912295 0.556799374000791 0.6231869205617164 0.5958787936104984 0.6084755442250317 0.6211941901582687 0.6373875947641151 0.6709412093580654 0.6509595956842151 0.6237431053831312 0.5646884442097946 0.5409134478794541 0.5262829945177881 0.4836016973532787 0.4889536809633557 0.43821947254115146 0.45944142462710336 0.469137855340313 0.4483028305798732 0.46501330611622 0.5025676937974934 0.4542807888768229 0.45885447484641934 0.40984780347128413 0.36827898091141364 0.3677209580412977 0.34650638952489216 0.3525652748117851 0.3793351735053225 0.37913576559350687 0.3635711606667127 0.3208558816434033 0.2725779049695553 0.26054419268424406 0.2550658323286969 0.2689220237187123
0.4667728404167295 0.4695713447404434 0.48545722100561367 0.46694886144407377 0.4581489198928404 0.4596108743131154 0.5153334536340054 0.5444452337571356 0.610710735429694 0.6205626444786425 0.6034701666858052 0.5791223288967936 0.6593150243138267 0.6775737786478451 0.6990743051835651 0.6819099306376005 0.6617756435704522 0.6351703179246988 0.5619984890678068 0.5773286859236232 0.5487890344441411 0.47008255186292464 0.48296645833957624 0.4480349421042778 0.4439127454969277 0.4606228300130091 0.45302366309869796 0.5135316195323993 0.5020556632827343 0.4872925640859576 0.44686945963309904 0.353239619312462 0.33950674752467186 0.35602636145551686 0.338900055522363 0.3723780814446641 0.3815798067096152 0.3795301829251492 0.3468713600391262 0.28003705654833067 0.2800155625633584 0.23414240181467225 0.25571228912173133
0.49020800827137573 0.4753836188823821 0.4792657915706182 0.5011012944051598 0.48471200942185083 0.49886436834874365 0.5117507881652866 0.6123549924357337 0.6419485649982642 0.6606299889673372 0.6135498881350506 0.6342974287171791 0.6426212769309363 0.6598558670420023 0.6887797835087661 0.6815766468507829 0.6693036479490468 0.658558660027127 0.6078684486365887 0.5938812178179114 0.5738159089361683 0.5580807443127236 0.4907487549112553 0.4758791623649762 0.46761045783224575 0.47265732895984597 0.49168228474310954 0.5116799169212154 0.48766174243818505 0.4607288394834299 0.40513137922066206 0.3639536376524654 0.4008463959968608 0.40076826804285126 0.3711367875212685 0.36131946708234297 0.35638607519112014 0.3703541729137489 0.3400459642813836 0.28546151459622426 0.21365289936445753 0.24411712952103912 0.21915480294269044
0.4880802353820731 0.48333897110387025 0.4781577361380141 0.4800445747140032 0.5140071123361076 0.5108309796481665 0.5226688066265558 0.6230828394817368 0.659461554601522 0.6490649387750048 0.6037771624381167 0.6207965013619463 0.6006953401121841 0.6200445222745239 0.6770832934729765 0.6866842461402687 0.6663949793519074 0.6375035469640724 0.6138483903104971 0.573118452303143 0.5825457738188189 0.5902028236305655 0.5634461965313968 0.5535428783498944 0.5179555171712932 0.46444723602558796 0.47926555831813844 0.45821265611114026 0.46258686116602976 0.4835258255051614 0.42549029447327985 0.40731214002071625 0.4392696365232353 0.43443971541222554 0.4137273005013058 0.3876501942602631 0.3832304351066749 0.36425228145352556 0.3042197016097975 0.24938285377574107 0.21757471863195363 0.179542582524536 0.22292159801807407
0.5610342109807938 0.5680610573404853 0.5554483683575177 0.5466037356250275 0.5549821623871908 0.5234601017829503 0.5767112162352712 0.6183489906932513 0.6430435455564103 0.6389457767232628 0.6588073991615916 0.6279075957779658 0.6139719301170377 0.6458163778852306 0.6408561969619274 0.6329700986159129 0.6509617251835368 0.6220469998392776 0.5802134608065 0.5711069670055658 0.5713499825748316 0.6165152980291926 0.635574345203065 0.5771986768123198 0.5500852706430477 0.5191387206139259 0.49568736162250504 0.5161903152083318 0.4579593109053736 0.41688401853782664 0.4016761174516653 0.4012509780291865 0.4539355179573135 0.45967827394603306 0.4362197196144398 0.365611182762332 0.33325111884232306 0.3756076218950639 0.32209871316119615 0.2822703502520508 0.25084536327535933 0.18510437203395239 0.1893328793403668
0.5666106194791606 0.5953915216106 0.5913530283252291 0.595698087994476 0.5305950782911283 0.525518839328861 0.5862544590484084 0.6265960683369911 0.6718714141432618 0.6691972043719304 0.6376012029740935 0.6566332185014387 0.6004509193350676 0.5929247237370926 0.610184823380501 0.6487319025399414 0.6380209482784543 0.6271095702052825 0.5770236891574263 0.5910696538498054 0.6218896126878684 0.6299350673779293 0.6502919198798193 0.6415772482912696 0.5710992139003086 0.5553950907336368 0.5294270073672829 0.5300452263193376 0.48282806857847865 0.41889357773324176 0.4040350664740033 0.38365022785875774 0.4505378669510336 0.472587251500943 0.381542907824161 0.3493419851440848 0.35137344208041715 0.3534236178388817 0.3335989347899871 0.2836104762856299 0.2387231563256418 0.20762339421123546 0.2039300139725759
0.6013119981894006 0.6079366894592263 0.5723066208996823 0.5930591435910535 0.5490425722199711 0.5165624797058467 0.5624468908287689 0.6095613754930418 0.6602056317469076 0.6851866683896666 0.642617628646867 0.6481048678035204 0.6050093439731351 0.6022214212792819 0.639261015341999 0.6121800587403026 0.5822300554724635 0.5692495033671034 0.5810720433027651 0.5580735428356743 0.6023284565080148 0.6472904305425922 0.6389714721537787 0.6044042893486099 0.6045878957143299 0.5903538014970993 0.5559351683992961 0.5406741548325964 0.5214605504176825 0.4749500186113048 0.39937156733627865 0.41792299478234096 0.4297836320632166 0.38728339542131246 0.37689952216972766 0.3778156108154132 0.3628301318483298 0.33772647675040407 0.300027835964818 0.2592805294180719 0.2534266315326804 0.26762560446411476 0.2562395948913868
