Raster_benchmarking/DGGS/continuous/raster-444.asc
NCOLS 100
NROWS 100
XLLCORNER 1743159.2605864923
YLLCORNER 5469281.709790518
CELLSIZE 10
NODATA_VALUE -9999
[rows 38 to 56 of 100, columns 0 to 42 of 100]
0.3699063235019435 0.3640500708766857 0.39474400076035787 0.40195364155417174 0.3854465741497137 0.3691096690377139 0.40510308448007487 0.40413936237303766 0.4098060075053909 0.4134317522998092 0.44942081162819486 0.4774621526379445 0.496747066604643 0.46050232576171574 0.49191245791963567 0.5195290530959442 0.5008175092170859 0.4657173691670993 0.49582636219072135 0.49839540844156965 0.5728664497728526 0.600444573019006 0.5729979525295826 0.577362241867358 0.5590425343461326 0.5688473306311165 0.5652053987025604 0.570759108178504 0.5369167839330921 0.49477414996460256 0.4661434893103356 0.4244966108154596 0.36742200425984856 0.38166727171525805 0.36886981683066955 0.3321584692906063 0.34279092378101966 0.2965235722318559 0.32396399461618125 0.32866286053287647 0.31949553740577386 0.3250404131026976 0.28825693842513594
0.35551115492224045 0.38653166953931534 0.3616027155901098 0.35857661262126955 0.3919936485695411 0.41514077854787335 0.4128130724344158 0.4029716074807426 0.4097466618078151 0.46762244368165135 0.4862312225913352 0.5090361059376308 0.5034547234167345 0.47869457971548035 0.46810280596256926 0.4891056009101057 0.49327326919709114 0.4613952260534617 0.4919683703384415 0.5339852063168536 0.5323338465913646 0.5483397340217734 0.5671538469002609 0.5646934142673042 0.5719102327331742 0.5552911406905848 0.5498814980033795 0.5474275013388641 0.5420804593965375 0.5502852315503324 0.5221668118504962 0.4397267123177387 0.4002879210676904 0.34710268700672137 0.3374119488499137 0.3429719217413973 0.3207076010341935 0.2909872051008998 0.30217169245062436 0.2827763854307087 0.30121585612347285 0.32351781304306343 0.27711351517144855
0.35115053780083705 0.3695025863906762 0.39188829897476773 0.4110076264836544 0.39769626936803626 0.43170582985912154 0.4471069179918341 0.4373262632950325 0.4714857916343218 0.47256716622537687 0.4804650440484495 0.5185040319050225 0.5433726745689013 0.49240334583908174 0.4920677780308033 0.5166167118512125 0.4732182108280205 0.4573290111397702 0.5097430234058303 0.5044272976600981 0.5225835680939538 0.5300634133317034 0.5550430185735613 0.590601302985701 0.5723808596035667 0.5461093567272721 0.550489685444625 0.5767759299420452 0.5735016738030907 0.532834890016298 0.5221195100241167 0.48279086012940603 0.42693619748806083 0.4195617207217178 0.36922576495054066 0.3697610304789252 0.323371505036184 0.3235225265016059 0.2773617920619081 0.27677737899143606 0.2833423331951617 0.30646589104979993 0.24400242946327416
0.3499191409109032 0.36529262427438347 0.4210356090679164 0.39652222300275997 0.4319065499929913 0.47143997608930116 0.45587902297917077 0.5056976532685047 0.48226474891476656 0.5243556416190817 0.4916382085167876 0.5163039130799175 0.5304605856838048 0.5625904666642839 0.5445748724109919 0.5144617086404328 0.4844468644171031 0.49384185708531053 0.5098996938910553 0.5047165304722812 0.5245178249319353 0.5800353752719851 0.5987254465947164 0.6017374166066651 0.5895028204390477 0.5805147125002255 0.5705593861114375 0.6035711630839451 0.5685643403895269 0.5814967109327166 0.5037343077587371 0.49926829159338726 0.43185485356202374 0.4241474146260052 0.38508210891409733 0.3809652003098241 0.3441592985452956 0.31193545474835244 0.30756977483241416 0.2976508064625892 0.29851591619481954 0.2956814641389151 0.21707289115358527
0.4005329418439412 0.4035088961745397 0.4309134969692735 0.4366157396738392 0.44343516501618613 0.4778637241253457 0.49337721956338787 0.4918577074823952 0.5307215159566682 0.5340357014162139 0.5180168491544215 0.5296136252717225 0.5471075196600955 0.5899296441609178 0.5885431793763741 0.5726665533369824 0.5235595514046381 0.5390525040229456 0.5385321511109841 0.5529729001622862 0.5702105058531575 0.587599999056008 0.5772209189306733 0.593496147650297 0.5782010596059926 0.5762421124305419 0.5872459438193964 0.6076764257841634 0.58820978852605 0.5803675684089783 0.5119846525360066 0.46485649456498557 0.4630581745156944 0.43365738197265363 0.3946634829655002 0.38828522321848785 0.3441620189301299 0.321737952459887 0.3246329343259445 0.3217480561008333 0.30440894936541824 0.265908110823609 0.23285536699514578
0.4495549457982441 0.470509599618289 0.4456776788889502 0.4748463875582849 0.5053551876861673 0.5012698128076605 0.5214590312345878 0.5151604002094979 0.5344776643912065 0.5500062501814773 0.552256282523888 0.5773774686947917 0.5655073803426783 0.5681303469407109 0.5802226368615334 0.6130573068245759 0.5705412400502625 0.5267271735507405 0.5185823272803448 0.5660926096780813 0.594998383106694 0.5714759671781184 0.5896702644776965 0.5550775461280057 0.5549831484493383 0.5690483843846504 0.573748631999302 0.5426655642143136 0.575224747194012 0.5462227165876288 0.5184834939018566 0.49649753487226483 0.4891678033305947 0.40606909665477064 0.3728030638919567 0.37646601392018453 0.37058653254941937 0.37665927396600046 0.3614746630714548 0.33840118341648334 0.3152749795956857 0.28747866041654135 0.23985884150173645
0.45546848233402654 0.4766148484244051 0.4739273124643711 0.48448167761519106 0.5041894048194067 0.501821642311593 0.5338799638883399 0.5621781455653617 0.5584441230588102 0.5825017570373658 0.5971461067111569 0.6295063873300666 0.6396869700224638 0.6488456297509378 0.6269834542752095 0.6213887417243709 0.5929250372964496 0.5472393445764705 0.5285866648526008 0.542898914791143 0.5638855367114721 0.5830804790334015 0.5757498375124445 0.5668571961114718 0.5557318569175788 0.5732566427583815 0.6109124719920583 0.5627924829850918 0.5319932921812872 0.5618523250088594 0.5245377819617317 0.5163012161429132 0.4772166305248847 0.4467377395499608 0.4222556971668927 0.38329843701756355 0.37992795327021534 0.35789832063536425 0.33242966631927506 0.34009112804831254 0.30428249668709295 0.2545155756299951 0.23587271103417443
0.4340035265287256 0.46314849637266714 0.4835138482621479 0.4779786614446151 0.5278048859140322 0.5254394391780349 0.5444353462458116 0.5320531751224431 0.5575403990689306 0.6556968992816978 0.6697208976376312 0.696545484507114 0.6776266453099671 0.6962429640873727 0.663041091582547 0.5853973721162156 0.5621360658619019 0.5768850320447086 0.5343322371441148 0.5244271169753927 0.5344561356637045 0.5449193214737083 0.581822004218423 0.5426474498756484 0.571238190884843 0.6394831498500329 0.5896517721020795 0.6021408077743656 0.5718195520749099 0.5495227882169154 0.5522103043142538 0.5075012423340192 0.47634445869130376 0.5174811022551289 0.4440426083502991 0.4375623261274161 0.38492285455165537 0.40846657573578593 0.3730372931791427 0.30089775527499074 0.29253311576553676 0.22208853357638997 0.2196099356845769
0.46977875406509834 0.49806833367727243 0.5095246973183074 0.5114408837429868 0.5066926335360892 0.5369567381166015 0.5407051341165334 0.553652252412977 0.5783502137578455 0.650294055726693 0.6656856842927894 0.6859671398451054 0.7084574191193217 0.7033381466155466 0.6620918951389582 0.5982701669461978 0.5725445737734229 0.5593677106950826 0.5161848655294791 0.5377512817368846 0.5264539856394633 0.5356728448719673 0.5601395039265619 0.5807784992044126 0.6077247160799578 0.584992233234005 0.5868947880063831 0.576277426819386 0.5702789609924118 0.5826924289270049 0.5422879566002318 0.48821617158888225 0.48220263538933317 0.47557761446890406 0.47249783514848465 0.4817488366665359 0.4157854567414332 0.3666211805783375 0.37360168058201476 0.3200954168991533 0.2647159268721602 0.2281543105864953 0.22016586453199355
0.5169468110306696 0.5533204778351956 0.5635425685398888 0.5605621392225991 0.5673593705833141 0.5471330129458352 0.5643693310808042 0.5648370454816718 0.5822093499074815 0.6246066601566942 0.6454766370770636 0.6954968173811952 0.6892385420216528 0.6615116683837725 0.6766073974239217 0.6424171453510404 0.6169566022457099 0.5426488938898867 0.5527908055198059 0.531067970177249 0.5336314861673459 0.5704633486559454 0.5471736155937916 0.5492757323718667 0.5591934981314887 0.6016704778530406 0.5934086813357143 0.6063224201237583 0.5703810870134307 0.5828820905083008 0.5275159296780334 0.494806278779846 0.4750719565019482 0.4727262664026349 0.5060406183874442 0.48778108836113754 0.3965115662502087 0.3669138470288181 0.3676109260940158 0.35464411238797344 0.28443240203450054 0.23584609663770748 0.21756286923976031
0.5492578616028372 0.5484280027080972 0.5825802040394229 0.5402495992765259 0.5632790035003797 0.5347897639118586 0.5677983261249102 0.6001973473821517 0.5994091063594011 0.6795310899176314 0.6921961650612934 0.6801622308613826 0.652190375248914 0.6829479394313467 0.6791763760326005 0.6762499816965954 0.6378314117415927 0.5873774708529514 0.5414993744765104 0.5384000021548713 0.5245931270907944 0.55743813779085 0.5475243188134434 0.5661826009089825 0.5610168108151602 0.6158204512369069 0.6101185856372852 0.6071613526633046 0.5961331110712944 0.5602626891427765 0.5538677395164484 0.5070929379791895 0.4767119860824054 0.4897753574942031 0.5055565164155301 0.4476970335121904 0.3969266512268199 0.3838670263337351 0.37316349721145564 0.3657942999731289 0.3222144692218773 0.298846580440066 0.2572913829500749
0.5690610902546381 0.5997423451737885 0.5793303814218703 0.5481891989601608 0.586838196048172 0.5652362941024385 0.6034672369586598 0.6305135508697033 0.6549172864973734 0.6894971437785052 0.6963092350870357 0.6532269921279393 0.6620544336807267 0.6796820761943289 0.6669344824121002 0.6525953134109981 0.6441185946237349 0.6028569360159381 0.5719045687246854 0.54542188270967 0.523669637245795 0.5472929381394488 0.568447780563295 0.5445259881283604 0.5500628053612102 0.6191868733029088 0.6124259400789496 0.5584152417321427 0.5528512766690876 0.5620162988277919 0.5527083144858901 0.49347187182779145 0.47992752189286075 0.5020585007597342 0.4927852116787711 0.4496438206147028 0.425251568439184 0.3832026068033751 0.3945383282402084 0.3483262475727068 0.353294952902435 0.3170687976860264 0.3014627093493361
0.5355074764001971 0.5676894588236734 0.6078188598490496 0.5635648966419463 0.5989452149335157 0.591954808637462 0.6007210849382535 0.6387858962698835 0.6725998034083538 0.6795773024927814 0.6764793220240991 0.6961723259565863 0.7059334665485697 0.6943501224771026 0.6876400293501057 0.6680019145500421 0.6579452459177724 0.6303898639583471 0.6022250391005246 0.6040553657771041 0.5905628994800145 0.600536691337948 0.5716364226777776 0.5546450651224386 0.5695982331284027 0.5817899933662787 0.5728906744439424 0.5911718959145421 0.5784832086962968 0.5847243493185605 0.5215816685388334 0.496230242691942 0.49921129998369085 0.4832211877541349 0.4744027848714404 0.4605645855273507 0.41928931057171 0.4214857824132863 0.41078677845662753 0.3865052174374915 0.38677842630325293 0.3559085426341847 0.36603790295895877
0.5463688280721604 0.5976658568095935 0.6249790041631937 0.6021103277600355 0.5917147013967129 0.615601319682773 0.6376314460650249 0.6266465052758236 0.6937964222107799 0.7138555608313135 0.6890984658989008 0.6862404739593763 0.7083931547730493 0.7092872997811662 0.6879563133101888 0.6639453364785856 0.6279072341041442 0.6244665999446928 0.6064244332496815 0.6118508219598149 0.6300171383942551 0.6316225734631934 0.5755497356589595 0.5892616384569564 0.5787384755251164 0.5900293872701968 0.5658724862875857 0.5990171575746998 0.59956057852711 0.5932134174542932 0.5501827192060832 0.535982708824934 0.5443782740934914 0.5369568597647525 0.4961248445630118 0.49136456961116887 0.45813912425875597 0.44075793224546905 0.46628022912909584 0.42550546923245364 0.43294119527054614 0.4056772726670654 0.3531903658921722
0.5556812134938469 0.6164757206585658 0.6409618171292932 0.6639875995539175 0.6498706864126252 0.6482924072440124 0.658209132845869 0.6260148322410463 0.6627516506989831 0.7134449391152995 0.7064957715792671 0.6957739439666685 0.6868651429148253 0.6905240734921391 0.6572898878819863 0.6592294092296243 0.6563605963448679 0.6336082683008947 0.6120646315039882 0.5959866123851877 0.5924256867150164 0.5989023267673249 0.6093381522902721 0.6329810641977993 0.6341210814137852 0.6097907204362757 0.6017663364508831 0.6261428426390622 0.5923507335107769 0.5931824428425189 0.5646408271268684 0.5233359324963174 0.5309342481611755 0.524994377656551 0.516233790381979 0.532658176211608 0.5104651158109367 0.5174750080145492 0.4825646036318031 0.4693556266792003 0.4285815133799398 0.39276664513062615 0.38167959000187635
0.6161692582867215 0.6502790889130237 0.6688938011837537 0.6749122998412058 0.6515530098807546 0.6431687619180427 0.6821421771950986 0.6622532669898823 0.6797722638796085 0.6711092374461644 0.6749557307281396 0.671526502780018 0.6933512354668978 0.6941242153101828 0.6816268250798422 0.6451180953147375 0.6117209721184002 0.5872925841938398 0.6127206749878913 0.6293500567004494 0.5921309420472721 0.59064441352759 0.5715825188776352 0.5984011105665553 0.6431936301198677 0.6860342175423476 0.6028750864075242 0.6035063074469446 0.5822659622460349 0.5903253043128365 0.5918541593905258 0.5713233857116444 0.5441655848245149 0.5426206290994234 0.5544789002643764 0.5606967984401116 0.531565300345354 0.5449854926634765 0.48535591468496814 0.4505299137713736 0.4495730921244492 0.4287969782890892 0.39092600086140167
0.6120525292038106 0.6740231662636503 0.6609394047186385 0.6643401053554949 0.666023097903264 0.6842738001757918 0.654963861880224 0.6706218197880632 0.6429915086355175 0.6691283106692463 0.6376683886279227 0.6388040099370212 0.6294424271597294 0.6402927513037685 0.6626706330537859 0.623937674782888 0.5829009372298651 0.6046095577218121 0.5872472500689551 0.5847329451296459 0.5795228181736248 0.5783090185146471 0.58105115354759 0.5905715725873741 0.6060539878512854 0.602380501059177 0.6000301357814966 0.6013419066690957 0.5887298924936105 0.5969358158618309 0.5585511334875684 0.5625697524598137 0.525998824909722 0.5400909373156988 0.543426455308348 0.5597184491089716 0.5741644459038403 0.5826536830554367 0.5419566988571837 0.50403110329927 0.45509213922159925 0.4369142938997638 0.40215642643071003
0.6679811962217328 0.709132376797244 0.6951031882398753 0.6794429350238735 0.6961052379977646 0.6742638449910103 0.6667729458087746 0.6309260629855049 0.6570356560591117 0.674752408374545 0.6485671098217253 0.620988953553713 0.6477073169886095 0.6265503504802921 0.6334804993734405 0.6057756569363103 0.5633453240887549 0.5933391685609173 0.5547032597771319 0.5726840136120289 0.5619164984508423 0.5231291353923855 0.5362012950474505 0.5355237224717027 0.5797806233207923 0.5901522673440363 0.5549544104548435 0.5694369312608505 0.5917045286500048 0.6207051688447331 0.5620641117171886 0.564108114971104 0.5723837113499625 0.5198176538003704 0.5429846076379611 0.5567018258918683 0.5824291879268447 0.5877020265427708 0.5192251938544691 0.49463031117398476 0.43984132743761833 0.41541048058934094 0.4053847359122022
0.6839662137857867 0.7213647230315354 0.6878040570618874 0.7233616714536018 0.7272190845887465 0.6706807171285808 0.6663858262963777 0.6506942365055604 0.6425215980516433 0.6699552092298041 0.6441386365941413 0.625757997691752 0.6217103382666136 0.6090203858449323 0.6324729069126299 0.6145511250621972 0.5784729321928896 0.5630221880416603 0.5602490009286334 0.5748545068061991 0.5361386192523446 0.5209102032334841 0.5396576915003732 0.5557767230947348 0.5535705110079122 0.530462883349325 0.5481686322503125 0.5792115661796865 0.559225976955268 0.5960769064524634 0.5928583024447135 0.5607516001209675 0.5855375892044442 0.5770971945321702 0.5376929654675369 0.5707121064590818 0.5973856887672587 0.5818076661917077 0.5413226042682676 0.5165742408743179 0.48292799605266024 0.45946573959528164 0.4339243141538731
