Raster_benchmarking/DGGS/continuous/raster-411.asc
NCOLS 100
NROWS 100
XLLCORNER 1743150.1186593387
YLLCORNER 5469291.629240333
CELLSIZE 10
NODATA_VALUE -9999
[rows 19 to 37 of 100, columns 43 to 85 of 100]
0.5719076093334086 0.6124598309751885 0.6516656685244856 0.6808533038717764 0.6690216526326869 0.6833346237285872 0.7111336918148725 0.7491434015986068 0.7724366510998459 0.7826043911272869 0.8229836655792502 0.8240063041384045 0.7598460750233119 0.7666910510091822 0.7611856076369075 0.7493996607535516 0.7583976089008995 0.7606007092495571 0.7234812807066923 0.6972266474621397 0.7169576836015095 0.7106915372829632 0.7223350897668425 0.6718793836780957 0.6367386434350254 0.5981079095460002 0.5660460529299852 0.5914851590143155 0.6322770772641862 0.5931766288479232 0.5984044966501368 0.6177608710610416 0.6271313797565511 0.6307795664432287 0.6585562068499904 0.6279770966851487 0.6461742197322468 0.6725103741057766 0.6583431442274958 0.7145949753753232 0.7078678270089632 0.6838967258047945 0.6760430873349378
0.6130511963696339 0.6215953488595616 0.6331770053770216 0.6461703204284488 0.6576936935650051 0.7216118834672202 0.7061823633490822 0.7295816125786768 0.7527917835917936 0.7992549045881722 0.8353219115861158 0.8104875082445228 0.8138374100195938 0.803776172456669 0.7959710381211852 0.7569112077964072 0.7316410133656502 0.7577325654531049 0.7280612437763206 0.7293330585911034 0.7291890867001303 0.7472305045306821 0.7227288255816418 0.6734345306475694 0.6603366654233642 0.5941838428273875 0.5729389199893249 0.5714194225610426 0.5739636868264585 0.5915171579412104 0.6004466755949736 0.6160308826765646 0.6180809763478038 0.6217742769931494 0.6132321488756524 0.6109736936351319 0.6324591413199746 0.6499087630824502 0.6569833939565787 0.6759905556407568 0.6838023702605737 0.6834748950781923 0.6562076723720208
0.6173286404977941 0.6589772599041459 0.6488889813530933 0.7044706927775478 0.6961929136121952 0.7157708962785643 0.7515781879722647 0.7442836781792009 0.7515291930100971 0.8264917288128953 0.8362104308851627 0.843405439456513 0.84765575442798 0.8054217521530397 0.8194665528245466 0.8052602222174106 0.7592375272165431 0.7449461291915104 0.711225751113153 0.7446171413579081 0.7264256348061099 0.7234872631744845 0.7408483349909145 0.7099356494456547 0.668310600518653 0.6275742026464584 0.5741487080918104 0.5868469598538206 0.5625622492277907 0.6230624225238154 0.6435006809567168 0.6243855902733629 0.6520276844465377 0.6238190173461342 0.5986181648142695 0.6220119499101582 0.6269048297706141 0.6584160355458245 0.6685831208139476 0.6760601485517692 0.680342135356974 0.6837261775139729 0.6537859515820114
0.6284504505858589 0.6793990069558814 0.6764724696314612 0.7239621855764968 0.7240651132817372 0.7511499842775232 0.7758631595967611 0.7950073436757238 0.815218742390696 0.8183322650556621 0.8394388569807923 0.82409487171201 0.8033122798278249 0.8152364254280738 0.8530880564227598 0.8061725144367371 0.782674758147468 0.784206705992939 0.7226002620170642 0.714571328120607 0.7052112788897267 0.7339897243029135 0.7404284248903281 0.7248472255361038 0.6709316149619251 0.6602819464190431 0.6238964946286588 0.5791523475422514 0.598976478265367 0.5985867698786413 0.5781688180519249 0.5998208979578004 0.6435473294710081 0.6219539562640228 0.5965830119209168 0.6205142649931354 0.5836064396868774 0.6010009954184703 0.6349519385380081 0.6560031152777169 0.6547011034330801 0.6457002079856188 0.618103785851263
0.6687758384742324 0.7102742401746949 0.7077162979333366 0.7287181377375177 0.755463798660254 0.7823133868357429 0.7941167728236024 0.8171041660525377 0.8006387259130676 0.8154622490338553 0.813625302593365 0.8364952010729592 0.8258015961441686 0.8681745708890677 0.8724999703633973 0.8473703800703934 0.8074083076506923 0.7681817270141181 0.7572446113710453 0.7274989690336979 0.7394786704215166 0.758738946200584 0.7790845528918997 0.7177780253858005 0.694215277673353 0.6642882366435866 0.6612333873444952 0.5961137533444644 0.5769136877833572 0.5547606195610432 0.5521243059842316 0.5693953172578381 0.611478359741251 0.5836191018106839 0.5776849989296318 0.5856470738483864 0.582507276621889 0.5847186426986585 0.5732323332176832 0.5955061828219186 0.6404110907540628 0.6082206784021414 0.5937542543994658
0.6995361081435101 0.7334918789365406 0.7505854118300473 0.7772314529886498 0.8073674571638277 0.7773152899544726 0.7925776039357956 0.8396533432144359 0.8176935596324518 0.825936122606353 0.8500867211881343 0.8652613480337763 0.8879337426068167 0.8826169405474388 0.8593589019617129 0.8393363566547228 0.7945226020552285 0.7836768340187521 0.7658203991789317 0.7451851072846462 0.739862757720973 0.7741455199680806 0.7493451332970907 0.7410239269814402 0.7044040168213888 0.677331180797681 0.6982667358230594 0.65697298487943 0.6064657017159938 0.5582367396522006 0.5621414936265924 0.5708958692662923 0.5638799039916736 0.5550495646632878 0.5653266732295293 0.5464753692344019 0.5589705713938191 0.5748405006523338 0.5872534718763507 0.5946406327531809 0.5922446699305102 0.5774653169381104 0.5475654782848048
0.7299165891836331 0.7803408968953646 0.7812946825468055 0.7742592323308364 0.8135179916560739 0.7851693704774203 0.8227442062954106 0.8307529306477238 0.8770918258301458 0.8746088237049993 0.8460508306144753 0.8480139945469833 0.9019669173532677 0.9108143970891013 0.881159400603085 0.8616137861878342 0.8528799503250054 0.8237807529972008 0.7529989649366347 0.7940564381986996 0.7788835103671639 0.7591262728985283 0.7923629541178301 0.7277952346224678 0.7035404517205442 0.7276180477726956 0.707006380973351 0.6506553397844256 0.5774603565643774 0.584086422083496 0.5460687750623744 0.5776310871393348 0.5515876755167944 0.5307922290000755 0.5452862919166572 0.5276068312920064 0.5459822074575802 0.5704477827797033 0.5679633852874356 0.5761307960672704 0.6136832832114174 0.5587498466598388 0.5414788985520627
0.7274095171265812 0.7714158238140891 0.76500454681963 0.7836538401048924 0.7865653648210612 0.8051704817440667 0.8527546241420549 0.8398830927408599 0.8707239253608013 0.8504114445751209 0.8736788884029115 0.8691479454214194 0.9040020105725605 0.8719842338712653 0.8923792465863751 0.8778945883018456 0.8368513445200085 0.8232371128920107 0.7663624729124732 0.796902428169208 0.7778730825154117 0.7965898664857812 0.7942877594249558 0.7655503839119014 0.7447960688751702 0.7376126410715443 0.679112653361804 0.6530538861806167 0.610036911890708 0.5854708375344742 0.5851751466445737 0.5636911754348338 0.5529952308213031 0.5625715563262776 0.5496676656269017 0.5288220723856705 0.5044938974069657 0.539858420987345 0.5304305673434969 0.5645661443542657 0.5550260769409897 0.5584803168385212 0.530235538611486
0.7324321044856994 0.7433333583888162 0.770037357084256 0.779372082257187 0.8138647374514276 0.822477841190264 0.8539485468900654 0.8668600604713234 0.9017385940148901 0.900417492991282 0.8796333857708931 0.8710919754618042 0.8927219015541928 0.8901840369646398 0.9144737227811854 0.9052300534892455 0.8391262097640448 0.8222499888685846 0.7868731566436198 0.8104572442443662 0.7992929838952743 0.7990105315086968 0.7680098622387741 0.7717411371726325 0.7493503733501404 0.7313749217709701 0.7099731693234077 0.690310234266344 0.6507146530390119 0.5921552430580154 0.5829039874723282 0.5607101945689523 0.5609660939357525 0.5239484407590961 0.5202387610354015 0.49950523909737204 0.5095663767833714 0.5407809050157086 0.5494261668792643 0.5747069027060373 0.5446091070685807 0.5507084453640452 0.5502062406473612
0.722236555949587 0.7625048941733734 0.7930899975855887 0.8088616458613203 0.845745877779271 0.8425416970495158 0.8966730141030349 0.9190066583878707 0.8820691833347124 0.8976549178942017 0.9050360642788612 0.9409713555388511 0.9519848569894944 0.9505294552250932 0.9600402766475741 0.9406206928763836 0.8825886940811655 0.8684547796623895 0.8501505838974728 0.8294648156467678 0.8024747378479352 0.8054788415114451 0.7738532144029301 0.740434255651743 0.7504479047518453 0.708115365586299 0.7038260883393073 0.7051468638817706 0.651873809316477 0.6245161935226929 0.6354139994112211 0.5874764530776491 0.5738629518289216 0.5306639227470722 0.5279684928434227 0.5059054691818875 0.5095684833477521 0.5138674247488063 0.5439928960788504 0.5377673846724835 0.5282184988332679 0.5234697903557061 0.5096512540120101
0.7156666307856541 0.74154254076148 0.8111505647629096 0.8148092205567543 0.8120426312683353 0.8556768046571918 0.90397125869498 0.929436701124483 0.9154524729678934 0.9098629757180587 0.9600455734081955 0.9546086199773688 0.9886549026194619 0.9576622080550341 0.9900264144893479 0.9705421648044422 0.9474307509775042 0.906762487000581 0.905468411782412 0.8425907875858574 0.794146808827695 0.7703190343545825 0.7731672364754867 0.7663546577944279 0.7159300991073755 0.7019799880051385 0.7412363783784855 0.7033196377858898 0.661025428438079 0.6249941598773957 0.6498067718689179 0.5848640382732477 0.5366106682661336 0.4901044782202449 0.4669770703026946 0.48548518873372065 0.5082285837846726 0.4963866377556313 0.505733680318354 0.5090583549702085 0.5308059541291139 0.5076893770556458 0.4749241505928673
0.7140324072883032 0.7739058473175479 0.8111472852463607 0.830065448439332 0.817661414698149 0.8574836157814635 0.9104535166806105 0.9513188465065304 0.9250573348867421 0.9592205687658405 0.9878596570530466 0.9866459125756227 0.9567710146704648 0.9645848499370745 0.9689313232801162 0.9674542047413098 0.9667745623410465 0.9327929203803286 0.9124171395925311 0.8244750702024534 0.7866709118155601 0.7629051050185438 0.7956392818412807 0.7789300961304599 0.7732822736736452 0.7416426123237373 0.6908337056534474 0.661889086535623 0.6480239742836144 0.6707784187149193 0.6412993351467198 0.5769093694382961 0.5674307447110407 0.519500310080936 0.5193927656419673 0.49586729033993854 0.4775058248070864 0.4979017342403809 0.48553262263344377 0.5110058185536757 0.516416149332672 0.5027260821722649 0.46695487838348126
0.6766530330925009 0.7803102177441543 0.8149546064212569 0.8312222706945039 0.8685291525720485 0.909410572341279 0.9458128708675563 0.9277029965362282 0.950123309497856 0.9552487325974052 0.9962944743545482 1.0 0.9583575808170117 0.9382039601605064 0.927197081149472 0.9574163296669648 0.9708181232169112 0.9391888411878156 0.9029619270611351 0.8327673580335138 0.7775774213131621 0.7731148355614617 0.7804666147947921 0.7459358950075657 0.7617935296834325 0.6910573047841531 0.6718659651476353 0.6596918896372883 0.6449733070406778 0.6470440960105512 0.6452361594727872 0.5744345964702762 0.540884249428563 0.5406892646644691 0.5205486170292053 0.518851825107055 0.4673665288607406 0.48256186507623366 0.44889788277672393 0.47936293900197074 0.47254835766276987 0.4543789675466185 0.46248310059248837
0.7105358393809407 0.7504721301862032 0.8176913274045142 0.8605057995333821 0.8482336249108423 0.8895080042665244 0.920776742411163 0.9446545962936537 0.9420988091073392 0.9594934738990858 0.9937971436031915 0.9870493150096044 0.9451842596801662 0.9373619696511392 0.9576059258248572 0.9514537077706777 0.9511985098029428 0.9335966007774077 0.882465249514675 0.8258119993799634 0.7926916413606848 0.7700912291459302 0.7833430018271919 0.7589272144425929 0.7036420022899151 0.6763043609167944 0.6501091564622757 0.6280537921959789 0.6101585858659428 0.6182609970839417 0.6035209781900834 0.5859081319714563 0.5255160349545923 0.5118387059929946 0.5124174584947878 0.4973655813549492 0.46006016352068746 0.45585831585398134 0.4540146814728741 0.4397590254968961 0.43900636026067824 0.46244954772867464 0.47986187062984514
0.6634887222444988 0.7320839282254785 0.8167509061796432 0.8175656618571419 0.8430399126551957 0.8770790269300628 0.8920922052984233 0.9130709964096957 0.9189109709206327 0.9023035459896749 0.9405263167332104 0.982291211322712 0.9765038420324998 0.9411940259244842 0.9642742911993119 0.9432165538217575 0.9079234689519364 0.8698874207853264 0.8561169743497573 0.8536112828981668 0.823107539712273 0.7523889360985296 0.7403657927315487 0.742726161892402 0.6913460418065779 0.6655289352939125 0.6583586065280834 0.6326683105097477 0.6015380212396836 0.5870024156479263 0.5989876395867508 0.5395868777066237 0.5063249723748746 0.4915427091646925 0.4577890672015738 0.4994590692788933 0.4902893166764756 0.46084749717525286 0.42486925624816707 0.4546601866460076 0.47377495867761643 0.46871172119506616 0.4578355798396969
0.6880621759628728 0.7560686979702499 0.8051912116845003 0.7970367990467242 0.799140785298198 0.8337949731827923 0.884235543880589 0.8859514713256615 0.8644999188246735 0.8918714602523918 0.9294545289008109 0.9671320042673202 0.971169905731696 0.9631194244888194 0.9621312363112986 0.9056151081751519 0.9096483394131322 0.8636425861073775 0.836030203071622 0.8041960483479683 0.7713468991257387 0.7546847862786241 0.7301116603304342 0.710552263795395 0.7049267357759363 0.6678021164731595 0.6486219933029563 0.6609897899648615 0.6079648132660932 0.609507080789765 0.5775642018485848 0.5663276763971425 0.5109057732900198 0.4828754537037521 0.4715265297641788 0.48955870136689794 0.45751563505955445 0.43121034408773407 0.4013177270002788 0.41502062341344087 0.4045081531599598 0.4223821960735908 0.38294533538744885
0.6958522352523943 0.713904969152645 0.7700447992096318 0.790843658110378 0.7537430989692986 0.8057979383331123 0.8458826783650908 0.8698944765647251 0.8442395086088549 0.89834310316099 0.9284985550529016 0.9191088963454107 0.9384547217953839 0.9208280700479275 0.9311213645671541 0.9141412928232177 0.8889836367882835 0.8628250260378689 0.8620901334665043 0.7929737226536072 0.755634673431037 0.7159255090342301 0.7018817379290871 0.6888929428206119 0.6604235504608376 0.674649756398676 0.6662804382078499 0.6512351757953807 0.631956515716001 0.6127676657138458 0.5970655212957828 0.5405309079515938 0.472384098389842 0.49622018280028013 0.47448917006567376 0.4604222844683736 0.4563554891564283 0.407467490654917 0.3889824240752881 0.39303761155327155 0.37693203234308476 0.3876393697291498 0.34574441373709225
0.7020725338471222 0.7019541421492239 0.7069147104539636 0.7567566668380997 0.7898315174283639 0.8137534886726797 0.8291445007656447 0.8491824865736052 0.858544513043734 0.8983885692508587 0.9247381722397764 0.9068274660176359 0.91962838932631 0.9234206583566307 0.9441520940923099 0.9209026921947921 0.9123786566462924 0.8842238488210219 0.8603751037697501 0.8041183393585405 0.7825176521871817 0.7216349000595729 0.7085978007213677 0.6794394568704432 0.6322484415749094 0.6326477788149703 0.6420463379049861 0.5825703032084257 0.5878152108988508 0.581057143338718 0.5548804714393745 0.5272918046740246 0.48330599805703683 0.4515160781309603 0.49369985835664015 0.48700918796843057 0.43369689197363087 0.4128523702636503 0.404829268467713 0.3751324649535208 0.3937498131647091 0.37986934822791985 0.337130039263782
0.6653237054326948 0.6616820736527731 0.6570368223148739 0.6968416981976276 0.7549931034474169 0.8064510127882234 0.8198483192698013 0.8660157891013592 0.8552760177650991 0.8790399457672059 0.8828133599839558 0.8798137820945199 0.8749835137714407 0.883824654445028 0.9099749533861908 0.900637407662193 0.876031503283348 0.878714652023679 0.8244062459010054 0.8212866952428904 0.7807248310149679 0.7265361353187291 0.7321067358955765 0.6611149261066323 0.6610567867842835 0.653688058632839 0.5962836961999116 0.5658014948405251 0.5322433852129096 0.5575557613466683 0.5486760270526828 0.48850121409154884 0.4489016980300907 0.43738829954983965 0.46171833827519365 0.4586875689966852 0.45822826639267367 0.42485955783761403 0.37843504937687955 0.36901555622359794 0.3759922011385212 0.35080504509214294 0.3508753313696875
