Raster_benchmarking/DGGS/continuous/raster-153.asc
NCOLS 100
NROWS 100
XLLCORNER 1743163.4139028222
YLLCORNER 5469289.543685616
CELLSIZE 10
NODATA_VALUE -9999
[rows 19 to 37 of 100, columns 0 to 42 of 100]
0.7492188400986918 0.783580724761816 0.7519882538606697 0.6976132148589771 0.6711425141498288 0.6659107727907598 0.6208339647109481 0.6268579573922964 0.5823770477725166 0.5610629558458031 0.592075222603598 0.6084474230566369 0.6364879161818834 0.6108434423035517 0.5948866078111795 0.5753555327994444 0.5882770121047287 0.5808709582950491 0.6067249247256501 0.5965630041691714 0.622940950773889 0.6124812400771835 0.6304568494542856 0.6529539402256108 0.6364071156768834 0.6130398322407334 0.6264615991771963 0.6242086130698897 0.5878928529636508 0.6102772223232737 0.6000525801206962 0.6120378205805981 0.6084433896355356 0.5890561027104178 0.57035606500692 0.5546999097250237 0.5257413715762494 0.46991100784694095 0.4374552089417397 0.42563668603008126 0.4134703699638221 0.4123524337609062 0.400866108998578
0.7794696061957446 0.782069323894897 0.76173217356108 0.7365426532224731 0.6809875090749933 0.6805387833068643 0.6578592159501633 0.6289850261735965 0.6277019748911444 0.5953827299946629 0.6213780407314788 0.6529086082172271 0.6509735916557137 0.6453807513722153 0.6009250260476319 0.5954857524985815 0.6081878000752927 0.593428407925125 0.613612421051212 0.6270946001400636 0.6224319727211579 0.6585098017659923 0.6528514530263438 0.6172676190135742 0.6219471195423846 0.5938180602965423 0.6263378973878568 0.6034959150695032 0.6076839222476148 0.6023075899911916 0.5973435340239904 0.5877515897954921 0.6147096061889613 0.6241643243832603 0.576941918038183 0.5642003095012624 0.5075370699493826 0.4830052788452226 0.4389176248284072 0.4339506654210837 0.40179528692645367 0.40090436702709864 0.3991463693707839
0.7890042350604365 0.7709764251125766 0.7524880281173509 0.7276961426907981 0.7144420678228879 0.7033204519814457 0.6685446099776515 0.6658630146900143 0.6499951291182303 0.6250341488230888 0.6317182074588487 0.6292265479268427 0.6459382842983807 0.6245418560545573 0.6446907488522724 0.6157049073221844 0.6316159597225759 0.6265211494769576 0.646876528520109 0.6164923477402813 0.6318180278200234 0.6749571061044818 0.6538637571290898 0.6171469147068674 0.6291651190652936 0.6148566682513457 0.6033248899577143 0.5804041003803933 0.6174007218567485 0.6347098377375634 0.6241678016342169 0.6208425443657122 0.6243109805755805 0.6171134132681744 0.6106208237165652 0.5829649992933531 0.5325862312507962 0.5318933893765312 0.47808644964513825 0.4686221530951995 0.4165671889322086 0.40460809251839946 0.38976663707688775
0.7867565745778481 0.7420466715140528 0.7163053442792798 0.7107756583568344 0.712500352233375 0.6804771017635507 0.6758925969215662 0.6492071465815967 0.6681929806923573 0.686632952770018 0.6675033879259893 0.6399365734009269 0.6290639540152847 0.6431517497813498 0.6502028109003365 0.6270017011007593 0.6559595819748846 0.6648757680782553 0.670426427721138 0.6264697981409255 0.667256516427767 0.689307266076755 0.6601370459721024 0.6245431079163564 0.6331560606107203 0.5991295226709012 0.5959053725509821 0.5815536786041721 0.6303528006441939 0.6231210652858081 0.633314459595681 0.6540018718581782 0.6458457605662137 0.6389206152418975 0.6091185240836875 0.5945036916450719 0.5511353591041374 0.5559600117227181 0.4845594537722499 0.4636836552665806 0.4126524900673184 0.39087852879022555 0.3817763683782474
0.7634094670900288 0.7354629673587056 0.7082738205333259 0.712790375212355 0.7238293201311441 0.710756658457947 0.6725279726865961 0.6532527051570909 0.6587679389966341 0.6792840278316904 0.6671064038487426 0.6428329795100476 0.6733434454122242 0.6443612597037219 0.6393887361023292 0.64553941052459 0.6557698890206027 0.6583444059124102 0.6811926298900927 0.6715484343849067 0.6776246786845934 0.6597659707719241 0.6605812440474821 0.637588638895164 0.6047181166310417 0.6223968256128333 0.6165633885004912 0.6269608335103797 0.637240037862614 0.6357789225141255 0.6608691215792895 0.6570468321939404 0.6403646612477809 0.6112454188659174 0.6075293688022344 0.5773033312883772 0.5455216726909099 0.5344170624306627 0.497453902698228 0.49068347888077135 0.4512227293989058 0.41430295504427195 0.3906504395576232
0.7421591633581216 0.721786086050086 0.7203510491718381 0.7225545183596364 0.7247957143486916 0.7315701228376728 0.6937277689517173 0.678280841301991 0.6894017970398307 0.6860844779197169 0.68969097407674 0.6721592788376559 0.6798303613414933 0.6600862499524158 0.6775268082705262 0.6537848002636016 0.6603577229293001 0.6972583263507396 0.7024098033070927 0.662402894928475 0.6691960279295908 0.695217183870566 0.6674350404555218 0.6410474343440293 0.6434890050001013 0.6156201044367812 0.6194411350782091 0.6369354481443961 0.647898835148 0.6396626597933107 0.6546352293850312 0.6441137492468922 0.654132369151926 0.6221477786550881 0.5721673019646777 0.5646665061000818 0.5415266201722359 0.5184731078033471 0.5049258016688712 0.4792968010241505 0.4704095199483679 0.4437260681968607 0.4327406627805059
0.7680475150278276 0.7209645708408755 0.7445671631201393 0.7461705482380417 0.7295642639998791 0.7069571380856422 0.7130078795371452 0.7147658526251833 0.7007684813342481 0.7094619954538129 0.6922330179657896 0.673114051690363 0.6767766086441966 0.6656958007301947 0.6901994088202064 0.7021842013180994 0.6952337395949418 0.6776075942974403 0.6908995306346278 0.6618812590611268 0.6578056537111383 0.6594307502030406 0.652954718383174 0.6275504655106694 0.6537867014787392 0.6170140270348146 0.6271436787788924 0.626741332440885 0.6717100702124802 0.6896768372852392 0.6760058932034773 0.6397950592411717 0.6361936274283263 0.6241137055398526 0.5760625972895308 0.5539647652097447 0.54612663265223 0.5030065765259197 0.5109743337025797 0.4701602470590915 0.45974158609376187 0.451598819325932 0.42287066210105867
0.752270101551462 0.7373170795195517 0.7578427972282051 0.7593497855762927 0.7601787758039441 0.7198730074261758 0.7493910878476392 0.7323763694962883 0.7533795322241403 0.7388104591858736 0.7205954205203535 0.7085249274668971 0.6835533154010025 0.6905016944341669 0.6833799680850475 0.6935441207716997 0.6822356154206695 0.68741253505369 0.6711622274740686 0.6482695033562894 0.6836126139163984 0.6755846257431465 0.6825901447600174 0.6369647383653155 0.6421873035272029 0.6536008376863698 0.632290092511578 0.6512435277774286 0.6631001088503565 0.6964303181633105 0.6621817578594965 0.6674630493030739 0.6646516245802165 0.6355328876946216 0.5942245686268609 0.5675988065531655 0.5646909201075236 0.5219941855515464 0.5202524634827057 0.4702671979533915 0.4362417278985376 0.42034492942495716 0.38901899285068514
0.7749791594066928 0.7750196494531868 0.7516495930662574 0.7631845402723695 0.7505666063833358 0.7435224055746272 0.7443433151795374 0.7919536770381775 0.7932869746901042 0.7697251654810914 0.7520946087699635 0.7665570466801417 0.745908705148529 0.717276067925562 0.7326882672299562 0.707811295758933 0.6909212022463443 0.715025416538454 0.6724327800713943 0.679582401752212 0.6744827024687139 0.6924545316614156 0.6801407739714891 0.6749610120479047 0.6730738602117092 0.6778978053292549 0.6719691221643701 0.6457638311672569 0.6625683193705035 0.6834697274812408 0.6563688665315153 0.6527446251478983 0.6428009797628714 0.619672317386829 0.6032659196778555 0.5565841275583754 0.5585519671564376 0.5360817500187073 0.5321671617935454 0.4819436725896157 0.43602970550879955 0.4395149613625008 0.42148399881813114
0.7697061335274401 0.7927580116462969 0.7768666792515252 0.7914675401364497 0.7712285267440372 0.7762875730541511 0.8038336157066186 0.8359039009560582 0.8186990245562412 0.7908921461227693 0.7798428282139418 0.8168596805659079 0.7909521301829919 0.7437630723686484 0.7646676959395311 0.7203661088116683 0.7020822267869793 0.722745336294246 0.6856373061423151 0.6709795512914039 0.6676716024280329 0.7084822701216709 0.6858370630712606 0.6761743912072008 0.6853259324351272 0.6596748793507081 0.6641185262632949 0.6703786587300609 0.6689846835065996 0.6525568448643456 0.6421136311340664 0.6903458292401387 0.6537506421425909 0.6518477568098073 0.624462345529325 0.5657075397676116 0.5523858401908563 0.5413506635490709 0.5450867008534362 0.5089422701861581 0.47188967103975893 0.4133416753171223 0.4053554556935362
0.7944096830060101 0.8001994020067293 0.816994828445017 0.8185595027704611 0.7911206136326351 0.8244223049107631 0.8397541542054124 0.86565083301021 0.8476345535344088 0.8442847123587118 0.8251948342201869 0.8005232782510896 0.7978342265161253 0.7942994395622534 0.7853024398755196 0.7320772329471279 0.7366061808185952 0.695895274978786 0.6989601744430733 0.7014890005526685 0.6907829371504515 0.6877040018243257 0.6904740245478346 0.6978753390965058 0.6854690741105565 0.6747207103003297 0.6818576616150247 0.676404433217009 0.6777570759213034 0.6451325483021333 0.6500969424033017 0.6690228576253255 0.6572301332331091 0.6476272805295299 0.6137687550630517 0.5475656358757395 0.5244097257892434 0.5150820633438506 0.5184560685812877 0.4919857265998725 0.44706209184260104 0.4432472250108207 0.401770129922925
0.8437783141053115 0.8505065481909025 0.8324137093467121 0.8020248203997031 0.7990260573605253 0.868838200723096 0.866547872302196 0.881270675706406 0.8783030124440869 0.8978356385529987 0.8506012460845798 0.8458564507852249 0.8243266526556009 0.8325176608812325 0.7991821409726039 0.7739201646669174 0.7423937873381419 0.7080514934847921 0.7026267166749827 0.7406884063453993 0.7249377735847732 0.7118791640436722 0.6863839592406852 0.7040133114354653 0.6984064315504415 0.6759699371793757 0.6745619797736446 0.6901694367926097 0.6557032988719285 0.6326144474355089 0.6595338736892262 0.6615002716739137 0.672424473615347 0.6663885007310206 0.6285289488728641 0.567119618993436 0.5136470652587733 0.491237636729029 0.5048805945309125 0.4648210578409709 0.4316446348871087 0.458945923539445 0.40536699620054306
0.8466190026362408 0.8654280949027009 0.8320606440245075 0.8010913859419458 0.822179100040532 0.8454125363744861 0.8865090423546473 0.8839235893175741 0.8875489275896044 0.8767841407064234 0.8908561760782602 0.8583184029999471 0.873146115322039 0.8630771209386406 0.8149866646851721 0.8032616312594184 0.7660424859642028 0.7196318878233197 0.7201405919591899 0.7180084900418829 0.7219614924666892 0.7430979874079858 0.7080797690159343 0.7238978323940101 0.7145218476899046 0.7041111774691301 0.7137168865722553 0.7090318896966022 0.6873884228078169 0.6891562923814861 0.6846117237395151 0.6623558942716159 0.6778658010040648 0.642700792181315 0.6248049215801319 0.5981962876502208 0.5228853947897713 0.4992977476918634 0.4841891421462393 0.4712088425828641 0.44005128577763475 0.44132764489532694 0.4071760091518663
0.8375086955325842 0.855029413211124 0.8261823587658754 0.833284295746319 0.8427416919308873 0.8395267439927772 0.8754536612501337 0.9012656436074982 0.8858509214608147 0.913297789747122 0.8955346799476751 0.8924147283063324 0.8661267441640111 0.8634262740643444 0.8214681196441499 0.7778954373584981 0.7345617116403144 0.7339877402508224 0.7145034329927151 0.7575954614980338 0.754908140885823 0.7475799555858534 0.721133924800064 0.7410436972832095 0.7405373656066564 0.7502219020232681 0.7117423449981358 0.7071754887910199 0.6891898911458681 0.6982366920769372 0.6985673737840237 0.689857575226152 0.6849353097359249 0.634425676055808 0.6461005408532259 0.5963846575726728 0.5778631350576614 0.5114088243282986 0.49192682625180023 0.4687159620330713 0.45597777656608246 0.42905828973230076 0.4025040528472967
0.8475276109043476 0.8256281791732437 0.8227724587744064 0.8239572539148607 0.8660137784623306 0.8568401865524288 0.8524105824835314 0.8647872071656743 0.8941791446590586 0.9136698246848668 0.9183878530061678 0.8823068801229352 0.8867933059626181 0.8785661530759975 0.8187203840914007 0.7884191555519475 0.7409909357297677 0.7465499634475943 0.7330248517607766 0.718424139544258 0.7510773543925165 0.7235690152262673 0.7334580937531006 0.7260771324958195 0.7385763061687349 0.746461289326254 0.7188604668818391 0.7169788064497916 0.7002533059488946 0.6787306087080833 0.6896344925071722 0.675938178509798 0.6660697105081893 0.6646792383559158 0.642572671589097 0.6373371381930565 0.6063858566463083 0.5582888387674156 0.5150733008812562 0.4604104495728485 0.4533406553119297 0.41095269523945166 0.4109858453475068
0.8251669171723048 0.8063557649099939 0.8146468470138384 0.8538863215160264 0.8457165421037646 0.852078289133164 0.8607573604965036 0.8719404668631403 0.8950815651233741 0.9601720887314978 0.9327227690448541 0.8943856825234531 0.8869519148182586 0.8682819578477633 0.8343735592031637 0.7820158707672473 0.7629488985326381 0.7139072779607947 0.7081715524649889 0.7097477239721804 0.7247680475486264 0.7485227838552558 0.7675354147706593 0.768697123269296 0.765535800126411 0.7568060547491762 0.7589526024499718 0.7463828110661492 0.7224103461748558 0.7081151886448197 0.7200271832769911 0.7316621335829351 0.6706435522228527 0.6709251206015407 0.6629883300537559 0.6537000138867911 0.6311177487597113 0.5773948867803077 0.5340094292416491 0.49015237077588847 0.4327036067910923 0.40481337107521714 0.4093278610854654
0.8286250534385159 0.8006335102348499 0.8363194349497136 0.8464554019551275 0.8675842999819344 0.8399226315150706 0.8518859936126177 0.90048556042479 0.9289301187825253 0.9226113819213546 0.9107961369690619 0.9093445276216635 0.9039583164258385 0.8798339572587621 0.840169264147132 0.7838516629570319 0.7465820032052822 0.7350740664065282 0.7469644326593907 0.7397891124354109 0.7392590472599672 0.7421564825097398 0.7742469616540187 0.7626999577513525 0.7648645815196969 0.7556181056256285 0.7523091969635065 0.7307772062468817 0.7362167485597656 0.7288286466958719 0.7517991970876341 0.7336669058790369 0.7014973412705914 0.6606357123688212 0.6609168153418069 0.6427607546395699 0.6438161769598958 0.6150485865553812 0.5608455297254104 0.4869232059585366 0.46476963322447074 0.43742814127021973 0.42432903902335534
0.8377864021701906 0.8078183601336476 0.8282468858459752 0.8569169615272452 0.868520433242269 0.8630724326422474 0.8697159856968416 0.8989388521191695 0.909739936007399 0.9157917890992128 0.9303020457927724 0.9602496416644902 0.9464249392541814 0.9138607410538625 0.8516057230476316 0.7823337171044104 0.7651494634688796 0.7339745925380589 0.7339222416558425 0.7488609563108288 0.7560307258700446 0.7774279645040962 0.7933826193985978 0.7584608920712493 0.7701332538488675 0.7286120503218404 0.7464854449290623 0.7505466938584827 0.7607647860350331 0.751410831139111 0.7387248286205829 0.7291328081020135 0.6917339672097654 0.6621666239292394 0.6593564936817611 0.6533675776305395 0.6347168179648246 0.6267606769369652 0.5585799321745976 0.5079994995723541 0.49114188066129455 0.4807979240366301 0.46017850258768317
0.8317924297649231 0.8205647530055242 0.836919066180496 0.8503634918051214 0.8850866316273878 0.8956691802778958 0.9016139884963786 0.9240176177486751 0.9439049985596173 0.924923792751624 0.9483517105615303 0.9534325451251926 0.9487397387811999 0.9073711357667665 0.8329014778899961 0.8158492800309627 0.7924087991066717 0.7770271658623494 0.7626881133423814 0.7775735532559376 0.7976986698695845 0.812718348761122 0.7961621692782775 0.7897279982915324 0.7608477590043843 0.7427485967184209 0.7535791378281912 0.7456173657560743 0.7615071496426221 0.7551498958959776 0.7421588817577823 0.7424958674888482 0.7166089218742787 0.6769945800974109 0.6572615950624485 0.6382208298118974 0.663689989172851 0.636637132711773 0.5932170107809601 0.5337320739629967 0.5231323763000147 0.48703016193487425 0.47535113947302676
