Raster_benchmarking/DGGS/continuous/raster-137.asc
NCOLS 100
NROWS 100
XLLCORNER 1743157.3051697202
YLLCORNER 5469290.633629098
CELLSIZE 10
NODATA_VALUE -9999
[rows 0 to 18 of 100, columns 0 to 42 of 100]
0.313807204439388 0.3145821507019579 0.32631278194659025 0.33700247498204383 0.32493041592896005 0.3391219125981931 0.3204946190445696 0.31317113876124664 0.32027247277361964 0.3357707382523661 0.3679592533377856 0.36241984433986263 0.34875996238157125 0.3525886508402533 0.3237084703971475 0.3543854748590243 0.35320773711405967 0.34225293932685774 0.3583684259655393 0.34478574261269074 0.3491614844956377 0.334057579161543 0.32894746328923263 0.336350338818803 0.30979003979102404 0.29133398309039443 0.26232321354651683 0.2779863367850279 0.2725646018843628 0.25221715247459925 0.2545490392588227 0.2564022213277417 0.27496784955815967 0.2564481407325085 0.233247234571477 0.2220970277297847 0.23909560095956142 0.2385305133557551 0.21333646416102728 0.21615870598246348 0.20147130961323323 0.19040651292209987 0.17271412904585737
0.32780135593358 0.3222278791044368 0.3430320962213482 0.34311768346083477 0.32229839738726423 0.33752684287356643 0.33740432309352186 0.31337668382284284 0.34004843798411677 0.35337083147138376 0.3769172825070706 0.3855975517888156 0.38509875501303986 0.3697312535793545 0.3446247244073887 0.3524736895252213 0.36280080040940005 0.3469939043982137 0.3652508104949406 0.35535703062130775 0.3669451193788115 0.34786138466941335 0.3456523238579692 0.33823653820301297 0.3488911874677507 0.32424857040689065 0.29655469283999 0.2820748943855531 0.26886622426115214 0.2644124263900563 0.26795251428856 0.29306368679515227 0.2792358631032608 0.2654852802341431 0.2511932647348271 0.22382829552398625 0.24101689756709285 0.2265230945117528 0.23010546273364557 0.2150740103251407 0.20158958389603895 0.16861950209182608 0.16612991319524506
0.3220927721053642 0.34947198396874035 0.3473459446334502 0.3460834581026538 0.33756245093092346 0.32901121934758076 0.3164721291727652 0.3269332885289254 0.3448420808116723 0.3773545932320989 0.3843477188721155 0.3772035487498977 0.38577233234857006 0.3627635157679492 0.3568847528380626 0.3641366819343066 0.3410966531893428 0.3478024389566095 0.37509122204534656 0.35282683153963845 0.3672943627833305 0.35527624364878774 0.37536640802651305 0.35692777571153805 0.35981685063850255 0.33546702147285873 0.3019881494122453 0.2849009329834458 0.29691533558343214 0.2763003602796912 0.2988731348412455 0.30916797198386825 0.29743349369072125 0.27335673258187565 0.2541877228875723 0.2515245052305654 0.22727878650445904 0.20863703123285757 0.20275932803932065 0.1854816779076032 0.1810906533374686 0.15635867399231781 0.18213318413635846
0.3184741153455888 0.34194005350801887 0.3373992732073957 0.3375646958891634 0.31694187741176766 0.3263639900267669 0.3445192946225196 0.357789425941825 0.3592185511833442 0.3994333093129488 0.4077397111651384 0.4143407029850606 0.39756405863340355 0.3776945158075347 0.351618510989928 0.3604913283697226 0.3540727609163778 0.34332351970715186 0.37720808821242086 0.36565224005823826 0.36871691711738885 0.3663283091139644 0.3664712081530778 0.36656281388602285 0.35838513441461267 0.3299993509653494 0.32375881218579217 0.3154547878831019 0.3119672226507018 0.29241031241788074 0.2879936074738529 0.29096598041460225 0.28853204205803357 0.2632509164212475 0.265428695470719 0.2521063841572664 0.2105567662887489 0.21557245510548795 0.1780419898024279 0.17757434005156275 0.17681040885535207 0.15455143782080935 0.13884273342430692
0.32869388540820177 0.34486101709942507 0.33613511037811483 0.3262921362726606 0.32267352925801623 0.30856462561507525 0.3260742828413785 0.3642286058889877 0.3875023598512051 0.4140802515262584 0.41999593992134904 0.4053209513904974 0.4048585985076393 0.37388357866427663 0.35239675936788045 0.35054112388565134 0.3480378774182854 0.37113680117239817 0.36044158087497535 0.36447183344580897 0.34922031404219744 0.3408163073421478 0.3399812758944617 0.3470375851515091 0.3617408949508815 0.3489917862261311 0.32854679929223274 0.3238485613608327 0.30437764392482514 0.2944814746224683 0.2878615732466103 0.29790943747054727 0.30435710296651347 0.28876106819642233 0.2625479397813428 0.2421495055951508 0.19968783895665673 0.17938722198940663 0.17641250744459192 0.15800274416595553 0.16156867599613564 0.1489904724648794 0.11198200877932886
0.32870237710737343 0.32280496559101285 0.31738653948544326 0.33995700950204605 0.3245974262272676 0.32116659507172124 0.34107367608141287 0.3579347475486754 0.3939797712724751 0.4093172563164207 0.4160051922189046 0.4189006398489327 0.39842267472998755 0.3950512669618747 0.37819922770245723 0.3513631892418871 0.3649428006116169 0.37916681062529634 0.3713950800492471 0.3569786792706538 0.3590617250437942 0.35444533945641565 0.35149239903215107 0.3297244202746512 0.3292802414521096 0.34074358281930933 0.3182900038708851 0.3227425206611098 0.3000271561442955 0.30631722746209966 0.31756497473585693 0.3101693126974169 0.2941433819106584 0.2697833102514984 0.2373910900008435 0.22315329668219913 0.20505837434274946 0.1792620264469686 0.17865222117384605 0.15410605623131132 0.1235160596037101 0.1052010913207854 0.09555432092103927
0.3241118378604462 0.3293798947052681 0.32392747114823645 0.33589656894630215 0.3334960626326656 0.3368191865270566 0.3269191278768921 0.3521110774122801 0.36622134107540505 0.4196094946834343 0.4410131785348126 0.4249834027470738 0.418599298219339 0.391052182452344 0.35971699005205954 0.3608988979170506 0.35934022978358693 0.3637882610000975 0.3836987033630245 0.35467228169612847 0.33444872432248546 0.3400310400541054 0.33157938407276744 0.3371263502982473 0.322394024871631 0.3447671125950155 0.3350658335566011 0.32649151548826705 0.3312089788975185 0.3248307386097748 0.3120040058093365 0.3047888514914485 0.28502937178452514 0.27599465123087 0.2478316181848625 0.21350948610965445 0.18425923973035688 0.17189063984400116 0.13957477189461587 0.12265978240004971 0.13226974475846248 0.1036832113642326 0.07085766248872526
0.330056296297008 0.34868993221885164 0.3424901713465298 0.3527902660629325 0.3466930668720898 0.35183250625527707 0.3459548112598896 0.38405389422847225 0.4064066248124587 0.40233324268345805 0.404836818380134 0.4020781553646171 0.4098245688267641 0.38257246630623504 0.37374277386418486 0.38132907392422716 0.36794361602653763 0.3696497592923321 0.38204978518503757 0.3633122021672426 0.33453499246321255 0.322152993940382 0.3220420263658954 0.33410874436359983 0.3495670873157798 0.3318973596851129 0.329879827283298 0.3214457346191851 0.3074680963703785 0.30909812618999755 0.2926710334823534 0.280645713888579 0.2877325917700685 0.27953454276675316 0.25865515602900413 0.2212576276071717 0.1801884987222636 0.153603530026894 0.14112298329234263 0.1189367676525536 0.10788641725393765 0.1100618028296366 0.09619057325571159
0.3648248532105521 0.3437612589458553 0.3397156891060545 0.34389582756334713 0.35845157525928995 0.35568558930482036 0.3724419282445311 0.40378514797286597 0.4097640575428502 0.3914727086427702 0.3804874780986936 0.3883039253733985 0.3838645102747184 0.40214945833988214 0.38075906956349076 0.39541814474374487 0.40304190514461924 0.3980284431328379 0.39577914272685977 0.379498998770314 0.3480590482829797 0.33215472422384046 0.32507877223438664 0.31608905791955916 0.3455012021929252 0.3299473761856136 0.31095413178894665 0.32879019660788145 0.30604241984479347 0.30624783441400116 0.3093188487223407 0.2783886459332144 0.2784993907279111 0.25736680137515316 0.2451253696621882 0.21423332282784033 0.16025098057289602 0.12897257104597845 0.12106422894658406 0.13321545974892451 0.12440593135354815 0.1365382895727896 0.13795381569197726
0.35527549761753474 0.3677196254469023 0.36420322178139497 0.3564755515211132 0.3809137180896125 0.36948740361674465 0.36854830995852683 0.3890187671441989 0.40243002613554724 0.3922773405631556 0.3876911819151165 0.39162078667270295 0.39221287075691336 0.4034350615694709 0.41522513640393643 0.4106747782347346 0.3947814694601252 0.40116485311332634 0.3904239915527325 0.36653862666454823 0.34609834623029506 0.3466735532513158 0.3344488984001485 0.3169722022700085 0.32174040366778267 0.32532976811510583 0.3289380973575701 0.3276799387859122 0.3157940924704391 0.2956575600203647 0.2820076543827856 0.27547195210532144 0.2568717144515954 0.22521041061139885 0.20358351837954497 0.1844012304327592 0.17013118309162106 0.13790290927221127 0.1316995195964271 0.1318852502970198 0.13035468665968977 0.16091995188401054 0.16086429982296727
0.3764705470102155 0.3815372457570796 0.38768876835883537 0.38299008678879976 0.3746846718786708 0.3787031597039218 0.3788093270007749 0.36552169468234075 0.366453690757285 0.3887948225299245 0.38384451624355825 0.41139653575895657 0.40498620491731435 0.4204745629277201 0.42875063758425314 0.391543748518272 0.39123664448750906 0.3703756685387226 0.35090186330696505 0.349311949044819 0.3638413954641691 0.34920094758827086 0.3173069497151797 0.3333276340484229 0.33513410387483705 0.33653752711508367 0.3459630307018239 0.33225286762607 0.2947774591370888 0.2659487094342664 0.2612201482630549 0.24683239566800672 0.2310515750572312 0.21799675955579015 0.19032614290609945 0.18464602040622222 0.16738641965224413 0.15976939442564153 0.16780170713622572 0.15927786469154517 0.16764565500687761 0.1713095980244639 0.1808850766582946
0.38000483880301034 0.4146554802598944 0.42884992819053647 0.4139584182722842 0.39106923108522534 0.38508423213978804 0.3889082380925814 0.3652558485785259 0.3757674904993775 0.40917750139303055 0.4145249530092936 0.42442165674673965 0.40976719912436493 0.43096040152651477 0.4070490101958989 0.39130100195024214 0.3819156983042152 0.3543647192883136 0.3546401345122856 0.36069999174306033 0.33885352286594533 0.3413684688585492 0.3446633201231583 0.3356130926509735 0.3301831768753551 0.33985641003838357 0.3489312460606469 0.30860245908773953 0.2933090758193798 0.26528358080472286 0.2593336216056131 0.24161313870431306 0.24123204446559698 0.21636584430857067 0.2066654290864954 0.2119566990060444 0.20449736485888242 0.1754422563763924 0.19652432066365427 0.20098166797372824 0.2073271010824273 0.20492105241191902 0.1997426987837962
0.39794261413027426 0.4165760209340251 0.4335686340738783 0.4232903754402551 0.41224192656967357 0.399654947214662 0.372309059886261 0.3636373369875516 0.3887333731509623 0.42818395870203946 0.4358004003053218 0.4168282015019227 0.42141582141585826 0.42186881858461267 0.4313939063103346 0.40843996679655387 0.36886069833657853 0.3337430760797879 0.33784624559333853 0.35711482828127217 0.35257377695204234 0.36113611074348423 0.359514805494932 0.3558372323272119 0.3523306406556307 0.3405340456664907 0.34834263015189815 0.33239704231846245 0.2938217341936353 0.2693519168623286 0.2694582608973399 0.2466514466218581 0.22757495204685807 0.23499126628759848 0.22527196533534033 0.22188404403425788 0.22547118713937678 0.20710273175195665 0.19594552524540165 0.22384491254023536 0.22060274610621755 0.20106017737402 0.2168195777443649
0.4120534180122954 0.4259341528541836 0.43077314755833407 0.413501467422057 0.40564924351044906 0.39131916984333326 0.3919553868702299 0.38192888451262397 0.3944133161272903 0.4136656697023203 0.44008982673812 0.4471841635069327 0.4178806600920056 0.4159064902558981 0.4103912613445216 0.3991643124780836 0.3527621371324204 0.3311630576549598 0.3392248544394551 0.35591904997423035 0.3521355255449614 0.3574588160180652 0.3351277233486695 0.3562652259343494 0.3567902860049936 0.3363158577070249 0.3381986252796755 0.31637524389529065 0.31530313665784726 0.28139970923511043 0.2736645384620873 0.26389445470102735 0.25674733037439196 0.2457448423733285 0.24271252625144962 0.2172648425563605 0.2155884878138761 0.21501209324688159 0.2066007244015601 0.2132464770873178 0.20794954689872858 0.21204497879536685 0.22131860186344232
0.3885859666871296 0.39681042062061156 0.4284468793034843 0.39116677507794445 0.39967193692125996 0.404301226706208 0.387777816139685 0.3755728676791385 0.3985568195601444 0.42114145473958736 0.4391241905051922 0.43415020159634 0.4321946471428103 0.4148608105461737 0.4253426384015719 0.378775291951272 0.34564294309716365 0.32491405549681807 0.3254656244962634 0.3366208491861121 0.3424215342912882 0.3299688157436511 0.32197583311627986 0.3421420480081995 0.338516566992666 0.35063510931489694 0.3343767895458003 0.30948911273143803 0.3045874977103364 0.3033880408138798 0.2834196907712704 0.27063131672174706 0.23847957681837748 0.2446737329265967 0.24499412479232666 0.23147809299581606 0.2309219817299251 0.228204982089376 0.23833983669735048 0.22147327830701946 0.22003567141749128 0.21373458092139594 0.20855902502746723
0.3954243399277771 0.40320150830189727 0.39863936728279165 0.3837550727732187 0.38410605333741854 0.3787092854176092 0.3874956503488935 0.368704574107671 0.3726270170756413 0.40973243103919776 0.42836096076509045 0.428779921575463 0.4233402406647798 0.41905930821918874 0.41338636325086253 0.37317036613882604 0.3381901967981825 0.3458248997217545 0.3249233637198077 0.3243522385992407 0.3396798245320946 0.33374673830830337 0.30382004110702154 0.3058373820811281 0.33692431837475206 0.34011672467797177 0.33027080368219053 0.3277956469108017 0.31097710547724416 0.3206803528857833 0.3107691306760851 0.28302640239139665 0.25555846228129575 0.2513521980636417 0.23770027901784777 0.24969587816815722 0.23986314163049827 0.2103275200576204 0.22433149043387562 0.22386030636892573 0.20940176045807493 0.21796769460693385 0.21109668959150613
0.38883821008439606 0.3871526189264002 0.37395870143008325 0.37198740488641313 0.37027767806910084 0.36120210255682556 0.37228833230720626 0.3578849711340159 0.36869329834248227 0.4067921501736977 0.4190289499730726 0.41307894318503485 0.4001986775298602 0.4052161921100443 0.3963074874832502 0.35633287773114264 0.33981909037338703 0.3382244071878955 0.3448865289560919 0.32039956355635735 0.31838001319087644 0.3242966457348874 0.3066502104261469 0.2933197877898462 0.3079316761401844 0.32933084556798736 0.31906000666847817 0.33559665842598746 0.3283786815106658 0.31803206541299844 0.30680762621645247 0.2875191027534359 0.28195923470549467 0.2690422062150282 0.2495666865967166 0.23374713291081547 0.20998294332946976 0.22717071614600842 0.20411775700301996 0.20061877680422655 0.20388724601551336 0.20480594475288422 0.2053426482670654
0.3905733156906129 0.38596827260191424 0.36448800249009006 0.3720406732893366 0.3684390127790832 0.3485180958375241 0.34785031844346187 0.3670157741858699 0.3511600547503773 0.3733360248442585 0.3885348502504251 0.3932814159822671 0.4050393251326551 0.4074341439501579 0.39654559124803823 0.380793883677921 0.3361676476018112 0.331553557157416 0.3421403283031493 0.3178605684976322 0.310941044215955 0.3127864134674817 0.31030513680439975 0.2879746298844634 0.29166214060763684 0.309245960363214 0.3104368898160055 0.31898679571541977 0.3011534393549456 0.3127970207463433 0.3078006507165791 0.2836866706272403 0.284577219094888 0.2537402223166114 0.24491193400376018 0.2454656187702007 0.22418677446523796 0.2193120547622836 0.1917867205288446 0.1964494182472124 0.21492706064170605 0.22463239799023563 0.20878156482735957
0.391000421008847 0.3901726355829478 0.3654297872907442 0.35789915909499426 0.34037939952017987 0.3385520962485328 0.3493116197046704 0.3507545844728369 0.35999369886538957 0.3831873977612108 0.39365351458617004 0.3887495392037495 0.3943537111499129 0.39524966283436896 0.3923220395789412 0.3564288612310153 0.33987934309074375 0.3289689901029174 0.3112447612375244 0.3149069228385415 0.33129233171139255 0.3099616475485499 0.28733871677073336 0.29883338037285195 0.28338555436724666 0.28776699195909955 0.3120518762962357 0.3101307456775065 0.28554546889069515 0.2927820204577196 0.3027637349155541 0.2905185549691842 0.2605681041408435 0.24363008757810134 0.24758387086809874 0.2483165516758007 0.23431302529275352 0.20895436514433605 0.18098187232858834 0.21009924514805478 0.21783150134397855 0.21326767248036863 0.20912091369682878
