Raster_benchmarking/DGGS/continuous/raster-298.asc
NCOLS 100
NROWS 100
XLLCORNER 1743158.7610309324
YLLCORNER 5469296.161625677
CELLSIZE 10
NODATA_VALUE -9999
[rows 57 to 75 of 100, columns 43 to 85 of 100]
0.38867224224479485 0.42366899928732216 0.45464755857255423 0.481692593963929 0.4708494014186245 0.49215625121246753 0.5239550973988214 0.5350565124706752 0.5108370796069586 0.46405514134599757 0.49254430959636275 0.48791504844252204 0.4693900207109957 0.46404715689963905 0.45627602235711273 0.5144281613485744 0.4749617229121455 0.4207109532426225 0.4172695146881483 0.4055523295072622 0.37396460422282674 0.38176276811222415 0.41139917265044634 0.43406591042430454 0.3832160318255222 0.35383798669200867 0.30861026291326715 0.3102627416430176 0.27731617214106213 0.26409895358213886 0.21972159386953496 0.2116618644319948 0.23963544121232283 0.2627077472719839 0.3408284806375677 0.33771100635283785 0.35952002811056766 0.36871751581635537 0.4447978819017904 0.42584792828614815 0.43834338338234663 0.41339458618116764 0.4074835223083204
0.3718050871188347 0.4037055451204787 0.46210762019569995 0.4811943700716688 0.4728142472277002 0.4677677571193132 0.48671573763147225 0.47479432782768577 0.4629439906381875 0.46439345884997285 0.4704986252496582 0.5046460842572005 0.5375592274739671 0.5601350747652852 0.5179614013990066 0.475172331439435 0.44675699777554084 0.3970049902890092 0.40330584698384997 0.3790346554009036 0.3975146859018871 0.41702947459856704 0.45020207224302977 0.4618216006197774 0.43473754634352857 0.35266588047877284 0.3533501218132291 0.30007816629871853 0.3272493304370584 0.3283530909669201 0.30640147460446426 0.2859641264122249 0.2749981581691068 0.3065383589863615 0.3175614151683489 0.37448280504872467 0.3647786914825156 0.41528974341081903 0.4270458859476953 0.4000435127691831 0.4142480573161015 0.4026360338157003 0.438713133896943
0.42181823281201114 0.4194641917927181 0.45508506733949317 0.5155561775893593 0.5251102605628893 0.5278867625643682 0.4988027530950492 0.4702453612231979 0.44427243410087414 0.46597338197511834 0.44507631045983753 0.4727919288352926 0.5184194714088858 0.6086924414898293 0.5867234127396469 0.5344914094426126 0.4560243071480016 0.41465909340469326 0.45360093186229533 0.4224676578166177 0.4466133212714829 0.5014724727748352 0.4523690682232894 0.4472099681934638 0.3973763392815684 0.38548461549796254 0.3752425568211311 0.292811861432294 0.34087209610419095 0.313452727161496 0.30770358088635724 0.3096038750643216 0.31250075907779695 0.28178677566999893 0.32285003691478004 0.40056754077881407 0.41024906721401877 0.43700940809212174 0.43881916538674665 0.40548370278880275 0.4353177857935391 0.4082494486048505 0.4931806294045407
0.422471748984953 0.46883884527648545 0.4833859936478664 0.45771581566385194 0.5041766992057964 0.5051069099582551 0.5101742463453879 0.4869306395099796 0.503191616924837 0.4805181717281366 0.4880535862856255 0.537960365015153 0.5679479038576054 0.5583943914469416 0.5909278659597724 0.5484131242082075 0.5174889943916712 0.4439772783623729 0.46200113026835815 0.4831610695825767 0.44348788293446667 0.485883341477911 0.47281347974149535 0.45009385696264936 0.43444339525147013 0.4085575919909049 0.3743023881380817 0.31613314758344224 0.3162335629397621 0.30679972488321927 0.3446545155806858 0.3175054415110056 0.3384415333580862 0.36441674214758013 0.37364710210492247 0.3986865630993771 0.42669632953177083 0.46568228137006507 0.4860053128668293 0.43543298389522617 0.48279116185749804 0.4820862835377208 0.5205676316732392
0.39383067395946453 0.44666108258716747 0.4308832981532803 0.4220815926672185 0.509925482406197 0.5367261889064657 0.5386014899013734 0.5196386501845247 0.4853163431680707 0.5146025139179995 0.5122076843288724 0.5118998018543415 0.5576642309964243 0.5963011480615314 0.556211063662115 0.5298116412391296 0.4833078248892659 0.48068886701476854 0.46198309527729614 0.4896680740098105 0.4999761343874281 0.4665737048547436 0.47626666271522794 0.5102344026964369 0.44465456272681725 0.44441044209052516 0.42205426754362396 0.33854455398997674 0.33161644279733704 0.3711260617398091 0.34410049775473117 0.32634340181195143 0.3618151507230151 0.39810793612183204 0.3883193862266976 0.3946676639997204 0.484085633011317 0.5241310436968022 0.5267064844868579 0.4898041459926247 0.504674898131634 0.5436893006048134 0.5624141984913779
0.40815343104613055 0.4478230281875695 0.4166280947048171 0.44224782109564353 0.48915019279492755 0.517133688135798 0.5327319641929659 0.5172780637909999 0.4844783891364448 0.4955702934549107 0.5292274427800333 0.5102717439109459 0.5198770047450865 0.5786107769855228 0.5388195278916692 0.5143469271451188 0.4832741518034063 0.4390730973735806 0.488819942325845 0.47714831310448647 0.5070765875417761 0.5153617474042417 0.4834934732277771 0.4900676797215064 0.45836844503605595 0.4643333441067483 0.41404415610985085 0.4051133132104182 0.41387429891572436 0.3826369143356525 0.40608581605721106 0.42779803277775663 0.44140274046555045 0.4484777276305589 0.4645933220495853 0.4433330143092308 0.4911014387249536 0.5713927782004834 0.5621960876515691 0.5140757587645924 0.5678072891175583 0.5698740434915317 0.5629373049151996
0.42311190713334745 0.42003652023090166 0.44358948988578517 0.44509096709348756 0.44994865105831594 0.5285596696230069 0.5087342163921987 0.4822213639183988 0.46863243995209203 0.5284103477826771 0.4814068792074865 0.47874149874106015 0.5149192807740637 0.5346881262099532 0.505827565453873 0.5190736017396097 0.4645856609800036 0.4125728576516736 0.44048138667647024 0.5107609206236672 0.47876310766126434 0.4807624395620374 0.4659876197469404 0.4887107925683589 0.4837553273815753 0.4810698032711692 0.4584469340212651 0.4476702132883849 0.4360845133176332 0.39584726960792654 0.43407985200920884 0.4545555060144991 0.45557681053933197 0.4858078469679039 0.4536684652161905 0.5098909020493724 0.5040740357326203 0.5791667679921133 0.5384058598068051 0.5600609562134514 0.5779361374114036 0.5512530153896801 0.540147232411727
0.3912204607452722 0.3791976359110689 0.4066018544372324 0.3906675668780805 0.4416307708376278 0.4635749953389072 0.461637496541948 0.45675035235044686 0.45736596084611364 0.44986091323809324 0.47868271510262106 0.44772221293048714 0.4713000269409866 0.4400008760344124 0.46800104676909804 0.44697991712073376 0.4411720045860387 0.41963233908863845 0.4470368742075968 0.48306994315949875 0.45170986511830635 0.437734660497582 0.4594330563649053 0.47343576062873755 0.4773571658469454 0.4946847725689267 0.45302492087054097 0.43317742361015715 0.4011881428596026 0.39293521873153386 0.4226788410990414 0.45926921886894106 0.5048732786874881 0.4827814039027297 0.48160593940779756 0.5230389927851797 0.52894682823206 0.543800189754402 0.5526942120366964 0.6016077108597421 0.5600317824672121 0.5497570148889069 0.594021481672715
0.39251713569108443 0.33796889608627484 0.3772853322225821 0.37194625276203613 0.3883619485311479 0.42683281046839694 0.4463155050953553 0.4122085102399727 0.39013821567374873 0.4282912146656908 0.4143006216654654 0.4354045550364883 0.41281911799140575 0.4048484323829442 0.4644758750157277 0.4560316587855013 0.42606077618554433 0.40632810632892813 0.4045713269528301 0.4643391736083306 0.42012162819319 0.4240154587517882 0.46808682905012633 0.5162546970756297 0.47008957193288775 0.4683398386246247 0.4565173568678967 0.4154383568976901 0.40671736259348706 0.46206113666300735 0.41227052061189123 0.46588781330498863 0.47184316497218753 0.5052368676420638 0.4670432114498586 0.49627655941147486 0.5348627927261408 0.5289105382832778 0.5456457642781922 0.6204108012182117 0.5927737985151578 0.5782617995191591 0.5735582502283584
0.3590306625519287 0.3307264748737999 0.39264631033379865 0.38300224797267113 0.3785260248860072 0.40456385441297477 0.42038914776233083 0.3978761240231141 0.3892704486789633 0.38767621629293125 0.41182950250656647 0.40118000160148165 0.383593643440921 0.39847036202106856 0.40442886853397475 0.4142588293788194 0.43436917609102227 0.4420164328169726 0.4281351473790886 0.45439900309528364 0.44326908803839943 0.43125449818129075 0.46605569040419004 0.4534315715579428 0.4505291229564906 0.4455665212229803 0.44940970190352497 0.4080493540987258 0.40341807840640415 0.3784363548754134 0.3938006421924938 0.40531716044706223 0.45054850457426393 0.46301955393361965 0.4775018785293526 0.5075941925411601 0.5179253033861801 0.5278336268647599 0.5624540472036667 0.5959270766628746 0.6405148495764614 0.6201040053608293 0.6261312885699718
0.35378269605639245 0.3565351223876033 0.4039868791025951 0.3757808015655886 0.37137105737436144 0.38870136034493075 0.45176748747361506 0.41321186944710053 0.35855400874839677 0.36414705013949916 0.4272033308766476 0.4096338819635987 0.39909805198541165 0.3887399546959445 0.4280205558852362 0.40036136988293913 0.43479353552524197 0.4368591909470688 0.4081346631254958 0.39677503268872827 0.41226473324816876 0.41892514923317464 0.45380964749322567 0.44952257405689333 0.4849087006979893 0.4842318570725473 0.45037975949571407 0.3972616740873294 0.40751714250252 0.3740173536005549 0.36975347737362874 0.4026104526154406 0.4065828183981282 0.4156798566451394 0.4807434738482524 0.5405318695661454 0.5772904367012038 0.5716491369238879 0.6192456774989191 0.6453167509965668 0.6480060045314789 0.6327519213143342 0.6424930243681968
0.36748714139615424 0.361309762363549 0.3764348097458605 0.40904952264381156 0.40615084927597156 0.4173670656324959 0.4747270334043886 0.45703742878602405 0.39522782931564887 0.37324948232562444 0.4000716493472692 0.463421045236127 0.4721794225051038 0.4790797344231921 0.46541244140609844 0.46638712336680654 0.482778125453676 0.47459068494587453 0.4549669025511134 0.4109566304234099 0.4306942662263305 0.4950235105923482 0.5143858703082019 0.5275157273260284 0.47618892594020173 0.48415559109076356 0.47367152031697407 0.4238764129822861 0.45165811272827283 0.4111755374216381 0.3943535439627244 0.38797626641194155 0.4141189983485072 0.4149936447644948 0.48699705720846787 0.539254179179732 0.5798262185783758 0.6018872191423684 0.6315591331412851 0.626627818232942 0.6416536017255478 0.6511341523937916 0.6936475562497306
0.4082048142643467 0.45899812823958513 0.41094947024523953 0.43743704371017383 0.47632494636131134 0.49213993448575355 0.5257849310325932 0.5042985764425213 0.4362105204407679 0.4233229212182626 0.42915576562453384 0.5054301478469079 0.5261239538322681 0.5318785064454111 0.5165164767528025 0.48158622348788693 0.4758967166254481 0.5146513367932766 0.5131533034401627 0.44681305736576044 0.44589719397855637 0.5181675950793381 0.5025045941531008 0.5400683345859356 0.5314387248081895 0.4858715661676864 0.46626847395640764 0.4943778166499334 0.4706950407036158 0.47027787553524986 0.43045290621854 0.3678826500551391 0.41147411940096684 0.3939782995119976 0.4894098121546084 0.5535643240568786 0.5608335381213062 0.5498422916172826 0.6259238020803192 0.6650999102454973 0.6466827445847306 0.6442811980183907 0.7282326941990805
0.45659399863128985 0.48709891359327895 0.49373313201707586 0.4613764831668124 0.4933169532734038 0.5331261541547382 0.5242290984536124 0.5226460113910075 0.5043252974788488 0.45884149920207123 0.49816949693138296 0.500915039061974 0.5379965376911915 0.5488961151489431 0.5488665840646798 0.5685178532729352 0.5369432532233244 0.5081157749948529 0.5157098275598344 0.4808407876202377 0.47263617346577913 0.48894099420942644 0.527011840254492 0.5431874352700088 0.562393438856242 0.5165056571706235 0.4940603064348984 0.4647290015887781 0.45990134534337074 0.4868419528843645 0.4734177736616048 0.4700029678698426 0.44687838480450637 0.471240213864715 0.5062032992904929 0.53303297391537 0.5509608564299091 0.561635334476237 0.6095283169474897 0.6263580693148151 0.6691782515902995 0.6880566473377988 0.6961572895376458
0.4525863432543341 0.49593260370024494 0.48788004432633736 0.5245795119189235 0.5449894166890173 0.5630145265480058 0.5201626290506474 0.5267596000277003 0.5309338355252533 0.4913367948626527 0.49893390062357107 0.5113334756556801 0.5843935832967887 0.5884032558177146 0.5911536684435871 0.5841512838703096 0.5600591663719123 0.5537495830402445 0.4925408295990351 0.49499171259909597 0.5093116183183282 0.5329510579945687 0.5419183476770497 0.5755527933284995 0.5533500015054168 0.5406727646775651 0.49257161719925063 0.49515741043408823 0.48218161710933843 0.4557064065707512 0.4580497593223197 0.5016804534939631 0.4373003134444418 0.4453509766088171 0.5055624965270394 0.5381736157083215 0.5443809480216137 0.609233688014799 0.6585457871094479 0.6784782543064869 0.6835112244254834 0.7073803255134568 0.7618180073850966
0.45623808626269235 0.4664408543279574 0.5238395367859214 0.5515588403093103 0.5617755020484926 0.5791588950949059 0.5668512459174364 0.5354646280928145 0.5532542736079158 0.5480178717625257 0.5658997485435096 0.5657188883944778 0.5722874759546701 0.5747526574562594 0.6283566995951597 0.6418016195799711 0.6195509535912974 0.5985756552995765 0.526868812194208 0.5459620459470859 0.502627590666101 0.5168841825648474 0.555991869860436 0.560103865830763 0.570443607423793 0.5510933017166862 0.4711108748083946 0.438457207446197 0.4675235712414674 0.5053120257099115 0.47660710792413796 0.5164173578203896 0.4823376611182231 0.48757801985778326 0.5080120673045383 0.5769908289121339 0.588852887969432 0.6411823481887262 0.6700611886219239 0.6801485190046795 0.6556506445534314 0.7033136842262486 0.729572328682289
0.4435560427176899 0.4395541074600353 0.5151548130746101 0.5669216140442416 0.584529652269589 0.5841995283957577 0.5865138923051405 0.583443885018126 0.5396609805218163 0.5488686692669549 0.5664688003068786 0.5987129037196771 0.6145481729472976 0.6138298670087878 0.6049410258840074 0.6189398334050521 0.6289884806073615 0.6057642730215407 0.5757273257058425 0.5347766438457711 0.5567276160748544 0.569404050965168 0.5760926643968892 0.5473543809898923 0.5411494403371173 0.5074992324725972 0.4769137667512982 0.45168524265047916 0.5093293738099803 0.5075340108877449 0.5401339984831319 0.5256485408928318 0.5039761360472209 0.5243351568272301 0.5982784868267741 0.6299519152192404 0.6275938811515246 0.615921603843714 0.6403548041129323 0.6568356046435653 0.6358426185421583 0.6571265827349492 0.6950549167096385
0.44663386791785953 0.4818911376380658 0.4988352079074661 0.5391786637597554 0.5426869240733067 0.5467054949613398 0.570203223626995 0.6047805181945832 0.5908926881098494 0.5954797619405964 0.5968724513015812 0.5793034772417202 0.5980445131515871 0.588943704442722 0.6291859181788133 0.6211811597724199 0.637600125274445 0.654838477998464 0.6175696483026423 0.6250957880610452 0.6111025199536065 0.5523765110847224 0.5519235013840903 0.487728598572375 0.4865823526781101 0.473559773927256 0.5076644573557261 0.4883647855482036 0.4966013487175442 0.517241426608222 0.5294660929039381 0.5565351296818696 0.5470520971635835 0.5754422521044114 0.6304589445302571 0.6356315177580161 0.6456197164895581 0.6097644338518186 0.6169373338858427 0.6258130967021139 0.665587307466049 0.6259062682937848 0.6676210636767415
0.45138750007390754 0.414393668762917 0.46385814242431694 0.560034368066513 0.5295502585130176 0.5910972065880803 0.6061728910587484 0.5878849160066448 0.5918811687886861 0.5934080688688744 0.5651887109930587 0.5474670406093171 0.5939133753744346 0.5532247411371847 0.5956367841846012 0.6322111092877616 0.6578612145538401 0.6323475195067999 0.5939211805404699 0.6196839204179844 0.6105488058744906 0.6073703310475249 0.5632143329913866 0.4899332990314341 0.4714988107179507 0.5020068411669026 0.5192069542881412 0.5360273459504197 0.5209247835402484 0.5267606667225821 0.5746736041046162 0.5919980640748929 0.5775488872718524 0.6282394787644446 0.659672328520951 0.6243058009962118 0.6378834411405198 0.6434786253894198 0.6698430888032381 0.6519469436551034 0.6472322880436892 0.6363283048260145 0.6781894253025063
