Raster_benchmarking/DGGS/continuous/raster-48.asc
NCOLS 100
NROWS 100
XLLCORNER 1743151.3662134456
YLLCORNER 5469288.272439094
CELLSIZE 10
NODATA_VALUE -9999
[rows 76 to 94 of 100, columns 43 to 85 of 100]
0.6120639745738615 0.6177846853163611 0.588346459995933 0.5768347659897788 0.5581145464735732 0.5591933869953064 0.553885888632425 0.5214192109768182 0.49801215417840905 0.43059259647978965 0.3834222205139107 0.36158998306535384 0.3156838097754866 0.32164033824404814 0.2943525026367728 0.30661853528264904 0.28335175711039684 0.24413215132225605 0.2460178484001896 0.2872114213066552 0.24774614599548944 0.24744981517392117 0.2318738063085473 0.26280545015006035 0.26880228771218195 0.2657852046613421 0.2979621280363296 0.3146802050322779 0.345634165717185 0.38473897945785157 0.4351048254018891 0.43827536954965146 0.5043612251484829 0.4557369462766172 0.4951332539966805 0.490211917197117 0.5017019112119404 0.519111206363354 0.47583020453260366 0.4829021045679308 0.49117612218893203 0.4938651557736679 0.4933207120216543
0.6190465815135179 0.5842744096907968 0.5591201056293625 0.5091995471585097 0.48238076298829485 0.480840331219267 0.4761981039562701 0.46226409525653334 0.4707525022683217 0.4486288070254053 0.37631427205354073 0.3450352630619017 0.3525663630148391 0.36374477701016594 0.3263116729654196 0.3061626696466756 0.27442143270203245 0.23045483847619616 0.25310424744501386 0.2758368591465712 0.29913369061744693 0.25861155638159694 0.21953914023675428 0.2750778386787281 0.25544559318413124 0.2626412244209686 0.23670590837182165 0.27460949108705357 0.3254659138059219 0.34107086027463357 0.40100386637035057 0.41762213224036265 0.49038349223356353 0.43028025611161586 0.42154069711561715 0.4704364737748119 0.48147494614562647 0.4754824886056387 0.4455834249812114 0.42773415737213866 0.44683345310325806 0.4446870225353385 0.4525042138035756
0.5759920241967292 0.5213256747560319 0.48385132853290397 0.4516004191928961 0.43816244995453846 0.45850034140775964 0.48840430019437353 0.45874202960022964 0.46368044112883855 0.4266961031816602 0.35214456545869344 0.3648961593647598 0.3333358087219427 0.3340869570187188 0.31795396473646176 0.2905144806323997 0.31104325245305814 0.2747336069917441 0.27692742700762285 0.277796802366204 0.26358464256436726 0.23066570555089402 0.21879592735875775 0.24316266963220376 0.21280599763910155 0.2460742238449216 0.28400444679512876 0.2978770157672338 0.35612428397013407 0.3632890044435867 0.4029352796697856 0.4171486253133416 0.44925010002562477 0.3949464897139249 0.42452688764470414 0.4281758688103448 0.4411070726538898 0.41389567708159575 0.4298320484982334 0.4475424590294411 0.41069364560887067 0.4088266349946617 0.41764833608936375
0.5224167935430959 0.5275790693104052 0.46798588647853623 0.44227276856737474 0.4087919569673455 0.4420446664748803 0.45990556369911895 0.458472537669865 0.4039790441790412 0.40848604654523113 0.3481400017556685 0.33718960735283904 0.3683413250731637 0.35875109915380915 0.3344321849096889 0.3269445813000456 0.31033995674055675 0.27584485646749596 0.26451412885570996 0.24379585823125025 0.22454832759078122 0.21338276918389798 0.20966605297257393 0.19265984868185912 0.21371711235244065 0.2535758357433257 0.2312944787089263 0.29263622475111645 0.3528327226474115 0.36144177154085844 0.4047359086528017 0.37419950827267007 0.39904252415178454 0.3984027057237909 0.39433567865329494 0.38919132932789596 0.3983621919940391 0.3966908272116884 0.4388260878066592 0.43290421013431746 0.3762202530219315 0.40287084924151517 0.3626089365481096
0.4594456945051446 0.4949789065988791 0.4386618296131188 0.4371922277669098 0.4090058261035725 0.4091238754936 0.43251545281908166 0.4367526084592779 0.40065031146170965 0.35615197309189317 0.36120728848703143 0.3708385886986638 0.4003594212455659 0.35763401686712454 0.29699146149824585 0.297585959334357 0.2881568204051904 0.2313812610429048 0.24088701993374742 0.21114256218955588 0.1678022389582624 0.2053146094224352 0.20034547411178202 0.204237851702399 0.24346820926889395 0.21398719413805187 0.25496920370408943 0.2733798134091502 0.284226486206965 0.3119130844386932 0.34158425889443966 0.3473912939622614 0.3500527334799614 0.37711620807178003 0.3673105773254552 0.38543423012599204 0.4442441541289258 0.44979593202259915 0.391731053702023 0.4003970534256602 0.36119931963381596 0.3711035500131546 0.37855105511594
0.4236603422947008 0.4588415424895108 0.45986086506950086 0.4093013528153841 0.3824312419501012 0.40010027759384775 0.4364582450646152 0.4138076017313553 0.3672603033776047 0.3658065362358417 0.41445046453675427 0.4058605619187732 0.4023797417812464 0.3361272608503305 0.32541035697597337 0.31583933170618217 0.25199060598723677 0.22494071907345323 0.21926917899346507 0.17571267818145786 0.1568747361776181 0.15325321693865335 0.17634209715831953 0.18084051368880577 0.22115521348974157 0.2158727891400312 0.23149228377710737 0.2294548752144449 0.2524267118898394 0.3065067131515343 0.2944579281691436 0.3032999441650787 0.3460267909463453 0.3641606330188487 0.3954380444182664 0.4314696182910353 0.46734774007710417 0.4028447721263097 0.3816739713332986 0.3867517520033003 0.40598264538084594 0.37654035883481646 0.4013120739143101
0.3825757498884626 0.418089793395277 0.4215843832325025 0.4045812768608475 0.3718890444462992 0.37178961158051477 0.35738904619406814 0.3645548283409482 0.3483427180096934 0.392268966142412 0.40533769685883 0.4036028315308003 0.38934623228440035 0.36094367568826036 0.35438181670067953 0.26922752657266136 0.23184699651904386 0.19116592778279046 0.1742440328530349 0.20041112213886236 0.17502288920623404 0.19232675830037718 0.20146234975219318 0.23355421438450702 0.20337146885501642 0.19861794778825326 0.18904863368211158 0.2351075999485528 0.2376743508582755 0.2831958627375365 0.273680238726509 0.3082767107634275 0.3433454006374161 0.3745998190596968 0.3788529080609152 0.4334485524176756 0.44667285724550587 0.4247979151658174 0.42046600475121604 0.3984008206902028 0.4080712828089307 0.405100317439304 0.3453632965841004
0.2944541358691157 0.3223655626353928 0.37461232999167815 0.36028922577421096 0.3264064461133321 0.3681692351480355 0.3542681224131981 0.36787743597762274 0.3496857257304099 0.3388754064973148 0.32392542511698286 0.3780675360038309 0.3962186403924544 0.34563480288176934 0.3465032535889911 0.2551343493210819 0.21156984402215068 0.15214796278595022 0.16070262595869175 0.17685768371167168 0.1438440946163883 0.20014877925408045 0.2088750702171774 0.20663514065580213 0.20542870128859728 0.20846547426663464 0.1907169716155848 0.2387912672117556 0.22049363688831813 0.23033531954085457 0.2847193497729682 0.32097673782569563 0.31568894864166513 0.36679992300596576 0.4139465033461549 0.3921242782520339 0.4252634080852647 0.37650197246639516 0.3900274297442686 0.39688893991920426 0.4071110591892952 0.41726530902528963 0.35491607215567816
0.298258259137556 0.28991721007828697 0.3574713170630558 0.3266173212194171 0.3011300183726638 0.3252814594753276 0.3503919547601843 0.3450687485788516 0.3435663577572416 0.36153876970389115 0.3640514714246663 0.34009760916226783 0.34397435110663377 0.34920702700826445 0.3325095407519272 0.24936367913299654 0.1872220205460874 0.17000120153635528 0.19313155202299365 0.2040905084412831 0.18986530206303306 0.21053263744747994 0.2093096342664946 0.21223332920525606 0.243525899549102 0.249357147220307 0.26061344290401517 0.24005338409877516 0.22578149009259257 0.236219631331271 0.2680791774251723 0.2946404614356484 0.31417542473300264 0.35156450866116273 0.3667566350319726 0.39802279672306606 0.39967372672559404 0.39213738831674055 0.3482750128864429 0.3327627145770948 0.37394735915790345 0.37310778260478294 0.37825583498326126
0.2660897733757547 0.31050579521758237 0.3462414916102246 0.2819113348399778 0.27761239277335087 0.30099908501893263 0.30501848740437526 0.3618517814757942 0.3635515062640107 0.3368908548133471 0.3033841209805952 0.33955517500135396 0.32848887427275203 0.33070084393503035 0.27640835149223597 0.26092101129234174 0.2179434679076632 0.19817574361469817 0.1824547654889947 0.2041539289451416 0.22595270547599985 0.20215474579455947 0.23430182518369583 0.26328770975566224 0.2701832170596469 0.24415440229920016 0.24614541007581348 0.20985095031196824 0.19817952864402938 0.2033183647111466 0.23781719028561105 0.23855094403057678 0.2586312076225557 0.32122151100584684 0.33689907959019266 0.3721470308131249 0.381232098243592 0.33985381098679096 0.3100270128610275 0.32177817962740957 0.3349058909415263 0.3479559136102173 0.3540428693471541
0.23451405168676914 0.2941189175772357 0.31657054589291345 0.2896911382370091 0.2810722577580911 0.29699023182767526 0.26275532155121717 0.3117614053502419 0.332312565786391 0.3207386358895732 0.3181421759645071 0.3079339530107707 0.3149592392072778 0.24399032241074436 0.2462411320188959 0.2238088632693845 0.19823052578872177 0.19754228488086784 0.17854857378536268 0.20588667168147112 0.2075463252095686 0.2586214182357271 0.25882745326598783 0.27713902920759204 0.2579243302331079 0.2340180446916271 0.22090891088003564 0.21268508012044116 0.218120937385408 0.22073048155305694 0.23639155766903958 0.2884056011127301 0.31087788328188315 0.3220301676338472 0.33968069905709647 0.39247475988776814 0.3776246101859084 0.33674069472048906 0.30158218556969724 0.33465505691140046 0.3427794534804403 0.3504732522789714 0.3456426028827019
0.1985865031171256 0.2815560998367709 0.2983131634875115 0.31386906667797404 0.2918267673518961 0.24546565063151218 0.2260829198765324 0.2951973089794845 0.30511807615557396 0.30389745840068655 0.2427995034018221 0.2751994191284649 0.253044955697572 0.23917880173313577 0.234241639152158 0.2142580198025919 0.2389652134668752 0.17869093601310107 0.19430710232544604 0.19959313334184486 0.2629225878779396 0.22244196237847405 0.24804840195091818 0.2350625911596366 0.23103503547235388 0.22839037137073115 0.275877099073541 0.2235745237706393 0.21687686618686502 0.21737278064931462 0.22558182465848367 0.2565642016465046 0.3159583532573803 0.36005149510277923 0.37934240576153205 0.423342440652532 0.40893078553911605 0.3693584936954892 0.3357309335577388 0.3211919647411503 0.35662251029685654 0.33361486972988674 0.30868915450395756
0.19740336263884103 0.21910228069322377 0.23977436041259131 0.27792827238519674 0.2808918855542989 0.2775172343479649 0.25662873522554963 0.248192238392176 0.24793752506475933 0.2677095763537199 0.23593676085733836 0.26921089653257324 0.2813107107873792 0.24249687633690215 0.24404079807915838 0.26230875185051583 0.19688001771428706 0.20878161663693476 0.21651321978800558 0.18915698390842423 0.19851737592882562 0.2083285976437376 0.21779990199740726 0.20881199256503402 0.2678355546269982 0.22872011655144567 0.21671883046459178 0.22153135135274732 0.20288128460386748 0.24142371121543238 0.28952263643270815 0.279156375148051 0.3324541309606702 0.35677815343315145 0.3975346433294362 0.4213394327663083 0.4227088018697617 0.3999775484311398 0.3681393485890494 0.35853306385313144 0.33054117869104666 0.30517487796593984 0.3015175230424441
0.2186652749850482 0.24644038468187068 0.22084941617524517 0.27877714194396613 0.25413682834202667 0.2981288089081494 0.2626294852780422 0.24809155323917245 0.20947824992939718 0.24866055510791454 0.247431859683166 0.27772817058922866 0.2850696423871357 0.29778202376249524 0.27813589462936134 0.2268222706518524 0.1813113895866285 0.18363027702820287 0.16583558957028835 0.17300703102991327 0.2061534857522896 0.217194694588033 0.18932157576618167 0.21084200032669412 0.28625184480835825 0.2697687899581565 0.21220203798837586 0.2071401483743864 0.18085730420208926 0.2293202640728374 0.29682170234085553 0.29025698792896415 0.34832895504136413 0.3615109033944076 0.3855257901419103 0.4262827478682767 0.4468515082436628 0.4220619978029923 0.3699089449123305 0.34189556086018746 0.28094728795670615 0.2978467052427675 0.2441182112588742
0.28105008942751236 0.24699883867462932 0.23142095177187283 0.23422399795274587 0.22595230115920636 0.27597623681520744 0.2657807525672701 0.22390164112937203 0.21671727177205236 0.28580522141690634 0.26009968916254544 0.30979750168632314 0.3386948232825116 0.3049323709844983 0.2954359627156781 0.24852327841408048 0.24319189964756624 0.2135476492409112 0.20893268309896693 0.21387199110969016 0.25649219518743965 0.24899552465312777 0.21539898475453087 0.2708957209534197 0.269884299011675 0.28003232335717454 0.2582595779561441 0.2348784203872701 0.23042541615548182 0.20102303440506084 0.22474022541889307 0.27013642604245414 0.336254032023229 0.3210364702622861 0.3725717190399917 0.3954061420151439 0.39116244438576003 0.41400161238459515 0.37381943309960375 0.32982521213939753 0.34048595742257 0.2949089743278106 0.29982657130688445
0.3050339459888783 0.2649891125418248 0.3251535773497823 0.31369523179662484 0.25422878293024126 0.29689822149948536 0.2858760598479269 0.25373156415389964 0.26477996387443736 0.30472321767444943 0.3112318026137133 0.34089643634667455 0.33231135939278084 0.3415385221280661 0.3117241456666327 0.2885270398804193 0.23238563916745753 0.2321455130339145 0.2188503877826533 0.2055603259748709 0.27334362898477127 0.22000762313700112 0.21876908332015035 0.2617915541656231 0.32020564692387493 0.27926731917678793 0.310777615466465 0.24220149362044371 0.2167255941241376 0.20455736848155504 0.2356717079184764 0.28991986719231094 0.29290941939857623 0.33106777273808174 0.33343808229181426 0.40406482355195705 0.4099736834697403 0.413400551159491 0.3732649330199298 0.33678962545937735 0.36198728777126327 0.2967580129098967 0.3112251431126203
0.3197290344981509 0.29920680360161417 0.31848259113593147 0.3121294085829651 0.2567775792606319 0.28667071519867926 0.29663698479998846 0.27523282692420514 0.2985890707022381 0.3420521652708369 0.33793070773538086 0.3294115079985447 0.34396128849427826 0.3508466714379909 0.27507928403675125 0.259434514513839 0.271763483628572 0.24193793952940115 0.23955550178266946 0.23865022043103248 0.23570361310796617 0.2666146091864484 0.28602710820502475 0.2668502779454561 0.3259008241208262 0.3287087426351791 0.3148625155452584 0.24816319705131673 0.25723550606887663 0.2768712245163397 0.30319812101388627 0.30295105395460065 0.32111112742877607 0.3046360285435655 0.32688605396167386 0.39314461101194803 0.3936950303840292 0.4211366709716996 0.4233441045290081 0.404402493685482 0.3731141856230242 0.32763805934288387 0.33073875786616536
0.3203379795216966 0.29293574087564167 0.3336754058204367 0.30107347394993816 0.2949524138604277 0.29742808090460765 0.3239719819437194 0.28414046975116103 0.3001721786901139 0.31271456516785145 0.38253904757349394 0.3877533775714458 0.364122016988498 0.3510666422720566 0.28471805892706914 0.2717328423267632 0.27500017024401946 0.24278554882725165 0.285105021671282 0.2589897324196638 0.24143182183096132 0.259287223774427 0.3023224750669874 0.295581858393689 0.3043619490941397 0.34337755166297396 0.2839697302722996 0.24229770098522133 0.27591067113410855 0.311297689037374 0.3115334928689089 0.31334863094561693 0.2923022877875013 0.3347545215020024 0.3691120854705686 0.3956233955165631 0.396681499513017 0.3825689715893268 0.4295194378410612 0.4378476650030694 0.4211317061135279 0.37264160677123215 0.3385953946552382
0.2799295811145533 0.27517664129854263 0.2805970875172915 0.3052328568738357 0.30649705505492597 0.2956481548155235 0.27702666443328494 0.30929932596322923 0.29122319264418306 0.3299927569831872 0.3782065195833513 0.37277376100810145 0.38761918947588536 0.3695004347674788 0.3054235794460467 0.3090416719778588 0.27389204867371525 0.2567228310699211 0.2695187656874207 0.2703590979406261 0.2984029966890574 0.31306245488393597 0.3323894313212062 0.35293365839303376 0.3756317303653629 0.3444514010734809 0.32081868944697506 0.28976319628491143 0.276029295148624 0.2928662796992935 0.29359584778573433 0.2881969982340183 0.2733915259338701 0.31660633109975145 0.385435631141792 0.4101616995412823 0.4020194145078369 0.3948868298591285 0.39373041055297653 0.39084467886007085 0.3566327019352229 0.35348888478218776 0.31139086678414185
