Raster_benchmarking/DGGS/continuous/raster-450.asc
NCOLS 100
NROWS 100
XLLCORNER 1743158.1576656152
YLLCORNER 5469282.975769271
CELLSIZE 10
NODATA_VALUE -9999
[rows 0 to 18 of 100, columns 42 to 83 of 100]
0.7941018099174896 0.8065278123415816 0.846968534187974 0.8638024848842589 0.8666288473658326 0.88083848053941 0.8533201242121022 0.8871821460371532 0.893676436769261 0.8978188893507745 0.9217322518568724 0.9399630323614754 1.0 0.9394992923761933 0.9196989977760038 0.8904557164300135 0.8712874460925866 0.8622382140888535 0.865051586931523 0.8644240236938808 0.8460532336885165 0.8482865832735135 0.8054087002476427 0.7884938746750714 0.7347948233761299 0.7327733914255128 0.7381459407654009 0.7523366299320756 0.7715307905118344 0.7583887273173407 0.7875847810260702 0.7923752232000222 0.8126436315165942 0.8092283989216839 0.7681501921050646 0.7354337677892726 0.7081033583317498 0.704949354958084 0.6910956448616009 0.7342204463635189 0.7428584442194256 0.7056603196171711
0.7907841584197112 0.813579126615226 0.8195113420712936 0.812905262051916 0.8414319205656983 0.8445676445445025 0.8276063139270745 0.862936290220211 0.8821548140309456 0.8940243534376381 0.9194109387295399 0.9432246466814928 0.9704124881149416 0.917590053503487 0.877635692841597 0.8657331287531448 0.8327516469029659 0.8436615067226667 0.8557846281398953 0.8253281754437048 0.8226834912892015 0.8151015548845616 0.8018407588222798 0.7904365593399435 0.7452190615717845 0.7227177190033318 0.7366107780618817 0.73093823985896 0.7615639380487702 0.7892465747521578 0.7490119453804642 0.7479908883342976 0.7531865398248737 0.7827078912565109 0.7586465132350397 0.737790844569822 0.7132958229889169 0.7041605780947126 0.6912048849215818 0.710551740514605 0.7254986570208918 0.7331566369305969
0.7865775371890054 0.804979688942534 0.7827669028085055 0.8196676482904004 0.7835299167992585 0.8298357358037172 0.8289101863524273 0.8278047112569168 0.8497541188258642 0.8898447925671095 0.9275763776757548 0.9190481777857893 0.9433402177679265 0.90789892318364 0.8702004145966412 0.8786806791189644 0.8432826767069553 0.8283023040814788 0.8356857006611461 0.8106106145901952 0.7901930409765558 0.7741496760753964 0.8061055100584241 0.7887039315591782 0.7494491026617783 0.7340163616953153 0.7143871726295936 0.7547112231504188 0.7720388872556436 0.751061092583518 0.742929417597849 0.7596862306826314 0.7358648925440184 0.7293539693169513 0.7419958874392966 0.7603491927633466 0.7487690415093005 0.7453022129014356 0.7235366748812295 0.71327110666965 0.750841966233103 0.7042576883067062
0.744937539626414 0.7482854032922495 0.7671584120714428 0.8044909207732717 0.7792034892263683 0.796993841620127 0.8175859569640829 0.8107204724281636 0.8593088576581472 0.8521268315313161 0.9004941365620994 0.902421729897218 0.8897289721710505 0.8941581624324013 0.8885303025563308 0.8602406387614374 0.853209805190223 0.817506858519713 0.8067033227055238 0.8321042070005231 0.8217121208147735 0.7764122807399223 0.7790559422144916 0.7525437633195866 0.7338514610722424 0.7338216555527575 0.7504612577819781 0.7287619349381798 0.7638532007428896 0.7435098225791432 0.7464502091995001 0.7488508985117266 0.760654336178968 0.7405687331256154 0.7305304086854472 0.7450183449530774 0.7437214973636548 0.7320514223907119 0.7180629936769855 0.748260957720669 0.7097236492321644 0.6965711625429065
0.7114569447795387 0.7569870595659058 0.8027568148587073 0.8125396449681477 0.8138933839047927 0.7806121097092152 0.789536180043303 0.829730525632357 0.8430306894383249 0.8728979413957704 0.8713859478493283 0.8715858051953158 0.8987012169487353 0.8443498814466336 0.8418936797916097 0.8266977354181395 0.8130116076819149 0.7974137607180861 0.8371280163643875 0.8295529796416359 0.818390506376961 0.7497407626110875 0.7129952018892695 0.7300196337279056 0.7149827671765534 0.7427765892947996 0.7313956956844383 0.7364293073378269 0.72962157806016 0.7443121902041424 0.7578890932825693 0.7458610726486755 0.75001323262007 0.729035900109158 0.6922767793344557 0.7021241057221121 0.7048404441172049 0.732609432867532 0.7231292893593633 0.721871950840459 0.7070418354648917 0.7050158785336375
0.7559271775154703 0.7482064896610284 0.8160607915089932 0.8282928462610257 0.8421020879063729 0.8164687528407747 0.7980272479689067 0.8046031107374776 0.8550892730194279 0.8711048281175872 0.8490483386343454 0.8637949395100756 0.8510153135613046 0.827945656441994 0.8260757377374663 0.8357265085350286 0.8054030890630536 0.7970727628086423 0.8019891323785554 0.7962453433765784 0.7462931472367906 0.7174193518354984 0.6926221449222957 0.697373725216776 0.6695528583180331 0.6942388389204195 0.703346009865907 0.7225210770949634 0.7431443878050844 0.7222974948317157 0.7431303186499137 0.7183219340163667 0.7130711831188623 0.7315557616931564 0.6829842108386157 0.694173369308298 0.704762587767666 0.7004958951600437 0.6818462504806311 0.68085327978572 0.7110074632662277 0.6966396829139887
0.7426867799965785 0.7526488661716417 0.7947002395546564 0.8006118500788423 0.8228661575588496 0.8135049180418477 0.7907697780590884 0.8341005458020243 0.8438058538897808 0.8606097391797369 0.8459271293554183 0.8360277745503452 0.8201178324145652 0.8436048098360001 0.8389812452096926 0.7931154399078792 0.802114792105537 0.7628677481276996 0.7726419036658152 0.7593674113654424 0.7453242477449858 0.7176904618356572 0.6652023982146633 0.6615852004811474 0.6400415442735266 0.6467620388081341 0.6475993959974278 0.675962417131889 0.7240785039451674 0.7248770821590691 0.7017614575701081 0.733548030331838 0.7391223956805879 0.721931837166542 0.6944584241786546 0.7045129007635453 0.6754759013444562 0.66667320120929 0.6907834341897197 0.6769210696527814 0.6770207962674799 0.688010526708577
0.7016820375185738 0.7193875808762177 0.7703718889214873 0.7878662142667057 0.8142940489000372 0.8102757277878986 0.812783937203021 0.8381829761922102 0.8228125184511457 0.8407022269847746 0.8143951360621186 0.8112690806408108 0.8020703190228798 0.8298367036836631 0.8027060357501866 0.7761379584355104 0.7699402106391687 0.7584791971359109 0.7517224548473257 0.7112059955972522 0.6846244221077552 0.6733848342071259 0.6633155030797568 0.6530557029028611 0.6510999272126645 0.6146147482506434 0.6351963409853763 0.6860283001162182 0.7215748126612594 0.7192348129916281 0.7297568964972421 0.7178573029857638 0.6976353740873665 0.6857649181548566 0.6801720764262115 0.6580413967966228 0.6364879403876477 0.6569796270411928 0.648067669820666 0.6568651240050343 0.6480187716563608 0.6507019495278712
0.675929508355644 0.7209253470115304 0.7283168534176759 0.7956868460990508 0.8175600107518652 0.8135900048669303 0.8308918346177135 0.81184269333421 0.8091934692850208 0.813825401411619 0.8368315903132846 0.8030088103235247 0.7929017373129218 0.7889262317636354 0.7734162814219424 0.7551006195273987 0.7764319812041346 0.7376705433376677 0.7182189945001534 0.6853883362688028 0.6432520720237417 0.6329672470175386 0.6288699639972658 0.6568765276114032 0.6172045085271635 0.6267961553686302 0.649142567909305 0.683956496881435 0.6786681788670674 0.7072761278533116 0.6886814417921004 0.6840295200297735 0.7057871439824493 0.6816457614274611 0.6526429821996657 0.6012343863204248 0.5697671813267313 0.6214331210543924 0.6087797650396728 0.665551699124001 0.6801064085665781 0.6787721069893997
0.6840182319305735 0.6779199894336789 0.7186173797576377 0.7788425490886974 0.8076560971202701 0.8042010293140682 0.7814873814400344 0.8039130870344429 0.7881321500748691 0.7947086892883581 0.8152603072337536 0.7847521676091015 0.7697036632487335 0.7577044514822147 0.7799637019586396 0.7646791382247196 0.7407873221792195 0.7373729914343421 0.7181425095728678 0.693189103343374 0.6340591712719861 0.6057783438200401 0.6081002308413554 0.64006955620062 0.659051666489804 0.6363797301562668 0.6743044216257539 0.6787354175363878 0.6930769100030237 0.6860242866707162 0.6962829142719593 0.6754049886391983 0.6709608668367105 0.6789563274216613 0.6399665362597631 0.5937464534971089 0.6195858695297303 0.610924309797374 0.6118052795890889 0.6401489478463736 0.6538467854613764 0.6492268947426291
0.6537071335603897 0.669554750924967 0.7366648505091078 0.7628161611361163 0.7923994138337875 0.801660946278644 0.7571795448850235 0.757594683302333 0.7674693110142582 0.8051274830000547 0.8109977919922835 0.8107011901712466 0.7920087736105462 0.7828325138354445 0.7676227327350607 0.7313082311026896 0.7150357209347553 0.7350621070963478 0.7226334432071155 0.6861784269696339 0.6210228358877747 0.6137328960032963 0.6065639004830509 0.6036304246904756 0.647659948416365 0.6363754141890093 0.6631964585884577 0.6647268150396966 0.660712983808127 0.6661216510737976 0.7029622431812153 0.6988319010701208 0.6860645851859198 0.6463167973820987 0.6114447996271019 0.6008723331930789 0.6074445213898735 0.6001667575839443 0.6071392689008606 0.6332157056381105 0.6230987652331211 0.6282473947870539
0.6670703093585482 0.7015234075776914 0.7101489248791638 0.7522375024036337 0.7472912571444641 0.7678406606098834 0.7868521145669173 0.7811151359248067 0.7836785090709936 0.7779522029031544 0.766306943024594 0.7657596288750687 0.7530432517731869 0.7567489285258606 0.7583594429900911 0.7253058967301315 0.6776931768446102 0.6940017365630822 0.705982317544017 0.678966791641627 0.6696070873052103 0.6268862916634643 0.6308697392563082 0.6069423877760122 0.6405840728676048 0.633492301537685 0.6729111637117905 0.6754351429079821 0.6978812931720876 0.6926064870113101 0.665374710678871 0.6697032665061987 0.6967444773373714 0.6637800607901239 0.6301034520214518 0.6201146675895589 0.5819130111253095 0.5820220875259416 0.5837946410142258 0.603356504931215 0.6201188429961793 0.6115665530513429
0.6763680646331234 0.6795904398866761 0.680090529083207 0.6938150690897379 0.711510623594576 0.7387304170736406 0.7907470933462812 0.809031253547338 0.7992183197967703 0.7800131939172338 0.7804647978449593 0.7466403854485434 0.70424103740438 0.7405153972895488 0.7373486097523803 0.7078124768603125 0.6675929027651387 0.675947458484918 0.6762014478285936 0.6727055919601985 0.6616605916246772 0.6513955813085839 0.6202815684673408 0.6542371642385763 0.6252759773027998 0.641704929022361 0.6525270945885662 0.647496801874268 0.6735999013896904 0.6752143245167692 0.6552228914614877 0.6543271980102181 0.6857299152848408 0.6377638152758364 0.6257678091338416 0.5988381969768919 0.5696384049536863 0.5813780474656542 0.6229307309217075 0.6087701728063486 0.5880421641154536 0.554454686298082
0.6828255362749778 0.7058015591864168 0.7092608414704044 0.7261868051706986 0.7463377137841314 0.765068391279583 0.7868974065179299 0.8062379621171644 0.803777641767515 0.7695290924651546 0.7657832855513181 0.747547432725818 0.6861317255116479 0.705637015654667 0.681420362460324 0.6926508384469386 0.6815079629919341 0.6793401911078035 0.6909953486921296 0.6837857742132089 0.6700985883572058 0.657910185078119 0.6624982002417434 0.6732165748188353 0.6395543835756661 0.643752146167528 0.6369536090830036 0.6761150436202149 0.6618378566155957 0.6551266017055227 0.6775979343850357 0.6515766221267354 0.644800874483555 0.6427291924060068 0.6100003065706506 0.6052537554723086 0.5632092624893743 0.5880135563441187 0.5870799988958709 0.5715106289797427 0.5554560781847282 0.5335458209556898
0.6911434401799758 0.7248469154250038 0.7351820154019513 0.7675444272585246 0.7669726407388799 0.7766440083313186 0.8000678969372034 0.8064124757301627 0.7883374274268263 0.7680010456728269 0.7276678836299353 0.701966255876588 0.6813595826304987 0.6743879130330096 0.683283168822907 0.6644837461856311 0.6250780424463976 0.63712593065857 0.6587206658560737 0.666296096171013 0.6914669706727377 0.6574954244278745 0.6995291026184036 0.693245616100725 0.6960110045218814 0.672844226187939 0.6559551252769525 0.6982867571854912 0.7004169714411911 0.6942827373857814 0.6794240162326871 0.651095346003338 0.6600373843437778 0.6595625108982719 0.6235064980741102 0.5851276010466687 0.5682839535461697 0.5670585447220442 0.5906183198049358 0.5487513041955117 0.5019248304095656 0.490856549098897
0.7097964811244327 0.7145743909315764 0.7438642511841667 0.775515190053406 0.7750253863393968 0.7782502547113093 0.8133029629871845 0.8113709588462525 0.788828561320302 0.7389038576190559 0.7016323598638926 0.6718814963578721 0.6633005402399125 0.6664015268265889 0.644004244171635 0.6552112500475163 0.6196101734947195 0.6447224831396184 0.6731493050567837 0.6973139288629988 0.6768064439235476 0.6688166536443391 0.7001289944419279 0.672108628759441 0.6809089878035693 0.6834029765678594 0.6571205782381145 0.6889204460207919 0.6970738546872379 0.6597532046431501 0.6474224363805886 0.6420257653335804 0.6305713477458597 0.6466593190976974 0.59481287048246 0.5749899898588975 0.5782523373148447 0.5545855765178251 0.5805454354656746 0.5461195647674735 0.504523883781493 0.5038543677369158
0.7474300182899578 0.772315687021835 0.7814916108723071 0.7765670187382863 0.7859147590097958 0.7926737561475126 0.8127390702378686 0.7691638740013834 0.7476517608552936 0.7071136318802368 0.688541389745208 0.6592689087572879 0.6477651448202573 0.6520965336928369 0.6535182766652372 0.652304080456362 0.6126358666168709 0.6550253013404627 0.6998110688602371 0.6865262593519104 0.6946396937345399 0.6669299744407274 0.6855221715000446 0.6619563028138297 0.6977795197059208 0.6845021320365895 0.6454744285555503 0.6655032038755121 0.7100482167395006 0.6722488526302826 0.6377454030111817 0.651476388244628 0.6447466489992864 0.616100261481503 0.6038053443538707 0.5950857422064885 0.5875302394567566 0.5738529223482964 0.5490867754564795 0.5497208310187427 0.48768417852197554 0.5028750475840241
0.7422880500320251 0.7532796792789704 0.7713843202750569 0.7644490707296775 0.7636223254721833 0.7555374477661988 0.7717553703860781 0.7482303799416794 0.7417968071606567 0.7092224624279887 0.6810993462122067 0.6523144314970567 0.6729174067317596 0.6653141632684337 0.6285040706313317 0.631425750519661 0.6404864026596072 0.6460872622582511 0.6662478510445355 0.6879353913714784 0.6906880460379603 0.6990708289634133 0.7008362857114764 0.666561446037696 0.6804922919196094 0.6650592864853299 0.6462912398045593 0.6930812135987126 0.6915182079199721 0.6644725663115743 0.6767687007763333 0.6565686777898605 0.6343664710182683 0.614170813358303 0.6078250194770458 0.5915110341072476 0.5749148564280899 0.5635597851153324 0.5410118506894686 0.5433230303243173 0.4976101414793041 0.48663764570511875
0.7015848416008994 0.7321113220140791 0.7682424807099284 0.7353712724199297 0.7395585821325039 0.7592829830045515 0.7779262911407469 0.7420804816320403 0.7456137669949027 0.7392050601460272 0.69798809614511 0.6914102421295288 0.6590358584229532 0.6629794796201836 0.6230086850077554 0.626675332003617 0.6479219404718459 0.6761892077955398 0.6944019207062986 0.6971289505634815 0.7160688793620101 0.696791821828732 0.6719463023882923 0.6644440398230709 0.6553389960693657 0.6799621923847277 0.669408186103501 0.6889062596003797 0.7118619794659004 0.6956549903911544 0.6634087856667317 0.6749756507021218 0.6604313983745467 0.6427050164804482 0.6079983176661508 0.5960311605308645 0.5814390034497899 0.5286568630548015 0.5287966521884261 0.5486883703776498 0.5178118026060188 0.49040440458788787
