Raster_benchmarking/DGGS/continuous/raster-360.asc
NCOLS 100
NROWS 100
XLLCORNER 1743165.6328560635
YLLCORNER 5469282.737644088
CELLSIZE 10
NODATA_VALUE -9999
[rows 38 to 56 of 100, columns 0 to 42 of 100]
0.29962252420966806 0.3169314098890252 0.3129645646493313 0.347385565007766 0.3688064069048964 0.404091586115087 0.3995954107819349 0.4108649998925384 0.422218645786751 0.4342998780980299 0.4336758780534321 0.43603538312593076 0.4782706414747651 0.446478101665667 0.42982826156458825 0.4416619725876104 0.42033228309939114 0.4281165358455329 0.4230530100870698 0.4311134041062962 0.475251278879698 0.4655736944740433 0.47953318294467256 0.47154383217074447 0.4941015944379195 0.4990499726986355 0.49309486808059216 0.5189742142914724 0.5223775440404167 0.5475704194543254 0.5279308980861496 0.5661061412690446 0.5467811230348008 0.5622009005884037 0.5667532840183632 0.5318986029338814 0.5402511962118669 0.4768620708434037 0.46233703301680856 0.4603525591024218 0.49151768787361366 0.4702832649557764 0.47395276769865485
0.3210985365672873 0.3287413979744832 0.31949629721088396 0.3598349463516809 0.3812130943035337 0.37670527541248566 0.39219657330030616 0.4341066549135525 0.4153815055519948 0.4459568987938649 0.4490283384023632 0.4713495588777334 0.4509314173158219 0.4341663974701029 0.4151357130984198 0.41189310227412 0.41378733928567407 0.4469008248074388 0.4531298508601608 0.4312756786787307 0.45392390669007227 0.467291820310957 0.49696706054731415 0.4722998370232543 0.47795724441611825 0.49676393780414957 0.5175721604724683 0.4903258572257751 0.5192029813757363 0.519867174522648 0.5071139911313405 0.5595587905356724 0.5684981404495801 0.5553562456385064 0.5405088846990386 0.5562978956667277 0.5243560766131741 0.500474155873556 0.4742801065641541 0.47339621896057005 0.5057890969146661 0.4787654484724674 0.46340360868808056
0.31449490999066215 0.2934804869766467 0.2949892618919798 0.3398144119058369 0.3819899296896696 0.3885874713567388 0.4089700941238241 0.41359053019764774 0.4199439977335264 0.45905855642077303 0.4947569267030055 0.4498990045770337 0.433848632195182 0.4035985868285851 0.39708553456576423 0.4019819304277737 0.4408966156292895 0.4186702159388607 0.4218284390019315 0.43730235000277845 0.4398225585777219 0.4462077603822848 0.4718789845234114 0.4643493271181653 0.4833460379716481 0.4806721225550684 0.49683763514825946 0.49043991078927063 0.4952621022586164 0.4919195067281221 0.5090277145922908 0.5490530699169739 0.5780149983883738 0.5674773657954046 0.5644993575724699 0.5193470616359417 0.5182445744703214 0.5093847566848689 0.5086264959177951 0.5146828365214781 0.5066724435437898 0.4973067272999938 0.481779839805532
0.3199973169917681 0.29772599915695935 0.3069651006289151 0.36083611344826305 0.35806163139123764 0.38734547601511937 0.4050957872515242 0.4581010887895531 0.4664472510799465 0.45667785960733237 0.4791900611731215 0.44988001235330455 0.43636199846408874 0.41605367015583195 0.41768835241363816 0.442831466155823 0.4299294512024668 0.4470221169772885 0.4439998441766234 0.4390948170426019 0.4258670494055728 0.458196667418019 0.4784270299577706 0.47148195362783357 0.45796599999888843 0.46149171024786034 0.5039804267255563 0.49671526773894775 0.5252930070683672 0.5117707932631502 0.5455193334550615 0.5379411616223697 0.5391727029084912 0.5729796710974329 0.5643171846467618 0.5331440308014379 0.5605903600124413 0.5533660299561228 0.5377062928220017 0.5335949478589348 0.5454425021755791 0.5241114669946307 0.5074735005916182
0.2900106439246926 0.3011199134501023 0.3472724576866318 0.3897029276915088 0.39879435393334106 0.41868829103084 0.4460503399598389 0.4429114497826659 0.46777523692359024 0.4497847757716586 0.4293024641197811 0.46443464443415056 0.44939029130365793 0.44932840051534245 0.43871818863758 0.43307324282149745 0.420979630606055 0.42325789716081225 0.4157714821068266 0.4027527407713767 0.40366963549657103 0.44670760406976046 0.4411831369569168 0.4364633230981891 0.46830040674981455 0.47455833045078855 0.4902034610745938 0.4998433794945172 0.5311458529160467 0.5510706794006772 0.5286024809729579 0.5428915243974874 0.5434286939269468 0.5770155975284854 0.5735858239263556 0.5719908652792897 0.5540740605242175 0.563716480325136 0.5754669356190624 0.5610200020470993 0.5544362489858293 0.5577571949777823 0.557754398377894
0.3070895149326422 0.3267448980191461 0.3421531288953867 0.36102802389591393 0.3713127488242944 0.42340840593166257 0.4178606271323229 0.4694613098106886 0.45577246799506244 0.4752263845803069 0.43721318787580343 0.4550085207787635 0.47764995080982475 0.44715010299822167 0.44112879173227226 0.41864081825569355 0.446536072721068 0.42684848782707896 0.4225494260054944 0.40942135314880207 0.4103005866308685 0.43732271720547705 0.44449972530642506 0.44996531292045067 0.46093842452135414 0.47679274942722855 0.48968291451112617 0.4885128185495343 0.5182450577107945 0.5537288795750464 0.5523431374535209 0.52668520005701 0.5754359485811705 0.5936808735460632 0.5818945747440328 0.5937789013682118 0.5887795873096335 0.5660569357983325 0.5841361346675119 0.55421457790951 0.5260886993413049 0.5624058619024868 0.5399112045596264
0.3191266805599984 0.3175954246262865 0.3264838666074145 0.3779932802858701 0.3872037849406341 0.4193870003784202 0.41590769211958184 0.4410977688359343 0.45234602768075427 0.4763556471936689 0.4628435121545337 0.43517350877301036 0.46771498786757365 0.4493673690658974 0.45743159665687405 0.4480883509227699 0.454295097025509 0.4234462440062972 0.39871794729982973 0.4425572207591571 0.4680330214668244 0.45909710563914463 0.4571300528061376 0.4855473850714024 0.49384204158430517 0.4538266925836391 0.42915005098902015 0.48194596286911445 0.5114584702896642 0.532558638783676 0.5491293305196442 0.5662580780688634 0.5808766929308767 0.5959094169739962 0.6211593483560033 0.6017018264685853 0.546421489980851 0.545219701512448 0.552037214110895 0.567586546832905 0.5196890724512723 0.5162948251980903 0.5312674175091848
0.2988890446087238 0.30310923724310973 0.3293886545980347 0.3683784354833713 0.3851818059536893 0.383677999905223 0.4263150870192652 0.46264387549888053 0.45244644380110594 0.47242748503123916 0.4656154904994385 0.4341009912313672 0.4366515750635365 0.43730382830878006 0.4284361892711433 0.4417791102671414 0.4647729585895444 0.47268286738128285 0.448184061617731 0.47096016797834606 0.4927507068273629 0.4809825383065386 0.48590553063293895 0.4953309579218243 0.4929211127367279 0.4924293128203134 0.4738831552026281 0.5297827719819538 0.5436061842299779 0.5739873002581507 0.5495257095204382 0.5699468430972315 0.5954657845359878 0.5961478099191125 0.5923119721053415 0.6031674687291646 0.5687315498647062 0.5729465461616012 0.582438210140085 0.5723702456919215 0.5590098269119833 0.5424563783471837 0.5459723680470714
0.32463127132901753 0.318335084440841 0.33086529485346905 0.37680633320988804 0.3839456630034891 0.40057530304651007 0.42417404596908176 0.44927867010425554 0.47194679620432145 0.4453863733016259 0.40757894391622285 0.4003977375298242 0.39422900995694576 0.4514893216636038 0.4599032751715549 0.4352370839643396 0.46479848744024366 0.44899966382075146 0.48230413441171294 0.48945531945650866 0.5085079717236407 0.4997459641580825 0.5073194196316462 0.5040296269781979 0.4676108507747113 0.49350903491075193 0.5179908093627238 0.533892915447442 0.5670856863088737 0.6002529779840492 0.5979766270879455 0.6020586286572326 0.5821270374019194 0.5926213862858964 0.6181017538942987 0.5948094654489703 0.6030707701309583 0.6137785054327444 0.5816718323875936 0.553444933946196 0.5456741759813718 0.5328202054815632 0.5526630639647178
0.347639946948181 0.3568431865593686 0.37872246394238507 0.3817935681471859 0.40763625901313966 0.4254123377842685 0.43872298328222703 0.4791600120360046 0.4716164799450652 0.4492469935830592 0.39078524397503495 0.38552664507577455 0.4043200319091923 0.4195132665127256 0.42770460868326676 0.4371464246041116 0.4401015582012305 0.46841475590904486 0.5214231101216613 0.5338654676922284 0.5192541947822603 0.503595692811285 0.5024082231713922 0.4980104832748965 0.5198393116203429 0.5016790050532994 0.5185675699102935 0.5624072808783136 0.5813497039773438 0.5905256406242808 0.5996511079982739 0.6133894443163446 0.6232094339295086 0.6443912050717449 0.608217632508084 0.59067226292047 0.616100389575866 0.6196210836992493 0.5988349948324364 0.5715052444838145 0.5752834502524021 0.5461190136809592 0.5857290931978
0.34555477752032926 0.3861537313069629 0.4072447919139876 0.39066179518412564 0.446911202274183 0.4263613312001256 0.45835455654635826 0.4801647179020727 0.48257516774291076 0.4679112703258887 0.3940409399446456 0.41905007304999575 0.4236103357475926 0.42777826916834394 0.40592946669389646 0.41323394894541277 0.4221322102327508 0.4693273149905774 0.5099823605816064 0.5519076565620549 0.5379986619947201 0.5401772607621314 0.5156044786563629 0.5158397206491919 0.5462175061255052 0.5174861776833874 0.537198781523834 0.5700372747092742 0.5928328185456213 0.6149480745470312 0.6296766933579122 0.6346901670322941 0.6663435675212879 0.6260226094480074 0.6295149836172775 0.6240649388353438 0.6087484719429881 0.635877900727138 0.6038771257236368 0.6113877752082317 0.5787604959357141 0.5922719304436217 0.5728816606554044
0.36116950290155503 0.4022526429220313 0.3919424489130937 0.40692947479790936 0.44586226678325047 0.47131611263459433 0.4547311993333421 0.4760980887821167 0.46767270767815683 0.46259008566413634 0.42840517019856655 0.4397771795970594 0.46287712442957735 0.46468847331831714 0.4576515264316573 0.45536982020138217 0.4375227844456958 0.46739211692109617 0.5026850657843672 0.5360772858639725 0.5566094236504733 0.5302305636543055 0.5354643725757989 0.5475797392413998 0.5554720601529312 0.5784905736318324 0.5506385119978363 0.5807974367821823 0.5721023242820029 0.5860149441594122 0.6178310021177799 0.6470931743888685 0.6603503660210933 0.6600923506468187 0.6586753897166592 0.6210355629928024 0.6178249737515084 0.6425354192051099 0.6201415144480839 0.6095758374170782 0.5950911013684218 0.6029771213984515 0.6041177897228595
0.4105571708178477 0.39927241965188826 0.3858548191295371 0.4022781952893978 0.43020041914563834 0.4830679318132632 0.49644607300695487 0.4921364629557119 0.4568149715057448 0.47353662799313134 0.4606528444978542 0.4412224587764508 0.4713017484745114 0.46933289295852176 0.4649809105878877 0.4680159699783248 0.44472888074335454 0.47046342937986907 0.46708459876178027 0.5144999651328817 0.5481973017195315 0.5632643489546739 0.5737461660959883 0.5678490613923846 0.5612247814028233 0.5639560479767033 0.5837784006279348 0.5921002255820007 0.5963878048170703 0.6128527495774634 0.6211887194222196 0.6578551321654628 0.6781817904099244 0.6903261908800453 0.6871367826090085 0.662134394035189 0.6548578250860578 0.6513895524944847 0.6574206044208581 0.6361657733825236 0.6244689162903746 0.601758210987935 0.6195598648103393
0.3979666941323753 0.4035122700857726 0.393107138080316 0.41005791135727937 0.44619587164101376 0.4784445391918125 0.4755989069356494 0.472115725875608 0.48836227472819116 0.47001063801215476 0.4485108838333898 0.47963094487924735 0.4691553303328726 0.4530131071339692 0.4604760012092103 0.46581671755844434 0.467665969201502 0.4728792837582043 0.46559959853731486 0.4971989125683288 0.5548989136076115 0.5472603636895983 0.5554036366056355 0.5629906064620663 0.5912949665163378 0.6102213158998296 0.5973310528317907 0.6269649330737348 0.6544087947366787 0.6481137308897399 0.6708757994060538 0.6607960577784882 0.7081432749629926 0.726323817685802 0.7013246276317231 0.6839768643822774 0.640621088077741 0.6503914835532655 0.6511846237246809 0.6562826025611033 0.6248625804250143 0.6265249415490548 0.6507496654551934
0.4262394501655133 0.431496875872631 0.4272351641378156 0.442158567144707 0.493759030588472 0.4931379458151514 0.5228831526670619 0.4838270233327979 0.4663515451659098 0.46384299100643145 0.4657362130791136 0.4692120011550099 0.47802557483987584 0.48886742183381166 0.4831640930104965 0.46105508799974815 0.4771380238861686 0.5076403787520435 0.48528784187010227 0.531320201534302 0.5332562336823755 0.553599814137998 0.5456245303666807 0.579758850815899 0.6239260351369638 0.6536322169648674 0.6421716838810506 0.6831081555696481 0.6873040471000957 0.6991727512536051 0.6850212357299085 0.7276902276402796 0.7310417049506788 0.7265528444513862 0.7306619951659392 0.7063657744225252 0.6538386567198275 0.6546437312685784 0.6862294517351167 0.6918414967714315 0.6407810641299497 0.6830063720806407 0.6896336956646675
0.44142989857990417 0.4526376357447987 0.45360049854484796 0.46652383954718574 0.5031806144800214 0.5124726055150105 0.4850268804075823 0.49989493544500624 0.5114233813555109 0.5172859006969454 0.48968653961315345 0.5034775569568366 0.5127720444275541 0.5083463500864112 0.529604845178966 0.4942526738234211 0.5283252303044552 0.5391638796129768 0.5291017512185049 0.5487796529001131 0.5653166954664562 0.5556253783966569 0.5595586811295782 0.6143970092019293 0.6567743401303175 0.6864985415269369 0.6755892385714267 0.6808375847323054 0.6818472910661278 0.6981010952501938 0.7467442546271387 0.7451726616784796 0.7588893881112442 0.7637666638918654 0.7403032174151943 0.7323063141864388 0.6991377959680254 0.6959297565645853 0.717357715643038 0.695570531452689 0.6987200251887128 0.6879834772367754 0.7082459052199456
0.5055628981881107 0.515997818904809 0.5070961723836902 0.4948845059608247 0.4948124143298892 0.4904178888643709 0.47910597847294806 0.49359822304647283 0.5154380688393857 0.5270081614663328 0.5511880460135368 0.5459909685745574 0.5532313622534804 0.5346903954296087 0.5707495579113252 0.5445608546893099 0.542466612866098 0.564566884852504 0.5756568282041704 0.5496486072368173 0.5613710044747086 0.5797769497218892 0.5740771444664928 0.6534803545963643 0.6849226305220238 0.6906509961454153 0.7395543849737184 0.717602287608966 0.716519863650584 0.7506007132056555 0.7645222534348738 0.7704291089174123 0.7363664185606142 0.7763128301279104 0.7761877890376733 0.7549148245121087 0.7048899883890448 0.720685152782174 0.7224883248710571 0.7162088171949564 0.7058529514662611 0.706969457868381 0.732280383752163
0.5033037157918441 0.5051356431993583 0.5293944735549302 0.5199424722113754 0.48907076083195655 0.49489231262696154 0.5234668646740162 0.5268438225914401 0.5610241316768239 0.537186452468059 0.535504322978239 0.5670343595828692 0.5703554165080739 0.568715799995931 0.5990065921203257 0.5884973433061433 0.5649572587786962 0.5874462455657471 0.6159706652293027 0.6042580965049816 0.6193410000841306 0.6195155545851071 0.6535770246826664 0.6715456787818425 0.6946385804769718 0.7019548463805433 0.7326893432074285 0.7466302086768214 0.7353928668182166 0.7674567438961687 0.7531610288739106 0.76947112850761 0.7996616773607483 0.7956887115170624 0.7665888245318588 0.769665642478004 0.7304602200721821 0.7575416665026398 0.7138817157190883 0.7200906582956534 0.7296027783454633 0.7523817955598624 0.7162337116630522
0.509197558511841 0.5169460335618574 0.5225146578386093 0.5506440851555879 0.5238768302184618 0.5073125082377246 0.5070024428016509 0.5238709788484063 0.5708349838839496 0.5674415063549261 0.5720455009530931 0.5665786412256509 0.6040142128891545 0.5657772771760089 0.5753647052584743 0.601828015585423 0.5893884849364338 0.6165852681696002 0.6265976597154188 0.6416760850497486 0.6631406584802085 0.6655292812713557 0.6600589788359909 0.7012082380382585 0.6842967006809703 0.741875381471335 0.7673687381817442 0.8043280442512248 0.7920346262766674 0.7662893451570559 0.758109925716155 0.781679140651751 0.8063321979931883 0.7891915265158446 0.8001322589770172 0.803790218006392 0.7837093006718799 0.786917003319784 0.7503366875992632 0.7508267712167463 0.7705029278430557 0.7548472216060788 0.7504396750838714
