Raster_benchmarking/DGGS/continuous/raster-81.asc
NCOLS 100
NROWS 100
XLLCORNER 1743158.181612774
YLLCORNER 5469294.13019641
CELLSIZE 10
NODATA_VALUE -9999
[rows 76 to 94 of 100, columns 42 to 83 of 100]
0.576262317195283 0.5930011976231665 0.6260481863878415 0.6192032313672525 0.6631385591393008 0.6623798510154457 0.6833500790855054 0.662204007241762 0.6593050734194632 0.6336931147205428 0.6573572428218563 0.6440419941970196 0.6851203498406877 0.7280166631454632 0.7024697215573327 0.664081235792632 0.6046468696169591 0.5711998232521084 0.5639672550825602 0.5708364656081947 0.5600138591221699 0.5456799549004436 0.5486876821728138 0.5482296323755335 0.5206787906885987 0.5109101825469738 0.507845451590849 0.516236633134957 0.5035034674706781 0.48611348821304584 0.49730502513985664 0.4607986482490151 0.44402774197026174 0.39518640488601997 0.37126637095870635 0.3650176593514905 0.3313646554851756 0.2724561402095439 0.2607959721702706 0.2467540255068595 0.2692663378265877 0.25513270750415773
0.5983713810284712 0.5803189984046424 0.6333166010880006 0.6385663094452038 0.6841038555536385 0.7242111724121637 0.6819389613920613 0.6520847664697553 0.6700319562205842 0.6679840912550545 0.6397406037500266 0.6578055376028225 0.6956177162884022 0.7401714060242787 0.7284128191437642 0.6882706142517785 0.6500669888755815 0.6072353146447146 0.600718722705954 0.5577130892924481 0.5669717114950171 0.5342780897163754 0.532778209400844 0.5238493312821835 0.5559796862690886 0.5492534442809556 0.5054508519684171 0.5138137818996056 0.521139006521958 0.5156563112580862 0.49059445589598033 0.43819340422039527 0.4091238086405017 0.4030871083247897 0.391342913513075 0.3646846602981158 0.30413728415838787 0.2820636456198421 0.25793480239004435 0.284015023326745 0.24162264142834777 0.22919558814168212
0.5999909287299682 0.5871715349154367 0.5971450965961888 0.6278096810223283 0.6647856746469418 0.6778568754728893 0.6586528532182087 0.6705676745472998 0.6384332924304127 0.6657182430406852 0.6475106306771413 0.6882874476700117 0.6843569590786146 0.7105916273632003 0.7144934345026437 0.6631537077773063 0.6607787674823593 0.6314984424729054 0.6075456928835192 0.5961034577606545 0.5722255982043368 0.5589019860613976 0.5838716526401699 0.5699824467670466 0.5569478710150526 0.5385118383141507 0.548746388490077 0.5216047030186883 0.5104560756902212 0.4932481547252808 0.47937770632852456 0.45454722721398594 0.43998961868426556 0.38772810242517436 0.376009696994534 0.350127460919751 0.3105879095778144 0.2705447096803664 0.2566184747029024 0.26891664235205703 0.24916381075209337 0.2629420653379924
0.6036757696982288 0.5765464500662427 0.6076090819964128 0.6314985930998215 0.6306259017913748 0.6782193091009411 0.652419184512988 0.6506027791251913 0.6486232817033061 0.6592565824321824 0.6782037699907959 0.7024894594318604 0.6913157060341681 0.6942659434464604 0.6845488100615451 0.6649885290415953 0.6798149547102045 0.6603495488980439 0.6261938195390507 0.5815304440662986 0.5735945132521385 0.6150267060932266 0.6071016355540122 0.5879581873344697 0.5735211079304356 0.5277200020570886 0.5259537731868371 0.5338371801829397 0.5136242065536505 0.5095614360715643 0.46728303622782486 0.46815199313929445 0.4272690711795846 0.42493687163294447 0.3854379558252362 0.3110176791771523 0.2702114382603114 0.2340809226000525 0.2609180043713375 0.25590847012096934 0.23650937885728415 0.2686426566846399
0.5962465243963325 0.6237562836682441 0.6363350525235664 0.6411116700728271 0.6290773683139941 0.6633943789929535 0.6447546568040986 0.6419689116977766 0.6701774235871727 0.6775506804531584 0.6732005396259287 0.6815179583370166 0.7145640723523736 0.7329777673127446 0.7074600209259101 0.7073144344931164 0.6625761238281872 0.6295363962905884 0.6079678775375306 0.5978138091697357 0.5822404498739742 0.6041418627099514 0.5801381498544816 0.5732000262082814 0.5675910317530269 0.5734310255838804 0.5688499188276672 0.5488524319496176 0.540574458737079 0.5100212857871265 0.5074793761611099 0.46766687388304923 0.46604302743647075 0.39956814982263905 0.3381155382710811 0.29652912086892985 0.2805461479684145 0.22492357434990767 0.22280088417822694 0.2507435236492135 0.2390327674930008 0.2341859031013253
0.6070558543475968 0.6549325359963177 0.6171304374395432 0.6244040502377852 0.6688505038684545 0.6800470897820413 0.6594274653570449 0.647262840103709 0.6771432535727331 0.6810641650385234 0.6691752009275765 0.6653314704818939 0.7025035780747776 0.728464437235273 0.7006092903217908 0.7327419879312368 0.6746316242363788 0.6608076490871002 0.6102216966848417 0.6027489572213239 0.5825983116267258 0.6068847151669177 0.6111001703434612 0.5801638375823908 0.568670568867258 0.597074672406732 0.5695311878550444 0.5930776418344187 0.586097008598743 0.5364000572691269 0.5070386216141657 0.49543874748368216 0.4789354554960379 0.4016794133190426 0.3217203655685704 0.2799914555714952 0.26293057488194843 0.23936148429880474 0.2497385367202482 0.2530454328917427 0.22951452777820114 0.2134181827569421
0.6200996064342165 0.5921060691559398 0.595300990712578 0.599793940847281 0.6458885464205071 0.6360780595159893 0.6623781913621429 0.6922501079467442 0.6991683652137128 0.7088840507015027 0.6938507535773216 0.6683006158095021 0.6922313116356298 0.7317094641126259 0.7058121147272867 0.7314894437249124 0.6972130694639431 0.6893551107473923 0.6276648610710894 0.6365882185151843 0.6163845194566324 0.6062879549185595 0.5817746059164443 0.5768776543427147 0.573876757105003 0.5853001042767285 0.5752606387057156 0.5944589378012091 0.5768610441533116 0.5455125540893828 0.5018069310813471 0.4981229823586973 0.45578530217602425 0.3875693875816603 0.33835269103255566 0.28625171491079576 0.2805829358057364 0.29409354460225506 0.2693225880125513 0.2866283843786621 0.2441448638492084 0.2295821747914051
0.6070397389410225 0.5953662605575475 0.6126695245163575 0.5920045041728329 0.6154283051556145 0.6226245041794833 0.642788568784829 0.686624775993046 0.6844061983359555 0.6881577098795654 0.66426316877293 0.6680121066570773 0.7135627038298082 0.7198214980774047 0.7393277310980646 0.7234078827459572 0.6884252498197997 0.6881437499879965 0.6404231114924311 0.6072012406194842 0.6137238991131072 0.6185924112667899 0.5594836528365954 0.5588847943400124 0.5711008963255726 0.5567252075525037 0.5760909035791344 0.5718431178409731 0.5901502938705779 0.575546545851363 0.5227624953764325 0.4844728742785697 0.4615626908847028 0.44594443769307407 0.38434493137995973 0.31939954244829394 0.31743430932502786 0.3167255811928019 0.29653982118085565 0.2845335374789937 0.2863808564060865 0.29304808289581286
0.603435287403223 0.601946553364817 0.6109665978692287 0.5892989026569329 0.5931087199464798 0.6289537822416622 0.6135934072456454 0.6569079220528412 0.6498535385543118 0.645687806304813 0.6563769384947493 0.6707382772242241 0.7201257663982619 0.6993366981744747 0.7324881041728594 0.7465704585843614 0.6962086753333327 0.6909550380220435 0.6363837668251333 0.636798373137971 0.5968640753623748 0.5830199591267667 0.5609317382216453 0.5874601313779393 0.5521366115050276 0.5353737658364663 0.5668283835847253 0.5873002170454695 0.5587611757895328 0.5372016734841194 0.5195287620418346 0.48867005107271305 0.4797827133399002 0.44683359123751315 0.40270348880058254 0.3342780246394273 0.3020021164408342 0.29120314430866234 0.32169983172327987 0.32880338879388665 0.31048263056078085 0.3202339870441062
0.6359544256966213 0.603733475036773 0.579764380171482 0.5678743614626026 0.5995127488600129 0.5900202692787492 0.5830588960332035 0.6084764377783624 0.6254580334018806 0.6340917223501321 0.6512012017816183 0.6828893557753323 0.7238712397765992 0.7216079097945834 0.7506026867762718 0.7432178894650091 0.688417715574201 0.657174238196145 0.6233150221828568 0.6224798445268667 0.5896554752476848 0.5526892633695039 0.5927471445017123 0.5946655885856649 0.5751649126356794 0.5442389604650285 0.5581154123665726 0.5961042895678597 0.5878784556975514 0.5600835679715772 0.549371157787353 0.5348749502630198 0.5138718923675779 0.43805470511133804 0.40346663428026547 0.3382732059221966 0.34193081221415794 0.3072048714332089 0.31559794463014607 0.31488568556340724 0.3160018528794898 0.3528149341622428
0.6546242071548647 0.6271038855816705 0.5698552486557891 0.593321972531722 0.5840233815969467 0.5945895487613309 0.6021696146016939 0.6307210065349981 0.637441574392436 0.6663545344877438 0.6641044469528581 0.7005309001379572 0.6984432474662045 0.7432828564003393 0.7383272477197911 0.7073212652808911 0.6818483636938523 0.6426511986199627 0.6384957529254627 0.6116668291419833 0.6310316913672539 0.6303606969008467 0.6021243210772772 0.5803477890721302 0.5814083970026125 0.5654247328007633 0.586159412149642 0.6164380292080506 0.5881983366320499 0.5601462708675806 0.5310946724169583 0.516507776726856 0.5064239693835595 0.44002943842776227 0.41519371363977486 0.37285323431895334 0.3601043287843768 0.3780161326868947 0.3571294493606063 0.3342635710939078 0.3265525780264526 0.35470775088189105
0.6412948342505658 0.5931913752446044 0.5766927369496598 0.563950005300651 0.556464103770942 0.5953040685360127 0.6056467028919117 0.6087992054325663 0.6433248550091718 0.6637455733758479 0.6867884893600263 0.7128991294007263 0.735492665454284 0.7538091585886408 0.7380169665904127 0.7155091000766409 0.6796551148473956 0.662979752287101 0.6597423462098019 0.6503372388244653 0.6291098877342005 0.6380998118496064 0.6455893239281533 0.6376576885166074 0.6319976218708492 0.6042178213191206 0.6100885607630391 0.6216886756005832 0.5702365620508679 0.5424577393613723 0.5212463391043496 0.4990216563523032 0.4902045954572333 0.4581562870164091 0.4362278306890208 0.41404791328536883 0.37910608857429884 0.3902948212071496 0.38920953166468586 0.35360614946625424 0.3450706957914163 0.36779388367084853
0.6482287385479463 0.5948714099394028 0.5759827966650867 0.568590516778236 0.5575213505411564 0.5609716302713607 0.6026244364909882 0.6414397665021843 0.6533864960817904 0.6897897170794024 0.6825880465268634 0.6987456155083019 0.725834244263909 0.7616119913604923 0.7752524055480813 0.7442537510834678 0.7207588622850721 0.7144010067513458 0.6867269211135969 0.6923694262750603 0.6949218914681932 0.672865783497163 0.648519404454608 0.6548164455862965 0.6682886660500806 0.6468376296950045 0.6177372315663379 0.6307935831260503 0.5726121756694856 0.5511989196950839 0.5136904293444798 0.5094847226260492 0.47519514072083324 0.48164721172835256 0.44073191933804096 0.43338364447791095 0.4377131029592761 0.4068056477894254 0.4122347719433813 0.4050776527127104 0.3800842372840151 0.3897544314345497
0.6775296009714311 0.6348904779809393 0.6074289312340592 0.574409360581197 0.5732950335448616 0.5737668758091491 0.6093268296227686 0.6082382018476358 0.676196177798914 0.7320515075637111 0.6904394487048954 0.713768010456085 0.7343399630262063 0.7560281105198646 0.7912329278622283 0.7805904120710923 0.7864813697151536 0.7863576951509235 0.7403766033484747 0.7380883002972324 0.7035251671615734 0.6672576234238936 0.6885604648150332 0.6838850321577015 0.6541661205948722 0.65814302649837 0.6067784361323895 0.6163934049674854 0.5962950544249035 0.5822625640319934 0.5318353391721896 0.5072776182102171 0.5168442615226578 0.5133398571625069 0.4773410954722486 0.46581053730846655 0.42947014282126883 0.3897793788939768 0.40134081001915833 0.4186054803824408 0.41523867248226665 0.3903758217906596
0.6862186768545948 0.6605920497039746 0.6115561487700417 0.5989483858609327 0.5896904307139063 0.6054683528244785 0.6082815142948405 0.6464866447297699 0.6438819765425865 0.7003581097902825 0.699070871147229 0.7353791927815648 0.7388894326562527 0.7706107625972786 0.7652719842541673 0.7844883855809738 0.8097559788497187 0.7985043641480399 0.7785092666998223 0.7513530632330992 0.7270288728460779 0.7235443542882634 0.7216134121515511 0.7165491626942164 0.6729909334958344 0.6713663579095119 0.6318677336100432 0.6072692097035647 0.5949146807251058 0.5665492755427571 0.5456266119739127 0.5036037045915528 0.5125665925232741 0.517482182330855 0.49556302832056826 0.4526865216745704 0.431820640935403 0.4103725281944711 0.39807271879135286 0.394738893340295 0.4205479802608933 0.4309356666567422
0.6988910484401141 0.6794142221381716 0.6045141074975418 0.591173843172047 0.5964808205044375 0.595321313045603 0.6064713854892771 0.6295737201003834 0.6376074321131682 0.6884751224357573 0.6846370354253787 0.7077104326206305 0.7275675127794258 0.8044346470093485 0.7853158118133732 0.7762428976239817 0.7975068178821633 0.7989888676645642 0.7609019894067303 0.7664811411645076 0.7645336014600758 0.7442065365816692 0.7240374767488957 0.7032463653378292 0.6690583551345822 0.7034149224934723 0.6801290150218477 0.6324118298692963 0.6291615160785987 0.5646561697945129 0.5592226203420417 0.5440723294464137 0.5066229213272961 0.5253676871398052 0.47572927679239174 0.4401910531067594 0.4553481954852445 0.41653671474834714 0.4110231998819453 0.41046100785732775 0.44246329006708524 0.4252300010243399
0.6773168046224726 0.6469908897448627 0.6171348371049524 0.5886981190420375 0.5933507501836393 0.583982431774002 0.6401224749976425 0.6364027814761286 0.6403424110589907 0.6826414996519441 0.6831843054561034 0.7174746234522041 0.7436849266802755 0.7971744376186655 0.7991824815709164 0.8062859003928974 0.7828532296175048 0.7894788969110077 0.7642629811202319 0.7673806921405326 0.7877317014101493 0.7715203318236858 0.7303113498369554 0.7094871876671371 0.6884868737526262 0.7025330971289746 0.6999488670808547 0.6362450686152404 0.6432803722625702 0.5891821577059561 0.5784370910167823 0.5769791856615483 0.529975096499341 0.5060298079948545 0.4943050383689986 0.47316552748656104 0.4711577853494685 0.4462420758117606 0.4188409037290707 0.4516253575060387 0.45738530427610674 0.47103029243791783
0.6650868122522606 0.6764777641772824 0.6062258671346145 0.591625170784831 0.581161685017697 0.5979474096138494 0.6088353614603926 0.6559953687359013 0.6571112382406417 0.6426834504826391 0.6686479160842959 0.7383595561353622 0.7661148672193986 0.816793286089623 0.810406682798373 0.7825763079221371 0.784583596796679 0.8015221536037967 0.7530600296201941 0.7556949649376424 0.7514174691645946 0.7933282102482202 0.7609945789940626 0.7242997250052556 0.7010629940804611 0.7161572485686788 0.6888236888249498 0.6543911902157807 0.6580593407646507 0.6374661314646689 0.582570955614694 0.5882426835437945 0.5040409667031174 0.48880356670214536 0.45688894681674197 0.4576261941726457 0.4499107004056365 0.47457188320687504 0.44270025339124225 0.4322670252781142 0.4471142306841259 0.48356825896509964
0.607147537660001 0.6098548699780796 0.6334825383135839 0.6354587182883549 0.6255104339485288 0.6285847716656282 0.6331816474187316 0.6456538531972017 0.6808931501451548 0.6711846178173267 0.684065762419259 0.7425271206620065 0.7805465561344208 0.7638666406687701 0.7711170524454947 0.8077104947902574 0.7828181204613495 0.7917676323789695 0.781628452015322 0.7507296165697791 0.7504843328639339 0.7628497452331411 0.7524250572668812 0.7361874441830343 0.7472872690222601 0.746335751202048 0.708075358947 0.6577976591091272 0.6653206841377012 0.6322720101588408 0.567717349186324 0.5704522040999281 0.5021649790618737 0.49603946613674277 0.4547769072323183 0.44749333821843773 0.47547384877773785 0.4468652120444223 0.4497145539649139 0.43584210353996555 0.4490440673555788 0.4808725173189649
