Raster_benchmarking/DGGS/continuous/raster-53.asc
NCOLS 100
NROWS 100
XLLCORNER 1743154.6516522714
YLLCORNER 5469290.877786083
CELLSIZE 10
NODATA_VALUE -9999
[rows 57 to 75 of 100, columns 43 to 85 of 100]
0.3955481809571786 0.3788798151427963 0.3805463447209341 0.36263382520505466 0.3668779611688455 0.3828633900587027 0.38114421976993257 0.42417080573942584 0.44554626288990645 0.44560068333514025 0.46786699849076996 0.4902186862752517 0.4770547966360942 0.4972110103278287 0.5128877630215866 0.5029408912802728 0.5172229110575166 0.48734988409924274 0.49285336021183956 0.5140934076402714 0.5326160406173825 0.5459305031549719 0.5178526218401532 0.47470323667408765 0.48034002758263195 0.4967021388693831 0.5011163165835273 0.5014333848674289 0.4580239448198288 0.4615248055897773 0.47535662758000247 0.501389605465746 0.4699859214243808 0.45407358507623785 0.4561773357151428 0.4377908606695613 0.4489317746738659 0.45773938096982014 0.5116142563911785 0.5066445513587186 0.5047751262962846 0.5230161228318095 0.49616239106006377
0.42110099256582056 0.4096779510162489 0.4009733435258487 0.3810708449390046 0.4004462295303726 0.3823427373755309 0.39536057118893586 0.4193354867742788 0.4468955680667606 0.4960757626622939 0.49986309216042946 0.5018415490789166 0.48227602015156595 0.5303914573279758 0.5021329397044969 0.5128256575400454 0.5134248548878658 0.5074246630359676 0.49744925982636895 0.5100338552414281 0.5429783110159814 0.5348477283536498 0.5301038216304738 0.4894425320493905 0.4875299883633237 0.5256004252614325 0.4924784108838824 0.4734356173982189 0.4440339580319411 0.4434873320929728 0.4889358050107797 0.49775023339135266 0.4573816124401873 0.4400060815547696 0.4457415025127483 0.4681489630841153 0.44888203799786236 0.47915895628680333 0.4914156092115957 0.5341639748097478 0.5030734479837111 0.5152610582722946 0.5034469272926917
0.4156524247552555 0.42625422849927813 0.39234886916662215 0.3826400228109762 0.4085060986229408 0.38252463408540566 0.42322604337613273 0.4429951903436481 0.47334003680168457 0.5047959658012013 0.49701050474724323 0.49533103642626547 0.47719935618437864 0.4909302917838176 0.5155655784186575 0.49148453142922754 0.5039178281249206 0.49630106045187544 0.4990466663742976 0.5141110487362254 0.528150049455925 0.5118563461676562 0.5118993830899614 0.5266934465102767 0.5073833462860652 0.5355026989683666 0.5177679175537039 0.47957349372805297 0.46715300493586115 0.45123027923595427 0.46701837290281584 0.4682521828537832 0.46133034014953844 0.46809740494422103 0.4407975428637656 0.4539418434189174 0.4660973232063923 0.4931798693091665 0.5050520182896042 0.5052018607503455 0.5209698361260512 0.5352206522932126 0.5349139069686285
0.4332365570188711 0.42285983021123735 0.4104625230370379 0.41058094590327077 0.4208634894455779 0.38674644527381197 0.4320977621742716 0.4199516130975962 0.46821694405754394 0.4816172324957143 0.49384113216726744 0.45552559061980213 0.46149884403805824 0.49694581687793576 0.5131437779393339 0.4780608950305454 0.5243651204129098 0.5333246484721432 0.496035281259361 0.5170087535005253 0.5258048839648722 0.5166827914458567 0.5124781042321381 0.5360647174579641 0.521977483106428 0.5070963442834707 0.53684002799984 0.5300477009499681 0.523229960783924 0.5068187857008188 0.5005068687452005 0.4925198137318442 0.452530434975704 0.4590947638993281 0.4492034859130561 0.46306825733905965 0.4789193329843631 0.5274604474578468 0.5295965617351992 0.5287804885736398 0.5398769345488446 0.5477048749722059 0.5810367038780249
0.39013027491766966 0.3915312277669685 0.38704535955474506 0.4260151204794277 0.4243489739021152 0.4227442012848197 0.4242640407660103 0.4395062827827945 0.4391616837517333 0.4554543203106183 0.4665723393821026 0.44937962750795424 0.47724062567396275 0.4714780603153675 0.5000952325475074 0.48744037812078495 0.5077112448449188 0.5004624295989225 0.5101927470945654 0.49604111156880015 0.4936489851765823 0.5116182700763636 0.4927201400619104 0.5055871191019008 0.5029528964236996 0.49632160733495906 0.5202916261001068 0.5403520882305208 0.5398381744577545 0.5167719125489324 0.5180116831607228 0.5072702622443419 0.4804870018685362 0.5060375882487153 0.49916188226101604 0.4874091357128081 0.48990496085832613 0.5303079902885799 0.523793936015348 0.5390061589927014 0.5780886599022841 0.6063054222763548 0.5938751717615892
0.37615637060448737 0.3924612377951234 0.39343572760912293 0.4029772332521212 0.40680157694268776 0.4287962223789094 0.43302322523578596 0.4549758766025171 0.4533622821128674 0.45127461552012954 0.4728253678231839 0.44395069022370987 0.48320836511159765 0.4695786203982764 0.48105530124765067 0.4958514444423177 0.487507227282904 0.5128378179982623 0.49363435487402313 0.49029063056980965 0.48499919232384625 0.4723145291329383 0.5025670844415973 0.5094991412438248 0.4959067588327268 0.5098941314978125 0.5402096912934929 0.5299683024806077 0.5243313935126512 0.513457052411194 0.5188332267918938 0.48822324113265125 0.4792979246920924 0.5056412083529017 0.5227737145534531 0.5296122821899057 0.5289005282890602 0.5217807268636002 0.5237906438270344 0.5410826687441892 0.5768177402016476 0.6309296780434644 0.6159973699323403
0.3609252823634285 0.39167121498251456 0.3907056819406484 0.3940385346268465 0.3850034287373902 0.41505102031233254 0.3983768742069769 0.42078861934505374 0.4370522064783743 0.4472559053179762 0.47141944503349537 0.46530851635292764 0.4745926355990452 0.48348510678922196 0.46821156521256735 0.48723999905860593 0.4906741788821369 0.5101854034268092 0.5089880331259481 0.47883216685667274 0.4832952358315349 0.5104366369207559 0.5307182523304929 0.5244754110252502 0.537554117107772 0.5361890020773011 0.5155327071538923 0.5363319775705959 0.5154873858287924 0.4900915439869756 0.5036955966219245 0.5271335579470281 0.5163333994218999 0.5364402896249022 0.5387457427101425 0.551599694864163 0.5571548069315372 0.5706188500085645 0.5699230730070509 0.5628666495100045 0.5735238312796945 0.5855284026571235 0.624831208710025
0.3502350075962615 0.3536083282512644 0.3767868736739951 0.3564216129569057 0.37783176496265863 0.38666407612701414 0.38567788090869964 0.38720385723760903 0.4273854542870273 0.44017420829394194 0.49161467838786066 0.49622464867434074 0.49045379184781995 0.4840649961869167 0.46073204494191583 0.4762861549078532 0.4632545292932337 0.47029949923906966 0.5078020820236283 0.505779188228587 0.5027263642875738 0.5227841073716807 0.5533596254978917 0.5366493760040533 0.5320441461613643 0.5224508629694417 0.5196675563015426 0.5185937506101823 0.5284704554919706 0.5119892056738694 0.5118703942406607 0.5457242101580863 0.5540697754448571 0.5578139348399487 0.5400144602821854 0.5488589912190321 0.5602061389328812 0.5504576192835618 0.5712124338449758 0.5904878458351176 0.5731684649463129 0.5837776844426134 0.626570091197221
0.30121339473889963 0.33644225023695723 0.3344882750570023 0.3688782530217789 0.36706623451271614 0.3622521771132899 0.3881153029087772 0.4101233876851787 0.4259752049298664 0.45935899950466846 0.4866018464933377 0.49366078052788254 0.5333159619707922 0.5017351493819231 0.4772274613041418 0.4906781044543539 0.48140170452778436 0.4688176137603455 0.48506369890861933 0.49598220165454077 0.5143322732899508 0.5427945028667998 0.5531139295198794 0.550443114820651 0.5173648786783761 0.5409886280912178 0.531753957854993 0.5149080117647706 0.4963062673185536 0.5164400467049264 0.5172627058900277 0.5309239028291187 0.5667851474588925 0.6011763144930382 0.5741001322292656 0.5894937414484063 0.5847615881261911 0.5923560987971063 0.5989021470072508 0.5822473277745942 0.5755352453408651 0.5763341562731525 0.6193065164519733
0.30487449980594633 0.3018352376573211 0.31382188706315994 0.34346762640742773 0.34057814803672826 0.31492976258193167 0.3765875770580996 0.4241844314147832 0.4461430136599241 0.4932787380055264 0.521332526113991 0.5353938533289107 0.5256449359617499 0.5463021705614549 0.5142089812729425 0.46631169467135014 0.47541209554491 0.46248197817144165 0.49462921241867897 0.5322519661815114 0.5509092727877198 0.5582519856586513 0.5517990219582091 0.5361906654510443 0.522856593114975 0.543462159197364 0.5363117742151289 0.5093302146580352 0.5049460842189128 0.5055680282748987 0.5220719951947161 0.5712054251411429 0.5899020465172929 0.6243444410508302 0.6114856545441826 0.5798777525122972 0.6042728716483347 0.6482648573790233 0.6005737944947663 0.6000107478964626 0.5769199704074696 0.5840815427220545 0.5840667885583319
0.32746384954244534 0.33721010340179614 0.3404493254824058 0.32824506237075723 0.346437811580288 0.36660209794819393 0.375797860399583 0.4367277495318146 0.4560884118636046 0.48465286065059787 0.4891087304929173 0.4917248623414312 0.5177449860280903 0.49298833282922444 0.5005260323479012 0.46562442289764805 0.4692304277174413 0.4461974190936956 0.4724863187545188 0.5317922821123956 0.5497879368180393 0.5534930976632738 0.5635955389691027 0.5350113264220009 0.5681395749706709 0.5649692550176587 0.5625860932918031 0.5393642135090455 0.5310021972077035 0.5621657383889357 0.5644057608412779 0.6054474880663631 0.6174631130359909 0.6293074014807123 0.6092576389155078 0.6082020456368747 0.6324884946070736 0.6483163151863173 0.6160976847832235 0.5960524521454823 0.6043435507580359 0.6056062994251458 0.5860260512285154
0.36967374542703063 0.3618147659015168 0.3322763703368497 0.34291431630435726 0.36785271286148413 0.39490607033770836 0.4051826785745923 0.41286494332767176 0.4431293117730217 0.4708763040386734 0.45168940221004883 0.46295368491931305 0.46596809582801674 0.4778172235296305 0.46107334008366113 0.4384011655941347 0.46261501623107953 0.4482371690435893 0.49155491077592484 0.5284189575511625 0.522554179191909 0.5591038591927735 0.5440408980290197 0.5306070078764276 0.5600008748182307 0.5791632990099557 0.5692743365342047 0.571814989511503 0.578093185231667 0.5753617100510017 0.5944627722056285 0.6121814227701022 0.6131494370067812 0.6292754314330667 0.6124919904735762 0.6353806467212215 0.6127213544816854 0.6275049884832846 0.6057990067818524 0.5789496362269683 0.6022985026467904 0.5842126701326648 0.5959032859782134
0.3894333283874923 0.3837087999221564 0.3596500893438081 0.3641951270866577 0.40894953295482034 0.40365647196330495 0.4130727890655528 0.42195900986052803 0.4508183712080273 0.44332175838207794 0.43656198559672915 0.460453940181218 0.43220109748986724 0.44384886260293954 0.4337752988840615 0.4301295100910305 0.4463018039743538 0.4708047318945458 0.4863297530463038 0.49886363136809597 0.5271691384680907 0.5125445333232612 0.5498564729075028 0.5535768162918212 0.538877882570917 0.5734686000472498 0.5767869220567604 0.5625925355758835 0.5614904484980756 0.5754442300291126 0.5973324178701753 0.6066099627935638 0.6091500452523242 0.6367974372253368 0.6420811533376602 0.6368697222954915 0.6358084457231638 0.6104952359362509 0.5787268954826942 0.5735217122755112 0.6030834401077644 0.6217133912995739 0.6028022453057938
0.37477704914986765 0.3848760766067126 0.38612561620032976 0.41216371155183434 0.4274415325367218 0.4360907426331919 0.4209005150052941 0.4289119306177008 0.4224253787325908 0.4548138947598887 0.4515158731825267 0.44035355141716725 0.4103670173223036 0.41139935017524687 0.4134111091356249 0.44290171507429127 0.4351212913857909 0.463026136929731 0.46203628320277446 0.5017892927773605 0.49346011634970605 0.49251521612849736 0.5445628464151048 0.5547703945009306 0.564282427036111 0.5672937420897298 0.5755330292276813 0.5802530746272003 0.5820847488387846 0.5620685816856229 0.5782422747989311 0.612786645852799 0.5864636575420539 0.6158154412535883 0.6349672426409168 0.6311526119398727 0.5971048947034797 0.583348029224446 0.5797780214657602 0.5957957627913931 0.6192058058702832 0.6365345998010838 0.6202493603104284
0.38929211636687977 0.37008216832078195 0.4004295422312624 0.42049854963039796 0.4071380200170242 0.41844332091986663 0.4098606050948822 0.41592854339126073 0.41134374021325215 0.4326456175020718 0.4330759576889331 0.4377655956106473 0.42027075392781466 0.43411400572848036 0.439373148909062 0.4577588974868767 0.4601359691608703 0.4459028377173639 0.4462782154221945 0.456658388193995 0.4849047946300259 0.5021946778547223 0.5177509394634336 0.5491418128680484 0.5744532820930365 0.5866751196785766 0.5607987934971788 0.5573146099785109 0.5574954359984963 0.5737532754855321 0.5673593933841038 0.5806199413224258 0.5918405241323117 0.5871468675014442 0.5917444428543986 0.6086814123675365 0.6013273419231551 0.5993160233527745 0.61930104804447 0.6321507557464954 0.6165104001097376 0.6429225469174428 0.625301536540149
0.41401805546618675 0.3695568905791989 0.39495105570863115 0.39310426063711434 0.40537765783550583 0.3800531611624201 0.38137000821353567 0.408633184191656 0.3906925647807125 0.3956341623329671 0.3987550691984804 0.39252900933439516 0.41622799018100853 0.43307842060959034 0.42267840835342024 0.45256858174431996 0.4504599854184763 0.4147024038794325 0.450416445561365 0.44423528988408345 0.4793369206431773 0.4685252246079448 0.4908627515706605 0.5309433710242301 0.5762193876006816 0.5875252363661404 0.5946118993725032 0.5914515479999832 0.5534172018250286 0.5667693479883901 0.5828459918397533 0.6059261590092405 0.5737776308531051 0.585935485706213 0.5697368197035844 0.5483828461483812 0.5829368430695209 0.5899465452547309 0.6067725045255126 0.6269997292216348 0.6310750576734431 0.6279019563316194 0.6387688801653312
0.3970589748925022 0.38064785652485883 0.38082621408030143 0.38222524516822864 0.37413393249014393 0.3931837036932506 0.37629223770232345 0.39313973328576185 0.3862279366619984 0.3891628710440291 0.40882482969203154 0.3959704215827959 0.43311613848521285 0.4365590556834732 0.4469633287341794 0.45861848258646315 0.44872809995194385 0.4134367212035047 0.4194371697827142 0.42884092524630707 0.472098608695177 0.4670981675891909 0.4957427497491656 0.5419309424617441 0.561405571982781 0.5882472914613194 0.5658525630488677 0.5820866921250283 0.5606362164059074 0.5765229713318715 0.5662312334638984 0.5636375466553867 0.5927733526827768 0.5855631683051178 0.545224439652275 0.5400903091295735 0.561236494644287 0.5974056196414531 0.5997462631225726 0.594168793120402 0.6276969627103168 0.629529376591563 0.6564063722490754
0.3816906421012082 0.38863040469198806 0.3858072659761091 0.3828746432664023 0.3789551835364861 0.3623355847735047 0.3564456794612072 0.37593940114939733 0.37679556643880385 0.37972850806915776 0.3850097033131819 0.42072482259636 0.4092913991147338 0.4139846737455058 0.43585757446042367 0.4407444372747286 0.454755062815384 0.40410467112620274 0.43080548673263974 0.435491216570613 0.47423796477131336 0.509683485584009 0.5092278274349956 0.5515626822084942 0.5603522548844784 0.5819494523565988 0.5602963094409901 0.5527841545901869 0.5819060903461808 0.5687125600970742 0.5738837217074143 0.5746813089825462 0.5769704842870306 0.5486648857796652 0.535860798337083 0.540020092046215 0.5610547271795463 0.5889502180424818 0.5964282467884123 0.5945592862817731 0.6116738929838721 0.6621254162571343 0.6792834736165297
0.41363847549040256 0.3925182985872149 0.3924851678577526 0.3591875385997986 0.3524524788215395 0.3530987672331568 0.36609193128946566 0.369335670704183 0.38524665120451157 0.41473253003771804 0.39599905103426664 0.43281800101099066 0.41927215435737974 0.42545841306737775 0.4000498300614067 0.4145255895453743 0.4405859781297538 0.41997609813500786 0.43275813146310643 0.45963848723726186 0.4781675039188421 0.48207152992390345 0.5200874760915795 0.5180772309111477 0.5295828444439912 0.5492022364017474 0.5515818360732602 0.5668188693201621 0.5684277602950445 0.5953799535213401 0.5825582947213949 0.57315709119588 0.5805242787585749 0.5919996709606473 0.5838231125665274 0.5983585173570979 0.5845978001177112 0.5812204440850353 0.5918323149856157 0.5973045174275607 0.6463738576266427 0.6537091247680804 0.6756372444864263
