Raster_benchmarking/DGGS/continuous/raster-202.asc
NCOLS 100
NROWS 100
XLLCORNER 1743160.3829005526
YLLCORNER 5469294.004835701
CELLSIZE 10
NODATA_VALUE -9999
[rows 19 to 37 of 100, columns 43 to 85 of 100]
0.3426640909690134 0.35094609462546034 0.2966609810258631 0.28310018130748504 0.26578567179444185 0.2758609227636098 0.29256972748248844 0.3078256718740283 0.2946062235407037 0.2746234028580462 0.29137916371649025 0.2702793424958691 0.26531588329213435 0.2678631688509405 0.26448355043281463 0.24608492793327785 0.22375400499726306 0.2263920980147953 0.2555983623690506 0.24534893275144393 0.24113586593605651 0.2325906281954299 0.24242009694031383 0.2705542715987018 0.2650040382775942 0.23822809890333935 0.2751271161458557 0.2715960427402691 0.301078726426328 0.2840873270998462 0.26326188785300725 0.2718394552148914 0.26197085738848214 0.30264070040012314 0.3195188735883623 0.3607756202054402 0.3792611013742873 0.3425088263065025 0.3528003738528531 0.4038590728597269 0.4103384982059322 0.4005866452132061 0.3924506774694603
0.34963193958499966 0.3502663962131712 0.3125691188192562 0.28686616084467786 0.27425354071838226 0.29306943437823485 0.29955737122919524 0.3198784209411564 0.302756490413618 0.27373806220502245 0.28291960559842877 0.2663124357332156 0.2799285409333956 0.26331614038077517 0.2784831615893548 0.25794124356075976 0.2662422280850012 0.24636740195409537 0.2403948277750822 0.25216749376904574 0.254219408861613 0.2624232976971365 0.2469785515561197 0.26923804209009333 0.24481098253292174 0.26183368695600295 0.2837074965122154 0.2813697562032685 0.2659670180764339 0.2823049318072372 0.26870490858281265 0.2731647094473725 0.26459455623571987 0.2813236285252663 0.3293065019231618 0.3235670167275527 0.3565088109025173 0.35412703607373625 0.3963906391871457 0.40915111612638116 0.40531060171787553 0.4285571580060542 0.398658627762131
0.3786264790781233 0.35430903422272003 0.31361804604973037 0.3370343737150026 0.3216337191595937 0.32113619020760376 0.347030444106918 0.3313122200199939 0.32519414587093115 0.3063377634728991 0.27164452551410034 0.25353259908679476 0.24710160887546698 0.26875623893621964 0.25502326480963505 0.27716639648411906 0.31428541379317415 0.26267038210008886 0.2660547872448696 0.2710438191501676 0.2921456756227993 0.28549659734730015 0.2857087973048581 0.24374889090258253 0.24963373732287011 0.26265036840332423 0.2899904706921764 0.2855023014959471 0.25171453979439956 0.2726636099580007 0.24936771755206016 0.2547304657095794 0.27369274173012065 0.28736325547972014 0.33101203336208046 0.32636590595093046 0.34062624955674725 0.37338738610789346 0.3983529899868296 0.4010972594951154 0.4395055961391177 0.42077661779871595 0.45284097596595585
0.34490451015184836 0.3426582655718868 0.34442693629143534 0.33822231416797877 0.3267401684444752 0.33121716394710754 0.3240922259498478 0.31663897045506956 0.3192859001974367 0.2949963657236913 0.2882251473099409 0.27094470987642505 0.2541764993346771 0.27751842264342436 0.27836636267361115 0.28763888917687014 0.2676483366931046 0.25866088243750046 0.2618784678886418 0.2860706578578938 0.27740873736647564 0.27087092803820656 0.2430700349216435 0.2551541511012227 0.2738896561095135 0.26612645641688376 0.28445495788800124 0.27793627146434496 0.25274139112528504 0.2758480820359975 0.2850325922663928 0.2792983888878611 0.28607493952959767 0.3180118951268015 0.3388511011319761 0.3416368499423096 0.35640278510294143 0.37871889261258734 0.40197605082345883 0.4272124678849137 0.43230426758284374 0.4464558898588732 0.4306960100688584
0.3561828297403542 0.35828309486781157 0.38576131214859793 0.35851354356945386 0.37403649323836985 0.344775089615106 0.345022295224077 0.2985177183981359 0.31419798086822426 0.3038283812467519 0.3094322997574126 0.2837666532182689 0.299898671084866 0.25788685945892864 0.24896244873739695 0.25304666712241203 0.277528580064508 0.251409249305429 0.26025168344462424 0.26185102597138543 0.27859546908954097 0.24664093376342347 0.23781233700978066 0.24794169105361316 0.2564791254776038 0.25668676665883206 0.2504014673725054 0.2738558104380859 0.2887689041864005 0.2714293111892073 0.3087003476409295 0.30967955943028436 0.2818492657235138 0.2927359485461314 0.3090207004875399 0.3283894942621825 0.37250128419340955 0.3879568821595797 0.40987960332850565 0.4067445869255879 0.40867929095024463 0.42157376078952624 0.4501572920016619
0.38838146051281597 0.38983910089536095 0.3593125044695832 0.34958855829475677 0.36157088747171684 0.3257021094904664 0.31719374809685974 0.3029682840913058 0.3221652438065248 0.305228284013315 0.2847471001659046 0.2600571643724717 0.2579004693151053 0.2508089911555892 0.25798418724790095 0.2526655518743069 0.22993585516573306 0.2574684229703416 0.2345400037902087 0.2385355454003758 0.22915158237915226 0.24006685676911044 0.2461683909622584 0.22544844881597367 0.23677251608079022 0.27010456675548283 0.26123510426966845 0.2687233461065339 0.3051233836949002 0.2832194955709798 0.31551095670315155 0.30493167689883166 0.2860886246244082 0.27961071361487944 0.3060495327309032 0.33009571758997813 0.3782455034440786 0.3747378757932471 0.396366571446073 0.3817483893662281 0.3980916506263487 0.4130809324113595 0.40820278374639235
0.37568581550189556 0.3772495289538224 0.3678755042151634 0.3393588106915532 0.32759428383187145 0.3332220878493801 0.31891637272491485 0.30588622296562046 0.319033747075796 0.29126399205718717 0.2660796562274406 0.2509504842980883 0.24703713947178224 0.23189408074694312 0.22623393085096802 0.22133145789719938 0.21846528182268524 0.2520371078659812 0.22447672688921042 0.22312869967430277 0.23783180222943937 0.21819963199890052 0.19759017222060374 0.21251282617363512 0.22438568463877046 0.27378351318838845 0.2616634930052915 0.2735896144466053 0.2930630473634077 0.29046989164026227 0.3233372695784018 0.2919554140929783 0.28830314509512134 0.2772074845842348 0.3072844364613384 0.3261299493952018 0.40092671248531486 0.37166120259452684 0.40047960123670656 0.36990964158736106 0.35526139735526635 0.35843435371453625 0.38047814514902256
0.3579300823810225 0.3457596602623684 0.3340206362608254 0.3330072775968262 0.32011161790747594 0.3176337386876025 0.3102918809736303 0.28499089708338726 0.2701176462434456 0.2663148918063075 0.2664859465106587 0.2536641552158277 0.2675078486932576 0.25423038586333946 0.23404055501101828 0.2157552797553924 0.22828314544556505 0.22611291896844143 0.23253619352752936 0.2180237718039259 0.2235647979598294 0.22268987357611783 0.19958985887053185 0.1996906706244196 0.20938152969972107 0.25115764886955366 0.2430321586457073 0.25503528392791724 0.2867582272606588 0.2799981206034471 0.28410894631756584 0.3167391566822795 0.3036509572569112 0.30205290645289595 0.3354454588487636 0.3493025053970634 0.3683535379821521 0.38018415195379734 0.3560509904532352 0.3672518570415966 0.3772788917799093 0.35553755767520523 0.37719987054246845
0.29815991129986835 0.3008811496992582 0.32102310496768005 0.2968969185055137 0.30394860756265796 0.28288338129205565 0.2985428462142282 0.2940209759045467 0.28670003815635287 0.272560642242906 0.2405603512263129 0.26014594986657064 0.2597701394663172 0.24686108660434355 0.22858814808843703 0.2402686501040478 0.27240093159761347 0.25695438654466696 0.26885724717653114 0.21440371558752327 0.21136292889187974 0.20847425409020182 0.23301345370182092 0.21774386063584955 0.21948291498383088 0.22133094890415175 0.23471376420984286 0.2602259419066172 0.2798100599132888 0.29078136527622633 0.2638319314600944 0.2911559226698417 0.3307312883874773 0.3223422279698214 0.3399582507318862 0.3661255804548717 0.3389345805959051 0.3400379971925545 0.3420436314525613 0.3378677647353136 0.35747998995182517 0.36309707738048635 0.41466517418893173
0.31623917558278025 0.311360639948163 0.30620307488700377 0.31732192170931006 0.30175952938355677 0.2747652953655034 0.28350954760879926 0.2633798142032662 0.2481298809016715 0.22824874685937374 0.23210498476931452 0.23690331893951638 0.2166359894101457 0.22310531366834455 0.24523123998560686 0.2316390364326723 0.23718477435204635 0.23155959227430536 0.24111054593964523 0.24184303226711504 0.22605523527908455 0.23480438308505258 0.21706057284670172 0.23134403112817173 0.20966357117026604 0.24548857882491654 0.24300923562069107 0.2719943723661305 0.2788999938338623 0.25412290689619077 0.2795384915074014 0.3041884518932651 0.2932414736027713 0.3163129915051275 0.35303289179880265 0.35219816270134385 0.35627419211382283 0.34799975051653614 0.3590091544236217 0.36970828598661587 0.3527839940755316 0.37821798044526467 0.4115886385396518
0.2804786468235057 0.30311030985920845 0.28510319461958455 0.29724801032009796 0.27482465487139995 0.2524534382008309 0.2289753746336267 0.20438832077840902 0.1970704579536413 0.20880638496259826 0.19967539563503667 0.2244963049943236 0.20775775543127262 0.22675729882865212 0.2194709355138544 0.23894397892224487 0.263061344100097 0.23522719226196565 0.20912832013531496 0.22450886215216945 0.2242525965924667 0.23714831055379543 0.23980702296417358 0.21666548155797574 0.19358361643430075 0.20979656448585404 0.2626325879209024 0.27607202031591377 0.300641730321489 0.26458528891986083 0.25817582320724974 0.26196609060971116 0.298771554026838 0.31420178818082567 0.3276908512837481 0.32063175933121574 0.3139858269620976 0.3566308633743486 0.37548779193174947 0.38583162809695426 0.38122045022355383 0.40762470118899924 0.40954997660792486
0.3137913893481136 0.31351857884243095 0.3104711846767066 0.27803700361191425 0.24910282011358087 0.24593865224404537 0.2116155071990742 0.19595587642859535 0.19389050246883077 0.21307246346803418 0.22964051478078273 0.22521308711383617 0.20341100025613834 0.21752251870199377 0.2264508863763434 0.24494847549084459 0.240981121090235 0.2173936733128399 0.22425571379129097 0.2041740565825058 0.2063114394541979 0.21081859286950289 0.20280619427005167 0.18485478471486755 0.2057203117327605 0.21242949200083308 0.2425765890333861 0.23346152047155183 0.23399539438196376 0.2630798078470372 0.24779668775972183 0.2718988619945648 0.3037909745361318 0.32104665089361195 0.33406175343257444 0.33749664259824624 0.31961193279653727 0.3390241085852796 0.36542294452095736 0.37113232074502206 0.3663113208268981 0.3751310205186853 0.396381302641237
0.3401881778867806 0.3180089463296013 0.3034748960904614 0.2582039425514555 0.24748822449076543 0.2569895415357531 0.24369282686915275 0.21220878801675813 0.19997084889000388 0.22343163587832165 0.22177621876751494 0.22558027519921314 0.19990165979404687 0.21104399883051064 0.2161012765927574 0.23438088514295327 0.233752979175456 0.218213855020762 0.1828351105647714 0.18454653494776405 0.1768822677381523 0.1860002552377745 0.16454719863594958 0.14629352860576086 0.15696688282994187 0.17338254968573885 0.23710121346373547 0.2030214090388907 0.22022188271958212 0.21850829661263488 0.24816093913763826 0.2887207879713456 0.3010888860828552 0.294727076648405 0.3218562478108787 0.32088951188439985 0.35621561688813985 0.3525505590647502 0.35979105695821023 0.3391330918968546 0.33187731960076683 0.3611006284702137 0.37364195947913237
0.31154032123359743 0.28385838177225997 0.2492962303647351 0.25451603556836133 0.23040650826296402 0.22431686691352767 0.21302127514780975 0.24016761243121534 0.21276865364369607 0.22275512395453007 0.21697228894601533 0.19013025447806248 0.20752829142500678 0.213185223293668 0.21582843064701981 0.21344678119019705 0.20117902404574606 0.18952831328620884 0.18350248846733966 0.2017480799834723 0.18381869227780578 0.18367759434397954 0.17314597172843446 0.15468975586458678 0.16447444320387614 0.16574827720056767 0.19486707150402482 0.19838845161626067 0.21324111802264833 0.21515294458767548 0.22323808517731997 0.2731922209169757 0.2960963701733722 0.2791145108510815 0.3023803916684255 0.32516616773649076 0.33927919990104377 0.3480954606592104 0.3475977163884256 0.3316034992687155 0.343419718001827 0.3596815040897731 0.3639706850965702
0.30866788377433585 0.2728820896200438 0.2357031009828046 0.21529800539596597 0.22392299730008863 0.22891588421194992 0.23061077406558594 0.20769866354740874 0.21579363212352748 0.20468037528298885 0.2023848134521836 0.20761196478210245 0.18218938070800533 0.19900746821824603 0.23145821755655027 0.23038928521124982 0.19127694668338618 0.17708458082001757 0.19337827798353774 0.21463442950236247 0.18986937760314046 0.19001260810680787 0.16889522388657227 0.16199608441759433 0.14197661663887093 0.1706704234669082 0.18994264673027597 0.19363342387422705 0.20419090819591343 0.2267254256949098 0.2243227304580855 0.2633042660970042 0.26643774081173244 0.28687039090369093 0.2807436121616391 0.2952426936247947 0.30342176636152274 0.3389126200160071 0.32431626452195744 0.31661778622200554 0.34681825491092894 0.3769396826738212 0.3664683482759892
0.26303287554799354 0.25550722344874066 0.24334161919228833 0.2267515929915566 0.20279393986456465 0.19863692563217394 0.17550433419319705 0.1827036428827837 0.18071583711043152 0.16978525492960864 0.1923269583741894 0.17258177686045523 0.1480775792583092 0.1773241008089379 0.22636907414191887 0.23053742619991657 0.2133003369147675 0.2075863642537453 0.19893414019746308 0.21698936457685716 0.1738858812568496 0.17064533588745925 0.1585100531508188 0.1739421209151984 0.1727471719102707 0.16187294989248718 0.2042656113778291 0.20922083393024052 0.23489307125706635 0.2666595458657645 0.24582781209655097 0.2739188815798707 0.29453298032285385 0.2872103388090607 0.30233365712537336 0.3463737668883611 0.3206160396274662 0.3310116596199665 0.3475678595307612 0.3417776997289482 0.3510777620676921 0.3736955679145858 0.38692908766788914
0.23942524197251328 0.21119998694106734 0.2137886298479234 0.19190386942769447 0.20168099849779286 0.20354908792349566 0.1572760342163887 0.16038746029618145 0.1354469067046585 0.14712509361157106 0.13700532584623729 0.17348914893521736 0.14210813037979148 0.17854946644913997 0.20580712251296235 0.23116187035215333 0.22143204699167773 0.21118691472076154 0.2030719483477622 0.22987416907109462 0.2019480504310275 0.18715223931779157 0.1548762168832913 0.16255102075852423 0.14814749185977602 0.18878834197540106 0.17664737341324982 0.22164154279393536 0.27059559323521803 0.2794256606004612 0.2981218733950014 0.3027186391442038 0.33758966493687964 0.330240523867694 0.3501034070597597 0.3499993696839892 0.37330860975504715 0.33925388618859464 0.34717020810299193 0.34338073992913315 0.3449947954433041 0.37428117738524863 0.3813915960699234
0.24033954469473817 0.19450418302808478 0.1767863478729459 0.16555749294744718 0.16585763015047297 0.17738675231401196 0.16155361944437874 0.15357940316145777 0.11440865749941619 0.1515157361835869 0.13857543347410517 0.15724371603232018 0.1588770202120868 0.18541974716320175 0.20046360705867383 0.21248775873343648 0.20405040122639384 0.2126288215409936 0.20354922364006847 0.22507711779652334 0.20652589547456715 0.1655220612387197 0.16569796704256118 0.1701419156152566 0.15707564129540774 0.20357504083389968 0.2116707109839667 0.2533076180598906 0.26698102157233394 0.28542964435075313 0.2998677356679767 0.310999535718517 0.323353263167374 0.3511468205098541 0.33697949096044655 0.37856142641326807 0.37357876383822225 0.3639130031739808 0.37772909659183995 0.37456130613545163 0.35363770831473307 0.3680163410164985 0.39332806434674616
0.20380122440424842 0.18418721947676295 0.19627713910413372 0.1540850079679677 0.13684872067104423 0.1714094823441763 0.15728897858173213 0.12777355658561462 0.08333785824694442 0.11634645975207757 0.17702328806132558 0.18051125985022523 0.17207445717064887 0.20437330619904592 0.204613636490795 0.1845918275505078 0.1647760339532781 0.21245873419030314 0.24053326521295298 0.21403063969919395 0.2135772830261568 0.18033127429647008 0.17375833170110816 0.19552115332398154 0.1800337882454184 0.20090460065092597 0.24029277622545026 0.2667123396682534 0.3061331177146593 0.3002126779427783 0.33544902174278424 0.3301186024989965 0.35478465262742087 0.3617859458449296 0.35142070541419823 0.3865892147846174 0.3934009108939984 0.3948489339954693 0.4219568686400606 0.3979645385312915 0.39494287251826965 0.3841556756090003 0.3616305102724271
