Raster_benchmarking/DGGS/continuous/raster-323.asc
NCOLS 100
NROWS 100
XLLCORNER 1743157.977587222
YLLCORNER 5469282.319370215
CELLSIZE 10
NODATA_VALUE -9999
[rows 0 to 18 of 100, columns 43 to 85 of 100]
0.5472248769435069 0.49754255315533286 0.548335610737024 0.5193447906099555 0.563886604972872 0.5004490214555296 0.4812681988636442 0.4271203524143541 0.4487670430223904 0.44407341931025207 0.4257608565711382 0.4451192804554599 0.4321259286076783 0.44471019412786794 0.4400724606879072 0.4093309893915602 0.3801685415675701 0.38184145056691454 0.36383389516254083 0.3723625584678933 0.3501641927064396 0.35962998747078395 0.3982025264966557 0.4437200260439649 0.46085106780684165 0.4722132854614915 0.4966854537900167 0.5269620068757664 0.539998571364184 0.5714274322627209 0.590893474690447 0.5952381997532741 0.5712986103335682 0.5960308673070804 0.6147723630124218 0.6147685174607476 0.5716335740445101 0.6032502118569986 0.6118489844233669 0.6275782866736891 0.6086412212332039 0.5575326091786754 0.5710490105830899
0.5358605153914713 0.5279200500594433 0.5337213886319803 0.5630207689283231 0.5667345202189602 0.5623371549079974 0.5014837248864958 0.4619175382440894 0.4210799879402294 0.43733921471741916 0.4467403183235083 0.4404415087218011 0.4477688155899004 0.4580873205566218 0.4571103274609502 0.4278513582465279 0.41553663115567335 0.40629149404106374 0.38229741400771017 0.396620448263421 0.4384900499039345 0.4447453315549359 0.42533076691569377 0.45979391369230455 0.4627328813738628 0.5067897632142786 0.4908293590807306 0.5123557073698788 0.49364233374417427 0.5244349794055342 0.580275635361817 0.5803982441332622 0.641379983480182 0.6484184908594997 0.6664438972439682 0.6392176780506081 0.6095354165164832 0.6238274068941934 0.6305844448244698 0.6061313893022234 0.5926805784021216 0.5563317762185276 0.5676700077982063
0.5267584501736805 0.5629315652335406 0.5460132030817431 0.6011237402891253 0.5952592042195851 0.5596287629661474 0.5386334093310366 0.48070080786346436 0.42326715697784234 0.45696730376507794 0.43212693193506924 0.48354014028093323 0.49255980214203304 0.4771768019257093 0.4044930312964799 0.44927945702251026 0.41479692227294723 0.39172123963286 0.40561619137468496 0.40761905038406626 0.474952808907708 0.4888056770880173 0.47852786554506277 0.4669894790794945 0.5086806822714153 0.4887046186662628 0.5364112852818965 0.5324268207820683 0.5005477008661302 0.5518806961235041 0.5701294518543586 0.5972143077862078 0.6812099958832462 0.6771960615703044 0.6463417263093965 0.6619861109187919 0.674716169950133 0.63193680806828 0.6479337655326729 0.5750576980713705 0.5053450651157845 0.5353048029221865 0.5405730767734784
0.5389692934229393 0.5538424874580342 0.591567406316532 0.6020678522440838 0.6170445728219303 0.6280772583191719 0.6156027329150937 0.5462409619207039 0.5273688314737164 0.47251605523081897 0.47970607252591907 0.49779263876156526 0.4820990514721415 0.4331152636067524 0.42915841836762736 0.4442900671502364 0.42729121345707244 0.4368321163023705 0.4560629838683103 0.4703505985250424 0.4815389474407281 0.5093514223701888 0.5019989394127694 0.4928154214900686 0.5172030986832337 0.5108962999250068 0.5353282803861432 0.4817424273865449 0.5148626957059919 0.5542057497725525 0.5917012325877123 0.5847552191279165 0.6144319035070278 0.6494213401598123 0.6455823672528918 0.6381799608759613 0.6690506066385022 0.6662007370459117 0.6306218335690444 0.5720413762249127 0.5203045134953644 0.5053738112074471 0.5366632220272968
0.597848055684996 0.6054826437962672 0.6378370764381557 0.6564225565225739 0.7134580427387863 0.6596141497137697 0.6449881921891273 0.6067375782251354 0.5685808514381715 0.5316070991594091 0.5533553171807101 0.5441302026549538 0.5094026227154546 0.4661955056698689 0.42711031558682316 0.4230736836741019 0.45727032133976375 0.4353661658562335 0.45691703350860324 0.47244959619079835 0.4712975112260223 0.45650092662051245 0.5073822730109249 0.48254146127033604 0.461327000497016 0.4686990036049482 0.5026085684749317 0.4941283716713138 0.49459369387195157 0.5346844572893086 0.6006081989614827 0.581294839620658 0.5942434315290686 0.6059313706280905 0.6194886242016513 0.625901858148907 0.5987029490997892 0.6384800675538618 0.6280553384485759 0.6018750231201571 0.5633471872845752 0.5288456313775067 0.5072866588591237
0.6921674221213362 0.6407611936738338 0.650298926564051 0.6882667537473054 0.7073351348295178 0.691593781884175 0.6522203001188591 0.655299731585267 0.6275443921179219 0.5961592267825233 0.5211677584340563 0.5022370749316037 0.5131412288406754 0.46780186385931083 0.46757550644673146 0.44573353090292933 0.43438458289592236 0.4303296770113152 0.4255300698402395 0.4285441593401632 0.4428461295169175 0.45034537578018186 0.4712783433585827 0.4624968607126453 0.47180268046125023 0.4624866775124143 0.4559321633328845 0.5116326807798972 0.5177437625041288 0.5435829001547303 0.5766139956364592 0.6177212680408524 0.6260481222440332 0.6080931357432183 0.6328017022591397 0.5857327926150332 0.5601531351670743 0.5780948445266594 0.5808222537179801 0.615040924156797 0.5623870672891326 0.5468769681908766 0.5508369802932523
0.7280077532237987 0.6853646688095139 0.7087017307895156 0.7197647542462454 0.7798516597020145 0.7582638353964631 0.7022899599550376 0.6735240136635147 0.6174988439243397 0.5910323232997492 0.5363949819410478 0.5475732433523306 0.4920077639680453 0.46395328224568394 0.42059619437143125 0.43545505191519446 0.4210964402136802 0.4302942253238984 0.43091712548811734 0.41265123088363725 0.42194959071083354 0.4659406857879791 0.4927924250594698 0.4819781085692396 0.43945394833241264 0.4371431281549696 0.4441245559914828 0.4809439089917698 0.5721423113669628 0.5553742347207165 0.6042804763414193 0.5954391047624814 0.6478096567709702 0.6431780255697478 0.656224203958257 0.6233796581051211 0.5844698440411759 0.588163282158827 0.5792365024294321 0.5964921738790363 0.5852605383380675 0.5757163901453423 0.5870517689851236
0.7509145737506632 0.7824672084591437 0.7591875765885908 0.7813181165275322 0.7861090705236967 0.7885971783630783 0.7434499534588427 0.6714457640615593 0.6409381369052349 0.5975734673593792 0.588148183462206 0.5410387297674618 0.4847707659905899 0.48393648686536633 0.4380064179447492 0.43655647495264277 0.46527306959647746 0.4208515854228122 0.40826939674914364 0.40926805410326833 0.4518735218231431 0.44002803266874463 0.46629999246792536 0.47204060592511476 0.44058381486966597 0.4021727601320052 0.45674521037417243 0.47497159886392654 0.5236966383375347 0.5683409095774933 0.6234308257195498 0.6139035571715609 0.6499403053812648 0.6442916268448566 0.6011623584699067 0.5876249415182756 0.6030817015333528 0.5858907324158394 0.5843854840210712 0.6234699125228849 0.6156353364869233 0.6105747674387051 0.6345861879582249
0.833593264595409 0.7970172677644861 0.7889765970719588 0.8160382302189444 0.8577058220964944 0.8267601064570508 0.7857020942887485 0.6887919392605601 0.6528239630718977 0.6363926160838653 0.6355448929828216 0.5238207214435715 0.48760059941500666 0.4749243236548726 0.5142236201261106 0.5131255974436544 0.46249877853153804 0.41606190688575345 0.4324715066805674 0.43742949079865595 0.41856425458267793 0.4246902008392688 0.46179395567254006 0.4127854537006748 0.3983424773120277 0.39904841431259763 0.43961675790383636 0.47567752806358404 0.5587822640458613 0.5917264559274112 0.6255141677111835 0.6660175927078836 0.6696517166404837 0.6028991747550616 0.5858127136319582 0.5904547864347784 0.593392616657419 0.6047357324007823 0.6135642180928692 0.6458040621221453 0.6228485821053024 0.616099444511077 0.6303382497293549
0.8754402939524416 0.8462983519009935 0.8233966692303547 0.8250818599707329 0.8421189160641601 0.8214715950114372 0.7793460783515069 0.7626780297142687 0.6761743884418434 0.6503059743035948 0.6228211960817264 0.5329959175342557 0.5247451311995547 0.49281657668736756 0.5292373448125243 0.5219104945458667 0.5155295600706333 0.4668591781896176 0.46451833597249803 0.46742516233956705 0.4871301102722558 0.436024843152029 0.4374517901543476 0.4207899384564341 0.3898064617056619 0.42487617159651286 0.44847345933843474 0.4650574297942503 0.5366427819871923 0.6000467890334616 0.6074898063538173 0.6361294670863014 0.676924039650788 0.6280260196337148 0.6088973365042795 0.6385157582547818 0.6288511066084468 0.6417652301734549 0.6337482882889863 0.6573494848002082 0.6196485329801681 0.6550120350094201 0.6562162573801804
0.8807456771021306 0.8299118119338524 0.8019114219718901 0.8358651064122486 0.8937173734485757 0.7973123832509619 0.7569305193945038 0.7493384029443966 0.7382824481223773 0.6707994399842641 0.6234508113869179 0.5748169719141272 0.5023957682154333 0.4814376615579055 0.4919782583045574 0.5581795821658582 0.5486795004658669 0.5191852917291737 0.5043111233055143 0.5187159876201636 0.5257360933824327 0.44956063752972203 0.424758912688115 0.4577280701581832 0.4143063263255749 0.46725772270592364 0.46249114083663023 0.509233497990389 0.509420627736297 0.5671120423624267 0.594062200277181 0.6224501515853753 0.653303356476164 0.6091600044836817 0.6444012782629145 0.618110363949051 0.653980685182947 0.630247768956651 0.6258656078798592 0.6383285791117915 0.6639898452588622 0.7012522293760127 0.7149121177006034
0.8659808771414974 0.8578886001885095 0.8502093720454373 0.8516472687599714 0.8192900197487974 0.8135431272272923 0.7667652052097493 0.6959127673239806 0.6675787301643935 0.6730827646454998 0.6402641381975723 0.6019089411315403 0.5439271029188725 0.5492386048415449 0.560079110675508 0.5750496919440855 0.5488919211267983 0.5513035938915323 0.5077294173493732 0.5080088747950396 0.5281301245642119 0.47806527633666684 0.45302488517156003 0.46942567632704313 0.46660817073572347 0.48299958479222793 0.5198327147006745 0.5107020516619809 0.5515059958936391 0.5743076246747238 0.5804066086598343 0.6171168012222304 0.6463992200440232 0.624560663091241 0.6382243383333035 0.627826607355323 0.6757519220001674 0.6388550693646399 0.6439014932154271 0.6674007579669587 0.6733333004944152 0.713392232960318 0.7596624307416806
0.8352869416462188 0.7940753754550868 0.7924689935927541 0.7810918699105324 0.7992374074971648 0.7411085008242385 0.7045951816841951 0.7241223303669935 0.6811565722940864 0.6684313394734903 0.5862125888265263 0.58641490055282 0.5855331719339193 0.604403403136304 0.593615235162958 0.5460362446798117 0.5564964036324183 0.5486692332495853 0.556586501628019 0.5296845536152563 0.5330258344893654 0.46561098994675715 0.46304158212506136 0.4614359536134647 0.4847414525259002 0.5210988267539554 0.546411440581224 0.5422431196578701 0.5381171513497852 0.5812823852634219 0.5852031286912771 0.6254026640613864 0.660070298371658 0.6343197816810151 0.6322674384726256 0.6519316150890921 0.6874554157444719 0.6740744119713108 0.6635665560197616 0.6690437337196247 0.6940319270834931 0.7404651830984779 0.7826091948835854
0.8089213656706074 0.776243311883298 0.7707449500952424 0.7666775765551791 0.7741427389892711 0.7443428472956689 0.7317383547183474 0.6982964492268927 0.6988264560404983 0.6451580637000384 0.6109313569837093 0.5985451438291332 0.5816764885616772 0.6022384550327354 0.5916246054627348 0.5242027671100753 0.49533414826138267 0.49958579760573124 0.5092944147633056 0.5078379411337584 0.48934791386144344 0.4966126334456233 0.5017926101522134 0.49801724297149697 0.5031976576960804 0.5502951348462739 0.5463343793062366 0.6039361053801291 0.5768537289215343 0.582751989282659 0.627109823940001 0.6243532600418722 0.651895022445552 0.6286799278519946 0.6280743060708871 0.6427612629223919 0.6579670540333261 0.682278928610175 0.679023801441052 0.7020661066011108 0.7148973391978574 0.7364170792294658 0.7716981479935144
0.7308947196850079 0.7862113324826038 0.7590098077480888 0.7610526780704298 0.7296742795893957 0.7372857936016235 0.6828135324513773 0.664814553489811 0.6513008004980929 0.6466372899648217 0.6030938098961897 0.6341025446563416 0.6097145999552492 0.5517620157122116 0.5346468561102313 0.5286356039596863 0.5101906318609013 0.4835314550366042 0.48480506976556026 0.47280009051408173 0.47563362209919746 0.4495456782926696 0.45775518569088114 0.5169307268241677 0.48805638010980873 0.5696715358443156 0.5883178312839296 0.6371282721177145 0.6318521337436716 0.6678795571940942 0.6887001453746882 0.660324167611639 0.6570307457455613 0.6172049332695311 0.6222360383626228 0.623759474218491 0.668139055809437 0.6910488112055237 0.7091726636550578 0.6863790866386886 0.736761630649315 0.7731746679247572 0.743046243506137
0.7323010772123283 0.771259083352877 0.7230741577142379 0.7237202664556428 0.7006372296626097 0.695149577226674 0.6599196426388085 0.6572159156110471 0.6581472190405259 0.6210771859990741 0.5976228589955769 0.6201063765209522 0.5683418784574257 0.5547628864158257 0.5214919163415573 0.5432687153710111 0.5177005266606061 0.5099254900593214 0.4743185543982681 0.46653328049400217 0.4777042569979307 0.4670457375526772 0.46916811853185886 0.5101893803272023 0.5449260718398329 0.5675893814126606 0.6200709349160617 0.6525313973550773 0.6318150855838289 0.6860707267965649 0.7145917921086805 0.7054909054125775 0.6617984135333802 0.6507318769061471 0.6782576613195842 0.6577083548396361 0.6981626572266624 0.715308908596623 0.7160080258311735 0.7161140006231698 0.7541785212572683 0.767814266164532 0.7623614087518374
0.7701152821998162 0.7796555426841052 0.7507563063443637 0.7153251244551756 0.7222271921214016 0.6847984632459645 0.689926804193596 0.6794166510916397 0.6943929056434994 0.6284026638610803 0.6383378401115373 0.6402165530639584 0.5915720283123604 0.5479156678605156 0.5056312959305841 0.4890626719256039 0.5134381629387093 0.501465574077452 0.5004917202921795 0.45759610107146886 0.4849909404912776 0.49240099123581327 0.4900194022787112 0.5027869546684096 0.5472129334095294 0.5930177068910768 0.6256446950574849 0.6677761935974562 0.661149346141588 0.6797273318080442 0.6993308709979807 0.7236910702300193 0.6875479298046616 0.691333795277443 0.7264444858735816 0.6970378643540479 0.7080607596476023 0.7229908293444568 0.7371315032163221 0.7469520711366697 0.7608978015903607 0.7716754814398339 0.7482138431343117
0.7412115149817154 0.7648299463921392 0.7416762827476181 0.6885315863298684 0.6719688265741717 0.6644039877721729 0.6908246390893135 0.6994738838283338 0.6627687336496342 0.6723210223152892 0.6234270911587118 0.6050338361545385 0.5836324931115866 0.5439827994260923 0.5224334242974149 0.48889142156367216 0.485899482018174 0.4857673837439537 0.4818875611614655 0.48873756684644704 0.48165871185236736 0.48879108042703173 0.48275808346821275 0.5114675187123503 0.570011787618503 0.5668920903120358 0.6353217327635268 0.6552045297918809 0.6650498441131238 0.6687814899478282 0.6832782772094533 0.697625722295111 0.6655011351982836 0.6755767187818074 0.7157085132129349 0.7065476679020319 0.7190416622278115 0.7177427916275058 0.7309695625192196 0.7259745097492041 0.7495727873480108 0.7212048262049261 0.7619602486034942
0.751797805006992 0.7176421172407937 0.6900747019307946 0.7026299113184414 0.6382874717800319 0.6352241647201354 0.6476514463645855 0.6451661884548594 0.6474620756682213 0.614912298323023 0.6205732198820351 0.5929981599361751 0.6035457780524036 0.5827280473061138 0.5397908656812078 0.5326758491042305 0.4915807606238159 0.5178982788762725 0.48145840763528025 0.4942063657182684 0.5169898023942417 0.5398831468011841 0.503337590572742 0.547768509249608 0.574916870321532 0.5700058687893873 0.5897082553813543 0.6335191943296741 0.6714314201867787 0.6606524773692237 0.6264316300666433 0.6352688539520116 0.6744533294913745 0.6535880961713627 0.707174644378842 0.7089122550628512 0.7114171420374299 0.6976439531034965 0.6547777124004482 0.6962333427774087 0.7034624040939189 0.7140581745535223 0.7245794078148623
