Raster_benchmarking/DGGS/continuous/raster-42.asc
NCOLS 100
NROWS 100
XLLCORNER 1743165.7470467878
YLLCORNER 5469279.996269659
CELLSIZE 10
NODATA_VALUE -9999
[rows 76 to 94 of 100, columns 0 to 42 of 100]
0.49785375761925743 0.49244063594581855 0.5272823817551616 0.4893280478382454 0.4886903565209183 0.5009347388396987 0.5004251705184378 0.5441236287901766 0.5116850989998647 0.57368398018419 0.5867210417281409 0.575398318475831 0.5943354457911753 0.5742871489192898 0.5673606750487301 0.6098461826139749 0.6263246390432256 0.6406198300683732 0.6366423228984167 0.6729636859493462 0.6781812367406047 0.681404393781579 0.6590302290643523 0.6537233756513269 0.6820366069942745 0.6761224640470694 0.6731536017365439 0.6886769023557566 0.6757026943105857 0.7081177680527438 0.6931080184177959 0.6515920074626442 0.669621130092207 0.6411331908003652 0.6022396559160101 0.5891936491627587 0.5936115229154297 0.6281592769057076 0.6168893284740026 0.6143465041364562 0.5998327011991504 0.6108430384985453 0.6517676405011347
0.4931915634062522 0.4947921790353726 0.48637368291072475 0.489867301136676 0.45529352234873677 0.47395112322661265 0.5113513830336699 0.5442601831541782 0.5481252119092139 0.5391552333701807 0.5675951458816125 0.6027569240645998 0.6099793899376817 0.5748245972705096 0.5913873677056636 0.5954838066241087 0.6138151780166423 0.6337241575906404 0.6930613277113887 0.6652748667690466 0.6758713925601266 0.690062273742449 0.688441641324097 0.7067576104983117 0.7074403569025489 0.71457957132825 0.7290504730211721 0.7201857150039276 0.7281548807936546 0.6877947145026073 0.6811713984764122 0.6828272943387559 0.6298996171217164 0.6193300666575672 0.6273293335297055 0.6002399965036995 0.5969867059462316 0.622211585490051 0.6502056800708796 0.6225751479090553 0.6366055368565674 0.6402706029768825 0.6178580625558933
0.4505915921067032 0.4723919272729083 0.4740594933195958 0.4980686335743148 0.46543483347969306 0.4959482152676143 0.5389692160822355 0.5363032161838274 0.5261329647767632 0.5279318912396873 0.5741698940824451 0.5805583095448709 0.6012804005539061 0.6095711889040335 0.638121328533397 0.6389987389062498 0.6374260720033572 0.663147350535372 0.7343172872310776 0.7141054415106118 0.6848421555539665 0.7022582771922232 0.7462668314361708 0.697293158712291 0.6848523693570316 0.7152105021102307 0.7345598700716431 0.7192413808609486 0.7377164753277691 0.6681193302998497 0.6445684974451176 0.673880239697095 0.6365292311765857 0.6124438374358298 0.6066713007675854 0.5843172637941138 0.6070967644093513 0.6234694128104169 0.6420722670171424 0.6393840294003511 0.6326274480337764 0.6298428338624501 0.6283759488996037
0.44334666259274247 0.45186015364332754 0.4603636179012265 0.47782631578136014 0.47601566455771044 0.48920694367110484 0.5285178435268756 0.5437995024718453 0.5736373092463232 0.5520629970491017 0.6066904430778401 0.6145125540038874 0.6653083372200987 0.6713167677352627 0.6550611253717679 0.6770725908319789 0.662498216018498 0.6866490747033233 0.7270670916772519 0.7355684445938403 0.7344965215993466 0.7408591858291732 0.7397479730911063 0.7317937131257587 0.7257594266622814 0.7483370290008682 0.7710889673496317 0.7515016090811976 0.7104463145960644 0.6984855782958007 0.6967502187304815 0.6596407090648113 0.653294947618581 0.6136417373332764 0.5951462815574604 0.6039266097296896 0.6328348735452171 0.6195610682752365 0.6373461990052606 0.6204646598420939 0.6128740851950105 0.6234561044544177 0.6452456249511462
0.399315936656033 0.4348529018581899 0.43925849201256634 0.46810563700298613 0.48268623561143026 0.5129887289416809 0.5514554586114314 0.5661386628945537 0.5945670073799862 0.598377032771507 0.5857832772042644 0.632801384462025 0.6783370790779948 0.6689555970094443 0.6928451064689493 0.6885454099678571 0.7109081909628487 0.7328722834848879 0.7518170929240265 0.7637530351069987 0.7528692237843427 0.7729885248443017 0.7739545759228882 0.7198257747701612 0.7337939519891352 0.7670006243793853 0.7655593889976849 0.7679387378659276 0.7443014723351563 0.7312556630972136 0.7034063596077357 0.6733671322156055 0.6525234274100651 0.6436814301314342 0.6223286228681982 0.6189847134057135 0.6091459922584465 0.6038491826588893 0.6124011347813466 0.6497069510712642 0.6447187455209366 0.6506470032619321 0.6390055332107573
0.40865290879746297 0.44005741900430956 0.4433057533036172 0.46425340367721335 0.4930886482437169 0.5053664459300088 0.5386536200000207 0.5484290413843262 0.5668266323965363 0.5880533815532852 0.6139003432532514 0.6267762794498292 0.6921535454413238 0.7058587690375081 0.6653783941685076 0.6623515091575595 0.692426140010064 0.7018056225988631 0.7386396248122848 0.73469537796543 0.76562441327268 0.7814874309377584 0.7628535817780651 0.7309016024243469 0.7396857801145171 0.7638334607224339 0.7819068509775889 0.7361881317014919 0.7353880790571589 0.7484669173867874 0.7102366725451786 0.703101726896843 0.6578249590648622 0.6659792146613951 0.6615556482591028 0.6771456878783024 0.6547615178452538 0.6478740385726545 0.6639092291517948 0.6692984393950625 0.6922576129023615 0.668606065846075 0.6418990468646062
0.41905856690895743 0.43096334255459245 0.4242285342847149 0.4499309213881023 0.4862129393400238 0.5271647897296757 0.5105310154189316 0.5374629330142067 0.5991438121109238 0.5975350396225418 0.6409947189038818 0.6633673297836159 0.6948528428059176 0.6888743012182968 0.664697137298543 0.648111938475831 0.6424974982081632 0.6821649381146914 0.7164465072389221 0.7304526623472998 0.7672202050292974 0.7414173481439749 0.741842130450894 0.7162478260262758 0.72807473577831 0.7385720051364812 0.7656362712506142 0.7257240041246161 0.7392992201814669 0.7648845349590911 0.7328805604791802 0.7266455362568286 0.70293346089359 0.7020934788988015 0.7325201969431377 0.7131034500142122 0.7166204073868689 0.6871791974656871 0.6744068649237083 0.6580749673811254 0.6948588320449153 0.663622208593302 0.633328117307356
0.4781818613392562 0.45657038457549665 0.4361363028161236 0.4390341140286987 0.47990291829924103 0.5110945117996907 0.5197699445218283 0.5322172136803527 0.5598302802410074 0.6096378044320767 0.6573390255053975 0.6662943422716324 0.6501602496733261 0.6329420694793365 0.6174029128683792 0.6307965390322307 0.6641634196014685 0.6962572579017166 0.7237392593241732 0.728817409251851 0.7659413705448992 0.7376917809121417 0.767950172161905 0.7617883862336076 0.7793658592625652 0.76716588736104 0.7747732125010249 0.7622727620695436 0.7800245376566202 0.7591644524774396 0.741083191587018 0.7257629883743719 0.7371051520069172 0.772502925860716 0.7667471877875306 0.7239336601479337 0.7248283453625407 0.7115349630712214 0.7204505126228019 0.6883625196545664 0.6976247231535708 0.679494628390321 0.6440777522124052
0.5282268989834709 0.45774176142959067 0.431332817082498 0.46835238480455066 0.4503305016632112 0.4848138858180683 0.5225638296261691 0.5334103139483448 0.5761549176239781 0.5795174283040174 0.6220982117002573 0.6512854725369771 0.6276180190116469 0.6553365135689787 0.6264046604141217 0.6230194626097081 0.6298737562478902 0.6696580807115148 0.7361339661754513 0.7417667337790419 0.7350552115780284 0.7323926240903373 0.7644685236539889 0.8087337985561348 0.8286912079273112 0.7693466021974716 0.7537128746186827 0.762079829416111 0.7854730263007969 0.7788692288471254 0.754349593514643 0.7443933846502504 0.7979935273805124 0.7712845418047892 0.8027391092869655 0.7620094409327395 0.7330812069819793 0.7276166110102701 0.7362900826157538 0.6968038417325004 0.6896442145659378 0.6773749689861682 0.6490888245356049
0.5100669035664549 0.48477208205540023 0.4824398273131828 0.4551561803791063 0.4461115180466753 0.47848595349426065 0.5284543006796033 0.5503819948766397 0.5473498888002918 0.5758749194652889 0.6294298532670529 0.6176873161695153 0.6331563892159885 0.6526994513558666 0.6730695040614919 0.6629696162457002 0.6665947764924589 0.7038022219567183 0.7498362877678983 0.7246224200450465 0.749068270528155 0.7469511437646105 0.7590886182035665 0.8127535644616309 0.8251509938673551 0.8170851505686657 0.8078001252963048 0.7948342102319241 0.8029736721801551 0.7772563657272247 0.7847290066920541 0.7855377010799753 0.7963622953947478 0.7869092572246587 0.7545318142742631 0.7427841685624444 0.7497850260189578 0.7465052910026346 0.7235649925837719 0.7396561270015274 0.7108784520885024 0.6909355563210576 0.692194816770151
0.5513823358906244 0.5266419773967448 0.4914608012426917 0.48133959058420284 0.4395916067989193 0.45811683917504054 0.4982994936553615 0.5377864545843754 0.5323328073705704 0.5449947654160138 0.6015460607427813 0.6049423733269903 0.6292932135333019 0.6494262397829864 0.6710786196071932 0.6890874312894278 0.7096938573801769 0.7315896077075493 0.740251259389727 0.7588878835825476 0.7371653152114526 0.7929808391108585 0.8041263472992298 0.827317857591697 0.8217168888618731 0.8367265642484076 0.8030174677169288 0.8330344706938945 0.8299982104035774 0.8481538998154696 0.8403642295947661 0.8155845519794007 0.8346609628168946 0.8170051635172643 0.7811197649858117 0.7926460318339404 0.7371772729298228 0.7601541907650455 0.7495436792727898 0.7592059484015898 0.7275975504207773 0.7285247034964751 0.7107436875819958
0.5238549378589624 0.5335008253908187 0.5117393311160697 0.5085468189473671 0.47633151534327056 0.5091855086973935 0.5020090451313445 0.5243741477758151 0.5279383413431804 0.5528277526308715 0.5777787262933191 0.5794947200526107 0.6295152309257686 0.6165193757322354 0.6355871272734476 0.6878227927518499 0.7085613746785652 0.7079611527434179 0.7234372575919034 0.7366746529741571 0.7867091803686465 0.782001335652333 0.7825993934639299 0.8351828670615322 0.8546521111319049 0.8343694484988448 0.8195011110664925 0.8563704327275027 0.8746612036218194 0.8450058831995163 0.8461887369095706 0.8481933743467311 0.8671215183546286 0.8481675141593457 0.8569651263388983 0.8404285997148572 0.8139132719713749 0.7867381500686281 0.7883528693245222 0.794246816515943 0.7747127103231602 0.7620668830658254 0.7264841822854486
0.5146600367355721 0.5299034695244499 0.517351433808032 0.4808836101891013 0.48801372231461004 0.5014830493847072 0.5463120193938857 0.5350467053547108 0.4915842936806594 0.518098217881994 0.5508981892700622 0.5836604115497014 0.6319533077876239 0.599054319856451 0.6314983433827036 0.6823553652152704 0.7137759818905228 0.731232097014424 0.7488993203840335 0.7845670141292079 0.7944024823058191 0.813854019682485 0.8012170145828668 0.8075630088360778 0.8301218693416509 0.8552379934229243 0.8288620985572008 0.8752755536722293 0.8864288424099027 0.880916257520211 0.868642401141788 0.8475214273989049 0.8564060554950268 0.849795907940426 0.8844879296247252 0.8573498503156753 0.8578804309149373 0.8532409767818192 0.8143372123990267 0.7894172609081939 0.7917854230204466 0.7856011766268218 0.769794131955944
0.5412690401526314 0.5272506570787714 0.5003732088174058 0.5118103094823799 0.4993094065757516 0.5078613647757679 0.5111417018489085 0.5144531694634116 0.538691198216191 0.5261115715735254 0.5250243446601752 0.5735370181032793 0.6071333317628063 0.5962662610042911 0.6009760865067899 0.657546386717677 0.6759607837159655 0.6995909641552768 0.764345932835044 0.7768502558711036 0.8177512409064903 0.8217779415343652 0.8390584681164611 0.8272140783944332 0.8302327458341477 0.8675603070762836 0.8333254774906339 0.8443456484204215 0.8584032881435993 0.8627856755294807 0.8920824297848523 0.8669044650622811 0.8944511630922689 0.9123708043324099 0.8958523787925216 0.8561916414583818 0.8597009789009117 0.8678003775636072 0.8264916025013447 0.8065298345007555 0.7881545897820894 0.7889945285146502 0.754710237116218
0.5364402141402838 0.5370285717147386 0.5291076320036927 0.5092873118171047 0.539390639771085 0.5589145387818033 0.5384737658874286 0.5298403482378327 0.5242354448872321 0.5350783009310753 0.5292053024460364 0.5748777421299508 0.5946768401168446 0.575097311974062 0.609192272700608 0.6351336675089608 0.6817432234817157 0.7107284161470714 0.7555005241497743 0.7971730989953055 0.809779278003301 0.8086299532428036 0.8562046893673912 0.867663130774269 0.8659458402934708 0.8815137016308295 0.8635822554596042 0.848475865478094 0.8880624273451173 0.9116598618252048 0.9099308873277052 0.9037067386173435 0.9152485674904797 0.9180851936240743 0.8908188005417912 0.8857980348500237 0.8711879796415672 0.8424057195868419 0.8397322101380741 0.8048447836374966 0.8127524265302384 0.8022220534872719 0.7762440028861816
0.6098805404772468 0.5535242318753602 0.5670318931038891 0.5589826900828951 0.5788772726103307 0.5754808668834475 0.5341646633458291 0.5059974547767593 0.4924075290422478 0.514467941620978 0.5040329807611654 0.5381789305356877 0.545597122144988 0.5994677083491012 0.6307406210596354 0.6363112992195741 0.6785279499845114 0.7142797720207293 0.7342180971727114 0.7700765186561577 0.7970920768047633 0.8069812591827757 0.8067118859337197 0.8484814059952298 0.857349426271488 0.846643076583681 0.8552633847876685 0.8523194091703736 0.8652278938228375 0.9000802269452644 0.8857478766026735 0.8902365460910787 0.9431606186778827 0.9283278496347426 0.9225991582702558 0.897511465827004 0.9093239924083575 0.8902578226786365 0.8320634304432115 0.8533723497893596 0.8277551505614579 0.8097989641712491 0.8111754853224328
0.6466142953469659 0.5840457673695595 0.5917064789349081 0.5938651254053297 0.6044622623391672 0.5986016678175695 0.5640118942743776 0.5340022298135483 0.48886667619364166 0.49580694220263827 0.4933631103903293 0.5289958866598208 0.5106151839426585 0.57857158432532 0.5880610031385739 0.6168356690156471 0.6859879319585944 0.7105800022573872 0.7154497978560772 0.7596908641794814 0.8096690000274877 0.8214800044869166 0.7986100754669758 0.8244153644190181 0.8305875559568695 0.8375711408255448 0.8410256688444714 0.8405369696056034 0.887311306102467 0.8743989335785769 0.8846334388973639 0.8937388435598285 0.9492054296247657 0.9232250621063662 0.9538163301158348 0.9240957016395533 0.9374503785177299 0.8700910808166818 0.8371945397146233 0.8279592992116567 0.8218892646503639 0.8404657590091572 0.8135722732447938
0.6203639124050048 0.6198657394729196 0.618328016795177 0.6144358989486278 0.6044548451196982 0.5741861157020268 0.5353272097618015 0.5114460046778497 0.525727400048821 0.516404801942727 0.5003994378194846 0.5025961339039882 0.5361257123073134 0.573400542735425 0.5873768592690758 0.6177955328801271 0.6834182996512349 0.7262673469043949 0.7588793091809567 0.7787774012075417 0.7850502971948765 0.7955953091954944 0.7985061954458913 0.7971558351987884 0.8439823992714324 0.8529524157130698 0.8395470018841276 0.8562504094269149 0.8797841680684926 0.9097628823413099 0.8853020166081215 0.9051536166393277 0.8853752202831172 0.9260199301174408 0.9215091529316418 0.9168467223793614 0.9026186938975106 0.8826051085909531 0.8477165098671973 0.8447277143924823 0.8377296587887412 0.8520078896465476 0.8232284074792358
0.6506881556113584 0.6353785701477765 0.6529879599267538 0.6149670030804664 0.5727782962882563 0.5682242375313914 0.5452123681084174 0.5126222888087099 0.5494138185277516 0.5639970216407426 0.5457649671052699 0.5332895814943835 0.551253655126565 0.5731560945055211 0.6059715245347719 0.6213355346240405 0.6855842746822771 0.6936732377875452 0.7469031425444864 0.7801775096331213 0.8057061045680117 0.7933085418239587 0.8045454781944915 0.813634199308432 0.8124227357941582 0.8464621972533859 0.8536467270437487 0.8731437499087492 0.8561716566767267 0.9149146629764284 0.9201895102077212 0.9214709794583195 0.858547459519627 0.8855978429654817 0.878995872132244 0.9087842899884933 0.9290635904344333 0.9046224985209622 0.9039085291538461 0.9106662410692331 0.9116864330299198 0.9019433776224358 0.8834313049364795
