Raster_benchmarking/DGGS/continuous/raster-81.asc
NCOLS 100
NROWS 100
XLLCORNER 1743158.181612774
YLLCORNER 5469294.13019641
CELLSIZE 10
NODATA_VALUE -9999
[rows 38 to 56 of 100, columns 0 to 41 of 100]
0.4746710045903264 0.4588613110799319 0.4513605304089124 0.46507820495763813 0.46058928891218076 0.4102291729377298 0.41790764208856174 0.402579411178717 0.41541321667798503 0.40945632535860416 0.3879879518550443 0.4285934120259965 0.41429110054244517 0.39391029633331187 0.35437988602147463 0.34190967775223297 0.38772915474309505 0.373105191721626 0.36100772542382453 0.3932945873259235 0.37253011396409846 0.33733068767928287 0.3782138946030797 0.3995433984950159 0.4426655489968838 0.4467597334486256 0.45612561975555954 0.4438274780785485 0.461219252268578 0.40952351401873616 0.39882851289100496 0.4175294862163933 0.43292044167576804 0.44450112363703254 0.46590466502887873 0.4892593526926223 0.5319853315469628 0.5541783413830811 0.6085156668536386 0.599624111296443 0.5726442965400336 0.5647848445651539
0.43322482137928436 0.4104193731675411 0.43499057995394236 0.4642689808611403 0.42647356761347033 0.41819085751346663 0.39548823591812254 0.4381426187734992 0.39497403417982974 0.3753928350731546 0.3823047163541259 0.38423363065116395 0.3783690360211668 0.3919841943684494 0.38796613239610683 0.37454107989031216 0.35841786911684803 0.35346208620190117 0.36419045409484424 0.3302605107391819 0.3277713258599716 0.31551635596851557 0.35073414602597286 0.3608909385662432 0.4077884824501021 0.45561140270855327 0.4497156572617463 0.4521027682579029 0.4378966477236385 0.4041942771348073 0.4025194483604897 0.3717684674237671 0.4283364092829616 0.4218224362942863 0.4613276102251377 0.49305875517648146 0.5216026302584172 0.5550211031240478 0.5749954278356484 0.583180701029542 0.5656923287231898 0.5606569787946288
0.41167149093775063 0.3870363142402849 0.41398145280993986 0.4001412732159177 0.3933836651944959 0.3950350059437501 0.39628460175782587 0.390654162074701 0.4011058302548094 0.3531590254167025 0.3229855642109668 0.35695277501533285 0.3431346355230058 0.35604492718148295 0.34697069042460227 0.3568713899480149 0.3176734366002737 0.31146412906346793 0.33400430210342585 0.30661306246692427 0.3284660010154265 0.3120491452774473 0.3167678140874705 0.35229623997536097 0.3820744698695759 0.42252520788505804 0.430117587914625 0.45582107837299846 0.4449425140015151 0.43782238854893213 0.3838204083476968 0.39808171171007434 0.42687707749651826 0.42896186604540515 0.46401409370170354 0.4656639472894942 0.4964288521972743 0.5527488247522354 0.5709932584845332 0.5550226505437481 0.5815210584714375 0.5384048345291665
0.3719845127401473 0.35088029375343777 0.39778866892845605 0.3826809417695123 0.4073062968844356 0.40610979463684205 0.370340166953971 0.3868517784984188 0.3940558902370939 0.32691237913606486 0.32751169399118685 0.3008313108552429 0.30872463619354995 0.29571303027181084 0.3287625076768377 0.3515552987066295 0.304467449478656 0.28045511161943415 0.2885957758239051 0.29168890001367265 0.31466686872208016 0.29877784729742624 0.30200837387557006 0.3083746465517935 0.38586350485016124 0.3820112100638834 0.4144617728886007 0.4629506507123754 0.46341128808016113 0.4347086172125142 0.44277944338021735 0.4197667365962918 0.4352480141027746 0.44108265430532123 0.4744849826643854 0.47079544417197244 0.48902967822078014 0.5053783621905892 0.5216887872301649 0.5548259971292525 0.5717952679762601 0.5544974250329379
0.3793247505128075 0.3757870223554185 0.38006495888647723 0.3792598700636145 0.4055889806268747 0.36981802227900046 0.3808802266785393 0.39881131981897466 0.3666127071121374 0.3161704420584638 0.2750751980853657 0.30248832257784924 0.3067013784129951 0.28595045128779295 0.3250969486679885 0.2975820220083995 0.28369719441087105 0.2715965776076292 0.28071412996002343 0.2850715922970119 0.3139451792446988 0.29882124816108957 0.30677097823498134 0.3206129049783716 0.37566248740308106 0.395617921969422 0.4470219912998752 0.43148267220803643 0.43663255121866035 0.4439069036685274 0.46375499857706315 0.4813406959424954 0.4709997519947983 0.4391373387543776 0.43738788293889824 0.4528031438325699 0.46210073843923083 0.4817627660165485 0.46419406222539805 0.5223065745267821 0.5149453194111555 0.5274738582941402
0.35190471845408716 0.3550509062639083 0.3678597625397478 0.3864836130862999 0.36671252119095776 0.35447327191344963 0.34540487009711945 0.3634143923639976 0.36808955608699584 0.29824744520112195 0.2939472041478003 0.2720545752157167 0.25952494811909105 0.2719795856452981 0.31430391314930356 0.309163552095453 0.27601816345644903 0.24079585308063414 0.23572951883966003 0.26469845513924695 0.27329946415437467 0.3066302945584094 0.3091691500711548 0.3244353988831619 0.3483823487752518 0.4063562958351584 0.4179128647343021 0.44296308905057724 0.42607086293873886 0.45721376026361793 0.47586207843518524 0.47727537504166073 0.4936923731436286 0.45417219658978597 0.4179325034120541 0.4077335820025299 0.42001490224302795 0.4229760535050293 0.42922461920556476 0.46476434396414756 0.4998088016111968 0.49513344380219193
0.3372346163564832 0.34718111359369996 0.3602710193807764 0.3379311184279752 0.3504852105265157 0.3679266949381658 0.37617237417932264 0.38530428056260196 0.36646729593122374 0.34873939822111816 0.31482601645878505 0.28787768645508854 0.2764175980333881 0.29018712637728156 0.2740738684668853 0.26658956830980163 0.23311959283015932 0.2448460810850796 0.2388341138454076 0.2707754667015115 0.29652036949584626 0.3090742547469522 0.3115589542375652 0.32859585367310923 0.3381167587618826 0.36871114210270034 0.42291632871168733 0.4204712211789513 0.4243515036311862 0.43799039603663664 0.4795938519307102 0.47246103226711855 0.4789560463747488 0.4793411483935462 0.45953255461886117 0.4291413534587724 0.4388441123743653 0.41396645082468625 0.41432982711192984 0.4345310249549126 0.44318450207232507 0.45766565648123375
0.33532930458414645 0.3087835404138536 0.309898316801902 0.31033545199206625 0.31886498628001425 0.337212344107784 0.38132430936735995 0.4124915412421244 0.40250865083641924 0.34353529296662655 0.3107636279124169 0.25428824996634714 0.2544954509565482 0.27362216109181614 0.28014237568894085 0.23277991595635789 0.21531023669626312 0.22896943375299625 0.2460456859248175 0.24396862416147444 0.3162729666953593 0.33628201661571744 0.31909059705458603 0.3199516774141884 0.3674614891892807 0.36622910616610804 0.421233522491648 0.4352673761582098 0.43097659322149623 0.4146736431298411 0.4690544208947062 0.47384484865059123 0.477619327443144 0.4634715249579676 0.4453966527441875 0.4355254282069417 0.45919827522897944 0.44587973196567793 0.4361137587644631 0.3813027673945782 0.4336559217562066 0.4557054285487676
0.3423019989395076 0.3110659610461993 0.3202400147513638 0.3332061973052458 0.31885289792928356 0.35815690685786644 0.3876903549759546 0.38899286866587707 0.39175537273775635 0.3368063406834742 0.3127280156958473 0.2658848155249699 0.2656938543927432 0.29496980741423107 0.2827482180810565 0.26388384931718867 0.23616009216035835 0.2570345007615819 0.28724040915465665 0.3175493925307088 0.3038654749483674 0.30941280165006924 0.33136325911500586 0.32003213167261557 0.3609546349441444 0.38303532416516445 0.3874209809495863 0.40882276791308125 0.4210708429410761 0.4290440270843416 0.4306787116322753 0.4353511597521864 0.456714656177781 0.45326234357063766 0.45605587784068335 0.4663565190442599 0.4736681555519391 0.45343948405912443 0.4451248612853138 0.4344214877647753 0.4121075744775897 0.4483224633534615
0.3353103448255712 0.3067931528076033 0.2978644339635606 0.29714119765232505 0.3286557700442369 0.38570706166378 0.4048646393734956 0.3857094144301614 0.35994313358769525 0.35151657311323486 0.2987941239322393 0.26938718614994417 0.3000230123826029 0.31010786252546496 0.28520362500283347 0.3042186453178824 0.28795188509427566 0.2660330130016996 0.3286320881948677 0.3375490905196646 0.32731606551647113 0.3455533491850808 0.34876019366637334 0.3384617348680242 0.36740237372228574 0.37661620810387936 0.4096486384778832 0.38965313271543806 0.43022969812059736 0.45431383281840726 0.43874631664210206 0.4476307103049369 0.43098151050371175 0.4544283508813299 0.4727378803900405 0.4590056779366958 0.44238822189609084 0.47455683490456235 0.4717959532407388 0.4583064657280519 0.4419457452336276 0.44739660279428
0.2869281672948262 0.285156195313645 0.27167105925309665 0.30325214113998616 0.33683744713794894 0.3613398348242411 0.39536573963361465 0.39548098757900985 0.37478145439662985 0.3370811430181635 0.3247523703444966 0.28625792324262206 0.3074215176228217 0.3201651872608407 0.32140017555538636 0.33440059987912546 0.31947623848449436 0.30398951938714036 0.33900008587957 0.3442869484787401 0.37941789228413736 0.3860563001697339 0.35516605692511044 0.38096879709837367 0.4156403294631575 0.43108588851048085 0.4173449370870292 0.4152879497423169 0.4482718791192594 0.44887854351297934 0.42565924159021634 0.4429115732188061 0.4242127108452451 0.4580315071555121 0.45279423722471435 0.4375708731441994 0.4429004354014246 0.4420129754921136 0.450308651779631 0.4328512086785435 0.4557354843408691 0.4540727588025609
0.24399860006943216 0.23923665400265337 0.24299548778610786 0.31825550020779714 0.36517193015037225 0.39186899972180694 0.3722821382432043 0.3944119161009321 0.38120942227386295 0.3258993316752085 0.31980948550396954 0.32175097287068327 0.31411421144005214 0.2889232619430317 0.3526603318343084 0.37075413074978625 0.3277535244449067 0.3539855616750394 0.3460157560038297 0.3726801232477092 0.3956708792165715 0.3784688904686518 0.3829683929352484 0.4467155281598565 0.44314022473512754 0.47150317414616655 0.4341663300923059 0.45563181499511357 0.45310603472763916 0.4486810593809404 0.44526008925715194 0.41378576728275523 0.4470547509922089 0.4385225518077348 0.4643283995653987 0.4826379377720086 0.44039273485180347 0.42688949021616174 0.45659849768148436 0.46306945217133194 0.4701389402723677 0.46168623884025384
0.2450052778812688 0.21267705104692153 0.23440046659526162 0.2673421858173633 0.3166402582440474 0.336893619380745 0.381486534639028 0.38270917117079545 0.3725457259874767 0.35297851006734227 0.30232040547325684 0.3287772916544404 0.31177769398324007 0.31265548855504693 0.34733522728335203 0.3722456364745692 0.34489016905900427 0.33888773532011945 0.34428335099354157 0.34848999281628196 0.37118558977090055 0.4117609911609969 0.44243449096721615 0.4666800067086514 0.4571204974741579 0.45287848096067973 0.45927525956507537 0.438297037600373 0.43638861206951546 0.4442870229737334 0.45413210626725614 0.44087941889617716 0.4367804672600477 0.4194443779660512 0.45427573905366825 0.47056776527901384 0.4425273892384544 0.4193565524281995 0.41560235702887366 0.432045752624213 0.4396302185839165 0.47152915305247206
0.23263712744160703 0.21048487591259407 0.2324222005471695 0.262666141655204 0.29123374759084075 0.3319062563266592 0.35716045290128373 0.3640835050823928 0.32236862910138253 0.3371945840375095 0.30153596852451353 0.2871386100865381 0.29427723456932947 0.2885893740341154 0.31385643091321724 0.3496073561905417 0.32855023283042284 0.3419909636777899 0.34164233683313655 0.395113172606911 0.38912646474910434 0.4193218868501412 0.4484211773371044 0.46290623058020325 0.4675639769756104 0.45210863799925294 0.4578421968364345 0.45656009109416246 0.4313356752891177 0.4762225457193531 0.4433597259706265 0.4170036575611362 0.434966385478052 0.4135662853894566 0.4458922433003301 0.4339583288334723 0.44943142947581266 0.43186271311330654 0.4269983580335707 0.43350150819694383 0.44106852702981414 0.46638577028419587
0.18325786830647475 0.1935742205598937 0.23512358698150648 0.2604285711456184 0.2678271381903947 0.28342912382135405 0.3146910149973643 0.31020337028872746 0.3129331941376531 0.2956468716120549 0.3115720219793264 0.30549441463065874 0.2876929691610189 0.2711297832614674 0.32821473382199357 0.35214162077988637 0.3321606614782687 0.34556068456049577 0.3687947190343603 0.36519142161289403 0.3840911800151024 0.43605198965830216 0.44345067882418354 0.4421508321841762 0.4254114813953287 0.4590756251474344 0.45995565725113435 0.4738520386105725 0.450648311786023 0.4670859657526316 0.4724418631410694 0.45957395240115295 0.41566015398085043 0.4318292223311321 0.4303371368673624 0.4085648090304452 0.4175558756461336 0.4105398651849016 0.44724123513051317 0.45001184463653116 0.4535677233552111 0.45995589449606894
0.16484480957447864 0.18440580499996082 0.2206758483265246 0.25908835720016377 0.27346121578853827 0.26393846173484936 0.29959235600179474 0.3233216087356094 0.30020058492015095 0.2860483894626584 0.28463574600056785 0.26204112865334867 0.2928438326408339 0.27810427286033634 0.30453703965998885 0.33511104038776 0.33117519821459623 0.32761090367371987 0.35448177141468834 0.3981439244984232 0.4209559711795051 0.42059723577964647 0.45661889294652264 0.4290355835657107 0.4334053056091301 0.40312314925771864 0.4183494331243352 0.46362250555473256 0.46248702292785354 0.4468976657801357 0.4509681009636784 0.4537995908732032 0.41988058203775264 0.41565080213297007 0.4194504238536694 0.4168080978908015 0.4279460418829178 0.4435049496408421 0.4536468034515325 0.4153423058063204 0.44892678284805815 0.4610487413337816
0.18383395146899495 0.18511449499534033 0.20846756327821722 0.2592928132397409 0.27027167206660596 0.2671463900121185 0.27370987164361 0.29591650311659784 0.309896763236921 0.2949418497801479 0.28056335325301385 0.3049517326713877 0.3165858043189481 0.33606759105486855 0.3474578340698315 0.33954280473919163 0.344814139279003 0.3590212479408769 0.36617801354214713 0.3916818380036665 0.43513006001402615 0.43656333391087815 0.4363703688301546 0.42355629019802893 0.42090179141595657 0.41367432903677964 0.434137826283153 0.4504655992607037 0.420940239972114 0.3991715693996425 0.4130198010256666 0.4278938279912744 0.40861722027437547 0.4038633718550895 0.4031779509229825 0.3981419109298045 0.4401452659772633 0.4508682734219266 0.43893436246747014 0.43545689493608647 0.4355986926128539 0.43949746770026155
0.1671131452955341 0.2014089340490464 0.20541597139549278 0.24154303818335973 0.25997009627073053 0.2724086256487356 0.2678550509008361 0.30862836763133683 0.3338025154224431 0.3411238314048675 0.2990808477105279 0.3134507537047245 0.3393242141364209 0.341433093598384 0.36469601968585835 0.3885296851852133 0.35672513908664727 0.39301861211004807 0.3951568490541746 0.4001580300172437 0.4357101133425269 0.43109962436626464 0.4471762531574475 0.4195486631088509 0.43516026596647445 0.4061748118984718 0.4186207713048589 0.40290672705068514 0.41300329139765074 0.3867259578250205 0.3915619287099834 0.3830581573918666 0.37724636539756445 0.3611427229912586 0.368395084005237 0.3965646834997121 0.41155981895419735 0.42282830631180723 0.4054244545983022 0.3769222135380071 0.39434317144719816 0.4113020554042561
0.1735967525078734 0.2022402291033263 0.2152296068345131 0.2378850144798003 0.24718999760612417 0.2638487491274703 0.2967799976441306 0.2984502394743925 0.32691515441228625 0.3306228920087678 0.34196112998735556 0.30880221231728694 0.3465147092729013 0.3496903055095463 0.32784278624219493 0.3377979487363231 0.34766409691154704 0.3934103959541272 0.39122496833974 0.4085804478611253 0.43186109953561325 0.45230748184031677 0.4302536411910828 0.42027013901966687 0.42314924609911825 0.4050125926191234 0.3831448757456777 0.38945480982026237 0.36939486966586055 0.3639966238092349 0.3500320864337096 0.3690596098970171 0.3524963861149983 0.3289342198996553 0.35478461166952807 0.4146185252183388 0.39667000931451823 0.3794730303848396 0.3874926277777948 0.38329669207414957 0.3730848503506877 0.3777795973560628
