Raster_benchmarking/DGGS/continuous/raster-375.asc
NCOLS 100
NROWS 100
XLLCORNER 1743152.378466646
YLLCORNER 5469287.369094992
CELLSIZE 10
NODATA_VALUE -9999
[rows 76 to 94 of 100, columns 0 to 42 of 100]
0.4663792137943361 0.4402353448431648 0.39941829390028033 0.41220790626210924 0.4057512532406603 0.43651849952758204 0.43690597868028713 0.4313720815457008 0.44691999162467744 0.4442777403479191 0.41310701960932683 0.4133739126817476 0.3740647265078345 0.38237040858714005 0.35236556369295324 0.33106022647849787 0.3313596919820472 0.2977216800853177 0.28812498846966894 0.3191993609600591 0.32169022317304746 0.30046550642655184 0.31178253011379237 0.3208817601764762 0.28788899935108947 0.26901396502408204 0.25001143511565727 0.21226262067527332 0.17841810733462035 0.15501014630611085 0.1613037586064757 0.1837424652942431 0.21252469945119024 0.24301460879441109 0.24541298374068085 0.27794609994317787 0.2870597740338007 0.31918274296170773 0.29838322363601794 0.30217687762065465 0.30447107548929475 0.34481091848252093 0.3645238215631764
0.4623427322118547 0.4181492598715967 0.40207956571365755 0.40905273780003826 0.44850431880642777 0.4188794827113229 0.44800027704087586 0.3999317753485805 0.390026069224447 0.4362731470801656 0.42478305498420516 0.40580676230690493 0.4005337136436693 0.35645938430765495 0.3338852061674479 0.3283820129528872 0.3236578475087203 0.3100515612593633 0.2824087670885432 0.29941598421409205 0.2786780153067604 0.30067685591474147 0.29077577622644274 0.3009142786879689 0.30268567383517053 0.27369664461571386 0.25548500443514066 0.20714611327338434 0.172021355510958 0.1740145790442261 0.16273604284740897 0.20377168979813548 0.19564561841630654 0.23152536631058176 0.23333883464460942 0.279445534054699 0.30341851019980765 0.2962242153631888 0.25474731156480634 0.2926318203877752 0.28658013404089994 0.2889032141204687 0.3361375390248579
0.4515996278086368 0.42159851970765255 0.41011204616065544 0.41394532469636186 0.44035053553199077 0.43723337478678026 0.4305627545510093 0.4203151096647609 0.40285023774850587 0.40023575573890224 0.3992647593058428 0.39145658413724277 0.37008394580723025 0.3927047450350068 0.33288758847094185 0.3250179452867181 0.31380717082511805 0.30960546878119355 0.3174358278846599 0.3147204350343455 0.3196007724133877 0.27754180545633106 0.26811692704169365 0.2872579391028307 0.26873357892343025 0.28454544599126785 0.23635104866345047 0.20836120980504771 0.18902708452571815 0.15398371080027828 0.17168354108218573 0.18039745689764802 0.22689867134329725 0.24080684415019657 0.27597096017508277 0.2864976637600913 0.26158473572170415 0.26385237537041467 0.253099940553004 0.255136540126937 0.2829442628148919 0.27769798126114753 0.3042513259274073
0.41331304342144154 0.4260775431107573 0.38671003268769083 0.42125717098026877 0.42624543616236993 0.3967271768249279 0.396434299012868 0.3835299742582138 0.3911199216387755 0.4151562532251022 0.39871558627335096 0.3867105918673278 0.3811999074104111 0.37393147210968614 0.3686616408072954 0.3367191912657287 0.3465104780948306 0.31749550533335497 0.31546318027438547 0.3025791999255939 0.3167381705232106 0.29383503063668776 0.29478063871164967 0.26907626652677863 0.28558892922408324 0.27800360177604433 0.24793928782553176 0.2270944966607172 0.174061893100352 0.1713782618818897 0.18478916551667066 0.17627507909610973 0.208781230602222 0.2377974866857711 0.28267342603172596 0.2779729210848493 0.2662400225951095 0.2282982573908152 0.2268942127398085 0.23552163069080673 0.24652852996377173 0.25812884695993005 0.25892059602372186
0.3843092125910878 0.4125939348080178 0.3752120313680646 0.40018578405875055 0.4073605065734897 0.38821188626977565 0.38505490284073624 0.3945374512101634 0.3941438138324625 0.3832250795920319 0.37021611991969505 0.37204034797140545 0.3727394398039208 0.3717866192559128 0.3297543139975811 0.3342754962372673 0.32455311966763517 0.3412995417911773 0.3377448105477439 0.3040614069162233 0.31240239174203843 0.3063115468946019 0.2903586635929557 0.2864539091149323 0.28154704738922803 0.25507737052210755 0.21185127833398942 0.2064286751084551 0.19600622713472468 0.19598819398782402 0.20308005658158987 0.22142593641496336 0.2141724730929151 0.252836096563666 0.27360889048464626 0.2901083337358552 0.2838002681004721 0.24367226311794613 0.240348181532251 0.20968149917545592 0.23310417889863527 0.2601415873807351 0.2665257924940619
0.38252127382549794 0.37302985067623634 0.3894090470373598 0.4008911460819668 0.3641050250273603 0.33586057428978316 0.3587443960585067 0.3847699312074962 0.39451976569658265 0.39372313995571107 0.38722355177278256 0.34648165556261795 0.3614240778541465 0.3392701464857894 0.2867758636227144 0.3003274689600327 0.315587057960736 0.3358899485388459 0.3319136712493938 0.3125161538962594 0.3014633907785896 0.29759487818898606 0.257139635443245 0.28486881783407636 0.2723937019779464 0.23129384189330268 0.22770634365788386 0.21757414761038177 0.2414935193961991 0.24155174960335435 0.23606205413066467 0.2383066990470415 0.19593891820948214 0.23672253234321639 0.263953274098276 0.2659925441432102 0.26448491097666366 0.24809774264615794 0.22213911062164635 0.20284318055045997 0.22427735441202576 0.25196263703424226 0.26282824871306976
0.2986815749191601 0.32588313683215897 0.3590766012004542 0.3757455334931765 0.35167173830744536 0.31890507922662925 0.31701960627310033 0.32073841887534876 0.3598394472485239 0.37084534802344815 0.34714102649160444 0.3347763403764797 0.3308538091069899 0.3046143438390558 0.2869964745926829 0.2626934308537117 0.27562380259542985 0.30609391561244764 0.32035434431967486 0.3111288281862182 0.31497738049812785 0.30942493477661426 0.2812709193277398 0.29552924424874105 0.2575594088996371 0.21598162829104695 0.23495204653181215 0.2271575166440826 0.2357609536007204 0.2600340506242307 0.2562962171024883 0.21869304261025024 0.1923152519724616 0.2286355936753884 0.2386904809370357 0.25398263014416933 0.2556372092101261 0.23631269422385537 0.21075714850485328 0.20240953234005435 0.2203219307497305 0.2401681898164486 0.25261387271561375
0.27486925500171044 0.3094747388493206 0.31706476472535344 0.3376865200089524 0.3514233678127418 0.30711684985865895 0.29458235282379563 0.31491125596274233 0.29588982370626055 0.3037711545366551 0.3338467292424873 0.284827051053449 0.2776672626770251 0.27056459968308383 0.23183839911580106 0.22870301271966761 0.2536293255222503 0.2816049448465452 0.2774616161286124 0.29661167895582086 0.296071812407829 0.32234139914844884 0.30971504732980343 0.29526531995458133 0.2705302561733259 0.20114141009633185 0.1823161797366083 0.23478348494354023 0.25412710171998804 0.25532675761450435 0.22899078697659603 0.2261188695766382 0.19200678341262795 0.2418269667962945 0.2328366818856036 0.26668674332376424 0.24877921020411103 0.21967016335112483 0.17662121477759565 0.18782375802321688 0.2243026911646027 0.2611796855974352 0.2965732751005462
0.2546982119247598 0.2787600613218395 0.300587872812033 0.3085569981433808 0.3176826228201921 0.33024357135561677 0.2805025377758661 0.262315931860883 0.26432237688740773 0.29097852876053815 0.2786862945217392 0.26288100366898093 0.28441461645200505 0.26379466588347034 0.2507297646901393 0.22451695422109072 0.24975115595042782 0.2826472096986107 0.2879468435810139 0.2483860651503774 0.28479665125868614 0.2998878886972845 0.2788397827077621 0.2988068503419323 0.278328045177752 0.21431084444363738 0.21004596698491834 0.18967225401016036 0.24094655546520863 0.246538651221499 0.2465159689249504 0.22853373967721138 0.20700225315102141 0.21714207550278136 0.24083382337737305 0.2519834907383178 0.23489037605972124 0.24758138232932575 0.2203002647361414 0.2392693630455405 0.23814039582645427 0.2735758403111841 0.3030634330194241
0.2555197048315089 0.3021658194121007 0.31790690983339936 0.3386998425683808 0.3270411914039673 0.29352568008901064 0.28407385426783177 0.24612402371240238 0.24750237648964343 0.24725691760451196 0.28090594342460873 0.23649412570812167 0.2533028907897684 0.23931423436726484 0.2156432466719936 0.23454665930417218 0.25704387522049227 0.2551886651998102 0.2664432151214894 0.22475796587211072 0.2349271663674709 0.28679256692999877 0.2799068886348326 0.27379771324697566 0.2690218971982007 0.2375095894911638 0.18718866833626074 0.2226288647239254 0.21633528749925998 0.23264568326693924 0.19233344746898176 0.23393191711269506 0.218390722860211 0.2089429774590491 0.2220831642455324 0.25737243188759845 0.26008582145321596 0.2694500282431612 0.2404050819816484 0.25346630254544794 0.25154952975522266 0.2658769641004662 0.2769805302578532
0.2561460953680835 0.27507444219657123 0.3223279320579974 0.32941947150834955 0.3345303709371844 0.278056300358561 0.2881557168507355 0.25197335199794785 0.24812929420786312 0.23118473936128336 0.23495291020209813 0.24263488417946838 0.1959821867588145 0.17752935414538246 0.17102092951775005 0.21109101058626156 0.2313127732774931 0.2320466184610964 0.21334852930509884 0.22644256310678604 0.2082269749266979 0.25610232181177245 0.2636300960380999 0.2706074109311935 0.2530503103941544 0.24468542031805746 0.21039348428646998 0.2208162305064107 0.2185028113959102 0.22955807447761056 0.21265162659755374 0.2174989007090101 0.20549408814979542 0.24850322090943386 0.2657602003141349 0.275706457948281 0.27063071539863337 0.2739341031086929 0.22791406835616748 0.23116714749301076 0.23367706336845112 0.2332524189702742 0.25894015751631416
0.27681642354096897 0.2795595183251193 0.33620723306602085 0.3029650460598071 0.3214727574670165 0.2669746734677466 0.24701889030510868 0.22312896242715788 0.20363871263740946 0.21544357801071698 0.20004615584689295 0.20283272425544066 0.1674759393978277 0.16444465490917623 0.16913681377161127 0.1645349745408619 0.15897418795672702 0.17837141671633958 0.19688950282691214 0.19480627608989937 0.21131643188757523 0.2538919104421978 0.3022032048630935 0.2524570781176475 0.23985788710005768 0.22540512067021432 0.2149210433543998 0.205784692504354 0.2046659582605684 0.21439328684895456 0.21311986561865176 0.23506208498368847 0.22356650807804565 0.24195876946427375 0.28946024722254227 0.268145947781525 0.28620971175941406 0.2523712847859782 0.2210914137869523 0.22770480195966214 0.20813596699395895 0.23568679609192889 0.2691916642121018
0.3202786295916715 0.3181231656504316 0.3108250723509028 0.311885989943117 0.3022463852563077 0.26185579039638673 0.2591567117659001 0.22449494963534744 0.2159198165694934 0.22807026317564447 0.21370867296301163 0.20324222476156195 0.18292525078971525 0.2068095945099825 0.18742003700246013 0.15577446540712736 0.16759053596072435 0.17294275022950525 0.17943236035252033 0.186668792690024 0.20744849308273972 0.2663712495264766 0.24720337249634955 0.23912279626418423 0.24694497370410168 0.24281645023021484 0.2440168962461498 0.20375882033164947 0.19779027599764035 0.23506955625414505 0.23565321687284538 0.22224537015091395 0.2240968763869588 0.2656142671392567 0.2689552214986246 0.2706243960499321 0.24040108484282724 0.2142556479611199 0.20468351541110913 0.21963538823547155 0.21134815288341857 0.22972870414944327 0.26066873000097895
0.31181865256867763 0.33719513862058276 0.3444994493566702 0.29618718228016266 0.3113372701064214 0.27587763857563097 0.21920780582207616 0.23195445404999537 0.18442923077866427 0.21316264309612587 0.22825785850951386 0.20156322627422246 0.20937789829680592 0.19096855113259992 0.1908146582872123 0.19795415878197745 0.1634590160938827 0.17089731743683184 0.1966533879200875 0.23481207220247538 0.23798718864662255 0.2593007844387427 0.24742570389268978 0.237123483450916 0.23722106997870748 0.2420275628539808 0.24780292322860925 0.2507694148626449 0.21793120666936353 0.2295283366037465 0.23399071326672208 0.25873902583746194 0.28177488670506085 0.26379562874555756 0.24937719468366204 0.2456743733642035 0.22407244704770707 0.2161033828388166 0.17612876879700157 0.1817002609058127 0.20425590559753726 0.22241951502320403 0.21750827840121023
0.320647918933042 0.3445286303663842 0.31669205068825707 0.30476895467391235 0.2781340361187048 0.27315004397577414 0.21151386760996127 0.20703249797013687 0.2164514345912463 0.19692481784404853 0.22160155807017373 0.207742347438914 0.17893716208187216 0.16568148514042297 0.15946695801331334 0.1988362822438676 0.17626275905820796 0.199917015116034 0.2367376362141608 0.25036582401698143 0.2572854547360824 0.24885872252281643 0.23424140988210315 0.27403206808331676 0.2785138025185292 0.2695642809261897 0.2821931435383841 0.26563120152677044 0.23588839121989072 0.2736211057541786 0.2600055120526416 0.2693486681967897 0.2449416924873189 0.23810342310761068 0.24854978517114326 0.22197877553784987 0.20799981441763207 0.18883196558107254 0.21131893963232642 0.2043810755838211 0.18997874789036848 0.19109353697370784 0.20215123933295936
0.33819587828208725 0.30325447496966007 0.29775754520633574 0.2830793924559418 0.2740650341898309 0.26383145199146446 0.2232113643753224 0.20437404159005435 0.1942226387732473 0.21239298681319826 0.22968106446572162 0.21936719813342456 0.1965756976738707 0.17567967583452485 0.1386175275766625 0.20247429433209455 0.21706633955020269 0.24351688602152938 0.26159445179584484 0.2645506406142181 0.2617625274399447 0.25749895593434524 0.24589277027742004 0.2493774688728799 0.2967618393666092 0.29646179339669865 0.31000146956221 0.29114524655012525 0.27783441979505114 0.2962719881035033 0.294679904788427 0.2855703243151601 0.27297840384040933 0.23538272164201465 0.21394712804014732 0.19908395512183447 0.22134718573106987 0.21774396887772096 0.1968565183501708 0.18941505990356547 0.19429236247936504 0.2138034788488066 0.1918621036199625
0.28625460092266314 0.28111735187686177 0.2648299434569101 0.2939959121302676 0.24522801807116842 0.24030908695998174 0.19732177532724532 0.18298179739137566 0.17066434437529504 0.1911797290569477 0.21647386041836067 0.20972455350623753 0.19764332958860084 0.206909694826485 0.20781068961535318 0.19476151199580174 0.20848285856985413 0.22449373088553887 0.24136522140877728 0.2408630519564732 0.26156387601582176 0.25699786714806416 0.26117832620511755 0.2576718280659148 0.27988883156742583 0.29513032369919795 0.30208270503809104 0.2806134591644993 0.28812957939878503 0.27493068760706757 0.26466970151142755 0.27858560132934973 0.24881816719712263 0.24794229321132236 0.22278755360558755 0.21715717988557046 0.23640055131636667 0.20355476064260378 0.22443464757435425 0.21930887214149333 0.23418559038714154 0.22706970217217348 0.2246710444586492
0.29200602762658595 0.2529066961660741 0.2600983882121722 0.2564863288332917 0.24874184153856727 0.23843501915051626 0.19000122549701565 0.1971332870403719 0.20134383765483488 0.2223420311521048 0.20870407714334352 0.20564980013726417 0.205217372004232 0.20657935613304107 0.23171739437776728 0.2301686297675269 0.23154624436018545 0.2538912728199189 0.2586396332094154 0.24364381578822894 0.2267034721319633 0.24563186204341667 0.2643294169629587 0.30102554707148194 0.30175671564789125 0.2789226540536382 0.31170833135470194 0.2591887589617523 0.24164076899239303 0.28759060349477156 0.2925868308341159 0.24632507985050706 0.2417733784771117 0.2528354267245731 0.21774225433887734 0.2194199304775094 0.24509969045230096 0.24134853216814686 0.20692926369724418 0.23953871396379772 0.22751257263948552 0.258872630898363 0.24864628967013655
0.2655903592422787 0.2240269467429156 0.2328120158071373 0.24870648779677537 0.22888700393993947 0.20496290095551492 0.1817381494807817 0.22485084154242507 0.2066778097011872 0.2097191370983433 0.2252869183636151 0.22510066802225956 0.2019550570176486 0.20306895145509857 0.23622403562390137 0.24196770496962267 0.2222624587767086 0.23726467522051733 0.2551269106015953 0.25890060247758073 0.23246555765927848 0.22836730566031208 0.26522789626011145 0.28491664690808177 0.26474428672455386 0.2883529992038925 0.28918443931129795 0.24758646298756223 0.23984504128783846 0.2614633606599999 0.2749339868105486 0.24457854188572156 0.26465608402596547 0.27475815588446084 0.2691568217382909 0.2718749966028404 0.24880781427687845 0.23561660588532976 0.22753839993382804 0.23338698475455144 0.2648134478471424 0.2352782905951006 0.24219112658528738
