Raster_benchmarking/DGGS/continuous/raster-428.asc
NCOLS 100
NROWS 100
XLLCORNER 1743150.3171011393
YLLCORNER 5469291.6433861
CELLSIZE 10
NODATA_VALUE -9999
[rows 76 to 94 of 100, columns 43 to 85 of 100]
0.3109928009950085 0.34363678964989736 0.365744081233347 0.40383910699856174 0.4362173694588415 0.40692792651793874 0.42333169876551896 0.47891398032425214 0.4791898385620969 0.49877397721260813 0.5299230073279511 0.5765858733878986 0.5950320849271042 0.615680913047882 0.6121539301956667 0.5789356321425796 0.5883536535413696 0.5842761910342351 0.5933136452338417 0.5472370213577086 0.5672656082696411 0.6242251015558218 0.6679414967507652 0.7184782644611779 0.7064861050266913 0.7097312971002583 0.6999478843209442 0.7442517629337123 0.7433871394375007 0.7432878521563454 0.7595467445877216 0.7758836233800763 0.7325786359851589 0.7305624115526321 0.7453045061452864 0.7488710687095839 0.7482075907833778 0.7902191802157891 0.7725839474585006 0.7332313965556607 0.7180912326888904 0.718275671269939 0.7285318559792809
0.3056108553459469 0.3255516260731332 0.3343906470776817 0.37734616523789105 0.4021732951196646 0.4429946351500772 0.4481480634096444 0.45245600552366927 0.4498168569530303 0.45723018712866614 0.49599843792858717 0.5511614969861284 0.5745828897578741 0.6050607352270436 0.6203579176793531 0.6490351560712107 0.6549634622000541 0.6233223624106259 0.6430839621852397 0.5873061462703952 0.6173318640280523 0.6303450367409601 0.707353355528218 0.7626851014807756 0.7721563713311711 0.7563588731739205 0.7208380251822452 0.702584635707688 0.7449401984882709 0.7812026247461041 0.8019740902057556 0.803448584881316 0.7927885849333494 0.749698972609136 0.7560288713531822 0.7919916428057077 0.7772276214638228 0.7648411760549703 0.771199403400661 0.7364897684914908 0.7338819582176325 0.7040670085223392 0.736490808700558
0.30649588757463325 0.34894627214295726 0.3308913696761422 0.3703901988462943 0.401255269861825 0.4266664762656859 0.40775637792634534 0.4269031291388526 0.4905175272207172 0.4817018988453963 0.5258176459511225 0.5347202428394363 0.6011223529183023 0.6025769335512611 0.5915881496185695 0.6128173380072465 0.6590819144707224 0.6805650565581433 0.68125136516319 0.6854778575880411 0.6851978570030584 0.6739292134589311 0.6936391668839481 0.7710105862196632 0.7850778268979597 0.767717641184177 0.7393514625681553 0.744896545353564 0.755097447043342 0.8125138379403148 0.8260238162565621 0.7918216370161293 0.7966732542321521 0.7636962094075163 0.7645452890284802 0.7501642006861349 0.7552560391835582 0.7315233866603894 0.7468373836009402 0.7411995260868774 0.6963189789616331 0.6960000664129519 0.706658068690418
0.3562334993128943 0.34324948996992544 0.35840623694232926 0.3877086069794617 0.41577070854607395 0.3690026682256234 0.4062443696069648 0.44265346985272147 0.48822349472620974 0.5164657874330174 0.537577552700042 0.5635492940877354 0.6107011435147666 0.6073853854156188 0.5891071699067092 0.6216297661862112 0.6827415992832478 0.6787438753708365 0.7180320403748369 0.7368595867044097 0.711463604462026 0.738019807965283 0.7098425383747262 0.7300423883304025 0.7933377422578167 0.7938173786746165 0.8021460552726616 0.8017265073088053 0.7630389058513611 0.8222618861703311 0.7894606656140206 0.817367165874403 0.7771919188584033 0.7654858508661927 0.7924644217961264 0.7784715213308624 0.7371809137894476 0.704820975276148 0.72554122803552 0.6796873098171053 0.6783367739671327 0.6994669250339857 0.7057412309828062
0.37435834776620014 0.36641482098554673 0.35968981097142133 0.41961696465493686 0.42504702188596377 0.44402874929678093 0.4311007915056776 0.4275614579406655 0.46329602619859994 0.5434305150883101 0.5703349960852893 0.5826895184527046 0.6113364182099686 0.5939242683681788 0.5961639203592363 0.6307350375221455 0.6692100180305552 0.6801096556064667 0.7200125297750761 0.7151165671996916 0.7583008795724552 0.7323124591321053 0.7632043594203947 0.7699707319163223 0.7871538981775446 0.7643660289798038 0.8080654437060313 0.7810492025792358 0.7858948878418878 0.7901099482195402 0.8043654918679732 0.7835899468299354 0.7825405454916589 0.7388400688241881 0.7465934295036504 0.7557083001780269 0.734128821512317 0.7172766051302232 0.7472260740199791 0.7088845261676375 0.6890533353679681 0.7133406758086576 0.6728485722725271
0.37293108108606354 0.35287747122704705 0.3747177365146941 0.38780423425583516 0.4513524147397753 0.4381601391014451 0.4367025888867323 0.4239864616445169 0.49965516513442676 0.5168410591337058 0.5564550596902887 0.622588814408057 0.597093045370167 0.603092899606076 0.6168652652113887 0.6591396114464546 0.6455988498342111 0.6801840615941819 0.7083791581343152 0.7497805984896728 0.7347512446412663 0.7287155365857011 0.7400029151439166 0.7663743522133352 0.7665672413339875 0.7836078471585074 0.8214239856549234 0.8379885378848845 0.7715239188268493 0.7947698825666781 0.8034622952914242 0.7848069822584122 0.7955422014746178 0.7596336254076316 0.7484392746958315 0.6958137099598812 0.7573561735645413 0.7697168423019871 0.7215251754369574 0.7216464329043789 0.6826793066474564 0.6871093871881279 0.6730111193276215
0.3999217986049338 0.39726383780215596 0.3871618131217971 0.4190882204847953 0.43619171181018346 0.418557527242022 0.4316187382440308 0.4512167921050306 0.4955858453376136 0.5268503468735714 0.5552479472759704 0.5716362225688244 0.5814492282200147 0.6150576703621735 0.6505809825044954 0.6385199356157665 0.6828117869530859 0.6778073650669859 0.7335821545926625 0.7239134188672874 0.751282489419075 0.7134477241938924 0.7418902329494156 0.7730720784959983 0.7692641470769735 0.8034340842755652 0.8139468089361803 0.7872023697703179 0.778866012672257 0.7848144186957635 0.7452361928776731 0.7472723199569488 0.7606054580038545 0.797704913089636 0.7697350353193578 0.7483200970758951 0.7686791276049341 0.7535338005879357 0.7409068766631708 0.7269973750132589 0.7306468440728923 0.7305027745848467 0.7155726011619215
0.40351017563702046 0.38480048977267 0.41806138502582185 0.4015112169675098 0.4413762397005227 0.4429982597523836 0.4946849021738011 0.5222173405702685 0.4997625381854607 0.544181215579387 0.553194214067522 0.5670597517489756 0.6133232666347859 0.6153828047700293 0.6552332110928307 0.6287732835612502 0.6273900919925637 0.6488482552701389 0.7248787388474177 0.7557818004606226 0.7669589815402532 0.7338319441343853 0.7140132203141443 0.7427177575240265 0.7796372880158055 0.7553894297266084 0.7869316222422676 0.7613155021314879 0.7534003973586884 0.7321855457864708 0.7345112260478401 0.7272054078483206 0.7433443756069634 0.8008205585381484 0.7567058928058552 0.737879759036425 0.7392924215340173 0.775785769129537 0.8003769150708983 0.7773043705514352 0.7425001541689443 0.7645689014155624 0.7503263320309785
0.43425540213002517 0.40175363630877303 0.43669915281986843 0.3886472367847444 0.42397584098898367 0.4668386145045956 0.49885481456790326 0.533065295827604 0.5030833238309235 0.5202182888194326 0.5521083272342968 0.5294261099776801 0.5755863305221339 0.5888518795509069 0.6233687135474194 0.6287431242957384 0.6219192482944362 0.7032202921322382 0.7331315848117381 0.7306467670495618 0.7273632818784983 0.7478691500347198 0.7188713618031591 0.7285263869119583 0.7486960176023444 0.7530962781697267 0.7134160454597476 0.7152358074095169 0.7330570893246721 0.7463049599223416 0.7080574922320956 0.7561375469574998 0.7567064963101118 0.7833305619491093 0.7858899489547297 0.757381084386552 0.7791420137467545 0.7701097145880715 0.7901593472673016 0.7827419098981212 0.7728964446462533 0.7577229849366 0.7380220442538413
0.4517484097579306 0.44509740231047035 0.46378837279436075 0.40715641390269347 0.47395290153647796 0.4863072932096532 0.4806073279733063 0.5039368314602494 0.4914200470507884 0.481701225657418 0.5040795406025645 0.5118942096774116 0.571555430937066 0.5664555594224405 0.5763602858568639 0.6198174537875012 0.6705080316721873 0.7085842058424514 0.7059871870036822 0.7188999143613148 0.6992203543931312 0.7131413862302337 0.7075153030518556 0.6926920177358628 0.6944796139386528 0.7381734645180493 0.7335739349570694 0.696279626181586 0.7271261784592343 0.7057211765822341 0.7098388919032528 0.7309497283302054 0.7378811148844139 0.7230426904098145 0.7616825515035199 0.7957387311015134 0.7619851974797183 0.7443901457324126 0.7506431710411924 0.7682425680904044 0.775042144914126 0.7778301220023845 0.7852703725000547
0.4124201049946555 0.43107595008837385 0.46100944969566593 0.4657169902095558 0.4759598742504819 0.4761287682231993 0.5335186790305114 0.5471450518139443 0.5376900294666408 0.5375017279775144 0.5498336932492726 0.5267931646438588 0.5274505505590379 0.5710414312058567 0.6138748184075005 0.6267929139688376 0.6646042097227095 0.6798449243697506 0.6743770741593456 0.6920013016905215 0.7039833828356524 0.6923158718452351 0.6911096923227313 0.7050335036877347 0.7053859285481308 0.7208222288604111 0.7017157603904224 0.7076454379474331 0.6808340934297599 0.7237951498913142 0.7014287992520123 0.6988188307536197 0.755169739436729 0.7158516304363306 0.7271657900503873 0.7370640191148826 0.7494098985855747 0.7586366322333673 0.7355755867698942 0.7590140593531282 0.7651761707729977 0.7563608179774155 0.7452429088100239
0.3810263006510601 0.4028758565925516 0.46327895653011353 0.48458710723159243 0.5122177510392846 0.5136337338605611 0.5276160453437274 0.5318565936086684 0.5651693439753726 0.537346569425637 0.559883010681408 0.5678917776671907 0.5720068056676356 0.5637772581484336 0.6167838367286328 0.6441612972704076 0.630653063006128 0.6516389743608391 0.6833397323320936 0.6618037275528451 0.7022166503998125 0.6932446191189221 0.6999723824322399 0.6593150286243749 0.6926217029373674 0.6839300935936904 0.696489652994057 0.6894430345469483 0.6986342736413448 0.7182593728605606 0.7246231515599221 0.7133423081116999 0.7215669573006224 0.7456272810454285 0.7478069725398389 0.7221677891073476 0.7429689850009364 0.7810147680971159 0.7294883579475299 0.7311785857832223 0.696595533000855 0.7205657669183745 0.7506218110916836
0.3784076196337399 0.4015272628315099 0.4696282865857096 0.49539386664102053 0.46991866735933024 0.46372645914584226 0.5022370532294371 0.5307579687758716 0.5430522539045889 0.5477606748639885 0.5584318108095829 0.5566653959347179 0.5934531887567456 0.5905687613151341 0.6121045916110971 0.6519065931343111 0.6495873608475106 0.6329587106820787 0.6782845931261753 0.7003577390809467 0.6977076099833103 0.662164634871565 0.6891148070902398 0.6813369470968107 0.6916439671229223 0.662443826371906 0.7016372704289288 0.7001166876744601 0.6740690196424183 0.7175210529992984 0.6994626755697311 0.729959016776538 0.7300746246434721 0.7004479651036736 0.7034388267600825 0.7156303180003697 0.7242744248705268 0.7659505099284526 0.7226494570500085 0.7141874043486495 0.6875764353766427 0.7002237031987741 0.730266593038143
0.3881943745220432 0.4054174848809162 0.4343503278047696 0.4702935849537747 0.4795169407811682 0.4842887376524997 0.4941149358082027 0.5811638604277304 0.5374696051586805 0.5111280520238721 0.5261540672457504 0.5121821033983329 0.5581671616623054 0.6155481637706888 0.5993040356980355 0.6447656310698409 0.6532821209124194 0.6314308409583134 0.6839514804725234 0.7326167473114841 0.6720818425362484 0.6702216991319141 0.6681871811109042 0.7168599340127347 0.6895220136277758 0.6750017645104286 0.669947770073919 0.6674694215640853 0.6919382565307075 0.7094420837685765 0.7028716179547138 0.7495488211345683 0.723209046017292 0.7096082455339887 0.7419815134848172 0.7297876469668627 0.7652951609936398 0.7364500791240488 0.6898826568093206 0.6967696631374956 0.7193756411861447 0.70319100048487 0.7508558046516168
0.37238359337211074 0.41441432589185895 0.4135020172798468 0.41739470935853196 0.4709647912512508 0.49544711434163125 0.5092485254635296 0.5833365983335653 0.5745297289112736 0.572942699441364 0.539437417442603 0.5548448993041565 0.589884901797681 0.616319328839985 0.6231185620867231 0.5983820077541512 0.6232268027681906 0.6246016053184548 0.6678032135361691 0.7095034094749266 0.6769889903753 0.6938095305147228 0.7119241693880156 0.7138764722904475 0.6706566949911102 0.7007468849169002 0.6507771145263258 0.6594974051922938 0.6353036647545742 0.6925998877915002 0.704314732527019 0.7076074630864724 0.7288372486331535 0.7140010873232469 0.7365693647588174 0.7263726516836636 0.7579676116081244 0.7185094146613148 0.7038514213081477 0.7158028453719204 0.7380957461556262 0.7206838223611476 0.7411243340306307
0.3605712011308635 0.4131584951157428 0.42398118120703465 0.4236876653404707 0.4739807498673776 0.5179297283770311 0.5375965210748452 0.5674485770298855 0.5642942396618005 0.5908322711033414 0.5938401623091781 0.5964468025059438 0.5965043326942906 0.5796654692166336 0.5614209805553811 0.5724717874689446 0.5869760635423529 0.650283720096342 0.6872868356051002 0.7196062917359055 0.675083142076308 0.7016630203382705 0.7041687127747759 0.6938610997523741 0.6791199008532455 0.7104693481273332 0.6390804790943523 0.6248412838263885 0.6409202231740809 0.6336776654799476 0.6854896772246233 0.6888411221252407 0.6761053609689305 0.723540560422908 0.736076349847174 0.7550144862671799 0.7604581876689068 0.7102983172928715 0.7370766149042506 0.7460015297796382 0.7458801752016583 0.7563752040027711 0.7427120352723589
0.3873826821491671 0.3928803317263523 0.4083249419776436 0.426367942691829 0.4336026286256974 0.49580600038742384 0.5536561322240451 0.5672747586798096 0.5879698811842781 0.5563385974253469 0.5567924493788998 0.551833447225997 0.5915222245933983 0.5743605749509371 0.5693367304775143 0.606316017242346 0.6079826359610823 0.6042613280464021 0.624072225954787 0.6441337580159776 0.6576833948216104 0.6793494270075637 0.6658201480876822 0.7018661554111972 0.6870872700003677 0.6698404475542399 0.6669685176303901 0.6107320402020757 0.6229197658251141 0.6520886946970234 0.6330274714750258 0.6601299398663631 0.6584068547985025 0.6907777687973258 0.7181494833969402 0.7568250723842491 0.7372405493469261 0.7719861055179151 0.7685817921765643 0.7607042773872762 0.7819266553127509 0.7710777815565422 0.8257553515503917
0.44244235684673033 0.42514056474292067 0.4466055821479804 0.44186247101795134 0.4421688024663312 0.4596634408945936 0.49951454097885706 0.5613850384639142 0.5271086207958463 0.5167467304440468 0.5339403007759842 0.5520651101777218 0.5524816603728105 0.578133210060643 0.609602394350278 0.594940692840375 0.6216332208811607 0.5958535347068291 0.6219634528411966 0.6295374665823216 0.6200198548780524 0.6561377446625665 0.6509066980175214 0.7119194772923981 0.6909189649067501 0.7044512367948335 0.6632235166602294 0.5693723032101435 0.6132174124631665 0.6337428586648661 0.6410561476788292 0.6169567540087717 0.6792455905380641 0.6630727385045821 0.7416945429537821 0.7471252255236843 0.7755895542434058 0.777024035840832 0.7751965318811159 0.8243690836913957 0.8234687707789033 0.8063683146554007 0.8574361766530183
0.4268433331350175 0.4310836041519161 0.46280657032771233 0.4869215662827065 0.4544462077696207 0.4746859345747329 0.4953601949903362 0.5287902229936786 0.5269978887481664 0.49704572559916954 0.5095682670645759 0.5040559342377915 0.5126811302015081 0.5468987773420657 0.611506930024789 0.6309087016258534 0.5904466740934392 0.6217845934089482 0.6569920628714047 0.6546103232203113 0.6490519611523153 0.6419579212301855 0.6705181433467743 0.649591384932946 0.6541837966870623 0.6436971408384007 0.6361526376775913 0.5790253213793639 0.5857804052921828 0.6235027940828884 0.614503036237606 0.6652181953847116 0.6787385146367494 0.7019146271283581 0.7261669221007189 0.7603296299708168 0.7814661596897475 0.7709307257260497 0.7989973445224285 0.803264138912482 0.8112164079471272 0.8194396564390047 0.8571964636861542
