Raster_benchmarking/DGGS/continuous/raster-387.asc
NCOLS 100
NROWS 100
XLLCORNER 1743157.1306532265
YLLCORNER 5469289.6356198555
CELLSIZE 10
NODATA_VALUE -9999
[rows 19 to 37 of 100, columns 0 to 42 of 100]
0.21183395271279695 0.14691109983716782 0.13261552186569056 0.1436535423269788 0.1509279769904676 0.17403307554928643 0.15153017861242005 0.17123252365749692 0.17741220705344507 0.22088830674790835 0.18256779736170725 0.18497730433668172 0.1698092917625797 0.1456497704326961 0.15396661473414533 0.1624075295709535 0.14557810715084635 0.12370925814161507 0.13609871020109157 0.1646743726820822 0.19070747352369696 0.19711814339090994 0.21348124040427593 0.23316291668346825 0.24752736368497513 0.24012550777785388 0.22166339899097806 0.23178684674289854 0.2547830609751016 0.23411170644079815 0.23253824045474739 0.24228521936548203 0.22674047486858212 0.2371378329468169 0.22516992222548476 0.25547832998562664 0.3067844416850021 0.31090208756981386 0.2881078750985148 0.28312896131760773 0.25028439866437946 0.2706180079903145 0.2503377040509012
0.17505354023055478 0.12301031608012385 0.11370135484077463 0.10120525292152369 0.1153981692554514 0.11750747319942088 0.12833547030516526 0.13846890522002153 0.14974852533553956 0.14962752747998917 0.1623805943490713 0.14150557434746489 0.1318140639537815 0.1534863792777819 0.12933381834829705 0.15174538968277543 0.13024612053204773 0.13176720245505505 0.09778466867528082 0.10228017282770478 0.1524143037801057 0.1680700132456181 0.18665522994200817 0.1970076095720142 0.18339090499263275 0.21167462521698777 0.2313958408192969 0.2376404327998426 0.196500308604976 0.19802978954848002 0.20365880463898803 0.21317108618982564 0.1910233744692795 0.19091635693322898 0.20651883363315912 0.2703128061080947 0.29319003027734675 0.2717910001293441 0.29700282496543495 0.2483605222079879 0.23954724925876517 0.2471542161141049 0.21584838452625718
0.15325330812642854 0.1125753794888695 0.10568900898895549 0.10264605334480197 0.13669619352872522 0.10735581522744869 0.11018148992942425 0.1405006707488519 0.14296923824903743 0.1616743930780576 0.13259919936554315 0.14164886295413867 0.11016193330593989 0.10466580634950069 0.13160506569981129 0.11762059412032796 0.07751209590004267 0.08182584535112447 0.1036553908805562 0.08084578343093947 0.12227802939035343 0.14937776959388172 0.1510876136325647 0.11978078599472619 0.17956154251608208 0.21302468895716162 0.20844962495973376 0.21224990617545444 0.18059620779096422 0.1524405722363508 0.1595760813243822 0.1886662215112993 0.1763936391439179 0.15489530623424522 0.20842570812573427 0.2504093540690583 0.2540236029227332 0.274558772957434 0.2601585883869044 0.2316416325972578 0.20486993073253842 0.22353517001867096 0.18967095088788946
0.13388934214647033 0.08934222050612102 0.1019192579902896 0.13951395215288906 0.14687867887377085 0.15638661302146684 0.1420467431683665 0.13107201987662714 0.15936239396587795 0.17356331672923372 0.1457314349283586 0.12701662616424478 0.12796315443108885 0.09583981757312023 0.08739084824280627 0.1076750650575145 0.08223345012154615 0.11716928953866046 0.12894399229736211 0.11787903362864674 0.09414967398196773 0.06909406845695859 0.08992941353840142 0.11272210621846317 0.15664092454688025 0.14717665558972323 0.15701445489286953 0.18433630028161452 0.1599949017651887 0.1518870992125046 0.13013696377987718 0.1313756070504952 0.12936556502620605 0.11994875055516169 0.1622922525361103 0.22485015262618668 0.21480061445599108 0.2262615528766482 0.2183170897371187 0.19653345249466056 0.17287080033050997 0.18046806109756908 0.12832626846323802
0.15486837679276946 0.11058713267439153 0.10530697130472541 0.16324246958508384 0.17066852866782295 0.15050091538317378 0.14569498530926348 0.16560375469625316 0.15453069025798413 0.13856423550439156 0.14267193819759985 0.09980686557642747 0.11460813522645413 0.06858452379533367 0.07457505851456814 0.06397285150761221 0.06629024030312153 0.1277460865884014 0.12778365219418253 0.12882754074068822 0.0773720500236925 0.041479085196153787 0.04921053461395867 0.0861725608960518 0.11449175700752756 0.15604596552719927 0.13123987719207528 0.11850697796018073 0.09470330456969217 0.1156321391741928 0.0829688057826976 0.09112480380468284 0.12595779448329852 0.10052075525753595 0.1409872913172199 0.20177801634087839 0.20131793800462566 0.20688031807898147 0.18971776903894325 0.15344394447540874 0.141792608795032 0.1176983707115474 0.1274843427945792
0.16723726693360308 0.12036084760639974 0.1477353927832683 0.17960215418465708 0.15231497633066632 0.12143547229567232 0.12240502536409888 0.15641957060424747 0.12290445918428382 0.12086672134892432 0.12416959239921936 0.0789470284750726 0.08576381408588714 0.08745755217330427 0.04929027000170022 0.05362710281883381 0.09046720901452189 0.1020676035726312 0.12238302665653192 0.10919128038785801 0.07581596242401496 0.08363925240748446 0.07595536662559402 0.12073726629623963 0.13317896006055766 0.12622167833667655 0.11719754151167522 0.11366617835921951 0.07710626620327472 0.10432857074838696 0.09306391557452316 0.10009808342527889 0.08999784692212769 0.10027360867349167 0.11894094723772057 0.17427269234999668 0.1754017860820056 0.1762040293017704 0.14515285042385298 0.14260932230411036 0.14519084004193675 0.1328169490862311 0.12368122882497667
0.1653540712167658 0.14182222324925997 0.1549735067160105 0.16771902164565122 0.1530247309068004 0.1122108917471756 0.11854521847073167 0.130070861190842 0.10401318999449902 0.09707818762876595 0.08221636895646858 0.06671875806754113 0.050137180084898855 0.05133759386959456 0.08536361193991968 0.1104131074826273 0.08632811086545684 0.0929322248878871 0.12260215537986646 0.12205002593909943 0.0875250361712998 0.10234546523118913 0.10590243182010925 0.11523376719244127 0.09940786572528082 0.13687376605444748 0.08751567583048683 0.07177552498403696 0.08390401654938537 0.09469598806620555 0.1043583484982629 0.11204286748555875 0.11319156584082306 0.08646672823238506 0.12374243295121981 0.16289287353075427 0.1884295345231466 0.14824430494660595 0.17266211029741796 0.14120310723847457 0.13251809376497475 0.12231696377139044 0.11879883750626145
0.11671416342885 0.1308018070554958 0.1260594693567659 0.12388807072654694 0.14988736598817354 0.15543991861328843 0.1363122328336043 0.14895468032918924 0.13175468155594586 0.10536408401886939 0.054129204028963276 0.049880803357607494 0.05724379180726512 0.05720166403867215 0.10361149219580303 0.11259309455034973 0.06900380985680049 0.07381968146841814 0.12301948356566267 0.10929085865160812 0.10060434729952622 0.10275420624718225 0.09451487758564484 0.12748619099685826 0.09516114548668239 0.09023136763965531 0.07021356594529096 0.0499305030768217 0.10165151962858408 0.11111230719972666 0.09698709660317635 0.12073416884003073 0.12476557350213624 0.12591546680617582 0.16159747856706042 0.18935916735466493 0.17042491352220615 0.14896820695885396 0.18182039442080639 0.1775842914902477 0.15310827910221292 0.14585218299409014 0.15166867021301456
0.09641394089738588 0.09695155595334469 0.09142826684740739 0.09856629146461338 0.15112235465038149 0.16103863805951027 0.16100965685722285 0.15327390487486126 0.13719332600084647 0.07100075298329268 0.04559525374193851 0.05567124130391041 0.07938314653427431 0.10869253918847507 0.08002938151159301 0.0829892917174152 0.09905097011241855 0.09098474117381179 0.10664601138790425 0.10639693458247272 0.10182996830130762 0.08045421568090129 0.11657377621636343 0.1245320061273606 0.07993995732565547 0.06611267123727672 0.057304512631336554 0.03944125730545519 0.06027297779678648 0.1153529420940704 0.1164581257522874 0.09610967035970766 0.09449346510748635 0.12369209495411924 0.14939951071024055 0.18273935084324056 0.17504260786362008 0.19096028075243232 0.17937460489729715 0.19750911000874555 0.15360588163973743 0.16709487456042552 0.14577230046029552
0.08959305118147334 0.11215637671112334 0.09000513616794431 0.09048422357427406 0.1285259579226103 0.10409837891620694 0.13705005110203267 0.12387145157570788 0.0949190809037112 0.07997725799641864 0.060858336269699914 0.04654785819265128 0.06427282267239073 0.09521264872847546 0.09593764020156234 0.08248765345147785 0.06019559096682664 0.04961057571078841 0.0819239517867507 0.10311346200478727 0.07847039254809003 0.07355556889405988 0.08314517325676495 0.09134955857381012 0.09255654932992251 0.06923041673837142 0.03974062637124952 0.050658485768411324 0.06725052118093149 0.07755391108142427 0.07602083236877132 0.09040830756980044 0.08446006000131842 0.09120555624839558 0.10567310332457486 0.1482465934112529 0.1395780433378213 0.15587705304592805 0.1873483002052339 0.1869892893544895 0.16308502640249664 0.16852493283547673 0.15574058353097806
0.07668751187641892 0.11554145827335241 0.09815832214850305 0.10373988171024445 0.10343366992348196 0.08786169096878008 0.1180373343117207 0.09315265479869729 0.06459117434743578 0.08503508682238738 0.08323642443800047 0.07596074006712313 0.05398254367379261 0.05419548093639656 0.09593014638380958 0.09278399439744352 0.049891396525690766 0.04286217817550793 0.08263309856729834 0.07609132603345786 0.11442491888251131 0.12379956126661974 0.11780838677687269 0.06343485551189373 0.05290658508406232 0.03505790560252501 0.04527091752177475 0.06896779053794236 0.0716863123537554 0.0987495394233834 0.06117533252908263 0.0655711609694765 0.06615264842175662 0.11032968049106953 0.09534805084070366 0.10538815480346689 0.1433387606626196 0.11713326541885524 0.1356175735760984 0.1583747955280993 0.17341288220826354 0.1594737947955981 0.15037487905826297
0.10373650428754042 0.1288931813205209 0.11930313142884011 0.09299216288319863 0.11524611542050882 0.09393473481724417 0.069771494804883 0.09184091014654644 0.06474318950031352 0.047918275397679455 0.08058286479197625 0.0499871342759053 0.056357954678290925 0.022688170166471934 0.03837712117474892 0.04781229324968527 0.0388613246538006 0.04374746974314233 0.06987639646031044 0.10322135428221166 0.13411434953372872 0.12664900364403042 0.10713432678194026 0.0769062529391756 0.06008818725153117 0.08272828701430207 0.07261740486244289 0.06585559934108012 0.0554659453776195 0.08163341327879943 0.06996986229245615 0.0774589344162067 0.09981915880431057 0.12257818771170613 0.12484147456241544 0.11579474298901794 0.1153809098609978 0.11863661014626548 0.13744243643624512 0.16369714086560833 0.18025512582920966 0.1992518468854657 0.180041280406768
0.10957111325998244 0.15181238462350213 0.12144753259747447 0.08999439909732652 0.07691536867582865 0.0859695854590774 0.05753739224124554 0.04893224850619666 0.04352301998499093 0.04084266280017356 0.06346685602816449 0.039441897097621165 0.01619382904759241 0.0 0.020536650536966263 0.054679068754093195 0.03905205869350939 0.05394684669787336 0.08554495273286111 0.12495348795644573 0.13298566509161808 0.17053673499324185 0.1351686528399656 0.10718855212130354 0.0722772031477368 0.09636207973192569 0.1002901313952516 0.0876522945791045 0.03597337624750191 0.024384282958576527 0.04206636384998138 0.037612506538198635 0.11670549031691457 0.14608779971417482 0.10993595857489563 0.09344204269685268 0.11669655888008881 0.1282809760280074 0.1784542666839633 0.20719656733225247 0.19964747628322305 0.19682436056633704 0.1961166941313972
0.09464877253180197 0.11967050245097706 0.11205553345011905 0.11457616613138412 0.09081507043983236 0.09309587632078042 0.06715184153923612 0.06151177755098268 0.08148611078060965 0.04539368606056981 0.04795661629924103 0.056518089498629125 0.04527707943879486 0.029792648511768847 0.025075316905699318 0.036828698446832335 0.06772086624430255 0.06485711096098641 0.07610904244098811 0.10232565049978276 0.1194258332291339 0.14668811894697806 0.09905740758786878 0.0814475972818079 0.06977539565157463 0.07937856113782772 0.08721795626772674 0.058883546129438455 0.031007999422892358 0.028918877599779673 0.0529176409420601 0.08349582539977192 0.08041409615138083 0.08575093705963577 0.11512233472522962 0.10136006890540633 0.14771953328991472 0.16210593179985303 0.1842808388687638 0.18009425793847741 0.20788553873920654 0.1972944386604326 0.1851025122158044
0.13645518335253035 0.10882813143099117 0.11063877850597395 0.09090041214004614 0.0870906927376234 0.09450621379356616 0.061231965882983456 0.10178291711737154 0.12633495220068627 0.10476203871680671 0.05663366778162942 0.030255996399349987 0.04957319805040271 0.04778744444114178 0.03288922324141122 0.042443846718926474 0.06767843062545438 0.11151591976153599 0.1105432681221712 0.10391714059321977 0.10357198331883428 0.1127169457248438 0.09284126487878576 0.09131394834262972 0.06735725464684413 0.07150230647987824 0.09029173392359284 0.05413080237715959 0.06460466950765498 0.027136602115813823 0.0674746027746051 0.0661990980352067 0.0682681788614712 0.08613506217081161 0.12801401382265665 0.15204752256985737 0.1610185886035379 0.1436213140930685 0.15118474502341567 0.17863199219173473 0.1772783589512118 0.20523202873653967 0.17198393006513202
0.1311887374576776 0.10500433632412948 0.08933764980171963 0.11096558160107553 0.09511309224464565 0.08217873746525581 0.08304579206541084 0.09615281920605948 0.12827635199317866 0.0988505628045971 0.08853797637165801 0.024434509811864184 0.030428833326277265 0.047628066230769164 0.051505243646165516 0.08587614720233852 0.10126345844365794 0.1061175425674293 0.0912016877368362 0.08289287069971468 0.11770770132693155 0.12883267334497012 0.13177058125207874 0.09381161531685235 0.06969747772393108 0.08616887912006206 0.059928842106061864 0.03175145213775313 0.04357432375160413 0.08558006131317049 0.08298825191648902 0.07902417234906971 0.11524289130824247 0.11883901156194569 0.1337495339774389 0.13531316757966302 0.15987786721430766 0.16207157589855706 0.17642260820171735 0.1732261264095925 0.20664780154373544 0.19410511938094507 0.1963348555058703
0.16049508959956454 0.11558530706590074 0.1127539994651635 0.12244548017802605 0.13008038997284735 0.10367094564168182 0.11045736983501457 0.11140980845513411 0.11875214960934113 0.14860669971540214 0.10936029041407287 0.031366402226953735 0.041897010136181655 0.013725452830164105 0.07935984642906996 0.08911688681134733 0.07963186073579291 0.10371496950876376 0.07554346627485453 0.0936862078767635 0.13294801970430994 0.16424042607226905 0.15233254944592012 0.1046487388807422 0.097253176286977 0.0756261171710075 0.08817581351036195 0.05664838265037243 0.10909227611621945 0.12564206478822676 0.12408775244836937 0.14631613881637148 0.11980951222781111 0.12632658070380656 0.16734958049435733 0.17330299458578685 0.15982144232522968 0.18700755037676123 0.1946873362826225 0.2015087975794601 0.20512869135456585 0.19911173653462524 0.20713848397880819
0.16645441845041015 0.14547320998997393 0.14645097056979337 0.150369227548163 0.14612445523330753 0.11600735920258158 0.13423991281699496 0.14086761310578733 0.11649794203263343 0.1013505043820296 0.0909837920491205 0.07566875425792495 0.05577518556911211 0.0454278439569871 0.07553728845460692 0.05843427645642443 0.10717441576763222 0.08133773508611722 0.08064561053434986 0.10425664216063596 0.13491009711659002 0.11066175844557274 0.13356709658672553 0.09559270537581062 0.10391009245567918 0.12145675438258866 0.09504733545560418 0.09464400334604163 0.11733804068729932 0.12077882044555452 0.1297366221423585 0.1603100801407094 0.14443865601276792 0.13330986693708954 0.1561990298229319 0.20926526917709432 0.2135723076726317 0.23120406370688731 0.2019580285818108 0.19784042999332394 0.2345253680360367 0.21526907223519462 0.22543693752880417
0.1487909017051109 0.1596433982453117 0.1264607870244614 0.10846761622210369 0.13060555288543313 0.16665726295071884 0.16312389714814796 0.13461787431457242 0.10365337319135005 0.12423273076169623 0.13236375603198627 0.10056307417441632 0.08915098258026034 0.08764966846731452 0.09031011658531182 0.06122957742309943 0.08350714605939676 0.08259023944861393 0.11365400761928678 0.13265578244160794 0.10675349692385323 0.08480773237869313 0.10583280266873268 0.07854179782926508 0.11694895245334062 0.1340767949042964 0.13123443435584767 0.1342773879224093 0.10168787149380441 0.09435612529569233 0.10032341673149393 0.1270770080606462 0.16934467506772063 0.17796419963362517 0.189367209946276 0.2198892801073043 0.2511231986986042 0.24579766995796568 0.24905058203816394 0.2388939311837013 0.2771042545814415 0.2771133579803827 0.2704691576781544
