Raster_benchmarking/DGGS/continuous/raster-88.asc
NCOLS 100
NROWS 100
XLLCORNER 1743155.375097745
YLLCORNER 5469285.25029979
CELLSIZE 10
NODATA_VALUE -9999
[rows 38 to 56 of 100, columns 43 to 85 of 100]
0.44974090332620176 0.48449449220039903 0.4855127123857346 0.48586547668712815 0.5558068081994321 0.5429087592498136 0.4906841401261547 0.4886537233930318 0.5355456297705895 0.585917849583676 0.587213365419354 0.6280976279548436 0.6245598513155758 0.6102116192695368 0.5779171938442332 0.5434243330391327 0.5317518202115679 0.5160438068905498 0.45848698284680345 0.4689328807156599 0.42593317928290575 0.463868298272307 0.4720644334424983 0.47191501593735286 0.4390328230677553 0.45358392238452 0.4476541820130806 0.4280257791267747 0.4730709954638406 0.4688769637952692 0.426933913088914 0.42996025609367516 0.45659232246301806 0.40906450750006634 0.3513024392116685 0.3760053088567935 0.3286189334833652 0.3341470940321779 0.32273452988509926 0.29559974508474457 0.3355326480059143 0.3039758243997683 0.27493829149835675
0.4785098073391703 0.5403791983433328 0.4943848209414254 0.5034395647917519 0.5917851508464004 0.5698603264043087 0.5430352959362619 0.5474373201707728 0.5196255871782346 0.5929797416170588 0.6052447450798303 0.6066356414373028 0.6396213118674872 0.6440988481974418 0.5833316321487827 0.5748062141515331 0.5422644783414253 0.5302155368324988 0.5051121387202427 0.47394844847519296 0.41201864457934817 0.48581578295052824 0.4856714027795779 0.5177354387063448 0.47529720539372977 0.4825205958777885 0.4485596455629741 0.43575077998060535 0.42932289980890526 0.41928365145488744 0.42848015069206374 0.38546209158964806 0.400782923852589 0.3336531575314762 0.33474288808328806 0.31148006139233403 0.3684340553655413 0.3295220793291974 0.2799281636317211 0.30617165379696987 0.3375980540469911 0.3014696393519199 0.31887126974840413
0.5452073296609022 0.5665358333498085 0.5709659604986272 0.547408175658776 0.5313344481414809 0.5049303736111446 0.523268729089588 0.5141353571749928 0.5568472636875005 0.5998330290151889 0.6658759362608262 0.6894599214697648 0.6739488808625212 0.6214881621805283 0.6194266912132628 0.5953027772097658 0.5991882641827095 0.5707966875754579 0.5468323934538124 0.4815271966746764 0.4593077552590877 0.4696166171695237 0.5086393744504063 0.48684311641102673 0.5063675805032739 0.4871336905582761 0.4855673617948277 0.45147265611367043 0.4443049139196342 0.4401905948025802 0.4137825701537918 0.36489228687801245 0.36492778007450843 0.3208134697051485 0.29141179618387597 0.30514469927696464 0.3183273910295296 0.3015685973769708 0.2904742771584383 0.30435233413473367 0.33404816985996016 0.2970387961614636 0.2596896112627264
0.5795115626678494 0.5955646232032936 0.560580333471792 0.5002342561091143 0.5006217019678222 0.526093028162265 0.5305943036932885 0.5371899694702853 0.5945504217675056 0.6512166514094714 0.6789809205559012 0.7012785313788641 0.6954755455182804 0.6909122353640318 0.6620322438264309 0.6319151538411315 0.6213141351734905 0.6008518304843659 0.5131419548308792 0.485149328050453 0.41045352507111316 0.4527874586660534 0.4563171962414488 0.516679141075595 0.5091617215592256 0.4895216926320128 0.43842360619260357 0.3934485436860144 0.3766643276480405 0.3833449619300333 0.41695098788107554 0.33434284988924085 0.3245096258554356 0.3330055577345146 0.3035697765685952 0.2718662964616423 0.31561262580662264 0.3353620427859851 0.297941874095402 0.265348606082178 0.26166293550698144 0.23250283844568756 0.22245937178489084
0.5522107760913586 0.5743185047826048 0.5056208220743043 0.4710168250899632 0.4632535016616952 0.5359000131089167 0.5983479615286011 0.611138672321584 0.6036944829150211 0.6443302199246282 0.6974233222527477 0.6794730730855544 0.7158898897941834 0.6729380875565067 0.6999138996191402 0.6436228245744275 0.5942181883613545 0.6022431026842008 0.5899492088581084 0.5165067049345924 0.49508998340434784 0.48603333058022186 0.44640210142255815 0.46539542065984385 0.4468303126595029 0.46472271084035105 0.4204276853523339 0.40686052553195406 0.41873210291701535 0.4436346517422273 0.36987828522612964 0.36042968340425585 0.33227960561745473 0.36090360655766496 0.31089164006238795 0.28712463882240186 0.3107330430505942 0.2930692570079069 0.2634490775677746 0.24879295420275543 0.19663639474797937 0.18709407879117693 0.19483940257250842
0.5984351926069407 0.5723765516698847 0.4867037407587595 0.4864801535817938 0.4470231347662401 0.5274059974519495 0.592043490567787 0.6302322554858099 0.6929404684304534 0.6242494653535823 0.6412354613098243 0.7111829525862394 0.7580327587287399 0.6695312752546753 0.6889096978461202 0.6071099920485464 0.5417517180149549 0.5490952227377858 0.5941549576456338 0.5559504421751872 0.5107666658087678 0.48758777698423367 0.4990966019584678 0.5053263915262641 0.448274381722338 0.4490947488619788 0.41495999361735 0.42237450071796956 0.430765288857332 0.4047152940548895 0.40883989635697643 0.39196328995457774 0.3954751884416347 0.3271372656273986 0.2768000650800585 0.3230131235134443 0.2993780287380615 0.2309745979405408 0.21794229813064228 0.20298404505533596 0.17763595295651788 0.20730281944334486 0.22250376931967003
0.5236578805115776 0.4995862749813899 0.46823192954727555 0.48859868334299783 0.45545404738264145 0.5110761666937803 0.6070220536200422 0.632042845427591 0.6931780531519278 0.6580054621057834 0.6577082298911211 0.653481085450158 0.6958654970126145 0.7029654639936473 0.7101281393029577 0.6297317327777084 0.5989284971046858 0.569412764918095 0.5576528333974956 0.572790813213337 0.5365194556931869 0.4890216742209953 0.5068652965559409 0.5280281066267195 0.5129808593331535 0.5286911225857773 0.4940347160023534 0.44890205324772325 0.4178373829130824 0.404833331092986 0.42913288305050945 0.39073812734759605 0.3483155187067473 0.33728585150186985 0.28989436176387867 0.2999964465309161 0.2907217922846877 0.24080478854589463 0.2570930013312296 0.23414464014852943 0.22263536034689513 0.2210375060996319 0.22358740961064325
0.5451401624778747 0.5284949547132464 0.5061078451057288 0.5158714564491791 0.47313085288513773 0.5246841555262128 0.5719907562155704 0.6120803398084432 0.689761591187602 0.6608396315853248 0.639697006000241 0.6387657620209899 0.6235505204017607 0.6450997765122768 0.6740555168376857 0.6612519598739954 0.5954727102214316 0.6183840454680709 0.6259912562044173 0.6047904910379706 0.4926780783392679 0.5094831431534571 0.47910633313438095 0.5530047665626666 0.5647223879666181 0.5172554580083037 0.5569743833818913 0.4662107107465054 0.42855393235652384 0.4494609935326585 0.4113571640949244 0.4198342763921815 0.3864011370872575 0.38912823798424895 0.34398885396897483 0.3806527094651918 0.35991762989886755 0.2759108490055888 0.22024231548168538 0.22553455989860863 0.2439986865558065 0.24884986582639262 0.27282784767207946
0.5368128441660448 0.5188041286855851 0.4753125061320306 0.5055705078073228 0.5020775890302424 0.5065683921536374 0.5815169319122658 0.6441178250071576 0.6828067333117137 0.6439959660215688 0.6907224123670257 0.6513227580783348 0.6337292349861495 0.6586144363820796 0.6744418503113434 0.6781863444371102 0.6897424426397936 0.6296698270862733 0.6710680777629088 0.5962902541621163 0.5699745901267963 0.5577138688699228 0.5121927460437237 0.556996677933234 0.5578394517982094 0.5692238021256693 0.5506804458143879 0.47133266789200695 0.4964157499763978 0.45001804902365256 0.4575355599196996 0.4157233832367256 0.442657754456559 0.4286975773170685 0.3863349618780684 0.38045893781215423 0.31303753079918 0.3047379044044046 0.25631626754786374 0.22764238620584312 0.23636099020506768 0.2782256361649586 0.22654955455740022
0.6053357784140122 0.5755897866333747 0.4910922677004871 0.5220932720368816 0.5413643448176262 0.5713544088466106 0.5870153126737458 0.6031071591077295 0.6910408110967978 0.645040499931045 0.6940560618848847 0.6843164341525673 0.6411586212729053 0.6718593455061032 0.723728231937515 0.7115756627217067 0.7069935329844819 0.7011313505477713 0.7069415396963936 0.6643038093939128 0.6055137301550653 0.5374038495751031 0.5455602468529822 0.5276621716238507 0.5825220424657606 0.5343121262952224 0.5091101222626332 0.5004403314190927 0.5349224299873405 0.5347760912146267 0.5078257434146976 0.4931885170594021 0.48599527694568045 0.4110246514412984 0.3457175528396619 0.3290890457156088 0.3360961757852295 0.29613872833987104 0.23958062757175572 0.2448758466030581 0.2802352269244586 0.25951184411026385 0.2286842840994657
0.5555734979457246 0.56472258900296 0.4930898847255743 0.5244447006860263 0.5180323903445081 0.5166570576987523 0.5723355438925403 0.5955934082102459 0.6679534997918921 0.680002325578343 0.671035443412167 0.6669648424805317 0.6623243037159392 0.6172382344782678 0.6611708453155049 0.6689194737645765 0.6933107173769628 0.694353031769535 0.645432603578846 0.6160974351808381 0.6157714899391377 0.5611353026612069 0.5856012494444452 0.5427961238083389 0.49985547238809996 0.4977449742388658 0.5406954263438783 0.5319147403868018 0.5602665478665578 0.5422323725796847 0.5084181321070921 0.5241309940594405 0.44699033636390245 0.4079238078467601 0.4112075491350427 0.34650649693628327 0.33757847351670034 0.3046656716344974 0.28608977148329445 0.2700498238680257 0.25328466081157586 0.27571575146114297 0.2741066736797362
0.547245169921069 0.5359304669999383 0.5330548311200543 0.53034478227085 0.5387137965264316 0.5535626158204598 0.5289485438592174 0.615349483690321 0.6564312054007062 0.6706123710195524 0.6926351552143817 0.6335105534499959 0.6237630955724013 0.6228677895973758 0.6169754750411676 0.634558330132693 0.6918079389436905 0.6837989769670134 0.6389873224534048 0.5806789394742621 0.5817812044284518 0.5738810110406123 0.6131980470489 0.5950336102427201 0.5075062002216848 0.46878323080321077 0.4921389913733298 0.5002580191553433 0.5341269780295417 0.5241477926676621 0.5267835911236405 0.4816420724174144 0.429053465288304 0.4286566472891096 0.43136375102049146 0.3967628289035627 0.31128092577224514 0.34571591049295813 0.32635521154927216 0.2735985556647884 0.32410449299475097 0.3326210646897146 0.27775236987974194
0.51582661090925 0.5362694340157413 0.4755024685420082 0.4753294940273024 0.47069016777383876 0.5487387581024559 0.5784280231494043 0.5399283039454565 0.5930779214038163 0.6242363260620857 0.6403395855767988 0.6800548898104701 0.6924159222585106 0.6648989273915783 0.6914783871390446 0.6856083534276334 0.6465932460317396 0.6549028454609724 0.6444156733222997 0.6275030513875293 0.583198409325294 0.6178829415967486 0.6476261339627979 0.5865081720210347 0.5055638874086623 0.506047703549875 0.48658687491587144 0.5156484218274485 0.5149904196763067 0.5264750159445707 0.5126112746868862 0.5363716499008024 0.45403342975796335 0.4800264840370206 0.424620044147284 0.3957061494209999 0.33800143052989146 0.34807248513439243 0.30752750804823287 0.3096899724679447 0.35266534897665475 0.3264461654737174 0.31053807535834943
0.5308266949558849 0.5430467185764528 0.4947916223766671 0.45907793171291034 0.46334535660249526 0.5088003272778059 0.5715035595092298 0.5198171121747832 0.5490850766840532 0.5537668083567907 0.6219307049482977 0.6280796989975069 0.6881521079972406 0.6694367954888066 0.6657133911152345 0.6783592753055441 0.6481514626364733 0.6234119890771032 0.654457661362087 0.5991571049196935 0.6433787775828559 0.6471019413693995 0.6664241174269301 0.6209356015962345 0.5569290254487951 0.5336723875583501 0.515466168114877 0.528068749608065 0.43910127501097845 0.48436769678227176 0.5462943991578028 0.5581426896170044 0.5112356268464834 0.4727302143665019 0.4565522209413444 0.4529952260847182 0.37296603259660505 0.39014487243773355 0.38698126405201055 0.37512008824133997 0.348328909018664 0.3592851725592783 0.3149095682396827
0.5254206783834157 0.5498659266075479 0.5184127839199589 0.48732303277739714 0.48257142530273445 0.5144626844458199 0.5433381080804413 0.5272941936484742 0.5425163123913005 0.5291634501045216 0.5594797480108714 0.6119783349250876 0.6447618830852533 0.646308716901001 0.6602269324334958 0.6462122290018458 0.6842746473779161 0.6614930340130054 0.6325885250821495 0.6088030239105945 0.6048719511509005 0.6232034485906117 0.6614520417272867 0.5834656696161469 0.5997049857016841 0.582627857003674 0.5734221694563452 0.5129539129658377 0.5186779705604623 0.5759113163351011 0.5816069727418626 0.5587485984181091 0.5458844884169849 0.490545671615728 0.4894116377814808 0.4422955350028996 0.4538953869507883 0.4435581374630337 0.4293618493360419 0.37591841639272333 0.38585090395451066 0.37947687934202695 0.39634175049566794
0.5625909210165254 0.581823420607991 0.5375447846550455 0.5504727989994357 0.5570603890312066 0.5933358611463068 0.5630465466422524 0.5524824702745939 0.5093737817847581 0.5534936099248312 0.5662163018276468 0.6270428636752605 0.6133008586438762 0.6162284912002108 0.6751179290869178 0.6238972533152725 0.6376280743335442 0.6066098992210429 0.6289079108425282 0.6462323890990237 0.6573139196182377 0.6625118136233559 0.6383764196612239 0.5931498831325447 0.6140509753195141 0.630058976398627 0.607404635333454 0.5697512764221536 0.6172350768394621 0.5729891983059625 0.569167933325969 0.5479665941301816 0.5820231741576912 0.5238848379542947 0.49896481594025444 0.4716687625759263 0.5016100842108452 0.5013146875152297 0.4341953651359109 0.4039286779748088 0.35668323316956674 0.4163287466962453 0.388300036966555
0.6329413389019128 0.5672705660738876 0.5303977120541357 0.5569990068067645 0.5585672210945084 0.5885364281971773 0.5678523962955548 0.5553478536417765 0.5067420576456328 0.5332511281723242 0.5758178703448082 0.617852081956552 0.6141110129116 0.5905876743544022 0.6054802384203264 0.5770096748741017 0.5761428105946758 0.6253802236295832 0.6383247692980933 0.638547758776704 0.6440662199287212 0.6780673078179543 0.6617838146556946 0.6891281992237188 0.6328694090019524 0.6309510671560178 0.6396565232325057 0.6274215244723307 0.5829596802689574 0.5845894023281843 0.6201970976014924 0.5791985905874318 0.6004395553428313 0.5600572894279647 0.5087808842511504 0.5455820260955564 0.5127295966605667 0.5191139029077321 0.49105175556682834 0.45311947075902537 0.4124675940235633 0.3942814308671769 0.4239319108414216
0.6226860868153979 0.6147739386344773 0.6008812403819588 0.5432603596682148 0.5867001117395411 0.5885578472472479 0.5873334743784984 0.6107002762975597 0.5817514551875609 0.5407605164157055 0.5908377683561239 0.6010976872744167 0.560705067738286 0.5886377372637349 0.5521150843314355 0.5732534078430616 0.5705274440302918 0.560707116551398 0.6173154467331573 0.6185788242207373 0.6827828086180067 0.674976811605846 0.7161677190433959 0.7666586210031048 0.7176775357922365 0.7001432982385619 0.6603196495220351 0.642525164110371 0.6524993915459556 0.6309217377887614 0.6310163606205847 0.6066640128930743 0.6128047596390896 0.5783522895796548 0.557543569971759 0.5223497313602491 0.5145218769290888 0.49312389925805195 0.49067549054700943 0.507356485407026 0.4839569469122934 0.47244708250157486 0.4853023714157411
0.6525692120929774 0.619372409579338 0.5754536479928487 0.5788255584458732 0.5919499037168863 0.5874678009502727 0.5962750842170892 0.5905750474589955 0.5746691101344829 0.5352986736504112 0.5068303576429937 0.533723601222147 0.5525089044889718 0.5725163665639172 0.5562992651731443 0.49790680513437113 0.5586310085108253 0.5789963608447932 0.604529531565413 0.6172252027330172 0.6702753656715132 0.7205961277287334 0.7889384947498049 0.7940374680527502 0.7630068342232414 0.7863679432327934 0.7689160797536442 0.7065345458775902 0.6594069458870817 0.6294925116619219 0.6603805608468846 0.5890397941415311 0.5674980500656346 0.6040795026721452 0.6142166090985949 0.5771974709620404 0.5665126883133731 0.5948334605385694 0.5236157658611026 0.5094655030817586 0.5358270852961937 0.5153188211146338 0.48633373979100414
