Raster_benchmarking/DGGS/continuous/raster-44.asc
NCOLS 100
NROWS 100
XLLCORNER 1743149.6360255715
YLLCORNER 5469286.934498617
CELLSIZE 10
NODATA_VALUE -9999
[rows 0 to 18 of 100, columns 43 to 85 of 100]
0.5910474037325554 0.5683098491894499 0.5630841838703765 0.5123698445426188 0.4977081319259622 0.5428401665795439 0.5350230444817 0.5444298327349513 0.5275825136865853 0.541099445089516 0.5008772447426187 0.4816024190882129 0.4505715912245913 0.44625055661130736 0.46480632901291524 0.5062119975841404 0.4827342436574779 0.5111141492771738 0.4973555323605608 0.5018471861797691 0.47926259130666937 0.5040637055298977 0.5113880523229151 0.5035503855809195 0.46451005408388757 0.44960667170583046 0.4167565083839048 0.38981599830211633 0.35649032919004237 0.3671311669151662 0.38455492801101016 0.46820380606125067 0.4466993966640771 0.4798651638217522 0.4865791166114072 0.43566359579451264 0.4763180528348347 0.47468191554063754 0.4781880752160882 0.48696468203591275 0.5056774461486676 0.46326083002045243 0.4842357704387884
0.6313817713283159 0.6163555980355528 0.6122662554699355 0.5845077228960356 0.5687751521594188 0.5145364664199406 0.5214102494388295 0.5015275047235664 0.5465033609638301 0.5156848608503156 0.4922618152501043 0.4797975272916007 0.4261363081453237 0.43171353227802534 0.438856323203444 0.5050646768655148 0.5170988763316954 0.5346533501447491 0.535884436754186 0.5211708693900522 0.5026962073881517 0.4743706579507849 0.4742677023499067 0.5188029516373558 0.48750501011141983 0.3975257491353439 0.42107807478037046 0.3505824785219059 0.3791985080589504 0.3452219860005256 0.43126551008175557 0.4660623998990741 0.4313572035845257 0.47850045174262823 0.4681573854909702 0.41755316952449073 0.4472692906899129 0.43612375137129156 0.41309312049680696 0.45108673997506965 0.4765106399602331 0.5041470482399638 0.49706465162154945
0.5997105684489346 0.6217368103915425 0.6015753747053733 0.5576233292430571 0.5524601803201444 0.5672977644071227 0.5725447182387374 0.5529469868527848 0.5447663730147478 0.5141623808391688 0.5067364088386962 0.4307625431227276 0.4203488332115173 0.44241998144433387 0.47005932849427784 0.513781232085117 0.4945622070290067 0.5551248636235198 0.5056094629517142 0.5067724481695685 0.5131336735859229 0.5480643488460041 0.519283428490704 0.5004805689259854 0.47759380559907055 0.44673869162718366 0.41818131966817657 0.40162675554028887 0.3602782538564075 0.3617714992542513 0.42378084085566525 0.41380562338432375 0.4652642324609728 0.44854505817315404 0.43782727120040804 0.41171214630275077 0.4111630772833383 0.43514991321477703 0.38436553354893 0.3959247265135375 0.4217720467449219 0.4928418689452432 0.5131606078638639
0.6168375920697581 0.6702104553075243 0.6501853468447543 0.619751667049809 0.6268496380838823 0.6269970605066969 0.576661629718445 0.5125506987817653 0.5254947335438673 0.515469965530242 0.48322809536599665 0.4161194043686546 0.4046106107512604 0.4426059493123618 0.44098862091251706 0.4564350530946682 0.48658372258925797 0.5538374160853128 0.5668846127111998 0.5311542834296792 0.5727968355992451 0.5871444204750746 0.5417302112508701 0.49459627837823555 0.5197123036752501 0.4726946395754219 0.3954829335735129 0.3981439718926147 0.38761183046240233 0.4555631303462722 0.41494505608244114 0.4390363299896125 0.41800996111206623 0.43725372795811696 0.37627270659095036 0.3747179043939054 0.3487095059659909 0.3902284725585988 0.3725210734534369 0.36957216517088937 0.40867377287208695 0.4700140474504569 0.4909196151682041
0.641116602243383 0.7018357224225632 0.6932858583920128 0.6280191800287057 0.6105873159775016 0.5921600185086567 0.5723619969559376 0.5086004670914566 0.5180741658518654 0.5322650036360816 0.492165808266923 0.4410098618591109 0.45262528918214384 0.41954006093732515 0.45071245616708444 0.47429484268446354 0.5062562510193016 0.5815234324564569 0.5864871760841619 0.5439576244486688 0.5908780238097653 0.5999935005622136 0.5458196509038389 0.49057303925999035 0.5049634274028449 0.44939007521229085 0.427340944909543 0.4288338871622194 0.38887504752189883 0.44609886902610757 0.4041547048905266 0.39194489710927505 0.42373401772496944 0.41356366726540583 0.3856843780717549 0.35096087914972995 0.30824023111604326 0.2905577265775595 0.31936035209398683 0.36131736769050116 0.37756509196751553 0.425039737537811 0.4398877838840531
0.7227107976959316 0.735615866497689 0.6648771949559678 0.6648884328495848 0.6751054427559541 0.6538082549464385 0.586286241331998 0.5237949189357035 0.5351410508034496 0.4897606116448085 0.4620001985093114 0.47216327710336553 0.48016537658174147 0.4474736470613962 0.4758516789547591 0.5356376378635943 0.5041124369381444 0.5687411553046997 0.5911926392726943 0.5860697529593994 0.570113255283826 0.6297471685682239 0.5861664752968321 0.5287243792210785 0.5278144849725116 0.5037519521351741 0.41507304371374865 0.38067307144681806 0.3856971739068296 0.4090989556505884 0.40878930500018834 0.41996110152093763 0.3852196871371635 0.3437877643442262 0.3493330574755526 0.3434863527508335 0.32515209460132843 0.2437891380331752 0.2899649422239956 0.31501868310505665 0.3269653154524384 0.3388313510896445 0.4292382743434545
0.7351951872899578 0.7066414525047146 0.7018799104310688 0.7228256001710357 0.703284350122768 0.638189486159692 0.6272665153765286 0.5603379101435784 0.5060266865692032 0.5014253220772777 0.4992747887366637 0.4510009890544619 0.4466115022805226 0.4428824396249478 0.47675547738050184 0.472110483784312 0.49151752434408497 0.4901655945032183 0.5432159215099436 0.5555879737989947 0.5773609713109491 0.5711961414046127 0.5165764914371043 0.5063719293492961 0.45936770376539376 0.4169459918670817 0.3952462890338872 0.37975720965152965 0.4088965002537252 0.43927765379922834 0.41717049859341987 0.3757075469353915 0.36158551614002865 0.34199872103877677 0.3550424081522009 0.3323059968292773 0.3353764090861704 0.33264711225772137 0.3148059278401876 0.3697918907776871 0.34881580321118 0.3993856556406465 0.42053613518473754
0.7511765201571882 0.7532586581994186 0.7047673686477437 0.742853916645421 0.6922845852038667 0.6794431340061136 0.6108881362690747 0.5820939437300807 0.5460955773776441 0.5376182275507272 0.4940457431638162 0.5142982242478373 0.45435761170049793 0.45099359713153336 0.4526906612645303 0.5225413783197665 0.467092801337395 0.45157074991437557 0.49333917048798925 0.4752595775044991 0.5242998879781507 0.5283006814953408 0.5066937893734521 0.47161074738852204 0.4866423641738463 0.42971903332747385 0.38564276441438844 0.37634084728065154 0.3759128627366431 0.38847641725272797 0.4162760688419543 0.38247906997098585 0.3391298258907659 0.35165341378004 0.36344936097812053 0.31940956150767796 0.35586695450717437 0.32508891029590153 0.3762524507344711 0.3743070363922778 0.39343842416643704 0.4113363881265381 0.4630388463885672
0.7129619480469916 0.7423038563985193 0.7400298917938583 0.7238995963000734 0.69594359419747 0.6491390844654555 0.6355580312475477 0.6375359101373432 0.6402088430495944 0.5875467253540386 0.5172098662606964 0.5313640578235662 0.5261490895881894 0.5065559912552922 0.46398173369847334 0.5006785293289149 0.44792875882689864 0.42771453895930633 0.41888172537763724 0.4682969164497313 0.45149438858033597 0.4838950774821289 0.45192189478376255 0.42308404835026664 0.4563917155450689 0.41065874474801295 0.36769171004178514 0.3430888814755801 0.3661525202326674 0.40007581447949486 0.3600543165274313 0.41578401413057553 0.378226315188933 0.3734672344217413 0.34661289542561863 0.3064271323479763 0.36234193141015886 0.31749947485793006 0.3614869189594126 0.36197064881419594 0.42052044745172384 0.41669232510243503 0.4187338688317669
0.7628379045613692 0.813480680623385 0.7676019460881754 0.738097579073328 0.7071166538110547 0.6673859145813907 0.6752404753605524 0.6888804646761401 0.6328278829367735 0.6151915715617511 0.5182515630369287 0.5064566544082275 0.5416908800961542 0.5170007211214542 0.47421512847682784 0.44079248897119006 0.43006482130463297 0.4442197970219628 0.4069666422778729 0.4146737459962708 0.448168266408817 0.47444900811845525 0.4240268121132213 0.44516391948633827 0.40887071610767806 0.3726715206088479 0.40591215894394284 0.38947315880246525 0.3605641854970498 0.37245740849528536 0.4086174240781441 0.4196955984942497 0.4137636388404128 0.3686853153446284 0.3503853689782566 0.31050861154545784 0.32541001772268646 0.3554472336745896 0.3308075263998646 0.3754397904398236 0.39998176649185474 0.4129526631433244 0.41043129062836675
0.8013115057921065 0.7855864638347498 0.8199729433180178 0.7910724656501174 0.7208405311489565 0.7465866684823691 0.7139630471023891 0.6452143272006339 0.6119872742032223 0.6107546351062249 0.56545827077531 0.5311493268727459 0.4913672237142484 0.5085760528848582 0.44179468460767096 0.4830480031744286 0.4800806890965684 0.4808501175918526 0.44943049267870777 0.4723409819245945 0.4286937124849664 0.4034512366081476 0.41916604737194335 0.4351888690839059 0.398921441542598 0.3788673788877153 0.37844814334684346 0.37208803167916393 0.35710639294721047 0.3869072182042987 0.36831288069807044 0.39542281359709996 0.4147109134969553 0.36070778736185916 0.3230763595516037 0.3327171116512141 0.320162368095473 0.3447577130270048 0.338482553874092 0.3513194474001109 0.35713577918801004 0.3831890607880749 0.4524642983743056
0.8190951952128028 0.8170699957067694 0.7879692356166547 0.8099136015562769 0.7962166867118825 0.76396630207442 0.7391712129761224 0.6929489930579477 0.5919554124556706 0.5880606840418887 0.5582584433413544 0.5236366930473431 0.5165111708081839 0.45971126286018377 0.43568702066537535 0.4435923551672228 0.4555273279375079 0.4956791171296414 0.43710353929269524 0.4758114205683092 0.45340537121142177 0.4058035274735252 0.3587268426223571 0.3654153537023897 0.3298832662650702 0.2972327504011743 0.3166712160277039 0.37028362770877066 0.34647017762827803 0.42315874925059405 0.41581451981034107 0.38680319886989534 0.38667846657920407 0.3668242810509908 0.3507750761556826 0.38089554950853033 0.3739887567356923 0.3572366794171861 0.3511386879774139 0.34720807245225693 0.3458525255235374 0.37401423144398216 0.4373403003973558
0.8337639487565837 0.8610688591565072 0.8244105877913089 0.7750622888349915 0.8049042837688948 0.8017047356104973 0.7302075508844252 0.6813109398820387 0.6116965987048999 0.5853164937683083 0.5712935189329176 0.5796898631541083 0.5450093023894824 0.4814067501404575 0.5108403517660559 0.44949462894094894 0.45071808964369636 0.448398975695554 0.43453395504968667 0.43545951825435014 0.4494791613093782 0.3893884832617182 0.3370614467493027 0.35352847774207863 0.3079249400953263 0.28005871952425065 0.27136369578730446 0.2852431640813706 0.3255919936577428 0.3428021976153738 0.3535261910200484 0.3728414099094091 0.37350311831435423 0.3460991950784833 0.3704579305153336 0.35263260958075254 0.34991965352720245 0.3676086353785852 0.37398091636824926 0.37454480492457537 0.3689726991937053 0.38228906677166624 0.38910231953750546
0.8463983280062394 0.8679625034719628 0.8141471644490091 0.7818075889673123 0.755257619773852 0.7821168870587488 0.7095639185980143 0.6740680387973454 0.619297754425399 0.6075345751465282 0.5990664944738733 0.6150444279659648 0.5669016886552867 0.5425460422077424 0.4754616003332037 0.46423704201924715 0.44028615683517014 0.4511306209715399 0.4480434158658949 0.4518614069957799 0.39849830836556227 0.3965987696344346 0.33787086244370246 0.28284276822504056 0.2816658889242535 0.24385220779651132 0.23287032900505727 0.28903872623760907 0.33727643142651814 0.3482676370483981 0.3136898993922143 0.29976093435249923 0.3507594991821139 0.3916829270895988 0.3796797947412916 0.35922996315658756 0.3691741040213663 0.36158712003270005 0.37129178850400146 0.34719128506994645 0.4003525363390802 0.397459348859228 0.3920092598885131
0.8068268994896869 0.8091917292622581 0.8038653755122854 0.7833749544822692 0.7757915095186266 0.7997302090128176 0.7472952999122291 0.6512207316062033 0.6349902019718932 0.6252494196411064 0.5871558482109344 0.5786738898088449 0.5587616225036943 0.5261737537262685 0.5117906739944766 0.46695790952738275 0.45467716757596527 0.4683156645148969 0.43601907446297816 0.4127130197083482 0.39722660680109106 0.367734560299488 0.3437059660056903 0.30875380917704287 0.26567057945150996 0.2754250432809778 0.25304720058036395 0.2885306375076333 0.3113268490186771 0.27868746888191137 0.3170530739772415 0.30364163241776654 0.28144499407496126 0.3514398560827328 0.35444956847731895 0.3193463203500656 0.35328254137866105 0.38631894609675166 0.3380484422538419 0.38497992183292695 0.39480276154808286 0.38619004799884327 0.36760650818479484
0.8223594058679201 0.8304357152203395 0.8086297608426417 0.7772117661109849 0.7320097068266407 0.7587168171038879 0.7319182667624202 0.6594548463532641 0.6305918060055575 0.5748169137243097 0.5992323980101106 0.5885632447980614 0.5829890236339501 0.5203162788100822 0.44118252150725745 0.413125578067577 0.4711087055987836 0.4569926692220641 0.4568021386944202 0.41503100685238886 0.4068663621653403 0.3426935061968283 0.27856867924108736 0.2377455544046534 0.21250449161664756 0.24195697747564618 0.20426088747460439 0.24852410904586386 0.28970744785751434 0.2443259650526798 0.28317411540694415 0.261750682170716 0.2516781225033554 0.29032072995035163 0.2787894513113321 0.3173696618470544 0.3509550189461792 0.3588535364737386 0.32075561043469575 0.3591948579651206 0.4001003929173531 0.3930468143982136 0.38012519986389787
0.7708350955769069 0.7648270843811183 0.7293468929463434 0.7610334945231672 0.7265845743396291 0.7423689677248427 0.7123703430478574 0.6468279132662522 0.6067849493520235 0.5357049513431799 0.5418084627702079 0.5815774076615634 0.5403524570547035 0.5119074501496613 0.4393448713508406 0.396145995197121 0.4664908835784437 0.44168115093726656 0.4055791352484836 0.37912949477842334 0.36082442280946325 0.2829078806760527 0.27436159988046455 0.2541650195307748 0.23920984080888022 0.21289715973218878 0.19363838090168686 0.19711278194135537 0.2168662878655909 0.19910390797176022 0.22813709241637065 0.2531507897537085 0.2757334812042772 0.23559783601410986 0.2590085498477082 0.2844866436976309 0.30668751240691705 0.36695820863374123 0.3453724539379945 0.39005970803199647 0.38253397648884885 0.4112174937489913 0.3943649910856678
0.7660904480658156 0.7339402571071693 0.7441727176551938 0.6780051750941735 0.7175576545567224 0.6728153143684629 0.6709161675718223 0.6715830657220848 0.5978320245459169 0.5578198485773966 0.5761769607687942 0.5600136584259576 0.496322408983041 0.4152303281596324 0.4247449190120477 0.3869868895645199 0.44031281508959047 0.47387619881033854 0.40878135901149965 0.32287910951313636 0.2981225346674838 0.2504054937392 0.288301780636176 0.24985187503231154 0.19881303451641874 0.1857535084227635 0.18420277070555757 0.16097820352635545 0.1888527061676193 0.141352938815866 0.172025535562383 0.19599384959945873 0.21740763847146855 0.2218637140439259 0.21402191872835497 0.30635318098975034 0.31241099026972785 0.34619592946962063 0.38635638294491365 0.40277607284636335 0.3746771057886275 0.42359169665806273 0.3957202033514873
0.7182933934866199 0.6993449971960563 0.7299154221944103 0.6735807771602267 0.6868756253433553 0.6565662925595337 0.6876954386586455 0.6331399503381766 0.5920332111459355 0.5622764994887616 0.5646071917246837 0.5432673973860073 0.50113071569778 0.41275445740383293 0.4347100176940532 0.42066698896300747 0.38760064529364474 0.3816699133654406 0.38372938959994024 0.323806428482905 0.3076634078390867 0.250131669932219 0.24778644521164053 0.26268532486322077 0.23210447702798542 0.19641655865630037 0.16478406146168265 0.1612504087354581 0.13370876889558447 0.09165036901547967 0.11898580650961679 0.13225549580746418 0.15247012828639825 0.18727708426475514 0.19358927933768216 0.26407061325504333 0.3096316392160637 0.33641444517976427 0.37828483635370164 0.36502100529818526 0.41979133382395223 0.40969958245910587 0.37024581923020183
