Raster_benchmarking/DGGS/continuous/raster-153.asc
NCOLS 100
NROWS 100
XLLCORNER 1743163.4139028222
YLLCORNER 5469289.543685616
CELLSIZE 10
NODATA_VALUE -9999
[rows 0 to 18 of 100, columns 43 to 85 of 100]
0.2006571097284359 0.20240696340691383 0.22728457071402308 0.22887084310382594 0.1831989230886842 0.1976916932299781 0.20393743473638734 0.2012317058109528 0.17306959505641223 0.16601572619465013 0.12955576205890765 0.10024391153159286 0.07495600083873624 0.0744054029768555 0.08393830716787817 0.07475063807417605 0.06456248019636508 0.07487875753678909 0.03747614231144305 0.06537726925526513 0.05822995130016714 0.060867411831976095 0.06967189355057261 0.09575781244069521 0.08894992641288685 0.07811901040005861 0.09049076496190743 0.11909872814894236 0.1041443242258872 0.11991608923658093 0.13104431102673475 0.10073176110145012 0.082287033992458 0.104466434275026 0.0770143160021715 0.11189103432087137 0.12413504553132873 0.17869465212772404 0.18893248059803183 0.18596155042338863 0.20810295879827526 0.2210317458493464 0.24464649600686353
0.2210195188083278 0.20490153770514447 0.21976346216035855 0.24210884214427641 0.2365211979573251 0.24790057809413013 0.22663150275886712 0.2214738509244106 0.19187915383420853 0.17385412959399396 0.15108607218361 0.10069240309777802 0.08679726779864849 0.10380146084917302 0.08484036428094038 0.061611787301033276 0.06938453275673545 0.06087935865791967 0.044798391927449346 0.03737364771553291 0.026312832905719237 0.037260438684840885 0.06592581324087646 0.05808996011942137 0.074009416140935 0.09579883446832091 0.09489918152522425 0.12810502538976917 0.11405376525422939 0.10461733418208057 0.13272857984088807 0.12389686197550923 0.1041206198860511 0.09770536782627019 0.10129537773845847 0.11313830433966451 0.16662700077579534 0.17755947395478874 0.16720106325354042 0.18476318664567623 0.20350306226945414 0.23634157460628288 0.24320127185116935
0.2047078523272518 0.2302823168805998 0.2426137101001867 0.2569273464794419 0.2529106726290711 0.2456238023012379 0.2679529413940852 0.21942703858278895 0.17317579612102327 0.15649704853875518 0.14702405569545934 0.10338750798173134 0.12115725611727579 0.10027958857849045 0.04954539416751984 0.06878161788881168 0.0411334526122761 0.07388591782996598 0.04353111712380236 0.04358694695620195 0.02459098838278997 0.026133492019266753 0.04685950113417269 0.08913139180827505 0.11385776852515053 0.13764908033972892 0.14340216294179803 0.1242960047474587 0.10756185050484236 0.10779347920601985 0.10434527225206011 0.11443979125868214 0.13667673950747292 0.1044329161529126 0.13367762559830834 0.12969638351066537 0.18663258557000806 0.1829823654942577 0.1738682908959758 0.19505765030175684 0.17978448569528155 0.22402918075622313 0.25840978057572045
0.20865017375217837 0.22698521263482327 0.1946699338694318 0.2072801120025851 0.23350607771466336 0.23856078790014704 0.21636576402592672 0.18245315888053054 0.1806097632095235 0.14081821361146474 0.11718192552144963 0.12394675255953251 0.10217980404166405 0.09676916483889703 0.08101271208515153 0.04361419589091991 0.04838088951937949 0.08250282943181332 0.048586682548881946 0.07008357307459619 0.06615142342605718 0.06187733240691165 0.049360372554174185 0.08640941231934539 0.0999018728825927 0.11637648619865376 0.13464062060965826 0.15623620438199462 0.12140257283216149 0.13390478409966744 0.14598204313630397 0.15434041221270162 0.15261649058259918 0.1091103334247245 0.1386663053487558 0.15762445283512694 0.18502319103249626 0.15633465650238756 0.1650025160689302 0.1807537436313846 0.2177056048951782 0.2249222418242372 0.2478222757604518
0.1956173470568211 0.216071427605532 0.17860358185043124 0.18885548091433507 0.2245378391777449 0.20100726980290545 0.20198527771028787 0.18163635519439544 0.15606955260476077 0.1460946803685258 0.14489119947990314 0.12049703082840821 0.11238139888280475 0.11142714081178078 0.057173230786412545 0.08482812921309539 0.07643610893816827 0.09351258037837862 0.08465073711463893 0.06902250576489814 0.066817676488401 0.07869510549376833 0.04351889796613027 0.06556420585288263 0.053250271535139886 0.09919717551340435 0.148576018330488 0.1397081459987682 0.15458116004259398 0.1724943357543737 0.15258927425931929 0.14686630674633006 0.1406984548413112 0.10812243686683325 0.09965743522077011 0.14618192153800366 0.17322364204123716 0.15209310414243554 0.1697987202024728 0.19517412550129162 0.1999127389332952 0.22342940286590446 0.2284238815443396
0.18242181747990444 0.17928061462710587 0.20025972614727125 0.1938496391362111 0.2291250765416776 0.20450777854873922 0.1959984680176858 0.18150548066947966 0.14155801835546478 0.14797297447446744 0.13502989556037756 0.12594750580691752 0.11340095243214596 0.09260565490314718 0.0774624366317142 0.07980090297285526 0.055114983826517534 0.06613985862423225 0.08240014828252286 0.07389056396320658 0.06817835251881325 0.06765862670188763 0.06926594637213253 0.06421299107598391 0.06877346242363921 0.07785550853716135 0.09924519043738106 0.1338132440345683 0.14441769375189492 0.16425940397813535 0.15708121900679314 0.1417761820433239 0.1266817963604513 0.10573187181412938 0.11323390144943378 0.11186960594089684 0.14932614506256142 0.18711823257896532 0.17136889865393112 0.17777802982083474 0.165847942303681 0.20724469912387808 0.21229219705889962
0.1884019169542679 0.1967821138295552 0.1913696801735831 0.2115319801940501 0.23115379163689556 0.2046213242596987 0.19108562483841868 0.17721003176927064 0.1487535673190813 0.17165699104316823 0.16240837402090313 0.12153295354627637 0.12925909716767675 0.08440361587488981 0.0645529367270104 0.03667465548386589 0.039587522096937486 0.05710163913802095 0.04935238939101378 0.0480756090082879 0.07936936750519301 0.04323806374401446 0.02053525042932844 0.05654264589618483 0.06558053444470503 0.0798764003063766 0.0951202488289656 0.12872542457473704 0.1074356068360532 0.14927866258303477 0.16325030597228224 0.14526106267153394 0.1490232182675452 0.09560994226215055 0.08064482563975203 0.1198254646178707 0.148836201575176 0.19139904763023816 0.1981365054445862 0.18401239328025987 0.16355732670077125 0.17347778269397518 0.22176278457481136
0.21393448702265785 0.19490813513662045 0.2150691254551019 0.23149338022654425 0.21157292795906993 0.21276987587452187 0.21792843231303372 0.19229996778136169 0.16403206415668356 0.1965529975116034 0.1853075085390269 0.13189676799270972 0.1254064475693418 0.0892282016164326 0.07957061089302124 0.04810371177413039 0.06764949309987565 0.05329012434089842 0.04377064551090183 0.06128694116572491 0.033611752196276545 0.024352894805042418 0.013298604475367631 0.04151866379667302 0.06383750794559863 0.07539888870719556 0.06260450208693592 0.09440994300554095 0.12762000376230886 0.13071859735663524 0.18033431737764719 0.17777729584354587 0.15738181299920692 0.13521360037681548 0.13422987904638173 0.1414476588802265 0.1349989746766351 0.16526561966184183 0.15042667310208926 0.17328888189761546 0.13637858355362042 0.14613200212397767 0.17201262927663544
0.17952669727287193 0.1938100590152688 0.22355973190346604 0.19345969249499842 0.1968549950865347 0.2052206577864548 0.19077199626794356 0.18026018866809024 0.2050523536456078 0.1782846677587888 0.1896287638161006 0.15939225707071428 0.11009661785538084 0.08938706380097587 0.0772530621798476 0.06986832137741236 0.055884421967062045 0.07393643678980172 0.037392150510927175 0.05683205891151655 0.040954816740719394 0.036540793931435264 0.029915411218534492 0.059177286386028 0.05631217096544922 0.08331579240205604 0.07175846730425249 0.11515522202172497 0.12045268584000625 0.16725231354180672 0.16732043586833384 0.16128604616037204 0.17796178300180376 0.14162553075360862 0.15184468115055447 0.1561763515151601 0.14959871242737335 0.15493409272685227 0.11508846164659245 0.12306064836434612 0.1366893889674562 0.1293387758593604 0.13169356071037616
0.20940035568989465 0.22857203637777154 0.2302568783901776 0.1971099490830205 0.20855896941248717 0.21042069466314786 0.23259056507855294 0.21345263848093946 0.19286795876375015 0.17763384383464637 0.1845891327593888 0.14541858180253844 0.13351326601290014 0.08811052903034873 0.05528139485225158 0.07685685206221479 0.09839655069375725 0.09295137048327227 0.08693851065285789 0.09580919221856793 0.07099521871536775 0.05550807428822992 0.04799569513490837 0.04691219584525596 0.08933043805220592 0.08918552478435825 0.12344609742861375 0.11307961359023593 0.13000215800835452 0.179893525642662 0.14704735175226097 0.15149318893546054 0.1676842101178857 0.14559824200867827 0.13255740444980704 0.12791640350581254 0.12615481954439062 0.14057374951331528 0.11493975822861735 0.12608563341445567 0.10588432962251422 0.11629623518083422 0.14151801052173724
0.25099148868883087 0.23679242160320468 0.19726147482009024 0.2059884512900003 0.24553557124079267 0.2314302762244738 0.24098301673969796 0.2225750789508925 0.20995442723590252 0.189450972936749 0.16279352907200897 0.16644347129770926 0.11759692927389531 0.08943060362659344 0.04001001077944792 0.08280174135826922 0.08985538738566197 0.08480004206083228 0.11177985429175584 0.09648697910897738 0.11189377826014799 0.0748902409395551 0.05610804608535426 0.0638330325958994 0.09694746253642761 0.09964482654007221 0.16203843899334658 0.1626397768351659 0.17557220996703105 0.1585945004924032 0.17338009869966906 0.16737038787936517 0.15598822138843485 0.13831102519018199 0.15667598041443173 0.14927251205222147 0.10954699015605242 0.11246304586943569 0.10595833661670524 0.10567728785792538 0.07035621391519424 0.07989797963794434 0.10193252655606386
0.25902487003924074 0.25224585794080345 0.22540795885684645 0.23581499586888766 0.24815349585419194 0.23003725789606416 0.2186601704940728 0.22989564075693633 0.18184842742196358 0.1506817566353109 0.1733565446537799 0.15229484083279182 0.10345416404739063 0.10373398068121756 0.06218907029126302 0.060865512007280326 0.0985098102872776 0.08798640226579332 0.12119462977909792 0.12570378650349004 0.12017392617376985 0.09922338665569207 0.10303810577652259 0.0898269970956127 0.1217292213228784 0.10785564070905111 0.12148302091466175 0.14010926226317136 0.14209207826203915 0.15341273672982503 0.16590100560452184 0.14344816045924857 0.12464988920712514 0.13927345869722552 0.14010099788914548 0.12494207542992256 0.09026136556008509 0.08395547931181414 0.08098863481192985 0.0750644374549309 0.0778392588187757 0.06671813694091637 0.11357887912382213
0.23656024652137828 0.22760743752563242 0.24563579586730833 0.2421564417664824 0.23152812172846954 0.23185010289426197 0.22589543694567882 0.21433824500427398 0.16026317636077395 0.13224769154638166 0.15661860134896732 0.15319067263130234 0.10302477176414346 0.11168881716298479 0.08603407876586665 0.10084945420397531 0.07590777653403816 0.11000868558553313 0.14300686051837702 0.11446091832098922 0.10361363093336048 0.09343519408192189 0.10333964071023356 0.1184365011699962 0.13158566856656462 0.10332280457770943 0.11833626922985396 0.12620044293563845 0.13347973990380776 0.14599794641540229 0.1315342354891764 0.09618964894924234 0.10878761762271927 0.1275083867454415 0.13749321728743805 0.09705560396469919 0.09366872327442877 0.09531765914835869 0.062841894444889 0.06908345723969962 0.07574370834840455 0.06987151561618272 0.10479197576382998
0.2684393484333567 0.2586803646135822 0.24200500261917118 0.2376017102223868 0.2357864379561455 0.23535559113280458 0.19994519651496728 0.1572561230446361 0.1475767136935249 0.1413564804499441 0.15504089003118451 0.11641797006429502 0.13302271672049287 0.10683995191687828 0.07785169105819587 0.1007228146874349 0.08553408610419662 0.11077752400632353 0.11575120694324233 0.12450862711624767 0.10791367706470865 0.10336075704795071 0.12006162166879149 0.10280338678934008 0.10866097253963634 0.12977608563915652 0.1170483954007659 0.11059570523418073 0.10242626398228666 0.09181582619211316 0.09187612985983842 0.0869544590535812 0.08470557848422006 0.07669149988196751 0.10039360817050229 0.06800101281169885 0.061631052870041475 0.05893124712481667 0.06348152823656203 0.07125418232430943 0.048899580526831146 0.07397443539099785 0.08827868686473428
0.2980403292335507 0.26959892676953623 0.24492411865171307 0.24208319069652331 0.22804054556411 0.21186354233257282 0.173396720693932 0.1683413117325363 0.14088137091546035 0.14270624642857344 0.13673713220654798 0.14549902858027475 0.13952539851137527 0.11943201736667272 0.08045889296683711 0.11120501028261458 0.09511175838578373 0.12884077916374212 0.15313779094448984 0.14941396862763906 0.15697061468830253 0.1500255784230442 0.12522486179652126 0.10918353943618862 0.13322182994724427 0.10819349434434342 0.07678517740790321 0.08918453240930797 0.07460199657708853 0.08014791169610967 0.06870514849625217 0.09015295316246305 0.08137062551531295 0.06477399474816123 0.06499864404891588 0.0595002323811374 0.03744744718927222 0.05847594860065129 0.0645638487303717 0.04297286217634701 0.04698500821621201 0.0615400831909574 0.09770947358484908
0.31128518762524776 0.293800831622393 0.2573963881386287 0.24836591237365613 0.22328771281733456 0.1937209385458512 0.174362563550394 0.16113408479964766 0.17952764341038843 0.14427417908306922 0.13151487419942537 0.14054330789006658 0.14687835531679666 0.12691792508165248 0.13444893918756087 0.13321080504310748 0.13604171347162555 0.1316801585648401 0.15370265143397385 0.1602421189357016 0.14737072831936754 0.14629111715482732 0.14610539759500712 0.1243188611449896 0.13222516697725684 0.1139967034030474 0.08198191892257914 0.09408139510417124 0.10465988026194413 0.09667904707093437 0.08923428527007794 0.07560051426256698 0.08640873832839056 0.08405720515982917 0.08086129792431447 0.06893191712320666 0.0366501289533506 0.028006462103085657 0.032996040952524675 0.0392768131108957 0.06904099667023127 0.06530566537217912 0.09986878071897402
0.3243013865081046 0.2995950271517038 0.23875555134104176 0.23589510350673235 0.1993794919038338 0.20756237252061366 0.18385566122394448 0.19437376008959983 0.1839851547808186 0.1703821551148153 0.15361354576784797 0.12974251671028822 0.1402611229537831 0.15517820044342165 0.13769838710830973 0.14139378168176955 0.135226954474989 0.15205063105467978 0.13513567545332983 0.15472387782806957 0.15557898386510355 0.15117007439587085 0.17978171925021094 0.15393015471636737 0.13036274252808583 0.13558922905327994 0.11934701024526807 0.10198619333148559 0.11285460456222139 0.08997816663230039 0.08649016965954004 0.07593006623225501 0.07014401071654713 0.0576871087707377 0.07029429221293511 0.06450496851845587 0.04240181083517128 0.025491963799147692 0.036685372037783395 0.059932463804437314 0.08822133159339712 0.09141700864071556 0.08694385633639244
0.34202565100441196 0.32110331127481984 0.28044777176874586 0.2536439911103365 0.2414160096352259 0.20276557209521257 0.19450206378462068 0.17936822535510152 0.15844458939673434 0.15752092967194276 0.1371831946405376 0.128579776211075 0.15039175578157069 0.14122043518479116 0.11634484778165831 0.13528593708307604 0.16279432297579843 0.1675920436237542 0.18657167687650109 0.18483225710950346 0.2087488347016538 0.20060099487305932 0.16965328913526384 0.15241481856602146 0.16993586242685405 0.1605529215744549 0.12045800554118852 0.09743872168146465 0.07730487157399125 0.07152715388672476 0.04253562854190863 0.06740494146819517 0.050974220096371994 0.06561358744725707 0.05976875360725228 0.05227173006705323 0.08106357520777399 0.0789201642422357 0.07225795923264929 0.06321859704903808 0.07181540735624736 0.09709625252801672 0.07782762492015224
0.3678058800316022 0.33241952760379523 0.3123190980222658 0.2734707965152947 0.25346253806224 0.19530759625199862 0.1817424926418347 0.17990345328933066 0.19005698664431647 0.16575649359087527 0.15581870863013716 0.13401320197408512 0.13997869041785524 0.1574576048968346 0.12174727601810686 0.13772246344161856 0.17102307819824045 0.1935740031330071 0.17603895861846747 0.19481634427539887 0.21102384595026932 0.2290914735321168 0.21256726728490394 0.1625912709818806 0.16508842286819927 0.16120603441960155 0.16191745566149773 0.12922171954223755 0.07422229854842977 0.07496860895718785 0.017279518952139916 0.06513831919369632 0.08730120866694041 0.10658738280189575 0.08500432690983117 0.07515641789542497 0.09833886665700495 0.07930261447239258 0.07654551415148932 0.06738172803300418 0.05887015677495043 0.06767332889954562 0.07387626206123753
