Raster_benchmarking/DGGS/continuous/raster-422.asc
NCOLS 100
NROWS 100
XLLCORNER 1743165.6392706546
YLLCORNER 5469295.542869519
CELLSIZE 10
NODATA_VALUE -9999
[rows 76 to 94 of 100, columns 43 to 85 of 100]
0.7729442531448548 0.7644952170880536 0.7752850015147752 0.7807954441449559 0.7691176886250338 0.7538975417193965 0.7311925562811092 0.7512148631786897 0.744486925678803 0.7423457190059568 0.7424782679666727 0.7825469865754782 0.7673657084561704 0.7972820352666029 0.7753458010086473 0.7255208857117444 0.6970854560759575 0.691161262035413 0.6887275870830856 0.6935293448542205 0.7419780144676923 0.7690668960508988 0.7778357128484191 0.7657348731005149 0.7533714574909257 0.7690955646457622 0.8012612968132189 0.7749563064380928 0.7940406245171563 0.7942245901732977 0.7487976168128996 0.7502343499603115 0.7624354514432499 0.7496812086130185 0.7312739328104007 0.693769507457949 0.6722483297959799 0.657663558341699 0.6507357281445031 0.6510809378582902 0.6245171792912674 0.6096007555055303 0.6093748079472159
0.7993071005453735 0.7909700150657064 0.7797446347805173 0.781311037885853 0.7969027372701005 0.7774171285315542 0.7497430622676947 0.7711779889744406 0.7489760632742658 0.7667642578754404 0.7604057838919043 0.8132179019077369 0.780635010434144 0.7898327617069072 0.7820417838577689 0.7578870146041472 0.7461103335200058 0.698105446559732 0.6939548513608721 0.718191437632684 0.7473394633961645 0.7779936977554819 0.772299370241831 0.7932181435515911 0.7655452039396419 0.7521253511531532 0.775959105736873 0.7810407725785506 0.7816290338517963 0.7712956687429336 0.7741987025677943 0.7272219317807049 0.7677905878742134 0.7463999944495199 0.7215901742635892 0.6539910425604339 0.6718218139379493 0.6381307133799565 0.609624679135065 0.6136766335616914 0.6158192343701712 0.6138115094105016 0.6196747297705956
0.8206220325277657 0.7941253325760647 0.7869856411485403 0.7728585582979641 0.8059383184786851 0.8036268646184177 0.7788344466433794 0.783236183167121 0.7957831991876176 0.7646023203667303 0.8058246885153539 0.792912826038448 0.8138408099229888 0.7680157785600764 0.7437124666655295 0.7236401471072734 0.7508080818460378 0.7135291279955582 0.7355686796973532 0.7105764925576062 0.7573538911051072 0.7553481930414035 0.7572136246751494 0.7709201727251997 0.7572229271122152 0.7825203665503725 0.8001800926879592 0.8225816060773582 0.7994489008861222 0.8106908572426526 0.779714625664435 0.7769988985427493 0.7573891872342741 0.756563159667375 0.7044181800720707 0.6745286210431656 0.6342004314063873 0.6285035857004716 0.6296651478916716 0.6314141730591895 0.6530390753153344 0.6215820229418764 0.6093002136153839
0.8526632312087037 0.8348709606560584 0.7706581520129943 0.7725495889610237 0.7863220451286189 0.7978059337363784 0.769612602445611 0.7763488702123761 0.7651227611521542 0.7836600163177805 0.812366619245252 0.822913183002265 0.8053631091091754 0.7708105448172227 0.7616634394469758 0.7375130985184276 0.7592728666658883 0.7392992650081682 0.7536958773224495 0.720878775554937 0.7503755011491109 0.7255049443646407 0.76057888879323 0.8047618423563525 0.7872428108522249 0.7693605718733064 0.7996073612945733 0.8269393544516568 0.8378039567750175 0.824439776302405 0.7982790090704487 0.766831707127859 0.7422576328171601 0.7392800665802945 0.6850359601001336 0.6440378143183845 0.6187354340602231 0.6017961570872967 0.6090010782959255 0.6741312950187197 0.6546261737451071 0.6378627793193742 0.6208365912597897
0.8265650127080469 0.7855841829317917 0.7831912570710163 0.7446079597619094 0.7507230554436293 0.7804751213232071 0.771071691796206 0.7757526173152144 0.7575628748538128 0.7538790861788359 0.795815293090393 0.788976377070316 0.7617600382389228 0.7765689278507922 0.7602130782848703 0.7507399652441777 0.7176440227144839 0.7445382098738814 0.7246534407926404 0.6919415174771664 0.7155490387592519 0.721915708532635 0.7225451709222444 0.765385635888149 0.787070718969624 0.7836581988510051 0.8006584299657943 0.8307849075646859 0.8093251761007483 0.801393196673591 0.7718638251084585 0.7435029925451526 0.7076363248943005 0.7067107594780421 0.6727852244741634 0.649709491606812 0.6422875561861927 0.6256965111128525 0.6069796756451049 0.6617137582184234 0.624235306802462 0.5994064445866668 0.6103821889096805
0.8352135476133317 0.7822010154339801 0.7850497106206488 0.7258494010241444 0.7675436120353417 0.7476895438868735 0.7378157633363617 0.7439715859421584 0.7176274484061258 0.7217293243995265 0.7365107107320175 0.7877415154595929 0.7867135395296057 0.7574705008515497 0.7486704044273014 0.6962997118671397 0.7255844334750462 0.7020580158102288 0.7139305731825608 0.6854450886249736 0.7187984273859963 0.7087408217885034 0.7291969995240047 0.72462791353267 0.7849847016255036 0.7998851934568935 0.7978806856998115 0.8077922554050833 0.8135024854086533 0.7774448768687794 0.7080155177311386 0.6857979837049829 0.6641617562830537 0.6792786189196618 0.6662447043921715 0.6405248001250753 0.6321117254417907 0.5957046706914217 0.6145150021433593 0.6500718366322996 0.6290901871312494 0.616193998550675 0.6458401029310104
0.8476712772580636 0.8069790378048669 0.7923229057938217 0.7394179173543048 0.7617970858704377 0.7642008693534134 0.7313048549682803 0.7027272336918695 0.7240004532159061 0.7239115560464228 0.71638890184948 0.775151107432975 0.7668063855052462 0.7636764269915453 0.7373373851207387 0.7314501990752657 0.7071574507963093 0.6984453364534878 0.6810529602245983 0.6955165644093916 0.6910576515885303 0.6991383241217032 0.7210095943312216 0.711637489431677 0.7565485024893889 0.7778715502072775 0.7703310946327425 0.7757520656558314 0.7658158210967733 0.7260724662889882 0.6884938391306529 0.6572486583647656 0.6657796230263866 0.6593835458415255 0.6482066039584413 0.6219178618331584 0.6361284376647636 0.6164485162697769 0.6302686008409345 0.6138598814252988 0.606780704720499 0.6363568442557468 0.6537906329838704
0.8387456606335735 0.818062688503916 0.7792567456385261 0.752468789154409 0.7551831313091177 0.7579274261595522 0.7378540254648546 0.6880057431609145 0.7080092090304386 0.6902115629702605 0.7067217269796153 0.756789087522336 0.7466630971975253 0.7348206002911126 0.7476790473615429 0.7446899217745275 0.7318304602319111 0.713102465850096 0.6656930026131156 0.6812260544537581 0.699553897673213 0.6798260407112766 0.6854706838562237 0.6827181519437147 0.7378190961978851 0.7340523511848597 0.7387964058206958 0.7296248449776253 0.7138795517263471 0.6885170106326027 0.677574573723737 0.6804739535744029 0.6413286709908097 0.6162304840319056 0.6069741000031662 0.612427739006951 0.6394691753709472 0.614759993507252 0.6091042286233952 0.5964988219636493 0.5941928180119561 0.6510585809661674 0.6326618009083285
0.8401442185727547 0.8111083359712171 0.7789911567374678 0.7783558509971161 0.7294691765905671 0.7399344545699279 0.7463361477925049 0.747747764622179 0.735127255903739 0.7124339355053858 0.7339554138447806 0.7472038550893397 0.7750464913785061 0.7360387097543962 0.757851840434755 0.7637815413298822 0.7238131771492036 0.6895901657207524 0.6748807404227356 0.675847333969151 0.679870866000236 0.6757125453887838 0.6805170177668666 0.6653921546705711 0.712965566873664 0.7315700950345557 0.7184271815450337 0.7247420362418086 0.7171039571435405 0.6642666780910191 0.6594635309076188 0.6806621576985763 0.6625503395545117 0.6464350522561357 0.6071775813521523 0.6109339068932503 0.6105473862753817 0.6234654013279003 0.5930584272328308 0.6114458113074849 0.6172589424330895 0.6450079434669169 0.6351225181242777
0.8389219610513768 0.8454735020044187 0.8109103302846178 0.7662549178407223 0.7467747992199713 0.7332977526336548 0.7345988904184292 0.7507394269765886 0.7536987167712244 0.7361481063468038 0.7237122774428677 0.7697059169236654 0.7628487668868797 0.7459742065744132 0.7164477039282596 0.7447130397738041 0.7022412658584392 0.7005712794288266 0.702377398417505 0.695346797468803 0.6601499940674134 0.6550191772090879 0.6685832850241226 0.679056576554579 0.7000029234976063 0.7287314055325503 0.6873224401024 0.6903992839475612 0.6926823530744394 0.6662730365752766 0.6780388465132491 0.6502374591062985 0.6557922916405657 0.649116600441143 0.6457685951210562 0.6242992194329928 0.6208802102936616 0.6345999670320106 0.6350388692853389 0.6213203376584252 0.6237431406742086 0.6060558232149772 0.5886668579719401
0.8287027316346607 0.8280104748060346 0.8282703165652182 0.7746714482996953 0.7493869491814021 0.7598093696846377 0.7214086569669957 0.7321964350226914 0.7280138594728828 0.7172666930877581 0.7367935944988547 0.7622791760653037 0.7131529239954556 0.69240549256219 0.7130015907425518 0.7262278317954222 0.7114983345785006 0.7182996211036876 0.7205833201294719 0.7156816507137571 0.6843522182943718 0.7030884607533899 0.6825418105742955 0.7221463695780925 0.7242608447186757 0.7314046891607544 0.6817964911913454 0.6578475590914034 0.6323486515321385 0.6209711800957666 0.6622350959907355 0.6329094273376217 0.6615698337097254 0.635909790723505 0.6173688542562856 0.6134151198970581 0.6397435114188014 0.6188682313456256 0.6178051540330423 0.5928413574598402 0.5805665740351319 0.5859880306225287 0.5577595618190998
0.8300695260949188 0.8218063210152516 0.8032515409238636 0.8210600108382357 0.7915227895717565 0.7498213285470716 0.7136739448646844 0.7072915786565251 0.7014637554700751 0.6931118415942905 0.7344706675098048 0.7424156768762886 0.7290836442818531 0.67111348434403 0.6751071079547315 0.6534173071145302 0.7007421788783762 0.7109057606103751 0.6898030057299392 0.6805159369487455 0.7156548466988466 0.7005842405330861 0.6942306564160512 0.717908272893745 0.7097360558161038 0.704651572438197 0.6614263503816801 0.6348659076562242 0.6049930931107601 0.6068360072754413 0.6291184543049981 0.6400339752212497 0.6230034812490518 0.6233643135946779 0.5903867912712393 0.599613297113461 0.6169591372585049 0.6391183150917458 0.6255244791755661 0.6104208997022031 0.5688506759828919 0.5540229815365699 0.5565253799500482
0.8039037316214764 0.7993896530650958 0.8289583557018687 0.7977816293226171 0.8108860711823174 0.7744778872133982 0.7279096609704161 0.7162687105906574 0.7129853625126387 0.7064285768120196 0.6984441374322682 0.6899937444598107 0.7062853049198943 0.6966790064506417 0.6545741476791723 0.6372958451404738 0.6673784322119113 0.6751375199762548 0.7117140186914351 0.7024144791079181 0.7325604985099881 0.7245826885179372 0.7287943381167771 0.7264971253882176 0.7158794445869603 0.6877858897518568 0.6546217006261481 0.6113674213404647 0.6031541292956463 0.6045905594464155 0.6088279383410969 0.6195338374863496 0.6235195907894702 0.6318540724089999 0.6102656861606764 0.6160712736893839 0.6014525613540966 0.6463849780589237 0.6525128238499841 0.6257395223833578 0.6093872766525654 0.5880967271136478 0.5557958941681664
0.8392522806501779 0.8381663209006331 0.8196723448063493 0.7963975283339314 0.8023007707989921 0.8132971605727134 0.7614446919044203 0.7188682723300398 0.7301918626268727 0.7049059674324256 0.7132746436532241 0.7047522467777054 0.6797037453909949 0.6824651643679563 0.6428998066640536 0.6413371060934133 0.6877568787256714 0.6795067558091481 0.7000002688694084 0.7308886588488788 0.7356834983341222 0.7317033100506792 0.6959939569804785 0.7226861911106881 0.6798337906861505 0.6717213021236965 0.6525107992361054 0.5976438786373872 0.6220094811334991 0.6088470684059614 0.6075423003215148 0.6176253860168754 0.6567286615068577 0.6610140311579804 0.6152276153091097 0.6085915667019232 0.6233583810506871 0.6326323910462722 0.6668301843870656 0.6503556939126901 0.6313750615112314 0.5874764175830234 0.5892574217106916
0.8193696662275652 0.809101751924448 0.8073070550345641 0.8078430309598392 0.8189191044298144 0.7917371424971005 0.7676061947083 0.7778645390724612 0.7582910862846945 0.7469222332686133 0.7495678545126166 0.7252471889279835 0.7149704488595869 0.6875733666778664 0.6748388934250482 0.6601320087170902 0.6888668298241243 0.6894334867907415 0.7097110784363724 0.7028439179931195 0.7133377374615028 0.687672277315297 0.6816459439503495 0.684931420284747 0.6806057135635746 0.6549735426771123 0.6338952110194163 0.6014245191334485 0.6208475097626381 0.617319673425166 0.6311775700420532 0.6475825302579535 0.6638223047351992 0.6664881905638684 0.648769959189635 0.6502071250458098 0.6399245046131444 0.6489690442198308 0.6513237095189158 0.6431313965610105 0.6085043123433697 0.6208326930593605 0.5993567755736825
0.8207398249140413 0.8284077757857746 0.7924394068234071 0.8045292898006213 0.7869602581363991 0.7900443229805315 0.780350424418426 0.7842266747250588 0.770045403099972 0.7730628243467208 0.7810153430135877 0.744262889873908 0.706464311165778 0.6936675265408451 0.6875830462307185 0.6929535472201149 0.6768383905380462 0.6621528181773735 0.6855851537493403 0.6803928854647026 0.6811965708846482 0.6668056345168479 0.6753831855491588 0.6875634214860916 0.6917382433117586 0.6461061687904507 0.6399228276437693 0.5923466849486426 0.5809738735678108 0.5946711265560034 0.5990475611511332 0.6550449737982005 0.64721968628657 0.6562121410291413 0.636329522642151 0.6599101871316605 0.6601171493302839 0.646220255335774 0.6721248566743901 0.6499676012902155 0.6276700611871285 0.6354304055070531 0.592381529365165
0.8452233675347616 0.809831753314667 0.8241935949605923 0.803343687426214 0.7971867436675056 0.8166337852837077 0.7862757815714263 0.774106121248638 0.7681088036424268 0.7697913593083319 0.7697716486145572 0.7559213003168861 0.720232853298725 0.6841413488797468 0.6757986827581136 0.6769050873451913 0.6720068481914091 0.6634213644749327 0.6903975295086833 0.6658259798105503 0.6736585910720766 0.6451764070745167 0.6630161668014324 0.6715722350622164 0.6574368129000863 0.6363587278689088 0.6194966156486198 0.6236428949654721 0.5884443036012255 0.5986552464846686 0.6100602850220521 0.6553210513880464 0.6620684213121387 0.6298953548884654 0.6571321213186311 0.6646856454693829 0.697596486756569 0.6995179128410323 0.6638216268061714 0.697137284950682 0.6740863994200013 0.6356512366188382 0.6257778390869299
0.8180640243102074 0.8083542119723791 0.8104183563287184 0.7777371060691876 0.8028626748551172 0.8044791708934653 0.7978582890151906 0.8102457182270192 0.7890301649050498 0.7721754752309955 0.7383288064726707 0.7012451966993059 0.6794813655390796 0.6926413194853698 0.7004702982543147 0.6657652024563223 0.69401783279072 0.6918699671092617 0.6839808800062862 0.6494059168340627 0.665837007574502 0.6606207749753497 0.6719198989742917 0.6755087927872878 0.6558666785060983 0.6714946678806166 0.6261488887673933 0.6086926264637209 0.602897575813292 0.6446730431380452 0.6022776941070108 0.6112670504005052 0.6426718651198264 0.6335846012741515 0.6800846828646298 0.705753601919352 0.7300454160435498 0.7173004253805675 0.6989361251604794 0.7062233123338517 0.6815153023698544 0.6302992863472868 0.6102233649693073
0.8424050216479139 0.8208166713866746 0.8118756417843271 0.7890610511510051 0.8130260039352072 0.8246820238997553 0.7803729426815622 0.7465982002459279 0.7505319688873631 0.7363763083157553 0.7334328955681332 0.6858875318378687 0.6887973517650704 0.6707171689988252 0.7092271624233971 0.7221678183993436 0.6850430799338004 0.6773097067587742 0.6764317319613781 0.6695824124900456 0.6835064873520226 0.6803135257764764 0.6751789402178726 0.6750128607635894 0.6420068204249713 0.6335672709611866 0.6291094910653489 0.6402564700851846 0.6356104372998611 0.6295929961036266 0.5985189406300969 0.5975896614885671 0.6140915151945124 0.657451868764714 0.6865370474833183 0.7075389145700651 0.722577910379554 0.7347735129892371 0.718142864664712 0.7308824218667802 0.6859368049247341 0.646315123414297 0.6314818283466973
