Raster_benchmarking/DGGS/continuous/raster-260.asc
NCOLS 100
NROWS 100
XLLCORNER 1743162.6625814973
YLLCORNER 5469287.504443654
CELLSIZE 10
NODATA_VALUE -9999
[rows 57 to 75 of 100, columns 0 to 42 of 100]
0.6850442232819866 0.6896471898881191 0.6961774908796107 0.6941380473363972 0.6856476312388853 0.7097991695710758 0.7198885557434292 0.7111910662283024 0.744224942350745 0.713842038661069 0.6698067188223347 0.6657139287642286 0.6809131789814595 0.6655738580786849 0.647450432365318 0.6578386299762298 0.6568142356977051 0.6759636446830358 0.657458848284105 0.6912646021394184 0.7316407468153924 0.756058627216701 0.7545353033279407 0.7641641087296084 0.7736566073120286 0.7565792824409928 0.7730658787103066 0.7896802050090208 0.7777883367049265 0.756133078144173 0.7666569501300448 0.7756889177351508 0.7409099362625808 0.7536822443974137 0.749370739649127 0.7432941821990438 0.7721840267910303 0.7536692323383676 0.7739740897077495 0.7581807735586232 0.7538447128934362 0.7888261346888391 0.8121013089233607
0.6748078986444007 0.6728549823217094 0.6969077352216099 0.6851497579638034 0.6989333368347931 0.6918765291053925 0.697734756839 0.7006996961189923 0.7264659442997102 0.7119342320391705 0.671063951658405 0.6767400311354992 0.6623643974543703 0.6480128352445971 0.6683231705820517 0.6914397248877402 0.6925259321163078 0.6657319680389664 0.7120989328344185 0.7165530562684892 0.7398244814424905 0.7667407297689828 0.7757334224691078 0.7785620224960669 0.7951874899692126 0.7986640294452617 0.7827427561773048 0.7753757127448809 0.7881287111576543 0.7622104927363978 0.774073604531984 0.7689706513193534 0.773588182789913 0.7727509349173903 0.7535578754073343 0.7582766756077156 0.7800069791623978 0.7806378956820568 0.7605531301260313 0.7415436743420712 0.7412681623294932 0.7791224637807749 0.8166644522998792
0.7057985538685423 0.6645745209694262 0.6652362731551706 0.6634847664249411 0.7041100428841814 0.7193838333996303 0.7223753247588256 0.6898103129547961 0.6832700708454975 0.6738348491460825 0.6850232804903092 0.6731814265694052 0.6730553243494375 0.6453501371991173 0.6740760179441451 0.6962885255578746 0.7020895152195032 0.7019696764395249 0.7289667606561064 0.7466872482830238 0.7512559869760111 0.7435516426025309 0.7616723192872146 0.7882746389775446 0.8111577734698286 0.8239051267592716 0.822804515257829 0.7809615258503233 0.7906928852255013 0.7834951645920574 0.7726507039699674 0.790928724621201 0.7876960307254812 0.793546399695256 0.7541850725021676 0.7520031726868155 0.7520359997581649 0.7500762699992964 0.7545978015962029 0.7529439178019629 0.7349524627216089 0.7645557302544373 0.8235182380870268
0.6802000516627187 0.6576466148244419 0.6705125548326445 0.6613275254465948 0.6776179053699035 0.6958629263808489 0.7159448208548133 0.6962798517029533 0.6829701784660995 0.6792272997014914 0.6494845253501877 0.6618185463013724 0.6997243014693376 0.6678975209836481 0.6892805317623415 0.6862903085239858 0.6951631073029667 0.7205596952515091 0.7057436573371701 0.7227323649601568 0.7522839531339927 0.7588914146263367 0.7804348734046379 0.7900637392825259 0.7831658502124444 0.7806010879129109 0.8198547960406166 0.7890050627116628 0.786815134959885 0.7780597726475436 0.7684020608737736 0.7769549881820483 0.8077357094934707 0.7894743408760023 0.7676082462018514 0.7650793316940289 0.7276341276005059 0.7292642092104848 0.7523858107693244 0.7308204008041798 0.7231581080629238 0.7653055015827575 0.7871158986494404
0.6667263751851047 0.6281765460194492 0.6264491996778194 0.6335859276915649 0.6585164022503313 0.6788582895656239 0.6781139964210916 0.6592456768700495 0.6714538432131872 0.6567461621134678 0.6564768021585846 0.670459199595936 0.709429482266291 0.6791685329322513 0.6793816173068237 0.6974705942080194 0.7043098919162368 0.7307844675176789 0.7126432268279687 0.6939594117367348 0.7023982639110425 0.7313314359984392 0.7604661895308826 0.7586628524470734 0.7589391649574143 0.7807972810484813 0.8157039725137051 0.788646904574545 0.7915768084145113 0.7775231759154447 0.7636707786202239 0.7973581372931473 0.7982203075500002 0.8069447879699927 0.7822530512817153 0.7549148925164031 0.7120396593503819 0.7173309301439977 0.739956740368139 0.7435826920125611 0.7441535399697117 0.7773282380401335 0.7652908351820252
0.6611414453446223 0.6192735428830352 0.637646139683849 0.6539195557051595 0.6719873212638686 0.654326019596553 0.6413731285855827 0.6741815794827557 0.6618249530053557 0.657649791894954 0.6668544034778776 0.6729364717833387 0.6726825273783434 0.700289849688499 0.7313101538450417 0.7182250313297243 0.7389752759533494 0.71110448186678 0.7148881190094896 0.6915723206771561 0.6869631751845172 0.7313774818484011 0.7273695478779278 0.7728737109163034 0.7502388952059332 0.7712495289441667 0.7914357879694414 0.7944720781423538 0.7566903951567302 0.7753070847952543 0.7753972415668863 0.7916503499556499 0.7932692553642439 0.7781523841211223 0.7569256660176419 0.7530215751849296 0.7125955415425717 0.7253076129103545 0.7554819360122544 0.738856757655081 0.7375650228300334 0.7769650897049798 0.7760174767960655
0.6134588006905538 0.6399103322816387 0.6161737651520993 0.6194688067724042 0.6568165744794945 0.624496242918009 0.6372879370284779 0.6455587014155811 0.6627456953353167 0.6345788848696121 0.6710414123268332 0.6699444171105885 0.6766284880980812 0.7076180097951 0.7488449629415609 0.7426905534483571 0.7423893022372855 0.7159868939408657 0.7330737255329092 0.7017325585986409 0.7011049399865116 0.7070923646252197 0.7243284450973201 0.7694349620920882 0.7795640119564603 0.7738498423321669 0.7518189339990858 0.7593103190503615 0.7513122258170591 0.7845683074583278 0.8185637391319349 0.7711729634212057 0.7790758386898542 0.7404449766749832 0.7219704430140955 0.7481506823062579 0.7357057041856503 0.7437367486201083 0.7424417451938976 0.7299918665584395 0.7317665650002189 0.7485532043208171 0.7883091533131402
0.6531147674495975 0.6377125096305858 0.6367786544313396 0.6343164582988773 0.6129360375751851 0.6346344902833124 0.6436195414511201 0.6446936171351724 0.6351599728787671 0.6255340222400682 0.6497625098417472 0.6549132622147693 0.68767763278332 0.7120561388525373 0.7228631407590089 0.7437994643868522 0.7282126835870903 0.7073837772634093 0.7178436670808545 0.7350182805120584 0.7321460504055917 0.7260458069547415 0.7395843449455142 0.7572099069354332 0.7611253282984659 0.7449728691121165 0.7521145151106017 0.7284538840719607 0.7353610109126857 0.7495022744621872 0.7715078262871113 0.7581164229177568 0.7349918348525187 0.740801874544074 0.7336311831765863 0.7284486623566869 0.741153921123619 0.7213874435602189 0.7476694380043246 0.720067626514146 0.7435553020403588 0.7827536123256169 0.811926018898316
0.6518303932846642 0.6335344402943393 0.641997862199169 0.6345835567863775 0.5986219615885215 0.6067951434364135 0.588560637316751 0.607646726961356 0.6174320801284953 0.5964343072309298 0.6212783120227359 0.6274911415292791 0.674759709564868 0.7064005933476756 0.7090864071844825 0.7030974138937718 0.6951186218344061 0.7238387312332122 0.7393830367255277 0.7313160985562218 0.7240115721583659 0.7047285242259896 0.7137271481120292 0.7240550082065982 0.7568067001878663 0.7264132056968573 0.7217986487797128 0.7399522947416507 0.7168987363276216 0.7446543113327256 0.7600827721093597 0.7439319855626724 0.7324921403381631 0.7597416820743483 0.7687749674595951 0.749052676488986 0.7264248038756866 0.7347995685153609 0.7582649651707931 0.7375979790905496 0.7287568986600793 0.7644270572992211 0.817287504965568
0.6558795980254397 0.6606549228750941 0.6498923936729175 0.6256544710003118 0.6017273992045428 0.6069519969490652 0.6226509026323221 0.598890727221298 0.590782357114583 0.6063521466056812 0.6371829969374427 0.6277806598759348 0.6693750876260361 0.6855833666753399 0.7062799695592016 0.6921702242289731 0.7009985241428549 0.7374726284121057 0.7398962769286979 0.7480910622724356 0.7191483459243957 0.6905690739277318 0.7121547696868655 0.6959476601492083 0.7285992557360885 0.6948070194765807 0.7234412151135367 0.7194622930812413 0.7355559792292719 0.7594235851562704 0.7368405773362582 0.7553130282003095 0.7563307501012054 0.7393105892469026 0.7757105245480438 0.7671681339622178 0.7342876799097543 0.7472128368526499 0.7249021899452598 0.7296916160288175 0.7609231523996677 0.7823868996634499 0.8057733873311302
0.6839019374253015 0.6714755377147434 0.641981065189391 0.6482355031449308 0.6345026708540515 0.6150687138101366 0.6362335329000368 0.640578601970791 0.6234861308675897 0.6285614764361148 0.6293686088867015 0.6223288103293276 0.6321781706686133 0.6847313208566942 0.6737362073437018 0.6739941213288755 0.7219445859227756 0.7160728859480056 0.7588158745297775 0.7129201976055248 0.699249559074711 0.7079077262081099 0.7090323174973662 0.6764328055724521 0.6845774960113006 0.700331140156742 0.6993022992202699 0.7016090426485956 0.7520255240360307 0.7443971285611853 0.7384984688003962 0.7463360215715793 0.758589591806193 0.7632716688513708 0.7546643981535877 0.755719477119425 0.7550165791417907 0.747004087594914 0.7075471070184337 0.7370793057613904 0.7885855360205141 0.7823037418506221 0.808250412008668
0.669384867872812 0.6788806991307919 0.686453982883361 0.6551531599251043 0.635929676499249 0.6629617571931921 0.6715705990221986 0.6338961734006985 0.618868059966041 0.6146443924238983 0.6524315536461666 0.6454822617368846 0.6710033909504778 0.6736727301097846 0.668569468744907 0.680685357335359 0.7072318892845678 0.7247179649016182 0.7092169601027607 0.7065375821062694 0.6932943720775542 0.6864338054425786 0.6672965097096356 0.6539165150489831 0.666573778674909 0.6865356848423436 0.7210235523887022 0.7142371081179534 0.7361558840987911 0.7071195106773017 0.7256316714641569 0.7233896611848897 0.7354366289664965 0.7180864010712419 0.7417686127218985 0.7440725580993371 0.7422302648773152 0.7372061332321764 0.7361117685247411 0.7673785147211273 0.8000837661456023 0.7946868616999979 0.7953910348092026
0.6584202049604304 0.6763169420483218 0.6880317950988754 0.6852726421609384 0.6490399688892521 0.6489201647344732 0.6746172031114697 0.6499235126769868 0.6344144097160013 0.6556315246142241 0.648853650138673 0.6491938553777443 0.6640977291092898 0.6793405349907602 0.7086675801127222 0.6994814437362588 0.6711244971559713 0.6665431070750331 0.6892725218722763 0.6877621475968544 0.7016936885281884 0.671732591760785 0.6473283087724346 0.6360308004544438 0.6566011966033404 0.688935770911676 0.7122092231654812 0.6963417312647514 0.7183706535737087 0.6798363832044203 0.6713980937813403 0.684589375363305 0.70736194446569 0.6878441284766729 0.7041702107219807 0.7146183001843108 0.6958964241632021 0.7247953598067985 0.7548177541455761 0.7585882634807198 0.7693544826089158 0.781527582269231 0.8069242552108952
0.6389152320879532 0.6527686357542914 0.6951973615877739 0.6688070788028727 0.6631189108961616 0.6520755552586237 0.6420339610913611 0.6322067660919567 0.6223542802446445 0.644333921041385 0.6473103665884772 0.6723483020657725 0.6884451586787501 0.7085927380686124 0.7058118147991529 0.7056603016388807 0.6531279429193894 0.6487828309156651 0.6486917430287328 0.6875081251603493 0.6544231753181832 0.665059597546235 0.6682521814966176 0.6518512614118929 0.6522006490935635 0.6830726290719025 0.6817799953758453 0.6784809108647586 0.687977071223581 0.6432183363644925 0.6496385113489025 0.6504742820804121 0.6766260932005259 0.6921482376438278 0.6796140341594945 0.6559447906535174 0.6863714352257072 0.6934002557099015 0.7233975587372734 0.7290242516690741 0.747865078904287 0.7357419132820262 0.7658329025793916
0.6297690699672782 0.6796261277730723 0.6985293869353519 0.6785035168813821 0.6987175043350231 0.6540174006665037 0.6449874693553562 0.6411247500131277 0.658593321601727 0.6629411209134265 0.6459805683715877 0.6792082146340369 0.6877343338948363 0.7188749960729375 0.7028589167136579 0.691632058925305 0.6628283817931067 0.6297224953383009 0.6383175391762511 0.6276899679266678 0.635706300017387 0.6190738388611428 0.6316321455142089 0.6498105018824566 0.6706716427854104 0.6860332428149224 0.6989098352486175 0.6450083655955106 0.6324169031927953 0.6143130737925921 0.6142339372538524 0.6012186740289341 0.6281289660061473 0.6433385345545634 0.6433531040044738 0.6571411471559807 0.6517975840347257 0.6893830569010365 0.7121238839641455 0.692170414269004 0.6977642191417226 0.7259046234549708 0.7399240192109232
0.6162931619266971 0.6524191441239651 0.6563727606882487 0.7024040064962402 0.6597822623110046 0.6445717348331443 0.6230388169295651 0.6447273443927007 0.6248412678301216 0.6370559801094436 0.6661258883293124 0.6480671776306625 0.6683637306380228 0.7013227489250615 0.7110625994712185 0.6836663028375365 0.6433776859086473 0.6451635830774461 0.5996491956703656 0.6007503927763124 0.6305470251401848 0.6222953852478424 0.660950411156249 0.6707746484180608 0.6816133079981689 0.6781086333542533 0.6562600805951542 0.6301638034167661 0.6183584866808534 0.6333606254190226 0.609593893903035 0.5929274160464837 0.5978144390384426 0.6156107686959731 0.6286741920479264 0.6315660835625908 0.6225023606881236 0.6428159152285046 0.6902146678483319 0.6963140113833636 0.7004183197076858 0.6867837157558712 0.6973002348568887
0.6359641706922363 0.6471549876926274 0.6561946397219148 0.6617346247600974 0.6717529971007125 0.6283611571144296 0.6422053147371637 0.6466725004179816 0.6369332798833569 0.6284165112148898 0.658092608609757 0.637020155010456 0.6552053441385053 0.6714818411691006 0.6801762955293863 0.6404212341422826 0.6193677871064353 0.6274162616021163 0.5783319804280785 0.5955463379250818 0.5816826803621213 0.5985216016729196 0.6403800146973259 0.659325174206527 0.6632923253506664 0.6442447110824652 0.6315158367507275 0.6085404551833989 0.6279789648431829 0.6323104769637593 0.601296528618597 0.6018342809998701 0.6030903248302022 0.5837461542699002 0.5879758534461015 0.5937014979514936 0.6163300603258346 0.6411193110423075 0.6628551822681485 0.6739838739494661 0.6638733066693687 0.6842112814243488 0.6830264242965718
0.6138324570345945 0.620704560619134 0.6541117179022237 0.6395500104691051 0.6395883274411006 0.6310597511279993 0.6515969559002307 0.6344248388491741 0.6484751461330849 0.6250775178336647 0.6377174244252549 0.651169833801454 0.6496411645960308 0.6693393399616714 0.6496508321246196 0.6230461679975684 0.6260205388209397 0.598888505822316 0.5819609482445108 0.5613306109242188 0.5655081795981474 0.5869895869255466 0.6179098097352779 0.633536296618368 0.6253012079489031 0.6428811207893719 0.6200038183868272 0.5975971717038777 0.6025311579548611 0.581024654530249 0.5665216922759077 0.5804888435829579 0.5877253676485251 0.5717521772589481 0.5806397581377977 0.57285068854031 0.5634759917488275 0.5839111039284136 0.5830120203047263 0.6052232458853143 0.6086968091847624 0.6497178477274137 0.6536270917824021
0.5954011136926641 0.6241905310762227 0.6678277488229428 0.654599880655843 0.6362391145037731 0.6483829063020404 0.6305162284776666 0.6371105066797114 0.6372759087892857 0.6262426070029956 0.6084570355909525 0.6298160562799581 0.6704739053493954 0.6563698437094312 0.6686672845728137 0.6245490883899065 0.5967779011788842 0.5801283754906533 0.5977770181805074 0.5723789775082588 0.5611917471240561 0.5846066019192342 0.6027259174691463 0.6009733508611214 0.6155998859710562 0.6361397782276588 0.614331499850293 0.5911294662313524 0.5681908482041464 0.5822112533194888 0.5543265267752295 0.547734393891905 0.552541162824243 0.5736999530417934 0.5866595437246819 0.5777874980226027 0.550272431562542 0.5751062518172898 0.5449268880703163 0.5922665780657476 0.5935071571738716 0.629992117058965 0.5962547616461426
