Raster_benchmarking/DGGS/continuous/raster-208.asc
NCOLS 100
NROWS 100
XLLCORNER 1743163.3126309877
YLLCORNER 5469285.560346068
CELLSIZE 10
NODATA_VALUE -9999
[rows 57 to 75 of 100, columns 43 to 85 of 100]
0.7080780887819965 0.6831119784650642 0.7013041153722052 0.6845444881959387 0.7147755843629735 0.722475129722618 0.6821412327757257 0.690746463933096 0.7034094936211929 0.6813652775906639 0.6736684957990371 0.6418088120867524 0.6244230346186329 0.6231516668672326 0.6487700704230521 0.6842522563554997 0.6626300261449338 0.6785775849991088 0.7286999020586534 0.7432677103700082 0.7460146984377559 0.7777697421526507 0.7635193216227699 0.8057433037989762 0.7925965443367005 0.7984924936943798 0.8249407688419158 0.8339712391252556 0.8736935800302112 0.9013399726196923 0.8921048372537095 0.8766007954668453 0.8538315817574557 0.8374508756161028 0.8235511808108738 0.8428565008619946 0.8621643675066495 0.8780942167687081 0.8508506486265691 0.8381306739610818 0.8463242182816673 0.8394473538704625 0.8963529480726894
0.6869375722829895 0.6791051840753569 0.6881917393038791 0.6719573384819453 0.7019820516143053 0.6999613525926459 0.6792318128637497 0.6826210157745274 0.6811528189430287 0.6618423682283164 0.6176145015657538 0.6348667672487889 0.6395100487365665 0.606659532202385 0.6408838537738978 0.6463388326506709 0.6737132290397422 0.6656977896242559 0.7014884756076085 0.7313229500214095 0.7851259131869417 0.7957893658351725 0.8092625233923573 0.8223424163099395 0.8191770983105064 0.8488243749931729 0.8666976809570801 0.8606565916644824 0.8833544742658717 0.9013802410382381 0.8933681338359698 0.8375054654329263 0.819548733934127 0.8191797086793883 0.8305321778052328 0.821769099825908 0.85348277530648 0.8575474156807646 0.8443036263166199 0.8882197300162386 0.8924467944512714 0.8824572936390438 0.8931522595018216
0.7067387462372352 0.7017361141578654 0.694734750279513 0.6708809221986487 0.6913600668497821 0.7094452447751655 0.6767620117279515 0.6564271093372696 0.6314190471563753 0.6173213860690727 0.6418479430877555 0.6258790713194442 0.6078047508722938 0.6050036395250138 0.6573705724931962 0.6754526609792729 0.6601652333137971 0.6572069085710458 0.7268835956794246 0.7740663033777818 0.8049367419355046 0.8590527252434449 0.8160638804766147 0.8227201540137945 0.837001398915863 0.8850293429973676 0.8985395208574639 0.8900012116131266 0.9210755504905016 0.974250052849869 0.9283397285491783 0.8441085408982353 0.8010933931409796 0.821361053943694 0.8540202619585017 0.8375649425187642 0.8705239025587385 0.847889448771974 0.8524800524189167 0.8984302752122469 0.9156239222349157 0.8974324368185708 0.9045937980680846
0.7062540403108903 0.7349791879319673 0.7112572544475066 0.7381238383797094 0.7226015402428619 0.7184162788826068 0.695321903737715 0.6884877460658528 0.6385572708061185 0.617972109944447 0.6261036701175264 0.6106239562232532 0.6229561284504185 0.6336931431371982 0.6243473520344576 0.6718068164055538 0.6818639367887972 0.7193413096630956 0.7160313188669862 0.7314180071399167 0.7885453826674189 0.8228025780722046 0.8054817741214667 0.8140711775787199 0.8501399201162221 0.8585145870599038 0.8980288184563322 0.8990656780858812 0.9390233876998766 0.929659601231244 0.9076402736444196 0.8433623870425947 0.8220375161392927 0.8511482343280727 0.8367373395339628 0.827451667045439 0.8618417493782554 0.8497444976070488 0.8723308592721819 0.8972069005850883 0.8743504917290199 0.8788190931863856 0.9382216127936415
0.748565659899701 0.7261114332059617 0.7353851589205873 0.7547404696951834 0.7588494251784113 0.7257771689535644 0.7074336542681474 0.6891099675571954 0.6923542818420598 0.657549961002498 0.6412592274442749 0.6072325410801415 0.6493463242832545 0.6509306636686516 0.6532312509730297 0.6670783123705933 0.7137293524886015 0.7391110938541823 0.722526486154213 0.7436946046886781 0.7723446512215602 0.8083569038644152 0.8087406377296021 0.8240274305372886 0.8447741572939499 0.8407229384288044 0.8694694120507397 0.9068758402885766 0.9483123051317044 0.9596804029926432 0.9007423700112747 0.8605579754454034 0.8561995601568261 0.8586091661129338 0.8381547839714864 0.8258527682675857 0.8444469055958662 0.8672969914408285 0.8522141486930229 0.8775906731689707 0.8814119258270958 0.8801703769364133 0.9318041588763845
0.7857325557674233 0.7733870943869549 0.7656207029363215 0.7545190748338062 0.734039589137929 0.6963842561852127 0.7038170045483978 0.7230840195546779 0.6915045744201915 0.635631237003575 0.6404794407903808 0.6235461465645065 0.6622207365333029 0.6545440377616263 0.6475201226643048 0.6850928534012358 0.7138553782277013 0.7610012624546876 0.7685624234025572 0.7699774074322552 0.741457524738177 0.773498596460931 0.8023692907406782 0.8049765050708391 0.8263474073155087 0.8387472606317864 0.896324191868798 0.9245977492873215 0.9223174809815776 0.93536801274134 0.9343995458715617 0.861634203713321 0.8525992388151471 0.8485990787067087 0.8147536893156421 0.7942450089073667 0.8038768158913273 0.8309675913510944 0.8330583231745123 0.8544728502913436 0.8930946998960848 0.8899181378088239 0.9014494458289606
0.8022049065036384 0.7849136827055552 0.7714462340163726 0.7926829523083309 0.7641161495171331 0.6977906441478747 0.697326696927011 0.720117505581812 0.6736073786648875 0.6204150090153634 0.6703359296397705 0.6682871663034251 0.6727424744805576 0.6414855899038597 0.6663190314438373 0.6319769783479402 0.7078330052293279 0.7403207064690666 0.7714016585920211 0.7479091852907322 0.7271798922453069 0.7419909477718735 0.7573387988382618 0.7598348319883048 0.808318301631294 0.8394159784660031 0.8551426560554135 0.8953238223697889 0.9095494898312895 0.9386136119346569 0.8891089514304535 0.8845905482902624 0.8758589220585012 0.874836840811522 0.8342532898780214 0.7939267453520991 0.793528605022471 0.8051652011097145 0.8214115366903041 0.852533566500734 0.8663769732496852 0.876656004820476 0.8778619166153505
0.7936330378035009 0.7667673742841503 0.7760339318540407 0.767454820850095 0.7299726129274215 0.736030355436083 0.7022630979893639 0.6935102413524021 0.6861984142855738 0.6702309221458467 0.6500037971482553 0.672233922785789 0.6641406734042785 0.6342888274514262 0.642305820133116 0.6518532674333513 0.6859040877281187 0.7054589659553027 0.7274956634985807 0.7431965221270215 0.7051125613864937 0.7355356666117663 0.7352470432030251 0.7813463634396395 0.7987937841489978 0.8285055568878676 0.8306534406911055 0.8544071897441554 0.8433552557720285 0.889479915763062 0.8730503624697324 0.8631920505503966 0.860577691662373 0.8429106019464775 0.8209914358272796 0.8075019223315614 0.8149879228344541 0.8272452058559802 0.8113548716519986 0.8619478710916915 0.88633311365747 0.8927824316143084 0.9083236807620318
0.7456384007973116 0.7789416041734432 0.7830119690519198 0.7922103173019603 0.7498401738704559 0.7182180697696289 0.7541425837619525 0.7380504852231579 0.7099868033137612 0.7225247361685955 0.6613284783517527 0.6768421897319337 0.6471207718969781 0.6566190821425317 0.6377283840295358 0.6495062754662483 0.6744385253896911 0.6662634182712177 0.7049411303945549 0.7042667908042095 0.7149508830890662 0.7017155127491584 0.7245375745611686 0.7477402997635514 0.7627719723461173 0.7964626062408036 0.8196037730457406 0.8066928621650756 0.8074108325588045 0.8332116610852309 0.8465071811441129 0.869677690716998 0.8728461546908441 0.8635405954941167 0.8625164629613821 0.8226035797213913 0.8088527410691413 0.8022765740209824 0.8499190042017851 0.8839215694429781 0.9060841608747007 0.9098669672731469 0.8870776738035567
0.7606935990197027 0.7527901354389384 0.7421951560014084 0.7861883520712782 0.7651676510690281 0.7360598946558015 0.7559682621222514 0.725810578340484 0.7379068432780307 0.7099403231720148 0.6890655620318831 0.6778842446599473 0.6774879617595412 0.6736365748248054 0.6271113531488021 0.6680672505079561 0.6430748094766097 0.6593538159493015 0.6653021376881604 0.679812425152362 0.71945542948043 0.7315541242610987 0.7421600775664393 0.7791573336280522 0.7818465258528177 0.7638911904633938 0.8181015907366445 0.8466898075630186 0.8341641143984412 0.806824378652548 0.8047670670613337 0.8329512332440135 0.8472511555587029 0.8112538797137566 0.8450525451001126 0.8426505650512052 0.8195022150134241 0.8275068624091231 0.8714173996364669 0.9172832860160446 0.9279226786700377 0.9268638091432522 0.8894440971000204
0.759876398527372 0.7440731980884127 0.7404209910091845 0.7416551845422541 0.7744015074195488 0.7799971426014318 0.7760813779235176 0.7277081796634748 0.7113945524895343 0.7573541189483015 0.7018457322863813 0.6792681772267658 0.6715401000201742 0.6458261736594905 0.6451939824451163 0.6499826130148768 0.6498977533305168 0.6663409168055516 0.704659947671738 0.6891677235247045 0.7383241378298198 0.7634048386879514 0.7564259434302799 0.7694455482445152 0.7870333398466436 0.7595169353657314 0.7916039417152471 0.8303702036388713 0.850682854057609 0.8293306224605423 0.8017208599936917 0.789083068422651 0.8199311546573086 0.7803632407043257 0.8377114580326772 0.8381485047253063 0.8244909006066303 0.8387419852650898 0.8830193975470042 0.908488514180161 0.8933047898357706 0.9144550075190278 0.9205595035538633
0.7713100610121445 0.7671223375710017 0.7514491043081392 0.7647589186617503 0.790576745221685 0.7733792945482203 0.7477094896960701 0.7427534480474243 0.7256019819007683 0.7298538950392865 0.7353641092597554 0.7143023882471522 0.6532488012610028 0.6431166336174405 0.6923035739625273 0.6621951631997324 0.6755070119043786 0.7048392465791352 0.7253366128971257 0.7060322501030852 0.7346046034487936 0.753061582075066 0.7732548574252329 0.7725425818866649 0.7868254094109071 0.8006745964326716 0.8273612972080245 0.8384925863253916 0.8293259134030492 0.8136299483875425 0.8114372161488473 0.8188118472584351 0.7994420412634297 0.8226523214013831 0.8477457030467684 0.8221280721386593 0.8172067116378 0.8152414347898947 0.8719873738509721 0.8953930115365224 0.8971431372609744 0.9086753243806142 0.883535823782686
0.7992250141400821 0.755516532716636 0.7718677051558758 0.771252622831221 0.812289704659333 0.7986915553921171 0.7873714957806626 0.7720832177080353 0.7663416273083272 0.7365640738998396 0.7409255340693963 0.6911987329118474 0.7007505480705375 0.6798953978169584 0.6776274380911997 0.700804144104813 0.730582903664178 0.7530940091060225 0.7470718016107164 0.7583101372794503 0.7619934440763495 0.8055311887439349 0.8018952051674064 0.8382067197801495 0.8078181190832913 0.8421103530790962 0.8354572184984073 0.7971487465307472 0.7934306000643814 0.8101814211643243 0.8222706082696948 0.8181313301836131 0.8045951019888402 0.8473952388877788 0.8334165448325759 0.8570658215264778 0.8526057100596772 0.8199420546116389 0.8553323451925209 0.8941550608937636 0.8798453971686153 0.8616304689244176 0.9006775603157665
0.7837164328576675 0.8109869990390861 0.7722032528295366 0.7649271439564568 0.8069270975419216 0.7860451749556598 0.7816208018990511 0.79672506254144 0.7417521408613919 0.7257252238416093 0.7151739386414778 0.7221645725823671 0.713917283218754 0.7260686480421619 0.7008526116066598 0.724696912535465 0.734840290078847 0.7645318107735838 0.7828770626675448 0.7699966688308095 0.8063365361068736 0.8222467972696509 0.8304293628059022 0.856467681654113 0.8281585034899387 0.8352758847467304 0.7952696607515136 0.7814260886324617 0.7969831916965212 0.8063027734684244 0.8031618207169607 0.7894845579102447 0.8331678706837817 0.8432482848628424 0.8341269769173679 0.8430416888779161 0.8399110266716787 0.8448857167105666 0.840720275015284 0.8766872295516868 0.912026710497211 0.8925966032402763 0.8943518053229433
0.7875076706367806 0.8370946967222869 0.8178238738574243 0.8053049624183127 0.7843719751044577 0.7914117524623727 0.7850874206367683 0.7880097542657079 0.7417670601132766 0.7279384408485919 0.7297717324196846 0.7051098066113068 0.726834135091161 0.7413015493376902 0.7129243146652996 0.7247061841453328 0.7465437953912922 0.7889806635462622 0.7932222997540443 0.8257706145500446 0.8118217020559308 0.8396751711019937 0.8513998547987532 0.8949478967553828 0.8628506059338471 0.8287851016292215 0.8292471561280744 0.814714454048493 0.8160791758509621 0.7911266796487207 0.7791164419379866 0.7897053834098473 0.8102034439511767 0.8427694640987586 0.8405837342453136 0.8810450740462135 0.8399718307225829 0.8620104629025466 0.8395214447570573 0.8654143276912919 0.8889700785878235 0.9298287527398751 0.9048446286525812
0.8148558274603707 0.821438954360367 0.8217259327415344 0.8282818178764331 0.7965465388051143 0.7787826886393572 0.8019182610280658 0.8101897557061644 0.7867521145526137 0.7520735741184944 0.745334296186427 0.7440911133636657 0.7564796920456641 0.755462450461014 0.7493178445893591 0.7561758141016673 0.7612493580903952 0.8001488680717029 0.8183966848827297 0.8422488686341782 0.8623274530689192 0.8905556859786757 0.872663013692895 0.9045145120111026 0.8811455740115575 0.8631931914465281 0.8496176291570874 0.8195746918199261 0.8306439492460795 0.8163013907506605 0.8124371096394516 0.8264957933543724 0.8536473623861176 0.8509288682112592 0.8610539582888318 0.8277181713074853 0.8542251511105232 0.8834014903172985 0.8908768623318314 0.8743706282879555 0.8716177351945485 0.9037135151997441 0.9153463354996653
0.8545104613756889 0.84904946917542 0.8322245470824287 0.834362529522794 0.8207658053258532 0.7901552137180698 0.8118567239962858 0.8228863483526438 0.8172395869119479 0.8061831549951602 0.7632076692791524 0.7887942089766161 0.7966498232751343 0.7536846949833753 0.7531653246514795 0.7687356983498701 0.8047610264757585 0.8359031763442761 0.8078803069528662 0.8435491483942836 0.8506386177222595 0.9202183087971564 0.8905167162634519 0.905077171553125 0.9237498375787607 0.8839403872515957 0.888904922338203 0.8781000311105748 0.8524637609870047 0.8675100012760457 0.852066432378786 0.8580519616116639 0.8263905955650127 0.836205937488524 0.8469469644468439 0.8179927349737104 0.823953714062212 0.8561762694350311 0.852096243072433 0.8784251873949234 0.8905679732586183 0.915710380665853 0.9322643844009776
0.880657459774392 0.8884710943198568 0.8514084962523839 0.8489059463403635 0.8093951369741569 0.7870124294403809 0.8311289088828497 0.8210948349623084 0.7968747153815993 0.8059421966912977 0.7801781113629376 0.7775976647039805 0.7967242111084479 0.8186809688978318 0.8154004931781432 0.8076015290207309 0.8174186898288818 0.8165577593140276 0.8109041213488669 0.8412147564796646 0.8763359095112131 0.9213040128112597 0.934738423575385 0.9196108013022646 0.9227986103003226 0.9001766113363984 0.9222611036968471 0.9123235388204111 0.8860067944173048 0.8752518525093684 0.8253734993301722 0.8282983963871264 0.8450118052958976 0.8150588346624105 0.8046626789832567 0.794559573759457 0.7775314289584961 0.8191451626546912 0.8110032242145288 0.8216866466725643 0.8444639420441494 0.8867429623401429 0.8856827702792517
0.8719875767088102 0.8832398723014637 0.8440868596527014 0.8574180171924989 0.8219368600326422 0.8036030634773238 0.8482741817270238 0.8453267339599874 0.793055848939299 0.7978583460874056 0.8181229923398845 0.8316002815142091 0.8045022602574683 0.8362947822902465 0.8371537213814594 0.8438387645084675 0.8426626201559932 0.80340064716216 0.8322296143924877 0.8600261071218916 0.8656991090053119 0.939514284168202 0.9339204197101562 0.9138417625883101 0.9133615684872333 0.9389885880982253 0.9302394842888896 0.9117281101208088 0.8536292476827428 0.8343177041699624 0.8044558066377094 0.7956940725369371 0.8222899362467613 0.7915329524498165 0.791751237182758 0.7451969483933953 0.7507601275396972 0.7670922832220927 0.7769637947414436 0.8081466691713683 0.8572362292756577 0.8785359706304965 0.9036893755726709
