Raster_benchmarking/DGGS/continuous/raster-357.asc
NCOLS 100
NROWS 100
XLLCORNER 1743154.719143277
YLLCORNER 5469294.228421528
CELLSIZE 10
NODATA_VALUE -9999
[rows 38 to 56 of 100, columns 0 to 42 of 100]
0.49840219031450894 0.50912306669494 0.5275681031230707 0.5551482721517297 0.5441817848668371 0.6073237129128646 0.5874527760844415 0.5931524067229809 0.5774535997735615 0.5894246102058129 0.5911525060464561 0.5708900580857917 0.580076886619895 0.5689341937267258 0.5639982730323054 0.5524473380228659 0.5550150700215695 0.5677324480340485 0.5340276960482725 0.5368601418977015 0.5422593853843382 0.5280666860988306 0.5184868000377632 0.5389949779642704 0.535714720873733 0.5231728098587795 0.5374878910816772 0.5821019335547587 0.6030454377957303 0.6239433660092563 0.6251862660676161 0.6063717368948295 0.6159560687600053 0.6054124592581304 0.5924350881224972 0.6443032211386968 0.6419534328373528 0.6176970383646369 0.6234376252607662 0.5983454498183294 0.5853441818502284 0.6047909678038161 0.5948902982267015
0.519872182762801 0.5028517362443866 0.5017518383947843 0.5431643955100467 0.5633826772800412 0.6072989880888261 0.6208317793914766 0.6144446533481349 0.601891902929429 0.5951995851260838 0.582694064808926 0.5536598310572413 0.543298402555822 0.5402595503333707 0.5457105271670356 0.5502672239756986 0.5427373830707398 0.5687695369563641 0.5248625491884262 0.5193554012657615 0.5520256141353026 0.5427484638762741 0.5273700965532397 0.5279728077199718 0.5412599681682599 0.49106109731607944 0.5472581313822739 0.5617336516332802 0.5966829060915211 0.6398050921627674 0.6409988907288776 0.5971041733318553 0.5989619620117949 0.5692270965907767 0.605781643678536 0.6196853245609975 0.6344396566943707 0.6233935916961701 0.5887127272078155 0.5793554996163229 0.6016420226590214 0.6220009825010857 0.5831454976800066
0.5364955494596901 0.5151332000635915 0.5251480106260784 0.5522542178562434 0.5407159497045269 0.5616195610807224 0.5881294379918525 0.6037868054833496 0.6173625819227434 0.5890967964056156 0.5774858479937008 0.5661734064642544 0.5602268096997576 0.5291445416244211 0.5306911132185808 0.5229854398677141 0.5412761051380002 0.5223964557570583 0.5417282725985575 0.5451583542000293 0.5318395847948857 0.5255402303173756 0.5024969839288571 0.5145678383693276 0.5330345058293743 0.5290670890173311 0.5351453823779685 0.555694609878953 0.567885503572002 0.619855249738052 0.6096132396318877 0.5924171128188646 0.547426948540779 0.559297781170628 0.573349693787014 0.618412463537144 0.617888105427454 0.6014942547520876 0.5997615755113749 0.5959533795099141 0.6115250397680411 0.6144684017934064 0.6135785834261871
0.518321304515188 0.5088695576813135 0.5409208855141727 0.5291674883955989 0.5223290199322258 0.5488408645507658 0.5836878191619775 0.5983463586707602 0.6104276354462779 0.5824979898240801 0.5860923701499626 0.5518031788119742 0.5712745984068575 0.5603733866015683 0.5402131204886295 0.5263812923737403 0.511238282615477 0.5326474702210413 0.5144585487598047 0.5264852825898458 0.5284992637845553 0.4990183050263803 0.5095914634098262 0.5273609336837884 0.5508691661185213 0.5215506340776112 0.550165963823827 0.5532870089576797 0.5797805121314471 0.5785914033999923 0.5663786396840833 0.5593991488650983 0.5453677899124819 0.5361425996767598 0.5840439858493762 0.5902900589884582 0.6126131886705843 0.5913035851801574 0.6271199551078198 0.6238434670006242 0.6456796106475383 0.6622619149234346 0.6440878531173373
0.5635455873831944 0.5431736989890115 0.546304242699367 0.5324042096284479 0.5290080817592936 0.5570285582582858 0.5527832355983336 0.5982422402266495 0.5950987607831439 0.5735398577425298 0.5689766067285691 0.5712578302971532 0.5220636192549956 0.5122899635576016 0.5131736123686276 0.5160130608765394 0.5304084309928118 0.552601789666376 0.50633628381282 0.48976149180034434 0.4827081574266723 0.50644343998915 0.5022249014016451 0.5087066628425032 0.5250665185858151 0.514630573619799 0.5350231388840877 0.5301381913529952 0.5351109013843646 0.5789906747168906 0.5772880950211706 0.5433824651576546 0.5548820311455186 0.5293190478379973 0.5753316405372167 0.5761560483747392 0.604248323068572 0.622534723458226 0.6123459558662736 0.6358666490011218 0.645184869174535 0.6458692675950205 0.6478758087422183
0.5345324452413845 0.5785973865837604 0.5833025234832881 0.5827860823197393 0.5553882231009084 0.5364341357424873 0.5470549613351354 0.5966947152767463 0.5883649019413725 0.601648089264743 0.5760963517808946 0.5456729895441963 0.5506950696242506 0.5129215212241363 0.4973683461321906 0.5173026980471498 0.5163885709113004 0.5443436999011796 0.5177605979597911 0.48677198326725285 0.4816093701883664 0.46895696271103304 0.49653246729522466 0.5031090015747094 0.46323317532472635 0.4629965625441915 0.488337700628498 0.5140004317079832 0.5335876589360059 0.5675890617545752 0.5717527071917049 0.5260159084140905 0.5261866540730686 0.546208992100671 0.5513140309389865 0.5491828506854509 0.6104099095186891 0.6250402765051613 0.6341182223698165 0.6028462851519518 0.6542200527689227 0.6740969110943013 0.6708185241937646
0.53535460586741 0.5800694556948023 0.578204011313019 0.5712874256607469 0.5595342581960545 0.5485649074572873 0.5818589565979057 0.5734598189369647 0.5616685134266437 0.5718898447224128 0.5409138032786053 0.5591533099601068 0.5292526500351813 0.5381354498461294 0.5428663106384083 0.5277707122410962 0.541257418245759 0.5166200185296368 0.5150098113844491 0.49690696994844946 0.4936742990277089 0.4723311565771121 0.4591620106773341 0.4826474329517369 0.45720367083906677 0.45518400619254323 0.4769985858519329 0.5058489022236415 0.5580782800845782 0.5855045148603573 0.5556751711096644 0.5597906349750279 0.5173113262115322 0.5525684557517886 0.5714957134840046 0.5927440597542628 0.6009087035797461 0.6365816806287556 0.6183022190936673 0.6176108095424332 0.6432999430470098 0.672188398573533 0.6799391064975744
0.529891996096423 0.5558229558311656 0.5370822519445385 0.5287642803925515 0.5362215842296283 0.5753983511949329 0.5784565276911193 0.5707093132619867 0.5475030101537501 0.5184157161361986 0.5238959313762245 0.5444934407506496 0.5544264593995246 0.5119559371926937 0.5252785220435207 0.5507995072564404 0.5540144456989682 0.5362216950866808 0.49600058808360464 0.4741235085398016 0.46702608128804113 0.503545915880641 0.49028414663439474 0.43921483659345073 0.43959263134576765 0.47044896249407225 0.4723354739096856 0.5220010852210905 0.5385809093798908 0.5719295296125172 0.5773420108423959 0.5488212764043223 0.5621514432188189 0.5328053993732775 0.5605710043888943 0.5647652557448339 0.5724226859781034 0.6177622922728668 0.6137665724316612 0.6115552313731987 0.6089313772770977 0.6314152711577163 0.6606647279367684
0.5065481262959959 0.5130772437880352 0.5351482857281663 0.5466995668843765 0.5412537718427037 0.548076367407495 0.5615458586415321 0.5717309979271828 0.5385664306508193 0.5133176407317349 0.5188270150594517 0.5245264726327207 0.5497738010853344 0.5178030556259386 0.5430377700366649 0.5500153707312535 0.5448375924930073 0.5182855107991677 0.5236101935665026 0.4806675108009383 0.4827428672779531 0.5116349428280728 0.4770101866969385 0.4511497409409605 0.4423485703986263 0.4392319369467491 0.4690299673328227 0.4815690095067994 0.5296931268951258 0.5754904749763676 0.5609933893120502 0.5811607250157408 0.590292352966393 0.5894055642737617 0.5837539899244616 0.5689543953613823 0.5866327335909872 0.6027572869418139 0.5898168369896543 0.6058664607067322 0.6161984750464377 0.649849095720676 0.6731854524993137
0.4858580604893679 0.49691358639731575 0.5264234907043422 0.5554200820721575 0.5447349025681606 0.5385010133706571 0.5694902102339073 0.5302336338491287 0.5448239895173481 0.5058393790128489 0.5198114577907536 0.5023977462570582 0.5157769498333149 0.5515539453553256 0.5410128015679684 0.5177055219690392 0.5643991564401027 0.5373814427625376 0.538804778375124 0.5002849394317079 0.484012315179596 0.496882572002202 0.5012457761531074 0.47021900022022184 0.4241482141943355 0.4407184630475169 0.445652019609306 0.4835393952356533 0.5067332871115208 0.5738447873502046 0.5879518623348788 0.571311611859306 0.5978198625609854 0.623439924676276 0.6042696791412674 0.5965907342130723 0.5828426339455733 0.5604993630075441 0.5848086496315921 0.6147898634513872 0.6133105652073957 0.6465178044180472 0.6232208022133104
0.45076337592178545 0.4732762875915888 0.520756832695467 0.5075946977688942 0.5511640443483299 0.5324353638665822 0.553180885303408 0.5254431731066671 0.5406411034627849 0.5295976933664877 0.5317126535813922 0.526263223125894 0.5287216594902884 0.545753845205497 0.5255072377631281 0.5323345295780502 0.5626807490955436 0.5421770762908026 0.5310276989659757 0.5189017454120262 0.5017453131719862 0.5177819843246233 0.48173142843383215 0.47494216549918256 0.4385729374863032 0.4696303059403898 0.4753627189685725 0.5065608075532099 0.5323477909885878 0.5365351714798934 0.5794993338954911 0.6022777214786798 0.5862039288237955 0.6124024807153956 0.6258112459723459 0.6067892309940555 0.59921906268344 0.5930510897497343 0.5679858965903416 0.6197816827707249 0.62905126898672 0.6028190901236988 0.6160424107153489
0.421350553318964 0.43479819031539074 0.458047242960836 0.4998554159120562 0.5551979553451805 0.5765826730363189 0.543042395116437 0.5529616731428008 0.5727796215594178 0.5229919033455744 0.5398822515691126 0.5669090082219583 0.5752504326218438 0.5629037327487064 0.5493429122596909 0.5482945257153942 0.5698526522610109 0.5940641779318783 0.5411990951412394 0.5547964330767601 0.5119839572978873 0.49408242730303603 0.4613137766866276 0.4670469654357131 0.44967407765586487 0.453863141313877 0.4973794901401588 0.5161019116714963 0.5308866460572597 0.5466685779297893 0.5626306298704224 0.5965387179705668 0.6085360984800472 0.6007936680392459 0.6046444252819199 0.6009152647437069 0.5915010282040661 0.5861522343800388 0.5661917870889578 0.5822095655735754 0.6024440314031566 0.5933852732381605 0.6203430870356362
0.4325011955071335 0.4425611391749933 0.44855060807283087 0.49780265044548555 0.5193786895600294 0.559865621986737 0.5750378296441276 0.5502808864709109 0.5809147705026493 0.5459357536466792 0.5769097253761484 0.5762623613128729 0.5479071318277211 0.5526638113187152 0.5814820847819563 0.5846236227853915 0.5565704871510936 0.5566684345826026 0.5735849818537968 0.5669641032612642 0.5118786382300821 0.4966172301438711 0.485761191523369 0.4489194423785227 0.4625287411888324 0.48376191580121886 0.5165303666966659 0.5336963436006359 0.519352403866318 0.5587631906430314 0.563082445015479 0.5950781067042038 0.5946337726151726 0.5563716770103418 0.551730038392637 0.5760621469992101 0.5719611352854092 0.5759251564472545 0.5578544571082367 0.5521778215966602 0.5430303383571432 0.5728546437996548 0.576662239417992
0.45545846763270426 0.4327808727610318 0.48110241439415125 0.49866903219848124 0.5397331794570063 0.5776623680696376 0.587060532842048 0.5844402639350889 0.59829652823157 0.5862665182703404 0.5631171664210068 0.5585469282823896 0.5671195915334866 0.5518880126023029 0.5461224195305047 0.5671877858624671 0.5740625152148818 0.5965778220011981 0.5545614953009549 0.5712160252862071 0.5256021317500256 0.46868241323756843 0.48323805058604835 0.4742908729687716 0.4863145628095648 0.4957462130882926 0.5185881342216682 0.5232755128080059 0.5162699545705677 0.5247707970173273 0.5515291286843028 0.5341522778168649 0.5259655467465473 0.5528173284919469 0.5268427600926766 0.5275543307921823 0.5353187484710985 0.5144378018875095 0.5378236245475954 0.53728172512366 0.536618999677652 0.5444973407727562 0.5666826410918276
0.4365134560659322 0.4283317120751653 0.46858273716671983 0.4909970751851631 0.5167139321082925 0.5552457436829648 0.5846880332884097 0.584849079897826 0.5767689965564428 0.5520650587791865 0.5328995178179153 0.5201923965846725 0.5187271543193799 0.556559899438825 0.5775769087440401 0.5759593360666081 0.5976213825274456 0.5772763704607271 0.5736969951932259 0.576231258366941 0.5278442550757181 0.5092210247685889 0.5130142638447452 0.5276219068820941 0.5037803020490841 0.5110721350710848 0.5386641425843312 0.5162301494626855 0.5423771186408297 0.5195744593083033 0.5100050068620666 0.5191317134082152 0.49988026365656 0.5418180539624199 0.5449633141653918 0.5568934656137876 0.5520024411764671 0.5314192185620624 0.5362215152302537 0.5237816405582706 0.5448602996299751 0.5878814843874755 0.5792714947508673
0.4131980384932019 0.4309475436301453 0.47191923133288566 0.5032012656998298 0.5426148953464192 0.5747561724442722 0.5918584605740161 0.5684276563800513 0.5591412626866213 0.5508240834935257 0.5167453004990491 0.5072294502067514 0.5206711994421671 0.534900360819387 0.5547532567725669 0.5679914953292631 0.5803634669051015 0.5652223784304226 0.5869095209706853 0.551487124885669 0.5705195419049108 0.5558605374264697 0.5715705826308402 0.5526087321216796 0.5220529238465612 0.5433647210881769 0.5394452754380331 0.5520899044485077 0.540557533027936 0.5073347924718162 0.520264928735126 0.484357872692005 0.48504911313065874 0.5104587291912489 0.5450884002679492 0.5455853370966325 0.5649492806349701 0.5353929038067706 0.5356767888593308 0.548587681920616 0.5793947852239618 0.5979263271419275 0.5752588865626409
0.4318585810770899 0.42806310687139293 0.45995665383479356 0.504572839839897 0.5119198882038386 0.5409793054927899 0.56743750791063 0.5726918066102317 0.519636864333035 0.5182162984049961 0.49715935255663657 0.49457227325553677 0.5011229607534231 0.514046201894152 0.559595964227945 0.580597288920962 0.5807204120425136 0.5818544676740441 0.5987227286595804 0.5997738359104446 0.5559463339522862 0.5613018961234707 0.5835255048343085 0.5821975544769842 0.5712120179241991 0.5523713143828292 0.573004305737371 0.5635739710894492 0.525873066370539 0.5127986262969723 0.48820602198268553 0.4797849194909907 0.5254470544894775 0.49986705581576224 0.5165068741887077 0.5284048283369212 0.5372070373323083 0.5331640970611331 0.523923726102233 0.5375223218183584 0.5571465492749006 0.6042749748905414 0.6105728870763325
0.41156187189400756 0.4585883303127225 0.4536587030924436 0.48421829857831405 0.5302484024738948 0.5478572002649363 0.5360294910256007 0.5560005711086993 0.5237894443145001 0.48568460786591566 0.5200774519966059 0.48875372229626746 0.5130165410557059 0.5065943408061367 0.5371699033232367 0.5340812866743062 0.5639988220346314 0.6003727724090733 0.583913517505057 0.6055197348948019 0.6002090041823923 0.5785588098339639 0.6021979567288257 0.6116856571780175 0.5830670072580211 0.5863435160576901 0.5613230839309286 0.5613390829374217 0.5040211200162728 0.46047629067612905 0.5012246975179147 0.5167524676609183 0.5174494241507988 0.5301025956269436 0.534007018311147 0.5090349240514778 0.5159605842319684 0.5152604731626308 0.49610615605478897 0.5352919079354748 0.5316944486509327 0.5735450077105623 0.5698019681238107
0.39708244152442546 0.4469939993080666 0.4808158337102407 0.4770540187924377 0.5121550014209882 0.49892925784280057 0.5124945236984094 0.5338236085436571 0.5126374004799418 0.5171828899349463 0.5243241131976267 0.5360652924450077 0.5320598086503056 0.5241621268933128 0.5487798411912883 0.5793317256720908 0.5873193128225549 0.584031801615742 0.5856697568250023 0.5776218709598056 0.5697154698431798 0.5915282599372411 0.5764770800198847 0.6009436370807124 0.5780103293193087 0.5524380801359675 0.5391513070298699 0.52684069063909 0.4890824299415661 0.47773626939361785 0.457441446778458 0.46253543889519994 0.5023104121251368 0.48671518327129376 0.5159532280895204 0.4876503938051656 0.5080563543889952 0.46599157964318594 0.47259221407965396 0.5222007203017006 0.529970310922912 0.5377453214794324 0.5479555311753717
