Raster_benchmarking/DGGS/continuous/raster-446.asc
NCOLS 100
NROWS 100
XLLCORNER 1743151.6854289793
YLLCORNER 5469279.179223042
CELLSIZE 10
NODATA_VALUE -9999
[rows 0 to 18 of 100, columns 43 to 85 of 100]
0.2167196375585459 0.18987025671971794 0.20689707081134243 0.2123827932267583 0.19675268458083922 0.19671702300521082 0.14604520589350573 0.13261578664424223 0.16997928288080158 0.1414043606432504 0.15911771513667075 0.1705003164086435 0.18511224349623429 0.22713762784026986 0.2198150293636112 0.24073194042760337 0.2522396066813482 0.2587478238354144 0.20044179740296023 0.1779884463280587 0.18737332889469613 0.20612965702870473 0.20434648613013962 0.2222845618434812 0.24672210044641937 0.2690549073101049 0.25516692921492923 0.26975758468492816 0.33033255346594476 0.32909400984926573 0.29621401726798624 0.30827112612240454 0.28140652506622366 0.2742219916705711 0.2977543205701326 0.2984979847707674 0.2808564245341367 0.26770546019812214 0.2486130383346538 0.20378748633545332 0.2053365141828776 0.18384601948106832 0.1658260447118007
0.2074571313148627 0.1882364835003442 0.21108279920119574 0.22856652907517666 0.18195080647878123 0.17753528191707132 0.17169894633773702 0.13991297963694635 0.14877205949092406 0.15781795306743027 0.16094531324278039 0.20687011113393342 0.19742303791939292 0.22984760628934592 0.23813185185719252 0.24731464389248797 0.23363595469155593 0.21559092765156668 0.18667054037693748 0.18189176171246668 0.19471779809347434 0.2079027577620629 0.22236616337992446 0.22834454380480118 0.2840572825592983 0.283798053640622 0.275971922244594 0.2950894415892761 0.315287314812136 0.27271773277056216 0.29067753376757416 0.2712777616453487 0.2692662692436736 0.24508277783116186 0.27508825860781677 0.2639629609922363 0.2605793531377916 0.27132348207153695 0.21629265138184836 0.1807364863743904 0.1789743863448433 0.2000056148045626 0.180930200656751
0.19635484207884557 0.17400271905904474 0.17995385893280944 0.20694984927067817 0.18086206685878806 0.19645507129720796 0.2120086411307186 0.1959669639191899 0.18260488341817704 0.15371512884816735 0.21255788191332833 0.22621669419543033 0.24262265365043617 0.2506665216075114 0.25561731224439627 0.22781566821181898 0.1991760726341277 0.1866182179288091 0.16906443516711075 0.16010849242357417 0.19434330662075716 0.19984039829502165 0.19169405216333682 0.23341749748629906 0.2860933218913148 0.30778848026885686 0.2773615611378003 0.2953780892259781 0.27876487926178045 0.25944028056545865 0.28947525366124327 0.2649300142742155 0.23735546702988347 0.25688673119805605 0.2524541728497489 0.29173411726176635 0.27059587800703033 0.243879848263788 0.2352417490748998 0.22610971748972727 0.21503944234965597 0.2047902352568247 0.15146942557865806
0.1652887087575162 0.17184783052576058 0.18312614384760623 0.17678696303578328 0.20196417531412503 0.1967296714418257 0.21678496755296722 0.18399898832394707 0.20569386059482514 0.20194524748246573 0.23013824779168926 0.21362174641143164 0.23782337833858963 0.21766484320890636 0.23336348175526034 0.19545310581264477 0.17678179844452002 0.1743429451766524 0.18404507158461345 0.1808242852502155 0.18344512437432897 0.208533948592902 0.1988127634288312 0.2302357564820041 0.28298541032723173 0.30362758786064165 0.28556079860529227 0.29129455418841516 0.2774040635904015 0.24070749690044432 0.24262820876908212 0.23399624675351954 0.25332108429173844 0.25586910699847265 0.26646969642453866 0.23746411258358008 0.23817857640602966 0.2284452133175224 0.18199034485727067 0.20309879060950356 0.16518684504439504 0.1301292289024778 0.12767684021870607
0.1681679995254551 0.1756168563802084 0.1740105989421823 0.21849498223902641 0.2286524299972218 0.19410290722530804 0.17619159830085326 0.19191302696386164 0.23526872288201783 0.23138927704676676 0.22815256998961936 0.22211477343356395 0.23947030956842655 0.20750968743724035 0.1818872662069931 0.19528256003623914 0.20641767708260117 0.16733259620858754 0.1906270239796195 0.14475094163161628 0.1720502115007805 0.1876470569964014 0.19250990990957959 0.22139018926868448 0.2612866460451338 0.29283481075937673 0.30229428110589013 0.30054626015286795 0.29873778970221476 0.2867950251716263 0.2766544431209835 0.2537133597899348 0.28567357033812585 0.3135612791044039 0.2670989704496112 0.22472426343036125 0.2372054610999496 0.20263039302609268 0.15019471281611452 0.14415857594514994 0.13281621462068302 0.10642961494418955 0.09931297019343498
0.1365856574579209 0.13013882598624169 0.16617641931938518 0.19906950049318603 0.20777209880560735 0.20585159636938577 0.20526280411209583 0.2353730312042137 0.25451629676691895 0.2550886047559508 0.2561868307456061 0.22699066682368066 0.22466087325598277 0.19888714158601986 0.19436050102162225 0.22159136625071182 0.20563354811000592 0.19090995118477863 0.20417801781273812 0.21086724819041847 0.18988280101801705 0.1889518422868374 0.18164382804213733 0.22853699343239525 0.2637058156482219 0.2756073649558087 0.24680037163520213 0.2560890074722847 0.27743804198089705 0.25103637330943873 0.24060283433640942 0.2632506660907894 0.2666196582520653 0.26613464376750345 0.242866822085705 0.20148949735820057 0.2040816824232964 0.16816184291731862 0.1467370827485867 0.14628542823188714 0.1268129891657221 0.10863254860108039 0.11866440306273783
0.15893035777134068 0.1255289900733241 0.17483588046584986 0.16005079097562164 0.1728272535748375 0.18939931346536412 0.23685923712411275 0.28300979235924295 0.2727274527891803 0.31236165510622566 0.31233192145464506 0.28302890269487274 0.2668721633448592 0.25517179045125277 0.21858877484996037 0.21327802010712646 0.207167809205307 0.21097997648099467 0.21832586621459155 0.20187553098318942 0.1900552678475853 0.15924538624278034 0.1554046169674833 0.20992596645857392 0.21885986638859306 0.24079621278601343 0.23089625743128006 0.2347641006048538 0.24153740398397178 0.23979425349467653 0.25901822933794194 0.23458254211956564 0.2239792054748715 0.2242609398900552 0.2129158435892137 0.16808715615387354 0.18890105930197054 0.13129740918106747 0.16522947298474522 0.14004626447975616 0.10387698735172396 0.07106744463618686 0.09591158131017867
0.15364326054448568 0.14865933111498592 0.1872167861246118 0.17720821971278852 0.22780121218412544 0.21135370540534457 0.24840681114226568 0.2715224740053879 0.3227551003645417 0.3274949472421924 0.3048435690538257 0.27135231637586893 0.2464896672820419 0.21716279335367308 0.2333652479000991 0.19731548405159768 0.20849812546969437 0.20640140795217238 0.21504204806547927 0.22783544327896102 0.1801678774293085 0.16061875094792774 0.1494589056734769 0.19230906029913503 0.17887137527409536 0.17920664111761345 0.21512811206861737 0.21192314829440012 0.1874117722702492 0.19479753690543927 0.21416620606693382 0.2432771725536295 0.2244827000127524 0.19822292387285648 0.20397209267547087 0.17426503485601422 0.16899710344413205 0.15852879590774163 0.1626899152369598 0.12811354030533262 0.1039684380146023 0.10545374457507657 0.1014896651809967
0.16876511384757853 0.16473634091614978 0.17327148606640722 0.2000823995827393 0.25646403928446815 0.28670831295026916 0.28988347034610423 0.29289712898125003 0.3090731353943867 0.32731328003648613 0.3197702362983641 0.24520664735296793 0.23800422460721976 0.20602441475188618 0.22826238164477178 0.22867339844981022 0.217374442853721 0.2299320533663968 0.20377349847710338 0.22727306428040991 0.174364449534846 0.14445021609283618 0.14802164653435726 0.1426235935750745 0.14255418794124838 0.12951883019869023 0.16544273181561298 0.16691181507705344 0.18136618027701906 0.18441756638082327 0.23600714574472786 0.23214077737647432 0.22842230552418621 0.13917101702374746 0.19300834124155838 0.19239311600174158 0.16146819389669742 0.18946316540432 0.16335372965432252 0.10747819215883357 0.08355732262552266 0.05936341156542151 0.10913744695385023
0.1811775866635877 0.1700865631546795 0.21024806508143307 0.22167206913234477 0.23025145254433857 0.2793507868976537 0.306175608833999 0.29508065603895217 0.3161581354062403 0.32363286769529503 0.29621797642206127 0.23769952009400655 0.20629998266192162 0.18009571283505107 0.21718922709076152 0.243783638630635 0.24390101884608284 0.23640734347722286 0.19452254193736104 0.18776243334774378 0.20079202747057856 0.14118118783690878 0.1418367016816316 0.15735875914828018 0.15202615146926018 0.16926960962166282 0.17322344014920696 0.18655925203397042 0.19898195874119418 0.1868987317866954 0.21991007539127788 0.19716338321182103 0.22098580682942875 0.18204488567963534 0.1662385824063419 0.1825850210249915 0.1466993457058184 0.17413261382580594 0.1472999260000641 0.14620275159745053 0.12243656966153199 0.11600860711656567 0.07852279300401334
0.21840454245641427 0.175678689591616 0.1918700138460414 0.22667385243443677 0.24174387168021025 0.26782024294927137 0.2872939547026632 0.34161110054599997 0.30570579750150634 0.2882883551027382 0.2646274318436465 0.22027499156060157 0.20294367135739924 0.18037444751072035 0.19007675621894496 0.22607163814738293 0.22414772374582315 0.18299947156365146 0.18425187571801038 0.18353452688866656 0.17251950932598356 0.142578103573633 0.11631937124591127 0.11800750345596005 0.14961162540811404 0.12476916600352977 0.15216387391875325 0.19348943911421093 0.1774097660543482 0.1713560145791196 0.18365827178695673 0.2201772715685687 0.2045760581999464 0.19742134223134788 0.16895688134932718 0.16138501544811332 0.1645169876617015 0.13926126552856619 0.15529352398437685 0.1497528830770498 0.15320264981184045 0.13746958195855102 0.10168519965939068
0.2198830782383733 0.22114343152593952 0.23124181167336513 0.24575327817408138 0.2637902975210185 0.25996429402901333 0.3091611839067958 0.3205827785857613 0.3265523219185221 0.28587362218719803 0.24536500799262959 0.21134045533486992 0.17855241626219676 0.1698094585248986 0.17834600895884983 0.19803755498915032 0.20976845437314925 0.21112172357171063 0.2110536485943779 0.21754247372345095 0.20467120060243155 0.16844401842012074 0.16174684122776217 0.10986350126013052 0.11921469001518917 0.12181787417715383 0.18369489920224674 0.20911739407935953 0.20309674820123402 0.20063714996558393 0.19463721026975284 0.23030815089657755 0.17552525228529825 0.1882278476983936 0.19697099921084157 0.1877125327150176 0.1483071522872043 0.14961205205267344 0.13633474931010314 0.16543701982149397 0.16016710327915099 0.14024256729251594 0.09799015852285622
0.22567856575536097 0.22922729624747512 0.24573313083034698 0.2681487398918107 0.24044371197680636 0.2897289598788531 0.30233726343606115 0.2821399740423357 0.2982853658939625 0.2941216723897924 0.248109556850902 0.20145792172938168 0.21194552260612592 0.21466225691511684 0.2010819709742982 0.18899586070542823 0.19333621869308001 0.18916100104069206 0.18043488081540004 0.21433489429272398 0.20413903775865935 0.19365267858601995 0.188594783168901 0.126059781739417 0.13687208160408057 0.14672571243359767 0.18850852047175096 0.17659265036120528 0.19097754320192586 0.24471741498152708 0.25071492289287106 0.24287836918006886 0.2105657059761347 0.13708773471742 0.1813148341767506 0.18511001148347836 0.15866936451830344 0.17928839548815015 0.14923915227366416 0.16129185421663025 0.13920147291029106 0.14386441736114144 0.08549473749699915
0.16360861903986842 0.1782260375824512 0.2010082958976279 0.20889578877108797 0.23943154373480632 0.2335419099166073 0.2569343004056129 0.2358784532154343 0.22757070606505905 0.22541080372533384 0.23584024446095125 0.21265625162837998 0.18508429177579996 0.19011351826735817 0.1691848910846401 0.18420554828837396 0.17034608901220982 0.20716317385165106 0.2072003124890607 0.22167402217668183 0.21049039455611054 0.18455088465792105 0.17883347811288447 0.16577686375552175 0.15944155108230249 0.15263789335444108 0.16127302857886086 0.1624099550961775 0.20238244062531377 0.2287370002238515 0.21352776503630644 0.21647674388999347 0.18024354717941415 0.1602987415862405 0.14443899455701964 0.178508218874844 0.15431259053809573 0.15448346042260402 0.1738072023901372 0.18858459393944432 0.16141561296963547 0.1432553100128909 0.1146129448967436
0.15155705923333912 0.19805655919432874 0.16555724786656392 0.1837088860092006 0.16846388312785382 0.1859560631997698 0.17092191049159616 0.178382978378978 0.19258545471603683 0.21301673013580436 0.1792699179882129 0.1772012535954865 0.1470272780465399 0.1635953997097794 0.14696059979156056 0.1732887300194706 0.15811502254753243 0.1759902961541257 0.21427207771802662 0.2025261973107667 0.19337398547469398 0.1984804762792431 0.18834778581352923 0.22422068944943152 0.2068553686043371 0.17836449558304848 0.17648671119023465 0.189280308804985 0.21862981191473424 0.20603999080870192 0.2122001614344836 0.22983877298586117 0.19677173485892982 0.18956352189788309 0.18772386067461033 0.13402316280454024 0.15929385452526623 0.12102455203317342 0.1734833069806524 0.18918417341364308 0.13242774131752158 0.1132151891687087 0.14115306646140674
0.1665448093933457 0.1410228074734172 0.17754854149566263 0.17849784576863184 0.15036946307905388 0.16317269832903858 0.12730737848168686 0.12889325168132598 0.1189972688054404 0.1448825717022763 0.1268119540087435 0.1353793905665586 0.16664403323280894 0.14598730199176232 0.15708958939547468 0.16772665971489356 0.20115557858763122 0.21830252751386864 0.19834696152826434 0.18681537409710675 0.19197095690753005 0.1752173193009679 0.22126899170888378 0.21628302797108506 0.2493982519354215 0.2030657613184095 0.19185002768954593 0.1959477840030998 0.24021719011829143 0.2497770806282908 0.21628315618669872 0.19425847715602604 0.20091755393601723 0.17335162192684267 0.17922688092563685 0.12639471799809365 0.12487608043758791 0.13174389270855447 0.13767001271617038 0.16328544731515932 0.17119726682489317 0.1590179024614355 0.13941169317502486
0.1280481474886778 0.12400136320383116 0.13400606947799598 0.10010443550658082 0.14887364577073908 0.13356215865952356 0.1288611106447725 0.08328240510887971 0.09884649729436347 0.09160268879384646 0.10827810117330636 0.12554929704815143 0.16227880244284526 0.14611872991216202 0.15931424903564492 0.17576059674377773 0.18402292645469823 0.2270136694383666 0.20653098946397538 0.20288014606515567 0.21013491659346195 0.19591072615215996 0.21056350526307008 0.263228905161314 0.2473988431754312 0.2433231377856396 0.22374306656376491 0.23834254742841066 0.24796296192692757 0.24419149643921192 0.2574273989819212 0.22044186373197638 0.20548574690836138 0.15393921162815927 0.14246792699359698 0.16377319465784093 0.1335854675148851 0.13595597326860287 0.15182734370804749 0.18251145207837807 0.17110227229293934 0.12490415905165339 0.11191041163270117
0.10268495342723338 0.10865638464158471 0.09851941566023552 0.0988344069737502 0.11620057753548764 0.1099630310176355 0.09929307120989181 0.0966863528437088 0.08800045857393478 0.1393790847426672 0.15221846033088018 0.16649053273413245 0.15175686445606473 0.1706098351702796 0.16895410405614517 0.17430669648411706 0.1758427439324984 0.22741909103805485 0.23806884120174399 0.20442505683259682 0.2155914347219163 0.21077843483453937 0.25537141329014296 0.2778991327285466 0.23591254811051932 0.2324799129084695 0.21963403047013094 0.2431368556205786 0.25694835817439354 0.2755931216555425 0.2439318174384923 0.25282519550847654 0.20096262910566037 0.15884196517223026 0.16030768607090537 0.15392361218989836 0.18922179595900374 0.13615420097791114 0.1480598908431917 0.1510333341732744 0.13649282973554694 0.13276881821917466 0.1242296424862856
0.08912852971058875 0.12161019566731675 0.08459841865040044 0.11058445961984166 0.13403166703709632 0.11363603086001675 0.08587351693603167 0.08302444540241365 0.08420750315454249 0.13375638827565872 0.16134031290609058 0.18064528346666142 0.16354996858562224 0.18277896356142315 0.18763730228436923 0.2059385679206253 0.2165057707233415 0.20118396788566612 0.23380468901861692 0.21822939088410384 0.2723157112396491 0.24812221262474798 0.26234199365135136 0.2871731893529763 0.2736649566246827 0.25472262306323107 0.23505555243682888 0.24615722810167204 0.24917329230105 0.30326861004079375 0.2901463012355096 0.2537706955722162 0.2384191398846674 0.20425913706584958 0.17799097795448346 0.20747168505681104 0.2106557402597131 0.14877268987573442 0.13521130572952936 0.12559904609042757 0.14260706868010997 0.1295071200210838 0.1081259851204557
