Raster_benchmarking/DGGS/continuous/raster-260.asc
NCOLS 100
NROWS 100
XLLCORNER 1743162.6625814973
YLLCORNER 5469287.504443654
CELLSIZE 10
NODATA_VALUE -9999
[rows 76 to 94 of 100, columns 43 to 85 of 100]
0.5417919984539523 0.5192076359975023 0.5084531531896067 0.5010242482087062 0.5182109376971242 0.4620589461524527 0.44961334228451677 0.4217061008170565 0.4163404206736218 0.4370382949536239 0.4593812279105752 0.4692483743461732 0.44327164205512265 0.42705833705800844 0.4338943264472651 0.4010764283309086 0.4055154985819111 0.38719271163273644 0.38252253435224065 0.36374330839561875 0.3586395562847428 0.3550746175542381 0.32019960001753733 0.3164356314146524 0.3281290738961188 0.31101825485396933 0.3182056822746569 0.3222917242618644 0.3375831869194678 0.34371346858059154 0.3236548234516017 0.33517654344719106 0.3133262548919076 0.3115870679299857 0.2975473997419569 0.2600266743849433 0.2561696944666359 0.23570983996871575 0.23654473996085057 0.2554781097059804 0.2530955365875591 0.27300138556403386 0.2904711097530831
0.5078019244432717 0.49249858156476356 0.4788123478442386 0.46077517691100045 0.4507329878206866 0.42544994130829805 0.398004017223202 0.40304129044639075 0.4110830863581446 0.4148229504545577 0.4140694572446397 0.42551079294819866 0.4133845885830827 0.36487796428273517 0.37149572788349927 0.34402852108158233 0.3713799480388332 0.3622002328587697 0.3538775994357298 0.34531759281794033 0.33009947729156663 0.344192626053664 0.33082673209767993 0.310695709494914 0.32218722037023806 0.29109540841483084 0.31873211074433094 0.30875598782616204 0.3039011459943709 0.35354031807263375 0.3361942278944626 0.32400621544280495 0.30010053295851685 0.2617584644969495 0.28020579713117205 0.24507499743092476 0.23498832407074383 0.254952046249516 0.21821317517715624 0.24457680205891683 0.2446769361137091 0.28806631584676573 0.3006725248963951
0.508640474919549 0.4784331394834793 0.45909214053807085 0.4227993932620778 0.4156970775355307 0.40374787570240206 0.38687194239736694 0.3761906961415089 0.40511779710503015 0.37222537049716303 0.3755363662805408 0.3532554457088347 0.3508401264933586 0.3405518441579406 0.31197143965658025 0.3163083831838377 0.3099489679306769 0.2876125285534727 0.2928035592053719 0.323228318915346 0.3256911192535976 0.30931783018901077 0.3048604036037645 0.30110958838059565 0.2853353443828482 0.27849323386205777 0.277697096994612 0.2793947514405554 0.29593494938091613 0.3326905695188847 0.3304865278361619 0.3178007147649556 0.27036276977112594 0.2743998521498868 0.24012598692747875 0.21868790985074152 0.2365296010301191 0.22305235577886937 0.2228924473449082 0.2500077117516272 0.23203006812646368 0.23757884573126503 0.2699589391600377
0.4987187166875506 0.45092850402360457 0.42410083116349984 0.41199586602534777 0.4011638457648944 0.39285752562050125 0.4034869533150184 0.39528065352914155 0.37214524537540766 0.33548868896142353 0.341498062201955 0.3210505287827779 0.29803440082223953 0.2605912727455056 0.29019686237581976 0.28188784102356174 0.26450413362828856 0.2585161311153612 0.2867719031924625 0.2736917370378597 0.3015715092586202 0.2769784636859309 0.28981888852498283 0.2701786491306043 0.27947734401400237 0.2710474951308076 0.25973055482146046 0.29771170152359167 0.2861831290813854 0.30623902856855173 0.307597587600488 0.30656296895042867 0.27766267467921135 0.24237852683974953 0.24570530559977663 0.21217014530725606 0.21589022005644462 0.22242443502062867 0.2286832363055826 0.2377843462685265 0.2333613337052491 0.23991745546912271 0.28810897275017455
0.4902026096721174 0.44339677350802886 0.4294243342792489 0.4096668100372478 0.3841227127482944 0.38199339860515213 0.36270477780608634 0.32266552999799264 0.3259688937476824 0.3248148894664946 0.298323761639979 0.28951582615379895 0.2665308678646259 0.23998538211279158 0.23064855991741948 0.2619999615747895 0.2755312845324995 0.2760280190642792 0.23620736101848577 0.2711986518917939 0.27600610346836413 0.2658287730527693 0.26789630165005773 0.23753501057941703 0.24636302727530507 0.25515656375258083 0.25094872380901145 0.2790346977501126 0.2503001828030232 0.2665469287619131 0.25281079866622835 0.2677424067008368 0.25825860891348607 0.254074509159142 0.23125093460982424 0.24217939074405728 0.22581519686737447 0.22426110519208386 0.2136537135382353 0.22805803378648376 0.2268000761717612 0.2685422184260152 0.26178871774302237
0.45172207505934886 0.4627680137520019 0.4069328631657961 0.39447021790017084 0.38142572408160513 0.3474064167086134 0.3081894664676606 0.28192642097705184 0.2584634143693312 0.26498233156209405 0.2702981111628724 0.2128251761105886 0.23377169091628505 0.2044269194609866 0.21607679283495193 0.2361679351461771 0.2562199707434277 0.2534603719734979 0.24092076288907857 0.2415263643679341 0.2649855642504812 0.24869632854095217 0.2357641859830132 0.20243187886404423 0.21797239842468447 0.24618566495078958 0.25822154725898167 0.2535438500244879 0.2145400971875097 0.21343209686375225 0.2311746794503385 0.23947721343357567 0.2588751578968523 0.2368877808919593 0.24173215900185746 0.21724336985314846 0.23252319692630738 0.20035970506978912 0.23252247780888677 0.247037201329147 0.2644183159557798 0.26647492823718955 0.2604027394831848
0.4729231283333311 0.45875952771482637 0.406576828987366 0.4017556950154984 0.3727795659123757 0.30421053977838 0.28577486805551594 0.2559717978937868 0.2413856492246915 0.24050843833977562 0.21998104822325085 0.19698621864636495 0.19429378934175565 0.19072249593741872 0.18679543479927688 0.1828948166525111 0.19801699815025822 0.2250818256145728 0.21597738094893673 0.20153082133992617 0.21615390407066962 0.20952363591946646 0.20183128012810447 0.18704955363414827 0.22277579667586497 0.2256911209201502 0.20021669871788403 0.20329161227244236 0.21757868050979912 0.2009461424789038 0.20825999452495836 0.23487420337975046 0.22492639498015635 0.2298583807288156 0.25788169265166816 0.23036315706059904 0.25378446267716526 0.22569425534960696 0.2231447584003884 0.23285760724447485 0.24647662710416396 0.263515062412199 0.25970985423092185
0.4366250618294487 0.42684755354212034 0.3944970839241026 0.3980876020038779 0.3406546076577524 0.2752880308612377 0.27414620873991175 0.1911796798989481 0.23058014193807772 0.2309589492333063 0.19466908458793888 0.17161830838139253 0.18140270158871175 0.20478213103134532 0.17178415060476954 0.1432575788225235 0.1847918446871863 0.20122349470866818 0.22177680815527662 0.21248147582393606 0.20539778607673467 0.2116630523051417 0.1646927109831568 0.16043950987169062 0.18387046949492475 0.2048157872961888 0.17359489572888942 0.1772673911169611 0.18554577637727798 0.18766652859380648 0.2009838534650626 0.19023978401637842 0.226321634159302 0.25236130063329987 0.26479213747805197 0.2658955528492745 0.26059500600538754 0.25987116332086996 0.24476453218959204 0.22853153540447424 0.226557591840037 0.2710917093082559 0.281917611713192
0.45029215241404885 0.44293996511308237 0.3982646732812338 0.3591552172609942 0.33248320701577394 0.28267790145476346 0.259072837132928 0.220042218324212 0.22085528260658563 0.2394990489680312 0.22080142908129324 0.19080432800681127 0.19253451233207652 0.19215466011156254 0.17897127143773925 0.19034046986196357 0.1789943386319675 0.20860562035404784 0.21406816267356502 0.18747193983373375 0.20908947975019002 0.18907193039571699 0.171221467952487 0.19312418561290115 0.19977495134283998 0.19656120909222222 0.1911161927364479 0.1824511116679825 0.21321853078456235 0.21059294753489446 0.21006382542400767 0.19684948390758136 0.22923853562565236 0.2458066191633111 0.2577302499233209 0.27286131445363276 0.27405328109822796 0.2744283617612248 0.23499694900831575 0.22626658173335645 0.23191043073113832 0.21320060754615242 0.23996371335710587
0.4118074703919509 0.417870686210577 0.37089555140976405 0.36128177215338625 0.34092517705059455 0.27933147797915786 0.23058368496692025 0.20774115326060533 0.23115801991303442 0.20333423589207403 0.2262289061978378 0.22422499474418275 0.21763083158805013 0.2033989325022491 0.17322887073145257 0.18311238204626099 0.18652968034750603 0.20129284049589272 0.2157509740974366 0.19650133680476972 0.2146123551036871 0.2206616202376266 0.21685914472105064 0.17668732475458876 0.18568804708688133 0.19898171677426493 0.20208500393692702 0.21407534096740305 0.2111889807227255 0.18903852384206296 0.1930125748522075 0.19470961273818804 0.23737015701023512 0.2519459550903143 0.2507904582246587 0.27164205316766277 0.24310486133275452 0.24356900131034306 0.21475045080522656 0.204375664900029 0.23124415254159397 0.18792610202853985 0.19673534289387085
0.4022918412607417 0.3836495566514588 0.3699486126335995 0.368771705387414 0.3312853087953839 0.31229806560036766 0.253805969971327 0.22738859860239022 0.2255485528206833 0.25645876573949516 0.2476484073814219 0.22486080711639186 0.20899648393221473 0.2002724083236358 0.20601984349421423 0.19090509632897543 0.20716037929860928 0.17996297305734324 0.21066458753985715 0.19745552295729574 0.1899873816345193 0.201127811644782 0.22180417306224334 0.2222039702413745 0.22820809869729766 0.20198336967087424 0.22197620346104885 0.23379537092860936 0.20983465243703167 0.21764578741460322 0.18984004710296107 0.22793402454555486 0.22833140157358914 0.2555788279352977 0.2633851823451965 0.27746834437258966 0.23135930143900235 0.24397653498162078 0.21261692786914194 0.20987706871827688 0.21722283296886036 0.17741973476873965 0.18387918923889482
0.3682346132996501 0.36624979414431597 0.38949847395591175 0.3955296725981216 0.3364986511459054 0.3091444493457251 0.26151098833036135 0.2539101656575118 0.2366970719512683 0.2700849941218046 0.27897530920467484 0.25758403868081897 0.24123733364506775 0.216309972135081 0.1964921496708324 0.19905473136740975 0.21257120154468234 0.1760060311548858 0.2038231790668212 0.18263712812785562 0.20629598917164457 0.1965214536667017 0.21272641909991846 0.2510173468250292 0.226482753419293 0.20752828502189413 0.2176426087726885 0.2481365389635993 0.20330039084309948 0.20124272223706002 0.19905973874007749 0.22873863158946106 0.22441909785443073 0.25935471616484224 0.2736120549416524 0.25698346709975284 0.24112483818923447 0.20353571204166288 0.20843956494027296 0.20467089954214077 0.19275212285309754 0.20411894614974346 0.19931350086834956
0.3693087349049445 0.3734976931675065 0.4033674625036637 0.40781413795392873 0.36567805206628934 0.35120903087134686 0.3007974904281638 0.2864029693835577 0.25872533378325063 0.24693304085804735 0.2556735924550362 0.27559132437715717 0.2588462566510511 0.24926163101284607 0.2392207392972535 0.21409130059510942 0.18522412472708796 0.1939655027340001 0.20186988090338395 0.19939216752708672 0.2227369341935547 0.225096802704096 0.2181566459810647 0.22412768451596146 0.2163234482697757 0.23592513596842693 0.23997819376848972 0.2352513616634991 0.23276303685213792 0.20620218647300598 0.2279513808239703 0.23460183713970378 0.23398133643864946 0.2352709419372535 0.2293350671193184 0.22178090143307766 0.21431700291318198 0.19133082070910473 0.21628439668896693 0.1892544170909447 0.1871883155610235 0.19804594794952285 0.19236796312001445
0.3758938297980785 0.40582800946549596 0.4223081128591666 0.38005860914671413 0.3699279462922706 0.365120472372979 0.3166322014798193 0.3202513879040258 0.2691150731614092 0.2513154399644892 0.2657418907092351 0.2516260418586435 0.2587056188777712 0.25116455734604365 0.23596012343966655 0.22920532176230438 0.2132338969801147 0.21905154914527902 0.2196146626959042 0.22378448284285812 0.20204536966226827 0.20943030424416512 0.21640927980181102 0.2224707323943872 0.20300586189125505 0.21154692713250253 0.22913961819222914 0.22759254346000882 0.22518460656815062 0.22351541200357988 0.20890413751512013 0.18758401673918731 0.21126204028579096 0.21318521896628598 0.20493450108677005 0.2245743257395712 0.1983219029963466 0.21317206986284232 0.23533983090344637 0.21659938311599375 0.21959633412610535 0.20123610933507838 0.1881484949413373
0.40696931222443394 0.40642908243393455 0.4156602120093694 0.3730729667399296 0.35989335253575516 0.35644360709775147 0.3596416470444703 0.3340419010314719 0.29443171155037656 0.27286362000223024 0.25761248929551084 0.26570982286831735 0.23570828331817234 0.22347003216491818 0.2233828243919507 0.18561185917470535 0.21294495034330502 0.20181111738096696 0.2048944418094822 0.208478155547302 0.2244080990390345 0.22941436089173955 0.22861766827633648 0.23544335245526504 0.20237024644412785 0.2014319274529763 0.23039044472478779 0.2018011891494744 0.22539870026043074 0.20822779834022334 0.2175691954496503 0.22881002816644855 0.2056200150994607 0.22581746149182008 0.2130638154933645 0.19461411594568395 0.21049574625231066 0.22145303809786415 0.21068669465811055 0.2042866082042227 0.19667613900270003 0.18925692175551867 0.18910460241805485
0.384044870651468 0.3929088571668603 0.4158767077540955 0.40417664409194287 0.3553097696805655 0.361692063594068 0.3512709325834265 0.31409130070615016 0.3015446165475067 0.261833826308176 0.2436040287027168 0.2666935985354173 0.24405848413505113 0.2529540042234799 0.19575479136891583 0.16289183007864158 0.1732465963825916 0.19867585299065024 0.20762655346121026 0.2236724406270802 0.22978956443397835 0.22059375240452736 0.22466229320535355 0.20977107556662708 0.20837751848383 0.22791188063593362 0.2284872862303586 0.18916652176123816 0.2370725236019208 0.24203933360725624 0.23590808506014052 0.2312959747910974 0.21246400210902155 0.19148057900173268 0.2077950140213031 0.18143584258155493 0.20401603826227654 0.1745450243361928 0.1954003783726199 0.1633745901081743 0.2007446334904793 0.1942286710734656 0.18970176734664435
0.3910935659988226 0.40415565939803266 0.40637419924905566 0.3760487150474608 0.3593999839850842 0.33695875508233736 0.31574208086028777 0.31275787335589467 0.2885579437886457 0.29559028042749746 0.2709675468245318 0.2404429709407949 0.23780741384856677 0.22591634235937136 0.2289827260370175 0.20982379365816173 0.20324480851310844 0.21400873338755616 0.19778854530819664 0.19645860533513673 0.1945212011934788 0.19092595083488184 0.18910435841180806 0.19155998157804657 0.2249922031970158 0.21095057203901482 0.20226382859194 0.20652595822802625 0.2256134417276966 0.25356287169237546 0.25809041567554203 0.2630380200593663 0.2411322455335936 0.21380603035162715 0.22074122123284504 0.2082178646078821 0.1917305264458368 0.16415988989998676 0.18496160146927915 0.16793239478120564 0.2012941473140063 0.19408246087910824 0.2183063001781914
0.37036287599457424 0.3745746716904748 0.3679385919637265 0.38611107594795896 0.3610270607540302 0.31249102642908194 0.2941828719382385 0.3178394717322635 0.29274525580661775 0.2786069537091484 0.2573791230363383 0.2604108433981384 0.2468105095036403 0.25542244401976993 0.19314679535872575 0.1661422278262618 0.1662259220203329 0.19892351072278738 0.21137547598817694 0.21924627128926502 0.20097345347427695 0.18731633183308188 0.22068297779000787 0.21108143932196544 0.20891889712664619 0.19968528985454573 0.22132225180598147 0.21841108041304025 0.2223387663449982 0.24880598415726585 0.26089957972229805 0.24291948128211863 0.2606933984641695 0.25112377133093056 0.24698004103850327 0.23066807882812113 0.20625822298619112 0.18131494221019673 0.1751723722012159 0.15600432850322707 0.18617226978561172 0.20769454297441042 0.20600298982546475
0.37604623351474425 0.3473289718194652 0.346710113938269 0.3507715572832488 0.35138824742869745 0.3254871416355002 0.2998833827393808 0.2633062602255388 0.2793090240131479 0.24001343293306632 0.2490424458030768 0.24754215506728988 0.25022002544889194 0.21875914293746945 0.19186761661083324 0.16632656528871803 0.16719360282781554 0.17304076515705713 0.18454314741594344 0.18608365975324612 0.20825656425617736 0.21973762581206993 0.22020424139174483 0.22304993623097896 0.22149621405991976 0.22484927985569522 0.19950970413572414 0.2283472611932532 0.25399712888057885 0.25248368678238525 0.2484745300920659 0.27061802664295054 0.2628865003127602 0.27067897062830437 0.2332943301374128 0.22942163522687073 0.22012137203052684 0.22603038303026657 0.18331334728142543 0.17107316284435012 0.19502336654201913 0.2066787360472517 0.19797536480781808
