Raster_benchmarking/DGGS/continuous/raster-405.asc
NCOLS 100
NROWS 100
XLLCORNER 1743153.970799325
YLLCORNER 5469286.199125829
CELLSIZE 10
NODATA_VALUE -9999
[rows 57 to 75 of 100, columns 43 to 85 of 100]
0.5174575265350286 0.4891234511677159 0.5045428073308504 0.5018284703089148 0.5022576118035316 0.5293830430041004 0.48085588721019734 0.4664982130241399 0.43476668164321036 0.42053913919429087 0.3443573094464035 0.3384471655315978 0.29360881856881355 0.30598373201553264 0.32375393337159714 0.3074629641718573 0.3137982718904808 0.2966491899899405 0.3025252324971409 0.2833798037267475 0.2763552400253705 0.26220922525748347 0.2976055949470399 0.35217459939163975 0.34622423227821164 0.3981501406042333 0.4357457485923432 0.4326109844048255 0.4703802498844652 0.45707258162475184 0.4551314003823759 0.46424396649734634 0.43005224718687274 0.42878007497925213 0.4466169497084513 0.40788646696406605 0.4207012642960678 0.4236198027138143 0.4243657345963786 0.4261791502456632 0.41529387746865165 0.4055427129035718 0.3967989232134766
0.494572988819465 0.47273333123473993 0.5142847271927256 0.48074527123689687 0.5143064987431554 0.513867741465345 0.5066561614448853 0.4467257922066579 0.4113509779362665 0.4128051255245207 0.3443292727625292 0.3251564526401213 0.34957089733660157 0.32797487978903334 0.3085653656444965 0.3072644556144973 0.30410688675273295 0.28126048715059293 0.26010360289327383 0.25602238043987174 0.25469221242314916 0.25920772755150934 0.3048569767118773 0.31658733236769837 0.32166047413993976 0.362348782695963 0.3758911782970467 0.43569286034044685 0.4443238365092663 0.4319811660725211 0.43105031983479974 0.43783462081304114 0.45482101504168543 0.4506138276143992 0.42370283407800324 0.4247559795176485 0.3972768549863981 0.3976138938153569 0.40203203794754716 0.3846989829057254 0.4016236310818347 0.38964201103320434 0.3748338732826233
0.44938219917960587 0.48230121084119193 0.5151676110101194 0.5035679112495415 0.4971553773719851 0.5082781157433615 0.4969181412859282 0.4809449259681138 0.4412368260816069 0.42694760616862415 0.35553377503510236 0.3375126591034555 0.347154395949612 0.33796754020020914 0.3002730340068944 0.29915875637112466 0.2690867428428306 0.29070116524789896 0.2778541480658468 0.2540492115738136 0.25141317941484775 0.2826467205441707 0.3066759375726516 0.33198844267217503 0.3540098539121623 0.3614284053554396 0.37444142106465583 0.3865325696881963 0.39996990541130006 0.41749950859979557 0.4716323481420882 0.46503282032549437 0.4552320125260989 0.43477074161608154 0.4212305298541671 0.39917969396561986 0.4338171873076763 0.41059836416339457 0.40895651447877196 0.36135247895150335 0.3919742832195334 0.39518822271566345 0.34588486401748453
0.4788877471789555 0.49101678164566204 0.5281399024797272 0.502482853323665 0.5184916012045334 0.48456442929368465 0.48789912455100226 0.48866729327684016 0.44293574812223163 0.4167103773365918 0.40829533441990445 0.37104825911826456 0.3808101597364225 0.3384480895120489 0.3375234385968948 0.30053521762883584 0.29692257997216887 0.29106023095873296 0.27290693581849623 0.28868575126558077 0.274815362672571 0.2938933953959433 0.32263837929094186 0.3390953125824048 0.35858674598413787 0.4049265602805785 0.4195010760276817 0.42899859812760743 0.4487698975408617 0.4246857816186981 0.4200789408254634 0.42290955411764053 0.4159701465489333 0.3866108504160901 0.37357538021812775 0.4226819905046501 0.41446270092883974 0.40575516777048953 0.3696891125127782 0.36690408756610876 0.34095555291859314 0.3510355863572561 0.30534264582321335
0.4282661922819643 0.4644697499768946 0.5061483686852764 0.5206364933513681 0.4985624037750383 0.5170564312374413 0.48521871724087196 0.4648210925551225 0.4489802908040357 0.4324834881522854 0.45256295262346363 0.4251334587177051 0.3694314413525234 0.34132070476006127 0.3703370390213275 0.34408960308644887 0.34101236863001794 0.33546753765623427 0.3384807167128959 0.303781400364136 0.32115337286387524 0.3291692135307785 0.3666690730546836 0.38332868434071216 0.38737063615209383 0.4048184022078149 0.44250049554739135 0.46028862287358213 0.4488391542326336 0.4678746671913906 0.4597838018261169 0.4491547648747203 0.39179879570838466 0.3856939901158777 0.3606062985274896 0.39901700342593904 0.3960955578398865 0.4003023185620142 0.37160069115782945 0.3312380043199781 0.2943571063310857 0.3005350580348426 0.2820477274077705
0.4858438454441977 0.46697602600342214 0.5122598466094745 0.5132367700653724 0.5113222136543969 0.501011358343169 0.49107607817358795 0.5058256312012046 0.5003628443908866 0.4968678126694806 0.45650021321069406 0.46679968237258535 0.413429839952142 0.3807575947379695 0.3908060357958513 0.37193292365955927 0.3785124259264247 0.3583553376519622 0.3621373530611262 0.3297966266264583 0.3347127938635975 0.3646967126896241 0.3700579742752742 0.36405855647977 0.3908484513427731 0.40079800948394634 0.4153102430783393 0.4225264273039522 0.4457168937560958 0.4510436074863515 0.4274810885509952 0.44723996718456943 0.42235001586110543 0.3772770350163958 0.3601160043632976 0.3476883361478484 0.3901247456880235 0.37748987995370475 0.3773604102812529 0.3306822818470557 0.3284530837405506 0.2933143243491355 0.2983326486969313
0.4949487222144241 0.47882549140497316 0.4843431155955558 0.5125763029692583 0.4833576017581913 0.5162431535982591 0.4852173566633694 0.5114508655245755 0.500259122905441 0.5317993198298392 0.51317271318007 0.45729383800486206 0.4473574713466429 0.4501852084286331 0.430274656851022 0.4294702016491281 0.4153836614578238 0.3509296421632407 0.33939160380116506 0.334218625692199 0.3159859082558218 0.35218816755094745 0.3520033176538497 0.3949962387188439 0.3818924248133967 0.3700796676489426 0.393471936830889 0.399249008087876 0.40821896399563007 0.4310724087859777 0.42459315030936023 0.41951615195473924 0.4054676014984131 0.399106007471624 0.3546646778173542 0.35905660163475756 0.3364530240842945 0.36317813568224255 0.3654406676670383 0.3520668150073043 0.34393876286186126 0.29921436879809066 0.2710332466749332
0.5216187444348844 0.5174795595740395 0.5363420926472597 0.5480640791838258 0.5404503566418329 0.5373595557954404 0.5506301826294188 0.5183892899037547 0.5216877001626629 0.5182479238416724 0.486394307024552 0.4755357428861261 0.49207404124308923 0.45572476022175584 0.4401700961066334 0.40564024440677937 0.3939398903867428 0.37907170044150496 0.35568311273471864 0.3319744243448387 0.3375406317650704 0.3692866677533736 0.39482160839273 0.38531948164114393 0.37832136197227806 0.381940638597382 0.3595395367063277 0.3645111129852455 0.3955594662080692 0.392858894179197 0.4064985340489417 0.4109995480475437 0.42128764569246846 0.36424280112891366 0.3362278518025264 0.34433363674175693 0.31998487855060675 0.3555589028564276 0.3197525149217698 0.35784872869788814 0.31792086123074204 0.32755729442620113 0.2835072640416114
0.5786603728467663 0.53950934634711 0.5445241549807508 0.5624001750522096 0.5873118550273708 0.5682831529505132 0.6000043325507203 0.5489407247938 0.5602338635147913 0.5390805368358818 0.5043897650597813 0.5063573389192362 0.5069750163378886 0.46899022565774956 0.45595665783270967 0.4188004036910207 0.40022359145654435 0.39752659434838805 0.3843503583079223 0.3533145170845471 0.35220212972407045 0.3809623008261468 0.3742796357269614 0.424045782973593 0.38857184602797634 0.39228362120318533 0.3987378131880943 0.3899911784010139 0.3586312622017562 0.42907490607826276 0.4384734740631267 0.448963111264619 0.4416212506178002 0.42157594717664 0.36141721948841427 0.358985439020004 0.3339772587104084 0.316276358720132 0.29806593246781155 0.3286258160106169 0.3244273116820478 0.30717357974924786 0.2969083289596647
0.5670991809519069 0.5583480706213501 0.5685844277076223 0.6012739553380554 0.6268380050971113 0.6300797540307325 0.6028909124352604 0.5851365220506013 0.5645792185389384 0.5552358064425584 0.5504684725799447 0.5021291779653883 0.48419629741827724 0.48160628292133467 0.4628347554721984 0.49288434662494796 0.48809851385795117 0.4533370037994508 0.41075937273916197 0.3876932892534402 0.42205934857265204 0.42080547242485966 0.442277635964817 0.4441012608152648 0.39719048871573936 0.42106193222701294 0.3796263795442486 0.3730634296406132 0.3776599905962502 0.4262785215521994 0.4087284934296463 0.4267178487198858 0.4218055756000143 0.4140039450245512 0.40382667415659296 0.37370929838496175 0.35419643469917433 0.3194625948683504 0.29357761439392244 0.31339081662882035 0.32227315442235616 0.3164329225164107 0.2955969940958727
0.5358779058311341 0.5785277008630174 0.5829386067947442 0.6030437222716314 0.6511799527848174 0.6443181470425478 0.6418675588800159 0.624028600688246 0.5868552156329243 0.5555901130286562 0.5532908244120174 0.5497453801813433 0.5141031141783441 0.48823784453167035 0.5047447587358397 0.5241703111408104 0.5242329638150792 0.4780848494736008 0.46360467325602817 0.4498648075891742 0.4207740892734188 0.45973059826793683 0.47052970411166783 0.47295341339792335 0.4399486172226049 0.40894198394957415 0.39778902728893956 0.3977814473507884 0.43207924208555143 0.428348123881831 0.4215918985450144 0.41292843040738314 0.4261900351120426 0.3878870837111339 0.4172997230583354 0.36313629757265703 0.3254911624993393 0.3002111882725998 0.2705398575735236 0.28801358896593504 0.29444960706526563 0.27975680248929463 0.2527208862379092
0.5466061447001751 0.5827034024172337 0.6160702934941605 0.6395801630095901 0.6503736457778219 0.65333430093748 0.6446103826567586 0.6226739078461895 0.611641519806913 0.6081178070727561 0.6101851766819424 0.6031073749337645 0.5664973058697296 0.5338180021130705 0.5547825103958469 0.5917452106151849 0.5970592698709082 0.559748865012867 0.48685875708661835 0.48619415168406255 0.4764900177175004 0.5166406596925796 0.48784174311385387 0.4795455007058763 0.4610490872654662 0.4283854229315849 0.43403868767639636 0.4512610328033005 0.4739534367816217 0.4444625889694684 0.40590374382263694 0.4236750577460313 0.40039318361157467 0.39450656561080694 0.4151846995212813 0.3895875690653456 0.3533836430541151 0.28263627940816405 0.28066840108753544 0.28577361163037074 0.24143586386654015 0.24018728077449142 0.21611766608557503
0.5524601688433236 0.6197346324691693 0.6386263539567432 0.6382442117200914 0.6326347802533715 0.6761659080823231 0.6501996906596539 0.62950090663306 0.6756137963288482 0.6166038195912596 0.6343828177433715 0.598821274864538 0.6075392922820491 0.5751213119987993 0.6094607572982805 0.6049332872574372 0.6239238566386407 0.5693852354993276 0.5310873786741307 0.5535832004358453 0.5541374160995777 0.5509917694318989 0.5278582750798781 0.5285342908394378 0.49222957706183157 0.48118314278382524 0.477363614070893 0.4970270930089303 0.48540423561045487 0.443125938720203 0.40525224225847906 0.41177748220601285 0.39483393390145693 0.4143188420196235 0.43249481065294 0.4322161805953992 0.3760818549284943 0.29585459345050585 0.264092762434386 0.23310948030343356 0.21503132017330778 0.2287739831319811 0.2268738539666731
0.6357807213569096 0.6402789526556711 0.6282463365269148 0.6644815302323835 0.6559974834380851 0.6898310368093483 0.6946781110462784 0.6645722059129409 0.6687420630255461 0.6418251310111693 0.6425348387695711 0.6514900994654896 0.632762798541768 0.6356893147731222 0.6425731046067237 0.603859757044492 0.6178795618159909 0.6251832129692859 0.6171129212059555 0.5720416944856115 0.55755040189714 0.5346589665009106 0.5178353560145097 0.5108274252281949 0.4914508217581924 0.49543461635593117 0.48730716066830154 0.47398638999356313 0.45460162425142114 0.44323362784635034 0.4315783215827626 0.3893403443077065 0.4063034406799433 0.41292236931102844 0.4030511609572653 0.42492889287091445 0.36298819292716633 0.2933855156787982 0.25254526373944225 0.2733884871149966 0.23201557653228455 0.23357207682219241 0.214647899695062
0.6583390455480981 0.6437817000947323 0.6676736035574906 0.7000817075917578 0.7082231048679711 0.6872156463554916 0.6925906058256991 0.6801789406163745 0.6792223411454871 0.6564667960054571 0.6743243640657904 0.6549395026144486 0.640139851331643 0.6250954530499406 0.6294775849148004 0.6483381602166133 0.6359779678901724 0.6625904043455608 0.6592262739940369 0.599673094787792 0.5576529503362906 0.5354392513885994 0.5528735992322835 0.5451123657399739 0.5715333655000956 0.5608245176786507 0.4996836251223876 0.47855929817644 0.4288895988543541 0.4520145671718163 0.40769790875773226 0.41196872166898907 0.44595647341295186 0.4352454579047632 0.42693059022206453 0.4217895580340815 0.36605379772546665 0.2953199540596723 0.2723702779751033 0.2323841007175742 0.24376466009835157 0.20262803628597453 0.18900631050612227
0.6495147941150129 0.6669528921851288 0.6703946663832494 0.7223271146906676 0.752822136200533 0.7313106746962516 0.7032292398211918 0.6799350689725007 0.6835657989535673 0.6986988874579426 0.6898129624395136 0.6828990079566858 0.6916088150859013 0.6784727115521295 0.674120450080307 0.6342366096111948 0.6322297124289604 0.6582495812077257 0.6363391946644156 0.6178274531207641 0.5759870687390215 0.5835720496571184 0.5749432046161801 0.5999880501456036 0.5870337831626729 0.5814924236262355 0.5431433214662493 0.48278241623640616 0.44086968023961753 0.4366001964895066 0.402168640121684 0.4169810656476664 0.43070171217751313 0.4183687215305834 0.40581367521549394 0.40850428150898954 0.3564485328262877 0.3041566758109662 0.2439160111507956 0.21736016944512454 0.1994212930427354 0.1887962967744111 0.18911290126066932
0.7141914399754864 0.6966769707080865 0.7230168129246365 0.7177339135317417 0.7463484444353582 0.7392251210013876 0.7358998298731424 0.6843742169444246 0.7001519683820415 0.6724305225594291 0.6895580897816685 0.6756934885122297 0.7294357686081687 0.6732373667697306 0.6717510386127763 0.694261981004261 0.6543862165646052 0.6892540292083713 0.6831017075318836 0.67057801571598 0.623974339776348 0.6324680779557361 0.6210059029233983 0.6263977868266414 0.5920515390208185 0.5899437603510612 0.5802310279626787 0.5174231696287838 0.47791431917113325 0.44799535384117634 0.4519856379961316 0.4502665938732573 0.40517718550532417 0.4204396920187981 0.43987036670832513 0.4137503898266564 0.37011357984440457 0.31779068144968925 0.2581371743948926 0.20053727827188936 0.19513254296623464 0.2100254718261662 0.19636299846360045
0.7568625110183037 0.7682585201098295 0.7782934203291816 0.7571349853674494 0.7697631119306495 0.7662634174691011 0.7226042864949246 0.7072567063451893 0.6977543965392199 0.6930998761961393 0.7066412268274697 0.7060851081006471 0.7366225234856637 0.715797356195162 0.7024845799745032 0.7146381003811412 0.7351525260100891 0.7135287552228509 0.6866252161467415 0.6621863871916726 0.6402255801277215 0.6751008060126843 0.6549183790320294 0.6257102738001952 0.637139682941406 0.6231697687875821 0.5934291037474154 0.5484064700608036 0.54498951746766 0.49049600699222173 0.464444130535715 0.44310293737100864 0.44032389734220245 0.42452250416893306 0.41461743971732 0.3852044600106689 0.37413971014227027 0.3480114490740084 0.27409908686388407 0.2367122352675413 0.24364349196431503 0.20293792161384003 0.19300847164598894
0.7855252450245567 0.781075853899396 0.7823434352489356 0.7815816852611213 0.7615143862858671 0.7466587669729089 0.7381632008087476 0.7529361413472536 0.7461429151248521 0.737404341315527 0.7369004297065204 0.7140546337466167 0.6973905976901607 0.7063523581126112 0.7483139767670255 0.7333048186755163 0.7740601833104087 0.7683903691137187 0.7128383829572444 0.692201534642404 0.7043214559873905 0.6940790327553433 0.675941591884317 0.6886423693231825 0.6586499154178481 0.6084772594679494 0.5899206397728421 0.5825334190338687 0.5872234208668844 0.5427828411298928 0.4952696404465701 0.49018257169901114 0.4884687462853874 0.4681697193146053 0.42095207093326403 0.38346899269890267 0.3297964444250558 0.33900804733576295 0.3359453898068818 0.28407915516817583 0.23554089750549037 0.19339990486539144 0.18225967635500653
