Raster_benchmarking/DGGS/continuous/raster-307.asc
NCOLS 100
NROWS 100
XLLCORNER 1743150.9011302511
YLLCORNER 5469283.458061885
CELLSIZE 10
NODATA_VALUE -9999
[rows 57 to 75 of 100, columns 43 to 85 of 100]
0.5574786963657787 0.5704207715778524 0.6148336681585563 0.6198520849390249 0.6728349826521769 0.6857320954114542 0.688717255462359 0.7423440994651398 0.7575938966709573 0.7409906336842872 0.7390157317638416 0.7413186934679268 0.7391448825967891 0.7844211447790992 0.7297861977355891 0.7224088264935336 0.6721062891177437 0.6847948853181305 0.6791912664664261 0.6844415356285112 0.6736625316027471 0.650463684219542 0.6065488363501346 0.5765550810742047 0.5422089251021791 0.5252843984783465 0.5995399436538179 0.5969275689948609 0.5834980303916886 0.604512049368893 0.6307502059369007 0.6774567224120912 0.6648225823751693 0.6112368374764621 0.6002551031203522 0.5656212684491216 0.5682287780060694 0.5555308310669989 0.504029136492149 0.4699770004456505 0.476549514954133 0.45979838948394064 0.45826111513526757
0.5601346315796445 0.606950292618605 0.6340348473743292 0.6621654235150229 0.6898834655894835 0.6739872567827543 0.7262646936072377 0.7344977002230091 0.7491038921508114 0.7889544344095535 0.7558602574872638 0.7660423416002468 0.776510222689753 0.8098698715083379 0.7513882423314544 0.7456196696583975 0.709591703195999 0.7125750864154579 0.6728004595188554 0.6913991517196904 0.6511240927970985 0.6746337468692584 0.650804269972847 0.6014961709202563 0.5571666859823602 0.5713973060649101 0.575346485508173 0.5917829030154512 0.6346362500744183 0.6793750543048649 0.6727404304171267 0.6733829521221664 0.6283548666541953 0.6118656445598003 0.6068101055915268 0.61137793180265 0.6074075319139828 0.5791613469688811 0.5219933699126706 0.4673073502657786 0.4405940162880717 0.4309856943068629 0.4111400117425511
0.5442071568647597 0.5876058017527827 0.5933385303191713 0.6531499486407493 0.6473927611659825 0.6971940082392856 0.6835348149618571 0.7511180286707881 0.7683365848826885 0.8250563379347775 0.8021553813624062 0.825244254652012 0.8428616596227639 0.8705244618111282 0.7989794625714973 0.7451098972512792 0.7288299244147354 0.7026064968535539 0.6842215797367258 0.6800416562504112 0.6625806699288652 0.6674489248629775 0.6277511803036969 0.6528801634580822 0.6011350177867942 0.5608907924583706 0.5671234504690834 0.6491238002027435 0.6354506590145961 0.7039941496957313 0.6508714736551431 0.659803263514047 0.6251716394663364 0.6472834108405788 0.599978689997336 0.6322291334547259 0.5782089794438909 0.6100766401925292 0.5246019072733387 0.46033621565381927 0.5044224396954533 0.4935151555576231 0.429926955060338
0.552212672358296 0.595725229898186 0.5943406145140313 0.6311432810155247 0.6173732252128391 0.6610409379387246 0.6798436973414876 0.745722174777505 0.7362260650205894 0.812620677440627 0.8219047510273273 0.811938350550371 0.8199516548950754 0.8077085283230621 0.7899117984170182 0.755215613265841 0.7327960580222873 0.6950616930765688 0.6909559891085693 0.7292492441148658 0.7033083591616741 0.6685393334802007 0.6232565132137321 0.6499796359115699 0.6090505208818954 0.5789297571597708 0.5860764983884446 0.5890558765879174 0.6209663693917344 0.6432734774952645 0.609756319971872 0.5895833028291596 0.5906887144974063 0.6010959247885219 0.589175414993966 0.6086879304545189 0.5507079690005214 0.5433241408515318 0.49104193757730386 0.49078631092863334 0.5041237783800057 0.514068332083446 0.46667484012648247
0.5453970966396203 0.5901726210477097 0.5704170608540939 0.5677390226220665 0.5826377604103368 0.6538169693066581 0.6533599727914496 0.6977435300379584 0.7456956595334552 0.779487756495194 0.7940001398295998 0.848157103705718 0.7903763355967408 0.7752200579981402 0.7495927094907265 0.7531219095575141 0.7225467385789153 0.7431497064719538 0.7076094006832181 0.7404221062915883 0.6904397457836422 0.654128470985554 0.6729843466427549 0.6395195983810124 0.6232566899028776 0.5495672424691341 0.5766165062810763 0.5881033200011716 0.5863175482713056 0.5735511035750127 0.5814908449004943 0.5552944322908332 0.5775870082306225 0.5936011240339847 0.5820554209321986 0.5453563465985736 0.5606163051587153 0.5337672307173763 0.4896546397750874 0.4715846807082114 0.49225186131284443 0.4857132123632166 0.4584252064841002
0.5289839495356223 0.5663825564023225 0.5626334868046106 0.5723380883583685 0.6097295186204618 0.61811545912016 0.6443127199616961 0.6950578041377717 0.7373057784587577 0.7434865187312473 0.7619631272141286 0.7829448075472621 0.8223590903017413 0.789807586644028 0.7669193381271553 0.7522993002638247 0.777126479450983 0.7726289197040069 0.7711553103907004 0.7369614638327929 0.7256593971863857 0.6587342193397411 0.6542145670426868 0.646959804264464 0.5803862541687361 0.5607448213375067 0.5437883015594235 0.5425092564763251 0.5602146600995918 0.5781928580628827 0.5774301909264293 0.5828242617405964 0.5448445840105227 0.5302410025820734 0.5154632881353712 0.510042185431511 0.5125287499929946 0.5066100172758492 0.5061529780853072 0.46575166997589634 0.4900541425036653 0.4734357466335618 0.43737890602197194
0.49389492505421917 0.5498386839646069 0.5823323376200863 0.6129944454993905 0.6375310433109085 0.6200372663711988 0.6700039413992653 0.7062855198802931 0.7266968603362967 0.719485446052376 0.7794089402502272 0.7931234177054777 0.8072498665476503 0.7794172559669245 0.7753783458429653 0.7346876758192683 0.7815327129735803 0.7955931052022218 0.7741144765393214 0.7655875733350378 0.727782187233223 0.6903762928529548 0.6326708404688381 0.6016147737774808 0.5413766567929033 0.5487344749062523 0.5480029704007968 0.5366523374357772 0.5219570856467834 0.5132289005395319 0.5325992807540889 0.5854291847049843 0.5807710847436784 0.5498460277626511 0.5082798745367801 0.4723256029383123 0.4526981889216324 0.45161970016590314 0.48767318781687213 0.4878141966993118 0.4648864482008509 0.45047254205897397 0.4205316864180233
0.537968079683022 0.571788654608719 0.5906979840022272 0.6480516410728306 0.6549551208135679 0.6437968290210822 0.6635764727021732 0.6771485826751309 0.7113568653039285 0.7334950202583517 0.8017023595160009 0.7881290639946703 0.7916389885030123 0.7504644828694265 0.7286198205270934 0.7445927472409757 0.7320769469765303 0.7746105817370194 0.7621256384378222 0.7424337991338259 0.7221397431729413 0.6762463462778477 0.5908291435068047 0.5929296557870859 0.537949969073911 0.4903114981790397 0.4949136961698748 0.5304823552129414 0.5162827769208228 0.5585800668940928 0.5434496067486615 0.5776798467467797 0.5448103225134246 0.5499148875187265 0.4921070379093079 0.4733633568216208 0.4553457408303668 0.4347429411846789 0.4612355477175565 0.4853350616185779 0.4283402917531992 0.41531795347473993 0.39845392788960005
0.4938369615152546 0.5285144242586796 0.5914379555243393 0.6199260955225705 0.6563150489632892 0.6614462016611119 0.6832067829503864 0.6988380282931315 0.7469463017118814 0.7812556684974663 0.7824422863188436 0.8009226943433496 0.7635282384601934 0.7690463558823938 0.7376392878311518 0.7368210979399941 0.7287063612645659 0.7403652068789811 0.7377352332705547 0.698533727619407 0.648001074571449 0.6249328559186157 0.5783695907582984 0.5536770015301813 0.49147398057273006 0.47730055879819966 0.4857741631804572 0.5032874983562641 0.5028367198258631 0.5552176691260938 0.5143549423698353 0.5309256205909333 0.5084736189856238 0.539374552071796 0.4696026031370178 0.4813093965687325 0.49241553966949964 0.468043087681576 0.4625921584654821 0.45422639751612526 0.3987624129361133 0.42219376319455587 0.4011750359456814
0.5029039235195496 0.5302450086516968 0.6052918757319021 0.6043224522360587 0.6455697268854766 0.6811946522844741 0.6998651345699881 0.7328267747639524 0.7178173426844137 0.7547070253583475 0.8075041748623373 0.7831908651526406 0.78385529029107 0.7747448849167785 0.7411350537217916 0.7448814584525583 0.6969573779154234 0.728809294460355 0.7135743446668025 0.6514147582108151 0.6386079249071165 0.6317054474658259 0.6034364036718752 0.5455729616613446 0.4914585130106484 0.48390046177525414 0.48837898471913294 0.4972345548490013 0.5119948449810243 0.5098703675165729 0.5117694432064227 0.5187286713600585 0.5165254977467189 0.496639262729881 0.4650048258996301 0.4532491372186857 0.44655672423293147 0.4429983024005432 0.419654273318033 0.38479857117741795 0.36569639538202336 0.35800294702104224 0.37727708972854673
0.5025527566016069 0.6025952144908322 0.5951101176849566 0.665094212963811 0.7027308963313313 0.7429830082075377 0.7317851170471656 0.7153308764968522 0.7333747354580102 0.7910647718638266 0.7637515116943705 0.7980614605068254 0.7981863459362495 0.7892992836681625 0.774661548324991 0.7286648809934216 0.6933294027251765 0.6643169136641974 0.6841454613317103 0.6300416170586185 0.6317512248902499 0.6535729958021224 0.6250148489159102 0.5298787768612654 0.5092433185363668 0.49266827611091707 0.5202275834224763 0.45325786672639906 0.4779647048954996 0.4989177759755962 0.4716170749577487 0.46557331076609987 0.45799589304868193 0.414353886594848 0.4560068078477447 0.43256684233336967 0.44886649103441645 0.3955345327714656 0.4047521455206053 0.35141608809260555 0.3364652801101598 0.3560241480903395 0.38192489183068834
0.5360747893497705 0.5823433633155054 0.6231138539098522 0.6787876305971998 0.679165920971485 0.7234967885038942 0.7393271181971094 0.6951981824721732 0.7136806192727193 0.7394303025159411 0.7754645674083908 0.8141762617883855 0.8121139982231684 0.787737626417845 0.7189225413105597 0.7314304472498636 0.698768462252273 0.6320647440195495 0.6466730819164805 0.6240231465754285 0.6157455998809217 0.6169365500156603 0.6128253303321022 0.5781108108712163 0.5194681905863576 0.5296593217145994 0.5300783851324998 0.4842676008868318 0.5221873128837555 0.5333139928127918 0.5159519198633751 0.4392755512470941 0.43079845099879177 0.4138772670132967 0.3924651355665267 0.3916723666471468 0.41535834625311957 0.39178900257722343 0.3631284850916612 0.37756247080848415 0.3611047439116273 0.36265745635591684 0.3786562570147908
0.5377395903944583 0.6068925543326781 0.6585665490338757 0.7030057079814672 0.6878451680707987 0.6815424900606454 0.7263519615123536 0.7129573364037202 0.7219300328287117 0.7207174470952528 0.772056837269026 0.8088201219014721 0.7747532693886799 0.7581859645853569 0.7619934054816339 0.7024588981885413 0.7042938588603586 0.6372311853500449 0.6143367295565668 0.6008584631388254 0.6010125684870706 0.5568393580572679 0.5919176187719395 0.6097856068978571 0.5910725838346195 0.5663368640993467 0.5480358709330981 0.4905769098558836 0.5464360292244728 0.5356421564990966 0.4882957213932558 0.4623240705546752 0.4545286590971188 0.46670494812367036 0.4167703462753439 0.3762798853419017 0.36737238843525166 0.3538556369798751 0.3825816688564847 0.3912018976306535 0.4099104442787307 0.3933337179873617 0.35732750241629774
0.5696092766910816 0.6565920410207976 0.6625577840911215 0.7251712060327173 0.7155101440565403 0.7224518649449639 0.7155514113283579 0.720414851640781 0.7262274317151347 0.7293260581026942 0.7507803312506592 0.8006430109718402 0.7612198968748783 0.7349404829653094 0.7540283777762733 0.6877163312639473 0.7071687784794639 0.6766636048080901 0.6108319243803657 0.5976957792282627 0.5965311040327158 0.5675508427829947 0.5875393102909527 0.607304828398199 0.6033070513462407 0.5820476324856964 0.56692795390203 0.5718372645920985 0.5453541699727343 0.49703222692623633 0.48620367220169597 0.4460013501362323 0.4406883585860279 0.4160818380385029 0.4311461944231258 0.39984729695296445 0.39833367997738983 0.3788402137143144 0.42167724902175663 0.3995761203446476 0.41557922076026965 0.38957491709496084 0.334671222970751
0.6246688738561523 0.6677224600034709 0.6689970670012121 0.7184886245817345 0.7103048598579851 0.7459724757609614 0.6920484392826506 0.7013494918789016 0.7209204578951239 0.7631647166089464 0.7683196745564299 0.7631566776234321 0.7787656769943172 0.7398766942398906 0.7448730646253802 0.7084650794298291 0.6839604792499931 0.7132896289678259 0.6871655548305329 0.6046267543276315 0.5931616973902194 0.5386811280888341 0.5957316022307838 0.5851032975607624 0.5976497190992116 0.5521610305040112 0.56862469740566 0.5844125779264527 0.5469784138040019 0.5236087537210276 0.5123465793830557 0.46220662360760306 0.43165700712571875 0.43593283489328016 0.40503207357267357 0.3719970548928927 0.40451968005209016 0.3876426696368163 0.4076252257453405 0.4402912458174541 0.4280911121464314 0.38684513148561234 0.3792027219643447
0.6315154180414293 0.6437735324046656 0.6596850374973144 0.7019791086777015 0.7111374349665547 0.7428540982663447 0.7200824856772434 0.7065389891631062 0.7128613866086032 0.7109849595587804 0.7117271402537447 0.7121574831233483 0.731880025473655 0.725342832785203 0.6921965679576063 0.6941314140651067 0.7019047769720688 0.7433455265537683 0.6992125042791525 0.6504872415308082 0.5665524699874103 0.5884299460411442 0.5707384238517068 0.5657549389912189 0.5826134702628871 0.58889930993318 0.5622542650787703 0.588156276525759 0.548563005698916 0.5356664370906808 0.5257507859022517 0.5154266144368712 0.48368375492534016 0.44954771812150807 0.4738960002966401 0.42218758230391223 0.45172374240992086 0.4621028278755296 0.4337559657510008 0.44080426217082064 0.43607318188498084 0.37738640401742535 0.36953749343577214
0.6068492081976228 0.6591717820636138 0.6729514964464219 0.7016380146931762 0.7015725303541988 0.7040652016742652 0.6774527146706742 0.7156658553268913 0.7209143734829552 0.6703075793646145 0.6938221330591938 0.6544316044023544 0.6784732002831209 0.6955644243411203 0.6983901736102512 0.7285212092164041 0.7345326604026349 0.7397767651239994 0.6751512426903962 0.6618161489392463 0.5868242079252514 0.5691850037274763 0.5465806560933895 0.5694468339637988 0.5940573007406214 0.583733883771308 0.5882072076290915 0.5731821908031687 0.5773168552889196 0.5572732702481281 0.5563949062374517 0.5011555529298318 0.518638256432723 0.5214466648186448 0.4830369021992001 0.4696739513306415 0.44418476078403935 0.45929499000490254 0.48949141719638056 0.48410675398953673 0.46733483502848655 0.4028569540335135 0.39060445307853064
0.628256678124714 0.6359598785884324 0.6592147876395981 0.674549167654339 0.7218691566501769 0.680403832726153 0.6894321337837298 0.7087286005662132 0.7137680518617613 0.6999152407513477 0.6875900074485507 0.6837203378499985 0.684846822492171 0.6749516056895066 0.6831084769910233 0.6674332291886228 0.6750722758334884 0.6567164233428023 0.6565185358231117 0.6004119831633828 0.594148060006242 0.5778314206847974 0.5974061700964444 0.6203989357508983 0.6052623378546886 0.5977011131968142 0.6110578313461618 0.579192501756984 0.566081955229397 0.563124282656561 0.5678933702329085 0.5605166124349411 0.5245128212295933 0.5571421485970399 0.5367854248687723 0.498947052258445 0.49675377106446095 0.5142842806719166 0.4627197953981284 0.46209947896406894 0.4667610653808387 0.4253992724250494 0.41851872520290084
0.6156658857482366 0.6355871525705947 0.6420572745351402 0.6620020390832774 0.6584639440813433 0.7091877488510079 0.6722753130156494 0.6550229334497824 0.6591192277982569 0.6966624005765908 0.6607850832635995 0.6771961296648562 0.619617044156806 0.6132164436948531 0.6791270017259469 0.6781480714344295 0.6692105246267073 0.6579911421944049 0.6438515609480089 0.5835720546256817 0.5855087327491573 0.5750545590090599 0.6061524269148967 0.639592125204695 0.6599160724158039 0.6388207811408674 0.6116915733011538 0.6345379301392471 0.6296822009426096 0.5878423127953186 0.551847382071301 0.5565154400906385 0.5675444814547858 0.5720174884926806 0.5569700791670605 0.5640937261498422 0.541819250711662 0.5484347808036169 0.4872565698478074 0.46968850198736445 0.44698893914064247 0.4179633180578443 0.4243638503558689
