Raster_benchmarking/DGGS/continuous/raster-333.asc
NCOLS 100
NROWS 100
XLLCORNER 1743152.4142256277
YLLCORNER 5469288.607369421
CELLSIZE 10
NODATA_VALUE -9999
[rows 57 to 75 of 100, columns 0 to 42 of 100]
0.44345720324258725 0.44309496616163363 0.4304156052958822 0.4556504236545349 0.48946516587485495 0.48921880991365513 0.5412801497912197 0.5411756269376634 0.603841509737825 0.6180334508629026 0.6397276486511608 0.642813325571793 0.6223838771835186 0.626991168219191 0.6184014115284742 0.5711385548147656 0.49374591904316234 0.44482806658298546 0.414200628226615 0.4255452382698927 0.4227991611557465 0.3887278000133178 0.421162547102164 0.4821624558102501 0.47086318844314834 0.46583297065042206 0.4935605372471017 0.5454533381231474 0.5774131741400067 0.6596501554523639 0.6428613304562016 0.6722530199608489 0.6245711957102837 0.5764757077567898 0.576847820911619 0.5184463719361282 0.5493319605508058 0.5617551513635 0.6026587179581498 0.6183532746350584 0.60538406374124 0.5899242599809698 0.556441444253478
0.461405759661465 0.47557460691039755 0.46931543871630155 0.4213143785970074 0.4323498117830147 0.46741656506208795 0.47988188903410955 0.5132941312584188 0.538172724422645 0.5820405167653963 0.6266325449581106 0.6212854629337582 0.562146841273602 0.5802461631502084 0.5355129784910342 0.47603614841424335 0.4371153490327059 0.41325051622270836 0.3846420240839446 0.3734942927701081 0.3208927941378566 0.2834697245672532 0.3426816415492455 0.4041011518703924 0.4555114086453353 0.4219991446017465 0.5175023404090322 0.550914021345105 0.6199422385354743 0.6984192362285313 0.6373368004999492 0.6750021726469763 0.6194277237239378 0.5674486718607781 0.5169987667688912 0.5068024346228216 0.5004599298278782 0.5615533998015776 0.5612070007724559 0.6084368464771033 0.5955708972847419 0.5781070613853174 0.5090253098555529
0.4041486702524257 0.42980146101600375 0.42512929879195566 0.4411522174560132 0.4463738813270977 0.4542667954997437 0.49214592389529627 0.49451330376475505 0.548523229048978 0.5362569988874376 0.5528995764791013 0.574087245102497 0.5531988951948051 0.548701043997331 0.4752668039276184 0.4476051393755966 0.42842128754528136 0.33829271918452414 0.3206297303372906 0.35215123345898086 0.29060585072103245 0.32906813780001964 0.35892578620655247 0.4259307117593311 0.4592445294455241 0.4758429247574663 0.4996349243568763 0.5035656916055437 0.5985048866767296 0.6108786056683672 0.626029782725171 0.6123275712433734 0.5703297967321747 0.5802184302019626 0.5255595326296221 0.5160967061224372 0.4755336623417299 0.533142481029086 0.5141871314778702 0.5362253508199905 0.5301229414887736 0.49461792443263186 0.47853043292706215
0.365672041111837 0.40896296997355014 0.42079927712162823 0.36800426353918275 0.4284519894630271 0.4182291861040725 0.4561094627557793 0.46742287849990655 0.48713118328730115 0.5402622772446937 0.519483130068457 0.46403332279068504 0.5060555943612637 0.4802773617967717 0.4052807149868927 0.4075376958817038 0.32740679799056965 0.28114349117835424 0.2553011531800682 0.3041380168938636 0.31860175986550426 0.32339431986045036 0.3944553714430773 0.392317456208684 0.4302376101160891 0.48562597402782165 0.4368625429948253 0.4591717287731725 0.5329589502551573 0.5692814166124681 0.5759021421989226 0.5443818058758847 0.5270804824948846 0.5141342622152416 0.5262160598726794 0.47100213044445655 0.42968180650007526 0.46004475306381315 0.4754453068842062 0.44883055401242633 0.5153258646689887 0.47759927736538194 0.4615956659441699
0.36248462861192754 0.38242770818970473 0.36105126443752095 0.41408101525672586 0.41216084442923523 0.39949874563850574 0.4458611061707246 0.4184991537021307 0.4627889690605145 0.4740404394080379 0.43715510746633895 0.3950064729245568 0.3935948353566224 0.3809515005902831 0.37850677372720826 0.34318738235228247 0.259223414057719 0.2582705653992776 0.23661812322513903 0.27209357656050986 0.28709812426267567 0.32673996816572604 0.38750798758940197 0.42011257173767963 0.4306537005852382 0.4619345988162808 0.4127625366531396 0.4175062253506905 0.460297393004937 0.49893751803488257 0.5277267770368859 0.5070941016898847 0.5112858781682752 0.47368707339691446 0.4500313984134821 0.46099675155763004 0.4078065428127711 0.4047470352544003 0.4388819133526841 0.4279461595011283 0.463732486710325 0.4963732615849094 0.4457091314789053
0.29700023455141294 0.2919147558679838 0.31632212908316343 0.39535709168912875 0.40213045402305825 0.4496605788289709 0.4438404092635403 0.384642340848481 0.41769047521139957 0.42611771176163565 0.39717081629762324 0.3851798840483559 0.330474042397649 0.37430993019833003 0.3150881743147303 0.2660653272834405 0.2460752416817612 0.2257346820283808 0.2135050328024177 0.25332692332572454 0.3016056643835336 0.3666811070537728 0.3728822820307003 0.4157120884303421 0.40548049576872075 0.43581263826061567 0.41713775880491505 0.40506997691466035 0.4608366336480389 0.42356766337581414 0.4568667622075296 0.4623795645692163 0.482366588924173 0.5111429544050409 0.4698311527079836 0.4188286966840531 0.39303294294459207 0.3842710258008871 0.3462106515917491 0.35025066085917117 0.3929168209386575 0.45588536884610775 0.42978314861482475
0.2980354292461801 0.278061604636773 0.32079699886821544 0.3557754641022157 0.39445237432050895 0.41762401663299836 0.39390560333681257 0.3921983978116256 0.3796640337401089 0.36660488918271633 0.34367585993460725 0.3512317521976707 0.2965587143241304 0.29428653401675725 0.2692479418404545 0.24879345203395095 0.21989486653819565 0.21783558570806622 0.22639614083914908 0.2797511023344624 0.30663259588629166 0.32265219083677 0.34300114664233466 0.3500553135629066 0.3724331968165848 0.3657444965387499 0.3959477055790594 0.4155650285949143 0.44124220975173345 0.40563663979618503 0.43900210618240465 0.49836465282150066 0.4887364411606371 0.5191851292116605 0.48758038034098344 0.45489489217287804 0.39124375393665595 0.3888345618924906 0.33099685306641685 0.323103125052778 0.3593952503657075 0.39346020980637386 0.3808677793049051
0.28530175912074857 0.2429196580756352 0.26641452955994116 0.30299462154503354 0.32985036399008444 0.3859320707197464 0.37049454587075964 0.34142015283094646 0.3576682735321428 0.3185647260904201 0.33280161530786867 0.3020336009371193 0.22340083008483833 0.2055126227773525 0.22680299995194333 0.20384455677076854 0.23713192575637054 0.22049317497801255 0.2736972683504922 0.3274704173424875 0.32937335113361976 0.34739888634750504 0.34680395291331895 0.2943415123518388 0.37587800786932324 0.3976105840571844 0.3645590848330229 0.3634650689547037 0.3908814189226346 0.4337857512560655 0.43310418323355176 0.48629224325069115 0.4606656951966188 0.47251523352678376 0.49018505139329144 0.4537633659680244 0.3857073077163056 0.30846718393716765 0.30576297608240427 0.349338432451827 0.38002556788572667 0.3558946636760481 0.33517844417487547
0.23150818463024997 0.2780959894555214 0.2873991355771783 0.2661705089625564 0.28318171839789447 0.2809750121643668 0.3246752991599479 0.3504361435539664 0.3058865808950059 0.30744882527515977 0.3369693533477292 0.2668321774182022 0.21224830311838108 0.21465497250769822 0.20796397856430515 0.22007020572045077 0.2132610847111283 0.2614221345996748 0.2527368143622986 0.27318999638559 0.2943905185255146 0.27863590152337864 0.27023081071427024 0.28756487210930587 0.3044833443994002 0.32209440817639856 0.3670097030617971 0.3608985866828492 0.44205065367134094 0.4767814142594418 0.4703938046369844 0.44528769398937873 0.4617847290763759 0.47191018681364905 0.460971489339844 0.42458303795367863 0.3229087192086783 0.2604395625744393 0.3005813923232229 0.3320536416231225 0.3343055454666682 0.3163010464198117 0.33739229619516975
0.2182109592065012 0.2608861215923778 0.24961603622485568 0.2045373297400056 0.2477772090232371 0.22938117132706495 0.25479366891401223 0.30510286625380445 0.25973912360424856 0.3364651851074531 0.2598074433809393 0.24899209285413712 0.24794590986304998 0.18462120991014097 0.21427387503760803 0.2284095232538565 0.2765197643520239 0.272634146148708 0.27779778098760277 0.24323790243853047 0.22215418216863742 0.21625279123569788 0.2489719093237043 0.30573243304621117 0.3191853500834034 0.30677435515736545 0.3195818093687489 0.3801389043430335 0.4244201572823134 0.4474733149061089 0.44665454615407363 0.4896372680721809 0.47610229970989204 0.48655301548810737 0.45049912866780073 0.43066903527259465 0.2877388206680091 0.22528850694467592 0.28172528970074884 0.26701634063873586 0.30960520922052576 0.319794750500222 0.3020956891784234
0.2399395377041493 0.23843039423609866 0.23885838012447294 0.2558270788172141 0.20762673223731146 0.21199331535164095 0.2320453070943157 0.21813139530766232 0.2266630803623242 0.2506751943426528 0.24776085741626025 0.242302815560139 0.24916604401809503 0.21430168642605643 0.2416080427057678 0.26628887386011396 0.26637252968894676 0.2685008706932247 0.27430442566152397 0.21751221350531133 0.2174881231939585 0.20925439145174857 0.27164865118096326 0.268453415139256 0.30298959286591987 0.28318276045518787 0.3086854537011892 0.32548740344445637 0.4079865738260161 0.4607824782795202 0.4624666967522507 0.4279124184816073 0.41285007673595175 0.424177427300077 0.37680262627947 0.35906672400063483 0.26572544973224843 0.21568757081547646 0.24378034494350906 0.22394456681852581 0.2647832703972415 0.3027290012342667 0.27657171954496673
0.22554445614269553 0.23466491559204908 0.26559972749132127 0.25086161135668134 0.1751165821330186 0.1839929952096184 0.20239377738826866 0.1885367326781899 0.17351589104638834 0.2005630557716432 0.2346377233411132 0.22407730852107888 0.2629917628872423 0.22295830639738862 0.18820402208049733 0.20151305160533659 0.22874855573274439 0.2433985394387665 0.2746412626351572 0.227434294886503 0.23347853673974212 0.23484733223521118 0.22775927745548932 0.1853200410032596 0.244899015171473 0.31293381536748494 0.3256996133154953 0.3126158346905795 0.3569981931401135 0.4118668119790341 0.39731871365058113 0.43986393471936513 0.4112461409484749 0.3727050655768531 0.34516980316193696 0.3316492876907336 0.27966364161995366 0.2194338549491074 0.2318439269444407 0.18982747423682228 0.2045493105590361 0.21745505406850482 0.2414481248200697
0.21532546240471126 0.2418313069122474 0.25313532488434987 0.21591090209889202 0.20211320127010535 0.16631285122827547 0.20612165440249838 0.20099582793280787 0.19519870842953463 0.17484620327244838 0.16855780958255245 0.18065588470765653 0.21815579856082823 0.2545287281185232 0.2118315317581828 0.18376425397949392 0.2223731421002366 0.24275814728878103 0.2477499690980191 0.25448420654661635 0.2379410903440984 0.1840787556993077 0.20930492594141178 0.2031550716000976 0.20887660690725737 0.24624280780625574 0.334406609004561 0.32738398336555075 0.36519574966443197 0.35893024649063743 0.4096479565598435 0.3690691128681809 0.352303969881423 0.3389035529926436 0.37300280081006015 0.3437924398261589 0.27130318890660454 0.21313020341792308 0.14986277298787626 0.19622375898950617 0.20491209050965467 0.22716267330858483 0.20874404099225935
0.21773943706527968 0.21293886573149556 0.25357623401277624 0.22550430110669883 0.19465990239262612 0.20898767536840435 0.16496760832027763 0.13802550050620271 0.14065016209443923 0.10893573341511933 0.16650775065945986 0.17002184922474417 0.2144087628925751 0.22850532650005642 0.20339287360552463 0.20705697632040898 0.24327462667873434 0.24289563578518147 0.24853172215414995 0.22493013623976474 0.22678317487015723 0.19045149167578296 0.22018951023514807 0.2092765302225085 0.20637557488139965 0.25513701204260963 0.33754532624527367 0.37420216285903346 0.39191590012303396 0.38487077358641875 0.3510274729049236 0.35298673558741117 0.35724080554432625 0.3570047530298081 0.30393004177216937 0.2976357322146852 0.23249296763698246 0.15656984182399902 0.1190477215455781 0.13177073788822938 0.13702730774651234 0.19000352077634397 0.21915963278120196
0.16654978939506115 0.1737207172265828 0.20754282083902537 0.1977055955255802 0.232126646413876 0.2264067369461714 0.15315270386619953 0.13990077052468025 0.13041913071217373 0.14154809675369187 0.13179153942892313 0.13333668503328816 0.18505698813111782 0.19792976105454077 0.19558969246693556 0.25053692537729755 0.2511230362501891 0.23734997198600885 0.23717815492435068 0.24572103616274393 0.23811693464546504 0.22771329525416648 0.2305340476026033 0.2548227277140993 0.2150151384838346 0.23654201815891798 0.32369085685862614 0.37669643623301213 0.352342490300378 0.30450851754814523 0.31035908713566496 0.29021271294337786 0.3319156953530548 0.32298131985023837 0.3042818688495732 0.2728710005558154 0.20605862795714772 0.16762925116264424 0.1813546979034786 0.18991439693238024 0.16540120063365643 0.2212134396416702 0.24357013950848122
0.10709514442207381 0.07308289093375651 0.17868688772659377 0.1939534428436712 0.18931105613131757 0.21839839078469067 0.15731941199252406 0.17856981381308315 0.11723074521107489 0.1136141678642551 0.16735952501681753 0.1460613238081443 0.17556055804449083 0.1962784513752974 0.2076226617278454 0.27935987943248375 0.2394330541698965 0.2178645642063687 0.2611216950731416 0.24738632199673746 0.3033091637126458 0.28079243551342725 0.25334399305448657 0.23112707527704085 0.23993585669513734 0.28869331013897953 0.31299351098639555 0.33782689745685407 0.28853748977425725 0.3020432708851635 0.2557769511253719 0.2723543449281645 0.29541284157894493 0.22896266880990399 0.2622259494867065 0.21064823409512454 0.18622092059505557 0.21337793200532548 0.16826313872986873 0.17134496158073467 0.15156181861767362 0.14665533257810748 0.2077767823081064
0.08807419116502307 0.11135484296045144 0.11415296246706695 0.1408438405746882 0.148664777005023 0.20692108634547618 0.1588798010631887 0.14446966811840753 0.127326248354491 0.0910095734733789 0.14023678685554677 0.1304255158668445 0.15244832731291574 0.2083547409070799 0.23423620915438373 0.29686701024836565 0.24368728870902764 0.2603802755971708 0.22751090528078208 0.27992325266212653 0.30653658128104333 0.334221143101506 0.2689074892059235 0.3060807430747548 0.28683175447160036 0.3340478082705534 0.3257564043820067 0.25695476060525757 0.26958998427768793 0.2595268737801559 0.23223121420474904 0.25852167645870033 0.22449275528918217 0.2716390138539285 0.24537753249438365 0.21338545874051448 0.20195575109986347 0.20666036255362485 0.19448307430708386 0.2142899260896436 0.1967016941077855 0.19926634354392894 0.17891556584694854
0.08439314078106337 0.0510388252151755 0.07824983921111496 0.11966280653907618 0.1321781229008886 0.16646109865642936 0.1094213139820963 0.10266133611808867 0.10738377548972454 0.08270116059102055 0.0899905769808902 0.12555738025160385 0.1131541477316277 0.14586731952051515 0.2609621380128908 0.2979934638765633 0.3163041170608363 0.3156364186583684 0.31022724667825935 0.26783962501810543 0.34196152664932433 0.3594943346560881 0.33282738374317844 0.3169729682465019 0.3127252502276834 0.34826923627322476 0.2927079034630247 0.2333911684798206 0.21215537413078067 0.14849021990729339 0.20096407793857957 0.20307221365066783 0.25838571563400997 0.2833794073037633 0.23566776146711377 0.2697326801668291 0.24881434937473182 0.19779093237292075 0.1541940339593201 0.21886192831217757 0.21614666664777113 0.14195598916093283 0.17226921810308835
0.061560083343846474 0.05909278794658244 0.07954189952041205 0.13751614244457533 0.13799942180495342 0.19388571983312242 0.13274270109439334 0.15196698273527523 0.13875142871097892 0.1157306901514913 0.13900032180780314 0.1537618798651242 0.17197226044950698 0.20954018933733257 0.23806967194266057 0.3039153736863719 0.32941054660410474 0.32322217657429486 0.29126886741860736 0.2912178701739081 0.30963510295592545 0.3587714413677907 0.3351478283620973 0.3451593823227014 0.31781786472771195 0.2835210085451863 0.2538650306535095 0.24377292413813445 0.23097695060668003 0.2267851610096004 0.19809649602196763 0.15965585931971382 0.19903119221716536 0.24208864672372177 0.2295461131984142 0.241047971955907 0.2317066195032687 0.18984836769823143 0.1293989283629456 0.17142480016893583 0.17778868687566468 0.16686632534752197 0.20866555373853232
