Raster_benchmarking/DGGS/continuous/raster-404.asc
NCOLS 100
NROWS 100
XLLCORNER 1743169.0841455583
YLLCORNER 5469280.942691093
CELLSIZE 10
NODATA_VALUE -9999
[rows 57 to 75 of 100, columns 0 to 42 of 100]
0.19385729059868634 0.24274832572615293 0.29156898170615025 0.2559807361247107 0.26876257327275554 0.2155220542067114 0.24120674004941323 0.20786981542819652 0.19646138339492822 0.18791913932683246 0.19471081680757835 0.2398424126503349 0.29661574512791916 0.26411816226598395 0.31725594509218225 0.33533710101282654 0.3190722595455194 0.37196313150730903 0.3748801147714222 0.4049973449481728 0.4452907278600619 0.4730755368241911 0.4946376284913512 0.5011150034239129 0.49552584896253005 0.4656556881912531 0.501256004489034 0.5049128743319823 0.4759898792124403 0.48533829315417865 0.5112125889739082 0.4965123542894181 0.4554373860055702 0.43363965001645766 0.44914366135910994 0.4444311631752201 0.45203054446737484 0.43536576270162775 0.42825930997497147 0.4455331592373426 0.43419359446364203 0.4693025752450472 0.5181582699882584
0.16841387925596266 0.2327941396070975 0.26547422709395296 0.21573737126293827 0.22309747362656943 0.22700112623960625 0.24172930201717188 0.22341087662605444 0.17092655100292467 0.20544073588113768 0.19068644433900717 0.23455685489661737 0.2334678204513709 0.24475080299335264 0.22360044956236808 0.24567450431267848 0.25111012688357504 0.32087461505945464 0.37433466841585206 0.40413468954407183 0.382114559819306 0.3921220789419217 0.4188410440934238 0.452299496596255 0.43609718996988844 0.4380386389800915 0.4346515367002481 0.48818352644183677 0.5254923831418603 0.47681242228900933 0.4966572869253881 0.4915388887150085 0.428031950106147 0.4501297896433235 0.4073458054385692 0.3868097569982768 0.4097494593692007 0.4493305669406124 0.44116235028070167 0.4273669557761804 0.43294557867526545 0.5047998831065453 0.5608306811598656
0.218565802711603 0.24436994104389884 0.21031000531431493 0.2169435456265994 0.24928038592328788 0.24531362743584417 0.2124721280986683 0.20248099914788983 0.2013982124072519 0.1632252070984432 0.1883918785454135 0.2041434473641474 0.1915308973942784 0.19820913815237381 0.20667751379638885 0.20635344416635487 0.24473383032861531 0.26923380774474404 0.289225884090626 0.3381917388323643 0.3127033418538194 0.34843569062762375 0.3841098941106024 0.4012086887535781 0.417406329846028 0.4276159585090224 0.45757865541210446 0.4670357930365833 0.4665487823828302 0.49547295059930885 0.4944376751858065 0.4726237173598695 0.4354173115439287 0.4047077871681861 0.40303638432328 0.4061250304642255 0.4321107712358283 0.44766853247072685 0.4463593505764982 0.4187726788160089 0.4672379118272341 0.48589337623344914 0.5206035183413574
0.20392287891986147 0.22170200809429008 0.24105226393509602 0.2489911926444178 0.25956253277585434 0.23932068776365448 0.23581663487579657 0.18438955561231046 0.1496872637379328 0.1585063638607963 0.15562129908511235 0.16592562578317677 0.1596009309812149 0.19222796086232596 0.18386077406188842 0.20106527078886666 0.27842010443648524 0.29688809103676617 0.2979810276757774 0.25804749850286574 0.26371278757288064 0.3296952204172427 0.33300904902121675 0.31396087497050873 0.34618835889912636 0.35473022649142905 0.4110619877340662 0.452483946267367 0.4417184953278512 0.46787011682940155 0.45437341513518076 0.42800260896851444 0.448981908878156 0.3929499402770029 0.42455949612512167 0.40332516370731075 0.40380643633448304 0.46441977888912855 0.44050968299318577 0.44589166626618687 0.47140460148185404 0.4782721178520005 0.5494145739425372
0.17799618100204373 0.21330092628405595 0.22014150006163982 0.2165975076954837 0.23643557843537175 0.21326447028098325 0.17451677083163303 0.15344903789314973 0.11667946676103573 0.14255824823338645 0.15844301039253236 0.15863225578181508 0.17860708030158123 0.16643951389539555 0.13765424042316743 0.17599709504735628 0.19425113467845342 0.21920386710829162 0.23348726513097004 0.26160484893472863 0.2667541034081662 0.2943664895702012 0.28530115441504067 0.28380974353161537 0.3018940847202258 0.3163012299804899 0.3604873788440396 0.37870896901582696 0.3990729748629761 0.46543252007278996 0.48049796494865954 0.4522597717659107 0.41905176238952285 0.398507850439549 0.44701624887992947 0.43257204314454395 0.4438016958269934 0.45156582112866317 0.4843811222330348 0.46087758103418824 0.45867042114140855 0.5305362820143024 0.5518598301795191
0.142186332947633 0.18190221187772074 0.19727766474689953 0.20890140988043468 0.2510142341270024 0.1921000013243682 0.17331929812880803 0.1851267271592455 0.14394747357725754 0.13648141287190832 0.09627352289638233 0.13415498677487223 0.15508847751846425 0.10902345900935101 0.09868671839517436 0.11328514645466134 0.1629763454451019 0.17018843808513737 0.23572170899282222 0.26523774272819955 0.2508334680461631 0.2544878704069596 0.2510278287019466 0.2826521841147831 0.27124356964238805 0.3110164782067811 0.33913684800313443 0.3960954551235175 0.4022698676103153 0.4189983268041861 0.451722801252122 0.4518412076511306 0.41527842103738855 0.4164327060959007 0.4147350212319815 0.4201445225463597 0.47166481833792356 0.4505003046412007 0.4786577212095825 0.46072349952527897 0.46304034700402097 0.5145007363882684 0.5523012243214026
0.1311167446577546 0.13218594374252032 0.14694003092391988 0.1916881139967331 0.21901408239661638 0.18217969302530004 0.18146204827475026 0.1809222359723687 0.16304871368730378 0.15428425525181114 0.10331504001895808 0.1295007521055296 0.10935957673192415 0.12076337319570409 0.08256340044669123 0.08062368003771714 0.11064347686257926 0.18032677641242542 0.22469717869252276 0.23005611889035973 0.2265606215900232 0.2402206374871068 0.24625202796384785 0.2377900634881727 0.2532497714286317 0.25457147974135624 0.29929717259773553 0.36408992841232224 0.34628099504730925 0.3845523494907056 0.4438964334756341 0.4394222548454449 0.40320272686178965 0.4549196020765747 0.42937205246370475 0.42860350571584094 0.45094880516562974 0.4644156070422193 0.44168130237201847 0.4258504370906012 0.4052765301690491 0.44845993096568454 0.48259447531859345
0.13464523326720815 0.14489211195656 0.14688488588591403 0.17513769346543698 0.12294752013359776 0.1432190902730563 0.1909537219391666 0.15069326916554002 0.17699515677048927 0.1455819721690968 0.11685921333190182 0.14260133215924464 0.15822534371838695 0.1183083070349948 0.09563951260023383 0.08676157827533622 0.08243893221369028 0.09664893513000068 0.1250997872154301 0.15359461782350978 0.18565595331529838 0.1635737552472035 0.15538138070166893 0.2106448105972474 0.170697365865966 0.23698878531347636 0.27202036135847363 0.3264717749889754 0.3438985534790007 0.3505515173120665 0.40842035751263367 0.43652620567068723 0.42589769746683653 0.4366341276405399 0.462385074248879 0.44618862125732706 0.4765797313273721 0.44854739489422824 0.4285213302054276 0.40986171392592013 0.40317606718125837 0.44344992230119024 0.45260323586026024
0.1342272731278734 0.08907461792810985 0.11622362565513454 0.12093832429723134 0.08921985155264615 0.1558542970757315 0.1772162830785939 0.13572430538534444 0.14752539437978135 0.1140844248268564 0.1164735840367547 0.1198419190742511 0.1690919330083763 0.14621429956159787 0.14825971754798814 0.15369285845182382 0.09878190946501299 0.11119009318523045 0.16329662238098175 0.16673627239018715 0.17671790923343791 0.15650346249827085 0.18248040710135327 0.1676811700983713 0.21605920254185446 0.23473052501031033 0.24845518311903922 0.3247040774287559 0.3219759022851401 0.3560100401884224 0.4080361489795282 0.37598413577213374 0.37077496711485275 0.38905232193399414 0.4559922818579515 0.4516843630577641 0.4524569385485621 0.45491329213753157 0.4486430303241472 0.41957593317575415 0.4148429243555195 0.4191342486052121 0.4926452668334138
0.12866627912394513 0.1280134801864876 0.07321637327332782 0.11082618028531119 0.08418819878422053 0.1234615084721911 0.14735567892725715 0.08509704843116199 0.08730991297629762 0.08084660710682681 0.07515049163986463 0.14731862017433195 0.1695309438864528 0.20299627842446247 0.19010827278215311 0.19997681335701395 0.15360205440399932 0.15127128077494612 0.16993759699092487 0.17362484154611899 0.15641355512794713 0.1906359258359142 0.18005877559359507 0.15112308478919384 0.1730500995329682 0.19512676452999764 0.25062229087041255 0.3000821512916784 0.30331019081877947 0.3699426226373742 0.38868263735246716 0.3771374947025181 0.3723612870691743 0.35351653386919957 0.39937647334343135 0.45217070894272227 0.4376971316788961 0.399934744605219 0.4274218998820564 0.4068193365092038 0.44192474510112956 0.4675525464784086 0.4786421326847445
0.11189863341416961 0.09885581086848083 0.05142778158514745 0.05152396058445287 0.11071131066488703 0.0742401249724542 0.07473751207972607 0.06806419350218564 0.08015499906987406 0.057068037433389375 0.0744864176465135 0.15829933804778196 0.21230097541346798 0.19563535846572122 0.19368660161773435 0.19789632472767474 0.1809602683049278 0.16843046941220913 0.15320559849784895 0.1550317894556073 0.13831161640556333 0.1473945311219797 0.1456175194169771 0.1465152558577189 0.13802755655184284 0.19774331334189743 0.18493511988023592 0.23104902306049271 0.24096631778807898 0.3335009211915933 0.36857270263781144 0.344477409755625 0.3470153318160799 0.3654646417824004 0.37684317076115686 0.3924506815556647 0.37099113546087176 0.39229710406897944 0.3972068879356471 0.3872178948222445 0.42259044361493486 0.42271221070992154 0.4841120217726873
0.11137399900530168 0.10553441118042614 0.07064672002386889 0.08220263451782446 0.10690720556804764 0.07384755175958586 0.06400739969883919 0.08265858232698642 0.04141382647712354 0.0895731329361282 0.10009750400031639 0.13832001922496087 0.21294981642854433 0.19249448680740913 0.2186233932616159 0.17562397603116703 0.13789569250539058 0.17967314768295792 0.15675101145402173 0.13046424340549354 0.1324985727821019 0.11648499920365467 0.08209864830680932 0.14940740866276156 0.14989473223691743 0.16292079615372096 0.17069339785528168 0.23424376249022413 0.2188323498998663 0.2831764659334525 0.3373400422041242 0.32472592347093393 0.29080650334854236 0.3055827534209938 0.3766696695536301 0.35831204955510676 0.3583096188677841 0.35625610810733094 0.33755057484121526 0.33526197885653053 0.3809863494983546 0.3980197631181925 0.47183111850865145
0.14180029139051237 0.13739094636077318 0.11194569721899553 0.10305505299105612 0.15690894364932045 0.13607310702316308 0.0877321295808786 0.08266745268942555 0.07672922285202365 0.10140341655011677 0.11747279775606034 0.1722147140963509 0.17779196351229132 0.23078718482832283 0.17289108696831945 0.15097716872656097 0.17645200467722535 0.17349260115906937 0.13544825676812514 0.10622806204142782 0.08938206441279282 0.0873066954132271 0.09278216972892572 0.10313229973641881 0.14241387009887368 0.15206683796973403 0.1572678754712066 0.19405111013978135 0.2459198080169085 0.2519110569477773 0.29531291071522214 0.26702258808009416 0.2773875624460042 0.2834629870644206 0.30997234929831124 0.3742436523130609 0.4016869987313315 0.35989844509884 0.3323864491032438 0.3441359374272563 0.39514853408785455 0.43538655676876503 0.42116227765804004
0.16072039815371975 0.13604306938342617 0.10839847876265526 0.12194195721805937 0.17028554915761407 0.16397162849617916 0.12090775486778374 0.12304485762759165 0.10498186954425136 0.11809897579010271 0.15434018707412808 0.15820748864030834 0.16309576796286068 0.21313709665092945 0.2119677681117144 0.15013969302116048 0.14404448964345234 0.139513717480851 0.14101897748752534 0.13423006952605746 0.10067195610028633 0.11917279642677847 0.09478162163540309 0.11289540410879105 0.07474911435897673 0.1292271042756929 0.15049647939631225 0.19189571201435884 0.24149375919956542 0.25119699402585094 0.2565036114241721 0.2791988114910294 0.2534261297409939 0.25999464640452 0.26278789283901927 0.3269176683242199 0.3876936273198868 0.36496327616834506 0.3250162926326057 0.3325144959409408 0.3821922839916955 0.4412331797485746 0.4396464105888885
0.19692526348484432 0.15839987202576375 0.1878201605646573 0.20973835771906985 0.1772284228837529 0.15663047954357226 0.16772048111246252 0.1708086623784137 0.17947869897841107 0.1613051319943827 0.17029429356873413 0.17364376159629122 0.20104242834239208 0.18059665910397707 0.1888878822785036 0.18140804676273203 0.13560049888994685 0.11605607270910252 0.09883553646067633 0.11746683281282323 0.1127065871537431 0.0744323394868454 0.05151068483245852 0.08788880738982023 0.057639498998637795 0.10083449715277101 0.15472751330206522 0.19537585404863717 0.2482144743505097 0.22315434660981529 0.27037598541445423 0.28338031489202536 0.2700709176597553 0.26055423713607867 0.2769569740065257 0.3068159093133658 0.36949197486399493 0.38555025086551914 0.39617725100985407 0.3453731836870121 0.3501493510672987 0.42627009304100577 0.3869801959909058
0.16309282876105233 0.1645167891405778 0.20756337526801732 0.21730403759829392 0.24078051516371946 0.23409343157179555 0.1815462810383901 0.21586033076539704 0.20636344919101132 0.17659801601555455 0.22020495306842122 0.21626202368239247 0.18286779060622724 0.19955403917675152 0.1741800996276706 0.17081882706150472 0.14142058384810538 0.10719613441934632 0.07888001000277094 0.06269821037439977 0.03030672998550862 0.04819276385260381 0.07828274755120795 0.08711982750605216 0.05976985858620065 0.12186925264208096 0.1688293724838555 0.20096744951407375 0.20322655572313816 0.20503334880322532 0.2620275773936577 0.28610184686182066 0.26748927968599595 0.2567839088314486 0.21621622242972982 0.23781433865412807 0.309851533044602 0.36928739302683034 0.4016034628963629 0.35430429339984887 0.3766805600196924 0.4055762902819446 0.38833355847836803
0.23527907221925298 0.22816389077959875 0.22054861774358323 0.21562909200545288 0.22359001140210724 0.2398662734204774 0.19427984272414303 0.19171214819246146 0.19696602618455225 0.1959081845961084 0.20582661086734466 0.18275113466442927 0.17144167519374082 0.1741250655305582 0.11983054443904889 0.1386685581652404 0.10847613584457054 0.07706827224232626 0.03460420215225753 0.06263604525653103 0.05564629009828685 0.036375750314608477 0.013057432845698621 0.055325792051885495 0.04520052326059626 0.09384455789387136 0.1620108830083646 0.16543605028889516 0.1885574061583097 0.21479570256368033 0.2146353752620517 0.23208205282258607 0.25758218232844315 0.2566705253934949 0.2354866994708683 0.23236081816289314 0.2847433727490606 0.3472434938511442 0.37562835168398767 0.35495802987063024 0.37570803413073317 0.4214895061621801 0.43908390938523867
0.25711875692741226 0.24338032560452794 0.2081826927383925 0.23261886736614712 0.24089684258363883 0.2610504551059192 0.2510823612796942 0.24873829493460844 0.21001309454084877 0.1821552655242706 0.15010591291056308 0.18156912059174687 0.12804960925762554 0.15974278013729848 0.08910934860645021 0.11545867993085014 0.12016683090184009 0.08347311341823549 0.010494244955492121 0.06424484117602537 0.03784396312872818 0.0014165346960467074 0.0034563420275458014 0.05656594562494546 0.05117020627697929 0.07009729893789828 0.11756365869179769 0.14486831580012421 0.11828098345709467 0.13093583799271952 0.1526929943882349 0.19454644386292275 0.23976512626623955 0.2620182074105676 0.20691924319599386 0.2756057328458971 0.29764984594137484 0.32702669689975333 0.3893309871245513 0.3759038729175632 0.3794632074397586 0.3978563231487768 0.46616126167357935
0.30626710998831214 0.2670809609016084 0.2487794213173773 0.24264131211426773 0.2665369586209421 0.2998982267672398 0.27261434745631963 0.22131625555333947 0.1799783802590316 0.20614936064810252 0.16349801997753338 0.15907593991719793 0.14281704464619732 0.13273526201205 0.10452978024651811 0.06389571716055034 0.06452261545055485 0.019285526777650497 0.02361484116028959 0.022493997258183435 0.03971476423448298 0.0 0.0314235550291612 0.018009911110923777 0.043716232861871686 0.06345639120725538 0.11488373410830749 0.13599953619673555 0.1368846348806294 0.11624914970091951 0.11114515879358332 0.18405265224992678 0.20877562945265601 0.2635370438508795 0.2650759825146292 0.2860808588661704 0.28772706402790765 0.3472074899495875 0.3662876479160451 0.3893787682774144 0.413393786696626 0.41467672614597845 0.46378526173471263
