Raster_benchmarking/DGGS/continuous/raster-359.asc
NCOLS 100
NROWS 100
XLLCORNER 1743159.2862633597
YLLCORNER 5469284.255459275
CELLSIZE 10
NODATA_VALUE -9999
[rows 0 to 18 of 100, columns 0 to 42 of 100]
0.1559379744184622 0.15705907727488677 0.18648058990169783 0.18666010885239603 0.155007314794701 0.17839409784950708 0.1863253302398331 0.19061888650595407 0.24965971621182467 0.29068922845296963 0.30279187821100917 0.2943492831912454 0.319538811132223 0.32092876233468304 0.3328336377080117 0.3195974879747669 0.2791772322737499 0.30355784993073714 0.31752875883747056 0.3112381487839919 0.3501944077890368 0.3787911264255705 0.40235527825772704 0.4355959765238186 0.4433515368431168 0.4667800407667174 0.513501107516894 0.483326008599411 0.4957506287181398 0.4989248850421134 0.45265074242826703 0.4573774668830525 0.4224518334410834 0.44875149409052184 0.4231895454921608 0.44357239509570096 0.4174158973278798 0.42562366901250037 0.4637577150012073 0.4628470464079772 0.45331274231102947 0.47925455858652555 0.47885525574297166
0.12637460528648223 0.20039745147287685 0.1827601972114635 0.19387805648679005 0.186317069898431 0.18180748682416148 0.19168224576923704 0.2068248859435803 0.23414734246722535 0.30208948152274634 0.2856624877559254 0.32250064098421855 0.3329007605284146 0.36829356056149887 0.3083527347925635 0.2942307267647238 0.27321839066676257 0.28772898740110964 0.30499026237423615 0.355692752167782 0.34215099595344234 0.3361618531355709 0.4140729939488974 0.4328551595695888 0.4144188160752922 0.432620051950789 0.4891591406513914 0.512625974556876 0.48649128873875874 0.489440355419007 0.43983935229227583 0.4181621386102027 0.44243807761044135 0.41776510202052375 0.43437775818431557 0.4193430515411523 0.4120627516090348 0.4334959338325638 0.42291794942976607 0.41711483439928854 0.4516843520740672 0.4502375941996113 0.4722765101186871
0.13435028739569577 0.17813582920522336 0.20578810349566828 0.1763034377886171 0.18170782850878658 0.1884094361136304 0.19034905419790218 0.20439550713105445 0.2241786064363833 0.2393618018423955 0.28752981306311015 0.31687904647382426 0.3047060967285652 0.3209081314133737 0.3084101956912045 0.313519113764385 0.2771053024865713 0.27389454442212874 0.29582956355331674 0.35346223835364105 0.34477677759684905 0.3621324037041822 0.392400344331564 0.40189319985950317 0.4484841126283021 0.4520601998138925 0.4547128804083385 0.4663696581990378 0.4805231595161974 0.45713013397248925 0.471062621295926 0.426681908643531 0.4527161115910891 0.4416243613411554 0.44085760331770046 0.4562756165160578 0.4471776155296116 0.4350724146975398 0.42354957911329366 0.4524229494004954 0.4663757262109558 0.5087113436412426 0.512661460623761
0.11062339728658988 0.1152147686186478 0.18610868977061998 0.2055593004664849 0.1959851204433557 0.2364689452070283 0.1870091199999958 0.19829179376451578 0.22047277565562343 0.21435697608181703 0.28966172112145244 0.30133128835721734 0.2902357556159004 0.3006868310476301 0.28713732427098104 0.32522772424656143 0.30433167909034303 0.2682638892966394 0.2740154381899534 0.32201538459587126 0.3522810524105254 0.35837549213629083 0.4153918022244855 0.41972772263010494 0.4388957449584187 0.4367674822339441 0.472813396670836 0.473486716204806 0.4923679904996606 0.49396346711554395 0.48180732790778735 0.46919332471746816 0.4564629653511155 0.4576761733154592 0.4473313210538582 0.45330114282472983 0.465799248468047 0.46562193750397474 0.44410864206180467 0.46571109423754614 0.48724934621034727 0.5182090781184359 0.519599149414418
0.10112680660885598 0.11469540243757001 0.11788808050462517 0.16061477003904365 0.22745622883940478 0.2295765489667268 0.21399080138730453 0.22458204761406833 0.2132648800702587 0.21664913097672753 0.25461397347191417 0.24619522286538353 0.2861689841937611 0.3073680741536158 0.3039275419203109 0.28253693570386945 0.2951313520862367 0.296263638933439 0.28830700187583325 0.3569836896062727 0.37791660338348676 0.4005992136451871 0.3914329847194619 0.42681887243347416 0.40917524220883983 0.44283225728447795 0.4480511048717866 0.4467408668774128 0.4758307518093728 0.476841907086987 0.49025628747661176 0.5277539953918882 0.5041875744262228 0.5043849920459524 0.46012781152667004 0.481057934178912 0.49275777562071404 0.4884183656336504 0.4873799439629074 0.4809777339767374 0.5120768227859398 0.5277012379090436 0.5110791038260533
0.03178547893737371 0.057516469104001024 0.12533496669823674 0.15667293517654898 0.20370485454582501 0.23436193275593278 0.2219808720197875 0.21691504939056444 0.21861285496397861 0.20647925406405684 0.2337886271416071 0.25040764083267286 0.28175141939376747 0.2647232576659969 0.2529254318366784 0.25469729557295884 0.29045831573619274 0.28753392031918673 0.2957039728747859 0.3741540285805526 0.39777001892928404 0.371756720627971 0.4214702823429479 0.4166948533698182 0.4206368945938071 0.4703297039626627 0.4598045910610336 0.49098264158795046 0.5040578266086675 0.5266078080192821 0.5122647472807642 0.5413292049093441 0.49696460945679977 0.5141897185623744 0.5055518153830273 0.5223669565711284 0.5094104496213003 0.4875869371522467 0.4833950170689092 0.4604178621847265 0.514953604573537 0.5228522909900458 0.5389692420651646
0.0 0.05294652837725814 0.07830085680119034 0.12556834619634877 0.1963229550911863 0.21600404846535703 0.23216424190401388 0.23410570154481317 0.20853239415236197 0.18815538573869114 0.21621422240446547 0.27709960420127594 0.2719405221402762 0.25306625423371987 0.28647219290098636 0.28273980591471737 0.30407229960686033 0.29706857985652646 0.3357251369300647 0.3618050502296859 0.39059289505992373 0.3800209336814635 0.4024947459265339 0.3861282688300839 0.39878875774880035 0.4668204963950605 0.4876882440509495 0.4938334040398113 0.47223442738960414 0.49166963075579123 0.5373733518109527 0.5320648967406737 0.525234560233523 0.5591533033967503 0.5277003557878149 0.5301254407481819 0.5436238710314314 0.5098403479581118 0.5233847743339581 0.49775488692920544 0.5133210718357311 0.5546305173492482 0.5455737109378499
0.03337067224897184 0.046470544233368175 0.10700040492712304 0.12472163415865929 0.17362561719090408 0.21341283778979436 0.19939489602014457 0.21839874971823842 0.1888027935993698 0.22744925550977957 0.2183283341659486 0.2750207932523325 0.27170385942898007 0.2573674372019712 0.2728192764794771 0.3009768194724646 0.3425279981700368 0.31418779791918355 0.33809868053792985 0.35046407923267053 0.3872287124946806 0.35934737795493116 0.4207634899158741 0.3999996027802677 0.38227825617173766 0.40629170882676247 0.4410787616293023 0.47860351361759895 0.45787210026954217 0.48869695442518235 0.5172359795121894 0.5266234229168515 0.5295242470143061 0.573367558378863 0.5343738421409272 0.5519772401621326 0.5615046589364174 0.5288464980472984 0.5368750027561514 0.5368048310026178 0.514844031073676 0.5306775207348581 0.5492700366488217
0.03357697337952635 0.0531026801668438 0.07518218484002608 0.08489235811882956 0.13928896402280946 0.14433124485728704 0.14989929568842209 0.21293089329175274 0.20852046799303672 0.2122273154652602 0.2292690105903166 0.2566183515206198 0.2715722364565727 0.2998019574713002 0.29893349744056263 0.31303902943400674 0.3581125508797841 0.3662260185688335 0.38566806193409414 0.39048155763527054 0.42067845179987984 0.42244893403743944 0.4393644735598928 0.41355500559333336 0.39011572392315824 0.42100228957451374 0.40746098289911015 0.4278173910358216 0.4770497883400233 0.4737359948519597 0.5134144424867564 0.5412579450611531 0.5333069879011304 0.5610078458150394 0.5527008208593901 0.5828938467113595 0.5654931269396222 0.5608151865506865 0.5990038835356075 0.5884681267399667 0.5493934554696952 0.5848170428970835 0.5668090728906721
0.04552151665299305 0.1018286881897061 0.08059748825744388 0.10439160530175379 0.11048707224498121 0.1018315909576946 0.14790158364094202 0.17180018021390409 0.1844254157410737 0.14777014644790576 0.21897052540110779 0.27524859167953203 0.2844766183271556 0.315515028799965 0.3516960453831345 0.3385579662129031 0.3857955990067817 0.4192644243222152 0.41233243887043003 0.4024558814753787 0.43438282167491116 0.4828342666305059 0.41998422476561736 0.4121245178151724 0.3966180819937051 0.38659072114741816 0.40449118440372434 0.4238425473869119 0.48008485806662565 0.5172739422526768 0.5383713066768578 0.5250399870681537 0.5636713742575231 0.6110016608188887 0.6045986529006416 0.5554307055513393 0.5900107265934568 0.6365497199983008 0.6419520462758805 0.608522248752579 0.6016619388996138 0.5992895214269099 0.5707550614158439
0.07445664388159655 0.09210342361114683 0.07705265089364909 0.0834301303572589 0.11457800945157637 0.11598667765829927 0.14806366962724854 0.18996966212266836 0.17095840838465093 0.16515885268784117 0.18888631732429084 0.20482791485692903 0.2479617917999414 0.2837848771462227 0.3533744169018663 0.3311546145740471 0.35064030618352404 0.38958557815340356 0.39843013970721297 0.45131775112462547 0.45186169707092183 0.466795584639979 0.42171469573613085 0.39293898911300906 0.4196193521782055 0.4099874429705451 0.41246011159423485 0.44797597497933284 0.46599077251225896 0.5028339423027146 0.507468507268063 0.5453747881010913 0.5572015427143187 0.5830732893597892 0.5905708902571902 0.6025117035120907 0.626993036644711 0.6289195297452961 0.6221371052603888 0.6117350406869769 0.6294565019428134 0.6083250543898889 0.6014022644222865
0.08424811847091351 0.07298302724528022 0.10584939689141866 0.09818282674413972 0.14774910250041126 0.17004428227788534 0.17056043666169776 0.18680863789660676 0.1433181345907644 0.1573793787157754 0.172848306514551 0.19653779361201673 0.24004943176643503 0.28614440808514013 0.3556924462347735 0.36945812148003004 0.3725037971866548 0.3620120599228974 0.4047817946804132 0.44574336500003175 0.4695765357638795 0.43467248101740963 0.437286359227932 0.4068995082959552 0.39778033140118346 0.3846479499627604 0.40652195611464087 0.4407240481018668 0.4936446545502658 0.5150604486257374 0.5419844128814622 0.5364341174225106 0.5396062385547594 0.5526801206216385 0.5958324865561339 0.6019092510886931 0.638220600948432 0.6412353478999789 0.643455277890131 0.6623722267253579 0.618405300555054 0.589685860063335 0.5967661241619383
0.05645778077306971 0.08372354919648736 0.0742359053561856 0.09421242732559444 0.14829803665458785 0.14307674591834482 0.15562704494736151 0.19102572458321065 0.15628258298482933 0.16737318654844274 0.210503344549014 0.1958177262263691 0.22301639066406462 0.2971726899904001 0.322111209496361 0.37279698517784543 0.36383426958035076 0.36666336540936784 0.4203843390622936 0.4337050673135882 0.4370174766784211 0.42381236952270307 0.4167220778343482 0.44720123037428927 0.43246275031271575 0.4121233044737611 0.465705210452014 0.45165435370991014 0.5009132763541592 0.5042818044697452 0.519179320275182 0.584984375738619 0.6049918643365709 0.6163335117890721 0.6193232716507183 0.6074902096035869 0.6356988805978904 0.6348352603346694 0.6426296528920864 0.6467936053805271 0.6397798039313725 0.596269788478414 0.5611077388720674
0.06405729186716258 0.04931602506271485 0.08202158382362884 0.12093717957563495 0.1659767658558871 0.16048552997870527 0.14060202400295166 0.16999352002700363 0.2020044285532458 0.18971052978267694 0.22553814423938778 0.25025189200607045 0.27371708772995496 0.25517616492548795 0.29694128430753924 0.33493023335458266 0.39497142533195134 0.387210584855502 0.4238599154163405 0.4368241432910936 0.46129755858579297 0.45387013556010763 0.46072786549908784 0.44423647013368595 0.44278497174727655 0.43611027589851087 0.47281706611824736 0.5067804298942135 0.479977404156567 0.4796826130535131 0.5290054141352345 0.6049785723503436 0.632791788681633 0.6183374974336171 0.6391536316753451 0.6698473181032214 0.6561997343866454 0.6416127442297731 0.6548011702836025 0.6708646824342455 0.6485243411450009 0.6098936029975793 0.5816432362053776
0.05388823664799892 0.09804191853888149 0.10515086548097628 0.14056371564232045 0.12562302024415412 0.13418986762465665 0.1728886617850035 0.18624866607287222 0.2223651456347109 0.23444538224180883 0.2412598520953201 0.2638899808821482 0.27462615025718934 0.30875855455431117 0.2900197417083109 0.32789042441061084 0.4018089099755289 0.42620183940364903 0.44601307375062477 0.4405569133337601 0.46832704992808827 0.46865284427453374 0.4546342799251599 0.4380877765538251 0.4455815589703308 0.46473621070241833 0.5145423480826128 0.5436433885629153 0.5031085322493094 0.5240170749064121 0.5746979605226991 0.5728610567125664 0.610702803348522 0.6255488290503421 0.6302516073802653 0.6508728917834673 0.6458592593081981 0.6614858492315375 0.6330124181073973 0.6501914172073938 0.5942991667079317 0.5867201993832148 0.5573140585385016
0.0776442715141805 0.08925907726091083 0.09549629242753094 0.10515081933064102 0.14636410411348236 0.12661068745651885 0.192934902984374 0.1898853807708592 0.21791762961701217 0.23743360863107615 0.24306724554326437 0.21108734157924544 0.2708871915247912 0.31788588205725365 0.3289517896100213 0.35602263704761483 0.4015128651407139 0.4284646229417536 0.44192205605852647 0.4277298723906516 0.4695525888312582 0.4760638493025656 0.4752546599557771 0.4706213060051149 0.4761618257373053 0.5266968016680256 0.5176418006825477 0.5431105803603713 0.5395441943982727 0.5879193504479026 0.5911983720690461 0.6071186269736514 0.6147850517958867 0.6331940937599907 0.6525133911854697 0.6444705538040109 0.6416319970283962 0.6250132571148916 0.6249747765163278 0.5977832537550124 0.6114797754572276 0.5734366496670185 0.5263446545492256
0.08657253258328233 0.09362450212265602 0.11036214786380423 0.13505910716784744 0.14031476614730612 0.17726184191537725 0.17437130912712606 0.21515112937787642 0.23026915252398786 0.20835931054427426 0.19547292590446205 0.19189516992654962 0.24106728573157507 0.27950813289659693 0.3288169520833825 0.3586659958042433 0.3935691926633104 0.4017305979758797 0.44231708488533594 0.43625113482481653 0.4484169910181283 0.4859375567943271 0.47217849137930784 0.4814640020531982 0.4827641438440533 0.5373984725845209 0.533207054696087 0.5849263264279393 0.5890437716939771 0.5649542885156664 0.6031821778166762 0.5851279648869794 0.6032052091195159 0.645388491276889 0.6719191249173513 0.665062842166141 0.6073350089310324 0.6272620155305946 0.6127738534413374 0.6386136654798633 0.6189520142732042 0.6064433997348113 0.540421989741169
0.11923397644459038 0.15902729426167214 0.17381625240795096 0.18000175038970337 0.1503759229879078 0.2246307921916636 0.22153860240812315 0.24455380758281228 0.2049145927384168 0.18033865018493736 0.21632213584077495 0.22187149835432868 0.2450574419261828 0.2774574313485832 0.34922493161272183 0.388091276936827 0.3808229407337932 0.44449318662928916 0.4688294186259869 0.4487949252548328 0.4358145893392617 0.46417285845115397 0.45962162692933756 0.4605590332747919 0.4958395634987981 0.5270870700019241 0.5692598925274167 0.5837156887173178 0.5928041099699219 0.5555843518669374 0.5628898335550095 0.5758560980757974 0.6026840559137028 0.6520874324791485 0.6329436790510276 0.6538454615207427 0.5907621739536532 0.5668608419056459 0.6156793095417856 0.6158216128231324 0.6352913579613166 0.604666546031727 0.5332098112584328
0.14543778025951556 0.14707931079763423 0.16433216573466017 0.17505445031193448 0.16106978237358638 0.18608196116469108 0.18802626465281305 0.19700899102217626 0.21652011395809242 0.16818997912752773 0.19821039322228104 0.23125904554478394 0.2627117046059373 0.291665127737671 0.3139715315471175 0.32656152078747136 0.36528647090402466 0.42063398926015033 0.43655731283727284 0.42992635451126493 0.47343830397548015 0.4723772802267739 0.4860653594865956 0.5052115620652199 0.4907965869012123 0.4948107151582307 0.5493800380902463 0.5744075527215217 0.5741641388189324 0.5984669140868272 0.5785149929942105 0.6052382294525848 0.5992178850147433 0.656800159964199 0.6611042510677864 0.6549745555674563 0.6013769985782845 0.5992226339428991 0.6156024509433342 0.5928901516395014 0.5934920198047576 0.6143368135275454 0.5808760577268762
