Raster_benchmarking/DGGS/continuous/raster-267.asc
NCOLS 100
NROWS 100
XLLCORNER 1743153.1560327536
YLLCORNER 5469283.996231366
CELLSIZE 10
NODATA_VALUE -9999
[rows 19 to 37 of 100, columns 43 to 85 of 100]
0.3858890900335835 0.3567758499794075 0.29804780279257903 0.3230407931319053 0.32149684515583243 0.28927295408153786 0.2983799973033655 0.2543508532843367 0.2711088780093214 0.3309123433720205 0.3713125459906664 0.40749760081812997 0.3953846733333515 0.40734920094965293 0.35585550657144155 0.3217288635378062 0.34436294750737634 0.3157725377475917 0.3149229633738236 0.3054634222939494 0.2979756738544383 0.31569439579229186 0.31956579996322637 0.33890981957519856 0.4127995832757586 0.4177267893703674 0.4175530076677578 0.4582108327385126 0.4437539508647724 0.4162245404862959 0.3903996744561315 0.3606921406189348 0.38369517509383483 0.3513364998492987 0.3759947085645724 0.40212323508577585 0.3467877991260553 0.34859303455493573 0.3260742322469287 0.2577337552585844 0.26250842416567244 0.2383824060044982 0.27034909140391494
0.3391909452308005 0.31069191928170403 0.29221516963606464 0.3021283914526882 0.2637219303246925 0.2684276595238817 0.25861366240572503 0.24611189790054658 0.2735763775053335 0.312053020420665 0.37149598611437795 0.3911795759259519 0.5001471259203321 0.4154718286351083 0.3863747056184339 0.35078516157718354 0.31610163570930266 0.3183450783898578 0.28424447858602025 0.33244905629527755 0.3303657170989175 0.35427795465583434 0.3447035766167193 0.37181181514651973 0.4279219289991256 0.39021122169205935 0.4050958041555283 0.4545687425426669 0.47424870345510206 0.42816105102193125 0.4202508513168037 0.3556986021099581 0.3248047881043072 0.33555035094721836 0.3534107753527535 0.33836844807685973 0.3379224192037346 0.3256029095792994 0.2592771187935442 0.22648292047434104 0.23130962638686642 0.26135134830532947 0.22079160501723635
0.30557513883583315 0.2735486982071406 0.29718985350429133 0.2725364622323139 0.25140968113974166 0.22937509127571873 0.2775965745023319 0.27102807112013566 0.32711223489113367 0.3635053891985705 0.3886434401559896 0.3964024820074989 0.4351811115420219 0.36614232728282736 0.32360930402019994 0.31218394410121425 0.2803461913542829 0.28361198239997626 0.28871228569646834 0.3014624520492915 0.35511514388761506 0.3594584243400094 0.347183712079937 0.3488138300024423 0.3759344037852564 0.392708412610628 0.40585259586140393 0.41581539587505434 0.4413084202330031 0.39744164799061227 0.3885556681818904 0.37792493351717266 0.36041074968799336 0.3600513018401864 0.38182952380468577 0.3163325962584546 0.3381451549381906 0.27343840178307127 0.299549334058924 0.2537758280107253 0.2501322979481939 0.2711836036809824 0.266600832878883
0.28143913404951554 0.27139686045283296 0.25452478554364577 0.2560137897018053 0.19996407449285677 0.22379892050632513 0.2428690052814674 0.2505335463425939 0.323083428774727 0.34415590027535836 0.3754291230953623 0.4017306031726977 0.37263744650459496 0.3505271787914708 0.31217725463423845 0.3129327264123112 0.2612682426316416 0.3109452006770523 0.28633735857974496 0.33582861779450945 0.31256353197925807 0.36556512284075393 0.3503751021045135 0.3664043366601015 0.3622975020290017 0.364996070958496 0.4369051401692058 0.4446952481583909 0.395832524841418 0.36220831060096037 0.34603648445505075 0.36430043084785657 0.3674626563553886 0.3581267870429927 0.3967419830743513 0.31542448716858096 0.30089780978515024 0.3208391205837929 0.28780164136329234 0.2581541973644704 0.2811606255449026 0.2599983936774447 0.2881361206512517
0.2636295856939899 0.23665820867746018 0.22055832868003838 0.2260421526863375 0.2009643599976516 0.19747715976435207 0.2002634733378854 0.2779403855743175 0.30014266285116814 0.2889875096541603 0.36218007332021784 0.36592285082193465 0.3358733251105582 0.3237167041222753 0.3060982766737389 0.33733072668297653 0.324021068326269 0.3108123505555359 0.31915214995860475 0.35512749843097524 0.3389160735547273 0.3553557487457553 0.3787768595898588 0.3852313981789979 0.3701163977088971 0.3686835746353723 0.4289733269711825 0.41270366586644847 0.37162009161603626 0.33916731863000593 0.34430144647993494 0.36355900895003 0.39325620321007415 0.33657844698175987 0.32592233225565054 0.3098543202005832 0.3278215171564127 0.3150579966013038 0.24813431922600532 0.2492975113912926 0.23357434191753076 0.2461303381398423 0.25082748984602177
0.19449213131721632 0.173512608728885 0.1618854648365348 0.15099088264453087 0.1624478632027178 0.2070259907012843 0.20152053895673408 0.22488950456745685 0.2501112161403185 0.2905164359428378 0.3001874852512059 0.3191253943719804 0.2919979255390743 0.31003893086336604 0.3504686921384607 0.35211625359609483 0.32918942413165 0.32453563272706487 0.3635394800023783 0.3793384868192424 0.3744432175487583 0.3485909248904565 0.3919258563510997 0.3978900899174152 0.40601518884041754 0.38766951015899026 0.38022365659550195 0.35813695719745425 0.3271030035773683 0.3340782265987136 0.3830108913920381 0.3871764801348144 0.39786135911496207 0.3342307529776024 0.30602251515170314 0.33101985127568895 0.3231162768525249 0.28848553722391845 0.2668355061696924 0.2374654083417243 0.18401398253299836 0.2413599282210758 0.2477033346970009
0.15437498811791053 0.15707032386076691 0.16879040382578914 0.1618563611461181 0.1986731231041514 0.18685385992799883 0.17213257662013656 0.24290685912425922 0.2420673150846574 0.26545775652816966 0.2934033539383963 0.28278125470265203 0.2875146143674958 0.3211082736941238 0.30653374673975875 0.3413912242581933 0.32459767059065237 0.33813028407835266 0.37783378639682796 0.3734559906979166 0.37423114613861 0.3373911705458027 0.3551815064591327 0.42039376293214803 0.3772192060236902 0.36410298113961986 0.3803998145614207 0.3660841416596833 0.3539283954296874 0.3150618513865555 0.36610513235535364 0.3484753757816443 0.33210010372662796 0.3181724087622983 0.3240107861747663 0.3158006572949144 0.3184933024779164 0.29148183994477755 0.22638665742824035 0.19511535545912273 0.22740931399718955 0.248077201908626 0.2519614578087028
0.17010112041669387 0.16055592365040308 0.12848671426475702 0.13364564440580043 0.17365824271061608 0.1668342249801124 0.1549248256598186 0.21830697411632416 0.23962630398058796 0.21905131346679094 0.2600961575889471 0.27642049118184003 0.2635030634855901 0.26720687369561613 0.28917862276413653 0.335934156921742 0.3503315175452673 0.3218081718134233 0.3196990790725665 0.3059998237452949 0.3224651397950694 0.3170826946343105 0.3872827285451084 0.39154956426789517 0.38749880922855523 0.3379967997349877 0.30828883970823534 0.3180391050184772 0.34601796121065387 0.32533843008846497 0.3071236195199371 0.3106844751366881 0.29675074369043136 0.2667713771373303 0.25686636287882414 0.2696429969848952 0.2871509798034209 0.23362208782749325 0.23431227016537076 0.22146300412662243 0.2203866404011273 0.19745075120757177 0.23983601013500597
0.16094504562269357 0.15072718249700753 0.18375793006604643 0.16101979669822958 0.1808118664724619 0.1431375233194909 0.1351655732447308 0.15979081308882004 0.21168624740494385 0.22055694212166707 0.2352572609711682 0.22235937655040186 0.22529576133259405 0.2577772182821543 0.3217962512175783 0.32251869140741934 0.37702256136922246 0.35878504509143655 0.3291157942004755 0.32511373493015505 0.3477872712612028 0.34438307893485987 0.31984076164824 0.348117099689521 0.34383313212648764 0.3333655304147766 0.3321615569081425 0.31689981266483186 0.3116067164609859 0.33830359772911484 0.32125614357201965 0.2575271757074233 0.2975222812632328 0.25100757559990805 0.21630796159542712 0.22325372873443736 0.25830145747896394 0.22928086667007175 0.23725993495441075 0.20794930389656255 0.1960990788689307 0.17830122150708977 0.20630216244387548
0.20060390870312073 0.21014123976808252 0.22465668040377842 0.1632216785992823 0.14127510288069703 0.14380270374377194 0.1722670552642956 0.18981359692471422 0.18110691379014646 0.1768644092698834 0.2266846457913475 0.23590713210824607 0.25969590891847344 0.25274784594017463 0.30750405831307426 0.34662731632525545 0.36609261432152423 0.325134565360348 0.2847278957877883 0.29428554217706343 0.33573304732779763 0.2909988515391021 0.3071613514213536 0.28982999486484673 0.26826468713865553 0.34300223177138106 0.33545096482782494 0.31927802987722653 0.3199987945928498 0.3012691952996641 0.2690705488052935 0.2779954329892861 0.26068296006471514 0.20467678723593136 0.1968680896860347 0.17981653269872264 0.21503152402175305 0.24383503815757257 0.21870555186158855 0.18773358520271885 0.12424321067703119 0.17753570517038014 0.16212086636871476
0.18412874526308834 0.2306568543959086 0.21826651616957415 0.2179997985818055 0.18851055319647841 0.18572061439566237 0.19244096081501727 0.15633110999197872 0.1616715248577696 0.2054584198044719 0.19961884616448677 0.21568420505685756 0.2662106404518437 0.2655759471970082 0.2935522693225109 0.32095142053200093 0.325723756351647 0.2753312391905108 0.2938731740720366 0.29615207683798994 0.29704486480596276 0.298182819068824 0.31166373514263496 0.286845042588995 0.2692609896975684 0.3109636341908753 0.28234472077460676 0.3123979745184187 0.2861491647903832 0.26215854282839846 0.24746992216121305 0.24145091052788578 0.20636910679068673 0.2023543888585524 0.19948969353142743 0.2000890915434962 0.18716012024207718 0.21783566275602737 0.1770216179872804 0.17432002829295284 0.1694444312526078 0.15013317541865617 0.1795122603108602
0.16410877677719474 0.22618788390156233 0.2327143346840574 0.22262248370780116 0.21383679170519482 0.21080543282286932 0.1533387240502753 0.1691590552002802 0.17417047130588403 0.21218275814969506 0.25199322372330507 0.25017572074215744 0.21101723674568423 0.23564610313455212 0.25430134106023333 0.2587853460577155 0.23257891700765135 0.2188934624226875 0.27277580745336716 0.25542014663533347 0.27212718900017985 0.28576989776051126 0.33015333326351043 0.2736701868495018 0.2852500788928841 0.29357292210629 0.25900995354174605 0.3096965104067579 0.31462898352275265 0.26437678928218644 0.24558055612740415 0.2682519422672003 0.21840982213151922 0.16328169265761633 0.1473658454960204 0.13712595882993148 0.1547262157791617 0.13267563949617678 0.15905424262973186 0.14744728432679619 0.11308915318524303 0.12443553807368232 0.17786094015366405
0.1982719283610696 0.17399804144952563 0.243299941665267 0.27567264771501115 0.2471056809909969 0.21225255094858994 0.18149023063844424 0.197770941701116 0.2045203450782288 0.19836197951862355 0.21942292648189082 0.22713839599092453 0.1966102603200938 0.23779707844553633 0.2683520333529119 0.24451232047506216 0.21916164219314174 0.2208210799212487 0.22100102096856664 0.24078947179302407 0.28710271261854536 0.27902209559970026 0.2910527768454848 0.2735958679299429 0.2870281590959079 0.2639704249667441 0.27919140376125057 0.27484504328835774 0.29461991794712433 0.24587450428128457 0.257347642659957 0.24612678593837237 0.18439464389875324 0.16451598652717916 0.1395431281082844 0.1494868376060104 0.0915811497836092 0.1240209732101986 0.11142396484266165 0.1460552478330937 0.10461250602059353 0.1679171367250746 0.1765384229646598
0.1509201754533969 0.19434584102986693 0.2674779972622855 0.2587338748437367 0.2729714537162759 0.24749651221585958 0.27143373096086054 0.19686431782561953 0.16351739678812255 0.22619735330636104 0.2092905517231835 0.20087979289012153 0.23174399283141964 0.24732760766685524 0.24169486298451373 0.211694764171076 0.23595551384957286 0.19950227469366807 0.2013302264754138 0.25561626103403523 0.2678516854878146 0.23912016395510943 0.25457433071287633 0.2889139198219113 0.29518067179851487 0.2533592997314167 0.22938637148155244 0.2417520576747526 0.2395119935270361 0.22173965874675808 0.2559206672687743 0.24866226611423994 0.19231226644236865 0.14825933006967862 0.14538445712245562 0.12053897410232044 0.055634867662022705 0.08347640246866991 0.13907284762609787 0.1403821406958274 0.07955594039575384 0.13803853607398295 0.1913180205979618
0.1411674006151213 0.1759928957240166 0.2744725864697406 0.28732067253698435 0.2850157409705756 0.2801701665051814 0.30082976391857935 0.22930803627771204 0.20497230881921158 0.21738806851541717 0.21533098310595555 0.218352181511345 0.23248292297876308 0.2134625174159745 0.21513071305678033 0.2194137826919563 0.23055050435643584 0.21755480122078016 0.21299406743172156 0.22651969076639036 0.28310560791242156 0.24376201725852661 0.2656909229763908 0.2622317400405562 0.26248630167483206 0.20475084519995002 0.2054354576371429 0.20456411776309655 0.1732134674519427 0.21681492637493796 0.20200855250323688 0.20181511588001202 0.13578882059276942 0.1326184870772025 0.11343016990599192 0.07019291035505223 0.07157989404697655 0.07117750728960041 0.12573495792862224 0.13417878052134677 0.12479651850145153 0.14469366543616705 0.15780498989567807
0.14116968360627352 0.19454063695584412 0.25551352391468257 0.2436252611560051 0.2365429203848261 0.24649804827804966 0.29953712357569284 0.268846663394837 0.19843757000183668 0.204646431134533 0.18483003136879578 0.20199214262375476 0.18938340938585557 0.17435640630510246 0.17964747979711268 0.16047085094110064 0.16440726545374848 0.18444943778391454 0.22082788139229456 0.24264012100074814 0.27593158417242397 0.22964355735893632 0.28657908155428463 0.22720845731529768 0.18423298205925598 0.1580148837232134 0.15601585559687264 0.15601542786859093 0.15350998501356775 0.13928107299745018 0.16467652451967354 0.16944699631785945 0.12082349168934284 0.07998309719793392 0.06025690745955392 0.02136783231221332 0.01765685908068897 0.06349470345964538 0.10303695916307053 0.12752480024086002 0.17570244317088024 0.1437861818523623 0.20076775219616183
0.20709585911034617 0.24974100483149367 0.2899488966908251 0.29507592560037815 0.2845737699970798 0.25724487457871514 0.2849814105213217 0.25035355250174013 0.21173855164216812 0.21806005556372762 0.2029418806568986 0.1814529071935905 0.20851461189098403 0.1521947465298832 0.13520246987129628 0.15184622670924178 0.15940444737497206 0.15445196747305426 0.17522878902071526 0.207386645172413 0.25164264078038806 0.21840190225968786 0.21590709018221924 0.21671252912745975 0.2254296887100019 0.1952899174424044 0.14538261241884082 0.1693731064502038 0.13699913127318888 0.13317621869867016 0.15830609427885484 0.12270413825519637 0.12282102384996105 0.12183061932017697 0.10220183084874322 0.06381834512061066 0.08465561935627322 0.0739474381773122 0.11895306439911589 0.14378846354254787 0.1393481481388609 0.17252284362796094 0.1984999557268749
0.19221787621515707 0.2420060712590885 0.28449070715286773 0.2679469085192709 0.29572743140284713 0.23844007490070548 0.26172894685780695 0.24254620778027922 0.2755708014945861 0.24044923047341502 0.1994547398237922 0.17816661969482256 0.1985775762774309 0.1663586349665238 0.12543953327045293 0.10621837778573134 0.11817518697634051 0.145535739060255 0.16155277252038752 0.203679605166084 0.2143769938695571 0.22072363836966508 0.17697545228133207 0.1817012510136839 0.2123718605332682 0.1756999217115609 0.16174065549734642 0.11398297077835412 0.09031822233122544 0.12252066488726235 0.12392717238030794 0.13637336659363297 0.09957910924884722 0.11747525706270924 0.08510678604243645 0.07500685920562407 0.05925496023532785 0.12275904727465026 0.16083065487629394 0.14977860071318952 0.17873232003760142 0.14321739535623315 0.20447361421461052
0.21315409751922426 0.24859294939132218 0.2864532128703552 0.3092298957678292 0.31318495076968356 0.25458440131398247 0.24900302258460758 0.2675263844236701 0.22355498082239428 0.22448130425496282 0.22327892424300932 0.17640964125793698 0.17535659231089698 0.12865458623367887 0.1464195250102505 0.10746297038329561 0.09483588640536514 0.1453889878133679 0.2000778805432718 0.21579570037980966 0.1879923959266712 0.17296242872867312 0.20323719634018428 0.16796066781093874 0.21986475447472806 0.19483246462406847 0.1903237800999501 0.13671861206223054 0.12383661392191828 0.1598950212143096 0.1317809641540751 0.16067434842948275 0.12187182292867253 0.0865333357182714 0.09592234796693602 0.06425216877391783 0.09883874276246576 0.11456956907888197 0.11731535158667432 0.15171170003809825 0.14639107551349437 0.11840614251001515 0.12349343653012575
