Raster_benchmarking/DGGS/continuous/raster-345.asc
NCOLS 100
NROWS 100
XLLCORNER 1743149.2328145385
YLLCORNER 5469297.381019177
CELLSIZE 10
NODATA_VALUE -9999
[rows 76 to 94 of 100, columns 0 to 42 of 100]
0.5561695761906483 0.5588407154256523 0.5579776797004317 0.5797793237470004 0.5552826012883039 0.5693687738511676 0.608451349663057 0.6219272765799461 0.6177505384177837 0.6524569533209266 0.6862903746472633 0.6644243204713801 0.6535874772282191 0.6730153264524548 0.6604159729125015 0.6920914917101506 0.675629727226861 0.6673008472571446 0.6630582014416068 0.6408308411974099 0.651334612863038 0.6372879597966384 0.6357377169643756 0.645726911878649 0.6387009341783201 0.6382297016208394 0.607220094170056 0.6344490257653866 0.637446653273238 0.625502054069873 0.6483663452900224 0.6619994231964469 0.6483126160443586 0.635228028789248 0.6631585331193278 0.6770224720405946 0.6956550345190924 0.7564634733408259 0.7745797482488254 0.7502329681353764 0.7559775160436345 0.7839754359458526 0.8070969930865026
0.5622623135564859 0.573936591358423 0.5880302968480192 0.552876949883387 0.5564284564691904 0.5623949649667938 0.5787160163222131 0.6185457957961012 0.623579987392598 0.6514552596990324 0.6548533710794472 0.67393563618339 0.6567340293832733 0.6711846112890504 0.6666767652828582 0.6546028710678518 0.6819599039868787 0.7216304685624464 0.6737784872460959 0.6622922878095762 0.6453681617188586 0.6737133275447533 0.667143165275564 0.6484639307941162 0.6541658200168345 0.6372855744387363 0.6311887660145837 0.6581730765658482 0.6374307506617236 0.6485425695822679 0.6893032952610236 0.6935696776182249 0.656232931312917 0.6627562240343265 0.6557889300894886 0.699202048174031 0.715091969191178 0.7593356409533623 0.787909022185864 0.7932044145815302 0.8079661593436416 0.7876985663403048 0.8077983253347701
0.5906704190382275 0.5602939568997488 0.5858061337740216 0.602871982678248 0.594759498469386 0.5926554870482108 0.5814941432342573 0.6234869924523164 0.6458336028091445 0.6601453153224247 0.6487283260675019 0.6703004578031487 0.6612686538856095 0.6591279570672057 0.6756717000448318 0.6438905015768671 0.667578681635026 0.7095633676768385 0.6878539956305547 0.6651374222907627 0.6742790173580395 0.6752549579253782 0.6735200211543646 0.6626964810530709 0.6687206909678836 0.644934995225043 0.6576898322578952 0.679852074838732 0.6684017774177592 0.6746788553559446 0.6948076981004073 0.6998593318329092 0.7055184402661292 0.6970975845078261 0.67789241123936 0.6891018832357967 0.7237302860805555 0.7461090598172654 0.7950444293990672 0.7908868733904459 0.8304025462418018 0.8196975491968107 0.8496166030485636
0.5938986339985038 0.5603826855782632 0.5916365555588762 0.5910449693388627 0.5847619050101003 0.589770755583713 0.606603801858727 0.6252528331353001 0.629732647263006 0.610815469145268 0.6566438262458971 0.6663882663099393 0.6868289918441784 0.68649995800006 0.6600711560299052 0.6450105198894441 0.6927974333946441 0.7045382885346472 0.7079933922691896 0.6906716302344854 0.6965767287890314 0.6789816044309958 0.6732768793182244 0.6867754588316286 0.6510537500345907 0.6415337585309456 0.6669038540768015 0.7097479579951023 0.6895711315233624 0.7361530258468078 0.7222103670395605 0.7124065150402085 0.7049006708485966 0.6946013321649179 0.723179361647705 0.7247015625359865 0.7469668110543323 0.7837928047682023 0.8001893166109293 0.8229907857274293 0.8408830127841225 0.8758176344796634 0.8548115765960258
0.6103490740872161 0.6018632074343833 0.5943866144940231 0.5755661561599663 0.5983782311821204 0.57983164888004 0.596982357815393 0.5882110271955797 0.6013085794596211 0.6114224904193872 0.6368148380573329 0.6524933618188907 0.675166123533424 0.6745045768586391 0.6451300556569636 0.668635022532432 0.6940045977392927 0.67535361799758 0.674398387692048 0.6869055547749211 0.6751055847147434 0.6827996698566215 0.7134857926703098 0.6866857535871904 0.6916630032393674 0.6917520741832089 0.6993282519741147 0.7144291021962574 0.7308747340535037 0.7604028925941405 0.7333076611382403 0.7460615122695066 0.7241728929019546 0.7137250964992086 0.7274458455057283 0.7204010606502271 0.7402285808115804 0.7487890332634995 0.791771458035731 0.8069376006278582 0.8432925382491254 0.8589471639892852 0.8694256472935327
0.6213321986266308 0.5971195487537716 0.5768328469717345 0.5932059860532368 0.6082475497950859 0.5922370336060192 0.5904951079561428 0.6064032979867146 0.5928745103469055 0.5856195703504238 0.6008575052893705 0.6380628815261026 0.647114722617076 0.6424711776141027 0.666825861251389 0.6703074967799496 0.6856731858875099 0.6833162596994419 0.699263349902841 0.6675209137818912 0.6692061978298353 0.6986096973437939 0.705350362760987 0.7214169110287926 0.6921616099687486 0.6740809763805176 0.7192132139458172 0.7248217316592234 0.7279486488338249 0.7588862062581212 0.7655176152436955 0.7848310406714691 0.7441851939183236 0.7222653651054649 0.741469617241899 0.7189468841793407 0.7608782627291476 0.7639768987654068 0.7856803969816434 0.7996605689708474 0.8523628877586591 0.879023556130663 0.8768484069109362
0.5820078880110583 0.6043069826209013 0.6092877626414758 0.6194676241128849 0.5939489841879199 0.5803241413176561 0.5880932044143091 0.6039585445903474 0.6006984950628615 0.6143633090654117 0.6206186249880254 0.6379193897978467 0.6591357075364122 0.6521364860911423 0.6512691938368756 0.6874294751985343 0.7021261741406859 0.6991383576980129 0.6968243913688765 0.7060706242717185 0.693368634649683 0.6980213703002922 0.7375362973748509 0.7031436687956544 0.6975211540184856 0.7052224639577573 0.725165984990607 0.7443173383062639 0.7424450269975882 0.7606374707234004 0.767812053317745 0.7976916040853355 0.7916249770256317 0.7741231645892205 0.7540586137919763 0.7711510988073341 0.782577725685044 0.7825815920819755 0.8034790748373234 0.8318191400538683 0.8796461297013558 0.8996551632257301 0.8996750270969952
0.5805325136604075 0.5842657649171152 0.6013703302029152 0.611825586565199 0.5823400347299631 0.6167016007010621 0.5852151786683484 0.5998099076688326 0.6046609547075612 0.5842823815993234 0.5968480069122991 0.6290298945069092 0.6583940795634857 0.6896336985634363 0.6614666588792777 0.6706317390167114 0.7150245755753415 0.7005849248681789 0.6855013120367405 0.7113890017627151 0.7008986616600122 0.7476306541691046 0.7176075993312386 0.7241715812850331 0.7364081742042639 0.7388384473094389 0.7208024086549513 0.7548484699687598 0.7547990847492465 0.7610233724279107 0.7967294072455351 0.8050422931220222 0.8181000455319638 0.8172782032206346 0.8099953963528439 0.7889807027259098 0.7951321041548661 0.8330796879481742 0.8386617733605142 0.8741616643857029 0.8819897959989077 0.9328324194837442 0.8973641254412811
0.5725933765481473 0.575967183373488 0.5799310390360796 0.574729924669984 0.5731476139928432 0.5823820386754173 0.6094197915068175 0.5732559207134552 0.5744630428511586 0.6009812692789078 0.6205867694748103 0.6627045051487593 0.6584095036426552 0.6811146602604395 0.6884800440150547 0.6860295723879702 0.7030951764411636 0.703412326241309 0.6830915362451817 0.7188410502228644 0.717092759903183 0.7502253312928773 0.7284479758149258 0.7404505931819567 0.7414228951911724 0.722359500812346 0.746139904074963 0.7753519729482515 0.7779179374261043 0.7645873684906948 0.7976053360823235 0.7912879984024928 0.823242386080222 0.8283101041927697 0.8282688634555042 0.817620039418831 0.801061455167002 0.857412019881156 0.8705529667782003 0.889215960258457 0.9254090376166202 0.9453172102601318 0.9269746401097743
0.5655292584036877 0.5665222619002647 0.5665895026215184 0.5495276807706216 0.5750135278663937 0.5757210952727426 0.5700753199984234 0.5666762807656823 0.5865260540556042 0.5587222966525747 0.6073015671477654 0.667297715476807 0.686338207885782 0.7134743631668319 0.7265796920394701 0.7238070745540474 0.7141730002489038 0.6784828960312875 0.6803057823079705 0.724154145576358 0.7460764494969964 0.7500879682888308 0.7634601505493452 0.761998942387077 0.7482280226345611 0.7439122501632144 0.7438020331858439 0.7890997590874704 0.79909092970857 0.786973809692734 0.7726622584356181 0.7915901243982069 0.7858963963758044 0.8099630706391571 0.8037034363535713 0.8284639473112793 0.8432157705570302 0.8390743995880929 0.8714634594496659 0.9070718804918114 0.9126545866522539 0.9517825518837901 0.9367462919642644
0.5623505111942154 0.5690280290678479 0.569042782151361 0.5856003706856897 0.5906071424342834 0.5804748058709935 0.5832004948335721 0.5924890192676016 0.5776940811552982 0.5994617709869495 0.612758022298495 0.6588432755457982 0.6891334666186661 0.7276796419579212 0.7149833933360756 0.7240558826999673 0.7011408661778181 0.6984067789206205 0.6935227899621142 0.7390907788152886 0.7311216358502164 0.7558207301476526 0.7524090734523168 0.7509132135444314 0.7379112804603656 0.7392986122212251 0.7725920415318124 0.8041594196613177 0.8021430120861931 0.7941344776384588 0.7824519805371841 0.7958526118028504 0.798281701150588 0.8111655102673299 0.8093185452686902 0.8285607310516805 0.8357845711065244 0.8704022735562587 0.8680100528419267 0.9039812425933882 0.9067188249028946 0.9167314583319415 0.9241288096372623
0.5667932904091362 0.5656413527179002 0.5879763259594308 0.568157273339276 0.5788961517300311 0.610392444015948 0.6003792856565534 0.5810057957683812 0.5976431554525502 0.5734631382247598 0.6279056271511707 0.6771668431538155 0.7178204743354564 0.7311176074201647 0.703801197293091 0.7120527407472003 0.7134838933618346 0.7139052439129523 0.7344178899884021 0.7386361012465188 0.7675592136122534 0.7787362568702593 0.744371439688905 0.7515867220955443 0.7238998003719702 0.7439426722053164 0.7737753007831443 0.8009668868427359 0.7962640978637195 0.8272840073209653 0.8179899010137168 0.8011189138924956 0.8249513155969262 0.8383206759582613 0.8160072388662051 0.8406030887746462 0.8548257404341908 0.8720620785504699 0.8891572089286252 0.8811405952429602 0.9172658338080201 0.9339021371998005 0.9173239220306645
0.5813567550238713 0.561359390638272 0.5702018085184781 0.5875596486258835 0.5955496496823649 0.6079237490519437 0.6185224662464499 0.6028866291805108 0.6060955043932257 0.5924990266258546 0.6143322481851844 0.689060434624262 0.7129689473132905 0.7081004317214233 0.7122154060865116 0.7106276330745723 0.7558328410551801 0.7692738596088121 0.7421604736361429 0.7585577265352349 0.7481418350502421 0.7502370557793917 0.7522588938498016 0.7624287213637649 0.7454748612659524 0.7620979158325408 0.7723960989205055 0.8082124706211167 0.8273822162713181 0.8073500316096943 0.8200076673765849 0.8246243141167375 0.8212877619942864 0.8070851897088921 0.831713407697968 0.8434139832983706 0.850004529785049 0.8514824246756828 0.8813365795456911 0.9162347643003973 0.9308544631444823 0.9277569529848907 0.9220135843343098
0.6035948993691994 0.5842659324556185 0.5945108826622836 0.5695187488423891 0.5831062776164938 0.6356565745839435 0.6411638645093879 0.5947799492192903 0.631204607662924 0.6064096602817988 0.6616015345005016 0.6795267487596515 0.6767350811525433 0.6915755351804154 0.723428040007781 0.7314220952503665 0.7404049030835415 0.7912341440877243 0.7716476375353672 0.7856361407977224 0.751345863877166 0.762427374580165 0.758510018329548 0.7418357295644155 0.767668231665356 0.792067366939418 0.8023644370761848 0.8258290919851539 0.7940093291929131 0.7865748389493865 0.8136992355047631 0.8400463992767593 0.8433562992069992 0.8065163539326736 0.8231319621026338 0.8279902433006215 0.8524944463251017 0.8533194933936663 0.871946053504092 0.9289726480574886 0.934590292608319 0.9503977469167072 0.9601873494268042
0.6064367630898805 0.5913142239890625 0.583814353740746 0.576620705714156 0.6120117881892443 0.6482239647220164 0.6499523726456261 0.648296930149074 0.6429847183268927 0.6608992126216416 0.6664783179617816 0.6662947986926774 0.7007257902633112 0.6804451432627463 0.6958433374487244 0.7369758801815613 0.747083599835118 0.7579516758799735 0.7564299541111552 0.7551972024000506 0.7629133729028879 0.7324581634320274 0.7518404115349794 0.7449961332230775 0.7849984049795796 0.7782654214607332 0.7891448530016397 0.8003793434112272 0.821011451986489 0.8100921705005487 0.8205832906592623 0.8476490365204934 0.8260096632503117 0.835405743645189 0.8246196832962064 0.8471304438360164 0.8547949548650869 0.8719602740834843 0.8761308847935865 0.916689454857879 0.9118149488030755 0.9238644346532515 0.9354984835665633
0.6168180231403878 0.6054526857701096 0.6043587350150561 0.6193576120283669 0.6305830778926497 0.6678022408979314 0.6714208034041312 0.6427392271013742 0.6686285801907 0.6498239645220748 0.6885591235708989 0.7051528172771642 0.6954006122262936 0.6998766788196087 0.7025924111472708 0.7420990599844379 0.7328385864962034 0.7394389168045513 0.7543252620064836 0.725910069725431 0.7435459859083398 0.73929415217929 0.7721573750356214 0.776645364277203 0.7653247196367575 0.7978274568622552 0.7846842150514147 0.7822800443175263 0.8127084572763495 0.8050713109022205 0.8316234764285778 0.8504129922110009 0.8369430971461823 0.8652727028478525 0.8312664961971015 0.8607112452108489 0.8836464671352616 0.8725358328298422 0.8602216725502831 0.8847440549681445 0.9242017120233662 0.9481318974910522 0.95253869632109
0.672455027214933 0.6220331502043168 0.6327601964942868 0.6331440388576318 0.6430250670562946 0.6380944709987041 0.6429874579924412 0.6454070749996677 0.6716998985865533 0.6891755580382039 0.7001781616001195 0.7160798372697508 0.7017008262403287 0.713311625774469 0.731239166779261 0.7201595579049854 0.7374071489084321 0.7335091181419133 0.7448216931558327 0.7283390744252187 0.7551596250717876 0.7551913318741363 0.7436767871101239 0.7844870271535802 0.769801470366825 0.7898558662398659 0.7736245339863147 0.8119834706616483 0.8253222722669756 0.8142992558990111 0.8176961100856156 0.8586370356177793 0.8527958908045418 0.8680173897537097 0.8585645733552265 0.8558975767410795 0.8880047023235044 0.8524569535941999 0.8643728312220588 0.8990152210955883 0.9215925223842846 0.9102664131379312 0.9256738534106238
0.6916935649948505 0.6273617691671031 0.6080142380836537 0.6315493150077364 0.6410652904845678 0.6356412031016421 0.6514229491076906 0.6615139049575754 0.6728858211591096 0.7115838692767539 0.6919590639735016 0.6881158287999792 0.6979466608697014 0.7157925649569972 0.7333026901491553 0.7102371339440768 0.7264839961593764 0.7074997603052542 0.7341801634305962 0.7610118704926901 0.7608422193535337 0.7605466151155935 0.7823768535491863 0.7797109987398686 0.7760546025039932 0.7674189939839913 0.7804321254488021 0.8278405859605424 0.8180059173827181 0.8320752304706374 0.8373348818347242 0.8682163221306956 0.8428667802987538 0.8429506190370225 0.8717523713341244 0.879805229011385 0.8571257104606258 0.8648951836220146 0.8926922963329286 0.9039454272444511 0.8959337983711422 0.9192358142789614 0.9049671265653318
0.7081155032902489 0.6451370667743102 0.6248361006470591 0.6170810734993265 0.6195948362235979 0.6591060471575818 0.6766473911599566 0.6760822089080436 0.7185059931152555 0.7128564088280098 0.7152658665264277 0.7203193212124486 0.73381264060808 0.7167811524671888 0.7187872189946198 0.7425702912998997 0.737898519825856 0.70628062126247 0.7273394835948818 0.7177426915607814 0.7443053264508739 0.7470411176706292 0.7895215827996661 0.8008297393699085 0.807019910444991 0.8092755692515551 0.8300694143452402 0.8593799402263341 0.8586808247953752 0.8575650800995265 0.8234708261062732 0.853851136177358 0.8591274600843377 0.8211588554945737 0.8350532187385271 0.8355299731029914 0.838605960380963 0.8608083752846422 0.8850159824513808 0.8920330454332891 0.8947455050141373 0.8861429992869254 0.9039664019642142
