Raster_benchmarking/DGGS/continuous/raster-432.asc
NCOLS 100
NROWS 100
XLLCORNER 1743160.183559737
YLLCORNER 5469282.467990084
CELLSIZE 10
NODATA_VALUE -9999
[rows 57 to 75 of 100, columns 0 to 42 of 100]
0.787563432913166 0.7785371194822617 0.7688659610461569 0.7289862941421298 0.7359707499580439 0.743861838776153 0.7262922479716479 0.7017010128729431 0.7023341986650194 0.7020501555428351 0.7109516455851974 0.7110161586552877 0.7029446663472602 0.705786833628352 0.696360098102189 0.6760405605864901 0.68188261749828 0.7202016982867889 0.681414531033123 0.7331020791997531 0.7662588106267555 0.7742406879113031 0.8371773927827211 0.8375460908460393 0.8581632600426147 0.8939247508806114 0.908482831600583 0.8630239016965827 0.8660192899339529 0.8562672511471603 0.856170295369806 0.863088099721206 0.7843620783214612 0.7573159343085687 0.738030218252873 0.7100919786835773 0.676646158155161 0.6313130534303157 0.6619064706874878 0.6683490107180665 0.664879325766987 0.7018087159354166 0.728326840465124
0.7758186245770771 0.75428545510294 0.7346363148559399 0.7408272188315428 0.7364221716015842 0.7460942959443378 0.7653353212506296 0.7347378855072907 0.7382263706362628 0.7032742907767342 0.667968101756582 0.6663310661376111 0.673561913897631 0.7051398023876287 0.6629788929046129 0.6776133942738025 0.7343561623524936 0.688869886594099 0.6573577960816375 0.683470472709173 0.7077683176188017 0.7437052913002405 0.7880719560542084 0.8410392636941698 0.8528439403606566 0.86892223814384 0.8843778229781225 0.8690873322163271 0.8582876233318402 0.8485061007944578 0.8607980931850066 0.8242965766480878 0.7873693470373025 0.7390616618600282 0.7262629948513714 0.6799159603816056 0.7005401808290432 0.6728542254838016 0.6083721999804073 0.6454678314882596 0.6542711808404708 0.6765158757686898 0.7351598092792743
0.7721650463471258 0.8111352259855353 0.7606061804031143 0.7289007582265934 0.7117079324229796 0.7622886722086903 0.7529862310534767 0.7651729371299236 0.7108700546400587 0.7107634341291715 0.6927858973989607 0.7053851738155695 0.721160059974302 0.7053841934837878 0.6945685944499286 0.7206312828109542 0.6951529574430108 0.6569482034442458 0.6334638250463853 0.6662369714188621 0.7172531451658004 0.7588375557070287 0.7712707261303815 0.7966816807805496 0.8395062043761962 0.8599115928471318 0.8227021207183003 0.786524683273197 0.7981908594744592 0.7975763345338718 0.7595933817684825 0.7584361426235887 0.7349825944550865 0.7255421889917779 0.6837739736155756 0.6660197229113561 0.6937714365973496 0.6626821828050082 0.6666534358417916 0.6583597783112867 0.6528091880870931 0.6636819083634062 0.7189762711336288
0.8261273193666003 0.8225863502644102 0.8238435958535567 0.7634531644867131 0.7269018899705367 0.7319113671636444 0.7407413345921198 0.7150073925383207 0.7062365939807712 0.7035275433442757 0.7384413063678832 0.7616219969048076 0.7403647875013197 0.7265647497770371 0.7220525234012606 0.6797669863641126 0.6893312111142843 0.6483001209935338 0.6487944166588999 0.6547014022758222 0.680399927151252 0.7623055406116127 0.7848546880867691 0.7862954601829029 0.8260793504461453 0.7996031066460952 0.7664037978912929 0.7658067515043304 0.7272701407993089 0.7410710081020488 0.7315944114408429 0.7279739077963318 0.7630750886522903 0.7280154786376177 0.6673578670563294 0.6867606148706737 0.6678618922414662 0.6285978722721824 0.6339548746309818 0.6505281422973946 0.6505853351149159 0.6813159040727782 0.7202282407137892
0.8127691869070256 0.7769741858528555 0.798561956475986 0.767604928879072 0.7515022981294284 0.7517953163403817 0.7544748223945258 0.730703407565816 0.7130776016298045 0.7293631482043225 0.7457619934047608 0.7749614434973239 0.7398780125958813 0.7775686065051413 0.7166337051658527 0.6970720117551633 0.6878050994479261 0.6541164769678555 0.6634779431897214 0.683029251809553 0.6977259505748797 0.7233430582042104 0.7777634874145847 0.7936340524389335 0.7892458511121644 0.7840771422529701 0.7672299734240529 0.7586749874743525 0.7596830871803233 0.7564429607958026 0.7440801114267931 0.7437175951574254 0.7676474084090446 0.7508660220498058 0.716041913748559 0.6826421955134352 0.6547928023454653 0.6593452381684045 0.6847553444096323 0.6614098968936236 0.6896880928890904 0.6902114404649474 0.7288376699573971
0.761327479706454 0.7796519563495553 0.8089277448027901 0.7387639307302738 0.7284026431961136 0.7016836249624352 0.7146318815656514 0.7001944143829137 0.7103977229742956 0.7356133965728647 0.7484423584254402 0.7797678733276986 0.7722971615190827 0.7785258559469352 0.7642914697902347 0.6988811140051315 0.6662386742930404 0.6673312803556435 0.671818878353937 0.7284721598642716 0.7249639745825212 0.6933450327521892 0.7090863982695634 0.7221044273562 0.7449328378982529 0.7524438010790491 0.7649280299291454 0.7259331068409125 0.7421358588939744 0.7248004749663466 0.737744215760134 0.7574776380021412 0.7406037722444974 0.7325213240515603 0.7386304911876191 0.7088222383761323 0.6965989212627584 0.6936013354109977 0.6723794486086963 0.7008031645673694 0.7534747402918457 0.7404134150065823 0.7416018086312132
0.7662038313381858 0.7996315962379683 0.7776485943258591 0.7391284422579533 0.7467185684556004 0.7130038181435415 0.735838792013088 0.7035100696417785 0.71477648156876 0.7192521012495003 0.7332648828644596 0.7144954185079465 0.7347022635183499 0.7397642516017024 0.7635936879273144 0.7332352145536077 0.7142549571399864 0.699334840258298 0.6846078791935004 0.7279493065730621 0.6914389331838566 0.7052326920817915 0.6615647405193504 0.6729262804545404 0.7211655036126624 0.7248635480426516 0.7297389177326387 0.7415372637113335 0.7209546883623543 0.7354705534731399 0.7460596957201737 0.7552202746338099 0.7484544300056586 0.7099083121865869 0.7199886498307185 0.7144155365000823 0.7388608895010577 0.7053651666340954 0.7317733518035006 0.7397708896193451 0.7396923325652373 0.7813806478904068 0.7438789638979925
0.7995475458658882 0.8213040884435646 0.7608918033978103 0.755657875767187 0.7049620490827112 0.7327965342796944 0.7359291099984572 0.7268945442137913 0.7237444584046298 0.7095975508510354 0.6752039848730123 0.7211192225188111 0.740505304521313 0.7303429573306947 0.7701526273348954 0.7561419213639351 0.7395989512839797 0.691316670987142 0.6908697936807306 0.7172491609188957 0.7112445720693399 0.702971045380568 0.6489322504180765 0.6534334429319071 0.663837828656353 0.7039109828197057 0.6977086743349195 0.695878154578399 0.7267156864192549 0.7062068030915809 0.741385745775342 0.763877432550759 0.7404394744917432 0.7155563191011648 0.7138197854004752 0.6966908759251863 0.733059813332114 0.7028710677563531 0.7571857630754466 0.7490958171114145 0.7857385293041166 0.7712985049160308 0.7624100880758693
0.8525405005009999 0.8225033512316451 0.8107705122300986 0.7531650527440785 0.7437916691797329 0.760024337251254 0.7676194077229795 0.7478355630151791 0.7305154306655416 0.7318157865921351 0.7133563775591466 0.6995919632893632 0.7319207097363858 0.7170077715841293 0.7443143233205348 0.7125466427947074 0.7050346992484732 0.7101360881445079 0.676879394158845 0.7010091228229391 0.6794365057948932 0.6558525832317963 0.6548727431057589 0.6347405579636519 0.6508674937424721 0.6448836371085125 0.6300877976130128 0.6625322994554428 0.7002589772699817 0.6859830071287553 0.7487580392865706 0.7493632406233768 0.7475121048156741 0.6875946827517887 0.6951008953878847 0.6824333592425299 0.7236555581643442 0.6958233999501159 0.733018796031527 0.7663911562088233 0.7553149780890295 0.7275435088794298 0.7185016864406821
0.835144981640482 0.8387290772144328 0.8304412422775407 0.7914855339721312 0.7799380184127203 0.7718581412918765 0.7939570800649379 0.7481585332621875 0.7196621105969844 0.7164797768778651 0.7559899930859331 0.7087698812544858 0.7068176710476546 0.7056981165289876 0.7016660918964792 0.6983822303744146 0.6939451454954315 0.6833366025208797 0.7023886199169722 0.7059402795359855 0.6315635891618312 0.643657380661679 0.6065845930961814 0.6611522910118132 0.657623510033722 0.6620957798513772 0.6222097384125724 0.6244872966322444 0.6537835065839062 0.6608211477609237 0.7118884817637363 0.7335290515367416 0.7193885558943262 0.6679354790554706 0.6398361397264131 0.6671493009180713 0.6817223736238818 0.6927309122482422 0.7149618521081273 0.7136179351077335 0.7275230581481106 0.7140273026691305 0.7286409589781268
0.8192580116385388 0.7980679424413527 0.8004181207712571 0.8171657371178496 0.814942961079818 0.8071691541949048 0.7857804135016562 0.7132042386472626 0.7170555046472258 0.7559749279099036 0.7226640612238505 0.7207060863078508 0.7192280316771125 0.700101118015389 0.7150936603321972 0.7226156965341275 0.6978254485807163 0.6635085134679344 0.7034655479999052 0.6906731372867774 0.6967915538675821 0.6671559478861158 0.6592896800884641 0.6386787820824904 0.6521269174063836 0.6395333699143326 0.6335214775281053 0.667269757534667 0.6906024382259051 0.6576816769317364 0.6407466711371961 0.6680312604912928 0.655115946251968 0.6485354150167798 0.6512380898275449 0.6306097988924823 0.6588914152867723 0.6791415517224028 0.7228720270124411 0.7065302524370196 0.6887493341872355 0.716763029216654 0.7448826453272178
0.8247751417751907 0.8104354608627845 0.8072984289119095 0.7970703665861254 0.8006251043004075 0.7936958220920267 0.7514264835755743 0.7068389145348694 0.6967520450598712 0.7309997678971834 0.7484750737424688 0.7280489743038939 0.7158879592428788 0.7482196912761814 0.7357482222758667 0.7317855147205377 0.6681408422920643 0.6910043465523205 0.6941500697048574 0.6747067007335206 0.7000927172517557 0.6962137782126656 0.6553512648489832 0.6498984048666933 0.6942918182336524 0.6765153926055806 0.643054909110117 0.6504774465832205 0.6817318943706951 0.6840344814339642 0.6359327521055897 0.6281336981250842 0.6755311126840566 0.6295653405004292 0.5990418900652804 0.6625896882488795 0.6922919745306203 0.6965504822264889 0.6984873083177368 0.7181886580972583 0.7010428466826584 0.6840247009203485 0.7145443912711662
0.844865952581727 0.8330833727178161 0.8106948503016667 0.7655230096813568 0.7757592102424836 0.7192960592204688 0.7205791076349982 0.6932332057505483 0.6834086436906497 0.7123684966665317 0.7076129221770727 0.7474035114471138 0.7459262397478776 0.7288307850180372 0.7452535024108874 0.7043234225786315 0.7008317168175286 0.6753614682179359 0.6616474608812124 0.6841098588099601 0.662171828347045 0.6923958999736889 0.6729919835082541 0.6789007563844862 0.6918499060182285 0.667331316286004 0.6541738190026843 0.6965893738121939 0.6634407866203107 0.6756607218115378 0.6569109913592032 0.6295487202812377 0.650364682489893 0.6182942294035519 0.6535525082760764 0.6413259561521227 0.6553911975644147 0.6766657206590956 0.6523426957716758 0.6624780959615214 0.6832399237242031 0.6621728234287698 0.6776071026611624
0.8599756817710222 0.8170036367650347 0.8166415228706029 0.7408621109743162 0.7306304981581679 0.7109432364670024 0.6891682629912665 0.6916132260959468 0.6988532710467517 0.6916299884297585 0.7159371640432206 0.7372115246650713 0.7161063836910234 0.7042443142061152 0.7144082466293596 0.6993071506191398 0.7049324007595622 0.6967163407348441 0.68595119896478 0.6782366099834374 0.6836078154134173 0.6651487805349743 0.6999223150684044 0.6894002651359227 0.6597915497129472 0.6914061053816951 0.6650359388923124 0.6761875315774792 0.7063827340557957 0.6571552813177537 0.6210207985298605 0.6147655555853384 0.6233229983470592 0.6489812455216621 0.6667556820396762 0.6870407371118467 0.692096991343385 0.6763447503583792 0.6315694669097692 0.6326906788923341 0.6315762258662915 0.6353381387197122 0.6813623884466724
0.8383158596498463 0.7682193434423561 0.730678311533816 0.719556967033838 0.7131223522383993 0.7023280698860527 0.6682383945686106 0.6503118719077565 0.6671596740668613 0.6799136371156574 0.7143018626735675 0.71538200425588 0.6858216460860067 0.70275398762959 0.7421445919018027 0.7353672518285441 0.754051591998105 0.7294547675896981 0.6806982511167187 0.6976043684265478 0.7120913958231522 0.6891971998624843 0.6875018202002284 0.6504402377070353 0.6568846395818101 0.684127452666668 0.6472568313207819 0.6798168122883763 0.6840146621191631 0.6759754183673823 0.6550542245721149 0.6574930683259974 0.6169635135676689 0.6090855794909088 0.655562756077167 0.6516618341243684 0.650549993373634 0.6325724523597189 0.6267294781878684 0.6092703537805995 0.6537285220882648 0.6328619052854253 0.6682497661813976
0.7923551691544949 0.756496848298584 0.6866053294925276 0.6957807715860608 0.6504636383197365 0.6278144272978192 0.6352914633675072 0.6345332919644096 0.676788597788756 0.6489414467077622 0.65378387780048 0.6972868280932525 0.677486842940157 0.7297891117215305 0.7422623599980411 0.7086898332986094 0.735142435253557 0.7049351875389694 0.7091668316295077 0.7303566391737726 0.7001423750473442 0.6764846861563754 0.6444379049030737 0.650350286410903 0.635310520525931 0.6781562398115256 0.6711013048181422 0.6868732365289816 0.7234517832825939 0.6769260790769396 0.6851266896391901 0.6381932669828095 0.612627756867466 0.6027464781208436 0.6439431152631052 0.6716438560753452 0.6654767705787072 0.6330651957538406 0.6380674616090332 0.6253397204593574 0.6398644333158521 0.6316812141256032 0.6053818413625776
0.7594883580420011 0.6955290676948457 0.6823704718907784 0.6460133374456619 0.6647906257326435 0.6325625115987797 0.622343483128545 0.6457562827785184 0.6381865769005219 0.6525982660103239 0.6340601661574224 0.6469136848057372 0.6568448674367865 0.6939601411500017 0.7315408400517938 0.7029290390588813 0.694697907611157 0.6956273888580793 0.6712687206566023 0.7039064293622804 0.6891644193423127 0.6984068056224532 0.6809197316858332 0.6803711492564348 0.6594356673694277 0.6625873991409648 0.6520784941218185 0.6915616881234149 0.689362279061228 0.6710364609179627 0.6731111883825247 0.6418808656292609 0.6395335713075597 0.6386309694267465 0.6487382240476846 0.6543276626891117 0.6344589715023016 0.6347790737490953 0.5695922880608177 0.5653647070776104 0.56027093006155 0.5575836743809532 0.5478182000592801
0.7185840795138219 0.6641778804049033 0.6504819807174063 0.6644471731437966 0.6922435398027371 0.6460623172233263 0.6330258352800063 0.6370389374735945 0.6716218640243317 0.671995192675419 0.6274903142569224 0.6258205783545516 0.6914419174451402 0.6637443312904409 0.6842692167286344 0.6626614125075481 0.6250886484392619 0.6386530165657206 0.6499986093994442 0.6576544887303978 0.6755068353444623 0.7061127538440278 0.6988419761658127 0.6847207023952537 0.7349900687432176 0.6960889661967017 0.6734634417331727 0.661074305037601 0.6998461635774009 0.6606205273888544 0.6777775558411605 0.6708804334599883 0.6004793485216696 0.6172528898978286 0.6393448038720873 0.6327464485009522 0.6004039438503208 0.5730625528343711 0.5417864942108952 0.523267275770188 0.4975197031682971 0.5155919764187171 0.5270553182105405
0.7245863773435245 0.6703717792288609 0.6318400122077382 0.6286976780320215 0.6263220727616694 0.6304252755526079 0.6280794946591545 0.6556685665034735 0.6551890421107683 0.6279907989183681 0.6093927118794014 0.6430812712005153 0.6312394297185396 0.6638257645337403 0.6185284004385097 0.5993963979536111 0.5863686298138616 0.6011494535446628 0.6372621867445434 0.6803118830927062 0.6904182471232008 0.6869253853540611 0.6839187779545499 0.7039251669863504 0.7331982217077572 0.7089884973341984 0.7226401237781789 0.6876057227790582 0.6929808262956143 0.6639291854218387 0.6784936889580466 0.6594021846282135 0.6345078895246412 0.6361891274059192 0.6127179670585808 0.6122949972927294 0.5807302998280943 0.5320368615359016 0.510798354242861 0.5042206335707837 0.49539540629216616 0.47578956987115206 0.5028152787614871
