Raster_benchmarking/DGGS/continuous/raster-57.asc
NCOLS 100
NROWS 100
XLLCORNER 1743158.767857293
YLLCORNER 5469290.297867695
CELLSIZE 10
NODATA_VALUE -9999
[rows 19 to 37 of 100, columns 43 to 85 of 100]
0.6749396002987094 0.6898759330333987 0.6894558597654015 0.6773081520867412 0.6947932087855756 0.6600813367102109 0.689910386788673 0.7112438947642495 0.6983109578118804 0.7104185693257344 0.7362351066350428 0.7458491306480817 0.7975420072785999 0.8081494966202236 0.7924647967207156 0.7702502444443906 0.7527740824544821 0.7589454822586676 0.7348129039882724 0.6883357847335138 0.6811776992047146 0.6767029989245191 0.6389059027564306 0.5953443076333175 0.5944887760255239 0.607050972248478 0.6038895846762009 0.6369472609975638 0.6584251311459628 0.6698188509435783 0.6224116151762035 0.626258885906922 0.5970650844637234 0.615284207044447 0.6519344035825122 0.6347517680043916 0.667192955048036 0.6601771328740274 0.619983992351488 0.6137301069063166 0.6249288608457857 0.6086641121346453 0.5895999999531479
0.6570315708396129 0.6793089391759727 0.6678052798480247 0.6912856588407358 0.6700628936685243 0.6586144682513175 0.6611891520970125 0.6823452696933752 0.733150911954092 0.7462469356241751 0.7188300913587277 0.7424760976848215 0.7950019950968487 0.8309586415245269 0.8313283282369917 0.8192552897121669 0.7735777017512916 0.7760759764129233 0.7392407697468124 0.7082820785428878 0.6882304724386311 0.6844933612462036 0.6391659769948423 0.6225364478133266 0.5864023112579572 0.5807428735379749 0.5837316018847605 0.6286131547183924 0.6293179554927711 0.6784529432250924 0.6559398425942616 0.6293471277310387 0.6289647909308205 0.6361509440716736 0.6477608571417711 0.6452406462316687 0.6839170923379918 0.6923913854090663 0.6421069484412344 0.6179799678150061 0.6294982706558354 0.6059146334889902 0.6029947531082964
0.6705129413151972 0.6765834671981207 0.6797910824199761 0.6766483522535011 0.6599610736182702 0.693753207116468 0.6910245704367732 0.6720931911158885 0.7239220897608225 0.7396414635403501 0.7207217346448714 0.7574256873187379 0.781938450613747 0.806865234624693 0.8174307081721381 0.7976227265583099 0.803457653792624 0.7637700205522118 0.7500701426466716 0.7055994969032685 0.701660929238922 0.6711527584552014 0.6419259928204047 0.622267296376762 0.6330371888182831 0.6057643151673484 0.5990713695477926 0.629001403781241 0.6368608891681811 0.6375031392790487 0.6211623155165114 0.606285351313678 0.6097078316519734 0.6134394296032727 0.6172922422486233 0.6555457443086536 0.6482366184881301 0.6507761331423034 0.6614962305443582 0.6296433754166894 0.6185816550484166 0.6044428343581306 0.6251726884960062
0.6973806947584571 0.7077502288526735 0.7147579360585609 0.6959522081577795 0.6952100044264105 0.6929734590536383 0.715387008220113 0.6785917073954265 0.695927313873035 0.7158404086337079 0.7249059699574296 0.7350185268804246 0.7530145734565314 0.7821362990371648 0.8275694527799621 0.8361320262692398 0.8174607099816842 0.8036029414564669 0.7501067144304164 0.7450280381464665 0.7001986935248259 0.6950569627348353 0.6530411497389059 0.6299222479531712 0.6155136917399971 0.6278244526626502 0.6079846104571885 0.5947006663401606 0.6002104883947339 0.6338512601665537 0.6150510629133742 0.6174885721984467 0.5961109384424083 0.611542034082193 0.645218089214099 0.6626149004752329 0.6240966113552718 0.6260303632188604 0.6556932963835443 0.6161533948655168 0.6171091100712213 0.6577942633436253 0.6347603186271461
0.7094355072232472 0.7192040694533784 0.7154263941642378 0.7024861553305372 0.7223752440106773 0.717110436197789 0.716429950548013 0.7309064002585897 0.7086064587694632 0.7408608807499898 0.7388591485233661 0.7412520215466714 0.7424181517473927 0.7523592744337316 0.7794884079280501 0.8269046575209275 0.8123777433731927 0.824472948305948 0.7915229769315741 0.7470601241335143 0.7219448337239017 0.6831312744681274 0.6657336923254644 0.6103247759373368 0.6202258040906924 0.6262667452796509 0.5920781906309338 0.6199945999382084 0.6139928101212615 0.5934013784659622 0.6217077569829959 0.6016177475805246 0.6166879856039974 0.6279808080120137 0.6134911930782746 0.6128863498606208 0.6568778976465289 0.6583305547101368 0.642873941902202 0.6287443825029315 0.6418838631461798 0.6691487211207271 0.6415186318486756
0.7305991068327311 0.75713520047109 0.7523576191762203 0.742743641884514 0.716436823927151 0.6625530422279802 0.7198733114174002 0.7399427621313013 0.7456205858372356 0.7624583659897881 0.732870954446772 0.7523839063666758 0.7654667854249122 0.7626058636103211 0.7986203526637411 0.8201481414925165 0.8137950554847239 0.8383293236739897 0.8247712181334689 0.7951886738945153 0.7068967382050277 0.6688327152190877 0.6741077951628502 0.6104808320790953 0.585829245927692 0.5815462077069798 0.5767381736838723 0.6081629777735167 0.5694337806380968 0.5764777928893096 0.5902552964657749 0.5764984786295303 0.6227211483197171 0.639586402778554 0.6001276125315245 0.6061465667997676 0.6522877805198568 0.6455345930053372 0.653751718838874 0.6585479654530105 0.6468637780310091 0.6749511321628706 0.6354519903713605
0.7705844398720089 0.7460288830765 0.7320448240173223 0.7552594178251237 0.7168450003519631 0.6975321794739144 0.7216291412624101 0.7587463107893042 0.7657035602919634 0.7814089628472626 0.7466214877105507 0.7778944823983615 0.7805661857055523 0.7956228148390437 0.7873990397844972 0.7935196826302342 0.795830021828881 0.7901687651866918 0.7995910492692835 0.7622367933417143 0.7349711930607262 0.6902377159711194 0.6680076058428845 0.6242061417690722 0.6213977191987412 0.6107659310758741 0.6039203471624763 0.6070884893633399 0.5737951077992995 0.5718212705755787 0.5644916086785284 0.580121639607861 0.6126876914196351 0.6060912809321959 0.636796574785653 0.6330475901650507 0.6248252850945781 0.6347291139677147 0.6295658302172938 0.644697437441838 0.644476376683691 0.6523115121869467 0.6360609320225055
0.7549630112501207 0.7901665169824995 0.7750728702584985 0.7310845661941373 0.7391753843912041 0.7125402980362969 0.7030956445864045 0.7414480512305431 0.7547507940284185 0.7814043643677997 0.7668970015306061 0.7740075641959661 0.8129105824038788 0.8265940650114377 0.8130468578172184 0.7956744131444019 0.784675503543758 0.8079964669841803 0.8134960588373339 0.7732726764542529 0.7230490544128223 0.7193354310542153 0.6862488456973904 0.6637490414191338 0.6615262757276337 0.6192784297467511 0.5838754551104649 0.5896446746323315 0.5517086971558889 0.590786371049593 0.5623222742350438 0.5823744338555997 0.5791678805035875 0.6186080053966174 0.589600729540209 0.5864027865096414 0.5894904375464225 0.6072655407735816 0.597342202473086 0.6036507752020926 0.6081829389970612 0.6528987002430562 0.6643250621745148
0.7831711545363225 0.7649900139384498 0.7755702160792118 0.7538497623473048 0.7489110223878201 0.7188037233835499 0.7313789123282045 0.7508129397550464 0.7670034281310011 0.8181548205146374 0.803792711767501 0.8203883092619229 0.8042034012639011 0.8281534043637067 0.819475451319042 0.8250555356628376 0.7912328618714817 0.7856889343335823 0.7744813886384471 0.7578181823769471 0.7327022113493477 0.7265019562881219 0.6861379704569057 0.658191306826764 0.6463791316053408 0.6021447507390213 0.5532985385083494 0.5638078632373464 0.535682367479692 0.5739514113701805 0.5733962517877907 0.5612342375693166 0.5938665899833212 0.6132630543693576 0.5915447340315417 0.5443804818219139 0.5404048330220628 0.5239770760416418 0.5599504288162512 0.566187960606963 0.621613049451947 0.6340088937089831 0.6529179710669538
0.7936526475311102 0.801924415396093 0.7543152139407429 0.7406582349926446 0.7517205912788537 0.7179201827588796 0.7388987780126743 0.7601271354997614 0.7966212610778353 0.8298298305735711 0.8230018382652694 0.8497746091892258 0.8484999164373356 0.8539767680068526 0.8124337509401857 0.8119656391039115 0.765814209006413 0.7410807135944605 0.7262639491199303 0.7603641736697541 0.7069439050071007 0.722588337297461 0.6785042865098129 0.6581243516572274 0.5993920932977976 0.563643262404808 0.5650396280199981 0.5349997672742048 0.5153457154531487 0.5090952039232283 0.545738120772327 0.5773611810087684 0.6080892295426952 0.6044526393012991 0.5933719879768736 0.5476600773995749 0.5409514099247955 0.4664435070913895 0.5146836767491663 0.558237589111328 0.6114755238828326 0.5969389078677334 0.638082940022521
0.7811840075998893 0.7689090719527847 0.7552145878126391 0.7754808611482179 0.760184746404348 0.750247758198235 0.754091899951119 0.7840005664638088 0.7871107908181216 0.8312565756156701 0.8376150434355865 0.8464113340227496 0.857614980876589 0.8450877462543068 0.8142891902537601 0.7811600947270205 0.750723852625137 0.7270493855038009 0.7125892227370317 0.7376181355544623 0.7099016293507547 0.6591065643476813 0.6504322804036807 0.6401929010746195 0.6174670233670109 0.573110374179649 0.5587196179129688 0.5470611768062403 0.5084852041165987 0.5098497041278652 0.5633655718863846 0.5824796710222231 0.5741651062971279 0.5719005451131635 0.5877369969369053 0.5649617971843863 0.5110329218317292 0.5114123280490465 0.5218715599227147 0.5581241737382185 0.5786228292881699 0.5787595429547994 0.5921081265399214
0.7811281861816145 0.7956853552592442 0.7755262054324249 0.7538802485516772 0.758477867486106 0.752485587172619 0.795280373237412 0.8056428685756117 0.8258243923985612 0.8363317878213649 0.8552950860484433 0.8682794036823327 0.8759418968369715 0.8717096536605342 0.8076768516986873 0.7883487417622284 0.7475689581673254 0.7410986438425256 0.7355892182428365 0.7027288172239653 0.6737869400210169 0.6438494522496235 0.6443243218453779 0.6276830283179954 0.6171553313930033 0.5717538701382949 0.5702788082181675 0.5367147458389405 0.5213441332463791 0.5295576879682035 0.5727298846660889 0.5910180685187759 0.5812498716937913 0.5810932298016146 0.5477637649576876 0.5272891173942809 0.5408109412975135 0.50643294324738 0.49685334567940503 0.5096217556514749 0.5359218112782749 0.5788127302656619 0.624246433937138
0.7685336860716148 0.7488724475422811 0.7635803508231381 0.7479600248463542 0.7406829382041239 0.7530786722955267 0.8050174247516283 0.83295941145958 0.8218661821820062 0.8375689882343548 0.8043307838474385 0.8551393934773212 0.8678733116582693 0.8843562838783652 0.8506032251211458 0.8131560326178917 0.7595126132486977 0.7185257048817631 0.7329076829976736 0.7235397017586779 0.6724910946141681 0.671954015641911 0.6582446196098957 0.6215415663746757 0.581186476404436 0.5560474204056814 0.5488161965048225 0.5265060223870972 0.5691166889953223 0.541437882285498 0.5627927393748247 0.5888389561275744 0.5813582117707039 0.5430169584384362 0.5341331545633189 0.5498382252559975 0.5424531930659522 0.5252465410126118 0.4914789899547732 0.4922215000404684 0.500364651245542 0.5565094734690939 0.5908223933761608
0.7950422556662372 0.7628333711612894 0.7593198795135676 0.737662218300621 0.7747947854619868 0.8129078185280421 0.820912602111074 0.8293314590222977 0.8293333774399914 0.8064460259415928 0.7910603348888172 0.7966801122071182 0.8576947806868812 0.8539979659178801 0.8147823173067199 0.7984427925056432 0.7726184170423388 0.7344351730638816 0.7325804055692311 0.6974580643218539 0.6983859008507595 0.6560686925162647 0.658429698802197 0.6119288857044861 0.5706357520917761 0.5563094449367553 0.5526735996029438 0.5492017987088477 0.5784122888252199 0.5629480113670005 0.5691648528622595 0.5960883322989701 0.5609581297066006 0.5258347088273942 0.5180926367855335 0.5451267795655704 0.5384395746664046 0.5063480861044534 0.49643948656987363 0.4777735761489666 0.47491222595274485 0.5150217667151074 0.5289246681671882
0.7836286338037427 0.7520196516166961 0.7541777007479711 0.7401181346676797 0.7651825444988173 0.8263660294380591 0.8273418403977271 0.8442596151412355 0.7988172671679322 0.8009510912192263 0.7817764897600348 0.7829333593259123 0.8206280040495446 0.8047688303611406 0.8203575464284979 0.7779269970365283 0.7429689967079826 0.7111159472313398 0.6841568600115027 0.7102433849964869 0.7057973197610926 0.6732566523677563 0.6393456560017168 0.6323527471888656 0.5749942468552058 0.5504955678513683 0.5563853948573988 0.5540846475847868 0.5580121436562963 0.5376730078944423 0.5474976068317365 0.5375174518683477 0.5487194615431145 0.5226968918375832 0.5165996613040075 0.5065273617800675 0.512709878004082 0.47949214703145776 0.479224841731468 0.47982826405517925 0.5018530761779293 0.49989558012862534 0.5009495266521374
0.788871107440752 0.7918688782737956 0.7451601030711075 0.7616323980633392 0.7717243556911935 0.82773460687843 0.8465810941257861 0.8272392270054376 0.7869872093504954 0.8208079067181608 0.8004593831542007 0.7874709042836793 0.8083055589006097 0.7750162125461337 0.7898687139190942 0.763881327261106 0.7179023461107675 0.6906380808432607 0.7029312649578741 0.7025989260154969 0.7010867091111719 0.7075295549011181 0.6580711474978177 0.6098208311996883 0.5978485188419674 0.5777107693574463 0.5894087306836127 0.5842301826906618 0.5763672408218236 0.5636892437429911 0.5287920139448411 0.5524899912198795 0.5310086052969537 0.5064275821529293 0.5060224094483555 0.5247934087768228 0.5074740242764566 0.4697486984156394 0.46103829055633777 0.5166186600039682 0.5218171309553079 0.5136527813980674 0.50745129348398
0.7886195083005308 0.769806367600412 0.7585728528434 0.7550528362539647 0.7796619009058481 0.7884802233322276 0.8321327685409889 0.7999414062033995 0.7789335924818614 0.7766046473169511 0.7778858394112625 0.7724385710604789 0.7997608660165766 0.7874932832475734 0.7554689989930534 0.7170230135015897 0.7015759569671824 0.7185668999046738 0.7144945088547324 0.707152023532852 0.7236945732376023 0.7068186642277453 0.6462030062847299 0.6097778633298134 0.601534225155564 0.5981340499591437 0.5830014593961612 0.5839225820247232 0.5533852418302605 0.5306501754190117 0.5428038504821461 0.5488745825478756 0.5219974046823204 0.5014822476768845 0.5284607471410007 0.5045883178135696 0.4719885432869018 0.4579989637543064 0.4556481715891898 0.5032235013701448 0.5038961158044674 0.49608022147753744 0.5370510655495715
0.7720823731505333 0.7993059919214902 0.7517247520536886 0.7463228767636649 0.7708127162114063 0.8066817058304672 0.8335771792891727 0.8214018805929869 0.753147377868907 0.7273234340894214 0.7725272579584137 0.7868035334784388 0.7723338853211366 0.7788713836168151 0.7513790951923651 0.705537932317843 0.6985846249181334 0.6942756475035604 0.7083058606560042 0.7038673514506935 0.7160782878987624 0.702345016074886 0.6207430619410516 0.5835549534680694 0.5762316850689778 0.5996204397406696 0.5610278980673891 0.5615135219614037 0.5109487922139423 0.4976367419736812 0.5090705692034715 0.5396767011754519 0.5436860462311986 0.534028901146099 0.524153342532423 0.4759531866518034 0.4508144356450788 0.4162035763259344 0.4419204621356332 0.5015973062070521 0.5157966655523595 0.5015643674737204 0.5116722456003795
0.7738706824395566 0.7398011492272573 0.7433663035397894 0.7566136709018642 0.784154434947521 0.7806576042150191 0.7972128881363946 0.7588349555735625 0.7405160788875533 0.7331548989811945 0.7455270005099526 0.7698922202540784 0.7541083117497599 0.7088854944172245 0.6830508738139904 0.7017740191751862 0.6637555634526184 0.6686019281971868 0.7047322067710025 0.7132047588936846 0.6984341616370022 0.6831082731069629 0.6319273033405057 0.6140194853325637 0.5794185672051019 0.538917474096133 0.541094697465185 0.5162205082681578 0.5214228915022013 0.5339887563137165 0.5210432961644612 0.5321088864639236 0.5298241723504034 0.5128266543063134 0.5213140236672568 0.49893658056073664 0.448812532026239 0.44724198570624857 0.44418686137214464 0.4606701089770733 0.4604716715040265 0.45594876457052314 0.45972301757924117
