Raster_benchmarking/DGGS/continuous/raster-61.asc
NCOLS 100
NROWS 100
XLLCORNER 1743161.7744274358
YLLCORNER 5469296.453573514
CELLSIZE 10
NODATA_VALUE -9999
[rows 76 to 94 of 100, columns 43 to 85 of 100]
0.5387956068625814 0.5833731571219692 0.6787960248696006 0.6539251298904809 0.6914245554932706 0.6913929266705653 0.6847456039470842 0.7216589960372441 0.7635643182598474 0.7713746545211354 0.746927569020156 0.7717772717330097 0.7879853930401534 0.827382076676384 0.882328165481086 0.9202238971142682 0.9375895720887861 0.9423387560699151 0.8848362008568526 0.8444479583421723 0.8440287065440101 0.8685746728298567 0.784335565889044 0.804455226868705 0.7836358092782754 0.8152733096123282 0.8418914811240211 0.8538631341202311 0.8055840645328164 0.741789716259617 0.7261602692637741 0.7209634437579505 0.7393982288002042 0.7104652936603895 0.6524236571284248 0.6563323928513631 0.6032144823292571 0.6015110783403517 0.6308677010164124 0.6546363047616957 0.6053304134546647 0.6306369288702034 0.6382003418603156
0.586381557779122 0.6103976856320575 0.6585328660194881 0.6569396073320003 0.7063304633127643 0.7259058736381737 0.7379731629921329 0.7575946185740364 0.7471831746867931 0.7215675450125473 0.7081689440532952 0.7406796560559565 0.7340457192219356 0.7920689459201806 0.8896910404962947 0.924323308364195 0.9689389974047753 0.9455908820660178 0.9102628335247744 0.8728242977777733 0.8672884256593567 0.8630205606374642 0.8243073592294354 0.7852111543371844 0.7736262834040312 0.8016773241267087 0.8023993998759154 0.8146739098262162 0.823925961023327 0.7815005719525403 0.7432636075696448 0.7258928917887527 0.6737629995774445 0.656931383686147 0.6413127092251761 0.6201227257992664 0.6241472876300533 0.5897580235368242 0.6365251808600042 0.6369588398264655 0.6149178758749039 0.593443328624013 0.6002809373625945
0.5362864925300996 0.6193765539409014 0.6500109436879912 0.6822575123679341 0.7143848342325312 0.7368137741906826 0.7184200688473532 0.7552917673832754 0.7535066365530113 0.7130802699862298 0.7360913296014175 0.7345776440670028 0.7348046644080006 0.7938484074204688 0.8692703618188816 0.8865081324964984 0.9505513595097855 0.9516527053210575 0.9264408023146804 0.8669185807895636 0.8636963823464436 0.8489640318906094 0.8732849174259537 0.8264801340692779 0.8012359307197301 0.779737796395964 0.7761353919433333 0.7843848946722769 0.8106859075391818 0.7625703669011475 0.7120257310517296 0.679905656766122 0.6418508606025491 0.6430322831537629 0.6131361483227576 0.6055692821377485 0.6071544767016839 0.6145389029216717 0.6323416243725352 0.5984408981468763 0.5822066983023227 0.5509824387241673 0.5432180929921729
0.5674163805676391 0.6072706724204463 0.6176859089487889 0.6591912745673708 0.7046405005431438 0.7289588927083144 0.7425999984280176 0.736233459431825 0.7511047666841082 0.7639172266259392 0.7507396471881055 0.7130757596061347 0.7036880660311967 0.7573488922159076 0.7964434455112658 0.8528595922891603 0.8882658994255557 0.8801108445211231 0.8988490056230377 0.9020524637669305 0.8702215295513532 0.8512671392435172 0.863558945622748 0.8464147973759951 0.8015000449187851 0.7838317815933585 0.7821188201773103 0.7964129690361246 0.8326435755638647 0.7765325223827311 0.7124479975477332 0.7020410040200148 0.6846266484269424 0.6505896558414452 0.6201416114511822 0.5925244655307692 0.5997815846253559 0.6092280955399834 0.6379866770668656 0.5932965994642542 0.591429359159692 0.6011674609989625 0.5767957961245201
0.6015359538595683 0.6248614071769384 0.5993564837156076 0.6667553046465355 0.6732263343057349 0.709352354558503 0.7441163986981411 0.7494011569860578 0.7945596625037756 0.7678825647389769 0.7197280589607831 0.732212713862543 0.7283793569984498 0.73636725447816 0.767479804011341 0.8267937014346519 0.8836500226024308 0.8759090067582205 0.8719019251948681 0.869159034207331 0.8679969194130445 0.8477064554697831 0.8126554256646776 0.8609192535688903 0.8393922489100791 0.775421627315881 0.7695250991574388 0.8342398156136298 0.8455846507913436 0.7695848041876314 0.7218175069987749 0.7076644926161882 0.6459692083221349 0.6594038347860592 0.6098927438868237 0.651062720267826 0.6058738692541522 0.6521143872473459 0.6354759070673002 0.6342336768993516 0.5922488600415317 0.5894050461007021 0.5889325671343002
0.5669186817814833 0.5936954842943917 0.6194339250241647 0.6576995494265037 0.6612375333202506 0.6491486857302906 0.6781163014112559 0.7011566784955625 0.7495653452295128 0.7560843468679138 0.7151468345896507 0.7466244604212707 0.7650630062374629 0.7816587712436501 0.7946430736668431 0.833923580320059 0.8362852960597225 0.868202152766175 0.8592331014771164 0.8684328941420459 0.8371262244351236 0.8083466650414175 0.8288348932311617 0.8500916317099142 0.8105970926432752 0.8169954564475523 0.7876105239207342 0.8038008632095759 0.7852088639021318 0.7421766486894497 0.718071428963504 0.7263891126768967 0.6949584410118889 0.6881835353014161 0.6515951071003832 0.6809150667700654 0.6478020894660526 0.6497806512005593 0.6025315600959735 0.5963407132524977 0.593063273033129 0.5972226914675366 0.589828339816909
0.5754296217118373 0.5994511541083684 0.6091316542676375 0.6185156327492572 0.6578753792048989 0.6559800758278976 0.6326199054584314 0.6655157899148807 0.7312514487610177 0.7406596969355462 0.719320629554128 0.7727756210404149 0.7609411302205491 0.7492279434894024 0.791824278498032 0.8136318332159401 0.7910395418302738 0.8401075852950265 0.8511400364200644 0.7999521325940524 0.7853702890357108 0.8229842573501271 0.7940969989021871 0.8412608886513702 0.8447400118982129 0.7796950712833295 0.8153787930369857 0.8125243149813843 0.7797966002395895 0.7802853326284889 0.7425866212880028 0.7180739057285047 0.7413447335943093 0.742409078326052 0.7239007423739031 0.6704027045638044 0.6800203685445225 0.6797430226933856 0.6352843798262414 0.6218935632583749 0.609200393515061 0.6019613035918222 0.5855855705038848
0.5644453532206923 0.5409970101139953 0.5934963869140691 0.6118310304885083 0.6176406956323645 0.605182982986293 0.6500169812883763 0.6772272631980939 0.7213316856493207 0.7344237897842666 0.751151271088193 0.7486465610104733 0.7665354975856601 0.7777573494270575 0.8064738535541506 0.7924345867233982 0.7783606041647343 0.8142893211122771 0.852916438346442 0.7998534907669811 0.7730693513007488 0.7835274170084641 0.7880707246125912 0.828427032651575 0.8225227608599046 0.7624807165543258 0.7723908645211052 0.8181354394895747 0.8317027306311628 0.8155666694402129 0.7973025599600083 0.7637313280470917 0.7740387445982964 0.7744945041632418 0.7263444211781369 0.6647468332378189 0.6914570566716768 0.6787833383000468 0.6598429288560992 0.6075297700163648 0.5805126601352605 0.5719618537487511 0.5630063488135462
0.556341233845283 0.5594654393534955 0.5378103519754122 0.585435439815042 0.5838344543374175 0.6048397577031771 0.6085315780128414 0.6737252944120853 0.6762385678287434 0.6881711454464657 0.7067238274448782 0.7351596010938791 0.7709273118646293 0.7703081484772254 0.7908316513686642 0.768830744499999 0.8229788489869883 0.7915217496971202 0.8294485697623407 0.8022829732864556 0.795023457299978 0.8122287663866948 0.8009526102060853 0.8053521710296577 0.7534334148459202 0.7466380834656012 0.7504655140702762 0.7856775027211539 0.8075290541758209 0.800720817324523 0.826190071117503 0.7846737730663662 0.7974170201750773 0.7786609774568118 0.7147618508901239 0.711589952259599 0.65093445290092 0.6431086584180121 0.6257279003908462 0.6016169114657096 0.5923484677552882 0.5628900856284818 0.5745248107715454
0.5786609084816076 0.5523775933525585 0.5681680783682106 0.5623934662609892 0.5692988874648929 0.5873866814025865 0.6456522124814703 0.6659141014224682 0.7073005775448197 0.6906512865639878 0.6890236692315476 0.7072789993481686 0.7490395305181655 0.7639280878285549 0.7424763265532611 0.7540841630729517 0.7649826041702366 0.8131757067590459 0.7810003958299818 0.8302054136525471 0.8325049895454997 0.8088872260531567 0.8147964469238494 0.7770108304975845 0.7861167226395914 0.7671113661521463 0.7891402942729634 0.7718664347276613 0.8258114742683715 0.8182683715364889 0.7966229163190893 0.7804347108860169 0.7742086660065232 0.7149575923633695 0.6913957391528631 0.7145408289827969 0.653749444073331 0.6403898629437629 0.6460599385499146 0.5961955087064602 0.572541207254905 0.5494483542464664 0.5237921378246171
0.6192279382947128 0.6033277696316083 0.5889634444414799 0.564598830636504 0.5652111450222769 0.582747921437454 0.6068467367186575 0.6644718534330506 0.6750212080040989 0.6702406633842676 0.6771712588112597 0.7378462184006424 0.7435276745390595 0.7159959619049375 0.7352358791620277 0.715140050082242 0.748048629432063 0.7193636245344127 0.73721408387922 0.8039555685733691 0.840198563348458 0.8440830134289999 0.8446152678996348 0.7971247502581581 0.7799302504833873 0.8067543117922076 0.7798894263795079 0.784563818198958 0.7869711724237433 0.7729300674842986 0.8185442903440798 0.8127364627637026 0.7514664718213452 0.732236150159808 0.7165011041661156 0.728570752274205 0.6959158538421552 0.6471779216893817 0.6174739627349679 0.6132360693691784 0.5938207885569592 0.5389373109830677 0.4929068720718304
0.5642528436846169 0.5598554593897828 0.5820094808466091 0.5426459107871601 0.5676777360454465 0.5819441647769091 0.5982008988526694 0.6404945137255995 0.665378360856258 0.6442671859693887 0.6624141056405825 0.7152448158280984 0.7018797548388149 0.6848085607606166 0.6987928899786896 0.6991755343419187 0.6765705003725757 0.6904348369400529 0.719325748152467 0.7776095435613114 0.8163940066827933 0.8162518280859368 0.8507606598455515 0.8613446122098537 0.8010499074490275 0.7838266009860392 0.7872413122588344 0.7616279843676287 0.7337407726443061 0.7455131861584106 0.8006977540920327 0.7941093972335774 0.7587306926389962 0.7555388040326245 0.772137438670713 0.7515365448089754 0.7050025279669729 0.6459873948221426 0.6095854499441044 0.570184603768528 0.5572084634713643 0.49319127533081786 0.4678691150593568
0.5714291883221676 0.5276269212565853 0.5467012105821704 0.5274181874987787 0.5336701522521111 0.5893221374837185 0.573992422833746 0.6168646210097054 0.644636915298718 0.642120910116384 0.626596258614963 0.7052671225902261 0.6932633012401829 0.6776269486878969 0.6814570782344549 0.6767175487040241 0.6775218503566683 0.698221352664292 0.7198407905266448 0.7741387351184552 0.8189040753935233 0.8440287224706942 0.8573607552266306 0.8728041693198209 0.8672231691045504 0.8399839655773839 0.8114227086545648 0.7605834244771259 0.7467822430796693 0.7464967983646678 0.7420492974641976 0.7530161473619258 0.7585357083626623 0.729274016464414 0.7597603185614967 0.7625783327537357 0.7497259572786256 0.6968022290403747 0.607796709906965 0.5415793170190738 0.48308395703864365 0.46216272448738377 0.49738415701095096
0.5745807076481836 0.5537011878693594 0.5198007300551503 0.5592478018091354 0.5461672632653397 0.5700185305591324 0.5976405376273832 0.6349553930290811 0.6491568018808139 0.6538399150904737 0.6212822245185614 0.6700222232248405 0.6684604216010258 0.7168655310754529 0.7206968874007957 0.6747747394028804 0.726510794588149 0.7515827585659127 0.763992492501604 0.8073665797073026 0.8263341984189077 0.833886781486062 0.8384060760323935 0.8340059174026929 0.819886196911145 0.7880328721160409 0.7967668985856418 0.7943403057893439 0.825227548207148 0.7977464917556643 0.8155075052785046 0.7805465831798961 0.7503646906502568 0.763927915948717 0.7854579746116801 0.7555696205339236 0.7743822081064047 0.7202303195553628 0.622686117941459 0.5488439390563907 0.5311327147533503 0.4827802784804263 0.505573614990862
0.5610706248377567 0.5675228828025447 0.5069590045536294 0.5267323833992275 0.5835508038088074 0.5744780972867276 0.5633870269020033 0.6323648519763305 0.6833801423226423 0.6484112132870333 0.6482900544440869 0.6880458744268054 0.7154360680375338 0.730662242732481 0.6890333925368599 0.7331655494692797 0.7544028552349323 0.7649854549081518 0.7919866752830886 0.8003232862584171 0.8307735263103632 0.8405938051558464 0.8468228810401363 0.8272991722519677 0.7943745666056369 0.8309304977640861 0.7866562467144871 0.8465683973718389 0.8507878336199872 0.8436326808371641 0.8480318426966292 0.8042899343020761 0.7961405844689045 0.792935388736379 0.8027194848483289 0.7757882240690852 0.7886486773249352 0.7082461667396767 0.6680024506739939 0.5710641639146465 0.5476143681419134 0.5178410269168938 0.5168261094224859
0.5207384698433073 0.5274607428224113 0.5232717235517115 0.5526732033682361 0.5588785714227379 0.5826741242975871 0.6439578788388493 0.6755267843511603 0.7132372479079386 0.6732631144405049 0.6540144224044917 0.7100582866403555 0.7411230758544483 0.7350635436555688 0.6988477929116302 0.7258519003104792 0.7410483518505822 0.7499024429347371 0.7649328646658866 0.7646530792065156 0.7586581829675788 0.7952245361342689 0.8088520379277905 0.7924593884373893 0.8179164311114344 0.8361104653634939 0.8565376633510778 0.8518659475147378 0.8682358558666813 0.8770472430616707 0.8675431772599388 0.8572751758690362 0.7846748161186378 0.7634568799672246 0.7775666322906051 0.8045786198394967 0.8046915227740296 0.7394354340443113 0.7107213507917144 0.6283653066724857 0.5971311634611667 0.5901223527888733 0.543279592086418
0.4845214044778815 0.5035361701195279 0.5269520250592453 0.5280208003795561 0.5513153164627981 0.5890778315179769 0.6400823195120834 0.66536286142856 0.7257538743028308 0.7093842432794203 0.662901374931477 0.6698396245008058 0.7095953622438039 0.7077272693769289 0.7057534392721728 0.7123862826647849 0.7502921110084712 0.7650293319561641 0.7699754102436311 0.784675196588317 0.752455824098035 0.7606962001128322 0.7851567318590794 0.8106151944008236 0.8522033624793055 0.8762397584325708 0.8483025371471725 0.8962785585800592 0.8869761052658212 0.8721868420849155 0.8775624745090127 0.8299643867924479 0.8015745150816447 0.7868712495939872 0.7626011822441967 0.806127595004592 0.7853613150667498 0.7499145826140101 0.7398027748946732 0.6540491059857876 0.6274451177944199 0.6391059844533906 0.6031417984227527
0.48885634817910195 0.4563138631076699 0.5163520663184881 0.5245136759256596 0.5454062671905489 0.5642203117249821 0.6002714247876579 0.6501501650143754 0.6753143511609799 0.6956344314091129 0.7051408930206639 0.6804869339858367 0.7184124126882572 0.6726031880322114 0.7239200017808944 0.7294649357387997 0.7085829521764095 0.7097912711010379 0.7540532419448557 0.7779465823310601 0.7702907341823563 0.7762755611320635 0.8123450329474815 0.8320839734304505 0.8534471773828198 0.8704740177597537 0.8744728961812369 0.90666947856095 0.8812880287417271 0.8641666241278214 0.8749262887959719 0.8766140426268358 0.8391432041846068 0.8093706235515777 0.8198504287016433 0.8000378966365661 0.7619156392137125 0.7428079387543458 0.7393256900816368 0.7047714072416706 0.6659255427799365 0.6284583924279796 0.6055768661856684
0.45375628489383907 0.4799491866463901 0.46852165760283415 0.5169523963500394 0.5154896893439052 0.5784049930684306 0.6433835211986046 0.6410661216745351 0.6590296441835767 0.6941433792406777 0.6815464924923769 0.6708974906388616 0.702347089388318 0.69576231601061 0.6800318765780735 0.6645973135725813 0.6875689339661343 0.6667153343548754 0.7097698480890895 0.7690181837127954 0.821602753457711 0.8434620567684934 0.8649273248775122 0.8917137887968181 0.8915751765173144 0.8815235495985848 0.8732420239125707 0.9054474675714503 0.922602235004439 0.8752239066209707 0.8758625238226908 0.8417979992969176 0.8320060308636661 0.8051591160099671 0.8231241504405744 0.7861851825451982 0.7702432801742713 0.7820341372332693 0.7418013565340786 0.6865972389468838 0.6543750091853515 0.6528392408612144 0.6335791991195543
