Raster_benchmarking/DGGS/continuous/raster-261.asc
NCOLS 100
NROWS 100
XLLCORNER 1743158.883561163
YLLCORNER 5469283.750478784
CELLSIZE 10
NODATA_VALUE -9999
[rows 76 to 94 of 100, columns 0 to 42 of 100]
0.7005352443486641 0.6445722765018391 0.6387296662945281 0.6005214205662389 0.5583614370238859 0.5607773133881107 0.5815352403245873 0.5754245707603762 0.5788841222435642 0.5705448737658375 0.5590129136661027 0.5574750926899297 0.5327623267224637 0.4936802965408528 0.5199997078451364 0.5065382472595785 0.530392200412198 0.5201495742076678 0.5379980464997305 0.5283124829258659 0.5367953099186792 0.5377441588947582 0.5211828989997457 0.5125764923697712 0.5305544310888579 0.5586951909768809 0.552297670650606 0.5195372633000098 0.5645040872357495 0.5683424194737559 0.5533240992252638 0.5891300775835118 0.559416343534946 0.5791557407451938 0.5878720304644146 0.6359057506513769 0.6207552041897141 0.6313632780454872 0.5932937914742475 0.623977310835553 0.6482720707115823 0.6510892872059606 0.6377181849982765
0.6458785114225034 0.6039858013915687 0.5719182733779876 0.586733539229639 0.5481724963420408 0.5526778581575496 0.586805263131547 0.579079152281434 0.5855743295319015 0.5481628146253135 0.5588777886004738 0.5454691359161812 0.5417985654795866 0.5120655631073548 0.5416217788089343 0.5499635999281068 0.5470569699729223 0.5692203287636504 0.5518736453873712 0.5862971228880193 0.5628800459066443 0.5764543359714949 0.5536478028237979 0.5796029459932915 0.5124865700052381 0.5244582116862954 0.5358354922963169 0.5358259161911101 0.5200651638658349 0.5387228680505114 0.5075773048028771 0.5218681419348343 0.5482470483706117 0.5814637235175645 0.5639178929036935 0.6208112794159705 0.56684697696014 0.5687446422618202 0.5914587462992481 0.5929566924064131 0.6349330652992573 0.660015465858495 0.6690712257059733
0.6210562262874099 0.5698410734886333 0.5467306027172876 0.5497772722447283 0.5294152444320814 0.5267733946454294 0.5607684577604843 0.5459192659990372 0.557854330100851 0.5488844172317419 0.5488864910825378 0.5170406275565913 0.4884021265278744 0.467824360224292 0.4837526424040703 0.5046605048384759 0.5499840729421275 0.5671644684949746 0.5738677469319331 0.6106433417596042 0.5946787899668459 0.6032592945708625 0.5942555683390394 0.5557394418487926 0.5232239591184841 0.4695474180851216 0.470860927444649 0.5021524283562329 0.4809038866065662 0.4975835577280063 0.49534859126155456 0.48781342892580404 0.4984899436575533 0.5573884202707365 0.5667631782442886 0.5918983186337106 0.5707657645102913 0.590921767172103 0.6161752234556248 0.62020081289513 0.6296180939651904 0.6360649849501375 0.6479157331152826
0.6051441048856647 0.5785399811474543 0.5461611207182641 0.49181532685329715 0.4916431731674546 0.513997876810294 0.5314614331499335 0.5686389335091351 0.5362675780819164 0.5440582855960775 0.525892765883816 0.4949330852140678 0.46599444250820443 0.47023198969412117 0.48441809460297175 0.5141830739433685 0.5174465276395652 0.5541708545910248 0.6045127850805866 0.5988049275016338 0.5769918856242578 0.5902359218839267 0.5674550468313679 0.5489729846325705 0.5045151389089314 0.4475511408732462 0.450773811084735 0.4424878907059207 0.46938443892857273 0.45706012343140495 0.4943027723368154 0.4555937418193962 0.5264051020785565 0.541668351413845 0.5369338133535192 0.5136244904305778 0.5559335064393324 0.5781204499707034 0.6164135064575675 0.6449724233153332 0.6097243892103835 0.5934296126369899 0.638255924337355
0.5615704260122886 0.5492719935514702 0.5224170756322657 0.5136430726414737 0.4736452341830672 0.4873123545779188 0.510090999193873 0.5051797634044314 0.5080585502632439 0.4696207213567382 0.4554958570329139 0.46565236179074887 0.4766519454938668 0.5028891215968364 0.5273377011103462 0.531262541923969 0.5592361804538021 0.5941203173423232 0.5966529352678366 0.6175987891487382 0.612103346403754 0.5834838218805264 0.5667489332414547 0.5151403890464639 0.48842285721251816 0.45675342619387427 0.42423800353798075 0.4238830456543066 0.46241515437632497 0.4432774681642325 0.47931686846152843 0.48250618408081763 0.5002524983001084 0.5211486550335825 0.5322081578275425 0.5403290130422278 0.5412126526934445 0.6002860597461639 0.6059208578474967 0.618285803843052 0.5915463136743468 0.5564259614693512 0.5605005510950581
0.5220790627835186 0.48675857254799443 0.4716772904993812 0.4746263609837412 0.43288951335918047 0.44103477275915626 0.46618837088543347 0.4378989940492653 0.4680216380278375 0.43145659547205145 0.45785860798290334 0.413603292857645 0.47616377763682244 0.47237356756687415 0.543937567176796 0.5482843373644399 0.561724332281194 0.5788392454189492 0.606250683714901 0.6071961135906977 0.5898675628425869 0.592301791610809 0.5500105061340627 0.5319049461034575 0.47619387039583344 0.4611483827655282 0.4615508228334725 0.4445636608429218 0.4831269670759364 0.4875562840019229 0.44057398964914257 0.44003458205437346 0.44027305710089193 0.47215980894391435 0.5269626018792406 0.5638394118021772 0.5471409537288515 0.5796658336114088 0.5533135051047673 0.5547195243628918 0.5598144763686095 0.5410472893227923 0.5397278046562104
0.49296822885756664 0.5085819597195758 0.49592415595557104 0.4651909400706385 0.4429450905174956 0.46696760937219045 0.4523449425555067 0.3986237144095926 0.40196209079102585 0.4319067372320196 0.4391188276365811 0.4371872338707789 0.43248024212313313 0.483857952890005 0.5252106829724549 0.521707437117445 0.5125796112798388 0.5653860887362555 0.5545507231430603 0.5750437483114188 0.5456506769853109 0.5572155327237082 0.5069682567343949 0.48316760887015975 0.4880450522567773 0.47701763886271054 0.4586398595002347 0.45350630733432745 0.4680625361133371 0.4530731782329207 0.43297457365629666 0.4169644445883975 0.4312748847493592 0.4635648922111149 0.48606780614624673 0.5164464058622062 0.5456857392706864 0.5799806406823088 0.5218901690761915 0.49435814463568856 0.5137562283813142 0.5479948702748432 0.5289030628214418
0.5238817730549036 0.5083379390815703 0.48642515969077005 0.44768886409801467 0.44438596864289726 0.47111910802746637 0.4664370923355681 0.3904197872681646 0.42106984619948457 0.4368843604718741 0.4262928458186056 0.4288286659202947 0.43671731431370425 0.46887903852277374 0.47849021256504615 0.512996679041831 0.5030838204311967 0.5181533589397492 0.5214302866943581 0.5329393376338282 0.4903124091807484 0.48921012205001585 0.4814552914936182 0.518419428350994 0.48040338522034265 0.4319492972272286 0.48070761152013997 0.4467580125596462 0.4562064764319813 0.42452422066084916 0.4165710414707879 0.4261320787831848 0.46267833851565154 0.4916555068499292 0.46558757610055873 0.5036167446944294 0.5427484796024575 0.5585230908921237 0.49075730105414955 0.4953216824264504 0.4842953505580762 0.5048681343055054 0.5115515777037561
0.5330345402640804 0.5167122224321642 0.4816388505166213 0.46140480222673 0.4446261371557968 0.45929511796777084 0.4453355437709935 0.41250740430758315 0.3875432035320702 0.40739280987573184 0.39425128218068706 0.4471474900547402 0.4467959719652733 0.46848913229076883 0.44799444030780006 0.47566546154718564 0.4622798351282271 0.479098215180947 0.5091033640163246 0.478927482191021 0.46744453566582544 0.4999934656611701 0.47300609354358514 0.4655082460549205 0.47512066563456434 0.46343482636535 0.4775927428252804 0.4699356106393383 0.4397705508347968 0.43425652598811887 0.44673953786232756 0.4764528219156435 0.4866541106532815 0.49444440061791123 0.4823836285291536 0.4842238979364189 0.49904610123146265 0.5058101961393207 0.4953752375847186 0.4641698896491365 0.4634432548659346 0.47813297548866496 0.4944790281935582
0.5376622778079292 0.478494163960896 0.4497365951092467 0.4683348039399106 0.44382207811343694 0.4304521000085873 0.42899647826888676 0.42517950017259243 0.3779399545370835 0.36112643640007064 0.42346264992950927 0.4555287443394511 0.4485792925554125 0.42318106777309666 0.4324732935725179 0.4344256062529799 0.4669462311490313 0.4665212727864888 0.48034366085388275 0.4655391386419732 0.44691602034421796 0.4669434057993223 0.456102670853144 0.46385025782526135 0.48022092065364774 0.4464597696969181 0.44597035762529824 0.4996230231349764 0.47804481531595056 0.49577574468937946 0.441291667256465 0.4497338414966305 0.4506964840400074 0.4724197649472658 0.5007453972557797 0.49295565512567174 0.5017576722741856 0.4969310401645386 0.5099450920760364 0.46360471468692505 0.49358748370504607 0.4906428870956649 0.5198662401621743
0.5234796662103668 0.4934391860800201 0.47882768407996684 0.47683765525724986 0.43394945753877984 0.39231783533513576 0.367128414334799 0.36374441427289883 0.38782502426836296 0.3943566390038814 0.40663909024954786 0.45575719096531453 0.4410493956621129 0.43863182746951235 0.44797578396997967 0.48718808957925835 0.4907945113025641 0.4755700053588239 0.4382038218498816 0.43551851093086563 0.42313928342313956 0.41761476906961925 0.41877587555565005 0.4213892829156764 0.4224499382767308 0.4462051329254273 0.43820415311358196 0.451116986277019 0.47049348253698137 0.4720646631046246 0.47779274391358023 0.4989277078376131 0.4793569197932793 0.5094339103058058 0.5061032957616752 0.4668745948987195 0.48506469776852223 0.5028586966897003 0.48550836062576597 0.502094035860124 0.46841514049195654 0.5091391133132858 0.5069015307931778
0.5189725685658726 0.4982707198222545 0.4559510173748622 0.4326127375495702 0.3995903040681257 0.3685081404782784 0.3746743254898031 0.33510177706588584 0.3709593440243097 0.3351556136829417 0.4051022943127392 0.4418226992196463 0.4385583291956383 0.411454703929177 0.46100194039572495 0.4907603183706992 0.4770835666771392 0.4763275561674443 0.4258505787371635 0.428980880234479 0.39910605172273594 0.37833832897408254 0.3537936785601587 0.325307966750093 0.3984926455969906 0.4138644390063697 0.42665959395171715 0.41880201522413585 0.40291691259836704 0.42664897581526745 0.46234566220847856 0.5397339387116977 0.5200351572667798 0.49461336209922163 0.5123804205455801 0.48951532670084785 0.45929201286311544 0.4432961615429189 0.49103063277519243 0.5078723957539618 0.4706811455310514 0.4985891153442566 0.5134035544520105
0.4672459583985326 0.4702375140465985 0.46390349698859246 0.4560271938158461 0.42492443365075083 0.40937075177535537 0.34996188580555365 0.36291264783007987 0.3607190244022106 0.36305343943419477 0.38387720284389026 0.37831855934098063 0.42253472833762357 0.4167555408341141 0.42147990117889156 0.4595531675922511 0.45124416057785016 0.4395734498352954 0.3851127850573886 0.4065932349093482 0.3702923487218846 0.3955366180787049 0.35940620272205875 0.3119327632924474 0.3207519529907336 0.33091792297924677 0.36580562224013835 0.3951716612918794 0.3734636849837497 0.43242013512128463 0.46121766341560533 0.48755044213982246 0.5028734820364892 0.5038342944865591 0.4702494257807499 0.5016899348233593 0.4808278828780677 0.4464521977122702 0.4577602309390851 0.4580381462644644 0.4270535421358969 0.4655968232977271 0.4724096955735885
0.44861191779560966 0.44687953276864073 0.43710509495196104 0.46014686420380946 0.38689066544053435 0.38609723687951875 0.39517807411821787 0.39590429609959676 0.38782827056766533 0.35558664079267377 0.36322627118571205 0.36398927624797417 0.4143311649427525 0.4140948644697102 0.38786487138902864 0.41909220773567657 0.39321713832845145 0.36609515035089985 0.3770061690665717 0.36304120318424743 0.36497644706633925 0.39941964033715704 0.3326523698640808 0.32703151957648274 0.3139980997615147 0.3256469715291516 0.342725067371696 0.32095806327209037 0.3537189945858134 0.41758641233868715 0.43505260191542666 0.46058426331377217 0.5057073613077067 0.5012045766137806 0.4902237928901551 0.46241378281533396 0.4374172837147956 0.4568779407990929 0.4023295965026887 0.37421976134112417 0.4045094828421099 0.41838562610668406 0.38056432898650255
0.46268727445794333 0.46186650121844425 0.42277357252240766 0.4168000974030962 0.3688888286100035 0.3826784585687303 0.36975751731109596 0.37640132064397125 0.3788882376418091 0.38178167250301814 0.3789476147927615 0.37900835513136344 0.3557598664375335 0.3730115301562008 0.3925873242806754 0.37025721282382434 0.3556811910379879 0.36446943848093755 0.35905799878278416 0.3420484943802207 0.3396896524445263 0.31416758849353904 0.3200593743130387 0.3040066769166607 0.32085359502982796 0.31343491478104646 0.3158931826487853 0.30207010282701857 0.3521232261317751 0.4117365538471411 0.43636661008942135 0.4278531606148193 0.4940837031694221 0.4646981467465107 0.4883192999460613 0.4220999018700702 0.42499550248635676 0.4234975905030371 0.37540150120009375 0.34479658967403404 0.3734470947997279 0.37316735776895626 0.35203034993621585
0.43059893962062856 0.4022937504751822 0.3876685943565892 0.387406488845902 0.3568734010392127 0.3500839679663779 0.3529441956172255 0.4254881034923169 0.43296737489031806 0.4317149765690702 0.37444927795478816 0.36419214387428644 0.3432425872451239 0.3423955143157057 0.3421338104515623 0.34891219553642444 0.3791329961228151 0.3880702617987826 0.33939973405789053 0.3425397333777813 0.3150940539847993 0.30424554191324177 0.3445729756608979 0.3390636638821135 0.33398062930174643 0.3255912698331442 0.28838710019560837 0.3102434253664069 0.37379454390800354 0.39335403935579355 0.4032964190779029 0.42833155495356007 0.47991150713663894 0.4791541705277379 0.442149208252777 0.3972637839769568 0.36785769401139656 0.3234508328455118 0.3078931155966476 0.30172880415548314 0.2898601577879479 0.3245718071692311 0.33758865362657253
0.40449484278624515 0.42743215605067764 0.3923500926464401 0.4067886903846434 0.3737919483813596 0.33608563745124964 0.36097441999193597 0.3855040158979326 0.4080559966026833 0.43210704428381036 0.41163642624904484 0.38398349343690674 0.3362409434904642 0.32247733596357453 0.341182210883262 0.35395402160928713 0.3897079429445163 0.3550330367911175 0.3621002956447876 0.32351820415129295 0.32246878453180305 0.29590488271001786 0.3240085411170314 0.30337818461048316 0.2973239424521802 0.3275869612960521 0.29848678240325327 0.3212797815701178 0.3317656497388699 0.37830728156153487 0.385442836529553 0.42179871309496136 0.4429735857889615 0.4263375015199773 0.4150751205685417 0.385629010844887 0.323384169687608 0.3191690031283263 0.2781419030386443 0.2908729896317648 0.2728271712756894 0.2664753072558622 0.29389823746337806
0.43593069854100813 0.4133858043035571 0.414070497013319 0.4072137486427033 0.3676463617633888 0.3292064211866006 0.34038290968245066 0.33169341644429284 0.36843998399178113 0.3981472673311446 0.41894753626623166 0.4017811965301251 0.37625095252837243 0.34305190944708575 0.33106069212998196 0.3751489076096173 0.36092785744623307 0.33656328794101364 0.35012061082788964 0.32532606406479875 0.30461022350685774 0.3110671917960836 0.3149481012899459 0.3313029527303002 0.3287137488763609 0.2951564091046893 0.2921466632561694 0.26933855843177845 0.29872619411186374 0.31012883968032534 0.3689102672687953 0.37957822624651294 0.403658508986892 0.42103514857734803 0.3605882510972478 0.3472848308654338 0.3176373388757764 0.26422806554891776 0.2502132771669814 0.27607607448274035 0.23550381301334636 0.27186594724899005 0.2823942386041612
0.38019428465662297 0.4089417823388983 0.4009445713552032 0.3791704341738784 0.32657545623058726 0.3413878490551697 0.31444532496111205 0.33428337865730456 0.3366471194839395 0.359895306262148 0.38576901415227555 0.38833170329022765 0.35552349388668514 0.32244587916616746 0.35241718312319303 0.3544357393507199 0.37857732155807733 0.31277864281135265 0.3264561399671635 0.2935175567946567 0.30551052394668254 0.27684444977455913 0.2692731708935588 0.3099696604835468 0.2901832390905964 0.26226688502010886 0.23198072838745604 0.2734410319804468 0.2979915270511856 0.321971550183786 0.33253291981499145 0.34130461350763674 0.37304729341591913 0.3946783753007673 0.3597881351054643 0.34057588527485677 0.27987467140074723 0.2718715772501997 0.2511369062121976 0.23475892198488624 0.23429856533248672 0.24020227138717207 0.28938832331768993
