Raster_benchmarking/DGGS/continuous/raster-421.asc
NCOLS 100
NROWS 100
XLLCORNER 1743153.919795847
YLLCORNER 5469283.625949866
CELLSIZE 10
NODATA_VALUE -9999
[rows 0 to 18 of 100, columns 0 to 42 of 100]
0.3563932324498864 0.36225924957599126 0.4236475788519202 0.4279565966220839 0.4974469777445472 0.5242990339887188 0.5369281995932262 0.5564482431822141 0.6361214044888628 0.6597090674512062 0.6805034636873548 0.683555157360657 0.7102436043888714 0.6467543460057377 0.6868762935876142 0.7026483747731919 0.7072532736354156 0.7277213035433064 0.7177172583214235 0.7248214885102136 0.7430936661234417 0.7772744705453531 0.6949572913391355 0.6434391568403101 0.5778309342623029 0.5807150363493058 0.5626959053341972 0.4807432812451028 0.45507343524785066 0.5055549467984757 0.4964509056516257 0.5154038312618229 0.4842655730310032 0.47760639365622803 0.4955279238601241 0.4816222150466346 0.39315417551204296 0.3955311877152884 0.4337045488268005 0.3771138920306776 0.4085090468551152 0.4203107490256972 0.41292106293477354
0.39227477604528965 0.4410032842957158 0.4618703389486521 0.4400952944763773 0.44901556369430407 0.4624610217166496 0.5174990596001989 0.5823580708781667 0.6660642812969149 0.7070235235852842 0.7026467697896507 0.6978152451889504 0.6958490547507414 0.6954931635345406 0.6851934951231117 0.7169148750782943 0.7071693008554071 0.7336174618445803 0.7561406429981646 0.7697938489056106 0.7905123914743653 0.7888489975161044 0.7385208871821176 0.6854881868458818 0.5822733596634115 0.5631335375698807 0.567308861305206 0.49785291836956225 0.5061511535469564 0.488378347008878 0.5291889312982461 0.4947056835571973 0.47398997448218994 0.4596733972155499 0.4989541330891301 0.49653933944933193 0.4131185709228599 0.45797627342599845 0.42173362371860473 0.3899049429032314 0.3875239639632248 0.4613927182227629 0.4858396999519757
0.3990487959546477 0.44590664241227485 0.4928670694372477 0.45178532541510225 0.516431620631901 0.5173930190544481 0.5431574411924719 0.5886593600265457 0.6612323291112813 0.7082440228609397 0.7466281917269806 0.7138555670121021 0.75123777617732 0.747581447530183 0.7144936261454081 0.7253922345875472 0.7212319554683808 0.7337403855663387 0.745463221313649 0.7805185575655471 0.8023398566946235 0.773109396294039 0.7309670809317953 0.6908917201551403 0.6004975468368049 0.5740606040296271 0.5547105307594781 0.5753743024350336 0.5636717512818314 0.505559946369224 0.5337179670284361 0.502170006121858 0.5169968645749988 0.5296892815459697 0.5195638699671067 0.503547265676248 0.507306409280914 0.4882100861608214 0.4349077159469005 0.45347392100319595 0.4136767335456362 0.43393150224584204 0.453984313023698
0.46744611123944646 0.4759542007643091 0.5014218151463156 0.4742371731715628 0.49682634455834085 0.5697174695172098 0.530894572433803 0.5565419174198724 0.6485584148004772 0.6971109508798089 0.7266567418529133 0.7345594182933134 0.7604515381662412 0.7451877487320969 0.755516982134723 0.737286033077674 0.7677573773848267 0.7604288396286188 0.6972379147115134 0.7235223510113006 0.7374221646927616 0.737436147987765 0.6816852697185732 0.6650753277928881 0.6805464345881601 0.6510595221257639 0.5913421526724265 0.5527726586009966 0.5260546828154481 0.4973049653678501 0.5734298697965264 0.5532936789224553 0.5856368983292648 0.5465813885255308 0.5182782698399943 0.516458153116494 0.5290176528112339 0.5286107721887363 0.49292523334358446 0.44342040172770186 0.4160614578594809 0.4707980544095206 0.48738472004071515
0.5141834291016258 0.5299842816285678 0.5256199898679851 0.5299741752820917 0.5979770293996929 0.5804202608316729 0.605881489588661 0.5758479341542817 0.6216810915531165 0.6499141719091387 0.7118074319842024 0.706954162776573 0.7523188086163353 0.7241972530755711 0.7836337957891648 0.742598574580707 0.7094506780424535 0.7388064241075778 0.7355733789181816 0.7330467720929991 0.7378018598478231 0.7219514058709204 0.6591454113453181 0.6091231704172473 0.6612710989678914 0.639928173120608 0.6130745104094336 0.5942920649249458 0.5273714107337119 0.5324349341553547 0.5705409894832805 0.5757773076059031 0.5426241284535085 0.5695997723699817 0.5515153220669468 0.4947579224184446 0.5609283544454559 0.5334882071047874 0.4860193540091036 0.4726927880768461 0.4593670531949703 0.5273961249332151 0.525606508197013
0.5486237535897928 0.5671747506062259 0.56614147117617 0.5758738772116792 0.6843175788049908 0.609538514954501 0.6672429679025159 0.588884500302304 0.5749600055438668 0.625683389948247 0.727779296792409 0.729942465790479 0.7521701273155247 0.7148615492940369 0.791563594981527 0.7123091952469939 0.6941067291663915 0.7379685532649746 0.7746162310621924 0.7190277507652866 0.7194908443026197 0.7143917291024193 0.5975903098729305 0.5893334129055698 0.6017371150777049 0.6164662264746111 0.5708759786778038 0.6242182353617396 0.613886948289939 0.5941491367626186 0.5146378496473915 0.5539088912927489 0.541724070210503 0.48781395646023334 0.4812295652908783 0.5069783277356052 0.5375081797698268 0.5036250496667471 0.48272472827071283 0.5490474106835443 0.5587133883445767 0.5528066209456748 0.541047715611552
0.5548680984641079 0.5799875536147664 0.5630254007419623 0.636505586011384 0.6933125155664163 0.6647828482177007 0.6870918149819102 0.6430159700172976 0.6559768755448128 0.6656486261598655 0.6865159961609663 0.7287695871783891 0.7183371362468098 0.7477523673368113 0.7824107506117861 0.7112007109488445 0.7390870771023025 0.760944614945552 0.7520387849863128 0.70195665998731 0.7201097736404874 0.6847681988821611 0.6359921928648694 0.6535469786762532 0.5814068544028854 0.5896225274167114 0.5826162188709794 0.5756545758714037 0.5684059831133772 0.5733221653077181 0.540476452092714 0.5576854331144867 0.5239153670851809 0.5036654870323185 0.5109046500293108 0.5043136957333834 0.5417497485946319 0.4803147688271896 0.504236134618316 0.5392045379089816 0.5557442617775887 0.5345004779119702 0.5346280145894575
0.5955709399424816 0.6230911067717273 0.5976815442071084 0.6126453765835239 0.6485622222388739 0.6777991675065225 0.6696680012938594 0.6659545783876055 0.594389564933767 0.6740556607253521 0.6936850296127743 0.7300519892014441 0.780185379353023 0.8025464553367317 0.7448102644673432 0.7214340254671939 0.7326790347816142 0.7280102753362431 0.7284381967357993 0.7255206644309193 0.7356917568463569 0.6941972077073177 0.6562079995034829 0.6333298827492192 0.6088946553756542 0.5625514185228129 0.5472324305850009 0.5610794936473662 0.5467853857147309 0.5848059070197013 0.5678931023388392 0.568817357925815 0.5387810477661277 0.5180972022208176 0.5568924570792608 0.5180425896713877 0.49945028262415714 0.48796792305234904 0.5061481667622085 0.5158314393988813 0.4780618336082435 0.48900773992590824 0.4754684344072647
0.640836969624156 0.6015373156428604 0.6222215180488887 0.6204668360517339 0.6422478533843543 0.7172117853983857 0.7304980308798401 0.6654810535744219 0.6634252025857305 0.6988457796471136 0.7090701785477536 0.7250455209594068 0.7329413260068867 0.8009316917596547 0.7204753896552332 0.7208378992384817 0.7060430963625344 0.7207935164340931 0.7816150141422723 0.7714436432577786 0.7065185656586784 0.6825709972728162 0.6974035107269211 0.6395681341915448 0.6303658917004137 0.563802301134143 0.558489427353657 0.5903459509961624 0.6144970785910038 0.5693350417948108 0.6164295351365717 0.603226728950416 0.5564037729647674 0.5800667878913044 0.5713402777037181 0.5532109482639186 0.4956570608421746 0.4675484768770365 0.4978813724087826 0.524207298783343 0.5357809481527093 0.5199613389750317 0.5355319241057108
0.5792848307036444 0.6173845808638008 0.6633672164546109 0.6879292388568083 0.7100935476592419 0.7539807216991968 0.745407519361538 0.7134729502545795 0.5984366119375932 0.7005484743016227 0.7564023753918585 0.7545196188322991 0.761829955587312 0.7862394007240546 0.7543597836105388 0.7199049985140948 0.6930377422447993 0.7108429860392709 0.771614437219256 0.7970116374842402 0.741435812472093 0.6986460519923949 0.6872228056394233 0.6503393668043737 0.5886525313091806 0.6126593265392184 0.5412048344866348 0.6365482038372926 0.6328754449308749 0.5969342454655019 0.6040699065798228 0.6193840538192639 0.6135241072732135 0.610238298435036 0.567101814041204 0.5834887640497225 0.4898311239541386 0.45571299251175135 0.4859043099472125 0.5300123669370033 0.5489145978232064 0.5469039505749258 0.591191222637704
0.6482711414008351 0.6550722250031815 0.699460501930969 0.733102608742155 0.7492081079651797 0.7380951829803668 0.7247212896001677 0.6995934952478081 0.7036731407096664 0.7016314201264583 0.7798683414918847 0.7531779957796517 0.7459789084886909 0.7230797150669895 0.6819953510742583 0.6878943515722193 0.6911547812951865 0.7009878571770999 0.7056705132781448 0.74233808764866 0.7715167170930994 0.7743454971550351 0.7576856598737094 0.7298280372273993 0.7013018726599237 0.5967347094305119 0.6148302928397582 0.6472918732132393 0.667325747839885 0.6503439097649351 0.5910002507219112 0.6194299416058331 0.6140608658534799 0.6017494575907053 0.6118165890191181 0.5780099798342093 0.5083746954733203 0.48123632000116173 0.5189677712115057 0.5700191485187477 0.5859071630519503 0.5620045848876726 0.6118902949725459
0.6680326899818587 0.7154810201566582 0.7292346236833807 0.7307859873897611 0.6850755827924808 0.7559793968945964 0.7441148259331842 0.7290549174577362 0.7356633001716357 0.736608295363684 0.7685805438176178 0.699431604353552 0.6983691727892366 0.7318165677845961 0.7204020827230574 0.733174894279113 0.670214985791616 0.7346841020186844 0.7216229442174089 0.7689923762882894 0.7681948636455956 0.783117543153982 0.7820064175486382 0.7863268447110305 0.7638433314504964 0.6641234925634465 0.6119203962383235 0.6821105354413511 0.6789551889741151 0.6705060814668043 0.6098193412171612 0.6341384991472048 0.6254767973292069 0.6375272366526389 0.6738609222515586 0.639568822579939 0.5499093284511303 0.5516637285685996 0.5559796659405766 0.5629156540984043 0.561217973256256 0.6148516019471145 0.6657920113799095
0.7699804394145134 0.760809436685273 0.7731846403205139 0.733597443619753 0.6960991684126729 0.7369815122169238 0.7328959817415232 0.7213096922380391 0.7666278177571065 0.7408621441306167 0.6875532946538843 0.7372700088344906 0.7620429762123003 0.7693592111320581 0.7695984663652744 0.7151758892620509 0.713803552438286 0.7636491492328566 0.8020636791171334 0.8188665402571907 0.8155994630076514 0.7610036983350575 0.761944805188399 0.7959036681090589 0.8066078533891253 0.7260225849255645 0.7205216607735669 0.6983103907192814 0.670112081198953 0.6054208041305782 0.600193341859635 0.6058762591706173 0.6195532459652938 0.6561440384649153 0.6701963741179445 0.6361939926531249 0.6353784556041279 0.5796945881120892 0.6131216460275957 0.6078496957934642 0.6111888569177221 0.6768221691254478 0.6904048929386376
0.7590796084932572 0.7958119163956716 0.7875168390607014 0.6999553114021249 0.712536285282459 0.6793695224808362 0.6851867883635572 0.7094675384913754 0.7126768384255643 0.7066649587706806 0.6559569712307135 0.6726684738463935 0.7363733488297363 0.7295024649269528 0.7847313957891687 0.776002113615931 0.7714906016965969 0.7527720319973319 0.7627168806106668 0.8404748968817597 0.8678863142914032 0.8098216030814501 0.7889548376321114 0.7899162901824835 0.7990062711907652 0.722951242600686 0.7307530492995885 0.7089517586525175 0.6307248649162739 0.6687519295116391 0.6415329221436185 0.6182906477170704 0.6399773503339508 0.6587625314771183 0.6301485315994922 0.6378308799191467 0.7100302350504485 0.6677173530915431 0.6254692246853648 0.5932081824627212 0.6463029452541844 0.6574111043786327 0.7553853491774427
0.7668852134996046 0.7808199541898547 0.7187403498769465 0.7032715436860494 0.721537176770064 0.7252440626674661 0.7211967065721719 0.7068370754543699 0.6905403566734822 0.6420733457246349 0.696154580311083 0.7061546080458428 0.6828126791655502 0.7301937453004324 0.7620205456459055 0.7736937653111354 0.7379079898755965 0.7479861057476069 0.7872323340598064 0.7662155561939753 0.7816072816298992 0.8151330228769186 0.7861473937739023 0.7925416204313882 0.7770718380341693 0.7483649137126049 0.7168054764632119 0.6495650434388849 0.6488828636819569 0.662252189001167 0.7041258621267497 0.7179042356064392 0.7108339264521898 0.6524938436288156 0.6891325243108823 0.6682458109780135 0.7207332710397059 0.6847421616940489 0.6805453596242618 0.6519104145918402 0.6841287895904354 0.7059111693005052 0.7435929016060976
0.6975692938766667 0.6863370114220595 0.7158021525868623 0.7131591487511189 0.7170401556028227 0.7030740601872876 0.6800130609915086 0.6605714347362197 0.6191253686453024 0.619873114352908 0.6174919717310035 0.6768041812558871 0.7047558350534848 0.7087757007026215 0.6887800769109665 0.7432646341564473 0.710445141715392 0.6841024695663664 0.7213252750685577 0.7822448724200673 0.8038225050824832 0.7662652039859102 0.7954614672740643 0.7195439567170492 0.7195743607074568 0.694544354371045 0.6456436801988471 0.6144726051043312 0.6152064426001879 0.697477347581418 0.7442983224267457 0.7109735651223335 0.6884512225642316 0.6776186927194058 0.7672946349692114 0.7105684645594521 0.7219336999631162 0.6752767677417012 0.6869132509056999 0.6992020898383988 0.7214931414095765 0.7715396825882925 0.7898934096483123
0.6486006066198357 0.6410860212101718 0.6849562450285975 0.6782524325532722 0.7017188934681302 0.6182001240757357 0.6374771819683569 0.5844260745750666 0.5659608103317371 0.5479019472930522 0.6351546644479192 0.6553847627513479 0.6301336102428786 0.6143975104501321 0.671965347837336 0.6500695055638167 0.6415574320864714 0.6455090434675995 0.738829108117077 0.7732470837284386 0.7466460783685421 0.7177795732057239 0.7221655620190486 0.7146833135479692 0.6615757038288255 0.6295376478157255 0.5976512043322019 0.5995438633372782 0.619842458968356 0.6828906036378561 0.7319518151514562 0.7665251872367225 0.7637677627171605 0.7655415306481873 0.7523212935425009 0.746557547223254 0.7468294625404882 0.6927334119986313 0.7176618228378727 0.7611964420817774 0.7630204332123954 0.769716470039986 0.7924687455421563
0.5906708587417153 0.6503139389329068 0.6905032055086207 0.6264766806752233 0.6617926460987216 0.5935727550189512 0.5212360591708599 0.5597517290260605 0.4983855881682942 0.5144657914014059 0.5863778326705521 0.6234079527040577 0.5852398293860098 0.6081993957857031 0.5957648315660086 0.5789133864058398 0.596981417024447 0.6613561714504721 0.7135439518006087 0.7449510341143961 0.7291200624054864 0.7009181154275971 0.6732650852238773 0.6985189743166076 0.6696341102284818 0.6845470871004952 0.6077502630147114 0.5998144054398146 0.6741297124991912 0.6918902423017422 0.7342374199998275 0.787028091663813 0.813304330091062 0.7796440224391495 0.7856554978159884 0.7250705079714888 0.7443325952454113 0.7406066588125301 0.7223964411476002 0.7473094549485101 0.8021001438597306 0.7347840903702398 0.7511619536451667
0.5910313478809188 0.5963309532711462 0.6322278619268152 0.5879265306771158 0.5678793545642614 0.5552055583381857 0.5206103498182547 0.516752824914898 0.5407262629497153 0.5385434812107092 0.5616528573615301 0.5491496569453775 0.5814677930746087 0.6088909346912537 0.5530242181896292 0.554455134665819 0.6066652140851733 0.622196396378106 0.638125240524307 0.6699696132670699 0.6772565394975429 0.6728401303338779 0.6592578611814198 0.6828991837675061 0.7154145935249195 0.6795589960303033 0.667530416391004 0.6520377221721981 0.6571217568622283 0.7243448151082725 0.7038987400371602 0.6967336140666949 0.7375526394880028 0.8244759888829645 0.7887971024467817 0.7763483358680254 0.7957712544793286 0.783057067328695 0.7762470677254762 0.7375504187427145 0.7312123527746496 0.719563856299011 0.7651092055238343
