Raster_benchmarking/DGGS/continuous/raster-405.asc
NCOLS 100
NROWS 100
XLLCORNER 1743153.970799325
YLLCORNER 5469286.199125829
CELLSIZE 10
NODATA_VALUE -9999
[rows 38 to 56 of 100, columns 0 to 42 of 100]
0.2475136066133986 0.29138989581022845 0.27634949896988453 0.27426320796928255 0.2619196481595036 0.2811662090576212 0.24119301360162804 0.2459945135215771 0.26488816243918534 0.2453686670708056 0.2535482394026482 0.2753600704120427 0.253813151660995 0.296993234526914 0.3159399502624342 0.30120711248256615 0.32141826654535377 0.3271460009838458 0.3034960493667683 0.288516992137408 0.2749031121236609 0.30052222234200765 0.2643777820208623 0.31009233192113556 0.31387873199037614 0.3068026527440379 0.2969960521676626 0.3143361624932709 0.3456773249178001 0.36363114688340464 0.337161784836271 0.3483991447886131 0.3734824360531041 0.3552783632764638 0.33069398307012415 0.327365493786288 0.34827130036434345 0.3656581771357185 0.34576261079012083 0.3619627932729248 0.3786462790776871 0.35576898449702626 0.3925517199546696
0.23032263495956834 0.24840239686451387 0.2626347914734055 0.273391159074953 0.26841937741883415 0.2453620661970206 0.2074467729668362 0.1891095309791862 0.20084159438163945 0.22689051834689875 0.25072984602788195 0.2699581014517719 0.2510626277671897 0.29069160461332766 0.29307405324255587 0.31511216682530835 0.32725449074141383 0.30077973672881203 0.3008576782587713 0.27775457213664345 0.2874789886511766 0.286367192651329 0.32006273839381894 0.3244762444056269 0.3335228295325636 0.32080642178218627 0.33152288388186774 0.3545379544694814 0.39974212735281095 0.3933778838636352 0.38555886559173774 0.40820478219843415 0.4178802531991289 0.38783919984506166 0.33923340506071836 0.3518150670698324 0.37351098074928357 0.35548083468712255 0.3434261891377895 0.3772923845513736 0.3480072342838504 0.3406350330963286 0.3340151607955696
0.1918821861339913 0.2032067165882185 0.2186325870392264 0.23530649046217042 0.24991566798284037 0.21905084868403285 0.23076844408664882 0.18344407466264676 0.1812777391812452 0.18761474741980871 0.22346298028913178 0.24905688612368704 0.2822751048061765 0.28599675625050924 0.2583971002259187 0.2555546137333083 0.267607633216978 0.25298611219630823 0.26655740603501377 0.26240878915047605 0.2788276682449719 0.2673925185413001 0.3114833555721591 0.31743000456963205 0.32794655321066923 0.3373588095237999 0.3502476007545496 0.38298841392853006 0.398741618906945 0.39681805654233654 0.38388606847229684 0.4151777045443542 0.4252941936959776 0.38264522890185854 0.34953096981367626 0.32638598823765635 0.3408081034595494 0.3671991301787974 0.33406434084914344 0.3130485245979501 0.31858363706450576 0.31870005763956466 0.33804054920892446
0.19234465231134407 0.22539144391757204 0.19116265577343142 0.17964791012148842 0.18913209539461576 0.2337927247148333 0.22201625276934944 0.16879782100565416 0.1792945128960394 0.1905085512738696 0.19827374471785647 0.24035843735870063 0.22837658742441577 0.23324334165300753 0.24062516008959636 0.220128889141128 0.25175895218215855 0.24467832375853737 0.2649615199735364 0.245498660216466 0.28720043935158057 0.29101117664799236 0.32698003065189457 0.37766507568297797 0.34136421632590946 0.390306983504975 0.38388536236784243 0.4351839864455061 0.41904247038149167 0.3888600970299294 0.41572878561976623 0.4292064650967852 0.40910968216026333 0.3889828450054522 0.3431017801228397 0.30473033259372523 0.31567686504590514 0.3709909230550731 0.3258400808517594 0.308452184779912 0.31562319825106677 0.3517641044320376 0.3209550494998093
0.1838658337589519 0.1775571938932102 0.20855499023924595 0.17738268306246488 0.19720470249704256 0.23016576532233002 0.2069044621962024 0.16770761542004523 0.1706173073705102 0.1845256024259064 0.24111175841759008 0.21148973094035445 0.23306109512641224 0.21733962310375296 0.23896329694470836 0.24620839076489245 0.23855582626758462 0.22737709980447554 0.2604393023999965 0.2528542742227776 0.253228994245695 0.278972999004583 0.34600916078497485 0.3628572600107091 0.36053365845333984 0.39772439538244214 0.40538037862040693 0.3852217681077965 0.3702261745902736 0.36986301068655514 0.3762759752268525 0.39716628318233294 0.37651191416836666 0.346454634332541 0.3357217925511937 0.35167314327807064 0.3444814254749907 0.3320510208480501 0.3491719109106495 0.33445448609641 0.318528683454368 0.3258681122036099 0.3353606824895762
0.18282615056521584 0.17550442807401936 0.18087322238667317 0.15476784514524355 0.1611772654340376 0.18953530263499666 0.20993197554400833 0.16948140562382863 0.19849675176601364 0.21782598720342483 0.2533169295749405 0.22752321530077244 0.21772199911429554 0.23380990468223226 0.23771840701010086 0.24303365508317584 0.19748519183288446 0.21605649381038833 0.23171845267799246 0.27013996057526274 0.27466835175244897 0.28341867359850026 0.3362963377707426 0.3654249580966788 0.3585971161196318 0.37814612586186425 0.3468954912098995 0.34128200091556476 0.35616356754746903 0.38785184846119297 0.389110988187489 0.3639007232926967 0.36738465340195786 0.34501357425981544 0.34582599313772705 0.32508879266261415 0.3432351975199964 0.34007210636739704 0.33150160524275396 0.2736866570300508 0.3207609145057917 0.30395630035401283 0.30683341668494
0.14546161736036758 0.17048264701912763 0.15247549599065519 0.17615316727675806 0.18844838877025366 0.21697312411863834 0.21541302594430572 0.19836157751052347 0.23360853952824676 0.2487595961148639 0.2400489300864074 0.23157535171215926 0.25703226543649493 0.22568959425449453 0.24569286962784243 0.22037075379268178 0.19759399963503604 0.21476850444688256 0.22736506321966346 0.28365309106347686 0.29574368919566263 0.3051908218448868 0.3277684351429436 0.33086065007879206 0.3864829339718092 0.3877011673854989 0.3467590713438964 0.3260699380250515 0.3586622213075092 0.36257801092158404 0.3258847966991997 0.31884041876455704 0.33694087041588666 0.3472385144399265 0.3377527856015618 0.3405976526490458 0.33490865585501867 0.33428363889716617 0.3174523774878529 0.28770462747124154 0.31014700461114114 0.3378521873037005 0.32648421126429455
0.17131451448727025 0.16964758660881335 0.16414619637876995 0.1610794993563831 0.21502906784977155 0.219637434651173 0.2239839932690288 0.20736303597113265 0.22765164653421305 0.23639786653759312 0.25432521108568334 0.22472841880351913 0.2660987846745291 0.2387721618025153 0.2501096654019163 0.23016724136003233 0.23071528427599816 0.2040306389187677 0.22922171393180482 0.2671048567637396 0.270357157896792 0.3010362239614713 0.3312375275108801 0.3460277741931553 0.33350815506895576 0.3559836240486869 0.3345408429434685 0.3193973724012694 0.32318492042815733 0.30984556715615885 0.3252358856913105 0.29517496989593517 0.33978355439697944 0.3521920321631805 0.3217418509653911 0.3146523727788267 0.30250094262743416 0.32263035838932996 0.30408821807678305 0.28706365924615024 0.317031599282381 0.32848730208272064 0.2864520022565989
0.18168533399778453 0.16643406804807062 0.19966683397420637 0.19941473955201078 0.18578750815607067 0.2206748051749784 0.24792882422034768 0.22883717446970084 0.2501913291850375 0.22918306007966457 0.21769115210916484 0.26026649912126915 0.25229813455720224 0.21705395346834042 0.25590740965112835 0.24823185052725502 0.25386513694423285 0.2544478979182209 0.24320890609956727 0.2747516614383593 0.28762143072476914 0.31215484644212926 0.3219050409694665 0.3251217263233579 0.31264353309325355 0.308583553742966 0.3360120263838246 0.29498359538246965 0.28994617387487076 0.2941374133097248 0.30850903419025566 0.3064122367366919 0.30185333767638217 0.3510098651318807 0.3221678033422066 0.28406927135508303 0.30146509413965206 0.29576863969465855 0.315428729625593 0.3163903880692406 0.2933252369408837 0.31861688798323884 0.2999369586562437
0.21953506023831307 0.17989162240609544 0.22855264477592022 0.22435279947065281 0.23166689956341102 0.23489073122733556 0.2593980323726122 0.24673041097010515 0.2194456755985608 0.21306993785928133 0.22553168905941404 0.26338739483000073 0.26297529155241933 0.2253391256603282 0.27751121191394423 0.2605736662792351 0.2545544230603094 0.22742229165658806 0.2711515581738788 0.2648285674562442 0.2808945330923209 0.2640289115876992 0.26562393788948935 0.3140320641795233 0.2852176954094166 0.3112049255264677 0.29632213777891264 0.2816586382563534 0.28499270291824647 0.26149700603858284 0.2565376348240991 0.27726793449919046 0.29505233439498624 0.3364723955140557 0.33766957342893017 0.29118220919945587 0.2896343085332882 0.30373749561683056 0.3103634688540779 0.31692877706331357 0.33513916467556115 0.3475762352580167 0.30320128144288183
0.2075219036461452 0.24169340240544354 0.2441300963312534 0.2647773564629034 0.27016719489726887 0.23839703692521602 0.27662244997378443 0.2818928871985364 0.2700015360616525 0.2693925272222698 0.2877861182995681 0.27896856174853873 0.2585244895253687 0.2512031868393822 0.2624708065703574 0.23831882307438776 0.25814859408773155 0.2385863645191791 0.2530649139910837 0.2587116062148199 0.27140204351349645 0.2868889423658509 0.25724216778955583 0.2798392454683863 0.2830246654512691 0.33395000600399544 0.3199301305447574 0.2643648189692598 0.2569559473211686 0.23926939535085162 0.2544337992078138 0.2953670539211475 0.3092309302082804 0.31397046689213975 0.3227935516779325 0.32935050694320345 0.3650717152425577 0.3469431785327435 0.3242479640157654 0.3281795496431509 0.33867912248147974 0.33230897766347584 0.3138256478787692
0.19143311722427694 0.23757148615838022 0.24225014306898032 0.2833615992368729 0.26274747244559726 0.2691198247361266 0.274098707870678 0.31940035479279116 0.30302066081263107 0.3180658487305975 0.284479725104313 0.2752430173283054 0.3007056912087427 0.29510953194363926 0.29621220507538476 0.24995255903657834 0.23502003849509248 0.2365900587834415 0.30596568090789433 0.3246261710355215 0.2872371266931876 0.26359330550927274 0.2960963910428702 0.2432759754927637 0.2660556315471358 0.32437422695895085 0.2933899843721499 0.2608829456110647 0.24224569710653374 0.27981709646019676 0.24598814914423175 0.2596782214154418 0.2883697300033996 0.28166191981123506 0.3169692580939608 0.37065436615611186 0.38734869804287075 0.39283289531725873 0.3413766383819209 0.33148541456179215 0.35834905846923143 0.3180781473625595 0.33596685729855835
0.22168901649985448 0.26516855321360944 0.2459544558875725 0.29703215268701966 0.2963893042845304 0.3052559836421782 0.27397435923358937 0.33441634181615687 0.34188855800006335 0.3150619760580434 0.2908932201112521 0.308341913700945 0.29640611351584845 0.2832101259127169 0.2986652309644045 0.25350840807796543 0.2628468046432713 0.26971862649699735 0.31268216831157186 0.32308727554542893 0.3195823232528137 0.3013649137112741 0.31525914343073974 0.290706591144659 0.288329722861933 0.32197363693825626 0.29898184604793326 0.2665003847864061 0.270402233207936 0.25090397797194813 0.27722209062648967 0.2731280536773566 0.27927314165497397 0.31337560595884584 0.3408470917403675 0.35597996270888227 0.40434647269733265 0.3901712827214673 0.3539559585012694 0.33372171711833853 0.3440882224502616 0.34556832779424984 0.361607624223895
0.235382514550912 0.26841570909947593 0.286570803174983 0.2653064499171671 0.29990435101000623 0.2830553909870951 0.300237063089011 0.33087341417908733 0.35028673541945154 0.3121739036383093 0.30296558910247234 0.3056747013117499 0.29445608475366275 0.3298356326651143 0.2874881150891112 0.2792647469709083 0.28887842138385167 0.3104148874025571 0.32973922544222134 0.355784095517533 0.3460768395148966 0.3650456268287341 0.3268079768637879 0.3549432440636113 0.3381884009980335 0.3300779591695964 0.2775399453606284 0.261454553110704 0.26522127623894415 0.2706627808030153 0.28311578512126545 0.2736717109036699 0.29419423507077025 0.32766683269738095 0.36023839337352853 0.3740872310355379 0.418015454817274 0.41232334714104824 0.36234143390979334 0.3615430963408182 0.3572564978907509 0.377320964431025 0.4026716473840898
0.2670984816895495 0.26593846317966247 0.3058394170878034 0.2930681803428285 0.2841881141267429 0.30324515650085476 0.351028635004626 0.32676752763912387 0.3422817461767961 0.3238401369655089 0.2913484557392876 0.3244080971769958 0.3364759554312573 0.3408798159981094 0.3236007733602895 0.3613682126732419 0.35182482520828456 0.358632807477833 0.3500250426087067 0.35852807541527537 0.3477338384066924 0.33678729567955973 0.32461494017131987 0.31478266284261863 0.3335659538503759 0.3154147851162975 0.2893621835000171 0.28800912363374054 0.31817865072759977 0.32392389575305897 0.3327276436301609 0.3548792655020756 0.3548308939585436 0.3642563320374774 0.39990883320709936 0.37204424296119964 0.3895187963953437 0.44172534429171145 0.408869158737288 0.41310544814514016 0.3981014227865796 0.3940898456660751 0.4393557784094705
0.2290604256981748 0.2740199344695321 0.2706040691759448 0.3149550634813568 0.32569400746358707 0.3587342712589932 0.373147442058126 0.37834893213075976 0.3394528336899547 0.29639759195444443 0.31273276639845343 0.2909672281891069 0.3616424572808365 0.38493986248678347 0.3583522993456795 0.3849932108264262 0.3886479862312571 0.3956605748554651 0.371759727341471 0.3844277079376594 0.3889052824308497 0.34248558707305404 0.351843975963348 0.3356658745345532 0.3150027638100972 0.3066506049692332 0.3131837666905059 0.32957940099072613 0.33389522846080916 0.376333464468209 0.3645449634918398 0.39774364439140364 0.37728445684955997 0.4235292471534745 0.4256634925806344 0.3968858332574472 0.397082970385648 0.45397104692574464 0.4336985643869617 0.44828756646292967 0.46540693188105703 0.4681176812948164 0.47904625382657506
0.2185484950729333 0.22538810756088318 0.25629453000486796 0.2839342796166825 0.3016475351460827 0.3377646337292581 0.3485623859912253 0.3301181325892601 0.33768971739155734 0.3047410847981573 0.2994213396107192 0.3290699037016876 0.3718604571375344 0.35648016535513616 0.3548794291807861 0.36118468630472683 0.38667866913704413 0.3495477018711689 0.3721025588930739 0.3533999106898853 0.387804704518183 0.3649828234821279 0.38059186400329736 0.33856788344462185 0.33746326028135637 0.35654803911621197 0.361275559276068 0.355773545831805 0.38597560468089015 0.41235002913946744 0.40819049295226895 0.3764136151607309 0.4135916277760202 0.44421412686577444 0.4482914837165342 0.4541245516585767 0.4413932033696756 0.4686556240453346 0.4469894011384443 0.430429047064441 0.45097490893106684 0.48335929445701326 0.4969603384540758
0.22158891861592764 0.22483406385665322 0.2322160220205729 0.2535101381836209 0.3060901526938881 0.2965532422971534 0.32331616991345363 0.35848106056307416 0.3366823103316661 0.3401637996607231 0.3698125547597201 0.3676685932423027 0.37513635408305246 0.3895046776364691 0.3930065948464324 0.3598123002990082 0.34939522340949436 0.3430935807443325 0.37753890917521127 0.35299218314052566 0.3980072330755061 0.39886977442491867 0.409518994945235 0.3792078212221551 0.36326115361008576 0.3974128174929945 0.40378199150555083 0.4202109676958466 0.38874740936965185 0.4097866271232952 0.40255759224724724 0.38750875695303827 0.41303177936942076 0.4485830203400029 0.47569508527025006 0.4648205023392338 0.45194276671553296 0.44829579907000616 0.48310686369038824 0.4823033425348842 0.46622708946280617 0.49217780311813 0.5271211013714777
0.20467259174216115 0.19807740765836565 0.2369252174930365 0.2886316966835417 0.2677454458101676 0.3100751610945303 0.30368116752320307 0.3122190798927473 0.3379146317916414 0.3301351659411251 0.3654576742974857 0.35779681914101374 0.38441043824261 0.4046420578929221 0.36333680501292415 0.3676517556560751 0.3481406406995399 0.36760831381013237 0.34640927329265664 0.37526999977643766 0.3969964194809443 0.40299148218782294 0.4246295388666459 0.3881490693715891 0.38279390071733976 0.43439041372386944 0.4295699267058892 0.3974599805555446 0.3812620056476427 0.4009565483055496 0.38075344969678787 0.40446616761329796 0.4277485810416014 0.4391835613229625 0.447586210628154 0.47331561388677795 0.4685658367939436 0.45362308281020236 0.455632453237139 0.4514484321934297 0.46318334644573517 0.4558658796013717 0.4912347945760154
