Raster_benchmarking/DGGS/continuous/raster-245.asc
NCOLS 100
NROWS 100
XLLCORNER 1743151.7373826192
YLLCORNER 5469293.031121889
CELLSIZE 10
NODATA_VALUE -9999
[rows 76 to 94 of 100, columns 0 to 42 of 100]
0.6077641154713993 0.6195837993670752 0.5829181446651565 0.5595808139887637 0.5979253150541559 0.5667918448042426 0.6089810126755533 0.6280435785593356 0.6545956472746047 0.6835432094759385 0.6847086521105171 0.7265687050264259 0.7509501705766359 0.7745445711801288 0.739436533900741 0.7220196272698955 0.7308954571892048 0.7304211407723624 0.7272773296619544 0.7170338176531655 0.6808297448158378 0.6428507526978912 0.6714105798614977 0.6896951631374802 0.7255301600024627 0.7517215524026503 0.7706482007623586 0.7622167232699727 0.7804078374413889 0.7933806944950723 0.782793252420786 0.7602830398705301 0.7426913086960311 0.7504086684760742 0.7556943868727667 0.777580506899599 0.7400296809398821 0.7123973044847046 0.6829319753380573 0.6497451291186253 0.6361788812440009 0.6098774377799404 0.6273099130329237
0.6385303053335235 0.6384443726126549 0.5932204580827893 0.5842866545468395 0.5892324575659352 0.598774127384856 0.6401374144190343 0.6722843450932365 0.6661900468607269 0.6720402085515856 0.7108120976192512 0.7292073728132868 0.7855993667442325 0.7940398945389434 0.7755634265595922 0.719392423494467 0.747082273778247 0.7277188401827777 0.7237076080991088 0.6823339145162268 0.6446521714298797 0.640342277502941 0.6860753848073171 0.6754021858492137 0.6886990800565033 0.7394273732952448 0.7578587344141422 0.7760771432927417 0.7895795327602015 0.7963768887516427 0.7893680468651654 0.8163643276870777 0.791856115881229 0.7745271977607424 0.7783811479445413 0.7551843918713286 0.7572198671590107 0.7619304952206746 0.7035345119470015 0.6338613166857489 0.611700022773431 0.5907441168042791 0.6158743794300542
0.6460044392095851 0.6691967903869767 0.6500956982037284 0.6204234194344879 0.611961119748186 0.6239114972553798 0.6362858068112279 0.6648668766727784 0.6520454956047014 0.6363962319717028 0.6928790392206594 0.7628277538238741 0.7960959024782952 0.7871956964874234 0.7563888606731957 0.7145343672678239 0.7455078468459609 0.7363897255674268 0.6918233154627065 0.6611126011989888 0.6723755413379409 0.6550065342543006 0.6838985063160693 0.690282209083831 0.6963452998400892 0.6974721213653868 0.7425819789338292 0.7745644484490372 0.7795794441065436 0.7791871977468849 0.8297991474249842 0.834733664828977 0.8210934254553873 0.8514461443604731 0.8223910582414514 0.8066373287507687 0.800408639870285 0.7699441582325595 0.7013761136123466 0.6684953155873664 0.6074140284285973 0.589473565076674 0.6281705279968369
0.6753351539349861 0.6308742001283976 0.6303555966249969 0.6591117319478177 0.6420858698383972 0.6222767944585753 0.6440004013693189 0.6323755976447537 0.6356761045418433 0.6853488702975138 0.715685859950962 0.7749190679173837 0.7631380022165016 0.7675522355872055 0.7473751549725661 0.7574263828456085 0.7391798627775074 0.7451649351586584 0.7127082925587318 0.6810224871637865 0.6878055807688653 0.7007919883427948 0.7079612039760795 0.7111088576077497 0.7210748251648303 0.7139617617982765 0.7241048290219362 0.7281750309190518 0.7560948497847892 0.7939826151767705 0.8158682006835791 0.8328313525164229 0.7901281085377596 0.811014694618743 0.8193902617961675 0.7855122244656001 0.7836167903210974 0.761466728425797 0.7245003033749136 0.6442105261876734 0.608283939308837 0.5895895815726029 0.6194185412513319
0.6535734782871702 0.6406150455076235 0.6474497052345696 0.6521315479532066 0.6454190778064881 0.6711288102310375 0.6876309827557239 0.6391677496747945 0.6812884928398885 0.674307373828563 0.7349886331862321 0.7565056874657823 0.7367608751675584 0.7678855664263542 0.7565759526026917 0.764630777671897 0.7550026159507858 0.7682809443866927 0.7636293002440714 0.7129631060246653 0.6952303215041024 0.7343464158091015 0.7301685693708099 0.7142551768841612 0.7304561534069378 0.7453960358149624 0.7593541975456504 0.7485296363742225 0.7341581557808735 0.7522588936905342 0.7890137284784212 0.7921263012995632 0.805311692239352 0.7643418261188489 0.7692811678101751 0.8049689110329596 0.7408666061310287 0.7083495161187477 0.662077383053388 0.6506643209099484 0.6120413530812077 0.6209957361990586 0.6593860370846618
0.650598844337552 0.6377192614948548 0.6732379835359704 0.6694237033946306 0.659011227098572 0.683895786594925 0.7023969660133138 0.6723087291941982 0.7003536030903869 0.689819447341535 0.723886431065935 0.7436543757862387 0.7493294117637246 0.7500212475732183 0.7760987754347646 0.7361094158831066 0.7540003387742638 0.762599755598428 0.7717258632020966 0.7258718913815484 0.7480209733877092 0.7551285063228577 0.7255382558628237 0.6926466812157643 0.7117440172608469 0.7187428443283197 0.7309368391897495 0.7705357539903721 0.7530733738218112 0.7876491185149055 0.7717916449628639 0.7996260562937904 0.7749127189617843 0.7890062508635229 0.7626265432593836 0.7531001849674958 0.7299427403603608 0.6725677882573956 0.6522940642643861 0.6388580550622546 0.6230836501919402 0.6165145846306654 0.6558277520047215
0.6487274386390349 0.6426819185681868 0.6751170437775244 0.6564589263843013 0.6729908028851824 0.6727517503910397 0.69001940293475 0.7263807884078417 0.7062039136046377 0.7214985139869893 0.7438138187558335 0.7111817096202128 0.7735345911131644 0.754558662768392 0.7391497883507065 0.7308277381163061 0.7866273668234063 0.8081434900899931 0.8008554014402847 0.7492773327377805 0.7420762490663928 0.7486693348381304 0.7415594247728444 0.6763270950082855 0.7134656020404626 0.6742583313683185 0.698649323974276 0.7497354942440959 0.7572162102826339 0.7734267282482933 0.7622782817733286 0.8133472737068284 0.7790374995190182 0.7867014023741912 0.7890681878297721 0.715151678124931 0.6891047587987668 0.6612996323554466 0.6805014819823549 0.6493128641207346 0.6296262387351236 0.6614158326030097 0.648941589198291
0.6496415078361093 0.6431879117460543 0.6640197536185463 0.6552115109851611 0.6457340921983284 0.6480936508434879 0.7169109956627921 0.7064012927605916 0.7585205955677595 0.7825399583112485 0.7729889881440825 0.7770265042924437 0.7834726140597694 0.7618865823967949 0.7457767978489886 0.7505898863166443 0.7704599734978007 0.7919273814127383 0.7774881762329915 0.7589916693403641 0.7289673401135132 0.7314124385996269 0.7481761420884565 0.7177293786076061 0.7173953575238198 0.680538673808104 0.7012020786533263 0.7153463436732302 0.7659306735222285 0.7655348266546781 0.7873319960489867 0.7756623400276375 0.7810265348836072 0.8008567201080969 0.785947784347794 0.7642650684509975 0.7370102118240076 0.6763677015179688 0.67212409170895 0.6835324951064264 0.6504077989013367 0.6551097683417283 0.6465598032281605
0.6795209141127708 0.6450559591832501 0.6713077735731822 0.6977265581945338 0.6564943365173009 0.6602285194297338 0.7082964179668931 0.7021707733472695 0.7404768380973179 0.7878130675685886 0.7823357959190523 0.7782833776640898 0.7682613375389293 0.8003577740697896 0.7857371919073096 0.7705185352717575 0.756147225422263 0.8063204659217723 0.7653847799548994 0.7516039674380961 0.7605532287579313 0.7495675299503025 0.7712331750281778 0.7256672941783737 0.7336654482665378 0.6978355816000572 0.7125581967863723 0.7362237097543316 0.7690459501009502 0.7666985724690645 0.7724831113721407 0.7734075658158148 0.7533943330641689 0.784125248175569 0.7593527811123245 0.7616850492112864 0.7448738594007984 0.7396595598779415 0.7045279417808382 0.7052955276725035 0.6569776693114154 0.6675663079319875 0.662312350948634
0.6838073153104814 0.6620413703071051 0.7024237689313308 0.7109156098699557 0.7038770619633978 0.6912297747135333 0.7313913815778176 0.7835044352490962 0.8024606963075651 0.8241194998203418 0.8023686287419446 0.8036268867665666 0.7680847866690892 0.7508991242183034 0.7531277267542995 0.7547486906649623 0.7813174359075427 0.7608803018941703 0.737362832981863 0.7472454746393037 0.7176843754624018 0.7292992980238578 0.7648989340354486 0.7763635729932389 0.7354362584484323 0.7450016058873294 0.7103583997752542 0.7113765258531265 0.7277676714766381 0.7627414351677176 0.7734477194855938 0.7537327607500651 0.7635611195007402 0.7799172809240252 0.7410316006352861 0.7552435678359146 0.7313141310636886 0.7520444341562115 0.7373039758880879 0.6796160044578203 0.6800446629257549 0.6526087693737055 0.6201585093653973
0.6871562056788962 0.7115600395992165 0.6973932065825009 0.6761091961585055 0.7204173169791283 0.7105884015739085 0.7462951851557788 0.8024999578045668 0.7992961825376517 0.8596032520296539 0.7985043860513674 0.7750911703781015 0.7587901882398375 0.7214732299186598 0.7208127150984643 0.723931647111448 0.7493129832129811 0.744974409591326 0.7472808134548182 0.7470234934556822 0.7416013722776127 0.7256548045225798 0.7640701528042763 0.7906892989403785 0.7471736200544123 0.7776338814174858 0.7195090322678915 0.7160029352599697 0.7308893418853252 0.7136809895026142 0.725147589706357 0.74841642030515 0.7607995495369627 0.7687582176471002 0.7602273118727756 0.729245604743089 0.7245956532625911 0.747006192557505 0.7044098890605436 0.6521554095500889 0.6612460605188284 0.6043122865306338 0.5996259598656929
0.6616463423198617 0.6763333012259827 0.7224301511958486 0.7200126893738934 0.7047101965766421 0.7195800866047819 0.7561848225849231 0.8157255489636739 0.8290304094341187 0.8119952967150396 0.7864936846159855 0.767178881861378 0.7841049959471489 0.7502514039497988 0.7743125153937647 0.765291848686041 0.7792330095096749 0.7468226658984821 0.7618893289555454 0.7684003594804611 0.73434576108112 0.7209830702359967 0.7754080520345876 0.7755799040715089 0.7719954892591634 0.7323712054441289 0.7316148630571192 0.7259972163056275 0.7169113229652131 0.7220042701766894 0.6886602881312092 0.7247398631056642 0.7457207639615284 0.7429770581449153 0.7350074058545353 0.7423379843079045 0.7306253798072856 0.7185017885095292 0.7200991972147123 0.6555726970609902 0.6434549686200618 0.6413541830908428 0.6134182417916695
0.6611559504601912 0.7011888205062611 0.7191397531653726 0.7339971332619648 0.7676106155031439 0.7543256604495309 0.7946308660076514 0.7841328712595311 0.7979169351952753 0.8043189133955647 0.7782558365376134 0.8087007032162213 0.7644312793859793 0.7522130683291828 0.7436844235221952 0.7935903702871281 0.7772604556799497 0.7574882943701088 0.7671169590244298 0.7693252697999469 0.7324652484477352 0.7471991739821744 0.7717055309683992 0.763436207827104 0.7565570218799266 0.7114947027976526 0.6930055350954537 0.6868540696674379 0.6725365487328439 0.6717295851483001 0.6980712315355618 0.6939288432149525 0.7298753722841156 0.7109977767208746 0.7306892593123824 0.7461444943642205 0.7377921530086106 0.6946937636166362 0.6898886207792986 0.693782806288952 0.6339401622390559 0.6104652160927 0.5996254150405804
0.6955931645025041 0.7262513818995817 0.7329820335927556 0.7562318358425704 0.7781743690977401 0.7660613198712791 0.7885309389367117 0.7956882499074234 0.815614636143935 0.7986668223946128 0.8152431808613465 0.7859323924911176 0.7627409251705045 0.7317242781895882 0.7572109176160363 0.7754700178389305 0.7983957762656058 0.7689575852780602 0.7575437710498004 0.7835746779393404 0.7532676665419298 0.7450065447776009 0.7658736804404431 0.7597533316563511 0.7805848838823259 0.7265717305321933 0.7151712974176571 0.6988446514924226 0.6992135098971928 0.6858449429322858 0.6805885098674798 0.6901915737379751 0.7093011210107579 0.7157219992604652 0.7148726212525736 0.722977524984794 0.7187604544757484 0.6854244780214838 0.647535713466948 0.6444307564100143 0.6397042575194692 0.5902699273550248 0.6039431556471785
0.7016686873672088 0.7275324501496773 0.7513120689824133 0.7700005940561383 0.7835342223651021 0.8326170383237931 0.832467831767763 0.8076765730291643 0.8003347362791992 0.8253606937736938 0.8057204260274055 0.7848428658251435 0.7972823050354854 0.7601351598232257 0.7856476829570123 0.7927392618222566 0.8082943013073974 0.8093958081135131 0.7645464701424919 0.7750969483314603 0.7604392364221996 0.7713049691324757 0.7851649250289963 0.8087875357254727 0.8060062851145143 0.7629388993550682 0.7230667649983715 0.7029205893358823 0.6999913879865969 0.6701561890801959 0.6823124442219138 0.7022031366057246 0.6694766570887178 0.6687787293765927 0.6861479611379492 0.7184061088892957 0.708435682578069 0.6598101248164817 0.6396182462454142 0.5862493251344071 0.5815734251421631 0.5996586269833241 0.5973717112385005
0.7140233268571913 0.7363709546742946 0.7494264183797851 0.7609741206245111 0.8305047553160637 0.8315642595963804 0.8211560712489732 0.8278290040846236 0.8226211001737778 0.8207374497586635 0.8133332696449709 0.7893780854583525 0.7992599689807176 0.7823966756592144 0.7515791548024001 0.785991930029776 0.8224323230958362 0.806971229115386 0.7990712448066034 0.82723606897372 0.821145755219265 0.798052218274859 0.8137680571392398 0.8082128947259177 0.8052855779656561 0.7739849570984771 0.7406357151221415 0.7260073018389611 0.6858696923209947 0.6454631331238414 0.6651859185285852 0.6783862304060007 0.6485532877742015 0.6706849838682931 0.668714590311414 0.6852324206254425 0.6894796348342659 0.6656608960156003 0.6254094496413763 0.593541109328736 0.5858435503365987 0.6018457969756182 0.6088722437883756
0.7595345452721377 0.7393854370020662 0.7727554329470766 0.7870347891825626 0.8224476255997859 0.848521401959226 0.858303306277297 0.8146334159713449 0.8155288004033353 0.7954313112967474 0.8024948875222643 0.825847965651549 0.8078451373947522 0.7531454746918717 0.7793148521151729 0.7990153676655952 0.7730766589601406 0.7860420692525915 0.8279672051891765 0.8179587810440039 0.8329403660082274 0.8176309314610685 0.777142974571939 0.7940961712606345 0.8040456622498064 0.778280632207872 0.7289880052720019 0.7321570348715256 0.6942887818891114 0.6311485712235366 0.6115808321661979 0.6141937499334332 0.6340408254469303 0.6726950178096663 0.6599562398332315 0.6623068802185846 0.6551496408194308 0.6412493650281531 0.6028156414223423 0.5545207201407237 0.5714586562729194 0.5947466161011116 0.6001451452393918
0.7465752223703425 0.762479804524337 0.7885136499922443 0.8287795911580439 0.8372691924959399 0.8605658739302473 0.8477089005757934 0.8345494727031466 0.8293323114924651 0.8404427502387883 0.8406366273474922 0.7860217258829596 0.7483818419627603 0.7509701779691648 0.7330284129211894 0.7808790249681522 0.763052425211253 0.7824933823759765 0.8078824609340969 0.7829489146045656 0.798983438930102 0.8048234512812812 0.7574960481551327 0.7406718534630776 0.7661173474850715 0.7813796137550835 0.756141555601989 0.6968344187924953 0.6750269004996932 0.6089990364135746 0.5996307973822517 0.6134311338849019 0.637409910792365 0.6236949683257531 0.6149373677155776 0.6112385980693206 0.5985234355569761 0.60968126687305 0.5853227156718753 0.5397166049345504 0.5673922756077362 0.592639178028028 0.5684915137898212
0.7384414401785281 0.781110014931845 0.8028987834433337 0.8124525737171672 0.8463526176687549 0.8527793710533123 0.8322097584922047 0.7879565869075105 0.8081473551068066 0.8625767459957406 0.7928409349090901 0.7723106824847461 0.7717966371700246 0.7309801459705693 0.7389027973062486 0.7357300325480887 0.7491808522958868 0.8316886080231057 0.7670806410231489 0.7639400981308244 0.7657104469496312 0.7773688883213575 0.7477147071518742 0.737401979973717 0.7805466053737643 0.7951839771923097 0.7199914813876339 0.709809063335488 0.661544339501378 0.5800965877924898 0.5683152334611294 0.6010900257451006 0.6047256096593665 0.5863715723429753 0.6108755259116884 0.5849199510886098 0.5948813145993296 0.5837713805217789 0.5893581038080978 0.5565516582592567 0.537657147172553 0.5440457013431793 0.5733766880547307
