Raster_benchmarking/DGGS/continuous/raster-194.asc
NCOLS 100
NROWS 100
XLLCORNER 1743151.3736991326
YLLCORNER 5469291.230864864
CELLSIZE 10
NODATA_VALUE -9999
[rows 76 to 94 of 100, columns 0 to 42 of 100]
0.5681273376585062 0.5924955129340457 0.557136604502837 0.5644849196296338 0.5742047940280849 0.5319530875862848 0.5348212605256476 0.49968523156701844 0.48496290300240497 0.5152607112145171 0.4489491956441968 0.4353014320034643 0.3957453706382317 0.3462846510498345 0.3170596137374461 0.2874043299258921 0.30594036176483697 0.2813744840466506 0.3057456110311192 0.3097156462981636 0.30599120045385225 0.29678805555729804 0.3255575677736998 0.34665947018886517 0.3537165446892001 0.3733076732575554 0.39778617189857157 0.3681567255875994 0.38341962501785487 0.3390621988731021 0.3541746640454631 0.3398129761154833 0.3100173905667509 0.2974581372169717 0.3302435218502959 0.3318762651612935 0.35298689013002055 0.3694291399427084 0.3526723043663569 0.323630158702611 0.29328316493280626 0.257739849143677 0.2719148783019323
0.5459012223974975 0.5426659558382944 0.5597046220500216 0.5592149877516871 0.5617826180059647 0.5280440837625205 0.5274796085745657 0.505037259889129 0.519409597840148 0.5286358878896857 0.4893393705621822 0.4234246893334159 0.38585590461018915 0.35354097937148254 0.34002086568206846 0.33597739357506634 0.3294628523517193 0.3226573238935552 0.30014647661808586 0.27625787116646483 0.27688109717319165 0.27581027753334575 0.28773050052150956 0.3202060334372078 0.33353086647506536 0.3471904756903679 0.3736529938472859 0.35808422198558376 0.3655657063659189 0.37749529057961395 0.3651487710515392 0.3583353842484513 0.3485069007892501 0.32183128923414994 0.33546501225414566 0.3466152422446112 0.3613908979831743 0.37865071023358804 0.352144048689179 0.33125197805020606 0.31732129148558247 0.27384154584676373 0.2862332199673682
0.5453083363854024 0.5461518638090033 0.5743099677651163 0.5624840720641101 0.5441253928505346 0.5649648353328355 0.5474936512125024 0.5062885454188404 0.4993151148915999 0.5309537313320185 0.4872167812845083 0.4492509460088309 0.4235804083576418 0.3855565642381725 0.33332210847853877 0.3434239833169126 0.3327582685382044 0.3355093565143933 0.30542909253834516 0.30999880176493433 0.27070476963974066 0.2718150201571484 0.28333009754133903 0.30796281396201725 0.3171106718362836 0.3669509503585242 0.382276212050875 0.3752852352383895 0.3776067401878042 0.3469710091902634 0.3559583238775153 0.38010694231280023 0.3507751600273208 0.33047082758114654 0.34350455436986266 0.34217203322394646 0.3401661744588448 0.369732189174749 0.3678572299909091 0.33564507977172026 0.27939349573563715 0.2651991473894656 0.27256137300791794
0.5546212772658542 0.5526832630011759 0.5502814466503183 0.535955306912432 0.5530034429173438 0.5325263949528248 0.5332340302804094 0.5073141470317314 0.4946805705121318 0.49281232428820676 0.4863255480827482 0.46413869948015885 0.43387933374681775 0.4079514633057153 0.35247090401469394 0.364304700024552 0.33628600894593597 0.3404762076479363 0.34312876886637894 0.3235912325181382 0.3061181655861006 0.30193179512579027 0.28763012061745885 0.2986851810089087 0.3055914506047838 0.3327676263367532 0.3600039150276705 0.3800199979745645 0.37692918619453836 0.38653494565583546 0.36794372089258554 0.38239668020667855 0.3505744669747451 0.33192105960760615 0.34525309633357093 0.37526989914005215 0.366140859471323 0.35662133771967996 0.3264233929704094 0.3045878268753048 0.2731179681128722 0.28229523491189396 0.285489000794163
0.5779190300299346 0.5631736814946287 0.5287875622154782 0.5228859104932385 0.5133738024866472 0.5135636688501788 0.5305633044191866 0.5157442466038296 0.5237527178513566 0.5003102402350218 0.49694432404729905 0.4321878707686247 0.3990169476101663 0.39953586161148014 0.3887691535911333 0.33721078075373107 0.3295881804321334 0.34449942535557015 0.37349926524355337 0.3646822021470215 0.3298191440900228 0.31683954282024074 0.3247433139240454 0.32554677129077075 0.33285259972104747 0.3028159503021999 0.3244109631473951 0.3620055589553102 0.34633771950265313 0.36960847456339113 0.3742219644255647 0.3444810674639116 0.36605981857120845 0.366545264943111 0.37233579714617493 0.38001913100010176 0.3616022767924563 0.37326269755052566 0.3523307411711644 0.30768090338872234 0.2850918258122834 0.2717455074727008 0.2886265588563981
0.5416838151462604 0.5682330408822178 0.5711425976731609 0.5433992822752841 0.5338336776413548 0.5112825501412321 0.5127821401851687 0.49875705989289415 0.5074769157070728 0.5218612074249035 0.49373838689661087 0.4635793883724528 0.4024866593879424 0.3999021057495857 0.38880065848634915 0.35375999507337613 0.34776030268162345 0.34134247934355666 0.35988718202107467 0.37672668246563795 0.35787069958518214 0.3549091252846715 0.30889962890356176 0.3310983876760077 0.3036193705435133 0.3346206771608095 0.34361313501321145 0.345023366206817 0.34077236057017884 0.37579577813768816 0.37763504259254743 0.341927539591494 0.36265469756418417 0.398938555271313 0.3786732130370785 0.36899781151811095 0.3911622921983697 0.3531543107953264 0.3470050193284464 0.3319529652481007 0.3014556409801067 0.2810735932189193 0.2991298359039907
0.5591998858497509 0.5608098054735684 0.5511445839789337 0.5740728767557166 0.5582857924057807 0.5532491984435058 0.5023464568467867 0.4856519938801608 0.5025078284557976 0.4928783190450332 0.48448814332917856 0.4640723018383359 0.4464142690961425 0.40063252566624263 0.38570090238845123 0.3793857339520959 0.3509724721754097 0.30691877955573366 0.3030150782215996 0.3327973005327404 0.33705875108687794 0.3506668079009863 0.3294366483066508 0.31240070154621635 0.308145818895602 0.3221252823656746 0.3148425562885658 0.31780218901093915 0.34317265526966606 0.36554211618109633 0.35450042860307596 0.3616969332485064 0.3654982443225129 0.4111050139225213 0.37668056266484434 0.3826666330363939 0.3684555842361398 0.3661972207715751 0.38540708539256563 0.36425373289178115 0.3343534990687727 0.34105781151978554 0.32607439028154456
0.5407497099587816 0.5604004304291551 0.5865542858182623 0.548274636527301 0.5425121064117159 0.5476176416743435 0.5164660584015426 0.5018110594400913 0.5053900693675664 0.4924623804973553 0.48161833737422033 0.4681149576609419 0.4322906852508443 0.4034312938870804 0.39534359401070973 0.36761772728312514 0.3314117287879512 0.3049608756855552 0.2861106542259799 0.30769559859451 0.31476347482432077 0.361177383089812 0.3623199879322574 0.34604496439692783 0.33575652456898325 0.3232545760967772 0.35822392577468015 0.34326834931120026 0.3548695036382522 0.3840668121633544 0.38492673179854003 0.3995772236111521 0.3799881825764412 0.40239414134452883 0.409082933179842 0.40772751181446676 0.3869054737590975 0.3926584751655845 0.3925388514775396 0.35932365336058786 0.37797571561006227 0.37441054828672554 0.32649069822124993
0.5515024030787412 0.5706519483673338 0.5739692957350276 0.5554386652655231 0.5403511097547614 0.5571886379811591 0.5238317065589543 0.530777568063863 0.4902482426074786 0.49413077001927 0.47825390522224137 0.4408647313837642 0.44501442873677 0.4324918970831517 0.4079181734697264 0.36719492673536086 0.3264194171669986 0.288156843845372 0.31524429029404033 0.30371892236488585 0.32804226366522693 0.3525180240075835 0.3832813856626924 0.3886927603231769 0.38735995681722385 0.3591612038522588 0.38364148421151195 0.3820057265841414 0.3507150120209373 0.37405528296333757 0.38754400127112026 0.40732128257489464 0.39596876001127324 0.38562824885131697 0.38683889528634474 0.36765920855176604 0.35254210435147 0.4032823178255949 0.40794695402570097 0.3822159063929157 0.362021598514126 0.3669465687445062 0.33585049875381323
0.559693741049676 0.5870978783951402 0.5799040375029825 0.5482293270352976 0.5294638845272642 0.5346291618960001 0.5604371386460801 0.5403972207597084 0.5105152614876615 0.47249057549782636 0.471843250304093 0.46387945002400055 0.4555003251218743 0.4158283095184783 0.3748430922413965 0.37112230505456706 0.3298797899268749 0.32553764877792224 0.3075325221462976 0.3516735467908819 0.3420412300162978 0.3433881865094712 0.3716226899252403 0.4004770022889358 0.4018347875815145 0.39368508131205093 0.36974249002727605 0.38323890788858306 0.35427100856204236 0.3610538382299626 0.39773072352277006 0.37908356345067884 0.3521475496210837 0.34397896182033394 0.33012696490720356 0.32235440823463113 0.3427227459882166 0.3741981469622885 0.37613238556696876 0.37452490653613335 0.3517382787870882 0.324565653313563 0.31639969698234827
0.5632440964991455 0.5646753264953466 0.5473296888256036 0.538068216707411 0.5547259897688858 0.5371853459358091 0.5178699366470331 0.5251815649347029 0.4992867631157449 0.47116871436631813 0.47335700709493134 0.47219871821574816 0.44893243380267783 0.4339611437154684 0.37525187835443835 0.3418318943237728 0.31750935509658385 0.3288327132185599 0.34020361600025384 0.3711777539745128 0.3882859497770014 0.35515840669229426 0.3761000466077441 0.4089072972288489 0.374410419955869 0.36069187037419154 0.37513622046306294 0.3335459460869797 0.355141406191951 0.39297085938349946 0.3809198788709209 0.3694520443413289 0.3254439114521172 0.30811363506120376 0.3040549231957899 0.30304471536000566 0.33030156530502214 0.313069806538805 0.33377573363401797 0.32366976984322676 0.3318753039798398 0.32855468828607737 0.271363258146966
0.5483704487840613 0.535259836914871 0.5615676400983681 0.5380002675073189 0.5544663910107338 0.5199809969181255 0.5214841441791653 0.5063844507091638 0.48831318252191785 0.44942423705899026 0.4462364151567807 0.4533199593896658 0.43732006076830143 0.4200247103205282 0.38364683540419525 0.34365055155853114 0.341140859831939 0.35191543891344795 0.33998060753833725 0.3874012067417657 0.3955920639765872 0.37896699674942086 0.3962797994033366 0.41208677394404586 0.3996869198815292 0.4054810678490949 0.3851712230990971 0.3682170064725925 0.38700234540769424 0.37963900823488433 0.3643637999237609 0.3146391501059145 0.29488824861897406 0.2865869260849125 0.29286496792883865 0.26447326403469207 0.29042947731951485 0.29601722947517406 0.2722060295543095 0.31113490153070195 0.2882024001323236 0.29823649348088327 0.2512483642104421
0.5503868736045203 0.5445439269857448 0.546988423024093 0.5219389978487765 0.5235251393478724 0.5268428719602475 0.49526897955182186 0.48201916829713193 0.443098733662555 0.4229306657244854 0.4039432356695235 0.42165071862225706 0.412709642363019 0.4258013867026499 0.38570492176480864 0.3546629255295724 0.3575863616869343 0.3340894578015338 0.3714346475975701 0.4048131341107134 0.4162356610081818 0.4037320225574706 0.3964206906668489 0.3628181372679713 0.3765164451353824 0.3871652209631799 0.3979592427092442 0.38311809930138097 0.4030166426596007 0.36707914401463854 0.3609965947979463 0.3016783398085777 0.30070164960335605 0.27090473953616373 0.25817062401454927 0.25293552711925277 0.2756099863449677 0.24623814384392198 0.27590777392425203 0.29002530917148905 0.25993245240401064 0.28831778853229995 0.24685667148710197
0.5267620817305206 0.52534450816433 0.5256162434014039 0.5001368238912524 0.5008225280374535 0.4982178997254674 0.508202149356466 0.481079090306888 0.45911500647895265 0.4352237593093346 0.4110376505508036 0.42691136877165625 0.42426328418005593 0.4423157829320399 0.41954039862805226 0.40561622630710586 0.3799143963265406 0.36155989077290884 0.38296932237997433 0.4205257090307739 0.4256192838698572 0.41133129982269456 0.41400530383680245 0.3861035543697764 0.36696057091880535 0.3809510596086689 0.36374727246694716 0.3964313588598152 0.39595091764511625 0.3844216244665463 0.35739418084406754 0.34190646268951785 0.32145267900084634 0.2932229254973603 0.27944586709437197 0.25099515435624264 0.246353300095536 0.24016488333782846 0.2423702862737146 0.2548808751086009 0.23289374678288174 0.24055815693509328 0.20058356251931955
0.5590340138061537 0.558181438905553 0.5337373767075982 0.5412186557994397 0.5104808452538762 0.4943719306405249 0.5062321422352595 0.48540765778003675 0.4409539452040604 0.41677090184532645 0.4077118265396362 0.40330948141048206 0.39313271395964927 0.4256801841935857 0.4126105499414984 0.4023676826439949 0.40610967265747094 0.3796959918401598 0.39244782582187393 0.4374746992983577 0.42023307765659323 0.4160886851402385 0.4407474766027799 0.3972987863011909 0.40132668376538927 0.37154223885336196 0.36734464399121114 0.36885600296317983 0.38899159685081613 0.39105025847899827 0.3556866941851659 0.34931851325088037 0.31447093428931927 0.3360596116100285 0.2976750648565875 0.2931900963108756 0.2641762148211466 0.21835119474303996 0.22914707786519956 0.24275286628296638 0.1930115738794548 0.17383067521874568 0.17067997100737467
0.5549437257451838 0.5545783026487288 0.5202918407910088 0.5202504556906006 0.4972718635782387 0.4967389151959717 0.45415723473693964 0.43548176500181135 0.41002693241044275 0.41007243095321033 0.40180584987077955 0.3994133949276296 0.4068470052064991 0.4281408816660492 0.4609773965540411 0.44771273761351765 0.4533520235557319 0.4607612034524397 0.46057108486917936 0.4409490618970375 0.45970800109608756 0.4697608567753918 0.4478736956580352 0.4419470449896979 0.42058517283719754 0.3948623781458672 0.41748120874680655 0.4073313259057749 0.38027897111772196 0.40848592160395264 0.3677487710204282 0.35012588757230073 0.3365781487804238 0.32342013819252446 0.2790660581816388 0.24281130803530593 0.25167101744442505 0.23042143539164905 0.1934144256044537 0.17174761144766462 0.16740322286780368 0.16704266667408857 0.16529789779055756
0.5752666802488609 0.5494417293681519 0.5112772967036033 0.48836999728706937 0.4983493137814553 0.4475885844412022 0.41448613273422835 0.41596722024033217 0.41666461206831384 0.4037487197607472 0.4167355857628052 0.40034583769781285 0.44272569650936494 0.4858348313644893 0.48212347091113983 0.4589710602176946 0.45952518943999776 0.48121413913592725 0.4792980576667359 0.49125330827189734 0.4922681377122614 0.46392630864721723 0.44180127129772306 0.47476263863101037 0.43571977126875433 0.44763590445391727 0.4123277646048357 0.4209619527257412 0.418327884615213 0.4273274357005845 0.3622934779168248 0.31342462827319273 0.3054821697013601 0.2968581938631889 0.2932247009094945 0.2375818959847976 0.23855137543573385 0.2170179877679622 0.1745326260721316 0.1731187980156958 0.15504928213433256 0.15472693684853464 0.13144907449191556
0.5211245698674662 0.5130900018713539 0.5231201614283665 0.4879080732387382 0.49009449819666806 0.4474432832713429 0.4325795554839915 0.40490414190248125 0.40047301422040926 0.40897846858016534 0.39462049260725124 0.4291511988190218 0.4655413151772665 0.4740856638707363 0.4595359828756595 0.47710474437809497 0.49681140117850675 0.4827713807878745 0.4711992858811545 0.49446182466033567 0.4623838989255711 0.458531270988314 0.47260345184999375 0.4594347811285078 0.4344104758574129 0.4263520989002709 0.43651872528851204 0.4639324683574857 0.4372871565822554 0.3901303921366833 0.3569317798896804 0.3389218508938228 0.3076071286729576 0.27063523051721944 0.2835984074038827 0.26272028282827575 0.21380670623930728 0.1864452204781108 0.19648079636309956 0.18977329907366028 0.17032433624983223 0.15103012775154398 0.10622352668333351
0.5305427982374122 0.4815568081540049 0.4958167817811173 0.49515204311825367 0.49693815645917166 0.4955273134940348 0.44913711513585636 0.44611991632724773 0.4298707055505438 0.4082772430192301 0.44410346025227515 0.43753459228846486 0.4437653255469612 0.47021209962236027 0.4507349797989747 0.4853239910961384 0.48040182876836146 0.5128729477355909 0.47115886839794385 0.464614223072728 0.4737681463235571 0.5041229896518961 0.46125928153624635 0.4403750682865797 0.4202142549806255 0.42612969677450213 0.4309740717089927 0.47895798502431564 0.43049171724362234 0.4141348155159292 0.367088583857344 0.32329912380315884 0.29506717201625904 0.2702444060739773 0.2570649684465025 0.26670450566702664 0.23382508730269264 0.21193075970602107 0.2039605634638146 0.2141428544457339 0.19444406055608088 0.13557292511588384 0.08086919627837537
