Raster_benchmarking/DGGS/continuous/raster-88.asc
NCOLS 100
NROWS 100
XLLCORNER 1743155.375097745
YLLCORNER 5469285.25029979
CELLSIZE 10
NODATA_VALUE -9999
[rows 0 to 18 of 100, columns 43 to 85 of 100]
0.31274021086931064 0.32651983499931925 0.33660144609745707 0.3692289030229324 0.41647891705319556 0.4019596863054371 0.4051264214300618 0.38942981398222437 0.3343671943556233 0.31604382925066 0.3450265811871582 0.31696703171687085 0.27897769130257505 0.24588026596193763 0.23841326460914372 0.2205250587635453 0.21271110865678108 0.2565947269372785 0.23752730606952305 0.23681121263059257 0.30456415031778794 0.26004412498029195 0.24576348801541054 0.3107249728911071 0.29042313951200355 0.24944519210396637 0.2586397135116392 0.33330920438999595 0.3790810701447231 0.3314852467466918 0.2980362199552897 0.33164401895567247 0.2686973537488816 0.2632318076567363 0.23845724324192077 0.25199179017440754 0.2723584569071539 0.3234713408730215 0.3398633163824507 0.34303266751727773 0.3118229803221391 0.31188307287589484 0.28076922240870117
0.313815180700982 0.3837243478199359 0.3758383187376581 0.3710518041168082 0.43116071525115607 0.3845075104672072 0.3437929866396357 0.3141242964168363 0.3105765226391184 0.2720984005354031 0.3245359624789482 0.2545383604021977 0.2035745349871508 0.18249954356022605 0.2242573396255855 0.2010143038297814 0.27408051638308395 0.24830847305866044 0.25896136946573256 0.24981046372983354 0.2749873004800656 0.2155934395938449 0.2209805084383956 0.2262431614164607 0.2606508800791194 0.26525628829283987 0.2762316795203546 0.30886066357848707 0.3789016019262808 0.3646322872501097 0.2951698628978736 0.2606504094184861 0.23528877806000578 0.24982998832038517 0.24224511199401946 0.2183553519820062 0.2788831573935455 0.3315560711006145 0.3430248702305149 0.34873640658492555 0.31607729564327275 0.35414559875380963 0.3341836310927426
0.31115466408051023 0.36630774009807876 0.3592110895232739 0.4058430328163536 0.4321756185705844 0.41213238691098575 0.36145346950221174 0.3557834310436291 0.32437991489577145 0.2761868246139838 0.312398209303962 0.22763827546996745 0.1769944332039967 0.15191146337306496 0.18085099869385834 0.23200253860960174 0.2649813655649568 0.21420311318825846 0.2031026413476802 0.20506743929361795 0.1970162343985423 0.24429816473990246 0.24386227820507322 0.2441321943445113 0.31505109179605806 0.3122229527177607 0.2786560375437951 0.320140361534642 0.3617153241842514 0.37062416290178385 0.30013537664731865 0.29641205044955204 0.25854487154521016 0.262575760484065 0.23870224766352505 0.23418847743484913 0.3011458019887472 0.3367628672489387 0.3612389848588624 0.3516930735756603 0.3825838507405793 0.35727038975556696 0.3146636349545742
0.37139665880566763 0.3653727915493172 0.3476632688553943 0.4241900249585242 0.48158974381294506 0.3797902271436092 0.36963202936473155 0.35352248870126696 0.29190183067580283 0.2638205241563033 0.29308820588037904 0.2080917555336157 0.1700511190795227 0.183323825288333 0.15438849404936575 0.1579420505801601 0.20229545602539767 0.15631681346083126 0.18309675051286595 0.14284935151548755 0.14208729496020664 0.230959913444495 0.2588573472500316 0.27617761499243265 0.31337641793281196 0.3144236700944029 0.3222717732953412 0.34874791457395504 0.399179582191373 0.39762461117766495 0.351721492511147 0.3319269570206366 0.3253545384275291 0.2986912312682346 0.26886898192424097 0.2653375400827603 0.2757068517820392 0.3210662469309282 0.32617757580247964 0.32062209454109736 0.3618210598366974 0.32341460323859167 0.31074512342164456
0.359525262849824 0.3709013161360061 0.3493654969822154 0.3540687466285398 0.35895066519703694 0.4073571880124728 0.37574483902886596 0.3717562669718058 0.29605442965464834 0.265944995833249 0.2605719242445442 0.18671902735290802 0.19958728971053757 0.1927406931985568 0.1818687260366904 0.17121951932433632 0.1625255050999042 0.17001052402930703 0.20413835490820928 0.16735510539494236 0.17399780772127432 0.22667601863601677 0.2782359836319277 0.2842674312424436 0.3359411504172347 0.3652433559025595 0.38522577651356915 0.35538288203986085 0.40207791175480806 0.370744018554113 0.33701810607315585 0.3242676319348663 0.30488465750423643 0.3222213453089765 0.3042731386304345 0.2915923722089779 0.28469988833717425 0.31055573992139673 0.34380025271857967 0.3492873054816622 0.29689584238298555 0.33099693151418164 0.29301589386978266
0.3446913583788972 0.38881181106934826 0.3547388871128766 0.3685712120280456 0.3106554217404561 0.32226306746320554 0.3588362615317105 0.3563136307541028 0.3427076331679927 0.24815062902278728 0.2531560135044279 0.16454614317250546 0.1495344549668503 0.19211452974823548 0.20756496073134573 0.20493430903625376 0.19931231615818681 0.19768298255372652 0.17383527779654598 0.1752392547802905 0.17502278888816297 0.24712863886079886 0.24836709560329845 0.32848394458148317 0.3914761965188146 0.3590144039356495 0.4010948871059001 0.37426018715002635 0.33765771846837334 0.3429120669673291 0.3405379050646148 0.3143930337295238 0.2835990802748437 0.2997876800812254 0.30663223685967045 0.28137634852298815 0.2719513015657114 0.31457891191052434 0.3035195779868407 0.3153251521347752 0.2849180114976134 0.2738360943041142 0.2655769007829864
0.3873823760721778 0.3542380274668216 0.32173019534230896 0.30308952449720755 0.28804665506815247 0.3126497574555155 0.32078088773487995 0.30241339091211705 0.29729488806145504 0.22580823168885045 0.22920519822752655 0.2115496128861935 0.17226860649502362 0.19242082797866372 0.23133162373634328 0.24649771889579533 0.1747919579513974 0.20575040948323825 0.16762182655894584 0.20423914311109567 0.18904217521080494 0.18626056155853862 0.25806258239752033 0.28640485584751707 0.34266032052736034 0.34951300568669513 0.35319746152001363 0.33928475455504226 0.37337694173359126 0.37019498676895735 0.3807550638988209 0.3510733260080643 0.3213408943134806 0.3198340083902396 0.3322451052900538 0.33533632855848017 0.3378312398118496 0.3040717619869523 0.3281412892651786 0.3105089268793923 0.27466144818938376 0.2732562033224986 0.28594282067160115
0.4170090842230137 0.3643401377533872 0.30429988958256077 0.2870852334835536 0.2893975741345586 0.2638875198072282 0.2221894528415922 0.23560015506648033 0.24421178943288577 0.21415343159417516 0.2139435348607302 0.2282675821026178 0.19281768794564155 0.1882966544522868 0.2605543052336147 0.1977786823608838 0.19175805909122828 0.17258650875341003 0.21242470036017894 0.23335242135142384 0.20150870344752603 0.21519050623078093 0.27085014236821214 0.34504070840229717 0.37774854468341656 0.3500239951270668 0.351271274117492 0.3440750949873556 0.37226915000318817 0.34690681998990464 0.3897726679072059 0.3603623576535597 0.33775703889990466 0.35198088320323423 0.3136546681567764 0.3384462921174272 0.3785794766932206 0.3370639800559691 0.3654701036839029 0.3041122117897159 0.263717606589075 0.28409874033355925 0.29895525618694435
0.38431729051835894 0.36571330865012236 0.3655376537413445 0.325657458716714 0.2706516229062616 0.2387633612563311 0.19164298772238034 0.20249837807861126 0.21801285323755945 0.22409331744945707 0.2479476991061706 0.2822666597663822 0.21848541426484996 0.23309734356007641 0.23040058776314393 0.2347555781326472 0.2623133740563026 0.2049335121233393 0.19017847318924788 0.23262896681180412 0.2053701107379883 0.29353766494611794 0.2958676108580369 0.31255500887927484 0.39427940683571594 0.3983727595725109 0.4174858613923585 0.42627981583950075 0.3664831755053013 0.35054870982885306 0.34851857801022085 0.35360168775901535 0.3946016189287116 0.336465321813676 0.35004469155470397 0.31541365128328863 0.3667051858721452 0.31432349599735715 0.34690255721101526 0.29529252553539176 0.26092752649297535 0.33368243382687524 0.3290636154150611
0.33721293552991466 0.3545396817954515 0.33704588542790676 0.32223604067562533 0.3150130884646942 0.24610182518912257 0.22735247417394855 0.21665490494943 0.26509831492381064 0.30190208643306937 0.32030513863568894 0.33190093451303515 0.3048564599707305 0.3099948919385573 0.30967269860686353 0.24450243918935652 0.2831962149142279 0.2806816812604342 0.20040177327713363 0.21089417491784762 0.24218458985693223 0.3074325157339481 0.3413314427428295 0.34368924023097386 0.3734976942192406 0.38703279523842266 0.3956707697968695 0.42878497955344685 0.44180438349121337 0.387237369156047 0.3499711865198155 0.38270752513903733 0.4326292863139748 0.3494303955738515 0.37354782476804516 0.3879968954784716 0.3303326283750284 0.31687898232912376 0.31579020294129284 0.2674998059035407 0.2939846788740202 0.31395504836203425 0.333378772784514
0.4078824064932878 0.3372516492790977 0.36717784957015437 0.31902378378002894 0.3194395311391433 0.24756265225390534 0.22055284773275757 0.27681376339119246 0.27799555535750625 0.29623751488641764 0.2999869194766321 0.2892348407617489 0.2750200521202018 0.3072349576826289 0.3315572514832811 0.2930311566178003 0.328839641913688 0.2939325556718966 0.23532561639347888 0.2680409955147046 0.3045137745928718 0.33080282990982207 0.3459795236342054 0.4079433074221765 0.39660365667775227 0.35910742514940724 0.35503942559842794 0.435903585053161 0.38823827593984317 0.3756211228590008 0.3939063076067391 0.4124731972051442 0.42344051629597446 0.4031836793417833 0.38842099931443647 0.39187256841714885 0.38747944842140186 0.38134099180601544 0.32269399680541133 0.3095841845315136 0.2971859262609752 0.2819514778058554 0.3020322171621286
0.41234887510129997 0.35109903931449826 0.32860872177196665 0.3022292197575794 0.3039549612915221 0.31786995982817473 0.2724147729376215 0.307355471300185 0.3138254530385137 0.2977076536332881 0.3628979013434686 0.3083530067895997 0.3165880796432933 0.3501250336975349 0.32643201608554984 0.32117365669936093 0.3581414779632365 0.2787632869570264 0.2478173456240197 0.27300563789634175 0.29445313353016805 0.3577155548050641 0.3531655793744321 0.41893523675402333 0.43846792525062644 0.4244306293955843 0.37240967629459704 0.4143925637921971 0.3932161215677208 0.405861732021162 0.4293443741575501 0.44981747885043766 0.42311541406245934 0.41375910006167066 0.4680635014477211 0.482197402757434 0.490293954309744 0.4479051169703869 0.4312704216258873 0.36500259481293723 0.27960063855100387 0.3085772766602976 0.33784636900712023
0.41512276718482954 0.3847962197121942 0.3058446076963724 0.29662035446968665 0.30817481314734707 0.30520887933899177 0.2937507875791693 0.2648453054466775 0.2716782572378444 0.3116179857603297 0.3814900360043862 0.37437093413345257 0.34281791819396884 0.31969352863917694 0.3366058685311238 0.35224029084789493 0.3671059397060455 0.3292356057291544 0.31214897808005526 0.30154916431440504 0.3380533826164025 0.39657756741175443 0.40445284986303986 0.3965328911677169 0.46007261534073113 0.4083947610852317 0.4307200624532595 0.3766060940525301 0.3922025612759359 0.38958650001417555 0.43269465841523874 0.4544946543758591 0.46360689258091814 0.4853387342587772 0.445837238843376 0.44318919951199004 0.4351484486983038 0.43036941548501084 0.42418904881357233 0.3696418130895349 0.33092915068850776 0.3456880785872738 0.3174104518370449
0.45419656527034735 0.3521136235834848 0.3299803642769697 0.2730640874686833 0.2718507232025671 0.2575498926515288 0.2219189462796217 0.24359924493092572 0.2877099032737406 0.3095176154441014 0.3475961912919763 0.3252559102431742 0.3360858651634401 0.3365009716985337 0.31692727004367255 0.2746586684259628 0.2761091140918507 0.3256381241992586 0.2837123005131948 0.37042145835955437 0.42029414868239484 0.41732298225017656 0.3978761671562771 0.38867589918779955 0.4672821666508614 0.446599343130568 0.4334298337116676 0.4362370272755806 0.3983242803203709 0.38543143389088796 0.42040565601277147 0.4573933285567566 0.4598541950139592 0.450706311503718 0.46043524612583464 0.4089981103809883 0.402814732202526 0.4506675164231574 0.42898740000019736 0.39726574603046033 0.38291955414653445 0.3635086280306205 0.3016190864999591
0.42186385647153923 0.3662001333673644 0.30639718847645125 0.29632503533625437 0.2558434387604192 0.24257027635452988 0.22271151926380703 0.1978905605507915 0.2690214171959517 0.2572385506544514 0.3226479396622924 0.35012296914422386 0.34138259847544106 0.2926039303507017 0.2685668141342121 0.2528991372973095 0.29839404349397386 0.2650483190292612 0.34677244079983005 0.3409964959624262 0.40858248281017273 0.3983052261473984 0.4313507998562306 0.4104593531611322 0.40243803078392837 0.42923142349667087 0.42010106941844255 0.4446159018789621 0.41336017206405795 0.39809195984736223 0.3917815849976613 0.38462051817849735 0.449052641980211 0.43494969354779706 0.4361502176214015 0.3728660391975691 0.38983143134416115 0.40796656913647183 0.39818435299991656 0.4438073219323286 0.4201203869566541 0.3628993034534185 0.38550024581931075
0.41007503550343505 0.4001553875457964 0.3424473748152235 0.32097133689736657 0.32328089337277427 0.26202119558605835 0.19769904990357504 0.21089443944586173 0.19715733039970137 0.2321800102882 0.30706029908481136 0.3082782512636257 0.3134800975199275 0.3212803065575684 0.28254683256007196 0.28634811364431323 0.2600833014062422 0.307222011665997 0.3540662702135411 0.357083128913554 0.45921081140491465 0.39553592708588187 0.3749779036583505 0.39038032390099686 0.36583840078132385 0.38202575281442697 0.42875679824894897 0.4104427781598652 0.41478804986590967 0.4294260376818878 0.43707675264711504 0.4168591933136208 0.37402977817576527 0.43163621743855823 0.43480408796903414 0.38195674664962104 0.33710711009055494 0.36244002436022316 0.4570679507041407 0.45805991631275605 0.40801139390930297 0.4224174838178368 0.4403902478003837
0.4299125641123433 0.4200739122521943 0.3906719784210321 0.3635327383608933 0.28290553740086216 0.2693657460337518 0.25557287964680014 0.25230299757145674 0.20107272775259483 0.24408990733672584 0.2760389405679287 0.30122537731878984 0.28055245235568793 0.2625268831852697 0.31829547921859297 0.31632355571223725 0.33890285089147504 0.3213670544430231 0.3716857070876549 0.3896559387608686 0.39211913650929814 0.3997499544848742 0.38386507407991116 0.43559861587238663 0.41779798124737216 0.4307900220796416 0.4008774222461311 0.3895935469141443 0.3690139161010298 0.38824957510467567 0.4317035028865171 0.38942224353735155 0.4095382090187513 0.3977372693114195 0.3802561256041089 0.3996021610759555 0.39234846767577797 0.3706271316631843 0.42988398792937127 0.4385113397888057 0.41892904361589156 0.37930487082132097 0.414305169310155
0.41871215247922217 0.3763689917959795 0.3987649012946084 0.32621718505291897 0.3171646491166265 0.31863821138951387 0.3022278348475374 0.27717295236533346 0.2565971012970379 0.21940960381930927 0.28798069416930766 0.24043083337016372 0.23633788224721783 0.29392369984477623 0.3243770791266431 0.31153261343611816 0.32503213066489633 0.3668565785675923 0.3687387974498622 0.3705206396947959 0.40309580295795067 0.46819409259672073 0.46462090797823646 0.4221270079021154 0.4264162332965504 0.4344627312625091 0.4564597249577722 0.4106451935188467 0.3945734716176377 0.3888687864137265 0.4543619540837953 0.43605074095291235 0.40918280165086307 0.3684292756024592 0.3963990350468851 0.4037421464257271 0.4315594491133808 0.41142285560518776 0.4059422380233962 0.394406031206223 0.4024987711844468 0.4033675819840084 0.3817120136972159
0.39505266535980366 0.3561226561514892 0.3157124080328045 0.3485788934323381 0.28759873091027277 0.26668442087817074 0.2736551429170958 0.28070364884609234 0.20874937638028868 0.22724591865902713 0.22985116361713265 0.2692099312361671 0.2825482410074698 0.28593792728803824 0.29700908506129325 0.3432728165830087 0.36233498567815964 0.39108657375920497 0.40302920453594687 0.4306982333044133 0.4436458835913233 0.5060912017479763 0.4865762021023388 0.49114225851504745 0.46261318855407957 0.49812363663327647 0.45440667258893375 0.44147941061496404 0.38982786422414933 0.4327940686577275 0.41493072963495653 0.46423063794208214 0.42869503752975585 0.37912548644010124 0.3518416737337748 0.41187025738276356 0.41949108383763684 0.37856747073789204 0.4170404028115296 0.38898957387585825 0.4177454980727508 0.3984542882304225 0.4101925777337059
