Raster_benchmarking/DGGS/continuous/raster-466.asc
NCOLS 100
NROWS 100
XLLCORNER 1743153.1421485792
YLLCORNER 5469285.3981344225
CELLSIZE 10
NODATA_VALUE -9999
[rows 19 to 37 of 100, columns 43 to 85 of 100]
0.5254121835890576 0.5274372392865411 0.5242702533669727 0.511796789029736 0.5067418542034591 0.45057434100766347 0.44405840989965806 0.4315973108664719 0.4294154533025663 0.3987992823426028 0.43795792928693483 0.43251356647224964 0.4131928366450372 0.3820602631667459 0.3809571474916478 0.36279150382306313 0.3510826204615612 0.29725444862923595 0.3267464359242915 0.39641972767289346 0.381525140060076 0.3953739586400718 0.4454936456933537 0.4543238185146355 0.4131182445175688 0.40712895451814735 0.4058075958364322 0.37205814440812235 0.39041870777092796 0.35354047618260076 0.3594218669180499 0.36674704843892786 0.3265294116782035 0.35966131314507166 0.3736772733650976 0.36437654276396336 0.3776382572395164 0.3776451725684161 0.3604984473225215 0.39359561375441227 0.3973591642401281 0.3561475503253114 0.2990341177919488
0.5247016112626955 0.5426982656994661 0.5412100755096485 0.5035511379189227 0.521438469323391 0.4967459826436748 0.4481664682102719 0.4315865726544806 0.4263392728683664 0.43469316046267653 0.3966394071039863 0.3923565430081205 0.3591299234981204 0.3430388617717503 0.34852257964422234 0.3370163517513503 0.3185169755615586 0.2743630945016821 0.309467548049524 0.3464854403589339 0.3599455512887342 0.40762745453848 0.41635473140338886 0.4164979956524625 0.40611401939510516 0.4066713978162558 0.37777478320393243 0.34282504837542443 0.35590537250585996 0.3174076720270522 0.3395808014854648 0.34445437377093124 0.34009799145069275 0.3317044271271784 0.3481488129433059 0.34234939343386395 0.3804919510375614 0.37804299471306524 0.3704507580698852 0.3630551019164887 0.382622713896273 0.36974420369410194 0.3034289863911805
0.5524692146439693 0.5453274714621807 0.5158120041006874 0.5356727152383127 0.5040255432454062 0.49809944124356853 0.4421542533625178 0.4201090432423176 0.40315255812804635 0.4434059642047908 0.38397408283515777 0.3550238875032155 0.35809380589649287 0.30324279632966933 0.31563914585960584 0.267881406658315 0.2767677289296754 0.2674711860385336 0.30087742839493015 0.33497925840533455 0.3645108599414354 0.3880641063904586 0.4229161815037877 0.4437505468929996 0.41469870452063523 0.4043959044334256 0.39652644789319763 0.34331900413827254 0.353813491468951 0.29609388378953266 0.33442795891571714 0.2864972212480038 0.31107233302964116 0.3558316394393911 0.36873717434435227 0.3142576715858279 0.361098850573388 0.385128460555417 0.37850999768504245 0.358564652265604 0.3520683416839023 0.35502660634068883 0.31502855616903797
0.5854835071409499 0.5707876234158717 0.5238159897823806 0.5370086741805469 0.49662473119177464 0.4754248636938301 0.4772647000562937 0.43762006172456924 0.4270345089843388 0.463453283523425 0.44456081037082185 0.41103853804062707 0.3667425950395279 0.31378956587954165 0.29418865241268966 0.28285375174155375 0.2690541935212743 0.2918639711152305 0.3361252102787216 0.3517043352710671 0.34676370595151734 0.37971942042307877 0.41412118814987287 0.4132676824033831 0.42418316168636166 0.38663481888632434 0.36474072200100754 0.3506409157406442 0.3442013647776369 0.3446039072403918 0.33855730506239035 0.34441383335217424 0.3409552398565771 0.3427592440063488 0.36222595141744873 0.35505190813741727 0.3294266769799872 0.36159329059690126 0.37331795573730103 0.3566782540520802 0.3506606713056148 0.32926945448651124 0.33585917154241945
0.5566412134576325 0.5787275637255442 0.5401277510071664 0.5126932466810439 0.4882269235540203 0.5270494129241774 0.49207881069213577 0.47157121694816057 0.48942773356011615 0.4622641300954467 0.45250049808502957 0.41499705595828 0.3739732475841799 0.34047498339499743 0.31328220969281173 0.3028793111179619 0.3265370900367556 0.31568799104851053 0.3597404152444893 0.3587443360651662 0.3390848836928807 0.38419769683523886 0.39896515884955813 0.38422009078008723 0.4203089536769348 0.42061170530355996 0.3506281226933641 0.3402875621221329 0.33277842124771856 0.35286353199885345 0.36521863059306114 0.38997316993590897 0.3727907897232631 0.3576529455089388 0.3205655034258013 0.3191886218572454 0.348436000457559 0.35185476447709535 0.3541137504197474 0.34289485692935356 0.33667156443686713 0.3484562011102808 0.35128253056451664
0.5657194151588545 0.5369233319764096 0.5279868171102198 0.5250232260142801 0.515654643686012 0.5473798699785397 0.5237799143565499 0.48489384663991225 0.4989082556294894 0.4810531129899542 0.4205045402276754 0.407435563240426 0.3421948117813417 0.3051578281173613 0.3162155507730845 0.29309932683004386 0.3233082090453419 0.3178072391705497 0.34882195747811306 0.38557665237889355 0.3648158187888901 0.40459254204719564 0.409198740417827 0.3791886134781529 0.38092654837510803 0.38460341876166854 0.36917335811659846 0.35336174374579127 0.38841277822429937 0.3669339791370101 0.4020504055659622 0.3817879591153429 0.4014746791302365 0.37676482161065916 0.32538728413667056 0.3098225741403288 0.35271875993847107 0.33175946304671294 0.32715067207370097 0.3371061220393515 0.37520487277185854 0.366915306213784 0.3640907093951408
0.5138027453273455 0.5270275468492268 0.5256725694346538 0.5202839678141903 0.5440113711995848 0.5394850955213042 0.5579765581281151 0.5466560222411482 0.5107299228157076 0.4563500585227632 0.44582603321256936 0.384744723028631 0.3460449332901094 0.31195646647596514 0.3097628314614632 0.3135684877870126 0.3300368843890929 0.32074006611074524 0.34235296202901566 0.39620165569614213 0.38705425787247233 0.3945264235924085 0.37827426021266986 0.40990880760199316 0.40523471935330935 0.380256758501632 0.39993477235701885 0.3662808447157222 0.39014671055528544 0.40729380046913755 0.4271225082499435 0.4342517160036795 0.39018050986629477 0.35173815816341064 0.37629731043140746 0.3378204495545193 0.32449930707474317 0.3254670104165068 0.35555436647574695 0.3684897299847119 0.37044542155446236 0.41969886356387787 0.39351506740302306
0.504525651830527 0.49530966591872017 0.47946767939500984 0.50339329564082 0.5405219713686558 0.5166949417895524 0.5355150200212512 0.5305494902160685 0.494923603553376 0.49954327757978034 0.46251040861130976 0.4221989731068617 0.34619772392595977 0.3212454350354069 0.31360372471631154 0.3533244045969268 0.3528069094383761 0.34252081893771547 0.3683301815066273 0.3854455237551362 0.3762587587632639 0.3852210114166082 0.40439188288239253 0.3680156068730874 0.3902814151854082 0.374214225383035 0.3952654814989274 0.38735330439736687 0.4193849089419923 0.44476002665296555 0.43294286957414696 0.4035298843516483 0.41198805915298053 0.3888033299577475 0.3877111768618136 0.34388106735697244 0.37550987819895626 0.36836708929626294 0.34935724626011605 0.3963031312188039 0.39722064320263384 0.391550445094683 0.3990899146002907
0.4623507196425008 0.4568830536343943 0.5011830580863875 0.5160897317966834 0.522140175054248 0.5471001957311551 0.5220676553561169 0.5084610730270568 0.5163289588840551 0.4967280936091107 0.46043065440427877 0.41108816489059763 0.39789154497248835 0.3621467699765117 0.32554848515145274 0.33572612920049183 0.34666978585255487 0.38278246402806654 0.36848100058270494 0.380576367851308 0.3811722638738029 0.36697136621681653 0.3793339902055086 0.361205681632602 0.38541876404102093 0.3692721531473325 0.3609918435120991 0.40323691215282115 0.4338804264664065 0.43523359512150683 0.4023151361606591 0.40513981674663024 0.4458501068162148 0.4468228178103273 0.3907058241126741 0.36557164022171085 0.363960742782848 0.36910294246039277 0.38989499458177906 0.3995399954834048 0.40769521341205356 0.39298824698760015 0.3771488770672851
0.44178374269865467 0.4330973930329294 0.47339926279022854 0.49161409034755243 0.5339620821540375 0.5253233335710366 0.5240681121066482 0.49462606814531307 0.475011617739083 0.44594553734972037 0.44007119631548863 0.4271380589027928 0.3952758572620054 0.3866956713188055 0.39101293101961915 0.36357867928816484 0.3749851311342784 0.33800482839246615 0.34725005305682094 0.3705582322683415 0.3967609182161478 0.38009177699789537 0.3854590397983013 0.3742671437511714 0.38807216951150364 0.3709190504295917 0.3492087890542177 0.382860726793179 0.42083268596583434 0.39415774530399833 0.43161010464379 0.45568540001135494 0.45350039529009994 0.42401483031602816 0.4316810736016281 0.425631056092702 0.3905568387586744 0.4039127645974564 0.3965095419831236 0.36257703994087226 0.4037772137977202 0.3747251387812966 0.3825234262041357
0.39627838131851517 0.4134589826943005 0.4570218771043399 0.511177954829899 0.5082876988859055 0.515905020113259 0.49026369339345366 0.46092779543724655 0.4606241033177211 0.4378041938801273 0.42668938883530916 0.45936633540022764 0.4206848947559923 0.4391938568638278 0.41092879901466534 0.44593216485603093 0.4066030581406546 0.3458157210517561 0.3689309541451832 0.36857387171820677 0.3904124836039793 0.3755415975447013 0.36420784647373006 0.4287777247015193 0.3954412055269674 0.33736925031105125 0.35016107364830074 0.3745840075975423 0.35780013681890527 0.3791237045047421 0.40282064087290215 0.46146987972459874 0.4789071476995411 0.4505935873872052 0.4223290689319494 0.4248594570505699 0.43364321105698456 0.4374439048541831 0.3897752975397373 0.34699455626507797 0.39559828985407147 0.3944284183042394 0.399429285891304
0.40531196712493417 0.43338525099122877 0.4212976088019546 0.4289072959049833 0.47250805221252035 0.43390661143207226 0.4240892557965624 0.4262026843741471 0.4384465604677886 0.44576531849694867 0.40748183127745374 0.4093079638545444 0.431617939885996 0.4046452133216939 0.41070214267285937 0.42232516808912196 0.3905184940763922 0.3471175821669063 0.3363983338153718 0.337941416134587 0.3720986074919813 0.33610062332421764 0.3506281228422944 0.3769001385873311 0.3470851681572806 0.3606211275562411 0.3366159461680301 0.3391924218332274 0.34956475872094783 0.3744319506181975 0.40234747740823457 0.4304549257127709 0.4560129536907714 0.4493162316653834 0.4137241274688187 0.41598199690451054 0.4510547106444028 0.43823128582574583 0.40175062988601196 0.4114811309468801 0.37799905683194973 0.376479031949916 0.404666265531399
0.4011043366095586 0.4089765894063779 0.42432079120579697 0.3843762288287321 0.38617182772914693 0.39531232617317996 0.40876217334995807 0.3913675595505249 0.4175630787223503 0.3941666132013522 0.41896863976232684 0.43218366939860564 0.41800549963946754 0.3759304648341939 0.4094179831940796 0.4297837120573801 0.3772739468795275 0.3383329119928206 0.3531743521766451 0.33311895304570266 0.357659628150801 0.34746945942981716 0.3435951866677156 0.3459343764280506 0.3394767738453961 0.3209134692741508 0.33165132125843144 0.3371388885982091 0.3791940030829085 0.40918453330967497 0.4100818991685738 0.43982103504859127 0.4419577698723761 0.39804374174478124 0.41045608779919 0.40908336820765745 0.45751001291218435 0.4342898351123973 0.4277328383437835 0.4377219786195131 0.38423992633163634 0.39010180487592605 0.3950384362688928
0.40353844660961596 0.42392056844404685 0.3869138819346611 0.3907598262571119 0.37330276861482387 0.3699512082026591 0.3704661446592667 0.3753238906884773 0.38842001432984447 0.398619609692125 0.37558761796440276 0.36598912527094557 0.3889323967200846 0.36846854066068513 0.36345137071771094 0.36746478698423557 0.3625242977815019 0.375141855253053 0.3368103019092266 0.33170700349468263 0.3348199549901776 0.32239700150573025 0.3359572582552902 0.2952645888898683 0.29953079964802065 0.3033184681789099 0.3310685552432845 0.3481823256332175 0.3914744344121243 0.3769022447297688 0.38876946663182066 0.4137497490218928 0.40905336693989836 0.4177319683238008 0.4337769900136488 0.44326644449987707 0.4370513044642409 0.4209799021782197 0.45862800250594354 0.4157423223824423 0.39082172827808864 0.3892998983640372 0.3471485157855105
0.4332444989849167 0.4100479977879742 0.3829339660697952 0.39307817463546335 0.41310462400167486 0.3836922608328609 0.3782451438370913 0.3872495953549741 0.4120621191924863 0.38539185873440307 0.3988010664260984 0.36981022021974796 0.3892610466103931 0.35705117277748893 0.35052969013708346 0.38969750627048494 0.376936131289619 0.3696046427655488 0.3575293573547912 0.31100512797729146 0.28721137477941583 0.29196840318134465 0.32355911075248467 0.2738411544304204 0.3094707087139194 0.3406407105526892 0.3439749703179439 0.3694589385802165 0.3997736760116818 0.3950098547675146 0.4116212192149835 0.3826764647232586 0.4124001596862389 0.38408912120161626 0.4432493566113062 0.44269645687262416 0.4209901468489028 0.455041499567071 0.4623154042987943 0.41380052036528603 0.39808784595486163 0.3539909285245284 0.3440245425510277
0.4306397062634391 0.4097992686555728 0.3948829693263424 0.3739259066194593 0.40713907323785803 0.4054443438435034 0.40003143784826095 0.4197587084372533 0.40039576016184775 0.3792368058001553 0.38365260269777035 0.37035463917367023 0.356348252570558 0.33594728764596987 0.3595037595791838 0.3639688074561753 0.3697498605083542 0.35407251157943265 0.3256739778505252 0.33892524415597547 0.2826316440999027 0.2788269539226982 0.289055137593608 0.2902777588661922 0.31110809156244207 0.29124837395034714 0.3204772131325968 0.3639817239200507 0.3771550831710918 0.4022442748368354 0.38557415581669385 0.39600224744823503 0.36943335671072663 0.4143952078758688 0.4071369485078568 0.39089123645067386 0.4161246526854266 0.4126123737911499 0.41742931107129194 0.3901717027979679 0.35574133312867406 0.35358373051859665 0.35901874211783363
0.4230198649378667 0.4071177536880221 0.3955957719245169 0.39595544284145145 0.4117562144162365 0.41265215984025827 0.4266882304991366 0.4017557411352098 0.4027356373384483 0.3586937736555645 0.3768849713259744 0.35591067112341856 0.35746438230086763 0.31194531306350504 0.3436646544009014 0.3654050778619649 0.3673375201925943 0.3603547681081399 0.3355703007604338 0.3544660529013452 0.317091509730704 0.26727731917582315 0.2623312982220024 0.27264090560178583 0.30627790532816546 0.28251478984355005 0.33551316173604523 0.3472089640604979 0.3502523795680386 0.3751038703970131 0.3455776145454253 0.36590547332413365 0.3607933817853813 0.41262111816236624 0.37398501792463046 0.368680708805757 0.3664736221143215 0.3797010946486194 0.39785242898156953 0.3733311261281523 0.3467969988732252 0.3785817901626561 0.3551810401723468
0.3526034844114763 0.3897463344479749 0.3820605447057795 0.36628662220881764 0.38847635310210893 0.3802460990381026 0.38695914526544145 0.3903670496784703 0.3585999506590009 0.3787623270484853 0.3627498589995876 0.36656082107573634 0.3402118560407198 0.30918248029898776 0.331484494023282 0.333232132351874 0.3315003714379235 0.3319512354420063 0.3587889422465606 0.3494046466161811 0.30556637529543845 0.3082777509511013 0.2579572301394386 0.26296163435348097 0.301162501159262 0.3311356838982218 0.3188653669359997 0.3216103575313772 0.3652003450591116 0.34516332874823147 0.33993239953820015 0.3517972140290411 0.35479636889230304 0.3800944224243405 0.35812792541673205 0.33835869802087537 0.3434813124189803 0.3494952743388 0.3626854206443751 0.3917432615502552 0.37334181615365186 0.3862376802970638 0.3651768521607228
0.3441980976281444 0.3421543853023847 0.3276488054086161 0.3712067099331597 0.36026012521050005 0.42611607736004503 0.4229360436821068 0.37954822943509464 0.36540887057266386 0.3635889964844345 0.3777851207360099 0.36083661732188177 0.3408507306964065 0.33069514318165744 0.2959748826295104 0.2813170218913861 0.29755525966609825 0.29200807738999746 0.32077623478054423 0.3774842717828456 0.32156639440083296 0.31371040607188166 0.2933477344559459 0.2784142078170682 0.3441940557448919 0.3570505835706951 0.3356182923982762 0.3305695255168246 0.3480361565955216 0.3406569622371071 0.36304931334020063 0.35557168700572395 0.3411174552539571 0.3863677735964735 0.36650510860970625 0.323257173914449 0.3135490362490771 0.3227592641475856 0.35782800444018853 0.37486202167729266 0.351193583247356 0.39052580909531215 0.35266456368536475
