Raster_benchmarking/DGGS/continuous/raster-72.asc
NCOLS 100
NROWS 100
XLLCORNER 1743165.5060028294
YLLCORNER 5469278.892864844
CELLSIZE 10
NODATA_VALUE -9999
[rows 57 to 75 of 100, columns 43 to 85 of 100]
0.29980882503894 0.3055924696720964 0.2975707482022462 0.3012993436645172 0.2930974380649284 0.3314502504799332 0.3274667159057331 0.3592664180875944 0.38236624066214236 0.4060922170329676 0.411490782763563 0.4336308256482912 0.43042982680199604 0.41733084085986655 0.42031545402734316 0.4317562071969958 0.4063319973812343 0.4433200298711193 0.43603175384498577 0.4249040864108247 0.438455758471515 0.441444051453258 0.4395848805638482 0.43067153861039137 0.42379711149703037 0.4448781411170233 0.4406193806273133 0.45098056158809113 0.42078019735931765 0.45898014285952743 0.46999671811177945 0.49583359476480005 0.49711088379343354 0.4864463640760864 0.4414115835944325 0.4466985255059875 0.4130956220855309 0.4095772916768517 0.43438412208105104 0.43047236287139884 0.398571844243755 0.41085784726957075 0.3954668930831411
0.2750887335513943 0.2847247083884194 0.3067199159343462 0.3013036485403009 0.31411508219300904 0.3393720086755943 0.3586574495295583 0.384777271907614 0.40923152934151935 0.43824880375562203 0.4357117772349503 0.4272748279715388 0.4312523955374822 0.4417179913555047 0.43811538863067767 0.4616793749487039 0.463254731191969 0.45665428536543207 0.4677562310117779 0.4415805203879321 0.43698494676258504 0.445709993652417 0.4519939829094833 0.43588234647023427 0.4362270373232902 0.44557201415444647 0.455842277265155 0.45679310471565965 0.4516599351593584 0.46419012921788044 0.4607074317709418 0.4807790833745691 0.48913143743445503 0.4705686473879084 0.4612562305437447 0.4319174175056473 0.41880372489965034 0.42035332957641264 0.4100123696318116 0.3934120647250307 0.399814083255822 0.37923911966574414 0.3839952022500502
0.26301116098734845 0.2820121004841524 0.2945711890480543 0.30388062728327286 0.31635255101377574 0.36169116264397067 0.3566476959891848 0.41225262627319154 0.4601830471268046 0.4718827932461544 0.4715639218404958 0.4653268886930115 0.45573443148969767 0.45939678060316297 0.4831099050056896 0.4778483065439692 0.4833895053823362 0.4735214753129883 0.4681848184610908 0.4599357555504763 0.46827214626018276 0.4424651319485227 0.43821068917576683 0.4334972721166043 0.45119493448625236 0.44958358363549605 0.46119955126536666 0.44734519086773356 0.4674754727954557 0.45075552562773563 0.447715557810681 0.48831333948805766 0.49482154182065513 0.48361525797681293 0.46406350923379264 0.4374756544209625 0.4383180179145146 0.4090935257212787 0.3795614993506163 0.38662123388160335 0.3596047204661557 0.38659829556168746 0.39814989717979216
0.2869544532565162 0.2912876859574064 0.3004976053720764 0.31514347899777134 0.32049753681800225 0.3646978235403788 0.4014891623355407 0.4162758852836248 0.45569763758823206 0.4745455343740343 0.47439479288284353 0.48202274541391527 0.48084283348367823 0.4733374163424763 0.48014571649439153 0.4702547219023783 0.459805708850369 0.4707606503684365 0.4831236265621303 0.48792560259940715 0.47954377981702734 0.4657595731490677 0.45598238222979215 0.46449590434438554 0.470894975494029 0.4830569866983748 0.45068127464322716 0.47578991006556454 0.48173182753288263 0.4560915497021897 0.47240190845400376 0.4873147235814144 0.47297673244752914 0.47338182116504224 0.46829259016339264 0.4224131501161684 0.41674549154419144 0.40674878724337493 0.3611655613387423 0.34807321590493306 0.35784199659297605 0.36439017677847846 0.39140927775364526
0.32461440819208437 0.3290255530135423 0.3101042600792054 0.32105108872985855 0.3570818381760052 0.3638173441319713 0.4061076786967536 0.4290695710201692 0.4899304112780771 0.4789826825006838 0.4934039936869659 0.47534867480998155 0.48685775597259956 0.4898248736639773 0.45928224108435484 0.45684101854097386 0.46604200649093075 0.4891648770535378 0.49400219533266015 0.48246343908243333 0.49155281838932385 0.48249488415824016 0.4637664495552353 0.4796186224966633 0.4937433942887205 0.4811376998876941 0.4524345512346029 0.46517505402924664 0.4866789163910304 0.48291357136764107 0.4515157014278038 0.4844294208612928 0.49037913150448376 0.4725314000923488 0.44272626611429405 0.42458936664799524 0.38078922924422864 0.38346386583205144 0.3593714604862137 0.3720595548300541 0.3585309873216442 0.34856451810274147 0.3668726417078101
0.3007402693762717 0.3185494789072602 0.3300965469579276 0.3377951321647571 0.3584078775834097 0.3968256356768251 0.4297177081571711 0.45999494321323103 0.501530581080358 0.49487765608642276 0.4766677049306152 0.4783612255172362 0.4847331753743844 0.4865062383789877 0.48442234251100424 0.4945345683866187 0.4893573429979095 0.47526801672951335 0.5099113165350977 0.489750883487274 0.5118721181537069 0.5065268876190826 0.4880087825652775 0.49629309600663474 0.5257163799144576 0.5150701179482561 0.49538510446921963 0.48922698885984894 0.46984426927640377 0.47342884826676207 0.4418911946640301 0.45633373943075123 0.4555846374105971 0.4491021646224817 0.4133560260635266 0.39754335187667156 0.37827759996594573 0.35963098794425413 0.354628139285994 0.3625508825680743 0.35652555020268667 0.34818036325282387 0.36310845741993636
0.3075054721598831 0.31296219812333936 0.3307932476650601 0.3737934009988828 0.4154819453209614 0.42879533615411486 0.4218049521060457 0.43624039760074845 0.49009494758759103 0.48655276890382226 0.49913611153343546 0.48090054809637 0.4525289784582667 0.46919172337818105 0.48614315519426604 0.5154959029681897 0.5046287181930426 0.5189235864021089 0.5070540618940593 0.49019014369773345 0.5185307974850673 0.5161119864063626 0.515042366308785 0.5326164558530216 0.5380915639327494 0.5063374681199256 0.5056233441777933 0.4892345950458491 0.46873383590912493 0.4442471814985688 0.44381858043845895 0.4678119700575952 0.47071421460375257 0.44925361624694415 0.41306775949833957 0.3977892442214444 0.36199668932015644 0.3417171358440337 0.33008483892511925 0.3512771421473539 0.33238269513447793 0.3419442705109213 0.31630453460503605
0.30757524045185813 0.3348742907072115 0.3655013509734546 0.39741354216521296 0.42613284900706405 0.4305087725703805 0.4412443286303639 0.43065605160269593 0.45762899042072813 0.4911505276001355 0.49427941446282 0.47952821528110434 0.4930331374268728 0.48728938505276087 0.496848677457969 0.5220879614451155 0.5470487709597321 0.5412805851194968 0.5251436458194351 0.5176838080832457 0.5288339920771611 0.5460894496289366 0.5450577043148077 0.5364465539203613 0.5177747916170568 0.5078922190289512 0.4836768663349686 0.4907830226568738 0.4738969168480398 0.44801596327457377 0.4205162014472666 0.4393148033047582 0.44329496366231064 0.43804827354682807 0.42411128380121316 0.3755434727767787 0.35988088008472835 0.3560803699192363 0.33264864338171424 0.3282223035197641 0.3088771436271985 0.3145043338158223 0.3353222825429428
0.3401703649403348 0.3493974431223108 0.4041460326824077 0.40980268333486425 0.4132085472572643 0.41993602499221533 0.42396991432318293 0.43365121182460503 0.4375923668901474 0.47520144671319103 0.47619491409732206 0.49494483694468067 0.49692033211808606 0.5007825263366127 0.51261211590895 0.5258511566386115 0.5584772695437397 0.5431082393508591 0.5584322753842649 0.5444585248436146 0.5561070493204836 0.5491432288036794 0.5276408984762364 0.5152533805774685 0.5401561478056661 0.5128625824047528 0.49139678890047395 0.4901694276852267 0.4413127613438745 0.42241057862973685 0.42425972896360936 0.430838686931592 0.39847026983204764 0.4210702070207644 0.4042957217160147 0.36378277498870415 0.3662621401205847 0.34167319316771133 0.35172544290483865 0.34361566045931075 0.3227561564267599 0.3041343901048107 0.3109983739071689
0.34100796956802965 0.3722547081056354 0.42489866711399216 0.4405476180749369 0.4269150235894919 0.44981633632512985 0.4257362674556404 0.4325440793325134 0.44737315129153676 0.46332956003125575 0.5010444465773568 0.5052514146625249 0.5232747887169359 0.5216238491595534 0.54191205667948 0.5655894790717906 0.5566362584964467 0.55998159606149 0.5441783215885206 0.55902955241932 0.5255210379368586 0.5312018092776366 0.5195586120535638 0.5235159904757292 0.5360197357204493 0.49935618207386945 0.5049454161925031 0.4735909681385449 0.42179044437889585 0.4163201552562795 0.4388833450818063 0.40700677397352203 0.38250071382579887 0.3832783394026452 0.3927780531774753 0.36047584032654917 0.350370804212546 0.3550748951108977 0.32576483000573664 0.31969000508394063 0.30914515402053305 0.3336217516534049 0.32129136023617433
0.32596342052494504 0.381513594305192 0.4271618392584283 0.44795724610382587 0.44419090161220315 0.43476666594979735 0.46053050474135454 0.4404033803810604 0.4497319781542816 0.4855713532959274 0.4994110305140022 0.4959142153483536 0.5010110354690123 0.5249918903617895 0.5595538906577676 0.5722803255904522 0.575077487766907 0.5764663145520288 0.5510415186461051 0.5355560361422688 0.521000385587742 0.5220567332940339 0.514649802853559 0.5017749127150731 0.5118903451587331 0.5126696597118875 0.5094892453350303 0.49061208706111575 0.42744836575355744 0.414842284070943 0.44359637360767185 0.4121777788053713 0.3830164144193847 0.3678881233450608 0.38886566258394223 0.3563021031187206 0.3438961339020343 0.3409064946185635 0.3293610656103307 0.3268317557048438 0.32703102242356713 0.3347048810628046 0.3291222767611639
0.3497972025050523 0.36659780924002655 0.4309274502154007 0.44567545077529797 0.4221174918365156 0.4356572154034401 0.47660084726333507 0.48613787333426106 0.46850529276308905 0.4885113789230185 0.4897733454314822 0.5110436305151212 0.4963586209456765 0.5216406237222617 0.5318046838936994 0.5460294889833659 0.5431135537095595 0.5483387249648132 0.5548078675515378 0.5441391303577725 0.5304325673119732 0.5402161253654797 0.528067979409472 0.5221178564373906 0.5340187736036688 0.5133262912284698 0.48459055597193695 0.4854878683107378 0.46729094708725 0.4345246114620137 0.423984668930801 0.41278708251169666 0.38850178662391743 0.3786530967674256 0.3662592340800216 0.383301471181789 0.35489136222032464 0.3722027020533489 0.36783254761355516 0.35614027272823856 0.35860407077968354 0.3604192559001775 0.34958169811378065
0.3647351386582396 0.39980385081203634 0.4186133083032623 0.41218588919708243 0.4201453051458043 0.44124803518437655 0.4862712130946627 0.512445239655617 0.4982325425115989 0.493225255823888 0.5172396353524735 0.4993009884370798 0.5129297684180517 0.5458860228455916 0.5583920603872213 0.5299192140554716 0.5339786844389673 0.558032535808465 0.5552823557094525 0.5374843772117451 0.5556572506705434 0.5297639317950553 0.503621491850091 0.5105670799256554 0.5149861783677473 0.5180717508453364 0.5000051812345402 0.4965778515200527 0.469746045914613 0.4536912928907002 0.4358825330349525 0.4195572097851212 0.42531675162341004 0.39424451710669356 0.3779289042321547 0.38475145021628615 0.36699155158670255 0.39159793571743895 0.4020253701275888 0.386283787170125 0.37005014475042836 0.3651412037087713 0.357933239545809
0.42203159019450764 0.41842622534244306 0.41014425135538096 0.41767099495167437 0.4285467675303484 0.46784901998771616 0.5057040368692163 0.5086607249939339 0.49452836404781425 0.509272320430262 0.5019473860164421 0.5149334420493875 0.5103500665184617 0.5412293660675905 0.5515471695094266 0.5272680015643355 0.5502038829930144 0.5545686743041728 0.553773790639463 0.5685602562433552 0.562272205623702 0.5305024292284732 0.5212680208378144 0.5153086472333709 0.520882893283657 0.5059980024249707 0.5153109094896753 0.49601522600432557 0.5005249543416409 0.4723180485379692 0.4760526275808618 0.4465399728185531 0.4423973484466157 0.42189072861813603 0.40090304496270346 0.3851493004129461 0.37214805613955954 0.4118042363596742 0.40720187264662955 0.41646127335143807 0.39320579955190205 0.39698758519931404 0.3848487717344123
0.4437634060559669 0.4518178806817053 0.4234480131658509 0.4251188692750552 0.4435016994101236 0.4775184941602942 0.4890463520048807 0.5076877560356035 0.4896498778735142 0.48608648821778905 0.48479272276282914 0.5028078448225933 0.5379013763481509 0.5345386456116069 0.5333415744005114 0.53561845290123 0.5425327330046485 0.5584839124959533 0.5502113738707529 0.5610066318151506 0.5523341919780641 0.5547974070213719 0.5203120383580002 0.49498087100751603 0.49422855527362647 0.5153698177499557 0.5223562124268424 0.524479684575838 0.5106501404228404 0.47904047411361117 0.4833987069619402 0.45443384536825465 0.4536593348940607 0.44717095417874325 0.42686286701755394 0.392591440162404 0.3859675959399994 0.41234874963342866 0.4422781700572174 0.4325080090607267 0.4372183131252609 0.415978952087248 0.4238063949285711
0.47386553557862826 0.46150745889113176 0.45062150175907717 0.4731431758097395 0.4881859116648585 0.485093256859685 0.48523911873997666 0.5054486021889266 0.5106820329016978 0.49040645770505337 0.5000905538596102 0.527712812011791 0.5360947611503754 0.5556492015118853 0.5503533757251086 0.5530180746915432 0.5292360563395958 0.5435913969284969 0.537781853804503 0.5510677285786989 0.5317682377317448 0.5487940997625356 0.5091529406557537 0.5069545008213729 0.503499209255539 0.49164360343637264 0.496957074328621 0.49966722564516 0.49428079424799615 0.49366481007009555 0.4690503536864594 0.48100933010740754 0.46246921877246383 0.42841564281738903 0.44499875808938605 0.4448466414905867 0.41770787270821974 0.43165440912840186 0.44792081822954005 0.4392254939943874 0.44503012516423085 0.4452667710243622 0.4422463735783506
0.47660411422105237 0.4686208048048416 0.4843921351887383 0.49619878731330314 0.4795508323689064 0.49165856757712 0.4789725326237955 0.4800684730864885 0.49499534303138765 0.48586679479530187 0.5122904587843983 0.5244843168002163 0.5158855865327743 0.5466965756071134 0.5739335832215249 0.5752825122403674 0.538536887404571 0.5388265165486269 0.5431198779523868 0.5533637844539917 0.5358574939101304 0.5347246828517284 0.5301748218681317 0.5234297284402829 0.5006930757360242 0.4924742518725176 0.5082379460737394 0.5051859906008067 0.48578370107907576 0.48872394766135147 0.4756981922680597 0.4644932330080228 0.4466595875315354 0.4542839940319129 0.45149455688162554 0.46401203895133114 0.4550369036143383 0.45837671011409536 0.4593748791722837 0.43903803393203683 0.4486682997146733 0.45089365818575355 0.4352385388833401
0.48469939360271913 0.4669241522718596 0.4887370237018363 0.49038099782656175 0.49160471887285845 0.4985544434256167 0.5077923948865012 0.5129551760938418 0.5056761527106046 0.5144250671159114 0.512614366379517 0.5274185172531662 0.54839158425147 0.55789033072774 0.5662730403403191 0.575351509276491 0.5746586282006553 0.5630968146686881 0.5482701847800322 0.5295848351489613 0.5188951336714153 0.5335880562050334 0.5233883835497725 0.5244783081883254 0.5222576421113467 0.5156080533500574 0.542534507318425 0.5216348235320126 0.5242606855367776 0.4822981484494145 0.4852184510893129 0.48167850131929085 0.46932094149756276 0.4894069428106352 0.4826619564519773 0.4403093371043802 0.459411752060232 0.46344761026355885 0.47989056775562455 0.473209031062591 0.47802269793135876 0.46679317082733246 0.4482470959519342
0.4927101920581561 0.47337368430131543 0.480638861294328 0.48770073233021294 0.4703798559430216 0.49141781880431207 0.519823361885855 0.5293201669195732 0.5158353660050542 0.5214834338734086 0.5261722193670904 0.5247690565213954 0.5554878256692124 0.5399520288124849 0.5600850489669482 0.5910183553512715 0.6127527768716527 0.5874355091372099 0.5730355200708914 0.5496295654398038 0.5308358132466773 0.5499077897101111 0.5391356424205219 0.5401545802384285 0.5591250192502843 0.54896424653656 0.5586924158609167 0.5413165397170198 0.5342417294701016 0.5276562753560632 0.5053982930861672 0.5245137343826186 0.5229288569533536 0.5071758285902543 0.4936662367259915 0.457882506768039 0.43065617138993983 0.4720443403129599 0.4851785078100933 0.4981957922752954 0.5030136877577869 0.46114978214913066 0.44407566923809544
