Raster_benchmarking/DGGS/continuous/raster-301.asc
NCOLS 100
NROWS 100
XLLCORNER 1743164.4341449938
YLLCORNER 5469286.381582434
CELLSIZE 10
NODATA_VALUE -9999
[rows 38 to 56 of 100, columns 0 to 42 of 100]
0.5199834404362549 0.5325263067064051 0.5496614540520766 0.5308576925544529 0.5356486426933839 0.5183392342099234 0.5532337753212728 0.5277941671170576 0.49944908359288825 0.5158914793054149 0.544106598239584 0.5040949421608818 0.5117671472930546 0.5344613010204646 0.5408668141224606 0.565549843583567 0.5627729887451648 0.6083046676874658 0.6314020054992091 0.6392664776844845 0.6234637862231068 0.6285635328506087 0.6822113712966965 0.6819422813706598 0.6503054165036998 0.6685640967574934 0.6636643645818765 0.6510556228356913 0.6844200227823862 0.6564394077871699 0.6745238146464135 0.6583717860707002 0.6402785000244146 0.6296779410353183 0.6275367674897334 0.6577926075420583 0.6954671107235696 0.723846851761866 0.7201084786933792 0.7179127064488351 0.7116057318978999 0.766863529177142 0.7760932497745915
0.4839103066552448 0.4923113455341018 0.47367451254392773 0.4939060735579264 0.513045578072649 0.5299404137376117 0.5411298972471925 0.510596166218794 0.5088908944908962 0.5061028634221915 0.5279037766272126 0.5192979625176564 0.5191762100172609 0.5528892869780307 0.5533528146393429 0.5212895797858023 0.5367318313065031 0.5890724082509715 0.6000972140043521 0.6134779192804771 0.6120639174299989 0.660762416563532 0.668954231677956 0.6603424959801739 0.685947873019618 0.6579204753899202 0.6810481633084944 0.6907265057402808 0.6830396512274463 0.644136243075379 0.6295818165315571 0.6434463851470679 0.6691027132149077 0.6620339290849573 0.6339641892012398 0.6529274863093177 0.7068051398408035 0.6918474266048087 0.7356785123705578 0.7113669198536996 0.7112033816001668 0.7232711923130389 0.7819139904404867
0.46378036178528925 0.477431903922143 0.4905979904992544 0.45704955174921846 0.48941283340019465 0.4634634093876579 0.4633077364806092 0.4812355979746414 0.5096179387233856 0.4928951599629103 0.5002642770139705 0.5032055348412373 0.5305525643880326 0.5474600897247427 0.5433348067525545 0.5174625350105985 0.5391086393562182 0.5381049897972335 0.5620868404043001 0.5828903643324438 0.6101205468318991 0.6655611964925916 0.6695492939403794 0.69251532111427 0.6742274742876093 0.6544790733696756 0.6860606491434568 0.6698464481504034 0.6432382666671485 0.6299887632498714 0.619905394650966 0.6577448116658843 0.6827741083826581 0.6564569762283843 0.6313161575446102 0.6533640959634386 0.6777965319171418 0.6925141976311333 0.6956844955620002 0.7121131255120349 0.7083978180274558 0.7182123937789392 0.7460301395303136
0.4542123699166112 0.46046558396344467 0.4684625577285139 0.47153161694822626 0.43903506665902226 0.46258608894742065 0.44821124255944833 0.4921349122199314 0.5018649465743953 0.48138241603706794 0.5176941826447868 0.5370995561521581 0.5392744963101598 0.5038985747513349 0.5074778331670118 0.5129408657314084 0.5039805515402322 0.5444811063501591 0.5365294977633374 0.5884391496156229 0.6497506756487947 0.6573602092003896 0.6884027141317726 0.6873746951468241 0.6594476518808842 0.67903018029621 0.664277006103228 0.6431433920980021 0.6249802608092255 0.6379124602013833 0.6160245518403573 0.6780233422185736 0.6864641828869509 0.6813162189995399 0.6335528173997215 0.6561350065889686 0.6592979990861145 0.6759404802617199 0.7282069938332418 0.6853656694495636 0.6907271667319809 0.7216061647269403 0.7171832697776293
0.4406693819257013 0.4515140458375725 0.4323216501490549 0.43779735353467564 0.44734702404114934 0.4391802149554451 0.44763367373409285 0.46383638243211844 0.4741162738344987 0.4893409063485139 0.5191083636455042 0.5070550129882633 0.521483169278464 0.48470110308758846 0.4795552658716852 0.5157897997550634 0.5188624088951119 0.5391564057335391 0.568219953474597 0.602002117516658 0.651663188266074 0.6353298209317467 0.6412934663767987 0.6865257083397156 0.7004916860790052 0.6801170227184156 0.650923892148392 0.6387319629691393 0.6597456354048302 0.662893802297147 0.6567549896715525 0.6705246995113754 0.7020925674230709 0.6797300909034273 0.6852789722494385 0.690261265172533 0.6827851566398544 0.7146973034541687 0.7258037670183873 0.6978146379320462 0.6914603267624787 0.7308933484917535 0.7275458499315194
0.4003100934553028 0.40857180261593185 0.39397124946122875 0.4272491480117203 0.45728146177011 0.4625831311153073 0.4351870192227746 0.4745252364400651 0.4724629693256524 0.4773808412361285 0.48694292388483584 0.4699921004575893 0.4627922244976178 0.47569771835762925 0.4576109455469099 0.4907187480545671 0.5055555049762794 0.5275158724128504 0.5516329974059087 0.6124289337066862 0.6337491139641844 0.614785045778196 0.6431296741262545 0.6465661356113511 0.6944738685862446 0.6633607339235135 0.6540853965916764 0.6515376453693271 0.6751427780501112 0.6858419579081795 0.6788514164427376 0.6813531208411977 0.6822442326887016 0.6733920428523786 0.7120502901095438 0.7141060301481256 0.6928141187252773 0.6993765776759493 0.7032809749615218 0.6873654203450535 0.7131361450629875 0.737160276283444 0.7735357843036774
0.3675378915279702 0.3738134954344552 0.38864728679010285 0.3952396951381351 0.4378720878831852 0.4442944280035925 0.46667195014778 0.47629063793422954 0.4704258238266793 0.4370408703350471 0.43004984783644024 0.4221839419955428 0.4425171903975899 0.4595506192932568 0.4678580720022909 0.4851213719444799 0.5129152071087073 0.5215398074396396 0.5465231081885968 0.5798945596227254 0.6248714193888001 0.6327056971377911 0.6435926648533667 0.6494655747875004 0.667559635847045 0.6647930736289751 0.6801141813386097 0.6584143579798306 0.6833375965208633 0.6690600910750415 0.6597101118702303 0.6491477193024646 0.6756918042192929 0.6732275554241156 0.6745094860542111 0.6909647447959465 0.6851179171160665 0.6625406861366913 0.7082040657650468 0.6936091226162209 0.7231912975708323 0.7659046843193557 0.7654199532744453
0.33777152156234425 0.33747943302161254 0.3602617594002013 0.3525936313801281 0.38148347735405 0.4164878669137327 0.46724574948578645 0.45284475559256887 0.4533114415951373 0.4211833656945428 0.3884017399579573 0.42323459645192496 0.4199872139323772 0.4451633015106045 0.44829205265279637 0.4948558616166005 0.4712595506200791 0.5242397216686293 0.5257274187779231 0.5691146938946834 0.584019437114099 0.6249386355553678 0.6328242003998517 0.6666135252492922 0.658143009833272 0.6646331271256192 0.6509836289368792 0.6468958032003013 0.6886159007069628 0.6562569679643224 0.6353425138207249 0.6727233754929078 0.6819665268643286 0.6695062131652836 0.6858442087987296 0.6972154223733442 0.6627461394056126 0.6981413368449214 0.6832817023206533 0.7249176472624433 0.752311875021976 0.7641235165350447 0.8118216768566539
0.3310673855002628 0.34088419171160567 0.3485125179456182 0.3422545015691952 0.364181915907005 0.38134727856110284 0.42253109996599536 0.4084392557531002 0.406486230425992 0.42579482260021057 0.3886643547445271 0.4119902476127562 0.4309377800369938 0.45568164956279655 0.48284333833415133 0.4944672763632856 0.4845267695589149 0.5320769501942358 0.5300281253332544 0.5780257298663684 0.5935507973006428 0.5917279632309832 0.6386604703494965 0.6401982956006521 0.6662639996702401 0.6678949190258103 0.654299675822886 0.6632212012043304 0.6593443934328881 0.6674376143109629 0.6829271319112346 0.6859979920430312 0.6902786180882141 0.7092253384012989 0.7139167684063432 0.7065064230932719 0.7234507666024155 0.7053137572212016 0.7259037902057592 0.7211461844524256 0.7780211690439043 0.7932253299771189 0.7995398960661603
0.3432819354801995 0.33170138071709176 0.3375803530477489 0.3207259349632405 0.3394291892302979 0.37504226851529054 0.38593199155824004 0.38461345757214116 0.4115331378105938 0.41552399718876226 0.3671819930358999 0.3891354334524088 0.42762210542959833 0.45504292055135487 0.49566134994347577 0.48090968951754154 0.5137568682323949 0.5007645473182818 0.5448538217029221 0.5678191348937877 0.5662314916714959 0.579589357796877 0.6366934370043976 0.6428392651339331 0.6552299140478338 0.6490596688570796 0.6383296142981586 0.6418127277510165 0.6947379026593711 0.6932713043759533 0.7107373654253084 0.7138242209405844 0.6973861607844031 0.6935699189049725 0.7352694472097411 0.7093815465669472 0.7279989983107451 0.7288202722510478 0.762797876032164 0.7360658162182181 0.7531453048151525 0.7762873669815732 0.8062895597572161
0.31726085005073734 0.3488253230209036 0.316876069958961 0.34292713764537114 0.3235419862485995 0.33518177771160235 0.3764729957149845 0.37444908844346064 0.3808787442988121 0.3658235151282442 0.3912242782835142 0.3805976470003517 0.4228955765937138 0.4320407511643209 0.454366660198198 0.4793060428588124 0.4736981223347753 0.5000700286300651 0.5082158134479696 0.5221283861357305 0.559442504098164 0.5775277902709361 0.6346349069835983 0.6540386439623856 0.6483891330295171 0.6403327582428869 0.6189117135995321 0.6434234913345663 0.6613456118200749 0.6864388131581323 0.7171128767122654 0.6947588784277577 0.6826086729811476 0.6931614971456453 0.714321474574845 0.7082684796500577 0.7048266329882077 0.7393078574318388 0.7542801708720652 0.7553502425870383 0.7919509870666662 0.812104654491067 0.8006289023923296
0.3375590709398222 0.3464474173773157 0.31980304604696724 0.32974183018558695 0.31755062520274635 0.3365077665267281 0.31831785343680996 0.3226467650378347 0.3776247815549115 0.35412128612838 0.371487527521266 0.3746551393228764 0.41437289437217895 0.44346899023149766 0.4476312049448951 0.4543265625204192 0.42544896219291245 0.46589858520820876 0.4822996494316186 0.49186789563106487 0.5154948649359936 0.575038427236429 0.5769042191863635 0.6366856021386647 0.6621928375178004 0.6361950287814786 0.646313912198603 0.6555810044440323 0.6547840475423585 0.6977430161558336 0.7130554105700796 0.7354644955555879 0.7065063158978055 0.6837329267228857 0.6861109561440157 0.6975094735227008 0.7284945208211046 0.7315093792504521 0.7897787575082157 0.7983569694327828 0.8077026187707721 0.8049806235494219 0.8253563492647552
0.3166785919110768 0.2873731286673058 0.26797185990630673 0.29266315223902434 0.2926734607336855 0.3099802276258343 0.2951348816979181 0.3094622035157999 0.3302609621085839 0.33140710653525307 0.36135487130421445 0.3702694439104923 0.3682545444226333 0.42112003221379984 0.40345523082321116 0.39994861283266114 0.4235965232661534 0.40736928337943745 0.4423631945031558 0.45218129256726175 0.48584591549924083 0.5411682863266722 0.537293934665084 0.5727438419928514 0.6358447424262048 0.6326365996050239 0.6820183042626561 0.6805750621595471 0.6484670055077421 0.6762855830533923 0.7177365381604827 0.7469959616584559 0.7055457734671621 0.6875821109546095 0.6961310756841108 0.7001487447438265 0.7354886865738208 0.7626234526972736 0.7966113489516575 0.8138170076356656 0.8165591913073406 0.8191678122679662 0.8399446214806545
0.2541267900297034 0.26010083434911385 0.21795199004546292 0.26994673233513694 0.24461826665230044 0.29733767178234893 0.3166476673631924 0.3212235459158606 0.2963923192442856 0.3281484161890934 0.3128301441813871 0.32084978706914874 0.3493809753085767 0.40251420902530627 0.39421542590811776 0.40854105902883125 0.3854276698271056 0.3751170097728582 0.395166995657225 0.45801552874696433 0.486419737990537 0.514523239537662 0.5239004332178975 0.5801478048074388 0.6138634162799363 0.6485393724167283 0.6861912902078885 0.6540487252829849 0.6672724199172251 0.7055707742369686 0.7504727326871146 0.7608830733522207 0.7298458226161368 0.7152177748786808 0.7075630261027157 0.7321522620422994 0.7576555820981088 0.7564716471115012 0.7670592712802864 0.8209773834459317 0.8026387140726952 0.8170946033469079 0.7977793301294168
0.2553468792646667 0.22896875871583053 0.19885028909582173 0.24093444520418297 0.2402437549956806 0.2608768002500106 0.2900179827445772 0.305079482797213 0.31243366351822927 0.3163486289479207 0.31942439999783173 0.3087289080983703 0.34666641376923873 0.3588400526228392 0.3863227466391829 0.3924317859609151 0.388029110512712 0.3665359692008284 0.37505765462315255 0.41044691059787913 0.47311672102690366 0.47232349891773956 0.5061722160125589 0.5475739450757071 0.6064670464884501 0.6226467696103 0.6683419858687648 0.6533872312583033 0.6824493332348041 0.7204420344121402 0.752499563104236 0.7659739681291081 0.7287710238455448 0.7341929616076049 0.7489006153884198 0.7675407999140875 0.7989670607007481 0.7916958411882451 0.7934384353357817 0.8071497400969676 0.7813624273622914 0.8257810568152136 0.8030557579550961
0.23474343050365548 0.24409618918103052 0.19952782097018038 0.22976221058104204 0.2503239176521036 0.24870858583659539 0.275491564164236 0.280619704172159 0.31096439077150145 0.29982403780900085 0.31641422239702527 0.3302585121785583 0.32681625479548815 0.35157529647642594 0.35973219124876843 0.3511219988619377 0.3571748665475154 0.3687495343603316 0.37748187212326795 0.4342177021485533 0.4506140268360596 0.4871695357018879 0.5128400560878613 0.5571328678694716 0.5952624828157868 0.6458237968267868 0.6605861596505477 0.6430069979355642 0.6495616422930777 0.724097801891232 0.7656380165423761 0.7440940863814796 0.7431077768399097 0.7620951574452751 0.764098030909522 0.7830278242336098 0.7876996899017319 0.7803818239184918 0.813270178422453 0.804349088345905 0.770487342561543 0.7956519329194759 0.8475157945797778
0.23350917728745862 0.2255164660351148 0.22101677641556963 0.21443358788143055 0.2251434292490026 0.24268111673218146 0.2789621170141249 0.273348956664355 0.29008564052149693 0.30630741500306685 0.32520774621577797 0.31748105119779135 0.32912451426653416 0.34484941145820086 0.3462299437382145 0.3515181101971938 0.3365150029785535 0.3756731718496782 0.3880740407379892 0.42068855344673367 0.4216008991320879 0.46608159004053323 0.4924443485665572 0.5203694662366121 0.5683716104802721 0.617242079113434 0.633253033357511 0.6537420498660588 0.6719017343781202 0.6833437043865935 0.7023324432089053 0.7352597762329437 0.7573326568048897 0.7430947162171164 0.7523945708960272 0.7417406594888805 0.7393325597555227 0.786818492501377 0.8014048894662301 0.7806360383076547 0.7833577028224366 0.8038189714496252 0.8056748536189111
0.21422771115234943 0.2179115839215155 0.21744927924182575 0.20286596287786043 0.21611249743821587 0.23569930149984444 0.2382393787816432 0.2898897909876817 0.30282115999405734 0.316485494876525 0.3337306017483039 0.31102340758736347 0.33513301791828914 0.34863315894042235 0.355941154945573 0.3575459118369061 0.349121502746244 0.3859675848375327 0.3944281684211738 0.3959539261563152 0.4190793983216622 0.45654108357360956 0.46823482165806657 0.5237373650243483 0.5925919117624705 0.6156438084420062 0.5955930215342684 0.6441467103238548 0.6418378815662753 0.652890243195771 0.6701870405544039 0.7137165634242414 0.73529363176259 0.7043389970819083 0.6895145849786998 0.6944719941748434 0.7183957975717664 0.7335488858201566 0.7516614188287238 0.7314110881994661 0.7632543197642561 0.7584603151736913 0.8023982404766367
0.16946725150272102 0.19498579859839907 0.18620586677693982 0.20352456726942889 0.2170145443136507 0.206881180381451 0.23147303393352384 0.2768699619790935 0.28457589968652375 0.28975674457427886 0.32231949669497834 0.30964535803825277 0.32876950960875345 0.33006594947096735 0.3679676637598224 0.36073760290160517 0.3710464175426544 0.3777642880518553 0.3663528945724013 0.3880345516571454 0.42589297143711397 0.46953565712860396 0.4873707591848011 0.552582710653787 0.5586740607140002 0.6041933456446347 0.6073526494598226 0.6374201092925293 0.6286342938311148 0.6675266931624065 0.6880848007471349 0.667843578597294 0.6824823509076849 0.6956559234517344 0.680669525361582 0.681434120285426 0.7055076902116154 0.7205311594406952 0.7291631088234439 0.7181494842493193 0.7215625322724151 0.7583125536100737 0.7726722654049489
