Raster_benchmarking/DGGS/continuous/raster-203.asc
NCOLS 100
NROWS 100
XLLCORNER 1743150.7086642594
YLLCORNER 5469294.587360926
CELLSIZE 10
NODATA_VALUE -9999
[rows 38 to 56 of 100, columns 0 to 42 of 100]
0.47979925409634455 0.46777322773638497 0.5138781692028174 0.5602395943395638 0.5673856352783895 0.5483717172081533 0.6047897342749846 0.6238177673065806 0.655185566842984 0.6624099279600005 0.6857366316182791 0.6714080047523706 0.6548246080569349 0.6407732835623619 0.6685877957409042 0.6274810253409544 0.6249450160216875 0.6239700153005702 0.6248812982682934 0.6648287846797553 0.6756236056943181 0.6670447800958859 0.6522010777208391 0.6489080714677792 0.6944036300062215 0.7196961168328562 0.7485970192351109 0.7059746316314035 0.7004246578139584 0.6727455097090578 0.704606351508222 0.7191579445430333 0.699930937367108 0.6980519382802148 0.7225484907447616 0.7057060325117682 0.7385140617583881 0.7621042340972533 0.8346706177974953 0.8405720419040175 0.8360902991940001 0.8514038797525884 0.8472521937169026
0.47940936202822954 0.43964784523552825 0.45127245520149484 0.47362983494460664 0.5123089844067626 0.5468322406400048 0.5394525352114458 0.5856300574056346 0.6324233415082404 0.6712793327924825 0.6671956864143685 0.6586574667221473 0.6550406446919366 0.6443298301862377 0.6251241600464249 0.6218125939173769 0.6662439843202798 0.6698452930866396 0.6906385473641586 0.6523177783193204 0.7147886760318943 0.7340807450957245 0.7027984896446011 0.7262676836284789 0.7352724468668355 0.7895517611644779 0.7498370026793588 0.6972554198117067 0.725423769332614 0.6993375733257605 0.7193852724946478 0.7403696202868529 0.7016732934602519 0.7436599697527249 0.7348229759026744 0.8026911779042708 0.8204555430777736 0.8056979929378599 0.800558462736861 0.8501041556063355 0.8493282318367704 0.9017703065284932 0.9131762506908758
0.4457014061869003 0.4787245439426541 0.4762443499645165 0.5084449390317745 0.5353087970491899 0.5437175029683513 0.531269347495665 0.5279759043357277 0.5685397785852221 0.6132777024501518 0.6692519819632743 0.6503976137835701 0.6338608407886791 0.6588769377806161 0.6585501966131697 0.6479209605915679 0.6918454906924039 0.7176423152248165 0.7204220433185713 0.6964864056499905 0.6971703754798771 0.7601932465025795 0.7742384773287463 0.7539116797189201 0.7860195923389278 0.7748104701851778 0.7496586551927361 0.7651507161917142 0.7481956589131425 0.7292753310610081 0.7690234202076909 0.7553828221940365 0.725024714472934 0.7695508264191524 0.7498413559221524 0.8121805627081704 0.8137306358756915 0.8081165244015939 0.8128450339079039 0.8354138621259967 0.8503639180985803 0.9190826712009623 0.9226019439320243
0.4164858714659125 0.47662191632619866 0.47890011649386865 0.5089443408638261 0.5382710115642589 0.5354348519046006 0.4956635966053047 0.5298959104639763 0.5422826200026771 0.5637031193431946 0.6361234827173894 0.6889870633314529 0.6909947567213033 0.6660999002362724 0.6613729629934646 0.7071827003330103 0.6886272806187307 0.6949369759453138 0.7429214212487071 0.760648201201475 0.7105300258814707 0.752784809444816 0.7611096376555534 0.7682571784055988 0.761570629445845 0.7408885946486379 0.7725680503330792 0.7622053697931422 0.7968739795057656 0.8018746303982381 0.7727013114336789 0.7778626742440731 0.762866539342125 0.7488904281666113 0.7651789804308117 0.7834043001181102 0.8319776010103118 0.8184570310341405 0.8699170230742246 0.8633529015174669 0.8501646365978854 0.8967054165585557 0.8939312278729067
0.41609085739347634 0.44267990726381173 0.4367200184714585 0.4660629884657017 0.504328796326415 0.5081342618834185 0.48492708619918196 0.5072984749534193 0.5073979172386199 0.563369836403164 0.5774813028952791 0.6282193380614512 0.6902724679715744 0.7101377787658869 0.7008880278977677 0.7670139016641335 0.760089034237247 0.7876762841294601 0.7828771011412329 0.7644622993030278 0.7511801456714634 0.7868044820878246 0.7993497999983314 0.7879514456926153 0.7500286284703731 0.7655538014504455 0.8160666979863351 0.8244159096846984 0.77923273199002 0.8401025067268583 0.8155774035593473 0.7798597761958646 0.7512837444112266 0.7409509623143626 0.7876012338598306 0.8088772045013841 0.8150502524194262 0.8195182278336183 0.880443192003491 0.8814144315468541 0.870410317777257 0.8426640914129174 0.8557443992077121
0.41186233312231263 0.4246365859761878 0.40788350180744926 0.4498992975444574 0.46427163200167143 0.47050118305881267 0.5017300839808896 0.5073864817626713 0.501907549224523 0.5223271673258759 0.5978147516594505 0.6591443058605505 0.7242601518157381 0.7393569191013349 0.7238038413096113 0.7800364746978209 0.7786283242103453 0.8330159542781055 0.8014913396904995 0.8009539076315054 0.7912793963758173 0.7547569947643294 0.7788276181347725 0.8177729365508086 0.7705672948831923 0.8000891393823047 0.8101030181573496 0.8360281542710083 0.8324061127946578 0.8375816429538454 0.8271054029454896 0.7821752365918603 0.8039835292610665 0.7979962542693584 0.8089482374558855 0.8258453659026272 0.8145232549202027 0.8817004643206096 0.8903085105410881 0.8427773423176199 0.8740513468259121 0.8702766044702139 0.8199651539063947
0.4305991346334515 0.40518379398604926 0.43113469181342956 0.44322318609241035 0.4734697167361208 0.4953237284124838 0.4626734536017171 0.5118533647331674 0.5634043098761938 0.561387922226026 0.5907129542851239 0.6359872814058136 0.6867167446803805 0.7148735544941894 0.7694871204188907 0.7924986299037959 0.8141740886001833 0.8002049691774044 0.8394595181697806 0.809002122171554 0.805486536544444 0.8043107306611521 0.7931666972972987 0.8062005712083699 0.8290025080734402 0.7890150418656473 0.7910699038398413 0.7962567789949867 0.7968137633853087 0.8110560521883455 0.793000539520668 0.812350504240085 0.7678461398226879 0.7707001117357619 0.818112799033136 0.8386179027876558 0.838315925022326 0.9013287912472439 0.8634120938071262 0.8418448350286731 0.8519227644087499 0.8151687914457655 0.8266873700862937
0.42865532699947795 0.3920910363252242 0.39830710578048084 0.41890373711953593 0.43405689388405944 0.4586718636599309 0.49812114937920104 0.5281648244108029 0.5661394387433515 0.6279342303294975 0.5973783794225124 0.6052421791078796 0.6768595192170642 0.7243048356928243 0.784509188628643 0.8027837829319626 0.833323994269175 0.8224265461490183 0.8326502261720975 0.7917786021076592 0.7723931886003881 0.7522976351501569 0.7877558531823391 0.7553912637880726 0.7860851039755813 0.8518852410333789 0.8204705203683343 0.7973186741338768 0.7614900597682467 0.7729097553994525 0.7973803255576765 0.7970637997901101 0.7574249246887748 0.7592157915088067 0.7713224179642156 0.8137505945440441 0.8334461793961635 0.9129375628930916 0.8719721980381213 0.9123958968613135 0.8690048828685764 0.8066940245105849 0.7881206359964755
0.45478330210422646 0.4239848163697143 0.3851152167080751 0.4322137838699142 0.4227177677783737 0.44975118618089427 0.4881365195096062 0.5578569403742784 0.5698486862602892 0.6120476807587865 0.646836288833079 0.6905282971220781 0.7040384196236517 0.6962371751193184 0.758781221653764 0.7497046527182557 0.8158937585689732 0.8363005701824366 0.8134175839303964 0.7772614474084157 0.7507863387870947 0.7431809391446134 0.7538089064768247 0.7420261388365167 0.79032681136802 0.825077978450488 0.7886952854737329 0.7727324313216941 0.7981736238729494 0.7709611274794642 0.7709846351513919 0.7842651267319826 0.7992085576956391 0.7946495397313091 0.8041031131564594 0.7989547799004006 0.8710356689704369 0.8829945453604068 0.8991026997845905 0.847496889810031 0.8096086843408071 0.8232043114027106 0.8265171218183313
0.4330421494663951 0.41854964673359096 0.40546022884611843 0.4310695092293539 0.4603721030010742 0.5095072643428342 0.5178005482304217 0.5773100270188654 0.5883493711671589 0.6452350885166329 0.6508728057072837 0.6909131613186615 0.67651686748242 0.6840454688550837 0.7277512569613918 0.7244466873581346 0.7868840325951663 0.7982765527746527 0.7795355644360251 0.7233608926945129 0.72334990399058 0.7037235317259555 0.7362757181930297 0.7353903810251343 0.7881397282572922 0.8424240064482763 0.8340900981285833 0.766481813820151 0.7459502728253157 0.7692610735215698 0.8096376135357577 0.7993319290453299 0.7611949181214708 0.7720971693955943 0.7561706300525379 0.7808518684642866 0.8414784428847678 0.8732970264937278 0.8429732327019445 0.8293916482592373 0.8228629083250095 0.8159359712526617 0.7992531517720876
0.4214471933738819 0.4567526609135216 0.45847479103671557 0.4668407227902805 0.46483943418726614 0.48927800270622934 0.5284808773659173 0.5654184057240065 0.5976980342890689 0.640259051321534 0.6897221354234366 0.7093701761662083 0.6706203448703962 0.6497861484113456 0.6750865876342702 0.694602832330251 0.7360658505479332 0.733748135563606 0.7508166824840071 0.7554579439512117 0.7356097972635779 0.7201002041514376 0.7122609991156068 0.7393463223641255 0.7630548410245159 0.8041989797596316 0.8325960841532204 0.7768276215154902 0.7718914663570624 0.7916482068464179 0.7767633468479553 0.7981461333132863 0.7760012528123037 0.8135076061660971 0.7923636952614798 0.8376147005448087 0.8308432644397759 0.8549654315059892 0.8367357864537749 0.8234919671089205 0.8659772897220553 0.8304621606813326 0.803667452479141
0.4014609631555068 0.45740623543259973 0.4249511839619066 0.40746827448476314 0.42250898239390594 0.4937900032403828 0.5008261415761458 0.5281403312030424 0.6017439206079142 0.6040315230798196 0.6507741722050366 0.7078870465647779 0.6774999027621726 0.6965590845645974 0.6774734372412494 0.6860572680314367 0.6571930969392448 0.6811604172603302 0.7120774706656177 0.706168925380532 0.7210896254762277 0.7293335250861862 0.7631232863944281 0.7607053141033686 0.7887499267943392 0.8078042844180788 0.8193355908265102 0.8144279229203816 0.8352037021567883 0.836788993174496 0.8276869910955815 0.772895529812535 0.7910843184544143 0.8681708515325371 0.8734615257860534 0.8709327755581326 0.8322737747776652 0.8365178048040779 0.8312552633769945 0.8816528564107639 0.8854331569288515 0.8375399082005998 0.8395717710158963
0.4183378766814959 0.4519457067380785 0.4047781693353376 0.40428789919281616 0.43687693201869027 0.49262752361972384 0.5114329843902653 0.513200234670192 0.5678156476344686 0.6319827420222212 0.6869742732468167 0.6662891026875005 0.6809985916208616 0.6601001474111852 0.6821984244458115 0.6585334416664846 0.6339812478775734 0.6501307926451754 0.6673371736062815 0.71164693467005 0.7359157777982924 0.7286331403600673 0.744547047775557 0.7469440983907477 0.7799093913092666 0.8242488024818773 0.8439454590793679 0.8614448830555778 0.8501872220274751 0.8593857711995408 0.8505997536162826 0.8634848961436784 0.8586750606801248 0.8360019692134589 0.8654698878958065 0.8395177805797398 0.8217009046130707 0.8257528618422981 0.8794334547446473 0.8527341144821788 0.853911738461723 0.8582082332320252 0.8845706982219204
0.4220410541446863 0.4346352294158607 0.4342476941753494 0.43881008739347477 0.43812246760584417 0.440132152626926 0.48875159863343787 0.5535130587770869 0.5904690001763783 0.6480635711480927 0.6903855179707584 0.7045859291321176 0.6824121993916153 0.702816729771073 0.6886431005937357 0.6199013800920292 0.6542313560472037 0.631518250294508 0.7038672304183361 0.7247743043261783 0.6989058183684856 0.6827287289701811 0.7357392048956217 0.7453434436593583 0.7966171593896508 0.8326380406467183 0.8290134141286997 0.820023173902446 0.850356602211074 0.8893703435507119 0.8575730703035165 0.8507534490591079 0.8590730774552051 0.8638074561226577 0.8538487638170118 0.8237429223786609 0.8679811922793909 0.8625214199002728 0.9132924678219226 0.9204571748085162 0.8939320841032159 0.8830107006866822 0.9018438037485949
0.39243770727425653 0.40252234878120885 0.43103567972953405 0.4373445430985211 0.43704357745217415 0.4665334397034868 0.5165889836442099 0.5338067662329099 0.5998338501706062 0.6087158138693488 0.6151978061974285 0.6681020100360046 0.668273338274221 0.6448166197171347 0.6808868750552202 0.6459533794421288 0.6575083220145598 0.652622675471594 0.7180513664842892 0.720153338416878 0.7499511125944124 0.7616472342102938 0.7447394502037054 0.7492179186004485 0.767793525091651 0.7889251072576788 0.8510416343365574 0.8340150481031932 0.8740446876232105 0.9073687970277391 0.8819815464542355 0.8560488509375903 0.8702616236400027 0.8988242890798251 0.8957080737940343 0.8337312136788677 0.8407156186617838 0.8504743164623286 0.8673924952928483 0.9227182729681224 0.8959835760385135 0.8996572969599173 0.9150981985530362
0.33656470647015013 0.36019829466819814 0.36948647725916567 0.36843774508989385 0.4267065660540306 0.43257988928589425 0.5094828189134235 0.5759341972532112 0.6128152098470107 0.6025544223482564 0.6225836145105669 0.5933846352440539 0.6178529758431236 0.6535860317674851 0.6605288243517874 0.6626581974039613 0.6498460187177444 0.684120028291107 0.689896954693165 0.7476342459382341 0.7534251279649856 0.7761407273583513 0.7655991659706058 0.7834427021070841 0.7966225497330829 0.7840908443254468 0.8188379812786936 0.8495108989429395 0.9094386829995945 0.9188071217823875 0.9104603750546619 0.8926008904687227 0.8974445534526614 0.8769981886982711 0.8975352920795396 0.892640353367959 0.8748641934405212 0.9104443839104187 0.8619454118939729 0.9036142844559776 0.8862598653833593 0.9208799087588899 0.8833357024083978
0.3414957652930711 0.35786217535723475 0.3358152746565003 0.34202486141747 0.36555952236892447 0.4417578711603923 0.4660784999920162 0.5397462368586619 0.5887848915861191 0.6121915830540821 0.6183575097116063 0.6120848312892119 0.6388116254237877 0.633360876242362 0.6689025075588209 0.6955533766147182 0.7020827176316584 0.7064224233318835 0.7146916622341473 0.7628135253945805 0.7520030063359634 0.7977140304783614 0.7923089187998196 0.7830698911748831 0.8363693650130537 0.8186254330806597 0.8109690588486026 0.8199204363978285 0.8747997083691678 0.9230023780511184 0.9008794244786008 0.8654505611115324 0.8760262196397035 0.8616682624605666 0.859270279233999 0.8374378254615585 0.8830845546105532 0.8910171032830624 0.8833804280143861 0.9248057019091582 0.9227182512307582 0.897233944243113 0.9150869317653041
0.28634661831502967 0.28354150642692044 0.29355349158158917 0.32980127119067587 0.355909692352441 0.4173978302182952 0.4432853383060586 0.4952578430930655 0.5868668636781359 0.5897677424940813 0.5947720050406048 0.5874958869005731 0.6351695103168037 0.6294818678942649 0.6840426174394131 0.6641952883082627 0.6827413676072882 0.7325949847016534 0.7570409362747129 0.7523993299674012 0.7762260562209082 0.8582383995116046 0.8097922860509117 0.8319845451629811 0.8395829816394041 0.8580446713251729 0.8385953843760023 0.8562030071061312 0.8505999570176214 0.8948215099815484 0.837547995211651 0.8390843843751136 0.8274417154872491 0.8213395830165793 0.8680717318355978 0.8333189730899401 0.8587176031551057 0.911957341385659 0.9027290125085805 0.9315440615498684 0.9453446889387684 0.9532802508566586 0.9527909604584279
0.2689578572414609 0.26285560358784876 0.29069221040645626 0.33689429147966965 0.3739820336992965 0.3619019217674408 0.4314038839747283 0.4853876522404853 0.5461205125333869 0.5848432393078603 0.5459101770452018 0.5382771163967237 0.5890193356652111 0.6008960702377918 0.6861559694543575 0.6889920104273678 0.7357208790760196 0.7565276204291167 0.7205335550874605 0.7363802531777525 0.8108402402671068 0.8301464389311355 0.8302938668525759 0.817767114018449 0.8214630035069023 0.8472858701114822 0.8448982966862976 0.8288239588798044 0.8422711252712385 0.8475733386485098 0.8321476971198123 0.8583420620326394 0.8220472040192727 0.8683233706855557 0.8521615627589422 0.8444785570524198 0.88367428714731 0.9164857250012393 0.9318843157608169 0.9375580663689758 0.9875176385807195 0.9672590062903617 0.9255770556862688
