Raster_benchmarking/DGGS/continuous/raster-171.asc
NCOLS 100
NROWS 100
XLLCORNER 1743160.0482628176
YLLCORNER 5469288.538335514
CELLSIZE 10
NODATA_VALUE -9999
[rows 38 to 56 of 100, columns 0 to 42 of 100]
0.7049605873808495 0.7223987582824765 0.727172677132781 0.7473007470874594 0.7979256788311175 0.7724544143485464 0.8117897487009454 0.8143886725440939 0.8542671546405306 0.8591131092641268 0.8526626824992453 0.878172772842497 0.912000992391015 0.9129115220070942 0.8903192904833818 0.8928949100340494 0.8601192956276069 0.8362202516777587 0.8266602794580266 0.7909252089391736 0.7882459949399814 0.7694629744443875 0.7434268359887836 0.7249715627728126 0.7722881829826724 0.7494283590511197 0.7111774956074775 0.7449068593199426 0.7348960864632352 0.7105451417738242 0.7139076147477942 0.6721742207524947 0.683228354126842 0.6705118491159417 0.6821196549454923 0.6805337089341345 0.7301183126948362 0.7316513979325734 0.7727531255565238 0.792492846603968 0.7927469465044954 0.7937676744018902 0.743044864263886
0.7386400056738867 0.7005345765869275 0.7122302993868358 0.7138555564562776 0.7712274241655541 0.7557891408501286 0.8083290235670824 0.8060016450485914 0.7977453014393 0.8661640352972076 0.8906334605843094 0.890924201962838 0.8984645727223155 0.9022914300406469 0.9050598589085426 0.8616910409730955 0.8515452200533359 0.8596527152011213 0.844953248475153 0.7947684662373082 0.7439639281425414 0.7480022858552555 0.7113482033319527 0.7002811582923988 0.7178030328609195 0.7322286764901332 0.7223755142245813 0.736504055482467 0.7580018054454807 0.755688832628747 0.7420926284313358 0.7138310293046297 0.6634960235669886 0.693853859369583 0.6903632565618458 0.7506945831662754 0.7789789210107251 0.779379360076757 0.7684295955330711 0.8015702282608943 0.8098221372595801 0.7995982527311948 0.7653158009430294
0.705039992056995 0.7084328987099211 0.7250715344650396 0.7162591265838656 0.7467384583963168 0.7676653464871569 0.7949978482774087 0.7635121459534042 0.8003861408412023 0.8350633339390319 0.8740769660474295 0.8491146280999097 0.8829743212612031 0.9137264785792228 0.8776519382701073 0.8808464101699959 0.8848209596677016 0.8525389706094839 0.8433842841849111 0.8155194819887845 0.7745806305768621 0.7717037770723935 0.722100245893318 0.7208405902719116 0.7129237163185587 0.6870033701888302 0.7079246053407386 0.7556257340949358 0.738325846838532 0.734098379944785 0.7453663415353746 0.6933174599957267 0.6768805010368092 0.7083159389082074 0.7115384829510768 0.753195830904017 0.7532220498100983 0.8115735326282716 0.7860898588525838 0.8047199989465611 0.8104626350388792 0.771873999827854 0.7647640502091567
0.7426593741789461 0.7231945137255801 0.7167980317256758 0.7180202165456205 0.726330923209609 0.7638971989392063 0.7396849942662257 0.780491869042638 0.7967479179996405 0.7933057780716226 0.8152573795493893 0.8650786136348522 0.8735172029879387 0.8776209067812409 0.869929559838703 0.8499184906832218 0.8737384054787134 0.8582627233428021 0.8067153161155804 0.8266922382039478 0.8000732793150005 0.8046957032965605 0.7717174243662667 0.7352288917823344 0.7044081994496871 0.704806072675418 0.6910511783774949 0.7616883789458838 0.7627224059938871 0.751770055692237 0.7338244519720973 0.7019051531126627 0.7073112428445465 0.7252903960192314 0.7431174015042381 0.7342516802448041 0.7767166433209441 0.7960197843061335 0.8210963323785808 0.7886014038839575 0.7699975396088462 0.8055000699079421 0.8035399079675418
0.7091147871697567 0.7454288774323057 0.7173169788609208 0.7232803417089761 0.7240453284223408 0.7476734917017576 0.7464453242773823 0.7727724674719657 0.7663269410277304 0.7975051927255059 0.8072416094306415 0.8244701542392011 0.8383076008357131 0.8261000306773933 0.8600712265311249 0.8644176373022247 0.8535528439106154 0.8473712806171602 0.8633676548559691 0.8254929368982876 0.8148802275012095 0.8036801773843517 0.7388934963743851 0.7274286251846022 0.7418776679291805 0.7016304770847226 0.7243651929962883 0.7456101271394215 0.7389706870015063 0.7131912639263324 0.7197223594558411 0.7215645018000855 0.7308917644230072 0.74090731756418 0.7557919868072681 0.7584251244016019 0.8100762172880808 0.7978293771184144 0.8390845847615684 0.8318465690006185 0.8084234473861808 0.8166145622995532 0.8140064765353209
0.7217788433109724 0.7276931151353115 0.7528152358940174 0.7573937490072685 0.7571074385259571 0.7366908238854987 0.7381350969677167 0.7800645664344983 0.7922970118687003 0.794061716917845 0.7847171751244759 0.7980996380281872 0.802572402603459 0.8119047795138732 0.8571331813780564 0.8492557728463072 0.8127475267856267 0.8370835033774201 0.8661511846670208 0.8156703088150016 0.8294079576498675 0.7768409639994408 0.7378585619305598 0.7114106520414802 0.7397336908113373 0.7442297771452637 0.7414018625768501 0.7100464706542108 0.7137231878805912 0.6854958823083198 0.7007467826865513 0.7091621722665589 0.7564789000478823 0.7367868134850143 0.7660937253854713 0.7738531970488882 0.8184149227240058 0.7961621950762352 0.8254653054492443 0.7958809699148663 0.8146598491631888 0.8456439804139662 0.8557529510771612
0.7020328935383497 0.697438209733249 0.6940306030465604 0.7115893645851009 0.6893143282249358 0.7061007251826937 0.764138919168315 0.7892021882081184 0.7613061686589256 0.7580557758363153 0.7633468299155827 0.7437475742361532 0.743353114117798 0.7762431543642561 0.8276057689353408 0.8193458217952279 0.7981630667122701 0.8320633585901398 0.8564177994340506 0.8390602513500248 0.8237724487946027 0.8022150801178106 0.7515978974621668 0.7291384865983972 0.7161396084493559 0.7301786828862159 0.7310137504116387 0.7146279661826098 0.7362425621643665 0.7104595424863116 0.7528623593853652 0.7484498976040416 0.7429802091098768 0.7359946252608226 0.792372982874165 0.8256380316164615 0.8391792854540099 0.7962189336078288 0.8064092261046065 0.7770492737307652 0.7663430474833965 0.798878188204297 0.8247920855108751
0.6467791402354557 0.6471298918374365 0.6889021538285593 0.6956428529439249 0.6646967353780899 0.7042767290146776 0.743825475793687 0.7558746443690016 0.7775805121949413 0.7615300626155413 0.7465260668782588 0.7477100260147895 0.7243848166697319 0.7740115354526024 0.7787351458679102 0.795351654314218 0.7980547489214213 0.8173902397178554 0.8424613143485847 0.8060520472974758 0.7680127486334314 0.7510754104140303 0.785107714201373 0.7630928886761603 0.7123351708652057 0.7369334743193828 0.7009344437071827 0.6960742152312666 0.7616984688680084 0.742374849468293 0.7506683813230273 0.7319377665597472 0.7291930236138874 0.7647392576620105 0.7857495657875978 0.8011054802527429 0.8468223856435457 0.8231494409752445 0.8008212270722282 0.7666560395998575 0.7642636910860113 0.7660255588185803 0.8007893032287825
0.6301527898647218 0.6553824487552844 0.635741535992765 0.628387671562338 0.6482001283917925 0.6943884061884048 0.727613592812324 0.7249805075124384 0.7366376326354944 0.7403976350620682 0.7143852502243889 0.7225335045156231 0.7523617847557563 0.7730367872378786 0.7973476792033306 0.8008872465728835 0.7985316549834726 0.7991418281854094 0.8054677871383696 0.7954256840229649 0.7503828829520628 0.7376077656625414 0.7539096019966809 0.7698064700578792 0.7513992852815704 0.7241678400188712 0.6710951685355572 0.6964099430339945 0.7156468899296085 0.7189443925900467 0.7533492453507342 0.7440540285516257 0.7836884217752508 0.7891108390870005 0.8161812130400075 0.8393705169036894 0.8617508695263416 0.8193851608943344 0.8008464666125653 0.8225435769318625 0.8165189614394157 0.7862479775936713 0.7968777060045705
0.5688768122757081 0.6177369561279532 0.6153061307686414 0.6214220419535544 0.6301030973172512 0.6897134781412674 0.6955516596572756 0.7084615043194498 0.7311247616377095 0.7344733248266602 0.7473971003737357 0.7609143591540071 0.7406040622961668 0.7369098193847304 0.7451425059574465 0.7596133719047166 0.8163031609432094 0.7902047341936843 0.7951093994358819 0.8011445184090655 0.7795349189581615 0.7436366142009553 0.7211907757265064 0.7598602476137746 0.7668557891525508 0.7291175000064312 0.6710891936699188 0.6805736224178254 0.7038715860191592 0.7361748873932581 0.7541305454821959 0.7637721324640839 0.7683249040217716 0.7889111547826924 0.7935451646572529 0.8059511954587545 0.8360922190763522 0.8238076872065816 0.8430488441477098 0.8533366790843967 0.8196769245322403 0.8131387321473806 0.8631605095113208
0.5473894264657113 0.5802430406005584 0.6012487257501756 0.6201003997370643 0.6212823316825523 0.6580568654896961 0.6887002588551878 0.7408994357751602 0.7155416239002931 0.7496997053923177 0.739549709457874 0.7664958647228943 0.7590261756207445 0.7330106538043452 0.7468017898327303 0.7631144945544577 0.7770621007291719 0.8040364154206389 0.8086397300763144 0.7815710911025019 0.7826138365422932 0.7748240504403495 0.7324498331551944 0.7444649842518467 0.729907534515126 0.7203131725789886 0.6690339733032046 0.6701162823108826 0.6981345584540857 0.6893778012183817 0.7648030022493196 0.7847613754200217 0.7669709715746522 0.8088077346789668 0.7853408631222566 0.8112686442626817 0.8497087884327467 0.8288077502219908 0.8296610538399505 0.8540337625024839 0.8449091234672829 0.8366836192344455 0.8358415487003057
0.5215151788033521 0.5479793666614667 0.5593896555037128 0.5736369420708188 0.6142226920307965 0.6445562892546711 0.6895628631884704 0.7074997311956712 0.7440348589417675 0.7265182270905339 0.7712868486747435 0.775365996413565 0.7512321806331305 0.7250952253248105 0.748089023514609 0.7407416740138444 0.8206254379183753 0.7976480197125206 0.8094687678123568 0.8253819042311028 0.7938918600211543 0.7938800428709288 0.7370121594067466 0.7587718383801862 0.7115494204445488 0.717794292655434 0.671656409731648 0.6831969082135507 0.6549088709559673 0.6993362612787375 0.750137168056264 0.7899357523661976 0.7884428613542813 0.8137439565209728 0.7837180109127553 0.7890518213796208 0.8442281776848239 0.8266869237217678 0.8389514855459889 0.8490806500430254 0.8610065991138866 0.8502847668840037 0.8376085259918111
0.5394946499481486 0.5702153445316199 0.5656973319535965 0.587417442491612 0.589545676429937 0.629950730042621 0.6660019713037898 0.6884889479412885 0.6845877646957258 0.7135452954331183 0.7614580731452912 0.7312143482229523 0.7596422785664078 0.7482860817940932 0.7559725861123464 0.7399265015863696 0.7670415727861827 0.8011089633476769 0.8191385306158651 0.8081579494920952 0.8201251908361367 0.7699175611627789 0.7350108989337928 0.7377302001969694 0.7020659386096881 0.6712654289930614 0.6442716027955994 0.6658162624964755 0.6654890778810031 0.7082932055525554 0.7393419147591317 0.7764390279676717 0.7605155009740439 0.7855251991070762 0.7736026373777392 0.7882990097613817 0.8330625908601129 0.8303607189466314 0.8253125846244674 0.8640481367859862 0.835245805383363 0.8381130634316081 0.8518356012331572
0.5891808360880859 0.5633262722970263 0.5994859116043828 0.5556879549669878 0.5395059539029843 0.611041488235354 0.6787896874969445 0.6920393955765011 0.6893450589787211 0.7116660925793532 0.7393762422481646 0.7543626204229293 0.7464494432505321 0.7494640999661897 0.7104528670176798 0.7139625494779336 0.7578545774593493 0.80731044430948 0.7838585176252516 0.8171420507497861 0.8302556824390374 0.7769052200598492 0.7463576870073113 0.7376990716755271 0.7448510617150039 0.6708010425836963 0.6623790988033731 0.6731656561042547 0.6525936262476798 0.6846971197891984 0.7644518422668625 0.7741676425697633 0.7784738835241514 0.7565068422894908 0.7684627174766273 0.7910215645868491 0.8056646505873027 0.8439014031507741 0.8565912321533515 0.8185745845166613 0.8308342141089332 0.8648827955860683 0.8515493058646633
0.5821450510599369 0.593563188481043 0.6200437989100459 0.5922182501152682 0.5495189421266881 0.5785332402918837 0.6564140470368727 0.6551209366695686 0.6687493311496757 0.7022809412270755 0.7377745557577295 0.7283780462131098 0.7582912471138904 0.7331997958470445 0.7483463582993932 0.7478158147147377 0.7762351205561493 0.8200126766301413 0.834713780340806 0.8175846392553704 0.8421681671972052 0.7952390237958986 0.7362716379066037 0.7471000043566324 0.712534100186133 0.7010560687682306 0.6693452823533539 0.6440725349397658 0.6583650249853142 0.6960964839885653 0.7045745833518338 0.7429523186297647 0.7334707020557737 0.7605175365431771 0.7888005838788036 0.7799368540094029 0.7880017303479248 0.79947760025853 0.818307643858135 0.8247799012523347 0.8561215455743061 0.8791503988572757 0.893255233860834
0.630205844989661 0.5719153771377433 0.6076327524159788 0.6004338237352617 0.5847444376257014 0.5690600840154302 0.6172006236016678 0.6496623519364868 0.6620084853422324 0.6971202149650702 0.7559337032916399 0.738311757112727 0.7274948578635361 0.7520364541911562 0.707607953490316 0.730109370249662 0.7976389547790329 0.8359273607678417 0.8394692052630429 0.8137141272174602 0.8263406023833139 0.794762673615278 0.7363887192445413 0.725506826026606 0.7258575482048971 0.6983861074379407 0.6508915890444436 0.6332658628269416 0.6949990462791671 0.661287281833021 0.7124778744386666 0.7013503256320366 0.7096981601932483 0.716924972886665 0.7578700454590764 0.7661400729003125 0.8334508382972682 0.7888175069689838 0.7996524469964347 0.823951406765936 0.8493337866630024 0.8577148943177846 0.8798309475738121
0.5773029537293842 0.5608323936957614 0.5533222772980378 0.594644992370492 0.5890735404476887 0.5852539444592629 0.6243159772281007 0.6818249019384185 0.7043713079198155 0.7563222391207458 0.7513380303736951 0.764256602664177 0.7388239077414521 0.7373097441129467 0.7297360250676928 0.7723507490922185 0.8046973872382509 0.8276449607942248 0.8227083817824979 0.8098773636061272 0.7997077783710462 0.7571361592059604 0.7185555262638398 0.7330340865725397 0.7259967472383139 0.6599718995291298 0.6475275753015167 0.6399033191477479 0.6724682666834971 0.6507106597822411 0.657782916928841 0.6942575012663171 0.7065332429150049 0.7377906081764098 0.7634837725787003 0.7923603087374124 0.8344931703007357 0.829179316658244 0.8280478952091465 0.8374469426349538 0.8494279837978793 0.8833106925430557 0.8833145588404618
0.5686066489367515 0.579758980144016 0.5415225257643149 0.5556571070362201 0.5672774564026598 0.6266814028495261 0.6584229634707768 0.6914695325138926 0.7375703507489565 0.7393675682020677 0.7697745033592833 0.7436884268936513 0.711765403526403 0.7159809077206969 0.7162154923008748 0.7408683674707708 0.7745417823336955 0.8014568008613985 0.814549672984419 0.8011948684968245 0.8147610076114604 0.7361987992603765 0.7178484910636896 0.7152391603983 0.7184823007152973 0.6843310512891079 0.6291962499165058 0.6298596066861673 0.6410563706487007 0.6646746225757217 0.6519905715218087 0.7040399157602624 0.7406064773774921 0.7517171220079824 0.799131708840758 0.8214501075772965 0.8425757201839401 0.8490754920297509 0.851966994856906 0.8276163039734314 0.8564507449276827 0.8711583501501738 0.9362927321697462
0.5980600498348447 0.5935252929039646 0.5462957362108954 0.5750895321758345 0.6067476849097662 0.6507229682247394 0.7084494807285154 0.7187795732488821 0.7277473280143971 0.7311219915555585 0.7371513262078625 0.7488995470253632 0.7445226213863037 0.7213500992688154 0.7329036254551967 0.7648047814986618 0.7768910726556175 0.761357187713161 0.7691072318458698 0.7872096252781997 0.793605693905688 0.7534453939827724 0.7408251538133285 0.7190009537843977 0.7068020440772085 0.6853053962952765 0.6449936827371203 0.6285279223156547 0.6339883131691509 0.6451742579874468 0.6362199190090787 0.6835489428214836 0.7131417022517419 0.7406447150647898 0.742376726643827 0.7690735867454023 0.7961480519920795 0.8003601674054596 0.8075905293492784 0.8204585882196859 0.8670916849521817 0.8790780683134876 0.9265798189170785
