Raster_benchmarking/DGGS/continuous/raster-411.asc
NCOLS 100
NROWS 100
XLLCORNER 1743150.1186593387
YLLCORNER 5469291.629240333
CELLSIZE 10
NODATA_VALUE -9999
[rows 0 to 18 of 100, columns 0 to 42 of 100]
0.6139938676545178 0.6206575272145542 0.5970883175280997 0.6000708748304382 0.5714336882383365 0.609113892934612 0.6139629813285892 0.5918330792192714 0.6101041930356673 0.6346281768208364 0.6373612449110473 0.6689306098995831 0.6519504268767587 0.6811754052301553 0.687512645612256 0.6418676555798831 0.6499491976896624 0.643436957255411 0.6536722925642868 0.6083253095050589 0.5884926674372433 0.5859776735634913 0.5643151493006822 0.5800944948533411 0.5905323332689989 0.587737516802765 0.6003866671960603 0.6086499642412182 0.6023321032524916 0.5885587939210646 0.5874970674955802 0.5317901129383944 0.5437839631109678 0.4976525448488007 0.5208263190922 0.5417896716807965 0.599293127743242 0.646811151933543 0.6626910957045627 0.6836894125615139 0.6812091019503033 0.6673394932723153 0.6641896655762155
0.5920692377011182 0.537027882239246 0.5381361110269401 0.5439408232921412 0.5391033134791742 0.5979839886089188 0.6067736506890942 0.5779359306182742 0.5900279192139468 0.589468459120759 0.6473483671296647 0.6609850765307511 0.6343436887208331 0.6590645619951434 0.6536249222317689 0.6844227864171349 0.6807599826980623 0.6638425565696624 0.6507707499934335 0.6329786760339671 0.5778330637145219 0.5690068052779013 0.5944494846230398 0.6217958281008418 0.6278500784872603 0.6147470239943567 0.6080598347923742 0.6481215887495414 0.6258994434257228 0.612538973288444 0.5735034819999033 0.5366206123878762 0.5402668418181107 0.4980914006927073 0.5416272015826671 0.5812467768735716 0.6238743585028957 0.6230013141650939 0.636982056786563 0.6777520049221901 0.6794783454978478 0.6897530325079756 0.6712921992654878
0.5688846579695348 0.5236543210750605 0.5204074438331017 0.5273133214357706 0.533943128544445 0.5679097625488142 0.5944810703326067 0.5796485695325166 0.5693218492563558 0.5594050534827599 0.5983620438595127 0.6146565848008699 0.5994392945837703 0.6369241493135176 0.6384857536320876 0.6688571167587535 0.6650268817291011 0.6603095274128608 0.6257264972407779 0.6487975543247159 0.597457016706924 0.5789425291852941 0.5626798656809059 0.5982082417005485 0.5986011789383385 0.5954207810685943 0.6183019049146283 0.6254920269161218 0.5970092633629699 0.6052540940122704 0.5731159150037868 0.5060575215163146 0.49630616921060566 0.4869049532949753 0.5319054587787001 0.5640517651006954 0.5983934199490125 0.6392889173112228 0.6402303307473662 0.6171075105279242 0.6278211321196568 0.647785020341615 0.6625626188849301
0.5608509968188105 0.5603110600631649 0.5458080049137023 0.5317270642823488 0.5668526712331525 0.5584320926226223 0.556604038036515 0.5917999036104621 0.5789064344260334 0.5210912839976256 0.5302314046221842 0.5563607874886081 0.5523862600980115 0.5931459575039674 0.6219166841486455 0.6120759680010108 0.6116618110716256 0.6206341466573362 0.5971038915745462 0.6326031371776933 0.6065636345421588 0.5814646807187177 0.5490976132647069 0.5778665072751124 0.6263343733917778 0.6419589628834088 0.6583579805416415 0.6298579885630682 0.6118603019833478 0.5857625064499798 0.5504681448748595 0.5075902006579228 0.48763078059130693 0.5010324005122183 0.5389916570105753 0.5697969234879434 0.5677715569855935 0.6157081345801932 0.6221884342621494 0.5939314938243551 0.6020960747868206 0.6350690454462286 0.6384796697208046
0.5292184445024991 0.5282941856963689 0.5578557215279814 0.5280790363169807 0.5502255386745112 0.5544117122796189 0.5667575309656383 0.5465699162112074 0.5445029764116488 0.523195493017941 0.5354831524296465 0.5560883118190716 0.5507321577595015 0.5375081182763483 0.5482943598658759 0.5863396856668406 0.5812240600735205 0.6091312761452985 0.5895926591582884 0.5851264925696156 0.5913642936631419 0.5740264964964744 0.5704899450401429 0.6055591441154089 0.5906181815815532 0.6415416968203393 0.6519693653654882 0.6100220975183114 0.5880990124350273 0.5574465993094688 0.5267045629762735 0.5343543027915609 0.5155082005172144 0.5059708075114234 0.5373018469522732 0.5586604091755156 0.5748246447896622 0.567192136961733 0.5441545410165304 0.5824723921204913 0.5819367677057071 0.5801753498340884 0.6129748348328563
0.5384999735808518 0.5048968622749668 0.5392049354006755 0.544158658074561 0.5978217530709073 0.6435226873687769 0.5783843247615783 0.5668100779128493 0.5372536725341129 0.5057753164794102 0.5363598424576203 0.4963416206455644 0.4753698599370379 0.46066318890898256 0.559237352638268 0.5779650175346813 0.5857707059485017 0.6024155552377329 0.5655653712471229 0.5616018172238781 0.5975801162253422 0.6240121519303136 0.5829388645641608 0.5923355707908388 0.5852826146374948 0.6463839565395116 0.6529918449637143 0.6215767893110584 0.592948868980269 0.5176217980621179 0.5526117530411887 0.5259125658391853 0.5342318470115589 0.5055114608809478 0.5345633113484282 0.5468314237738814 0.5599455369097768 0.49878169831646435 0.5581320767275451 0.5722596275126126 0.5787091822119492 0.5368922662590281 0.5548217346800322
0.5630130398030011 0.5107410566556329 0.5234483550202952 0.5734566000555097 0.5846840067236215 0.6087553687821425 0.5577530804184107 0.5224612167794402 0.5239231358948195 0.494258788749127 0.5032080206017433 0.524956129330024 0.49556009774369186 0.4889966480181399 0.5570307646106507 0.586732383017784 0.5644740361941505 0.5263408657338376 0.5370861127490533 0.5503988978928458 0.5402980542483533 0.5289622081527726 0.5548145049965353 0.5954847662724919 0.6141795617624409 0.6048803838919787 0.6021055014773911 0.6132386300066107 0.5595307106339297 0.529709915229983 0.5626378965867394 0.5327422873111697 0.5445504562554077 0.5316458911235846 0.5559451878906712 0.5366114735369565 0.5652326920677544 0.5338506547067311 0.5271856439309054 0.5294303375807212 0.5542647800424558 0.5639295197547064 0.5638098014434554
0.5456542192295468 0.5178349030207011 0.5242370330711366 0.5557957877105602 0.5781193561367496 0.5524373291046047 0.5476805688493506 0.5380626594229184 0.5029620453713023 0.5125838702490335 0.5394292034236332 0.5333709383169765 0.5328999236416504 0.542525558664045 0.5279365442111585 0.5447629356127411 0.5253523718395903 0.4802381996735478 0.48608112698707884 0.48732433530267105 0.5157073577654595 0.49362686391301563 0.5040477978632644 0.5575680819705623 0.5755130025580599 0.5985599687668919 0.5734081878030004 0.595633578171698 0.577815292604422 0.5830479108021277 0.5753798743935576 0.557697723665339 0.5712442296349429 0.5160596511706914 0.5539494665726419 0.5689997491755404 0.5790680634581543 0.5489018197724018 0.5451346090784757 0.535370782045238 0.5415734127304406 0.5778091661571407 0.5717606470887732
0.5601662755408477 0.5701257820669694 0.5720897571567283 0.5845668675347478 0.5495753803397225 0.5800533586521706 0.5632463689700399 0.5183842282648727 0.5250141672588109 0.5608058281039353 0.5327310489411149 0.546516640974161 0.5439681452671906 0.557171037317898 0.5324869278516301 0.4874458591699735 0.49590116003720713 0.450188730734597 0.4473158426851484 0.4909323374886019 0.49560912827682574 0.48183354874225365 0.5060905123268729 0.5605339209228348 0.5840169681309694 0.5707224999002705 0.5996784115620365 0.6025679913045896 0.5726948003658878 0.5781458088469046 0.6078830645878913 0.5687247092592224 0.5674486318765654 0.5367291359980053 0.5637908297545545 0.5530271269852678 0.5925370520524257 0.609098797518157 0.5878447224996111 0.5763950822620663 0.5553960854699821 0.5963448868183351 0.5869282580719698
0.5838973591304164 0.5527206145115464 0.5797843481176468 0.5925770806231314 0.5735338853933407 0.6014651980492657 0.5760068096858714 0.5464233209233436 0.5239521278918449 0.5720658945124284 0.5584322354140724 0.5418935595069903 0.5269807402936808 0.5188818388283917 0.5151258800746654 0.4450917424671526 0.4615171967185952 0.43076514133114324 0.4363872098721482 0.4896027556796892 0.4516004318536572 0.45532746796682017 0.5133292541038613 0.5051301910084806 0.5570696420126968 0.5964854340807215 0.5567228280355255 0.5680438350475804 0.5541627031739249 0.5971651546571247 0.5960516310073597 0.6193961255592273 0.5948180177135205 0.5522182384724291 0.53516343529382 0.5436297422964034 0.5998701059636823 0.628068795074779 0.612312791589242 0.5734858936960046 0.5902145349116255 0.621299462679063 0.5972758031306201
0.6284695220255323 0.5818734008640762 0.6066874945908767 0.5855885483879242 0.5864532707552171 0.5817347915324279 0.578616899929943 0.5506956679402968 0.5444727643956733 0.545715135767455 0.5800004626158978 0.5779645846110131 0.5459124046198395 0.5185731020647847 0.4615072732653495 0.4643129902031081 0.4450470849929494 0.44272181201493693 0.4743953446657287 0.4781940671456115 0.44647843174837765 0.48281427730160875 0.5168101473310074 0.5192451007428649 0.5593646691537577 0.5735974668164922 0.5569682378062795 0.5436038022741562 0.560604522510729 0.5564523880216836 0.5852788605367606 0.6220225146903167 0.586573413989212 0.5671847533874708 0.5548204374205353 0.5605250517269662 0.6053919057442941 0.5965711647965165 0.6021522701608435 0.6301567159394014 0.6155480881613251 0.5997732951216749 0.6117019620544821
0.6082582467320676 0.6247041587411514 0.5841896161559959 0.5831727761535153 0.6042147405794991 0.5594492827944136 0.5861867481057852 0.5732863169855936 0.5613408230894888 0.5721409720568841 0.5802870547322565 0.5556504582505457 0.49828219988308775 0.49784365672854775 0.471510767006352 0.44225986669583406 0.43795037785308427 0.4392647339747507 0.45027628434503186 0.45157718046530615 0.4697309087796337 0.4608015288320993 0.49527239579504956 0.5450194517282642 0.5355251678227064 0.555462009668978 0.5646321467132445 0.5845317661498983 0.5760754312692232 0.5730908395012663 0.5637230416204453 0.5985724475529456 0.5459945563527665 0.5476450197228059 0.5316973689644697 0.554245453804357 0.5805058125084126 0.6304989212915973 0.6354007989785635 0.6361689059670579 0.6176725753524853 0.6276572187425183 0.6498717167599218
0.6048010888415631 0.5895131469245106 0.5887361075827742 0.6130716143605395 0.6025185526825505 0.5509611821103281 0.5673914532163304 0.5778289002393107 0.5475138605459594 0.552963248581622 0.5242406135283011 0.5175597521291323 0.48683817193556117 0.46779381805155346 0.46993711228235135 0.4451231139009274 0.45884413033150045 0.4619197731618195 0.45049769886622487 0.4579614018664188 0.47321656078181246 0.48792874119476776 0.5083712760817471 0.5544469077208249 0.5262040598642167 0.5474842378166874 0.5858396692979594 0.6047255526275654 0.5950065536493887 0.5554705536542048 0.558930128995533 0.5397146259642296 0.540309732056173 0.559557630764073 0.5637235313842949 0.5824777262317289 0.6349203388407492 0.621563240772211 0.6382415251208132 0.669582149367516 0.6599560853120096 0.6735212150715727 0.6207935223933067
0.6451288846412606 0.6440579737940242 0.6332824075713995 0.6001381458814397 0.581013099395114 0.5740634935288149 0.5687166139809778 0.5372174101884174 0.5286619562996305 0.541858446127282 0.5129770629864399 0.49717528848944204 0.44018426067567895 0.41586467227291085 0.43572979051352434 0.45285976381222826 0.40553298260653253 0.395455499403856 0.4074775739956758 0.440183741617728 0.4578639442112821 0.4629969879721834 0.502693193618257 0.5365610588911125 0.5267361800181617 0.5566411085264327 0.5917583255751587 0.5682107199746905 0.5746594387383238 0.5813852853263268 0.5559797152336601 0.5296761749135831 0.5147949569224525 0.5175364967108781 0.5819493933444556 0.6003012193842194 0.6172397374935503 0.6571807873156382 0.6689949386889722 0.6526724358554943 0.6748363864021152 0.6800114471737991 0.6380934672301161
0.6184371567405387 0.6297761242766202 0.5952966106154769 0.585078064512323 0.6035482897908528 0.5881370548915305 0.5808281265480868 0.5434897285685634 0.5671613815130256 0.5692784129545022 0.5335837576837976 0.49120737421489613 0.4597313505793775 0.43791721921306354 0.4302816900310856 0.41625603542926376 0.4135055895986458 0.4124431636688606 0.43802790998017127 0.45310475353170165 0.47005312617739525 0.48108861364568384 0.4903261307258412 0.5299756061546506 0.5398656548212598 0.5414069710981023 0.5728961159666188 0.5685958688173389 0.5548463083466526 0.5963394885285686 0.5758485843006678 0.546416090921512 0.5453171073208886 0.524827388652249 0.585025970261682 0.607774892231685 0.6228984666569979 0.6502237281045868 0.6216798991814706 0.6305944633043593 0.6616468801416577 0.649733687355494 0.636739981393716
0.6257862779632338 0.6039327114479964 0.6024230364386118 0.6199859823176646 0.5739835002738777 0.569161258128345 0.5563928237386414 0.5521051231786284 0.5632541910139616 0.5726378923520236 0.5421070931542521 0.4907293002037061 0.47623349646480057 0.46938731517081855 0.45824024079165476 0.45061400005627905 0.44790903611124394 0.42688009898347257 0.45639699353684926 0.44661144099493993 0.5123364201962105 0.5199385892545914 0.5188583221469129 0.4831902909630003 0.5102155965985126 0.5306884269644779 0.563936268957757 0.5492208451041094 0.5633885936642521 0.6075331700517255 0.5722397522266441 0.5275956661939498 0.5321763568911562 0.536432018612572 0.5645798304634472 0.6085670671152733 0.5927014427223 0.6160706601678926 0.628397160436477 0.6295777321716187 0.6059287744050487 0.6341103366259625 0.6019127716726111
0.6129802098002549 0.6197027634488724 0.6136058080400407 0.5950649132383026 0.5718976835720032 0.5425994547375445 0.5502276118733284 0.5553560944580027 0.5900651984688854 0.5925731174848172 0.5332514509388964 0.503866975506086 0.4658230265892095 0.44379066813370144 0.4483433096831188 0.45467886216589926 0.4566710465668522 0.43985565351735006 0.48499080251858434 0.4935959975970039 0.511327714109661 0.5396942829377365 0.5138342249918585 0.49497734816386213 0.497395858686723 0.541690472382723 0.5215119455029594 0.560229839126683 0.5613878825425025 0.6037846272297978 0.5807706762821596 0.5186827772261933 0.5132443873295776 0.546219073045238 0.5635185966122125 0.5806933329464504 0.628397897001164 0.6294081413139058 0.6238257635871101 0.5793773313022255 0.5963917853965376 0.6396856796039634 0.6272513159446157
0.6285489150610529 0.6418429414573982 0.5981748982803176 0.5757777122503621 0.565829660321396 0.5653617190826279 0.5672324246345215 0.6205070740912092 0.6066700580677251 0.6041887399710609 0.5434141054985432 0.5004633217995855 0.5115848962755971 0.483712353862365 0.49049114689418416 0.4852040890577411 0.5109782125026644 0.49131339725221845 0.5049034151315427 0.5222865223443007 0.5483033021986383 0.5319377958208286 0.5103408129944923 0.5210833264787376 0.5287022664490874 0.5463389176815805 0.5591483532097128 0.5495203553605237 0.5963878052512946 0.6380632411549222 0.5734546385430411 0.549805720992241 0.5461986952873326 0.534127732961949 0.5675174686770627 0.5578932910245842 0.6043692477896015 0.6390684043129308 0.5913086032373478 0.5684402007028251 0.5845287591848554 0.6093325624868451 0.6352171069387446
0.6133593260799811 0.6076165315881467 0.6128588125993216 0.584562372390461 0.607793805992404 0.5995633700098808 0.5772585027622364 0.6158134962886466 0.6086976171978209 0.5803928810819917 0.5771954878655986 0.553835356910752 0.544011665948554 0.5443228699507836 0.547923795517341 0.5397641808796705 0.5248861891806835 0.5054510744506535 0.5099586919293037 0.5297378785978472 0.5573926926777462 0.568084295412597 0.5589617742304248 0.5780327909126669 0.5429583911106868 0.5661174986083611 0.5485597926729618 0.5790306542530484 0.5868590039641042 0.6476606144001453 0.6288835113770438 0.5711977264462927 0.5495688250447691 0.5316551096607924 0.5701508833614222 0.5984011027151918 0.6048563089810386 0.6016695369346454 0.6100751637007104 0.5678743541489866 0.5473334765780807 0.6006624140177412 0.6002507417641157
