Raster_benchmarking/DGGS/continuous/raster-299.asc
NCOLS 100
NROWS 100
XLLCORNER 1743149.6283134827
YLLCORNER 5469291.928272312
CELLSIZE 10
NODATA_VALUE -9999
[rows 57 to 75 of 100, columns 0 to 42 of 100]
0.9398465562180082 0.9341969964157147 0.92787365193451 0.9132885279201276 0.9129790540838354 0.9130779839688173 0.9014072609902817 0.8961949165359263 0.8720655396642161 0.8836131001518759 0.8484765473451275 0.8081442658344117 0.7422786861224727 0.7369363321780245 0.6962154621450849 0.6926908538517897 0.7123297484592526 0.6946088198917794 0.7003361149984565 0.7133581796235299 0.7590843442159666 0.7578073189894358 0.7572941004900781 0.7688160256256859 0.808911777582297 0.8082942287557286 0.8002768513307289 0.756730388220917 0.7784490240405343 0.7712427690459691 0.7685444882757041 0.7684787285177825 0.7708955555243944 0.7895425809840538 0.7804662544779579 0.7557472798942614 0.760807234831236 0.7349614954972409 0.7197974865811149 0.6732935427273464 0.6467234338458748 0.6392214477650795 0.655124902162576
0.9326021856851869 0.906789265392507 0.9281040922209631 0.8969469727252308 0.88398706911584 0.8625279840144288 0.8685651101746463 0.8946794485547505 0.9038086311982899 0.8941686971527727 0.8351057633675839 0.7934480858902501 0.7662146394651729 0.7665770266791553 0.7307633186450316 0.7163908544115355 0.7115287603232712 0.7069090050735426 0.6933960542987907 0.7111739283632493 0.7273151653318858 0.7257667009203677 0.7668138118920056 0.7957958102568615 0.7868413782870497 0.7790649379975894 0.7508666543110479 0.7570772236248224 0.7736679664102394 0.7330176300556893 0.7429029813058742 0.7421134555595783 0.7876849842659239 0.7877739131078727 0.7840432776796499 0.777723261786883 0.7833485200192251 0.7509273653868099 0.7311714111924037 0.6867555264801222 0.7106423041705952 0.6858375453563292 0.6565734334944701
0.919722946069343 0.9113518301183496 0.9216357636216859 0.9329065824622366 0.9085246349647591 0.9003930734278135 0.8968833763594107 0.9202769318240192 0.9136173018226263 0.8842540944562095 0.8359798681083781 0.8153654809341755 0.7791146614069859 0.753336017667349 0.7651896067908202 0.7270501944206742 0.7107115197945614 0.722944324304056 0.7415206354894484 0.7380092809635773 0.7408962922756491 0.7212891195262083 0.762559916542776 0.7623865977055877 0.7437340239012449 0.7423648762428681 0.7499919753139745 0.7438342103734195 0.7425050023357186 0.7170809396183607 0.7404323489746827 0.7659567072295825 0.7706526131784421 0.7762701007572622 0.7525716321128504 0.7411316633287375 0.7568403007730271 0.7814508702318131 0.7394727590674185 0.7338065473375581 0.7356397723895353 0.6991601960568214 0.6860013008411214
0.9424311401647236 0.9446522028135569 0.9252020465147199 0.9305453907272572 0.907892237335437 0.9424958796558267 0.9067759552083736 0.9075133765547998 0.8933363132819592 0.8780480835669812 0.8536619754816226 0.7957162583220602 0.7649610520481656 0.7693689848109945 0.7754393149011363 0.760797383335973 0.7205212359447926 0.7310552165276659 0.7682116916366011 0.7316281056238252 0.7473076939207934 0.7161538644820543 0.7150723554484019 0.7372753067574986 0.7585307929934323 0.7176384153499089 0.7456555690299271 0.7610192967203386 0.7284027673240556 0.7117874599531876 0.7276062216333815 0.746522086010381 0.7640496799158661 0.7398179436118465 0.7347929705732528 0.7654467171124515 0.7867056723258715 0.8025246446958755 0.7753647311893783 0.758668317293208 0.7261968793188409 0.7436161200934023 0.7084599444941128
0.9632679543658439 0.9137972621778601 0.9111810393133468 0.9295026518847426 0.9431552193770999 0.9211690351026935 0.9101532569874018 0.9007277119891226 0.87699648592946 0.8680135105523222 0.8273144131238148 0.8117387574236478 0.7954650773527309 0.771848979933956 0.7878498934188959 0.7754955697816379 0.7740728233107322 0.8029085281087969 0.775238017775439 0.7797208868598074 0.7599214836603698 0.7407391640307412 0.7376530105232569 0.7357157119433175 0.7524455305779554 0.7469940023571221 0.7244955590774839 0.7695822715519856 0.7419361565535126 0.722666977852943 0.7226383703658905 0.7270894980342517 0.7597054901495773 0.7554345979516526 0.7707958010109884 0.7788270500992688 0.7792846916534032 0.7978942817125496 0.798231186702014 0.783206653465106 0.7487128526997988 0.7351916433460833 0.687399818321935
0.9480655952064874 0.9245652360730886 0.9174158373621857 0.895960537469995 0.8916003050614252 0.9176995203397361 0.8972667556616845 0.914510631313502 0.8916152307403762 0.8500363630666031 0.8326699070578849 0.8127992788400891 0.7995727797519595 0.8231383430690838 0.8100300911474154 0.8002043412334122 0.7997733243406261 0.8401041822117752 0.8238360375880989 0.7651707541740984 0.7526751407308048 0.7680550636476743 0.739522153473352 0.7470546287101618 0.7269096043040605 0.7440082559429455 0.7579128047346823 0.7565451087921894 0.7286318147937215 0.6867198251043756 0.7036212970526943 0.7655243099794987 0.7648189394909876 0.779571017393929 0.7591977246330305 0.7717277627001271 0.8048597553294152 0.8232708811587679 0.8045800012949288 0.7753237083090974 0.7158143956522038 0.6973480437922274 0.685913401733752
0.912527720367782 0.9211632536312188 0.9059403658117727 0.880228547002818 0.8798235169673072 0.8607580764375736 0.876798551827582 0.8837576689060348 0.8460594194725346 0.8308449911155789 0.8437087042351954 0.8334485420151267 0.8135704054473037 0.8148898532576094 0.8489730918196388 0.8516045522895836 0.8131518128034387 0.8192434136557877 0.8221610134656918 0.8177388553276741 0.7978812970789306 0.7506216318008351 0.7471686778145782 0.7512262466689733 0.7425595000211744 0.7496008264796511 0.7539255698077386 0.7660160544896063 0.7136236379912028 0.7072683036022444 0.731881137235608 0.7714014202623029 0.7880590555864888 0.7955178776103412 0.8105793487301995 0.8015223423060287 0.7972889571579532 0.8090480402982284 0.7750537918223519 0.7423128126038783 0.7140203550276322 0.6883893936441982 0.6908225581449836
0.8441897195817656 0.853012630039627 0.9000497594148772 0.8932230753570791 0.8925345999320828 0.8602156945848827 0.8697622718437685 0.8498813428166925 0.8150643005608881 0.8182056217269112 0.836091261588974 0.8510323616524088 0.8200312323329688 0.822546447461483 0.8685284638153914 0.8753430878567895 0.8498820906739205 0.8240396091843551 0.8334945214826329 0.8245763424975864 0.7741604863491325 0.7524856417377419 0.7763174619044946 0.7650936957881089 0.7671792650856465 0.7817145135715561 0.7450486670102134 0.7494999508269882 0.7279408968745226 0.7224907794243937 0.7148467159210811 0.7553375853983687 0.7873965928580909 0.8246171600560707 0.817594576318883 0.7942482559249912 0.7938785754860943 0.7670740568258664 0.7613489226361507 0.7560936577650671 0.7583484060500313 0.7137297436740802 0.7266661567374187
0.8322156030967357 0.8370384818615614 0.8653407292001418 0.8596718351682633 0.8892648506616927 0.8623806273062791 0.8676898848353249 0.8194515549740168 0.8078694581661438 0.8242923716855663 0.8037244451962597 0.8226796404711629 0.8515573583781655 0.865124634877144 0.8678514632616295 0.8783551869871523 0.847344106633594 0.8138111848027418 0.8134432492050162 0.8242571588822278 0.7987775093459705 0.7587527385646139 0.7725220428720626 0.7676736586896367 0.7539249034305159 0.7600381939680579 0.7493773632462257 0.7222114561760343 0.7380834972523111 0.7075792347705139 0.7235094977816946 0.7638629098218087 0.7840757764039658 0.8372613913631887 0.8159438717691099 0.8051427370127474 0.8235063359179916 0.8113872617335632 0.7823046486270038 0.7805877445948751 0.7797622479115673 0.7361233913600415 0.7333567607154926
0.8207737064093109 0.8387669906888857 0.8530372006311416 0.8578849277828089 0.8875566121972407 0.8662473777403105 0.837685756838017 0.8028955380936363 0.7792492286119399 0.7945483131649168 0.8162035295573167 0.8455854445249913 0.8374536546909641 0.8451520092825586 0.8494102991371292 0.8586963913871704 0.8495661414533541 0.8462918314072806 0.8112067989060576 0.8280342783710745 0.8046645987601644 0.7556942656939732 0.7415208610321383 0.7671802756477731 0.7645865119790685 0.7449795962942426 0.7488773105965785 0.7179337555099544 0.7279942632249442 0.741022511045555 0.7497104438971063 0.7541594090484532 0.8090220190709106 0.8498187762484751 0.8672714969047569 0.8646362366332057 0.8508755146994683 0.8138323546707796 0.8165783663369923 0.8151543735432324 0.7807026513950562 0.7968874029050601 0.7808408190825348
0.8547143669334845 0.8603949445187549 0.8782771762306687 0.8652821961858275 0.8852530274387388 0.8686969079248924 0.847695906814652 0.8355417477148451 0.7996076342832773 0.816175613686039 0.7998920721942958 0.8485629730723666 0.855174057989805 0.8326072051314596 0.8268644377148376 0.8402885980502806 0.81952804672975 0.8053792180965426 0.79434482959576 0.7964695441949271 0.7649885039895057 0.73913058464442 0.7425577346812381 0.7263374186878477 0.7258053368246986 0.724508701555727 0.7260503697239218 0.7188536483362271 0.7429670118613785 0.763378503043277 0.7439357767442879 0.7968277595805735 0.8292323216557365 0.8442446699778031 0.8573805014246999 0.8537861179044651 0.8396732661825843 0.8307422727268409 0.7872651378603437 0.8073586621715098 0.8082927429277619 0.7893538011456163 0.7914356905416713
0.8834411635891999 0.849403045976079 0.8559660659278704 0.8796535570267154 0.8909288753978378 0.8473800525154443 0.8451096795343861 0.843849285119763 0.8047286731791995 0.8158291633874345 0.7988946109248837 0.8273561206097279 0.8248121975016272 0.8380387755695455 0.806589260925579 0.7824363278837679 0.7613493625664735 0.7503312565791861 0.7596725328141586 0.74464797007997 0.7407773178112035 0.7328045569834547 0.7135751695313172 0.7304446807738596 0.7118324351167817 0.7114771136824483 0.7352821243496378 0.7364080564441697 0.7318554268606213 0.7584364506449027 0.7545093277958952 0.8125712875814819 0.7997996396867403 0.8322969015581463 0.8332947670180956 0.8715372672087888 0.8592213565733765 0.8001902731836604 0.7775558469403857 0.7800853332495179 0.8068390640356135 0.7814873140143905 0.765929937436734
0.8852003466105283 0.8288523267245512 0.8392865955583558 0.8839979540778936 0.8795157454786623 0.8837593569865162 0.8608815308124546 0.859870487593193 0.8439496075341779 0.857798095879117 0.8474415323541762 0.8319424761180771 0.8203982498988637 0.8159347433540792 0.8292655809975092 0.779243563674019 0.780422694765658 0.7694762524453103 0.7464906211407972 0.7255082954731461 0.7411756052445196 0.7472340239816555 0.7206602802344506 0.6866692127876294 0.6911009193836906 0.711832863456114 0.7308593986378003 0.7453979150612866 0.7602599564601975 0.7562563962173058 0.7518702574797208 0.7633437825812042 0.8188654176008542 0.8086255013585789 0.8481815515235727 0.8553059022143579 0.8413336690537546 0.8547232803676612 0.831067040723439 0.8227855249289909 0.8176695360125248 0.7778173741627584 0.764782291787068
0.8881081445786089 0.8137439623014333 0.8401571047823823 0.8455991437797185 0.8829990643159406 0.8549046549324961 0.8398490880259298 0.8495797795810651 0.8667339079221922 0.8791813779216838 0.8834146046295844 0.8366839013994262 0.8277920861362296 0.8343537319262796 0.7971259173757294 0.7823477390841366 0.7708843123030559 0.7490588202224745 0.7610785766392018 0.7520645619501964 0.7468992703882541 0.7229387439107552 0.7194334359190558 0.6775982879471272 0.6826503395540325 0.6951677269673914 0.7276013753634395 0.7709740586522171 0.7674049097413934 0.769317234131631 0.7452489646251165 0.7427566355665977 0.8106260397487315 0.8115624215220494 0.8360298122763946 0.8465971183589892 0.8409709028817774 0.8646698331672559 0.8489628439613645 0.8462648298308522 0.7902247656728406 0.7862247073645329 0.7460272442511316
0.8543189983761378 0.8729406791077067 0.8761336023100454 0.873838337708939 0.8592479949980492 0.8167503556127685 0.8249572314191572 0.8316536179492795 0.84161651898341 0.8938850972723703 0.8967997952841271 0.8546490596353419 0.841636906086816 0.8230378526875434 0.7983273296345264 0.803152974292919 0.7821858521077732 0.7502090513044143 0.7535679669887456 0.7526001622681664 0.708601287615301 0.7219379680685859 0.7085654657658226 0.6672610416998517 0.673337035823747 0.7029161158012477 0.7550112408572903 0.7568751872109113 0.7612940262560216 0.7762437501101571 0.7694766587312001 0.75501929788658 0.7738279055064499 0.8057306750926151 0.8158955273582167 0.8409346187873666 0.8286793615452239 0.8480602226439955 0.8442535443401831 0.822723035949318 0.8038657441588648 0.7736093173228474 0.7537710603302807
0.8889224708370856 0.8956797399798777 0.875863440801233 0.8705598033168166 0.8609077026681196 0.8120442852211537 0.8223683062790118 0.825520710831052 0.8739913189293366 0.9015108902893672 0.8769052272609262 0.8844726665162456 0.8433122751807878 0.8060543481674042 0.7968673398906111 0.8257139047693656 0.805872935121528 0.7658887237553732 0.7706935771517935 0.737711813762004 0.7176235670091683 0.6855365006400127 0.7121327607205256 0.6837447532871799 0.6990172841105654 0.7280952241723325 0.7354471918683901 0.7542146287267454 0.7717011304961505 0.7842234136462111 0.7422244985786218 0.7369573257423971 0.7402463612571973 0.7848231478472787 0.761571630093519 0.7791231192286768 0.7896919595497811 0.7867524139715504 0.8249402896691955 0.8075071107191836 0.7731362281848778 0.7256488207410883 0.720272263898541
0.9194862445293359 0.9232170452121256 0.8922379541814592 0.852032033534571 0.8525152522830303 0.8615051800127556 0.8590812577620277 0.8616686179827395 0.8677648228764453 0.8946370018218488 0.8992935782900027 0.8916544309388897 0.8517696476271375 0.8237298749634429 0.8116243158005579 0.8336516645993924 0.8176997694119631 0.7994606936309173 0.7709841749871781 0.7649076369574661 0.7521691123659292 0.706140970533963 0.6897438219086154 0.7077556002705588 0.70276672787198 0.7046724144640812 0.7358425662993 0.7312776962823037 0.7162999308503766 0.7465962244281442 0.7312068816090045 0.7242064358051414 0.7052745538253925 0.7220988910722425 0.7491853629284937 0.7447832308403043 0.7512418310681621 0.770280378685106 0.7828828245198234 0.7586501289199146 0.7333499874199721 0.6845188158281464 0.6866035970611025
0.9502666574440407 0.9214017034801845 0.908224553616954 0.8703671734059095 0.8708043875019446 0.8518740009787424 0.849245372442298 0.8552252736982906 0.8482329155721945 0.8555347224968832 0.8444787098766783 0.8645873568679863 0.8555281042709241 0.8097169763851411 0.8235638831768096 0.8377663451088067 0.8322899406150315 0.8438201456724167 0.8063142993915314 0.7811328540607283 0.7557034022070357 0.7102553305585715 0.7181858773629533 0.7057309617204515 0.7132551303779234 0.7467233985860807 0.7346512937058892 0.6871564593754278 0.7089631719973951 0.7148553810720029 0.6739433354004326 0.6618166795614334 0.6518872167560507 0.67129058115227 0.6967508335843279 0.7489823549322595 0.7600466422261343 0.7639940424292775 0.7432175313941585 0.7716980587050359 0.7310378896561714 0.6710555407634071 0.6304448823845945
0.9344674780803542 0.9082766855369971 0.881371376076213 0.9074963477601824 0.8927308900957492 0.862835596931979 0.8732164268480526 0.8388903213905474 0.8409169972861311 0.8310274173947673 0.8485510729262268 0.836847974659008 0.8458441504162328 0.8374393340064624 0.8167319364097088 0.8150965760645413 0.8336657228576788 0.8237618603483794 0.8156051505900027 0.7706991966417571 0.7261929823996561 0.7327103521815922 0.7131228752498052 0.7366138115568404 0.7227579863484991 0.7064334467472102 0.6987251546353872 0.6998287299371827 0.661342062257848 0.6737002226903996 0.6774866687183 0.6401065862908767 0.6556708453869307 0.6762027139858882 0.7023995401666155 0.7247377866787803 0.7569112068052617 0.7339223555322689 0.7330729906291544 0.7057335118505841 0.6960941845907638 0.6528116622110632 0.6330357468864484
