Raster_benchmarking/DGGS/continuous/raster-399.asc
NCOLS 100
NROWS 100
XLLCORNER 1743163.3870960525
YLLCORNER 5469297.040931246
CELLSIZE 10
NODATA_VALUE -9999
[rows 57 to 75 of 100, columns 0 to 42 of 100]
0.28375557896479936 0.27699472703192785 0.2637888632019692 0.24571047076445748 0.24258842947086892 0.2531798400268391 0.23771317143570997 0.26856591190223633 0.3191573276714834 0.3116785230060615 0.35638262089541844 0.3494523501867241 0.301619556048641 0.30039418457482775 0.33582166082759163 0.3305057020267111 0.3819294085072662 0.35321000940577124 0.3575035233387593 0.3449464142793289 0.3266353077746639 0.36464762215332264 0.37490980889037023 0.34204221477664026 0.29778999335193546 0.29817903585040945 0.30996636270495126 0.3040417521284634 0.26580330101131794 0.219916056243115 0.1849642977940095 0.1906754090262804 0.13285954674770883 0.13277725298799828 0.15228970293245536 0.15454645992667237 0.14700357094384534 0.15326058050208813 0.16127685465598268 0.15701764097485457 0.1527329691394598 0.17593499365018964 0.2291276723332939
0.2669043269672849 0.2896316526695812 0.26039404099911156 0.28170727206629975 0.2710399622667705 0.2505893276665416 0.27020941199476206 0.2731764101708553 0.3527488429773859 0.33719900608438 0.37691445199413304 0.36129211792521954 0.31760951904120555 0.31868590448287815 0.3234094672647513 0.33304573653410685 0.38020734303106657 0.3668329574546407 0.3190280484413299 0.3298896474242725 0.36212658796914343 0.33545049943191 0.3480607053009134 0.33581719896117584 0.33683749440751004 0.3328277480507124 0.3305685184836217 0.31713751479589875 0.2742509098811262 0.24333412958728942 0.1993100968728125 0.2024551315339447 0.14207868123523806 0.1740508754961829 0.1703746776774106 0.12821049305198565 0.12463996721069978 0.14907422859898647 0.2056095198208954 0.17738941807202452 0.18417842555352054 0.21524780598384471 0.24420521147650565
0.304766710990645 0.27284524756905876 0.2660367609016625 0.27574256747954634 0.2611757352559001 0.26093948572123776 0.2903112444882153 0.2973662910409641 0.30384277597156795 0.3262277878846816 0.3787026905713397 0.3594807964722226 0.3350667240492467 0.3536298573755063 0.33465428293556876 0.37767646379673503 0.3479141678282113 0.3390933073513943 0.28926112857940184 0.3027347619527852 0.32584947385289 0.35419865278452617 0.3646721382940057 0.3367208895581639 0.32018509304964266 0.3285756138322233 0.2934010738465869 0.2628003724777186 0.24498996145176288 0.22176746876118586 0.21969993617348227 0.20290910499172352 0.16527997995461827 0.16205571935916838 0.17531487160408937 0.14073944313972683 0.14649850515965418 0.15933844229485455 0.1662950636248151 0.21335714970361544 0.21148495408901546 0.18906089577803878 0.23029496178410336
0.3439640743146508 0.3400519155457278 0.3143561480788663 0.2910223060650145 0.30254960506106426 0.30448570567099936 0.29730169595220507 0.3166492221974704 0.2889004844044266 0.33886516156344965 0.3537111818155505 0.3448477327183167 0.3875555728783656 0.3496232822054267 0.3770916431264294 0.3686734110478221 0.3600989893685556 0.330043366686555 0.2822385494845591 0.32658226394267426 0.33910060677076187 0.32412012402156454 0.3493121466871313 0.33145046648319315 0.3278116853706541 0.3126286862570573 0.25306812182789123 0.2500579914419413 0.2288664393095735 0.21376718526110378 0.22863123641328328 0.23875516488887977 0.2211575706953109 0.21044983629797623 0.19030527998915664 0.19756958416302653 0.16929185705949867 0.17568862138153438 0.1898303158718688 0.178075466818861 0.17662310649347576 0.2198637669160178 0.21520559992018667
0.3654940890585651 0.3416677660907672 0.3285274079702279 0.33927468784728915 0.32049866405243277 0.29276703308286733 0.3232436460810772 0.2906080901612822 0.2758413916495206 0.3014471261612488 0.31156157494514924 0.3379784695425644 0.3665006625987433 0.3777015224078599 0.36362693703517834 0.33276654647965004 0.33503332748963355 0.2977107034068649 0.2719292615402217 0.298988622293144 0.3164208416802736 0.32512716239087797 0.31357701836594587 0.3170795688132575 0.3118454589598878 0.2942349140603365 0.2819770343064368 0.2627708027184111 0.2216996717629667 0.23740200365079195 0.22182418117166514 0.24801544880580242 0.260644642072448 0.22894213151611392 0.21502937667311472 0.1885056094667743 0.1755548310590557 0.170981392092353 0.14565070249008732 0.16405052124212693 0.18422919826176748 0.20697401067638455 0.19104409812298218
0.36090048974904515 0.3497106269878 0.3247227582860253 0.3268505864000768 0.3549206947502857 0.32984494932875674 0.3132776740050634 0.2654261191086973 0.281017058288886 0.2729091100134645 0.3032388542264546 0.32814984040303324 0.3339228401653891 0.3214714632268102 0.35686826730855636 0.30522851081198876 0.3012423335445137 0.2793691181406478 0.25798640890383223 0.2538105792874302 0.2344928234515722 0.2752814775334347 0.27968637634532556 0.29965339761255494 0.2987569407161971 0.2667305791751777 0.24718357626764914 0.25399351091207356 0.24278400829542676 0.21220215393005243 0.20093215353199437 0.2388975863927455 0.24097461798055617 0.23924780903222925 0.20588101748458834 0.14336552214533627 0.10378958760977396 0.12048452529091355 0.12174507773713315 0.16675997269741155 0.21191973505409722 0.18392862313512398 0.18219026239060648
0.3094736300905282 0.34104704449829537 0.32460600179772175 0.33147268647602257 0.3394619728696346 0.32974268729338163 0.29986692942423426 0.2783686581213412 0.24546980005821412 0.2571343860844778 0.24105949270897412 0.2549015735733443 0.3001603951305942 0.3191146389014127 0.314977943151699 0.27483435695106645 0.2890421104639988 0.26699907032387515 0.2622463842082236 0.23837729239412025 0.22119929452768666 0.21097913264174373 0.23779682957624934 0.2577079795136452 0.2532812264070799 0.2617627945417588 0.23851218783199857 0.24461638440704808 0.2256279416454099 0.21523690220491895 0.22575523536374512 0.23612634544380115 0.22210540326248407 0.21223609939469526 0.15982740112698274 0.14550536890280857 0.12124262266463641 0.12538646648273602 0.15448533731133066 0.15048613266212083 0.1741314065809848 0.17862801979056053 0.20860243846148802
0.27868907846008795 0.2842694573540655 0.29797105324119094 0.3229078069336242 0.2938828288340171 0.27857056537056263 0.27081577772622245 0.25619756717575237 0.22971785179976212 0.25752980507947365 0.2225760582294385 0.21114074781614137 0.23710651196018664 0.2557974095182753 0.27939590737004166 0.2938048828883152 0.2660716012221369 0.2453292300025188 0.22710122912861516 0.23424907099915865 0.18731813992919868 0.1849236622582323 0.20954669452955568 0.19757137992138504 0.22635240651438154 0.23703628539061716 0.2711896346098556 0.2533226258923264 0.21269569220401283 0.22634306679980493 0.24690637648194497 0.24080012613757773 0.1782366541408647 0.20188310074090324 0.17152725043569203 0.1573096837156402 0.13485754280040793 0.11117406351052082 0.13509577854874003 0.17110623035335393 0.210267759339836 0.18408442002062905 0.18482909077846515
0.24161914880216515 0.26685150143313285 0.2947109409808505 0.2720139712059016 0.24193304633038085 0.25781389595441256 0.2435590856211639 0.23608789688700724 0.25530805768483367 0.24009675105245062 0.24065591277224693 0.21667036510089085 0.21585937311536862 0.2489118807592537 0.2906431373206086 0.28724554962539245 0.2613048698649627 0.25548593290359967 0.20427344289746652 0.2154531976286761 0.1970632763555761 0.19016587591532186 0.16567055431691136 0.16999267350870972 0.21822894699540166 0.2060299309319282 0.2200829022404885 0.23448743125435476 0.2325669641274559 0.21841129029887382 0.2081155249875897 0.22772487413040776 0.21570975079703375 0.19110727549084577 0.1707524211730102 0.16188118401937848 0.16480383849875527 0.1403070421864263 0.13952470937115194 0.16886643807779522 0.17990995817822364 0.20224303476619587 0.1856689963937158
0.24737216933423167 0.25483010275910756 0.2668529260692587 0.21865395511976096 0.21374785211926128 0.21178305213333834 0.2205242855487326 0.2453210563640756 0.23254044727366247 0.2284451578758008 0.2602286056914677 0.23752284644807822 0.20287119313547394 0.23784036089479282 0.26812605215332835 0.26991519608454895 0.24216588427703178 0.25973733054299897 0.22061317297252034 0.17009638690251425 0.14442876474846741 0.1829163871724292 0.15224908727613687 0.1541748607349152 0.17767848496391866 0.20459604177240484 0.21385384720672745 0.2028536251106975 0.22643578776144294 0.17501056184980307 0.1807231013665005 0.18182021372756746 0.20700096577620428 0.19639509085966433 0.19018656077513243 0.12209071898720424 0.12621809328658537 0.1707774878533962 0.19500775790663444 0.19190983228520567 0.17963584394137075 0.15911589299274084 0.14217772716425042
0.2451550112906657 0.27179896222650735 0.23610296295479938 0.22257575244758165 0.25101636866674853 0.24645505496580775 0.21166944346600103 0.21882866898583855 0.2709458954085863 0.25462837250478 0.2394109893493605 0.2509221067935625 0.22018545669779074 0.25780854991608076 0.25500042922878075 0.2596151880718252 0.21127668582112735 0.22906858298284008 0.19466437315077392 0.18462355048653661 0.1560027819015662 0.1628275978221249 0.16002581286411974 0.14821302030935093 0.18253560130650293 0.1995214869392065 0.18186240124577543 0.2056853848870921 0.16180335445460003 0.17048629357734704 0.16831329548480684 0.149037865353566 0.19686383057397455 0.1732763820137508 0.147406684117889 0.11430333170234842 0.12665689852133513 0.1755864266111848 0.20543213597388457 0.17326260492013854 0.14890720065317825 0.18746251623000607 0.13766185739933964
0.2846093849846598 0.2827464312673255 0.24948308490868898 0.2545940427476189 0.2609105606653547 0.24271164756312805 0.24586796298455535 0.26593947176480803 0.280894967057352 0.2696319670189581 0.26422489732213755 0.2563411530899693 0.23898875100817166 0.22930040756139153 0.2239108273437598 0.2528873160329593 0.20987068571921627 0.18736541380031463 0.19529797570155571 0.15257710212119988 0.179938649433574 0.1908258620699992 0.17639478761950736 0.16163270216996484 0.14788178506221927 0.15407316250943356 0.1895701299366669 0.1811142215299142 0.1353407261221322 0.12220793356238291 0.14413738101546247 0.143800100794124 0.15548784947055702 0.1669423278141175 0.12615232548199032 0.09837426676156802 0.1058231676426632 0.1288930171622509 0.19041810930801528 0.1951210679167809 0.1555053469610309 0.17436217151291392 0.17793437661025988
0.3000728547239673 0.2689831406563944 0.2620397759634097 0.25206444535521966 0.2783551033754419 0.2904515895682746 0.2691708312793624 0.30099713168421566 0.2687282222972903 0.26489495875121194 0.21472670472966282 0.20677055261014893 0.21748739614357754 0.1870536316683965 0.21762616541528856 0.21601188615055028 0.2021334231546545 0.16274765843761416 0.17667584440353226 0.15239755280867004 0.18929793090092598 0.17993751370551112 0.14459419865499012 0.1613440801081385 0.1367643793131664 0.14537724436042906 0.13210694095632713 0.13141101536588792 0.1382517357454791 0.13528282407324324 0.1271087820249265 0.15144129422357291 0.15820567272391933 0.1343445695292436 0.14386751666937553 0.11143403354765151 0.13705913779351112 0.1346143071211326 0.1766698420179197 0.16847029687378817 0.14770675816281018 0.18227757171000086 0.19433142754689295
0.26862837139653645 0.26965853968203357 0.27913977961380976 0.26362938041265277 0.2528889806404247 0.3129366941845429 0.31008371036099036 0.3189737150055154 0.30691030483859183 0.27228960736228025 0.19343916368519123 0.19277980657327126 0.15826298883999418 0.19761964734223833 0.17742242502593591 0.21303854086219987 0.20429471417882628 0.18766188017618607 0.14236183673648495 0.1301342627401362 0.14611296579574068 0.13851328009628916 0.12627452670342507 0.15652207567203313 0.16882566104620508 0.14161152394251125 0.1434752132093619 0.1626464025069914 0.1574217185128704 0.1676426122072119 0.12321194687141244 0.13812647791281088 0.12701738687501674 0.11634396720227907 0.15541501861966087 0.13617132790881517 0.15383258842231284 0.1556685498853324 0.14338725196322571 0.1719696194966088 0.17692853261198718 0.1788131071419135 0.15295235407387517
0.3143872428543017 0.31456926286101533 0.2757222986637113 0.2642599177084661 0.2983293463645395 0.29392176469958087 0.31719027745762157 0.29665460943682476 0.29566385049611255 0.2667567834954035 0.19210926720861402 0.18568794826094173 0.19151665598947962 0.1867127797904648 0.2018255943975547 0.1750350620254054 0.1843261210071382 0.16411081097084518 0.15166846472159048 0.1654043576314931 0.1493830309328077 0.17279229303525107 0.17620887750604672 0.16204057263350885 0.18437139498386235 0.16917708634719578 0.16666877195864768 0.1784446522313064 0.1680509376726421 0.17898558005000453 0.173615272804808 0.14785930216246534 0.12394296859642609 0.127470692433355 0.14365219863451986 0.11622219571290827 0.11153143384108949 0.15440516504852214 0.1319275769886419 0.14101319315793306 0.1770625848393338 0.1435644582958302 0.1642047515146867
0.3560041185632883 0.35642072176445283 0.32635033359743615 0.31883566061547486 0.2845463462024314 0.2854608063550783 0.3158332652945186 0.3242938334625191 0.3329745056755126 0.26808901040059707 0.21506775993713304 0.17215926152241356 0.14108766572882078 0.158944759179264 0.19121332910340136 0.2015988727382454 0.1572905366931667 0.17829096066468103 0.192724235329473 0.18550350192537507 0.21091979378271325 0.21291206251850986 0.17577212282567337 0.20313107657952267 0.17650643264498456 0.19274775727716575 0.15805940818288222 0.17089256457468419 0.19865575964465618 0.21805792640508231 0.19809490497104618 0.18159735090680165 0.12653715870926138 0.13533517389005642 0.08971928555156353 0.08563357212314393 0.06556404626652367 0.12858386150869885 0.1510963390709335 0.12809661306929654 0.16813688433595475 0.18969239209480288 0.1779420379336842
0.3788958946233056 0.3384640773321064 0.3462359828969174 0.3661696731230212 0.3352496287884109 0.3174700705526935 0.2975344413750604 0.34115122387931307 0.3177044292591527 0.26908806100598953 0.22698715074301026 0.18290878895404636 0.14466176825760843 0.17835747787361164 0.18462608632470168 0.17976522641943785 0.1496210714261355 0.1970732547120364 0.20410770242462498 0.21891172792693475 0.23581357629425065 0.1997973829968501 0.18926016583560643 0.22486967905634175 0.17308252439384966 0.18438739610885818 0.22122434663329626 0.23366981257884661 0.24704162381633638 0.22613410566980202 0.22233691835212888 0.20514516517704356 0.16569380729614763 0.14460770505842332 0.10734874709184648 0.053015222868893784 0.021508955562072392 0.04866193642214108 0.10316581107773388 0.15013353577269792 0.17936122718480385 0.17096952348883654 0.1820035427483614
0.38774226313143934 0.35962501693269017 0.36480399789881773 0.3599205069855143 0.39218812164083766 0.33637220005959406 0.3196850890648584 0.33165983883711087 0.3485009809495521 0.29506982300722584 0.26603654681948546 0.19348624958463204 0.1568054974246144 0.17351184455981172 0.1751758193708518 0.19455895325235328 0.15840593046602397 0.19561886392598685 0.2112277852087239 0.2324775042150126 0.21160882227101896 0.23776712328661234 0.2570875844169155 0.2568097172605338 0.2071323909803842 0.19281633910881893 0.22472462181258032 0.25733226635575357 0.2728853096961094 0.2219974109474127 0.22710591535963695 0.2061551690909353 0.19165675297961496 0.1638667365505972 0.13336592016582563 0.05475189614984227 0.0 0.0428440497651799 0.07682502790862995 0.14171098620053715 0.15435698494666997 0.1548685967999056 0.20822677699286948
0.3940458788788551 0.3964519692559465 0.3805454360126083 0.36043998082552564 0.36660634165219663 0.34418426600815794 0.3192155510825741 0.35094508603308466 0.3460800063345865 0.30821383857886 0.2650478840586054 0.21095338216152204 0.21234257346880894 0.1820579364037548 0.1903836996111666 0.20566157391540166 0.20518936121922882 0.2120872686332671 0.2507383743798224 0.26199656966776896 0.268922604728846 0.23526961679709713 0.25511195370595946 0.235660122307866 0.2414878975339079 0.20302192332630772 0.24045651823257264 0.2641166397775392 0.27285626710794847 0.256705424229568 0.24475600413997678 0.22728136359645518 0.20886477394037117 0.15259820352352982 0.12732959898469873 0.04398952077585168 0.06857892761259636 0.05878221273294719 0.08611721453855085 0.10831442923279128 0.15811842147921393 0.1664341602181923 0.22030893004206267
