Raster_benchmarking/DGGS/continuous/raster-375.asc
NCOLS 100
NROWS 100
XLLCORNER 1743152.378466646
YLLCORNER 5469287.369094992
CELLSIZE 10
NODATA_VALUE -9999
[rows 19 to 37 of 100, columns 43 to 85 of 100]
0.62686559950834 0.6387319556923567 0.6296034818112146 0.6109361680223279 0.6122917168655994 0.6437278054561947 0.6492921582325939 0.6684424557495272 0.6662122982279128 0.6315803607996217 0.6425066119508942 0.668827110567662 0.6818738433318297 0.6653223223431577 0.6641830009685098 0.6879906448872004 0.7257135095440926 0.7568700284675334 0.7700526287120112 0.7333470240609596 0.6945218108504514 0.6830146051188497 0.6875743605361773 0.7071727646931597 0.6573681694154926 0.6389461948848565 0.6337636801393818 0.5963015951993245 0.6152938761983069 0.6006360906340783 0.5884845310175387 0.5841193151554811 0.5738200475508862 0.53256532903401 0.49101415610999966 0.4955290467359544 0.5455561540098789 0.5479194782590159 0.5103157124295218 0.49111488480141063 0.4821461408965977 0.5365262674743531 0.5500976448849612
0.6208527289178385 0.6355474602028154 0.6385099958255458 0.6122371559844637 0.6473530224455526 0.6108363703462492 0.6212273153459151 0.6376605859558739 0.652032482374781 0.6718125106412502 0.6662958553706323 0.6507250178344098 0.6557400019184513 0.6905074886330824 0.6771946513311248 0.7219469364615719 0.7204657362406318 0.7153638895294225 0.7424055154732032 0.7542205862028812 0.7225256241111363 0.7075100663401834 0.6945998621165946 0.6674783116982103 0.6567179544128096 0.6212340009365321 0.611972145473307 0.6042383903639373 0.5898914034124618 0.5841517703306096 0.5866537564484329 0.5664756957852564 0.5595137654314565 0.5046984676007986 0.48552870092954475 0.51104660017075 0.5236994538311768 0.5448441125904758 0.5130845025400634 0.4968156558207782 0.5184481213236193 0.5429261525246534 0.5493691530936997
0.6148827402894165 0.6006467806402976 0.6464254594788146 0.6463256128514515 0.6234968098319646 0.6179233181747869 0.6109258799548438 0.6048938054549483 0.609334895972313 0.6523356575553886 0.659127603022143 0.6465721946127132 0.6955559938313667 0.7076040168762214 0.7125813917271292 0.7305412707769395 0.705608573617348 0.7254036445414305 0.7500876221321368 0.760550673753686 0.7084523296692034 0.723715325475505 0.7207508436061605 0.7076412324396644 0.6733402490100685 0.6440031658712393 0.6390570750125772 0.5950535249664728 0.603150674155709 0.6011694591284175 0.5809482283438366 0.5909721152170202 0.5625930697105243 0.5222256833082989 0.4726921142963762 0.45617746710938173 0.5162381919410076 0.5282049609551001 0.5169540350366933 0.5267319650025016 0.5382018319197658 0.5266761279301369 0.5464107395993887
0.5841337053713546 0.6185998840878266 0.6066692354567462 0.6356925591709143 0.6328307344200802 0.5999895065304363 0.5835177103716083 0.6007357383989536 0.621476974483309 0.6240394450388402 0.6348983503308728 0.682202603269857 0.6928822882839017 0.6916066368106034 0.6852034503952019 0.7258476284821718 0.7143876386968567 0.7336392974034072 0.7143527456951111 0.7407754689096341 0.6985150840617025 0.6692295074634761 0.6734228786689587 0.6703874641438954 0.6506725804270105 0.6539070366548932 0.6374958608630998 0.6210479078682328 0.5906084067157742 0.5678890009319014 0.5979913053828637 0.5977097992020812 0.5530025467708658 0.5246019662840993 0.4871813836090309 0.4691774887453274 0.46581275228115565 0.5037934060071354 0.5029470180348499 0.5069346901292253 0.5448700492284497 0.5272141161494112 0.5567502779080584
0.5753340085827171 0.5892907912165946 0.599633858970952 0.6548630485564683 0.623260277627367 0.5754854519498671 0.6002819744845183 0.5892668898224649 0.5930724558559621 0.6087071746451148 0.6657523544899746 0.6965418568694565 0.7057546531498204 0.6907829552526163 0.697593214781286 0.7053039258276591 0.7093742071743395 0.7457869186242473 0.7332037857432293 0.7160320047412657 0.6735976889695322 0.6562202550158305 0.6635210783283504 0.6351559899943676 0.6235728877586328 0.6270619125517608 0.6420363611017003 0.6459453166812129 0.6178292376375971 0.5776233096310779 0.5649470479512105 0.5643197855455792 0.5503995843928094 0.5049388139385478 0.4814808028660219 0.42485730022219714 0.4610927423261313 0.4664323117039647 0.5078888491074187 0.5415821088109775 0.5548367214407441 0.5487359919290208 0.5324129195841826
0.575883914160173 0.5975046891785084 0.6053924206202462 0.6039729996295767 0.6274794916657542 0.5606137805442314 0.5655506678213745 0.5634256772564763 0.5943763110342466 0.6247936677532961 0.6367545815488085 0.6382816103118805 0.6704153370967038 0.7034608684672351 0.6957151557050008 0.6977706267201158 0.7203436183999972 0.7350261448647959 0.724923823712997 0.7292988258622857 0.7126241841729671 0.6747081843650741 0.6404589866690616 0.6590782364427695 0.6538537037525308 0.6465219977628052 0.6174765880214897 0.6212040559383692 0.6396604652578526 0.5734393828453012 0.5509464630040929 0.5624189607645799 0.5211184476893924 0.4627795437159418 0.43343700129519985 0.4441245179544971 0.459911585780889 0.4956906731998162 0.5014403004892535 0.4920643323121554 0.5056863888981167 0.5017123581591789 0.5029588219322273
0.5972222752854472 0.6302067488032582 0.5982468561814597 0.6207153542468814 0.5985631728978286 0.5634703243611126 0.5933787489430415 0.5983905218352717 0.6244761935430133 0.6216436413881334 0.6147836662011719 0.6073999474930204 0.6195038758497345 0.6682339537594063 0.6942212779468248 0.7224462787987165 0.6983403730151693 0.7222955101074731 0.7331604632232147 0.7433421303731408 0.7106650357420818 0.6721024268722904 0.6735907571250117 0.685522087371724 0.6385919602988706 0.6223907273940233 0.6563540279544458 0.6633823350914073 0.6166101216344739 0.6128297201050634 0.5784469475477911 0.5365332789101761 0.5055358714178263 0.46522937507057394 0.41563632933059125 0.42099157078792204 0.44314595684992214 0.4868858615027589 0.4543189940220578 0.47440603651114666 0.48259424419739416 0.48852273580571826 0.48882730787975875
0.5972778690645975 0.6082614738198945 0.59537049592986 0.5787570597594276 0.5674615584672799 0.5567048529065184 0.5540748690154493 0.5795500210647972 0.5960185914805513 0.561881922821495 0.5717697331259357 0.599761876943596 0.6109837565373594 0.6586153625906248 0.66522056107649 0.6881497925121269 0.6901312451230808 0.7112414596935822 0.7429417850176636 0.7286070265747241 0.7181905304060417 0.6831147355606823 0.6702580849032237 0.6822902524471205 0.6582659735214341 0.6661453477091078 0.6798071299754594 0.6768295374390281 0.611840227838404 0.5750000792987133 0.5652406238149094 0.5514494534741389 0.5067377417582298 0.4595481437831638 0.42821088784135075 0.3859348366047219 0.4220311950026271 0.4492811355724337 0.43850455685781364 0.4885320987098128 0.5016833950823284 0.5082513306565063 0.5050784025999437
0.6071076675726041 0.6090261712796315 0.6077800943635808 0.573907050958087 0.5565774131066845 0.5805975066817044 0.5499263825910586 0.5636994852218771 0.552099468822677 0.5510095999791403 0.5470591011294781 0.5900427442625313 0.6266957582758871 0.6603431176428256 0.6844475727799042 0.6981485546835342 0.6911853128077483 0.698091737630943 0.6952772104800765 0.7140715394147021 0.6970426974326084 0.7076753071293478 0.6735520958165334 0.6912532473545233 0.6609317524796873 0.6804944552654812 0.6887090514459207 0.6607243896965821 0.6063656483156031 0.6057495081531146 0.5732894916051222 0.5539759470274616 0.5342592591300009 0.45404182551524463 0.424833551673791 0.36657780319523625 0.39773829093878593 0.40831470080628385 0.4438546993432059 0.47932109548629315 0.47130975071351844 0.5053938880932786 0.5027031318697859
0.5881154783373667 0.6025496409067681 0.6016138092302219 0.5883220431724877 0.599073039506114 0.5916150134713914 0.5688859370067236 0.5359526497198136 0.560709443692535 0.5823548151384798 0.5709674205961196 0.6070919953413162 0.6161644995593012 0.6297634856294196 0.6616010712009318 0.6634546404004449 0.6884861845265436 0.6923185867172319 0.6901726276983084 0.6732165271980114 0.7129967121843671 0.7140038287853965 0.707693602333233 0.7021276902897474 0.6522300810165581 0.6836843758630706 0.6570831891222293 0.6551303896600937 0.6035765848840332 0.6106415631735174 0.5815394059769129 0.5751198094734356 0.5278922663616431 0.49647854240244876 0.4156028984121106 0.4154757318988004 0.39366742724052667 0.4145033371940387 0.47479470467262985 0.470529853050248 0.49529587505655653 0.5047333867524689 0.4854363717675946
0.5894287156791944 0.579516439906146 0.5779177129240434 0.6058291011610522 0.582530246743 0.5487614282043054 0.5640937860853616 0.5283152691700463 0.5549794580061366 0.5879292872474363 0.583573835594955 0.5657083300644355 0.5988914344805536 0.5995991149844627 0.6412872710015115 0.6588945310151073 0.6659861810267756 0.6456652657999787 0.6612119716252967 0.6612376391822172 0.664264280327 0.7078624590579214 0.6761458704922132 0.6665196461205783 0.6418989480638533 0.6610452788548566 0.6510214933483284 0.6030338882594662 0.5951825253490108 0.6068981063427528 0.5940894487061513 0.5433209981768062 0.5603100197676392 0.5098172228376759 0.4402357073509275 0.4117791767332558 0.40761779833213563 0.4503474145960316 0.45062924262590687 0.47863161911577723 0.46654179652863453 0.44698104343219586 0.4835620201776281
0.5847800415272053 0.5807919199134648 0.5864067231088882 0.5848300660170974 0.576978470844277 0.5825475830405508 0.5477137395065014 0.5346137750895532 0.563129692445304 0.563583184293016 0.5469396567713564 0.5785116565703746 0.5905775082665182 0.6055839890347668 0.6436314217864227 0.6321307809487597 0.6115944031407473 0.6328527552434255 0.6609705992135584 0.662570758925683 0.6556296612881332 0.6683163716989435 0.6805439762113082 0.6995467808506494 0.6731599095254931 0.6828275525952394 0.6391420624120905 0.6352135457113867 0.6215505963931535 0.5951318255129683 0.5795876305432378 0.5791367181133023 0.5656813783870004 0.5384622465912707 0.49262713116830065 0.470071048823911 0.4494931499841623 0.47752620761124437 0.4794583415561523 0.47626764482241307 0.450441620615235 0.4240248754675215 0.43805650646442934
0.6350641939382391 0.6122166019866196 0.5974614115309668 0.5917149935483168 0.5557624844394546 0.5758957598224842 0.5513892523343307 0.5488479496948564 0.5746328862396548 0.5878709169790699 0.5626652712933591 0.5308662518833891 0.569548705619929 0.625397354045205 0.623224133114986 0.6061475559820925 0.634453311638044 0.6233128050134142 0.6364047096553064 0.6334276819369663 0.6730002709556395 0.6696674596127548 0.6727078754290813 0.7066651960717113 0.6770364924561736 0.6744911619916077 0.6102536997145237 0.6078616924310885 0.638703145887091 0.6388445900845297 0.5831520319119246 0.5988479714942949 0.5427868937001037 0.5167131384113107 0.48433554488085867 0.4362244154248626 0.4329953564112709 0.4559865509740252 0.4710135680944413 0.46303417553506837 0.41713622025474684 0.4149646285715524 0.42358212817989893
0.6259289965648401 0.624153580728081 0.5988296359600647 0.6051794044777543 0.5596614530857401 0.534426236590018 0.5438837866150992 0.5454820197242651 0.5260181692261103 0.5666186414213882 0.5643454709799064 0.5601649879106857 0.5674826811061238 0.6093212183127298 0.6426915604327467 0.6442470283343947 0.6184119286704386 0.6361066342510343 0.6856887976922409 0.7037428673720052 0.7095162382825416 0.6853182267780635 0.6981846709903833 0.7051059649050012 0.6963332113883597 0.6455012708710993 0.6164806991979616 0.6038967188153133 0.6216082782114959 0.6283386909623165 0.5994595072896012 0.5814153339283146 0.5723032965729828 0.5070955963864765 0.49418762097109503 0.4684968552168173 0.46641691471839686 0.46784012893687904 0.4323982115157765 0.43732876527489806 0.4326874344377965 0.41856328729632014 0.4190424271051474
0.5824002897303363 0.5881513625728925 0.6074438318814968 0.5828222063172291 0.5705177277606381 0.5408435452575107 0.5484418193496033 0.5092610437156502 0.5329846395492756 0.5536708998455995 0.5594511695243007 0.5689441760790926 0.6054806251297373 0.6207716964001142 0.6484125549404363 0.6402022350708325 0.6444236072053859 0.6605030994767687 0.7103667594740416 0.7287787316689565 0.7043724111934885 0.7332039558578723 0.6952804853691887 0.7047716156331116 0.6585047229895574 0.6299473853872121 0.6097391636329443 0.5903281839354512 0.619677342615188 0.6401003170141252 0.6022830397684666 0.6008872039276454 0.5407420896612182 0.508087452385086 0.49532189355233996 0.4877576600205559 0.4836277300091343 0.46711995883884416 0.43795899115750503 0.4205332906013032 0.4496877343673452 0.4328221564738023 0.44389707469532386
0.5790581609734725 0.5809452376622785 0.5691291438441075 0.6067514558669241 0.5875191741846147 0.5301895398452928 0.536361784499728 0.5118886103260326 0.5389111154568208 0.5624361391396325 0.5735708256711713 0.5767088015761564 0.6151573712538303 0.62631436625893 0.6541171594782479 0.6352409125901125 0.6630853831245398 0.6584777878253588 0.6893414891267542 0.73404223675566 0.7284455671596352 0.720109388798154 0.7160711418416414 0.6963987058739208 0.6650925100738151 0.6355284021011695 0.616797901978541 0.6161068716452488 0.6462543070362391 0.6370814365543632 0.6085672349808181 0.5957502383598844 0.5538792847683409 0.5517109919106704 0.510886051322286 0.5249145126567739 0.48449513634779784 0.4807729603736177 0.44934074318613565 0.4393647330192451 0.46590321325876344 0.47418529874239046 0.4412905152497068
0.5723389435166688 0.5821266823163473 0.579046503719599 0.6201354544455351 0.5601685664879025 0.538821445503136 0.5477315868136196 0.5413228407103656 0.5518273402694109 0.5732112118718906 0.6036220017503019 0.6149017941038141 0.6456751557836946 0.6545719667176008 0.6377574516636225 0.6452483563030441 0.6757046999939751 0.65946160784598 0.7043502576549446 0.7495083262340405 0.7603560273485725 0.7474036303585524 0.7083446763738264 0.6907551092410447 0.6562397834879032 0.6472556735120469 0.6221507927986313 0.6388520702405783 0.6611482520323485 0.6373784769826013 0.5918580208084618 0.6065527096856841 0.5827566022515592 0.5510863409038095 0.5219155574967936 0.5355545945101446 0.4911623071690844 0.4596483484003707 0.46982569730777396 0.4724614203375399 0.467801007217764 0.4618159829593196 0.4414487877400233
0.5696904112613166 0.574735497524994 0.5553889394274838 0.5630645747999588 0.547755417122097 0.5281430743924156 0.5617905910748513 0.5496639806255219 0.5375760021853445 0.560169160769012 0.579418447359086 0.6143856687986907 0.6323644442656642 0.643600248499471 0.6156465460931031 0.6476858253367724 0.6470429973824403 0.6838678700645804 0.7441806715997389 0.7537054027865092 0.7772972618543724 0.7336654665079038 0.719816034324793 0.7023705991884828 0.6727480795478014 0.6451769248757655 0.6134025725171319 0.6230402997981705 0.6407822072625368 0.6353489137120371 0.595906154482921 0.5718356140904932 0.5581569682438092 0.5236393918531338 0.5232708459726652 0.5229386873622074 0.48021457039861654 0.46081671783221334 0.47560421520772544 0.4552760390932169 0.4439904923749753 0.42237690645454423 0.3946384414310256
0.5550391383128962 0.5632841861552585 0.5824229576992898 0.550337866643034 0.5498469992797479 0.5580688392181553 0.538583632666466 0.5155737619129191 0.5517135102799494 0.5643634407965438 0.5844136468518903 0.5939812851050569 0.6020338658469979 0.6108720187988242 0.6332543218798008 0.6444522126774417 0.6917096394267273 0.7193534294524994 0.7660809753255173 0.7663191365017992 0.7424613327550273 0.7510780074814721 0.7214385857222593 0.7054273197283897 0.6728797129180355 0.6279499903272956 0.6300327698322813 0.5928119771003192 0.58446513702521 0.6029872275867645 0.6077909299978894 0.6198954636395432 0.5721593453577486 0.5280539175713463 0.5209592898292875 0.5384075399701326 0.5100898841201289 0.45264207215041324 0.4530572426616948 0.45368865908242645 0.4129889728299115 0.37712839207697413 0.3789616380382655
