Raster_benchmarking/DGGS/continuous/raster-397.asc
NCOLS 100
NROWS 100
XLLCORNER 1743149.8521804279
YLLCORNER 5469289.6942576105
CELLSIZE 10
NODATA_VALUE -9999
[rows 38 to 56 of 100, columns 43 to 85 of 100]
0.8254646551881245 0.8045688502390238 0.7866732868457145 0.7879069055325694 0.8163738983688741 0.7780378299906479 0.7674162953888192 0.7471962238289394 0.7187000894862304 0.7057722686643161 0.673345795927633 0.6782863901531557 0.6641486257926301 0.6878282396406913 0.7065178942232158 0.6839035902355075 0.7457610587294774 0.7227944158043423 0.7124894414665321 0.6998507430744964 0.6673561584346585 0.6514434098705222 0.635292994395423 0.623692405398306 0.6498572395792516 0.6510992366145397 0.6077008072332734 0.6253310304827189 0.5672083146770419 0.5790085952270219 0.5559743359678481 0.5500663785357695 0.5474678862369119 0.5494936186045197 0.5824098453221409 0.5572006713264221 0.5339606856592811 0.49068786194293734 0.46853117135635897 0.41850444065712994 0.42786225266029004 0.3900316240671472 0.39493174786253865
0.8262692213016892 0.826386865418174 0.7911000611167854 0.7607634455485524 0.7693675175852386 0.7680508457927837 0.7223506553100894 0.7138060028352867 0.666791390600101 0.7055143239310657 0.6750055855011831 0.6907795521228735 0.6689147406460794 0.6654796634135663 0.6833379138906737 0.6979438464355956 0.7446365585639643 0.7320177476028334 0.6769149502077996 0.7114712707967872 0.7197289362064402 0.6976892302247344 0.6765503071828818 0.6649976278785372 0.6336491467164961 0.6454647494082086 0.6060859476566576 0.6140419167381473 0.5877899871377099 0.5705426743611666 0.5304710652815688 0.5529947976533958 0.5714693623781189 0.536923602228316 0.5562912698253288 0.5674881147252394 0.5618099514488286 0.4998620957859847 0.49096382710430775 0.44088666335386906 0.4356895251400365 0.40686659862851154 0.40661561054256573
0.7923118500423025 0.8019152539635919 0.8106680249136271 0.7584507589697556 0.7563865078031121 0.7089473792434235 0.7059880389789015 0.7403341540259074 0.7092746571756476 0.6830106241558033 0.6669233836600669 0.6691518833052589 0.6852987608897466 0.665176765692702 0.6749003340521458 0.7213267706724886 0.7286885892810896 0.7248305238341934 0.7170288508391125 0.7219128401762486 0.693111025544156 0.7049268997220227 0.6856747162862519 0.6684429795262858 0.6701942435930395 0.6295550974361143 0.6048781216948909 0.592650869997798 0.5634043904187671 0.5683231120391273 0.5500833757263338 0.5361471681964486 0.5599370595120718 0.5728140089261083 0.5540459893037051 0.5821924711331236 0.5293710033088078 0.5077481939160475 0.5101335946390116 0.44641057843682963 0.4209449658160985 0.4281667276905093 0.4428941293667258
0.8060435974315874 0.7780933772499788 0.818064024061575 0.774175355883322 0.737153751990561 0.7000101219677484 0.714043428705941 0.7281793930704329 0.752070335308778 0.6784466833764884 0.6864178441304531 0.6937174617764337 0.7335704504427568 0.6920235406446162 0.675397791581029 0.6987305601207716 0.703722216876292 0.6930913522067316 0.7124172987785571 0.6785775875324327 0.6979275737439253 0.6848659879143387 0.7107675241184013 0.6672624523579704 0.6620920969830822 0.6266386917393811 0.5876824436399808 0.6182127248826931 0.5986403275126053 0.5864243693944683 0.552317247569415 0.5437919433874752 0.5526022476571717 0.5668742593531156 0.5718581100766276 0.596337682447554 0.5608891280170842 0.5235426064048468 0.48903072929207403 0.4746830419961537 0.47188922047583 0.4869376607783618 0.4640205980788982
0.7712241287940362 0.792305491826075 0.8116307107350164 0.7601190930418408 0.7260844684532742 0.7037355307866272 0.7151420003532647 0.7080022022236299 0.6968515363727575 0.674736929433958 0.6955358492849352 0.7125971752975231 0.7212642012449754 0.6888692609520488 0.7195626065718463 0.7150381383341297 0.7181107831281776 0.6966597768474724 0.6883223146420979 0.6762539732486238 0.7148946180871306 0.6964061536111972 0.701019267126565 0.6765535272390407 0.691196101882786 0.6767991742964307 0.6411801820492017 0.6065944487218176 0.5819087235294981 0.5971569255253861 0.5607024892023356 0.5679463620805066 0.5682177434001067 0.5998449939179591 0.618469991887883 0.6085659263077425 0.6008228066701414 0.558900262889799 0.522159678629273 0.47725036444001495 0.49040677376292313 0.48093125287373156 0.5100650371699067
0.7709203983884415 0.7934042760013921 0.7691838735727786 0.7230600624486108 0.7192631905841288 0.7069711040895442 0.7200640534583834 0.7040077304870874 0.6710852006442295 0.6542638976780436 0.6745450549988867 0.6755755449618996 0.7300974580261675 0.6832027374944458 0.7079899626884344 0.7239236733589378 0.6871542404761268 0.6785440617661723 0.6455616890251656 0.6426660571674506 0.6915432557354572 0.7034284667581181 0.6702822033579106 0.674505441394982 0.6906210572362373 0.6842093018492921 0.6649709139963704 0.6340532763169041 0.6046268692190689 0.6170799123602998 0.6049123007226102 0.611381511466166 0.6093979843804982 0.612002159543359 0.6189153789332067 0.5972208848654507 0.604653716505878 0.5868172274008584 0.5436272012059713 0.5041415777010145 0.500055156311564 0.5230576844215461 0.5025484651427622
0.7631457143426613 0.7933787663959817 0.7597596444166271 0.7293765973389084 0.7140685991271378 0.709745424959237 0.690582432103563 0.6745057523044727 0.6857247840571113 0.6413539246479697 0.6522648405784857 0.6780777935085822 0.7079211467454803 0.6791094097173545 0.6978636186548586 0.7146786149886115 0.6884984609742085 0.6626083169970763 0.6819863401761814 0.6654137299721894 0.6878800294074808 0.6754512403240276 0.6583462058319717 0.6525190978589818 0.6517729519698648 0.6714238183071908 0.6709627274624864 0.6478437468955709 0.648893316630851 0.6468536055309073 0.595745148447771 0.5980722151092792 0.5895413304409205 0.6268939974190583 0.6605042348646337 0.6372762470938492 0.6111125729771584 0.5808024464147159 0.588938580511405 0.5634153523185612 0.5748489179137861 0.5596334431357582 0.5306861516002525
0.7706526008109821 0.7989887947359661 0.7729492492225384 0.7190083442998473 0.6995305302459165 0.6913193838060726 0.7049425938291668 0.6941962749479254 0.6858395662110417 0.6596358113038114 0.6364058317826551 0.6757017532925973 0.6649982595388196 0.7025254640942021 0.7006880796423943 0.6836082217519617 0.6672911496301216 0.6616011793393822 0.6907964170526518 0.6591125886374961 0.67582734266387 0.6458399449337323 0.6865657061758063 0.6410669188730876 0.6091544405678636 0.6753090132720883 0.6882190750028306 0.6515396620788704 0.6638889844658461 0.6509692373184975 0.6308378175439262 0.6016200559350433 0.6090200076517359 0.6062324589418844 0.6525142425708209 0.6189752379454174 0.6160416274337106 0.605974540605044 0.6067988850829487 0.5953053233728702 0.5747873140134047 0.5968477506133713 0.5666966891252266
0.7769526902625101 0.7945780493646397 0.7867269904305009 0.7499842685282444 0.7154739392161209 0.6602248328956514 0.651148235631307 0.6554900673190772 0.6994379736972302 0.6836805086410651 0.6814887596560799 0.657484957583598 0.638197295055459 0.6714824165508229 0.6922558777699538 0.6572401565795958 0.6734201385243963 0.7005491012535543 0.7208821391736823 0.6892365986884182 0.6890624571578283 0.6511647088418291 0.6533073606092773 0.6421706546545141 0.6368916056106605 0.6270047726839005 0.6301665164799695 0.6351347751431505 0.6238161010013633 0.6369030407176791 0.6595878989825815 0.6498875958071026 0.6263871102444281 0.616671605967739 0.6215803112337496 0.6403117038383381 0.6025314011056286 0.6338118835322355 0.6253905822698163 0.6102370910808399 0.6191978383352966 0.5980568227215447 0.5610414956265805
0.7873121096828143 0.7810939416399176 0.7596225730409473 0.7351970530101739 0.6744436675872623 0.6638617329788922 0.6446860530777595 0.6610397912268499 0.6926385777503236 0.661677784698578 0.6526199557532139 0.6293795667292913 0.62940507194719 0.6354899571287058 0.6459003152788971 0.6233996691056712 0.6537507302363064 0.6732572965788619 0.7001581709506062 0.7108756587189442 0.6689082543919318 0.6356455763163663 0.6515243376650847 0.6312569239882182 0.6100371639375823 0.6070702133076759 0.6521508631842915 0.6489778048902715 0.6041716916296157 0.6170998808885085 0.6568393882748786 0.6221885237725865 0.62395220214776 0.6367102259744012 0.6604724256419712 0.6689122949857068 0.62406347370694 0.6022990300190237 0.584819390094263 0.5988796069221286 0.6238725609480477 0.6102858969299505 0.5629754658650499
0.822088940969747 0.8212480947178725 0.7773288851506952 0.7117652676057168 0.6611715151357122 0.6548895137175097 0.6355190352927255 0.6627051538943513 0.6468091793196485 0.6614041294983181 0.6719360060084499 0.668308480978255 0.6703459398252566 0.6259103777236612 0.639145611159311 0.6027241757141476 0.652065904843726 0.6735064433180519 0.6879605501877443 0.7073245238408011 0.7037611759949614 0.6688253185771913 0.6569172923633863 0.6044260546590879 0.6231270568869017 0.6204587916976054 0.6261954357976838 0.6092090997178992 0.6204744431224246 0.6211867058356324 0.6361359519591702 0.6545435436131634 0.6532579714643293 0.6472265153279875 0.6442343056003682 0.6541209303003047 0.6239194642490177 0.5862183006504802 0.5737033744617454 0.577642277491244 0.5738917448909118 0.5835243817497291 0.575208987649119
0.8831200596549127 0.8446523757237847 0.7611082058828322 0.7296449467899948 0.6771418684638986 0.660430846663043 0.6255506190533546 0.6334498519649222 0.6382130608761138 0.6281514919056324 0.6454210012437405 0.6684369964826272 0.6687907695491319 0.6225801548829556 0.605765463995362 0.5853022599812674 0.6002052551739583 0.6809761444862772 0.7049461862698368 0.6786595818993286 0.6945703354901107 0.6348068565162316 0.6330689522533839 0.5979078633850934 0.6206265052068924 0.5830116629552707 0.5748678736123594 0.6178432923869727 0.5970296713744124 0.62319361299513 0.614689400058672 0.6456457238380217 0.6352194254488808 0.6399350321356218 0.615778931813235 0.6169690447658307 0.6285646508915413 0.617987189498821 0.5946462292525883 0.6079157266553608 0.6077800901902917 0.5685100514334153 0.5278058192721825
0.8798212307427964 0.8206853514626481 0.7858911123534589 0.7295811232902004 0.6724167485019591 0.6669414563913136 0.6383088945817773 0.6144851619957098 0.6292728523257216 0.6023946595134878 0.6381149757636047 0.6449213885863767 0.6369720702407203 0.6263955640980132 0.6082579100433438 0.6086436181520637 0.6463450625608392 0.6414320832906927 0.7060129930206032 0.7123203496395114 0.6526070628196048 0.6306080824296276 0.6007274771860939 0.6093272171610458 0.6076938594139791 0.6004340602511737 0.6152461719690009 0.5912530370398297 0.6264506540547277 0.5868474485925901 0.6068420217598831 0.6409994167959389 0.6160491939752595 0.6451728309256541 0.6547555757568585 0.6461469528730256 0.6523211640396523 0.6175655280061704 0.5937495409446709 0.5979174757321248 0.5925117319611173 0.548798569530737 0.5616417434314263
0.856076758506592 0.8072481878333443 0.7967334033126717 0.7481919078624836 0.6997832124298174 0.7009260281924874 0.6772892061933479 0.6568892139355915 0.5936823516063184 0.582938616556302 0.5836763290040923 0.6187752489922675 0.637479849581391 0.6441761084521092 0.6154279693333484 0.633915418666112 0.6273032832229916 0.6506266234345965 0.704404819004476 0.6968694004473492 0.6737640537320149 0.6611340135361212 0.6190462952238976 0.6520719809070761 0.6281888662571665 0.6295065978701823 0.5965199284053798 0.5989024403116813 0.6365904176804242 0.6082197375632259 0.6046463135424057 0.5940121890863757 0.6133930185281673 0.5926495031882099 0.6264981915981808 0.6271141030169483 0.6554989359883184 0.667532731505485 0.6546017405289525 0.6094141130805968 0.5968884066200743 0.5763048177183839 0.5498341896197102
0.7994315476806838 0.7859877833392703 0.7576413409942485 0.7548345598192592 0.7455989532723348 0.6890124382938597 0.6882882484793563 0.6446749626339998 0.6199846678380684 0.6039254295944936 0.6000548364364501 0.631164899486961 0.6510740815804217 0.6313947602125916 0.6420546712763706 0.6558202221148914 0.675670207364521 0.6897417449872346 0.7131691031510533 0.6801676456504219 0.6592101126045234 0.6744319619228977 0.6459792280315257 0.6602904480243009 0.629935728203437 0.5925292864757308 0.6121901193426403 0.6202884971119518 0.6067515730837602 0.5835822984237524 0.5942028800950032 0.6184630561475224 0.6298594090885683 0.5911543728794959 0.6176933576404815 0.6415092877845965 0.6135507936834003 0.6434871414118033 0.6360674636040952 0.6399800479394783 0.6243317978602458 0.5982145449112269 0.592451720248827
0.7922479332834041 0.7693514808654862 0.7759196125501765 0.7472226063970189 0.742134427804487 0.7216974640308076 0.6798910869398977 0.6690238990374076 0.5991554398949053 0.6108410907565192 0.6274970049362788 0.6129927437335967 0.610571770355791 0.618623385355548 0.6480642850352881 0.6323202520879712 0.6554598050777822 0.6503739517276325 0.6770609907767364 0.6818402630785433 0.6887322359580805 0.6726860450236485 0.6580290590288858 0.6624273006294379 0.6359253508449635 0.5783977968911879 0.5892056387559136 0.5689569318227584 0.5894031733328082 0.5725951976105941 0.6105464349575639 0.6320941365500886 0.6307800363816117 0.5886554826335023 0.5773768325262992 0.6111484827335478 0.6142170934028055 0.6172150246588334 0.6068932812226855 0.6145820014829456 0.6380459360072424 0.5926779498525767 0.5761670715319179
0.7576279035520195 0.754992264507266 0.717398764039287 0.7231742050902291 0.707528637702459 0.7016351727414574 0.6738662527698782 0.6576504933295952 0.6162758552495551 0.6249787634410751 0.6570256933407571 0.6427254841417248 0.6127142084377384 0.6205015820970606 0.6120921947799131 0.6447109184189287 0.6636003989500513 0.644778321867209 0.6522013078454166 0.6689821629608784 0.6364777442874351 0.6574237361015761 0.62328323787427 0.625308299259237 0.6141187863150327 0.5836666140747976 0.5976775163677517 0.5787582014482648 0.5745221514378778 0.5883214440184924 0.5727445816568806 0.5828779312756147 0.6344261874844079 0.623170602253726 0.6263289295186549 0.6098833362982982 0.598545631982317 0.5888389792963324 0.6198608395781253 0.6303518861080425 0.6189832137154702 0.6215779347277692 0.5941636775272582
0.7826341644413412 0.7325392395804851 0.7152403219699054 0.6963071612540281 0.6732668923566286 0.6638171147217109 0.6237758379421169 0.6370117622186896 0.659497767325971 0.6627873463197681 0.6375500095683319 0.6595172828587202 0.6563931596098951 0.6245629962435624 0.6216309208700586 0.660073006476089 0.633232668682454 0.6037759500912045 0.6311715486117307 0.6355183017500656 0.5814283873684744 0.6053710102419134 0.6065898121934035 0.6029564373830532 0.6050630372108848 0.5572592175022217 0.5634833678688638 0.5815484182426025 0.5668151852984599 0.5875294867323685 0.5471653684146076 0.6039531002987523 0.6078955035761237 0.6208366873800214 0.591205263747422 0.5923682265527018 0.588988595565681 0.608256053927637 0.6265290906717454 0.6372229867807825 0.6774489897492982 0.6691310311591845 0.6671984619803427
0.7454884522979937 0.7288462170741642 0.7252208967041678 0.6948210872845447 0.6778956772382906 0.6548363561936216 0.634862376271954 0.6317596731277163 0.6225851369544175 0.6463311445314412 0.6446855090749656 0.6221180695323857 0.6600790510678731 0.6575006671591463 0.6577592871345 0.6358294859582351 0.6130658622753535 0.6116571458891471 0.6163321157840775 0.5868974411489437 0.5577380402893527 0.5565454401752913 0.5661775621348191 0.5574451088998006 0.5723802033564922 0.5444125759012335 0.5657446333376719 0.5363213344514699 0.5331329639633252 0.5540384356665907 0.5669472529912257 0.592079994284602 0.6116996559635162 0.601180880347129 0.5578124578786368 0.5654475178921333 0.5888619947534884 0.5991149110380247 0.6222004674789025 0.6482754292346969 0.6506570441103888 0.6448712561578133 0.6536575984926066
