Raster_benchmarking/DGGS/continuous/raster-79.asc
NCOLS 100
NROWS 100
XLLCORNER 1743165.4092418156
YLLCORNER 5469279.059741743
CELLSIZE 10
NODATA_VALUE -9999
[rows 19 to 37 of 100, columns 0 to 42 of 100]
0.18647045576014792 0.23659645053982928 0.2456364817609141 0.2643088004271209 0.2962689785062046 0.27096106724669333 0.28293507263178136 0.3114442292472138 0.29683415470151914 0.3353162473993098 0.34340443902471873 0.3264604153368058 0.3439795660862829 0.3800513260666132 0.3976580026390384 0.4438693310750632 0.44436401877484016 0.5055346644116002 0.4874689281648123 0.5157980871262925 0.5070321106981723 0.44809088422206994 0.4610346020627297 0.4684343646481549 0.4613598262518089 0.49850576752296394 0.48162740306311075 0.47272099906078047 0.4346672789188718 0.4368824327959993 0.40179684000673777 0.4319495341634674 0.41739845506265727 0.3637937933966887 0.36070757846581547 0.40339247529413325 0.43115567173173325 0.4400924637759914 0.4562627856415123 0.4668871004391133 0.5108845594592125 0.5642920188280209 0.542017304856099
0.19327503187809786 0.19646100307064734 0.22052471217997774 0.3042118490537189 0.2766338760600324 0.23173317857417017 0.2794467144039706 0.28768973937290265 0.27902804865415914 0.30175046996419436 0.2984517686575537 0.31188318555487765 0.3699901768711157 0.3492181946303417 0.4173178391541875 0.4688720243804322 0.467953936066306 0.5015339320198843 0.5096058625670159 0.5126174130866795 0.47529950281022976 0.43148320381072336 0.4556938443721333 0.4346788455695388 0.47551757255455834 0.4775372215987369 0.44281103670366234 0.4649786583556714 0.4201031862243109 0.4544963134654157 0.4431409235587556 0.4282917073760982 0.41208433785134213 0.4332756239948535 0.3829182570137885 0.3928486355887524 0.46179077086745013 0.4814257629070374 0.4636253829892168 0.43607822717735173 0.5053846159893964 0.5602261857341166 0.5427652622066655
0.1970195790625231 0.19190482883491536 0.24040004145306976 0.26817169889261017 0.2480539564042052 0.23629937552412478 0.29588174495601005 0.29008907079944213 0.32627228856468315 0.29066620646079594 0.32345809190012764 0.37483424719918396 0.3844822187745211 0.40990897215408856 0.40589470940487316 0.44699130240951745 0.4634921922655439 0.4875380602562035 0.5001436747927556 0.4940053834279037 0.4458195623775395 0.45242132147485625 0.43189792194435367 0.4545039519765944 0.44381627395606793 0.4784352572813773 0.462208135143186 0.45453821941794365 0.4002483917877183 0.41630674286133623 0.42423276102515645 0.4144342881893465 0.4189715082229188 0.4377024417767659 0.4504303276491338 0.4678637128021387 0.4534076907665906 0.4832611268759605 0.46386402865491616 0.4637860873058062 0.5082472231768775 0.5635687158775328 0.5870803357626052
0.16903879478486458 0.2448469413643899 0.2562006895801743 0.23264948378410388 0.23340599119404784 0.2583499158068166 0.3091329542931936 0.32582876586878995 0.34649435893079567 0.31889718541043194 0.34547704619045755 0.376023882993943 0.40608644570086255 0.4256588483763042 0.43332222819398597 0.4082022950279019 0.42414715377169593 0.46892581254999605 0.4319524903762084 0.455083316197514 0.4344913309607128 0.4433393752164745 0.46935810269287265 0.46998135263452834 0.489344757703388 0.451958635986448 0.4518113429424877 0.40313105698694857 0.41558884212145114 0.392003132150917 0.3814064166319425 0.40311502575289043 0.43737165566339137 0.44520960542633486 0.47848656763847863 0.48425846667579875 0.4555971631594135 0.5086128873691389 0.5194520268787988 0.5236314055193932 0.5150229819983999 0.5742174873251434 0.5789465574639557
0.18436807451485177 0.20323489589845584 0.18960176764705636 0.22439273522405817 0.22990593366391265 0.2570658817509021 0.27587811234554044 0.29792629276922933 0.30355178567749175 0.30362143555861687 0.3648787943177749 0.3471523632478469 0.40126599811050645 0.40301000143324645 0.3910327393894686 0.37623593959557766 0.4268061622259735 0.4011437056466864 0.40925875392889827 0.4486710331852784 0.44802829970562336 0.41971482392800985 0.4252853057730336 0.4618079817778278 0.48133216502674975 0.4728342549800365 0.4424254163951501 0.43587288794793905 0.40364479264401537 0.41202561217660766 0.3902671526800467 0.39951994786924644 0.38784897479538155 0.4274165247455611 0.439732627454081 0.48085990168968507 0.4938557367551583 0.4952017968479728 0.5150763724604017 0.5434841561050459 0.5134708105271258 0.5502994066865784 0.5925512072808005
0.12561269081227294 0.15768969862741955 0.16230009432103365 0.23199764522234223 0.2574723142449666 0.25758143032179776 0.2455179593390185 0.254171879947504 0.26801094395875374 0.3229006171068308 0.35850182482207005 0.35962080092552606 0.3757460785606871 0.3573232146506497 0.4023745188323053 0.36398159343598213 0.4243330966978048 0.40710224944293394 0.4368349752072897 0.39438086565451297 0.3973792877790184 0.4294605088932244 0.46347702446278644 0.46971326399844765 0.4516123371282838 0.46670036948318655 0.4554376477675206 0.44766200411745194 0.46532427107320457 0.4527292811654237 0.41010083258966995 0.3685851457844763 0.40528561699569243 0.4260620138679664 0.4748511605876422 0.5048642255127704 0.525001006246659 0.5456829576869698 0.522934142589589 0.522657723620206 0.5585708714406481 0.5475335445821524 0.6184086616921712
0.092944876951464 0.12548012344901402 0.167142772105928 0.1809044433520187 0.2064524110283772 0.234065197428112 0.2317810979822266 0.21125163112898318 0.23229699353827316 0.25076942413212105 0.26936457958409243 0.3246045168797156 0.31865785576993316 0.35338903892094914 0.39552055976386 0.4191360533336805 0.3940467532755816 0.4168216800159121 0.4260466879085529 0.3816626680401716 0.4138208668251135 0.43548666636670835 0.47329832501297064 0.5157530577589682 0.4973398845572617 0.47516358328433916 0.45308153455919115 0.4516873646302504 0.44093669034955657 0.45925354862226014 0.4467512455680792 0.3764493655144847 0.39123261860469966 0.45300048989913205 0.48415427422130713 0.4626735868451721 0.49947356036730073 0.49745676929877164 0.5378371065827138 0.5321213574929118 0.5347671535954214 0.565576163557643 0.5915154709748192
0.10117914855147923 0.09820906761013103 0.15558924413831396 0.18572263644861747 0.15156604823988615 0.16410420831534364 0.1668936681957157 0.21834168768372184 0.20872910403504152 0.21891731986404434 0.25536051043766905 0.2677519582572748 0.3231478818394973 0.3467555270938443 0.39007982199024543 0.41214895766693976 0.38881659716450717 0.4126297383130066 0.4298002314079961 0.3834704571436149 0.42157486817827167 0.4417845280658767 0.47257920693524696 0.5079177182685445 0.5015969579176259 0.4704173765686538 0.4634485651212759 0.4491243466671511 0.4094956988160625 0.4528480578494631 0.42687856943598407 0.414739522497109 0.42996105263795376 0.44657200151328946 0.4677636654588928 0.45725968509443665 0.4801274744322998 0.49514310038302717 0.48431749914381167 0.501255637513855 0.5221544219856439 0.5430326040261634 0.5832331967129544
0.09483280667531027 0.11733441771743561 0.14871344822217103 0.15132608609103262 0.13872000993203842 0.15386183024001854 0.14222853861684898 0.17615685484647747 0.19508107208016032 0.23697516684201392 0.2505008111660281 0.28984050088287033 0.28803069054298464 0.342236390583819 0.3662834659816373 0.41441130673182663 0.43098477239005395 0.4384854348191869 0.41586677236230085 0.4210381824086202 0.437018381835282 0.4658396213066885 0.4776605784608798 0.47590086957542116 0.4946901599882234 0.4681198756511419 0.46143954744142035 0.4640311827077045 0.41339624034382794 0.420183426783624 0.4138562898459806 0.42829324948082426 0.44447019663700255 0.4663394836510112 0.4602726011099483 0.48609238199087657 0.49247716493213095 0.5072975932834697 0.49460875444480934 0.4764860371751171 0.5356851135883737 0.5875368207165794 0.6177752856914432
0.09506645045308365 0.08811322169717598 0.14015926377062604 0.1207842138953116 0.09858547412760041 0.09844113640790342 0.12457148337176942 0.14382484042848917 0.1766807399878219 0.23519694864455878 0.25012431718594813 0.2785041174657926 0.3094194987750078 0.27875936799977835 0.3532160907322863 0.39711258753677203 0.401715983683376 0.41299552860976163 0.4034156089085029 0.46917544250588405 0.49971651874019596 0.5209631607360397 0.4864432735813661 0.5207945288902136 0.5367494516969082 0.5088351316712506 0.4355522052889705 0.4355652655237396 0.3959291499143139 0.4109468723540784 0.45332454886095336 0.4789400597407019 0.459767822307295 0.47268690325863655 0.4477812635497075 0.4595201156167281 0.47266591610821884 0.5087188237437199 0.4770927718260686 0.4906291523346003 0.5319858285505383 0.582051549021134 0.6062097426949395
0.06082611132488563 0.1118481640174293 0.12797493382844896 0.12629398476947 0.14530965119816183 0.09906352603365624 0.14057479647024512 0.14042057102353966 0.16242499712506184 0.2085198170635558 0.26472638424556666 0.24771404952370954 0.2924621701244535 0.30864248612669426 0.34458689176452895 0.38531410642488645 0.4027809105313723 0.4338421734323475 0.41709665410078406 0.44366515715479427 0.5028867608741794 0.47973064125107706 0.5057550732450641 0.5135181476277564 0.5086265328234738 0.4551446103967495 0.4427683551951324 0.43779311562090345 0.40905043422924253 0.4533622952536141 0.4576820190785567 0.49941085371433913 0.492315571512704 0.4834465679762547 0.4499253968094674 0.4590929292042257 0.4881566158131052 0.5413294492956049 0.5050902873379858 0.5071705109575728 0.547750074579202 0.5767928207219962 0.5900342372305206
0.04463884150241636 0.0846240416923466 0.09589920617229254 0.12004535416918559 0.10345858587603485 0.1273556405721982 0.12822288255118844 0.15733379111052156 0.1420314537343195 0.17511093368548478 0.20435875425969152 0.26329811962059074 0.22466771860027537 0.25126337924841924 0.31913931464702516 0.3623327873702459 0.36974159296554 0.4288368876274517 0.3940419247245332 0.44530762888647646 0.44086981808235903 0.4693194393740497 0.5063984664299062 0.4685717533189665 0.49610025690729054 0.46409322420152255 0.4756805550359388 0.4369698499956988 0.4112408508632964 0.44089272866066664 0.4621700130466272 0.4959720801375782 0.48443835607162433 0.45378613920041955 0.46065098626460743 0.4637318840389692 0.5038213265040054 0.5588233595962228 0.5272467951156017 0.5188100787528714 0.5668948550743428 0.5506498023951754 0.5758441761639306
0.07135443956793654 0.09345013947259356 0.12673417334394235 0.15088906314773 0.1232965901505396 0.13754164712144032 0.1733085087041646 0.1740018393130198 0.12479800490658156 0.13136802982889087 0.20156124502105477 0.20271448636387557 0.2011837806419614 0.2486570824958413 0.2889625231449473 0.2801700745123159 0.3224081202320209 0.3416556663651141 0.3816985790626876 0.41437148892950654 0.4139732697729154 0.4611912323136944 0.4762010606350969 0.4944680664299709 0.476853096351689 0.4625407147105794 0.4683437454620054 0.433254097264066 0.44454440990497873 0.4660885506045755 0.47124142896624854 0.4600937306930305 0.4614546226657022 0.439169500374215 0.4696865586862763 0.4965544551135978 0.5305513870942733 0.5104388483045409 0.5603819069413194 0.5657836824089822 0.5521976212588477 0.5701178655719681 0.577681232890782
0.09012421410672591 0.1729910476152762 0.16171822742755051 0.18088253421746278 0.15947677532549864 0.18263539659988923 0.16186455286737095 0.1552888220455392 0.14404071436770652 0.11572122916353086 0.14654439468080938 0.148173569934976 0.15441760851329311 0.23817737984779527 0.2500482225622787 0.25557078047248943 0.2794659172483442 0.3276068506036106 0.3557862394528586 0.4216642668442707 0.4271969481451472 0.42004033863761975 0.43280411695145143 0.4764263088496074 0.42649590732785553 0.45998956443596895 0.44970013606487075 0.4490152246196111 0.44616114273987517 0.48796949069885753 0.4956329035741131 0.5038600048729326 0.4696516273160072 0.479274044530798 0.5145629072443045 0.4993465280081664 0.496086095354274 0.5091207285060303 0.5582527160388555 0.5905407083575148 0.5639191888499577 0.6161811715643926 0.6079573056636917
0.1418179414497176 0.17565301755715443 0.19554118403583662 0.16228540017401882 0.1831677884972861 0.17749434963715585 0.14889086022983186 0.12532358676256974 0.12101450269494445 0.1053766438686976 0.12206974631480443 0.1598126581226501 0.1415594553703935 0.195586599754604 0.19175827648082952 0.2501323845634601 0.29713394868578447 0.3511779488784808 0.36175672207931964 0.38748917528627935 0.4195935390173962 0.42106853148348855 0.39244286057571576 0.4254078782310999 0.40558421933509536 0.43664813593138957 0.4478925547847464 0.44262206445810237 0.4754616897718695 0.506089803072486 0.5032364201803277 0.47636265406614664 0.48134720943797243 0.4835329441965718 0.5284499325801503 0.5099830112909144 0.5492756144882863 0.5438235251600464 0.5969869858619361 0.5926040386598105 0.6042411959529956 0.6315814390845321 0.5982067257149607
0.11411175288703605 0.1659065905727718 0.18134896872416578 0.19247719767134028 0.19105472613959926 0.13301098946197099 0.16202064582314502 0.09962872140765296 0.10555310690575062 0.13120666285416188 0.14521886560481528 0.14475302520876385 0.15653252022474765 0.13399925081862474 0.18128179232956151 0.24174179793892145 0.257836324426881 0.3263691341604925 0.29881634178988054 0.33887217564494254 0.34788188304383694 0.3807930460101487 0.3688894386451854 0.3700797517270847 0.38484445396629247 0.4012626490647035 0.429357415183212 0.4357099394068825 0.45817517400686 0.45637616316309915 0.48536965291672785 0.4826765578607748 0.5037299769184906 0.5034718683637789 0.5195665547208236 0.5706337937896264 0.6011111953524306 0.5696858800290893 0.5718934807611552 0.6043393850598581 0.602091472444517 0.6215104132392166 0.5908882951180967
0.12253981578259968 0.1265448935654093 0.16687418788107178 0.18975539120749504 0.16744660662148217 0.12591020382925963 0.14898590795156125 0.14815771775059097 0.11349480537084868 0.10287941010993973 0.12486785096473825 0.10295188019053876 0.1403341268775543 0.1412589305480186 0.1594799639144759 0.1870494443980895 0.25632351019674915 0.23758168981340433 0.27351366058453275 0.3022270445581363 0.3378646075781742 0.37463230929992 0.40560986769792984 0.42792265751339187 0.4109069041048951 0.4234416752396882 0.39736835404591947 0.4196452157152795 0.40007165942678724 0.44147896170030176 0.4841763148795931 0.5068724549018265 0.5058779781418237 0.48890148354194296 0.5288487007407547 0.5682340427619159 0.5998091719440909 0.5633773368947156 0.5749093046152302 0.6045129770826215 0.585348003480963 0.5937559503335337 0.5964141218153519
0.15005025541883701 0.16191137341444323 0.20049371367318478 0.15442614705049776 0.18150424641220916 0.1646770381927367 0.15226466382195591 0.1592390366732014 0.1366520321983602 0.10581944624331636 0.07580661116352022 0.09544411149035574 0.11777020506343489 0.17233243426705452 0.1539024876848468 0.16016942287255734 0.17988953066959468 0.20579107506793 0.2460420301790908 0.2814144136930592 0.3109693410450668 0.36759090125399885 0.38771516400416983 0.4172947293004795 0.42706809597466155 0.39263033249543583 0.42106558413352646 0.3900121857699082 0.4362808374482458 0.408361587240613 0.4616786597001064 0.4922801396418268 0.47438749200245917 0.517479278321799 0.556057502192216 0.5633684656471063 0.5689545605927578 0.6038821939287468 0.5930560318691324 0.6262079783720994 0.6197865029240992 0.5787183691411768 0.5837397953912314
0.17378042572423166 0.21694032404920266 0.2019910955572869 0.19203845774814493 0.15429892329682154 0.19033154173548714 0.17331578574706527 0.19640481781430788 0.16785346497234416 0.14626165641532174 0.09189633966284153 0.1296832060084173 0.12728442130592582 0.16072609601705526 0.166389903926749 0.1508619076565362 0.1755060248449315 0.1984011737639605 0.23165465534674085 0.27736623953259 0.34183476947319463 0.3656440971193975 0.35789075384692876 0.37617670103698975 0.37679884389765306 0.40688389350568793 0.42320776686355144 0.40371039311001616 0.4279725443614765 0.4201138725649708 0.4606952573819291 0.4492719252992673 0.45920915005005913 0.475074093449731 0.5034075266133201 0.5790775220654244 0.6058852150781148 0.5803460795122978 0.6136146051910593 0.6180217820165573 0.5918801423729476 0.5993163750444322 0.6290950119212423
