Raster_benchmarking/DGGS/continuous/raster-383.asc
NCOLS 100
NROWS 100
XLLCORNER 1743159.5545171797
YLLCORNER 5469293.097946162
CELLSIZE 10
NODATA_VALUE -9999
[rows 38 to 56 of 100, columns 0 to 42 of 100]
0.09738791182462943 0.08903000059182715 0.08048138893880409 0.07740847113100836 0.08967381269065283 0.06740200720447798 0.05822261228117059 0.0986445850036357 0.10959218434089221 0.15983430646166638 0.17775284806029018 0.20941494457453624 0.20040427881048375 0.20575153283315556 0.19310940281040234 0.23477763139371263 0.2268012692019188 0.28708498712441455 0.3116749305168065 0.31601207056876507 0.32182280609974523 0.3606472586798939 0.39298489522354596 0.3998878161599802 0.4121817098306518 0.43589219156316183 0.4339766455412644 0.4697529050582518 0.49594744012391495 0.5463745368209904 0.5618071357791652 0.5793669761845388 0.6030964750720623 0.5963211978508445 0.6305038282267414 0.6525073425810576 0.6815207928310917 0.7071074914850801 0.7332052098157634 0.7250777713822747 0.763950162087686 0.7766651199654147 0.7692611551848415
0.11900579525338748 0.1145757406135726 0.11676472176719903 0.10546962095876777 0.10689891455877377 0.08173281529793643 0.06395134533541888 0.062008089901885464 0.09243153281871007 0.136886761844579 0.170794972648574 0.2076844612021931 0.20562970713285436 0.2040744971400108 0.19522178128796006 0.24070238246600215 0.2299312406226819 0.24218092031399363 0.2783786052481891 0.31462743257806114 0.36836922257418797 0.3653342474996417 0.4103405083310469 0.4541265048830824 0.4179575361879914 0.42844543385623807 0.4351471428377638 0.4659549083585854 0.49188554116079286 0.5583647685308707 0.5679962914111994 0.5672578058491546 0.6033345931791809 0.5961681878130418 0.5973510150554724 0.6335866791343951 0.6638916457738357 0.7262499184068498 0.7241586766224968 0.7602727299709494 0.7725373118129979 0.7335443664432719 0.7568167711859589
0.08950276120134787 0.077242069828974 0.09399032917353034 0.07151795757757261 0.08941669463361435 0.07019773804341901 0.06645008007732663 0.056311363086406926 0.11192505018969284 0.13318286376132787 0.15761360824307924 0.16030790607043505 0.20801857118761724 0.22319018367224877 0.23962627166373485 0.27818307845967205 0.27698892258916885 0.26409448493951615 0.28949881988051884 0.3537166017518236 0.3769032060185592 0.4167128643121215 0.43383285337424915 0.427664666381283 0.43713386994678144 0.4533468482737921 0.4937864836196591 0.5133343925494245 0.5287435401244146 0.5288414939017421 0.5749770981808643 0.5873842571610188 0.585600146553185 0.5881481421061596 0.6131807236497464 0.6663119245407458 0.6966244733126064 0.7097725472493458 0.7258149934057216 0.7471542197136617 0.7410451798045781 0.7585062229178166 0.7860859820172253
0.0768525908572323 0.057195882469875704 0.05794415143228583 0.040631661623233735 0.07260188483887778 0.09249991601283203 0.046348243012598885 0.052068249057405425 0.11195956711681704 0.13541269635770894 0.12674902491147158 0.15653083239687887 0.20464605013523393 0.21255007310995155 0.2153706448745949 0.2608002767299947 0.26472237308160423 0.2919176792405701 0.3404509628508162 0.380477709252074 0.3583340507942192 0.4000497302335749 0.45344913163194733 0.4711334317000254 0.47915607526360077 0.4833112440892203 0.490329980676431 0.5277120496864248 0.5487668039880603 0.5381143966111914 0.5834019605115803 0.5959948808047396 0.5979962719910993 0.6149232037746881 0.6152116126549408 0.6747586500623948 0.6749369815846221 0.7037391870111378 0.7112402867442081 0.723864274445426 0.7168268724693664 0.7483389835653661 0.7738775083578254
0.0955845271865845 0.04562939313561729 0.05198504034808995 0.06766315551765555 0.07644871954039101 0.04918667408854613 0.06246420470417057 0.06994618937418265 0.09772637878747747 0.1436794385083633 0.14121971783265116 0.18236406784786935 0.19122872758880533 0.21514313543594105 0.23580186839708545 0.22434143605464757 0.2463311437359056 0.3142126550564816 0.35302698088525564 0.3918234635480945 0.3731301274141146 0.4259105317797204 0.45322584259368354 0.44113921896982017 0.47625741668161775 0.48854591950125315 0.47158832482586815 0.4711780603299357 0.503041482383481 0.5320462596424537 0.5261999881376536 0.5603941815744586 0.5857835819312075 0.606838483906338 0.626905024227117 0.6611819368588936 0.6852242690625022 0.6749823024885723 0.694668623407886 0.7184641905977585 0.7105845614901538 0.7416807389151501 0.7485188712025177
0.07673076757262388 0.0396141225054549 0.04507363587000239 0.0647968613850999 0.06284725075107994 0.04178810008412347 0.03241387913485537 0.054136714171022976 0.10886218818571898 0.12693059409163784 0.13076092497702416 0.1550072065150153 0.19648104267184038 0.19886215713444932 0.19745859718384737 0.21648429316902734 0.2642894151950634 0.2816951933557788 0.34187712247784013 0.3680878897519794 0.4067640697455134 0.41831022569278903 0.4241445890647143 0.4297676672355545 0.46620335789782963 0.4408131422650574 0.4786302367473252 0.46756623802792807 0.48179377963802306 0.5403440117780708 0.507467729331135 0.5127273880350189 0.5691054923806349 0.5768262410446255 0.6397000722489203 0.6803926077350065 0.6591396162959786 0.655252402326229 0.6431474626096706 0.6576779583356471 0.7238076555995815 0.7555135128870296 0.7553892686641599
0.045295346922096295 0.055543224704908745 0.05158519723054251 0.08315203822487222 0.07650984716394023 0.07196288805948746 0.06320523894443796 0.062276605854352664 0.0874012172556542 0.14285825188571388 0.16955089203072482 0.15610492817717406 0.15497937242982984 0.1816285927173179 0.19511838867870226 0.21690989441546765 0.2335309408285068 0.2880115169487626 0.3115826884579822 0.3375877759130364 0.38176125036951697 0.38734496150794406 0.4188857328465248 0.4135224904841632 0.47217965241947685 0.45410154912030737 0.4529148331353038 0.4836343954937035 0.4921407723290951 0.5300457355041872 0.5212541106788492 0.5474603304331692 0.566515456893086 0.5860426319401132 0.6252942500085382 0.6470873655816803 0.6570620064572505 0.6713297909714173 0.6496499433816822 0.6727373214877927 0.7288959498049405 0.7410637295018218 0.7072093539981785
0.02827529071373248 0.05660009832811182 0.06814689248062877 0.060739704562598036 0.07275964946833433 0.11697978528710826 0.0899347033322476 0.07275852959058987 0.11881087410418312 0.159189445128097 0.14801563778031387 0.15427031480298806 0.15277690916804063 0.1693549438529497 0.18307755410813026 0.1721183325198017 0.22668211083524478 0.24009349424146018 0.2924710115871555 0.31959228699865666 0.37594927179719084 0.3857289121967607 0.4386523637577236 0.425524912802076 0.46950657181012917 0.49449642209340944 0.4754505169910952 0.4895757013051369 0.5097820157973342 0.48669805020248597 0.5194160141862357 0.5583144225798241 0.55788428377826 0.6082595572015399 0.5997402495457735 0.6295464166944029 0.6514807419091934 0.6395811752444021 0.6718698080964939 0.6855153575914776 0.6914872353393006 0.721098907874445 0.6839298976584249
0.04935505621793508 0.0846927860330796 0.05250984802611696 0.07684750502935363 0.08491311020573365 0.12715731577709918 0.09296308597703687 0.12572863363461192 0.11721691177003811 0.13626522274874306 0.14313453734914824 0.15022262252711377 0.16421079020394616 0.19348346450567772 0.18876979989984988 0.18986116765761413 0.24309002139236494 0.2565415585967377 0.2733413907108147 0.32009216917059724 0.325465815731384 0.3955614327288932 0.43827579622109686 0.44575607736342393 0.4596467728229127 0.4845800616816359 0.49211568735543615 0.49899062132198485 0.5174096652940364 0.4880643278858386 0.5335825824575574 0.5611894578629748 0.5883776542000083 0.5847002961235721 0.6219629681463427 0.663154957749895 0.6683374661543797 0.683028489845642 0.6587826091772965 0.6820252790998154 0.6761650976643669 0.6950853200463825 0.6943827469908468
0.06339775961585507 0.10540450682392048 0.09269159253206646 0.06498947819662207 0.09006776205556614 0.1244055915895391 0.11681679694295162 0.1217384080324744 0.15238321454644088 0.16691383909798896 0.14049320627517864 0.17883817999239052 0.20203125017117893 0.22841898359386467 0.23451813589696957 0.21731545978942507 0.26773744337205185 0.2910648741257967 0.28412961103528245 0.2929244325233912 0.33628451767128326 0.3653938485230829 0.4259696955197778 0.4897048362365493 0.4921095513196333 0.48042733661023934 0.4992043311699696 0.5483606849072522 0.534124817710485 0.5002347675969372 0.5459694370161531 0.5356206939994735 0.5706126226772088 0.5983220986177665 0.6414445053978369 0.691754003756413 0.6588958898918336 0.6927078009943481 0.6833289123238538 0.6446157498278774 0.6584764548730373 0.720166642438759 0.7245603388330493
0.08201734841371223 0.11655558240069935 0.1281242221228776 0.13862179429779098 0.13995390916062544 0.11318009416008969 0.14260443929451716 0.16263777940224572 0.16361866955066218 0.18040836732112556 0.16338941817513425 0.15883100911313977 0.19686157431307894 0.23924821685120037 0.22997770738003795 0.23391711342556426 0.25139243731019423 0.2631897273360909 0.30098553073721573 0.32992739059942433 0.37078554218645704 0.3805805051007981 0.4300889929158955 0.4925871897142045 0.4975722267186774 0.49598214388000106 0.47375305138384827 0.5061297504436714 0.539348781794766 0.5247331148893559 0.5316787195938608 0.558585236282079 0.5868638318152436 0.6068226073891468 0.6459342395891403 0.6669532428600324 0.6686449135709998 0.6798326961549958 0.6599207204287992 0.6597387696650958 0.6906490582935952 0.7028395491524133 0.7252057962428319
0.0881783635238212 0.11437341682100027 0.13212546898710056 0.14064443540024582 0.11982560541395045 0.1377455093717824 0.16649233669303443 0.179706160528538 0.19938018721459427 0.1992393211875215 0.1870426986545807 0.1854402087122206 0.2260042885414328 0.23196587311383776 0.24969044680323657 0.24490280448633872 0.26180460142432554 0.27821474287964837 0.32330125885079253 0.3483780186623243 0.3545685834739416 0.40529168379394287 0.4431793788911784 0.4566663320671124 0.49818287376641524 0.46950288523717076 0.5028486458624386 0.48251481695789433 0.5342760285570227 0.5557241224164459 0.5513780384008607 0.5418609240818737 0.5809177732804212 0.6324944067182531 0.6272393623728775 0.638531011412027 0.6494919706620127 0.667777187193991 0.6885853007824575 0.6885027452633622 0.6952112800776946 0.7333153271100675 0.7548801713661503
0.1255097991160169 0.14954229029583255 0.1464634572600277 0.14350021459837298 0.1583562127327213 0.16908538119926902 0.19996836557007325 0.19131186783104343 0.2382755940020386 0.20860452339298696 0.20635554430121097 0.24095427929685395 0.24855933798588728 0.27783878356207325 0.28896069690761333 0.29825347283087744 0.2902329877068024 0.29251518658668757 0.30629092859550106 0.35599525474016885 0.34378637421580516 0.4062895958792404 0.40869135609863844 0.4161261364589526 0.473626076046633 0.5158974251632764 0.5190416593788232 0.4897057802608944 0.5155511421857355 0.5333778734460474 0.5548493093270176 0.577799274957261 0.579977531162474 0.589386055068139 0.6176432276497137 0.6583695940942064 0.646043490099076 0.6849508638993497 0.6940402582422933 0.7237264262080987 0.723563436805997 0.7557849299164447 0.7395337549047399
0.11228028542784407 0.15817905405750282 0.152188809455652 0.12136313622043599 0.1496834774310201 0.18742445546157616 0.21385959664433857 0.21574691555462708 0.23110610589670724 0.2632627416549973 0.2593096696423055 0.24708458364775 0.2483483016573937 0.294418096238416 0.29324774101653966 0.3199783171720832 0.2957155552533899 0.29149765959597096 0.3252314121471791 0.32968528993570595 0.3607850004084209 0.3709879358492615 0.38966782745113804 0.41046834140258137 0.47157048378399824 0.5078119060364805 0.5248188171297381 0.5197941898396211 0.5193024282601816 0.5642644965897617 0.5720253973054841 0.5691045019138511 0.5746829223115884 0.6091857708829141 0.6064211921967746 0.6575204387363144 0.656507393506395 0.6948912177743146 0.686029448600064 0.7357771875529785 0.7222346989069967 0.731188306018007 0.7505851072380296
0.13787364538828412 0.17268391792903232 0.1658678577023654 0.19286753455690928 0.20358347663130208 0.23048054064903956 0.24280223342009363 0.2664139310706999 0.23016703552273154 0.24846924057856093 0.254533922928783 0.23113941234786584 0.26813975894163944 0.29400904476919526 0.321212911642961 0.3473596674960962 0.3253159942981891 0.33369093347224105 0.3654516579308733 0.37425101485977974 0.3491684165521469 0.38387917751058637 0.4077889739586282 0.41833414623147513 0.4685934382183647 0.4738276633664893 0.5245524980772074 0.516345016020959 0.5395430341566129 0.5463611189535946 0.5684835859986058 0.5716028976333516 0.5662190809879688 0.6201306029281607 0.6332104063238294 0.642548378173 0.6500550576680098 0.6845379648468097 0.7028121701409631 0.7176859230869873 0.7108951621368904 0.7401926817550507 0.7331999703102118
0.1842469517320267 0.1911813039292945 0.19022319291617623 0.2342632392370788 0.2223992362574805 0.2111367678178111 0.25288612950865724 0.28253644953433865 0.246387241766896 0.24714945859117712 0.2446904193308914 0.24486599000709192 0.29384641775112774 0.32058210008059324 0.3271935752399892 0.3286032732562917 0.35917149392884423 0.40053058773433375 0.40082554356491096 0.3630363189126129 0.36882730044348927 0.39649543075974847 0.37078563154440164 0.3901355704999119 0.42591549144999435 0.4910011343493782 0.5026761165283345 0.5437633561101733 0.515217261224487 0.5288007768477898 0.5525016025220024 0.5745307935776546 0.6031791273505072 0.587731474972334 0.6388090669761143 0.6547722645021099 0.6652801600902747 0.658350620990274 0.6744010336641411 0.6926390930096561 0.7154164151778655 0.7264713649392455 0.7361788309183219
0.20267936106296355 0.2219631706589355 0.2264201206669429 0.26997145330223565 0.2689788162916592 0.2524077801501393 0.2809116357826176 0.302238436587153 0.3031032373303724 0.25340133865612613 0.24549315976156316 0.2823798342670009 0.3034156315743536 0.3187588054055374 0.33262401011935216 0.35453944338740695 0.3643882563718075 0.41263159204517175 0.42600632756877366 0.4068993190855178 0.41242473987501765 0.36533675502619506 0.3644193502295555 0.38333091787086454 0.4481872731078584 0.5053422709923111 0.5037889430242427 0.5338642741017122 0.5280193308136409 0.5323451025441904 0.5624647713308517 0.5867789497637932 0.5949495688327907 0.6233153673741993 0.6114635309083558 0.6305426844327454 0.65189705183029 0.6795857389497864 0.6782618857990456 0.6856659696758409 0.6811686193689792 0.7179522725841121 0.7414137050372703
0.22170094694155787 0.2336769331838754 0.2520262555161301 0.28470820573230643 0.2944156733155473 0.27388740720514615 0.32380504729545656 0.31581486869672326 0.3307971156704062 0.26896348330596315 0.2793330634842106 0.26595822179852374 0.31273940262596267 0.3003883446161911 0.3446453858619073 0.3767963091253186 0.4013974243698521 0.43935329958023833 0.41533065299072724 0.43354317975464 0.4026288436689962 0.374324124768496 0.37623084788793565 0.3781028943940393 0.4383885718401006 0.4880829469996328 0.5489555267472817 0.5780812769712864 0.5795654811674152 0.5464222059270449 0.581079831449973 0.6121913098890449 0.624007373409837 0.6180368479989584 0.6059536219833898 0.635370896092801 0.6246328270488243 0.640050232909134 0.6755476840100739 0.6611314694266732 0.7059199465828894 0.7429308466614875 0.7633977220337357
0.22747746601917057 0.2605453681098294 0.2980083319924504 0.3001710327169977 0.30686904291851597 0.3321774853314281 0.3462083745317953 0.3365051135111732 0.342795046011955 0.3418807343517023 0.3302917552161814 0.3157682055371145 0.3501173300771781 0.32321990270514395 0.3421251711499169 0.3498813229244503 0.3948991886175557 0.41477008575655216 0.39812519334344626 0.4216530206721176 0.4115090092684726 0.3822453738661461 0.3774659139276547 0.37095750257091864 0.4263688700014202 0.4765413276886786 0.5454459562392028 0.5985215503956064 0.5903994579579356 0.6063194346359155 0.5956067412737763 0.5791809355829557 0.6011568302927619 0.6321643713972858 0.615999488765968 0.645350202411261 0.6301618362527152 0.6200154552537767 0.6629394780677561 0.6668734764443083 0.7245763944288977 0.7589269859995991 0.7509385536243093
