Raster_benchmarking/DGGS/continuous/raster-287.asc
NCOLS 100
NROWS 100
XLLCORNER 1743161.5663487213
YLLCORNER 5469290.637028915
CELLSIZE 10
NODATA_VALUE -9999
[rows 38 to 56 of 100, columns 43 to 85 of 100]
0.720114623949778 0.7095845755598191 0.7050720722886568 0.7270672667167085 0.7713586328863695 0.770604776551684 0.7501388000138722 0.7680980609085888 0.7513770771160135 0.6920226789212155 0.6868927953687316 0.7239689963555238 0.7471060622995684 0.7564529135288715 0.7791313461643453 0.7802666532934814 0.7633743156400716 0.7792458541864432 0.7988432437661347 0.8215485470282072 0.8017435076294993 0.8013499653467987 0.7688448093752329 0.7641090153475036 0.7493381257380919 0.7700416771846244 0.7606922711696569 0.7468988631326369 0.7332146113521641 0.7450768391940431 0.7259165735439468 0.726344126764543 0.7127545056628666 0.6939859983087051 0.6980190021954701 0.7099183323144143 0.6979486751295528 0.6955566797460389 0.6830066412149082 0.6405530800957799 0.6654925212735942 0.7152420579889788 0.7372635992159733
0.7050049942687223 0.7423598256953787 0.7405708204418959 0.7492307001836148 0.7660997488865187 0.7603530589396135 0.7454696928257933 0.7880366434976076 0.71937626898916 0.6916776289375081 0.687194309565277 0.6819821145902895 0.7250711480602902 0.7653612096525553 0.7625985960088564 0.7842250123088149 0.7787405580452855 0.777835358468552 0.7858677793717426 0.790064006127244 0.7527552716421668 0.764745679524188 0.779700680459989 0.7617383580382885 0.7748778826057864 0.777441226348438 0.7784463495311686 0.7592501602603167 0.7688316234226434 0.7695324227306031 0.7057587335095405 0.7079306232349947 0.7035739156962955 0.6978355620703679 0.695826893872892 0.6658419332978169 0.692763527895656 0.7093847586715553 0.6835276721312329 0.6240022722839861 0.6869922391764406 0.7001624726009041 0.7170007405815957
0.7026779733989724 0.7074751067725065 0.7223886480075254 0.7350304895099288 0.7321620088739899 0.7514671317752996 0.7599903348185638 0.7466368080725252 0.7038022120172869 0.6808245918247965 0.6910705758125271 0.7082709227557767 0.7393910851886883 0.7656041761288837 0.7776551742357803 0.7368840719557896 0.7496573687387738 0.7238901111287912 0.7278819366361762 0.7473473210558639 0.734542216941982 0.7398922652527877 0.736320860977731 0.7420833957029619 0.788876336698891 0.7794281451331798 0.7749788118700986 0.7438028428408153 0.774245845721576 0.7303462676130722 0.7163028865064599 0.714850038228383 0.7241336016339003 0.692790231755808 0.678738659924935 0.6743764481239315 0.6555929069815486 0.6694611446448259 0.6471487787447999 0.6548444409287093 0.6840064476770009 0.7251123804213171 0.7032005726248066
0.7472968600760811 0.7250106713930962 0.713823069604726 0.6916409337404549 0.7320628459387195 0.7586517874328051 0.7527641974446013 0.7198994411140521 0.6988820824359346 0.6694558536752625 0.7049523470199703 0.7056970231869635 0.7268098149434955 0.7395909381006678 0.7184513049105407 0.7203944278636284 0.7253611613615231 0.7131707900313881 0.7167857122685138 0.6818913530801529 0.7222472226911306 0.704933629585487 0.7611570338247005 0.7757685986240659 0.8086217695172988 0.7913646258329206 0.755366336804351 0.7434252295789154 0.7456655128160726 0.7494963908961201 0.7432603176575647 0.737217241300997 0.7741516307772274 0.7532911173396056 0.725027521792367 0.6690442308191702 0.6426893547935978 0.6622966489668065 0.6657111049655979 0.6558412734677146 0.6959792996130783 0.7316399405887006 0.7269984877865686
0.7645216546658875 0.7409620365793724 0.7491282437501208 0.7296327874954611 0.7002984991554938 0.7012702705740184 0.7076069773615119 0.6843250736764049 0.7107959260202793 0.6717219738788063 0.6835452399265204 0.7100580671769372 0.7085003463038723 0.7154563354520542 0.7186565833112236 0.7269039631655558 0.7403129245314873 0.7372380485658585 0.7166236184315985 0.6834917231169257 0.6781636144102401 0.7179035652241796 0.7441538489834888 0.7590554980846362 0.7828485946299675 0.7837508084703187 0.7365162674517409 0.7538031032485446 0.7476644031902849 0.7177170895839203 0.7285703690387055 0.7380407977080837 0.7825545926251397 0.7866463763621615 0.7398054940066175 0.6904235235422013 0.6678129338384065 0.6680783475512773 0.6671815009208515 0.6665606668726325 0.6954619519422705 0.7267749304866845 0.7901332671570074
0.7799914806364971 0.773961214193139 0.7189944837739374 0.706356554447788 0.6997190056334412 0.7194932679529795 0.7287076734305183 0.7007813722288024 0.6927916616547413 0.7011721214241042 0.6895858588234061 0.6806562999342235 0.7064178453899574 0.7300360670459917 0.7255299472722839 0.7323864141509663 0.7221385414310373 0.7095487921205318 0.6973004291506744 0.6820483883722285 0.6860681762820392 0.7074671958926696 0.7462671566933976 0.7538332066723685 0.7474189787153298 0.7751393226662723 0.7504619849644883 0.7185209685628952 0.719162425286311 0.7109736099611567 0.7507571801211373 0.7836714020758881 0.7648137945423492 0.7887894746489451 0.7482206901902675 0.7388058648245209 0.6802582042841828 0.6875344324179491 0.693347170882194 0.6514153174233294 0.7052436171496964 0.7666571441194009 0.7979998085462287
0.7500262650850488 0.7539262305390262 0.7204074362344812 0.7293877702539234 0.7348109728532277 0.7379966978662327 0.6941695124521181 0.7144507988487765 0.6919529985967081 0.6826593203188849 0.6766028564929814 0.6869875444916098 0.7147520028927314 0.7342039105743849 0.7199171174246282 0.684842031084806 0.6775291450357885 0.6891801851133279 0.6843749409148052 0.6754891570788758 0.7315195162834309 0.7578696271886255 0.7541226379452928 0.7438871984366102 0.7518309689636165 0.7583104334113314 0.7419917970715859 0.7209102979283981 0.7328936686588766 0.705443523677373 0.7148838598000565 0.7548986734900373 0.7361540804159734 0.725743393956208 0.727534321585815 0.6888888348901092 0.6903953042389354 0.7041515831726692 0.6645262860251777 0.6767219484406266 0.6992238289056747 0.7765035620481859 0.8018117431235632
0.7168071551242753 0.7592763751643484 0.7089558503822879 0.7025913762461888 0.726791863651063 0.733063648138158 0.7164132545358968 0.6777740927828211 0.6720815226519384 0.7056260181967273 0.7012561073502454 0.7094603084777301 0.7324198651300944 0.7287033719848027 0.7015058656673648 0.6713729457841686 0.6946661369942152 0.6814188229727474 0.7058447549401033 0.7016948141983315 0.7270331681219354 0.7395563804736661 0.7324734843943717 0.7586752084802464 0.7357019057413241 0.7200801990288165 0.7494141760872338 0.7384682777132762 0.7463836279921798 0.7104056086431958 0.7096671606701479 0.7067717405286327 0.7251182365801626 0.714139807197081 0.6872366341272877 0.6835550752159503 0.7048251700955428 0.7152156033924963 0.7235191558058256 0.7004519433195564 0.7514225796434154 0.7786800731196998 0.7645813225692254
0.7227326902335361 0.7656958106487352 0.7393700873631839 0.7022184817703452 0.7084637353475853 0.6886116245362657 0.6914504109954482 0.6765464657723228 0.7090206787829625 0.7396581296717134 0.7366973265843451 0.7013831218306793 0.7268908551624621 0.7123576175420977 0.6987132320812317 0.7137975603925583 0.693801063616478 0.6848471128370072 0.6756722790829995 0.6540713410183812 0.7037200151297509 0.7124925043153152 0.7171792301146385 0.7467565080215897 0.7192541990752936 0.7025711458540116 0.7097246517099756 0.7587482362427045 0.7293312490124108 0.7402490546009501 0.7163570044697108 0.6946148778895324 0.7052278077512706 0.7251237737207603 0.7083460226787962 0.7237881073787942 0.7210662176919765 0.7385056209723946 0.7487673802278124 0.7648147659532376 0.7402536171505023 0.7693693662061221 0.7827598515525688
0.7544794509604518 0.7766485437186806 0.7567423255511048 0.7444239650308839 0.7018820833144682 0.689673236808554 0.6761604362279129 0.7185986464556164 0.6987112536623055 0.7097177683179029 0.7087422933211273 0.7285404121986662 0.7074658605006865 0.6979244818822472 0.7178118756859712 0.7179789250154447 0.6880620045230312 0.6744181260566017 0.6704572488003409 0.6055157719369676 0.6251193397534187 0.6660534821681519 0.7132324801506666 0.766213269324057 0.74449405739495 0.7148478443793516 0.7538688030952901 0.7628862942786117 0.7079146928410268 0.7097138676384456 0.737166599130748 0.7117155706382432 0.69273398330924 0.6741832476775351 0.7003551406031026 0.7088144814750386 0.7368579565626681 0.7294334868919583 0.7420858536634838 0.7677531778326776 0.7961835186750457 0.8101229146254753 0.7978857726348426
0.7552376459122664 0.7375629645483588 0.7287325235075011 0.7132525216926018 0.7253113144275832 0.7359657178397395 0.7082697643777524 0.6904965144295533 0.7280844334745806 0.7192766995374394 0.6830077394838946 0.7125978391094141 0.6860324633215399 0.7032119746122445 0.7269140876695203 0.6770130248499142 0.6711603418697037 0.6372045531486922 0.6487015363516027 0.6400601612716413 0.615795957673923 0.6690805448010401 0.6866848496229232 0.7039289746480154 0.7208845961235993 0.7138489454483169 0.7611143437773094 0.7584824189944586 0.7167305746766466 0.7334255785798613 0.7243846399122207 0.709001235778344 0.7171699988371877 0.6970728995392251 0.723211088364569 0.7179960105184782 0.7231191746221536 0.7340172652257257 0.7315850190667941 0.7539758187973539 0.7905112099621305 0.7636781351538138 0.7720170212113855
0.7483246508012737 0.7490464787172058 0.7302861709070765 0.7167359934020845 0.7263346368951106 0.7219740787218525 0.7040307812037262 0.7088969721942929 0.7128389094715553 0.6920697122682697 0.6731884259275641 0.667469430634307 0.6923794621374901 0.7200906581486549 0.6863069920494133 0.6831907027007077 0.6653341883372298 0.6504197251080139 0.6403441897239065 0.5936851056789674 0.615525813856658 0.6543493000269792 0.6679827125590827 0.711708370401926 0.7377261991467627 0.756145896986572 0.7401549471899738 0.715521273232952 0.7319778986811987 0.7465566076652027 0.7181481418914446 0.7267911339774902 0.724152058048961 0.7230638776900102 0.7182326756052057 0.7265934881950872 0.7358035422145722 0.7306831724599255 0.7611218846313602 0.7932124578561146 0.7905488834140746 0.7439616077370171 0.7902858745523803
0.7365141632155262 0.7562488780915613 0.7425027870714408 0.7328389275234732 0.7254405928564858 0.7166995334857414 0.7201557672280509 0.6967203831363633 0.6796583495758869 0.6604672733398532 0.670711607445862 0.67274699489339 0.6735288759794295 0.6824101866222587 0.6867972191575121 0.6956070856760787 0.6808577109320987 0.6720472238879485 0.6172632790940206 0.6464113081673475 0.6602642585576469 0.6735957007045474 0.7019474623063299 0.6832390253173232 0.7343117121872964 0.7401531262062679 0.7620669062171476 0.7473809945084798 0.7370362744148414 0.7214605815220088 0.762604703063402 0.7550757502829273 0.7489736004079158 0.7137466044571461 0.746710026372827 0.7401579882733327 0.7579058051312184 0.7749211984561982 0.7687944784482493 0.7839913153329964 0.7702371438337808 0.7498403236576786 0.7671274121832702
0.7153747604105218 0.7110862453584269 0.7192146811741584 0.7541654685830638 0.7211671855927464 0.72337469527735 0.7178598643335226 0.6985774591644657 0.6748498412491114 0.6694518153540481 0.6844385929088735 0.6625837442637532 0.6549719403166362 0.6761045729728088 0.6908580605727521 0.7073409372389914 0.6450763457872984 0.6429396548044853 0.6212508670902384 0.6278394905606517 0.6365556497519644 0.6771373332463336 0.7126471896904405 0.6810899658743352 0.7079391917259636 0.7427234921700677 0.7564661934653685 0.7714365879646118 0.7356936738178897 0.7246211522271426 0.7507573086225573 0.7685092669345033 0.7444349934570078 0.7118871916144446 0.7206791489986606 0.7525628158009866 0.7572375291878322 0.7745414348379042 0.7725925979553105 0.781594308653522 0.7821621568004784 0.7803248124840447 0.7294583529279318
0.7427728119813994 0.721633309618261 0.7365591495897988 0.7051691552396151 0.6842038969053458 0.6650128558154883 0.6687380270595583 0.6438729129192571 0.6616055560003177 0.6760743716491859 0.6742589820271676 0.6739452734224632 0.6494433204860087 0.6774324568326676 0.68891044738139 0.6786089076965136 0.6435504707019812 0.6361968685589406 0.6455776271992968 0.6671314621006669 0.6643914787224796 0.6892133044966526 0.7061282900917161 0.6838809331617216 0.7286644840974377 0.7192782272287975 0.7085030416054321 0.7538862921496758 0.7464179643987316 0.7443826477523576 0.7411747954379166 0.7532299812736222 0.7101711112899834 0.7207768502168851 0.7348920391104262 0.7121472365766139 0.7506214731678895 0.7776703526819305 0.7709172552235145 0.7787174007307066 0.7674465347877809 0.7557732402480608 0.7103922090117013
0.728925305197278 0.7256440196134105 0.7414730771558167 0.7288081479984077 0.6488344483626551 0.6335226938545979 0.6504994430980247 0.6223513175814984 0.6606143302260474 0.7018583252870018 0.652985810309605 0.6564423718157765 0.6804006608474289 0.7063617927577388 0.6797123641738516 0.6419015543884634 0.6190121528248979 0.6620638313824104 0.6589028435482865 0.6730634760940679 0.6741494373538061 0.6642436727910593 0.7047024792131796 0.7189896274610919 0.7002755402953051 0.6998044015433732 0.7083640423414741 0.6921953251146943 0.708521693434249 0.7012268775126007 0.6920091647323837 0.7194354454163644 0.7199275571563478 0.7183729522468795 0.7122410935266992 0.6745253031837684 0.6918477476212203 0.7109408641365037 0.7463149100425742 0.7511179541699468 0.7359222607101125 0.7352451671964505 0.7021144921787954
0.7095659059207885 0.6881355565857834 0.7244397428397692 0.6854647744841719 0.6503991197959348 0.6045051025338848 0.6045564293345207 0.6077079327025531 0.6290156225279285 0.6418797141701207 0.674106840420353 0.6657517556270973 0.6728910415696845 0.6877651866174159 0.6936241446893125 0.671721795976059 0.6312335649269569 0.6503306683891078 0.6883743526154623 0.6903542054574562 0.6639769671464909 0.6962433405200266 0.6923994569901538 0.6764497036799763 0.7045758676877658 0.6654028569139696 0.656424942248674 0.6439360800001993 0.6448849762234278 0.6927030859520409 0.6853415552908557 0.6969596827315138 0.6784456061740818 0.7088849492174076 0.6866735873790228 0.7011688462870914 0.7004246375414039 0.712113097626564 0.7291306579937894 0.726487720486253 0.6743425903401862 0.687460918970395 0.7130319903354868
0.6584570539127204 0.6962432745689736 0.6927860997003301 0.6680074934125984 0.6142460378036532 0.580313665158331 0.6005915646525941 0.5873010835891068 0.5944404095369804 0.6442462029581961 0.6873007867477952 0.7168566238918966 0.6980328803766043 0.7085704339756068 0.7071075003614975 0.6460223748597262 0.665864974836425 0.6612993554635904 0.6872395053981721 0.7399995966046372 0.6696962421059351 0.6789305131390181 0.6847490838014879 0.6802191820241468 0.6927246873881305 0.7026113289960085 0.6809808816093144 0.6243670119637157 0.6448596158665345 0.6536865733562004 0.6752520334876375 0.7180801845731296 0.6788259803732379 0.6503364859864088 0.661140040821485 0.6837938892654788 0.6790925425559442 0.6816598441520032 0.6650144079603769 0.6726999926553391 0.6445339518887504 0.6377772301087223 0.671242842457313
0.6466589832127704 0.6510257507814525 0.651684576051852 0.6083571591108201 0.6106373075576981 0.6092323632120983 0.5785257680401721 0.5772584347782667 0.5940255388641387 0.6350051013026607 0.6757375732905464 0.6665566607981579 0.6921745607813623 0.691637755364664 0.6967567817989152 0.6824766706110703 0.6605748918899881 0.7064522237749451 0.7090322730885571 0.7067012588137681 0.6921524094217127 0.683601399721354 0.6858957696234969 0.6632636940212834 0.6754770104932837 0.6674903721451906 0.6713411256042675 0.6397609146934615 0.6482052595203329 0.6766009820040775 0.6704302305959187 0.664939033413047 0.6651249376003916 0.6590738018288984 0.6383781244611457 0.6365915686633218 0.6513594094785519 0.6645746393273336 0.6468385297476797 0.643264090528352 0.6475303006962044 0.6137586285746816 0.6471651533206368
