Raster_benchmarking/DGGS/continuous/raster-276.asc
NCOLS 100
NROWS 100
XLLCORNER 1743150.4855743195
YLLCORNER 5469281.002705763
CELLSIZE 10
NODATA_VALUE -9999
[rows 57 to 75 of 100, columns 43 to 85 of 100]
0.5217089868966512 0.5345531880591503 0.5363567265633863 0.5269804594649786 0.5574721974340522 0.5363456731598396 0.5555964677703146 0.5651948143569762 0.5848869659459011 0.617926073164273 0.6342351656868255 0.6611094503976994 0.6555526831350639 0.6736120431219978 0.6769053618239785 0.7189676863392965 0.6830453441715091 0.6603222530923402 0.6528167384735686 0.7063314584592305 0.7405893765837385 0.7123541159987521 0.6840671520438504 0.7032264171776776 0.714512512112486 0.7485234234136612 0.7806765243995587 0.7803004161562141 0.783784649499239 0.7563981659937852 0.7452158576005841 0.7138431113199843 0.7343643711884247 0.7006360378752613 0.7299574593860563 0.7283835371363262 0.6937874830434199 0.7203497380979337 0.7299441830378888 0.7309860746090524 0.7496730212811094 0.7998422691467949 0.8370803970516874
0.5197505182618151 0.5588907522339903 0.566126010913458 0.5672279333267615 0.5688338626921748 0.5664705079503382 0.5435934074606388 0.5889470633882915 0.6110122715625872 0.6241451341460587 0.6426169122453086 0.6719710247256148 0.6504113908524062 0.6563992899101571 0.6640406360803518 0.7170615514247694 0.7072205169330379 0.6885187384806052 0.6571449931979902 0.6891273619343726 0.7456850111057479 0.7118366558631589 0.6968446668889962 0.6986311759377732 0.7434089035575911 0.7324580141056324 0.785959480537819 0.7996891144053787 0.790470175804663 0.7710099555260964 0.7774955772094515 0.7330931383954743 0.7342073979002833 0.7138089574760704 0.7111772588607157 0.716575130589827 0.6830955034490296 0.7001791906288672 0.7018838753020962 0.7248495336500751 0.7681339179926595 0.8150976964845318 0.8601363601325407
0.5303850259003309 0.550936462390397 0.5547761364405296 0.5813842522400859 0.5789691918327392 0.5547400334598624 0.5477713869263475 0.5788416473500757 0.6072434654749257 0.6206616749346346 0.6325783023874276 0.6653115658338683 0.6764476832922118 0.667324938677391 0.6937715461781996 0.6881792590007957 0.7001533483671868 0.7110322545104595 0.7331173701511997 0.7189077877775574 0.7419947099830648 0.7120033745382026 0.6939490384458946 0.7137934512909173 0.7349427399873627 0.7410913671078504 0.7712664327411082 0.7765213230724933 0.7668768091915477 0.7588265319400838 0.7651539389098235 0.7513192062637838 0.7257857957307506 0.7108751047741407 0.7282484605373679 0.7271902936564784 0.6929154363830764 0.6947310251066388 0.7127934999190964 0.7572574986815682 0.7627062675028177 0.801386396247688 0.8237192843095427
0.5377633424174793 0.5389362293144301 0.5748768737539979 0.5851150005286831 0.5916468698020618 0.5807350260768664 0.5716230002760262 0.5892220245402177 0.6048029841473739 0.645610295672644 0.6335706428766231 0.6625084839505876 0.6831729872062069 0.6689524442427923 0.6877357360433616 0.7025322607091458 0.7296563171843677 0.7404741901130086 0.7561343336198625 0.7477837716416958 0.7682192982676239 0.7497086966891587 0.721759548130949 0.716361570443831 0.7578106882707032 0.7428494481719478 0.7627590497418538 0.7773484734614203 0.7503199392506216 0.7614308143714291 0.7365640707966931 0.7302447381652811 0.6993243755135339 0.7121535761161947 0.7182400644155823 0.7137417249021945 0.7085759546581445 0.7210781474199229 0.7519593423284856 0.7531369970686917 0.760841460290175 0.7838864939288983 0.8499926854993536
0.5476787667319585 0.546235908918138 0.5737378458243392 0.6070999172440354 0.6063719741077448 0.5919584301912899 0.6162266375528128 0.6079839309286414 0.6250850654094566 0.6586994793978594 0.6545629876664281 0.6497776835240922 0.6939469269711714 0.7255945427771238 0.7385022470304704 0.7513196534980783 0.7409230057454615 0.7496636031868716 0.7706891089936305 0.7872080189638883 0.7764021297592701 0.7761341356114559 0.7794579493678395 0.7529994818890312 0.751969864961656 0.7483678559528868 0.7556985378799337 0.7481869973356307 0.7249434913832595 0.7171914583121213 0.7147328216551626 0.7011089129712357 0.7294207680082356 0.6993200400958058 0.7195300371908708 0.6838924561258498 0.7155011192722618 0.7023140965321483 0.7080684800752131 0.7204470342566568 0.7490703889499228 0.7791487198450894 0.7956078213358031
0.5499187820733119 0.5902111399144564 0.6070002728192082 0.6094780183912425 0.6363804636559838 0.6497415408671772 0.642297061463715 0.6265283099987138 0.6617797857888917 0.6718461856187773 0.6589479972958006 0.6659862830807493 0.7072897527067724 0.7652658716310256 0.769454398994487 0.769240102464325 0.7860159167672193 0.7732506798105669 0.7983742990517945 0.769685777131426 0.796285424389476 0.808989980365073 0.8077096348649233 0.7498382927253872 0.737388559214963 0.7358452679129551 0.7585694416530064 0.7226487892855051 0.7045835323813076 0.7259258911515093 0.697383128577384 0.7376558787401972 0.7319005701235818 0.699679409303805 0.6965720167946768 0.698747869016842 0.6876414461098955 0.6759072365561624 0.6871181587595048 0.7049065503872223 0.7317073570775452 0.7479915647105897 0.8147401426500691
0.6035050599619942 0.6177671507019101 0.6427995243865764 0.6520753133576163 0.6734719951433903 0.6590993065340537 0.6621436235117124 0.6529500548297756 0.6597920550372032 0.6617790474221122 0.6860446796218748 0.6963442404309589 0.7248789620271753 0.7722465955999592 0.7550421672988521 0.7630528673288041 0.7558181143452948 0.7686914165402757 0.7662134597949819 0.7769312057573213 0.8051964220768729 0.7851945920507655 0.7828278756300794 0.7653161316359826 0.737994626636242 0.7416373301110696 0.7290939433270739 0.7464648026355387 0.7389989566906087 0.7206250267499481 0.7314774737358278 0.7382657378765817 0.7400072774475708 0.7062542062000773 0.6707929314175235 0.6717049230098772 0.6766571968385444 0.6856868357695934 0.7106927093245861 0.6904267487581489 0.7392948387618062 0.7470066017882403 0.8007456204897387
0.625777841507901 0.6612149905941226 0.6654893640903332 0.6839874610729558 0.6993282788451425 0.6977568730563976 0.6889393427473338 0.703045070844063 0.6936678679703097 0.6991926507834306 0.6925719324828036 0.7492999461532628 0.7620177567644099 0.794215502359517 0.7645395226528726 0.778550249282025 0.7917719854538942 0.7814222472034771 0.7755644889061983 0.7727855748612865 0.7893368048806234 0.7875149509269562 0.7773339404990399 0.787286962766643 0.7728072611692403 0.7526059793499008 0.7560557713917135 0.7300138311404284 0.7446847207004214 0.7602333617488936 0.7381626378061237 0.7501890744567603 0.7346803052696333 0.7334825242739988 0.6889302930431878 0.7026711862718535 0.6841144599979014 0.7037195847060508 0.7023732648267833 0.6825955202755593 0.7170078335334071 0.7416155818795449 0.7506616843279994
0.6278346149495102 0.6659137702540742 0.6746276415003001 0.7138570828343951 0.6910894883543299 0.6928389110943294 0.675913127616105 0.7035192558050156 0.696757881398793 0.7172644950382278 0.7179784237528591 0.7682464929248829 0.7693623710240303 0.8057753720499506 0.7932218428351206 0.792023327086934 0.7772882958111388 0.8084280632168749 0.7690931815963397 0.78002984254272 0.7935980386311846 0.7919915288985573 0.7729456828880257 0.7652591867530394 0.7758943369021454 0.7459137457336127 0.7729695682304993 0.7390114499286837 0.7497618002571489 0.7513061581555036 0.7123165996575115 0.713569766363861 0.7330615454590114 0.7265438751338495 0.7040952975675218 0.7027750604390175 0.6727419876665419 0.6884636432491145 0.6731574610425214 0.6829363151357912 0.7171137273762107 0.730398257367037 0.76465281759449
0.6683128836475279 0.6720486106672614 0.709496550196182 0.7394459253744219 0.7323844154480542 0.7011813207797921 0.7070734334155849 0.6976620397156603 0.6938710048151626 0.7431589348327373 0.7521230518983867 0.7872381894987542 0.7921661210267149 0.8358776999902984 0.8642507649051651 0.8349060872712657 0.7995733063816948 0.7903996348095055 0.7966343400649226 0.8178460303941552 0.811401919471749 0.802306837917833 0.8260276162455295 0.8161822319636729 0.7651301308988031 0.7608312557494965 0.7674207911393554 0.7514933943999936 0.7304200058923574 0.7443420160509227 0.708234891479465 0.70187420759647 0.737739218441353 0.7397367772284678 0.72519268196803 0.6821205135353624 0.6689726798468111 0.658963929052675 0.6322307763344089 0.6854119465844386 0.6878253193224302 0.7088100235147177 0.7637612944541696
0.6615135022014794 0.6982785521675386 0.7071393366504323 0.7413537443126856 0.7529548476132426 0.7501697546603354 0.7175342092320591 0.7007932761239487 0.7166978376141907 0.746280036897203 0.7421878824945208 0.7955426785029629 0.8136618988571586 0.8156443199670008 0.8479473244026534 0.8264520419220479 0.8005365388904678 0.8252503489271977 0.8139736130046209 0.8181223946822965 0.844545589346427 0.8386249362492362 0.8328654965383212 0.8202725502550449 0.7980950295069199 0.7882565047709591 0.7489309476614427 0.7427005802573055 0.697784090375404 0.7034858974339452 0.6885722315922088 0.711041575327065 0.7220772798993801 0.7369238941677544 0.6942931848755968 0.6822943942427311 0.6611060029617928 0.6580659448053365 0.6514286511721076 0.6882453291296791 0.7030767956100663 0.7018462137462959 0.7245401842195694
0.6905171129642207 0.6869352469631615 0.7029958041629022 0.738143342468767 0.7466063650719488 0.7290386770078962 0.7336329074020477 0.7044587639428085 0.7165147838483154 0.7256199124279467 0.7352439446780286 0.7806293329766991 0.8151034330908867 0.8017246674499173 0.8248850399992884 0.8139150407675382 0.8351410677998788 0.8388042404215997 0.7912526752432409 0.7949403181648872 0.8446928232587213 0.8214007999395938 0.8146860381340366 0.8281021249994739 0.8212800995023452 0.7936170230163411 0.7618293547474356 0.7442316362553776 0.6905956793258825 0.7066737140338958 0.7045196708677662 0.7078877129625051 0.6960657650671068 0.6880276987925786 0.7074002012248167 0.6609915581034996 0.6516726047889111 0.6794815902632875 0.6604507862730851 0.6712543726474673 0.6925869731855141 0.715140939337146 0.729529317201158
0.6772159415365133 0.7081878368712756 0.7163298525390395 0.7319066912573516 0.7506981013797415 0.733300539694975 0.731310911839096 0.7307971405097361 0.740542320788251 0.7584947985778752 0.747937627497287 0.7662337536463166 0.8004747720552936 0.8028003828650295 0.8162821810724741 0.8184636415535634 0.8358151601050164 0.8409448046087692 0.8176181309869565 0.8105829249574662 0.8441277192711806 0.8515989509914738 0.8399453854231959 0.8360555494798191 0.8049065900208383 0.7577915854646897 0.7420160702775686 0.7339450166572588 0.6903796035316585 0.7014705144440201 0.6816196083510514 0.6593218739710154 0.6804486883663683 0.6777760511284203 0.6832992472422387 0.6604992681485999 0.6724498774162927 0.6837532365583179 0.6790655134140681 0.6821814237714372 0.717396564906521 0.7058496306215706 0.7130932803702134
0.6443117667749839 0.6739970069877177 0.7198878780655054 0.7502823974145256 0.7633394593914096 0.7239629408466878 0.7379509438269195 0.7463779067404022 0.7584731965936107 0.7506944486930311 0.7741772082099736 0.7712902457409274 0.789738702586407 0.7970699064527245 0.7983131995905552 0.7962316328032324 0.8103560314406902 0.809688830126635 0.8379865152994048 0.8284544463049898 0.83154297787476 0.8166587802973869 0.8462061158536459 0.8146432222219684 0.7805371775624158 0.7667192796156997 0.7224357012492582 0.7104441576530474 0.7050046325322618 0.6726408103784822 0.6575244228955699 0.6371875427715885 0.6409950129291863 0.6576700173127338 0.6527835239447338 0.662795447552197 0.6649329738446683 0.6873705406526323 0.6839007449419375 0.7024678918061606 0.719001461296408 0.7230243445704068 0.7520007991697966
0.6659098169392342 0.6834409203656555 0.7159995745562051 0.7405889503992479 0.7418782148826765 0.7499764825822112 0.7371759296726573 0.7708349812604648 0.7603383298565646 0.7924236871183292 0.8099970161187496 0.792279340469867 0.8078213948466106 0.8024379527828447 0.7839624982252789 0.8035951644261466 0.7880881486034267 0.830002338995845 0.8111127718442356 0.8274586765225134 0.8376705312555177 0.8202540289857648 0.8318040402992067 0.8222023781692068 0.7979795882086943 0.7765342490468911 0.7288773172858346 0.7086846794035573 0.7275657250258245 0.6730815292029102 0.6408943115927396 0.6474765658939144 0.6546239670028663 0.6855138016171723 0.6939263657457634 0.678184668557515 0.6790791792825721 0.6963195612842088 0.7179418318643094 0.716417099464568 0.7372454729494667 0.7296757181223495 0.7314045548630405
0.690459418585463 0.6678321758016542 0.6966991807288542 0.7455828814300628 0.7500719488937556 0.771437280287692 0.7794849561045699 0.8018449049040217 0.7897466143849154 0.7878525437512495 0.7908348749919223 0.8011579823803808 0.7913270060806535 0.7805843564950847 0.7730459320072229 0.7761966047990012 0.7808965586375775 0.7878666591490309 0.8205522644173654 0.8074943180220956 0.8058862509469543 0.7928891500506398 0.8387898452300113 0.8191650402367999 0.7916898897209823 0.7503830094575046 0.7271909250926846 0.7244142115095205 0.7433134674244684 0.7032328895289259 0.6616711717162559 0.6540805633689268 0.6944584863035825 0.6905619553420186 0.6729732416500125 0.7098229278314528 0.7088592035848065 0.7306798647379006 0.726180147001829 0.7262409707733365 0.7102785416834777 0.7240837798279545 0.7178518832063714
0.6789283126237783 0.6755724027413695 0.7044276438540218 0.7335545987347931 0.749298110988673 0.769255436652762 0.7615528555586608 0.7882610920759952 0.7668689788716837 0.7747721928335235 0.7858472991752994 0.7984409848015639 0.7669837543232343 0.7727348806232703 0.784304821397601 0.7572757881905973 0.7789438490802448 0.8026393161614144 0.8018294381649165 0.8304601038910776 0.8181330624139783 0.7935521355634787 0.7943698454641835 0.8022769012585759 0.7939268797225748 0.7507943972337529 0.7581928235202824 0.7232843825878316 0.7420445332617712 0.7077003713251274 0.7065438806941116 0.6940339745768911 0.6930541076229146 0.7055242435489387 0.7131106939615013 0.7365326192830018 0.7267141025691595 0.7141162512402568 0.750292874687569 0.7453770069807202 0.7094477706425777 0.7285797304839088 0.7271946714483889
0.6565860266390835 0.6551975106907875 0.6981380720030588 0.7198450610476581 0.7309443998226874 0.7459064080445375 0.7499777935707957 0.766631653906659 0.7870670326680486 0.7797972532706694 0.8166755932154739 0.784285775965326 0.7927211183764084 0.8017242974091636 0.7632949692228532 0.7355513788655912 0.7461752852211174 0.8032354452653871 0.8197967338415002 0.8188014128541857 0.785695367118124 0.8001849175258595 0.7768018539689249 0.7834088806598514 0.785824617283654 0.7968937749991452 0.7794040015449804 0.7545818666872093 0.7115888632643366 0.7267164537476605 0.7001581568998564 0.6820331111956646 0.7169313594807905 0.7073719715920668 0.7239013966289591 0.7214706583949702 0.7527887355506905 0.7546112566237473 0.7445020107222597 0.7637687727986857 0.743576976186088 0.7341133800888489 0.7397523229555032
0.6506136492318032 0.6598235324122074 0.7200503878211639 0.7221064469727783 0.7485734229001054 0.7393427122882265 0.7496514039741399 0.7660805148748515 0.7570731690125752 0.771246836499481 0.7671418634761159 0.790838714918349 0.7874221720682126 0.7912160714053738 0.784891813250425 0.7587987231717088 0.7787877544233555 0.7715776098411143 0.7839554531268424 0.792241747906905 0.7832416810378561 0.7999071690030255 0.8085884825660147 0.7895567471107163 0.7880455682371573 0.8024454101126718 0.7919671099997241 0.7490108520249404 0.7503443836531376 0.7248659251016035 0.7203434284269584 0.7011398187163664 0.7303763452596682 0.7162985735503371 0.7271458625524709 0.7384966328562694 0.7174273796456918 0.7355060886027752 0.7288742080775881 0.7425864735937092 0.7323327582812607 0.7425504226859861 0.7600086296576273
