Raster_benchmarking/DGGS/continuous/raster-275.asc
NCOLS 100
NROWS 100
XLLCORNER 1743167.0807609232
YLLCORNER 5469294.382174754
CELLSIZE 10
NODATA_VALUE -9999
[rows 38 to 56 of 100, columns 43 to 85 of 100]
0.5515093026915288 0.5165516572693766 0.5211413532107818 0.4940559453902361 0.47412489564491045 0.48492302681363875 0.46937573900577556 0.44341404036402976 0.4211714656874737 0.4007947763282543 0.3969255466270563 0.36655855985050134 0.33667116109264883 0.35006437184888645 0.3525955253985215 0.3236791324859446 0.27578273428709166 0.28223303174504977 0.3036831401074545 0.30239711859062257 0.30238263409540284 0.2794677437284229 0.2510695815416866 0.2404803193995876 0.24813299889241652 0.2612229901739589 0.24108103282932603 0.22952341087691314 0.24852290651466288 0.23582383429790957 0.24714707010717485 0.27977503393023745 0.285635823241941 0.29089558891993283 0.2694285273552272 0.2801803518507059 0.32355299159535533 0.3381107128069933 0.3272277808859907 0.34075654353939533 0.35047979344410785 0.356838463067895 0.3609936673142563
0.5573255257771405 0.5463259694683928 0.5096790638733593 0.4970020441402733 0.4966032853790478 0.48545905726784183 0.4580477629420623 0.46155901538599564 0.43029271293984767 0.408387751454976 0.40635024088628297 0.3696038659733018 0.35098534372968593 0.372241899707096 0.3411871664479534 0.33689480508738395 0.3353032697416729 0.31251086333983963 0.29520130717718673 0.29869954574253843 0.2852121925010576 0.29424228942194747 0.29653319247736815 0.2881067335875078 0.29451991784162473 0.2726445008475831 0.2675784174312324 0.28752744980127126 0.2758460419960571 0.26330660985931104 0.24590431436587432 0.2656900832318875 0.3047822550276027 0.29584086090599415 0.26569725371090375 0.2778706061085488 0.27894308224710557 0.32477663838266346 0.3523197745576203 0.3274040356237939 0.34837812491019393 0.37460250204808265 0.38457600399692177
0.5664504393472449 0.5458701966090017 0.4849855732416903 0.5123530009055047 0.5095380764726969 0.5121278968649008 0.4911120490288325 0.49106845766260926 0.46452494836121755 0.4308773154021633 0.38379946573319673 0.38584497682352564 0.41435176978227106 0.398605882918213 0.38269173214633756 0.36366948555385814 0.346396633165531 0.333362404085018 0.3055809241457787 0.31641256925778677 0.32337941862104164 0.3201680176995177 0.33511773766307634 0.3405872731239192 0.339873417450868 0.3149084725319353 0.3345451917684966 0.33037537212208945 0.2775286672476622 0.3019961742896688 0.2810870322652756 0.28888591511977685 0.30373748533980055 0.27288686366660453 0.2599154231959583 0.2954573321485557 0.27554610770051613 0.3207410635469765 0.3418745465320247 0.35352561133658555 0.3729088768390762 0.4125026442148218 0.45398236741626224
0.5615295022681305 0.5039507716649366 0.4925091940847172 0.4873755225767033 0.4814334128138058 0.4945895446786104 0.4490452046956528 0.4582130849972942 0.4345617038545509 0.44728228649315066 0.4355738056719457 0.43008687462974127 0.42492180800987506 0.42008810078720255 0.4004808709164822 0.39224606032462744 0.38728648851837083 0.3605124563704186 0.34534025298711596 0.34598292855684076 0.34623039673983536 0.31914490401946216 0.34297841124526357 0.3621977909290807 0.380343583197306 0.35000129593073337 0.33014044214747174 0.33317220592793206 0.3202606013551493 0.3063621023626728 0.30100885896906127 0.30345772599561327 0.2876785798482369 0.2650559149335345 0.270326575781403 0.2947824296309653 0.27694721932285976 0.3053912324712688 0.3376897318804426 0.3744514043925213 0.4100509223684039 0.4073571962492638 0.41348256168157693
0.5280017188535293 0.5116866296622492 0.5207624264095072 0.5077179783632513 0.468562618294911 0.45911343300460017 0.4336287983827153 0.450218856273161 0.4503116336938756 0.4713919524294324 0.4496311078018195 0.45590774317622823 0.42745160063671295 0.4286171953749679 0.4483013458166699 0.4229953948725867 0.4377851390203809 0.4271707456116124 0.42155796283715996 0.38598451136200734 0.3478325797710363 0.3536939579174661 0.34750920655751805 0.34638287399370066 0.3880506649722656 0.3656446415224091 0.32352456762725246 0.3383737967908457 0.3274038926242012 0.3089828180905919 0.3125889735577851 0.32136709366513444 0.28114791538393896 0.2925468588692849 0.29063272610713486 0.3024138468797152 0.29459888064535134 0.35029500867065216 0.3682364266576566 0.4034926616340189 0.4419362404120402 0.42961425632499495 0.43471529438711154
0.5530805182775232 0.5380298238797225 0.49671256446528217 0.47833351387575934 0.5001326998432064 0.4917483678641281 0.45210713960525883 0.47842077345257966 0.4780891059860614 0.4770761017973806 0.48489820421248725 0.4803387205366973 0.4696714493559645 0.4563045009298599 0.47669002066970206 0.4643962935376404 0.44187889238630224 0.438257561216521 0.4273980875019764 0.3990456222219053 0.3700399128768924 0.3688124871585044 0.38012824936778367 0.3633768294711296 0.37236602007499625 0.37640751227262975 0.35271441715555024 0.32007910948351626 0.32966534346937104 0.3207875041524337 0.3510570704181752 0.3173839124212914 0.32692089212924474 0.29081917896048787 0.2961724446647336 0.33646358800171433 0.36090008001447554 0.3874543844315052 0.41238609172537294 0.43459548375974943 0.45232751505548885 0.4566358186707673 0.46091001633660256
0.5620694341012866 0.5317669765745114 0.488839274402991 0.5030883882774864 0.5189680031852024 0.507205758798809 0.4711706746269774 0.47598537648710104 0.5059112221968686 0.5137169431800147 0.505616897475358 0.5184890994439932 0.5093444855608203 0.5037228874860398 0.4918677633582782 0.4493115317981532 0.44037537478816735 0.4600660103527361 0.4643764394651161 0.426376579174829 0.3919507458155874 0.4246727325541513 0.4042297976928953 0.3898226471524457 0.36951036166332774 0.3657385121409361 0.3466468904125489 0.3569525121624518 0.34862444575344875 0.3545881849914809 0.3792746005852718 0.3386557208098507 0.3650425412856355 0.33345874766931394 0.3043120127357671 0.3730549815741056 0.3940711545201955 0.4133222659621994 0.40367337472564835 0.4561288441400526 0.48520107457599704 0.5090457561324252 0.5048135971084549
0.5576338377730764 0.5164572804075118 0.5373461954741245 0.5339016663824767 0.5374887813644582 0.5007871396493558 0.5034539818712347 0.5150666544426429 0.5296905186371338 0.49753627979592896 0.4921244023217798 0.4929065555989232 0.5179484324778659 0.4996226324553061 0.46972517750449205 0.46436056029998163 0.4408361849098147 0.4722851068905401 0.4886058918418967 0.46812138322188523 0.4615540027631342 0.4585668771725496 0.43482146780975806 0.43412160711598224 0.4146425277927312 0.40155018221515004 0.38252997313942894 0.36145619857538547 0.37717381592920196 0.3818214952097919 0.376517003446833 0.35678906428690643 0.3390448313217327 0.34432797171970697 0.3375357356324196 0.3714377696696416 0.4014883942587314 0.41888643723560737 0.43005959379820424 0.47828510238998917 0.5076041099428297 0.5238350767965311 0.5314387526501482
0.5421579267760744 0.5434963968546543 0.5486434966995003 0.5175475285001834 0.5339918311413974 0.5119091188602658 0.5287522006764269 0.5182516614203181 0.5377122216204856 0.5107910016069034 0.5001397489015059 0.49117370383193376 0.5084514038454604 0.47060878256284183 0.4521537469420818 0.4778922314191284 0.44835404546817414 0.4648784859504918 0.4915106814001476 0.48668384074688614 0.4704762929440147 0.49658138630303417 0.4868216900459465 0.438996936758782 0.42305854091022915 0.3925239108429205 0.3819404262022913 0.3838802331769162 0.3900424283573909 0.37063971957478803 0.3716928891241473 0.34914556263003327 0.35629362073524634 0.38063346481077176 0.3816270428572247 0.39909333274014025 0.4306470949576795 0.4360542043118033 0.4727506847369999 0.48103670143196586 0.5060557098465963 0.5432410092848523 0.5428825238091668
0.5774673024736673 0.5279852774855026 0.5263559283213703 0.5415044651282848 0.5374011375453115 0.5411131359569719 0.5746179497272763 0.5606737614405891 0.5079648373616099 0.5126247533383889 0.4958632666561762 0.5190842593331647 0.533883165767199 0.5111474031713922 0.5024334687259591 0.4730103131483794 0.4663550461935769 0.47468534782104305 0.4958726939908766 0.5012578430144051 0.5109989907637461 0.4906482992371459 0.47375390080052526 0.4542566493067399 0.43054362350151165 0.4226808887199886 0.42226905951671384 0.39039812354997305 0.4019065136211902 0.39345130908266257 0.38625444429452976 0.3981943939077085 0.3936875546699789 0.3729195139312923 0.38835833140295356 0.41964908286546376 0.4571919075366437 0.4559046895081915 0.47899078286494073 0.48071671155024703 0.5244566603974429 0.5459947305905752 0.5752176491809197
0.5958388762539578 0.5610695915762588 0.5048252863959178 0.5574766203463665 0.5655139486240004 0.5530226098508153 0.580148558468513 0.5305830881396801 0.5101573823316962 0.5363619749507644 0.4980909701371104 0.5132775038628749 0.512953785925971 0.4997536910185733 0.5073856204886346 0.49442557450156965 0.509915735278744 0.4694401786574456 0.46098293487497133 0.4662726375099831 0.4931609368901991 0.5000206494249936 0.5031897482833003 0.46794284158182364 0.4136513879768282 0.4023659303736606 0.40477883136561815 0.397398036837064 0.42949646112962514 0.4519859730018227 0.4531136920780524 0.44823179839335353 0.44297532505399484 0.4106980452039913 0.3895964367787383 0.4033429193516662 0.43916065858465264 0.48559819681537114 0.49666103294119673 0.5102066297651325 0.5256156396212285 0.5556709583726707 0.5845911724178838
0.5971546990405217 0.5490642039274761 0.5298686476585915 0.5571576356120496 0.5581529639841916 0.556632152309606 0.5692743419031308 0.5609248643725917 0.5382985865553517 0.5417829083923091 0.5444328047468269 0.531824685090506 0.5152161043529129 0.5318866861919779 0.5417921583957299 0.5461281202196877 0.49356521290517 0.4986861400254328 0.5015918977331463 0.49036879146831447 0.513145776719145 0.5055394659047115 0.478732359075409 0.4554107948845843 0.45423799086631755 0.4244903219305273 0.4127127192615652 0.43479671648393253 0.4394277695747065 0.4851426206879458 0.45732134423781273 0.47917293467966593 0.4740338925113355 0.4481782316395418 0.4359505177952639 0.429720037130006 0.44649838892204935 0.4986790345782934 0.5073348159861012 0.528430857855629 0.5505170596025328 0.5557060349238881 0.5559372764460156
0.6035919931909718 0.5910380774931018 0.570376139809708 0.5709843026788693 0.5596712103347203 0.5848867665246416 0.5877810782502825 0.5714651379445146 0.575199705279364 0.5388662789478973 0.5436555937580011 0.5517444861115874 0.5408877595380691 0.5440536924585331 0.5766692430281192 0.5670476763518686 0.506248528689414 0.5062915517264004 0.5506291747414683 0.5517956102830218 0.5424397739779404 0.4929892355704382 0.46389752841991916 0.44090451728212093 0.44947289950505476 0.43227434764637473 0.4524921797392797 0.4795150871615574 0.49050587908987797 0.4828200867123977 0.48973017605969293 0.45111914308796275 0.4416504798002213 0.4673015061166067 0.4349325673332272 0.44523140658640414 0.4629413208241995 0.46877171407528956 0.5157754093315944 0.5324999606064219 0.5659805545866141 0.5496185303305209 0.5665772367719432
0.5974135756621354 0.595096126111563 0.5431808123904309 0.5550590402703814 0.5736112119091422 0.5516175224147656 0.5834946269362857 0.5912027945810476 0.5817449309850256 0.5620135823035892 0.5610031352663009 0.5642018109120367 0.5727532923543045 0.6072802643261832 0.6164743130433057 0.5909567144145359 0.5519693707829356 0.5481079340324984 0.5370865936993093 0.5417680657838825 0.5368651324558227 0.4907875383205421 0.5017588039778481 0.47757931727236713 0.46520215961610417 0.47759324937365966 0.4857037715840948 0.4981724184847324 0.5176509956371109 0.5126600948514778 0.4923367980880844 0.4611859505128035 0.45043237244266576 0.476929906861447 0.4782754997919038 0.47513796352942095 0.4674099149598623 0.48133711679593166 0.5343242088218985 0.5253389846919552 0.5627367351687749 0.5484299883854317 0.5545548212466355
0.581988448380899 0.5820075038613282 0.5394325649376775 0.5446049322155673 0.5639368869998318 0.5723476335974561 0.55164258143829 0.5620988500160353 0.602566236823599 0.5901241598806586 0.5844910229386802 0.5909861340889357 0.6311537395122299 0.6365714009319932 0.6026738008018169 0.6207652012714425 0.6237487536645744 0.6122429834575411 0.5669994218057284 0.5362478263351684 0.519161876626131 0.49114717818487263 0.5005916559972702 0.5076183348447697 0.4735342512461012 0.5009750109706024 0.4940746255547318 0.49242421265052927 0.5465097751953358 0.5324636652067697 0.49546632736943647 0.479583778783028 0.47002988965665804 0.49402232613465036 0.48805911144744685 0.4887514994273507 0.4678963822201967 0.4867044063082516 0.5358531370389655 0.5116547978442382 0.525176637922989 0.5232411574733462 0.512407371813552
0.5728045979008282 0.5640931146715108 0.5798872961271634 0.55774134112878 0.5536933457778375 0.574516614265196 0.6090854501174959 0.5897647329313082 0.6145637617552073 0.6273614041621106 0.5985046127614713 0.6226409701451091 0.6271893582894577 0.6539606445187806 0.6615500974356415 0.6621162824947608 0.6407725184681917 0.6251334163386629 0.5688754509674825 0.5690787418744101 0.528767305138136 0.5274801517579559 0.5605540076778873 0.5389595464498198 0.5309832756910301 0.4909362756875135 0.5183260426583044 0.5188869078905936 0.526946206444802 0.5378792621711128 0.5059785828812089 0.47700585669016543 0.4696438636421343 0.5027782440148911 0.4882304348622266 0.49563445909047227 0.5027509893018322 0.5044567877106808 0.5298843307915101 0.5262372665223889 0.5500773895201562 0.5225564972788749 0.5197997079180089
0.5862370545824531 0.6083754175419559 0.6010104831606328 0.5822818868612409 0.5936457826894798 0.6134727123191583 0.6407312489911506 0.6099909809938906 0.6159748909342274 0.6388242584311569 0.626973879634408 0.6633270028213896 0.6727869481984952 0.6876567680892827 0.6560040415028571 0.6750294551975188 0.6819292685449669 0.6430016653778037 0.594466301299502 0.5813043868121633 0.5801896985243079 0.5800852639028911 0.5958594399656194 0.5578855720058392 0.5486814718685928 0.5304879025458259 0.5354275538233831 0.5425827245409216 0.5625457220877034 0.5690538101898085 0.5415721021586082 0.5141121185059567 0.4883280267147315 0.5045648164712673 0.4857697209656679 0.49850916733508877 0.5226262929961154 0.53866675320252 0.5070511511093947 0.5058831190312256 0.5465758308241112 0.5200341559772452 0.5350993214761988
0.6054762322927651 0.6043622867403841 0.5885640223399141 0.6161922352441344 0.6306699690303234 0.6535320185020465 0.6551451923989328 0.6455141109470599 0.6262226180146993 0.6221544545585008 0.6375673510210346 0.6426953779624992 0.6817899710901993 0.694234522827046 0.6940543566854195 0.7032980536683655 0.6867209802242776 0.6701065450192937 0.6330867723182133 0.6491595610865374 0.6439017017637751 0.6085792089825789 0.5889132295730937 0.5796483281823906 0.561934880394799 0.5762696146624837 0.5647714578523487 0.563025066522794 0.5817046154497656 0.5493657089574092 0.5430892693128662 0.5349531726339155 0.5306305597330747 0.5231767639809514 0.5323278162492989 0.5351659519375389 0.5538546544594143 0.5345800601587813 0.5147942166562284 0.5243363591856777 0.5292958600483256 0.56049626133494 0.5707660807249315
0.6100250374563989 0.5801226472048884 0.5796520650975862 0.6000226744081629 0.6463915085025402 0.6846713554176287 0.6843318534027668 0.6823896950269208 0.68663161219596 0.6645880111443879 0.6485074418574369 0.6836048376192688 0.7094762931174202 0.7214471738188172 0.7147827676015641 0.7190045222545298 0.7320355539747029 0.717146543344361 0.6940837339055578 0.688755780351538 0.6747991952282147 0.6600666838424084 0.6455782358624934 0.6210674401569282 0.5870232240062428 0.5988754445405516 0.608720361029754 0.5745707006037345 0.5661479081308626 0.5651214108208609 0.5318143486504079 0.5538927037219362 0.534613314299352 0.5375506220737257 0.5612991911726095 0.5681687394874961 0.5619610089971595 0.5295691465369904 0.5113884938821686 0.5114255462654365 0.5456933808751087 0.5451128471901713 0.5805476410194564
