Raster_benchmarking/DGGS/continuous/raster-450.asc
NCOLS 100
NROWS 100
XLLCORNER 1743158.1576656152
YLLCORNER 5469282.975769271
CELLSIZE 10
NODATA_VALUE -9999
[rows 0 to 18 of 100, columns 0 to 41 of 100]
0.68941785985212 0.6846168903270795 0.6609897585469907 0.6397935590241495 0.6561668150404021 0.654618633009897 0.6459610363385061 0.6599920569526023 0.6472029533185734 0.6424352706369639 0.6668696920550184 0.6040701842644363 0.5829542977140411 0.5804012916512585 0.5423199967459066 0.5914039871603278 0.5864956227101273 0.5246927805679287 0.5207666977139276 0.5050136972150274 0.5177515980436574 0.5292005078033796 0.5208468377415215 0.5142447719687699 0.5462483183792043 0.5588064977495385 0.5775113269131933 0.5826102015185913 0.6073879649805484 0.6004608398521992 0.6150126120812676 0.5981363805229665 0.6199773188090416 0.6431261002544431 0.6420065685001549 0.6972803138496158 0.7046139931337387 0.759996053164004 0.7881155230722061 0.7882794136989347 0.7602755061530616 0.8056515944851044
0.6826090841118226 0.6880522995026784 0.667806727279648 0.6533151105300885 0.6624712069049106 0.6148611573419372 0.6477229956104124 0.6226408141848199 0.6437008601979509 0.6594597331081571 0.6422080020470445 0.6373051172124857 0.6033519127009557 0.5810628433867693 0.5649015047871173 0.5792643691344562 0.5632306368694747 0.5557404483964327 0.5262140987123594 0.5407264044848951 0.5406482890803281 0.5186376183024564 0.5185584780316047 0.5241279118040066 0.5410803806284695 0.5853716411193653 0.5753610756210058 0.5745951949277378 0.6034986379509217 0.5914633708221664 0.5963165781237532 0.5992548733143976 0.6030171743556811 0.6527794913383385 0.6658865826361877 0.705062198082917 0.7034360697453028 0.7314579182989477 0.7305677182239719 0.7403200867252803 0.7632445328722565 0.7941976578357378
0.6959838916443732 0.7079708330568639 0.6895845146494081 0.6663311623914288 0.63102032929663 0.627227555018624 0.6181189599313522 0.636197904114474 0.6377628258908926 0.6250226414530885 0.6482302101536371 0.6334671329375613 0.6164366830383508 0.6240824582815465 0.6132881647937479 0.5801196749458059 0.5767868405458918 0.576080957876756 0.5534233037665798 0.5572831511349532 0.5579715943954606 0.5435627527145322 0.523459895902999 0.562445379464633 0.5705225370699009 0.5792013060578531 0.5535533341059241 0.592323715467289 0.620555254269818 0.5975470764914759 0.6105035563123226 0.633917528666018 0.620927989042027 0.6454610587629647 0.6918455618292989 0.6885664617353314 0.7139753406351527 0.7101309087984815 0.744729685206422 0.7289616948110058 0.7653346116461441 0.7834891225737596
0.7182126171255645 0.6978127012482441 0.6814848634336292 0.6527427485020528 0.6263966407275045 0.634732943871849 0.6499024316368265 0.6676548083263137 0.63699446371699 0.6326400097437502 0.6327904416403737 0.6247995023152516 0.6226808558316246 0.5991876007753499 0.6036353127031471 0.5655003429176885 0.5687986420470017 0.5347055732821658 0.5132273010778036 0.5282499185603908 0.5532579673485751 0.5507134060841938 0.5325341752372147 0.5619997363147603 0.5591333447129876 0.5731113689015305 0.5911692541039131 0.577166864802996 0.6124876074870244 0.5998382435688681 0.6101669419967586 0.6225489808880402 0.6470410399473976 0.677010723292459 0.6816824363029839 0.6817093805081633 0.7019745906565412 0.7380695351259362 0.7310174081784925 0.7214935143247846 0.7322404302569068 0.7340355333784329
0.7163313959764193 0.6977460622518825 0.7035134041503219 0.6743132567735763 0.6703767841718806 0.6679209795334516 0.675717640625949 0.690090133904209 0.6866408932466189 0.6426868441353609 0.622424206752452 0.6438327185283836 0.6162661836317261 0.5966942065563413 0.5763742179828413 0.5886891524107918 0.5602184976393264 0.5511544318902037 0.5325961071422572 0.5749930424833836 0.5598994157187921 0.56317152203801 0.573037643247503 0.5408501514270798 0.5539609534218344 0.5572447374251172 0.5986318211407413 0.6246371645521562 0.6188261255326539 0.6014489686872744 0.6205251402160522 0.6285555004448997 0.6696425266348857 0.6861136563468168 0.6742011148334908 0.6959574471825019 0.6961049530264312 0.6837741995048265 0.7127832065599466 0.6981437993534367 0.7436765715116247 0.7256661213258458
0.742493235265902 0.7455109531986723 0.7385212119151653 0.6913319756124382 0.6921572183227157 0.6692412913131669 0.6627345701833753 0.6520263970252487 0.6682642094288558 0.6405273558752298 0.6573717388922758 0.6523458299933467 0.6335696949299363 0.6066915445127684 0.5941062087014322 0.5888987357985402 0.5641510834897558 0.583017895982289 0.5764860363674443 0.5904459919488056 0.5493204861461151 0.5586448544987442 0.5712586296176007 0.534996658643348 0.559830673712706 0.5518928887282821 0.557813018129735 0.6079160846356749 0.6322164600892928 0.626213239011167 0.6452417041793411 0.6389303072213586 0.666398685563865 0.6342605368802053 0.633462713621404 0.6597240366852334 0.6835538194158156 0.6714021207394963 0.6732936451054633 0.7112753273765173 0.7448196516020416 0.7361564241167238
0.7188370451133363 0.7124660136043395 0.7531726871689931 0.7005490664255436 0.7044274065105463 0.6751919449862916 0.6762803690140458 0.6641795840282632 0.653781683831646 0.6554891148369478 0.6199665511699385 0.6504364377611317 0.6674395189606915 0.6556647466697805 0.6308485797122795 0.6434941492130928 0.6174676406657782 0.6151329816351673 0.6038513631751786 0.6037862430255949 0.5836490318364057 0.565523621684157 0.5438622967628173 0.5190498566979618 0.538016088931557 0.5596074460047556 0.5529634211410733 0.5829846887395199 0.5955905101999449 0.6354592459575297 0.6256352747174079 0.6100506962300712 0.631987779214594 0.6165479951850122 0.6474095744318168 0.6400053309511166 0.6304333646826924 0.655146707279117 0.689917640336324 0.6835499609389425 0.7025862181398095 0.7292952680362752
0.7338910017746251 0.7071116135441793 0.7002932039927608 0.7115382822363439 0.67752131827839 0.6464410016900104 0.6287622715895086 0.6269449568738404 0.6568488894881668 0.6684398902257651 0.6458947162901891 0.667089305470133 0.6625899097653548 0.6575926349709412 0.6214420660774465 0.6559336801606622 0.6413115040864247 0.6108923144955657 0.6109978103709456 0.609111823488467 0.549842921560635 0.5441524946175862 0.5467343792933341 0.5445335568926392 0.5662425446578367 0.5593418524264773 0.5950248710290399 0.5861328554263091 0.5996903926831609 0.6255446239799881 0.61206790231169 0.6323072271275649 0.6208828654889496 0.6325306566428905 0.6485149680158202 0.653052327906724 0.6286265006117961 0.6576998993123944 0.6660081182260332 0.6516068075203091 0.6814378946507397 0.6827715526919149
0.6836693797641292 0.685713860996972 0.7220359311238916 0.6957073027175148 0.6761166913192269 0.6300162803416655 0.5929355357573525 0.6390450500793867 0.6355281671092754 0.6664528186054065 0.6841587603804 0.6887002597202648 0.6406081266535352 0.6698467633394203 0.6270810019440228 0.6661530285842303 0.6681884616576136 0.6391474000684413 0.6224498948659232 0.5931091854383594 0.5477753564744341 0.5215420755823856 0.5118802571821401 0.5272707181436115 0.5765875412529489 0.5643398908295632 0.6210821208720239 0.6217915271839664 0.6100538813387659 0.594661792212157 0.5881250971491948 0.6274171893808277 0.6336059361508819 0.6387423451239784 0.6559428118618991 0.6616180302053442 0.6298932600663275 0.6523251065293189 0.637559916103018 0.6461255879723639 0.6418318853572725 0.6832040556429971
0.7077436805610134 0.6961051127928631 0.6869474420563187 0.7027933448266382 0.6896018936735295 0.6402332722826898 0.6431033587265126 0.6528684183321218 0.6625047697063763 0.6546554639671089 0.6925255926899428 0.6780306587032275 0.6760130304102353 0.656790840759493 0.6435980571783225 0.6666466301515656 0.6306696442591997 0.6270075329372718 0.6176947917078071 0.6173034217865773 0.6044174341499421 0.5606913822319495 0.5378380029784989 0.567877115090113 0.5943544735457984 0.5845921298576479 0.5875571021479218 0.6207378643603461 0.6252372864095382 0.5813399695144861 0.5712989211225267 0.6013359182096946 0.6073916283613845 0.62866720632566 0.6195666209613154 0.6202907938428492 0.6122532273113656 0.6091286809471878 0.6399306105701443 0.6627896189121166 0.6402942844189518 0.6451502316323277
0.6738322652394386 0.7024868628031162 0.6855320582038429 0.708470143795066 0.6967233468040238 0.6898624963174806 0.6595727394510845 0.6637199019789675 0.6617638004806143 0.6952373410523686 0.6870977186047798 0.684730598505291 0.6528675279743128 0.6357786685164634 0.6807542720661611 0.6666411207749195 0.6453367758964111 0.642294432341638 0.6080794121124597 0.620593857308596 0.62613208216179 0.5710989021974878 0.5731499704915803 0.550401220159434 0.575641374830456 0.5859076881036197 0.6019404569963457 0.5987083060631608 0.5985191384854798 0.5566954008397337 0.5432432733133523 0.5465863824460963 0.5640325297945392 0.5929150753764139 0.6421261874405114 0.6107743164106647 0.6183964496699269 0.6108572511968947 0.6202191591775579 0.6464035650841776 0.6647723804279909 0.6447587456819583
0.685400259759558 0.7117229931729347 0.6809730211632286 0.7034679149330103 0.7090195102494129 0.6751533983913313 0.6731466494181758 0.6627986925214657 0.7067027284885429 0.705152187489152 0.665537696138366 0.6716804447059078 0.6674276110557305 0.6450285849229233 0.6307775743726876 0.6315799351702098 0.6534028992908105 0.6317493455875915 0.6056912522301036 0.6083979852790569 0.6350787291210296 0.6032448434740021 0.6196346801173871 0.5809637839094142 0.5806896934111181 0.5969551695400193 0.6120721427462921 0.5881088439124539 0.6106659015054415 0.5553626737312525 0.5364331925042485 0.5726328846587594 0.5783057830259652 0.6049064494419755 0.6369766942038083 0.6245917713738444 0.6065722141246117 0.594257783100366 0.601250806897624 0.6116154231519441 0.6267196872399944 0.6572567540786902
0.7053821393516455 0.6986200318387067 0.6962760052311441 0.711778050326995 0.7337274244896922 0.7329129914622473 0.6973282147168585 0.7066095881539791 0.7124533037711622 0.6849101955178342 0.669081125719693 0.6872626433898296 0.6621704421534734 0.6307861221557125 0.6465941731449049 0.6345051136801874 0.6130860480231239 0.6313417453179101 0.6308384951341917 0.6078951286615206 0.609218144083977 0.6209779965278279 0.6458938037705823 0.5939333552382262 0.6016112889541891 0.6037478405445303 0.6239581522185578 0.5964700702637842 0.6116497896608974 0.5613810760384501 0.5577479945587831 0.5533059240437892 0.5501034878327195 0.5849637196330615 0.578915040977491 0.6146347683019896 0.6411607058445777 0.5854288956998421 0.5831835538557748 0.6055768768975287 0.6313414236455616 0.6481628063991361
0.6714137019584175 0.6893590403572987 0.7017949154798421 0.7277708588906068 0.756389523037852 0.7388921097689743 0.724337354071478 0.6954076597063159 0.7024220363623471 0.672593869479898 0.6765633193287839 0.6782569925801936 0.6652580456804907 0.6510478457853026 0.613961971296882 0.6141894926607099 0.6009107997603815 0.6206413157754722 0.5951411785878619 0.6245322646919053 0.5946940884792001 0.6235645751801034 0.6040396663612423 0.6291894294706868 0.6066078280550944 0.6156967142212156 0.6218642968786959 0.6103715134180387 0.6264803180659582 0.5977497710431351 0.5561466389072804 0.5399288489269951 0.5400142535100291 0.586887116453248 0.5970602086688326 0.6038667815507937 0.6392490284927099 0.6150217216150005 0.5940291017454614 0.6199613264457249 0.6311549630878011 0.6527555898463401
0.672868272136326 0.6683245494897897 0.7113444147599473 0.7391475327093381 0.7407570404104463 0.7506904027768054 0.7055503429581429 0.715208957065936 0.6839098102467247 0.6580498706603745 0.6803287979273674 0.6804119116766556 0.6653968302882175 0.6251321704667372 0.5935267424060571 0.5980845936019152 0.6026697491617716 0.5780345101612004 0.587571523686012 0.6283631010467448 0.6000647124726501 0.6040876567576974 0.6117174126576721 0.6212779995579586 0.6423725041380931 0.6171860501106764 0.6308324697493626 0.6139413103363803 0.5946618008343781 0.596188480542289 0.5804040688829699 0.5333084299309875 0.5237961775824325 0.5639252782504569 0.6072240812223124 0.6328766989605646 0.6254754420453732 0.6111859278584342 0.5887180094026644 0.6162225936169207 0.6219499447046049 0.6717620645470521
0.668953594611806 0.6785993884311143 0.690152575164892 0.7280059306825261 0.7561395012778551 0.7568985523012612 0.7423050261008989 0.7061850622027518 0.6723774761743915 0.666357621974378 0.6737066932628317 0.6622596264613294 0.6164206108204716 0.6281876905393555 0.5962750730051763 0.5966110934960057 0.5976098326577823 0.5862668459608829 0.5689495126091425 0.6040488800924413 0.5930985361125645 0.6336620659203162 0.6179717305232169 0.6312744583596062 0.6106555509057165 0.6069748170560462 0.6081569638058678 0.5848574239685048 0.6128237532115418 0.5876145542491817 0.5599866558081014 0.5392951097227281 0.5527158555397239 0.5548916196440379 0.5705164970342704 0.6379108116467408 0.643226196332604 0.6472001621196499 0.6434918597587578 0.6526816004131136 0.6444613123239272 0.6625204330301138
0.6736250020457983 0.7042198909372641 0.7038838388889218 0.7235575412894516 0.748728472857857 0.7463538142735003 0.7642977775228448 0.7328963124449138 0.6647212135134881 0.6760373827882525 0.6261732861483683 0.6493962260523986 0.600099942147066 0.6060641073220867 0.5817053266106258 0.5609453623513336 0.5951630695365329 0.6032541473172549 0.5524063506540123 0.6008136651238463 0.6086709393012765 0.6317733308443861 0.6712251399061433 0.6314910564107266 0.5942426879396681 0.5902642727414896 0.6101692568447862 0.5946291185168441 0.5887311149841444 0.5636763931549243 0.5438588854458246 0.5576160925442946 0.5495289787431537 0.5795321669185001 0.5741844016531331 0.6232344556144238 0.6498450213129296 0.6294147605832459 0.6350429863367726 0.6567364674737352 0.674354914225221 0.7118845787821927
0.654102026193026 0.6780850537127111 0.7135406575397836 0.7305378439043008 0.736959434732056 0.7717278378340207 0.7744121780862605 0.7166956600883347 0.6628542945643694 0.6521696946362775 0.6592142794470863 0.6481716922409628 0.628944988138346 0.5872200618938304 0.5689922526881538 0.563211914201707 0.6002573698086684 0.5902161205979173 0.5808634664205994 0.602295309828629 0.5893678586825994 0.6072988135915989 0.6154009821091035 0.6276940541115482 0.6076057530039694 0.5806837487668696 0.5890687211866228 0.6151617449300928 0.5901390362884403 0.5875588079059534 0.5522787717516245 0.5651424308277411 0.5908879081796434 0.5778007432228991 0.5903243311858222 0.6315202859860017 0.6257911706791295 0.617456902676726 0.6479204847328571 0.6485481015117639 0.6949735425356195 0.7096625648648124
0.6298750912294645 0.6807812670827704 0.7317678151048888 0.7502366656735983 0.7478252400584268 0.7446507230753797 0.7643810543524379 0.7498004810373522 0.7100220640380788 0.6865337467255475 0.6733747993110484 0.6184646436384206 0.6092296911423352 0.5766036800271059 0.5480010350590171 0.5437381019117338 0.5919774153343325 0.587106092133785 0.6069180347130562 0.5774605140550364 0.5847335895872818 0.5998306823707672 0.6362937757030657 0.617736474063186 0.568142321284907 0.603289742014963 0.6097401774349773 0.5902421163182829 0.5973202636817384 0.5915359555311442 0.5544137670775607 0.5572657598923408 0.5808358426820637 0.5568850393265575 0.5875108628863419 0.6309076415504549 0.646548046781593 0.6267000908487165 0.6037575925128086 0.6652004181443795 0.6875536376461235 0.7257950687730278
