Raster_benchmarking/DGGS/continuous/raster-38.asc
NCOLS 100
NROWS 100
XLLCORNER 1743164.3970481989
YLLCORNER 5469285.192500648
CELLSIZE 10
NODATA_VALUE -9999
[rows 76 to 94 of 100, columns 0 to 42 of 100]
0.31207663109858197 0.2992894067465393 0.3075912061423586 0.2885317193056014 0.3033305871728913 0.3004748230051855 0.25950206970814704 0.20696293010798633 0.20115308555683709 0.18221362633253568 0.18780899495934336 0.18937992918521124 0.194926273054925 0.21963959826949134 0.23355220660835185 0.23477554536410783 0.29112754474894936 0.2972659938865885 0.3049976150557148 0.28230270796350304 0.314614236725715 0.32930510449986194 0.3704061301838078 0.367600143760107 0.3593358282888676 0.3514476638805849 0.3154593711671308 0.31158036711068654 0.3288969236964588 0.33231987986265005 0.3812351042536461 0.39692070848769156 0.42975545790080855 0.4272936271118728 0.42902575905083734 0.4595195088431502 0.4260495428541445 0.4440716470953642 0.43846595518478737 0.4781892359555467 0.4767599627637131 0.45006958733388736 0.5168866079154883
0.273793448673864 0.30469148001883184 0.31089053415108653 0.3041023346272862 0.2929483651295845 0.3140070600814377 0.30695546742197144 0.22319775950949328 0.19149526643478793 0.21319863030903166 0.19622517818470728 0.1857325329896549 0.2162096066743792 0.21182827934173806 0.24634946196089058 0.27037040307183585 0.23343281393104173 0.2726550516930734 0.268020712185514 0.2623906476506017 0.33275754518261674 0.3299100111753785 0.40123056951476627 0.39115233008445816 0.38498506926261356 0.3344954562637299 0.2939731633255759 0.30952295701905824 0.31871995362990874 0.3599460708370283 0.3942716032436414 0.3991463951090396 0.41492080708273726 0.4406057599955259 0.49806545615300324 0.4391215256687504 0.4073608462675947 0.4497620963068111 0.4794609648683118 0.4575867241514609 0.4295507455848132 0.49716697959471373 0.5064616510456306
0.29365750678421354 0.3040137797053848 0.3060349881335433 0.3172839828061604 0.3027100528872666 0.2992758666462723 0.270532055746997 0.25242155848714837 0.25275143692967156 0.2233930040936454 0.2336174336353136 0.250231375667066 0.25330216168132347 0.28140172237119604 0.2633617915994291 0.24621379412724612 0.27359751800750765 0.2750208555470037 0.24384645047467976 0.2705298194646359 0.3240123997757465 0.34970699416472034 0.3556475242888174 0.35428961231126116 0.34261982405091507 0.311483874923323 0.2861458743279771 0.2953852885698833 0.3464250604606756 0.39277265803998074 0.40833431645501633 0.44505990189955497 0.42197606960841544 0.46492599737708545 0.49439084621831403 0.45465848086140287 0.41167808705167674 0.4470231391378558 0.46989096956225096 0.48875457669041494 0.4615026784701383 0.49939948429742126 0.535012867491011
0.26283739032849357 0.2589668212216457 0.25212662621198056 0.3111338860780696 0.34578626057069306 0.27503447039538925 0.26612179655891655 0.2788516433198747 0.2565939301263309 0.25855012934258415 0.31492328268917 0.25417029720565226 0.27877431860164237 0.2408309697718597 0.27144347232513966 0.2665344126070919 0.28464584894904427 0.27524874201934857 0.22249067218762159 0.22609925035241515 0.26290372637211534 0.2782337201087218 0.3548592909279597 0.34808930433072305 0.30277048762642544 0.28252414878582505 0.3054240698035939 0.32831446683656124 0.33430630338215467 0.3700506332679988 0.4350823447764083 0.42590377533212953 0.43867223421480495 0.468484767582342 0.49964683938460785 0.4778026591467056 0.46055872044955676 0.4706635389340863 0.45205991647435767 0.49878465374504527 0.48253219567321315 0.5341944906691496 0.5786494601530178
0.31809876684739574 0.25711827642947166 0.23971942447203043 0.2875708435552656 0.302326984439001 0.29146079604920655 0.28639583439048766 0.26365102618980024 0.26729518911003974 0.3040376582361635 0.32242048116544 0.2685056586444869 0.2665966183564595 0.2504166798974189 0.25070512613649587 0.2728875070616259 0.24152729909573323 0.22819376461769608 0.26224414174405575 0.2548600618338391 0.27622764130159694 0.26655884935485197 0.34634741816165954 0.33397444541254795 0.3182640355016466 0.3170822338328202 0.33148821405311507 0.324111178792912 0.3616296397685989 0.4304222172158619 0.4366107261973516 0.45165829665208473 0.5125459007946169 0.5302126556841834 0.5297882867614288 0.5169912669091529 0.4841279076638294 0.45830798314682314 0.4703203762893887 0.4913338197976883 0.5342564189168796 0.5724369274411244 0.5930938109374074
0.3345106849160339 0.3084291763210795 0.2759749431144337 0.2864769738674287 0.3118792846614074 0.294656178272395 0.2939671354725482 0.28897899930816984 0.29775569282237857 0.3380949092134838 0.33555881910915114 0.26664417483842245 0.2562611340373457 0.2491823162576118 0.20434425091133654 0.25742364847598853 0.2209441223285164 0.19865437576399353 0.22398531189502233 0.24967206712402726 0.2374301245084981 0.23820784112524637 0.30642830077075395 0.3170496576541435 0.3611986190500329 0.31682994120164043 0.33450643910083894 0.3459048026051205 0.4153336393795545 0.40573900679110936 0.4651929234845926 0.4586467153854514 0.5092836060573348 0.4982118084421365 0.55382929906404 0.5551878315916704 0.5557640021319656 0.5204344680387084 0.48805296851384633 0.5295724870128318 0.5796735140571042 0.5682400658095066 0.6290092167003817
0.31286341641787074 0.3071995762892936 0.32361041687584924 0.3074176028690058 0.29143935692610407 0.29434917970341745 0.3216212082525708 0.342240813580881 0.33842194565388284 0.33286400237889263 0.32015619753294844 0.3061505247967673 0.3231326614276376 0.26407121520833204 0.24748139150861623 0.24422391036568103 0.23791915176535788 0.23196994521288272 0.26336830685086426 0.2788164764145782 0.2656060088273124 0.25884766126632763 0.27600078790955346 0.28106654042781093 0.3353612438359516 0.3241651988931136 0.3274453295516326 0.3909916546774987 0.4170799853561559 0.41769953383184133 0.4629578261226595 0.4494947519578386 0.5299089928691131 0.516210262290882 0.5518544151963624 0.5771200159526503 0.5808304687591959 0.5404675162495521 0.5019626140227087 0.5189604973011475 0.583903092856706 0.5796885294481101 0.6185283267691207
0.35224293015927666 0.3579190067091725 0.3069398665770311 0.3010868180729025 0.3194447914230955 0.3506727891511364 0.31985380919655365 0.362998455956965 0.3818062656802997 0.33446712743420176 0.3396425196725751 0.335106653772114 0.37055548427249363 0.3083410731404217 0.3008825054422209 0.2790145447599483 0.2679077085427056 0.28161813664613566 0.32062511234884356 0.3210068057124386 0.31814625354992593 0.3139658577854221 0.2816965254335433 0.2935189970511331 0.2936782113086631 0.35389106746831317 0.3747077928978953 0.36494663302392905 0.3478367628420811 0.3986197193860474 0.42354560040786515 0.46306006896300356 0.5210540629836614 0.5247307812507018 0.5405825489579684 0.5782408590888122 0.586937080871528 0.5361294562150359 0.512710930131542 0.5060680881633218 0.5565648783098706 0.6051831780788873 0.6219259658431734
0.3568866959876038 0.3567930122866434 0.35731096969720405 0.3654012328693507 0.3235659777442294 0.37892709886843945 0.3437348794750835 0.3589091778283356 0.40751626186205364 0.3840266243586852 0.36658893644241597 0.36619463103679334 0.3691827760181537 0.340073646272313 0.33143100402478715 0.32812935921952 0.2859708633395417 0.3293558216125889 0.34912281836095915 0.29679582207936556 0.3059603110854473 0.28619824608904515 0.29397306675838836 0.2642813345348776 0.28618199644129166 0.3344741916363524 0.35265565037106233 0.37223824539591754 0.3562475454640764 0.39007047784307797 0.43061746813351176 0.487291605885727 0.5227762442395134 0.5225270908290048 0.5485689240448263 0.5723381123879677 0.5583631496676814 0.5405085511599418 0.5363570889003657 0.529624124951511 0.5887688022087595 0.591182673960836 0.6205826183429538
0.3820120885686424 0.3902746488683773 0.40976370831386666 0.3713925998809261 0.3464529322617609 0.3733028928128151 0.4103149628552032 0.4325317758202695 0.42399223085328563 0.4200969022059778 0.4053447436289052 0.4008694709583816 0.35157361517419017 0.3697626456257679 0.3294066896288469 0.32401239103109886 0.30776552275747443 0.36399990030574564 0.3458224538349908 0.31048354231488723 0.3012684341469469 0.2941104368123925 0.22387797879339455 0.2825106684099969 0.32039953458481757 0.31612176549333 0.34572772586553274 0.37355405548545106 0.4057694948515392 0.4155894732073874 0.4463565749266349 0.4871470360705826 0.4555306004434197 0.526243021498255 0.5732869681356249 0.5191688840406811 0.5469652916637586 0.5619915985858497 0.5485694725154833 0.529902446211691 0.5642593232227339 0.5516577546709367 0.5839627803621779
0.42020569075864567 0.424304221380384 0.4134307490813465 0.42830888596553024 0.42451678071954113 0.4377959294554587 0.4432975550797966 0.44857265280978253 0.4417274383985482 0.4054839170379487 0.4196017765763778 0.4031116870974373 0.3978389191346483 0.3463831802560528 0.3527615310107189 0.34139382804709706 0.3044325783568343 0.3491345009079284 0.3740570173028394 0.33224584350645775 0.28509139115811155 0.2983199178320156 0.2944807710751901 0.26310752051958325 0.2717041547363715 0.327886380559312 0.32081595540806446 0.3859097516547208 0.3999839899698225 0.4374768281884 0.4506971146420058 0.445403307050676 0.44108396927103505 0.5046454766625119 0.5055274215772791 0.4890090333606925 0.537293840706602 0.5271526801177715 0.5053277444170228 0.545465777598984 0.5564440083454598 0.5262614684395133 0.5532148204205064
0.41398220799565527 0.410955010899877 0.4628064854964031 0.47711955470199074 0.45198990343530704 0.44238093241631243 0.4718295726790721 0.49280895818670273 0.4622081654110709 0.43793683827579544 0.4394099523180523 0.4462429319027952 0.41927145467674426 0.33776064446964843 0.3413903095185838 0.3202805970587795 0.3076907813708014 0.33022876271193374 0.3585057302842454 0.34772952080569736 0.3316508770767303 0.319277452551337 0.30346247933748355 0.2689314145656408 0.2940832855993958 0.35745127323981274 0.3237442481239096 0.3950011827771757 0.4150331907551474 0.3980495979849543 0.44159845285730703 0.44568862482274363 0.4500577111335558 0.42295540490934813 0.4308289636273906 0.492762815954436 0.4919561365938301 0.5165147901292444 0.4943496815451633 0.49012372193777365 0.5353427288035091 0.5420304802694166 0.5320744593371707
0.41905098723143697 0.4461745101239553 0.4784442215627356 0.4520583569339658 0.44386611763710987 0.45691404689548276 0.4798409531630186 0.4821599610287958 0.4506552626917924 0.4936261520938166 0.486514470782408 0.46173544485498474 0.44038136317412996 0.3482248402766643 0.3682006548102093 0.34041305029362096 0.2754212630207826 0.2862329471901244 0.297041474924906 0.3369045451710409 0.35785291793807067 0.32073326512249156 0.2985438457903854 0.2946524293024327 0.29832609217572104 0.372345242416025 0.3734633105290647 0.36689931830223815 0.40197331407281944 0.40653850735217134 0.3841121839243523 0.41238151424417235 0.41097248312472434 0.4270482642954581 0.4487734044362762 0.4645202829611769 0.4526232073435778 0.4600400386471026 0.4775325812831282 0.44458193937062584 0.4687050546065152 0.5170226474896807 0.5329127082010906
0.38399339621401635 0.4158509506368419 0.4626260946515467 0.4553586889881922 0.41113208813799923 0.43922927583080373 0.45809039888855346 0.44403481537590767 0.48739113554330177 0.5049301289152118 0.5100136844163908 0.46604575107085217 0.41513230653885574 0.382296640668004 0.3228122776900499 0.34210089482671807 0.26788453465388773 0.31027935799582035 0.305913373402391 0.3337730343321434 0.35537905121420965 0.32565975982576695 0.33511334399626097 0.311563105824997 0.35404133473881483 0.36060141411501245 0.39407675859353253 0.361828956040959 0.37087169087702504 0.3837688840290067 0.3769833171498703 0.44357762810515594 0.46477573701845765 0.4603956290644978 0.40829700646753037 0.4202510303693079 0.4495160732289724 0.4209531674119407 0.39661155365016076 0.43618861164011946 0.47348790970972293 0.5311237701979196 0.5274834495618315
0.4177401515753764 0.43953095566762507 0.4650094341168206 0.476045151354599 0.43940937922836276 0.4807536275703129 0.48633352427307025 0.4417944242759008 0.4809092396448869 0.45163238039669973 0.5059935243338627 0.4910755733041467 0.4273262208371037 0.44009780261136894 0.38085995862387906 0.36115816601740874 0.2979306667358643 0.3052337653180059 0.2910121252218494 0.3066961747892389 0.3316659165042398 0.30485736915369444 0.2789718981283787 0.33080199800629684 0.35560780791002977 0.33533319134333217 0.3538098134423698 0.3819091016980182 0.4199174133762417 0.39616830836053946 0.3852716993866973 0.4149103808249091 0.42594613960845557 0.4426217558195698 0.4193423957550904 0.4424223662134101 0.3955656350715894 0.391947442333931 0.41045744512941235 0.43480917811260356 0.4718505786202541 0.5513881946260706 0.5852234864053383
0.3557402488776576 0.4313907373522379 0.4419349615936379 0.4646201643637617 0.47677285979611034 0.46711867385333455 0.5035995204194534 0.48163205363178296 0.4287291585279233 0.4696898282270969 0.4700406516231481 0.45944928331878526 0.48000671417930485 0.4862859261751303 0.4358120248768741 0.3562354205040808 0.3251842803213954 0.3338883963860205 0.3130925658892687 0.31103892278441 0.26267870761352075 0.2409352701301819 0.2530252614524063 0.3024370317068013 0.30317154802506613 0.3720414430538265 0.41215246086733404 0.41729847248050467 0.4274400823952367 0.4314560876369759 0.41094803416836256 0.4400811271989266 0.45275262152983253 0.47217437381982114 0.46774196603583296 0.4661553045229636 0.40171572312854187 0.42522877960739514 0.40709837480713984 0.4709087055122156 0.5030969251650026 0.527341400661407 0.612049709933359
0.3937725992364514 0.4278880770465865 0.421494986678162 0.4329292742939054 0.49621394923344947 0.5017000432830964 0.48994410031088653 0.499876544604226 0.47181750487660207 0.4418015852544254 0.45751384728060907 0.49089873401202616 0.47957004468599623 0.4767253200043872 0.4212435129331036 0.3950814585288333 0.3439420832081948 0.29913310133782567 0.25596719825191283 0.2586785412260381 0.24627094337766134 0.23664858127809965 0.23953843160938787 0.25114940683882137 0.34538816274125395 0.39395982529290413 0.38867384105107694 0.40138846563535746 0.4364995457291394 0.4484634949424652 0.47683545646939923 0.4718385554090206 0.4575375511040701 0.47180930888920397 0.4666444456804334 0.45599704245166106 0.4391513911811161 0.4166082990952844 0.4056072253402421 0.4461782832191483 0.5330815720107765 0.5637812903298371 0.6102782186226297
0.4541601810045754 0.4383972188406422 0.42949581251403346 0.46476171088391305 0.49228972128909637 0.48201476767795715 0.48359064760529547 0.46760828050910996 0.47323871297248654 0.4397306664829278 0.4631829141188454 0.5017556363980781 0.5175282323547916 0.5182109805960842 0.47768343928543555 0.41256613100497636 0.37823531526775084 0.29689821643019987 0.2562739534492148 0.2710791115010743 0.2536634956455358 0.21863876174680202 0.20461614518703575 0.2768974433228959 0.36531167764086603 0.37501796487633515 0.4268607133212602 0.3873239230079138 0.41246148928243154 0.4218522146991182 0.4837385685808469 0.49815503582918286 0.5396262097022045 0.5429583690901532 0.5379132771327818 0.5150729750244445 0.49257203247572406 0.4344063719054846 0.42084757497588177 0.46022339571371246 0.4975094750455613 0.5717372423105009 0.6305823976698914
0.47614339121997457 0.4762440368718113 0.44265910353946847 0.46050366273404175 0.46531224010704403 0.46533337223339927 0.4928072093959015 0.47013565376782723 0.46490493002255245 0.47439948867135884 0.45902225895762366 0.4732676606260092 0.4552557177947724 0.48131696586655853 0.458526116779698 0.4628939684726402 0.3802949408494019 0.35676724472679966 0.3166602097419991 0.3056655196352547 0.29700115657076076 0.291262110927199 0.25200851393028056 0.31457854238683763 0.3551768097811077 0.39105341559724477 0.4171182067460497 0.42247161485644863 0.4033941437096529 0.46465747693575243 0.5046301729140784 0.4982813539675737 0.5379633248448125 0.5152129021279026 0.5136960142313195 0.4905936066728303 0.5067492652225561 0.5008599534897784 0.4640568416251169 0.5185209528207513 0.5726786441478685 0.5767538484546457 0.6116621931165118
