Raster_benchmarking/DGGS/continuous/raster-291.asc
NCOLS 100
NROWS 100
XLLCORNER 1743151.2606099625
YLLCORNER 5469295.681211504
CELLSIZE 10
NODATA_VALUE -9999
[rows 19 to 37 of 100, columns 0 to 42 of 100]
0.8685713562971175 0.8237103386528438 0.8008739612700065 0.7599261171347941 0.7311768691454391 0.6664575611348199 0.6686080856595578 0.6634706738607207 0.6207595106209737 0.6384615821095394 0.6275279858698856 0.5929270332311519 0.5988798711882296 0.5536478691300779 0.5725823966006937 0.5431754728130674 0.5306810128837924 0.5190274665883412 0.4934824487450572 0.5127138303526825 0.5257602317076826 0.4867262302243872 0.45898834835228547 0.45311162813219263 0.4535860021650196 0.4549962110914002 0.4379742821150284 0.4497706030729066 0.4999944023360613 0.5126196515581891 0.5205672990573058 0.522311284661459 0.5217316068214809 0.5322928729990286 0.5064127492310789 0.5134720091833032 0.5031737986984416 0.480355175694321 0.43801022431847114 0.4453385441269968 0.415945705655812 0.39796895380055963 0.36877676176648533
0.90556727024223 0.8253813820658977 0.748868898902833 0.7479331471885493 0.685445115838742 0.6749267564185976 0.6145013046211348 0.6292226205966607 0.5725146827543964 0.5634451887161939 0.5557278148384215 0.5816056992072183 0.5546725930134946 0.5631303791942682 0.5694876327468434 0.5608265782508446 0.49489394762369737 0.48492166565351563 0.48207532984777884 0.5274102082923482 0.5162445186696379 0.4814462837204676 0.46645682152217 0.4782594564980461 0.4665692832468015 0.44009200362184037 0.45610950313487547 0.49006188635146347 0.5006877347212526 0.5154595592019774 0.5128089235021778 0.5250547402397464 0.5192331192232688 0.5466781442736982 0.5274118240839005 0.5012314124802186 0.5173723760530388 0.4946149855600188 0.4355475342888058 0.42478956087334097 0.4499768348441274 0.3903900222158975 0.36388253064028936
0.8680111147471048 0.8047879869521616 0.7393405225197396 0.7098943499277848 0.7127926649791387 0.6639202715300729 0.6050528211760312 0.5961820397560369 0.5646153794208294 0.579661516940851 0.5263290259070752 0.5292287228040188 0.5340440237970675 0.5938329028036162 0.5642774051654187 0.5615325876439726 0.5139669007574353 0.49636715811510485 0.48298819151462136 0.49277617256428957 0.5115485593207653 0.46943190491798276 0.45790049118417736 0.4241372886409058 0.4145243477608897 0.4292728385128311 0.44461325859373474 0.448363658787501 0.4507406270446816 0.47601391029959456 0.4744388084457572 0.4804318765187657 0.5023660256326474 0.5094079179336265 0.5318815934534599 0.5025315624434403 0.5031932914902094 0.4770473117854307 0.4965259311526687 0.4735710337143726 0.47135329885576216 0.42553500751893725 0.3841229747354829
0.8388712598245954 0.7909859224873212 0.7331275235335919 0.6991695708749552 0.6870860415003748 0.6779393053681069 0.6247302947054101 0.5880421162806785 0.5828686007796274 0.591306487744661 0.5325527607421701 0.5367391536089372 0.5576528891238333 0.6053765606947361 0.5903027457761703 0.5614165227502157 0.5230139882722998 0.5227393606033843 0.5173071044753026 0.5220897818205588 0.5196800608358465 0.5004254128777958 0.46372666969590026 0.41159507934174816 0.3797374491876005 0.36856600945361023 0.38305005181033985 0.39994957957652266 0.4430783712376561 0.4717068845089586 0.47867582454835644 0.4619173727310899 0.46683817450149423 0.48871871677688894 0.4949572744505316 0.5158308221986766 0.4919034785944705 0.5065578722270615 0.5038744719973384 0.47231550111385173 0.49429151586444314 0.4333693329265648 0.40496550949401855
0.7592732628112132 0.7179335224397188 0.6747578971005139 0.6614721798011731 0.6756410278978987 0.6594937419190637 0.6481076375725834 0.6128432281321271 0.5747998785890647 0.5865893370542393 0.5628779686603221 0.5649758032459476 0.5672454780336177 0.5978191323509329 0.5655483730917533 0.5370315425133897 0.5584106228259625 0.5257180423509301 0.5082820015605023 0.5281553156747775 0.5019921648696937 0.4624360900090714 0.4630548631862432 0.3950003573584712 0.3560933173280346 0.3837144305594879 0.3690369729954992 0.4127525198304024 0.42149583343713115 0.4644229931192342 0.4655662327104467 0.4959059670424061 0.5121329259626791 0.48620192192765904 0.4892359612783954 0.46890862407213457 0.48252387398017466 0.4913746171304926 0.4922580871028241 0.49816297301100365 0.530353947779378 0.49560795299377775 0.46073366086004547
0.7103918927339384 0.6770251192630182 0.650433586385863 0.6325550703023007 0.6206915934028604 0.6146104888215729 0.6372152357440922 0.596869475905153 0.5354655447470692 0.5878017591778877 0.5960495554347169 0.599594670557353 0.6042729792359895 0.579294063949023 0.5723816685413032 0.5576095987006494 0.5629777707497315 0.5450357764141616 0.4988352295768699 0.5160550627191468 0.4793094897544641 0.4567610123717636 0.4564519396662833 0.4038475910691611 0.3568841257667469 0.3460709584223703 0.3609578472726511 0.35909818511849023 0.38642437740768515 0.4561325082761423 0.4666670293053827 0.47071031447669287 0.5103699296855471 0.4568098660602851 0.4700214803420258 0.49337917643781204 0.48603456711628984 0.45523645467050877 0.45839563694715707 0.4902013198376372 0.5299103796875217 0.4888685783160519 0.4898943222045357
0.6983909014028253 0.6505367973670502 0.6478149245878984 0.6331570092562985 0.6189101920106443 0.6443239350725898 0.5987535396863309 0.5937362512826674 0.5410695421992948 0.5487105804483349 0.5635029726587212 0.6052668526991272 0.589541408730378 0.5599148782522069 0.5909371465026846 0.5790472840470703 0.5533921137332148 0.5002951932750243 0.4875933389273389 0.5078568194659541 0.4885421158307699 0.4544881884773897 0.4175129919556397 0.42014275294293324 0.38167730203458505 0.3770690497996438 0.384340856327989 0.35037576496651573 0.3661425760901882 0.4099427711145509 0.4555743691078486 0.4547977603039683 0.4799560870247457 0.4651784170498668 0.4642112886085498 0.4718418225474857 0.44985836581544714 0.4351912551576905 0.47223073169706475 0.47689619029112323 0.46507308705420364 0.4873943395321408 0.44350495104947246
0.6395830968733915 0.63529393457735 0.660078727882885 0.6223288741953656 0.636829898279825 0.6505779659254982 0.5902799919069487 0.5933101062519491 0.5723148201556495 0.5520319966626085 0.5497495089991022 0.595484389893797 0.5839606305153066 0.5799695895702526 0.5548812667746543 0.548656170580845 0.544811652984755 0.5106018450607833 0.4681076167211748 0.5034885001309443 0.4974739769471839 0.43026905285189326 0.42687458771829845 0.40853663135297413 0.3858821683659455 0.39120394264242064 0.34723352044454314 0.36285629064952596 0.36696805977588376 0.39998717391514527 0.3978643828900432 0.45119883876019834 0.4328253151835199 0.4727733102815684 0.4528012351796131 0.45621778937784574 0.4102827251554644 0.42666445038011397 0.43610180128491166 0.4567556977424817 0.4487324323427963 0.44162472852162055 0.4477430066345935
0.6530035805533069 0.6315209284483352 0.6667325666872199 0.6259966568872336 0.6518705882227095 0.6356036384264355 0.5838981020988577 0.573364365336852 0.5423497097634845 0.5314987092572201 0.5600374319496227 0.572305732185653 0.5409010719233412 0.5408619508178917 0.5349601979562734 0.5234060706483545 0.5103760583101766 0.516926706633458 0.4752686930729517 0.45454606579033385 0.43342155917384384 0.42193999780153646 0.4249024062441324 0.38074882807011723 0.39908341196270414 0.3740861002700916 0.3731777938745601 0.38243662800817124 0.36969175808797766 0.38661097290161095 0.3873070900836523 0.43874463996998314 0.42836836130020495 0.4597960055704497 0.45217972449365174 0.41359467791102184 0.4213278286821851 0.4223100659621716 0.4506895782910523 0.45957271848648246 0.47802777504022637 0.4861519325148406 0.4641490828629835
0.5983688698729468 0.6403086024456786 0.6471809771358571 0.6570677023127989 0.6530140201563238 0.6416066390614119 0.5953301355559153 0.5730939391624534 0.5464870565568558 0.5267118248829928 0.532129831780895 0.5526246642716479 0.55849777599199 0.5161111883007311 0.5384452818794287 0.5117598368926214 0.5133818324225319 0.4949874404511762 0.45218864288188865 0.43964049021472 0.45098691106424754 0.40866474147015064 0.39174127511015794 0.3778299056006057 0.3711831875450124 0.38611568097858917 0.4031437284837391 0.37346231924081846 0.36454191090932336 0.382918726511231 0.3991474264702416 0.4148050293200461 0.4258376292873866 0.45899787545491644 0.4372340601249386 0.43188559650727554 0.38059823622031547 0.39666010315922895 0.4039995288589531 0.4530687710909446 0.4824322514271482 0.4928163026661075 0.46623202502009736
0.6077901383249102 0.6454304796228072 0.6571295819569416 0.6267831358137018 0.6583716944255946 0.6286856078949187 0.5865391223988121 0.570370074742424 0.5514169526704599 0.5368993196977687 0.5339526364230969 0.5397134077111811 0.5161267073554715 0.5289772963594491 0.5337918538292411 0.5373693163569538 0.5053314866021066 0.49040488046101616 0.45035394240104926 0.4442089497077108 0.4650329320043866 0.4338928276924994 0.4316774051790818 0.38808728626521616 0.3926973530556886 0.403913067283032 0.38056928387302136 0.3926333090811606 0.4051144817249127 0.4216868504485127 0.4329405452336075 0.4168715535990637 0.44350389866337986 0.4097498320183282 0.4109931218770514 0.3962058973717222 0.3847422869607448 0.3934933458125598 0.40724600985872406 0.4570347527546427 0.4852811750127347 0.4767857560607277 0.4868781974664
0.6190848043893502 0.6250798563522321 0.6361732423993222 0.6454620678697306 0.6261929416017974 0.6065553814282788 0.6291541638196837 0.5935264541253088 0.5902189665370589 0.5294525942689684 0.5191997637604421 0.5560539828606403 0.5333289226194654 0.5314780007306743 0.5561810758106228 0.5462744707329863 0.5143282000297089 0.5082231329117455 0.47135319026975164 0.4270785567338714 0.43465677207596176 0.4019395712316779 0.4125043196894251 0.38916437509486135 0.3961369214841861 0.4294909962300103 0.4204161028998024 0.3964054850213491 0.38749139574675623 0.4421556344504487 0.44660643707498726 0.45229431343570303 0.45504331778576373 0.39515359546757234 0.3838829371204286 0.38089868311935343 0.40824896315864145 0.4162015972578435 0.38711380416021507 0.4117276061538622 0.4762376436997483 0.4595489298706946 0.45675594549236476
0.6169034967078114 0.6241755007991153 0.6164612753586547 0.639837584188477 0.6198669054712651 0.6177703192891238 0.5980736487344389 0.5882821693409868 0.5588137340147974 0.5412584945555876 0.5303552752850434 0.5457475352303838 0.524502872882794 0.5224993806452706 0.5146307509408982 0.5135278299635372 0.5187249633269702 0.49958461180212566 0.4752657121695903 0.42135306662655864 0.4348757749675384 0.4025094285463825 0.4137134619312421 0.3951767872368907 0.4282183454639993 0.4334411272189567 0.43120492184144 0.41621539994792756 0.39282382596676996 0.4108850331061389 0.4225887700537917 0.4461670603639438 0.4289451914855077 0.41374761772549196 0.42745923114588336 0.424995350185616 0.3920469970424424 0.41300038417552615 0.4042257427823137 0.40373525575226266 0.45139445242200493 0.46078010364925875 0.45038814769547286
0.5786359949785765 0.5836851612870012 0.6386040390816373 0.6426066718656964 0.6358614855914182 0.6274875401041008 0.5944488666376614 0.5770318320848756 0.580421380850489 0.5534051380956176 0.5753765957526853 0.5641526941224976 0.534860944745397 0.53195786840263 0.5122021080621452 0.47918463737614314 0.45749532922189284 0.4348498453658262 0.4523372687251449 0.42736513186780123 0.4237163740113151 0.4366065231854316 0.40866280861586446 0.4405533733863071 0.4532374732930365 0.4177802659935322 0.42478506912567604 0.3871888354676614 0.3843180015467326 0.4029281599848665 0.4164711848050372 0.4561537224657846 0.45695709040213944 0.42436241006093334 0.4578855637530202 0.4395154783470908 0.41786646801503713 0.4046009519335651 0.40461065081596637 0.41404608380279584 0.41971867188399864 0.42154266196367585 0.4703211275527739
0.631341689418596 0.5886162523137614 0.6026805593079184 0.6299949572658272 0.6260484172807511 0.6207582450535483 0.6159695804195814 0.5726649092551188 0.5871132849090396 0.5587137911942058 0.5752343911420735 0.5633299121194562 0.5741102196540274 0.5256219805526863 0.514014174654027 0.44576001857003955 0.4536297522463446 0.42072657090218707 0.409272903389109 0.42183958552764095 0.45386747215421847 0.43609429920867154 0.4541040496487108 0.424762678879824 0.44779471129157894 0.40068589587641074 0.37488360281608796 0.3810050161721615 0.3682214577340966 0.41946889503675217 0.38740170097903254 0.40451116087699535 0.40454616594232345 0.41262531453711787 0.44501009388529295 0.45063799138338206 0.4160669131384069 0.41614484532602075 0.4415839743937892 0.41721748071179215 0.4040384584954322 0.4335795038183002 0.4456248827760171
0.6419791756815093 0.6112530548146253 0.5976417220075424 0.5945564250303624 0.6033478536940144 0.5944540632881167 0.5728708565595375 0.574507357447857 0.5843787584805767 0.5920932149684854 0.5536842980591744 0.5863752828809361 0.5684506840613365 0.5111546714175342 0.4873039876891715 0.4409192499471712 0.4276046342784435 0.4371790202093695 0.44088198331827366 0.46739691458076094 0.464870987541611 0.4442070510998819 0.47158368895318825 0.41207225252403146 0.4164642656719506 0.38998393272034243 0.3916971163096825 0.38083840540570313 0.3915394113216098 0.3918399856125056 0.39156869970569325 0.39823588240536406 0.39692811548463985 0.4085020712448469 0.43594353298713134 0.43318896698334813 0.47091088653029883 0.44381456164720934 0.46748573634355856 0.467758188146031 0.42653198257660746 0.4251127436961339 0.43254278747774116
0.6539873491347201 0.607900871425322 0.5757381912722608 0.5718925446121883 0.5347952083485066 0.5466649248177811 0.5363287699099831 0.5799829565804681 0.5541147900858091 0.5748870714605065 0.5632569515635192 0.5644741716077949 0.5417336156144633 0.49815260882467755 0.5024005625739556 0.4425773127502226 0.41883016271029117 0.38616483646007965 0.3888615866212992 0.43915390024002615 0.4431511500632887 0.4202628255088134 0.39440717828737076 0.40217920274475505 0.39215026315236334 0.3934217462395543 0.3709108307373523 0.37335664348090325 0.37403106762966254 0.38125222239872714 0.39292655259240156 0.38484337161939414 0.4007031142655995 0.4144468822670312 0.4386490033437537 0.41564228293946176 0.4566537874175402 0.4647254231200639 0.4749336571586564 0.4933435111446872 0.46436216229069865 0.44560718336098587 0.4645087050712841
0.6168594841090538 0.5672566557247517 0.5354879117547771 0.5553640050267689 0.5215016926680895 0.5450611624218962 0.5377201313088071 0.5530766280220856 0.5540249778157765 0.5719918418301434 0.5521951150107032 0.5341636077508432 0.5359190741510016 0.5224440688617707 0.48581327424852533 0.4505358493639432 0.3742061955600454 0.362837157971757 0.38865237935102126 0.4288654971534759 0.43907120804337363 0.3902132877047655 0.3855726849960938 0.42194471934856287 0.4215110624786931 0.3927459888858015 0.41942540173397846 0.39058400394450643 0.34842904311919787 0.35859538552090575 0.38671948368117953 0.40259635473632793 0.39773334118411124 0.39455555871041376 0.3946057076633562 0.431164535016212 0.44361867160194723 0.44021434242536706 0.4676840742690038 0.500219298278541 0.5097091803648058 0.4931585828294097 0.5145371088385979
0.6249878540353022 0.5963406412032456 0.5609367033058694 0.5462191059617897 0.5337755339158473 0.5331892303764916 0.5479033321748522 0.5199057196847998 0.5234414752167426 0.565676294345938 0.5425960872433947 0.5412180906692848 0.5048931549627371 0.4748471555798456 0.46121305385699346 0.4471825633494001 0.4184764860473015 0.381007458773313 0.382643185945003 0.4164484117535088 0.42294482990545873 0.4078250993324379 0.37751121803166615 0.37932000700407514 0.38338080406916747 0.40954991533396157 0.40446723940228196 0.38466404980966434 0.36357621032687854 0.3861736514243493 0.40432983832984504 0.4049291842489804 0.41895527995497095 0.420788287263659 0.4022433817002085 0.43734667448008735 0.4524900751748675 0.468516063739751 0.4876550875141503 0.5235199302351511 0.5394817637766806 0.5290068851816551 0.5066669422044129
