Raster_benchmarking/DGGS/continuous/raster-141.asc
NCOLS 100
NROWS 100
XLLCORNER 1743162.0552945198
YLLCORNER 5469285.401184181
CELLSIZE 10
NODATA_VALUE -9999
[rows 38 to 56 of 100, columns 0 to 42 of 100]
0.6307360173826358 0.6654373534033619 0.6982253528326376 0.6800062285762085 0.7018168352678034 0.681848165333009 0.7154574847772428 0.7279947834184733 0.7195217309908817 0.6792249959960639 0.687860518466038 0.7274731820828314 0.717406921482098 0.7442808506929215 0.7419810258465082 0.7778830797334204 0.797197929332582 0.7701090721755489 0.8115364495842361 0.780141887857439 0.7873739589124599 0.7522709641634854 0.7554146616163138 0.7573090592908546 0.7770159471959828 0.7840149232704122 0.7432510672311066 0.7387138248702777 0.7089344941688128 0.7344803808982985 0.7227442662459376 0.6673781571138793 0.6392222156959705 0.5941141343516103 0.5885282616346951 0.5629747783062042 0.5513218596195639 0.47484382342598186 0.44440358691342213 0.4869423468832775 0.4713615895712982 0.45711276532913986 0.4435099863850043
0.6212302457241197 0.6679800314696874 0.7113577458232002 0.6926314388745717 0.6596440027092982 0.7074595270226302 0.7351040761328788 0.6848717056340954 0.6762052795463936 0.6898429119000558 0.6656901679168092 0.7077193382477263 0.7213895138137691 0.7573731147935198 0.7773186941752912 0.7579001520380865 0.7918025159956299 0.7966184634653178 0.8225309997903596 0.8308463418469956 0.8316877558784868 0.7626560417081734 0.7629709059274686 0.7604794831714461 0.821843943944115 0.8210685968370579 0.7957778493017781 0.745865682381766 0.7628829715748711 0.717837518901201 0.7149763504675433 0.6536861191151486 0.6242960702159364 0.5892339888210634 0.5971115435590488 0.5577467662527182 0.5469211788574473 0.5206038470874156 0.44153500018860076 0.451134951919439 0.49184682534002244 0.47731547186419887 0.4754824096741614
0.6565056555468225 0.6439819174021243 0.6879112254147343 0.6951158246401994 0.6643911331568341 0.6908963005227556 0.6732577511758953 0.6956168394647346 0.720331130632077 0.697541407359084 0.6994305702628137 0.7238017569191827 0.7163383109085111 0.7462726923956559 0.7297727484992487 0.7587109565271646 0.7658607300221429 0.7709319134803717 0.7958995489600245 0.8003923064978924 0.8361804170493794 0.8166468953669643 0.7871071636273127 0.769886651635914 0.8167286873736791 0.8122633913111869 0.8050530516469276 0.7736097543320595 0.7656754170287966 0.7113455347463025 0.700177453860892 0.6445242606071042 0.6493400419859 0.6050781405353464 0.5788799477215634 0.5841886031606318 0.5494878747721954 0.5207243602431187 0.4593149269514577 0.46463588777181686 0.45699873767064614 0.47526135447356915 0.4331695477462453
0.6688610720661898 0.6576234233342133 0.6441970801984787 0.6617750024471664 0.6685138493749361 0.7056776678072159 0.6748345079896477 0.7334547110903967 0.7262541103914832 0.732083380555639 0.706261977079543 0.7280352638181186 0.7729620406184533 0.7784012744648973 0.7435409102364652 0.7671172044766823 0.7798103276754879 0.7574747847921226 0.7563220219953695 0.7883234472800027 0.8272755504875825 0.8025472118819338 0.7674025868009633 0.7975636405668379 0.8312022255202942 0.8204505105904233 0.8253027886685137 0.7598452526170831 0.7342261011286741 0.7096120749140983 0.6885455018432807 0.664646298123482 0.6604531414907958 0.6444223382463885 0.6349120584328819 0.5705001926661427 0.5497645495433866 0.48562245962692563 0.4999006779517786 0.49598873470083527 0.48272752942161223 0.48785215697279605 0.42573861828883075
0.6325284850270443 0.647994277545518 0.6511461413792033 0.6584696791874651 0.6965456394426031 0.687513218034407 0.7065763712858854 0.722682843346378 0.7527322289434232 0.7111889151215294 0.7383999973060991 0.7371602816382851 0.7400093152359705 0.7544975477968925 0.7816805072969993 0.7605084802762505 0.7929611571484263 0.8044836599016221 0.785697975911536 0.7581023580822556 0.7645839240151815 0.7943227664040142 0.8097894118685085 0.7868594494859046 0.8383082110896013 0.8150948687208969 0.8051328958453638 0.7700136660203485 0.7401957957851345 0.7126505918267625 0.7022220559581445 0.7144625703545537 0.7082434918155961 0.6442231976503678 0.5844074698282105 0.5832497177698722 0.5457056021095485 0.48266230617548234 0.45447947533718996 0.4708730560577094 0.493773230546432 0.4543120933272825 0.4459024549424503
0.6514623651722211 0.6535249140078941 0.6752695919986094 0.7203740543081493 0.7504578137615444 0.734234935030812 0.7296944398770447 0.7236471588188998 0.7643376040062551 0.7062252288516339 0.7197103440757566 0.6956698335204752 0.7238401021424321 0.7314799751081514 0.8011027283366278 0.7593254292050544 0.8018023000595237 0.7979137309564053 0.7683994372888066 0.735741438601889 0.7735205260972745 0.7704958247042203 0.8167177497949766 0.7838600608014148 0.8304368018619808 0.826123503295739 0.8131593453537884 0.8196428129825288 0.7949506357092885 0.76114576051298 0.7477392989893312 0.7502806636975214 0.6998967058478331 0.6656265513832442 0.5777117133237543 0.5638230494310404 0.506742274551851 0.49816436394005154 0.42039622770541574 0.4647513254041365 0.47454178764500576 0.4743012308716817 0.44813715946537275
0.6460823442835967 0.692312911367985 0.6951942209827854 0.7297061883370187 0.765977573917393 0.7300166003414936 0.7459854327702299 0.7572475775733007 0.7516948642360116 0.7258698647790689 0.7245162208008545 0.7104321442147475 0.7074980470922367 0.7491612858190211 0.7968454017112644 0.7822096331765573 0.7558727901217376 0.756317173887549 0.7293874949229606 0.734130709680066 0.7652603795559061 0.7973033368876012 0.8110140635668688 0.7866441053617663 0.8339317603131436 0.8431989921480938 0.8288891242741839 0.804243743821231 0.7902183045373244 0.7779893147850723 0.7830561722900032 0.7430559929846524 0.6824370919032522 0.6393688872974002 0.6008602738626048 0.5822651944810769 0.5452523960932374 0.497928355642891 0.4697959316204645 0.4725697745749364 0.4712092397631341 0.44381129679784836 0.4174760132234008
0.6244941288536964 0.6967963037360787 0.7448155810882084 0.7422634843412332 0.7459333809940997 0.7315825562986494 0.748655621551525 0.7702082806748122 0.7159260260613386 0.7484043508293303 0.7589237986495694 0.7415696791041801 0.7396664774535139 0.7463776394694408 0.7634610050170049 0.7954149409252944 0.7503976692402832 0.7850564055101121 0.7392274351319817 0.7305831023265188 0.7644338492827233 0.7952257898989625 0.7567859520486421 0.8070389026311642 0.8181725597410681 0.8102060367443755 0.8162372024413163 0.7907795744676357 0.7508367953026414 0.7450127455260706 0.760025563925284 0.7243399059563518 0.6869319127115655 0.6362802362825699 0.6065463895506193 0.5658707390167956 0.5860177782506706 0.5537212661531513 0.48913116527550554 0.47249277838893394 0.47228339373567413 0.48154168945223025 0.44769487469890556
0.632553092019794 0.7072726111550985 0.7544746596718734 0.7547341689478846 0.7860561953109567 0.7716676896357286 0.7617421472029274 0.7503105515217762 0.7055400356453714 0.708609177818651 0.7308704590598419 0.7487866025119057 0.7270458856035964 0.7281418956609842 0.752216458142812 0.793203530782649 0.770535497733878 0.7921359778073356 0.8045809072694126 0.7938040523849583 0.8118501204370319 0.7670864327069473 0.7624209621607383 0.7824707845554213 0.8046700105943396 0.8259533660455888 0.8494467585431763 0.8144957417157579 0.7751586552302948 0.7608956573995681 0.7205865859484994 0.739637493589153 0.71726506325274 0.6817933658961189 0.6115839537889576 0.5815951996312818 0.5937905245523437 0.549091197168851 0.5458975236179077 0.5079988385043671 0.47845905876897604 0.46884627952855334 0.4712564775621772
0.6338805913081049 0.6694734825398984 0.7417995837222926 0.7801086738050599 0.7931429851683183 0.8019074601555812 0.7964378895597947 0.7829383798451944 0.7540884500255839 0.7394652235707795 0.7133788719442417 0.750208437226227 0.751029108226396 0.7554971301323301 0.7595415190446829 0.7689737490272075 0.8035849967782074 0.8157452990106963 0.8243720432055658 0.7948854688087609 0.8198277475168391 0.7823252221661219 0.7716858547181922 0.7948438699781661 0.7759279720875939 0.7843180269092627 0.8538495960206376 0.7993900610562455 0.7718754200643447 0.7840784443088431 0.7373865720315781 0.6894655095138431 0.6614156623682572 0.68512305277232 0.6597184657434164 0.6188798036995697 0.5579291844631662 0.5644962751428082 0.5244569295421492 0.544376048071331 0.5040631327751891 0.4908066033038917 0.5075508368091458
0.6343940711626287 0.6909231429261903 0.7176853203007084 0.7811870648501915 0.8230245570300666 0.7951285362338321 0.8057541355499364 0.7758513794919849 0.7584806989894257 0.7658795907494909 0.7755514091557671 0.7962525818124638 0.7927613889467007 0.7582627446092812 0.7606361466310935 0.8008833898529851 0.8028008899840265 0.7849912485350728 0.7803569892227343 0.8022338022389423 0.8099627024503528 0.7780446283982321 0.7709871465539162 0.7681668784451025 0.7915238208398536 0.7863899415836356 0.7823811373345738 0.7858711689394556 0.751818106237186 0.7679091267342659 0.7332637794885662 0.68314102693075 0.6760586104168073 0.6251228287426474 0.6280143091914386 0.5898122622643217 0.5598897269186296 0.563539381619423 0.5590675658962754 0.5269273085620939 0.5201425717978061 0.5044231253986805 0.4898029999284743
0.6134959025502974 0.6988176020776752 0.7694306046266747 0.8175394007553638 0.818994745600889 0.8105678737915852 0.8509504840068818 0.7852446778286905 0.7732517750204634 0.7686521779148223 0.7840258510807986 0.8000724465765013 0.8282972148879403 0.7852392515308302 0.7913121774451225 0.7535688701060913 0.7574690961976587 0.744356403624313 0.7933885098132852 0.8024600451517595 0.804261134243502 0.7855547090761905 0.7955024929363239 0.7866692834133924 0.8048721723286811 0.7628934015759777 0.7728226669197664 0.8104323858198834 0.7953980648700069 0.7388388808085241 0.7245329077081177 0.6862160868918245 0.6349273173777172 0.6162913567759705 0.6116493246191803 0.6075561376293351 0.5822341184627299 0.5321229728322703 0.55475365998132 0.5429647098534183 0.516594757866938 0.47736320708944485 0.46329045275564923
0.6524029477639416 0.6933920227564618 0.7334793291423319 0.805320583008867 0.8499296441182693 0.8567579261685296 0.8483515572574325 0.8509590046491664 0.8197380339782762 0.7924847594484431 0.7720544919341654 0.7976275832931025 0.8491782931191805 0.8102881846795632 0.8225949816837043 0.7736770908594301 0.7418546993362847 0.7469635060341309 0.7567987773888022 0.7652948102922053 0.8074047200579314 0.7726905453596165 0.7694302329508259 0.8087143954124816 0.8169176298911427 0.7964152831689959 0.8124451092935709 0.791697093324235 0.7931435957304319 0.7290943463484025 0.671277177268447 0.6919893194795633 0.6630049612826799 0.632545488663836 0.6068465862067248 0.6003215206044185 0.6086479438181237 0.5412069657807056 0.5436166814630745 0.5006699556225829 0.5217053767154534 0.47699082153803485 0.48987697363763705
0.6318748441406802 0.6949635031883487 0.7409533616690621 0.7670817531051672 0.8273323210038661 0.8514197531405993 0.842482258265911 0.833804442549526 0.8441963283729461 0.8255803598791778 0.8264218131337894 0.8439819464884113 0.8516256824862107 0.8202053598373634 0.8363308951394092 0.7717295553204239 0.7356061334327282 0.7103145129033128 0.7049078225573827 0.7469043914196716 0.7771774753016524 0.7772950835618706 0.7942898725090299 0.756043198770042 0.7725894657335193 0.7656555143370124 0.8059752748495997 0.7804124677797003 0.7626388308292045 0.7272613658542498 0.6491286747099454 0.6665343063591208 0.6726075590004369 0.6502235671986817 0.6221858592253068 0.6075725905755804 0.6022755284208896 0.5715757842403837 0.4956567074148974 0.47709954634216056 0.49322056895789484 0.4677895394406557 0.5256799791000322
0.6274284551955331 0.6712031632300934 0.6886607520570474 0.7726368581595641 0.7852963597831565 0.8136680719291107 0.8052655098998693 0.7828394354179548 0.782517748034446 0.8019345861909947 0.8162769259310456 0.8485738578883012 0.8193583982402612 0.8092178374037746 0.8363654832350252 0.8211512907976778 0.7898363921306577 0.752145476900727 0.7076833293813757 0.7316733165324659 0.7357943123142252 0.7508798225169808 0.7793582935339729 0.7470643951576291 0.751599797254943 0.7628429109501659 0.7775376807489119 0.7350416980997151 0.7126104979601507 0.6740100125162835 0.6394723939795824 0.6491391644422414 0.6446288673777263 0.6407732965963868 0.6249551584744886 0.6212980042754179 0.6283270500754646 0.5721864232606844 0.5350599968881095 0.512179812566811 0.46771304678538617 0.48614585554105877 0.45825265940928933
0.632254483860139 0.6342979926149549 0.6654743486955491 0.7221746575188112 0.7436100332962267 0.7790110418756374 0.7445947667060392 0.7645051076255174 0.8038809651424498 0.7989318080137802 0.7893608761504739 0.8128326008015773 0.8396134843224236 0.8471515439327109 0.8067699951990932 0.8038455427475402 0.8000452204216072 0.7338515159934687 0.6957769849918001 0.7077213607940771 0.770215621842478 0.7807119009794224 0.7416105842847338 0.7245948541625586 0.7529291180938184 0.725150830933614 0.7548541874808018 0.7315245911223388 0.6825707540328964 0.6872252876326261 0.6631547858705544 0.6505524655910203 0.6302442933952539 0.6423054837249406 0.6160180526424002 0.6150222286227353 0.6196551955927148 0.5513888200900217 0.5157411988025308 0.4735839957017941 0.4731812249198721 0.46934919920799634 0.47222944398911754
0.6400652159009498 0.6669823705973597 0.685411123454733 0.6921908488281815 0.7385001210717796 0.718273977205542 0.7627967950732849 0.7809200726998146 0.7899204965365791 0.7936556130692515 0.7817603157493319 0.7890222547704272 0.8366738076913477 0.8543071412208519 0.8382732683444095 0.8031852043414363 0.7524020147219868 0.7272670448801011 0.6976866750978434 0.6997215944287657 0.7244561702651854 0.7622472019409041 0.7257285747688247 0.7295835971890839 0.7276841824313669 0.7419945497410341 0.7383575110202254 0.6776343331004056 0.6409067437727834 0.6555747609568235 0.6910492590533025 0.651390037538714 0.6095129405483015 0.6228619191804479 0.6467858496578862 0.6127614144896001 0.5922739006848933 0.5442219669848598 0.5547674861269107 0.5039791262908337 0.5287696983659473 0.48366837486377906 0.461995394637873
0.639433927788468 0.6255214192350455 0.6539138979003013 0.6631808570743528 0.7186106358890308 0.7164520468822508 0.6977717915127489 0.7162381074968097 0.7664550146223246 0.7740226369852021 0.7168159124627841 0.7897132282854896 0.8230517899027605 0.8367187708406015 0.8732295795162078 0.832811193681546 0.7550904120611387 0.7220394264987781 0.6755614412148033 0.7131072396007441 0.7242262442491845 0.716123196932585 0.717259080255395 0.7228548704599081 0.7501753055054902 0.7022526834399896 0.6922752865310178 0.7040197978606572 0.6587840549795982 0.6503124352123747 0.6866388556852733 0.6589120268663372 0.636495866657673 0.6414725690564371 0.654560199944227 0.6299073497725001 0.5527803070280314 0.560369446913698 0.5405828007116182 0.5591519984151628 0.5603053050251346 0.5069086896929547 0.5163551945092067
0.6077743910507715 0.5939892208564509 0.6478498175208598 0.6473553298199688 0.6523772323175082 0.6350671527047487 0.6410869103991247 0.6760877659629975 0.7342296938606431 0.7411686647930917 0.7198615455282174 0.7200185493519019 0.7401482042478302 0.7893445261392491 0.8138600194134408 0.7971768591917734 0.7841670147116911 0.7526714115162265 0.706638847302081 0.7329428801073369 0.6906947764688556 0.6931848724999973 0.7240347111696795 0.720120828711696 0.7031895493167087 0.6860760234091471 0.6551030358153708 0.6740956734145027 0.6474675319305596 0.6287458173857017 0.6337228064933036 0.6287233159029684 0.6436184113952031 0.6378200671700243 0.6493037644503927 0.6255646392052348 0.5451118881937721 0.525647286124451 0.5194385653902721 0.5357167947749429 0.5639870368773059 0.5214645570214276 0.49245398414201785
