Raster_benchmarking/DGGS/continuous/raster-294.asc
NCOLS 100
NROWS 100
XLLCORNER 1743155.9463063907
YLLCORNER 5469285.784354329
CELLSIZE 10
NODATA_VALUE -9999
[rows 76 to 94 of 100, columns 43 to 85 of 100]
0.3555340527486801 0.3675800339326183 0.3502703328200212 0.3356611778801142 0.31403480272711226 0.30643157905449486 0.34236339846067115 0.2904892686939858 0.3014234220048584 0.3209629212015714 0.39529500006726415 0.4025702514049266 0.3572607248488068 0.34412612279564647 0.37738177216030855 0.43400329362276197 0.4174017197232329 0.4812234683881322 0.5348677920188402 0.5170829290421884 0.5469594600768651 0.5325864217730266 0.5076785339973585 0.5119892575824316 0.5641969104708797 0.5123016756435259 0.5211483478437952 0.473296348032375 0.4691832745171865 0.4948379304328201 0.4467057524666941 0.4495264556903016 0.41622438364624 0.43784798501310834 0.397945894570835 0.39980868793347824 0.37348373468600843 0.3649192080589334 0.393630995792798 0.4161263058803359 0.48956180077707057 0.5185462457243196 0.5141600636858183
0.37307575054576625 0.36754410451228026 0.37905670938642666 0.37498718388214486 0.329916477176489 0.3108680312596044 0.31340571740657436 0.30741017745564286 0.27455246978391257 0.3050494680191031 0.34340034601956 0.3645410301611522 0.34708925965412457 0.3618410961166538 0.36908341401421046 0.44184730061403116 0.4237462245315362 0.43462481814046067 0.5072757338215929 0.494397031484524 0.49104523303741376 0.5292205746024328 0.5642856664013104 0.562167166036812 0.5580332954055287 0.5604528882188246 0.5075912590997183 0.48692836879167956 0.4353717058272628 0.4203806964451856 0.43479449844388485 0.4092102999297926 0.40939904704561125 0.433656679924854 0.42201744344683656 0.41205028264325144 0.4052711755050414 0.36721682641230674 0.4397681778890018 0.47783227871383277 0.526280338922542 0.5223683106442053 0.5077535341841155
0.41316106105467526 0.37988096394227044 0.36635612732225953 0.35188151233502135 0.348204233436499 0.321060144627018 0.3577539610583422 0.30451074274218254 0.29882593522789286 0.34268858141856096 0.34329499630357213 0.3166216756300681 0.30254594411617164 0.3094598001467665 0.39853221102040376 0.3839263987229557 0.4496626939296238 0.4418751710427046 0.44745820508740547 0.46512071477580935 0.4429801687772517 0.47649693793878245 0.5314114382951104 0.5162428812843068 0.5365406622367871 0.5364404189360612 0.5300883573724289 0.5170285043341426 0.43571869553094383 0.4045201809302428 0.39887936143963304 0.4227572876876425 0.4134430140341909 0.42344234223422206 0.40773048714971855 0.4079818845928001 0.38775277876801906 0.42077671759546986 0.4089644519495406 0.45084747723366053 0.5081725243142466 0.5454896802312612 0.5327023770582422
0.40585924827272096 0.379506699401784 0.3794513470492607 0.3862095218268573 0.3866631970788386 0.3534212311886568 0.3802853272879921 0.3318943737634804 0.2957486262430523 0.2994990217178589 0.3191111663941019 0.2884962548990691 0.2787102469382011 0.29726034387248973 0.3301557494882219 0.3527195758160617 0.398399550445909 0.42003162845054753 0.4675494402806874 0.44385585665923516 0.41970331183443416 0.47580736146456537 0.5014790328631579 0.4785459128363436 0.49119031497762716 0.4784195069168826 0.46592480145868587 0.4968558546454522 0.45913232554633054 0.4514936963349622 0.44337351429254823 0.38803521870728314 0.424246635718322 0.43132980032428037 0.424313357249247 0.46254454501895076 0.43173164420945026 0.42801379887010976 0.4560389501594 0.4387599750545315 0.4984187157323064 0.5476535396234795 0.544303280323943
0.3765259554394389 0.4008019351340459 0.39257100474912765 0.3650765496945838 0.34724876401802074 0.3966084953094103 0.39814527842135045 0.3192319603884918 0.31979021741132446 0.30366317256115544 0.23681899890222233 0.26600822128596613 0.2562752044174248 0.2703145118192232 0.2602072473708376 0.3185735544137407 0.3698575529725708 0.3641164233965456 0.43983066172631524 0.3925994035749298 0.4015399582297801 0.42659764724502797 0.49481395583364896 0.43585892678356025 0.4257001656422133 0.45291673057061804 0.46477508110912036 0.47082384757997064 0.48070482567554956 0.45108411078998095 0.4342804963995814 0.4360084372899724 0.3865938375312168 0.41195100596882134 0.484432737609046 0.4713473471870943 0.45445342393790966 0.4423737254438232 0.4474275635785266 0.4833374066737257 0.4897601518456089 0.5212774675305446 0.5449080711354045
0.36162065678105193 0.3831981389498613 0.3850554448041364 0.3927337379852812 0.35982662651564573 0.3815919479649054 0.3335268447920941 0.300940036228293 0.28865556680703497 0.23250526287751555 0.20138587747036027 0.2163670521350046 0.26938009735889845 0.26395922121028675 0.24064406605725583 0.2856373396896327 0.3237221282402442 0.3373805459479805 0.38320458555645237 0.4004077310601292 0.4432209091967071 0.41330687567591035 0.42213796087139294 0.46143051678295927 0.4636547734605626 0.4570424198313926 0.4470337058838673 0.43513657461586874 0.4625448703553278 0.46543482038732364 0.4485729009879626 0.45459862489206226 0.4575150733271319 0.44643629551919123 0.40651099072996166 0.4297419062614453 0.4487103990818225 0.44607329370527177 0.4582828206132633 0.4945719254120546 0.5398042754824705 0.5460421859057866 0.5046323962256358
0.3386858688168004 0.3490676374203003 0.34825234693719653 0.36828459120223106 0.38113816447168486 0.3651866111415988 0.28710027478972444 0.27143850144195947 0.28403612681201135 0.25416609452881167 0.20817975396389415 0.2523100946573981 0.27964688041184954 0.2416562918731521 0.2570904005238739 0.311775565682198 0.3024190125254891 0.34818528765072143 0.3495559305470723 0.4051361083534274 0.43521362438318784 0.4374300715588611 0.41998639013090877 0.4008726466408443 0.39038348943572976 0.45188336644756705 0.44103428034541303 0.4072411018149329 0.4223162040644145 0.4742241900442594 0.4695920860935404 0.4733815464038435 0.4169225733274529 0.41157520025212435 0.38079691490931133 0.38849497903429864 0.4270841675898252 0.43114842464804365 0.4767162721705933 0.5468794235240753 0.5515006338971786 0.5388345918362156 0.500714525964214
0.36406251119588645 0.37542148851237944 0.3633702586115955 0.3687488980329255 0.3170944535100688 0.29331389841776634 0.25915098825308147 0.28301492284844315 0.23419600844746885 0.216219424765892 0.20032364478148193 0.22192957108818523 0.2255786532160096 0.242824979771958 0.23869284722751397 0.2797794131245532 0.30894229061706524 0.3073456458285201 0.31431087714171285 0.37258543806357725 0.424607067592378 0.4253746286550459 0.4397578328666806 0.4162497346538763 0.3704718315367174 0.4164715397136032 0.39307647718089633 0.385079219929572 0.3743979739397654 0.41579603847146995 0.46449583408137246 0.4409462616278322 0.3951943741073552 0.35817031379221237 0.3590343038130381 0.4099999918446089 0.40908238416227305 0.47638620533961795 0.4799134143327728 0.5552661446920257 0.5728131307899315 0.5584222881136228 0.5050422813165755
0.34485557884400336 0.37735507846997485 0.4223580098953137 0.3641036223381177 0.2896096228000939 0.30512769736087325 0.2728524421719275 0.25192367696385815 0.2623796918855564 0.24541254288641906 0.19048315059079182 0.19263901550689633 0.2775203825046322 0.2463123235693881 0.2742502780512626 0.26837919073656563 0.3360977348780167 0.31558546095917367 0.31321070668493767 0.35427999303168684 0.4074460844036954 0.4251792860345791 0.44564264947636495 0.4018380229123068 0.3577803552055897 0.3733032130544889 0.3614757254892499 0.37599151816969945 0.36259887731890117 0.36694075570190254 0.4163953646727439 0.3786110126036347 0.38095504010074926 0.369768910647374 0.37997473604227233 0.3851477269153828 0.39972927411544606 0.4942544391078901 0.5072551731661543 0.507736999642822 0.5584717466764436 0.5612502506135303 0.5180582176597232
0.36002033017099117 0.3980634751138871 0.37056545757959447 0.36413041864664647 0.3058669181727062 0.2525082291044247 0.2932876672982843 0.27962820078203837 0.22579031370042765 0.20155842116051972 0.1986356606379553 0.18721072949295656 0.21268937464621857 0.2759443300470048 0.3063798923897323 0.3006918365696382 0.2966541661494847 0.32158485298578793 0.30541935019668026 0.3870627653804255 0.3913955132030456 0.4310132104681984 0.4458977576155419 0.41827639838196934 0.3846665121863077 0.4113054788622601 0.4227490697909018 0.3876606955902294 0.37667888300740066 0.37257201478022806 0.38292403737027 0.371982639415317 0.37314640618599304 0.3406341262928191 0.4024012480644011 0.419137227182791 0.4338375739227135 0.512669054594619 0.5527844676196196 0.5237228567848267 0.5514204807609034 0.5708335059481507 0.5642625349887018
0.3638410699563428 0.3541592476491117 0.3710924277706887 0.3598992319402966 0.2905335864784628 0.3010687476711492 0.2583412154667129 0.2599507436410331 0.27005817994043124 0.23055740081564943 0.17540824811005057 0.22649198368247803 0.22144166239881263 0.27374714939752487 0.2762093332453767 0.2773721566600149 0.31738705980727183 0.3326337176393082 0.3097606692296868 0.40272939289833765 0.44635028287174144 0.45335900056695033 0.48826297273134295 0.4408474252396805 0.41448661807134635 0.39858068380560197 0.41292227805579246 0.3661068827509887 0.3583008532866272 0.3749147625925628 0.32574772924205475 0.3365333770919351 0.35370257961455637 0.3307531229290405 0.3709469069519637 0.4571629788196145 0.491985281633972 0.5324229591120315 0.5501762677974756 0.5303442860521199 0.5767506945819209 0.5894635859358809 0.6063332230038598
0.38536523988237364 0.40219371486206645 0.3914833204617731 0.35715844225492877 0.32876416090721866 0.2806085829454825 0.2830892665843271 0.2837757195674946 0.2337027743408629 0.2308936309059362 0.19508161544756905 0.22385347233909716 0.2579020044814879 0.25187474506418805 0.25835746959944317 0.2906770646734361 0.3203911578177455 0.33784960483082976 0.36028599483296236 0.39572696304720967 0.41935068320006075 0.4259383797586358 0.4492936430591231 0.4471545225000062 0.4018861961581159 0.4172380689685941 0.3839427947807302 0.3810739884306719 0.3920600968473629 0.3539255953528658 0.3391204643932802 0.3346830846646132 0.35747887228967157 0.3722943842084975 0.3981237325454174 0.43098947584398145 0.4636131030810524 0.5057054069309076 0.4940003620692341 0.5294450925881689 0.546309054711764 0.5838975102039312 0.5778133809232143
0.44469897208678755 0.4053274053130962 0.36422067625713583 0.38572045059615684 0.3458890697188782 0.3303321136979768 0.2645572028874469 0.27293706997546935 0.2584343244220815 0.22908147018287245 0.23072528043874022 0.2396985209063232 0.21078878668591292 0.21268587025335228 0.2304234142791983 0.295376437462123 0.3481243155140998 0.3645548321679436 0.3644341351201687 0.4055432507742156 0.3926734900032414 0.4466842820165738 0.4684625414815306 0.4603900640278545 0.3913139686071099 0.4149920995854157 0.3609475236007521 0.36085472785606854 0.421549216988194 0.366815955916869 0.35400067696166476 0.3806869553042179 0.3919269161862139 0.38234892352443295 0.3936759504395268 0.4598998739017624 0.4637529762195826 0.47366142981731 0.5011827690194967 0.524066975398371 0.5833300624584278 0.5902915420313707 0.6321426117005968
0.4142381377565751 0.40894128488906717 0.3774588446468392 0.3716250482020878 0.3544126929638547 0.3323385455598108 0.3333080311342416 0.31676968589957116 0.29758989484259946 0.25729451099910755 0.26661872942969816 0.2560698344455213 0.2465689577128673 0.23369306605997334 0.2627014237891194 0.27393623804494804 0.2930239534827623 0.32804027921770595 0.34209261464977586 0.34716067073742 0.38838636582197505 0.4081047987800957 0.4327418830056338 0.4352029754220122 0.43943208023617714 0.43107099754168615 0.42623300768668915 0.394065196306227 0.39292388382297944 0.3932469705268607 0.4113907526876016 0.3731309327951071 0.40772822686224136 0.4260497655856781 0.43150855022750834 0.448228148845009 0.4836155402247766 0.5140132260672129 0.5024195759041534 0.5583139278023365 0.5860169107589319 0.6146498882416968 0.6087063701626643
0.4729207669872846 0.4656383731191172 0.4779369285784216 0.43452849225751106 0.390301150236309 0.37441398097930645 0.33615794920306774 0.3303995745364662 0.3233913539727199 0.28256518016507176 0.25368882300725226 0.2521661056637441 0.2962048323036488 0.30341140998143257 0.25506164879064774 0.2940995491437241 0.2880273596257447 0.3378935904953326 0.3526277992810556 0.37574909423594627 0.369384206038456 0.36495416158856925 0.36638541284189674 0.41997936422712406 0.44889995553936146 0.41989939253124936 0.453520127645854 0.44197228996206556 0.4174952039401726 0.43061011238431074 0.40376088106262975 0.40822191608423275 0.46377699005142425 0.48080511186061364 0.5178290588016299 0.4733823744385858 0.4929571680632976 0.5244789696418436 0.5313289262552594 0.562645031308618 0.6367675836097999 0.623480427098747 0.5939476631952274
0.47898167678695197 0.4779234845964108 0.4946794780823127 0.4660156438892643 0.3864183842227045 0.3875516559982054 0.37248028827301294 0.37562825533812844 0.34118439407975887 0.3127846863747158 0.2983587304540171 0.3044031382947767 0.3264874536772176 0.34833952186284145 0.3092133191475862 0.3148385306405153 0.2870843874925952 0.3140100009475255 0.3521983488337423 0.35176515156093374 0.3807790800937071 0.34889081531282407 0.36049494527945464 0.39080007712222065 0.43366701408155245 0.45305017470583614 0.4148205149148917 0.4501691417282498 0.46392084593416194 0.446624727417017 0.4346193272683892 0.42732226587459077 0.4340940407778744 0.46019750131684306 0.5375360613289348 0.5421835489399157 0.5704575648665008 0.5561437457370038 0.5671583296025947 0.6249855390597941 0.6564784322094148 0.6399913982391785 0.621500238265496
0.4439116847803705 0.49523082332784446 0.4844763383159921 0.46503650683550535 0.4251944177782935 0.44678705287156883 0.4414355923737784 0.3780858850887459 0.36396154564091676 0.36914965896047913 0.31960975336022013 0.33238317008567764 0.3698935582623884 0.38376062058189564 0.40820674522053013 0.34120667307321445 0.32136410649312247 0.3548948483537625 0.34823230003267674 0.38978473520079043 0.34895927163899865 0.3965596719972335 0.39096266727473816 0.3685168932125073 0.39390644843723027 0.39623926189392716 0.3911688067097316 0.45713607532739337 0.4505847864879325 0.4728766699744866 0.46844901139731837 0.4615485939312239 0.44058602078243037 0.46943546729801255 0.5070407726193784 0.5377231156624933 0.5834272335975008 0.6018981026386241 0.6344959122143337 0.6114421107348366 0.6535724801131649 0.6078771793558886 0.5825247577868183
0.48081473809861747 0.5386089203387479 0.5028882933505329 0.5151574176203814 0.45033291669201597 0.45011171606736 0.4886515229320224 0.44049912843967154 0.425889623624228 0.3954074816078606 0.3521898856979392 0.36488707697152206 0.3754724061103603 0.4317031469148737 0.4624609947309808 0.3998401498354129 0.3660613995647261 0.36888566441000575 0.41742280755535344 0.41340420279063544 0.4232296593706849 0.4004325821531784 0.4087562623053599 0.4249390434752116 0.41880035646595154 0.40621364898364026 0.4092645964534774 0.4573890746410325 0.4924887600640164 0.4867035761318501 0.4463006558902433 0.47134549372718276 0.5106928442146426 0.5130197351955116 0.562025619699442 0.5519657852435207 0.6000522911968944 0.6026880307536061 0.6129953376027579 0.6249733642155955 0.6513257586230051 0.6433011064297367 0.669916337410573
0.5343757275061736 0.5572993413882559 0.577378655215721 0.5207855691639948 0.49208852230790967 0.48965527925727814 0.4952241545979774 0.4854771455342954 0.4593332609747833 0.4586768310033156 0.41195325582929115 0.438193390918021 0.41644197637922287 0.47613074723373316 0.5125011344668238 0.45993193879623523 0.454576856386347 0.44630806850106025 0.42906143947077013 0.43004208592108845 0.45112943119277615 0.4515309360289865 0.5258087743075792 0.48571215228141773 0.4671882481987214 0.49164122196923477 0.47962882621012093 0.5002028475354328 0.5216032394695926 0.4687905581312365 0.4721538545882806 0.5375371021882958 0.533965504831643 0.581516666747948 0.5916004197945587 0.6043534049289525 0.579946862644448 0.6147354071405147 0.6319224259668592 0.6444737632228771 0.6192574998027206 0.6526783555907766 0.6964606497177805
