Raster_benchmarking/DGGS/continuous/raster-407.asc
NCOLS 100
NROWS 100
XLLCORNER 1743165.8599510144
YLLCORNER 5469290.228667466
CELLSIZE 10
NODATA_VALUE -9999
[rows 19 to 37 of 100, columns 43 to 85 of 100]
0.7435980578898556 0.6845303331543864 0.5726022208296438 0.5878411203579035 0.6922991706395151 0.7002624126889468 0.6611688584725112 0.6970589909211703 0.6784541949940968 0.6707325267241996 0.7080281557863484 0.6722101662174355 0.7040247817055514 0.809411352868412 0.8475771774087101 0.8314616224596871 0.8425076968328071 0.8032944510282197 0.8105255203704598 0.7797343300928223 0.7153976695389509 0.6977432597775942 0.6776517895480513 0.648551289607678 0.6364698593501548 0.6496262700856819 0.6381043945701081 0.6408772842281741 0.5617103881488476 0.5400548365479171 0.47560728979285766 0.4431501641262756 0.4210555975313755 0.3886854231636838 0.24675258440711198 0.24937773998310406 0.2796908982521509 0.2741266779942588 0.2482616604600103 0.34530585268495256 0.34472204925481686 0.38008275562045035 0.45300991177244204
0.6829761761005946 0.6693799276840482 0.6678769680302739 0.6114251870207328 0.6009180378764954 0.6421512122482337 0.6410158080157864 0.6365674628748254 0.6741789177780115 0.702381240418935 0.6496521192605662 0.6807394917733894 0.7181436167160593 0.7426493531689093 0.8275408129444664 0.8491388036152174 0.8574396571104469 0.767544680082357 0.7674978060020562 0.7684207435416416 0.7475945312273768 0.6885231145725383 0.6797754248680192 0.638888157697106 0.60728549177745 0.6304162671553631 0.641659456714322 0.6247940035258197 0.6216532153774229 0.5611071918569032 0.518628590068896 0.4637329984595831 0.43889397458118173 0.41037240052212415 0.30485911104114394 0.2952446376210665 0.3116610977160278 0.3310634987550398 0.2787090217774335 0.3404820553234676 0.3206182448259473 0.3756934223982374 0.4048954853113531
0.749382039156743 0.6950201110639251 0.6780206707290368 0.647507031041772 0.5899480122902804 0.6090876034551967 0.6764833056974615 0.6599903756046844 0.6833464298746456 0.7255687564484529 0.6701062254778629 0.7261595480100326 0.7359728887933413 0.7143368231025744 0.8058914898185704 0.8506159133375952 0.8173676284649165 0.7530154366101306 0.6844522945362721 0.7543294922617351 0.6917623978132512 0.7079279902544267 0.665688390129825 0.691852384504975 0.644296770368085 0.643330335044815 0.6291010486461953 0.6380705405818704 0.6565507481355062 0.6152285596988449 0.5410829303498407 0.48754967454478754 0.4399433530451565 0.4425797674419971 0.3836721733015432 0.38299131940055897 0.35509242807238733 0.37984921279874045 0.3556203160959306 0.3639420615252612 0.3395830417142086 0.3868642438815448 0.36032431066976944
0.7529648863874663 0.6704591705989693 0.7023755597193813 0.6792279019019221 0.6097023960969105 0.6604541343082149 0.6973004965879314 0.6439213664775513 0.7047797233490587 0.6963352365762621 0.6525294053149406 0.7075632357004026 0.763197045796358 0.7388613121374964 0.7380611303976198 0.7889412127059965 0.741521283308955 0.7021061012514579 0.679880561426523 0.6979503152005184 0.6725789109070979 0.6683847613484453 0.6125549118036965 0.6490656266862169 0.5988753075372137 0.6049017723942766 0.6265748266482047 0.6519576642648517 0.6713050139888129 0.6010471832893477 0.5891798077083972 0.5429070430422375 0.5203294481434929 0.43512768537306196 0.44139835125400706 0.36326659973888037 0.3620493766301013 0.36399244801615727 0.3743445654966939 0.35531057955951884 0.3654696481406624 0.348216823786292 0.4137863630311722
0.7248876649434964 0.6488257045329778 0.6181740440466726 0.643533638685127 0.6739576086520864 0.6662407947607351 0.6744676489030302 0.6932857728897271 0.6671114213096965 0.6580350303984895 0.609528964380381 0.7064179505707475 0.7742272520483159 0.7291245252330045 0.7555837444619994 0.769929926452881 0.7297729891315428 0.6965528412865077 0.6942156462182386 0.6483530746132673 0.6054855153894038 0.5915103021144265 0.6343522960480366 0.6241314022755058 0.5968454652147182 0.6491959474018051 0.6890649688989563 0.6839407311610983 0.7210841608476046 0.6195759926616194 0.6231596017016929 0.5491667480602638 0.4870120127607486 0.452475080548919 0.4727198398349574 0.4422390279104314 0.3476085821672822 0.33357472819632433 0.31143334067027856 0.34926758419336895 0.337086939751636 0.3754967645677267 0.3715509474604774
0.7296569418207047 0.7238919786597748 0.7094315354165801 0.7224413640532938 0.7211388544678052 0.739755706744388 0.7180575036804135 0.7172334087013605 0.7223392092950467 0.6718030774139996 0.6748930186337291 0.7264594006994033 0.7407369817103585 0.730224901852104 0.717631436849569 0.6873576386975916 0.681645982763283 0.6751331354895038 0.6936015678217619 0.6564314916271714 0.6254950705506137 0.5933895744399225 0.6580966136647401 0.6400028987966271 0.6304105985910204 0.6598187864645157 0.6202866185785922 0.6508501238035158 0.6538710663885768 0.6674852346206417 0.5924168081633048 0.5419659680890737 0.564172036770375 0.5317882178003894 0.470112340817002 0.45403650760048697 0.3919008078150344 0.3420973224555583 0.3780525009337614 0.34125935506714283 0.3433438367578352 0.32329405558449115 0.3267003960308325
0.7470320091432547 0.7938117040862759 0.7439885030190718 0.7575211449600979 0.809426158945626 0.7990899096872769 0.8466286191107004 0.7697453826527311 0.782438781374387 0.7126614792445691 0.7629298546211128 0.7256830094626691 0.7297031584061172 0.6665579146598831 0.6867103284380189 0.7311914692449151 0.6941296455134116 0.6914592276656817 0.7341387735919119 0.6947039520676013 0.6118409976350573 0.6617193142652115 0.6584723665062829 0.6287566709963043 0.6448848016586387 0.6184362850612671 0.6556564859189438 0.6826593209890003 0.7031414484889686 0.683744247522778 0.6005643881602867 0.577273702357848 0.524966577298813 0.5356509802825524 0.5261483717952846 0.4744237188856195 0.3753873838320252 0.3938238559226216 0.35692985513014897 0.3639323757842667 0.34940962503465584 0.31180176840181023 0.3292522552180356
0.7360787128351514 0.8122053354311967 0.8502837662043737 0.8437676469239761 0.8643695866250619 0.8812256764996383 0.8564090156799512 0.8014412294891885 0.8185525730003138 0.7584366333758069 0.7504518707159629 0.7795054617264306 0.696624087359584 0.6725061489609024 0.681086920117863 0.708867795565161 0.6750359961053402 0.714784742591034 0.6567758288557356 0.6977473798597581 0.6644176230432011 0.6723082531899773 0.6688827967838067 0.5939391558851775 0.570620690671961 0.6003450289817791 0.6408888155776558 0.6564661270013777 0.6671575539307651 0.6816197898397834 0.6077790336202545 0.5994678614492321 0.5462941569475371 0.5650127351139735 0.552321682204996 0.468511753338342 0.45664034243032114 0.38840733288996243 0.3739997064049796 0.3457035367870461 0.34773162604526653 0.3462318180035561 0.3070830963700911
0.7251940960825916 0.8208452472196883 0.8635579403491661 0.8933847415354429 0.8783744738603712 0.9086086382814267 0.8707679688381402 0.8387734431774108 0.8133863175140654 0.7846400019001475 0.792061179950763 0.7499842875093649 0.7485622508104027 0.6977053716115528 0.6885265082170754 0.6408821028027715 0.651142513157027 0.7158219343170327 0.6565063935455623 0.6689885184139809 0.6846538202978459 0.6292494071555376 0.5846499851640298 0.5106818228141373 0.5316619068652826 0.5518805226973165 0.5805844847214733 0.5972265222664568 0.6651008786950737 0.6977331868703863 0.7192556566010517 0.6004030656182282 0.536431221498493 0.5459660969882953 0.5399787642585618 0.49588002465558617 0.46291434987525176 0.3547530653895976 0.27174707479882954 0.32160961600005217 0.29616712738577555 0.3378432968052497 0.398897977312047
0.7285830272921617 0.7687966293460831 0.8544979584524341 0.8193067126293468 0.8903298612795407 0.88451424950611 0.8913646204493875 0.8584764061435036 0.8559146230577785 0.8040172855131141 0.7327586068150151 0.7247723014425494 0.7300478539327099 0.6726702683864644 0.7240128220257892 0.685308224570566 0.6627740223741526 0.6825530701462461 0.6728271634925463 0.6156628054209877 0.6283543261549822 0.6355797219583784 0.5768893415601306 0.5050284519502731 0.481113057228602 0.5327540314558827 0.5753139465121283 0.5731986490396446 0.602116203718835 0.6670906321618372 0.6875103340872658 0.617922494867248 0.5452947164022108 0.5147252357352505 0.5515094741596047 0.5176564921885681 0.4371653042034088 0.34118683415090084 0.30023295427172764 0.3076950902960736 0.36428742248536194 0.394426318532965 0.3671452643756377
0.7924166020070856 0.7754517616064438 0.8468975648175563 0.7845181759748809 0.8622492174962959 0.8346227808644406 0.8725156635240081 0.8326817603600231 0.8252242744244892 0.7584444388993898 0.7299283204549846 0.6792351694560314 0.605065935215641 0.6272347531699962 0.6784935583328567 0.6150338518332544 0.6356736869271928 0.6298621276594089 0.6394255231593247 0.5875146362214333 0.5911208153553866 0.5627982679056716 0.5799732093514268 0.49893811775881836 0.49834651270580294 0.5492151992127461 0.5674310547501491 0.5247860776748383 0.5529573002784475 0.5606955611620492 0.5965228285449844 0.6363499823861349 0.6104905503967862 0.5623455866006652 0.4781103897970652 0.4522965592666511 0.429293039269685 0.345096878883682 0.3148041950878683 0.36090624081569855 0.40279745357375907 0.4199011376470812 0.3159470590424928
0.7214496730365445 0.7948269839760582 0.8088990305830923 0.7782401283601976 0.8470342635876771 0.8587337745242754 0.7981923321477663 0.8004014133963488 0.8090774977578115 0.7053100884652626 0.6985912128988943 0.6313974058170585 0.5989768426868923 0.6389766026927436 0.5786517795402014 0.5918705638938706 0.570733045450876 0.5233352467110235 0.5685468984564676 0.577418664707443 0.5512849901550633 0.6044157686582358 0.5632607317175408 0.5511284325475108 0.5199466972162756 0.5163884254451812 0.5679642639778895 0.5601891383312121 0.5742827420813116 0.5696227323120912 0.5967041803331802 0.6276048708406128 0.6029341197765009 0.5133137241981997 0.535470474623261 0.496343514455154 0.44591546221563033 0.3155407022671184 0.31066936093445197 0.2968844635799137 0.3277357739481208 0.38919437955052066 0.3627793115992136
0.7054899125488614 0.7275347169948602 0.6830997819751862 0.7547242878795984 0.7267200163647558 0.7732307582382871 0.8386217549462063 0.7989173804624219 0.7917076729015058 0.7113507342311943 0.6481556160678441 0.6034353714573345 0.6252757017065508 0.6058825407700541 0.5594143460617017 0.5873864448996277 0.516548177915964 0.4857975399338496 0.44363819698062984 0.5236484389961434 0.5467329615072348 0.5303626535654122 0.5834733100334295 0.5798298076959082 0.582178052478679 0.4825912295127948 0.4887318752063191 0.5528298398624254 0.5865764850533103 0.577454987060904 0.6471266543018374 0.6036638976952905 0.5809901478145119 0.5418606817761201 0.5512635365109961 0.5179850826127257 0.3992946323898646 0.36468705647285116 0.2856320747175055 0.263066485936127 0.35261560898050504 0.33620537364559516 0.4028202267830785
0.6982094361055544 0.7197226336338647 0.6951302281263463 0.6722744797128212 0.7457594713155655 0.7177145987606794 0.7369318734645338 0.7638671017673074 0.7124641220289858 0.7217716499560534 0.7026784651264558 0.6346046983502188 0.6309918565924426 0.638497668858677 0.6149526962540941 0.5194028483365366 0.47057115416988315 0.4122445695402711 0.4054002612744152 0.4215399613464375 0.5142838403082025 0.564039843227968 0.5329520256743101 0.531477490418082 0.5569953346629061 0.4849203665593615 0.45506931486792346 0.524662260789617 0.5923968068000972 0.5987993512413535 0.5708731146706317 0.5948770108344154 0.512636246809159 0.5394173796470179 0.5310261958529011 0.48917203901819023 0.39712891919551324 0.37731944049174915 0.29477335705383173 0.2936553923753053 0.302695306905543 0.3401380915052756 0.3224587909944257
0.7339713776925771 0.7300622881570771 0.6793944329042504 0.6729033011292636 0.7167310267053474 0.7349052239646379 0.6916461275400353 0.7543465734768569 0.7106392894982039 0.7549209487314408 0.6709724768044558 0.6411191445136294 0.6227452907628194 0.6416504836637059 0.5998646832152522 0.5557393044299735 0.4390112936283304 0.40499541640444947 0.35430934539612813 0.4166671941397075 0.5180352138641259 0.5534677018104184 0.5803623529622328 0.5060100299768678 0.46350296395144513 0.4631162334199946 0.46949226181769116 0.4642972480234838 0.5326692751001674 0.5685719522101881 0.5688233213868595 0.5350716951472215 0.5051080513511961 0.4916701217860727 0.5714134324620962 0.5261489886247813 0.4487990291806665 0.4002932151123355 0.34040650272026673 0.2818901231965376 0.27636376528850964 0.3000762104770095 0.26698156247047217
0.7332648989444539 0.6600918238078185 0.6716435815884891 0.7033717969427485 0.7505963830497011 0.7017919664722186 0.7310000091444276 0.7336708132371541 0.7759019299238754 0.7601443414322574 0.7175554991674977 0.6405886562822158 0.645312444527523 0.5970279003089433 0.5627565148245225 0.5494139130049354 0.4864906645026862 0.4143477392577264 0.3273423133467017 0.4309584906420201 0.4790027599590503 0.4793956983080404 0.5437534680332435 0.48228342427583 0.4894583791873774 0.47122537882129156 0.4746246592171865 0.5027621075897837 0.5344784440566196 0.5267222024283014 0.5681820757326195 0.5560149604643304 0.49440008811918784 0.5173809374740802 0.5043533297332861 0.5132101161994715 0.40701551661454904 0.3182431286047714 0.2962032904603338 0.3032467790836364 0.25301065248050053 0.2827876217997547 0.2925058186732859
0.6567116754305291 0.6357301146961896 0.6917195646420174 0.6764631919240738 0.7397636822656598 0.7247995479490003 0.6289521531139634 0.7305752190739371 0.7495978580223006 0.7118384215368637 0.7325649765699728 0.6795769072246153 0.5957356548571013 0.6223719790548925 0.6047531215071286 0.5459529689280997 0.5023304349638787 0.3989590829507896 0.2641862589804022 0.3798404302092508 0.4308846184998253 0.45682082358519227 0.5144877199489215 0.47826501358829643 0.4350550910702634 0.4808974681947579 0.5245494552996952 0.507764670360054 0.4825294947548338 0.502984784124429 0.5987102205801121 0.5566110036249506 0.5082919850111149 0.46826104027417537 0.5062265644981085 0.5188219358387403 0.4135390569751945 0.30965779678955824 0.2463748581141887 0.3131427468024082 0.3060177310510186 0.25544037691463456 0.18008450393911146
0.6868573159437159 0.6967174833431812 0.6818744248576549 0.7046135135378916 0.7006237697949043 0.7261123615486372 0.6565563657495207 0.7019624005600312 0.6850178786077823 0.6729030129204827 0.6372536693734865 0.6638458333677328 0.5699271484731306 0.5697192171107126 0.5107765813044475 0.4841986807783325 0.5161843022519156 0.4393270519680526 0.3634748739836139 0.3280889709371197 0.31443681677358265 0.3648961879794603 0.3567229226614681 0.41669480556674354 0.4091319492529846 0.3706309679036675 0.4422538043321857 0.45392410044219045 0.4925547587462745 0.45280178084004497 0.4904092712264743 0.4456085154983699 0.4765507059310725 0.4675004134025805 0.482421087753404 0.47726753402969785 0.39504020112910254 0.30636415879656237 0.3148177249081804 0.3052337025890714 0.33652166272224426 0.2845830477946585 0.23220033089125838
0.6435380173077585 0.6616200846774491 0.6341293979164874 0.6688684598506339 0.7355585700840421 0.7398198744855382 0.6766035591397405 0.7074185381801119 0.682239057101639 0.6642321174143927 0.6088676299389546 0.5877901265983074 0.6097224511229908 0.5740395366365749 0.47774254764128243 0.49200007737130874 0.46356023251614675 0.41870035327353167 0.41161330591142564 0.3738346293968224 0.2966302893714145 0.31258329882615793 0.3049377959520356 0.3052198165717632 0.35231128036895054 0.33409341948853943 0.31405811309083925 0.38017588924618817 0.43818287753913904 0.37043409432740837 0.3971786377596914 0.4206141601095187 0.4175501370352301 0.42115810190350383 0.46441852109985465 0.39232463414397284 0.4049894497605639 0.3475413634764671 0.2654926466814827 0.308107518592143 0.299855773573685 0.28060984632782004 0.2630717067943466
