Raster_benchmarking/DGGS/continuous/raster-49.asc
NCOLS 100
NROWS 100
XLLCORNER 1743150.0124032607
YLLCORNER 5469296.022651402
CELLSIZE 10
NODATA_VALUE -9999
[rows 76 to 94 of 100, columns 43 to 85 of 100]
0.5380481912892391 0.5385845336964851 0.5159569688858847 0.5223600686680315 0.5058648428628046 0.5086729849542583 0.5258010532196115 0.5287317337777482 0.4995172355912755 0.5108833052217903 0.49491238278695987 0.47782741805688517 0.4902383810412082 0.4553387476860566 0.42497721154862556 0.4140056797785538 0.4470785789951335 0.4445530685693976 0.4393143245174297 0.396704129270388 0.41260266680721086 0.4481215100283636 0.43223815739477617 0.4508403271895253 0.47345957257217897 0.5130663970436123 0.5287628746365018 0.5581953654950801 0.5310252974553532 0.5432456299322617 0.5723868890275006 0.5884226316046112 0.5203827912395305 0.5169920670585959 0.475018779662787 0.4793354296516134 0.5139478798049891 0.5097358150129928 0.5065791992137972 0.5134466873314519 0.5148113552012082 0.5030494048298965 0.49875398400053805
0.5738455150056071 0.5365033330630553 0.5273024481599456 0.523573612315949 0.5376105565389739 0.5195348326689642 0.5362555621217445 0.5403561983035536 0.49674925538303694 0.5143674148254624 0.4832759261322611 0.4672193365504282 0.4749138509288001 0.4512793509349038 0.41627630606260074 0.38816901491152467 0.4089543062604621 0.3915421960486818 0.39650922189014454 0.40987446012714024 0.44807653596834446 0.45624475125612995 0.45582348615827906 0.44305484059420924 0.4729056623031003 0.5214843977172268 0.5572426595651115 0.5686216740601465 0.5554213629133298 0.5351694130656024 0.5436070334716014 0.5419008276165047 0.5303984582529 0.5203254916323471 0.48976067858795497 0.5088936723750317 0.5154154262703564 0.4961465630774028 0.531688856473217 0.5046528184402299 0.5159246822125475 0.5037820430936732 0.49420857636402404
0.5967416949057821 0.5696623463938759 0.5250096028161538 0.5097425503291316 0.5318373498949042 0.5515599374714075 0.553637861549014 0.5149367467304256 0.5180596096935207 0.5084468719231298 0.4886656001335077 0.47234428291129515 0.46858133370430965 0.4499180050794947 0.42649326548108657 0.3984757660114295 0.42040418702926563 0.403812091402473 0.4056479076835741 0.4104114722865127 0.46901777266304967 0.49169144281818605 0.4972021207481314 0.47542616680956873 0.49986466871326724 0.50937009013548 0.5327200845964575 0.5618899245816432 0.5614095385522997 0.5357323187872893 0.5514733875763461 0.5417494992613591 0.5146647882173099 0.5257511310116947 0.5257423589027311 0.5097862753488072 0.5215119027795327 0.501064813904428 0.5452917321895543 0.5432238069600174 0.5192918061525408 0.5263643694243163 0.5173117864579937
0.5937273294526556 0.5736933319300626 0.5282175642770365 0.5019409029496581 0.5303750417960347 0.5486701626764577 0.5419986448545663 0.5114225895908531 0.5313907729545606 0.4941856967557905 0.466450366510393 0.4835365213492676 0.45153276213872784 0.4450345290615189 0.43947087576598215 0.4184286248936011 0.45094340646153214 0.42650627542230674 0.44171239510275334 0.44953610516669695 0.4884509168295368 0.519039263293722 0.48896717354574326 0.5177507338310527 0.5387814263477093 0.5539469515436868 0.5296358526959786 0.5357490328396357 0.562233172210757 0.5654657391535216 0.5251494500815339 0.5469379394926112 0.5408946609498624 0.5433995226869184 0.549165468922117 0.5213123891236049 0.5343474964684112 0.5600638204374947 0.5451613434851126 0.5516055169288302 0.5244210097199298 0.4963088225483311 0.47697743850531565
0.5916790064500336 0.5661188073215144 0.5355558254073393 0.5273030187800402 0.5261470470657394 0.5605124549759255 0.562664711735718 0.5264519689436976 0.5028934141349826 0.5049617311410926 0.512900470093988 0.45968974945617164 0.4902102573122329 0.49114915688338845 0.49173410884984015 0.47374199039871434 0.4711383090714664 0.46137370383784343 0.44056469200910603 0.46686380260433225 0.4972913638290455 0.5239133477285958 0.5253951179700956 0.5474299450459948 0.5641371144340023 0.5542883084296426 0.5272436783904334 0.5294168495986208 0.5349587325733874 0.5492308948418309 0.5280279420443593 0.5551198827558763 0.5287245436532811 0.5323619642766257 0.5405425641051862 0.5812176109932012 0.5787452337277742 0.5780040160098389 0.558188385848996 0.5560839313009504 0.5094184592504086 0.4876525173204852 0.46856989645380753
0.5817092563478676 0.5414749609810016 0.5529809849301107 0.5538479847098298 0.5409532175292436 0.5621827356063732 0.557422227324315 0.5221397076414113 0.5254404508646342 0.5462017300656121 0.5378853268800675 0.5038572677028632 0.5044378114987945 0.4994925988319663 0.4897247881716229 0.49574112355065125 0.4745792125902222 0.4499446126108074 0.4621455545691046 0.47081467155003076 0.49986624673458335 0.5422186852971229 0.5624617660463226 0.5494557726353083 0.5813330027862488 0.5566346731222228 0.5447658373403493 0.5689972153063041 0.553972185937398 0.5761615752201462 0.5578875776902692 0.549852782472776 0.550925513610398 0.5256986313346124 0.5592904187411986 0.5390327798791215 0.5580433469673551 0.5799772328504895 0.5633172604918844 0.5212156471269982 0.5215272636426646 0.5010616858349158 0.5007266403402477
0.581953641718357 0.5355202619214795 0.5476825460846414 0.541183818119766 0.546409122186572 0.5377902765489158 0.5687963612243607 0.5689487335674536 0.5642770764171983 0.571627785732727 0.5542100634359647 0.5262371103309601 0.532593797666923 0.49007741538960087 0.4872574760205073 0.47553429819753035 0.48397688513716497 0.49014555118369607 0.5113229455038509 0.512130767703894 0.5220371425384389 0.5246840326359167 0.5376915262590765 0.5792579968731821 0.5782773251245674 0.5797204909800591 0.5978557891495717 0.604388951868706 0.5756105776195458 0.5726262223078633 0.5236206873167469 0.5276595767782196 0.5460018917308557 0.5326330798290467 0.5577752067999406 0.533330806478174 0.5320868077445859 0.556245293083473 0.5403060362422915 0.5242519395343258 0.5052103517648759 0.49182709733278346 0.4745252325220545
0.5748726464821515 0.5411904338195791 0.557514018709944 0.5687242487435882 0.5522309973053637 0.5545248590114186 0.5690803075366484 0.6123100238335641 0.5958705338309199 0.5893696328628926 0.5627150060456843 0.5487121558496693 0.5200029769349442 0.49238848150685793 0.4895110276168404 0.4870464876166399 0.4846884456575422 0.4955277881063761 0.49572281421833747 0.5302758629160628 0.5048835856018901 0.5104335269107251 0.5433213634382057 0.5490215643023343 0.5639912068767859 0.5853525144265681 0.5950403114508672 0.5812361929779387 0.5738856312093308 0.5472202409263335 0.5234394500193945 0.5027195849672312 0.5203102621240651 0.5110670632708603 0.5306490048945248 0.528240500643206 0.5379081877411898 0.5398362047476866 0.5355594309310409 0.5539234691719231 0.537246366512297 0.5182050996174274 0.5025933483171316
0.5859870947348427 0.5727967932981832 0.5896767998640373 0.5438693261607046 0.5644318598380559 0.5857212736952561 0.6266874457972409 0.6410151397511922 0.6420846654266319 0.6206323683546583 0.593559404152763 0.5571392383536283 0.5295296238849856 0.5254758203278399 0.4954161977634357 0.5069466137463373 0.5017141636398208 0.5053045640727161 0.5094049234211399 0.531095615660848 0.5199320103337766 0.526813615680341 0.5324369550452067 0.5506348438135646 0.5941962308862199 0.6208247273944081 0.6181544063988724 0.6044149954768013 0.5590451682134591 0.5267061589848926 0.5129180236205735 0.5033210235757594 0.5031463316698643 0.5086597698581328 0.5644302446154699 0.5920932990809856 0.5555443618602026 0.5420008789671266 0.5383920053788135 0.5318120983321004 0.5125958252368312 0.518162688103998 0.5206259909289186
0.6089771740326125 0.6180260540079899 0.5951391162161622 0.5728166864061301 0.5731030563939713 0.6119232634113362 0.6323086628830148 0.6494657724385086 0.6416091745668965 0.609241040131373 0.6247445385455527 0.5781341215152603 0.5610468795334695 0.5562213957629885 0.5250582059059001 0.5346214097701977 0.5358406802299958 0.5221525393156822 0.5196859149759531 0.5349176230349204 0.5156483091431824 0.5303224054443546 0.5590073209584411 0.5650188665033494 0.6048713647149438 0.6099177474163128 0.6423206182616163 0.6312002824031656 0.5821450418821054 0.5340118099298722 0.53662903541282 0.5168137000821632 0.5063145151408829 0.5401968063555773 0.5401008720180456 0.5615199829001086 0.5399379033519991 0.5481160892846713 0.5264075291518888 0.5100886645454573 0.5268608513565939 0.5296957412826412 0.5372533590951473
0.6136170262105227 0.6076771118109897 0.5958873267654966 0.5920941409368301 0.5959674489929014 0.6245739372411174 0.6296627549344581 0.6610614153168171 0.63094510624204 0.6284311282886537 0.6273119993510382 0.6102822211388242 0.5716997975358923 0.5728949676694207 0.5196189085989006 0.5238003971058932 0.5264393666643878 0.5247538025769479 0.5117926265641138 0.4964294691627616 0.49635295470466045 0.5229041903244034 0.5781216149602559 0.6044628317667289 0.5961384418179687 0.6228113811416507 0.6148959885915037 0.6325327564151033 0.6005703600045769 0.5501395051565114 0.5358212053438566 0.5230488833977748 0.5150424622305388 0.5501653380833488 0.5522804450898977 0.5334554716656533 0.5087662245328977 0.5173392658805704 0.5340190917386128 0.5010707261787299 0.48263704718898304 0.48705194236595784 0.5038594298263865
0.6033414826845024 0.5991813289831026 0.619477167136354 0.6159242731079859 0.6316950390556598 0.6395003970425368 0.6200994108389578 0.65816932396362 0.6424834220456972 0.6248992442862001 0.61039269128132 0.6015542854542877 0.5874732959691951 0.585748641287407 0.5455287681719707 0.533116695754412 0.5250470503427082 0.553718001935035 0.5290855464764677 0.5181647542600467 0.5349105132872327 0.5434258415409807 0.5670402084802341 0.5844941903800978 0.5884108932842618 0.605444309389995 0.6106050261716495 0.6349380744225253 0.5735442913350528 0.5681789363517097 0.5237946733273606 0.5355644666259156 0.5542326005603971 0.5645816264279852 0.5514122129196152 0.5668372152818795 0.515472391195748 0.5355380060138759 0.516829031628719 0.5209695910067778 0.5020942407259869 0.5126154106639547 0.5151153850369696
0.6068504224575741 0.5915335086319007 0.5879368046273938 0.5996480752434893 0.6283228822655491 0.642951669328394 0.6084123750976772 0.6239582640750774 0.628434826979139 0.6022822425622383 0.5835580388612817 0.5699143312813215 0.5642542367233424 0.5728134707032164 0.5671609009611962 0.5525856040826067 0.5604653818464341 0.5636648084115785 0.5427196652584814 0.5207157723405321 0.527365132588335 0.5201735816211003 0.5790396369156897 0.5774443232006229 0.6028924358490921 0.590391757358233 0.6037597469070852 0.6343156641489599 0.6029379559299283 0.5483603570503606 0.566862518603836 0.5351515619689274 0.5381285113222725 0.5515274890855949 0.5721915054477038 0.5800545605169921 0.539145637042837 0.5059532239032579 0.5356838920989467 0.5055071284645946 0.504773106768096 0.5255934260784502 0.5110410946841082
0.6072370717254235 0.5677643844579653 0.5905315127415544 0.5857717200167274 0.6050113145321627 0.6103441130149777 0.6337976700449579 0.6252661309347297 0.620108634289743 0.6207802448097532 0.6103210931715065 0.6004402114460378 0.576523272422473 0.5930558026433647 0.5684474232528371 0.5761926070551529 0.5547449931707132 0.5579229115703949 0.5594375675174289 0.5353248209405891 0.5704508834003421 0.5914719068096357 0.5901266954386595 0.5910148684479016 0.6023805912015234 0.6287071841493996 0.5931515083395545 0.6036645657781599 0.604189845822366 0.5836129614968794 0.5773098028484697 0.5453274637539255 0.5742839434410948 0.5783072591884708 0.5810028049534313 0.5955166353444415 0.5497987833198456 0.5205396265833501 0.5310660236757494 0.49943487948031323 0.5327143833911978 0.5092517955640261 0.5257831873723698
0.6054330129320917 0.5708213033295596 0.5807540226134169 0.5520548691353596 0.598038020651558 0.5938533926684899 0.6197028029080103 0.6124834665381024 0.6145129449357292 0.6074172300043583 0.6057921817779512 0.6168038753797102 0.6180664927269376 0.6319682202385941 0.6155066394695277 0.5833901683912254 0.5898825951686434 0.5442988595750048 0.5881526872595799 0.5728953000863818 0.595240382244222 0.6066952074495982 0.6394214323352951 0.6583200651702436 0.6471294086508139 0.6414739356938083 0.6193680722048681 0.5895673868963839 0.5810106464937608 0.6010439115027486 0.5686542848539455 0.5561110741810059 0.5441970534564635 0.5676813000621531 0.5729937978785689 0.588366399723045 0.5742536562665244 0.5286713205777155 0.4993091512143867 0.49920753725636585 0.5325171280276455 0.5239666474569156 0.53203705963875
0.5660257797464188 0.5672665174716761 0.5612379432611557 0.5696628710491888 0.5933775307733773 0.602264746691523 0.6191360796034365 0.6101963301130098 0.6011554881553182 0.6103837581471082 0.6451254671069302 0.6265519511238249 0.6305216701178464 0.6523663363043855 0.6235483923849943 0.5854154278599354 0.589176761098823 0.5988762145747284 0.6118502867088509 0.6149464861667059 0.6304968910384926 0.6220765817870414 0.6492691776745739 0.6343390475809142 0.6491701609088235 0.6491587617098794 0.6186247333419347 0.6070367066896244 0.6160604214813787 0.625195645388047 0.5806075358685509 0.5827464526895973 0.5436972175660263 0.5381000841620021 0.5724665114696245 0.5629796066939959 0.5590685712987234 0.5485450389938462 0.5209107301634819 0.5107562623531321 0.5302540550174244 0.5072337376819256 0.5275732432795899
0.5877937482756872 0.5556054510137278 0.5671796363807047 0.5548488882853809 0.6105735097003842 0.6136477613543345 0.6004204581015726 0.5935594961074202 0.6189554506040207 0.6085227794111874 0.6630366485541348 0.6695088570794823 0.6746518141834863 0.6837281919195127 0.6543538412684875 0.5862124397548686 0.6022708714441773 0.630941893389188 0.624455927320792 0.6591636808646583 0.6330690337236694 0.6199023831492741 0.6330591754799042 0.6620178212011184 0.6742567886218347 0.6567141248833467 0.6433924140622433 0.59855547419085 0.5885923402857073 0.6244203357970032 0.588155112627525 0.5801873366614612 0.5674028265717782 0.5484743354779343 0.5663104721614362 0.5794818199258873 0.5713313885773538 0.5481358780042109 0.5412652880573992 0.5751449002480862 0.5661726027849894 0.5267120731212083 0.535288198574984
0.5922980280686583 0.5710214529547701 0.5831130779767907 0.5744748106742184 0.6007080702228154 0.625388244262515 0.6469981665053758 0.6453810976385761 0.639284148964037 0.6466329251557599 0.6557086492697546 0.6940444101501714 0.679858122558525 0.6817001704390574 0.6885773481819738 0.6584062128478387 0.6456519042701886 0.6619160918401128 0.6426539636636325 0.6678311790536539 0.6447361097036468 0.6306572373137357 0.6321589327544037 0.6594491554090776 0.6649358426014463 0.675481853102336 0.6262516930953499 0.6066509913980794 0.5984344085777826 0.6126956348926191 0.6015361376971451 0.5953245891025586 0.5927328490094637 0.5886966213316303 0.5729365763346778 0.5667437742021305 0.5380628058103357 0.5248361911114768 0.5435660122987678 0.5503915209172273 0.5624725533748991 0.5630045499908936 0.5542086852215115
0.622422416403768 0.5844002935471667 0.6028487643636155 0.6260072257166726 0.6179571884789009 0.6483096197362694 0.6625968505528245 0.670716368149649 0.6849706865622305 0.6867775913306411 0.6896568289184278 0.6893523921791307 0.7026970536427235 0.7067369845302586 0.6838851832988938 0.6880474431085366 0.6650747343920264 0.6812155666010147 0.6748009726646819 0.6679073767007035 0.6564354024517507 0.6384738367363066 0.6514109272523417 0.6316076746222079 0.6633953369132463 0.6675672622229627 0.6310536242161816 0.6509244333137568 0.6073999231870338 0.6055252521734468 0.6166080796297078 0.6019324907558172 0.5975688010656539 0.5792093326187627 0.5635289676088686 0.5555145694402047 0.5570754247077532 0.5403190527080731 0.5657833666518575 0.5575073728786543 0.5702735596870149 0.5861403664019956 0.561609457966248
