Raster_benchmarking/DGGS/continuous/raster-330.asc
NCOLS 100
NROWS 100
XLLCORNER 1743157.6605495042
YLLCORNER 5469290.374558147
CELLSIZE 10
NODATA_VALUE -9999
[rows 0 to 18 of 100, columns 43 to 85 of 100]
0.1894123648426959 0.23970360712066258 0.2618322175220426 0.32258407498357405 0.35257138866228244 0.32228205929136705 0.30470628697398944 0.3154864244375988 0.31222717820887724 0.3064621304246657 0.30810325768390845 0.3753494194280352 0.3851860944099653 0.3509808230956756 0.3534628682636209 0.4082603137403008 0.39295045512536897 0.3821149459909131 0.3939052727299941 0.3906169484732522 0.39764126165534935 0.36123058748320913 0.37993915977000414 0.407202082096894 0.38606558651161904 0.38417220128792845 0.3830030564080384 0.41931721921387083 0.454501366709829 0.49301049120611257 0.5271959144036683 0.5688854277995218 0.6050380995596003 0.641557776650138 0.5914663749883595 0.5771802631704481 0.5338555005255504 0.5231026964351365 0.5049545612207214 0.4682338860997299 0.4471693332186455 0.44832568820290325 0.4880628324383635
0.2658201133970322 0.2254757788253063 0.32462645835136633 0.35864383799657457 0.40877141002910633 0.41815803212676345 0.400443769679852 0.3215387714363384 0.37114901236091563 0.3194594918183255 0.3435189434168434 0.32047144261621024 0.3631876155177818 0.34426327599388773 0.3526052234200692 0.4647782294115622 0.4674501702527064 0.44739372943769756 0.4194234460034962 0.4413894879470414 0.3469797702001442 0.3306436886788402 0.38343988865745604 0.40918364278926594 0.384688908007652 0.3677272861933197 0.40840531643291267 0.41725200936747076 0.4018152972397408 0.4407552569230844 0.5215721310222479 0.5967126582679115 0.5907882090666001 0.6239920376130135 0.6300587283120822 0.547828507408654 0.5588743031130128 0.5394630809041014 0.5248832584613015 0.46264169982390224 0.45466393118437215 0.4779869263951267 0.4571483877568289
0.26872185818316724 0.28886580005711665 0.3309237428873331 0.39391805632511767 0.3691653434493913 0.38173449413265814 0.4169014796754582 0.37928182400640487 0.4036588900682075 0.34275679222704575 0.3414607970658911 0.38510673154280545 0.34949963558531355 0.39262587707232516 0.4060835505836318 0.4405592686685081 0.46395155030464297 0.40762313881174406 0.37402630359524736 0.3997281454779418 0.3666558655292072 0.42626555236769254 0.4082358251316067 0.39130469503686266 0.44094408338931496 0.43240334636369576 0.4064770551915171 0.39559249934237334 0.42030326051663497 0.4560820931985846 0.5147680933256502 0.5892268446076634 0.6082818026455773 0.6219355550446722 0.6013459782682495 0.5862139312398582 0.5690482099804184 0.5677293271770157 0.5286681508026759 0.5177407251146757 0.45137928319762793 0.4866336217402445 0.48592190199688257
0.2819235314012387 0.2526816122987967 0.3335848395226852 0.39705833201859486 0.3625004499529907 0.37351539369241316 0.4138652278224873 0.41079959275584477 0.46479381951519005 0.4540544233023949 0.3807557570042584 0.41257225434886036 0.4455184977789386 0.39904142922035984 0.4080928407410729 0.42636077848448606 0.4724806340912489 0.41518583773844653 0.3954653405136901 0.35720324097034456 0.3706257001622209 0.44965892447833083 0.47829680962627713 0.4570170033905527 0.4864644461454076 0.4323533112198457 0.4861917211022799 0.5009571981610412 0.4658464045586674 0.4447622746149871 0.4830938606935215 0.5576920572967647 0.5731590501575209 0.5534119102476223 0.596792357995897 0.6043640912009121 0.5985581375913679 0.611166264314382 0.5071549881993627 0.4919742913519238 0.47808815291443835 0.4613675605828819 0.46071384630575807
0.28289736511374086 0.25379375910762136 0.2882449930738751 0.38469778099529034 0.3847092335767249 0.36864277514417526 0.4083808386129946 0.4052757051829689 0.4567904978658618 0.4753870702602996 0.3999999666870878 0.4193213855982266 0.47062796491611125 0.48884138691987894 0.49123356818256336 0.4685527848598022 0.42518712220535976 0.4466879228730622 0.44497286356653815 0.43901334589843566 0.46684241159389217 0.44172593754405926 0.44522750699071156 0.4542363210278686 0.46145486340166664 0.49398760740878983 0.4971564738077143 0.5093425767027682 0.4935961692637668 0.49653037414692003 0.514063434467066 0.5743883274780747 0.5795927469967548 0.5794612212026268 0.6091141242792144 0.6116877441934844 0.5966356857500053 0.5723946242571661 0.5179901268783728 0.5134204250356285 0.46987519916429715 0.48444211154297456 0.45528789024573735
0.350244139261993 0.3315346405548023 0.319687674232961 0.3165527061965869 0.3289156838048541 0.370909095860309 0.3960858669911019 0.42875159210431774 0.4594257579577139 0.43091221606667907 0.3793266279130622 0.4115198930519049 0.45351214153909497 0.5618462017893548 0.5244853773438158 0.46332058043057284 0.4155164870870879 0.4345229369852286 0.4232830011779856 0.4571776203464672 0.46237875133618755 0.4654877407146527 0.4728515428120142 0.4597929429694186 0.5367261968805221 0.5482449973323998 0.558761437290793 0.47182842761996385 0.4857507001864453 0.4207872883524456 0.5356497265149568 0.5759809961797923 0.587115680637637 0.5761373278127909 0.5721390913906952 0.6057203080610501 0.6244237759608501 0.5869588694900084 0.5032453818418703 0.4562678069161666 0.5254968248610892 0.5187524251292632 0.5255031008840001
0.34554328064234135 0.31758472833570706 0.3422407176423056 0.3574278405407966 0.3926121062985802 0.433444041370623 0.460573981025837 0.4658838721959261 0.3985995581821218 0.41885576729955787 0.42221448561230146 0.4150728836246666 0.5214307138320765 0.5222424185637713 0.5668741622299948 0.5093876181968827 0.4707902748865358 0.4548558125263823 0.4813488168903413 0.45023750080547476 0.5041352354521221 0.5086569116016378 0.49801372715913556 0.48734083847087173 0.5146300853301404 0.4858181142494026 0.5531791154784322 0.48327530682842273 0.4850885363661052 0.4830548217745529 0.5118403449506509 0.5521667068594646 0.53527348202672 0.5916544118176845 0.6032011197359112 0.6159668294380602 0.5868056724692309 0.5987210209514976 0.5075303646769542 0.47859852368194056 0.49081205957254515 0.5206492876310461 0.5099293146145562
0.37178857734780296 0.35832173626820774 0.3780134690163291 0.3853547556068723 0.3995559048089014 0.40298219936713175 0.4210233175617387 0.4852439212666024 0.4052292526333653 0.3868770065997589 0.37808864005657916 0.4212758995519647 0.4933029645530333 0.5711352785701583 0.5310262409472869 0.5125788427063037 0.512954469822036 0.5503626031292846 0.482115382476123 0.49462585672541026 0.5008441548356913 0.43551080945982124 0.5167023543590926 0.5344648787712071 0.4785529793911809 0.4897660560520016 0.4813828523304925 0.5359104516589988 0.5349377581487863 0.5616250795833576 0.550933907414169 0.57959186279565 0.5519478962179623 0.5398210046525154 0.5662119182753327 0.5792154655660319 0.5634484775264383 0.5658693266022704 0.5585668735916131 0.47736984676953437 0.4866092280788883 0.4767159067646566 0.5204560365256382
0.3839498594956958 0.4151264584015323 0.4375089179980271 0.4109359175657674 0.40068491704803955 0.4138520938996287 0.47546022927144366 0.4588911887031729 0.47233125636337897 0.40491702446751854 0.4382144597752642 0.4974702114527287 0.5504795849278782 0.5684983818466597 0.4938098117029929 0.5635977221579423 0.6030771376434364 0.5734027913762643 0.5443403047437635 0.516786768328279 0.49629779250788103 0.4880896749916819 0.5027406653246803 0.52996089297562 0.5050261898686457 0.5235541670798055 0.48205098415815156 0.5130542332105469 0.5315987385038521 0.5111494605464634 0.5501880500506127 0.5882368230093717 0.586959251352453 0.5902095481229418 0.569932692175515 0.5679825845089953 0.5872873952912455 0.5719572122744516 0.5233089921831562 0.503471528108969 0.5006040978098688 0.4776230222061002 0.48551435676500077
0.44193907661723264 0.3820874345899169 0.4229426011868529 0.4690063116377867 0.5175998055001465 0.5059865800759498 0.4943399163210816 0.5113599340051087 0.4413961882744966 0.4104518668551864 0.46297524595347883 0.5460019106192975 0.5718748751277856 0.5236704299561529 0.5225938783236537 0.5284424018385049 0.588527121061523 0.6629833284179276 0.560916340259855 0.5360941223191988 0.509469531109636 0.438864034376053 0.504438028057547 0.4954842751489267 0.505709747531461 0.484986464144962 0.4796376275565928 0.5304150660661674 0.5234927486494179 0.5553199303438731 0.526457384134737 0.5367596499201881 0.5591367425297108 0.5663519950820797 0.547746795909126 0.5301756494315348 0.5200393614867159 0.5479883158022495 0.5116507390038515 0.5615854445746313 0.5462796081025947 0.5370269071874018 0.46732914151452154
0.4601521909141956 0.47434033481506177 0.5104224105861607 0.5146087296173484 0.5541382347312725 0.5420204567118703 0.5536695086602672 0.5285161325546335 0.45734194934886835 0.42156894915018556 0.5057923154022044 0.5088951618448412 0.5357869573355977 0.5463889823629613 0.5582467794558443 0.5862639365151456 0.5634656272485404 0.5830155192403824 0.5452886329163402 0.5120440421952944 0.4925526424403304 0.5254654025278135 0.48460922439513443 0.4580735513081958 0.4781236494080026 0.4297111409525015 0.4851459521294366 0.4934366711198742 0.5085696943542393 0.530127260067902 0.5422332884494417 0.5287316804633662 0.5159924054068461 0.5451838751905997 0.5164997329673611 0.54275001180167 0.5002792211404185 0.5022843098319734 0.5664312133885087 0.5301812693103063 0.4935141191692817 0.4994811193269213 0.5077998770114883
0.5083991409616795 0.4641474077288596 0.55066418032447 0.5620887406460474 0.5525686948753892 0.583769639339035 0.5878357510036231 0.5545242652432937 0.531921021911206 0.4763655837407542 0.5176600980418437 0.5594392706040683 0.5819223637547388 0.5376700861714565 0.5660041664372875 0.533551036914716 0.5246819606112945 0.5643326712203676 0.561123882798267 0.4996788820377236 0.4761057501761559 0.5483169925123814 0.5012030964584671 0.49732334521209515 0.4850218385340597 0.424757318448683 0.4798991998113271 0.5621594058080235 0.5148530169735501 0.5121463852421904 0.5110914385828009 0.4895682401887494 0.4340842956203659 0.46295677038534366 0.49644870661447654 0.46215409225779347 0.5439395254397422 0.545371404189423 0.5048431390519708 0.49512153395278186 0.48782276120171925 0.4459184858905818 0.519534203414932
0.5820602610733273 0.570065107781342 0.5572922807283491 0.5779131018787397 0.5357863044864638 0.5698837038274435 0.5581681924300861 0.5355414987482082 0.5278606640839691 0.5141982755493059 0.5194518787323528 0.5720558213759102 0.5286385363303361 0.551648304572764 0.5658207097206401 0.4896633712898284 0.5228726962100064 0.560699050965008 0.5874271357393739 0.5590538915868142 0.5189193560251562 0.5443505171363584 0.5557707074782361 0.4610264430082262 0.4357103590363202 0.42077355951174433 0.4604011092308367 0.575595486831159 0.558071080103379 0.5338454622502858 0.5220597671447882 0.5019657996832813 0.4316057432521711 0.492962079536124 0.46102181661011454 0.46088136999800977 0.5090471750434515 0.5119848951117474 0.4905889732481489 0.4947530982238128 0.48025651376224787 0.4426563700420308 0.4598700351281319
0.5795047541862591 0.5938038738477227 0.5549024685298496 0.5180491648008477 0.5371162212839922 0.5038195376732036 0.5806654913058985 0.5875058350361851 0.57468058938732 0.556236825115587 0.5194659383639688 0.5866565526532671 0.546691220191603 0.5522855402447904 0.4950103499785757 0.47226338668696016 0.5431759743268486 0.515682460688898 0.5425929653975545 0.609409028803507 0.5420169182143244 0.5252268748479817 0.5421632753727629 0.5012903688288526 0.4441600384855284 0.4342015174266726 0.4644271904956316 0.5651059416242042 0.5611014160356621 0.5158129941222347 0.47555268774761433 0.4566274985805306 0.4313748810764135 0.45088868596768295 0.46211817589373383 0.4251323878773313 0.4676008724382882 0.5411609304238795 0.5384531391775732 0.5436302612596707 0.499347900370955 0.5142644884150359 0.5043840212603335
0.5987562208511991 0.6140236565874908 0.5484263712151404 0.5095581978936418 0.504227827176048 0.48105289660984435 0.5061724629784425 0.573151702059469 0.5983733682540195 0.6290339064854521 0.5691838724682926 0.5704712446108356 0.5542385923775307 0.5410422479777186 0.5183866075352047 0.5288791321512878 0.5351230792184124 0.549809781799688 0.602455192517701 0.6275523359776346 0.5806018783078856 0.5849503134421837 0.5797146451369731 0.5399102289320719 0.5072355493439217 0.4581580776565982 0.4908448959893559 0.5270661686375686 0.5070057377606779 0.5022944456725331 0.5126580282619826 0.45715865179955556 0.4586314138041217 0.41564983496182467 0.4173455339747894 0.43952756761295386 0.44954901297135635 0.5298118260120431 0.5215484144115867 0.48972367780634224 0.4904009669064932 0.4574036850957693 0.4081732687100687
0.6202713118782864 0.605361933077579 0.5891674114002506 0.48685702364987615 0.5002632141427075 0.4832534607456127 0.5050952316152136 0.5682909538019688 0.5756128375158486 0.6514564028750491 0.6464471258567016 0.5998316320818919 0.6113518818275919 0.590547923045666 0.5728570101528238 0.5173422346036435 0.5234728290632369 0.5286839268822268 0.5774550037420032 0.6603817795411917 0.6239343217489258 0.6555562778791887 0.6402978316832333 0.6210429764091547 0.5826300877870411 0.5622784721999201 0.5171587420226466 0.5536810497671295 0.4989149814385675 0.4999483593544709 0.5284590052818872 0.524255308457896 0.4528093481948317 0.46009694916137506 0.4336457790464194 0.4005734315555734 0.4558796665189058 0.4627318883308448 0.46032105556875846 0.4989826594418682 0.49455761037620594 0.44233840912583794 0.4062143123457047
0.5781556992954758 0.5816681651083229 0.5763624442850918 0.5203601672791254 0.5524376329824678 0.53392666965497 0.6190054593176747 0.5972112081432074 0.6290777091665011 0.6588121697920061 0.6517963056153676 0.6062678235853861 0.6405562283638547 0.6454499671436374 0.6164623116709709 0.5476294382549484 0.5539058394308956 0.5682379650380311 0.6486185592945833 0.6382648908457245 0.6735050349330215 0.6784378293037229 0.6398395085985246 0.5899439446430974 0.5927648770091115 0.5930740083028322 0.5902341644067448 0.5595165257787259 0.523188199584053 0.49338760007673915 0.5026353280038445 0.508321190200167 0.515023373978961 0.4967665699590968 0.4710749357520004 0.41655409065612997 0.4185132265579687 0.4093152814538504 0.4359238669683531 0.4164184022561067 0.4342712873992533 0.39244249457341923 0.3821942349241482
0.5749417583596059 0.4496709606076186 0.5163746231772645 0.6049987852489767 0.6330871265982607 0.6315617339499539 0.6687842869415569 0.6948170855548721 0.651806755162855 0.6757066571848841 0.633735092834652 0.657207545854611 0.6755898546806177 0.6244524580098927 0.5857181695426389 0.6319878895727867 0.5686348750785367 0.6432221016317579 0.6124529335538399 0.6556516812952555 0.6416272172996977 0.6793040887632809 0.6794743861048788 0.6557024183309995 0.6432215166897949 0.67096671815102 0.655304961218479 0.5762938315884478 0.6033409618880349 0.5877880409970989 0.5304693221673232 0.5324288033612182 0.48189359416908295 0.4633325196488193 0.4489104954387342 0.4457789082995943 0.4156696199955417 0.38972540373939624 0.4246285252007053 0.4410363318012689 0.41890941616279764 0.31433126205823164 0.36330326836600596
0.5589758373157957 0.5340751666993452 0.5424684169946524 0.6212900141002542 0.6061172059855526 0.6851868383681246 0.6843365329264327 0.6754786500406783 0.6242405165083709 0.6700816708228009 0.6678261601183882 0.6869054391616451 0.6928760974543635 0.6157076675140628 0.6191514946536134 0.5765190264517802 0.5735260771578689 0.5758760627140764 0.5660333155185642 0.5864470639948278 0.6713305065869047 0.6292548976437928 0.673198658592685 0.695154104017172 0.6726212847209732 0.635603346167161 0.6367865909375252 0.6220925071819 0.6050726809337793 0.5647075542900845 0.5388323407530352 0.5409825521882341 0.5351449686999219 0.4659087542227159 0.4438096316827222 0.41955800227241585 0.39017522819131506 0.36121165958276696 0.4128890083216785 0.3999853237759977 0.3982285464141981 0.39174916743338634 0.3504649198898582
