Raster_benchmarking/DGGS/continuous/raster-94.asc
NCOLS 100
NROWS 100
XLLCORNER 1743162.596353571
YLLCORNER 5469288.714714705
CELLSIZE 10
NODATA_VALUE -9999
[rows 76 to 94 of 100, columns 43 to 85 of 100]
0.5842466712086657 0.5617569569824447 0.5959045145311084 0.5799525065127489 0.5882148874412593 0.6046666748494663 0.6255637540379865 0.6532097803941326 0.6425588815820281 0.6441142873298813 0.6839841378579429 0.6823785913797944 0.6631374216595272 0.6657399587861108 0.665406905237782 0.6812530152785373 0.6776904772677381 0.6461839912345406 0.6398734403029999 0.6458943645365764 0.6239324056624461 0.6286063850740585 0.626172956654706 0.6210279979148664 0.6534556042823605 0.6412425237621909 0.6876015738569105 0.6851939815040244 0.6502451773373734 0.666198890285715 0.6900089256968753 0.6930445923903918 0.6966948776614565 0.6591413374570146 0.697575253423875 0.7075752344761875 0.7575613206488343 0.7455080388246574 0.7432852276127486 0.728114150541202 0.7449644908061195 0.7082577212668194 0.7415517596795351
0.5941264327702234 0.6006217438619348 0.6041467884789598 0.5981712740563736 0.6093079339230715 0.6220593756645344 0.6537104141636612 0.6537541093785754 0.645455325470409 0.6734993545019692 0.702211218930159 0.7123785660243537 0.7271604970037038 0.6946731302494791 0.7118781282643308 0.7002906619953171 0.6817826397433263 0.690323131927827 0.6699423010145834 0.674279442365013 0.632766915065072 0.607859056078938 0.6140523320005903 0.5891683093386179 0.6163903357595457 0.6603424325515772 0.6673181998159003 0.6785222031026461 0.6388775814256042 0.6806837007693683 0.6678649002929846 0.6823335645748844 0.7135607713011949 0.6733166538436588 0.6922729412258783 0.7379242760922816 0.7665093501452385 0.7426136518065548 0.7494829491048325 0.7481585034711844 0.7431995285173085 0.7098225508933123 0.713670462141931
0.620053124550003 0.6174976209324636 0.6174364540561227 0.6074973840086249 0.6070781546302562 0.6327378113945332 0.6619545755404663 0.6793897388691378 0.6729598149699575 0.7189024067967394 0.7257507332678494 0.7128742709277333 0.707143150621238 0.7398471814022177 0.7275423374192537 0.7219188112266663 0.7003541257146307 0.6846265313724196 0.6547256463502953 0.6567194512501275 0.6488512212441073 0.6257272857141191 0.5921531811133173 0.5944380826842851 0.6355470344194415 0.6492448844375616 0.6216318333464128 0.6424123129936827 0.6445058350781038 0.659204379722482 0.6681530080888144 0.6801803090792213 0.7236104611617235 0.718497378566784 0.7403490401131373 0.7608643760168058 0.7820500587698281 0.7909330640006845 0.7507626302170538 0.7614473831336593 0.7313716993579228 0.7468304696043988 0.7337517226583322
0.6447200176715439 0.6475325972467271 0.6492703800837082 0.6352786159526287 0.6588256567428908 0.6456016029838709 0.6528878867210738 0.6866423968913887 0.7220898702718467 0.7307159869390694 0.7932704209811672 0.7507288030315898 0.7234418740924229 0.7388784334190616 0.7025687851823963 0.7090042219146875 0.6979541376356418 0.6375347680547969 0.6157690643545728 0.6422069334975862 0.6135336738073172 0.6238520053266726 0.6182682661025858 0.5976262943255868 0.6221652591457147 0.6432347659761469 0.596385227696075 0.6449109092248778 0.6906445778041315 0.6709383668674479 0.6878423207696459 0.7246018372732769 0.7451284104622 0.7287586196463439 0.7544662914023677 0.7490702387217032 0.7860925695429314 0.7861511611151695 0.7784315674860546 0.7433119872527102 0.7174601235409329 0.7481878896687796 0.7367697551674877
0.6841991399605851 0.6552487040098004 0.6588694928856276 0.6587313892584178 0.6872956331595785 0.6721051299785493 0.6460103790019911 0.6714254479406248 0.7458886246061693 0.7812307637907943 0.7893200833319104 0.7755836394158167 0.7556533950485741 0.720754874808043 0.6930754257041591 0.7170831033817521 0.6612458790235579 0.6445324922876098 0.6342548811821213 0.6476410456407063 0.637757625570971 0.6406400457789088 0.639304514074261 0.6210059252218311 0.6116926382176354 0.6244963897966882 0.624185333023739 0.6532103683039143 0.6961070897123923 0.6900789101022309 0.7241728874063263 0.7459862715746274 0.7218836710149809 0.7382130624800124 0.7351938279550302 0.7710061860212164 0.7645361195458288 0.7614861171374939 0.7772632578419738 0.7657265407212994 0.7456020285066726 0.7266875944392513 0.7296672137521933
0.7230673533574289 0.6818018071669962 0.6654122777013228 0.6663760391534422 0.686402480370194 0.6914214704374385 0.6596387094369682 0.6793339849956072 0.7204453119955133 0.7787895885025077 0.7944401057217936 0.7962224662934648 0.792241987964015 0.7339440933375988 0.7160174455534103 0.6962877125985674 0.6724316412590955 0.6677735601643099 0.6429740990602717 0.6429719417641333 0.6643000541861481 0.6543678736836558 0.6546604280731069 0.634225031240321 0.655753995077274 0.6321522768594875 0.6416902214716703 0.6735227228534474 0.7023278855457553 0.7402088630825174 0.7529712900363424 0.7452290549939482 0.7056691392043517 0.7114204378425639 0.7139432472306009 0.7168556668133846 0.743259128702384 0.761386116612286 0.7277572464965179 0.7448318088898717 0.7682976787290372 0.7295636985847939 0.7411364234469062
0.7326166049431199 0.6950950221949304 0.7019389413727577 0.7011253224125024 0.6799077604816589 0.6664907988213638 0.6596314187991142 0.6793318316757616 0.7424961292785445 0.7687817214257427 0.7971105290474557 0.8062695251437206 0.7845916172890003 0.7557069028164642 0.7497926381812885 0.7427039190040768 0.6926587993574909 0.6837582186092909 0.7053651280413115 0.6954481694723517 0.6968563559930522 0.6541628056394316 0.6631592218197742 0.669377214001429 0.6746795047517921 0.6712974940286756 0.6790255246372048 0.7053861536518424 0.7439481299412772 0.7325846530292283 0.7370311414849993 0.7242385698876441 0.7371996755934583 0.739944273381556 0.7395119743257451 0.7277084434573646 0.7145335172154934 0.7302091131969529 0.7507681192320436 0.7571323770978945 0.7438877785399736 0.7361179583250236 0.7783968459847698
0.7348101435933257 0.7086798385445973 0.737230679476803 0.7115454578505458 0.6903917785179321 0.682095708374341 0.6956759963234851 0.7347627491251396 0.7289011915801645 0.7316227618676087 0.7457810588580044 0.8026407147034895 0.801104520309008 0.756360433844014 0.777256403923518 0.7768822969706755 0.7380881697289301 0.7401336513239122 0.7054998934178353 0.7102567541784588 0.6970745106761134 0.6763397908068606 0.6860426658987006 0.6843543927795818 0.6514663984393605 0.6936743126129886 0.7008529837552916 0.6970965138449593 0.7394992087800472 0.7405599641624641 0.7601555747802803 0.7306481311404385 0.7515639057830906 0.7217554695714278 0.7096335970396402 0.7327304368168277 0.7472551711063633 0.7282761383856424 0.7211996025331132 0.7527354115994416 0.741673871696398 0.7745582750098357 0.7683262492406338
0.7267428632503287 0.754831546608118 0.7525913292673436 0.718886079260901 0.6956982464239714 0.6910414857869029 0.7166943198966088 0.7417219147591224 0.7483507677605535 0.7503568981148456 0.7662742738043128 0.7620040488494104 0.794150229815409 0.7696886640010587 0.7744886431144019 0.7694159440094762 0.7429671954637189 0.7506991714100384 0.7295498165282024 0.7401742374441013 0.718817810140227 0.703561812305002 0.7010571275545109 0.6964003919848877 0.6575665702540808 0.7009322041633799 0.7312252227090474 0.7307791889741008 0.7460063905688237 0.7410354228796809 0.7250707770786506 0.7530783318195914 0.7230097799187734 0.6965458227544289 0.6887962273948566 0.7198089356779371 0.7372899101314223 0.7245029636003623 0.7181930460819189 0.7426282759187371 0.7387873414030911 0.7603316662198094 0.7850416491156318
0.7341710875697703 0.7368511213685124 0.7190431461616232 0.756882401781348 0.7442865570953391 0.7454682818240511 0.7282427427595043 0.7264112906485212 0.7220895042955827 0.7316793797047094 0.7582530153691509 0.7469137480544924 0.768766090264499 0.7599138657326089 0.7310372304159211 0.7706628914514112 0.7737962912388598 0.77805464860883 0.7523411318931159 0.755429383108875 0.7429507443788755 0.7118192160167175 0.7243409864543509 0.7040953541425505 0.6751306586460635 0.7051356000925363 0.7000270534346253 0.7252217399875301 0.6965704650958563 0.7246525062535729 0.7402321748954572 0.7380100182599347 0.7197298082160904 0.7226443911904727 0.6841123315241824 0.6951414217147776 0.687156342632922 0.7016835740419347 0.6996241104465826 0.7357760822193788 0.7234032216912454 0.7470459195182141 0.8130424021619649
0.7657009062207024 0.7614904238085743 0.7621859944479455 0.7529734043141322 0.7615230998567771 0.7897782508546322 0.7803527215581322 0.7556679830220597 0.7480556554122655 0.7441483695043591 0.7294088535806162 0.7394585850848447 0.7664799229455349 0.7710152739616286 0.7748163194206962 0.7672865979995676 0.7766435902995396 0.7608003560788549 0.7336634959551714 0.7541279005149822 0.7351671280765103 0.714108440651879 0.7009032264017767 0.7125883080122694 0.7072939399327771 0.7011342329992265 0.7136963691778799 0.7161606046411525 0.7047833801891259 0.7399958503531354 0.7283694619819557 0.733346331372577 0.7201031092211095 0.6944821200963263 0.7084392068348802 0.6959768983976593 0.6701101797027602 0.6921493052964298 0.6852781581790941 0.711027096193787 0.7142974827222521 0.7489566008741056 0.7954930955356928
0.7922451727599302 0.7895413318501932 0.7667319743375376 0.7714822444640119 0.8206727673401798 0.8253448702412375 0.8258890090182861 0.8204854701340292 0.8066072879855686 0.77909222973737 0.7580570285340249 0.7748670232493902 0.7621705055544508 0.7555539883197633 0.7492072301450596 0.7470631206222905 0.7443865089416035 0.7778363553078952 0.7444621270143591 0.7192326345885953 0.7113893528901103 0.7212187770491266 0.7229375845879442 0.6999537040769128 0.6869752699136088 0.7190892668604668 0.7281151886010547 0.7156775041958503 0.7117438874480033 0.7405944538806725 0.7486401969110716 0.708726657787188 0.686509251911132 0.7087031515768001 0.6996929011950561 0.7059725150704266 0.6681618217760592 0.662412876696342 0.6750962760111507 0.7373802414250773 0.7598492137238391 0.747419482630013 0.7830543917266879
0.8254831637074282 0.8022700884205861 0.8018215897791406 0.8099729470724552 0.8092301812127619 0.810903722942956 0.7990383948687865 0.8092348692733377 0.7880593788443856 0.7900313279379183 0.7699946137426302 0.7859473900710879 0.7728518849699766 0.7590007921474536 0.7415947231281194 0.7387577295304238 0.7546371979836488 0.7822128340361398 0.7483066653783598 0.7328698523716348 0.719805524334937 0.7123569137945178 0.7459559534870919 0.7248013928556749 0.7004677094547442 0.7064102137894122 0.7353778303882795 0.7291482181972686 0.7563856679831142 0.7496400891842634 0.7458558254115012 0.6944956236123326 0.6964492817426474 0.6917605766660259 0.6777137740418435 0.7149312794570288 0.7082964899254531 0.7043262164555387 0.699772158643531 0.7375091081594489 0.7332136231053278 0.7441905174517872 0.791994503694047
0.8217084969681909 0.8146632045763623 0.8371689454561037 0.859953354827712 0.8385880549680639 0.8458609275740641 0.8272264519606025 0.8253495771930246 0.8342969844842786 0.7999055921311122 0.7683566623482 0.7931828973029427 0.8018164389963949 0.7942801833758387 0.773515602352778 0.7803810425216574 0.7750194873859565 0.80109058953508 0.8040117957512241 0.7703730648692403 0.76632800921725 0.768145936156123 0.7308984852503762 0.7358428350078302 0.7520213574498894 0.7427964211715554 0.7381897460199368 0.714666287664939 0.7473704458016611 0.7505672595223585 0.7190868329088103 0.6931091728637588 0.6983432339491035 0.7084870300872681 0.6854727437622856 0.7249554399478395 0.726495775582305 0.7227086047870747 0.7040925792005268 0.7198592646197277 0.7269251315019053 0.75058529282321 0.7899634949908432
0.8490144228260501 0.8496171357678792 0.8907995914020003 0.8749261391408949 0.8572765589257889 0.8694250810634806 0.853549465436905 0.8427418003649251 0.8304355751149849 0.7815860895278078 0.7603393385126934 0.7690037495081914 0.8172549310240415 0.8217548586020039 0.8193901582954899 0.7901695727842243 0.7659719129028081 0.7767507327038635 0.798594018899083 0.7708379657372956 0.7755578381853745 0.7828732332879522 0.7449689115563718 0.736531570775076 0.763201941461271 0.7431295701784443 0.7388549196492538 0.7362597040160679 0.7448424010738677 0.7414366753486309 0.7439100594235724 0.7096976767734373 0.7218127848606453 0.7020749515304318 0.7035945300698422 0.7290741007458904 0.7437662902110236 0.7058903901459107 0.7270668631641364 0.7510302446262572 0.7719337137442192 0.7736916615037356 0.7672663617416698
0.8870244961083544 0.9025737241891959 0.908250886235407 0.8910032576667465 0.8599043948844258 0.8416825483800568 0.8590047452989291 0.863962933746663 0.8189507300062338 0.8009565372324171 0.7623621538073668 0.784388390323864 0.8210526455769998 0.8072492103242306 0.8106551204942095 0.7835785494551168 0.795698664671245 0.7923013723654307 0.7999749385764559 0.7722860766228732 0.8023281077698005 0.7758814516816507 0.759947835937012 0.7525830470049645 0.7664249561195267 0.7314997416677552 0.7101723310588905 0.7075079368891936 0.7299527077384546 0.762260110620141 0.7308937746358063 0.7351877856044499 0.7379413267855649 0.7442692455132486 0.750190495738062 0.7319981465947427 0.7320225393172124 0.7009604131700807 0.7264955457099203 0.7736699204252871 0.7875492011949153 0.7899572096358385 0.8057571566945707
0.9288912077125353 0.9261026634694288 0.9454621274522312 0.9214275805973825 0.8765679931472874 0.8644954357923113 0.8799872486605151 0.8600299903996017 0.8407390903609594 0.8043919944069028 0.8117677631811948 0.8200465079628487 0.813165643660747 0.7878918283138154 0.8251063461974872 0.8158541090662851 0.7917732599105756 0.7964126067288684 0.7997896543754823 0.7656740869300775 0.7526961708612774 0.7850762008968797 0.7652477421417435 0.7907793366177619 0.751380551264824 0.7379216361063231 0.7330722892556533 0.7285048077727453 0.723293375800934 0.7545569884522597 0.7410228899205751 0.7336669568663178 0.7358051616234362 0.7215754318935906 0.7320917329207007 0.7753204054019103 0.7625943435226171 0.7304132992975485 0.7556585757179807 0.7479903452499552 0.790305750698141 0.7568896766449944 0.772643162280618
0.974844919974103 0.944889149513192 0.9587887991966484 0.914269781205197 0.8914308364249598 0.8781169753585725 0.8973702117520629 0.8803324175318892 0.8239308343206077 0.810683148552452 0.8279222434903816 0.840835403566861 0.8069371218974534 0.8270557104810161 0.8022310442671217 0.8208463117296124 0.7921908004532163 0.7886629063879259 0.7840063435762201 0.7507225748580507 0.7280611679633352 0.7766096611950501 0.7857857491982128 0.7837306602305666 0.7993740918298672 0.7654941950058606 0.7318215601067957 0.7567098036401161 0.7474740042326229 0.7413043511231365 0.7258466483425833 0.7557916734573837 0.732715361895935 0.750711334213078 0.754063739528575 0.7968020061163349 0.7756012178650555 0.7473657678921113 0.7440193889342956 0.7659031861643888 0.7768209013717549 0.7675011139681805 0.7415333551423229
0.9945218934266546 0.9602716760025511 0.957144850576512 0.9097354864233795 0.8838736285743757 0.9064425944168502 0.8959154274792497 0.8701723005351106 0.8453112438958119 0.8482787170881476 0.8298325107501728 0.8288553343030102 0.8117042818725216 0.8216399074478162 0.8076700100133778 0.7978938533314858 0.8049399055374905 0.7663030685964133 0.7475012993996105 0.7600044342965429 0.7530728698475216 0.7420283831611667 0.7479521675306005 0.769721388578957 0.778319578280381 0.8029090435625582 0.7620999035485414 0.7741382202020202 0.7773379378203124 0.7589870844343424 0.7523567494432366 0.7659337023251501 0.7638693229491054 0.7998024356248995 0.7849286256107194 0.8043264747292708 0.7842592792924354 0.7767591154844921 0.7688272835526688 0.7762512895818234 0.7855522007887716 0.7374023104897086 0.7434769877683683
