Raster_benchmarking/DGGS/continuous/raster-204.asc
NCOLS 100
NROWS 100
XLLCORNER 1743167.5662913092
YLLCORNER 5469280.820027526
CELLSIZE 10
NODATA_VALUE -9999
[rows 19 to 37 of 100, columns 0 to 42 of 100]
0.7147166185741376 0.6995470996242528 0.716255901188423 0.7002149223199622 0.691833637119502 0.7053047546453781 0.7326781846505396 0.742787355833824 0.7339352861061532 0.790644528677405 0.8324808352197218 0.798623635645491 0.7621805493071939 0.7712866407298221 0.7674457138344841 0.7644610054407931 0.7527160611556292 0.7247148864288798 0.7300095645020455 0.7386901269487526 0.7475319621759131 0.7472527572048121 0.7562773470393674 0.7529666681295347 0.8014924720509989 0.8343592605604937 0.836965559708413 0.8651430980903657 0.8609360968305859 0.8775887023432246 0.8439766898846885 0.8913762751527116 0.8963241919995076 0.9247097227777697 0.9948442469747452 0.9663098312046148 0.9601693419590529 0.9597373132386545 0.9868213225093342 0.9326019818076114 0.8785808848666614 0.8179316684395611 0.8026482917310789
0.7207188544233294 0.712388558060611 0.7399351911231686 0.7280179110624547 0.7043248832406905 0.7037626905274271 0.7129636976467474 0.7239322071102545 0.7511819861047214 0.8050714510448156 0.8236456673826948 0.8232324986492818 0.8126291048301398 0.7843116205493323 0.8012257652272463 0.7535742969533367 0.7537447762096281 0.7257926253087807 0.7386920935153418 0.728528833356926 0.7149210752287407 0.7585471543319752 0.7682176363601879 0.7531257211263991 0.7812476186916125 0.8165735678802535 0.836111764536841 0.8407332708744635 0.8677550257889537 0.88624636512652 0.885500842047556 0.8765062293705376 0.906410538574018 0.9323108242831091 0.9715104555619476 0.9781566485820958 0.9569610419654729 0.9685582779346501 0.9468512820272904 0.9003431506850521 0.8686830348763201 0.8231574295933626 0.8277632663984977
0.7261798868154788 0.6990724434561739 0.7149399793156989 0.7366163830741606 0.7069545403508801 0.7222416813952507 0.7476247719732108 0.7609955041786678 0.7559169836631635 0.8225671091937118 0.8533298344976794 0.8501104089595968 0.8387566142998218 0.8360178412799063 0.8160188044714676 0.7982313155725694 0.7638310275881223 0.7564776784642094 0.7268295120318455 0.7234248509064798 0.6936088897083267 0.7506471340435484 0.7475376768049945 0.7713804174362943 0.7868697177103477 0.8150998529316271 0.8309147920179835 0.8526529912159 0.8460396157364037 0.8772531531883101 0.9081512046669767 0.9248445816069614 0.922402135082845 0.9363205732910365 0.9526010102939229 0.9565952994265001 0.9816005201187005 0.9453287651710816 0.9369832938013382 0.9116110936967152 0.8850991066942112 0.8325868969003272 0.8019472265459793
0.706576918717008 0.7166435916959086 0.7082565225795514 0.7076837284763835 0.7378068539846739 0.7286411000723896 0.7430615364375012 0.7688049021640441 0.7770092374541847 0.8212366551974638 0.863550805975477 0.8529850280933171 0.8369549020133759 0.8500647997600987 0.8170227936683778 0.7870407954464089 0.7839452983064119 0.758662870133196 0.7231460457830508 0.7084052054331418 0.7168247728303039 0.7331459916054693 0.7299995945371376 0.7345850833205272 0.7543220476142117 0.801214402585303 0.7825868336197389 0.8350670256434788 0.8379687091944825 0.8759852019844125 0.9210791496068592 0.9203357364212362 0.9301858795935319 0.9592183662779242 0.9693258868178298 0.9571639657151126 0.9696256599172407 0.9632894654675741 0.9266360300342674 0.9005855367362469 0.877710489022101 0.8634646464167407 0.813442959099669
0.6963887196132962 0.7037118972516759 0.7221280168969285 0.7169608153866986 0.7722635461155668 0.7761844193635642 0.7594034350623712 0.7703291489433801 0.7861402271168495 0.7984304978645428 0.8521927096392939 0.8317747219929639 0.8659006822282982 0.8197832683862902 0.8163071104202458 0.7775193567520299 0.7992890727902198 0.7665927044141247 0.7344664142301631 0.7117059764658465 0.7516595677849512 0.7228254634676463 0.6935985283921324 0.7155017915741685 0.756171636662952 0.7788915202941916 0.7557061154752592 0.8388240955799033 0.8659561308092035 0.9016419734263447 0.9053918261919027 0.910628495537834 0.9308249375393371 0.9634625526003264 0.9976701626650096 0.976371395286036 0.9414161333086603 0.9353460699288034 0.9587062465829349 0.9087385882202332 0.9097416831607785 0.847487506967825 0.8206747537106688
0.7360945083559282 0.7011953485880315 0.7249947960604193 0.7246915268226858 0.7486422852824468 0.7886862171177763 0.7887833673492262 0.7985952668425643 0.8071804975451864 0.7987236846656967 0.8141816835733748 0.8449219232914733 0.8560959966852846 0.8202314068968082 0.8032540661953657 0.7947177206606857 0.7707218373136272 0.7674982685457372 0.7452321321743307 0.738351702969171 0.7238216271522707 0.7042113284454058 0.6998340628351694 0.7429164684507777 0.7724497120429985 0.7599385806055989 0.7610455213086237 0.8076191647129273 0.838365206652465 0.8851577145510389 0.9064876115972615 0.8977374299523544 0.9269004931672903 0.9071207902967101 0.9201996472382281 0.9223536887077884 0.9325442818852219 0.9512139415967041 0.940676895354308 0.9229104141531722 0.9155515667027653 0.8863725984405852 0.8348050766957147
0.7249434985098773 0.6965308014992554 0.7142616423017867 0.718138475211281 0.7562964908910391 0.7908625632407847 0.8037686629382969 0.8004786031777977 0.8135581568640501 0.8012575353164766 0.7804427373571567 0.8117421047200507 0.8317772558289742 0.8425263906472922 0.8456668623929915 0.7901752574543911 0.7581897308442349 0.7653396347716157 0.7744514683467539 0.7483998840767884 0.7394570115599319 0.7280482770641501 0.7095084967307799 0.7536714624851567 0.7738408336739114 0.787918781738362 0.7710600663038336 0.7820642487561101 0.8270509484478457 0.8639974613258913 0.9043516166725651 0.9082038131388268 0.8895401129895225 0.8769905882331152 0.9016683827310391 0.9179995534537633 0.9248457860369275 0.9372090153032557 0.9054162131468017 0.916287129647169 0.8871287388053756 0.8746611832182863 0.8524261891494511
0.7360497819883969 0.7374405196879092 0.7356593792836292 0.7649508879911794 0.7663510406042556 0.7762307289576432 0.7920625269195843 0.7855414366074491 0.8146239456741453 0.7927789839361422 0.8041447775170851 0.7932959316653065 0.8108400499147704 0.8228156385025076 0.812744674150758 0.8061298493954654 0.7693010507642405 0.7714190134904161 0.7465300565273733 0.7536994327922966 0.7507673295893225 0.7156927794831893 0.7440777939615748 0.7443512946953478 0.7753750031753361 0.7633957682243716 0.768738518064601 0.781805607861242 0.8094097513136059 0.8582228039808893 0.869612303876992 0.8885957835963297 0.8896240321375011 0.8798752816627947 0.8967334886974102 0.9203786304264572 0.9262802887256775 0.9170071764217985 0.9298335447167146 0.9113652276136803 0.9017842579389821 0.8840446169832279 0.8372574958745599
0.7924925935255687 0.7929144595600013 0.8029649674016804 0.7925292718185497 0.8202225867748595 0.8016300401266745 0.8095459342797058 0.7937058489002202 0.7999482026379809 0.8112513830009999 0.7721312560796555 0.8142173058650063 0.7970807405239307 0.8127731636333481 0.8496522135804668 0.8087824445994224 0.7680169590560298 0.7834756610655392 0.7412698362206142 0.7670912154034698 0.7416609394673043 0.7266791111421417 0.7318444834362148 0.7444240903427337 0.7519010614518021 0.7767790347479553 0.7982145273604556 0.8078474073639288 0.8200138910003789 0.8413998616599294 0.887858096299052 0.8818387140835074 0.8865708218281867 0.9122177143269389 0.9149734494692934 0.898963920472203 0.9064624407250659 0.9188287618342478 0.9558699536548454 0.9069869028668203 0.8630768686555673 0.8699258234824148 0.8581272723242094
0.8142925248047964 0.8214627187860613 0.7928361802459722 0.8107280062256068 0.7849912633003748 0.7991820881998384 0.7849595986331863 0.7805990075107067 0.7819621526680881 0.795078875597513 0.7804881143315112 0.8206398825201631 0.8108917841274812 0.8059465281087312 0.8427370995210799 0.8128750114979558 0.8028869839736429 0.7757833271004252 0.7651857390282056 0.7721553245449718 0.7388679658128156 0.7384908158807925 0.7338391454111121 0.7347382037465717 0.7405867858025164 0.770774409063572 0.7956464123425693 0.8087378214836171 0.8016423029186669 0.8541680526334475 0.8504756402780256 0.8888208763066793 0.8712702324833145 0.8755512970934106 0.8899420001658884 0.8806055335125318 0.9178651353302996 0.8987872281675473 0.894644470417433 0.8947855224375924 0.8682233221691252 0.8259534018793784 0.8215867792194572
0.8085894233786859 0.7893131584806974 0.8133955939046029 0.8070232329704516 0.7790362315565645 0.8082626752143424 0.7603574462592946 0.7957673682541611 0.7730362196251067 0.8003547626424034 0.7950383305636342 0.8261879824488397 0.8406701013217802 0.8283309533422388 0.8263312117570921 0.8370264359965883 0.8154092430294555 0.7940734152309883 0.8021482212979422 0.781172133144873 0.7450839959518015 0.7202048283708395 0.723761809637111 0.7387014426497412 0.7463969823255997 0.7778883468608454 0.7945691925656105 0.7874051691354662 0.7893645208186706 0.8153210389161116 0.8415830037387191 0.8775278295458353 0.8785176865362799 0.8945139135978704 0.8754451629230396 0.8917444665196158 0.9135253089858751 0.912696071444565 0.8889768729940786 0.8766042663547899 0.8379943600705474 0.8517571602004548 0.8364479629056683
0.7908946504114058 0.782795635075915 0.7606920547818508 0.7662315184736928 0.7813562651079292 0.8049889284303359 0.7912772311244991 0.7847893214764635 0.803882190694889 0.7790634472684167 0.7857513133069216 0.8052981108759018 0.7970668989959302 0.8119487111887823 0.8132284248629247 0.8400025235721383 0.809001030023688 0.8086663329062601 0.7705477487102824 0.7556942043754231 0.7183822269839266 0.7313285486515126 0.7306978633408714 0.7241658177063174 0.753728109472003 0.7460609488060762 0.7894136556690815 0.7955988042929875 0.7910958316037894 0.8214431927179646 0.820712224976346 0.8425324764243983 0.8750750678676578 0.8752361489063365 0.8709469867109794 0.9125894059201634 0.9223898772949874 0.9162920928676163 0.9121557568880849 0.8866263247245011 0.8441279655608431 0.8285134735879155 0.789516240881802
0.8056128802311674 0.7670585369699283 0.7504317181717868 0.7692180177131676 0.8123969803151382 0.7930410282224867 0.7911263557315236 0.7743662328849196 0.7933953204979661 0.7943614872294732 0.7978860688013809 0.7841384218261878 0.7935072515029494 0.7995671055709479 0.8289135914465973 0.7935903120263273 0.8024097638561379 0.7878780988699596 0.7849835955588202 0.7696536807521713 0.7199188519607946 0.7160229393637945 0.7551961288658227 0.7179883055570618 0.7272380600592342 0.7310075012427627 0.7606067419563441 0.7788995045087792 0.7780969411756157 0.8170460512647683 0.8231689935041049 0.8271389809165797 0.825926264531842 0.8358211314385724 0.8772075608839554 0.9070636628882175 0.8918736314753348 0.8758604773455034 0.8937455770199045 0.8530744898299053 0.8547864427750949 0.7992939513486302 0.7705345334231652
0.7778176111428081 0.7818778855240074 0.7823814015245022 0.7595270784344325 0.8027742292079055 0.7730647487106378 0.7905719283331855 0.767774788792191 0.7648698615900944 0.7624696090067834 0.7759948755141305 0.7822869038703059 0.8087330331657584 0.8018481016662071 0.8086985350896637 0.7865838336254961 0.7969096603282815 0.7625192248851754 0.7606754832469169 0.7340976273867662 0.7005417452203894 0.7078406245023727 0.7106019801408395 0.727341057577585 0.7461552292262025 0.7562195071514923 0.7455358833098858 0.7604243841109336 0.7602722889684146 0.7608889122103208 0.798229011698265 0.7979089044528848 0.8376708856448569 0.8417633878296136 0.8657135574493606 0.8698750099714825 0.83672307781097 0.8640935117483521 0.8624607110330267 0.8150410833343029 0.8288767415226468 0.7950610225760705 0.7640987282886325
0.7554722411866308 0.7587773296082382 0.7463688338271324 0.7698818522730067 0.7860153297226035 0.7627023856868576 0.7599458440356484 0.7773184999226779 0.7552781678973378 0.7837320514233389 0.7671414705992904 0.7627951575580323 0.7950364375442588 0.7846640605923664 0.7454640130007247 0.7498544626492252 0.7484423079577233 0.7505769505122396 0.7641924101885105 0.7428908680485232 0.720833933699639 0.716090762987828 0.7221705228166939 0.7450149314702047 0.7707307711656621 0.7457837616373343 0.7719391652639478 0.7702385567269047 0.755875438262169 0.7903450087352102 0.776444764701885 0.8102934287431843 0.8267377980238104 0.8339520332341491 0.8361339312960744 0.8059786774398775 0.7900985575513714 0.816555547987329 0.7930232731578855 0.7813263591877688 0.7767317625997604 0.7557558823503694 0.767380983363562
0.7310484241967252 0.7479868689300403 0.7395377759791193 0.7251168617034873 0.7364328453045347 0.7378400886719273 0.7325866369645211 0.7433305602217881 0.7458869922511884 0.7673271290611227 0.7758549682263131 0.775009390165442 0.75083075265216 0.7544245540168922 0.7737459606088695 0.7645236155942488 0.7585493503972791 0.7645792837440336 0.7694195374644991 0.7170993788904958 0.7381941096750422 0.7227277575856391 0.7446671782736076 0.7629840904369415 0.7522687799332131 0.7751029267880446 0.7772501451924972 0.7726963714035523 0.7592125631940225 0.7861843133764508 0.7842038852294505 0.8018035035299534 0.7870335356816739 0.7871476526366495 0.7865658161242574 0.7756124349283845 0.7794099169067015 0.7763245505383229 0.7769155790964367 0.7686949184973764 0.7554277949770452 0.7499847391173611 0.7329162706122023
0.7251550394925383 0.7529315021244609 0.7260741070049773 0.7078864331315539 0.7041039743133426 0.7304752347632886 0.7408889410570183 0.7484439277350926 0.7924529776412699 0.771568185861957 0.7694737772519434 0.7701125966522107 0.730840068363354 0.7600496477822286 0.7449133379614733 0.7456237771432122 0.7455326071721193 0.7660115946115967 0.7534453699924404 0.7379392418128797 0.7062240920329779 0.7033758841489871 0.7224455633075019 0.7546754711908559 0.7681686605673277 0.7676375155784113 0.7262483896820955 0.7669342324162938 0.7565189228929158 0.7739795385001763 0.7975214697667439 0.77782191014558 0.7862007439673814 0.7629788226332745 0.7777718023703684 0.7868887188754902 0.747618150741387 0.7492002435004852 0.7544716242780798 0.7347723477492599 0.7655536602752979 0.723904405445957 0.7477000448461235
0.71688004293501 0.7271341208562251 0.6967960474987711 0.7040335325079239 0.7082538931306893 0.7288753634390269 0.7446297874530093 0.7617619140057635 0.7709331583637482 0.7533261545899431 0.7406912105903015 0.7478690317318326 0.7661791807793217 0.7467175873512615 0.7606424437945338 0.7772043163927563 0.7844005829111786 0.7852711562236305 0.7877344058019816 0.753153322053772 0.7260985450762336 0.7421502509513952 0.7371691742720039 0.7369557119073159 0.7719815792270923 0.7550802732509589 0.7434522386906008 0.7420123414173628 0.7657956376551166 0.758040846458579 0.7556043840171902 0.7841094803629726 0.7720635416290335 0.7693783269543664 0.7519432644311854 0.7587567001471504 0.7234333390201705 0.7218124281864651 0.7186529726826498 0.7287512169190499 0.732111816945425 0.7199959040166909 0.7508606224819213
0.7365237714076323 0.7214014321172187 0.7029048980171901 0.6980945274284057 0.6791547963900392 0.7021348481497264 0.7182796570476832 0.7561047634757613 0.7654440123851969 0.7478467612166976 0.7304762827775888 0.7497955311889699 0.7602966425380202 0.7796416165712928 0.8049981022879062 0.7873154404373796 0.8041637989196831 0.8183411941393754 0.8137516251314381 0.7717730574914545 0.7538950031978271 0.7348177723295094 0.7270587615190081 0.7437595919057011 0.7366702247672758 0.7525869996180685 0.7582370375387335 0.7431264762056663 0.7337584209407655 0.7389304604712509 0.7615406612533528 0.7789985742141868 0.7808709038547365 0.7844479451461017 0.7630362233696192 0.7520846689570531 0.7568448326892343 0.7004727997158319 0.7035000424048337 0.6915296151734138 0.6923709391473328 0.6943062315945402 0.7290257468338932
