Raster_benchmarking/DGGS/continuous/raster-143.asc
NCOLS 100
NROWS 100
XLLCORNER 1743169.1093514615
YLLCORNER 5469295.160793672
CELLSIZE 10
NODATA_VALUE -9999
[rows 57 to 75 of 100, columns 0 to 42 of 100]
0.1491560949211653 0.17140547140990509 0.15935291738606422 0.2121676093696833 0.21306059626162932 0.2634340317242674 0.265524393530368 0.29580894185585227 0.319291660790954 0.2785093000284044 0.27431290857237445 0.24993464458596246 0.24237015356629849 0.2648565506490046 0.2870434263265514 0.30866452871995664 0.3475720416537149 0.35077332685416446 0.34568390425205703 0.35106175539478 0.3830074896917805 0.39414460327669837 0.4145540233739059 0.4520165063979264 0.45245436042320014 0.4391508643872487 0.4036056650249358 0.4400980734604996 0.41465970783543993 0.38489495575200694 0.3866962570944108 0.3922223114247019 0.42720848118166127 0.455202926470028 0.49665270240948545 0.4891394651857691 0.5054029416264664 0.5173552956562069 0.5220518560740723 0.5319241852002694 0.5147366195571552 0.5158593505547764 0.5161450440815463
0.17321708769255753 0.18565898864072597 0.2072179484245748 0.20963367621044213 0.2338822399548607 0.256365319712316 0.2988493145566236 0.3219477306868735 0.33961533487992435 0.3275403266250814 0.3103984297052675 0.2995740784896392 0.2690945099674578 0.30347792388732564 0.29647825220019475 0.33076224159490614 0.37352831614999693 0.38618927564939987 0.38586062653938263 0.37681956747150946 0.3976289826866424 0.40885337505894254 0.4420920124604861 0.4798806882490355 0.49123776810616177 0.4651384972601129 0.4357774079454539 0.4323395727607948 0.4085477781960541 0.41702818838843364 0.390425534739883 0.4376092499081287 0.46589082563075124 0.472698643825983 0.4816385942934291 0.5081865759550256 0.5525587964881152 0.5498339664748367 0.5717535222936295 0.5573725108750227 0.5338958427269482 0.5414032324243446 0.5308304094420376
0.19094584869172315 0.22417586120454308 0.2094114851871688 0.24659004112004443 0.27805125380704176 0.2835957656775767 0.2750095246001074 0.3100744172780148 0.3475540305628072 0.3127494482963719 0.3193665875184834 0.33993870820264216 0.3113985694839109 0.30302699547417444 0.3112538685551721 0.3337997157154206 0.39024894191849185 0.4148472356426997 0.4115286853605747 0.42424158168270115 0.44266526894045805 0.40773696351979893 0.4332422011703347 0.49020211460764257 0.4690980282574026 0.4786718591067309 0.4655753659285936 0.4539114787978292 0.425037290841282 0.42634377922655864 0.4195082202429925 0.42636216429277385 0.44688900677220544 0.4669870184573216 0.4564563953113912 0.5251318361661709 0.554583561589147 0.5562761356822836 0.5402163522283876 0.5469242663849309 0.5352027196020264 0.5341986231998882 0.563567867223531
0.24123686144681425 0.25515553039234934 0.24860698572873452 0.2596315450176051 0.26872501122873116 0.27345914436047936 0.29352481732219854 0.3084525261371233 0.3421608243382019 0.3351196014702978 0.36069195842400703 0.3905338524687044 0.3819109396097948 0.3621938897379141 0.3556797519299422 0.35057823355772433 0.39633868095715674 0.4237657930719613 0.45508869893790277 0.4634169658564034 0.4431850968393077 0.4482163176857898 0.4372935520924579 0.4976949651762951 0.5135450157006071 0.5030336397282519 0.5012070582938507 0.46733473587435054 0.4228782245039771 0.43678833898598657 0.45263105398425063 0.43915114731064486 0.4383684069198435 0.44747657117919487 0.4498502193236267 0.5009143607355067 0.53886392806494 0.5381524562093616 0.5868741878579511 0.555026680248032 0.5224288921825061 0.5512805382469618 0.592507781480688
0.21599451110462128 0.2509182458031916 0.25004975196884555 0.23193192718733774 0.26825768735495104 0.25988049701352495 0.28949386677517963 0.32191905649207536 0.3396778367461378 0.34668343026391907 0.3517771700154174 0.40312732719127775 0.3853671021463913 0.41042579162601744 0.3932179156634402 0.39354994422819267 0.446150105191611 0.46586026139778536 0.4614776921592202 0.465361264816247 0.4882756838086812 0.4840616507801849 0.45474398580153047 0.49247971550060693 0.505346041657622 0.5261580628640977 0.5108132573593457 0.4551998207773486 0.4395417766226968 0.4437101175707208 0.46991130892790145 0.4949974120342514 0.4932700660241343 0.49597080688143874 0.5085577249347841 0.49941374607101746 0.5154884338832444 0.5508122344205607 0.5470836966937919 0.5649281532823716 0.5742093129998864 0.5849592406068482 0.6078314631313461
0.22617091052489682 0.23918552489974856 0.20712260293805798 0.26517879756850227 0.2836869524755701 0.28472402289355475 0.28735067226824035 0.29769677722586607 0.3166829009759993 0.3438073626020378 0.370431026755079 0.4077403482991685 0.39958625276491744 0.4116348340604755 0.4585131591121692 0.44697254008291026 0.45396962306202293 0.4552444469999779 0.47893706682659837 0.47496776746326325 0.48147346832980303 0.4717163711667705 0.49741779651155077 0.5035798334708503 0.554827641798331 0.5027548702536051 0.4871888050644677 0.4711413782458929 0.4877794888137332 0.46076538322419663 0.46722050456552927 0.5116396612700423 0.531877143109032 0.5223627812489728 0.5036979316557028 0.547304861389467 0.5357933411835267 0.5600143255447209 0.5761758233523574 0.6067383158463362 0.5840886781419539 0.5773325033000374 0.586253699680177
0.23604960411256407 0.23735856185344037 0.2082488402937981 0.24706172209174007 0.2931112316916142 0.2829654055937458 0.27699809910780776 0.3229388642788841 0.36944640981338916 0.3955696316421436 0.3889013995607945 0.40308801244965176 0.43745854847939786 0.42840768718649624 0.45977295235388715 0.443325425008287 0.4739256643670483 0.45531360280323796 0.4990885524602691 0.4817151888195326 0.5066484513521121 0.5109842623063341 0.5431019462506955 0.5375534469929639 0.5569164357882336 0.530598902283738 0.5371084120941736 0.5131552071852932 0.49705886058845955 0.5020552802544294 0.4828705540653133 0.5182433559536105 0.5436962729955338 0.5778774719102151 0.563593318567713 0.5602604596924716 0.5786658992478341 0.5633989814041096 0.5767697706764007 0.6060287840313587 0.6056032155442801 0.5666756922815755 0.5798012892189359
0.20068818644775827 0.24654332855511096 0.22342145598686564 0.2766029643749577 0.2818405571177784 0.2874578433069105 0.29997953799664745 0.34318487986829604 0.3593487090234962 0.376299402410532 0.4384798341942433 0.44556215476157857 0.479041682004705 0.4613162552089133 0.44564584487917586 0.4744707834311918 0.4481093860235615 0.4880591151669333 0.531759465371915 0.5183233204211364 0.5197144821333064 0.5250163016783448 0.5486380747242241 0.5563935502134368 0.5680667567055961 0.5537057197968663 0.5735640839138254 0.5494604878963613 0.5123687345965614 0.503309780553221 0.5139750185814876 0.5641100131298548 0.6111528125549165 0.5857897957713912 0.6018698226849746 0.579177340470506 0.5604172721375972 0.5886669611277153 0.6165269344733084 0.6195216382984499 0.5937620927435332 0.5796635855287369 0.5648055032602852
0.2409277977460473 0.25095684122409834 0.2689842626572948 0.2967825100358491 0.3461434752537526 0.35182369225415433 0.3498784359947575 0.3403953197235827 0.38076951750398635 0.3756081166568461 0.416784092924067 0.4333058455134688 0.4497486148474598 0.4496971521093508 0.47802863041105587 0.4678993814411519 0.4769769457834604 0.48810678547684266 0.5191242743762065 0.5244750244210334 0.5229725864859496 0.5351440725556291 0.5555003995733505 0.5893542270340354 0.5787178360224193 0.5896005340229754 0.6001692227643884 0.5686517660638017 0.5575363089915683 0.5258866083597473 0.5748700702312779 0.6025587040447821 0.6019663247039865 0.6321371299845617 0.6437977554574862 0.6436532230819514 0.6440313747842825 0.6369935232994456 0.6188963740195643 0.6000246174255766 0.6019882601157985 0.5706834795712097 0.5455653403504677
0.25140807125670667 0.27091930976554474 0.337299385948141 0.35196372030784856 0.3957474774771855 0.4061645719522759 0.3914669853486054 0.3780901837341613 0.363232641747121 0.39856239094849333 0.40664578605872864 0.45648199336301964 0.4774705001128162 0.4701519971107484 0.4731575862943184 0.49653529629206444 0.4845761060019446 0.5090037305454935 0.5251662124576597 0.5493685973634242 0.5328337420760934 0.5610465194009702 0.5590674143159668 0.5611151972866821 0.5836838335078521 0.5810341148826339 0.5801483460221144 0.5653220160178838 0.5824613005036512 0.551895566517139 0.5926533956915779 0.6268719322619162 0.5949299524739986 0.6527472469460303 0.6751223578268689 0.6694075982338527 0.6724677969865805 0.6696753018937485 0.6129123446051984 0.634111797978986 0.611932800483838 0.5864730618253081 0.5614507334626972
0.3063103335107692 0.3380771964276968 0.37852795373048814 0.38876982906563873 0.4266615032703044 0.3973376047709522 0.4057766879209904 0.3750989752947676 0.40189351943156526 0.4184844403271667 0.44155661062244744 0.44431863711172526 0.4501687982180725 0.48832432747532617 0.4920730332007186 0.4807667418457508 0.49321513577297926 0.5537278339498604 0.5393050824209417 0.5781030393416406 0.586437377173095 0.5848624416110184 0.5732012144807108 0.5859388457509882 0.6027069136192088 0.5688509236251957 0.5934588174856694 0.5956230119275234 0.5916455239921231 0.5955451215818474 0.6336543073124091 0.6338535486466016 0.649008045203258 0.6572594652868418 0.6819891465941833 0.6712369871294457 0.6957833583687164 0.6619226409227162 0.6315191681452508 0.6138934211754747 0.6150620118412269 0.5933485930407308 0.6002277981390708
0.3497480016909826 0.40524087459320884 0.4287877428659333 0.4351650003072448 0.4542011787075286 0.41942351130995514 0.4277377939116375 0.41012744930529166 0.40995096752910903 0.4171278238939288 0.45753053842574737 0.45382922231164446 0.48189569792314274 0.5174340630402033 0.482045059375857 0.5055545635893932 0.5443841669139566 0.5906745938500975 0.5796112345567984 0.5674061794796155 0.6135580633549426 0.6118409463015753 0.6220031813132999 0.6179339943619427 0.6022602054656725 0.5780826335214195 0.5992205731085074 0.6397564983430408 0.6470977708278931 0.6422790453546269 0.6569282280396301 0.6396285884710212 0.664669720059112 0.6903646414197945 0.7303725960465156 0.6870112944333526 0.6998096975578784 0.6828542525117982 0.6292574677130603 0.6485571277876414 0.6563752605759274 0.6421112609972519 0.6145185586174439
0.36446813041716963 0.4309849786951679 0.46082517121058714 0.44814584113286804 0.4468381753385808 0.443629112453002 0.48056817024680926 0.4450432519959882 0.4447483306961727 0.467316407869848 0.4878115910112633 0.4903844931138699 0.5423837861803136 0.5444160258761983 0.5340504793357767 0.5549899287061507 0.55212840501587 0.5856393295779592 0.5696145832909953 0.5909551575663029 0.6242796762429632 0.6466368244357018 0.6416525428397284 0.6029189789006955 0.6300772118295379 0.6286035200517308 0.6453721542069505 0.6853113798003984 0.6893396770219904 0.6687837146057068 0.6870984385459876 0.6508663399049811 0.6478787006023243 0.6808645056312553 0.7054373944500855 0.7180752497834775 0.735501920697787 0.7003783643495413 0.6929653241689485 0.6546582040632138 0.692139762922361 0.6723949920859654 0.6290700972710545
0.42223769448091003 0.4338785542524188 0.4376023477505063 0.45763139079909676 0.44932664404161793 0.4557835135353389 0.5095903620414844 0.48820813478303726 0.5085925195728467 0.4930977238162805 0.5244664508216664 0.5630195916912069 0.5754623426002152 0.5586626686666897 0.5961056610832848 0.5923373561749996 0.5584251861876736 0.6093271582337524 0.6137151983901655 0.6449459839801674 0.6586933097702105 0.6511444468880336 0.6124547990525212 0.628980125393873 0.6670223950122097 0.6957767228217447 0.6941876293200498 0.7311735186592311 0.7074051831477305 0.7153354146656336 0.6996238268054557 0.7062626326626857 0.6794628280275814 0.707973074783323 0.7441392461456818 0.7629001928374052 0.7544152630267781 0.7156089114391099 0.6863195761775529 0.7070641266762621 0.7050129399956062 0.6924695130602945 0.6740167921437897
0.42754940169995187 0.45661413403025003 0.46702628573150917 0.49536063999034796 0.4965630631877273 0.5056115548376453 0.5047193538053821 0.5161392721358661 0.5172961035442162 0.5033765321378738 0.5421378755964158 0.5891864443755243 0.5943460256735716 0.5766688948366557 0.5828755174480935 0.611176144207813 0.5809812870456494 0.6231706370080203 0.6218641990340317 0.6638492131024556 0.6789625943763339 0.6612899150007657 0.6764985384668437 0.6586251072065756 0.6916368021819239 0.6963448695851424 0.7008924315021524 0.755803245240044 0.7665384942619884 0.7684339012682746 0.7398321189618319 0.7133760247286525 0.7324586755263152 0.7156799143968803 0.7428564744830163 0.742397568574505 0.7703344755598289 0.7312374260671993 0.7084597975677764 0.749621482920163 0.7597250684009345 0.7054292847248886 0.6901537905152124
0.394687348094239 0.4434385776827599 0.5152526408457597 0.5430690122908024 0.5497376973222536 0.5393376906863087 0.5206735309068647 0.5090289000077671 0.49285236289961437 0.5420881207172192 0.5898570153072425 0.5761295577427561 0.5975440118626119 0.5824091623769055 0.6004861359836495 0.6256479559435058 0.6053820683283376 0.6426901214891813 0.6259713356579578 0.6512734858281426 0.7079977870057431 0.716559628336065 0.6847385624745798 0.6673872395062498 0.6435120415311126 0.7102533110663225 0.7550264036311269 0.7968693623189537 0.824703111469733 0.7883190009743208 0.7951559461686388 0.7494906878334161 0.7270755956489011 0.7629092283220005 0.7920239787270428 0.7826259349961313 0.7610109522122179 0.753811102201044 0.7382032871574696 0.7612425190241014 0.7782362456429616 0.7611395465909775 0.7131967978781759
0.43553712580892684 0.4661411700695911 0.5205696000962735 0.53459738487643 0.5500378349385263 0.5381191869327501 0.5309237452289982 0.5126632655601974 0.5068774184205311 0.5521789794286318 0.5960245874626464 0.6184138380848094 0.6097726816784139 0.5994455809147285 0.6059611274436073 0.6335649942710497 0.6718933091211906 0.6801156101371629 0.7002719263515967 0.6807065843961122 0.7035766987319679 0.7421303784503519 0.6970406344101827 0.7041297083520534 0.683606319845085 0.7202141735304252 0.7373321608794823 0.7751477869965154 0.7868413226316296 0.8091119417880285 0.7895521997549817 0.792182932367277 0.7726965224472384 0.7841922739961831 0.7931192332032811 0.7889496849586703 0.7793542488757345 0.7599484012149086 0.768488712801024 0.7887331064359729 0.7862185664336316 0.8094807850547288 0.7786664892433195
0.47154440664188424 0.4786671424652514 0.5337469263940733 0.5630800050001505 0.5669294836796152 0.5506544887065307 0.5573998079078676 0.5629840957313397 0.5585370001690547 0.5617771696047074 0.6251004793798295 0.6084349324339833 0.6310657988667838 0.6435457351884657 0.6325435323646772 0.6418275418685488 0.6688542620630351 0.7137379554395463 0.7253319937341004 0.7030125535458311 0.7586162824262039 0.7277695156056694 0.7300449537940675 0.6949121439119781 0.7192388815176198 0.7413930223148725 0.7521483246774071 0.7520088031360674 0.7791208976190835 0.780254988176438 0.7700572837302662 0.7767448438131205 0.7820286121843193 0.8011792252993322 0.7824181226020274 0.7789988542510494 0.784285485798382 0.8056953306455648 0.7946076283936947 0.8475739668285492 0.852617114202668 0.8373220796809865 0.8168721830042507
0.47540800385598947 0.5164549345369418 0.5128588308008232 0.5415632286095058 0.5223644725687125 0.5433248333834345 0.5892803739112906 0.5720304194281302 0.578955561564914 0.5719744518789208 0.5950572875851408 0.6298731844584063 0.6530837900105665 0.6597835518422048 0.6820473214617867 0.6734973731508911 0.6795023480321667 0.6977063101843135 0.7216075004731952 0.7346505108195548 0.7742788162279325 0.7641311749181128 0.73291871109546 0.7000197928592211 0.7015394281950025 0.7329965354614565 0.7167287084849457 0.7740048158436205 0.7915576972071671 0.803287888269954 0.8320596006996274 0.8153326311692544 0.8265113223515921 0.8033545916725758 0.8085094056178244 0.8132506071703431 0.8533940303700155 0.8123274245443688 0.8404481124301385 0.8541225178558005 0.8565464178920873 0.8573832091227244 0.81900950020914
