Raster_benchmarking/DGGS/continuous/raster-341.asc
NCOLS 100
NROWS 100
XLLCORNER 1743163.234330357
YLLCORNER 5469277.885562472
CELLSIZE 10
NODATA_VALUE -9999
[rows 19 to 37 of 100, columns 0 to 42 of 100]
0.07531420792040697 0.09436705527341338 0.08960871857774089 0.07422988544000311 0.10395837118878443 0.14059800440411294 0.16459589523885834 0.22716828313034693 0.22247029714128422 0.22559247598418425 0.2262745729862414 0.2698845434903684 0.2772757357983885 0.24581420682549165 0.2985360724572606 0.29697270676690746 0.291438616987819 0.3014616397353208 0.31677240926604083 0.32975917881150413 0.37782620728421057 0.4059659111300398 0.4060296108974909 0.4285356051942925 0.4715171353096126 0.5642414058468368 0.5490928736629006 0.5539634065945384 0.5566491621800275 0.5770712992149939 0.5489726420045642 0.5149220949548645 0.4989492082802325 0.45979148285038524 0.45044469593755243 0.4855458736286281 0.47622795247447985 0.4836052395732047 0.49826023029781996 0.5816148709434941 0.6094317654139418 0.6199491822116401 0.5816593817191423
0.0723219893558922 0.06363605648799676 0.07620946101412966 0.0768399298123939 0.11755060492519784 0.14986992790255335 0.19787696511122504 0.20062748801028166 0.2179050754130617 0.25743438266113 0.248904147145318 0.3000316275401801 0.31910907307383196 0.3151271636241574 0.32321457614383914 0.2814622978427509 0.30665693058574894 0.330403626868472 0.3191392622070425 0.3412168120671444 0.4055053621848241 0.41878093490451423 0.41050697271632297 0.4253395115755211 0.48674564015390803 0.5155570237991619 0.5496091199411667 0.5506171779807919 0.5475732732237999 0.538259661045526 0.5156388122227921 0.5192030657637678 0.4737562229124173 0.4626938396991649 0.4716424302535584 0.5159220021107425 0.5137823569601769 0.5131172445548129 0.5123937864674714 0.5684101144193482 0.5955188095443573 0.6170411475550656 0.5915497795862391
0.0458644475345074 0.08338590881379564 0.09603063163584133 0.14576670950346157 0.17072727768371934 0.18778051214770008 0.21542623467574845 0.2261442930501133 0.25187845178222185 0.2654020092112828 0.2759648370160336 0.32978869592495613 0.33739809793023773 0.34004380808762213 0.3171790172203252 0.3070580938348652 0.33949292170942064 0.3440464828795029 0.35130673503299786 0.3804278099960948 0.3809869149232249 0.4258599244839133 0.3973576300589094 0.44509638957353964 0.4826858210020806 0.4787854674784833 0.5328601207808948 0.5136486644991701 0.5049452160957117 0.550530771383213 0.5336477709141318 0.517995756749742 0.473330611964074 0.4906301904689962 0.5197302685687727 0.4916138295825873 0.5280511598350249 0.5115881334523473 0.5586487722381953 0.5630946106754936 0.5958516731031661 0.5731324505527254 0.6210980057469733
0.01979581478538406 0.09340148180359541 0.09275690329520601 0.10198081603760803 0.1473966980081284 0.21142894510400687 0.22536218919786424 0.21042766582792627 0.23774612460072495 0.2810428548363592 0.33229627309788806 0.3331928167370495 0.3739805860789427 0.35227975488809876 0.3432720725956693 0.34783175324439397 0.32391165211147166 0.32111597623603716 0.3569486752097001 0.37288578399498395 0.37483823270509625 0.4152534879192013 0.4146144538359939 0.474871733136351 0.4849317239459232 0.47153798998952695 0.4843667994151558 0.488773743504207 0.5095339874768796 0.4951200394431401 0.5214025515510581 0.5131729999245429 0.4916264738365775 0.5048142400187344 0.5172690630054824 0.4808473095584825 0.5206602857285829 0.5351436838709107 0.573037648970477 0.5823234724559406 0.6206040823651844 0.6204230094747265 0.6211748172252362
0.023465240815408343 0.08306816498374545 0.10466865587381595 0.09698444963103166 0.1374902385182004 0.17577430309504083 0.2156148834069588 0.24030737517288292 0.2763984085585076 0.2966232108771529 0.3492432675670697 0.3757899546780965 0.3768848275531692 0.3903006264677097 0.3578198794843781 0.33536028633856424 0.34909142539205024 0.3551669103917257 0.3849188333267407 0.37128862468564966 0.3471162206734688 0.3415631525642638 0.41857448833882094 0.4695872259858339 0.516111086602753 0.524497290232827 0.49382065963426364 0.4911967546269072 0.465720031252118 0.4694499215646672 0.5108450053341369 0.5010905988153646 0.5243733780126225 0.49938956677134466 0.516934084594533 0.49673161729271825 0.5495511003703156 0.5921119256180949 0.6179396563105096 0.616513957273118 0.6464034131506874 0.6229149886559275 0.6512169535101809
0.05616691907788246 0.03626648995054097 0.06983825278813172 0.10981902300654754 0.13067398385094117 0.1583465679815264 0.21013004799208113 0.2648684182985081 0.2699041891344428 0.2672868147645318 0.3210719483967142 0.3591096295389607 0.38445268806486743 0.39728049526301146 0.3888810893958615 0.38901142969367636 0.3894183227456949 0.3888021143890877 0.35835052430886316 0.3595219467980838 0.3831607030945268 0.402889018710692 0.42334036676799003 0.45259422533833044 0.485515989543798 0.46760144308357826 0.5011418229827008 0.4897717270671389 0.48589327254616094 0.48020573877023065 0.4709368295534592 0.5119680120869697 0.505053696017046 0.5020341731769891 0.5275612708930335 0.5270143601668721 0.5264472792259584 0.5766861074976147 0.6165125095886977 0.6046233733551966 0.6274227482914918 0.6472215329990073 0.6399829716284356
0.023564631467097797 0.02025616512020084 0.02140995846672639 0.06220022859923077 0.0891831772886447 0.12233981853339533 0.19234433430958553 0.24219081656913669 0.23976077106299226 0.278554421705534 0.33964379452575866 0.35542021878252594 0.3846010765004706 0.36328592594924564 0.37758001129888386 0.4258285682088613 0.4322149887135244 0.4026089479177534 0.38045797287045463 0.4079851487726976 0.3878929912399171 0.42108740714898146 0.4182964288470104 0.44517543655811725 0.46532268263074766 0.4514024624208611 0.5038189327851789 0.4995894935681023 0.5181366629985635 0.4767053499598502 0.48560948520300784 0.5235036678677223 0.5295172576119561 0.5227311453949074 0.5387976879236925 0.568858580612946 0.5578844062306048 0.5434453206694908 0.6171093996214386 0.6153520095832248 0.6244087625243789 0.6352629995814011 0.6034557923888928
0.06020153194674063 0.01972312314449508 0.02580402838650067 0.04922276149195178 0.08844795379217857 0.13687166872107426 0.20480813906300008 0.22241864276015513 0.2529428088691482 0.2595261861111258 0.3168565147380753 0.3630466907717941 0.3935270876693762 0.3986681241034219 0.4031742089100392 0.39545027221654827 0.42603108458663813 0.408778563039417 0.43087347659937936 0.3954853066529509 0.4260457123251918 0.4036964045655779 0.44143742632667754 0.47621818508218033 0.46587910309914654 0.4696873559387387 0.5020049097510931 0.5305369275526701 0.5345554225882247 0.5411164855084766 0.5270583774788885 0.5419728063248284 0.5711940319055723 0.573152451823043 0.5567460412480372 0.5700638428014453 0.5926506877606265 0.5944744500042461 0.5976292947819732 0.6079422966844618 0.6394998866276738 0.6251125131750465 0.6162026495906904
0.0648141060562931 0.027243959913743516 0.03537948320477987 0.09885923729998136 0.07871142403422747 0.09252939700917275 0.1615770473524563 0.25676955324641076 0.257691255504512 0.3004354843529738 0.3103315458723763 0.33556414517643735 0.40663464561659535 0.4312310000011335 0.40180549615504024 0.43443176106736525 0.4461612162491215 0.4804694938254284 0.4537639482497811 0.41222667042670397 0.41913262830871073 0.38334915575241274 0.4512522905719054 0.44956385671731813 0.4868775921947038 0.4539037749887291 0.5328565205216208 0.5358612444386467 0.5519506726772684 0.5744621822042707 0.5914291753301628 0.6046531709444111 0.5947925716578453 0.6144671019028667 0.5805155756649925 0.6102868046795564 0.5942684562195467 0.5728622671119512 0.5939084099875853 0.6032350652832759 0.6288307624971327 0.6153250839468641 0.627841681775673
0.08187164613712998 0.04431390158101438 0.06598658292938676 0.10531988723013375 0.09002141934824723 0.10122508154335187 0.16556218349002594 0.22888737902745676 0.2616066640064074 0.2518046080567481 0.28527120439202797 0.344704705855337 0.36515337310233176 0.43609307419587645 0.43315789844637775 0.42963681806931564 0.46143199618186637 0.45658760430695733 0.44486005900588027 0.44762874197680375 0.43266278471388564 0.40748779433102467 0.44787439611690844 0.48103878815634643 0.4899017143983138 0.5288884636501688 0.5358815298859773 0.5563106217451063 0.5812615896301374 0.5905122807941409 0.5579445749964129 0.5627293813293197 0.624894892900341 0.6319731802947653 0.6093539285903616 0.5888351108557163 0.6217771034490078 0.618412768513541 0.6126889253046474 0.61894901314681 0.6187361932233377 0.5892361032932398 0.603023340193447
0.08149260115450767 0.07853836058027265 0.09124097334928041 0.06669597560650305 0.08132554680671701 0.15389240510388888 0.1545310246732535 0.2058344058780302 0.20022301667480766 0.2504774509253591 0.2898756816901618 0.31864864764428275 0.37884225606457245 0.4249414534300873 0.39259982575479463 0.4219895056549153 0.43764498512253175 0.44432190281431005 0.4586972989723278 0.4788482403924802 0.4747381987156022 0.46273335849718983 0.4351463684268674 0.4459566344336752 0.48743231384095353 0.547216065618433 0.5667017259927845 0.5793720532940219 0.5571275577256476 0.5684062963909003 0.5597623107798276 0.56120228214448 0.6211603357744575 0.6170988816754324 0.586646173735055 0.6168284754327177 0.5824577298744251 0.5964172491238201 0.6050811474295474 0.5982284469123376 0.5945984445013218 0.6030420188669968 0.6406263246820699
0.07184112377957172 0.079887520497872 0.04923724232323798 0.08327217955776833 0.11265057023952255 0.15855182976063517 0.1785105606099525 0.1967657357126968 0.18599558297553234 0.20632248399494005 0.2761700291329415 0.30931497099330246 0.36415021471945275 0.4010951106211817 0.3914727808805883 0.4047524944035875 0.4504672349580829 0.4752557143925275 0.4712516262345762 0.4331087801005648 0.4619884347527851 0.4831102859328515 0.4703443891285836 0.4504850381275956 0.5175995584324179 0.5274546829865436 0.5438185659426104 0.5976043566553453 0.5784689190707608 0.5972628101703944 0.602566924499412 0.5857649265495402 0.5722204578964908 0.5768988486103557 0.6050933923701273 0.5960927392559953 0.6000967813597202 0.5824987357741293 0.6362334269341254 0.6044228836797804 0.6048378571589358 0.6457110909627166 0.6651177750896698
0.05578736070679008 0.06523910978801709 0.07037727584936926 0.09490992035180701 0.09115111182672239 0.09588118103136473 0.1578225395132429 0.16464434541849937 0.16435783126658512 0.20239794679445688 0.23412583970771392 0.2598845849289375 0.36427274180261104 0.3887345642292591 0.43240976411549426 0.43500163964679894 0.44882344348992215 0.4443873479418216 0.41790959380472076 0.41828404499909966 0.4708234149963976 0.46959694455432793 0.4928686277370722 0.46257222080683974 0.5334711638586038 0.5577352060575098 0.5634778262743029 0.5841381325140236 0.6115554701517019 0.6317428502734546 0.6172908771876326 0.633804156883617 0.6046267508014728 0.5600555834304922 0.5641005542938765 0.5591970959785678 0.5771032543486708 0.5943935681437621 0.6506951471820652 0.6510425141984786 0.6427184368197937 0.6610997285938682 0.6553948126866651
0.06773305873019905 0.061290346930359785 0.06785880315552799 0.05863714626201661 0.10067242306698329 0.08492482223850586 0.10513111945760108 0.11302137796955887 0.17209678124034336 0.2019869927590839 0.23310960678721307 0.2958966508808463 0.3510248364483978 0.38496558596874986 0.40590896998955517 0.41823749440516844 0.403494481404537 0.38821257594822195 0.42251524739122237 0.4214864991230435 0.4366705504372556 0.4742421404354328 0.46762516921696673 0.47060256184485205 0.5203453890798239 0.5564713865738041 0.5574681470757068 0.5843949381118971 0.6125361338948068 0.6199465584048203 0.6514101392957209 0.6208993311394657 0.627053513307028 0.586573118409775 0.6263889537438884 0.6242704550548327 0.6112389176326806 0.6043733841921365 0.6297831004611367 0.6519213017219806 0.622349685627296 0.6390077720070984 0.6603018080959366
0.041264717414575006 0.045368492123454264 0.07355538825779964 0.045795045359623504 0.06191817949960458 0.08116583760762668 0.11468087758549916 0.11084582488583772 0.13227078294613953 0.21571017906967305 0.2468223454925365 0.3086054515245671 0.33490688100934407 0.3823051215378592 0.4124016758464118 0.3734415382043529 0.37338982267483994 0.3725444463554086 0.4285281218242646 0.4186197167486856 0.4510958710442783 0.509573786882645 0.5159786134999033 0.48985514399698743 0.5339886039620433 0.5176336645332261 0.5472540078355196 0.596769657101639 0.575603799833132 0.6081734806559326 0.634147262239065 0.6673717681764478 0.661889603635781 0.6345241497179775 0.656937013347605 0.6433488802756323 0.6420096724087063 0.6192544661909287 0.6243339627879263 0.6385295040356501 0.6175393498194947 0.6215318344670115 0.6341399234997591
0.04725457474083505 0.03192608873088112 0.06926614616168891 0.042040790633351616 0.04911416724711041 0.10007326387576657 0.08636197584792525 0.10312629740607535 0.13971092544455285 0.21536543026837834 0.26919583758655713 0.320817016260858 0.32726471236554583 0.3855696337357318 0.39246176792658505 0.35811612924401526 0.40199108118255295 0.3964200883964563 0.4184431987787105 0.43469372313875704 0.4752205415402805 0.4676340925775984 0.4883654218647786 0.5060758262915024 0.5260958483032695 0.5255006606906443 0.5855801451282217 0.6113756949746821 0.5879713211677708 0.6319582567179318 0.6417798752935685 0.6541622967118023 0.6893649992217025 0.6880685931428745 0.6581999411894667 0.685560783164119 0.6814085115550642 0.6585870593022083 0.6219050129076314 0.6248346006886673 0.6010407333605106 0.6002786839193831 0.6082968636638153
0.025575113887866565 0.042332817384318204 0.08426009413561006 0.07210654453970142 0.08756803134952257 0.08198973060398233 0.10806330281475997 0.09745432797311426 0.1460665482194796 0.17822049528895303 0.2540692266533872 0.2943164279436207 0.3473533753840297 0.4278474844351709 0.4093017027861442 0.37153246312371224 0.363474332217333 0.39428262309737405 0.42731170632341164 0.3948364632170654 0.4458063077653931 0.5074666721662199 0.5066875909238787 0.5044162434851595 0.5357703315479041 0.5592422188555655 0.5525013297228943 0.5673755801365298 0.6144533496189154 0.6753824943077198 0.6653233250123921 0.6877794384296546 0.6528205391772838 0.6764134758980778 0.7002117704917388 0.6946582186822354 0.687655940477523 0.659988204959381 0.6389930130128757 0.6141021630644684 0.6043464196995906 0.6256975192817802 0.5732660832524176
0.01781855988311985 0.03725874938975859 0.06937360143035581 0.09761929068118344 0.09400420959025857 0.10647392132204785 0.0911353522071476 0.15084995070918927 0.15734613648089824 0.21107762895679244 0.25144376183181116 0.30112420673311535 0.311922371420427 0.39252384767366183 0.3698951224243933 0.38112800927935986 0.33854564200259607 0.34556763359702175 0.4122283856077542 0.4266957585016152 0.46282677797601185 0.5043562235899993 0.4818908065409744 0.5134738236396651 0.5510644718983374 0.5677019920012981 0.5491896943052926 0.5871684057358896 0.6104861153540028 0.6487085170061774 0.6568462613683359 0.6532115237392951 0.6520071688437595 0.6508650722946056 0.6692659454870645 0.6641672937336695 0.6427779800574606 0.6688632033861067 0.6431827420926143 0.6511401990558202 0.6518799174923489 0.605394709665072 0.5770200305845712
0.06382949764913555 0.08340784612705451 0.05809361643743079 0.0700676037229295 0.08670599280234907 0.13815354609538072 0.16640563030784297 0.15710572434998318 0.20990546479052535 0.2577157943697724 0.283477541573458 0.23876169988577245 0.3012328992677988 0.3600791690479124 0.3550529175788383 0.3525479733794817 0.33744856768309106 0.34640572891962607 0.37918146995159946 0.4290625447198102 0.4383026336150062 0.4591150286785372 0.5141224941885508 0.5570722424477073 0.5815408334666625 0.5803395633055947 0.5406315800089656 0.5691421869779482 0.574752786980001 0.5979306892899755 0.5872447951289304 0.6051206406682685 0.6764076772583174 0.6854617738730245 0.6563350614834002 0.6372618650133277 0.6384387745817265 0.635553055193985 0.6309713563701635 0.6746989345810905 0.6735309027157986 0.6304617090211614 0.592766812806645
