Raster_benchmarking/DGGS/continuous/raster-360.asc
NCOLS 100
NROWS 100
XLLCORNER 1743165.6328560635
YLLCORNER 5469282.737644088
CELLSIZE 10
NODATA_VALUE -9999
[rows 76 to 94 of 100, columns 43 to 85 of 100]
0.9077927409918016 0.8733495005930972 0.8617429730314731 0.8835566709795649 0.883878314163699 0.8789511067742566 0.8382220169977669 0.785549732718921 0.8123007679572122 0.783632360125614 0.8037207523342077 0.8572305216961109 0.821937550759912 0.7999242904968558 0.7695278851970828 0.7928146044987703 0.785793379928894 0.7393376204566992 0.7290512718854454 0.7314223500446263 0.7736922341447968 0.7816319246528812 0.7837093164014068 0.8006702112217756 0.7222359340960834 0.7021909345288379 0.7275108204026572 0.7119068169429131 0.7054233238238141 0.7034536726748153 0.6664548669686711 0.6644738578251354 0.6602352528182427 0.6317381563213903 0.6381638234956711 0.6289324605970588 0.6363088455809163 0.66052341638069 0.6825150244849381 0.744343564416652 0.7796769776969541 0.7859264292977851 0.7752364528183051
0.8748165574989512 0.8469218232555759 0.8599134312717505 0.8695780834892064 0.874302320119237 0.8360621782229506 0.8361604809859499 0.8393498759314663 0.8023607019300129 0.7874730392166014 0.8061424978331364 0.8032383235164908 0.812119660786983 0.8070595581774891 0.7948619539964038 0.7945159434232332 0.7633076288547604 0.7323930041474508 0.7496751413567212 0.7540273322584443 0.733871730903798 0.7357171200107493 0.7492431496335494 0.7207047796281183 0.7005911762516462 0.681952273333487 0.6887050828389104 0.6914513937693813 0.6602653235663752 0.6787522580598759 0.6537874882564804 0.6691978868960643 0.6436414834934823 0.6191393239008235 0.6250512247289969 0.6595373135514201 0.6632922186184613 0.6638670290699812 0.6852681004630111 0.7396637076461453 0.7545373890010312 0.7823395293855762 0.7856310695391948
0.8462205519012483 0.8697663324667005 0.8560197422800404 0.881075470965724 0.8444828619201342 0.8419825698870274 0.851877262785821 0.8584113018131924 0.8605617872302743 0.8405970661981494 0.7904074700870118 0.8028444735267974 0.7999350925540648 0.8222334931823878 0.7723451134896656 0.7421011019388448 0.7529399217896084 0.7304216738830481 0.7418337879487531 0.7615918739469342 0.7463533569504283 0.7092928923364514 0.6868385670186447 0.6933267415204102 0.7133309163359537 0.6920027546274028 0.7021426668333541 0.6797497005755401 0.6577140870896213 0.6322847911082555 0.6140634192347526 0.6393262003730945 0.6105759899559612 0.6096397444661524 0.6313456737153147 0.6453459870150122 0.6492316188540905 0.6249291138394495 0.6903443486271521 0.6935010668184423 0.7036518507531512 0.7257533224871292 0.7488843157963453
0.866498169824035 0.8659089443853923 0.8606032378513722 0.8317372496110168 0.824063308354646 0.7935411483665303 0.8054638917221619 0.8356805523183781 0.8506611326105923 0.8318060382006094 0.802542062761532 0.8219461732040171 0.8075991815913308 0.8014766136056318 0.7635376522316689 0.7755355828741812 0.7370943539180854 0.7455926056510839 0.7521757305026898 0.7314654671216831 0.7244339895042321 0.7037553607324304 0.6879918756723478 0.701936102519217 0.700351483921837 0.6716948552549467 0.6740596385048404 0.6664921489712021 0.6342251964785909 0.6109013866190544 0.6252723243471495 0.6019882676940983 0.6094328649618403 0.5921829241422918 0.6083988034253689 0.6320230735169949 0.6306356486880303 0.6240714790349372 0.6633269705981667 0.6718843969540431 0.6902097797446519 0.720193788027868 0.7293512937037805
0.8533857282998721 0.8534077180740459 0.865713791364001 0.8176233462158027 0.7808315016239181 0.7774366830004394 0.7772902162807986 0.8310300557124102 0.8309988652354328 0.8290035236437924 0.8062441425136129 0.8060031129105584 0.786605270267237 0.783604211409925 0.7407641828946794 0.7740182482790631 0.7543083475473656 0.7336229595529294 0.7426541364635194 0.719653108354359 0.682105887020182 0.6964247991827137 0.7060555398806702 0.7221552833888023 0.7141960590248181 0.7121706603964654 0.6775605385943301 0.6510400715278749 0.6225603944197988 0.6035261711038794 0.6073747533128104 0.570800851547401 0.602100168220659 0.6131209988590042 0.6223907955319848 0.6407330414643189 0.6248827206910912 0.6545100723662063 0.6417079293203891 0.6350506340218218 0.6505782888784973 0.6529715745551413 0.6762845472330081
0.8513672019528583 0.8524911719792473 0.8448574374853869 0.8003878987370018 0.7763408683187976 0.7847196498387329 0.7763304152091283 0.79776072315282 0.822854249367695 0.8255271732768756 0.8188748727955161 0.7728277691286137 0.7531046187521334 0.7343890256726859 0.734426766406101 0.7306719342233271 0.7177388398205574 0.7123295744418069 0.6749646828153696 0.6626638398829708 0.6586503072977377 0.6820558078120484 0.6603773640272803 0.6933152046224205 0.6824014479070458 0.6686744722266902 0.6595463893809804 0.6274016019776508 0.6188047355047386 0.6191921497858187 0.5840064703225459 0.5698947964720241 0.5770060322182112 0.5769569840039975 0.6149015153832913 0.6363565264863276 0.6259147458270461 0.6101641933289615 0.6100237501323797 0.6333460271744537 0.6232743318987506 0.6640791287256878 0.6751241007491461
0.8559218146865744 0.8076194952421336 0.7993986755479862 0.821260694121841 0.7660083698300143 0.7605887316746498 0.7654722728140612 0.8192637611580765 0.8050616658579327 0.806740758771113 0.7661393322669386 0.7676403045762635 0.7103671865260205 0.7088324849609678 0.7071520593977139 0.6859735713967046 0.6847293594364707 0.6732443818498105 0.6272647875984348 0.6224486385841496 0.616323310594131 0.6306008856906453 0.6200313464274736 0.623405634237815 0.6532517001439642 0.6636822340570958 0.6611345585593473 0.6580604281114956 0.6198384715981519 0.5970183040006279 0.5672113827063957 0.5669876991702787 0.5597128143579926 0.5297841897204778 0.5473981535239846 0.5828966147797099 0.621775060249156 0.5995056761401544 0.5959777327088778 0.5972848736232904 0.6201628882937967 0.6344340875316995 0.6209264169301686
0.8352814036412977 0.8259055527740725 0.7752312876247414 0.7556261971620513 0.7658729901845024 0.7506580514095386 0.7701027733327291 0.8037103188710053 0.7819035226354325 0.7989047435864607 0.7445673162627836 0.7322761101512588 0.6896294649569471 0.7051380842074984 0.6831624021030541 0.6661751858346461 0.6385792507327858 0.6439014400563078 0.6228169722566934 0.6217553557339085 0.5817247359205208 0.5926051162465589 0.5797858684073396 0.6080549613500664 0.6167733552213426 0.6449551563308636 0.6301863693242596 0.6021665251252806 0.5698671210465721 0.5626845218846233 0.5444831055962132 0.5181821259949855 0.5331976459882442 0.5387290950913264 0.5471917995351813 0.5379660080979829 0.5846268969377785 0.5881624156506517 0.5749125973540363 0.553704329817961 0.5922730882092074 0.6016669060685291 0.6184245792127889
0.8396465513406898 0.795307339053045 0.779368861718251 0.7387152141616286 0.7866159630761805 0.7891749899694069 0.7801598169577859 0.7921186962107283 0.778437177155646 0.7766953615790253 0.711319341845885 0.694323515214669 0.6875885908661195 0.6516927977810337 0.6534658682170456 0.6343992590078055 0.6161796317060186 0.6105395527200614 0.5860480725453451 0.5861387285079327 0.5791146002484389 0.5565959421780885 0.5372269205844726 0.5475764133672785 0.5809886914596598 0.6326392931378962 0.6112206714113991 0.5866109495298242 0.5719098090076264 0.5343599852829385 0.5434307802800326 0.513837698281322 0.5180584043577321 0.4843307242154041 0.49854784365446486 0.5074678427187141 0.5556151169976086 0.5704587590359547 0.5643195798409871 0.5298878505440865 0.5540094305106923 0.5625641626224711 0.6146295448742047
0.8192278218493059 0.8164916684884699 0.7831004368670061 0.7717515422548535 0.7637147218699053 0.7687522589778454 0.7502658121840989 0.7479620710163154 0.7751018311804837 0.7605364539288751 0.7192030630815113 0.7258680476565657 0.6924183663436408 0.6991434822742791 0.6617707211525494 0.638451443650449 0.6508154354847857 0.6321415893652007 0.6131641482237623 0.5599809095151477 0.5355201309814716 0.5254708724228007 0.5158225534650966 0.5509522843555276 0.5646988784659642 0.5835424064454672 0.5711219632449526 0.5757094406518614 0.5403489172728656 0.5239838900695498 0.5149060635178454 0.5109191008194827 0.526028464229152 0.49611059364638893 0.4707920130403738 0.5110737315244804 0.5383442916419995 0.5410684951054608 0.5119301860108343 0.4914523630830946 0.5131240164233827 0.5363690230856755 0.585906927542848
0.7917590449014051 0.7928236280856595 0.7679272692557326 0.7539167048775256 0.7566090970837647 0.7324763411951298 0.7514608372764218 0.7526133137682842 0.7315837253266285 0.7075639574488285 0.7239499747613121 0.7015855070681499 0.7057837215945925 0.7028662694037705 0.6675556356460406 0.684994692653176 0.6624909429666543 0.6140385957223629 0.6002360870821262 0.5681474652386685 0.5452387187829143 0.5114221077326124 0.5207537077866817 0.5226439160769606 0.5214517328323234 0.5752232828838691 0.5967462346638571 0.582862022940342 0.5309967303110115 0.5437802465672807 0.5152083265864839 0.5480112727581643 0.528789624125189 0.48108310746709443 0.4605647771208094 0.48385369818336443 0.49175642762111466 0.5160034195873191 0.5153562414867541 0.5003582390085365 0.49527252196029303 0.5339700668294991 0.5489264638636288
0.7774267828880892 0.7755337569882292 0.7985797917449524 0.7861873521902892 0.7641038707334291 0.770518194032222 0.7320353592743034 0.7082556639918833 0.702992538846741 0.6932088427416825 0.7256275121337183 0.7062312770994077 0.6989859242293913 0.710894521803069 0.6689863987253474 0.648360333856083 0.6603944987101491 0.6357747125203022 0.6214846177273147 0.5630990649839516 0.5284877725417638 0.5342409687173612 0.513138682567826 0.48642803894724845 0.5132332111569804 0.567335844798177 0.5719426487864134 0.560371862552873 0.5427953875680955 0.5280135428861552 0.5372330509628969 0.4988107158951216 0.4986357242116652 0.4768447781886335 0.47778928850763935 0.5011917947227119 0.5099318421291258 0.5087323665869684 0.48874913349627996 0.47909415915852954 0.5062974014975535 0.49683846543057664 0.5242381403823988
0.7787575578395558 0.794406676585488 0.8012819999001757 0.7685683082461112 0.791059624527357 0.7586946507198712 0.7513137393936021 0.7146419757862668 0.7138023966187061 0.718537928751316 0.7201559922117372 0.7122334938655528 0.6849933428353258 0.701309146879241 0.6775110284608821 0.6744569371651458 0.6583880084207772 0.6294139548496749 0.6003654565802838 0.5973221491793258 0.5509844640942348 0.5012931803375782 0.4749754617228276 0.47560418904122376 0.4991088651879776 0.5433358130155505 0.5392238281577327 0.5407617288926286 0.5284294745553234 0.5668482012711318 0.5326376296051194 0.4952399590799466 0.5008961253067402 0.4934116413387907 0.4761555092095892 0.49683198290202263 0.5014760320944206 0.4709455583284789 0.4725450556746604 0.44443214441650036 0.47096749299368956 0.5091883064549789 0.5213765389855023
0.8037942450917984 0.7895463591307985 0.7988976714626741 0.7708303118539659 0.7822916287082005 0.7385257461775577 0.7431357943973226 0.7373555092066711 0.7045329701062629 0.690098194509553 0.6775646580182325 0.6838207208969712 0.6844624387081579 0.6528477127467771 0.6631462555998383 0.6664089165339807 0.6220262502321476 0.5998391340270326 0.6069300299070753 0.5879941331025151 0.5433680838315325 0.5081643462026242 0.4917247689346004 0.46637244330227656 0.4925839199844069 0.5067008371200289 0.5057841971524755 0.5053786728186906 0.5400601982525505 0.5356114985333549 0.5306511924279206 0.49401650122393936 0.478751391731464 0.4832038165239968 0.48849403821194165 0.5088943579182789 0.4969922842264134 0.4948832025304853 0.4645350404161664 0.4684479758370788 0.45783473813872705 0.5181673581391218 0.5471985850447567
0.8133760801298915 0.8077391295553797 0.7837106128244927 0.7724406477707829 0.7612532870297454 0.7355398189052802 0.7282351965227215 0.7087715576531105 0.7311165219805953 0.6980826261904353 0.6707294529691633 0.6241217213027035 0.635280585496625 0.6177259798124043 0.603686766903958 0.6296221651795381 0.6095570018586467 0.5576518938794108 0.5667457467393449 0.5590064354175442 0.5597991207563561 0.5419859468710034 0.5269966473654645 0.48742448622532897 0.49853226705159753 0.479482722247159 0.5131261316307103 0.5153962595212654 0.5230763877070651 0.5601842117005824 0.5183016751917472 0.4981312791330573 0.48832381825594784 0.4832012642963862 0.48097729974417097 0.4895501153771626 0.5026833483285442 0.49012755345002607 0.4709986954022927 0.4287940153231686 0.46081566217660264 0.51145955863543 0.5500847961718026
0.804241438547742 0.8041400280709314 0.7777392983101152 0.7976558671968508 0.7720915055454675 0.7122873074062231 0.7055246264257846 0.7067376877338527 0.7284443259649963 0.6888541772078798 0.6410689924866028 0.6429765501131979 0.6155370772347571 0.608861754751977 0.5759914105731193 0.5688333380533929 0.5846493614239038 0.5620593188090329 0.5669962000963276 0.5637357481545445 0.526372553719236 0.5164807855599277 0.4956055497070129 0.4582915953828838 0.4684280735254135 0.47525927215654723 0.5209420769594889 0.5233952221458115 0.5582082892004684 0.527426848499351 0.5200067787183152 0.514557320910105 0.5347940297681266 0.5292433792769373 0.49246271533217695 0.5175967427483106 0.5029013281166733 0.46466242112901907 0.42867940564289936 0.45742272985683585 0.4564597011571572 0.478236895241673 0.5223759641368462
0.7895824839130361 0.8209869606663873 0.8039854437536423 0.7792322158510555 0.7328008611825314 0.7121102210707565 0.7088098485811851 0.7354446607845709 0.6847691996268481 0.7034574157353051 0.6352723033363178 0.6268909510917849 0.6285492005015267 0.6012357331698079 0.5757601602617505 0.5326528537665883 0.5572415839052013 0.5484477353426922 0.5080853658244103 0.5157522370788377 0.5077785432293492 0.5037442346301836 0.4827614612707361 0.44088399653297655 0.4391454971508777 0.4671808999159233 0.526154452331379 0.5364313217648154 0.5457032258348763 0.555375635713801 0.5244018497237036 0.5321211846975458 0.5273049295524525 0.5412012622096677 0.5387387181314893 0.5063738225930934 0.49509572383875633 0.466937269563809 0.43801959947047975 0.4212043096038422 0.42593757771149654 0.46799875577225386 0.5243522479347053
0.7727125322180255 0.8039918220015833 0.7876404872301208 0.7624448664074368 0.7395162787353933 0.6940122388538857 0.6728682528951299 0.6888212633640285 0.647844339413016 0.6491394523945259 0.6166515561165542 0.5872909111003943 0.5855654210467963 0.5730973403667537 0.5362605418399466 0.560980744642257 0.5456915502842239 0.493198795468333 0.49676959682572513 0.4853934972691372 0.4800358290796718 0.46745092438885133 0.4750389921478112 0.4710845296750391 0.45942717213772044 0.4976440858738298 0.527143228193664 0.5466964703368183 0.5598459817364476 0.5862018633158256 0.5788116656221106 0.5528167400734529 0.5139609642680139 0.5158672361450626 0.5276423014510158 0.49393299414081693 0.46705454948597547 0.447790098771111 0.4367592713801158 0.40884589207889444 0.4436069309199018 0.48028784702975086 0.5178305677356239
0.769866046900884 0.7520127326664445 0.7535009114050633 0.7195143686886121 0.7091090921215071 0.6685276204571509 0.6555796000598417 0.6293306051482308 0.6384915495923612 0.6061251052874675 0.586305101710084 0.5610326129794739 0.5266865391197784 0.5129536188828939 0.5139930293812802 0.5496484399492465 0.5136639856272852 0.4776052809742397 0.4493286831710463 0.4217614167694485 0.4175612865500092 0.43798193435678145 0.4634779655953558 0.46110261478146636 0.468109685668893 0.5276290248389779 0.5184739438895234 0.5608220306124783 0.5730728022595982 0.5872875771240216 0.5493417839576331 0.5487550965110318 0.539803556419142 0.5000148457156711 0.49711590545975226 0.528232151594984 0.49796234119394633 0.4622134990439666 0.45136141876750335 0.4295361525733821 0.4628453217696545 0.5157723369951924 0.515367669179771
